50.000000 50.000000 50.000000 50.000000 50.000000 50.000000 50.000000 50.000000 50.000000 50.000000 50.000000 50.000000 50.000000 50.000000 50.000000 50.000000 50.000000 50.000000 50.000000 50.000000 50.000000 50.000000 50.000000 50.000000 50.000000 50.000000 50.000000 50.000000 50.000000 50.000000 50.000000 50.000000 50.000000 50.000000 50.000000 50.000000 50.000000 50.000000 50.000000 50.000000 50.000000 50.000000 50.000000 50.000000 50.000000 50.000000 50.000000 50.000000 50.000000 50.000000 
50.000000 48.250575 46.597164 45.119997 43.872051 42.874574 42.119757 41.578558 41.210562 40.973023 40.827310 40.742270 40.694998 40.669939 40.657256 40.651120 40.648279 40.647019 40.646482 40.646263 40.646177 40.646145 40.646133 40.646128 40.646127 40.646127 40.646126 40.646126 40.646126 40.646124 40.646119 40.646105 40.646067 40.645968 40.645721 40.645118 40.643701 40.640482 40.633401 40.618316 40.587118 40.524304 40.400636 40.160967 39.699175 38.801207 36.999805 33.157218 24.125287 0.000000 
50.000000 46.597164 43.381092 40.507845 38.080471 36.140295 34.672127 33.619470 32.903708 32.441695 32.158287 31.992890 31.900950 31.852213 31.827547 31.815613 31.810088 31.807637 31.806594 31.806168 31.806001 31.805937 31.805914 31.805906 31.805904 31.805903 31.805902 31.805902 31.805901 31.805897 31.805888 31.805863 31.805794 31.805616 31.805169 31.804084 31.801541 31.795778 31.783157 31.756412 31.701501 31.592047 31.379626 30.976669 30.225675 28.842217 26.308646 21.690546 13.439945 0.000000 
50.000000 45.119997 40.507845 36.387358 32.906321 30.123993 28.018579 26.509051 25.482654 24.820143 24.413756 24.176594 24.044765 23.974885 23.939518 23.922409 23.914488 23.910974 23.909479 23.908868 23.908628 23.908537 23.908504 23.908493 23.908489 23.908487 23.908487 23.908486 23.908485 23.908481 23.908469 23.908437 23.908350 23.908124 23.907558 23.906191 23.902996 23.895795 23.880120 23.847167 23.780204 23.648556 23.397822 22.934492 22.102613 20.650773 18.193679 14.199199 8.120192 0.000000 
50.000000 43.872051 38.080471 32.906321 28.535183 25.041460 22.397772 20.502352 19.213600 18.381767 17.871531 17.573773 17.408267 17.320538 17.276140 17.254663 17.244719 17.240309 17.238432 17.237665 17.237364 17.237250 17.237209 17.237194 17.237189 17.237187 17.237187 17.237186 17.237185 17.237180 17.237168 17.237133 17.237041 17.236803 17.236208 17.234773 17.231441 17.223973 17.207839 17.174236 17.106767 16.976150 16.732335 16.293604 15.533284 14.267591 12.255549 9.238254 5.070844 0.000000 
50.000000 42.874574 36.140295 30.123993 25.041460 20.979202 17.905364 15.701592 14.203220 13.236114 12.642922 12.296766 12.104364 12.002383 11.950775 11.925810 11.914253 11.909127 11.906946 11.906055 11.905705 11.905572 11.905524 11.905507 11.905502 11.905500 11.905499 11.905498 11.905497 11.905493 11.905481 11.905449 11.905363 11.905141 11.904590 11.903268 11.900213 11.893412 11.878838 11.848789 11.789200 11.675617 11.467703 11.102703 10.489601 9.508176 8.021379 5.914620 3.175398 0.000000 
50.000000 42.119757 34.672127 28.018579 22.397772 17.905364 14.506104 12.069078 10.412156 9.342748 8.686827 8.304079 8.091347 7.978594 7.921537 7.893938 7.881162 7.875495 7.873084 7.872099 7.871712 7.871566 7.871513 7.871494 7.871488 7.871486 7.871485 7.871485 7.871483 7.871480 7.871470 7.871443 7.871370 7.871184 7.870723 7.869623 7.867095 7.861508 7.849635 7.825397 7.777912 7.688731 7.528402 7.253052 6.802661 6.104169 5.084087 3.695457 1.958790 0.000000 
50.000000 41.578558 33.619470 26.509051 20.502352 15.701592 12.069078 9.464879 7.694342 6.551635 5.850778 5.441822 5.214531 5.094066 5.033109 5.003625 4.989976 4.983923 4.981348 4.980296 4.979882 4.979726 4.979669 4.979649 4.979643 4.979640 4.979640 4.979639 4.979638 4.979635 4.979628 4.979607 4.979551 4.979407 4.979054 4.978215 4.976299 4.972092 4.963225 4.945297 4.910575 4.846244 4.732440 4.540675 4.233889 3.770017 3.111229 2.239844 1.177922 0.000000 
50.000000 41.210562 32.903708 25.482654 19.213600 14.203220 10.412156 7.694342 5.846599 4.654092 3.922711 3.495955 3.258779 3.133079 3.069475 3.038712 3.024472 3.018156 3.015469 3.014372 3.013941 3.013778 3.013719 3.013698 3.013691 3.013689 3.013688 3.013687 3.013687 3.013685 3.013679 3.013664 3.013624 3.013522 3.013271 3.012679 3.011334 3.008401 3.002266 2.989974 2.966416 2.923300 2.848099 2.723425 2.527603 2.237450 1.834098 1.311661 0.686258 0.000000 
50.000000 40.973023 32.441695 24.820143 18.381767 13.236114 9.342748 6.551635 4.654092 3.429469 2.678406 2.240177 1.996630 1.867557 1.802248 1.770661 1.756040 1.749556 1.746798 1.745671 1.745228 1.745061 1.745000 1.744979 1.744972 1.744969 1.744968 1.744968 1.744968 1.744966 1.744963 1.744952 1.744926 1.744858 1.744692 1.744303 1.743422 1.741514 1.737552 1.729680 1.714734 1.687676 1.641060 1.564835 1.446914 1.275000 1.039940 0.740194 0.385905 0.000000 
50.000000 40.827310 32.158287 24.413756 17.871531 12.642922 8.686827 5.850778 3.922711 2.678406 1.915285 1.470028 1.222580 1.091443 1.025090 0.992999 0.978145 0.971558 0.968756 0.967611 0.967162 0.966992 0.966930 0.966908 0.966901 0.966899 0.966898 0.966898 0.966897 0.966896 0.966894 0.966888 0.966871 0.966829 0.966726 0.966486 0.965945 0.964781 0.962379 0.957642 0.948726 0.932737 0.905481 0.861430 0.794133 0.697295 0.566589 0.401875 0.208994 0.000000 
50.000000 40.742270 31.992890 24.176594 17.573773 12.296766 8.304079 5.441822 3.495955 2.240177 1.470028 1.020676 0.770956 0.638616 0.571656 0.539272 0.524283 0.517635 0.514808 0.513653 0.513199 0.513028 0.512965 0.512944 0.512936 0.512934 0.512933 0.512933 0.512932 0.512932 0.512931 0.512927 0.512917 0.512892 0.512832 0.512693 0.512380 0.511711 0.510338 0.507649 0.502624 0.493689 0.478597 0.454444 0.417928 0.365935 0.296474 0.209733 0.108869 0.000000 
50.000000 40.694998 31.900950 24.044765 17.408267 12.104364 8.091347 5.214531 3.258779 1.996630 1.222580 0.770956 0.519975 0.386968 0.319672 0.287125 0.272061 0.265380 0.262539 0.261378 0.260922 0.260750 0.260687 0.260665 0.260658 0.260655 0.260655 0.260654 0.260654 0.260654 0.260653 0.260651 0.260646 0.260632 0.260599 0.260522 0.260352 0.259987 0.259245 0.257799 0.255115 0.250378 0.242439 0.229839 0.210953 0.184294 0.148970 0.105172 0.054517 0.000000 
50.000000 40.669939 31.852213 23.974885 17.320538 12.002383 7.978594 5.094066 3.133079 1.867557 1.091443 0.638616 0.386968 0.253610 0.186135 0.153502 0.138398 0.131701 0.128851 0.127688 0.127231 0.127058 0.126995 0.126973 0.126966 0.126963 0.126962 0.126962 0.126962 0.126962 0.126961 0.126960 0.126958 0.126950 0.126933 0.126893 0.126805 0.126617 0.126236 0.125497 0.124135 0.121745 0.117767 0.111499 0.102171 0.089097 0.071888 0.050673 0.026238 0.000000 
50.000000 40.657256 31.827547 23.939518 17.276140 11.950775 7.921537 5.033109 3.069475 1.802248 1.025090 0.571656 0.319672 0.186135 0.118571 0.085895 0.070771 0.064064 0.061212 0.060046 0.059589 0.059416 0.059353 0.059331 0.059323 0.059321 0.059320 0.059320 0.059320 0.059320 0.059319 0.059319 0.059318 0.059314 0.059305 0.059286 0.059242 0.059150 0.058964 0.058605 0.057946 0.056796 0.054894 0.051914 0.047507 0.041367 0.033328 0.023462 0.012138 0.000000 
50.000000 40.651120 31.815613 23.922409 17.254663 11.925810 7.893938 5.003625 3.038712 1.770661 0.992999 0.539272 0.287125 0.153502 0.085895 0.053198 0.038065 0.031353 0.028499 0.027333 0.026875 0.026702 0.026639 0.026617 0.026609 0.026607 0.026606 0.026606 0.026606 0.026606 0.026606 0.026605 0.026605 0.026603 0.026599 0.026590 0.026569 0.026526 0.026439 0.026273 0.025969 0.025440 0.024570 0.023215 0.021220 0.018455 0.014851 0.010444 0.005399 0.000000 
50.000000 40.648279 31.810088 23.914488 17.244719 11.914253 7.881162 4.989976 3.024472 1.756040 0.978145 0.524283 0.272061 0.138398 0.070771 0.038065 0.022927 0.016214 0.013358 0.012192 0.011734 0.011561 0.011498 0.011476 0.011468 0.011466 0.011465 0.011465 0.011465 0.011465 0.011464 0.011464 0.011464 0.011463 0.011461 0.011457 0.011448 0.011429 0.011390 0.011316 0.011182 0.010950 0.010569 0.009978 0.009112 0.007916 0.006364 0.004472 0.002311 0.000000 
50.000000 40.647019 31.807637 23.910974 17.240309 11.909127 7.875495 4.983923 3.018156 1.749556 0.971558 0.517635 0.265380 0.131701 0.064064 0.031353 0.016214 0.009500 0.006644 0.005477 0.005019 0.004846 0.004783 0.004761 0.004754 0.004751 0.004750 0.004750 0.004750 0.004750 0.004750 0.004750 0.004750 0.004750 0.004749 0.004747 0.004743 0.004735 0.004718 0.004687 0.004630 0.004532 0.004372 0.004125 0.003764 0.003267 0.002624 0.001843 0.000952 0.000000 
50.000000 40.646482 31.806594 23.909479 17.238432 11.906946 7.873084 4.981348 3.015469 1.746798 0.968756 0.514808 0.262539 0.128851 0.061212 0.028499 0.013358 0.006644 0.003788 0.002621 0.002163 0.001990 0.001927 0.001905 0.001898 0.001895 0.001894 0.001894 0.001894 0.001894 0.001894 0.001894 0.001894 0.001894 0.001893 0.001893 0.001891 0.001888 0.001881 0.001868 0.001845 0.001805 0.001741 0.001641 0.001497 0.001298 0.001042 0.000731 0.000378 0.000000 
50.000000 40.646263 31.806168 23.908868 17.237665 11.906055 7.872099 4.980296 3.014372 1.745671 0.967611 0.513653 0.261378 0.127688 0.060046 0.027333 0.012192 0.005477 0.002621 0.001455 0.000997 0.000824 0.000761 0.000738 0.000731 0.000728 0.000728 0.000727 0.000727 0.000727 0.000727 0.000727 0.000727 0.000727 0.000727 0.000727 0.000726 0.000725 0.000722 0.000717 0.000708 0.000693 0.000668 0.000629 0.000574 0.000497 0.000399 0.000280 0.000144 0.000000 
50.000000 40.646177 31.806001 23.908628 17.237364 11.905705 7.871712 4.979882 3.013941 1.745228 0.967162 0.513199 0.260922 0.127231 0.059589 0.026875 0.011734 0.005019 0.002163 0.000997 0.000539 0.000365 0.000302 0.000280 0.000273 0.000270 0.000270 0.000269 0.000269 0.000269 0.000269 0.000269 0.000269 0.000269 0.000269 0.000269 0.000269 0.000268 0.000267 0.000265 0.000262 0.000256 0.000247 0.000233 0.000212 0.000184 0.000147 0.000103 0.000053 0.000000 
50.000000 40.646145 31.805937 23.908537 17.237250 11.905572 7.871566 4.979726 3.013778 1.745061 0.966992 0.513028 0.260750 0.127058 0.059416 0.026702 0.011561 0.004846 0.001990 0.000824 0.000365 0.000192 0.000129 0.000107 0.000100 0.000097 0.000097 0.000096 0.000096 0.000096 0.000096 0.000096 0.000096 0.000096 0.000096 0.000096 0.000096 0.000096 0.000095 0.000095 0.000094 0.000092 0.000088 0.000083 0.000076 0.000065 0.000052 0.000037 0.000019 0.000000 
50.000000 40.646133 31.805914 23.908504 17.237209 11.905524 7.871513 4.979669 3.013719 1.745000 0.966930 0.512966 0.260687 0.126995 0.059353 0.026639 0.011498 0.004783 0.001927 0.000761 0.000303 0.000129 0.000066 0.000044 0.000037 0.000034 0.000034 0.000033 0.000033 0.000033 0.000033 0.000033 0.000033 0.000033 0.000033 0.000033 0.000033 0.000033 0.000033 0.000033 0.000032 0.000032 0.000030 0.000029 0.000026 0.000023 0.000018 0.000013 0.000007 0.000000 
50.000000 40.646129 31.805906 23.908493 17.237194 11.905508 7.871495 4.979650 3.013698 1.744979 0.966909 0.512944 0.260666 0.126973 0.059331 0.026617 0.011476 0.004761 0.001905 0.000739 0.000281 0.000108 0.000045 0.000022 0.000015 0.000012 0.000012 0.000011 0.000011 0.000011 0.000011 0.000011 0.000011 0.000011 0.000011 0.000011 0.000011 0.000011 0.000011 0.000011 0.000011 0.000011 0.000010 0.000010 0.000009 0.000008 0.000006 0.000004 0.000002 0.000000 
50.000000 40.646127 31.805904 23.908489 17.237190 11.905502 7.871489 4.979644 3.013692 1.744973 0.966902 0.512937 0.260659 0.126967 0.059324 0.026610 0.011469 0.004755 0.001899 0.000732 0.000274 0.000101 0.000038 0.000016 0.000008 0.000006 0.000005 0.000005 0.000005 0.000005 0.000005 0.000005 0.000005 0.000005 0.000005 0.000005 0.000005 0.000005 0.000005 0.000005 0.000005 0.000004 0.000004 0.000004 0.000004 0.000003 0.000003 0.000002 0.000001 0.000000 
50.000000 40.646127 31.805904 23.908489 17.237190 11.905502 7.871489 4.979644 3.013692 1.744973 0.966902 0.512937 0.260659 0.126967 0.059324 0.026610 0.011469 0.004755 0.001899 0.000732 0.000274 0.000101 0.000038 0.000016 0.000008 0.000006 0.000005 0.000005 0.000005 0.000005 0.000005 0.000005 0.000005 0.000005 0.000005 0.000005 0.000005 0.000005 0.000005 0.000005 0.000005 0.000004 0.000004 0.000004 0.000004 0.000003 0.000003 0.000002 0.000001 0.000000 
50.000000 40.646129 31.805906 23.908493 17.237194 11.905508 7.871495 4.979650 3.013698 1.744979 0.966909 0.512944 0.260666 0.126973 0.059331 0.026617 0.011476 0.004761 0.001905 0.000739 0.000281 0.000108 0.000045 0.000022 0.000015 0.000012 0.000012 0.000011 0.000011 0.000011 0.000011 0.000011 0.000011 0.000011 0.000011 0.000011 0.000011 0.000011 0.000011 0.000011 0.000011 0.000011 0.000010 0.000010 0.000009 0.000008 0.000006 0.000004 0.000002 0.000000 
50.000000 40.646133 31.805914 23.908504 17.237209 11.905524 7.871513 4.979669 3.013719 1.745000 0.966930 0.512966 0.260687 0.126995 0.059353 0.026639 0.011498 0.004783 0.001927 0.000761 0.000303 0.000129 0.000066 0.000044 0.000037 0.000034 0.000034 0.000033 0.000033 0.000033 0.000033 0.000033 0.000033 0.000033 0.000033 0.000033 0.000033 0.000033 0.000033 0.000033 0.000032 0.000032 0.000030 0.000029 0.000026 0.000023 0.000018 0.000013 0.000007 0.000000 
50.000000 40.646145 31.805937 23.908537 17.237250 11.905572 7.871566 4.979726 3.013778 1.745061 0.966992 0.513028 0.260750 0.127058 0.059416 0.026702 0.011561 0.004846 0.001990 0.000824 0.000365 0.000192 0.000129 0.000107 0.000100 0.000097 0.000097 0.000096 0.000096 0.000096 0.000096 0.000096 0.000096 0.000096 0.000096 0.000096 0.000096 0.000096 0.000095 0.000095 0.000094 0.000092 0.000088 0.000083 0.000076 0.000065 0.000052 0.000037 0.000019 0.000000 
50.000000 40.646177 31.806001 23.908628 17.237364 11.905705 7.871712 4.979882 3.013941 1.745228 0.967162 0.513199 0.260922 0.127231 0.059589 0.026875 0.011734 0.005019 0.002163 0.000997 0.000539 0.000365 0.000302 0.000280 0.000273 0.000270 0.000270 0.000269 0.000269 0.000269 0.000269 0.000269 0.000269 0.000269 0.000269 0.000269 0.000269 0.000268 0.000267 0.000265 0.000262 0.000256 0.000247 0.000233 0.000212 0.000184 0.000147 0.000103 0.000053 0.000000 
50.000000 40.646263 31.806168 23.908868 17.237665 11.906055 7.872099 4.980296 3.014372 1.745671 0.967611 0.513653 0.261378 0.127688 0.060046 0.027333 0.012192 0.005477 0.002621 0.001455 0.000997 0.000824 0.000761 0.000738 0.000731 0.000728 0.000728 0.000727 0.000727 0.000727 0.000727 0.000727 0.000727 0.000727 0.000727 0.000727 0.000726 0.000725 0.000722 0.000717 0.000708 0.000693 0.000668 0.000629 0.000574 0.000497 0.000399 0.000280 0.000144 0.000000 
50.000000 40.646482 31.806594 23.909479 17.238432 11.906946 7.873084 4.981348 3.015469 1.746798 0.968756 0.514808 0.262539 0.128851 0.061212 0.028499 0.013358 0.006644 0.003788 0.002621 0.002163 0.001990 0.001927 0.001905 0.001898 0.001895 0.001894 0.001894 0.001894 0.001894 0.001894 0.001894 0.001894 0.001894 0.001893 0.001893 0.001891 0.001888 0.001881 0.001868 0.001845 0.001805 0.001741 0.001641 0.001497 0.001298 0.001042 0.000731 0.000378 0.000000 
50.000000 40.647019 31.807637 23.910974 17.240309 11.909127 7.875495 4.983923 3.018156 1.749556 0.971558 0.517635 0.265380 0.131701 0.064064 0.031353 0.016214 0.009500 0.006644 0.005477 0.005019 0.004846 0.004783 0.004761 0.004754 0.004751 0.004750 0.004750 0.004750 0.004750 0.004750 0.004750 0.004750 0.004750 0.004749 0.004747 0.004743 0.004735 0.004718 0.004687 0.004630 0.004532 0.004372 0.004125 0.003764 0.003267 0.002624 0.001843 0.000952 0.000000 
50.000000 40.648279 31.810088 23.914488 17.244719 11.914253 7.881162 4.989976 3.024472 1.756040 0.978145 0.524283 0.272061 0.138398 0.070771 0.038065 0.022927 0.016214 0.013358 0.012192 0.011734 0.011561 0.011498 0.011476 0.011468 0.011466 0.011465 0.011465 0.011465 0.011465 0.011464 0.011464 0.011464 0.011463 0.011461 0.011457 0.011448 0.011429 0.011390 0.011316 0.011182 0.010950 0.010569 0.009978 0.009112 0.007916 0.006364 0.004472 0.002311 0.000000 
50.000000 40.651120 31.815613 23.922409 17.254663 11.925810 7.893938 5.003625 3.038712 1.770661 0.992999 0.539272 0.287125 0.153502 0.085895 0.053198 0.038065 0.031353 0.028499 0.027333 0.026875 0.026702 0.026639 0.026617 0.026609 0.026607 0.026606 0.026606 0.026606 0.026606 0.026606 0.026605 0.026605 0.026603 0.026599 0.026590 0.026569 0.026526 0.026439 0.026273 0.025969 0.025440 0.024570 0.023215 0.021220 0.018455 0.014851 0.010444 0.005399 0.000000 
50.000000 40.657256 31.827547 23.939518 17.276140 11.950775 7.921537 5.033109 3.069475 1.802248 1.025090 0.571656 0.319672 0.186135 0.118571 0.085895 0.070771 0.064064 0.061212 0.060046 0.059589 0.059416 0.059353 0.059331 0.059323 0.059321 0.059320 0.059320 0.059320 0.059320 0.059319 0.059319 0.059318 0.059314 0.059305 0.059286 0.059242 0.059150 0.058964 0.058605 0.057946 0.056796 0.054894 0.051914 0.047507 0.041367 0.033328 0.023462 0.012138 0.000000 
50.000000 40.669939 31.852213 23.974885 17.320538 12.002383 7.978594 5.094066 3.133079 1.867557 1.091443 0.638616 0.386968 0.253610 0.186135 0.153502 0.138398 0.131701 0.128851 0.127688 0.127231 0.127058 0.126995 0.126973 0.126966 0.126963 0.126962 0.126962 0.126962 0.126962 0.126961 0.126960 0.126958 0.126950 0.126933 0.126893 0.126805 0.126617 0.126236 0.125497 0.124135 0.121745 0.117767 0.111499 0.102171 0.089097 0.071888 0.050673 0.026238 0.000000 
50.000000 40.694998 31.900950 24.044765 17.408267 12.104364 8.091347 5.214531 3.258779 1.996630 1.222580 0.770956 0.519975 0.386968 0.319672 0.287125 0.272061 0.265380 0.262539 0.261378 0.260922 0.260750 0.260687 0.260665 0.260658 0.260655 0.260655 0.260654 0.260654 0.260654 0.260653 0.260651 0.260646 0.260632 0.260599 0.260522 0.260352 0.259987 0.259245 0.257799 0.255115 0.250378 0.242439 0.229839 0.210953 0.184294 0.148970 0.105172 0.054517 0.000000 
50.000000 40.742270 31.992890 24.176594 17.573773 12.296766 8.304079 5.441822 3.495955 2.240177 1.470028 1.020676 0.770956 0.638616 0.571656 0.539272 0.524283 0.517635 0.514808 0.513653 0.513199 0.513028 0.512965 0.512944 0.512936 0.512934 0.512933 0.512933 0.512932 0.512932 0.512931 0.512927 0.512917 0.512892 0.512832 0.512693 0.512380 0.511711 0.510338 0.507649 0.502624 0.493689 0.478597 0.454444 0.417928 0.365935 0.296474 0.209733 0.108869 0.000000 
50.000000 40.827310 32.158287 24.413756 17.871531 12.642922 8.686827 5.850778 3.922711 2.678406 1.915285 1.470028 1.222580 1.091443 1.025090 0.992999 0.978145 0.971558 0.968756 0.967611 0.967162 0.966992 0.966930 0.966908 0.966901 0.966899 0.966898 0.966898 0.966897 0.966896 0.966894 0.966888 0.966871 0.966829 0.966726 0.966486 0.965945 0.964781 0.962379 0.957642 0.948726 0.932737 0.905481 0.861430 0.794133 0.697295 0.566589 0.401875 0.208994 0.000000 
50.000000 40.973023 32.441695 24.820143 18.381767 13.236114 9.342748 6.551635 4.654092 3.429469 2.678406 2.240177 1.996630 1.867557 1.802248 1.770661 1.756040 1.749556 1.746798 1.745671 1.745228 1.745061 1.745000 1.744979 1.744972 1.744969 1.744968 1.744968 1.744968 1.744966 1.744963 1.744952 1.744926 1.744858 1.744692 1.744303 1.743422 1.741514 1.737552 1.729680 1.714734 1.687676 1.641060 1.564835 1.446914 1.275000 1.039940 0.740194 0.385905 0.000000 
50.000000 41.210562 32.903708 25.482654 19.213600 14.203220 10.412156 7.694342 5.846599 4.654092 3.922711 3.495955 3.258779 3.133079 3.069475 3.038712 3.024472 3.018156 3.015469 3.014372 3.013941 3.013778 3.013719 3.013698 3.013691 3.013689 3.013688 3.013687 3.013687 3.013685 3.013679 3.013664 3.013624 3.013522 3.013271 3.012679 3.011334 3.008401 3.002266 2.989974 2.966416 2.923300 2.848099 2.723425 2.527603 2.237450 1.834098 1.311661 0.686258 0.000000 
50.000000 41.578558 33.619470 26.509051 20.502352 15.701592 12.069078 9.464879 7.694342 6.551635 5.850778 5.441822 5.214531 5.094066 5.033109 5.003625 4.989976 4.983923 4.981348 4.980296 4.979882 4.979726 4.979669 4.979649 4.979643 4.979640 4.979640 4.979639 4.979638 4.979635 4.979628 4.979607 4.979551 4.979407 4.979054 4.978215 4.976299 4.972092 4.963225 4.945297 4.910575 4.846244 4.732440 4.540675 4.233889 3.770017 3.111229 2.239844 1.177922 0.000000 
50.000000 42.119757 34.672127 28.018579 22.397772 17.905364 14.506104 12.069078 10.412156 9.342748 8.686827 8.304079 8.091347 7.978594 7.921537 7.893938 7.881162 7.875495 7.873084 7.872099 7.871712 7.871566 7.871513 7.871494 7.871488 7.871486 7.871485 7.871485 7.871483 7.871480 7.871470 7.871443 7.871370 7.871184 7.870723 7.869623 7.867095 7.861508 7.849635 7.825397 7.777912 7.688731 7.528402 7.253052 6.802661 6.104169 5.084087 3.695457 1.958790 0.000000 
50.000000 42.874574 36.140295 30.123993 25.041460 20.979202 17.905364 15.701592 14.203220 13.236114 12.642922 12.296766 12.104364 12.002383 11.950775 11.925810 11.914253 11.909127 11.906946 11.906055 11.905705 11.905572 11.905524 11.905507 11.905502 11.905500 11.905499 11.905498 11.905497 11.905493 11.905481 11.905449 11.905363 11.905141 11.904590 11.903268 11.900213 11.893412 11.878838 11.848789 11.789200 11.675617 11.467703 11.102703 10.489601 9.508176 8.021379 5.914620 3.175398 0.000000 
50.000000 43.872051 38.080471 32.906321 28.535183 25.041460 22.397772 20.502352 19.213600 18.381767 17.871531 17.573773 17.408267 17.320538 17.276140 17.254663 17.244719 17.240309 17.238432 17.237665 17.237364 17.237250 17.237209 17.237194 17.237189 17.237187 17.237187 17.237186 17.237185 17.237180 17.237168 17.237133 17.237041 17.236803 17.236208 17.234773 17.231441 17.223973 17.207839 17.174236 17.106767 16.976150 16.732335 16.293604 15.533284 14.267591 12.255549 9.238254 5.070844 0.000000 
50.000000 45.119997 40.507845 36.387358 32.906321 30.123993 28.018579 26.509051 25.482654 24.820143 24.413756 24.176594 24.044765 23.974885 23.939518 23.922409 23.914488 23.910974 23.909479 23.908868 23.908628 23.908537 23.908504 23.908493 23.908489 23.908487 23.908487 23.908486 23.908485 23.908481 23.908469 23.908437 23.908350 23.908124 23.907558 23.906191 23.902996 23.895795 23.880120 23.847167 23.780204 23.648556 23.397822 22.934492 22.102613 20.650773 18.193679 14.199199 8.120192 0.000000 
50.000000 46.597164 43.381092 40.507845 38.080471 36.140295 34.672127 33.619470 32.903708 32.441695 32.158287 31.992890 31.900950 31.852213 31.827547 31.815613 31.810088 31.807637 31.806594 31.806168 31.806001 31.805937 31.805914 31.805906 31.805904 31.805903 31.805902 31.805902 31.805901 31.805897 31.805888 31.805863 31.805794 31.805616 31.805169 31.804084 31.801541 31.795778 31.783157 31.756412 31.701501 31.592047 31.379626 30.976669 30.225675 28.842217 26.308646 21.690546 13.439945 0.000000 
50.000000 48.250575 46.597164 45.119997 43.872051 42.874574 42.119757 41.578558 41.210562 40.973023 40.827310 40.742270 40.694998 40.669939 40.657256 40.651120 40.648279 40.647019 40.646482 40.646263 40.646177 40.646145 40.646133 40.646128 40.646127 40.646127 40.646126 40.646126 40.646126 40.646124 40.646119 40.646105 40.646067 40.645968 40.645721 40.645118 40.643701 40.640482 40.633401 40.618316 40.587118 40.524304 40.400636 40.160967 39.699175 38.801207 36.999805 33.157218 24.125287 0.000000 
50.000000 50.000000 50.000000 50.000000 50.000000 50.000000 50.000000 50.000000 50.000000 50.000000 50.000000 50.000000 50.000000 50.000000 50.000000 50.000000 50.000000 50.000000 50.000000 50.000000 50.000000 50.000000 50.000000 50.000000 50.000000 50.000000 50.000000 50.000000 50.000000 50.000000 50.000000 50.000000 50.000000 50.000000 50.000000 50.000000 50.000000 50.000000 50.000000 50.000000 50.000000 50.000000 50.000000 50.000000 50.000000 50.000000 50.000000 50.000000 50.000000 50.000000 
