50.000000 50.000000 50.000000 50.000000 50.000000 50.000000 50.000000 50.000000 50.000000 50.000000 50.000000 50.000000 50.000000 50.000000 50.000000 50.000000 50.000000 50.000000 50.000000 50.000000 50.000000 50.000000 50.000000 50.000000 50.000000 50.000000 50.000000 50.000000 50.000000 50.000000 50.000000 50.000000 50.000000 50.000000 50.000000 50.000000 50.000000 50.000000 50.000000 50.000000 50.000000 50.000000 50.000000 50.000000 50.000000 50.000000 50.000000 50.000000 50.000000 50.000000 
50.000000 48.665583 47.387051 46.213276 45.180566 44.309623 43.605340 43.059069 42.652482 42.361953 42.162546 42.031008 41.947567 41.896635 41.866700 41.849748 41.840493 41.835617 41.833138 41.831920 41.831341 41.831075 41.830957 41.830905 41.830884 41.830875 41.830870 41.830866 41.830859 41.830841 41.830800 41.830704 41.830488 41.830016 41.829011 41.826929 41.822726 41.814462 41.798602 41.768850 41.714163 41.615323 41.438794 41.125004 40.563983 39.539295 37.583641 33.562192 24.332792 0.000000 
50.000000 47.387051 44.883534 42.585146 40.562986 38.857588 37.478532 36.408885 35.612756 35.043881 34.653431 34.395874 34.232495 34.132768 34.074156 34.040966 34.022844 34.013298 34.008444 34.006058 34.004925 34.004405 34.004173 34.004073 34.004031 34.004013 34.004005 34.003997 34.003983 34.003950 34.003873 34.003695 34.003296 34.002424 34.000569 33.996734 33.989015 33.973880 33.944953 33.890974 33.792454 33.616125 33.305597 32.765091 31.829975 30.211409 27.391671 22.441767 13.824859 0.000000 
50.000000 46.213276 42.585146 39.254300 36.323777 33.852319 31.853807 30.303699 29.149975 28.325589 27.759773 27.386541 27.149787 27.005276 26.920343 26.872248 26.845990 26.832158 26.825124 26.821668 26.820026 26.819271 26.818936 26.818791 26.818730 26.818705 26.818692 26.818682 26.818663 26.818619 26.818517 26.818283 26.817756 26.816608 26.814173 26.809155 26.799091 26.779457 26.742156 26.673095 26.548333 26.328073 25.947374 25.301870 24.226182 22.463067 19.627150 15.193475 8.629635 0.000000 
50.000000 45.180566 40.562986 36.323777 32.594080 29.448660 26.905177 24.932390 23.464089 22.414935 21.694860 21.219882 20.918591 20.734690 20.626609 20.565407 20.531994 20.514393 20.505442 20.501045 20.498956 20.497996 20.497569 20.497384 20.497307 20.497275 20.497260 20.497247 20.497226 20.497177 20.497063 20.496800 20.496213 20.494936 20.492238 20.486698 20.475645 20.454210 20.413793 20.339665 20.207349 19.977355 19.587835 18.944928 17.911428 16.297040 13.860709 10.351577 5.641271 0.000000 
50.000000 44.309623 38.857588 33.852319 29.448660 25.734884 22.731839 20.402629 18.669071 17.430400 16.580265 16.019506 15.663808 15.446703 15.319110 15.246861 15.207417 15.186641 15.176075 15.170884 15.168418 15.167285 15.166781 15.166564 15.166473 15.166435 15.166417 15.166404 15.166382 15.166333 15.166219 15.165957 15.165372 15.164106 15.161440 15.155991 15.145181 15.124359 15.085424 15.014740 14.890162 14.677032 14.323227 13.753873 12.867442 11.537232 9.626136 7.027613 3.745640 0.000000 
50.000000 43.605340 37.478532 31.853807 26.905177 22.731839 19.357213 16.739830 14.791820 13.399938 12.444666 11.814568 11.414897 11.170956 11.027596 10.946420 10.902104 10.878761 10.866891 10.861060 10.858290 10.857017 10.856451 10.856207 10.856104 10.856062 10.856043 10.856029 10.856009 10.855964 10.855859 10.855619 10.855087 10.853937 10.851528 10.846629 10.836968 10.818493 10.784242 10.722703 10.615600 10.435150 10.141133 9.678607 8.977966 7.960249 6.551937 4.713442 2.480336 0.000000 
50.000000 43.059069 36.408885 30.303699 24.932390 20.402629 16.739830 13.898970 11.784664 10.273984 9.237196 8.553342 8.119582 7.854841 7.699260 7.611167 7.563075 7.537745 7.524864 7.518536 7.515531 7.514150 7.513535 7.513271 7.513160 7.513114 7.513094 7.513081 7.513063 7.513024 7.512935 7.512732 7.512282 7.511313 7.509294 7.505209 7.497202 7.482000 7.454058 7.404359 7.318894 7.176932 6.949485 6.598697 6.079401 5.344556 4.356325 3.103289 1.620275 0.000000 
50.000000 42.652482 35.612756 29.149975 23.464089 18.669071 14.791820 11.784664 9.546620 7.947551 6.850120 6.126279 5.667163 5.386952 5.222284 5.129047 5.078149 5.051341 5.037709 5.031012 5.027832 5.026370 5.025720 5.025440 5.025323 5.025275 5.025254 5.025242 5.025227 5.025196 5.025125 5.024963 5.024607 5.023843 5.022258 5.019069 5.012856 5.001144 4.979792 4.942177 4.878206 4.773310 4.607732 4.356670 3.992039 3.486734 2.821902 1.996631 1.037159 0.000000 
50.000000 42.361953 35.043881 28.325589 22.414935 17.430400 13.399938 10.273984 7.947551 6.285351 5.144608 4.392211 3.914992 3.623737 3.452581 3.355674 3.302772 3.274910 3.260743 3.253783 3.250477 3.248959 3.248283 3.247992 3.247870 3.247820 3.247799 3.247788 3.247776 3.247752 3.247699 3.247578 3.247312 3.246745 3.245573 3.243227 3.238684 3.230176 3.214786 3.187914 3.142675 3.069345 2.955090 2.784338 2.540238 2.207586 1.777255 1.251427 0.647790 0.000000 
50.000000 42.162546 34.653431 27.759773 21.694860 16.580265 12.444666 9.237196 6.850120 5.144608 3.974155 3.202173 2.712538 2.413710 2.238107 2.138683 2.084409 2.055824 2.041290 2.034150 2.030759 2.029201 2.028508 2.028209 2.028084 2.028033 2.028013 2.028002 2.027993 2.027975 2.027937 2.027852 2.027664 2.027265 2.026445 2.024811 2.021663 2.015808 2.005291 1.987077 1.956693 1.907943 1.832836 1.721963 1.565526 1.355195 1.086677 0.762457 0.393696 0.000000 
50.000000 42.031008 34.395874 27.386541 21.219882 16.019506 11.814568 8.553342 6.126279 4.392211 3.202173 2.417281 1.919464 1.615646 1.437113 1.336031 1.280853 1.251793 1.237017 1.229758 1.226311 1.224727 1.224022 1.223719 1.223592 1.223540 1.223520 1.223510 1.223503 1.223491 1.223465 1.223407 1.223281 1.223015 1.222469 1.221387 1.219314 1.215481 1.208641 1.196882 1.177425 1.146486 1.099285 1.030327 0.934082 0.806089 0.644385 0.450921 0.232406 0.000000 
50.000000 41.947567 34.232495 27.149787 20.918591 15.663808 11.414897 8.119582 5.667163 3.914992 2.712538 1.919464 1.416461 1.109481 0.929092 0.826960 0.771209 0.741848 0.726919 0.719585 0.716102 0.714502 0.713791 0.713484 0.713356 0.713304 0.713283 0.713274 0.713268 0.713260 0.713243 0.713206 0.713126 0.712956 0.712610 0.711927 0.710625 0.708230 0.703983 0.696730 0.684815 0.666018 0.637582 0.596403 0.539449 0.464381 0.370331 0.258614 0.133105 0.000000 
50.000000 41.896635 34.132768 27.005276 20.734690 15.446703 11.170956 7.854841 5.386952 3.623737 2.413710 1.615646 1.109481 0.800574 0.619053 0.516282 0.460182 0.430637 0.415615 0.408236 0.404731 0.403121 0.402405 0.402096 0.401968 0.401915 0.401894 0.401886 0.401881 0.401876 0.401865 0.401843 0.401794 0.401690 0.401481 0.401069 0.400287 0.398856 0.396332 0.392046 0.385053 0.374096 0.357639 0.333988 0.301522 0.259044 0.206185 0.143754 0.073908 0.000000 
50.000000 41.866700 34.074156 26.920343 20.626609 15.319110 11.027596 7.699260 5.222284 3.452581 2.238107 1.437113 0.929092 0.619053 0.436869 0.333722 0.277418 0.247765 0.232688 0.225282 0.221765 0.220149 0.219430 0.219121 0.218991 0.218939 0.218918 0.218910 0.218906 0.218902 0.218896 0.218883 0.218854 0.218794 0.218672 0.218434 0.217984 0.217165 0.215726 0.213296 0.209354 0.203215 0.194051 0.180966 0.163119 0.139911 0.111189 0.077422 0.039771 0.000000 
50.000000 41.849748 34.040966 26.872248 20.565407 15.246861 10.946420 7.611167 5.129047 3.355674 2.138683 1.336031 0.826960 0.516282 0.333722 0.230363 0.173943 0.144230 0.129122 0.121701 0.118177 0.116557 0.115837 0.115527 0.115397 0.115345 0.115324 0.115316 0.115312 0.115310 0.115306 0.115299 0.115283 0.115249 0.115181 0.115049 0.114801 0.114350 0.113562 0.112238 0.110100 0.106789 0.101873 0.094892 0.085422 0.073169 0.058075 0.040396 0.020737 0.000000 
50.000000 41.840493 34.022844 26.845990 20.531994 15.207417 10.902104 7.563075 5.078149 3.302772 2.084409 1.280853 0.771209 0.460182 0.277418 0.173943 0.117460 0.087714 0.072590 0.065160 0.061632 0.060011 0.059290 0.058979 0.058850 0.058797 0.058776 0.058768 0.058765 0.058763 0.058761 0.058757 0.058748 0.058730 0.058694 0.058624 0.058492 0.058253 0.057838 0.057143 0.056027 0.054305 0.051762 0.048166 0.043312 0.037057 0.029382 0.020420 0.010477 0.000000 
50.000000 41.835617 34.013298 26.832158 20.514393 15.186641 10.878761 7.537745 5.051341 3.274910 2.055824 1.251793 0.741848 0.430637 0.247765 0.144230 0.087714 0.057950 0.042817 0.035383 0.031853 0.030231 0.029510 0.029199 0.029069 0.029016 0.028996 0.028988 0.028985 0.028983 0.028982 0.028980 0.028975 0.028966 0.028947 0.028911 0.028844 0.028722 0.028512 0.028160 0.027598 0.026734 0.025463 0.023675 0.021268 0.018180 0.014402 0.010002 0.005129 0.000000 
50.000000 41.833138 34.008444 26.825124 20.505442 15.176075 10.866891 7.524864 5.037709 3.260743 2.041290 1.237017 0.726919 0.415615 0.232688 0.129122 0.072590 0.042817 0.027679 0.020243 0.016712 0.015089 0.014368 0.014057 0.013927 0.013875 0.013854 0.013846 0.013843 0.013842 0.013841 0.013840 0.013837 0.013833 0.013824 0.013806 0.013773 0.013713 0.013610 0.013438 0.013165 0.012746 0.012133 0.011272 0.010118 0.008642 0.006841 0.004748 0.002434 0.000000 
50.000000 41.831920 34.006058 26.821668 20.501045 15.170884 10.861060 7.518536 5.031013 3.253783 2.034150 1.229758 0.719585 0.408236 0.225282 0.121701 0.065160 0.035383 0.020243 0.012806 0.009274 0.007652 0.006930 0.006619 0.006489 0.006437 0.006416 0.006408 0.006405 0.006404 0.006403 0.006403 0.006402 0.006399 0.006395 0.006387 0.006371 0.006342 0.006294 0.006213 0.006084 0.005888 0.005602 0.005201 0.004666 0.003982 0.003150 0.002186 0.001120 0.000000 
50.000000 41.831341 34.004925 26.820026 20.498956 15.168419 10.858290 7.515531 5.027832 3.250478 2.030759 1.226311 0.716103 0.404732 0.221766 0.118177 0.061632 0.031853 0.016712 0.009275 0.005743 0.004120 0.003398 0.003087 0.002957 0.002905 0.002884 0.002876 0.002873 0.002872 0.002872 0.002871 0.002871 0.002870 0.002868 0.002864 0.002857 0.002844 0.002821 0.002784 0.002726 0.002637 0.002508 0.002327 0.002086 0.001780 0.001407 0.000976 0.000500 0.000000 
50.000000 41.831075 34.004405 26.819272 20.497997 15.167287 10.857018 7.514151 5.026372 3.248960 2.029202 1.224728 0.714504 0.403123 0.220151 0.116559 0.060012 0.030233 0.015091 0.007653 0.004121 0.002498 0.001776 0.001465 0.001336 0.001283 0.001262 0.001254 0.001251 0.001250 0.001250 0.001250 0.001249 0.001249 0.001248 0.001246 0.001243 0.001237 0.001228 0.001211 0.001186 0.001146 0.001090 0.001011 0.000906 0.000772 0.000610 0.000423 0.000217 0.000000 
50.000000 41.830957 34.004174 26.818938 20.497571 15.166785 10.856454 7.513539 5.025724 3.248287 2.028512 1.224027 0.713795 0.402409 0.219435 0.115842 0.059294 0.029514 0.014372 0.006934 0.003402 0.001779 0.001058 0.000747 0.000617 0.000564 0.000543 0.000536 0.000533 0.000532 0.000531 0.000531 0.000531 0.000531 0.000530 0.000530 0.000528 0.000526 0.000521 0.000514 0.000503 0.000487 0.000462 0.000429 0.000384 0.000327 0.000258 0.000179 0.000092 0.000000 
50.000000 41.830908 34.004077 26.818797 20.497392 15.166573 10.856217 7.513281 5.025451 3.248004 2.028221 1.223731 0.713496 0.402109 0.219133 0.115539 0.058992 0.029211 0.014069 0.006631 0.003099 0.001476 0.000755 0.000444 0.000314 0.000261 0.000240 0.000233 0.000230 0.000229 0.000228 0.000228 0.000228 0.000228 0.000228 0.000227 0.000227 0.000226 0.000224 0.000221 0.000216 0.000209 0.000198 0.000184 0.000164 0.000140 0.000111 0.000077 0.000039 0.000000 
50.000000 41.830890 34.004042 26.818746 20.497327 15.166497 10.856131 7.513188 5.025353 3.247901 2.028116 1.223625 0.713389 0.402000 0.219024 0.115430 0.058883 0.029102 0.013960 0.006522 0.002990 0.001367 0.000645 0.000334 0.000205 0.000152 0.000131 0.000123 0.000120 0.000119 0.000119 0.000119 0.000119 0.000119 0.000119 0.000118 0.000118 0.000118 0.000117 0.000115 0.000112 0.000109 0.000103 0.000096 0.000086 0.000073 0.000058 0.000040 0.000020 0.000000 
50.000000 41.830890 34.004042 26.818746 20.497327 15.166497 10.856131 7.513188 5.025353 3.247901 2.028116 1.223625 0.713389 0.402000 0.219024 0.115430 0.058883 0.029102 0.013960 0.006522 0.002990 0.001367 0.000645 0.000334 0.000205 0.000152 0.000131 0.000123 0.000120 0.000119 0.000119 0.000119 0.000119 0.000119 0.000119 0.000118 0.000118 0.000118 0.000117 0.000115 0.000112 0.000109 0.000103 0.000096 0.000086 0.000073 0.000058 0.000040 0.000020 0.000000 
50.000000 41.830908 34.004077 26.818797 20.497392 15.166573 10.856217 7.513281 5.025451 3.248004 2.028221 1.223731 0.713496 0.402109 0.219133 0.115539 0.058992 0.029211 0.014069 0.006631 0.003099 0.001476 0.000755 0.000444 0.000314 0.000261 0.000240 0.000233 0.000230 0.000229 0.000228 0.000228 0.000228 0.000228 0.000228 0.000227 0.000227 0.000226 0.000224 0.000221 0.000216 0.000209 0.000198 0.000184 0.000164 0.000140 0.000111 0.000077 0.000039 0.000000 
50.000000 41.830957 34.004174 26.818938 20.497571 15.166785 10.856454 7.513539 5.025724 3.248287 2.028512 1.224027 0.713795 0.402409 0.219435 0.115842 0.059294 0.029514 0.014372 0.006934 0.003402 0.001779 0.001058 0.000747 0.000617 0.000564 0.000543 0.000536 0.000533 0.000532 0.000531 0.000531 0.000531 0.000531 0.000530 0.000530 0.000528 0.000526 0.000521 0.000514 0.000503 0.000487 0.000462 0.000429 0.000384 0.000327 0.000258 0.000179 0.000092 0.000000 
50.000000 41.831075 34.004405 26.819272 20.497997 15.167287 10.857018 7.514151 5.026372 3.248960 2.029202 1.224728 0.714504 0.403123 0.220151 0.116559 0.060012 0.030233 0.015091 0.007653 0.004121 0.002498 0.001776 0.001465 0.001336 0.001283 0.001262 0.001254 0.001251 0.001250 0.001250 0.001250 0.001249 0.001249 0.001248 0.001246 0.001243 0.001237 0.001228 0.001211 0.001186 0.001146 0.001090 0.001011 0.000906 0.000772 0.000610 0.000423 0.000217 0.000000 
50.000000 41.831341 34.004925 26.820026 20.498956 15.168419 10.858290 7.515531 5.027832 3.250478 2.030759 1.226311 0.716103 0.404732 0.221766 0.118177 0.061632 0.031853 0.016712 0.009275 0.005743 0.004120 0.003398 0.003087 0.002957 0.002905 0.002884 0.002876 0.002873 0.002872 0.002872 0.002871 0.002871 0.002870 0.002868 0.002864 0.002857 0.002844 0.002821 0.002784 0.002726 0.002637 0.002508 0.002327 0.002086 0.001780 0.001407 0.000976 0.000500 0.000000 
50.000000 41.831920 34.006058 26.821668 20.501045 15.170884 10.861060 7.518536 5.031013 3.253783 2.034150 1.229758 0.719585 0.408236 0.225282 0.121701 0.065160 0.035383 0.020243 0.012806 0.009274 0.007652 0.006930 0.006619 0.006489 0.006437 0.006416 0.006408 0.006405 0.006404 0.006403 0.006403 0.006402 0.006399 0.006395 0.006387 0.006371 0.006342 0.006294 0.006213 0.006084 0.005888 0.005602 0.005201 0.004666 0.003982 0.003150 0.002186 0.001120 0.000000 
50.000000 41.833138 34.008444 26.825124 20.505442 15.176075 10.866891 7.524864 5.037709 3.260743 2.041290 1.237017 0.726919 0.415615 0.232688 0.129122 0.072590 0.042817 0.027679 0.020243 0.016712 0.015089 0.014368 0.014057 0.013927 0.013875 0.013854 0.013846 0.013843 0.013842 0.013841 0.013840 0.013837 0.013833 0.013824 0.013806 0.013773 0.013713 0.013610 0.013438 0.013165 0.012746 0.012133 0.011272 0.010118 0.008642 0.006841 0.004748 0.002434 0.000000 
50.000000 41.835617 34.013298 26.832158 20.514393 15.186641 10.878761 7.537745 5.051341 3.274910 2.055824 1.251793 0.741848 0.430637 0.247765 0.144230 0.087714 0.057950 0.042817 0.035383 0.031853 0.030231 0.029510 0.029199 0.029069 0.029016 0.028996 0.028988 0.028985 0.028983 0.028982 0.028980 0.028975 0.028966 0.028947 0.028911 0.028844 0.028722 0.028512 0.028160 0.027598 0.026734 0.025463 0.023675 0.021268 0.018180 0.014402 0.010002 0.005129 0.000000 
50.000000 41.840493 34.022844 26.845990 20.531994 15.207417 10.902104 7.563075 5.078149 3.302772 2.084409 1.280853 0.771209 0.460182 0.277418 0.173943 0.117460 0.087714 0.072590 0.065160 0.061632 0.060011 0.059290 0.058979 0.058850 0.058797 0.058776 0.058768 0.058765 0.058763 0.058761 0.058757 0.058748 0.058730 0.058694 0.058624 0.058492 0.058253 0.057838 0.057143 0.056027 0.054305 0.051762 0.048166 0.043312 0.037057 0.029382 0.020420 0.010477 0.000000 
50.000000 41.849748 34.040966 26.872248 20.565407 15.246861 10.946420 7.611167 5.129047 3.355674 2.138683 1.336031 0.826960 0.516282 0.333722 0.230363 0.173943 0.144230 0.129122 0.121701 0.118177 0.116557 0.115837 0.115527 0.115397 0.115345 0.115324 0.115316 0.115312 0.115310 0.115306 0.115299 0.115283 0.115249 0.115181 0.115049 0.114801 0.114350 0.113562 0.112238 0.110100 0.106789 0.101873 0.094892 0.085422 0.073169 0.058075 0.040396 0.020737 0.000000 
50.000000 41.866700 34.074156 26.920343 20.626609 15.319110 11.027596 7.699260 5.222284 3.452581 2.238107 1.437113 0.929092 0.619053 0.436869 0.333722 0.277418 0.247765 0.232688 0.225282 0.221765 0.220149 0.219430 0.219121 0.218991 0.218939 0.218918 0.218910 0.218906 0.218902 0.218896 0.218883 0.218854 0.218794 0.218672 0.218434 0.217984 0.217165 0.215726 0.213296 0.209354 0.203215 0.194051 0.180966 0.163119 0.139911 0.111189 0.077422 0.039771 0.000000 
50.000000 41.896635 34.132768 27.005276 20.734690 15.446703 11.170956 7.854841 5.386952 3.623737 2.413710 1.615646 1.109481 0.800574 0.619053 0.516282 0.460182 0.430637 0.415615 0.408236 0.404731 0.403121 0.402405 0.402096 0.401968 0.401915 0.401894 0.401886 0.401881 0.401876 0.401865 0.401843 0.401794 0.401690 0.401481 0.401069 0.400287 0.398856 0.396332 0.392046 0.385053 0.374096 0.357639 0.333988 0.301522 0.259044 0.206185 0.143754 0.073908 0.000000 
50.000000 41.947567 34.232495 27.149787 20.918591 15.663808 11.414897 8.119582 5.667163 3.914992 2.712538 1.919464 1.416461 1.109481 0.929092 0.826960 0.771209 0.741848 0.726919 0.719585 0.716102 0.714502 0.713791 0.713484 0.713356 0.713304 0.713283 0.713274 0.713268 0.713260 0.713243 0.713206 0.713126 0.712956 0.712610 0.711927 0.710625 0.708230 0.703983 0.696730 0.684815 0.666018 0.637582 0.596403 0.539449 0.464381 0.370331 0.258614 0.133105 0.000000 
50.000000 42.031008 34.395874 27.386541 21.219882 16.019506 11.814568 8.553342 6.126279 4.392211 3.202173 2.417281 1.919464 1.615646 1.437113 1.336031 1.280853 1.251793 1.237017 1.229758 1.226311 1.224727 1.224022 1.223719 1.223592 1.223540 1.223520 1.223510 1.223503 1.223491 1.223465 1.223407 1.223281 1.223015 1.222469 1.221387 1.219314 1.215481 1.208641 1.196882 1.177425 1.146486 1.099285 1.030327 0.934082 0.806089 0.644385 0.450921 0.232406 0.000000 
50.000000 42.162546 34.653431 27.759773 21.694860 16.580265 12.444666 9.237196 6.850120 5.144608 3.974155 3.202173 2.712538 2.413710 2.238107 2.138683 2.084409 2.055824 2.041290 2.034150 2.030759 2.029201 2.028508 2.028209 2.028084 2.028033 2.028013 2.028002 2.027993 2.027975 2.027937 2.027852 2.027664 2.027265 2.026445 2.024811 2.021663 2.015808 2.005291 1.987077 1.956693 1.907943 1.832836 1.721963 1.565526 1.355195 1.086677 0.762457 0.393696 0.000000 
50.000000 42.361953 35.043881 28.325589 22.414935 17.430400 13.399938 10.273984 7.947551 6.285351 5.144608 4.392211 3.914992 3.623737 3.452581 3.355674 3.302772 3.274910 3.260743 3.253783 3.250477 3.248959 3.248283 3.247992 3.247870 3.247820 3.247799 3.247788 3.247776 3.247752 3.247699 3.247578 3.247312 3.246745 3.245573 3.243227 3.238684 3.230176 3.214786 3.187914 3.142675 3.069345 2.955090 2.784338 2.540238 2.207586 1.777255 1.251427 0.647790 0.000000 
50.000000 42.652482 35.612756 29.149975 23.464089 18.669071 14.791820 11.784664 9.546620 7.947551 6.850120 6.126279 5.667163 5.386952 5.222284 5.129047 5.078149 5.051341 5.037709 5.031012 5.027832 5.026370 5.025720 5.025440 5.025323 5.025275 5.025254 5.025242 5.025227 5.025196 5.025125 5.024963 5.024607 5.023843 5.022258 5.019069 5.012856 5.001144 4.979792 4.942177 4.878206 4.773310 4.607732 4.356670 3.992039 3.486734 2.821902 1.996631 1.037159 0.000000 
50.000000 43.059069 36.408885 30.303699 24.932390 20.402629 16.739830 13.898970 11.784664 10.273984 9.237196 8.553342 8.119582 7.854841 7.699260 7.611167 7.563075 7.537745 7.524864 7.518536 7.515531 7.514150 7.513535 7.513271 7.513160 7.513114 7.513094 7.513081 7.513063 7.513024 7.512935 7.512732 7.512282 7.511313 7.509294 7.505209 7.497202 7.482000 7.454058 7.404359 7.318894 7.176932 6.949485 6.598697 6.079401 5.344556 4.356325 3.103289 1.620275 0.000000 
50.000000 43.605340 37.478532 31.853807 26.905177 22.731839 19.357213 16.739830 14.791820 13.399938 12.444666 11.814568 11.414897 11.170956 11.027596 10.946420 10.902104 10.878761 10.866891 10.861060 10.858290 10.857017 10.856451 10.856207 10.856104 10.856062 10.856043 10.856029 10.856009 10.855964 10.855859 10.855619 10.855087 10.853937 10.851528 10.846629 10.836968 10.818493 10.784242 10.722703 10.615600 10.435150 10.141133 9.678607 8.977966 7.960249 6.551937 4.713442 2.480336 0.000000 
50.000000 44.309623 38.857588 33.852319 29.448660 25.734884 22.731839 20.402629 18.669071 17.430400 16.580265 16.019506 15.663808 15.446703 15.319110 15.246861 15.207417 15.186641 15.176075 15.170884 15.168418 15.167285 15.166781 15.166564 15.166473 15.166435 15.166417 15.166404 15.166382 15.166333 15.166219 15.165957 15.165372 15.164106 15.161440 15.155991 15.145181 15.124359 15.085424 15.014740 14.890162 14.677032 14.323227 13.753873 12.867442 11.537232 9.626136 7.027613 3.745640 0.000000 
50.000000 45.180566 40.562986 36.323777 32.594080 29.448660 26.905177 24.932390 23.464089 22.414935 21.694860 21.219882 20.918591 20.734690 20.626609 20.565407 20.531994 20.514393 20.505442 20.501045 20.498956 20.497996 20.497569 20.497384 20.497307 20.497275 20.497260 20.497247 20.497226 20.497177 20.497063 20.496800 20.496213 20.494936 20.492238 20.486698 20.475645 20.454210 20.413793 20.339665 20.207349 19.977355 19.587835 18.944928 17.911428 16.297040 13.860709 10.351577 5.641271 0.000000 
50.000000 46.213276 42.585146 39.254300 36.323777 33.852319 31.853807 30.303699 29.149975 28.325589 27.759773 27.386541 27.149787 27.005276 26.920343 26.872248 26.845990 26.832158 26.825124 26.821668 26.820026 26.819271 26.818936 26.818791 26.818730 26.818705 26.818692 26.818682 26.818663 26.818619 26.818517 26.818283 26.817756 26.816608 26.814173 26.809155 26.799091 26.779457 26.742156 26.673095 26.548333 26.328073 25.947374 25.301870 24.226182 22.463067 19.627150 15.193475 8.629635 0.000000 
50.000000 47.387051 44.883534 42.585146 40.562986 38.857588 37.478532 36.408885 35.612756 35.043881 34.653431 34.395874 34.232495 34.132768 34.074156 34.040966 34.022844 34.013298 34.008444 34.006058 34.004925 34.004405 34.004173 34.004073 34.004031 34.004013 34.004005 34.003997 34.003983 34.003950 34.003873 34.003695 34.003296 34.002424 34.000569 33.996734 33.989015 33.973880 33.944953 33.890974 33.792454 33.616125 33.305597 32.765091 31.829975 30.211409 27.391671 22.441767 13.824859 0.000000 
50.000000 48.665583 47.387051 46.213276 45.180566 44.309623 43.605340 43.059069 42.652482 42.361953 42.162546 42.031008 41.947567 41.896635 41.866700 41.849748 41.840493 41.835617 41.833138 41.831920 41.831341 41.831075 41.830957 41.830905 41.830884 41.830875 41.830870 41.830866 41.830859 41.830841 41.830800 41.830704 41.830488 41.830016 41.829011 41.826929 41.822726 41.814462 41.798602 41.768850 41.714163 41.615323 41.438794 41.125004 40.563983 39.539295 37.583641 33.562192 24.332792 0.000000 
50.000000 50.000000 50.000000 50.000000 50.000000 50.000000 50.000000 50.000000 50.000000 50.000000 50.000000 50.000000 50.000000 50.000000 50.000000 50.000000 50.000000 50.000000 50.000000 50.000000 50.000000 50.000000 50.000000 50.000000 50.000000 50.000000 50.000000 50.000000 50.000000 50.000000 50.000000 50.000000 50.000000 50.000000 50.000000 50.000000 50.000000 50.000000 50.000000 50.000000 50.000000 50.000000 50.000000 50.000000 50.000000 50.000000 50.000000 50.000000 50.000000 50.000000 
