50.000000 50.000000 50.000000 50.000000 50.000000 50.000000 50.000000 50.000000 50.000000 50.000000 50.000000 50.000000 50.000000 50.000000 50.000000 50.000000 50.000000 50.000000 50.000000 50.000000 50.000000 50.000000 50.000000 50.000000 50.000000 50.000000 50.000000 50.000000 50.000000 50.000000 50.000000 50.000000 50.000000 50.000000 50.000000 50.000000 50.000000 50.000000 50.000000 50.000000 50.000000 50.000000 50.000000 50.000000 50.000000 50.000000 50.000000 50.000000 50.000000 50.000000 
50.000000 48.355395 46.795652 45.392514 44.194863 43.224513 42.477831 41.931769 41.551950 41.300466 41.141817 41.046367 40.991544 40.961452 40.945652 40.937706 40.933876 40.932105 40.931317 40.930981 40.930843 40.930788 40.930767 40.930759 40.930756 40.930755 40.930755 40.930754 40.930753 40.930750 40.930742 40.930719 40.930661 40.930516 40.930165 40.929345 40.927489 40.923417 40.914758 40.896882 40.860976 40.790599 40.655366 40.398886 39.913885 38.985508 37.146324 33.259250 24.177697 0.000000 
50.000000 46.795652 43.756653 41.022791 38.689309 36.798706 35.343902 34.279988 33.539977 33.050010 32.740918 32.554957 32.448149 32.389525 32.358743 32.343264 32.335803 32.332351 32.330818 32.330162 32.329893 32.329786 32.329745 32.329730 32.329725 32.329723 32.329722 32.329721 32.329719 32.329713 32.329698 32.329657 32.329551 32.329287 32.328651 32.327167 32.323814 32.316483 32.300958 32.269077 32.205503 32.082130 31.848427 31.414534 30.620827 29.181406 26.578302 21.878326 13.536402 0.000000 
50.000000 45.392514 41.022791 37.091838 33.736603 31.018194 28.926423 27.396708 26.332723 25.628263 25.183867 24.916508 24.762952 24.678671 24.634417 24.612166 24.601440 24.596478 24.594274 24.593332 24.592944 24.592791 24.592732 24.592711 24.592703 24.592700 24.592699 24.592698 24.592695 24.592688 24.592668 24.592615 24.592479 24.592142 24.591329 24.589440 24.585189 24.575940 24.556473 24.516812 24.438536 24.288710 24.010181 23.506445 22.618777 21.093838 18.545919 14.444489 8.246190 0.000000 
50.000000 44.194863 38.689309 33.736603 29.509297 26.084375 23.448991 21.521763 20.181316 19.293831 18.733990 18.397186 18.203750 18.097582 18.041839 18.013812 18.000302 17.994053 17.991276 17.990090 17.989602 17.989409 17.989335 17.989308 17.989298 17.989294 17.989293 17.989292 17.989289 17.989281 17.989259 17.989203 17.989057 17.988696 17.987829 17.985822 17.981329 17.971611 17.951310 17.910337 17.830435 17.679841 17.405477 16.922334 16.100692 14.754649 12.642765 9.507902 5.209355 0.000000 
50.000000 43.224513 36.798706 31.018194 26.084375 22.087095 19.011346 16.762126 15.197758 14.162044 13.508716 13.115680 12.889955 12.766071 12.701028 12.668325 12.652562 12.645272 12.642032 12.640648 12.640079 12.639854 12.639767 12.639736 12.639724 12.639720 12.639719 12.639717 12.639715 12.639707 12.639687 12.639633 12.639494 12.639153 12.638337 12.636456 12.632269 12.623273 12.604634 12.567393 12.495671 12.362591 12.124859 11.716509 11.043548 9.983683 8.399417 6.177879 3.310628 0.000000 
50.000000 42.477831 35.343902 28.926423 23.448991 19.011346 15.596809 13.099891 11.363284 10.213565 9.488342 9.052069 8.801521 8.664017 8.591826 8.555531 8.538038 8.529947 8.526352 8.524816 8.524185 8.523934 8.523839 8.523803 8.523791 8.523786 8.523785 8.523784 8.523781 8.523775 8.523757 8.523710 8.523592 8.523299 8.522603 8.521007 8.517475 8.509939 8.494456 8.463832 8.405573 8.299076 8.112262 7.798404 7.294836 6.526657 5.419978 3.929368 2.078945 0.000000 
50.000000 41.931769 34.279988 27.396708 21.521763 16.762126 13.099891 10.421892 8.559381 7.326338 6.548577 6.080711 5.812028 5.664576 5.587165 5.548247 5.529490 5.520815 5.516961 5.515315 5.514638 5.514370 5.514267 5.514229 5.514216 5.514211 5.514209 5.514208 5.514206 5.514201 5.514187 5.514150 5.514056 5.513826 5.513281 5.512036 5.509297 5.503495 5.491671 5.468513 5.424965 5.346448 5.210946 4.987629 4.637267 4.116286 3.386527 2.431560 1.276404 0.000000 
50.000000 41.551950 33.539977 26.332723 20.181316 15.197758 11.363284 8.559381 6.609345 5.318384 4.504109 4.014291 3.733009 3.578648 3.497612 3.456873 3.437239 3.428159 3.424125 3.422402 3.421693 3.421412 3.421305 3.421266 3.421251 3.421247 3.421245 3.421244 3.421242 3.421238 3.421228 3.421201 3.421132 3.420964 3.420567 3.419666 3.417694 3.413546 3.405159 3.388883 3.358599 3.304672 3.212933 3.064208 2.835167 2.501475 2.044013 1.457847 0.761351 0.000000 
50.000000 41.300466 33.050010 25.628263 19.293831 14.162044 10.213565 7.326338 5.318384 3.989104 3.150676 2.646340 2.356727 2.197799 2.114367 2.072424 2.052211 2.042863 2.038710 2.036936 2.036207 2.035918 2.035808 2.035767 2.035753 2.035748 2.035746 2.035745 2.035744 2.035741 2.035734 2.035715 2.035668 2.035553 2.035283 2.034673 2.033347 2.030573 2.025006 2.014292 1.994552 1.959784 1.901373 1.807992 1.666373 1.463396 1.189727 0.844508 0.439490 0.000000 
50.000000 41.141817 32.740918 25.183867 18.733990 13.508716 9.488342 6.548577 4.504109 3.150676 2.297028 1.783544 1.488684 1.326879 1.241939 1.199239 1.178661 1.169145 1.164917 1.163111 1.162369 1.162075 1.161962 1.161921 1.161906 1.161901 1.161899 1.161898 1.161898 1.161896 1.161891 1.161879 1.161849 1.161775 1.161603 1.161215 1.160375 1.158631 1.155154 1.148514 1.136384 1.115227 1.080064 1.024511 0.941322 0.823653 0.667055 0.471842 0.244935 0.000000 
50.000000 41.046367 32.554957 24.916508 18.397186 13.115680 9.052069 6.080711 4.014291 2.646340 1.783544 1.264564 0.966552 0.803019 0.717174 0.674019 0.653223 0.643606 0.639333 0.637508 0.636758 0.636461 0.636347 0.636306 0.636291 0.636285 0.636284 0.636283 0.636282 0.636281 0.636279 0.636271 0.636253 0.636208 0.636104 0.635871 0.635370 0.634334 0.632282 0.628390 0.621334 0.609132 0.589040 0.557613 0.511045 0.445876 0.360035 0.254000 0.131609 0.000000 
50.000000 40.991544 32.448149 24.762952 18.203750 12.889955 8.801521 5.812028 3.733009 2.356727 1.488684 0.966552 0.666733 0.502210 0.415846 0.372431 0.351509 0.341834 0.337536 0.335700 0.334946 0.334647 0.334532 0.334490 0.334475 0.334470 0.334468 0.334468 0.334467 0.334467 0.334465 0.334461 0.334450 0.334425 0.334365 0.334233 0.333950 0.333366 0.332218 0.330053 0.326155 0.319463 0.308533 0.291581 0.266682 0.232139 0.187012 0.131667 0.068127 0.000000 
50.000000 40.961452 32.389525 24.678671 18.097582 12.766071 8.664017 5.664576 3.578648 2.197799 1.326879 0.803019 0.502210 0.337145 0.250497 0.206939 0.185949 0.176242 0.171930 0.170089 0.169331 0.169031 0.168917 0.168875 0.168859 0.168854 0.168853 0.168852 0.168852 0.168851 0.168850 0.168848 0.168842 0.168828 0.168796 0.168725 0.168572 0.168261 0.167649 0.166503 0.164452 0.160954 0.155280 0.146542 0.133802 0.116254 0.093481 0.065711 0.033963 0.000000 
50.000000 40.945652 32.358743 24.634417 18.041839 12.701028 8.591826 5.587165 3.497612 2.114367 1.241939 0.717174 0.415846 0.250497 0.163699 0.120067 0.099041 0.089318 0.084999 0.083154 0.082395 0.082095 0.081980 0.081938 0.081923 0.081918 0.081916 0.081915 0.081915 0.081915 0.081914 0.081913 0.081910 0.081903 0.081886 0.081850 0.081772 0.081613 0.081302 0.080724 0.079694 0.077947 0.075130 0.070819 0.064571 0.056017 0.044977 0.031576 0.016306 0.000000 
50.000000 40.937706 32.343264 24.612166 18.013812 12.668325 8.555531 5.548247 3.456873 2.072424 1.199239 0.674019 0.372431 0.206939 0.120067 0.076398 0.055354 0.045622 0.041299 0.039453 0.038694 0.038393 0.038278 0.038236 0.038221 0.038216 0.038214 0.038213 0.038213 0.038213 0.038213 0.038212 0.038211 0.038207 0.038199 0.038181 0.038143 0.038065 0.037915 0.037636 0.037141 0.036306 0.034967 0.032927 0.029988 0.025982 0.020836 0.014613 0.007541 0.000000 
50.000000 40.933876 32.335803 24.601440 18.000302 12.652562 8.538038 5.529490 3.437239 2.052211 1.178661 0.653223 0.351509 0.185949 0.099041 0.055354 0.034301 0.024566 0.020241 0.018394 0.017634 0.017334 0.017219 0.017176 0.017161 0.017156 0.017154 0.017154 0.017154 0.017153 0.017153 0.017153 0.017152 0.017151 0.017147 0.017138 0.017121 0.017085 0.017015 0.016886 0.016658 0.016276 0.015665 0.014739 0.013409 0.011606 0.009298 0.006516 0.003361 0.000000 
50.000000 40.932105 32.332351 24.596478 17.994053 12.645272 8.529947 5.520815 3.428159 2.042863 1.169145 0.643606 0.341834 0.176242 0.089318 0.045622 0.024566 0.014828 0.010503 0.008655 0.007896 0.007595 0.007480 0.007438 0.007423 0.007417 0.007416 0.007415 0.007415 0.007415 0.007415 0.007415 0.007414 0.007413 0.007412 0.007408 0.007400 0.007384 0.007353 0.007296 0.007195 0.007027 0.006759 0.006355 0.005777 0.004996 0.003999 0.002800 0.001444 0.000000 
50.000000 40.931317 32.330818 24.594274 17.991276 12.642032 8.526352 5.516961 3.424125 2.038710 1.164917 0.639333 0.337536 0.171930 0.084999 0.041299 0.020241 0.010503 0.006177 0.004329 0.003570 0.003269 0.003154 0.003111 0.003096 0.003091 0.003089 0.003089 0.003089 0.003089 0.003089 0.003089 0.003088 0.003088 0.003087 0.003086 0.003082 0.003075 0.003062 0.003038 0.002995 0.002924 0.002811 0.002642 0.002400 0.002074 0.001659 0.001161 0.000598 0.000000 
50.000000 40.930981 32.330162 24.593332 17.990090 12.640648 8.524816 5.515315 3.422402 2.036936 1.163111 0.637508 0.335700 0.170089 0.083154 0.039453 0.018394 0.008655 0.004329 0.002482 0.001722 0.001421 0.001306 0.001264 0.001249 0.001243 0.001242 0.001241 0.001241 0.001241 0.001241 0.001241 0.001241 0.001241 0.001240 0.001240 0.001238 0.001235 0.001230 0.001220 0.001203 0.001174 0.001128 0.001059 0.000962 0.000830 0.000664 0.000464 0.000239 0.000000 
50.000000 40.930843 32.329893 24.592944 17.989602 12.640079 8.524185 5.514638 3.421693 2.036207 1.162369 0.636758 0.334946 0.169331 0.082395 0.038694 0.017634 0.007896 0.003570 0.001722 0.000962 0.000661 0.000546 0.000504 0.000489 0.000484 0.000482 0.000481 0.000481 0.000481 0.000481 0.000481 0.000481 0.000481 0.000481 0.000481 0.000480 0.000479 0.000477 0.000473 0.000466 0.000455 0.000437 0.000410 0.000372 0.000321 0.000257 0.000179 0.000092 0.000000 
50.000000 40.930788 32.329786 24.592791 17.989409 12.639854 8.523934 5.514370 3.421412 2.035918 1.162075 0.636461 0.334647 0.169031 0.082095 0.038393 0.017334 0.007595 0.003269 0.001421 0.000661 0.000360 0.000245 0.000203 0.000188 0.000183 0.000181 0.000180 0.000180 0.000180 0.000180 0.000180 0.000180 0.000180 0.000180 0.000180 0.000180 0.000179 0.000179 0.000177 0.000174 0.000170 0.000163 0.000153 0.000139 0.000120 0.000096 0.000067 0.000034 0.000000 
50.000000 40.930767 32.329745 24.592732 17.989335 12.639768 8.523839 5.514267 3.421305 2.035808 1.161963 0.636348 0.334533 0.168917 0.081980 0.038278 0.017219 0.007480 0.003154 0.001306 0.000547 0.000246 0.000131 0.000088 0.000073 0.000068 0.000066 0.000066 0.000066 0.000065 0.000065 0.000065 0.000065 0.000065 0.000065 0.000065 0.000065 0.000065 0.000065 0.000064 0.000063 0.000062 0.000059 0.000056 0.000050 0.000043 0.000035 0.000024 0.000012 0.000000 
50.000000 40.930759 32.329730 24.592711 17.989308 12.639736 8.523804 5.514230 3.421266 2.035768 1.161922 0.636306 0.334491 0.168875 0.081939 0.038237 0.017177 0.007438 0.003112 0.001264 0.000505 0.000204 0.000089 0.000046 0.000031 0.000026 0.000024 0.000024 0.000024 0.000024 0.000024 0.000024 0.000024 0.000024 0.000024 0.000024 0.000024 0.000024 0.000023 0.000023 0.000023 0.000022 0.000021 0.000020 0.000018 0.000016 0.000013 0.000009 0.000004 0.000000 
50.000000 40.930757 32.329726 24.592704 17.989300 12.639726 8.523793 5.514218 3.421254 2.035755 1.161909 0.636293 0.334478 0.168862 0.081925 0.038223 0.017164 0.007425 0.003099 0.001251 0.000491 0.000190 0.000075 0.000033 0.000018 0.000013 0.000011 0.000011 0.000010 0.000010 0.000010 0.000010 0.000010 0.000010 0.000010 0.000010 0.000010 0.000010 0.000010 0.000010 0.000010 0.000010 0.000009 0.000009 0.000008 0.000007 0.000005 0.000004 0.000002 0.000000 
50.000000 40.930757 32.329726 24.592704 17.989300 12.639726 8.523793 5.514218 3.421254 2.035755 1.161909 0.636293 0.334478 0.168862 0.081925 0.038223 0.017164 0.007425 0.003099 0.001251 0.000491 0.000190 0.000075 0.000033 0.000018 0.000013 0.000011 0.000011 0.000010 0.000010 0.000010 0.000010 0.000010 0.000010 0.000010 0.000010 0.000010 0.000010 0.000010 0.000010 0.000010 0.000010 0.000009 0.000009 0.000008 0.000007 0.000005 0.000004 0.000002 0.000000 
50.000000 40.930759 32.329730 24.592711 17.989308 12.639736 8.523804 5.514230 3.421266 2.035768 1.161922 0.636306 0.334491 0.168875 0.081939 0.038237 0.017177 0.007438 0.003112 0.001264 0.000505 0.000204 0.000089 0.000046 0.000031 0.000026 0.000024 0.000024 0.000024 0.000024 0.000024 0.000024 0.000024 0.000024 0.000024 0.000024 0.000024 0.000024 0.000023 0.000023 0.000023 0.000022 0.000021 0.000020 0.000018 0.000016 0.000013 0.000009 0.000004 0.000000 
50.000000 40.930767 32.329745 24.592732 17.989335 12.639768 8.523839 5.514267 3.421305 2.035808 1.161963 0.636348 0.334533 0.168917 0.081980 0.038278 0.017219 0.007480 0.003154 0.001306 0.000547 0.000246 0.000131 0.000088 0.000073 0.000068 0.000066 0.000066 0.000066 0.000065 0.000065 0.000065 0.000065 0.000065 0.000065 0.000065 0.000065 0.000065 0.000065 0.000064 0.000063 0.000062 0.000059 0.000056 0.000050 0.000043 0.000035 0.000024 0.000012 0.000000 
50.000000 40.930788 32.329786 24.592791 17.989409 12.639854 8.523934 5.514370 3.421412 2.035918 1.162075 0.636461 0.334647 0.169031 0.082095 0.038393 0.017334 0.007595 0.003269 0.001421 0.000661 0.000360 0.000245 0.000203 0.000188 0.000183 0.000181 0.000180 0.000180 0.000180 0.000180 0.000180 0.000180 0.000180 0.000180 0.000180 0.000180 0.000179 0.000179 0.000177 0.000174 0.000170 0.000163 0.000153 0.000139 0.000120 0.000096 0.000067 0.000034 0.000000 
50.000000 40.930843 32.329893 24.592944 17.989602 12.640079 8.524185 5.514638 3.421693 2.036207 1.162369 0.636758 0.334946 0.169331 0.082395 0.038694 0.017634 0.007896 0.003570 0.001722 0.000962 0.000661 0.000546 0.000504 0.000489 0.000484 0.000482 0.000481 0.000481 0.000481 0.000481 0.000481 0.000481 0.000481 0.000481 0.000481 0.000480 0.000479 0.000477 0.000473 0.000466 0.000455 0.000437 0.000410 0.000372 0.000321 0.000257 0.000179 0.000092 0.000000 
50.000000 40.930981 32.330162 24.593332 17.990090 12.640648 8.524816 5.515315 3.422402 2.036936 1.163111 0.637508 0.335700 0.170089 0.083154 0.039453 0.018394 0.008655 0.004329 0.002482 0.001722 0.001421 0.001306 0.001264 0.001249 0.001243 0.001242 0.001241 0.001241 0.001241 0.001241 0.001241 0.001241 0.001241 0.001240 0.001240 0.001238 0.001235 0.001230 0.001220 0.001203 0.001174 0.001128 0.001059 0.000962 0.000830 0.000664 0.000464 0.000239 0.000000 
50.000000 40.931317 32.330818 24.594274 17.991276 12.642032 8.526352 5.516961 3.424125 2.038710 1.164917 0.639333 0.337536 0.171930 0.084999 0.041299 0.020241 0.010503 0.006177 0.004329 0.003570 0.003269 0.003154 0.003111 0.003096 0.003091 0.003089 0.003089 0.003089 0.003089 0.003089 0.003089 0.003088 0.003088 0.003087 0.003086 0.003082 0.003075 0.003062 0.003038 0.002995 0.002924 0.002811 0.002642 0.002400 0.002074 0.001659 0.001161 0.000598 0.000000 
50.000000 40.932105 32.332351 24.596478 17.994053 12.645272 8.529947 5.520815 3.428159 2.042863 1.169145 0.643606 0.341834 0.176242 0.089318 0.045622 0.024566 0.014828 0.010503 0.008655 0.007896 0.007595 0.007480 0.007438 0.007423 0.007417 0.007416 0.007415 0.007415 0.007415 0.007415 0.007415 0.007414 0.007413 0.007412 0.007408 0.007400 0.007384 0.007353 0.007296 0.007195 0.007027 0.006759 0.006355 0.005777 0.004996 0.003999 0.002800 0.001444 0.000000 
50.000000 40.933876 32.335803 24.601440 18.000302 12.652562 8.538038 5.529490 3.437239 2.052211 1.178661 0.653223 0.351509 0.185949 0.099041 0.055354 0.034301 0.024566 0.020241 0.018394 0.017634 0.017334 0.017219 0.017176 0.017161 0.017156 0.017154 0.017154 0.017154 0.017153 0.017153 0.017153 0.017152 0.017151 0.017147 0.017138 0.017121 0.017085 0.017015 0.016886 0.016658 0.016276 0.015665 0.014739 0.013409 0.011606 0.009298 0.006516 0.003361 0.000000 
50.000000 40.937706 32.343264 24.612166 18.013812 12.668325 8.555531 5.548247 3.456873 2.072424 1.199239 0.674019 0.372431 0.206939 0.120067 0.076398 0.055354 0.045622 0.041299 0.039453 0.038694 0.038393 0.038278 0.038236 0.038221 0.038216 0.038214 0.038213 0.038213 0.038213 0.038213 0.038212 0.038211 0.038207 0.038199 0.038181 0.038143 0.038065 0.037915 0.037636 0.037141 0.036306 0.034967 0.032927 0.029988 0.025982 0.020836 0.014613 0.007541 0.000000 
50.000000 40.945652 32.358743 24.634417 18.041839 12.701028 8.591826 5.587165 3.497612 2.114367 1.241939 0.717174 0.415846 0.250497 0.163699 0.120067 0.099041 0.089318 0.084999 0.083154 0.082395 0.082095 0.081980 0.081938 0.081923 0.081918 0.081916 0.081915 0.081915 0.081915 0.081914 0.081913 0.081910 0.081903 0.081886 0.081850 0.081772 0.081613 0.081302 0.080724 0.079694 0.077947 0.075130 0.070819 0.064571 0.056017 0.044977 0.031576 0.016306 0.000000 
50.000000 40.961452 32.389525 24.678671 18.097582 12.766071 8.664017 5.664576 3.578648 2.197799 1.326879 0.803019 0.502210 0.337145 0.250497 0.206939 0.185949 0.176242 0.171930 0.170089 0.169331 0.169031 0.168917 0.168875 0.168859 0.168854 0.168853 0.168852 0.168852 0.168851 0.168850 0.168848 0.168842 0.168828 0.168796 0.168725 0.168572 0.168261 0.167649 0.166503 0.164452 0.160954 0.155280 0.146542 0.133802 0.116254 0.093481 0.065711 0.033963 0.000000 
50.000000 40.991544 32.448149 24.762952 18.203750 12.889955 8.801521 5.812028 3.733009 2.356727 1.488684 0.966552 0.666733 0.502210 0.415846 0.372431 0.351509 0.341834 0.337536 0.335700 0.334946 0.334647 0.334532 0.334490 0.334475 0.334470 0.334468 0.334468 0.334467 0.334467 0.334465 0.334461 0.334450 0.334425 0.334365 0.334233 0.333950 0.333366 0.332218 0.330053 0.326155 0.319463 0.308533 0.291581 0.266682 0.232139 0.187012 0.131667 0.068127 0.000000 
50.000000 41.046367 32.554957 24.916508 18.397186 13.115680 9.052069 6.080711 4.014291 2.646340 1.783544 1.264564 0.966552 0.803019 0.717174 0.674019 0.653223 0.643606 0.639333 0.637508 0.636758 0.636461 0.636347 0.636306 0.636291 0.636285 0.636284 0.636283 0.636282 0.636281 0.636279 0.636271 0.636253 0.636208 0.636104 0.635871 0.635370 0.634334 0.632282 0.628390 0.621334 0.609132 0.589040 0.557613 0.511045 0.445876 0.360035 0.254000 0.131609 0.000000 
50.000000 41.141817 32.740918 25.183867 18.733990 13.508716 9.488342 6.548577 4.504109 3.150676 2.297028 1.783544 1.488684 1.326879 1.241939 1.199239 1.178661 1.169145 1.164917 1.163111 1.162369 1.162075 1.161962 1.161921 1.161906 1.161901 1.161899 1.161898 1.161898 1.161896 1.161891 1.161879 1.161849 1.161775 1.161603 1.161215 1.160375 1.158631 1.155154 1.148514 1.136384 1.115227 1.080064 1.024511 0.941322 0.823653 0.667055 0.471842 0.244935 0.000000 
50.000000 41.300466 33.050010 25.628263 19.293831 14.162044 10.213565 7.326338 5.318384 3.989104 3.150676 2.646340 2.356727 2.197799 2.114367 2.072424 2.052211 2.042863 2.038710 2.036936 2.036207 2.035918 2.035808 2.035767 2.035753 2.035748 2.035746 2.035745 2.035744 2.035741 2.035734 2.035715 2.035668 2.035553 2.035283 2.034673 2.033347 2.030573 2.025006 2.014292 1.994552 1.959784 1.901373 1.807992 1.666373 1.463396 1.189727 0.844508 0.439490 0.000000 
50.000000 41.551950 33.539977 26.332723 20.181316 15.197758 11.363284 8.559381 6.609345 5.318384 4.504109 4.014291 3.733009 3.578648 3.497612 3.456873 3.437239 3.428159 3.424125 3.422402 3.421693 3.421412 3.421305 3.421266 3.421251 3.421247 3.421245 3.421244 3.421242 3.421238 3.421228 3.421201 3.421132 3.420964 3.420567 3.419666 3.417694 3.413546 3.405159 3.388883 3.358599 3.304672 3.212933 3.064208 2.835167 2.501475 2.044013 1.457847 0.761351 0.000000 
50.000000 41.931769 34.279988 27.396708 21.521763 16.762126 13.099891 10.421892 8.559381 7.326338 6.548577 6.080711 5.812028 5.664576 5.587165 5.548247 5.529490 5.520815 5.516961 5.515315 5.514638 5.514370 5.514267 5.514229 5.514216 5.514211 5.514209 5.514208 5.514206 5.514201 5.514187 5.514150 5.514056 5.513826 5.513281 5.512036 5.509297 5.503495 5.491671 5.468513 5.424965 5.346448 5.210946 4.987629 4.637267 4.116286 3.386527 2.431560 1.276404 0.000000 
50.000000 42.477831 35.343902 28.926423 23.448991 19.011346 15.596809 13.099891 11.363284 10.213565 9.488342 9.052069 8.801521 8.664017 8.591826 8.555531 8.538038 8.529947 8.526352 8.524816 8.524185 8.523934 8.523839 8.523803 8.523791 8.523786 8.523785 8.523784 8.523781 8.523775 8.523757 8.523710 8.523592 8.523299 8.522603 8.521007 8.517475 8.509939 8.494456 8.463832 8.405573 8.299076 8.112262 7.798404 7.294836 6.526657 5.419978 3.929368 2.078945 0.000000 
50.000000 43.224513 36.798706 31.018194 26.084375 22.087095 19.011346 16.762126 15.197758 14.162044 13.508716 13.115680 12.889955 12.766071 12.701028 12.668325 12.652562 12.645272 12.642032 12.640648 12.640079 12.639854 12.639767 12.639736 12.639724 12.639720 12.639719 12.639717 12.639715 12.639707 12.639687 12.639633 12.639494 12.639153 12.638337 12.636456 12.632269 12.623273 12.604634 12.567393 12.495671 12.362591 12.124859 11.716509 11.043548 9.983683 8.399417 6.177879 3.310628 0.000000 
50.000000 44.194863 38.689309 33.736603 29.509297 26.084375 23.448991 21.521763 20.181316 19.293831 18.733990 18.397186 18.203750 18.097582 18.041839 18.013812 18.000302 17.994053 17.991276 17.990090 17.989602 17.989409 17.989335 17.989308 17.989298 17.989294 17.989293 17.989292 17.989289 17.989281 17.989259 17.989203 17.989057 17.988696 17.987829 17.985822 17.981329 17.971611 17.951310 17.910337 17.830435 17.679841 17.405477 16.922334 16.100692 14.754649 12.642765 9.507902 5.209355 0.000000 
50.000000 45.392514 41.022791 37.091838 33.736603 31.018194 28.926423 27.396708 26.332723 25.628263 25.183867 24.916508 24.762952 24.678671 24.634417 24.612166 24.601440 24.596478 24.594274 24.593332 24.592944 24.592791 24.592732 24.592711 24.592703 24.592700 24.592699 24.592698 24.592695 24.592688 24.592668 24.592615 24.592479 24.592142 24.591329 24.589440 24.585189 24.575940 24.556473 24.516812 24.438536 24.288710 24.010181 23.506445 22.618777 21.093838 18.545919 14.444489 8.246190 0.000000 
50.000000 46.795652 43.756653 41.022791 38.689309 36.798706 35.343902 34.279988 33.539977 33.050010 32.740918 32.554957 32.448149 32.389525 32.358743 32.343264 32.335803 32.332351 32.330818 32.330162 32.329893 32.329786 32.329745 32.329730 32.329725 32.329723 32.329722 32.329721 32.329719 32.329713 32.329698 32.329657 32.329551 32.329287 32.328651 32.327167 32.323814 32.316483 32.300958 32.269077 32.205503 32.082130 31.848427 31.414534 30.620827 29.181406 26.578302 21.878326 13.536402 0.000000 
50.000000 48.355395 46.795652 45.392514 44.194863 43.224513 42.477831 41.931769 41.551950 41.300466 41.141817 41.046367 40.991544 40.961452 40.945652 40.937706 40.933876 40.932105 40.931317 40.930981 40.930843 40.930788 40.930767 40.930759 40.930756 40.930755 40.930755 40.930754 40.930753 40.930750 40.930742 40.930719 40.930661 40.930516 40.930165 40.929345 40.927489 40.923417 40.914758 40.896882 40.860976 40.790599 40.655366 40.398886 39.913885 38.985508 37.146324 33.259250 24.177697 0.000000 
50.000000 50.000000 50.000000 50.000000 50.000000 50.000000 50.000000 50.000000 50.000000 50.000000 50.000000 50.000000 50.000000 50.000000 50.000000 50.000000 50.000000 50.000000 50.000000 50.000000 50.000000 50.000000 50.000000 50.000000 50.000000 50.000000 50.000000 50.000000 50.000000 50.000000 50.000000 50.000000 50.000000 50.000000 50.000000 50.000000 50.000000 50.000000 50.000000 50.000000 50.000000 50.000000 50.000000 50.000000 50.000000 50.000000 50.000000 50.000000 50.000000 50.000000 
