50.000000 50.000000 50.000000 50.000000 50.000000 50.000000 50.000000 50.000000 50.000000 50.000000 50.000000 50.000000 50.000000 50.000000 50.000000 50.000000 50.000000 50.000000 50.000000 50.000000 50.000000 50.000000 50.000000 50.000000 50.000000 50.000000 50.000000 50.000000 50.000000 50.000000 50.000000 50.000000 50.000000 50.000000 50.000000 50.000000 50.000000 50.000000 50.000000 50.000000 50.000000 50.000000 50.000000 50.000000 50.000000 50.000000 50.000000 50.000000 50.000000 50.000000 
50.000000 48.791235 47.628331 46.551934 45.593249 44.771520 44.093529 43.554913 43.142787 42.838955 42.623053 42.475111 42.377313 42.314912 42.276464 42.253574 42.240401 42.233069 42.229118 42.227058 42.226017 42.225506 42.225264 42.225152 42.225102 42.225079 42.225067 42.225056 42.225039 42.225002 42.224921 42.224746 42.224373 42.223602 42.222045 42.218980 42.213089 42.202023 42.181677 42.145006 42.080035 41.966476 41.769679 41.429038 40.833821 39.767274 37.762393 33.685337 24.395618 0.000000 
50.000000 47.628331 45.346646 43.234695 41.353703 39.741431 38.411184 37.354401 36.545797 35.949673 35.526070 35.235808 35.043929 34.921501 34.846066 34.801158 34.775314 34.760928 34.753178 34.749136 34.747093 34.746092 34.745616 34.745396 34.745297 34.745253 34.745229 34.745209 34.745177 34.745108 34.744957 34.744630 34.743935 34.742500 34.739608 34.733926 34.723031 34.702628 34.665267 34.598277 34.480418 34.276415 33.927774 33.336780 32.337363 30.640088 27.727786 22.673323 13.942994 0.000000 
50.000000 46.551934 43.234695 40.164231 37.429553 35.085564 33.151602 31.615220 30.439655 29.573005 28.957171 28.535193 28.256244 28.078263 27.968601 27.903317 27.865747 27.844834 27.833568 27.827692 27.824722 27.823268 27.822576 27.822257 27.822113 27.822048 27.822015 27.821987 27.821943 27.821851 27.821649 27.821211 27.820285 27.818374 27.814536 27.807017 27.792656 27.765889 27.717173 27.630500 27.479561 27.221841 26.789552 26.075709 24.912982 23.043327 20.082115 15.506909 8.789542 0.000000 
50.000000 45.593249 41.353703 37.429553 33.934562 30.938895 28.467266 26.503763 25.001399 23.893835 23.106819 22.567549 22.211070 21.983624 21.843485 21.760060 21.712051 21.685327 21.670932 21.663423 21.659628 21.657769 21.656886 21.656478 21.656295 21.656212 21.656171 21.656138 21.656087 21.655982 21.655752 21.655254 21.654205 21.652048 21.647728 21.639301 21.623284 21.593610 21.540007 21.445536 21.282984 21.009720 20.560609 19.838766 18.704730 16.967281 14.386226 10.713614 5.825974 0.000000 
50.000000 44.771520 39.741431 35.085564 30.938895 27.384673 24.452220 22.122650 20.340208 19.026181 18.092466 17.452686 17.029771 16.759941 16.593691 16.494724 16.437770 16.406069 16.388993 16.380086 16.375585 16.373380 16.372332 16.371849 16.371631 16.371534 16.371486 16.371449 16.371397 16.371289 16.371054 16.370548 16.369483 16.367301 16.362948 16.354497 16.338525 16.309136 16.256489 16.164652 16.008634 15.750511 15.334743 14.683307 13.692337 12.234165 10.172581 7.404068 3.937699 0.000000 
50.000000 44.093529 38.411184 33.151602 28.467266 24.452220 21.139583 18.508014 16.494522 15.010181 13.955459 13.232775 12.755066 12.450281 12.262497 12.150713 12.086385 12.050580 12.031293 12.021234 12.016150 12.013660 12.012477 12.011931 12.011685 12.011576 12.011523 12.011486 12.011435 12.011333 12.011113 12.010639 12.009646 12.007618 12.003592 11.995814 11.981203 11.954514 11.907115 11.825293 11.688044 11.464452 11.111021 10.569791 9.768913 8.628500 7.075893 5.074404 2.664491 0.000000 
50.000000 43.554913 37.354401 31.615220 26.503763 22.122650 18.508014 15.636562 13.439552 11.819940 10.669116 9.880595 9.359374 9.026833 8.821953 8.699993 8.629811 8.590749 8.569708 8.558733 8.553188 8.550471 8.549181 8.548585 8.548318 8.548199 8.548143 8.548107 8.548060 8.547970 8.547777 8.547364 8.546501 8.544747 8.541279 8.534615 8.522174 8.499614 8.459894 8.392026 8.279556 8.098949 7.818281 7.396993 6.787907 5.943154 4.825668 3.426627 1.785235 0.000000 
50.000000 43.142787 36.545797 30.439655 25.001399 20.340208 16.494522 13.439552 11.102151 9.379066 8.154732 7.315857 6.761359 6.407593 6.189640 6.059901 5.985244 5.943691 5.921309 5.909636 5.903737 5.900848 5.899475 5.898842 5.898558 5.898432 5.898374 5.898339 5.898299 5.898224 5.898065 5.897727 5.897022 5.895596 5.892789 5.887424 5.877471 5.859551 5.828265 5.775322 5.688571 5.551076 5.340603 5.030070 4.589697 3.991679 3.217815 2.269382 1.176311 0.000000 
50.000000 42.838955 35.949673 29.573005 23.893835 19.026181 15.010181 11.819940 9.379066 7.579720 6.301215 5.425233 4.846217 4.476814 4.249231 4.113761 4.035808 3.992422 3.969053 3.956865 3.950706 3.947689 3.946256 3.945595 3.945299 3.945168 3.945109 3.945076 3.945043 3.944983 3.944860 3.944597 3.944053 3.942957 3.940809 3.936725 3.929194 3.915729 3.892405 3.853292 3.789860 3.690494 3.540384 3.322137 3.017547 2.610851 2.093444 1.469255 0.758921 0.000000 
50.000000 42.623053 35.526070 28.957171 23.106819 18.092466 13.955459 10.669116 8.154732 6.301215 4.984232 4.081897 3.485469 3.104963 2.870541 2.731004 2.650711 2.606023 2.581954 2.569401 2.563058 2.559951 2.558475 2.557794 2.557489 2.557355 2.557296 2.557265 2.557237 2.557192 2.557101 2.556908 2.556509 2.555708 2.554147 2.551193 2.545779 2.536160 2.519621 2.492116 2.447923 2.379410 2.277089 2.130165 1.927814 1.661283 1.326671 0.927793 0.478047 0.000000 
50.000000 42.475111 35.235808 28.535193 22.567549 17.452686 13.232775 9.880595 7.315857 5.425233 4.081897 3.161515 2.553164 2.165055 1.925953 1.783631 1.701737 1.656159 1.631610 1.618807 1.612338 1.609169 1.607664 1.606970 1.606659 1.606523 1.606463 1.606434 1.606412 1.606379 1.606314 1.606179 1.605900 1.605343 1.604261 1.602224 1.598511 1.591955 1.580758 1.562276 1.532828 1.487592 1.420700 1.325660 1.196197 1.027542 0.818020 0.570541 0.293434 0.000000 
50.000000 42.377313 35.043929 28.256244 22.211070 17.029771 12.755066 9.359374 6.761359 4.846217 3.485469 2.553164 1.936937 1.543807 1.301613 1.157453 1.074502 1.028336 1.003471 0.990503 0.983951 0.980741 0.979217 0.978514 0.978199 0.978061 0.978002 0.977974 0.977956 0.977933 0.977888 0.977797 0.977611 0.977241 0.976524 0.975181 0.972745 0.968468 0.961209 0.949309 0.930488 0.901808 0.859760 0.800552 0.720635 0.617460 0.490355 0.341301 0.175290 0.000000 
50.000000 42.314912 34.921501 28.078263 21.983624 16.759941 12.450281 9.026833 6.407593 4.476814 3.104963 2.165055 1.543807 1.147476 0.903313 0.757980 0.674356 0.627815 0.602749 0.589676 0.583071 0.579835 0.578299 0.577590 0.577273 0.577134 0.577075 0.577048 0.577033 0.577017 0.576988 0.576929 0.576810 0.576574 0.576119 0.575271 0.573738 0.571062 0.566544 0.559184 0.547620 0.530123 0.504659 0.469077 0.421417 0.360340 0.285607 0.198469 0.101823 0.000000 
50.000000 42.276464 34.846066 27.968601 21.843485 16.593691 12.262497 8.821953 6.189640 4.249231 2.870541 1.925953 1.301613 0.903313 0.657936 0.511883 0.427844 0.381073 0.355883 0.342746 0.336108 0.332857 0.331312 0.330600 0.330281 0.330142 0.330083 0.330058 0.330044 0.330033 0.330014 0.329978 0.329905 0.329761 0.329483 0.328968 0.328042 0.326432 0.323729 0.319348 0.312506 0.302216 0.287338 0.266683 0.239194 0.204184 0.161583 0.112140 0.057483 0.000000 
50.000000 42.253574 34.801158 27.903317 21.760060 16.494724 12.150713 8.699993 6.059901 4.113761 2.731004 1.783631 1.157453 0.757980 0.511883 0.365401 0.281116 0.234208 0.208944 0.195769 0.189111 0.185851 0.184302 0.183588 0.183268 0.183129 0.183070 0.183045 0.183033 0.183025 0.183013 0.182991 0.182948 0.182863 0.182701 0.182400 0.181861 0.180929 0.179370 0.176857 0.172952 0.167112 0.158714 0.147120 0.131775 0.112332 0.088781 0.061550 0.031529 0.000000 
50.000000 42.240401 34.775314 27.865747 21.712051 16.437770 12.086385 8.629811 5.985244 4.035808 2.650711 1.701737 1.074502 0.674356 0.427844 0.281116 0.196689 0.149703 0.124397 0.111199 0.104531 0.101265 0.099713 0.098998 0.098678 0.098538 0.098479 0.098455 0.098444 0.098437 0.098430 0.098418 0.098393 0.098345 0.098253 0.098084 0.097782 0.097261 0.096394 0.095003 0.092851 0.089648 0.085064 0.078766 0.070470 0.060002 0.047372 0.032814 0.016800 0.000000 
50.000000 42.233069 34.760928 27.844834 21.685327 16.406069 12.050580 8.590749 5.943691 3.992422 2.606024 1.656159 1.028336 0.627815 0.381074 0.234208 0.149703 0.102673 0.077343 0.064133 0.057459 0.054190 0.052637 0.051921 0.051601 0.051461 0.051402 0.051378 0.051367 0.051362 0.051357 0.051350 0.051337 0.051310 0.051260 0.051169 0.051005 0.050725 0.050259 0.049515 0.048368 0.046669 0.044247 0.040934 0.036587 0.031122 0.024549 0.016993 0.008696 0.000000 
50.000000 42.229119 34.753178 27.833568 21.670932 16.388993 12.031293 8.569708 5.921310 3.969053 2.581954 1.631610 1.003471 0.602749 0.355883 0.208945 0.124397 0.077343 0.052001 0.038785 0.032107 0.028836 0.027282 0.026566 0.026245 0.026106 0.026047 0.026023 0.026013 0.026008 0.026005 0.026001 0.025994 0.025980 0.025953 0.025905 0.025820 0.025674 0.025432 0.025047 0.024456 0.023583 0.022344 0.020655 0.018446 0.015678 0.012357 0.008549 0.004373 0.000000 
50.000000 42.227058 34.749136 27.827692 21.663423 16.380087 12.021234 8.558734 5.909637 3.956865 2.569402 1.618808 0.990504 0.589677 0.342746 0.195769 0.111200 0.064134 0.038785 0.025565 0.018886 0.015614 0.014060 0.013344 0.013023 0.012883 0.012824 0.012800 0.012790 0.012786 0.012784 0.012781 0.012778 0.012771 0.012757 0.012733 0.012690 0.012616 0.012495 0.012302 0.012007 0.011572 0.010958 0.010122 0.009033 0.007672 0.006044 0.004179 0.002137 0.000000 
50.000000 42.226017 34.747093 27.824723 21.659630 16.375586 12.016152 8.553190 5.903739 3.950708 2.563060 1.612340 0.983953 0.583073 0.336110 0.189114 0.104533 0.057461 0.032109 0.018887 0.012207 0.008935 0.007381 0.006664 0.006343 0.006204 0.006145 0.006121 0.006111 0.006107 0.006105 0.006104 0.006102 0.006098 0.006091 0.006079 0.006058 0.006022 0.005963 0.005870 0.005727 0.005517 0.005221 0.004821 0.004299 0.003649 0.002873 0.001986 0.001015 0.000000 
50.000000 42.225507 34.746094 27.823270 21.657773 16.373384 12.013665 8.550476 5.900853 3.947695 2.559957 1.609175 0.980747 0.579841 0.332863 0.185857 0.101271 0.054196 0.028842 0.015619 0.008939 0.005667 0.004112 0.003396 0.003075 0.002935 0.002876 0.002852 0.002842 0.002838 0.002837 0.002836 0.002835 0.002833 0.002830 0.002824 0.002814 0.002797 0.002769 0.002725 0.002658 0.002560 0.002421 0.002234 0.001992 0.001690 0.001330 0.000919 0.000469 0.000000 
50.000000 42.225267 34.745621 27.822583 21.656895 16.372343 12.012489 8.549194 5.899489 3.946271 2.558490 1.607679 0.979232 0.578314 0.331328 0.184318 0.099729 0.052653 0.027298 0.014075 0.007394 0.004122 0.002567 0.001851 0.001530 0.001390 0.001332 0.001307 0.001298 0.001294 0.001292 0.001291 0.001291 0.001290 0.001289 0.001286 0.001281 0.001273 0.001260 0.001240 0.001209 0.001164 0.001101 0.001015 0.000904 0.000767 0.000603 0.000417 0.000213 0.000000 
50.000000 42.225159 34.745409 27.822275 21.656502 16.371876 12.011962 8.548619 5.898878 3.945633 2.557832 1.607009 0.978553 0.577630 0.330640 0.183628 0.099038 0.051961 0.026606 0.013383 0.006702 0.003429 0.001875 0.001158 0.000838 0.000698 0.000639 0.000615 0.000605 0.000601 0.000600 0.000599 0.000599 0.000598 0.000598 0.000596 0.000594 0.000591 0.000584 0.000575 0.000560 0.000539 0.000510 0.000470 0.000419 0.000355 0.000279 0.000193 0.000098 0.000000 
50.000000 42.225118 34.745329 27.822159 21.656353 16.371700 12.011763 8.548402 5.898647 3.945391 2.557584 1.606755 0.978296 0.577371 0.330380 0.183367 0.098777 0.051699 0.026344 0.013121 0.006440 0.003168 0.001613 0.000897 0.000576 0.000436 0.000377 0.000353 0.000343 0.000340 0.000338 0.000338 0.000337 0.000337 0.000337 0.000336 0.000335 0.000332 0.000329 0.000324 0.000315 0.000303 0.000287 0.000264 0.000235 0.000199 0.000157 0.000108 0.000055 0.000000 
50.000000 42.225118 34.745329 27.822159 21.656353 16.371700 12.011763 8.548402 5.898647 3.945391 2.557584 1.606755 0.978296 0.577371 0.330380 0.183367 0.098777 0.051699 0.026344 0.013121 0.006440 0.003168 0.001613 0.000897 0.000576 0.000436 0.000377 0.000353 0.000343 0.000340 0.000338 0.000338 0.000337 0.000337 0.000337 0.000336 0.000335 0.000332 0.000329 0.000324 0.000315 0.000303 0.000287 0.000264 0.000235 0.000199 0.000157 0.000108 0.000055 0.000000 
50.000000 42.225159 34.745409 27.822275 21.656502 16.371876 12.011962 8.548619 5.898878 3.945633 2.557832 1.607009 0.978553 0.577630 0.330640 0.183628 0.099038 0.051961 0.026606 0.013383 0.006702 0.003429 0.001875 0.001158 0.000838 0.000698 0.000639 0.000615 0.000605 0.000601 0.000600 0.000599 0.000599 0.000598 0.000598 0.000596 0.000594 0.000591 0.000584 0.000575 0.000560 0.000539 0.000510 0.000470 0.000419 0.000355 0.000279 0.000193 0.000098 0.000000 
50.000000 42.225267 34.745621 27.822583 21.656895 16.372343 12.012489 8.549194 5.899489 3.946271 2.558490 1.607679 0.979232 0.578314 0.331328 0.184318 0.099729 0.052653 0.027298 0.014075 0.007394 0.004122 0.002567 0.001851 0.001530 0.001390 0.001332 0.001307 0.001298 0.001294 0.001292 0.001291 0.001291 0.001290 0.001289 0.001286 0.001281 0.001273 0.001260 0.001240 0.001209 0.001164 0.001101 0.001015 0.000904 0.000767 0.000603 0.000417 0.000213 0.000000 
50.000000 42.225507 34.746094 27.823270 21.657773 16.373384 12.013665 8.550476 5.900853 3.947695 2.559957 1.609175 0.980747 0.579841 0.332863 0.185857 0.101271 0.054196 0.028842 0.015619 0.008939 0.005667 0.004112 0.003396 0.003075 0.002935 0.002876 0.002852 0.002842 0.002838 0.002837 0.002836 0.002835 0.002833 0.002830 0.002824 0.002814 0.002797 0.002769 0.002725 0.002658 0.002560 0.002421 0.002234 0.001992 0.001690 0.001330 0.000919 0.000469 0.000000 
50.000000 42.226017 34.747093 27.824723 21.659630 16.375586 12.016152 8.553190 5.903739 3.950708 2.563060 1.612340 0.983953 0.583073 0.336110 0.189114 0.104533 0.057461 0.032109 0.018887 0.012207 0.008935 0.007381 0.006664 0.006343 0.006204 0.006145 0.006121 0.006111 0.006107 0.006105 0.006104 0.006102 0.006098 0.006091 0.006079 0.006058 0.006022 0.005963 0.005870 0.005727 0.005517 0.005221 0.004821 0.004299 0.003649 0.002873 0.001986 0.001015 0.000000 
50.000000 42.227058 34.749136 27.827692 21.663423 16.380087 12.021234 8.558734 5.909637 3.956865 2.569402 1.618808 0.990504 0.589677 0.342746 0.195769 0.111200 0.064134 0.038785 0.025565 0.018886 0.015614 0.014060 0.013344 0.013023 0.012883 0.012824 0.012800 0.012790 0.012786 0.012784 0.012781 0.012778 0.012771 0.012757 0.012733 0.012690 0.012616 0.012495 0.012302 0.012007 0.011572 0.010958 0.010122 0.009033 0.007672 0.006044 0.004179 0.002137 0.000000 
50.000000 42.229119 34.753178 27.833568 21.670932 16.388993 12.031293 8.569708 5.921310 3.969053 2.581954 1.631610 1.003471 0.602749 0.355883 0.208945 0.124397 0.077343 0.052001 0.038785 0.032107 0.028836 0.027282 0.026566 0.026245 0.026106 0.026047 0.026023 0.026013 0.026008 0.026005 0.026001 0.025994 0.025980 0.025953 0.025905 0.025820 0.025674 0.025432 0.025047 0.024456 0.023583 0.022344 0.020655 0.018446 0.015678 0.012357 0.008549 0.004373 0.000000 
50.000000 42.233069 34.760928 27.844834 21.685327 16.406069 12.050580 8.590749 5.943691 3.992422 2.606024 1.656159 1.028336 0.627815 0.381074 0.234208 0.149703 0.102673 0.077343 0.064133 0.057459 0.054190 0.052637 0.051921 0.051601 0.051461 0.051402 0.051378 0.051367 0.051362 0.051357 0.051350 0.051337 0.051310 0.051260 0.051169 0.051005 0.050725 0.050259 0.049515 0.048368 0.046669 0.044247 0.040934 0.036587 0.031122 0.024549 0.016993 0.008696 0.000000 
50.000000 42.240401 34.775314 27.865747 21.712051 16.437770 12.086385 8.629811 5.985244 4.035808 2.650711 1.701737 1.074502 0.674356 0.427844 0.281116 0.196689 0.149703 0.124397 0.111199 0.104531 0.101265 0.099713 0.098998 0.098678 0.098538 0.098479 0.098455 0.098444 0.098437 0.098430 0.098418 0.098393 0.098345 0.098253 0.098084 0.097782 0.097261 0.096394 0.095003 0.092851 0.089648 0.085064 0.078766 0.070470 0.060002 0.047372 0.032814 0.016800 0.000000 
50.000000 42.253574 34.801158 27.903317 21.760060 16.494724 12.150713 8.699993 6.059901 4.113761 2.731004 1.783631 1.157453 0.757980 0.511883 0.365401 0.281116 0.234208 0.208944 0.195769 0.189111 0.185851 0.184302 0.183588 0.183268 0.183129 0.183070 0.183045 0.183033 0.183025 0.183013 0.182991 0.182948 0.182863 0.182701 0.182400 0.181861 0.180929 0.179370 0.176857 0.172952 0.167112 0.158714 0.147120 0.131775 0.112332 0.088781 0.061550 0.031529 0.000000 
50.000000 42.276464 34.846066 27.968601 21.843485 16.593691 12.262497 8.821953 6.189640 4.249231 2.870541 1.925953 1.301613 0.903313 0.657936 0.511883 0.427844 0.381073 0.355883 0.342746 0.336108 0.332857 0.331312 0.330600 0.330281 0.330142 0.330083 0.330058 0.330044 0.330033 0.330014 0.329978 0.329905 0.329761 0.329483 0.328968 0.328042 0.326432 0.323729 0.319348 0.312506 0.302216 0.287338 0.266683 0.239194 0.204184 0.161583 0.112140 0.057483 0.000000 
50.000000 42.314912 34.921501 28.078263 21.983624 16.759941 12.450281 9.026833 6.407593 4.476814 3.104963 2.165055 1.543807 1.147476 0.903313 0.757980 0.674356 0.627815 0.602749 0.589676 0.583071 0.579835 0.578299 0.577590 0.577273 0.577134 0.577075 0.577048 0.577033 0.577017 0.576988 0.576929 0.576810 0.576574 0.576119 0.575271 0.573738 0.571062 0.566544 0.559184 0.547620 0.530123 0.504659 0.469077 0.421417 0.360340 0.285607 0.198469 0.101823 0.000000 
50.000000 42.377313 35.043929 28.256244 22.211070 17.029771 12.755066 9.359374 6.761359 4.846217 3.485469 2.553164 1.936937 1.543807 1.301613 1.157453 1.074502 1.028336 1.003471 0.990503 0.983951 0.980741 0.979217 0.978514 0.978199 0.978061 0.978002 0.977974 0.977956 0.977933 0.977888 0.977797 0.977611 0.977241 0.976524 0.975181 0.972745 0.968468 0.961209 0.949309 0.930488 0.901808 0.859760 0.800552 0.720635 0.617460 0.490355 0.341301 0.175290 0.000000 
50.000000 42.475111 35.235808 28.535193 22.567549 17.452686 13.232775 9.880595 7.315857 5.425233 4.081897 3.161515 2.553164 2.165055 1.925953 1.783631 1.701737 1.656159 1.631610 1.618807 1.612338 1.609169 1.607664 1.606970 1.606659 1.606523 1.606463 1.606434 1.606412 1.606379 1.606314 1.606179 1.605900 1.605343 1.604261 1.602224 1.598511 1.591955 1.580758 1.562276 1.532828 1.487592 1.420700 1.325660 1.196197 1.027542 0.818020 0.570541 0.293434 0.000000 
50.000000 42.623053 35.526070 28.957171 23.106819 18.092466 13.955459 10.669116 8.154732 6.301215 4.984232 4.081897 3.485469 3.104963 2.870541 2.731004 2.650711 2.606023 2.581954 2.569401 2.563058 2.559951 2.558475 2.557794 2.557489 2.557355 2.557296 2.557265 2.557237 2.557192 2.557101 2.556908 2.556509 2.555708 2.554147 2.551193 2.545779 2.536160 2.519621 2.492116 2.447923 2.379410 2.277089 2.130165 1.927814 1.661283 1.326671 0.927793 0.478047 0.000000 
50.000000 42.838955 35.949673 29.573005 23.893835 19.026181 15.010181 11.819940 9.379066 7.579720 6.301215 5.425233 4.846217 4.476814 4.249231 4.113761 4.035808 3.992422 3.969053 3.956865 3.950706 3.947689 3.946256 3.945595 3.945299 3.945168 3.945109 3.945076 3.945043 3.944983 3.944860 3.944597 3.944053 3.942957 3.940809 3.936725 3.929194 3.915729 3.892405 3.853292 3.789860 3.690494 3.540384 3.322137 3.017547 2.610851 2.093444 1.469255 0.758921 0.000000 
50.000000 43.142787 36.545797 30.439655 25.001399 20.340208 16.494522 13.439552 11.102151 9.379066 8.154732 7.315857 6.761359 6.407593 6.189640 6.059901 5.985244 5.943691 5.921309 5.909636 5.903737 5.900848 5.899475 5.898842 5.898558 5.898432 5.898374 5.898339 5.898299 5.898224 5.898065 5.897727 5.897022 5.895596 5.892789 5.887424 5.877471 5.859551 5.828265 5.775322 5.688571 5.551076 5.340603 5.030070 4.589697 3.991679 3.217815 2.269382 1.176311 0.000000 
50.000000 43.554913 37.354401 31.615220 26.503763 22.122650 18.508014 15.636562 13.439552 11.819940 10.669116 9.880595 9.359374 9.026833 8.821953 8.699993 8.629811 8.590749 8.569708 8.558733 8.553188 8.550471 8.549181 8.548585 8.548318 8.548199 8.548143 8.548107 8.548060 8.547970 8.547777 8.547364 8.546501 8.544747 8.541279 8.534615 8.522174 8.499614 8.459894 8.392026 8.279556 8.098949 7.818281 7.396993 6.787907 5.943154 4.825668 3.426627 1.785235 0.000000 
50.000000 44.093529 38.411184 33.151602 28.467266 24.452220 21.139583 18.508014 16.494522 15.010181 13.955459 13.232775 12.755066 12.450281 12.262497 12.150713 12.086385 12.050580 12.031293 12.021234 12.016150 12.013660 12.012477 12.011931 12.011685 12.011576 12.011523 12.011486 12.011435 12.011333 12.011113 12.010639 12.009646 12.007618 12.003592 11.995814 11.981203 11.954514 11.907115 11.825293 11.688044 11.464452 11.111021 10.569791 9.768913 8.628500 7.075893 5.074404 2.664491 0.000000 
50.000000 44.771520 39.741431 35.085564 30.938895 27.384673 24.452220 22.122650 20.340208 19.026181 18.092466 17.452686 17.029771 16.759941 16.593691 16.494724 16.437770 16.406069 16.388993 16.380086 16.375585 16.373380 16.372332 16.371849 16.371631 16.371534 16.371486 16.371449 16.371397 16.371289 16.371054 16.370548 16.369483 16.367301 16.362948 16.354497 16.338525 16.309136 16.256489 16.164652 16.008634 15.750511 15.334743 14.683307 13.692337 12.234165 10.172581 7.404068 3.937699 0.000000 
50.000000 45.593249 41.353703 37.429553 33.934562 30.938895 28.467266 26.503763 25.001399 23.893835 23.106819 22.567549 22.211070 21.983624 21.843485 21.760060 21.712051 21.685327 21.670932 21.663423 21.659628 21.657769 21.656886 21.656478 21.656295 21.656212 21.656171 21.656138 21.656087 21.655982 21.655752 21.655254 21.654205 21.652048 21.647728 21.639301 21.623284 21.593610 21.540007 21.445536 21.282984 21.009720 20.560609 19.838766 18.704730 16.967281 14.386226 10.713614 5.825974 0.000000 
50.000000 46.551934 43.234695 40.164231 37.429553 35.085564 33.151602 31.615220 30.439655 29.573005 28.957171 28.535193 28.256244 28.078263 27.968601 27.903317 27.865747 27.844834 27.833568 27.827692 27.824722 27.823268 27.822576 27.822257 27.822113 27.822048 27.822015 27.821987 27.821943 27.821851 27.821649 27.821211 27.820285 27.818374 27.814536 27.807017 27.792656 27.765889 27.717173 27.630500 27.479561 27.221841 26.789552 26.075709 24.912982 23.043327 20.082115 15.506909 8.789542 0.000000 
50.000000 47.628331 45.346646 43.234695 41.353703 39.741431 38.411184 37.354401 36.545797 35.949673 35.526070 35.235808 35.043929 34.921501 34.846066 34.801158 34.775314 34.760928 34.753178 34.749136 34.747093 34.746092 34.745616 34.745396 34.745297 34.745253 34.745229 34.745209 34.745177 34.745108 34.744957 34.744630 34.743935 34.742500 34.739608 34.733926 34.723031 34.702628 34.665267 34.598277 34.480418 34.276415 33.927774 33.336780 32.337363 30.640088 27.727786 22.673323 13.942994 0.000000 
50.000000 48.791235 47.628331 46.551934 45.593249 44.771520 44.093529 43.554913 43.142787 42.838955 42.623053 42.475111 42.377313 42.314912 42.276464 42.253574 42.240401 42.233069 42.229118 42.227058 42.226017 42.225506 42.225264 42.225152 42.225102 42.225079 42.225067 42.225056 42.225039 42.225002 42.224921 42.224746 42.224373 42.223602 42.222045 42.218980 42.213089 42.202023 42.181677 42.145006 42.080035 41.966476 41.769679 41.429038 40.833821 39.767274 37.762393 33.685337 24.395618 0.000000 
50.000000 50.000000 50.000000 50.000000 50.000000 50.000000 50.000000 50.000000 50.000000 50.000000 50.000000 50.000000 50.000000 50.000000 50.000000 50.000000 50.000000 50.000000 50.000000 50.000000 50.000000 50.000000 50.000000 50.000000 50.000000 50.000000 50.000000 50.000000 50.000000 50.000000 50.000000 50.000000 50.000000 50.000000 50.000000 50.000000 50.000000 50.000000 50.000000 50.000000 50.000000 50.000000 50.000000 50.000000 50.000000 50.000000 50.000000 50.000000 50.000000 50.000000 
