50.000000 50.000000 50.000000 50.000000 50.000000 50.000000 50.000000 50.000000 50.000000 50.000000 50.000000 50.000000 50.000000 50.000000 50.000000 50.000000 50.000000 50.000000 50.000000 50.000000 50.000000 50.000000 50.000000 50.000000 50.000000 50.000000 50.000000 50.000000 50.000000 50.000000 50.000000 50.000000 50.000000 50.000000 50.000000 50.000000 50.000000 50.000000 50.000000 50.000000 50.000000 50.000000 50.000000 50.000000 50.000000 50.000000 50.000000 50.000000 50.000000 50.000000 
50.000000 45.266886 41.233651 38.291897 36.441161 35.427414 34.939189 34.730477 34.650576 34.622961 34.614282 34.611786 34.611126 34.610964 34.610927 34.610919 34.610917 34.610917 34.610917 34.610917 34.610917 34.610917 34.610917 34.610917 34.610917 34.610917 34.610917 34.610917 34.610917 34.610917 34.610917 34.610917 34.610917 34.610917 34.610917 34.610917 34.610914 34.610904 34.610855 34.610643 34.609778 34.606491 34.594811 34.556015 34.435198 34.079948 33.080172 30.324747 22.633443 0.000000 
50.000000 41.233651 33.763861 28.315959 24.888898 23.011956 22.108148 21.721842 21.573978 21.522885 21.506831 21.502215 21.500993 21.500693 21.500625 21.500611 21.500608 21.500607 21.500607 21.500607 21.500607 21.500607 21.500607 21.500607 21.500607 21.500607 21.500607 21.500607 21.500607 21.500607 21.500607 21.500607 21.500607 21.500607 21.500607 21.500607 21.500603 21.500588 21.500515 21.500203 21.498943 21.494203 21.477626 21.423820 21.261956 20.810999 19.648158 16.881930 10.908905 0.000000 
50.000000 38.291897 28.315959 21.040985 16.465224 13.959593 12.753294 12.237811 12.040550 11.972405 11.950999 11.944846 11.943217 11.942819 11.942728 11.942709 11.942705 11.942704 11.942704 11.942704 11.942704 11.942704 11.942704 11.942704 11.942704 11.942704 11.942704 11.942704 11.942704 11.942704 11.942704 11.942704 11.942704 11.942704 11.942704 11.942703 11.942700 11.942686 11.942619 11.942331 11.941183 11.936920 11.922274 11.875869 11.740903 11.382523 10.520493 8.667802 5.211725 0.000000 
50.000000 36.441161 24.888898 16.465224 11.167704 8.267352 6.871300 6.274863 6.046678 5.967871 5.943122 5.936009 5.934128 5.933667 5.933562 5.933540 5.933536 5.933535 5.933535 5.933535 5.933535 5.933535 5.933535 5.933535 5.933535 5.933535 5.933535 5.933535 5.933535 5.933535 5.933535 5.933535 5.933535 5.933535 5.933534 5.933534 5.933532 5.933522 5.933474 5.933274 5.932482 5.929578 5.919764 5.889341 5.803385 5.583852 5.082701 4.077899 2.361213 0.000000 
50.000000 35.427414 23.011956 13.959593 8.267352 5.151334 3.651717 3.011151 2.766131 2.681526 2.654962 2.647330 2.645311 2.644817 2.644705 2.644681 2.644676 2.644675 2.644675 2.644675 2.644675 2.644675 2.644675 2.644675 2.644675 2.644675 2.644675 2.644675 2.644675 2.644675 2.644675 2.644675 2.644675 2.644675 2.644675 2.644675 2.644673 2.644667 2.644641 2.644527 2.644082 2.642470 2.637100 2.620757 2.575667 2.463967 2.218690 1.750000 0.992216 0.000000 
50.000000 34.939189 22.108148 12.753294 6.871300 3.651717 2.102432 1.440730 1.187658 1.100286 1.072857 1.064977 1.062893 1.062383 1.062267 1.062243 1.062238 1.062237 1.062237 1.062237 1.062237 1.062237 1.062237 1.062237 1.062237 1.062237 1.062237 1.062237 1.062237 1.062237 1.062237 1.062237 1.062237 1.062237 1.062237 1.062237 1.062236 1.062233 1.062220 1.062166 1.061955 1.061196 1.058699 1.051216 1.030961 0.981959 0.877424 0.684328 0.383174 0.000000 
50.000000 34.730477 21.721842 12.237811 6.274863 3.011151 1.440730 0.770048 0.513562 0.425017 0.397223 0.389239 0.387128 0.386611 0.386494 0.386469 0.386464 0.386463 0.386463 0.386463 0.386463 0.386463 0.386463 0.386463 0.386463 0.386463 0.386463 0.386463 0.386463 0.386463 0.386463 0.386463 0.386463 0.386463 0.386463 0.386463 0.386462 0.386461 0.386456 0.386433 0.386346 0.386035 0.385024 0.382031 0.374051 0.355099 0.315537 0.244216 0.135666 0.000000 
50.000000 34.650576 21.573978 12.040550 6.046678 2.766131 1.187658 0.513562 0.255779 0.166790 0.138858 0.130834 0.128713 0.128194 0.128076 0.128051 0.128046 0.128045 0.128044 0.128044 0.128044 0.128044 0.128044 0.128044 0.128044 0.128044 0.128044 0.128044 0.128044 0.128044 0.128044 0.128044 0.128044 0.128044 0.128044 0.128044 0.128044 0.128044 0.128042 0.128034 0.128002 0.127889 0.127526 0.126462 0.123660 0.117100 0.103630 0.079775 0.044084 0.000000 
50.000000 34.622961 21.522885 11.972405 5.967871 2.681526 1.100286 0.425017 0.166790 0.077650 0.049670 0.041633 0.039508 0.038988 0.038870 0.038845 0.038840 0.038839 0.038839 0.038839 0.038839 0.038839 0.038839 0.038839 0.038839 0.038839 0.038839 0.038839 0.038839 0.038839 0.038839 0.038839 0.038839 0.038839 0.038839 0.038839 0.038839 0.038839 0.038838 0.038835 0.038825 0.038788 0.038671 0.038331 0.037443 0.035389 0.031222 0.023942 0.013183 0.000000 
50.000000 34.614282 21.506831 11.950999 5.943122 2.654962 1.072857 0.397223 0.138858 0.049670 0.021676 0.013635 0.011509 0.010989 0.010870 0.010845 0.010840 0.010839 0.010839 0.010839 0.010839 0.010839 0.010839 0.010839 0.010839 0.010839 0.010839 0.010839 0.010839 0.010839 0.010839 0.010839 0.010839 0.010839 0.010839 0.010839 0.010839 0.010839 0.010839 0.010838 0.010835 0.010824 0.010790 0.010691 0.010435 0.009848 0.008668 0.006628 0.003640 0.000000 
50.000000 34.611786 21.502215 11.944846 5.936009 2.647330 1.064977 0.389239 0.130834 0.041633 0.013635 0.005592 0.003466 0.002946 0.002827 0.002802 0.002797 0.002796 0.002796 0.002796 0.002796 0.002796 0.002796 0.002796 0.002796 0.002796 0.002796 0.002796 0.002796 0.002796 0.002796 0.002796 0.002796 0.002796 0.002796 0.002796 0.002796 0.002796 0.002796 0.002796 0.002795 0.002792 0.002783 0.002757 0.002689 0.002535 0.002227 0.001699 0.000931 0.000000 
50.000000 34.611126 21.500993 11.943217 5.934128 2.645311 1.062893 0.387128 0.128713 0.039508 0.011509 0.003466 0.001339 0.000819 0.000701 0.000676 0.000671 0.000670 0.000670 0.000670 0.000670 0.000670 0.000670 0.000670 0.000670 0.000670 0.000670 0.000670 0.000670 0.000670 0.000670 0.000670 0.000670 0.000670 0.000670 0.000670 0.000670 0.000670 0.000670 0.000670 0.000669 0.000669 0.000666 0.000660 0.000643 0.000606 0.000532 0.000405 0.000222 0.000000 
50.000000 34.610964 21.500693 11.942819 5.933667 2.644817 1.062383 0.386611 0.128194 0.038988 0.010989 0.002946 0.000819 0.000299 0.000181 0.000156 0.000151 0.000150 0.000150 0.000149 0.000149 0.000149 0.000149 0.000149 0.000149 0.000149 0.000149 0.000149 0.000149 0.000149 0.000149 0.000149 0.000149 0.000149 0.000149 0.000149 0.000149 0.000149 0.000149 0.000149 0.000149 0.000149 0.000149 0.000147 0.000144 0.000135 0.000118 0.000090 0.000049 0.000000 
50.000000 34.610927 21.500625 11.942728 5.933562 2.644705 1.062267 0.386494 0.128076 0.038870 0.010870 0.002827 0.000701 0.000181 0.000062 0.000037 0.000032 0.000031 0.000031 0.000031 0.000031 0.000031 0.000031 0.000031 0.000031 0.000031 0.000031 0.000031 0.000031 0.000031 0.000031 0.000031 0.000031 0.000031 0.000031 0.000031 0.000031 0.000031 0.000031 0.000031 0.000031 0.000031 0.000031 0.000031 0.000030 0.000028 0.000025 0.000019 0.000010 0.000000 
50.000000 34.610919 21.500611 11.942709 5.933540 2.644681 1.062243 0.386469 0.128051 0.038845 0.010845 0.002802 0.000676 0.000156 0.000037 0.000012 0.000007 0.000006 0.000006 0.000006 0.000006 0.000006 0.000006 0.000006 0.000006 0.000006 0.000006 0.000006 0.000006 0.000006 0.000006 0.000006 0.000006 0.000006 0.000006 0.000006 0.000006 0.000006 0.000006 0.000006 0.000006 0.000006 0.000006 0.000006 0.000006 0.000006 0.000005 0.000004 0.000002 0.000000 
50.000000 34.610917 21.500608 11.942705 5.933536 2.644676 1.062238 0.386464 0.128046 0.038840 0.010840 0.002797 0.000671 0.000151 0.000032 0.000007 0.000002 0.000001 0.000001 0.000001 0.000001 0.000001 0.000001 0.000001 0.000001 0.000001 0.000001 0.000001 0.000001 0.000001 0.000001 0.000001 0.000001 0.000001 0.000001 0.000001 0.000001 0.000001 0.000001 0.000001 0.000001 0.000001 0.000001 0.000001 0.000001 0.000001 0.000001 0.000001 0.000000 0.000000 
50.000000 34.610917 21.500607 11.942704 5.933535 2.644675 1.062237 0.386463 0.128045 0.038839 0.010839 0.002796 0.000670 0.000150 0.000031 0.000006 0.000001 0.000000 0.000000 0.000000 0.000000 0.000000 0.000000 0.000000 0.000000 0.000000 0.000000 0.000000 0.000000 0.000000 0.000000 0.000000 0.000000 0.000000 0.000000 0.000000 0.000000 0.000000 0.000000 0.000000 0.000000 0.000000 0.000000 0.000000 0.000000 0.000000 0.000000 0.000000 0.000000 0.000000 
50.000000 34.610917 21.500607 11.942704 5.933535 2.644675 1.062237 0.386463 0.128044 0.038839 0.010839 0.002796 0.000670 0.000150 0.000031 0.000006 0.000001 0.000000 0.000000 0.000000 0.000000 0.000000 0.000000 0.000000 0.000000 0.000000 0.000000 0.000000 0.000000 0.000000 0.000000 0.000000 0.000000 0.000000 0.000000 0.000000 0.000000 0.000000 0.000000 0.000000 0.000000 0.000000 0.000000 0.000000 0.000000 0.000000 0.000000 0.000000 0.000000 0.000000 
50.000000 34.610917 21.500607 11.942704 5.933535 2.644675 1.062237 0.386463 0.128044 0.038839 0.010839 0.002796 0.000670 0.000149 0.000031 0.000006 0.000001 0.000000 0.000000 0.000000 0.000000 0.000000 0.000000 0.000000 0.000000 0.000000 0.000000 0.000000 0.000000 0.000000 0.000000 0.000000 0.000000 0.000000 0.000000 0.000000 0.000000 0.000000 0.000000 0.000000 0.000000 0.000000 0.000000 0.000000 0.000000 0.000000 0.000000 0.000000 0.000000 0.000000 
50.000000 34.610917 21.500607 11.942704 5.933535 2.644675 1.062237 0.386463 0.128044 0.038839 0.010839 0.002796 0.000670 0.000149 0.000031 0.000006 0.000001 0.000000 0.000000 0.000000 0.000000 0.000000 0.000000 0.000000 0.000000 0.000000 0.000000 0.000000 0.000000 0.000000 0.000000 0.000000 0.000000 0.000000 0.000000 0.000000 0.000000 0.000000 0.000000 0.000000 0.000000 0.000000 0.000000 0.000000 0.000000 0.000000 0.000000 0.000000 0.000000 0.000000 
50.000000 34.610917 21.500607 11.942704 5.933535 2.644675 1.062237 0.386463 0.128044 0.038839 0.010839 0.002796 0.000670 0.000149 0.000031 0.000006 0.000001 0.000000 0.000000 0.000000 0.000000 0.000000 0.000000 0.000000 0.000000 0.000000 0.000000 0.000000 0.000000 0.000000 0.000000 0.000000 0.000000 0.000000 0.000000 0.000000 0.000000 0.000000 0.000000 0.000000 0.000000 0.000000 0.000000 0.000000 0.000000 0.000000 0.000000 0.000000 0.000000 0.000000 
50.000000 34.610917 21.500607 11.942704 5.933535 2.644675 1.062237 0.386463 0.128044 0.038839 0.010839 0.002796 0.000670 0.000149 0.000031 0.000006 0.000001 0.000000 0.000000 0.000000 0.000000 0.000000 0.000000 0.000000 0.000000 0.000000 0.000000 0.000000 0.000000 0.000000 0.000000 0.000000 0.000000 0.000000 0.000000 0.000000 0.000000 0.000000 0.000000 0.000000 0.000000 0.000000 0.000000 0.000000 0.000000 0.000000 0.000000 0.000000 0.000000 0.000000 
50.000000 34.610917 21.500607 11.942704 5.933535 2.644675 1.062237 0.386463 0.128044 0.038839 0.010839 0.002796 0.000670 0.000149 0.000031 0.000006 0.000001 0.000000 0.000000 0.000000 0.000000 0.000000 0.000000 0.000000 0.000000 0.000000 0.000000 0.000000 0.000000 0.000000 0.000000 0.000000 0.000000 0.000000 0.000000 0.000000 0.000000 0.000000 0.000000 0.000000 0.000000 0.000000 0.000000 0.000000 0.000000 0.000000 0.000000 0.000000 0.000000 0.000000 
50.000000 34.610917 21.500607 11.942704 5.933535 2.644675 1.062237 0.386463 0.128044 0.038839 0.010839 0.002796 0.000670 0.000149 0.000031 0.000006 0.000001 0.000000 0.000000 0.000000 0.000000 0.000000 0.000000 0.000000 0.000000 0.000000 0.000000 0.000000 0.000000 0.000000 0.000000 0.000000 0.000000 0.000000 0.000000 0.000000 0.000000 0.000000 0.000000 0.000000 0.000000 0.000000 0.000000 0.000000 0.000000 0.000000 0.000000 0.000000 0.000000 0.000000 
50.000000 34.610917 21.500607 11.942704 5.933535 2.644675 1.062237 0.386463 0.128044 0.038839 0.010839 0.002796 0.000670 0.000149 0.000031 0.000006 0.000001 0.000000 0.000000 0.000000 0.000000 0.000000 0.000000 0.000000 0.000000 0.000000 0.000000 0.000000 0.000000 0.000000 0.000000 0.000000 0.000000 0.000000 0.000000 0.000000 0.000000 0.000000 0.000000 0.000000 0.000000 0.000000 0.000000 0.000000 0.000000 0.000000 0.000000 0.000000 0.000000 0.000000 
50.000000 34.610917 21.500607 11.942704 5.933535 2.644675 1.062237 0.386463 0.128044 0.038839 0.010839 0.002796 0.000670 0.000149 0.000031 0.000006 0.000001 0.000000 0.000000 0.000000 0.000000 0.000000 0.000000 0.000000 0.000000 0.000000 0.000000 0.000000 0.000000 0.000000 0.000000 0.000000 0.000000 0.000000 0.000000 0.000000 0.000000 0.000000 0.000000 0.000000 0.000000 0.000000 0.000000 0.000000 0.000000 0.000000 0.000000 0.000000 0.000000 0.000000 
50.000000 34.610917 21.500607 11.942704 5.933535 2.644675 1.062237 0.386463 0.128044 0.038839 0.010839 0.002796 0.000670 0.000149 0.000031 0.000006 0.000001 0.000000 0.000000 0.000000 0.000000 0.000000 0.000000 0.000000 0.000000 0.000000 0.000000 0.000000 0.000000 0.000000 0.000000 0.000000 0.000000 0.000000 0.000000 0.000000 0.000000 0.000000 0.000000 0.000000 0.000000 0.000000 0.000000 0.000000 0.000000 0.000000 0.000000 0.000000 0.000000 0.000000 
50.000000 34.610917 21.500607 11.942704 5.933535 2.644675 1.062237 0.386463 0.128044 0.038839 0.010839 0.002796 0.000670 0.000149 0.000031 0.000006 0.000001 0.000000 0.000000 0.000000 0.000000 0.000000 0.000000 0.000000 0.000000 0.000000 0.000000 0.000000 0.000000 0.000000 0.000000 0.000000 0.000000 0.000000 0.000000 0.000000 0.000000 0.000000 0.000000 0.000000 0.000000 0.000000 0.000000 0.000000 0.000000 0.000000 0.000000 0.000000 0.000000 0.000000 
50.000000 34.610917 21.500607 11.942704 5.933535 2.644675 1.062237 0.386463 0.128044 0.038839 0.010839 0.002796 0.000670 0.000149 0.000031 0.000006 0.000001 0.000000 0.000000 0.000000 0.000000 0.000000 0.000000 0.000000 0.000000 0.000000 0.000000 0.000000 0.000000 0.000000 0.000000 0.000000 0.000000 0.000000 0.000000 0.000000 0.000000 0.000000 0.000000 0.000000 0.000000 0.000000 0.000000 0.000000 0.000000 0.000000 0.000000 0.000000 0.000000 0.000000 
50.000000 34.610917 21.500607 11.942704 5.933535 2.644675 1.062237 0.386463 0.128044 0.038839 0.010839 0.002796 0.000670 0.000149 0.000031 0.000006 0.000001 0.000000 0.000000 0.000000 0.000000 0.000000 0.000000 0.000000 0.000000 0.000000 0.000000 0.000000 0.000000 0.000000 0.000000 0.000000 0.000000 0.000000 0.000000 0.000000 0.000000 0.000000 0.000000 0.000000 0.000000 0.000000 0.000000 0.000000 0.000000 0.000000 0.000000 0.000000 0.000000 0.000000 
50.000000 34.610917 21.500607 11.942704 5.933535 2.644675 1.062237 0.386463 0.128044 0.038839 0.010839 0.002796 0.000670 0.000150 0.000031 0.000006 0.000001 0.000000 0.000000 0.000000 0.000000 0.000000 0.000000 0.000000 0.000000 0.000000 0.000000 0.000000 0.000000 0.000000 0.000000 0.000000 0.000000 0.000000 0.000000 0.000000 0.000000 0.000000 0.000000 0.000000 0.000000 0.000000 0.000000 0.000000 0.000000 0.000000 0.000000 0.000000 0.000000 0.000000 
50.000000 34.610917 21.500607 11.942704 5.933535 2.644675 1.062237 0.386463 0.128045 0.038839 0.010839 0.002796 0.000670 0.000150 0.000031 0.000006 0.000001 0.000000 0.000000 0.000000 0.000000 0.000000 0.000000 0.000000 0.000000 0.000000 0.000000 0.000000 0.000000 0.000000 0.000000 0.000000 0.000000 0.000000 0.000000 0.000000 0.000000 0.000000 0.000000 0.000000 0.000000 0.000000 0.000000 0.000000 0.000000 0.000000 0.000000 0.000000 0.000000 0.000000 
50.000000 34.610917 21.500608 11.942705 5.933536 2.644676 1.062238 0.386464 0.128046 0.038840 0.010840 0.002797 0.000671 0.000151 0.000032 0.000007 0.000002 0.000001 0.000001 0.000001 0.000001 0.000001 0.000001 0.000001 0.000001 0.000001 0.000001 0.000001 0.000001 0.000001 0.000001 0.000001 0.000001 0.000001 0.000001 0.000001 0.000001 0.000001 0.000001 0.000001 0.000001 0.000001 0.000001 0.000001 0.000001 0.000001 0.000001 0.000001 0.000000 0.000000 
50.000000 34.610919 21.500611 11.942709 5.933540 2.644681 1.062243 0.386469 0.128051 0.038845 0.010845 0.002802 0.000676 0.000156 0.000037 0.000012 0.000007 0.000006 0.000006 0.000006 0.000006 0.000006 0.000006 0.000006 0.000006 0.000006 0.000006 0.000006 0.000006 0.000006 0.000006 0.000006 0.000006 0.000006 0.000006 0.000006 0.000006 0.000006 0.000006 0.000006 0.000006 0.000006 0.000006 0.000006 0.000006 0.000006 0.000005 0.000004 0.000002 0.000000 
50.000000 34.610927 21.500625 11.942728 5.933562 2.644705 1.062267 0.386494 0.128076 0.038870 0.010870 0.002827 0.000701 0.000181 0.000062 0.000037 0.000032 0.000031 0.000031 0.000031 0.000031 0.000031 0.000031 0.000031 0.000031 0.000031 0.000031 0.000031 0.000031 0.000031 0.000031 0.000031 0.000031 0.000031 0.000031 0.000031 0.000031 0.000031 0.000031 0.000031 0.000031 0.000031 0.000031 0.000031 0.000030 0.000028 0.000025 0.000019 0.000010 0.000000 
50.000000 34.610964 21.500693 11.942819 5.933667 2.644817 1.062383 0.386611 0.128194 0.038988 0.010989 0.002946 0.000819 0.000299 0.000181 0.000156 0.000151 0.000150 0.000150 0.000149 0.000149 0.000149 0.000149 0.000149 0.000149 0.000149 0.000149 0.000149 0.000149 0.000149 0.000149 0.000149 0.000149 0.000149 0.000149 0.000149 0.000149 0.000149 0.000149 0.000149 0.000149 0.000149 0.000149 0.000147 0.000144 0.000135 0.000118 0.000090 0.000049 0.000000 
50.000000 34.611126 21.500993 11.943217 5.934128 2.645311 1.062893 0.387128 0.128713 0.039508 0.011509 0.003466 0.001339 0.000819 0.000701 0.000676 0.000671 0.000670 0.000670 0.000670 0.000670 0.000670 0.000670 0.000670 0.000670 0.000670 0.000670 0.000670 0.000670 0.000670 0.000670 0.000670 0.000670 0.000670 0.000670 0.000670 0.000670 0.000670 0.000670 0.000670 0.000669 0.000669 0.000666 0.000660 0.000643 0.000606 0.000532 0.000405 0.000222 0.000000 
50.000000 34.611786 21.502215 11.944846 5.936009 2.647330 1.064977 0.389239 0.130834 0.041633 0.013635 0.005592 0.003466 0.002946 0.002827 0.002802 0.002797 0.002796 0.002796 0.002796 0.002796 0.002796 0.002796 0.002796 0.002796 0.002796 0.002796 0.002796 0.002796 0.002796 0.002796 0.002796 0.002796 0.002796 0.002796 0.002796 0.002796 0.002796 0.002796 0.002796 0.002795 0.002792 0.002783 0.002757 0.002689 0.002535 0.002227 0.001699 0.000931 0.000000 
50.000000 34.614282 21.506831 11.950999 5.943122 2.654962 1.072857 0.397223 0.138858 0.049670 0.021676 0.013635 0.011509 0.010989 0.010870 0.010845 0.010840 0.010839 0.010839 0.010839 0.010839 0.010839 0.010839 0.010839 0.010839 0.010839 0.010839 0.010839 0.010839 0.010839 0.010839 0.010839 0.010839 0.010839 0.010839 0.010839 0.010839 0.010839 0.010839 0.010838 0.010835 0.010824 0.010790 0.010691 0.010435 0.009848 0.008668 0.006628 0.003640 0.000000 
50.000000 34.622961 21.522885 11.972405 5.967871 2.681526 1.100286 0.425017 0.166790 0.077650 0.049670 0.041633 0.039508 0.038988 0.038870 0.038845 0.038840 0.038839 0.038839 0.038839 0.038839 0.038839 0.038839 0.038839 0.038839 0.038839 0.038839 0.038839 0.038839 0.038839 0.038839 0.038839 0.038839 0.038839 0.038839 0.038839 0.038839 0.038839 0.038838 0.038835 0.038825 0.038788 0.038671 0.038331 0.037443 0.035389 0.031222 0.023942 0.013183 0.000000 
50.000000 34.650576 21.573978 12.040550 6.046678 2.766131 1.187658 0.513562 0.255779 0.166790 0.138858 0.130834 0.128713 0.128194 0.128076 0.128051 0.128046 0.128045 0.128044 0.128044 0.128044 0.128044 0.128044 0.128044 0.128044 0.128044 0.128044 0.128044 0.128044 0.128044 0.128044 0.128044 0.128044 0.128044 0.128044 0.128044 0.128044 0.128044 0.128042 0.128034 0.128002 0.127889 0.127526 0.126462 0.123660 0.117100 0.103630 0.079775 0.044084 0.000000 
50.000000 34.730477 21.721842 12.237811 6.274863 3.011151 1.440730 0.770048 0.513562 0.425017 0.397223 0.389239 0.387128 0.386611 0.386494 0.386469 0.386464 0.386463 0.386463 0.386463 0.386463 0.386463 0.386463 0.386463 0.386463 0.386463 0.386463 0.386463 0.386463 0.386463 0.386463 0.386463 0.386463 0.386463 0.386463 0.386463 0.386462 0.386461 0.386456 0.386433 0.386346 0.386035 0.385024 0.382031 0.374051 0.355099 0.315537 0.244216 0.135666 0.000000 
50.000000 34.939189 22.108148 12.753294 6.871300 3.651717 2.102432 1.440730 1.187658 1.100286 1.072857 1.064977 1.062893 1.062383 1.062267 1.062243 1.062238 1.062237 1.062237 1.062237 1.062237 1.062237 1.062237 1.062237 1.062237 1.062237 1.062237 1.062237 1.062237 1.062237 1.062237 1.062237 1.062237 1.062237 1.062237 1.062237 1.062236 1.062233 1.062220 1.062166 1.061955 1.061196 1.058699 1.051216 1.030961 0.981959 0.877424 0.684328 0.383174 0.000000 
50.000000 35.427414 23.011956 13.959593 8.267352 5.151334 3.651717 3.011151 2.766131 2.681526 2.654962 2.647330 2.645311 2.644817 2.644705 2.644681 2.644676 2.644675 2.644675 2.644675 2.644675 2.644675 2.644675 2.644675 2.644675 2.644675 2.644675 2.644675 2.644675 2.644675 2.644675 2.644675 2.644675 2.644675 2.644675 2.644675 2.644673 2.644667 2.644641 2.644527 2.644082 2.642470 2.637100 2.620757 2.575667 2.463967 2.218690 1.750000 0.992216 0.000000 
50.000000 36.441161 24.888898 16.465224 11.167704 8.267352 6.871300 6.274863 6.046678 5.967871 5.943122 5.936009 5.934128 5.933667 5.933562 5.933540 5.933536 5.933535 5.933535 5.933535 5.933535 5.933535 5.933535 5.933535 5.933535 5.933535 5.933535 5.933535 5.933535 5.933535 5.933535 5.933535 5.933535 5.933535 5.933534 5.933534 5.933532 5.933522 5.933474 5.933274 5.932482 5.929578 5.919764 5.889341 5.803385 5.583852 5.082701 4.077899 2.361213 0.000000 
50.000000 38.291897 28.315959 21.040985 16.465224 13.959593 12.753294 12.237811 12.040550 11.972405 11.950999 11.944846 11.943217 11.942819 11.942728 11.942709 11.942705 11.942704 11.942704 11.942704 11.942704 11.942704 11.942704 11.942704 11.942704 11.942704 11.942704 11.942704 11.942704 11.942704 11.942704 11.942704 11.942704 11.942704 11.942704 11.942703 11.942700 11.942686 11.942619 11.942331 11.941183 11.936920 11.922274 11.875869 11.740903 11.382523 10.520493 8.667802 5.211725 0.000000 
50.000000 41.233651 33.763861 28.315959 24.888898 23.011956 22.108148 21.721842 21.573978 21.522885 21.506831 21.502215 21.500993 21.500693 21.500625 21.500611 21.500608 21.500607 21.500607 21.500607 21.500607 21.500607 21.500607 21.500607 21.500607 21.500607 21.500607 21.500607 21.500607 21.500607 21.500607 21.500607 21.500607 21.500607 21.500607 21.500607 21.500603 21.500588 21.500515 21.500203 21.498943 21.494203 21.477626 21.423820 21.261956 20.810999 19.648158 16.881930 10.908905 0.000000 
50.000000 45.266886 41.233651 38.291897 36.441161 35.427414 34.939189 34.730477 34.650576 34.622961 34.614282 34.611786 34.611126 34.610964 34.610927 34.610919 34.610917 34.610917 34.610917 34.610917 34.610917 34.610917 34.610917 34.610917 34.610917 34.610917 34.610917 34.610917 34.610917 34.610917 34.610917 34.610917 34.610917 34.610917 34.610917 34.610917 34.610914 34.610904 34.610855 34.610643 34.609778 34.606491 34.594811 34.556015 34.435198 34.079948 33.080172 30.324747 22.633443 0.000000 
50.000000 50.000000 50.000000 50.000000 50.000000 50.000000 50.000000 50.000000 50.000000 50.000000 50.000000 50.000000 50.000000 50.000000 50.000000 50.000000 50.000000 50.000000 50.000000 50.000000 50.000000 50.000000 50.000000 50.000000 50.000000 50.000000 50.000000 50.000000 50.000000 50.000000 50.000000 50.000000 50.000000 50.000000 50.000000 50.000000 50.000000 50.000000 50.000000 50.000000 50.000000 50.000000 50.000000 50.000000 50.000000 50.000000 50.000000 50.000000 50.000000 50.000000 
