50.000000 50.000000 50.000000 50.000000 50.000000 50.000000 50.000000 50.000000 50.000000 50.000000 50.000000 50.000000 50.000000 50.000000 50.000000 50.000000 50.000000 50.000000 50.000000 50.000000 50.000000 50.000000 50.000000 50.000000 50.000000 50.000000 50.000000 50.000000 50.000000 50.000000 50.000000 50.000000 50.000000 50.000000 50.000000 50.000000 50.000000 50.000000 50.000000 50.000000 50.000000 50.000000 50.000000 50.000000 50.000000 50.000000 50.000000 50.000000 50.000000 50.000000 
50.000000 44.263718 39.553205 36.349694 34.521011 33.631583 33.257603 33.119854 33.074888 33.061746 33.058277 33.057443 33.057260 33.057223 33.057216 33.057214 33.057214 33.057214 33.057214 33.057214 33.057214 33.057214 33.057214 33.057214 33.057214 33.057214 33.057214 33.057214 33.057214 33.057214 33.057214 33.057214 33.057214 33.057214 33.057214 33.057214 33.057214 33.057212 33.057199 33.057136 33.056828 33.055446 33.049691 33.027506 32.948275 32.685008 31.862898 29.403401 22.131859 0.000000 
50.000000 39.553205 30.975123 25.142142 21.813063 20.194235 19.513731 19.263148 19.181372 19.157479 19.151174 19.149660 19.149327 19.149259 19.149246 19.149244 19.149244 19.149244 19.149244 19.149244 19.149244 19.149244 19.149244 19.149244 19.149244 19.149244 19.149244 19.149244 19.149244 19.149244 19.149244 19.149244 19.149244 19.149244 19.149244 19.149244 19.149243 19.149240 19.149223 19.149136 19.148718 19.146861 19.139251 19.110584 19.011655 18.699900 17.805934 15.487562 10.149804 0.000000 
50.000000 36.349694 25.142142 17.522425 13.174588 11.060954 10.172727 9.845765 9.739102 9.707950 9.699733 9.697760 9.697326 9.697238 9.697221 9.697219 9.697218 9.697218 9.697218 9.697218 9.697218 9.697218 9.697218 9.697218 9.697218 9.697218 9.697218 9.697218 9.697218 9.697218 9.697218 9.697218 9.697218 9.697218 9.697218 9.697218 9.697217 9.697215 9.697201 9.697128 9.696784 9.695275 9.689191 9.666794 9.591926 9.366478 8.761212 7.336208 4.486797 0.000000 
50.000000 34.521011 21.813063 13.174588 8.246478 5.851360 4.845131 4.474847 4.354091 4.318836 4.309539 4.307308 4.306818 4.306718 4.306699 4.306696 4.306696 4.306696 4.306696 4.306696 4.306696 4.306696 4.306696 4.306696 4.306696 4.306696 4.306696 4.306696 4.306696 4.306696 4.306696 4.306696 4.306696 4.306696 4.306696 4.306696 4.306695 4.306694 4.306685 4.306640 4.306431 4.305521 4.301911 4.288880 4.246465 4.123239 3.808110 3.113162 1.836003 0.000000 
50.000000 33.631583 20.194235 11.060954 5.851360 3.319903 2.256616 1.865423 1.737880 1.700652 1.690837 1.688483 1.687965 1.687860 1.687841 1.687837 1.687837 1.687837 1.687837 1.687837 1.687837 1.687837 1.687837 1.687837 1.687837 1.687837 1.687837 1.687837 1.687837 1.687837 1.687837 1.687837 1.687837 1.687837 1.687837 1.687836 1.687836 1.687836 1.687831 1.687809 1.687707 1.687268 1.685546 1.679433 1.659951 1.604895 1.469028 1.182580 0.683308 0.000000 
50.000000 33.257603 19.513731 10.172727 4.845131 2.256616 1.169496 0.769589 0.639222 0.601176 0.591147 0.588742 0.588213 0.588106 0.588086 0.588082 0.588082 0.588081 0.588081 0.588081 0.588081 0.588081 0.588081 0.588081 0.588081 0.588081 0.588081 0.588081 0.588081 0.588081 0.588081 0.588081 0.588081 0.588081 0.588081 0.588081 0.588081 0.588081 0.588079 0.588070 0.588029 0.587851 0.587162 0.584748 0.577183 0.556250 0.505933 0.403146 0.230097 0.000000 
50.000000 33.119854 19.263148 9.845765 4.474847 1.865423 0.769589 0.366502 0.235108 0.196764 0.186658 0.184234 0.183701 0.183593 0.183573 0.183570 0.183569 0.183569 0.183569 0.183569 0.183569 0.183569 0.183569 0.183569 0.183569 0.183569 0.183569 0.183569 0.183569 0.183569 0.183569 0.183569 0.183569 0.183569 0.183569 0.183569 0.183569 0.183569 0.183568 0.183565 0.183551 0.183489 0.183251 0.182427 0.179877 0.172936 0.156573 0.123897 0.070163 0.000000 
50.000000 33.074888 19.181372 9.739102 4.354091 1.737880 0.639222 0.235108 0.103383 0.064943 0.054813 0.052383 0.051849 0.051740 0.051720 0.051717 0.051716 0.051716 0.051716 0.051716 0.051716 0.051716 0.051716 0.051716 0.051716 0.051716 0.051716 0.051716 0.051716 0.051716 0.051716 0.051716 0.051716 0.051716 0.051716 0.051716 0.051716 0.051716 0.051716 0.051715 0.051710 0.051691 0.051619 0.051371 0.050612 0.048570 0.043827 0.034511 0.019442 0.000000 
50.000000 33.061746 19.157479 9.707950 4.318836 1.700652 0.601176 0.196764 0.064943 0.026477 0.016339 0.013907 0.013373 0.013265 0.013244 0.013241 0.013240 0.013240 0.013240 0.013240 0.013240 0.013240 0.013240 0.013240 0.013240 0.013240 0.013240 0.013240 0.013240 0.013240 0.013240 0.013240 0.013240 0.013240 0.013240 0.013240 0.013240 0.013240 0.013240 0.013240 0.013238 0.013233 0.013214 0.013147 0.012945 0.012405 0.011166 0.008761 0.004918 0.000000 
50.000000 33.058277 19.151174 9.699733 4.309539 1.690837 0.591147 0.186658 0.054813 0.016339 0.006199 0.003767 0.003232 0.003124 0.003104 0.003100 0.003100 0.003100 0.003100 0.003100 0.003100 0.003100 0.003100 0.003100 0.003100 0.003100 0.003100 0.003100 0.003100 0.003100 0.003100 0.003100 0.003100 0.003100 0.003100 0.003100 0.003100 0.003100 0.003100 0.003100 0.003099 0.003098 0.003093 0.003077 0.003028 0.002899 0.002604 0.002038 0.001141 0.000000 
50.000000 33.057443 19.149660 9.697760 4.307308 1.688483 0.588742 0.184234 0.052383 0.013907 0.003767 0.001335 0.000800 0.000692 0.000672 0.000668 0.000667 0.000667 0.000667 0.000667 0.000667 0.000667 0.000667 0.000667 0.000667 0.000667 0.000667 0.000667 0.000667 0.000667 0.000667 0.000667 0.000667 0.000667 0.000667 0.000667 0.000667 0.000667 0.000667 0.000667 0.000667 0.000667 0.000666 0.000662 0.000652 0.000623 0.000559 0.000437 0.000244 0.000000 
50.000000 33.057260 19.149327 9.697326 4.306818 1.687965 0.588213 0.183701 0.051849 0.013373 0.003232 0.000800 0.000266 0.000157 0.000137 0.000133 0.000133 0.000133 0.000133 0.000133 0.000133 0.000133 0.000133 0.000133 0.000133 0.000133 0.000133 0.000133 0.000133 0.000133 0.000133 0.000133 0.000133 0.000133 0.000133 0.000133 0.000133 0.000133 0.000133 0.000133 0.000133 0.000133 0.000133 0.000132 0.000130 0.000124 0.000111 0.000087 0.000048 0.000000 
50.000000 33.057223 19.149259 9.697238 4.306718 1.687860 0.588106 0.183593 0.051740 0.013265 0.003124 0.000692 0.000157 0.000049 0.000029 0.000025 0.000025 0.000025 0.000025 0.000025 0.000025 0.000025 0.000025 0.000025 0.000025 0.000025 0.000025 0.000025 0.000025 0.000025 0.000025 0.000025 0.000025 0.000025 0.000025 0.000025 0.000025 0.000025 0.000025 0.000025 0.000025 0.000025 0.000024 0.000024 0.000024 0.000023 0.000020 0.000016 0.000009 0.000000 
50.000000 33.057216 19.149246 9.697221 4.306699 1.687841 0.588086 0.183573 0.051720 0.013244 0.003104 0.000672 0.000137 0.000029 0.000008 0.000005 0.000004 0.000004 0.000004 0.000004 0.000004 0.000004 0.000004 0.000004 0.000004 0.000004 0.000004 0.000004 0.000004 0.000004 0.000004 0.000004 0.000004 0.000004 0.000004 0.000004 0.000004 0.000004 0.000004 0.000004 0.000004 0.000004 0.000004 0.000004 0.000004 0.000004 0.000004 0.000003 0.000002 0.000000 
50.000000 33.057214 19.149244 9.697219 4.306696 1.687837 0.588082 0.183570 0.051717 0.013241 0.003100 0.000668 0.000133 0.000025 0.000005 0.000001 0.000001 0.000001 0.000001 0.000001 0.000001 0.000001 0.000001 0.000001 0.000001 0.000001 0.000001 0.000001 0.000001 0.000001 0.000001 0.000001 0.000001 0.000001 0.000001 0.000001 0.000001 0.000001 0.000001 0.000001 0.000001 0.000001 0.000001 0.000001 0.000001 0.000001 0.000001 0.000000 0.000000 0.000000 
50.000000 33.057214 19.149244 9.697218 4.306696 1.687837 0.588082 0.183569 0.051716 0.013240 0.003100 0.000667 0.000133 0.000025 0.000004 0.000001 0.000000 0.000000 0.000000 0.000000 0.000000 0.000000 0.000000 0.000000 0.000000 0.000000 0.000000 0.000000 0.000000 0.000000 0.000000 0.000000 0.000000 0.000000 0.000000 0.000000 0.000000 0.000000 0.000000 0.000000 0.000000 0.000000 0.000000 0.000000 0.000000 0.000000 0.000000 0.000000 0.000000 0.000000 
50.000000 33.057214 19.149244 9.697218 4.306696 1.687837 0.588081 0.183569 0.051716 0.013240 0.003100 0.000667 0.000133 0.000025 0.000004 0.000001 0.000000 0.000000 0.000000 0.000000 0.000000 0.000000 0.000000 0.000000 0.000000 0.000000 0.000000 0.000000 0.000000 0.000000 0.000000 0.000000 0.000000 0.000000 0.000000 0.000000 0.000000 0.000000 0.000000 0.000000 0.000000 0.000000 0.000000 0.000000 0.000000 0.000000 0.000000 0.000000 0.000000 0.000000 
50.000000 33.057214 19.149244 9.697218 4.306696 1.687837 0.588081 0.183569 0.051716 0.013240 0.003100 0.000667 0.000133 0.000025 0.000004 0.000001 0.000000 0.000000 0.000000 0.000000 0.000000 0.000000 0.000000 0.000000 0.000000 0.000000 0.000000 0.000000 0.000000 0.000000 0.000000 0.000000 0.000000 0.000000 0.000000 0.000000 0.000000 0.000000 0.000000 0.000000 0.000000 0.000000 0.000000 0.000000 0.000000 0.000000 0.000000 0.000000 0.000000 0.000000 
50.000000 33.057214 19.149244 9.697218 4.306696 1.687837 0.588081 0.183569 0.051716 0.013240 0.003100 0.000667 0.000133 0.000025 0.000004 0.000001 0.000000 0.000000 0.000000 0.000000 0.000000 0.000000 0.000000 0.000000 0.000000 0.000000 0.000000 0.000000 0.000000 0.000000 0.000000 0.000000 0.000000 0.000000 0.000000 0.000000 0.000000 0.000000 0.000000 0.000000 0.000000 0.000000 0.000000 0.000000 0.000000 0.000000 0.000000 0.000000 0.000000 0.000000 
50.000000 33.057214 19.149244 9.697218 4.306696 1.687837 0.588081 0.183569 0.051716 0.013240 0.003100 0.000667 0.000133 0.000025 0.000004 0.000001 0.000000 0.000000 0.000000 0.000000 0.000000 0.000000 0.000000 0.000000 0.000000 0.000000 0.000000 0.000000 0.000000 0.000000 0.000000 0.000000 0.000000 0.000000 0.000000 0.000000 0.000000 0.000000 0.000000 0.000000 0.000000 0.000000 0.000000 0.000000 0.000000 0.000000 0.000000 0.000000 0.000000 0.000000 
50.000000 33.057214 19.149244 9.697218 4.306696 1.687837 0.588081 0.183569 0.051716 0.013240 0.003100 0.000667 0.000133 0.000025 0.000004 0.000001 0.000000 0.000000 0.000000 0.000000 0.000000 0.000000 0.000000 0.000000 0.000000 0.000000 0.000000 0.000000 0.000000 0.000000 0.000000 0.000000 0.000000 0.000000 0.000000 0.000000 0.000000 0.000000 0.000000 0.000000 0.000000 0.000000 0.000000 0.000000 0.000000 0.000000 0.000000 0.000000 0.000000 0.000000 
50.000000 33.057214 19.149244 9.697218 4.306696 1.687837 0.588081 0.183569 0.051716 0.013240 0.003100 0.000667 0.000133 0.000025 0.000004 0.000001 0.000000 0.000000 0.000000 0.000000 0.000000 0.000000 0.000000 0.000000 0.000000 0.000000 0.000000 0.000000 0.000000 0.000000 0.000000 0.000000 0.000000 0.000000 0.000000 0.000000 0.000000 0.000000 0.000000 0.000000 0.000000 0.000000 0.000000 0.000000 0.000000 0.000000 0.000000 0.000000 0.000000 0.000000 
50.000000 33.057214 19.149244 9.697218 4.306696 1.687837 0.588081 0.183569 0.051716 0.013240 0.003100 0.000667 0.000133 0.000025 0.000004 0.000001 0.000000 0.000000 0.000000 0.000000 0.000000 0.000000 0.000000 0.000000 0.000000 0.000000 0.000000 0.000000 0.000000 0.000000 0.000000 0.000000 0.000000 0.000000 0.000000 0.000000 0.000000 0.000000 0.000000 0.000000 0.000000 0.000000 0.000000 0.000000 0.000000 0.000000 0.000000 0.000000 0.000000 0.000000 
50.000000 33.057214 19.149244 9.697218 4.306696 1.687837 0.588081 0.183569 0.051716 0.013240 0.003100 0.000667 0.000133 0.000025 0.000004 0.000001 0.000000 0.000000 0.000000 0.000000 0.000000 0.000000 0.000000 0.000000 0.000000 0.000000 0.000000 0.000000 0.000000 0.000000 0.000000 0.000000 0.000000 0.000000 0.000000 0.000000 0.000000 0.000000 0.000000 0.000000 0.000000 0.000000 0.000000 0.000000 0.000000 0.000000 0.000000 0.000000 0.000000 0.000000 
50.000000 33.057214 19.149244 9.697218 4.306696 1.687837 0.588081 0.183569 0.051716 0.013240 0.003100 0.000667 0.000133 0.000025 0.000004 0.000001 0.000000 0.000000 0.000000 0.000000 0.000000 0.000000 0.000000 0.000000 0.000000 0.000000 0.000000 0.000000 0.000000 0.000000 0.000000 0.000000 0.000000 0.000000 0.000000 0.000000 0.000000 0.000000 0.000000 0.000000 0.000000 0.000000 0.000000 0.000000 0.000000 0.000000 0.000000 0.000000 0.000000 0.000000 
50.000000 33.057214 19.149244 9.697218 4.306696 1.687837 0.588081 0.183569 0.051716 0.013240 0.003100 0.000667 0.000133 0.000025 0.000004 0.000001 0.000000 0.000000 0.000000 0.000000 0.000000 0.000000 0.000000 0.000000 0.000000 0.000000 0.000000 0.000000 0.000000 0.000000 0.000000 0.000000 0.000000 0.000000 0.000000 0.000000 0.000000 0.000000 0.000000 0.000000 0.000000 0.000000 0.000000 0.000000 0.000000 0.000000 0.000000 0.000000 0.000000 0.000000 
50.000000 33.057214 19.149244 9.697218 4.306696 1.687837 0.588081 0.183569 0.051716 0.013240 0.003100 0.000667 0.000133 0.000025 0.000004 0.000001 0.000000 0.000000 0.000000 0.000000 0.000000 0.000000 0.000000 0.000000 0.000000 0.000000 0.000000 0.000000 0.000000 0.000000 0.000000 0.000000 0.000000 0.000000 0.000000 0.000000 0.000000 0.000000 0.000000 0.000000 0.000000 0.000000 0.000000 0.000000 0.000000 0.000000 0.000000 0.000000 0.000000 0.000000 
50.000000 33.057214 19.149244 9.697218 4.306696 1.687837 0.588081 0.183569 0.051716 0.013240 0.003100 0.000667 0.000133 0.000025 0.000004 0.000001 0.000000 0.000000 0.000000 0.000000 0.000000 0.000000 0.000000 0.000000 0.000000 0.000000 0.000000 0.000000 0.000000 0.000000 0.000000 0.000000 0.000000 0.000000 0.000000 0.000000 0.000000 0.000000 0.000000 0.000000 0.000000 0.000000 0.000000 0.000000 0.000000 0.000000 0.000000 0.000000 0.000000 0.000000 
50.000000 33.057214 19.149244 9.697218 4.306696 1.687837 0.588081 0.183569 0.051716 0.013240 0.003100 0.000667 0.000133 0.000025 0.000004 0.000001 0.000000 0.000000 0.000000 0.000000 0.000000 0.000000 0.000000 0.000000 0.000000 0.000000 0.000000 0.000000 0.000000 0.000000 0.000000 0.000000 0.000000 0.000000 0.000000 0.000000 0.000000 0.000000 0.000000 0.000000 0.000000 0.000000 0.000000 0.000000 0.000000 0.000000 0.000000 0.000000 0.000000 0.000000 
50.000000 33.057214 19.149244 9.697218 4.306696 1.687837 0.588081 0.183569 0.051716 0.013240 0.003100 0.000667 0.000133 0.000025 0.000004 0.000001 0.000000 0.000000 0.000000 0.000000 0.000000 0.000000 0.000000 0.000000 0.000000 0.000000 0.000000 0.000000 0.000000 0.000000 0.000000 0.000000 0.000000 0.000000 0.000000 0.000000 0.000000 0.000000 0.000000 0.000000 0.000000 0.000000 0.000000 0.000000 0.000000 0.000000 0.000000 0.000000 0.000000 0.000000 
50.000000 33.057214 19.149244 9.697218 4.306696 1.687837 0.588081 0.183569 0.051716 0.013240 0.003100 0.000667 0.000133 0.000025 0.000004 0.000001 0.000000 0.000000 0.000000 0.000000 0.000000 0.000000 0.000000 0.000000 0.000000 0.000000 0.000000 0.000000 0.000000 0.000000 0.000000 0.000000 0.000000 0.000000 0.000000 0.000000 0.000000 0.000000 0.000000 0.000000 0.000000 0.000000 0.000000 0.000000 0.000000 0.000000 0.000000 0.000000 0.000000 0.000000 
50.000000 33.057214 19.149244 9.697218 4.306696 1.687837 0.588081 0.183569 0.051716 0.013240 0.003100 0.000667 0.000133 0.000025 0.000004 0.000001 0.000000 0.000000 0.000000 0.000000 0.000000 0.000000 0.000000 0.000000 0.000000 0.000000 0.000000 0.000000 0.000000 0.000000 0.000000 0.000000 0.000000 0.000000 0.000000 0.000000 0.000000 0.000000 0.000000 0.000000 0.000000 0.000000 0.000000 0.000000 0.000000 0.000000 0.000000 0.000000 0.000000 0.000000 
50.000000 33.057214 19.149244 9.697218 4.306696 1.687837 0.588082 0.183569 0.051716 0.013240 0.003100 0.000667 0.000133 0.000025 0.000004 0.000001 0.000000 0.000000 0.000000 0.000000 0.000000 0.000000 0.000000 0.000000 0.000000 0.000000 0.000000 0.000000 0.000000 0.000000 0.000000 0.000000 0.000000 0.000000 0.000000 0.000000 0.000000 0.000000 0.000000 0.000000 0.000000 0.000000 0.000000 0.000000 0.000000 0.000000 0.000000 0.000000 0.000000 0.000000 
50.000000 33.057214 19.149244 9.697219 4.306696 1.687837 0.588082 0.183570 0.051717 0.013241 0.003100 0.000668 0.000133 0.000025 0.000005 0.000001 0.000001 0.000001 0.000001 0.000001 0.000001 0.000001 0.000001 0.000001 0.000001 0.000001 0.000001 0.000001 0.000001 0.000001 0.000001 0.000001 0.000001 0.000001 0.000001 0.000001 0.000001 0.000001 0.000001 0.000001 0.000001 0.000001 0.000001 0.000001 0.000001 0.000001 0.000001 0.000000 0.000000 0.000000 
50.000000 33.057216 19.149246 9.697221 4.306699 1.687841 0.588086 0.183573 0.051720 0.013244 0.003104 0.000672 0.000137 0.000029 0.000008 0.000005 0.000004 0.000004 0.000004 0.000004 0.000004 0.000004 0.000004 0.000004 0.000004 0.000004 0.000004 0.000004 0.000004 0.000004 0.000004 0.000004 0.000004 0.000004 0.000004 0.000004 0.000004 0.000004 0.000004 0.000004 0.000004 0.000004 0.000004 0.000004 0.000004 0.000004 0.000004 0.000003 0.000002 0.000000 
50.000000 33.057223 19.149259 9.697238 4.306718 1.687860 0.588106 0.183593 0.051740 0.013265 0.003124 0.000692 0.000157 0.000049 0.000029 0.000025 0.000025 0.000025 0.000025 0.000025 0.000025 0.000025 0.000025 0.000025 0.000025 0.000025 0.000025 0.000025 0.000025 0.000025 0.000025 0.000025 0.000025 0.000025 0.000025 0.000025 0.000025 0.000025 0.000025 0.000025 0.000025 0.000025 0.000024 0.000024 0.000024 0.000023 0.000020 0.000016 0.000009 0.000000 
50.000000 33.057260 19.149327 9.697326 4.306818 1.687965 0.588213 0.183701 0.051849 0.013373 0.003232 0.000800 0.000266 0.000157 0.000137 0.000133 0.000133 0.000133 0.000133 0.000133 0.000133 0.000133 0.000133 0.000133 0.000133 0.000133 0.000133 0.000133 0.000133 0.000133 0.000133 0.000133 0.000133 0.000133 0.000133 0.000133 0.000133 0.000133 0.000133 0.000133 0.000133 0.000133 0.000133 0.000132 0.000130 0.000124 0.000111 0.000087 0.000048 0.000000 
50.000000 33.057443 19.149660 9.697760 4.307308 1.688483 0.588742 0.184234 0.052383 0.013907 0.003767 0.001335 0.000800 0.000692 0.000672 0.000668 0.000667 0.000667 0.000667 0.000667 0.000667 0.000667 0.000667 0.000667 0.000667 0.000667 0.000667 0.000667 0.000667 0.000667 0.000667 0.000667 0.000667 0.000667 0.000667 0.000667 0.000667 0.000667 0.000667 0.000667 0.000667 0.000667 0.000666 0.000662 0.000652 0.000623 0.000559 0.000437 0.000244 0.000000 
50.000000 33.058277 19.151174 9.699733 4.309539 1.690837 0.591147 0.186658 0.054813 0.016339 0.006199 0.003767 0.003232 0.003124 0.003104 0.003100 0.003100 0.003100 0.003100 0.003100 0.003100 0.003100 0.003100 0.003100 0.003100 0.003100 0.003100 0.003100 0.003100 0.003100 0.003100 0.003100 0.003100 0.003100 0.003100 0.003100 0.003100 0.003100 0.003100 0.003100 0.003099 0.003098 0.003093 0.003077 0.003028 0.002899 0.002604 0.002038 0.001141 0.000000 
50.000000 33.061746 19.157479 9.707950 4.318836 1.700652 0.601176 0.196764 0.064943 0.026477 0.016339 0.013907 0.013373 0.013265 0.013244 0.013241 0.013240 0.013240 0.013240 0.013240 0.013240 0.013240 0.013240 0.013240 0.013240 0.013240 0.013240 0.013240 0.013240 0.013240 0.013240 0.013240 0.013240 0.013240 0.013240 0.013240 0.013240 0.013240 0.013240 0.013240 0.013238 0.013233 0.013214 0.013147 0.012945 0.012405 0.011166 0.008761 0.004918 0.000000 
50.000000 33.074888 19.181372 9.739102 4.354091 1.737880 0.639222 0.235108 0.103383 0.064943 0.054813 0.052383 0.051849 0.051740 0.051720 0.051717 0.051716 0.051716 0.051716 0.051716 0.051716 0.051716 0.051716 0.051716 0.051716 0.051716 0.051716 0.051716 0.051716 0.051716 0.051716 0.051716 0.051716 0.051716 0.051716 0.051716 0.051716 0.051716 0.051716 0.051715 0.051710 0.051691 0.051619 0.051371 0.050612 0.048570 0.043827 0.034511 0.019442 0.000000 
50.000000 33.119854 19.263148 9.845765 4.474847 1.865423 0.769589 0.366502 0.235108 0.196764 0.186658 0.184234 0.183701 0.183593 0.183573 0.183570 0.183569 0.183569 0.183569 0.183569 0.183569 0.183569 0.183569 0.183569 0.183569 0.183569 0.183569 0.183569 0.183569 0.183569 0.183569 0.183569 0.183569 0.183569 0.183569 0.183569 0.183569 0.183569 0.183568 0.183565 0.183551 0.183489 0.183251 0.182427 0.179877 0.172936 0.156573 0.123897 0.070163 0.000000 
50.000000 33.257603 19.513731 10.172727 4.845131 2.256616 1.169496 0.769589 0.639222 0.601176 0.591147 0.588742 0.588213 0.588106 0.588086 0.588082 0.588082 0.588081 0.588081 0.588081 0.588081 0.588081 0.588081 0.588081 0.588081 0.588081 0.588081 0.588081 0.588081 0.588081 0.588081 0.588081 0.588081 0.588081 0.588081 0.588081 0.588081 0.588081 0.588079 0.588070 0.588029 0.587851 0.587162 0.584748 0.577183 0.556250 0.505933 0.403146 0.230097 0.000000 
50.000000 33.631583 20.194235 11.060954 5.851360 3.319903 2.256616 1.865423 1.737880 1.700652 1.690837 1.688483 1.687965 1.687860 1.687841 1.687837 1.687837 1.687837 1.687837 1.687837 1.687837 1.687837 1.687837 1.687837 1.687837 1.687837 1.687837 1.687837 1.687837 1.687837 1.687837 1.687837 1.687837 1.687837 1.687837 1.687836 1.687836 1.687836 1.687831 1.687809 1.687707 1.687268 1.685546 1.679433 1.659951 1.604895 1.469028 1.182580 0.683308 0.000000 
50.000000 34.521011 21.813063 13.174588 8.246478 5.851360 4.845131 4.474847 4.354091 4.318836 4.309539 4.307308 4.306818 4.306718 4.306699 4.306696 4.306696 4.306696 4.306696 4.306696 4.306696 4.306696 4.306696 4.306696 4.306696 4.306696 4.306696 4.306696 4.306696 4.306696 4.306696 4.306696 4.306696 4.306696 4.306696 4.306696 4.306695 4.306694 4.306685 4.306640 4.306431 4.305521 4.301911 4.288880 4.246465 4.123239 3.808110 3.113162 1.836003 0.000000 
50.000000 36.349694 25.142142 17.522425 13.174588 11.060954 10.172727 9.845765 9.739102 9.707950 9.699733 9.697760 9.697326 9.697238 9.697221 9.697219 9.697218 9.697218 9.697218 9.697218 9.697218 9.697218 9.697218 9.697218 9.697218 9.697218 9.697218 9.697218 9.697218 9.697218 9.697218 9.697218 9.697218 9.697218 9.697218 9.697218 9.697217 9.697215 9.697201 9.697128 9.696784 9.695275 9.689191 9.666794 9.591926 9.366478 8.761212 7.336208 4.486797 0.000000 
50.000000 39.553205 30.975123 25.142142 21.813063 20.194235 19.513731 19.263148 19.181372 19.157479 19.151174 19.149660 19.149327 19.149259 19.149246 19.149244 19.149244 19.149244 19.149244 19.149244 19.149244 19.149244 19.149244 19.149244 19.149244 19.149244 19.149244 19.149244 19.149244 19.149244 19.149244 19.149244 19.149244 19.149244 19.149244 19.149244 19.149243 19.149240 19.149223 19.149136 19.148718 19.146861 19.139251 19.110584 19.011655 18.699900 17.805934 15.487562 10.149804 0.000000 
50.000000 44.263718 39.553205 36.349694 34.521011 33.631583 33.257603 33.119854 33.074888 33.061746 33.058277 33.057443 33.057260 33.057223 33.057216 33.057214 33.057214 33.057214 33.057214 33.057214 33.057214 33.057214 33.057214 33.057214 33.057214 33.057214 33.057214 33.057214 33.057214 33.057214 33.057214 33.057214 33.057214 33.057214 33.057214 33.057214 33.057214 33.057212 33.057199 33.057136 33.056828 33.055446 33.049691 33.027506 32.948275 32.685008 31.862898 29.403401 22.131859 0.000000 
50.000000 50.000000 50.000000 50.000000 50.000000 50.000000 50.000000 50.000000 50.000000 50.000000 50.000000 50.000000 50.000000 50.000000 50.000000 50.000000 50.000000 50.000000 50.000000 50.000000 50.000000 50.000000 50.000000 50.000000 50.000000 50.000000 50.000000 50.000000 50.000000 50.000000 50.000000 50.000000 50.000000 50.000000 50.000000 50.000000 50.000000 50.000000 50.000000 50.000000 50.000000 50.000000 50.000000 50.000000 50.000000 50.000000 50.000000 50.000000 50.000000 50.000000 
