50.000000 50.000000 50.000000 50.000000 50.000000 50.000000 50.000000 50.000000 50.000000 50.000000 50.000000 50.000000 50.000000 50.000000 50.000000 50.000000 50.000000 50.000000 50.000000 50.000000 50.000000 50.000000 50.000000 50.000000 50.000000 50.000000 50.000000 50.000000 50.000000 50.000000 50.000000 50.000000 50.000000 50.000000 50.000000 50.000000 50.000000 50.000000 50.000000 50.000000 50.000000 50.000000 50.000000 50.000000 50.000000 50.000000 50.000000 50.000000 50.000000 50.000000 
50.000000 49.033455 48.096239 47.215013 46.411505 45.700972 45.091551 44.584501 44.175190 43.854558 43.610777 43.430834 43.301855 43.212057 43.151315 43.111381 43.085858 43.069995 43.060403 43.054759 43.051526 43.049722 43.048742 43.048221 43.047950 43.047807 43.047723 43.047654 43.047563 43.047403 43.047098 43.046514 43.045416 43.043386 43.039707 43.033168 43.021756 43.002178 42.969112 42.914017 42.823202 42.674546 42.431624 42.032347 41.365051 40.212854 38.109614 33.923424 24.516728 0.000000 
50.000000 48.096239 46.250247 44.514535 42.931903 41.532403 40.332057 39.333350 38.527154 37.895626 37.415466 37.061046 36.807007 36.630140 36.510501 36.431848 36.381578 36.350334 36.331442 36.320326 36.313958 36.310406 36.308475 36.307450 36.306916 36.306635 36.306471 36.306338 36.306164 36.305860 36.305283 36.304181 36.302108 36.298282 36.291361 36.279081 36.257703 36.221140 36.159630 36.057667 35.890753 35.620133 35.183948 34.481671 33.345461 31.485643 28.386686 23.125123 14.172815 0.000000 
50.000000 47.215013 44.514535 41.975388 39.660183 37.612881 35.856923 34.395941 33.216583 32.292744 31.590339 31.071874 30.700255 30.441529 30.266517 30.151462 30.077927 30.032222 30.004587 29.988327 29.979013 29.973817 29.970993 29.969494 29.968713 29.968303 29.968066 29.967878 29.967637 29.967220 29.966431 29.964927 29.962103 29.956902 29.947519 29.930923 29.902140 29.853147 29.771218 29.636452 29.418060 29.068749 28.516108 27.649285 26.298527 24.205454 20.987694 16.127849 9.105399 0.000000 
50.000000 46.411505 42.931903 39.660183 36.677020 34.039059 31.776504 29.894032 28.374439 27.184086 26.279051 25.611025 25.132207 24.798850 24.573357 24.425116 24.330372 24.271486 24.235881 24.214931 24.202932 24.196238 24.192599 24.190669 24.189663 24.189138 24.188838 24.188606 24.188318 24.187827 24.186901 24.185143 24.181850 24.175804 24.164930 24.145777 24.112721 24.056793 23.963965 23.812703 23.570511 23.189122 22.597949 21.695551 20.339607 18.338510 15.454729 11.446260 6.198651 0.000000 
50.000000 45.700972 41.532403 37.612881 34.039059 30.878796 28.168279 25.913107 24.092667 22.666658 21.582460 20.782193 20.208596 19.809256 19.539132 19.361552 19.248059 19.177519 19.134869 19.109774 19.095401 19.087383 19.083024 19.080713 19.079510 19.078884 19.078531 19.078269 19.077956 19.077431 19.076449 19.074591 19.071121 19.064773 19.053402 19.033468 18.999259 18.941776 18.847163 18.694579 18.453389 18.079650 17.512001 16.667556 15.439398 13.699452 11.314354 8.186942 4.335921 0.000000 
50.000000 45.091551 40.332057 35.856923 31.776504 28.168279 25.073562 22.498746 20.420292 18.792183 17.554336 16.640666 15.985791 15.529870 15.221477 15.018740 14.889170 14.808639 14.759949 14.731301 14.714892 14.705739 14.700764 14.698126 14.696755 14.696044 14.695651 14.695371 14.695051 14.694530 14.693564 14.691745 14.688360 14.682191 14.671190 14.652004 14.619280 14.564694 14.475637 14.333528 14.111770 13.773485 13.269413 12.536781 11.500723 10.080953 8.207638 5.850387 3.059204 0.000000 
50.000000 44.584501 39.333350 34.395941 29.894032 25.913107 22.498746 19.657999 17.364893 15.568653 14.202988 13.194982 12.472497 11.969512 11.629287 11.405627 11.262687 11.173847 11.120134 11.088531 11.070430 11.060333 11.054846 11.051937 11.050426 11.049647 11.049223 11.048935 11.048626 11.048138 11.047245 11.045572 11.042473 11.036847 11.026862 11.009543 10.980191 10.931595 10.853006 10.728902 10.537623 10.250084 9.828999 9.229333 8.401106 7.296082 5.879833 4.149402 2.152878 0.000000 
50.000000 44.175190 38.527154 33.216583 28.374439 24.092667 20.420292 17.364893 14.898532 12.966589 11.497762 10.413620 9.636573 9.095607 8.729696 8.489153 8.335424 8.239880 8.182115 8.148128 8.128662 8.117804 8.111904 8.108776 8.107154 8.106321 8.105876 8.105587 8.105300 8.104865 8.104083 8.102626 8.099939 8.095084 8.086508 8.071714 8.046801 8.005858 7.940211 7.837574 7.681202 7.449266 7.114809 6.646807 6.013017 5.185317 4.147834 2.907022 1.500644 0.000000 
50.000000 43.854558 37.895626 32.292744 27.184086 22.666658 18.792183 15.568653 12.966589 10.928362 9.378739 8.234972 7.415196 6.844489 6.458464 6.204701 6.042526 5.941734 5.880796 5.844943 5.824409 5.812956 5.806732 5.803434 5.801725 5.800851 5.800391 5.800108 5.799848 5.799477 5.798823 5.797615 5.795397 5.791407 5.784394 5.772362 5.752227 5.719371 5.667120 5.586186 5.464181 5.285387 5.031030 4.680413 4.213269 3.613575 2.874684 2.004873 1.031357 0.000000 
50.000000 43.610777 37.415466 31.590339 26.279051 21.582460 17.554336 14.202988 11.497762 9.378739 7.767700 6.578611 5.726359 5.133047 4.731737 4.467928 4.299334 4.194555 4.131206 4.093936 4.072590 4.060684 4.054215 4.050788 4.049014 4.048109 4.047641 4.047366 4.047136 4.046830 4.046305 4.045347 4.043596 4.040461 4.034977 4.025618 4.010051 3.984820 3.945000 3.883850 3.792554 3.660187 3.474085 3.220808 2.887881 2.466349 1.953887 1.357799 0.696760 0.000000 
50.000000 43.430834 37.061046 31.071874 25.611025 20.782193 16.640666 13.194982 10.413620 8.234972 6.578611 5.356079 4.479863 3.869873 3.457285 3.186066 3.012738 2.905017 2.839891 2.801575 2.779630 2.767391 2.760741 2.757219 2.755397 2.754471 2.753998 2.753732 2.753530 2.753285 2.752880 2.752149 2.750823 2.748460 2.744345 2.737359 2.725805 2.707198 2.678039 2.633611 2.567852 2.473409 2.341976 2.165029 1.935030 1.647060 1.300656 0.901415 0.461722 0.000000 
50.000000 43.301855 36.807007 30.700255 25.132207 20.208596 15.985791 12.472497 9.636573 7.415196 5.726359 4.479863 3.586477 2.964539 2.543872 2.267344 2.090625 1.980797 1.914398 1.875333 1.852960 1.840483 1.833703 1.830113 1.828257 1.827316 1.826840 1.826584 1.826407 1.826213 1.825910 1.825374 1.824408 1.822695 1.819725 1.814707 1.806453 1.793239 1.772665 1.741539 1.695825 1.630716 1.540903 1.421097 1.266820 1.075414 0.847108 0.585866 0.299677 0.000000 
50.000000 43.212057 36.630140 30.441529 24.798850 19.809256 15.529870 11.969512 9.095608 6.844489 5.133047 3.869873 2.964539 2.334286 1.907997 1.627776 1.448697 1.337404 1.270120 1.230535 1.207864 1.195220 1.188351 1.184713 1.182833 1.181883 1.181406 1.181158 1.181001 1.180849 1.180629 1.180249 1.179571 1.178373 1.176306 1.172831 1.167143 1.158086 1.144068 1.122997 1.092262 1.048807 0.989321 0.910590 0.809997 0.686129 0.539388 0.372437 0.190302 0.000000 
50.000000 43.151315 36.510501 30.266517 24.573357 19.539132 15.221477 11.629287 8.729696 6.458464 4.731737 3.457285 2.543872 1.907998 1.477909 1.195191 1.014518 0.902234 0.834352 0.794415 0.771542 0.758787 0.751856 0.748187 0.746292 0.745335 0.744858 0.744616 0.744475 0.744356 0.744199 0.743938 0.743477 0.742669 0.741280 0.738955 0.735167 0.729165 0.719926 0.706119 0.686103 0.657983 0.619744 0.569473 0.505664 0.427580 0.335594 0.231420 0.118146 0.000000 
50.000000 43.111381 36.431848 30.151462 24.425116 19.361553 15.018740 11.405628 8.489153 6.204702 4.467928 3.186066 2.267344 1.627776 1.195191 0.910833 0.729112 0.616179 0.547903 0.507735 0.484730 0.471901 0.464931 0.461241 0.459335 0.458374 0.457898 0.457660 0.457531 0.457436 0.457325 0.457150 0.456848 0.456320 0.455417 0.453912 0.451470 0.447620 0.441722 0.432952 0.420309 0.402646 0.378766 0.347551 0.308150 0.260187 0.203943 0.140487 0.071674 0.000000 
50.000000 43.085858 36.381579 30.077927 24.330373 19.248059 14.889171 11.262688 8.335425 6.042527 4.299335 3.012739 2.090626 1.448698 1.014519 0.729113 0.546724 0.433374 0.364848 0.324532 0.301444 0.288567 0.281572 0.277868 0.275956 0.274993 0.274517 0.274283 0.274162 0.274083 0.274005 0.273891 0.273697 0.273363 0.272795 0.271851 0.270327 0.267932 0.264280 0.258876 0.251121 0.240342 0.225841 0.206980 0.183287 0.154570 0.121025 0.083297 0.042473 0.000000 
50.000000 43.069995 36.350334 30.032223 24.271487 19.177521 14.808641 11.173849 8.239883 5.941737 4.194557 2.905019 1.980800 1.337407 0.902237 0.616181 0.433376 0.319769 0.251087 0.210680 0.187539 0.174633 0.167622 0.163910 0.161994 0.161029 0.160554 0.160322 0.160207 0.160140 0.160083 0.160009 0.159889 0.159684 0.159337 0.158763 0.157839 0.156394 0.154199 0.150964 0.146342 0.139946 0.131379 0.120283 0.106401 0.089639 0.070122 0.048227 0.024580 0.000000 
50.000000 43.060404 36.331444 30.004590 24.235885 19.134873 14.759954 11.120139 8.182120 5.880802 4.131213 2.839897 1.914404 1.270126 0.834358 0.547909 0.364853 0.251091 0.182314 0.141852 0.118680 0.105757 0.098736 0.095019 0.093101 0.092135 0.091659 0.091430 0.091318 0.091258 0.091215 0.091167 0.091094 0.090972 0.090766 0.090427 0.089884 0.089037 0.087755 0.085873 0.083194 0.079500 0.074573 0.068214 0.060287 0.050745 0.039666 0.027265 0.013890 0.000000 
50.000000 43.054761 36.320330 29.988334 24.214940 19.109785 14.731313 11.088544 8.148142 5.844958 4.093951 2.801590 1.875349 1.230550 0.794431 0.507750 0.324548 0.210693 0.141862 0.101367 0.078176 0.065243 0.058216 0.054497 0.052577 0.051610 0.051135 0.050906 0.050797 0.050742 0.050708 0.050676 0.050632 0.050561 0.050442 0.050248 0.049937 0.049454 0.048726 0.047661 0.046149 0.044073 0.041312 0.037760 0.033346 0.028048 0.021910 0.015052 0.007666 0.000000 
50.000000 43.051531 36.313969 29.979029 24.202952 19.095425 14.714920 11.070460 8.128694 5.824443 4.072625 2.779667 1.852997 1.207901 0.771580 0.484768 0.301480 0.187574 0.118711 0.078198 0.054996 0.042057 0.035027 0.031306 0.029385 0.028418 0.027944 0.027715 0.027607 0.027555 0.027526 0.027504 0.027478 0.027437 0.027370 0.027262 0.027089 0.026821 0.026418 0.025831 0.025000 0.023862 0.022353 0.020417 0.018018 0.015146 0.011825 0.008120 0.004134 0.000000 
50.000000 43.049735 36.310431 29.973854 24.196285 19.087438 14.705802 11.060402 8.117878 5.813033 4.060765 2.767474 1.840567 1.195305 0.758872 0.471987 0.288652 0.174717 0.105836 0.065313 0.042105 0.029163 0.022131 0.018409 0.016488 0.015521 0.015046 0.014818 0.014711 0.014660 0.014635 0.014619 0.014602 0.014579 0.014543 0.014483 0.014389 0.014244 0.014026 0.013710 0.013263 0.012653 0.011846 0.010814 0.009538 0.008013 0.006253 0.004292 0.002185 0.000000 
50.000000 43.048770 36.308531 29.971074 24.192703 19.083148 14.700905 11.055000 8.112069 5.806905 4.054395 2.760926 1.833891 1.188540 0.752047 0.465122 0.281763 0.167812 0.098922 0.058393 0.035182 0.022238 0.015205 0.011483 0.009561 0.008594 0.008120 0.007892 0.007785 0.007735 0.007712 0.007698 0.007688 0.007675 0.007654 0.007622 0.007572 0.007494 0.007377 0.007209 0.006971 0.006647 0.006220 0.005675 0.005003 0.004201 0.003276 0.002248 0.001144 0.000000 
50.000000 43.048283 36.307571 29.969671 24.190896 19.080983 14.698433 11.052274 8.109137 5.803813 4.051180 2.757621 1.830521 1.185126 0.748602 0.461658 0.278286 0.164327 0.095432 0.054900 0.031688 0.018743 0.011710 0.007987 0.006066 0.005099 0.004624 0.004396 0.004290 0.004240 0.004218 0.004206 0.004198 0.004190 0.004179 0.004161 0.004132 0.004089 0.004024 0.003931 0.003800 0.003622 0.003388 0.003089 0.002722 0.002284 0.001781 0.001222 0.000622 0.000000 
50.000000 43.048081 36.307174 29.969090 24.190147 19.080087 14.697410 11.051145 8.107923 5.802533 4.049849 2.756253 1.829127 1.183713 0.747177 0.460224 0.276847 0.162885 0.093988 0.053455 0.030242 0.017296 0.010263 0.006540 0.004619 0.003652 0.003177 0.002950 0.002843 0.002794 0.002772 0.002761 0.002754 0.002748 0.002740 0.002728 0.002709 0.002680 0.002638 0.002576 0.002489 0.002372 0.002217 0.002021 0.001780 0.001493 0.001164 0.000798 0.000406 0.000000 
50.000000 43.048081 36.307174 29.969090 24.190147 19.080087 14.697410 11.051145 8.107923 5.802533 4.049849 2.756253 1.829127 1.183713 0.747177 0.460224 0.276847 0.162885 0.093988 0.053455 0.030242 0.017296 0.010263 0.006540 0.004619 0.003652 0.003177 0.002950 0.002843 0.002794 0.002772 0.002761 0.002754 0.002748 0.002740 0.002728 0.002709 0.002680 0.002638 0.002576 0.002489 0.002372 0.002217 0.002021 0.001780 0.001493 0.001164 0.000798 0.000406 0.000000 
50.000000 43.048283 36.307571 29.969671 24.190896 19.080983 14.698433 11.052274 8.109137 5.803813 4.051180 2.757621 1.830521 1.185126 0.748602 0.461658 0.278286 0.164327 0.095432 0.054900 0.031688 0.018743 0.011710 0.007987 0.006066 0.005099 0.004624 0.004396 0.004290 0.004240 0.004218 0.004206 0.004198 0.004190 0.004179 0.004161 0.004132 0.004089 0.004024 0.003931 0.003800 0.003622 0.003388 0.003089 0.002722 0.002284 0.001781 0.001222 0.000622 0.000000 
50.000000 43.048770 36.308531 29.971074 24.192703 19.083148 14.700905 11.055000 8.112069 5.806905 4.054395 2.760926 1.833891 1.188540 0.752047 0.465122 0.281763 0.167812 0.098922 0.058393 0.035182 0.022238 0.015205 0.011483 0.009561 0.008594 0.008120 0.007892 0.007785 0.007735 0.007712 0.007698 0.007688 0.007675 0.007654 0.007622 0.007572 0.007494 0.007377 0.007209 0.006971 0.006647 0.006220 0.005675 0.005003 0.004201 0.003276 0.002248 0.001144 0.000000 
50.000000 43.049735 36.310431 29.973854 24.196285 19.087438 14.705802 11.060402 8.117878 5.813033 4.060765 2.767474 1.840567 1.195305 0.758872 0.471987 0.288652 0.174717 0.105836 0.065313 0.042105 0.029163 0.022131 0.018409 0.016488 0.015521 0.015046 0.014818 0.014711 0.014660 0.014635 0.014619 0.014602 0.014579 0.014543 0.014483 0.014389 0.014244 0.014026 0.013710 0.013263 0.012653 0.011846 0.010814 0.009538 0.008013 0.006253 0.004292 0.002185 0.000000 
50.000000 43.051531 36.313969 29.979029 24.202952 19.095425 14.714920 11.070460 8.128694 5.824443 4.072625 2.779667 1.852997 1.207901 0.771580 0.484768 0.301480 0.187574 0.118711 0.078198 0.054996 0.042057 0.035027 0.031306 0.029385 0.028418 0.027944 0.027715 0.027607 0.027555 0.027526 0.027504 0.027478 0.027437 0.027370 0.027262 0.027089 0.026821 0.026418 0.025831 0.025000 0.023862 0.022353 0.020417 0.018018 0.015146 0.011825 0.008120 0.004134 0.000000 
50.000000 43.054761 36.320330 29.988334 24.214940 19.109785 14.731313 11.088544 8.148142 5.844958 4.093951 2.801590 1.875349 1.230550 0.794431 0.507750 0.324548 0.210693 0.141862 0.101367 0.078176 0.065243 0.058216 0.054497 0.052577 0.051610 0.051135 0.050906 0.050797 0.050742 0.050708 0.050676 0.050632 0.050561 0.050442 0.050248 0.049937 0.049454 0.048726 0.047661 0.046149 0.044073 0.041312 0.037760 0.033346 0.028048 0.021910 0.015052 0.007666 0.000000 
50.000000 43.060404 36.331444 30.004590 24.235885 19.134873 14.759954 11.120139 8.182120 5.880802 4.131213 2.839897 1.914404 1.270126 0.834358 0.547909 0.364853 0.251091 0.182314 0.141852 0.118680 0.105757 0.098736 0.095019 0.093101 0.092135 0.091659 0.091430 0.091318 0.091258 0.091215 0.091167 0.091094 0.090972 0.090766 0.090427 0.089884 0.089037 0.087755 0.085873 0.083194 0.079500 0.074573 0.068214 0.060287 0.050745 0.039666 0.027265 0.013890 0.000000 
50.000000 43.069995 36.350334 30.032223 24.271487 19.177521 14.808641 11.173849 8.239883 5.941737 4.194557 2.905019 1.980800 1.337407 0.902237 0.616181 0.433376 0.319769 0.251087 0.210680 0.187539 0.174633 0.167622 0.163910 0.161994 0.161029 0.160554 0.160322 0.160207 0.160140 0.160083 0.160009 0.159889 0.159684 0.159337 0.158763 0.157839 0.156394 0.154199 0.150964 0.146342 0.139946 0.131379 0.120283 0.106401 0.089639 0.070122 0.048227 0.024580 0.000000 
50.000000 43.085858 36.381579 30.077927 24.330373 19.248059 14.889171 11.262688 8.335425 6.042527 4.299335 3.012739 2.090626 1.448698 1.014519 0.729113 0.546724 0.433374 0.364848 0.324532 0.301444 0.288567 0.281572 0.277868 0.275956 0.274993 0.274517 0.274283 0.274162 0.274083 0.274005 0.273891 0.273697 0.273363 0.272795 0.271851 0.270327 0.267932 0.264280 0.258876 0.251121 0.240342 0.225841 0.206980 0.183287 0.154570 0.121025 0.083297 0.042473 0.000000 
50.000000 43.111381 36.431848 30.151462 24.425116 19.361553 15.018740 11.405628 8.489153 6.204702 4.467928 3.186066 2.267344 1.627776 1.195191 0.910833 0.729112 0.616179 0.547903 0.507735 0.484730 0.471901 0.464931 0.461241 0.459335 0.458374 0.457898 0.457660 0.457531 0.457436 0.457325 0.457150 0.456848 0.456320 0.455417 0.453912 0.451470 0.447620 0.441722 0.432952 0.420309 0.402646 0.378766 0.347551 0.308150 0.260187 0.203943 0.140487 0.071674 0.000000 
50.000000 43.151315 36.510501 30.266517 24.573357 19.539132 15.221477 11.629287 8.729696 6.458464 4.731737 3.457285 2.543872 1.907998 1.477909 1.195191 1.014518 0.902234 0.834352 0.794415 0.771542 0.758787 0.751856 0.748187 0.746292 0.745335 0.744858 0.744616 0.744475 0.744356 0.744199 0.743938 0.743477 0.742669 0.741280 0.738955 0.735167 0.729165 0.719926 0.706119 0.686103 0.657983 0.619744 0.569473 0.505664 0.427580 0.335594 0.231420 0.118146 0.000000 
50.000000 43.212057 36.630140 30.441529 24.798850 19.809256 15.529870 11.969512 9.095608 6.844489 5.133047 3.869873 2.964539 2.334286 1.907997 1.627776 1.448697 1.337404 1.270120 1.230535 1.207864 1.195220 1.188351 1.184713 1.182833 1.181883 1.181406 1.181158 1.181001 1.180849 1.180629 1.180249 1.179571 1.178373 1.176306 1.172831 1.167143 1.158086 1.144068 1.122997 1.092262 1.048807 0.989321 0.910590 0.809997 0.686129 0.539388 0.372437 0.190302 0.000000 
50.000000 43.301855 36.807007 30.700255 25.132207 20.208596 15.985791 12.472497 9.636573 7.415196 5.726359 4.479863 3.586477 2.964539 2.543872 2.267344 2.090625 1.980797 1.914398 1.875333 1.852960 1.840483 1.833703 1.830113 1.828257 1.827316 1.826840 1.826584 1.826407 1.826213 1.825910 1.825374 1.824408 1.822695 1.819725 1.814707 1.806453 1.793239 1.772665 1.741539 1.695825 1.630716 1.540903 1.421097 1.266820 1.075414 0.847108 0.585866 0.299677 0.000000 
50.000000 43.430834 37.061046 31.071874 25.611025 20.782193 16.640666 13.194982 10.413620 8.234972 6.578611 5.356079 4.479863 3.869873 3.457285 3.186066 3.012738 2.905017 2.839891 2.801575 2.779630 2.767391 2.760741 2.757219 2.755397 2.754471 2.753998 2.753732 2.753530 2.753285 2.752880 2.752149 2.750823 2.748460 2.744345 2.737359 2.725805 2.707198 2.678039 2.633611 2.567852 2.473409 2.341976 2.165029 1.935030 1.647060 1.300656 0.901415 0.461722 0.000000 
50.000000 43.610777 37.415466 31.590339 26.279051 21.582460 17.554336 14.202988 11.497762 9.378739 7.767700 6.578611 5.726359 5.133047 4.731737 4.467928 4.299334 4.194555 4.131206 4.093936 4.072590 4.060684 4.054215 4.050788 4.049014 4.048109 4.047641 4.047366 4.047136 4.046830 4.046305 4.045347 4.043596 4.040461 4.034977 4.025618 4.010051 3.984820 3.945000 3.883850 3.792554 3.660187 3.474085 3.220808 2.887881 2.466349 1.953887 1.357799 0.696760 0.000000 
50.000000 43.854558 37.895626 32.292744 27.184086 22.666658 18.792183 15.568653 12.966589 10.928362 9.378739 8.234972 7.415196 6.844489 6.458464 6.204701 6.042526 5.941734 5.880796 5.844943 5.824409 5.812956 5.806732 5.803434 5.801725 5.800851 5.800391 5.800108 5.799848 5.799477 5.798823 5.797615 5.795397 5.791407 5.784394 5.772362 5.752227 5.719371 5.667120 5.586186 5.464181 5.285387 5.031030 4.680413 4.213269 3.613575 2.874684 2.004873 1.031357 0.000000 
50.000000 44.175190 38.527154 33.216583 28.374439 24.092667 20.420292 17.364893 14.898532 12.966589 11.497762 10.413620 9.636573 9.095607 8.729696 8.489153 8.335424 8.239880 8.182115 8.148128 8.128662 8.117804 8.111904 8.108776 8.107154 8.106321 8.105876 8.105587 8.105300 8.104865 8.104083 8.102626 8.099939 8.095084 8.086508 8.071714 8.046801 8.005858 7.940211 7.837574 7.681202 7.449266 7.114809 6.646807 6.013017 5.185317 4.147834 2.907022 1.500644 0.000000 
50.000000 44.584501 39.333350 34.395941 29.894032 25.913107 22.498746 19.657999 17.364893 15.568653 14.202988 13.194982 12.472497 11.969512 11.629287 11.405627 11.262687 11.173847 11.120134 11.088531 11.070430 11.060333 11.054846 11.051937 11.050426 11.049647 11.049223 11.048935 11.048626 11.048138 11.047245 11.045572 11.042473 11.036847 11.026862 11.009543 10.980191 10.931595 10.853006 10.728902 10.537623 10.250084 9.828999 9.229333 8.401106 7.296082 5.879833 4.149402 2.152878 0.000000 
50.000000 45.091551 40.332057 35.856923 31.776504 28.168279 25.073562 22.498746 20.420292 18.792183 17.554336 16.640666 15.985791 15.529870 15.221477 15.018740 14.889170 14.808639 14.759949 14.731301 14.714892 14.705739 14.700764 14.698126 14.696755 14.696044 14.695651 14.695371 14.695051 14.694530 14.693564 14.691745 14.688360 14.682191 14.671190 14.652004 14.619280 14.564694 14.475637 14.333528 14.111770 13.773485 13.269413 12.536781 11.500723 10.080953 8.207638 5.850387 3.059204 0.000000 
50.000000 45.700972 41.532403 37.612881 34.039059 30.878796 28.168279 25.913107 24.092667 22.666658 21.582460 20.782193 20.208596 19.809256 19.539132 19.361552 19.248059 19.177519 19.134869 19.109774 19.095401 19.087383 19.083024 19.080713 19.079510 19.078884 19.078531 19.078269 19.077956 19.077431 19.076449 19.074591 19.071121 19.064773 19.053402 19.033468 18.999259 18.941776 18.847163 18.694579 18.453389 18.079650 17.512001 16.667556 15.439398 13.699452 11.314354 8.186942 4.335921 0.000000 
50.000000 46.411505 42.931903 39.660183 36.677020 34.039059 31.776504 29.894032 28.374439 27.184086 26.279051 25.611025 25.132207 24.798850 24.573357 24.425116 24.330372 24.271486 24.235881 24.214931 24.202932 24.196238 24.192599 24.190669 24.189663 24.189138 24.188838 24.188606 24.188318 24.187827 24.186901 24.185143 24.181850 24.175804 24.164930 24.145777 24.112721 24.056793 23.963965 23.812703 23.570511 23.189122 22.597949 21.695551 20.339607 18.338510 15.454729 11.446260 6.198651 0.000000 
50.000000 47.215013 44.514535 41.975388 39.660183 37.612881 35.856923 34.395941 33.216583 32.292744 31.590339 31.071874 30.700255 30.441529 30.266517 30.151462 30.077927 30.032222 30.004587 29.988327 29.979013 29.973817 29.970993 29.969494 29.968713 29.968303 29.968066 29.967878 29.967637 29.967220 29.966431 29.964927 29.962103 29.956902 29.947519 29.930923 29.902140 29.853147 29.771218 29.636452 29.418060 29.068749 28.516108 27.649285 26.298527 24.205454 20.987694 16.127849 9.105399 0.000000 
50.000000 48.096239 46.250247 44.514535 42.931903 41.532403 40.332057 39.333350 38.527154 37.895626 37.415466 37.061046 36.807007 36.630140 36.510501 36.431848 36.381578 36.350334 36.331442 36.320326 36.313958 36.310406 36.308475 36.307450 36.306916 36.306635 36.306471 36.306338 36.306164 36.305860 36.305283 36.304181 36.302108 36.298282 36.291361 36.279081 36.257703 36.221140 36.159630 36.057667 35.890753 35.620133 35.183948 34.481671 33.345461 31.485643 28.386686 23.125123 14.172815 0.000000 
50.000000 49.033455 48.096239 47.215013 46.411505 45.700972 45.091551 44.584501 44.175190 43.854558 43.610777 43.430834 43.301855 43.212057 43.151315 43.111381 43.085858 43.069995 43.060403 43.054759 43.051526 43.049722 43.048742 43.048221 43.047950 43.047807 43.047723 43.047654 43.047563 43.047403 43.047098 43.046514 43.045416 43.043386 43.039707 43.033168 43.021756 43.002178 42.969112 42.914017 42.823202 42.674546 42.431624 42.032347 41.365051 40.212854 38.109614 33.923424 24.516728 0.000000 
50.000000 50.000000 50.000000 50.000000 50.000000 50.000000 50.000000 50.000000 50.000000 50.000000 50.000000 50.000000 50.000000 50.000000 50.000000 50.000000 50.000000 50.000000 50.000000 50.000000 50.000000 50.000000 50.000000 50.000000 50.000000 50.000000 50.000000 50.000000 50.000000 50.000000 50.000000 50.000000 50.000000 50.000000 50.000000 50.000000 50.000000 50.000000 50.000000 50.000000 50.000000 50.000000 50.000000 50.000000 50.000000 50.000000 50.000000 50.000000 50.000000 50.000000 
