50.000000 50.000000 50.000000 50.000000 50.000000 50.000000 50.000000 50.000000 50.000000 50.000000 50.000000 50.000000 50.000000 50.000000 50.000000 50.000000 50.000000 50.000000 50.000000 50.000000 50.000000 50.000000 50.000000 50.000000 50.000000 50.000000 50.000000 50.000000 50.000000 50.000000 50.000000 50.000000 50.000000 50.000000 50.000000 50.000000 50.000000 50.000000 50.000000 50.000000 50.000000 50.000000 50.000000 50.000000 50.000000 50.000000 50.000000 50.000000 50.000000 50.000000 
50.000000 40.815084 34.227128 30.702647 29.233053 28.737350 28.598048 28.564672 28.557729 28.556456 28.556248 28.556217 28.556213 28.556213 28.556213 28.556213 28.556213 28.556213 28.556213 28.556213 28.556213 28.556213 28.556213 28.556213 28.556213 28.556213 28.556213 28.556213 28.556213 28.556213 28.556213 28.556213 28.556213 28.556213 28.556213 28.556213 28.556213 28.556213 28.556212 28.556210 28.556196 28.556095 28.555437 28.551561 28.530943 28.432270 28.007544 26.352668 20.407542 0.000000 
50.000000 34.227128 22.917340 16.869821 14.349822 13.500430 13.261922 13.204825 13.192956 13.190783 13.190428 13.190375 13.190368 13.190368 13.190367 13.190367 13.190367 13.190367 13.190367 13.190367 13.190367 13.190367 13.190367 13.190367 13.190367 13.190367 13.190367 13.190367 13.190367 13.190367 13.190367 13.190367 13.190367 13.190367 13.190367 13.190367 13.190367 13.190367 13.190367 13.190365 13.190350 13.190245 13.189572 13.185690 13.165670 13.074311 12.709764 11.458670 7.874460 0.000000 
50.000000 30.702647 16.869821 9.476927 6.398258 5.361302 5.070351 5.000755 4.986301 4.983656 4.983224 4.983161 4.983152 4.983151 4.983151 4.983151 4.983151 4.983151 4.983151 4.983151 4.983151 4.983151 4.983151 4.983151 4.983151 4.983151 4.983151 4.983151 4.983151 4.983151 4.983151 4.983151 4.983151 4.983151 4.983151 4.983151 4.983151 4.983151 4.983151 4.983150 4.983141 4.983080 4.982695 4.980512 4.969530 4.921206 4.738464 4.160057 2.695103 0.000000 
50.000000 29.233053 14.349822 6.398258 3.088350 1.974044 1.661551 1.586842 1.571335 1.568499 1.568036 1.567968 1.567959 1.567958 1.567958 1.567958 1.567958 1.567958 1.567958 1.567958 1.567958 1.567958 1.567958 1.567958 1.567958 1.567958 1.567958 1.567958 1.567958 1.567958 1.567958 1.567958 1.567958 1.567958 1.567958 1.567958 1.567958 1.567958 1.567958 1.567958 1.567954 1.567929 1.567773 1.566902 1.562602 1.544175 1.477052 1.275511 0.800782 0.000000 
50.000000 28.737350 13.500430 5.361302 1.974044 0.833970 0.514333 0.437937 0.422084 0.419185 0.418713 0.418643 0.418634 0.418633 0.418633 0.418633 0.418633 0.418633 0.418633 0.418633 0.418633 0.418633 0.418633 0.418633 0.418633 0.418633 0.418633 0.418633 0.418633 0.418633 0.418633 0.418633 0.418633 0.418633 0.418633 0.418633 0.418633 0.418633 0.418633 0.418633 0.418632 0.418624 0.418575 0.418304 0.416985 0.411442 0.391772 0.334759 0.206407 0.000000 
50.000000 28.598048 13.261922 5.070351 1.661551 0.514333 0.192724 0.115865 0.099917 0.097002 0.096527 0.096457 0.096447 0.096446 0.096446 0.096446 0.096446 0.096446 0.096446 0.096446 0.096446 0.096446 0.096446 0.096446 0.096446 0.096446 0.096446 0.096446 0.096446 0.096446 0.096446 0.096446 0.096446 0.096446 0.096446 0.096446 0.096446 0.096446 0.096446 0.096446 0.096446 0.096444 0.096431 0.096362 0.096029 0.094649 0.089839 0.076232 0.046487 0.000000 
50.000000 28.564672 13.204825 5.000755 1.586842 0.437937 0.115865 0.038897 0.022928 0.020008 0.019532 0.019462 0.019453 0.019452 0.019452 0.019452 0.019452 0.019452 0.019452 0.019452 0.019452 0.019452 0.019452 0.019452 0.019452 0.019452 0.019452 0.019452 0.019452 0.019452 0.019452 0.019452 0.019452 0.019452 0.019452 0.019452 0.019452 0.019452 0.019452 0.019452 0.019452 0.019451 0.019449 0.019434 0.019362 0.019069 0.018060 0.015252 0.009235 0.000000 
50.000000 28.557729 13.192956 4.986301 1.571335 0.422084 0.099917 0.022928 0.006953 0.004033 0.003557 0.003487 0.003478 0.003477 0.003477 0.003477 0.003477 0.003477 0.003477 0.003477 0.003477 0.003477 0.003477 0.003477 0.003477 0.003477 0.003477 0.003477 0.003477 0.003477 0.003477 0.003477 0.003477 0.003477 0.003477 0.003477 0.003477 0.003477 0.003477 0.003477 0.003477 0.003477 0.003476 0.003473 0.003460 0.003406 0.003220 0.002711 0.001634 0.000000 
50.000000 28.556456 13.190783 4.983656 1.568499 0.419185 0.097002 0.020008 0.004033 0.001113 0.000637 0.000567 0.000558 0.000557 0.000557 0.000556 0.000556 0.000556 0.000556 0.000556 0.000556 0.000556 0.000556 0.000556 0.000556 0.000556 0.000556 0.000556 0.000556 0.000556 0.000556 0.000556 0.000556 0.000556 0.000556 0.000556 0.000556 0.000556 0.000556 0.000556 0.000556 0.000556 0.000556 0.000556 0.000554 0.000545 0.000515 0.000432 0.000260 0.000000 
50.000000 28.556248 13.190428 4.983224 1.568036 0.418713 0.096527 0.019532 0.003557 0.000637 0.000161 0.000091 0.000082 0.000081 0.000080 0.000080 0.000080 0.000080 0.000080 0.000080 0.000080 0.000080 0.000080 0.000080 0.000080 0.000080 0.000080 0.000080 0.000080 0.000080 0.000080 0.000080 0.000080 0.000080 0.000080 0.000080 0.000080 0.000080 0.000080 0.000080 0.000080 0.000080 0.000080 0.000080 0.000080 0.000079 0.000074 0.000062 0.000037 0.000000 
50.000000 28.556217 13.190375 4.983161 1.567968 0.418643 0.096457 0.019462 0.003487 0.000567 0.000091 0.000021 0.000012 0.000011 0.000011 0.000011 0.000011 0.000011 0.000011 0.000011 0.000011 0.000011 0.000011 0.000011 0.000011 0.000011 0.000011 0.000011 0.000011 0.000011 0.000011 0.000011 0.000011 0.000011 0.000011 0.000011 0.000011 0.000011 0.000011 0.000011 0.000011 0.000011 0.000011 0.000011 0.000011 0.000010 0.000010 0.000008 0.000005 0.000000 
50.000000 28.556213 13.190368 4.983152 1.567959 0.418634 0.096447 0.019453 0.003478 0.000558 0.000082 0.000012 0.000003 0.000001 0.000001 0.000001 0.000001 0.000001 0.000001 0.000001 0.000001 0.000001 0.000001 0.000001 0.000001 0.000001 0.000001 0.000001 0.000001 0.000001 0.000001 0.000001 0.000001 0.000001 0.000001 0.000001 0.000001 0.000001 0.000001 0.000001 0.000001 0.000001 0.000001 0.000001 0.000001 0.000001 0.000001 0.000001 0.000001 0.000000 
50.000000 28.556213 13.190368 4.983151 1.567958 0.418633 0.096446 0.019452 0.003477 0.000557 0.000081 0.000011 0.000001 0.000000 0.000000 0.000000 0.000000 0.000000 0.000000 0.000000 0.000000 0.000000 0.000000 0.000000 0.000000 0.000000 0.000000 0.000000 0.000000 0.000000 0.000000 0.000000 0.000000 0.000000 0.000000 0.000000 0.000000 0.000000 0.000000 0.000000 0.000000 0.000000 0.000000 0.000000 0.000000 0.000000 0.000000 0.000000 0.000000 0.000000 
50.000000 28.556213 13.190367 4.983151 1.567958 0.418633 0.096446 0.019452 0.003477 0.000557 0.000080 0.000011 0.000001 0.000000 0.000000 0.000000 0.000000 0.000000 0.000000 0.000000 0.000000 0.000000 0.000000 0.000000 0.000000 0.000000 0.000000 0.000000 0.000000 0.000000 0.000000 0.000000 0.000000 0.000000 0.000000 0.000000 0.000000 0.000000 0.000000 0.000000 0.000000 0.000000 0.000000 0.000000 0.000000 0.000000 0.000000 0.000000 0.000000 0.000000 
50.000000 28.556213 13.190367 4.983151 1.567958 0.418633 0.096446 0.019452 0.003477 0.000556 0.000080 0.000011 0.000001 0.000000 0.000000 0.000000 0.000000 0.000000 0.000000 0.000000 0.000000 0.000000 0.000000 0.000000 0.000000 0.000000 0.000000 0.000000 0.000000 0.000000 0.000000 0.000000 0.000000 0.000000 0.000000 0.000000 0.000000 0.000000 0.000000 0.000000 0.000000 0.000000 0.000000 0.000000 0.000000 0.000000 0.000000 0.000000 0.000000 0.000000 
50.000000 28.556213 13.190367 4.983151 1.567958 0.418633 0.096446 0.019452 0.003477 0.000556 0.000080 0.000011 0.000001 0.000000 0.000000 0.000000 0.000000 0.000000 0.000000 0.000000 0.000000 0.000000 0.000000 0.000000 0.000000 0.000000 0.000000 0.000000 0.000000 0.000000 0.000000 0.000000 0.000000 0.000000 0.000000 0.000000 0.000000 0.000000 0.000000 0.000000 0.000000 0.000000 0.000000 0.000000 0.000000 0.000000 0.000000 0.000000 0.000000 0.000000 
50.000000 28.556213 13.190367 4.983151 1.567958 0.418633 0.096446 0.019452 0.003477 0.000556 0.000080 0.000011 0.000001 0.000000 0.000000 0.000000 0.000000 0.000000 0.000000 0.000000 0.000000 0.000000 0.000000 0.000000 0.000000 0.000000 0.000000 0.000000 0.000000 0.000000 0.000000 0.000000 0.000000 0.000000 0.000000 0.000000 0.000000 0.000000 0.000000 0.000000 0.000000 0.000000 0.000000 0.000000 0.000000 0.000000 0.000000 0.000000 0.000000 0.000000 
50.000000 28.556213 13.190367 4.983151 1.567958 0.418633 0.096446 0.019452 0.003477 0.000556 0.000080 0.000011 0.000001 0.000000 0.000000 0.000000 0.000000 0.000000 0.000000 0.000000 0.000000 0.000000 0.000000 0.000000 0.000000 0.000000 0.000000 0.000000 0.000000 0.000000 0.000000 0.000000 0.000000 0.000000 0.000000 0.000000 0.000000 0.000000 0.000000 0.000000 0.000000 0.000000 0.000000 0.000000 0.000000 0.000000 0.000000 0.000000 0.000000 0.000000 
50.000000 28.556213 13.190367 4.983151 1.567958 0.418633 0.096446 0.019452 0.003477 0.000556 0.000080 0.000011 0.000001 0.000000 0.000000 0.000000 0.000000 0.000000 0.000000 0.000000 0.000000 0.000000 0.000000 0.000000 0.000000 0.000000 0.000000 0.000000 0.000000 0.000000 0.000000 0.000000 0.000000 0.000000 0.000000 0.000000 0.000000 0.000000 0.000000 0.000000 0.000000 0.000000 0.000000 0.000000 0.000000 0.000000 0.000000 0.000000 0.000000 0.000000 
50.000000 28.556213 13.190367 4.983151 1.567958 0.418633 0.096446 0.019452 0.003477 0.000556 0.000080 0.000011 0.000001 0.000000 0.000000 0.000000 0.000000 0.000000 0.000000 0.000000 0.000000 0.000000 0.000000 0.000000 0.000000 0.000000 0.000000 0.000000 0.000000 0.000000 0.000000 0.000000 0.000000 0.000000 0.000000 0.000000 0.000000 0.000000 0.000000 0.000000 0.000000 0.000000 0.000000 0.000000 0.000000 0.000000 0.000000 0.000000 0.000000 0.000000 
50.000000 28.556213 13.190367 4.983151 1.567958 0.418633 0.096446 0.019452 0.003477 0.000556 0.000080 0.000011 0.000001 0.000000 0.000000 0.000000 0.000000 0.000000 0.000000 0.000000 0.000000 0.000000 0.000000 0.000000 0.000000 0.000000 0.000000 0.000000 0.000000 0.000000 0.000000 0.000000 0.000000 0.000000 0.000000 0.000000 0.000000 0.000000 0.000000 0.000000 0.000000 0.000000 0.000000 0.000000 0.000000 0.000000 0.000000 0.000000 0.000000 0.000000 
50.000000 28.556213 13.190367 4.983151 1.567958 0.418633 0.096446 0.019452 0.003477 0.000556 0.000080 0.000011 0.000001 0.000000 0.000000 0.000000 0.000000 0.000000 0.000000 0.000000 0.000000 0.000000 0.000000 0.000000 0.000000 0.000000 0.000000 0.000000 0.000000 0.000000 0.000000 0.000000 0.000000 0.000000 0.000000 0.000000 0.000000 0.000000 0.000000 0.000000 0.000000 0.000000 0.000000 0.000000 0.000000 0.000000 0.000000 0.000000 0.000000 0.000000 
50.000000 28.556213 13.190367 4.983151 1.567958 0.418633 0.096446 0.019452 0.003477 0.000556 0.000080 0.000011 0.000001 0.000000 0.000000 0.000000 0.000000 0.000000 0.000000 0.000000 0.000000 0.000000 0.000000 0.000000 0.000000 0.000000 0.000000 0.000000 0.000000 0.000000 0.000000 0.000000 0.000000 0.000000 0.000000 0.000000 0.000000 0.000000 0.000000 0.000000 0.000000 0.000000 0.000000 0.000000 0.000000 0.000000 0.000000 0.000000 0.000000 0.000000 
50.000000 28.556213 13.190367 4.983151 1.567958 0.418633 0.096446 0.019452 0.003477 0.000556 0.000080 0.000011 0.000001 0.000000 0.000000 0.000000 0.000000 0.000000 0.000000 0.000000 0.000000 0.000000 0.000000 0.000000 0.000000 0.000000 0.000000 0.000000 0.000000 0.000000 0.000000 0.000000 0.000000 0.000000 0.000000 0.000000 0.000000 0.000000 0.000000 0.000000 0.000000 0.000000 0.000000 0.000000 0.000000 0.000000 0.000000 0.000000 0.000000 0.000000 
50.000000 28.556213 13.190367 4.983151 1.567958 0.418633 0.096446 0.019452 0.003477 0.000556 0.000080 0.000011 0.000001 0.000000 0.000000 0.000000 0.000000 0.000000 0.000000 0.000000 0.000000 0.000000 0.000000 0.000000 0.000000 0.000000 0.000000 0.000000 0.000000 0.000000 0.000000 0.000000 0.000000 0.000000 0.000000 0.000000 0.000000 0.000000 0.000000 0.000000 0.000000 0.000000 0.000000 0.000000 0.000000 0.000000 0.000000 0.000000 0.000000 0.000000 
50.000000 28.556213 13.190367 4.983151 1.567958 0.418633 0.096446 0.019452 0.003477 0.000556 0.000080 0.000011 0.000001 0.000000 0.000000 0.000000 0.000000 0.000000 0.000000 0.000000 0.000000 0.000000 0.000000 0.000000 0.000000 0.000000 0.000000 0.000000 0.000000 0.000000 0.000000 0.000000 0.000000 0.000000 0.000000 0.000000 0.000000 0.000000 0.000000 0.000000 0.000000 0.000000 0.000000 0.000000 0.000000 0.000000 0.000000 0.000000 0.000000 0.000000 
50.000000 28.556213 13.190367 4.983151 1.567958 0.418633 0.096446 0.019452 0.003477 0.000556 0.000080 0.000011 0.000001 0.000000 0.000000 0.000000 0.000000 0.000000 0.000000 0.000000 0.000000 0.000000 0.000000 0.000000 0.000000 0.000000 0.000000 0.000000 0.000000 0.000000 0.000000 0.000000 0.000000 0.000000 0.000000 0.000000 0.000000 0.000000 0.000000 0.000000 0.000000 0.000000 0.000000 0.000000 0.000000 0.000000 0.000000 0.000000 0.000000 0.000000 
50.000000 28.556213 13.190367 4.983151 1.567958 0.418633 0.096446 0.019452 0.003477 0.000556 0.000080 0.000011 0.000001 0.000000 0.000000 0.000000 0.000000 0.000000 0.000000 0.000000 0.000000 0.000000 0.000000 0.000000 0.000000 0.000000 0.000000 0.000000 0.000000 0.000000 0.000000 0.000000 0.000000 0.000000 0.000000 0.000000 0.000000 0.000000 0.000000 0.000000 0.000000 0.000000 0.000000 0.000000 0.000000 0.000000 0.000000 0.000000 0.000000 0.000000 
50.000000 28.556213 13.190367 4.983151 1.567958 0.418633 0.096446 0.019452 0.003477 0.000556 0.000080 0.000011 0.000001 0.000000 0.000000 0.000000 0.000000 0.000000 0.000000 0.000000 0.000000 0.000000 0.000000 0.000000 0.000000 0.000000 0.000000 0.000000 0.000000 0.000000 0.000000 0.000000 0.000000 0.000000 0.000000 0.000000 0.000000 0.000000 0.000000 0.000000 0.000000 0.000000 0.000000 0.000000 0.000000 0.000000 0.000000 0.000000 0.000000 0.000000 
50.000000 28.556213 13.190367 4.983151 1.567958 0.418633 0.096446 0.019452 0.003477 0.000556 0.000080 0.000011 0.000001 0.000000 0.000000 0.000000 0.000000 0.000000 0.000000 0.000000 0.000000 0.000000 0.000000 0.000000 0.000000 0.000000 0.000000 0.000000 0.000000 0.000000 0.000000 0.000000 0.000000 0.000000 0.000000 0.000000 0.000000 0.000000 0.000000 0.000000 0.000000 0.000000 0.000000 0.000000 0.000000 0.000000 0.000000 0.000000 0.000000 0.000000 
50.000000 28.556213 13.190367 4.983151 1.567958 0.418633 0.096446 0.019452 0.003477 0.000556 0.000080 0.000011 0.000001 0.000000 0.000000 0.000000 0.000000 0.000000 0.000000 0.000000 0.000000 0.000000 0.000000 0.000000 0.000000 0.000000 0.000000 0.000000 0.000000 0.000000 0.000000 0.000000 0.000000 0.000000 0.000000 0.000000 0.000000 0.000000 0.000000 0.000000 0.000000 0.000000 0.000000 0.000000 0.000000 0.000000 0.000000 0.000000 0.000000 0.000000 
50.000000 28.556213 13.190367 4.983151 1.567958 0.418633 0.096446 0.019452 0.003477 0.000556 0.000080 0.000011 0.000001 0.000000 0.000000 0.000000 0.000000 0.000000 0.000000 0.000000 0.000000 0.000000 0.000000 0.000000 0.000000 0.000000 0.000000 0.000000 0.000000 0.000000 0.000000 0.000000 0.000000 0.000000 0.000000 0.000000 0.000000 0.000000 0.000000 0.000000 0.000000 0.000000 0.000000 0.000000 0.000000 0.000000 0.000000 0.000000 0.000000 0.000000 
50.000000 28.556213 13.190367 4.983151 1.567958 0.418633 0.096446 0.019452 0.003477 0.000556 0.000080 0.000011 0.000001 0.000000 0.000000 0.000000 0.000000 0.000000 0.000000 0.000000 0.000000 0.000000 0.000000 0.000000 0.000000 0.000000 0.000000 0.000000 0.000000 0.000000 0.000000 0.000000 0.000000 0.000000 0.000000 0.000000 0.000000 0.000000 0.000000 0.000000 0.000000 0.000000 0.000000 0.000000 0.000000 0.000000 0.000000 0.000000 0.000000 0.000000 
50.000000 28.556213 13.190367 4.983151 1.567958 0.418633 0.096446 0.019452 0.003477 0.000556 0.000080 0.000011 0.000001 0.000000 0.000000 0.000000 0.000000 0.000000 0.000000 0.000000 0.000000 0.000000 0.000000 0.000000 0.000000 0.000000 0.000000 0.000000 0.000000 0.000000 0.000000 0.000000 0.000000 0.000000 0.000000 0.000000 0.000000 0.000000 0.000000 0.000000 0.000000 0.000000 0.000000 0.000000 0.000000 0.000000 0.000000 0.000000 0.000000 0.000000 
50.000000 28.556213 13.190367 4.983151 1.567958 0.418633 0.096446 0.019452 0.003477 0.000557 0.000080 0.000011 0.000001 0.000000 0.000000 0.000000 0.000000 0.000000 0.000000 0.000000 0.000000 0.000000 0.000000 0.000000 0.000000 0.000000 0.000000 0.000000 0.000000 0.000000 0.000000 0.000000 0.000000 0.000000 0.000000 0.000000 0.000000 0.000000 0.000000 0.000000 0.000000 0.000000 0.000000 0.000000 0.000000 0.000000 0.000000 0.000000 0.000000 0.000000 
50.000000 28.556213 13.190368 4.983151 1.567958 0.418633 0.096446 0.019452 0.003477 0.000557 0.000081 0.000011 0.000001 0.000000 0.000000 0.000000 0.000000 0.000000 0.000000 0.000000 0.000000 0.000000 0.000000 0.000000 0.000000 0.000000 0.000000 0.000000 0.000000 0.000000 0.000000 0.000000 0.000000 0.000000 0.000000 0.000000 0.000000 0.000000 0.000000 0.000000 0.000000 0.000000 0.000000 0.000000 0.000000 0.000000 0.000000 0.000000 0.000000 0.000000 
50.000000 28.556213 13.190368 4.983152 1.567959 0.418634 0.096447 0.019453 0.003478 0.000558 0.000082 0.000012 0.000003 0.000001 0.000001 0.000001 0.000001 0.000001 0.000001 0.000001 0.000001 0.000001 0.000001 0.000001 0.000001 0.000001 0.000001 0.000001 0.000001 0.000001 0.000001 0.000001 0.000001 0.000001 0.000001 0.000001 0.000001 0.000001 0.000001 0.000001 0.000001 0.000001 0.000001 0.000001 0.000001 0.000001 0.000001 0.000001 0.000001 0.000000 
50.000000 28.556217 13.190375 4.983161 1.567968 0.418643 0.096457 0.019462 0.003487 0.000567 0.000091 0.000021 0.000012 0.000011 0.000011 0.000011 0.000011 0.000011 0.000011 0.000011 0.000011 0.000011 0.000011 0.000011 0.000011 0.000011 0.000011 0.000011 0.000011 0.000011 0.000011 0.000011 0.000011 0.000011 0.000011 0.000011 0.000011 0.000011 0.000011 0.000011 0.000011 0.000011 0.000011 0.000011 0.000011 0.000010 0.000010 0.000008 0.000005 0.000000 
50.000000 28.556248 13.190428 4.983224 1.568036 0.418713 0.096527 0.019532 0.003557 0.000637 0.000161 0.000091 0.000082 0.000081 0.000080 0.000080 0.000080 0.000080 0.000080 0.000080 0.000080 0.000080 0.000080 0.000080 0.000080 0.000080 0.000080 0.000080 0.000080 0.000080 0.000080 0.000080 0.000080 0.000080 0.000080 0.000080 0.000080 0.000080 0.000080 0.000080 0.000080 0.000080 0.000080 0.000080 0.000080 0.000079 0.000074 0.000062 0.000037 0.000000 
50.000000 28.556456 13.190783 4.983656 1.568499 0.419185 0.097002 0.020008 0.004033 0.001113 0.000637 0.000567 0.000558 0.000557 0.000557 0.000556 0.000556 0.000556 0.000556 0.000556 0.000556 0.000556 0.000556 0.000556 0.000556 0.000556 0.000556 0.000556 0.000556 0.000556 0.000556 0.000556 0.000556 0.000556 0.000556 0.000556 0.000556 0.000556 0.000556 0.000556 0.000556 0.000556 0.000556 0.000556 0.000554 0.000545 0.000515 0.000432 0.000260 0.000000 
50.000000 28.557729 13.192956 4.986301 1.571335 0.422084 0.099917 0.022928 0.006953 0.004033 0.003557 0.003487 0.003478 0.003477 0.003477 0.003477 0.003477 0.003477 0.003477 0.003477 0.003477 0.003477 0.003477 0.003477 0.003477 0.003477 0.003477 0.003477 0.003477 0.003477 0.003477 0.003477 0.003477 0.003477 0.003477 0.003477 0.003477 0.003477 0.003477 0.003477 0.003477 0.003477 0.003476 0.003473 0.003460 0.003406 0.003220 0.002711 0.001634 0.000000 
50.000000 28.564672 13.204825 5.000755 1.586842 0.437937 0.115865 0.038897 0.022928 0.020008 0.019532 0.019462 0.019453 0.019452 0.019452 0.019452 0.019452 0.019452 0.019452 0.019452 0.019452 0.019452 0.019452 0.019452 0.019452 0.019452 0.019452 0.019452 0.019452 0.019452 0.019452 0.019452 0.019452 0.019452 0.019452 0.019452 0.019452 0.019452 0.019452 0.019452 0.019452 0.019451 0.019449 0.019434 0.019362 0.019069 0.018060 0.015252 0.009235 0.000000 
50.000000 28.598048 13.261922 5.070351 1.661551 0.514333 0.192724 0.115865 0.099917 0.097002 0.096527 0.096457 0.096447 0.096446 0.096446 0.096446 0.096446 0.096446 0.096446 0.096446 0.096446 0.096446 0.096446 0.096446 0.096446 0.096446 0.096446 0.096446 0.096446 0.096446 0.096446 0.096446 0.096446 0.096446 0.096446 0.096446 0.096446 0.096446 0.096446 0.096446 0.096446 0.096444 0.096431 0.096362 0.096029 0.094649 0.089839 0.076232 0.046487 0.000000 
50.000000 28.737350 13.500430 5.361302 1.974044 0.833970 0.514333 0.437937 0.422084 0.419185 0.418713 0.418643 0.418634 0.418633 0.418633 0.418633 0.418633 0.418633 0.418633 0.418633 0.418633 0.418633 0.418633 0.418633 0.418633 0.418633 0.418633 0.418633 0.418633 0.418633 0.418633 0.418633 0.418633 0.418633 0.418633 0.418633 0.418633 0.418633 0.418633 0.418633 0.418632 0.418624 0.418575 0.418304 0.416985 0.411442 0.391772 0.334759 0.206407 0.000000 
50.000000 29.233053 14.349822 6.398258 3.088350 1.974044 1.661551 1.586842 1.571335 1.568499 1.568036 1.567968 1.567959 1.567958 1.567958 1.567958 1.567958 1.567958 1.567958 1.567958 1.567958 1.567958 1.567958 1.567958 1.567958 1.567958 1.567958 1.567958 1.567958 1.567958 1.567958 1.567958 1.567958 1.567958 1.567958 1.567958 1.567958 1.567958 1.567958 1.567958 1.567954 1.567929 1.567773 1.566902 1.562602 1.544175 1.477052 1.275511 0.800782 0.000000 
50.000000 30.702647 16.869821 9.476927 6.398258 5.361302 5.070351 5.000755 4.986301 4.983656 4.983224 4.983161 4.983152 4.983151 4.983151 4.983151 4.983151 4.983151 4.983151 4.983151 4.983151 4.983151 4.983151 4.983151 4.983151 4.983151 4.983151 4.983151 4.983151 4.983151 4.983151 4.983151 4.983151 4.983151 4.983151 4.983151 4.983151 4.983151 4.983151 4.983150 4.983141 4.983080 4.982695 4.980512 4.969530 4.921206 4.738464 4.160057 2.695103 0.000000 
50.000000 34.227128 22.917340 16.869821 14.349822 13.500430 13.261922 13.204825 13.192956 13.190783 13.190428 13.190375 13.190368 13.190368 13.190367 13.190367 13.190367 13.190367 13.190367 13.190367 13.190367 13.190367 13.190367 13.190367 13.190367 13.190367 13.190367 13.190367 13.190367 13.190367 13.190367 13.190367 13.190367 13.190367 13.190367 13.190367 13.190367 13.190367 13.190367 13.190365 13.190350 13.190245 13.189572 13.185690 13.165670 13.074311 12.709764 11.458670 7.874460 0.000000 
50.000000 40.815084 34.227128 30.702647 29.233053 28.737350 28.598048 28.564672 28.557729 28.556456 28.556248 28.556217 28.556213 28.556213 28.556213 28.556213 28.556213 28.556213 28.556213 28.556213 28.556213 28.556213 28.556213 28.556213 28.556213 28.556213 28.556213 28.556213 28.556213 28.556213 28.556213 28.556213 28.556213 28.556213 28.556213 28.556213 28.556213 28.556213 28.556212 28.556210 28.556196 28.556095 28.555437 28.551561 28.530943 28.432270 28.007544 26.352668 20.407542 0.000000 
50.000000 50.000000 50.000000 50.000000 50.000000 50.000000 50.000000 50.000000 50.000000 50.000000 50.000000 50.000000 50.000000 50.000000 50.000000 50.000000 50.000000 50.000000 50.000000 50.000000 50.000000 50.000000 50.000000 50.000000 50.000000 50.000000 50.000000 50.000000 50.000000 50.000000 50.000000 50.000000 50.000000 50.000000 50.000000 50.000000 50.000000 50.000000 50.000000 50.000000 50.000000 50.000000 50.000000 50.000000 50.000000 50.000000 50.000000 50.000000 50.000000 50.000000 
