50.000000 50.000000 50.000000 50.000000 50.000000 50.000000 50.000000 50.000000 50.000000 50.000000 50.000000 50.000000 50.000000 50.000000 50.000000 50.000000 50.000000 50.000000 50.000000 50.000000 50.000000 50.000000 50.000000 50.000000 50.000000 50.000000 50.000000 50.000000 50.000000 50.000000 50.000000 50.000000 50.000000 50.000000 50.000000 50.000000 50.000000 50.000000 50.000000 50.000000 50.000000 50.000000 50.000000 50.000000 50.000000 50.000000 50.000000 50.000000 50.000000 50.000000 
50.000000 48.879712 47.798820 46.792568 45.888622 45.104929 44.449095 43.919214 43.505778 43.194170 42.967226 42.807460 42.698698 42.627075 42.581428 42.553262 42.536428 42.526678 42.521203 42.518221 42.516645 42.515836 42.515432 42.515237 42.515144 42.515099 42.515075 42.515054 42.515023 42.514961 42.514830 42.514559 42.514008 42.512913 42.510787 42.506753 42.499264 42.485648 42.461374 42.418848 42.345451 42.220185 42.007685 41.646727 41.026153 39.929094 37.888819 33.772198 24.439856 0.000000 
50.000000 47.798820 45.675048 43.697931 41.921833 40.382013 39.093417 38.052299 37.239976 36.627727 36.181830 35.867923 35.654231 35.513507 35.423822 35.368484 35.335409 35.316253 35.305496 35.299637 35.296541 35.294951 35.294159 35.293774 35.293592 35.293505 35.293458 35.293418 35.293359 35.293242 35.292997 35.292489 35.291458 35.289410 35.285443 35.277928 35.264012 35.238790 35.194001 35.115945 34.982160 34.756024 34.377700 33.748298 32.700946 30.945991 27.966783 22.837524 14.026622 0.000000 
50.000000 46.792568 43.697931 40.816998 38.228981 35.985260 34.107614 32.590580 31.406933 30.514822 29.865106 29.407717 29.096352 28.891309 28.760634 28.680003 28.631812 28.603902 28.588229 28.579693 28.575181 28.572866 28.571711 28.571151 28.570885 28.570759 28.570691 28.570636 28.570556 28.570397 28.570067 28.569383 28.567996 28.565250 28.559942 28.549921 28.531434 28.498088 28.439229 28.337444 28.164755 27.876811 27.403987 26.637692 25.409506 23.461081 20.408499 15.731149 8.903748 0.000000 
50.000000 45.888622 41.921833 38.228981 34.911606 32.035569 29.628782 27.684243 26.167051 25.023557 24.190767 23.604502 23.205410 22.942599 22.775109 22.671765 22.609999 22.574227 22.554140 22.543200 22.537417 22.534450 22.532970 22.532253 22.531913 22.531751 22.531666 22.531600 22.531506 22.531323 22.530943 22.530158 22.528570 22.525436 22.519398 22.508045 22.487203 22.449836 22.384373 22.272230 22.084245 21.775640 21.279128 20.495950 19.285365 17.455803 14.767900 10.975841 5.959528 0.000000 
50.000000 45.104929 40.382013 35.985260 32.035569 28.611352 25.745842 23.430698 21.624361 20.262953 19.271470 18.573496 18.098365 17.785484 17.586088 17.463057 17.389528 17.346943 17.323031 17.310008 17.303124 17.299592 17.297831 17.296977 17.296572 17.296381 17.296283 17.296209 17.296109 17.295919 17.295525 17.294715 17.293082 17.289868 17.283701 17.272159 17.251091 17.213578 17.148403 17.037901 16.855019 16.559565 16.093729 15.377505 14.305676 12.750204 10.575755 7.681067 4.078776 0.000000 
50.000000 44.449095 39.093417 34.107614 29.628782 25.745842 22.496476 19.871220 17.822943 16.279203 15.154944 14.363508 13.824762 13.469995 13.243908 13.104412 13.021042 12.972759 12.945648 12.930883 12.923079 12.919075 12.917078 12.916110 12.915652 12.915437 12.915328 12.915251 12.915153 12.914970 12.914594 12.913823 12.912275 12.909239 12.903440 12.892642 12.873052 12.838423 12.778782 12.678720 12.515219 12.255145 11.852784 11.248238 10.368337 9.132832 7.469922 5.345120 2.802368 0.000000 
50.000000 43.919214 38.052299 32.590580 27.684243 23.430698 19.871220 16.995438 14.751714 13.060688 11.829178 10.962252 10.372126 9.983530 9.735889 9.583095 9.491781 9.438897 9.409204 9.393033 9.384486 9.380100 9.377914 9.376854 9.376353 9.376118 9.376002 9.375925 9.375834 9.375668 9.375333 9.374648 9.373276 9.370599 9.365507 9.356077 9.339076 9.309245 9.258313 9.173740 9.037225 8.823204 8.497719 8.018436 7.336969 6.405115 5.186593 3.674600 1.911529 0.000000 
50.000000 43.505778 37.239976 31.406933 26.167051 21.624361 17.822943 14.751714 12.355522 10.549601 9.234432 8.308625 7.678426 7.263448 6.998999 6.835837 6.738328 6.681857 6.650151 6.632883 6.623757 6.619075 6.616740 6.615609 6.615074 6.614825 6.614704 6.614629 6.614548 6.614407 6.614125 6.613551 6.612406 6.610181 6.605969 6.598212 6.584314 6.560104 6.519117 6.451721 6.344167 6.177761 5.928511 5.567797 5.064796 4.391411 3.530122 2.483952 1.285593 0.000000 
50.000000 43.194170 36.627727 30.514822 25.023557 20.262953 16.279203 13.060688 10.549601 8.657105 7.278903 6.308734 5.648345 5.213494 4.936383 4.765412 4.663238 4.604067 4.570844 4.552751 4.543189 4.538283 4.535837 4.534652 4.534093 4.533833 4.533709 4.533638 4.533568 4.533453 4.533227 4.532771 4.531866 4.530113 4.526811 4.520762 4.509990 4.491358 4.460064 4.409077 4.328553 4.205434 4.023462 3.763984 3.407934 2.939311 2.350067 1.645568 0.848718 0.000000 
50.000000 42.967226 36.181830 29.865106 24.190767 19.271470 15.154944 11.829178 9.234432 7.278903 5.854808 4.852344 4.169980 3.720663 3.434338 3.257684 3.152115 3.090979 3.056653 3.037960 3.028081 3.023012 3.020486 3.019262 3.018684 3.018417 3.018292 3.018224 3.018165 3.018075 3.017903 3.017558 3.016876 3.015562 3.013097 3.008605 3.000653 2.986987 2.964208 2.927404 2.869826 2.782711 2.655438 2.476224 2.233570 1.918537 1.527663 1.065885 0.548378 0.000000 
50.000000 42.807460 35.867923 29.407717 23.604502 18.573496 14.363508 10.962252 8.308625 6.308734 4.852344 3.827155 3.129329 2.669835 2.377028 2.196377 2.088420 2.025902 1.990801 1.971686 1.961584 1.956401 1.953818 1.952566 1.951976 1.951704 1.951578 1.951513 1.951464 1.951396 1.951271 1.951021 1.950531 1.949589 1.947831 1.944643 1.939031 1.929445 1.913578 1.888136 1.848669 1.789508 1.703938 1.584726 1.425092 1.220130 0.968488 0.673921 0.346086 0.000000 
50.000000 42.698698 35.654231 29.096352 23.205410 18.098365 13.824762 10.372126 7.678426 5.648345 4.169980 3.129329 2.420983 1.954566 1.657350 1.473980 1.364400 1.300942 1.265314 1.245912 1.235659 1.230398 1.227776 1.226506 1.225907 1.225632 1.225506 1.225444 1.225403 1.225353 1.225264 1.225092 1.224754 1.224107 1.222906 1.220738 1.216940 1.210492 1.199883 1.182993 1.156988 1.118323 1.062881 0.986340 0.884787 0.755574 0.598264 0.415441 0.213050 0.000000 
50.000000 42.627075 35.513507 28.891309 22.942599 17.785484 13.469995 9.983530 7.263448 5.213494 3.720663 2.669835 1.954566 1.483593 1.183476 0.998318 0.887670 0.823594 0.787620 0.768029 0.757676 0.752364 0.749717 0.748434 0.747830 0.747553 0.747427 0.747367 0.747332 0.747296 0.747236 0.747120 0.746897 0.746471 0.745682 0.744266 0.741797 0.737626 0.730804 0.720010 0.703503 0.679135 0.644454 0.596943 0.534392 0.455396 0.359875 0.249496 0.127811 0.000000 
50.000000 42.581428 35.423822 28.760634 22.775109 17.586088 13.243908 9.735889 6.998999 4.936383 3.434338 2.377028 1.657350 1.183476 0.881512 0.695215 0.583887 0.519418 0.483223 0.463512 0.453096 0.447752 0.445088 0.443798 0.443190 0.442911 0.442786 0.442728 0.442697 0.442670 0.442631 0.442557 0.442414 0.442144 0.441647 0.440756 0.439210 0.436612 0.432385 0.425733 0.415621 0.400787 0.379812 0.351266 0.313929 0.267065 0.210713 0.145895 0.074675 0.000000 
50.000000 42.553262 35.368484 28.680003 22.671765 17.463057 13.104412 9.583096 6.835837 4.765412 3.257684 2.196377 1.473980 0.998318 0.695215 0.508217 0.396470 0.331758 0.295428 0.275643 0.265188 0.259823 0.257150 0.255855 0.255245 0.254965 0.254840 0.254784 0.254756 0.254736 0.254710 0.254664 0.254576 0.254411 0.254108 0.253569 0.252636 0.251074 0.248546 0.244587 0.238601 0.229868 0.217589 0.200972 0.179356 0.152366 0.120060 0.083041 0.042475 0.000000 
50.000000 42.536428 35.335409 28.631812 22.609999 17.389528 13.021042 9.491781 6.738328 4.663238 3.152115 2.088420 1.364400 0.887670 0.583887 0.396470 0.284473 0.219617 0.183205 0.163376 0.152898 0.147522 0.144842 0.143545 0.142933 0.142653 0.142528 0.142472 0.142446 0.142431 0.142414 0.142386 0.142334 0.142237 0.142059 0.141743 0.141199 0.140293 0.138831 0.136553 0.133125 0.128147 0.121183 0.111803 0.099660 0.084563 0.066562 0.045999 0.023515 0.000000 
50.000000 42.526678 35.316253 28.603902 22.574227 17.346943 12.972759 9.438898 6.681858 4.604067 3.090979 2.025902 1.300942 0.823594 0.519418 0.331759 0.219617 0.154678 0.118219 0.098365 0.087873 0.082490 0.079807 0.078507 0.077896 0.077615 0.077490 0.077435 0.077410 0.077397 0.077386 0.077369 0.077339 0.077284 0.077183 0.077004 0.076698 0.076189 0.075372 0.074103 0.072201 0.069452 0.065622 0.060485 0.053861 0.045657 0.035906 0.024795 0.012670 0.000000 
50.000000 42.521203 35.305496 28.588229 22.554140 17.323031 12.945649 9.409205 6.650152 4.570845 3.056654 1.990802 1.265315 0.787620 0.483224 0.295428 0.183206 0.118219 0.081734 0.061866 0.051366 0.045979 0.043295 0.041994 0.041382 0.041102 0.040976 0.040922 0.040898 0.040886 0.040878 0.040868 0.040852 0.040821 0.040766 0.040668 0.040501 0.040224 0.039782 0.039097 0.038075 0.036602 0.034558 0.031827 0.028317 0.023983 0.018847 0.013007 0.006644 0.000000 
50.000000 42.518221 35.299638 28.579694 22.543201 17.310009 12.930885 9.393035 6.632885 4.552753 3.037962 1.971688 1.245915 0.768031 0.463515 0.275645 0.163379 0.098367 0.061867 0.041991 0.031488 0.026099 0.023413 0.022112 0.021500 0.021219 0.021094 0.021039 0.021016 0.021005 0.020999 0.020993 0.020984 0.020968 0.020938 0.020886 0.020798 0.020653 0.020420 0.020062 0.019528 0.018763 0.017704 0.016293 0.014485 0.012260 0.009628 0.006642 0.003391 0.000000 
50.000000 42.516646 35.296542 28.575184 22.537421 17.303128 12.923084 9.384491 6.623763 4.543195 3.028087 1.961590 1.235665 0.757682 0.453102 0.265194 0.152904 0.087879 0.051372 0.031491 0.020986 0.015595 0.012909 0.011608 0.010996 0.010715 0.010590 0.010535 0.010512 0.010502 0.010497 0.010493 0.010488 0.010480 0.010465 0.010438 0.010393 0.010318 0.010200 0.010018 0.009748 0.009361 0.008828 0.008119 0.007214 0.006102 0.004789 0.003302 0.001686 0.000000 
50.000000 42.515838 35.294956 28.572873 22.534459 17.299603 12.919087 9.380113 6.619088 4.538297 3.023027 1.956416 1.230413 0.752380 0.447767 0.259839 0.147537 0.082505 0.045994 0.026112 0.015605 0.010214 0.007528 0.006226 0.005614 0.005333 0.005208 0.005154 0.005131 0.005121 0.005116 0.005114 0.005111 0.005107 0.005099 0.005086 0.005063 0.005026 0.004967 0.004877 0.004744 0.004554 0.004292 0.003946 0.003504 0.002962 0.002324 0.001602 0.000817 0.000000 
50.000000 42.515438 35.294171 28.571729 22.532992 17.297857 12.917108 9.377946 6.616774 4.535873 3.020522 1.953855 1.227814 0.749755 0.445127 0.257188 0.144881 0.079845 0.043332 0.023449 0.012942 0.007551 0.004864 0.003563 0.002950 0.002669 0.002544 0.002490 0.002467 0.002457 0.002453 0.002451 0.002449 0.002447 0.002443 0.002437 0.002426 0.002408 0.002379 0.002335 0.002271 0.002179 0.002053 0.001886 0.001674 0.001415 0.001109 0.000764 0.000390 0.000000 
50.000000 42.515251 35.293803 28.571193 22.532306 17.297040 12.916181 9.376931 6.615691 4.534738 3.019350 1.952656 1.226597 0.748526 0.443890 0.255948 0.143637 0.078600 0.042086 0.022203 0.011695 0.006304 0.003617 0.002316 0.001703 0.001422 0.001297 0.001243 0.001220 0.001210 0.001206 0.001205 0.001204 0.001202 0.001200 0.001197 0.001191 0.001182 0.001168 0.001146 0.001114 0.001069 0.001007 0.000925 0.000820 0.000693 0.000543 0.000374 0.000191 0.000000 
50.000000 42.515178 35.293659 28.570983 22.532037 17.296720 12.915819 9.376534 6.615267 4.534294 3.018891 1.952187 1.226121 0.748046 0.443407 0.255462 0.143151 0.078113 0.041599 0.021715 0.011207 0.005816 0.003129 0.001828 0.001215 0.000935 0.000810 0.000755 0.000732 0.000723 0.000719 0.000717 0.000716 0.000715 0.000714 0.000712 0.000709 0.000703 0.000695 0.000682 0.000663 0.000635 0.000598 0.000549 0.000487 0.000411 0.000322 0.000222 0.000113 0.000000 
50.000000 42.515178 35.293659 28.570983 22.532037 17.296720 12.915819 9.376534 6.615267 4.534294 3.018891 1.952187 1.226121 0.748046 0.443407 0.255462 0.143151 0.078113 0.041599 0.021715 0.011207 0.005816 0.003129 0.001828 0.001215 0.000935 0.000810 0.000755 0.000732 0.000723 0.000719 0.000717 0.000716 0.000715 0.000714 0.000712 0.000709 0.000703 0.000695 0.000682 0.000663 0.000635 0.000598 0.000549 0.000487 0.000411 0.000322 0.000222 0.000113 0.000000 
50.000000 42.515251 35.293803 28.571193 22.532306 17.297040 12.916181 9.376931 6.615691 4.534738 3.019350 1.952656 1.226597 0.748526 0.443890 0.255948 0.143637 0.078600 0.042086 0.022203 0.011695 0.006304 0.003617 0.002316 0.001703 0.001422 0.001297 0.001243 0.001220 0.001210 0.001206 0.001205 0.001204 0.001202 0.001200 0.001197 0.001191 0.001182 0.001168 0.001146 0.001114 0.001069 0.001007 0.000925 0.000820 0.000693 0.000543 0.000374 0.000191 0.000000 
50.000000 42.515438 35.294171 28.571729 22.532992 17.297857 12.917108 9.377946 6.616774 4.535873 3.020522 1.953855 1.227814 0.749755 0.445127 0.257188 0.144881 0.079845 0.043332 0.023449 0.012942 0.007551 0.004864 0.003563 0.002950 0.002669 0.002544 0.002490 0.002467 0.002457 0.002453 0.002451 0.002449 0.002447 0.002443 0.002437 0.002426 0.002408 0.002379 0.002335 0.002271 0.002179 0.002053 0.001886 0.001674 0.001415 0.001109 0.000764 0.000390 0.000000 
50.000000 42.515838 35.294956 28.572873 22.534459 17.299603 12.919087 9.380113 6.619088 4.538297 3.023027 1.956416 1.230413 0.752380 0.447767 0.259839 0.147537 0.082505 0.045994 0.026112 0.015605 0.010214 0.007528 0.006226 0.005614 0.005333 0.005208 0.005154 0.005131 0.005121 0.005116 0.005114 0.005111 0.005107 0.005099 0.005086 0.005063 0.005026 0.004967 0.004877 0.004744 0.004554 0.004292 0.003946 0.003504 0.002962 0.002324 0.001602 0.000817 0.000000 
50.000000 42.516646 35.296542 28.575184 22.537421 17.303128 12.923084 9.384491 6.623763 4.543195 3.028087 1.961590 1.235665 0.757682 0.453102 0.265194 0.152904 0.087879 0.051372 0.031491 0.020986 0.015595 0.012909 0.011608 0.010996 0.010715 0.010590 0.010535 0.010512 0.010502 0.010497 0.010493 0.010488 0.010480 0.010465 0.010438 0.010393 0.010318 0.010200 0.010018 0.009748 0.009361 0.008828 0.008119 0.007214 0.006102 0.004789 0.003302 0.001686 0.000000 
50.000000 42.518221 35.299638 28.579694 22.543201 17.310009 12.930885 9.393035 6.632885 4.552753 3.037962 1.971688 1.245915 0.768031 0.463515 0.275645 0.163379 0.098367 0.061867 0.041991 0.031488 0.026099 0.023413 0.022112 0.021500 0.021219 0.021094 0.021039 0.021016 0.021005 0.020999 0.020993 0.020984 0.020968 0.020938 0.020886 0.020798 0.020653 0.020420 0.020062 0.019528 0.018763 0.017704 0.016293 0.014485 0.012260 0.009628 0.006642 0.003391 0.000000 
50.000000 42.521203 35.305496 28.588229 22.554140 17.323031 12.945649 9.409205 6.650152 4.570845 3.056654 1.990802 1.265315 0.787620 0.483224 0.295428 0.183206 0.118219 0.081734 0.061866 0.051366 0.045979 0.043295 0.041994 0.041382 0.041102 0.040976 0.040922 0.040898 0.040886 0.040878 0.040868 0.040852 0.040821 0.040766 0.040668 0.040501 0.040224 0.039782 0.039097 0.038075 0.036602 0.034558 0.031827 0.028317 0.023983 0.018847 0.013007 0.006644 0.000000 
50.000000 42.526678 35.316253 28.603902 22.574227 17.346943 12.972759 9.438898 6.681858 4.604067 3.090979 2.025902 1.300942 0.823594 0.519418 0.331759 0.219617 0.154678 0.118219 0.098365 0.087873 0.082490 0.079807 0.078507 0.077896 0.077615 0.077490 0.077435 0.077410 0.077397 0.077386 0.077369 0.077339 0.077284 0.077183 0.077004 0.076698 0.076189 0.075372 0.074103 0.072201 0.069452 0.065622 0.060485 0.053861 0.045657 0.035906 0.024795 0.012670 0.000000 
50.000000 42.536428 35.335409 28.631812 22.609999 17.389528 13.021042 9.491781 6.738328 4.663238 3.152115 2.088420 1.364400 0.887670 0.583887 0.396470 0.284473 0.219617 0.183205 0.163376 0.152898 0.147522 0.144842 0.143545 0.142933 0.142653 0.142528 0.142472 0.142446 0.142431 0.142414 0.142386 0.142334 0.142237 0.142059 0.141743 0.141199 0.140293 0.138831 0.136553 0.133125 0.128147 0.121183 0.111803 0.099660 0.084563 0.066562 0.045999 0.023515 0.000000 
50.000000 42.553262 35.368484 28.680003 22.671765 17.463057 13.104412 9.583096 6.835837 4.765412 3.257684 2.196377 1.473980 0.998318 0.695215 0.508217 0.396470 0.331758 0.295428 0.275643 0.265188 0.259823 0.257150 0.255855 0.255245 0.254965 0.254840 0.254784 0.254756 0.254736 0.254710 0.254664 0.254576 0.254411 0.254108 0.253569 0.252636 0.251074 0.248546 0.244587 0.238601 0.229868 0.217589 0.200972 0.179356 0.152366 0.120060 0.083041 0.042475 0.000000 
50.000000 42.581428 35.423822 28.760634 22.775109 17.586088 13.243908 9.735889 6.998999 4.936383 3.434338 2.377028 1.657350 1.183476 0.881512 0.695215 0.583887 0.519418 0.483223 0.463512 0.453096 0.447752 0.445088 0.443798 0.443190 0.442911 0.442786 0.442728 0.442697 0.442670 0.442631 0.442557 0.442414 0.442144 0.441647 0.440756 0.439210 0.436612 0.432385 0.425733 0.415621 0.400787 0.379812 0.351266 0.313929 0.267065 0.210713 0.145895 0.074675 0.000000 
50.000000 42.627075 35.513507 28.891309 22.942599 17.785484 13.469995 9.983530 7.263448 5.213494 3.720663 2.669835 1.954566 1.483593 1.183476 0.998318 0.887670 0.823594 0.787620 0.768029 0.757676 0.752364 0.749717 0.748434 0.747830 0.747553 0.747427 0.747367 0.747332 0.747296 0.747236 0.747120 0.746897 0.746471 0.745682 0.744266 0.741797 0.737626 0.730804 0.720010 0.703503 0.679135 0.644454 0.596943 0.534392 0.455396 0.359875 0.249496 0.127811 0.000000 
50.000000 42.698698 35.654231 29.096352 23.205410 18.098365 13.824762 10.372126 7.678426 5.648345 4.169980 3.129329 2.420983 1.954566 1.657350 1.473980 1.364400 1.300942 1.265314 1.245912 1.235659 1.230398 1.227776 1.226506 1.225907 1.225632 1.225506 1.225444 1.225403 1.225353 1.225264 1.225092 1.224754 1.224107 1.222906 1.220738 1.216940 1.210492 1.199883 1.182993 1.156988 1.118323 1.062881 0.986340 0.884787 0.755574 0.598264 0.415441 0.213050 0.000000 
50.000000 42.807460 35.867923 29.407717 23.604502 18.573496 14.363508 10.962252 8.308625 6.308734 4.852344 3.827155 3.129329 2.669835 2.377028 2.196377 2.088420 2.025902 1.990801 1.971686 1.961584 1.956401 1.953818 1.952566 1.951976 1.951704 1.951578 1.951513 1.951464 1.951396 1.951271 1.951021 1.950531 1.949589 1.947831 1.944643 1.939031 1.929445 1.913578 1.888136 1.848669 1.789508 1.703938 1.584726 1.425092 1.220130 0.968488 0.673921 0.346086 0.000000 
50.000000 42.967226 36.181830 29.865106 24.190767 19.271470 15.154944 11.829178 9.234432 7.278903 5.854808 4.852344 4.169980 3.720663 3.434338 3.257684 3.152115 3.090979 3.056653 3.037960 3.028081 3.023012 3.020486 3.019262 3.018684 3.018417 3.018292 3.018224 3.018165 3.018075 3.017903 3.017558 3.016876 3.015562 3.013097 3.008605 3.000653 2.986987 2.964208 2.927404 2.869826 2.782711 2.655438 2.476224 2.233570 1.918537 1.527663 1.065885 0.548378 0.000000 
50.000000 43.194170 36.627727 30.514822 25.023557 20.262953 16.279203 13.060688 10.549601 8.657105 7.278903 6.308734 5.648345 5.213494 4.936383 4.765412 4.663238 4.604067 4.570844 4.552751 4.543189 4.538283 4.535837 4.534652 4.534093 4.533833 4.533709 4.533638 4.533568 4.533453 4.533227 4.532771 4.531866 4.530113 4.526811 4.520762 4.509990 4.491358 4.460064 4.409077 4.328553 4.205434 4.023462 3.763984 3.407934 2.939311 2.350067 1.645568 0.848718 0.000000 
50.000000 43.505778 37.239976 31.406933 26.167051 21.624361 17.822943 14.751714 12.355522 10.549601 9.234432 8.308625 7.678426 7.263448 6.998999 6.835837 6.738328 6.681857 6.650151 6.632883 6.623757 6.619075 6.616740 6.615609 6.615074 6.614825 6.614704 6.614629 6.614548 6.614407 6.614125 6.613551 6.612406 6.610181 6.605969 6.598212 6.584314 6.560104 6.519117 6.451721 6.344167 6.177761 5.928511 5.567797 5.064796 4.391411 3.530122 2.483952 1.285593 0.000000 
50.000000 43.919214 38.052299 32.590580 27.684243 23.430698 19.871220 16.995438 14.751714 13.060688 11.829178 10.962252 10.372126 9.983530 9.735889 9.583095 9.491781 9.438897 9.409204 9.393033 9.384486 9.380100 9.377914 9.376854 9.376353 9.376118 9.376002 9.375925 9.375834 9.375668 9.375333 9.374648 9.373276 9.370599 9.365507 9.356077 9.339076 9.309245 9.258313 9.173740 9.037225 8.823204 8.497719 8.018436 7.336969 6.405115 5.186593 3.674600 1.911529 0.000000 
50.000000 44.449095 39.093417 34.107614 29.628782 25.745842 22.496476 19.871220 17.822943 16.279203 15.154944 14.363508 13.824762 13.469995 13.243908 13.104412 13.021042 12.972759 12.945648 12.930883 12.923079 12.919075 12.917078 12.916110 12.915652 12.915437 12.915328 12.915251 12.915153 12.914970 12.914594 12.913823 12.912275 12.909239 12.903440 12.892642 12.873052 12.838423 12.778782 12.678720 12.515219 12.255145 11.852784 11.248238 10.368337 9.132832 7.469922 5.345120 2.802368 0.000000 
50.000000 45.104929 40.382013 35.985260 32.035569 28.611352 25.745842 23.430698 21.624361 20.262953 19.271470 18.573496 18.098365 17.785484 17.586088 17.463057 17.389528 17.346943 17.323031 17.310008 17.303124 17.299592 17.297831 17.296977 17.296572 17.296381 17.296283 17.296209 17.296109 17.295919 17.295525 17.294715 17.293082 17.289868 17.283701 17.272159 17.251091 17.213578 17.148403 17.037901 16.855019 16.559565 16.093729 15.377505 14.305676 12.750204 10.575755 7.681067 4.078776 0.000000 
50.000000 45.888622 41.921833 38.228981 34.911606 32.035569 29.628782 27.684243 26.167051 25.023557 24.190767 23.604502 23.205410 22.942599 22.775109 22.671765 22.609999 22.574227 22.554140 22.543200 22.537417 22.534450 22.532970 22.532253 22.531913 22.531751 22.531666 22.531600 22.531506 22.531323 22.530943 22.530158 22.528570 22.525436 22.519398 22.508045 22.487203 22.449836 22.384373 22.272230 22.084245 21.775640 21.279128 20.495950 19.285365 17.455803 14.767900 10.975841 5.959528 0.000000 
50.000000 46.792568 43.697931 40.816998 38.228981 35.985260 34.107614 32.590580 31.406933 30.514822 29.865106 29.407717 29.096352 28.891309 28.760634 28.680003 28.631812 28.603902 28.588229 28.579693 28.575181 28.572866 28.571711 28.571151 28.570885 28.570759 28.570691 28.570636 28.570556 28.570397 28.570067 28.569383 28.567996 28.565250 28.559942 28.549921 28.531434 28.498088 28.439229 28.337444 28.164755 27.876811 27.403987 26.637692 25.409506 23.461081 20.408499 15.731149 8.903748 0.000000 
50.000000 47.798820 45.675048 43.697931 41.921833 40.382013 39.093417 38.052299 37.239976 36.627727 36.181830 35.867923 35.654231 35.513507 35.423822 35.368484 35.335409 35.316253 35.305496 35.299637 35.296541 35.294951 35.294159 35.293774 35.293592 35.293505 35.293458 35.293418 35.293359 35.293242 35.292997 35.292489 35.291458 35.289410 35.285443 35.277928 35.264012 35.238790 35.194001 35.115945 34.982160 34.756024 34.377700 33.748298 32.700946 30.945991 27.966783 22.837524 14.026622 0.000000 
50.000000 48.879712 47.798820 46.792568 45.888622 45.104929 44.449095 43.919214 43.505778 43.194170 42.967226 42.807460 42.698698 42.627075 42.581428 42.553262 42.536428 42.526678 42.521203 42.518221 42.516645 42.515836 42.515432 42.515237 42.515144 42.515099 42.515075 42.515054 42.515023 42.514961 42.514830 42.514559 42.514008 42.512913 42.510787 42.506753 42.499264 42.485648 42.461374 42.418848 42.345451 42.220185 42.007685 41.646727 41.026153 39.929094 37.888819 33.772198 24.439856 0.000000 
50.000000 50.000000 50.000000 50.000000 50.000000 50.000000 50.000000 50.000000 50.000000 50.000000 50.000000 50.000000 50.000000 50.000000 50.000000 50.000000 50.000000 50.000000 50.000000 50.000000 50.000000 50.000000 50.000000 50.000000 50.000000 50.000000 50.000000 50.000000 50.000000 50.000000 50.000000 50.000000 50.000000 50.000000 50.000000 50.000000 50.000000 50.000000 50.000000 50.000000 50.000000 50.000000 50.000000 50.000000 50.000000 50.000000 50.000000 50.000000 50.000000 50.000000 
