50.000000 50.000000 50.000000 50.000000 50.000000 50.000000 50.000000 50.000000 50.000000 50.000000 50.000000 50.000000 50.000000 50.000000 50.000000 50.000000 50.000000 50.000000 50.000000 50.000000 50.000000 50.000000 50.000000 50.000000 50.000000 50.000000 50.000000 50.000000 50.000000 50.000000 50.000000 50.000000 50.000000 50.000000 50.000000 50.000000 50.000000 50.000000 50.000000 50.000000 50.000000 50.000000 50.000000 50.000000 50.000000 50.000000 50.000000 50.000000 50.000000 50.000000 
50.000000 48.935171 47.905936 46.944322 46.075818 45.317457 44.677163 44.154332 43.741365 43.425756 43.192313 43.025148 42.909224 42.831343 42.780636 42.748630 42.729036 42.717397 42.710687 42.706930 42.704886 42.703806 42.703250 42.702972 42.702835 42.702768 42.702730 42.702698 42.702653 42.702565 42.702389 42.702032 42.701326 42.699960 42.697371 42.692573 42.683860 42.668345 42.641216 42.594537 42.515292 42.382059 42.159064 41.784739 41.147709 40.031074 37.968303 33.826706 24.467586 0.000000 
50.000000 47.905936 45.881870 43.990788 42.282815 40.791448 39.532270 38.504093 37.691972 37.071314 36.612238 36.283504 36.055534 35.902380 35.802666 35.739726 35.701194 35.678307 35.665111 35.657723 35.653705 35.651580 35.650488 35.649941 35.649672 35.649539 35.649466 35.649405 35.649318 35.649154 35.648821 35.648151 35.646826 35.644264 35.639419 35.630454 35.614216 35.585392 35.535188 35.449252 35.304372 35.063124 34.664889 34.010127 32.931557 31.139465 28.117576 22.940935 14.079230 0.000000 
50.000000 46.944322 43.990788 41.231307 38.739027 36.562823 34.725436 33.225130 32.040096 31.134444 30.464575 29.984899 29.652257 29.428784 29.283288 29.191450 29.135229 29.101834 29.082581 29.071801 29.065938 29.062838 29.061244 29.060446 29.060055 29.059862 29.059756 29.059671 29.059552 29.059328 29.058877 29.057970 29.056180 29.052727 29.046214 29.034201 29.012525 28.974230 28.907932 28.795324 28.607395 28.298690 27.798515 26.997383 25.726310 23.726868 20.615654 15.873212 8.976019 0.000000 
50.000000 46.075818 42.282815 38.739027 35.538392 32.743677 30.384085 28.457386 26.935569 25.772541 24.912309 24.296323 23.869159 23.582187 23.395350 23.277419 23.205225 23.162343 23.137620 23.123778 23.116250 23.112270 23.110223 23.109199 23.108697 23.108450 23.108316 23.108213 23.108073 23.107812 23.107290 23.106242 23.104179 23.100212 23.092753 23.079052 23.054451 23.011249 22.937016 22.812113 22.606160 22.273076 21.744317 20.920063 19.658912 17.769196 15.012159 11.143350 6.044744 0.000000 
50.000000 45.317457 40.791448 36.562823 32.743677 29.408906 26.593356 24.294362 22.478498 21.090759 20.064329 19.329340 18.819656 18.477251 18.254326 18.113618 18.027482 17.976319 17.946822 17.930308 17.921326 17.916578 17.914137 17.912915 17.912317 17.912024 17.911868 17.911752 17.911603 17.911329 17.910783 17.909692 17.907552 17.903449 17.895766 17.881718 17.856638 17.812897 17.738362 17.614239 17.412177 17.090594 16.590333 15.830262 14.704453 13.084765 10.836513 7.859891 4.169748 0.000000 
50.000000 44.677163 39.532270 34.725436 30.384085 26.593356 23.392857 20.779556 18.715451 17.138012 15.971282 15.135839 14.556500 14.167305 13.913922 13.753991 13.656087 13.597937 13.564412 13.545643 13.535435 13.530039 13.527264 13.525876 13.525197 13.524866 13.524693 13.524571 13.524422 13.524156 13.523629 13.522580 13.520530 13.516614 13.509315 13.496037 13.472476 13.431684 13.362779 13.249236 13.066750 12.780814 12.344377 11.696428 10.763094 9.464022 7.728053 5.522143 2.892424 0.000000 
50.000000 44.154332 38.504093 33.225130 28.457386 24.294362 20.779556 17.909634 15.642853 13.910541 12.629273 11.711824 11.075626 10.648239 10.369994 10.194374 10.086867 10.023015 9.986202 9.965593 9.954385 9.948460 9.945414 9.943890 9.943145 9.942784 9.942599 9.942476 9.942335 9.942092 9.941615 9.940672 9.938834 9.935338 9.928852 9.917117 9.896425 9.860864 9.801321 9.704215 9.550050 9.311983 8.954817 8.435179 7.704029 6.713069 5.426615 3.839205 1.995267 0.000000 
50.000000 43.741365 37.691972 32.040096 26.935569 22.478498 18.715451 15.642853 13.216011 11.361392 9.989676 9.007472 8.326378 7.868836 7.570964 7.382957 7.267871 7.199517 7.160110 7.138049 7.126051 7.119709 7.116449 7.114818 7.114021 7.113637 7.113444 7.113323 7.113195 7.112985 7.112578 7.111776 7.110222 7.107276 7.101838 7.092053 7.074906 7.045654 6.997089 6.918663 6.795575 6.608006 6.330871 5.934637 5.387904 4.662493 3.741406 2.628849 1.359306 0.000000 
50.000000 43.425756 37.071314 31.134444 25.772541 21.090759 17.138012 13.910541 11.361392 9.413322 7.972499 6.940823 6.225431 5.744854 5.431988 5.234522 5.113646 5.041855 5.000467 4.977298 4.964697 4.958036 4.954613 4.952900 4.952064 4.951663 4.951465 4.951348 4.951236 4.951062 4.950731 4.950085 4.948836 4.946480 4.942151 4.934404 4.920913 4.898058 4.860418 4.800194 4.706661 4.565817 4.360491 4.071262 3.678582 3.166381 2.527049 1.766941 0.910464 0.000000 
50.000000 43.192313 36.612238 30.464575 24.912309 20.064329 15.971282 12.629273 9.989676 7.972499 6.480577 5.412321 4.671571 4.173965 3.850016 3.645557 3.520403 3.446071 3.403220 3.379231 3.366185 3.359289 3.355744 3.353972 3.353108 3.352694 3.352493 3.352381 3.352285 3.352146 3.351890 3.351392 3.350435 3.348639 3.345353 3.339503 3.329376 3.312335 3.284480 3.240288 3.172305 3.071013 2.925058 2.722046 2.450090 2.100196 1.669251 1.162986 0.597776 0.000000 
50.000000 43.025148 36.283504 29.984899 24.296323 19.329340 15.135839 11.711824 9.007472 6.940823 5.412321 4.317882 3.558982 3.049188 2.717309 2.507847 2.379631 2.303482 2.259583 2.235008 2.221644 2.214580 2.210949 2.209133 2.208249 2.207827 2.207624 2.207517 2.207436 2.207328 2.207137 2.206771 2.206070 2.204759 2.202372 2.198145 2.190867 2.178696 2.158941 2.127841 2.080405 2.010384 1.910503 1.773060 1.590978 1.359307 1.076967 0.748316 0.383933 0.000000 
50.000000 42.909224 36.055534 29.652257 23.869159 18.819656 14.556500 11.075626 8.326378 6.225431 4.671571 3.558982 2.787502 2.269262 1.931886 1.718957 1.588620 1.511212 1.466588 1.441608 1.428022 1.420842 1.417152 1.415307 1.414408 1.413980 1.413777 1.413675 1.413605 1.413524 1.413387 1.413127 1.412635 1.411717 1.410054 1.407121 1.402100 1.393751 1.380286 1.359236 1.327373 1.280724 1.214762 1.124817 1.006760 0.857909 0.678027 0.470143 0.240878 0.000000 
50.000000 42.831343 35.902380 29.428784 23.582187 18.477251 14.167305 10.648239 7.868836 5.744854 4.173965 3.049188 2.269262 1.745350 1.404285 1.189029 1.057268 0.979016 0.933905 0.908652 0.894919 0.887660 0.883930 0.882065 0.881157 0.880725 0.880523 0.880424 0.880363 0.880303 0.880207 0.880031 0.879697 0.879080 0.877965 0.876009 0.872675 0.867162 0.858321 0.844588 0.823941 0.793930 0.751814 0.694829 0.620613 0.527736 0.416259 0.288164 0.147483 0.000000 
50.000000 42.780636 35.802666 29.283288 23.395350 18.254326 13.913922 10.369994 7.570964 5.431988 3.850016 2.717309 1.931886 1.404285 1.060820 0.844050 0.711364 0.632561 0.587134 0.561705 0.547875 0.540566 0.536810 0.534932 0.534018 0.533584 0.533381 0.533285 0.533232 0.533186 0.533121 0.533005 0.532788 0.532388 0.531668 0.530410 0.528276 0.524765 0.519164 0.510513 0.497584 0.478911 0.452877 0.417884 0.372608 0.316297 0.249087 0.172212 0.088063 0.000000 
50.000000 42.748630 35.739726 29.191450 23.277419 18.113619 13.753991 10.194374 7.382958 5.234522 3.645558 2.507847 1.718957 1.189029 0.844050 0.626325 0.493055 0.413907 0.368280 0.342739 0.328849 0.321508 0.317735 0.315849 0.314931 0.314496 0.314294 0.314199 0.314151 0.314116 0.314072 0.313998 0.313862 0.313611 0.313163 0.312382 0.311064 0.308904 0.305475 0.300205 0.292371 0.281120 0.265522 0.244676 0.217853 0.184666 0.145236 0.100307 0.051259 0.000000 
50.000000 42.729036 35.701194 29.135229 23.205225 18.027482 13.656088 10.086868 7.267871 5.113647 3.520403 2.379631 1.588620 1.057269 0.711364 0.493056 0.359429 0.280068 0.234320 0.208710 0.194783 0.187423 0.183640 0.181749 0.180829 0.180393 0.180191 0.180098 0.180053 0.180025 0.179995 0.179949 0.179866 0.179715 0.179445 0.178977 0.178189 0.176904 0.174872 0.171764 0.167167 0.160595 0.151530 0.139473 0.124033 0.105013 0.082502 0.056931 0.029076 0.000000 
50.000000 42.717397 35.678307 29.101835 23.162343 17.976320 13.597938 10.023015 7.199517 5.041856 3.446072 2.303482 1.511213 0.979016 0.632562 0.413907 0.280069 0.200583 0.154762 0.129112 0.115163 0.107791 0.104002 0.102108 0.101187 0.100750 0.100548 0.100456 0.100414 0.100390 0.100370 0.100342 0.100292 0.100204 0.100047 0.099775 0.099319 0.098579 0.097413 0.095637 0.093021 0.089297 0.084182 0.077408 0.068768 0.058164 0.045655 0.031482 0.016071 0.000000 
50.000000 42.710687 35.665112 29.082581 23.137621 17.946824 13.564413 9.986204 7.160112 5.000469 3.403221 2.259585 1.466590 0.933907 0.587136 0.368282 0.234321 0.154763 0.108900 0.083227 0.069266 0.061887 0.058095 0.056199 0.055277 0.054840 0.054638 0.054547 0.054506 0.054485 0.054470 0.054453 0.054425 0.054374 0.054286 0.054133 0.053878 0.053464 0.052816 0.051831 0.050386 0.048337 0.045534 0.041834 0.037132 0.031380 0.024612 0.016962 0.008655 0.000000 
50.000000 42.706930 35.657725 29.071803 23.123781 17.930312 13.545647 9.965597 7.138053 4.977302 3.379235 2.235013 1.441612 0.908657 0.561709 0.342744 0.208715 0.129116 0.083230 0.057544 0.043576 0.036193 0.032399 0.030503 0.029580 0.029143 0.028941 0.028850 0.028809 0.028790 0.028779 0.028768 0.028752 0.028725 0.028676 0.028593 0.028454 0.028230 0.027880 0.027350 0.026575 0.025480 0.023986 0.022021 0.019531 0.016494 0.012928 0.008905 0.004543 0.000000 
50.000000 42.704888 35.653708 29.065943 23.116256 17.921334 13.535444 9.954394 7.126061 4.964707 3.366196 2.221655 1.428034 0.894931 0.547887 0.328861 0.194795 0.115174 0.069276 0.043583 0.029611 0.022226 0.018431 0.016534 0.015611 0.015174 0.014972 0.014881 0.014841 0.014823 0.014814 0.014807 0.014797 0.014783 0.014757 0.014713 0.014639 0.014522 0.014338 0.014061 0.013656 0.013087 0.012312 0.011297 0.010013 0.008450 0.006620 0.004558 0.002324 0.000000 
50.000000 42.703810 35.651589 29.062851 23.112286 17.916597 13.530060 9.948483 7.119734 4.958062 3.359316 2.214607 1.420870 0.887689 0.540595 0.321536 0.187451 0.107819 0.061914 0.036217 0.022243 0.014857 0.011061 0.009164 0.008241 0.007804 0.007602 0.007512 0.007472 0.007454 0.007446 0.007441 0.007435 0.007428 0.007414 0.007391 0.007354 0.007293 0.007199 0.007058 0.006853 0.006564 0.006172 0.005660 0.005014 0.004229 0.003311 0.002279 0.001162 0.000000 
50.000000 42.703261 35.650508 29.061274 23.110262 17.914183 13.527316 9.945470 7.116509 4.954675 3.355809 2.211015 1.417219 0.883998 0.536878 0.317803 0.183708 0.104070 0.058162 0.032463 0.018487 0.011101 0.007305 0.005408 0.004485 0.004048 0.003846 0.003755 0.003716 0.003698 0.003691 0.003687 0.003683 0.003679 0.003672 0.003661 0.003642 0.003611 0.003564 0.003493 0.003390 0.003246 0.003051 0.002796 0.002476 0.002087 0.001634 0.001124 0.000573 0.000000 
50.000000 42.702997 35.649989 29.060516 23.109288 17.913021 13.525996 9.944021 7.114957 4.953046 3.354122 2.209287 1.415462 0.882222 0.535090 0.316007 0.181907 0.102267 0.056356 0.030657 0.016681 0.009294 0.005499 0.003601 0.002678 0.002241 0.002039 0.001948 0.001909 0.001892 0.001884 0.001881 0.001878 0.001876 0.001872 0.001866 0.001856 0.001841 0.001816 0.001780 0.001727 0.001652 0.001552 0.001422 0.001259 0.001061 0.000830 0.000571 0.000291 0.000000 
50.000000 42.702891 35.649781 29.060213 23.108899 17.912557 13.525468 9.943442 7.114338 4.952395 3.353449 2.208597 1.414761 0.881513 0.534376 0.315290 0.181188 0.101547 0.055636 0.029936 0.015960 0.008573 0.004777 0.002880 0.001957 0.001519 0.001318 0.001227 0.001187 0.001170 0.001163 0.001160 0.001158 0.001156 0.001154 0.001150 0.001144 0.001134 0.001119 0.001096 0.001063 0.001017 0.000955 0.000875 0.000774 0.000652 0.000510 0.000350 0.000179 0.000000 
50.000000 42.702891 35.649781 29.060213 23.108899 17.912557 13.525468 9.943442 7.114338 4.952395 3.353449 2.208597 1.414761 0.881513 0.534376 0.315290 0.181188 0.101547 0.055636 0.029936 0.015960 0.008573 0.004777 0.002880 0.001957 0.001519 0.001318 0.001227 0.001187 0.001170 0.001163 0.001160 0.001158 0.001156 0.001154 0.001150 0.001144 0.001134 0.001119 0.001096 0.001063 0.001017 0.000955 0.000875 0.000774 0.000652 0.000510 0.000350 0.000179 0.000000 
50.000000 42.702997 35.649989 29.060516 23.109288 17.913021 13.525996 9.944021 7.114957 4.953046 3.354122 2.209287 1.415462 0.882222 0.535090 0.316007 0.181907 0.102267 0.056356 0.030657 0.016681 0.009294 0.005499 0.003601 0.002678 0.002241 0.002039 0.001948 0.001909 0.001892 0.001884 0.001881 0.001878 0.001876 0.001872 0.001866 0.001856 0.001841 0.001816 0.001780 0.001727 0.001652 0.001552 0.001422 0.001259 0.001061 0.000830 0.000571 0.000291 0.000000 
50.000000 42.703261 35.650508 29.061274 23.110262 17.914183 13.527316 9.945470 7.116509 4.954675 3.355809 2.211015 1.417219 0.883998 0.536878 0.317803 0.183708 0.104070 0.058162 0.032463 0.018487 0.011101 0.007305 0.005408 0.004485 0.004048 0.003846 0.003755 0.003716 0.003698 0.003691 0.003687 0.003683 0.003679 0.003672 0.003661 0.003642 0.003611 0.003564 0.003493 0.003390 0.003246 0.003051 0.002796 0.002476 0.002087 0.001634 0.001124 0.000573 0.000000 
50.000000 42.703810 35.651589 29.062851 23.112286 17.916597 13.530060 9.948483 7.119734 4.958062 3.359316 2.214607 1.420870 0.887689 0.540595 0.321536 0.187451 0.107819 0.061914 0.036217 0.022243 0.014857 0.011061 0.009164 0.008241 0.007804 0.007602 0.007512 0.007472 0.007454 0.007446 0.007441 0.007435 0.007428 0.007414 0.007391 0.007354 0.007293 0.007199 0.007058 0.006853 0.006564 0.006172 0.005660 0.005014 0.004229 0.003311 0.002279 0.001162 0.000000 
50.000000 42.704888 35.653708 29.065943 23.116256 17.921334 13.535444 9.954394 7.126061 4.964707 3.366196 2.221655 1.428034 0.894931 0.547887 0.328861 0.194795 0.115174 0.069276 0.043583 0.029611 0.022226 0.018431 0.016534 0.015611 0.015174 0.014972 0.014881 0.014841 0.014823 0.014814 0.014807 0.014797 0.014783 0.014757 0.014713 0.014639 0.014522 0.014338 0.014061 0.013656 0.013087 0.012312 0.011297 0.010013 0.008450 0.006620 0.004558 0.002324 0.000000 
50.000000 42.706930 35.657725 29.071803 23.123781 17.930312 13.545647 9.965597 7.138053 4.977302 3.379235 2.235013 1.441612 0.908657 0.561709 0.342744 0.208715 0.129116 0.083230 0.057544 0.043576 0.036193 0.032399 0.030503 0.029580 0.029143 0.028941 0.028850 0.028809 0.028790 0.028779 0.028768 0.028752 0.028725 0.028676 0.028593 0.028454 0.028230 0.027880 0.027350 0.026575 0.025480 0.023986 0.022021 0.019531 0.016494 0.012928 0.008905 0.004543 0.000000 
50.000000 42.710687 35.665112 29.082581 23.137621 17.946824 13.564413 9.986204 7.160112 5.000469 3.403221 2.259585 1.466590 0.933907 0.587136 0.368282 0.234321 0.154763 0.108900 0.083227 0.069266 0.061887 0.058095 0.056199 0.055277 0.054840 0.054638 0.054547 0.054506 0.054485 0.054470 0.054453 0.054425 0.054374 0.054286 0.054133 0.053878 0.053464 0.052816 0.051831 0.050386 0.048337 0.045534 0.041834 0.037132 0.031380 0.024612 0.016962 0.008655 0.000000 
50.000000 42.717397 35.678307 29.101835 23.162343 17.976320 13.597938 10.023015 7.199517 5.041856 3.446072 2.303482 1.511213 0.979016 0.632562 0.413907 0.280069 0.200583 0.154762 0.129112 0.115163 0.107791 0.104002 0.102108 0.101187 0.100750 0.100548 0.100456 0.100414 0.100390 0.100370 0.100342 0.100292 0.100204 0.100047 0.099775 0.099319 0.098579 0.097413 0.095637 0.093021 0.089297 0.084182 0.077408 0.068768 0.058164 0.045655 0.031482 0.016071 0.000000 
50.000000 42.729036 35.701194 29.135229 23.205225 18.027482 13.656088 10.086868 7.267871 5.113647 3.520403 2.379631 1.588620 1.057269 0.711364 0.493056 0.359429 0.280068 0.234320 0.208710 0.194783 0.187423 0.183640 0.181749 0.180829 0.180393 0.180191 0.180098 0.180053 0.180025 0.179995 0.179949 0.179866 0.179715 0.179445 0.178977 0.178189 0.176904 0.174872 0.171764 0.167167 0.160595 0.151530 0.139473 0.124033 0.105013 0.082502 0.056931 0.029076 0.000000 
50.000000 42.748630 35.739726 29.191450 23.277419 18.113619 13.753991 10.194374 7.382958 5.234522 3.645558 2.507847 1.718957 1.189029 0.844050 0.626325 0.493055 0.413907 0.368280 0.342739 0.328849 0.321508 0.317735 0.315849 0.314931 0.314496 0.314294 0.314199 0.314151 0.314116 0.314072 0.313998 0.313862 0.313611 0.313163 0.312382 0.311064 0.308904 0.305475 0.300205 0.292371 0.281120 0.265522 0.244676 0.217853 0.184666 0.145236 0.100307 0.051259 0.000000 
50.000000 42.780636 35.802666 29.283288 23.395350 18.254326 13.913922 10.369994 7.570964 5.431988 3.850016 2.717309 1.931886 1.404285 1.060820 0.844050 0.711364 0.632561 0.587134 0.561705 0.547875 0.540566 0.536810 0.534932 0.534018 0.533584 0.533381 0.533285 0.533232 0.533186 0.533121 0.533005 0.532788 0.532388 0.531668 0.530410 0.528276 0.524765 0.519164 0.510513 0.497584 0.478911 0.452877 0.417884 0.372608 0.316297 0.249087 0.172212 0.088063 0.000000 
50.000000 42.831343 35.902380 29.428784 23.582187 18.477251 14.167305 10.648239 7.868836 5.744854 4.173965 3.049188 2.269262 1.745350 1.404285 1.189029 1.057268 0.979016 0.933905 0.908652 0.894919 0.887660 0.883930 0.882065 0.881157 0.880725 0.880523 0.880424 0.880363 0.880303 0.880207 0.880031 0.879697 0.879080 0.877965 0.876009 0.872675 0.867162 0.858321 0.844588 0.823941 0.793930 0.751814 0.694829 0.620613 0.527736 0.416259 0.288164 0.147483 0.000000 
50.000000 42.909224 36.055534 29.652257 23.869159 18.819656 14.556500 11.075626 8.326378 6.225431 4.671571 3.558982 2.787502 2.269262 1.931886 1.718957 1.588620 1.511212 1.466588 1.441608 1.428022 1.420842 1.417152 1.415307 1.414408 1.413980 1.413777 1.413675 1.413605 1.413524 1.413387 1.413127 1.412635 1.411717 1.410054 1.407121 1.402100 1.393751 1.380286 1.359236 1.327373 1.280724 1.214762 1.124817 1.006760 0.857909 0.678027 0.470143 0.240878 0.000000 
50.000000 43.025148 36.283504 29.984899 24.296323 19.329340 15.135839 11.711824 9.007472 6.940823 5.412321 4.317882 3.558982 3.049188 2.717309 2.507847 2.379631 2.303482 2.259583 2.235008 2.221644 2.214580 2.210949 2.209133 2.208249 2.207827 2.207624 2.207517 2.207436 2.207328 2.207137 2.206771 2.206070 2.204759 2.202372 2.198145 2.190867 2.178696 2.158941 2.127841 2.080405 2.010384 1.910503 1.773060 1.590978 1.359307 1.076967 0.748316 0.383933 0.000000 
50.000000 43.192313 36.612238 30.464575 24.912309 20.064329 15.971282 12.629273 9.989676 7.972499 6.480577 5.412321 4.671571 4.173965 3.850016 3.645557 3.520403 3.446071 3.403220 3.379231 3.366185 3.359289 3.355744 3.353972 3.353108 3.352694 3.352493 3.352381 3.352285 3.352146 3.351890 3.351392 3.350435 3.348639 3.345353 3.339503 3.329376 3.312335 3.284480 3.240288 3.172305 3.071013 2.925058 2.722046 2.450090 2.100196 1.669251 1.162986 0.597776 0.000000 
50.000000 43.425756 37.071314 31.134444 25.772541 21.090759 17.138012 13.910541 11.361392 9.413322 7.972499 6.940823 6.225431 5.744854 5.431988 5.234522 5.113646 5.041855 5.000467 4.977298 4.964697 4.958036 4.954613 4.952900 4.952064 4.951663 4.951465 4.951348 4.951236 4.951062 4.950731 4.950085 4.948836 4.946480 4.942151 4.934404 4.920913 4.898058 4.860418 4.800194 4.706661 4.565817 4.360491 4.071262 3.678582 3.166381 2.527049 1.766941 0.910464 0.000000 
50.000000 43.741365 37.691972 32.040096 26.935569 22.478498 18.715451 15.642853 13.216011 11.361392 9.989676 9.007472 8.326378 7.868836 7.570964 7.382957 7.267871 7.199517 7.160110 7.138049 7.126051 7.119709 7.116449 7.114818 7.114021 7.113637 7.113444 7.113323 7.113195 7.112985 7.112578 7.111776 7.110222 7.107276 7.101838 7.092053 7.074906 7.045654 6.997089 6.918663 6.795575 6.608006 6.330871 5.934637 5.387904 4.662493 3.741406 2.628849 1.359306 0.000000 
50.000000 44.154332 38.504093 33.225130 28.457386 24.294362 20.779556 17.909634 15.642853 13.910541 12.629273 11.711824 11.075626 10.648239 10.369994 10.194374 10.086867 10.023015 9.986202 9.965593 9.954385 9.948460 9.945414 9.943890 9.943145 9.942784 9.942599 9.942476 9.942335 9.942092 9.941615 9.940672 9.938834 9.935338 9.928852 9.917117 9.896425 9.860864 9.801321 9.704215 9.550050 9.311983 8.954817 8.435179 7.704029 6.713069 5.426615 3.839205 1.995267 0.000000 
50.000000 44.677163 39.532270 34.725436 30.384085 26.593356 23.392857 20.779556 18.715451 17.138012 15.971282 15.135839 14.556500 14.167305 13.913922 13.753991 13.656087 13.597937 13.564412 13.545643 13.535435 13.530039 13.527264 13.525876 13.525197 13.524866 13.524693 13.524571 13.524422 13.524156 13.523629 13.522580 13.520530 13.516614 13.509315 13.496037 13.472476 13.431684 13.362779 13.249236 13.066750 12.780814 12.344377 11.696428 10.763094 9.464022 7.728053 5.522143 2.892424 0.000000 
50.000000 45.317457 40.791448 36.562823 32.743677 29.408906 26.593356 24.294362 22.478498 21.090759 20.064329 19.329340 18.819656 18.477251 18.254326 18.113618 18.027482 17.976319 17.946822 17.930308 17.921326 17.916578 17.914137 17.912915 17.912317 17.912024 17.911868 17.911752 17.911603 17.911329 17.910783 17.909692 17.907552 17.903449 17.895766 17.881718 17.856638 17.812897 17.738362 17.614239 17.412177 17.090594 16.590333 15.830262 14.704453 13.084765 10.836513 7.859891 4.169748 0.000000 
50.000000 46.075818 42.282815 38.739027 35.538392 32.743677 30.384085 28.457386 26.935569 25.772541 24.912309 24.296323 23.869159 23.582187 23.395350 23.277419 23.205225 23.162343 23.137620 23.123778 23.116250 23.112270 23.110223 23.109199 23.108697 23.108450 23.108316 23.108213 23.108073 23.107812 23.107290 23.106242 23.104179 23.100212 23.092753 23.079052 23.054451 23.011249 22.937016 22.812113 22.606160 22.273076 21.744317 20.920063 19.658912 17.769196 15.012159 11.143350 6.044744 0.000000 
50.000000 46.944322 43.990788 41.231307 38.739027 36.562823 34.725436 33.225130 32.040096 31.134444 30.464575 29.984899 29.652257 29.428784 29.283288 29.191450 29.135229 29.101834 29.082581 29.071801 29.065938 29.062838 29.061244 29.060446 29.060055 29.059862 29.059756 29.059671 29.059552 29.059328 29.058877 29.057970 29.056180 29.052727 29.046214 29.034201 29.012525 28.974230 28.907932 28.795324 28.607395 28.298690 27.798515 26.997383 25.726310 23.726868 20.615654 15.873212 8.976019 0.000000 
50.000000 47.905936 45.881870 43.990788 42.282815 40.791448 39.532270 38.504093 37.691972 37.071314 36.612238 36.283504 36.055534 35.902380 35.802666 35.739726 35.701194 35.678307 35.665111 35.657723 35.653705 35.651580 35.650488 35.649941 35.649672 35.649539 35.649466 35.649405 35.649318 35.649154 35.648821 35.648151 35.646826 35.644264 35.639419 35.630454 35.614216 35.585392 35.535188 35.449252 35.304372 35.063124 34.664889 34.010127 32.931557 31.139465 28.117576 22.940935 14.079230 0.000000 
50.000000 48.935171 47.905936 46.944322 46.075818 45.317457 44.677163 44.154332 43.741365 43.425756 43.192313 43.025148 42.909224 42.831343 42.780636 42.748630 42.729036 42.717397 42.710687 42.706930 42.704886 42.703806 42.703250 42.702972 42.702835 42.702768 42.702730 42.702698 42.702653 42.702565 42.702389 42.702032 42.701326 42.699960 42.697371 42.692573 42.683860 42.668345 42.641216 42.594537 42.515292 42.382059 42.159064 41.784739 41.147709 40.031074 37.968303 33.826706 24.467586 0.000000 
50.000000 50.000000 50.000000 50.000000 50.000000 50.000000 50.000000 50.000000 50.000000 50.000000 50.000000 50.000000 50.000000 50.000000 50.000000 50.000000 50.000000 50.000000 50.000000 50.000000 50.000000 50.000000 50.000000 50.000000 50.000000 50.000000 50.000000 50.000000 50.000000 50.000000 50.000000 50.000000 50.000000 50.000000 50.000000 50.000000 50.000000 50.000000 50.000000 50.000000 50.000000 50.000000 50.000000 50.000000 50.000000 50.000000 50.000000 50.000000 50.000000 50.000000 
