50.000000 50.000000 50.000000 50.000000 50.000000 50.000000 50.000000 50.000000 50.000000 50.000000 50.000000 50.000000 50.000000 50.000000 50.000000 50.000000 50.000000 50.000000 50.000000 50.000000 50.000000 50.000000 50.000000 50.000000 50.000000 50.000000 50.000000 50.000000 50.000000 50.000000 50.000000 50.000000 50.000000 50.000000 50.000000 50.000000 50.000000 50.000000 50.000000 50.000000 50.000000 50.000000 50.000000 50.000000 50.000000 50.000000 50.000000 50.000000 50.000000 50.000000 
50.000000 48.760165 47.568578 46.467859 45.490468 44.656056 43.971017 43.430016 43.018888 42.718130 42.506243 42.362418 42.268310 42.208922 42.172758 42.151495 42.139418 42.132787 42.129266 42.127457 42.126556 42.126122 42.125919 42.125827 42.125786 42.125768 42.125759 42.125750 42.125736 42.125706 42.125637 42.125486 42.125161 42.124478 42.123082 42.120298 42.114881 42.104588 42.085461 42.050643 41.988387 41.878667 41.687095 41.353308 40.766740 39.710703 37.718106 33.654864 24.380083 0.000000 
50.000000 47.568578 45.231776 43.073176 41.156436 39.520093 38.176685 37.115749 36.309506 35.719706 35.304189 35.022144 34.837598 34.721140 34.650222 34.608526 34.584843 34.571841 34.564936 34.561388 34.559623 34.558772 34.558374 34.558193 34.558113 34.558078 34.558059 34.558044 34.558017 34.557960 34.557832 34.557551 34.556946 34.555678 34.553088 34.547935 34.537933 34.518987 34.483923 34.420425 34.307686 34.110916 33.772124 33.194045 32.210931 30.533464 27.644316 22.615888 13.913714 0.000000 
50.000000 46.467859 43.073176 39.937376 37.152932 34.775831 32.824283 31.283086 30.111884 29.255108 28.651510 28.241803 27.973729 27.804561 27.701547 27.640981 27.606580 27.587694 27.577665 27.572512 27.569948 27.568711 27.568133 27.567871 27.567755 27.567704 27.567678 27.567656 27.567620 27.567544 27.567373 27.566998 27.566193 27.564510 27.561082 27.554282 27.541134 27.516348 27.470752 27.388823 27.244840 26.996949 26.578043 25.881748 24.741176 22.898436 19.968688 15.428860 8.749753 0.000000 
50.000000 45.490468 41.156436 37.152932 33.598022 30.563183 28.071664 26.104049 24.608812 23.515004 22.744425 22.221383 21.879157 21.663198 21.531693 21.454377 21.410464 21.386355 21.373554 21.366976 21.363702 21.362124 21.361387 21.361052 21.360904 21.360839 21.360806 21.360780 21.360740 21.360653 21.360460 21.360035 21.359127 21.357234 21.353391 21.345797 21.331188 21.303814 21.253834 21.164871 21.010396 20.748546 20.314976 19.613511 18.505202 16.799011 14.254496 10.622971 5.779765 0.000000 
50.000000 44.656056 39.520093 34.775831 30.563183 26.966853 24.014387 21.682771 19.910938 18.614808 17.701707 17.081934 16.676423 16.420533 16.264716 16.173108 16.121078 16.092513 16.077346 16.069553 16.065675 16.063806 16.062932 16.062535 16.062360 16.062283 16.062246 16.062218 16.062175 16.062087 16.061890 16.061461 16.060543 16.058637 16.054783 16.047205 16.032707 16.005725 15.956871 15.870799 15.723235 15.477061 15.077562 14.447462 13.483427 12.057981 10.034655 7.309162 3.889316 0.000000 
50.000000 43.971017 38.176685 32.824283 28.071664 24.014387 20.683525 18.053109 16.054234 14.592037 13.561959 12.862797 12.405351 12.116694 11.940926 11.837591 11.778902 11.746683 11.729575 11.720785 11.716411 11.714303 11.713317 11.712870 11.712673 11.712587 11.712546 11.712517 11.712476 11.712393 11.712210 11.711810 11.710959 11.709199 11.705654 11.698719 11.685533 11.661170 11.617436 11.541188 11.412111 11.200069 10.862366 10.341763 9.566925 8.458153 6.942536 4.982640 2.617710 0.000000 
50.000000 43.430016 37.115749 31.283086 26.104049 21.682771 18.053109 15.186754 13.008613 11.415299 10.292870 9.531037 9.032594 8.718073 8.526560 8.413971 8.350027 8.314924 8.296285 8.286709 8.281944 8.279647 8.278573 8.278086 8.277872 8.277778 8.277735 8.277707 8.277670 8.277597 8.277438 8.277091 8.276357 8.274844 8.271811 8.265909 8.254756 8.234299 8.197894 8.135065 8.029984 7.859821 7.593377 7.190743 6.605209 5.789074 4.705044 3.343625 1.742921 0.000000 
50.000000 43.018888 36.309506 30.111884 24.608812 19.910938 16.054234 13.008613 10.694271 9.001348 7.808762 6.999324 6.469744 6.135580 5.932111 5.812494 5.744561 5.707268 5.687468 5.677295 5.672233 5.669793 5.668653 5.668136 5.667908 5.667809 5.667764 5.667737 5.667706 5.667646 5.667515 5.667234 5.666639 5.665418 5.662982 5.658266 5.649411 5.633284 5.604822 5.556176 5.475725 5.347136 5.148791 4.854165 4.433878 3.860266 3.114935 2.198589 1.140221 0.000000 
50.000000 42.718130 35.719706 29.255108 23.515004 18.614808 14.592037 11.415299 9.001348 7.235580 5.991694 5.147449 4.595103 4.246580 4.034371 3.909619 3.838771 3.799878 3.779229 3.768620 3.763341 3.760797 3.759608 3.759069 3.758831 3.758728 3.758683 3.758658 3.758632 3.758584 3.758484 3.758268 3.757812 3.756881 3.755033 3.751474 3.744830 3.732813 3.711772 3.676130 3.617790 3.525622 3.385315 3.179926 2.891573 2.504608 2.010268 1.412020 0.729742 0.000000 
50.000000 42.506243 35.304189 28.651510 22.744425 17.701707 13.561959 10.292870 7.808762 5.991694 4.711684 3.842930 3.274557 2.915926 2.697566 2.569199 2.496299 2.456281 2.435035 2.424119 2.418688 2.416070 2.414847 2.414292 2.414048 2.413943 2.413897 2.413873 2.413852 2.413817 2.413743 2.413585 2.413255 2.412581 2.411250 2.408700 2.403967 2.395462 2.380678 2.355842 2.315564 2.252586 2.157805 2.020771 1.830908 1.579554 1.262686 0.883764 0.455600 0.000000 
50.000000 42.362418 35.022144 28.241803 22.221383 17.081934 12.862797 9.531037 6.999324 5.147449 3.842930 2.957551 2.378307 2.012820 1.790289 1.659472 1.585181 1.544400 1.522749 1.511626 1.506091 1.503424 1.502177 1.501612 1.501363 1.501257 1.501211 1.501189 1.501172 1.501146 1.501095 1.500985 1.500756 1.500292 1.499379 1.497639 1.494425 1.488685 1.478775 1.462252 1.435677 1.394502 1.333143 1.245361 1.125063 0.967549 0.771051 0.538221 0.276956 0.000000 
50.000000 42.268310 34.837598 27.973729 21.879157 16.676423 12.405351 9.032594 6.469744 4.595103 3.274557 2.378307 1.791955 1.421988 1.196730 1.064311 0.989112 0.947833 0.925917 0.914658 0.909056 0.906356 0.905095 0.904523 0.904271 0.904163 0.904117 0.904097 0.904083 0.904065 0.904030 0.903957 0.903806 0.903501 0.902903 0.901768 0.899682 0.895978 0.889622 0.879095 0.862290 0.836460 0.798295 0.744181 0.670698 0.575343 0.457381 0.318611 0.163722 0.000000 
50.000000 42.208922 34.721140 27.804561 21.663198 16.420533 12.116694 8.718073 6.135580 4.246580 2.915926 2.012820 1.421988 1.049195 0.822218 0.688791 0.613019 0.571426 0.549344 0.537999 0.532355 0.529634 0.528363 0.527787 0.527533 0.527425 0.527379 0.527359 0.527348 0.527335 0.527313 0.527267 0.527171 0.526979 0.526604 0.525894 0.524597 0.522306 0.518395 0.511959 0.501750 0.486169 0.463317 0.431160 0.387827 0.332010 0.263427 0.183206 0.094041 0.000000 
50.000000 42.172758 34.650222 27.701547 21.531693 16.264716 11.940926 8.526560 5.932111 4.034371 2.697566 1.790289 1.196730 0.822218 0.594196 0.460155 0.384035 0.342251 0.320068 0.308671 0.303002 0.300269 0.298992 0.298413 0.298158 0.298049 0.298004 0.297984 0.297975 0.297966 0.297952 0.297924 0.297866 0.297750 0.297524 0.297098 0.296324 0.294962 0.292650 0.288865 0.282897 0.273844 0.260651 0.242207 0.217511 0.185896 0.147265 0.102287 0.052460 0.000000 
50.000000 42.151495 34.608526 27.640981 21.454377 16.173108 11.837591 8.413971 5.812494 3.909619 2.569199 1.659472 1.064311 0.688791 0.460155 0.325753 0.249429 0.207533 0.185291 0.173864 0.168179 0.165439 0.164158 0.163578 0.163323 0.163213 0.163168 0.163149 0.163140 0.163134 0.163125 0.163109 0.163075 0.163007 0.162877 0.162632 0.162187 0.161408 0.160092 0.157949 0.154586 0.149513 0.142160 0.131937 0.118324 0.100987 0.079898 0.055438 0.028413 0.000000 
50.000000 42.139418 34.584843 27.606580 21.410464 16.121078 11.778902 8.350027 5.744561 3.838771 2.496299 1.585181 0.989112 0.613019 0.384035 0.249429 0.172989 0.131030 0.108754 0.097309 0.091616 0.088871 0.087589 0.087008 0.086752 0.086643 0.086597 0.086579 0.086571 0.086566 0.086561 0.086551 0.086532 0.086494 0.086422 0.086286 0.086040 0.085611 0.084889 0.083718 0.081889 0.079143 0.075183 0.069704 0.062441 0.053230 0.042070 0.029165 0.014939 0.000000 
50.000000 42.132787 34.571841 27.587694 21.386355 16.092513 11.746683 8.314924 5.707268 3.799878 2.456281 1.544400 0.947833 0.571426 0.342251 0.207533 0.131030 0.089036 0.066741 0.055287 0.049589 0.046842 0.045559 0.044977 0.044722 0.044612 0.044567 0.044548 0.044541 0.044537 0.044534 0.044528 0.044518 0.044498 0.044458 0.044386 0.044254 0.044026 0.043644 0.043027 0.042066 0.040629 0.038566 0.035723 0.031970 0.027228 0.021501 0.014895 0.007626 0.000000 
50.000000 42.129266 34.564936 27.577665 21.373554 16.077346 11.729575 8.296286 5.687468 3.779229 2.435035 1.522750 0.925918 0.549344 0.320068 0.185291 0.108754 0.066741 0.044437 0.032978 0.027277 0.024530 0.023246 0.022664 0.022408 0.022299 0.022253 0.022235 0.022227 0.022224 0.022222 0.022219 0.022213 0.022203 0.022183 0.022145 0.022077 0.021960 0.021765 0.021450 0.020962 0.020235 0.019194 0.017766 0.015886 0.013519 0.010667 0.007385 0.003780 0.000000 
50.000000 42.127457 34.561388 27.572512 21.366976 16.069553 11.720785 8.286709 5.677295 3.768620 2.424119 1.511626 0.914658 0.537999 0.308672 0.173864 0.097310 0.055288 0.032978 0.021517 0.015815 0.013067 0.011782 0.011200 0.010944 0.010835 0.010790 0.010771 0.010764 0.010761 0.010759 0.010758 0.010755 0.010749 0.010739 0.010721 0.010687 0.010629 0.010532 0.010377 0.010137 0.009780 0.009272 0.008576 0.007663 0.006517 0.005139 0.003556 0.001819 0.000000 
50.000000 42.126557 34.559623 27.569948 21.363703 16.065676 11.716413 8.281945 5.672234 3.763343 2.418689 1.506093 0.909058 0.532356 0.303003 0.168180 0.091617 0.049590 0.027279 0.015816 0.010113 0.007365 0.006081 0.005498 0.005242 0.005133 0.005088 0.005069 0.005062 0.005059 0.005058 0.005057 0.005055 0.005053 0.005048 0.005039 0.005023 0.004995 0.004948 0.004874 0.004760 0.004590 0.004349 0.004021 0.003591 0.003052 0.002405 0.001664 0.000851 0.000000 
50.000000 42.126123 34.558773 27.568713 21.362127 16.063809 11.714306 8.279651 5.669797 3.760801 2.416074 1.503428 0.906361 0.529639 0.300273 0.165443 0.088876 0.046847 0.024534 0.013070 0.007368 0.004619 0.003334 0.002752 0.002496 0.002387 0.002341 0.002323 0.002316 0.002313 0.002312 0.002311 0.002311 0.002309 0.002307 0.002303 0.002295 0.002282 0.002261 0.002226 0.002173 0.002095 0.001984 0.001833 0.001636 0.001390 0.001095 0.000757 0.000387 0.000000 
50.000000 42.125921 34.558377 27.568139 21.361394 16.062940 11.713326 8.278583 5.668663 3.759619 2.414858 1.502189 0.905106 0.528375 0.299003 0.164170 0.087601 0.045571 0.023257 0.011793 0.006090 0.003342 0.002057 0.001475 0.001219 0.001110 0.001064 0.001046 0.001039 0.001036 0.001035 0.001034 0.001034 0.001033 0.001032 0.001030 0.001027 0.001021 0.001011 0.000996 0.000972 0.000936 0.000886 0.000819 0.000730 0.000620 0.000488 0.000338 0.000173 0.000000 
50.000000 42.125832 34.558203 27.567885 21.361070 16.062556 11.712894 8.278112 5.668163 3.759097 2.414321 1.501641 0.904552 0.527817 0.298443 0.163608 0.087038 0.045007 0.022694 0.011230 0.005527 0.002778 0.001493 0.000911 0.000655 0.000546 0.000500 0.000482 0.000475 0.000472 0.000471 0.000471 0.000470 0.000470 0.000470 0.000469 0.000467 0.000464 0.000460 0.000453 0.000442 0.000425 0.000403 0.000372 0.000331 0.000281 0.000221 0.000153 0.000078 0.000000 
50.000000 42.125799 34.558137 27.567790 21.360949 16.062413 11.712732 8.277936 5.667976 3.758902 2.414120 1.501437 0.904345 0.527608 0.298233 0.163398 0.086827 0.044797 0.022483 0.011019 0.005316 0.002567 0.001283 0.000701 0.000445 0.000335 0.000290 0.000271 0.000264 0.000261 0.000260 0.000260 0.000260 0.000260 0.000259 0.000259 0.000258 0.000256 0.000254 0.000250 0.000244 0.000235 0.000222 0.000205 0.000183 0.000155 0.000122 0.000084 0.000043 0.000000 
50.000000 42.125799 34.558137 27.567790 21.360949 16.062413 11.712732 8.277936 5.667976 3.758902 2.414120 1.501437 0.904345 0.527608 0.298233 0.163398 0.086827 0.044797 0.022483 0.011019 0.005316 0.002567 0.001283 0.000701 0.000445 0.000335 0.000290 0.000271 0.000264 0.000261 0.000260 0.000260 0.000260 0.000260 0.000259 0.000259 0.000258 0.000256 0.000254 0.000250 0.000244 0.000235 0.000222 0.000205 0.000183 0.000155 0.000122 0.000084 0.000043 0.000000 
50.000000 42.125832 34.558203 27.567885 21.361070 16.062556 11.712894 8.278112 5.668163 3.759097 2.414321 1.501641 0.904552 0.527817 0.298443 0.163608 0.087038 0.045007 0.022694 0.011230 0.005527 0.002778 0.001493 0.000911 0.000655 0.000546 0.000500 0.000482 0.000475 0.000472 0.000471 0.000471 0.000470 0.000470 0.000470 0.000469 0.000467 0.000464 0.000460 0.000453 0.000442 0.000425 0.000403 0.000372 0.000331 0.000281 0.000221 0.000153 0.000078 0.000000 
50.000000 42.125921 34.558377 27.568139 21.361394 16.062940 11.713326 8.278583 5.668663 3.759619 2.414858 1.502189 0.905106 0.528375 0.299003 0.164170 0.087601 0.045571 0.023257 0.011793 0.006090 0.003342 0.002057 0.001475 0.001219 0.001110 0.001064 0.001046 0.001039 0.001036 0.001035 0.001034 0.001034 0.001033 0.001032 0.001030 0.001027 0.001021 0.001011 0.000996 0.000972 0.000936 0.000886 0.000819 0.000730 0.000620 0.000488 0.000338 0.000173 0.000000 
50.000000 42.126123 34.558773 27.568713 21.362127 16.063809 11.714306 8.279651 5.669797 3.760801 2.416074 1.503428 0.906361 0.529639 0.300273 0.165443 0.088876 0.046847 0.024534 0.013070 0.007368 0.004619 0.003334 0.002752 0.002496 0.002387 0.002341 0.002323 0.002316 0.002313 0.002312 0.002311 0.002311 0.002309 0.002307 0.002303 0.002295 0.002282 0.002261 0.002226 0.002173 0.002095 0.001984 0.001833 0.001636 0.001390 0.001095 0.000757 0.000387 0.000000 
50.000000 42.126557 34.559623 27.569948 21.363703 16.065676 11.716413 8.281945 5.672234 3.763343 2.418689 1.506093 0.909058 0.532356 0.303003 0.168180 0.091617 0.049590 0.027279 0.015816 0.010113 0.007365 0.006081 0.005498 0.005242 0.005133 0.005088 0.005069 0.005062 0.005059 0.005058 0.005057 0.005055 0.005053 0.005048 0.005039 0.005023 0.004995 0.004948 0.004874 0.004760 0.004590 0.004349 0.004021 0.003591 0.003052 0.002405 0.001664 0.000851 0.000000 
50.000000 42.127457 34.561388 27.572512 21.366976 16.069553 11.720785 8.286709 5.677295 3.768620 2.424119 1.511626 0.914658 0.537999 0.308672 0.173864 0.097310 0.055288 0.032978 0.021517 0.015815 0.013067 0.011782 0.011200 0.010944 0.010835 0.010790 0.010771 0.010764 0.010761 0.010759 0.010758 0.010755 0.010749 0.010739 0.010721 0.010687 0.010629 0.010532 0.010377 0.010137 0.009780 0.009272 0.008576 0.007663 0.006517 0.005139 0.003556 0.001819 0.000000 
50.000000 42.129266 34.564936 27.577665 21.373554 16.077346 11.729575 8.296286 5.687468 3.779229 2.435035 1.522750 0.925918 0.549344 0.320068 0.185291 0.108754 0.066741 0.044437 0.032978 0.027277 0.024530 0.023246 0.022664 0.022408 0.022299 0.022253 0.022235 0.022227 0.022224 0.022222 0.022219 0.022213 0.022203 0.022183 0.022145 0.022077 0.021960 0.021765 0.021450 0.020962 0.020235 0.019194 0.017766 0.015886 0.013519 0.010667 0.007385 0.003780 0.000000 
50.000000 42.132787 34.571841 27.587694 21.386355 16.092513 11.746683 8.314924 5.707268 3.799878 2.456281 1.544400 0.947833 0.571426 0.342251 0.207533 0.131030 0.089036 0.066741 0.055287 0.049589 0.046842 0.045559 0.044977 0.044722 0.044612 0.044567 0.044548 0.044541 0.044537 0.044534 0.044528 0.044518 0.044498 0.044458 0.044386 0.044254 0.044026 0.043644 0.043027 0.042066 0.040629 0.038566 0.035723 0.031970 0.027228 0.021501 0.014895 0.007626 0.000000 
50.000000 42.139418 34.584843 27.606580 21.410464 16.121078 11.778902 8.350027 5.744561 3.838771 2.496299 1.585181 0.989112 0.613019 0.384035 0.249429 0.172989 0.131030 0.108754 0.097309 0.091616 0.088871 0.087589 0.087008 0.086752 0.086643 0.086597 0.086579 0.086571 0.086566 0.086561 0.086551 0.086532 0.086494 0.086422 0.086286 0.086040 0.085611 0.084889 0.083718 0.081889 0.079143 0.075183 0.069704 0.062441 0.053230 0.042070 0.029165 0.014939 0.000000 
50.000000 42.151495 34.608526 27.640981 21.454377 16.173108 11.837591 8.413971 5.812494 3.909619 2.569199 1.659472 1.064311 0.688791 0.460155 0.325753 0.249429 0.207533 0.185291 0.173864 0.168179 0.165439 0.164158 0.163578 0.163323 0.163213 0.163168 0.163149 0.163140 0.163134 0.163125 0.163109 0.163075 0.163007 0.162877 0.162632 0.162187 0.161408 0.160092 0.157949 0.154586 0.149513 0.142160 0.131937 0.118324 0.100987 0.079898 0.055438 0.028413 0.000000 
50.000000 42.172758 34.650222 27.701547 21.531693 16.264716 11.940926 8.526560 5.932111 4.034371 2.697566 1.790289 1.196730 0.822218 0.594196 0.460155 0.384035 0.342251 0.320068 0.308671 0.303002 0.300269 0.298992 0.298413 0.298158 0.298049 0.298004 0.297984 0.297975 0.297966 0.297952 0.297924 0.297866 0.297750 0.297524 0.297098 0.296324 0.294962 0.292650 0.288865 0.282897 0.273844 0.260651 0.242207 0.217511 0.185896 0.147265 0.102287 0.052460 0.000000 
50.000000 42.208922 34.721140 27.804561 21.663198 16.420533 12.116694 8.718073 6.135580 4.246580 2.915926 2.012820 1.421988 1.049195 0.822218 0.688791 0.613019 0.571426 0.549344 0.537999 0.532355 0.529634 0.528363 0.527787 0.527533 0.527425 0.527379 0.527359 0.527348 0.527335 0.527313 0.527267 0.527171 0.526979 0.526604 0.525894 0.524597 0.522306 0.518395 0.511959 0.501750 0.486169 0.463317 0.431160 0.387827 0.332010 0.263427 0.183206 0.094041 0.000000 
50.000000 42.268310 34.837598 27.973729 21.879157 16.676423 12.405351 9.032594 6.469744 4.595103 3.274557 2.378307 1.791955 1.421988 1.196730 1.064311 0.989112 0.947833 0.925917 0.914658 0.909056 0.906356 0.905095 0.904523 0.904271 0.904163 0.904117 0.904097 0.904083 0.904065 0.904030 0.903957 0.903806 0.903501 0.902903 0.901768 0.899682 0.895978 0.889622 0.879095 0.862290 0.836460 0.798295 0.744181 0.670698 0.575343 0.457381 0.318611 0.163722 0.000000 
50.000000 42.362418 35.022144 28.241803 22.221383 17.081934 12.862797 9.531037 6.999324 5.147449 3.842930 2.957551 2.378307 2.012820 1.790289 1.659472 1.585181 1.544400 1.522749 1.511626 1.506091 1.503424 1.502177 1.501612 1.501363 1.501257 1.501211 1.501189 1.501172 1.501146 1.501095 1.500985 1.500756 1.500292 1.499379 1.497639 1.494425 1.488685 1.478775 1.462252 1.435677 1.394502 1.333143 1.245361 1.125063 0.967549 0.771051 0.538221 0.276956 0.000000 
50.000000 42.506243 35.304189 28.651510 22.744425 17.701707 13.561959 10.292870 7.808762 5.991694 4.711684 3.842930 3.274557 2.915926 2.697566 2.569199 2.496299 2.456281 2.435035 2.424119 2.418688 2.416070 2.414847 2.414292 2.414048 2.413943 2.413897 2.413873 2.413852 2.413817 2.413743 2.413585 2.413255 2.412581 2.411250 2.408700 2.403967 2.395462 2.380678 2.355842 2.315564 2.252586 2.157805 2.020771 1.830908 1.579554 1.262686 0.883764 0.455600 0.000000 
50.000000 42.718130 35.719706 29.255108 23.515004 18.614808 14.592037 11.415299 9.001348 7.235580 5.991694 5.147449 4.595103 4.246580 4.034371 3.909619 3.838771 3.799878 3.779229 3.768620 3.763341 3.760797 3.759608 3.759069 3.758831 3.758728 3.758683 3.758658 3.758632 3.758584 3.758484 3.758268 3.757812 3.756881 3.755033 3.751474 3.744830 3.732813 3.711772 3.676130 3.617790 3.525622 3.385315 3.179926 2.891573 2.504608 2.010268 1.412020 0.729742 0.000000 
50.000000 43.018888 36.309506 30.111884 24.608812 19.910938 16.054234 13.008613 10.694271 9.001348 7.808762 6.999324 6.469744 6.135580 5.932111 5.812494 5.744561 5.707268 5.687468 5.677295 5.672233 5.669793 5.668653 5.668136 5.667908 5.667809 5.667764 5.667737 5.667706 5.667646 5.667515 5.667234 5.666639 5.665418 5.662982 5.658266 5.649411 5.633284 5.604822 5.556176 5.475725 5.347136 5.148791 4.854165 4.433878 3.860266 3.114935 2.198589 1.140221 0.000000 
50.000000 43.430016 37.115749 31.283086 26.104049 21.682771 18.053109 15.186754 13.008613 11.415299 10.292870 9.531037 9.032594 8.718073 8.526560 8.413971 8.350027 8.314924 8.296285 8.286709 8.281944 8.279647 8.278573 8.278086 8.277872 8.277778 8.277735 8.277707 8.277670 8.277597 8.277438 8.277091 8.276357 8.274844 8.271811 8.265909 8.254756 8.234299 8.197894 8.135065 8.029984 7.859821 7.593377 7.190743 6.605209 5.789074 4.705044 3.343625 1.742921 0.000000 
50.000000 43.971017 38.176685 32.824283 28.071664 24.014387 20.683525 18.053109 16.054234 14.592037 13.561959 12.862797 12.405351 12.116694 11.940926 11.837591 11.778902 11.746683 11.729575 11.720785 11.716411 11.714303 11.713317 11.712870 11.712673 11.712587 11.712546 11.712517 11.712476 11.712393 11.712210 11.711810 11.710959 11.709199 11.705654 11.698719 11.685533 11.661170 11.617436 11.541188 11.412111 11.200069 10.862366 10.341763 9.566925 8.458153 6.942536 4.982640 2.617710 0.000000 
50.000000 44.656056 39.520093 34.775831 30.563183 26.966853 24.014387 21.682771 19.910938 18.614808 17.701707 17.081934 16.676423 16.420533 16.264716 16.173108 16.121078 16.092513 16.077346 16.069553 16.065675 16.063806 16.062932 16.062535 16.062360 16.062283 16.062246 16.062218 16.062175 16.062087 16.061890 16.061461 16.060543 16.058637 16.054783 16.047205 16.032707 16.005725 15.956871 15.870799 15.723235 15.477061 15.077562 14.447462 13.483427 12.057981 10.034655 7.309162 3.889316 0.000000 
50.000000 45.490468 41.156436 37.152932 33.598022 30.563183 28.071664 26.104049 24.608812 23.515004 22.744425 22.221383 21.879157 21.663198 21.531693 21.454377 21.410464 21.386355 21.373554 21.366976 21.363702 21.362124 21.361387 21.361052 21.360904 21.360839 21.360806 21.360780 21.360740 21.360653 21.360460 21.360035 21.359127 21.357234 21.353391 21.345797 21.331188 21.303814 21.253834 21.164871 21.010396 20.748546 20.314976 19.613511 18.505202 16.799011 14.254496 10.622971 5.779765 0.000000 
50.000000 46.467859 43.073176 39.937376 37.152932 34.775831 32.824283 31.283086 30.111884 29.255108 28.651510 28.241803 27.973729 27.804561 27.701547 27.640981 27.606580 27.587694 27.577665 27.572512 27.569948 27.568711 27.568133 27.567871 27.567755 27.567704 27.567678 27.567656 27.567620 27.567544 27.567373 27.566998 27.566193 27.564510 27.561082 27.554282 27.541134 27.516348 27.470752 27.388823 27.244840 26.996949 26.578043 25.881748 24.741176 22.898436 19.968688 15.428860 8.749753 0.000000 
50.000000 47.568578 45.231776 43.073176 41.156436 39.520093 38.176685 37.115749 36.309506 35.719706 35.304189 35.022144 34.837598 34.721140 34.650222 34.608526 34.584843 34.571841 34.564936 34.561388 34.559623 34.558772 34.558374 34.558193 34.558113 34.558078 34.558059 34.558044 34.558017 34.557960 34.557832 34.557551 34.556946 34.555678 34.553088 34.547935 34.537933 34.518987 34.483923 34.420425 34.307686 34.110916 33.772124 33.194045 32.210931 30.533464 27.644316 22.615888 13.913714 0.000000 
50.000000 48.760165 47.568578 46.467859 45.490468 44.656056 43.971017 43.430016 43.018888 42.718130 42.506243 42.362418 42.268310 42.208922 42.172758 42.151495 42.139418 42.132787 42.129266 42.127457 42.126556 42.126122 42.125919 42.125827 42.125786 42.125768 42.125759 42.125750 42.125736 42.125706 42.125637 42.125486 42.125161 42.124478 42.123082 42.120298 42.114881 42.104588 42.085461 42.050643 41.988387 41.878667 41.687095 41.353308 40.766740 39.710703 37.718106 33.654864 24.380083 0.000000 
50.000000 50.000000 50.000000 50.000000 50.000000 50.000000 50.000000 50.000000 50.000000 50.000000 50.000000 50.000000 50.000000 50.000000 50.000000 50.000000 50.000000 50.000000 50.000000 50.000000 50.000000 50.000000 50.000000 50.000000 50.000000 50.000000 50.000000 50.000000 50.000000 50.000000 50.000000 50.000000 50.000000 50.000000 50.000000 50.000000 50.000000 50.000000 50.000000 50.000000 50.000000 50.000000 50.000000 50.000000 50.000000 50.000000 50.000000 50.000000 50.000000 50.000000 
