50.000000 50.000000 50.000000 50.000000 50.000000 50.000000 50.000000 50.000000 50.000000 50.000000 50.000000 50.000000 50.000000 50.000000 50.000000 50.000000 50.000000 50.000000 50.000000 50.000000 50.000000 50.000000 50.000000 50.000000 50.000000 50.000000 50.000000 50.000000 50.000000 50.000000 50.000000 50.000000 50.000000 50.000000 50.000000 50.000000 50.000000 50.000000 50.000000 50.000000 50.000000 50.000000 50.000000 50.000000 50.000000 50.000000 50.000000 50.000000 50.000000 50.000000 
50.000000 47.969442 46.068200 44.400929 43.030786 41.974771 41.210638 40.690893 40.358133 40.157302 40.042865 39.981202 39.949730 39.934492 39.927480 39.924410 39.923128 39.922618 39.922423 39.922352 39.922327 39.922319 39.922316 39.922315 39.922315 39.922315 39.922315 39.922315 39.922315 39.922315 39.922313 39.922309 39.922297 39.922261 39.922161 39.921892 39.921196 39.919461 39.915298 39.905670 39.884174 39.837734 39.740254 39.540227 39.135151 38.313783 36.609940 32.884414 23.984721 0.000000 
50.000000 46.068200 42.386807 39.158472 36.505487 34.460765 32.981224 31.974889 31.330609 30.941773 30.720214 30.600831 30.539902 30.510401 30.496827 30.490883 30.488403 30.487414 30.487038 30.486900 30.486852 30.486836 30.486831 30.486829 30.486829 30.486829 30.486829 30.486829 30.486829 30.486828 30.486825 30.486818 30.486796 30.486732 30.486555 30.486078 30.484848 30.481791 30.474488 30.457690 30.420463 30.340852 30.176161 29.845450 29.197817 27.953957 25.598175 21.193403 13.183786 0.000000 
50.000000 44.400929 39.158472 34.561228 30.783348 27.871689 25.764884 24.331939 23.414558 22.860918 22.545463 22.375493 22.288749 22.246749 22.227427 22.218966 22.215434 22.214028 22.213492 22.213296 22.213228 22.213205 22.213198 22.213195 22.213195 22.213194 22.213194 22.213194 22.213194 22.213193 22.213190 22.213181 22.213154 22.213075 22.212856 22.212271 22.210765 22.207043 22.198206 22.178039 22.133810 22.040523 21.851140 21.480670 20.781638 19.509212 17.280614 13.560297 7.790989 0.000000 
50.000000 43.030786 36.505487 30.783348 26.081136 22.457157 19.835003 18.051596 16.909885 16.220888 15.828325 15.616818 15.508880 15.456623 15.432581 15.422055 15.417662 15.415912 15.415245 15.415002 15.414917 15.414889 15.414879 15.414877 15.414876 15.414875 15.414875 15.414875 15.414875 15.414874 15.414871 15.414862 15.414834 15.414754 15.414531 15.413939 15.412422 15.408697 15.399916 15.380064 15.337039 15.247668 15.069812 14.730909 14.113399 13.040568 11.274135 8.551530 4.717003 0.000000 
50.000000 41.974771 34.460765 27.871689 22.457157 18.284291 15.265069 13.211670 11.897163 11.103921 10.651984 10.408498 10.284247 10.224095 10.196424 10.184309 10.179253 10.177239 10.176472 10.176192 10.176094 10.176061 10.176051 10.176048 10.176047 10.176046 10.176046 10.176046 10.176046 10.176045 10.176042 10.176034 10.176009 10.175938 10.175741 10.175218 10.173888 10.170642 10.163051 10.146059 10.109678 10.035251 9.889948 9.619704 9.142146 8.343758 7.090051 5.262948 2.839620 0.000000 
50.000000 41.210638 32.981224 25.764884 19.835003 15.265069 11.958643 9.709987 8.270536 7.401931 6.907079 6.640485 6.504450 6.438596 6.408303 6.395041 6.389507 6.387303 6.386463 6.386157 6.386050 6.386014 6.386003 6.385999 6.385998 6.385998 6.385998 6.385998 6.385997 6.385997 6.385994 6.385988 6.385968 6.385911 6.385755 6.385342 6.384298 6.381767 6.375895 6.362879 6.335339 6.279803 6.173268 5.979321 5.645365 5.104093 4.284214 3.135774 1.670411 0.000000 
50.000000 40.690893 31.974889 24.331939 18.051596 13.211670 9.709987 7.328607 5.804245 4.884436 4.360433 4.078147 3.934111 3.864388 3.832316 3.818277 3.812418 3.810085 3.809196 3.808872 3.808759 3.808721 3.808709 3.808705 3.808704 3.808704 3.808703 3.808703 3.808703 3.808703 3.808701 3.808696 3.808682 3.808641 3.808528 3.808232 3.807486 3.805691 3.801558 3.792482 3.773490 3.735691 3.664304 3.536719 3.321722 2.981784 2.480800 1.798728 0.950638 0.000000 
50.000000 40.358133 31.330609 23.414558 16.909885 11.897163 8.270536 5.804245 4.225573 3.273021 2.730383 2.438069 2.288922 2.216727 2.183520 2.168984 2.162919 2.160503 2.159583 2.159248 2.159131 2.159091 2.159079 2.159075 2.159074 2.159073 2.159073 2.159073 2.159073 2.159073 2.159072 2.159068 2.159059 2.159031 2.158957 2.158761 2.158272 2.157100 2.154425 2.148599 2.136528 2.112786 2.068554 1.990733 1.861913 1.662216 1.374035 0.989757 0.520398 0.000000 
50.000000 40.157302 30.941773 22.860918 16.220888 11.103921 7.401931 4.884436 3.273021 2.300735 1.746870 1.448515 1.296291 1.222608 1.188719 1.173884 1.167695 1.165229 1.164291 1.163948 1.163829 1.163789 1.163776 1.163772 1.163771 1.163770 1.163770 1.163770 1.163770 1.163770 1.163769 1.163767 1.163761 1.163744 1.163699 1.163579 1.163281 1.162573 1.160966 1.157495 1.150367 1.136492 1.110945 1.066592 0.994243 0.883848 0.727108 0.521310 0.273127 0.000000 
50.000000 40.042865 30.720214 22.545463 15.828325 10.651984 6.907079 4.360433 2.730383 1.746870 1.186619 0.884830 0.730857 0.656330 0.622052 0.607048 0.600788 0.598295 0.597345 0.596999 0.596878 0.596838 0.596825 0.596821 0.596820 0.596819 0.596819 0.596819 0.596819 0.596819 0.596819 0.596817 0.596814 0.596804 0.596778 0.596710 0.596541 0.596142 0.595241 0.593310 0.589375 0.581785 0.567951 0.544200 0.505925 0.448261 0.367424 0.262524 0.137196 0.000000 
50.000000 39.981202 30.600831 22.375493 15.616818 10.408498 6.640485 4.078147 2.438069 1.448515 0.884830 0.581196 0.426282 0.351301 0.316816 0.301721 0.295423 0.292914 0.291959 0.291611 0.291490 0.291449 0.291436 0.291432 0.291431 0.291430 0.291430 0.291430 0.291430 0.291430 0.291430 0.291429 0.291427 0.291422 0.291408 0.291372 0.291282 0.291071 0.290598 0.289589 0.287549 0.283644 0.276589 0.264590 0.245447 0.216902 0.177287 0.126343 0.065904 0.000000 
50.000000 39.949730 30.539902 22.288749 15.508880 10.284247 6.504450 3.934111 2.288922 1.296291 0.730857 0.426282 0.270891 0.195679 0.161088 0.145946 0.139629 0.137113 0.136156 0.135806 0.135684 0.135644 0.135630 0.135626 0.135625 0.135625 0.135625 0.135625 0.135625 0.135624 0.135624 0.135624 0.135623 0.135621 0.135613 0.135595 0.135550 0.135446 0.135211 0.134715 0.133718 0.131821 0.128421 0.122683 0.113606 0.100183 0.081705 0.058111 0.030269 0.000000 
50.000000 39.934492 30.510401 22.246749 15.456623 10.224095 6.438596 3.864388 2.216727 1.222608 0.656330 0.351301 0.195679 0.120356 0.085713 0.070550 0.064223 0.061704 0.060745 0.060395 0.060273 0.060232 0.060219 0.060215 0.060213 0.060213 0.060213 0.060213 0.060213 0.060213 0.060213 0.060213 0.060212 0.060211 0.060208 0.060199 0.060178 0.060129 0.060019 0.059788 0.059327 0.058455 0.056901 0.054298 0.050207 0.044200 0.035985 0.025553 0.013296 0.000000 
50.000000 39.927480 30.496827 22.227427 15.432581 10.196424 6.408303 3.832316 2.183520 1.188719 0.622052 0.316816 0.161088 0.085713 0.051047 0.035874 0.029543 0.027022 0.026062 0.025712 0.025590 0.025549 0.025536 0.025532 0.025530 0.025530 0.025530 0.025530 0.025530 0.025530 0.025530 0.025530 0.025530 0.025529 0.025528 0.025524 0.025514 0.025492 0.025444 0.025342 0.025140 0.024759 0.024085 0.022961 0.021206 0.018643 0.015156 0.010749 0.005588 0.000000 
50.000000 39.924410 30.490883 22.218966 15.422055 10.184309 6.395041 3.818277 2.168984 1.173884 0.607048 0.301721 0.145946 0.070550 0.035874 0.020696 0.014363 0.011841 0.010881 0.010531 0.010409 0.010368 0.010355 0.010351 0.010349 0.010349 0.010349 0.010349 0.010349 0.010349 0.010349 0.010349 0.010349 0.010349 0.010348 0.010346 0.010342 0.010333 0.010313 0.010270 0.010186 0.010027 0.009749 0.009286 0.008568 0.007524 0.006110 0.004329 0.002249 0.000000 
50.000000 39.923128 30.488403 22.215434 15.417662 10.179253 6.389507 3.812418 2.162919 1.167695 0.600788 0.295423 0.139629 0.064223 0.029543 0.014363 0.008030 0.005508 0.004547 0.004197 0.004075 0.004034 0.004021 0.004017 0.004016 0.004015 0.004015 0.004015 0.004015 0.004015 0.004015 0.004015 0.004015 0.004015 0.004015 0.004014 0.004013 0.004009 0.004001 0.003984 0.003950 0.003887 0.003778 0.003596 0.003315 0.002908 0.002359 0.001670 0.000867 0.000000 
50.000000 39.922618 30.487414 22.214028 15.415912 10.177239 6.387303 3.810085 2.160503 1.165229 0.598295 0.292914 0.137113 0.061704 0.027022 0.011841 0.005508 0.002985 0.002025 0.001675 0.001553 0.001512 0.001499 0.001494 0.001493 0.001493 0.001493 0.001493 0.001493 0.001493 0.001493 0.001493 0.001493 0.001493 0.001493 0.001492 0.001492 0.001490 0.001487 0.001481 0.001468 0.001444 0.001403 0.001335 0.001229 0.001078 0.000874 0.000618 0.000321 0.000000 
50.000000 39.922423 30.487038 22.213492 15.415245 10.176472 6.386463 3.809196 2.159583 1.164291 0.597345 0.291959 0.136156 0.060745 0.026062 0.010881 0.004547 0.002025 0.001065 0.000715 0.000592 0.000551 0.000538 0.000534 0.000533 0.000532 0.000532 0.000532 0.000532 0.000532 0.000532 0.000532 0.000532 0.000532 0.000532 0.000532 0.000532 0.000531 0.000530 0.000528 0.000523 0.000515 0.000500 0.000475 0.000438 0.000383 0.000311 0.000220 0.000114 0.000000 
50.000000 39.922352 30.486900 22.213296 15.415002 10.176192 6.386157 3.808872 2.159248 1.163948 0.596999 0.291611 0.135806 0.060395 0.025712 0.010531 0.004197 0.001675 0.000715 0.000365 0.000242 0.000201 0.000188 0.000184 0.000183 0.000182 0.000182 0.000182 0.000182 0.000182 0.000182 0.000182 0.000182 0.000182 0.000182 0.000182 0.000182 0.000182 0.000182 0.000181 0.000179 0.000176 0.000171 0.000163 0.000150 0.000131 0.000106 0.000075 0.000039 0.000000 
50.000000 39.922327 30.486852 22.213228 15.414917 10.176094 6.386050 3.808759 2.159131 1.163829 0.596878 0.291490 0.135684 0.060273 0.025590 0.010409 0.004075 0.001553 0.000592 0.000242 0.000120 0.000079 0.000066 0.000062 0.000061 0.000060 0.000060 0.000060 0.000060 0.000060 0.000060 0.000060 0.000060 0.000060 0.000060 0.000060 0.000060 0.000060 0.000060 0.000060 0.000059 0.000058 0.000056 0.000053 0.000049 0.000043 0.000035 0.000025 0.000013 0.000000 
50.000000 39.922319 30.486836 22.213205 15.414889 10.176061 6.386014 3.808721 2.159091 1.163789 0.596838 0.291449 0.135644 0.060232 0.025549 0.010368 0.004034 0.001512 0.000551 0.000201 0.000079 0.000038 0.000025 0.000021 0.000020 0.000019 0.000019 0.000019 0.000019 0.000019 0.000019 0.000019 0.000019 0.000019 0.000019 0.000019 0.000019 0.000019 0.000019 0.000019 0.000019 0.000018 0.000018 0.000017 0.000016 0.000014 0.000011 0.000008 0.000004 0.000000 
50.000000 39.922316 30.486831 22.213198 15.414879 10.176051 6.386003 3.808709 2.159079 1.163776 0.596825 0.291436 0.135630 0.060219 0.025536 0.010355 0.004021 0.001499 0.000538 0.000188 0.000066 0.000025 0.000012 0.000008 0.000006 0.000006 0.000006 0.000006 0.000006 0.000006 0.000006 0.000006 0.000006 0.000006 0.000006 0.000006 0.000006 0.000006 0.000006 0.000006 0.000006 0.000006 0.000005 0.000005 0.000005 0.000004 0.000003 0.000002 0.000001 0.000000 
50.000000 39.922316 30.486829 22.213195 15.414877 10.176048 6.385999 3.808705 2.159075 1.163772 0.596821 0.291432 0.135626 0.060215 0.025532 0.010351 0.004017 0.001494 0.000534 0.000184 0.000062 0.000021 0.000008 0.000003 0.000002 0.000002 0.000002 0.000002 0.000002 0.000002 0.000002 0.000002 0.000002 0.000002 0.000002 0.000002 0.000002 0.000002 0.000002 0.000002 0.000002 0.000002 0.000002 0.000002 0.000001 0.000001 0.000001 0.000001 0.000000 0.000000 
50.000000 39.922315 30.486829 22.213195 15.414876 10.176047 6.385998 3.808704 2.159074 1.163771 0.596820 0.291431 0.135625 0.060213 0.025530 0.010349 0.004016 0.001493 0.000533 0.000183 0.000061 0.000020 0.000006 0.000002 0.000001 0.000001 0.000001 0.000001 0.000001 0.000001 0.000001 0.000001 0.000001 0.000001 0.000001 0.000001 0.000001 0.000001 0.000001 0.000001 0.000001 0.000001 0.000001 0.000001 0.000001 0.000000 0.000000 0.000000 0.000000 0.000000 
50.000000 39.922315 30.486829 22.213195 15.414876 10.176047 6.385998 3.808704 2.159074 1.163771 0.596820 0.291431 0.135625 0.060213 0.025530 0.010349 0.004016 0.001493 0.000533 0.000183 0.000061 0.000020 0.000006 0.000002 0.000001 0.000001 0.000001 0.000001 0.000001 0.000001 0.000001 0.000001 0.000001 0.000001 0.000001 0.000001 0.000001 0.000001 0.000001 0.000001 0.000001 0.000001 0.000001 0.000001 0.000001 0.000000 0.000000 0.000000 0.000000 0.000000 
50.000000 39.922316 30.486829 22.213195 15.414877 10.176048 6.385999 3.808705 2.159075 1.163772 0.596821 0.291432 0.135626 0.060215 0.025532 0.010351 0.004017 0.001494 0.000534 0.000184 0.000062 0.000021 0.000008 0.000003 0.000002 0.000002 0.000002 0.000002 0.000002 0.000002 0.000002 0.000002 0.000002 0.000002 0.000002 0.000002 0.000002 0.000002 0.000002 0.000002 0.000002 0.000002 0.000002 0.000002 0.000001 0.000001 0.000001 0.000001 0.000000 0.000000 
50.000000 39.922316 30.486831 22.213198 15.414879 10.176051 6.386003 3.808709 2.159079 1.163776 0.596825 0.291436 0.135630 0.060219 0.025536 0.010355 0.004021 0.001499 0.000538 0.000188 0.000066 0.000025 0.000012 0.000008 0.000006 0.000006 0.000006 0.000006 0.000006 0.000006 0.000006 0.000006 0.000006 0.000006 0.000006 0.000006 0.000006 0.000006 0.000006 0.000006 0.000006 0.000006 0.000005 0.000005 0.000005 0.000004 0.000003 0.000002 0.000001 0.000000 
50.000000 39.922319 30.486836 22.213205 15.414889 10.176061 6.386014 3.808721 2.159091 1.163789 0.596838 0.291449 0.135644 0.060232 0.025549 0.010368 0.004034 0.001512 0.000551 0.000201 0.000079 0.000038 0.000025 0.000021 0.000020 0.000019 0.000019 0.000019 0.000019 0.000019 0.000019 0.000019 0.000019 0.000019 0.000019 0.000019 0.000019 0.000019 0.000019 0.000019 0.000019 0.000018 0.000018 0.000017 0.000016 0.000014 0.000011 0.000008 0.000004 0.000000 
50.000000 39.922327 30.486852 22.213228 15.414917 10.176094 6.386050 3.808759 2.159131 1.163829 0.596878 0.291490 0.135684 0.060273 0.025590 0.010409 0.004075 0.001553 0.000592 0.000242 0.000120 0.000079 0.000066 0.000062 0.000061 0.000060 0.000060 0.000060 0.000060 0.000060 0.000060 0.000060 0.000060 0.000060 0.000060 0.000060 0.000060 0.000060 0.000060 0.000060 0.000059 0.000058 0.000056 0.000053 0.000049 0.000043 0.000035 0.000025 0.000013 0.000000 
50.000000 39.922352 30.486900 22.213296 15.415002 10.176192 6.386157 3.808872 2.159248 1.163948 0.596999 0.291611 0.135806 0.060395 0.025712 0.010531 0.004197 0.001675 0.000715 0.000365 0.000242 0.000201 0.000188 0.000184 0.000183 0.000182 0.000182 0.000182 0.000182 0.000182 0.000182 0.000182 0.000182 0.000182 0.000182 0.000182 0.000182 0.000182 0.000182 0.000181 0.000179 0.000176 0.000171 0.000163 0.000150 0.000131 0.000106 0.000075 0.000039 0.000000 
50.000000 39.922423 30.487038 22.213492 15.415245 10.176472 6.386463 3.809196 2.159583 1.164291 0.597345 0.291959 0.136156 0.060745 0.026062 0.010881 0.004547 0.002025 0.001065 0.000715 0.000592 0.000551 0.000538 0.000534 0.000533 0.000532 0.000532 0.000532 0.000532 0.000532 0.000532 0.000532 0.000532 0.000532 0.000532 0.000532 0.000532 0.000531 0.000530 0.000528 0.000523 0.000515 0.000500 0.000475 0.000438 0.000383 0.000311 0.000220 0.000114 0.000000 
50.000000 39.922618 30.487414 22.214028 15.415912 10.177239 6.387303 3.810085 2.160503 1.165229 0.598295 0.292914 0.137113 0.061704 0.027022 0.011841 0.005508 0.002985 0.002025 0.001675 0.001553 0.001512 0.001499 0.001494 0.001493 0.001493 0.001493 0.001493 0.001493 0.001493 0.001493 0.001493 0.001493 0.001493 0.001493 0.001492 0.001492 0.001490 0.001487 0.001481 0.001468 0.001444 0.001403 0.001335 0.001229 0.001078 0.000874 0.000618 0.000321 0.000000 
50.000000 39.923128 30.488403 22.215434 15.417662 10.179253 6.389507 3.812418 2.162919 1.167695 0.600788 0.295423 0.139629 0.064223 0.029543 0.014363 0.008030 0.005508 0.004547 0.004197 0.004075 0.004034 0.004021 0.004017 0.004016 0.004015 0.004015 0.004015 0.004015 0.004015 0.004015 0.004015 0.004015 0.004015 0.004015 0.004014 0.004013 0.004009 0.004001 0.003984 0.003950 0.003887 0.003778 0.003596 0.003315 0.002908 0.002359 0.001670 0.000867 0.000000 
50.000000 39.924410 30.490883 22.218966 15.422055 10.184309 6.395041 3.818277 2.168984 1.173884 0.607048 0.301721 0.145946 0.070550 0.035874 0.020696 0.014363 0.011841 0.010881 0.010531 0.010409 0.010368 0.010355 0.010351 0.010349 0.010349 0.010349 0.010349 0.010349 0.010349 0.010349 0.010349 0.010349 0.010349 0.010348 0.010346 0.010342 0.010333 0.010313 0.010270 0.010186 0.010027 0.009749 0.009286 0.008568 0.007524 0.006110 0.004329 0.002249 0.000000 
50.000000 39.927480 30.496827 22.227427 15.432581 10.196424 6.408303 3.832316 2.183520 1.188719 0.622052 0.316816 0.161088 0.085713 0.051047 0.035874 0.029543 0.027022 0.026062 0.025712 0.025590 0.025549 0.025536 0.025532 0.025530 0.025530 0.025530 0.025530 0.025530 0.025530 0.025530 0.025530 0.025530 0.025529 0.025528 0.025524 0.025514 0.025492 0.025444 0.025342 0.025140 0.024759 0.024085 0.022961 0.021206 0.018643 0.015156 0.010749 0.005588 0.000000 
50.000000 39.934492 30.510401 22.246749 15.456623 10.224095 6.438596 3.864388 2.216727 1.222608 0.656330 0.351301 0.195679 0.120356 0.085713 0.070550 0.064223 0.061704 0.060745 0.060395 0.060273 0.060232 0.060219 0.060215 0.060213 0.060213 0.060213 0.060213 0.060213 0.060213 0.060213 0.060213 0.060212 0.060211 0.060208 0.060199 0.060178 0.060129 0.060019 0.059788 0.059327 0.058455 0.056901 0.054298 0.050207 0.044200 0.035985 0.025553 0.013296 0.000000 
50.000000 39.949730 30.539902 22.288749 15.508880 10.284247 6.504450 3.934111 2.288922 1.296291 0.730857 0.426282 0.270891 0.195679 0.161088 0.145946 0.139629 0.137113 0.136156 0.135806 0.135684 0.135644 0.135630 0.135626 0.135625 0.135625 0.135625 0.135625 0.135625 0.135624 0.135624 0.135624 0.135623 0.135621 0.135613 0.135595 0.135550 0.135446 0.135211 0.134715 0.133718 0.131821 0.128421 0.122683 0.113606 0.100183 0.081705 0.058111 0.030269 0.000000 
50.000000 39.981202 30.600831 22.375493 15.616818 10.408498 6.640485 4.078147 2.438069 1.448515 0.884830 0.581196 0.426282 0.351301 0.316816 0.301721 0.295423 0.292914 0.291959 0.291611 0.291490 0.291449 0.291436 0.291432 0.291431 0.291430 0.291430 0.291430 0.291430 0.291430 0.291430 0.291429 0.291427 0.291422 0.291408 0.291372 0.291282 0.291071 0.290598 0.289589 0.287549 0.283644 0.276589 0.264590 0.245447 0.216902 0.177287 0.126343 0.065904 0.000000 
50.000000 40.042865 30.720214 22.545463 15.828325 10.651984 6.907079 4.360433 2.730383 1.746870 1.186619 0.884830 0.730857 0.656330 0.622052 0.607048 0.600788 0.598295 0.597345 0.596999 0.596878 0.596838 0.596825 0.596821 0.596820 0.596819 0.596819 0.596819 0.596819 0.596819 0.596819 0.596817 0.596814 0.596804 0.596778 0.596710 0.596541 0.596142 0.595241 0.593310 0.589375 0.581785 0.567951 0.544200 0.505925 0.448261 0.367424 0.262524 0.137196 0.000000 
50.000000 40.157302 30.941773 22.860918 16.220888 11.103921 7.401931 4.884436 3.273021 2.300735 1.746870 1.448515 1.296291 1.222608 1.188719 1.173884 1.167695 1.165229 1.164291 1.163948 1.163829 1.163789 1.163776 1.163772 1.163771 1.163770 1.163770 1.163770 1.163770 1.163770 1.163769 1.163767 1.163761 1.163744 1.163699 1.163579 1.163281 1.162573 1.160966 1.157495 1.150367 1.136492 1.110945 1.066592 0.994243 0.883848 0.727108 0.521310 0.273127 0.000000 
50.000000 40.358133 31.330609 23.414558 16.909885 11.897163 8.270536 5.804245 4.225573 3.273021 2.730383 2.438069 2.288922 2.216727 2.183520 2.168984 2.162919 2.160503 2.159583 2.159248 2.159131 2.159091 2.159079 2.159075 2.159074 2.159073 2.159073 2.159073 2.159073 2.159073 2.159072 2.159068 2.159059 2.159031 2.158957 2.158761 2.158272 2.157100 2.154425 2.148599 2.136528 2.112786 2.068554 1.990733 1.861913 1.662216 1.374035 0.989757 0.520398 0.000000 
50.000000 40.690893 31.974889 24.331939 18.051596 13.211670 9.709987 7.328607 5.804245 4.884436 4.360433 4.078147 3.934111 3.864388 3.832316 3.818277 3.812418 3.810085 3.809196 3.808872 3.808759 3.808721 3.808709 3.808705 3.808704 3.808704 3.808703 3.808703 3.808703 3.808703 3.808701 3.808696 3.808682 3.808641 3.808528 3.808232 3.807486 3.805691 3.801558 3.792482 3.773490 3.735691 3.664304 3.536719 3.321722 2.981784 2.480800 1.798728 0.950638 0.000000 
50.000000 41.210638 32.981224 25.764884 19.835003 15.265069 11.958643 9.709987 8.270536 7.401931 6.907079 6.640485 6.504450 6.438596 6.408303 6.395041 6.389507 6.387303 6.386463 6.386157 6.386050 6.386014 6.386003 6.385999 6.385998 6.385998 6.385998 6.385998 6.385997 6.385997 6.385994 6.385988 6.385968 6.385911 6.385755 6.385342 6.384298 6.381767 6.375895 6.362879 6.335339 6.279803 6.173268 5.979321 5.645365 5.104093 4.284214 3.135774 1.670411 0.000000 
50.000000 41.974771 34.460765 27.871689 22.457157 18.284291 15.265069 13.211670 11.897163 11.103921 10.651984 10.408498 10.284247 10.224095 10.196424 10.184309 10.179253 10.177239 10.176472 10.176192 10.176094 10.176061 10.176051 10.176048 10.176047 10.176046 10.176046 10.176046 10.176046 10.176045 10.176042 10.176034 10.176009 10.175938 10.175741 10.175218 10.173888 10.170642 10.163051 10.146059 10.109678 10.035251 9.889948 9.619704 9.142146 8.343758 7.090051 5.262948 2.839620 0.000000 
50.000000 43.030786 36.505487 30.783348 26.081136 22.457157 19.835003 18.051596 16.909885 16.220888 15.828325 15.616818 15.508880 15.456623 15.432581 15.422055 15.417662 15.415912 15.415245 15.415002 15.414917 15.414889 15.414879 15.414877 15.414876 15.414875 15.414875 15.414875 15.414875 15.414874 15.414871 15.414862 15.414834 15.414754 15.414531 15.413939 15.412422 15.408697 15.399916 15.380064 15.337039 15.247668 15.069812 14.730909 14.113399 13.040568 11.274135 8.551530 4.717003 0.000000 
50.000000 44.400929 39.158472 34.561228 30.783348 27.871689 25.764884 24.331939 23.414558 22.860918 22.545463 22.375493 22.288749 22.246749 22.227427 22.218966 22.215434 22.214028 22.213492 22.213296 22.213228 22.213205 22.213198 22.213195 22.213195 22.213194 22.213194 22.213194 22.213194 22.213193 22.213190 22.213181 22.213154 22.213075 22.212856 22.212271 22.210765 22.207043 22.198206 22.178039 22.133810 22.040523 21.851140 21.480670 20.781638 19.509212 17.280614 13.560297 7.790989 0.000000 
50.000000 46.068200 42.386807 39.158472 36.505487 34.460765 32.981224 31.974889 31.330609 30.941773 30.720214 30.600831 30.539902 30.510401 30.496827 30.490883 30.488403 30.487414 30.487038 30.486900 30.486852 30.486836 30.486831 30.486829 30.486829 30.486829 30.486829 30.486829 30.486829 30.486828 30.486825 30.486818 30.486796 30.486732 30.486555 30.486078 30.484848 30.481791 30.474488 30.457690 30.420463 30.340852 30.176161 29.845450 29.197817 27.953957 25.598175 21.193403 13.183786 0.000000 
50.000000 47.969442 46.068200 44.400929 43.030786 41.974771 41.210638 40.690893 40.358133 40.157302 40.042865 39.981202 39.949730 39.934492 39.927480 39.924410 39.923128 39.922618 39.922423 39.922352 39.922327 39.922319 39.922316 39.922315 39.922315 39.922315 39.922315 39.922315 39.922315 39.922315 39.922313 39.922309 39.922297 39.922261 39.922161 39.921892 39.921196 39.919461 39.915298 39.905670 39.884174 39.837734 39.740254 39.540227 39.135151 38.313783 36.609940 32.884414 23.984721 0.000000 
50.000000 50.000000 50.000000 50.000000 50.000000 50.000000 50.000000 50.000000 50.000000 50.000000 50.000000 50.000000 50.000000 50.000000 50.000000 50.000000 50.000000 50.000000 50.000000 50.000000 50.000000 50.000000 50.000000 50.000000 50.000000 50.000000 50.000000 50.000000 50.000000 50.000000 50.000000 50.000000 50.000000 50.000000 50.000000 50.000000 50.000000 50.000000 50.000000 50.000000 50.000000 50.000000 50.000000 50.000000 50.000000 50.000000 50.000000 50.000000 50.000000 50.000000 
