50.000000 50.000000 50.000000 50.000000 50.000000 50.000000 50.000000 50.000000 50.000000 50.000000 50.000000 50.000000 50.000000 50.000000 50.000000 50.000000 50.000000 50.000000 50.000000 50.000000 50.000000 50.000000 50.000000 50.000000 50.000000 50.000000 50.000000 50.000000 50.000000 50.000000 50.000000 50.000000 50.000000 50.000000 50.000000 50.000000 50.000000 50.000000 50.000000 50.000000 50.000000 50.000000 50.000000 50.000000 50.000000 50.000000 50.000000 50.000000 50.000000 50.000000 
50.000000 48.111541 46.334949 44.762244 43.451609 42.422708 41.661179 41.129253 40.778214 40.559070 40.429488 40.356815 40.318104 40.298492 40.289029 40.284674 40.282760 40.281955 40.281632 40.281507 40.281460 40.281444 40.281438 40.281436 40.281436 40.281436 40.281436 40.281435 40.281435 40.281434 40.281432 40.281424 40.281402 40.281343 40.281185 40.280782 40.279788 40.277422 40.271986 40.259919 40.233991 40.179922 40.070021 39.850894 39.418119 38.558913 36.806435 33.022150 24.055771 0.000000 
50.000000 46.334949 42.887013 39.834784 37.291186 35.294377 33.816479 32.784183 32.102940 31.677664 31.426201 31.285175 31.210057 31.172001 31.153638 31.145188 31.141474 31.139913 31.139285 31.139042 31.138952 31.138921 31.138910 31.138906 31.138905 31.138904 31.138904 31.138904 31.138904 31.138902 31.138898 31.138884 31.138845 31.138738 31.138456 31.137736 31.135965 31.131762 31.122148 31.100923 31.055650 30.962187 30.774944 30.409555 29.711630 28.399066 25.954975 21.443506 13.312800 0.000000 
50.000000 44.762244 39.834784 35.472861 31.837859 28.984298 26.872327 25.397168 24.423688 23.815994 23.456678 23.255172 23.147841 23.093468 23.067233 23.055161 23.049855 23.047625 23.046728 23.046381 23.046253 23.046208 23.046192 23.046187 23.046185 23.046185 23.046184 23.046184 23.046184 23.046182 23.046176 23.046159 23.046110 23.045977 23.045624 23.044728 23.042532 23.037347 23.025558 22.999738 22.945233 22.834256 22.616068 22.201304 21.438030 20.077840 17.736431 13.879809 7.955808 0.000000 
50.000000 43.451609 37.291186 31.837859 27.293394 23.725944 21.085666 19.241543 18.024612 17.264968 16.815823 16.563949 16.429796 16.361838 16.329049 16.313962 16.307331 16.304545 16.303423 16.302991 16.302831 16.302774 16.302754 16.302748 16.302746 16.302745 16.302745 16.302744 16.302744 16.302742 16.302736 16.302718 16.302667 16.302529 16.302164 16.301241 16.298989 16.293705 16.281780 16.255905 16.201932 16.093711 15.885160 15.499051 14.813072 13.646697 11.760019 8.892121 4.892696 0.000000 
50.000000 42.422708 35.294377 28.984298 23.725944 19.598163 16.543251 14.409582 13.001623 12.122765 11.603153 11.311775 11.156587 11.077977 11.040052 11.022601 11.014932 11.011710 11.010413 11.009913 11.009728 11.009662 11.009639 11.009632 11.009629 11.009629 11.009628 11.009628 11.009627 11.009626 11.009620 11.009604 11.009557 11.009431 11.009101 11.008269 11.006249 11.001540 10.991000 10.968356 10.921701 10.829584 10.655471 10.340916 9.799081 8.912873 7.546268 5.582748 3.004589 0.000000 
50.000000 41.661179 33.816479 26.872327 21.085666 16.543251 13.181552 10.833675 9.284413 8.317386 7.745667 7.425082 7.254347 7.167865 7.126144 7.106948 7.098513 7.094968 7.093542 7.092992 7.092788 7.092716 7.092691 7.092683 7.092680 7.092679 7.092679 7.092679 7.092678 7.092677 7.092672 7.092659 7.092621 7.092517 7.092249 7.091573 7.089945 7.086175 7.077806 7.060002 7.023757 6.953231 6.822280 6.590776 6.202335 5.586615 4.671023 3.406923 1.810285 0.000000 
50.000000 41.129253 32.784183 25.397168 19.241543 14.409582 10.833675 8.336252 6.688359 5.659801 5.051725 4.710766 4.529187 4.437217 4.392850 4.372437 4.363468 4.359700 4.358183 4.357598 4.357382 4.357305 4.357278 4.357270 4.357267 4.357266 4.357266 4.357266 4.357265 4.357264 4.357261 4.357250 4.357222 4.357145 4.356945 4.356445 4.355247 4.352491 4.346422 4.333633 4.307889 4.258459 4.168126 4.011395 3.754110 3.356384 2.781100 2.009239 1.059232 0.000000 
50.000000 40.778214 32.102940 24.423688 18.024612 13.001623 9.284413 6.688359 4.975428 3.906303 3.274263 2.919879 2.731157 2.635572 2.589463 2.568250 2.558930 2.555013 2.553438 2.552830 2.552605 2.552525 2.552498 2.552489 2.552486 2.552485 2.552485 2.552484 2.552484 2.552483 2.552481 2.552474 2.552454 2.552401 2.552264 2.551923 2.551109 2.549250 2.545187 2.536701 2.519792 2.487714 2.429900 2.331182 2.172039 1.930901 1.589432 1.140753 0.598292 0.000000 
50.000000 40.559070 31.677664 23.815994 17.264968 12.122765 8.317386 5.659801 3.906303 2.811882 2.164903 1.802152 1.608980 1.511143 1.463950 1.442238 1.432699 1.428691 1.427079 1.426457 1.426227 1.426145 1.426117 1.426107 1.426105 1.426104 1.426103 1.426103 1.426103 1.426102 1.426101 1.426096 1.426084 1.426050 1.425962 1.425746 1.425232 1.424067 1.421536 1.416292 1.405941 1.386511 1.351912 1.293629 1.201064 1.063036 0.870762 0.622015 0.325078 0.000000 
50.000000 40.429488 31.426201 23.456678 16.815823 11.603153 7.745667 5.051725 3.274263 2.164903 1.509105 1.141414 0.945617 0.846452 0.798619 0.776614 0.766946 0.762884 0.761250 0.760620 0.760387 0.760304 0.760275 0.760266 0.760263 0.760262 0.760262 0.760262 0.760262 0.760261 0.760260 0.760258 0.760250 0.760230 0.760178 0.760049 0.759746 0.759062 0.757587 0.754552 0.748611 0.737563 0.718092 0.685665 0.634797 0.559918 0.456941 0.325279 0.169570 0.000000 
50.000000 40.356815 31.285175 23.255172 16.563949 11.311775 7.425082 4.710766 2.919879 1.802152 1.141414 0.770960 0.573693 0.473786 0.425596 0.403426 0.393687 0.389594 0.387948 0.387313 0.387078 0.386995 0.386966 0.386957 0.386954 0.386953 0.386952 0.386952 0.386952 0.386952 0.386952 0.386950 0.386946 0.386934 0.386905 0.386834 0.386666 0.386289 0.385480 0.383828 0.380616 0.374691 0.364344 0.347276 0.320774 0.282169 0.229614 0.163027 0.084829 0.000000 
50.000000 40.318104 31.210057 23.147841 16.429796 11.156587 7.254347 4.529187 2.731157 1.608980 0.945617 0.573693 0.375645 0.275344 0.226964 0.204707 0.194929 0.190821 0.189169 0.188531 0.188295 0.188211 0.188183 0.188173 0.188170 0.188169 0.188169 0.188169 0.188169 0.188169 0.188168 0.188168 0.188165 0.188159 0.188144 0.188106 0.188019 0.187823 0.187404 0.186554 0.184913 0.181907 0.176696 0.168172 0.155047 0.136091 0.110495 0.078294 0.040682 0.000000 
50.000000 40.298492 31.172001 23.093468 16.361838 11.077977 7.167865 4.437217 2.635572 1.511143 0.846452 0.473786 0.275344 0.174844 0.126367 0.104067 0.094270 0.090154 0.088498 0.087859 0.087623 0.087539 0.087510 0.087500 0.087497 0.087496 0.087496 0.087496 0.087496 0.087496 0.087496 0.087495 0.087494 0.087491 0.087484 0.087465 0.087422 0.087325 0.087120 0.086706 0.085911 0.084463 0.081970 0.077920 0.071729 0.062849 0.050936 0.036036 0.018704 0.000000 
50.000000 40.289029 31.153638 23.067233 16.329049 11.040052 7.126144 4.392850 2.589463 1.463950 0.798619 0.425596 0.226964 0.126367 0.077845 0.055524 0.045717 0.041597 0.039940 0.039301 0.039064 0.038980 0.038951 0.038942 0.038939 0.038938 0.038937 0.038937 0.038937 0.038937 0.038937 0.038937 0.038936 0.038935 0.038931 0.038923 0.038902 0.038857 0.038762 0.038570 0.038204 0.037541 0.036405 0.034571 0.031783 0.027808 0.022505 0.015902 0.008246 0.000000 
50.000000 40.284674 31.145188 23.055161 16.313962 11.022601 7.106948 4.372437 2.568250 1.442238 0.776614 0.403426 0.204707 0.104067 0.055524 0.033193 0.023382 0.019260 0.017602 0.016963 0.016726 0.016642 0.016613 0.016603 0.016600 0.016599 0.016599 0.016599 0.016599 0.016599 0.016599 0.016599 0.016599 0.016598 0.016596 0.016592 0.016583 0.016563 0.016521 0.016437 0.016276 0.015986 0.015492 0.014699 0.013500 0.011797 0.009536 0.006731 0.003488 0.000000 
50.000000 40.282760 31.141474 23.049855 16.307331 11.014932 7.098513 4.363468 2.558930 1.432699 0.766946 0.393687 0.194929 0.094270 0.045717 0.023382 0.013569 0.009447 0.007788 0.007149 0.006912 0.006828 0.006799 0.006789 0.006786 0.006785 0.006785 0.006785 0.006785 0.006785 0.006785 0.006785 0.006785 0.006785 0.006784 0.006782 0.006778 0.006770 0.006752 0.006717 0.006649 0.006528 0.006323 0.005995 0.005501 0.004803 0.003878 0.002735 0.001417 0.000000 
50.000000 40.281955 31.139913 23.047625 16.304545 11.011710 7.094968 4.359700 2.555013 1.428691 0.762884 0.389594 0.190821 0.090154 0.041597 0.019260 0.009447 0.005324 0.003665 0.003026 0.002789 0.002705 0.002676 0.002666 0.002663 0.002662 0.002662 0.002662 0.002662 0.002662 0.002662 0.002662 0.002662 0.002662 0.002662 0.002661 0.002659 0.002656 0.002649 0.002634 0.002607 0.002559 0.002478 0.002348 0.002152 0.001878 0.001515 0.001068 0.000553 0.000000 
50.000000 40.281632 31.139285 23.046728 16.303423 11.010413 7.093542 4.358183 2.553438 1.427079 0.761250 0.387948 0.189169 0.088498 0.039940 0.017602 0.007788 0.003665 0.002007 0.001367 0.001130 0.001046 0.001017 0.001008 0.001005 0.001004 0.001003 0.001003 0.001003 0.001003 0.001003 0.001003 0.001003 0.001003 0.001003 0.001003 0.001002 0.001001 0.000998 0.000993 0.000982 0.000964 0.000933 0.000883 0.000809 0.000706 0.000569 0.000401 0.000207 0.000000 
50.000000 40.281507 31.139042 23.046381 16.302991 11.009913 7.092992 4.357598 2.552830 1.426457 0.760620 0.387313 0.188531 0.087859 0.039301 0.016963 0.007149 0.003026 0.001367 0.000727 0.000491 0.000406 0.000378 0.000368 0.000365 0.000364 0.000364 0.000364 0.000364 0.000364 0.000364 0.000364 0.000364 0.000364 0.000364 0.000364 0.000363 0.000363 0.000362 0.000360 0.000356 0.000349 0.000338 0.000320 0.000293 0.000255 0.000206 0.000145 0.000075 0.000000 
50.000000 40.281460 31.138952 23.046253 16.302831 11.009728 7.092788 4.357382 2.552605 1.426227 0.760387 0.387078 0.188295 0.087623 0.039064 0.016726 0.006912 0.002789 0.001130 0.000491 0.000254 0.000170 0.000141 0.000131 0.000128 0.000127 0.000127 0.000127 0.000127 0.000127 0.000127 0.000127 0.000127 0.000127 0.000127 0.000127 0.000127 0.000127 0.000126 0.000126 0.000124 0.000122 0.000118 0.000111 0.000102 0.000089 0.000072 0.000050 0.000026 0.000000 
50.000000 40.281444 31.138921 23.046208 16.302774 11.009662 7.092716 4.357305 2.552525 1.426145 0.760304 0.386995 0.188211 0.087539 0.038980 0.016642 0.006828 0.002705 0.001046 0.000406 0.000170 0.000085 0.000057 0.000047 0.000044 0.000043 0.000043 0.000043 0.000043 0.000043 0.000043 0.000043 0.000043 0.000043 0.000043 0.000043 0.000043 0.000043 0.000042 0.000042 0.000042 0.000041 0.000040 0.000037 0.000034 0.000030 0.000024 0.000017 0.000009 0.000000 
50.000000 40.281438 31.138910 23.046192 16.302754 11.009639 7.092691 4.357278 2.552498 1.426117 0.760275 0.386966 0.188183 0.087510 0.038951 0.016613 0.006799 0.002676 0.001017 0.000378 0.000141 0.000057 0.000028 0.000018 0.000015 0.000014 0.000014 0.000014 0.000014 0.000014 0.000014 0.000014 0.000014 0.000014 0.000014 0.000014 0.000014 0.000014 0.000014 0.000014 0.000014 0.000013 0.000013 0.000012 0.000011 0.000010 0.000008 0.000005 0.000003 0.000000 
50.000000 40.281436 31.138906 23.046187 16.302748 11.009632 7.092683 4.357270 2.552489 1.426108 0.760266 0.386957 0.188173 0.087501 0.038942 0.016603 0.006790 0.002666 0.001008 0.000368 0.000131 0.000047 0.000018 0.000009 0.000006 0.000005 0.000005 0.000004 0.000004 0.000004 0.000004 0.000004 0.000004 0.000004 0.000004 0.000004 0.000004 0.000004 0.000004 0.000004 0.000004 0.000004 0.000004 0.000004 0.000004 0.000003 0.000002 0.000002 0.000001 0.000000 
50.000000 40.281436 31.138905 23.046185 16.302746 11.009630 7.092680 4.357267 2.552486 1.426105 0.760263 0.386954 0.188170 0.087498 0.038939 0.016601 0.006787 0.002664 0.001005 0.000365 0.000129 0.000044 0.000016 0.000006 0.000003 0.000002 0.000002 0.000002 0.000002 0.000002 0.000002 0.000002 0.000002 0.000002 0.000002 0.000002 0.000002 0.000002 0.000002 0.000002 0.000002 0.000002 0.000002 0.000001 0.000001 0.000001 0.000001 0.000001 0.000000 0.000000 
50.000000 40.281436 31.138905 23.046185 16.302746 11.009630 7.092680 4.357267 2.552486 1.426105 0.760263 0.386954 0.188170 0.087498 0.038939 0.016601 0.006787 0.002664 0.001005 0.000365 0.000129 0.000044 0.000016 0.000006 0.000003 0.000002 0.000002 0.000002 0.000002 0.000002 0.000002 0.000002 0.000002 0.000002 0.000002 0.000002 0.000002 0.000002 0.000002 0.000002 0.000002 0.000002 0.000002 0.000001 0.000001 0.000001 0.000001 0.000001 0.000000 0.000000 
50.000000 40.281436 31.138906 23.046187 16.302748 11.009632 7.092683 4.357270 2.552489 1.426108 0.760266 0.386957 0.188173 0.087501 0.038942 0.016603 0.006790 0.002666 0.001008 0.000368 0.000131 0.000047 0.000018 0.000009 0.000006 0.000005 0.000005 0.000004 0.000004 0.000004 0.000004 0.000004 0.000004 0.000004 0.000004 0.000004 0.000004 0.000004 0.000004 0.000004 0.000004 0.000004 0.000004 0.000004 0.000004 0.000003 0.000002 0.000002 0.000001 0.000000 
50.000000 40.281438 31.138910 23.046192 16.302754 11.009639 7.092691 4.357278 2.552498 1.426117 0.760275 0.386966 0.188183 0.087510 0.038951 0.016613 0.006799 0.002676 0.001017 0.000378 0.000141 0.000057 0.000028 0.000018 0.000015 0.000014 0.000014 0.000014 0.000014 0.000014 0.000014 0.000014 0.000014 0.000014 0.000014 0.000014 0.000014 0.000014 0.000014 0.000014 0.000014 0.000013 0.000013 0.000012 0.000011 0.000010 0.000008 0.000005 0.000003 0.000000 
50.000000 40.281444 31.138921 23.046208 16.302774 11.009662 7.092716 4.357305 2.552525 1.426145 0.760304 0.386995 0.188211 0.087539 0.038980 0.016642 0.006828 0.002705 0.001046 0.000406 0.000170 0.000085 0.000057 0.000047 0.000044 0.000043 0.000043 0.000043 0.000043 0.000043 0.000043 0.000043 0.000043 0.000043 0.000043 0.000043 0.000043 0.000043 0.000042 0.000042 0.000042 0.000041 0.000040 0.000037 0.000034 0.000030 0.000024 0.000017 0.000009 0.000000 
50.000000 40.281460 31.138952 23.046253 16.302831 11.009728 7.092788 4.357382 2.552605 1.426227 0.760387 0.387078 0.188295 0.087623 0.039064 0.016726 0.006912 0.002789 0.001130 0.000491 0.000254 0.000170 0.000141 0.000131 0.000128 0.000127 0.000127 0.000127 0.000127 0.000127 0.000127 0.000127 0.000127 0.000127 0.000127 0.000127 0.000127 0.000127 0.000126 0.000126 0.000124 0.000122 0.000118 0.000111 0.000102 0.000089 0.000072 0.000050 0.000026 0.000000 
50.000000 40.281507 31.139042 23.046381 16.302991 11.009913 7.092992 4.357598 2.552830 1.426457 0.760620 0.387313 0.188531 0.087859 0.039301 0.016963 0.007149 0.003026 0.001367 0.000727 0.000491 0.000406 0.000378 0.000368 0.000365 0.000364 0.000364 0.000364 0.000364 0.000364 0.000364 0.000364 0.000364 0.000364 0.000364 0.000364 0.000363 0.000363 0.000362 0.000360 0.000356 0.000349 0.000338 0.000320 0.000293 0.000255 0.000206 0.000145 0.000075 0.000000 
50.000000 40.281632 31.139285 23.046728 16.303423 11.010413 7.093542 4.358183 2.553438 1.427079 0.761250 0.387948 0.189169 0.088498 0.039940 0.017602 0.007788 0.003665 0.002007 0.001367 0.001130 0.001046 0.001017 0.001008 0.001005 0.001004 0.001003 0.001003 0.001003 0.001003 0.001003 0.001003 0.001003 0.001003 0.001003 0.001003 0.001002 0.001001 0.000998 0.000993 0.000982 0.000964 0.000933 0.000883 0.000809 0.000706 0.000569 0.000401 0.000207 0.000000 
50.000000 40.281955 31.139913 23.047625 16.304545 11.011710 7.094968 4.359700 2.555013 1.428691 0.762884 0.389594 0.190821 0.090154 0.041597 0.019260 0.009447 0.005324 0.003665 0.003026 0.002789 0.002705 0.002676 0.002666 0.002663 0.002662 0.002662 0.002662 0.002662 0.002662 0.002662 0.002662 0.002662 0.002662 0.002662 0.002661 0.002659 0.002656 0.002649 0.002634 0.002607 0.002559 0.002478 0.002348 0.002152 0.001878 0.001515 0.001068 0.000553 0.000000 
50.000000 40.282760 31.141474 23.049855 16.307331 11.014932 7.098513 4.363468 2.558930 1.432699 0.766946 0.393687 0.194929 0.094270 0.045717 0.023382 0.013569 0.009447 0.007788 0.007149 0.006912 0.006828 0.006799 0.006789 0.006786 0.006785 0.006785 0.006785 0.006785 0.006785 0.006785 0.006785 0.006785 0.006785 0.006784 0.006782 0.006778 0.006770 0.006752 0.006717 0.006649 0.006528 0.006323 0.005995 0.005501 0.004803 0.003878 0.002735 0.001417 0.000000 
50.000000 40.284674 31.145188 23.055161 16.313962 11.022601 7.106948 4.372437 2.568250 1.442238 0.776614 0.403426 0.204707 0.104067 0.055524 0.033193 0.023382 0.019260 0.017602 0.016963 0.016726 0.016642 0.016613 0.016603 0.016600 0.016599 0.016599 0.016599 0.016599 0.016599 0.016599 0.016599 0.016599 0.016598 0.016596 0.016592 0.016583 0.016563 0.016521 0.016437 0.016276 0.015986 0.015492 0.014699 0.013500 0.011797 0.009536 0.006731 0.003488 0.000000 
50.000000 40.289029 31.153638 23.067233 16.329049 11.040052 7.126144 4.392850 2.589463 1.463950 0.798619 0.425596 0.226964 0.126367 0.077845 0.055524 0.045717 0.041597 0.039940 0.039301 0.039064 0.038980 0.038951 0.038942 0.038939 0.038938 0.038937 0.038937 0.038937 0.038937 0.038937 0.038937 0.038936 0.038935 0.038931 0.038923 0.038902 0.038857 0.038762 0.038570 0.038204 0.037541 0.036405 0.034571 0.031783 0.027808 0.022505 0.015902 0.008246 0.000000 
50.000000 40.298492 31.172001 23.093468 16.361838 11.077977 7.167865 4.437217 2.635572 1.511143 0.846452 0.473786 0.275344 0.174844 0.126367 0.104067 0.094270 0.090154 0.088498 0.087859 0.087623 0.087539 0.087510 0.087500 0.087497 0.087496 0.087496 0.087496 0.087496 0.087496 0.087496 0.087495 0.087494 0.087491 0.087484 0.087465 0.087422 0.087325 0.087120 0.086706 0.085911 0.084463 0.081970 0.077920 0.071729 0.062849 0.050936 0.036036 0.018704 0.000000 
50.000000 40.318104 31.210057 23.147841 16.429796 11.156587 7.254347 4.529187 2.731157 1.608980 0.945617 0.573693 0.375645 0.275344 0.226964 0.204707 0.194929 0.190821 0.189169 0.188531 0.188295 0.188211 0.188183 0.188173 0.188170 0.188169 0.188169 0.188169 0.188169 0.188169 0.188168 0.188168 0.188165 0.188159 0.188144 0.188106 0.188019 0.187823 0.187404 0.186554 0.184913 0.181907 0.176696 0.168172 0.155047 0.136091 0.110495 0.078294 0.040682 0.000000 
50.000000 40.356815 31.285175 23.255172 16.563949 11.311775 7.425082 4.710766 2.919879 1.802152 1.141414 0.770960 0.573693 0.473786 0.425596 0.403426 0.393687 0.389594 0.387948 0.387313 0.387078 0.386995 0.386966 0.386957 0.386954 0.386953 0.386952 0.386952 0.386952 0.386952 0.386952 0.386950 0.386946 0.386934 0.386905 0.386834 0.386666 0.386289 0.385480 0.383828 0.380616 0.374691 0.364344 0.347276 0.320774 0.282169 0.229614 0.163027 0.084829 0.000000 
50.000000 40.429488 31.426201 23.456678 16.815823 11.603153 7.745667 5.051725 3.274263 2.164903 1.509105 1.141414 0.945617 0.846452 0.798619 0.776614 0.766946 0.762884 0.761250 0.760620 0.760387 0.760304 0.760275 0.760266 0.760263 0.760262 0.760262 0.760262 0.760262 0.760261 0.760260 0.760258 0.760250 0.760230 0.760178 0.760049 0.759746 0.759062 0.757587 0.754552 0.748611 0.737563 0.718092 0.685665 0.634797 0.559918 0.456941 0.325279 0.169570 0.000000 
50.000000 40.559070 31.677664 23.815994 17.264968 12.122765 8.317386 5.659801 3.906303 2.811882 2.164903 1.802152 1.608980 1.511143 1.463950 1.442238 1.432699 1.428691 1.427079 1.426457 1.426227 1.426145 1.426117 1.426107 1.426105 1.426104 1.426103 1.426103 1.426103 1.426102 1.426101 1.426096 1.426084 1.426050 1.425962 1.425746 1.425232 1.424067 1.421536 1.416292 1.405941 1.386511 1.351912 1.293629 1.201064 1.063036 0.870762 0.622015 0.325078 0.000000 
50.000000 40.778214 32.102940 24.423688 18.024612 13.001623 9.284413 6.688359 4.975428 3.906303 3.274263 2.919879 2.731157 2.635572 2.589463 2.568250 2.558930 2.555013 2.553438 2.552830 2.552605 2.552525 2.552498 2.552489 2.552486 2.552485 2.552485 2.552484 2.552484 2.552483 2.552481 2.552474 2.552454 2.552401 2.552264 2.551923 2.551109 2.549250 2.545187 2.536701 2.519792 2.487714 2.429900 2.331182 2.172039 1.930901 1.589432 1.140753 0.598292 0.000000 
50.000000 41.129253 32.784183 25.397168 19.241543 14.409582 10.833675 8.336252 6.688359 5.659801 5.051725 4.710766 4.529187 4.437217 4.392850 4.372437 4.363468 4.359700 4.358183 4.357598 4.357382 4.357305 4.357278 4.357270 4.357267 4.357266 4.357266 4.357266 4.357265 4.357264 4.357261 4.357250 4.357222 4.357145 4.356945 4.356445 4.355247 4.352491 4.346422 4.333633 4.307889 4.258459 4.168126 4.011395 3.754110 3.356384 2.781100 2.009239 1.059232 0.000000 
50.000000 41.661179 33.816479 26.872327 21.085666 16.543251 13.181552 10.833675 9.284413 8.317386 7.745667 7.425082 7.254347 7.167865 7.126144 7.106948 7.098513 7.094968 7.093542 7.092992 7.092788 7.092716 7.092691 7.092683 7.092680 7.092679 7.092679 7.092679 7.092678 7.092677 7.092672 7.092659 7.092621 7.092517 7.092249 7.091573 7.089945 7.086175 7.077806 7.060002 7.023757 6.953231 6.822280 6.590776 6.202335 5.586615 4.671023 3.406923 1.810285 0.000000 
50.000000 42.422708 35.294377 28.984298 23.725944 19.598163 16.543251 14.409582 13.001623 12.122765 11.603153 11.311775 11.156587 11.077977 11.040052 11.022601 11.014932 11.011710 11.010413 11.009913 11.009728 11.009662 11.009639 11.009632 11.009629 11.009629 11.009628 11.009628 11.009627 11.009626 11.009620 11.009604 11.009557 11.009431 11.009101 11.008269 11.006249 11.001540 10.991000 10.968356 10.921701 10.829584 10.655471 10.340916 9.799081 8.912873 7.546268 5.582748 3.004589 0.000000 
50.000000 43.451609 37.291186 31.837859 27.293394 23.725944 21.085666 19.241543 18.024612 17.264968 16.815823 16.563949 16.429796 16.361838 16.329049 16.313962 16.307331 16.304545 16.303423 16.302991 16.302831 16.302774 16.302754 16.302748 16.302746 16.302745 16.302745 16.302744 16.302744 16.302742 16.302736 16.302718 16.302667 16.302529 16.302164 16.301241 16.298989 16.293705 16.281780 16.255905 16.201932 16.093711 15.885160 15.499051 14.813072 13.646697 11.760019 8.892121 4.892696 0.000000 
50.000000 44.762244 39.834784 35.472861 31.837859 28.984298 26.872327 25.397168 24.423688 23.815994 23.456678 23.255172 23.147841 23.093468 23.067233 23.055161 23.049855 23.047625 23.046728 23.046381 23.046253 23.046208 23.046192 23.046187 23.046185 23.046185 23.046184 23.046184 23.046184 23.046182 23.046176 23.046159 23.046110 23.045977 23.045624 23.044728 23.042532 23.037347 23.025558 22.999738 22.945233 22.834256 22.616068 22.201304 21.438030 20.077840 17.736431 13.879809 7.955808 0.000000 
50.000000 46.334949 42.887013 39.834784 37.291186 35.294377 33.816479 32.784183 32.102940 31.677664 31.426201 31.285175 31.210057 31.172001 31.153638 31.145188 31.141474 31.139913 31.139285 31.139042 31.138952 31.138921 31.138910 31.138906 31.138905 31.138904 31.138904 31.138904 31.138904 31.138902 31.138898 31.138884 31.138845 31.138738 31.138456 31.137736 31.135965 31.131762 31.122148 31.100923 31.055650 30.962187 30.774944 30.409555 29.711630 28.399066 25.954975 21.443506 13.312800 0.000000 
50.000000 48.111541 46.334949 44.762244 43.451609 42.422708 41.661179 41.129253 40.778214 40.559070 40.429488 40.356815 40.318104 40.298492 40.289029 40.284674 40.282760 40.281955 40.281632 40.281507 40.281460 40.281444 40.281438 40.281436 40.281436 40.281436 40.281436 40.281435 40.281435 40.281434 40.281432 40.281424 40.281402 40.281343 40.281185 40.280782 40.279788 40.277422 40.271986 40.259919 40.233991 40.179922 40.070021 39.850894 39.418119 38.558913 36.806435 33.022150 24.055771 0.000000 
50.000000 50.000000 50.000000 50.000000 50.000000 50.000000 50.000000 50.000000 50.000000 50.000000 50.000000 50.000000 50.000000 50.000000 50.000000 50.000000 50.000000 50.000000 50.000000 50.000000 50.000000 50.000000 50.000000 50.000000 50.000000 50.000000 50.000000 50.000000 50.000000 50.000000 50.000000 50.000000 50.000000 50.000000 50.000000 50.000000 50.000000 50.000000 50.000000 50.000000 50.000000 50.000000 50.000000 50.000000 50.000000 50.000000 50.000000 50.000000 50.000000 50.000000 
