50.000000 50.000000 50.000000 50.000000 50.000000 50.000000 50.000000 50.000000 50.000000 50.000000 50.000000 50.000000 50.000000 50.000000 50.000000 50.000000 50.000000 50.000000 50.000000 50.000000 50.000000 50.000000 50.000000 50.000000 50.000000 50.000000 50.000000 50.000000 50.000000 50.000000 50.000000 50.000000 50.000000 50.000000 50.000000 50.000000 50.000000 50.000000 50.000000 50.000000 50.000000 50.000000 50.000000 50.000000 50.000000 50.000000 50.000000 50.000000 50.000000 50.000000 
50.000000 46.463576 43.318653 40.827258 39.063508 37.942963 37.300961 36.967530 36.809734 36.741341 36.714061 36.704002 36.700559 36.699461 36.699133 36.699041 36.699017 36.699011 36.699010 36.699009 36.699009 36.699009 36.699009 36.699009 36.699009 36.699009 36.699009 36.699009 36.699009 36.699009 36.699009 36.699009 36.699009 36.699009 36.699007 36.699002 36.698979 36.698895 36.698591 36.697562 36.694261 36.684249 36.655513 36.577198 36.373336 35.861029 34.596074 31.444159 23.231788 0.000000 
50.000000 43.318653 37.377061 32.670297 29.338354 27.221625 26.008951 25.379184 25.081172 24.952018 24.900507 24.881515 24.875015 24.872942 24.872323 24.872150 24.872104 24.872093 24.872090 24.872090 24.872089 24.872089 24.872089 24.872089 24.872089 24.872089 24.872089 24.872089 24.872089 24.872089 24.872089 24.872089 24.872089 24.872089 24.872087 24.872078 24.872041 24.871905 24.871419 24.869781 24.864567 24.848928 24.804729 24.686972 24.390817 23.686044 22.094888 18.688530 11.874494 0.000000 
50.000000 40.827258 32.670297 26.208863 21.635067 18.729643 17.065287 16.201045 15.792125 15.614929 15.544267 15.518218 15.509304 15.506461 15.505613 15.505375 15.505313 15.505297 15.505294 15.505293 15.505293 15.505293 15.505293 15.505293 15.505293 15.505293 15.505293 15.505293 15.505293 15.505293 15.505293 15.505292 15.505292 15.505292 15.505290 15.505280 15.505242 15.505098 15.504590 15.502889 15.497532 15.481684 15.437710 15.323488 15.046273 14.419308 13.104431 10.575409 6.231184 0.000000 
50.000000 39.063508 29.338354 21.635067 16.182595 12.719316 10.735606 9.705659 9.218401 9.007288 8.923114 8.892089 8.881473 8.878088 8.877079 8.876796 8.876722 8.876703 8.876699 8.876698 8.876698 8.876698 8.876698 8.876698 8.876698 8.876698 8.876698 8.876698 8.876698 8.876698 8.876698 8.876698 8.876697 8.876697 8.876695 8.876687 8.876655 8.876537 8.876121 8.874740 8.870437 8.857886 8.823692 8.736980 8.533133 8.091298 7.215760 5.652311 3.202479 0.000000 
50.000000 37.942963 27.221625 18.729643 12.719316 8.902019 6.715749 5.580760 5.043873 4.811289 4.718568 4.684397 4.672707 4.668980 4.667869 4.667558 4.667476 4.667455 4.667450 4.667449 4.667449 4.667449 4.667449 4.667449 4.667449 4.667449 4.667449 4.667449 4.667449 4.667449 4.667449 4.667449 4.667449 4.667449 4.667447 4.667442 4.667420 4.667339 4.667054 4.666118 4.663233 4.654929 4.632678 4.577434 4.451010 4.186184 3.683371 2.830808 1.569627 0.000000 
50.000000 37.300961 26.008951 17.065287 10.735606 6.715749 4.413649 3.218636 2.653412 2.408578 2.310984 2.275023 2.262721 2.258800 2.257630 2.257303 2.257217 2.257196 2.257191 2.257190 2.257189 2.257189 2.257189 2.257189 2.257189 2.257189 2.257189 2.257189 2.257189 2.257189 2.257189 2.257189 2.257189 2.257189 2.257188 2.257185 2.257172 2.257124 2.256956 2.256408 2.254738 2.249984 2.237432 2.206825 2.138315 1.998625 1.741799 1.321980 0.723763 0.000000 
50.000000 36.967530 25.379184 16.201045 9.705659 5.580760 3.218636 1.992543 1.412658 1.161493 1.061383 1.024497 1.011880 1.007859 1.006660 1.006324 1.006236 1.006214 1.006209 1.006208 1.006208 1.006208 1.006208 1.006208 1.006208 1.006208 1.006208 1.006208 1.006208 1.006208 1.006208 1.006208 1.006208 1.006207 1.006207 1.006205 1.006198 1.006173 1.006086 1.005804 1.004950 1.002544 0.996271 0.981205 0.948082 0.881968 0.763335 0.574455 0.312017 0.000000 
50.000000 36.809734 25.081172 15.792125 9.218401 5.043873 2.653412 1.412658 0.825865 0.571719 0.470426 0.433106 0.420342 0.416273 0.415061 0.414721 0.414632 0.414610 0.414605 0.414603 0.414603 0.414603 0.414603 0.414603 0.414603 0.414603 0.414603 0.414603 0.414603 0.414603 0.414603 0.414603 0.414603 0.414603 0.414603 0.414602 0.414599 0.414587 0.414546 0.414416 0.414025 0.412933 0.410114 0.403429 0.388945 0.360515 0.310442 0.232244 0.125484 0.000000 
50.000000 36.741341 24.952018 15.614929 9.007288 4.811289 2.408578 1.161493 0.571719 0.316288 0.214486 0.176980 0.164152 0.160063 0.158845 0.158504 0.158414 0.158392 0.158386 0.158385 0.158385 0.158385 0.158385 0.158385 0.158385 0.158385 0.158385 0.158385 0.158385 0.158385 0.158385 0.158385 0.158385 0.158385 0.158385 0.158384 0.158383 0.158378 0.158361 0.158307 0.158144 0.157694 0.156543 0.153841 0.148056 0.136851 0.117397 0.087451 0.047080 0.000000 
50.000000 36.714061 24.900507 15.544267 8.923114 4.718568 2.310984 1.061383 0.470426 0.214486 0.112482 0.074902 0.062049 0.057953 0.056732 0.056390 0.056300 0.056278 0.056272 0.056271 0.056271 0.056271 0.056271 0.056271 0.056271 0.056271 0.056271 0.056271 0.056271 0.056271 0.056271 0.056271 0.056271 0.056271 0.056271 0.056271 0.056270 0.056268 0.056262 0.056241 0.056179 0.056010 0.055579 0.054576 0.052450 0.048375 0.041378 0.030726 0.016499 0.000000 
50.000000 36.704002 24.881515 15.518218 8.892089 4.684397 2.275023 1.024497 0.433106 0.176980 0.074902 0.037295 0.024433 0.020334 0.019112 0.018770 0.018680 0.018657 0.018652 0.018651 0.018651 0.018651 0.018651 0.018651 0.018651 0.018651 0.018651 0.018651 0.018651 0.018651 0.018651 0.018651 0.018651 0.018651 0.018651 0.018651 0.018650 0.018650 0.018647 0.018640 0.018619 0.018560 0.018411 0.018067 0.017343 0.015968 0.013628 0.010096 0.005411 0.000000 
50.000000 36.700559 24.875015 15.509304 8.881473 4.672707 2.262721 1.011880 0.420342 0.164152 0.062049 0.024433 0.011568 0.007468 0.006245 0.005903 0.005813 0.005791 0.005786 0.005785 0.005784 0.005784 0.005784 0.005784 0.005784 0.005784 0.005784 0.005784 0.005784 0.005784 0.005784 0.005784 0.005784 0.005784 0.005784 0.005784 0.005784 0.005784 0.005783 0.005781 0.005774 0.005755 0.005707 0.005598 0.005369 0.004936 0.004206 0.003110 0.001664 0.000000 
50.000000 36.699461 24.872942 15.506461 8.878088 4.668980 2.258800 1.007859 0.416273 0.160063 0.057953 0.020334 0.007468 0.003367 0.002145 0.001803 0.001713 0.001690 0.001685 0.001684 0.001684 0.001684 0.001684 0.001684 0.001684 0.001684 0.001684 0.001684 0.001684 0.001684 0.001684 0.001684 0.001684 0.001684 0.001684 0.001684 0.001684 0.001683 0.001683 0.001682 0.001680 0.001675 0.001660 0.001628 0.001560 0.001433 0.001219 0.000900 0.000481 0.000000 
50.000000 36.699133 24.872323 15.505613 8.877079 4.667869 2.257630 1.006660 0.415061 0.158845 0.056732 0.019112 0.006245 0.002145 0.000922 0.000580 0.000490 0.000468 0.000463 0.000461 0.000461 0.000461 0.000461 0.000461 0.000461 0.000461 0.000461 0.000461 0.000461 0.000461 0.000461 0.000461 0.000461 0.000461 0.000461 0.000461 0.000461 0.000461 0.000461 0.000461 0.000460 0.000459 0.000455 0.000446 0.000427 0.000392 0.000333 0.000245 0.000131 0.000000 
50.000000 36.699041 24.872150 15.505375 8.876796 4.667558 2.257303 1.006324 0.414721 0.158504 0.056390 0.018770 0.005903 0.001803 0.000580 0.000238 0.000148 0.000126 0.000121 0.000119 0.000119 0.000119 0.000119 0.000119 0.000119 0.000119 0.000119 0.000119 0.000119 0.000119 0.000119 0.000119 0.000119 0.000119 0.000119 0.000119 0.000119 0.000119 0.000119 0.000119 0.000119 0.000118 0.000117 0.000115 0.000110 0.000101 0.000086 0.000063 0.000034 0.000000 
50.000000 36.699017 24.872104 15.505313 8.876722 4.667476 2.257217 1.006236 0.414632 0.158414 0.056300 0.018680 0.005813 0.001713 0.000490 0.000148 0.000058 0.000036 0.000031 0.000029 0.000029 0.000029 0.000029 0.000029 0.000029 0.000029 0.000029 0.000029 0.000029 0.000029 0.000029 0.000029 0.000029 0.000029 0.000029 0.000029 0.000029 0.000029 0.000029 0.000029 0.000029 0.000029 0.000029 0.000028 0.000027 0.000025 0.000021 0.000015 0.000008 0.000000 
50.000000 36.699011 24.872093 15.505297 8.876703 4.667455 2.257196 1.006214 0.414610 0.158392 0.056278 0.018657 0.005791 0.001690 0.000468 0.000126 0.000036 0.000013 0.000008 0.000007 0.000007 0.000007 0.000007 0.000007 0.000007 0.000007 0.000007 0.000007 0.000007 0.000007 0.000007 0.000007 0.000007 0.000007 0.000007 0.000007 0.000007 0.000007 0.000007 0.000007 0.000007 0.000007 0.000007 0.000007 0.000006 0.000006 0.000005 0.000004 0.000002 0.000000 
50.000000 36.699010 24.872090 15.505294 8.876699 4.667450 2.257191 1.006209 0.414605 0.158386 0.056272 0.018652 0.005786 0.001685 0.000463 0.000121 0.000031 0.000008 0.000003 0.000002 0.000002 0.000001 0.000001 0.000001 0.000001 0.000001 0.000001 0.000001 0.000001 0.000001 0.000001 0.000001 0.000001 0.000001 0.000001 0.000001 0.000001 0.000001 0.000001 0.000001 0.000001 0.000001 0.000001 0.000001 0.000001 0.000001 0.000001 0.000001 0.000000 0.000000 
50.000000 36.699009 24.872090 15.505293 8.876698 4.667449 2.257190 1.006208 0.414603 0.158385 0.056271 0.018651 0.005785 0.001684 0.000461 0.000119 0.000029 0.000007 0.000002 0.000001 0.000000 0.000000 0.000000 0.000000 0.000000 0.000000 0.000000 0.000000 0.000000 0.000000 0.000000 0.000000 0.000000 0.000000 0.000000 0.000000 0.000000 0.000000 0.000000 0.000000 0.000000 0.000000 0.000000 0.000000 0.000000 0.000000 0.000000 0.000000 0.000000 0.000000 
50.000000 36.699009 24.872089 15.505293 8.876698 4.667449 2.257189 1.006208 0.414603 0.158385 0.056271 0.018651 0.005784 0.001684 0.000461 0.000119 0.000029 0.000007 0.000002 0.000000 0.000000 0.000000 0.000000 0.000000 0.000000 0.000000 0.000000 0.000000 0.000000 0.000000 0.000000 0.000000 0.000000 0.000000 0.000000 0.000000 0.000000 0.000000 0.000000 0.000000 0.000000 0.000000 0.000000 0.000000 0.000000 0.000000 0.000000 0.000000 0.000000 0.000000 
50.000000 36.699009 24.872089 15.505293 8.876698 4.667449 2.257189 1.006208 0.414603 0.158385 0.056271 0.018651 0.005784 0.001684 0.000461 0.000119 0.000029 0.000007 0.000001 0.000000 0.000000 0.000000 0.000000 0.000000 0.000000 0.000000 0.000000 0.000000 0.000000 0.000000 0.000000 0.000000 0.000000 0.000000 0.000000 0.000000 0.000000 0.000000 0.000000 0.000000 0.000000 0.000000 0.000000 0.000000 0.000000 0.000000 0.000000 0.000000 0.000000 0.000000 
50.000000 36.699009 24.872089 15.505293 8.876698 4.667449 2.257189 1.006208 0.414603 0.158385 0.056271 0.018651 0.005784 0.001684 0.000461 0.000119 0.000029 0.000007 0.000001 0.000000 0.000000 0.000000 0.000000 0.000000 0.000000 0.000000 0.000000 0.000000 0.000000 0.000000 0.000000 0.000000 0.000000 0.000000 0.000000 0.000000 0.000000 0.000000 0.000000 0.000000 0.000000 0.000000 0.000000 0.000000 0.000000 0.000000 0.000000 0.000000 0.000000 0.000000 
50.000000 36.699009 24.872089 15.505293 8.876698 4.667449 2.257189 1.006208 0.414603 0.158385 0.056271 0.018651 0.005784 0.001684 0.000461 0.000119 0.000029 0.000007 0.000001 0.000000 0.000000 0.000000 0.000000 0.000000 0.000000 0.000000 0.000000 0.000000 0.000000 0.000000 0.000000 0.000000 0.000000 0.000000 0.000000 0.000000 0.000000 0.000000 0.000000 0.000000 0.000000 0.000000 0.000000 0.000000 0.000000 0.000000 0.000000 0.000000 0.000000 0.000000 
50.000000 36.699009 24.872089 15.505293 8.876698 4.667449 2.257189 1.006208 0.414603 0.158385 0.056271 0.018651 0.005784 0.001684 0.000461 0.000119 0.000029 0.000007 0.000001 0.000000 0.000000 0.000000 0.000000 0.000000 0.000000 0.000000 0.000000 0.000000 0.000000 0.000000 0.000000 0.000000 0.000000 0.000000 0.000000 0.000000 0.000000 0.000000 0.000000 0.000000 0.000000 0.000000 0.000000 0.000000 0.000000 0.000000 0.000000 0.000000 0.000000 0.000000 
50.000000 36.699009 24.872089 15.505293 8.876698 4.667449 2.257189 1.006208 0.414603 0.158385 0.056271 0.018651 0.005784 0.001684 0.000461 0.000119 0.000029 0.000007 0.000001 0.000000 0.000000 0.000000 0.000000 0.000000 0.000000 0.000000 0.000000 0.000000 0.000000 0.000000 0.000000 0.000000 0.000000 0.000000 0.000000 0.000000 0.000000 0.000000 0.000000 0.000000 0.000000 0.000000 0.000000 0.000000 0.000000 0.000000 0.000000 0.000000 0.000000 0.000000 
50.000000 36.699009 24.872089 15.505293 8.876698 4.667449 2.257189 1.006208 0.414603 0.158385 0.056271 0.018651 0.005784 0.001684 0.000461 0.000119 0.000029 0.000007 0.000001 0.000000 0.000000 0.000000 0.000000 0.000000 0.000000 0.000000 0.000000 0.000000 0.000000 0.000000 0.000000 0.000000 0.000000 0.000000 0.000000 0.000000 0.000000 0.000000 0.000000 0.000000 0.000000 0.000000 0.000000 0.000000 0.000000 0.000000 0.000000 0.000000 0.000000 0.000000 
50.000000 36.699009 24.872089 15.505293 8.876698 4.667449 2.257189 1.006208 0.414603 0.158385 0.056271 0.018651 0.005784 0.001684 0.000461 0.000119 0.000029 0.000007 0.000001 0.000000 0.000000 0.000000 0.000000 0.000000 0.000000 0.000000 0.000000 0.000000 0.000000 0.000000 0.000000 0.000000 0.000000 0.000000 0.000000 0.000000 0.000000 0.000000 0.000000 0.000000 0.000000 0.000000 0.000000 0.000000 0.000000 0.000000 0.000000 0.000000 0.000000 0.000000 
50.000000 36.699009 24.872089 15.505293 8.876698 4.667449 2.257189 1.006208 0.414603 0.158385 0.056271 0.018651 0.005784 0.001684 0.000461 0.000119 0.000029 0.000007 0.000001 0.000000 0.000000 0.000000 0.000000 0.000000 0.000000 0.000000 0.000000 0.000000 0.000000 0.000000 0.000000 0.000000 0.000000 0.000000 0.000000 0.000000 0.000000 0.000000 0.000000 0.000000 0.000000 0.000000 0.000000 0.000000 0.000000 0.000000 0.000000 0.000000 0.000000 0.000000 
50.000000 36.699009 24.872089 15.505293 8.876698 4.667449 2.257189 1.006208 0.414603 0.158385 0.056271 0.018651 0.005784 0.001684 0.000461 0.000119 0.000029 0.000007 0.000002 0.000000 0.000000 0.000000 0.000000 0.000000 0.000000 0.000000 0.000000 0.000000 0.000000 0.000000 0.000000 0.000000 0.000000 0.000000 0.000000 0.000000 0.000000 0.000000 0.000000 0.000000 0.000000 0.000000 0.000000 0.000000 0.000000 0.000000 0.000000 0.000000 0.000000 0.000000 
50.000000 36.699009 24.872090 15.505293 8.876698 4.667449 2.257190 1.006208 0.414603 0.158385 0.056271 0.018651 0.005785 0.001684 0.000461 0.000119 0.000029 0.000007 0.000002 0.000001 0.000000 0.000000 0.000000 0.000000 0.000000 0.000000 0.000000 0.000000 0.000000 0.000000 0.000000 0.000000 0.000000 0.000000 0.000000 0.000000 0.000000 0.000000 0.000000 0.000000 0.000000 0.000000 0.000000 0.000000 0.000000 0.000000 0.000000 0.000000 0.000000 0.000000 
50.000000 36.699010 24.872090 15.505294 8.876699 4.667450 2.257191 1.006209 0.414605 0.158386 0.056272 0.018652 0.005786 0.001685 0.000463 0.000121 0.000031 0.000008 0.000003 0.000002 0.000002 0.000001 0.000001 0.000001 0.000001 0.000001 0.000001 0.000001 0.000001 0.000001 0.000001 0.000001 0.000001 0.000001 0.000001 0.000001 0.000001 0.000001 0.000001 0.000001 0.000001 0.000001 0.000001 0.000001 0.000001 0.000001 0.000001 0.000001 0.000000 0.000000 
50.000000 36.699011 24.872093 15.505297 8.876703 4.667455 2.257196 1.006214 0.414610 0.158392 0.056278 0.018657 0.005791 0.001690 0.000468 0.000126 0.000036 0.000013 0.000008 0.000007 0.000007 0.000007 0.000007 0.000007 0.000007 0.000007 0.000007 0.000007 0.000007 0.000007 0.000007 0.000007 0.000007 0.000007 0.000007 0.000007 0.000007 0.000007 0.000007 0.000007 0.000007 0.000007 0.000007 0.000007 0.000006 0.000006 0.000005 0.000004 0.000002 0.000000 
50.000000 36.699017 24.872104 15.505313 8.876722 4.667476 2.257217 1.006236 0.414632 0.158414 0.056300 0.018680 0.005813 0.001713 0.000490 0.000148 0.000058 0.000036 0.000031 0.000029 0.000029 0.000029 0.000029 0.000029 0.000029 0.000029 0.000029 0.000029 0.000029 0.000029 0.000029 0.000029 0.000029 0.000029 0.000029 0.000029 0.000029 0.000029 0.000029 0.000029 0.000029 0.000029 0.000029 0.000028 0.000027 0.000025 0.000021 0.000015 0.000008 0.000000 
50.000000 36.699041 24.872150 15.505375 8.876796 4.667558 2.257303 1.006324 0.414721 0.158504 0.056390 0.018770 0.005903 0.001803 0.000580 0.000238 0.000148 0.000126 0.000121 0.000119 0.000119 0.000119 0.000119 0.000119 0.000119 0.000119 0.000119 0.000119 0.000119 0.000119 0.000119 0.000119 0.000119 0.000119 0.000119 0.000119 0.000119 0.000119 0.000119 0.000119 0.000119 0.000118 0.000117 0.000115 0.000110 0.000101 0.000086 0.000063 0.000034 0.000000 
50.000000 36.699133 24.872323 15.505613 8.877079 4.667869 2.257630 1.006660 0.415061 0.158845 0.056732 0.019112 0.006245 0.002145 0.000922 0.000580 0.000490 0.000468 0.000463 0.000461 0.000461 0.000461 0.000461 0.000461 0.000461 0.000461 0.000461 0.000461 0.000461 0.000461 0.000461 0.000461 0.000461 0.000461 0.000461 0.000461 0.000461 0.000461 0.000461 0.000461 0.000460 0.000459 0.000455 0.000446 0.000427 0.000392 0.000333 0.000245 0.000131 0.000000 
50.000000 36.699461 24.872942 15.506461 8.878088 4.668980 2.258800 1.007859 0.416273 0.160063 0.057953 0.020334 0.007468 0.003367 0.002145 0.001803 0.001713 0.001690 0.001685 0.001684 0.001684 0.001684 0.001684 0.001684 0.001684 0.001684 0.001684 0.001684 0.001684 0.001684 0.001684 0.001684 0.001684 0.001684 0.001684 0.001684 0.001684 0.001683 0.001683 0.001682 0.001680 0.001675 0.001660 0.001628 0.001560 0.001433 0.001219 0.000900 0.000481 0.000000 
50.000000 36.700559 24.875015 15.509304 8.881473 4.672707 2.262721 1.011880 0.420342 0.164152 0.062049 0.024433 0.011568 0.007468 0.006245 0.005903 0.005813 0.005791 0.005786 0.005785 0.005784 0.005784 0.005784 0.005784 0.005784 0.005784 0.005784 0.005784 0.005784 0.005784 0.005784 0.005784 0.005784 0.005784 0.005784 0.005784 0.005784 0.005784 0.005783 0.005781 0.005774 0.005755 0.005707 0.005598 0.005369 0.004936 0.004206 0.003110 0.001664 0.000000 
50.000000 36.704002 24.881515 15.518218 8.892089 4.684397 2.275023 1.024497 0.433106 0.176980 0.074902 0.037295 0.024433 0.020334 0.019112 0.018770 0.018680 0.018657 0.018652 0.018651 0.018651 0.018651 0.018651 0.018651 0.018651 0.018651 0.018651 0.018651 0.018651 0.018651 0.018651 0.018651 0.018651 0.018651 0.018651 0.018651 0.018650 0.018650 0.018647 0.018640 0.018619 0.018560 0.018411 0.018067 0.017343 0.015968 0.013628 0.010096 0.005411 0.000000 
50.000000 36.714061 24.900507 15.544267 8.923114 4.718568 2.310984 1.061383 0.470426 0.214486 0.112482 0.074902 0.062049 0.057953 0.056732 0.056390 0.056300 0.056278 0.056272 0.056271 0.056271 0.056271 0.056271 0.056271 0.056271 0.056271 0.056271 0.056271 0.056271 0.056271 0.056271 0.056271 0.056271 0.056271 0.056271 0.056271 0.056270 0.056268 0.056262 0.056241 0.056179 0.056010 0.055579 0.054576 0.052450 0.048375 0.041378 0.030726 0.016499 0.000000 
50.000000 36.741341 24.952018 15.614929 9.007288 4.811289 2.408578 1.161493 0.571719 0.316288 0.214486 0.176980 0.164152 0.160063 0.158845 0.158504 0.158414 0.158392 0.158386 0.158385 0.158385 0.158385 0.158385 0.158385 0.158385 0.158385 0.158385 0.158385 0.158385 0.158385 0.158385 0.158385 0.158385 0.158385 0.158385 0.158384 0.158383 0.158378 0.158361 0.158307 0.158144 0.157694 0.156543 0.153841 0.148056 0.136851 0.117397 0.087451 0.047080 0.000000 
50.000000 36.809734 25.081172 15.792125 9.218401 5.043873 2.653412 1.412658 0.825865 0.571719 0.470426 0.433106 0.420342 0.416273 0.415061 0.414721 0.414632 0.414610 0.414605 0.414603 0.414603 0.414603 0.414603 0.414603 0.414603 0.414603 0.414603 0.414603 0.414603 0.414603 0.414603 0.414603 0.414603 0.414603 0.414603 0.414602 0.414599 0.414587 0.414546 0.414416 0.414025 0.412933 0.410114 0.403429 0.388945 0.360515 0.310442 0.232244 0.125484 0.000000 
50.000000 36.967530 25.379184 16.201045 9.705659 5.580760 3.218636 1.992543 1.412658 1.161493 1.061383 1.024497 1.011880 1.007859 1.006660 1.006324 1.006236 1.006214 1.006209 1.006208 1.006208 1.006208 1.006208 1.006208 1.006208 1.006208 1.006208 1.006208 1.006208 1.006208 1.006208 1.006208 1.006208 1.006207 1.006207 1.006205 1.006198 1.006173 1.006086 1.005804 1.004950 1.002544 0.996271 0.981205 0.948082 0.881968 0.763335 0.574455 0.312017 0.000000 
50.000000 37.300961 26.008951 17.065287 10.735606 6.715749 4.413649 3.218636 2.653412 2.408578 2.310984 2.275023 2.262721 2.258800 2.257630 2.257303 2.257217 2.257196 2.257191 2.257190 2.257189 2.257189 2.257189 2.257189 2.257189 2.257189 2.257189 2.257189 2.257189 2.257189 2.257189 2.257189 2.257189 2.257189 2.257188 2.257185 2.257172 2.257124 2.256956 2.256408 2.254738 2.249984 2.237432 2.206825 2.138315 1.998625 1.741799 1.321980 0.723763 0.000000 
50.000000 37.942963 27.221625 18.729643 12.719316 8.902019 6.715749 5.580760 5.043873 4.811289 4.718568 4.684397 4.672707 4.668980 4.667869 4.667558 4.667476 4.667455 4.667450 4.667449 4.667449 4.667449 4.667449 4.667449 4.667449 4.667449 4.667449 4.667449 4.667449 4.667449 4.667449 4.667449 4.667449 4.667449 4.667447 4.667442 4.667420 4.667339 4.667054 4.666118 4.663233 4.654929 4.632678 4.577434 4.451010 4.186184 3.683371 2.830808 1.569627 0.000000 
50.000000 39.063508 29.338354 21.635067 16.182595 12.719316 10.735606 9.705659 9.218401 9.007288 8.923114 8.892089 8.881473 8.878088 8.877079 8.876796 8.876722 8.876703 8.876699 8.876698 8.876698 8.876698 8.876698 8.876698 8.876698 8.876698 8.876698 8.876698 8.876698 8.876698 8.876698 8.876698 8.876697 8.876697 8.876695 8.876687 8.876655 8.876537 8.876121 8.874740 8.870437 8.857886 8.823692 8.736980 8.533133 8.091298 7.215760 5.652311 3.202479 0.000000 
50.000000 40.827258 32.670297 26.208863 21.635067 18.729643 17.065287 16.201045 15.792125 15.614929 15.544267 15.518218 15.509304 15.506461 15.505613 15.505375 15.505313 15.505297 15.505294 15.505293 15.505293 15.505293 15.505293 15.505293 15.505293 15.505293 15.505293 15.505293 15.505293 15.505293 15.505293 15.505292 15.505292 15.505292 15.505290 15.505280 15.505242 15.505098 15.504590 15.502889 15.497532 15.481684 15.437710 15.323488 15.046273 14.419308 13.104431 10.575409 6.231184 0.000000 
50.000000 43.318653 37.377061 32.670297 29.338354 27.221625 26.008951 25.379184 25.081172 24.952018 24.900507 24.881515 24.875015 24.872942 24.872323 24.872150 24.872104 24.872093 24.872090 24.872090 24.872089 24.872089 24.872089 24.872089 24.872089 24.872089 24.872089 24.872089 24.872089 24.872089 24.872089 24.872089 24.872089 24.872089 24.872087 24.872078 24.872041 24.871905 24.871419 24.869781 24.864567 24.848928 24.804729 24.686972 24.390817 23.686044 22.094888 18.688530 11.874494 0.000000 
50.000000 46.463576 43.318653 40.827258 39.063508 37.942963 37.300961 36.967530 36.809734 36.741341 36.714061 36.704002 36.700559 36.699461 36.699133 36.699041 36.699017 36.699011 36.699010 36.699009 36.699009 36.699009 36.699009 36.699009 36.699009 36.699009 36.699009 36.699009 36.699009 36.699009 36.699009 36.699009 36.699009 36.699009 36.699007 36.699002 36.698979 36.698895 36.698591 36.697562 36.694261 36.684249 36.655513 36.577198 36.373336 35.861029 34.596074 31.444159 23.231788 0.000000 
50.000000 50.000000 50.000000 50.000000 50.000000 50.000000 50.000000 50.000000 50.000000 50.000000 50.000000 50.000000 50.000000 50.000000 50.000000 50.000000 50.000000 50.000000 50.000000 50.000000 50.000000 50.000000 50.000000 50.000000 50.000000 50.000000 50.000000 50.000000 50.000000 50.000000 50.000000 50.000000 50.000000 50.000000 50.000000 50.000000 50.000000 50.000000 50.000000 50.000000 50.000000 50.000000 50.000000 50.000000 50.000000 50.000000 50.000000 50.000000 50.000000 50.000000 
