50.000000 50.000000 50.000000 50.000000 50.000000 50.000000 50.000000 50.000000 50.000000 50.000000 50.000000 50.000000 50.000000 50.000000 50.000000 50.000000 50.000000 50.000000 50.000000 50.000000 50.000000 50.000000 50.000000 50.000000 50.000000 50.000000 50.000000 50.000000 50.000000 50.000000 50.000000 50.000000 50.000000 50.000000 50.000000 50.000000 50.000000 50.000000 50.000000 50.000000 50.000000 50.000000 50.000000 50.000000 50.000000 50.000000 50.000000 50.000000 50.000000 50.000000 
50.000000 48.732523 47.515467 46.393244 45.399434 44.554025 43.863023 43.320179 42.910153 42.612258 42.403986 42.263794 42.172894 42.116089 42.081855 42.061948 42.050772 42.044710 42.041532 42.039920 42.039129 42.038753 42.038580 42.038502 42.038468 42.038454 42.038446 42.038439 42.038427 42.038401 42.038342 42.038210 42.037922 42.037309 42.036042 42.033485 42.028456 42.018804 42.000698 41.967447 41.907509 41.801092 41.614048 41.286238 40.707258 39.660482 37.678753 33.627765 24.366261 0.000000 
50.000000 47.515467 45.129774 42.929976 40.981898 39.324723 37.970221 36.906143 36.102417 35.518490 35.110243 34.835446 34.657270 34.545924 34.478823 34.439803 34.417897 34.406015 34.399786 34.396627 34.395076 34.394339 34.394000 34.393848 34.393782 34.393753 34.393738 34.393725 34.393703 34.393655 34.393545 34.393299 34.392763 34.391627 34.389279 34.384554 34.375283 34.357544 34.324401 34.263851 34.155474 33.964919 33.634649 33.067819 32.098984 30.438948 27.570252 22.564887 13.887702 0.000000 
50.000000 46.393244 42.929976 39.736574 36.908599 34.502930 32.536652 30.991981 29.825259 28.977613 28.384994 27.986099 27.727461 27.565834 27.468432 27.411794 27.379997 27.362751 27.353709 27.349124 27.346873 27.345803 27.345310 27.345090 27.344994 27.344952 27.344931 27.344914 27.344884 27.344820 27.344673 27.344346 27.343636 27.342131 27.339030 27.332809 27.320652 27.297501 27.254509 27.176578 27.038507 26.799038 26.391685 25.710638 24.589422 22.770311 19.868287 15.359724 8.714491 0.000000 
50.000000 45.399434 40.981898 36.908599 33.301431 30.232942 27.724925 25.754688 24.266543 23.185386 22.429523 21.920752 21.590876 21.384736 21.260511 21.188276 21.147723 21.125729 21.114198 21.108350 21.105480 21.104116 21.103488 21.103207 21.103085 21.103031 21.103005 21.102984 21.102951 21.102877 21.102712 21.102343 21.101544 21.099858 21.096393 21.089470 21.076008 21.050526 21.003558 20.919221 20.771587 20.519485 20.099285 19.415467 18.329559 16.650715 14.138289 10.542950 5.738952 0.000000 
50.000000 44.554025 39.324723 34.502930 30.232942 26.600639 23.631815 21.299601 19.538068 18.258308 17.363608 16.761395 16.370941 16.126948 15.979915 15.894420 15.846424 15.820393 15.806746 15.799825 15.796429 15.794814 15.794071 15.793738 15.793594 15.793531 15.793501 15.793479 15.793444 15.793369 15.793202 15.792830 15.792026 15.790336 15.786876 15.779996 15.766693 15.741683 15.695968 15.614717 15.474285 15.238270 14.852708 14.241002 13.300320 11.903382 9.913508 7.225738 3.846767 0.000000 
50.000000 43.863023 37.970221 32.536652 27.724925 23.631815 20.286383 17.658344 15.673397 14.231344 13.223197 12.544636 12.104687 11.829771 11.664106 11.567780 11.513703 11.484376 11.469001 11.461205 11.457378 11.455559 11.454722 11.454347 11.454185 11.454115 11.454082 11.454059 11.454026 11.453956 11.453801 11.453457 11.452715 11.451161 11.447996 11.441733 11.429695 11.407227 11.366512 11.294899 11.172678 10.970406 10.646105 10.143191 9.390813 8.309458 6.826015 4.902402 2.576786 0.000000 
50.000000 43.320179 36.906143 30.991981 25.754688 21.299601 17.658344 14.797946 12.637524 11.068012 9.970773 9.232258 8.753446 8.454250 8.273959 8.169130 8.110282 8.078367 8.061636 8.053152 8.048988 8.047010 8.046098 8.045691 8.045514 8.045438 8.045404 8.045381 8.045351 8.045291 8.045156 8.044860 8.044224 8.042897 8.040205 8.034906 8.024784 8.006030 7.972337 7.913673 7.814754 7.653372 7.398973 7.012239 6.446893 5.655403 4.600295 3.271493 1.706131 0.000000 
50.000000 42.910153 36.102417 29.825259 24.266543 19.538068 15.673397 12.637524 10.344595 8.678839 7.514333 6.730555 6.222405 5.904884 5.713552 5.602307 5.539858 5.505991 5.488237 5.479235 5.474817 5.472717 5.471750 5.471318 5.471130 5.471050 5.471015 5.470994 5.470968 5.470919 5.470810 5.470570 5.470059 5.468994 5.466847 5.462642 5.454659 5.439974 5.413808 5.368687 5.293453 5.172298 4.984152 4.702990 4.299798 3.747058 3.026221 2.137499 1.109062 0.000000 
50.000000 42.612258 35.518490 28.977613 23.185386 18.258308 14.231344 11.068012 8.678839 6.943184 5.729828 4.913183 4.383733 4.052906 3.853562 3.737659 3.672597 3.637314 3.618818 3.609439 3.604837 3.602649 3.601642 3.601192 3.600997 3.600914 3.600878 3.600858 3.600837 3.600798 3.600715 3.600533 3.600144 3.599339 3.597721 3.594571 3.588627 3.577766 3.558565 3.525750 3.471592 3.385386 3.253257 3.058666 2.784024 2.413799 1.939106 1.363016 0.704748 0.000000 
50.000000 42.403986 35.110243 28.384994 22.429523 17.363608 13.223197 9.970773 7.514333 5.729828 4.482337 3.642726 3.098395 2.758274 2.553332 2.434177 2.367290 2.331019 2.312004 2.302364 2.297632 2.295384 2.294348 2.293886 2.293685 2.293600 2.293564 2.293545 2.293529 2.293500 2.293439 2.293308 2.293028 2.292450 2.291295 2.289056 2.284856 2.277231 2.263850 2.241168 2.204079 2.145646 2.057100 1.928298 1.748891 1.510302 1.208417 0.846392 0.436539 0.000000 
50.000000 42.263794 34.835446 27.986099 21.920752 16.761395 12.544636 9.232258 6.730555 4.913183 3.642726 2.787668 2.233327 1.886957 1.678251 1.556909 1.488796 1.451860 1.432498 1.422680 1.417863 1.415573 1.414519 1.414048 1.413844 1.413758 1.413721 1.413704 1.413691 1.413670 1.413628 1.413537 1.413345 1.412951 1.412166 1.410651 1.407825 1.402725 1.393834 1.378876 1.354618 1.316747 1.259920 1.178123 1.065427 0.917193 0.731589 0.511046 0.263096 0.000000 
50.000000 42.172894 34.657270 27.727461 21.590876 16.370941 12.104687 8.753446 6.222405 4.383733 3.098395 2.233327 1.672502 1.322083 1.110940 0.988182 0.919275 0.881908 0.862321 0.852390 0.847516 0.845200 0.844133 0.843657 0.843451 0.843363 0.843327 0.843311 0.843300 0.843286 0.843258 0.843198 0.843073 0.842816 0.842306 0.841328 0.839511 0.836251 0.830602 0.821163 0.805967 0.782432 0.747415 0.697460 0.629258 0.540351 0.429959 0.299727 0.154090 0.000000 
50.000000 42.116089 34.545924 27.565834 21.384736 16.126948 11.829771 8.454250 5.904884 4.052906 2.758274 1.886957 1.322083 0.969137 0.756472 0.632831 0.563428 0.525793 0.506065 0.496063 0.491154 0.488822 0.487748 0.487268 0.487060 0.486973 0.486936 0.486921 0.486912 0.486902 0.486884 0.486847 0.486768 0.486608 0.486292 0.485687 0.484568 0.482572 0.479132 0.473418 0.464280 0.450224 0.429466 0.400076 0.360255 0.308728 0.245182 0.170641 0.087632 0.000000 
50.000000 42.081855 34.478823 27.468432 21.260511 15.979915 11.664106 8.273959 5.713552 3.853562 2.553332 1.678251 1.110940 0.756472 0.542892 0.418719 0.349019 0.311222 0.291410 0.281365 0.276435 0.274093 0.273014 0.272532 0.272323 0.272236 0.272199 0.272184 0.272177 0.272170 0.272159 0.272136 0.272089 0.271993 0.271805 0.271446 0.270786 0.269612 0.267600 0.264276 0.258990 0.250910 0.239053 0.222373 0.199918 0.171040 0.135623 0.094269 0.048370 0.000000 
50.000000 42.061948 34.439803 27.411794 21.188276 15.894420 11.567780 8.169130 5.602307 3.737659 2.434177 1.556909 0.988182 0.632831 0.418719 0.294238 0.224364 0.186474 0.166612 0.156542 0.151601 0.149252 0.148171 0.147688 0.147479 0.147391 0.147355 0.147340 0.147333 0.147329 0.147322 0.147309 0.147282 0.147227 0.147119 0.146914 0.146539 0.145876 0.144744 0.142882 0.139937 0.135460 0.128925 0.119783 0.107544 0.091883 0.072764 0.050524 0.025907 0.000000 
50.000000 42.050772 34.417897 27.379997 21.147723 15.846424 11.513703 8.110282 5.539858 3.672597 2.367290 1.488796 0.919275 0.563428 0.349019 0.224364 0.154394 0.116451 0.096562 0.086478 0.081530 0.079178 0.078095 0.077612 0.077402 0.077314 0.077278 0.077263 0.077257 0.077254 0.077250 0.077242 0.077227 0.077197 0.077137 0.077025 0.076820 0.076459 0.075845 0.074841 0.073258 0.070863 0.067385 0.062542 0.056088 0.047866 0.037866 0.026270 0.013463 0.000000 
50.000000 42.044710 34.406015 27.362751 21.125729 15.820393 11.484376 8.078367 5.505991 3.637314 2.331019 1.451860 0.881908 0.525793 0.311222 0.186474 0.116451 0.078480 0.058576 0.048485 0.043533 0.041179 0.040096 0.039612 0.039402 0.039314 0.039278 0.039264 0.039258 0.039255 0.039252 0.039248 0.039240 0.039224 0.039192 0.039133 0.039025 0.038836 0.038515 0.037991 0.037170 0.035933 0.034143 0.031661 0.028366 0.024185 0.019115 0.013252 0.006788 0.000000 
50.000000 42.041532 34.399786 27.353709 21.114198 15.806746 11.469001 8.061636 5.488237 3.618818 2.312005 1.432498 0.862321 0.506066 0.291410 0.166613 0.096562 0.058576 0.038665 0.028569 0.023615 0.021261 0.020177 0.019693 0.019483 0.019395 0.019359 0.019345 0.019339 0.019337 0.019335 0.019333 0.019328 0.019320 0.019304 0.019274 0.019219 0.019123 0.018961 0.018697 0.018285 0.017667 0.016776 0.015545 0.013916 0.011855 0.009363 0.006487 0.003322 0.000000 
50.000000 42.039920 34.396627 27.349124 21.108351 15.799826 11.461205 8.053152 5.479235 3.609440 2.302364 1.422681 0.852390 0.496063 0.281365 0.156543 0.086478 0.048485 0.028570 0.018472 0.013517 0.011163 0.010078 0.009594 0.009384 0.009296 0.009260 0.009246 0.009240 0.009238 0.009237 0.009235 0.009233 0.009229 0.009221 0.009206 0.009179 0.009132 0.009053 0.008925 0.008725 0.008426 0.007996 0.007405 0.006624 0.005639 0.004451 0.003082 0.001578 0.000000 
50.000000 42.039129 34.395077 27.346874 21.105481 15.796430 11.457379 8.048989 5.474818 3.604838 2.297634 1.417864 0.847517 0.491156 0.276436 0.151602 0.081531 0.043534 0.023616 0.013518 0.008563 0.006208 0.005123 0.004639 0.004429 0.004341 0.004305 0.004291 0.004285 0.004283 0.004282 0.004281 0.004280 0.004278 0.004274 0.004267 0.004255 0.004232 0.004195 0.004134 0.004041 0.003900 0.003700 0.003424 0.003061 0.002604 0.002055 0.001422 0.000728 0.000000 
50.000000 42.038753 34.394340 27.345805 21.104118 15.794817 11.455562 8.047012 5.472720 3.602652 2.295387 1.415576 0.845203 0.488825 0.274096 0.149256 0.079181 0.041183 0.021264 0.011165 0.006210 0.003855 0.002770 0.002286 0.002076 0.001988 0.001952 0.001938 0.001932 0.001930 0.001929 0.001929 0.001928 0.001927 0.001926 0.001922 0.001916 0.001906 0.001889 0.001861 0.001819 0.001755 0.001664 0.001539 0.001375 0.001169 0.000922 0.000638 0.000326 0.000000 
50.000000 42.038581 34.394002 27.345315 21.103493 15.794077 11.454729 8.046106 5.471758 3.601650 2.294357 1.414527 0.844142 0.487756 0.273023 0.148180 0.078104 0.040104 0.020186 0.010087 0.005131 0.002776 0.001691 0.001207 0.000997 0.000909 0.000873 0.000859 0.000853 0.000851 0.000850 0.000850 0.000850 0.000849 0.000848 0.000847 0.000844 0.000840 0.000832 0.000820 0.000801 0.000772 0.000732 0.000677 0.000604 0.000514 0.000405 0.000280 0.000143 0.000000 
50.000000 42.038506 34.393855 27.345101 21.103221 15.793755 11.454366 8.045711 5.471339 3.601214 2.293908 1.414071 0.843680 0.487291 0.272555 0.147711 0.077635 0.039635 0.019716 0.009617 0.004661 0.002306 0.001221 0.000737 0.000527 0.000439 0.000403 0.000389 0.000383 0.000381 0.000380 0.000380 0.000380 0.000380 0.000379 0.000379 0.000378 0.000375 0.000372 0.000366 0.000358 0.000345 0.000327 0.000302 0.000270 0.000229 0.000181 0.000125 0.000064 0.000000 
50.000000 42.038478 34.393801 27.345022 21.103120 15.793635 11.454231 8.045565 5.471184 3.601052 2.293742 1.413902 0.843509 0.487119 0.272382 0.147538 0.077461 0.039461 0.019542 0.009443 0.004487 0.002132 0.001048 0.000563 0.000354 0.000265 0.000229 0.000215 0.000210 0.000208 0.000207 0.000206 0.000206 0.000206 0.000206 0.000206 0.000205 0.000204 0.000202 0.000199 0.000194 0.000187 0.000177 0.000164 0.000146 0.000124 0.000098 0.000068 0.000035 0.000000 
50.000000 42.038478 34.393801 27.345022 21.103120 15.793635 11.454231 8.045565 5.471184 3.601052 2.293742 1.413902 0.843509 0.487119 0.272382 0.147538 0.077461 0.039461 0.019542 0.009443 0.004487 0.002132 0.001048 0.000563 0.000354 0.000265 0.000229 0.000215 0.000210 0.000208 0.000207 0.000206 0.000206 0.000206 0.000206 0.000206 0.000205 0.000204 0.000202 0.000199 0.000194 0.000187 0.000177 0.000164 0.000146 0.000124 0.000098 0.000068 0.000035 0.000000 
50.000000 42.038506 34.393855 27.345101 21.103221 15.793755 11.454366 8.045711 5.471339 3.601214 2.293908 1.414071 0.843680 0.487291 0.272555 0.147711 0.077635 0.039635 0.019716 0.009617 0.004661 0.002306 0.001221 0.000737 0.000527 0.000439 0.000403 0.000389 0.000383 0.000381 0.000380 0.000380 0.000380 0.000380 0.000379 0.000379 0.000378 0.000375 0.000372 0.000366 0.000358 0.000345 0.000327 0.000302 0.000270 0.000229 0.000181 0.000125 0.000064 0.000000 
50.000000 42.038581 34.394002 27.345315 21.103493 15.794077 11.454729 8.046106 5.471758 3.601650 2.294357 1.414527 0.844142 0.487756 0.273023 0.148180 0.078104 0.040104 0.020186 0.010087 0.005131 0.002776 0.001691 0.001207 0.000997 0.000909 0.000873 0.000859 0.000853 0.000851 0.000850 0.000850 0.000850 0.000849 0.000848 0.000847 0.000844 0.000840 0.000832 0.000820 0.000801 0.000772 0.000732 0.000677 0.000604 0.000514 0.000405 0.000280 0.000143 0.000000 
50.000000 42.038753 34.394340 27.345805 21.104118 15.794817 11.455562 8.047012 5.472720 3.602652 2.295387 1.415576 0.845203 0.488825 0.274096 0.149256 0.079181 0.041183 0.021264 0.011165 0.006210 0.003855 0.002770 0.002286 0.002076 0.001988 0.001952 0.001938 0.001932 0.001930 0.001929 0.001929 0.001928 0.001927 0.001926 0.001922 0.001916 0.001906 0.001889 0.001861 0.001819 0.001755 0.001664 0.001539 0.001375 0.001169 0.000922 0.000638 0.000326 0.000000 
50.000000 42.039129 34.395077 27.346874 21.105481 15.796430 11.457379 8.048989 5.474818 3.604838 2.297634 1.417864 0.847517 0.491156 0.276436 0.151602 0.081531 0.043534 0.023616 0.013518 0.008563 0.006208 0.005123 0.004639 0.004429 0.004341 0.004305 0.004291 0.004285 0.004283 0.004282 0.004281 0.004280 0.004278 0.004274 0.004267 0.004255 0.004232 0.004195 0.004134 0.004041 0.003900 0.003700 0.003424 0.003061 0.002604 0.002055 0.001422 0.000728 0.000000 
50.000000 42.039920 34.396627 27.349124 21.108351 15.799826 11.461205 8.053152 5.479235 3.609440 2.302364 1.422681 0.852390 0.496063 0.281365 0.156543 0.086478 0.048485 0.028570 0.018472 0.013517 0.011163 0.010078 0.009594 0.009384 0.009296 0.009260 0.009246 0.009240 0.009238 0.009237 0.009235 0.009233 0.009229 0.009221 0.009206 0.009179 0.009132 0.009053 0.008925 0.008725 0.008426 0.007996 0.007405 0.006624 0.005639 0.004451 0.003082 0.001578 0.000000 
50.000000 42.041532 34.399786 27.353709 21.114198 15.806746 11.469001 8.061636 5.488237 3.618818 2.312005 1.432498 0.862321 0.506066 0.291410 0.166613 0.096562 0.058576 0.038665 0.028569 0.023615 0.021261 0.020177 0.019693 0.019483 0.019395 0.019359 0.019345 0.019339 0.019337 0.019335 0.019333 0.019328 0.019320 0.019304 0.019274 0.019219 0.019123 0.018961 0.018697 0.018285 0.017667 0.016776 0.015545 0.013916 0.011855 0.009363 0.006487 0.003322 0.000000 
50.000000 42.044710 34.406015 27.362751 21.125729 15.820393 11.484376 8.078367 5.505991 3.637314 2.331019 1.451860 0.881908 0.525793 0.311222 0.186474 0.116451 0.078480 0.058576 0.048485 0.043533 0.041179 0.040096 0.039612 0.039402 0.039314 0.039278 0.039264 0.039258 0.039255 0.039252 0.039248 0.039240 0.039224 0.039192 0.039133 0.039025 0.038836 0.038515 0.037991 0.037170 0.035933 0.034143 0.031661 0.028366 0.024185 0.019115 0.013252 0.006788 0.000000 
50.000000 42.050772 34.417897 27.379997 21.147723 15.846424 11.513703 8.110282 5.539858 3.672597 2.367290 1.488796 0.919275 0.563428 0.349019 0.224364 0.154394 0.116451 0.096562 0.086478 0.081530 0.079178 0.078095 0.077612 0.077402 0.077314 0.077278 0.077263 0.077257 0.077254 0.077250 0.077242 0.077227 0.077197 0.077137 0.077025 0.076820 0.076459 0.075845 0.074841 0.073258 0.070863 0.067385 0.062542 0.056088 0.047866 0.037866 0.026270 0.013463 0.000000 
50.000000 42.061948 34.439803 27.411794 21.188276 15.894420 11.567780 8.169130 5.602307 3.737659 2.434177 1.556909 0.988182 0.632831 0.418719 0.294238 0.224364 0.186474 0.166612 0.156542 0.151601 0.149252 0.148171 0.147688 0.147479 0.147391 0.147355 0.147340 0.147333 0.147329 0.147322 0.147309 0.147282 0.147227 0.147119 0.146914 0.146539 0.145876 0.144744 0.142882 0.139937 0.135460 0.128925 0.119783 0.107544 0.091883 0.072764 0.050524 0.025907 0.000000 
50.000000 42.081855 34.478823 27.468432 21.260511 15.979915 11.664106 8.273959 5.713552 3.853562 2.553332 1.678251 1.110940 0.756472 0.542892 0.418719 0.349019 0.311222 0.291410 0.281365 0.276435 0.274093 0.273014 0.272532 0.272323 0.272236 0.272199 0.272184 0.272177 0.272170 0.272159 0.272136 0.272089 0.271993 0.271805 0.271446 0.270786 0.269612 0.267600 0.264276 0.258990 0.250910 0.239053 0.222373 0.199918 0.171040 0.135623 0.094269 0.048370 0.000000 
50.000000 42.116089 34.545924 27.565834 21.384736 16.126948 11.829771 8.454250 5.904884 4.052906 2.758274 1.886957 1.322083 0.969137 0.756472 0.632831 0.563428 0.525793 0.506065 0.496063 0.491154 0.488822 0.487748 0.487268 0.487060 0.486973 0.486936 0.486921 0.486912 0.486902 0.486884 0.486847 0.486768 0.486608 0.486292 0.485687 0.484568 0.482572 0.479132 0.473418 0.464280 0.450224 0.429466 0.400076 0.360255 0.308728 0.245182 0.170641 0.087632 0.000000 
50.000000 42.172894 34.657270 27.727461 21.590876 16.370941 12.104687 8.753446 6.222405 4.383733 3.098395 2.233327 1.672502 1.322083 1.110940 0.988182 0.919275 0.881908 0.862321 0.852390 0.847516 0.845200 0.844133 0.843657 0.843451 0.843363 0.843327 0.843311 0.843300 0.843286 0.843258 0.843198 0.843073 0.842816 0.842306 0.841328 0.839511 0.836251 0.830602 0.821163 0.805967 0.782432 0.747415 0.697460 0.629258 0.540351 0.429959 0.299727 0.154090 0.000000 
50.000000 42.263794 34.835446 27.986099 21.920752 16.761395 12.544636 9.232258 6.730555 4.913183 3.642726 2.787668 2.233327 1.886957 1.678251 1.556909 1.488796 1.451860 1.432498 1.422680 1.417863 1.415573 1.414519 1.414048 1.413844 1.413758 1.413721 1.413704 1.413691 1.413670 1.413628 1.413537 1.413345 1.412951 1.412166 1.410651 1.407825 1.402725 1.393834 1.378876 1.354618 1.316747 1.259920 1.178123 1.065427 0.917193 0.731589 0.511046 0.263096 0.000000 
50.000000 42.403986 35.110243 28.384994 22.429523 17.363608 13.223197 9.970773 7.514333 5.729828 4.482337 3.642726 3.098395 2.758274 2.553332 2.434177 2.367290 2.331019 2.312004 2.302364 2.297632 2.295384 2.294348 2.293886 2.293685 2.293600 2.293564 2.293545 2.293529 2.293500 2.293439 2.293308 2.293028 2.292450 2.291295 2.289056 2.284856 2.277231 2.263850 2.241168 2.204079 2.145646 2.057100 1.928298 1.748891 1.510302 1.208417 0.846392 0.436539 0.000000 
50.000000 42.612258 35.518490 28.977613 23.185386 18.258308 14.231344 11.068012 8.678839 6.943184 5.729828 4.913183 4.383733 4.052906 3.853562 3.737659 3.672597 3.637314 3.618818 3.609439 3.604837 3.602649 3.601642 3.601192 3.600997 3.600914 3.600878 3.600858 3.600837 3.600798 3.600715 3.600533 3.600144 3.599339 3.597721 3.594571 3.588627 3.577766 3.558565 3.525750 3.471592 3.385386 3.253257 3.058666 2.784024 2.413799 1.939106 1.363016 0.704748 0.000000 
50.000000 42.910153 36.102417 29.825259 24.266543 19.538068 15.673397 12.637524 10.344595 8.678839 7.514333 6.730555 6.222405 5.904884 5.713552 5.602307 5.539858 5.505991 5.488237 5.479235 5.474817 5.472717 5.471750 5.471318 5.471130 5.471050 5.471015 5.470994 5.470968 5.470919 5.470810 5.470570 5.470059 5.468994 5.466847 5.462642 5.454659 5.439974 5.413808 5.368687 5.293453 5.172298 4.984152 4.702990 4.299798 3.747058 3.026221 2.137499 1.109062 0.000000 
50.000000 43.320179 36.906143 30.991981 25.754688 21.299601 17.658344 14.797946 12.637524 11.068012 9.970773 9.232258 8.753446 8.454250 8.273959 8.169130 8.110282 8.078367 8.061636 8.053152 8.048988 8.047010 8.046098 8.045691 8.045514 8.045438 8.045404 8.045381 8.045351 8.045291 8.045156 8.044860 8.044224 8.042897 8.040205 8.034906 8.024784 8.006030 7.972337 7.913673 7.814754 7.653372 7.398973 7.012239 6.446893 5.655403 4.600295 3.271493 1.706131 0.000000 
50.000000 43.863023 37.970221 32.536652 27.724925 23.631815 20.286383 17.658344 15.673397 14.231344 13.223197 12.544636 12.104687 11.829771 11.664106 11.567780 11.513703 11.484376 11.469001 11.461205 11.457378 11.455559 11.454722 11.454347 11.454185 11.454115 11.454082 11.454059 11.454026 11.453956 11.453801 11.453457 11.452715 11.451161 11.447996 11.441733 11.429695 11.407227 11.366512 11.294899 11.172678 10.970406 10.646105 10.143191 9.390813 8.309458 6.826015 4.902402 2.576786 0.000000 
50.000000 44.554025 39.324723 34.502930 30.232942 26.600639 23.631815 21.299601 19.538068 18.258308 17.363608 16.761395 16.370941 16.126948 15.979915 15.894420 15.846424 15.820393 15.806746 15.799825 15.796429 15.794814 15.794071 15.793738 15.793594 15.793531 15.793501 15.793479 15.793444 15.793369 15.793202 15.792830 15.792026 15.790336 15.786876 15.779996 15.766693 15.741683 15.695968 15.614717 15.474285 15.238270 14.852708 14.241002 13.300320 11.903382 9.913508 7.225738 3.846767 0.000000 
50.000000 45.399434 40.981898 36.908599 33.301431 30.232942 27.724925 25.754688 24.266543 23.185386 22.429523 21.920752 21.590876 21.384736 21.260511 21.188276 21.147723 21.125729 21.114198 21.108350 21.105480 21.104116 21.103488 21.103207 21.103085 21.103031 21.103005 21.102984 21.102951 21.102877 21.102712 21.102343 21.101544 21.099858 21.096393 21.089470 21.076008 21.050526 21.003558 20.919221 20.771587 20.519485 20.099285 19.415467 18.329559 16.650715 14.138289 10.542950 5.738952 0.000000 
50.000000 46.393244 42.929976 39.736574 36.908599 34.502930 32.536652 30.991981 29.825259 28.977613 28.384994 27.986099 27.727461 27.565834 27.468432 27.411794 27.379997 27.362751 27.353709 27.349124 27.346873 27.345803 27.345310 27.345090 27.344994 27.344952 27.344931 27.344914 27.344884 27.344820 27.344673 27.344346 27.343636 27.342131 27.339030 27.332809 27.320652 27.297501 27.254509 27.176578 27.038507 26.799038 26.391685 25.710638 24.589422 22.770311 19.868287 15.359724 8.714491 0.000000 
50.000000 47.515467 45.129774 42.929976 40.981898 39.324723 37.970221 36.906143 36.102417 35.518490 35.110243 34.835446 34.657270 34.545924 34.478823 34.439803 34.417897 34.406015 34.399786 34.396627 34.395076 34.394339 34.394000 34.393848 34.393782 34.393753 34.393738 34.393725 34.393703 34.393655 34.393545 34.393299 34.392763 34.391627 34.389279 34.384554 34.375283 34.357544 34.324401 34.263851 34.155474 33.964919 33.634649 33.067819 32.098984 30.438948 27.570252 22.564887 13.887702 0.000000 
50.000000 48.732523 47.515467 46.393244 45.399434 44.554025 43.863023 43.320179 42.910153 42.612258 42.403986 42.263794 42.172894 42.116089 42.081855 42.061948 42.050772 42.044710 42.041532 42.039920 42.039129 42.038753 42.038580 42.038502 42.038468 42.038454 42.038446 42.038439 42.038427 42.038401 42.038342 42.038210 42.037922 42.037309 42.036042 42.033485 42.028456 42.018804 42.000698 41.967447 41.907509 41.801092 41.614048 41.286238 40.707258 39.660482 37.678753 33.627765 24.366261 0.000000 
50.000000 50.000000 50.000000 50.000000 50.000000 50.000000 50.000000 50.000000 50.000000 50.000000 50.000000 50.000000 50.000000 50.000000 50.000000 50.000000 50.000000 50.000000 50.000000 50.000000 50.000000 50.000000 50.000000 50.000000 50.000000 50.000000 50.000000 50.000000 50.000000 50.000000 50.000000 50.000000 50.000000 50.000000 50.000000 50.000000 50.000000 50.000000 50.000000 50.000000 50.000000 50.000000 50.000000 50.000000 50.000000 50.000000 50.000000 50.000000 50.000000 50.000000 
