50.000000 50.000000 50.000000 50.000000 50.000000 50.000000 50.000000 50.000000 50.000000 50.000000 50.000000 50.000000 50.000000 50.000000 50.000000 50.000000 50.000000 50.000000 50.000000 50.000000 50.000000 50.000000 50.000000 50.000000 50.000000 50.000000 50.000000 50.000000 50.000000 50.000000 50.000000 50.000000 50.000000 50.000000 50.000000 50.000000 50.000000 50.000000 50.000000 50.000000 50.000000 50.000000 50.000000 50.000000 50.000000 50.000000 50.000000 50.000000 50.000000 50.000000 
50.000000 45.107266 40.962179 37.972229 36.120292 35.125249 34.656557 34.461055 34.388162 34.363663 34.356185 34.354099 34.353563 34.353436 34.353408 34.353402 34.353401 34.353401 34.353401 34.353401 34.353401 34.353401 34.353401 34.353401 34.353401 34.353401 34.353401 34.353401 34.353401 34.353401 34.353401 34.353401 34.353401 34.353401 34.353401 34.353400 34.353399 34.353391 34.353352 34.353178 34.352448 34.349596 34.339188 34.303757 34.190899 33.852343 32.883313 30.177109 22.553633 0.000000 
50.000000 40.962179 33.305737 27.783414 24.363349 22.526014 21.660724 21.299856 21.165332 21.120129 21.106335 21.102486 21.101499 21.101264 21.101213 21.101202 21.101200 21.101200 21.101200 21.101200 21.101200 21.101200 21.101200 21.101200 21.101200 21.101200 21.101200 21.101200 21.101200 21.101200 21.101200 21.101200 21.101200 21.101200 21.101200 21.101199 21.101197 21.101185 21.101128 21.100874 21.099822 21.095754 21.081147 21.032549 20.883013 20.457926 19.342754 16.652868 10.785070 0.000000 
50.000000 37.972229 27.783414 20.435377 15.885313 13.441378 12.290659 11.810868 11.632059 11.571992 11.553667 11.548556 11.547245 11.546934 11.546865 11.546851 11.546848 11.546848 11.546848 11.546848 11.546848 11.546848 11.546848 11.546848 11.546848 11.546848 11.546848 11.546848 11.546848 11.546848 11.546848 11.546848 11.546848 11.546848 11.546848 11.546847 11.546845 11.546834 11.546782 11.546553 11.545609 11.542009 11.529307 11.488049 11.365274 11.032501 10.217689 8.440659 5.088917 0.000000 
50.000000 36.120292 24.363349 15.885313 10.636322 7.817502 6.490554 5.937416 5.731325 5.662111 5.641001 5.635115 5.633605 5.633248 5.633169 5.633153 5.633149 5.633149 5.633149 5.633149 5.633149 5.633149 5.633149 5.633149 5.633149 5.633149 5.633149 5.633149 5.633149 5.633149 5.633149 5.633149 5.633149 5.633149 5.633149 5.633148 5.633147 5.633139 5.633104 5.632947 5.632309 5.629905 5.621558 5.595025 5.518295 5.318161 4.852812 3.905423 2.267949 0.000000 
50.000000 35.125249 22.526014 13.441378 7.817502 4.797811 3.376547 2.784205 2.563551 2.489463 2.466872 2.460574 2.458959 2.458576 2.458492 2.458475 2.458471 2.458471 2.458471 2.458471 2.458471 2.458471 2.458471 2.458471 2.458471 2.458471 2.458471 2.458471 2.458471 2.458471 2.458471 2.458471 2.458471 2.458471 2.458471 2.458470 2.458470 2.458465 2.458445 2.458359 2.458009 2.456704 2.452237 2.438295 2.398905 2.299207 2.076104 1.643002 0.934350 0.000000 
50.000000 34.656557 21.660724 12.290659 6.490554 3.376547 1.911059 1.300362 1.072901 0.996538 0.973256 0.966767 0.965103 0.964709 0.964622 0.964604 0.964601 0.964600 0.964600 0.964600 0.964600 0.964600 0.964600 0.964600 0.964600 0.964600 0.964600 0.964600 0.964600 0.964600 0.964600 0.964600 0.964600 0.964600 0.964600 0.964600 0.964600 0.964598 0.964588 0.964548 0.964386 0.963786 0.961760 0.955529 0.938253 0.895530 0.802610 0.628175 0.352801 0.000000 
50.000000 34.461055 21.299856 11.810868 5.937416 2.784205 1.300362 0.682059 0.451782 0.374480 0.350914 0.344346 0.342662 0.342263 0.342176 0.342158 0.342154 0.342154 0.342153 0.342153 0.342153 0.342153 0.342153 0.342153 0.342153 0.342153 0.342153 0.342153 0.342153 0.342153 0.342153 0.342153 0.342153 0.342153 0.342153 0.342153 0.342153 0.342152 0.342149 0.342132 0.342067 0.341828 0.341029 0.338601 0.331968 0.315858 0.281561 0.218709 0.121867 0.000000 
50.000000 34.388162 21.165332 11.632059 5.731325 2.563551 1.072901 0.451782 0.220466 0.142818 0.119147 0.112550 0.110859 0.110458 0.110370 0.110352 0.110348 0.110348 0.110348 0.110348 0.110348 0.110348 0.110348 0.110348 0.110348 0.110348 0.110348 0.110348 0.110348 0.110348 0.110348 0.110348 0.110348 0.110348 0.110347 0.110347 0.110347 0.110347 0.110346 0.110340 0.110317 0.110233 0.109954 0.109114 0.106848 0.101420 0.090050 0.069578 0.038566 0.000000 
50.000000 34.363663 21.120129 11.571992 5.662111 2.489463 0.996538 0.374480 0.142818 0.065054 0.041349 0.034742 0.033049 0.032648 0.032559 0.032541 0.032538 0.032537 0.032537 0.032537 0.032537 0.032537 0.032537 0.032537 0.032537 0.032537 0.032537 0.032537 0.032537 0.032537 0.032537 0.032537 0.032537 0.032537 0.032537 0.032537 0.032537 0.032537 0.032536 0.032534 0.032527 0.032501 0.032413 0.032152 0.031455 0.029802 0.026383 0.020307 0.011215 0.000000 
50.000000 34.356185 21.106335 11.553667 5.641001 2.466872 0.973256 0.350914 0.119147 0.041349 0.017633 0.011023 0.009329 0.008928 0.008840 0.008821 0.008818 0.008817 0.008817 0.008817 0.008817 0.008817 0.008817 0.008817 0.008817 0.008817 0.008817 0.008817 0.008817 0.008817 0.008817 0.008817 0.008817 0.008817 0.008817 0.008817 0.008817 0.008817 0.008817 0.008816 0.008814 0.008807 0.008782 0.008708 0.008513 0.008054 0.007114 0.005461 0.003008 0.000000 
50.000000 34.354099 21.102486 11.548556 5.635115 2.460574 0.966767 0.344346 0.112550 0.034742 0.011023 0.004413 0.002719 0.002317 0.002229 0.002211 0.002207 0.002207 0.002207 0.002207 0.002207 0.002207 0.002207 0.002207 0.002207 0.002207 0.002207 0.002207 0.002207 0.002207 0.002207 0.002207 0.002207 0.002207 0.002207 0.002207 0.002207 0.002207 0.002207 0.002206 0.002206 0.002204 0.002197 0.002178 0.002128 0.002011 0.001774 0.001358 0.000747 0.000000 
50.000000 34.353563 21.101499 11.547245 5.633605 2.458959 0.965103 0.342662 0.110859 0.033049 0.009329 0.002719 0.001024 0.000623 0.000535 0.000516 0.000513 0.000512 0.000512 0.000512 0.000512 0.000512 0.000512 0.000512 0.000512 0.000512 0.000512 0.000512 0.000512 0.000512 0.000512 0.000512 0.000512 0.000512 0.000512 0.000512 0.000512 0.000512 0.000512 0.000512 0.000512 0.000512 0.000510 0.000506 0.000494 0.000466 0.000411 0.000314 0.000172 0.000000 
50.000000 34.353436 21.101264 11.546934 5.633248 2.458576 0.964709 0.342263 0.110458 0.032648 0.008928 0.002317 0.000623 0.000222 0.000133 0.000115 0.000112 0.000111 0.000111 0.000111 0.000111 0.000111 0.000111 0.000111 0.000111 0.000111 0.000111 0.000111 0.000111 0.000111 0.000111 0.000111 0.000111 0.000111 0.000111 0.000111 0.000111 0.000111 0.000111 0.000111 0.000111 0.000111 0.000110 0.000109 0.000107 0.000101 0.000089 0.000068 0.000037 0.000000 
50.000000 34.353408 21.101213 11.546865 5.633169 2.458492 0.964622 0.342176 0.110370 0.032559 0.008840 0.002229 0.000535 0.000133 0.000045 0.000027 0.000023 0.000023 0.000022 0.000022 0.000022 0.000022 0.000022 0.000022 0.000022 0.000022 0.000022 0.000022 0.000022 0.000022 0.000022 0.000022 0.000022 0.000022 0.000022 0.000022 0.000022 0.000022 0.000022 0.000022 0.000022 0.000022 0.000022 0.000022 0.000022 0.000020 0.000018 0.000014 0.000007 0.000000 
50.000000 34.353402 21.101202 11.546851 5.633153 2.458475 0.964604 0.342158 0.110352 0.032541 0.008821 0.002211 0.000516 0.000115 0.000027 0.000008 0.000005 0.000004 0.000004 0.000004 0.000004 0.000004 0.000004 0.000004 0.000004 0.000004 0.000004 0.000004 0.000004 0.000004 0.000004 0.000004 0.000004 0.000004 0.000004 0.000004 0.000004 0.000004 0.000004 0.000004 0.000004 0.000004 0.000004 0.000004 0.000004 0.000004 0.000003 0.000003 0.000001 0.000000 
50.000000 34.353401 21.101200 11.546848 5.633149 2.458471 0.964601 0.342154 0.110348 0.032538 0.008818 0.002207 0.000513 0.000112 0.000023 0.000005 0.000002 0.000001 0.000001 0.000001 0.000001 0.000001 0.000001 0.000001 0.000001 0.000001 0.000001 0.000001 0.000001 0.000001 0.000001 0.000001 0.000001 0.000001 0.000001 0.000001 0.000001 0.000001 0.000001 0.000001 0.000001 0.000001 0.000001 0.000001 0.000001 0.000001 0.000001 0.000000 0.000000 0.000000 
50.000000 34.353401 21.101200 11.546848 5.633149 2.458471 0.964600 0.342154 0.110348 0.032537 0.008817 0.002207 0.000512 0.000111 0.000023 0.000004 0.000001 0.000000 0.000000 0.000000 0.000000 0.000000 0.000000 0.000000 0.000000 0.000000 0.000000 0.000000 0.000000 0.000000 0.000000 0.000000 0.000000 0.000000 0.000000 0.000000 0.000000 0.000000 0.000000 0.000000 0.000000 0.000000 0.000000 0.000000 0.000000 0.000000 0.000000 0.000000 0.000000 0.000000 
50.000000 34.353401 21.101200 11.546848 5.633149 2.458471 0.964600 0.342153 0.110348 0.032537 0.008817 0.002207 0.000512 0.000111 0.000022 0.000004 0.000001 0.000000 0.000000 0.000000 0.000000 0.000000 0.000000 0.000000 0.000000 0.000000 0.000000 0.000000 0.000000 0.000000 0.000000 0.000000 0.000000 0.000000 0.000000 0.000000 0.000000 0.000000 0.000000 0.000000 0.000000 0.000000 0.000000 0.000000 0.000000 0.000000 0.000000 0.000000 0.000000 0.000000 
50.000000 34.353401 21.101200 11.546848 5.633149 2.458471 0.964600 0.342153 0.110348 0.032537 0.008817 0.002207 0.000512 0.000111 0.000022 0.000004 0.000001 0.000000 0.000000 0.000000 0.000000 0.000000 0.000000 0.000000 0.000000 0.000000 0.000000 0.000000 0.000000 0.000000 0.000000 0.000000 0.000000 0.000000 0.000000 0.000000 0.000000 0.000000 0.000000 0.000000 0.000000 0.000000 0.000000 0.000000 0.000000 0.000000 0.000000 0.000000 0.000000 0.000000 
50.000000 34.353401 21.101200 11.546848 5.633149 2.458471 0.964600 0.342153 0.110348 0.032537 0.008817 0.002207 0.000512 0.000111 0.000022 0.000004 0.000001 0.000000 0.000000 0.000000 0.000000 0.000000 0.000000 0.000000 0.000000 0.000000 0.000000 0.000000 0.000000 0.000000 0.000000 0.000000 0.000000 0.000000 0.000000 0.000000 0.000000 0.000000 0.000000 0.000000 0.000000 0.000000 0.000000 0.000000 0.000000 0.000000 0.000000 0.000000 0.000000 0.000000 
50.000000 34.353401 21.101200 11.546848 5.633149 2.458471 0.964600 0.342153 0.110348 0.032537 0.008817 0.002207 0.000512 0.000111 0.000022 0.000004 0.000001 0.000000 0.000000 0.000000 0.000000 0.000000 0.000000 0.000000 0.000000 0.000000 0.000000 0.000000 0.000000 0.000000 0.000000 0.000000 0.000000 0.000000 0.000000 0.000000 0.000000 0.000000 0.000000 0.000000 0.000000 0.000000 0.000000 0.000000 0.000000 0.000000 0.000000 0.000000 0.000000 0.000000 
50.000000 34.353401 21.101200 11.546848 5.633149 2.458471 0.964600 0.342153 0.110348 0.032537 0.008817 0.002207 0.000512 0.000111 0.000022 0.000004 0.000001 0.000000 0.000000 0.000000 0.000000 0.000000 0.000000 0.000000 0.000000 0.000000 0.000000 0.000000 0.000000 0.000000 0.000000 0.000000 0.000000 0.000000 0.000000 0.000000 0.000000 0.000000 0.000000 0.000000 0.000000 0.000000 0.000000 0.000000 0.000000 0.000000 0.000000 0.000000 0.000000 0.000000 
50.000000 34.353401 21.101200 11.546848 5.633149 2.458471 0.964600 0.342153 0.110348 0.032537 0.008817 0.002207 0.000512 0.000111 0.000022 0.000004 0.000001 0.000000 0.000000 0.000000 0.000000 0.000000 0.000000 0.000000 0.000000 0.000000 0.000000 0.000000 0.000000 0.000000 0.000000 0.000000 0.000000 0.000000 0.000000 0.000000 0.000000 0.000000 0.000000 0.000000 0.000000 0.000000 0.000000 0.000000 0.000000 0.000000 0.000000 0.000000 0.000000 0.000000 
50.000000 34.353401 21.101200 11.546848 5.633149 2.458471 0.964600 0.342153 0.110348 0.032537 0.008817 0.002207 0.000512 0.000111 0.000022 0.000004 0.000001 0.000000 0.000000 0.000000 0.000000 0.000000 0.000000 0.000000 0.000000 0.000000 0.000000 0.000000 0.000000 0.000000 0.000000 0.000000 0.000000 0.000000 0.000000 0.000000 0.000000 0.000000 0.000000 0.000000 0.000000 0.000000 0.000000 0.000000 0.000000 0.000000 0.000000 0.000000 0.000000 0.000000 
50.000000 34.353401 21.101200 11.546848 5.633149 2.458471 0.964600 0.342153 0.110348 0.032537 0.008817 0.002207 0.000512 0.000111 0.000022 0.000004 0.000001 0.000000 0.000000 0.000000 0.000000 0.000000 0.000000 0.000000 0.000000 0.000000 0.000000 0.000000 0.000000 0.000000 0.000000 0.000000 0.000000 0.000000 0.000000 0.000000 0.000000 0.000000 0.000000 0.000000 0.000000 0.000000 0.000000 0.000000 0.000000 0.000000 0.000000 0.000000 0.000000 0.000000 
50.000000 34.353401 21.101200 11.546848 5.633149 2.458471 0.964600 0.342153 0.110348 0.032537 0.008817 0.002207 0.000512 0.000111 0.000022 0.000004 0.000001 0.000000 0.000000 0.000000 0.000000 0.000000 0.000000 0.000000 0.000000 0.000000 0.000000 0.000000 0.000000 0.000000 0.000000 0.000000 0.000000 0.000000 0.000000 0.000000 0.000000 0.000000 0.000000 0.000000 0.000000 0.000000 0.000000 0.000000 0.000000 0.000000 0.000000 0.000000 0.000000 0.000000 
50.000000 34.353401 21.101200 11.546848 5.633149 2.458471 0.964600 0.342153 0.110348 0.032537 0.008817 0.002207 0.000512 0.000111 0.000022 0.000004 0.000001 0.000000 0.000000 0.000000 0.000000 0.000000 0.000000 0.000000 0.000000 0.000000 0.000000 0.000000 0.000000 0.000000 0.000000 0.000000 0.000000 0.000000 0.000000 0.000000 0.000000 0.000000 0.000000 0.000000 0.000000 0.000000 0.000000 0.000000 0.000000 0.000000 0.000000 0.000000 0.000000 0.000000 
50.000000 34.353401 21.101200 11.546848 5.633149 2.458471 0.964600 0.342153 0.110348 0.032537 0.008817 0.002207 0.000512 0.000111 0.000022 0.000004 0.000001 0.000000 0.000000 0.000000 0.000000 0.000000 0.000000 0.000000 0.000000 0.000000 0.000000 0.000000 0.000000 0.000000 0.000000 0.000000 0.000000 0.000000 0.000000 0.000000 0.000000 0.000000 0.000000 0.000000 0.000000 0.000000 0.000000 0.000000 0.000000 0.000000 0.000000 0.000000 0.000000 0.000000 
50.000000 34.353401 21.101200 11.546848 5.633149 2.458471 0.964600 0.342153 0.110348 0.032537 0.008817 0.002207 0.000512 0.000111 0.000022 0.000004 0.000001 0.000000 0.000000 0.000000 0.000000 0.000000 0.000000 0.000000 0.000000 0.000000 0.000000 0.000000 0.000000 0.000000 0.000000 0.000000 0.000000 0.000000 0.000000 0.000000 0.000000 0.000000 0.000000 0.000000 0.000000 0.000000 0.000000 0.000000 0.000000 0.000000 0.000000 0.000000 0.000000 0.000000 
50.000000 34.353401 21.101200 11.546848 5.633149 2.458471 0.964600 0.342153 0.110348 0.032537 0.008817 0.002207 0.000512 0.000111 0.000022 0.000004 0.000001 0.000000 0.000000 0.000000 0.000000 0.000000 0.000000 0.000000 0.000000 0.000000 0.000000 0.000000 0.000000 0.000000 0.000000 0.000000 0.000000 0.000000 0.000000 0.000000 0.000000 0.000000 0.000000 0.000000 0.000000 0.000000 0.000000 0.000000 0.000000 0.000000 0.000000 0.000000 0.000000 0.000000 
50.000000 34.353401 21.101200 11.546848 5.633149 2.458471 0.964600 0.342153 0.110348 0.032537 0.008817 0.002207 0.000512 0.000111 0.000022 0.000004 0.000001 0.000000 0.000000 0.000000 0.000000 0.000000 0.000000 0.000000 0.000000 0.000000 0.000000 0.000000 0.000000 0.000000 0.000000 0.000000 0.000000 0.000000 0.000000 0.000000 0.000000 0.000000 0.000000 0.000000 0.000000 0.000000 0.000000 0.000000 0.000000 0.000000 0.000000 0.000000 0.000000 0.000000 
50.000000 34.353401 21.101200 11.546848 5.633149 2.458471 0.964600 0.342154 0.110348 0.032537 0.008817 0.002207 0.000512 0.000111 0.000023 0.000004 0.000001 0.000000 0.000000 0.000000 0.000000 0.000000 0.000000 0.000000 0.000000 0.000000 0.000000 0.000000 0.000000 0.000000 0.000000 0.000000 0.000000 0.000000 0.000000 0.000000 0.000000 0.000000 0.000000 0.000000 0.000000 0.000000 0.000000 0.000000 0.000000 0.000000 0.000000 0.000000 0.000000 0.000000 
50.000000 34.353401 21.101200 11.546848 5.633149 2.458471 0.964601 0.342154 0.110348 0.032538 0.008818 0.002207 0.000513 0.000112 0.000023 0.000005 0.000002 0.000001 0.000001 0.000001 0.000001 0.000001 0.000001 0.000001 0.000001 0.000001 0.000001 0.000001 0.000001 0.000001 0.000001 0.000001 0.000001 0.000001 0.000001 0.000001 0.000001 0.000001 0.000001 0.000001 0.000001 0.000001 0.000001 0.000001 0.000001 0.000001 0.000001 0.000000 0.000000 0.000000 
50.000000 34.353402 21.101202 11.546851 5.633153 2.458475 0.964604 0.342158 0.110352 0.032541 0.008821 0.002211 0.000516 0.000115 0.000027 0.000008 0.000005 0.000004 0.000004 0.000004 0.000004 0.000004 0.000004 0.000004 0.000004 0.000004 0.000004 0.000004 0.000004 0.000004 0.000004 0.000004 0.000004 0.000004 0.000004 0.000004 0.000004 0.000004 0.000004 0.000004 0.000004 0.000004 0.000004 0.000004 0.000004 0.000004 0.000003 0.000003 0.000001 0.000000 
50.000000 34.353408 21.101213 11.546865 5.633169 2.458492 0.964622 0.342176 0.110370 0.032559 0.008840 0.002229 0.000535 0.000133 0.000045 0.000027 0.000023 0.000023 0.000022 0.000022 0.000022 0.000022 0.000022 0.000022 0.000022 0.000022 0.000022 0.000022 0.000022 0.000022 0.000022 0.000022 0.000022 0.000022 0.000022 0.000022 0.000022 0.000022 0.000022 0.000022 0.000022 0.000022 0.000022 0.000022 0.000022 0.000020 0.000018 0.000014 0.000007 0.000000 
50.000000 34.353436 21.101264 11.546934 5.633248 2.458576 0.964709 0.342263 0.110458 0.032648 0.008928 0.002317 0.000623 0.000222 0.000133 0.000115 0.000112 0.000111 0.000111 0.000111 0.000111 0.000111 0.000111 0.000111 0.000111 0.000111 0.000111 0.000111 0.000111 0.000111 0.000111 0.000111 0.000111 0.000111 0.000111 0.000111 0.000111 0.000111 0.000111 0.000111 0.000111 0.000111 0.000110 0.000109 0.000107 0.000101 0.000089 0.000068 0.000037 0.000000 
50.000000 34.353563 21.101499 11.547245 5.633605 2.458959 0.965103 0.342662 0.110859 0.033049 0.009329 0.002719 0.001024 0.000623 0.000535 0.000516 0.000513 0.000512 0.000512 0.000512 0.000512 0.000512 0.000512 0.000512 0.000512 0.000512 0.000512 0.000512 0.000512 0.000512 0.000512 0.000512 0.000512 0.000512 0.000512 0.000512 0.000512 0.000512 0.000512 0.000512 0.000512 0.000512 0.000510 0.000506 0.000494 0.000466 0.000411 0.000314 0.000172 0.000000 
50.000000 34.354099 21.102486 11.548556 5.635115 2.460574 0.966767 0.344346 0.112550 0.034742 0.011023 0.004413 0.002719 0.002317 0.002229 0.002211 0.002207 0.002207 0.002207 0.002207 0.002207 0.002207 0.002207 0.002207 0.002207 0.002207 0.002207 0.002207 0.002207 0.002207 0.002207 0.002207 0.002207 0.002207 0.002207 0.002207 0.002207 0.002207 0.002207 0.002206 0.002206 0.002204 0.002197 0.002178 0.002128 0.002011 0.001774 0.001358 0.000747 0.000000 
50.000000 34.356185 21.106335 11.553667 5.641001 2.466872 0.973256 0.350914 0.119147 0.041349 0.017633 0.011023 0.009329 0.008928 0.008840 0.008821 0.008818 0.008817 0.008817 0.008817 0.008817 0.008817 0.008817 0.008817 0.008817 0.008817 0.008817 0.008817 0.008817 0.008817 0.008817 0.008817 0.008817 0.008817 0.008817 0.008817 0.008817 0.008817 0.008817 0.008816 0.008814 0.008807 0.008782 0.008708 0.008513 0.008054 0.007114 0.005461 0.003008 0.000000 
50.000000 34.363663 21.120129 11.571992 5.662111 2.489463 0.996538 0.374480 0.142818 0.065054 0.041349 0.034742 0.033049 0.032648 0.032559 0.032541 0.032538 0.032537 0.032537 0.032537 0.032537 0.032537 0.032537 0.032537 0.032537 0.032537 0.032537 0.032537 0.032537 0.032537 0.032537 0.032537 0.032537 0.032537 0.032537 0.032537 0.032537 0.032537 0.032536 0.032534 0.032527 0.032501 0.032413 0.032152 0.031455 0.029802 0.026383 0.020307 0.011215 0.000000 
50.000000 34.388162 21.165332 11.632059 5.731325 2.563551 1.072901 0.451782 0.220466 0.142818 0.119147 0.112550 0.110859 0.110458 0.110370 0.110352 0.110348 0.110348 0.110348 0.110348 0.110348 0.110348 0.110348 0.110348 0.110348 0.110348 0.110348 0.110348 0.110348 0.110348 0.110348 0.110348 0.110348 0.110348 0.110347 0.110347 0.110347 0.110347 0.110346 0.110340 0.110317 0.110233 0.109954 0.109114 0.106848 0.101420 0.090050 0.069578 0.038566 0.000000 
50.000000 34.461055 21.299856 11.810868 5.937416 2.784205 1.300362 0.682059 0.451782 0.374480 0.350914 0.344346 0.342662 0.342263 0.342176 0.342158 0.342154 0.342154 0.342153 0.342153 0.342153 0.342153 0.342153 0.342153 0.342153 0.342153 0.342153 0.342153 0.342153 0.342153 0.342153 0.342153 0.342153 0.342153 0.342153 0.342153 0.342153 0.342152 0.342149 0.342132 0.342067 0.341828 0.341029 0.338601 0.331968 0.315858 0.281561 0.218709 0.121867 0.000000 
50.000000 34.656557 21.660724 12.290659 6.490554 3.376547 1.911059 1.300362 1.072901 0.996538 0.973256 0.966767 0.965103 0.964709 0.964622 0.964604 0.964601 0.964600 0.964600 0.964600 0.964600 0.964600 0.964600 0.964600 0.964600 0.964600 0.964600 0.964600 0.964600 0.964600 0.964600 0.964600 0.964600 0.964600 0.964600 0.964600 0.964600 0.964598 0.964588 0.964548 0.964386 0.963786 0.961760 0.955529 0.938253 0.895530 0.802610 0.628175 0.352801 0.000000 
50.000000 35.125249 22.526014 13.441378 7.817502 4.797811 3.376547 2.784205 2.563551 2.489463 2.466872 2.460574 2.458959 2.458576 2.458492 2.458475 2.458471 2.458471 2.458471 2.458471 2.458471 2.458471 2.458471 2.458471 2.458471 2.458471 2.458471 2.458471 2.458471 2.458471 2.458471 2.458471 2.458471 2.458471 2.458471 2.458470 2.458470 2.458465 2.458445 2.458359 2.458009 2.456704 2.452237 2.438295 2.398905 2.299207 2.076104 1.643002 0.934350 0.000000 
50.000000 36.120292 24.363349 15.885313 10.636322 7.817502 6.490554 5.937416 5.731325 5.662111 5.641001 5.635115 5.633605 5.633248 5.633169 5.633153 5.633149 5.633149 5.633149 5.633149 5.633149 5.633149 5.633149 5.633149 5.633149 5.633149 5.633149 5.633149 5.633149 5.633149 5.633149 5.633149 5.633149 5.633149 5.633149 5.633148 5.633147 5.633139 5.633104 5.632947 5.632309 5.629905 5.621558 5.595025 5.518295 5.318161 4.852812 3.905423 2.267949 0.000000 
50.000000 37.972229 27.783414 20.435377 15.885313 13.441378 12.290659 11.810868 11.632059 11.571992 11.553667 11.548556 11.547245 11.546934 11.546865 11.546851 11.546848 11.546848 11.546848 11.546848 11.546848 11.546848 11.546848 11.546848 11.546848 11.546848 11.546848 11.546848 11.546848 11.546848 11.546848 11.546848 11.546848 11.546848 11.546848 11.546847 11.546845 11.546834 11.546782 11.546553 11.545609 11.542009 11.529307 11.488049 11.365274 11.032501 10.217689 8.440659 5.088917 0.000000 
50.000000 40.962179 33.305737 27.783414 24.363349 22.526014 21.660724 21.299856 21.165332 21.120129 21.106335 21.102486 21.101499 21.101264 21.101213 21.101202 21.101200 21.101200 21.101200 21.101200 21.101200 21.101200 21.101200 21.101200 21.101200 21.101200 21.101200 21.101200 21.101200 21.101200 21.101200 21.101200 21.101200 21.101200 21.101200 21.101199 21.101197 21.101185 21.101128 21.100874 21.099822 21.095754 21.081147 21.032549 20.883013 20.457926 19.342754 16.652868 10.785070 0.000000 
50.000000 45.107266 40.962179 37.972229 36.120292 35.125249 34.656557 34.461055 34.388162 34.363663 34.356185 34.354099 34.353563 34.353436 34.353408 34.353402 34.353401 34.353401 34.353401 34.353401 34.353401 34.353401 34.353401 34.353401 34.353401 34.353401 34.353401 34.353401 34.353401 34.353401 34.353401 34.353401 34.353401 34.353401 34.353401 34.353400 34.353399 34.353391 34.353352 34.353178 34.352448 34.349596 34.339188 34.303757 34.190899 33.852343 32.883313 30.177109 22.553633 0.000000 
50.000000 50.000000 50.000000 50.000000 50.000000 50.000000 50.000000 50.000000 50.000000 50.000000 50.000000 50.000000 50.000000 50.000000 50.000000 50.000000 50.000000 50.000000 50.000000 50.000000 50.000000 50.000000 50.000000 50.000000 50.000000 50.000000 50.000000 50.000000 50.000000 50.000000 50.000000 50.000000 50.000000 50.000000 50.000000 50.000000 50.000000 50.000000 50.000000 50.000000 50.000000 50.000000 50.000000 50.000000 50.000000 50.000000 50.000000 50.000000 50.000000 50.000000 
