50.000000 50.000000 50.000000 50.000000 50.000000 50.000000 50.000000 50.000000 50.000000 50.000000 50.000000 50.000000 50.000000 50.000000 50.000000 50.000000 50.000000 50.000000 50.000000 50.000000 50.000000 50.000000 50.000000 50.000000 50.000000 50.000000 50.000000 50.000000 50.000000 50.000000 50.000000 50.000000 50.000000 50.000000 50.000000 50.000000 50.000000 50.000000 50.000000 50.000000 50.000000 50.000000 50.000000 50.000000 50.000000 50.000000 50.000000 50.000000 50.000000 50.000000 
50.000000 48.775426 47.597921 46.509129 45.540892 44.712667 44.031044 43.491172 43.079520 42.777233 42.563366 42.417523 42.321613 42.260761 42.223490 42.201442 42.188838 42.181871 42.178145 42.176216 42.175249 42.174779 42.174558 42.174457 42.174411 42.174391 42.174380 42.174371 42.174355 42.174322 42.174248 42.174085 42.173737 42.173012 42.171540 42.168621 42.162977 42.152311 42.132595 42.096879 42.033304 41.921716 41.727595 41.390460 40.799660 39.738474 37.739852 33.669831 24.387713 0.000000 
50.000000 47.597921 45.288169 43.152438 41.253187 39.628580 38.291544 37.232564 36.425097 35.832153 35.412651 35.126579 34.938453 34.819092 34.745986 34.702740 34.678018 34.664353 34.657046 34.653263 34.651366 34.650445 34.650010 34.649811 34.649723 34.649683 34.649662 34.649645 34.649615 34.649553 34.649414 34.649111 34.648463 34.647116 34.644382 34.638976 34.628545 34.608897 34.572724 34.507535 34.392310 34.192021 33.848427 33.264041 32.272953 30.585785 27.685286 22.644085 13.928090 0.000000 
50.000000 46.509129 43.152438 40.048651 37.288541 34.927570 32.984522 31.445568 30.272131 29.410451 28.800826 28.385107 28.111726 27.938274 27.832040 27.769198 27.733274 27.713417 27.702799 27.697302 27.694546 27.693207 27.692576 27.692287 27.692158 27.692100 27.692071 27.692047 27.692007 27.691923 27.691738 27.691333 27.690471 27.688680 27.685056 27.677912 27.664182 27.638442 27.591340 27.507116 27.359758 27.107087 26.681661 25.976802 24.825401 22.969488 20.024326 15.467152 8.769276 0.000000 
50.000000 45.540892 41.253187 37.288541 33.762905 30.747127 28.265197 26.299444 24.800591 23.699961 22.921292 22.390302 22.041123 21.819582 21.683898 21.603635 21.557753 21.532393 21.518832 21.511812 21.508292 21.506582 21.505776 21.505408 21.505243 21.505170 21.505133 21.505104 21.505059 21.504963 21.504753 21.504294 21.503319 21.501301 21.497231 21.489239 21.473955 21.445474 21.393747 21.302121 21.143731 20.876336 20.435202 19.723801 18.602927 16.881453 14.319052 10.667401 5.802418 0.000000 
50.000000 44.712667 39.628580 34.927570 30.747127 27.171256 24.228401 21.897604 20.120428 18.815436 17.892197 17.262631 16.848634 16.585973 16.425106 16.329950 16.275555 16.245490 16.229413 16.221091 16.216919 16.214891 16.213936 16.213499 16.213304 16.213218 16.213176 16.213144 16.213097 16.212999 16.212785 16.212319 16.211332 16.209295 16.205204 16.197209 16.182005 16.153867 16.103186 16.014330 15.862673 15.610701 15.203293 14.562801 13.585628 12.144199 10.102169 7.355627 3.913007 0.000000 
50.000000 44.031044 38.291544 32.984522 28.265197 24.228401 20.906242 18.275054 16.268857 14.795712 13.753525 13.042856 12.575535 12.279047 12.097466 11.990059 11.928662 11.894728 11.876583 11.867190 11.862481 11.860193 11.859115 11.858622 11.858402 11.858305 11.858259 11.858226 11.858181 11.858089 11.857888 11.857454 11.856536 11.854649 11.850876 11.843540 11.829672 11.804193 11.758697 11.679761 11.546733 11.329095 10.983756 10.453121 9.665600 8.541396 7.007721 5.027503 2.640584 0.000000 
50.000000 43.491172 37.232564 31.445568 26.299444 21.897604 18.275054 15.405978 13.218424 11.612128 10.475758 9.700877 9.191340 8.868074 8.670097 8.552994 8.486056 8.449060 8.429277 8.419038 8.413905 8.411410 8.410235 8.409698 8.409459 8.409353 8.409304 8.409272 8.409231 8.409150 8.408975 8.408598 8.407803 8.406176 8.402937 8.396672 8.384904 8.363441 8.325444 8.260189 8.151542 7.976327 7.702989 7.291298 6.694312 5.864243 4.763907 3.384137 1.763576 0.000000 
50.000000 43.079520 36.425097 30.272131 24.800591 20.120428 16.268857 13.218424 10.892616 9.184823 7.976664 7.152843 6.611133 6.267461 6.056991 5.932500 5.861341 5.822013 5.800984 5.790099 5.784643 5.781992 5.780742 5.780171 5.779917 5.779806 5.779755 5.779725 5.779689 5.779622 5.779479 5.779170 5.778524 5.777206 5.774595 5.769571 5.760192 5.743209 5.713393 5.662683 5.579198 5.446308 5.242097 4.939762 4.509727 3.924255 3.165043 2.233076 1.157804 0.000000 
50.000000 42.777233 35.832153 29.410451 23.699961 18.815436 14.795712 11.612128 9.184823 7.402521 6.141667 5.281925 4.716604 4.357957 4.138321 4.008409 3.934154 3.893115 3.871171 3.859814 3.854120 3.851354 3.850051 3.849455 3.849190 3.849075 3.849023 3.848994 3.848965 3.848912 3.848801 3.848563 3.848066 3.847057 3.845067 3.841260 3.834194 3.821487 3.799354 3.762048 3.701260 3.605625 3.460586 3.248979 2.952763 2.556230 2.050693 1.439843 0.743928 0.000000 
50.000000 42.563366 35.412651 28.800826 22.921292 17.892197 13.753525 10.475758 7.976664 6.141667 4.843548 3.958407 3.376391 3.007159 2.781042 2.647300 2.570856 2.528608 2.506019 2.494328 2.488467 2.485619 2.484278 2.483665 2.483392 2.483274 2.483222 2.483195 2.483171 2.483131 2.483049 2.482875 2.482512 2.481779 2.480340 2.477599 2.472543 2.463508 2.447887 2.421774 2.379619 2.313981 2.215569 2.073764 1.877868 1.619171 1.293711 0.905117 0.466487 0.000000 
50.000000 42.417523 35.126579 28.385107 22.390302 17.262631 13.042856 9.700877 7.152843 5.281925 3.958407 3.055956 2.462563 2.086118 1.855587 1.719236 1.641301 1.598230 1.575202 1.563283 1.557308 1.554405 1.553037 1.552412 1.552135 1.552014 1.551962 1.551937 1.551918 1.551889 1.551831 1.551709 1.551457 1.550950 1.549957 1.548077 1.544627 1.538500 1.527978 1.510521 1.482572 1.439450 1.375434 1.284159 1.159445 0.996555 0.793766 0.553855 0.284928 0.000000 
50.000000 42.321613 34.938453 28.111726 22.041123 16.848634 12.575535 9.191340 6.611133 4.716604 3.376391 2.462563 1.861695 1.480511 1.247080 1.109015 1.030102 0.986490 0.963173 0.951104 0.945055 0.942116 0.940731 0.940098 0.939817 0.939696 0.939644 0.939620 0.939604 0.939584 0.939545 0.939463 0.939296 0.938960 0.938307 0.937074 0.934823 0.930848 0.924063 0.912883 0.895117 0.867924 0.827900 0.771342 0.694767 0.595649 0.473284 0.329556 0.169303 0.000000 
50.000000 42.260761 34.819092 27.938274 21.819582 16.585973 12.279047 8.868074 6.267461 4.357957 3.007159 2.086118 1.480511 1.096323 0.861054 0.721902 0.642369 0.598415 0.574915 0.562752 0.556655 0.553693 0.552298 0.551660 0.551377 0.551255 0.551203 0.551180 0.551167 0.551153 0.551127 0.551075 0.550969 0.550756 0.550344 0.549569 0.548161 0.545688 0.541491 0.534616 0.523763 0.507269 0.483170 0.449375 0.403968 0.345628 0.274092 0.190547 0.097784 0.000000 
50.000000 42.223490 34.745986 27.832040 21.683898 16.425106 12.097466 8.670097 6.056991 4.138321 2.781042 1.855587 1.247080 0.861054 0.624660 0.484845 0.404932 0.360769 0.337157 0.324936 0.318810 0.315834 0.314433 0.313792 0.313507 0.313385 0.313333 0.313311 0.313299 0.313289 0.313273 0.313241 0.313177 0.313047 0.312797 0.312330 0.311485 0.310006 0.307510 0.303443 0.297061 0.287421 0.273425 0.253927 0.227897 0.194659 0.154128 0.107010 0.054868 0.000000 
50.000000 42.201442 34.702740 27.769198 21.603635 16.329950 11.990059 8.552994 5.932500 4.008409 2.647300 1.719236 1.109015 0.721902 0.484845 0.344637 0.264501 0.220214 0.196536 0.184281 0.178138 0.175154 0.173748 0.173105 0.172820 0.172697 0.172646 0.172624 0.172614 0.172607 0.172597 0.172578 0.172540 0.172464 0.172319 0.172047 0.171559 0.170708 0.169278 0.166961 0.163342 0.157906 0.150057 0.139183 0.124746 0.106404 0.084141 0.058358 0.029902 0.000000 
50.000000 42.188838 34.678018 27.733274 21.557753 16.275555 11.928662 8.486056 5.861341 3.934154 2.570856 1.641301 1.030102 0.642369 0.404932 0.264501 0.184236 0.139879 0.116163 0.103889 0.097736 0.094747 0.093339 0.092696 0.092410 0.092287 0.092236 0.092214 0.092205 0.092199 0.092193 0.092182 0.092161 0.092118 0.092037 0.091885 0.091613 0.091141 0.090352 0.089077 0.087097 0.084135 0.079880 0.074013 0.066260 0.056453 0.044594 0.030902 0.015825 0.000000 
50.000000 42.181871 34.664353 27.713417 21.532393 16.245490 11.894728 8.449060 5.822013 3.893115 2.528608 1.598230 0.986490 0.598415 0.360769 0.220214 0.139879 0.095483 0.071746 0.059462 0.053304 0.050312 0.048903 0.048259 0.047973 0.047850 0.047798 0.047777 0.047768 0.047763 0.047760 0.047753 0.047742 0.047719 0.047674 0.047593 0.047447 0.047194 0.046773 0.046096 0.045049 0.043489 0.041257 0.038192 0.034158 0.029074 0.022946 0.015890 0.008133 0.000000 
50.000000 42.178145 34.657046 27.702799 21.518832 16.229413 11.876583 8.429278 5.800984 3.871172 2.506020 1.575202 0.963173 0.574915 0.337157 0.196536 0.116163 0.071747 0.047999 0.035708 0.029547 0.026555 0.025145 0.024500 0.024214 0.024091 0.024040 0.024018 0.024010 0.024006 0.024003 0.024000 0.023994 0.023981 0.023958 0.023916 0.023840 0.023710 0.023493 0.023145 0.022609 0.021814 0.020680 0.019129 0.017094 0.014538 0.011465 0.007935 0.004060 0.000000 
50.000000 42.176216 34.653263 27.697302 21.511812 16.221091 11.867191 8.419039 5.790100 3.859815 2.494328 1.563283 0.951105 0.562753 0.324937 0.184282 0.103890 0.059462 0.035709 0.023415 0.017253 0.014259 0.012849 0.012205 0.011919 0.011795 0.011744 0.011723 0.011714 0.011711 0.011709 0.011707 0.011704 0.011697 0.011686 0.011664 0.011626 0.011561 0.011453 0.011280 0.011015 0.010622 0.010064 0.009303 0.008307 0.007060 0.005564 0.003849 0.001969 0.000000 
50.000000 42.175250 34.651367 27.694547 21.508294 16.216920 11.862483 8.413906 5.784644 3.854122 2.488469 1.557309 0.945056 0.556657 0.318812 0.178140 0.097738 0.053305 0.029549 0.017254 0.011091 0.008097 0.006687 0.006042 0.005756 0.005633 0.005581 0.005560 0.005552 0.005548 0.005547 0.005546 0.005544 0.005541 0.005535 0.005525 0.005506 0.005475 0.005422 0.005339 0.005212 0.005024 0.004757 0.004395 0.003922 0.003331 0.002624 0.001814 0.000928 0.000000 
50.000000 42.174780 34.650446 27.693209 21.506585 16.214895 11.860197 8.411415 5.781996 3.851359 2.485624 1.554410 0.942121 0.553698 0.315840 0.175159 0.094752 0.050317 0.026559 0.014264 0.008100 0.005106 0.003695 0.003051 0.002765 0.002642 0.002590 0.002569 0.002561 0.002557 0.002556 0.002555 0.002554 0.002553 0.002550 0.002545 0.002537 0.002522 0.002497 0.002458 0.002399 0.002311 0.002188 0.002020 0.001802 0.001530 0.001204 0.000832 0.000426 0.000000 
50.000000 42.174560 34.650014 27.692582 21.505784 16.213946 11.859126 8.410247 5.780755 3.850064 2.484291 1.553050 0.940744 0.552311 0.314446 0.173761 0.093353 0.048916 0.025158 0.012862 0.006698 0.003704 0.002293 0.001649 0.001363 0.001239 0.001188 0.001167 0.001158 0.001155 0.001154 0.001153 0.001153 0.001152 0.001151 0.001149 0.001145 0.001138 0.001127 0.001109 0.001082 0.001042 0.000986 0.000910 0.000811 0.000688 0.000542 0.000374 0.000191 0.000000 
50.000000 42.174462 34.649822 27.692303 21.505428 16.213523 11.858649 8.409727 5.780202 3.849487 2.483698 1.552446 0.940132 0.551694 0.313826 0.173140 0.092730 0.048293 0.024534 0.012238 0.006075 0.003080 0.001670 0.001025 0.000739 0.000616 0.000564 0.000543 0.000535 0.000532 0.000530 0.000530 0.000530 0.000529 0.000529 0.000527 0.000526 0.000522 0.000517 0.000509 0.000496 0.000478 0.000452 0.000417 0.000372 0.000315 0.000248 0.000171 0.000088 0.000000 
50.000000 42.174425 34.649750 27.692198 21.505294 16.213364 11.858470 8.409532 5.779995 3.849271 2.483475 1.552219 0.939902 0.551462 0.313593 0.172906 0.092496 0.048059 0.024300 0.012004 0.005840 0.002846 0.001435 0.000791 0.000505 0.000381 0.000330 0.000309 0.000300 0.000297 0.000296 0.000295 0.000295 0.000295 0.000295 0.000294 0.000293 0.000291 0.000288 0.000284 0.000277 0.000266 0.000252 0.000232 0.000207 0.000175 0.000138 0.000095 0.000049 0.000000 
50.000000 42.174425 34.649750 27.692198 21.505294 16.213364 11.858470 8.409532 5.779995 3.849271 2.483475 1.552219 0.939902 0.551462 0.313593 0.172906 0.092496 0.048059 0.024300 0.012004 0.005840 0.002846 0.001435 0.000791 0.000505 0.000381 0.000330 0.000309 0.000300 0.000297 0.000296 0.000295 0.000295 0.000295 0.000295 0.000294 0.000293 0.000291 0.000288 0.000284 0.000277 0.000266 0.000252 0.000232 0.000207 0.000175 0.000138 0.000095 0.000049 0.000000 
50.000000 42.174462 34.649822 27.692303 21.505428 16.213523 11.858649 8.409727 5.780202 3.849487 2.483698 1.552446 0.940132 0.551694 0.313826 0.173140 0.092730 0.048293 0.024534 0.012238 0.006075 0.003080 0.001670 0.001025 0.000739 0.000616 0.000564 0.000543 0.000535 0.000532 0.000530 0.000530 0.000530 0.000529 0.000529 0.000527 0.000526 0.000522 0.000517 0.000509 0.000496 0.000478 0.000452 0.000417 0.000372 0.000315 0.000248 0.000171 0.000088 0.000000 
50.000000 42.174560 34.650014 27.692582 21.505784 16.213946 11.859126 8.410247 5.780755 3.850064 2.484291 1.553050 0.940744 0.552311 0.314446 0.173761 0.093353 0.048916 0.025158 0.012862 0.006698 0.003704 0.002293 0.001649 0.001363 0.001239 0.001188 0.001167 0.001158 0.001155 0.001154 0.001153 0.001153 0.001152 0.001151 0.001149 0.001145 0.001138 0.001127 0.001109 0.001082 0.001042 0.000986 0.000910 0.000811 0.000688 0.000542 0.000374 0.000191 0.000000 
50.000000 42.174780 34.650446 27.693209 21.506585 16.214895 11.860197 8.411415 5.781996 3.851359 2.485624 1.554410 0.942121 0.553698 0.315840 0.175159 0.094752 0.050317 0.026559 0.014264 0.008100 0.005106 0.003695 0.003051 0.002765 0.002642 0.002590 0.002569 0.002561 0.002557 0.002556 0.002555 0.002554 0.002553 0.002550 0.002545 0.002537 0.002522 0.002497 0.002458 0.002399 0.002311 0.002188 0.002020 0.001802 0.001530 0.001204 0.000832 0.000426 0.000000 
50.000000 42.175250 34.651367 27.694547 21.508294 16.216920 11.862483 8.413906 5.784644 3.854122 2.488469 1.557309 0.945056 0.556657 0.318812 0.178140 0.097738 0.053305 0.029549 0.017254 0.011091 0.008097 0.006687 0.006042 0.005756 0.005633 0.005581 0.005560 0.005552 0.005548 0.005547 0.005546 0.005544 0.005541 0.005535 0.005525 0.005506 0.005475 0.005422 0.005339 0.005212 0.005024 0.004757 0.004395 0.003922 0.003331 0.002624 0.001814 0.000928 0.000000 
50.000000 42.176216 34.653263 27.697302 21.511812 16.221091 11.867191 8.419039 5.790100 3.859815 2.494328 1.563283 0.951105 0.562753 0.324937 0.184282 0.103890 0.059462 0.035709 0.023415 0.017253 0.014259 0.012849 0.012205 0.011919 0.011795 0.011744 0.011723 0.011714 0.011711 0.011709 0.011707 0.011704 0.011697 0.011686 0.011664 0.011626 0.011561 0.011453 0.011280 0.011015 0.010622 0.010064 0.009303 0.008307 0.007060 0.005564 0.003849 0.001969 0.000000 
50.000000 42.178145 34.657046 27.702799 21.518832 16.229413 11.876583 8.429278 5.800984 3.871172 2.506020 1.575202 0.963173 0.574915 0.337157 0.196536 0.116163 0.071747 0.047999 0.035708 0.029547 0.026555 0.025145 0.024500 0.024214 0.024091 0.024040 0.024018 0.024010 0.024006 0.024003 0.024000 0.023994 0.023981 0.023958 0.023916 0.023840 0.023710 0.023493 0.023145 0.022609 0.021814 0.020680 0.019129 0.017094 0.014538 0.011465 0.007935 0.004060 0.000000 
50.000000 42.181871 34.664353 27.713417 21.532393 16.245490 11.894728 8.449060 5.822013 3.893115 2.528608 1.598230 0.986490 0.598415 0.360769 0.220214 0.139879 0.095483 0.071746 0.059462 0.053304 0.050312 0.048903 0.048259 0.047973 0.047850 0.047798 0.047777 0.047768 0.047763 0.047760 0.047753 0.047742 0.047719 0.047674 0.047593 0.047447 0.047194 0.046773 0.046096 0.045049 0.043489 0.041257 0.038192 0.034158 0.029074 0.022946 0.015890 0.008133 0.000000 
50.000000 42.188838 34.678018 27.733274 21.557753 16.275555 11.928662 8.486056 5.861341 3.934154 2.570856 1.641301 1.030102 0.642369 0.404932 0.264501 0.184236 0.139879 0.116163 0.103889 0.097736 0.094747 0.093339 0.092696 0.092410 0.092287 0.092236 0.092214 0.092205 0.092199 0.092193 0.092182 0.092161 0.092118 0.092037 0.091885 0.091613 0.091141 0.090352 0.089077 0.087097 0.084135 0.079880 0.074013 0.066260 0.056453 0.044594 0.030902 0.015825 0.000000 
50.000000 42.201442 34.702740 27.769198 21.603635 16.329950 11.990059 8.552994 5.932500 4.008409 2.647300 1.719236 1.109015 0.721902 0.484845 0.344637 0.264501 0.220214 0.196536 0.184281 0.178138 0.175154 0.173748 0.173105 0.172820 0.172697 0.172646 0.172624 0.172614 0.172607 0.172597 0.172578 0.172540 0.172464 0.172319 0.172047 0.171559 0.170708 0.169278 0.166961 0.163342 0.157906 0.150057 0.139183 0.124746 0.106404 0.084141 0.058358 0.029902 0.000000 
50.000000 42.223490 34.745986 27.832040 21.683898 16.425106 12.097466 8.670097 6.056991 4.138321 2.781042 1.855587 1.247080 0.861054 0.624660 0.484845 0.404932 0.360769 0.337157 0.324936 0.318810 0.315834 0.314433 0.313792 0.313507 0.313385 0.313333 0.313311 0.313299 0.313289 0.313273 0.313241 0.313177 0.313047 0.312797 0.312330 0.311485 0.310006 0.307510 0.303443 0.297061 0.287421 0.273425 0.253927 0.227897 0.194659 0.154128 0.107010 0.054868 0.000000 
50.000000 42.260761 34.819092 27.938274 21.819582 16.585973 12.279047 8.868074 6.267461 4.357957 3.007159 2.086118 1.480511 1.096323 0.861054 0.721902 0.642369 0.598415 0.574915 0.562752 0.556655 0.553693 0.552298 0.551660 0.551377 0.551255 0.551203 0.551180 0.551167 0.551153 0.551127 0.551075 0.550969 0.550756 0.550344 0.549569 0.548161 0.545688 0.541491 0.534616 0.523763 0.507269 0.483170 0.449375 0.403968 0.345628 0.274092 0.190547 0.097784 0.000000 
50.000000 42.321613 34.938453 28.111726 22.041123 16.848634 12.575535 9.191340 6.611133 4.716604 3.376391 2.462563 1.861695 1.480511 1.247080 1.109015 1.030102 0.986490 0.963173 0.951104 0.945055 0.942116 0.940731 0.940098 0.939817 0.939696 0.939644 0.939620 0.939604 0.939584 0.939545 0.939463 0.939296 0.938960 0.938307 0.937074 0.934823 0.930848 0.924063 0.912883 0.895117 0.867924 0.827900 0.771342 0.694767 0.595649 0.473284 0.329556 0.169303 0.000000 
50.000000 42.417523 35.126579 28.385107 22.390302 17.262631 13.042856 9.700877 7.152843 5.281925 3.958407 3.055956 2.462563 2.086118 1.855587 1.719236 1.641301 1.598230 1.575202 1.563283 1.557308 1.554405 1.553037 1.552412 1.552135 1.552014 1.551962 1.551937 1.551918 1.551889 1.551831 1.551709 1.551457 1.550950 1.549957 1.548077 1.544627 1.538500 1.527978 1.510521 1.482572 1.439450 1.375434 1.284159 1.159445 0.996555 0.793766 0.553855 0.284928 0.000000 
50.000000 42.563366 35.412651 28.800826 22.921292 17.892197 13.753525 10.475758 7.976664 6.141667 4.843548 3.958407 3.376391 3.007159 2.781042 2.647300 2.570856 2.528608 2.506019 2.494328 2.488467 2.485619 2.484278 2.483665 2.483392 2.483274 2.483222 2.483195 2.483171 2.483131 2.483049 2.482875 2.482512 2.481779 2.480340 2.477599 2.472543 2.463508 2.447887 2.421774 2.379619 2.313981 2.215569 2.073764 1.877868 1.619171 1.293711 0.905117 0.466487 0.000000 
50.000000 42.777233 35.832153 29.410451 23.699961 18.815436 14.795712 11.612128 9.184823 7.402521 6.141667 5.281925 4.716604 4.357957 4.138321 4.008409 3.934154 3.893115 3.871171 3.859814 3.854120 3.851354 3.850051 3.849455 3.849190 3.849075 3.849023 3.848994 3.848965 3.848912 3.848801 3.848563 3.848066 3.847057 3.845067 3.841260 3.834194 3.821487 3.799354 3.762048 3.701260 3.605625 3.460586 3.248979 2.952763 2.556230 2.050693 1.439843 0.743928 0.000000 
50.000000 43.079520 36.425097 30.272131 24.800591 20.120428 16.268857 13.218424 10.892616 9.184823 7.976664 7.152843 6.611133 6.267461 6.056991 5.932500 5.861341 5.822013 5.800984 5.790099 5.784643 5.781992 5.780742 5.780171 5.779917 5.779806 5.779755 5.779725 5.779689 5.779622 5.779479 5.779170 5.778524 5.777206 5.774595 5.769571 5.760192 5.743209 5.713393 5.662683 5.579198 5.446308 5.242097 4.939762 4.509727 3.924255 3.165043 2.233076 1.157804 0.000000 
50.000000 43.491172 37.232564 31.445568 26.299444 21.897604 18.275054 15.405978 13.218424 11.612128 10.475758 9.700877 9.191340 8.868074 8.670097 8.552994 8.486056 8.449060 8.429277 8.419038 8.413905 8.411410 8.410235 8.409698 8.409459 8.409353 8.409304 8.409272 8.409231 8.409150 8.408975 8.408598 8.407803 8.406176 8.402937 8.396672 8.384904 8.363441 8.325444 8.260189 8.151542 7.976327 7.702989 7.291298 6.694312 5.864243 4.763907 3.384137 1.763576 0.000000 
50.000000 44.031044 38.291544 32.984522 28.265197 24.228401 20.906242 18.275054 16.268857 14.795712 13.753525 13.042856 12.575535 12.279047 12.097466 11.990059 11.928662 11.894728 11.876583 11.867190 11.862481 11.860193 11.859115 11.858622 11.858402 11.858305 11.858259 11.858226 11.858181 11.858089 11.857888 11.857454 11.856536 11.854649 11.850876 11.843540 11.829672 11.804193 11.758697 11.679761 11.546733 11.329095 10.983756 10.453121 9.665600 8.541396 7.007721 5.027503 2.640584 0.000000 
50.000000 44.712667 39.628580 34.927570 30.747127 27.171256 24.228401 21.897604 20.120428 18.815436 17.892197 17.262631 16.848634 16.585973 16.425106 16.329950 16.275555 16.245490 16.229413 16.221091 16.216919 16.214891 16.213936 16.213499 16.213304 16.213218 16.213176 16.213144 16.213097 16.212999 16.212785 16.212319 16.211332 16.209295 16.205204 16.197209 16.182005 16.153867 16.103186 16.014330 15.862673 15.610701 15.203293 14.562801 13.585628 12.144199 10.102169 7.355627 3.913007 0.000000 
50.000000 45.540892 41.253187 37.288541 33.762905 30.747127 28.265197 26.299444 24.800591 23.699961 22.921292 22.390302 22.041123 21.819582 21.683898 21.603635 21.557753 21.532393 21.518832 21.511812 21.508292 21.506582 21.505776 21.505408 21.505243 21.505170 21.505133 21.505104 21.505059 21.504963 21.504753 21.504294 21.503319 21.501301 21.497231 21.489239 21.473955 21.445474 21.393747 21.302121 21.143731 20.876336 20.435202 19.723801 18.602927 16.881453 14.319052 10.667401 5.802418 0.000000 
50.000000 46.509129 43.152438 40.048651 37.288541 34.927570 32.984522 31.445568 30.272131 29.410451 28.800826 28.385107 28.111726 27.938274 27.832040 27.769198 27.733274 27.713417 27.702799 27.697302 27.694546 27.693207 27.692576 27.692287 27.692158 27.692100 27.692071 27.692047 27.692007 27.691923 27.691738 27.691333 27.690471 27.688680 27.685056 27.677912 27.664182 27.638442 27.591340 27.507116 27.359758 27.107087 26.681661 25.976802 24.825401 22.969488 20.024326 15.467152 8.769276 0.000000 
50.000000 47.597921 45.288169 43.152438 41.253187 39.628580 38.291544 37.232564 36.425097 35.832153 35.412651 35.126579 34.938453 34.819092 34.745986 34.702740 34.678018 34.664353 34.657046 34.653263 34.651366 34.650445 34.650010 34.649811 34.649723 34.649683 34.649662 34.649645 34.649615 34.649553 34.649414 34.649111 34.648463 34.647116 34.644382 34.638976 34.628545 34.608897 34.572724 34.507535 34.392310 34.192021 33.848427 33.264041 32.272953 30.585785 27.685286 22.644085 13.928090 0.000000 
50.000000 48.775426 47.597921 46.509129 45.540892 44.712667 44.031044 43.491172 43.079520 42.777233 42.563366 42.417523 42.321613 42.260761 42.223490 42.201442 42.188838 42.181871 42.178145 42.176216 42.175249 42.174779 42.174558 42.174457 42.174411 42.174391 42.174380 42.174371 42.174355 42.174322 42.174248 42.174085 42.173737 42.173012 42.171540 42.168621 42.162977 42.152311 42.132595 42.096879 42.033304 41.921716 41.727595 41.390460 40.799660 39.738474 37.739852 33.669831 24.387713 0.000000 
50.000000 50.000000 50.000000 50.000000 50.000000 50.000000 50.000000 50.000000 50.000000 50.000000 50.000000 50.000000 50.000000 50.000000 50.000000 50.000000 50.000000 50.000000 50.000000 50.000000 50.000000 50.000000 50.000000 50.000000 50.000000 50.000000 50.000000 50.000000 50.000000 50.000000 50.000000 50.000000 50.000000 50.000000 50.000000 50.000000 50.000000 50.000000 50.000000 50.000000 50.000000 50.000000 50.000000 50.000000 50.000000 50.000000 50.000000 50.000000 50.000000 50.000000 
