50.000000 50.000000 50.000000 50.000000 50.000000 50.000000 50.000000 50.000000 50.000000 50.000000 50.000000 50.000000 50.000000 50.000000 50.000000 50.000000 50.000000 50.000000 50.000000 50.000000 50.000000 50.000000 50.000000 50.000000 50.000000 50.000000 50.000000 50.000000 50.000000 50.000000 50.000000 50.000000 50.000000 50.000000 50.000000 50.000000 50.000000 50.000000 50.000000 50.000000 50.000000 50.000000 50.000000 50.000000 50.000000 50.000000 50.000000 50.000000 50.000000 50.000000 
50.000000 47.692880 45.552651 43.710065 42.236614 41.140879 40.381972 39.891582 39.595373 39.427788 39.338792 39.294338 39.273407 39.264099 39.260181 39.258617 39.258024 39.257810 39.257736 39.257712 39.257704 39.257702 39.257701 39.257701 39.257701 39.257701 39.257701 39.257701 39.257701 39.257701 39.257700 39.257699 39.257695 39.257681 39.257639 39.257514 39.257160 39.256200 39.253699 39.247450 39.232451 39.197793 39.120443 38.952745 38.596391 37.843804 36.230776 32.617251 23.846440 0.000000 
50.000000 45.552651 41.427027 37.875187 35.034939 32.922818 31.459988 30.514759 29.943831 29.620827 29.449302 29.363626 29.323288 29.305349 29.297799 29.294785 29.293643 29.293230 29.293088 29.293042 29.293027 29.293023 29.293021 29.293021 29.293021 29.293021 29.293021 29.293021 29.293021 29.293021 29.293020 29.293018 29.293010 29.292986 29.292912 29.292694 29.292079 29.290414 29.286097 29.275369 29.249810 29.191363 29.062830 28.790191 28.230074 27.109762 24.917106 20.713514 12.935400 0.000000 
50.000000 43.710065 37.875187 32.851875 28.835032 25.848019 23.779311 22.442630 21.635293 21.178560 20.936032 20.814897 20.757867 20.732506 20.721833 20.717573 20.715958 20.715375 20.715174 20.715108 20.715088 20.715081 20.715080 20.715079 20.715079 20.715079 20.715079 20.715079 20.715079 20.715079 20.715078 20.715075 20.715066 20.715037 20.714948 20.714687 20.713954 20.711978 20.706888 20.694339 20.664752 20.598025 20.454017 20.156421 19.567215 18.449829 16.425938 12.958082 7.479289 0.000000 
50.000000 42.236614 35.034939 28.835032 23.877445 20.190984 17.637953 15.988399 14.992139 14.428556 14.129308 13.979851 13.909493 13.878207 13.865041 13.859786 13.857794 13.857075 13.856828 13.856747 13.856721 13.856714 13.856711 13.856711 13.856711 13.856711 13.856711 13.856711 13.856710 13.856710 13.856709 13.856707 13.856698 13.856669 13.856582 13.856327 13.855614 13.853705 13.848821 13.836893 13.809097 13.747351 13.616689 13.353583 12.850299 11.938723 10.385203 7.925178 4.392810 0.000000 
50.000000 41.140879 32.922818 25.848019 20.190984 15.984545 13.071517 11.189448 10.052815 9.409860 9.068487 8.898004 8.817752 8.782069 8.767054 8.761062 8.758791 8.757971 8.757689 8.757596 8.757567 8.757558 8.757556 8.757555 8.757555 8.757555 8.757555 8.757555 8.757555 8.757555 8.757554 8.757552 8.757544 8.757520 8.757446 8.757231 8.756632 8.755039 8.750996 8.741217 8.718701 8.669423 8.567084 8.365843 7.992273 7.340685 6.280804 4.692744 2.544488 0.000000 
50.000000 40.381972 31.459988 23.779311 17.637953 13.071517 9.909300 7.866320 6.632567 5.934711 5.564211 5.379192 5.292103 5.253384 5.237092 5.230591 5.228127 5.227238 5.226932 5.226831 5.226800 5.226790 5.226788 5.226787 5.226787 5.226787 5.226787 5.226787 5.226787 5.226786 5.226786 5.226784 5.226778 5.226760 5.226704 5.226543 5.226096 5.224916 5.221945 5.214823 5.198614 5.163630 5.092207 4.954650 4.705675 4.284370 3.622889 2.669797 1.429227 0.000000 
50.000000 39.891582 30.514759 22.442630 15.988399 11.189448 7.866320 5.719459 4.423026 3.689749 3.300463 3.106074 3.014579 2.973904 2.956789 2.949961 2.947373 2.946439 2.946118 2.946012 2.945979 2.945969 2.945966 2.945965 2.945965 2.945965 2.945965 2.945965 2.945965 2.945965 2.945964 2.945963 2.945959 2.945947 2.945909 2.945800 2.945499 2.944709 2.942735 2.938047 2.927487 2.904985 2.859729 2.774113 2.622364 2.371711 1.988613 1.451929 0.771138 0.000000 
50.000000 39.595373 29.943831 21.635293 14.992139 10.052815 6.632567 4.423026 3.088786 2.334152 1.933543 1.733508 1.639360 1.597507 1.579898 1.572873 1.570210 1.569249 1.568919 1.568810 1.568776 1.568766 1.568763 1.568762 1.568762 1.568762 1.568762 1.568762 1.568762 1.568762 1.568762 1.568761 1.568758 1.568751 1.568727 1.568660 1.568475 1.567992 1.566793 1.563969 1.557669 1.544393 1.518041 1.468937 1.383393 1.244788 1.037268 0.752467 0.397580 0.000000 
50.000000 39.427788 29.620827 21.178560 14.428556 9.409860 5.934711 3.689749 2.334152 1.567458 1.160458 0.957238 0.861594 0.819078 0.801190 0.794054 0.791349 0.790373 0.790038 0.789927 0.789893 0.789882 0.789879 0.789879 0.789878 0.789878 0.789878 0.789878 0.789878 0.789878 0.789878 0.789878 0.789876 0.789872 0.789858 0.789820 0.789715 0.789443 0.788771 0.787201 0.783729 0.776483 0.762262 0.736097 0.691159 0.619459 0.513808 0.371016 0.195337 0.000000 
50.000000 39.338792 29.449302 20.936032 14.129308 9.068487 5.564211 3.300463 1.933543 1.160458 0.750074 0.545167 0.448732 0.405864 0.387830 0.380635 0.377908 0.376924 0.376586 0.376475 0.376440 0.376429 0.376426 0.376425 0.376425 0.376425 0.376425 0.376425 0.376425 0.376425 0.376425 0.376425 0.376424 0.376422 0.376414 0.376394 0.376339 0.376197 0.375848 0.375037 0.373257 0.369575 0.362416 0.349387 0.327270 0.292415 0.241693 0.173933 0.091342 0.000000 
50.000000 39.294338 29.363626 20.814897 13.979851 8.898004 5.379192 3.106074 1.733508 0.957238 0.545167 0.339421 0.242592 0.199550 0.181442 0.174218 0.171480 0.170493 0.170153 0.170041 0.170006 0.169996 0.169993 0.169992 0.169992 0.169992 0.169992 0.169992 0.169992 0.169992 0.169992 0.169991 0.169991 0.169990 0.169986 0.169976 0.169949 0.169880 0.169711 0.169320 0.168467 0.166715 0.163339 0.157248 0.147007 0.131030 0.108009 0.077529 0.040639 0.000000 
50.000000 39.273407 29.323288 20.757867 13.909493 8.817752 5.292103 3.014579 1.639360 0.861594 0.448732 0.242592 0.145579 0.102455 0.084313 0.077075 0.074332 0.073342 0.073002 0.072890 0.072855 0.072845 0.072842 0.072841 0.072841 0.072841 0.072841 0.072841 0.072840 0.072840 0.072840 0.072840 0.072840 0.072840 0.072838 0.072833 0.072821 0.072789 0.072712 0.072535 0.072152 0.071369 0.069870 0.067187 0.062712 0.055788 0.045888 0.032874 0.017207 0.000000 
50.000000 39.264099 29.305349 20.732506 13.878207 8.782069 5.253384 2.973904 1.597507 0.819078 0.405864 0.199550 0.102455 0.059295 0.041138 0.033894 0.031148 0.030158 0.029818 0.029706 0.029671 0.029660 0.029657 0.029656 0.029656 0.029656 0.029656 0.029656 0.029656 0.029656 0.029656 0.029656 0.029656 0.029655 0.029655 0.029653 0.029647 0.029634 0.029601 0.029525 0.029363 0.029033 0.028405 0.027288 0.025437 0.022593 0.018553 0.013270 0.006938 0.000000 
50.000000 39.260181 29.297799 20.721833 13.865041 8.767054 5.237092 2.956789 1.579898 0.801190 0.387830 0.181442 0.084313 0.041138 0.022974 0.015728 0.012981 0.011991 0.011650 0.011538 0.011503 0.011492 0.011489 0.011488 0.011488 0.011488 0.011488 0.011488 0.011488 0.011488 0.011488 0.011488 0.011488 0.011488 0.011488 0.011487 0.011485 0.011479 0.011466 0.011436 0.011370 0.011239 0.010990 0.010549 0.009823 0.008714 0.007146 0.005105 0.002667 0.000000 
50.000000 39.258617 29.294785 20.717573 13.859786 8.761062 5.230591 2.949961 1.572873 0.794054 0.380635 0.174218 0.077075 0.033894 0.015728 0.008480 0.005734 0.004743 0.004402 0.004290 0.004255 0.004245 0.004242 0.004241 0.004240 0.004240 0.004240 0.004240 0.004240 0.004240 0.004240 0.004240 0.004240 0.004240 0.004240 0.004240 0.004239 0.004237 0.004232 0.004220 0.004196 0.004146 0.004052 0.003887 0.003616 0.003204 0.002625 0.001873 0.000978 0.000000 
50.000000 39.258024 29.293643 20.715958 13.857794 8.758791 5.228127 2.947373 1.570210 0.791349 0.377908 0.171480 0.074332 0.031148 0.012981 0.005734 0.002987 0.001996 0.001655 0.001543 0.001508 0.001498 0.001495 0.001494 0.001494 0.001493 0.001493 0.001493 0.001493 0.001493 0.001493 0.001493 0.001493 0.001493 0.001493 0.001493 0.001493 0.001492 0.001490 0.001486 0.001477 0.001459 0.001426 0.001367 0.001271 0.001125 0.000921 0.000657 0.000343 0.000000 
50.000000 39.257810 29.293230 20.715375 13.857075 8.757971 5.227238 2.946439 1.569249 0.790373 0.376924 0.170493 0.073342 0.030158 0.011991 0.004743 0.001996 0.001005 0.000664 0.000552 0.000517 0.000507 0.000504 0.000503 0.000503 0.000503 0.000503 0.000503 0.000503 0.000503 0.000503 0.000503 0.000503 0.000503 0.000503 0.000503 0.000502 0.000502 0.000502 0.000500 0.000497 0.000491 0.000479 0.000459 0.000427 0.000378 0.000309 0.000220 0.000115 0.000000 
50.000000 39.257736 29.293088 20.715174 13.856828 8.757689 5.226932 2.946118 1.568919 0.790038 0.376586 0.170153 0.073002 0.029818 0.011650 0.004402 0.001655 0.000664 0.000324 0.000212 0.000177 0.000166 0.000163 0.000162 0.000162 0.000162 0.000162 0.000162 0.000162 0.000162 0.000162 0.000162 0.000162 0.000162 0.000162 0.000162 0.000162 0.000162 0.000161 0.000161 0.000160 0.000158 0.000154 0.000148 0.000137 0.000121 0.000099 0.000071 0.000037 0.000000 
50.000000 39.257712 29.293042 20.715108 13.856747 8.757596 5.226831 2.946012 1.568810 0.789927 0.376475 0.170041 0.072890 0.029706 0.011538 0.004290 0.001543 0.000552 0.000212 0.000100 0.000065 0.000054 0.000051 0.000050 0.000050 0.000050 0.000050 0.000050 0.000050 0.000050 0.000050 0.000050 0.000050 0.000050 0.000050 0.000050 0.000050 0.000050 0.000050 0.000050 0.000049 0.000049 0.000048 0.000046 0.000042 0.000037 0.000031 0.000022 0.000011 0.000000 
50.000000 39.257704 29.293027 20.715088 13.856721 8.757567 5.226800 2.945979 1.568776 0.789893 0.376440 0.170006 0.072855 0.029671 0.011503 0.004255 0.001508 0.000517 0.000177 0.000065 0.000030 0.000019 0.000016 0.000015 0.000015 0.000015 0.000015 0.000015 0.000015 0.000015 0.000015 0.000015 0.000015 0.000015 0.000015 0.000015 0.000015 0.000015 0.000015 0.000015 0.000015 0.000014 0.000014 0.000013 0.000012 0.000011 0.000009 0.000006 0.000003 0.000000 
50.000000 39.257702 29.293023 20.715081 13.856714 8.757558 5.226790 2.945969 1.568766 0.789882 0.376429 0.169996 0.072845 0.029660 0.011492 0.004245 0.001498 0.000507 0.000166 0.000054 0.000019 0.000008 0.000005 0.000004 0.000004 0.000004 0.000004 0.000004 0.000004 0.000004 0.000004 0.000004 0.000004 0.000004 0.000004 0.000004 0.000004 0.000004 0.000004 0.000004 0.000004 0.000004 0.000004 0.000004 0.000004 0.000003 0.000003 0.000002 0.000001 0.000000 
50.000000 39.257701 29.293021 20.715080 13.856711 8.757556 5.226788 2.945966 1.568763 0.789879 0.376426 0.169993 0.072842 0.029657 0.011489 0.004242 0.001495 0.000504 0.000163 0.000051 0.000016 0.000005 0.000002 0.000001 0.000001 0.000001 0.000001 0.000001 0.000001 0.000001 0.000001 0.000001 0.000001 0.000001 0.000001 0.000001 0.000001 0.000001 0.000001 0.000001 0.000001 0.000001 0.000001 0.000001 0.000001 0.000001 0.000001 0.000000 0.000000 0.000000 
50.000000 39.257701 29.293021 20.715079 13.856711 8.757555 5.226787 2.945965 1.568762 0.789879 0.376425 0.169992 0.072841 0.029656 0.011488 0.004241 0.001494 0.000503 0.000162 0.000050 0.000015 0.000005 0.000001 0.000001 0.000000 0.000000 0.000000 0.000000 0.000000 0.000000 0.000000 0.000000 0.000000 0.000000 0.000000 0.000000 0.000000 0.000000 0.000000 0.000000 0.000000 0.000000 0.000000 0.000000 0.000000 0.000000 0.000000 0.000000 0.000000 0.000000 
50.000000 39.257701 29.293021 20.715079 13.856711 8.757555 5.226787 2.945965 1.568762 0.789878 0.376425 0.169992 0.072841 0.029656 0.011488 0.004241 0.001494 0.000503 0.000162 0.000050 0.000015 0.000004 0.000001 0.000000 0.000000 0.000000 0.000000 0.000000 0.000000 0.000000 0.000000 0.000000 0.000000 0.000000 0.000000 0.000000 0.000000 0.000000 0.000000 0.000000 0.000000 0.000000 0.000000 0.000000 0.000000 0.000000 0.000000 0.000000 0.000000 0.000000 
50.000000 39.257701 29.293021 20.715079 13.856711 8.757555 5.226787 2.945965 1.568762 0.789878 0.376425 0.169992 0.072841 0.029656 0.011488 0.004241 0.001494 0.000503 0.000162 0.000050 0.000015 0.000004 0.000001 0.000000 0.000000 0.000000 0.000000 0.000000 0.000000 0.000000 0.000000 0.000000 0.000000 0.000000 0.000000 0.000000 0.000000 0.000000 0.000000 0.000000 0.000000 0.000000 0.000000 0.000000 0.000000 0.000000 0.000000 0.000000 0.000000 0.000000 
50.000000 39.257701 29.293021 20.715079 13.856711 8.757555 5.226787 2.945965 1.568762 0.789879 0.376425 0.169992 0.072841 0.029656 0.011488 0.004241 0.001494 0.000503 0.000162 0.000050 0.000015 0.000005 0.000001 0.000001 0.000000 0.000000 0.000000 0.000000 0.000000 0.000000 0.000000 0.000000 0.000000 0.000000 0.000000 0.000000 0.000000 0.000000 0.000000 0.000000 0.000000 0.000000 0.000000 0.000000 0.000000 0.000000 0.000000 0.000000 0.000000 0.000000 
50.000000 39.257701 29.293021 20.715080 13.856711 8.757556 5.226788 2.945966 1.568763 0.789879 0.376426 0.169993 0.072842 0.029657 0.011489 0.004242 0.001495 0.000504 0.000163 0.000051 0.000016 0.000005 0.000002 0.000001 0.000001 0.000001 0.000001 0.000001 0.000001 0.000001 0.000001 0.000001 0.000001 0.000001 0.000001 0.000001 0.000001 0.000001 0.000001 0.000001 0.000001 0.000001 0.000001 0.000001 0.000001 0.000001 0.000001 0.000000 0.000000 0.000000 
50.000000 39.257702 29.293023 20.715081 13.856714 8.757558 5.226790 2.945969 1.568766 0.789882 0.376429 0.169996 0.072845 0.029660 0.011492 0.004245 0.001498 0.000507 0.000166 0.000054 0.000019 0.000008 0.000005 0.000004 0.000004 0.000004 0.000004 0.000004 0.000004 0.000004 0.000004 0.000004 0.000004 0.000004 0.000004 0.000004 0.000004 0.000004 0.000004 0.000004 0.000004 0.000004 0.000004 0.000004 0.000004 0.000003 0.000003 0.000002 0.000001 0.000000 
50.000000 39.257704 29.293027 20.715088 13.856721 8.757567 5.226800 2.945979 1.568776 0.789893 0.376440 0.170006 0.072855 0.029671 0.011503 0.004255 0.001508 0.000517 0.000177 0.000065 0.000030 0.000019 0.000016 0.000015 0.000015 0.000015 0.000015 0.000015 0.000015 0.000015 0.000015 0.000015 0.000015 0.000015 0.000015 0.000015 0.000015 0.000015 0.000015 0.000015 0.000015 0.000014 0.000014 0.000013 0.000012 0.000011 0.000009 0.000006 0.000003 0.000000 
50.000000 39.257712 29.293042 20.715108 13.856747 8.757596 5.226831 2.946012 1.568810 0.789927 0.376475 0.170041 0.072890 0.029706 0.011538 0.004290 0.001543 0.000552 0.000212 0.000100 0.000065 0.000054 0.000051 0.000050 0.000050 0.000050 0.000050 0.000050 0.000050 0.000050 0.000050 0.000050 0.000050 0.000050 0.000050 0.000050 0.000050 0.000050 0.000050 0.000050 0.000049 0.000049 0.000048 0.000046 0.000042 0.000037 0.000031 0.000022 0.000011 0.000000 
50.000000 39.257736 29.293088 20.715174 13.856828 8.757689 5.226932 2.946118 1.568919 0.790038 0.376586 0.170153 0.073002 0.029818 0.011650 0.004402 0.001655 0.000664 0.000324 0.000212 0.000177 0.000166 0.000163 0.000162 0.000162 0.000162 0.000162 0.000162 0.000162 0.000162 0.000162 0.000162 0.000162 0.000162 0.000162 0.000162 0.000162 0.000162 0.000161 0.000161 0.000160 0.000158 0.000154 0.000148 0.000137 0.000121 0.000099 0.000071 0.000037 0.000000 
50.000000 39.257810 29.293230 20.715375 13.857075 8.757971 5.227238 2.946439 1.569249 0.790373 0.376924 0.170493 0.073342 0.030158 0.011991 0.004743 0.001996 0.001005 0.000664 0.000552 0.000517 0.000507 0.000504 0.000503 0.000503 0.000503 0.000503 0.000503 0.000503 0.000503 0.000503 0.000503 0.000503 0.000503 0.000503 0.000503 0.000502 0.000502 0.000502 0.000500 0.000497 0.000491 0.000479 0.000459 0.000427 0.000378 0.000309 0.000220 0.000115 0.000000 
50.000000 39.258024 29.293643 20.715958 13.857794 8.758791 5.228127 2.947373 1.570210 0.791349 0.377908 0.171480 0.074332 0.031148 0.012981 0.005734 0.002987 0.001996 0.001655 0.001543 0.001508 0.001498 0.001495 0.001494 0.001494 0.001493 0.001493 0.001493 0.001493 0.001493 0.001493 0.001493 0.001493 0.001493 0.001493 0.001493 0.001493 0.001492 0.001490 0.001486 0.001477 0.001459 0.001426 0.001367 0.001271 0.001125 0.000921 0.000657 0.000343 0.000000 
50.000000 39.258617 29.294785 20.717573 13.859786 8.761062 5.230591 2.949961 1.572873 0.794054 0.380635 0.174218 0.077075 0.033894 0.015728 0.008480 0.005734 0.004743 0.004402 0.004290 0.004255 0.004245 0.004242 0.004241 0.004240 0.004240 0.004240 0.004240 0.004240 0.004240 0.004240 0.004240 0.004240 0.004240 0.004240 0.004240 0.004239 0.004237 0.004232 0.004220 0.004196 0.004146 0.004052 0.003887 0.003616 0.003204 0.002625 0.001873 0.000978 0.000000 
50.000000 39.260181 29.297799 20.721833 13.865041 8.767054 5.237092 2.956789 1.579898 0.801190 0.387830 0.181442 0.084313 0.041138 0.022974 0.015728 0.012981 0.011991 0.011650 0.011538 0.011503 0.011492 0.011489 0.011488 0.011488 0.011488 0.011488 0.011488 0.011488 0.011488 0.011488 0.011488 0.011488 0.011488 0.011488 0.011487 0.011485 0.011479 0.011466 0.011436 0.011370 0.011239 0.010990 0.010549 0.009823 0.008714 0.007146 0.005105 0.002667 0.000000 
50.000000 39.264099 29.305349 20.732506 13.878207 8.782069 5.253384 2.973904 1.597507 0.819078 0.405864 0.199550 0.102455 0.059295 0.041138 0.033894 0.031148 0.030158 0.029818 0.029706 0.029671 0.029660 0.029657 0.029656 0.029656 0.029656 0.029656 0.029656 0.029656 0.029656 0.029656 0.029656 0.029656 0.029655 0.029655 0.029653 0.029647 0.029634 0.029601 0.029525 0.029363 0.029033 0.028405 0.027288 0.025437 0.022593 0.018553 0.013270 0.006938 0.000000 
50.000000 39.273407 29.323288 20.757867 13.909493 8.817752 5.292103 3.014579 1.639360 0.861594 0.448732 0.242592 0.145579 0.102455 0.084313 0.077075 0.074332 0.073342 0.073002 0.072890 0.072855 0.072845 0.072842 0.072841 0.072841 0.072841 0.072841 0.072841 0.072840 0.072840 0.072840 0.072840 0.072840 0.072840 0.072838 0.072833 0.072821 0.072789 0.072712 0.072535 0.072152 0.071369 0.069870 0.067187 0.062712 0.055788 0.045888 0.032874 0.017207 0.000000 
50.000000 39.294338 29.363626 20.814897 13.979851 8.898004 5.379192 3.106074 1.733508 0.957238 0.545167 0.339421 0.242592 0.199550 0.181442 0.174218 0.171480 0.170493 0.170153 0.170041 0.170006 0.169996 0.169993 0.169992 0.169992 0.169992 0.169992 0.169992 0.169992 0.169992 0.169992 0.169991 0.169991 0.169990 0.169986 0.169976 0.169949 0.169880 0.169711 0.169320 0.168467 0.166715 0.163339 0.157248 0.147007 0.131030 0.108009 0.077529 0.040639 0.000000 
50.000000 39.338792 29.449302 20.936032 14.129308 9.068487 5.564211 3.300463 1.933543 1.160458 0.750074 0.545167 0.448732 0.405864 0.387830 0.380635 0.377908 0.376924 0.376586 0.376475 0.376440 0.376429 0.376426 0.376425 0.376425 0.376425 0.376425 0.376425 0.376425 0.376425 0.376425 0.376425 0.376424 0.376422 0.376414 0.376394 0.376339 0.376197 0.375848 0.375037 0.373257 0.369575 0.362416 0.349387 0.327270 0.292415 0.241693 0.173933 0.091342 0.000000 
50.000000 39.427788 29.620827 21.178560 14.428556 9.409860 5.934711 3.689749 2.334152 1.567458 1.160458 0.957238 0.861594 0.819078 0.801190 0.794054 0.791349 0.790373 0.790038 0.789927 0.789893 0.789882 0.789879 0.789879 0.789878 0.789878 0.789878 0.789878 0.789878 0.789878 0.789878 0.789878 0.789876 0.789872 0.789858 0.789820 0.789715 0.789443 0.788771 0.787201 0.783729 0.776483 0.762262 0.736097 0.691159 0.619459 0.513808 0.371016 0.195337 0.000000 
50.000000 39.595373 29.943831 21.635293 14.992139 10.052815 6.632567 4.423026 3.088786 2.334152 1.933543 1.733508 1.639360 1.597507 1.579898 1.572873 1.570210 1.569249 1.568919 1.568810 1.568776 1.568766 1.568763 1.568762 1.568762 1.568762 1.568762 1.568762 1.568762 1.568762 1.568762 1.568761 1.568758 1.568751 1.568727 1.568660 1.568475 1.567992 1.566793 1.563969 1.557669 1.544393 1.518041 1.468937 1.383393 1.244788 1.037268 0.752467 0.397580 0.000000 
50.000000 39.891582 30.514759 22.442630 15.988399 11.189448 7.866320 5.719459 4.423026 3.689749 3.300463 3.106074 3.014579 2.973904 2.956789 2.949961 2.947373 2.946439 2.946118 2.946012 2.945979 2.945969 2.945966 2.945965 2.945965 2.945965 2.945965 2.945965 2.945965 2.945965 2.945964 2.945963 2.945959 2.945947 2.945909 2.945800 2.945499 2.944709 2.942735 2.938047 2.927487 2.904985 2.859729 2.774113 2.622364 2.371711 1.988613 1.451929 0.771138 0.000000 
50.000000 40.381972 31.459988 23.779311 17.637953 13.071517 9.909300 7.866320 6.632567 5.934711 5.564211 5.379192 5.292103 5.253384 5.237092 5.230591 5.228127 5.227238 5.226932 5.226831 5.226800 5.226790 5.226788 5.226787 5.226787 5.226787 5.226787 5.226787 5.226787 5.226786 5.226786 5.226784 5.226778 5.226760 5.226704 5.226543 5.226096 5.224916 5.221945 5.214823 5.198614 5.163630 5.092207 4.954650 4.705675 4.284370 3.622889 2.669797 1.429227 0.000000 
50.000000 41.140879 32.922818 25.848019 20.190984 15.984545 13.071517 11.189448 10.052815 9.409860 9.068487 8.898004 8.817752 8.782069 8.767054 8.761062 8.758791 8.757971 8.757689 8.757596 8.757567 8.757558 8.757556 8.757555 8.757555 8.757555 8.757555 8.757555 8.757555 8.757555 8.757554 8.757552 8.757544 8.757520 8.757446 8.757231 8.756632 8.755039 8.750996 8.741217 8.718701 8.669423 8.567084 8.365843 7.992273 7.340685 6.280804 4.692744 2.544488 0.000000 
50.000000 42.236614 35.034939 28.835032 23.877445 20.190984 17.637953 15.988399 14.992139 14.428556 14.129308 13.979851 13.909493 13.878207 13.865041 13.859786 13.857794 13.857075 13.856828 13.856747 13.856721 13.856714 13.856711 13.856711 13.856711 13.856711 13.856711 13.856711 13.856710 13.856710 13.856709 13.856707 13.856698 13.856669 13.856582 13.856327 13.855614 13.853705 13.848821 13.836893 13.809097 13.747351 13.616689 13.353583 12.850299 11.938723 10.385203 7.925178 4.392810 0.000000 
50.000000 43.710065 37.875187 32.851875 28.835032 25.848019 23.779311 22.442630 21.635293 21.178560 20.936032 20.814897 20.757867 20.732506 20.721833 20.717573 20.715958 20.715375 20.715174 20.715108 20.715088 20.715081 20.715080 20.715079 20.715079 20.715079 20.715079 20.715079 20.715079 20.715079 20.715078 20.715075 20.715066 20.715037 20.714948 20.714687 20.713954 20.711978 20.706888 20.694339 20.664752 20.598025 20.454017 20.156421 19.567215 18.449829 16.425938 12.958082 7.479289 0.000000 
50.000000 45.552651 41.427027 37.875187 35.034939 32.922818 31.459988 30.514759 29.943831 29.620827 29.449302 29.363626 29.323288 29.305349 29.297799 29.294785 29.293643 29.293230 29.293088 29.293042 29.293027 29.293023 29.293021 29.293021 29.293021 29.293021 29.293021 29.293021 29.293021 29.293021 29.293020 29.293018 29.293010 29.292986 29.292912 29.292694 29.292079 29.290414 29.286097 29.275369 29.249810 29.191363 29.062830 28.790191 28.230074 27.109762 24.917106 20.713514 12.935400 0.000000 
50.000000 47.692880 45.552651 43.710065 42.236614 41.140879 40.381972 39.891582 39.595373 39.427788 39.338792 39.294338 39.273407 39.264099 39.260181 39.258617 39.258024 39.257810 39.257736 39.257712 39.257704 39.257702 39.257701 39.257701 39.257701 39.257701 39.257701 39.257701 39.257701 39.257701 39.257700 39.257699 39.257695 39.257681 39.257639 39.257514 39.257160 39.256200 39.253699 39.247450 39.232451 39.197793 39.120443 38.952745 38.596391 37.843804 36.230776 32.617251 23.846440 0.000000 
50.000000 50.000000 50.000000 50.000000 50.000000 50.000000 50.000000 50.000000 50.000000 50.000000 50.000000 50.000000 50.000000 50.000000 50.000000 50.000000 50.000000 50.000000 50.000000 50.000000 50.000000 50.000000 50.000000 50.000000 50.000000 50.000000 50.000000 50.000000 50.000000 50.000000 50.000000 50.000000 50.000000 50.000000 50.000000 50.000000 50.000000 50.000000 50.000000 50.000000 50.000000 50.000000 50.000000 50.000000 50.000000 50.000000 50.000000 50.000000 50.000000 50.000000 
