50.000000 50.000000 50.000000 50.000000 50.000000 50.000000 50.000000 50.000000 50.000000 50.000000 50.000000 50.000000 50.000000 50.000000 50.000000 50.000000 50.000000 50.000000 50.000000 50.000000 50.000000 50.000000 50.000000 50.000000 50.000000 50.000000 50.000000 50.000000 50.000000 50.000000 50.000000 50.000000 50.000000 50.000000 50.000000 50.000000 50.000000 50.000000 50.000000 50.000000 50.000000 50.000000 50.000000 50.000000 50.000000 50.000000 50.000000 50.000000 50.000000 50.000000 
50.000000 48.531392 47.130466 45.855557 44.748458 43.830824 43.104553 42.555413 42.158531 41.884183 41.702673 41.587654 41.517792 41.477087 41.454318 41.442080 41.435755 41.432609 41.431101 41.430405 41.430095 41.429961 41.429906 41.429883 41.429875 41.429871 41.429870 41.429868 41.429865 41.429857 41.429836 41.429785 41.429664 41.429382 41.428748 41.427362 41.424420 41.418349 41.406164 41.382326 41.336778 41.251491 41.094237 40.806717 40.279991 39.298163 37.393764 33.430951 24.265696 0.000000 
50.000000 47.130466 44.393179 41.902125 39.738961 37.946002 36.526951 35.454002 34.678551 34.142517 33.787878 33.563153 33.426658 33.347130 33.302645 33.278735 33.266378 33.260231 33.257286 33.255926 33.255320 33.255059 33.254950 33.254907 33.254890 33.254883 33.254880 33.254877 33.254871 33.254856 33.254818 33.254724 33.254501 33.253984 33.252822 33.250288 33.244923 33.233887 33.211825 33.168893 33.087447 32.936438 32.661917 32.170487 31.299438 29.760940 27.036955 22.196590 13.699515 0.000000 
50.000000 45.855557 41.902125 38.304335 35.180127 32.590614 30.541141 28.991543 27.871616 27.097470 26.585303 26.260763 26.063645 25.948797 25.884556 25.850029 25.832185 25.823309 25.819056 25.817092 25.816217 25.815840 25.815683 25.815620 25.815596 25.815586 25.815582 25.815578 25.815570 25.815550 25.815500 25.815378 25.815087 25.814415 25.812908 25.809631 25.802720 25.788574 25.760465 25.706197 25.604297 25.417940 25.085457 24.505668 23.515768 21.859867 19.152168 14.865170 8.461793 0.000000 
50.000000 44.748458 39.738961 35.180127 31.221404 27.940225 25.343361 23.379905 21.960895 20.980025 20.331103 19.919913 19.670172 19.524667 19.443279 19.399539 19.376933 19.365689 19.360301 19.357813 19.356704 19.356227 19.356029 19.355949 19.355918 19.355906 19.355900 19.355896 19.355887 19.355865 19.355810 19.355676 19.355357 19.354622 19.352979 19.349421 19.341954 19.326764 19.296805 19.239508 19.133204 18.941785 18.607124 18.038989 17.103099 15.610702 13.320261 9.978022 5.450296 0.000000 
50.000000 43.830824 37.946002 32.590614 27.940225 24.085798 21.035277 18.728849 17.061996 15.909829 15.147596 14.664617 14.371281 14.200381 14.104792 14.053420 14.026871 14.013665 14.007339 14.004417 14.003115 14.002555 14.002322 14.002228 14.002192 14.002178 14.002171 14.002167 14.002158 14.002136 14.002083 14.001951 14.001640 14.000926 13.999336 13.995909 13.988757 13.974305 13.946036 13.892520 13.794475 13.620693 13.322847 12.829762 12.042899 10.837126 9.074846 6.646564 3.550833 0.000000 
50.000000 43.104553 36.526951 30.541141 25.343361 21.035277 17.625758 15.047939 13.184984 11.897290 11.045416 10.505650 10.177832 9.986848 9.880028 9.822622 9.792955 9.778200 9.771131 9.767866 9.766412 9.765786 9.765526 9.765421 9.765380 9.765364 9.765358 9.765353 9.765345 9.765326 9.765278 9.765161 9.764884 9.764252 9.762851 9.759846 9.753611 9.741103 9.716844 9.671388 9.589140 9.445551 9.203955 8.812879 8.205515 7.304372 6.035473 4.356464 2.297835 0.000000 
50.000000 42.555413 35.454002 28.991543 23.379905 18.728849 15.047939 12.264971 10.253790 8.863668 7.944051 7.361375 7.007505 6.801348 6.686045 6.624082 6.592062 6.576136 6.568507 6.564984 6.563414 6.562739 6.562458 6.562345 6.562301 6.562284 6.562277 6.562273 6.562266 6.562250 6.562210 6.562114 6.561887 6.561370 6.560228 6.557794 6.552774 6.542774 6.523542 6.487862 6.424063 6.314234 6.132486 5.843984 5.406002 4.772781 3.906086 2.792085 1.461176 0.000000 
50.000000 42.158531 34.678551 27.871616 21.960895 17.061996 13.184984 10.253790 8.135523 6.671409 5.702861 5.089195 4.716513 4.499402 4.377976 4.312724 4.279004 4.262235 4.254201 4.250491 4.248838 4.248127 4.247831 4.247712 4.247666 4.247649 4.247642 4.247637 4.247632 4.247620 4.247589 4.247515 4.247341 4.246946 4.246080 4.244240 4.240470 4.233011 4.218782 4.192632 4.146380 4.067762 3.939557 3.739433 3.441304 3.019110 2.453676 1.742114 0.907040 0.000000 
50.000000 41.884183 34.142517 27.097470 20.980025 15.909829 11.897290 8.863668 6.671409 5.156174 4.153826 3.518756 3.133083 2.908408 2.782754 2.715232 2.680341 2.662988 2.654676 2.650837 2.649127 2.648391 2.648086 2.647963 2.647915 2.647896 2.647889 2.647886 2.647882 2.647872 2.647850 2.647797 2.647672 2.647389 2.646771 2.645466 2.642807 2.637580 2.627685 2.609657 2.578087 2.525029 2.439605 2.308150 2.115354 1.846821 1.493174 1.055070 0.547405 0.000000 
50.000000 41.702673 33.787878 26.585303 20.331103 15.147596 11.045416 7.944051 5.702861 4.153826 3.129133 2.479915 2.085656 1.855984 1.727537 1.658515 1.622850 1.605112 1.596616 1.592693 1.590944 1.590193 1.589880 1.589754 1.589705 1.589687 1.589680 1.589676 1.589673 1.589667 1.589652 1.589615 1.589531 1.589340 1.588924 1.588050 1.586280 1.582821 1.576319 1.564567 1.544169 1.510229 1.456189 1.374028 1.255076 1.091595 0.879106 0.618984 0.320347 0.000000 
50.000000 41.587654 33.563153 26.260763 19.919913 14.664617 10.505650 7.361375 5.089195 3.518756 2.479915 1.821740 1.422047 1.189212 1.058998 0.989029 0.952873 0.934893 0.926280 0.922303 0.920531 0.919769 0.919452 0.919325 0.919275 0.919257 0.919250 0.919247 0.919244 0.919240 0.919230 0.919207 0.919152 0.919030 0.918765 0.918211 0.917094 0.914924 0.910870 0.903596 0.891071 0.870413 0.837833 0.788806 0.718581 0.623108 0.500298 0.351328 0.181490 0.000000 
50.000000 41.517792 33.426658 26.063645 19.670172 14.371281 10.177832 7.007505 4.716513 3.133083 2.085656 1.422047 1.019058 0.784305 0.653020 0.582475 0.546023 0.527896 0.519212 0.515203 0.513416 0.512648 0.512328 0.512200 0.512150 0.512131 0.512124 0.512121 0.512120 0.512117 0.512111 0.512097 0.512063 0.511989 0.511829 0.511495 0.510824 0.509529 0.507124 0.502835 0.495503 0.483502 0.464732 0.436729 0.396977 0.343408 0.275071 0.192771 0.099443 0.000000 
50.000000 41.477087 33.347130 25.948797 19.524667 14.200381 9.986848 6.801348 4.499402 2.908408 1.855984 1.189212 0.784305 0.548436 0.416528 0.345649 0.309025 0.290812 0.282087 0.278059 0.276264 0.275492 0.275171 0.275042 0.274992 0.274973 0.274966 0.274963 0.274962 0.274960 0.274957 0.274948 0.274929 0.274886 0.274794 0.274602 0.274218 0.273481 0.272119 0.269704 0.265602 0.258932 0.248574 0.233236 0.211625 0.182713 0.146077 0.102207 0.052668 0.000000 
50.000000 41.454318 33.302645 25.884556 19.443279 14.104792 9.880028 6.686045 4.377976 2.782754 1.727537 1.058998 0.653020 0.416528 0.284272 0.213206 0.176486 0.158225 0.149478 0.145439 0.143640 0.142865 0.142544 0.142414 0.142364 0.142345 0.142338 0.142336 0.142334 0.142333 0.142331 0.142327 0.142316 0.142292 0.142241 0.142136 0.141926 0.141525 0.140787 0.139486 0.137288 0.133735 0.128251 0.120182 0.108883 0.093858 0.074925 0.052356 0.026956 0.000000 
50.000000 41.442080 33.278735 25.850029 19.399539 14.053420 9.822622 6.624082 4.312724 2.715232 1.658515 0.989029 0.582475 0.345649 0.213206 0.142041 0.105269 0.086982 0.078223 0.074178 0.072376 0.071601 0.071279 0.071150 0.071099 0.071080 0.071073 0.071071 0.071070 0.071069 0.071068 0.071065 0.071060 0.071047 0.071020 0.070965 0.070855 0.070646 0.070263 0.069591 0.068461 0.066644 0.063854 0.059771 0.054084 0.046560 0.037121 0.025913 0.013332 0.000000 
50.000000 41.435755 33.266378 25.832185 19.376933 14.026871 9.792955 6.592062 4.279004 2.680341 1.622850 0.952873 0.546023 0.309025 0.176486 0.105269 0.068470 0.050170 0.041405 0.037357 0.035554 0.034778 0.034456 0.034326 0.034276 0.034257 0.034250 0.034248 0.034247 0.034246 0.034246 0.034244 0.034241 0.034235 0.034221 0.034194 0.034139 0.034034 0.033843 0.033510 0.032952 0.032058 0.030692 0.028703 0.025945 0.022311 0.017770 0.012394 0.006373 0.000000 
50.000000 41.432609 33.260231 25.823309 19.365689 14.013665 9.778200 6.576136 4.262235 2.662988 1.605112 0.934893 0.527896 0.290812 0.158225 0.086982 0.050170 0.031864 0.023096 0.019047 0.017243 0.016467 0.016144 0.016015 0.015964 0.015945 0.015938 0.015936 0.015935 0.015935 0.015934 0.015934 0.015932 0.015929 0.015922 0.015909 0.015882 0.015832 0.015741 0.015582 0.015317 0.014894 0.014250 0.013315 0.012025 0.010332 0.008222 0.005730 0.002945 0.000000 
50.000000 41.431101 33.257286 25.819056 19.360301 14.007339 9.771131 6.568507 4.254201 2.654676 1.596616 0.926280 0.519212 0.282087 0.149478 0.078223 0.041405 0.023096 0.014326 0.010276 0.008472 0.007696 0.007373 0.007243 0.007193 0.007174 0.007167 0.007165 0.007164 0.007163 0.007163 0.007163 0.007162 0.007161 0.007158 0.007151 0.007139 0.007116 0.007074 0.007001 0.006879 0.006686 0.006394 0.005970 0.005388 0.004625 0.003678 0.002562 0.001316 0.000000 
50.000000 41.430405 33.255926 25.817092 19.357813 14.004417 9.767866 6.564984 4.250491 2.650837 1.592693 0.922303 0.515203 0.278059 0.145439 0.074178 0.037357 0.019047 0.010276 0.006226 0.004422 0.003645 0.003323 0.003193 0.003143 0.003124 0.003117 0.003114 0.003113 0.003113 0.003113 0.003113 0.003113 0.003112 0.003110 0.003108 0.003102 0.003092 0.003073 0.003041 0.002987 0.002902 0.002774 0.002589 0.002335 0.002003 0.001592 0.001108 0.000569 0.000000 
50.000000 41.430095 33.255320 25.816217 19.356704 14.003115 9.766412 6.563414 4.248838 2.649127 1.590945 0.920532 0.513416 0.276264 0.143640 0.072377 0.035554 0.017243 0.008472 0.004422 0.002617 0.001841 0.001519 0.001389 0.001338 0.001319 0.001312 0.001310 0.001309 0.001309 0.001309 0.001309 0.001309 0.001308 0.001308 0.001306 0.001304 0.001300 0.001292 0.001278 0.001255 0.001219 0.001164 0.001086 0.000979 0.000839 0.000667 0.000464 0.000238 0.000000 
50.000000 41.429961 33.255059 25.815840 19.356228 14.002555 9.765786 6.562739 4.248127 2.648392 1.590193 0.919770 0.512648 0.275492 0.142866 0.071602 0.034779 0.016467 0.007696 0.003646 0.001841 0.001065 0.000743 0.000613 0.000563 0.000544 0.000537 0.000534 0.000533 0.000533 0.000533 0.000533 0.000533 0.000533 0.000532 0.000532 0.000531 0.000529 0.000526 0.000520 0.000511 0.000496 0.000473 0.000441 0.000398 0.000341 0.000271 0.000188 0.000097 0.000000 
50.000000 41.429906 33.254951 25.815684 19.356030 14.002323 9.765527 6.562459 4.247833 2.648087 1.589881 0.919454 0.512330 0.275172 0.142545 0.071280 0.034457 0.016146 0.007374 0.003324 0.001520 0.000743 0.000421 0.000291 0.000241 0.000222 0.000215 0.000212 0.000211 0.000211 0.000211 0.000211 0.000211 0.000211 0.000211 0.000211 0.000210 0.000210 0.000208 0.000206 0.000202 0.000196 0.000187 0.000175 0.000157 0.000135 0.000107 0.000074 0.000038 0.000000 
50.000000 41.429884 33.254908 25.815622 19.355952 14.002231 9.765424 6.562348 4.247716 2.647966 1.589758 0.919329 0.512204 0.275046 0.142418 0.071153 0.034330 0.016018 0.007247 0.003197 0.001392 0.000616 0.000294 0.000164 0.000113 0.000094 0.000088 0.000085 0.000084 0.000084 0.000084 0.000084 0.000084 0.000084 0.000084 0.000084 0.000084 0.000083 0.000083 0.000082 0.000080 0.000078 0.000074 0.000069 0.000062 0.000053 0.000042 0.000029 0.000015 0.000000 
50.000000 41.429877 33.254893 25.815601 19.355925 14.002200 9.765389 6.562310 4.247676 2.647925 1.589716 0.919286 0.512161 0.275003 0.142375 0.071110 0.034287 0.015975 0.007204 0.003153 0.001349 0.000573 0.000250 0.000120 0.000070 0.000051 0.000044 0.000042 0.000041 0.000040 0.000040 0.000040 0.000040 0.000040 0.000040 0.000040 0.000040 0.000040 0.000040 0.000039 0.000039 0.000037 0.000036 0.000033 0.000030 0.000026 0.000020 0.000014 0.000007 0.000000 
50.000000 41.429877 33.254893 25.815601 19.355925 14.002200 9.765389 6.562310 4.247676 2.647925 1.589716 0.919286 0.512161 0.275003 0.142375 0.071110 0.034287 0.015975 0.007204 0.003153 0.001349 0.000573 0.000250 0.000120 0.000070 0.000051 0.000044 0.000042 0.000041 0.000040 0.000040 0.000040 0.000040 0.000040 0.000040 0.000040 0.000040 0.000040 0.000040 0.000039 0.000039 0.000037 0.000036 0.000033 0.000030 0.000026 0.000020 0.000014 0.000007 0.000000 
50.000000 41.429884 33.254908 25.815622 19.355952 14.002231 9.765424 6.562348 4.247716 2.647966 1.589758 0.919329 0.512204 0.275046 0.142418 0.071153 0.034330 0.016018 0.007247 0.003197 0.001392 0.000616 0.000294 0.000164 0.000113 0.000094 0.000088 0.000085 0.000084 0.000084 0.000084 0.000084 0.000084 0.000084 0.000084 0.000084 0.000084 0.000083 0.000083 0.000082 0.000080 0.000078 0.000074 0.000069 0.000062 0.000053 0.000042 0.000029 0.000015 0.000000 
50.000000 41.429906 33.254951 25.815684 19.356030 14.002323 9.765527 6.562459 4.247833 2.648087 1.589881 0.919454 0.512330 0.275172 0.142545 0.071280 0.034457 0.016146 0.007374 0.003324 0.001520 0.000743 0.000421 0.000291 0.000241 0.000222 0.000215 0.000212 0.000211 0.000211 0.000211 0.000211 0.000211 0.000211 0.000211 0.000211 0.000210 0.000210 0.000208 0.000206 0.000202 0.000196 0.000187 0.000175 0.000157 0.000135 0.000107 0.000074 0.000038 0.000000 
50.000000 41.429961 33.255059 25.815840 19.356228 14.002555 9.765786 6.562739 4.248127 2.648392 1.590193 0.919770 0.512648 0.275492 0.142866 0.071602 0.034779 0.016467 0.007696 0.003646 0.001841 0.001065 0.000743 0.000613 0.000563 0.000544 0.000537 0.000534 0.000533 0.000533 0.000533 0.000533 0.000533 0.000533 0.000532 0.000532 0.000531 0.000529 0.000526 0.000520 0.000511 0.000496 0.000473 0.000441 0.000398 0.000341 0.000271 0.000188 0.000097 0.000000 
50.000000 41.430095 33.255320 25.816217 19.356704 14.003115 9.766412 6.563414 4.248838 2.649127 1.590945 0.920532 0.513416 0.276264 0.143640 0.072377 0.035554 0.017243 0.008472 0.004422 0.002617 0.001841 0.001519 0.001389 0.001338 0.001319 0.001312 0.001310 0.001309 0.001309 0.001309 0.001309 0.001309 0.001308 0.001308 0.001306 0.001304 0.001300 0.001292 0.001278 0.001255 0.001219 0.001164 0.001086 0.000979 0.000839 0.000667 0.000464 0.000238 0.000000 
50.000000 41.430405 33.255926 25.817092 19.357813 14.004417 9.767866 6.564984 4.250491 2.650837 1.592693 0.922303 0.515203 0.278059 0.145439 0.074178 0.037357 0.019047 0.010276 0.006226 0.004422 0.003645 0.003323 0.003193 0.003143 0.003124 0.003117 0.003114 0.003113 0.003113 0.003113 0.003113 0.003113 0.003112 0.003110 0.003108 0.003102 0.003092 0.003073 0.003041 0.002987 0.002902 0.002774 0.002589 0.002335 0.002003 0.001592 0.001108 0.000569 0.000000 
50.000000 41.431101 33.257286 25.819056 19.360301 14.007339 9.771131 6.568507 4.254201 2.654676 1.596616 0.926280 0.519212 0.282087 0.149478 0.078223 0.041405 0.023096 0.014326 0.010276 0.008472 0.007696 0.007373 0.007243 0.007193 0.007174 0.007167 0.007165 0.007164 0.007163 0.007163 0.007163 0.007162 0.007161 0.007158 0.007151 0.007139 0.007116 0.007074 0.007001 0.006879 0.006686 0.006394 0.005970 0.005388 0.004625 0.003678 0.002562 0.001316 0.000000 
50.000000 41.432609 33.260231 25.823309 19.365689 14.013665 9.778200 6.576136 4.262235 2.662988 1.605112 0.934893 0.527896 0.290812 0.158225 0.086982 0.050170 0.031864 0.023096 0.019047 0.017243 0.016467 0.016144 0.016015 0.015964 0.015945 0.015938 0.015936 0.015935 0.015935 0.015934 0.015934 0.015932 0.015929 0.015922 0.015909 0.015882 0.015832 0.015741 0.015582 0.015317 0.014894 0.014250 0.013315 0.012025 0.010332 0.008222 0.005730 0.002945 0.000000 
50.000000 41.435755 33.266378 25.832185 19.376933 14.026871 9.792955 6.592062 4.279004 2.680341 1.622850 0.952873 0.546023 0.309025 0.176486 0.105269 0.068470 0.050170 0.041405 0.037357 0.035554 0.034778 0.034456 0.034326 0.034276 0.034257 0.034250 0.034248 0.034247 0.034246 0.034246 0.034244 0.034241 0.034235 0.034221 0.034194 0.034139 0.034034 0.033843 0.033510 0.032952 0.032058 0.030692 0.028703 0.025945 0.022311 0.017770 0.012394 0.006373 0.000000 
50.000000 41.442080 33.278735 25.850029 19.399539 14.053420 9.822622 6.624082 4.312724 2.715232 1.658515 0.989029 0.582475 0.345649 0.213206 0.142041 0.105269 0.086982 0.078223 0.074178 0.072376 0.071601 0.071279 0.071150 0.071099 0.071080 0.071073 0.071071 0.071070 0.071069 0.071068 0.071065 0.071060 0.071047 0.071020 0.070965 0.070855 0.070646 0.070263 0.069591 0.068461 0.066644 0.063854 0.059771 0.054084 0.046560 0.037121 0.025913 0.013332 0.000000 
50.000000 41.454318 33.302645 25.884556 19.443279 14.104792 9.880028 6.686045 4.377976 2.782754 1.727537 1.058998 0.653020 0.416528 0.284272 0.213206 0.176486 0.158225 0.149478 0.145439 0.143640 0.142865 0.142544 0.142414 0.142364 0.142345 0.142338 0.142336 0.142334 0.142333 0.142331 0.142327 0.142316 0.142292 0.142241 0.142136 0.141926 0.141525 0.140787 0.139486 0.137288 0.133735 0.128251 0.120182 0.108883 0.093858 0.074925 0.052356 0.026956 0.000000 
50.000000 41.477087 33.347130 25.948797 19.524667 14.200381 9.986848 6.801348 4.499402 2.908408 1.855984 1.189212 0.784305 0.548436 0.416528 0.345649 0.309025 0.290812 0.282087 0.278059 0.276264 0.275492 0.275171 0.275042 0.274992 0.274973 0.274966 0.274963 0.274962 0.274960 0.274957 0.274948 0.274929 0.274886 0.274794 0.274602 0.274218 0.273481 0.272119 0.269704 0.265602 0.258932 0.248574 0.233236 0.211625 0.182713 0.146077 0.102207 0.052668 0.000000 
50.000000 41.517792 33.426658 26.063645 19.670172 14.371281 10.177832 7.007505 4.716513 3.133083 2.085656 1.422047 1.019058 0.784305 0.653020 0.582475 0.546023 0.527896 0.519212 0.515203 0.513416 0.512648 0.512328 0.512200 0.512150 0.512131 0.512124 0.512121 0.512120 0.512117 0.512111 0.512097 0.512063 0.511989 0.511829 0.511495 0.510824 0.509529 0.507124 0.502835 0.495503 0.483502 0.464732 0.436729 0.396977 0.343408 0.275071 0.192771 0.099443 0.000000 
50.000000 41.587654 33.563153 26.260763 19.919913 14.664617 10.505650 7.361375 5.089195 3.518756 2.479915 1.821740 1.422047 1.189212 1.058998 0.989029 0.952873 0.934893 0.926280 0.922303 0.920531 0.919769 0.919452 0.919325 0.919275 0.919257 0.919250 0.919247 0.919244 0.919240 0.919230 0.919207 0.919152 0.919030 0.918765 0.918211 0.917094 0.914924 0.910870 0.903596 0.891071 0.870413 0.837833 0.788806 0.718581 0.623108 0.500298 0.351328 0.181490 0.000000 
50.000000 41.702673 33.787878 26.585303 20.331103 15.147596 11.045416 7.944051 5.702861 4.153826 3.129133 2.479915 2.085656 1.855984 1.727537 1.658515 1.622850 1.605112 1.596616 1.592693 1.590944 1.590193 1.589880 1.589754 1.589705 1.589687 1.589680 1.589676 1.589673 1.589667 1.589652 1.589615 1.589531 1.589340 1.588924 1.588050 1.586280 1.582821 1.576319 1.564567 1.544169 1.510229 1.456189 1.374028 1.255076 1.091595 0.879106 0.618984 0.320347 0.000000 
50.000000 41.884183 34.142517 27.097470 20.980025 15.909829 11.897290 8.863668 6.671409 5.156174 4.153826 3.518756 3.133083 2.908408 2.782754 2.715232 2.680341 2.662988 2.654676 2.650837 2.649127 2.648391 2.648086 2.647963 2.647915 2.647896 2.647889 2.647886 2.647882 2.647872 2.647850 2.647797 2.647672 2.647389 2.646771 2.645466 2.642807 2.637580 2.627685 2.609657 2.578087 2.525029 2.439605 2.308150 2.115354 1.846821 1.493174 1.055070 0.547405 0.000000 
50.000000 42.158531 34.678551 27.871616 21.960895 17.061996 13.184984 10.253790 8.135523 6.671409 5.702861 5.089195 4.716513 4.499402 4.377976 4.312724 4.279004 4.262235 4.254201 4.250491 4.248838 4.248127 4.247831 4.247712 4.247666 4.247649 4.247642 4.247637 4.247632 4.247620 4.247589 4.247515 4.247341 4.246946 4.246080 4.244240 4.240470 4.233011 4.218782 4.192632 4.146380 4.067762 3.939557 3.739433 3.441304 3.019110 2.453676 1.742114 0.907040 0.000000 
50.000000 42.555413 35.454002 28.991543 23.379905 18.728849 15.047939 12.264971 10.253790 8.863668 7.944051 7.361375 7.007505 6.801348 6.686045 6.624082 6.592062 6.576136 6.568507 6.564984 6.563414 6.562739 6.562458 6.562345 6.562301 6.562284 6.562277 6.562273 6.562266 6.562250 6.562210 6.562114 6.561887 6.561370 6.560228 6.557794 6.552774 6.542774 6.523542 6.487862 6.424063 6.314234 6.132486 5.843984 5.406002 4.772781 3.906086 2.792085 1.461176 0.000000 
50.000000 43.104553 36.526951 30.541141 25.343361 21.035277 17.625758 15.047939 13.184984 11.897290 11.045416 10.505650 10.177832 9.986848 9.880028 9.822622 9.792955 9.778200 9.771131 9.767866 9.766412 9.765786 9.765526 9.765421 9.765380 9.765364 9.765358 9.765353 9.765345 9.765326 9.765278 9.765161 9.764884 9.764252 9.762851 9.759846 9.753611 9.741103 9.716844 9.671388 9.589140 9.445551 9.203955 8.812879 8.205515 7.304372 6.035473 4.356464 2.297835 0.000000 
50.000000 43.830824 37.946002 32.590614 27.940225 24.085798 21.035277 18.728849 17.061996 15.909829 15.147596 14.664617 14.371281 14.200381 14.104792 14.053420 14.026871 14.013665 14.007339 14.004417 14.003115 14.002555 14.002322 14.002228 14.002192 14.002178 14.002171 14.002167 14.002158 14.002136 14.002083 14.001951 14.001640 14.000926 13.999336 13.995909 13.988757 13.974305 13.946036 13.892520 13.794475 13.620693 13.322847 12.829762 12.042899 10.837126 9.074846 6.646564 3.550833 0.000000 
50.000000 44.748458 39.738961 35.180127 31.221404 27.940225 25.343361 23.379905 21.960895 20.980025 20.331103 19.919913 19.670172 19.524667 19.443279 19.399539 19.376933 19.365689 19.360301 19.357813 19.356704 19.356227 19.356029 19.355949 19.355918 19.355906 19.355900 19.355896 19.355887 19.355865 19.355810 19.355676 19.355357 19.354622 19.352979 19.349421 19.341954 19.326764 19.296805 19.239508 19.133204 18.941785 18.607124 18.038989 17.103099 15.610702 13.320261 9.978022 5.450296 0.000000 
50.000000 45.855557 41.902125 38.304335 35.180127 32.590614 30.541141 28.991543 27.871616 27.097470 26.585303 26.260763 26.063645 25.948797 25.884556 25.850029 25.832185 25.823309 25.819056 25.817092 25.816217 25.815840 25.815683 25.815620 25.815596 25.815586 25.815582 25.815578 25.815570 25.815550 25.815500 25.815378 25.815087 25.814415 25.812908 25.809631 25.802720 25.788574 25.760465 25.706197 25.604297 25.417940 25.085457 24.505668 23.515768 21.859867 19.152168 14.865170 8.461793 0.000000 
50.000000 47.130466 44.393179 41.902125 39.738961 37.946002 36.526951 35.454002 34.678551 34.142517 33.787878 33.563153 33.426658 33.347130 33.302645 33.278735 33.266378 33.260231 33.257286 33.255926 33.255320 33.255059 33.254950 33.254907 33.254890 33.254883 33.254880 33.254877 33.254871 33.254856 33.254818 33.254724 33.254501 33.253984 33.252822 33.250288 33.244923 33.233887 33.211825 33.168893 33.087447 32.936438 32.661917 32.170487 31.299438 29.760940 27.036955 22.196590 13.699515 0.000000 
50.000000 48.531392 47.130466 45.855557 44.748458 43.830824 43.104553 42.555413 42.158531 41.884183 41.702673 41.587654 41.517792 41.477087 41.454318 41.442080 41.435755 41.432609 41.431101 41.430405 41.430095 41.429961 41.429906 41.429883 41.429875 41.429871 41.429870 41.429868 41.429865 41.429857 41.429836 41.429785 41.429664 41.429382 41.428748 41.427362 41.424420 41.418349 41.406164 41.382326 41.336778 41.251491 41.094237 40.806717 40.279991 39.298163 37.393764 33.430951 24.265696 0.000000 
50.000000 50.000000 50.000000 50.000000 50.000000 50.000000 50.000000 50.000000 50.000000 50.000000 50.000000 50.000000 50.000000 50.000000 50.000000 50.000000 50.000000 50.000000 50.000000 50.000000 50.000000 50.000000 50.000000 50.000000 50.000000 50.000000 50.000000 50.000000 50.000000 50.000000 50.000000 50.000000 50.000000 50.000000 50.000000 50.000000 50.000000 50.000000 50.000000 50.000000 50.000000 50.000000 50.000000 50.000000 50.000000 50.000000 50.000000 50.000000 50.000000 50.000000 
