50.000000 50.000000 50.000000 50.000000 50.000000 50.000000 50.000000 50.000000 50.000000 50.000000 50.000000 50.000000 50.000000 50.000000 50.000000 50.000000 50.000000 50.000000 50.000000 50.000000 50.000000 50.000000 50.000000 50.000000 50.000000 50.000000 50.000000 50.000000 50.000000 50.000000 50.000000 50.000000 50.000000 50.000000 50.000000 50.000000 50.000000 50.000000 50.000000 50.000000 50.000000 50.000000 50.000000 50.000000 50.000000 50.000000 50.000000 50.000000 50.000000 50.000000 
50.000000 46.316456 43.057571 40.501797 38.718658 37.606624 36.983360 36.667635 36.522261 36.461086 36.437438 36.429000 36.426209 36.425349 36.425102 36.425035 36.425018 36.425014 36.425013 36.425013 36.425013 36.425013 36.425013 36.425013 36.425013 36.425013 36.425013 36.425013 36.425013 36.425013 36.425013 36.425013 36.425013 36.425013 36.425012 36.425008 36.424991 36.424927 36.424687 36.423847 36.421066 36.412379 36.386741 36.315058 36.124114 35.634588 34.405807 31.305343 23.158228 0.000000 
50.000000 43.057571 36.915614 32.098961 28.738595 26.643074 25.468682 24.873823 24.599949 24.484712 24.440171 24.424279 24.419022 24.417404 24.416938 24.416812 24.416780 24.416773 24.416771 24.416771 24.416771 24.416771 24.416771 24.416771 24.416771 24.416771 24.416771 24.416771 24.416771 24.416771 24.416771 24.416771 24.416771 24.416770 24.416769 24.416762 24.416736 24.416633 24.416253 24.414928 24.410578 24.397138 24.358082 24.251336 23.976637 23.309711 21.778662 18.457807 11.752229 0.000000 
50.000000 40.501797 32.098961 25.509602 20.912822 18.046532 16.440351 15.626878 15.252403 15.094859 15.033974 15.012255 15.005072 15.002860 15.002224 15.002052 15.002009 15.001998 15.001996 15.001996 15.001995 15.001995 15.001995 15.001995 15.001995 15.001995 15.001995 15.001995 15.001995 15.001995 15.001995 15.001995 15.001995 15.001995 15.001993 15.001987 15.001959 15.001852 15.001460 15.000105 14.995701 14.982277 14.943979 14.841913 14.588396 14.003247 12.754801 10.320299 6.095991 0.000000 
50.000000 38.718658 28.738595 20.912822 15.453936 12.050421 10.143417 9.177716 8.733229 8.546261 8.474015 8.448248 8.439728 8.437106 8.436351 8.436148 8.436096 8.436084 8.436081 8.436080 8.436080 8.436080 8.436080 8.436080 8.436080 8.436080 8.436080 8.436080 8.436080 8.436080 8.436080 8.436080 8.436080 8.436080 8.436079 8.436073 8.436051 8.435964 8.435649 8.434569 8.431098 8.420663 8.391427 8.315341 8.132217 7.726968 6.909575 5.428884 3.084070 0.000000 
50.000000 37.606624 26.643074 18.046532 12.050421 8.312293 6.218029 5.157628 4.669618 4.464371 4.385075 4.356798 4.347449 4.344572 4.343744 4.343521 4.343465 4.343451 4.343448 4.343447 4.343447 4.343447 4.343447 4.343447 4.343447 4.343447 4.343447 4.343447 4.343447 4.343447 4.343447 4.343447 4.343447 4.343447 4.343446 4.343442 4.343427 4.343369 4.343159 4.342443 4.340167 4.333413 4.314798 4.267352 4.156146 3.918204 3.458136 2.666436 1.482509 0.000000 
50.000000 36.983360 25.468682 16.440351 10.143417 6.218029 4.019038 2.905716 2.393405 2.177961 2.094736 2.065061 2.055252 2.052233 2.051365 2.051131 2.051072 2.051057 2.051054 2.051054 2.051053 2.051053 2.051053 2.051053 2.051053 2.051053 2.051053 2.051053 2.051053 2.051053 2.051053 2.051053 2.051053 2.051053 2.051053 2.051051 2.051042 2.051008 2.050887 2.050479 2.049193 2.045423 2.035177 2.009519 1.950677 1.828076 1.598437 1.217346 0.668303 0.000000 
50.000000 36.667635 24.873823 15.626878 9.177716 5.157628 2.905716 1.765675 1.241106 1.020525 0.935321 0.904944 0.894903 0.891814 0.890925 0.890686 0.890625 0.890611 0.890607 0.890607 0.890607 0.890607 0.890607 0.890607 0.890607 0.890607 0.890607 0.890607 0.890607 0.890607 0.890607 0.890607 0.890607 0.890606 0.890606 0.890605 0.890601 0.890584 0.890523 0.890318 0.889678 0.887822 0.882838 0.870540 0.842830 0.786289 0.682899 0.515741 0.280894 0.000000 
50.000000 36.522261 24.599949 15.252403 8.733229 4.669618 2.393405 1.241106 0.710920 0.487986 0.401879 0.371181 0.361034 0.357912 0.357015 0.356773 0.356711 0.356697 0.356694 0.356693 0.356693 0.356693 0.356693 0.356693 0.356693 0.356693 0.356693 0.356693 0.356693 0.356693 0.356693 0.356693 0.356693 0.356693 0.356692 0.356692 0.356690 0.356682 0.356655 0.356563 0.356279 0.355460 0.353285 0.347982 0.336205 0.312566 0.270126 0.202811 0.109881 0.000000 
50.000000 36.461086 24.484712 15.094859 8.546261 4.464371 2.177961 1.020525 0.487986 0.264070 0.177584 0.146752 0.136562 0.133427 0.132525 0.132282 0.132221 0.132206 0.132203 0.132202 0.132202 0.132202 0.132202 0.132202 0.132202 0.132202 0.132202 0.132202 0.132202 0.132202 0.132202 0.132202 0.132202 0.132202 0.132202 0.132202 0.132201 0.132198 0.132186 0.132149 0.132035 0.131708 0.130846 0.128768 0.124204 0.115163 0.099158 0.074134 0.040020 0.000000 
50.000000 36.437438 24.440171 15.033974 8.474015 4.385075 2.094736 0.935321 0.401879 0.177584 0.090954 0.060071 0.049864 0.046723 0.045821 0.045577 0.045516 0.045501 0.045497 0.045497 0.045497 0.045497 0.045497 0.045497 0.045497 0.045497 0.045497 0.045497 0.045497 0.045497 0.045497 0.045497 0.045497 0.045497 0.045497 0.045496 0.045496 0.045495 0.045491 0.045477 0.045435 0.045316 0.045004 0.044257 0.042632 0.039446 0.033869 0.025243 0.013592 0.000000 
50.000000 36.429000 24.424279 15.012255 8.448248 4.356798 2.065061 0.904944 0.371181 0.146752 0.060071 0.029170 0.018956 0.015814 0.014911 0.014667 0.014606 0.014591 0.014588 0.014587 0.014587 0.014587 0.014587 0.014587 0.014587 0.014587 0.014587 0.014587 0.014587 0.014587 0.014587 0.014587 0.014587 0.014587 0.014587 0.014587 0.014587 0.014586 0.014585 0.014580 0.014566 0.014526 0.014422 0.014174 0.013639 0.012599 0.010794 0.008026 0.004313 0.000000 
50.000000 36.426209 24.419022 15.005072 8.439728 4.347449 2.055252 0.894903 0.361034 0.136562 0.049864 0.018956 0.008741 0.005599 0.004695 0.004452 0.004390 0.004375 0.004372 0.004371 0.004371 0.004371 0.004371 0.004371 0.004371 0.004371 0.004371 0.004371 0.004371 0.004371 0.004371 0.004371 0.004371 0.004371 0.004371 0.004371 0.004371 0.004371 0.004370 0.004369 0.004364 0.004352 0.004320 0.004243 0.004080 0.003764 0.003219 0.002389 0.001282 0.000000 
50.000000 36.425349 24.417404 15.002860 8.437106 4.344572 2.052233 0.891814 0.357912 0.133427 0.046723 0.015814 0.005599 0.002456 0.001552 0.001309 0.001247 0.001232 0.001229 0.001228 0.001228 0.001228 0.001228 0.001228 0.001228 0.001228 0.001228 0.001228 0.001228 0.001228 0.001228 0.001228 0.001228 0.001228 0.001228 0.001228 0.001228 0.001228 0.001228 0.001227 0.001226 0.001222 0.001213 0.001191 0.001144 0.001055 0.000901 0.000668 0.000358 0.000000 
50.000000 36.425102 24.416938 15.002224 8.436351 4.343744 2.051365 0.890925 0.357015 0.132525 0.045821 0.014911 0.004695 0.001552 0.000649 0.000405 0.000343 0.000328 0.000325 0.000324 0.000324 0.000324 0.000324 0.000324 0.000324 0.000324 0.000324 0.000324 0.000324 0.000324 0.000324 0.000324 0.000324 0.000324 0.000324 0.000324 0.000324 0.000324 0.000324 0.000324 0.000324 0.000323 0.000320 0.000314 0.000302 0.000278 0.000237 0.000176 0.000094 0.000000 
50.000000 36.425035 24.416812 15.002052 8.436148 4.343521 2.051131 0.890686 0.356773 0.132282 0.045577 0.014667 0.004452 0.001309 0.000405 0.000161 0.000100 0.000085 0.000082 0.000081 0.000081 0.000081 0.000081 0.000081 0.000081 0.000081 0.000081 0.000081 0.000081 0.000081 0.000081 0.000081 0.000081 0.000081 0.000081 0.000081 0.000081 0.000081 0.000081 0.000081 0.000081 0.000080 0.000080 0.000078 0.000075 0.000069 0.000059 0.000044 0.000023 0.000000 
50.000000 36.425018 24.416780 15.002009 8.436096 4.343465 2.051072 0.890625 0.356711 0.132221 0.045516 0.014606 0.004390 0.001247 0.000343 0.000100 0.000038 0.000023 0.000020 0.000019 0.000019 0.000019 0.000019 0.000019 0.000019 0.000019 0.000019 0.000019 0.000019 0.000019 0.000019 0.000019 0.000019 0.000019 0.000019 0.000019 0.000019 0.000019 0.000019 0.000019 0.000019 0.000019 0.000019 0.000018 0.000018 0.000016 0.000014 0.000010 0.000005 0.000000 
50.000000 36.425014 24.416773 15.001998 8.436084 4.343451 2.051057 0.890611 0.356697 0.132206 0.045501 0.014591 0.004375 0.001232 0.000328 0.000085 0.000023 0.000008 0.000005 0.000004 0.000004 0.000004 0.000004 0.000004 0.000004 0.000004 0.000004 0.000004 0.000004 0.000004 0.000004 0.000004 0.000004 0.000004 0.000004 0.000004 0.000004 0.000004 0.000004 0.000004 0.000004 0.000004 0.000004 0.000004 0.000004 0.000004 0.000003 0.000002 0.000001 0.000000 
50.000000 36.425013 24.416771 15.001996 8.436081 4.343448 2.051054 0.890607 0.356694 0.132203 0.045497 0.014588 0.004372 0.001229 0.000325 0.000082 0.000020 0.000005 0.000002 0.000001 0.000001 0.000001 0.000001 0.000001 0.000001 0.000001 0.000001 0.000001 0.000001 0.000001 0.000001 0.000001 0.000001 0.000001 0.000001 0.000001 0.000001 0.000001 0.000001 0.000001 0.000001 0.000001 0.000001 0.000001 0.000001 0.000001 0.000001 0.000000 0.000000 0.000000 
50.000000 36.425013 24.416771 15.001996 8.436080 4.343447 2.051054 0.890607 0.356693 0.132202 0.045497 0.014587 0.004371 0.001228 0.000324 0.000081 0.000019 0.000004 0.000001 0.000000 0.000000 0.000000 0.000000 0.000000 0.000000 0.000000 0.000000 0.000000 0.000000 0.000000 0.000000 0.000000 0.000000 0.000000 0.000000 0.000000 0.000000 0.000000 0.000000 0.000000 0.000000 0.000000 0.000000 0.000000 0.000000 0.000000 0.000000 0.000000 0.000000 0.000000 
50.000000 36.425013 24.416771 15.001995 8.436080 4.343447 2.051053 0.890607 0.356693 0.132202 0.045497 0.014587 0.004371 0.001228 0.000324 0.000081 0.000019 0.000004 0.000001 0.000000 0.000000 0.000000 0.000000 0.000000 0.000000 0.000000 0.000000 0.000000 0.000000 0.000000 0.000000 0.000000 0.000000 0.000000 0.000000 0.000000 0.000000 0.000000 0.000000 0.000000 0.000000 0.000000 0.000000 0.000000 0.000000 0.000000 0.000000 0.000000 0.000000 0.000000 
50.000000 36.425013 24.416771 15.001995 8.436080 4.343447 2.051053 0.890607 0.356693 0.132202 0.045497 0.014587 0.004371 0.001228 0.000324 0.000081 0.000019 0.000004 0.000001 0.000000 0.000000 0.000000 0.000000 0.000000 0.000000 0.000000 0.000000 0.000000 0.000000 0.000000 0.000000 0.000000 0.000000 0.000000 0.000000 0.000000 0.000000 0.000000 0.000000 0.000000 0.000000 0.000000 0.000000 0.000000 0.000000 0.000000 0.000000 0.000000 0.000000 0.000000 
50.000000 36.425013 24.416771 15.001995 8.436080 4.343447 2.051053 0.890607 0.356693 0.132202 0.045497 0.014587 0.004371 0.001228 0.000324 0.000081 0.000019 0.000004 0.000001 0.000000 0.000000 0.000000 0.000000 0.000000 0.000000 0.000000 0.000000 0.000000 0.000000 0.000000 0.000000 0.000000 0.000000 0.000000 0.000000 0.000000 0.000000 0.000000 0.000000 0.000000 0.000000 0.000000 0.000000 0.000000 0.000000 0.000000 0.000000 0.000000 0.000000 0.000000 
50.000000 36.425013 24.416771 15.001995 8.436080 4.343447 2.051053 0.890607 0.356693 0.132202 0.045497 0.014587 0.004371 0.001228 0.000324 0.000081 0.000019 0.000004 0.000001 0.000000 0.000000 0.000000 0.000000 0.000000 0.000000 0.000000 0.000000 0.000000 0.000000 0.000000 0.000000 0.000000 0.000000 0.000000 0.000000 0.000000 0.000000 0.000000 0.000000 0.000000 0.000000 0.000000 0.000000 0.000000 0.000000 0.000000 0.000000 0.000000 0.000000 0.000000 
50.000000 36.425013 24.416771 15.001995 8.436080 4.343447 2.051053 0.890607 0.356693 0.132202 0.045497 0.014587 0.004371 0.001228 0.000324 0.000081 0.000019 0.000004 0.000001 0.000000 0.000000 0.000000 0.000000 0.000000 0.000000 0.000000 0.000000 0.000000 0.000000 0.000000 0.000000 0.000000 0.000000 0.000000 0.000000 0.000000 0.000000 0.000000 0.000000 0.000000 0.000000 0.000000 0.000000 0.000000 0.000000 0.000000 0.000000 0.000000 0.000000 0.000000 
50.000000 36.425013 24.416771 15.001995 8.436080 4.343447 2.051053 0.890607 0.356693 0.132202 0.045497 0.014587 0.004371 0.001228 0.000324 0.000081 0.000019 0.000004 0.000001 0.000000 0.000000 0.000000 0.000000 0.000000 0.000000 0.000000 0.000000 0.000000 0.000000 0.000000 0.000000 0.000000 0.000000 0.000000 0.000000 0.000000 0.000000 0.000000 0.000000 0.000000 0.000000 0.000000 0.000000 0.000000 0.000000 0.000000 0.000000 0.000000 0.000000 0.000000 
50.000000 36.425013 24.416771 15.001995 8.436080 4.343447 2.051053 0.890607 0.356693 0.132202 0.045497 0.014587 0.004371 0.001228 0.000324 0.000081 0.000019 0.000004 0.000001 0.000000 0.000000 0.000000 0.000000 0.000000 0.000000 0.000000 0.000000 0.000000 0.000000 0.000000 0.000000 0.000000 0.000000 0.000000 0.000000 0.000000 0.000000 0.000000 0.000000 0.000000 0.000000 0.000000 0.000000 0.000000 0.000000 0.000000 0.000000 0.000000 0.000000 0.000000 
50.000000 36.425013 24.416771 15.001995 8.436080 4.343447 2.051053 0.890607 0.356693 0.132202 0.045497 0.014587 0.004371 0.001228 0.000324 0.000081 0.000019 0.000004 0.000001 0.000000 0.000000 0.000000 0.000000 0.000000 0.000000 0.000000 0.000000 0.000000 0.000000 0.000000 0.000000 0.000000 0.000000 0.000000 0.000000 0.000000 0.000000 0.000000 0.000000 0.000000 0.000000 0.000000 0.000000 0.000000 0.000000 0.000000 0.000000 0.000000 0.000000 0.000000 
50.000000 36.425013 24.416771 15.001995 8.436080 4.343447 2.051053 0.890607 0.356693 0.132202 0.045497 0.014587 0.004371 0.001228 0.000324 0.000081 0.000019 0.000004 0.000001 0.000000 0.000000 0.000000 0.000000 0.000000 0.000000 0.000000 0.000000 0.000000 0.000000 0.000000 0.000000 0.000000 0.000000 0.000000 0.000000 0.000000 0.000000 0.000000 0.000000 0.000000 0.000000 0.000000 0.000000 0.000000 0.000000 0.000000 0.000000 0.000000 0.000000 0.000000 
50.000000 36.425013 24.416771 15.001995 8.436080 4.343447 2.051053 0.890607 0.356693 0.132202 0.045497 0.014587 0.004371 0.001228 0.000324 0.000081 0.000019 0.000004 0.000001 0.000000 0.000000 0.000000 0.000000 0.000000 0.000000 0.000000 0.000000 0.000000 0.000000 0.000000 0.000000 0.000000 0.000000 0.000000 0.000000 0.000000 0.000000 0.000000 0.000000 0.000000 0.000000 0.000000 0.000000 0.000000 0.000000 0.000000 0.000000 0.000000 0.000000 0.000000 
50.000000 36.425013 24.416771 15.001996 8.436080 4.343447 2.051054 0.890607 0.356693 0.132202 0.045497 0.014587 0.004371 0.001228 0.000324 0.000081 0.000019 0.000004 0.000001 0.000000 0.000000 0.000000 0.000000 0.000000 0.000000 0.000000 0.000000 0.000000 0.000000 0.000000 0.000000 0.000000 0.000000 0.000000 0.000000 0.000000 0.000000 0.000000 0.000000 0.000000 0.000000 0.000000 0.000000 0.000000 0.000000 0.000000 0.000000 0.000000 0.000000 0.000000 
50.000000 36.425013 24.416771 15.001996 8.436081 4.343448 2.051054 0.890607 0.356694 0.132203 0.045497 0.014588 0.004372 0.001229 0.000325 0.000082 0.000020 0.000005 0.000002 0.000001 0.000001 0.000001 0.000001 0.000001 0.000001 0.000001 0.000001 0.000001 0.000001 0.000001 0.000001 0.000001 0.000001 0.000001 0.000001 0.000001 0.000001 0.000001 0.000001 0.000001 0.000001 0.000001 0.000001 0.000001 0.000001 0.000001 0.000001 0.000000 0.000000 0.000000 
50.000000 36.425014 24.416773 15.001998 8.436084 4.343451 2.051057 0.890611 0.356697 0.132206 0.045501 0.014591 0.004375 0.001232 0.000328 0.000085 0.000023 0.000008 0.000005 0.000004 0.000004 0.000004 0.000004 0.000004 0.000004 0.000004 0.000004 0.000004 0.000004 0.000004 0.000004 0.000004 0.000004 0.000004 0.000004 0.000004 0.000004 0.000004 0.000004 0.000004 0.000004 0.000004 0.000004 0.000004 0.000004 0.000004 0.000003 0.000002 0.000001 0.000000 
50.000000 36.425018 24.416780 15.002009 8.436096 4.343465 2.051072 0.890625 0.356711 0.132221 0.045516 0.014606 0.004390 0.001247 0.000343 0.000100 0.000038 0.000023 0.000020 0.000019 0.000019 0.000019 0.000019 0.000019 0.000019 0.000019 0.000019 0.000019 0.000019 0.000019 0.000019 0.000019 0.000019 0.000019 0.000019 0.000019 0.000019 0.000019 0.000019 0.000019 0.000019 0.000019 0.000019 0.000018 0.000018 0.000016 0.000014 0.000010 0.000005 0.000000 
50.000000 36.425035 24.416812 15.002052 8.436148 4.343521 2.051131 0.890686 0.356773 0.132282 0.045577 0.014667 0.004452 0.001309 0.000405 0.000161 0.000100 0.000085 0.000082 0.000081 0.000081 0.000081 0.000081 0.000081 0.000081 0.000081 0.000081 0.000081 0.000081 0.000081 0.000081 0.000081 0.000081 0.000081 0.000081 0.000081 0.000081 0.000081 0.000081 0.000081 0.000081 0.000080 0.000080 0.000078 0.000075 0.000069 0.000059 0.000044 0.000023 0.000000 
50.000000 36.425102 24.416938 15.002224 8.436351 4.343744 2.051365 0.890925 0.357015 0.132525 0.045821 0.014911 0.004695 0.001552 0.000649 0.000405 0.000343 0.000328 0.000325 0.000324 0.000324 0.000324 0.000324 0.000324 0.000324 0.000324 0.000324 0.000324 0.000324 0.000324 0.000324 0.000324 0.000324 0.000324 0.000324 0.000324 0.000324 0.000324 0.000324 0.000324 0.000324 0.000323 0.000320 0.000314 0.000302 0.000278 0.000237 0.000176 0.000094 0.000000 
50.000000 36.425349 24.417404 15.002860 8.437106 4.344572 2.052233 0.891814 0.357912 0.133427 0.046723 0.015814 0.005599 0.002456 0.001552 0.001309 0.001247 0.001232 0.001229 0.001228 0.001228 0.001228 0.001228 0.001228 0.001228 0.001228 0.001228 0.001228 0.001228 0.001228 0.001228 0.001228 0.001228 0.001228 0.001228 0.001228 0.001228 0.001228 0.001228 0.001227 0.001226 0.001222 0.001213 0.001191 0.001144 0.001055 0.000901 0.000668 0.000358 0.000000 
50.000000 36.426209 24.419022 15.005072 8.439728 4.347449 2.055252 0.894903 0.361034 0.136562 0.049864 0.018956 0.008741 0.005599 0.004695 0.004452 0.004390 0.004375 0.004372 0.004371 0.004371 0.004371 0.004371 0.004371 0.004371 0.004371 0.004371 0.004371 0.004371 0.004371 0.004371 0.004371 0.004371 0.004371 0.004371 0.004371 0.004371 0.004371 0.004370 0.004369 0.004364 0.004352 0.004320 0.004243 0.004080 0.003764 0.003219 0.002389 0.001282 0.000000 
50.000000 36.429000 24.424279 15.012255 8.448248 4.356798 2.065061 0.904944 0.371181 0.146752 0.060071 0.029170 0.018956 0.015814 0.014911 0.014667 0.014606 0.014591 0.014588 0.014587 0.014587 0.014587 0.014587 0.014587 0.014587 0.014587 0.014587 0.014587 0.014587 0.014587 0.014587 0.014587 0.014587 0.014587 0.014587 0.014587 0.014587 0.014586 0.014585 0.014580 0.014566 0.014526 0.014422 0.014174 0.013639 0.012599 0.010794 0.008026 0.004313 0.000000 
50.000000 36.437438 24.440171 15.033974 8.474015 4.385075 2.094736 0.935321 0.401879 0.177584 0.090954 0.060071 0.049864 0.046723 0.045821 0.045577 0.045516 0.045501 0.045497 0.045497 0.045497 0.045497 0.045497 0.045497 0.045497 0.045497 0.045497 0.045497 0.045497 0.045497 0.045497 0.045497 0.045497 0.045497 0.045497 0.045496 0.045496 0.045495 0.045491 0.045477 0.045435 0.045316 0.045004 0.044257 0.042632 0.039446 0.033869 0.025243 0.013592 0.000000 
50.000000 36.461086 24.484712 15.094859 8.546261 4.464371 2.177961 1.020525 0.487986 0.264070 0.177584 0.146752 0.136562 0.133427 0.132525 0.132282 0.132221 0.132206 0.132203 0.132202 0.132202 0.132202 0.132202 0.132202 0.132202 0.132202 0.132202 0.132202 0.132202 0.132202 0.132202 0.132202 0.132202 0.132202 0.132202 0.132202 0.132201 0.132198 0.132186 0.132149 0.132035 0.131708 0.130846 0.128768 0.124204 0.115163 0.099158 0.074134 0.040020 0.000000 
50.000000 36.522261 24.599949 15.252403 8.733229 4.669618 2.393405 1.241106 0.710920 0.487986 0.401879 0.371181 0.361034 0.357912 0.357015 0.356773 0.356711 0.356697 0.356694 0.356693 0.356693 0.356693 0.356693 0.356693 0.356693 0.356693 0.356693 0.356693 0.356693 0.356693 0.356693 0.356693 0.356693 0.356693 0.356692 0.356692 0.356690 0.356682 0.356655 0.356563 0.356279 0.355460 0.353285 0.347982 0.336205 0.312566 0.270126 0.202811 0.109881 0.000000 
50.000000 36.667635 24.873823 15.626878 9.177716 5.157628 2.905716 1.765675 1.241106 1.020525 0.935321 0.904944 0.894903 0.891814 0.890925 0.890686 0.890625 0.890611 0.890607 0.890607 0.890607 0.890607 0.890607 0.890607 0.890607 0.890607 0.890607 0.890607 0.890607 0.890607 0.890607 0.890607 0.890607 0.890606 0.890606 0.890605 0.890601 0.890584 0.890523 0.890318 0.889678 0.887822 0.882838 0.870540 0.842830 0.786289 0.682899 0.515741 0.280894 0.000000 
50.000000 36.983360 25.468682 16.440351 10.143417 6.218029 4.019038 2.905716 2.393405 2.177961 2.094736 2.065061 2.055252 2.052233 2.051365 2.051131 2.051072 2.051057 2.051054 2.051054 2.051053 2.051053 2.051053 2.051053 2.051053 2.051053 2.051053 2.051053 2.051053 2.051053 2.051053 2.051053 2.051053 2.051053 2.051053 2.051051 2.051042 2.051008 2.050887 2.050479 2.049193 2.045423 2.035177 2.009519 1.950677 1.828076 1.598437 1.217346 0.668303 0.000000 
50.000000 37.606624 26.643074 18.046532 12.050421 8.312293 6.218029 5.157628 4.669618 4.464371 4.385075 4.356798 4.347449 4.344572 4.343744 4.343521 4.343465 4.343451 4.343448 4.343447 4.343447 4.343447 4.343447 4.343447 4.343447 4.343447 4.343447 4.343447 4.343447 4.343447 4.343447 4.343447 4.343447 4.343447 4.343446 4.343442 4.343427 4.343369 4.343159 4.342443 4.340167 4.333413 4.314798 4.267352 4.156146 3.918204 3.458136 2.666436 1.482509 0.000000 
50.000000 38.718658 28.738595 20.912822 15.453936 12.050421 10.143417 9.177716 8.733229 8.546261 8.474015 8.448248 8.439728 8.437106 8.436351 8.436148 8.436096 8.436084 8.436081 8.436080 8.436080 8.436080 8.436080 8.436080 8.436080 8.436080 8.436080 8.436080 8.436080 8.436080 8.436080 8.436080 8.436080 8.436080 8.436079 8.436073 8.436051 8.435964 8.435649 8.434569 8.431098 8.420663 8.391427 8.315341 8.132217 7.726968 6.909575 5.428884 3.084070 0.000000 
50.000000 40.501797 32.098961 25.509602 20.912822 18.046532 16.440351 15.626878 15.252403 15.094859 15.033974 15.012255 15.005072 15.002860 15.002224 15.002052 15.002009 15.001998 15.001996 15.001996 15.001995 15.001995 15.001995 15.001995 15.001995 15.001995 15.001995 15.001995 15.001995 15.001995 15.001995 15.001995 15.001995 15.001995 15.001993 15.001987 15.001959 15.001852 15.001460 15.000105 14.995701 14.982277 14.943979 14.841913 14.588396 14.003247 12.754801 10.320299 6.095991 0.000000 
50.000000 43.057571 36.915614 32.098961 28.738595 26.643074 25.468682 24.873823 24.599949 24.484712 24.440171 24.424279 24.419022 24.417404 24.416938 24.416812 24.416780 24.416773 24.416771 24.416771 24.416771 24.416771 24.416771 24.416771 24.416771 24.416771 24.416771 24.416771 24.416771 24.416771 24.416771 24.416771 24.416771 24.416770 24.416769 24.416762 24.416736 24.416633 24.416253 24.414928 24.410578 24.397138 24.358082 24.251336 23.976637 23.309711 21.778662 18.457807 11.752229 0.000000 
50.000000 46.316456 43.057571 40.501797 38.718658 37.606624 36.983360 36.667635 36.522261 36.461086 36.437438 36.429000 36.426209 36.425349 36.425102 36.425035 36.425018 36.425014 36.425013 36.425013 36.425013 36.425013 36.425013 36.425013 36.425013 36.425013 36.425013 36.425013 36.425013 36.425013 36.425013 36.425013 36.425013 36.425013 36.425012 36.425008 36.424991 36.424927 36.424687 36.423847 36.421066 36.412379 36.386741 36.315058 36.124114 35.634588 34.405807 31.305343 23.158228 0.000000 
50.000000 50.000000 50.000000 50.000000 50.000000 50.000000 50.000000 50.000000 50.000000 50.000000 50.000000 50.000000 50.000000 50.000000 50.000000 50.000000 50.000000 50.000000 50.000000 50.000000 50.000000 50.000000 50.000000 50.000000 50.000000 50.000000 50.000000 50.000000 50.000000 50.000000 50.000000 50.000000 50.000000 50.000000 50.000000 50.000000 50.000000 50.000000 50.000000 50.000000 50.000000 50.000000 50.000000 50.000000 50.000000 50.000000 50.000000 50.000000 50.000000 50.000000 
