50.000000 50.000000 50.000000 50.000000 50.000000 50.000000 50.000000 50.000000 50.000000 50.000000 50.000000 50.000000 50.000000 50.000000 50.000000 50.000000 50.000000 50.000000 50.000000 50.000000 50.000000 50.000000 50.000000 50.000000 50.000000 50.000000 50.000000 50.000000 50.000000 50.000000 50.000000 50.000000 50.000000 50.000000 50.000000 50.000000 50.000000 50.000000 50.000000 50.000000 50.000000 50.000000 50.000000 50.000000 50.000000 50.000000 50.000000 50.000000 50.000000 50.000000 
50.000000 48.391942 46.865019 45.488102 44.308617 43.348456 42.605286 42.058025 41.674339 41.418022 41.254728 41.155426 41.097731 41.065672 41.048618 41.039925 41.035674 41.033678 41.032778 41.032387 41.032223 41.032158 41.032132 41.032122 41.032119 41.032118 41.032117 41.032116 41.032115 41.032111 41.032101 41.032074 41.032007 41.031840 41.031444 41.030531 41.028489 41.024068 41.014776 40.995804 40.958087 40.884854 40.745328 40.482702 39.989327 39.050101 37.197559 33.294865 24.195971 0.000000 
50.000000 46.865019 43.888219 41.203868 38.904428 37.032576 35.583763 34.516882 33.768896 33.269219 32.950888 32.757309 32.644839 32.582344 32.549101 32.532155 32.523869 32.519979 32.518224 32.517462 32.517143 32.517015 32.516965 32.516946 32.516939 32.516937 32.516936 32.516934 32.516932 32.516925 32.516906 32.516858 32.516734 32.516431 32.515711 32.514054 32.510359 32.502383 32.485688 32.451784 32.384866 32.256219 32.014588 31.569343 30.760170 29.300712 26.672935 21.944110 13.570154 0.000000 
50.000000 45.488102 41.203868 37.340545 34.031208 31.337276 29.252194 27.716795 26.640349 25.921261 25.463157 25.184587 25.022740 24.932811 24.884975 24.860591 24.848669 24.843072 24.840546 24.839449 24.838991 24.838806 24.838735 24.838708 24.838698 24.838694 24.838693 24.838691 24.838688 24.838679 24.838655 24.838592 24.838433 24.838044 24.837122 24.835005 24.830306 24.820209 24.799206 24.756887 24.674218 24.517464 24.228518 23.709868 22.801879 21.250610 18.670272 14.530932 8.290542 0.000000 
50.000000 44.308617 38.904428 34.031208 29.856825 26.458746 23.828695 21.892026 20.534279 19.627295 19.049503 18.698160 18.494037 18.380621 18.320294 18.289544 18.274510 18.267451 18.264266 18.262884 18.262306 18.262073 18.261982 18.261948 18.261936 18.261932 18.261930 18.261928 18.261924 18.261915 18.261889 18.261821 18.261650 18.261231 18.260243 18.257984 18.252994 18.242337 18.220335 18.176418 18.091648 17.933377 17.647471 17.147800 16.303637 14.928412 12.780598 9.603716 5.258516 0.000000 
50.000000 43.348456 37.032576 31.337276 26.458746 22.487518 19.413907 17.150656 15.563985 14.504102 13.828923 13.418373 13.179859 13.047339 12.976852 12.940925 12.923360 12.915113 12.911393 12.909778 12.909102 12.908830 12.908725 12.908685 12.908671 12.908665 12.908663 12.908662 12.908658 12.908649 12.908624 12.908559 12.908396 12.907998 12.907062 12.904933 12.900256 12.890335 12.870019 12.829875 12.753353 12.612702 12.363587 11.938935 11.243759 10.155109 8.535397 6.272406 3.359129 0.000000 
50.000000 42.605286 35.583763 29.252194 23.828695 19.413907 15.997046 13.481091 11.717296 10.539124 9.788611 9.332266 9.067155 8.919862 8.841521 8.801591 8.782070 8.772906 8.768771 8.766977 8.766226 8.765924 8.765807 8.765763 8.765747 8.765741 8.765739 8.765737 8.765734 8.765726 8.765704 8.765648 8.765506 8.765164 8.764360 8.762541 8.758569 8.750201 8.733210 8.699976 8.637401 8.524096 8.327044 7.998523 7.474971 6.680895 5.542326 4.014419 2.122584 0.000000 
50.000000 42.058025 34.516882 27.716795 21.892026 17.150656 13.481091 10.779108 8.884938 7.619708 6.813758 6.323718 6.039041 5.880882 5.796764 5.753893 5.732933 5.723095 5.718656 5.716729 5.715924 5.715599 5.715473 5.715426 5.715409 5.715403 5.715400 5.715399 5.715396 5.715390 5.715372 5.715327 5.715215 5.714943 5.714308 5.712878 5.709773 5.703280 5.690204 5.664878 5.617743 5.533568 5.389554 5.154047 4.787069 4.244555 3.488277 2.502294 1.312697 0.000000 
50.000000 41.674339 33.768896 26.640349 20.534279 15.563985 11.717296 8.884938 6.899408 5.573180 4.728393 4.214753 3.916373 3.750606 3.662445 3.617513 3.595548 3.585237 3.580586 3.578567 3.577723 3.577383 3.577251 3.577201 3.577183 3.577177 3.577175 3.577173 3.577171 3.577166 3.577153 3.577120 3.577037 3.576836 3.576370 3.575326 3.573071 3.568388 3.559032 3.541076 3.508015 3.449704 3.351371 3.193200 2.951283 2.600902 2.122885 1.512677 0.789485 0.000000 
50.000000 41.418022 33.269219 25.921261 19.627295 14.504102 10.539124 7.619708 5.573180 4.206233 3.335525 2.806134 2.498613 2.327771 2.236913 2.190608 2.167972 2.157347 2.152554 2.150473 2.149604 2.149253 2.149117 2.149066 2.149048 2.149041 2.149039 2.149038 2.149036 2.149033 2.149024 2.149000 2.148943 2.148804 2.148484 2.147771 2.146239 2.143077 2.136806 2.124874 2.103116 2.065166 2.001965 1.901723 1.750749 1.535647 1.247043 0.884353 0.459935 0.000000 
50.000000 41.254728 32.950888 25.463157 19.049503 13.828923 9.788611 6.813758 4.728393 3.335525 2.448319 1.908907 1.595569 1.421499 1.328926 1.281749 1.258686 1.247862 1.242978 1.240859 1.239973 1.239616 1.239477 1.239425 1.239407 1.239400 1.239398 1.239396 1.239395 1.239393 1.239387 1.239372 1.239335 1.239245 1.239038 1.238579 1.237600 1.235591 1.231633 1.224159 1.210651 1.187318 1.148880 1.088635 0.999049 0.873085 0.706270 0.499104 0.258924 0.000000 
50.000000 41.155426 32.757309 25.184587 18.698160 13.418373 9.332266 6.323718 4.214753 2.806134 1.908907 1.363408 1.046539 0.870510 0.776896 0.729189 0.705868 0.694922 0.689984 0.687841 0.686945 0.686585 0.686444 0.686392 0.686373 0.686366 0.686364 0.686363 0.686362 0.686361 0.686357 0.686348 0.686324 0.686270 0.686144 0.685865 0.685274 0.684067 0.681704 0.677274 0.669328 0.655721 0.633514 0.599055 0.548354 0.477825 0.385381 0.271621 0.140650 0.000000 
50.000000 41.097731 32.644839 25.022740 18.494037 13.179859 9.067155 6.039041 3.916373 2.498613 1.595569 1.046539 0.727622 0.550456 0.456239 0.408225 0.384755 0.373738 0.368769 0.366612 0.365711 0.365348 0.365207 0.365154 0.365134 0.365128 0.365125 0.365125 0.365124 0.365123 0.365121 0.365115 0.365102 0.365070 0.364997 0.364837 0.364499 0.363811 0.362473 0.359979 0.355536 0.347985 0.335761 0.316954 0.289525 0.251700 0.202531 0.142456 0.073663 0.000000 
50.000000 41.065672 32.582344 24.932811 18.380621 13.047339 8.919862 5.880882 3.750606 2.327771 1.421499 0.870510 0.550456 0.372661 0.278109 0.229925 0.206372 0.195317 0.190330 0.188165 0.187261 0.186896 0.186755 0.186702 0.186682 0.186676 0.186673 0.186672 0.186672 0.186672 0.186670 0.186667 0.186660 0.186642 0.186602 0.186515 0.186331 0.185958 0.185236 0.183899 0.181532 0.177535 0.171109 0.161293 0.147083 0.127627 0.102505 0.071985 0.037183 0.000000 
50.000000 41.048618 32.549101 24.884975 18.320294 12.976852 8.841521 5.796764 3.662445 2.236913 1.328926 0.776896 0.456239 0.278109 0.183380 0.135106 0.111508 0.100433 0.095436 0.093268 0.092362 0.091997 0.091855 0.091802 0.091782 0.091776 0.091773 0.091773 0.091772 0.091772 0.091771 0.091770 0.091766 0.091757 0.091736 0.091690 0.091594 0.091402 0.091031 0.090347 0.089142 0.087119 0.083887 0.078979 0.071919 0.062310 0.049970 0.035047 0.018087 0.000000 
50.000000 41.039925 32.532155 24.860591 18.289544 12.940925 8.801591 5.753893 3.617513 2.190608 1.281749 0.729189 0.408225 0.229925 0.135106 0.086786 0.063166 0.052080 0.047079 0.044908 0.044001 0.043636 0.043494 0.043441 0.043421 0.043415 0.043412 0.043411 0.043411 0.043411 0.043411 0.043410 0.043408 0.043403 0.043393 0.043370 0.043323 0.043228 0.043045 0.042711 0.042124 0.041144 0.039585 0.037232 0.033863 0.029301 0.023470 0.016444 0.008481 0.000000 
50.000000 41.035674 32.523869 24.848669 18.274510 12.923360 8.782070 5.732933 3.595548 2.167972 1.258686 0.705868 0.384755 0.206372 0.111508 0.063166 0.039535 0.028444 0.023440 0.021269 0.020362 0.019996 0.019854 0.019801 0.019781 0.019775 0.019772 0.019772 0.019771 0.019771 0.019771 0.019771 0.019770 0.019768 0.019763 0.019752 0.019729 0.019684 0.019599 0.019442 0.019168 0.018712 0.017991 0.016906 0.015362 0.013278 0.010625 0.007438 0.003834 0.000000 
50.000000 41.033678 32.519979 24.843072 18.267451 12.915113 8.772906 5.723095 3.585237 2.157347 1.247862 0.694922 0.373738 0.195317 0.100433 0.052080 0.028444 0.017350 0.012346 0.010174 0.009266 0.008901 0.008759 0.008705 0.008686 0.008679 0.008677 0.008676 0.008676 0.008676 0.008676 0.008676 0.008675 0.008674 0.008672 0.008667 0.008657 0.008636 0.008598 0.008527 0.008404 0.008201 0.007880 0.007400 0.006718 0.005802 0.004638 0.003245 0.001672 0.000000 
50.000000 41.032778 32.518224 24.840546 18.264266 12.911393 8.768771 5.718656 3.580586 2.152554 1.242978 0.689984 0.368769 0.190330 0.095436 0.047079 0.023440 0.012346 0.007341 0.005169 0.004261 0.003895 0.003753 0.003700 0.003681 0.003674 0.003672 0.003671 0.003671 0.003671 0.003671 0.003670 0.003670 0.003670 0.003669 0.003667 0.003662 0.003653 0.003637 0.003606 0.003553 0.003466 0.003328 0.003124 0.002834 0.002445 0.001954 0.001366 0.000703 0.000000 
50.000000 41.032387 32.517462 24.839449 18.262884 12.909778 8.766977 5.716729 3.578567 2.150473 1.240859 0.687841 0.366612 0.188165 0.093268 0.044908 0.021269 0.010174 0.005169 0.002997 0.002089 0.001723 0.001581 0.001528 0.001509 0.001502 0.001499 0.001499 0.001498 0.001498 0.001498 0.001498 0.001498 0.001498 0.001498 0.001497 0.001495 0.001491 0.001484 0.001471 0.001450 0.001413 0.001357 0.001273 0.001154 0.000995 0.000795 0.000555 0.000286 0.000000 
50.000000 41.032223 32.517143 24.838991 18.262306 12.909102 8.766227 5.715924 3.577723 2.149604 1.239973 0.686945 0.365711 0.187261 0.092362 0.044001 0.020362 0.009266 0.004261 0.002089 0.001181 0.000816 0.000673 0.000620 0.000601 0.000594 0.000592 0.000591 0.000591 0.000591 0.000591 0.000591 0.000591 0.000590 0.000590 0.000590 0.000589 0.000588 0.000585 0.000580 0.000571 0.000557 0.000534 0.000501 0.000454 0.000391 0.000312 0.000218 0.000112 0.000000 
50.000000 41.032158 32.517015 24.838806 18.262073 12.908831 8.765924 5.715599 3.577383 2.149253 1.239616 0.686585 0.365348 0.186896 0.091997 0.043636 0.019996 0.008901 0.003896 0.001723 0.000816 0.000450 0.000308 0.000255 0.000235 0.000228 0.000226 0.000225 0.000225 0.000225 0.000225 0.000225 0.000225 0.000225 0.000225 0.000225 0.000224 0.000224 0.000223 0.000221 0.000217 0.000212 0.000203 0.000191 0.000173 0.000149 0.000119 0.000083 0.000043 0.000000 
50.000000 41.032132 32.516965 24.838735 18.261983 12.908725 8.765807 5.715474 3.577251 2.149118 1.239478 0.686445 0.365207 0.186755 0.091855 0.043494 0.019854 0.008759 0.003754 0.001582 0.000674 0.000308 0.000166 0.000113 0.000093 0.000087 0.000084 0.000084 0.000083 0.000083 0.000083 0.000083 0.000083 0.000083 0.000083 0.000083 0.000083 0.000083 0.000082 0.000082 0.000080 0.000078 0.000075 0.000070 0.000064 0.000055 0.000044 0.000031 0.000016 0.000000 
50.000000 41.032123 32.516946 24.838708 18.261949 12.908686 8.765764 5.715427 3.577202 2.149067 1.239426 0.686393 0.365155 0.186703 0.091803 0.043442 0.019802 0.008706 0.003701 0.001529 0.000621 0.000256 0.000113 0.000060 0.000041 0.000034 0.000032 0.000031 0.000031 0.000031 0.000031 0.000031 0.000031 0.000031 0.000031 0.000031 0.000031 0.000030 0.000030 0.000030 0.000030 0.000029 0.000028 0.000026 0.000023 0.000020 0.000016 0.000011 0.000006 0.000000 
50.000000 41.032119 32.516940 24.838700 18.261938 12.908673 8.765750 5.715412 3.577187 2.149051 1.239410 0.686376 0.365138 0.186686 0.091786 0.043425 0.019785 0.008689 0.003684 0.001512 0.000604 0.000239 0.000096 0.000043 0.000024 0.000017 0.000015 0.000014 0.000014 0.000014 0.000014 0.000014 0.000014 0.000014 0.000014 0.000014 0.000014 0.000014 0.000013 0.000013 0.000013 0.000013 0.000012 0.000011 0.000010 0.000009 0.000007 0.000005 0.000003 0.000000 
50.000000 41.032119 32.516940 24.838700 18.261938 12.908673 8.765750 5.715412 3.577187 2.149051 1.239410 0.686376 0.365138 0.186686 0.091786 0.043425 0.019785 0.008689 0.003684 0.001512 0.000604 0.000239 0.000096 0.000043 0.000024 0.000017 0.000015 0.000014 0.000014 0.000014 0.000014 0.000014 0.000014 0.000014 0.000014 0.000014 0.000014 0.000014 0.000013 0.000013 0.000013 0.000013 0.000012 0.000011 0.000010 0.000009 0.000007 0.000005 0.000003 0.000000 
50.000000 41.032123 32.516946 24.838708 18.261949 12.908686 8.765764 5.715427 3.577202 2.149067 1.239426 0.686393 0.365155 0.186703 0.091803 0.043442 0.019802 0.008706 0.003701 0.001529 0.000621 0.000256 0.000113 0.000060 0.000041 0.000034 0.000032 0.000031 0.000031 0.000031 0.000031 0.000031 0.000031 0.000031 0.000031 0.000031 0.000031 0.000030 0.000030 0.000030 0.000030 0.000029 0.000028 0.000026 0.000023 0.000020 0.000016 0.000011 0.000006 0.000000 
50.000000 41.032132 32.516965 24.838735 18.261983 12.908725 8.765807 5.715474 3.577251 2.149118 1.239478 0.686445 0.365207 0.186755 0.091855 0.043494 0.019854 0.008759 0.003754 0.001582 0.000674 0.000308 0.000166 0.000113 0.000093 0.000087 0.000084 0.000084 0.000083 0.000083 0.000083 0.000083 0.000083 0.000083 0.000083 0.000083 0.000083 0.000083 0.000082 0.000082 0.000080 0.000078 0.000075 0.000070 0.000064 0.000055 0.000044 0.000031 0.000016 0.000000 
50.000000 41.032158 32.517015 24.838806 18.262073 12.908831 8.765924 5.715599 3.577383 2.149253 1.239616 0.686585 0.365348 0.186896 0.091997 0.043636 0.019996 0.008901 0.003896 0.001723 0.000816 0.000450 0.000308 0.000255 0.000235 0.000228 0.000226 0.000225 0.000225 0.000225 0.000225 0.000225 0.000225 0.000225 0.000225 0.000225 0.000224 0.000224 0.000223 0.000221 0.000217 0.000212 0.000203 0.000191 0.000173 0.000149 0.000119 0.000083 0.000043 0.000000 
50.000000 41.032223 32.517143 24.838991 18.262306 12.909102 8.766227 5.715924 3.577723 2.149604 1.239973 0.686945 0.365711 0.187261 0.092362 0.044001 0.020362 0.009266 0.004261 0.002089 0.001181 0.000816 0.000673 0.000620 0.000601 0.000594 0.000592 0.000591 0.000591 0.000591 0.000591 0.000591 0.000591 0.000590 0.000590 0.000590 0.000589 0.000588 0.000585 0.000580 0.000571 0.000557 0.000534 0.000501 0.000454 0.000391 0.000312 0.000218 0.000112 0.000000 
50.000000 41.032387 32.517462 24.839449 18.262884 12.909778 8.766977 5.716729 3.578567 2.150473 1.240859 0.687841 0.366612 0.188165 0.093268 0.044908 0.021269 0.010174 0.005169 0.002997 0.002089 0.001723 0.001581 0.001528 0.001509 0.001502 0.001499 0.001499 0.001498 0.001498 0.001498 0.001498 0.001498 0.001498 0.001498 0.001497 0.001495 0.001491 0.001484 0.001471 0.001450 0.001413 0.001357 0.001273 0.001154 0.000995 0.000795 0.000555 0.000286 0.000000 
50.000000 41.032778 32.518224 24.840546 18.264266 12.911393 8.768771 5.718656 3.580586 2.152554 1.242978 0.689984 0.368769 0.190330 0.095436 0.047079 0.023440 0.012346 0.007341 0.005169 0.004261 0.003895 0.003753 0.003700 0.003681 0.003674 0.003672 0.003671 0.003671 0.003671 0.003671 0.003670 0.003670 0.003670 0.003669 0.003667 0.003662 0.003653 0.003637 0.003606 0.003553 0.003466 0.003328 0.003124 0.002834 0.002445 0.001954 0.001366 0.000703 0.000000 
50.000000 41.033678 32.519979 24.843072 18.267451 12.915113 8.772906 5.723095 3.585237 2.157347 1.247862 0.694922 0.373738 0.195317 0.100433 0.052080 0.028444 0.017350 0.012346 0.010174 0.009266 0.008901 0.008759 0.008705 0.008686 0.008679 0.008677 0.008676 0.008676 0.008676 0.008676 0.008676 0.008675 0.008674 0.008672 0.008667 0.008657 0.008636 0.008598 0.008527 0.008404 0.008201 0.007880 0.007400 0.006718 0.005802 0.004638 0.003245 0.001672 0.000000 
50.000000 41.035674 32.523869 24.848669 18.274510 12.923360 8.782070 5.732933 3.595548 2.167972 1.258686 0.705868 0.384755 0.206372 0.111508 0.063166 0.039535 0.028444 0.023440 0.021269 0.020362 0.019996 0.019854 0.019801 0.019781 0.019775 0.019772 0.019772 0.019771 0.019771 0.019771 0.019771 0.019770 0.019768 0.019763 0.019752 0.019729 0.019684 0.019599 0.019442 0.019168 0.018712 0.017991 0.016906 0.015362 0.013278 0.010625 0.007438 0.003834 0.000000 
50.000000 41.039925 32.532155 24.860591 18.289544 12.940925 8.801591 5.753893 3.617513 2.190608 1.281749 0.729189 0.408225 0.229925 0.135106 0.086786 0.063166 0.052080 0.047079 0.044908 0.044001 0.043636 0.043494 0.043441 0.043421 0.043415 0.043412 0.043411 0.043411 0.043411 0.043411 0.043410 0.043408 0.043403 0.043393 0.043370 0.043323 0.043228 0.043045 0.042711 0.042124 0.041144 0.039585 0.037232 0.033863 0.029301 0.023470 0.016444 0.008481 0.000000 
50.000000 41.048618 32.549101 24.884975 18.320294 12.976852 8.841521 5.796764 3.662445 2.236913 1.328926 0.776896 0.456239 0.278109 0.183380 0.135106 0.111508 0.100433 0.095436 0.093268 0.092362 0.091997 0.091855 0.091802 0.091782 0.091776 0.091773 0.091773 0.091772 0.091772 0.091771 0.091770 0.091766 0.091757 0.091736 0.091690 0.091594 0.091402 0.091031 0.090347 0.089142 0.087119 0.083887 0.078979 0.071919 0.062310 0.049970 0.035047 0.018087 0.000000 
50.000000 41.065672 32.582344 24.932811 18.380621 13.047339 8.919862 5.880882 3.750606 2.327771 1.421499 0.870510 0.550456 0.372661 0.278109 0.229925 0.206372 0.195317 0.190330 0.188165 0.187261 0.186896 0.186755 0.186702 0.186682 0.186676 0.186673 0.186672 0.186672 0.186672 0.186670 0.186667 0.186660 0.186642 0.186602 0.186515 0.186331 0.185958 0.185236 0.183899 0.181532 0.177535 0.171109 0.161293 0.147083 0.127627 0.102505 0.071985 0.037183 0.000000 
50.000000 41.097731 32.644839 25.022740 18.494037 13.179859 9.067155 6.039041 3.916373 2.498613 1.595569 1.046539 0.727622 0.550456 0.456239 0.408225 0.384755 0.373738 0.368769 0.366612 0.365711 0.365348 0.365207 0.365154 0.365134 0.365128 0.365125 0.365125 0.365124 0.365123 0.365121 0.365115 0.365102 0.365070 0.364997 0.364837 0.364499 0.363811 0.362473 0.359979 0.355536 0.347985 0.335761 0.316954 0.289525 0.251700 0.202531 0.142456 0.073663 0.000000 
50.000000 41.155426 32.757309 25.184587 18.698160 13.418373 9.332266 6.323718 4.214753 2.806134 1.908907 1.363408 1.046539 0.870510 0.776896 0.729189 0.705868 0.694922 0.689984 0.687841 0.686945 0.686585 0.686444 0.686392 0.686373 0.686366 0.686364 0.686363 0.686362 0.686361 0.686357 0.686348 0.686324 0.686270 0.686144 0.685865 0.685274 0.684067 0.681704 0.677274 0.669328 0.655721 0.633514 0.599055 0.548354 0.477825 0.385381 0.271621 0.140650 0.000000 
50.000000 41.254728 32.950888 25.463157 19.049503 13.828923 9.788611 6.813758 4.728393 3.335525 2.448319 1.908907 1.595569 1.421499 1.328926 1.281749 1.258686 1.247862 1.242978 1.240859 1.239973 1.239616 1.239477 1.239425 1.239407 1.239400 1.239398 1.239396 1.239395 1.239393 1.239387 1.239372 1.239335 1.239245 1.239038 1.238579 1.237600 1.235591 1.231633 1.224159 1.210651 1.187318 1.148880 1.088635 0.999049 0.873085 0.706270 0.499104 0.258924 0.000000 
50.000000 41.418022 33.269219 25.921261 19.627295 14.504102 10.539124 7.619708 5.573180 4.206233 3.335525 2.806134 2.498613 2.327771 2.236913 2.190608 2.167972 2.157347 2.152554 2.150473 2.149604 2.149253 2.149117 2.149066 2.149048 2.149041 2.149039 2.149038 2.149036 2.149033 2.149024 2.149000 2.148943 2.148804 2.148484 2.147771 2.146239 2.143077 2.136806 2.124874 2.103116 2.065166 2.001965 1.901723 1.750749 1.535647 1.247043 0.884353 0.459935 0.000000 
50.000000 41.674339 33.768896 26.640349 20.534279 15.563985 11.717296 8.884938 6.899408 5.573180 4.728393 4.214753 3.916373 3.750606 3.662445 3.617513 3.595548 3.585237 3.580586 3.578567 3.577723 3.577383 3.577251 3.577201 3.577183 3.577177 3.577175 3.577173 3.577171 3.577166 3.577153 3.577120 3.577037 3.576836 3.576370 3.575326 3.573071 3.568388 3.559032 3.541076 3.508015 3.449704 3.351371 3.193200 2.951283 2.600902 2.122885 1.512677 0.789485 0.000000 
50.000000 42.058025 34.516882 27.716795 21.892026 17.150656 13.481091 10.779108 8.884938 7.619708 6.813758 6.323718 6.039041 5.880882 5.796764 5.753893 5.732933 5.723095 5.718656 5.716729 5.715924 5.715599 5.715473 5.715426 5.715409 5.715403 5.715400 5.715399 5.715396 5.715390 5.715372 5.715327 5.715215 5.714943 5.714308 5.712878 5.709773 5.703280 5.690204 5.664878 5.617743 5.533568 5.389554 5.154047 4.787069 4.244555 3.488277 2.502294 1.312697 0.000000 
50.000000 42.605286 35.583763 29.252194 23.828695 19.413907 15.997046 13.481091 11.717296 10.539124 9.788611 9.332266 9.067155 8.919862 8.841521 8.801591 8.782070 8.772906 8.768771 8.766977 8.766226 8.765924 8.765807 8.765763 8.765747 8.765741 8.765739 8.765737 8.765734 8.765726 8.765704 8.765648 8.765506 8.765164 8.764360 8.762541 8.758569 8.750201 8.733210 8.699976 8.637401 8.524096 8.327044 7.998523 7.474971 6.680895 5.542326 4.014419 2.122584 0.000000 
50.000000 43.348456 37.032576 31.337276 26.458746 22.487518 19.413907 17.150656 15.563985 14.504102 13.828923 13.418373 13.179859 13.047339 12.976852 12.940925 12.923360 12.915113 12.911393 12.909778 12.909102 12.908830 12.908725 12.908685 12.908671 12.908665 12.908663 12.908662 12.908658 12.908649 12.908624 12.908559 12.908396 12.907998 12.907062 12.904933 12.900256 12.890335 12.870019 12.829875 12.753353 12.612702 12.363587 11.938935 11.243759 10.155109 8.535397 6.272406 3.359129 0.000000 
50.000000 44.308617 38.904428 34.031208 29.856825 26.458746 23.828695 21.892026 20.534279 19.627295 19.049503 18.698160 18.494037 18.380621 18.320294 18.289544 18.274510 18.267451 18.264266 18.262884 18.262306 18.262073 18.261982 18.261948 18.261936 18.261932 18.261930 18.261928 18.261924 18.261915 18.261889 18.261821 18.261650 18.261231 18.260243 18.257984 18.252994 18.242337 18.220335 18.176418 18.091648 17.933377 17.647471 17.147800 16.303637 14.928412 12.780598 9.603716 5.258516 0.000000 
50.000000 45.488102 41.203868 37.340545 34.031208 31.337276 29.252194 27.716795 26.640349 25.921261 25.463157 25.184587 25.022740 24.932811 24.884975 24.860591 24.848669 24.843072 24.840546 24.839449 24.838991 24.838806 24.838735 24.838708 24.838698 24.838694 24.838693 24.838691 24.838688 24.838679 24.838655 24.838592 24.838433 24.838044 24.837122 24.835005 24.830306 24.820209 24.799206 24.756887 24.674218 24.517464 24.228518 23.709868 22.801879 21.250610 18.670272 14.530932 8.290542 0.000000 
50.000000 46.865019 43.888219 41.203868 38.904428 37.032576 35.583763 34.516882 33.768896 33.269219 32.950888 32.757309 32.644839 32.582344 32.549101 32.532155 32.523869 32.519979 32.518224 32.517462 32.517143 32.517015 32.516965 32.516946 32.516939 32.516937 32.516936 32.516934 32.516932 32.516925 32.516906 32.516858 32.516734 32.516431 32.515711 32.514054 32.510359 32.502383 32.485688 32.451784 32.384866 32.256219 32.014588 31.569343 30.760170 29.300712 26.672935 21.944110 13.570154 0.000000 
50.000000 48.391942 46.865019 45.488102 44.308617 43.348456 42.605286 42.058025 41.674339 41.418022 41.254728 41.155426 41.097731 41.065672 41.048618 41.039925 41.035674 41.033678 41.032778 41.032387 41.032223 41.032158 41.032132 41.032122 41.032119 41.032118 41.032117 41.032116 41.032115 41.032111 41.032101 41.032074 41.032007 41.031840 41.031444 41.030531 41.028489 41.024068 41.014776 40.995804 40.958087 40.884854 40.745328 40.482702 39.989327 39.050101 37.197559 33.294865 24.195971 0.000000 
50.000000 50.000000 50.000000 50.000000 50.000000 50.000000 50.000000 50.000000 50.000000 50.000000 50.000000 50.000000 50.000000 50.000000 50.000000 50.000000 50.000000 50.000000 50.000000 50.000000 50.000000 50.000000 50.000000 50.000000 50.000000 50.000000 50.000000 50.000000 50.000000 50.000000 50.000000 50.000000 50.000000 50.000000 50.000000 50.000000 50.000000 50.000000 50.000000 50.000000 50.000000 50.000000 50.000000 50.000000 50.000000 50.000000 50.000000 50.000000 50.000000 50.000000 
