50.000000 50.000000 50.000000 50.000000 50.000000 50.000000 50.000000 50.000000 50.000000 50.000000 50.000000 50.000000 50.000000 50.000000 50.000000 50.000000 50.000000 50.000000 50.000000 50.000000 50.000000 50.000000 50.000000 50.000000 50.000000 50.000000 50.000000 50.000000 50.000000 50.000000 50.000000 50.000000 50.000000 50.000000 50.000000 50.000000 50.000000 50.000000 50.000000 50.000000 50.000000 50.000000 50.000000 50.000000 50.000000 50.000000 50.000000 50.000000 50.000000 50.000000 
50.000000 47.090083 44.445467 42.259115 40.612079 39.478756 38.764374 38.350535 38.129465 38.020189 37.970036 37.948593 37.940026 37.936817 37.935687 37.935312 37.935195 37.935160 37.935150 37.935147 37.935147 37.935146 37.935146 37.935146 37.935146 37.935146 37.935146 37.935146 37.935146 37.935146 37.935146 37.935146 37.935146 37.935144 37.935137 37.935111 37.935024 37.934744 37.933882 37.931363 37.924348 37.905729 37.858513 37.743620 37.473295 36.850640 35.419024 32.039076 23.545041 0.000000 
50.000000 44.445467 39.397392 35.224126 32.080373 29.917229 28.553760 27.763942 27.342046 27.133513 27.037811 26.996896 26.980549 26.974427 26.972272 26.971557 26.971333 26.971266 26.971247 26.971242 26.971241 26.971241 26.971241 26.971241 26.971241 26.971241 26.971241 26.971241 26.971241 26.971241 26.971241 26.971240 26.971240 26.971236 26.971224 26.971181 26.971035 26.970566 26.969132 26.964961 26.953436 26.923171 26.847576 26.667682 26.258638 25.366456 23.492277 19.698696 12.406391 0.000000 
50.000000 42.259115 35.224126 29.408414 25.027552 22.013324 20.113508 19.013071 18.425296 18.134796 18.001488 17.944501 17.921735 17.913210 17.910209 17.909213 17.908901 17.908808 17.908782 17.908775 17.908773 17.908773 17.908773 17.908773 17.908773 17.908773 17.908773 17.908773 17.908773 17.908773 17.908773 17.908772 17.908771 17.908768 17.908754 17.908705 17.908541 17.908016 17.906420 17.901815 17.889223 17.856611 17.776662 17.591255 17.184739 16.343155 14.704207 11.731849 6.840091 0.000000 
50.000000 40.612079 32.080373 25.027552 19.715025 16.059969 13.756402 12.422201 11.709626 11.357477 11.195896 11.126830 11.099241 11.088911 11.085275 11.084069 11.083691 11.083579 11.083547 11.083539 11.083537 11.083536 11.083536 11.083536 11.083536 11.083536 11.083536 11.083536 11.083536 11.083536 11.083536 11.083536 11.083535 11.083531 11.083519 11.083475 11.083327 11.082857 11.081440 11.077387 11.066431 11.038466 10.971207 10.819086 10.496458 9.857513 8.684397 6.713917 3.761439 0.000000 
50.000000 39.478756 29.917229 22.013324 16.059969 11.964242 9.383115 7.888268 7.089961 6.695481 6.514494 6.437141 6.406246 6.394679 6.390609 6.389259 6.388835 6.388710 6.388674 6.388665 6.388662 6.388662 6.388662 6.388662 6.388662 6.388662 6.388662 6.388662 6.388662 6.388662 6.388662 6.388661 6.388661 6.388658 6.388648 6.388615 6.388502 6.388145 6.387078 6.384053 6.375968 6.355622 6.307549 6.201242 5.982121 5.563511 4.828585 3.658592 2.005461 0.000000 
50.000000 38.764374 28.553760 20.113508 13.756402 9.383115 6.627229 5.031276 4.179038 3.757942 3.564761 3.482204 3.449233 3.436890 3.432547 3.431107 3.430655 3.430521 3.430483 3.430473 3.430471 3.430470 3.430470 3.430470 3.430470 3.430470 3.430470 3.430470 3.430470 3.430470 3.430470 3.430470 3.430469 3.430468 3.430461 3.430438 3.430363 3.430127 3.429423 3.427448 3.422224 3.409246 3.379066 3.313615 3.181873 2.937316 2.522252 1.886078 1.020755 0.000000 
50.000000 38.350535 27.763942 19.013071 12.422201 7.888268 5.031276 3.376857 2.493450 2.056980 1.856759 1.771200 1.737033 1.724243 1.719743 1.718251 1.717783 1.717644 1.717605 1.717595 1.717592 1.717591 1.717591 1.717591 1.717591 1.717591 1.717591 1.717591 1.717591 1.717591 1.717591 1.717591 1.717591 1.717590 1.717586 1.717572 1.717528 1.717388 1.716975 1.715824 1.712809 1.705407 1.688429 1.652210 1.580719 1.450995 1.236409 0.916366 0.492022 0.000000 
50.000000 38.129465 27.342046 18.425296 11.709626 7.089961 4.179038 2.493450 1.593435 1.148779 0.944813 0.857657 0.822855 0.809828 0.805245 0.803725 0.803249 0.803107 0.803067 0.803057 0.803054 0.803053 0.803053 0.803053 0.803053 0.803053 0.803053 0.803053 0.803053 0.803053 0.803053 0.803053 0.803053 0.803052 0.803050 0.803043 0.803019 0.802944 0.802725 0.802119 0.800545 0.796718 0.788043 0.769792 0.734340 0.671160 0.568686 0.418875 0.223736 0.000000 
50.000000 38.020189 27.133513 18.134796 11.357477 6.695481 3.757942 2.056980 1.148779 0.700091 0.494281 0.406341 0.371226 0.358083 0.353459 0.351926 0.351445 0.351302 0.351262 0.351252 0.351249 0.351248 0.351248 0.351248 0.351248 0.351248 0.351248 0.351248 0.351248 0.351248 0.351248 0.351248 0.351248 0.351248 0.351246 0.351243 0.351231 0.351195 0.351089 0.350797 0.350046 0.348234 0.344170 0.335718 0.319513 0.291047 0.245572 0.180077 0.095841 0.000000 
50.000000 37.970036 27.037811 18.001488 11.195896 6.514494 3.564761 1.856759 0.944813 0.494281 0.287630 0.199331 0.164073 0.150877 0.146235 0.144695 0.144213 0.144070 0.144029 0.144018 0.144016 0.144015 0.144015 0.144015 0.144015 0.144015 0.144015 0.144015 0.144015 0.144015 0.144015 0.144015 0.144015 0.144015 0.144014 0.144013 0.144007 0.143991 0.143944 0.143815 0.143484 0.142694 0.140935 0.137313 0.130441 0.118509 0.099673 0.072850 0.038673 0.000000 
50.000000 37.948593 26.996896 17.944501 11.126830 6.437141 3.482204 1.771200 0.857657 0.406341 0.199331 0.110880 0.075562 0.062343 0.057693 0.056151 0.055667 0.055524 0.055484 0.055473 0.055470 0.055469 0.055469 0.055469 0.055469 0.055469 0.055469 0.055469 0.055469 0.055469 0.055469 0.055469 0.055469 0.055469 0.055469 0.055468 0.055466 0.055459 0.055440 0.055387 0.055252 0.054932 0.054225 0.052780 0.050064 0.045390 0.038081 0.027764 0.014711 0.000000 
50.000000 37.940026 26.980549 17.921735 11.099241 6.406246 3.449233 1.737033 0.822855 0.371226 0.164073 0.075562 0.040220 0.026993 0.022339 0.020796 0.020312 0.020169 0.020128 0.020117 0.020115 0.020114 0.020114 0.020114 0.020114 0.020114 0.020114 0.020114 0.020114 0.020114 0.020114 0.020114 0.020114 0.020114 0.020114 0.020113 0.020113 0.020110 0.020103 0.020082 0.020031 0.019910 0.019645 0.019106 0.018101 0.016384 0.013719 0.009983 0.005282 0.000000 
50.000000 37.936817 26.974427 17.913210 11.088911 6.394679 3.436890 1.724243 0.809828 0.358083 0.150877 0.062343 0.026993 0.013762 0.009107 0.007563 0.007080 0.006936 0.006896 0.006885 0.006882 0.006882 0.006881 0.006881 0.006881 0.006881 0.006881 0.006881 0.006881 0.006881 0.006881 0.006881 0.006881 0.006881 0.006881 0.006881 0.006881 0.006880 0.006877 0.006870 0.006852 0.006809 0.006716 0.006527 0.006178 0.005584 0.004669 0.003392 0.001793 0.000000 
50.000000 37.935687 26.972272 17.910209 11.085275 6.390609 3.432547 1.719743 0.805245 0.353459 0.146235 0.057693 0.022339 0.009107 0.004452 0.002908 0.002424 0.002281 0.002240 0.002230 0.002227 0.002226 0.002226 0.002226 0.002226 0.002226 0.002226 0.002226 0.002226 0.002226 0.002226 0.002226 0.002226 0.002226 0.002226 0.002226 0.002226 0.002225 0.002225 0.002222 0.002216 0.002202 0.002171 0.002109 0.001994 0.001801 0.001504 0.001091 0.000576 0.000000 
50.000000 37.935312 26.971557 17.909213 11.084069 6.389259 3.431107 1.718251 0.803725 0.351926 0.144695 0.056151 0.020796 0.007563 0.002908 0.001364 0.000881 0.000737 0.000697 0.000686 0.000683 0.000682 0.000682 0.000682 0.000682 0.000682 0.000682 0.000682 0.000682 0.000682 0.000682 0.000682 0.000682 0.000682 0.000682 0.000682 0.000682 0.000682 0.000682 0.000681 0.000679 0.000675 0.000665 0.000646 0.000610 0.000550 0.000459 0.000333 0.000176 0.000000 
50.000000 37.935195 26.971333 17.908901 11.083691 6.388835 3.430655 1.717783 0.803249 0.351445 0.144213 0.055667 0.020312 0.007080 0.002424 0.000881 0.000397 0.000253 0.000213 0.000202 0.000199 0.000199 0.000199 0.000198 0.000198 0.000198 0.000198 0.000198 0.000198 0.000198 0.000198 0.000198 0.000198 0.000198 0.000198 0.000198 0.000198 0.000198 0.000198 0.000198 0.000198 0.000196 0.000193 0.000188 0.000177 0.000160 0.000133 0.000097 0.000051 0.000000 
50.000000 37.935160 26.971266 17.908808 11.083579 6.388710 3.430521 1.717644 0.803107 0.351302 0.144070 0.055524 0.020169 0.006936 0.002281 0.000737 0.000253 0.000110 0.000069 0.000059 0.000056 0.000055 0.000055 0.000055 0.000055 0.000055 0.000055 0.000055 0.000055 0.000055 0.000055 0.000055 0.000055 0.000055 0.000055 0.000055 0.000055 0.000055 0.000055 0.000055 0.000055 0.000054 0.000053 0.000052 0.000049 0.000044 0.000037 0.000027 0.000014 0.000000 
50.000000 37.935150 26.971247 17.908782 11.083547 6.388674 3.430483 1.717605 0.803067 0.351262 0.144029 0.055484 0.020128 0.006896 0.002240 0.000697 0.000213 0.000069 0.000029 0.000018 0.000015 0.000015 0.000015 0.000014 0.000014 0.000014 0.000014 0.000014 0.000014 0.000014 0.000014 0.000014 0.000014 0.000014 0.000014 0.000014 0.000014 0.000014 0.000014 0.000014 0.000014 0.000014 0.000014 0.000014 0.000013 0.000012 0.000010 0.000007 0.000004 0.000000 
50.000000 37.935147 26.971242 17.908775 11.083539 6.388665 3.430473 1.717595 0.803057 0.351252 0.144018 0.055473 0.020117 0.006885 0.002230 0.000686 0.000202 0.000059 0.000018 0.000007 0.000005 0.000004 0.000004 0.000004 0.000004 0.000004 0.000004 0.000004 0.000004 0.000004 0.000004 0.000004 0.000004 0.000004 0.000004 0.000004 0.000004 0.000004 0.000004 0.000004 0.000004 0.000004 0.000004 0.000003 0.000003 0.000003 0.000002 0.000002 0.000001 0.000000 
50.000000 37.935147 26.971241 17.908773 11.083537 6.388662 3.430471 1.717592 0.803054 0.351249 0.144016 0.055470 0.020115 0.006882 0.002227 0.000683 0.000199 0.000056 0.000015 0.000005 0.000002 0.000001 0.000001 0.000001 0.000001 0.000001 0.000001 0.000001 0.000001 0.000001 0.000001 0.000001 0.000001 0.000001 0.000001 0.000001 0.000001 0.000001 0.000001 0.000001 0.000001 0.000001 0.000001 0.000001 0.000001 0.000001 0.000001 0.000000 0.000000 0.000000 
50.000000 37.935146 26.971241 17.908773 11.083536 6.388662 3.430470 1.717591 0.803053 0.351248 0.144015 0.055469 0.020114 0.006882 0.002226 0.000682 0.000199 0.000055 0.000015 0.000004 0.000001 0.000000 0.000000 0.000000 0.000000 0.000000 0.000000 0.000000 0.000000 0.000000 0.000000 0.000000 0.000000 0.000000 0.000000 0.000000 0.000000 0.000000 0.000000 0.000000 0.000000 0.000000 0.000000 0.000000 0.000000 0.000000 0.000000 0.000000 0.000000 0.000000 
50.000000 37.935146 26.971241 17.908773 11.083536 6.388662 3.430470 1.717591 0.803053 0.351248 0.144015 0.055469 0.020114 0.006881 0.002226 0.000682 0.000199 0.000055 0.000015 0.000004 0.000001 0.000000 0.000000 0.000000 0.000000 0.000000 0.000000 0.000000 0.000000 0.000000 0.000000 0.000000 0.000000 0.000000 0.000000 0.000000 0.000000 0.000000 0.000000 0.000000 0.000000 0.000000 0.000000 0.000000 0.000000 0.000000 0.000000 0.000000 0.000000 0.000000 
50.000000 37.935146 26.971241 17.908773 11.083536 6.388662 3.430470 1.717591 0.803053 0.351248 0.144015 0.055469 0.020114 0.006881 0.002226 0.000682 0.000198 0.000055 0.000014 0.000004 0.000001 0.000000 0.000000 0.000000 0.000000 0.000000 0.000000 0.000000 0.000000 0.000000 0.000000 0.000000 0.000000 0.000000 0.000000 0.000000 0.000000 0.000000 0.000000 0.000000 0.000000 0.000000 0.000000 0.000000 0.000000 0.000000 0.000000 0.000000 0.000000 0.000000 
50.000000 37.935146 26.971241 17.908773 11.083536 6.388662 3.430470 1.717591 0.803053 0.351248 0.144015 0.055469 0.020114 0.006881 0.002226 0.000682 0.000198 0.000055 0.000014 0.000004 0.000001 0.000000 0.000000 0.000000 0.000000 0.000000 0.000000 0.000000 0.000000 0.000000 0.000000 0.000000 0.000000 0.000000 0.000000 0.000000 0.000000 0.000000 0.000000 0.000000 0.000000 0.000000 0.000000 0.000000 0.000000 0.000000 0.000000 0.000000 0.000000 0.000000 
50.000000 37.935146 26.971241 17.908773 11.083536 6.388662 3.430470 1.717591 0.803053 0.351248 0.144015 0.055469 0.020114 0.006881 0.002226 0.000682 0.000198 0.000055 0.000014 0.000004 0.000001 0.000000 0.000000 0.000000 0.000000 0.000000 0.000000 0.000000 0.000000 0.000000 0.000000 0.000000 0.000000 0.000000 0.000000 0.000000 0.000000 0.000000 0.000000 0.000000 0.000000 0.000000 0.000000 0.000000 0.000000 0.000000 0.000000 0.000000 0.000000 0.000000 
50.000000 37.935146 26.971241 17.908773 11.083536 6.388662 3.430470 1.717591 0.803053 0.351248 0.144015 0.055469 0.020114 0.006881 0.002226 0.000682 0.000198 0.000055 0.000014 0.000004 0.000001 0.000000 0.000000 0.000000 0.000000 0.000000 0.000000 0.000000 0.000000 0.000000 0.000000 0.000000 0.000000 0.000000 0.000000 0.000000 0.000000 0.000000 0.000000 0.000000 0.000000 0.000000 0.000000 0.000000 0.000000 0.000000 0.000000 0.000000 0.000000 0.000000 
50.000000 37.935146 26.971241 17.908773 11.083536 6.388662 3.430470 1.717591 0.803053 0.351248 0.144015 0.055469 0.020114 0.006881 0.002226 0.000682 0.000199 0.000055 0.000015 0.000004 0.000001 0.000000 0.000000 0.000000 0.000000 0.000000 0.000000 0.000000 0.000000 0.000000 0.000000 0.000000 0.000000 0.000000 0.000000 0.000000 0.000000 0.000000 0.000000 0.000000 0.000000 0.000000 0.000000 0.000000 0.000000 0.000000 0.000000 0.000000 0.000000 0.000000 
50.000000 37.935146 26.971241 17.908773 11.083536 6.388662 3.430470 1.717591 0.803053 0.351248 0.144015 0.055469 0.020114 0.006882 0.002226 0.000682 0.000199 0.000055 0.000015 0.000004 0.000001 0.000000 0.000000 0.000000 0.000000 0.000000 0.000000 0.000000 0.000000 0.000000 0.000000 0.000000 0.000000 0.000000 0.000000 0.000000 0.000000 0.000000 0.000000 0.000000 0.000000 0.000000 0.000000 0.000000 0.000000 0.000000 0.000000 0.000000 0.000000 0.000000 
50.000000 37.935147 26.971241 17.908773 11.083537 6.388662 3.430471 1.717592 0.803054 0.351249 0.144016 0.055470 0.020115 0.006882 0.002227 0.000683 0.000199 0.000056 0.000015 0.000005 0.000002 0.000001 0.000001 0.000001 0.000001 0.000001 0.000001 0.000001 0.000001 0.000001 0.000001 0.000001 0.000001 0.000001 0.000001 0.000001 0.000001 0.000001 0.000001 0.000001 0.000001 0.000001 0.000001 0.000001 0.000001 0.000001 0.000001 0.000000 0.000000 0.000000 
50.000000 37.935147 26.971242 17.908775 11.083539 6.388665 3.430473 1.717595 0.803057 0.351252 0.144018 0.055473 0.020117 0.006885 0.002230 0.000686 0.000202 0.000059 0.000018 0.000007 0.000005 0.000004 0.000004 0.000004 0.000004 0.000004 0.000004 0.000004 0.000004 0.000004 0.000004 0.000004 0.000004 0.000004 0.000004 0.000004 0.000004 0.000004 0.000004 0.000004 0.000004 0.000004 0.000004 0.000003 0.000003 0.000003 0.000002 0.000002 0.000001 0.000000 
50.000000 37.935150 26.971247 17.908782 11.083547 6.388674 3.430483 1.717605 0.803067 0.351262 0.144029 0.055484 0.020128 0.006896 0.002240 0.000697 0.000213 0.000069 0.000029 0.000018 0.000015 0.000015 0.000015 0.000014 0.000014 0.000014 0.000014 0.000014 0.000014 0.000014 0.000014 0.000014 0.000014 0.000014 0.000014 0.000014 0.000014 0.000014 0.000014 0.000014 0.000014 0.000014 0.000014 0.000014 0.000013 0.000012 0.000010 0.000007 0.000004 0.000000 
50.000000 37.935160 26.971266 17.908808 11.083579 6.388710 3.430521 1.717644 0.803107 0.351302 0.144070 0.055524 0.020169 0.006936 0.002281 0.000737 0.000253 0.000110 0.000069 0.000059 0.000056 0.000055 0.000055 0.000055 0.000055 0.000055 0.000055 0.000055 0.000055 0.000055 0.000055 0.000055 0.000055 0.000055 0.000055 0.000055 0.000055 0.000055 0.000055 0.000055 0.000055 0.000054 0.000053 0.000052 0.000049 0.000044 0.000037 0.000027 0.000014 0.000000 
50.000000 37.935195 26.971333 17.908901 11.083691 6.388835 3.430655 1.717783 0.803249 0.351445 0.144213 0.055667 0.020312 0.007080 0.002424 0.000881 0.000397 0.000253 0.000213 0.000202 0.000199 0.000199 0.000199 0.000198 0.000198 0.000198 0.000198 0.000198 0.000198 0.000198 0.000198 0.000198 0.000198 0.000198 0.000198 0.000198 0.000198 0.000198 0.000198 0.000198 0.000198 0.000196 0.000193 0.000188 0.000177 0.000160 0.000133 0.000097 0.000051 0.000000 
50.000000 37.935312 26.971557 17.909213 11.084069 6.389259 3.431107 1.718251 0.803725 0.351926 0.144695 0.056151 0.020796 0.007563 0.002908 0.001364 0.000881 0.000737 0.000697 0.000686 0.000683 0.000682 0.000682 0.000682 0.000682 0.000682 0.000682 0.000682 0.000682 0.000682 0.000682 0.000682 0.000682 0.000682 0.000682 0.000682 0.000682 0.000682 0.000682 0.000681 0.000679 0.000675 0.000665 0.000646 0.000610 0.000550 0.000459 0.000333 0.000176 0.000000 
50.000000 37.935687 26.972272 17.910209 11.085275 6.390609 3.432547 1.719743 0.805245 0.353459 0.146235 0.057693 0.022339 0.009107 0.004452 0.002908 0.002424 0.002281 0.002240 0.002230 0.002227 0.002226 0.002226 0.002226 0.002226 0.002226 0.002226 0.002226 0.002226 0.002226 0.002226 0.002226 0.002226 0.002226 0.002226 0.002226 0.002226 0.002225 0.002225 0.002222 0.002216 0.002202 0.002171 0.002109 0.001994 0.001801 0.001504 0.001091 0.000576 0.000000 
50.000000 37.936817 26.974427 17.913210 11.088911 6.394679 3.436890 1.724243 0.809828 0.358083 0.150877 0.062343 0.026993 0.013762 0.009107 0.007563 0.007080 0.006936 0.006896 0.006885 0.006882 0.006882 0.006881 0.006881 0.006881 0.006881 0.006881 0.006881 0.006881 0.006881 0.006881 0.006881 0.006881 0.006881 0.006881 0.006881 0.006881 0.006880 0.006877 0.006870 0.006852 0.006809 0.006716 0.006527 0.006178 0.005584 0.004669 0.003392 0.001793 0.000000 
50.000000 37.940026 26.980549 17.921735 11.099241 6.406246 3.449233 1.737033 0.822855 0.371226 0.164073 0.075562 0.040220 0.026993 0.022339 0.020796 0.020312 0.020169 0.020128 0.020117 0.020115 0.020114 0.020114 0.020114 0.020114 0.020114 0.020114 0.020114 0.020114 0.020114 0.020114 0.020114 0.020114 0.020114 0.020114 0.020113 0.020113 0.020110 0.020103 0.020082 0.020031 0.019910 0.019645 0.019106 0.018101 0.016384 0.013719 0.009983 0.005282 0.000000 
50.000000 37.948593 26.996896 17.944501 11.126830 6.437141 3.482204 1.771200 0.857657 0.406341 0.199331 0.110880 0.075562 0.062343 0.057693 0.056151 0.055667 0.055524 0.055484 0.055473 0.055470 0.055469 0.055469 0.055469 0.055469 0.055469 0.055469 0.055469 0.055469 0.055469 0.055469 0.055469 0.055469 0.055469 0.055469 0.055468 0.055466 0.055459 0.055440 0.055387 0.055252 0.054932 0.054225 0.052780 0.050064 0.045390 0.038081 0.027764 0.014711 0.000000 
50.000000 37.970036 27.037811 18.001488 11.195896 6.514494 3.564761 1.856759 0.944813 0.494281 0.287630 0.199331 0.164073 0.150877 0.146235 0.144695 0.144213 0.144070 0.144029 0.144018 0.144016 0.144015 0.144015 0.144015 0.144015 0.144015 0.144015 0.144015 0.144015 0.144015 0.144015 0.144015 0.144015 0.144015 0.144014 0.144013 0.144007 0.143991 0.143944 0.143815 0.143484 0.142694 0.140935 0.137313 0.130441 0.118509 0.099673 0.072850 0.038673 0.000000 
50.000000 38.020189 27.133513 18.134796 11.357477 6.695481 3.757942 2.056980 1.148779 0.700091 0.494281 0.406341 0.371226 0.358083 0.353459 0.351926 0.351445 0.351302 0.351262 0.351252 0.351249 0.351248 0.351248 0.351248 0.351248 0.351248 0.351248 0.351248 0.351248 0.351248 0.351248 0.351248 0.351248 0.351248 0.351246 0.351243 0.351231 0.351195 0.351089 0.350797 0.350046 0.348234 0.344170 0.335718 0.319513 0.291047 0.245572 0.180077 0.095841 0.000000 
50.000000 38.129465 27.342046 18.425296 11.709626 7.089961 4.179038 2.493450 1.593435 1.148779 0.944813 0.857657 0.822855 0.809828 0.805245 0.803725 0.803249 0.803107 0.803067 0.803057 0.803054 0.803053 0.803053 0.803053 0.803053 0.803053 0.803053 0.803053 0.803053 0.803053 0.803053 0.803053 0.803053 0.803052 0.803050 0.803043 0.803019 0.802944 0.802725 0.802119 0.800545 0.796718 0.788043 0.769792 0.734340 0.671160 0.568686 0.418875 0.223736 0.000000 
50.000000 38.350535 27.763942 19.013071 12.422201 7.888268 5.031276 3.376857 2.493450 2.056980 1.856759 1.771200 1.737033 1.724243 1.719743 1.718251 1.717783 1.717644 1.717605 1.717595 1.717592 1.717591 1.717591 1.717591 1.717591 1.717591 1.717591 1.717591 1.717591 1.717591 1.717591 1.717591 1.717591 1.717590 1.717586 1.717572 1.717528 1.717388 1.716975 1.715824 1.712809 1.705407 1.688429 1.652210 1.580719 1.450995 1.236409 0.916366 0.492022 0.000000 
50.000000 38.764374 28.553760 20.113508 13.756402 9.383115 6.627229 5.031276 4.179038 3.757942 3.564761 3.482204 3.449233 3.436890 3.432547 3.431107 3.430655 3.430521 3.430483 3.430473 3.430471 3.430470 3.430470 3.430470 3.430470 3.430470 3.430470 3.430470 3.430470 3.430470 3.430470 3.430470 3.430469 3.430468 3.430461 3.430438 3.430363 3.430127 3.429423 3.427448 3.422224 3.409246 3.379066 3.313615 3.181873 2.937316 2.522252 1.886078 1.020755 0.000000 
50.000000 39.478756 29.917229 22.013324 16.059969 11.964242 9.383115 7.888268 7.089961 6.695481 6.514494 6.437141 6.406246 6.394679 6.390609 6.389259 6.388835 6.388710 6.388674 6.388665 6.388662 6.388662 6.388662 6.388662 6.388662 6.388662 6.388662 6.388662 6.388662 6.388662 6.388662 6.388661 6.388661 6.388658 6.388648 6.388615 6.388502 6.388145 6.387078 6.384053 6.375968 6.355622 6.307549 6.201242 5.982121 5.563511 4.828585 3.658592 2.005461 0.000000 
50.000000 40.612079 32.080373 25.027552 19.715025 16.059969 13.756402 12.422201 11.709626 11.357477 11.195896 11.126830 11.099241 11.088911 11.085275 11.084069 11.083691 11.083579 11.083547 11.083539 11.083537 11.083536 11.083536 11.083536 11.083536 11.083536 11.083536 11.083536 11.083536 11.083536 11.083536 11.083536 11.083535 11.083531 11.083519 11.083475 11.083327 11.082857 11.081440 11.077387 11.066431 11.038466 10.971207 10.819086 10.496458 9.857513 8.684397 6.713917 3.761439 0.000000 
50.000000 42.259115 35.224126 29.408414 25.027552 22.013324 20.113508 19.013071 18.425296 18.134796 18.001488 17.944501 17.921735 17.913210 17.910209 17.909213 17.908901 17.908808 17.908782 17.908775 17.908773 17.908773 17.908773 17.908773 17.908773 17.908773 17.908773 17.908773 17.908773 17.908773 17.908773 17.908772 17.908771 17.908768 17.908754 17.908705 17.908541 17.908016 17.906420 17.901815 17.889223 17.856611 17.776662 17.591255 17.184739 16.343155 14.704207 11.731849 6.840091 0.000000 
50.000000 44.445467 39.397392 35.224126 32.080373 29.917229 28.553760 27.763942 27.342046 27.133513 27.037811 26.996896 26.980549 26.974427 26.972272 26.971557 26.971333 26.971266 26.971247 26.971242 26.971241 26.971241 26.971241 26.971241 26.971241 26.971241 26.971241 26.971241 26.971241 26.971241 26.971241 26.971240 26.971240 26.971236 26.971224 26.971181 26.971035 26.970566 26.969132 26.964961 26.953436 26.923171 26.847576 26.667682 26.258638 25.366456 23.492277 19.698696 12.406391 0.000000 
50.000000 47.090083 44.445467 42.259115 40.612079 39.478756 38.764374 38.350535 38.129465 38.020189 37.970036 37.948593 37.940026 37.936817 37.935687 37.935312 37.935195 37.935160 37.935150 37.935147 37.935147 37.935146 37.935146 37.935146 37.935146 37.935146 37.935146 37.935146 37.935146 37.935146 37.935146 37.935146 37.935146 37.935144 37.935137 37.935111 37.935024 37.934744 37.933882 37.931363 37.924348 37.905729 37.858513 37.743620 37.473295 36.850640 35.419024 32.039076 23.545041 0.000000 
50.000000 50.000000 50.000000 50.000000 50.000000 50.000000 50.000000 50.000000 50.000000 50.000000 50.000000 50.000000 50.000000 50.000000 50.000000 50.000000 50.000000 50.000000 50.000000 50.000000 50.000000 50.000000 50.000000 50.000000 50.000000 50.000000 50.000000 50.000000 50.000000 50.000000 50.000000 50.000000 50.000000 50.000000 50.000000 50.000000 50.000000 50.000000 50.000000 50.000000 50.000000 50.000000 50.000000 50.000000 50.000000 50.000000 50.000000 50.000000 50.000000 50.000000 
