50.000000 50.000000 50.000000 50.000000 50.000000 50.000000 50.000000 50.000000 50.000000 50.000000 50.000000 50.000000 50.000000 50.000000 50.000000 50.000000 50.000000 50.000000 50.000000 50.000000 50.000000 50.000000 50.000000 50.000000 50.000000 50.000000 50.000000 50.000000 50.000000 50.000000 50.000000 50.000000 50.000000 50.000000 50.000000 50.000000 50.000000 50.000000 50.000000 50.000000 50.000000 50.000000 50.000000 50.000000 50.000000 50.000000 50.000000 50.000000 50.000000 50.000000 
50.000000 45.653729 41.898029 39.084179 37.245392 36.189474 35.652306 35.408258 35.308474 35.271493 35.258990 35.255110 35.254000 35.253705 35.253632 35.253616 35.253612 35.253611 35.253611 35.253611 35.253611 35.253611 35.253611 35.253611 35.253611 35.253611 35.253611 35.253611 35.253611 35.253611 35.253611 35.253611 35.253611 35.253611 35.253611 35.253610 35.253605 35.253585 35.253499 35.253151 35.251837 35.247172 35.231653 35.183177 35.040434 34.640952 33.562390 30.684183 22.826864 0.000000 
50.000000 41.898029 34.897160 29.652262 26.225117 24.257289 23.256332 22.801635 22.615749 22.546869 22.523585 22.516361 22.514293 22.513745 22.513609 22.513578 22.513571 22.513570 22.513570 22.513570 22.513570 22.513570 22.513570 22.513570 22.513570 22.513570 22.513570 22.513570 22.513570 22.513570 22.513570 22.513570 22.513570 22.513569 22.513569 22.513568 22.513561 22.513530 22.513399 22.512875 22.510906 22.504000 22.481383 22.412340 22.215951 21.695316 20.408329 17.448580 11.213846 0.000000 
50.000000 39.084179 29.652262 22.586627 17.970284 15.320000 13.972125 13.359947 13.109729 13.017032 12.985702 12.975985 12.973204 12.972467 12.972284 12.972242 12.972233 12.972231 12.972231 12.972231 12.972231 12.972231 12.972231 12.972231 12.972231 12.972231 12.972231 12.972231 12.972231 12.972231 12.972231 12.972231 12.972231 12.972231 12.972231 12.972229 12.972223 12.972193 12.972067 12.971564 12.969699 12.963243 12.942475 12.880615 12.710609 12.281472 11.293314 9.243933 5.521789 0.000000 
50.000000 37.245392 26.225117 17.970284 12.577599 9.482058 7.907999 7.193228 6.901137 6.792950 6.756394 6.745058 6.741815 6.740955 6.740743 6.740694 6.740683 6.740681 6.740681 6.740680 6.740680 6.740680 6.740680 6.740680 6.740680 6.740680 6.740680 6.740680 6.740680 6.740680 6.740680 6.740680 6.740680 6.740680 6.740680 6.740679 6.740674 6.740652 6.740559 6.740191 6.738840 6.734224 6.719628 6.677120 6.563743 6.288799 5.688811 4.529802 2.604440 0.000000 
50.000000 36.189474 24.257289 15.320000 9.482058 6.131340 4.427770 3.654311 3.338292 3.221264 3.181728 3.169471 3.165965 3.165036 3.164806 3.164754 3.164742 3.164740 3.164739 3.164739 3.164739 3.164739 3.164739 3.164739 3.164739 3.164739 3.164739 3.164739 3.164739 3.164739 3.164739 3.164739 3.164739 3.164739 3.164739 3.164738 3.164735 3.164722 3.164666 3.164445 3.163643 3.160933 3.152494 3.128389 3.065670 2.918314 2.609391 2.041338 1.149039 0.000000 
50.000000 35.652306 23.256332 13.972125 7.907999 4.427770 2.658535 1.855355 1.527233 1.405740 1.364701 1.351979 1.348341 1.347377 1.347139 1.347084 1.347072 1.347070 1.347069 1.347069 1.347069 1.347069 1.347069 1.347069 1.347069 1.347069 1.347069 1.347069 1.347069 1.347069 1.347069 1.347069 1.347069 1.347069 1.347069 1.347069 1.347067 1.347060 1.347031 1.346919 1.346513 1.345156 1.340987 1.329268 1.299381 1.230880 1.091509 0.843992 0.469129 0.000000 
50.000000 35.408258 22.801635 13.359947 7.193228 3.654311 1.855355 1.038740 0.705154 0.581648 0.539932 0.527002 0.523305 0.522325 0.522083 0.522027 0.522015 0.522013 0.522012 0.522012 0.522012 0.522012 0.522012 0.522012 0.522012 0.522012 0.522012 0.522012 0.522012 0.522012 0.522012 0.522012 0.522012 0.522012 0.522012 0.522012 0.522011 0.522008 0.521995 0.521945 0.521766 0.521173 0.519370 0.514368 0.501817 0.473600 0.417472 0.320252 0.176605 0.000000 
50.000000 35.308474 22.615749 13.109729 6.901137 3.338292 1.527233 0.705154 0.369351 0.245028 0.203039 0.190024 0.186303 0.185317 0.185073 0.185017 0.185005 0.185003 0.185002 0.185002 0.185002 0.185002 0.185002 0.185002 0.185002 0.185002 0.185002 0.185002 0.185002 0.185002 0.185002 0.185002 0.185002 0.185002 0.185002 0.185002 0.185002 0.185000 0.184995 0.184976 0.184906 0.184675 0.183981 0.182077 0.177359 0.166913 0.146486 0.111749 0.061302 0.000000 
50.000000 35.271493 22.546869 13.017032 6.792950 3.221264 1.405740 0.581648 0.245028 0.120406 0.078316 0.065271 0.061541 0.060552 0.060308 0.060252 0.060240 0.060237 0.060237 0.060237 0.060237 0.060237 0.060237 0.060237 0.060237 0.060237 0.060237 0.060237 0.060237 0.060237 0.060237 0.060237 0.060237 0.060237 0.060237 0.060237 0.060237 0.060236 0.060234 0.060227 0.060203 0.060122 0.059882 0.059227 0.057622 0.054110 0.047332 0.035963 0.019657 0.000000 
50.000000 35.258990 22.523585 12.985702 6.756394 3.181728 1.364701 0.539932 0.203039 0.078316 0.036193 0.023137 0.019404 0.018415 0.018171 0.018115 0.018102 0.018100 0.018099 0.018099 0.018099 0.018099 0.018099 0.018099 0.018099 0.018099 0.018099 0.018099 0.018099 0.018099 0.018099 0.018099 0.018099 0.018099 0.018099 0.018099 0.018099 0.018099 0.018099 0.018096 0.018088 0.018063 0.017987 0.017782 0.017283 0.016202 0.014138 0.010710 0.005839 0.000000 
50.000000 35.255110 22.516361 12.975985 6.745058 3.169471 1.351979 0.527002 0.190024 0.065271 0.023137 0.010079 0.006345 0.005355 0.005111 0.005055 0.005043 0.005040 0.005040 0.005040 0.005040 0.005040 0.005040 0.005040 0.005040 0.005040 0.005040 0.005040 0.005040 0.005040 0.005040 0.005040 0.005040 0.005040 0.005040 0.005040 0.005040 0.005040 0.005039 0.005039 0.005037 0.005029 0.005007 0.004948 0.004806 0.004499 0.003918 0.002962 0.001612 0.000000 
50.000000 35.254000 22.514293 12.973204 6.741815 3.165965 1.348341 0.523305 0.186303 0.061541 0.019404 0.006345 0.002611 0.001621 0.001377 0.001321 0.001309 0.001306 0.001306 0.001306 0.001306 0.001306 0.001306 0.001306 0.001306 0.001306 0.001306 0.001306 0.001306 0.001306 0.001306 0.001306 0.001306 0.001306 0.001306 0.001306 0.001306 0.001306 0.001306 0.001305 0.001305 0.001303 0.001297 0.001281 0.001244 0.001163 0.001011 0.000763 0.000415 0.000000 
50.000000 35.253705 22.513745 12.972467 6.740955 3.165036 1.347377 0.522325 0.185317 0.060552 0.018415 0.005355 0.001621 0.000632 0.000387 0.000331 0.000319 0.000316 0.000316 0.000316 0.000316 0.000316 0.000316 0.000316 0.000316 0.000316 0.000316 0.000316 0.000316 0.000316 0.000316 0.000316 0.000316 0.000316 0.000316 0.000316 0.000316 0.000316 0.000316 0.000316 0.000316 0.000315 0.000314 0.000310 0.000301 0.000281 0.000244 0.000184 0.000100 0.000000 
50.000000 35.253632 22.513609 12.972284 6.740743 3.164806 1.347139 0.522083 0.185073 0.060308 0.018171 0.005111 0.001377 0.000387 0.000143 0.000087 0.000075 0.000072 0.000072 0.000072 0.000072 0.000072 0.000072 0.000072 0.000072 0.000072 0.000072 0.000072 0.000072 0.000072 0.000072 0.000072 0.000072 0.000072 0.000072 0.000072 0.000072 0.000072 0.000072 0.000072 0.000072 0.000071 0.000071 0.000070 0.000068 0.000064 0.000055 0.000042 0.000023 0.000000 
50.000000 35.253616 22.513578 12.972242 6.740694 3.164754 1.347084 0.522027 0.185017 0.060252 0.018115 0.005055 0.001321 0.000331 0.000087 0.000030 0.000018 0.000016 0.000015 0.000015 0.000015 0.000015 0.000015 0.000015 0.000015 0.000015 0.000015 0.000015 0.000015 0.000015 0.000015 0.000015 0.000015 0.000015 0.000015 0.000015 0.000015 0.000015 0.000015 0.000015 0.000015 0.000015 0.000015 0.000015 0.000014 0.000014 0.000012 0.000009 0.000005 0.000000 
50.000000 35.253612 22.513571 12.972233 6.740683 3.164742 1.347072 0.522015 0.185005 0.060240 0.018102 0.005043 0.001309 0.000319 0.000075 0.000018 0.000006 0.000004 0.000003 0.000003 0.000003 0.000003 0.000003 0.000003 0.000003 0.000003 0.000003 0.000003 0.000003 0.000003 0.000003 0.000003 0.000003 0.000003 0.000003 0.000003 0.000003 0.000003 0.000003 0.000003 0.000003 0.000003 0.000003 0.000003 0.000003 0.000003 0.000002 0.000002 0.000001 0.000000 
50.000000 35.253611 22.513570 12.972231 6.740681 3.164740 1.347070 0.522013 0.185003 0.060237 0.018100 0.005040 0.001306 0.000316 0.000072 0.000016 0.000004 0.000001 0.000001 0.000001 0.000001 0.000001 0.000001 0.000001 0.000001 0.000001 0.000001 0.000001 0.000001 0.000001 0.000001 0.000001 0.000001 0.000001 0.000001 0.000001 0.000001 0.000001 0.000001 0.000001 0.000001 0.000001 0.000001 0.000001 0.000001 0.000001 0.000000 0.000000 0.000000 0.000000 
50.000000 35.253611 22.513570 12.972231 6.740681 3.164739 1.347069 0.522012 0.185002 0.060237 0.018099 0.005040 0.001306 0.000316 0.000072 0.000015 0.000003 0.000001 0.000000 0.000000 0.000000 0.000000 0.000000 0.000000 0.000000 0.000000 0.000000 0.000000 0.000000 0.000000 0.000000 0.000000 0.000000 0.000000 0.000000 0.000000 0.000000 0.000000 0.000000 0.000000 0.000000 0.000000 0.000000 0.000000 0.000000 0.000000 0.000000 0.000000 0.000000 0.000000 
50.000000 35.253611 22.513570 12.972231 6.740680 3.164739 1.347069 0.522012 0.185002 0.060237 0.018099 0.005040 0.001306 0.000316 0.000072 0.000015 0.000003 0.000001 0.000000 0.000000 0.000000 0.000000 0.000000 0.000000 0.000000 0.000000 0.000000 0.000000 0.000000 0.000000 0.000000 0.000000 0.000000 0.000000 0.000000 0.000000 0.000000 0.000000 0.000000 0.000000 0.000000 0.000000 0.000000 0.000000 0.000000 0.000000 0.000000 0.000000 0.000000 0.000000 
50.000000 35.253611 22.513570 12.972231 6.740680 3.164739 1.347069 0.522012 0.185002 0.060237 0.018099 0.005040 0.001306 0.000316 0.000072 0.000015 0.000003 0.000001 0.000000 0.000000 0.000000 0.000000 0.000000 0.000000 0.000000 0.000000 0.000000 0.000000 0.000000 0.000000 0.000000 0.000000 0.000000 0.000000 0.000000 0.000000 0.000000 0.000000 0.000000 0.000000 0.000000 0.000000 0.000000 0.000000 0.000000 0.000000 0.000000 0.000000 0.000000 0.000000 
50.000000 35.253611 22.513570 12.972231 6.740680 3.164739 1.347069 0.522012 0.185002 0.060237 0.018099 0.005040 0.001306 0.000316 0.000072 0.000015 0.000003 0.000001 0.000000 0.000000 0.000000 0.000000 0.000000 0.000000 0.000000 0.000000 0.000000 0.000000 0.000000 0.000000 0.000000 0.000000 0.000000 0.000000 0.000000 0.000000 0.000000 0.000000 0.000000 0.000000 0.000000 0.000000 0.000000 0.000000 0.000000 0.000000 0.000000 0.000000 0.000000 0.000000 
50.000000 35.253611 22.513570 12.972231 6.740680 3.164739 1.347069 0.522012 0.185002 0.060237 0.018099 0.005040 0.001306 0.000316 0.000072 0.000015 0.000003 0.000001 0.000000 0.000000 0.000000 0.000000 0.000000 0.000000 0.000000 0.000000 0.000000 0.000000 0.000000 0.000000 0.000000 0.000000 0.000000 0.000000 0.000000 0.000000 0.000000 0.000000 0.000000 0.000000 0.000000 0.000000 0.000000 0.000000 0.000000 0.000000 0.000000 0.000000 0.000000 0.000000 
50.000000 35.253611 22.513570 12.972231 6.740680 3.164739 1.347069 0.522012 0.185002 0.060237 0.018099 0.005040 0.001306 0.000316 0.000072 0.000015 0.000003 0.000001 0.000000 0.000000 0.000000 0.000000 0.000000 0.000000 0.000000 0.000000 0.000000 0.000000 0.000000 0.000000 0.000000 0.000000 0.000000 0.000000 0.000000 0.000000 0.000000 0.000000 0.000000 0.000000 0.000000 0.000000 0.000000 0.000000 0.000000 0.000000 0.000000 0.000000 0.000000 0.000000 
50.000000 35.253611 22.513570 12.972231 6.740680 3.164739 1.347069 0.522012 0.185002 0.060237 0.018099 0.005040 0.001306 0.000316 0.000072 0.000015 0.000003 0.000001 0.000000 0.000000 0.000000 0.000000 0.000000 0.000000 0.000000 0.000000 0.000000 0.000000 0.000000 0.000000 0.000000 0.000000 0.000000 0.000000 0.000000 0.000000 0.000000 0.000000 0.000000 0.000000 0.000000 0.000000 0.000000 0.000000 0.000000 0.000000 0.000000 0.000000 0.000000 0.000000 
50.000000 35.253611 22.513570 12.972231 6.740680 3.164739 1.347069 0.522012 0.185002 0.060237 0.018099 0.005040 0.001306 0.000316 0.000072 0.000015 0.000003 0.000001 0.000000 0.000000 0.000000 0.000000 0.000000 0.000000 0.000000 0.000000 0.000000 0.000000 0.000000 0.000000 0.000000 0.000000 0.000000 0.000000 0.000000 0.000000 0.000000 0.000000 0.000000 0.000000 0.000000 0.000000 0.000000 0.000000 0.000000 0.000000 0.000000 0.000000 0.000000 0.000000 
50.000000 35.253611 22.513570 12.972231 6.740680 3.164739 1.347069 0.522012 0.185002 0.060237 0.018099 0.005040 0.001306 0.000316 0.000072 0.000015 0.000003 0.000001 0.000000 0.000000 0.000000 0.000000 0.000000 0.000000 0.000000 0.000000 0.000000 0.000000 0.000000 0.000000 0.000000 0.000000 0.000000 0.000000 0.000000 0.000000 0.000000 0.000000 0.000000 0.000000 0.000000 0.000000 0.000000 0.000000 0.000000 0.000000 0.000000 0.000000 0.000000 0.000000 
50.000000 35.253611 22.513570 12.972231 6.740680 3.164739 1.347069 0.522012 0.185002 0.060237 0.018099 0.005040 0.001306 0.000316 0.000072 0.000015 0.000003 0.000001 0.000000 0.000000 0.000000 0.000000 0.000000 0.000000 0.000000 0.000000 0.000000 0.000000 0.000000 0.000000 0.000000 0.000000 0.000000 0.000000 0.000000 0.000000 0.000000 0.000000 0.000000 0.000000 0.000000 0.000000 0.000000 0.000000 0.000000 0.000000 0.000000 0.000000 0.000000 0.000000 
50.000000 35.253611 22.513570 12.972231 6.740680 3.164739 1.347069 0.522012 0.185002 0.060237 0.018099 0.005040 0.001306 0.000316 0.000072 0.000015 0.000003 0.000001 0.000000 0.000000 0.000000 0.000000 0.000000 0.000000 0.000000 0.000000 0.000000 0.000000 0.000000 0.000000 0.000000 0.000000 0.000000 0.000000 0.000000 0.000000 0.000000 0.000000 0.000000 0.000000 0.000000 0.000000 0.000000 0.000000 0.000000 0.000000 0.000000 0.000000 0.000000 0.000000 
50.000000 35.253611 22.513570 12.972231 6.740680 3.164739 1.347069 0.522012 0.185002 0.060237 0.018099 0.005040 0.001306 0.000316 0.000072 0.000015 0.000003 0.000001 0.000000 0.000000 0.000000 0.000000 0.000000 0.000000 0.000000 0.000000 0.000000 0.000000 0.000000 0.000000 0.000000 0.000000 0.000000 0.000000 0.000000 0.000000 0.000000 0.000000 0.000000 0.000000 0.000000 0.000000 0.000000 0.000000 0.000000 0.000000 0.000000 0.000000 0.000000 0.000000 
50.000000 35.253611 22.513570 12.972231 6.740680 3.164739 1.347069 0.522012 0.185002 0.060237 0.018099 0.005040 0.001306 0.000316 0.000072 0.000015 0.000003 0.000001 0.000000 0.000000 0.000000 0.000000 0.000000 0.000000 0.000000 0.000000 0.000000 0.000000 0.000000 0.000000 0.000000 0.000000 0.000000 0.000000 0.000000 0.000000 0.000000 0.000000 0.000000 0.000000 0.000000 0.000000 0.000000 0.000000 0.000000 0.000000 0.000000 0.000000 0.000000 0.000000 
50.000000 35.253611 22.513570 12.972231 6.740681 3.164739 1.347069 0.522012 0.185002 0.060237 0.018099 0.005040 0.001306 0.000316 0.000072 0.000015 0.000003 0.000001 0.000000 0.000000 0.000000 0.000000 0.000000 0.000000 0.000000 0.000000 0.000000 0.000000 0.000000 0.000000 0.000000 0.000000 0.000000 0.000000 0.000000 0.000000 0.000000 0.000000 0.000000 0.000000 0.000000 0.000000 0.000000 0.000000 0.000000 0.000000 0.000000 0.000000 0.000000 0.000000 
50.000000 35.253611 22.513570 12.972231 6.740681 3.164740 1.347070 0.522013 0.185003 0.060237 0.018100 0.005040 0.001306 0.000316 0.000072 0.000016 0.000004 0.000001 0.000001 0.000001 0.000001 0.000001 0.000001 0.000001 0.000001 0.000001 0.000001 0.000001 0.000001 0.000001 0.000001 0.000001 0.000001 0.000001 0.000001 0.000001 0.000001 0.000001 0.000001 0.000001 0.000001 0.000001 0.000001 0.000001 0.000001 0.000001 0.000000 0.000000 0.000000 0.000000 
50.000000 35.253612 22.513571 12.972233 6.740683 3.164742 1.347072 0.522015 0.185005 0.060240 0.018102 0.005043 0.001309 0.000319 0.000075 0.000018 0.000006 0.000004 0.000003 0.000003 0.000003 0.000003 0.000003 0.000003 0.000003 0.000003 0.000003 0.000003 0.000003 0.000003 0.000003 0.000003 0.000003 0.000003 0.000003 0.000003 0.000003 0.000003 0.000003 0.000003 0.000003 0.000003 0.000003 0.000003 0.000003 0.000003 0.000002 0.000002 0.000001 0.000000 
50.000000 35.253616 22.513578 12.972242 6.740694 3.164754 1.347084 0.522027 0.185017 0.060252 0.018115 0.005055 0.001321 0.000331 0.000087 0.000030 0.000018 0.000016 0.000015 0.000015 0.000015 0.000015 0.000015 0.000015 0.000015 0.000015 0.000015 0.000015 0.000015 0.000015 0.000015 0.000015 0.000015 0.000015 0.000015 0.000015 0.000015 0.000015 0.000015 0.000015 0.000015 0.000015 0.000015 0.000015 0.000014 0.000014 0.000012 0.000009 0.000005 0.000000 
50.000000 35.253632 22.513609 12.972284 6.740743 3.164806 1.347139 0.522083 0.185073 0.060308 0.018171 0.005111 0.001377 0.000387 0.000143 0.000087 0.000075 0.000072 0.000072 0.000072 0.000072 0.000072 0.000072 0.000072 0.000072 0.000072 0.000072 0.000072 0.000072 0.000072 0.000072 0.000072 0.000072 0.000072 0.000072 0.000072 0.000072 0.000072 0.000072 0.000072 0.000072 0.000071 0.000071 0.000070 0.000068 0.000064 0.000055 0.000042 0.000023 0.000000 
50.000000 35.253705 22.513745 12.972467 6.740955 3.165036 1.347377 0.522325 0.185317 0.060552 0.018415 0.005355 0.001621 0.000632 0.000387 0.000331 0.000319 0.000316 0.000316 0.000316 0.000316 0.000316 0.000316 0.000316 0.000316 0.000316 0.000316 0.000316 0.000316 0.000316 0.000316 0.000316 0.000316 0.000316 0.000316 0.000316 0.000316 0.000316 0.000316 0.000316 0.000316 0.000315 0.000314 0.000310 0.000301 0.000281 0.000244 0.000184 0.000100 0.000000 
50.000000 35.254000 22.514293 12.973204 6.741815 3.165965 1.348341 0.523305 0.186303 0.061541 0.019404 0.006345 0.002611 0.001621 0.001377 0.001321 0.001309 0.001306 0.001306 0.001306 0.001306 0.001306 0.001306 0.001306 0.001306 0.001306 0.001306 0.001306 0.001306 0.001306 0.001306 0.001306 0.001306 0.001306 0.001306 0.001306 0.001306 0.001306 0.001306 0.001305 0.001305 0.001303 0.001297 0.001281 0.001244 0.001163 0.001011 0.000763 0.000415 0.000000 
50.000000 35.255110 22.516361 12.975985 6.745058 3.169471 1.351979 0.527002 0.190024 0.065271 0.023137 0.010079 0.006345 0.005355 0.005111 0.005055 0.005043 0.005040 0.005040 0.005040 0.005040 0.005040 0.005040 0.005040 0.005040 0.005040 0.005040 0.005040 0.005040 0.005040 0.005040 0.005040 0.005040 0.005040 0.005040 0.005040 0.005040 0.005040 0.005039 0.005039 0.005037 0.005029 0.005007 0.004948 0.004806 0.004499 0.003918 0.002962 0.001612 0.000000 
50.000000 35.258990 22.523585 12.985702 6.756394 3.181728 1.364701 0.539932 0.203039 0.078316 0.036193 0.023137 0.019404 0.018415 0.018171 0.018115 0.018102 0.018100 0.018099 0.018099 0.018099 0.018099 0.018099 0.018099 0.018099 0.018099 0.018099 0.018099 0.018099 0.018099 0.018099 0.018099 0.018099 0.018099 0.018099 0.018099 0.018099 0.018099 0.018099 0.018096 0.018088 0.018063 0.017987 0.017782 0.017283 0.016202 0.014138 0.010710 0.005839 0.000000 
50.000000 35.271493 22.546869 13.017032 6.792950 3.221264 1.405740 0.581648 0.245028 0.120406 0.078316 0.065271 0.061541 0.060552 0.060308 0.060252 0.060240 0.060237 0.060237 0.060237 0.060237 0.060237 0.060237 0.060237 0.060237 0.060237 0.060237 0.060237 0.060237 0.060237 0.060237 0.060237 0.060237 0.060237 0.060237 0.060237 0.060237 0.060236 0.060234 0.060227 0.060203 0.060122 0.059882 0.059227 0.057622 0.054110 0.047332 0.035963 0.019657 0.000000 
50.000000 35.308474 22.615749 13.109729 6.901137 3.338292 1.527233 0.705154 0.369351 0.245028 0.203039 0.190024 0.186303 0.185317 0.185073 0.185017 0.185005 0.185003 0.185002 0.185002 0.185002 0.185002 0.185002 0.185002 0.185002 0.185002 0.185002 0.185002 0.185002 0.185002 0.185002 0.185002 0.185002 0.185002 0.185002 0.185002 0.185002 0.185000 0.184995 0.184976 0.184906 0.184675 0.183981 0.182077 0.177359 0.166913 0.146486 0.111749 0.061302 0.000000 
50.000000 35.408258 22.801635 13.359947 7.193228 3.654311 1.855355 1.038740 0.705154 0.581648 0.539932 0.527002 0.523305 0.522325 0.522083 0.522027 0.522015 0.522013 0.522012 0.522012 0.522012 0.522012 0.522012 0.522012 0.522012 0.522012 0.522012 0.522012 0.522012 0.522012 0.522012 0.522012 0.522012 0.522012 0.522012 0.522012 0.522011 0.522008 0.521995 0.521945 0.521766 0.521173 0.519370 0.514368 0.501817 0.473600 0.417472 0.320252 0.176605 0.000000 
50.000000 35.652306 23.256332 13.972125 7.907999 4.427770 2.658535 1.855355 1.527233 1.405740 1.364701 1.351979 1.348341 1.347377 1.347139 1.347084 1.347072 1.347070 1.347069 1.347069 1.347069 1.347069 1.347069 1.347069 1.347069 1.347069 1.347069 1.347069 1.347069 1.347069 1.347069 1.347069 1.347069 1.347069 1.347069 1.347069 1.347067 1.347060 1.347031 1.346919 1.346513 1.345156 1.340987 1.329268 1.299381 1.230880 1.091509 0.843992 0.469129 0.000000 
50.000000 36.189474 24.257289 15.320000 9.482058 6.131340 4.427770 3.654311 3.338292 3.221264 3.181728 3.169471 3.165965 3.165036 3.164806 3.164754 3.164742 3.164740 3.164739 3.164739 3.164739 3.164739 3.164739 3.164739 3.164739 3.164739 3.164739 3.164739 3.164739 3.164739 3.164739 3.164739 3.164739 3.164739 3.164739 3.164738 3.164735 3.164722 3.164666 3.164445 3.163643 3.160933 3.152494 3.128389 3.065670 2.918314 2.609391 2.041338 1.149039 0.000000 
50.000000 37.245392 26.225117 17.970284 12.577599 9.482058 7.907999 7.193228 6.901137 6.792950 6.756394 6.745058 6.741815 6.740955 6.740743 6.740694 6.740683 6.740681 6.740681 6.740680 6.740680 6.740680 6.740680 6.740680 6.740680 6.740680 6.740680 6.740680 6.740680 6.740680 6.740680 6.740680 6.740680 6.740680 6.740680 6.740679 6.740674 6.740652 6.740559 6.740191 6.738840 6.734224 6.719628 6.677120 6.563743 6.288799 5.688811 4.529802 2.604440 0.000000 
50.000000 39.084179 29.652262 22.586627 17.970284 15.320000 13.972125 13.359947 13.109729 13.017032 12.985702 12.975985 12.973204 12.972467 12.972284 12.972242 12.972233 12.972231 12.972231 12.972231 12.972231 12.972231 12.972231 12.972231 12.972231 12.972231 12.972231 12.972231 12.972231 12.972231 12.972231 12.972231 12.972231 12.972231 12.972231 12.972229 12.972223 12.972193 12.972067 12.971564 12.969699 12.963243 12.942475 12.880615 12.710609 12.281472 11.293314 9.243933 5.521789 0.000000 
50.000000 41.898029 34.897160 29.652262 26.225117 24.257289 23.256332 22.801635 22.615749 22.546869 22.523585 22.516361 22.514293 22.513745 22.513609 22.513578 22.513571 22.513570 22.513570 22.513570 22.513570 22.513570 22.513570 22.513570 22.513570 22.513570 22.513570 22.513570 22.513570 22.513570 22.513570 22.513570 22.513570 22.513569 22.513569 22.513568 22.513561 22.513530 22.513399 22.512875 22.510906 22.504000 22.481383 22.412340 22.215951 21.695316 20.408329 17.448580 11.213846 0.000000 
50.000000 45.653729 41.898029 39.084179 37.245392 36.189474 35.652306 35.408258 35.308474 35.271493 35.258990 35.255110 35.254000 35.253705 35.253632 35.253616 35.253612 35.253611 35.253611 35.253611 35.253611 35.253611 35.253611 35.253611 35.253611 35.253611 35.253611 35.253611 35.253611 35.253611 35.253611 35.253611 35.253611 35.253611 35.253611 35.253610 35.253605 35.253585 35.253499 35.253151 35.251837 35.247172 35.231653 35.183177 35.040434 34.640952 33.562390 30.684183 22.826864 0.000000 
50.000000 50.000000 50.000000 50.000000 50.000000 50.000000 50.000000 50.000000 50.000000 50.000000 50.000000 50.000000 50.000000 50.000000 50.000000 50.000000 50.000000 50.000000 50.000000 50.000000 50.000000 50.000000 50.000000 50.000000 50.000000 50.000000 50.000000 50.000000 50.000000 50.000000 50.000000 50.000000 50.000000 50.000000 50.000000 50.000000 50.000000 50.000000 50.000000 50.000000 50.000000 50.000000 50.000000 50.000000 50.000000 50.000000 50.000000 50.000000 50.000000 50.000000 
