50.000000 50.000000 50.000000 50.000000 50.000000 50.000000 50.000000 50.000000 50.000000 50.000000 50.000000 50.000000 50.000000 50.000000 50.000000 50.000000 50.000000 50.000000 50.000000 50.000000 50.000000 50.000000 50.000000 50.000000 50.000000 50.000000 50.000000 50.000000 50.000000 50.000000 50.000000 50.000000 50.000000 50.000000 50.000000 50.000000 50.000000 50.000000 50.000000 50.000000 50.000000 50.000000 50.000000 50.000000 50.000000 50.000000 50.000000 50.000000 50.000000 50.000000 
50.000000 47.828188 45.804288 44.046050 42.621136 41.542796 40.779793 40.274270 39.960140 39.776744 39.675963 39.623738 39.598170 39.586322 39.581116 39.578943 39.578080 39.577753 39.577635 39.577595 39.577581 39.577577 39.577575 39.577575 39.577575 39.577575 39.577575 39.577575 39.577575 39.577575 39.577574 39.577572 39.577565 39.577543 39.577478 39.577297 39.576806 39.575526 39.572322 39.564611 39.546739 39.506770 39.420183 39.237416 38.858042 38.072583 36.415746 32.747812 23.914094 0.000000 
50.000000 45.804288 41.894338 38.497641 35.744913 33.661743 32.187774 31.211224 30.604414 30.250152 30.055482 29.954605 29.905220 29.882336 29.872281 29.868084 29.866418 29.865787 29.865559 29.865480 29.865454 29.865446 29.865443 29.865443 29.865442 29.865442 29.865442 29.865442 29.865442 29.865442 29.865441 29.865437 29.865424 29.865385 29.865272 29.864954 29.864092 29.861856 29.856281 29.842937 29.812240 29.744290 29.599230 29.299629 28.698320 27.519183 25.248131 20.947169 13.056476 0.000000 
50.000000 44.046050 38.497641 33.677615 29.771462 26.815479 24.723994 23.338362 22.477383 21.974754 21.698565 21.555453 21.485394 21.452931 21.438668 21.432716 21.430352 21.429457 21.429134 21.429023 21.428986 21.428974 21.428970 21.428969 21.428969 21.428969 21.428969 21.428969 21.428969 21.428968 21.428967 21.428962 21.428946 21.428899 21.428762 21.428376 21.427335 21.424648 21.417990 21.402181 21.366189 21.287614 21.123002 20.791788 20.151216 18.960471 16.838808 13.249511 7.630304 0.000000 
50.000000 42.621136 35.744913 29.771462 24.930664 21.267480 18.675699 16.958676 15.891828 15.269042 14.926845 14.749540 14.662746 14.622532 14.604865 14.597492 14.594564 14.593456 14.593056 14.592918 14.592872 14.592857 14.592853 14.592852 14.592851 14.592851 14.592851 14.592851 14.592851 14.592851 14.592849 14.592844 14.592829 14.592781 14.592644 14.592260 14.591231 14.588589 14.582091 14.566803 14.532408 14.458452 14.306552 14.008789 13.452549 12.465332 10.810991 8.225730 4.548554 0.000000 
50.000000 41.542796 33.661743 26.815479 21.267480 17.069248 14.099005 12.131331 10.908799 10.195165 9.803071 9.599923 9.500485 9.454416 9.434178 9.425732 9.422379 9.421110 9.420652 9.420493 9.420441 9.420424 9.420419 9.420418 9.420417 9.420417 9.420417 9.420417 9.420417 9.420417 9.420415 9.420411 9.420398 9.420357 9.420238 9.419907 9.419024 9.416772 9.411278 9.398477 9.370024 9.309759 9.188307 8.955870 8.534624 7.814932 6.664264 4.963423 2.684754 0.000000 
50.000000 40.779793 32.187774 24.723994 18.675699 14.099005 10.861104 8.716197 7.383603 6.605759 6.178408 5.957005 5.848639 5.798436 5.776383 5.767181 5.763527 5.762145 5.761645 5.761473 5.761416 5.761398 5.761392 5.761391 5.761390 5.761390 5.761390 5.761390 5.761390 5.761390 5.761389 5.761385 5.761375 5.761343 5.761251 5.760996 5.760321 5.758611 5.754470 5.744915 5.723923 5.680086 5.593257 5.430552 5.143135 4.666910 3.932206 2.888145 1.542376 0.000000 
50.000000 40.274270 31.211224 23.338362 16.958676 12.131331 8.716197 6.453957 5.048519 4.228189 3.777516 3.544042 3.429773 3.376838 3.353587 3.343885 3.340034 3.338576 3.338050 3.337868 3.337808 3.337789 3.337783 3.337781 3.337781 3.337781 3.337781 3.337781 3.337781 3.337780 3.337780 3.337777 3.337770 3.337748 3.337683 3.337506 3.337038 3.335860 3.333031 3.326562 3.312502 3.283517 3.226979 3.122940 2.943024 2.652124 2.215360 1.611994 0.854087 0.000000 
50.000000 39.960140 30.604414 22.477383 15.891828 10.908799 7.383603 5.048519 3.597869 2.751177 2.286039 2.045081 1.927153 1.872526 1.848532 1.838521 1.834547 1.833043 1.832500 1.832313 1.832251 1.832231 1.832225 1.832224 1.832223 1.832223 1.832223 1.832223 1.832223 1.832223 1.832222 1.832221 1.832216 1.832201 1.832160 1.832047 1.831750 1.831007 1.829234 1.825215 1.816564 1.798934 1.765002 1.703517 1.599040 1.433376 1.189769 0.860124 0.453371 0.000000 
50.000000 39.776744 30.250152 21.974754 15.269042 10.195165 6.605759 4.228189 2.751177 1.889121 1.415555 1.170237 1.050180 0.994568 0.970142 0.959952 0.955907 0.954376 0.953823 0.953632 0.953569 0.953549 0.953543 0.953541 0.953541 0.953541 0.953541 0.953541 0.953541 0.953541 0.953540 0.953539 0.953537 0.953528 0.953504 0.953437 0.953263 0.952829 0.951802 0.949491 0.944561 0.934613 0.915687 0.881836 0.825141 0.736634 0.608565 0.437912 0.230005 0.000000 
50.000000 39.675963 30.055482 21.698565 14.926845 9.803071 6.178408 3.777516 2.286039 1.415555 0.937367 0.689660 0.568436 0.512285 0.487623 0.477335 0.473250 0.471705 0.471147 0.470954 0.470891 0.470870 0.470864 0.470863 0.470862 0.470862 0.470862 0.470862 0.470862 0.470862 0.470862 0.470861 0.470860 0.470855 0.470841 0.470805 0.470710 0.470475 0.469921 0.468683 0.466064 0.460824 0.450954 0.433493 0.404594 0.360042 0.296384 0.212544 0.111352 0.000000 
50.000000 39.623738 29.954605 21.555453 14.749540 9.599923 5.957005 3.544042 2.045081 1.170237 0.689660 0.440719 0.318892 0.262463 0.237680 0.227340 0.223236 0.221683 0.221122 0.220929 0.220865 0.220844 0.220838 0.220836 0.220836 0.220836 0.220836 0.220836 0.220836 0.220836 0.220835 0.220835 0.220834 0.220832 0.220825 0.220806 0.220758 0.220639 0.220360 0.219739 0.218435 0.215846 0.211011 0.202535 0.188645 0.167449 0.137462 0.098324 0.051416 0.000000 
50.000000 39.598170 29.905220 21.485394 14.662746 9.500485 5.848639 3.429773 1.927153 1.050180 0.568436 0.318892 0.196772 0.140207 0.115364 0.105000 0.100886 0.099329 0.098767 0.098573 0.098509 0.098489 0.098482 0.098481 0.098480 0.098480 0.098480 0.098480 0.098480 0.098480 0.098480 0.098480 0.098479 0.098478 0.098475 0.098466 0.098443 0.098386 0.098254 0.097961 0.097350 0.096146 0.093913 0.090028 0.083714 0.074157 0.060746 0.043364 0.022644 0.000000 
50.000000 39.586322 29.882336 21.452931 14.622532 9.454416 5.798436 3.376838 1.872526 0.994568 0.512285 0.262463 0.140207 0.083580 0.058709 0.048334 0.044215 0.042657 0.042094 0.041900 0.041836 0.041815 0.041809 0.041807 0.041807 0.041807 0.041807 0.041807 0.041807 0.041807 0.041807 0.041807 0.041806 0.041806 0.041804 0.041800 0.041790 0.041764 0.041705 0.041575 0.041305 0.040776 0.039800 0.038114 0.035392 0.031301 0.025596 0.018243 0.009516 0.000000 
50.000000 39.581116 29.872281 21.438668 14.604865 9.434178 5.776383 3.353587 1.848532 0.970142 0.487623 0.237680 0.115364 0.058709 0.033827 0.023446 0.019326 0.017767 0.017204 0.017009 0.016945 0.016925 0.016919 0.016917 0.016916 0.016916 0.016916 0.016916 0.016916 0.016916 0.016916 0.016916 0.016916 0.016916 0.016915 0.016913 0.016909 0.016898 0.016873 0.016819 0.016706 0.016485 0.016081 0.015386 0.014271 0.012605 0.010293 0.007327 0.003819 0.000000 
50.000000 39.578943 29.868084 21.432716 14.597492 9.425732 5.767181 3.343885 1.838521 0.959952 0.477335 0.227340 0.105000 0.048334 0.023446 0.013064 0.008942 0.007383 0.006820 0.006626 0.006561 0.006541 0.006535 0.006533 0.006532 0.006532 0.006532 0.006532 0.006532 0.006532 0.006532 0.006532 0.006532 0.006532 0.006532 0.006531 0.006529 0.006525 0.006515 0.006493 0.006448 0.006361 0.006202 0.005930 0.005495 0.004848 0.003954 0.002812 0.001465 0.000000 
50.000000 39.578080 29.866418 21.430352 14.594564 9.422379 5.763527 3.340034 1.834547 0.955907 0.473250 0.223236 0.100886 0.044215 0.019326 0.008942 0.004821 0.003261 0.002698 0.002504 0.002439 0.002419 0.002413 0.002411 0.002410 0.002410 0.002410 0.002410 0.002410 0.002410 0.002410 0.002410 0.002410 0.002410 0.002410 0.002410 0.002409 0.002408 0.002404 0.002395 0.002379 0.002346 0.002286 0.002184 0.002022 0.001783 0.001453 0.001032 0.000537 0.000000 
50.000000 39.577753 29.865787 21.429457 14.593456 9.421110 5.762145 3.338576 1.833043 0.954376 0.471705 0.221683 0.099329 0.042657 0.017767 0.007383 0.003261 0.001702 0.001139 0.000944 0.000880 0.000860 0.000853 0.000852 0.000851 0.000851 0.000851 0.000851 0.000851 0.000851 0.000851 0.000851 0.000851 0.000851 0.000851 0.000851 0.000851 0.000850 0.000849 0.000846 0.000839 0.000828 0.000806 0.000770 0.000712 0.000628 0.000511 0.000363 0.000189 0.000000 
50.000000 39.577635 29.865559 21.429134 14.593056 9.420652 5.761645 3.338050 1.832500 0.953823 0.471147 0.221122 0.098767 0.042094 0.017204 0.006820 0.002698 0.001139 0.000576 0.000381 0.000317 0.000296 0.000290 0.000288 0.000288 0.000288 0.000288 0.000288 0.000288 0.000288 0.000288 0.000288 0.000288 0.000288 0.000288 0.000288 0.000288 0.000287 0.000287 0.000286 0.000284 0.000280 0.000272 0.000260 0.000241 0.000212 0.000172 0.000122 0.000064 0.000000 
50.000000 39.577595 29.865480 21.429023 14.592918 9.420493 5.761473 3.337868 1.832313 0.953632 0.470954 0.220929 0.098573 0.041900 0.017009 0.006626 0.002504 0.000944 0.000381 0.000187 0.000122 0.000102 0.000096 0.000094 0.000094 0.000093 0.000093 0.000093 0.000093 0.000093 0.000093 0.000093 0.000093 0.000093 0.000093 0.000093 0.000093 0.000093 0.000093 0.000093 0.000092 0.000091 0.000088 0.000084 0.000078 0.000069 0.000056 0.000040 0.000021 0.000000 
50.000000 39.577581 29.865454 21.428986 14.592872 9.420441 5.761416 3.337808 1.832251 0.953569 0.470891 0.220865 0.098509 0.041836 0.016945 0.006561 0.002439 0.000880 0.000317 0.000122 0.000058 0.000038 0.000032 0.000030 0.000029 0.000029 0.000029 0.000029 0.000029 0.000029 0.000029 0.000029 0.000029 0.000029 0.000029 0.000029 0.000029 0.000029 0.000029 0.000029 0.000029 0.000028 0.000027 0.000026 0.000024 0.000021 0.000017 0.000012 0.000006 0.000000 
50.000000 39.577577 29.865446 21.428974 14.592857 9.420424 5.761398 3.337789 1.832231 0.953549 0.470870 0.220844 0.098489 0.041815 0.016925 0.006541 0.002419 0.000860 0.000296 0.000102 0.000038 0.000017 0.000011 0.000009 0.000009 0.000009 0.000009 0.000009 0.000009 0.000009 0.000009 0.000009 0.000009 0.000009 0.000009 0.000009 0.000009 0.000009 0.000009 0.000009 0.000009 0.000008 0.000008 0.000008 0.000007 0.000006 0.000005 0.000004 0.000002 0.000000 
50.000000 39.577575 29.865443 21.428970 14.592853 9.420419 5.761392 3.337783 1.832225 0.953543 0.470864 0.220838 0.098482 0.041809 0.016919 0.006535 0.002413 0.000853 0.000290 0.000096 0.000032 0.000011 0.000005 0.000003 0.000003 0.000003 0.000003 0.000003 0.000003 0.000003 0.000003 0.000003 0.000003 0.000003 0.000003 0.000003 0.000003 0.000003 0.000003 0.000002 0.000002 0.000002 0.000002 0.000002 0.000002 0.000002 0.000001 0.000001 0.000001 0.000000 
50.000000 39.577575 29.865443 21.428969 14.592852 9.420418 5.761391 3.337781 1.832224 0.953541 0.470863 0.220836 0.098481 0.041807 0.016917 0.006533 0.002411 0.000852 0.000288 0.000094 0.000030 0.000009 0.000003 0.000001 0.000001 0.000001 0.000001 0.000001 0.000001 0.000001 0.000001 0.000001 0.000001 0.000001 0.000001 0.000001 0.000001 0.000001 0.000001 0.000001 0.000001 0.000001 0.000001 0.000001 0.000001 0.000001 0.000000 0.000000 0.000000 0.000000 
50.000000 39.577575 29.865442 21.428969 14.592851 9.420417 5.761390 3.337781 1.832223 0.953541 0.470862 0.220836 0.098480 0.041807 0.016916 0.006532 0.002411 0.000851 0.000288 0.000094 0.000029 0.000009 0.000003 0.000001 0.000000 0.000000 0.000000 0.000000 0.000000 0.000000 0.000000 0.000000 0.000000 0.000000 0.000000 0.000000 0.000000 0.000000 0.000000 0.000000 0.000000 0.000000 0.000000 0.000000 0.000000 0.000000 0.000000 0.000000 0.000000 0.000000 
50.000000 39.577575 29.865442 21.428969 14.592851 9.420417 5.761390 3.337781 1.832223 0.953541 0.470862 0.220836 0.098480 0.041807 0.016916 0.006532 0.002411 0.000851 0.000288 0.000094 0.000029 0.000009 0.000003 0.000001 0.000000 0.000000 0.000000 0.000000 0.000000 0.000000 0.000000 0.000000 0.000000 0.000000 0.000000 0.000000 0.000000 0.000000 0.000000 0.000000 0.000000 0.000000 0.000000 0.000000 0.000000 0.000000 0.000000 0.000000 0.000000 0.000000 
50.000000 39.577575 29.865443 21.428969 14.592852 9.420418 5.761391 3.337781 1.832224 0.953541 0.470863 0.220836 0.098481 0.041807 0.016917 0.006533 0.002411 0.000852 0.000288 0.000094 0.000030 0.000009 0.000003 0.000001 0.000001 0.000001 0.000001 0.000001 0.000001 0.000001 0.000001 0.000001 0.000001 0.000001 0.000001 0.000001 0.000001 0.000001 0.000001 0.000001 0.000001 0.000001 0.000001 0.000001 0.000001 0.000001 0.000000 0.000000 0.000000 0.000000 
50.000000 39.577575 29.865443 21.428970 14.592853 9.420419 5.761392 3.337783 1.832225 0.953543 0.470864 0.220838 0.098482 0.041809 0.016919 0.006535 0.002413 0.000853 0.000290 0.000096 0.000032 0.000011 0.000005 0.000003 0.000003 0.000003 0.000003 0.000003 0.000003 0.000003 0.000003 0.000003 0.000003 0.000003 0.000003 0.000003 0.000003 0.000003 0.000003 0.000002 0.000002 0.000002 0.000002 0.000002 0.000002 0.000002 0.000001 0.000001 0.000001 0.000000 
50.000000 39.577577 29.865446 21.428974 14.592857 9.420424 5.761398 3.337789 1.832231 0.953549 0.470870 0.220844 0.098489 0.041815 0.016925 0.006541 0.002419 0.000860 0.000296 0.000102 0.000038 0.000017 0.000011 0.000009 0.000009 0.000009 0.000009 0.000009 0.000009 0.000009 0.000009 0.000009 0.000009 0.000009 0.000009 0.000009 0.000009 0.000009 0.000009 0.000009 0.000009 0.000008 0.000008 0.000008 0.000007 0.000006 0.000005 0.000004 0.000002 0.000000 
50.000000 39.577581 29.865454 21.428986 14.592872 9.420441 5.761416 3.337808 1.832251 0.953569 0.470891 0.220865 0.098509 0.041836 0.016945 0.006561 0.002439 0.000880 0.000317 0.000122 0.000058 0.000038 0.000032 0.000030 0.000029 0.000029 0.000029 0.000029 0.000029 0.000029 0.000029 0.000029 0.000029 0.000029 0.000029 0.000029 0.000029 0.000029 0.000029 0.000029 0.000029 0.000028 0.000027 0.000026 0.000024 0.000021 0.000017 0.000012 0.000006 0.000000 
50.000000 39.577595 29.865480 21.429023 14.592918 9.420493 5.761473 3.337868 1.832313 0.953632 0.470954 0.220929 0.098573 0.041900 0.017009 0.006626 0.002504 0.000944 0.000381 0.000187 0.000122 0.000102 0.000096 0.000094 0.000094 0.000093 0.000093 0.000093 0.000093 0.000093 0.000093 0.000093 0.000093 0.000093 0.000093 0.000093 0.000093 0.000093 0.000093 0.000093 0.000092 0.000091 0.000088 0.000084 0.000078 0.000069 0.000056 0.000040 0.000021 0.000000 
50.000000 39.577635 29.865559 21.429134 14.593056 9.420652 5.761645 3.338050 1.832500 0.953823 0.471147 0.221122 0.098767 0.042094 0.017204 0.006820 0.002698 0.001139 0.000576 0.000381 0.000317 0.000296 0.000290 0.000288 0.000288 0.000288 0.000288 0.000288 0.000288 0.000288 0.000288 0.000288 0.000288 0.000288 0.000288 0.000288 0.000288 0.000287 0.000287 0.000286 0.000284 0.000280 0.000272 0.000260 0.000241 0.000212 0.000172 0.000122 0.000064 0.000000 
50.000000 39.577753 29.865787 21.429457 14.593456 9.421110 5.762145 3.338576 1.833043 0.954376 0.471705 0.221683 0.099329 0.042657 0.017767 0.007383 0.003261 0.001702 0.001139 0.000944 0.000880 0.000860 0.000853 0.000852 0.000851 0.000851 0.000851 0.000851 0.000851 0.000851 0.000851 0.000851 0.000851 0.000851 0.000851 0.000851 0.000851 0.000850 0.000849 0.000846 0.000839 0.000828 0.000806 0.000770 0.000712 0.000628 0.000511 0.000363 0.000189 0.000000 
50.000000 39.578080 29.866418 21.430352 14.594564 9.422379 5.763527 3.340034 1.834547 0.955907 0.473250 0.223236 0.100886 0.044215 0.019326 0.008942 0.004821 0.003261 0.002698 0.002504 0.002439 0.002419 0.002413 0.002411 0.002410 0.002410 0.002410 0.002410 0.002410 0.002410 0.002410 0.002410 0.002410 0.002410 0.002410 0.002410 0.002409 0.002408 0.002404 0.002395 0.002379 0.002346 0.002286 0.002184 0.002022 0.001783 0.001453 0.001032 0.000537 0.000000 
50.000000 39.578943 29.868084 21.432716 14.597492 9.425732 5.767181 3.343885 1.838521 0.959952 0.477335 0.227340 0.105000 0.048334 0.023446 0.013064 0.008942 0.007383 0.006820 0.006626 0.006561 0.006541 0.006535 0.006533 0.006532 0.006532 0.006532 0.006532 0.006532 0.006532 0.006532 0.006532 0.006532 0.006532 0.006532 0.006531 0.006529 0.006525 0.006515 0.006493 0.006448 0.006361 0.006202 0.005930 0.005495 0.004848 0.003954 0.002812 0.001465 0.000000 
50.000000 39.581116 29.872281 21.438668 14.604865 9.434178 5.776383 3.353587 1.848532 0.970142 0.487623 0.237680 0.115364 0.058709 0.033827 0.023446 0.019326 0.017767 0.017204 0.017009 0.016945 0.016925 0.016919 0.016917 0.016916 0.016916 0.016916 0.016916 0.016916 0.016916 0.016916 0.016916 0.016916 0.016916 0.016915 0.016913 0.016909 0.016898 0.016873 0.016819 0.016706 0.016485 0.016081 0.015386 0.014271 0.012605 0.010293 0.007327 0.003819 0.000000 
50.000000 39.586322 29.882336 21.452931 14.622532 9.454416 5.798436 3.376838 1.872526 0.994568 0.512285 0.262463 0.140207 0.083580 0.058709 0.048334 0.044215 0.042657 0.042094 0.041900 0.041836 0.041815 0.041809 0.041807 0.041807 0.041807 0.041807 0.041807 0.041807 0.041807 0.041807 0.041807 0.041806 0.041806 0.041804 0.041800 0.041790 0.041764 0.041705 0.041575 0.041305 0.040776 0.039800 0.038114 0.035392 0.031301 0.025596 0.018243 0.009516 0.000000 
50.000000 39.598170 29.905220 21.485394 14.662746 9.500485 5.848639 3.429773 1.927153 1.050180 0.568436 0.318892 0.196772 0.140207 0.115364 0.105000 0.100886 0.099329 0.098767 0.098573 0.098509 0.098489 0.098482 0.098481 0.098480 0.098480 0.098480 0.098480 0.098480 0.098480 0.098480 0.098480 0.098479 0.098478 0.098475 0.098466 0.098443 0.098386 0.098254 0.097961 0.097350 0.096146 0.093913 0.090028 0.083714 0.074157 0.060746 0.043364 0.022644 0.000000 
50.000000 39.623738 29.954605 21.555453 14.749540 9.599923 5.957005 3.544042 2.045081 1.170237 0.689660 0.440719 0.318892 0.262463 0.237680 0.227340 0.223236 0.221683 0.221122 0.220929 0.220865 0.220844 0.220838 0.220836 0.220836 0.220836 0.220836 0.220836 0.220836 0.220836 0.220835 0.220835 0.220834 0.220832 0.220825 0.220806 0.220758 0.220639 0.220360 0.219739 0.218435 0.215846 0.211011 0.202535 0.188645 0.167449 0.137462 0.098324 0.051416 0.000000 
50.000000 39.675963 30.055482 21.698565 14.926845 9.803071 6.178408 3.777516 2.286039 1.415555 0.937367 0.689660 0.568436 0.512285 0.487623 0.477335 0.473250 0.471705 0.471147 0.470954 0.470891 0.470870 0.470864 0.470863 0.470862 0.470862 0.470862 0.470862 0.470862 0.470862 0.470862 0.470861 0.470860 0.470855 0.470841 0.470805 0.470710 0.470475 0.469921 0.468683 0.466064 0.460824 0.450954 0.433493 0.404594 0.360042 0.296384 0.212544 0.111352 0.000000 
50.000000 39.776744 30.250152 21.974754 15.269042 10.195165 6.605759 4.228189 2.751177 1.889121 1.415555 1.170237 1.050180 0.994568 0.970142 0.959952 0.955907 0.954376 0.953823 0.953632 0.953569 0.953549 0.953543 0.953541 0.953541 0.953541 0.953541 0.953541 0.953541 0.953541 0.953540 0.953539 0.953537 0.953528 0.953504 0.953437 0.953263 0.952829 0.951802 0.949491 0.944561 0.934613 0.915687 0.881836 0.825141 0.736634 0.608565 0.437912 0.230005 0.000000 
50.000000 39.960140 30.604414 22.477383 15.891828 10.908799 7.383603 5.048519 3.597869 2.751177 2.286039 2.045081 1.927153 1.872526 1.848532 1.838521 1.834547 1.833043 1.832500 1.832313 1.832251 1.832231 1.832225 1.832224 1.832223 1.832223 1.832223 1.832223 1.832223 1.832223 1.832222 1.832221 1.832216 1.832201 1.832160 1.832047 1.831750 1.831007 1.829234 1.825215 1.816564 1.798934 1.765002 1.703517 1.599040 1.433376 1.189769 0.860124 0.453371 0.000000 
50.000000 40.274270 31.211224 23.338362 16.958676 12.131331 8.716197 6.453957 5.048519 4.228189 3.777516 3.544042 3.429773 3.376838 3.353587 3.343885 3.340034 3.338576 3.338050 3.337868 3.337808 3.337789 3.337783 3.337781 3.337781 3.337781 3.337781 3.337781 3.337781 3.337780 3.337780 3.337777 3.337770 3.337748 3.337683 3.337506 3.337038 3.335860 3.333031 3.326562 3.312502 3.283517 3.226979 3.122940 2.943024 2.652124 2.215360 1.611994 0.854087 0.000000 
50.000000 40.779793 32.187774 24.723994 18.675699 14.099005 10.861104 8.716197 7.383603 6.605759 6.178408 5.957005 5.848639 5.798436 5.776383 5.767181 5.763527 5.762145 5.761645 5.761473 5.761416 5.761398 5.761392 5.761391 5.761390 5.761390 5.761390 5.761390 5.761390 5.761390 5.761389 5.761385 5.761375 5.761343 5.761251 5.760996 5.760321 5.758611 5.754470 5.744915 5.723923 5.680086 5.593257 5.430552 5.143135 4.666910 3.932206 2.888145 1.542376 0.000000 
50.000000 41.542796 33.661743 26.815479 21.267480 17.069248 14.099005 12.131331 10.908799 10.195165 9.803071 9.599923 9.500485 9.454416 9.434178 9.425732 9.422379 9.421110 9.420652 9.420493 9.420441 9.420424 9.420419 9.420418 9.420417 9.420417 9.420417 9.420417 9.420417 9.420417 9.420415 9.420411 9.420398 9.420357 9.420238 9.419907 9.419024 9.416772 9.411278 9.398477 9.370024 9.309759 9.188307 8.955870 8.534624 7.814932 6.664264 4.963423 2.684754 0.000000 
50.000000 42.621136 35.744913 29.771462 24.930664 21.267480 18.675699 16.958676 15.891828 15.269042 14.926845 14.749540 14.662746 14.622532 14.604865 14.597492 14.594564 14.593456 14.593056 14.592918 14.592872 14.592857 14.592853 14.592852 14.592851 14.592851 14.592851 14.592851 14.592851 14.592851 14.592849 14.592844 14.592829 14.592781 14.592644 14.592260 14.591231 14.588589 14.582091 14.566803 14.532408 14.458452 14.306552 14.008789 13.452549 12.465332 10.810991 8.225730 4.548554 0.000000 
50.000000 44.046050 38.497641 33.677615 29.771462 26.815479 24.723994 23.338362 22.477383 21.974754 21.698565 21.555453 21.485394 21.452931 21.438668 21.432716 21.430352 21.429457 21.429134 21.429023 21.428986 21.428974 21.428970 21.428969 21.428969 21.428969 21.428969 21.428969 21.428969 21.428968 21.428967 21.428962 21.428946 21.428899 21.428762 21.428376 21.427335 21.424648 21.417990 21.402181 21.366189 21.287614 21.123002 20.791788 20.151216 18.960471 16.838808 13.249511 7.630304 0.000000 
50.000000 45.804288 41.894338 38.497641 35.744913 33.661743 32.187774 31.211224 30.604414 30.250152 30.055482 29.954605 29.905220 29.882336 29.872281 29.868084 29.866418 29.865787 29.865559 29.865480 29.865454 29.865446 29.865443 29.865443 29.865442 29.865442 29.865442 29.865442 29.865442 29.865442 29.865441 29.865437 29.865424 29.865385 29.865272 29.864954 29.864092 29.861856 29.856281 29.842937 29.812240 29.744290 29.599230 29.299629 28.698320 27.519183 25.248131 20.947169 13.056476 0.000000 
50.000000 47.828188 45.804288 44.046050 42.621136 41.542796 40.779793 40.274270 39.960140 39.776744 39.675963 39.623738 39.598170 39.586322 39.581116 39.578943 39.578080 39.577753 39.577635 39.577595 39.577581 39.577577 39.577575 39.577575 39.577575 39.577575 39.577575 39.577575 39.577575 39.577575 39.577574 39.577572 39.577565 39.577543 39.577478 39.577297 39.576806 39.575526 39.572322 39.564611 39.546739 39.506770 39.420183 39.237416 38.858042 38.072583 36.415746 32.747812 23.914094 0.000000 
50.000000 50.000000 50.000000 50.000000 50.000000 50.000000 50.000000 50.000000 50.000000 50.000000 50.000000 50.000000 50.000000 50.000000 50.000000 50.000000 50.000000 50.000000 50.000000 50.000000 50.000000 50.000000 50.000000 50.000000 50.000000 50.000000 50.000000 50.000000 50.000000 50.000000 50.000000 50.000000 50.000000 50.000000 50.000000 50.000000 50.000000 50.000000 50.000000 50.000000 50.000000 50.000000 50.000000 50.000000 50.000000 50.000000 50.000000 50.000000 50.000000 50.000000 
