50.000000 50.000000 50.000000 50.000000 50.000000 50.000000 50.000000 50.000000 50.000000 50.000000 50.000000 50.000000 50.000000 50.000000 50.000000 50.000000 50.000000 50.000000 50.000000 50.000000 50.000000 50.000000 50.000000 50.000000 50.000000 50.000000 50.000000 50.000000 50.000000 50.000000 50.000000 50.000000 50.000000 50.000000 50.000000 50.000000 50.000000 50.000000 50.000000 50.000000 50.000000 50.000000 50.000000 50.000000 50.000000 50.000000 50.000000 50.000000 50.000000 50.000000 
50.000000 48.847259 47.736229 46.704096 45.779817 44.981838 44.317510 43.784080 43.370846 43.061907 42.838932 42.683511 42.578844 42.510713 42.467829 42.441715 42.426323 42.417538 42.412679 42.410075 42.408721 42.408038 42.407704 42.407544 42.407470 42.407435 42.407417 42.407401 42.407375 42.407324 42.407215 42.406984 42.406506 42.405544 42.403648 42.400002 42.393145 42.380529 42.357779 42.317505 42.247322 42.126489 41.919893 41.566529 40.955381 39.869615 37.842393 33.740324 24.423630 0.000000 
50.000000 47.736229 45.554371 43.527455 41.712345 40.145269 38.840661 37.793112 36.981608 36.374920 35.937047 35.631837 35.426296 35.292505 35.208292 35.157011 35.126785 35.109534 35.099994 35.094880 35.092222 35.090880 35.090224 35.089911 35.089765 35.089697 35.089660 35.089630 35.089582 35.089486 35.089281 35.088849 35.087957 35.086161 35.082629 35.075848 35.063130 35.039798 34.997896 34.924102 34.796401 34.578656 34.211508 33.596480 32.566974 30.833397 27.878897 22.777186 13.995905 0.000000 
50.000000 46.704096 43.527455 40.576403 37.933734 35.652190 33.752787 32.227649 31.046177 30.162903 29.525411 29.081063 28.781824 28.587045 28.464444 28.389788 28.345786 28.320671 28.306783 28.299339 28.295468 28.293516 28.292560 28.292104 28.291892 28.291793 28.291741 28.291699 28.291634 28.291505 28.291229 28.290648 28.289453 28.287050 28.282339 28.273322 28.256474 28.225715 28.170806 28.074855 27.910494 27.634034 27.176507 26.429887 25.226126 23.306962 20.288201 15.648558 8.861703 0.000000 
50.000000 45.779817 41.712345 37.933734 34.549995 31.628662 29.196642 27.243847 25.731095 24.600163 23.783936 23.215009 22.831879 22.582496 22.425529 22.329946 22.273611 22.241457 22.223677 22.214147 22.209192 22.206693 22.205469 22.204886 22.204614 22.204488 22.204423 22.204372 22.204297 22.204148 22.203832 22.203168 22.201805 22.199074 22.193735 22.183560 22.164640 22.130308 22.069478 21.964179 21.785962 21.490827 21.012261 20.252162 19.070231 17.274997 14.626771 10.878948 5.910202 0.000000 
50.000000 44.981838 40.145269 35.652190 31.628662 28.154988 25.263159 22.941177 21.142444 19.797727 18.827214 18.150755 17.695215 17.398705 17.212077 17.098434 17.031456 16.993229 16.972090 16.960760 16.954870 16.951898 16.950443 16.949750 16.949428 16.949279 16.949203 16.949147 16.949068 16.948914 16.948588 16.947907 16.946511 16.943724 16.938299 16.928006 16.908977 16.874680 16.814420 16.711174 16.538651 16.257483 15.810678 15.118932 14.077494 12.558431 10.426065 7.578296 4.026457 0.000000 
50.000000 44.317510 38.840661 33.752787 29.196642 25.263159 21.988561 19.359257 17.322474 15.799809 14.700879 13.934922 13.419120 13.083389 12.872079 12.743409 12.667575 12.624294 12.600362 12.587534 12.580866 12.577502 12.575855 12.575070 12.574706 12.574538 12.574455 12.574396 12.574319 12.574172 12.573863 12.573218 12.571903 12.569287 12.564215 12.554644 12.537055 12.505585 12.450769 12.357832 12.204503 11.958459 11.574787 10.994281 10.144226 8.944480 7.322901 5.244181 2.750982 0.000000 
50.000000 43.784080 37.793112 32.227649 27.243847 22.941177 19.359257 16.483215 14.255318 12.589797 11.387780 10.549981 9.985809 9.618600 9.387481 9.246751 9.163811 9.116476 9.090302 9.076273 9.068980 9.065302 9.063501 9.062643 9.062245 9.062063 9.061974 9.061916 9.061844 9.061712 9.061439 9.060870 9.059714 9.057422 9.053000 9.044699 9.029541 9.002619 8.956131 8.878120 8.750975 8.549876 8.241607 7.784470 7.130499 6.231587 5.051142 3.581604 1.864187 0.000000 
50.000000 43.370846 36.981608 31.046177 25.731095 21.142444 17.322474 14.255318 11.879399 10.103238 8.821386 7.927954 7.326327 6.934745 6.688289 6.538224 6.449783 6.399309 6.371401 6.356442 6.348667 6.344745 6.342824 6.341910 6.341486 6.341293 6.341201 6.341144 6.341081 6.340970 6.340741 6.340269 6.339311 6.337422 6.333793 6.327019 6.314725 6.293047 6.255930 6.194248 6.094852 5.939699 5.705442 5.364015 4.884960 4.240268 3.412143 2.402952 1.244357 0.000000 
50.000000 43.061907 36.374920 30.162903 24.600163 19.797727 15.799809 12.589797 10.103238 8.244383 6.902866 5.967860 5.338244 4.928451 4.670537 4.513498 4.420949 4.368131 4.338927 4.323274 4.315138 4.311034 4.309025 4.308068 4.307626 4.307424 4.307330 4.307276 4.307223 4.307133 4.306952 4.306580 4.305829 4.304354 4.301535 4.296299 4.286854 4.270316 4.242224 4.195965 4.122192 4.008385 3.838822 3.595306 3.259076 2.814202 2.252409 1.578519 0.814585 0.000000 
50.000000 42.838932 35.937047 29.525411 23.783936 18.827214 14.700879 11.387780 8.821386 6.902866 5.518302 4.553303 3.903498 3.480570 3.214393 3.052324 2.956812 2.902305 2.872166 2.856014 2.847617 2.843383 2.841309 2.840323 2.839866 2.839659 2.839564 2.839513 2.839468 2.839399 2.839262 2.838984 2.838424 2.837328 2.835244 2.831394 2.824488 2.812477 2.792223 2.759151 2.706901 2.627138 2.509659 2.343046 2.116040 1.819757 1.450556 1.012945 0.521427 0.000000 
50.000000 42.683511 35.631837 29.081063 23.215009 18.150755 13.934922 10.549981 7.927954 5.967860 4.553303 3.567409 2.903540 2.471463 2.199530 2.033959 1.936384 1.880700 1.849911 1.833410 1.824833 1.820507 1.818389 1.817382 1.816915 1.816705 1.816609 1.816561 1.816524 1.816472 1.816374 1.816175 1.815776 1.815000 1.813529 1.810825 1.806003 1.797665 1.783704 1.761080 1.725636 1.672025 1.593850 1.484153 1.336335 1.145531 0.910257 0.633940 0.325732 0.000000 
50.000000 42.578844 35.426296 28.781824 22.831879 17.695215 13.419120 9.985809 7.326327 5.338244 3.903498 2.903540 2.230206 1.791972 1.516167 1.348239 1.249277 1.192801 1.161576 1.144841 1.136142 1.131755 1.129607 1.128585 1.128113 1.127899 1.127804 1.127758 1.127727 1.127690 1.127621 1.127485 1.127213 1.126686 1.125693 1.123875 1.120649 1.115103 1.105874 1.091022 1.067928 1.033279 0.983190 0.913535 0.820535 0.701571 0.556109 0.386498 0.198315 0.000000 
50.000000 42.510713 35.292505 28.587045 22.582496 17.398705 13.083389 9.618600 6.934745 4.928451 3.480570 2.471463 1.791972 1.349733 1.071410 0.901951 0.802086 0.745096 0.713587 0.696700 0.687922 0.683495 0.681327 0.680296 0.679820 0.679605 0.679510 0.679466 0.679440 0.679412 0.679367 0.679277 0.679099 0.678757 0.678112 0.676939 0.674867 0.671323 0.665460 0.656082 0.641597 0.620020 0.589059 0.546334 0.489728 0.417856 0.330571 0.229376 0.117568 0.000000 
50.000000 42.467829 35.208292 28.464444 22.425529 17.212077 12.872079 9.387481 6.688289 4.670538 3.214393 2.199530 1.516167 1.071410 0.791503 0.621081 0.520649 0.463336 0.431648 0.414665 0.405838 0.401386 0.399206 0.398169 0.397690 0.397474 0.397379 0.397336 0.397314 0.397294 0.397264 0.397207 0.397096 0.396881 0.396480 0.395752 0.394471 0.392292 0.388705 0.382999 0.374239 0.361270 0.342781 0.317435 0.284070 0.241968 0.191122 0.132444 0.067827 0.000000 
50.000000 42.441715 35.157011 28.389788 22.329946 17.098434 12.743409 9.246751 6.538224 4.513498 3.052324 2.033959 1.348239 0.901951 0.621081 0.450072 0.349296 0.291786 0.259990 0.242949 0.234091 0.229624 0.227437 0.226397 0.225916 0.225700 0.225605 0.225563 0.225542 0.225528 0.225509 0.225474 0.225406 0.225277 0.225036 0.224601 0.223838 0.222546 0.220430 0.217080 0.211964 0.204431 0.193751 0.179194 0.160136 0.136211 0.107449 0.074382 0.038066 0.000000 
50.000000 42.426323 35.126785 28.345786 22.273611 17.031456 12.667575 9.163811 6.449783 4.420949 2.956812 1.936384 1.249277 0.802086 0.520649 0.349296 0.248317 0.190691 0.158831 0.141756 0.132881 0.128405 0.126213 0.125171 0.124689 0.124473 0.124378 0.124336 0.124318 0.124306 0.124294 0.124273 0.124234 0.124158 0.124019 0.123768 0.123330 0.122591 0.121384 0.119484 0.116595 0.112362 0.106390 0.098288 0.087732 0.074537 0.058735 0.040625 0.020779 0.000000 
50.000000 42.417538 35.109534 28.320671 22.241457 16.993229 12.624294 9.116476 6.399310 4.368131 2.902305 1.880700 1.192802 0.745097 0.463336 0.291786 0.190692 0.133000 0.101103 0.084009 0.075124 0.070642 0.068448 0.067405 0.066923 0.066706 0.066611 0.066570 0.066552 0.066543 0.066535 0.066523 0.066500 0.066458 0.066380 0.066241 0.065997 0.065589 0.064924 0.063881 0.062302 0.059999 0.056763 0.052391 0.046718 0.039652 0.031218 0.021577 0.011031 0.000000 
50.000000 42.412679 35.099994 28.306783 22.223677 16.972091 12.600362 9.090302 6.371401 4.338927 2.872167 1.849912 1.161577 0.713587 0.431648 0.259990 0.158831 0.101104 0.069187 0.052082 0.043191 0.038707 0.036511 0.035467 0.034985 0.034768 0.034673 0.034633 0.034615 0.034607 0.034601 0.034594 0.034582 0.034559 0.034517 0.034442 0.034311 0.034092 0.033738 0.033184 0.032348 0.031133 0.029433 0.027144 0.024184 0.020510 0.016135 0.011145 0.005696 0.000000 
50.000000 42.410075 35.094881 28.299339 22.214147 16.960761 12.587535 9.076274 6.356444 4.323276 2.856015 1.833412 1.144842 0.696701 0.414667 0.242950 0.141757 0.084010 0.052083 0.034971 0.026078 0.021592 0.019396 0.018352 0.017869 0.017652 0.017557 0.017517 0.017500 0.017492 0.017488 0.017484 0.017477 0.017465 0.017443 0.017404 0.017336 0.017223 0.017040 0.016754 0.016325 0.015704 0.014837 0.013674 0.012174 0.010317 0.008111 0.005600 0.002861 0.000000 
50.000000 42.408722 35.092223 28.295470 22.209194 16.954872 12.580869 9.068984 6.348670 4.315142 2.847621 1.824838 1.136146 0.687926 0.405842 0.234095 0.132885 0.075128 0.043194 0.026080 0.017185 0.012699 0.010502 0.009458 0.008975 0.008758 0.008663 0.008623 0.008606 0.008599 0.008595 0.008593 0.008589 0.008583 0.008572 0.008552 0.008518 0.008461 0.008369 0.008227 0.008013 0.007704 0.007275 0.006701 0.005962 0.005049 0.003968 0.002738 0.001398 0.000000 
50.000000 42.408040 35.090884 28.293521 22.206699 16.951906 12.577510 9.065311 6.344755 4.311044 2.843393 1.820518 1.131766 0.683506 0.401397 0.229635 0.128416 0.070653 0.038717 0.021602 0.012706 0.008219 0.006022 0.004978 0.004495 0.004278 0.004183 0.004143 0.004126 0.004119 0.004116 0.004114 0.004112 0.004109 0.004104 0.004094 0.004077 0.004049 0.004005 0.003935 0.003832 0.003683 0.003476 0.003200 0.002845 0.002409 0.001892 0.001305 0.000666 0.000000 
50.000000 42.407708 35.090232 28.292572 22.205485 16.950462 12.575876 9.063524 6.342849 4.309050 2.841335 1.818416 1.129634 0.681355 0.399234 0.227465 0.126241 0.068476 0.036539 0.019422 0.010526 0.006039 0.003842 0.002798 0.002315 0.002098 0.002003 0.001963 0.001946 0.001939 0.001936 0.001935 0.001934 0.001932 0.001929 0.001925 0.001917 0.001903 0.001882 0.001849 0.001800 0.001729 0.001631 0.001501 0.001334 0.001129 0.000886 0.000611 0.000312 0.000000 
50.000000 42.407555 35.089932 28.292135 22.204925 16.949797 12.575123 9.062700 6.341971 4.308132 2.840387 1.817448 1.128652 0.680364 0.398237 0.226465 0.125239 0.067473 0.035535 0.018418 0.009522 0.005035 0.002838 0.001793 0.001310 0.001093 0.000999 0.000958 0.000942 0.000935 0.000932 0.000931 0.000930 0.000929 0.000928 0.000926 0.000922 0.000915 0.000905 0.000889 0.000865 0.000830 0.000783 0.000720 0.000640 0.000541 0.000425 0.000293 0.000149 0.000000 
50.000000 42.407496 35.089816 28.291966 22.204709 16.949540 12.574832 9.062382 6.341631 4.307777 2.840021 1.817074 1.128273 0.679981 0.397852 0.226078 0.124852 0.067085 0.035147 0.018030 0.009134 0.004647 0.002450 0.001405 0.000922 0.000705 0.000611 0.000570 0.000554 0.000547 0.000544 0.000543 0.000542 0.000542 0.000541 0.000540 0.000537 0.000533 0.000527 0.000518 0.000504 0.000484 0.000456 0.000419 0.000372 0.000315 0.000247 0.000170 0.000087 0.000000 
50.000000 42.407496 35.089816 28.291966 22.204709 16.949540 12.574832 9.062382 6.341631 4.307777 2.840021 1.817074 1.128273 0.679981 0.397852 0.226078 0.124852 0.067085 0.035147 0.018030 0.009134 0.004647 0.002450 0.001405 0.000922 0.000705 0.000611 0.000570 0.000554 0.000547 0.000544 0.000543 0.000542 0.000542 0.000541 0.000540 0.000537 0.000533 0.000527 0.000518 0.000504 0.000484 0.000456 0.000419 0.000372 0.000315 0.000247 0.000170 0.000087 0.000000 
50.000000 42.407555 35.089932 28.292135 22.204925 16.949797 12.575123 9.062700 6.341971 4.308132 2.840387 1.817448 1.128652 0.680364 0.398237 0.226465 0.125239 0.067473 0.035535 0.018418 0.009522 0.005035 0.002838 0.001793 0.001310 0.001093 0.000999 0.000958 0.000942 0.000935 0.000932 0.000931 0.000930 0.000929 0.000928 0.000926 0.000922 0.000915 0.000905 0.000889 0.000865 0.000830 0.000783 0.000720 0.000640 0.000541 0.000425 0.000293 0.000149 0.000000 
50.000000 42.407708 35.090232 28.292572 22.205485 16.950462 12.575876 9.063524 6.342849 4.309050 2.841335 1.818416 1.129634 0.681355 0.399234 0.227465 0.126241 0.068476 0.036539 0.019422 0.010526 0.006039 0.003842 0.002798 0.002315 0.002098 0.002003 0.001963 0.001946 0.001939 0.001936 0.001935 0.001934 0.001932 0.001929 0.001925 0.001917 0.001903 0.001882 0.001849 0.001800 0.001729 0.001631 0.001501 0.001334 0.001129 0.000886 0.000611 0.000312 0.000000 
50.000000 42.408040 35.090884 28.293521 22.206699 16.951906 12.577510 9.065311 6.344755 4.311044 2.843393 1.820518 1.131766 0.683506 0.401397 0.229635 0.128416 0.070653 0.038717 0.021602 0.012706 0.008219 0.006022 0.004978 0.004495 0.004278 0.004183 0.004143 0.004126 0.004119 0.004116 0.004114 0.004112 0.004109 0.004104 0.004094 0.004077 0.004049 0.004005 0.003935 0.003832 0.003683 0.003476 0.003200 0.002845 0.002409 0.001892 0.001305 0.000666 0.000000 
50.000000 42.408722 35.092223 28.295470 22.209194 16.954872 12.580869 9.068984 6.348670 4.315142 2.847621 1.824838 1.136146 0.687926 0.405842 0.234095 0.132885 0.075128 0.043194 0.026080 0.017185 0.012699 0.010502 0.009458 0.008975 0.008758 0.008663 0.008623 0.008606 0.008599 0.008595 0.008593 0.008589 0.008583 0.008572 0.008552 0.008518 0.008461 0.008369 0.008227 0.008013 0.007704 0.007275 0.006701 0.005962 0.005049 0.003968 0.002738 0.001398 0.000000 
50.000000 42.410075 35.094881 28.299339 22.214147 16.960761 12.587535 9.076274 6.356444 4.323276 2.856015 1.833412 1.144842 0.696701 0.414667 0.242950 0.141757 0.084010 0.052083 0.034971 0.026078 0.021592 0.019396 0.018352 0.017869 0.017652 0.017557 0.017517 0.017500 0.017492 0.017488 0.017484 0.017477 0.017465 0.017443 0.017404 0.017336 0.017223 0.017040 0.016754 0.016325 0.015704 0.014837 0.013674 0.012174 0.010317 0.008111 0.005600 0.002861 0.000000 
50.000000 42.412679 35.099994 28.306783 22.223677 16.972091 12.600362 9.090302 6.371401 4.338927 2.872167 1.849912 1.161577 0.713587 0.431648 0.259990 0.158831 0.101104 0.069187 0.052082 0.043191 0.038707 0.036511 0.035467 0.034985 0.034768 0.034673 0.034633 0.034615 0.034607 0.034601 0.034594 0.034582 0.034559 0.034517 0.034442 0.034311 0.034092 0.033738 0.033184 0.032348 0.031133 0.029433 0.027144 0.024184 0.020510 0.016135 0.011145 0.005696 0.000000 
50.000000 42.417538 35.109534 28.320671 22.241457 16.993229 12.624294 9.116476 6.399310 4.368131 2.902305 1.880700 1.192802 0.745097 0.463336 0.291786 0.190692 0.133000 0.101103 0.084009 0.075124 0.070642 0.068448 0.067405 0.066923 0.066706 0.066611 0.066570 0.066552 0.066543 0.066535 0.066523 0.066500 0.066458 0.066380 0.066241 0.065997 0.065589 0.064924 0.063881 0.062302 0.059999 0.056763 0.052391 0.046718 0.039652 0.031218 0.021577 0.011031 0.000000 
50.000000 42.426323 35.126785 28.345786 22.273611 17.031456 12.667575 9.163811 6.449783 4.420949 2.956812 1.936384 1.249277 0.802086 0.520649 0.349296 0.248317 0.190691 0.158831 0.141756 0.132881 0.128405 0.126213 0.125171 0.124689 0.124473 0.124378 0.124336 0.124318 0.124306 0.124294 0.124273 0.124234 0.124158 0.124019 0.123768 0.123330 0.122591 0.121384 0.119484 0.116595 0.112362 0.106390 0.098288 0.087732 0.074537 0.058735 0.040625 0.020779 0.000000 
50.000000 42.441715 35.157011 28.389788 22.329946 17.098434 12.743409 9.246751 6.538224 4.513498 3.052324 2.033959 1.348239 0.901951 0.621081 0.450072 0.349296 0.291786 0.259990 0.242949 0.234091 0.229624 0.227437 0.226397 0.225916 0.225700 0.225605 0.225563 0.225542 0.225528 0.225509 0.225474 0.225406 0.225277 0.225036 0.224601 0.223838 0.222546 0.220430 0.217080 0.211964 0.204431 0.193751 0.179194 0.160136 0.136211 0.107449 0.074382 0.038066 0.000000 
50.000000 42.467829 35.208292 28.464444 22.425529 17.212077 12.872079 9.387481 6.688289 4.670538 3.214393 2.199530 1.516167 1.071410 0.791503 0.621081 0.520649 0.463336 0.431648 0.414665 0.405838 0.401386 0.399206 0.398169 0.397690 0.397474 0.397379 0.397336 0.397314 0.397294 0.397264 0.397207 0.397096 0.396881 0.396480 0.395752 0.394471 0.392292 0.388705 0.382999 0.374239 0.361270 0.342781 0.317435 0.284070 0.241968 0.191122 0.132444 0.067827 0.000000 
50.000000 42.510713 35.292505 28.587045 22.582496 17.398705 13.083389 9.618600 6.934745 4.928451 3.480570 2.471463 1.791972 1.349733 1.071410 0.901951 0.802086 0.745096 0.713587 0.696700 0.687922 0.683495 0.681327 0.680296 0.679820 0.679605 0.679510 0.679466 0.679440 0.679412 0.679367 0.679277 0.679099 0.678757 0.678112 0.676939 0.674867 0.671323 0.665460 0.656082 0.641597 0.620020 0.589059 0.546334 0.489728 0.417856 0.330571 0.229376 0.117568 0.000000 
50.000000 42.578844 35.426296 28.781824 22.831879 17.695215 13.419120 9.985809 7.326327 5.338244 3.903498 2.903540 2.230206 1.791972 1.516167 1.348239 1.249277 1.192801 1.161576 1.144841 1.136142 1.131755 1.129607 1.128585 1.128113 1.127899 1.127804 1.127758 1.127727 1.127690 1.127621 1.127485 1.127213 1.126686 1.125693 1.123875 1.120649 1.115103 1.105874 1.091022 1.067928 1.033279 0.983190 0.913535 0.820535 0.701571 0.556109 0.386498 0.198315 0.000000 
50.000000 42.683511 35.631837 29.081063 23.215009 18.150755 13.934922 10.549981 7.927954 5.967860 4.553303 3.567409 2.903540 2.471463 2.199530 2.033959 1.936384 1.880700 1.849911 1.833410 1.824833 1.820507 1.818389 1.817382 1.816915 1.816705 1.816609 1.816561 1.816524 1.816472 1.816374 1.816175 1.815776 1.815000 1.813529 1.810825 1.806003 1.797665 1.783704 1.761080 1.725636 1.672025 1.593850 1.484153 1.336335 1.145531 0.910257 0.633940 0.325732 0.000000 
50.000000 42.838932 35.937047 29.525411 23.783936 18.827214 14.700879 11.387780 8.821386 6.902866 5.518302 4.553303 3.903498 3.480570 3.214393 3.052324 2.956812 2.902305 2.872166 2.856014 2.847617 2.843383 2.841309 2.840323 2.839866 2.839659 2.839564 2.839513 2.839468 2.839399 2.839262 2.838984 2.838424 2.837328 2.835244 2.831394 2.824488 2.812477 2.792223 2.759151 2.706901 2.627138 2.509659 2.343046 2.116040 1.819757 1.450556 1.012945 0.521427 0.000000 
50.000000 43.061907 36.374920 30.162903 24.600163 19.797727 15.799809 12.589797 10.103238 8.244383 6.902866 5.967860 5.338244 4.928451 4.670537 4.513498 4.420949 4.368131 4.338927 4.323274 4.315138 4.311034 4.309025 4.308068 4.307626 4.307424 4.307330 4.307276 4.307223 4.307133 4.306952 4.306580 4.305829 4.304354 4.301535 4.296299 4.286854 4.270316 4.242224 4.195965 4.122192 4.008385 3.838822 3.595306 3.259076 2.814202 2.252409 1.578519 0.814585 0.000000 
50.000000 43.370846 36.981608 31.046177 25.731095 21.142444 17.322474 14.255318 11.879399 10.103238 8.821386 7.927954 7.326327 6.934745 6.688289 6.538224 6.449783 6.399309 6.371401 6.356442 6.348667 6.344745 6.342824 6.341910 6.341486 6.341293 6.341201 6.341144 6.341081 6.340970 6.340741 6.340269 6.339311 6.337422 6.333793 6.327019 6.314725 6.293047 6.255930 6.194248 6.094852 5.939699 5.705442 5.364015 4.884960 4.240268 3.412143 2.402952 1.244357 0.000000 
50.000000 43.784080 37.793112 32.227649 27.243847 22.941177 19.359257 16.483215 14.255318 12.589797 11.387780 10.549981 9.985809 9.618600 9.387481 9.246751 9.163811 9.116476 9.090302 9.076273 9.068980 9.065302 9.063501 9.062643 9.062245 9.062063 9.061974 9.061916 9.061844 9.061712 9.061439 9.060870 9.059714 9.057422 9.053000 9.044699 9.029541 9.002619 8.956131 8.878120 8.750975 8.549876 8.241607 7.784470 7.130499 6.231587 5.051142 3.581604 1.864187 0.000000 
50.000000 44.317510 38.840661 33.752787 29.196642 25.263159 21.988561 19.359257 17.322474 15.799809 14.700879 13.934922 13.419120 13.083389 12.872079 12.743409 12.667575 12.624294 12.600362 12.587534 12.580866 12.577502 12.575855 12.575070 12.574706 12.574538 12.574455 12.574396 12.574319 12.574172 12.573863 12.573218 12.571903 12.569287 12.564215 12.554644 12.537055 12.505585 12.450769 12.357832 12.204503 11.958459 11.574787 10.994281 10.144226 8.944480 7.322901 5.244181 2.750982 0.000000 
50.000000 44.981838 40.145269 35.652190 31.628662 28.154988 25.263159 22.941177 21.142444 19.797727 18.827214 18.150755 17.695215 17.398705 17.212077 17.098434 17.031456 16.993229 16.972090 16.960760 16.954870 16.951898 16.950443 16.949750 16.949428 16.949279 16.949203 16.949147 16.949068 16.948914 16.948588 16.947907 16.946511 16.943724 16.938299 16.928006 16.908977 16.874680 16.814420 16.711174 16.538651 16.257483 15.810678 15.118932 14.077494 12.558431 10.426065 7.578296 4.026457 0.000000 
50.000000 45.779817 41.712345 37.933734 34.549995 31.628662 29.196642 27.243847 25.731095 24.600163 23.783936 23.215009 22.831879 22.582496 22.425529 22.329946 22.273611 22.241457 22.223677 22.214147 22.209192 22.206693 22.205469 22.204886 22.204614 22.204488 22.204423 22.204372 22.204297 22.204148 22.203832 22.203168 22.201805 22.199074 22.193735 22.183560 22.164640 22.130308 22.069478 21.964179 21.785962 21.490827 21.012261 20.252162 19.070231 17.274997 14.626771 10.878948 5.910202 0.000000 
50.000000 46.704096 43.527455 40.576403 37.933734 35.652190 33.752787 32.227649 31.046177 30.162903 29.525411 29.081063 28.781824 28.587045 28.464444 28.389788 28.345786 28.320671 28.306783 28.299339 28.295468 28.293516 28.292560 28.292104 28.291892 28.291793 28.291741 28.291699 28.291634 28.291505 28.291229 28.290648 28.289453 28.287050 28.282339 28.273322 28.256474 28.225715 28.170806 28.074855 27.910494 27.634034 27.176507 26.429887 25.226126 23.306962 20.288201 15.648558 8.861703 0.000000 
50.000000 47.736229 45.554371 43.527455 41.712345 40.145269 38.840661 37.793112 36.981608 36.374920 35.937047 35.631837 35.426296 35.292505 35.208292 35.157011 35.126785 35.109534 35.099994 35.094880 35.092222 35.090880 35.090224 35.089911 35.089765 35.089697 35.089660 35.089630 35.089582 35.089486 35.089281 35.088849 35.087957 35.086161 35.082629 35.075848 35.063130 35.039798 34.997896 34.924102 34.796401 34.578656 34.211508 33.596480 32.566974 30.833397 27.878897 22.777186 13.995905 0.000000 
50.000000 48.847259 47.736229 46.704096 45.779817 44.981838 44.317510 43.784080 43.370846 43.061907 42.838932 42.683511 42.578844 42.510713 42.467829 42.441715 42.426323 42.417538 42.412679 42.410075 42.408721 42.408038 42.407704 42.407544 42.407470 42.407435 42.407417 42.407401 42.407375 42.407324 42.407215 42.406984 42.406506 42.405544 42.403648 42.400002 42.393145 42.380529 42.357779 42.317505 42.247322 42.126489 41.919893 41.566529 40.955381 39.869615 37.842393 33.740324 24.423630 0.000000 
50.000000 50.000000 50.000000 50.000000 50.000000 50.000000 50.000000 50.000000 50.000000 50.000000 50.000000 50.000000 50.000000 50.000000 50.000000 50.000000 50.000000 50.000000 50.000000 50.000000 50.000000 50.000000 50.000000 50.000000 50.000000 50.000000 50.000000 50.000000 50.000000 50.000000 50.000000 50.000000 50.000000 50.000000 50.000000 50.000000 50.000000 50.000000 50.000000 50.000000 50.000000 50.000000 50.000000 50.000000 50.000000 50.000000 50.000000 50.000000 50.000000 50.000000 
