50.000000 50.000000 50.000000 50.000000 50.000000 50.000000 50.000000 50.000000 50.000000 50.000000 50.000000 50.000000 50.000000 50.000000 50.000000 50.000000 50.000000 50.000000 50.000000 50.000000 50.000000 50.000000 50.000000 50.000000 50.000000 50.000000 50.000000 50.000000 50.000000 50.000000 50.000000 50.000000 50.000000 50.000000 50.000000 50.000000 50.000000 50.000000 50.000000 50.000000 50.000000 50.000000 50.000000 50.000000 50.000000 50.000000 50.000000 50.000000 50.000000 50.000000 
50.000000 47.819265 45.787658 44.023774 42.595543 41.515939 40.753119 40.248554 39.935607 39.753282 39.653317 39.601641 39.576407 39.564746 39.559637 39.557511 39.556669 39.556351 39.556237 39.556198 39.556185 39.556180 39.556179 39.556179 39.556179 39.556179 39.556179 39.556179 39.556179 39.556178 39.556178 39.556176 39.556169 39.556147 39.556085 39.555908 39.555428 39.554172 39.551020 39.543416 39.525750 39.486156 39.400213 39.218483 38.840674 38.057427 36.403516 32.739193 23.909633 0.000000 
50.000000 45.787658 41.863386 38.456275 35.697538 33.612228 32.138828 31.164269 30.559832 30.207690 30.014624 29.914823 29.866091 29.843572 29.833705 29.829599 29.827974 29.827361 29.827140 29.827064 29.827039 29.827031 29.827028 29.827028 29.827027 29.827027 29.827027 29.827027 29.827027 29.827027 29.827026 29.827022 29.827010 29.826972 29.826862 29.826552 29.825709 29.823516 29.818035 29.804883 29.774556 29.707279 29.563375 29.265634 28.667136 27.491972 25.226172 20.931693 13.048465 0.000000 
50.000000 44.023774 38.456275 33.622541 29.708728 26.750367 24.660154 23.277653 22.420234 21.920724 21.646872 21.505317 21.436200 21.404262 21.390270 21.384448 21.382143 21.381273 21.380960 21.380852 21.380817 21.380806 21.380802 21.380801 21.380801 21.380801 21.380801 21.380801 21.380801 21.380800 21.380799 21.380794 21.380779 21.380734 21.380600 21.380224 21.379207 21.376574 21.370034 21.354464 21.318937 21.241206 21.078042 20.749160 20.112111 18.926348 16.811271 13.230103 7.620258 0.000000 
50.000000 42.595543 35.697538 29.708728 24.859759 21.194626 18.605128 16.892455 15.830307 15.211556 14.872348 14.697021 14.611418 14.571865 14.554537 14.547328 14.544474 14.543397 14.543009 14.542876 14.542832 14.542818 14.542814 14.542813 14.542812 14.542812 14.542812 14.542812 14.542812 14.542811 14.542810 14.542805 14.542790 14.542745 14.542612 14.542238 14.541234 14.538647 14.532271 14.517233 14.483319 14.410240 14.259844 13.964503 13.411921 12.429879 10.782380 8.205566 4.538115 0.000000 
50.000000 41.515939 33.612228 26.750367 21.194626 16.995389 14.028632 12.066519 10.849729 10.140928 9.752373 9.551551 9.453507 9.408207 9.388364 9.380109 9.376841 9.375608 9.375164 9.375011 9.374961 9.374945 9.374940 9.374939 9.374939 9.374938 9.374938 9.374938 9.374938 9.374938 9.374937 9.374933 9.374919 9.374880 9.374765 9.374443 9.373583 9.371382 9.365998 9.353423 9.325407 9.265938 9.145852 8.915616 8.497694 7.782705 6.638256 4.945093 2.675265 0.000000 
50.000000 40.753119 32.138828 24.660154 18.605128 14.028632 10.795446 8.657206 7.331248 6.558891 6.135517 5.916712 5.809894 5.760544 5.738928 5.729935 5.726376 5.725033 5.724550 5.724384 5.724329 5.724311 5.724306 5.724305 5.724304 5.724304 5.724304 5.724304 5.724304 5.724304 5.724303 5.724299 5.724289 5.724259 5.724170 5.723923 5.723266 5.721597 5.717546 5.708176 5.687539 5.644351 5.558635 5.397723 5.113016 4.640625 3.910993 2.873194 1.534636 0.000000 
50.000000 40.248554 31.164269 23.277653 16.892455 12.066519 8.657206 6.402559 5.004468 4.190128 3.743761 3.513083 3.400476 3.348454 3.325669 3.316190 3.312439 3.311024 3.310514 3.310339 3.310281 3.310263 3.310257 3.310256 3.310255 3.310255 3.310255 3.310255 3.310255 3.310255 3.310254 3.310252 3.310245 3.310223 3.310161 3.309989 3.309535 3.308388 3.305626 3.299293 3.285496 3.256992 3.201279 3.098571 2.920667 2.632611 2.199612 1.600894 0.848341 0.000000 
50.000000 39.935607 30.559832 22.420234 15.830307 10.849729 7.331248 5.004468 3.561692 2.721351 2.260750 2.022725 1.906536 1.852862 1.829354 1.819575 1.815705 1.814246 1.813720 1.813539 1.813480 1.813461 1.813455 1.813454 1.813453 1.813453 1.813453 1.813453 1.813453 1.813453 1.813452 1.813451 1.813446 1.813432 1.813393 1.813283 1.812996 1.812273 1.810546 1.806619 1.798148 1.780846 1.747476 1.686897 1.583791 1.420067 1.179027 0.852553 0.449451 0.000000 
50.000000 39.753282 30.207690 21.920724 15.211556 10.140928 6.558891 4.190128 2.721351 1.865888 1.397011 1.154716 1.036446 0.981812 0.957885 0.947932 0.943993 0.942508 0.941973 0.941789 0.941729 0.941710 0.941704 0.941702 0.941702 0.941701 0.941701 0.941701 0.941701 0.941701 0.941701 0.941700 0.941697 0.941689 0.941666 0.941601 0.941433 0.941013 0.940014 0.937761 0.932944 0.923203 0.904631 0.871352 0.815520 0.728237 0.601787 0.433134 0.227531 0.000000 
50.000000 39.653317 30.014624 21.646872 14.872348 9.752373 6.135517 3.743761 2.260750 1.397011 0.923606 0.678976 0.559569 0.504411 0.480255 0.470208 0.466231 0.464732 0.464192 0.464006 0.463945 0.463926 0.463920 0.463918 0.463918 0.463917 0.463917 0.463917 0.463917 0.463917 0.463917 0.463917 0.463915 0.463911 0.463898 0.463863 0.463771 0.463544 0.463007 0.461803 0.459249 0.454131 0.444468 0.427342 0.398950 0.355116 0.292407 0.209741 0.109901 0.000000 
50.000000 39.601641 29.914823 21.505317 14.697021 9.551551 5.916712 3.513083 2.022725 1.154716 0.678976 0.433143 0.313150 0.257723 0.233449 0.223352 0.219356 0.217849 0.217307 0.217120 0.217059 0.217040 0.217034 0.217032 0.217031 0.217031 0.217031 0.217031 0.217031 0.217031 0.217031 0.217031 0.217030 0.217028 0.217021 0.217003 0.216957 0.216842 0.216572 0.215970 0.214702 0.212179 0.207458 0.199165 0.185553 0.164749 0.135283 0.096788 0.050620 0.000000 
50.000000 39.576407 29.866091 21.436200 14.611418 9.453507 5.809894 3.400476 1.906536 1.036446 0.559569 0.313150 0.192872 0.137313 0.112982 0.102862 0.098857 0.097346 0.096803 0.096616 0.096554 0.096534 0.096529 0.096527 0.096526 0.096526 0.096526 0.096526 0.096526 0.096526 0.096526 0.096526 0.096526 0.096525 0.096521 0.096513 0.096491 0.096436 0.096308 0.096026 0.095433 0.094263 0.092087 0.088297 0.082125 0.072770 0.059626 0.042575 0.022235 0.000000 
50.000000 39.564746 29.843572 21.404262 14.571865 9.408207 5.760544 3.348454 1.852862 0.981812 0.504411 0.257723 0.137313 0.081694 0.057336 0.047205 0.043196 0.041684 0.041140 0.040953 0.040891 0.040871 0.040865 0.040864 0.040863 0.040863 0.040863 0.040863 0.040863 0.040863 0.040863 0.040863 0.040863 0.040862 0.040861 0.040857 0.040847 0.040823 0.040766 0.040640 0.040379 0.039866 0.038919 0.037278 0.034625 0.030631 0.025055 0.017862 0.009319 0.000000 
50.000000 39.559637 29.833705 21.390270 14.554537 9.388364 5.738928 3.325669 1.829354 0.957885 0.480255 0.233449 0.112982 0.057336 0.032967 0.022831 0.018820 0.017308 0.016763 0.016576 0.016514 0.016495 0.016489 0.016487 0.016486 0.016486 0.016486 0.016486 0.016486 0.016486 0.016486 0.016486 0.016486 0.016486 0.016485 0.016484 0.016479 0.016469 0.016445 0.016393 0.016284 0.016071 0.015679 0.015005 0.013921 0.012299 0.010046 0.007153 0.003729 0.000000 
50.000000 39.557511 29.829599 21.384448 14.547328 9.380109 5.729935 3.316190 1.819575 0.947932 0.470208 0.223352 0.102862 0.047205 0.022831 0.012693 0.008681 0.007169 0.006624 0.006437 0.006375 0.006355 0.006349 0.006348 0.006347 0.006347 0.006347 0.006347 0.006347 0.006347 0.006347 0.006347 0.006347 0.006347 0.006347 0.006346 0.006344 0.006340 0.006331 0.006310 0.006267 0.006183 0.006029 0.005765 0.005344 0.004716 0.003848 0.002737 0.001426 0.000000 
50.000000 39.556669 29.827974 21.382143 14.544474 9.376841 5.726376 3.312439 1.815705 0.943993 0.466231 0.219356 0.098857 0.043196 0.018820 0.008681 0.004669 0.003156 0.002612 0.002424 0.002362 0.002343 0.002337 0.002335 0.002335 0.002335 0.002335 0.002335 0.002335 0.002335 0.002335 0.002335 0.002335 0.002335 0.002335 0.002334 0.002334 0.002332 0.002328 0.002321 0.002304 0.002273 0.002215 0.002117 0.001961 0.001729 0.001409 0.001002 0.000521 0.000000 
50.000000 39.556351 29.827361 21.381273 14.543397 9.375608 5.725033 3.311024 1.814246 0.942508 0.464732 0.217849 0.097346 0.041684 0.017308 0.007169 0.003156 0.001643 0.001099 0.000911 0.000849 0.000830 0.000824 0.000822 0.000822 0.000822 0.000822 0.000822 0.000822 0.000822 0.000822 0.000822 0.000822 0.000822 0.000822 0.000821 0.000821 0.000821 0.000819 0.000816 0.000811 0.000799 0.000779 0.000744 0.000689 0.000607 0.000494 0.000351 0.000183 0.000000 
50.000000 39.556237 29.827140 21.380960 14.543009 9.375164 5.724550 3.310514 1.813720 0.941973 0.464192 0.217307 0.096803 0.041140 0.016763 0.006624 0.002612 0.001099 0.000554 0.000366 0.000305 0.000285 0.000279 0.000278 0.000277 0.000277 0.000277 0.000277 0.000277 0.000277 0.000277 0.000277 0.000277 0.000277 0.000277 0.000277 0.000277 0.000277 0.000276 0.000275 0.000273 0.000269 0.000262 0.000250 0.000232 0.000204 0.000166 0.000118 0.000061 0.000000 
50.000000 39.556198 29.827064 21.380852 14.542876 9.375011 5.724384 3.310339 1.813539 0.941789 0.464006 0.217120 0.096616 0.040953 0.016576 0.006437 0.002424 0.000911 0.000366 0.000179 0.000117 0.000098 0.000092 0.000090 0.000090 0.000090 0.000090 0.000090 0.000090 0.000090 0.000090 0.000090 0.000090 0.000090 0.000090 0.000090 0.000089 0.000089 0.000089 0.000089 0.000088 0.000087 0.000085 0.000081 0.000075 0.000066 0.000054 0.000038 0.000020 0.000000 
50.000000 39.556185 29.827039 21.380817 14.542832 9.374961 5.724329 3.310281 1.813480 0.941729 0.463945 0.217059 0.096554 0.040891 0.016514 0.006375 0.002362 0.000849 0.000305 0.000117 0.000056 0.000036 0.000030 0.000028 0.000028 0.000028 0.000028 0.000028 0.000028 0.000028 0.000028 0.000028 0.000028 0.000028 0.000028 0.000028 0.000028 0.000028 0.000028 0.000028 0.000027 0.000027 0.000026 0.000025 0.000023 0.000020 0.000017 0.000012 0.000006 0.000000 
50.000000 39.556180 29.827031 21.380806 14.542818 9.374945 5.724311 3.310263 1.813461 0.941710 0.463926 0.217040 0.096534 0.040871 0.016495 0.006355 0.002343 0.000830 0.000285 0.000098 0.000036 0.000017 0.000011 0.000009 0.000008 0.000008 0.000008 0.000008 0.000008 0.000008 0.000008 0.000008 0.000008 0.000008 0.000008 0.000008 0.000008 0.000008 0.000008 0.000008 0.000008 0.000008 0.000008 0.000007 0.000007 0.000006 0.000005 0.000004 0.000002 0.000000 
50.000000 39.556179 29.827028 21.380802 14.542814 9.374940 5.724306 3.310257 1.813455 0.941704 0.463920 0.217034 0.096529 0.040865 0.016489 0.006349 0.002337 0.000824 0.000279 0.000092 0.000030 0.000011 0.000005 0.000003 0.000003 0.000002 0.000002 0.000002 0.000002 0.000002 0.000002 0.000002 0.000002 0.000002 0.000002 0.000002 0.000002 0.000002 0.000002 0.000002 0.000002 0.000002 0.000002 0.000002 0.000002 0.000002 0.000001 0.000001 0.000001 0.000000 
50.000000 39.556179 29.827028 21.380801 14.542813 9.374939 5.724305 3.310256 1.813454 0.941702 0.463918 0.217032 0.096527 0.040864 0.016487 0.006348 0.002335 0.000822 0.000278 0.000090 0.000028 0.000009 0.000003 0.000001 0.000001 0.000001 0.000001 0.000001 0.000001 0.000001 0.000001 0.000001 0.000001 0.000001 0.000001 0.000001 0.000001 0.000001 0.000001 0.000001 0.000001 0.000001 0.000001 0.000001 0.000001 0.000000 0.000000 0.000000 0.000000 0.000000 
50.000000 39.556179 29.827028 21.380801 14.542812 9.374939 5.724304 3.310255 1.813453 0.941702 0.463918 0.217032 0.096526 0.040863 0.016486 0.006347 0.002335 0.000822 0.000277 0.000090 0.000028 0.000009 0.000003 0.000001 0.000000 0.000000 0.000000 0.000000 0.000000 0.000000 0.000000 0.000000 0.000000 0.000000 0.000000 0.000000 0.000000 0.000000 0.000000 0.000000 0.000000 0.000000 0.000000 0.000000 0.000000 0.000000 0.000000 0.000000 0.000000 0.000000 
50.000000 39.556179 29.827028 21.380801 14.542812 9.374939 5.724304 3.310255 1.813453 0.941702 0.463918 0.217032 0.096526 0.040863 0.016486 0.006347 0.002335 0.000822 0.000277 0.000090 0.000028 0.000009 0.000003 0.000001 0.000000 0.000000 0.000000 0.000000 0.000000 0.000000 0.000000 0.000000 0.000000 0.000000 0.000000 0.000000 0.000000 0.000000 0.000000 0.000000 0.000000 0.000000 0.000000 0.000000 0.000000 0.000000 0.000000 0.000000 0.000000 0.000000 
50.000000 39.556179 29.827028 21.380801 14.542813 9.374939 5.724305 3.310256 1.813454 0.941702 0.463918 0.217032 0.096527 0.040864 0.016487 0.006348 0.002335 0.000822 0.000278 0.000090 0.000028 0.000009 0.000003 0.000001 0.000001 0.000001 0.000001 0.000001 0.000001 0.000001 0.000001 0.000001 0.000001 0.000001 0.000001 0.000001 0.000001 0.000001 0.000001 0.000001 0.000001 0.000001 0.000001 0.000001 0.000001 0.000000 0.000000 0.000000 0.000000 0.000000 
50.000000 39.556179 29.827028 21.380802 14.542814 9.374940 5.724306 3.310257 1.813455 0.941704 0.463920 0.217034 0.096529 0.040865 0.016489 0.006349 0.002337 0.000824 0.000279 0.000092 0.000030 0.000011 0.000005 0.000003 0.000003 0.000002 0.000002 0.000002 0.000002 0.000002 0.000002 0.000002 0.000002 0.000002 0.000002 0.000002 0.000002 0.000002 0.000002 0.000002 0.000002 0.000002 0.000002 0.000002 0.000002 0.000002 0.000001 0.000001 0.000001 0.000000 
50.000000 39.556180 29.827031 21.380806 14.542818 9.374945 5.724311 3.310263 1.813461 0.941710 0.463926 0.217040 0.096534 0.040871 0.016495 0.006355 0.002343 0.000830 0.000285 0.000098 0.000036 0.000017 0.000011 0.000009 0.000008 0.000008 0.000008 0.000008 0.000008 0.000008 0.000008 0.000008 0.000008 0.000008 0.000008 0.000008 0.000008 0.000008 0.000008 0.000008 0.000008 0.000008 0.000008 0.000007 0.000007 0.000006 0.000005 0.000004 0.000002 0.000000 
50.000000 39.556185 29.827039 21.380817 14.542832 9.374961 5.724329 3.310281 1.813480 0.941729 0.463945 0.217059 0.096554 0.040891 0.016514 0.006375 0.002362 0.000849 0.000305 0.000117 0.000056 0.000036 0.000030 0.000028 0.000028 0.000028 0.000028 0.000028 0.000028 0.000028 0.000028 0.000028 0.000028 0.000028 0.000028 0.000028 0.000028 0.000028 0.000028 0.000028 0.000027 0.000027 0.000026 0.000025 0.000023 0.000020 0.000017 0.000012 0.000006 0.000000 
50.000000 39.556198 29.827064 21.380852 14.542876 9.375011 5.724384 3.310339 1.813539 0.941789 0.464006 0.217120 0.096616 0.040953 0.016576 0.006437 0.002424 0.000911 0.000366 0.000179 0.000117 0.000098 0.000092 0.000090 0.000090 0.000090 0.000090 0.000090 0.000090 0.000090 0.000090 0.000090 0.000090 0.000090 0.000090 0.000090 0.000089 0.000089 0.000089 0.000089 0.000088 0.000087 0.000085 0.000081 0.000075 0.000066 0.000054 0.000038 0.000020 0.000000 
50.000000 39.556237 29.827140 21.380960 14.543009 9.375164 5.724550 3.310514 1.813720 0.941973 0.464192 0.217307 0.096803 0.041140 0.016763 0.006624 0.002612 0.001099 0.000554 0.000366 0.000305 0.000285 0.000279 0.000278 0.000277 0.000277 0.000277 0.000277 0.000277 0.000277 0.000277 0.000277 0.000277 0.000277 0.000277 0.000277 0.000277 0.000277 0.000276 0.000275 0.000273 0.000269 0.000262 0.000250 0.000232 0.000204 0.000166 0.000118 0.000061 0.000000 
50.000000 39.556351 29.827361 21.381273 14.543397 9.375608 5.725033 3.311024 1.814246 0.942508 0.464732 0.217849 0.097346 0.041684 0.017308 0.007169 0.003156 0.001643 0.001099 0.000911 0.000849 0.000830 0.000824 0.000822 0.000822 0.000822 0.000822 0.000822 0.000822 0.000822 0.000822 0.000822 0.000822 0.000822 0.000822 0.000821 0.000821 0.000821 0.000819 0.000816 0.000811 0.000799 0.000779 0.000744 0.000689 0.000607 0.000494 0.000351 0.000183 0.000000 
50.000000 39.556669 29.827974 21.382143 14.544474 9.376841 5.726376 3.312439 1.815705 0.943993 0.466231 0.219356 0.098857 0.043196 0.018820 0.008681 0.004669 0.003156 0.002612 0.002424 0.002362 0.002343 0.002337 0.002335 0.002335 0.002335 0.002335 0.002335 0.002335 0.002335 0.002335 0.002335 0.002335 0.002335 0.002335 0.002334 0.002334 0.002332 0.002328 0.002321 0.002304 0.002273 0.002215 0.002117 0.001961 0.001729 0.001409 0.001002 0.000521 0.000000 
50.000000 39.557511 29.829599 21.384448 14.547328 9.380109 5.729935 3.316190 1.819575 0.947932 0.470208 0.223352 0.102862 0.047205 0.022831 0.012693 0.008681 0.007169 0.006624 0.006437 0.006375 0.006355 0.006349 0.006348 0.006347 0.006347 0.006347 0.006347 0.006347 0.006347 0.006347 0.006347 0.006347 0.006347 0.006347 0.006346 0.006344 0.006340 0.006331 0.006310 0.006267 0.006183 0.006029 0.005765 0.005344 0.004716 0.003848 0.002737 0.001426 0.000000 
50.000000 39.559637 29.833705 21.390270 14.554537 9.388364 5.738928 3.325669 1.829354 0.957885 0.480255 0.233449 0.112982 0.057336 0.032967 0.022831 0.018820 0.017308 0.016763 0.016576 0.016514 0.016495 0.016489 0.016487 0.016486 0.016486 0.016486 0.016486 0.016486 0.016486 0.016486 0.016486 0.016486 0.016486 0.016485 0.016484 0.016479 0.016469 0.016445 0.016393 0.016284 0.016071 0.015679 0.015005 0.013921 0.012299 0.010046 0.007153 0.003729 0.000000 
50.000000 39.564746 29.843572 21.404262 14.571865 9.408207 5.760544 3.348454 1.852862 0.981812 0.504411 0.257723 0.137313 0.081694 0.057336 0.047205 0.043196 0.041684 0.041140 0.040953 0.040891 0.040871 0.040865 0.040864 0.040863 0.040863 0.040863 0.040863 0.040863 0.040863 0.040863 0.040863 0.040863 0.040862 0.040861 0.040857 0.040847 0.040823 0.040766 0.040640 0.040379 0.039866 0.038919 0.037278 0.034625 0.030631 0.025055 0.017862 0.009319 0.000000 
50.000000 39.576407 29.866091 21.436200 14.611418 9.453507 5.809894 3.400476 1.906536 1.036446 0.559569 0.313150 0.192872 0.137313 0.112982 0.102862 0.098857 0.097346 0.096803 0.096616 0.096554 0.096534 0.096529 0.096527 0.096526 0.096526 0.096526 0.096526 0.096526 0.096526 0.096526 0.096526 0.096526 0.096525 0.096521 0.096513 0.096491 0.096436 0.096308 0.096026 0.095433 0.094263 0.092087 0.088297 0.082125 0.072770 0.059626 0.042575 0.022235 0.000000 
50.000000 39.601641 29.914823 21.505317 14.697021 9.551551 5.916712 3.513083 2.022725 1.154716 0.678976 0.433143 0.313150 0.257723 0.233449 0.223352 0.219356 0.217849 0.217307 0.217120 0.217059 0.217040 0.217034 0.217032 0.217031 0.217031 0.217031 0.217031 0.217031 0.217031 0.217031 0.217031 0.217030 0.217028 0.217021 0.217003 0.216957 0.216842 0.216572 0.215970 0.214702 0.212179 0.207458 0.199165 0.185553 0.164749 0.135283 0.096788 0.050620 0.000000 
50.000000 39.653317 30.014624 21.646872 14.872348 9.752373 6.135517 3.743761 2.260750 1.397011 0.923606 0.678976 0.559569 0.504411 0.480255 0.470208 0.466231 0.464732 0.464192 0.464006 0.463945 0.463926 0.463920 0.463918 0.463918 0.463917 0.463917 0.463917 0.463917 0.463917 0.463917 0.463917 0.463915 0.463911 0.463898 0.463863 0.463771 0.463544 0.463007 0.461803 0.459249 0.454131 0.444468 0.427342 0.398950 0.355116 0.292407 0.209741 0.109901 0.000000 
50.000000 39.753282 30.207690 21.920724 15.211556 10.140928 6.558891 4.190128 2.721351 1.865888 1.397011 1.154716 1.036446 0.981812 0.957885 0.947932 0.943993 0.942508 0.941973 0.941789 0.941729 0.941710 0.941704 0.941702 0.941702 0.941701 0.941701 0.941701 0.941701 0.941701 0.941701 0.941700 0.941697 0.941689 0.941666 0.941601 0.941433 0.941013 0.940014 0.937761 0.932944 0.923203 0.904631 0.871352 0.815520 0.728237 0.601787 0.433134 0.227531 0.000000 
50.000000 39.935607 30.559832 22.420234 15.830307 10.849729 7.331248 5.004468 3.561692 2.721351 2.260750 2.022725 1.906536 1.852862 1.829354 1.819575 1.815705 1.814246 1.813720 1.813539 1.813480 1.813461 1.813455 1.813454 1.813453 1.813453 1.813453 1.813453 1.813453 1.813453 1.813452 1.813451 1.813446 1.813432 1.813393 1.813283 1.812996 1.812273 1.810546 1.806619 1.798148 1.780846 1.747476 1.686897 1.583791 1.420067 1.179027 0.852553 0.449451 0.000000 
50.000000 40.248554 31.164269 23.277653 16.892455 12.066519 8.657206 6.402559 5.004468 4.190128 3.743761 3.513083 3.400476 3.348454 3.325669 3.316190 3.312439 3.311024 3.310514 3.310339 3.310281 3.310263 3.310257 3.310256 3.310255 3.310255 3.310255 3.310255 3.310255 3.310255 3.310254 3.310252 3.310245 3.310223 3.310161 3.309989 3.309535 3.308388 3.305626 3.299293 3.285496 3.256992 3.201279 3.098571 2.920667 2.632611 2.199612 1.600894 0.848341 0.000000 
50.000000 40.753119 32.138828 24.660154 18.605128 14.028632 10.795446 8.657206 7.331248 6.558891 6.135517 5.916712 5.809894 5.760544 5.738928 5.729935 5.726376 5.725033 5.724550 5.724384 5.724329 5.724311 5.724306 5.724305 5.724304 5.724304 5.724304 5.724304 5.724304 5.724304 5.724303 5.724299 5.724289 5.724259 5.724170 5.723923 5.723266 5.721597 5.717546 5.708176 5.687539 5.644351 5.558635 5.397723 5.113016 4.640625 3.910993 2.873194 1.534636 0.000000 
50.000000 41.515939 33.612228 26.750367 21.194626 16.995389 14.028632 12.066519 10.849729 10.140928 9.752373 9.551551 9.453507 9.408207 9.388364 9.380109 9.376841 9.375608 9.375164 9.375011 9.374961 9.374945 9.374940 9.374939 9.374939 9.374938 9.374938 9.374938 9.374938 9.374938 9.374937 9.374933 9.374919 9.374880 9.374765 9.374443 9.373583 9.371382 9.365998 9.353423 9.325407 9.265938 9.145852 8.915616 8.497694 7.782705 6.638256 4.945093 2.675265 0.000000 
50.000000 42.595543 35.697538 29.708728 24.859759 21.194626 18.605128 16.892455 15.830307 15.211556 14.872348 14.697021 14.611418 14.571865 14.554537 14.547328 14.544474 14.543397 14.543009 14.542876 14.542832 14.542818 14.542814 14.542813 14.542812 14.542812 14.542812 14.542812 14.542812 14.542811 14.542810 14.542805 14.542790 14.542745 14.542612 14.542238 14.541234 14.538647 14.532271 14.517233 14.483319 14.410240 14.259844 13.964503 13.411921 12.429879 10.782380 8.205566 4.538115 0.000000 
50.000000 44.023774 38.456275 33.622541 29.708728 26.750367 24.660154 23.277653 22.420234 21.920724 21.646872 21.505317 21.436200 21.404262 21.390270 21.384448 21.382143 21.381273 21.380960 21.380852 21.380817 21.380806 21.380802 21.380801 21.380801 21.380801 21.380801 21.380801 21.380801 21.380800 21.380799 21.380794 21.380779 21.380734 21.380600 21.380224 21.379207 21.376574 21.370034 21.354464 21.318937 21.241206 21.078042 20.749160 20.112111 18.926348 16.811271 13.230103 7.620258 0.000000 
50.000000 45.787658 41.863386 38.456275 35.697538 33.612228 32.138828 31.164269 30.559832 30.207690 30.014624 29.914823 29.866091 29.843572 29.833705 29.829599 29.827974 29.827361 29.827140 29.827064 29.827039 29.827031 29.827028 29.827028 29.827027 29.827027 29.827027 29.827027 29.827027 29.827027 29.827026 29.827022 29.827010 29.826972 29.826862 29.826552 29.825709 29.823516 29.818035 29.804883 29.774556 29.707279 29.563375 29.265634 28.667136 27.491972 25.226172 20.931693 13.048465 0.000000 
50.000000 47.819265 45.787658 44.023774 42.595543 41.515939 40.753119 40.248554 39.935607 39.753282 39.653317 39.601641 39.576407 39.564746 39.559637 39.557511 39.556669 39.556351 39.556237 39.556198 39.556185 39.556180 39.556179 39.556179 39.556179 39.556179 39.556179 39.556179 39.556179 39.556178 39.556178 39.556176 39.556169 39.556147 39.556085 39.555908 39.555428 39.554172 39.551020 39.543416 39.525750 39.486156 39.400213 39.218483 38.840674 38.057427 36.403516 32.739193 23.909633 0.000000 
50.000000 50.000000 50.000000 50.000000 50.000000 50.000000 50.000000 50.000000 50.000000 50.000000 50.000000 50.000000 50.000000 50.000000 50.000000 50.000000 50.000000 50.000000 50.000000 50.000000 50.000000 50.000000 50.000000 50.000000 50.000000 50.000000 50.000000 50.000000 50.000000 50.000000 50.000000 50.000000 50.000000 50.000000 50.000000 50.000000 50.000000 50.000000 50.000000 50.000000 50.000000 50.000000 50.000000 50.000000 50.000000 50.000000 50.000000 50.000000 50.000000 50.000000 
