50.000000 50.000000 50.000000 50.000000 50.000000 50.000000 50.000000 50.000000 50.000000 50.000000 50.000000 50.000000 50.000000 50.000000 50.000000 50.000000 50.000000 50.000000 50.000000 50.000000 50.000000 50.000000 50.000000 50.000000 50.000000 50.000000 50.000000 50.000000 50.000000 50.000000 50.000000 50.000000 50.000000 50.000000 50.000000 50.000000 50.000000 50.000000 50.000000 50.000000 50.000000 50.000000 50.000000 50.000000 50.000000 50.000000 50.000000 50.000000 50.000000 50.000000 
50.000000 47.461156 45.124356 43.143532 41.595429 40.478110 39.731941 39.269816 39.003742 38.860958 38.789360 38.755725 38.740884 38.734719 38.732302 38.731406 38.731091 38.730986 38.730953 38.730942 38.730939 38.730939 38.730938 38.730938 38.730938 38.730938 38.730938 38.730938 38.730938 38.730938 38.730938 38.730938 38.730936 38.730930 38.730908 38.730841 38.730638 38.730045 38.728397 38.724015 38.712860 38.685641 38.621773 38.476913 38.156633 37.457060 35.916368 32.394321 23.730578 0.000000 
50.000000 45.124356 40.636749 36.832800 33.859892 31.714287 30.281444 29.394069 28.883167 28.609013 28.471545 28.406968 28.378476 28.366641 28.362002 28.360282 28.359677 28.359475 28.359411 28.359392 28.359386 28.359385 28.359384 28.359384 28.359384 28.359384 28.359384 28.359384 28.359384 28.359384 28.359384 28.359383 28.359380 28.359369 28.359332 28.359217 28.358867 28.357854 28.355047 28.347626 28.328880 28.283615 28.178973 27.946809 27.450626 26.424273 24.359826 20.318374 12.730035 0.000000 
50.000000 43.143532 36.832800 31.483557 27.303054 24.286001 22.271280 21.023597 20.305286 19.919856 19.726603 19.635826 19.595778 19.579144 19.572624 19.570206 19.569357 19.569073 19.568983 19.568956 19.568948 19.568946 19.568945 19.568945 19.568945 19.568945 19.568945 19.568945 19.568945 19.568945 19.568945 19.568944 19.568940 19.568927 19.568884 19.568749 19.568341 19.567165 19.563928 19.555436 19.534209 19.483658 19.368972 19.121055 18.610326 17.608280 15.741779 12.472974 7.227164 0.000000 
50.000000 41.595429 33.859892 27.303054 22.178951 18.481044 16.011780 14.482688 13.602419 13.130117 12.893324 12.782104 12.733041 12.712664 12.704677 12.701716 12.700676 12.700329 12.700218 12.700185 12.700175 12.700173 12.700172 12.700172 12.700172 12.700172 12.700172 12.700172 12.700172 12.700172 12.700171 12.700170 12.700167 12.700154 12.700114 12.699986 12.699601 12.698497 12.695482 12.687645 12.668280 12.622849 12.521766 12.308777 11.884672 11.089475 9.694775 7.435619 4.138369 0.000000 
50.000000 40.478110 31.714287 24.286001 18.481044 14.291953 11.494836 9.762817 8.765790 8.230880 7.962717 7.836773 7.781219 7.758149 7.749107 7.745755 7.744578 7.744185 7.744060 7.744022 7.744011 7.744008 7.744007 7.744007 7.744007 7.744007 7.744007 7.744007 7.744007 7.744007 7.744007 7.744006 7.744003 7.743993 7.743960 7.743856 7.743544 7.742656 7.740249 7.734053 7.718919 7.683931 7.607503 7.450170 7.145976 6.596372 5.675675 4.263661 2.321477 0.000000 
50.000000 39.731941 30.281444 22.271280 16.011780 11.494836 8.478939 6.611545 5.536653 4.960003 4.670935 4.535183 4.475308 4.450445 4.440701 4.437090 4.435821 4.435398 4.435263 4.435223 4.435211 4.435208 4.435207 4.435207 4.435206 4.435206 4.435206 4.435206 4.435206 4.435206 4.435206 4.435206 4.435203 4.435196 4.435172 4.435097 4.434875 4.434244 4.432549 4.428222 4.417774 4.393943 4.342746 4.239470 4.044666 3.703003 3.150225 2.334636 1.255028 0.000000 
50.000000 39.269816 29.394069 21.023597 14.482688 9.762817 6.611545 4.660412 3.537372 2.934925 2.632942 2.491133 2.428591 2.402622 2.392445 2.388674 2.387349 2.386907 2.386767 2.386724 2.386712 2.386708 2.386708 2.386707 2.386707 2.386707 2.386707 2.386707 2.386707 2.386707 2.386707 2.386707 2.386705 2.386701 2.386685 2.386637 2.386494 2.386092 2.385018 2.382302 2.375809 2.361180 2.330206 2.268800 2.155314 1.960922 1.654625 1.215096 0.648044 0.000000 
50.000000 39.003742 28.883167 20.305286 13.602419 8.765790 5.536653 3.537372 2.386660 1.769393 1.459995 1.314711 1.250638 1.224035 1.213611 1.209748 1.208391 1.207938 1.207795 1.207751 1.207739 1.207735 1.207734 1.207734 1.207734 1.207734 1.207734 1.207734 1.207734 1.207734 1.207734 1.207734 1.207733 1.207730 1.207721 1.207692 1.207609 1.207376 1.206757 1.205205 1.201527 1.193330 1.176192 1.142709 1.081859 0.979570 0.821629 0.599553 0.318101 0.000000 
50.000000 38.860958 28.609013 19.919856 13.130117 8.230880 4.960003 2.934925 1.769393 1.144193 0.830828 0.683685 0.618796 0.591854 0.581298 0.577386 0.576012 0.575553 0.575408 0.575364 0.575351 0.575347 0.575346 0.575346 0.575346 0.575346 0.575346 0.575346 0.575346 0.575346 0.575346 0.575346 0.575346 0.575344 0.575339 0.575324 0.575279 0.575155 0.574828 0.574012 0.572096 0.567866 0.559116 0.542229 0.511961 0.461837 0.385647 0.280133 0.148098 0.000000 
50.000000 38.789360 28.471545 19.726603 12.893324 7.962717 4.670935 2.632942 1.459995 0.830828 0.515480 0.367409 0.302112 0.275001 0.264379 0.260443 0.259060 0.258599 0.258452 0.258408 0.258395 0.258392 0.258391 0.258391 0.258390 0.258390 0.258390 0.258390 0.258390 0.258390 0.258390 0.258390 0.258390 0.258389 0.258387 0.258379 0.258357 0.258296 0.258136 0.257740 0.256815 0.254790 0.250640 0.242713 0.228664 0.205679 0.171167 0.123918 0.065345 0.000000 
50.000000 38.755725 28.406968 19.635826 12.782104 7.836773 4.535183 2.491133 1.314711 0.683685 0.367409 0.218905 0.153416 0.126227 0.115574 0.111626 0.110240 0.109777 0.109630 0.109586 0.109573 0.109569 0.109569 0.109568 0.109568 0.109568 0.109568 0.109568 0.109568 0.109568 0.109568 0.109568 0.109568 0.109568 0.109567 0.109563 0.109553 0.109525 0.109452 0.109273 0.108857 0.107953 0.106115 0.102635 0.096524 0.086622 0.071899 0.051920 0.027328 0.000000 
50.000000 38.740884 28.378476 19.595778 12.733041 7.781219 4.475308 2.428591 1.250638 0.618796 0.302112 0.153416 0.087844 0.060620 0.049954 0.046001 0.044613 0.044150 0.044003 0.043958 0.043945 0.043942 0.043941 0.043941 0.043941 0.043941 0.043941 0.043941 0.043941 0.043941 0.043941 0.043941 0.043940 0.043940 0.043940 0.043938 0.043934 0.043922 0.043891 0.043815 0.043640 0.043262 0.042499 0.041064 0.038563 0.034544 0.028614 0.020623 0.010839 0.000000 
50.000000 38.734719 28.366641 19.579144 12.712664 7.758149 4.450445 2.402622 1.224035 0.591854 0.275001 0.126227 0.060620 0.033382 0.022710 0.018755 0.017366 0.016903 0.016756 0.016711 0.016698 0.016695 0.016694 0.016694 0.016694 0.016694 0.016694 0.016694 0.016694 0.016694 0.016694 0.016694 0.016694 0.016693 0.016693 0.016693 0.016691 0.016686 0.016674 0.016644 0.016575 0.016426 0.016128 0.015570 0.014605 0.013063 0.010803 0.007774 0.004081 0.000000 
50.000000 38.732302 28.362002 19.572624 12.704677 7.749107 4.440701 2.392445 1.213611 0.581298 0.264379 0.115574 0.049954 0.022710 0.012036 0.008080 0.006691 0.006228 0.006080 0.006036 0.006023 0.006020 0.006019 0.006018 0.006018 0.006018 0.006018 0.006018 0.006018 0.006018 0.006018 0.006018 0.006018 0.006018 0.006018 0.006018 0.006017 0.006015 0.006011 0.006000 0.005974 0.005919 0.005809 0.005604 0.005251 0.004691 0.003875 0.002785 0.001461 0.000000 
50.000000 38.731406 28.360282 19.570206 12.701716 7.745755 4.437090 2.388674 1.209748 0.577386 0.260443 0.111626 0.046001 0.018755 0.008080 0.004125 0.002735 0.002272 0.002125 0.002080 0.002067 0.002064 0.002063 0.002062 0.002062 0.002062 0.002062 0.002062 0.002062 0.002062 0.002062 0.002062 0.002062 0.002062 0.002062 0.002062 0.002062 0.002061 0.002060 0.002056 0.002047 0.002027 0.001989 0.001918 0.001796 0.001602 0.001322 0.000949 0.000498 0.000000 
50.000000 38.731091 28.359677 19.569357 12.700676 7.744578 4.435821 2.387349 1.208391 0.576012 0.259060 0.110240 0.044613 0.017366 0.006691 0.002735 0.001346 0.000882 0.000735 0.000691 0.000678 0.000674 0.000673 0.000673 0.000673 0.000673 0.000673 0.000673 0.000673 0.000673 0.000673 0.000673 0.000673 0.000673 0.000673 0.000673 0.000673 0.000673 0.000672 0.000671 0.000668 0.000661 0.000648 0.000625 0.000585 0.000521 0.000430 0.000308 0.000162 0.000000 
50.000000 38.730986 28.359475 19.569073 12.700329 7.744185 4.435398 2.386907 1.207938 0.575553 0.258599 0.109777 0.044150 0.016903 0.006228 0.002272 0.000882 0.000419 0.000272 0.000227 0.000214 0.000211 0.000210 0.000209 0.000209 0.000209 0.000209 0.000209 0.000209 0.000209 0.000209 0.000209 0.000209 0.000209 0.000209 0.000209 0.000209 0.000209 0.000209 0.000209 0.000208 0.000206 0.000202 0.000194 0.000182 0.000162 0.000133 0.000096 0.000050 0.000000 
50.000000 38.730953 28.359411 19.568983 12.700218 7.744060 4.435263 2.386767 1.207795 0.575408 0.258452 0.109630 0.044003 0.016756 0.006080 0.002125 0.000735 0.000272 0.000124 0.000080 0.000067 0.000063 0.000063 0.000062 0.000062 0.000062 0.000062 0.000062 0.000062 0.000062 0.000062 0.000062 0.000062 0.000062 0.000062 0.000062 0.000062 0.000062 0.000062 0.000062 0.000062 0.000061 0.000060 0.000058 0.000054 0.000048 0.000040 0.000028 0.000015 0.000000 
50.000000 38.730942 28.359392 19.568956 12.700185 7.744022 4.435223 2.386724 1.207751 0.575364 0.258408 0.109586 0.043958 0.016711 0.006036 0.002080 0.000691 0.000227 0.000080 0.000035 0.000022 0.000019 0.000018 0.000018 0.000018 0.000018 0.000018 0.000018 0.000018 0.000018 0.000018 0.000018 0.000018 0.000018 0.000018 0.000018 0.000018 0.000018 0.000018 0.000018 0.000018 0.000017 0.000017 0.000016 0.000015 0.000014 0.000011 0.000008 0.000004 0.000000 
50.000000 38.730939 28.359386 19.568948 12.700175 7.744011 4.435211 2.386712 1.207739 0.575351 0.258395 0.109573 0.043945 0.016698 0.006023 0.002067 0.000678 0.000214 0.000067 0.000022 0.000010 0.000006 0.000005 0.000005 0.000005 0.000005 0.000005 0.000005 0.000005 0.000005 0.000005 0.000005 0.000005 0.000005 0.000005 0.000005 0.000005 0.000005 0.000005 0.000005 0.000005 0.000005 0.000005 0.000004 0.000004 0.000004 0.000003 0.000002 0.000001 0.000000 
50.000000 38.730939 28.359385 19.568946 12.700173 7.744008 4.435208 2.386708 1.207735 0.575347 0.258392 0.109569 0.043942 0.016695 0.006020 0.002064 0.000674 0.000211 0.000063 0.000019 0.000006 0.000003 0.000002 0.000001 0.000001 0.000001 0.000001 0.000001 0.000001 0.000001 0.000001 0.000001 0.000001 0.000001 0.000001 0.000001 0.000001 0.000001 0.000001 0.000001 0.000001 0.000001 0.000001 0.000001 0.000001 0.000001 0.000001 0.000001 0.000000 0.000000 
50.000000 38.730938 28.359384 19.568945 12.700172 7.744007 4.435207 2.386708 1.207734 0.575346 0.258391 0.109569 0.043941 0.016694 0.006019 0.002063 0.000673 0.000210 0.000063 0.000018 0.000005 0.000002 0.000001 0.000000 0.000000 0.000000 0.000000 0.000000 0.000000 0.000000 0.000000 0.000000 0.000000 0.000000 0.000000 0.000000 0.000000 0.000000 0.000000 0.000000 0.000000 0.000000 0.000000 0.000000 0.000000 0.000000 0.000000 0.000000 0.000000 0.000000 
50.000000 38.730938 28.359384 19.568945 12.700172 7.744007 4.435207 2.386707 1.207734 0.575346 0.258391 0.109568 0.043941 0.016694 0.006018 0.002062 0.000673 0.000209 0.000062 0.000018 0.000005 0.000001 0.000000 0.000000 0.000000 0.000000 0.000000 0.000000 0.000000 0.000000 0.000000 0.000000 0.000000 0.000000 0.000000 0.000000 0.000000 0.000000 0.000000 0.000000 0.000000 0.000000 0.000000 0.000000 0.000000 0.000000 0.000000 0.000000 0.000000 0.000000 
50.000000 38.730938 28.359384 19.568945 12.700172 7.744007 4.435206 2.386707 1.207734 0.575346 0.258390 0.109568 0.043941 0.016694 0.006018 0.002062 0.000673 0.000209 0.000062 0.000018 0.000005 0.000001 0.000000 0.000000 0.000000 0.000000 0.000000 0.000000 0.000000 0.000000 0.000000 0.000000 0.000000 0.000000 0.000000 0.000000 0.000000 0.000000 0.000000 0.000000 0.000000 0.000000 0.000000 0.000000 0.000000 0.000000 0.000000 0.000000 0.000000 0.000000 
50.000000 38.730938 28.359384 19.568945 12.700172 7.744007 4.435206 2.386707 1.207734 0.575346 0.258390 0.109568 0.043941 0.016694 0.006018 0.002062 0.000673 0.000209 0.000062 0.000018 0.000005 0.000001 0.000000 0.000000 0.000000 0.000000 0.000000 0.000000 0.000000 0.000000 0.000000 0.000000 0.000000 0.000000 0.000000 0.000000 0.000000 0.000000 0.000000 0.000000 0.000000 0.000000 0.000000 0.000000 0.000000 0.000000 0.000000 0.000000 0.000000 0.000000 
50.000000 38.730938 28.359384 19.568945 12.700172 7.744007 4.435207 2.386707 1.207734 0.575346 0.258391 0.109568 0.043941 0.016694 0.006018 0.002062 0.000673 0.000209 0.000062 0.000018 0.000005 0.000001 0.000000 0.000000 0.000000 0.000000 0.000000 0.000000 0.000000 0.000000 0.000000 0.000000 0.000000 0.000000 0.000000 0.000000 0.000000 0.000000 0.000000 0.000000 0.000000 0.000000 0.000000 0.000000 0.000000 0.000000 0.000000 0.000000 0.000000 0.000000 
50.000000 38.730938 28.359384 19.568945 12.700172 7.744007 4.435207 2.386708 1.207734 0.575346 0.258391 0.109569 0.043941 0.016694 0.006019 0.002063 0.000673 0.000210 0.000063 0.000018 0.000005 0.000002 0.000001 0.000000 0.000000 0.000000 0.000000 0.000000 0.000000 0.000000 0.000000 0.000000 0.000000 0.000000 0.000000 0.000000 0.000000 0.000000 0.000000 0.000000 0.000000 0.000000 0.000000 0.000000 0.000000 0.000000 0.000000 0.000000 0.000000 0.000000 
50.000000 38.730939 28.359385 19.568946 12.700173 7.744008 4.435208 2.386708 1.207735 0.575347 0.258392 0.109569 0.043942 0.016695 0.006020 0.002064 0.000674 0.000211 0.000063 0.000019 0.000006 0.000003 0.000002 0.000001 0.000001 0.000001 0.000001 0.000001 0.000001 0.000001 0.000001 0.000001 0.000001 0.000001 0.000001 0.000001 0.000001 0.000001 0.000001 0.000001 0.000001 0.000001 0.000001 0.000001 0.000001 0.000001 0.000001 0.000001 0.000000 0.000000 
50.000000 38.730939 28.359386 19.568948 12.700175 7.744011 4.435211 2.386712 1.207739 0.575351 0.258395 0.109573 0.043945 0.016698 0.006023 0.002067 0.000678 0.000214 0.000067 0.000022 0.000010 0.000006 0.000005 0.000005 0.000005 0.000005 0.000005 0.000005 0.000005 0.000005 0.000005 0.000005 0.000005 0.000005 0.000005 0.000005 0.000005 0.000005 0.000005 0.000005 0.000005 0.000005 0.000005 0.000004 0.000004 0.000004 0.000003 0.000002 0.000001 0.000000 
50.000000 38.730942 28.359392 19.568956 12.700185 7.744022 4.435223 2.386724 1.207751 0.575364 0.258408 0.109586 0.043958 0.016711 0.006036 0.002080 0.000691 0.000227 0.000080 0.000035 0.000022 0.000019 0.000018 0.000018 0.000018 0.000018 0.000018 0.000018 0.000018 0.000018 0.000018 0.000018 0.000018 0.000018 0.000018 0.000018 0.000018 0.000018 0.000018 0.000018 0.000018 0.000017 0.000017 0.000016 0.000015 0.000014 0.000011 0.000008 0.000004 0.000000 
50.000000 38.730953 28.359411 19.568983 12.700218 7.744060 4.435263 2.386767 1.207795 0.575408 0.258452 0.109630 0.044003 0.016756 0.006080 0.002125 0.000735 0.000272 0.000124 0.000080 0.000067 0.000063 0.000063 0.000062 0.000062 0.000062 0.000062 0.000062 0.000062 0.000062 0.000062 0.000062 0.000062 0.000062 0.000062 0.000062 0.000062 0.000062 0.000062 0.000062 0.000062 0.000061 0.000060 0.000058 0.000054 0.000048 0.000040 0.000028 0.000015 0.000000 
50.000000 38.730986 28.359475 19.569073 12.700329 7.744185 4.435398 2.386907 1.207938 0.575553 0.258599 0.109777 0.044150 0.016903 0.006228 0.002272 0.000882 0.000419 0.000272 0.000227 0.000214 0.000211 0.000210 0.000209 0.000209 0.000209 0.000209 0.000209 0.000209 0.000209 0.000209 0.000209 0.000209 0.000209 0.000209 0.000209 0.000209 0.000209 0.000209 0.000209 0.000208 0.000206 0.000202 0.000194 0.000182 0.000162 0.000133 0.000096 0.000050 0.000000 
50.000000 38.731091 28.359677 19.569357 12.700676 7.744578 4.435821 2.387349 1.208391 0.576012 0.259060 0.110240 0.044613 0.017366 0.006691 0.002735 0.001346 0.000882 0.000735 0.000691 0.000678 0.000674 0.000673 0.000673 0.000673 0.000673 0.000673 0.000673 0.000673 0.000673 0.000673 0.000673 0.000673 0.000673 0.000673 0.000673 0.000673 0.000673 0.000672 0.000671 0.000668 0.000661 0.000648 0.000625 0.000585 0.000521 0.000430 0.000308 0.000162 0.000000 
50.000000 38.731406 28.360282 19.570206 12.701716 7.745755 4.437090 2.388674 1.209748 0.577386 0.260443 0.111626 0.046001 0.018755 0.008080 0.004125 0.002735 0.002272 0.002125 0.002080 0.002067 0.002064 0.002063 0.002062 0.002062 0.002062 0.002062 0.002062 0.002062 0.002062 0.002062 0.002062 0.002062 0.002062 0.002062 0.002062 0.002062 0.002061 0.002060 0.002056 0.002047 0.002027 0.001989 0.001918 0.001796 0.001602 0.001322 0.000949 0.000498 0.000000 
50.000000 38.732302 28.362002 19.572624 12.704677 7.749107 4.440701 2.392445 1.213611 0.581298 0.264379 0.115574 0.049954 0.022710 0.012036 0.008080 0.006691 0.006228 0.006080 0.006036 0.006023 0.006020 0.006019 0.006018 0.006018 0.006018 0.006018 0.006018 0.006018 0.006018 0.006018 0.006018 0.006018 0.006018 0.006018 0.006018 0.006017 0.006015 0.006011 0.006000 0.005974 0.005919 0.005809 0.005604 0.005251 0.004691 0.003875 0.002785 0.001461 0.000000 
50.000000 38.734719 28.366641 19.579144 12.712664 7.758149 4.450445 2.402622 1.224035 0.591854 0.275001 0.126227 0.060620 0.033382 0.022710 0.018755 0.017366 0.016903 0.016756 0.016711 0.016698 0.016695 0.016694 0.016694 0.016694 0.016694 0.016694 0.016694 0.016694 0.016694 0.016694 0.016694 0.016694 0.016693 0.016693 0.016693 0.016691 0.016686 0.016674 0.016644 0.016575 0.016426 0.016128 0.015570 0.014605 0.013063 0.010803 0.007774 0.004081 0.000000 
50.000000 38.740884 28.378476 19.595778 12.733041 7.781219 4.475308 2.428591 1.250638 0.618796 0.302112 0.153416 0.087844 0.060620 0.049954 0.046001 0.044613 0.044150 0.044003 0.043958 0.043945 0.043942 0.043941 0.043941 0.043941 0.043941 0.043941 0.043941 0.043941 0.043941 0.043941 0.043941 0.043940 0.043940 0.043940 0.043938 0.043934 0.043922 0.043891 0.043815 0.043640 0.043262 0.042499 0.041064 0.038563 0.034544 0.028614 0.020623 0.010839 0.000000 
50.000000 38.755725 28.406968 19.635826 12.782104 7.836773 4.535183 2.491133 1.314711 0.683685 0.367409 0.218905 0.153416 0.126227 0.115574 0.111626 0.110240 0.109777 0.109630 0.109586 0.109573 0.109569 0.109569 0.109568 0.109568 0.109568 0.109568 0.109568 0.109568 0.109568 0.109568 0.109568 0.109568 0.109568 0.109567 0.109563 0.109553 0.109525 0.109452 0.109273 0.108857 0.107953 0.106115 0.102635 0.096524 0.086622 0.071899 0.051920 0.027328 0.000000 
50.000000 38.789360 28.471545 19.726603 12.893324 7.962717 4.670935 2.632942 1.459995 0.830828 0.515480 0.367409 0.302112 0.275001 0.264379 0.260443 0.259060 0.258599 0.258452 0.258408 0.258395 0.258392 0.258391 0.258391 0.258390 0.258390 0.258390 0.258390 0.258390 0.258390 0.258390 0.258390 0.258390 0.258389 0.258387 0.258379 0.258357 0.258296 0.258136 0.257740 0.256815 0.254790 0.250640 0.242713 0.228664 0.205679 0.171167 0.123918 0.065345 0.000000 
50.000000 38.860958 28.609013 19.919856 13.130117 8.230880 4.960003 2.934925 1.769393 1.144193 0.830828 0.683685 0.618796 0.591854 0.581298 0.577386 0.576012 0.575553 0.575408 0.575364 0.575351 0.575347 0.575346 0.575346 0.575346 0.575346 0.575346 0.575346 0.575346 0.575346 0.575346 0.575346 0.575346 0.575344 0.575339 0.575324 0.575279 0.575155 0.574828 0.574012 0.572096 0.567866 0.559116 0.542229 0.511961 0.461837 0.385647 0.280133 0.148098 0.000000 
50.000000 39.003742 28.883167 20.305286 13.602419 8.765790 5.536653 3.537372 2.386660 1.769393 1.459995 1.314711 1.250638 1.224035 1.213611 1.209748 1.208391 1.207938 1.207795 1.207751 1.207739 1.207735 1.207734 1.207734 1.207734 1.207734 1.207734 1.207734 1.207734 1.207734 1.207734 1.207734 1.207733 1.207730 1.207721 1.207692 1.207609 1.207376 1.206757 1.205205 1.201527 1.193330 1.176192 1.142709 1.081859 0.979570 0.821629 0.599553 0.318101 0.000000 
50.000000 39.269816 29.394069 21.023597 14.482688 9.762817 6.611545 4.660412 3.537372 2.934925 2.632942 2.491133 2.428591 2.402622 2.392445 2.388674 2.387349 2.386907 2.386767 2.386724 2.386712 2.386708 2.386708 2.386707 2.386707 2.386707 2.386707 2.386707 2.386707 2.386707 2.386707 2.386707 2.386705 2.386701 2.386685 2.386637 2.386494 2.386092 2.385018 2.382302 2.375809 2.361180 2.330206 2.268800 2.155314 1.960922 1.654625 1.215096 0.648044 0.000000 
50.000000 39.731941 30.281444 22.271280 16.011780 11.494836 8.478939 6.611545 5.536653 4.960003 4.670935 4.535183 4.475308 4.450445 4.440701 4.437090 4.435821 4.435398 4.435263 4.435223 4.435211 4.435208 4.435207 4.435207 4.435206 4.435206 4.435206 4.435206 4.435206 4.435206 4.435206 4.435206 4.435203 4.435196 4.435172 4.435097 4.434875 4.434244 4.432549 4.428222 4.417774 4.393943 4.342746 4.239470 4.044666 3.703003 3.150225 2.334636 1.255028 0.000000 
50.000000 40.478110 31.714287 24.286001 18.481044 14.291953 11.494836 9.762817 8.765790 8.230880 7.962717 7.836773 7.781219 7.758149 7.749107 7.745755 7.744578 7.744185 7.744060 7.744022 7.744011 7.744008 7.744007 7.744007 7.744007 7.744007 7.744007 7.744007 7.744007 7.744007 7.744007 7.744006 7.744003 7.743993 7.743960 7.743856 7.743544 7.742656 7.740249 7.734053 7.718919 7.683931 7.607503 7.450170 7.145976 6.596372 5.675675 4.263661 2.321477 0.000000 
50.000000 41.595429 33.859892 27.303054 22.178951 18.481044 16.011780 14.482688 13.602419 13.130117 12.893324 12.782104 12.733041 12.712664 12.704677 12.701716 12.700676 12.700329 12.700218 12.700185 12.700175 12.700173 12.700172 12.700172 12.700172 12.700172 12.700172 12.700172 12.700172 12.700172 12.700171 12.700170 12.700167 12.700154 12.700114 12.699986 12.699601 12.698497 12.695482 12.687645 12.668280 12.622849 12.521766 12.308777 11.884672 11.089475 9.694775 7.435619 4.138369 0.000000 
50.000000 43.143532 36.832800 31.483557 27.303054 24.286001 22.271280 21.023597 20.305286 19.919856 19.726603 19.635826 19.595778 19.579144 19.572624 19.570206 19.569357 19.569073 19.568983 19.568956 19.568948 19.568946 19.568945 19.568945 19.568945 19.568945 19.568945 19.568945 19.568945 19.568945 19.568945 19.568944 19.568940 19.568927 19.568884 19.568749 19.568341 19.567165 19.563928 19.555436 19.534209 19.483658 19.368972 19.121055 18.610326 17.608280 15.741779 12.472974 7.227164 0.000000 
50.000000 45.124356 40.636749 36.832800 33.859892 31.714287 30.281444 29.394069 28.883167 28.609013 28.471545 28.406968 28.378476 28.366641 28.362002 28.360282 28.359677 28.359475 28.359411 28.359392 28.359386 28.359385 28.359384 28.359384 28.359384 28.359384 28.359384 28.359384 28.359384 28.359384 28.359384 28.359383 28.359380 28.359369 28.359332 28.359217 28.358867 28.357854 28.355047 28.347626 28.328880 28.283615 28.178973 27.946809 27.450626 26.424273 24.359826 20.318374 12.730035 0.000000 
50.000000 47.461156 45.124356 43.143532 41.595429 40.478110 39.731941 39.269816 39.003742 38.860958 38.789360 38.755725 38.740884 38.734719 38.732302 38.731406 38.731091 38.730986 38.730953 38.730942 38.730939 38.730939 38.730938 38.730938 38.730938 38.730938 38.730938 38.730938 38.730938 38.730938 38.730938 38.730938 38.730936 38.730930 38.730908 38.730841 38.730638 38.730045 38.728397 38.724015 38.712860 38.685641 38.621773 38.476913 38.156633 37.457060 35.916368 32.394321 23.730578 0.000000 
50.000000 50.000000 50.000000 50.000000 50.000000 50.000000 50.000000 50.000000 50.000000 50.000000 50.000000 50.000000 50.000000 50.000000 50.000000 50.000000 50.000000 50.000000 50.000000 50.000000 50.000000 50.000000 50.000000 50.000000 50.000000 50.000000 50.000000 50.000000 50.000000 50.000000 50.000000 50.000000 50.000000 50.000000 50.000000 50.000000 50.000000 50.000000 50.000000 50.000000 50.000000 50.000000 50.000000 50.000000 50.000000 50.000000 50.000000 50.000000 50.000000 50.000000 
