50.000000 50.000000 50.000000 50.000000 50.000000 50.000000 50.000000 50.000000 50.000000 50.000000 50.000000 50.000000 50.000000 50.000000 50.000000 50.000000 50.000000 50.000000 50.000000 50.000000 50.000000 50.000000 50.000000 50.000000 50.000000 50.000000 50.000000 50.000000 50.000000 50.000000 50.000000 50.000000 50.000000 50.000000 50.000000 50.000000 50.000000 50.000000 50.000000 50.000000 50.000000 50.000000 50.000000 50.000000 50.000000 50.000000 50.000000 50.000000 50.000000 50.000000 
50.000000 47.779736 45.714047 43.925294 42.482566 41.397565 40.635711 40.135459 39.827754 39.650126 39.553709 39.504402 39.480600 39.469733 39.465031 39.463100 39.462346 39.462065 39.461966 39.461932 39.461921 39.461918 39.461916 39.461916 39.461916 39.461916 39.461916 39.461916 39.461916 39.461916 39.461915 39.461913 39.461908 39.461889 39.461834 39.461675 39.461239 39.460085 39.457154 39.450004 39.433222 39.395247 39.312095 39.134882 38.763926 37.990406 36.349392 32.701026 23.889868 0.000000 
50.000000 45.714047 41.726500 38.273565 35.488613 33.394225 31.923636 30.958032 30.364102 30.021254 29.835160 29.739997 29.694059 29.673086 29.664012 29.660286 29.658831 29.658289 29.658097 29.658032 29.658011 29.658004 29.658002 29.658001 29.658001 29.658001 29.658001 29.658001 29.658001 29.658001 29.658000 29.657997 29.657986 29.657954 29.657856 29.657579 29.656816 29.654804 29.649719 29.637381 29.608639 29.544264 29.405364 29.115722 28.529510 27.371786 25.129113 20.863250 13.013021 0.000000 
50.000000 43.925294 38.273565 33.379620 29.432493 26.464169 24.379997 23.011548 22.169864 21.684018 21.420319 21.285475 21.220386 21.190671 21.177816 21.172537 21.170475 21.169708 21.169436 21.169344 21.169314 21.169305 21.169302 21.169301 21.169301 21.169301 21.169301 21.169301 21.169301 21.169300 21.169299 21.169295 21.169282 21.169243 21.169125 21.168790 21.167872 21.165467 21.159421 21.144870 21.111323 21.037223 20.880318 20.561567 19.939890 18.775948 16.689810 13.144451 7.575902 0.000000 
50.000000 42.482566 35.488613 29.432493 24.548132 20.875085 18.296184 16.602965 15.561571 14.960476 14.634240 14.467427 14.386911 14.350156 14.334256 14.327727 14.325178 14.324230 14.323893 14.323779 14.323742 14.323730 14.323727 14.323726 14.323725 14.323725 14.323725 14.323725 14.323725 14.323725 14.323724 14.323720 14.323707 14.323668 14.323551 14.323220 14.322318 14.319967 14.314102 14.300118 14.268254 14.198933 14.055017 13.770167 13.233506 12.274066 10.656545 8.116827 4.492160 0.000000 
50.000000 41.397565 33.394225 26.464169 20.875085 16.672205 13.721401 11.784083 10.592614 9.904929 9.531718 9.340898 9.248800 9.206760 9.188576 9.181110 9.178195 9.177110 9.176725 9.176595 9.176552 9.176539 9.176535 9.176534 9.176534 9.176534 9.176534 9.176534 9.176534 9.176533 9.176532 9.176529 9.176518 9.176484 9.176384 9.176100 9.175332 9.173344 9.168423 9.156801 9.130640 9.074571 8.960350 8.739610 8.336102 7.641580 6.524279 4.864715 2.633639 0.000000 
50.000000 40.635711 31.923636 24.379997 18.296184 13.721401 10.509596 8.401002 7.104253 6.355841 5.949695 5.742046 5.641833 5.596091 5.576308 5.568185 5.565013 5.563834 5.563415 5.563273 5.563227 5.563213 5.563209 5.563207 5.563207 5.563207 5.563207 5.563207 5.563207 5.563207 5.563206 5.563203 5.563195 5.563168 5.563092 5.562876 5.562294 5.560797 5.557121 5.548523 5.529390 5.488960 5.408002 5.254798 4.981791 4.526016 3.818429 2.807914 1.500829 0.000000 
50.000000 40.135459 30.958032 23.011548 16.602965 11.784083 8.401002 6.180037 4.814236 4.026004 3.598269 3.379593 3.274064 3.225898 3.205068 3.196516 3.193177 3.191935 3.191494 3.191345 3.191296 3.191281 3.191277 3.191275 3.191275 3.191275 3.191275 3.191275 3.191275 3.191275 3.191274 3.191272 3.191266 3.191248 3.191195 3.191046 3.190647 3.189627 3.187141 3.181377 3.168690 3.142220 3.090019 2.992999 2.823733 2.547948 2.131230 1.552668 0.823364 0.000000 
50.000000 39.827754 30.364102 22.169864 15.561571 10.592614 7.104253 4.814236 3.406014 2.593328 2.152338 1.926896 1.818106 1.768454 1.746982 1.738166 1.734725 1.733445 1.732991 1.732837 1.732787 1.732771 1.732767 1.732765 1.732765 1.732765 1.732765 1.732765 1.732765 1.732765 1.732764 1.732763 1.732759 1.732748 1.732714 1.732620 1.732370 1.731733 1.730193 1.726651 1.718931 1.703007 1.672016 1.615293 1.518042 1.362639 1.132641 0.819837 0.432507 0.000000 
50.000000 39.650126 30.021254 21.684018 14.960476 9.904929 6.355841 4.026004 2.593328 1.766550 1.317926 1.088587 0.977920 0.927413 0.905572 0.896606 0.893105 0.891804 0.891342 0.891185 0.891134 0.891119 0.891114 0.891112 0.891112 0.891112 0.891112 0.891112 0.891112 0.891112 0.891112 0.891111 0.891109 0.891102 0.891082 0.891027 0.890882 0.890516 0.889634 0.887622 0.883275 0.874397 0.857315 0.826451 0.774289 0.692222 0.572695 0.412615 0.216904 0.000000 
50.000000 39.553709 29.835160 21.420319 14.634240 9.531718 5.949695 3.598269 2.152338 1.317926 0.865167 0.633720 0.522037 0.471068 0.449028 0.439980 0.436448 0.435134 0.434668 0.434510 0.434459 0.434443 0.434438 0.434437 0.434436 0.434436 0.434436 0.434436 0.434436 0.434436 0.434436 0.434436 0.434434 0.434431 0.434420 0.434390 0.434312 0.434116 0.433647 0.432584 0.430303 0.425687 0.416891 0.401172 0.374917 0.334122 0.275449 0.197779 0.103705 0.000000 
50.000000 39.504402 29.739997 21.285475 14.467427 9.340898 5.742046 3.379593 1.926896 1.088587 0.633720 0.401197 0.288997 0.237793 0.215651 0.206561 0.203013 0.201694 0.201225 0.201067 0.201015 0.200999 0.200994 0.200993 0.200993 0.200993 0.200993 0.200993 0.200993 0.200993 0.200992 0.200992 0.200992 0.200990 0.200984 0.200969 0.200930 0.200832 0.200599 0.200073 0.198953 0.196704 0.192453 0.184925 0.172475 0.153325 0.126054 0.090277 0.047248 0.000000 
50.000000 39.480600 29.694059 21.220386 14.386911 9.248800 5.641833 3.274064 1.818106 0.977920 0.522037 0.288997 0.176549 0.125231 0.103040 0.093931 0.090375 0.089052 0.088583 0.088424 0.088372 0.088356 0.088352 0.088350 0.088350 0.088350 0.088350 0.088350 0.088350 0.088350 0.088350 0.088350 0.088349 0.088348 0.088346 0.088339 0.088320 0.088274 0.088165 0.087921 0.087404 0.086373 0.084437 0.081036 0.075457 0.066944 0.054919 0.039254 0.020515 0.000000 
50.000000 39.469733 29.673086 21.190671 14.350156 9.206760 5.596091 3.225898 1.768454 0.927413 0.471068 0.237793 0.125231 0.073862 0.051649 0.042531 0.038971 0.037648 0.037178 0.037019 0.036967 0.036951 0.036946 0.036945 0.036944 0.036944 0.036944 0.036944 0.036944 0.036944 0.036944 0.036944 0.036944 0.036944 0.036943 0.036939 0.036931 0.036911 0.036863 0.036756 0.036531 0.036084 0.035251 0.033797 0.031428 0.027838 0.022798 0.016270 0.008494 0.000000 
50.000000 39.465031 29.664012 21.177816 14.334256 9.188576 5.576308 3.205068 1.746982 0.905572 0.449028 0.215651 0.103040 0.051649 0.029426 0.020304 0.016743 0.015419 0.014949 0.014790 0.014738 0.014722 0.014717 0.014716 0.014715 0.014715 0.014715 0.014715 0.014715 0.014715 0.014715 0.014715 0.014715 0.014715 0.014715 0.014713 0.014710 0.014701 0.014681 0.014637 0.014544 0.014361 0.014022 0.013432 0.012476 0.011037 0.009026 0.006434 0.003356 0.000000 
50.000000 39.463100 29.660286 21.172537 14.327727 9.181110 5.568185 3.196516 1.738166 0.896606 0.439980 0.206561 0.093931 0.042531 0.020304 0.011180 0.007619 0.006294 0.005824 0.005665 0.005613 0.005597 0.005592 0.005591 0.005591 0.005590 0.005590 0.005590 0.005590 0.005590 0.005590 0.005590 0.005590 0.005590 0.005590 0.005590 0.005588 0.005585 0.005577 0.005560 0.005523 0.005452 0.005321 0.005093 0.004726 0.004176 0.003412 0.002429 0.001266 0.000000 
50.000000 39.462346 29.658831 21.170475 14.325178 9.178195 5.565013 3.193177 1.734725 0.893105 0.436448 0.203013 0.090375 0.038971 0.016743 0.007619 0.004057 0.002732 0.002262 0.002103 0.002051 0.002035 0.002030 0.002029 0.002028 0.002028 0.002028 0.002028 0.002028 0.002028 0.002028 0.002028 0.002028 0.002028 0.002028 0.002028 0.002028 0.002026 0.002023 0.002017 0.002003 0.001977 0.001928 0.001845 0.001711 0.001510 0.001233 0.000877 0.000457 0.000000 
50.000000 39.462065 29.658289 21.169708 14.324230 9.177110 5.563834 3.191935 1.733445 0.891804 0.435134 0.201694 0.089052 0.037648 0.015419 0.006294 0.002732 0.001408 0.000938 0.000778 0.000727 0.000710 0.000706 0.000704 0.000704 0.000704 0.000704 0.000704 0.000704 0.000704 0.000704 0.000704 0.000704 0.000704 0.000704 0.000704 0.000703 0.000703 0.000702 0.000700 0.000695 0.000686 0.000669 0.000639 0.000592 0.000523 0.000426 0.000303 0.000158 0.000000 
50.000000 39.461966 29.658097 21.169436 14.323893 9.176725 5.563415 3.191494 1.732991 0.891342 0.434668 0.201225 0.088583 0.037178 0.014949 0.005824 0.002262 0.000938 0.000468 0.000308 0.000257 0.000240 0.000236 0.000234 0.000234 0.000234 0.000234 0.000234 0.000234 0.000234 0.000234 0.000234 0.000234 0.000234 0.000234 0.000234 0.000234 0.000234 0.000233 0.000232 0.000231 0.000228 0.000222 0.000212 0.000196 0.000173 0.000141 0.000100 0.000052 0.000000 
50.000000 39.461932 29.658032 21.169344 14.323779 9.176595 5.563273 3.191345 1.732837 0.891185 0.434510 0.201067 0.088424 0.037019 0.014790 0.005665 0.002103 0.000778 0.000308 0.000149 0.000097 0.000081 0.000076 0.000075 0.000075 0.000075 0.000074 0.000074 0.000074 0.000074 0.000074 0.000074 0.000074 0.000074 0.000074 0.000074 0.000074 0.000074 0.000074 0.000074 0.000073 0.000072 0.000071 0.000067 0.000062 0.000055 0.000045 0.000032 0.000017 0.000000 
50.000000 39.461921 29.658011 21.169314 14.323742 9.176552 5.563227 3.191296 1.732787 0.891134 0.434459 0.201015 0.088372 0.036967 0.014738 0.005613 0.002051 0.000727 0.000257 0.000097 0.000046 0.000029 0.000025 0.000023 0.000023 0.000023 0.000023 0.000023 0.000023 0.000023 0.000023 0.000023 0.000023 0.000023 0.000023 0.000023 0.000023 0.000023 0.000023 0.000023 0.000022 0.000022 0.000022 0.000021 0.000019 0.000017 0.000014 0.000010 0.000005 0.000000 
50.000000 39.461918 29.658004 21.169305 14.323730 9.176539 5.563213 3.191281 1.732771 0.891119 0.434443 0.200999 0.088356 0.036951 0.014722 0.005597 0.002035 0.000710 0.000240 0.000081 0.000029 0.000013 0.000009 0.000007 0.000007 0.000007 0.000007 0.000007 0.000007 0.000007 0.000007 0.000007 0.000007 0.000007 0.000007 0.000007 0.000007 0.000007 0.000007 0.000007 0.000007 0.000007 0.000006 0.000006 0.000006 0.000005 0.000004 0.000003 0.000001 0.000000 
50.000000 39.461916 29.658002 21.169302 14.323727 9.176535 5.563209 3.191277 1.732767 0.891114 0.434438 0.200994 0.088352 0.036946 0.014717 0.005592 0.002030 0.000706 0.000236 0.000076 0.000025 0.000009 0.000004 0.000002 0.000002 0.000002 0.000002 0.000002 0.000002 0.000002 0.000002 0.000002 0.000002 0.000002 0.000002 0.000002 0.000002 0.000002 0.000002 0.000002 0.000002 0.000002 0.000002 0.000002 0.000002 0.000001 0.000001 0.000001 0.000000 0.000000 
50.000000 39.461916 29.658001 21.169301 14.323726 9.176534 5.563207 3.191275 1.732765 0.891112 0.434437 0.200993 0.088350 0.036945 0.014716 0.005591 0.002029 0.000704 0.000234 0.000075 0.000023 0.000007 0.000002 0.000001 0.000001 0.000001 0.000001 0.000001 0.000001 0.000001 0.000001 0.000001 0.000001 0.000001 0.000001 0.000001 0.000001 0.000001 0.000001 0.000001 0.000001 0.000001 0.000000 0.000000 0.000000 0.000000 0.000000 0.000000 0.000000 0.000000 
50.000000 39.461916 29.658001 21.169301 14.323725 9.176534 5.563207 3.191275 1.732765 0.891112 0.434436 0.200993 0.088350 0.036944 0.014715 0.005591 0.002029 0.000704 0.000234 0.000075 0.000023 0.000007 0.000002 0.000001 0.000000 0.000000 0.000000 0.000000 0.000000 0.000000 0.000000 0.000000 0.000000 0.000000 0.000000 0.000000 0.000000 0.000000 0.000000 0.000000 0.000000 0.000000 0.000000 0.000000 0.000000 0.000000 0.000000 0.000000 0.000000 0.000000 
50.000000 39.461916 29.658001 21.169301 14.323725 9.176534 5.563207 3.191275 1.732765 0.891112 0.434436 0.200993 0.088350 0.036944 0.014715 0.005591 0.002029 0.000704 0.000234 0.000075 0.000023 0.000007 0.000002 0.000001 0.000000 0.000000 0.000000 0.000000 0.000000 0.000000 0.000000 0.000000 0.000000 0.000000 0.000000 0.000000 0.000000 0.000000 0.000000 0.000000 0.000000 0.000000 0.000000 0.000000 0.000000 0.000000 0.000000 0.000000 0.000000 0.000000 
50.000000 39.461916 29.658001 21.169301 14.323726 9.176534 5.563207 3.191275 1.732765 0.891112 0.434437 0.200993 0.088350 0.036945 0.014716 0.005591 0.002029 0.000704 0.000234 0.000075 0.000023 0.000007 0.000002 0.000001 0.000001 0.000001 0.000001 0.000001 0.000001 0.000001 0.000001 0.000001 0.000001 0.000001 0.000001 0.000001 0.000001 0.000001 0.000001 0.000001 0.000001 0.000001 0.000000 0.000000 0.000000 0.000000 0.000000 0.000000 0.000000 0.000000 
50.000000 39.461916 29.658002 21.169302 14.323727 9.176535 5.563209 3.191277 1.732767 0.891114 0.434438 0.200994 0.088352 0.036946 0.014717 0.005592 0.002030 0.000706 0.000236 0.000076 0.000025 0.000009 0.000004 0.000002 0.000002 0.000002 0.000002 0.000002 0.000002 0.000002 0.000002 0.000002 0.000002 0.000002 0.000002 0.000002 0.000002 0.000002 0.000002 0.000002 0.000002 0.000002 0.000002 0.000002 0.000002 0.000001 0.000001 0.000001 0.000000 0.000000 
50.000000 39.461918 29.658004 21.169305 14.323730 9.176539 5.563213 3.191281 1.732771 0.891119 0.434443 0.200999 0.088356 0.036951 0.014722 0.005597 0.002035 0.000710 0.000240 0.000081 0.000029 0.000013 0.000009 0.000007 0.000007 0.000007 0.000007 0.000007 0.000007 0.000007 0.000007 0.000007 0.000007 0.000007 0.000007 0.000007 0.000007 0.000007 0.000007 0.000007 0.000007 0.000007 0.000006 0.000006 0.000006 0.000005 0.000004 0.000003 0.000001 0.000000 
50.000000 39.461921 29.658011 21.169314 14.323742 9.176552 5.563227 3.191296 1.732787 0.891134 0.434459 0.201015 0.088372 0.036967 0.014738 0.005613 0.002051 0.000727 0.000257 0.000097 0.000046 0.000029 0.000025 0.000023 0.000023 0.000023 0.000023 0.000023 0.000023 0.000023 0.000023 0.000023 0.000023 0.000023 0.000023 0.000023 0.000023 0.000023 0.000023 0.000023 0.000022 0.000022 0.000022 0.000021 0.000019 0.000017 0.000014 0.000010 0.000005 0.000000 
50.000000 39.461932 29.658032 21.169344 14.323779 9.176595 5.563273 3.191345 1.732837 0.891185 0.434510 0.201067 0.088424 0.037019 0.014790 0.005665 0.002103 0.000778 0.000308 0.000149 0.000097 0.000081 0.000076 0.000075 0.000075 0.000075 0.000074 0.000074 0.000074 0.000074 0.000074 0.000074 0.000074 0.000074 0.000074 0.000074 0.000074 0.000074 0.000074 0.000074 0.000073 0.000072 0.000071 0.000067 0.000062 0.000055 0.000045 0.000032 0.000017 0.000000 
50.000000 39.461966 29.658097 21.169436 14.323893 9.176725 5.563415 3.191494 1.732991 0.891342 0.434668 0.201225 0.088583 0.037178 0.014949 0.005824 0.002262 0.000938 0.000468 0.000308 0.000257 0.000240 0.000236 0.000234 0.000234 0.000234 0.000234 0.000234 0.000234 0.000234 0.000234 0.000234 0.000234 0.000234 0.000234 0.000234 0.000234 0.000234 0.000233 0.000232 0.000231 0.000228 0.000222 0.000212 0.000196 0.000173 0.000141 0.000100 0.000052 0.000000 
50.000000 39.462065 29.658289 21.169708 14.324230 9.177110 5.563834 3.191935 1.733445 0.891804 0.435134 0.201694 0.089052 0.037648 0.015419 0.006294 0.002732 0.001408 0.000938 0.000778 0.000727 0.000710 0.000706 0.000704 0.000704 0.000704 0.000704 0.000704 0.000704 0.000704 0.000704 0.000704 0.000704 0.000704 0.000704 0.000704 0.000703 0.000703 0.000702 0.000700 0.000695 0.000686 0.000669 0.000639 0.000592 0.000523 0.000426 0.000303 0.000158 0.000000 
50.000000 39.462346 29.658831 21.170475 14.325178 9.178195 5.565013 3.193177 1.734725 0.893105 0.436448 0.203013 0.090375 0.038971 0.016743 0.007619 0.004057 0.002732 0.002262 0.002103 0.002051 0.002035 0.002030 0.002029 0.002028 0.002028 0.002028 0.002028 0.002028 0.002028 0.002028 0.002028 0.002028 0.002028 0.002028 0.002028 0.002028 0.002026 0.002023 0.002017 0.002003 0.001977 0.001928 0.001845 0.001711 0.001510 0.001233 0.000877 0.000457 0.000000 
50.000000 39.463100 29.660286 21.172537 14.327727 9.181110 5.568185 3.196516 1.738166 0.896606 0.439980 0.206561 0.093931 0.042531 0.020304 0.011180 0.007619 0.006294 0.005824 0.005665 0.005613 0.005597 0.005592 0.005591 0.005591 0.005590 0.005590 0.005590 0.005590 0.005590 0.005590 0.005590 0.005590 0.005590 0.005590 0.005590 0.005588 0.005585 0.005577 0.005560 0.005523 0.005452 0.005321 0.005093 0.004726 0.004176 0.003412 0.002429 0.001266 0.000000 
50.000000 39.465031 29.664012 21.177816 14.334256 9.188576 5.576308 3.205068 1.746982 0.905572 0.449028 0.215651 0.103040 0.051649 0.029426 0.020304 0.016743 0.015419 0.014949 0.014790 0.014738 0.014722 0.014717 0.014716 0.014715 0.014715 0.014715 0.014715 0.014715 0.014715 0.014715 0.014715 0.014715 0.014715 0.014715 0.014713 0.014710 0.014701 0.014681 0.014637 0.014544 0.014361 0.014022 0.013432 0.012476 0.011037 0.009026 0.006434 0.003356 0.000000 
50.000000 39.469733 29.673086 21.190671 14.350156 9.206760 5.596091 3.225898 1.768454 0.927413 0.471068 0.237793 0.125231 0.073862 0.051649 0.042531 0.038971 0.037648 0.037178 0.037019 0.036967 0.036951 0.036946 0.036945 0.036944 0.036944 0.036944 0.036944 0.036944 0.036944 0.036944 0.036944 0.036944 0.036944 0.036943 0.036939 0.036931 0.036911 0.036863 0.036756 0.036531 0.036084 0.035251 0.033797 0.031428 0.027838 0.022798 0.016270 0.008494 0.000000 
50.000000 39.480600 29.694059 21.220386 14.386911 9.248800 5.641833 3.274064 1.818106 0.977920 0.522037 0.288997 0.176549 0.125231 0.103040 0.093931 0.090375 0.089052 0.088583 0.088424 0.088372 0.088356 0.088352 0.088350 0.088350 0.088350 0.088350 0.088350 0.088350 0.088350 0.088350 0.088350 0.088349 0.088348 0.088346 0.088339 0.088320 0.088274 0.088165 0.087921 0.087404 0.086373 0.084437 0.081036 0.075457 0.066944 0.054919 0.039254 0.020515 0.000000 
50.000000 39.504402 29.739997 21.285475 14.467427 9.340898 5.742046 3.379593 1.926896 1.088587 0.633720 0.401197 0.288997 0.237793 0.215651 0.206561 0.203013 0.201694 0.201225 0.201067 0.201015 0.200999 0.200994 0.200993 0.200993 0.200993 0.200993 0.200993 0.200993 0.200993 0.200992 0.200992 0.200992 0.200990 0.200984 0.200969 0.200930 0.200832 0.200599 0.200073 0.198953 0.196704 0.192453 0.184925 0.172475 0.153325 0.126054 0.090277 0.047248 0.000000 
50.000000 39.553709 29.835160 21.420319 14.634240 9.531718 5.949695 3.598269 2.152338 1.317926 0.865167 0.633720 0.522037 0.471068 0.449028 0.439980 0.436448 0.435134 0.434668 0.434510 0.434459 0.434443 0.434438 0.434437 0.434436 0.434436 0.434436 0.434436 0.434436 0.434436 0.434436 0.434436 0.434434 0.434431 0.434420 0.434390 0.434312 0.434116 0.433647 0.432584 0.430303 0.425687 0.416891 0.401172 0.374917 0.334122 0.275449 0.197779 0.103705 0.000000 
50.000000 39.650126 30.021254 21.684018 14.960476 9.904929 6.355841 4.026004 2.593328 1.766550 1.317926 1.088587 0.977920 0.927413 0.905572 0.896606 0.893105 0.891804 0.891342 0.891185 0.891134 0.891119 0.891114 0.891112 0.891112 0.891112 0.891112 0.891112 0.891112 0.891112 0.891112 0.891111 0.891109 0.891102 0.891082 0.891027 0.890882 0.890516 0.889634 0.887622 0.883275 0.874397 0.857315 0.826451 0.774289 0.692222 0.572695 0.412615 0.216904 0.000000 
50.000000 39.827754 30.364102 22.169864 15.561571 10.592614 7.104253 4.814236 3.406014 2.593328 2.152338 1.926896 1.818106 1.768454 1.746982 1.738166 1.734725 1.733445 1.732991 1.732837 1.732787 1.732771 1.732767 1.732765 1.732765 1.732765 1.732765 1.732765 1.732765 1.732765 1.732764 1.732763 1.732759 1.732748 1.732714 1.732620 1.732370 1.731733 1.730193 1.726651 1.718931 1.703007 1.672016 1.615293 1.518042 1.362639 1.132641 0.819837 0.432507 0.000000 
50.000000 40.135459 30.958032 23.011548 16.602965 11.784083 8.401002 6.180037 4.814236 4.026004 3.598269 3.379593 3.274064 3.225898 3.205068 3.196516 3.193177 3.191935 3.191494 3.191345 3.191296 3.191281 3.191277 3.191275 3.191275 3.191275 3.191275 3.191275 3.191275 3.191275 3.191274 3.191272 3.191266 3.191248 3.191195 3.191046 3.190647 3.189627 3.187141 3.181377 3.168690 3.142220 3.090019 2.992999 2.823733 2.547948 2.131230 1.552668 0.823364 0.000000 
50.000000 40.635711 31.923636 24.379997 18.296184 13.721401 10.509596 8.401002 7.104253 6.355841 5.949695 5.742046 5.641833 5.596091 5.576308 5.568185 5.565013 5.563834 5.563415 5.563273 5.563227 5.563213 5.563209 5.563207 5.563207 5.563207 5.563207 5.563207 5.563207 5.563207 5.563206 5.563203 5.563195 5.563168 5.563092 5.562876 5.562294 5.560797 5.557121 5.548523 5.529390 5.488960 5.408002 5.254798 4.981791 4.526016 3.818429 2.807914 1.500829 0.000000 
50.000000 41.397565 33.394225 26.464169 20.875085 16.672205 13.721401 11.784083 10.592614 9.904929 9.531718 9.340898 9.248800 9.206760 9.188576 9.181110 9.178195 9.177110 9.176725 9.176595 9.176552 9.176539 9.176535 9.176534 9.176534 9.176534 9.176534 9.176534 9.176534 9.176533 9.176532 9.176529 9.176518 9.176484 9.176384 9.176100 9.175332 9.173344 9.168423 9.156801 9.130640 9.074571 8.960350 8.739610 8.336102 7.641580 6.524279 4.864715 2.633639 0.000000 
50.000000 42.482566 35.488613 29.432493 24.548132 20.875085 18.296184 16.602965 15.561571 14.960476 14.634240 14.467427 14.386911 14.350156 14.334256 14.327727 14.325178 14.324230 14.323893 14.323779 14.323742 14.323730 14.323727 14.323726 14.323725 14.323725 14.323725 14.323725 14.323725 14.323725 14.323724 14.323720 14.323707 14.323668 14.323551 14.323220 14.322318 14.319967 14.314102 14.300118 14.268254 14.198933 14.055017 13.770167 13.233506 12.274066 10.656545 8.116827 4.492160 0.000000 
50.000000 43.925294 38.273565 33.379620 29.432493 26.464169 24.379997 23.011548 22.169864 21.684018 21.420319 21.285475 21.220386 21.190671 21.177816 21.172537 21.170475 21.169708 21.169436 21.169344 21.169314 21.169305 21.169302 21.169301 21.169301 21.169301 21.169301 21.169301 21.169301 21.169300 21.169299 21.169295 21.169282 21.169243 21.169125 21.168790 21.167872 21.165467 21.159421 21.144870 21.111323 21.037223 20.880318 20.561567 19.939890 18.775948 16.689810 13.144451 7.575902 0.000000 
50.000000 45.714047 41.726500 38.273565 35.488613 33.394225 31.923636 30.958032 30.364102 30.021254 29.835160 29.739997 29.694059 29.673086 29.664012 29.660286 29.658831 29.658289 29.658097 29.658032 29.658011 29.658004 29.658002 29.658001 29.658001 29.658001 29.658001 29.658001 29.658001 29.658001 29.658000 29.657997 29.657986 29.657954 29.657856 29.657579 29.656816 29.654804 29.649719 29.637381 29.608639 29.544264 29.405364 29.115722 28.529510 27.371786 25.129113 20.863250 13.013021 0.000000 
50.000000 47.779736 45.714047 43.925294 42.482566 41.397565 40.635711 40.135459 39.827754 39.650126 39.553709 39.504402 39.480600 39.469733 39.465031 39.463100 39.462346 39.462065 39.461966 39.461932 39.461921 39.461918 39.461916 39.461916 39.461916 39.461916 39.461916 39.461916 39.461916 39.461916 39.461915 39.461913 39.461908 39.461889 39.461834 39.461675 39.461239 39.460085 39.457154 39.450004 39.433222 39.395247 39.312095 39.134882 38.763926 37.990406 36.349392 32.701026 23.889868 0.000000 
50.000000 50.000000 50.000000 50.000000 50.000000 50.000000 50.000000 50.000000 50.000000 50.000000 50.000000 50.000000 50.000000 50.000000 50.000000 50.000000 50.000000 50.000000 50.000000 50.000000 50.000000 50.000000 50.000000 50.000000 50.000000 50.000000 50.000000 50.000000 50.000000 50.000000 50.000000 50.000000 50.000000 50.000000 50.000000 50.000000 50.000000 50.000000 50.000000 50.000000 50.000000 50.000000 50.000000 50.000000 50.000000 50.000000 50.000000 50.000000 50.000000 50.000000 
