50.000000 50.000000 50.000000 50.000000 50.000000 50.000000 50.000000 50.000000 50.000000 50.000000 50.000000 50.000000 50.000000 50.000000 50.000000 50.000000 50.000000 50.000000 50.000000 50.000000 50.000000 50.000000 50.000000 50.000000 50.000000 50.000000 50.000000 50.000000 50.000000 50.000000 50.000000 50.000000 50.000000 50.000000 50.000000 50.000000 50.000000 50.000000 50.000000 50.000000 50.000000 50.000000 50.000000 50.000000 50.000000 50.000000 50.000000 50.000000 50.000000 50.000000 
50.000000 48.961569 47.956990 47.016806 46.165483 45.419595 44.787165 44.268147 43.855790 43.538554 43.302168 43.131514 43.012118 42.931136 42.877869 42.843878 42.822829 42.810173 42.802784 42.798591 42.796279 42.795039 42.794392 42.794063 42.793899 42.793816 42.793769 42.793730 42.793675 42.793573 42.793368 42.792962 42.792167 42.790648 42.787804 42.782591 42.773225 42.756712 42.728105 42.679305 42.597110 42.459904 42.231727 41.850861 41.205843 40.079767 38.006201 33.852669 24.480785 0.000000 
50.000000 47.956990 45.980581 44.130864 42.455974 40.988517 39.744280 38.723171 37.911908 37.287785 36.822725 36.486988 36.252094 36.092773 35.987978 35.921108 35.879697 35.854800 35.840262 35.832014 35.827466 35.825027 35.823754 35.823106 35.822783 35.822621 35.822530 35.822455 35.822351 35.822157 35.821772 35.821006 35.819513 35.816660 35.811330 35.801578 35.784098 35.753377 35.700364 35.610395 35.459907 35.211105 34.803020 34.135826 33.042069 31.232029 28.189621 22.990290 14.104321 0.000000 
50.000000 47.016806 44.130864 41.429920 38.984261 36.841499 35.024687 33.533685 32.349101 31.437779 30.758718 30.268491 29.925512 29.692883 29.539870 29.442231 29.381767 29.345416 29.324189 29.312147 29.305506 29.301945 29.300086 29.299141 29.298670 29.298434 29.298303 29.298198 29.298054 29.297790 29.297266 29.296228 29.294206 29.290353 29.283171 29.270073 29.246685 29.205776 29.135606 29.017440 28.821781 28.502665 27.988914 27.170645 25.878639 23.854458 20.714960 15.941243 9.010605 0.000000 
50.000000 46.165483 42.455974 38.984261 35.840693 33.086465 30.751210 28.834747 27.312147 26.140790 25.267973 24.637875 24.197040 23.898042 23.701376 23.575884 23.498172 23.451451 23.424170 23.408693 23.400158 23.395581 23.393193 23.391979 23.391374 23.391072 23.390906 23.390778 23.390608 23.390300 23.389691 23.388488 23.386150 23.381709 23.373458 23.358471 23.331843 23.285545 23.206726 23.075239 22.860130 22.514714 21.969872 21.125318 19.839369 17.920346 15.129804 11.223945 6.085717 0.000000 
50.000000 45.419595 40.988517 36.841499 33.086465 29.796517 27.007047 24.717837 22.899107 21.499943 20.457388 19.704760 19.178204 18.821071 18.586168 18.436278 18.343459 18.287657 18.255074 18.236589 18.226395 18.220929 18.218077 18.216627 18.215905 18.215547 18.215353 18.215209 18.215027 18.214701 18.214063 18.212805 18.210370 18.205758 18.197224 18.181796 18.154539 18.107474 18.028014 17.896822 17.684928 17.350101 16.832570 16.050698 14.898258 13.247096 10.962860 7.946448 4.213752 0.000000 
50.000000 44.787165 39.744280 35.024687 30.751210 27.007047 23.832474 21.227241 19.157452 17.565158 16.378707 15.522208 14.922987 14.516574 14.249261 14.078693 13.973070 13.909571 13.872494 13.851460 13.839862 13.833642 13.830397 13.828747 13.827927 13.827522 13.827306 13.827154 13.826971 13.826653 13.826034 13.824819 13.822474 13.818052 13.809904 13.795250 13.769520 13.725413 13.651599 13.531008 13.338720 13.039579 12.585923 11.916237 10.956349 9.625893 7.854042 5.608454 2.936304 0.000000 
50.000000 44.268147 38.723171 33.533685 28.834747 24.717837 21.227241 18.362679 16.086877 14.336110 13.031590 12.089866 11.431028 10.984185 10.690284 10.502753 10.386628 10.316815 10.276053 10.252929 10.240178 10.233340 10.229773 10.227961 10.227060 10.226617 10.226386 10.226231 10.226057 10.225765 10.225202 10.224102 10.221988 10.218018 10.210736 10.197712 10.174986 10.136318 10.072172 9.968457 9.805101 9.554653 9.181340 8.641318 7.885267 6.864875 5.544771 3.920150 2.036420 0.000000 
50.000000 43.855790 37.911908 32.349101 27.312147 22.899107 19.157452 16.086877 13.647421 11.770771 10.372466 9.363050 8.656862 8.177910 7.862894 7.661893 7.537428 7.462603 7.418915 7.394131 7.380465 7.373137 7.369315 7.367372 7.366409 7.365936 7.365695 7.365542 7.365383 7.365128 7.364644 7.363703 7.361903 7.358536 7.352392 7.341460 7.322507 7.290494 7.237838 7.153540 7.022284 6.823710 6.532224 6.117873 5.549006 4.797434 3.846436 2.700802 1.395886 0.000000 
50.000000 43.538554 37.287785 31.437779 26.140790 21.499943 17.565158 14.336110 11.770771 9.797295 8.326858 7.265380 6.522778 6.019134 5.687881 5.476523 5.345647 5.266969 5.221031 5.194972 5.180603 5.172898 5.168879 5.166838 5.165826 5.165331 5.165083 5.164935 5.164795 5.164582 5.164185 5.163421 5.161965 5.159252 5.154325 5.145608 5.130588 5.105396 5.064293 4.999097 4.898648 4.748487 4.531009 4.226438 3.815015 3.280660 2.615997 1.827878 0.941444 0.000000 
50.000000 43.302168 36.822725 30.758718 25.267973 20.457388 16.378707 13.031590 10.372466 8.326858 6.802687 5.702429 4.932703 4.410669 4.067325 3.848254 3.712603 3.631056 3.583445 3.556436 3.541543 3.533558 3.529393 3.527278 3.526230 3.525720 3.525468 3.525325 3.525204 3.525033 3.524723 3.524129 3.523005 3.520920 3.517150 3.510515 3.499150 3.480217 3.449560 3.401343 3.327761 3.218926 3.063133 2.847698 2.560566 2.192734 1.741278 1.212330 0.622863 0.000000 
50.000000 43.131514 36.486988 30.268491 24.637875 19.704760 15.522208 12.089866 9.363050 7.265380 5.702429 4.574185 3.784887 3.249584 2.897515 2.672881 2.533786 2.450170 2.401350 2.373657 2.358387 2.350200 2.345929 2.343761 2.342687 2.342166 2.341913 2.341776 2.341672 2.341538 2.341305 2.340864 2.340033 2.338498 2.335736 2.330899 2.322661 2.309023 2.287092 2.252869 2.201087 2.125212 2.017694 1.870608 1.676746 1.431149 1.132885 0.786625 0.403409 0.000000 
50.000000 43.012118 36.252094 29.925512 24.197040 19.178204 14.922987 11.431028 8.656862 6.522778 4.932703 3.784887 2.981902 2.437320 2.079153 1.850628 1.709126 1.624063 1.574400 1.546228 1.530694 1.522366 1.518022 1.515816 1.514725 1.514197 1.513942 1.513811 1.513722 1.513619 1.513450 1.513135 1.512545 1.511460 1.509517 1.506131 1.500394 1.490951 1.475864 1.452485 1.417382 1.366368 1.294710 1.197574 1.070731 0.911494 0.719736 0.498717 0.255406 0.000000 
50.000000 42.931136 36.092773 29.692883 23.898042 18.821071 14.516574 10.984185 8.177910 6.019134 4.410669 3.249584 2.437320 1.886450 1.524148 1.292987 1.149853 1.063810 1.013575 0.985079 0.969367 0.960943 0.956549 0.954319 0.953216 0.952682 0.952428 0.952301 0.952223 0.952146 0.952027 0.951810 0.951407 0.950669 0.949354 0.947072 0.943225 0.936927 0.926923 0.911519 0.888546 0.855403 0.809199 0.747054 0.666531 0.566199 0.446198 0.308675 0.157911 0.000000 
50.000000 42.877869 35.987978 29.539870 23.701376 18.586168 14.249261 10.690284 7.862894 5.687881 4.067325 2.897516 2.079153 1.524148 1.159128 0.926235 0.782029 0.695343 0.644732 0.616023 0.600194 0.591707 0.587280 0.585033 0.583922 0.583386 0.583132 0.583008 0.582939 0.582881 0.582798 0.582654 0.582389 0.581905 0.581047 0.579564 0.577076 0.573022 0.566616 0.556810 0.542273 0.521434 0.492572 0.454010 0.404372 0.342905 0.269797 0.186401 0.095277 0.000000 
50.000000 42.843878 35.921108 29.442232 23.575884 18.436279 14.078693 10.502753 7.661893 5.476523 3.848254 2.672881 1.850628 1.292987 0.926235 0.692237 0.547348 0.460251 0.409401 0.380556 0.364652 0.356125 0.351678 0.349421 0.348305 0.347767 0.347513 0.347392 0.347329 0.347283 0.347227 0.347134 0.346965 0.346660 0.346119 0.345188 0.343633 0.341111 0.337145 0.331104 0.322198 0.309501 0.292017 0.268789 0.239055 0.202426 0.159060 0.109778 0.056074 0.000000 
50.000000 42.822829 35.879697 29.381768 23.498172 18.343460 13.973070 10.386628 7.537428 5.345647 3.712604 2.533786 1.709126 1.149854 0.782030 0.547348 0.402037 0.314686 0.263688 0.234759 0.218809 0.210258 0.205798 0.203534 0.202415 0.201876 0.201622 0.201503 0.201444 0.201407 0.201369 0.201310 0.201206 0.201019 0.200690 0.200125 0.199185 0.197666 0.195289 0.191684 0.186395 0.178892 0.168611 0.155019 0.137702 0.116463 0.091415 0.063037 0.032181 0.000000 
50.000000 42.810173 35.854800 29.345416 23.451451 18.287657 13.909572 10.316816 7.462604 5.266969 3.631057 2.450170 1.624064 1.063811 0.695344 0.460252 0.314687 0.227183 0.176096 0.147117 0.131139 0.122573 0.118105 0.115838 0.114717 0.114177 0.113923 0.113806 0.113750 0.113719 0.113692 0.113656 0.113593 0.113482 0.113288 0.112956 0.112406 0.111520 0.110139 0.108053 0.105006 0.100701 0.094829 0.087098 0.077288 0.065302 0.051211 0.035288 0.018006 0.000000 
50.000000 42.802784 35.840263 29.324190 23.424172 18.255075 13.872496 10.276056 7.418917 5.221034 3.583447 2.401353 1.574402 1.013578 0.644734 0.409403 0.263690 0.176098 0.124959 0.095951 0.079957 0.071382 0.066910 0.064640 0.063518 0.062978 0.062724 0.062607 0.062553 0.062526 0.062506 0.062483 0.062447 0.062383 0.062272 0.062083 0.061771 0.061270 0.060491 0.059320 0.057615 0.055216 0.051956 0.047679 0.042272 0.035686 0.027964 0.019258 0.009823 0.000000 
50.000000 42.798592 35.832016 29.312150 23.408697 18.236593 13.851465 10.252934 7.394137 5.194978 3.556442 2.373663 1.546234 0.985085 0.616029 0.380563 0.234766 0.147123 0.095955 0.066930 0.050927 0.042347 0.037872 0.035601 0.034478 0.033938 0.033685 0.033568 0.033515 0.033490 0.033475 0.033460 0.033439 0.033404 0.033342 0.033237 0.033065 0.032790 0.032364 0.031725 0.030799 0.029499 0.027738 0.025436 0.022534 0.019009 0.014886 0.010247 0.005225 0.000000 
50.000000 42.796281 35.827471 29.305513 23.400167 18.226406 13.839873 10.240191 7.380479 5.180618 3.541558 2.358402 1.530710 0.969383 0.600209 0.364668 0.218825 0.131154 0.079970 0.050936 0.034928 0.026345 0.021869 0.019597 0.018475 0.017934 0.017681 0.017564 0.017512 0.017488 0.017476 0.017466 0.017454 0.017434 0.017401 0.017345 0.017253 0.017106 0.016879 0.016541 0.016050 0.015365 0.014439 0.013233 0.011715 0.009876 0.007730 0.005318 0.002711 0.000000 
50.000000 42.795045 35.825038 29.301961 23.395603 18.220954 13.833671 10.233372 7.373171 5.172933 3.533595 2.350237 1.522403 0.960981 0.591745 0.356164 0.210296 0.122611 0.071418 0.042379 0.026368 0.017784 0.013307 0.011035 0.009912 0.009371 0.009118 0.009002 0.008950 0.008927 0.008915 0.008908 0.008901 0.008891 0.008873 0.008844 0.008796 0.008719 0.008602 0.008427 0.008174 0.007821 0.007346 0.006728 0.005953 0.005016 0.003924 0.002699 0.001375 0.000000 
50.000000 42.794406 35.823781 29.300125 23.393243 18.218136 13.830464 10.229847 7.369393 5.168961 3.529478 2.346016 1.518110 0.956638 0.587370 0.351768 0.205887 0.118194 0.066997 0.037956 0.021943 0.013359 0.008881 0.006609 0.005486 0.004945 0.004692 0.004576 0.004524 0.004501 0.004491 0.004485 0.004481 0.004475 0.004466 0.004451 0.004426 0.004387 0.004327 0.004237 0.004109 0.003930 0.003689 0.003377 0.002987 0.002515 0.001967 0.001352 0.000689 0.000000 
50.000000 42.794094 35.823168 29.299231 23.392093 18.216763 13.828901 10.228129 7.367552 5.167026 3.527472 2.343959 1.516018 0.954522 0.585238 0.349626 0.203739 0.116042 0.064843 0.035800 0.019787 0.011202 0.006725 0.004452 0.003329 0.002789 0.002535 0.002419 0.002367 0.002345 0.002335 0.002330 0.002327 0.002324 0.002319 0.002310 0.002297 0.002277 0.002245 0.002198 0.002130 0.002037 0.001911 0.001749 0.001546 0.001301 0.001017 0.000699 0.000356 0.000000 
50.000000 42.793969 35.822921 29.298870 23.391629 18.216209 13.828271 10.227436 7.366810 5.166245 3.526663 2.343130 1.515174 0.953669 0.584378 0.348762 0.202873 0.115175 0.063974 0.034931 0.018918 0.010333 0.005855 0.003583 0.002460 0.001919 0.001666 0.001550 0.001498 0.001475 0.001466 0.001461 0.001458 0.001456 0.001453 0.001448 0.001439 0.001426 0.001406 0.001376 0.001334 0.001275 0.001196 0.001094 0.000966 0.000813 0.000635 0.000437 0.000222 0.000000 
50.000000 42.793969 35.822921 29.298870 23.391629 18.216209 13.828271 10.227436 7.366810 5.166245 3.526663 2.343130 1.515174 0.953669 0.584378 0.348762 0.202873 0.115175 0.063974 0.034931 0.018918 0.010333 0.005855 0.003583 0.002460 0.001919 0.001666 0.001550 0.001498 0.001475 0.001466 0.001461 0.001458 0.001456 0.001453 0.001448 0.001439 0.001426 0.001406 0.001376 0.001334 0.001275 0.001196 0.001094 0.000966 0.000813 0.000635 0.000437 0.000222 0.000000 
50.000000 42.794094 35.823168 29.299231 23.392093 18.216763 13.828901 10.228129 7.367552 5.167026 3.527472 2.343959 1.516018 0.954522 0.585238 0.349626 0.203739 0.116042 0.064843 0.035800 0.019787 0.011202 0.006725 0.004452 0.003329 0.002789 0.002535 0.002419 0.002367 0.002345 0.002335 0.002330 0.002327 0.002324 0.002319 0.002310 0.002297 0.002277 0.002245 0.002198 0.002130 0.002037 0.001911 0.001749 0.001546 0.001301 0.001017 0.000699 0.000356 0.000000 
50.000000 42.794406 35.823781 29.300125 23.393243 18.218136 13.830464 10.229847 7.369393 5.168961 3.529478 2.346016 1.518110 0.956638 0.587370 0.351768 0.205887 0.118194 0.066997 0.037956 0.021943 0.013359 0.008881 0.006609 0.005486 0.004945 0.004692 0.004576 0.004524 0.004501 0.004491 0.004485 0.004481 0.004475 0.004466 0.004451 0.004426 0.004387 0.004327 0.004237 0.004109 0.003930 0.003689 0.003377 0.002987 0.002515 0.001967 0.001352 0.000689 0.000000 
50.000000 42.795045 35.825038 29.301961 23.395603 18.220954 13.833671 10.233372 7.373171 5.172933 3.533595 2.350237 1.522403 0.960981 0.591745 0.356164 0.210296 0.122611 0.071418 0.042379 0.026368 0.017784 0.013307 0.011035 0.009912 0.009371 0.009118 0.009002 0.008950 0.008927 0.008915 0.008908 0.008901 0.008891 0.008873 0.008844 0.008796 0.008719 0.008602 0.008427 0.008174 0.007821 0.007346 0.006728 0.005953 0.005016 0.003924 0.002699 0.001375 0.000000 
50.000000 42.796281 35.827471 29.305513 23.400167 18.226406 13.839873 10.240191 7.380479 5.180618 3.541558 2.358402 1.530710 0.969383 0.600209 0.364668 0.218825 0.131154 0.079970 0.050936 0.034928 0.026345 0.021869 0.019597 0.018475 0.017934 0.017681 0.017564 0.017512 0.017488 0.017476 0.017466 0.017454 0.017434 0.017401 0.017345 0.017253 0.017106 0.016879 0.016541 0.016050 0.015365 0.014439 0.013233 0.011715 0.009876 0.007730 0.005318 0.002711 0.000000 
50.000000 42.798592 35.832016 29.312150 23.408697 18.236593 13.851465 10.252934 7.394137 5.194978 3.556442 2.373663 1.546234 0.985085 0.616029 0.380563 0.234766 0.147123 0.095955 0.066930 0.050927 0.042347 0.037872 0.035601 0.034478 0.033938 0.033685 0.033568 0.033515 0.033490 0.033475 0.033460 0.033439 0.033404 0.033342 0.033237 0.033065 0.032790 0.032364 0.031725 0.030799 0.029499 0.027738 0.025436 0.022534 0.019009 0.014886 0.010247 0.005225 0.000000 
50.000000 42.802784 35.840263 29.324190 23.424172 18.255075 13.872496 10.276056 7.418917 5.221034 3.583447 2.401353 1.574402 1.013578 0.644734 0.409403 0.263690 0.176098 0.124959 0.095951 0.079957 0.071382 0.066910 0.064640 0.063518 0.062978 0.062724 0.062607 0.062553 0.062526 0.062506 0.062483 0.062447 0.062383 0.062272 0.062083 0.061771 0.061270 0.060491 0.059320 0.057615 0.055216 0.051956 0.047679 0.042272 0.035686 0.027964 0.019258 0.009823 0.000000 
50.000000 42.810173 35.854800 29.345416 23.451451 18.287657 13.909572 10.316816 7.462604 5.266969 3.631057 2.450170 1.624064 1.063811 0.695344 0.460252 0.314687 0.227183 0.176096 0.147117 0.131139 0.122573 0.118105 0.115838 0.114717 0.114177 0.113923 0.113806 0.113750 0.113719 0.113692 0.113656 0.113593 0.113482 0.113288 0.112956 0.112406 0.111520 0.110139 0.108053 0.105006 0.100701 0.094829 0.087098 0.077288 0.065302 0.051211 0.035288 0.018006 0.000000 
50.000000 42.822829 35.879697 29.381768 23.498172 18.343460 13.973070 10.386628 7.537428 5.345647 3.712604 2.533786 1.709126 1.149854 0.782030 0.547348 0.402037 0.314686 0.263688 0.234759 0.218809 0.210258 0.205798 0.203534 0.202415 0.201876 0.201622 0.201503 0.201444 0.201407 0.201369 0.201310 0.201206 0.201019 0.200690 0.200125 0.199185 0.197666 0.195289 0.191684 0.186395 0.178892 0.168611 0.155019 0.137702 0.116463 0.091415 0.063037 0.032181 0.000000 
50.000000 42.843878 35.921108 29.442232 23.575884 18.436279 14.078693 10.502753 7.661893 5.476523 3.848254 2.672881 1.850628 1.292987 0.926235 0.692237 0.547348 0.460251 0.409401 0.380556 0.364652 0.356125 0.351678 0.349421 0.348305 0.347767 0.347513 0.347392 0.347329 0.347283 0.347227 0.347134 0.346965 0.346660 0.346119 0.345188 0.343633 0.341111 0.337145 0.331104 0.322198 0.309501 0.292017 0.268789 0.239055 0.202426 0.159060 0.109778 0.056074 0.000000 
50.000000 42.877869 35.987978 29.539870 23.701376 18.586168 14.249261 10.690284 7.862894 5.687881 4.067325 2.897516 2.079153 1.524148 1.159128 0.926235 0.782029 0.695343 0.644732 0.616023 0.600194 0.591707 0.587280 0.585033 0.583922 0.583386 0.583132 0.583008 0.582939 0.582881 0.582798 0.582654 0.582389 0.581905 0.581047 0.579564 0.577076 0.573022 0.566616 0.556810 0.542273 0.521434 0.492572 0.454010 0.404372 0.342905 0.269797 0.186401 0.095277 0.000000 
50.000000 42.931136 36.092773 29.692883 23.898042 18.821071 14.516574 10.984185 8.177910 6.019134 4.410669 3.249584 2.437320 1.886450 1.524148 1.292987 1.149853 1.063810 1.013575 0.985079 0.969367 0.960943 0.956549 0.954319 0.953216 0.952682 0.952428 0.952301 0.952223 0.952146 0.952027 0.951810 0.951407 0.950669 0.949354 0.947072 0.943225 0.936927 0.926923 0.911519 0.888546 0.855403 0.809199 0.747054 0.666531 0.566199 0.446198 0.308675 0.157911 0.000000 
50.000000 43.012118 36.252094 29.925512 24.197040 19.178204 14.922987 11.431028 8.656862 6.522778 4.932703 3.784887 2.981902 2.437320 2.079153 1.850628 1.709126 1.624063 1.574400 1.546228 1.530694 1.522366 1.518022 1.515816 1.514725 1.514197 1.513942 1.513811 1.513722 1.513619 1.513450 1.513135 1.512545 1.511460 1.509517 1.506131 1.500394 1.490951 1.475864 1.452485 1.417382 1.366368 1.294710 1.197574 1.070731 0.911494 0.719736 0.498717 0.255406 0.000000 
50.000000 43.131514 36.486988 30.268491 24.637875 19.704760 15.522208 12.089866 9.363050 7.265380 5.702429 4.574185 3.784887 3.249584 2.897515 2.672881 2.533786 2.450170 2.401350 2.373657 2.358387 2.350200 2.345929 2.343761 2.342687 2.342166 2.341913 2.341776 2.341672 2.341538 2.341305 2.340864 2.340033 2.338498 2.335736 2.330899 2.322661 2.309023 2.287092 2.252869 2.201087 2.125212 2.017694 1.870608 1.676746 1.431149 1.132885 0.786625 0.403409 0.000000 
50.000000 43.302168 36.822725 30.758718 25.267973 20.457388 16.378707 13.031590 10.372466 8.326858 6.802687 5.702429 4.932703 4.410669 4.067325 3.848254 3.712603 3.631056 3.583445 3.556436 3.541543 3.533558 3.529393 3.527278 3.526230 3.525720 3.525468 3.525325 3.525204 3.525033 3.524723 3.524129 3.523005 3.520920 3.517150 3.510515 3.499150 3.480217 3.449560 3.401343 3.327761 3.218926 3.063133 2.847698 2.560566 2.192734 1.741278 1.212330 0.622863 0.000000 
50.000000 43.538554 37.287785 31.437779 26.140790 21.499943 17.565158 14.336110 11.770771 9.797295 8.326858 7.265380 6.522778 6.019134 5.687881 5.476523 5.345647 5.266969 5.221031 5.194972 5.180603 5.172898 5.168879 5.166838 5.165826 5.165331 5.165083 5.164935 5.164795 5.164582 5.164185 5.163421 5.161965 5.159252 5.154325 5.145608 5.130588 5.105396 5.064293 4.999097 4.898648 4.748487 4.531009 4.226438 3.815015 3.280660 2.615997 1.827878 0.941444 0.000000 
50.000000 43.855790 37.911908 32.349101 27.312147 22.899107 19.157452 16.086877 13.647421 11.770771 10.372466 9.363050 8.656862 8.177910 7.862894 7.661893 7.537428 7.462603 7.418915 7.394131 7.380465 7.373137 7.369315 7.367372 7.366409 7.365936 7.365695 7.365542 7.365383 7.365128 7.364644 7.363703 7.361903 7.358536 7.352392 7.341460 7.322507 7.290494 7.237838 7.153540 7.022284 6.823710 6.532224 6.117873 5.549006 4.797434 3.846436 2.700802 1.395886 0.000000 
50.000000 44.268147 38.723171 33.533685 28.834747 24.717837 21.227241 18.362679 16.086877 14.336110 13.031590 12.089866 11.431028 10.984185 10.690284 10.502753 10.386628 10.316815 10.276053 10.252929 10.240178 10.233340 10.229773 10.227961 10.227060 10.226617 10.226386 10.226231 10.226057 10.225765 10.225202 10.224102 10.221988 10.218018 10.210736 10.197712 10.174986 10.136318 10.072172 9.968457 9.805101 9.554653 9.181340 8.641318 7.885267 6.864875 5.544771 3.920150 2.036420 0.000000 
50.000000 44.787165 39.744280 35.024687 30.751210 27.007047 23.832474 21.227241 19.157452 17.565158 16.378707 15.522208 14.922987 14.516574 14.249261 14.078693 13.973070 13.909571 13.872494 13.851460 13.839862 13.833642 13.830397 13.828747 13.827927 13.827522 13.827306 13.827154 13.826971 13.826653 13.826034 13.824819 13.822474 13.818052 13.809904 13.795250 13.769520 13.725413 13.651599 13.531008 13.338720 13.039579 12.585923 11.916237 10.956349 9.625893 7.854042 5.608454 2.936304 0.000000 
50.000000 45.419595 40.988517 36.841499 33.086465 29.796517 27.007047 24.717837 22.899107 21.499943 20.457388 19.704760 19.178204 18.821071 18.586168 18.436278 18.343459 18.287657 18.255074 18.236589 18.226395 18.220929 18.218077 18.216627 18.215905 18.215547 18.215353 18.215209 18.215027 18.214701 18.214063 18.212805 18.210370 18.205758 18.197224 18.181796 18.154539 18.107474 18.028014 17.896822 17.684928 17.350101 16.832570 16.050698 14.898258 13.247096 10.962860 7.946448 4.213752 0.000000 
50.000000 46.165483 42.455974 38.984261 35.840693 33.086465 30.751210 28.834747 27.312147 26.140790 25.267973 24.637875 24.197040 23.898042 23.701376 23.575884 23.498172 23.451451 23.424170 23.408693 23.400158 23.395581 23.393193 23.391979 23.391374 23.391072 23.390906 23.390778 23.390608 23.390300 23.389691 23.388488 23.386150 23.381709 23.373458 23.358471 23.331843 23.285545 23.206726 23.075239 22.860130 22.514714 21.969872 21.125318 19.839369 17.920346 15.129804 11.223945 6.085717 0.000000 
50.000000 47.016806 44.130864 41.429920 38.984261 36.841499 35.024687 33.533685 32.349101 31.437779 30.758718 30.268491 29.925512 29.692883 29.539870 29.442231 29.381767 29.345416 29.324189 29.312147 29.305506 29.301945 29.300086 29.299141 29.298670 29.298434 29.298303 29.298198 29.298054 29.297790 29.297266 29.296228 29.294206 29.290353 29.283171 29.270073 29.246685 29.205776 29.135606 29.017440 28.821781 28.502665 27.988914 27.170645 25.878639 23.854458 20.714960 15.941243 9.010605 0.000000 
50.000000 47.956990 45.980581 44.130864 42.455974 40.988517 39.744280 38.723171 37.911908 37.287785 36.822725 36.486988 36.252094 36.092773 35.987978 35.921108 35.879697 35.854800 35.840262 35.832014 35.827466 35.825027 35.823754 35.823106 35.822783 35.822621 35.822530 35.822455 35.822351 35.822157 35.821772 35.821006 35.819513 35.816660 35.811330 35.801578 35.784098 35.753377 35.700364 35.610395 35.459907 35.211105 34.803020 34.135826 33.042069 31.232029 28.189621 22.990290 14.104321 0.000000 
50.000000 48.961569 47.956990 47.016806 46.165483 45.419595 44.787165 44.268147 43.855790 43.538554 43.302168 43.131514 43.012118 42.931136 42.877869 42.843878 42.822829 42.810173 42.802784 42.798591 42.796279 42.795039 42.794392 42.794063 42.793899 42.793816 42.793769 42.793730 42.793675 42.793573 42.793368 42.792962 42.792167 42.790648 42.787804 42.782591 42.773225 42.756712 42.728105 42.679305 42.597110 42.459904 42.231727 41.850861 41.205843 40.079767 38.006201 33.852669 24.480785 0.000000 
50.000000 50.000000 50.000000 50.000000 50.000000 50.000000 50.000000 50.000000 50.000000 50.000000 50.000000 50.000000 50.000000 50.000000 50.000000 50.000000 50.000000 50.000000 50.000000 50.000000 50.000000 50.000000 50.000000 50.000000 50.000000 50.000000 50.000000 50.000000 50.000000 50.000000 50.000000 50.000000 50.000000 50.000000 50.000000 50.000000 50.000000 50.000000 50.000000 50.000000 50.000000 50.000000 50.000000 50.000000 50.000000 50.000000 50.000000 50.000000 50.000000 50.000000 
