50.000000 50.000000 50.000000 50.000000 50.000000 50.000000 50.000000 50.000000 50.000000 50.000000 50.000000 50.000000 50.000000 50.000000 50.000000 50.000000 50.000000 50.000000 50.000000 50.000000 50.000000 50.000000 50.000000 50.000000 50.000000 50.000000 50.000000 50.000000 50.000000 50.000000 50.000000 50.000000 50.000000 50.000000 50.000000 50.000000 50.000000 50.000000 50.000000 50.000000 50.000000 50.000000 50.000000 50.000000 50.000000 50.000000 50.000000 50.000000 50.000000 50.000000 
50.000000 39.084275 31.799472 28.334687 27.084693 26.725993 26.641191 26.624233 26.621306 26.620863 26.620803 26.620796 26.620795 26.620795 26.620795 26.620795 26.620795 26.620795 26.620795 26.620795 26.620795 26.620795 26.620795 26.620795 26.620795 26.620795 26.620795 26.620795 26.620795 26.620795 26.620795 26.620795 26.620795 26.620795 26.620795 26.620795 26.620795 26.620795 26.620795 26.620795 26.620791 26.620759 26.620511 26.618766 26.607766 26.546071 26.239432 24.887736 19.542138 0.000000 
50.000000 31.799472 19.659136 13.889595 11.810135 11.214055 11.073295 11.045180 11.040334 11.039601 11.039502 11.039491 11.039489 11.039489 11.039489 11.039489 11.039489 11.039489 11.039489 11.039489 11.039489 11.039489 11.039489 11.039489 11.039489 11.039489 11.039489 11.039489 11.039489 11.039489 11.039489 11.039489 11.039489 11.039489 11.039489 11.039489 11.039489 11.039489 11.039489 11.039489 11.039485 11.039457 11.039234 11.037699 11.028296 10.977835 10.744142 9.829568 6.911736 0.000000 
50.000000 28.334687 13.889595 7.029544 4.559129 3.851642 3.684740 3.651439 3.645704 3.644838 3.644721 3.644707 3.644706 3.644706 3.644706 3.644706 3.644706 3.644706 3.644706 3.644706 3.644706 3.644706 3.644706 3.644706 3.644706 3.644706 3.644706 3.644706 3.644706 3.644706 3.644706 3.644706 3.644706 3.644706 3.644706 3.644706 3.644706 3.644706 3.644706 3.644706 3.644704 3.644690 3.644581 3.643842 3.639411 3.616384 3.514772 3.145453 2.095255 0.000000 
50.000000 27.084693 11.810135 4.559129 1.949210 1.202174 1.026043 0.990921 0.984876 0.983963 0.983841 0.983826 0.983825 0.983825 0.983825 0.983825 0.983825 0.983825 0.983825 0.983825 0.983825 0.983825 0.983825 0.983825 0.983825 0.983825 0.983825 0.983825 0.983825 0.983825 0.983825 0.983825 0.983825 0.983825 0.983825 0.983825 0.983825 0.983825 0.983825 0.983825 0.983824 0.983819 0.983782 0.983533 0.982065 0.974605 0.942745 0.832300 0.538622 0.000000 
50.000000 26.725993 11.214055 3.851642 1.202174 0.443991 0.265274 0.229645 0.223514 0.222589 0.222465 0.222450 0.222449 0.222448 0.222448 0.222448 0.222448 0.222448 0.222448 0.222448 0.222448 0.222448 0.222448 0.222448 0.222448 0.222448 0.222448 0.222448 0.222448 0.222448 0.222448 0.222448 0.222448 0.222448 0.222448 0.222448 0.222448 0.222448 0.222448 0.222448 0.222448 0.222447 0.222437 0.222373 0.221996 0.220109 0.212232 0.185758 0.118227 0.000000 
50.000000 26.641191 11.073295 3.684740 1.026043 0.265274 0.085961 0.050216 0.044066 0.043138 0.043013 0.042998 0.042997 0.042997 0.042997 0.042997 0.042997 0.042997 0.042997 0.042997 0.042997 0.042997 0.042997 0.042997 0.042997 0.042997 0.042997 0.042997 0.042997 0.042997 0.042997 0.042997 0.042997 0.042997 0.042997 0.042997 0.042997 0.042997 0.042997 0.042997 0.042996 0.042996 0.042994 0.042981 0.042901 0.042510 0.040899 0.035596 0.022425 0.000000 
50.000000 26.624233 11.045180 3.651439 0.990921 0.229645 0.050216 0.014448 0.008294 0.007366 0.007241 0.007226 0.007225 0.007224 0.007224 0.007224 0.007224 0.007224 0.007224 0.007224 0.007224 0.007224 0.007224 0.007224 0.007224 0.007224 0.007224 0.007224 0.007224 0.007224 0.007224 0.007224 0.007224 0.007224 0.007224 0.007224 0.007224 0.007224 0.007224 0.007224 0.007224 0.007224 0.007224 0.007222 0.007207 0.007139 0.006858 0.005946 0.003722 0.000000 
50.000000 26.621306 11.040334 3.645704 0.984876 0.223514 0.044066 0.008294 0.002140 0.001211 0.001087 0.001072 0.001070 0.001070 0.001070 0.001070 0.001070 0.001070 0.001070 0.001070 0.001070 0.001070 0.001070 0.001070 0.001070 0.001070 0.001070 0.001070 0.001070 0.001070 0.001070 0.001070 0.001070 0.001070 0.001070 0.001070 0.001070 0.001070 0.001070 0.001070 0.001070 0.001070 0.001070 0.001069 0.001067 0.001057 0.001014 0.000877 0.000547 0.000000 
50.000000 26.620863 11.039601 3.644838 0.983963 0.222589 0.043138 0.007366 0.001211 0.000282 0.000158 0.000143 0.000141 0.000141 0.000141 0.000141 0.000141 0.000141 0.000141 0.000141 0.000141 0.000141 0.000141 0.000141 0.000141 0.000141 0.000141 0.000141 0.000141 0.000141 0.000141 0.000141 0.000141 0.000141 0.000141 0.000141 0.000141 0.000141 0.000141 0.000141 0.000141 0.000141 0.000141 0.000141 0.000141 0.000139 0.000134 0.000115 0.000072 0.000000 
50.000000 26.620803 11.039502 3.644721 0.983841 0.222465 0.043013 0.007241 0.001087 0.000158 0.000034 0.000019 0.000017 0.000017 0.000017 0.000017 0.000017 0.000017 0.000017 0.000017 0.000017 0.000017 0.000017 0.000017 0.000017 0.000017 0.000017 0.000017 0.000017 0.000017 0.000017 0.000017 0.000017 0.000017 0.000017 0.000017 0.000017 0.000017 0.000017 0.000017 0.000017 0.000017 0.000017 0.000017 0.000017 0.000017 0.000016 0.000014 0.000008 0.000000 
50.000000 26.620796 11.039491 3.644707 0.983826 0.222450 0.042998 0.007226 0.001072 0.000143 0.000019 0.000004 0.000002 0.000002 0.000002 0.000002 0.000002 0.000002 0.000002 0.000002 0.000002 0.000002 0.000002 0.000002 0.000002 0.000002 0.000002 0.000002 0.000002 0.000002 0.000002 0.000002 0.000002 0.000002 0.000002 0.000002 0.000002 0.000002 0.000002 0.000002 0.000002 0.000002 0.000002 0.000002 0.000002 0.000002 0.000002 0.000001 0.000001 0.000000 
50.000000 26.620795 11.039489 3.644706 0.983825 0.222449 0.042997 0.007225 0.001070 0.000141 0.000017 0.000002 0.000000 0.000000 0.000000 0.000000 0.000000 0.000000 0.000000 0.000000 0.000000 0.000000 0.000000 0.000000 0.000000 0.000000 0.000000 0.000000 0.000000 0.000000 0.000000 0.000000 0.000000 0.000000 0.000000 0.000000 0.000000 0.000000 0.000000 0.000000 0.000000 0.000000 0.000000 0.000000 0.000000 0.000000 0.000000 0.000000 0.000000 0.000000 
50.000000 26.620795 11.039489 3.644706 0.983825 0.222448 0.042997 0.007224 0.001070 0.000141 0.000017 0.000002 0.000000 0.000000 0.000000 0.000000 0.000000 0.000000 0.000000 0.000000 0.000000 0.000000 0.000000 0.000000 0.000000 0.000000 0.000000 0.000000 0.000000 0.000000 0.000000 0.000000 0.000000 0.000000 0.000000 0.000000 0.000000 0.000000 0.000000 0.000000 0.000000 0.000000 0.000000 0.000000 0.000000 0.000000 0.000000 0.000000 0.000000 0.000000 
50.000000 26.620795 11.039489 3.644706 0.983825 0.222448 0.042997 0.007224 0.001070 0.000141 0.000017 0.000002 0.000000 0.000000 0.000000 0.000000 0.000000 0.000000 0.000000 0.000000 0.000000 0.000000 0.000000 0.000000 0.000000 0.000000 0.000000 0.000000 0.000000 0.000000 0.000000 0.000000 0.000000 0.000000 0.000000 0.000000 0.000000 0.000000 0.000000 0.000000 0.000000 0.000000 0.000000 0.000000 0.000000 0.000000 0.000000 0.000000 0.000000 0.000000 
50.000000 26.620795 11.039489 3.644706 0.983825 0.222448 0.042997 0.007224 0.001070 0.000141 0.000017 0.000002 0.000000 0.000000 0.000000 0.000000 0.000000 0.000000 0.000000 0.000000 0.000000 0.000000 0.000000 0.000000 0.000000 0.000000 0.000000 0.000000 0.000000 0.000000 0.000000 0.000000 0.000000 0.000000 0.000000 0.000000 0.000000 0.000000 0.000000 0.000000 0.000000 0.000000 0.000000 0.000000 0.000000 0.000000 0.000000 0.000000 0.000000 0.000000 
50.000000 26.620795 11.039489 3.644706 0.983825 0.222448 0.042997 0.007224 0.001070 0.000141 0.000017 0.000002 0.000000 0.000000 0.000000 0.000000 0.000000 0.000000 0.000000 0.000000 0.000000 0.000000 0.000000 0.000000 0.000000 0.000000 0.000000 0.000000 0.000000 0.000000 0.000000 0.000000 0.000000 0.000000 0.000000 0.000000 0.000000 0.000000 0.000000 0.000000 0.000000 0.000000 0.000000 0.000000 0.000000 0.000000 0.000000 0.000000 0.000000 0.000000 
50.000000 26.620795 11.039489 3.644706 0.983825 0.222448 0.042997 0.007224 0.001070 0.000141 0.000017 0.000002 0.000000 0.000000 0.000000 0.000000 0.000000 0.000000 0.000000 0.000000 0.000000 0.000000 0.000000 0.000000 0.000000 0.000000 0.000000 0.000000 0.000000 0.000000 0.000000 0.000000 0.000000 0.000000 0.000000 0.000000 0.000000 0.000000 0.000000 0.000000 0.000000 0.000000 0.000000 0.000000 0.000000 0.000000 0.000000 0.000000 0.000000 0.000000 
50.000000 26.620795 11.039489 3.644706 0.983825 0.222448 0.042997 0.007224 0.001070 0.000141 0.000017 0.000002 0.000000 0.000000 0.000000 0.000000 0.000000 0.000000 0.000000 0.000000 0.000000 0.000000 0.000000 0.000000 0.000000 0.000000 0.000000 0.000000 0.000000 0.000000 0.000000 0.000000 0.000000 0.000000 0.000000 0.000000 0.000000 0.000000 0.000000 0.000000 0.000000 0.000000 0.000000 0.000000 0.000000 0.000000 0.000000 0.000000 0.000000 0.000000 
50.000000 26.620795 11.039489 3.644706 0.983825 0.222448 0.042997 0.007224 0.001070 0.000141 0.000017 0.000002 0.000000 0.000000 0.000000 0.000000 0.000000 0.000000 0.000000 0.000000 0.000000 0.000000 0.000000 0.000000 0.000000 0.000000 0.000000 0.000000 0.000000 0.000000 0.000000 0.000000 0.000000 0.000000 0.000000 0.000000 0.000000 0.000000 0.000000 0.000000 0.000000 0.000000 0.000000 0.000000 0.000000 0.000000 0.000000 0.000000 0.000000 0.000000 
50.000000 26.620795 11.039489 3.644706 0.983825 0.222448 0.042997 0.007224 0.001070 0.000141 0.000017 0.000002 0.000000 0.000000 0.000000 0.000000 0.000000 0.000000 0.000000 0.000000 0.000000 0.000000 0.000000 0.000000 0.000000 0.000000 0.000000 0.000000 0.000000 0.000000 0.000000 0.000000 0.000000 0.000000 0.000000 0.000000 0.000000 0.000000 0.000000 0.000000 0.000000 0.000000 0.000000 0.000000 0.000000 0.000000 0.000000 0.000000 0.000000 0.000000 
50.000000 26.620795 11.039489 3.644706 0.983825 0.222448 0.042997 0.007224 0.001070 0.000141 0.000017 0.000002 0.000000 0.000000 0.000000 0.000000 0.000000 0.000000 0.000000 0.000000 0.000000 0.000000 0.000000 0.000000 0.000000 0.000000 0.000000 0.000000 0.000000 0.000000 0.000000 0.000000 0.000000 0.000000 0.000000 0.000000 0.000000 0.000000 0.000000 0.000000 0.000000 0.000000 0.000000 0.000000 0.000000 0.000000 0.000000 0.000000 0.000000 0.000000 
50.000000 26.620795 11.039489 3.644706 0.983825 0.222448 0.042997 0.007224 0.001070 0.000141 0.000017 0.000002 0.000000 0.000000 0.000000 0.000000 0.000000 0.000000 0.000000 0.000000 0.000000 0.000000 0.000000 0.000000 0.000000 0.000000 0.000000 0.000000 0.000000 0.000000 0.000000 0.000000 0.000000 0.000000 0.000000 0.000000 0.000000 0.000000 0.000000 0.000000 0.000000 0.000000 0.000000 0.000000 0.000000 0.000000 0.000000 0.000000 0.000000 0.000000 
50.000000 26.620795 11.039489 3.644706 0.983825 0.222448 0.042997 0.007224 0.001070 0.000141 0.000017 0.000002 0.000000 0.000000 0.000000 0.000000 0.000000 0.000000 0.000000 0.000000 0.000000 0.000000 0.000000 0.000000 0.000000 0.000000 0.000000 0.000000 0.000000 0.000000 0.000000 0.000000 0.000000 0.000000 0.000000 0.000000 0.000000 0.000000 0.000000 0.000000 0.000000 0.000000 0.000000 0.000000 0.000000 0.000000 0.000000 0.000000 0.000000 0.000000 
50.000000 26.620795 11.039489 3.644706 0.983825 0.222448 0.042997 0.007224 0.001070 0.000141 0.000017 0.000002 0.000000 0.000000 0.000000 0.000000 0.000000 0.000000 0.000000 0.000000 0.000000 0.000000 0.000000 0.000000 0.000000 0.000000 0.000000 0.000000 0.000000 0.000000 0.000000 0.000000 0.000000 0.000000 0.000000 0.000000 0.000000 0.000000 0.000000 0.000000 0.000000 0.000000 0.000000 0.000000 0.000000 0.000000 0.000000 0.000000 0.000000 0.000000 
50.000000 26.620795 11.039489 3.644706 0.983825 0.222448 0.042997 0.007224 0.001070 0.000141 0.000017 0.000002 0.000000 0.000000 0.000000 0.000000 0.000000 0.000000 0.000000 0.000000 0.000000 0.000000 0.000000 0.000000 0.000000 0.000000 0.000000 0.000000 0.000000 0.000000 0.000000 0.000000 0.000000 0.000000 0.000000 0.000000 0.000000 0.000000 0.000000 0.000000 0.000000 0.000000 0.000000 0.000000 0.000000 0.000000 0.000000 0.000000 0.000000 0.000000 
50.000000 26.620795 11.039489 3.644706 0.983825 0.222448 0.042997 0.007224 0.001070 0.000141 0.000017 0.000002 0.000000 0.000000 0.000000 0.000000 0.000000 0.000000 0.000000 0.000000 0.000000 0.000000 0.000000 0.000000 0.000000 0.000000 0.000000 0.000000 0.000000 0.000000 0.000000 0.000000 0.000000 0.000000 0.000000 0.000000 0.000000 0.000000 0.000000 0.000000 0.000000 0.000000 0.000000 0.000000 0.000000 0.000000 0.000000 0.000000 0.000000 0.000000 
50.000000 26.620795 11.039489 3.644706 0.983825 0.222448 0.042997 0.007224 0.001070 0.000141 0.000017 0.000002 0.000000 0.000000 0.000000 0.000000 0.000000 0.000000 0.000000 0.000000 0.000000 0.000000 0.000000 0.000000 0.000000 0.000000 0.000000 0.000000 0.000000 0.000000 0.000000 0.000000 0.000000 0.000000 0.000000 0.000000 0.000000 0.000000 0.000000 0.000000 0.000000 0.000000 0.000000 0.000000 0.000000 0.000000 0.000000 0.000000 0.000000 0.000000 
50.000000 26.620795 11.039489 3.644706 0.983825 0.222448 0.042997 0.007224 0.001070 0.000141 0.000017 0.000002 0.000000 0.000000 0.000000 0.000000 0.000000 0.000000 0.000000 0.000000 0.000000 0.000000 0.000000 0.000000 0.000000 0.000000 0.000000 0.000000 0.000000 0.000000 0.000000 0.000000 0.000000 0.000000 0.000000 0.000000 0.000000 0.000000 0.000000 0.000000 0.000000 0.000000 0.000000 0.000000 0.000000 0.000000 0.000000 0.000000 0.000000 0.000000 
50.000000 26.620795 11.039489 3.644706 0.983825 0.222448 0.042997 0.007224 0.001070 0.000141 0.000017 0.000002 0.000000 0.000000 0.000000 0.000000 0.000000 0.000000 0.000000 0.000000 0.000000 0.000000 0.000000 0.000000 0.000000 0.000000 0.000000 0.000000 0.000000 0.000000 0.000000 0.000000 0.000000 0.000000 0.000000 0.000000 0.000000 0.000000 0.000000 0.000000 0.000000 0.000000 0.000000 0.000000 0.000000 0.000000 0.000000 0.000000 0.000000 0.000000 
50.000000 26.620795 11.039489 3.644706 0.983825 0.222448 0.042997 0.007224 0.001070 0.000141 0.000017 0.000002 0.000000 0.000000 0.000000 0.000000 0.000000 0.000000 0.000000 0.000000 0.000000 0.000000 0.000000 0.000000 0.000000 0.000000 0.000000 0.000000 0.000000 0.000000 0.000000 0.000000 0.000000 0.000000 0.000000 0.000000 0.000000 0.000000 0.000000 0.000000 0.000000 0.000000 0.000000 0.000000 0.000000 0.000000 0.000000 0.000000 0.000000 0.000000 
50.000000 26.620795 11.039489 3.644706 0.983825 0.222448 0.042997 0.007224 0.001070 0.000141 0.000017 0.000002 0.000000 0.000000 0.000000 0.000000 0.000000 0.000000 0.000000 0.000000 0.000000 0.000000 0.000000 0.000000 0.000000 0.000000 0.000000 0.000000 0.000000 0.000000 0.000000 0.000000 0.000000 0.000000 0.000000 0.000000 0.000000 0.000000 0.000000 0.000000 0.000000 0.000000 0.000000 0.000000 0.000000 0.000000 0.000000 0.000000 0.000000 0.000000 
50.000000 26.620795 11.039489 3.644706 0.983825 0.222448 0.042997 0.007224 0.001070 0.000141 0.000017 0.000002 0.000000 0.000000 0.000000 0.000000 0.000000 0.000000 0.000000 0.000000 0.000000 0.000000 0.000000 0.000000 0.000000 0.000000 0.000000 0.000000 0.000000 0.000000 0.000000 0.000000 0.000000 0.000000 0.000000 0.000000 0.000000 0.000000 0.000000 0.000000 0.000000 0.000000 0.000000 0.000000 0.000000 0.000000 0.000000 0.000000 0.000000 0.000000 
50.000000 26.620795 11.039489 3.644706 0.983825 0.222448 0.042997 0.007224 0.001070 0.000141 0.000017 0.000002 0.000000 0.000000 0.000000 0.000000 0.000000 0.000000 0.000000 0.000000 0.000000 0.000000 0.000000 0.000000 0.000000 0.000000 0.000000 0.000000 0.000000 0.000000 0.000000 0.000000 0.000000 0.000000 0.000000 0.000000 0.000000 0.000000 0.000000 0.000000 0.000000 0.000000 0.000000 0.000000 0.000000 0.000000 0.000000 0.000000 0.000000 0.000000 
50.000000 26.620795 11.039489 3.644706 0.983825 0.222448 0.042997 0.007224 0.001070 0.000141 0.000017 0.000002 0.000000 0.000000 0.000000 0.000000 0.000000 0.000000 0.000000 0.000000 0.000000 0.000000 0.000000 0.000000 0.000000 0.000000 0.000000 0.000000 0.000000 0.000000 0.000000 0.000000 0.000000 0.000000 0.000000 0.000000 0.000000 0.000000 0.000000 0.000000 0.000000 0.000000 0.000000 0.000000 0.000000 0.000000 0.000000 0.000000 0.000000 0.000000 
50.000000 26.620795 11.039489 3.644706 0.983825 0.222448 0.042997 0.007224 0.001070 0.000141 0.000017 0.000002 0.000000 0.000000 0.000000 0.000000 0.000000 0.000000 0.000000 0.000000 0.000000 0.000000 0.000000 0.000000 0.000000 0.000000 0.000000 0.000000 0.000000 0.000000 0.000000 0.000000 0.000000 0.000000 0.000000 0.000000 0.000000 0.000000 0.000000 0.000000 0.000000 0.000000 0.000000 0.000000 0.000000 0.000000 0.000000 0.000000 0.000000 0.000000 
50.000000 26.620795 11.039489 3.644706 0.983825 0.222448 0.042997 0.007224 0.001070 0.000141 0.000017 0.000002 0.000000 0.000000 0.000000 0.000000 0.000000 0.000000 0.000000 0.000000 0.000000 0.000000 0.000000 0.000000 0.000000 0.000000 0.000000 0.000000 0.000000 0.000000 0.000000 0.000000 0.000000 0.000000 0.000000 0.000000 0.000000 0.000000 0.000000 0.000000 0.000000 0.000000 0.000000 0.000000 0.000000 0.000000 0.000000 0.000000 0.000000 0.000000 
50.000000 26.620795 11.039489 3.644706 0.983825 0.222449 0.042997 0.007225 0.001070 0.000141 0.000017 0.000002 0.000000 0.000000 0.000000 0.000000 0.000000 0.000000 0.000000 0.000000 0.000000 0.000000 0.000000 0.000000 0.000000 0.000000 0.000000 0.000000 0.000000 0.000000 0.000000 0.000000 0.000000 0.000000 0.000000 0.000000 0.000000 0.000000 0.000000 0.000000 0.000000 0.000000 0.000000 0.000000 0.000000 0.000000 0.000000 0.000000 0.000000 0.000000 
50.000000 26.620796 11.039491 3.644707 0.983826 0.222450 0.042998 0.007226 0.001072 0.000143 0.000019 0.000004 0.000002 0.000002 0.000002 0.000002 0.000002 0.000002 0.000002 0.000002 0.000002 0.000002 0.000002 0.000002 0.000002 0.000002 0.000002 0.000002 0.000002 0.000002 0.000002 0.000002 0.000002 0.000002 0.000002 0.000002 0.000002 0.000002 0.000002 0.000002 0.000002 0.000002 0.000002 0.000002 0.000002 0.000002 0.000002 0.000001 0.000001 0.000000 
50.000000 26.620803 11.039502 3.644721 0.983841 0.222465 0.043013 0.007241 0.001087 0.000158 0.000034 0.000019 0.000017 0.000017 0.000017 0.000017 0.000017 0.000017 0.000017 0.000017 0.000017 0.000017 0.000017 0.000017 0.000017 0.000017 0.000017 0.000017 0.000017 0.000017 0.000017 0.000017 0.000017 0.000017 0.000017 0.000017 0.000017 0.000017 0.000017 0.000017 0.000017 0.000017 0.000017 0.000017 0.000017 0.000017 0.000016 0.000014 0.000008 0.000000 
50.000000 26.620863 11.039601 3.644838 0.983963 0.222589 0.043138 0.007366 0.001211 0.000282 0.000158 0.000143 0.000141 0.000141 0.000141 0.000141 0.000141 0.000141 0.000141 0.000141 0.000141 0.000141 0.000141 0.000141 0.000141 0.000141 0.000141 0.000141 0.000141 0.000141 0.000141 0.000141 0.000141 0.000141 0.000141 0.000141 0.000141 0.000141 0.000141 0.000141 0.000141 0.000141 0.000141 0.000141 0.000141 0.000139 0.000134 0.000115 0.000072 0.000000 
50.000000 26.621306 11.040334 3.645704 0.984876 0.223514 0.044066 0.008294 0.002140 0.001211 0.001087 0.001072 0.001070 0.001070 0.001070 0.001070 0.001070 0.001070 0.001070 0.001070 0.001070 0.001070 0.001070 0.001070 0.001070 0.001070 0.001070 0.001070 0.001070 0.001070 0.001070 0.001070 0.001070 0.001070 0.001070 0.001070 0.001070 0.001070 0.001070 0.001070 0.001070 0.001070 0.001070 0.001069 0.001067 0.001057 0.001014 0.000877 0.000547 0.000000 
50.000000 26.624233 11.045180 3.651439 0.990921 0.229645 0.050216 0.014448 0.008294 0.007366 0.007241 0.007226 0.007225 0.007224 0.007224 0.007224 0.007224 0.007224 0.007224 0.007224 0.007224 0.007224 0.007224 0.007224 0.007224 0.007224 0.007224 0.007224 0.007224 0.007224 0.007224 0.007224 0.007224 0.007224 0.007224 0.007224 0.007224 0.007224 0.007224 0.007224 0.007224 0.007224 0.007224 0.007222 0.007207 0.007139 0.006858 0.005946 0.003722 0.000000 
50.000000 26.641191 11.073295 3.684740 1.026043 0.265274 0.085961 0.050216 0.044066 0.043138 0.043013 0.042998 0.042997 0.042997 0.042997 0.042997 0.042997 0.042997 0.042997 0.042997 0.042997 0.042997 0.042997 0.042997 0.042997 0.042997 0.042997 0.042997 0.042997 0.042997 0.042997 0.042997 0.042997 0.042997 0.042997 0.042997 0.042997 0.042997 0.042997 0.042997 0.042996 0.042996 0.042994 0.042981 0.042901 0.042510 0.040899 0.035596 0.022425 0.000000 
50.000000 26.725993 11.214055 3.851642 1.202174 0.443991 0.265274 0.229645 0.223514 0.222589 0.222465 0.222450 0.222449 0.222448 0.222448 0.222448 0.222448 0.222448 0.222448 0.222448 0.222448 0.222448 0.222448 0.222448 0.222448 0.222448 0.222448 0.222448 0.222448 0.222448 0.222448 0.222448 0.222448 0.222448 0.222448 0.222448 0.222448 0.222448 0.222448 0.222448 0.222448 0.222447 0.222437 0.222373 0.221996 0.220109 0.212232 0.185758 0.118227 0.000000 
50.000000 27.084693 11.810135 4.559129 1.949210 1.202174 1.026043 0.990921 0.984876 0.983963 0.983841 0.983826 0.983825 0.983825 0.983825 0.983825 0.983825 0.983825 0.983825 0.983825 0.983825 0.983825 0.983825 0.983825 0.983825 0.983825 0.983825 0.983825 0.983825 0.983825 0.983825 0.983825 0.983825 0.983825 0.983825 0.983825 0.983825 0.983825 0.983825 0.983825 0.983824 0.983819 0.983782 0.983533 0.982065 0.974605 0.942745 0.832300 0.538622 0.000000 
50.000000 28.334687 13.889595 7.029544 4.559129 3.851642 3.684740 3.651439 3.645704 3.644838 3.644721 3.644707 3.644706 3.644706 3.644706 3.644706 3.644706 3.644706 3.644706 3.644706 3.644706 3.644706 3.644706 3.644706 3.644706 3.644706 3.644706 3.644706 3.644706 3.644706 3.644706 3.644706 3.644706 3.644706 3.644706 3.644706 3.644706 3.644706 3.644706 3.644706 3.644704 3.644690 3.644581 3.643842 3.639411 3.616384 3.514772 3.145453 2.095255 0.000000 
50.000000 31.799472 19.659136 13.889595 11.810135 11.214055 11.073295 11.045180 11.040334 11.039601 11.039502 11.039491 11.039489 11.039489 11.039489 11.039489 11.039489 11.039489 11.039489 11.039489 11.039489 11.039489 11.039489 11.039489 11.039489 11.039489 11.039489 11.039489 11.039489 11.039489 11.039489 11.039489 11.039489 11.039489 11.039489 11.039489 11.039489 11.039489 11.039489 11.039489 11.039485 11.039457 11.039234 11.037699 11.028296 10.977835 10.744142 9.829568 6.911736 0.000000 
50.000000 39.084275 31.799472 28.334687 27.084693 26.725993 26.641191 26.624233 26.621306 26.620863 26.620803 26.620796 26.620795 26.620795 26.620795 26.620795 26.620795 26.620795 26.620795 26.620795 26.620795 26.620795 26.620795 26.620795 26.620795 26.620795 26.620795 26.620795 26.620795 26.620795 26.620795 26.620795 26.620795 26.620795 26.620795 26.620795 26.620795 26.620795 26.620795 26.620795 26.620791 26.620759 26.620511 26.618766 26.607766 26.546071 26.239432 24.887736 19.542138 0.000000 
50.000000 50.000000 50.000000 50.000000 50.000000 50.000000 50.000000 50.000000 50.000000 50.000000 50.000000 50.000000 50.000000 50.000000 50.000000 50.000000 50.000000 50.000000 50.000000 50.000000 50.000000 50.000000 50.000000 50.000000 50.000000 50.000000 50.000000 50.000000 50.000000 50.000000 50.000000 50.000000 50.000000 50.000000 50.000000 50.000000 50.000000 50.000000 50.000000 50.000000 50.000000 50.000000 50.000000 50.000000 50.000000 50.000000 50.000000 50.000000 50.000000 50.000000 
