50.000000 50.000000 50.000000 50.000000 50.000000 50.000000 50.000000 50.000000 50.000000 50.000000 50.000000 50.000000 50.000000 50.000000 50.000000 50.000000 50.000000 50.000000 50.000000 50.000000 50.000000 50.000000 50.000000 50.000000 50.000000 50.000000 50.000000 50.000000 50.000000 50.000000 50.000000 50.000000 50.000000 50.000000 50.000000 50.000000 50.000000 50.000000 50.000000 50.000000 50.000000 50.000000 50.000000 50.000000 50.000000 50.000000 50.000000 50.000000 50.000000 50.000000 
50.000000 48.935883 47.907312 46.946274 46.078231 45.320203 44.680117 44.157385 43.744431 43.428776 43.195252 43.027993 42.911975 42.834011 42.783237 42.751179 42.731547 42.719882 42.713154 42.709386 42.707335 42.706251 42.705693 42.705413 42.705276 42.705208 42.705170 42.705138 42.705092 42.705005 42.704827 42.704469 42.703761 42.702391 42.699796 42.694987 42.686257 42.670716 42.643548 42.596813 42.517490 42.384152 42.161019 41.786518 41.149274 40.032386 37.969325 33.827406 24.467941 0.000000 
50.000000 47.907312 45.884530 43.994559 42.287474 40.796744 39.537961 38.509967 37.697862 37.077105 36.617865 36.288942 36.060787 35.907469 35.807620 35.744576 35.705969 35.683030 35.669800 35.662390 35.658358 35.656225 35.655129 35.654579 35.654309 35.654176 35.654102 35.654040 35.653953 35.653788 35.653454 35.652781 35.651452 35.648882 35.644025 35.635040 35.618770 35.589896 35.539618 35.453576 35.308548 35.067099 34.668601 34.013508 32.934531 31.141957 28.119516 22.942265 14.079906 0.000000 
50.000000 46.946274 43.994559 41.236651 38.745619 36.570306 34.733461 33.233395 32.048363 31.142552 30.472431 29.992470 29.659551 29.435834 29.290139 29.198149 29.141817 29.108345 29.089041 29.078229 29.072346 29.069235 29.067635 29.066833 29.066439 29.066245 29.066139 29.066053 29.065934 29.065709 29.065256 29.064345 29.062550 29.059087 29.052556 29.040516 29.018795 28.980432 28.914033 28.801278 28.613145 28.304164 27.803627 27.002038 25.730405 23.730300 20.618326 15.875043 8.976950 0.000000 
50.000000 46.078231 42.287474 38.745619 35.546510 32.752872 30.393920 28.467482 26.945631 25.782371 24.921794 24.305428 23.877897 23.590604 23.403508 23.285379 23.213040 23.170059 23.145270 23.131387 23.123833 23.119838 23.117783 23.116754 23.116249 23.116001 23.115867 23.115762 23.115621 23.115360 23.114835 23.113783 23.111714 23.107734 23.100256 23.086521 23.061867 23.018585 22.944232 22.819156 22.612961 22.279551 21.750364 20.925569 19.663755 17.773255 15.015320 11.145516 6.045845 0.000000 
50.000000 45.320203 40.796744 36.570306 32.752872 29.419290 26.604423 24.305676 22.489719 21.101663 20.074792 19.339328 18.829192 18.486395 18.263154 18.122206 18.035895 17.984612 17.955036 17.938472 17.929459 17.924693 17.922242 17.921014 17.920412 17.920118 17.919961 17.919845 17.919694 17.919419 17.918871 17.917776 17.915629 17.911512 17.903807 17.889725 17.864588 17.820760 17.746097 17.621788 17.419467 17.097534 16.596815 15.836164 14.709645 13.089116 10.839901 7.862213 4.170928 0.000000 
50.000000 44.680117 39.537961 34.733461 30.393920 26.604423 23.404601 20.791497 18.727222 17.149372 15.982105 15.146095 14.566224 14.176572 13.922821 13.762611 13.664507 13.606218 13.572602 13.553775 13.543531 13.538114 13.535328 13.533934 13.533251 13.532918 13.532745 13.532622 13.532471 13.532204 13.531675 13.530622 13.528565 13.524636 13.517315 13.504002 13.480385 13.439506 13.370474 13.256747 13.074003 12.787718 12.350826 11.702300 10.768260 9.468351 7.731424 5.524453 2.893598 0.000000 
50.000000 44.157385 38.509967 33.233395 28.467482 24.305676 20.791497 17.921696 15.654656 13.921835 12.639935 11.721833 11.085030 10.657127 10.378469 10.202537 10.094806 10.030799 9.993886 9.973212 9.961965 9.956017 9.952958 9.951427 9.950678 9.950315 9.950129 9.950005 9.949863 9.949619 9.949140 9.948193 9.946348 9.942840 9.936334 9.924566 9.903822 9.868181 9.808518 9.711239 9.556833 9.318440 8.960848 8.440671 7.708861 6.717118 5.429768 3.841365 1.996366 0.000000 
50.000000 43.744431 37.697862 32.048363 26.945631 22.489719 18.727222 15.654656 13.227456 11.372232 9.999795 9.016860 8.335097 7.876987 7.578663 7.390316 7.274986 7.206465 7.166948 7.144818 7.132777 7.126410 7.123136 7.121498 7.120697 7.120311 7.120117 7.119994 7.119866 7.119655 7.119246 7.118441 7.116880 7.113924 7.108467 7.098653 7.081460 7.052137 7.003466 6.924887 6.801586 6.613728 6.336215 5.939504 5.392185 4.666080 3.744200 2.630763 1.360279 0.000000 
50.000000 43.428776 37.077105 31.142552 25.782371 21.101663 17.149372 13.921835 11.372232 9.423467 7.981843 6.949367 6.233250 5.752062 5.438712 5.240883 5.119747 5.047778 5.006273 4.983030 4.970384 4.963698 4.960259 4.958539 4.957699 4.957295 4.957096 4.956978 4.956865 4.956690 4.956358 4.955709 4.954455 4.952090 4.947746 4.939974 4.926444 4.903529 4.865800 4.805447 4.711733 4.570646 4.365001 4.075369 3.682195 3.169409 2.529407 1.768557 0.911286 0.000000 
50.000000 43.195252 36.617865 30.472431 24.921794 20.074792 15.982105 12.639935 9.999795 7.981843 6.489050 5.419937 4.678415 4.180162 3.855704 3.650863 3.525436 3.450918 3.407944 3.383879 3.370786 3.363863 3.360303 3.358522 3.357653 3.357237 3.357035 3.356922 3.356825 3.356686 3.356428 3.355928 3.354967 3.353164 3.349865 3.343996 3.333837 3.316748 3.288821 3.244525 3.176397 3.074908 2.928696 2.725358 2.453004 2.102638 1.671153 1.164289 0.598439 0.000000 
50.000000 43.027993 36.288942 29.992470 24.305428 19.339328 15.146095 11.721833 9.016860 6.949367 5.419937 4.324593 3.564884 3.054416 2.722006 2.512147 2.383649 2.307307 2.263283 2.238629 2.225216 2.218124 2.214477 2.212653 2.211764 2.211339 2.211135 2.211028 2.210945 2.210838 2.210646 2.210277 2.209573 2.208257 2.205860 2.201618 2.194315 2.182107 2.162296 2.131116 2.083568 2.013395 1.913316 1.775621 1.593231 1.361195 1.078437 0.749323 0.384445 0.000000 
50.000000 42.911975 36.060787 29.659551 23.877897 18.829192 14.566224 11.085030 8.335097 6.233250 4.678415 3.564884 2.792567 2.273631 1.935709 1.722373 1.591746 1.514141 1.469388 1.444326 1.430692 1.423482 1.419776 1.417922 1.417019 1.416588 1.416384 1.416281 1.416211 1.416129 1.415991 1.415731 1.415235 1.414314 1.412643 1.409700 1.404660 1.396284 1.382777 1.361668 1.329721 1.282960 1.216850 1.126718 1.008432 0.859311 0.679119 0.470891 0.241259 0.000000 
50.000000 42.834011 35.907469 29.435834 23.590604 18.486395 14.176572 10.657127 7.876987 5.752062 4.180162 3.054416 2.273631 1.749007 1.407385 1.191713 1.059658 0.981204 0.935962 0.910627 0.896844 0.889557 0.885810 0.883936 0.883023 0.882589 0.882385 0.882285 0.882225 0.882164 0.882067 0.881890 0.881555 0.880934 0.879815 0.877850 0.874504 0.868971 0.860101 0.846325 0.825618 0.795527 0.753305 0.696187 0.621808 0.528737 0.417039 0.288699 0.147755 0.000000 
50.000000 42.783237 35.807620 29.290139 23.403508 18.263154 13.922821 10.378469 7.578663 5.438712 3.855704 2.722006 1.935709 1.407385 1.063354 0.846163 0.713178 0.634173 0.588613 0.563100 0.549221 0.541882 0.538109 0.536222 0.535303 0.534867 0.534663 0.534566 0.534512 0.534466 0.534401 0.534284 0.534066 0.533664 0.532940 0.531677 0.529534 0.526009 0.520388 0.511708 0.498738 0.480010 0.453903 0.418819 0.373430 0.316987 0.249623 0.172580 0.088250 0.000000 
50.000000 42.751179 35.744576 29.198149 23.285379 18.122206 13.762611 10.202537 7.390317 5.240883 3.650863 2.512147 1.722373 1.191713 0.846163 0.628015 0.494443 0.415090 0.369330 0.343705 0.329764 0.322393 0.318604 0.316709 0.315786 0.315348 0.315145 0.315050 0.315001 0.314966 0.314922 0.314847 0.314710 0.314458 0.314007 0.313223 0.311899 0.309730 0.306287 0.300998 0.293137 0.281849 0.266203 0.245297 0.218399 0.185123 0.145593 0.100551 0.051383 0.000000 
50.000000 42.731547 35.705969 29.141817 23.213040 18.035895 13.664507 10.094806 7.274986 5.119747 3.525436 2.383649 1.591746 1.059658 0.713179 0.494444 0.360514 0.280948 0.235065 0.209371 0.195394 0.188003 0.184203 0.182303 0.181378 0.180940 0.180736 0.180643 0.180597 0.180569 0.180540 0.180493 0.180410 0.180257 0.179986 0.179516 0.178724 0.177433 0.175393 0.172273 0.167657 0.161062 0.151966 0.139871 0.124383 0.105306 0.082730 0.057087 0.029156 0.000000 
50.000000 42.719882 35.683030 29.108346 23.170060 17.984613 13.606219 10.030800 7.206465 5.047778 3.450919 2.307308 1.514141 0.981205 0.634174 0.415091 0.280948 0.201256 0.155301 0.129566 0.115566 0.108164 0.104359 0.102455 0.101529 0.101090 0.100887 0.100794 0.100751 0.100727 0.100707 0.100679 0.100629 0.100540 0.100382 0.100109 0.099651 0.098907 0.097736 0.095952 0.093325 0.089586 0.084452 0.077654 0.068985 0.058346 0.045796 0.031579 0.016121 0.000000 
50.000000 42.713154 35.669800 29.089042 23.145271 17.955037 13.572603 9.993887 7.166950 5.006275 3.407946 2.263284 1.469389 0.935964 0.588615 0.369332 0.235067 0.155302 0.109304 0.083547 0.069534 0.062125 0.058316 0.056411 0.055484 0.055045 0.054842 0.054750 0.054708 0.054687 0.054672 0.054655 0.054626 0.054576 0.054487 0.054333 0.054076 0.053661 0.053009 0.052020 0.050568 0.048511 0.045696 0.041982 0.037262 0.031489 0.024697 0.017020 0.008685 0.000000 
50.000000 42.709386 35.662391 29.078231 23.131389 17.938475 13.553778 9.973216 7.144822 4.983034 3.383883 2.238633 1.444331 0.910632 0.563105 0.343709 0.209376 0.129570 0.083549 0.057779 0.043759 0.036346 0.032535 0.030630 0.029702 0.029263 0.029060 0.028968 0.028927 0.028908 0.028896 0.028886 0.028869 0.028841 0.028793 0.028709 0.028569 0.028344 0.027992 0.027459 0.026681 0.025580 0.024080 0.022107 0.019607 0.016557 0.012977 0.008939 0.004560 0.000000 
50.000000 42.707337 35.658361 29.072351 23.123839 17.929467 13.543540 9.961974 7.132788 4.970395 3.370797 2.225227 1.430703 0.896856 0.549232 0.329776 0.195405 0.115577 0.069544 0.043766 0.029742 0.022328 0.018516 0.016610 0.015682 0.015242 0.015039 0.014948 0.014907 0.014889 0.014880 0.014873 0.014863 0.014848 0.014822 0.014778 0.014704 0.014586 0.014401 0.014122 0.013716 0.013144 0.012365 0.011345 0.010055 0.008486 0.006648 0.004577 0.002334 0.000000 
50.000000 42.706255 35.656234 29.069248 23.119854 17.924712 13.538136 9.956041 7.126436 4.963724 3.363890 2.218152 1.423511 0.889585 0.541911 0.322422 0.188032 0.108192 0.062152 0.036370 0.022345 0.014929 0.011117 0.009210 0.008282 0.007843 0.007640 0.007548 0.007508 0.007490 0.007482 0.007477 0.007472 0.007464 0.007450 0.007427 0.007389 0.007329 0.007234 0.007092 0.006885 0.006595 0.006201 0.005686 0.005037 0.004249 0.003327 0.002289 0.001167 0.000000 
50.000000 42.705704 35.655149 29.067665 23.117821 17.922287 13.535380 9.953015 7.123197 4.960322 3.360368 2.214544 1.419843 0.885878 0.538177 0.318672 0.184272 0.104427 0.058383 0.032600 0.018573 0.011157 0.007344 0.005437 0.004509 0.004070 0.003867 0.003775 0.003735 0.003718 0.003710 0.003706 0.003703 0.003699 0.003692 0.003680 0.003661 0.003630 0.003583 0.003511 0.003408 0.003263 0.003066 0.002810 0.002488 0.002098 0.001642 0.001130 0.000576 0.000000 
50.000000 42.705438 35.654627 29.066903 23.116843 17.921120 13.534054 9.951558 7.121638 4.958685 3.358673 2.212807 1.418079 0.884094 0.536381 0.316868 0.182463 0.102615 0.056569 0.030785 0.016758 0.009341 0.005528 0.003622 0.002694 0.002254 0.002051 0.001960 0.001920 0.001903 0.001895 0.001892 0.001889 0.001887 0.001883 0.001877 0.001867 0.001851 0.001827 0.001790 0.001736 0.001662 0.001561 0.001430 0.001266 0.001066 0.000834 0.000574 0.000292 0.000000 
50.000000 42.705332 35.654419 29.066599 23.116453 17.920654 13.533524 9.950977 7.121015 4.958032 3.357996 2.212114 1.417374 0.883381 0.535663 0.316147 0.181740 0.101891 0.055845 0.030060 0.016033 0.008616 0.004803 0.002897 0.001969 0.001529 0.001326 0.001235 0.001195 0.001178 0.001170 0.001167 0.001165 0.001163 0.001161 0.001157 0.001151 0.001141 0.001126 0.001103 0.001069 0.001023 0.000961 0.000880 0.000778 0.000656 0.000513 0.000353 0.000180 0.000000 
50.000000 42.705332 35.654419 29.066599 23.116453 17.920654 13.533524 9.950977 7.121015 4.958032 3.357996 2.212114 1.417374 0.883381 0.535663 0.316147 0.181740 0.101891 0.055845 0.030060 0.016033 0.008616 0.004803 0.002897 0.001969 0.001529 0.001326 0.001235 0.001195 0.001178 0.001170 0.001167 0.001165 0.001163 0.001161 0.001157 0.001151 0.001141 0.001126 0.001103 0.001069 0.001023 0.000961 0.000880 0.000778 0.000656 0.000513 0.000353 0.000180 0.000000 
50.000000 42.705438 35.654627 29.066903 23.116843 17.921120 13.534054 9.951558 7.121638 4.958685 3.358673 2.212807 1.418079 0.884094 0.536381 0.316868 0.182463 0.102615 0.056569 0.030785 0.016758 0.009341 0.005528 0.003622 0.002694 0.002254 0.002051 0.001960 0.001920 0.001903 0.001895 0.001892 0.001889 0.001887 0.001883 0.001877 0.001867 0.001851 0.001827 0.001790 0.001736 0.001662 0.001561 0.001430 0.001266 0.001066 0.000834 0.000574 0.000292 0.000000 
50.000000 42.705704 35.655149 29.067665 23.117821 17.922287 13.535380 9.953015 7.123197 4.960322 3.360368 2.214544 1.419843 0.885878 0.538177 0.318672 0.184272 0.104427 0.058383 0.032600 0.018573 0.011157 0.007344 0.005437 0.004509 0.004070 0.003867 0.003775 0.003735 0.003718 0.003710 0.003706 0.003703 0.003699 0.003692 0.003680 0.003661 0.003630 0.003583 0.003511 0.003408 0.003263 0.003066 0.002810 0.002488 0.002098 0.001642 0.001130 0.000576 0.000000 
50.000000 42.706255 35.656234 29.069248 23.119854 17.924712 13.538136 9.956041 7.126436 4.963724 3.363890 2.218152 1.423511 0.889585 0.541911 0.322422 0.188032 0.108192 0.062152 0.036370 0.022345 0.014929 0.011117 0.009210 0.008282 0.007843 0.007640 0.007548 0.007508 0.007490 0.007482 0.007477 0.007472 0.007464 0.007450 0.007427 0.007389 0.007329 0.007234 0.007092 0.006885 0.006595 0.006201 0.005686 0.005037 0.004249 0.003327 0.002289 0.001167 0.000000 
50.000000 42.707337 35.658361 29.072351 23.123839 17.929467 13.543540 9.961974 7.132788 4.970395 3.370797 2.225227 1.430703 0.896856 0.549232 0.329776 0.195405 0.115577 0.069544 0.043766 0.029742 0.022328 0.018516 0.016610 0.015682 0.015242 0.015039 0.014948 0.014907 0.014889 0.014880 0.014873 0.014863 0.014848 0.014822 0.014778 0.014704 0.014586 0.014401 0.014122 0.013716 0.013144 0.012365 0.011345 0.010055 0.008486 0.006648 0.004577 0.002334 0.000000 
50.000000 42.709386 35.662391 29.078231 23.131389 17.938475 13.553778 9.973216 7.144822 4.983034 3.383883 2.238633 1.444331 0.910632 0.563105 0.343709 0.209376 0.129570 0.083549 0.057779 0.043759 0.036346 0.032535 0.030630 0.029702 0.029263 0.029060 0.028968 0.028927 0.028908 0.028896 0.028886 0.028869 0.028841 0.028793 0.028709 0.028569 0.028344 0.027992 0.027459 0.026681 0.025580 0.024080 0.022107 0.019607 0.016557 0.012977 0.008939 0.004560 0.000000 
50.000000 42.713154 35.669800 29.089042 23.145271 17.955037 13.572603 9.993887 7.166950 5.006275 3.407946 2.263284 1.469389 0.935964 0.588615 0.369332 0.235067 0.155302 0.109304 0.083547 0.069534 0.062125 0.058316 0.056411 0.055484 0.055045 0.054842 0.054750 0.054708 0.054687 0.054672 0.054655 0.054626 0.054576 0.054487 0.054333 0.054076 0.053661 0.053009 0.052020 0.050568 0.048511 0.045696 0.041982 0.037262 0.031489 0.024697 0.017020 0.008685 0.000000 
50.000000 42.719882 35.683030 29.108346 23.170060 17.984613 13.606219 10.030800 7.206465 5.047778 3.450919 2.307308 1.514141 0.981205 0.634174 0.415091 0.280948 0.201256 0.155301 0.129566 0.115566 0.108164 0.104359 0.102455 0.101529 0.101090 0.100887 0.100794 0.100751 0.100727 0.100707 0.100679 0.100629 0.100540 0.100382 0.100109 0.099651 0.098907 0.097736 0.095952 0.093325 0.089586 0.084452 0.077654 0.068985 0.058346 0.045796 0.031579 0.016121 0.000000 
50.000000 42.731547 35.705969 29.141817 23.213040 18.035895 13.664507 10.094806 7.274986 5.119747 3.525436 2.383649 1.591746 1.059658 0.713179 0.494444 0.360514 0.280948 0.235065 0.209371 0.195394 0.188003 0.184203 0.182303 0.181378 0.180940 0.180736 0.180643 0.180597 0.180569 0.180540 0.180493 0.180410 0.180257 0.179986 0.179516 0.178724 0.177433 0.175393 0.172273 0.167657 0.161062 0.151966 0.139871 0.124383 0.105306 0.082730 0.057087 0.029156 0.000000 
50.000000 42.751179 35.744576 29.198149 23.285379 18.122206 13.762611 10.202537 7.390317 5.240883 3.650863 2.512147 1.722373 1.191713 0.846163 0.628015 0.494443 0.415090 0.369330 0.343705 0.329764 0.322393 0.318604 0.316709 0.315786 0.315348 0.315145 0.315050 0.315001 0.314966 0.314922 0.314847 0.314710 0.314458 0.314007 0.313223 0.311899 0.309730 0.306287 0.300998 0.293137 0.281849 0.266203 0.245297 0.218399 0.185123 0.145593 0.100551 0.051383 0.000000 
50.000000 42.783237 35.807620 29.290139 23.403508 18.263154 13.922821 10.378469 7.578663 5.438712 3.855704 2.722006 1.935709 1.407385 1.063354 0.846163 0.713178 0.634173 0.588613 0.563100 0.549221 0.541882 0.538109 0.536222 0.535303 0.534867 0.534663 0.534566 0.534512 0.534466 0.534401 0.534284 0.534066 0.533664 0.532940 0.531677 0.529534 0.526009 0.520388 0.511708 0.498738 0.480010 0.453903 0.418819 0.373430 0.316987 0.249623 0.172580 0.088250 0.000000 
50.000000 42.834011 35.907469 29.435834 23.590604 18.486395 14.176572 10.657127 7.876987 5.752062 4.180162 3.054416 2.273631 1.749007 1.407385 1.191713 1.059658 0.981204 0.935962 0.910627 0.896844 0.889557 0.885810 0.883936 0.883023 0.882589 0.882385 0.882285 0.882225 0.882164 0.882067 0.881890 0.881555 0.880934 0.879815 0.877850 0.874504 0.868971 0.860101 0.846325 0.825618 0.795527 0.753305 0.696187 0.621808 0.528737 0.417039 0.288699 0.147755 0.000000 
50.000000 42.911975 36.060787 29.659551 23.877897 18.829192 14.566224 11.085030 8.335097 6.233250 4.678415 3.564884 2.792567 2.273631 1.935709 1.722373 1.591746 1.514141 1.469388 1.444326 1.430692 1.423482 1.419776 1.417922 1.417019 1.416588 1.416384 1.416281 1.416211 1.416129 1.415991 1.415731 1.415235 1.414314 1.412643 1.409700 1.404660 1.396284 1.382777 1.361668 1.329721 1.282960 1.216850 1.126718 1.008432 0.859311 0.679119 0.470891 0.241259 0.000000 
50.000000 43.027993 36.288942 29.992470 24.305428 19.339328 15.146095 11.721833 9.016860 6.949367 5.419937 4.324593 3.564884 3.054416 2.722006 2.512147 2.383649 2.307307 2.263283 2.238629 2.225216 2.218124 2.214477 2.212653 2.211764 2.211339 2.211135 2.211028 2.210945 2.210838 2.210646 2.210277 2.209573 2.208257 2.205860 2.201618 2.194315 2.182107 2.162296 2.131116 2.083568 2.013395 1.913316 1.775621 1.593231 1.361195 1.078437 0.749323 0.384445 0.000000 
50.000000 43.195252 36.617865 30.472431 24.921794 20.074792 15.982105 12.639935 9.999795 7.981843 6.489050 5.419937 4.678415 4.180162 3.855704 3.650863 3.525436 3.450918 3.407944 3.383879 3.370786 3.363863 3.360303 3.358522 3.357653 3.357237 3.357035 3.356922 3.356825 3.356686 3.356428 3.355928 3.354967 3.353164 3.349865 3.343996 3.333837 3.316748 3.288821 3.244525 3.176397 3.074908 2.928696 2.725358 2.453004 2.102638 1.671153 1.164289 0.598439 0.000000 
50.000000 43.428776 37.077105 31.142552 25.782371 21.101663 17.149372 13.921835 11.372232 9.423467 7.981843 6.949367 6.233250 5.752062 5.438712 5.240883 5.119747 5.047778 5.006273 4.983030 4.970384 4.963698 4.960259 4.958539 4.957699 4.957295 4.957096 4.956978 4.956865 4.956690 4.956358 4.955709 4.954455 4.952090 4.947746 4.939974 4.926444 4.903529 4.865800 4.805447 4.711733 4.570646 4.365001 4.075369 3.682195 3.169409 2.529407 1.768557 0.911286 0.000000 
50.000000 43.744431 37.697862 32.048363 26.945631 22.489719 18.727222 15.654656 13.227456 11.372232 9.999795 9.016860 8.335097 7.876987 7.578663 7.390316 7.274986 7.206465 7.166948 7.144818 7.132777 7.126410 7.123136 7.121498 7.120697 7.120311 7.120117 7.119994 7.119866 7.119655 7.119246 7.118441 7.116880 7.113924 7.108467 7.098653 7.081460 7.052137 7.003466 6.924887 6.801586 6.613728 6.336215 5.939504 5.392185 4.666080 3.744200 2.630763 1.360279 0.000000 
50.000000 44.157385 38.509967 33.233395 28.467482 24.305676 20.791497 17.921696 15.654656 13.921835 12.639935 11.721833 11.085030 10.657127 10.378469 10.202537 10.094806 10.030799 9.993886 9.973212 9.961965 9.956017 9.952958 9.951427 9.950678 9.950315 9.950129 9.950005 9.949863 9.949619 9.949140 9.948193 9.946348 9.942840 9.936334 9.924566 9.903822 9.868181 9.808518 9.711239 9.556833 9.318440 8.960848 8.440671 7.708861 6.717118 5.429768 3.841365 1.996366 0.000000 
50.000000 44.680117 39.537961 34.733461 30.393920 26.604423 23.404601 20.791497 18.727222 17.149372 15.982105 15.146095 14.566224 14.176572 13.922821 13.762611 13.664507 13.606218 13.572602 13.553775 13.543531 13.538114 13.535328 13.533934 13.533251 13.532918 13.532745 13.532622 13.532471 13.532204 13.531675 13.530622 13.528565 13.524636 13.517315 13.504002 13.480385 13.439506 13.370474 13.256747 13.074003 12.787718 12.350826 11.702300 10.768260 9.468351 7.731424 5.524453 2.893598 0.000000 
50.000000 45.320203 40.796744 36.570306 32.752872 29.419290 26.604423 24.305676 22.489719 21.101663 20.074792 19.339328 18.829192 18.486395 18.263154 18.122206 18.035895 17.984612 17.955036 17.938472 17.929459 17.924693 17.922242 17.921014 17.920412 17.920118 17.919961 17.919845 17.919694 17.919419 17.918871 17.917776 17.915629 17.911512 17.903807 17.889725 17.864588 17.820760 17.746097 17.621788 17.419467 17.097534 16.596815 15.836164 14.709645 13.089116 10.839901 7.862213 4.170928 0.000000 
50.000000 46.078231 42.287474 38.745619 35.546510 32.752872 30.393920 28.467482 26.945631 25.782371 24.921794 24.305428 23.877897 23.590604 23.403508 23.285379 23.213040 23.170059 23.145270 23.131387 23.123833 23.119838 23.117783 23.116754 23.116249 23.116001 23.115867 23.115762 23.115621 23.115360 23.114835 23.113783 23.111714 23.107734 23.100256 23.086521 23.061867 23.018585 22.944232 22.819156 22.612961 22.279551 21.750364 20.925569 19.663755 17.773255 15.015320 11.145516 6.045845 0.000000 
50.000000 46.946274 43.994559 41.236651 38.745619 36.570306 34.733461 33.233395 32.048363 31.142552 30.472431 29.992470 29.659551 29.435834 29.290139 29.198149 29.141817 29.108345 29.089041 29.078229 29.072346 29.069235 29.067635 29.066833 29.066439 29.066245 29.066139 29.066053 29.065934 29.065709 29.065256 29.064345 29.062550 29.059087 29.052556 29.040516 29.018795 28.980432 28.914033 28.801278 28.613145 28.304164 27.803627 27.002038 25.730405 23.730300 20.618326 15.875043 8.976950 0.000000 
50.000000 47.907312 45.884530 43.994559 42.287474 40.796744 39.537961 38.509967 37.697862 37.077105 36.617865 36.288942 36.060787 35.907469 35.807620 35.744576 35.705969 35.683030 35.669800 35.662390 35.658358 35.656225 35.655129 35.654579 35.654309 35.654176 35.654102 35.654040 35.653953 35.653788 35.653454 35.652781 35.651452 35.648882 35.644025 35.635040 35.618770 35.589896 35.539618 35.453576 35.308548 35.067099 34.668601 34.013508 32.934531 31.141957 28.119516 22.942265 14.079906 0.000000 
50.000000 48.935883 47.907312 46.946274 46.078231 45.320203 44.680117 44.157385 43.744431 43.428776 43.195252 43.027993 42.911975 42.834011 42.783237 42.751179 42.731547 42.719882 42.713154 42.709386 42.707335 42.706251 42.705693 42.705413 42.705276 42.705208 42.705170 42.705138 42.705092 42.705005 42.704827 42.704469 42.703761 42.702391 42.699796 42.694987 42.686257 42.670716 42.643548 42.596813 42.517490 42.384152 42.161019 41.786518 41.149274 40.032386 37.969325 33.827406 24.467941 0.000000 
50.000000 50.000000 50.000000 50.000000 50.000000 50.000000 50.000000 50.000000 50.000000 50.000000 50.000000 50.000000 50.000000 50.000000 50.000000 50.000000 50.000000 50.000000 50.000000 50.000000 50.000000 50.000000 50.000000 50.000000 50.000000 50.000000 50.000000 50.000000 50.000000 50.000000 50.000000 50.000000 50.000000 50.000000 50.000000 50.000000 50.000000 50.000000 50.000000 50.000000 50.000000 50.000000 50.000000 50.000000 50.000000 50.000000 50.000000 50.000000 50.000000 50.000000 
