50.000000 50.000000 50.000000 50.000000 50.000000 50.000000 50.000000 50.000000 50.000000 50.000000 50.000000 50.000000 50.000000 50.000000 50.000000 50.000000 50.000000 50.000000 50.000000 50.000000 50.000000 50.000000 50.000000 50.000000 50.000000 50.000000 50.000000 50.000000 50.000000 50.000000 50.000000 50.000000 50.000000 50.000000 50.000000 50.000000 50.000000 50.000000 50.000000 50.000000 50.000000 50.000000 50.000000 50.000000 50.000000 50.000000 50.000000 50.000000 50.000000 50.000000 
50.000000 48.955436 47.945125 46.999951 46.144619 45.395808 44.761524 44.241592 43.829071 43.512196 43.276483 43.106638 42.988051 42.907796 42.855133 42.821613 42.800910 42.788498 42.781272 42.777185 42.774938 42.773737 42.773113 42.772796 42.772639 42.772560 42.772515 42.772478 42.772426 42.772327 42.772129 42.771735 42.770962 42.769480 42.766698 42.761584 42.752374 42.736099 42.707842 42.659544 42.578044 42.441771 42.214810 41.835474 41.192320 40.068445 37.997392 33.846636 24.477718 0.000000 
50.000000 47.945125 45.957632 44.098280 42.415666 40.942604 39.694841 38.672036 37.860528 37.237177 36.773489 36.439374 36.206094 36.048221 35.944624 35.878685 35.837960 35.813545 35.799330 35.791290 35.786871 35.784509 35.783280 35.782657 35.782348 35.782193 35.782106 35.782035 35.781935 35.781749 35.781376 35.780634 35.779182 35.776400 35.771186 35.761623 35.744440 35.714171 35.661825 35.572810 35.423645 35.176619 34.770844 34.106560 33.016350 31.210496 28.172867 22.978816 14.098489 0.000000 
50.000000 46.999951 44.098280 41.383694 38.927143 36.776535 34.954859 33.461616 32.276860 31.366808 30.689856 30.202075 29.861508 29.631028 29.479788 29.383525 29.324072 29.288429 29.267678 29.255941 29.249489 29.246041 29.244248 29.243339 29.242888 29.242663 29.242538 29.242438 29.242300 29.242046 29.241540 29.240534 29.238569 29.234813 29.227792 29.214955 29.191977 29.151691 29.082441 28.965590 28.771756 28.455090 27.944526 27.130271 25.843159 23.824752 20.691847 15.925413 9.002559 0.000000 
50.000000 46.144619 42.415666 38.927143 35.770228 33.006490 30.665471 28.746525 27.224022 26.054540 25.184615 24.557791 24.120148 23.823973 23.629627 23.505929 23.429532 23.383731 23.357066 23.341985 23.333696 23.329265 23.326961 23.325794 23.325214 23.324926 23.324769 23.324646 23.324484 23.324188 23.323600 23.322435 23.320165 23.315839 23.307779 23.293101 23.266959 23.221400 23.143672 23.013745 22.800799 22.458289 21.917227 21.077433 19.797289 17.885114 15.102391 11.205170 6.076174 0.000000 
50.000000 45.395808 40.942604 36.776535 33.006490 29.705996 26.910331 24.618723 22.800558 21.403979 20.365136 19.616604 19.093990 18.740316 18.508242 18.360532 18.269306 18.214616 18.182777 18.164770 18.154871 18.149581 18.146830 18.145437 18.144746 18.144404 18.144220 18.144083 18.143909 18.143596 18.142981 18.141764 18.139401 18.134912 18.126584 18.111489 18.084755 18.038483 17.960197 17.830682 17.621115 17.289414 16.775947 15.999195 14.852998 13.209202 10.933376 7.926254 4.203488 0.000000 
50.000000 44.761524 39.694841 34.954859 30.665471 26.910331 23.729577 21.122327 19.053746 17.464828 16.282925 15.431320 14.836749 14.434383 14.170361 14.002319 13.898539 13.836322 13.800102 13.779617 13.768357 13.762340 13.759211 13.757626 13.756841 13.756454 13.756250 13.756105 13.755931 13.755625 13.755029 13.753855 13.751582 13.747283 13.739341 13.725020 13.699811 13.656498 13.583855 13.464940 13.274975 12.978956 12.529360 11.864789 10.911136 9.588037 7.824588 5.588282 2.926050 0.000000 
50.000000 44.241592 38.672036 33.461616 28.746525 24.618723 21.122327 18.256365 15.982539 14.235984 12.936835 12.000760 11.347221 10.904954 10.614754 10.430054 10.315986 10.247604 10.207795 10.185281 10.172906 10.166292 10.162853 10.161112 10.160251 10.159828 10.159609 10.159462 10.159297 10.159016 10.158475 10.157414 10.155368 10.151513 10.144425 10.131712 10.109476 10.071554 10.008508 9.906368 9.745196 9.497680 9.128183 8.592967 7.842776 6.829299 5.517090 3.901191 2.026783 0.000000 
50.000000 43.829071 37.860528 32.276860 27.224022 22.800558 19.053746 15.982539 13.545892 11.674287 10.282134 9.279057 8.578747 8.104835 7.793874 7.595963 7.473739 7.400468 7.357813 7.333690 7.320431 7.313345 7.309661 7.307796 7.306874 7.306424 7.306195 7.306050 7.305899 7.305655 7.305190 7.304284 7.302544 7.299280 7.293308 7.282654 7.264137 7.232789 7.181113 7.098218 6.968907 6.772946 6.484859 6.074790 5.511144 4.765733 3.821770 2.683909 1.387299 0.000000 
50.000000 43.512196 37.237177 31.366808 26.054540 21.403979 17.464828 14.235984 11.674287 9.706645 8.243071 7.188543 6.452319 5.954110 5.627210 5.419156 5.290671 5.213647 5.168809 5.143451 5.129513 5.122065 5.118193 5.116233 5.115265 5.114794 5.114559 5.114419 5.114286 5.114082 5.113702 5.112967 5.111562 5.108937 5.104156 5.095675 5.081024 5.056396 5.016126 4.952120 4.853323 4.705380 4.490788 4.189853 3.782864 3.253740 2.595052 1.813532 0.934152 0.000000 
50.000000 43.276483 36.773489 30.689856 25.184615 20.365136 16.282925 12.936835 10.282134 8.243071 6.726383 5.633595 4.870668 4.354393 4.015644 3.800051 3.666911 3.587098 3.540637 3.514361 3.499920 3.492202 3.488191 3.486160 3.485158 3.484673 3.484434 3.484299 3.484184 3.484021 3.483724 3.483155 3.482072 3.480057 3.476406 3.469963 3.458899 3.440423 3.410441 3.363192 3.290950 3.183917 3.030467 2.817985 2.534454 2.170870 1.724266 1.200679 0.616940 0.000000 
50.000000 43.106638 36.439374 30.202075 24.557791 19.616604 15.431320 12.000760 9.279057 7.188543 5.633595 4.513250 3.731090 3.201805 2.854522 2.633500 2.497009 2.415188 2.367558 2.340623 2.325819 2.317907 2.313795 2.311714 2.310688 2.310192 2.309951 2.309822 2.309724 2.309597 2.309374 2.308952 2.308153 2.306673 2.304003 2.299316 2.291311 2.278029 2.256625 2.223155 2.172417 2.097944 1.992252 1.847465 1.656407 1.414119 1.119634 0.777549 0.398796 0.000000 
50.000000 42.988051 36.206094 29.861508 24.120148 19.093990 14.836749 11.347221 8.578747 6.452319 4.870668 3.731090 2.935507 2.397144 2.043907 1.819098 1.680269 1.597048 1.548603 1.521207 1.506150 1.498104 1.493921 1.491805 1.490762 1.490259 1.490018 1.489894 1.489809 1.489713 1.489551 1.489250 1.488685 1.487641 1.485767 1.482492 1.476930 1.467754 1.453060 1.430245 1.395923 1.345958 1.275667 1.180251 1.055507 0.898747 0.709817 0.491923 0.251952 0.000000 
50.000000 42.907796 36.048221 29.631028 23.823973 18.740316 14.434383 10.904954 8.104835 5.954110 4.354393 3.201805 2.397144 1.852640 1.495376 1.268006 1.127597 1.043429 0.994433 0.966726 0.951498 0.943361 0.939131 0.936991 0.935937 0.935429 0.935188 0.935068 0.934995 0.934922 0.934808 0.934602 0.934216 0.933509 0.932243 0.930041 0.926320 0.920214 0.910493 0.895495 0.873085 0.840698 0.795478 0.734572 0.655562 0.557015 0.439051 0.303780 0.155423 0.000000 
50.000000 42.855133 35.944624 29.479788 23.629627 18.508242 14.170361 10.614754 7.793875 5.627210 4.015644 2.854522 2.043907 1.495376 1.135473 0.906424 0.764978 0.680189 0.630833 0.602922 0.587582 0.579384 0.575124 0.572969 0.571907 0.571396 0.571155 0.571039 0.570974 0.570918 0.570840 0.570703 0.570450 0.569987 0.569164 0.567736 0.565335 0.561414 0.555206 0.545681 0.531535 0.511220 0.483043 0.445342 0.396753 0.336526 0.264834 0.183001 0.093549 0.000000 
50.000000 42.821613 35.878685 29.383525 23.505929 18.360532 14.002319 10.430054 7.595963 5.419157 3.800051 2.633500 1.819098 1.268006 0.906424 0.676307 0.534202 0.449019 0.399434 0.371393 0.355981 0.347746 0.343466 0.341301 0.340235 0.339722 0.339481 0.339367 0.339308 0.339265 0.339213 0.339124 0.338963 0.338671 0.338154 0.337260 0.335764 0.333331 0.329497 0.323645 0.315001 0.302655 0.285629 0.262978 0.233948 0.198150 0.155733 0.107499 0.054915 0.000000 
50.000000 42.800910 35.837960 29.324072 23.429532 18.269307 13.898539 10.315986 7.473739 5.290671 3.666911 2.497009 1.680269 1.127597 0.764978 0.534203 0.391692 0.306265 0.256538 0.228417 0.212962 0.204704 0.200411 0.198240 0.197171 0.196658 0.196417 0.196305 0.196249 0.196215 0.196179 0.196123 0.196025 0.195846 0.195532 0.194991 0.194089 0.192628 0.190336 0.186854 0.181734 0.174459 0.164474 0.151256 0.134395 0.113694 0.089260 0.061561 0.031430 0.000000 
50.000000 42.788498 35.813545 29.288429 23.383731 18.214617 13.836323 10.247605 7.400468 5.213648 3.587099 2.415189 1.597049 1.043430 0.680190 0.449020 0.306266 0.220694 0.170882 0.142713 0.127232 0.118959 0.114659 0.112485 0.111414 0.110900 0.110659 0.110548 0.110496 0.110467 0.110442 0.110407 0.110348 0.110243 0.110058 0.109741 0.109215 0.108365 0.107037 0.105028 0.102087 0.097925 0.092238 0.084741 0.075217 0.063567 0.049861 0.034364 0.017537 0.000000 
50.000000 42.781272 35.799331 29.267679 23.357068 18.182779 13.800104 10.207797 7.357815 5.168811 3.540639 2.367561 1.548605 0.994436 0.630835 0.399436 0.256540 0.170883 0.121022 0.092826 0.077329 0.069048 0.064744 0.062568 0.061496 0.060982 0.060741 0.060631 0.060580 0.060554 0.060536 0.060515 0.060480 0.060420 0.060314 0.060135 0.059837 0.059357 0.058611 0.057486 0.055846 0.053533 0.050385 0.046251 0.041016 0.034634 0.027146 0.018697 0.009538 0.000000 
50.000000 42.777186 35.791292 29.255944 23.341989 18.164774 13.779622 10.185286 7.333695 5.143456 3.514367 2.340629 1.521213 0.966732 0.602928 0.371399 0.228423 0.142718 0.092829 0.064617 0.049112 0.040826 0.036520 0.034342 0.033270 0.032756 0.032515 0.032405 0.032355 0.032332 0.032318 0.032304 0.032284 0.032251 0.032192 0.032093 0.031930 0.031667 0.031260 0.030649 0.029760 0.028510 0.026816 0.024597 0.021797 0.018392 0.014406 0.009917 0.005057 0.000000 
50.000000 42.774940 35.786875 29.249496 23.333704 18.154881 13.768369 10.172918 7.320444 5.129527 3.499934 2.325833 1.506164 0.951513 0.587596 0.355996 0.212977 0.127246 0.077341 0.049121 0.033611 0.025323 0.021015 0.018837 0.017764 0.017250 0.017009 0.016899 0.016850 0.016828 0.016816 0.016807 0.016796 0.016777 0.016746 0.016693 0.016606 0.016466 0.016250 0.015927 0.015458 0.014802 0.013914 0.012754 0.011295 0.009524 0.007456 0.005131 0.002616 0.000000 
50.000000 42.773743 35.784519 29.246057 23.329285 18.149605 13.762366 10.166321 7.313376 5.122098 3.492236 2.317942 1.498139 0.943396 0.579420 0.347782 0.204739 0.118994 0.069082 0.040856 0.025344 0.017055 0.012746 0.010567 0.009495 0.008980 0.008740 0.008630 0.008581 0.008560 0.008549 0.008543 0.008536 0.008526 0.008510 0.008482 0.008437 0.008364 0.008253 0.008086 0.007845 0.007508 0.007054 0.006463 0.005720 0.004821 0.003772 0.002595 0.001322 0.000000 
50.000000 42.773126 35.783305 29.244285 23.327008 18.146886 13.759274 10.162923 7.309735 5.118270 3.488270 2.313877 1.494004 0.939214 0.575208 0.343550 0.200495 0.114743 0.064826 0.036599 0.021085 0.012795 0.008486 0.006307 0.005234 0.004720 0.004480 0.004370 0.004321 0.004300 0.004290 0.004285 0.004281 0.004276 0.004267 0.004253 0.004230 0.004193 0.004136 0.004051 0.003929 0.003759 0.003530 0.003232 0.002859 0.002408 0.001884 0.001295 0.000660 0.000000 
50.000000 42.772826 35.782715 29.243424 23.325902 18.145565 13.757771 10.161271 7.307966 5.116410 3.486343 2.311901 1.491995 0.937183 0.573161 0.341494 0.198433 0.112678 0.062759 0.034530 0.019016 0.010725 0.006417 0.004237 0.003165 0.002650 0.002410 0.002300 0.002252 0.002230 0.002221 0.002217 0.002214 0.002211 0.002206 0.002198 0.002186 0.002167 0.002137 0.002092 0.002029 0.001940 0.001821 0.001667 0.001474 0.001241 0.000970 0.000667 0.000340 0.000000 
50.000000 42.772705 35.782478 29.243077 23.325456 18.145034 13.757167 10.160607 7.307254 5.115662 3.485568 2.311107 1.491187 0.936365 0.572338 0.340667 0.197604 0.111847 0.061927 0.033698 0.018183 0.009893 0.005584 0.003405 0.002332 0.001817 0.001577 0.001468 0.001419 0.001398 0.001389 0.001385 0.001382 0.001380 0.001377 0.001372 0.001364 0.001352 0.001333 0.001305 0.001265 0.001209 0.001135 0.001038 0.000917 0.000772 0.000604 0.000415 0.000211 0.000000 
50.000000 42.772705 35.782478 29.243077 23.325456 18.145034 13.757167 10.160607 7.307254 5.115662 3.485568 2.311107 1.491187 0.936365 0.572338 0.340667 0.197604 0.111847 0.061927 0.033698 0.018183 0.009893 0.005584 0.003405 0.002332 0.001817 0.001577 0.001468 0.001419 0.001398 0.001389 0.001385 0.001382 0.001380 0.001377 0.001372 0.001364 0.001352 0.001333 0.001305 0.001265 0.001209 0.001135 0.001038 0.000917 0.000772 0.000604 0.000415 0.000211 0.000000 
50.000000 42.772826 35.782715 29.243424 23.325902 18.145565 13.757771 10.161271 7.307966 5.116410 3.486343 2.311901 1.491995 0.937183 0.573161 0.341494 0.198433 0.112678 0.062759 0.034530 0.019016 0.010725 0.006417 0.004237 0.003165 0.002650 0.002410 0.002300 0.002252 0.002230 0.002221 0.002217 0.002214 0.002211 0.002206 0.002198 0.002186 0.002167 0.002137 0.002092 0.002029 0.001940 0.001821 0.001667 0.001474 0.001241 0.000970 0.000667 0.000340 0.000000 
50.000000 42.773126 35.783305 29.244285 23.327008 18.146886 13.759274 10.162923 7.309735 5.118270 3.488270 2.313877 1.494004 0.939214 0.575208 0.343550 0.200495 0.114743 0.064826 0.036599 0.021085 0.012795 0.008486 0.006307 0.005234 0.004720 0.004480 0.004370 0.004321 0.004300 0.004290 0.004285 0.004281 0.004276 0.004267 0.004253 0.004230 0.004193 0.004136 0.004051 0.003929 0.003759 0.003530 0.003232 0.002859 0.002408 0.001884 0.001295 0.000660 0.000000 
50.000000 42.773743 35.784519 29.246057 23.329285 18.149605 13.762366 10.166321 7.313376 5.122098 3.492236 2.317942 1.498139 0.943396 0.579420 0.347782 0.204739 0.118994 0.069082 0.040856 0.025344 0.017055 0.012746 0.010567 0.009495 0.008980 0.008740 0.008630 0.008581 0.008560 0.008549 0.008543 0.008536 0.008526 0.008510 0.008482 0.008437 0.008364 0.008253 0.008086 0.007845 0.007508 0.007054 0.006463 0.005720 0.004821 0.003772 0.002595 0.001322 0.000000 
50.000000 42.774940 35.786875 29.249496 23.333704 18.154881 13.768369 10.172918 7.320444 5.129527 3.499934 2.325833 1.506164 0.951513 0.587596 0.355996 0.212977 0.127246 0.077341 0.049121 0.033611 0.025323 0.021015 0.018837 0.017764 0.017250 0.017009 0.016899 0.016850 0.016828 0.016816 0.016807 0.016796 0.016777 0.016746 0.016693 0.016606 0.016466 0.016250 0.015927 0.015458 0.014802 0.013914 0.012754 0.011295 0.009524 0.007456 0.005131 0.002616 0.000000 
50.000000 42.777186 35.791292 29.255944 23.341989 18.164774 13.779622 10.185286 7.333695 5.143456 3.514367 2.340629 1.521213 0.966732 0.602928 0.371399 0.228423 0.142718 0.092829 0.064617 0.049112 0.040826 0.036520 0.034342 0.033270 0.032756 0.032515 0.032405 0.032355 0.032332 0.032318 0.032304 0.032284 0.032251 0.032192 0.032093 0.031930 0.031667 0.031260 0.030649 0.029760 0.028510 0.026816 0.024597 0.021797 0.018392 0.014406 0.009917 0.005057 0.000000 
50.000000 42.781272 35.799331 29.267679 23.357068 18.182779 13.800104 10.207797 7.357815 5.168811 3.540639 2.367561 1.548605 0.994436 0.630835 0.399436 0.256540 0.170883 0.121022 0.092826 0.077329 0.069048 0.064744 0.062568 0.061496 0.060982 0.060741 0.060631 0.060580 0.060554 0.060536 0.060515 0.060480 0.060420 0.060314 0.060135 0.059837 0.059357 0.058611 0.057486 0.055846 0.053533 0.050385 0.046251 0.041016 0.034634 0.027146 0.018697 0.009538 0.000000 
50.000000 42.788498 35.813545 29.288429 23.383731 18.214617 13.836323 10.247605 7.400468 5.213648 3.587099 2.415189 1.597049 1.043430 0.680190 0.449020 0.306266 0.220694 0.170882 0.142713 0.127232 0.118959 0.114659 0.112485 0.111414 0.110900 0.110659 0.110548 0.110496 0.110467 0.110442 0.110407 0.110348 0.110243 0.110058 0.109741 0.109215 0.108365 0.107037 0.105028 0.102087 0.097925 0.092238 0.084741 0.075217 0.063567 0.049861 0.034364 0.017537 0.000000 
50.000000 42.800910 35.837960 29.324072 23.429532 18.269307 13.898539 10.315986 7.473739 5.290671 3.666911 2.497009 1.680269 1.127597 0.764978 0.534203 0.391692 0.306265 0.256538 0.228417 0.212962 0.204704 0.200411 0.198240 0.197171 0.196658 0.196417 0.196305 0.196249 0.196215 0.196179 0.196123 0.196025 0.195846 0.195532 0.194991 0.194089 0.192628 0.190336 0.186854 0.181734 0.174459 0.164474 0.151256 0.134395 0.113694 0.089260 0.061561 0.031430 0.000000 
50.000000 42.821613 35.878685 29.383525 23.505929 18.360532 14.002319 10.430054 7.595963 5.419157 3.800051 2.633500 1.819098 1.268006 0.906424 0.676307 0.534202 0.449019 0.399434 0.371393 0.355981 0.347746 0.343466 0.341301 0.340235 0.339722 0.339481 0.339367 0.339308 0.339265 0.339213 0.339124 0.338963 0.338671 0.338154 0.337260 0.335764 0.333331 0.329497 0.323645 0.315001 0.302655 0.285629 0.262978 0.233948 0.198150 0.155733 0.107499 0.054915 0.000000 
50.000000 42.855133 35.944624 29.479788 23.629627 18.508242 14.170361 10.614754 7.793875 5.627210 4.015644 2.854522 2.043907 1.495376 1.135473 0.906424 0.764978 0.680189 0.630833 0.602922 0.587582 0.579384 0.575124 0.572969 0.571907 0.571396 0.571155 0.571039 0.570974 0.570918 0.570840 0.570703 0.570450 0.569987 0.569164 0.567736 0.565335 0.561414 0.555206 0.545681 0.531535 0.511220 0.483043 0.445342 0.396753 0.336526 0.264834 0.183001 0.093549 0.000000 
50.000000 42.907796 36.048221 29.631028 23.823973 18.740316 14.434383 10.904954 8.104835 5.954110 4.354393 3.201805 2.397144 1.852640 1.495376 1.268006 1.127597 1.043429 0.994433 0.966726 0.951498 0.943361 0.939131 0.936991 0.935937 0.935429 0.935188 0.935068 0.934995 0.934922 0.934808 0.934602 0.934216 0.933509 0.932243 0.930041 0.926320 0.920214 0.910493 0.895495 0.873085 0.840698 0.795478 0.734572 0.655562 0.557015 0.439051 0.303780 0.155423 0.000000 
50.000000 42.988051 36.206094 29.861508 24.120148 19.093990 14.836749 11.347221 8.578747 6.452319 4.870668 3.731090 2.935507 2.397144 2.043907 1.819098 1.680269 1.597048 1.548603 1.521207 1.506150 1.498104 1.493921 1.491805 1.490762 1.490259 1.490018 1.489894 1.489809 1.489713 1.489551 1.489250 1.488685 1.487641 1.485767 1.482492 1.476930 1.467754 1.453060 1.430245 1.395923 1.345958 1.275667 1.180251 1.055507 0.898747 0.709817 0.491923 0.251952 0.000000 
50.000000 43.106638 36.439374 30.202075 24.557791 19.616604 15.431320 12.000760 9.279057 7.188543 5.633595 4.513250 3.731090 3.201805 2.854522 2.633500 2.497009 2.415188 2.367558 2.340623 2.325819 2.317907 2.313795 2.311714 2.310688 2.310192 2.309951 2.309822 2.309724 2.309597 2.309374 2.308952 2.308153 2.306673 2.304003 2.299316 2.291311 2.278029 2.256625 2.223155 2.172417 2.097944 1.992252 1.847465 1.656407 1.414119 1.119634 0.777549 0.398796 0.000000 
50.000000 43.276483 36.773489 30.689856 25.184615 20.365136 16.282925 12.936835 10.282134 8.243071 6.726383 5.633595 4.870668 4.354393 4.015644 3.800051 3.666911 3.587098 3.540637 3.514361 3.499920 3.492202 3.488191 3.486160 3.485158 3.484673 3.484434 3.484299 3.484184 3.484021 3.483724 3.483155 3.482072 3.480057 3.476406 3.469963 3.458899 3.440423 3.410441 3.363192 3.290950 3.183917 3.030467 2.817985 2.534454 2.170870 1.724266 1.200679 0.616940 0.000000 
50.000000 43.512196 37.237177 31.366808 26.054540 21.403979 17.464828 14.235984 11.674287 9.706645 8.243071 7.188543 6.452319 5.954110 5.627210 5.419156 5.290671 5.213647 5.168809 5.143451 5.129513 5.122065 5.118193 5.116233 5.115265 5.114794 5.114559 5.114419 5.114286 5.114082 5.113702 5.112967 5.111562 5.108937 5.104156 5.095675 5.081024 5.056396 5.016126 4.952120 4.853323 4.705380 4.490788 4.189853 3.782864 3.253740 2.595052 1.813532 0.934152 0.000000 
50.000000 43.829071 37.860528 32.276860 27.224022 22.800558 19.053746 15.982539 13.545892 11.674287 10.282134 9.279057 8.578747 8.104835 7.793874 7.595963 7.473739 7.400468 7.357813 7.333690 7.320431 7.313345 7.309661 7.307796 7.306874 7.306424 7.306195 7.306050 7.305899 7.305655 7.305190 7.304284 7.302544 7.299280 7.293308 7.282654 7.264137 7.232789 7.181113 7.098218 6.968907 6.772946 6.484859 6.074790 5.511144 4.765733 3.821770 2.683909 1.387299 0.000000 
50.000000 44.241592 38.672036 33.461616 28.746525 24.618723 21.122327 18.256365 15.982539 14.235984 12.936835 12.000760 11.347221 10.904954 10.614754 10.430054 10.315986 10.247604 10.207795 10.185281 10.172906 10.166292 10.162853 10.161112 10.160251 10.159828 10.159609 10.159462 10.159297 10.159016 10.158475 10.157414 10.155368 10.151513 10.144425 10.131712 10.109476 10.071554 10.008508 9.906368 9.745196 9.497680 9.128183 8.592967 7.842776 6.829299 5.517090 3.901191 2.026783 0.000000 
50.000000 44.761524 39.694841 34.954859 30.665471 26.910331 23.729577 21.122327 19.053746 17.464828 16.282925 15.431320 14.836749 14.434383 14.170361 14.002319 13.898539 13.836322 13.800102 13.779617 13.768357 13.762340 13.759211 13.757626 13.756841 13.756454 13.756250 13.756105 13.755931 13.755625 13.755029 13.753855 13.751582 13.747283 13.739341 13.725020 13.699811 13.656498 13.583855 13.464940 13.274975 12.978956 12.529360 11.864789 10.911136 9.588037 7.824588 5.588282 2.926050 0.000000 
50.000000 45.395808 40.942604 36.776535 33.006490 29.705996 26.910331 24.618723 22.800558 21.403979 20.365136 19.616604 19.093990 18.740316 18.508242 18.360532 18.269306 18.214616 18.182777 18.164770 18.154871 18.149581 18.146830 18.145437 18.144746 18.144404 18.144220 18.144083 18.143909 18.143596 18.142981 18.141764 18.139401 18.134912 18.126584 18.111489 18.084755 18.038483 17.960197 17.830682 17.621115 17.289414 16.775947 15.999195 14.852998 13.209202 10.933376 7.926254 4.203488 0.000000 
50.000000 46.144619 42.415666 38.927143 35.770228 33.006490 30.665471 28.746525 27.224022 26.054540 25.184615 24.557791 24.120148 23.823973 23.629627 23.505929 23.429532 23.383731 23.357066 23.341985 23.333696 23.329265 23.326961 23.325794 23.325214 23.324926 23.324769 23.324646 23.324484 23.324188 23.323600 23.322435 23.320165 23.315839 23.307779 23.293101 23.266959 23.221400 23.143672 23.013745 22.800799 22.458289 21.917227 21.077433 19.797289 17.885114 15.102391 11.205170 6.076174 0.000000 
50.000000 46.999951 44.098280 41.383694 38.927143 36.776535 34.954859 33.461616 32.276860 31.366808 30.689856 30.202075 29.861508 29.631028 29.479788 29.383525 29.324072 29.288429 29.267678 29.255941 29.249489 29.246041 29.244248 29.243339 29.242888 29.242663 29.242538 29.242438 29.242300 29.242046 29.241540 29.240534 29.238569 29.234813 29.227792 29.214955 29.191977 29.151691 29.082441 28.965590 28.771756 28.455090 27.944526 27.130271 25.843159 23.824752 20.691847 15.925413 9.002559 0.000000 
50.000000 47.945125 45.957632 44.098280 42.415666 40.942604 39.694841 38.672036 37.860528 37.237177 36.773489 36.439374 36.206094 36.048221 35.944624 35.878685 35.837960 35.813545 35.799330 35.791290 35.786871 35.784509 35.783280 35.782657 35.782348 35.782193 35.782106 35.782035 35.781935 35.781749 35.781376 35.780634 35.779182 35.776400 35.771186 35.761623 35.744440 35.714171 35.661825 35.572810 35.423645 35.176619 34.770844 34.106560 33.016350 31.210496 28.172867 22.978816 14.098489 0.000000 
50.000000 48.955436 47.945125 46.999951 46.144619 45.395808 44.761524 44.241592 43.829071 43.512196 43.276483 43.106638 42.988051 42.907796 42.855133 42.821613 42.800910 42.788498 42.781272 42.777185 42.774938 42.773737 42.773113 42.772796 42.772639 42.772560 42.772515 42.772478 42.772426 42.772327 42.772129 42.771735 42.770962 42.769480 42.766698 42.761584 42.752374 42.736099 42.707842 42.659544 42.578044 42.441771 42.214810 41.835474 41.192320 40.068445 37.997392 33.846636 24.477718 0.000000 
50.000000 50.000000 50.000000 50.000000 50.000000 50.000000 50.000000 50.000000 50.000000 50.000000 50.000000 50.000000 50.000000 50.000000 50.000000 50.000000 50.000000 50.000000 50.000000 50.000000 50.000000 50.000000 50.000000 50.000000 50.000000 50.000000 50.000000 50.000000 50.000000 50.000000 50.000000 50.000000 50.000000 50.000000 50.000000 50.000000 50.000000 50.000000 50.000000 50.000000 50.000000 50.000000 50.000000 50.000000 50.000000 50.000000 50.000000 50.000000 50.000000 50.000000 
