50.000000 50.000000 50.000000 50.000000 50.000000 50.000000 50.000000 50.000000 50.000000 50.000000 50.000000 50.000000 50.000000 50.000000 50.000000 50.000000 50.000000 50.000000 50.000000 50.000000 50.000000 50.000000 50.000000 50.000000 50.000000 50.000000 50.000000 50.000000 50.000000 50.000000 50.000000 50.000000 50.000000 50.000000 50.000000 50.000000 50.000000 50.000000 50.000000 50.000000 50.000000 50.000000 50.000000 50.000000 50.000000 50.000000 50.000000 50.000000 50.000000 50.000000 
50.000000 42.591215 36.885103 33.432822 31.747832 31.067097 30.834325 30.765692 30.747971 30.743913 30.743079 30.742925 30.742899 30.742895 30.742894 30.742894 30.742894 30.742894 30.742894 30.742894 30.742894 30.742894 30.742894 30.742894 30.742894 30.742894 30.742894 30.742894 30.742894 30.742894 30.742894 30.742894 30.742894 30.742894 30.742894 30.742894 30.742894 30.742894 30.742892 30.742882 30.742818 30.742452 30.740530 30.731297 30.690806 30.528676 29.933232 27.901532 21.295608 0.000000 
50.000000 36.885103 26.785835 20.677345 17.697011 16.493474 16.082131 15.960906 15.929623 15.922463 15.920993 15.920721 15.920675 15.920668 15.920666 15.920666 15.920666 15.920666 15.920666 15.920666 15.920666 15.920666 15.920666 15.920666 15.920666 15.920666 15.920666 15.920666 15.920666 15.920666 15.920666 15.920666 15.920666 15.920666 15.920666 15.920666 15.920666 15.920666 15.920664 15.920652 15.920575 15.920140 15.917892 15.907333 15.862532 15.692011 15.114421 13.392918 8.983571 0.000000 
50.000000 33.432822 20.677345 12.964690 9.203237 7.684994 7.166365 7.013609 6.974212 6.965200 6.963353 6.963010 6.962952 6.962943 6.962942 6.962941 6.962941 6.962941 6.962941 6.962941 6.962941 6.962941 6.962941 6.962941 6.962941 6.962941 6.962941 6.962941 6.962941 6.962941 6.962941 6.962941 6.962941 6.962941 6.962941 6.962941 6.962941 6.962941 6.962940 6.962931 6.962878 6.962578 6.961055 6.954041 6.925120 6.819462 6.482345 5.562924 3.499590 0.000000 
50.000000 31.747832 17.697011 9.203237 5.062182 3.391352 2.820837 2.652873 2.609574 2.599674 2.597645 2.597269 2.597206 2.597196 2.597194 2.597194 2.597194 2.597194 2.597194 2.597194 2.597194 2.597194 2.597194 2.597194 2.597194 2.597194 2.597194 2.597194 2.597194 2.597194 2.597194 2.597194 2.597194 2.597194 2.597194 2.597194 2.597194 2.597194 2.597193 2.597189 2.597162 2.597014 2.596268 2.592892 2.579284 2.531091 2.383775 2.005000 1.219157 0.000000 
50.000000 31.067097 16.493474 7.684994 3.391352 1.659352 1.068097 0.894074 0.849225 0.838974 0.836874 0.836484 0.836419 0.836409 0.836407 0.836407 0.836407 0.836407 0.836407 0.836407 0.836407 0.836407 0.836407 0.836407 0.836407 0.836407 0.836407 0.836407 0.836407 0.836407 0.836407 0.836407 0.836407 0.836407 0.836407 0.836407 0.836407 0.836407 0.836407 0.836405 0.836394 0.836337 0.836049 0.834764 0.829676 0.812067 0.759874 0.630942 0.376291 0.000000 
50.000000 30.834325 16.082131 7.166365 2.820837 1.068097 0.469834 0.293770 0.248401 0.238033 0.235909 0.235515 0.235449 0.235438 0.235437 0.235437 0.235437 0.235437 0.235437 0.235437 0.235437 0.235437 0.235437 0.235437 0.235437 0.235437 0.235437 0.235437 0.235437 0.235437 0.235437 0.235437 0.235437 0.235437 0.235437 0.235437 0.235437 0.235437 0.235437 0.235436 0.235433 0.235414 0.235322 0.234917 0.233333 0.227944 0.212324 0.174797 0.103028 0.000000 
50.000000 30.765692 15.960906 7.013609 2.652873 0.894074 0.293770 0.117114 0.071595 0.061192 0.059061 0.058667 0.058600 0.058590 0.058588 0.058588 0.058588 0.058588 0.058588 0.058588 0.058588 0.058588 0.058588 0.058588 0.058588 0.058588 0.058588 0.058588 0.058588 0.058588 0.058588 0.058588 0.058588 0.058588 0.058588 0.058588 0.058588 0.058588 0.058588 0.058588 0.058587 0.058582 0.058557 0.058448 0.058025 0.056605 0.052554 0.043014 0.025162 0.000000 
50.000000 30.747971 15.929623 6.974212 2.609574 0.849225 0.248401 0.071595 0.026037 0.015627 0.013494 0.013099 0.013032 0.013022 0.013020 0.013020 0.013020 0.013020 0.013020 0.013020 0.013020 0.013020 0.013020 0.013020 0.013020 0.013020 0.013020 0.013020 0.013020 0.013020 0.013020 0.013020 0.013020 0.013020 0.013020 0.013020 0.013020 0.013020 0.013020 0.013020 0.013020 0.013019 0.013013 0.012987 0.012888 0.012560 0.011634 0.009483 0.005519 0.000000 
50.000000 30.743913 15.922463 6.965200 2.599674 0.838974 0.238033 0.061192 0.015627 0.005214 0.003081 0.002686 0.002619 0.002609 0.002607 0.002607 0.002607 0.002607 0.002607 0.002607 0.002607 0.002607 0.002607 0.002607 0.002607 0.002607 0.002607 0.002607 0.002607 0.002607 0.002607 0.002607 0.002607 0.002607 0.002607 0.002607 0.002607 0.002607 0.002607 0.002607 0.002607 0.002607 0.002606 0.002600 0.002580 0.002512 0.002323 0.001888 0.001095 0.000000 
50.000000 30.743079 15.920993 6.963353 2.597645 0.836874 0.235909 0.059061 0.013494 0.003081 0.000948 0.000553 0.000486 0.000476 0.000474 0.000474 0.000474 0.000474 0.000474 0.000474 0.000474 0.000474 0.000474 0.000474 0.000474 0.000474 0.000474 0.000474 0.000474 0.000474 0.000474 0.000474 0.000474 0.000474 0.000474 0.000474 0.000474 0.000474 0.000474 0.000474 0.000474 0.000474 0.000474 0.000473 0.000469 0.000456 0.000421 0.000342 0.000198 0.000000 
50.000000 30.742925 15.920721 6.963010 2.597269 0.836484 0.235515 0.058667 0.013099 0.002686 0.000553 0.000158 0.000091 0.000080 0.000079 0.000079 0.000079 0.000079 0.000079 0.000079 0.000079 0.000079 0.000079 0.000079 0.000079 0.000079 0.000079 0.000079 0.000079 0.000079 0.000079 0.000079 0.000079 0.000079 0.000079 0.000079 0.000079 0.000079 0.000079 0.000079 0.000079 0.000079 0.000079 0.000079 0.000078 0.000076 0.000070 0.000057 0.000033 0.000000 
50.000000 30.742899 15.920675 6.962952 2.597206 0.836419 0.235449 0.058600 0.013032 0.002619 0.000486 0.000091 0.000024 0.000014 0.000012 0.000012 0.000012 0.000012 0.000012 0.000012 0.000012 0.000012 0.000012 0.000012 0.000012 0.000012 0.000012 0.000012 0.000012 0.000012 0.000012 0.000012 0.000012 0.000012 0.000012 0.000012 0.000012 0.000012 0.000012 0.000012 0.000012 0.000012 0.000012 0.000012 0.000012 0.000012 0.000011 0.000009 0.000005 0.000000 
50.000000 30.742895 15.920668 6.962943 2.597196 0.836409 0.235438 0.058590 0.013022 0.002609 0.000476 0.000080 0.000014 0.000003 0.000002 0.000002 0.000002 0.000002 0.000002 0.000002 0.000002 0.000002 0.000002 0.000002 0.000002 0.000002 0.000002 0.000002 0.000002 0.000002 0.000002 0.000002 0.000002 0.000002 0.000002 0.000002 0.000002 0.000002 0.000002 0.000002 0.000002 0.000002 0.000002 0.000002 0.000002 0.000002 0.000002 0.000001 0.000001 0.000000 
50.000000 30.742894 15.920666 6.962942 2.597194 0.836407 0.235437 0.058588 0.013020 0.002607 0.000474 0.000079 0.000012 0.000002 0.000000 0.000000 0.000000 0.000000 0.000000 0.000000 0.000000 0.000000 0.000000 0.000000 0.000000 0.000000 0.000000 0.000000 0.000000 0.000000 0.000000 0.000000 0.000000 0.000000 0.000000 0.000000 0.000000 0.000000 0.000000 0.000000 0.000000 0.000000 0.000000 0.000000 0.000000 0.000000 0.000000 0.000000 0.000000 0.000000 
50.000000 30.742894 15.920666 6.962941 2.597194 0.836407 0.235437 0.058588 0.013020 0.002607 0.000474 0.000079 0.000012 0.000002 0.000000 0.000000 0.000000 0.000000 0.000000 0.000000 0.000000 0.000000 0.000000 0.000000 0.000000 0.000000 0.000000 0.000000 0.000000 0.000000 0.000000 0.000000 0.000000 0.000000 0.000000 0.000000 0.000000 0.000000 0.000000 0.000000 0.000000 0.000000 0.000000 0.000000 0.000000 0.000000 0.000000 0.000000 0.000000 0.000000 
50.000000 30.742894 15.920666 6.962941 2.597194 0.836407 0.235437 0.058588 0.013020 0.002607 0.000474 0.000079 0.000012 0.000002 0.000000 0.000000 0.000000 0.000000 0.000000 0.000000 0.000000 0.000000 0.000000 0.000000 0.000000 0.000000 0.000000 0.000000 0.000000 0.000000 0.000000 0.000000 0.000000 0.000000 0.000000 0.000000 0.000000 0.000000 0.000000 0.000000 0.000000 0.000000 0.000000 0.000000 0.000000 0.000000 0.000000 0.000000 0.000000 0.000000 
50.000000 30.742894 15.920666 6.962941 2.597194 0.836407 0.235437 0.058588 0.013020 0.002607 0.000474 0.000079 0.000012 0.000002 0.000000 0.000000 0.000000 0.000000 0.000000 0.000000 0.000000 0.000000 0.000000 0.000000 0.000000 0.000000 0.000000 0.000000 0.000000 0.000000 0.000000 0.000000 0.000000 0.000000 0.000000 0.000000 0.000000 0.000000 0.000000 0.000000 0.000000 0.000000 0.000000 0.000000 0.000000 0.000000 0.000000 0.000000 0.000000 0.000000 
50.000000 30.742894 15.920666 6.962941 2.597194 0.836407 0.235437 0.058588 0.013020 0.002607 0.000474 0.000079 0.000012 0.000002 0.000000 0.000000 0.000000 0.000000 0.000000 0.000000 0.000000 0.000000 0.000000 0.000000 0.000000 0.000000 0.000000 0.000000 0.000000 0.000000 0.000000 0.000000 0.000000 0.000000 0.000000 0.000000 0.000000 0.000000 0.000000 0.000000 0.000000 0.000000 0.000000 0.000000 0.000000 0.000000 0.000000 0.000000 0.000000 0.000000 
50.000000 30.742894 15.920666 6.962941 2.597194 0.836407 0.235437 0.058588 0.013020 0.002607 0.000474 0.000079 0.000012 0.000002 0.000000 0.000000 0.000000 0.000000 0.000000 0.000000 0.000000 0.000000 0.000000 0.000000 0.000000 0.000000 0.000000 0.000000 0.000000 0.000000 0.000000 0.000000 0.000000 0.000000 0.000000 0.000000 0.000000 0.000000 0.000000 0.000000 0.000000 0.000000 0.000000 0.000000 0.000000 0.000000 0.000000 0.000000 0.000000 0.000000 
50.000000 30.742894 15.920666 6.962941 2.597194 0.836407 0.235437 0.058588 0.013020 0.002607 0.000474 0.000079 0.000012 0.000002 0.000000 0.000000 0.000000 0.000000 0.000000 0.000000 0.000000 0.000000 0.000000 0.000000 0.000000 0.000000 0.000000 0.000000 0.000000 0.000000 0.000000 0.000000 0.000000 0.000000 0.000000 0.000000 0.000000 0.000000 0.000000 0.000000 0.000000 0.000000 0.000000 0.000000 0.000000 0.000000 0.000000 0.000000 0.000000 0.000000 
50.000000 30.742894 15.920666 6.962941 2.597194 0.836407 0.235437 0.058588 0.013020 0.002607 0.000474 0.000079 0.000012 0.000002 0.000000 0.000000 0.000000 0.000000 0.000000 0.000000 0.000000 0.000000 0.000000 0.000000 0.000000 0.000000 0.000000 0.000000 0.000000 0.000000 0.000000 0.000000 0.000000 0.000000 0.000000 0.000000 0.000000 0.000000 0.000000 0.000000 0.000000 0.000000 0.000000 0.000000 0.000000 0.000000 0.000000 0.000000 0.000000 0.000000 
50.000000 30.742894 15.920666 6.962941 2.597194 0.836407 0.235437 0.058588 0.013020 0.002607 0.000474 0.000079 0.000012 0.000002 0.000000 0.000000 0.000000 0.000000 0.000000 0.000000 0.000000 0.000000 0.000000 0.000000 0.000000 0.000000 0.000000 0.000000 0.000000 0.000000 0.000000 0.000000 0.000000 0.000000 0.000000 0.000000 0.000000 0.000000 0.000000 0.000000 0.000000 0.000000 0.000000 0.000000 0.000000 0.000000 0.000000 0.000000 0.000000 0.000000 
50.000000 30.742894 15.920666 6.962941 2.597194 0.836407 0.235437 0.058588 0.013020 0.002607 0.000474 0.000079 0.000012 0.000002 0.000000 0.000000 0.000000 0.000000 0.000000 0.000000 0.000000 0.000000 0.000000 0.000000 0.000000 0.000000 0.000000 0.000000 0.000000 0.000000 0.000000 0.000000 0.000000 0.000000 0.000000 0.000000 0.000000 0.000000 0.000000 0.000000 0.000000 0.000000 0.000000 0.000000 0.000000 0.000000 0.000000 0.000000 0.000000 0.000000 
50.000000 30.742894 15.920666 6.962941 2.597194 0.836407 0.235437 0.058588 0.013020 0.002607 0.000474 0.000079 0.000012 0.000002 0.000000 0.000000 0.000000 0.000000 0.000000 0.000000 0.000000 0.000000 0.000000 0.000000 0.000000 0.000000 0.000000 0.000000 0.000000 0.000000 0.000000 0.000000 0.000000 0.000000 0.000000 0.000000 0.000000 0.000000 0.000000 0.000000 0.000000 0.000000 0.000000 0.000000 0.000000 0.000000 0.000000 0.000000 0.000000 0.000000 
50.000000 30.742894 15.920666 6.962941 2.597194 0.836407 0.235437 0.058588 0.013020 0.002607 0.000474 0.000079 0.000012 0.000002 0.000000 0.000000 0.000000 0.000000 0.000000 0.000000 0.000000 0.000000 0.000000 0.000000 0.000000 0.000000 0.000000 0.000000 0.000000 0.000000 0.000000 0.000000 0.000000 0.000000 0.000000 0.000000 0.000000 0.000000 0.000000 0.000000 0.000000 0.000000 0.000000 0.000000 0.000000 0.000000 0.000000 0.000000 0.000000 0.000000 
50.000000 30.742894 15.920666 6.962941 2.597194 0.836407 0.235437 0.058588 0.013020 0.002607 0.000474 0.000079 0.000012 0.000002 0.000000 0.000000 0.000000 0.000000 0.000000 0.000000 0.000000 0.000000 0.000000 0.000000 0.000000 0.000000 0.000000 0.000000 0.000000 0.000000 0.000000 0.000000 0.000000 0.000000 0.000000 0.000000 0.000000 0.000000 0.000000 0.000000 0.000000 0.000000 0.000000 0.000000 0.000000 0.000000 0.000000 0.000000 0.000000 0.000000 
50.000000 30.742894 15.920666 6.962941 2.597194 0.836407 0.235437 0.058588 0.013020 0.002607 0.000474 0.000079 0.000012 0.000002 0.000000 0.000000 0.000000 0.000000 0.000000 0.000000 0.000000 0.000000 0.000000 0.000000 0.000000 0.000000 0.000000 0.000000 0.000000 0.000000 0.000000 0.000000 0.000000 0.000000 0.000000 0.000000 0.000000 0.000000 0.000000 0.000000 0.000000 0.000000 0.000000 0.000000 0.000000 0.000000 0.000000 0.000000 0.000000 0.000000 
50.000000 30.742894 15.920666 6.962941 2.597194 0.836407 0.235437 0.058588 0.013020 0.002607 0.000474 0.000079 0.000012 0.000002 0.000000 0.000000 0.000000 0.000000 0.000000 0.000000 0.000000 0.000000 0.000000 0.000000 0.000000 0.000000 0.000000 0.000000 0.000000 0.000000 0.000000 0.000000 0.000000 0.000000 0.000000 0.000000 0.000000 0.000000 0.000000 0.000000 0.000000 0.000000 0.000000 0.000000 0.000000 0.000000 0.000000 0.000000 0.000000 0.000000 
50.000000 30.742894 15.920666 6.962941 2.597194 0.836407 0.235437 0.058588 0.013020 0.002607 0.000474 0.000079 0.000012 0.000002 0.000000 0.000000 0.000000 0.000000 0.000000 0.000000 0.000000 0.000000 0.000000 0.000000 0.000000 0.000000 0.000000 0.000000 0.000000 0.000000 0.000000 0.000000 0.000000 0.000000 0.000000 0.000000 0.000000 0.000000 0.000000 0.000000 0.000000 0.000000 0.000000 0.000000 0.000000 0.000000 0.000000 0.000000 0.000000 0.000000 
50.000000 30.742894 15.920666 6.962941 2.597194 0.836407 0.235437 0.058588 0.013020 0.002607 0.000474 0.000079 0.000012 0.000002 0.000000 0.000000 0.000000 0.000000 0.000000 0.000000 0.000000 0.000000 0.000000 0.000000 0.000000 0.000000 0.000000 0.000000 0.000000 0.000000 0.000000 0.000000 0.000000 0.000000 0.000000 0.000000 0.000000 0.000000 0.000000 0.000000 0.000000 0.000000 0.000000 0.000000 0.000000 0.000000 0.000000 0.000000 0.000000 0.000000 
50.000000 30.742894 15.920666 6.962941 2.597194 0.836407 0.235437 0.058588 0.013020 0.002607 0.000474 0.000079 0.000012 0.000002 0.000000 0.000000 0.000000 0.000000 0.000000 0.000000 0.000000 0.000000 0.000000 0.000000 0.000000 0.000000 0.000000 0.000000 0.000000 0.000000 0.000000 0.000000 0.000000 0.000000 0.000000 0.000000 0.000000 0.000000 0.000000 0.000000 0.000000 0.000000 0.000000 0.000000 0.000000 0.000000 0.000000 0.000000 0.000000 0.000000 
50.000000 30.742894 15.920666 6.962941 2.597194 0.836407 0.235437 0.058588 0.013020 0.002607 0.000474 0.000079 0.000012 0.000002 0.000000 0.000000 0.000000 0.000000 0.000000 0.000000 0.000000 0.000000 0.000000 0.000000 0.000000 0.000000 0.000000 0.000000 0.000000 0.000000 0.000000 0.000000 0.000000 0.000000 0.000000 0.000000 0.000000 0.000000 0.000000 0.000000 0.000000 0.000000 0.000000 0.000000 0.000000 0.000000 0.000000 0.000000 0.000000 0.000000 
50.000000 30.742894 15.920666 6.962941 2.597194 0.836407 0.235437 0.058588 0.013020 0.002607 0.000474 0.000079 0.000012 0.000002 0.000000 0.000000 0.000000 0.000000 0.000000 0.000000 0.000000 0.000000 0.000000 0.000000 0.000000 0.000000 0.000000 0.000000 0.000000 0.000000 0.000000 0.000000 0.000000 0.000000 0.000000 0.000000 0.000000 0.000000 0.000000 0.000000 0.000000 0.000000 0.000000 0.000000 0.000000 0.000000 0.000000 0.000000 0.000000 0.000000 
50.000000 30.742894 15.920666 6.962941 2.597194 0.836407 0.235437 0.058588 0.013020 0.002607 0.000474 0.000079 0.000012 0.000002 0.000000 0.000000 0.000000 0.000000 0.000000 0.000000 0.000000 0.000000 0.000000 0.000000 0.000000 0.000000 0.000000 0.000000 0.000000 0.000000 0.000000 0.000000 0.000000 0.000000 0.000000 0.000000 0.000000 0.000000 0.000000 0.000000 0.000000 0.000000 0.000000 0.000000 0.000000 0.000000 0.000000 0.000000 0.000000 0.000000 
50.000000 30.742894 15.920666 6.962942 2.597194 0.836407 0.235437 0.058588 0.013020 0.002607 0.000474 0.000079 0.000012 0.000002 0.000000 0.000000 0.000000 0.000000 0.000000 0.000000 0.000000 0.000000 0.000000 0.000000 0.000000 0.000000 0.000000 0.000000 0.000000 0.000000 0.000000 0.000000 0.000000 0.000000 0.000000 0.000000 0.000000 0.000000 0.000000 0.000000 0.000000 0.000000 0.000000 0.000000 0.000000 0.000000 0.000000 0.000000 0.000000 0.000000 
50.000000 30.742895 15.920668 6.962943 2.597196 0.836409 0.235438 0.058590 0.013022 0.002609 0.000476 0.000080 0.000014 0.000003 0.000002 0.000002 0.000002 0.000002 0.000002 0.000002 0.000002 0.000002 0.000002 0.000002 0.000002 0.000002 0.000002 0.000002 0.000002 0.000002 0.000002 0.000002 0.000002 0.000002 0.000002 0.000002 0.000002 0.000002 0.000002 0.000002 0.000002 0.000002 0.000002 0.000002 0.000002 0.000002 0.000002 0.000001 0.000001 0.000000 
50.000000 30.742899 15.920675 6.962952 2.597206 0.836419 0.235449 0.058600 0.013032 0.002619 0.000486 0.000091 0.000024 0.000014 0.000012 0.000012 0.000012 0.000012 0.000012 0.000012 0.000012 0.000012 0.000012 0.000012 0.000012 0.000012 0.000012 0.000012 0.000012 0.000012 0.000012 0.000012 0.000012 0.000012 0.000012 0.000012 0.000012 0.000012 0.000012 0.000012 0.000012 0.000012 0.000012 0.000012 0.000012 0.000012 0.000011 0.000009 0.000005 0.000000 
50.000000 30.742925 15.920721 6.963010 2.597269 0.836484 0.235515 0.058667 0.013099 0.002686 0.000553 0.000158 0.000091 0.000080 0.000079 0.000079 0.000079 0.000079 0.000079 0.000079 0.000079 0.000079 0.000079 0.000079 0.000079 0.000079 0.000079 0.000079 0.000079 0.000079 0.000079 0.000079 0.000079 0.000079 0.000079 0.000079 0.000079 0.000079 0.000079 0.000079 0.000079 0.000079 0.000079 0.000079 0.000078 0.000076 0.000070 0.000057 0.000033 0.000000 
50.000000 30.743079 15.920993 6.963353 2.597645 0.836874 0.235909 0.059061 0.013494 0.003081 0.000948 0.000553 0.000486 0.000476 0.000474 0.000474 0.000474 0.000474 0.000474 0.000474 0.000474 0.000474 0.000474 0.000474 0.000474 0.000474 0.000474 0.000474 0.000474 0.000474 0.000474 0.000474 0.000474 0.000474 0.000474 0.000474 0.000474 0.000474 0.000474 0.000474 0.000474 0.000474 0.000474 0.000473 0.000469 0.000456 0.000421 0.000342 0.000198 0.000000 
50.000000 30.743913 15.922463 6.965200 2.599674 0.838974 0.238033 0.061192 0.015627 0.005214 0.003081 0.002686 0.002619 0.002609 0.002607 0.002607 0.002607 0.002607 0.002607 0.002607 0.002607 0.002607 0.002607 0.002607 0.002607 0.002607 0.002607 0.002607 0.002607 0.002607 0.002607 0.002607 0.002607 0.002607 0.002607 0.002607 0.002607 0.002607 0.002607 0.002607 0.002607 0.002607 0.002606 0.002600 0.002580 0.002512 0.002323 0.001888 0.001095 0.000000 
50.000000 30.747971 15.929623 6.974212 2.609574 0.849225 0.248401 0.071595 0.026037 0.015627 0.013494 0.013099 0.013032 0.013022 0.013020 0.013020 0.013020 0.013020 0.013020 0.013020 0.013020 0.013020 0.013020 0.013020 0.013020 0.013020 0.013020 0.013020 0.013020 0.013020 0.013020 0.013020 0.013020 0.013020 0.013020 0.013020 0.013020 0.013020 0.013020 0.013020 0.013020 0.013019 0.013013 0.012987 0.012888 0.012560 0.011634 0.009483 0.005519 0.000000 
50.000000 30.765692 15.960906 7.013609 2.652873 0.894074 0.293770 0.117114 0.071595 0.061192 0.059061 0.058667 0.058600 0.058590 0.058588 0.058588 0.058588 0.058588 0.058588 0.058588 0.058588 0.058588 0.058588 0.058588 0.058588 0.058588 0.058588 0.058588 0.058588 0.058588 0.058588 0.058588 0.058588 0.058588 0.058588 0.058588 0.058588 0.058588 0.058588 0.058588 0.058587 0.058582 0.058557 0.058448 0.058025 0.056605 0.052554 0.043014 0.025162 0.000000 
50.000000 30.834325 16.082131 7.166365 2.820837 1.068097 0.469834 0.293770 0.248401 0.238033 0.235909 0.235515 0.235449 0.235438 0.235437 0.235437 0.235437 0.235437 0.235437 0.235437 0.235437 0.235437 0.235437 0.235437 0.235437 0.235437 0.235437 0.235437 0.235437 0.235437 0.235437 0.235437 0.235437 0.235437 0.235437 0.235437 0.235437 0.235437 0.235437 0.235436 0.235433 0.235414 0.235322 0.234917 0.233333 0.227944 0.212324 0.174797 0.103028 0.000000 
50.000000 31.067097 16.493474 7.684994 3.391352 1.659352 1.068097 0.894074 0.849225 0.838974 0.836874 0.836484 0.836419 0.836409 0.836407 0.836407 0.836407 0.836407 0.836407 0.836407 0.836407 0.836407 0.836407 0.836407 0.836407 0.836407 0.836407 0.836407 0.836407 0.836407 0.836407 0.836407 0.836407 0.836407 0.836407 0.836407 0.836407 0.836407 0.836407 0.836405 0.836394 0.836337 0.836049 0.834764 0.829676 0.812067 0.759874 0.630942 0.376291 0.000000 
50.000000 31.747832 17.697011 9.203237 5.062182 3.391352 2.820837 2.652873 2.609574 2.599674 2.597645 2.597269 2.597206 2.597196 2.597194 2.597194 2.597194 2.597194 2.597194 2.597194 2.597194 2.597194 2.597194 2.597194 2.597194 2.597194 2.597194 2.597194 2.597194 2.597194 2.597194 2.597194 2.597194 2.597194 2.597194 2.597194 2.597194 2.597194 2.597193 2.597189 2.597162 2.597014 2.596268 2.592892 2.579284 2.531091 2.383775 2.005000 1.219157 0.000000 
50.000000 33.432822 20.677345 12.964690 9.203237 7.684994 7.166365 7.013609 6.974212 6.965200 6.963353 6.963010 6.962952 6.962943 6.962942 6.962941 6.962941 6.962941 6.962941 6.962941 6.962941 6.962941 6.962941 6.962941 6.962941 6.962941 6.962941 6.962941 6.962941 6.962941 6.962941 6.962941 6.962941 6.962941 6.962941 6.962941 6.962941 6.962941 6.962940 6.962931 6.962878 6.962578 6.961055 6.954041 6.925120 6.819462 6.482345 5.562924 3.499590 0.000000 
50.000000 36.885103 26.785835 20.677345 17.697011 16.493474 16.082131 15.960906 15.929623 15.922463 15.920993 15.920721 15.920675 15.920668 15.920666 15.920666 15.920666 15.920666 15.920666 15.920666 15.920666 15.920666 15.920666 15.920666 15.920666 15.920666 15.920666 15.920666 15.920666 15.920666 15.920666 15.920666 15.920666 15.920666 15.920666 15.920666 15.920666 15.920666 15.920664 15.920652 15.920575 15.920140 15.917892 15.907333 15.862532 15.692011 15.114421 13.392918 8.983571 0.000000 
50.000000 42.591215 36.885103 33.432822 31.747832 31.067097 30.834325 30.765692 30.747971 30.743913 30.743079 30.742925 30.742899 30.742895 30.742894 30.742894 30.742894 30.742894 30.742894 30.742894 30.742894 30.742894 30.742894 30.742894 30.742894 30.742894 30.742894 30.742894 30.742894 30.742894 30.742894 30.742894 30.742894 30.742894 30.742894 30.742894 30.742894 30.742894 30.742892 30.742882 30.742818 30.742452 30.740530 30.731297 30.690806 30.528676 29.933232 27.901532 21.295608 0.000000 
50.000000 50.000000 50.000000 50.000000 50.000000 50.000000 50.000000 50.000000 50.000000 50.000000 50.000000 50.000000 50.000000 50.000000 50.000000 50.000000 50.000000 50.000000 50.000000 50.000000 50.000000 50.000000 50.000000 50.000000 50.000000 50.000000 50.000000 50.000000 50.000000 50.000000 50.000000 50.000000 50.000000 50.000000 50.000000 50.000000 50.000000 50.000000 50.000000 50.000000 50.000000 50.000000 50.000000 50.000000 50.000000 50.000000 50.000000 50.000000 50.000000 50.000000 
