50.000000 50.000000 50.000000 50.000000 50.000000 50.000000 50.000000 50.000000 50.000000 50.000000 50.000000 50.000000 50.000000 50.000000 50.000000 50.000000 50.000000 50.000000 50.000000 50.000000 50.000000 50.000000 50.000000 50.000000 50.000000 50.000000 50.000000 50.000000 50.000000 50.000000 50.000000 50.000000 50.000000 50.000000 50.000000 50.000000 50.000000 50.000000 50.000000 50.000000 50.000000 50.000000 50.000000 50.000000 50.000000 50.000000 50.000000 50.000000 50.000000 50.000000 
50.000000 47.662399 45.496122 43.634907 42.151036 41.051890 40.294271 39.807452 39.515262 39.351107 39.264596 39.221735 39.201729 39.192913 39.189237 39.187784 39.187239 39.187044 39.186978 39.186956 39.186950 39.186948 39.186947 39.186947 39.186947 39.186947 39.186947 39.186947 39.186947 39.186947 39.186946 39.186945 39.186941 39.186929 39.186890 39.186775 39.186447 39.185546 39.183180 39.177219 39.162796 39.129229 39.053813 38.889325 38.537951 37.792570 36.189249 32.587879 23.831199 0.000000 
50.000000 45.496122 41.322352 37.736378 34.877462 32.759816 31.300195 30.362316 29.799415 29.483181 29.316528 29.233965 29.195428 29.178446 29.171366 29.168568 29.167518 29.167143 29.167016 29.166974 29.166961 29.166957 29.166956 29.166956 29.166956 29.166956 29.166956 29.166956 29.166956 29.166956 29.166955 29.166953 29.166946 29.166925 29.166857 29.166657 29.166086 29.164528 29.160451 29.150234 29.125703 29.069199 28.944110 28.677189 28.125944 27.018470 24.843110 20.661176 12.908243 0.000000 
50.000000 43.634907 37.736378 32.668610 28.628412 25.635846 23.573235 22.247954 21.452571 21.005751 20.770291 20.653646 20.599204 20.575215 20.565214 20.561262 20.559779 20.559249 20.559069 20.559010 20.558992 20.558987 20.558985 20.558985 20.558985 20.558985 20.558985 20.558985 20.558985 20.558984 20.558984 20.558981 20.558973 20.558947 20.558866 20.558628 20.557949 20.556105 20.551311 20.539395 20.511080 20.446756 20.307011 20.016494 19.438271 18.336781 16.334305 12.893269 7.445659 0.000000 
50.000000 42.151036 34.877462 28.628412 23.646570 19.956645 17.413476 15.779496 14.798891 14.248049 13.957792 13.814008 13.746905 13.717339 13.705014 13.700144 13.698316 13.697664 13.697442 13.697369 13.697347 13.697340 13.697338 13.697338 13.697338 13.697338 13.697338 13.697338 13.697338 13.697337 13.697337 13.697334 13.697326 13.697301 13.697222 13.696990 13.696332 13.694557 13.689976 13.678693 13.652194 13.592900 13.466587 13.210705 12.718634 11.823285 10.291631 7.858992 4.358466 0.000000 
50.000000 41.051890 32.759816 25.635846 19.956645 15.750338 12.851383 10.988896 9.871216 9.243409 8.912617 8.748765 8.672301 8.638613 8.624571 8.619023 8.616941 8.616198 8.615945 8.615863 8.615837 8.615829 8.615827 8.615827 8.615827 8.615827 8.615827 8.615826 8.615826 8.615826 8.615826 8.615824 8.615817 8.615795 8.615729 8.615533 8.614984 8.613510 8.609736 8.600530 8.579165 8.532066 8.433592 8.238772 7.875169 7.238011 6.197575 4.633872 2.513939 0.000000 
50.000000 40.294271 31.300195 23.573235 17.413476 12.851383 9.707340 7.687479 6.475418 5.794634 5.435950 5.258293 5.175393 5.138871 5.123649 5.117636 5.115379 5.114573 5.114299 5.114210 5.114183 5.114174 5.114172 5.114171 5.114171 5.114171 5.114171 5.114171 5.114171 5.114171 5.114170 5.114169 5.114164 5.114148 5.114098 5.113952 5.113545 5.112459 5.109700 5.103033 5.087737 5.054483 4.986128 4.853670 4.612612 4.202771 3.556741 2.623006 1.404946 0.000000 
50.000000 39.807452 30.362316 22.247954 15.779496 10.988896 7.687479 5.566594 4.293965 3.579194 3.202622 3.016116 2.929091 2.890755 2.874778 2.868466 2.866098 2.865252 2.864965 2.864871 2.864842 2.864834 2.864831 2.864830 2.864830 2.864830 2.864830 2.864830 2.864830 2.864830 2.864830 2.864829 2.864825 2.864814 2.864781 2.864683 2.864410 2.863688 2.861867 2.857505 2.847603 2.826344 2.783297 2.701352 2.555304 2.312908 1.940943 1.418207 0.753639 0.000000 
50.000000 39.515262 29.799415 21.452571 14.798891 9.871216 6.475418 4.293965 2.985034 2.249902 1.862618 1.670814 1.581322 1.541900 1.525472 1.518982 1.516547 1.515678 1.515382 1.515286 1.515256 1.515247 1.515245 1.515244 1.515244 1.515244 1.515244 1.515244 1.515244 1.515244 1.515244 1.515243 1.515241 1.515234 1.515213 1.515153 1.514987 1.514548 1.513450 1.510841 1.504974 1.492517 1.467620 1.420935 1.339150 1.205991 1.005815 0.730216 0.386033 0.000000 
50.000000 39.351107 29.483181 21.005751 14.248049 9.243409 5.794634 3.579194 2.249902 1.503354 1.110066 0.915295 0.824422 0.784393 0.767712 0.761122 0.758650 0.757768 0.757468 0.757370 0.757340 0.757331 0.757328 0.757328 0.757327 0.757327 0.757327 0.757327 0.757327 0.757327 0.757327 0.757327 0.757326 0.757322 0.757310 0.757276 0.757182 0.756937 0.756327 0.754887 0.751677 0.744929 0.731591 0.706897 0.664244 0.595855 0.494671 0.357478 0.188311 0.000000 
50.000000 39.264596 29.316528 20.770291 13.957792 8.912617 5.435950 3.202622 1.862618 1.110066 0.713623 0.517293 0.425694 0.385347 0.368534 0.361892 0.359400 0.358511 0.358208 0.358110 0.358080 0.358070 0.358068 0.358067 0.358067 0.358067 0.358067 0.358067 0.358067 0.358067 0.358067 0.358067 0.358066 0.358064 0.358058 0.358040 0.357991 0.357864 0.357549 0.356812 0.355180 0.351777 0.345117 0.332916 0.312087 0.279099 0.230896 0.166294 0.087378 0.000000 
50.000000 39.221735 29.233965 20.653646 13.814008 8.748765 5.258293 3.016116 1.670814 0.915295 0.517293 0.320194 0.228237 0.187732 0.170854 0.164187 0.161685 0.160792 0.160489 0.160390 0.160359 0.160350 0.160348 0.160347 0.160347 0.160347 0.160347 0.160347 0.160347 0.160347 0.160347 0.160347 0.160346 0.160345 0.160342 0.160334 0.160310 0.160248 0.160097 0.159744 0.158969 0.157364 0.154249 0.148593 0.139029 0.124032 0.102334 0.073514 0.038555 0.000000 
50.000000 39.201729 29.195428 20.599204 13.746905 8.672301 5.175393 2.929091 1.581322 0.824422 0.425694 0.228237 0.136114 0.095536 0.078627 0.071948 0.069442 0.068548 0.068244 0.068145 0.068114 0.068105 0.068102 0.068102 0.068101 0.068101 0.068101 0.068101 0.068101 0.068101 0.068101 0.068101 0.068101 0.068101 0.068099 0.068095 0.068085 0.068057 0.067989 0.067830 0.067485 0.066774 0.065403 0.062934 0.058791 0.052348 0.043099 0.030900 0.016183 0.000000 
50.000000 39.192913 29.178446 20.575215 13.717339 8.638613 5.138871 2.890755 1.541900 0.784393 0.385347 0.187732 0.095536 0.054926 0.038004 0.031320 0.028812 0.027917 0.027613 0.027514 0.027483 0.027474 0.027471 0.027471 0.027470 0.027470 0.027470 0.027470 0.027470 0.027470 0.027470 0.027470 0.027470 0.027470 0.027470 0.027468 0.027463 0.027451 0.027422 0.027356 0.027211 0.026914 0.026345 0.025326 0.023629 0.021006 0.017266 0.012360 0.006466 0.000000 
50.000000 39.189237 29.171366 20.565214 13.705014 8.624571 5.123649 2.874778 1.525472 0.767712 0.368534 0.170854 0.078627 0.038004 0.021077 0.014390 0.011882 0.010986 0.010682 0.010583 0.010552 0.010543 0.010540 0.010540 0.010539 0.010539 0.010539 0.010539 0.010539 0.010539 0.010539 0.010539 0.010539 0.010539 0.010539 0.010538 0.010536 0.010532 0.010520 0.010494 0.010436 0.010319 0.010095 0.009697 0.009038 0.008025 0.006587 0.004709 0.002461 0.000000 
50.000000 39.187784 29.168568 20.561262 13.700144 8.619023 5.117636 2.868466 1.518982 0.761122 0.361892 0.164187 0.071948 0.031320 0.014390 0.007703 0.005194 0.004299 0.003994 0.003895 0.003864 0.003855 0.003853 0.003852 0.003852 0.003852 0.003852 0.003852 0.003852 0.003852 0.003852 0.003852 0.003852 0.003852 0.003851 0.003851 0.003850 0.003849 0.003844 0.003834 0.003813 0.003769 0.003685 0.003538 0.003294 0.002922 0.002396 0.001711 0.000894 0.000000 
50.000000 39.187239 29.167518 20.559779 13.698316 8.616941 5.115379 2.866098 1.516547 0.758650 0.359400 0.161685 0.069442 0.028812 0.011882 0.005194 0.002685 0.001790 0.001485 0.001386 0.001355 0.001346 0.001344 0.001343 0.001343 0.001343 0.001343 0.001343 0.001343 0.001343 0.001343 0.001343 0.001343 0.001343 0.001343 0.001342 0.001342 0.001342 0.001340 0.001336 0.001329 0.001313 0.001284 0.001231 0.001146 0.001015 0.000832 0.000594 0.000310 0.000000 
50.000000 39.187044 29.167143 20.559249 13.697664 8.616198 5.114573 2.865252 1.515678 0.757768 0.358511 0.160792 0.068548 0.027917 0.010986 0.004299 0.001790 0.000894 0.000589 0.000491 0.000460 0.000451 0.000448 0.000447 0.000447 0.000447 0.000447 0.000447 0.000447 0.000447 0.000447 0.000447 0.000447 0.000447 0.000447 0.000447 0.000447 0.000447 0.000446 0.000445 0.000442 0.000437 0.000427 0.000410 0.000381 0.000337 0.000276 0.000197 0.000103 0.000000 
50.000000 39.186978 29.167016 20.559069 13.697442 8.615945 5.114299 2.864965 1.515382 0.757468 0.358208 0.160489 0.068244 0.027613 0.010682 0.003994 0.001485 0.000589 0.000285 0.000186 0.000155 0.000146 0.000143 0.000143 0.000142 0.000142 0.000142 0.000142 0.000142 0.000142 0.000142 0.000142 0.000142 0.000142 0.000142 0.000142 0.000142 0.000142 0.000142 0.000142 0.000141 0.000139 0.000136 0.000130 0.000121 0.000107 0.000088 0.000063 0.000033 0.000000 
50.000000 39.186956 29.166974 20.559010 13.697369 8.615863 5.114210 2.864871 1.515286 0.757370 0.358110 0.160390 0.068145 0.027514 0.010583 0.003895 0.001386 0.000491 0.000186 0.000087 0.000056 0.000047 0.000044 0.000044 0.000044 0.000043 0.000043 0.000043 0.000043 0.000043 0.000043 0.000043 0.000043 0.000043 0.000043 0.000043 0.000043 0.000043 0.000043 0.000043 0.000043 0.000042 0.000041 0.000040 0.000037 0.000033 0.000027 0.000019 0.000010 0.000000 
50.000000 39.186950 29.166961 20.558992 13.697347 8.615837 5.114183 2.864842 1.515256 0.757340 0.358080 0.160359 0.068114 0.027483 0.010552 0.003864 0.001355 0.000460 0.000155 0.000056 0.000025 0.000016 0.000014 0.000013 0.000013 0.000013 0.000013 0.000013 0.000013 0.000013 0.000013 0.000013 0.000013 0.000013 0.000013 0.000013 0.000013 0.000013 0.000013 0.000013 0.000013 0.000012 0.000012 0.000012 0.000011 0.000010 0.000008 0.000006 0.000003 0.000000 
50.000000 39.186948 29.166957 20.558987 13.697340 8.615829 5.114174 2.864834 1.515247 0.757331 0.358070 0.160350 0.068105 0.027474 0.010543 0.003855 0.001346 0.000451 0.000146 0.000047 0.000016 0.000007 0.000005 0.000004 0.000004 0.000004 0.000004 0.000004 0.000004 0.000004 0.000004 0.000004 0.000004 0.000004 0.000004 0.000004 0.000004 0.000004 0.000004 0.000004 0.000004 0.000003 0.000003 0.000003 0.000003 0.000003 0.000002 0.000002 0.000001 0.000000 
50.000000 39.186947 29.166956 20.558985 13.697338 8.615827 5.114172 2.864831 1.515245 0.757328 0.358068 0.160348 0.068102 0.027471 0.010540 0.003853 0.001344 0.000448 0.000143 0.000044 0.000014 0.000005 0.000002 0.000001 0.000001 0.000001 0.000001 0.000001 0.000001 0.000001 0.000001 0.000001 0.000001 0.000001 0.000001 0.000001 0.000001 0.000001 0.000001 0.000001 0.000001 0.000001 0.000001 0.000001 0.000001 0.000001 0.000001 0.000000 0.000000 0.000000 
50.000000 39.186947 29.166956 20.558985 13.697338 8.615827 5.114171 2.864830 1.515244 0.757328 0.358067 0.160347 0.068102 0.027471 0.010540 0.003852 0.001343 0.000447 0.000143 0.000044 0.000013 0.000004 0.000001 0.000001 0.000000 0.000000 0.000000 0.000000 0.000000 0.000000 0.000000 0.000000 0.000000 0.000000 0.000000 0.000000 0.000000 0.000000 0.000000 0.000000 0.000000 0.000000 0.000000 0.000000 0.000000 0.000000 0.000000 0.000000 0.000000 0.000000 
50.000000 39.186947 29.166956 20.558985 13.697338 8.615827 5.114171 2.864830 1.515244 0.757327 0.358067 0.160347 0.068101 0.027470 0.010539 0.003852 0.001343 0.000447 0.000142 0.000044 0.000013 0.000004 0.000001 0.000000 0.000000 0.000000 0.000000 0.000000 0.000000 0.000000 0.000000 0.000000 0.000000 0.000000 0.000000 0.000000 0.000000 0.000000 0.000000 0.000000 0.000000 0.000000 0.000000 0.000000 0.000000 0.000000 0.000000 0.000000 0.000000 0.000000 
50.000000 39.186947 29.166956 20.558985 13.697338 8.615827 5.114171 2.864830 1.515244 0.757327 0.358067 0.160347 0.068101 0.027470 0.010539 0.003852 0.001343 0.000447 0.000142 0.000044 0.000013 0.000004 0.000001 0.000000 0.000000 0.000000 0.000000 0.000000 0.000000 0.000000 0.000000 0.000000 0.000000 0.000000 0.000000 0.000000 0.000000 0.000000 0.000000 0.000000 0.000000 0.000000 0.000000 0.000000 0.000000 0.000000 0.000000 0.000000 0.000000 0.000000 
50.000000 39.186947 29.166956 20.558985 13.697338 8.615827 5.114171 2.864830 1.515244 0.757328 0.358067 0.160347 0.068102 0.027471 0.010540 0.003852 0.001343 0.000447 0.000143 0.000044 0.000013 0.000004 0.000001 0.000001 0.000000 0.000000 0.000000 0.000000 0.000000 0.000000 0.000000 0.000000 0.000000 0.000000 0.000000 0.000000 0.000000 0.000000 0.000000 0.000000 0.000000 0.000000 0.000000 0.000000 0.000000 0.000000 0.000000 0.000000 0.000000 0.000000 
50.000000 39.186947 29.166956 20.558985 13.697338 8.615827 5.114172 2.864831 1.515245 0.757328 0.358068 0.160348 0.068102 0.027471 0.010540 0.003853 0.001344 0.000448 0.000143 0.000044 0.000014 0.000005 0.000002 0.000001 0.000001 0.000001 0.000001 0.000001 0.000001 0.000001 0.000001 0.000001 0.000001 0.000001 0.000001 0.000001 0.000001 0.000001 0.000001 0.000001 0.000001 0.000001 0.000001 0.000001 0.000001 0.000001 0.000001 0.000000 0.000000 0.000000 
50.000000 39.186948 29.166957 20.558987 13.697340 8.615829 5.114174 2.864834 1.515247 0.757331 0.358070 0.160350 0.068105 0.027474 0.010543 0.003855 0.001346 0.000451 0.000146 0.000047 0.000016 0.000007 0.000005 0.000004 0.000004 0.000004 0.000004 0.000004 0.000004 0.000004 0.000004 0.000004 0.000004 0.000004 0.000004 0.000004 0.000004 0.000004 0.000004 0.000004 0.000004 0.000003 0.000003 0.000003 0.000003 0.000003 0.000002 0.000002 0.000001 0.000000 
50.000000 39.186950 29.166961 20.558992 13.697347 8.615837 5.114183 2.864842 1.515256 0.757340 0.358080 0.160359 0.068114 0.027483 0.010552 0.003864 0.001355 0.000460 0.000155 0.000056 0.000025 0.000016 0.000014 0.000013 0.000013 0.000013 0.000013 0.000013 0.000013 0.000013 0.000013 0.000013 0.000013 0.000013 0.000013 0.000013 0.000013 0.000013 0.000013 0.000013 0.000013 0.000012 0.000012 0.000012 0.000011 0.000010 0.000008 0.000006 0.000003 0.000000 
50.000000 39.186956 29.166974 20.559010 13.697369 8.615863 5.114210 2.864871 1.515286 0.757370 0.358110 0.160390 0.068145 0.027514 0.010583 0.003895 0.001386 0.000491 0.000186 0.000087 0.000056 0.000047 0.000044 0.000044 0.000044 0.000043 0.000043 0.000043 0.000043 0.000043 0.000043 0.000043 0.000043 0.000043 0.000043 0.000043 0.000043 0.000043 0.000043 0.000043 0.000043 0.000042 0.000041 0.000040 0.000037 0.000033 0.000027 0.000019 0.000010 0.000000 
50.000000 39.186978 29.167016 20.559069 13.697442 8.615945 5.114299 2.864965 1.515382 0.757468 0.358208 0.160489 0.068244 0.027613 0.010682 0.003994 0.001485 0.000589 0.000285 0.000186 0.000155 0.000146 0.000143 0.000143 0.000142 0.000142 0.000142 0.000142 0.000142 0.000142 0.000142 0.000142 0.000142 0.000142 0.000142 0.000142 0.000142 0.000142 0.000142 0.000142 0.000141 0.000139 0.000136 0.000130 0.000121 0.000107 0.000088 0.000063 0.000033 0.000000 
50.000000 39.187044 29.167143 20.559249 13.697664 8.616198 5.114573 2.865252 1.515678 0.757768 0.358511 0.160792 0.068548 0.027917 0.010986 0.004299 0.001790 0.000894 0.000589 0.000491 0.000460 0.000451 0.000448 0.000447 0.000447 0.000447 0.000447 0.000447 0.000447 0.000447 0.000447 0.000447 0.000447 0.000447 0.000447 0.000447 0.000447 0.000447 0.000446 0.000445 0.000442 0.000437 0.000427 0.000410 0.000381 0.000337 0.000276 0.000197 0.000103 0.000000 
50.000000 39.187239 29.167518 20.559779 13.698316 8.616941 5.115379 2.866098 1.516547 0.758650 0.359400 0.161685 0.069442 0.028812 0.011882 0.005194 0.002685 0.001790 0.001485 0.001386 0.001355 0.001346 0.001344 0.001343 0.001343 0.001343 0.001343 0.001343 0.001343 0.001343 0.001343 0.001343 0.001343 0.001343 0.001343 0.001342 0.001342 0.001342 0.001340 0.001336 0.001329 0.001313 0.001284 0.001231 0.001146 0.001015 0.000832 0.000594 0.000310 0.000000 
50.000000 39.187784 29.168568 20.561262 13.700144 8.619023 5.117636 2.868466 1.518982 0.761122 0.361892 0.164187 0.071948 0.031320 0.014390 0.007703 0.005194 0.004299 0.003994 0.003895 0.003864 0.003855 0.003853 0.003852 0.003852 0.003852 0.003852 0.003852 0.003852 0.003852 0.003852 0.003852 0.003852 0.003852 0.003851 0.003851 0.003850 0.003849 0.003844 0.003834 0.003813 0.003769 0.003685 0.003538 0.003294 0.002922 0.002396 0.001711 0.000894 0.000000 
50.000000 39.189237 29.171366 20.565214 13.705014 8.624571 5.123649 2.874778 1.525472 0.767712 0.368534 0.170854 0.078627 0.038004 0.021077 0.014390 0.011882 0.010986 0.010682 0.010583 0.010552 0.010543 0.010540 0.010540 0.010539 0.010539 0.010539 0.010539 0.010539 0.010539 0.010539 0.010539 0.010539 0.010539 0.010539 0.010538 0.010536 0.010532 0.010520 0.010494 0.010436 0.010319 0.010095 0.009697 0.009038 0.008025 0.006587 0.004709 0.002461 0.000000 
50.000000 39.192913 29.178446 20.575215 13.717339 8.638613 5.138871 2.890755 1.541900 0.784393 0.385347 0.187732 0.095536 0.054926 0.038004 0.031320 0.028812 0.027917 0.027613 0.027514 0.027483 0.027474 0.027471 0.027471 0.027470 0.027470 0.027470 0.027470 0.027470 0.027470 0.027470 0.027470 0.027470 0.027470 0.027470 0.027468 0.027463 0.027451 0.027422 0.027356 0.027211 0.026914 0.026345 0.025326 0.023629 0.021006 0.017266 0.012360 0.006466 0.000000 
50.000000 39.201729 29.195428 20.599204 13.746905 8.672301 5.175393 2.929091 1.581322 0.824422 0.425694 0.228237 0.136114 0.095536 0.078627 0.071948 0.069442 0.068548 0.068244 0.068145 0.068114 0.068105 0.068102 0.068102 0.068101 0.068101 0.068101 0.068101 0.068101 0.068101 0.068101 0.068101 0.068101 0.068101 0.068099 0.068095 0.068085 0.068057 0.067989 0.067830 0.067485 0.066774 0.065403 0.062934 0.058791 0.052348 0.043099 0.030900 0.016183 0.000000 
50.000000 39.221735 29.233965 20.653646 13.814008 8.748765 5.258293 3.016116 1.670814 0.915295 0.517293 0.320194 0.228237 0.187732 0.170854 0.164187 0.161685 0.160792 0.160489 0.160390 0.160359 0.160350 0.160348 0.160347 0.160347 0.160347 0.160347 0.160347 0.160347 0.160347 0.160347 0.160347 0.160346 0.160345 0.160342 0.160334 0.160310 0.160248 0.160097 0.159744 0.158969 0.157364 0.154249 0.148593 0.139029 0.124032 0.102334 0.073514 0.038555 0.000000 
50.000000 39.264596 29.316528 20.770291 13.957792 8.912617 5.435950 3.202622 1.862618 1.110066 0.713623 0.517293 0.425694 0.385347 0.368534 0.361892 0.359400 0.358511 0.358208 0.358110 0.358080 0.358070 0.358068 0.358067 0.358067 0.358067 0.358067 0.358067 0.358067 0.358067 0.358067 0.358067 0.358066 0.358064 0.358058 0.358040 0.357991 0.357864 0.357549 0.356812 0.355180 0.351777 0.345117 0.332916 0.312087 0.279099 0.230896 0.166294 0.087378 0.000000 
50.000000 39.351107 29.483181 21.005751 14.248049 9.243409 5.794634 3.579194 2.249902 1.503354 1.110066 0.915295 0.824422 0.784393 0.767712 0.761122 0.758650 0.757768 0.757468 0.757370 0.757340 0.757331 0.757328 0.757328 0.757327 0.757327 0.757327 0.757327 0.757327 0.757327 0.757327 0.757327 0.757326 0.757322 0.757310 0.757276 0.757182 0.756937 0.756327 0.754887 0.751677 0.744929 0.731591 0.706897 0.664244 0.595855 0.494671 0.357478 0.188311 0.000000 
50.000000 39.515262 29.799415 21.452571 14.798891 9.871216 6.475418 4.293965 2.985034 2.249902 1.862618 1.670814 1.581322 1.541900 1.525472 1.518982 1.516547 1.515678 1.515382 1.515286 1.515256 1.515247 1.515245 1.515244 1.515244 1.515244 1.515244 1.515244 1.515244 1.515244 1.515244 1.515243 1.515241 1.515234 1.515213 1.515153 1.514987 1.514548 1.513450 1.510841 1.504974 1.492517 1.467620 1.420935 1.339150 1.205991 1.005815 0.730216 0.386033 0.000000 
50.000000 39.807452 30.362316 22.247954 15.779496 10.988896 7.687479 5.566594 4.293965 3.579194 3.202622 3.016116 2.929091 2.890755 2.874778 2.868466 2.866098 2.865252 2.864965 2.864871 2.864842 2.864834 2.864831 2.864830 2.864830 2.864830 2.864830 2.864830 2.864830 2.864830 2.864830 2.864829 2.864825 2.864814 2.864781 2.864683 2.864410 2.863688 2.861867 2.857505 2.847603 2.826344 2.783297 2.701352 2.555304 2.312908 1.940943 1.418207 0.753639 0.000000 
50.000000 40.294271 31.300195 23.573235 17.413476 12.851383 9.707340 7.687479 6.475418 5.794634 5.435950 5.258293 5.175393 5.138871 5.123649 5.117636 5.115379 5.114573 5.114299 5.114210 5.114183 5.114174 5.114172 5.114171 5.114171 5.114171 5.114171 5.114171 5.114171 5.114171 5.114170 5.114169 5.114164 5.114148 5.114098 5.113952 5.113545 5.112459 5.109700 5.103033 5.087737 5.054483 4.986128 4.853670 4.612612 4.202771 3.556741 2.623006 1.404946 0.000000 
50.000000 41.051890 32.759816 25.635846 19.956645 15.750338 12.851383 10.988896 9.871216 9.243409 8.912617 8.748765 8.672301 8.638613 8.624571 8.619023 8.616941 8.616198 8.615945 8.615863 8.615837 8.615829 8.615827 8.615827 8.615827 8.615827 8.615827 8.615826 8.615826 8.615826 8.615826 8.615824 8.615817 8.615795 8.615729 8.615533 8.614984 8.613510 8.609736 8.600530 8.579165 8.532066 8.433592 8.238772 7.875169 7.238011 6.197575 4.633872 2.513939 0.000000 
50.000000 42.151036 34.877462 28.628412 23.646570 19.956645 17.413476 15.779496 14.798891 14.248049 13.957792 13.814008 13.746905 13.717339 13.705014 13.700144 13.698316 13.697664 13.697442 13.697369 13.697347 13.697340 13.697338 13.697338 13.697338 13.697338 13.697338 13.697338 13.697338 13.697337 13.697337 13.697334 13.697326 13.697301 13.697222 13.696990 13.696332 13.694557 13.689976 13.678693 13.652194 13.592900 13.466587 13.210705 12.718634 11.823285 10.291631 7.858992 4.358466 0.000000 
50.000000 43.634907 37.736378 32.668610 28.628412 25.635846 23.573235 22.247954 21.452571 21.005751 20.770291 20.653646 20.599204 20.575215 20.565214 20.561262 20.559779 20.559249 20.559069 20.559010 20.558992 20.558987 20.558985 20.558985 20.558985 20.558985 20.558985 20.558985 20.558985 20.558984 20.558984 20.558981 20.558973 20.558947 20.558866 20.558628 20.557949 20.556105 20.551311 20.539395 20.511080 20.446756 20.307011 20.016494 19.438271 18.336781 16.334305 12.893269 7.445659 0.000000 
50.000000 45.496122 41.322352 37.736378 34.877462 32.759816 31.300195 30.362316 29.799415 29.483181 29.316528 29.233965 29.195428 29.178446 29.171366 29.168568 29.167518 29.167143 29.167016 29.166974 29.166961 29.166957 29.166956 29.166956 29.166956 29.166956 29.166956 29.166956 29.166956 29.166956 29.166955 29.166953 29.166946 29.166925 29.166857 29.166657 29.166086 29.164528 29.160451 29.150234 29.125703 29.069199 28.944110 28.677189 28.125944 27.018470 24.843110 20.661176 12.908243 0.000000 
50.000000 47.662399 45.496122 43.634907 42.151036 41.051890 40.294271 39.807452 39.515262 39.351107 39.264596 39.221735 39.201729 39.192913 39.189237 39.187784 39.187239 39.187044 39.186978 39.186956 39.186950 39.186948 39.186947 39.186947 39.186947 39.186947 39.186947 39.186947 39.186947 39.186947 39.186946 39.186945 39.186941 39.186929 39.186890 39.186775 39.186447 39.185546 39.183180 39.177219 39.162796 39.129229 39.053813 38.889325 38.537951 37.792570 36.189249 32.587879 23.831199 0.000000 
50.000000 50.000000 50.000000 50.000000 50.000000 50.000000 50.000000 50.000000 50.000000 50.000000 50.000000 50.000000 50.000000 50.000000 50.000000 50.000000 50.000000 50.000000 50.000000 50.000000 50.000000 50.000000 50.000000 50.000000 50.000000 50.000000 50.000000 50.000000 50.000000 50.000000 50.000000 50.000000 50.000000 50.000000 50.000000 50.000000 50.000000 50.000000 50.000000 50.000000 50.000000 50.000000 50.000000 50.000000 50.000000 50.000000 50.000000 50.000000 50.000000 50.000000 
