50.000000 50.000000 50.000000 50.000000 50.000000 50.000000 50.000000 50.000000 50.000000 50.000000 50.000000 50.000000 50.000000 50.000000 50.000000 50.000000 50.000000 50.000000 50.000000 50.000000 50.000000 50.000000 50.000000 50.000000 50.000000 50.000000 50.000000 50.000000 50.000000 50.000000 50.000000 50.000000 50.000000 50.000000 50.000000 50.000000 50.000000 50.000000 50.000000 50.000000 50.000000 50.000000 50.000000 50.000000 50.000000 50.000000 50.000000 50.000000 50.000000 50.000000 
50.000000 49.016129 48.062648 47.167131 46.351960 45.632717 45.017532 44.507379 44.097140 43.777178 43.535086 43.357346 43.230688 43.143062 43.084187 43.045760 43.021387 43.006360 42.997350 42.992095 42.989113 42.987465 42.986578 42.986112 42.985871 42.985746 42.985673 42.985613 42.985533 42.985389 42.985112 42.984577 42.983562 42.981669 42.978212 42.972022 42.961141 42.942352 42.910422 42.856917 42.768261 42.622451 42.383170 41.988413 41.326557 40.180711 38.084661 33.906363 24.508065 0.000000 
50.000000 48.062648 46.185136 44.421763 42.816603 41.400337 40.188975 39.184431 38.376631 37.746597 37.269898 36.919912 36.670514 36.497972 36.382045 36.306380 36.258389 36.228799 36.211058 36.200712 36.194839 36.191595 36.189848 36.188931 36.188457 36.188211 36.188069 36.187953 36.187800 36.187527 36.187004 36.185995 36.184080 36.180516 36.174018 36.162404 36.142040 36.106982 36.047640 35.948710 35.785916 35.520727 35.091490 34.397836 33.272007 31.424309 28.339071 23.092568 14.156284 0.000000 
50.000000 47.167131 44.421763 41.843298 39.496178 37.425271 35.653986 34.185119 33.003940 32.082696 31.385663 30.873915 30.509247 30.256959 30.087453 29.976819 29.906648 29.863384 29.837444 29.822316 29.813730 29.808986 29.806433 29.805092 29.804400 29.804042 29.803836 29.803673 29.803461 29.803087 29.802373 29.800997 29.798393 29.793556 29.784759 29.769086 29.741710 29.694804 29.615881 29.485322 29.272645 28.930867 28.387863 27.533001 26.196641 24.120379 20.921649 16.082692 9.082470 0.000000 
50.000000 46.351960 42.816603 39.496178 36.473677 33.806874 31.525915 29.634401 28.113360 26.927052 26.029471 25.370487 24.900904 24.576035 24.357766 24.215305 24.124949 24.069240 24.035839 24.016360 24.005305 23.999197 23.995909 23.994183 23.993293 23.992834 23.992574 23.992373 23.992120 23.991681 23.990845 23.989241 23.986210 23.980598 23.970425 23.952374 23.921000 23.867565 23.778329 23.632094 23.396731 23.024344 22.444688 21.556583 20.217846 18.236838 15.375800 11.392294 6.171249 0.000000 
50.000000 45.632717 41.400337 37.425271 33.806874 30.614314 27.883675 25.619270 23.798381 22.378221 21.303711 20.514837 19.952700 19.563802 19.302518 19.131983 19.023821 18.957135 18.917155 18.893838 18.880604 18.873293 18.869358 18.867293 18.866229 18.865682 18.865377 18.865151 18.864876 18.864408 18.863524 18.861833 18.858648 18.852771 18.842162 18.823424 18.791041 18.736265 18.645554 18.498429 18.264654 17.900691 17.345549 16.516627 15.307157 13.589029 11.228631 8.128330 4.306160 0.000000 
50.000000 45.017532 40.188975 35.653986 31.525915 27.883675 24.768434 22.185106 20.107773 18.487617 17.261796 16.361841 15.720556 15.276907 14.978840 14.784300 14.660915 14.584844 14.539237 14.512639 14.497544 14.489205 14.484717 14.482361 14.481150 14.480529 14.480189 14.479947 14.479668 14.479206 14.478339 14.476689 14.473592 14.467899 14.457668 14.439690 14.408811 14.356962 14.271848 14.135256 13.920993 13.592589 13.101159 12.384217 11.367048 9.969332 8.120985 5.791139 3.029119 0.000000 
50.000000 44.507379 39.184431 34.185119 29.634401 25.619270 22.185106 19.337327 17.047354 15.261368 13.910090 12.918038 12.211133 11.722092 11.393532 11.179093 11.043089 10.959239 10.908969 10.879652 10.863014 10.853823 10.848876 10.846281 10.844948 10.844268 10.843902 10.843654 10.843385 10.842954 10.842156 10.840644 10.837819 10.832647 10.823395 10.807228 10.779633 10.733644 10.658811 10.539965 10.355826 10.077703 9.668663 9.083948 8.273721 7.189713 5.797256 4.092941 2.124209 0.000000 
50.000000 44.097140 38.376631 33.003940 28.113360 23.798381 20.107773 17.047354 14.586407 12.667089 11.214945 10.148849 9.389191 8.863660 8.510589 8.280155 8.134008 8.043905 7.989888 7.958386 7.940509 7.930632 7.925318 7.922530 7.921100 7.920373 7.919989 7.919742 7.919493 7.919111 7.918414 7.917104 7.914665 7.910221 7.902308 7.888556 7.865234 7.826650 7.764404 7.666525 7.516617 7.293203 6.969651 6.515184 5.897689 5.089016 4.073073 2.855905 1.474688 0.000000 
50.000000 43.777178 37.746597 32.082696 26.927052 22.378221 18.487617 15.261368 12.667089 10.643799 9.113001 7.989171 7.188381 6.634401 6.262220 6.019317 5.865263 5.770288 5.713349 5.680145 5.661301 5.650892 5.645291 5.642353 5.640847 5.640086 5.639690 5.639448 5.639224 5.638900 5.638320 5.637238 5.635235 5.631600 5.625160 5.614029 5.595268 5.564452 5.515140 5.438317 5.321900 5.150473 4.905541 4.566624 4.113567 3.530321 2.810051 1.960682 1.008917 0.000000 
50.000000 43.535086 37.269898 31.385663 26.029471 21.303711 17.261796 13.910090 11.214945 9.113001 7.522705 6.355205 5.523304 4.947807 4.561174 4.308842 4.148810 4.050149 3.991003 3.956511 3.936937 3.926124 3.920307 3.917256 3.915694 3.914907 3.914504 3.914269 3.914072 3.913806 3.913344 3.912491 3.910918 3.908076 3.903067 3.894454 3.880024 3.856482 3.819097 3.761353 3.674684 3.548419 3.370125 3.126540 2.805282 2.397376 1.900341 1.321188 0.678169 0.000000 
50.000000 43.357346 36.919912 30.873915 25.370487 20.514837 16.361841 12.918038 10.148849 7.989171 6.355205 5.155653 4.300919 3.709632 3.312394 3.053143 2.888725 2.787361 2.726595 2.691158 2.671049 2.659941 2.653964 2.650831 2.649228 2.648422 2.648015 2.647789 2.647617 2.647405 2.647051 2.646404 2.645220 2.643090 2.639353 2.632961 2.622312 2.605049 2.577826 2.536108 2.474032 2.384445 2.259226 2.089993 1.869283 1.592158 1.258034 0.872273 0.446924 0.000000 
50.000000 43.230688 36.670514 30.509247 24.900904 19.952700 15.720556 12.211133 9.389191 7.188381 5.523304 4.300919 3.429922 2.827388 2.422598 2.158419 1.990878 1.887589 1.825670 1.789561 1.769071 1.757752 1.751663 1.748471 1.746838 1.746020 1.745611 1.745393 1.745243 1.745077 1.744814 1.744343 1.743485 1.741951 1.739270 1.734707 1.727147 1.714961 1.695871 1.666822 1.623929 1.562540 1.477489 1.363594 1.216435 1.033340 0.814444 0.563532 0.288336 0.000000 
50.000000 43.143062 36.497972 30.256959 24.576035 19.563802 15.276907 11.722092 8.863660 6.634401 4.947807 3.709632 2.827388 2.217078 1.807065 1.539480 1.369779 1.265161 1.202444 1.165871 1.145117 1.133653 1.127486 1.124253 1.122601 1.121774 1.121365 1.121154 1.121021 1.120893 1.120703 1.120371 1.119773 1.118708 1.116855 1.113715 1.108539 1.100242 1.087320 1.067783 1.039133 0.998426 0.942459 0.868095 0.772762 0.655035 0.515249 0.355932 0.181920 0.000000 
50.000000 43.084187 36.382045 30.087454 24.357766 19.302518 14.978840 11.393532 8.510589 6.262220 4.561174 3.312394 2.422598 1.807065 1.393546 1.123674 0.952524 0.847013 0.783761 0.746876 0.725946 0.714384 0.708165 0.704905 0.703239 0.702407 0.701998 0.701792 0.701673 0.701573 0.701439 0.701213 0.700810 0.700096 0.698859 0.696773 0.693350 0.687891 0.679434 0.666721 0.648191 0.622033 0.586305 0.539150 0.479094 0.405392 0.318368 0.219641 0.112166 0.000000 
50.000000 43.045760 36.306380 29.976819 24.215305 19.131983 14.784300 11.179093 8.280155 6.019317 4.308842 3.053143 2.158420 1.539480 1.123675 0.852311 0.680216 0.574122 0.510522 0.473434 0.452388 0.440763 0.434509 0.431232 0.429558 0.428722 0.428313 0.428111 0.428003 0.427923 0.427829 0.427679 0.427416 0.426954 0.426156 0.424816 0.422626 0.419150 0.413790 0.405776 0.394157 0.377847 0.355698 0.326633 0.289821 0.244880 0.192060 0.132362 0.067548 0.000000 
50.000000 43.021387 36.258389 29.906648 24.124949 19.023822 14.660915 11.043090 8.134008 5.865264 4.148811 2.888725 1.990878 1.369780 0.952525 0.680216 0.507522 0.401059 0.337238 0.300021 0.278903 0.267237 0.260962 0.257674 0.255994 0.255156 0.254748 0.254549 0.254447 0.254382 0.254316 0.254219 0.254053 0.253762 0.253264 0.252430 0.251074 0.248928 0.245636 0.240735 0.233665 0.223788 0.210443 0.193017 0.171051 0.144352 0.113093 0.077873 0.039719 0.000000 
50.000000 43.006360 36.228800 29.863384 24.069241 18.957137 14.584845 10.959240 8.043907 5.770290 4.050152 2.787363 1.887592 1.265163 0.847015 0.574124 0.401061 0.294371 0.230413 0.193117 0.171954 0.160264 0.153975 0.150680 0.148997 0.148158 0.147750 0.147553 0.147456 0.147401 0.147354 0.147291 0.147189 0.147012 0.146710 0.146208 0.145392 0.144108 0.142146 0.139236 0.135057 0.129244 0.121423 0.111255 0.098490 0.083032 0.064993 0.044720 0.022799 0.000000 
50.000000 42.997351 36.211060 29.837447 24.035842 18.917158 14.539241 10.908973 7.989892 5.713354 3.991008 2.726600 1.825675 1.202449 0.783766 0.510527 0.337242 0.230417 0.166378 0.129034 0.107844 0.096139 0.089843 0.086543 0.084858 0.084019 0.083611 0.083415 0.083322 0.083272 0.083237 0.083197 0.083135 0.083031 0.082853 0.082559 0.082084 0.081338 0.080201 0.078523 0.076121 0.072793 0.068333 0.062556 0.055329 0.046605 0.036451 0.025066 0.012774 0.000000 
50.000000 42.992097 36.200715 29.822322 24.016367 18.893846 14.512649 10.879662 7.958397 5.680156 3.956523 2.691171 1.789574 1.165884 0.746889 0.473446 0.300033 0.193128 0.129042 0.091671 0.070465 0.058751 0.052450 0.049149 0.047462 0.046623 0.046215 0.046020 0.045928 0.045883 0.045855 0.045829 0.045792 0.045732 0.045631 0.045463 0.045194 0.044772 0.044133 0.043191 0.041848 0.039994 0.037517 0.034319 0.030331 0.025529 0.019955 0.013715 0.006987 0.000000 
50.000000 42.989117 36.194848 29.813743 24.005321 18.880624 14.497567 10.863039 7.940535 5.661329 3.936966 2.671079 1.769101 1.145148 0.725976 0.452418 0.278932 0.171983 0.107869 0.070483 0.049268 0.037549 0.031246 0.027943 0.026256 0.025416 0.025008 0.024814 0.024723 0.024680 0.024657 0.024639 0.024617 0.024583 0.024526 0.024434 0.024285 0.024054 0.023703 0.023189 0.022457 0.021451 0.020110 0.018383 0.016236 0.013657 0.010669 0.007330 0.003733 0.000000 
50.000000 42.987475 36.191615 29.809016 23.999235 18.873339 14.489257 10.853880 7.930694 5.650956 3.926191 2.660009 1.757821 1.133723 0.714454 0.440833 0.267307 0.160332 0.096204 0.058809 0.037590 0.025868 0.019563 0.016259 0.014572 0.013732 0.013324 0.013131 0.013041 0.012999 0.012978 0.012965 0.012951 0.012932 0.012902 0.012852 0.012772 0.012647 0.012460 0.012185 0.011796 0.011262 0.010552 0.009640 0.008509 0.007154 0.005586 0.003836 0.001953 0.000000 
50.000000 42.986602 36.189895 29.806501 23.995996 18.869462 14.484834 10.849005 7.925456 5.645436 3.920457 2.654118 1.751819 1.127644 0.708323 0.434668 0.261121 0.154133 0.089997 0.052598 0.031375 0.019653 0.013347 0.010043 0.008355 0.007515 0.007107 0.006914 0.006824 0.006783 0.006764 0.006753 0.006744 0.006733 0.006717 0.006690 0.006648 0.006582 0.006482 0.006338 0.006133 0.005852 0.005481 0.005005 0.004415 0.003710 0.002895 0.001988 0.001012 0.000000 
50.000000 42.986164 36.189033 29.805241 23.994375 18.867521 14.482621 10.846566 7.922835 5.642673 3.917587 2.651170 1.748815 1.124601 0.705255 0.431583 0.258025 0.151031 0.086891 0.049489 0.028265 0.016542 0.010236 0.006931 0.005244 0.004404 0.003996 0.003803 0.003713 0.003672 0.003654 0.003644 0.003638 0.003632 0.003622 0.003607 0.003584 0.003548 0.003493 0.003414 0.003303 0.003150 0.002949 0.002691 0.002373 0.001993 0.001555 0.001067 0.000543 0.000000 
50.000000 42.985984 36.188679 29.804724 23.993708 18.866723 14.481711 10.845562 7.921757 5.641536 3.916407 2.649957 1.747579 1.123350 0.703993 0.430314 0.256752 0.149755 0.085613 0.048210 0.026986 0.015262 0.008956 0.005652 0.003964 0.003124 0.002716 0.002523 0.002434 0.002393 0.002375 0.002366 0.002361 0.002356 0.002349 0.002340 0.002324 0.002300 0.002265 0.002213 0.002140 0.002040 0.001909 0.001742 0.001535 0.001289 0.001005 0.000690 0.000351 0.000000 
50.000000 42.985984 36.188679 29.804724 23.993708 18.866723 14.481711 10.845562 7.921757 5.641536 3.916407 2.649957 1.747579 1.123350 0.703993 0.430314 0.256752 0.149755 0.085613 0.048210 0.026986 0.015262 0.008956 0.005652 0.003964 0.003124 0.002716 0.002523 0.002434 0.002393 0.002375 0.002366 0.002361 0.002356 0.002349 0.002340 0.002324 0.002300 0.002265 0.002213 0.002140 0.002040 0.001909 0.001742 0.001535 0.001289 0.001005 0.000690 0.000351 0.000000 
50.000000 42.986164 36.189033 29.805241 23.994375 18.867521 14.482621 10.846566 7.922835 5.642673 3.917587 2.651170 1.748815 1.124601 0.705255 0.431583 0.258025 0.151031 0.086891 0.049489 0.028265 0.016542 0.010236 0.006931 0.005244 0.004404 0.003996 0.003803 0.003713 0.003672 0.003654 0.003644 0.003638 0.003632 0.003622 0.003607 0.003584 0.003548 0.003493 0.003414 0.003303 0.003150 0.002949 0.002691 0.002373 0.001993 0.001555 0.001067 0.000543 0.000000 
50.000000 42.986602 36.189895 29.806501 23.995996 18.869462 14.484834 10.849005 7.925456 5.645436 3.920457 2.654118 1.751819 1.127644 0.708323 0.434668 0.261121 0.154133 0.089997 0.052598 0.031375 0.019653 0.013347 0.010043 0.008355 0.007515 0.007107 0.006914 0.006824 0.006783 0.006764 0.006753 0.006744 0.006733 0.006717 0.006690 0.006648 0.006582 0.006482 0.006338 0.006133 0.005852 0.005481 0.005005 0.004415 0.003710 0.002895 0.001988 0.001012 0.000000 
50.000000 42.987475 36.191615 29.809016 23.999235 18.873339 14.489257 10.853880 7.930694 5.650956 3.926191 2.660009 1.757821 1.133723 0.714454 0.440833 0.267307 0.160332 0.096204 0.058809 0.037590 0.025868 0.019563 0.016259 0.014572 0.013732 0.013324 0.013131 0.013041 0.012999 0.012978 0.012965 0.012951 0.012932 0.012902 0.012852 0.012772 0.012647 0.012460 0.012185 0.011796 0.011262 0.010552 0.009640 0.008509 0.007154 0.005586 0.003836 0.001953 0.000000 
50.000000 42.989117 36.194848 29.813743 24.005321 18.880624 14.497567 10.863039 7.940535 5.661329 3.936966 2.671079 1.769101 1.145148 0.725976 0.452418 0.278932 0.171983 0.107869 0.070483 0.049268 0.037549 0.031246 0.027943 0.026256 0.025416 0.025008 0.024814 0.024723 0.024680 0.024657 0.024639 0.024617 0.024583 0.024526 0.024434 0.024285 0.024054 0.023703 0.023189 0.022457 0.021451 0.020110 0.018383 0.016236 0.013657 0.010669 0.007330 0.003733 0.000000 
50.000000 42.992097 36.200715 29.822322 24.016367 18.893846 14.512649 10.879662 7.958397 5.680156 3.956523 2.691171 1.789574 1.165884 0.746889 0.473446 0.300033 0.193128 0.129042 0.091671 0.070465 0.058751 0.052450 0.049149 0.047462 0.046623 0.046215 0.046020 0.045928 0.045883 0.045855 0.045829 0.045792 0.045732 0.045631 0.045463 0.045194 0.044772 0.044133 0.043191 0.041848 0.039994 0.037517 0.034319 0.030331 0.025529 0.019955 0.013715 0.006987 0.000000 
50.000000 42.997351 36.211060 29.837447 24.035842 18.917158 14.539241 10.908973 7.989892 5.713354 3.991008 2.726600 1.825675 1.202449 0.783766 0.510527 0.337242 0.230417 0.166378 0.129034 0.107844 0.096139 0.089843 0.086543 0.084858 0.084019 0.083611 0.083415 0.083322 0.083272 0.083237 0.083197 0.083135 0.083031 0.082853 0.082559 0.082084 0.081338 0.080201 0.078523 0.076121 0.072793 0.068333 0.062556 0.055329 0.046605 0.036451 0.025066 0.012774 0.000000 
50.000000 43.006360 36.228800 29.863384 24.069241 18.957137 14.584845 10.959240 8.043907 5.770290 4.050152 2.787363 1.887592 1.265163 0.847015 0.574124 0.401061 0.294371 0.230413 0.193117 0.171954 0.160264 0.153975 0.150680 0.148997 0.148158 0.147750 0.147553 0.147456 0.147401 0.147354 0.147291 0.147189 0.147012 0.146710 0.146208 0.145392 0.144108 0.142146 0.139236 0.135057 0.129244 0.121423 0.111255 0.098490 0.083032 0.064993 0.044720 0.022799 0.000000 
50.000000 43.021387 36.258389 29.906648 24.124949 19.023822 14.660915 11.043090 8.134008 5.865264 4.148811 2.888725 1.990878 1.369780 0.952525 0.680216 0.507522 0.401059 0.337238 0.300021 0.278903 0.267237 0.260962 0.257674 0.255994 0.255156 0.254748 0.254549 0.254447 0.254382 0.254316 0.254219 0.254053 0.253762 0.253264 0.252430 0.251074 0.248928 0.245636 0.240735 0.233665 0.223788 0.210443 0.193017 0.171051 0.144352 0.113093 0.077873 0.039719 0.000000 
50.000000 43.045760 36.306380 29.976819 24.215305 19.131983 14.784300 11.179093 8.280155 6.019317 4.308842 3.053143 2.158420 1.539480 1.123675 0.852311 0.680216 0.574122 0.510522 0.473434 0.452388 0.440763 0.434509 0.431232 0.429558 0.428722 0.428313 0.428111 0.428003 0.427923 0.427829 0.427679 0.427416 0.426954 0.426156 0.424816 0.422626 0.419150 0.413790 0.405776 0.394157 0.377847 0.355698 0.326633 0.289821 0.244880 0.192060 0.132362 0.067548 0.000000 
50.000000 43.084187 36.382045 30.087454 24.357766 19.302518 14.978840 11.393532 8.510589 6.262220 4.561174 3.312394 2.422598 1.807065 1.393546 1.123674 0.952524 0.847013 0.783761 0.746876 0.725946 0.714384 0.708165 0.704905 0.703239 0.702407 0.701998 0.701792 0.701673 0.701573 0.701439 0.701213 0.700810 0.700096 0.698859 0.696773 0.693350 0.687891 0.679434 0.666721 0.648191 0.622033 0.586305 0.539150 0.479094 0.405392 0.318368 0.219641 0.112166 0.000000 
50.000000 43.143062 36.497972 30.256959 24.576035 19.563802 15.276907 11.722092 8.863660 6.634401 4.947807 3.709632 2.827388 2.217078 1.807065 1.539480 1.369779 1.265161 1.202444 1.165871 1.145117 1.133653 1.127486 1.124253 1.122601 1.121774 1.121365 1.121154 1.121021 1.120893 1.120703 1.120371 1.119773 1.118708 1.116855 1.113715 1.108539 1.100242 1.087320 1.067783 1.039133 0.998426 0.942459 0.868095 0.772762 0.655035 0.515249 0.355932 0.181920 0.000000 
50.000000 43.230688 36.670514 30.509247 24.900904 19.952700 15.720556 12.211133 9.389191 7.188381 5.523304 4.300919 3.429922 2.827388 2.422598 2.158419 1.990878 1.887589 1.825670 1.789561 1.769071 1.757752 1.751663 1.748471 1.746838 1.746020 1.745611 1.745393 1.745243 1.745077 1.744814 1.744343 1.743485 1.741951 1.739270 1.734707 1.727147 1.714961 1.695871 1.666822 1.623929 1.562540 1.477489 1.363594 1.216435 1.033340 0.814444 0.563532 0.288336 0.000000 
50.000000 43.357346 36.919912 30.873915 25.370487 20.514837 16.361841 12.918038 10.148849 7.989171 6.355205 5.155653 4.300919 3.709632 3.312394 3.053143 2.888725 2.787361 2.726595 2.691158 2.671049 2.659941 2.653964 2.650831 2.649228 2.648422 2.648015 2.647789 2.647617 2.647405 2.647051 2.646404 2.645220 2.643090 2.639353 2.632961 2.622312 2.605049 2.577826 2.536108 2.474032 2.384445 2.259226 2.089993 1.869283 1.592158 1.258034 0.872273 0.446924 0.000000 
50.000000 43.535086 37.269898 31.385663 26.029471 21.303711 17.261796 13.910090 11.214945 9.113001 7.522705 6.355205 5.523304 4.947807 4.561174 4.308842 4.148810 4.050149 3.991003 3.956511 3.936937 3.926124 3.920307 3.917256 3.915694 3.914907 3.914504 3.914269 3.914072 3.913806 3.913344 3.912491 3.910918 3.908076 3.903067 3.894454 3.880024 3.856482 3.819097 3.761353 3.674684 3.548419 3.370125 3.126540 2.805282 2.397376 1.900341 1.321188 0.678169 0.000000 
50.000000 43.777178 37.746597 32.082696 26.927052 22.378221 18.487617 15.261368 12.667089 10.643799 9.113001 7.989171 7.188381 6.634401 6.262220 6.019317 5.865263 5.770288 5.713349 5.680145 5.661301 5.650892 5.645291 5.642353 5.640847 5.640086 5.639690 5.639448 5.639224 5.638900 5.638320 5.637238 5.635235 5.631600 5.625160 5.614029 5.595268 5.564452 5.515140 5.438317 5.321900 5.150473 4.905541 4.566624 4.113567 3.530321 2.810051 1.960682 1.008917 0.000000 
50.000000 44.097140 38.376631 33.003940 28.113360 23.798381 20.107773 17.047354 14.586407 12.667089 11.214945 10.148849 9.389191 8.863660 8.510589 8.280155 8.134008 8.043905 7.989888 7.958386 7.940509 7.930632 7.925318 7.922530 7.921100 7.920373 7.919989 7.919742 7.919493 7.919111 7.918414 7.917104 7.914665 7.910221 7.902308 7.888556 7.865234 7.826650 7.764404 7.666525 7.516617 7.293203 6.969651 6.515184 5.897689 5.089016 4.073073 2.855905 1.474688 0.000000 
50.000000 44.507379 39.184431 34.185119 29.634401 25.619270 22.185106 19.337327 17.047354 15.261368 13.910090 12.918038 12.211133 11.722092 11.393532 11.179093 11.043089 10.959239 10.908969 10.879652 10.863014 10.853823 10.848876 10.846281 10.844948 10.844268 10.843902 10.843654 10.843385 10.842954 10.842156 10.840644 10.837819 10.832647 10.823395 10.807228 10.779633 10.733644 10.658811 10.539965 10.355826 10.077703 9.668663 9.083948 8.273721 7.189713 5.797256 4.092941 2.124209 0.000000 
50.000000 45.017532 40.188975 35.653986 31.525915 27.883675 24.768434 22.185106 20.107773 18.487617 17.261796 16.361841 15.720556 15.276907 14.978840 14.784300 14.660915 14.584844 14.539237 14.512639 14.497544 14.489205 14.484717 14.482361 14.481150 14.480529 14.480189 14.479947 14.479668 14.479206 14.478339 14.476689 14.473592 14.467899 14.457668 14.439690 14.408811 14.356962 14.271848 14.135256 13.920993 13.592589 13.101159 12.384217 11.367048 9.969332 8.120985 5.791139 3.029119 0.000000 
50.000000 45.632717 41.400337 37.425271 33.806874 30.614314 27.883675 25.619270 23.798381 22.378221 21.303711 20.514837 19.952700 19.563802 19.302518 19.131983 19.023821 18.957135 18.917155 18.893838 18.880604 18.873293 18.869358 18.867293 18.866229 18.865682 18.865377 18.865151 18.864876 18.864408 18.863524 18.861833 18.858648 18.852771 18.842162 18.823424 18.791041 18.736265 18.645554 18.498429 18.264654 17.900691 17.345549 16.516627 15.307157 13.589029 11.228631 8.128330 4.306160 0.000000 
50.000000 46.351960 42.816603 39.496178 36.473677 33.806874 31.525915 29.634401 28.113360 26.927052 26.029471 25.370487 24.900904 24.576035 24.357766 24.215305 24.124949 24.069240 24.035839 24.016360 24.005305 23.999197 23.995909 23.994183 23.993293 23.992834 23.992574 23.992373 23.992120 23.991681 23.990845 23.989241 23.986210 23.980598 23.970425 23.952374 23.921000 23.867565 23.778329 23.632094 23.396731 23.024344 22.444688 21.556583 20.217846 18.236838 15.375800 11.392294 6.171249 0.000000 
50.000000 47.167131 44.421763 41.843298 39.496178 37.425271 35.653986 34.185119 33.003940 32.082696 31.385663 30.873915 30.509247 30.256959 30.087453 29.976819 29.906648 29.863384 29.837444 29.822316 29.813730 29.808986 29.806433 29.805092 29.804400 29.804042 29.803836 29.803673 29.803461 29.803087 29.802373 29.800997 29.798393 29.793556 29.784759 29.769086 29.741710 29.694804 29.615881 29.485322 29.272645 28.930867 28.387863 27.533001 26.196641 24.120379 20.921649 16.082692 9.082470 0.000000 
50.000000 48.062648 46.185136 44.421763 42.816603 41.400337 40.188975 39.184431 38.376631 37.746597 37.269898 36.919912 36.670514 36.497972 36.382045 36.306380 36.258389 36.228799 36.211058 36.200712 36.194839 36.191595 36.189848 36.188931 36.188457 36.188211 36.188069 36.187953 36.187800 36.187527 36.187004 36.185995 36.184080 36.180516 36.174018 36.162404 36.142040 36.106982 36.047640 35.948710 35.785916 35.520727 35.091490 34.397836 33.272007 31.424309 28.339071 23.092568 14.156284 0.000000 
50.000000 49.016129 48.062648 47.167131 46.351960 45.632717 45.017532 44.507379 44.097140 43.777178 43.535086 43.357346 43.230688 43.143062 43.084187 43.045760 43.021387 43.006360 42.997350 42.992095 42.989113 42.987465 42.986578 42.986112 42.985871 42.985746 42.985673 42.985613 42.985533 42.985389 42.985112 42.984577 42.983562 42.981669 42.978212 42.972022 42.961141 42.942352 42.910422 42.856917 42.768261 42.622451 42.383170 41.988413 41.326557 40.180711 38.084661 33.906363 24.508065 0.000000 
50.000000 50.000000 50.000000 50.000000 50.000000 50.000000 50.000000 50.000000 50.000000 50.000000 50.000000 50.000000 50.000000 50.000000 50.000000 50.000000 50.000000 50.000000 50.000000 50.000000 50.000000 50.000000 50.000000 50.000000 50.000000 50.000000 50.000000 50.000000 50.000000 50.000000 50.000000 50.000000 50.000000 50.000000 50.000000 50.000000 50.000000 50.000000 50.000000 50.000000 50.000000 50.000000 50.000000 50.000000 50.000000 50.000000 50.000000 50.000000 50.000000 50.000000 
