50.000000 50.000000 50.000000 50.000000 50.000000 50.000000 50.000000 50.000000 50.000000 50.000000 50.000000 50.000000 50.000000 50.000000 50.000000 50.000000 50.000000 50.000000 50.000000 50.000000 50.000000 50.000000 50.000000 50.000000 50.000000 50.000000 50.000000 50.000000 50.000000 50.000000 50.000000 50.000000 50.000000 50.000000 50.000000 50.000000 50.000000 50.000000 50.000000 50.000000 50.000000 50.000000 50.000000 50.000000 50.000000 50.000000 50.000000 50.000000 50.000000 50.000000 
50.000000 48.582398 47.227861 45.991047 44.911666 44.011091 43.292479 42.743841 42.342874 42.062195 41.873894 41.752743 41.677939 41.633581 41.608300 41.594442 41.587130 41.583413 41.581592 41.580731 41.580338 41.580165 41.580091 41.580060 41.580048 41.580043 41.580041 41.580039 41.580034 41.580023 41.579996 41.579932 41.579781 41.579439 41.578684 41.577067 41.573700 41.566877 41.553411 41.527484 41.478665 41.388469 41.224160 40.926933 40.387434 39.389534 37.465812 33.480802 24.291199 0.000000 
50.000000 47.227861 44.579049 42.160450 40.049719 38.288649 36.883412 35.810566 35.026489 34.477636 34.109425 33.872525 33.726253 33.639515 33.590083 33.562986 33.548688 33.541421 33.537860 33.536177 33.535409 33.535070 33.534925 33.534865 33.534841 33.534832 33.534827 33.534823 33.534815 33.534794 33.534745 33.534626 33.534348 33.533718 33.532331 33.529367 33.523209 33.510771 33.486322 33.439496 33.351952 33.191792 32.904119 32.394596 31.499735 29.931277 27.171268 22.289524 13.747059 0.000000 
50.000000 45.991047 42.160450 38.662789 35.610364 33.063613 31.031463 29.480004 28.346150 27.552462 27.020005 26.677437 26.465922 26.340500 26.269021 26.229840 26.209167 26.198660 26.193511 26.191077 26.189966 26.189476 26.189267 26.189181 26.189146 26.189132 26.189126 26.189120 26.189109 26.189083 26.189017 26.188861 26.188497 26.187674 26.185867 26.182016 26.174048 26.158031 26.126739 26.067276 25.957240 25.758675 25.408643 24.804712 23.783041 22.087163 19.331394 14.989182 8.525235 0.000000 
50.000000 44.911666 40.049719 35.610364 31.736140 28.503757 25.924538 23.955437 22.516376 21.509060 20.833298 20.398539 20.130108 19.970938 19.880229 19.830508 19.804274 19.790941 19.784408 19.781319 19.779909 19.779288 19.779023 19.778913 19.778869 19.778852 19.778844 19.778837 19.778825 19.778795 19.778723 19.778550 19.778148 19.777242 19.775260 19.771053 19.762390 19.745081 19.711520 19.648342 19.532828 19.327588 18.973061 18.377593 17.405731 15.868070 13.523201 10.118442 5.522132 0.000000 
50.000000 44.011091 38.288649 33.063613 28.503757 24.699363 21.663751 19.346246 17.652589 16.467080 15.671792 15.160144 14.844247 14.656936 14.550191 14.491683 14.460813 14.445124 14.437437 14.433803 14.432144 14.431413 14.431101 14.430972 14.430921 14.430900 14.430891 14.430884 14.430871 14.430842 14.430771 14.430600 14.430205 14.429318 14.427385 14.423300 14.414936 14.398338 14.366420 14.306944 14.199566 14.011777 13.693796 13.173007 12.349681 11.098026 9.280573 6.788914 3.623657 0.000000 
50.000000 43.292479 36.883412 31.031463 25.924538 21.663751 18.264011 15.668552 13.771792 12.444141 11.553514 10.980543 10.626792 10.417041 10.297512 10.231997 10.197432 10.179865 10.171258 10.167190 10.165333 10.164514 10.164165 10.164021 10.163963 10.163940 10.163930 10.163923 10.163912 10.163885 10.163821 10.163667 10.163313 10.162520 10.160800 10.157184 10.149824 10.135321 10.107671 10.056677 9.965755 9.809147 9.548835 9.132005 8.490744 7.546945 6.226751 4.488817 2.365545 0.000000 
50.000000 42.743841 35.810566 29.480004 23.955437 19.346246 15.668552 12.860932 10.809157 9.373026 8.409646 7.789883 7.407252 7.180383 7.051102 6.980244 6.942861 6.923863 6.914555 6.910155 6.908147 6.907261 6.906884 6.906728 6.906666 6.906641 6.906631 6.906624 6.906614 6.906592 6.906538 6.906410 6.906116 6.905460 6.904044 6.901082 6.895090 6.883368 6.861208 6.820746 6.749456 6.628381 6.430466 6.119717 5.652450 4.982376 4.071361 2.906447 1.519682 0.000000 
50.000000 42.342874 35.026489 28.346150 22.516376 17.652589 13.771792 10.809157 8.644128 7.128751 6.112230 5.458292 5.054571 4.815202 4.678801 4.604043 4.564604 4.544561 4.534741 4.530100 4.527982 4.527048 4.526649 4.526485 4.526419 4.526394 4.526383 4.526377 4.526369 4.526351 4.526309 4.526210 4.525982 4.525475 4.524386 4.522120 4.517564 4.508712 4.492115 4.462095 4.409782 4.322064 4.180775 3.962645 3.640812 3.188787 2.587475 1.834697 0.954405 0.000000 
50.000000 42.062195 34.477636 27.552462 21.509060 16.467080 12.444141 9.373026 7.128751 5.557928 4.504231 3.826389 3.407918 3.159808 3.018430 2.940945 2.900069 2.879296 2.869119 2.864309 2.862113 2.861145 2.860733 2.860562 2.860494 2.860468 2.860457 2.860451 2.860445 2.860432 2.860401 2.860328 2.860162 2.859794 2.859007 2.857377 2.854119 2.847832 2.836131 2.815154 2.778964 2.718969 2.623570 2.478386 2.267514 1.976232 1.595222 1.125684 0.583530 0.000000 
50.000000 41.873894 34.109425 27.020005 20.833298 15.671792 11.553514 8.409646 6.112230 4.504231 3.425610 2.731745 2.303388 2.049421 1.904708 1.825397 1.783557 1.762296 1.751880 1.746956 1.744710 1.743719 1.743297 1.743122 1.743053 1.743025 1.743015 1.743010 1.743005 1.742996 1.742974 1.742924 1.742809 1.742557 1.742019 1.740912 1.738709 1.734486 1.726683 1.712805 1.689077 1.650135 1.588900 1.496838 1.364848 1.184956 0.952729 0.669929 0.346410 0.000000 
50.000000 41.752743 33.872525 26.677437 20.398539 15.160144 10.980543 7.789883 5.458292 3.826389 2.731745 2.027580 1.592869 1.335139 1.188283 1.107799 1.065341 1.043766 1.033196 1.028200 1.025921 1.024915 1.024487 1.024310 1.024239 1.024212 1.024201 1.024196 1.024193 1.024187 1.024172 1.024140 1.024065 1.023901 1.023552 1.022838 1.021426 1.018733 1.013790 1.005062 0.990258 0.966178 0.928676 0.872872 0.793724 0.687019 0.550697 0.386203 0.199333 0.000000 
50.000000 41.677939 33.726253 26.465922 20.130108 14.844247 10.626792 7.407252 5.054571 3.407918 2.303388 1.592869 1.154240 0.894189 0.746012 0.664805 0.621967 0.600198 0.589533 0.584493 0.582193 0.581179 0.580746 0.580568 0.580497 0.580469 0.580458 0.580454 0.580451 0.580447 0.580438 0.580418 0.580371 0.580270 0.580055 0.579617 0.578755 0.577120 0.574136 0.568901 0.560086 0.545859 0.523884 0.491470 0.445909 0.385027 0.307892 0.215482 0.111062 0.000000 
50.000000 41.633581 33.639515 26.340500 19.970938 14.656936 10.417041 7.180383 4.815202 3.159808 2.049421 1.335139 0.894189 0.632764 0.483805 0.402170 0.359106 0.337223 0.326503 0.321436 0.319124 0.318105 0.317670 0.317491 0.317419 0.317391 0.317381 0.317377 0.317374 0.317372 0.317367 0.317354 0.317327 0.317267 0.317141 0.316884 0.316382 0.315434 0.313713 0.310712 0.305690 0.297639 0.285293 0.267217 0.242000 0.208549 0.166452 0.116307 0.059881 0.000000 
50.000000 41.608300 33.590083 26.269021 19.880229 14.550191 10.297512 7.051102 4.678801 3.018430 1.904708 1.188283 0.746012 0.483805 0.334402 0.252523 0.209331 0.187383 0.176631 0.171550 0.169231 0.168208 0.167772 0.167592 0.167520 0.167493 0.167482 0.167478 0.167476 0.167475 0.167471 0.167465 0.167449 0.167415 0.167344 0.167201 0.166921 0.166395 0.165445 0.163796 0.161053 0.156682 0.150020 0.140328 0.126892 0.109176 0.087005 0.060716 0.031233 0.000000 
50.000000 41.594442 33.562986 26.229840 19.830508 14.491683 10.231997 6.980244 4.604043 2.940945 1.825397 1.107799 0.664805 0.402170 0.252523 0.170512 0.127250 0.105266 0.094497 0.089407 0.087084 0.086060 0.085623 0.085443 0.085371 0.085343 0.085333 0.085329 0.085327 0.085326 0.085324 0.085321 0.085312 0.085294 0.085256 0.085179 0.085029 0.084750 0.084246 0.083377 0.081939 0.079657 0.076200 0.071197 0.064298 0.055248 0.043973 0.030655 0.015758 0.000000 
50.000000 41.587130 33.548688 26.209167 19.804274 14.460813 10.197432 6.942861 4.564604 2.900069 1.783557 1.065341 0.621967 0.359106 0.209331 0.127250 0.083951 0.061948 0.051170 0.046076 0.043751 0.042726 0.042289 0.042109 0.042037 0.042009 0.041998 0.041994 0.041993 0.041992 0.041991 0.041989 0.041985 0.041975 0.041956 0.041916 0.041840 0.041697 0.041441 0.041000 0.040274 0.039129 0.037401 0.034912 0.031495 0.027032 0.021493 0.014971 0.007692 0.000000 
50.000000 41.583413 33.541421 26.198660 19.790941 14.445124 10.179865 6.923863 4.544561 2.879296 1.762296 1.043766 0.600198 0.337223 0.187383 0.105266 0.061948 0.039937 0.029153 0.024057 0.021731 0.020706 0.020269 0.020088 0.020016 0.019988 0.019978 0.019974 0.019973 0.019972 0.019971 0.019970 0.019968 0.019964 0.019954 0.019934 0.019896 0.019826 0.019701 0.019486 0.019134 0.018579 0.017747 0.016552 0.014919 0.012793 0.010163 0.007074 0.003633 0.000000 
50.000000 41.581592 33.537860 26.193511 19.784408 14.437437 10.171259 6.914555 4.534741 2.869119 1.751880 1.033196 0.589533 0.326503 0.176631 0.094497 0.051170 0.029153 0.018368 0.013271 0.010944 0.009919 0.009482 0.009301 0.009229 0.009201 0.009191 0.009187 0.009185 0.009185 0.009185 0.009184 0.009183 0.009181 0.009176 0.009167 0.009149 0.009116 0.009057 0.008956 0.008791 0.008532 0.008145 0.007591 0.006837 0.005858 0.004650 0.003235 0.001661 0.000000 
50.000000 41.580731 33.536177 26.191077 19.781319 14.433803 10.167190 6.910155 4.530100 2.864309 1.746956 1.028200 0.584493 0.321436 0.171550 0.089407 0.046076 0.024057 0.013271 0.008173 0.005846 0.004821 0.004383 0.004203 0.004131 0.004103 0.004092 0.004089 0.004087 0.004087 0.004086 0.004086 0.004086 0.004085 0.004082 0.004078 0.004070 0.004055 0.004028 0.003982 0.003908 0.003791 0.003617 0.003369 0.003032 0.002597 0.002060 0.001432 0.000735 0.000000 
50.000000 41.580338 33.535409 26.189966 19.779910 14.432145 10.165333 6.908147 4.527982 2.862114 1.744710 1.025921 0.582193 0.319125 0.169231 0.087084 0.043751 0.021732 0.010945 0.005846 0.003520 0.002494 0.002057 0.001876 0.001804 0.001776 0.001766 0.001762 0.001761 0.001760 0.001760 0.001760 0.001760 0.001759 0.001758 0.001756 0.001753 0.001746 0.001734 0.001714 0.001682 0.001631 0.001556 0.001448 0.001303 0.001115 0.000884 0.000614 0.000315 0.000000 
50.000000 41.580165 33.535070 26.189477 19.779288 14.431414 10.164515 6.907262 4.527048 2.861146 1.743720 1.024916 0.581179 0.318105 0.168209 0.086061 0.042727 0.020707 0.009919 0.004821 0.002495 0.001469 0.001032 0.000851 0.000779 0.000751 0.000741 0.000737 0.000735 0.000735 0.000735 0.000735 0.000735 0.000734 0.000734 0.000733 0.000732 0.000729 0.000724 0.000715 0.000702 0.000680 0.000648 0.000603 0.000543 0.000464 0.000368 0.000256 0.000131 0.000000 
50.000000 41.580091 33.534926 26.189268 19.779024 14.431103 10.164167 6.906886 4.526651 2.860735 1.743299 1.024489 0.580748 0.317672 0.167774 0.085625 0.042291 0.020271 0.009484 0.004385 0.002059 0.001033 0.000596 0.000415 0.000343 0.000315 0.000305 0.000301 0.000299 0.000299 0.000299 0.000299 0.000299 0.000299 0.000298 0.000298 0.000297 0.000296 0.000294 0.000291 0.000285 0.000276 0.000263 0.000245 0.000220 0.000188 0.000149 0.000104 0.000053 0.000000 
50.000000 41.580062 33.534867 26.189184 19.778917 14.430977 10.164026 6.906733 4.526490 2.860568 1.743128 1.024316 0.580574 0.317497 0.167598 0.085449 0.042115 0.020094 0.009307 0.004209 0.001882 0.000856 0.000419 0.000238 0.000166 0.000138 0.000128 0.000124 0.000123 0.000122 0.000122 0.000122 0.000122 0.000122 0.000122 0.000122 0.000122 0.000121 0.000120 0.000119 0.000117 0.000113 0.000108 0.000100 0.000090 0.000077 0.000061 0.000042 0.000022 0.000000 
50.000000 41.580051 33.534847 26.189154 19.778879 14.430933 10.163976 6.906680 4.526434 2.860510 1.743068 1.024255 0.580513 0.317435 0.167537 0.085388 0.042053 0.020033 0.009245 0.004147 0.001820 0.000795 0.000357 0.000177 0.000105 0.000077 0.000066 0.000063 0.000061 0.000061 0.000061 0.000061 0.000061 0.000061 0.000060 0.000060 0.000060 0.000060 0.000060 0.000059 0.000058 0.000056 0.000053 0.000050 0.000044 0.000038 0.000030 0.000021 0.000011 0.000000 
50.000000 41.580051 33.534847 26.189154 19.778879 14.430933 10.163976 6.906680 4.526434 2.860510 1.743068 1.024255 0.580513 0.317435 0.167537 0.085388 0.042053 0.020033 0.009245 0.004147 0.001820 0.000795 0.000357 0.000177 0.000105 0.000077 0.000066 0.000063 0.000061 0.000061 0.000061 0.000061 0.000061 0.000061 0.000060 0.000060 0.000060 0.000060 0.000060 0.000059 0.000058 0.000056 0.000053 0.000050 0.000044 0.000038 0.000030 0.000021 0.000011 0.000000 
50.000000 41.580062 33.534867 26.189184 19.778917 14.430977 10.164026 6.906733 4.526490 2.860568 1.743128 1.024316 0.580574 0.317497 0.167598 0.085449 0.042115 0.020094 0.009307 0.004209 0.001882 0.000856 0.000419 0.000238 0.000166 0.000138 0.000128 0.000124 0.000123 0.000122 0.000122 0.000122 0.000122 0.000122 0.000122 0.000122 0.000122 0.000121 0.000120 0.000119 0.000117 0.000113 0.000108 0.000100 0.000090 0.000077 0.000061 0.000042 0.000022 0.000000 
50.000000 41.580091 33.534926 26.189268 19.779024 14.431103 10.164167 6.906886 4.526651 2.860735 1.743299 1.024489 0.580748 0.317672 0.167774 0.085625 0.042291 0.020271 0.009484 0.004385 0.002059 0.001033 0.000596 0.000415 0.000343 0.000315 0.000305 0.000301 0.000299 0.000299 0.000299 0.000299 0.000299 0.000299 0.000298 0.000298 0.000297 0.000296 0.000294 0.000291 0.000285 0.000276 0.000263 0.000245 0.000220 0.000188 0.000149 0.000104 0.000053 0.000000 
50.000000 41.580165 33.535070 26.189477 19.779288 14.431414 10.164515 6.907262 4.527048 2.861146 1.743720 1.024916 0.581179 0.318105 0.168209 0.086061 0.042727 0.020707 0.009919 0.004821 0.002495 0.001469 0.001032 0.000851 0.000779 0.000751 0.000741 0.000737 0.000735 0.000735 0.000735 0.000735 0.000735 0.000734 0.000734 0.000733 0.000732 0.000729 0.000724 0.000715 0.000702 0.000680 0.000648 0.000603 0.000543 0.000464 0.000368 0.000256 0.000131 0.000000 
50.000000 41.580338 33.535409 26.189966 19.779910 14.432145 10.165333 6.908147 4.527982 2.862114 1.744710 1.025921 0.582193 0.319125 0.169231 0.087084 0.043751 0.021732 0.010945 0.005846 0.003520 0.002494 0.002057 0.001876 0.001804 0.001776 0.001766 0.001762 0.001761 0.001760 0.001760 0.001760 0.001760 0.001759 0.001758 0.001756 0.001753 0.001746 0.001734 0.001714 0.001682 0.001631 0.001556 0.001448 0.001303 0.001115 0.000884 0.000614 0.000315 0.000000 
50.000000 41.580731 33.536177 26.191077 19.781319 14.433803 10.167190 6.910155 4.530100 2.864309 1.746956 1.028200 0.584493 0.321436 0.171550 0.089407 0.046076 0.024057 0.013271 0.008173 0.005846 0.004821 0.004383 0.004203 0.004131 0.004103 0.004092 0.004089 0.004087 0.004087 0.004086 0.004086 0.004086 0.004085 0.004082 0.004078 0.004070 0.004055 0.004028 0.003982 0.003908 0.003791 0.003617 0.003369 0.003032 0.002597 0.002060 0.001432 0.000735 0.000000 
50.000000 41.581592 33.537860 26.193511 19.784408 14.437437 10.171259 6.914555 4.534741 2.869119 1.751880 1.033196 0.589533 0.326503 0.176631 0.094497 0.051170 0.029153 0.018368 0.013271 0.010944 0.009919 0.009482 0.009301 0.009229 0.009201 0.009191 0.009187 0.009185 0.009185 0.009185 0.009184 0.009183 0.009181 0.009176 0.009167 0.009149 0.009116 0.009057 0.008956 0.008791 0.008532 0.008145 0.007591 0.006837 0.005858 0.004650 0.003235 0.001661 0.000000 
50.000000 41.583413 33.541421 26.198660 19.790941 14.445124 10.179865 6.923863 4.544561 2.879296 1.762296 1.043766 0.600198 0.337223 0.187383 0.105266 0.061948 0.039937 0.029153 0.024057 0.021731 0.020706 0.020269 0.020088 0.020016 0.019988 0.019978 0.019974 0.019973 0.019972 0.019971 0.019970 0.019968 0.019964 0.019954 0.019934 0.019896 0.019826 0.019701 0.019486 0.019134 0.018579 0.017747 0.016552 0.014919 0.012793 0.010163 0.007074 0.003633 0.000000 
50.000000 41.587130 33.548688 26.209167 19.804274 14.460813 10.197432 6.942861 4.564604 2.900069 1.783557 1.065341 0.621967 0.359106 0.209331 0.127250 0.083951 0.061948 0.051170 0.046076 0.043751 0.042726 0.042289 0.042109 0.042037 0.042009 0.041998 0.041994 0.041993 0.041992 0.041991 0.041989 0.041985 0.041975 0.041956 0.041916 0.041840 0.041697 0.041441 0.041000 0.040274 0.039129 0.037401 0.034912 0.031495 0.027032 0.021493 0.014971 0.007692 0.000000 
50.000000 41.594442 33.562986 26.229840 19.830508 14.491683 10.231997 6.980244 4.604043 2.940945 1.825397 1.107799 0.664805 0.402170 0.252523 0.170512 0.127250 0.105266 0.094497 0.089407 0.087084 0.086060 0.085623 0.085443 0.085371 0.085343 0.085333 0.085329 0.085327 0.085326 0.085324 0.085321 0.085312 0.085294 0.085256 0.085179 0.085029 0.084750 0.084246 0.083377 0.081939 0.079657 0.076200 0.071197 0.064298 0.055248 0.043973 0.030655 0.015758 0.000000 
50.000000 41.608300 33.590083 26.269021 19.880229 14.550191 10.297512 7.051102 4.678801 3.018430 1.904708 1.188283 0.746012 0.483805 0.334402 0.252523 0.209331 0.187383 0.176631 0.171550 0.169231 0.168208 0.167772 0.167592 0.167520 0.167493 0.167482 0.167478 0.167476 0.167475 0.167471 0.167465 0.167449 0.167415 0.167344 0.167201 0.166921 0.166395 0.165445 0.163796 0.161053 0.156682 0.150020 0.140328 0.126892 0.109176 0.087005 0.060716 0.031233 0.000000 
50.000000 41.633581 33.639515 26.340500 19.970938 14.656936 10.417041 7.180383 4.815202 3.159808 2.049421 1.335139 0.894189 0.632764 0.483805 0.402170 0.359106 0.337223 0.326503 0.321436 0.319124 0.318105 0.317670 0.317491 0.317419 0.317391 0.317381 0.317377 0.317374 0.317372 0.317367 0.317354 0.317327 0.317267 0.317141 0.316884 0.316382 0.315434 0.313713 0.310712 0.305690 0.297639 0.285293 0.267217 0.242000 0.208549 0.166452 0.116307 0.059881 0.000000 
50.000000 41.677939 33.726253 26.465922 20.130108 14.844247 10.626792 7.407252 5.054571 3.407918 2.303388 1.592869 1.154240 0.894189 0.746012 0.664805 0.621967 0.600198 0.589533 0.584493 0.582193 0.581179 0.580746 0.580568 0.580497 0.580469 0.580458 0.580454 0.580451 0.580447 0.580438 0.580418 0.580371 0.580270 0.580055 0.579617 0.578755 0.577120 0.574136 0.568901 0.560086 0.545859 0.523884 0.491470 0.445909 0.385027 0.307892 0.215482 0.111062 0.000000 
50.000000 41.752743 33.872525 26.677437 20.398539 15.160144 10.980543 7.789883 5.458292 3.826389 2.731745 2.027580 1.592869 1.335139 1.188283 1.107799 1.065341 1.043766 1.033196 1.028200 1.025921 1.024915 1.024487 1.024310 1.024239 1.024212 1.024201 1.024196 1.024193 1.024187 1.024172 1.024140 1.024065 1.023901 1.023552 1.022838 1.021426 1.018733 1.013790 1.005062 0.990258 0.966178 0.928676 0.872872 0.793724 0.687019 0.550697 0.386203 0.199333 0.000000 
50.000000 41.873894 34.109425 27.020005 20.833298 15.671792 11.553514 8.409646 6.112230 4.504231 3.425610 2.731745 2.303388 2.049421 1.904708 1.825397 1.783557 1.762296 1.751880 1.746956 1.744710 1.743719 1.743297 1.743122 1.743053 1.743025 1.743015 1.743010 1.743005 1.742996 1.742974 1.742924 1.742809 1.742557 1.742019 1.740912 1.738709 1.734486 1.726683 1.712805 1.689077 1.650135 1.588900 1.496838 1.364848 1.184956 0.952729 0.669929 0.346410 0.000000 
50.000000 42.062195 34.477636 27.552462 21.509060 16.467080 12.444141 9.373026 7.128751 5.557928 4.504231 3.826389 3.407918 3.159808 3.018430 2.940945 2.900069 2.879296 2.869119 2.864309 2.862113 2.861145 2.860733 2.860562 2.860494 2.860468 2.860457 2.860451 2.860445 2.860432 2.860401 2.860328 2.860162 2.859794 2.859007 2.857377 2.854119 2.847832 2.836131 2.815154 2.778964 2.718969 2.623570 2.478386 2.267514 1.976232 1.595222 1.125684 0.583530 0.000000 
50.000000 42.342874 35.026489 28.346150 22.516376 17.652589 13.771792 10.809157 8.644128 7.128751 6.112230 5.458292 5.054571 4.815202 4.678801 4.604043 4.564604 4.544561 4.534741 4.530100 4.527982 4.527048 4.526649 4.526485 4.526419 4.526394 4.526383 4.526377 4.526369 4.526351 4.526309 4.526210 4.525982 4.525475 4.524386 4.522120 4.517564 4.508712 4.492115 4.462095 4.409782 4.322064 4.180775 3.962645 3.640812 3.188787 2.587475 1.834697 0.954405 0.000000 
50.000000 42.743841 35.810566 29.480004 23.955437 19.346246 15.668552 12.860932 10.809157 9.373026 8.409646 7.789883 7.407252 7.180383 7.051102 6.980244 6.942861 6.923863 6.914555 6.910155 6.908147 6.907261 6.906884 6.906728 6.906666 6.906641 6.906631 6.906624 6.906614 6.906592 6.906538 6.906410 6.906116 6.905460 6.904044 6.901082 6.895090 6.883368 6.861208 6.820746 6.749456 6.628381 6.430466 6.119717 5.652450 4.982376 4.071361 2.906447 1.519682 0.000000 
50.000000 43.292479 36.883412 31.031463 25.924538 21.663751 18.264011 15.668552 13.771792 12.444141 11.553514 10.980543 10.626792 10.417041 10.297512 10.231997 10.197432 10.179865 10.171258 10.167190 10.165333 10.164514 10.164165 10.164021 10.163963 10.163940 10.163930 10.163923 10.163912 10.163885 10.163821 10.163667 10.163313 10.162520 10.160800 10.157184 10.149824 10.135321 10.107671 10.056677 9.965755 9.809147 9.548835 9.132005 8.490744 7.546945 6.226751 4.488817 2.365545 0.000000 
50.000000 44.011091 38.288649 33.063613 28.503757 24.699363 21.663751 19.346246 17.652589 16.467080 15.671792 15.160144 14.844247 14.656936 14.550191 14.491683 14.460813 14.445124 14.437437 14.433803 14.432144 14.431413 14.431101 14.430972 14.430921 14.430900 14.430891 14.430884 14.430871 14.430842 14.430771 14.430600 14.430205 14.429318 14.427385 14.423300 14.414936 14.398338 14.366420 14.306944 14.199566 14.011777 13.693796 13.173007 12.349681 11.098026 9.280573 6.788914 3.623657 0.000000 
50.000000 44.911666 40.049719 35.610364 31.736140 28.503757 25.924538 23.955437 22.516376 21.509060 20.833298 20.398539 20.130108 19.970938 19.880229 19.830508 19.804274 19.790941 19.784408 19.781319 19.779909 19.779288 19.779023 19.778913 19.778869 19.778852 19.778844 19.778837 19.778825 19.778795 19.778723 19.778550 19.778148 19.777242 19.775260 19.771053 19.762390 19.745081 19.711520 19.648342 19.532828 19.327588 18.973061 18.377593 17.405731 15.868070 13.523201 10.118442 5.522132 0.000000 
50.000000 45.991047 42.160450 38.662789 35.610364 33.063613 31.031463 29.480004 28.346150 27.552462 27.020005 26.677437 26.465922 26.340500 26.269021 26.229840 26.209167 26.198660 26.193511 26.191077 26.189966 26.189476 26.189267 26.189181 26.189146 26.189132 26.189126 26.189120 26.189109 26.189083 26.189017 26.188861 26.188497 26.187674 26.185867 26.182016 26.174048 26.158031 26.126739 26.067276 25.957240 25.758675 25.408643 24.804712 23.783041 22.087163 19.331394 14.989182 8.525235 0.000000 
50.000000 47.227861 44.579049 42.160450 40.049719 38.288649 36.883412 35.810566 35.026489 34.477636 34.109425 33.872525 33.726253 33.639515 33.590083 33.562986 33.548688 33.541421 33.537860 33.536177 33.535409 33.535070 33.534925 33.534865 33.534841 33.534832 33.534827 33.534823 33.534815 33.534794 33.534745 33.534626 33.534348 33.533718 33.532331 33.529367 33.523209 33.510771 33.486322 33.439496 33.351952 33.191792 32.904119 32.394596 31.499735 29.931277 27.171268 22.289524 13.747059 0.000000 
50.000000 48.582398 47.227861 45.991047 44.911666 44.011091 43.292479 42.743841 42.342874 42.062195 41.873894 41.752743 41.677939 41.633581 41.608300 41.594442 41.587130 41.583413 41.581592 41.580731 41.580338 41.580165 41.580091 41.580060 41.580048 41.580043 41.580041 41.580039 41.580034 41.580023 41.579996 41.579932 41.579781 41.579439 41.578684 41.577067 41.573700 41.566877 41.553411 41.527484 41.478665 41.388469 41.224160 40.926933 40.387434 39.389534 37.465812 33.480802 24.291199 0.000000 
50.000000 50.000000 50.000000 50.000000 50.000000 50.000000 50.000000 50.000000 50.000000 50.000000 50.000000 50.000000 50.000000 50.000000 50.000000 50.000000 50.000000 50.000000 50.000000 50.000000 50.000000 50.000000 50.000000 50.000000 50.000000 50.000000 50.000000 50.000000 50.000000 50.000000 50.000000 50.000000 50.000000 50.000000 50.000000 50.000000 50.000000 50.000000 50.000000 50.000000 50.000000 50.000000 50.000000 50.000000 50.000000 50.000000 50.000000 50.000000 50.000000 50.000000 
