50.000000 50.000000 50.000000 50.000000 50.000000 50.000000 50.000000 50.000000 50.000000 50.000000 50.000000 50.000000 50.000000 50.000000 50.000000 50.000000 50.000000 50.000000 50.000000 50.000000 50.000000 50.000000 50.000000 50.000000 50.000000 50.000000 50.000000 50.000000 50.000000 50.000000 50.000000 50.000000 50.000000 50.000000 50.000000 50.000000 50.000000 50.000000 50.000000 50.000000 50.000000 50.000000 50.000000 50.000000 50.000000 50.000000 50.000000 50.000000 50.000000 50.000000 
50.000000 48.662219 47.380604 46.204258 45.169624 44.297438 43.592530 43.046124 42.639737 42.349593 42.150634 42.019524 41.936446 41.885795 41.856063 41.839248 41.830080 41.825258 41.822809 41.821608 41.821038 41.820777 41.820661 41.820611 41.820590 41.820581 41.820577 41.820573 41.820565 41.820548 41.820507 41.820413 41.820200 41.819734 41.818741 41.816680 41.812515 41.804315 41.788559 41.758973 41.704537 41.606063 41.430046 41.116944 40.556810 39.533220 37.578867 33.558898 24.331109 0.000000 
50.000000 47.380604 44.871187 42.567888 40.542070 38.834330 37.454125 36.384271 35.588576 35.020485 34.630934 34.374230 34.211570 34.112400 34.054188 34.021267 34.003318 33.993877 33.989082 33.986731 33.985615 33.985104 33.984876 33.984778 33.984737 33.984720 33.984712 33.984704 33.984690 33.984658 33.984582 33.984408 33.984014 33.983153 33.981321 33.977526 33.969877 33.954862 33.926131 33.872463 33.774413 33.598770 33.289201 32.749984 31.816531 30.200023 27.382724 22.435593 13.821706 0.000000 
50.000000 46.204258 42.567888 39.230210 36.294638 33.819998 31.819991 30.269715 29.116720 28.293540 27.729075 27.357112 27.121421 26.977727 26.893381 26.845682 26.819676 26.805997 26.799050 26.795643 26.794027 26.793286 26.792956 26.792815 26.792755 26.792730 26.792718 26.792708 26.792689 26.792647 26.792547 26.792316 26.791797 26.790664 26.788259 26.783294 26.773326 26.753853 26.716817 26.648174 26.524044 26.304707 25.925300 25.281532 24.208084 22.447738 19.615105 15.185164 8.625390 0.000000 
50.000000 45.169624 40.542070 36.294638 32.558931 29.409811 26.864708 24.891928 23.424716 22.377215 21.658940 21.185628 20.885724 20.702884 20.595562 20.534870 20.501781 20.484376 20.475539 20.471204 20.469148 20.468205 20.467786 20.467605 20.467530 20.467498 20.467484 20.467471 20.467450 20.467402 20.467290 20.467032 20.466454 20.465195 20.462531 20.457052 20.446108 20.424858 20.384744 20.311095 20.179505 19.950568 19.562528 18.921613 17.890678 16.279466 13.846900 10.342047 5.636405 0.000000 
50.000000 44.297438 38.834330 33.819998 29.409811 25.692146 22.687575 20.358673 18.626626 17.390066 16.542165 15.983446 15.629431 15.413607 15.286926 15.215288 15.176232 15.155690 15.145260 15.140143 15.137717 15.136604 15.136109 15.135897 15.135808 15.135771 15.135753 15.135740 15.135719 15.135671 15.135559 15.135301 15.134726 15.133478 15.130846 15.125461 15.114763 15.094132 15.055508 14.985317 14.861487 14.649446 14.297166 13.729860 12.846073 11.519133 9.611914 7.017799 3.740628 0.000000 
50.000000 43.592530 37.454125 31.819991 26.864708 22.687575 19.311701 16.695025 14.748981 13.359663 12.407033 11.779315 11.381589 11.139121 10.996805 10.916328 10.872454 10.849378 10.837661 10.831914 10.829189 10.827938 10.827383 10.827144 10.827044 10.827003 10.826984 10.826971 10.826951 10.826907 10.826804 10.826569 10.826045 10.824913 10.822536 10.817697 10.808143 10.789848 10.755892 10.694820 10.588425 10.409007 10.116434 9.655850 8.957714 7.943096 6.538458 4.704140 2.475586 0.000000 
50.000000 43.046124 36.384271 30.269715 24.891928 20.358673 16.695025 13.855326 11.743446 10.235757 9.201980 8.520803 8.089214 7.826108 7.671682 7.584359 7.536753 7.511716 7.499004 7.492768 7.489811 7.488455 7.487853 7.487593 7.487485 7.487440 7.487421 7.487408 7.487391 7.487353 7.487265 7.487066 7.486624 7.485671 7.483680 7.479648 7.471734 7.456692 7.429011 7.379725 7.294884 7.153834 6.927663 6.578591 6.061508 5.329400 4.344415 3.095070 1.616078 0.000000 
50.000000 42.639737 35.588576 29.116720 23.424716 18.626626 14.748981 11.743446 9.508261 7.912567 6.818465 6.097551 5.640794 5.362350 5.198925 5.106516 5.056139 5.029644 5.016192 5.009594 5.006466 5.005030 5.004393 5.004119 5.004005 5.003958 5.003938 5.003926 5.003911 5.003881 5.003811 5.003653 5.003303 5.002552 5.000991 4.997846 4.991710 4.980131 4.958995 4.921722 4.858270 4.754131 4.589612 4.339974 3.977181 3.474148 2.812012 1.989806 1.033674 0.000000 
50.000000 42.349593 35.020485 28.293540 22.377215 17.390066 13.359663 10.235757 7.912567 6.254067 5.116918 4.367652 3.892939 3.603555 3.433712 3.337674 3.285321 3.257788 3.243809 3.236952 3.233701 3.232210 3.231548 3.231263 3.231144 3.231096 3.231075 3.231065 3.231053 3.231030 3.230977 3.230859 3.230598 3.230041 3.228888 3.226576 3.222093 3.213690 3.198470 3.171866 3.127034 3.054297 2.940872 2.771238 2.528579 2.197711 1.769495 1.246072 0.645055 0.000000 
50.000000 42.150634 34.630934 27.729075 21.658940 16.542165 12.407033 9.201980 6.818465 5.116918 3.950267 3.181573 2.694557 2.397678 2.223439 2.124918 2.071211 2.042967 2.028627 2.021594 2.018259 2.016730 2.016050 2.015758 2.015636 2.015587 2.015566 2.015556 2.015547 2.015530 2.015493 2.015409 2.015225 2.014834 2.014027 2.012419 2.009317 2.003538 1.993148 1.975134 1.945052 1.896743 1.822255 1.712213 1.556849 1.347845 1.080901 0.758471 0.391661 0.000000 
50.000000 42.019524 34.374230 27.357112 21.185628 15.983446 11.779315 8.520803 6.097551 4.367652 3.181573 2.400085 1.904970 1.603157 1.426025 1.325869 1.271272 1.242560 1.227983 1.220833 1.217444 1.215889 1.215198 1.214901 1.214778 1.214727 1.214707 1.214698 1.214690 1.214679 1.214654 1.214597 1.214474 1.214213 1.213677 1.212613 1.210572 1.206793 1.200042 1.188425 1.169182 1.138556 1.091792 1.023423 0.927938 0.800884 0.640295 0.448099 0.230965 0.000000 
50.000000 41.936446 34.211570 27.121421 20.885724 15.629431 11.381589 8.089214 5.640794 3.892939 2.694557 1.904970 1.404728 1.099792 0.920829 0.819639 0.764479 0.735471 0.720744 0.713521 0.710096 0.708526 0.707828 0.707528 0.707403 0.707352 0.707332 0.707323 0.707318 0.707310 0.707293 0.707257 0.707179 0.707013 0.706673 0.706002 0.704722 0.702364 0.698177 0.691019 0.679249 0.660663 0.632522 0.591741 0.535299 0.460866 0.367568 0.256708 0.132131 0.000000 
50.000000 41.885795 34.112400 26.977727 20.702884 15.413607 11.139121 7.826108 5.362350 3.603555 2.397678 1.603157 1.099792 0.792956 0.612877 0.511058 0.455555 0.426367 0.411549 0.404281 0.400836 0.399255 0.398553 0.398252 0.398126 0.398075 0.398055 0.398046 0.398042 0.398036 0.398026 0.398004 0.397956 0.397855 0.397650 0.397246 0.396478 0.395070 0.392585 0.388361 0.381461 0.370640 0.354374 0.330979 0.298844 0.256776 0.204402 0.142523 0.073280 0.000000 
50.000000 41.856063 34.054188 26.893381 20.595562 15.286926 10.996805 7.671682 5.198925 3.433712 2.223439 1.426025 0.920829 0.612877 0.432146 0.329958 0.274254 0.244961 0.230089 0.222795 0.219337 0.217751 0.217047 0.216744 0.216618 0.216567 0.216546 0.216538 0.216534 0.216531 0.216525 0.216512 0.216484 0.216425 0.216306 0.216073 0.215632 0.214827 0.213412 0.211020 0.207136 0.201080 0.192034 0.179108 0.161465 0.138509 0.110087 0.076662 0.039383 0.000000 
50.000000 41.839248 34.021267 26.845682 20.534870 15.215288 10.916328 7.584359 5.106516 3.337674 2.124918 1.325869 0.819639 0.511058 0.329958 0.227561 0.171744 0.142391 0.127490 0.120181 0.116716 0.115127 0.114421 0.114117 0.113991 0.113940 0.113920 0.113912 0.113908 0.113906 0.113902 0.113895 0.113879 0.113847 0.113780 0.113651 0.113408 0.112966 0.112192 0.110890 0.108787 0.105525 0.100679 0.093792 0.084442 0.072339 0.057423 0.039946 0.020507 0.000000 
50.000000 41.830080 34.003318 26.819676 20.501781 15.176232 10.872454 7.536753 5.056139 3.285321 2.071211 1.271272 0.764479 0.455555 0.274254 0.171744 0.115866 0.086481 0.071563 0.064246 0.060777 0.059186 0.058480 0.058176 0.058049 0.057998 0.057978 0.057970 0.057967 0.057965 0.057963 0.057959 0.057951 0.057933 0.057898 0.057829 0.057700 0.057466 0.057059 0.056377 0.055280 0.053587 0.051083 0.047541 0.042755 0.036586 0.029011 0.020164 0.010346 0.000000 
50.000000 41.825258 33.993877 26.805997 20.484376 15.155690 10.849378 7.511716 5.029644 3.257788 2.042967 1.242560 0.735471 0.426367 0.244961 0.142392 0.086481 0.057079 0.042152 0.034831 0.031360 0.029768 0.029061 0.028757 0.028631 0.028579 0.028559 0.028552 0.028549 0.028547 0.028546 0.028544 0.028539 0.028530 0.028512 0.028477 0.028411 0.028292 0.028086 0.027742 0.027190 0.026341 0.025092 0.023333 0.020964 0.017922 0.014199 0.009862 0.005058 0.000000 
50.000000 41.822809 33.989083 26.799050 20.475539 15.145260 10.837661 7.499004 5.016192 3.243809 2.028627 1.227983 0.720744 0.411549 0.230089 0.127490 0.071563 0.042152 0.027221 0.019898 0.016426 0.014833 0.014126 0.013822 0.013696 0.013644 0.013624 0.013617 0.013614 0.013612 0.013612 0.013610 0.013608 0.013604 0.013595 0.013577 0.013545 0.013487 0.013386 0.013218 0.012950 0.012540 0.011938 0.011092 0.009958 0.008507 0.006735 0.004675 0.002397 0.000000 
50.000000 41.821608 33.986731 26.795643 20.471204 15.140143 10.831914 7.492768 5.009594 3.236953 2.021594 1.220834 0.713521 0.404282 0.222796 0.120181 0.064246 0.034831 0.019898 0.012574 0.009102 0.007509 0.006802 0.006498 0.006371 0.006320 0.006300 0.006292 0.006289 0.006288 0.006287 0.006287 0.006286 0.006283 0.006279 0.006271 0.006256 0.006228 0.006180 0.006101 0.005976 0.005784 0.005503 0.005110 0.004584 0.003913 0.003096 0.002148 0.001101 0.000000 
50.000000 41.821038 33.985615 26.794027 20.469148 15.137717 10.829189 7.489812 5.006466 3.233702 2.018260 1.217444 0.710097 0.400836 0.219338 0.116716 0.060778 0.031361 0.016426 0.009102 0.005629 0.004036 0.003329 0.003025 0.002898 0.002847 0.002827 0.002819 0.002816 0.002815 0.002815 0.002815 0.002814 0.002813 0.002811 0.002807 0.002800 0.002788 0.002766 0.002730 0.002673 0.002586 0.002459 0.002282 0.002047 0.001746 0.001381 0.000958 0.000491 0.000000 
50.000000 41.820777 33.985104 26.793286 20.468206 15.136605 10.827940 7.488456 5.005032 3.232212 2.016731 1.215890 0.708527 0.399257 0.217753 0.115128 0.059188 0.029770 0.014835 0.007510 0.004037 0.002445 0.001737 0.001433 0.001307 0.001255 0.001235 0.001227 0.001225 0.001224 0.001223 0.001223 0.001223 0.001222 0.001221 0.001220 0.001217 0.001211 0.001201 0.001186 0.001160 0.001122 0.001067 0.000990 0.000887 0.000756 0.000598 0.000414 0.000212 0.000000 
50.000000 41.820662 33.984878 26.792959 20.467788 15.136113 10.827387 7.487856 5.004397 3.231552 2.016055 1.215203 0.707833 0.398558 0.217051 0.114425 0.058484 0.029066 0.014131 0.006806 0.003333 0.001740 0.001033 0.000729 0.000602 0.000551 0.000531 0.000523 0.000520 0.000519 0.000519 0.000519 0.000519 0.000518 0.000518 0.000517 0.000516 0.000514 0.000509 0.000503 0.000492 0.000476 0.000452 0.000419 0.000375 0.000320 0.000253 0.000175 0.000090 0.000000 
50.000000 41.820613 33.984782 26.792820 20.467613 15.135905 10.827154 7.487604 5.004130 3.231275 2.015770 1.214913 0.707540 0.398264 0.216756 0.114129 0.058188 0.028769 0.013834 0.006510 0.003037 0.001444 0.000737 0.000432 0.000306 0.000254 0.000234 0.000227 0.000224 0.000223 0.000222 0.000222 0.000222 0.000222 0.000222 0.000222 0.000221 0.000220 0.000218 0.000215 0.000211 0.000204 0.000193 0.000179 0.000160 0.000137 0.000108 0.000075 0.000038 0.000000 
50.000000 41.820595 33.984748 26.792771 20.467550 15.135831 10.827070 7.487513 5.004034 3.231175 2.015667 1.214809 0.707435 0.398158 0.216650 0.114023 0.058081 0.028663 0.013728 0.006403 0.002930 0.001337 0.000630 0.000326 0.000199 0.000148 0.000128 0.000120 0.000117 0.000116 0.000116 0.000116 0.000116 0.000116 0.000115 0.000115 0.000115 0.000114 0.000113 0.000112 0.000109 0.000106 0.000100 0.000093 0.000083 0.000071 0.000056 0.000039 0.000020 0.000000 
50.000000 41.820595 33.984748 26.792771 20.467550 15.135831 10.827070 7.487513 5.004034 3.231175 2.015667 1.214809 0.707435 0.398158 0.216650 0.114023 0.058081 0.028663 0.013728 0.006403 0.002930 0.001337 0.000630 0.000326 0.000199 0.000148 0.000128 0.000120 0.000117 0.000116 0.000116 0.000116 0.000116 0.000116 0.000115 0.000115 0.000115 0.000114 0.000113 0.000112 0.000109 0.000106 0.000100 0.000093 0.000083 0.000071 0.000056 0.000039 0.000020 0.000000 
50.000000 41.820613 33.984782 26.792820 20.467613 15.135905 10.827154 7.487604 5.004130 3.231275 2.015770 1.214913 0.707540 0.398264 0.216756 0.114129 0.058188 0.028769 0.013834 0.006510 0.003037 0.001444 0.000737 0.000432 0.000306 0.000254 0.000234 0.000227 0.000224 0.000223 0.000222 0.000222 0.000222 0.000222 0.000222 0.000222 0.000221 0.000220 0.000218 0.000215 0.000211 0.000204 0.000193 0.000179 0.000160 0.000137 0.000108 0.000075 0.000038 0.000000 
50.000000 41.820662 33.984878 26.792959 20.467788 15.136113 10.827387 7.487856 5.004397 3.231552 2.016055 1.215203 0.707833 0.398558 0.217051 0.114425 0.058484 0.029066 0.014131 0.006806 0.003333 0.001740 0.001033 0.000729 0.000602 0.000551 0.000531 0.000523 0.000520 0.000519 0.000519 0.000519 0.000519 0.000518 0.000518 0.000517 0.000516 0.000514 0.000509 0.000503 0.000492 0.000476 0.000452 0.000419 0.000375 0.000320 0.000253 0.000175 0.000090 0.000000 
50.000000 41.820777 33.985104 26.793286 20.468206 15.136605 10.827940 7.488456 5.005032 3.232212 2.016731 1.215890 0.708527 0.399257 0.217753 0.115128 0.059188 0.029770 0.014835 0.007510 0.004037 0.002445 0.001737 0.001433 0.001307 0.001255 0.001235 0.001227 0.001225 0.001224 0.001223 0.001223 0.001223 0.001222 0.001221 0.001220 0.001217 0.001211 0.001201 0.001186 0.001160 0.001122 0.001067 0.000990 0.000887 0.000756 0.000598 0.000414 0.000212 0.000000 
50.000000 41.821038 33.985615 26.794027 20.469148 15.137717 10.829189 7.489812 5.006466 3.233702 2.018260 1.217444 0.710097 0.400836 0.219338 0.116716 0.060778 0.031361 0.016426 0.009102 0.005629 0.004036 0.003329 0.003025 0.002898 0.002847 0.002827 0.002819 0.002816 0.002815 0.002815 0.002815 0.002814 0.002813 0.002811 0.002807 0.002800 0.002788 0.002766 0.002730 0.002673 0.002586 0.002459 0.002282 0.002047 0.001746 0.001381 0.000958 0.000491 0.000000 
50.000000 41.821608 33.986731 26.795643 20.471204 15.140143 10.831914 7.492768 5.009594 3.236953 2.021594 1.220834 0.713521 0.404282 0.222796 0.120181 0.064246 0.034831 0.019898 0.012574 0.009102 0.007509 0.006802 0.006498 0.006371 0.006320 0.006300 0.006292 0.006289 0.006288 0.006287 0.006287 0.006286 0.006283 0.006279 0.006271 0.006256 0.006228 0.006180 0.006101 0.005976 0.005784 0.005503 0.005110 0.004584 0.003913 0.003096 0.002148 0.001101 0.000000 
50.000000 41.822809 33.989083 26.799050 20.475539 15.145260 10.837661 7.499004 5.016192 3.243809 2.028627 1.227983 0.720744 0.411549 0.230089 0.127490 0.071563 0.042152 0.027221 0.019898 0.016426 0.014833 0.014126 0.013822 0.013696 0.013644 0.013624 0.013617 0.013614 0.013612 0.013612 0.013610 0.013608 0.013604 0.013595 0.013577 0.013545 0.013487 0.013386 0.013218 0.012950 0.012540 0.011938 0.011092 0.009958 0.008507 0.006735 0.004675 0.002397 0.000000 
50.000000 41.825258 33.993877 26.805997 20.484376 15.155690 10.849378 7.511716 5.029644 3.257788 2.042967 1.242560 0.735471 0.426367 0.244961 0.142392 0.086481 0.057079 0.042152 0.034831 0.031360 0.029768 0.029061 0.028757 0.028631 0.028579 0.028559 0.028552 0.028549 0.028547 0.028546 0.028544 0.028539 0.028530 0.028512 0.028477 0.028411 0.028292 0.028086 0.027742 0.027190 0.026341 0.025092 0.023333 0.020964 0.017922 0.014199 0.009862 0.005058 0.000000 
50.000000 41.830080 34.003318 26.819676 20.501781 15.176232 10.872454 7.536753 5.056139 3.285321 2.071211 1.271272 0.764479 0.455555 0.274254 0.171744 0.115866 0.086481 0.071563 0.064246 0.060777 0.059186 0.058480 0.058176 0.058049 0.057998 0.057978 0.057970 0.057967 0.057965 0.057963 0.057959 0.057951 0.057933 0.057898 0.057829 0.057700 0.057466 0.057059 0.056377 0.055280 0.053587 0.051083 0.047541 0.042755 0.036586 0.029011 0.020164 0.010346 0.000000 
50.000000 41.839248 34.021267 26.845682 20.534870 15.215288 10.916328 7.584359 5.106516 3.337674 2.124918 1.325869 0.819639 0.511058 0.329958 0.227561 0.171744 0.142391 0.127490 0.120181 0.116716 0.115127 0.114421 0.114117 0.113991 0.113940 0.113920 0.113912 0.113908 0.113906 0.113902 0.113895 0.113879 0.113847 0.113780 0.113651 0.113408 0.112966 0.112192 0.110890 0.108787 0.105525 0.100679 0.093792 0.084442 0.072339 0.057423 0.039946 0.020507 0.000000 
50.000000 41.856063 34.054188 26.893381 20.595562 15.286926 10.996805 7.671682 5.198925 3.433712 2.223439 1.426025 0.920829 0.612877 0.432146 0.329958 0.274254 0.244961 0.230089 0.222795 0.219337 0.217751 0.217047 0.216744 0.216618 0.216567 0.216546 0.216538 0.216534 0.216531 0.216525 0.216512 0.216484 0.216425 0.216306 0.216073 0.215632 0.214827 0.213412 0.211020 0.207136 0.201080 0.192034 0.179108 0.161465 0.138509 0.110087 0.076662 0.039383 0.000000 
50.000000 41.885795 34.112400 26.977727 20.702884 15.413607 11.139121 7.826108 5.362350 3.603555 2.397678 1.603157 1.099792 0.792956 0.612877 0.511058 0.455555 0.426367 0.411549 0.404281 0.400836 0.399255 0.398553 0.398252 0.398126 0.398075 0.398055 0.398046 0.398042 0.398036 0.398026 0.398004 0.397956 0.397855 0.397650 0.397246 0.396478 0.395070 0.392585 0.388361 0.381461 0.370640 0.354374 0.330979 0.298844 0.256776 0.204402 0.142523 0.073280 0.000000 
50.000000 41.936446 34.211570 27.121421 20.885724 15.629431 11.381589 8.089214 5.640794 3.892939 2.694557 1.904970 1.404728 1.099792 0.920829 0.819639 0.764479 0.735471 0.720744 0.713521 0.710096 0.708526 0.707828 0.707528 0.707403 0.707352 0.707332 0.707323 0.707318 0.707310 0.707293 0.707257 0.707179 0.707013 0.706673 0.706002 0.704722 0.702364 0.698177 0.691019 0.679249 0.660663 0.632522 0.591741 0.535299 0.460866 0.367568 0.256708 0.132131 0.000000 
50.000000 42.019524 34.374230 27.357112 21.185628 15.983446 11.779315 8.520803 6.097551 4.367652 3.181573 2.400085 1.904970 1.603157 1.426025 1.325869 1.271272 1.242560 1.227983 1.220833 1.217444 1.215889 1.215198 1.214901 1.214778 1.214727 1.214707 1.214698 1.214690 1.214679 1.214654 1.214597 1.214474 1.214213 1.213677 1.212613 1.210572 1.206793 1.200042 1.188425 1.169182 1.138556 1.091792 1.023423 0.927938 0.800884 0.640295 0.448099 0.230965 0.000000 
50.000000 42.150634 34.630934 27.729075 21.658940 16.542165 12.407033 9.201980 6.818465 5.116918 3.950267 3.181573 2.694557 2.397678 2.223439 2.124918 2.071211 2.042967 2.028627 2.021594 2.018259 2.016730 2.016050 2.015758 2.015636 2.015587 2.015566 2.015556 2.015547 2.015530 2.015493 2.015409 2.015225 2.014834 2.014027 2.012419 2.009317 2.003538 1.993148 1.975134 1.945052 1.896743 1.822255 1.712213 1.556849 1.347845 1.080901 0.758471 0.391661 0.000000 
50.000000 42.349593 35.020485 28.293540 22.377215 17.390066 13.359663 10.235757 7.912567 6.254067 5.116918 4.367652 3.892939 3.603555 3.433712 3.337674 3.285321 3.257788 3.243809 3.236952 3.233701 3.232210 3.231548 3.231263 3.231144 3.231096 3.231075 3.231065 3.231053 3.231030 3.230977 3.230859 3.230598 3.230041 3.228888 3.226576 3.222093 3.213690 3.198470 3.171866 3.127034 3.054297 2.940872 2.771238 2.528579 2.197711 1.769495 1.246072 0.645055 0.000000 
50.000000 42.639737 35.588576 29.116720 23.424716 18.626626 14.748981 11.743446 9.508261 7.912567 6.818465 6.097551 5.640794 5.362350 5.198925 5.106516 5.056139 5.029644 5.016192 5.009594 5.006466 5.005030 5.004393 5.004119 5.004005 5.003958 5.003938 5.003926 5.003911 5.003881 5.003811 5.003653 5.003303 5.002552 5.000991 4.997846 4.991710 4.980131 4.958995 4.921722 4.858270 4.754131 4.589612 4.339974 3.977181 3.474148 2.812012 1.989806 1.033674 0.000000 
50.000000 43.046124 36.384271 30.269715 24.891928 20.358673 16.695025 13.855326 11.743446 10.235757 9.201980 8.520803 8.089214 7.826108 7.671682 7.584359 7.536753 7.511716 7.499004 7.492768 7.489811 7.488455 7.487853 7.487593 7.487485 7.487440 7.487421 7.487408 7.487391 7.487353 7.487265 7.487066 7.486624 7.485671 7.483680 7.479648 7.471734 7.456692 7.429011 7.379725 7.294884 7.153834 6.927663 6.578591 6.061508 5.329400 4.344415 3.095070 1.616078 0.000000 
50.000000 43.592530 37.454125 31.819991 26.864708 22.687575 19.311701 16.695025 14.748981 13.359663 12.407033 11.779315 11.381589 11.139121 10.996805 10.916328 10.872454 10.849378 10.837661 10.831914 10.829189 10.827938 10.827383 10.827144 10.827044 10.827003 10.826984 10.826971 10.826951 10.826907 10.826804 10.826569 10.826045 10.824913 10.822536 10.817697 10.808143 10.789848 10.755892 10.694820 10.588425 10.409007 10.116434 9.655850 8.957714 7.943096 6.538458 4.704140 2.475586 0.000000 
50.000000 44.297438 38.834330 33.819998 29.409811 25.692146 22.687575 20.358673 18.626626 17.390066 16.542165 15.983446 15.629431 15.413607 15.286926 15.215288 15.176232 15.155690 15.145260 15.140143 15.137717 15.136604 15.136109 15.135897 15.135808 15.135771 15.135753 15.135740 15.135719 15.135671 15.135559 15.135301 15.134726 15.133478 15.130846 15.125461 15.114763 15.094132 15.055508 14.985317 14.861487 14.649446 14.297166 13.729860 12.846073 11.519133 9.611914 7.017799 3.740628 0.000000 
50.000000 45.169624 40.542070 36.294638 32.558931 29.409811 26.864708 24.891928 23.424716 22.377215 21.658940 21.185628 20.885724 20.702884 20.595562 20.534870 20.501781 20.484376 20.475539 20.471204 20.469148 20.468205 20.467786 20.467605 20.467530 20.467498 20.467484 20.467471 20.467450 20.467402 20.467290 20.467032 20.466454 20.465195 20.462531 20.457052 20.446108 20.424858 20.384744 20.311095 20.179505 19.950568 19.562528 18.921613 17.890678 16.279466 13.846900 10.342047 5.636405 0.000000 
50.000000 46.204258 42.567888 39.230210 36.294638 33.819998 31.819991 30.269715 29.116720 28.293540 27.729075 27.357112 27.121421 26.977727 26.893381 26.845682 26.819676 26.805997 26.799050 26.795643 26.794027 26.793286 26.792956 26.792815 26.792755 26.792730 26.792718 26.792708 26.792689 26.792647 26.792547 26.792316 26.791797 26.790664 26.788259 26.783294 26.773326 26.753853 26.716817 26.648174 26.524044 26.304707 25.925300 25.281532 24.208084 22.447738 19.615105 15.185164 8.625390 0.000000 
50.000000 47.380604 44.871187 42.567888 40.542070 38.834330 37.454125 36.384271 35.588576 35.020485 34.630934 34.374230 34.211570 34.112400 34.054188 34.021267 34.003318 33.993877 33.989082 33.986731 33.985615 33.985104 33.984876 33.984778 33.984737 33.984720 33.984712 33.984704 33.984690 33.984658 33.984582 33.984408 33.984014 33.983153 33.981321 33.977526 33.969877 33.954862 33.926131 33.872463 33.774413 33.598770 33.289201 32.749984 31.816531 30.200023 27.382724 22.435593 13.821706 0.000000 
50.000000 48.662219 47.380604 46.204258 45.169624 44.297438 43.592530 43.046124 42.639737 42.349593 42.150634 42.019524 41.936446 41.885795 41.856063 41.839248 41.830080 41.825258 41.822809 41.821608 41.821038 41.820777 41.820661 41.820611 41.820590 41.820581 41.820577 41.820573 41.820565 41.820548 41.820507 41.820413 41.820200 41.819734 41.818741 41.816680 41.812515 41.804315 41.788559 41.758973 41.704537 41.606063 41.430046 41.116944 40.556810 39.533220 37.578867 33.558898 24.331109 0.000000 
50.000000 50.000000 50.000000 50.000000 50.000000 50.000000 50.000000 50.000000 50.000000 50.000000 50.000000 50.000000 50.000000 50.000000 50.000000 50.000000 50.000000 50.000000 50.000000 50.000000 50.000000 50.000000 50.000000 50.000000 50.000000 50.000000 50.000000 50.000000 50.000000 50.000000 50.000000 50.000000 50.000000 50.000000 50.000000 50.000000 50.000000 50.000000 50.000000 50.000000 50.000000 50.000000 50.000000 50.000000 50.000000 50.000000 50.000000 50.000000 50.000000 50.000000 
