50.000000 50.000000 50.000000 50.000000 50.000000 50.000000 50.000000 50.000000 50.000000 50.000000 50.000000 50.000000 50.000000 50.000000 50.000000 50.000000 50.000000 50.000000 50.000000 50.000000 50.000000 50.000000 50.000000 50.000000 50.000000 50.000000 50.000000 50.000000 50.000000 50.000000 50.000000 50.000000 50.000000 50.000000 50.000000 50.000000 50.000000 50.000000 50.000000 50.000000 50.000000 50.000000 50.000000 50.000000 50.000000 50.000000 50.000000 50.000000 50.000000 50.000000 
50.000000 40.709451 34.074500 30.550514 29.094398 28.608245 28.473123 28.441122 28.434543 28.433352 28.433160 28.433132 28.433128 28.433128 28.433128 28.433128 28.433128 28.433128 28.433128 28.433128 28.433128 28.433128 28.433128 28.433128 28.433128 28.433128 28.433128 28.433128 28.433128 28.433128 28.433128 28.433128 28.433128 28.433128 28.433128 28.433128 28.433128 28.433128 28.433128 28.433126 28.433113 28.433019 28.432400 28.428713 28.408885 28.313035 27.896704 26.262020 20.354725 0.000000 
50.000000 34.074500 22.704694 16.669090 14.176816 13.345343 13.114430 13.059788 13.048566 13.046536 13.046208 13.046161 13.046155 13.046154 13.046154 13.046154 13.046154 13.046154 13.046154 13.046154 13.046154 13.046154 13.046154 13.046154 13.046154 13.046154 13.046154 13.046154 13.046154 13.046154 13.046154 13.046154 13.046154 13.046154 13.046154 13.046154 13.046154 13.046154 13.046154 13.046152 13.046138 13.046041 13.045414 13.041750 13.022647 12.934571 12.579821 11.352347 7.812479 0.000000 
50.000000 30.550514 16.669090 9.304009 6.264721 5.251491 4.970322 4.903842 4.890200 4.887735 4.887338 4.887280 4.887272 4.887271 4.887271 4.887271 4.887271 4.887271 4.887271 4.887271 4.887271 4.887271 4.887271 4.887271 4.887271 4.887271 4.887271 4.887271 4.887271 4.887271 4.887271 4.887271 4.887271 4.887271 4.887271 4.887271 4.887271 4.887271 4.887271 4.887270 4.887262 4.887207 4.886851 4.884810 4.874430 4.828269 4.652005 4.089269 2.653810 0.000000 
50.000000 29.094398 14.176816 6.264721 3.001109 1.913621 1.612003 1.540727 1.526110 1.523469 1.523044 1.522982 1.522974 1.522973 1.522973 1.522973 1.522973 1.522973 1.522973 1.522973 1.522973 1.522973 1.522973 1.522973 1.522973 1.522973 1.522973 1.522973 1.522973 1.522973 1.522973 1.522973 1.522973 1.522973 1.522973 1.522973 1.522973 1.522973 1.522973 1.522972 1.522969 1.522947 1.522804 1.521999 1.517977 1.500554 1.436452 1.242245 0.781363 0.000000 
50.000000 28.608245 13.345343 5.251491 1.913621 0.801657 0.493329 0.420487 0.405552 0.402854 0.402420 0.402357 0.402349 0.402348 0.402348 0.402348 0.402348 0.402348 0.402348 0.402348 0.402348 0.402348 0.402348 0.402348 0.402348 0.402348 0.402348 0.402348 0.402348 0.402348 0.402348 0.402348 0.402348 0.402348 0.402348 0.402348 0.402348 0.402348 0.402348 0.402348 0.402347 0.402340 0.402296 0.402048 0.400828 0.395645 0.377061 0.322696 0.199359 0.000000 
50.000000 28.473123 13.114430 4.970322 1.612003 0.493329 0.183170 0.109903 0.094882 0.092170 0.091734 0.091670 0.091662 0.091661 0.091661 0.091661 0.091661 0.091661 0.091661 0.091661 0.091661 0.091661 0.091661 0.091661 0.091661 0.091661 0.091661 0.091661 0.091661 0.091661 0.091661 0.091661 0.091661 0.091661 0.091661 0.091661 0.091661 0.091661 0.091661 0.091661 0.091661 0.091659 0.091648 0.091585 0.091281 0.090005 0.085512 0.072681 0.044411 0.000000 
50.000000 28.441122 13.059788 4.903842 1.540727 0.420487 0.109903 0.036538 0.021497 0.018782 0.018345 0.018281 0.018273 0.018272 0.018272 0.018272 0.018272 0.018272 0.018272 0.018272 0.018272 0.018272 0.018272 0.018272 0.018272 0.018272 0.018272 0.018272 0.018272 0.018272 0.018272 0.018272 0.018272 0.018272 0.018272 0.018272 0.018272 0.018272 0.018272 0.018272 0.018272 0.018271 0.018269 0.018256 0.018191 0.017923 0.016992 0.014375 0.008722 0.000000 
50.000000 28.434543 13.048566 4.890200 1.526110 0.405552 0.094882 0.021497 0.006453 0.003737 0.003300 0.003236 0.003228 0.003227 0.003227 0.003227 0.003227 0.003227 0.003227 0.003227 0.003227 0.003227 0.003227 0.003227 0.003227 0.003227 0.003227 0.003227 0.003227 0.003227 0.003227 0.003227 0.003227 0.003227 0.003227 0.003227 0.003227 0.003227 0.003227 0.003227 0.003227 0.003227 0.003226 0.003224 0.003212 0.003163 0.002994 0.002525 0.001525 0.000000 
50.000000 28.433352 13.046536 4.887735 1.523469 0.402854 0.092170 0.018782 0.003737 0.001020 0.000583 0.000520 0.000511 0.000510 0.000510 0.000510 0.000510 0.000510 0.000510 0.000510 0.000510 0.000510 0.000510 0.000510 0.000510 0.000510 0.000510 0.000510 0.000510 0.000510 0.000510 0.000510 0.000510 0.000510 0.000510 0.000510 0.000510 0.000510 0.000510 0.000510 0.000510 0.000510 0.000510 0.000510 0.000508 0.000500 0.000473 0.000398 0.000239 0.000000 
50.000000 28.433160 13.046208 4.887338 1.523044 0.402420 0.091734 0.018345 0.003300 0.000583 0.000146 0.000082 0.000074 0.000073 0.000073 0.000073 0.000073 0.000073 0.000073 0.000073 0.000073 0.000073 0.000073 0.000073 0.000073 0.000073 0.000073 0.000073 0.000073 0.000073 0.000073 0.000073 0.000073 0.000073 0.000073 0.000073 0.000073 0.000073 0.000073 0.000073 0.000073 0.000073 0.000073 0.000073 0.000072 0.000071 0.000067 0.000057 0.000034 0.000000 
50.000000 28.433132 13.046161 4.887280 1.522982 0.402357 0.091670 0.018281 0.003236 0.000520 0.000082 0.000019 0.000011 0.000010 0.000009 0.000009 0.000009 0.000009 0.000009 0.000009 0.000009 0.000009 0.000009 0.000009 0.000009 0.000009 0.000009 0.000009 0.000009 0.000009 0.000009 0.000009 0.000009 0.000009 0.000009 0.000009 0.000009 0.000009 0.000009 0.000009 0.000009 0.000009 0.000009 0.000009 0.000009 0.000009 0.000009 0.000007 0.000004 0.000000 
50.000000 28.433128 13.046155 4.887272 1.522974 0.402349 0.091662 0.018273 0.003228 0.000511 0.000074 0.000011 0.000002 0.000001 0.000001 0.000001 0.000001 0.000001 0.000001 0.000001 0.000001 0.000001 0.000001 0.000001 0.000001 0.000001 0.000001 0.000001 0.000001 0.000001 0.000001 0.000001 0.000001 0.000001 0.000001 0.000001 0.000001 0.000001 0.000001 0.000001 0.000001 0.000001 0.000001 0.000001 0.000001 0.000001 0.000001 0.000001 0.000001 0.000000 
50.000000 28.433128 13.046154 4.887271 1.522973 0.402348 0.091661 0.018272 0.003227 0.000510 0.000073 0.000010 0.000001 0.000000 0.000000 0.000000 0.000000 0.000000 0.000000 0.000000 0.000000 0.000000 0.000000 0.000000 0.000000 0.000000 0.000000 0.000000 0.000000 0.000000 0.000000 0.000000 0.000000 0.000000 0.000000 0.000000 0.000000 0.000000 0.000000 0.000000 0.000000 0.000000 0.000000 0.000000 0.000000 0.000000 0.000000 0.000000 0.000000 0.000000 
50.000000 28.433128 13.046154 4.887271 1.522973 0.402348 0.091661 0.018272 0.003227 0.000510 0.000073 0.000009 0.000001 0.000000 0.000000 0.000000 0.000000 0.000000 0.000000 0.000000 0.000000 0.000000 0.000000 0.000000 0.000000 0.000000 0.000000 0.000000 0.000000 0.000000 0.000000 0.000000 0.000000 0.000000 0.000000 0.000000 0.000000 0.000000 0.000000 0.000000 0.000000 0.000000 0.000000 0.000000 0.000000 0.000000 0.000000 0.000000 0.000000 0.000000 
50.000000 28.433128 13.046154 4.887271 1.522973 0.402348 0.091661 0.018272 0.003227 0.000510 0.000073 0.000009 0.000001 0.000000 0.000000 0.000000 0.000000 0.000000 0.000000 0.000000 0.000000 0.000000 0.000000 0.000000 0.000000 0.000000 0.000000 0.000000 0.000000 0.000000 0.000000 0.000000 0.000000 0.000000 0.000000 0.000000 0.000000 0.000000 0.000000 0.000000 0.000000 0.000000 0.000000 0.000000 0.000000 0.000000 0.000000 0.000000 0.000000 0.000000 
50.000000 28.433128 13.046154 4.887271 1.522973 0.402348 0.091661 0.018272 0.003227 0.000510 0.000073 0.000009 0.000001 0.000000 0.000000 0.000000 0.000000 0.000000 0.000000 0.000000 0.000000 0.000000 0.000000 0.000000 0.000000 0.000000 0.000000 0.000000 0.000000 0.000000 0.000000 0.000000 0.000000 0.000000 0.000000 0.000000 0.000000 0.000000 0.000000 0.000000 0.000000 0.000000 0.000000 0.000000 0.000000 0.000000 0.000000 0.000000 0.000000 0.000000 
50.000000 28.433128 13.046154 4.887271 1.522973 0.402348 0.091661 0.018272 0.003227 0.000510 0.000073 0.000009 0.000001 0.000000 0.000000 0.000000 0.000000 0.000000 0.000000 0.000000 0.000000 0.000000 0.000000 0.000000 0.000000 0.000000 0.000000 0.000000 0.000000 0.000000 0.000000 0.000000 0.000000 0.000000 0.000000 0.000000 0.000000 0.000000 0.000000 0.000000 0.000000 0.000000 0.000000 0.000000 0.000000 0.000000 0.000000 0.000000 0.000000 0.000000 
50.000000 28.433128 13.046154 4.887271 1.522973 0.402348 0.091661 0.018272 0.003227 0.000510 0.000073 0.000009 0.000001 0.000000 0.000000 0.000000 0.000000 0.000000 0.000000 0.000000 0.000000 0.000000 0.000000 0.000000 0.000000 0.000000 0.000000 0.000000 0.000000 0.000000 0.000000 0.000000 0.000000 0.000000 0.000000 0.000000 0.000000 0.000000 0.000000 0.000000 0.000000 0.000000 0.000000 0.000000 0.000000 0.000000 0.000000 0.000000 0.000000 0.000000 
50.000000 28.433128 13.046154 4.887271 1.522973 0.402348 0.091661 0.018272 0.003227 0.000510 0.000073 0.000009 0.000001 0.000000 0.000000 0.000000 0.000000 0.000000 0.000000 0.000000 0.000000 0.000000 0.000000 0.000000 0.000000 0.000000 0.000000 0.000000 0.000000 0.000000 0.000000 0.000000 0.000000 0.000000 0.000000 0.000000 0.000000 0.000000 0.000000 0.000000 0.000000 0.000000 0.000000 0.000000 0.000000 0.000000 0.000000 0.000000 0.000000 0.000000 
50.000000 28.433128 13.046154 4.887271 1.522973 0.402348 0.091661 0.018272 0.003227 0.000510 0.000073 0.000009 0.000001 0.000000 0.000000 0.000000 0.000000 0.000000 0.000000 0.000000 0.000000 0.000000 0.000000 0.000000 0.000000 0.000000 0.000000 0.000000 0.000000 0.000000 0.000000 0.000000 0.000000 0.000000 0.000000 0.000000 0.000000 0.000000 0.000000 0.000000 0.000000 0.000000 0.000000 0.000000 0.000000 0.000000 0.000000 0.000000 0.000000 0.000000 
50.000000 28.433128 13.046154 4.887271 1.522973 0.402348 0.091661 0.018272 0.003227 0.000510 0.000073 0.000009 0.000001 0.000000 0.000000 0.000000 0.000000 0.000000 0.000000 0.000000 0.000000 0.000000 0.000000 0.000000 0.000000 0.000000 0.000000 0.000000 0.000000 0.000000 0.000000 0.000000 0.000000 0.000000 0.000000 0.000000 0.000000 0.000000 0.000000 0.000000 0.000000 0.000000 0.000000 0.000000 0.000000 0.000000 0.000000 0.000000 0.000000 0.000000 
50.000000 28.433128 13.046154 4.887271 1.522973 0.402348 0.091661 0.018272 0.003227 0.000510 0.000073 0.000009 0.000001 0.000000 0.000000 0.000000 0.000000 0.000000 0.000000 0.000000 0.000000 0.000000 0.000000 0.000000 0.000000 0.000000 0.000000 0.000000 0.000000 0.000000 0.000000 0.000000 0.000000 0.000000 0.000000 0.000000 0.000000 0.000000 0.000000 0.000000 0.000000 0.000000 0.000000 0.000000 0.000000 0.000000 0.000000 0.000000 0.000000 0.000000 
50.000000 28.433128 13.046154 4.887271 1.522973 0.402348 0.091661 0.018272 0.003227 0.000510 0.000073 0.000009 0.000001 0.000000 0.000000 0.000000 0.000000 0.000000 0.000000 0.000000 0.000000 0.000000 0.000000 0.000000 0.000000 0.000000 0.000000 0.000000 0.000000 0.000000 0.000000 0.000000 0.000000 0.000000 0.000000 0.000000 0.000000 0.000000 0.000000 0.000000 0.000000 0.000000 0.000000 0.000000 0.000000 0.000000 0.000000 0.000000 0.000000 0.000000 
50.000000 28.433128 13.046154 4.887271 1.522973 0.402348 0.091661 0.018272 0.003227 0.000510 0.000073 0.000009 0.000001 0.000000 0.000000 0.000000 0.000000 0.000000 0.000000 0.000000 0.000000 0.000000 0.000000 0.000000 0.000000 0.000000 0.000000 0.000000 0.000000 0.000000 0.000000 0.000000 0.000000 0.000000 0.000000 0.000000 0.000000 0.000000 0.000000 0.000000 0.000000 0.000000 0.000000 0.000000 0.000000 0.000000 0.000000 0.000000 0.000000 0.000000 
50.000000 28.433128 13.046154 4.887271 1.522973 0.402348 0.091661 0.018272 0.003227 0.000510 0.000073 0.000009 0.000001 0.000000 0.000000 0.000000 0.000000 0.000000 0.000000 0.000000 0.000000 0.000000 0.000000 0.000000 0.000000 0.000000 0.000000 0.000000 0.000000 0.000000 0.000000 0.000000 0.000000 0.000000 0.000000 0.000000 0.000000 0.000000 0.000000 0.000000 0.000000 0.000000 0.000000 0.000000 0.000000 0.000000 0.000000 0.000000 0.000000 0.000000 
50.000000 28.433128 13.046154 4.887271 1.522973 0.402348 0.091661 0.018272 0.003227 0.000510 0.000073 0.000009 0.000001 0.000000 0.000000 0.000000 0.000000 0.000000 0.000000 0.000000 0.000000 0.000000 0.000000 0.000000 0.000000 0.000000 0.000000 0.000000 0.000000 0.000000 0.000000 0.000000 0.000000 0.000000 0.000000 0.000000 0.000000 0.000000 0.000000 0.000000 0.000000 0.000000 0.000000 0.000000 0.000000 0.000000 0.000000 0.000000 0.000000 0.000000 
50.000000 28.433128 13.046154 4.887271 1.522973 0.402348 0.091661 0.018272 0.003227 0.000510 0.000073 0.000009 0.000001 0.000000 0.000000 0.000000 0.000000 0.000000 0.000000 0.000000 0.000000 0.000000 0.000000 0.000000 0.000000 0.000000 0.000000 0.000000 0.000000 0.000000 0.000000 0.000000 0.000000 0.000000 0.000000 0.000000 0.000000 0.000000 0.000000 0.000000 0.000000 0.000000 0.000000 0.000000 0.000000 0.000000 0.000000 0.000000 0.000000 0.000000 
50.000000 28.433128 13.046154 4.887271 1.522973 0.402348 0.091661 0.018272 0.003227 0.000510 0.000073 0.000009 0.000001 0.000000 0.000000 0.000000 0.000000 0.000000 0.000000 0.000000 0.000000 0.000000 0.000000 0.000000 0.000000 0.000000 0.000000 0.000000 0.000000 0.000000 0.000000 0.000000 0.000000 0.000000 0.000000 0.000000 0.000000 0.000000 0.000000 0.000000 0.000000 0.000000 0.000000 0.000000 0.000000 0.000000 0.000000 0.000000 0.000000 0.000000 
50.000000 28.433128 13.046154 4.887271 1.522973 0.402348 0.091661 0.018272 0.003227 0.000510 0.000073 0.000009 0.000001 0.000000 0.000000 0.000000 0.000000 0.000000 0.000000 0.000000 0.000000 0.000000 0.000000 0.000000 0.000000 0.000000 0.000000 0.000000 0.000000 0.000000 0.000000 0.000000 0.000000 0.000000 0.000000 0.000000 0.000000 0.000000 0.000000 0.000000 0.000000 0.000000 0.000000 0.000000 0.000000 0.000000 0.000000 0.000000 0.000000 0.000000 
50.000000 28.433128 13.046154 4.887271 1.522973 0.402348 0.091661 0.018272 0.003227 0.000510 0.000073 0.000009 0.000001 0.000000 0.000000 0.000000 0.000000 0.000000 0.000000 0.000000 0.000000 0.000000 0.000000 0.000000 0.000000 0.000000 0.000000 0.000000 0.000000 0.000000 0.000000 0.000000 0.000000 0.000000 0.000000 0.000000 0.000000 0.000000 0.000000 0.000000 0.000000 0.000000 0.000000 0.000000 0.000000 0.000000 0.000000 0.000000 0.000000 0.000000 
50.000000 28.433128 13.046154 4.887271 1.522973 0.402348 0.091661 0.018272 0.003227 0.000510 0.000073 0.000009 0.000001 0.000000 0.000000 0.000000 0.000000 0.000000 0.000000 0.000000 0.000000 0.000000 0.000000 0.000000 0.000000 0.000000 0.000000 0.000000 0.000000 0.000000 0.000000 0.000000 0.000000 0.000000 0.000000 0.000000 0.000000 0.000000 0.000000 0.000000 0.000000 0.000000 0.000000 0.000000 0.000000 0.000000 0.000000 0.000000 0.000000 0.000000 
50.000000 28.433128 13.046154 4.887271 1.522973 0.402348 0.091661 0.018272 0.003227 0.000510 0.000073 0.000009 0.000001 0.000000 0.000000 0.000000 0.000000 0.000000 0.000000 0.000000 0.000000 0.000000 0.000000 0.000000 0.000000 0.000000 0.000000 0.000000 0.000000 0.000000 0.000000 0.000000 0.000000 0.000000 0.000000 0.000000 0.000000 0.000000 0.000000 0.000000 0.000000 0.000000 0.000000 0.000000 0.000000 0.000000 0.000000 0.000000 0.000000 0.000000 
50.000000 28.433128 13.046154 4.887271 1.522973 0.402348 0.091661 0.018272 0.003227 0.000510 0.000073 0.000009 0.000001 0.000000 0.000000 0.000000 0.000000 0.000000 0.000000 0.000000 0.000000 0.000000 0.000000 0.000000 0.000000 0.000000 0.000000 0.000000 0.000000 0.000000 0.000000 0.000000 0.000000 0.000000 0.000000 0.000000 0.000000 0.000000 0.000000 0.000000 0.000000 0.000000 0.000000 0.000000 0.000000 0.000000 0.000000 0.000000 0.000000 0.000000 
50.000000 28.433128 13.046154 4.887271 1.522973 0.402348 0.091661 0.018272 0.003227 0.000510 0.000073 0.000009 0.000001 0.000000 0.000000 0.000000 0.000000 0.000000 0.000000 0.000000 0.000000 0.000000 0.000000 0.000000 0.000000 0.000000 0.000000 0.000000 0.000000 0.000000 0.000000 0.000000 0.000000 0.000000 0.000000 0.000000 0.000000 0.000000 0.000000 0.000000 0.000000 0.000000 0.000000 0.000000 0.000000 0.000000 0.000000 0.000000 0.000000 0.000000 
50.000000 28.433128 13.046154 4.887271 1.522973 0.402348 0.091661 0.018272 0.003227 0.000510 0.000073 0.000009 0.000001 0.000000 0.000000 0.000000 0.000000 0.000000 0.000000 0.000000 0.000000 0.000000 0.000000 0.000000 0.000000 0.000000 0.000000 0.000000 0.000000 0.000000 0.000000 0.000000 0.000000 0.000000 0.000000 0.000000 0.000000 0.000000 0.000000 0.000000 0.000000 0.000000 0.000000 0.000000 0.000000 0.000000 0.000000 0.000000 0.000000 0.000000 
50.000000 28.433128 13.046154 4.887271 1.522973 0.402348 0.091661 0.018272 0.003227 0.000510 0.000073 0.000010 0.000001 0.000000 0.000000 0.000000 0.000000 0.000000 0.000000 0.000000 0.000000 0.000000 0.000000 0.000000 0.000000 0.000000 0.000000 0.000000 0.000000 0.000000 0.000000 0.000000 0.000000 0.000000 0.000000 0.000000 0.000000 0.000000 0.000000 0.000000 0.000000 0.000000 0.000000 0.000000 0.000000 0.000000 0.000000 0.000000 0.000000 0.000000 
50.000000 28.433128 13.046155 4.887272 1.522974 0.402349 0.091662 0.018273 0.003228 0.000511 0.000074 0.000011 0.000002 0.000001 0.000001 0.000001 0.000001 0.000001 0.000001 0.000001 0.000001 0.000001 0.000001 0.000001 0.000001 0.000001 0.000001 0.000001 0.000001 0.000001 0.000001 0.000001 0.000001 0.000001 0.000001 0.000001 0.000001 0.000001 0.000001 0.000001 0.000001 0.000001 0.000001 0.000001 0.000001 0.000001 0.000001 0.000001 0.000001 0.000000 
50.000000 28.433132 13.046161 4.887280 1.522982 0.402357 0.091670 0.018281 0.003236 0.000520 0.000082 0.000019 0.000011 0.000010 0.000009 0.000009 0.000009 0.000009 0.000009 0.000009 0.000009 0.000009 0.000009 0.000009 0.000009 0.000009 0.000009 0.000009 0.000009 0.000009 0.000009 0.000009 0.000009 0.000009 0.000009 0.000009 0.000009 0.000009 0.000009 0.000009 0.000009 0.000009 0.000009 0.000009 0.000009 0.000009 0.000009 0.000007 0.000004 0.000000 
50.000000 28.433160 13.046208 4.887338 1.523044 0.402420 0.091734 0.018345 0.003300 0.000583 0.000146 0.000082 0.000074 0.000073 0.000073 0.000073 0.000073 0.000073 0.000073 0.000073 0.000073 0.000073 0.000073 0.000073 0.000073 0.000073 0.000073 0.000073 0.000073 0.000073 0.000073 0.000073 0.000073 0.000073 0.000073 0.000073 0.000073 0.000073 0.000073 0.000073 0.000073 0.000073 0.000073 0.000073 0.000072 0.000071 0.000067 0.000057 0.000034 0.000000 
50.000000 28.433352 13.046536 4.887735 1.523469 0.402854 0.092170 0.018782 0.003737 0.001020 0.000583 0.000520 0.000511 0.000510 0.000510 0.000510 0.000510 0.000510 0.000510 0.000510 0.000510 0.000510 0.000510 0.000510 0.000510 0.000510 0.000510 0.000510 0.000510 0.000510 0.000510 0.000510 0.000510 0.000510 0.000510 0.000510 0.000510 0.000510 0.000510 0.000510 0.000510 0.000510 0.000510 0.000510 0.000508 0.000500 0.000473 0.000398 0.000239 0.000000 
50.000000 28.434543 13.048566 4.890200 1.526110 0.405552 0.094882 0.021497 0.006453 0.003737 0.003300 0.003236 0.003228 0.003227 0.003227 0.003227 0.003227 0.003227 0.003227 0.003227 0.003227 0.003227 0.003227 0.003227 0.003227 0.003227 0.003227 0.003227 0.003227 0.003227 0.003227 0.003227 0.003227 0.003227 0.003227 0.003227 0.003227 0.003227 0.003227 0.003227 0.003227 0.003227 0.003226 0.003224 0.003212 0.003163 0.002994 0.002525 0.001525 0.000000 
50.000000 28.441122 13.059788 4.903842 1.540727 0.420487 0.109903 0.036538 0.021497 0.018782 0.018345 0.018281 0.018273 0.018272 0.018272 0.018272 0.018272 0.018272 0.018272 0.018272 0.018272 0.018272 0.018272 0.018272 0.018272 0.018272 0.018272 0.018272 0.018272 0.018272 0.018272 0.018272 0.018272 0.018272 0.018272 0.018272 0.018272 0.018272 0.018272 0.018272 0.018272 0.018271 0.018269 0.018256 0.018191 0.017923 0.016992 0.014375 0.008722 0.000000 
50.000000 28.473123 13.114430 4.970322 1.612003 0.493329 0.183170 0.109903 0.094882 0.092170 0.091734 0.091670 0.091662 0.091661 0.091661 0.091661 0.091661 0.091661 0.091661 0.091661 0.091661 0.091661 0.091661 0.091661 0.091661 0.091661 0.091661 0.091661 0.091661 0.091661 0.091661 0.091661 0.091661 0.091661 0.091661 0.091661 0.091661 0.091661 0.091661 0.091661 0.091661 0.091659 0.091648 0.091585 0.091281 0.090005 0.085512 0.072681 0.044411 0.000000 
50.000000 28.608245 13.345343 5.251491 1.913621 0.801657 0.493329 0.420487 0.405552 0.402854 0.402420 0.402357 0.402349 0.402348 0.402348 0.402348 0.402348 0.402348 0.402348 0.402348 0.402348 0.402348 0.402348 0.402348 0.402348 0.402348 0.402348 0.402348 0.402348 0.402348 0.402348 0.402348 0.402348 0.402348 0.402348 0.402348 0.402348 0.402348 0.402348 0.402348 0.402347 0.402340 0.402296 0.402048 0.400828 0.395645 0.377061 0.322696 0.199359 0.000000 
50.000000 29.094398 14.176816 6.264721 3.001109 1.913621 1.612003 1.540727 1.526110 1.523469 1.523044 1.522982 1.522974 1.522973 1.522973 1.522973 1.522973 1.522973 1.522973 1.522973 1.522973 1.522973 1.522973 1.522973 1.522973 1.522973 1.522973 1.522973 1.522973 1.522973 1.522973 1.522973 1.522973 1.522973 1.522973 1.522973 1.522973 1.522973 1.522973 1.522972 1.522969 1.522947 1.522804 1.521999 1.517977 1.500554 1.436452 1.242245 0.781363 0.000000 
50.000000 30.550514 16.669090 9.304009 6.264721 5.251491 4.970322 4.903842 4.890200 4.887735 4.887338 4.887280 4.887272 4.887271 4.887271 4.887271 4.887271 4.887271 4.887271 4.887271 4.887271 4.887271 4.887271 4.887271 4.887271 4.887271 4.887271 4.887271 4.887271 4.887271 4.887271 4.887271 4.887271 4.887271 4.887271 4.887271 4.887271 4.887271 4.887271 4.887270 4.887262 4.887207 4.886851 4.884810 4.874430 4.828269 4.652005 4.089269 2.653810 0.000000 
50.000000 34.074500 22.704694 16.669090 14.176816 13.345343 13.114430 13.059788 13.048566 13.046536 13.046208 13.046161 13.046155 13.046154 13.046154 13.046154 13.046154 13.046154 13.046154 13.046154 13.046154 13.046154 13.046154 13.046154 13.046154 13.046154 13.046154 13.046154 13.046154 13.046154 13.046154 13.046154 13.046154 13.046154 13.046154 13.046154 13.046154 13.046154 13.046154 13.046152 13.046138 13.046041 13.045414 13.041750 13.022647 12.934571 12.579821 11.352347 7.812479 0.000000 
50.000000 40.709451 34.074500 30.550514 29.094398 28.608245 28.473123 28.441122 28.434543 28.433352 28.433160 28.433132 28.433128 28.433128 28.433128 28.433128 28.433128 28.433128 28.433128 28.433128 28.433128 28.433128 28.433128 28.433128 28.433128 28.433128 28.433128 28.433128 28.433128 28.433128 28.433128 28.433128 28.433128 28.433128 28.433128 28.433128 28.433128 28.433128 28.433128 28.433126 28.433113 28.433019 28.432400 28.428713 28.408885 28.313035 27.896704 26.262020 20.354725 0.000000 
50.000000 50.000000 50.000000 50.000000 50.000000 50.000000 50.000000 50.000000 50.000000 50.000000 50.000000 50.000000 50.000000 50.000000 50.000000 50.000000 50.000000 50.000000 50.000000 50.000000 50.000000 50.000000 50.000000 50.000000 50.000000 50.000000 50.000000 50.000000 50.000000 50.000000 50.000000 50.000000 50.000000 50.000000 50.000000 50.000000 50.000000 50.000000 50.000000 50.000000 50.000000 50.000000 50.000000 50.000000 50.000000 50.000000 50.000000 50.000000 50.000000 50.000000 
