50.000000 50.000000 50.000000 50.000000 50.000000 50.000000 50.000000 50.000000 50.000000 50.000000 50.000000 50.000000 50.000000 50.000000 50.000000 50.000000 50.000000 50.000000 50.000000 50.000000 50.000000 50.000000 50.000000 50.000000 50.000000 50.000000 50.000000 50.000000 50.000000 50.000000 50.000000 50.000000 50.000000 50.000000 50.000000 50.000000 50.000000 50.000000 50.000000 50.000000 50.000000 50.000000 50.000000 50.000000 50.000000 50.000000 50.000000 50.000000 50.000000 50.000000 
50.000000 43.937420 39.019685 35.750736 33.941918 33.094493 32.752897 32.632711 32.595338 32.584957 32.582356 32.581764 32.581641 32.581617 32.581613 32.581613 32.581612 32.581612 32.581612 32.581612 32.581612 32.581612 32.581612 32.581612 32.581612 32.581612 32.581612 32.581612 32.581612 32.581612 32.581612 32.581612 32.581612 32.581612 32.581612 32.581612 32.581612 32.581611 32.581603 32.581559 32.581336 32.580280 32.575670 32.557069 32.487776 32.248608 31.476920 29.107048 21.968710 0.000000 
50.000000 39.019685 30.113618 24.194444 20.919863 19.386123 18.768054 18.550661 18.483084 18.464318 18.459620 18.458551 18.458328 18.458286 18.458278 18.458277 18.458276 18.458276 18.458276 18.458276 18.458276 18.458276 18.458276 18.458276 18.458276 18.458276 18.458276 18.458276 18.458276 18.458276 18.458276 18.458276 18.458276 18.458276 18.458276 18.458276 18.458276 18.458274 18.458263 18.458205 18.457908 18.456523 18.450569 18.427091 18.342563 18.065765 17.244993 15.056809 9.912637 0.000000 
50.000000 35.750736 24.194444 16.515346 12.268258 10.279641 9.478547 9.196887 9.109368 9.085075 9.078995 9.077612 9.077325 9.077269 9.077260 9.077258 9.077258 9.077258 9.077258 9.077258 9.077258 9.077258 9.077258 9.077258 9.077258 9.077258 9.077258 9.077258 9.077258 9.077258 9.077258 9.077258 9.077258 9.077258 9.077258 9.077258 9.077257 9.077256 9.077247 9.077200 9.076964 9.075875 9.071266 9.053500 8.991506 8.797347 8.257673 6.949451 4.273817 0.000000 
50.000000 33.941918 20.919863 12.268258 7.484419 5.245103 4.343300 4.026339 3.927887 3.900569 3.893735 3.892181 3.891858 3.891796 3.891785 3.891783 3.891783 3.891783 3.891783 3.891783 3.891783 3.891783 3.891783 3.891783 3.891783 3.891783 3.891783 3.891783 3.891783 3.891783 3.891783 3.891783 3.891783 3.891783 3.891783 3.891783 3.891783 3.891782 3.891777 3.891749 3.891611 3.890980 3.888348 3.878397 3.844557 3.742209 3.470911 2.854098 1.693310 0.000000 
50.000000 33.094493 19.386123 10.279641 5.245103 2.888895 1.940227 1.606872 1.503353 1.474637 1.467456 1.465823 1.465484 1.465419 1.465407 1.465405 1.465405 1.465405 1.465405 1.465405 1.465405 1.465405 1.465405 1.465405 1.465405 1.465405 1.465405 1.465405 1.465405 1.465405 1.465405 1.465405 1.465405 1.465405 1.465405 1.465405 1.465405 1.465404 1.465402 1.465389 1.465324 1.465033 1.463831 1.459356 1.444448 1.400546 1.288135 1.043561 0.606717 0.000000 
50.000000 32.752897 18.768054 9.478547 4.343300 1.940227 0.972809 0.632911 0.527375 0.498104 0.490784 0.489121 0.488775 0.488709 0.488697 0.488695 0.488695 0.488695 0.488695 0.488695 0.488695 0.488695 0.488695 0.488695 0.488695 0.488695 0.488695 0.488695 0.488695 0.488695 0.488695 0.488695 0.488695 0.488695 0.488695 0.488695 0.488695 0.488695 0.488694 0.488689 0.488664 0.488551 0.488092 0.486404 0.480871 0.464903 0.425047 0.340963 0.195828 0.000000 
50.000000 32.632711 18.550661 9.196887 4.026339 1.606872 0.632911 0.290735 0.184499 0.155036 0.147669 0.145995 0.145647 0.145580 0.145568 0.145566 0.145566 0.145566 0.145566 0.145566 0.145566 0.145566 0.145566 0.145566 0.145566 0.145566 0.145566 0.145566 0.145566 0.145566 0.145566 0.145566 0.145566 0.145566 0.145566 0.145566 0.145566 0.145566 0.145566 0.145564 0.145556 0.145518 0.145368 0.144819 0.143041 0.137991 0.125620 0.100092 0.057041 0.000000 
50.000000 32.595338 18.483084 9.109368 3.927887 1.503353 0.527375 0.184499 0.078049 0.048527 0.041145 0.039468 0.039119 0.039053 0.039041 0.039039 0.039038 0.039038 0.039038 0.039038 0.039038 0.039038 0.039038 0.039038 0.039038 0.039038 0.039038 0.039038 0.039038 0.039038 0.039038 0.039038 0.039038 0.039038 0.039038 0.039038 0.039038 0.039038 0.039038 0.039038 0.039035 0.039025 0.038981 0.038824 0.038321 0.036907 0.033493 0.026561 0.015058 0.000000 
50.000000 32.584957 18.464318 9.085075 3.900569 1.474637 0.498104 0.155036 0.048527 0.018989 0.011603 0.009925 0.009576 0.009509 0.009498 0.009496 0.009495 0.009495 0.009495 0.009495 0.009495 0.009495 0.009495 0.009495 0.009495 0.009495 0.009495 0.009495 0.009495 0.009495 0.009495 0.009495 0.009495 0.009495 0.009495 0.009495 0.009495 0.009495 0.009495 0.009495 0.009495 0.009492 0.009481 0.009441 0.009313 0.008958 0.008111 0.006410 0.003621 0.000000 
50.000000 32.582356 18.459620 9.078995 3.893735 1.467456 0.490784 0.147669 0.041145 0.011603 0.004217 0.002538 0.002189 0.002123 0.002111 0.002109 0.002109 0.002109 0.002109 0.002109 0.002109 0.002109 0.002109 0.002109 0.002109 0.002109 0.002109 0.002109 0.002109 0.002109 0.002109 0.002109 0.002109 0.002109 0.002109 0.002109 0.002109 0.002109 0.002109 0.002108 0.002108 0.002108 0.002105 0.002096 0.002067 0.001986 0.001795 0.001415 0.000797 0.000000 
50.000000 32.581764 18.458551 9.077612 3.892181 1.465823 0.489121 0.145995 0.039468 0.009925 0.002538 0.000860 0.000511 0.000444 0.000432 0.000430 0.000430 0.000430 0.000430 0.000430 0.000430 0.000430 0.000430 0.000430 0.000430 0.000430 0.000430 0.000430 0.000430 0.000430 0.000430 0.000430 0.000430 0.000430 0.000430 0.000430 0.000430 0.000430 0.000430 0.000430 0.000430 0.000430 0.000429 0.000427 0.000421 0.000405 0.000365 0.000287 0.000162 0.000000 
50.000000 32.581641 18.458328 9.077325 3.891858 1.465484 0.488775 0.145647 0.039119 0.009576 0.002189 0.000511 0.000162 0.000095 0.000083 0.000081 0.000081 0.000081 0.000081 0.000081 0.000081 0.000081 0.000081 0.000081 0.000081 0.000081 0.000081 0.000081 0.000081 0.000081 0.000081 0.000081 0.000081 0.000081 0.000081 0.000081 0.000081 0.000081 0.000081 0.000081 0.000081 0.000081 0.000081 0.000080 0.000079 0.000076 0.000069 0.000054 0.000030 0.000000 
50.000000 32.581617 18.458286 9.077269 3.891796 1.465419 0.488709 0.145580 0.039053 0.009509 0.002123 0.000444 0.000095 0.000028 0.000016 0.000014 0.000014 0.000014 0.000014 0.000014 0.000014 0.000014 0.000014 0.000014 0.000014 0.000014 0.000014 0.000014 0.000014 0.000014 0.000014 0.000014 0.000014 0.000014 0.000014 0.000014 0.000014 0.000014 0.000014 0.000014 0.000014 0.000014 0.000014 0.000014 0.000014 0.000013 0.000012 0.000009 0.000005 0.000000 
50.000000 32.581613 18.458278 9.077260 3.891785 1.465407 0.488697 0.145568 0.039041 0.009498 0.002111 0.000432 0.000083 0.000016 0.000005 0.000003 0.000002 0.000002 0.000002 0.000002 0.000002 0.000002 0.000002 0.000002 0.000002 0.000002 0.000002 0.000002 0.000002 0.000002 0.000002 0.000002 0.000002 0.000002 0.000002 0.000002 0.000002 0.000002 0.000002 0.000002 0.000002 0.000002 0.000002 0.000002 0.000002 0.000002 0.000002 0.000002 0.000001 0.000000 
50.000000 32.581613 18.458277 9.077258 3.891783 1.465405 0.488695 0.145566 0.039039 0.009496 0.002109 0.000430 0.000081 0.000014 0.000003 0.000001 0.000000 0.000000 0.000000 0.000000 0.000000 0.000000 0.000000 0.000000 0.000000 0.000000 0.000000 0.000000 0.000000 0.000000 0.000000 0.000000 0.000000 0.000000 0.000000 0.000000 0.000000 0.000000 0.000000 0.000000 0.000000 0.000000 0.000000 0.000000 0.000000 0.000000 0.000000 0.000000 0.000000 0.000000 
50.000000 32.581612 18.458276 9.077258 3.891783 1.465405 0.488695 0.145566 0.039038 0.009495 0.002109 0.000430 0.000081 0.000014 0.000002 0.000000 0.000000 0.000000 0.000000 0.000000 0.000000 0.000000 0.000000 0.000000 0.000000 0.000000 0.000000 0.000000 0.000000 0.000000 0.000000 0.000000 0.000000 0.000000 0.000000 0.000000 0.000000 0.000000 0.000000 0.000000 0.000000 0.000000 0.000000 0.000000 0.000000 0.000000 0.000000 0.000000 0.000000 0.000000 
50.000000 32.581612 18.458276 9.077258 3.891783 1.465405 0.488695 0.145566 0.039038 0.009495 0.002109 0.000430 0.000081 0.000014 0.000002 0.000000 0.000000 0.000000 0.000000 0.000000 0.000000 0.000000 0.000000 0.000000 0.000000 0.000000 0.000000 0.000000 0.000000 0.000000 0.000000 0.000000 0.000000 0.000000 0.000000 0.000000 0.000000 0.000000 0.000000 0.000000 0.000000 0.000000 0.000000 0.000000 0.000000 0.000000 0.000000 0.000000 0.000000 0.000000 
50.000000 32.581612 18.458276 9.077258 3.891783 1.465405 0.488695 0.145566 0.039038 0.009495 0.002109 0.000430 0.000081 0.000014 0.000002 0.000000 0.000000 0.000000 0.000000 0.000000 0.000000 0.000000 0.000000 0.000000 0.000000 0.000000 0.000000 0.000000 0.000000 0.000000 0.000000 0.000000 0.000000 0.000000 0.000000 0.000000 0.000000 0.000000 0.000000 0.000000 0.000000 0.000000 0.000000 0.000000 0.000000 0.000000 0.000000 0.000000 0.000000 0.000000 
50.000000 32.581612 18.458276 9.077258 3.891783 1.465405 0.488695 0.145566 0.039038 0.009495 0.002109 0.000430 0.000081 0.000014 0.000002 0.000000 0.000000 0.000000 0.000000 0.000000 0.000000 0.000000 0.000000 0.000000 0.000000 0.000000 0.000000 0.000000 0.000000 0.000000 0.000000 0.000000 0.000000 0.000000 0.000000 0.000000 0.000000 0.000000 0.000000 0.000000 0.000000 0.000000 0.000000 0.000000 0.000000 0.000000 0.000000 0.000000 0.000000 0.000000 
50.000000 32.581612 18.458276 9.077258 3.891783 1.465405 0.488695 0.145566 0.039038 0.009495 0.002109 0.000430 0.000081 0.000014 0.000002 0.000000 0.000000 0.000000 0.000000 0.000000 0.000000 0.000000 0.000000 0.000000 0.000000 0.000000 0.000000 0.000000 0.000000 0.000000 0.000000 0.000000 0.000000 0.000000 0.000000 0.000000 0.000000 0.000000 0.000000 0.000000 0.000000 0.000000 0.000000 0.000000 0.000000 0.000000 0.000000 0.000000 0.000000 0.000000 
50.000000 32.581612 18.458276 9.077258 3.891783 1.465405 0.488695 0.145566 0.039038 0.009495 0.002109 0.000430 0.000081 0.000014 0.000002 0.000000 0.000000 0.000000 0.000000 0.000000 0.000000 0.000000 0.000000 0.000000 0.000000 0.000000 0.000000 0.000000 0.000000 0.000000 0.000000 0.000000 0.000000 0.000000 0.000000 0.000000 0.000000 0.000000 0.000000 0.000000 0.000000 0.000000 0.000000 0.000000 0.000000 0.000000 0.000000 0.000000 0.000000 0.000000 
50.000000 32.581612 18.458276 9.077258 3.891783 1.465405 0.488695 0.145566 0.039038 0.009495 0.002109 0.000430 0.000081 0.000014 0.000002 0.000000 0.000000 0.000000 0.000000 0.000000 0.000000 0.000000 0.000000 0.000000 0.000000 0.000000 0.000000 0.000000 0.000000 0.000000 0.000000 0.000000 0.000000 0.000000 0.000000 0.000000 0.000000 0.000000 0.000000 0.000000 0.000000 0.000000 0.000000 0.000000 0.000000 0.000000 0.000000 0.000000 0.000000 0.000000 
50.000000 32.581612 18.458276 9.077258 3.891783 1.465405 0.488695 0.145566 0.039038 0.009495 0.002109 0.000430 0.000081 0.000014 0.000002 0.000000 0.000000 0.000000 0.000000 0.000000 0.000000 0.000000 0.000000 0.000000 0.000000 0.000000 0.000000 0.000000 0.000000 0.000000 0.000000 0.000000 0.000000 0.000000 0.000000 0.000000 0.000000 0.000000 0.000000 0.000000 0.000000 0.000000 0.000000 0.000000 0.000000 0.000000 0.000000 0.000000 0.000000 0.000000 
50.000000 32.581612 18.458276 9.077258 3.891783 1.465405 0.488695 0.145566 0.039038 0.009495 0.002109 0.000430 0.000081 0.000014 0.000002 0.000000 0.000000 0.000000 0.000000 0.000000 0.000000 0.000000 0.000000 0.000000 0.000000 0.000000 0.000000 0.000000 0.000000 0.000000 0.000000 0.000000 0.000000 0.000000 0.000000 0.000000 0.000000 0.000000 0.000000 0.000000 0.000000 0.000000 0.000000 0.000000 0.000000 0.000000 0.000000 0.000000 0.000000 0.000000 
50.000000 32.581612 18.458276 9.077258 3.891783 1.465405 0.488695 0.145566 0.039038 0.009495 0.002109 0.000430 0.000081 0.000014 0.000002 0.000000 0.000000 0.000000 0.000000 0.000000 0.000000 0.000000 0.000000 0.000000 0.000000 0.000000 0.000000 0.000000 0.000000 0.000000 0.000000 0.000000 0.000000 0.000000 0.000000 0.000000 0.000000 0.000000 0.000000 0.000000 0.000000 0.000000 0.000000 0.000000 0.000000 0.000000 0.000000 0.000000 0.000000 0.000000 
50.000000 32.581612 18.458276 9.077258 3.891783 1.465405 0.488695 0.145566 0.039038 0.009495 0.002109 0.000430 0.000081 0.000014 0.000002 0.000000 0.000000 0.000000 0.000000 0.000000 0.000000 0.000000 0.000000 0.000000 0.000000 0.000000 0.000000 0.000000 0.000000 0.000000 0.000000 0.000000 0.000000 0.000000 0.000000 0.000000 0.000000 0.000000 0.000000 0.000000 0.000000 0.000000 0.000000 0.000000 0.000000 0.000000 0.000000 0.000000 0.000000 0.000000 
50.000000 32.581612 18.458276 9.077258 3.891783 1.465405 0.488695 0.145566 0.039038 0.009495 0.002109 0.000430 0.000081 0.000014 0.000002 0.000000 0.000000 0.000000 0.000000 0.000000 0.000000 0.000000 0.000000 0.000000 0.000000 0.000000 0.000000 0.000000 0.000000 0.000000 0.000000 0.000000 0.000000 0.000000 0.000000 0.000000 0.000000 0.000000 0.000000 0.000000 0.000000 0.000000 0.000000 0.000000 0.000000 0.000000 0.000000 0.000000 0.000000 0.000000 
50.000000 32.581612 18.458276 9.077258 3.891783 1.465405 0.488695 0.145566 0.039038 0.009495 0.002109 0.000430 0.000081 0.000014 0.000002 0.000000 0.000000 0.000000 0.000000 0.000000 0.000000 0.000000 0.000000 0.000000 0.000000 0.000000 0.000000 0.000000 0.000000 0.000000 0.000000 0.000000 0.000000 0.000000 0.000000 0.000000 0.000000 0.000000 0.000000 0.000000 0.000000 0.000000 0.000000 0.000000 0.000000 0.000000 0.000000 0.000000 0.000000 0.000000 
50.000000 32.581612 18.458276 9.077258 3.891783 1.465405 0.488695 0.145566 0.039038 0.009495 0.002109 0.000430 0.000081 0.000014 0.000002 0.000000 0.000000 0.000000 0.000000 0.000000 0.000000 0.000000 0.000000 0.000000 0.000000 0.000000 0.000000 0.000000 0.000000 0.000000 0.000000 0.000000 0.000000 0.000000 0.000000 0.000000 0.000000 0.000000 0.000000 0.000000 0.000000 0.000000 0.000000 0.000000 0.000000 0.000000 0.000000 0.000000 0.000000 0.000000 
50.000000 32.581612 18.458276 9.077258 3.891783 1.465405 0.488695 0.145566 0.039038 0.009495 0.002109 0.000430 0.000081 0.000014 0.000002 0.000000 0.000000 0.000000 0.000000 0.000000 0.000000 0.000000 0.000000 0.000000 0.000000 0.000000 0.000000 0.000000 0.000000 0.000000 0.000000 0.000000 0.000000 0.000000 0.000000 0.000000 0.000000 0.000000 0.000000 0.000000 0.000000 0.000000 0.000000 0.000000 0.000000 0.000000 0.000000 0.000000 0.000000 0.000000 
50.000000 32.581612 18.458276 9.077258 3.891783 1.465405 0.488695 0.145566 0.039038 0.009495 0.002109 0.000430 0.000081 0.000014 0.000002 0.000000 0.000000 0.000000 0.000000 0.000000 0.000000 0.000000 0.000000 0.000000 0.000000 0.000000 0.000000 0.000000 0.000000 0.000000 0.000000 0.000000 0.000000 0.000000 0.000000 0.000000 0.000000 0.000000 0.000000 0.000000 0.000000 0.000000 0.000000 0.000000 0.000000 0.000000 0.000000 0.000000 0.000000 0.000000 
50.000000 32.581612 18.458276 9.077258 3.891783 1.465405 0.488695 0.145566 0.039038 0.009495 0.002109 0.000430 0.000081 0.000014 0.000002 0.000000 0.000000 0.000000 0.000000 0.000000 0.000000 0.000000 0.000000 0.000000 0.000000 0.000000 0.000000 0.000000 0.000000 0.000000 0.000000 0.000000 0.000000 0.000000 0.000000 0.000000 0.000000 0.000000 0.000000 0.000000 0.000000 0.000000 0.000000 0.000000 0.000000 0.000000 0.000000 0.000000 0.000000 0.000000 
50.000000 32.581612 18.458276 9.077258 3.891783 1.465405 0.488695 0.145566 0.039038 0.009495 0.002109 0.000430 0.000081 0.000014 0.000002 0.000000 0.000000 0.000000 0.000000 0.000000 0.000000 0.000000 0.000000 0.000000 0.000000 0.000000 0.000000 0.000000 0.000000 0.000000 0.000000 0.000000 0.000000 0.000000 0.000000 0.000000 0.000000 0.000000 0.000000 0.000000 0.000000 0.000000 0.000000 0.000000 0.000000 0.000000 0.000000 0.000000 0.000000 0.000000 
50.000000 32.581613 18.458277 9.077258 3.891783 1.465405 0.488695 0.145566 0.039039 0.009496 0.002109 0.000430 0.000081 0.000014 0.000003 0.000001 0.000000 0.000000 0.000000 0.000000 0.000000 0.000000 0.000000 0.000000 0.000000 0.000000 0.000000 0.000000 0.000000 0.000000 0.000000 0.000000 0.000000 0.000000 0.000000 0.000000 0.000000 0.000000 0.000000 0.000000 0.000000 0.000000 0.000000 0.000000 0.000000 0.000000 0.000000 0.000000 0.000000 0.000000 
50.000000 32.581613 18.458278 9.077260 3.891785 1.465407 0.488697 0.145568 0.039041 0.009498 0.002111 0.000432 0.000083 0.000016 0.000005 0.000003 0.000002 0.000002 0.000002 0.000002 0.000002 0.000002 0.000002 0.000002 0.000002 0.000002 0.000002 0.000002 0.000002 0.000002 0.000002 0.000002 0.000002 0.000002 0.000002 0.000002 0.000002 0.000002 0.000002 0.000002 0.000002 0.000002 0.000002 0.000002 0.000002 0.000002 0.000002 0.000002 0.000001 0.000000 
50.000000 32.581617 18.458286 9.077269 3.891796 1.465419 0.488709 0.145580 0.039053 0.009509 0.002123 0.000444 0.000095 0.000028 0.000016 0.000014 0.000014 0.000014 0.000014 0.000014 0.000014 0.000014 0.000014 0.000014 0.000014 0.000014 0.000014 0.000014 0.000014 0.000014 0.000014 0.000014 0.000014 0.000014 0.000014 0.000014 0.000014 0.000014 0.000014 0.000014 0.000014 0.000014 0.000014 0.000014 0.000014 0.000013 0.000012 0.000009 0.000005 0.000000 
50.000000 32.581641 18.458328 9.077325 3.891858 1.465484 0.488775 0.145647 0.039119 0.009576 0.002189 0.000511 0.000162 0.000095 0.000083 0.000081 0.000081 0.000081 0.000081 0.000081 0.000081 0.000081 0.000081 0.000081 0.000081 0.000081 0.000081 0.000081 0.000081 0.000081 0.000081 0.000081 0.000081 0.000081 0.000081 0.000081 0.000081 0.000081 0.000081 0.000081 0.000081 0.000081 0.000081 0.000080 0.000079 0.000076 0.000069 0.000054 0.000030 0.000000 
50.000000 32.581764 18.458551 9.077612 3.892181 1.465823 0.489121 0.145995 0.039468 0.009925 0.002538 0.000860 0.000511 0.000444 0.000432 0.000430 0.000430 0.000430 0.000430 0.000430 0.000430 0.000430 0.000430 0.000430 0.000430 0.000430 0.000430 0.000430 0.000430 0.000430 0.000430 0.000430 0.000430 0.000430 0.000430 0.000430 0.000430 0.000430 0.000430 0.000430 0.000430 0.000430 0.000429 0.000427 0.000421 0.000405 0.000365 0.000287 0.000162 0.000000 
50.000000 32.582356 18.459620 9.078995 3.893735 1.467456 0.490784 0.147669 0.041145 0.011603 0.004217 0.002538 0.002189 0.002123 0.002111 0.002109 0.002109 0.002109 0.002109 0.002109 0.002109 0.002109 0.002109 0.002109 0.002109 0.002109 0.002109 0.002109 0.002109 0.002109 0.002109 0.002109 0.002109 0.002109 0.002109 0.002109 0.002109 0.002109 0.002109 0.002108 0.002108 0.002108 0.002105 0.002096 0.002067 0.001986 0.001795 0.001415 0.000797 0.000000 
50.000000 32.584957 18.464318 9.085075 3.900569 1.474637 0.498104 0.155036 0.048527 0.018989 0.011603 0.009925 0.009576 0.009509 0.009498 0.009496 0.009495 0.009495 0.009495 0.009495 0.009495 0.009495 0.009495 0.009495 0.009495 0.009495 0.009495 0.009495 0.009495 0.009495 0.009495 0.009495 0.009495 0.009495 0.009495 0.009495 0.009495 0.009495 0.009495 0.009495 0.009495 0.009492 0.009481 0.009441 0.009313 0.008958 0.008111 0.006410 0.003621 0.000000 
50.000000 32.595338 18.483084 9.109368 3.927887 1.503353 0.527375 0.184499 0.078049 0.048527 0.041145 0.039468 0.039119 0.039053 0.039041 0.039039 0.039038 0.039038 0.039038 0.039038 0.039038 0.039038 0.039038 0.039038 0.039038 0.039038 0.039038 0.039038 0.039038 0.039038 0.039038 0.039038 0.039038 0.039038 0.039038 0.039038 0.039038 0.039038 0.039038 0.039038 0.039035 0.039025 0.038981 0.038824 0.038321 0.036907 0.033493 0.026561 0.015058 0.000000 
50.000000 32.632711 18.550661 9.196887 4.026339 1.606872 0.632911 0.290735 0.184499 0.155036 0.147669 0.145995 0.145647 0.145580 0.145568 0.145566 0.145566 0.145566 0.145566 0.145566 0.145566 0.145566 0.145566 0.145566 0.145566 0.145566 0.145566 0.145566 0.145566 0.145566 0.145566 0.145566 0.145566 0.145566 0.145566 0.145566 0.145566 0.145566 0.145566 0.145564 0.145556 0.145518 0.145368 0.144819 0.143041 0.137991 0.125620 0.100092 0.057041 0.000000 
50.000000 32.752897 18.768054 9.478547 4.343300 1.940227 0.972809 0.632911 0.527375 0.498104 0.490784 0.489121 0.488775 0.488709 0.488697 0.488695 0.488695 0.488695 0.488695 0.488695 0.488695 0.488695 0.488695 0.488695 0.488695 0.488695 0.488695 0.488695 0.488695 0.488695 0.488695 0.488695 0.488695 0.488695 0.488695 0.488695 0.488695 0.488695 0.488694 0.488689 0.488664 0.488551 0.488092 0.486404 0.480871 0.464903 0.425047 0.340963 0.195828 0.000000 
50.000000 33.094493 19.386123 10.279641 5.245103 2.888895 1.940227 1.606872 1.503353 1.474637 1.467456 1.465823 1.465484 1.465419 1.465407 1.465405 1.465405 1.465405 1.465405 1.465405 1.465405 1.465405 1.465405 1.465405 1.465405 1.465405 1.465405 1.465405 1.465405 1.465405 1.465405 1.465405 1.465405 1.465405 1.465405 1.465405 1.465405 1.465404 1.465402 1.465389 1.465324 1.465033 1.463831 1.459356 1.444448 1.400546 1.288135 1.043561 0.606717 0.000000 
50.000000 33.941918 20.919863 12.268258 7.484419 5.245103 4.343300 4.026339 3.927887 3.900569 3.893735 3.892181 3.891858 3.891796 3.891785 3.891783 3.891783 3.891783 3.891783 3.891783 3.891783 3.891783 3.891783 3.891783 3.891783 3.891783 3.891783 3.891783 3.891783 3.891783 3.891783 3.891783 3.891783 3.891783 3.891783 3.891783 3.891783 3.891782 3.891777 3.891749 3.891611 3.890980 3.888348 3.878397 3.844557 3.742209 3.470911 2.854098 1.693310 0.000000 
50.000000 35.750736 24.194444 16.515346 12.268258 10.279641 9.478547 9.196887 9.109368 9.085075 9.078995 9.077612 9.077325 9.077269 9.077260 9.077258 9.077258 9.077258 9.077258 9.077258 9.077258 9.077258 9.077258 9.077258 9.077258 9.077258 9.077258 9.077258 9.077258 9.077258 9.077258 9.077258 9.077258 9.077258 9.077258 9.077258 9.077257 9.077256 9.077247 9.077200 9.076964 9.075875 9.071266 9.053500 8.991506 8.797347 8.257673 6.949451 4.273817 0.000000 
50.000000 39.019685 30.113618 24.194444 20.919863 19.386123 18.768054 18.550661 18.483084 18.464318 18.459620 18.458551 18.458328 18.458286 18.458278 18.458277 18.458276 18.458276 18.458276 18.458276 18.458276 18.458276 18.458276 18.458276 18.458276 18.458276 18.458276 18.458276 18.458276 18.458276 18.458276 18.458276 18.458276 18.458276 18.458276 18.458276 18.458276 18.458274 18.458263 18.458205 18.457908 18.456523 18.450569 18.427091 18.342563 18.065765 17.244993 15.056809 9.912637 0.000000 
50.000000 43.937420 39.019685 35.750736 33.941918 33.094493 32.752897 32.632711 32.595338 32.584957 32.582356 32.581764 32.581641 32.581617 32.581613 32.581613 32.581612 32.581612 32.581612 32.581612 32.581612 32.581612 32.581612 32.581612 32.581612 32.581612 32.581612 32.581612 32.581612 32.581612 32.581612 32.581612 32.581612 32.581612 32.581612 32.581612 32.581612 32.581611 32.581603 32.581559 32.581336 32.580280 32.575670 32.557069 32.487776 32.248608 31.476920 29.107048 21.968710 0.000000 
50.000000 50.000000 50.000000 50.000000 50.000000 50.000000 50.000000 50.000000 50.000000 50.000000 50.000000 50.000000 50.000000 50.000000 50.000000 50.000000 50.000000 50.000000 50.000000 50.000000 50.000000 50.000000 50.000000 50.000000 50.000000 50.000000 50.000000 50.000000 50.000000 50.000000 50.000000 50.000000 50.000000 50.000000 50.000000 50.000000 50.000000 50.000000 50.000000 50.000000 50.000000 50.000000 50.000000 50.000000 50.000000 50.000000 50.000000 50.000000 50.000000 50.000000 
