50.000000 50.000000 50.000000 50.000000 50.000000 50.000000 50.000000 50.000000 50.000000 50.000000 50.000000 50.000000 50.000000 50.000000 50.000000 50.000000 50.000000 50.000000 50.000000 50.000000 50.000000 50.000000 50.000000 50.000000 50.000000 50.000000 50.000000 50.000000 50.000000 50.000000 50.000000 50.000000 50.000000 50.000000 50.000000 50.000000 50.000000 50.000000 50.000000 50.000000 50.000000 50.000000 50.000000 50.000000 50.000000 50.000000 50.000000 50.000000 50.000000 50.000000 
50.000000 48.964272 47.962220 47.024237 46.174685 45.430088 44.798481 44.279870 43.867591 43.550199 43.313518 43.142509 43.022755 42.941451 42.887916 42.853717 42.832513 42.819749 42.812286 42.808046 42.805705 42.804447 42.803790 42.803455 42.803288 42.803203 42.803156 42.803116 42.803060 42.802955 42.802748 42.802336 42.801531 42.799996 42.797125 42.791867 42.782431 42.765813 42.737050 42.688027 42.605523 42.467903 42.239189 41.857647 41.211805 40.084757 38.010084 33.855328 24.482136 0.000000 
50.000000 47.962220 45.990697 44.145230 42.473752 41.008774 39.766103 38.745750 37.934604 37.310148 36.844488 36.508037 36.272429 36.112469 36.007143 35.939858 35.898141 35.873030 35.858347 35.850006 35.845399 35.842926 35.841633 35.840974 35.840645 35.840479 35.840386 35.840309 35.840203 35.840006 35.839615 35.838839 35.837327 35.834443 35.829060 35.819223 35.801611 35.770689 35.717379 35.626987 35.475912 35.226323 34.817216 34.148735 33.053411 31.241524 28.197007 22.995349 14.106892 0.000000 
50.000000 47.024237 44.145230 41.450306 39.009460 36.870170 35.055517 33.565518 32.381023 31.469150 30.789166 30.297863 29.953818 29.720239 29.566439 29.468189 29.407274 29.370606 29.349167 29.336987 29.330261 29.326649 29.324761 29.323800 29.323319 29.323078 29.322944 29.322837 29.322690 29.322422 29.321890 29.320837 29.318790 29.314893 29.307639 29.294424 29.270853 29.229667 29.159088 29.040337 28.843868 28.523666 28.008504 27.188460 25.894292 23.867561 20.725153 15.948224 9.014153 0.000000 
50.000000 46.174685 42.473752 39.009460 35.871789 33.121773 30.789080 28.873731 27.351106 26.178933 25.304848 24.673309 24.231064 23.930817 23.733122 23.606832 23.528534 23.481402 23.453845 23.438190 23.429545 23.424902 23.422476 23.421240 23.420624 23.420315 23.420146 23.420015 23.419842 23.419528 23.418910 23.417689 23.415321 23.410828 23.402492 23.387366 23.360521 23.313894 23.234589 23.102409 22.886339 22.539634 21.993118 21.146458 19.857943 17.935895 15.141899 11.232228 6.089927 0.000000 
50.000000 45.430088 41.008774 36.870170 33.121773 29.836497 27.049784 24.761655 22.942697 21.542407 20.498223 19.743791 19.215494 18.856828 18.620670 18.469812 18.376282 18.319982 18.287066 18.268367 18.258041 18.252495 18.249597 18.248122 18.247386 18.247020 18.246822 18.246674 18.246488 18.246157 18.245508 18.244232 18.241764 18.237097 18.228471 18.212893 18.185404 18.137983 18.058002 17.926062 17.713135 17.376922 16.857589 16.073450 14.918249 13.263830 10.975878 7.955363 4.218284 0.000000 
50.000000 44.798481 39.766103 35.055517 30.789080 27.049784 23.877966 21.273650 19.203351 17.609583 16.421135 15.562479 14.961204 14.552998 14.284224 14.112533 14.006088 13.942016 13.904555 13.883275 13.871524 13.865213 13.861915 13.860237 13.859401 13.858986 13.858766 13.858610 13.858424 13.858099 13.857470 13.856236 13.853859 13.849381 13.841141 13.826339 13.800375 13.755914 13.681578 13.560241 13.366919 13.066392 12.610935 11.938983 10.976334 9.642622 7.867057 5.617367 2.940834 0.000000 
50.000000 44.279870 38.745750 33.565518 28.873731 24.761655 21.273650 18.409735 16.133085 14.380477 13.073597 12.129383 11.468203 11.019332 10.723787 10.534997 10.417954 10.347502 10.306313 10.282915 10.269994 10.263056 10.259431 10.257585 10.256667 10.256214 10.255978 10.255820 10.255642 10.255344 10.254771 10.253654 10.251510 10.247487 10.240119 10.226954 10.204009 10.165008 10.100371 9.995954 9.831627 9.579875 9.204868 8.662714 7.904066 6.880612 5.557014 3.928534 2.040681 0.000000 
50.000000 43.867591 37.934604 32.381023 27.351106 22.942697 19.203351 16.133085 13.692415 11.813557 10.412547 9.400334 8.691547 8.210361 7.893543 7.691167 7.565703 7.490183 7.446032 7.420952 7.407102 7.399665 7.395780 7.393803 7.392820 7.392337 7.392090 7.391934 7.391772 7.391511 7.391018 7.390062 7.388235 7.384821 7.378599 7.367543 7.348394 7.316084 7.262990 7.178067 7.045944 6.846208 6.553210 6.136958 5.565775 4.811471 3.857357 2.708281 1.399688 0.000000 
50.000000 43.550199 37.310148 31.469150 26.178933 21.542407 17.609583 14.380477 11.813557 9.837524 8.364067 7.299522 6.554097 6.048044 5.714858 5.502029 5.370085 5.290667 5.244237 5.217863 5.203299 5.195479 5.191393 5.189315 5.188282 5.187777 5.187524 5.187372 5.187228 5.187011 5.186607 5.185829 5.184350 5.181598 5.176605 5.167782 5.152595 5.127151 5.085676 5.019948 4.918762 4.767613 4.548851 4.242664 3.829272 3.292594 2.625282 1.834236 0.944676 0.000000 
50.000000 43.313518 36.844488 30.789166 25.304848 20.498223 16.421135 13.073597 10.412547 8.364067 6.836600 5.733043 4.960309 4.435721 4.090335 3.869715 3.732944 3.650621 3.602494 3.575155 3.560060 3.551954 3.547719 3.545565 3.544496 3.543975 3.543717 3.543571 3.543447 3.543272 3.542956 3.542352 3.541208 3.539091 3.535268 3.528547 3.517047 3.497909 3.466948 3.418300 3.344119 3.234480 3.077643 2.860894 2.572161 2.202440 1.748829 1.217501 0.625491 0.000000 
50.000000 43.142509 36.508037 30.297863 24.673309 19.743791 15.562479 12.129383 9.400334 7.299522 5.733043 4.601310 3.808853 3.270880 2.916685 2.690440 2.550183 2.465763 2.416411 2.388376 2.372897 2.364585 2.360243 2.358035 2.356940 2.356407 2.356148 2.356008 2.355901 2.355764 2.355526 2.355077 2.354231 2.352671 2.349867 2.344963 2.336620 2.322821 2.300655 2.266095 2.213846 2.137344 2.029012 1.880901 1.685789 1.438720 1.138775 0.790658 0.405459 0.000000 
50.000000 43.022755 36.272429 29.953818 24.231064 19.215494 14.961204 11.468203 8.691547 6.554097 4.960309 3.808853 3.002590 2.455249 2.094889 1.864709 1.722013 1.636126 1.585916 1.557395 1.541647 1.533191 1.528774 1.526528 1.525415 1.524875 1.524614 1.524480 1.524388 1.524283 1.524110 1.523789 1.523188 1.522085 1.520111 1.516674 1.510858 1.501295 1.486031 1.462400 1.426946 1.375463 1.303195 1.205290 1.077511 0.917170 0.724152 0.501741 0.256943 0.000000 
50.000000 42.941451 36.112469 29.720239 23.930817 18.856828 14.552998 11.019332 8.210361 6.048044 4.435721 3.270880 2.455249 1.901553 1.537010 1.304160 1.159810 1.072928 1.022136 0.993285 0.977355 0.968802 0.964334 0.962062 0.960937 0.960392 0.960131 0.960001 0.959921 0.959842 0.959720 0.959498 0.959087 0.958337 0.956999 0.954681 0.950776 0.944392 0.934260 0.918674 0.895449 0.861967 0.815323 0.752623 0.671425 0.570296 0.449385 0.310858 0.159020 0.000000 
50.000000 42.887916 36.007143 29.566439 23.733122 18.620670 14.284224 10.723787 7.893543 5.714858 4.090335 2.916685 2.094889 1.537010 1.169715 0.935108 0.789670 0.702134 0.650960 0.621892 0.605843 0.597225 0.592723 0.590435 0.589301 0.588753 0.588493 0.588366 0.588296 0.588235 0.588151 0.588003 0.587732 0.587240 0.586366 0.584858 0.582329 0.578215 0.571722 0.561788 0.547076 0.526001 0.496833 0.457885 0.407777 0.345756 0.272015 0.187920 0.096049 0.000000 
50.000000 42.853717 35.939858 29.468189 23.606832 18.469812 14.112533 10.534997 7.691167 5.502029 3.869715 2.690440 1.864709 1.304160 0.935108 0.699380 0.553248 0.465294 0.413876 0.384670 0.368544 0.359885 0.355363 0.353063 0.351925 0.351375 0.351115 0.350991 0.350926 0.350879 0.350822 0.350726 0.350554 0.350242 0.349690 0.348743 0.347161 0.344599 0.340573 0.334448 0.325424 0.312568 0.294878 0.271391 0.241341 0.204340 0.160550 0.110798 0.056592 0.000000 
50.000000 42.832513 35.898142 29.407274 23.528534 18.376282 14.006089 10.417954 7.565703 5.370085 3.732944 2.550184 1.722014 1.159810 0.789671 0.553248 0.406686 0.318473 0.266905 0.237613 0.221439 0.212755 0.208219 0.205913 0.204772 0.204221 0.203961 0.203839 0.203779 0.203741 0.203702 0.203641 0.203535 0.203343 0.203007 0.202431 0.201474 0.199929 0.197513 0.193854 0.188488 0.180882 0.170468 0.156708 0.139186 0.117706 0.092381 0.063699 0.032517 0.000000 
50.000000 42.819749 35.873030 29.370606 23.481402 18.319983 13.942016 10.347503 7.490184 5.290668 3.650622 2.465764 1.636127 1.072929 0.702135 0.465295 0.318474 0.230105 0.178446 0.149103 0.132901 0.124202 0.119658 0.117348 0.116205 0.115653 0.115393 0.115272 0.115215 0.115183 0.115156 0.115118 0.115054 0.114941 0.114742 0.114403 0.113842 0.112940 0.111535 0.109414 0.106319 0.101950 0.095994 0.088158 0.078220 0.066081 0.051817 0.035703 0.018218 0.000000 
50.000000 42.812286 35.858348 29.349168 23.453847 18.287068 13.904557 10.306315 7.446035 5.244240 3.602496 2.416413 1.585919 1.022139 0.650963 0.413879 0.266907 0.178448 0.126736 0.097362 0.081144 0.072436 0.067888 0.065575 0.064431 0.063879 0.063619 0.063499 0.063444 0.063415 0.063395 0.063372 0.063335 0.063269 0.063155 0.062962 0.062643 0.062132 0.061339 0.060147 0.058413 0.055975 0.052664 0.048323 0.042838 0.036159 0.028332 0.019510 0.009951 0.000000 
50.000000 42.808047 35.850008 29.336990 23.438194 18.268371 13.883280 10.282920 7.420958 5.217869 3.575161 2.388383 1.557402 0.993292 0.621899 0.384677 0.237619 0.149109 0.097367 0.067976 0.051748 0.043035 0.038484 0.036171 0.035025 0.034473 0.034214 0.034094 0.034040 0.034014 0.033998 0.033983 0.033962 0.033925 0.033862 0.033755 0.033579 0.033298 0.032863 0.032212 0.031268 0.029945 0.028155 0.025815 0.022867 0.019288 0.015103 0.010395 0.005300 0.000000 
50.000000 42.805707 35.845404 29.330269 23.429554 18.258052 13.871536 10.270008 7.407117 5.203314 3.560075 2.372913 1.541663 0.977372 0.605859 0.368560 0.221456 0.132917 0.081158 0.051758 0.035525 0.026810 0.022257 0.019943 0.018797 0.018245 0.017985 0.017866 0.017812 0.017788 0.017775 0.017765 0.017752 0.017732 0.017698 0.017641 0.017546 0.017396 0.017164 0.016819 0.016319 0.015620 0.014677 0.013449 0.011905 0.010036 0.007854 0.005403 0.002754 0.000000 
50.000000 42.804453 35.842937 29.326666 23.424924 18.252521 13.865243 10.263088 7.399700 5.195515 3.551991 2.364623 1.533230 0.968841 0.597264 0.359925 0.212795 0.124241 0.072473 0.043068 0.026833 0.018115 0.013562 0.011247 0.010102 0.009549 0.009290 0.009171 0.009117 0.009093 0.009082 0.009075 0.009067 0.009056 0.009038 0.009008 0.008959 0.008881 0.008760 0.008581 0.008323 0.007963 0.007478 0.006849 0.006059 0.005105 0.003993 0.002746 0.001399 0.000000 
50.000000 42.803804 35.841660 29.324801 23.422527 18.249658 13.861985 10.259506 7.395860 5.191478 3.547806 2.360332 1.528865 0.964425 0.592815 0.355455 0.208312 0.119750 0.067978 0.038570 0.022333 0.013615 0.009061 0.006746 0.005601 0.005048 0.004789 0.004670 0.004617 0.004593 0.004582 0.004577 0.004572 0.004566 0.004557 0.004541 0.004516 0.004475 0.004414 0.004322 0.004191 0.004008 0.003762 0.003443 0.003045 0.002564 0.002005 0.001378 0.000702 0.000000 
50.000000 42.803487 35.841037 29.323891 23.421357 18.248261 13.860395 10.257758 7.393987 5.189508 3.545764 2.358238 1.526735 0.962271 0.590645 0.353274 0.206124 0.117558 0.065784 0.036375 0.020138 0.011419 0.006865 0.004550 0.003404 0.002852 0.002593 0.002474 0.002420 0.002397 0.002387 0.002382 0.002379 0.002375 0.002370 0.002362 0.002348 0.002327 0.002294 0.002246 0.002177 0.002081 0.001953 0.001786 0.001579 0.001329 0.001039 0.000714 0.000364 0.000000 
50.000000 42.803359 35.840785 29.323524 23.420885 18.247697 13.859753 10.257053 7.393231 5.188712 3.544940 2.357393 1.525875 0.961401 0.589768 0.352393 0.205241 0.116674 0.064899 0.035490 0.019251 0.010533 0.005979 0.003664 0.002518 0.001966 0.001706 0.001587 0.001534 0.001511 0.001501 0.001496 0.001493 0.001491 0.001488 0.001482 0.001474 0.001460 0.001439 0.001409 0.001365 0.001305 0.001224 0.001119 0.000989 0.000832 0.000650 0.000446 0.000227 0.000000 
50.000000 42.803359 35.840785 29.323524 23.420885 18.247697 13.859753 10.257053 7.393231 5.188712 3.544940 2.357393 1.525875 0.961401 0.589768 0.352393 0.205241 0.116674 0.064899 0.035490 0.019251 0.010533 0.005979 0.003664 0.002518 0.001966 0.001706 0.001587 0.001534 0.001511 0.001501 0.001496 0.001493 0.001491 0.001488 0.001482 0.001474 0.001460 0.001439 0.001409 0.001365 0.001305 0.001224 0.001119 0.000989 0.000832 0.000650 0.000446 0.000227 0.000000 
50.000000 42.803487 35.841037 29.323891 23.421357 18.248261 13.860395 10.257758 7.393987 5.189508 3.545764 2.358238 1.526735 0.962271 0.590645 0.353274 0.206124 0.117558 0.065784 0.036375 0.020138 0.011419 0.006865 0.004550 0.003404 0.002852 0.002593 0.002474 0.002420 0.002397 0.002387 0.002382 0.002379 0.002375 0.002370 0.002362 0.002348 0.002327 0.002294 0.002246 0.002177 0.002081 0.001953 0.001786 0.001579 0.001329 0.001039 0.000714 0.000364 0.000000 
50.000000 42.803804 35.841660 29.324801 23.422527 18.249658 13.861985 10.259506 7.395860 5.191478 3.547806 2.360332 1.528865 0.964425 0.592815 0.355455 0.208312 0.119750 0.067978 0.038570 0.022333 0.013615 0.009061 0.006746 0.005601 0.005048 0.004789 0.004670 0.004617 0.004593 0.004582 0.004577 0.004572 0.004566 0.004557 0.004541 0.004516 0.004475 0.004414 0.004322 0.004191 0.004008 0.003762 0.003443 0.003045 0.002564 0.002005 0.001378 0.000702 0.000000 
50.000000 42.804453 35.842937 29.326666 23.424924 18.252521 13.865243 10.263088 7.399700 5.195515 3.551991 2.364623 1.533230 0.968841 0.597264 0.359925 0.212795 0.124241 0.072473 0.043068 0.026833 0.018115 0.013562 0.011247 0.010102 0.009549 0.009290 0.009171 0.009117 0.009093 0.009082 0.009075 0.009067 0.009056 0.009038 0.009008 0.008959 0.008881 0.008760 0.008581 0.008323 0.007963 0.007478 0.006849 0.006059 0.005105 0.003993 0.002746 0.001399 0.000000 
50.000000 42.805707 35.845404 29.330269 23.429554 18.258052 13.871536 10.270008 7.407117 5.203314 3.560075 2.372913 1.541663 0.977372 0.605859 0.368560 0.221456 0.132917 0.081158 0.051758 0.035525 0.026810 0.022257 0.019943 0.018797 0.018245 0.017985 0.017866 0.017812 0.017788 0.017775 0.017765 0.017752 0.017732 0.017698 0.017641 0.017546 0.017396 0.017164 0.016819 0.016319 0.015620 0.014677 0.013449 0.011905 0.010036 0.007854 0.005403 0.002754 0.000000 
50.000000 42.808047 35.850008 29.336990 23.438194 18.268371 13.883280 10.282920 7.420958 5.217869 3.575161 2.388383 1.557402 0.993292 0.621899 0.384677 0.237619 0.149109 0.097367 0.067976 0.051748 0.043035 0.038484 0.036171 0.035025 0.034473 0.034214 0.034094 0.034040 0.034014 0.033998 0.033983 0.033962 0.033925 0.033862 0.033755 0.033579 0.033298 0.032863 0.032212 0.031268 0.029945 0.028155 0.025815 0.022867 0.019288 0.015103 0.010395 0.005300 0.000000 
50.000000 42.812286 35.858348 29.349168 23.453847 18.287068 13.904557 10.306315 7.446035 5.244240 3.602496 2.416413 1.585919 1.022139 0.650963 0.413879 0.266907 0.178448 0.126736 0.097362 0.081144 0.072436 0.067888 0.065575 0.064431 0.063879 0.063619 0.063499 0.063444 0.063415 0.063395 0.063372 0.063335 0.063269 0.063155 0.062962 0.062643 0.062132 0.061339 0.060147 0.058413 0.055975 0.052664 0.048323 0.042838 0.036159 0.028332 0.019510 0.009951 0.000000 
50.000000 42.819749 35.873030 29.370606 23.481402 18.319983 13.942016 10.347503 7.490184 5.290668 3.650622 2.465764 1.636127 1.072929 0.702135 0.465295 0.318474 0.230105 0.178446 0.149103 0.132901 0.124202 0.119658 0.117348 0.116205 0.115653 0.115393 0.115272 0.115215 0.115183 0.115156 0.115118 0.115054 0.114941 0.114742 0.114403 0.113842 0.112940 0.111535 0.109414 0.106319 0.101950 0.095994 0.088158 0.078220 0.066081 0.051817 0.035703 0.018218 0.000000 
50.000000 42.832513 35.898142 29.407274 23.528534 18.376282 14.006089 10.417954 7.565703 5.370085 3.732944 2.550184 1.722014 1.159810 0.789671 0.553248 0.406686 0.318473 0.266905 0.237613 0.221439 0.212755 0.208219 0.205913 0.204772 0.204221 0.203961 0.203839 0.203779 0.203741 0.203702 0.203641 0.203535 0.203343 0.203007 0.202431 0.201474 0.199929 0.197513 0.193854 0.188488 0.180882 0.170468 0.156708 0.139186 0.117706 0.092381 0.063699 0.032517 0.000000 
50.000000 42.853717 35.939858 29.468189 23.606832 18.469812 14.112533 10.534997 7.691167 5.502029 3.869715 2.690440 1.864709 1.304160 0.935108 0.699380 0.553248 0.465294 0.413876 0.384670 0.368544 0.359885 0.355363 0.353063 0.351925 0.351375 0.351115 0.350991 0.350926 0.350879 0.350822 0.350726 0.350554 0.350242 0.349690 0.348743 0.347161 0.344599 0.340573 0.334448 0.325424 0.312568 0.294878 0.271391 0.241341 0.204340 0.160550 0.110798 0.056592 0.000000 
50.000000 42.887916 36.007143 29.566439 23.733122 18.620670 14.284224 10.723787 7.893543 5.714858 4.090335 2.916685 2.094889 1.537010 1.169715 0.935108 0.789670 0.702134 0.650960 0.621892 0.605843 0.597225 0.592723 0.590435 0.589301 0.588753 0.588493 0.588366 0.588296 0.588235 0.588151 0.588003 0.587732 0.587240 0.586366 0.584858 0.582329 0.578215 0.571722 0.561788 0.547076 0.526001 0.496833 0.457885 0.407777 0.345756 0.272015 0.187920 0.096049 0.000000 
50.000000 42.941451 36.112469 29.720239 23.930817 18.856828 14.552998 11.019332 8.210361 6.048044 4.435721 3.270880 2.455249 1.901553 1.537010 1.304160 1.159810 1.072928 1.022136 0.993285 0.977355 0.968802 0.964334 0.962062 0.960937 0.960392 0.960131 0.960001 0.959921 0.959842 0.959720 0.959498 0.959087 0.958337 0.956999 0.954681 0.950776 0.944392 0.934260 0.918674 0.895449 0.861967 0.815323 0.752623 0.671425 0.570296 0.449385 0.310858 0.159020 0.000000 
50.000000 43.022755 36.272429 29.953818 24.231064 19.215494 14.961204 11.468203 8.691547 6.554097 4.960309 3.808853 3.002590 2.455249 2.094889 1.864709 1.722013 1.636126 1.585916 1.557395 1.541647 1.533191 1.528774 1.526528 1.525415 1.524875 1.524614 1.524480 1.524388 1.524283 1.524110 1.523789 1.523188 1.522085 1.520111 1.516674 1.510858 1.501295 1.486031 1.462400 1.426946 1.375463 1.303195 1.205290 1.077511 0.917170 0.724152 0.501741 0.256943 0.000000 
50.000000 43.142509 36.508037 30.297863 24.673309 19.743791 15.562479 12.129383 9.400334 7.299522 5.733043 4.601310 3.808853 3.270880 2.916685 2.690440 2.550183 2.465763 2.416411 2.388376 2.372897 2.364585 2.360243 2.358035 2.356940 2.356407 2.356148 2.356008 2.355901 2.355764 2.355526 2.355077 2.354231 2.352671 2.349867 2.344963 2.336620 2.322821 2.300655 2.266095 2.213846 2.137344 2.029012 1.880901 1.685789 1.438720 1.138775 0.790658 0.405459 0.000000 
50.000000 43.313518 36.844488 30.789166 25.304848 20.498223 16.421135 13.073597 10.412547 8.364067 6.836600 5.733043 4.960309 4.435721 4.090335 3.869715 3.732944 3.650621 3.602494 3.575155 3.560060 3.551954 3.547719 3.545565 3.544496 3.543975 3.543717 3.543571 3.543447 3.543272 3.542956 3.542352 3.541208 3.539091 3.535268 3.528547 3.517047 3.497909 3.466948 3.418300 3.344119 3.234480 3.077643 2.860894 2.572161 2.202440 1.748829 1.217501 0.625491 0.000000 
50.000000 43.550199 37.310148 31.469150 26.178933 21.542407 17.609583 14.380477 11.813557 9.837524 8.364067 7.299522 6.554097 6.048044 5.714858 5.502029 5.370085 5.290667 5.244237 5.217863 5.203299 5.195479 5.191393 5.189315 5.188282 5.187777 5.187524 5.187372 5.187228 5.187011 5.186607 5.185829 5.184350 5.181598 5.176605 5.167782 5.152595 5.127151 5.085676 5.019948 4.918762 4.767613 4.548851 4.242664 3.829272 3.292594 2.625282 1.834236 0.944676 0.000000 
50.000000 43.867591 37.934604 32.381023 27.351106 22.942697 19.203351 16.133085 13.692415 11.813557 10.412547 9.400334 8.691547 8.210361 7.893543 7.691167 7.565703 7.490183 7.446032 7.420952 7.407102 7.399665 7.395780 7.393803 7.392820 7.392337 7.392090 7.391934 7.391772 7.391511 7.391018 7.390062 7.388235 7.384821 7.378599 7.367543 7.348394 7.316084 7.262990 7.178067 7.045944 6.846208 6.553210 6.136958 5.565775 4.811471 3.857357 2.708281 1.399688 0.000000 
50.000000 44.279870 38.745750 33.565518 28.873731 24.761655 21.273650 18.409735 16.133085 14.380477 13.073597 12.129383 11.468203 11.019332 10.723787 10.534997 10.417954 10.347502 10.306313 10.282915 10.269994 10.263056 10.259431 10.257585 10.256667 10.256214 10.255978 10.255820 10.255642 10.255344 10.254771 10.253654 10.251510 10.247487 10.240119 10.226954 10.204009 10.165008 10.100371 9.995954 9.831627 9.579875 9.204868 8.662714 7.904066 6.880612 5.557014 3.928534 2.040681 0.000000 
50.000000 44.798481 39.766103 35.055517 30.789080 27.049784 23.877966 21.273650 19.203351 17.609583 16.421135 15.562479 14.961204 14.552998 14.284224 14.112533 14.006088 13.942016 13.904555 13.883275 13.871524 13.865213 13.861915 13.860237 13.859401 13.858986 13.858766 13.858610 13.858424 13.858099 13.857470 13.856236 13.853859 13.849381 13.841141 13.826339 13.800375 13.755914 13.681578 13.560241 13.366919 13.066392 12.610935 11.938983 10.976334 9.642622 7.867057 5.617367 2.940834 0.000000 
50.000000 45.430088 41.008774 36.870170 33.121773 29.836497 27.049784 24.761655 22.942697 21.542407 20.498223 19.743791 19.215494 18.856828 18.620670 18.469812 18.376282 18.319982 18.287066 18.268367 18.258041 18.252495 18.249597 18.248122 18.247386 18.247020 18.246822 18.246674 18.246488 18.246157 18.245508 18.244232 18.241764 18.237097 18.228471 18.212893 18.185404 18.137983 18.058002 17.926062 17.713135 17.376922 16.857589 16.073450 14.918249 13.263830 10.975878 7.955363 4.218284 0.000000 
50.000000 46.174685 42.473752 39.009460 35.871789 33.121773 30.789080 28.873731 27.351106 26.178933 25.304848 24.673309 24.231064 23.930817 23.733122 23.606832 23.528534 23.481402 23.453845 23.438190 23.429545 23.424902 23.422476 23.421240 23.420624 23.420315 23.420146 23.420015 23.419842 23.419528 23.418910 23.417689 23.415321 23.410828 23.402492 23.387366 23.360521 23.313894 23.234589 23.102409 22.886339 22.539634 21.993118 21.146458 19.857943 17.935895 15.141899 11.232228 6.089927 0.000000 
50.000000 47.024237 44.145230 41.450306 39.009460 36.870170 35.055517 33.565518 32.381023 31.469150 30.789166 30.297863 29.953818 29.720239 29.566439 29.468189 29.407274 29.370606 29.349167 29.336987 29.330261 29.326649 29.324761 29.323800 29.323319 29.323078 29.322944 29.322837 29.322690 29.322422 29.321890 29.320837 29.318790 29.314893 29.307639 29.294424 29.270853 29.229667 29.159088 29.040337 28.843868 28.523666 28.008504 27.188460 25.894292 23.867561 20.725153 15.948224 9.014153 0.000000 
50.000000 47.962220 45.990697 44.145230 42.473752 41.008774 39.766103 38.745750 37.934604 37.310148 36.844488 36.508037 36.272429 36.112469 36.007143 35.939858 35.898141 35.873030 35.858347 35.850006 35.845399 35.842926 35.841633 35.840974 35.840645 35.840479 35.840386 35.840309 35.840203 35.840006 35.839615 35.838839 35.837327 35.834443 35.829060 35.819223 35.801611 35.770689 35.717379 35.626987 35.475912 35.226323 34.817216 34.148735 33.053411 31.241524 28.197007 22.995349 14.106892 0.000000 
50.000000 48.964272 47.962220 47.024237 46.174685 45.430088 44.798481 44.279870 43.867591 43.550199 43.313518 43.142509 43.022755 42.941451 42.887916 42.853717 42.832513 42.819749 42.812286 42.808046 42.805705 42.804447 42.803790 42.803455 42.803288 42.803203 42.803156 42.803116 42.803060 42.802955 42.802748 42.802336 42.801531 42.799996 42.797125 42.791867 42.782431 42.765813 42.737050 42.688027 42.605523 42.467903 42.239189 41.857647 41.211805 40.084757 38.010084 33.855328 24.482136 0.000000 
50.000000 50.000000 50.000000 50.000000 50.000000 50.000000 50.000000 50.000000 50.000000 50.000000 50.000000 50.000000 50.000000 50.000000 50.000000 50.000000 50.000000 50.000000 50.000000 50.000000 50.000000 50.000000 50.000000 50.000000 50.000000 50.000000 50.000000 50.000000 50.000000 50.000000 50.000000 50.000000 50.000000 50.000000 50.000000 50.000000 50.000000 50.000000 50.000000 50.000000 50.000000 50.000000 50.000000 50.000000 50.000000 50.000000 50.000000 50.000000 50.000000 50.000000 
