50.000000 50.000000 50.000000 50.000000 50.000000 50.000000 50.000000 50.000000 50.000000 50.000000 50.000000 50.000000 50.000000 50.000000 50.000000 50.000000 50.000000 50.000000 50.000000 50.000000 50.000000 50.000000 50.000000 50.000000 50.000000 50.000000 50.000000 50.000000 50.000000 50.000000 50.000000 50.000000 50.000000 50.000000 50.000000 50.000000 50.000000 50.000000 50.000000 50.000000 50.000000 50.000000 50.000000 50.000000 50.000000 50.000000 50.000000 50.000000 50.000000 50.000000 
50.000000 48.904387 47.846455 46.860000 45.971715 45.199148 44.550067 44.023166 43.609807 43.296327 43.066443 42.903377 42.791452 42.717089 42.669244 42.639423 42.621409 42.610858 42.604863 42.601558 42.599789 42.598869 42.598404 42.598175 42.598064 42.598011 42.597981 42.597957 42.597919 42.597847 42.597698 42.597392 42.596777 42.595568 42.593248 42.588891 42.580880 42.566451 42.540947 42.496622 42.420680 42.291932 42.074827 41.707983 41.080141 39.974416 37.924162 33.796444 24.452194 0.000000 
50.000000 47.846455 45.766977 43.827995 42.081979 40.563422 39.287591 38.251920 37.439428 36.823257 36.371404 36.050888 35.830894 35.684729 35.590689 35.532075 35.496667 35.475929 35.464147 35.457651 35.454173 35.452365 35.451451 35.451001 35.450785 35.450680 35.450622 35.450574 35.450504 35.450368 35.450088 35.449513 35.448360 35.446098 35.441762 35.433635 35.418731 35.391967 35.344848 35.263381 35.124771 34.892035 34.504980 33.864421 32.803292 31.031909 28.033781 22.883488 14.050011 0.000000 
50.000000 46.860000 43.827995 41.000846 38.455058 36.240924 34.380702 32.870651 31.686011 30.787618 30.128808 29.661493 29.340742 29.127636 28.990527 28.905070 28.853448 28.823213 28.806035 28.796564 28.791495 28.788858 28.787526 28.786870 28.786555 28.786402 28.786319 28.786253 28.786157 28.785972 28.785593 28.784818 28.783264 28.780224 28.774411 28.763550 28.743707 28.708246 28.646189 28.539726 28.360418 28.063418 27.578617 26.797014 25.549927 23.578961 20.500423 15.794213 8.935838 0.000000 
50.000000 45.971715 42.081979 38.455058 35.189102 32.348630 29.962195 28.024997 26.505267 25.352762 24.507612 23.908125 23.496659 23.223285 23.047403 22.937780 22.871561 22.832777 22.810743 22.798595 22.792092 22.788710 22.787001 22.786160 22.785756 22.785561 22.785457 22.785376 22.785264 22.785050 22.784612 22.783720 22.781937 22.778457 22.771824 22.759482 22.737046 22.697189 22.627962 22.510315 22.314541 21.995277 21.484669 20.683473 19.450643 17.594551 14.876097 11.050070 5.997299 0.000000 
50.000000 45.199148 40.563422 36.240924 32.348630 28.963431 26.119358 23.810684 21.999545 20.626057 19.618867 18.904447 18.414101 18.088324 17.878730 17.748096 17.669187 17.622971 17.596715 17.582239 17.574491 17.570461 17.568425 17.567424 17.566942 17.566711 17.566590 17.566500 17.566381 17.566157 17.565702 17.564778 17.562936 17.559354 17.552554 17.539959 17.517194 17.477029 17.407847 17.291482 17.100305 16.793501 16.312651 15.577238 14.481716 12.897987 10.690997 7.760130 4.119007 0.000000 
50.000000 44.550067 39.287591 34.380702 29.962195 26.119358 22.890819 20.270073 18.214131 16.655010 15.511705 14.700745 14.144145 13.774354 13.536446 13.388168 13.298602 13.246146 13.216345 13.199915 13.191120 13.186547 13.184236 13.183100 13.182554 13.182294 13.182160 13.182066 13.181947 13.181731 13.181295 13.180411 13.178657 13.175258 13.168834 13.156997 13.135732 13.098487 13.034891 12.929043 12.757354 12.486077 12.068897 11.445409 10.542120 9.278722 7.583688 5.423170 2.842084 0.000000 
50.000000 44.023166 38.251920 32.870651 28.024997 23.810684 20.270073 17.396024 15.141389 13.431604 12.177830 11.288524 10.678159 10.272653 10.011772 9.849178 9.750966 9.693447 9.660770 9.642755 9.633112 9.628098 9.625565 9.624319 9.623722 9.623437 9.623295 9.623200 9.623089 9.622893 9.622501 9.621711 9.620149 9.617135 9.611465 9.601072 9.582520 9.550265 9.495669 9.405734 9.261633 9.037230 8.698012 8.201176 7.498034 6.540328 5.292034 3.746939 1.948339 0.000000 
50.000000 43.609807 37.439428 31.686011 26.505267 21.999545 18.214131 15.141389 12.730902 10.902945 9.562530 8.611779 7.959250 7.525738 7.246843 7.073025 6.968034 6.906546 6.871616 6.852358 6.842051 6.836691 6.833983 6.832652 6.832014 6.831712 6.831563 6.831471 6.831371 6.831203 6.830871 6.830205 6.828894 6.826373 6.821655 6.813054 6.797795 6.771461 6.727262 6.655166 6.540960 6.365451 6.104159 5.728054 5.206045 4.509990 3.622592 2.547393 1.317875 0.000000 
50.000000 43.296327 36.823257 30.787618 25.352762 20.626057 16.655010 13.431604 10.902945 8.985390 7.579288 6.581956 5.897465 5.442724 5.150176 4.967850 4.857723 4.793228 4.756590 4.736391 4.725580 4.719959 4.717119 4.715723 4.715054 4.714739 4.714587 4.714498 4.714412 4.714274 4.714006 4.713474 4.712429 4.710431 4.706706 4.699954 4.688048 4.667644 4.633672 4.578766 4.492695 4.361985 4.169971 3.897656 3.525752 3.038221 2.427200 1.698486 0.875646 0.000000 
50.000000 43.066443 36.371404 30.128808 24.507612 19.618867 15.511705 12.177830 9.562530 7.579288 6.125031 5.093554 4.385635 3.915335 3.612780 3.424222 3.310331 3.243632 3.205743 3.184855 3.173675 3.167862 3.164925 3.163482 3.162792 3.162467 3.162313 3.162228 3.162155 3.162046 3.161840 3.161434 3.160642 3.159132 3.156331 3.151279 3.142425 3.127350 3.102439 3.062515 3.000522 2.907364 2.772096 2.582661 2.327385 1.997297 1.589082 1.108023 0.569820 0.000000 
50.000000 42.903377 36.050888 29.661493 23.908125 18.904447 14.700745 11.288524 8.611779 6.581956 5.093554 4.037866 3.313338 2.832008 2.522361 2.329384 2.212826 2.144566 2.105790 2.084414 2.072972 2.067024 2.064019 2.062543 2.061836 2.061505 2.061350 2.061269 2.061207 2.061124 2.060973 2.060677 2.060102 2.059012 2.056998 2.053384 2.047084 2.036425 2.018933 1.991115 1.948284 1.884518 1.792855 1.665854 1.496600 1.280162 1.015304 0.706040 0.362430 0.000000 
50.000000 42.791452 35.830894 29.340742 23.496659 18.414101 14.144145 10.678159 7.959250 5.897465 4.385635 3.313338 2.577415 2.088520 1.774008 1.578001 1.459615 1.390284 1.350901 1.329190 1.317569 1.311528 1.308476 1.306977 1.306260 1.305925 1.305769 1.305692 1.305639 1.305578 1.305470 1.305263 1.304864 1.304108 1.302720 1.300240 1.295941 1.288708 1.276913 1.258285 1.229821 1.187790 1.127894 1.045658 0.937072 0.799470 0.632496 0.438926 0.225001 0.000000 
50.000000 42.717089 35.684729 29.127636 23.223285 18.088324 13.774354 10.272653 7.525738 5.442724 3.915335 2.832008 2.088520 1.594602 1.276861 1.078843 0.959242 0.889202 0.849415 0.827482 0.815743 0.809640 0.806556 0.805042 0.804318 0.803980 0.803825 0.803750 0.803705 0.803660 0.803586 0.803447 0.803180 0.802677 0.801758 0.800123 0.797301 0.792579 0.784924 0.772910 0.754676 0.727943 0.690134 0.638622 0.571130 0.486239 0.383928 0.265998 0.136208 0.000000 
50.000000 42.669244 35.590689 28.990527 23.047403 17.878730 13.536446 10.011772 7.246843 5.150176 3.612780 2.522361 1.774008 1.276861 0.957044 0.757734 0.637353 0.566856 0.526810 0.504734 0.492919 0.486776 0.483673 0.482149 0.481420 0.481081 0.480926 0.480853 0.480814 0.480780 0.480731 0.480640 0.480468 0.480147 0.479561 0.478522 0.476738 0.473768 0.468977 0.461501 0.450222 0.433789 0.410700 0.379449 0.338770 0.287921 0.226978 0.157054 0.080353 0.000000 
50.000000 42.639423 35.532075 28.905070 22.937780 17.748096 13.388169 9.849178 7.073025 4.967851 3.424222 2.329384 1.578001 1.078843 0.757734 0.557618 0.436752 0.365971 0.325764 0.303599 0.291736 0.285569 0.282454 0.280923 0.280192 0.279852 0.279696 0.279626 0.279590 0.279564 0.279532 0.279475 0.279368 0.279170 0.278809 0.278173 0.277085 0.275281 0.272386 0.267891 0.261144 0.251370 0.237713 0.219334 0.195542 0.165956 0.130658 0.090312 0.046175 0.000000 
50.000000 42.621409 35.496668 28.853448 22.871561 17.669187 13.298602 9.750966 6.968034 4.857724 3.310331 2.212826 1.459615 0.959242 0.637353 0.436752 0.315592 0.244640 0.204336 0.182118 0.170226 0.164044 0.160921 0.159387 0.158654 0.158313 0.158158 0.158089 0.158056 0.158035 0.158014 0.157979 0.157915 0.157796 0.157582 0.157206 0.156565 0.155506 0.153815 0.151199 0.147293 0.141661 0.133831 0.123345 0.109833 0.093105 0.073223 0.050569 0.025841 0.000000 
50.000000 42.610858 35.475929 28.823213 22.832778 17.622972 13.246146 9.693447 6.906547 4.793229 3.243633 2.144567 1.390285 0.889202 0.566856 0.365971 0.244640 0.173588 0.133227 0.110977 0.099069 0.092879 0.089751 0.088215 0.087481 0.087140 0.086985 0.086916 0.086885 0.086868 0.086853 0.086832 0.086795 0.086726 0.086604 0.086388 0.086023 0.085422 0.084465 0.082991 0.080800 0.077654 0.073298 0.067490 0.060036 0.050841 0.039949 0.027569 0.014081 0.000000 
50.000000 42.604863 35.464147 28.806036 22.810744 17.596716 13.216346 9.660771 6.871617 4.756591 3.205744 2.105791 1.350902 0.849416 0.526811 0.325765 0.204337 0.133228 0.092834 0.070567 0.058649 0.052454 0.049324 0.047787 0.047052 0.046711 0.046556 0.046487 0.046457 0.046442 0.046432 0.046419 0.046398 0.046360 0.046291 0.046172 0.045971 0.045640 0.045115 0.044311 0.043118 0.041413 0.039061 0.035936 0.031939 0.027025 0.021219 0.014635 0.007472 0.000000 
50.000000 42.601559 35.457652 28.796566 22.798596 17.582241 13.199917 9.642758 6.852361 4.736394 3.184858 2.084417 1.329193 0.827485 0.504737 0.303602 0.182121 0.110980 0.070569 0.048292 0.036369 0.030171 0.027040 0.025502 0.024767 0.024426 0.024271 0.024202 0.024173 0.024159 0.024151 0.024143 0.024131 0.024111 0.024074 0.024010 0.023902 0.023726 0.023447 0.023021 0.022391 0.021493 0.020259 0.018625 0.016541 0.013986 0.010974 0.007565 0.003861 0.000000 
50.000000 42.599790 35.454176 28.791498 22.792096 17.574496 13.191126 9.633119 6.842058 4.725587 3.173683 2.072980 1.317577 0.815751 0.492927 0.291744 0.170234 0.099077 0.058656 0.036374 0.024449 0.018249 0.015117 0.013579 0.012844 0.012502 0.012348 0.012279 0.012250 0.012237 0.012230 0.012225 0.012219 0.012208 0.012188 0.012155 0.012099 0.012008 0.011864 0.011644 0.011321 0.010862 0.010233 0.009401 0.008344 0.007051 0.005529 0.003810 0.001944 0.000000 
50.000000 42.598872 35.452371 28.788867 22.788722 17.570475 13.186563 9.628115 6.836709 4.719978 3.167882 2.067044 1.311548 0.809660 0.486797 0.285590 0.164065 0.092899 0.052473 0.030188 0.018261 0.012061 0.008929 0.007390 0.006655 0.006314 0.006159 0.006091 0.006061 0.006049 0.006043 0.006039 0.006036 0.006030 0.006020 0.006003 0.005975 0.005929 0.005857 0.005747 0.005585 0.005356 0.005043 0.004631 0.004108 0.003469 0.002719 0.001873 0.000956 0.000000 
50.000000 42.598411 35.451466 28.787548 22.787029 17.568459 13.184274 9.625606 6.834027 4.717165 3.164973 2.064067 1.308525 0.806606 0.483723 0.282503 0.160971 0.089801 0.049373 0.027086 0.015159 0.008958 0.005825 0.004287 0.003552 0.003210 0.003056 0.002987 0.002958 0.002945 0.002940 0.002937 0.002935 0.002932 0.002927 0.002919 0.002905 0.002882 0.002846 0.002792 0.002713 0.002600 0.002447 0.002246 0.001991 0.001681 0.001317 0.000907 0.000463 0.000000 
50.000000 42.598193 35.451037 28.786923 22.786227 17.567503 13.183190 9.624417 6.832756 4.715832 3.163594 2.062657 1.307092 0.805158 0.482266 0.281041 0.159505 0.088333 0.047903 0.025617 0.013689 0.007488 0.004355 0.002816 0.002081 0.001740 0.001585 0.001517 0.001488 0.001475 0.001470 0.001468 0.001466 0.001464 0.001462 0.001457 0.001450 0.001439 0.001421 0.001393 0.001353 0.001297 0.001220 0.001119 0.000992 0.000837 0.000655 0.000451 0.000230 0.000000 
50.000000 42.598107 35.450868 28.786676 22.785911 17.567126 13.182761 9.623948 6.832254 4.715305 3.163050 2.062100 1.306527 0.804587 0.481691 0.280464 0.158926 0.087753 0.047324 0.025036 0.013108 0.006907 0.003775 0.002236 0.001501 0.001159 0.001005 0.000937 0.000907 0.000895 0.000890 0.000888 0.000886 0.000885 0.000883 0.000881 0.000876 0.000869 0.000858 0.000842 0.000817 0.000783 0.000736 0.000675 0.000598 0.000504 0.000395 0.000272 0.000139 0.000000 
50.000000 42.598107 35.450868 28.786676 22.785911 17.567126 13.182761 9.623948 6.832254 4.715305 3.163050 2.062100 1.306527 0.804587 0.481691 0.280464 0.158926 0.087753 0.047324 0.025036 0.013108 0.006907 0.003775 0.002236 0.001501 0.001159 0.001005 0.000937 0.000907 0.000895 0.000890 0.000888 0.000886 0.000885 0.000883 0.000881 0.000876 0.000869 0.000858 0.000842 0.000817 0.000783 0.000736 0.000675 0.000598 0.000504 0.000395 0.000272 0.000139 0.000000 
50.000000 42.598193 35.451037 28.786923 22.786227 17.567503 13.183190 9.624417 6.832756 4.715832 3.163594 2.062657 1.307092 0.805158 0.482266 0.281041 0.159505 0.088333 0.047903 0.025617 0.013689 0.007488 0.004355 0.002816 0.002081 0.001740 0.001585 0.001517 0.001488 0.001475 0.001470 0.001468 0.001466 0.001464 0.001462 0.001457 0.001450 0.001439 0.001421 0.001393 0.001353 0.001297 0.001220 0.001119 0.000992 0.000837 0.000655 0.000451 0.000230 0.000000 
50.000000 42.598411 35.451466 28.787548 22.787029 17.568459 13.184274 9.625606 6.834027 4.717165 3.164973 2.064067 1.308525 0.806606 0.483723 0.282503 0.160971 0.089801 0.049373 0.027086 0.015159 0.008958 0.005825 0.004287 0.003552 0.003210 0.003056 0.002987 0.002958 0.002945 0.002940 0.002937 0.002935 0.002932 0.002927 0.002919 0.002905 0.002882 0.002846 0.002792 0.002713 0.002600 0.002447 0.002246 0.001991 0.001681 0.001317 0.000907 0.000463 0.000000 
50.000000 42.598872 35.452371 28.788867 22.788722 17.570475 13.186563 9.628115 6.836709 4.719978 3.167882 2.067044 1.311548 0.809660 0.486797 0.285590 0.164065 0.092899 0.052473 0.030188 0.018261 0.012061 0.008929 0.007390 0.006655 0.006314 0.006159 0.006091 0.006061 0.006049 0.006043 0.006039 0.006036 0.006030 0.006020 0.006003 0.005975 0.005929 0.005857 0.005747 0.005585 0.005356 0.005043 0.004631 0.004108 0.003469 0.002719 0.001873 0.000956 0.000000 
50.000000 42.599790 35.454176 28.791498 22.792096 17.574496 13.191126 9.633119 6.842058 4.725587 3.173683 2.072980 1.317577 0.815751 0.492927 0.291744 0.170234 0.099077 0.058656 0.036374 0.024449 0.018249 0.015117 0.013579 0.012844 0.012502 0.012348 0.012279 0.012250 0.012237 0.012230 0.012225 0.012219 0.012208 0.012188 0.012155 0.012099 0.012008 0.011864 0.011644 0.011321 0.010862 0.010233 0.009401 0.008344 0.007051 0.005529 0.003810 0.001944 0.000000 
50.000000 42.601559 35.457652 28.796566 22.798596 17.582241 13.199917 9.642758 6.852361 4.736394 3.184858 2.084417 1.329193 0.827485 0.504737 0.303602 0.182121 0.110980 0.070569 0.048292 0.036369 0.030171 0.027040 0.025502 0.024767 0.024426 0.024271 0.024202 0.024173 0.024159 0.024151 0.024143 0.024131 0.024111 0.024074 0.024010 0.023902 0.023726 0.023447 0.023021 0.022391 0.021493 0.020259 0.018625 0.016541 0.013986 0.010974 0.007565 0.003861 0.000000 
50.000000 42.604863 35.464147 28.806036 22.810744 17.596716 13.216346 9.660771 6.871617 4.756591 3.205744 2.105791 1.350902 0.849416 0.526811 0.325765 0.204337 0.133228 0.092834 0.070567 0.058649 0.052454 0.049324 0.047787 0.047052 0.046711 0.046556 0.046487 0.046457 0.046442 0.046432 0.046419 0.046398 0.046360 0.046291 0.046172 0.045971 0.045640 0.045115 0.044311 0.043118 0.041413 0.039061 0.035936 0.031939 0.027025 0.021219 0.014635 0.007472 0.000000 
50.000000 42.610858 35.475929 28.823213 22.832778 17.622972 13.246146 9.693447 6.906547 4.793229 3.243633 2.144567 1.390285 0.889202 0.566856 0.365971 0.244640 0.173588 0.133227 0.110977 0.099069 0.092879 0.089751 0.088215 0.087481 0.087140 0.086985 0.086916 0.086885 0.086868 0.086853 0.086832 0.086795 0.086726 0.086604 0.086388 0.086023 0.085422 0.084465 0.082991 0.080800 0.077654 0.073298 0.067490 0.060036 0.050841 0.039949 0.027569 0.014081 0.000000 
50.000000 42.621409 35.496668 28.853448 22.871561 17.669187 13.298602 9.750966 6.968034 4.857724 3.310331 2.212826 1.459615 0.959242 0.637353 0.436752 0.315592 0.244640 0.204336 0.182118 0.170226 0.164044 0.160921 0.159387 0.158654 0.158313 0.158158 0.158089 0.158056 0.158035 0.158014 0.157979 0.157915 0.157796 0.157582 0.157206 0.156565 0.155506 0.153815 0.151199 0.147293 0.141661 0.133831 0.123345 0.109833 0.093105 0.073223 0.050569 0.025841 0.000000 
50.000000 42.639423 35.532075 28.905070 22.937780 17.748096 13.388169 9.849178 7.073025 4.967851 3.424222 2.329384 1.578001 1.078843 0.757734 0.557618 0.436752 0.365971 0.325764 0.303599 0.291736 0.285569 0.282454 0.280923 0.280192 0.279852 0.279696 0.279626 0.279590 0.279564 0.279532 0.279475 0.279368 0.279170 0.278809 0.278173 0.277085 0.275281 0.272386 0.267891 0.261144 0.251370 0.237713 0.219334 0.195542 0.165956 0.130658 0.090312 0.046175 0.000000 
50.000000 42.669244 35.590689 28.990527 23.047403 17.878730 13.536446 10.011772 7.246843 5.150176 3.612780 2.522361 1.774008 1.276861 0.957044 0.757734 0.637353 0.566856 0.526810 0.504734 0.492919 0.486776 0.483673 0.482149 0.481420 0.481081 0.480926 0.480853 0.480814 0.480780 0.480731 0.480640 0.480468 0.480147 0.479561 0.478522 0.476738 0.473768 0.468977 0.461501 0.450222 0.433789 0.410700 0.379449 0.338770 0.287921 0.226978 0.157054 0.080353 0.000000 
50.000000 42.717089 35.684729 29.127636 23.223285 18.088324 13.774354 10.272653 7.525738 5.442724 3.915335 2.832008 2.088520 1.594602 1.276861 1.078843 0.959242 0.889202 0.849415 0.827482 0.815743 0.809640 0.806556 0.805042 0.804318 0.803980 0.803825 0.803750 0.803705 0.803660 0.803586 0.803447 0.803180 0.802677 0.801758 0.800123 0.797301 0.792579 0.784924 0.772910 0.754676 0.727943 0.690134 0.638622 0.571130 0.486239 0.383928 0.265998 0.136208 0.000000 
50.000000 42.791452 35.830894 29.340742 23.496659 18.414101 14.144145 10.678159 7.959250 5.897465 4.385635 3.313338 2.577415 2.088520 1.774008 1.578001 1.459615 1.390284 1.350901 1.329190 1.317569 1.311528 1.308476 1.306977 1.306260 1.305925 1.305769 1.305692 1.305639 1.305578 1.305470 1.305263 1.304864 1.304108 1.302720 1.300240 1.295941 1.288708 1.276913 1.258285 1.229821 1.187790 1.127894 1.045658 0.937072 0.799470 0.632496 0.438926 0.225001 0.000000 
50.000000 42.903377 36.050888 29.661493 23.908125 18.904447 14.700745 11.288524 8.611779 6.581956 5.093554 4.037866 3.313338 2.832008 2.522361 2.329384 2.212826 2.144566 2.105790 2.084414 2.072972 2.067024 2.064019 2.062543 2.061836 2.061505 2.061350 2.061269 2.061207 2.061124 2.060973 2.060677 2.060102 2.059012 2.056998 2.053384 2.047084 2.036425 2.018933 1.991115 1.948284 1.884518 1.792855 1.665854 1.496600 1.280162 1.015304 0.706040 0.362430 0.000000 
50.000000 43.066443 36.371404 30.128808 24.507612 19.618867 15.511705 12.177830 9.562530 7.579288 6.125031 5.093554 4.385635 3.915335 3.612780 3.424222 3.310331 3.243632 3.205743 3.184855 3.173675 3.167862 3.164925 3.163482 3.162792 3.162467 3.162313 3.162228 3.162155 3.162046 3.161840 3.161434 3.160642 3.159132 3.156331 3.151279 3.142425 3.127350 3.102439 3.062515 3.000522 2.907364 2.772096 2.582661 2.327385 1.997297 1.589082 1.108023 0.569820 0.000000 
50.000000 43.296327 36.823257 30.787618 25.352762 20.626057 16.655010 13.431604 10.902945 8.985390 7.579288 6.581956 5.897465 5.442724 5.150176 4.967850 4.857723 4.793228 4.756590 4.736391 4.725580 4.719959 4.717119 4.715723 4.715054 4.714739 4.714587 4.714498 4.714412 4.714274 4.714006 4.713474 4.712429 4.710431 4.706706 4.699954 4.688048 4.667644 4.633672 4.578766 4.492695 4.361985 4.169971 3.897656 3.525752 3.038221 2.427200 1.698486 0.875646 0.000000 
50.000000 43.609807 37.439428 31.686011 26.505267 21.999545 18.214131 15.141389 12.730902 10.902945 9.562530 8.611779 7.959250 7.525738 7.246843 7.073025 6.968034 6.906546 6.871616 6.852358 6.842051 6.836691 6.833983 6.832652 6.832014 6.831712 6.831563 6.831471 6.831371 6.831203 6.830871 6.830205 6.828894 6.826373 6.821655 6.813054 6.797795 6.771461 6.727262 6.655166 6.540960 6.365451 6.104159 5.728054 5.206045 4.509990 3.622592 2.547393 1.317875 0.000000 
50.000000 44.023166 38.251920 32.870651 28.024997 23.810684 20.270073 17.396024 15.141389 13.431604 12.177830 11.288524 10.678159 10.272653 10.011772 9.849178 9.750966 9.693447 9.660770 9.642755 9.633112 9.628098 9.625565 9.624319 9.623722 9.623437 9.623295 9.623200 9.623089 9.622893 9.622501 9.621711 9.620149 9.617135 9.611465 9.601072 9.582520 9.550265 9.495669 9.405734 9.261633 9.037230 8.698012 8.201176 7.498034 6.540328 5.292034 3.746939 1.948339 0.000000 
50.000000 44.550067 39.287591 34.380702 29.962195 26.119358 22.890819 20.270073 18.214131 16.655010 15.511705 14.700745 14.144145 13.774354 13.536446 13.388168 13.298602 13.246146 13.216345 13.199915 13.191120 13.186547 13.184236 13.183100 13.182554 13.182294 13.182160 13.182066 13.181947 13.181731 13.181295 13.180411 13.178657 13.175258 13.168834 13.156997 13.135732 13.098487 13.034891 12.929043 12.757354 12.486077 12.068897 11.445409 10.542120 9.278722 7.583688 5.423170 2.842084 0.000000 
50.000000 45.199148 40.563422 36.240924 32.348630 28.963431 26.119358 23.810684 21.999545 20.626057 19.618867 18.904447 18.414101 18.088324 17.878730 17.748096 17.669187 17.622971 17.596715 17.582239 17.574491 17.570461 17.568425 17.567424 17.566942 17.566711 17.566590 17.566500 17.566381 17.566157 17.565702 17.564778 17.562936 17.559354 17.552554 17.539959 17.517194 17.477029 17.407847 17.291482 17.100305 16.793501 16.312651 15.577238 14.481716 12.897987 10.690997 7.760130 4.119007 0.000000 
50.000000 45.971715 42.081979 38.455058 35.189102 32.348630 29.962195 28.024997 26.505267 25.352762 24.507612 23.908125 23.496659 23.223285 23.047403 22.937780 22.871561 22.832777 22.810743 22.798595 22.792092 22.788710 22.787001 22.786160 22.785756 22.785561 22.785457 22.785376 22.785264 22.785050 22.784612 22.783720 22.781937 22.778457 22.771824 22.759482 22.737046 22.697189 22.627962 22.510315 22.314541 21.995277 21.484669 20.683473 19.450643 17.594551 14.876097 11.050070 5.997299 0.000000 
50.000000 46.860000 43.827995 41.000846 38.455058 36.240924 34.380702 32.870651 31.686011 30.787618 30.128808 29.661493 29.340742 29.127636 28.990527 28.905070 28.853448 28.823213 28.806035 28.796564 28.791495 28.788858 28.787526 28.786870 28.786555 28.786402 28.786319 28.786253 28.786157 28.785972 28.785593 28.784818 28.783264 28.780224 28.774411 28.763550 28.743707 28.708246 28.646189 28.539726 28.360418 28.063418 27.578617 26.797014 25.549927 23.578961 20.500423 15.794213 8.935838 0.000000 
50.000000 47.846455 45.766977 43.827995 42.081979 40.563422 39.287591 38.251920 37.439428 36.823257 36.371404 36.050888 35.830894 35.684729 35.590689 35.532075 35.496667 35.475929 35.464147 35.457651 35.454173 35.452365 35.451451 35.451001 35.450785 35.450680 35.450622 35.450574 35.450504 35.450368 35.450088 35.449513 35.448360 35.446098 35.441762 35.433635 35.418731 35.391967 35.344848 35.263381 35.124771 34.892035 34.504980 33.864421 32.803292 31.031909 28.033781 22.883488 14.050011 0.000000 
50.000000 48.904387 47.846455 46.860000 45.971715 45.199148 44.550067 44.023166 43.609807 43.296327 43.066443 42.903377 42.791452 42.717089 42.669244 42.639423 42.621409 42.610858 42.604863 42.601558 42.599789 42.598869 42.598404 42.598175 42.598064 42.598011 42.597981 42.597957 42.597919 42.597847 42.597698 42.597392 42.596777 42.595568 42.593248 42.588891 42.580880 42.566451 42.540947 42.496622 42.420680 42.291932 42.074827 41.707983 41.080141 39.974416 37.924162 33.796444 24.452194 0.000000 
50.000000 50.000000 50.000000 50.000000 50.000000 50.000000 50.000000 50.000000 50.000000 50.000000 50.000000 50.000000 50.000000 50.000000 50.000000 50.000000 50.000000 50.000000 50.000000 50.000000 50.000000 50.000000 50.000000 50.000000 50.000000 50.000000 50.000000 50.000000 50.000000 50.000000 50.000000 50.000000 50.000000 50.000000 50.000000 50.000000 50.000000 50.000000 50.000000 50.000000 50.000000 50.000000 50.000000 50.000000 50.000000 50.000000 50.000000 50.000000 50.000000 50.000000 
