50.000000 50.000000 50.000000 50.000000 50.000000 50.000000 50.000000 50.000000 50.000000 50.000000 50.000000 50.000000 50.000000 50.000000 50.000000 50.000000 50.000000 50.000000 50.000000 50.000000 50.000000 50.000000 50.000000 50.000000 50.000000 50.000000 50.000000 50.000000 50.000000 50.000000 50.000000 50.000000 50.000000 50.000000 50.000000 50.000000 50.000000 50.000000 50.000000 50.000000 50.000000 50.000000 50.000000 50.000000 50.000000 50.000000 50.000000 50.000000 50.000000 50.000000 
50.000000 48.334751 46.756506 45.338652 44.130885 43.154949 42.406441 41.861176 41.483603 41.234859 41.078806 40.985480 40.932224 40.903193 40.888060 40.880509 40.876898 40.875241 40.874511 40.874202 40.874076 40.874027 40.874008 40.874001 40.873999 40.873998 40.873998 40.873997 40.873996 40.873993 40.873986 40.873965 40.873912 40.873777 40.873450 40.872679 40.870919 40.867032 40.858711 40.841424 40.806501 40.737685 40.604815 40.351741 39.871405 38.949099 37.117418 33.239142 24.167376 0.000000 
50.000000 46.756506 43.682480 40.920861 38.568451 36.667597 35.209721 34.147711 33.412324 32.927857 32.623923 32.442163 32.338441 32.281903 32.252431 32.237725 32.230693 32.227467 32.226046 32.225444 32.225198 32.225102 32.225066 32.225052 32.225048 32.225046 32.225045 32.225045 32.225043 32.225038 32.225024 32.224986 32.224889 32.224645 32.224052 32.222657 32.219482 32.212492 32.197589 32.166795 32.105033 31.984540 31.755196 31.327583 30.542479 29.114256 26.524988 21.841240 13.517365 0.000000 
50.000000 45.338652 40.920861 36.952062 33.571372 30.839647 28.744551 27.218370 26.161585 25.465397 25.028645 24.767462 24.618422 24.537182 24.494836 24.473706 24.463602 24.458967 24.456925 24.456060 24.455708 24.455569 24.455517 24.455498 24.455491 24.455489 24.455488 24.455487 24.455485 24.455478 24.455460 24.455412 24.455288 24.454976 24.454220 24.452447 24.448430 24.439628 24.420976 24.382740 24.306838 24.160786 23.887970 23.392465 22.516074 21.005812 18.476031 14.395873 8.221234 0.000000 
50.000000 44.130885 38.568451 33.571372 29.314814 25.875395 23.237573 21.316074 19.985581 19.109101 18.559256 18.230451 18.042829 17.940562 17.887257 17.860659 17.847941 17.842108 17.839538 17.838449 17.838006 17.837832 17.837766 17.837742 17.837733 17.837730 17.837729 17.837728 17.837725 17.837718 17.837699 17.837648 17.837515 17.837182 17.836377 17.834499 17.830264 17.821039 17.801638 17.762238 17.684958 17.538531 17.270477 16.796425 15.987238 14.657407 12.565561 9.454195 5.181786 0.000000 
50.000000 43.154949 36.667597 30.839647 25.875395 21.864194 18.787899 16.547043 14.995455 13.973350 13.332168 12.948756 12.729981 12.610737 12.548585 12.517575 12.502748 12.495946 12.492951 12.491682 12.491165 12.490962 12.490885 12.490857 12.490847 12.490844 12.490842 12.490841 12.490839 12.490832 12.490814 12.490765 12.490639 12.490326 12.489571 12.487817 12.483882 12.475370 12.457615 12.421918 12.352770 12.223782 11.992247 11.592825 10.932097 9.888157 8.323573 6.125118 3.283544 0.000000 
50.000000 42.406441 35.209721 28.744551 23.237573 18.787899 15.375388 12.889672 11.168581 10.034845 9.323655 8.898394 8.655747 8.523497 8.454569 8.420179 8.403736 8.396194 8.392872 8.391466 8.390893 8.390668 8.390582 8.390551 8.390540 8.390537 8.390535 8.390534 8.390532 8.390526 8.390510 8.390468 8.390361 8.390093 8.389452 8.387969 8.384663 8.377560 8.362867 8.333624 8.277667 8.174831 7.993562 7.687694 7.195074 6.441148 5.352086 3.882138 2.054700 0.000000 
50.000000 41.861176 34.147711 27.218370 21.316074 16.547043 12.889672 10.225649 8.381138 7.166133 6.403984 5.948264 5.688247 5.546534 5.472677 5.435829 5.418212 5.410131 5.406572 5.405065 5.404451 5.404210 5.404119 5.404086 5.404074 5.404070 5.404069 5.404068 5.404066 5.404061 5.404049 5.404016 5.403931 5.403721 5.403221 5.402069 5.399517 5.394072 5.382901 5.360884 5.319238 5.243746 5.112824 4.896110 4.554797 4.045597 3.330401 2.392515 1.256360 0.000000 
50.000000 41.483603 33.412324 26.161585 19.985581 14.995455 11.168581 8.381138 6.451214 5.179972 4.382567 3.905778 3.633748 3.485492 3.408227 3.369680 3.351251 3.342799 3.339076 3.337500 3.336858 3.336606 3.336511 3.336476 3.336464 3.336459 3.336458 3.336457 3.336456 3.336452 3.336443 3.336419 3.336357 3.336205 3.335842 3.335013 3.333185 3.329311 3.321426 3.306027 3.277207 3.225607 3.137393 2.993749 2.771673 2.447050 2.000799 1.427784 0.745919 0.000000 
50.000000 41.234859 32.927857 25.465397 19.109101 13.973350 10.034845 7.166133 5.179972 3.871712 3.051102 2.560450 2.280516 2.127956 2.048451 2.008788 1.989825 1.981129 1.977299 1.975677 1.975016 1.974757 1.974659 1.974623 1.974610 1.974606 1.974605 1.974604 1.974603 1.974601 1.974594 1.974578 1.974536 1.974432 1.974187 1.973629 1.972405 1.969829 1.964624 1.954542 1.935856 1.902765 1.846895 1.757177 1.620580 1.424143 1.158559 0.822824 0.428359 0.000000 
50.000000 41.078806 32.623923 25.028645 18.559256 13.332168 9.323655 6.403984 4.382567 3.051102 2.215951 1.716613 1.431728 1.276473 1.195565 1.155203 1.135907 1.127057 1.123160 1.121510 1.120838 1.120574 1.120474 1.120437 1.120425 1.120420 1.120419 1.120418 1.120417 1.120416 1.120412 1.120401 1.120374 1.120308 1.120153 1.119800 1.119030 1.117420 1.114188 1.107976 1.096560 1.076540 1.043100 0.990032 0.910250 0.797018 0.645905 0.457127 0.237382 0.000000 
50.000000 40.985480 32.442163 24.767462 18.230451 12.948756 8.898394 5.948264 3.905778 2.560450 1.716613 1.212087 0.924247 0.767383 0.685638 0.644859 0.625364 0.616423 0.612486 0.610819 0.610140 0.609873 0.609772 0.609735 0.609722 0.609718 0.609717 0.609716 0.609715 0.609715 0.609712 0.609706 0.609689 0.609650 0.609556 0.609346 0.608890 0.607939 0.606043 0.602425 0.595827 0.584352 0.565363 0.535527 0.491141 0.428813 0.346486 0.244573 0.126770 0.000000 
50.000000 40.932224 32.338441 24.618422 18.042829 12.729981 8.655747 5.688247 3.633748 2.280516 1.431728 0.924247 0.634723 0.476944 0.394722 0.353705 0.334097 0.325105 0.321145 0.319468 0.318785 0.318517 0.318415 0.318378 0.318365 0.318361 0.318359 0.318359 0.318358 0.318358 0.318357 0.318353 0.318344 0.318321 0.318268 0.318149 0.317893 0.317362 0.316308 0.314308 0.310687 0.304437 0.294175 0.278188 0.254611 0.221790 0.178794 0.125949 0.065192 0.000000 
50.000000 40.903193 32.281903 24.537182 17.940562 12.610737 8.523497 5.546534 3.485492 2.127956 1.276473 0.767383 0.476944 0.318666 0.236185 0.195039 0.175370 0.166349 0.162377 0.160695 0.160010 0.159741 0.159639 0.159602 0.159589 0.159584 0.159583 0.159582 0.159582 0.159582 0.159581 0.159579 0.159574 0.159562 0.159533 0.159470 0.159333 0.159051 0.158494 0.157443 0.155551 0.152307 0.147017 0.138834 0.126855 0.110298 0.088752 0.062421 0.032274 0.000000 
50.000000 40.888060 32.252431 24.494836 17.887257 12.548585 8.454569 5.472677 3.408227 2.048451 1.195565 0.685638 0.394722 0.236185 0.153569 0.112357 0.092655 0.083620 0.079641 0.077956 0.077270 0.077001 0.076899 0.076862 0.076849 0.076844 0.076843 0.076842 0.076842 0.076842 0.076841 0.076840 0.076838 0.076832 0.076817 0.076785 0.076715 0.076572 0.076292 0.075765 0.074822 0.073214 0.070607 0.066600 0.060769 0.052757 0.042388 0.029775 0.015381 0.000000 
50.000000 40.880509 32.237725 24.473706 17.860659 12.517575 8.420179 5.435829 3.369680 2.008788 1.155203 0.644859 0.353705 0.195039 0.112357 0.071111 0.051393 0.042351 0.038369 0.036683 0.035996 0.035727 0.035625 0.035587 0.035574 0.035570 0.035568 0.035568 0.035568 0.035568 0.035567 0.035567 0.035566 0.035563 0.035555 0.035540 0.035506 0.035437 0.035302 0.035050 0.034601 0.033838 0.032608 0.030727 0.028004 0.024282 0.019486 0.013673 0.007059 0.000000 
50.000000 40.876898 32.230693 24.463602 17.847941 12.502748 8.403736 5.418212 3.351251 1.989825 1.135907 0.625364 0.334097 0.175370 0.092655 0.051393 0.031668 0.022623 0.018639 0.016952 0.016265 0.015996 0.015894 0.015856 0.015843 0.015839 0.015837 0.015837 0.015837 0.015837 0.015837 0.015836 0.015836 0.015834 0.015831 0.015824 0.015808 0.015776 0.015714 0.015599 0.015393 0.015047 0.014490 0.013643 0.012422 0.010760 0.008626 0.006048 0.003120 0.000000 
50.000000 40.875241 32.227467 24.458967 17.842108 12.495946 8.396194 5.410131 3.342799 1.981129 1.127057 0.616423 0.325105 0.166349 0.083620 0.042351 0.022623 0.013575 0.009591 0.007904 0.007217 0.006947 0.006845 0.006808 0.006795 0.006790 0.006789 0.006788 0.006788 0.006788 0.006788 0.006788 0.006788 0.006787 0.006786 0.006782 0.006775 0.006761 0.006734 0.006683 0.006593 0.006442 0.006200 0.005834 0.005307 0.004593 0.003679 0.002578 0.001329 0.000000 
50.000000 40.874511 32.226046 24.456925 17.839538 12.492951 8.392872 5.406572 3.339076 1.977299 1.123160 0.612486 0.321145 0.162377 0.079641 0.038369 0.018639 0.009591 0.005606 0.003919 0.003232 0.002962 0.002860 0.002823 0.002810 0.002805 0.002804 0.002803 0.002803 0.002803 0.002803 0.002803 0.002803 0.002803 0.002802 0.002801 0.002798 0.002792 0.002780 0.002759 0.002721 0.002658 0.002557 0.002404 0.002185 0.001890 0.001513 0.001059 0.000546 0.000000 
50.000000 40.874202 32.225444 24.456060 17.838449 12.491682 8.391466 5.405065 3.337500 1.975677 1.121510 0.610819 0.319468 0.160695 0.077956 0.036683 0.016952 0.007904 0.003919 0.002232 0.001545 0.001275 0.001173 0.001136 0.001123 0.001118 0.001117 0.001116 0.001116 0.001116 0.001116 0.001116 0.001116 0.001116 0.001116 0.001115 0.001114 0.001111 0.001107 0.001098 0.001083 0.001057 0.001017 0.000955 0.000868 0.000750 0.000600 0.000420 0.000216 0.000000 
50.000000 40.874076 32.225198 24.455708 17.838006 12.491165 8.390893 5.404451 3.336858 1.975016 1.120838 0.610140 0.318785 0.160010 0.077270 0.035996 0.016265 0.007217 0.003232 0.001545 0.000857 0.000588 0.000486 0.000449 0.000435 0.000431 0.000429 0.000429 0.000429 0.000429 0.000429 0.000429 0.000429 0.000429 0.000429 0.000428 0.000428 0.000427 0.000425 0.000422 0.000416 0.000406 0.000390 0.000366 0.000333 0.000287 0.000230 0.000161 0.000083 0.000000 
50.000000 40.874027 32.225102 24.455570 17.837832 12.490962 8.390668 5.404210 3.336606 1.974757 1.120574 0.609873 0.318517 0.159741 0.077001 0.035727 0.015996 0.006947 0.002962 0.001275 0.000588 0.000318 0.000216 0.000179 0.000166 0.000161 0.000160 0.000159 0.000159 0.000159 0.000159 0.000159 0.000159 0.000159 0.000159 0.000159 0.000159 0.000158 0.000158 0.000156 0.000154 0.000150 0.000145 0.000136 0.000123 0.000106 0.000085 0.000059 0.000031 0.000000 
50.000000 40.874008 32.225066 24.455517 17.837766 12.490885 8.390583 5.404119 3.336511 1.974659 1.120474 0.609772 0.318416 0.159639 0.076899 0.035625 0.015894 0.006845 0.002860 0.001173 0.000486 0.000216 0.000114 0.000077 0.000064 0.000059 0.000058 0.000057 0.000057 0.000057 0.000057 0.000057 0.000057 0.000057 0.000057 0.000057 0.000057 0.000057 0.000057 0.000056 0.000055 0.000054 0.000052 0.000049 0.000044 0.000038 0.000031 0.000021 0.000011 0.000000 
50.000000 40.874001 32.225053 24.455498 17.837742 12.490858 8.390552 5.404086 3.336476 1.974624 1.120438 0.609736 0.318379 0.159603 0.076863 0.035588 0.015857 0.006809 0.002824 0.001136 0.000449 0.000179 0.000077 0.000040 0.000027 0.000023 0.000021 0.000021 0.000021 0.000020 0.000020 0.000020 0.000020 0.000020 0.000020 0.000020 0.000020 0.000020 0.000020 0.000020 0.000020 0.000019 0.000019 0.000017 0.000016 0.000014 0.000011 0.000008 0.000004 0.000000 
50.000000 40.873999 32.225048 24.455492 17.837735 12.490849 8.390542 5.404076 3.336466 1.974612 1.120427 0.609725 0.318367 0.159591 0.076851 0.035576 0.015845 0.006797 0.002812 0.001125 0.000438 0.000168 0.000066 0.000029 0.000015 0.000011 0.000009 0.000009 0.000009 0.000009 0.000009 0.000009 0.000009 0.000009 0.000009 0.000009 0.000009 0.000009 0.000009 0.000009 0.000009 0.000008 0.000008 0.000007 0.000007 0.000006 0.000005 0.000003 0.000002 0.000000 
50.000000 40.873999 32.225048 24.455492 17.837735 12.490849 8.390542 5.404076 3.336466 1.974612 1.120427 0.609725 0.318367 0.159591 0.076851 0.035576 0.015845 0.006797 0.002812 0.001125 0.000438 0.000168 0.000066 0.000029 0.000015 0.000011 0.000009 0.000009 0.000009 0.000009 0.000009 0.000009 0.000009 0.000009 0.000009 0.000009 0.000009 0.000009 0.000009 0.000009 0.000009 0.000008 0.000008 0.000007 0.000007 0.000006 0.000005 0.000003 0.000002 0.000000 
50.000000 40.874001 32.225053 24.455498 17.837742 12.490858 8.390552 5.404086 3.336476 1.974624 1.120438 0.609736 0.318379 0.159603 0.076863 0.035588 0.015857 0.006809 0.002824 0.001136 0.000449 0.000179 0.000077 0.000040 0.000027 0.000023 0.000021 0.000021 0.000021 0.000020 0.000020 0.000020 0.000020 0.000020 0.000020 0.000020 0.000020 0.000020 0.000020 0.000020 0.000020 0.000019 0.000019 0.000017 0.000016 0.000014 0.000011 0.000008 0.000004 0.000000 
50.000000 40.874008 32.225066 24.455517 17.837766 12.490885 8.390583 5.404119 3.336511 1.974659 1.120474 0.609772 0.318416 0.159639 0.076899 0.035625 0.015894 0.006845 0.002860 0.001173 0.000486 0.000216 0.000114 0.000077 0.000064 0.000059 0.000058 0.000057 0.000057 0.000057 0.000057 0.000057 0.000057 0.000057 0.000057 0.000057 0.000057 0.000057 0.000057 0.000056 0.000055 0.000054 0.000052 0.000049 0.000044 0.000038 0.000031 0.000021 0.000011 0.000000 
50.000000 40.874027 32.225102 24.455570 17.837832 12.490962 8.390668 5.404210 3.336606 1.974757 1.120574 0.609873 0.318517 0.159741 0.077001 0.035727 0.015996 0.006947 0.002962 0.001275 0.000588 0.000318 0.000216 0.000179 0.000166 0.000161 0.000160 0.000159 0.000159 0.000159 0.000159 0.000159 0.000159 0.000159 0.000159 0.000159 0.000159 0.000158 0.000158 0.000156 0.000154 0.000150 0.000145 0.000136 0.000123 0.000106 0.000085 0.000059 0.000031 0.000000 
50.000000 40.874076 32.225198 24.455708 17.838006 12.491165 8.390893 5.404451 3.336858 1.975016 1.120838 0.610140 0.318785 0.160010 0.077270 0.035996 0.016265 0.007217 0.003232 0.001545 0.000857 0.000588 0.000486 0.000449 0.000435 0.000431 0.000429 0.000429 0.000429 0.000429 0.000429 0.000429 0.000429 0.000429 0.000429 0.000428 0.000428 0.000427 0.000425 0.000422 0.000416 0.000406 0.000390 0.000366 0.000333 0.000287 0.000230 0.000161 0.000083 0.000000 
50.000000 40.874202 32.225444 24.456060 17.838449 12.491682 8.391466 5.405065 3.337500 1.975677 1.121510 0.610819 0.319468 0.160695 0.077956 0.036683 0.016952 0.007904 0.003919 0.002232 0.001545 0.001275 0.001173 0.001136 0.001123 0.001118 0.001117 0.001116 0.001116 0.001116 0.001116 0.001116 0.001116 0.001116 0.001116 0.001115 0.001114 0.001111 0.001107 0.001098 0.001083 0.001057 0.001017 0.000955 0.000868 0.000750 0.000600 0.000420 0.000216 0.000000 
50.000000 40.874511 32.226046 24.456925 17.839538 12.492951 8.392872 5.406572 3.339076 1.977299 1.123160 0.612486 0.321145 0.162377 0.079641 0.038369 0.018639 0.009591 0.005606 0.003919 0.003232 0.002962 0.002860 0.002823 0.002810 0.002805 0.002804 0.002803 0.002803 0.002803 0.002803 0.002803 0.002803 0.002803 0.002802 0.002801 0.002798 0.002792 0.002780 0.002759 0.002721 0.002658 0.002557 0.002404 0.002185 0.001890 0.001513 0.001059 0.000546 0.000000 
50.000000 40.875241 32.227467 24.458967 17.842108 12.495946 8.396194 5.410131 3.342799 1.981129 1.127057 0.616423 0.325105 0.166349 0.083620 0.042351 0.022623 0.013575 0.009591 0.007904 0.007217 0.006947 0.006845 0.006808 0.006795 0.006790 0.006789 0.006788 0.006788 0.006788 0.006788 0.006788 0.006788 0.006787 0.006786 0.006782 0.006775 0.006761 0.006734 0.006683 0.006593 0.006442 0.006200 0.005834 0.005307 0.004593 0.003679 0.002578 0.001329 0.000000 
50.000000 40.876898 32.230693 24.463602 17.847941 12.502748 8.403736 5.418212 3.351251 1.989825 1.135907 0.625364 0.334097 0.175370 0.092655 0.051393 0.031668 0.022623 0.018639 0.016952 0.016265 0.015996 0.015894 0.015856 0.015843 0.015839 0.015837 0.015837 0.015837 0.015837 0.015837 0.015836 0.015836 0.015834 0.015831 0.015824 0.015808 0.015776 0.015714 0.015599 0.015393 0.015047 0.014490 0.013643 0.012422 0.010760 0.008626 0.006048 0.003120 0.000000 
50.000000 40.880509 32.237725 24.473706 17.860659 12.517575 8.420179 5.435829 3.369680 2.008788 1.155203 0.644859 0.353705 0.195039 0.112357 0.071111 0.051393 0.042351 0.038369 0.036683 0.035996 0.035727 0.035625 0.035587 0.035574 0.035570 0.035568 0.035568 0.035568 0.035568 0.035567 0.035567 0.035566 0.035563 0.035555 0.035540 0.035506 0.035437 0.035302 0.035050 0.034601 0.033838 0.032608 0.030727 0.028004 0.024282 0.019486 0.013673 0.007059 0.000000 
50.000000 40.888060 32.252431 24.494836 17.887257 12.548585 8.454569 5.472677 3.408227 2.048451 1.195565 0.685638 0.394722 0.236185 0.153569 0.112357 0.092655 0.083620 0.079641 0.077956 0.077270 0.077001 0.076899 0.076862 0.076849 0.076844 0.076843 0.076842 0.076842 0.076842 0.076841 0.076840 0.076838 0.076832 0.076817 0.076785 0.076715 0.076572 0.076292 0.075765 0.074822 0.073214 0.070607 0.066600 0.060769 0.052757 0.042388 0.029775 0.015381 0.000000 
50.000000 40.903193 32.281903 24.537182 17.940562 12.610737 8.523497 5.546534 3.485492 2.127956 1.276473 0.767383 0.476944 0.318666 0.236185 0.195039 0.175370 0.166349 0.162377 0.160695 0.160010 0.159741 0.159639 0.159602 0.159589 0.159584 0.159583 0.159582 0.159582 0.159582 0.159581 0.159579 0.159574 0.159562 0.159533 0.159470 0.159333 0.159051 0.158494 0.157443 0.155551 0.152307 0.147017 0.138834 0.126855 0.110298 0.088752 0.062421 0.032274 0.000000 
50.000000 40.932224 32.338441 24.618422 18.042829 12.729981 8.655747 5.688247 3.633748 2.280516 1.431728 0.924247 0.634723 0.476944 0.394722 0.353705 0.334097 0.325105 0.321145 0.319468 0.318785 0.318517 0.318415 0.318378 0.318365 0.318361 0.318359 0.318359 0.318358 0.318358 0.318357 0.318353 0.318344 0.318321 0.318268 0.318149 0.317893 0.317362 0.316308 0.314308 0.310687 0.304437 0.294175 0.278188 0.254611 0.221790 0.178794 0.125949 0.065192 0.000000 
50.000000 40.985480 32.442163 24.767462 18.230451 12.948756 8.898394 5.948264 3.905778 2.560450 1.716613 1.212087 0.924247 0.767383 0.685638 0.644859 0.625364 0.616423 0.612486 0.610819 0.610140 0.609873 0.609772 0.609735 0.609722 0.609718 0.609717 0.609716 0.609715 0.609715 0.609712 0.609706 0.609689 0.609650 0.609556 0.609346 0.608890 0.607939 0.606043 0.602425 0.595827 0.584352 0.565363 0.535527 0.491141 0.428813 0.346486 0.244573 0.126770 0.000000 
50.000000 41.078806 32.623923 25.028645 18.559256 13.332168 9.323655 6.403984 4.382567 3.051102 2.215951 1.716613 1.431728 1.276473 1.195565 1.155203 1.135907 1.127057 1.123160 1.121510 1.120838 1.120574 1.120474 1.120437 1.120425 1.120420 1.120419 1.120418 1.120417 1.120416 1.120412 1.120401 1.120374 1.120308 1.120153 1.119800 1.119030 1.117420 1.114188 1.107976 1.096560 1.076540 1.043100 0.990032 0.910250 0.797018 0.645905 0.457127 0.237382 0.000000 
50.000000 41.234859 32.927857 25.465397 19.109101 13.973350 10.034845 7.166133 5.179972 3.871712 3.051102 2.560450 2.280516 2.127956 2.048451 2.008788 1.989825 1.981129 1.977299 1.975677 1.975016 1.974757 1.974659 1.974623 1.974610 1.974606 1.974605 1.974604 1.974603 1.974601 1.974594 1.974578 1.974536 1.974432 1.974187 1.973629 1.972405 1.969829 1.964624 1.954542 1.935856 1.902765 1.846895 1.757177 1.620580 1.424143 1.158559 0.822824 0.428359 0.000000 
50.000000 41.483603 33.412324 26.161585 19.985581 14.995455 11.168581 8.381138 6.451214 5.179972 4.382567 3.905778 3.633748 3.485492 3.408227 3.369680 3.351251 3.342799 3.339076 3.337500 3.336858 3.336606 3.336511 3.336476 3.336464 3.336459 3.336458 3.336457 3.336456 3.336452 3.336443 3.336419 3.336357 3.336205 3.335842 3.335013 3.333185 3.329311 3.321426 3.306027 3.277207 3.225607 3.137393 2.993749 2.771673 2.447050 2.000799 1.427784 0.745919 0.000000 
50.000000 41.861176 34.147711 27.218370 21.316074 16.547043 12.889672 10.225649 8.381138 7.166133 6.403984 5.948264 5.688247 5.546534 5.472677 5.435829 5.418212 5.410131 5.406572 5.405065 5.404451 5.404210 5.404119 5.404086 5.404074 5.404070 5.404069 5.404068 5.404066 5.404061 5.404049 5.404016 5.403931 5.403721 5.403221 5.402069 5.399517 5.394072 5.382901 5.360884 5.319238 5.243746 5.112824 4.896110 4.554797 4.045597 3.330401 2.392515 1.256360 0.000000 
50.000000 42.406441 35.209721 28.744551 23.237573 18.787899 15.375388 12.889672 11.168581 10.034845 9.323655 8.898394 8.655747 8.523497 8.454569 8.420179 8.403736 8.396194 8.392872 8.391466 8.390893 8.390668 8.390582 8.390551 8.390540 8.390537 8.390535 8.390534 8.390532 8.390526 8.390510 8.390468 8.390361 8.390093 8.389452 8.387969 8.384663 8.377560 8.362867 8.333624 8.277667 8.174831 7.993562 7.687694 7.195074 6.441148 5.352086 3.882138 2.054700 0.000000 
50.000000 43.154949 36.667597 30.839647 25.875395 21.864194 18.787899 16.547043 14.995455 13.973350 13.332168 12.948756 12.729981 12.610737 12.548585 12.517575 12.502748 12.495946 12.492951 12.491682 12.491165 12.490962 12.490885 12.490857 12.490847 12.490844 12.490842 12.490841 12.490839 12.490832 12.490814 12.490765 12.490639 12.490326 12.489571 12.487817 12.483882 12.475370 12.457615 12.421918 12.352770 12.223782 11.992247 11.592825 10.932097 9.888157 8.323573 6.125118 3.283544 0.000000 
50.000000 44.130885 38.568451 33.571372 29.314814 25.875395 23.237573 21.316074 19.985581 19.109101 18.559256 18.230451 18.042829 17.940562 17.887257 17.860659 17.847941 17.842108 17.839538 17.838449 17.838006 17.837832 17.837766 17.837742 17.837733 17.837730 17.837729 17.837728 17.837725 17.837718 17.837699 17.837648 17.837515 17.837182 17.836377 17.834499 17.830264 17.821039 17.801638 17.762238 17.684958 17.538531 17.270477 16.796425 15.987238 14.657407 12.565561 9.454195 5.181786 0.000000 
50.000000 45.338652 40.920861 36.952062 33.571372 30.839647 28.744551 27.218370 26.161585 25.465397 25.028645 24.767462 24.618422 24.537182 24.494836 24.473706 24.463602 24.458967 24.456925 24.456060 24.455708 24.455569 24.455517 24.455498 24.455491 24.455489 24.455488 24.455487 24.455485 24.455478 24.455460 24.455412 24.455288 24.454976 24.454220 24.452447 24.448430 24.439628 24.420976 24.382740 24.306838 24.160786 23.887970 23.392465 22.516074 21.005812 18.476031 14.395873 8.221234 0.000000 
50.000000 46.756506 43.682480 40.920861 38.568451 36.667597 35.209721 34.147711 33.412324 32.927857 32.623923 32.442163 32.338441 32.281903 32.252431 32.237725 32.230693 32.227467 32.226046 32.225444 32.225198 32.225102 32.225066 32.225052 32.225048 32.225046 32.225045 32.225045 32.225043 32.225038 32.225024 32.224986 32.224889 32.224645 32.224052 32.222657 32.219482 32.212492 32.197589 32.166795 32.105033 31.984540 31.755196 31.327583 30.542479 29.114256 26.524988 21.841240 13.517365 0.000000 
50.000000 48.334751 46.756506 45.338652 44.130885 43.154949 42.406441 41.861176 41.483603 41.234859 41.078806 40.985480 40.932224 40.903193 40.888060 40.880509 40.876898 40.875241 40.874511 40.874202 40.874076 40.874027 40.874008 40.874001 40.873999 40.873998 40.873998 40.873997 40.873996 40.873993 40.873986 40.873965 40.873912 40.873777 40.873450 40.872679 40.870919 40.867032 40.858711 40.841424 40.806501 40.737685 40.604815 40.351741 39.871405 38.949099 37.117418 33.239142 24.167376 0.000000 
50.000000 50.000000 50.000000 50.000000 50.000000 50.000000 50.000000 50.000000 50.000000 50.000000 50.000000 50.000000 50.000000 50.000000 50.000000 50.000000 50.000000 50.000000 50.000000 50.000000 50.000000 50.000000 50.000000 50.000000 50.000000 50.000000 50.000000 50.000000 50.000000 50.000000 50.000000 50.000000 50.000000 50.000000 50.000000 50.000000 50.000000 50.000000 50.000000 50.000000 50.000000 50.000000 50.000000 50.000000 50.000000 50.000000 50.000000 50.000000 50.000000 50.000000 
