50.000000 50.000000 50.000000 50.000000 50.000000 50.000000 50.000000 50.000000 50.000000 50.000000 50.000000 50.000000 50.000000 50.000000 50.000000 50.000000 50.000000 50.000000 50.000000 50.000000 50.000000 50.000000 50.000000 50.000000 50.000000 50.000000 50.000000 50.000000 50.000000 50.000000 50.000000 50.000000 50.000000 50.000000 50.000000 50.000000 50.000000 50.000000 50.000000 50.000000 50.000000 50.000000 50.000000 50.000000 50.000000 50.000000 50.000000 50.000000 50.000000 50.000000 
50.000000 43.648567 38.552689 35.233118 33.445836 32.635395 32.320443 32.213926 32.182160 32.173712 32.171689 32.171250 32.171162 32.171146 32.171144 32.171143 32.171143 32.171143 32.171143 32.171143 32.171143 32.171143 32.171143 32.171143 32.171143 32.171143 32.171143 32.171143 32.171143 32.171143 32.171143 32.171143 32.171143 32.171143 32.171143 32.171143 32.171143 32.171142 32.171137 32.171105 32.170936 32.170101 32.166299 32.150351 32.088730 31.868920 31.139173 28.846061 21.824284 0.000000 
50.000000 38.552689 29.369182 23.387909 20.168325 18.708830 18.141827 17.950134 17.892987 17.877795 17.874159 17.873369 17.873212 17.873183 17.873178 17.873178 17.873177 17.873177 17.873177 17.873177 17.873177 17.873177 17.873177 17.873177 17.873177 17.873177 17.873177 17.873177 17.873177 17.873177 17.873177 17.873177 17.873177 17.873177 17.873177 17.873177 17.873177 17.873176 17.873169 17.873127 17.872907 17.871834 17.867027 17.847313 17.773690 17.524431 16.763383 14.684591 9.706628 0.000000 
50.000000 35.233118 23.387909 15.674722 11.524100 9.643203 8.912774 8.665932 8.592378 8.572833 8.568157 8.567142 8.566940 8.566904 8.566897 8.566896 8.566896 8.566896 8.566896 8.566896 8.566896 8.566896 8.566896 8.566896 8.566896 8.566896 8.566896 8.566896 8.566896 8.566896 8.566896 8.566896 8.566896 8.566896 8.566896 8.566896 8.566896 8.566895 8.566889 8.566857 8.566687 8.565867 8.562252 8.547749 8.495224 8.325017 7.837361 6.624525 4.093945 0.000000 
50.000000 33.445836 20.168325 11.524100 6.873646 4.766882 3.949013 3.672724 3.590426 3.568566 3.563339 3.562204 3.561979 3.561938 3.561931 3.561930 3.561930 3.561930 3.561930 3.561930 3.561930 3.561930 3.561930 3.561930 3.561930 3.561930 3.561930 3.561930 3.561930 3.561930 3.561930 3.561930 3.561930 3.561930 3.561930 3.561930 3.561930 3.561929 3.561926 3.561907 3.561811 3.561352 3.559356 3.551498 3.523746 3.436823 3.199083 2.643894 1.576915 0.000000 
50.000000 32.635395 18.708830 9.643203 4.766882 2.558244 1.701024 1.411511 1.325296 1.302403 1.296930 1.295742 1.295506 1.295463 1.295456 1.295455 1.295455 1.295455 1.295455 1.295455 1.295455 1.295455 1.295455 1.295455 1.295455 1.295455 1.295455 1.295455 1.295455 1.295455 1.295455 1.295455 1.295455 1.295455 1.295455 1.295455 1.295455 1.295454 1.295453 1.295445 1.295401 1.295197 1.294319 1.290914 1.279122 1.243136 1.147979 0.935140 0.546665 0.000000 
50.000000 32.320443 18.141827 8.912774 3.949013 1.701024 0.828638 0.534042 0.446326 0.423038 0.417471 0.416263 0.416023 0.415979 0.415972 0.415971 0.415971 0.415971 0.415971 0.415971 0.415971 0.415971 0.415971 0.415971 0.415971 0.415971 0.415971 0.415971 0.415971 0.415971 0.415971 0.415971 0.415971 0.415971 0.415971 0.415971 0.415971 0.415971 0.415970 0.415967 0.415951 0.415875 0.415553 0.414319 0.410110 0.397515 0.365025 0.294514 0.170093 0.000000 
50.000000 32.213926 17.950134 8.665932 3.672724 1.411511 0.534042 0.237748 0.149532 0.126112 0.120514 0.119299 0.119058 0.119014 0.119007 0.119006 0.119006 0.119006 0.119006 0.119006 0.119006 0.119006 0.119006 0.119006 0.119006 0.119006 0.119006 0.119006 0.119006 0.119006 0.119006 0.119006 0.119006 0.119006 0.119006 0.119006 0.119006 0.119006 0.119005 0.119004 0.118999 0.118975 0.118874 0.118489 0.117192 0.113367 0.103681 0.083107 0.047627 0.000000 
50.000000 32.182160 17.892987 8.592378 3.590426 1.325296 0.446326 0.149532 0.061169 0.037710 0.032104 0.030887 0.030646 0.030602 0.030594 0.030593 0.030593 0.030593 0.030593 0.030593 0.030593 0.030593 0.030593 0.030593 0.030593 0.030593 0.030593 0.030593 0.030593 0.030593 0.030593 0.030593 0.030593 0.030593 0.030593 0.030593 0.030593 0.030593 0.030593 0.030593 0.030591 0.030585 0.030557 0.030451 0.030099 0.029074 0.026511 0.021153 0.012060 0.000000 
50.000000 32.173712 17.877795 8.572833 3.568566 1.302403 0.423038 0.126112 0.037710 0.014242 0.008633 0.007416 0.007174 0.007130 0.007123 0.007122 0.007121 0.007121 0.007121 0.007121 0.007121 0.007121 0.007121 0.007121 0.007121 0.007121 0.007121 0.007121 0.007121 0.007121 0.007121 0.007121 0.007121 0.007121 0.007121 0.007121 0.007121 0.007121 0.007121 0.007121 0.007121 0.007119 0.007112 0.007087 0.007002 0.006755 0.006146 0.004888 0.002777 0.000000 
50.000000 32.171689 17.874159 8.568157 3.563339 1.296930 0.417471 0.120514 0.032104 0.008633 0.003023 0.001806 0.001564 0.001520 0.001513 0.001512 0.001511 0.001511 0.001511 0.001511 0.001511 0.001511 0.001511 0.001511 0.001511 0.001511 0.001511 0.001511 0.001511 0.001511 0.001511 0.001511 0.001511 0.001511 0.001511 0.001511 0.001511 0.001511 0.001511 0.001511 0.001511 0.001511 0.001509 0.001504 0.001485 0.001432 0.001301 0.001032 0.000585 0.000000 
50.000000 32.171250 17.873369 8.567142 3.562204 1.295742 0.416263 0.119299 0.030887 0.007416 0.001806 0.000589 0.000347 0.000303 0.000296 0.000294 0.000294 0.000294 0.000294 0.000294 0.000294 0.000294 0.000294 0.000294 0.000294 0.000294 0.000294 0.000294 0.000294 0.000294 0.000294 0.000294 0.000294 0.000294 0.000294 0.000294 0.000294 0.000294 0.000294 0.000294 0.000294 0.000294 0.000294 0.000293 0.000289 0.000278 0.000253 0.000200 0.000113 0.000000 
50.000000 32.171162 17.873212 8.566940 3.561979 1.295506 0.416023 0.119058 0.030646 0.007174 0.001564 0.000347 0.000106 0.000062 0.000054 0.000053 0.000053 0.000053 0.000053 0.000053 0.000053 0.000053 0.000053 0.000053 0.000053 0.000053 0.000053 0.000053 0.000053 0.000053 0.000053 0.000053 0.000053 0.000053 0.000053 0.000053 0.000053 0.000053 0.000053 0.000053 0.000053 0.000053 0.000053 0.000053 0.000052 0.000050 0.000045 0.000036 0.000020 0.000000 
50.000000 32.171146 17.873183 8.566904 3.561938 1.295463 0.415979 0.119014 0.030602 0.007130 0.001520 0.000303 0.000062 0.000018 0.000010 0.000009 0.000009 0.000009 0.000009 0.000009 0.000009 0.000009 0.000009 0.000009 0.000009 0.000009 0.000009 0.000009 0.000009 0.000009 0.000009 0.000009 0.000009 0.000009 0.000009 0.000009 0.000009 0.000009 0.000009 0.000009 0.000009 0.000009 0.000009 0.000009 0.000009 0.000008 0.000008 0.000006 0.000003 0.000000 
50.000000 32.171144 17.873178 8.566897 3.561931 1.295456 0.415972 0.119007 0.030594 0.007123 0.001513 0.000296 0.000054 0.000010 0.000003 0.000002 0.000001 0.000001 0.000001 0.000001 0.000001 0.000001 0.000001 0.000001 0.000001 0.000001 0.000001 0.000001 0.000001 0.000001 0.000001 0.000001 0.000001 0.000001 0.000001 0.000001 0.000001 0.000001 0.000001 0.000001 0.000001 0.000001 0.000001 0.000001 0.000001 0.000001 0.000001 0.000001 0.000001 0.000000 
50.000000 32.171143 17.873178 8.566896 3.561930 1.295455 0.415971 0.119006 0.030593 0.007122 0.001512 0.000294 0.000053 0.000009 0.000002 0.000000 0.000000 0.000000 0.000000 0.000000 0.000000 0.000000 0.000000 0.000000 0.000000 0.000000 0.000000 0.000000 0.000000 0.000000 0.000000 0.000000 0.000000 0.000000 0.000000 0.000000 0.000000 0.000000 0.000000 0.000000 0.000000 0.000000 0.000000 0.000000 0.000000 0.000000 0.000000 0.000000 0.000000 0.000000 
50.000000 32.171143 17.873177 8.566896 3.561930 1.295455 0.415971 0.119006 0.030593 0.007121 0.001511 0.000294 0.000053 0.000009 0.000001 0.000000 0.000000 0.000000 0.000000 0.000000 0.000000 0.000000 0.000000 0.000000 0.000000 0.000000 0.000000 0.000000 0.000000 0.000000 0.000000 0.000000 0.000000 0.000000 0.000000 0.000000 0.000000 0.000000 0.000000 0.000000 0.000000 0.000000 0.000000 0.000000 0.000000 0.000000 0.000000 0.000000 0.000000 0.000000 
50.000000 32.171143 17.873177 8.566896 3.561930 1.295455 0.415971 0.119006 0.030593 0.007121 0.001511 0.000294 0.000053 0.000009 0.000001 0.000000 0.000000 0.000000 0.000000 0.000000 0.000000 0.000000 0.000000 0.000000 0.000000 0.000000 0.000000 0.000000 0.000000 0.000000 0.000000 0.000000 0.000000 0.000000 0.000000 0.000000 0.000000 0.000000 0.000000 0.000000 0.000000 0.000000 0.000000 0.000000 0.000000 0.000000 0.000000 0.000000 0.000000 0.000000 
50.000000 32.171143 17.873177 8.566896 3.561930 1.295455 0.415971 0.119006 0.030593 0.007121 0.001511 0.000294 0.000053 0.000009 0.000001 0.000000 0.000000 0.000000 0.000000 0.000000 0.000000 0.000000 0.000000 0.000000 0.000000 0.000000 0.000000 0.000000 0.000000 0.000000 0.000000 0.000000 0.000000 0.000000 0.000000 0.000000 0.000000 0.000000 0.000000 0.000000 0.000000 0.000000 0.000000 0.000000 0.000000 0.000000 0.000000 0.000000 0.000000 0.000000 
50.000000 32.171143 17.873177 8.566896 3.561930 1.295455 0.415971 0.119006 0.030593 0.007121 0.001511 0.000294 0.000053 0.000009 0.000001 0.000000 0.000000 0.000000 0.000000 0.000000 0.000000 0.000000 0.000000 0.000000 0.000000 0.000000 0.000000 0.000000 0.000000 0.000000 0.000000 0.000000 0.000000 0.000000 0.000000 0.000000 0.000000 0.000000 0.000000 0.000000 0.000000 0.000000 0.000000 0.000000 0.000000 0.000000 0.000000 0.000000 0.000000 0.000000 
50.000000 32.171143 17.873177 8.566896 3.561930 1.295455 0.415971 0.119006 0.030593 0.007121 0.001511 0.000294 0.000053 0.000009 0.000001 0.000000 0.000000 0.000000 0.000000 0.000000 0.000000 0.000000 0.000000 0.000000 0.000000 0.000000 0.000000 0.000000 0.000000 0.000000 0.000000 0.000000 0.000000 0.000000 0.000000 0.000000 0.000000 0.000000 0.000000 0.000000 0.000000 0.000000 0.000000 0.000000 0.000000 0.000000 0.000000 0.000000 0.000000 0.000000 
50.000000 32.171143 17.873177 8.566896 3.561930 1.295455 0.415971 0.119006 0.030593 0.007121 0.001511 0.000294 0.000053 0.000009 0.000001 0.000000 0.000000 0.000000 0.000000 0.000000 0.000000 0.000000 0.000000 0.000000 0.000000 0.000000 0.000000 0.000000 0.000000 0.000000 0.000000 0.000000 0.000000 0.000000 0.000000 0.000000 0.000000 0.000000 0.000000 0.000000 0.000000 0.000000 0.000000 0.000000 0.000000 0.000000 0.000000 0.000000 0.000000 0.000000 
50.000000 32.171143 17.873177 8.566896 3.561930 1.295455 0.415971 0.119006 0.030593 0.007121 0.001511 0.000294 0.000053 0.000009 0.000001 0.000000 0.000000 0.000000 0.000000 0.000000 0.000000 0.000000 0.000000 0.000000 0.000000 0.000000 0.000000 0.000000 0.000000 0.000000 0.000000 0.000000 0.000000 0.000000 0.000000 0.000000 0.000000 0.000000 0.000000 0.000000 0.000000 0.000000 0.000000 0.000000 0.000000 0.000000 0.000000 0.000000 0.000000 0.000000 
50.000000 32.171143 17.873177 8.566896 3.561930 1.295455 0.415971 0.119006 0.030593 0.007121 0.001511 0.000294 0.000053 0.000009 0.000001 0.000000 0.000000 0.000000 0.000000 0.000000 0.000000 0.000000 0.000000 0.000000 0.000000 0.000000 0.000000 0.000000 0.000000 0.000000 0.000000 0.000000 0.000000 0.000000 0.000000 0.000000 0.000000 0.000000 0.000000 0.000000 0.000000 0.000000 0.000000 0.000000 0.000000 0.000000 0.000000 0.000000 0.000000 0.000000 
50.000000 32.171143 17.873177 8.566896 3.561930 1.295455 0.415971 0.119006 0.030593 0.007121 0.001511 0.000294 0.000053 0.000009 0.000001 0.000000 0.000000 0.000000 0.000000 0.000000 0.000000 0.000000 0.000000 0.000000 0.000000 0.000000 0.000000 0.000000 0.000000 0.000000 0.000000 0.000000 0.000000 0.000000 0.000000 0.000000 0.000000 0.000000 0.000000 0.000000 0.000000 0.000000 0.000000 0.000000 0.000000 0.000000 0.000000 0.000000 0.000000 0.000000 
50.000000 32.171143 17.873177 8.566896 3.561930 1.295455 0.415971 0.119006 0.030593 0.007121 0.001511 0.000294 0.000053 0.000009 0.000001 0.000000 0.000000 0.000000 0.000000 0.000000 0.000000 0.000000 0.000000 0.000000 0.000000 0.000000 0.000000 0.000000 0.000000 0.000000 0.000000 0.000000 0.000000 0.000000 0.000000 0.000000 0.000000 0.000000 0.000000 0.000000 0.000000 0.000000 0.000000 0.000000 0.000000 0.000000 0.000000 0.000000 0.000000 0.000000 
50.000000 32.171143 17.873177 8.566896 3.561930 1.295455 0.415971 0.119006 0.030593 0.007121 0.001511 0.000294 0.000053 0.000009 0.000001 0.000000 0.000000 0.000000 0.000000 0.000000 0.000000 0.000000 0.000000 0.000000 0.000000 0.000000 0.000000 0.000000 0.000000 0.000000 0.000000 0.000000 0.000000 0.000000 0.000000 0.000000 0.000000 0.000000 0.000000 0.000000 0.000000 0.000000 0.000000 0.000000 0.000000 0.000000 0.000000 0.000000 0.000000 0.000000 
50.000000 32.171143 17.873177 8.566896 3.561930 1.295455 0.415971 0.119006 0.030593 0.007121 0.001511 0.000294 0.000053 0.000009 0.000001 0.000000 0.000000 0.000000 0.000000 0.000000 0.000000 0.000000 0.000000 0.000000 0.000000 0.000000 0.000000 0.000000 0.000000 0.000000 0.000000 0.000000 0.000000 0.000000 0.000000 0.000000 0.000000 0.000000 0.000000 0.000000 0.000000 0.000000 0.000000 0.000000 0.000000 0.000000 0.000000 0.000000 0.000000 0.000000 
50.000000 32.171143 17.873177 8.566896 3.561930 1.295455 0.415971 0.119006 0.030593 0.007121 0.001511 0.000294 0.000053 0.000009 0.000001 0.000000 0.000000 0.000000 0.000000 0.000000 0.000000 0.000000 0.000000 0.000000 0.000000 0.000000 0.000000 0.000000 0.000000 0.000000 0.000000 0.000000 0.000000 0.000000 0.000000 0.000000 0.000000 0.000000 0.000000 0.000000 0.000000 0.000000 0.000000 0.000000 0.000000 0.000000 0.000000 0.000000 0.000000 0.000000 
50.000000 32.171143 17.873177 8.566896 3.561930 1.295455 0.415971 0.119006 0.030593 0.007121 0.001511 0.000294 0.000053 0.000009 0.000001 0.000000 0.000000 0.000000 0.000000 0.000000 0.000000 0.000000 0.000000 0.000000 0.000000 0.000000 0.000000 0.000000 0.000000 0.000000 0.000000 0.000000 0.000000 0.000000 0.000000 0.000000 0.000000 0.000000 0.000000 0.000000 0.000000 0.000000 0.000000 0.000000 0.000000 0.000000 0.000000 0.000000 0.000000 0.000000 
50.000000 32.171143 17.873177 8.566896 3.561930 1.295455 0.415971 0.119006 0.030593 0.007121 0.001511 0.000294 0.000053 0.000009 0.000001 0.000000 0.000000 0.000000 0.000000 0.000000 0.000000 0.000000 0.000000 0.000000 0.000000 0.000000 0.000000 0.000000 0.000000 0.000000 0.000000 0.000000 0.000000 0.000000 0.000000 0.000000 0.000000 0.000000 0.000000 0.000000 0.000000 0.000000 0.000000 0.000000 0.000000 0.000000 0.000000 0.000000 0.000000 0.000000 
50.000000 32.171143 17.873177 8.566896 3.561930 1.295455 0.415971 0.119006 0.030593 0.007121 0.001511 0.000294 0.000053 0.000009 0.000001 0.000000 0.000000 0.000000 0.000000 0.000000 0.000000 0.000000 0.000000 0.000000 0.000000 0.000000 0.000000 0.000000 0.000000 0.000000 0.000000 0.000000 0.000000 0.000000 0.000000 0.000000 0.000000 0.000000 0.000000 0.000000 0.000000 0.000000 0.000000 0.000000 0.000000 0.000000 0.000000 0.000000 0.000000 0.000000 
50.000000 32.171143 17.873177 8.566896 3.561930 1.295455 0.415971 0.119006 0.030593 0.007121 0.001511 0.000294 0.000053 0.000009 0.000001 0.000000 0.000000 0.000000 0.000000 0.000000 0.000000 0.000000 0.000000 0.000000 0.000000 0.000000 0.000000 0.000000 0.000000 0.000000 0.000000 0.000000 0.000000 0.000000 0.000000 0.000000 0.000000 0.000000 0.000000 0.000000 0.000000 0.000000 0.000000 0.000000 0.000000 0.000000 0.000000 0.000000 0.000000 0.000000 
50.000000 32.171143 17.873177 8.566896 3.561930 1.295455 0.415971 0.119006 0.030593 0.007121 0.001511 0.000294 0.000053 0.000009 0.000001 0.000000 0.000000 0.000000 0.000000 0.000000 0.000000 0.000000 0.000000 0.000000 0.000000 0.000000 0.000000 0.000000 0.000000 0.000000 0.000000 0.000000 0.000000 0.000000 0.000000 0.000000 0.000000 0.000000 0.000000 0.000000 0.000000 0.000000 0.000000 0.000000 0.000000 0.000000 0.000000 0.000000 0.000000 0.000000 
50.000000 32.171143 17.873178 8.566896 3.561930 1.295455 0.415971 0.119006 0.030593 0.007122 0.001512 0.000294 0.000053 0.000009 0.000002 0.000000 0.000000 0.000000 0.000000 0.000000 0.000000 0.000000 0.000000 0.000000 0.000000 0.000000 0.000000 0.000000 0.000000 0.000000 0.000000 0.000000 0.000000 0.000000 0.000000 0.000000 0.000000 0.000000 0.000000 0.000000 0.000000 0.000000 0.000000 0.000000 0.000000 0.000000 0.000000 0.000000 0.000000 0.000000 
50.000000 32.171144 17.873178 8.566897 3.561931 1.295456 0.415972 0.119007 0.030594 0.007123 0.001513 0.000296 0.000054 0.000010 0.000003 0.000002 0.000001 0.000001 0.000001 0.000001 0.000001 0.000001 0.000001 0.000001 0.000001 0.000001 0.000001 0.000001 0.000001 0.000001 0.000001 0.000001 0.000001 0.000001 0.000001 0.000001 0.000001 0.000001 0.000001 0.000001 0.000001 0.000001 0.000001 0.000001 0.000001 0.000001 0.000001 0.000001 0.000001 0.000000 
50.000000 32.171146 17.873183 8.566904 3.561938 1.295463 0.415979 0.119014 0.030602 0.007130 0.001520 0.000303 0.000062 0.000018 0.000010 0.000009 0.000009 0.000009 0.000009 0.000009 0.000009 0.000009 0.000009 0.000009 0.000009 0.000009 0.000009 0.000009 0.000009 0.000009 0.000009 0.000009 0.000009 0.000009 0.000009 0.000009 0.000009 0.000009 0.000009 0.000009 0.000009 0.000009 0.000009 0.000009 0.000009 0.000008 0.000008 0.000006 0.000003 0.000000 
50.000000 32.171162 17.873212 8.566940 3.561979 1.295506 0.416023 0.119058 0.030646 0.007174 0.001564 0.000347 0.000106 0.000062 0.000054 0.000053 0.000053 0.000053 0.000053 0.000053 0.000053 0.000053 0.000053 0.000053 0.000053 0.000053 0.000053 0.000053 0.000053 0.000053 0.000053 0.000053 0.000053 0.000053 0.000053 0.000053 0.000053 0.000053 0.000053 0.000053 0.000053 0.000053 0.000053 0.000053 0.000052 0.000050 0.000045 0.000036 0.000020 0.000000 
50.000000 32.171250 17.873369 8.567142 3.562204 1.295742 0.416263 0.119299 0.030887 0.007416 0.001806 0.000589 0.000347 0.000303 0.000296 0.000294 0.000294 0.000294 0.000294 0.000294 0.000294 0.000294 0.000294 0.000294 0.000294 0.000294 0.000294 0.000294 0.000294 0.000294 0.000294 0.000294 0.000294 0.000294 0.000294 0.000294 0.000294 0.000294 0.000294 0.000294 0.000294 0.000294 0.000294 0.000293 0.000289 0.000278 0.000253 0.000200 0.000113 0.000000 
50.000000 32.171689 17.874159 8.568157 3.563339 1.296930 0.417471 0.120514 0.032104 0.008633 0.003023 0.001806 0.001564 0.001520 0.001513 0.001512 0.001511 0.001511 0.001511 0.001511 0.001511 0.001511 0.001511 0.001511 0.001511 0.001511 0.001511 0.001511 0.001511 0.001511 0.001511 0.001511 0.001511 0.001511 0.001511 0.001511 0.001511 0.001511 0.001511 0.001511 0.001511 0.001511 0.001509 0.001504 0.001485 0.001432 0.001301 0.001032 0.000585 0.000000 
50.000000 32.173712 17.877795 8.572833 3.568566 1.302403 0.423038 0.126112 0.037710 0.014242 0.008633 0.007416 0.007174 0.007130 0.007123 0.007122 0.007121 0.007121 0.007121 0.007121 0.007121 0.007121 0.007121 0.007121 0.007121 0.007121 0.007121 0.007121 0.007121 0.007121 0.007121 0.007121 0.007121 0.007121 0.007121 0.007121 0.007121 0.007121 0.007121 0.007121 0.007121 0.007119 0.007112 0.007087 0.007002 0.006755 0.006146 0.004888 0.002777 0.000000 
50.000000 32.182160 17.892987 8.592378 3.590426 1.325296 0.446326 0.149532 0.061169 0.037710 0.032104 0.030887 0.030646 0.030602 0.030594 0.030593 0.030593 0.030593 0.030593 0.030593 0.030593 0.030593 0.030593 0.030593 0.030593 0.030593 0.030593 0.030593 0.030593 0.030593 0.030593 0.030593 0.030593 0.030593 0.030593 0.030593 0.030593 0.030593 0.030593 0.030593 0.030591 0.030585 0.030557 0.030451 0.030099 0.029074 0.026511 0.021153 0.012060 0.000000 
50.000000 32.213926 17.950134 8.665932 3.672724 1.411511 0.534042 0.237748 0.149532 0.126112 0.120514 0.119299 0.119058 0.119014 0.119007 0.119006 0.119006 0.119006 0.119006 0.119006 0.119006 0.119006 0.119006 0.119006 0.119006 0.119006 0.119006 0.119006 0.119006 0.119006 0.119006 0.119006 0.119006 0.119006 0.119006 0.119006 0.119006 0.119006 0.119005 0.119004 0.118999 0.118975 0.118874 0.118489 0.117192 0.113367 0.103681 0.083107 0.047627 0.000000 
50.000000 32.320443 18.141827 8.912774 3.949013 1.701024 0.828638 0.534042 0.446326 0.423038 0.417471 0.416263 0.416023 0.415979 0.415972 0.415971 0.415971 0.415971 0.415971 0.415971 0.415971 0.415971 0.415971 0.415971 0.415971 0.415971 0.415971 0.415971 0.415971 0.415971 0.415971 0.415971 0.415971 0.415971 0.415971 0.415971 0.415971 0.415971 0.415970 0.415967 0.415951 0.415875 0.415553 0.414319 0.410110 0.397515 0.365025 0.294514 0.170093 0.000000 
50.000000 32.635395 18.708830 9.643203 4.766882 2.558244 1.701024 1.411511 1.325296 1.302403 1.296930 1.295742 1.295506 1.295463 1.295456 1.295455 1.295455 1.295455 1.295455 1.295455 1.295455 1.295455 1.295455 1.295455 1.295455 1.295455 1.295455 1.295455 1.295455 1.295455 1.295455 1.295455 1.295455 1.295455 1.295455 1.295455 1.295455 1.295454 1.295453 1.295445 1.295401 1.295197 1.294319 1.290914 1.279122 1.243136 1.147979 0.935140 0.546665 0.000000 
50.000000 33.445836 20.168325 11.524100 6.873646 4.766882 3.949013 3.672724 3.590426 3.568566 3.563339 3.562204 3.561979 3.561938 3.561931 3.561930 3.561930 3.561930 3.561930 3.561930 3.561930 3.561930 3.561930 3.561930 3.561930 3.561930 3.561930 3.561930 3.561930 3.561930 3.561930 3.561930 3.561930 3.561930 3.561930 3.561930 3.561930 3.561929 3.561926 3.561907 3.561811 3.561352 3.559356 3.551498 3.523746 3.436823 3.199083 2.643894 1.576915 0.000000 
50.000000 35.233118 23.387909 15.674722 11.524100 9.643203 8.912774 8.665932 8.592378 8.572833 8.568157 8.567142 8.566940 8.566904 8.566897 8.566896 8.566896 8.566896 8.566896 8.566896 8.566896 8.566896 8.566896 8.566896 8.566896 8.566896 8.566896 8.566896 8.566896 8.566896 8.566896 8.566896 8.566896 8.566896 8.566896 8.566896 8.566896 8.566895 8.566889 8.566857 8.566687 8.565867 8.562252 8.547749 8.495224 8.325017 7.837361 6.624525 4.093945 0.000000 
50.000000 38.552689 29.369182 23.387909 20.168325 18.708830 18.141827 17.950134 17.892987 17.877795 17.874159 17.873369 17.873212 17.873183 17.873178 17.873178 17.873177 17.873177 17.873177 17.873177 17.873177 17.873177 17.873177 17.873177 17.873177 17.873177 17.873177 17.873177 17.873177 17.873177 17.873177 17.873177 17.873177 17.873177 17.873177 17.873177 17.873177 17.873176 17.873169 17.873127 17.872907 17.871834 17.867027 17.847313 17.773690 17.524431 16.763383 14.684591 9.706628 0.000000 
50.000000 43.648567 38.552689 35.233118 33.445836 32.635395 32.320443 32.213926 32.182160 32.173712 32.171689 32.171250 32.171162 32.171146 32.171144 32.171143 32.171143 32.171143 32.171143 32.171143 32.171143 32.171143 32.171143 32.171143 32.171143 32.171143 32.171143 32.171143 32.171143 32.171143 32.171143 32.171143 32.171143 32.171143 32.171143 32.171143 32.171143 32.171142 32.171137 32.171105 32.170936 32.170101 32.166299 32.150351 32.088730 31.868920 31.139173 28.846061 21.824284 0.000000 
50.000000 50.000000 50.000000 50.000000 50.000000 50.000000 50.000000 50.000000 50.000000 50.000000 50.000000 50.000000 50.000000 50.000000 50.000000 50.000000 50.000000 50.000000 50.000000 50.000000 50.000000 50.000000 50.000000 50.000000 50.000000 50.000000 50.000000 50.000000 50.000000 50.000000 50.000000 50.000000 50.000000 50.000000 50.000000 50.000000 50.000000 50.000000 50.000000 50.000000 50.000000 50.000000 50.000000 50.000000 50.000000 50.000000 50.000000 50.000000 50.000000 50.000000 
