50.000000 50.000000 50.000000 50.000000 50.000000 50.000000 50.000000 50.000000 50.000000 50.000000 50.000000 50.000000 50.000000 50.000000 50.000000 50.000000 50.000000 50.000000 50.000000 50.000000 50.000000 50.000000 50.000000 50.000000 50.000000 50.000000 50.000000 50.000000 50.000000 50.000000 50.000000 50.000000 50.000000 50.000000 50.000000 50.000000 50.000000 50.000000 50.000000 50.000000 50.000000 50.000000 50.000000 50.000000 50.000000 50.000000 50.000000 50.000000 50.000000 50.000000 
50.000000 48.745508 47.540411 46.428275 45.442152 44.601875 43.913639 43.371629 42.961061 42.661806 42.451831 42.309937 42.217539 42.159532 42.124403 42.103869 42.092278 42.085955 42.082620 42.080919 42.080078 42.079676 42.079489 42.079405 42.079368 42.079352 42.079343 42.079336 42.079323 42.079295 42.079232 42.079091 42.078786 42.078141 42.076815 42.074154 42.068947 42.058999 42.040420 42.006442 41.945427 41.837471 41.648314 41.317709 40.735178 39.684062 37.697235 33.640494 24.372754 0.000000 
50.000000 47.540411 45.177668 42.997189 41.063778 39.416321 38.066960 37.004294 36.199338 35.612625 35.200955 34.922762 34.741612 34.627887 34.559016 34.518760 34.496036 34.483640 34.477102 34.473766 34.472118 34.471329 34.470963 34.470798 34.470726 34.470694 34.470678 34.470664 34.470640 34.470588 34.470470 34.470208 34.469641 34.468444 34.465986 34.461064 34.451457 34.433161 34.399130 34.337213 34.226808 34.033360 33.699114 33.127027 32.151511 30.483309 27.605022 22.588834 13.899917 0.000000 
50.000000 46.428275 42.997189 39.830785 37.023173 34.630820 32.671357 31.128225 29.959330 29.107356 28.509571 28.105610 27.842568 27.677433 27.577430 27.518977 27.485982 27.467983 27.458490 27.453646 27.451254 27.450109 27.449577 27.449338 27.449233 27.449187 27.449164 27.449145 27.449112 27.449043 27.448885 27.448537 27.447783 27.446197 27.442947 27.436461 27.423848 27.399943 27.355747 27.275964 27.135147 26.891758 26.479019 25.790851 24.660583 22.830409 19.915392 15.392167 8.731040 0.000000 
50.000000 45.442152 41.063778 37.023173 33.440432 30.387611 27.887206 25.918082 24.426520 23.339375 22.576590 22.061136 21.725497 21.514791 21.387192 21.312611 21.270512 21.247548 21.235437 21.229256 21.226204 21.224743 21.224065 21.223760 21.223627 21.223568 21.223539 21.223516 21.223479 21.223400 21.223222 21.222828 21.221980 21.220199 21.216562 21.209331 21.195342 21.168989 21.120630 21.034151 20.883343 20.626708 20.200279 19.508228 18.411853 16.720216 14.192764 10.580469 5.758090 0.000000 
50.000000 44.601875 39.416321 34.630820 30.387611 26.772035 23.810728 21.478655 19.712187 18.424687 17.521338 16.910906 16.513429 16.263906 16.112804 16.024486 15.974634 15.947442 15.933101 15.925783 15.922168 15.920439 15.919637 15.919276 15.919117 15.919048 15.919015 15.918990 15.918952 15.918871 15.918691 15.918293 15.917438 15.915649 15.912010 15.904810 15.890959 15.865041 15.817878 15.734398 15.590660 15.349926 14.957879 14.337599 13.386017 11.975758 9.970237 7.264810 3.866698 0.000000 
50.000000 43.913639 38.066960 32.671357 27.887206 23.810728 20.471951 17.842641 15.851048 14.399484 13.381036 12.692838 12.244732 11.963431 11.793088 11.693527 11.637329 11.606676 11.590510 11.582262 11.578187 11.576238 11.575334 11.574927 11.574749 11.574671 11.574635 11.574609 11.574573 11.574497 11.574329 11.573960 11.573170 11.571522 11.568184 11.561614 11.549050 11.525711 11.483605 11.409851 11.284456 11.077653 10.747123 10.235976 9.473129 8.378979 6.880506 4.939933 2.595930 0.000000 
50.000000 43.371629 37.004294 31.128225 25.918082 21.478655 17.842641 14.979283 12.810433 11.229697 10.120635 9.371218 8.883259 8.576945 8.391459 8.283050 8.221859 8.188484 8.170883 8.161902 8.157466 8.155343 8.154359 8.153916 8.153723 8.153639 8.153600 8.153575 8.153543 8.153477 8.153331 8.153012 8.152332 8.150920 8.148073 8.142499 8.131906 8.112371 8.077430 8.016845 7.915078 7.749630 7.489642 7.095518 6.520777 5.717803 4.649206 3.305180 1.723314 0.000000 
50.000000 42.961061 36.199338 29.959330 24.426520 19.712187 15.851048 12.810433 10.507345 8.828792 7.651118 6.855349 6.337218 6.011971 5.815023 5.699917 5.634948 5.599512 5.580825 5.571290 5.566581 5.564328 5.563283 5.562813 5.562607 5.562519 5.562479 5.562456 5.562427 5.562373 5.562255 5.561997 5.561447 5.560312 5.558034 5.553596 5.545215 5.529869 5.502649 5.455906 5.378265 5.253673 5.060803 4.773395 4.362261 3.799813 3.067571 2.165979 1.123590 0.000000 
50.000000 42.661806 35.612625 29.107356 23.339375 18.424687 14.399484 11.229697 8.828792 7.078967 5.851304 5.021769 4.481661 4.142623 3.937328 3.817346 3.749625 3.712690 3.693212 3.683274 3.678366 3.676017 3.674928 3.674439 3.674224 3.674133 3.674093 3.674070 3.674047 3.674005 3.673914 3.673716 3.673297 3.672436 3.670714 3.667378 3.661114 3.649725 3.629681 3.595567 3.539484 3.450527 3.314618 3.115027 2.834027 2.456032 1.972210 1.385816 0.716379 0.000000 
50.000000 42.451831 35.200955 28.509571 22.576590 17.521338 13.381036 10.120635 7.651118 5.851304 4.588583 3.735369 3.179851 2.831144 2.619998 2.496598 2.426950 2.388964 2.368932 2.358712 2.353664 2.351249 2.350129 2.349626 2.349406 2.349312 2.349271 2.349250 2.349232 2.349200 2.349134 2.348990 2.348687 2.348067 2.346832 2.344452 2.340010 2.331984 2.317961 2.294292 2.255737 2.195212 2.103790 1.971185 1.786941 1.542439 1.233607 0.863742 0.445389 0.000000 
50.000000 42.309937 34.922762 28.105610 22.061136 16.910906 12.692838 9.371218 6.855349 5.021769 3.735369 2.866164 2.300240 1.945006 1.729910 1.604203 1.533253 1.494558 1.474153 1.463742 1.458600 1.456140 1.455000 1.454487 1.454263 1.454167 1.454127 1.454107 1.454093 1.454070 1.454024 1.453924 1.453716 1.453290 1.452448 1.450831 1.447829 1.442438 1.433082 1.417409 1.392089 1.352700 1.293788 1.209232 1.093028 0.940506 0.749863 0.523632 0.269516 0.000000 
50.000000 42.217539 34.741612 27.842568 21.725497 16.513429 12.244732 8.883259 6.337218 4.481661 3.179851 2.300240 1.727546 1.368065 1.150399 1.023192 0.951397 0.912241 0.891592 0.881058 0.875855 0.873366 0.872212 0.871693 0.871466 0.871370 0.871330 0.871311 0.871299 0.871283 0.871252 0.871187 0.871050 0.870771 0.870222 0.869173 0.867235 0.863773 0.857802 0.847867 0.831936 0.807349 0.770888 0.719021 0.648388 0.556509 0.442625 0.308450 0.158540 0.000000 
50.000000 42.159532 34.627887 27.677433 21.514791 16.263906 11.963431 8.576945 6.011971 4.142623 2.831144 1.945006 1.368065 1.005921 0.786644 0.658497 0.586171 0.546726 0.525925 0.515313 0.510072 0.507565 0.506403 0.505880 0.505652 0.505555 0.505514 0.505497 0.505487 0.505476 0.505456 0.505415 0.505329 0.505154 0.504811 0.504159 0.502960 0.500830 0.497177 0.491135 0.481508 0.466756 0.445039 0.414381 0.372948 0.319449 0.253585 0.176430 0.090585 0.000000 
50.000000 42.124403 34.559016 27.577430 21.387192 16.112804 11.793088 8.391459 5.815023 3.937328 2.619998 1.729910 1.150399 0.786644 0.566394 0.437677 0.365031 0.325411 0.304519 0.293860 0.288596 0.286077 0.284910 0.284385 0.284155 0.284058 0.284018 0.284001 0.283992 0.283985 0.283973 0.283947 0.283895 0.283791 0.283585 0.283197 0.282485 0.281227 0.279079 0.275546 0.269950 0.261427 0.248960 0.231474 0.207993 0.177861 0.140969 0.097952 0.050249 0.000000 
50.000000 42.103869 34.518760 27.518977 21.312611 16.024486 11.693527 8.283050 5.699917 3.817346 2.496598 1.604203 1.023192 0.658497 0.437677 0.308628 0.235795 0.196074 0.175127 0.164441 0.159164 0.156639 0.155468 0.154942 0.154712 0.154615 0.154575 0.154558 0.154551 0.154545 0.154538 0.154523 0.154493 0.154432 0.154314 0.154092 0.153685 0.152970 0.151755 0.149766 0.146632 0.141884 0.134977 0.125343 0.112477 0.096050 0.076030 0.052774 0.027054 0.000000 
50.000000 42.092278 34.496036 27.485982 21.270512 15.974634 11.637329 8.221859 5.634948 3.749625 2.426950 1.533253 0.951397 0.586171 0.365031 0.235795 0.162856 0.123077 0.102101 0.091400 0.086114 0.083586 0.082414 0.081887 0.081657 0.081559 0.081519 0.081503 0.081496 0.081492 0.081487 0.081479 0.081462 0.081428 0.081363 0.081240 0.081017 0.080625 0.079963 0.078883 0.077190 0.074636 0.070939 0.065807 0.058985 0.050313 0.039784 0.027591 0.014137 0.000000 
50.000000 42.085955 34.483640 27.467983 21.247548 15.947442 11.606676 8.188484 5.599513 3.712690 2.388964 1.494558 0.912241 0.546726 0.325411 0.196074 0.123077 0.083267 0.062275 0.051565 0.046275 0.043745 0.042572 0.042044 0.041814 0.041717 0.041676 0.041660 0.041654 0.041650 0.041647 0.041643 0.041634 0.041616 0.041581 0.041516 0.041397 0.041191 0.040842 0.040276 0.039392 0.038065 0.036152 0.033507 0.030004 0.025568 0.020200 0.013999 0.007169 0.000000 
50.000000 42.082620 34.477102 27.458490 21.235437 15.933101 11.590510 8.170883 5.580825 3.693212 2.368932 1.474153 0.891592 0.525925 0.304519 0.175128 0.102101 0.062275 0.041273 0.030559 0.025268 0.022736 0.021563 0.021035 0.020805 0.020707 0.020667 0.020651 0.020644 0.020641 0.020639 0.020637 0.020632 0.020623 0.020605 0.020571 0.020511 0.020406 0.020228 0.019942 0.019496 0.018829 0.017870 0.016550 0.014808 0.012608 0.009954 0.006894 0.003529 0.000000 
50.000000 42.080919 34.473766 27.453647 21.229257 15.925783 11.582262 8.161902 5.571291 3.683274 2.358712 1.463742 0.881058 0.515314 0.293860 0.164442 0.091400 0.051565 0.030559 0.019843 0.014550 0.012018 0.010845 0.010317 0.010086 0.009989 0.009949 0.009933 0.009926 0.009924 0.009922 0.009921 0.009918 0.009914 0.009905 0.009888 0.009858 0.009806 0.009719 0.009579 0.009361 0.009036 0.008571 0.007933 0.007093 0.006035 0.004762 0.003296 0.001687 0.000000 
50.000000 42.080078 34.472118 27.451254 21.226204 15.922169 11.578188 8.157467 5.566582 3.678367 2.353665 1.458601 0.875856 0.510074 0.288597 0.159165 0.086116 0.046277 0.025269 0.014551 0.009258 0.006726 0.005552 0.005024 0.004794 0.004696 0.004656 0.004640 0.004634 0.004631 0.004630 0.004629 0.004628 0.004626 0.004621 0.004613 0.004599 0.004574 0.004533 0.004466 0.004363 0.004210 0.003992 0.003692 0.003299 0.002805 0.002212 0.001531 0.000783 0.000000 
50.000000 42.079676 34.471330 27.450110 21.224745 15.920441 11.576241 8.155347 5.564331 3.676021 2.351253 1.456144 0.873370 0.507569 0.286081 0.156643 0.083590 0.043749 0.022740 0.012022 0.006728 0.004196 0.003022 0.002494 0.002264 0.002166 0.002126 0.002110 0.002104 0.002101 0.002100 0.002100 0.002099 0.002098 0.002096 0.002092 0.002086 0.002074 0.002055 0.002024 0.001977 0.001907 0.001807 0.001671 0.001492 0.001268 0.001000 0.000691 0.000354 0.000000 
50.000000 42.079491 34.470966 27.449582 21.224071 15.919644 11.575342 8.154368 5.563292 3.674938 2.350139 1.455009 0.872222 0.506412 0.284920 0.155478 0.082424 0.042582 0.021572 0.010854 0.005560 0.003028 0.001854 0.001326 0.001096 0.000998 0.000958 0.000942 0.000936 0.000933 0.000932 0.000932 0.000932 0.000931 0.000930 0.000929 0.000926 0.000920 0.000912 0.000898 0.000877 0.000845 0.000801 0.000740 0.000661 0.000561 0.000442 0.000306 0.000156 0.000000 
50.000000 42.079409 34.470807 27.449351 21.223776 15.919294 11.574947 8.153939 5.562836 3.674463 2.349651 1.454512 0.871719 0.505906 0.284411 0.154968 0.081913 0.042070 0.021061 0.010342 0.005049 0.002516 0.001342 0.000814 0.000584 0.000486 0.000446 0.000430 0.000424 0.000421 0.000421 0.000420 0.000420 0.000420 0.000419 0.000419 0.000417 0.000415 0.000411 0.000405 0.000395 0.000381 0.000360 0.000333 0.000297 0.000252 0.000199 0.000137 0.000070 0.000000 
50.000000 42.079379 34.470748 27.449265 21.223666 15.919164 11.574801 8.153779 5.562667 3.674287 2.349469 1.454327 0.871532 0.505717 0.284221 0.154778 0.081723 0.041880 0.020871 0.010152 0.004858 0.002326 0.001152 0.000624 0.000394 0.000296 0.000256 0.000240 0.000234 0.000231 0.000230 0.000230 0.000230 0.000230 0.000229 0.000229 0.000228 0.000227 0.000225 0.000221 0.000216 0.000208 0.000197 0.000182 0.000162 0.000138 0.000108 0.000075 0.000038 0.000000 
50.000000 42.079379 34.470748 27.449265 21.223666 15.919164 11.574801 8.153779 5.562667 3.674287 2.349469 1.454327 0.871532 0.505717 0.284221 0.154778 0.081723 0.041880 0.020871 0.010152 0.004858 0.002326 0.001152 0.000624 0.000394 0.000296 0.000256 0.000240 0.000234 0.000231 0.000230 0.000230 0.000230 0.000230 0.000229 0.000229 0.000228 0.000227 0.000225 0.000221 0.000216 0.000208 0.000197 0.000182 0.000162 0.000138 0.000108 0.000075 0.000038 0.000000 
50.000000 42.079409 34.470807 27.449351 21.223776 15.919294 11.574947 8.153939 5.562836 3.674463 2.349651 1.454512 0.871719 0.505906 0.284411 0.154968 0.081913 0.042070 0.021061 0.010342 0.005049 0.002516 0.001342 0.000814 0.000584 0.000486 0.000446 0.000430 0.000424 0.000421 0.000421 0.000420 0.000420 0.000420 0.000419 0.000419 0.000417 0.000415 0.000411 0.000405 0.000395 0.000381 0.000360 0.000333 0.000297 0.000252 0.000199 0.000137 0.000070 0.000000 
50.000000 42.079491 34.470966 27.449582 21.224071 15.919644 11.575342 8.154368 5.563292 3.674938 2.350139 1.455009 0.872222 0.506412 0.284920 0.155478 0.082424 0.042582 0.021572 0.010854 0.005560 0.003028 0.001854 0.001326 0.001096 0.000998 0.000958 0.000942 0.000936 0.000933 0.000932 0.000932 0.000932 0.000931 0.000930 0.000929 0.000926 0.000920 0.000912 0.000898 0.000877 0.000845 0.000801 0.000740 0.000661 0.000561 0.000442 0.000306 0.000156 0.000000 
50.000000 42.079676 34.471330 27.450110 21.224745 15.920441 11.576241 8.155347 5.564331 3.676021 2.351253 1.456144 0.873370 0.507569 0.286081 0.156643 0.083590 0.043749 0.022740 0.012022 0.006728 0.004196 0.003022 0.002494 0.002264 0.002166 0.002126 0.002110 0.002104 0.002101 0.002100 0.002100 0.002099 0.002098 0.002096 0.002092 0.002086 0.002074 0.002055 0.002024 0.001977 0.001907 0.001807 0.001671 0.001492 0.001268 0.001000 0.000691 0.000354 0.000000 
50.000000 42.080078 34.472118 27.451254 21.226204 15.922169 11.578188 8.157467 5.566582 3.678367 2.353665 1.458601 0.875856 0.510074 0.288597 0.159165 0.086116 0.046277 0.025269 0.014551 0.009258 0.006726 0.005552 0.005024 0.004794 0.004696 0.004656 0.004640 0.004634 0.004631 0.004630 0.004629 0.004628 0.004626 0.004621 0.004613 0.004599 0.004574 0.004533 0.004466 0.004363 0.004210 0.003992 0.003692 0.003299 0.002805 0.002212 0.001531 0.000783 0.000000 
50.000000 42.080919 34.473766 27.453647 21.229257 15.925783 11.582262 8.161902 5.571291 3.683274 2.358712 1.463742 0.881058 0.515314 0.293860 0.164442 0.091400 0.051565 0.030559 0.019843 0.014550 0.012018 0.010845 0.010317 0.010086 0.009989 0.009949 0.009933 0.009926 0.009924 0.009922 0.009921 0.009918 0.009914 0.009905 0.009888 0.009858 0.009806 0.009719 0.009579 0.009361 0.009036 0.008571 0.007933 0.007093 0.006035 0.004762 0.003296 0.001687 0.000000 
50.000000 42.082620 34.477102 27.458490 21.235437 15.933101 11.590510 8.170883 5.580825 3.693212 2.368932 1.474153 0.891592 0.525925 0.304519 0.175128 0.102101 0.062275 0.041273 0.030559 0.025268 0.022736 0.021563 0.021035 0.020805 0.020707 0.020667 0.020651 0.020644 0.020641 0.020639 0.020637 0.020632 0.020623 0.020605 0.020571 0.020511 0.020406 0.020228 0.019942 0.019496 0.018829 0.017870 0.016550 0.014808 0.012608 0.009954 0.006894 0.003529 0.000000 
50.000000 42.085955 34.483640 27.467983 21.247548 15.947442 11.606676 8.188484 5.599513 3.712690 2.388964 1.494558 0.912241 0.546726 0.325411 0.196074 0.123077 0.083267 0.062275 0.051565 0.046275 0.043745 0.042572 0.042044 0.041814 0.041717 0.041676 0.041660 0.041654 0.041650 0.041647 0.041643 0.041634 0.041616 0.041581 0.041516 0.041397 0.041191 0.040842 0.040276 0.039392 0.038065 0.036152 0.033507 0.030004 0.025568 0.020200 0.013999 0.007169 0.000000 
50.000000 42.092278 34.496036 27.485982 21.270512 15.974634 11.637329 8.221859 5.634948 3.749625 2.426950 1.533253 0.951397 0.586171 0.365031 0.235795 0.162856 0.123077 0.102101 0.091400 0.086114 0.083586 0.082414 0.081887 0.081657 0.081559 0.081519 0.081503 0.081496 0.081492 0.081487 0.081479 0.081462 0.081428 0.081363 0.081240 0.081017 0.080625 0.079963 0.078883 0.077190 0.074636 0.070939 0.065807 0.058985 0.050313 0.039784 0.027591 0.014137 0.000000 
50.000000 42.103869 34.518760 27.518977 21.312611 16.024486 11.693527 8.283050 5.699917 3.817346 2.496598 1.604203 1.023192 0.658497 0.437677 0.308628 0.235795 0.196074 0.175127 0.164441 0.159164 0.156639 0.155468 0.154942 0.154712 0.154615 0.154575 0.154558 0.154551 0.154545 0.154538 0.154523 0.154493 0.154432 0.154314 0.154092 0.153685 0.152970 0.151755 0.149766 0.146632 0.141884 0.134977 0.125343 0.112477 0.096050 0.076030 0.052774 0.027054 0.000000 
50.000000 42.124403 34.559016 27.577430 21.387192 16.112804 11.793088 8.391459 5.815023 3.937328 2.619998 1.729910 1.150399 0.786644 0.566394 0.437677 0.365031 0.325411 0.304519 0.293860 0.288596 0.286077 0.284910 0.284385 0.284155 0.284058 0.284018 0.284001 0.283992 0.283985 0.283973 0.283947 0.283895 0.283791 0.283585 0.283197 0.282485 0.281227 0.279079 0.275546 0.269950 0.261427 0.248960 0.231474 0.207993 0.177861 0.140969 0.097952 0.050249 0.000000 
50.000000 42.159532 34.627887 27.677433 21.514791 16.263906 11.963431 8.576945 6.011971 4.142623 2.831144 1.945006 1.368065 1.005921 0.786644 0.658497 0.586171 0.546726 0.525925 0.515313 0.510072 0.507565 0.506403 0.505880 0.505652 0.505555 0.505514 0.505497 0.505487 0.505476 0.505456 0.505415 0.505329 0.505154 0.504811 0.504159 0.502960 0.500830 0.497177 0.491135 0.481508 0.466756 0.445039 0.414381 0.372948 0.319449 0.253585 0.176430 0.090585 0.000000 
50.000000 42.217539 34.741612 27.842568 21.725497 16.513429 12.244732 8.883259 6.337218 4.481661 3.179851 2.300240 1.727546 1.368065 1.150399 1.023192 0.951397 0.912241 0.891592 0.881058 0.875855 0.873366 0.872212 0.871693 0.871466 0.871370 0.871330 0.871311 0.871299 0.871283 0.871252 0.871187 0.871050 0.870771 0.870222 0.869173 0.867235 0.863773 0.857802 0.847867 0.831936 0.807349 0.770888 0.719021 0.648388 0.556509 0.442625 0.308450 0.158540 0.000000 
50.000000 42.309937 34.922762 28.105610 22.061136 16.910906 12.692838 9.371218 6.855349 5.021769 3.735369 2.866164 2.300240 1.945006 1.729910 1.604203 1.533253 1.494558 1.474153 1.463742 1.458600 1.456140 1.455000 1.454487 1.454263 1.454167 1.454127 1.454107 1.454093 1.454070 1.454024 1.453924 1.453716 1.453290 1.452448 1.450831 1.447829 1.442438 1.433082 1.417409 1.392089 1.352700 1.293788 1.209232 1.093028 0.940506 0.749863 0.523632 0.269516 0.000000 
50.000000 42.451831 35.200955 28.509571 22.576590 17.521338 13.381036 10.120635 7.651118 5.851304 4.588583 3.735369 3.179851 2.831144 2.619998 2.496598 2.426950 2.388964 2.368932 2.358712 2.353664 2.351249 2.350129 2.349626 2.349406 2.349312 2.349271 2.349250 2.349232 2.349200 2.349134 2.348990 2.348687 2.348067 2.346832 2.344452 2.340010 2.331984 2.317961 2.294292 2.255737 2.195212 2.103790 1.971185 1.786941 1.542439 1.233607 0.863742 0.445389 0.000000 
50.000000 42.661806 35.612625 29.107356 23.339375 18.424687 14.399484 11.229697 8.828792 7.078967 5.851304 5.021769 4.481661 4.142623 3.937328 3.817346 3.749625 3.712690 3.693212 3.683274 3.678366 3.676017 3.674928 3.674439 3.674224 3.674133 3.674093 3.674070 3.674047 3.674005 3.673914 3.673716 3.673297 3.672436 3.670714 3.667378 3.661114 3.649725 3.629681 3.595567 3.539484 3.450527 3.314618 3.115027 2.834027 2.456032 1.972210 1.385816 0.716379 0.000000 
50.000000 42.961061 36.199338 29.959330 24.426520 19.712187 15.851048 12.810433 10.507345 8.828792 7.651118 6.855349 6.337218 6.011971 5.815023 5.699917 5.634948 5.599512 5.580825 5.571290 5.566581 5.564328 5.563283 5.562813 5.562607 5.562519 5.562479 5.562456 5.562427 5.562373 5.562255 5.561997 5.561447 5.560312 5.558034 5.553596 5.545215 5.529869 5.502649 5.455906 5.378265 5.253673 5.060803 4.773395 4.362261 3.799813 3.067571 2.165979 1.123590 0.000000 
50.000000 43.371629 37.004294 31.128225 25.918082 21.478655 17.842641 14.979283 12.810433 11.229697 10.120635 9.371218 8.883259 8.576945 8.391459 8.283050 8.221859 8.188484 8.170883 8.161902 8.157466 8.155343 8.154359 8.153916 8.153723 8.153639 8.153600 8.153575 8.153543 8.153477 8.153331 8.153012 8.152332 8.150920 8.148073 8.142499 8.131906 8.112371 8.077430 8.016845 7.915078 7.749630 7.489642 7.095518 6.520777 5.717803 4.649206 3.305180 1.723314 0.000000 
50.000000 43.913639 38.066960 32.671357 27.887206 23.810728 20.471951 17.842641 15.851048 14.399484 13.381036 12.692838 12.244732 11.963431 11.793088 11.693527 11.637329 11.606676 11.590510 11.582262 11.578187 11.576238 11.575334 11.574927 11.574749 11.574671 11.574635 11.574609 11.574573 11.574497 11.574329 11.573960 11.573170 11.571522 11.568184 11.561614 11.549050 11.525711 11.483605 11.409851 11.284456 11.077653 10.747123 10.235976 9.473129 8.378979 6.880506 4.939933 2.595930 0.000000 
50.000000 44.601875 39.416321 34.630820 30.387611 26.772035 23.810728 21.478655 19.712187 18.424687 17.521338 16.910906 16.513429 16.263906 16.112804 16.024486 15.974634 15.947442 15.933101 15.925783 15.922168 15.920439 15.919637 15.919276 15.919117 15.919048 15.919015 15.918990 15.918952 15.918871 15.918691 15.918293 15.917438 15.915649 15.912010 15.904810 15.890959 15.865041 15.817878 15.734398 15.590660 15.349926 14.957879 14.337599 13.386017 11.975758 9.970237 7.264810 3.866698 0.000000 
50.000000 45.442152 41.063778 37.023173 33.440432 30.387611 27.887206 25.918082 24.426520 23.339375 22.576590 22.061136 21.725497 21.514791 21.387192 21.312611 21.270512 21.247548 21.235437 21.229256 21.226204 21.224743 21.224065 21.223760 21.223627 21.223568 21.223539 21.223516 21.223479 21.223400 21.223222 21.222828 21.221980 21.220199 21.216562 21.209331 21.195342 21.168989 21.120630 21.034151 20.883343 20.626708 20.200279 19.508228 18.411853 16.720216 14.192764 10.580469 5.758090 0.000000 
50.000000 46.428275 42.997189 39.830785 37.023173 34.630820 32.671357 31.128225 29.959330 29.107356 28.509571 28.105610 27.842568 27.677433 27.577430 27.518977 27.485982 27.467983 27.458490 27.453646 27.451254 27.450109 27.449577 27.449338 27.449233 27.449187 27.449164 27.449145 27.449112 27.449043 27.448885 27.448537 27.447783 27.446197 27.442947 27.436461 27.423848 27.399943 27.355747 27.275964 27.135147 26.891758 26.479019 25.790851 24.660583 22.830409 19.915392 15.392167 8.731040 0.000000 
50.000000 47.540411 45.177668 42.997189 41.063778 39.416321 38.066960 37.004294 36.199338 35.612625 35.200955 34.922762 34.741612 34.627887 34.559016 34.518760 34.496036 34.483640 34.477102 34.473766 34.472118 34.471329 34.470963 34.470798 34.470726 34.470694 34.470678 34.470664 34.470640 34.470588 34.470470 34.470208 34.469641 34.468444 34.465986 34.461064 34.451457 34.433161 34.399130 34.337213 34.226808 34.033360 33.699114 33.127027 32.151511 30.483309 27.605022 22.588834 13.899917 0.000000 
50.000000 48.745508 47.540411 46.428275 45.442152 44.601875 43.913639 43.371629 42.961061 42.661806 42.451831 42.309937 42.217539 42.159532 42.124403 42.103869 42.092278 42.085955 42.082620 42.080919 42.080078 42.079676 42.079489 42.079405 42.079368 42.079352 42.079343 42.079336 42.079323 42.079295 42.079232 42.079091 42.078786 42.078141 42.076815 42.074154 42.068947 42.058999 42.040420 42.006442 41.945427 41.837471 41.648314 41.317709 40.735178 39.684062 37.697235 33.640494 24.372754 0.000000 
50.000000 50.000000 50.000000 50.000000 50.000000 50.000000 50.000000 50.000000 50.000000 50.000000 50.000000 50.000000 50.000000 50.000000 50.000000 50.000000 50.000000 50.000000 50.000000 50.000000 50.000000 50.000000 50.000000 50.000000 50.000000 50.000000 50.000000 50.000000 50.000000 50.000000 50.000000 50.000000 50.000000 50.000000 50.000000 50.000000 50.000000 50.000000 50.000000 50.000000 50.000000 50.000000 50.000000 50.000000 50.000000 50.000000 50.000000 50.000000 50.000000 50.000000 
