50.000000 50.000000 50.000000 50.000000 50.000000 50.000000 50.000000 50.000000 50.000000 50.000000 50.000000 50.000000 50.000000 50.000000 50.000000 50.000000 50.000000 50.000000 50.000000 50.000000 50.000000 50.000000 50.000000 50.000000 50.000000 50.000000 50.000000 50.000000 50.000000 50.000000 50.000000 50.000000 50.000000 50.000000 50.000000 50.000000 50.000000 50.000000 50.000000 50.000000 50.000000 50.000000 50.000000 50.000000 50.000000 50.000000 50.000000 50.000000 50.000000 50.000000 
50.000000 38.218893 30.641742 27.240538 26.095844 25.791535 25.725190 25.712994 25.711064 25.710796 25.710763 25.710760 25.710759 25.710759 25.710759 25.710759 25.710759 25.710759 25.710759 25.710759 25.710759 25.710759 25.710759 25.710759 25.710759 25.710759 25.710759 25.710759 25.710759 25.710759 25.710759 25.710759 25.710759 25.710759 25.710759 25.710759 25.710759 25.710759 25.710759 25.710759 25.710757 25.710739 25.710584 25.709397 25.701294 25.652314 25.391568 24.171246 19.109447 0.000000 
50.000000 30.641742 18.199024 12.619184 10.743428 10.245407 10.136975 10.117070 10.113925 10.113489 10.113436 10.113430 10.113430 10.113429 10.113429 10.113429 10.113429 10.113429 10.113429 10.113429 10.113429 10.113429 10.113429 10.113429 10.113429 10.113429 10.113429 10.113429 10.113429 10.113429 10.113429 10.113429 10.113429 10.113429 10.113429 10.113429 10.113429 10.113429 10.113429 10.113429 10.113428 10.113412 10.113282 10.112303 10.105803 10.068136 9.880817 9.099512 6.470495 0.000000 
50.000000 27.240538 12.619184 6.067553 3.867195 3.283593 3.156666 3.133394 3.129720 3.129212 3.129150 3.129143 3.129142 3.129142 3.129142 3.129142 3.129142 3.129142 3.129142 3.129142 3.129142 3.129142 3.129142 3.129142 3.129142 3.129142 3.129142 3.129142 3.129142 3.129142 3.129142 3.129142 3.129142 3.129142 3.129142 3.129142 3.129142 3.129142 3.129142 3.129142 3.129141 3.129134 3.129075 3.128638 3.125792 3.109791 3.033777 2.738367 1.848971 0.000000 
50.000000 26.095844 10.743428 3.867195 1.559000 0.947138 0.814143 0.789772 0.785927 0.785396 0.785331 0.785324 0.785323 0.785323 0.785323 0.785323 0.785323 0.785323 0.785323 0.785323 0.785323 0.785323 0.785323 0.785323 0.785323 0.785323 0.785323 0.785323 0.785323 0.785323 0.785323 0.785323 0.785323 0.785323 0.785323 0.785323 0.785323 0.785323 0.785323 0.785323 0.785323 0.785321 0.785302 0.785167 0.784296 0.779500 0.757403 0.675292 0.443530 0.000000 
50.000000 25.791535 10.245407 3.283593 0.947138 0.327919 0.193354 0.168701 0.164813 0.164276 0.164210 0.164203 0.164202 0.164202 0.164202 0.164202 0.164202 0.164202 0.164202 0.164202 0.164202 0.164202 0.164202 0.164202 0.164202 0.164202 0.164202 0.164202 0.164202 0.164202 0.164202 0.164202 0.164202 0.164202 0.164202 0.164202 0.164202 0.164202 0.164202 0.164202 0.164202 0.164202 0.164197 0.164165 0.163959 0.162843 0.157801 0.139604 0.090241 0.000000 
50.000000 25.725190 10.136975 3.156666 0.814143 0.193354 0.058457 0.033745 0.029848 0.029310 0.029244 0.029237 0.029236 0.029236 0.029236 0.029236 0.029236 0.029236 0.029236 0.029236 0.029236 0.029236 0.029236 0.029236 0.029236 0.029236 0.029236 0.029236 0.029236 0.029236 0.029236 0.029236 0.029236 0.029236 0.029236 0.029236 0.029236 0.029236 0.029236 0.029236 0.029236 0.029236 0.029235 0.029229 0.029189 0.028976 0.028028 0.024671 0.015793 0.000000 
50.000000 25.712994 10.117070 3.133394 0.789772 0.168701 0.033745 0.009023 0.005124 0.004586 0.004520 0.004512 0.004512 0.004512 0.004512 0.004512 0.004512 0.004512 0.004512 0.004512 0.004512 0.004512 0.004512 0.004512 0.004512 0.004512 0.004512 0.004512 0.004512 0.004512 0.004512 0.004512 0.004512 0.004512 0.004512 0.004512 0.004512 0.004512 0.004512 0.004512 0.004512 0.004512 0.004512 0.004511 0.004504 0.004470 0.004318 0.003789 0.002410 0.000000 
50.000000 25.711064 10.113925 3.129720 0.785927 0.164813 0.029848 0.005124 0.001224 0.000686 0.000620 0.000613 0.000612 0.000612 0.000612 0.000612 0.000612 0.000612 0.000612 0.000612 0.000612 0.000612 0.000612 0.000612 0.000612 0.000612 0.000612 0.000612 0.000612 0.000612 0.000612 0.000612 0.000612 0.000612 0.000612 0.000612 0.000612 0.000612 0.000612 0.000612 0.000612 0.000612 0.000612 0.000612 0.000611 0.000606 0.000585 0.000512 0.000325 0.000000 
50.000000 25.710796 10.113489 3.129212 0.785396 0.164276 0.029310 0.004586 0.000686 0.000148 0.000082 0.000075 0.000074 0.000074 0.000074 0.000074 0.000074 0.000074 0.000074 0.000074 0.000074 0.000074 0.000074 0.000074 0.000074 0.000074 0.000074 0.000074 0.000074 0.000074 0.000074 0.000074 0.000074 0.000074 0.000074 0.000074 0.000074 0.000074 0.000074 0.000074 0.000074 0.000074 0.000074 0.000074 0.000074 0.000073 0.000071 0.000062 0.000039 0.000000 
50.000000 25.710763 10.113436 3.129150 0.785331 0.164210 0.029244 0.004520 0.000620 0.000082 0.000016 0.000009 0.000008 0.000008 0.000008 0.000008 0.000008 0.000008 0.000008 0.000008 0.000008 0.000008 0.000008 0.000008 0.000008 0.000008 0.000008 0.000008 0.000008 0.000008 0.000008 0.000008 0.000008 0.000008 0.000008 0.000008 0.000008 0.000008 0.000008 0.000008 0.000008 0.000008 0.000008 0.000008 0.000008 0.000008 0.000008 0.000007 0.000004 0.000000 
50.000000 25.710760 10.113430 3.129143 0.785324 0.164203 0.029237 0.004512 0.000613 0.000075 0.000009 0.000002 0.000001 0.000001 0.000001 0.000001 0.000001 0.000001 0.000001 0.000001 0.000001 0.000001 0.000001 0.000001 0.000001 0.000001 0.000001 0.000001 0.000001 0.000001 0.000001 0.000001 0.000001 0.000001 0.000001 0.000001 0.000001 0.000001 0.000001 0.000001 0.000001 0.000001 0.000001 0.000001 0.000001 0.000001 0.000001 0.000001 0.000000 0.000000 
50.000000 25.710759 10.113430 3.129142 0.785323 0.164202 0.029236 0.004512 0.000612 0.000074 0.000008 0.000001 0.000000 0.000000 0.000000 0.000000 0.000000 0.000000 0.000000 0.000000 0.000000 0.000000 0.000000 0.000000 0.000000 0.000000 0.000000 0.000000 0.000000 0.000000 0.000000 0.000000 0.000000 0.000000 0.000000 0.000000 0.000000 0.000000 0.000000 0.000000 0.000000 0.000000 0.000000 0.000000 0.000000 0.000000 0.000000 0.000000 0.000000 0.000000 
50.000000 25.710759 10.113429 3.129142 0.785323 0.164202 0.029236 0.004512 0.000612 0.000074 0.000008 0.000001 0.000000 0.000000 0.000000 0.000000 0.000000 0.000000 0.000000 0.000000 0.000000 0.000000 0.000000 0.000000 0.000000 0.000000 0.000000 0.000000 0.000000 0.000000 0.000000 0.000000 0.000000 0.000000 0.000000 0.000000 0.000000 0.000000 0.000000 0.000000 0.000000 0.000000 0.000000 0.000000 0.000000 0.000000 0.000000 0.000000 0.000000 0.000000 
50.000000 25.710759 10.113429 3.129142 0.785323 0.164202 0.029236 0.004512 0.000612 0.000074 0.000008 0.000001 0.000000 0.000000 0.000000 0.000000 0.000000 0.000000 0.000000 0.000000 0.000000 0.000000 0.000000 0.000000 0.000000 0.000000 0.000000 0.000000 0.000000 0.000000 0.000000 0.000000 0.000000 0.000000 0.000000 0.000000 0.000000 0.000000 0.000000 0.000000 0.000000 0.000000 0.000000 0.000000 0.000000 0.000000 0.000000 0.000000 0.000000 0.000000 
50.000000 25.710759 10.113429 3.129142 0.785323 0.164202 0.029236 0.004512 0.000612 0.000074 0.000008 0.000001 0.000000 0.000000 0.000000 0.000000 0.000000 0.000000 0.000000 0.000000 0.000000 0.000000 0.000000 0.000000 0.000000 0.000000 0.000000 0.000000 0.000000 0.000000 0.000000 0.000000 0.000000 0.000000 0.000000 0.000000 0.000000 0.000000 0.000000 0.000000 0.000000 0.000000 0.000000 0.000000 0.000000 0.000000 0.000000 0.000000 0.000000 0.000000 
50.000000 25.710759 10.113429 3.129142 0.785323 0.164202 0.029236 0.004512 0.000612 0.000074 0.000008 0.000001 0.000000 0.000000 0.000000 0.000000 0.000000 0.000000 0.000000 0.000000 0.000000 0.000000 0.000000 0.000000 0.000000 0.000000 0.000000 0.000000 0.000000 0.000000 0.000000 0.000000 0.000000 0.000000 0.000000 0.000000 0.000000 0.000000 0.000000 0.000000 0.000000 0.000000 0.000000 0.000000 0.000000 0.000000 0.000000 0.000000 0.000000 0.000000 
50.000000 25.710759 10.113429 3.129142 0.785323 0.164202 0.029236 0.004512 0.000612 0.000074 0.000008 0.000001 0.000000 0.000000 0.000000 0.000000 0.000000 0.000000 0.000000 0.000000 0.000000 0.000000 0.000000 0.000000 0.000000 0.000000 0.000000 0.000000 0.000000 0.000000 0.000000 0.000000 0.000000 0.000000 0.000000 0.000000 0.000000 0.000000 0.000000 0.000000 0.000000 0.000000 0.000000 0.000000 0.000000 0.000000 0.000000 0.000000 0.000000 0.000000 
50.000000 25.710759 10.113429 3.129142 0.785323 0.164202 0.029236 0.004512 0.000612 0.000074 0.000008 0.000001 0.000000 0.000000 0.000000 0.000000 0.000000 0.000000 0.000000 0.000000 0.000000 0.000000 0.000000 0.000000 0.000000 0.000000 0.000000 0.000000 0.000000 0.000000 0.000000 0.000000 0.000000 0.000000 0.000000 0.000000 0.000000 0.000000 0.000000 0.000000 0.000000 0.000000 0.000000 0.000000 0.000000 0.000000 0.000000 0.000000 0.000000 0.000000 
50.000000 25.710759 10.113429 3.129142 0.785323 0.164202 0.029236 0.004512 0.000612 0.000074 0.000008 0.000001 0.000000 0.000000 0.000000 0.000000 0.000000 0.000000 0.000000 0.000000 0.000000 0.000000 0.000000 0.000000 0.000000 0.000000 0.000000 0.000000 0.000000 0.000000 0.000000 0.000000 0.000000 0.000000 0.000000 0.000000 0.000000 0.000000 0.000000 0.000000 0.000000 0.000000 0.000000 0.000000 0.000000 0.000000 0.000000 0.000000 0.000000 0.000000 
50.000000 25.710759 10.113429 3.129142 0.785323 0.164202 0.029236 0.004512 0.000612 0.000074 0.000008 0.000001 0.000000 0.000000 0.000000 0.000000 0.000000 0.000000 0.000000 0.000000 0.000000 0.000000 0.000000 0.000000 0.000000 0.000000 0.000000 0.000000 0.000000 0.000000 0.000000 0.000000 0.000000 0.000000 0.000000 0.000000 0.000000 0.000000 0.000000 0.000000 0.000000 0.000000 0.000000 0.000000 0.000000 0.000000 0.000000 0.000000 0.000000 0.000000 
50.000000 25.710759 10.113429 3.129142 0.785323 0.164202 0.029236 0.004512 0.000612 0.000074 0.000008 0.000001 0.000000 0.000000 0.000000 0.000000 0.000000 0.000000 0.000000 0.000000 0.000000 0.000000 0.000000 0.000000 0.000000 0.000000 0.000000 0.000000 0.000000 0.000000 0.000000 0.000000 0.000000 0.000000 0.000000 0.000000 0.000000 0.000000 0.000000 0.000000 0.000000 0.000000 0.000000 0.000000 0.000000 0.000000 0.000000 0.000000 0.000000 0.000000 
50.000000 25.710759 10.113429 3.129142 0.785323 0.164202 0.029236 0.004512 0.000612 0.000074 0.000008 0.000001 0.000000 0.000000 0.000000 0.000000 0.000000 0.000000 0.000000 0.000000 0.000000 0.000000 0.000000 0.000000 0.000000 0.000000 0.000000 0.000000 0.000000 0.000000 0.000000 0.000000 0.000000 0.000000 0.000000 0.000000 0.000000 0.000000 0.000000 0.000000 0.000000 0.000000 0.000000 0.000000 0.000000 0.000000 0.000000 0.000000 0.000000 0.000000 
50.000000 25.710759 10.113429 3.129142 0.785323 0.164202 0.029236 0.004512 0.000612 0.000074 0.000008 0.000001 0.000000 0.000000 0.000000 0.000000 0.000000 0.000000 0.000000 0.000000 0.000000 0.000000 0.000000 0.000000 0.000000 0.000000 0.000000 0.000000 0.000000 0.000000 0.000000 0.000000 0.000000 0.000000 0.000000 0.000000 0.000000 0.000000 0.000000 0.000000 0.000000 0.000000 0.000000 0.000000 0.000000 0.000000 0.000000 0.000000 0.000000 0.000000 
50.000000 25.710759 10.113429 3.129142 0.785323 0.164202 0.029236 0.004512 0.000612 0.000074 0.000008 0.000001 0.000000 0.000000 0.000000 0.000000 0.000000 0.000000 0.000000 0.000000 0.000000 0.000000 0.000000 0.000000 0.000000 0.000000 0.000000 0.000000 0.000000 0.000000 0.000000 0.000000 0.000000 0.000000 0.000000 0.000000 0.000000 0.000000 0.000000 0.000000 0.000000 0.000000 0.000000 0.000000 0.000000 0.000000 0.000000 0.000000 0.000000 0.000000 
50.000000 25.710759 10.113429 3.129142 0.785323 0.164202 0.029236 0.004512 0.000612 0.000074 0.000008 0.000001 0.000000 0.000000 0.000000 0.000000 0.000000 0.000000 0.000000 0.000000 0.000000 0.000000 0.000000 0.000000 0.000000 0.000000 0.000000 0.000000 0.000000 0.000000 0.000000 0.000000 0.000000 0.000000 0.000000 0.000000 0.000000 0.000000 0.000000 0.000000 0.000000 0.000000 0.000000 0.000000 0.000000 0.000000 0.000000 0.000000 0.000000 0.000000 
50.000000 25.710759 10.113429 3.129142 0.785323 0.164202 0.029236 0.004512 0.000612 0.000074 0.000008 0.000001 0.000000 0.000000 0.000000 0.000000 0.000000 0.000000 0.000000 0.000000 0.000000 0.000000 0.000000 0.000000 0.000000 0.000000 0.000000 0.000000 0.000000 0.000000 0.000000 0.000000 0.000000 0.000000 0.000000 0.000000 0.000000 0.000000 0.000000 0.000000 0.000000 0.000000 0.000000 0.000000 0.000000 0.000000 0.000000 0.000000 0.000000 0.000000 
50.000000 25.710759 10.113429 3.129142 0.785323 0.164202 0.029236 0.004512 0.000612 0.000074 0.000008 0.000001 0.000000 0.000000 0.000000 0.000000 0.000000 0.000000 0.000000 0.000000 0.000000 0.000000 0.000000 0.000000 0.000000 0.000000 0.000000 0.000000 0.000000 0.000000 0.000000 0.000000 0.000000 0.000000 0.000000 0.000000 0.000000 0.000000 0.000000 0.000000 0.000000 0.000000 0.000000 0.000000 0.000000 0.000000 0.000000 0.000000 0.000000 0.000000 
50.000000 25.710759 10.113429 3.129142 0.785323 0.164202 0.029236 0.004512 0.000612 0.000074 0.000008 0.000001 0.000000 0.000000 0.000000 0.000000 0.000000 0.000000 0.000000 0.000000 0.000000 0.000000 0.000000 0.000000 0.000000 0.000000 0.000000 0.000000 0.000000 0.000000 0.000000 0.000000 0.000000 0.000000 0.000000 0.000000 0.000000 0.000000 0.000000 0.000000 0.000000 0.000000 0.000000 0.000000 0.000000 0.000000 0.000000 0.000000 0.000000 0.000000 
50.000000 25.710759 10.113429 3.129142 0.785323 0.164202 0.029236 0.004512 0.000612 0.000074 0.000008 0.000001 0.000000 0.000000 0.000000 0.000000 0.000000 0.000000 0.000000 0.000000 0.000000 0.000000 0.000000 0.000000 0.000000 0.000000 0.000000 0.000000 0.000000 0.000000 0.000000 0.000000 0.000000 0.000000 0.000000 0.000000 0.000000 0.000000 0.000000 0.000000 0.000000 0.000000 0.000000 0.000000 0.000000 0.000000 0.000000 0.000000 0.000000 0.000000 
50.000000 25.710759 10.113429 3.129142 0.785323 0.164202 0.029236 0.004512 0.000612 0.000074 0.000008 0.000001 0.000000 0.000000 0.000000 0.000000 0.000000 0.000000 0.000000 0.000000 0.000000 0.000000 0.000000 0.000000 0.000000 0.000000 0.000000 0.000000 0.000000 0.000000 0.000000 0.000000 0.000000 0.000000 0.000000 0.000000 0.000000 0.000000 0.000000 0.000000 0.000000 0.000000 0.000000 0.000000 0.000000 0.000000 0.000000 0.000000 0.000000 0.000000 
50.000000 25.710759 10.113429 3.129142 0.785323 0.164202 0.029236 0.004512 0.000612 0.000074 0.000008 0.000001 0.000000 0.000000 0.000000 0.000000 0.000000 0.000000 0.000000 0.000000 0.000000 0.000000 0.000000 0.000000 0.000000 0.000000 0.000000 0.000000 0.000000 0.000000 0.000000 0.000000 0.000000 0.000000 0.000000 0.000000 0.000000 0.000000 0.000000 0.000000 0.000000 0.000000 0.000000 0.000000 0.000000 0.000000 0.000000 0.000000 0.000000 0.000000 
50.000000 25.710759 10.113429 3.129142 0.785323 0.164202 0.029236 0.004512 0.000612 0.000074 0.000008 0.000001 0.000000 0.000000 0.000000 0.000000 0.000000 0.000000 0.000000 0.000000 0.000000 0.000000 0.000000 0.000000 0.000000 0.000000 0.000000 0.000000 0.000000 0.000000 0.000000 0.000000 0.000000 0.000000 0.000000 0.000000 0.000000 0.000000 0.000000 0.000000 0.000000 0.000000 0.000000 0.000000 0.000000 0.000000 0.000000 0.000000 0.000000 0.000000 
50.000000 25.710759 10.113429 3.129142 0.785323 0.164202 0.029236 0.004512 0.000612 0.000074 0.000008 0.000001 0.000000 0.000000 0.000000 0.000000 0.000000 0.000000 0.000000 0.000000 0.000000 0.000000 0.000000 0.000000 0.000000 0.000000 0.000000 0.000000 0.000000 0.000000 0.000000 0.000000 0.000000 0.000000 0.000000 0.000000 0.000000 0.000000 0.000000 0.000000 0.000000 0.000000 0.000000 0.000000 0.000000 0.000000 0.000000 0.000000 0.000000 0.000000 
50.000000 25.710759 10.113429 3.129142 0.785323 0.164202 0.029236 0.004512 0.000612 0.000074 0.000008 0.000001 0.000000 0.000000 0.000000 0.000000 0.000000 0.000000 0.000000 0.000000 0.000000 0.000000 0.000000 0.000000 0.000000 0.000000 0.000000 0.000000 0.000000 0.000000 0.000000 0.000000 0.000000 0.000000 0.000000 0.000000 0.000000 0.000000 0.000000 0.000000 0.000000 0.000000 0.000000 0.000000 0.000000 0.000000 0.000000 0.000000 0.000000 0.000000 
50.000000 25.710759 10.113429 3.129142 0.785323 0.164202 0.029236 0.004512 0.000612 0.000074 0.000008 0.000001 0.000000 0.000000 0.000000 0.000000 0.000000 0.000000 0.000000 0.000000 0.000000 0.000000 0.000000 0.000000 0.000000 0.000000 0.000000 0.000000 0.000000 0.000000 0.000000 0.000000 0.000000 0.000000 0.000000 0.000000 0.000000 0.000000 0.000000 0.000000 0.000000 0.000000 0.000000 0.000000 0.000000 0.000000 0.000000 0.000000 0.000000 0.000000 
50.000000 25.710759 10.113429 3.129142 0.785323 0.164202 0.029236 0.004512 0.000612 0.000074 0.000008 0.000001 0.000000 0.000000 0.000000 0.000000 0.000000 0.000000 0.000000 0.000000 0.000000 0.000000 0.000000 0.000000 0.000000 0.000000 0.000000 0.000000 0.000000 0.000000 0.000000 0.000000 0.000000 0.000000 0.000000 0.000000 0.000000 0.000000 0.000000 0.000000 0.000000 0.000000 0.000000 0.000000 0.000000 0.000000 0.000000 0.000000 0.000000 0.000000 
50.000000 25.710759 10.113430 3.129142 0.785323 0.164202 0.029236 0.004512 0.000612 0.000074 0.000008 0.000001 0.000000 0.000000 0.000000 0.000000 0.000000 0.000000 0.000000 0.000000 0.000000 0.000000 0.000000 0.000000 0.000000 0.000000 0.000000 0.000000 0.000000 0.000000 0.000000 0.000000 0.000000 0.000000 0.000000 0.000000 0.000000 0.000000 0.000000 0.000000 0.000000 0.000000 0.000000 0.000000 0.000000 0.000000 0.000000 0.000000 0.000000 0.000000 
50.000000 25.710760 10.113430 3.129143 0.785324 0.164203 0.029237 0.004512 0.000613 0.000075 0.000009 0.000002 0.000001 0.000001 0.000001 0.000001 0.000001 0.000001 0.000001 0.000001 0.000001 0.000001 0.000001 0.000001 0.000001 0.000001 0.000001 0.000001 0.000001 0.000001 0.000001 0.000001 0.000001 0.000001 0.000001 0.000001 0.000001 0.000001 0.000001 0.000001 0.000001 0.000001 0.000001 0.000001 0.000001 0.000001 0.000001 0.000001 0.000000 0.000000 
50.000000 25.710763 10.113436 3.129150 0.785331 0.164210 0.029244 0.004520 0.000620 0.000082 0.000016 0.000009 0.000008 0.000008 0.000008 0.000008 0.000008 0.000008 0.000008 0.000008 0.000008 0.000008 0.000008 0.000008 0.000008 0.000008 0.000008 0.000008 0.000008 0.000008 0.000008 0.000008 0.000008 0.000008 0.000008 0.000008 0.000008 0.000008 0.000008 0.000008 0.000008 0.000008 0.000008 0.000008 0.000008 0.000008 0.000008 0.000007 0.000004 0.000000 
50.000000 25.710796 10.113489 3.129212 0.785396 0.164276 0.029310 0.004586 0.000686 0.000148 0.000082 0.000075 0.000074 0.000074 0.000074 0.000074 0.000074 0.000074 0.000074 0.000074 0.000074 0.000074 0.000074 0.000074 0.000074 0.000074 0.000074 0.000074 0.000074 0.000074 0.000074 0.000074 0.000074 0.000074 0.000074 0.000074 0.000074 0.000074 0.000074 0.000074 0.000074 0.000074 0.000074 0.000074 0.000074 0.000073 0.000071 0.000062 0.000039 0.000000 
50.000000 25.711064 10.113925 3.129720 0.785927 0.164813 0.029848 0.005124 0.001224 0.000686 0.000620 0.000613 0.000612 0.000612 0.000612 0.000612 0.000612 0.000612 0.000612 0.000612 0.000612 0.000612 0.000612 0.000612 0.000612 0.000612 0.000612 0.000612 0.000612 0.000612 0.000612 0.000612 0.000612 0.000612 0.000612 0.000612 0.000612 0.000612 0.000612 0.000612 0.000612 0.000612 0.000612 0.000612 0.000611 0.000606 0.000585 0.000512 0.000325 0.000000 
50.000000 25.712994 10.117070 3.133394 0.789772 0.168701 0.033745 0.009023 0.005124 0.004586 0.004520 0.004512 0.004512 0.004512 0.004512 0.004512 0.004512 0.004512 0.004512 0.004512 0.004512 0.004512 0.004512 0.004512 0.004512 0.004512 0.004512 0.004512 0.004512 0.004512 0.004512 0.004512 0.004512 0.004512 0.004512 0.004512 0.004512 0.004512 0.004512 0.004512 0.004512 0.004512 0.004512 0.004511 0.004504 0.004470 0.004318 0.003789 0.002410 0.000000 
50.000000 25.725190 10.136975 3.156666 0.814143 0.193354 0.058457 0.033745 0.029848 0.029310 0.029244 0.029237 0.029236 0.029236 0.029236 0.029236 0.029236 0.029236 0.029236 0.029236 0.029236 0.029236 0.029236 0.029236 0.029236 0.029236 0.029236 0.029236 0.029236 0.029236 0.029236 0.029236 0.029236 0.029236 0.029236 0.029236 0.029236 0.029236 0.029236 0.029236 0.029236 0.029236 0.029235 0.029229 0.029189 0.028976 0.028028 0.024671 0.015793 0.000000 
50.000000 25.791535 10.245407 3.283593 0.947138 0.327919 0.193354 0.168701 0.164813 0.164276 0.164210 0.164203 0.164202 0.164202 0.164202 0.164202 0.164202 0.164202 0.164202 0.164202 0.164202 0.164202 0.164202 0.164202 0.164202 0.164202 0.164202 0.164202 0.164202 0.164202 0.164202 0.164202 0.164202 0.164202 0.164202 0.164202 0.164202 0.164202 0.164202 0.164202 0.164202 0.164202 0.164197 0.164165 0.163959 0.162843 0.157801 0.139604 0.090241 0.000000 
50.000000 26.095844 10.743428 3.867195 1.559000 0.947138 0.814143 0.789772 0.785927 0.785396 0.785331 0.785324 0.785323 0.785323 0.785323 0.785323 0.785323 0.785323 0.785323 0.785323 0.785323 0.785323 0.785323 0.785323 0.785323 0.785323 0.785323 0.785323 0.785323 0.785323 0.785323 0.785323 0.785323 0.785323 0.785323 0.785323 0.785323 0.785323 0.785323 0.785323 0.785323 0.785321 0.785302 0.785167 0.784296 0.779500 0.757403 0.675292 0.443530 0.000000 
50.000000 27.240538 12.619184 6.067553 3.867195 3.283593 3.156666 3.133394 3.129720 3.129212 3.129150 3.129143 3.129142 3.129142 3.129142 3.129142 3.129142 3.129142 3.129142 3.129142 3.129142 3.129142 3.129142 3.129142 3.129142 3.129142 3.129142 3.129142 3.129142 3.129142 3.129142 3.129142 3.129142 3.129142 3.129142 3.129142 3.129142 3.129142 3.129142 3.129142 3.129141 3.129134 3.129075 3.128638 3.125792 3.109791 3.033777 2.738367 1.848971 0.000000 
50.000000 30.641742 18.199024 12.619184 10.743428 10.245407 10.136975 10.117070 10.113925 10.113489 10.113436 10.113430 10.113430 10.113429 10.113429 10.113429 10.113429 10.113429 10.113429 10.113429 10.113429 10.113429 10.113429 10.113429 10.113429 10.113429 10.113429 10.113429 10.113429 10.113429 10.113429 10.113429 10.113429 10.113429 10.113429 10.113429 10.113429 10.113429 10.113429 10.113429 10.113428 10.113412 10.113282 10.112303 10.105803 10.068136 9.880817 9.099512 6.470495 0.000000 
50.000000 38.218893 30.641742 27.240538 26.095844 25.791535 25.725190 25.712994 25.711064 25.710796 25.710763 25.710760 25.710759 25.710759 25.710759 25.710759 25.710759 25.710759 25.710759 25.710759 25.710759 25.710759 25.710759 25.710759 25.710759 25.710759 25.710759 25.710759 25.710759 25.710759 25.710759 25.710759 25.710759 25.710759 25.710759 25.710759 25.710759 25.710759 25.710759 25.710759 25.710757 25.710739 25.710584 25.709397 25.701294 25.652314 25.391568 24.171246 19.109447 0.000000 
50.000000 50.000000 50.000000 50.000000 50.000000 50.000000 50.000000 50.000000 50.000000 50.000000 50.000000 50.000000 50.000000 50.000000 50.000000 50.000000 50.000000 50.000000 50.000000 50.000000 50.000000 50.000000 50.000000 50.000000 50.000000 50.000000 50.000000 50.000000 50.000000 50.000000 50.000000 50.000000 50.000000 50.000000 50.000000 50.000000 50.000000 50.000000 50.000000 50.000000 50.000000 50.000000 50.000000 50.000000 50.000000 50.000000 50.000000 50.000000 50.000000 50.000000 
