50.000000 50.000000 50.000000 50.000000 50.000000 50.000000 50.000000 50.000000 50.000000 50.000000 50.000000 50.000000 50.000000 50.000000 50.000000 50.000000 50.000000 50.000000 50.000000 50.000000 50.000000 50.000000 50.000000 50.000000 50.000000 50.000000 50.000000 50.000000 50.000000 50.000000 50.000000 50.000000 50.000000 50.000000 50.000000 50.000000 50.000000 50.000000 50.000000 50.000000 50.000000 50.000000 50.000000 50.000000 50.000000 50.000000 50.000000 50.000000 50.000000 50.000000 
50.000000 48.086576 46.287993 44.698449 43.377031 42.343011 41.580730 41.050764 40.702882 40.487000 40.360181 40.289558 40.252223 40.233459 40.224482 40.220386 40.218603 40.217860 40.217565 40.217451 40.217410 40.217395 40.217391 40.217389 40.217388 40.217388 40.217388 40.217388 40.217388 40.217387 40.217385 40.217378 40.217358 40.217304 40.217159 40.216784 40.215850 40.213610 40.208424 40.196828 40.171744 40.119105 40.011501 39.795863 39.368094 38.515664 36.771830 32.997928 24.043288 0.000000 
50.000000 46.287993 42.798783 39.715119 37.151627 35.145694 33.666932 32.638857 31.964015 31.545241 31.299237 31.162246 31.089827 31.053432 31.036019 31.028076 31.024617 31.023177 31.022603 31.022384 31.022303 31.022275 31.022265 31.022262 31.022261 31.022261 31.022261 31.022261 31.022260 31.022259 31.022255 31.022243 31.022207 31.022110 31.021850 31.021181 31.019520 31.015547 31.006389 30.986021 30.942284 30.851425 30.668365 30.309330 29.620521 28.320297 25.891949 21.399392 13.290065 0.000000 
50.000000 44.698449 39.715119 35.311024 31.649881 28.785076 26.673194 25.204986 24.241259 23.643231 23.291938 23.096320 22.992912 22.940946 22.916083 22.904742 22.899804 22.897748 22.896928 22.896616 22.896501 22.896460 22.896447 22.896442 22.896441 22.896440 22.896440 22.896440 22.896440 22.896438 22.896433 22.896417 22.896373 22.896252 22.895928 22.895097 22.893042 22.888152 22.876948 22.852229 22.799694 22.692059 22.479240 22.072631 21.321060 19.976712 17.655512 13.823170 7.926619 0.000000 
50.000000 43.377031 37.151627 31.649881 27.076317 23.497613 20.859517 19.025524 17.821731 17.074759 16.635987 16.391667 16.262520 16.197620 16.166571 16.152410 16.146243 16.143676 16.142653 16.142263 16.142119 16.142069 16.142052 16.142046 16.142045 16.142044 16.142044 16.142044 16.142043 16.142041 16.142036 16.142020 16.141974 16.141849 16.141515 16.140661 16.138561 16.133593 16.122295 16.097601 16.045740 15.941105 15.738313 15.360956 14.687534 13.538158 11.673170 8.831331 4.861367 0.000000 
50.000000 42.343011 35.145694 28.785076 23.497613 19.360382 16.310631 14.190517 12.798964 11.935515 11.428345 11.145951 10.996684 10.921677 10.885795 10.869430 10.862304 10.859338 10.858156 10.857705 10.857539 10.857481 10.857461 10.857455 10.857453 10.857452 10.857452 10.857452 10.857451 10.857450 10.857445 10.857430 10.857389 10.857275 10.856974 10.856207 10.854330 10.849921 10.839974 10.818447 10.773792 10.685068 10.516407 10.210136 9.680191 8.810080 7.464015 5.525174 2.974917 0.000000 
50.000000 41.580730 33.666932 26.673194 20.859517 16.310631 12.957508 10.626563 9.096678 8.147429 7.589884 7.279454 7.115375 7.032930 6.993491 6.975504 6.967673 6.964413 6.963115 6.962619 6.962437 6.962373 6.962351 6.962344 6.962342 6.962341 6.962341 6.962341 6.962341 6.962339 6.962335 6.962323 6.962289 6.962197 6.961952 6.961333 6.959828 6.956314 6.948452 6.931604 6.897070 6.829448 6.703164 6.478754 6.100495 5.498561 4.600563 3.357602 1.784867 0.000000 
50.000000 41.050764 32.638857 25.204986 19.025524 14.190517 10.626563 8.149121 6.523132 5.514287 4.921758 4.591862 4.417503 4.329895 4.287989 4.268878 4.260557 4.257094 4.255715 4.255188 4.254995 4.254927 4.254904 4.254896 4.254894 4.254893 4.254893 4.254893 4.254893 4.254892 4.254889 4.254880 4.254854 4.254786 4.254605 4.254149 4.253047 4.250492 4.244820 4.232781 4.208379 4.161230 4.074560 3.923398 3.674110 3.287211 2.725746 1.970492 1.039263 0.000000 
50.000000 40.702882 31.964015 24.241259 17.821731 12.798964 9.096678 6.523132 4.834111 3.786185 3.170723 2.828070 2.646973 2.555985 2.512462 2.492616 2.483975 2.480379 2.478946 2.478399 2.478199 2.478128 2.478104 2.478097 2.478094 2.478094 2.478093 2.478093 2.478093 2.478092 2.478090 2.478084 2.478067 2.478019 2.477896 2.477587 2.476843 2.475130 2.471355 2.463413 2.447478 2.417055 2.361903 2.267230 2.113896 1.880626 1.549200 1.112589 0.583777 0.000000 
50.000000 40.487000 31.545241 23.643231 17.074759 11.935515 8.147429 5.514287 3.786185 2.714037 2.084363 1.733806 1.548538 1.455456 1.410934 1.390632 1.381794 1.378115 1.376650 1.376090 1.375885 1.375813 1.375789 1.375781 1.375778 1.375778 1.375777 1.375777 1.375777 1.375777 1.375775 1.375771 1.375760 1.375730 1.375652 1.375457 1.374991 1.373923 1.371587 1.366711 1.357019 1.338707 1.305907 1.250359 1.161723 1.029018 0.843538 0.602957 0.315256 0.000000 
50.000000 40.360181 31.299237 23.291938 16.635987 11.428345 7.589884 4.921758 3.170723 2.084363 1.446353 1.091163 0.903450 0.809141 0.764033 0.743465 0.734510 0.730784 0.729300 0.728733 0.728525 0.728452 0.728427 0.728419 0.728417 0.728416 0.728416 0.728416 0.728415 0.728415 0.728414 0.728412 0.728405 0.728388 0.728341 0.728227 0.727954 0.727331 0.725979 0.723177 0.717652 0.707310 0.688977 0.658280 0.609898 0.538387 0.439709 0.313216 0.163352 0.000000 
50.000000 40.289558 31.162246 23.096320 16.391667 11.145951 7.279454 4.591862 2.828070 1.733806 1.091163 0.733397 0.544326 0.449336 0.403903 0.383187 0.374168 0.370415 0.368920 0.368349 0.368140 0.368066 0.368042 0.368033 0.368031 0.368030 0.368030 0.368030 0.368030 0.368030 0.368029 0.368028 0.368024 0.368014 0.367989 0.367925 0.367775 0.367434 0.366699 0.365184 0.362219 0.356714 0.347042 0.331002 0.305977 0.269372 0.219372 0.155857 0.081133 0.000000 
50.000000 40.252223 31.089827 22.992912 16.262520 10.996684 7.115375 4.417503 2.646973 1.548538 0.903450 0.544326 0.354538 0.259189 0.213585 0.192791 0.183738 0.179971 0.178471 0.177898 0.177688 0.177614 0.177589 0.177581 0.177578 0.177577 0.177577 0.177577 0.177577 0.177577 0.177577 0.177576 0.177574 0.177569 0.177556 0.177523 0.177445 0.177269 0.176891 0.176118 0.174615 0.171843 0.167010 0.159061 0.146763 0.128927 0.104760 0.074280 0.038613 0.000000 
50.000000 40.233459 31.053432 22.940946 16.197620 10.921677 7.032930 4.329895 2.555985 1.455456 0.809141 0.449336 0.259189 0.163661 0.117971 0.097138 0.088068 0.084294 0.082791 0.082217 0.082006 0.081932 0.081907 0.081899 0.081897 0.081896 0.081896 0.081896 0.081896 0.081895 0.081895 0.081895 0.081894 0.081891 0.081885 0.081869 0.081830 0.081745 0.081561 0.081188 0.080465 0.079141 0.076848 0.073102 0.067347 0.059059 0.047903 0.033912 0.017609 0.000000 
50.000000 40.224482 31.036019 22.916083 16.166571 10.885795 6.993491 4.287989 2.512462 1.410934 0.764033 0.403903 0.213585 0.117971 0.072240 0.051388 0.042311 0.038534 0.037029 0.036454 0.036244 0.036170 0.036145 0.036136 0.036134 0.036133 0.036133 0.036133 0.036133 0.036133 0.036133 0.036132 0.036132 0.036131 0.036128 0.036120 0.036102 0.036063 0.035978 0.035807 0.035477 0.034875 0.033840 0.032157 0.029588 0.025910 0.020986 0.014838 0.007698 0.000000 
50.000000 40.220386 31.028076 22.904742 16.152410 10.869430 6.975504 4.268878 2.492616 1.390632 0.743465 0.383187 0.192791 0.097138 0.051388 0.030528 0.021447 0.017668 0.016162 0.015588 0.015377 0.015303 0.015278 0.015270 0.015267 0.015266 0.015266 0.015266 0.015266 0.015266 0.015266 0.015266 0.015266 0.015265 0.015264 0.015260 0.015253 0.015235 0.015198 0.015123 0.014980 0.014719 0.014273 0.013552 0.012456 0.010895 0.008814 0.006225 0.003228 0.000000 
50.000000 40.218603 31.024617 22.899804 16.146243 10.862304 6.967673 4.260557 2.483975 1.381794 0.734510 0.374168 0.183738 0.088068 0.042311 0.021447 0.012364 0.008585 0.007079 0.006504 0.006294 0.006219 0.006194 0.006186 0.006184 0.006183 0.006183 0.006183 0.006183 0.006183 0.006182 0.006182 0.006182 0.006182 0.006182 0.006180 0.006177 0.006170 0.006154 0.006123 0.006063 0.005956 0.005772 0.005476 0.005029 0.004394 0.003552 0.002507 0.001299 0.000000 
50.000000 40.217860 31.023177 22.897748 16.143676 10.859338 6.964413 4.257094 2.480379 1.378115 0.730784 0.370415 0.179971 0.084294 0.038534 0.017668 0.008585 0.004805 0.003299 0.002724 0.002514 0.002439 0.002414 0.002406 0.002404 0.002403 0.002403 0.002402 0.002402 0.002402 0.002402 0.002402 0.002402 0.002402 0.002402 0.002401 0.002400 0.002397 0.002391 0.002379 0.002355 0.002312 0.002240 0.002124 0.001949 0.001702 0.001374 0.000969 0.000502 0.000000 
50.000000 40.217565 31.022603 22.896928 16.142653 10.858156 6.963115 4.255715 2.478946 1.376650 0.729300 0.368920 0.178471 0.082791 0.037029 0.016162 0.007079 0.003299 0.001793 0.001218 0.001008 0.000934 0.000908 0.000900 0.000898 0.000897 0.000897 0.000897 0.000897 0.000897 0.000897 0.000897 0.000897 0.000897 0.000896 0.000896 0.000896 0.000895 0.000892 0.000888 0.000879 0.000862 0.000835 0.000791 0.000726 0.000633 0.000511 0.000360 0.000186 0.000000 
50.000000 40.217451 31.022384 22.896616 16.142263 10.857705 6.962619 4.255188 2.478399 1.376090 0.728733 0.368349 0.177898 0.082217 0.036454 0.015588 0.006504 0.002724 0.001218 0.000643 0.000433 0.000359 0.000334 0.000325 0.000323 0.000322 0.000322 0.000322 0.000322 0.000322 0.000322 0.000322 0.000322 0.000322 0.000322 0.000322 0.000321 0.000321 0.000320 0.000318 0.000315 0.000309 0.000299 0.000284 0.000260 0.000227 0.000183 0.000129 0.000067 0.000000 
50.000000 40.217410 31.022303 22.896501 16.142119 10.857539 6.962437 4.254995 2.478199 1.375885 0.728525 0.368140 0.177688 0.082006 0.036244 0.015377 0.006294 0.002514 0.001008 0.000433 0.000222 0.000148 0.000123 0.000115 0.000112 0.000111 0.000111 0.000111 0.000111 0.000111 0.000111 0.000111 0.000111 0.000111 0.000111 0.000111 0.000111 0.000111 0.000111 0.000110 0.000109 0.000107 0.000103 0.000098 0.000090 0.000078 0.000063 0.000044 0.000023 0.000000 
50.000000 40.217395 31.022275 22.896460 16.142069 10.857481 6.962373 4.254927 2.478128 1.375813 0.728452 0.368066 0.177614 0.081932 0.036170 0.015303 0.006219 0.002439 0.000934 0.000359 0.000148 0.000074 0.000049 0.000041 0.000038 0.000037 0.000037 0.000037 0.000037 0.000037 0.000037 0.000037 0.000037 0.000037 0.000037 0.000037 0.000037 0.000037 0.000037 0.000037 0.000036 0.000035 0.000034 0.000033 0.000030 0.000026 0.000021 0.000015 0.000008 0.000000 
50.000000 40.217391 31.022265 22.896447 16.142052 10.857461 6.962351 4.254904 2.478105 1.375789 0.728427 0.368042 0.177589 0.081907 0.036145 0.015278 0.006194 0.002414 0.000909 0.000334 0.000123 0.000049 0.000024 0.000016 0.000013 0.000012 0.000012 0.000012 0.000012 0.000012 0.000012 0.000012 0.000012 0.000012 0.000012 0.000012 0.000012 0.000012 0.000012 0.000012 0.000012 0.000011 0.000011 0.000010 0.000010 0.000008 0.000007 0.000005 0.000002 0.000000 
50.000000 40.217389 31.022262 22.896442 16.142046 10.857455 6.962344 4.254896 2.478097 1.375781 0.728419 0.368033 0.177581 0.081899 0.036136 0.015270 0.006186 0.002406 0.000900 0.000325 0.000115 0.000041 0.000016 0.000007 0.000005 0.000004 0.000004 0.000004 0.000004 0.000004 0.000004 0.000004 0.000004 0.000004 0.000004 0.000004 0.000004 0.000004 0.000004 0.000004 0.000004 0.000004 0.000003 0.000003 0.000003 0.000003 0.000002 0.000001 0.000001 0.000000 
50.000000 40.217388 31.022261 22.896441 16.142045 10.857453 6.962342 4.254894 2.478095 1.375779 0.728417 0.368031 0.177579 0.081897 0.036134 0.015267 0.006184 0.002404 0.000898 0.000323 0.000113 0.000038 0.000013 0.000005 0.000003 0.000002 0.000002 0.000001 0.000001 0.000001 0.000001 0.000001 0.000001 0.000001 0.000001 0.000001 0.000001 0.000001 0.000001 0.000001 0.000001 0.000001 0.000001 0.000001 0.000001 0.000001 0.000001 0.000001 0.000000 0.000000 
50.000000 40.217388 31.022261 22.896441 16.142045 10.857453 6.962342 4.254894 2.478095 1.375779 0.728417 0.368031 0.177579 0.081897 0.036134 0.015267 0.006184 0.002404 0.000898 0.000323 0.000113 0.000038 0.000013 0.000005 0.000003 0.000002 0.000002 0.000001 0.000001 0.000001 0.000001 0.000001 0.000001 0.000001 0.000001 0.000001 0.000001 0.000001 0.000001 0.000001 0.000001 0.000001 0.000001 0.000001 0.000001 0.000001 0.000001 0.000001 0.000000 0.000000 
50.000000 40.217389 31.022262 22.896442 16.142046 10.857455 6.962344 4.254896 2.478097 1.375781 0.728419 0.368033 0.177581 0.081899 0.036136 0.015270 0.006186 0.002406 0.000900 0.000325 0.000115 0.000041 0.000016 0.000007 0.000005 0.000004 0.000004 0.000004 0.000004 0.000004 0.000004 0.000004 0.000004 0.000004 0.000004 0.000004 0.000004 0.000004 0.000004 0.000004 0.000004 0.000004 0.000003 0.000003 0.000003 0.000003 0.000002 0.000001 0.000001 0.000000 
50.000000 40.217391 31.022265 22.896447 16.142052 10.857461 6.962351 4.254904 2.478105 1.375789 0.728427 0.368042 0.177589 0.081907 0.036145 0.015278 0.006194 0.002414 0.000909 0.000334 0.000123 0.000049 0.000024 0.000016 0.000013 0.000012 0.000012 0.000012 0.000012 0.000012 0.000012 0.000012 0.000012 0.000012 0.000012 0.000012 0.000012 0.000012 0.000012 0.000012 0.000012 0.000011 0.000011 0.000010 0.000010 0.000008 0.000007 0.000005 0.000002 0.000000 
50.000000 40.217395 31.022275 22.896460 16.142069 10.857481 6.962373 4.254927 2.478128 1.375813 0.728452 0.368066 0.177614 0.081932 0.036170 0.015303 0.006219 0.002439 0.000934 0.000359 0.000148 0.000074 0.000049 0.000041 0.000038 0.000037 0.000037 0.000037 0.000037 0.000037 0.000037 0.000037 0.000037 0.000037 0.000037 0.000037 0.000037 0.000037 0.000037 0.000037 0.000036 0.000035 0.000034 0.000033 0.000030 0.000026 0.000021 0.000015 0.000008 0.000000 
50.000000 40.217410 31.022303 22.896501 16.142119 10.857539 6.962437 4.254995 2.478199 1.375885 0.728525 0.368140 0.177688 0.082006 0.036244 0.015377 0.006294 0.002514 0.001008 0.000433 0.000222 0.000148 0.000123 0.000115 0.000112 0.000111 0.000111 0.000111 0.000111 0.000111 0.000111 0.000111 0.000111 0.000111 0.000111 0.000111 0.000111 0.000111 0.000111 0.000110 0.000109 0.000107 0.000103 0.000098 0.000090 0.000078 0.000063 0.000044 0.000023 0.000000 
50.000000 40.217451 31.022384 22.896616 16.142263 10.857705 6.962619 4.255188 2.478399 1.376090 0.728733 0.368349 0.177898 0.082217 0.036454 0.015588 0.006504 0.002724 0.001218 0.000643 0.000433 0.000359 0.000334 0.000325 0.000323 0.000322 0.000322 0.000322 0.000322 0.000322 0.000322 0.000322 0.000322 0.000322 0.000322 0.000322 0.000321 0.000321 0.000320 0.000318 0.000315 0.000309 0.000299 0.000284 0.000260 0.000227 0.000183 0.000129 0.000067 0.000000 
50.000000 40.217565 31.022603 22.896928 16.142653 10.858156 6.963115 4.255715 2.478946 1.376650 0.729300 0.368920 0.178471 0.082791 0.037029 0.016162 0.007079 0.003299 0.001793 0.001218 0.001008 0.000934 0.000908 0.000900 0.000898 0.000897 0.000897 0.000897 0.000897 0.000897 0.000897 0.000897 0.000897 0.000897 0.000896 0.000896 0.000896 0.000895 0.000892 0.000888 0.000879 0.000862 0.000835 0.000791 0.000726 0.000633 0.000511 0.000360 0.000186 0.000000 
50.000000 40.217860 31.023177 22.897748 16.143676 10.859338 6.964413 4.257094 2.480379 1.378115 0.730784 0.370415 0.179971 0.084294 0.038534 0.017668 0.008585 0.004805 0.003299 0.002724 0.002514 0.002439 0.002414 0.002406 0.002404 0.002403 0.002403 0.002402 0.002402 0.002402 0.002402 0.002402 0.002402 0.002402 0.002402 0.002401 0.002400 0.002397 0.002391 0.002379 0.002355 0.002312 0.002240 0.002124 0.001949 0.001702 0.001374 0.000969 0.000502 0.000000 
50.000000 40.218603 31.024617 22.899804 16.146243 10.862304 6.967673 4.260557 2.483975 1.381794 0.734510 0.374168 0.183738 0.088068 0.042311 0.021447 0.012364 0.008585 0.007079 0.006504 0.006294 0.006219 0.006194 0.006186 0.006184 0.006183 0.006183 0.006183 0.006183 0.006183 0.006182 0.006182 0.006182 0.006182 0.006182 0.006180 0.006177 0.006170 0.006154 0.006123 0.006063 0.005956 0.005772 0.005476 0.005029 0.004394 0.003552 0.002507 0.001299 0.000000 
50.000000 40.220386 31.028076 22.904742 16.152410 10.869430 6.975504 4.268878 2.492616 1.390632 0.743465 0.383187 0.192791 0.097138 0.051388 0.030528 0.021447 0.017668 0.016162 0.015588 0.015377 0.015303 0.015278 0.015270 0.015267 0.015266 0.015266 0.015266 0.015266 0.015266 0.015266 0.015266 0.015266 0.015265 0.015264 0.015260 0.015253 0.015235 0.015198 0.015123 0.014980 0.014719 0.014273 0.013552 0.012456 0.010895 0.008814 0.006225 0.003228 0.000000 
50.000000 40.224482 31.036019 22.916083 16.166571 10.885795 6.993491 4.287989 2.512462 1.410934 0.764033 0.403903 0.213585 0.117971 0.072240 0.051388 0.042311 0.038534 0.037029 0.036454 0.036244 0.036170 0.036145 0.036136 0.036134 0.036133 0.036133 0.036133 0.036133 0.036133 0.036133 0.036132 0.036132 0.036131 0.036128 0.036120 0.036102 0.036063 0.035978 0.035807 0.035477 0.034875 0.033840 0.032157 0.029588 0.025910 0.020986 0.014838 0.007698 0.000000 
50.000000 40.233459 31.053432 22.940946 16.197620 10.921677 7.032930 4.329895 2.555985 1.455456 0.809141 0.449336 0.259189 0.163661 0.117971 0.097138 0.088068 0.084294 0.082791 0.082217 0.082006 0.081932 0.081907 0.081899 0.081897 0.081896 0.081896 0.081896 0.081896 0.081895 0.081895 0.081895 0.081894 0.081891 0.081885 0.081869 0.081830 0.081745 0.081561 0.081188 0.080465 0.079141 0.076848 0.073102 0.067347 0.059059 0.047903 0.033912 0.017609 0.000000 
50.000000 40.252223 31.089827 22.992912 16.262520 10.996684 7.115375 4.417503 2.646973 1.548538 0.903450 0.544326 0.354538 0.259189 0.213585 0.192791 0.183738 0.179971 0.178471 0.177898 0.177688 0.177614 0.177589 0.177581 0.177578 0.177577 0.177577 0.177577 0.177577 0.177577 0.177577 0.177576 0.177574 0.177569 0.177556 0.177523 0.177445 0.177269 0.176891 0.176118 0.174615 0.171843 0.167010 0.159061 0.146763 0.128927 0.104760 0.074280 0.038613 0.000000 
50.000000 40.289558 31.162246 23.096320 16.391667 11.145951 7.279454 4.591862 2.828070 1.733806 1.091163 0.733397 0.544326 0.449336 0.403903 0.383187 0.374168 0.370415 0.368920 0.368349 0.368140 0.368066 0.368042 0.368033 0.368031 0.368030 0.368030 0.368030 0.368030 0.368030 0.368029 0.368028 0.368024 0.368014 0.367989 0.367925 0.367775 0.367434 0.366699 0.365184 0.362219 0.356714 0.347042 0.331002 0.305977 0.269372 0.219372 0.155857 0.081133 0.000000 
50.000000 40.360181 31.299237 23.291938 16.635987 11.428345 7.589884 4.921758 3.170723 2.084363 1.446353 1.091163 0.903450 0.809141 0.764033 0.743465 0.734510 0.730784 0.729300 0.728733 0.728525 0.728452 0.728427 0.728419 0.728417 0.728416 0.728416 0.728416 0.728415 0.728415 0.728414 0.728412 0.728405 0.728388 0.728341 0.728227 0.727954 0.727331 0.725979 0.723177 0.717652 0.707310 0.688977 0.658280 0.609898 0.538387 0.439709 0.313216 0.163352 0.000000 
50.000000 40.487000 31.545241 23.643231 17.074759 11.935515 8.147429 5.514287 3.786185 2.714037 2.084363 1.733806 1.548538 1.455456 1.410934 1.390632 1.381794 1.378115 1.376650 1.376090 1.375885 1.375813 1.375789 1.375781 1.375778 1.375778 1.375777 1.375777 1.375777 1.375777 1.375775 1.375771 1.375760 1.375730 1.375652 1.375457 1.374991 1.373923 1.371587 1.366711 1.357019 1.338707 1.305907 1.250359 1.161723 1.029018 0.843538 0.602957 0.315256 0.000000 
50.000000 40.702882 31.964015 24.241259 17.821731 12.798964 9.096678 6.523132 4.834111 3.786185 3.170723 2.828070 2.646973 2.555985 2.512462 2.492616 2.483975 2.480379 2.478946 2.478399 2.478199 2.478128 2.478104 2.478097 2.478094 2.478094 2.478093 2.478093 2.478093 2.478092 2.478090 2.478084 2.478067 2.478019 2.477896 2.477587 2.476843 2.475130 2.471355 2.463413 2.447478 2.417055 2.361903 2.267230 2.113896 1.880626 1.549200 1.112589 0.583777 0.000000 
50.000000 41.050764 32.638857 25.204986 19.025524 14.190517 10.626563 8.149121 6.523132 5.514287 4.921758 4.591862 4.417503 4.329895 4.287989 4.268878 4.260557 4.257094 4.255715 4.255188 4.254995 4.254927 4.254904 4.254896 4.254894 4.254893 4.254893 4.254893 4.254893 4.254892 4.254889 4.254880 4.254854 4.254786 4.254605 4.254149 4.253047 4.250492 4.244820 4.232781 4.208379 4.161230 4.074560 3.923398 3.674110 3.287211 2.725746 1.970492 1.039263 0.000000 
50.000000 41.580730 33.666932 26.673194 20.859517 16.310631 12.957508 10.626563 9.096678 8.147429 7.589884 7.279454 7.115375 7.032930 6.993491 6.975504 6.967673 6.964413 6.963115 6.962619 6.962437 6.962373 6.962351 6.962344 6.962342 6.962341 6.962341 6.962341 6.962341 6.962339 6.962335 6.962323 6.962289 6.962197 6.961952 6.961333 6.959828 6.956314 6.948452 6.931604 6.897070 6.829448 6.703164 6.478754 6.100495 5.498561 4.600563 3.357602 1.784867 0.000000 
50.000000 42.343011 35.145694 28.785076 23.497613 19.360382 16.310631 14.190517 12.798964 11.935515 11.428345 11.145951 10.996684 10.921677 10.885795 10.869430 10.862304 10.859338 10.858156 10.857705 10.857539 10.857481 10.857461 10.857455 10.857453 10.857452 10.857452 10.857452 10.857451 10.857450 10.857445 10.857430 10.857389 10.857275 10.856974 10.856207 10.854330 10.849921 10.839974 10.818447 10.773792 10.685068 10.516407 10.210136 9.680191 8.810080 7.464015 5.525174 2.974917 0.000000 
50.000000 43.377031 37.151627 31.649881 27.076317 23.497613 20.859517 19.025524 17.821731 17.074759 16.635987 16.391667 16.262520 16.197620 16.166571 16.152410 16.146243 16.143676 16.142653 16.142263 16.142119 16.142069 16.142052 16.142046 16.142045 16.142044 16.142044 16.142044 16.142043 16.142041 16.142036 16.142020 16.141974 16.141849 16.141515 16.140661 16.138561 16.133593 16.122295 16.097601 16.045740 15.941105 15.738313 15.360956 14.687534 13.538158 11.673170 8.831331 4.861367 0.000000 
50.000000 44.698449 39.715119 35.311024 31.649881 28.785076 26.673194 25.204986 24.241259 23.643231 23.291938 23.096320 22.992912 22.940946 22.916083 22.904742 22.899804 22.897748 22.896928 22.896616 22.896501 22.896460 22.896447 22.896442 22.896441 22.896440 22.896440 22.896440 22.896440 22.896438 22.896433 22.896417 22.896373 22.896252 22.895928 22.895097 22.893042 22.888152 22.876948 22.852229 22.799694 22.692059 22.479240 22.072631 21.321060 19.976712 17.655512 13.823170 7.926619 0.000000 
50.000000 46.287993 42.798783 39.715119 37.151627 35.145694 33.666932 32.638857 31.964015 31.545241 31.299237 31.162246 31.089827 31.053432 31.036019 31.028076 31.024617 31.023177 31.022603 31.022384 31.022303 31.022275 31.022265 31.022262 31.022261 31.022261 31.022261 31.022261 31.022260 31.022259 31.022255 31.022243 31.022207 31.022110 31.021850 31.021181 31.019520 31.015547 31.006389 30.986021 30.942284 30.851425 30.668365 30.309330 29.620521 28.320297 25.891949 21.399392 13.290065 0.000000 
50.000000 48.086576 46.287993 44.698449 43.377031 42.343011 41.580730 41.050764 40.702882 40.487000 40.360181 40.289558 40.252223 40.233459 40.224482 40.220386 40.218603 40.217860 40.217565 40.217451 40.217410 40.217395 40.217391 40.217389 40.217388 40.217388 40.217388 40.217388 40.217388 40.217387 40.217385 40.217378 40.217358 40.217304 40.217159 40.216784 40.215850 40.213610 40.208424 40.196828 40.171744 40.119105 40.011501 39.795863 39.368094 38.515664 36.771830 32.997928 24.043288 0.000000 
50.000000 50.000000 50.000000 50.000000 50.000000 50.000000 50.000000 50.000000 50.000000 50.000000 50.000000 50.000000 50.000000 50.000000 50.000000 50.000000 50.000000 50.000000 50.000000 50.000000 50.000000 50.000000 50.000000 50.000000 50.000000 50.000000 50.000000 50.000000 50.000000 50.000000 50.000000 50.000000 50.000000 50.000000 50.000000 50.000000 50.000000 50.000000 50.000000 50.000000 50.000000 50.000000 50.000000 50.000000 50.000000 50.000000 50.000000 50.000000 50.000000 50.000000 
