50.000000 50.000000 50.000000 50.000000 50.000000 50.000000 50.000000 50.000000 50.000000 50.000000 50.000000 50.000000 50.000000 50.000000 50.000000 50.000000 50.000000 50.000000 50.000000 50.000000 50.000000 50.000000 50.000000 50.000000 50.000000 50.000000 50.000000 50.000000 50.000000 50.000000 50.000000 50.000000 50.000000 50.000000 50.000000 50.000000 50.000000 50.000000 50.000000 50.000000 50.000000 50.000000 50.000000 50.000000 50.000000 50.000000 50.000000 50.000000 50.000000 50.000000 
50.000000 48.781986 47.610536 46.526882 45.562600 44.737060 44.056932 43.517570 43.105714 42.802780 42.588067 42.441354 42.344663 42.283172 42.245416 42.223023 42.210186 42.203069 42.199252 42.197270 42.196273 42.195786 42.195556 42.195451 42.195403 42.195382 42.195371 42.195361 42.195345 42.195310 42.195233 42.195065 42.194707 42.193963 42.192457 42.189478 42.183733 42.172902 42.152928 42.116819 42.052668 41.940267 41.745040 41.406455 40.813826 39.750419 37.749203 33.676264 24.390993 0.000000 
50.000000 47.610536 45.312425 43.186549 41.294856 39.675345 38.341103 37.283013 36.475058 35.880784 35.459578 35.171769 34.982092 34.861465 34.787401 34.743472 34.718291 34.704331 34.696843 34.692954 34.690998 34.690045 34.689594 34.689386 34.689294 34.689252 34.689230 34.689211 34.689181 34.689116 34.688972 34.688659 34.687992 34.686609 34.683811 34.678292 34.667672 34.647714 34.611052 34.545122 34.428812 34.226990 33.881311 33.294193 32.299657 30.608304 27.702913 22.656212 13.934272 0.000000 
50.000000 46.526882 43.186549 40.096568 37.346982 34.993023 33.053711 31.515792 30.341449 29.477693 28.865488 28.447175 28.171493 27.996173 27.888528 27.824683 27.788085 27.767796 27.756914 27.751263 27.748420 27.747034 27.746379 27.746078 27.745943 27.745882 27.745851 27.745826 27.745784 27.745697 27.745505 27.745087 27.744198 27.742359 27.738648 27.731351 27.717362 27.691201 27.643436 27.558205 27.409372 27.154618 26.726358 26.017785 24.861698 23.000096 20.048284 15.483636 8.777679 0.000000 
50.000000 45.562600 41.294856 37.346982 33.834022 30.826542 28.348841 26.383982 24.883642 23.780118 22.997982 22.463562 22.111366 21.887390 21.749873 21.668312 21.621558 21.595641 21.581740 21.574521 21.570890 21.569119 21.568282 21.567898 21.567726 21.567649 21.567610 21.567579 21.567532 21.567432 21.567214 21.566740 21.565735 21.563660 21.559488 21.551319 21.535734 21.506765 21.454268 21.361472 21.201368 20.931554 20.487128 19.771412 18.645096 16.917011 14.346886 10.686552 5.812181 0.000000 
50.000000 44.737060 39.675345 34.993023 30.826542 27.259597 24.321003 21.990668 20.211273 18.902514 17.974925 17.341129 16.923448 16.657831 16.494750 16.398029 16.342586 16.311853 16.295368 16.286809 16.282503 16.280404 16.279411 16.278955 16.278751 16.278660 16.278616 16.278582 16.278533 16.278431 16.278209 16.277726 16.276708 16.274612 16.270415 16.262234 16.246715 16.218065 16.166578 16.076497 15.923046 15.668540 15.257683 14.612673 13.629799 12.181446 10.131325 7.375688 3.923233 0.000000 
50.000000 44.056932 38.341103 33.053711 28.348841 24.321003 21.002732 18.371333 16.362073 14.884264 13.836874 13.121232 12.649620 12.349712 12.165581 12.056377 11.993780 11.959082 11.940471 11.930807 11.925947 11.923577 11.922456 11.921942 11.921712 11.921610 11.921561 11.921527 11.921479 11.921383 11.921174 11.920724 11.919776 11.917832 11.913956 11.906439 11.892268 11.866294 11.820018 11.739897 11.605134 11.385045 11.036371 10.501366 9.708330 8.577428 7.035926 5.046910 2.650477 0.000000 
50.000000 43.517570 37.283013 31.515792 26.383982 21.990668 18.371333 15.501216 13.309701 11.697863 10.555497 9.774972 9.260611 8.933523 8.732708 8.613612 8.545346 8.507506 8.487211 8.476673 8.471372 8.468788 8.467566 8.467005 8.466755 8.466644 8.466593 8.466559 8.466516 8.466431 8.466249 8.465857 8.465035 8.463356 8.460023 8.453596 8.441554 8.419642 8.380940 8.314613 8.204396 8.026964 7.750608 7.334962 6.732985 5.896854 4.789434 3.401702 1.772530 0.000000 
50.000000 43.105714 36.475058 30.341449 24.883642 20.211273 16.362073 13.309701 10.979048 9.264895 8.050029 7.219981 6.672993 6.325163 6.111617 5.984973 5.912383 5.872146 5.850566 5.839361 5.833725 5.830978 5.829679 5.829083 5.828816 5.828699 5.828646 5.828614 5.828576 5.828506 5.828356 5.828036 5.827366 5.826004 5.823313 5.818151 5.808538 5.791172 5.760755 5.709130 5.624305 5.489524 5.282738 4.977028 4.542733 3.952088 3.186831 2.248068 1.165447 0.000000 
50.000000 42.802780 35.880784 29.477693 23.780118 18.902514 14.884264 11.697863 9.264895 7.475510 6.207341 5.340884 4.769911 4.406836 4.183933 4.051743 3.975974 3.933977 3.911453 3.899758 3.893876 3.891008 3.889653 3.889031 3.888753 3.888632 3.888577 3.888547 3.888515 3.888460 3.888344 3.888096 3.887580 3.886536 3.884482 3.880562 3.873307 3.860291 3.837671 3.799626 3.737755 3.640589 3.493467 3.279130 2.979468 2.578750 2.068321 1.451972 0.750112 0.000000 
50.000000 42.588067 35.459578 28.865488 22.997982 17.974925 13.836874 10.555497 8.050029 6.207341 4.901408 4.009160 3.421198 3.047325 2.817796 2.681678 2.603659 2.560416 2.537224 2.525182 2.519126 2.516174 2.514778 2.514137 2.513852 2.513727 2.513672 2.513644 2.513618 2.513577 2.513491 2.513309 2.512932 2.512171 2.510682 2.507855 2.502653 2.493381 2.477385 2.450704 2.407715 2.340899 2.240884 2.096977 1.898428 1.636510 1.307284 0.914456 0.471248 0.000000 
50.000000 42.441354 35.171769 28.447175 22.463562 17.341129 13.121232 9.774972 7.219981 5.340884 4.009160 3.099299 2.499737 2.118491 1.884440 1.745641 1.666087 1.621993 1.598345 1.586067 1.579892 1.576882 1.575459 1.574806 1.574515 1.574388 1.574333 1.574306 1.574286 1.574255 1.574195 1.574067 1.573805 1.573277 1.572248 1.570305 1.566748 1.560447 1.549649 1.531774 1.503213 1.459226 1.394032 1.301214 1.174551 1.009294 0.803739 0.560717 0.288426 0.000000 
50.000000 42.344663 34.982092 28.171493 22.111366 16.923448 12.649620 9.260611 6.672993 4.769911 3.421198 2.499737 1.892536 1.506436 1.269407 1.128843 1.048279 1.003625 0.979677 0.967244 0.960990 0.957942 0.956501 0.955840 0.955546 0.955418 0.955363 0.955337 0.955321 0.955299 0.955258 0.955173 0.954998 0.954648 0.953969 0.952692 0.950366 0.946268 0.939291 0.927817 0.909621 0.881821 0.840969 0.783326 0.705383 0.604601 0.480292 0.334378 0.171761 0.000000 
50.000000 42.283172 34.861465 27.996173 21.887390 16.657831 12.349712 8.933523 6.325163 4.406836 3.047325 2.118491 1.506436 1.117252 0.878331 0.736647 0.655440 0.610431 0.586293 0.573761 0.567458 0.564386 0.562933 0.562267 0.561970 0.561841 0.561787 0.561762 0.561748 0.561733 0.561706 0.561652 0.561540 0.561318 0.560889 0.560084 0.558626 0.556070 0.551743 0.544671 0.533529 0.516626 0.491970 0.457444 0.411116 0.351656 0.278811 0.193794 0.099439 0.000000 
50.000000 42.245416 34.787401 27.888528 21.749873 16.494750 12.165581 8.732708 6.111617 4.183933 2.817796 1.884440 1.269407 0.878331 0.638249 0.495878 0.414278 0.369051 0.344797 0.332204 0.325870 0.322783 0.321324 0.320655 0.320356 0.320227 0.320172 0.320149 0.320137 0.320126 0.320109 0.320076 0.320007 0.319872 0.319611 0.319125 0.318246 0.316715 0.314134 0.309940 0.303371 0.293467 0.279112 0.259142 0.232517 0.198554 0.157177 0.109109 0.055938 0.000000 
50.000000 42.223023 34.743472 27.824683 21.668312 16.398029 12.056377 8.613612 5.984973 4.051743 2.681678 1.745641 1.128843 0.736647 0.495878 0.353100 0.271267 0.225911 0.201587 0.188959 0.182607 0.179512 0.178048 0.177377 0.177078 0.176948 0.176894 0.176871 0.176860 0.176852 0.176842 0.176822 0.176781 0.176702 0.176550 0.176267 0.175758 0.174874 0.173392 0.170996 0.167261 0.161660 0.153588 0.142422 0.127614 0.108824 0.086036 0.059661 0.030566 0.000000 
50.000000 42.210186 34.718291 27.788085 21.621558 16.342586 11.993780 8.545346 5.912383 3.975974 2.603660 1.666087 1.048279 0.655440 0.414278 0.271267 0.189301 0.143871 0.119508 0.106859 0.100498 0.097397 0.095931 0.095258 0.094959 0.094829 0.094775 0.094752 0.094742 0.094736 0.094730 0.094718 0.094695 0.094651 0.094565 0.094406 0.094122 0.093631 0.092810 0.091488 0.089438 0.086379 0.081990 0.075949 0.067974 0.057899 0.045726 0.031681 0.016222 0.000000 
50.000000 42.203069 34.704331 27.767796 21.595641 16.311853 11.959082 8.507506 5.872146 3.933977 2.560416 1.621993 1.003625 0.610431 0.369051 0.225911 0.143871 0.098401 0.074016 0.061355 0.054988 0.051885 0.050417 0.049744 0.049445 0.049315 0.049261 0.049238 0.049229 0.049224 0.049220 0.049213 0.049201 0.049176 0.049130 0.049044 0.048891 0.048627 0.048188 0.047484 0.046397 0.044780 0.042472 0.039306 0.035145 0.029906 0.023598 0.016338 0.008362 0.000000 
50.000000 42.199252 34.696843 27.756914 21.581740 16.295369 11.940471 8.487211 5.850566 3.911453 2.537224 1.598345 0.979678 0.586293 0.344797 0.201588 0.119508 0.074016 0.049619 0.036953 0.030583 0.027477 0.026010 0.025336 0.025037 0.024907 0.024852 0.024830 0.024821 0.024817 0.024814 0.024810 0.024803 0.024791 0.024766 0.024722 0.024642 0.024505 0.024278 0.023916 0.023357 0.022531 0.021354 0.019747 0.017642 0.015000 0.011827 0.008184 0.004187 0.000000 
50.000000 42.197270 34.692955 27.751263 21.574521 16.286809 11.930808 8.476673 5.839362 3.899759 2.525183 1.586068 0.967244 0.573762 0.332205 0.188959 0.106860 0.061356 0.036953 0.024284 0.017912 0.014806 0.013338 0.012664 0.012365 0.012235 0.012180 0.012158 0.012149 0.012145 0.012143 0.012141 0.012137 0.012131 0.012119 0.012096 0.012056 0.011987 0.011874 0.011693 0.011416 0.011006 0.010425 0.009634 0.008601 0.007308 0.005758 0.003982 0.002037 0.000000 
50.000000 42.196273 34.690999 27.748421 21.570891 16.282504 11.925948 8.471374 5.833727 3.893878 2.519128 1.579894 0.960992 0.567460 0.325872 0.182609 0.100500 0.054990 0.030584 0.017913 0.011541 0.008434 0.006966 0.006292 0.005993 0.005863 0.005808 0.005786 0.005777 0.005773 0.005772 0.005770 0.005769 0.005765 0.005759 0.005748 0.005729 0.005695 0.005640 0.005553 0.005419 0.005223 0.004945 0.004567 0.004074 0.003460 0.002725 0.001884 0.000963 0.000000 
50.000000 42.195787 34.690046 27.747037 21.569123 16.280407 11.923581 8.468793 5.830983 3.891013 2.516179 1.576887 0.957948 0.564391 0.322789 0.179517 0.097402 0.051890 0.027483 0.014811 0.008438 0.005331 0.003863 0.003189 0.002889 0.002760 0.002705 0.002683 0.002674 0.002670 0.002669 0.002668 0.002667 0.002665 0.002663 0.002657 0.002648 0.002632 0.002607 0.002566 0.002503 0.002411 0.002282 0.002106 0.001878 0.001594 0.001255 0.000867 0.000443 0.000000 
50.000000 42.195559 34.689598 27.746385 21.568291 16.279421 11.922468 8.467578 5.829692 3.889666 2.514792 1.575473 0.956515 0.562947 0.321338 0.178062 0.095945 0.050432 0.026024 0.013351 0.006978 0.003872 0.002403 0.001730 0.001430 0.001300 0.001245 0.001223 0.001214 0.001211 0.001209 0.001209 0.001208 0.001207 0.001206 0.001204 0.001199 0.001192 0.001180 0.001161 0.001133 0.001091 0.001032 0.000952 0.000849 0.000720 0.000566 0.000391 0.000200 0.000000 
50.000000 42.195457 34.689398 27.746095 21.567919 16.278981 11.921971 8.467037 5.829115 3.889065 2.514173 1.574841 0.955876 0.562303 0.320691 0.177413 0.095295 0.049781 0.025373 0.012700 0.006327 0.003220 0.001752 0.001078 0.000778 0.000649 0.000594 0.000572 0.000563 0.000559 0.000558 0.000558 0.000557 0.000557 0.000556 0.000555 0.000553 0.000550 0.000544 0.000535 0.000522 0.000502 0.000475 0.000438 0.000390 0.000331 0.000260 0.000180 0.000092 0.000000 
50.000000 42.195418 34.689323 27.745985 21.567779 16.278815 11.921783 8.466832 5.828898 3.888838 2.513939 1.574604 0.955635 0.562061 0.320447 0.177169 0.095050 0.049536 0.025127 0.012455 0.006082 0.002975 0.001506 0.000833 0.000533 0.000403 0.000349 0.000326 0.000318 0.000314 0.000313 0.000312 0.000312 0.000312 0.000311 0.000311 0.000310 0.000308 0.000304 0.000299 0.000292 0.000281 0.000266 0.000245 0.000218 0.000185 0.000145 0.000100 0.000051 0.000000 
50.000000 42.195418 34.689323 27.745985 21.567779 16.278815 11.921783 8.466832 5.828898 3.888838 2.513939 1.574604 0.955635 0.562061 0.320447 0.177169 0.095050 0.049536 0.025127 0.012455 0.006082 0.002975 0.001506 0.000833 0.000533 0.000403 0.000349 0.000326 0.000318 0.000314 0.000313 0.000312 0.000312 0.000312 0.000311 0.000311 0.000310 0.000308 0.000304 0.000299 0.000292 0.000281 0.000266 0.000245 0.000218 0.000185 0.000145 0.000100 0.000051 0.000000 
50.000000 42.195457 34.689398 27.746095 21.567919 16.278981 11.921971 8.467037 5.829115 3.889065 2.514173 1.574841 0.955876 0.562303 0.320691 0.177413 0.095295 0.049781 0.025373 0.012700 0.006327 0.003220 0.001752 0.001078 0.000778 0.000649 0.000594 0.000572 0.000563 0.000559 0.000558 0.000558 0.000557 0.000557 0.000556 0.000555 0.000553 0.000550 0.000544 0.000535 0.000522 0.000502 0.000475 0.000438 0.000390 0.000331 0.000260 0.000180 0.000092 0.000000 
50.000000 42.195559 34.689598 27.746385 21.568291 16.279421 11.922468 8.467578 5.829692 3.889666 2.514792 1.575473 0.956515 0.562947 0.321338 0.178062 0.095945 0.050432 0.026024 0.013351 0.006978 0.003872 0.002403 0.001730 0.001430 0.001300 0.001245 0.001223 0.001214 0.001211 0.001209 0.001209 0.001208 0.001207 0.001206 0.001204 0.001199 0.001192 0.001180 0.001161 0.001133 0.001091 0.001032 0.000952 0.000849 0.000720 0.000566 0.000391 0.000200 0.000000 
50.000000 42.195787 34.690046 27.747037 21.569123 16.280407 11.923581 8.468793 5.830983 3.891013 2.516179 1.576887 0.957948 0.564391 0.322789 0.179517 0.097402 0.051890 0.027483 0.014811 0.008438 0.005331 0.003863 0.003189 0.002889 0.002760 0.002705 0.002683 0.002674 0.002670 0.002669 0.002668 0.002667 0.002665 0.002663 0.002657 0.002648 0.002632 0.002607 0.002566 0.002503 0.002411 0.002282 0.002106 0.001878 0.001594 0.001255 0.000867 0.000443 0.000000 
50.000000 42.196273 34.690999 27.748421 21.570891 16.282504 11.925948 8.471374 5.833727 3.893878 2.519128 1.579894 0.960992 0.567460 0.325872 0.182609 0.100500 0.054990 0.030584 0.017913 0.011541 0.008434 0.006966 0.006292 0.005993 0.005863 0.005808 0.005786 0.005777 0.005773 0.005772 0.005770 0.005769 0.005765 0.005759 0.005748 0.005729 0.005695 0.005640 0.005553 0.005419 0.005223 0.004945 0.004567 0.004074 0.003460 0.002725 0.001884 0.000963 0.000000 
50.000000 42.197270 34.692955 27.751263 21.574521 16.286809 11.930808 8.476673 5.839362 3.899759 2.525183 1.586068 0.967244 0.573762 0.332205 0.188959 0.106860 0.061356 0.036953 0.024284 0.017912 0.014806 0.013338 0.012664 0.012365 0.012235 0.012180 0.012158 0.012149 0.012145 0.012143 0.012141 0.012137 0.012131 0.012119 0.012096 0.012056 0.011987 0.011874 0.011693 0.011416 0.011006 0.010425 0.009634 0.008601 0.007308 0.005758 0.003982 0.002037 0.000000 
50.000000 42.199252 34.696843 27.756914 21.581740 16.295369 11.940471 8.487211 5.850566 3.911453 2.537224 1.598345 0.979678 0.586293 0.344797 0.201588 0.119508 0.074016 0.049619 0.036953 0.030583 0.027477 0.026010 0.025336 0.025037 0.024907 0.024852 0.024830 0.024821 0.024817 0.024814 0.024810 0.024803 0.024791 0.024766 0.024722 0.024642 0.024505 0.024278 0.023916 0.023357 0.022531 0.021354 0.019747 0.017642 0.015000 0.011827 0.008184 0.004187 0.000000 
50.000000 42.203069 34.704331 27.767796 21.595641 16.311853 11.959082 8.507506 5.872146 3.933977 2.560416 1.621993 1.003625 0.610431 0.369051 0.225911 0.143871 0.098401 0.074016 0.061355 0.054988 0.051885 0.050417 0.049744 0.049445 0.049315 0.049261 0.049238 0.049229 0.049224 0.049220 0.049213 0.049201 0.049176 0.049130 0.049044 0.048891 0.048627 0.048188 0.047484 0.046397 0.044780 0.042472 0.039306 0.035145 0.029906 0.023598 0.016338 0.008362 0.000000 
50.000000 42.210186 34.718291 27.788085 21.621558 16.342586 11.993780 8.545346 5.912383 3.975974 2.603660 1.666087 1.048279 0.655440 0.414278 0.271267 0.189301 0.143871 0.119508 0.106859 0.100498 0.097397 0.095931 0.095258 0.094959 0.094829 0.094775 0.094752 0.094742 0.094736 0.094730 0.094718 0.094695 0.094651 0.094565 0.094406 0.094122 0.093631 0.092810 0.091488 0.089438 0.086379 0.081990 0.075949 0.067974 0.057899 0.045726 0.031681 0.016222 0.000000 
50.000000 42.223023 34.743472 27.824683 21.668312 16.398029 12.056377 8.613612 5.984973 4.051743 2.681678 1.745641 1.128843 0.736647 0.495878 0.353100 0.271267 0.225911 0.201587 0.188959 0.182607 0.179512 0.178048 0.177377 0.177078 0.176948 0.176894 0.176871 0.176860 0.176852 0.176842 0.176822 0.176781 0.176702 0.176550 0.176267 0.175758 0.174874 0.173392 0.170996 0.167261 0.161660 0.153588 0.142422 0.127614 0.108824 0.086036 0.059661 0.030566 0.000000 
50.000000 42.245416 34.787401 27.888528 21.749873 16.494750 12.165581 8.732708 6.111617 4.183933 2.817796 1.884440 1.269407 0.878331 0.638249 0.495878 0.414278 0.369051 0.344797 0.332204 0.325870 0.322783 0.321324 0.320655 0.320356 0.320227 0.320172 0.320149 0.320137 0.320126 0.320109 0.320076 0.320007 0.319872 0.319611 0.319125 0.318246 0.316715 0.314134 0.309940 0.303371 0.293467 0.279112 0.259142 0.232517 0.198554 0.157177 0.109109 0.055938 0.000000 
50.000000 42.283172 34.861465 27.996173 21.887390 16.657831 12.349712 8.933523 6.325163 4.406836 3.047325 2.118491 1.506436 1.117252 0.878331 0.736647 0.655440 0.610431 0.586293 0.573761 0.567458 0.564386 0.562933 0.562267 0.561970 0.561841 0.561787 0.561762 0.561748 0.561733 0.561706 0.561652 0.561540 0.561318 0.560889 0.560084 0.558626 0.556070 0.551743 0.544671 0.533529 0.516626 0.491970 0.457444 0.411116 0.351656 0.278811 0.193794 0.099439 0.000000 
50.000000 42.344663 34.982092 28.171493 22.111366 16.923448 12.649620 9.260611 6.672993 4.769911 3.421198 2.499737 1.892536 1.506436 1.269407 1.128843 1.048279 1.003625 0.979677 0.967244 0.960990 0.957942 0.956501 0.955840 0.955546 0.955418 0.955363 0.955337 0.955321 0.955299 0.955258 0.955173 0.954998 0.954648 0.953969 0.952692 0.950366 0.946268 0.939291 0.927817 0.909621 0.881821 0.840969 0.783326 0.705383 0.604601 0.480292 0.334378 0.171761 0.000000 
50.000000 42.441354 35.171769 28.447175 22.463562 17.341129 13.121232 9.774972 7.219981 5.340884 4.009160 3.099299 2.499737 2.118491 1.884440 1.745641 1.666087 1.621993 1.598345 1.586067 1.579892 1.576882 1.575459 1.574806 1.574515 1.574388 1.574333 1.574306 1.574286 1.574255 1.574195 1.574067 1.573805 1.573277 1.572248 1.570305 1.566748 1.560447 1.549649 1.531774 1.503213 1.459226 1.394032 1.301214 1.174551 1.009294 0.803739 0.560717 0.288426 0.000000 
50.000000 42.588067 35.459578 28.865488 22.997982 17.974925 13.836874 10.555497 8.050029 6.207341 4.901408 4.009160 3.421198 3.047325 2.817796 2.681678 2.603659 2.560416 2.537224 2.525182 2.519126 2.516174 2.514778 2.514137 2.513852 2.513727 2.513672 2.513644 2.513618 2.513577 2.513491 2.513309 2.512932 2.512171 2.510682 2.507855 2.502653 2.493381 2.477385 2.450704 2.407715 2.340899 2.240884 2.096977 1.898428 1.636510 1.307284 0.914456 0.471248 0.000000 
50.000000 42.802780 35.880784 29.477693 23.780118 18.902514 14.884264 11.697863 9.264895 7.475510 6.207341 5.340884 4.769911 4.406836 4.183933 4.051743 3.975974 3.933977 3.911453 3.899758 3.893876 3.891008 3.889653 3.889031 3.888753 3.888632 3.888577 3.888547 3.888515 3.888460 3.888344 3.888096 3.887580 3.886536 3.884482 3.880562 3.873307 3.860291 3.837671 3.799626 3.737755 3.640589 3.493467 3.279130 2.979468 2.578750 2.068321 1.451972 0.750112 0.000000 
50.000000 43.105714 36.475058 30.341449 24.883642 20.211273 16.362073 13.309701 10.979048 9.264895 8.050029 7.219981 6.672993 6.325163 6.111617 5.984973 5.912383 5.872146 5.850566 5.839361 5.833725 5.830978 5.829679 5.829083 5.828816 5.828699 5.828646 5.828614 5.828576 5.828506 5.828356 5.828036 5.827366 5.826004 5.823313 5.818151 5.808538 5.791172 5.760755 5.709130 5.624305 5.489524 5.282738 4.977028 4.542733 3.952088 3.186831 2.248068 1.165447 0.000000 
50.000000 43.517570 37.283013 31.515792 26.383982 21.990668 18.371333 15.501216 13.309701 11.697863 10.555497 9.774972 9.260611 8.933523 8.732708 8.613612 8.545346 8.507506 8.487211 8.476673 8.471372 8.468788 8.467566 8.467005 8.466755 8.466644 8.466593 8.466559 8.466516 8.466431 8.466249 8.465857 8.465035 8.463356 8.460023 8.453596 8.441554 8.419642 8.380940 8.314613 8.204396 8.026964 7.750608 7.334962 6.732985 5.896854 4.789434 3.401702 1.772530 0.000000 
50.000000 44.056932 38.341103 33.053711 28.348841 24.321003 21.002732 18.371333 16.362073 14.884264 13.836874 13.121232 12.649620 12.349712 12.165581 12.056377 11.993780 11.959082 11.940471 11.930807 11.925947 11.923577 11.922456 11.921942 11.921712 11.921610 11.921561 11.921527 11.921479 11.921383 11.921174 11.920724 11.919776 11.917832 11.913956 11.906439 11.892268 11.866294 11.820018 11.739897 11.605134 11.385045 11.036371 10.501366 9.708330 8.577428 7.035926 5.046910 2.650477 0.000000 
50.000000 44.737060 39.675345 34.993023 30.826542 27.259597 24.321003 21.990668 20.211273 18.902514 17.974925 17.341129 16.923448 16.657831 16.494750 16.398029 16.342586 16.311853 16.295368 16.286809 16.282503 16.280404 16.279411 16.278955 16.278751 16.278660 16.278616 16.278582 16.278533 16.278431 16.278209 16.277726 16.276708 16.274612 16.270415 16.262234 16.246715 16.218065 16.166578 16.076497 15.923046 15.668540 15.257683 14.612673 13.629799 12.181446 10.131325 7.375688 3.923233 0.000000 
50.000000 45.562600 41.294856 37.346982 33.834022 30.826542 28.348841 26.383982 24.883642 23.780118 22.997982 22.463562 22.111366 21.887390 21.749873 21.668312 21.621558 21.595641 21.581740 21.574521 21.570890 21.569119 21.568282 21.567898 21.567726 21.567649 21.567610 21.567579 21.567532 21.567432 21.567214 21.566740 21.565735 21.563660 21.559488 21.551319 21.535734 21.506765 21.454268 21.361472 21.201368 20.931554 20.487128 19.771412 18.645096 16.917011 14.346886 10.686552 5.812181 0.000000 
50.000000 46.526882 43.186549 40.096568 37.346982 34.993023 33.053711 31.515792 30.341449 29.477693 28.865488 28.447175 28.171493 27.996173 27.888528 27.824683 27.788085 27.767796 27.756914 27.751263 27.748420 27.747034 27.746379 27.746078 27.745943 27.745882 27.745851 27.745826 27.745784 27.745697 27.745505 27.745087 27.744198 27.742359 27.738648 27.731351 27.717362 27.691201 27.643436 27.558205 27.409372 27.154618 26.726358 26.017785 24.861698 23.000096 20.048284 15.483636 8.777679 0.000000 
50.000000 47.610536 45.312425 43.186549 41.294856 39.675345 38.341103 37.283013 36.475058 35.880784 35.459578 35.171769 34.982092 34.861465 34.787401 34.743472 34.718291 34.704331 34.696843 34.692954 34.690998 34.690045 34.689594 34.689386 34.689294 34.689252 34.689230 34.689211 34.689181 34.689116 34.688972 34.688659 34.687992 34.686609 34.683811 34.678292 34.667672 34.647714 34.611052 34.545122 34.428812 34.226990 33.881311 33.294193 32.299657 30.608304 27.702913 22.656212 13.934272 0.000000 
50.000000 48.781986 47.610536 46.526882 45.562600 44.737060 44.056932 43.517570 43.105714 42.802780 42.588067 42.441354 42.344663 42.283172 42.245416 42.223023 42.210186 42.203069 42.199252 42.197270 42.196273 42.195786 42.195556 42.195451 42.195403 42.195382 42.195371 42.195361 42.195345 42.195310 42.195233 42.195065 42.194707 42.193963 42.192457 42.189478 42.183733 42.172902 42.152928 42.116819 42.052668 41.940267 41.745040 41.406455 40.813826 39.750419 37.749203 33.676264 24.390993 0.000000 
50.000000 50.000000 50.000000 50.000000 50.000000 50.000000 50.000000 50.000000 50.000000 50.000000 50.000000 50.000000 50.000000 50.000000 50.000000 50.000000 50.000000 50.000000 50.000000 50.000000 50.000000 50.000000 50.000000 50.000000 50.000000 50.000000 50.000000 50.000000 50.000000 50.000000 50.000000 50.000000 50.000000 50.000000 50.000000 50.000000 50.000000 50.000000 50.000000 50.000000 50.000000 50.000000 50.000000 50.000000 50.000000 50.000000 50.000000 50.000000 50.000000 50.000000 
