50.000000 50.000000 50.000000 50.000000 50.000000 50.000000 50.000000 50.000000 50.000000 50.000000 50.000000 50.000000 50.000000 50.000000 50.000000 50.000000 50.000000 50.000000 50.000000 50.000000 50.000000 50.000000 50.000000 50.000000 50.000000 50.000000 50.000000 50.000000 50.000000 50.000000 50.000000 50.000000 50.000000 50.000000 50.000000 50.000000 50.000000 50.000000 50.000000 50.000000 50.000000 50.000000 50.000000 50.000000 50.000000 50.000000 50.000000 50.000000 50.000000 50.000000 
50.000000 38.133646 30.529626 27.135647 26.001068 25.701669 25.636902 25.625092 25.623239 25.622984 25.622953 25.622950 25.622949 25.622949 25.622949 25.622949 25.622949 25.622949 25.622949 25.622949 25.622949 25.622949 25.622949 25.622949 25.622949 25.622949 25.622949 25.622949 25.622949 25.622949 25.622949 25.622949 25.622949 25.622949 25.622949 25.622949 25.622949 25.622949 25.622949 25.622949 25.622947 25.622930 25.622782 25.621638 25.613774 25.565890 25.309271 24.101231 19.066823 0.000000 
50.000000 30.529626 18.060846 12.501007 10.644582 10.155332 10.049640 10.030396 10.027380 10.026966 10.026916 10.026910 10.026910 10.026910 10.026910 10.026910 10.026910 10.026910 10.026910 10.026910 10.026910 10.026910 10.026910 10.026910 10.026910 10.026910 10.026910 10.026910 10.026910 10.026910 10.026910 10.026910 10.026910 10.026910 10.026910 10.026910 10.026910 10.026910 10.026910 10.026910 10.026908 10.026893 10.026770 10.025833 10.019563 9.982961 9.799674 9.030423 6.428395 0.000000 
50.000000 27.135647 12.501007 5.980647 3.805582 3.232954 3.109386 3.086913 3.083395 3.082913 3.082855 3.082848 3.082848 3.082848 3.082848 3.082848 3.082848 3.082848 3.082848 3.082848 3.082848 3.082848 3.082848 3.082848 3.082848 3.082848 3.082848 3.082848 3.082848 3.082848 3.082848 3.082848 3.082848 3.082848 3.082848 3.082848 3.082848 3.082848 3.082848 3.082847 3.082847 3.082840 3.082785 3.082369 3.079644 3.064203 2.990324 2.701332 1.826377 0.000000 
50.000000 26.001068 10.644582 3.805582 1.525396 0.925428 0.796036 0.772518 0.768838 0.768334 0.768273 0.768267 0.768266 0.768266 0.768266 0.768266 0.768266 0.768266 0.768266 0.768266 0.768266 0.768266 0.768266 0.768266 0.768266 0.768266 0.768266 0.768266 0.768266 0.768266 0.768266 0.768266 0.768266 0.768266 0.768266 0.768266 0.768266 0.768266 0.768266 0.768266 0.768266 0.768264 0.768246 0.768119 0.767291 0.762698 0.741379 0.661621 0.435178 0.000000 
50.000000 25.701669 10.155332 3.232954 0.925428 0.318396 0.187510 0.163725 0.160005 0.159496 0.159434 0.159427 0.159427 0.159427 0.159427 0.159427 0.159427 0.159427 0.159427 0.159427 0.159427 0.159427 0.159427 0.159427 0.159427 0.159427 0.159427 0.159427 0.159427 0.159427 0.159427 0.159427 0.159427 0.159427 0.159427 0.159427 0.159427 0.159427 0.159427 0.159427 0.159427 0.159426 0.159422 0.159392 0.159198 0.158137 0.153310 0.135769 0.087895 0.000000 
50.000000 25.636902 10.049640 3.109386 0.796036 0.187510 0.056310 0.032470 0.028741 0.028231 0.028169 0.028162 0.028162 0.028162 0.028162 0.028162 0.028162 0.028162 0.028162 0.028162 0.028162 0.028162 0.028162 0.028162 0.028162 0.028162 0.028162 0.028162 0.028162 0.028162 0.028162 0.028162 0.028162 0.028162 0.028162 0.028162 0.028162 0.028162 0.028162 0.028162 0.028162 0.028162 0.028161 0.028155 0.028118 0.027918 0.027017 0.023807 0.015264 0.000000 
50.000000 25.625092 10.030396 3.086913 0.772518 0.163725 0.032470 0.008621 0.004890 0.004380 0.004318 0.004311 0.004311 0.004310 0.004310 0.004310 0.004310 0.004310 0.004310 0.004310 0.004310 0.004310 0.004310 0.004310 0.004310 0.004310 0.004310 0.004310 0.004310 0.004310 0.004310 0.004310 0.004310 0.004310 0.004310 0.004310 0.004310 0.004310 0.004310 0.004310 0.004310 0.004310 0.004310 0.004309 0.004303 0.004271 0.004129 0.003626 0.002311 0.000000 
50.000000 25.623239 10.027380 3.083395 0.768838 0.160005 0.028741 0.004890 0.001160 0.000649 0.000587 0.000581 0.000580 0.000580 0.000580 0.000580 0.000580 0.000580 0.000580 0.000580 0.000580 0.000580 0.000580 0.000580 0.000580 0.000580 0.000580 0.000580 0.000580 0.000580 0.000580 0.000580 0.000580 0.000580 0.000580 0.000580 0.000580 0.000580 0.000580 0.000580 0.000580 0.000580 0.000580 0.000580 0.000579 0.000575 0.000555 0.000486 0.000309 0.000000 
50.000000 25.622984 10.026966 3.082913 0.768334 0.159496 0.028231 0.004380 0.000649 0.000139 0.000077 0.000070 0.000069 0.000069 0.000069 0.000069 0.000069 0.000069 0.000069 0.000069 0.000069 0.000069 0.000069 0.000069 0.000069 0.000069 0.000069 0.000069 0.000069 0.000069 0.000069 0.000069 0.000069 0.000069 0.000069 0.000069 0.000069 0.000069 0.000069 0.000069 0.000069 0.000069 0.000069 0.000069 0.000069 0.000069 0.000066 0.000058 0.000037 0.000000 
50.000000 25.622953 10.026916 3.082855 0.768273 0.159434 0.028169 0.004318 0.000587 0.000077 0.000015 0.000008 0.000008 0.000007 0.000007 0.000007 0.000007 0.000007 0.000007 0.000007 0.000007 0.000007 0.000007 0.000007 0.000007 0.000007 0.000007 0.000007 0.000007 0.000007 0.000007 0.000007 0.000007 0.000007 0.000007 0.000007 0.000007 0.000007 0.000007 0.000007 0.000007 0.000007 0.000007 0.000007 0.000007 0.000007 0.000007 0.000006 0.000004 0.000000 
50.000000 25.622950 10.026910 3.082848 0.768267 0.159427 0.028162 0.004311 0.000581 0.000070 0.000008 0.000001 0.000001 0.000001 0.000001 0.000001 0.000001 0.000001 0.000001 0.000001 0.000001 0.000001 0.000001 0.000001 0.000001 0.000001 0.000001 0.000001 0.000001 0.000001 0.000001 0.000001 0.000001 0.000001 0.000001 0.000001 0.000001 0.000001 0.000001 0.000001 0.000001 0.000001 0.000001 0.000001 0.000001 0.000001 0.000001 0.000001 0.000000 0.000000 
50.000000 25.622949 10.026910 3.082848 0.768266 0.159427 0.028162 0.004311 0.000580 0.000069 0.000008 0.000001 0.000000 0.000000 0.000000 0.000000 0.000000 0.000000 0.000000 0.000000 0.000000 0.000000 0.000000 0.000000 0.000000 0.000000 0.000000 0.000000 0.000000 0.000000 0.000000 0.000000 0.000000 0.000000 0.000000 0.000000 0.000000 0.000000 0.000000 0.000000 0.000000 0.000000 0.000000 0.000000 0.000000 0.000000 0.000000 0.000000 0.000000 0.000000 
50.000000 25.622949 10.026910 3.082848 0.768266 0.159427 0.028162 0.004310 0.000580 0.000069 0.000007 0.000001 0.000000 0.000000 0.000000 0.000000 0.000000 0.000000 0.000000 0.000000 0.000000 0.000000 0.000000 0.000000 0.000000 0.000000 0.000000 0.000000 0.000000 0.000000 0.000000 0.000000 0.000000 0.000000 0.000000 0.000000 0.000000 0.000000 0.000000 0.000000 0.000000 0.000000 0.000000 0.000000 0.000000 0.000000 0.000000 0.000000 0.000000 0.000000 
50.000000 25.622949 10.026910 3.082848 0.768266 0.159427 0.028162 0.004310 0.000580 0.000069 0.000007 0.000001 0.000000 0.000000 0.000000 0.000000 0.000000 0.000000 0.000000 0.000000 0.000000 0.000000 0.000000 0.000000 0.000000 0.000000 0.000000 0.000000 0.000000 0.000000 0.000000 0.000000 0.000000 0.000000 0.000000 0.000000 0.000000 0.000000 0.000000 0.000000 0.000000 0.000000 0.000000 0.000000 0.000000 0.000000 0.000000 0.000000 0.000000 0.000000 
50.000000 25.622949 10.026910 3.082848 0.768266 0.159427 0.028162 0.004310 0.000580 0.000069 0.000007 0.000001 0.000000 0.000000 0.000000 0.000000 0.000000 0.000000 0.000000 0.000000 0.000000 0.000000 0.000000 0.000000 0.000000 0.000000 0.000000 0.000000 0.000000 0.000000 0.000000 0.000000 0.000000 0.000000 0.000000 0.000000 0.000000 0.000000 0.000000 0.000000 0.000000 0.000000 0.000000 0.000000 0.000000 0.000000 0.000000 0.000000 0.000000 0.000000 
50.000000 25.622949 10.026910 3.082848 0.768266 0.159427 0.028162 0.004310 0.000580 0.000069 0.000007 0.000001 0.000000 0.000000 0.000000 0.000000 0.000000 0.000000 0.000000 0.000000 0.000000 0.000000 0.000000 0.000000 0.000000 0.000000 0.000000 0.000000 0.000000 0.000000 0.000000 0.000000 0.000000 0.000000 0.000000 0.000000 0.000000 0.000000 0.000000 0.000000 0.000000 0.000000 0.000000 0.000000 0.000000 0.000000 0.000000 0.000000 0.000000 0.000000 
50.000000 25.622949 10.026910 3.082848 0.768266 0.159427 0.028162 0.004310 0.000580 0.000069 0.000007 0.000001 0.000000 0.000000 0.000000 0.000000 0.000000 0.000000 0.000000 0.000000 0.000000 0.000000 0.000000 0.000000 0.000000 0.000000 0.000000 0.000000 0.000000 0.000000 0.000000 0.000000 0.000000 0.000000 0.000000 0.000000 0.000000 0.000000 0.000000 0.000000 0.000000 0.000000 0.000000 0.000000 0.000000 0.000000 0.000000 0.000000 0.000000 0.000000 
50.000000 25.622949 10.026910 3.082848 0.768266 0.159427 0.028162 0.004310 0.000580 0.000069 0.000007 0.000001 0.000000 0.000000 0.000000 0.000000 0.000000 0.000000 0.000000 0.000000 0.000000 0.000000 0.000000 0.000000 0.000000 0.000000 0.000000 0.000000 0.000000 0.000000 0.000000 0.000000 0.000000 0.000000 0.000000 0.000000 0.000000 0.000000 0.000000 0.000000 0.000000 0.000000 0.000000 0.000000 0.000000 0.000000 0.000000 0.000000 0.000000 0.000000 
50.000000 25.622949 10.026910 3.082848 0.768266 0.159427 0.028162 0.004310 0.000580 0.000069 0.000007 0.000001 0.000000 0.000000 0.000000 0.000000 0.000000 0.000000 0.000000 0.000000 0.000000 0.000000 0.000000 0.000000 0.000000 0.000000 0.000000 0.000000 0.000000 0.000000 0.000000 0.000000 0.000000 0.000000 0.000000 0.000000 0.000000 0.000000 0.000000 0.000000 0.000000 0.000000 0.000000 0.000000 0.000000 0.000000 0.000000 0.000000 0.000000 0.000000 
50.000000 25.622949 10.026910 3.082848 0.768266 0.159427 0.028162 0.004310 0.000580 0.000069 0.000007 0.000001 0.000000 0.000000 0.000000 0.000000 0.000000 0.000000 0.000000 0.000000 0.000000 0.000000 0.000000 0.000000 0.000000 0.000000 0.000000 0.000000 0.000000 0.000000 0.000000 0.000000 0.000000 0.000000 0.000000 0.000000 0.000000 0.000000 0.000000 0.000000 0.000000 0.000000 0.000000 0.000000 0.000000 0.000000 0.000000 0.000000 0.000000 0.000000 
50.000000 25.622949 10.026910 3.082848 0.768266 0.159427 0.028162 0.004310 0.000580 0.000069 0.000007 0.000001 0.000000 0.000000 0.000000 0.000000 0.000000 0.000000 0.000000 0.000000 0.000000 0.000000 0.000000 0.000000 0.000000 0.000000 0.000000 0.000000 0.000000 0.000000 0.000000 0.000000 0.000000 0.000000 0.000000 0.000000 0.000000 0.000000 0.000000 0.000000 0.000000 0.000000 0.000000 0.000000 0.000000 0.000000 0.000000 0.000000 0.000000 0.000000 
50.000000 25.622949 10.026910 3.082848 0.768266 0.159427 0.028162 0.004310 0.000580 0.000069 0.000007 0.000001 0.000000 0.000000 0.000000 0.000000 0.000000 0.000000 0.000000 0.000000 0.000000 0.000000 0.000000 0.000000 0.000000 0.000000 0.000000 0.000000 0.000000 0.000000 0.000000 0.000000 0.000000 0.000000 0.000000 0.000000 0.000000 0.000000 0.000000 0.000000 0.000000 0.000000 0.000000 0.000000 0.000000 0.000000 0.000000 0.000000 0.000000 0.000000 
50.000000 25.622949 10.026910 3.082848 0.768266 0.159427 0.028162 0.004310 0.000580 0.000069 0.000007 0.000001 0.000000 0.000000 0.000000 0.000000 0.000000 0.000000 0.000000 0.000000 0.000000 0.000000 0.000000 0.000000 0.000000 0.000000 0.000000 0.000000 0.000000 0.000000 0.000000 0.000000 0.000000 0.000000 0.000000 0.000000 0.000000 0.000000 0.000000 0.000000 0.000000 0.000000 0.000000 0.000000 0.000000 0.000000 0.000000 0.000000 0.000000 0.000000 
50.000000 25.622949 10.026910 3.082848 0.768266 0.159427 0.028162 0.004310 0.000580 0.000069 0.000007 0.000001 0.000000 0.000000 0.000000 0.000000 0.000000 0.000000 0.000000 0.000000 0.000000 0.000000 0.000000 0.000000 0.000000 0.000000 0.000000 0.000000 0.000000 0.000000 0.000000 0.000000 0.000000 0.000000 0.000000 0.000000 0.000000 0.000000 0.000000 0.000000 0.000000 0.000000 0.000000 0.000000 0.000000 0.000000 0.000000 0.000000 0.000000 0.000000 
50.000000 25.622949 10.026910 3.082848 0.768266 0.159427 0.028162 0.004310 0.000580 0.000069 0.000007 0.000001 0.000000 0.000000 0.000000 0.000000 0.000000 0.000000 0.000000 0.000000 0.000000 0.000000 0.000000 0.000000 0.000000 0.000000 0.000000 0.000000 0.000000 0.000000 0.000000 0.000000 0.000000 0.000000 0.000000 0.000000 0.000000 0.000000 0.000000 0.000000 0.000000 0.000000 0.000000 0.000000 0.000000 0.000000 0.000000 0.000000 0.000000 0.000000 
50.000000 25.622949 10.026910 3.082848 0.768266 0.159427 0.028162 0.004310 0.000580 0.000069 0.000007 0.000001 0.000000 0.000000 0.000000 0.000000 0.000000 0.000000 0.000000 0.000000 0.000000 0.000000 0.000000 0.000000 0.000000 0.000000 0.000000 0.000000 0.000000 0.000000 0.000000 0.000000 0.000000 0.000000 0.000000 0.000000 0.000000 0.000000 0.000000 0.000000 0.000000 0.000000 0.000000 0.000000 0.000000 0.000000 0.000000 0.000000 0.000000 0.000000 
50.000000 25.622949 10.026910 3.082848 0.768266 0.159427 0.028162 0.004310 0.000580 0.000069 0.000007 0.000001 0.000000 0.000000 0.000000 0.000000 0.000000 0.000000 0.000000 0.000000 0.000000 0.000000 0.000000 0.000000 0.000000 0.000000 0.000000 0.000000 0.000000 0.000000 0.000000 0.000000 0.000000 0.000000 0.000000 0.000000 0.000000 0.000000 0.000000 0.000000 0.000000 0.000000 0.000000 0.000000 0.000000 0.000000 0.000000 0.000000 0.000000 0.000000 
50.000000 25.622949 10.026910 3.082848 0.768266 0.159427 0.028162 0.004310 0.000580 0.000069 0.000007 0.000001 0.000000 0.000000 0.000000 0.000000 0.000000 0.000000 0.000000 0.000000 0.000000 0.000000 0.000000 0.000000 0.000000 0.000000 0.000000 0.000000 0.000000 0.000000 0.000000 0.000000 0.000000 0.000000 0.000000 0.000000 0.000000 0.000000 0.000000 0.000000 0.000000 0.000000 0.000000 0.000000 0.000000 0.000000 0.000000 0.000000 0.000000 0.000000 
50.000000 25.622949 10.026910 3.082848 0.768266 0.159427 0.028162 0.004310 0.000580 0.000069 0.000007 0.000001 0.000000 0.000000 0.000000 0.000000 0.000000 0.000000 0.000000 0.000000 0.000000 0.000000 0.000000 0.000000 0.000000 0.000000 0.000000 0.000000 0.000000 0.000000 0.000000 0.000000 0.000000 0.000000 0.000000 0.000000 0.000000 0.000000 0.000000 0.000000 0.000000 0.000000 0.000000 0.000000 0.000000 0.000000 0.000000 0.000000 0.000000 0.000000 
50.000000 25.622949 10.026910 3.082848 0.768266 0.159427 0.028162 0.004310 0.000580 0.000069 0.000007 0.000001 0.000000 0.000000 0.000000 0.000000 0.000000 0.000000 0.000000 0.000000 0.000000 0.000000 0.000000 0.000000 0.000000 0.000000 0.000000 0.000000 0.000000 0.000000 0.000000 0.000000 0.000000 0.000000 0.000000 0.000000 0.000000 0.000000 0.000000 0.000000 0.000000 0.000000 0.000000 0.000000 0.000000 0.000000 0.000000 0.000000 0.000000 0.000000 
50.000000 25.622949 10.026910 3.082848 0.768266 0.159427 0.028162 0.004310 0.000580 0.000069 0.000007 0.000001 0.000000 0.000000 0.000000 0.000000 0.000000 0.000000 0.000000 0.000000 0.000000 0.000000 0.000000 0.000000 0.000000 0.000000 0.000000 0.000000 0.000000 0.000000 0.000000 0.000000 0.000000 0.000000 0.000000 0.000000 0.000000 0.000000 0.000000 0.000000 0.000000 0.000000 0.000000 0.000000 0.000000 0.000000 0.000000 0.000000 0.000000 0.000000 
50.000000 25.622949 10.026910 3.082848 0.768266 0.159427 0.028162 0.004310 0.000580 0.000069 0.000007 0.000001 0.000000 0.000000 0.000000 0.000000 0.000000 0.000000 0.000000 0.000000 0.000000 0.000000 0.000000 0.000000 0.000000 0.000000 0.000000 0.000000 0.000000 0.000000 0.000000 0.000000 0.000000 0.000000 0.000000 0.000000 0.000000 0.000000 0.000000 0.000000 0.000000 0.000000 0.000000 0.000000 0.000000 0.000000 0.000000 0.000000 0.000000 0.000000 
50.000000 25.622949 10.026910 3.082848 0.768266 0.159427 0.028162 0.004310 0.000580 0.000069 0.000007 0.000001 0.000000 0.000000 0.000000 0.000000 0.000000 0.000000 0.000000 0.000000 0.000000 0.000000 0.000000 0.000000 0.000000 0.000000 0.000000 0.000000 0.000000 0.000000 0.000000 0.000000 0.000000 0.000000 0.000000 0.000000 0.000000 0.000000 0.000000 0.000000 0.000000 0.000000 0.000000 0.000000 0.000000 0.000000 0.000000 0.000000 0.000000 0.000000 
50.000000 25.622949 10.026910 3.082848 0.768266 0.159427 0.028162 0.004310 0.000580 0.000069 0.000007 0.000001 0.000000 0.000000 0.000000 0.000000 0.000000 0.000000 0.000000 0.000000 0.000000 0.000000 0.000000 0.000000 0.000000 0.000000 0.000000 0.000000 0.000000 0.000000 0.000000 0.000000 0.000000 0.000000 0.000000 0.000000 0.000000 0.000000 0.000000 0.000000 0.000000 0.000000 0.000000 0.000000 0.000000 0.000000 0.000000 0.000000 0.000000 0.000000 
50.000000 25.622949 10.026910 3.082848 0.768266 0.159427 0.028162 0.004310 0.000580 0.000069 0.000007 0.000001 0.000000 0.000000 0.000000 0.000000 0.000000 0.000000 0.000000 0.000000 0.000000 0.000000 0.000000 0.000000 0.000000 0.000000 0.000000 0.000000 0.000000 0.000000 0.000000 0.000000 0.000000 0.000000 0.000000 0.000000 0.000000 0.000000 0.000000 0.000000 0.000000 0.000000 0.000000 0.000000 0.000000 0.000000 0.000000 0.000000 0.000000 0.000000 
50.000000 25.622949 10.026910 3.082848 0.768266 0.159427 0.028162 0.004310 0.000580 0.000069 0.000007 0.000001 0.000000 0.000000 0.000000 0.000000 0.000000 0.000000 0.000000 0.000000 0.000000 0.000000 0.000000 0.000000 0.000000 0.000000 0.000000 0.000000 0.000000 0.000000 0.000000 0.000000 0.000000 0.000000 0.000000 0.000000 0.000000 0.000000 0.000000 0.000000 0.000000 0.000000 0.000000 0.000000 0.000000 0.000000 0.000000 0.000000 0.000000 0.000000 
50.000000 25.622949 10.026910 3.082848 0.768266 0.159427 0.028162 0.004311 0.000580 0.000069 0.000008 0.000001 0.000000 0.000000 0.000000 0.000000 0.000000 0.000000 0.000000 0.000000 0.000000 0.000000 0.000000 0.000000 0.000000 0.000000 0.000000 0.000000 0.000000 0.000000 0.000000 0.000000 0.000000 0.000000 0.000000 0.000000 0.000000 0.000000 0.000000 0.000000 0.000000 0.000000 0.000000 0.000000 0.000000 0.000000 0.000000 0.000000 0.000000 0.000000 
50.000000 25.622950 10.026910 3.082848 0.768267 0.159427 0.028162 0.004311 0.000581 0.000070 0.000008 0.000001 0.000001 0.000001 0.000001 0.000001 0.000001 0.000001 0.000001 0.000001 0.000001 0.000001 0.000001 0.000001 0.000001 0.000001 0.000001 0.000001 0.000001 0.000001 0.000001 0.000001 0.000001 0.000001 0.000001 0.000001 0.000001 0.000001 0.000001 0.000001 0.000001 0.000001 0.000001 0.000001 0.000001 0.000001 0.000001 0.000001 0.000000 0.000000 
50.000000 25.622953 10.026916 3.082855 0.768273 0.159434 0.028169 0.004318 0.000587 0.000077 0.000015 0.000008 0.000008 0.000007 0.000007 0.000007 0.000007 0.000007 0.000007 0.000007 0.000007 0.000007 0.000007 0.000007 0.000007 0.000007 0.000007 0.000007 0.000007 0.000007 0.000007 0.000007 0.000007 0.000007 0.000007 0.000007 0.000007 0.000007 0.000007 0.000007 0.000007 0.000007 0.000007 0.000007 0.000007 0.000007 0.000007 0.000006 0.000004 0.000000 
50.000000 25.622984 10.026966 3.082913 0.768334 0.159496 0.028231 0.004380 0.000649 0.000139 0.000077 0.000070 0.000069 0.000069 0.000069 0.000069 0.000069 0.000069 0.000069 0.000069 0.000069 0.000069 0.000069 0.000069 0.000069 0.000069 0.000069 0.000069 0.000069 0.000069 0.000069 0.000069 0.000069 0.000069 0.000069 0.000069 0.000069 0.000069 0.000069 0.000069 0.000069 0.000069 0.000069 0.000069 0.000069 0.000069 0.000066 0.000058 0.000037 0.000000 
50.000000 25.623239 10.027380 3.083395 0.768838 0.160005 0.028741 0.004890 0.001160 0.000649 0.000587 0.000581 0.000580 0.000580 0.000580 0.000580 0.000580 0.000580 0.000580 0.000580 0.000580 0.000580 0.000580 0.000580 0.000580 0.000580 0.000580 0.000580 0.000580 0.000580 0.000580 0.000580 0.000580 0.000580 0.000580 0.000580 0.000580 0.000580 0.000580 0.000580 0.000580 0.000580 0.000580 0.000580 0.000579 0.000575 0.000555 0.000486 0.000309 0.000000 
50.000000 25.625092 10.030396 3.086913 0.772518 0.163725 0.032470 0.008621 0.004890 0.004380 0.004318 0.004311 0.004311 0.004310 0.004310 0.004310 0.004310 0.004310 0.004310 0.004310 0.004310 0.004310 0.004310 0.004310 0.004310 0.004310 0.004310 0.004310 0.004310 0.004310 0.004310 0.004310 0.004310 0.004310 0.004310 0.004310 0.004310 0.004310 0.004310 0.004310 0.004310 0.004310 0.004310 0.004309 0.004303 0.004271 0.004129 0.003626 0.002311 0.000000 
50.000000 25.636902 10.049640 3.109386 0.796036 0.187510 0.056310 0.032470 0.028741 0.028231 0.028169 0.028162 0.028162 0.028162 0.028162 0.028162 0.028162 0.028162 0.028162 0.028162 0.028162 0.028162 0.028162 0.028162 0.028162 0.028162 0.028162 0.028162 0.028162 0.028162 0.028162 0.028162 0.028162 0.028162 0.028162 0.028162 0.028162 0.028162 0.028162 0.028162 0.028162 0.028162 0.028161 0.028155 0.028118 0.027918 0.027017 0.023807 0.015264 0.000000 
50.000000 25.701669 10.155332 3.232954 0.925428 0.318396 0.187510 0.163725 0.160005 0.159496 0.159434 0.159427 0.159427 0.159427 0.159427 0.159427 0.159427 0.159427 0.159427 0.159427 0.159427 0.159427 0.159427 0.159427 0.159427 0.159427 0.159427 0.159427 0.159427 0.159427 0.159427 0.159427 0.159427 0.159427 0.159427 0.159427 0.159427 0.159427 0.159427 0.159427 0.159427 0.159426 0.159422 0.159392 0.159198 0.158137 0.153310 0.135769 0.087895 0.000000 
50.000000 26.001068 10.644582 3.805582 1.525396 0.925428 0.796036 0.772518 0.768838 0.768334 0.768273 0.768267 0.768266 0.768266 0.768266 0.768266 0.768266 0.768266 0.768266 0.768266 0.768266 0.768266 0.768266 0.768266 0.768266 0.768266 0.768266 0.768266 0.768266 0.768266 0.768266 0.768266 0.768266 0.768266 0.768266 0.768266 0.768266 0.768266 0.768266 0.768266 0.768266 0.768264 0.768246 0.768119 0.767291 0.762698 0.741379 0.661621 0.435178 0.000000 
50.000000 27.135647 12.501007 5.980647 3.805582 3.232954 3.109386 3.086913 3.083395 3.082913 3.082855 3.082848 3.082848 3.082848 3.082848 3.082848 3.082848 3.082848 3.082848 3.082848 3.082848 3.082848 3.082848 3.082848 3.082848 3.082848 3.082848 3.082848 3.082848 3.082848 3.082848 3.082848 3.082848 3.082848 3.082848 3.082848 3.082848 3.082848 3.082848 3.082847 3.082847 3.082840 3.082785 3.082369 3.079644 3.064203 2.990324 2.701332 1.826377 0.000000 
50.000000 30.529626 18.060846 12.501007 10.644582 10.155332 10.049640 10.030396 10.027380 10.026966 10.026916 10.026910 10.026910 10.026910 10.026910 10.026910 10.026910 10.026910 10.026910 10.026910 10.026910 10.026910 10.026910 10.026910 10.026910 10.026910 10.026910 10.026910 10.026910 10.026910 10.026910 10.026910 10.026910 10.026910 10.026910 10.026910 10.026910 10.026910 10.026910 10.026910 10.026908 10.026893 10.026770 10.025833 10.019563 9.982961 9.799674 9.030423 6.428395 0.000000 
50.000000 38.133646 30.529626 27.135647 26.001068 25.701669 25.636902 25.625092 25.623239 25.622984 25.622953 25.622950 25.622949 25.622949 25.622949 25.622949 25.622949 25.622949 25.622949 25.622949 25.622949 25.622949 25.622949 25.622949 25.622949 25.622949 25.622949 25.622949 25.622949 25.622949 25.622949 25.622949 25.622949 25.622949 25.622949 25.622949 25.622949 25.622949 25.622949 25.622949 25.622947 25.622930 25.622782 25.621638 25.613774 25.565890 25.309271 24.101231 19.066823 0.000000 
50.000000 50.000000 50.000000 50.000000 50.000000 50.000000 50.000000 50.000000 50.000000 50.000000 50.000000 50.000000 50.000000 50.000000 50.000000 50.000000 50.000000 50.000000 50.000000 50.000000 50.000000 50.000000 50.000000 50.000000 50.000000 50.000000 50.000000 50.000000 50.000000 50.000000 50.000000 50.000000 50.000000 50.000000 50.000000 50.000000 50.000000 50.000000 50.000000 50.000000 50.000000 50.000000 50.000000 50.000000 50.000000 50.000000 50.000000 50.000000 50.000000 50.000000 
