50.000000 50.000000 50.000000 50.000000 50.000000 50.000000 50.000000 50.000000 50.000000 50.000000 50.000000 50.000000 50.000000 50.000000 50.000000 50.000000 50.000000 50.000000 50.000000 50.000000 50.000000 50.000000 50.000000 50.000000 50.000000 50.000000 50.000000 50.000000 50.000000 50.000000 50.000000 50.000000 50.000000 50.000000 50.000000 50.000000 50.000000 50.000000 50.000000 50.000000 50.000000 50.000000 50.000000 50.000000 50.000000 50.000000 50.000000 50.000000 50.000000 50.000000 
50.000000 46.510042 43.401391 40.930887 39.173852 38.050993 37.403156 37.064015 36.902107 36.831266 36.802726 36.792091 36.788410 36.787223 36.786864 36.786763 36.786736 36.786729 36.786727 36.786727 36.786727 36.786727 36.786727 36.786727 36.786727 36.786727 36.786727 36.786727 36.786727 36.786727 36.786727 36.786727 36.786727 36.786726 36.786725 36.786719 36.786694 36.786602 36.786275 36.785176 36.781690 36.771216 36.741420 36.660875 36.452741 35.933007 34.656401 31.488073 23.255021 0.000000 
50.000000 43.401391 37.523824 32.852945 29.531131 27.408393 26.183752 25.542702 25.236685 25.102805 25.048871 25.028776 25.021822 25.019578 25.018901 25.018709 25.018658 25.018645 25.018642 25.018642 25.018641 25.018641 25.018641 25.018641 25.018641 25.018641 25.018641 25.018641 25.018641 25.018641 25.018641 25.018641 25.018641 25.018641 25.018638 25.018628 25.018588 25.018439 25.017914 25.016161 25.010638 24.994228 24.948259 24.826780 24.523490 23.806312 22.195693 18.761912 11.913318 0.000000 
50.000000 40.930887 32.852945 26.433706 21.868779 18.951882 17.269234 16.388528 15.968156 15.784268 15.710200 15.682606 15.673059 15.669979 15.669050 15.668786 15.668716 15.668698 15.668694 15.668693 15.668693 15.668693 15.668693 15.668693 15.668693 15.668693 15.668693 15.668693 15.668693 15.668693 15.668693 15.668693 15.668693 15.668692 15.668690 15.668679 15.668636 15.668479 15.667927 15.666098 15.660397 15.643691 15.597747 15.479380 15.194217 14.553427 13.216853 10.657251 6.274486 0.000000 
50.000000 39.173852 29.531131 21.868779 16.420205 12.938975 10.930991 9.880126 9.378599 9.159242 9.070900 9.037993 9.026610 9.022939 9.021831 9.021517 9.021433 9.021412 9.021407 9.021406 9.021406 9.021406 9.021406 9.021406 9.021406 9.021406 9.021406 9.021406 9.021406 9.021406 9.021406 9.021406 9.021406 9.021405 9.021403 9.021394 9.021359 9.021228 9.020773 9.019279 9.014673 9.001365 8.965430 8.875054 8.664174 8.210102 7.315352 5.724819 3.240845 0.000000 
50.000000 38.050993 27.408393 18.951882 12.938975 9.097491 6.881923 5.722548 5.169301 4.927355 4.829928 4.793643 4.781093 4.777046 4.775825 4.775479 4.775387 4.775364 4.775359 4.775357 4.775357 4.775357 4.775357 4.775357 4.775357 4.775357 4.775357 4.775357 4.775357 4.775357 4.775357 4.775357 4.775357 4.775357 4.775355 4.775349 4.775324 4.775233 4.774920 4.773901 4.770791 4.761923 4.738377 4.680406 4.548745 4.274801 3.757665 2.884903 1.598252 0.000000 
50.000000 37.403156 26.183752 17.269234 10.930991 6.881923 4.546814 3.324993 2.742004 2.487078 2.384435 2.346213 2.332994 2.328732 2.327446 2.327082 2.326985 2.326961 2.326955 2.326954 2.326953 2.326953 2.326953 2.326953 2.326953 2.326953 2.326953 2.326953 2.326953 2.326953 2.326953 2.326953 2.326953 2.326953 2.326952 2.326948 2.326933 2.326879 2.326693 2.326092 2.324276 2.319160 2.305774 2.273407 2.201517 2.055937 1.789853 1.356972 0.742281 0.000000 
50.000000 37.064015 25.542702 16.388528 9.880126 5.722548 3.324993 2.070576 1.472075 1.210385 1.105028 1.065798 1.052231 1.047858 1.046538 1.046165 1.046065 1.046040 1.046034 1.046033 1.046033 1.046033 1.046033 1.046033 1.046033 1.046033 1.046033 1.046033 1.046033 1.046033 1.046033 1.046033 1.046033 1.046033 1.046032 1.046030 1.046022 1.045994 1.045896 1.045583 1.044647 1.042035 1.035288 1.019219 0.984171 0.914696 0.790781 0.594443 0.322595 0.000000 
50.000000 36.902107 25.236685 15.968156 9.378599 5.169301 2.742004 1.472075 0.866200 0.601297 0.494652 0.454944 0.441213 0.436787 0.435452 0.435074 0.434973 0.434948 0.434942 0.434940 0.434940 0.434940 0.434940 0.434940 0.434940 0.434940 0.434940 0.434940 0.434940 0.434940 0.434940 0.434940 0.434940 0.434940 0.434940 0.434939 0.434935 0.434921 0.434876 0.434730 0.434297 0.433100 0.430040 0.422844 0.407378 0.377235 0.324465 0.242457 0.130890 0.000000 
50.000000 36.831266 25.102805 15.784268 9.159242 4.927355 2.487078 1.210385 0.601297 0.334997 0.227792 0.187876 0.174074 0.169625 0.168283 0.167903 0.167802 0.167777 0.167770 0.167769 0.167769 0.167769 0.167769 0.167769 0.167769 0.167769 0.167769 0.167769 0.167769 0.167769 0.167769 0.167769 0.167769 0.167769 0.167769 0.167768 0.167767 0.167761 0.167741 0.167680 0.167498 0.167000 0.165738 0.162801 0.156564 0.144569 0.123871 0.092167 0.049577 0.000000 
50.000000 36.802726 25.048871 15.710200 9.070900 4.829928 2.384435 1.105028 0.494652 0.227792 0.120363 0.080365 0.066534 0.062076 0.060731 0.060351 0.060249 0.060224 0.060217 0.060216 0.060216 0.060216 0.060216 0.060216 0.060216 0.060216 0.060216 0.060216 0.060216 0.060216 0.060216 0.060216 0.060216 0.060216 0.060216 0.060216 0.060215 0.060213 0.060205 0.060181 0.060112 0.059922 0.059445 0.058343 0.056027 0.051621 0.044102 0.032710 0.017550 0.000000 
50.000000 36.792091 25.028776 15.682606 9.037993 4.793643 2.346213 1.065798 0.454944 0.187876 0.080365 0.040336 0.026495 0.022033 0.020688 0.020307 0.020205 0.020180 0.020174 0.020172 0.020172 0.020172 0.020172 0.020172 0.020172 0.020172 0.020172 0.020172 0.020172 0.020172 0.020172 0.020172 0.020172 0.020172 0.020172 0.020172 0.020171 0.020171 0.020168 0.020160 0.020135 0.020068 0.019902 0.019520 0.018723 0.017221 0.014679 0.010862 0.005816 0.000000 
50.000000 36.788410 25.021822 15.673059 9.026610 4.781093 2.332994 1.052231 0.441213 0.174074 0.066534 0.026495 0.012650 0.008187 0.006842 0.006460 0.006359 0.006333 0.006327 0.006326 0.006326 0.006326 0.006326 0.006326 0.006326 0.006326 0.006326 0.006326 0.006326 0.006326 0.006326 0.006326 0.006326 0.006326 0.006326 0.006326 0.006325 0.006325 0.006324 0.006322 0.006314 0.006292 0.006238 0.006115 0.005860 0.005382 0.004580 0.003382 0.001809 0.000000 
50.000000 36.787223 25.019578 15.669979 9.022939 4.777046 2.328732 1.047858 0.436787 0.169625 0.062076 0.022033 0.008187 0.003724 0.002378 0.001997 0.001896 0.001870 0.001864 0.001863 0.001862 0.001862 0.001862 0.001862 0.001862 0.001862 0.001862 0.001862 0.001862 0.001862 0.001862 0.001862 0.001862 0.001862 0.001862 0.001862 0.001862 0.001862 0.001862 0.001861 0.001858 0.001852 0.001836 0.001799 0.001722 0.001580 0.001343 0.000990 0.000529 0.000000 
50.000000 36.786864 25.018901 15.669050 9.021831 4.775825 2.327446 1.046538 0.435452 0.168283 0.060731 0.020688 0.006842 0.002378 0.001032 0.000651 0.000549 0.000524 0.000518 0.000516 0.000516 0.000516 0.000516 0.000516 0.000516 0.000516 0.000516 0.000516 0.000516 0.000516 0.000516 0.000516 0.000516 0.000516 0.000516 0.000516 0.000516 0.000516 0.000516 0.000516 0.000515 0.000513 0.000508 0.000498 0.000477 0.000437 0.000371 0.000273 0.000146 0.000000 
50.000000 36.786763 25.018709 15.668786 9.021517 4.775479 2.327082 1.046165 0.435074 0.167903 0.060351 0.020307 0.006460 0.001997 0.000651 0.000270 0.000168 0.000143 0.000137 0.000135 0.000135 0.000135 0.000135 0.000135 0.000135 0.000135 0.000135 0.000135 0.000135 0.000135 0.000135 0.000135 0.000135 0.000135 0.000135 0.000135 0.000135 0.000135 0.000135 0.000135 0.000135 0.000134 0.000133 0.000130 0.000124 0.000114 0.000097 0.000071 0.000038 0.000000 
50.000000 36.786736 25.018658 15.668716 9.021433 4.775387 2.326985 1.046065 0.434973 0.167802 0.060249 0.020205 0.006359 0.001896 0.000549 0.000168 0.000067 0.000041 0.000035 0.000034 0.000033 0.000033 0.000033 0.000033 0.000033 0.000033 0.000033 0.000033 0.000033 0.000033 0.000033 0.000033 0.000033 0.000033 0.000033 0.000033 0.000033 0.000033 0.000033 0.000033 0.000033 0.000033 0.000033 0.000032 0.000031 0.000028 0.000024 0.000018 0.000009 0.000000 
50.000000 36.786729 25.018645 15.668698 9.021412 4.775364 2.326961 1.046040 0.434948 0.167777 0.060224 0.020180 0.006333 0.001870 0.000524 0.000143 0.000041 0.000016 0.000010 0.000008 0.000008 0.000008 0.000008 0.000008 0.000008 0.000008 0.000008 0.000008 0.000008 0.000008 0.000008 0.000008 0.000008 0.000008 0.000008 0.000008 0.000008 0.000008 0.000008 0.000008 0.000008 0.000008 0.000008 0.000008 0.000007 0.000007 0.000006 0.000004 0.000002 0.000000 
50.000000 36.786727 25.018642 15.668694 9.021407 4.775359 2.326955 1.046034 0.434942 0.167770 0.060217 0.020174 0.006327 0.001864 0.000518 0.000137 0.000035 0.000010 0.000003 0.000002 0.000002 0.000002 0.000002 0.000002 0.000002 0.000002 0.000002 0.000002 0.000002 0.000002 0.000002 0.000002 0.000002 0.000002 0.000002 0.000002 0.000002 0.000002 0.000002 0.000002 0.000002 0.000002 0.000002 0.000002 0.000002 0.000001 0.000001 0.000001 0.000000 0.000000 
50.000000 36.786727 25.018642 15.668693 9.021406 4.775357 2.326954 1.046033 0.434940 0.167769 0.060216 0.020172 0.006326 0.001863 0.000516 0.000135 0.000034 0.000008 0.000002 0.000001 0.000000 0.000000 0.000000 0.000000 0.000000 0.000000 0.000000 0.000000 0.000000 0.000000 0.000000 0.000000 0.000000 0.000000 0.000000 0.000000 0.000000 0.000000 0.000000 0.000000 0.000000 0.000000 0.000000 0.000000 0.000000 0.000000 0.000000 0.000000 0.000000 0.000000 
50.000000 36.786727 25.018641 15.668693 9.021406 4.775357 2.326953 1.046033 0.434940 0.167769 0.060216 0.020172 0.006326 0.001862 0.000516 0.000135 0.000033 0.000008 0.000002 0.000000 0.000000 0.000000 0.000000 0.000000 0.000000 0.000000 0.000000 0.000000 0.000000 0.000000 0.000000 0.000000 0.000000 0.000000 0.000000 0.000000 0.000000 0.000000 0.000000 0.000000 0.000000 0.000000 0.000000 0.000000 0.000000 0.000000 0.000000 0.000000 0.000000 0.000000 
50.000000 36.786727 25.018641 15.668693 9.021406 4.775357 2.326953 1.046033 0.434940 0.167769 0.060216 0.020172 0.006326 0.001862 0.000516 0.000135 0.000033 0.000008 0.000002 0.000000 0.000000 0.000000 0.000000 0.000000 0.000000 0.000000 0.000000 0.000000 0.000000 0.000000 0.000000 0.000000 0.000000 0.000000 0.000000 0.000000 0.000000 0.000000 0.000000 0.000000 0.000000 0.000000 0.000000 0.000000 0.000000 0.000000 0.000000 0.000000 0.000000 0.000000 
50.000000 36.786727 25.018641 15.668693 9.021406 4.775357 2.326953 1.046033 0.434940 0.167769 0.060216 0.020172 0.006326 0.001862 0.000516 0.000135 0.000033 0.000008 0.000002 0.000000 0.000000 0.000000 0.000000 0.000000 0.000000 0.000000 0.000000 0.000000 0.000000 0.000000 0.000000 0.000000 0.000000 0.000000 0.000000 0.000000 0.000000 0.000000 0.000000 0.000000 0.000000 0.000000 0.000000 0.000000 0.000000 0.000000 0.000000 0.000000 0.000000 0.000000 
50.000000 36.786727 25.018641 15.668693 9.021406 4.775357 2.326953 1.046033 0.434940 0.167769 0.060216 0.020172 0.006326 0.001862 0.000516 0.000135 0.000033 0.000008 0.000002 0.000000 0.000000 0.000000 0.000000 0.000000 0.000000 0.000000 0.000000 0.000000 0.000000 0.000000 0.000000 0.000000 0.000000 0.000000 0.000000 0.000000 0.000000 0.000000 0.000000 0.000000 0.000000 0.000000 0.000000 0.000000 0.000000 0.000000 0.000000 0.000000 0.000000 0.000000 
50.000000 36.786727 25.018641 15.668693 9.021406 4.775357 2.326953 1.046033 0.434940 0.167769 0.060216 0.020172 0.006326 0.001862 0.000516 0.000135 0.000033 0.000008 0.000002 0.000000 0.000000 0.000000 0.000000 0.000000 0.000000 0.000000 0.000000 0.000000 0.000000 0.000000 0.000000 0.000000 0.000000 0.000000 0.000000 0.000000 0.000000 0.000000 0.000000 0.000000 0.000000 0.000000 0.000000 0.000000 0.000000 0.000000 0.000000 0.000000 0.000000 0.000000 
50.000000 36.786727 25.018641 15.668693 9.021406 4.775357 2.326953 1.046033 0.434940 0.167769 0.060216 0.020172 0.006326 0.001862 0.000516 0.000135 0.000033 0.000008 0.000002 0.000000 0.000000 0.000000 0.000000 0.000000 0.000000 0.000000 0.000000 0.000000 0.000000 0.000000 0.000000 0.000000 0.000000 0.000000 0.000000 0.000000 0.000000 0.000000 0.000000 0.000000 0.000000 0.000000 0.000000 0.000000 0.000000 0.000000 0.000000 0.000000 0.000000 0.000000 
50.000000 36.786727 25.018641 15.668693 9.021406 4.775357 2.326953 1.046033 0.434940 0.167769 0.060216 0.020172 0.006326 0.001862 0.000516 0.000135 0.000033 0.000008 0.000002 0.000000 0.000000 0.000000 0.000000 0.000000 0.000000 0.000000 0.000000 0.000000 0.000000 0.000000 0.000000 0.000000 0.000000 0.000000 0.000000 0.000000 0.000000 0.000000 0.000000 0.000000 0.000000 0.000000 0.000000 0.000000 0.000000 0.000000 0.000000 0.000000 0.000000 0.000000 
50.000000 36.786727 25.018641 15.668693 9.021406 4.775357 2.326953 1.046033 0.434940 0.167769 0.060216 0.020172 0.006326 0.001862 0.000516 0.000135 0.000033 0.000008 0.000002 0.000000 0.000000 0.000000 0.000000 0.000000 0.000000 0.000000 0.000000 0.000000 0.000000 0.000000 0.000000 0.000000 0.000000 0.000000 0.000000 0.000000 0.000000 0.000000 0.000000 0.000000 0.000000 0.000000 0.000000 0.000000 0.000000 0.000000 0.000000 0.000000 0.000000 0.000000 
50.000000 36.786727 25.018641 15.668693 9.021406 4.775357 2.326953 1.046033 0.434940 0.167769 0.060216 0.020172 0.006326 0.001862 0.000516 0.000135 0.000033 0.000008 0.000002 0.000000 0.000000 0.000000 0.000000 0.000000 0.000000 0.000000 0.000000 0.000000 0.000000 0.000000 0.000000 0.000000 0.000000 0.000000 0.000000 0.000000 0.000000 0.000000 0.000000 0.000000 0.000000 0.000000 0.000000 0.000000 0.000000 0.000000 0.000000 0.000000 0.000000 0.000000 
50.000000 36.786727 25.018641 15.668693 9.021406 4.775357 2.326953 1.046033 0.434940 0.167769 0.060216 0.020172 0.006326 0.001862 0.000516 0.000135 0.000033 0.000008 0.000002 0.000000 0.000000 0.000000 0.000000 0.000000 0.000000 0.000000 0.000000 0.000000 0.000000 0.000000 0.000000 0.000000 0.000000 0.000000 0.000000 0.000000 0.000000 0.000000 0.000000 0.000000 0.000000 0.000000 0.000000 0.000000 0.000000 0.000000 0.000000 0.000000 0.000000 0.000000 
50.000000 36.786727 25.018642 15.668693 9.021406 4.775357 2.326954 1.046033 0.434940 0.167769 0.060216 0.020172 0.006326 0.001863 0.000516 0.000135 0.000034 0.000008 0.000002 0.000001 0.000000 0.000000 0.000000 0.000000 0.000000 0.000000 0.000000 0.000000 0.000000 0.000000 0.000000 0.000000 0.000000 0.000000 0.000000 0.000000 0.000000 0.000000 0.000000 0.000000 0.000000 0.000000 0.000000 0.000000 0.000000 0.000000 0.000000 0.000000 0.000000 0.000000 
50.000000 36.786727 25.018642 15.668694 9.021407 4.775359 2.326955 1.046034 0.434942 0.167770 0.060217 0.020174 0.006327 0.001864 0.000518 0.000137 0.000035 0.000010 0.000003 0.000002 0.000002 0.000002 0.000002 0.000002 0.000002 0.000002 0.000002 0.000002 0.000002 0.000002 0.000002 0.000002 0.000002 0.000002 0.000002 0.000002 0.000002 0.000002 0.000002 0.000002 0.000002 0.000002 0.000002 0.000002 0.000002 0.000001 0.000001 0.000001 0.000000 0.000000 
50.000000 36.786729 25.018645 15.668698 9.021412 4.775364 2.326961 1.046040 0.434948 0.167777 0.060224 0.020180 0.006333 0.001870 0.000524 0.000143 0.000041 0.000016 0.000010 0.000008 0.000008 0.000008 0.000008 0.000008 0.000008 0.000008 0.000008 0.000008 0.000008 0.000008 0.000008 0.000008 0.000008 0.000008 0.000008 0.000008 0.000008 0.000008 0.000008 0.000008 0.000008 0.000008 0.000008 0.000008 0.000007 0.000007 0.000006 0.000004 0.000002 0.000000 
50.000000 36.786736 25.018658 15.668716 9.021433 4.775387 2.326985 1.046065 0.434973 0.167802 0.060249 0.020205 0.006359 0.001896 0.000549 0.000168 0.000067 0.000041 0.000035 0.000034 0.000033 0.000033 0.000033 0.000033 0.000033 0.000033 0.000033 0.000033 0.000033 0.000033 0.000033 0.000033 0.000033 0.000033 0.000033 0.000033 0.000033 0.000033 0.000033 0.000033 0.000033 0.000033 0.000033 0.000032 0.000031 0.000028 0.000024 0.000018 0.000009 0.000000 
50.000000 36.786763 25.018709 15.668786 9.021517 4.775479 2.327082 1.046165 0.435074 0.167903 0.060351 0.020307 0.006460 0.001997 0.000651 0.000270 0.000168 0.000143 0.000137 0.000135 0.000135 0.000135 0.000135 0.000135 0.000135 0.000135 0.000135 0.000135 0.000135 0.000135 0.000135 0.000135 0.000135 0.000135 0.000135 0.000135 0.000135 0.000135 0.000135 0.000135 0.000135 0.000134 0.000133 0.000130 0.000124 0.000114 0.000097 0.000071 0.000038 0.000000 
50.000000 36.786864 25.018901 15.669050 9.021831 4.775825 2.327446 1.046538 0.435452 0.168283 0.060731 0.020688 0.006842 0.002378 0.001032 0.000651 0.000549 0.000524 0.000518 0.000516 0.000516 0.000516 0.000516 0.000516 0.000516 0.000516 0.000516 0.000516 0.000516 0.000516 0.000516 0.000516 0.000516 0.000516 0.000516 0.000516 0.000516 0.000516 0.000516 0.000516 0.000515 0.000513 0.000508 0.000498 0.000477 0.000437 0.000371 0.000273 0.000146 0.000000 
50.000000 36.787223 25.019578 15.669979 9.022939 4.777046 2.328732 1.047858 0.436787 0.169625 0.062076 0.022033 0.008187 0.003724 0.002378 0.001997 0.001896 0.001870 0.001864 0.001863 0.001862 0.001862 0.001862 0.001862 0.001862 0.001862 0.001862 0.001862 0.001862 0.001862 0.001862 0.001862 0.001862 0.001862 0.001862 0.001862 0.001862 0.001862 0.001862 0.001861 0.001858 0.001852 0.001836 0.001799 0.001722 0.001580 0.001343 0.000990 0.000529 0.000000 
50.000000 36.788410 25.021822 15.673059 9.026610 4.781093 2.332994 1.052231 0.441213 0.174074 0.066534 0.026495 0.012650 0.008187 0.006842 0.006460 0.006359 0.006333 0.006327 0.006326 0.006326 0.006326 0.006326 0.006326 0.006326 0.006326 0.006326 0.006326 0.006326 0.006326 0.006326 0.006326 0.006326 0.006326 0.006326 0.006326 0.006325 0.006325 0.006324 0.006322 0.006314 0.006292 0.006238 0.006115 0.005860 0.005382 0.004580 0.003382 0.001809 0.000000 
50.000000 36.792091 25.028776 15.682606 9.037993 4.793643 2.346213 1.065798 0.454944 0.187876 0.080365 0.040336 0.026495 0.022033 0.020688 0.020307 0.020205 0.020180 0.020174 0.020172 0.020172 0.020172 0.020172 0.020172 0.020172 0.020172 0.020172 0.020172 0.020172 0.020172 0.020172 0.020172 0.020172 0.020172 0.020172 0.020172 0.020171 0.020171 0.020168 0.020160 0.020135 0.020068 0.019902 0.019520 0.018723 0.017221 0.014679 0.010862 0.005816 0.000000 
50.000000 36.802726 25.048871 15.710200 9.070900 4.829928 2.384435 1.105028 0.494652 0.227792 0.120363 0.080365 0.066534 0.062076 0.060731 0.060351 0.060249 0.060224 0.060217 0.060216 0.060216 0.060216 0.060216 0.060216 0.060216 0.060216 0.060216 0.060216 0.060216 0.060216 0.060216 0.060216 0.060216 0.060216 0.060216 0.060216 0.060215 0.060213 0.060205 0.060181 0.060112 0.059922 0.059445 0.058343 0.056027 0.051621 0.044102 0.032710 0.017550 0.000000 
50.000000 36.831266 25.102805 15.784268 9.159242 4.927355 2.487078 1.210385 0.601297 0.334997 0.227792 0.187876 0.174074 0.169625 0.168283 0.167903 0.167802 0.167777 0.167770 0.167769 0.167769 0.167769 0.167769 0.167769 0.167769 0.167769 0.167769 0.167769 0.167769 0.167769 0.167769 0.167769 0.167769 0.167769 0.167769 0.167768 0.167767 0.167761 0.167741 0.167680 0.167498 0.167000 0.165738 0.162801 0.156564 0.144569 0.123871 0.092167 0.049577 0.000000 
50.000000 36.902107 25.236685 15.968156 9.378599 5.169301 2.742004 1.472075 0.866200 0.601297 0.494652 0.454944 0.441213 0.436787 0.435452 0.435074 0.434973 0.434948 0.434942 0.434940 0.434940 0.434940 0.434940 0.434940 0.434940 0.434940 0.434940 0.434940 0.434940 0.434940 0.434940 0.434940 0.434940 0.434940 0.434940 0.434939 0.434935 0.434921 0.434876 0.434730 0.434297 0.433100 0.430040 0.422844 0.407378 0.377235 0.324465 0.242457 0.130890 0.000000 
50.000000 37.064015 25.542702 16.388528 9.880126 5.722548 3.324993 2.070576 1.472075 1.210385 1.105028 1.065798 1.052231 1.047858 1.046538 1.046165 1.046065 1.046040 1.046034 1.046033 1.046033 1.046033 1.046033 1.046033 1.046033 1.046033 1.046033 1.046033 1.046033 1.046033 1.046033 1.046033 1.046033 1.046033 1.046032 1.046030 1.046022 1.045994 1.045896 1.045583 1.044647 1.042035 1.035288 1.019219 0.984171 0.914696 0.790781 0.594443 0.322595 0.000000 
50.000000 37.403156 26.183752 17.269234 10.930991 6.881923 4.546814 3.324993 2.742004 2.487078 2.384435 2.346213 2.332994 2.328732 2.327446 2.327082 2.326985 2.326961 2.326955 2.326954 2.326953 2.326953 2.326953 2.326953 2.326953 2.326953 2.326953 2.326953 2.326953 2.326953 2.326953 2.326953 2.326953 2.326953 2.326952 2.326948 2.326933 2.326879 2.326693 2.326092 2.324276 2.319160 2.305774 2.273407 2.201517 2.055937 1.789853 1.356972 0.742281 0.000000 
50.000000 38.050993 27.408393 18.951882 12.938975 9.097491 6.881923 5.722548 5.169301 4.927355 4.829928 4.793643 4.781093 4.777046 4.775825 4.775479 4.775387 4.775364 4.775359 4.775357 4.775357 4.775357 4.775357 4.775357 4.775357 4.775357 4.775357 4.775357 4.775357 4.775357 4.775357 4.775357 4.775357 4.775357 4.775355 4.775349 4.775324 4.775233 4.774920 4.773901 4.770791 4.761923 4.738377 4.680406 4.548745 4.274801 3.757665 2.884903 1.598252 0.000000 
50.000000 39.173852 29.531131 21.868779 16.420205 12.938975 10.930991 9.880126 9.378599 9.159242 9.070900 9.037993 9.026610 9.022939 9.021831 9.021517 9.021433 9.021412 9.021407 9.021406 9.021406 9.021406 9.021406 9.021406 9.021406 9.021406 9.021406 9.021406 9.021406 9.021406 9.021406 9.021406 9.021406 9.021405 9.021403 9.021394 9.021359 9.021228 9.020773 9.019279 9.014673 9.001365 8.965430 8.875054 8.664174 8.210102 7.315352 5.724819 3.240845 0.000000 
50.000000 40.930887 32.852945 26.433706 21.868779 18.951882 17.269234 16.388528 15.968156 15.784268 15.710200 15.682606 15.673059 15.669979 15.669050 15.668786 15.668716 15.668698 15.668694 15.668693 15.668693 15.668693 15.668693 15.668693 15.668693 15.668693 15.668693 15.668693 15.668693 15.668693 15.668693 15.668693 15.668693 15.668692 15.668690 15.668679 15.668636 15.668479 15.667927 15.666098 15.660397 15.643691 15.597747 15.479380 15.194217 14.553427 13.216853 10.657251 6.274486 0.000000 
50.000000 43.401391 37.523824 32.852945 29.531131 27.408393 26.183752 25.542702 25.236685 25.102805 25.048871 25.028776 25.021822 25.019578 25.018901 25.018709 25.018658 25.018645 25.018642 25.018642 25.018641 25.018641 25.018641 25.018641 25.018641 25.018641 25.018641 25.018641 25.018641 25.018641 25.018641 25.018641 25.018641 25.018641 25.018638 25.018628 25.018588 25.018439 25.017914 25.016161 25.010638 24.994228 24.948259 24.826780 24.523490 23.806312 22.195693 18.761912 11.913318 0.000000 
50.000000 46.510042 43.401391 40.930887 39.173852 38.050993 37.403156 37.064015 36.902107 36.831266 36.802726 36.792091 36.788410 36.787223 36.786864 36.786763 36.786736 36.786729 36.786727 36.786727 36.786727 36.786727 36.786727 36.786727 36.786727 36.786727 36.786727 36.786727 36.786727 36.786727 36.786727 36.786727 36.786727 36.786726 36.786725 36.786719 36.786694 36.786602 36.786275 36.785176 36.781690 36.771216 36.741420 36.660875 36.452741 35.933007 34.656401 31.488073 23.255021 0.000000 
50.000000 50.000000 50.000000 50.000000 50.000000 50.000000 50.000000 50.000000 50.000000 50.000000 50.000000 50.000000 50.000000 50.000000 50.000000 50.000000 50.000000 50.000000 50.000000 50.000000 50.000000 50.000000 50.000000 50.000000 50.000000 50.000000 50.000000 50.000000 50.000000 50.000000 50.000000 50.000000 50.000000 50.000000 50.000000 50.000000 50.000000 50.000000 50.000000 50.000000 50.000000 50.000000 50.000000 50.000000 50.000000 50.000000 50.000000 50.000000 50.000000 50.000000 
