50.000000 50.000000 50.000000 50.000000 50.000000 50.000000 50.000000 50.000000 50.000000 50.000000 50.000000 50.000000 50.000000 50.000000 50.000000 50.000000 50.000000 50.000000 50.000000 50.000000 50.000000 50.000000 50.000000 50.000000 50.000000 50.000000 50.000000 50.000000 50.000000 50.000000 50.000000 50.000000 50.000000 50.000000 50.000000 50.000000 50.000000 50.000000 50.000000 50.000000 50.000000 50.000000 50.000000 50.000000 50.000000 50.000000 50.000000 50.000000 50.000000 50.000000 
50.000000 48.382137 46.846400 45.462427 44.278036 43.315103 42.570956 42.023989 41.641326 41.386303 41.224262 41.126005 41.069092 41.037573 41.020864 41.012378 41.008245 41.006312 41.005443 41.005067 41.004911 41.004848 41.004824 41.004815 41.004812 41.004811 41.004810 41.004810 41.004808 41.004805 41.004795 41.004769 41.004705 41.004544 41.004161 41.003274 41.001284 40.996959 40.987841 40.969170 40.931948 40.859493 40.721133 40.460171 39.969057 39.032754 37.183806 33.285308 24.191068 0.000000 
50.000000 46.846400 43.852889 41.155208 38.846567 36.969609 35.519118 34.452981 33.707107 33.210031 32.894192 32.702679 32.591753 32.530320 32.497755 32.481216 32.473160 32.469392 32.467700 32.466968 32.466663 32.466541 32.466494 32.466476 32.466470 32.466467 32.466466 32.466465 32.466463 32.466456 32.466439 32.466392 32.466274 32.465982 32.465285 32.463676 32.460077 32.452279 32.435907 32.402558 32.336555 32.209346 31.969869 31.527699 30.722705 29.268650 26.647514 21.926445 13.561093 0.000000 
50.000000 45.462427 41.155208 37.273661 33.951905 31.251292 29.164313 27.630365 26.557224 25.842058 25.387653 25.112126 24.952541 24.864160 24.817312 24.793520 24.781931 24.776512 24.774077 24.773024 24.772586 24.772410 24.772342 24.772317 24.772308 24.772304 24.772303 24.772301 24.772298 24.772290 24.772267 24.772207 24.772055 24.771680 24.770789 24.768736 24.764161 24.754300 24.733721 24.692133 24.610666 24.455803 24.169690 23.655084 22.752593 21.208432 18.636830 14.507693 8.278621 0.000000 
50.000000 44.278036 38.846567 33.951905 29.763179 26.357749 23.726138 21.791911 20.438763 19.537011 18.964066 18.616671 18.415466 18.304039 18.244976 18.214981 18.200372 18.193540 18.190471 18.189144 18.188591 18.188370 18.188284 18.188252 18.188241 18.188236 18.188235 18.188233 18.188230 18.188221 18.188196 18.188131 18.187967 18.187565 18.186611 18.184423 18.179571 18.169175 18.147643 18.104537 18.021102 17.864929 17.582167 17.086986 16.248925 14.881590 12.743474 9.577918 5.245282 0.000000 
50.000000 43.315103 36.969609 31.251292 26.357749 22.379353 19.305018 17.045432 15.464701 14.411311 13.742037 13.336245 13.101225 12.971075 12.902091 12.867058 12.849996 12.842018 12.838433 12.836884 12.836239 12.835980 12.835880 12.835843 12.835829 12.835824 12.835822 12.835821 12.835818 12.835809 12.835785 12.835723 12.835567 12.835185 12.834284 12.832224 12.827684 12.818020 12.798169 12.758826 12.683623 12.545045 12.299037 11.878822 11.189677 10.108825 8.498699 6.246904 3.346046 0.000000 
50.000000 42.570956 35.519118 29.164313 23.726138 19.305018 15.888619 13.377669 11.621130 10.450609 9.706937 9.256049 8.994919 8.850315 8.773672 8.734752 8.715797 8.706934 8.702952 8.701230 8.700514 8.700227 8.700116 8.700074 8.700059 8.700054 8.700052 8.700050 8.700047 8.700040 8.700019 8.699966 8.699831 8.699502 8.698729 8.696973 8.693124 8.684988 8.668416 8.635904 8.574518 8.463081 8.268831 7.944310 7.426196 6.639152 5.509228 3.991419 2.110785 0.000000 
50.000000 42.023989 34.452981 27.630365 21.791911 17.045432 13.377669 10.682021 8.796316 7.539752 6.741432 6.257426 5.977124 5.821908 5.739643 5.697870 5.677526 5.668014 5.663740 5.661893 5.661125 5.660816 5.660697 5.660653 5.660637 5.660631 5.660629 5.660627 5.660625 5.660619 5.660602 5.660560 5.660452 5.660192 5.659583 5.658205 5.655203 5.648904 5.636176 5.611451 5.565307 5.482689 5.341011 5.108838 4.746395 4.209744 3.460675 2.483112 1.302857 0.000000 
50.000000 41.641326 33.707107 26.557224 20.438763 15.464701 11.621130 8.796316 6.820292 5.503568 4.667049 4.159895 3.866194 3.703565 3.617373 3.573607 3.552293 3.542328 3.537851 3.535916 3.535111 3.534788 3.534663 3.534617 3.534600 3.534594 3.534592 3.534591 3.534589 3.534584 3.534572 3.534540 3.534461 3.534270 3.533823 3.532819 3.530645 3.526112 3.517026 3.499537 3.467246 3.410146 3.313627 3.158049 2.919656 2.573834 2.101422 1.497762 0.781833 0.000000 
50.000000 41.386303 33.210031 25.842058 19.537011 14.411311 10.450609 7.539752 5.503568 4.146782 3.284827 2.762263 2.459646 2.292082 2.203278 2.158186 2.136228 2.125962 2.121350 2.119356 2.118527 2.118194 2.118066 2.118018 2.118000 2.117994 2.117992 2.117991 2.117990 2.117986 2.117978 2.117956 2.117901 2.117770 2.117464 2.116780 2.115306 2.112253 2.106180 2.094588 2.073391 2.036322 1.974444 1.876091 1.727688 1.515909 1.231391 0.873476 0.454355 0.000000 
50.000000 41.224262 32.894192 25.387653 18.964066 13.742037 9.706937 6.741432 4.667049 3.284827 2.406726 1.874382 1.566107 1.395414 1.304953 1.259021 1.236654 1.226197 1.221499 1.219469 1.218624 1.218285 1.218154 1.218105 1.218088 1.218082 1.218079 1.218078 1.218077 1.218075 1.218070 1.218055 1.218020 1.217935 1.217738 1.217300 1.216360 1.214425 1.210603 1.203363 1.190239 1.167511 1.129981 1.071033 0.983211 0.859530 0.695520 0.491633 0.255092 0.000000 
50.000000 41.126005 32.702679 25.112126 18.616671 13.336245 9.256049 6.257426 4.159895 2.762263 1.874382 1.336117 1.024416 0.851828 0.760365 0.713925 0.691310 0.680738 0.675989 0.673936 0.673082 0.672740 0.672607 0.672558 0.672540 0.672533 0.672531 0.672530 0.672530 0.672528 0.672525 0.672516 0.672495 0.672443 0.672323 0.672058 0.671492 0.670333 0.668058 0.663779 0.656083 0.642868 0.621250 0.587633 0.538076 0.469028 0.378405 0.266772 0.138163 0.000000 
50.000000 41.069092 32.591753 24.952541 18.415466 13.101225 8.994919 5.977124 3.866194 2.459646 1.566107 1.024416 0.710734 0.537052 0.445009 0.398275 0.375518 0.364879 0.360100 0.358034 0.357175 0.356830 0.356697 0.356647 0.356629 0.356623 0.356621 0.356620 0.356619 0.356619 0.356617 0.356612 0.356599 0.356569 0.356500 0.356348 0.356025 0.355367 0.354083 0.351682 0.347392 0.340082 0.328220 0.309930 0.283204 0.246290 0.198241 0.139474 0.072134 0.000000 
50.000000 41.037573 32.530320 24.864160 18.304039 12.971075 8.850315 5.821908 3.703565 2.292082 1.395414 0.851828 0.537052 0.362764 0.270401 0.223505 0.200669 0.189993 0.185198 0.183125 0.182263 0.181917 0.181783 0.181733 0.181715 0.181709 0.181707 0.181706 0.181706 0.181705 0.181704 0.181701 0.181694 0.181678 0.181640 0.181557 0.181382 0.181027 0.180337 0.179054 0.176776 0.172920 0.166704 0.157191 0.143391 0.124467 0.099999 0.070243 0.036289 0.000000 
50.000000 41.020864 32.497755 24.817312 18.244976 12.902091 8.773672 5.739643 3.617373 2.203278 1.304953 0.760365 0.445009 0.270401 0.177869 0.130887 0.108009 0.097314 0.092510 0.090434 0.089570 0.089223 0.089089 0.089039 0.089021 0.089015 0.089013 0.089012 0.089012 0.089011 0.089011 0.089009 0.089006 0.088997 0.088978 0.088934 0.088844 0.088661 0.088307 0.087653 0.086498 0.084554 0.081438 0.076699 0.069867 0.060553 0.048577 0.034079 0.017591 0.000000 
50.000000 41.012378 32.481216 24.793520 18.214981 12.867058 8.734752 5.697870 3.573607 2.158186 1.259021 0.713925 0.398275 0.223505 0.130887 0.083862 0.060963 0.050258 0.045449 0.043371 0.042506 0.042160 0.042026 0.041976 0.041957 0.041951 0.041949 0.041948 0.041948 0.041948 0.041948 0.041947 0.041945 0.041941 0.041931 0.041910 0.041865 0.041775 0.041602 0.041283 0.040723 0.039784 0.038287 0.036023 0.032775 0.028370 0.022731 0.015931 0.008217 0.000000 
50.000000 41.008245 32.473160 24.781931 18.200372 12.849996 8.715797 5.677526 3.552293 2.136228 1.236654 0.691310 0.375518 0.200669 0.108009 0.060963 0.038054 0.027345 0.022533 0.020454 0.019589 0.019242 0.019108 0.019058 0.019040 0.019034 0.019032 0.019031 0.019031 0.019030 0.019030 0.019030 0.019029 0.019027 0.019022 0.019012 0.018991 0.018949 0.018868 0.018719 0.018458 0.018023 0.017334 0.016294 0.014811 0.012807 0.010251 0.007178 0.003700 0.000000 
50.000000 41.006312 32.469392 24.776512 18.193540 12.842018 8.706934 5.668014 3.542328 2.125962 1.226197 0.680738 0.364879 0.189993 0.097314 0.050258 0.027345 0.016633 0.011821 0.009741 0.008876 0.008529 0.008395 0.008345 0.008326 0.008320 0.008318 0.008317 0.008317 0.008317 0.008317 0.008317 0.008316 0.008315 0.008313 0.008309 0.008299 0.008280 0.008244 0.008177 0.008061 0.007867 0.007562 0.007103 0.006451 0.005573 0.004457 0.003119 0.001607 0.000000 
50.000000 41.005443 32.467700 24.774077 18.190471 12.838433 8.702952 5.663740 3.537851 2.121350 1.221499 0.675989 0.360100 0.185198 0.092510 0.045449 0.022533 0.011821 0.007008 0.004928 0.004063 0.003716 0.003582 0.003532 0.003514 0.003507 0.003505 0.003504 0.003504 0.003504 0.003504 0.003504 0.003504 0.003503 0.003502 0.003500 0.003496 0.003488 0.003472 0.003444 0.003394 0.003311 0.003181 0.002986 0.002710 0.002339 0.001870 0.001307 0.000673 0.000000 
50.000000 41.005067 32.466968 24.773024 18.189144 12.836884 8.701230 5.661893 3.535916 2.119356 1.219469 0.673936 0.358034 0.183125 0.090434 0.043371 0.020454 0.009741 0.004928 0.002848 0.001983 0.001636 0.001502 0.001452 0.001434 0.001427 0.001425 0.001425 0.001424 0.001424 0.001424 0.001424 0.001424 0.001424 0.001424 0.001423 0.001421 0.001418 0.001411 0.001399 0.001379 0.001344 0.001291 0.001211 0.001099 0.000948 0.000757 0.000529 0.000272 0.000000 
50.000000 41.004911 32.466663 24.772586 18.188591 12.836239 8.700514 5.661125 3.535111 2.118527 1.218624 0.673082 0.357175 0.182263 0.089570 0.042507 0.019589 0.008876 0.004063 0.001983 0.001118 0.000771 0.000637 0.000586 0.000568 0.000562 0.000560 0.000559 0.000559 0.000559 0.000559 0.000559 0.000559 0.000559 0.000559 0.000558 0.000558 0.000556 0.000554 0.000549 0.000541 0.000527 0.000506 0.000475 0.000430 0.000371 0.000296 0.000207 0.000107 0.000000 
50.000000 41.004848 32.466541 24.772410 18.188370 12.835980 8.700227 5.660817 3.534788 2.118194 1.218285 0.672740 0.356830 0.181917 0.089223 0.042160 0.019242 0.008529 0.003716 0.001636 0.000771 0.000424 0.000290 0.000240 0.000221 0.000215 0.000213 0.000212 0.000212 0.000212 0.000212 0.000212 0.000212 0.000212 0.000212 0.000212 0.000211 0.000211 0.000210 0.000208 0.000205 0.000200 0.000192 0.000180 0.000163 0.000140 0.000112 0.000078 0.000040 0.000000 
50.000000 41.004824 32.466494 24.772342 18.188284 12.835880 8.700116 5.660698 3.534664 2.118066 1.218155 0.672607 0.356697 0.181783 0.089090 0.042026 0.019109 0.008395 0.003582 0.001502 0.000637 0.000290 0.000156 0.000106 0.000087 0.000081 0.000079 0.000078 0.000078 0.000078 0.000078 0.000078 0.000078 0.000078 0.000078 0.000078 0.000078 0.000078 0.000077 0.000077 0.000075 0.000073 0.000070 0.000066 0.000060 0.000052 0.000041 0.000029 0.000015 0.000000 
50.000000 41.004815 32.466476 24.772317 18.188253 12.835844 8.700075 5.660654 3.534618 2.118019 1.218106 0.672559 0.356648 0.181734 0.089040 0.041977 0.019059 0.008346 0.003533 0.001453 0.000587 0.000240 0.000106 0.000056 0.000038 0.000032 0.000030 0.000029 0.000029 0.000029 0.000029 0.000029 0.000029 0.000029 0.000029 0.000029 0.000028 0.000028 0.000028 0.000028 0.000028 0.000027 0.000026 0.000024 0.000022 0.000019 0.000015 0.000010 0.000005 0.000000 
50.000000 41.004812 32.466471 24.772309 18.188243 12.835832 8.700062 5.660639 3.534603 2.118003 1.218091 0.672543 0.356632 0.181718 0.089024 0.041961 0.019043 0.008330 0.003517 0.001437 0.000571 0.000224 0.000090 0.000040 0.000022 0.000016 0.000014 0.000013 0.000013 0.000013 0.000013 0.000013 0.000013 0.000013 0.000013 0.000013 0.000013 0.000013 0.000012 0.000012 0.000012 0.000012 0.000011 0.000011 0.000010 0.000008 0.000007 0.000005 0.000002 0.000000 
50.000000 41.004812 32.466471 24.772309 18.188243 12.835832 8.700062 5.660639 3.534603 2.118003 1.218091 0.672543 0.356632 0.181718 0.089024 0.041961 0.019043 0.008330 0.003517 0.001437 0.000571 0.000224 0.000090 0.000040 0.000022 0.000016 0.000014 0.000013 0.000013 0.000013 0.000013 0.000013 0.000013 0.000013 0.000013 0.000013 0.000013 0.000013 0.000012 0.000012 0.000012 0.000012 0.000011 0.000011 0.000010 0.000008 0.000007 0.000005 0.000002 0.000000 
50.000000 41.004815 32.466476 24.772317 18.188253 12.835844 8.700075 5.660654 3.534618 2.118019 1.218106 0.672559 0.356648 0.181734 0.089040 0.041977 0.019059 0.008346 0.003533 0.001453 0.000587 0.000240 0.000106 0.000056 0.000038 0.000032 0.000030 0.000029 0.000029 0.000029 0.000029 0.000029 0.000029 0.000029 0.000029 0.000029 0.000028 0.000028 0.000028 0.000028 0.000028 0.000027 0.000026 0.000024 0.000022 0.000019 0.000015 0.000010 0.000005 0.000000 
50.000000 41.004824 32.466494 24.772342 18.188284 12.835880 8.700116 5.660698 3.534664 2.118066 1.218155 0.672607 0.356697 0.181783 0.089090 0.042026 0.019109 0.008395 0.003582 0.001502 0.000637 0.000290 0.000156 0.000106 0.000087 0.000081 0.000079 0.000078 0.000078 0.000078 0.000078 0.000078 0.000078 0.000078 0.000078 0.000078 0.000078 0.000078 0.000077 0.000077 0.000075 0.000073 0.000070 0.000066 0.000060 0.000052 0.000041 0.000029 0.000015 0.000000 
50.000000 41.004848 32.466541 24.772410 18.188370 12.835980 8.700227 5.660817 3.534788 2.118194 1.218285 0.672740 0.356830 0.181917 0.089223 0.042160 0.019242 0.008529 0.003716 0.001636 0.000771 0.000424 0.000290 0.000240 0.000221 0.000215 0.000213 0.000212 0.000212 0.000212 0.000212 0.000212 0.000212 0.000212 0.000212 0.000212 0.000211 0.000211 0.000210 0.000208 0.000205 0.000200 0.000192 0.000180 0.000163 0.000140 0.000112 0.000078 0.000040 0.000000 
50.000000 41.004911 32.466663 24.772586 18.188591 12.836239 8.700514 5.661125 3.535111 2.118527 1.218624 0.673082 0.357175 0.182263 0.089570 0.042507 0.019589 0.008876 0.004063 0.001983 0.001118 0.000771 0.000637 0.000586 0.000568 0.000562 0.000560 0.000559 0.000559 0.000559 0.000559 0.000559 0.000559 0.000559 0.000559 0.000558 0.000558 0.000556 0.000554 0.000549 0.000541 0.000527 0.000506 0.000475 0.000430 0.000371 0.000296 0.000207 0.000107 0.000000 
50.000000 41.005067 32.466968 24.773024 18.189144 12.836884 8.701230 5.661893 3.535916 2.119356 1.219469 0.673936 0.358034 0.183125 0.090434 0.043371 0.020454 0.009741 0.004928 0.002848 0.001983 0.001636 0.001502 0.001452 0.001434 0.001427 0.001425 0.001425 0.001424 0.001424 0.001424 0.001424 0.001424 0.001424 0.001424 0.001423 0.001421 0.001418 0.001411 0.001399 0.001379 0.001344 0.001291 0.001211 0.001099 0.000948 0.000757 0.000529 0.000272 0.000000 
50.000000 41.005443 32.467700 24.774077 18.190471 12.838433 8.702952 5.663740 3.537851 2.121350 1.221499 0.675989 0.360100 0.185198 0.092510 0.045449 0.022533 0.011821 0.007008 0.004928 0.004063 0.003716 0.003582 0.003532 0.003514 0.003507 0.003505 0.003504 0.003504 0.003504 0.003504 0.003504 0.003504 0.003503 0.003502 0.003500 0.003496 0.003488 0.003472 0.003444 0.003394 0.003311 0.003181 0.002986 0.002710 0.002339 0.001870 0.001307 0.000673 0.000000 
50.000000 41.006312 32.469392 24.776512 18.193540 12.842018 8.706934 5.668014 3.542328 2.125962 1.226197 0.680738 0.364879 0.189993 0.097314 0.050258 0.027345 0.016633 0.011821 0.009741 0.008876 0.008529 0.008395 0.008345 0.008326 0.008320 0.008318 0.008317 0.008317 0.008317 0.008317 0.008317 0.008316 0.008315 0.008313 0.008309 0.008299 0.008280 0.008244 0.008177 0.008061 0.007867 0.007562 0.007103 0.006451 0.005573 0.004457 0.003119 0.001607 0.000000 
50.000000 41.008245 32.473160 24.781931 18.200372 12.849996 8.715797 5.677526 3.552293 2.136228 1.236654 0.691310 0.375518 0.200669 0.108009 0.060963 0.038054 0.027345 0.022533 0.020454 0.019589 0.019242 0.019108 0.019058 0.019040 0.019034 0.019032 0.019031 0.019031 0.019030 0.019030 0.019030 0.019029 0.019027 0.019022 0.019012 0.018991 0.018949 0.018868 0.018719 0.018458 0.018023 0.017334 0.016294 0.014811 0.012807 0.010251 0.007178 0.003700 0.000000 
50.000000 41.012378 32.481216 24.793520 18.214981 12.867058 8.734752 5.697870 3.573607 2.158186 1.259021 0.713925 0.398275 0.223505 0.130887 0.083862 0.060963 0.050258 0.045449 0.043371 0.042506 0.042160 0.042026 0.041976 0.041957 0.041951 0.041949 0.041948 0.041948 0.041948 0.041948 0.041947 0.041945 0.041941 0.041931 0.041910 0.041865 0.041775 0.041602 0.041283 0.040723 0.039784 0.038287 0.036023 0.032775 0.028370 0.022731 0.015931 0.008217 0.000000 
50.000000 41.020864 32.497755 24.817312 18.244976 12.902091 8.773672 5.739643 3.617373 2.203278 1.304953 0.760365 0.445009 0.270401 0.177869 0.130887 0.108009 0.097314 0.092510 0.090434 0.089570 0.089223 0.089089 0.089039 0.089021 0.089015 0.089013 0.089012 0.089012 0.089011 0.089011 0.089009 0.089006 0.088997 0.088978 0.088934 0.088844 0.088661 0.088307 0.087653 0.086498 0.084554 0.081438 0.076699 0.069867 0.060553 0.048577 0.034079 0.017591 0.000000 
50.000000 41.037573 32.530320 24.864160 18.304039 12.971075 8.850315 5.821908 3.703565 2.292082 1.395414 0.851828 0.537052 0.362764 0.270401 0.223505 0.200669 0.189993 0.185198 0.183125 0.182263 0.181917 0.181783 0.181733 0.181715 0.181709 0.181707 0.181706 0.181706 0.181705 0.181704 0.181701 0.181694 0.181678 0.181640 0.181557 0.181382 0.181027 0.180337 0.179054 0.176776 0.172920 0.166704 0.157191 0.143391 0.124467 0.099999 0.070243 0.036289 0.000000 
50.000000 41.069092 32.591753 24.952541 18.415466 13.101225 8.994919 5.977124 3.866194 2.459646 1.566107 1.024416 0.710734 0.537052 0.445009 0.398275 0.375518 0.364879 0.360100 0.358034 0.357175 0.356830 0.356697 0.356647 0.356629 0.356623 0.356621 0.356620 0.356619 0.356619 0.356617 0.356612 0.356599 0.356569 0.356500 0.356348 0.356025 0.355367 0.354083 0.351682 0.347392 0.340082 0.328220 0.309930 0.283204 0.246290 0.198241 0.139474 0.072134 0.000000 
50.000000 41.126005 32.702679 25.112126 18.616671 13.336245 9.256049 6.257426 4.159895 2.762263 1.874382 1.336117 1.024416 0.851828 0.760365 0.713925 0.691310 0.680738 0.675989 0.673936 0.673082 0.672740 0.672607 0.672558 0.672540 0.672533 0.672531 0.672530 0.672530 0.672528 0.672525 0.672516 0.672495 0.672443 0.672323 0.672058 0.671492 0.670333 0.668058 0.663779 0.656083 0.642868 0.621250 0.587633 0.538076 0.469028 0.378405 0.266772 0.138163 0.000000 
50.000000 41.224262 32.894192 25.387653 18.964066 13.742037 9.706937 6.741432 4.667049 3.284827 2.406726 1.874382 1.566107 1.395414 1.304953 1.259021 1.236654 1.226197 1.221499 1.219469 1.218624 1.218285 1.218154 1.218105 1.218088 1.218082 1.218079 1.218078 1.218077 1.218075 1.218070 1.218055 1.218020 1.217935 1.217738 1.217300 1.216360 1.214425 1.210603 1.203363 1.190239 1.167511 1.129981 1.071033 0.983211 0.859530 0.695520 0.491633 0.255092 0.000000 
50.000000 41.386303 33.210031 25.842058 19.537011 14.411311 10.450609 7.539752 5.503568 4.146782 3.284827 2.762263 2.459646 2.292082 2.203278 2.158186 2.136228 2.125962 2.121350 2.119356 2.118527 2.118194 2.118066 2.118018 2.118000 2.117994 2.117992 2.117991 2.117990 2.117986 2.117978 2.117956 2.117901 2.117770 2.117464 2.116780 2.115306 2.112253 2.106180 2.094588 2.073391 2.036322 1.974444 1.876091 1.727688 1.515909 1.231391 0.873476 0.454355 0.000000 
50.000000 41.641326 33.707107 26.557224 20.438763 15.464701 11.621130 8.796316 6.820292 5.503568 4.667049 4.159895 3.866194 3.703565 3.617373 3.573607 3.552293 3.542328 3.537851 3.535916 3.535111 3.534788 3.534663 3.534617 3.534600 3.534594 3.534592 3.534591 3.534589 3.534584 3.534572 3.534540 3.534461 3.534270 3.533823 3.532819 3.530645 3.526112 3.517026 3.499537 3.467246 3.410146 3.313627 3.158049 2.919656 2.573834 2.101422 1.497762 0.781833 0.000000 
50.000000 42.023989 34.452981 27.630365 21.791911 17.045432 13.377669 10.682021 8.796316 7.539752 6.741432 6.257426 5.977124 5.821908 5.739643 5.697870 5.677526 5.668014 5.663740 5.661893 5.661125 5.660816 5.660697 5.660653 5.660637 5.660631 5.660629 5.660627 5.660625 5.660619 5.660602 5.660560 5.660452 5.660192 5.659583 5.658205 5.655203 5.648904 5.636176 5.611451 5.565307 5.482689 5.341011 5.108838 4.746395 4.209744 3.460675 2.483112 1.302857 0.000000 
50.000000 42.570956 35.519118 29.164313 23.726138 19.305018 15.888619 13.377669 11.621130 10.450609 9.706937 9.256049 8.994919 8.850315 8.773672 8.734752 8.715797 8.706934 8.702952 8.701230 8.700514 8.700227 8.700116 8.700074 8.700059 8.700054 8.700052 8.700050 8.700047 8.700040 8.700019 8.699966 8.699831 8.699502 8.698729 8.696973 8.693124 8.684988 8.668416 8.635904 8.574518 8.463081 8.268831 7.944310 7.426196 6.639152 5.509228 3.991419 2.110785 0.000000 
50.000000 43.315103 36.969609 31.251292 26.357749 22.379353 19.305018 17.045432 15.464701 14.411311 13.742037 13.336245 13.101225 12.971075 12.902091 12.867058 12.849996 12.842018 12.838433 12.836884 12.836239 12.835980 12.835880 12.835843 12.835829 12.835824 12.835822 12.835821 12.835818 12.835809 12.835785 12.835723 12.835567 12.835185 12.834284 12.832224 12.827684 12.818020 12.798169 12.758826 12.683623 12.545045 12.299037 11.878822 11.189677 10.108825 8.498699 6.246904 3.346046 0.000000 
50.000000 44.278036 38.846567 33.951905 29.763179 26.357749 23.726138 21.791911 20.438763 19.537011 18.964066 18.616671 18.415466 18.304039 18.244976 18.214981 18.200372 18.193540 18.190471 18.189144 18.188591 18.188370 18.188284 18.188252 18.188241 18.188236 18.188235 18.188233 18.188230 18.188221 18.188196 18.188131 18.187967 18.187565 18.186611 18.184423 18.179571 18.169175 18.147643 18.104537 18.021102 17.864929 17.582167 17.086986 16.248925 14.881590 12.743474 9.577918 5.245282 0.000000 
50.000000 45.462427 41.155208 37.273661 33.951905 31.251292 29.164313 27.630365 26.557224 25.842058 25.387653 25.112126 24.952541 24.864160 24.817312 24.793520 24.781931 24.776512 24.774077 24.773024 24.772586 24.772410 24.772342 24.772317 24.772308 24.772304 24.772303 24.772301 24.772298 24.772290 24.772267 24.772207 24.772055 24.771680 24.770789 24.768736 24.764161 24.754300 24.733721 24.692133 24.610666 24.455803 24.169690 23.655084 22.752593 21.208432 18.636830 14.507693 8.278621 0.000000 
50.000000 46.846400 43.852889 41.155208 38.846567 36.969609 35.519118 34.452981 33.707107 33.210031 32.894192 32.702679 32.591753 32.530320 32.497755 32.481216 32.473160 32.469392 32.467700 32.466968 32.466663 32.466541 32.466494 32.466476 32.466470 32.466467 32.466466 32.466465 32.466463 32.466456 32.466439 32.466392 32.466274 32.465982 32.465285 32.463676 32.460077 32.452279 32.435907 32.402558 32.336555 32.209346 31.969869 31.527699 30.722705 29.268650 26.647514 21.926445 13.561093 0.000000 
50.000000 48.382137 46.846400 45.462427 44.278036 43.315103 42.570956 42.023989 41.641326 41.386303 41.224262 41.126005 41.069092 41.037573 41.020864 41.012378 41.008245 41.006312 41.005443 41.005067 41.004911 41.004848 41.004824 41.004815 41.004812 41.004811 41.004810 41.004810 41.004808 41.004805 41.004795 41.004769 41.004705 41.004544 41.004161 41.003274 41.001284 40.996959 40.987841 40.969170 40.931948 40.859493 40.721133 40.460171 39.969057 39.032754 37.183806 33.285308 24.191068 0.000000 
50.000000 50.000000 50.000000 50.000000 50.000000 50.000000 50.000000 50.000000 50.000000 50.000000 50.000000 50.000000 50.000000 50.000000 50.000000 50.000000 50.000000 50.000000 50.000000 50.000000 50.000000 50.000000 50.000000 50.000000 50.000000 50.000000 50.000000 50.000000 50.000000 50.000000 50.000000 50.000000 50.000000 50.000000 50.000000 50.000000 50.000000 50.000000 50.000000 50.000000 50.000000 50.000000 50.000000 50.000000 50.000000 50.000000 50.000000 50.000000 50.000000 50.000000 
