50.000000 50.000000 50.000000 50.000000 50.000000 50.000000 50.000000 50.000000 50.000000 50.000000 50.000000 50.000000 50.000000 50.000000 50.000000 50.000000 50.000000 50.000000 50.000000 50.000000 50.000000 50.000000 50.000000 50.000000 50.000000 50.000000 50.000000 50.000000 50.000000 50.000000 50.000000 50.000000 50.000000 50.000000 50.000000 50.000000 50.000000 50.000000 50.000000 50.000000 50.000000 50.000000 50.000000 50.000000 50.000000 50.000000 50.000000 50.000000 50.000000 50.000000 
50.000000 47.255536 44.747111 42.650035 41.044123 39.915367 39.185375 38.749784 38.509255 38.385973 38.327143 38.300927 38.289987 38.285700 38.284117 38.283566 38.283385 38.283328 38.283311 38.283306 38.283305 38.283305 38.283305 38.283305 38.283305 38.283305 38.283305 38.283305 38.283305 38.283305 38.283304 38.283304 38.283303 38.283300 38.283288 38.283249 38.283123 38.282733 38.281586 38.278369 38.269756 38.247726 38.193741 38.066393 37.774898 37.119104 35.639854 32.197207 23.627768 0.000000 
50.000000 44.747111 39.946034 35.932326 32.858746 30.698462 29.301401 28.467796 28.007508 27.771600 27.659031 27.608871 27.587940 27.579737 27.576710 27.575656 27.575308 27.575200 27.575168 27.575158 27.575156 27.575155 27.575155 27.575155 27.575155 27.575155 27.575155 27.575155 27.575155 27.575155 27.575155 27.575155 27.575153 27.575148 27.575128 27.575061 27.574847 27.574188 27.572259 27.566878 27.552583 27.516405 27.429073 27.227582 26.781824 25.832164 23.875359 19.973017 12.549904 0.000000 
50.000000 42.650035 35.932326 30.316427 26.016070 22.993656 21.039150 19.872990 19.229116 18.899139 18.741694 18.671544 18.642273 18.630803 18.626571 18.625097 18.624611 18.624460 18.624415 18.624402 18.624398 18.624397 18.624397 18.624397 18.624397 18.624397 18.624397 18.624397 18.624397 18.624397 18.624397 18.624397 18.624395 18.624388 18.624366 18.624289 18.624044 18.623294 18.621112 18.615076 18.599206 18.559593 18.465746 18.254760 17.804752 16.895068 15.158214 12.056966 7.010181 0.000000 
50.000000 41.044123 32.858746 26.016070 20.776500 17.094154 14.713023 13.292410 12.508103 12.106188 11.914435 11.829007 11.793364 11.779399 11.774247 11.772453 11.771861 11.771677 11.771622 11.771606 11.771602 11.771601 11.771601 11.771601 11.771601 11.771601 11.771601 11.771601 11.771601 11.771601 11.771601 11.771600 11.771599 11.771593 11.771572 11.771501 11.771276 11.770591 11.768611 11.763184 11.749081 11.714394 11.633784 11.457086 11.092659 10.388250 9.121002 7.026583 3.925019 0.000000 
50.000000 39.915367 30.698462 22.993656 17.094154 12.948207 10.267450 8.668183 7.785308 7.332919 7.117105 7.020966 6.980858 6.965145 6.959349 6.957331 6.956666 6.956458 6.956396 6.956379 6.956374 6.956373 6.956373 6.956373 6.956373 6.956373 6.956373 6.956373 6.956373 6.956373 6.956373 6.956372 6.956371 6.956366 6.956349 6.956294 6.956117 6.955584 6.954054 6.949898 6.939221 6.913337 6.854262 6.727694 6.474103 6.001495 5.188904 3.916638 2.140469 0.000000 
50.000000 39.185375 29.301401 21.039150 14.713023 10.267450 7.393104 5.678449 4.731937 4.246976 4.015642 3.912597 3.869613 3.852774 3.846563 3.844401 3.843688 3.843466 3.843400 3.843381 3.843376 3.843375 3.843375 3.843374 3.843374 3.843374 3.843374 3.843374 3.843374 3.843374 3.843374 3.843374 3.843373 3.843370 3.843358 3.843320 3.843198 3.842834 3.841795 3.838999 3.831895 3.814897 3.776726 3.696552 3.539756 3.255937 2.784390 2.073820 1.118983 0.000000 
50.000000 38.749784 28.467796 19.872990 13.292410 8.668183 5.678449 3.895046 2.910637 2.406288 2.165720 2.058570 2.013876 1.996369 1.989912 1.987665 1.986924 1.986693 1.986624 1.986605 1.986600 1.986598 1.986598 1.986598 1.986598 1.986598 1.986598 1.986598 1.986598 1.986598 1.986598 1.986598 1.986597 1.986595 1.986588 1.986564 1.986489 1.986266 1.985636 1.983952 1.979716 1.969699 1.947523 1.901723 1.813921 1.658626 1.407244 1.038723 0.556043 0.000000 
50.000000 38.509255 28.007508 19.229116 12.508103 7.785308 4.731937 2.910637 1.905348 1.390324 1.144675 1.035267 0.989634 0.971759 0.965167 0.962873 0.962117 0.961881 0.961811 0.961791 0.961786 0.961784 0.961784 0.961784 0.961784 0.961784 0.961784 0.961784 0.961784 0.961784 0.961784 0.961784 0.961783 0.961782 0.961778 0.961765 0.961723 0.961600 0.961253 0.960334 0.958040 0.952674 0.940938 0.917041 0.871971 0.793709 0.669523 0.491103 0.261529 0.000000 
50.000000 38.385973 27.771600 18.899139 12.106188 7.332919 4.246976 2.406288 1.390324 0.869844 0.621601 0.511041 0.464928 0.446867 0.440206 0.437888 0.437124 0.436886 0.436815 0.436795 0.436789 0.436788 0.436788 0.436788 0.436788 0.436788 0.436788 0.436788 0.436788 0.436788 0.436788 0.436788 0.436787 0.436787 0.436785 0.436778 0.436757 0.436694 0.436520 0.436060 0.434922 0.432284 0.426573 0.415082 0.393698 0.357107 0.299933 0.219017 0.116217 0.000000 
50.000000 38.327143 27.659031 18.741694 11.914435 7.117105 4.015642 2.165720 1.144675 0.621601 0.372124 0.261017 0.214677 0.196527 0.189834 0.187504 0.186737 0.186497 0.186426 0.186406 0.186400 0.186399 0.186399 0.186399 0.186399 0.186399 0.186399 0.186399 0.186399 0.186399 0.186399 0.186399 0.186399 0.186398 0.186397 0.186394 0.186384 0.186355 0.186274 0.186062 0.185541 0.184341 0.181768 0.176642 0.167207 0.151251 0.126619 0.092153 0.048774 0.000000 
50.000000 38.300927 27.608871 18.671544 11.829007 7.020966 3.912597 2.058570 1.035267 0.511041 0.261017 0.149667 0.103227 0.085037 0.078330 0.075995 0.075226 0.074986 0.074915 0.074895 0.074889 0.074888 0.074887 0.074887 0.074887 0.074887 0.074887 0.074887 0.074887 0.074887 0.074887 0.074887 0.074887 0.074887 0.074887 0.074885 0.074881 0.074868 0.074834 0.074743 0.074521 0.074014 0.072935 0.070802 0.066912 0.060396 0.050432 0.036613 0.019342 0.000000 
50.000000 38.289987 27.587940 18.642273 11.793364 6.980858 3.869613 2.013876 0.989634 0.464928 0.214677 0.103227 0.056744 0.038539 0.031825 0.029488 0.028719 0.028478 0.028407 0.028387 0.028382 0.028380 0.028380 0.028380 0.028380 0.028380 0.028380 0.028380 0.028380 0.028380 0.028380 0.028380 0.028380 0.028380 0.028379 0.028379 0.028377 0.028372 0.028358 0.028322 0.028234 0.028034 0.027610 0.026779 0.025274 0.022774 0.018979 0.013752 0.007254 0.000000 
50.000000 38.285700 27.579737 18.630803 11.779399 6.965145 3.852774 1.996369 0.971759 0.446867 0.196527 0.085037 0.038539 0.020327 0.013611 0.011274 0.010504 0.010263 0.010192 0.010172 0.010166 0.010165 0.010165 0.010165 0.010165 0.010165 0.010165 0.010165 0.010165 0.010165 0.010165 0.010165 0.010165 0.010165 0.010165 0.010164 0.010164 0.010162 0.010156 0.010143 0.010110 0.010036 0.009880 0.009576 0.009028 0.008123 0.006759 0.004890 0.002577 0.000000 
50.000000 38.284117 27.576710 18.626571 11.774247 6.959349 3.846563 1.989912 0.965167 0.440206 0.189834 0.078330 0.031825 0.013611 0.006895 0.004557 0.003787 0.003546 0.003475 0.003455 0.003449 0.003448 0.003448 0.003447 0.003447 0.003447 0.003447 0.003447 0.003447 0.003447 0.003447 0.003447 0.003447 0.003447 0.003447 0.003447 0.003447 0.003446 0.003445 0.003440 0.003428 0.003402 0.003348 0.003243 0.003055 0.002746 0.002282 0.001649 0.000868 0.000000 
50.000000 38.283566 27.575656 18.625097 11.772453 6.957331 3.844401 1.987665 0.962873 0.437888 0.187504 0.075995 0.029488 0.011274 0.004557 0.002219 0.001449 0.001208 0.001137 0.001117 0.001111 0.001110 0.001109 0.001109 0.001109 0.001109 0.001109 0.001109 0.001109 0.001109 0.001109 0.001109 0.001109 0.001109 0.001109 0.001109 0.001109 0.001109 0.001108 0.001107 0.001103 0.001094 0.001077 0.001042 0.000981 0.000881 0.000731 0.000528 0.000278 0.000000 
50.000000 38.283385 27.575308 18.624611 11.771861 6.956666 3.843688 1.986924 0.962117 0.437124 0.186737 0.075226 0.028719 0.010504 0.003787 0.001449 0.000678 0.000438 0.000367 0.000347 0.000341 0.000340 0.000339 0.000339 0.000339 0.000339 0.000339 0.000339 0.000339 0.000339 0.000339 0.000339 0.000339 0.000339 0.000339 0.000339 0.000339 0.000339 0.000339 0.000338 0.000337 0.000335 0.000329 0.000318 0.000300 0.000269 0.000223 0.000161 0.000085 0.000000 
50.000000 38.283328 27.575200 18.624460 11.771677 6.956458 3.843466 1.986693 0.961881 0.436886 0.186497 0.074986 0.028478 0.010263 0.003546 0.001208 0.000438 0.000198 0.000126 0.000106 0.000101 0.000099 0.000099 0.000099 0.000099 0.000099 0.000099 0.000099 0.000099 0.000099 0.000099 0.000099 0.000099 0.000099 0.000099 0.000099 0.000099 0.000099 0.000099 0.000099 0.000098 0.000097 0.000096 0.000093 0.000087 0.000078 0.000065 0.000047 0.000025 0.000000 
50.000000 38.283311 27.575168 18.624415 11.771622 6.956396 3.843400 1.986624 0.961811 0.436815 0.186426 0.074915 0.028407 0.010192 0.003475 0.001137 0.000367 0.000126 0.000055 0.000035 0.000029 0.000028 0.000028 0.000027 0.000027 0.000027 0.000027 0.000027 0.000027 0.000027 0.000027 0.000027 0.000027 0.000027 0.000027 0.000027 0.000027 0.000027 0.000027 0.000027 0.000027 0.000027 0.000027 0.000026 0.000024 0.000022 0.000018 0.000013 0.000007 0.000000 
50.000000 38.283306 27.575158 18.624402 11.771606 6.956379 3.843381 1.986605 0.961791 0.436795 0.186406 0.074895 0.028387 0.010172 0.003455 0.001117 0.000347 0.000106 0.000035 0.000015 0.000009 0.000008 0.000007 0.000007 0.000007 0.000007 0.000007 0.000007 0.000007 0.000007 0.000007 0.000007 0.000007 0.000007 0.000007 0.000007 0.000007 0.000007 0.000007 0.000007 0.000007 0.000007 0.000007 0.000007 0.000006 0.000006 0.000005 0.000003 0.000002 0.000000 
50.000000 38.283305 27.575156 18.624398 11.771602 6.956374 3.843376 1.986600 0.961786 0.436789 0.186400 0.074889 0.028382 0.010166 0.003449 0.001111 0.000341 0.000101 0.000029 0.000009 0.000004 0.000002 0.000002 0.000002 0.000002 0.000002 0.000002 0.000002 0.000002 0.000002 0.000002 0.000002 0.000002 0.000002 0.000002 0.000002 0.000002 0.000002 0.000002 0.000002 0.000002 0.000002 0.000002 0.000002 0.000002 0.000001 0.000001 0.000001 0.000000 0.000000 
50.000000 38.283305 27.575155 18.624397 11.771601 6.956373 3.843375 1.986598 0.961784 0.436788 0.186399 0.074888 0.028380 0.010165 0.003448 0.001110 0.000340 0.000099 0.000028 0.000008 0.000002 0.000001 0.000001 0.000000 0.000000 0.000000 0.000000 0.000000 0.000000 0.000000 0.000000 0.000000 0.000000 0.000000 0.000000 0.000000 0.000000 0.000000 0.000000 0.000000 0.000000 0.000000 0.000000 0.000000 0.000000 0.000000 0.000000 0.000000 0.000000 0.000000 
50.000000 38.283305 27.575155 18.624397 11.771601 6.956373 3.843375 1.986598 0.961784 0.436788 0.186399 0.074887 0.028380 0.010165 0.003448 0.001109 0.000339 0.000099 0.000028 0.000007 0.000002 0.000001 0.000000 0.000000 0.000000 0.000000 0.000000 0.000000 0.000000 0.000000 0.000000 0.000000 0.000000 0.000000 0.000000 0.000000 0.000000 0.000000 0.000000 0.000000 0.000000 0.000000 0.000000 0.000000 0.000000 0.000000 0.000000 0.000000 0.000000 0.000000 
50.000000 38.283305 27.575155 18.624397 11.771601 6.956373 3.843374 1.986598 0.961784 0.436788 0.186399 0.074887 0.028380 0.010165 0.003447 0.001109 0.000339 0.000099 0.000027 0.000007 0.000002 0.000000 0.000000 0.000000 0.000000 0.000000 0.000000 0.000000 0.000000 0.000000 0.000000 0.000000 0.000000 0.000000 0.000000 0.000000 0.000000 0.000000 0.000000 0.000000 0.000000 0.000000 0.000000 0.000000 0.000000 0.000000 0.000000 0.000000 0.000000 0.000000 
50.000000 38.283305 27.575155 18.624397 11.771601 6.956373 3.843374 1.986598 0.961784 0.436788 0.186399 0.074887 0.028380 0.010165 0.003447 0.001109 0.000339 0.000099 0.000027 0.000007 0.000002 0.000000 0.000000 0.000000 0.000000 0.000000 0.000000 0.000000 0.000000 0.000000 0.000000 0.000000 0.000000 0.000000 0.000000 0.000000 0.000000 0.000000 0.000000 0.000000 0.000000 0.000000 0.000000 0.000000 0.000000 0.000000 0.000000 0.000000 0.000000 0.000000 
50.000000 38.283305 27.575155 18.624397 11.771601 6.956373 3.843374 1.986598 0.961784 0.436788 0.186399 0.074887 0.028380 0.010165 0.003447 0.001109 0.000339 0.000099 0.000027 0.000007 0.000002 0.000000 0.000000 0.000000 0.000000 0.000000 0.000000 0.000000 0.000000 0.000000 0.000000 0.000000 0.000000 0.000000 0.000000 0.000000 0.000000 0.000000 0.000000 0.000000 0.000000 0.000000 0.000000 0.000000 0.000000 0.000000 0.000000 0.000000 0.000000 0.000000 
50.000000 38.283305 27.575155 18.624397 11.771601 6.956373 3.843374 1.986598 0.961784 0.436788 0.186399 0.074887 0.028380 0.010165 0.003447 0.001109 0.000339 0.000099 0.000027 0.000007 0.000002 0.000000 0.000000 0.000000 0.000000 0.000000 0.000000 0.000000 0.000000 0.000000 0.000000 0.000000 0.000000 0.000000 0.000000 0.000000 0.000000 0.000000 0.000000 0.000000 0.000000 0.000000 0.000000 0.000000 0.000000 0.000000 0.000000 0.000000 0.000000 0.000000 
50.000000 38.283305 27.575155 18.624397 11.771601 6.956373 3.843375 1.986598 0.961784 0.436788 0.186399 0.074887 0.028380 0.010165 0.003448 0.001109 0.000339 0.000099 0.000028 0.000007 0.000002 0.000001 0.000000 0.000000 0.000000 0.000000 0.000000 0.000000 0.000000 0.000000 0.000000 0.000000 0.000000 0.000000 0.000000 0.000000 0.000000 0.000000 0.000000 0.000000 0.000000 0.000000 0.000000 0.000000 0.000000 0.000000 0.000000 0.000000 0.000000 0.000000 
50.000000 38.283305 27.575155 18.624397 11.771601 6.956373 3.843375 1.986598 0.961784 0.436788 0.186399 0.074888 0.028380 0.010165 0.003448 0.001110 0.000340 0.000099 0.000028 0.000008 0.000002 0.000001 0.000001 0.000000 0.000000 0.000000 0.000000 0.000000 0.000000 0.000000 0.000000 0.000000 0.000000 0.000000 0.000000 0.000000 0.000000 0.000000 0.000000 0.000000 0.000000 0.000000 0.000000 0.000000 0.000000 0.000000 0.000000 0.000000 0.000000 0.000000 
50.000000 38.283305 27.575156 18.624398 11.771602 6.956374 3.843376 1.986600 0.961786 0.436789 0.186400 0.074889 0.028382 0.010166 0.003449 0.001111 0.000341 0.000101 0.000029 0.000009 0.000004 0.000002 0.000002 0.000002 0.000002 0.000002 0.000002 0.000002 0.000002 0.000002 0.000002 0.000002 0.000002 0.000002 0.000002 0.000002 0.000002 0.000002 0.000002 0.000002 0.000002 0.000002 0.000002 0.000002 0.000002 0.000001 0.000001 0.000001 0.000000 0.000000 
50.000000 38.283306 27.575158 18.624402 11.771606 6.956379 3.843381 1.986605 0.961791 0.436795 0.186406 0.074895 0.028387 0.010172 0.003455 0.001117 0.000347 0.000106 0.000035 0.000015 0.000009 0.000008 0.000007 0.000007 0.000007 0.000007 0.000007 0.000007 0.000007 0.000007 0.000007 0.000007 0.000007 0.000007 0.000007 0.000007 0.000007 0.000007 0.000007 0.000007 0.000007 0.000007 0.000007 0.000007 0.000006 0.000006 0.000005 0.000003 0.000002 0.000000 
50.000000 38.283311 27.575168 18.624415 11.771622 6.956396 3.843400 1.986624 0.961811 0.436815 0.186426 0.074915 0.028407 0.010192 0.003475 0.001137 0.000367 0.000126 0.000055 0.000035 0.000029 0.000028 0.000028 0.000027 0.000027 0.000027 0.000027 0.000027 0.000027 0.000027 0.000027 0.000027 0.000027 0.000027 0.000027 0.000027 0.000027 0.000027 0.000027 0.000027 0.000027 0.000027 0.000027 0.000026 0.000024 0.000022 0.000018 0.000013 0.000007 0.000000 
50.000000 38.283328 27.575200 18.624460 11.771677 6.956458 3.843466 1.986693 0.961881 0.436886 0.186497 0.074986 0.028478 0.010263 0.003546 0.001208 0.000438 0.000198 0.000126 0.000106 0.000101 0.000099 0.000099 0.000099 0.000099 0.000099 0.000099 0.000099 0.000099 0.000099 0.000099 0.000099 0.000099 0.000099 0.000099 0.000099 0.000099 0.000099 0.000099 0.000099 0.000098 0.000097 0.000096 0.000093 0.000087 0.000078 0.000065 0.000047 0.000025 0.000000 
50.000000 38.283385 27.575308 18.624611 11.771861 6.956666 3.843688 1.986924 0.962117 0.437124 0.186737 0.075226 0.028719 0.010504 0.003787 0.001449 0.000678 0.000438 0.000367 0.000347 0.000341 0.000340 0.000339 0.000339 0.000339 0.000339 0.000339 0.000339 0.000339 0.000339 0.000339 0.000339 0.000339 0.000339 0.000339 0.000339 0.000339 0.000339 0.000339 0.000338 0.000337 0.000335 0.000329 0.000318 0.000300 0.000269 0.000223 0.000161 0.000085 0.000000 
50.000000 38.283566 27.575656 18.625097 11.772453 6.957331 3.844401 1.987665 0.962873 0.437888 0.187504 0.075995 0.029488 0.011274 0.004557 0.002219 0.001449 0.001208 0.001137 0.001117 0.001111 0.001110 0.001109 0.001109 0.001109 0.001109 0.001109 0.001109 0.001109 0.001109 0.001109 0.001109 0.001109 0.001109 0.001109 0.001109 0.001109 0.001109 0.001108 0.001107 0.001103 0.001094 0.001077 0.001042 0.000981 0.000881 0.000731 0.000528 0.000278 0.000000 
50.000000 38.284117 27.576710 18.626571 11.774247 6.959349 3.846563 1.989912 0.965167 0.440206 0.189834 0.078330 0.031825 0.013611 0.006895 0.004557 0.003787 0.003546 0.003475 0.003455 0.003449 0.003448 0.003448 0.003447 0.003447 0.003447 0.003447 0.003447 0.003447 0.003447 0.003447 0.003447 0.003447 0.003447 0.003447 0.003447 0.003447 0.003446 0.003445 0.003440 0.003428 0.003402 0.003348 0.003243 0.003055 0.002746 0.002282 0.001649 0.000868 0.000000 
50.000000 38.285700 27.579737 18.630803 11.779399 6.965145 3.852774 1.996369 0.971759 0.446867 0.196527 0.085037 0.038539 0.020327 0.013611 0.011274 0.010504 0.010263 0.010192 0.010172 0.010166 0.010165 0.010165 0.010165 0.010165 0.010165 0.010165 0.010165 0.010165 0.010165 0.010165 0.010165 0.010165 0.010165 0.010165 0.010164 0.010164 0.010162 0.010156 0.010143 0.010110 0.010036 0.009880 0.009576 0.009028 0.008123 0.006759 0.004890 0.002577 0.000000 
50.000000 38.289987 27.587940 18.642273 11.793364 6.980858 3.869613 2.013876 0.989634 0.464928 0.214677 0.103227 0.056744 0.038539 0.031825 0.029488 0.028719 0.028478 0.028407 0.028387 0.028382 0.028380 0.028380 0.028380 0.028380 0.028380 0.028380 0.028380 0.028380 0.028380 0.028380 0.028380 0.028380 0.028380 0.028379 0.028379 0.028377 0.028372 0.028358 0.028322 0.028234 0.028034 0.027610 0.026779 0.025274 0.022774 0.018979 0.013752 0.007254 0.000000 
50.000000 38.300927 27.608871 18.671544 11.829007 7.020966 3.912597 2.058570 1.035267 0.511041 0.261017 0.149667 0.103227 0.085037 0.078330 0.075995 0.075226 0.074986 0.074915 0.074895 0.074889 0.074888 0.074887 0.074887 0.074887 0.074887 0.074887 0.074887 0.074887 0.074887 0.074887 0.074887 0.074887 0.074887 0.074887 0.074885 0.074881 0.074868 0.074834 0.074743 0.074521 0.074014 0.072935 0.070802 0.066912 0.060396 0.050432 0.036613 0.019342 0.000000 
50.000000 38.327143 27.659031 18.741694 11.914435 7.117105 4.015642 2.165720 1.144675 0.621601 0.372124 0.261017 0.214677 0.196527 0.189834 0.187504 0.186737 0.186497 0.186426 0.186406 0.186400 0.186399 0.186399 0.186399 0.186399 0.186399 0.186399 0.186399 0.186399 0.186399 0.186399 0.186399 0.186399 0.186398 0.186397 0.186394 0.186384 0.186355 0.186274 0.186062 0.185541 0.184341 0.181768 0.176642 0.167207 0.151251 0.126619 0.092153 0.048774 0.000000 
50.000000 38.385973 27.771600 18.899139 12.106188 7.332919 4.246976 2.406288 1.390324 0.869844 0.621601 0.511041 0.464928 0.446867 0.440206 0.437888 0.437124 0.436886 0.436815 0.436795 0.436789 0.436788 0.436788 0.436788 0.436788 0.436788 0.436788 0.436788 0.436788 0.436788 0.436788 0.436788 0.436787 0.436787 0.436785 0.436778 0.436757 0.436694 0.436520 0.436060 0.434922 0.432284 0.426573 0.415082 0.393698 0.357107 0.299933 0.219017 0.116217 0.000000 
50.000000 38.509255 28.007508 19.229116 12.508103 7.785308 4.731937 2.910637 1.905348 1.390324 1.144675 1.035267 0.989634 0.971759 0.965167 0.962873 0.962117 0.961881 0.961811 0.961791 0.961786 0.961784 0.961784 0.961784 0.961784 0.961784 0.961784 0.961784 0.961784 0.961784 0.961784 0.961784 0.961783 0.961782 0.961778 0.961765 0.961723 0.961600 0.961253 0.960334 0.958040 0.952674 0.940938 0.917041 0.871971 0.793709 0.669523 0.491103 0.261529 0.000000 
50.000000 38.749784 28.467796 19.872990 13.292410 8.668183 5.678449 3.895046 2.910637 2.406288 2.165720 2.058570 2.013876 1.996369 1.989912 1.987665 1.986924 1.986693 1.986624 1.986605 1.986600 1.986598 1.986598 1.986598 1.986598 1.986598 1.986598 1.986598 1.986598 1.986598 1.986598 1.986598 1.986597 1.986595 1.986588 1.986564 1.986489 1.986266 1.985636 1.983952 1.979716 1.969699 1.947523 1.901723 1.813921 1.658626 1.407244 1.038723 0.556043 0.000000 
50.000000 39.185375 29.301401 21.039150 14.713023 10.267450 7.393104 5.678449 4.731937 4.246976 4.015642 3.912597 3.869613 3.852774 3.846563 3.844401 3.843688 3.843466 3.843400 3.843381 3.843376 3.843375 3.843375 3.843374 3.843374 3.843374 3.843374 3.843374 3.843374 3.843374 3.843374 3.843374 3.843373 3.843370 3.843358 3.843320 3.843198 3.842834 3.841795 3.838999 3.831895 3.814897 3.776726 3.696552 3.539756 3.255937 2.784390 2.073820 1.118983 0.000000 
50.000000 39.915367 30.698462 22.993656 17.094154 12.948207 10.267450 8.668183 7.785308 7.332919 7.117105 7.020966 6.980858 6.965145 6.959349 6.957331 6.956666 6.956458 6.956396 6.956379 6.956374 6.956373 6.956373 6.956373 6.956373 6.956373 6.956373 6.956373 6.956373 6.956373 6.956373 6.956372 6.956371 6.956366 6.956349 6.956294 6.956117 6.955584 6.954054 6.949898 6.939221 6.913337 6.854262 6.727694 6.474103 6.001495 5.188904 3.916638 2.140469 0.000000 
50.000000 41.044123 32.858746 26.016070 20.776500 17.094154 14.713023 13.292410 12.508103 12.106188 11.914435 11.829007 11.793364 11.779399 11.774247 11.772453 11.771861 11.771677 11.771622 11.771606 11.771602 11.771601 11.771601 11.771601 11.771601 11.771601 11.771601 11.771601 11.771601 11.771601 11.771601 11.771600 11.771599 11.771593 11.771572 11.771501 11.771276 11.770591 11.768611 11.763184 11.749081 11.714394 11.633784 11.457086 11.092659 10.388250 9.121002 7.026583 3.925019 0.000000 
50.000000 42.650035 35.932326 30.316427 26.016070 22.993656 21.039150 19.872990 19.229116 18.899139 18.741694 18.671544 18.642273 18.630803 18.626571 18.625097 18.624611 18.624460 18.624415 18.624402 18.624398 18.624397 18.624397 18.624397 18.624397 18.624397 18.624397 18.624397 18.624397 18.624397 18.624397 18.624397 18.624395 18.624388 18.624366 18.624289 18.624044 18.623294 18.621112 18.615076 18.599206 18.559593 18.465746 18.254760 17.804752 16.895068 15.158214 12.056966 7.010181 0.000000 
50.000000 44.747111 39.946034 35.932326 32.858746 30.698462 29.301401 28.467796 28.007508 27.771600 27.659031 27.608871 27.587940 27.579737 27.576710 27.575656 27.575308 27.575200 27.575168 27.575158 27.575156 27.575155 27.575155 27.575155 27.575155 27.575155 27.575155 27.575155 27.575155 27.575155 27.575155 27.575155 27.575153 27.575148 27.575128 27.575061 27.574847 27.574188 27.572259 27.566878 27.552583 27.516405 27.429073 27.227582 26.781824 25.832164 23.875359 19.973017 12.549904 0.000000 
50.000000 47.255536 44.747111 42.650035 41.044123 39.915367 39.185375 38.749784 38.509255 38.385973 38.327143 38.300927 38.289987 38.285700 38.284117 38.283566 38.283385 38.283328 38.283311 38.283306 38.283305 38.283305 38.283305 38.283305 38.283305 38.283305 38.283305 38.283305 38.283305 38.283305 38.283304 38.283304 38.283303 38.283300 38.283288 38.283249 38.283123 38.282733 38.281586 38.278369 38.269756 38.247726 38.193741 38.066393 37.774898 37.119104 35.639854 32.197207 23.627768 0.000000 
50.000000 50.000000 50.000000 50.000000 50.000000 50.000000 50.000000 50.000000 50.000000 50.000000 50.000000 50.000000 50.000000 50.000000 50.000000 50.000000 50.000000 50.000000 50.000000 50.000000 50.000000 50.000000 50.000000 50.000000 50.000000 50.000000 50.000000 50.000000 50.000000 50.000000 50.000000 50.000000 50.000000 50.000000 50.000000 50.000000 50.000000 50.000000 50.000000 50.000000 50.000000 50.000000 50.000000 50.000000 50.000000 50.000000 50.000000 50.000000 50.000000 50.000000 
