50.000000 50.000000 50.000000 50.000000 50.000000 50.000000 50.000000 50.000000 50.000000 50.000000 50.000000 50.000000 50.000000 50.000000 50.000000 50.000000 50.000000 50.000000 50.000000 50.000000 50.000000 50.000000 50.000000 50.000000 50.000000 50.000000 50.000000 50.000000 50.000000 50.000000 50.000000 50.000000 50.000000 50.000000 50.000000 50.000000 50.000000 50.000000 50.000000 50.000000 50.000000 50.000000 50.000000 50.000000 50.000000 50.000000 50.000000 50.000000 50.000000 50.000000 
50.000000 48.509389 47.088502 45.797290 44.678441 43.753702 43.024380 42.475231 42.080245 41.808681 41.630085 41.517651 41.449839 41.410626 41.388866 41.377269 41.371328 41.368399 41.367010 41.366374 41.366094 41.365975 41.365926 41.365906 41.365899 41.365896 41.365894 41.365893 41.365890 41.365883 41.365864 41.365818 41.365708 41.365449 41.364860 41.363563 41.360787 41.355014 41.343341 41.320349 41.276142 41.192886 41.038578 40.755143 40.233830 39.258853 37.362731 33.409458 24.254695 0.000000 
50.000000 47.088502 44.313193 41.791174 39.605825 37.799622 36.375114 35.302526 34.531054 34.000647 33.651826 33.432228 33.299786 33.223199 33.180701 33.158051 33.146449 33.140730 33.138016 33.136775 33.136228 33.135995 33.135899 33.135861 33.135846 33.135840 33.135838 33.135835 33.135830 33.135817 33.135783 33.135698 33.135495 33.135020 33.133944 33.131575 33.126518 33.116036 33.094927 33.053571 32.974617 32.827387 32.558348 32.074519 31.213542 29.687792 26.979208 22.156596 13.679044 0.000000 
50.000000 45.797290 41.791174 38.150692 34.996201 32.389014 30.332806 28.784595 27.671036 26.905446 26.401965 26.085006 25.893848 25.783309 25.721972 25.689283 25.672538 25.664285 25.660369 25.658578 25.657788 25.657451 25.657313 25.657258 25.657237 25.657228 25.657225 25.657221 25.657214 25.657197 25.657153 25.657043 25.656779 25.656162 25.654768 25.651711 25.645210 25.631800 25.604960 25.552787 25.454202 25.272872 24.947679 24.378001 23.401500 21.762557 19.075346 14.811966 8.434559 0.000000 
50.000000 44.678441 39.605825 34.996201 31.001971 27.700768 25.097240 23.136951 21.727024 20.757692 20.120234 19.718941 19.476924 19.336980 19.259328 19.217946 19.196747 19.186300 19.181343 19.179076 19.178076 19.177650 19.177475 19.177405 19.177378 19.177368 19.177363 19.177359 19.177352 19.177332 19.177284 19.177163 19.176874 19.176202 19.174686 19.171376 19.164372 19.150011 19.121481 19.066545 18.963979 18.778226 18.451784 17.895048 16.974264 15.500986 13.233644 9.918033 5.419588 0.000000 
50.000000 43.753702 37.799622 32.389014 27.700768 23.826005 20.770169 18.469355 16.814535 15.676860 14.928710 14.457745 14.173717 14.009484 13.918357 13.869796 13.844920 13.832661 13.826844 13.824184 13.823011 13.822511 13.822306 13.822224 13.822193 13.822181 13.822175 13.822171 13.822164 13.822145 13.822097 13.821980 13.821699 13.821048 13.819587 13.816409 13.809723 13.796106 13.769278 13.718141 13.623863 13.455792 13.166231 12.684637 11.913002 10.726505 8.987513 6.586079 3.519872 0.000000 
50.000000 43.024380 36.375114 30.332806 25.097240 20.770169 17.357665 14.788346 12.940441 11.670047 10.834637 10.308753 9.991614 9.808241 9.706496 9.652278 9.624506 9.610820 9.604326 9.601356 9.600047 9.599489 9.599260 9.599168 9.599133 9.599120 9.599114 9.599110 9.599103 9.599087 9.599044 9.598940 9.598692 9.598118 9.596835 9.594060 9.588255 9.576518 9.553589 9.510329 9.431559 9.293243 9.059298 8.678833 8.085533 7.202193 5.954805 4.300595 2.269236 0.000000 
50.000000 42.475231 35.302526 28.784595 23.136951 18.469355 14.788346 12.016907 10.023667 8.653386 7.752309 7.185102 6.843051 6.645279 6.535548 6.477076 6.447126 6.432367 6.425364 6.422162 6.420750 6.420149 6.419902 6.419803 6.419766 6.419751 6.419745 6.419742 6.419736 6.419722 6.419687 6.419602 6.419399 6.418932 6.417892 6.415654 6.411002 6.401663 6.383570 6.349773 6.288954 6.183644 6.008453 5.729049 5.303124 4.685167 3.836915 2.744179 1.436653 0.000000 
50.000000 42.080245 34.531054 27.671036 21.727024 16.814535 12.940441 10.023667 7.925935 6.483845 5.535566 4.938659 4.578706 4.370589 4.255121 4.193593 4.162079 4.146550 4.139182 4.135813 4.134327 4.133695 4.133434 4.133331 4.133291 4.133276 4.133270 4.133267 4.133262 4.133252 4.133225 4.133160 4.133005 4.132650 4.131865 4.130183 4.126708 4.119779 4.106463 4.081822 4.037960 3.962968 3.840023 3.647198 3.358743 2.948798 2.398164 1.703666 0.887359 0.000000 
50.000000 41.808681 34.000647 26.905446 20.757692 15.676860 11.670047 8.653386 6.483845 4.992411 4.011703 3.394395 3.022146 2.806924 2.687517 2.623892 2.591304 2.575247 2.567628 2.564145 2.562609 2.561955 2.561686 2.561579 2.561538 2.561522 2.561516 2.561513 2.561510 2.561502 2.561483 2.561436 2.561325 2.561073 2.560516 2.559330 2.556893 2.552067 2.542861 2.525972 2.496206 2.445884 2.364432 2.238487 2.052997 1.793714 1.451244 1.026030 0.532539 0.000000 
50.000000 41.630085 33.651826 26.401965 20.120234 14.928710 10.834637 7.752309 5.535566 4.011703 3.009684 2.378971 1.998646 1.778757 1.656764 1.591762 1.558470 1.542066 1.534283 1.530724 1.529155 1.528487 1.528212 1.528103 1.528061 1.528045 1.528039 1.528037 1.528034 1.528028 1.528015 1.527984 1.527909 1.527740 1.527368 1.526579 1.524967 1.521793 1.515782 1.504842 1.485731 1.453744 1.402536 1.324308 1.210569 1.053689 0.849178 0.598256 0.309736 0.000000 
50.000000 41.517651 33.432228 26.085006 19.718941 14.457745 10.308753 7.185102 4.938659 3.394395 2.378971 1.739829 1.354425 1.131603 1.007984 0.942117 0.908382 0.891760 0.883874 0.880268 0.878678 0.878001 0.877723 0.877612 0.877570 0.877554 0.877548 0.877545 0.877543 0.877540 0.877531 0.877511 0.877464 0.877356 0.877121 0.876624 0.875613 0.873636 0.869914 0.863189 0.851534 0.832196 0.801532 0.755165 0.688466 0.597460 0.480047 0.337302 0.174310 0.000000 
50.000000 41.449839 33.299786 25.893848 19.476924 14.173717 9.991614 6.843051 4.578706 3.022146 1.998646 1.354425 0.965962 0.741374 0.616776 0.550388 0.516387 0.499634 0.491686 0.488052 0.486449 0.485767 0.485487 0.485375 0.485332 0.485316 0.485310 0.485308 0.485306 0.485304 0.485299 0.485287 0.485258 0.485193 0.485052 0.484754 0.484153 0.482981 0.480789 0.476853 0.470080 0.458927 0.441388 0.415096 0.377611 0.326914 0.262047 0.183750 0.094825 0.000000 
50.000000 41.410626 33.223199 25.783309 19.336980 14.009484 9.808241 6.645279 4.370589 2.806924 1.778757 1.131603 0.741374 0.515766 0.390604 0.323915 0.289760 0.272932 0.264948 0.261297 0.259688 0.259002 0.258721 0.258609 0.258566 0.258550 0.258544 0.258542 0.258540 0.258539 0.258536 0.258529 0.258512 0.258475 0.258394 0.258225 0.257883 0.257221 0.255990 0.253791 0.250030 0.243880 0.234277 0.219985 0.199762 0.172609 0.138099 0.096681 0.049839 0.000000 
50.000000 41.388866 33.180701 25.721972 19.259328 13.918357 9.706496 6.535548 4.255121 2.687517 1.656764 1.007984 0.616776 0.390604 0.265128 0.198274 0.164034 0.147163 0.139159 0.135500 0.133886 0.133200 0.132917 0.132805 0.132762 0.132746 0.132740 0.132738 0.132737 0.132736 0.132734 0.132730 0.132721 0.132701 0.132656 0.132564 0.132379 0.132022 0.131360 0.130185 0.128187 0.124937 0.119894 0.112436 0.101948 0.087952 0.070261 0.049126 0.025302 0.000000 
50.000000 41.377269 33.158051 25.689283 19.217946 13.869796 9.652278 6.477076 4.193593 2.623892 1.591762 0.942117 0.550388 0.323915 0.198274 0.131331 0.097046 0.080153 0.072138 0.068474 0.066858 0.066171 0.065888 0.065776 0.065732 0.065716 0.065710 0.065708 0.065707 0.065707 0.065706 0.065704 0.065699 0.065688 0.065665 0.065617 0.065521 0.065337 0.064996 0.064394 0.063376 0.061728 0.059184 0.055443 0.050209 0.043259 0.034515 0.024108 0.012408 0.000000 
50.000000 41.371328 33.146449 25.672538 19.196747 13.844920 9.624506 6.447126 4.162079 2.591304 1.558470 0.908382 0.516387 0.289760 0.164034 0.097046 0.062737 0.045833 0.037814 0.034147 0.032530 0.031842 0.031559 0.031447 0.031403 0.031387 0.031381 0.031379 0.031378 0.031378 0.031378 0.031376 0.031374 0.031369 0.031357 0.031333 0.031285 0.031194 0.031026 0.030730 0.030231 0.029428 0.028194 0.026388 0.023872 0.020545 0.016376 0.011428 0.005879 0.000000 
50.000000 41.368399 33.140730 25.664285 19.186300 13.832661 9.610820 6.432367 4.146550 2.575247 1.542066 0.891760 0.499634 0.272932 0.147163 0.080153 0.045833 0.028924 0.020901 0.017233 0.015616 0.014928 0.014645 0.014532 0.014489 0.014473 0.014467 0.014465 0.014464 0.014464 0.014463 0.014463 0.014462 0.014459 0.014454 0.014442 0.014419 0.014376 0.014296 0.014156 0.013921 0.013545 0.012968 0.012128 0.010962 0.009426 0.007506 0.005235 0.002692 0.000000 
50.000000 41.367010 33.138016 25.660369 19.181343 13.826844 9.604326 6.425364 4.139182 2.567628 1.534283 0.883874 0.491686 0.264948 0.139159 0.072138 0.037814 0.020901 0.012878 0.009209 0.007592 0.006903 0.006620 0.006507 0.006464 0.006448 0.006442 0.006440 0.006439 0.006439 0.006439 0.006439 0.006438 0.006437 0.006434 0.006429 0.006419 0.006399 0.006362 0.006299 0.006192 0.006022 0.005763 0.005386 0.004864 0.004179 0.003326 0.002318 0.001191 0.000000 
50.000000 41.366374 33.136775 25.658578 19.179076 13.824184 9.601356 6.422162 4.135813 2.564145 1.530724 0.880268 0.488052 0.261297 0.135500 0.068474 0.034147 0.017233 0.009209 0.005541 0.003923 0.003234 0.002951 0.002839 0.002795 0.002779 0.002773 0.002771 0.002771 0.002770 0.002770 0.002770 0.002770 0.002769 0.002768 0.002766 0.002761 0.002753 0.002737 0.002709 0.002662 0.002588 0.002475 0.002312 0.002087 0.001792 0.001425 0.000993 0.000510 0.000000 
50.000000 41.366094 33.136228 25.657788 19.178076 13.823011 9.600047 6.420750 4.134327 2.562609 1.529155 0.878678 0.486449 0.259688 0.133886 0.066859 0.032530 0.015616 0.007592 0.003923 0.002305 0.001617 0.001334 0.001221 0.001178 0.001162 0.001156 0.001154 0.001153 0.001153 0.001153 0.001153 0.001153 0.001152 0.001152 0.001151 0.001149 0.001145 0.001138 0.001127 0.001107 0.001076 0.001028 0.000960 0.000866 0.000743 0.000591 0.000411 0.000211 0.000000 
50.000000 41.365975 33.135995 25.657451 19.177650 13.822512 9.599489 6.420149 4.133695 2.561955 1.528487 0.878002 0.485767 0.259003 0.133200 0.066171 0.031842 0.014928 0.006903 0.003235 0.001617 0.000928 0.000645 0.000533 0.000489 0.000473 0.000467 0.000465 0.000465 0.000464 0.000464 0.000464 0.000464 0.000464 0.000464 0.000464 0.000463 0.000461 0.000458 0.000454 0.000446 0.000433 0.000414 0.000386 0.000348 0.000299 0.000237 0.000165 0.000085 0.000000 
50.000000 41.365926 33.135899 25.657313 19.177475 13.822307 9.599261 6.419903 4.133435 2.561687 1.528213 0.877724 0.485488 0.258722 0.132918 0.065889 0.031560 0.014646 0.006621 0.002952 0.001334 0.000646 0.000363 0.000250 0.000207 0.000191 0.000185 0.000183 0.000182 0.000182 0.000182 0.000182 0.000182 0.000182 0.000182 0.000182 0.000181 0.000181 0.000180 0.000178 0.000174 0.000169 0.000162 0.000151 0.000136 0.000117 0.000093 0.000064 0.000033 0.000000 
50.000000 41.365907 33.135862 25.657259 19.177407 13.822227 9.599171 6.419806 4.133334 2.561582 1.528106 0.877615 0.485378 0.258612 0.132808 0.065779 0.031450 0.014535 0.006511 0.002842 0.001224 0.000535 0.000252 0.000140 0.000096 0.000080 0.000074 0.000072 0.000072 0.000071 0.000071 0.000071 0.000071 0.000071 0.000071 0.000071 0.000071 0.000071 0.000070 0.000070 0.000068 0.000066 0.000063 0.000059 0.000053 0.000046 0.000036 0.000025 0.000013 0.000000 
50.000000 41.365900 33.135849 25.657241 19.177384 13.822199 9.599141 6.419773 4.133299 2.561546 1.528070 0.877578 0.485341 0.258574 0.132771 0.065741 0.031412 0.014498 0.006473 0.002804 0.001186 0.000498 0.000215 0.000102 0.000059 0.000043 0.000037 0.000035 0.000034 0.000034 0.000034 0.000034 0.000034 0.000034 0.000034 0.000034 0.000034 0.000034 0.000033 0.000033 0.000032 0.000032 0.000030 0.000028 0.000025 0.000022 0.000017 0.000012 0.000006 0.000000 
50.000000 41.365900 33.135849 25.657241 19.177384 13.822199 9.599141 6.419773 4.133299 2.561546 1.528070 0.877578 0.485341 0.258574 0.132771 0.065741 0.031412 0.014498 0.006473 0.002804 0.001186 0.000498 0.000215 0.000102 0.000059 0.000043 0.000037 0.000035 0.000034 0.000034 0.000034 0.000034 0.000034 0.000034 0.000034 0.000034 0.000034 0.000034 0.000033 0.000033 0.000032 0.000032 0.000030 0.000028 0.000025 0.000022 0.000017 0.000012 0.000006 0.000000 
50.000000 41.365907 33.135862 25.657259 19.177407 13.822227 9.599171 6.419806 4.133334 2.561582 1.528106 0.877615 0.485378 0.258612 0.132808 0.065779 0.031450 0.014535 0.006511 0.002842 0.001224 0.000535 0.000252 0.000140 0.000096 0.000080 0.000074 0.000072 0.000072 0.000071 0.000071 0.000071 0.000071 0.000071 0.000071 0.000071 0.000071 0.000071 0.000070 0.000070 0.000068 0.000066 0.000063 0.000059 0.000053 0.000046 0.000036 0.000025 0.000013 0.000000 
50.000000 41.365926 33.135899 25.657313 19.177475 13.822307 9.599261 6.419903 4.133435 2.561687 1.528213 0.877724 0.485488 0.258722 0.132918 0.065889 0.031560 0.014646 0.006621 0.002952 0.001334 0.000646 0.000363 0.000250 0.000207 0.000191 0.000185 0.000183 0.000182 0.000182 0.000182 0.000182 0.000182 0.000182 0.000182 0.000182 0.000181 0.000181 0.000180 0.000178 0.000174 0.000169 0.000162 0.000151 0.000136 0.000117 0.000093 0.000064 0.000033 0.000000 
50.000000 41.365975 33.135995 25.657451 19.177650 13.822512 9.599489 6.420149 4.133695 2.561955 1.528487 0.878002 0.485767 0.259003 0.133200 0.066171 0.031842 0.014928 0.006903 0.003235 0.001617 0.000928 0.000645 0.000533 0.000489 0.000473 0.000467 0.000465 0.000465 0.000464 0.000464 0.000464 0.000464 0.000464 0.000464 0.000464 0.000463 0.000461 0.000458 0.000454 0.000446 0.000433 0.000414 0.000386 0.000348 0.000299 0.000237 0.000165 0.000085 0.000000 
50.000000 41.366094 33.136228 25.657788 19.178076 13.823011 9.600047 6.420750 4.134327 2.562609 1.529155 0.878678 0.486449 0.259688 0.133886 0.066859 0.032530 0.015616 0.007592 0.003923 0.002305 0.001617 0.001334 0.001221 0.001178 0.001162 0.001156 0.001154 0.001153 0.001153 0.001153 0.001153 0.001153 0.001152 0.001152 0.001151 0.001149 0.001145 0.001138 0.001127 0.001107 0.001076 0.001028 0.000960 0.000866 0.000743 0.000591 0.000411 0.000211 0.000000 
50.000000 41.366374 33.136775 25.658578 19.179076 13.824184 9.601356 6.422162 4.135813 2.564145 1.530724 0.880268 0.488052 0.261297 0.135500 0.068474 0.034147 0.017233 0.009209 0.005541 0.003923 0.003234 0.002951 0.002839 0.002795 0.002779 0.002773 0.002771 0.002771 0.002770 0.002770 0.002770 0.002770 0.002769 0.002768 0.002766 0.002761 0.002753 0.002737 0.002709 0.002662 0.002588 0.002475 0.002312 0.002087 0.001792 0.001425 0.000993 0.000510 0.000000 
50.000000 41.367010 33.138016 25.660369 19.181343 13.826844 9.604326 6.425364 4.139182 2.567628 1.534283 0.883874 0.491686 0.264948 0.139159 0.072138 0.037814 0.020901 0.012878 0.009209 0.007592 0.006903 0.006620 0.006507 0.006464 0.006448 0.006442 0.006440 0.006439 0.006439 0.006439 0.006439 0.006438 0.006437 0.006434 0.006429 0.006419 0.006399 0.006362 0.006299 0.006192 0.006022 0.005763 0.005386 0.004864 0.004179 0.003326 0.002318 0.001191 0.000000 
50.000000 41.368399 33.140730 25.664285 19.186300 13.832661 9.610820 6.432367 4.146550 2.575247 1.542066 0.891760 0.499634 0.272932 0.147163 0.080153 0.045833 0.028924 0.020901 0.017233 0.015616 0.014928 0.014645 0.014532 0.014489 0.014473 0.014467 0.014465 0.014464 0.014464 0.014463 0.014463 0.014462 0.014459 0.014454 0.014442 0.014419 0.014376 0.014296 0.014156 0.013921 0.013545 0.012968 0.012128 0.010962 0.009426 0.007506 0.005235 0.002692 0.000000 
50.000000 41.371328 33.146449 25.672538 19.196747 13.844920 9.624506 6.447126 4.162079 2.591304 1.558470 0.908382 0.516387 0.289760 0.164034 0.097046 0.062737 0.045833 0.037814 0.034147 0.032530 0.031842 0.031559 0.031447 0.031403 0.031387 0.031381 0.031379 0.031378 0.031378 0.031378 0.031376 0.031374 0.031369 0.031357 0.031333 0.031285 0.031194 0.031026 0.030730 0.030231 0.029428 0.028194 0.026388 0.023872 0.020545 0.016376 0.011428 0.005879 0.000000 
50.000000 41.377269 33.158051 25.689283 19.217946 13.869796 9.652278 6.477076 4.193593 2.623892 1.591762 0.942117 0.550388 0.323915 0.198274 0.131331 0.097046 0.080153 0.072138 0.068474 0.066858 0.066171 0.065888 0.065776 0.065732 0.065716 0.065710 0.065708 0.065707 0.065707 0.065706 0.065704 0.065699 0.065688 0.065665 0.065617 0.065521 0.065337 0.064996 0.064394 0.063376 0.061728 0.059184 0.055443 0.050209 0.043259 0.034515 0.024108 0.012408 0.000000 
50.000000 41.388866 33.180701 25.721972 19.259328 13.918357 9.706496 6.535548 4.255121 2.687517 1.656764 1.007984 0.616776 0.390604 0.265128 0.198274 0.164034 0.147163 0.139159 0.135500 0.133886 0.133200 0.132917 0.132805 0.132762 0.132746 0.132740 0.132738 0.132737 0.132736 0.132734 0.132730 0.132721 0.132701 0.132656 0.132564 0.132379 0.132022 0.131360 0.130185 0.128187 0.124937 0.119894 0.112436 0.101948 0.087952 0.070261 0.049126 0.025302 0.000000 
50.000000 41.410626 33.223199 25.783309 19.336980 14.009484 9.808241 6.645279 4.370589 2.806924 1.778757 1.131603 0.741374 0.515766 0.390604 0.323915 0.289760 0.272932 0.264948 0.261297 0.259688 0.259002 0.258721 0.258609 0.258566 0.258550 0.258544 0.258542 0.258540 0.258539 0.258536 0.258529 0.258512 0.258475 0.258394 0.258225 0.257883 0.257221 0.255990 0.253791 0.250030 0.243880 0.234277 0.219985 0.199762 0.172609 0.138099 0.096681 0.049839 0.000000 
50.000000 41.449839 33.299786 25.893848 19.476924 14.173717 9.991614 6.843051 4.578706 3.022146 1.998646 1.354425 0.965962 0.741374 0.616776 0.550388 0.516387 0.499634 0.491686 0.488052 0.486449 0.485767 0.485487 0.485375 0.485332 0.485316 0.485310 0.485308 0.485306 0.485304 0.485299 0.485287 0.485258 0.485193 0.485052 0.484754 0.484153 0.482981 0.480789 0.476853 0.470080 0.458927 0.441388 0.415096 0.377611 0.326914 0.262047 0.183750 0.094825 0.000000 
50.000000 41.517651 33.432228 26.085006 19.718941 14.457745 10.308753 7.185102 4.938659 3.394395 2.378971 1.739829 1.354425 1.131603 1.007984 0.942117 0.908382 0.891760 0.883874 0.880268 0.878678 0.878001 0.877723 0.877612 0.877570 0.877554 0.877548 0.877545 0.877543 0.877540 0.877531 0.877511 0.877464 0.877356 0.877121 0.876624 0.875613 0.873636 0.869914 0.863189 0.851534 0.832196 0.801532 0.755165 0.688466 0.597460 0.480047 0.337302 0.174310 0.000000 
50.000000 41.630085 33.651826 26.401965 20.120234 14.928710 10.834637 7.752309 5.535566 4.011703 3.009684 2.378971 1.998646 1.778757 1.656764 1.591762 1.558470 1.542066 1.534283 1.530724 1.529155 1.528487 1.528212 1.528103 1.528061 1.528045 1.528039 1.528037 1.528034 1.528028 1.528015 1.527984 1.527909 1.527740 1.527368 1.526579 1.524967 1.521793 1.515782 1.504842 1.485731 1.453744 1.402536 1.324308 1.210569 1.053689 0.849178 0.598256 0.309736 0.000000 
50.000000 41.808681 34.000647 26.905446 20.757692 15.676860 11.670047 8.653386 6.483845 4.992411 4.011703 3.394395 3.022146 2.806924 2.687517 2.623892 2.591304 2.575247 2.567628 2.564145 2.562609 2.561955 2.561686 2.561579 2.561538 2.561522 2.561516 2.561513 2.561510 2.561502 2.561483 2.561436 2.561325 2.561073 2.560516 2.559330 2.556893 2.552067 2.542861 2.525972 2.496206 2.445884 2.364432 2.238487 2.052997 1.793714 1.451244 1.026030 0.532539 0.000000 
50.000000 42.080245 34.531054 27.671036 21.727024 16.814535 12.940441 10.023667 7.925935 6.483845 5.535566 4.938659 4.578706 4.370589 4.255121 4.193593 4.162079 4.146550 4.139182 4.135813 4.134327 4.133695 4.133434 4.133331 4.133291 4.133276 4.133270 4.133267 4.133262 4.133252 4.133225 4.133160 4.133005 4.132650 4.131865 4.130183 4.126708 4.119779 4.106463 4.081822 4.037960 3.962968 3.840023 3.647198 3.358743 2.948798 2.398164 1.703666 0.887359 0.000000 
50.000000 42.475231 35.302526 28.784595 23.136951 18.469355 14.788346 12.016907 10.023667 8.653386 7.752309 7.185102 6.843051 6.645279 6.535548 6.477076 6.447126 6.432367 6.425364 6.422162 6.420750 6.420149 6.419902 6.419803 6.419766 6.419751 6.419745 6.419742 6.419736 6.419722 6.419687 6.419602 6.419399 6.418932 6.417892 6.415654 6.411002 6.401663 6.383570 6.349773 6.288954 6.183644 6.008453 5.729049 5.303124 4.685167 3.836915 2.744179 1.436653 0.000000 
50.000000 43.024380 36.375114 30.332806 25.097240 20.770169 17.357665 14.788346 12.940441 11.670047 10.834637 10.308753 9.991614 9.808241 9.706496 9.652278 9.624506 9.610820 9.604326 9.601356 9.600047 9.599489 9.599260 9.599168 9.599133 9.599120 9.599114 9.599110 9.599103 9.599087 9.599044 9.598940 9.598692 9.598118 9.596835 9.594060 9.588255 9.576518 9.553589 9.510329 9.431559 9.293243 9.059298 8.678833 8.085533 7.202193 5.954805 4.300595 2.269236 0.000000 
50.000000 43.753702 37.799622 32.389014 27.700768 23.826005 20.770169 18.469355 16.814535 15.676860 14.928710 14.457745 14.173717 14.009484 13.918357 13.869796 13.844920 13.832661 13.826844 13.824184 13.823011 13.822511 13.822306 13.822224 13.822193 13.822181 13.822175 13.822171 13.822164 13.822145 13.822097 13.821980 13.821699 13.821048 13.819587 13.816409 13.809723 13.796106 13.769278 13.718141 13.623863 13.455792 13.166231 12.684637 11.913002 10.726505 8.987513 6.586079 3.519872 0.000000 
50.000000 44.678441 39.605825 34.996201 31.001971 27.700768 25.097240 23.136951 21.727024 20.757692 20.120234 19.718941 19.476924 19.336980 19.259328 19.217946 19.196747 19.186300 19.181343 19.179076 19.178076 19.177650 19.177475 19.177405 19.177378 19.177368 19.177363 19.177359 19.177352 19.177332 19.177284 19.177163 19.176874 19.176202 19.174686 19.171376 19.164372 19.150011 19.121481 19.066545 18.963979 18.778226 18.451784 17.895048 16.974264 15.500986 13.233644 9.918033 5.419588 0.000000 
50.000000 45.797290 41.791174 38.150692 34.996201 32.389014 30.332806 28.784595 27.671036 26.905446 26.401965 26.085006 25.893848 25.783309 25.721972 25.689283 25.672538 25.664285 25.660369 25.658578 25.657788 25.657451 25.657313 25.657258 25.657237 25.657228 25.657225 25.657221 25.657214 25.657197 25.657153 25.657043 25.656779 25.656162 25.654768 25.651711 25.645210 25.631800 25.604960 25.552787 25.454202 25.272872 24.947679 24.378001 23.401500 21.762557 19.075346 14.811966 8.434559 0.000000 
50.000000 47.088502 44.313193 41.791174 39.605825 37.799622 36.375114 35.302526 34.531054 34.000647 33.651826 33.432228 33.299786 33.223199 33.180701 33.158051 33.146449 33.140730 33.138016 33.136775 33.136228 33.135995 33.135899 33.135861 33.135846 33.135840 33.135838 33.135835 33.135830 33.135817 33.135783 33.135698 33.135495 33.135020 33.133944 33.131575 33.126518 33.116036 33.094927 33.053571 32.974617 32.827387 32.558348 32.074519 31.213542 29.687792 26.979208 22.156596 13.679044 0.000000 
50.000000 48.509389 47.088502 45.797290 44.678441 43.753702 43.024380 42.475231 42.080245 41.808681 41.630085 41.517651 41.449839 41.410626 41.388866 41.377269 41.371328 41.368399 41.367010 41.366374 41.366094 41.365975 41.365926 41.365906 41.365899 41.365896 41.365894 41.365893 41.365890 41.365883 41.365864 41.365818 41.365708 41.365449 41.364860 41.363563 41.360787 41.355014 41.343341 41.320349 41.276142 41.192886 41.038578 40.755143 40.233830 39.258853 37.362731 33.409458 24.254695 0.000000 
50.000000 50.000000 50.000000 50.000000 50.000000 50.000000 50.000000 50.000000 50.000000 50.000000 50.000000 50.000000 50.000000 50.000000 50.000000 50.000000 50.000000 50.000000 50.000000 50.000000 50.000000 50.000000 50.000000 50.000000 50.000000 50.000000 50.000000 50.000000 50.000000 50.000000 50.000000 50.000000 50.000000 50.000000 50.000000 50.000000 50.000000 50.000000 50.000000 50.000000 50.000000 50.000000 50.000000 50.000000 50.000000 50.000000 50.000000 50.000000 50.000000 50.000000 
