50.000000 50.000000 50.000000 50.000000 50.000000 50.000000 50.000000 50.000000 50.000000 50.000000 50.000000 50.000000 50.000000 50.000000 50.000000 50.000000 50.000000 50.000000 50.000000 50.000000 50.000000 50.000000 50.000000 50.000000 50.000000 50.000000 50.000000 50.000000 50.000000 50.000000 50.000000 50.000000 50.000000 50.000000 50.000000 50.000000 50.000000 50.000000 50.000000 50.000000 50.000000 50.000000 50.000000 50.000000 50.000000 50.000000 50.000000 50.000000 50.000000 50.000000 
50.000000 48.856370 47.753794 46.728908 45.810307 45.016299 44.354312 43.821837 43.408512 43.098801 42.874701 42.718060 42.612252 42.543154 42.499508 42.472832 42.457048 42.448001 42.442977 42.440272 42.438859 42.438143 42.437790 42.437621 42.437542 42.437505 42.437485 42.437468 42.437441 42.437387 42.437272 42.437030 42.436533 42.435535 42.433578 42.429827 42.422798 42.409909 42.386741 42.345848 42.274778 42.152717 41.944481 41.589001 40.975222 39.886298 37.855420 33.749270 24.428185 0.000000 
50.000000 47.753794 45.588223 43.575246 41.771025 40.211520 38.911319 37.865494 37.053693 36.445400 36.005254 35.697603 35.489791 35.354079 35.268359 35.215967 35.184966 35.167199 35.157332 35.152019 35.149244 35.147838 35.147145 35.146814 35.146658 35.146585 35.146546 35.146513 35.146463 35.146361 35.146146 35.145694 35.144765 35.142901 35.139252 35.132273 35.119230 35.095383 35.052690 34.977724 34.848344 34.628277 34.258026 33.638997 32.604512 30.864960 27.903543 22.794111 14.004523 0.000000 
50.000000 46.728908 43.575246 40.643808 38.016380 35.745331 33.851905 32.328920 31.146741 30.260923 29.619973 29.171967 28.869350 28.671729 28.546905 28.470614 28.425472 28.399601 28.385233 28.377497 28.373456 28.371408 28.370400 28.369917 28.369691 28.369585 28.369529 28.369484 28.369415 28.369278 28.368988 28.368380 28.367134 28.364640 28.359768 28.350480 28.333187 28.301724 28.245734 28.148181 27.981524 27.701888 27.240118 26.488026 25.277458 23.350123 20.321904 15.671703 8.873488 0.000000 
50.000000 45.810307 41.771025 38.016380 34.651128 31.742343 29.317234 27.366600 25.852479 24.717943 23.897035 23.323249 22.935675 22.682576 22.522713 22.425007 22.367194 22.334062 22.315662 22.305755 22.300581 22.297958 22.296667 22.296049 22.295760 22.295625 22.295555 22.295500 22.295420 22.295262 22.294929 22.294234 22.292811 22.289972 22.284446 22.273954 22.254513 22.219356 22.157260 22.050083 21.869178 21.570323 21.086786 20.320277 19.130371 17.325564 14.666257 10.906066 5.924009 0.000000 
50.000000 45.016299 40.211520 35.745331 31.742343 28.282342 25.397691 23.077441 21.276431 19.926941 18.950510 18.268027 17.807037 17.505999 17.315860 17.199650 17.130891 17.091485 17.069602 17.057820 17.051666 17.048547 17.047012 17.046277 17.045934 17.045774 17.045693 17.045632 17.045547 17.045384 17.045040 17.044325 17.042867 17.039966 17.034342 17.023714 17.004133 16.968963 16.907362 16.802129 16.626760 16.341654 15.889586 15.191054 14.141171 12.611972 10.467873 7.607009 4.041077 0.000000 
50.000000 44.354312 38.911319 33.851905 29.317234 25.397691 22.129933 19.501555 17.461390 15.932717 14.826650 14.053566 13.531386 13.190394 12.975023 12.843394 12.765513 12.720881 12.696095 12.682750 12.675781 12.672249 12.670510 12.669678 12.669290 12.669110 12.669020 12.668957 12.668874 12.668717 12.668391 12.667714 12.666337 12.663609 12.658343 12.648442 12.630314 12.597987 12.541859 12.446975 12.290856 12.040953 11.652123 11.064967 10.206637 8.996956 7.363878 5.272323 2.765311 0.000000 
50.000000 43.821837 37.865494 32.328920 27.366600 23.077441 19.501555 16.625361 14.392859 12.720089 11.509774 10.663837 10.092456 9.719341 9.483684 9.339660 9.254446 9.205613 9.178494 9.163894 9.156269 9.152405 9.150503 9.149593 9.149168 9.148973 9.148877 9.148814 9.148738 9.148597 9.148307 9.147708 9.146495 9.144101 9.139501 9.130898 9.115244 9.087535 9.039841 8.960042 8.830333 8.625688 8.312681 7.849432 7.187855 6.279814 5.088802 3.607468 1.877356 0.000000 
50.000000 43.408512 37.053693 31.146741 25.852479 21.276431 17.461390 14.392859 12.011088 10.226490 8.935278 8.032811 7.423255 7.025217 6.773823 6.620183 6.529282 6.477190 6.448263 6.432689 6.424556 6.420434 6.418405 6.417435 6.416983 6.416775 6.416676 6.416614 6.416547 6.416428 6.416185 6.415686 6.414680 6.412701 6.408918 6.401881 6.389157 6.366797 6.328632 6.265397 6.163776 6.005544 5.767172 5.420437 4.934777 4.282156 3.444853 2.425416 1.255795 0.000000 
50.000000 43.098801 36.445400 30.260923 24.717943 19.926941 15.932717 12.720089 10.226490 8.358121 7.006311 6.061502 5.423355 5.006652 4.743473 4.582634 4.487475 4.432944 4.402663 4.386360 4.377847 4.373532 4.371409 4.370393 4.369921 4.369704 4.369603 4.369544 4.369487 4.369390 4.369198 4.368804 4.368013 4.366465 4.363517 4.358065 4.348266 4.331165 4.302209 4.254669 4.179060 4.062714 3.889756 3.641861 3.300181 2.848765 2.279400 1.597055 0.824023 0.000000 
50.000000 42.874701 36.005254 29.619973 23.897035 18.950510 14.826650 11.509774 8.935278 7.006311 5.610672 4.635238 3.976414 3.546214 3.274515 3.108471 3.010233 2.953939 2.922680 2.905851 2.897062 2.892608 2.890417 2.889369 2.888881 2.888658 2.888556 2.888500 2.888452 2.888378 2.888232 2.887936 2.887345 2.886192 2.884007 2.879986 2.872802 2.860348 2.839415 2.805336 2.751642 2.669881 2.549732 2.379674 2.148381 1.846951 1.471792 1.027530 0.528853 0.000000 
50.000000 42.718060 35.697603 29.171967 23.323249 18.268027 14.053566 10.663837 8.032811 6.061502 4.635238 3.638409 2.965140 2.525514 2.247863 2.078184 1.977797 1.920272 1.888329 1.871133 1.862153 1.857602 1.855362 1.854292 1.853794 1.853567 1.853464 1.853412 1.853372 1.853316 1.853210 1.852998 1.852576 1.851756 1.850210 1.847378 1.842346 1.833676 1.819204 1.795822 1.759293 1.704179 1.623996 1.511708 1.360665 1.165989 0.926233 0.644913 0.331319 0.000000 
50.000000 42.612252 35.489791 28.869350 22.935675 17.807037 13.531386 10.092456 7.423255 5.423355 3.976414 2.965140 2.282121 1.836131 1.554465 1.382333 1.280495 1.222140 1.189736 1.172292 1.163183 1.158566 1.156295 1.155209 1.154704 1.154474 1.154371 1.154321 1.154288 1.154247 1.154174 1.154028 1.153739 1.153181 1.152134 1.150223 1.146846 1.141061 1.131464 1.116066 1.092190 1.056458 1.004921 0.933399 0.838075 0.716320 0.567627 0.394408 0.202343 0.000000 
50.000000 42.543154 35.354079 28.671729 22.682576 17.505999 13.190394 9.719341 7.025217 5.006652 3.546214 2.525514 1.836131 1.385989 1.101702 0.927970 0.825187 0.766290 0.733586 0.715980 0.706786 0.702127 0.699834 0.698738 0.698229 0.697998 0.697895 0.697847 0.697819 0.697789 0.697740 0.697644 0.697454 0.697090 0.696408 0.695171 0.692995 0.689285 0.683168 0.673412 0.658387 0.636060 0.604098 0.560081 0.501866 0.428063 0.338542 0.234850 0.120355 0.000000 
50.000000 42.499508 35.268359 28.546905 22.522713 17.315860 12.975023 9.483684 6.773823 4.743473 3.274515 2.247863 1.554465 1.101702 0.815761 0.641020 0.537640 0.478401 0.445508 0.427800 0.418553 0.413867 0.411561 0.410459 0.409947 0.409715 0.409612 0.409566 0.409541 0.409520 0.409487 0.409426 0.409306 0.409078 0.408651 0.407881 0.406531 0.404241 0.400485 0.394529 0.385408 0.371941 0.352786 0.326580 0.292146 0.248759 0.196425 0.136086 0.069682 0.000000 
50.000000 42.472832 35.215967 28.470614 22.425007 17.199650 12.843394 9.339660 6.620183 4.582634 3.108471 2.078184 1.382333 0.927970 0.641020 0.465662 0.361917 0.302471 0.269462 0.251692 0.242412 0.237710 0.235396 0.234290 0.233776 0.233544 0.233441 0.233395 0.233373 0.233357 0.233336 0.233299 0.233226 0.233088 0.232831 0.232368 0.231561 0.230199 0.227974 0.224464 0.219117 0.211265 0.200159 0.185051 0.165308 0.140560 0.110846 0.076715 0.039254 0.000000 
50.000000 42.457048 35.184966 28.425472 22.367194 17.130891 12.765513 9.254446 6.529282 4.487475 3.010233 1.977797 1.280495 0.825187 0.537640 0.361917 0.257958 0.198388 0.165311 0.147504 0.138206 0.133494 0.131175 0.130067 0.129552 0.129319 0.129216 0.129172 0.129151 0.129139 0.129125 0.129102 0.129060 0.128979 0.128830 0.128562 0.128097 0.127314 0.126041 0.124042 0.121010 0.116580 0.110345 0.101904 0.090925 0.077222 0.060832 0.042065 0.021512 0.000000 
50.000000 42.448001 35.167199 28.399601 22.334062 17.091486 12.720881 9.205613 6.477190 4.432944 2.953939 1.920272 1.222140 0.766290 0.478401 0.302471 0.198388 0.138748 0.105632 0.087804 0.078495 0.073777 0.071456 0.070346 0.069831 0.069598 0.069495 0.069451 0.069431 0.069421 0.069412 0.069399 0.069374 0.069329 0.069245 0.069095 0.068836 0.068401 0.067697 0.066595 0.064932 0.062511 0.059118 0.054544 0.048619 0.041251 0.032467 0.022435 0.011468 0.000000 
50.000000 42.442977 35.157332 28.385233 22.315663 17.069602 12.696096 9.178495 6.448264 4.402664 2.922680 1.888330 1.189737 0.733587 0.445509 0.269462 0.165311 0.105632 0.072494 0.054655 0.045339 0.040619 0.038296 0.037186 0.036670 0.036437 0.036334 0.036290 0.036271 0.036262 0.036256 0.036248 0.036235 0.036210 0.036164 0.036083 0.035943 0.035710 0.035333 0.034745 0.033860 0.032578 0.030788 0.028383 0.025278 0.021429 0.016853 0.011639 0.005947 0.000000 
50.000000 42.440272 35.152020 28.377497 22.305756 17.057821 12.682752 9.163896 6.432691 4.386362 2.905852 1.871135 1.172294 0.715982 0.427802 0.251693 0.147506 0.087805 0.054656 0.036810 0.027492 0.022769 0.020446 0.019335 0.018819 0.018586 0.018483 0.018439 0.018421 0.018413 0.018408 0.018403 0.018396 0.018383 0.018359 0.018316 0.018243 0.018122 0.017926 0.017622 0.017166 0.016507 0.015590 0.014362 0.012782 0.010828 0.008510 0.005874 0.003001 0.000000 
50.000000 42.438860 35.149246 28.373458 22.300584 17.051669 12.675785 9.156273 6.424560 4.377851 2.897067 1.862157 1.163187 0.706791 0.418558 0.242417 0.138210 0.078499 0.045343 0.027495 0.018174 0.013451 0.011127 0.010016 0.009500 0.009267 0.009164 0.009121 0.009102 0.009094 0.009090 0.009087 0.009084 0.009077 0.009065 0.009043 0.009006 0.008945 0.008846 0.008694 0.008465 0.008137 0.007680 0.007071 0.006289 0.005324 0.004182 0.002886 0.001474 0.000000 
50.000000 42.438145 35.147841 28.371414 22.297965 17.048555 12.672258 9.152415 6.420445 4.373544 2.892620 1.857614 1.158578 0.702139 0.413879 0.237722 0.133506 0.073789 0.040630 0.022780 0.013458 0.008735 0.006411 0.005300 0.004784 0.004550 0.004448 0.004404 0.004386 0.004378 0.004375 0.004373 0.004370 0.004367 0.004361 0.004350 0.004332 0.004302 0.004254 0.004179 0.004068 0.003909 0.003688 0.003393 0.003016 0.002552 0.002004 0.001382 0.000706 0.000000 
50.000000 42.437795 35.147155 28.370414 22.296685 17.047033 12.670533 9.150528 6.418432 4.371437 2.890446 1.855392 1.156324 0.699865 0.411592 0.235426 0.131205 0.071486 0.038326 0.020474 0.011153 0.006429 0.004105 0.002993 0.002477 0.002244 0.002142 0.002098 0.002080 0.002072 0.002069 0.002067 0.002066 0.002064 0.002061 0.002056 0.002047 0.002033 0.002010 0.001974 0.001921 0.001845 0.001740 0.001600 0.001422 0.001202 0.000944 0.000651 0.000332 0.000000 
50.000000 42.437633 35.146837 28.369951 22.296092 17.046328 12.669735 9.149655 6.417501 4.370462 2.889439 1.854364 1.155281 0.698812 0.410533 0.234364 0.130141 0.070420 0.037259 0.019407 0.010086 0.005362 0.003037 0.001926 0.001410 0.001177 0.001074 0.001031 0.001012 0.001005 0.001002 0.001001 0.001000 0.000999 0.000997 0.000995 0.000990 0.000983 0.000972 0.000954 0.000928 0.000891 0.000840 0.000772 0.000686 0.000580 0.000455 0.000314 0.000160 0.000000 
50.000000 42.437570 35.146714 28.369771 22.295862 17.046055 12.669426 9.149317 6.417140 4.370084 2.889049 1.853965 1.154877 0.698404 0.410123 0.233952 0.129728 0.070007 0.036846 0.018994 0.009672 0.004948 0.002624 0.001513 0.000996 0.000763 0.000661 0.000617 0.000599 0.000591 0.000588 0.000587 0.000586 0.000586 0.000585 0.000583 0.000581 0.000576 0.000570 0.000559 0.000544 0.000522 0.000492 0.000452 0.000401 0.000339 0.000266 0.000183 0.000094 0.000000 
50.000000 42.437570 35.146714 28.369771 22.295862 17.046055 12.669426 9.149317 6.417140 4.370084 2.889049 1.853965 1.154877 0.698404 0.410123 0.233952 0.129728 0.070007 0.036846 0.018994 0.009672 0.004948 0.002624 0.001513 0.000996 0.000763 0.000661 0.000617 0.000599 0.000591 0.000588 0.000587 0.000586 0.000586 0.000585 0.000583 0.000581 0.000576 0.000570 0.000559 0.000544 0.000522 0.000492 0.000452 0.000401 0.000339 0.000266 0.000183 0.000094 0.000000 
50.000000 42.437633 35.146837 28.369951 22.296092 17.046328 12.669735 9.149655 6.417501 4.370462 2.889439 1.854364 1.155281 0.698812 0.410533 0.234364 0.130141 0.070420 0.037259 0.019407 0.010086 0.005362 0.003037 0.001926 0.001410 0.001177 0.001074 0.001031 0.001012 0.001005 0.001002 0.001001 0.001000 0.000999 0.000997 0.000995 0.000990 0.000983 0.000972 0.000954 0.000928 0.000891 0.000840 0.000772 0.000686 0.000580 0.000455 0.000314 0.000160 0.000000 
50.000000 42.437795 35.147155 28.370414 22.296685 17.047033 12.670533 9.150528 6.418432 4.371437 2.890446 1.855392 1.156324 0.699865 0.411592 0.235426 0.131205 0.071486 0.038326 0.020474 0.011153 0.006429 0.004105 0.002993 0.002477 0.002244 0.002142 0.002098 0.002080 0.002072 0.002069 0.002067 0.002066 0.002064 0.002061 0.002056 0.002047 0.002033 0.002010 0.001974 0.001921 0.001845 0.001740 0.001600 0.001422 0.001202 0.000944 0.000651 0.000332 0.000000 
50.000000 42.438145 35.147841 28.371414 22.297965 17.048555 12.672258 9.152415 6.420445 4.373544 2.892620 1.857614 1.158578 0.702139 0.413879 0.237722 0.133506 0.073789 0.040630 0.022780 0.013458 0.008735 0.006411 0.005300 0.004784 0.004550 0.004448 0.004404 0.004386 0.004378 0.004375 0.004373 0.004370 0.004367 0.004361 0.004350 0.004332 0.004302 0.004254 0.004179 0.004068 0.003909 0.003688 0.003393 0.003016 0.002552 0.002004 0.001382 0.000706 0.000000 
50.000000 42.438860 35.149246 28.373458 22.300584 17.051669 12.675785 9.156273 6.424560 4.377851 2.897067 1.862157 1.163187 0.706791 0.418558 0.242417 0.138210 0.078499 0.045343 0.027495 0.018174 0.013451 0.011127 0.010016 0.009500 0.009267 0.009164 0.009121 0.009102 0.009094 0.009090 0.009087 0.009084 0.009077 0.009065 0.009043 0.009006 0.008945 0.008846 0.008694 0.008465 0.008137 0.007680 0.007071 0.006289 0.005324 0.004182 0.002886 0.001474 0.000000 
50.000000 42.440272 35.152020 28.377497 22.305756 17.057821 12.682752 9.163896 6.432691 4.386362 2.905852 1.871135 1.172294 0.715982 0.427802 0.251693 0.147506 0.087805 0.054656 0.036810 0.027492 0.022769 0.020446 0.019335 0.018819 0.018586 0.018483 0.018439 0.018421 0.018413 0.018408 0.018403 0.018396 0.018383 0.018359 0.018316 0.018243 0.018122 0.017926 0.017622 0.017166 0.016507 0.015590 0.014362 0.012782 0.010828 0.008510 0.005874 0.003001 0.000000 
50.000000 42.442977 35.157332 28.385233 22.315663 17.069602 12.696096 9.178495 6.448264 4.402664 2.922680 1.888330 1.189737 0.733587 0.445509 0.269462 0.165311 0.105632 0.072494 0.054655 0.045339 0.040619 0.038296 0.037186 0.036670 0.036437 0.036334 0.036290 0.036271 0.036262 0.036256 0.036248 0.036235 0.036210 0.036164 0.036083 0.035943 0.035710 0.035333 0.034745 0.033860 0.032578 0.030788 0.028383 0.025278 0.021429 0.016853 0.011639 0.005947 0.000000 
50.000000 42.448001 35.167199 28.399601 22.334062 17.091486 12.720881 9.205613 6.477190 4.432944 2.953939 1.920272 1.222140 0.766290 0.478401 0.302471 0.198388 0.138748 0.105632 0.087804 0.078495 0.073777 0.071456 0.070346 0.069831 0.069598 0.069495 0.069451 0.069431 0.069421 0.069412 0.069399 0.069374 0.069329 0.069245 0.069095 0.068836 0.068401 0.067697 0.066595 0.064932 0.062511 0.059118 0.054544 0.048619 0.041251 0.032467 0.022435 0.011468 0.000000 
50.000000 42.457048 35.184966 28.425472 22.367194 17.130891 12.765513 9.254446 6.529282 4.487475 3.010233 1.977797 1.280495 0.825187 0.537640 0.361917 0.257958 0.198388 0.165311 0.147504 0.138206 0.133494 0.131175 0.130067 0.129552 0.129319 0.129216 0.129172 0.129151 0.129139 0.129125 0.129102 0.129060 0.128979 0.128830 0.128562 0.128097 0.127314 0.126041 0.124042 0.121010 0.116580 0.110345 0.101904 0.090925 0.077222 0.060832 0.042065 0.021512 0.000000 
50.000000 42.472832 35.215967 28.470614 22.425007 17.199650 12.843394 9.339660 6.620183 4.582634 3.108471 2.078184 1.382333 0.927970 0.641020 0.465662 0.361917 0.302471 0.269462 0.251692 0.242412 0.237710 0.235396 0.234290 0.233776 0.233544 0.233441 0.233395 0.233373 0.233357 0.233336 0.233299 0.233226 0.233088 0.232831 0.232368 0.231561 0.230199 0.227974 0.224464 0.219117 0.211265 0.200159 0.185051 0.165308 0.140560 0.110846 0.076715 0.039254 0.000000 
50.000000 42.499508 35.268359 28.546905 22.522713 17.315860 12.975023 9.483684 6.773823 4.743473 3.274515 2.247863 1.554465 1.101702 0.815761 0.641020 0.537640 0.478401 0.445508 0.427800 0.418553 0.413867 0.411561 0.410459 0.409947 0.409715 0.409612 0.409566 0.409541 0.409520 0.409487 0.409426 0.409306 0.409078 0.408651 0.407881 0.406531 0.404241 0.400485 0.394529 0.385408 0.371941 0.352786 0.326580 0.292146 0.248759 0.196425 0.136086 0.069682 0.000000 
50.000000 42.543154 35.354079 28.671729 22.682576 17.505999 13.190394 9.719341 7.025217 5.006652 3.546214 2.525514 1.836131 1.385989 1.101702 0.927970 0.825187 0.766290 0.733586 0.715980 0.706786 0.702127 0.699834 0.698738 0.698229 0.697998 0.697895 0.697847 0.697819 0.697789 0.697740 0.697644 0.697454 0.697090 0.696408 0.695171 0.692995 0.689285 0.683168 0.673412 0.658387 0.636060 0.604098 0.560081 0.501866 0.428063 0.338542 0.234850 0.120355 0.000000 
50.000000 42.612252 35.489791 28.869350 22.935675 17.807037 13.531386 10.092456 7.423255 5.423355 3.976414 2.965140 2.282121 1.836131 1.554465 1.382333 1.280495 1.222140 1.189736 1.172292 1.163183 1.158566 1.156295 1.155209 1.154704 1.154474 1.154371 1.154321 1.154288 1.154247 1.154174 1.154028 1.153739 1.153181 1.152134 1.150223 1.146846 1.141061 1.131464 1.116066 1.092190 1.056458 1.004921 0.933399 0.838075 0.716320 0.567627 0.394408 0.202343 0.000000 
50.000000 42.718060 35.697603 29.171967 23.323249 18.268027 14.053566 10.663837 8.032811 6.061502 4.635238 3.638409 2.965140 2.525514 2.247863 2.078184 1.977797 1.920272 1.888329 1.871133 1.862153 1.857602 1.855362 1.854292 1.853794 1.853567 1.853464 1.853412 1.853372 1.853316 1.853210 1.852998 1.852576 1.851756 1.850210 1.847378 1.842346 1.833676 1.819204 1.795822 1.759293 1.704179 1.623996 1.511708 1.360665 1.165989 0.926233 0.644913 0.331319 0.000000 
50.000000 42.874701 36.005254 29.619973 23.897035 18.950510 14.826650 11.509774 8.935278 7.006311 5.610672 4.635238 3.976414 3.546214 3.274515 3.108471 3.010233 2.953939 2.922680 2.905851 2.897062 2.892608 2.890417 2.889369 2.888881 2.888658 2.888556 2.888500 2.888452 2.888378 2.888232 2.887936 2.887345 2.886192 2.884007 2.879986 2.872802 2.860348 2.839415 2.805336 2.751642 2.669881 2.549732 2.379674 2.148381 1.846951 1.471792 1.027530 0.528853 0.000000 
50.000000 43.098801 36.445400 30.260923 24.717943 19.926941 15.932717 12.720089 10.226490 8.358121 7.006311 6.061502 5.423355 5.006652 4.743473 4.582634 4.487475 4.432944 4.402663 4.386360 4.377847 4.373532 4.371409 4.370393 4.369921 4.369704 4.369603 4.369544 4.369487 4.369390 4.369198 4.368804 4.368013 4.366465 4.363517 4.358065 4.348266 4.331165 4.302209 4.254669 4.179060 4.062714 3.889756 3.641861 3.300181 2.848765 2.279400 1.597055 0.824023 0.000000 
50.000000 43.408512 37.053693 31.146741 25.852479 21.276431 17.461390 14.392859 12.011088 10.226490 8.935278 8.032811 7.423255 7.025217 6.773823 6.620183 6.529282 6.477190 6.448263 6.432689 6.424556 6.420434 6.418405 6.417435 6.416983 6.416775 6.416676 6.416614 6.416547 6.416428 6.416185 6.415686 6.414680 6.412701 6.408918 6.401881 6.389157 6.366797 6.328632 6.265397 6.163776 6.005544 5.767172 5.420437 4.934777 4.282156 3.444853 2.425416 1.255795 0.000000 
50.000000 43.821837 37.865494 32.328920 27.366600 23.077441 19.501555 16.625361 14.392859 12.720089 11.509774 10.663837 10.092456 9.719341 9.483684 9.339660 9.254446 9.205613 9.178494 9.163894 9.156269 9.152405 9.150503 9.149593 9.149168 9.148973 9.148877 9.148814 9.148738 9.148597 9.148307 9.147708 9.146495 9.144101 9.139501 9.130898 9.115244 9.087535 9.039841 8.960042 8.830333 8.625688 8.312681 7.849432 7.187855 6.279814 5.088802 3.607468 1.877356 0.000000 
50.000000 44.354312 38.911319 33.851905 29.317234 25.397691 22.129933 19.501555 17.461390 15.932717 14.826650 14.053566 13.531386 13.190394 12.975023 12.843394 12.765513 12.720881 12.696095 12.682750 12.675781 12.672249 12.670510 12.669678 12.669290 12.669110 12.669020 12.668957 12.668874 12.668717 12.668391 12.667714 12.666337 12.663609 12.658343 12.648442 12.630314 12.597987 12.541859 12.446975 12.290856 12.040953 11.652123 11.064967 10.206637 8.996956 7.363878 5.272323 2.765311 0.000000 
50.000000 45.016299 40.211520 35.745331 31.742343 28.282342 25.397691 23.077441 21.276431 19.926941 18.950510 18.268027 17.807037 17.505999 17.315860 17.199650 17.130891 17.091485 17.069602 17.057820 17.051666 17.048547 17.047012 17.046277 17.045934 17.045774 17.045693 17.045632 17.045547 17.045384 17.045040 17.044325 17.042867 17.039966 17.034342 17.023714 17.004133 16.968963 16.907362 16.802129 16.626760 16.341654 15.889586 15.191054 14.141171 12.611972 10.467873 7.607009 4.041077 0.000000 
50.000000 45.810307 41.771025 38.016380 34.651128 31.742343 29.317234 27.366600 25.852479 24.717943 23.897035 23.323249 22.935675 22.682576 22.522713 22.425007 22.367194 22.334062 22.315662 22.305755 22.300581 22.297958 22.296667 22.296049 22.295760 22.295625 22.295555 22.295500 22.295420 22.295262 22.294929 22.294234 22.292811 22.289972 22.284446 22.273954 22.254513 22.219356 22.157260 22.050083 21.869178 21.570323 21.086786 20.320277 19.130371 17.325564 14.666257 10.906066 5.924009 0.000000 
50.000000 46.728908 43.575246 40.643808 38.016380 35.745331 33.851905 32.328920 31.146741 30.260923 29.619973 29.171967 28.869350 28.671729 28.546905 28.470614 28.425472 28.399601 28.385233 28.377497 28.373456 28.371408 28.370400 28.369917 28.369691 28.369585 28.369529 28.369484 28.369415 28.369278 28.368988 28.368380 28.367134 28.364640 28.359768 28.350480 28.333187 28.301724 28.245734 28.148181 27.981524 27.701888 27.240118 26.488026 25.277458 23.350123 20.321904 15.671703 8.873488 0.000000 
50.000000 47.753794 45.588223 43.575246 41.771025 40.211520 38.911319 37.865494 37.053693 36.445400 36.005254 35.697603 35.489791 35.354079 35.268359 35.215967 35.184966 35.167199 35.157332 35.152019 35.149244 35.147838 35.147145 35.146814 35.146658 35.146585 35.146546 35.146513 35.146463 35.146361 35.146146 35.145694 35.144765 35.142901 35.139252 35.132273 35.119230 35.095383 35.052690 34.977724 34.848344 34.628277 34.258026 33.638997 32.604512 30.864960 27.903543 22.794111 14.004523 0.000000 
50.000000 48.856370 47.753794 46.728908 45.810307 45.016299 44.354312 43.821837 43.408512 43.098801 42.874701 42.718060 42.612252 42.543154 42.499508 42.472832 42.457048 42.448001 42.442977 42.440272 42.438859 42.438143 42.437790 42.437621 42.437542 42.437505 42.437485 42.437468 42.437441 42.437387 42.437272 42.437030 42.436533 42.435535 42.433578 42.429827 42.422798 42.409909 42.386741 42.345848 42.274778 42.152717 41.944481 41.589001 40.975222 39.886298 37.855420 33.749270 24.428185 0.000000 
50.000000 50.000000 50.000000 50.000000 50.000000 50.000000 50.000000 50.000000 50.000000 50.000000 50.000000 50.000000 50.000000 50.000000 50.000000 50.000000 50.000000 50.000000 50.000000 50.000000 50.000000 50.000000 50.000000 50.000000 50.000000 50.000000 50.000000 50.000000 50.000000 50.000000 50.000000 50.000000 50.000000 50.000000 50.000000 50.000000 50.000000 50.000000 50.000000 50.000000 50.000000 50.000000 50.000000 50.000000 50.000000 50.000000 50.000000 50.000000 50.000000 50.000000 
