50.000000 50.000000 50.000000 50.000000 50.000000 50.000000 50.000000 50.000000 50.000000 50.000000 50.000000 50.000000 50.000000 50.000000 50.000000 50.000000 50.000000 50.000000 50.000000 50.000000 50.000000 50.000000 50.000000 50.000000 50.000000 50.000000 50.000000 50.000000 50.000000 50.000000 50.000000 50.000000 50.000000 50.000000 50.000000 50.000000 50.000000 50.000000 50.000000 50.000000 50.000000 50.000000 50.000000 50.000000 50.000000 50.000000 50.000000 50.000000 50.000000 50.000000 
50.000000 45.031109 40.833204 37.821171 35.969362 34.983448 34.523914 34.334442 34.264672 34.241529 34.234561 34.232644 34.232159 34.232046 34.232021 34.232016 34.232015 34.232015 34.232015 34.232015 34.232015 34.232015 34.232015 34.232015 34.232015 34.232015 34.232015 34.232015 34.232015 34.232015 34.232015 34.232015 34.232015 34.232015 34.232015 34.232015 34.232013 34.232006 34.231971 34.231813 34.231139 34.228472 34.218618 34.184680 34.075417 33.744528 32.789819 30.106808 22.515555 0.000000 
50.000000 40.833204 33.089101 27.533116 24.117686 22.299561 21.452280 21.102999 20.974408 20.931764 20.918927 20.915396 20.914504 20.914295 20.914250 20.914240 20.914239 20.914238 20.914238 20.914238 20.914238 20.914238 20.914238 20.914238 20.914238 20.914238 20.914238 20.914238 20.914238 20.914238 20.914238 20.914238 20.914238 20.914238 20.914238 20.914238 20.914236 20.914225 20.914174 20.913945 20.912979 20.909195 20.895438 20.849134 20.705128 20.291838 19.198715 16.544550 10.726396 0.000000 
50.000000 37.821171 27.533116 20.152817 15.616648 13.202396 12.077560 11.613976 11.443350 11.386781 11.369758 11.365077 11.363894 11.363617 11.363557 11.363545 11.363543 11.363543 11.363543 11.363543 11.363543 11.363543 11.363543 11.363543 11.363543 11.363543 11.363543 11.363543 11.363543 11.363543 11.363543 11.363543 11.363543 11.363543 11.363542 11.363542 11.363540 11.363531 11.363485 11.363278 11.362419 11.359096 11.347224 11.308207 11.190842 10.869618 10.076408 8.334401 5.031352 0.000000 
50.000000 35.969362 24.117686 15.616648 10.392452 7.612550 6.317639 5.784091 5.587765 5.522694 5.503118 5.497737 5.496377 5.496059 5.495990 5.495976 5.495974 5.495973 5.495973 5.495973 5.495973 5.495973 5.495973 5.495973 5.495973 5.495973 5.495973 5.495973 5.495973 5.495973 5.495973 5.495973 5.495973 5.495973 5.495973 5.495973 5.495971 5.495965 5.495933 5.495794 5.495218 5.493020 5.485291 5.460428 5.387734 5.196226 4.747030 3.825849 2.224834 0.000000 
50.000000 34.983448 22.299561 13.202396 7.612550 4.638531 3.253440 2.682845 2.472930 2.403370 2.382449 2.376699 2.375246 2.374907 2.374833 2.374818 2.374816 2.374815 2.374815 2.374815 2.374815 2.374815 2.374815 2.374815 2.374815 2.374815 2.374815 2.374815 2.374815 2.374815 2.374815 2.374815 2.374815 2.374815 2.374815 2.374815 2.374814 2.374810 2.374793 2.374717 2.374404 2.373224 2.369132 2.356203 2.319266 2.224817 2.011554 1.594434 0.908030 0.000000 
50.000000 34.523914 21.452280 12.077560 6.317639 3.253440 1.826513 1.238758 1.022559 0.950928 0.929386 0.923467 0.921971 0.921622 0.921546 0.921531 0.921528 0.921528 0.921528 0.921528 0.921528 0.921528 0.921528 0.921528 0.921528 0.921528 0.921528 0.921528 0.921528 0.921528 0.921528 0.921528 0.921528 0.921528 0.921528 0.921527 0.921527 0.921525 0.921517 0.921482 0.921339 0.920804 0.918969 0.913257 0.897238 0.857211 0.769353 0.603145 0.339234 0.000000 
50.000000 34.334442 21.102999 11.613976 5.784091 2.682845 1.238758 0.643976 0.425209 0.352732 0.330938 0.324950 0.323437 0.323084 0.323007 0.322992 0.322989 0.322988 0.322988 0.322988 0.322988 0.322988 0.322988 0.322988 0.322988 0.322988 0.322988 0.322988 0.322988 0.322988 0.322988 0.322988 0.322988 0.322988 0.322988 0.322988 0.322988 0.322987 0.322984 0.322970 0.322913 0.322703 0.321988 0.319789 0.313713 0.298800 0.266753 0.207561 0.115823 0.000000 
50.000000 34.264672 20.974408 11.443350 5.587765 2.472930 1.022559 0.425209 0.205505 0.132720 0.110835 0.104821 0.103302 0.102948 0.102871 0.102855 0.102852 0.102852 0.102852 0.102852 0.102852 0.102852 0.102852 0.102852 0.102852 0.102852 0.102852 0.102852 0.102852 0.102852 0.102852 0.102852 0.102852 0.102852 0.102852 0.102852 0.102852 0.102851 0.102850 0.102845 0.102825 0.102752 0.102506 0.101756 0.099706 0.094745 0.084254 0.065213 0.036200 0.000000 
50.000000 34.241529 20.931764 11.386781 5.522694 2.403370 0.950928 0.352732 0.132720 0.059835 0.037919 0.031898 0.030377 0.030022 0.029945 0.029929 0.029926 0.029926 0.029925 0.029925 0.029925 0.029925 0.029925 0.029925 0.029925 0.029925 0.029925 0.029925 0.029925 0.029925 0.029925 0.029925 0.029925 0.029925 0.029925 0.029925 0.029925 0.029925 0.029925 0.029923 0.029917 0.029895 0.029818 0.029588 0.028966 0.027475 0.024362 0.018785 0.010390 0.000000 
50.000000 34.234561 20.918927 11.369758 5.503118 2.382449 0.929386 0.330938 0.110835 0.037919 0.015995 0.009971 0.008449 0.008094 0.008017 0.008002 0.007999 0.007998 0.007998 0.007998 0.007998 0.007998 0.007998 0.007998 0.007998 0.007998 0.007998 0.007998 0.007998 0.007998 0.007998 0.007998 0.007998 0.007998 0.007998 0.007998 0.007998 0.007998 0.007998 0.007998 0.007996 0.007989 0.007968 0.007904 0.007732 0.007324 0.006480 0.004983 0.002749 0.000000 
50.000000 34.232644 20.915396 11.365077 5.497737 2.376699 0.923467 0.324950 0.104821 0.031898 0.009971 0.003946 0.002425 0.002069 0.001992 0.001977 0.001974 0.001973 0.001973 0.001973 0.001973 0.001973 0.001973 0.001973 0.001973 0.001973 0.001973 0.001973 0.001973 0.001973 0.001973 0.001973 0.001973 0.001973 0.001973 0.001973 0.001973 0.001973 0.001973 0.001973 0.001973 0.001971 0.001966 0.001949 0.001906 0.001803 0.001593 0.001222 0.000673 0.000000 
50.000000 34.232159 20.914504 11.363894 5.496377 2.375246 0.921971 0.323437 0.103302 0.030377 0.008449 0.002425 0.000903 0.000548 0.000471 0.000455 0.000452 0.000452 0.000451 0.000451 0.000451 0.000451 0.000451 0.000451 0.000451 0.000451 0.000451 0.000451 0.000451 0.000451 0.000451 0.000451 0.000451 0.000451 0.000451 0.000451 0.000451 0.000451 0.000451 0.000451 0.000451 0.000451 0.000450 0.000446 0.000436 0.000412 0.000363 0.000278 0.000153 0.000000 
50.000000 34.232046 20.914295 11.363617 5.496059 2.374907 0.921622 0.323084 0.102948 0.030022 0.008094 0.002069 0.000548 0.000192 0.000115 0.000100 0.000097 0.000096 0.000096 0.000096 0.000096 0.000096 0.000096 0.000096 0.000096 0.000096 0.000096 0.000096 0.000096 0.000096 0.000096 0.000096 0.000096 0.000096 0.000096 0.000096 0.000096 0.000096 0.000096 0.000096 0.000096 0.000096 0.000096 0.000095 0.000093 0.000088 0.000077 0.000059 0.000032 0.000000 
50.000000 34.232021 20.914250 11.363557 5.495990 2.374833 0.921546 0.323007 0.102871 0.029945 0.008017 0.001992 0.000471 0.000115 0.000038 0.000023 0.000020 0.000019 0.000019 0.000019 0.000019 0.000019 0.000019 0.000019 0.000019 0.000019 0.000019 0.000019 0.000019 0.000019 0.000019 0.000019 0.000019 0.000019 0.000019 0.000019 0.000019 0.000019 0.000019 0.000019 0.000019 0.000019 0.000019 0.000019 0.000018 0.000017 0.000015 0.000012 0.000006 0.000000 
50.000000 34.232016 20.914240 11.363545 5.495976 2.374818 0.921531 0.322992 0.102855 0.029929 0.008002 0.001977 0.000455 0.000100 0.000023 0.000007 0.000004 0.000004 0.000004 0.000004 0.000004 0.000004 0.000004 0.000004 0.000004 0.000004 0.000004 0.000004 0.000004 0.000004 0.000004 0.000004 0.000004 0.000004 0.000004 0.000004 0.000004 0.000004 0.000004 0.000004 0.000004 0.000004 0.000004 0.000004 0.000003 0.000003 0.000003 0.000002 0.000001 0.000000 
50.000000 34.232015 20.914239 11.363543 5.495974 2.374816 0.921528 0.322989 0.102852 0.029926 0.007999 0.001974 0.000452 0.000097 0.000020 0.000004 0.000001 0.000001 0.000001 0.000001 0.000001 0.000001 0.000001 0.000001 0.000001 0.000001 0.000001 0.000001 0.000001 0.000001 0.000001 0.000001 0.000001 0.000001 0.000001 0.000001 0.000001 0.000001 0.000001 0.000001 0.000001 0.000001 0.000001 0.000001 0.000001 0.000001 0.000001 0.000000 0.000000 0.000000 
50.000000 34.232015 20.914238 11.363543 5.495973 2.374815 0.921528 0.322988 0.102852 0.029926 0.007998 0.001973 0.000452 0.000096 0.000019 0.000004 0.000001 0.000000 0.000000 0.000000 0.000000 0.000000 0.000000 0.000000 0.000000 0.000000 0.000000 0.000000 0.000000 0.000000 0.000000 0.000000 0.000000 0.000000 0.000000 0.000000 0.000000 0.000000 0.000000 0.000000 0.000000 0.000000 0.000000 0.000000 0.000000 0.000000 0.000000 0.000000 0.000000 0.000000 
50.000000 34.232015 20.914238 11.363543 5.495973 2.374815 0.921528 0.322988 0.102852 0.029925 0.007998 0.001973 0.000451 0.000096 0.000019 0.000004 0.000001 0.000000 0.000000 0.000000 0.000000 0.000000 0.000000 0.000000 0.000000 0.000000 0.000000 0.000000 0.000000 0.000000 0.000000 0.000000 0.000000 0.000000 0.000000 0.000000 0.000000 0.000000 0.000000 0.000000 0.000000 0.000000 0.000000 0.000000 0.000000 0.000000 0.000000 0.000000 0.000000 0.000000 
50.000000 34.232015 20.914238 11.363543 5.495973 2.374815 0.921528 0.322988 0.102852 0.029925 0.007998 0.001973 0.000451 0.000096 0.000019 0.000004 0.000001 0.000000 0.000000 0.000000 0.000000 0.000000 0.000000 0.000000 0.000000 0.000000 0.000000 0.000000 0.000000 0.000000 0.000000 0.000000 0.000000 0.000000 0.000000 0.000000 0.000000 0.000000 0.000000 0.000000 0.000000 0.000000 0.000000 0.000000 0.000000 0.000000 0.000000 0.000000 0.000000 0.000000 
50.000000 34.232015 20.914238 11.363543 5.495973 2.374815 0.921528 0.322988 0.102852 0.029925 0.007998 0.001973 0.000451 0.000096 0.000019 0.000004 0.000001 0.000000 0.000000 0.000000 0.000000 0.000000 0.000000 0.000000 0.000000 0.000000 0.000000 0.000000 0.000000 0.000000 0.000000 0.000000 0.000000 0.000000 0.000000 0.000000 0.000000 0.000000 0.000000 0.000000 0.000000 0.000000 0.000000 0.000000 0.000000 0.000000 0.000000 0.000000 0.000000 0.000000 
50.000000 34.232015 20.914238 11.363543 5.495973 2.374815 0.921528 0.322988 0.102852 0.029925 0.007998 0.001973 0.000451 0.000096 0.000019 0.000004 0.000001 0.000000 0.000000 0.000000 0.000000 0.000000 0.000000 0.000000 0.000000 0.000000 0.000000 0.000000 0.000000 0.000000 0.000000 0.000000 0.000000 0.000000 0.000000 0.000000 0.000000 0.000000 0.000000 0.000000 0.000000 0.000000 0.000000 0.000000 0.000000 0.000000 0.000000 0.000000 0.000000 0.000000 
50.000000 34.232015 20.914238 11.363543 5.495973 2.374815 0.921528 0.322988 0.102852 0.029925 0.007998 0.001973 0.000451 0.000096 0.000019 0.000004 0.000001 0.000000 0.000000 0.000000 0.000000 0.000000 0.000000 0.000000 0.000000 0.000000 0.000000 0.000000 0.000000 0.000000 0.000000 0.000000 0.000000 0.000000 0.000000 0.000000 0.000000 0.000000 0.000000 0.000000 0.000000 0.000000 0.000000 0.000000 0.000000 0.000000 0.000000 0.000000 0.000000 0.000000 
50.000000 34.232015 20.914238 11.363543 5.495973 2.374815 0.921528 0.322988 0.102852 0.029925 0.007998 0.001973 0.000451 0.000096 0.000019 0.000004 0.000001 0.000000 0.000000 0.000000 0.000000 0.000000 0.000000 0.000000 0.000000 0.000000 0.000000 0.000000 0.000000 0.000000 0.000000 0.000000 0.000000 0.000000 0.000000 0.000000 0.000000 0.000000 0.000000 0.000000 0.000000 0.000000 0.000000 0.000000 0.000000 0.000000 0.000000 0.000000 0.000000 0.000000 
50.000000 34.232015 20.914238 11.363543 5.495973 2.374815 0.921528 0.322988 0.102852 0.029925 0.007998 0.001973 0.000451 0.000096 0.000019 0.000004 0.000001 0.000000 0.000000 0.000000 0.000000 0.000000 0.000000 0.000000 0.000000 0.000000 0.000000 0.000000 0.000000 0.000000 0.000000 0.000000 0.000000 0.000000 0.000000 0.000000 0.000000 0.000000 0.000000 0.000000 0.000000 0.000000 0.000000 0.000000 0.000000 0.000000 0.000000 0.000000 0.000000 0.000000 
50.000000 34.232015 20.914238 11.363543 5.495973 2.374815 0.921528 0.322988 0.102852 0.029925 0.007998 0.001973 0.000451 0.000096 0.000019 0.000004 0.000001 0.000000 0.000000 0.000000 0.000000 0.000000 0.000000 0.000000 0.000000 0.000000 0.000000 0.000000 0.000000 0.000000 0.000000 0.000000 0.000000 0.000000 0.000000 0.000000 0.000000 0.000000 0.000000 0.000000 0.000000 0.000000 0.000000 0.000000 0.000000 0.000000 0.000000 0.000000 0.000000 0.000000 
50.000000 34.232015 20.914238 11.363543 5.495973 2.374815 0.921528 0.322988 0.102852 0.029925 0.007998 0.001973 0.000451 0.000096 0.000019 0.000004 0.000001 0.000000 0.000000 0.000000 0.000000 0.000000 0.000000 0.000000 0.000000 0.000000 0.000000 0.000000 0.000000 0.000000 0.000000 0.000000 0.000000 0.000000 0.000000 0.000000 0.000000 0.000000 0.000000 0.000000 0.000000 0.000000 0.000000 0.000000 0.000000 0.000000 0.000000 0.000000 0.000000 0.000000 
50.000000 34.232015 20.914238 11.363543 5.495973 2.374815 0.921528 0.322988 0.102852 0.029925 0.007998 0.001973 0.000451 0.000096 0.000019 0.000004 0.000001 0.000000 0.000000 0.000000 0.000000 0.000000 0.000000 0.000000 0.000000 0.000000 0.000000 0.000000 0.000000 0.000000 0.000000 0.000000 0.000000 0.000000 0.000000 0.000000 0.000000 0.000000 0.000000 0.000000 0.000000 0.000000 0.000000 0.000000 0.000000 0.000000 0.000000 0.000000 0.000000 0.000000 
50.000000 34.232015 20.914238 11.363543 5.495973 2.374815 0.921528 0.322988 0.102852 0.029925 0.007998 0.001973 0.000451 0.000096 0.000019 0.000004 0.000001 0.000000 0.000000 0.000000 0.000000 0.000000 0.000000 0.000000 0.000000 0.000000 0.000000 0.000000 0.000000 0.000000 0.000000 0.000000 0.000000 0.000000 0.000000 0.000000 0.000000 0.000000 0.000000 0.000000 0.000000 0.000000 0.000000 0.000000 0.000000 0.000000 0.000000 0.000000 0.000000 0.000000 
50.000000 34.232015 20.914238 11.363543 5.495973 2.374815 0.921528 0.322988 0.102852 0.029925 0.007998 0.001973 0.000451 0.000096 0.000019 0.000004 0.000001 0.000000 0.000000 0.000000 0.000000 0.000000 0.000000 0.000000 0.000000 0.000000 0.000000 0.000000 0.000000 0.000000 0.000000 0.000000 0.000000 0.000000 0.000000 0.000000 0.000000 0.000000 0.000000 0.000000 0.000000 0.000000 0.000000 0.000000 0.000000 0.000000 0.000000 0.000000 0.000000 0.000000 
50.000000 34.232015 20.914238 11.363543 5.495973 2.374815 0.921528 0.322988 0.102852 0.029925 0.007998 0.001973 0.000451 0.000096 0.000019 0.000004 0.000001 0.000000 0.000000 0.000000 0.000000 0.000000 0.000000 0.000000 0.000000 0.000000 0.000000 0.000000 0.000000 0.000000 0.000000 0.000000 0.000000 0.000000 0.000000 0.000000 0.000000 0.000000 0.000000 0.000000 0.000000 0.000000 0.000000 0.000000 0.000000 0.000000 0.000000 0.000000 0.000000 0.000000 
50.000000 34.232015 20.914238 11.363543 5.495973 2.374815 0.921528 0.322988 0.102852 0.029925 0.007998 0.001973 0.000451 0.000096 0.000019 0.000004 0.000001 0.000000 0.000000 0.000000 0.000000 0.000000 0.000000 0.000000 0.000000 0.000000 0.000000 0.000000 0.000000 0.000000 0.000000 0.000000 0.000000 0.000000 0.000000 0.000000 0.000000 0.000000 0.000000 0.000000 0.000000 0.000000 0.000000 0.000000 0.000000 0.000000 0.000000 0.000000 0.000000 0.000000 
50.000000 34.232015 20.914238 11.363543 5.495973 2.374815 0.921528 0.322988 0.102852 0.029926 0.007998 0.001973 0.000452 0.000096 0.000019 0.000004 0.000001 0.000000 0.000000 0.000000 0.000000 0.000000 0.000000 0.000000 0.000000 0.000000 0.000000 0.000000 0.000000 0.000000 0.000000 0.000000 0.000000 0.000000 0.000000 0.000000 0.000000 0.000000 0.000000 0.000000 0.000000 0.000000 0.000000 0.000000 0.000000 0.000000 0.000000 0.000000 0.000000 0.000000 
50.000000 34.232015 20.914239 11.363543 5.495974 2.374816 0.921528 0.322989 0.102852 0.029926 0.007999 0.001974 0.000452 0.000097 0.000020 0.000004 0.000001 0.000001 0.000001 0.000001 0.000001 0.000001 0.000001 0.000001 0.000001 0.000001 0.000001 0.000001 0.000001 0.000001 0.000001 0.000001 0.000001 0.000001 0.000001 0.000001 0.000001 0.000001 0.000001 0.000001 0.000001 0.000001 0.000001 0.000001 0.000001 0.000001 0.000001 0.000000 0.000000 0.000000 
50.000000 34.232016 20.914240 11.363545 5.495976 2.374818 0.921531 0.322992 0.102855 0.029929 0.008002 0.001977 0.000455 0.000100 0.000023 0.000007 0.000004 0.000004 0.000004 0.000004 0.000004 0.000004 0.000004 0.000004 0.000004 0.000004 0.000004 0.000004 0.000004 0.000004 0.000004 0.000004 0.000004 0.000004 0.000004 0.000004 0.000004 0.000004 0.000004 0.000004 0.000004 0.000004 0.000004 0.000004 0.000003 0.000003 0.000003 0.000002 0.000001 0.000000 
50.000000 34.232021 20.914250 11.363557 5.495990 2.374833 0.921546 0.323007 0.102871 0.029945 0.008017 0.001992 0.000471 0.000115 0.000038 0.000023 0.000020 0.000019 0.000019 0.000019 0.000019 0.000019 0.000019 0.000019 0.000019 0.000019 0.000019 0.000019 0.000019 0.000019 0.000019 0.000019 0.000019 0.000019 0.000019 0.000019 0.000019 0.000019 0.000019 0.000019 0.000019 0.000019 0.000019 0.000019 0.000018 0.000017 0.000015 0.000012 0.000006 0.000000 
50.000000 34.232046 20.914295 11.363617 5.496059 2.374907 0.921622 0.323084 0.102948 0.030022 0.008094 0.002069 0.000548 0.000192 0.000115 0.000100 0.000097 0.000096 0.000096 0.000096 0.000096 0.000096 0.000096 0.000096 0.000096 0.000096 0.000096 0.000096 0.000096 0.000096 0.000096 0.000096 0.000096 0.000096 0.000096 0.000096 0.000096 0.000096 0.000096 0.000096 0.000096 0.000096 0.000096 0.000095 0.000093 0.000088 0.000077 0.000059 0.000032 0.000000 
50.000000 34.232159 20.914504 11.363894 5.496377 2.375246 0.921971 0.323437 0.103302 0.030377 0.008449 0.002425 0.000903 0.000548 0.000471 0.000455 0.000452 0.000452 0.000451 0.000451 0.000451 0.000451 0.000451 0.000451 0.000451 0.000451 0.000451 0.000451 0.000451 0.000451 0.000451 0.000451 0.000451 0.000451 0.000451 0.000451 0.000451 0.000451 0.000451 0.000451 0.000451 0.000451 0.000450 0.000446 0.000436 0.000412 0.000363 0.000278 0.000153 0.000000 
50.000000 34.232644 20.915396 11.365077 5.497737 2.376699 0.923467 0.324950 0.104821 0.031898 0.009971 0.003946 0.002425 0.002069 0.001992 0.001977 0.001974 0.001973 0.001973 0.001973 0.001973 0.001973 0.001973 0.001973 0.001973 0.001973 0.001973 0.001973 0.001973 0.001973 0.001973 0.001973 0.001973 0.001973 0.001973 0.001973 0.001973 0.001973 0.001973 0.001973 0.001973 0.001971 0.001966 0.001949 0.001906 0.001803 0.001593 0.001222 0.000673 0.000000 
50.000000 34.234561 20.918927 11.369758 5.503118 2.382449 0.929386 0.330938 0.110835 0.037919 0.015995 0.009971 0.008449 0.008094 0.008017 0.008002 0.007999 0.007998 0.007998 0.007998 0.007998 0.007998 0.007998 0.007998 0.007998 0.007998 0.007998 0.007998 0.007998 0.007998 0.007998 0.007998 0.007998 0.007998 0.007998 0.007998 0.007998 0.007998 0.007998 0.007998 0.007996 0.007989 0.007968 0.007904 0.007732 0.007324 0.006480 0.004983 0.002749 0.000000 
50.000000 34.241529 20.931764 11.386781 5.522694 2.403370 0.950928 0.352732 0.132720 0.059835 0.037919 0.031898 0.030377 0.030022 0.029945 0.029929 0.029926 0.029926 0.029925 0.029925 0.029925 0.029925 0.029925 0.029925 0.029925 0.029925 0.029925 0.029925 0.029925 0.029925 0.029925 0.029925 0.029925 0.029925 0.029925 0.029925 0.029925 0.029925 0.029925 0.029923 0.029917 0.029895 0.029818 0.029588 0.028966 0.027475 0.024362 0.018785 0.010390 0.000000 
50.000000 34.264672 20.974408 11.443350 5.587765 2.472930 1.022559 0.425209 0.205505 0.132720 0.110835 0.104821 0.103302 0.102948 0.102871 0.102855 0.102852 0.102852 0.102852 0.102852 0.102852 0.102852 0.102852 0.102852 0.102852 0.102852 0.102852 0.102852 0.102852 0.102852 0.102852 0.102852 0.102852 0.102852 0.102852 0.102852 0.102852 0.102851 0.102850 0.102845 0.102825 0.102752 0.102506 0.101756 0.099706 0.094745 0.084254 0.065213 0.036200 0.000000 
50.000000 34.334442 21.102999 11.613976 5.784091 2.682845 1.238758 0.643976 0.425209 0.352732 0.330938 0.324950 0.323437 0.323084 0.323007 0.322992 0.322989 0.322988 0.322988 0.322988 0.322988 0.322988 0.322988 0.322988 0.322988 0.322988 0.322988 0.322988 0.322988 0.322988 0.322988 0.322988 0.322988 0.322988 0.322988 0.322988 0.322988 0.322987 0.322984 0.322970 0.322913 0.322703 0.321988 0.319789 0.313713 0.298800 0.266753 0.207561 0.115823 0.000000 
50.000000 34.523914 21.452280 12.077560 6.317639 3.253440 1.826513 1.238758 1.022559 0.950928 0.929386 0.923467 0.921971 0.921622 0.921546 0.921531 0.921528 0.921528 0.921528 0.921528 0.921528 0.921528 0.921528 0.921528 0.921528 0.921528 0.921528 0.921528 0.921528 0.921528 0.921528 0.921528 0.921528 0.921528 0.921528 0.921527 0.921527 0.921525 0.921517 0.921482 0.921339 0.920804 0.918969 0.913257 0.897238 0.857211 0.769353 0.603145 0.339234 0.000000 
50.000000 34.983448 22.299561 13.202396 7.612550 4.638531 3.253440 2.682845 2.472930 2.403370 2.382449 2.376699 2.375246 2.374907 2.374833 2.374818 2.374816 2.374815 2.374815 2.374815 2.374815 2.374815 2.374815 2.374815 2.374815 2.374815 2.374815 2.374815 2.374815 2.374815 2.374815 2.374815 2.374815 2.374815 2.374815 2.374815 2.374814 2.374810 2.374793 2.374717 2.374404 2.373224 2.369132 2.356203 2.319266 2.224817 2.011554 1.594434 0.908030 0.000000 
50.000000 35.969362 24.117686 15.616648 10.392452 7.612550 6.317639 5.784091 5.587765 5.522694 5.503118 5.497737 5.496377 5.496059 5.495990 5.495976 5.495974 5.495973 5.495973 5.495973 5.495973 5.495973 5.495973 5.495973 5.495973 5.495973 5.495973 5.495973 5.495973 5.495973 5.495973 5.495973 5.495973 5.495973 5.495973 5.495973 5.495971 5.495965 5.495933 5.495794 5.495218 5.493020 5.485291 5.460428 5.387734 5.196226 4.747030 3.825849 2.224834 0.000000 
50.000000 37.821171 27.533116 20.152817 15.616648 13.202396 12.077560 11.613976 11.443350 11.386781 11.369758 11.365077 11.363894 11.363617 11.363557 11.363545 11.363543 11.363543 11.363543 11.363543 11.363543 11.363543 11.363543 11.363543 11.363543 11.363543 11.363543 11.363543 11.363543 11.363543 11.363543 11.363543 11.363543 11.363543 11.363542 11.363542 11.363540 11.363531 11.363485 11.363278 11.362419 11.359096 11.347224 11.308207 11.190842 10.869618 10.076408 8.334401 5.031352 0.000000 
50.000000 40.833204 33.089101 27.533116 24.117686 22.299561 21.452280 21.102999 20.974408 20.931764 20.918927 20.915396 20.914504 20.914295 20.914250 20.914240 20.914239 20.914238 20.914238 20.914238 20.914238 20.914238 20.914238 20.914238 20.914238 20.914238 20.914238 20.914238 20.914238 20.914238 20.914238 20.914238 20.914238 20.914238 20.914238 20.914238 20.914236 20.914225 20.914174 20.913945 20.912979 20.909195 20.895438 20.849134 20.705128 20.291838 19.198715 16.544550 10.726396 0.000000 
50.000000 45.031109 40.833204 37.821171 35.969362 34.983448 34.523914 34.334442 34.264672 34.241529 34.234561 34.232644 34.232159 34.232046 34.232021 34.232016 34.232015 34.232015 34.232015 34.232015 34.232015 34.232015 34.232015 34.232015 34.232015 34.232015 34.232015 34.232015 34.232015 34.232015 34.232015 34.232015 34.232015 34.232015 34.232015 34.232015 34.232013 34.232006 34.231971 34.231813 34.231139 34.228472 34.218618 34.184680 34.075417 33.744528 32.789819 30.106808 22.515555 0.000000 
50.000000 50.000000 50.000000 50.000000 50.000000 50.000000 50.000000 50.000000 50.000000 50.000000 50.000000 50.000000 50.000000 50.000000 50.000000 50.000000 50.000000 50.000000 50.000000 50.000000 50.000000 50.000000 50.000000 50.000000 50.000000 50.000000 50.000000 50.000000 50.000000 50.000000 50.000000 50.000000 50.000000 50.000000 50.000000 50.000000 50.000000 50.000000 50.000000 50.000000 50.000000 50.000000 50.000000 50.000000 50.000000 50.000000 50.000000 50.000000 50.000000 50.000000 
