50.000000 50.000000 50.000000 50.000000 50.000000 50.000000 50.000000 50.000000 50.000000 50.000000 50.000000 50.000000 50.000000 50.000000 50.000000 50.000000 50.000000 50.000000 50.000000 50.000000 50.000000 50.000000 50.000000 50.000000 50.000000 50.000000 50.000000 50.000000 50.000000 50.000000 50.000000 50.000000 50.000000 50.000000 50.000000 50.000000 50.000000 50.000000 50.000000 50.000000 50.000000 50.000000 50.000000 50.000000 50.000000 50.000000 50.000000 50.000000 50.000000 50.000000 
50.000000 48.254411 46.604416 45.129928 43.883777 42.887239 42.132671 41.591260 41.222814 40.984764 40.838589 40.753185 40.705653 40.680425 40.667639 40.661445 40.658573 40.657297 40.656753 40.656530 40.656443 40.656409 40.656397 40.656393 40.656392 40.656391 40.656391 40.656391 40.656390 40.656388 40.656383 40.656369 40.656330 40.656231 40.655980 40.655370 40.653939 40.650692 40.643560 40.628381 40.597022 40.533947 40.409875 40.169611 39.706991 38.807928 37.005156 33.160950 24.127206 0.000000 
50.000000 46.604416 43.394791 40.526577 38.102543 36.164074 34.696300 33.643164 32.926484 32.463448 32.179123 32.013007 31.920558 31.871488 31.846621 31.834573 31.828987 31.826505 31.825448 31.825015 31.824844 31.824780 31.824756 31.824748 31.824745 31.824744 31.824744 31.824743 31.824742 31.824739 31.824730 31.824704 31.824634 31.824454 31.824001 31.822903 31.820334 31.814520 31.801804 31.774887 31.719682 31.609748 31.396585 30.992536 30.240021 28.854554 26.318469 21.697396 13.443467 0.000000 
50.000000 45.129928 40.526577 36.412912 32.936330 30.156181 28.051129 26.540767 25.512954 24.848913 24.441171 24.202954 24.070382 24.000018 23.964360 23.947085 23.939076 23.935517 23.934001 23.933380 23.933136 23.933044 23.933010 23.932998 23.932994 23.932993 23.932992 23.932992 23.932990 23.932986 23.932974 23.932941 23.932853 23.932624 23.932051 23.930667 23.927439 23.920172 23.904373 23.871195 23.803850 23.671578 23.419879 22.955130 22.121273 20.666818 18.206456 14.208108 8.124772 0.000000 
50.000000 43.883777 38.102543 32.936330 28.570252 25.078840 22.435283 20.538585 19.247895 18.414038 17.902039 17.602921 17.436460 17.348114 17.303344 17.281656 17.271601 17.267134 17.265230 17.264451 17.264144 17.264028 17.263986 17.263971 17.263966 17.263964 17.263964 17.263963 17.263961 17.263957 17.263944 17.263909 17.263815 17.263573 17.262970 17.261518 17.258149 17.250609 17.234339 17.200492 17.132605 17.001307 16.756437 16.316156 15.553674 14.285126 12.269512 9.247989 5.075849 0.000000 
50.000000 42.887239 36.164074 30.156181 25.078840 21.018714 17.944608 15.739049 14.238219 13.268628 12.673304 12.325518 12.131981 12.029268 11.977220 11.952007 11.940318 11.935126 11.932913 11.932007 11.931651 11.931516 11.931467 11.931450 11.931444 11.931442 11.931441 11.931440 11.931439 11.931435 11.931423 11.931390 11.931303 11.931077 11.930518 11.929179 11.926088 11.919218 11.904513 11.874228 11.814233 11.699991 11.491055 11.124553 10.509357 9.525166 8.034908 5.924054 3.180248 0.000000 
50.000000 42.132671 34.696300 28.051129 22.435283 17.944608 14.544578 12.105235 10.445364 9.373058 8.714688 8.330084 8.116067 8.002489 7.944938 7.917060 7.904136 7.898396 7.895949 7.894948 7.894554 7.894405 7.894351 7.894332 7.894325 7.894323 7.894322 7.894322 7.894321 7.894317 7.894307 7.894279 7.894205 7.894016 7.893548 7.892433 7.889874 7.884226 7.872237 7.847791 7.799950 7.710189 7.548961 7.272289 6.820055 6.119127 5.095999 3.703763 1.963060 0.000000 
50.000000 41.591260 33.643164 26.540767 20.538585 15.739049 12.105235 9.498220 7.724298 6.578344 5.874777 5.463784 5.235090 5.113728 5.052234 5.022449 5.008641 5.002507 4.999894 4.998825 4.998404 4.998245 4.998187 4.998166 4.998159 4.998157 4.998156 4.998156 4.998155 4.998152 4.998144 4.998123 4.998066 4.997920 4.997561 4.996710 4.994768 4.990512 4.981551 4.963455 4.928444 4.863643 4.749110 4.556274 4.247994 3.782147 3.120888 2.246579 1.181385 0.000000 
50.000000 41.222814 32.926484 25.512954 19.247895 14.238219 10.445364 7.724298 5.872811 4.676778 3.942484 3.513554 3.274885 3.148235 3.084064 3.052982 3.038574 3.032174 3.029448 3.028332 3.027893 3.027727 3.027666 3.027645 3.027638 3.027635 3.027635 3.027634 3.027633 3.027631 3.027626 3.027610 3.027570 3.027466 3.027211 3.026609 3.025246 3.022275 3.016070 3.003651 2.979876 2.936406 2.860656 2.735175 2.538228 2.246588 1.841376 1.316736 0.688867 0.000000 
50.000000 40.984764 32.463448 24.848913 18.414038 13.268628 9.373058 6.578344 4.676778 3.448418 2.694294 2.253790 2.008688 1.878627 1.812729 1.780813 1.766018 1.759447 1.756647 1.755501 1.755051 1.754880 1.754818 1.754796 1.754789 1.754786 1.754785 1.754785 1.754785 1.754783 1.754779 1.754769 1.754742 1.754673 1.754504 1.754108 1.753214 1.751280 1.747269 1.739307 1.724209 1.696902 1.649900 1.573107 1.454394 1.281434 1.045063 0.743766 0.387742 0.000000 
50.000000 40.838589 32.179123 24.441171 17.902039 12.673304 8.714688 5.874777 3.942484 2.694294 1.928008 1.480408 1.231362 1.099210 1.032256 0.999828 0.984796 0.978120 0.975275 0.974112 0.973654 0.973481 0.973417 0.973395 0.973388 0.973385 0.973384 0.973384 0.973384 0.973383 0.973380 0.973374 0.973357 0.973314 0.973209 0.972965 0.972415 0.971234 0.968799 0.964004 0.954987 0.938833 0.911322 0.866897 0.799076 0.701546 0.569975 0.404236 0.210208 0.000000 
50.000000 40.753185 32.013007 24.202954 17.602921 12.325518 8.330084 5.463784 3.513554 2.253790 1.480408 1.028669 0.777323 0.643953 0.576382 0.543656 0.528487 0.521749 0.518879 0.517704 0.517243 0.517068 0.517004 0.516982 0.516974 0.516971 0.516971 0.516970 0.516970 0.516970 0.516968 0.516964 0.516954 0.516929 0.516868 0.516726 0.516408 0.515728 0.514334 0.511608 0.506521 0.497484 0.482233 0.457848 0.421005 0.368582 0.298582 0.211203 0.109625 0.000000 
50.000000 40.705653 31.920558 24.070382 17.436460 12.131981 8.116067 5.235090 3.274885 2.008688 1.231362 0.777323 0.524700 0.390654 0.322741 0.289849 0.274603 0.267832 0.264947 0.263767 0.263303 0.263127 0.263063 0.263040 0.263033 0.263030 0.263029 0.263029 0.263029 0.263029 0.263028 0.263026 0.263020 0.263006 0.262972 0.262894 0.262720 0.262350 0.261595 0.260128 0.257408 0.252610 0.244578 0.231841 0.212763 0.185851 0.150210 0.106037 0.054961 0.000000 
50.000000 40.680425 31.871488 24.000018 17.348114 12.029268 8.002489 5.113728 3.148235 1.878627 1.099210 0.643953 0.390654 0.256249 0.188155 0.155176 0.139890 0.133101 0.130208 0.129025 0.128560 0.128383 0.128319 0.128297 0.128289 0.128286 0.128286 0.128285 0.128285 0.128285 0.128285 0.128283 0.128281 0.128273 0.128256 0.128215 0.128125 0.127933 0.127545 0.126795 0.125412 0.122989 0.118959 0.112614 0.103180 0.089965 0.072580 0.051155 0.026486 0.000000 
50.000000 40.667639 31.846621 23.964360 17.303344 11.977220 7.944938 5.052234 3.084064 1.812729 1.032256 0.576382 0.322741 0.188155 0.119970 0.086947 0.071640 0.064842 0.061945 0.060760 0.060294 0.060118 0.060054 0.060031 0.060023 0.060021 0.060020 0.060020 0.060020 0.060020 0.060019 0.060019 0.060017 0.060014 0.060005 0.059985 0.059940 0.059846 0.059657 0.059291 0.058621 0.057454 0.055525 0.052505 0.048041 0.041826 0.033694 0.023717 0.012269 0.000000 
50.000000 40.661445 31.834573 23.947085 17.281656 11.952007 7.917060 5.022449 3.052982 1.780813 0.999828 0.543656 0.289849 0.155176 0.086947 0.053902 0.038586 0.031783 0.028885 0.027699 0.027233 0.027056 0.026992 0.026969 0.026962 0.026959 0.026958 0.026958 0.026958 0.026958 0.026958 0.026958 0.026957 0.026955 0.026951 0.026942 0.026921 0.026877 0.026788 0.026618 0.026309 0.025771 0.024888 0.023512 0.021489 0.018686 0.015035 0.010572 0.005465 0.000000 
50.000000 40.658573 31.828987 23.939076 17.271601 11.940318 7.904136 5.008641 3.038574 1.766018 0.984796 0.528487 0.274603 0.139890 0.071640 0.038586 0.023264 0.016460 0.013561 0.012375 0.011908 0.011732 0.011667 0.011645 0.011637 0.011635 0.011634 0.011634 0.011634 0.011634 0.011633 0.011633 0.011633 0.011632 0.011630 0.011626 0.011617 0.011597 0.011558 0.011482 0.011345 0.011109 0.010721 0.010120 0.009241 0.008027 0.006452 0.004533 0.002342 0.000000 
50.000000 40.657297 31.826505 23.935517 17.267134 11.935126 7.898396 5.002507 3.032174 1.759447 0.978120 0.521749 0.267832 0.133101 0.064842 0.031783 0.016460 0.009654 0.006755 0.005569 0.005102 0.004926 0.004861 0.004839 0.004831 0.004829 0.004828 0.004828 0.004827 0.004827 0.004827 0.004827 0.004827 0.004827 0.004826 0.004824 0.004820 0.004812 0.004795 0.004763 0.004705 0.004605 0.004442 0.004190 0.003823 0.003318 0.002665 0.001871 0.000966 0.000000 
50.000000 40.656753 31.825448 23.934001 17.265230 11.932913 7.895949 4.999894 3.029448 1.756647 0.975275 0.518879 0.264947 0.130208 0.061945 0.028885 0.013561 0.006755 0.003856 0.002669 0.002203 0.002026 0.001962 0.001939 0.001932 0.001929 0.001928 0.001928 0.001928 0.001928 0.001928 0.001928 0.001928 0.001928 0.001927 0.001927 0.001925 0.001921 0.001915 0.001901 0.001878 0.001837 0.001771 0.001670 0.001523 0.001321 0.001060 0.000744 0.000384 0.000000 
50.000000 40.656530 31.825015 23.933380 17.264451 11.932007 7.894948 4.998825 3.028332 1.755501 0.974112 0.517704 0.263767 0.129025 0.060760 0.027699 0.012375 0.005569 0.002669 0.001483 0.001017 0.000840 0.000776 0.000753 0.000745 0.000743 0.000742 0.000742 0.000742 0.000742 0.000742 0.000742 0.000742 0.000741 0.000741 0.000741 0.000740 0.000739 0.000736 0.000731 0.000722 0.000706 0.000681 0.000641 0.000584 0.000507 0.000406 0.000285 0.000147 0.000000 
50.000000 40.656443 31.824844 23.933136 17.264144 11.931651 7.894554 4.998404 3.027893 1.755051 0.973654 0.517243 0.263303 0.128560 0.060294 0.027233 0.011908 0.005102 0.002203 0.001017 0.000550 0.000373 0.000309 0.000286 0.000279 0.000276 0.000275 0.000275 0.000275 0.000275 0.000275 0.000275 0.000275 0.000275 0.000275 0.000275 0.000275 0.000274 0.000273 0.000271 0.000268 0.000262 0.000252 0.000237 0.000216 0.000187 0.000150 0.000105 0.000054 0.000000 
50.000000 40.656409 31.824780 23.933044 17.264028 11.931516 7.894405 4.998245 3.027727 1.754880 0.973481 0.517068 0.263127 0.128383 0.060118 0.027056 0.011732 0.004926 0.002026 0.000840 0.000373 0.000197 0.000132 0.000110 0.000102 0.000100 0.000099 0.000099 0.000098 0.000098 0.000098 0.000098 0.000098 0.000098 0.000098 0.000098 0.000098 0.000098 0.000098 0.000097 0.000096 0.000094 0.000090 0.000085 0.000077 0.000067 0.000054 0.000038 0.000019 0.000000 
50.000000 40.656397 31.824756 23.933010 17.263986 11.931467 7.894351 4.998187 3.027666 1.754818 0.973418 0.517004 0.263063 0.128319 0.060054 0.026992 0.011668 0.004862 0.001962 0.000776 0.000309 0.000132 0.000068 0.000045 0.000038 0.000035 0.000034 0.000034 0.000034 0.000034 0.000034 0.000034 0.000034 0.000034 0.000034 0.000034 0.000034 0.000034 0.000034 0.000034 0.000033 0.000032 0.000031 0.000029 0.000027 0.000023 0.000019 0.000013 0.000007 0.000000 
50.000000 40.656393 31.824748 23.932998 17.263971 11.931450 7.894332 4.998167 3.027645 1.754796 0.973396 0.516982 0.263041 0.128297 0.060031 0.026970 0.011645 0.004839 0.001940 0.000753 0.000287 0.000110 0.000046 0.000023 0.000015 0.000013 0.000012 0.000012 0.000012 0.000012 0.000012 0.000012 0.000012 0.000012 0.000012 0.000012 0.000012 0.000012 0.000012 0.000012 0.000011 0.000011 0.000011 0.000010 0.000009 0.000008 0.000006 0.000004 0.000002 0.000000 
50.000000 40.656392 31.824746 23.932995 17.263967 11.931445 7.894326 4.998160 3.027639 1.754790 0.973389 0.516975 0.263034 0.128290 0.060025 0.026963 0.011638 0.004832 0.001933 0.000746 0.000280 0.000103 0.000039 0.000016 0.000008 0.000006 0.000005 0.000005 0.000005 0.000005 0.000005 0.000005 0.000005 0.000005 0.000005 0.000005 0.000005 0.000005 0.000005 0.000005 0.000005 0.000005 0.000004 0.000004 0.000004 0.000003 0.000003 0.000002 0.000001 0.000000 
50.000000 40.656392 31.824746 23.932995 17.263967 11.931445 7.894326 4.998160 3.027639 1.754790 0.973389 0.516975 0.263034 0.128290 0.060025 0.026963 0.011638 0.004832 0.001933 0.000746 0.000280 0.000103 0.000039 0.000016 0.000008 0.000006 0.000005 0.000005 0.000005 0.000005 0.000005 0.000005 0.000005 0.000005 0.000005 0.000005 0.000005 0.000005 0.000005 0.000005 0.000005 0.000005 0.000004 0.000004 0.000004 0.000003 0.000003 0.000002 0.000001 0.000000 
50.000000 40.656393 31.824748 23.932998 17.263971 11.931450 7.894332 4.998167 3.027645 1.754796 0.973396 0.516982 0.263041 0.128297 0.060031 0.026970 0.011645 0.004839 0.001940 0.000753 0.000287 0.000110 0.000046 0.000023 0.000015 0.000013 0.000012 0.000012 0.000012 0.000012 0.000012 0.000012 0.000012 0.000012 0.000012 0.000012 0.000012 0.000012 0.000012 0.000012 0.000011 0.000011 0.000011 0.000010 0.000009 0.000008 0.000006 0.000004 0.000002 0.000000 
50.000000 40.656397 31.824756 23.933010 17.263986 11.931467 7.894351 4.998187 3.027666 1.754818 0.973418 0.517004 0.263063 0.128319 0.060054 0.026992 0.011668 0.004862 0.001962 0.000776 0.000309 0.000132 0.000068 0.000045 0.000038 0.000035 0.000034 0.000034 0.000034 0.000034 0.000034 0.000034 0.000034 0.000034 0.000034 0.000034 0.000034 0.000034 0.000034 0.000034 0.000033 0.000032 0.000031 0.000029 0.000027 0.000023 0.000019 0.000013 0.000007 0.000000 
50.000000 40.656409 31.824780 23.933044 17.264028 11.931516 7.894405 4.998245 3.027727 1.754880 0.973481 0.517068 0.263127 0.128383 0.060118 0.027056 0.011732 0.004926 0.002026 0.000840 0.000373 0.000197 0.000132 0.000110 0.000102 0.000100 0.000099 0.000099 0.000098 0.000098 0.000098 0.000098 0.000098 0.000098 0.000098 0.000098 0.000098 0.000098 0.000098 0.000097 0.000096 0.000094 0.000090 0.000085 0.000077 0.000067 0.000054 0.000038 0.000019 0.000000 
50.000000 40.656443 31.824844 23.933136 17.264144 11.931651 7.894554 4.998404 3.027893 1.755051 0.973654 0.517243 0.263303 0.128560 0.060294 0.027233 0.011908 0.005102 0.002203 0.001017 0.000550 0.000373 0.000309 0.000286 0.000279 0.000276 0.000275 0.000275 0.000275 0.000275 0.000275 0.000275 0.000275 0.000275 0.000275 0.000275 0.000275 0.000274 0.000273 0.000271 0.000268 0.000262 0.000252 0.000237 0.000216 0.000187 0.000150 0.000105 0.000054 0.000000 
50.000000 40.656530 31.825015 23.933380 17.264451 11.932007 7.894948 4.998825 3.028332 1.755501 0.974112 0.517704 0.263767 0.129025 0.060760 0.027699 0.012375 0.005569 0.002669 0.001483 0.001017 0.000840 0.000776 0.000753 0.000745 0.000743 0.000742 0.000742 0.000742 0.000742 0.000742 0.000742 0.000742 0.000741 0.000741 0.000741 0.000740 0.000739 0.000736 0.000731 0.000722 0.000706 0.000681 0.000641 0.000584 0.000507 0.000406 0.000285 0.000147 0.000000 
50.000000 40.656753 31.825448 23.934001 17.265230 11.932913 7.895949 4.999894 3.029448 1.756647 0.975275 0.518879 0.264947 0.130208 0.061945 0.028885 0.013561 0.006755 0.003856 0.002669 0.002203 0.002026 0.001962 0.001939 0.001932 0.001929 0.001928 0.001928 0.001928 0.001928 0.001928 0.001928 0.001928 0.001928 0.001927 0.001927 0.001925 0.001921 0.001915 0.001901 0.001878 0.001837 0.001771 0.001670 0.001523 0.001321 0.001060 0.000744 0.000384 0.000000 
50.000000 40.657297 31.826505 23.935517 17.267134 11.935126 7.898396 5.002507 3.032174 1.759447 0.978120 0.521749 0.267832 0.133101 0.064842 0.031783 0.016460 0.009654 0.006755 0.005569 0.005102 0.004926 0.004861 0.004839 0.004831 0.004829 0.004828 0.004828 0.004827 0.004827 0.004827 0.004827 0.004827 0.004827 0.004826 0.004824 0.004820 0.004812 0.004795 0.004763 0.004705 0.004605 0.004442 0.004190 0.003823 0.003318 0.002665 0.001871 0.000966 0.000000 
50.000000 40.658573 31.828987 23.939076 17.271601 11.940318 7.904136 5.008641 3.038574 1.766018 0.984796 0.528487 0.274603 0.139890 0.071640 0.038586 0.023264 0.016460 0.013561 0.012375 0.011908 0.011732 0.011667 0.011645 0.011637 0.011635 0.011634 0.011634 0.011634 0.011634 0.011633 0.011633 0.011633 0.011632 0.011630 0.011626 0.011617 0.011597 0.011558 0.011482 0.011345 0.011109 0.010721 0.010120 0.009241 0.008027 0.006452 0.004533 0.002342 0.000000 
50.000000 40.661445 31.834573 23.947085 17.281656 11.952007 7.917060 5.022449 3.052982 1.780813 0.999828 0.543656 0.289849 0.155176 0.086947 0.053902 0.038586 0.031783 0.028885 0.027699 0.027233 0.027056 0.026992 0.026969 0.026962 0.026959 0.026958 0.026958 0.026958 0.026958 0.026958 0.026958 0.026957 0.026955 0.026951 0.026942 0.026921 0.026877 0.026788 0.026618 0.026309 0.025771 0.024888 0.023512 0.021489 0.018686 0.015035 0.010572 0.005465 0.000000 
50.000000 40.667639 31.846621 23.964360 17.303344 11.977220 7.944938 5.052234 3.084064 1.812729 1.032256 0.576382 0.322741 0.188155 0.119970 0.086947 0.071640 0.064842 0.061945 0.060760 0.060294 0.060118 0.060054 0.060031 0.060023 0.060021 0.060020 0.060020 0.060020 0.060020 0.060019 0.060019 0.060017 0.060014 0.060005 0.059985 0.059940 0.059846 0.059657 0.059291 0.058621 0.057454 0.055525 0.052505 0.048041 0.041826 0.033694 0.023717 0.012269 0.000000 
50.000000 40.680425 31.871488 24.000018 17.348114 12.029268 8.002489 5.113728 3.148235 1.878627 1.099210 0.643953 0.390654 0.256249 0.188155 0.155176 0.139890 0.133101 0.130208 0.129025 0.128560 0.128383 0.128319 0.128297 0.128289 0.128286 0.128286 0.128285 0.128285 0.128285 0.128285 0.128283 0.128281 0.128273 0.128256 0.128215 0.128125 0.127933 0.127545 0.126795 0.125412 0.122989 0.118959 0.112614 0.103180 0.089965 0.072580 0.051155 0.026486 0.000000 
50.000000 40.705653 31.920558 24.070382 17.436460 12.131981 8.116067 5.235090 3.274885 2.008688 1.231362 0.777323 0.524700 0.390654 0.322741 0.289849 0.274603 0.267832 0.264947 0.263767 0.263303 0.263127 0.263063 0.263040 0.263033 0.263030 0.263029 0.263029 0.263029 0.263029 0.263028 0.263026 0.263020 0.263006 0.262972 0.262894 0.262720 0.262350 0.261595 0.260128 0.257408 0.252610 0.244578 0.231841 0.212763 0.185851 0.150210 0.106037 0.054961 0.000000 
50.000000 40.753185 32.013007 24.202954 17.602921 12.325518 8.330084 5.463784 3.513554 2.253790 1.480408 1.028669 0.777323 0.643953 0.576382 0.543656 0.528487 0.521749 0.518879 0.517704 0.517243 0.517068 0.517004 0.516982 0.516974 0.516971 0.516971 0.516970 0.516970 0.516970 0.516968 0.516964 0.516954 0.516929 0.516868 0.516726 0.516408 0.515728 0.514334 0.511608 0.506521 0.497484 0.482233 0.457848 0.421005 0.368582 0.298582 0.211203 0.109625 0.000000 
50.000000 40.838589 32.179123 24.441171 17.902039 12.673304 8.714688 5.874777 3.942484 2.694294 1.928008 1.480408 1.231362 1.099210 1.032256 0.999828 0.984796 0.978120 0.975275 0.974112 0.973654 0.973481 0.973417 0.973395 0.973388 0.973385 0.973384 0.973384 0.973384 0.973383 0.973380 0.973374 0.973357 0.973314 0.973209 0.972965 0.972415 0.971234 0.968799 0.964004 0.954987 0.938833 0.911322 0.866897 0.799076 0.701546 0.569975 0.404236 0.210208 0.000000 
50.000000 40.984764 32.463448 24.848913 18.414038 13.268628 9.373058 6.578344 4.676778 3.448418 2.694294 2.253790 2.008688 1.878627 1.812729 1.780813 1.766018 1.759447 1.756647 1.755501 1.755051 1.754880 1.754818 1.754796 1.754789 1.754786 1.754785 1.754785 1.754785 1.754783 1.754779 1.754769 1.754742 1.754673 1.754504 1.754108 1.753214 1.751280 1.747269 1.739307 1.724209 1.696902 1.649900 1.573107 1.454394 1.281434 1.045063 0.743766 0.387742 0.000000 
50.000000 41.222814 32.926484 25.512954 19.247895 14.238219 10.445364 7.724298 5.872811 4.676778 3.942484 3.513554 3.274885 3.148235 3.084064 3.052982 3.038574 3.032174 3.029448 3.028332 3.027893 3.027727 3.027666 3.027645 3.027638 3.027635 3.027635 3.027634 3.027633 3.027631 3.027626 3.027610 3.027570 3.027466 3.027211 3.026609 3.025246 3.022275 3.016070 3.003651 2.979876 2.936406 2.860656 2.735175 2.538228 2.246588 1.841376 1.316736 0.688867 0.000000 
50.000000 41.591260 33.643164 26.540767 20.538585 15.739049 12.105235 9.498220 7.724298 6.578344 5.874777 5.463784 5.235090 5.113728 5.052234 5.022449 5.008641 5.002507 4.999894 4.998825 4.998404 4.998245 4.998187 4.998166 4.998159 4.998157 4.998156 4.998156 4.998155 4.998152 4.998144 4.998123 4.998066 4.997920 4.997561 4.996710 4.994768 4.990512 4.981551 4.963455 4.928444 4.863643 4.749110 4.556274 4.247994 3.782147 3.120888 2.246579 1.181385 0.000000 
50.000000 42.132671 34.696300 28.051129 22.435283 17.944608 14.544578 12.105235 10.445364 9.373058 8.714688 8.330084 8.116067 8.002489 7.944938 7.917060 7.904136 7.898396 7.895949 7.894948 7.894554 7.894405 7.894351 7.894332 7.894325 7.894323 7.894322 7.894322 7.894321 7.894317 7.894307 7.894279 7.894205 7.894016 7.893548 7.892433 7.889874 7.884226 7.872237 7.847791 7.799950 7.710189 7.548961 7.272289 6.820055 6.119127 5.095999 3.703763 1.963060 0.000000 
50.000000 42.887239 36.164074 30.156181 25.078840 21.018714 17.944608 15.739049 14.238219 13.268628 12.673304 12.325518 12.131981 12.029268 11.977220 11.952007 11.940318 11.935126 11.932913 11.932007 11.931651 11.931516 11.931467 11.931450 11.931444 11.931442 11.931441 11.931440 11.931439 11.931435 11.931423 11.931390 11.931303 11.931077 11.930518 11.929179 11.926088 11.919218 11.904513 11.874228 11.814233 11.699991 11.491055 11.124553 10.509357 9.525166 8.034908 5.924054 3.180248 0.000000 
50.000000 43.883777 38.102543 32.936330 28.570252 25.078840 22.435283 20.538585 19.247895 18.414038 17.902039 17.602921 17.436460 17.348114 17.303344 17.281656 17.271601 17.267134 17.265230 17.264451 17.264144 17.264028 17.263986 17.263971 17.263966 17.263964 17.263964 17.263963 17.263961 17.263957 17.263944 17.263909 17.263815 17.263573 17.262970 17.261518 17.258149 17.250609 17.234339 17.200492 17.132605 17.001307 16.756437 16.316156 15.553674 14.285126 12.269512 9.247989 5.075849 0.000000 
50.000000 45.129928 40.526577 36.412912 32.936330 30.156181 28.051129 26.540767 25.512954 24.848913 24.441171 24.202954 24.070382 24.000018 23.964360 23.947085 23.939076 23.935517 23.934001 23.933380 23.933136 23.933044 23.933010 23.932998 23.932994 23.932993 23.932992 23.932992 23.932990 23.932986 23.932974 23.932941 23.932853 23.932624 23.932051 23.930667 23.927439 23.920172 23.904373 23.871195 23.803850 23.671578 23.419879 22.955130 22.121273 20.666818 18.206456 14.208108 8.124772 0.000000 
50.000000 46.604416 43.394791 40.526577 38.102543 36.164074 34.696300 33.643164 32.926484 32.463448 32.179123 32.013007 31.920558 31.871488 31.846621 31.834573 31.828987 31.826505 31.825448 31.825015 31.824844 31.824780 31.824756 31.824748 31.824745 31.824744 31.824744 31.824743 31.824742 31.824739 31.824730 31.824704 31.824634 31.824454 31.824001 31.822903 31.820334 31.814520 31.801804 31.774887 31.719682 31.609748 31.396585 30.992536 30.240021 28.854554 26.318469 21.697396 13.443467 0.000000 
50.000000 48.254411 46.604416 45.129928 43.883777 42.887239 42.132671 41.591260 41.222814 40.984764 40.838589 40.753185 40.705653 40.680425 40.667639 40.661445 40.658573 40.657297 40.656753 40.656530 40.656443 40.656409 40.656397 40.656393 40.656392 40.656391 40.656391 40.656391 40.656390 40.656388 40.656383 40.656369 40.656330 40.656231 40.655980 40.655370 40.653939 40.650692 40.643560 40.628381 40.597022 40.533947 40.409875 40.169611 39.706991 38.807928 37.005156 33.160950 24.127206 0.000000 
50.000000 50.000000 50.000000 50.000000 50.000000 50.000000 50.000000 50.000000 50.000000 50.000000 50.000000 50.000000 50.000000 50.000000 50.000000 50.000000 50.000000 50.000000 50.000000 50.000000 50.000000 50.000000 50.000000 50.000000 50.000000 50.000000 50.000000 50.000000 50.000000 50.000000 50.000000 50.000000 50.000000 50.000000 50.000000 50.000000 50.000000 50.000000 50.000000 50.000000 50.000000 50.000000 50.000000 50.000000 50.000000 50.000000 50.000000 50.000000 50.000000 50.000000 
