50.000000 50.000000 50.000000 50.000000 50.000000 50.000000 50.000000 50.000000 50.000000 50.000000 50.000000 50.000000 50.000000 50.000000 50.000000 50.000000 50.000000 50.000000 50.000000 50.000000 50.000000 50.000000 50.000000 50.000000 50.000000 50.000000 50.000000 50.000000 50.000000 50.000000 50.000000 50.000000 50.000000 50.000000 50.000000 50.000000 50.000000 50.000000 50.000000 50.000000 50.000000 50.000000 50.000000 50.000000 50.000000 50.000000 50.000000 50.000000 50.000000 50.000000 
50.000000 46.663494 43.675577 41.275998 39.543235 38.414127 37.747409 37.389048 37.212903 37.133366 37.100230 37.087439 37.082847 37.081308 37.080824 37.080682 37.080642 37.080632 37.080629 37.080629 37.080629 37.080629 37.080629 37.080629 37.080629 37.080629 37.080629 37.080629 37.080629 37.080628 37.080628 37.080628 37.080628 37.080628 37.080626 37.080617 37.080582 37.080460 37.080039 37.078677 37.074495 37.062326 37.028719 36.940315 36.717377 36.172294 34.856427 31.633334 23.331747 0.000000 
50.000000 43.675577 38.011986 33.463704 30.179459 28.039473 26.775919 26.096804 25.763022 25.612318 25.549537 25.525306 25.516607 25.513691 25.512776 25.512506 25.512431 25.512412 25.512407 25.512406 25.512405 25.512405 25.512405 25.512405 25.512405 25.512405 25.512405 25.512405 25.512405 25.512405 25.512405 25.512405 25.512405 25.512404 25.512401 25.512386 25.512330 25.512130 25.511448 25.509252 25.502562 25.483307 25.430942 25.296268 24.968116 24.208361 22.531787 19.005993 12.042243 0.000000 
50.000000 41.275998 33.463704 27.190086 22.660245 19.708841 17.966330 17.029879 16.569666 16.361901 16.275360 16.241962 16.229973 16.225957 16.224696 16.224324 16.224221 16.224194 16.224187 16.224185 16.224185 16.224185 16.224185 16.224185 16.224185 16.224185 16.224185 16.224185 16.224185 16.224185 16.224185 16.224185 16.224185 16.224184 16.224180 16.224164 16.224103 16.223888 16.223161 16.220835 16.213825 16.193923 16.140793 16.007597 15.694482 15.005810 13.595043 10.931917 6.419571 0.000000 
50.000000 39.543235 30.179459 22.660245 17.231353 13.694450 11.606452 10.484450 9.933113 9.684242 9.580592 9.540597 9.526243 9.521435 9.519926 9.519481 9.519357 9.519325 9.519317 9.519315 9.519314 9.519314 9.519314 9.519314 9.519314 9.519314 9.519314 9.519314 9.519314 9.519314 9.519314 9.519314 9.519314 9.519313 9.519310 9.519296 9.519245 9.519063 9.518451 9.516513 9.510737 9.494571 9.452207 9.348557 9.112646 8.615677 7.654435 5.971097 3.370941 0.000000 
50.000000 38.414127 28.039473 19.708841 13.694450 9.776385 7.463572 6.220889 5.610319 5.334743 5.219986 5.175712 5.159824 5.154502 5.152832 5.152340 5.152203 5.152167 5.152158 5.152156 5.152156 5.152156 5.152156 5.152156 5.152156 5.152156 5.152156 5.152156 5.152156 5.152156 5.152156 5.152156 5.152155 5.152155 5.152152 5.152143 5.152106 5.151977 5.151546 5.150192 5.146200 5.135176 5.106776 5.038776 4.888192 4.581805 4.014359 3.071356 1.696750 0.000000 
50.000000 37.747409 26.775919 17.966330 11.606452 7.463572 5.018230 3.704448 3.059003 2.767716 2.646429 2.599640 2.582852 2.577230 2.575466 2.574946 2.574801 2.574763 2.574754 2.574752 2.574751 2.574751 2.574751 2.574751 2.574751 2.574751 2.574751 2.574751 2.574751 2.574751 2.574751 2.574751 2.574751 2.574751 2.574749 2.574743 2.574720 2.574641 2.574378 2.573558 2.571164 2.564635 2.548065 2.509115 2.424797 2.257895 1.958732 1.479651 0.807093 0.000000 
50.000000 37.389048 26.096804 17.029879 10.484450 6.220889 3.704448 2.352547 1.688420 1.388723 1.263944 1.215812 1.198543 1.192760 1.190946 1.190411 1.190263 1.190224 1.190214 1.190212 1.190211 1.190211 1.190211 1.190211 1.190211 1.190211 1.190211 1.190211 1.190211 1.190211 1.190211 1.190211 1.190211 1.190211 1.190210 1.190207 1.190194 1.190151 1.190009 1.189570 1.188299 1.184868 1.176273 1.156383 1.114113 1.032242 0.889085 0.665862 0.360329 0.000000 
50.000000 37.212903 25.763022 16.569666 9.933113 5.610319 3.059003 1.688420 1.015144 0.711332 0.584846 0.536058 0.518555 0.512693 0.510855 0.510313 0.510162 0.510123 0.510113 0.510111 0.510110 0.510110 0.510110 0.510110 0.510110 0.510110 0.510110 0.510110 0.510110 0.510110 0.510110 0.510110 0.510110 0.510110 0.510110 0.510108 0.510102 0.510081 0.510012 0.509801 0.509194 0.507572 0.503552 0.494368 0.475143 0.438542 0.375742 0.279715 0.150577 0.000000 
50.000000 37.133366 25.612318 16.361901 9.684242 5.334743 2.767716 1.388723 0.711332 0.405671 0.278419 0.229337 0.211729 0.205832 0.203983 0.203438 0.203287 0.203247 0.203237 0.203235 0.203234 0.203234 0.203234 0.203234 0.203234 0.203234 0.203234 0.203234 0.203234 0.203234 0.203234 0.203234 0.203234 0.203234 0.203234 0.203233 0.203230 0.203221 0.203191 0.203099 0.202836 0.202138 0.200424 0.196552 0.188544 0.173505 0.148076 0.109756 0.058871 0.000000 
50.000000 37.100230 25.549537 16.275360 9.580592 5.219986 2.646429 1.263944 0.584846 0.278419 0.150849 0.101646 0.083994 0.078083 0.076230 0.075683 0.075532 0.075492 0.075482 0.075480 0.075479 0.075479 0.075479 0.075479 0.075479 0.075479 0.075479 0.075479 0.075479 0.075479 0.075479 0.075479 0.075479 0.075479 0.075479 0.075478 0.075477 0.075474 0.075462 0.075425 0.075320 0.075045 0.074374 0.072871 0.069794 0.064079 0.054524 0.040285 0.021553 0.000000 
50.000000 37.087439 25.525306 16.241962 9.540597 5.175712 2.599640 1.215812 0.536058 0.229337 0.101646 0.052395 0.034727 0.028811 0.026955 0.026409 0.026257 0.026217 0.026207 0.026205 0.026204 0.026204 0.026204 0.026204 0.026204 0.026204 0.026204 0.026204 0.026204 0.026204 0.026204 0.026204 0.026204 0.026204 0.026204 0.026204 0.026203 0.026202 0.026198 0.026184 0.026146 0.026045 0.025803 0.025262 0.024166 0.022146 0.018801 0.013858 0.007400 0.000000 
50.000000 37.082847 25.516607 16.229973 9.526243 5.159824 2.582852 1.198543 0.518555 0.211729 0.083994 0.034727 0.017054 0.011135 0.009279 0.008732 0.008580 0.008540 0.008531 0.008528 0.008528 0.008528 0.008528 0.008528 0.008528 0.008528 0.008528 0.008528 0.008528 0.008528 0.008528 0.008528 0.008528 0.008528 0.008528 0.008527 0.008527 0.008527 0.008525 0.008521 0.008508 0.008474 0.008392 0.008211 0.007847 0.007181 0.006085 0.004477 0.002387 0.000000 
50.000000 37.081308 25.513691 16.225957 9.521435 5.154502 2.577230 1.192760 0.512693 0.205832 0.078083 0.028811 0.011135 0.005216 0.003360 0.002813 0.002661 0.002621 0.002611 0.002609 0.002608 0.002608 0.002608 0.002608 0.002608 0.002608 0.002608 0.002608 0.002608 0.002608 0.002608 0.002608 0.002608 0.002608 0.002608 0.002608 0.002608 0.002608 0.002608 0.002606 0.002602 0.002591 0.002566 0.002509 0.002396 0.002190 0.001853 0.001361 0.000725 0.000000 
50.000000 37.080824 25.512776 16.224696 9.519926 5.152832 2.575466 1.190946 0.510855 0.203983 0.076230 0.026955 0.009279 0.003360 0.001503 0.000956 0.000804 0.000765 0.000755 0.000752 0.000752 0.000752 0.000752 0.000752 0.000752 0.000752 0.000752 0.000752 0.000752 0.000752 0.000752 0.000752 0.000752 0.000752 0.000752 0.000752 0.000752 0.000752 0.000752 0.000751 0.000750 0.000747 0.000739 0.000723 0.000689 0.000630 0.000532 0.000391 0.000208 0.000000 
50.000000 37.080682 25.512506 16.224324 9.519481 5.152340 2.574946 1.190411 0.510313 0.203438 0.075683 0.026409 0.008732 0.002813 0.000956 0.000409 0.000257 0.000218 0.000208 0.000205 0.000205 0.000205 0.000205 0.000205 0.000205 0.000205 0.000205 0.000205 0.000205 0.000205 0.000205 0.000205 0.000205 0.000205 0.000205 0.000205 0.000205 0.000205 0.000205 0.000204 0.000204 0.000203 0.000201 0.000197 0.000187 0.000171 0.000144 0.000106 0.000056 0.000000 
50.000000 37.080642 25.512431 16.224221 9.519357 5.152203 2.574801 1.190263 0.510162 0.203287 0.075532 0.026257 0.008580 0.002661 0.000804 0.000257 0.000106 0.000066 0.000056 0.000053 0.000053 0.000053 0.000053 0.000053 0.000053 0.000053 0.000053 0.000053 0.000053 0.000053 0.000053 0.000053 0.000053 0.000053 0.000053 0.000053 0.000053 0.000053 0.000053 0.000053 0.000053 0.000052 0.000052 0.000051 0.000048 0.000044 0.000037 0.000027 0.000014 0.000000 
50.000000 37.080632 25.512412 16.224194 9.519325 5.152167 2.574763 1.190224 0.510123 0.203247 0.075492 0.026217 0.008540 0.002621 0.000765 0.000218 0.000066 0.000026 0.000016 0.000014 0.000013 0.000013 0.000013 0.000013 0.000013 0.000013 0.000013 0.000013 0.000013 0.000013 0.000013 0.000013 0.000013 0.000013 0.000013 0.000013 0.000013 0.000013 0.000013 0.000013 0.000013 0.000013 0.000013 0.000012 0.000012 0.000011 0.000009 0.000007 0.000004 0.000000 
50.000000 37.080629 25.512407 16.224187 9.519317 5.152158 2.574754 1.190214 0.510113 0.203237 0.075482 0.026207 0.008531 0.002611 0.000755 0.000208 0.000056 0.000016 0.000006 0.000004 0.000003 0.000003 0.000003 0.000003 0.000003 0.000003 0.000003 0.000003 0.000003 0.000003 0.000003 0.000003 0.000003 0.000003 0.000003 0.000003 0.000003 0.000003 0.000003 0.000003 0.000003 0.000003 0.000003 0.000003 0.000003 0.000002 0.000002 0.000002 0.000001 0.000000 
50.000000 37.080629 25.512406 16.224185 9.519315 5.152156 2.574752 1.190212 0.510111 0.203235 0.075480 0.026205 0.008528 0.002609 0.000752 0.000205 0.000053 0.000014 0.000004 0.000001 0.000001 0.000001 0.000001 0.000001 0.000001 0.000001 0.000001 0.000001 0.000001 0.000001 0.000001 0.000001 0.000001 0.000001 0.000001 0.000001 0.000001 0.000001 0.000001 0.000001 0.000001 0.000001 0.000001 0.000001 0.000001 0.000001 0.000000 0.000000 0.000000 0.000000 
50.000000 37.080629 25.512405 16.224185 9.519314 5.152156 2.574751 1.190211 0.510110 0.203234 0.075479 0.026204 0.008528 0.002608 0.000752 0.000205 0.000053 0.000013 0.000003 0.000001 0.000000 0.000000 0.000000 0.000000 0.000000 0.000000 0.000000 0.000000 0.000000 0.000000 0.000000 0.000000 0.000000 0.000000 0.000000 0.000000 0.000000 0.000000 0.000000 0.000000 0.000000 0.000000 0.000000 0.000000 0.000000 0.000000 0.000000 0.000000 0.000000 0.000000 
50.000000 37.080629 25.512405 16.224185 9.519314 5.152156 2.574751 1.190211 0.510110 0.203234 0.075479 0.026204 0.008528 0.002608 0.000752 0.000205 0.000053 0.000013 0.000003 0.000001 0.000000 0.000000 0.000000 0.000000 0.000000 0.000000 0.000000 0.000000 0.000000 0.000000 0.000000 0.000000 0.000000 0.000000 0.000000 0.000000 0.000000 0.000000 0.000000 0.000000 0.000000 0.000000 0.000000 0.000000 0.000000 0.000000 0.000000 0.000000 0.000000 0.000000 
50.000000 37.080629 25.512405 16.224185 9.519314 5.152156 2.574751 1.190211 0.510110 0.203234 0.075479 0.026204 0.008528 0.002608 0.000752 0.000205 0.000053 0.000013 0.000003 0.000001 0.000000 0.000000 0.000000 0.000000 0.000000 0.000000 0.000000 0.000000 0.000000 0.000000 0.000000 0.000000 0.000000 0.000000 0.000000 0.000000 0.000000 0.000000 0.000000 0.000000 0.000000 0.000000 0.000000 0.000000 0.000000 0.000000 0.000000 0.000000 0.000000 0.000000 
50.000000 37.080629 25.512405 16.224185 9.519314 5.152156 2.574751 1.190211 0.510110 0.203234 0.075479 0.026204 0.008528 0.002608 0.000752 0.000205 0.000053 0.000013 0.000003 0.000001 0.000000 0.000000 0.000000 0.000000 0.000000 0.000000 0.000000 0.000000 0.000000 0.000000 0.000000 0.000000 0.000000 0.000000 0.000000 0.000000 0.000000 0.000000 0.000000 0.000000 0.000000 0.000000 0.000000 0.000000 0.000000 0.000000 0.000000 0.000000 0.000000 0.000000 
50.000000 37.080629 25.512405 16.224185 9.519314 5.152156 2.574751 1.190211 0.510110 0.203234 0.075479 0.026204 0.008528 0.002608 0.000752 0.000205 0.000053 0.000013 0.000003 0.000001 0.000000 0.000000 0.000000 0.000000 0.000000 0.000000 0.000000 0.000000 0.000000 0.000000 0.000000 0.000000 0.000000 0.000000 0.000000 0.000000 0.000000 0.000000 0.000000 0.000000 0.000000 0.000000 0.000000 0.000000 0.000000 0.000000 0.000000 0.000000 0.000000 0.000000 
50.000000 37.080629 25.512405 16.224185 9.519314 5.152156 2.574751 1.190211 0.510110 0.203234 0.075479 0.026204 0.008528 0.002608 0.000752 0.000205 0.000053 0.000013 0.000003 0.000001 0.000000 0.000000 0.000000 0.000000 0.000000 0.000000 0.000000 0.000000 0.000000 0.000000 0.000000 0.000000 0.000000 0.000000 0.000000 0.000000 0.000000 0.000000 0.000000 0.000000 0.000000 0.000000 0.000000 0.000000 0.000000 0.000000 0.000000 0.000000 0.000000 0.000000 
50.000000 37.080629 25.512405 16.224185 9.519314 5.152156 2.574751 1.190211 0.510110 0.203234 0.075479 0.026204 0.008528 0.002608 0.000752 0.000205 0.000053 0.000013 0.000003 0.000001 0.000000 0.000000 0.000000 0.000000 0.000000 0.000000 0.000000 0.000000 0.000000 0.000000 0.000000 0.000000 0.000000 0.000000 0.000000 0.000000 0.000000 0.000000 0.000000 0.000000 0.000000 0.000000 0.000000 0.000000 0.000000 0.000000 0.000000 0.000000 0.000000 0.000000 
50.000000 37.080629 25.512405 16.224185 9.519314 5.152156 2.574751 1.190211 0.510110 0.203234 0.075479 0.026204 0.008528 0.002608 0.000752 0.000205 0.000053 0.000013 0.000003 0.000001 0.000000 0.000000 0.000000 0.000000 0.000000 0.000000 0.000000 0.000000 0.000000 0.000000 0.000000 0.000000 0.000000 0.000000 0.000000 0.000000 0.000000 0.000000 0.000000 0.000000 0.000000 0.000000 0.000000 0.000000 0.000000 0.000000 0.000000 0.000000 0.000000 0.000000 
50.000000 37.080629 25.512405 16.224185 9.519314 5.152156 2.574751 1.190211 0.510110 0.203234 0.075479 0.026204 0.008528 0.002608 0.000752 0.000205 0.000053 0.000013 0.000003 0.000001 0.000000 0.000000 0.000000 0.000000 0.000000 0.000000 0.000000 0.000000 0.000000 0.000000 0.000000 0.000000 0.000000 0.000000 0.000000 0.000000 0.000000 0.000000 0.000000 0.000000 0.000000 0.000000 0.000000 0.000000 0.000000 0.000000 0.000000 0.000000 0.000000 0.000000 
50.000000 37.080629 25.512405 16.224185 9.519314 5.152156 2.574751 1.190211 0.510110 0.203234 0.075479 0.026204 0.008528 0.002608 0.000752 0.000205 0.000053 0.000013 0.000003 0.000001 0.000000 0.000000 0.000000 0.000000 0.000000 0.000000 0.000000 0.000000 0.000000 0.000000 0.000000 0.000000 0.000000 0.000000 0.000000 0.000000 0.000000 0.000000 0.000000 0.000000 0.000000 0.000000 0.000000 0.000000 0.000000 0.000000 0.000000 0.000000 0.000000 0.000000 
50.000000 37.080629 25.512406 16.224185 9.519315 5.152156 2.574752 1.190212 0.510111 0.203235 0.075480 0.026205 0.008528 0.002609 0.000752 0.000205 0.000053 0.000014 0.000004 0.000001 0.000001 0.000001 0.000001 0.000001 0.000001 0.000001 0.000001 0.000001 0.000001 0.000001 0.000001 0.000001 0.000001 0.000001 0.000001 0.000001 0.000001 0.000001 0.000001 0.000001 0.000001 0.000001 0.000001 0.000001 0.000001 0.000001 0.000000 0.000000 0.000000 0.000000 
50.000000 37.080629 25.512407 16.224187 9.519317 5.152158 2.574754 1.190214 0.510113 0.203237 0.075482 0.026207 0.008531 0.002611 0.000755 0.000208 0.000056 0.000016 0.000006 0.000004 0.000003 0.000003 0.000003 0.000003 0.000003 0.000003 0.000003 0.000003 0.000003 0.000003 0.000003 0.000003 0.000003 0.000003 0.000003 0.000003 0.000003 0.000003 0.000003 0.000003 0.000003 0.000003 0.000003 0.000003 0.000003 0.000002 0.000002 0.000002 0.000001 0.000000 
50.000000 37.080632 25.512412 16.224194 9.519325 5.152167 2.574763 1.190224 0.510123 0.203247 0.075492 0.026217 0.008540 0.002621 0.000765 0.000218 0.000066 0.000026 0.000016 0.000014 0.000013 0.000013 0.000013 0.000013 0.000013 0.000013 0.000013 0.000013 0.000013 0.000013 0.000013 0.000013 0.000013 0.000013 0.000013 0.000013 0.000013 0.000013 0.000013 0.000013 0.000013 0.000013 0.000013 0.000012 0.000012 0.000011 0.000009 0.000007 0.000004 0.000000 
50.000000 37.080642 25.512431 16.224221 9.519357 5.152203 2.574801 1.190263 0.510162 0.203287 0.075532 0.026257 0.008580 0.002661 0.000804 0.000257 0.000106 0.000066 0.000056 0.000053 0.000053 0.000053 0.000053 0.000053 0.000053 0.000053 0.000053 0.000053 0.000053 0.000053 0.000053 0.000053 0.000053 0.000053 0.000053 0.000053 0.000053 0.000053 0.000053 0.000053 0.000053 0.000052 0.000052 0.000051 0.000048 0.000044 0.000037 0.000027 0.000014 0.000000 
50.000000 37.080682 25.512506 16.224324 9.519481 5.152340 2.574946 1.190411 0.510313 0.203438 0.075683 0.026409 0.008732 0.002813 0.000956 0.000409 0.000257 0.000218 0.000208 0.000205 0.000205 0.000205 0.000205 0.000205 0.000205 0.000205 0.000205 0.000205 0.000205 0.000205 0.000205 0.000205 0.000205 0.000205 0.000205 0.000205 0.000205 0.000205 0.000205 0.000204 0.000204 0.000203 0.000201 0.000197 0.000187 0.000171 0.000144 0.000106 0.000056 0.000000 
50.000000 37.080824 25.512776 16.224696 9.519926 5.152832 2.575466 1.190946 0.510855 0.203983 0.076230 0.026955 0.009279 0.003360 0.001503 0.000956 0.000804 0.000765 0.000755 0.000752 0.000752 0.000752 0.000752 0.000752 0.000752 0.000752 0.000752 0.000752 0.000752 0.000752 0.000752 0.000752 0.000752 0.000752 0.000752 0.000752 0.000752 0.000752 0.000752 0.000751 0.000750 0.000747 0.000739 0.000723 0.000689 0.000630 0.000532 0.000391 0.000208 0.000000 
50.000000 37.081308 25.513691 16.225957 9.521435 5.154502 2.577230 1.192760 0.512693 0.205832 0.078083 0.028811 0.011135 0.005216 0.003360 0.002813 0.002661 0.002621 0.002611 0.002609 0.002608 0.002608 0.002608 0.002608 0.002608 0.002608 0.002608 0.002608 0.002608 0.002608 0.002608 0.002608 0.002608 0.002608 0.002608 0.002608 0.002608 0.002608 0.002608 0.002606 0.002602 0.002591 0.002566 0.002509 0.002396 0.002190 0.001853 0.001361 0.000725 0.000000 
50.000000 37.082847 25.516607 16.229973 9.526243 5.159824 2.582852 1.198543 0.518555 0.211729 0.083994 0.034727 0.017054 0.011135 0.009279 0.008732 0.008580 0.008540 0.008531 0.008528 0.008528 0.008528 0.008528 0.008528 0.008528 0.008528 0.008528 0.008528 0.008528 0.008528 0.008528 0.008528 0.008528 0.008528 0.008528 0.008527 0.008527 0.008527 0.008525 0.008521 0.008508 0.008474 0.008392 0.008211 0.007847 0.007181 0.006085 0.004477 0.002387 0.000000 
50.000000 37.087439 25.525306 16.241962 9.540597 5.175712 2.599640 1.215812 0.536058 0.229337 0.101646 0.052395 0.034727 0.028811 0.026955 0.026409 0.026257 0.026217 0.026207 0.026205 0.026204 0.026204 0.026204 0.026204 0.026204 0.026204 0.026204 0.026204 0.026204 0.026204 0.026204 0.026204 0.026204 0.026204 0.026204 0.026204 0.026203 0.026202 0.026198 0.026184 0.026146 0.026045 0.025803 0.025262 0.024166 0.022146 0.018801 0.013858 0.007400 0.000000 
50.000000 37.100230 25.549537 16.275360 9.580592 5.219986 2.646429 1.263944 0.584846 0.278419 0.150849 0.101646 0.083994 0.078083 0.076230 0.075683 0.075532 0.075492 0.075482 0.075480 0.075479 0.075479 0.075479 0.075479 0.075479 0.075479 0.075479 0.075479 0.075479 0.075479 0.075479 0.075479 0.075479 0.075479 0.075479 0.075478 0.075477 0.075474 0.075462 0.075425 0.075320 0.075045 0.074374 0.072871 0.069794 0.064079 0.054524 0.040285 0.021553 0.000000 
50.000000 37.133366 25.612318 16.361901 9.684242 5.334743 2.767716 1.388723 0.711332 0.405671 0.278419 0.229337 0.211729 0.205832 0.203983 0.203438 0.203287 0.203247 0.203237 0.203235 0.203234 0.203234 0.203234 0.203234 0.203234 0.203234 0.203234 0.203234 0.203234 0.203234 0.203234 0.203234 0.203234 0.203234 0.203234 0.203233 0.203230 0.203221 0.203191 0.203099 0.202836 0.202138 0.200424 0.196552 0.188544 0.173505 0.148076 0.109756 0.058871 0.000000 
50.000000 37.212903 25.763022 16.569666 9.933113 5.610319 3.059003 1.688420 1.015144 0.711332 0.584846 0.536058 0.518555 0.512693 0.510855 0.510313 0.510162 0.510123 0.510113 0.510111 0.510110 0.510110 0.510110 0.510110 0.510110 0.510110 0.510110 0.510110 0.510110 0.510110 0.510110 0.510110 0.510110 0.510110 0.510110 0.510108 0.510102 0.510081 0.510012 0.509801 0.509194 0.507572 0.503552 0.494368 0.475143 0.438542 0.375742 0.279715 0.150577 0.000000 
50.000000 37.389048 26.096804 17.029879 10.484450 6.220889 3.704448 2.352547 1.688420 1.388723 1.263944 1.215812 1.198543 1.192760 1.190946 1.190411 1.190263 1.190224 1.190214 1.190212 1.190211 1.190211 1.190211 1.190211 1.190211 1.190211 1.190211 1.190211 1.190211 1.190211 1.190211 1.190211 1.190211 1.190211 1.190210 1.190207 1.190194 1.190151 1.190009 1.189570 1.188299 1.184868 1.176273 1.156383 1.114113 1.032242 0.889085 0.665862 0.360329 0.000000 
50.000000 37.747409 26.775919 17.966330 11.606452 7.463572 5.018230 3.704448 3.059003 2.767716 2.646429 2.599640 2.582852 2.577230 2.575466 2.574946 2.574801 2.574763 2.574754 2.574752 2.574751 2.574751 2.574751 2.574751 2.574751 2.574751 2.574751 2.574751 2.574751 2.574751 2.574751 2.574751 2.574751 2.574751 2.574749 2.574743 2.574720 2.574641 2.574378 2.573558 2.571164 2.564635 2.548065 2.509115 2.424797 2.257895 1.958732 1.479651 0.807093 0.000000 
50.000000 38.414127 28.039473 19.708841 13.694450 9.776385 7.463572 6.220889 5.610319 5.334743 5.219986 5.175712 5.159824 5.154502 5.152832 5.152340 5.152203 5.152167 5.152158 5.152156 5.152156 5.152156 5.152156 5.152156 5.152156 5.152156 5.152156 5.152156 5.152156 5.152156 5.152156 5.152156 5.152155 5.152155 5.152152 5.152143 5.152106 5.151977 5.151546 5.150192 5.146200 5.135176 5.106776 5.038776 4.888192 4.581805 4.014359 3.071356 1.696750 0.000000 
50.000000 39.543235 30.179459 22.660245 17.231353 13.694450 11.606452 10.484450 9.933113 9.684242 9.580592 9.540597 9.526243 9.521435 9.519926 9.519481 9.519357 9.519325 9.519317 9.519315 9.519314 9.519314 9.519314 9.519314 9.519314 9.519314 9.519314 9.519314 9.519314 9.519314 9.519314 9.519314 9.519314 9.519313 9.519310 9.519296 9.519245 9.519063 9.518451 9.516513 9.510737 9.494571 9.452207 9.348557 9.112646 8.615677 7.654435 5.971097 3.370941 0.000000 
50.000000 41.275998 33.463704 27.190086 22.660245 19.708841 17.966330 17.029879 16.569666 16.361901 16.275360 16.241962 16.229973 16.225957 16.224696 16.224324 16.224221 16.224194 16.224187 16.224185 16.224185 16.224185 16.224185 16.224185 16.224185 16.224185 16.224185 16.224185 16.224185 16.224185 16.224185 16.224185 16.224185 16.224184 16.224180 16.224164 16.224103 16.223888 16.223161 16.220835 16.213825 16.193923 16.140793 16.007597 15.694482 15.005810 13.595043 10.931917 6.419571 0.000000 
50.000000 43.675577 38.011986 33.463704 30.179459 28.039473 26.775919 26.096804 25.763022 25.612318 25.549537 25.525306 25.516607 25.513691 25.512776 25.512506 25.512431 25.512412 25.512407 25.512406 25.512405 25.512405 25.512405 25.512405 25.512405 25.512405 25.512405 25.512405 25.512405 25.512405 25.512405 25.512405 25.512405 25.512404 25.512401 25.512386 25.512330 25.512130 25.511448 25.509252 25.502562 25.483307 25.430942 25.296268 24.968116 24.208361 22.531787 19.005993 12.042243 0.000000 
50.000000 46.663494 43.675577 41.275998 39.543235 38.414127 37.747409 37.389048 37.212903 37.133366 37.100230 37.087439 37.082847 37.081308 37.080824 37.080682 37.080642 37.080632 37.080629 37.080629 37.080629 37.080629 37.080629 37.080629 37.080629 37.080629 37.080629 37.080629 37.080629 37.080628 37.080628 37.080628 37.080628 37.080628 37.080626 37.080617 37.080582 37.080460 37.080039 37.078677 37.074495 37.062326 37.028719 36.940315 36.717377 36.172294 34.856427 31.633334 23.331747 0.000000 
50.000000 50.000000 50.000000 50.000000 50.000000 50.000000 50.000000 50.000000 50.000000 50.000000 50.000000 50.000000 50.000000 50.000000 50.000000 50.000000 50.000000 50.000000 50.000000 50.000000 50.000000 50.000000 50.000000 50.000000 50.000000 50.000000 50.000000 50.000000 50.000000 50.000000 50.000000 50.000000 50.000000 50.000000 50.000000 50.000000 50.000000 50.000000 50.000000 50.000000 50.000000 50.000000 50.000000 50.000000 50.000000 50.000000 50.000000 50.000000 50.000000 50.000000 
