50.000000 50.000000 50.000000 50.000000 50.000000 50.000000 50.000000 50.000000 50.000000 50.000000 50.000000 50.000000 50.000000 50.000000 50.000000 50.000000 50.000000 50.000000 50.000000 50.000000 50.000000 50.000000 50.000000 50.000000 50.000000 50.000000 50.000000 50.000000 50.000000 50.000000 50.000000 50.000000 50.000000 50.000000 50.000000 50.000000 50.000000 50.000000 50.000000 50.000000 50.000000 50.000000 50.000000 50.000000 50.000000 50.000000 50.000000 50.000000 50.000000 50.000000 
50.000000 48.284507 46.661343 45.207950 43.975996 42.986967 42.234479 41.691487 41.319556 41.077498 40.927665 40.839359 40.789751 40.763157 40.749537 40.742865 40.739736 40.738329 40.737722 40.737470 40.737370 40.737331 40.737317 40.737312 40.737310 40.737309 40.737309 40.737309 40.737308 40.737306 40.737300 40.737284 40.737240 40.737129 40.736852 40.736186 40.734640 40.731167 40.723612 40.707676 40.675029 40.609865 40.482570 40.237589 39.768413 38.860714 37.047167 33.190229 24.142253 0.000000 
50.000000 46.661343 43.502379 40.673831 38.276251 36.351454 34.887013 33.830290 33.106478 32.635416 32.343835 32.171989 32.075453 32.023702 31.997199 31.984217 31.978128 31.975390 31.974209 31.973719 31.973524 31.973449 31.973421 31.973411 31.973408 31.973407 31.973406 31.973406 31.973404 31.973401 31.973390 31.973360 31.973281 31.973079 31.972578 31.971378 31.968597 31.962369 31.948875 31.920569 31.862997 31.749225 31.530143 31.117428 30.352868 28.951537 26.395653 21.751190 13.471114 0.000000 
50.000000 45.207950 40.673831 36.613985 33.172738 30.410104 28.308239 26.791582 25.752752 25.076686 24.658219 24.411599 24.273059 24.198794 24.160762 24.142132 24.133395 24.129467 24.127772 24.127069 24.126789 24.126682 24.126642 24.126628 24.126623 24.126621 24.126620 24.126620 24.126618 24.126613 24.126599 24.126561 24.126461 24.126204 24.125568 24.124050 24.120547 24.112740 24.095930 24.060944 23.990516 23.853246 23.593839 23.117803 22.268260 20.793142 18.306992 14.278178 8.160784 0.000000 
50.000000 43.975996 38.276251 33.172738 28.846890 25.374144 22.732053 20.825618 19.519837 18.670063 18.144089 17.834119 17.659998 17.566663 17.518865 17.495454 17.484474 17.479537 17.477408 17.476525 17.476173 17.476038 17.475988 17.475970 17.475964 17.475962 17.475961 17.475960 17.475958 17.475953 17.475938 17.475898 17.475791 17.475519 17.474847 17.473248 17.469578 17.461447 17.444071 17.408245 17.336984 17.200215 16.946909 16.494270 15.714617 14.423445 12.379596 9.324715 5.115282 0.000000 
50.000000 42.986967 36.351454 30.410104 25.374144 21.331384 18.255679 16.036409 14.516396 13.527230 12.914996 12.554203 12.351540 12.242909 12.187281 12.160035 12.147257 12.141513 12.139035 12.138007 12.137598 12.137441 12.137383 12.137362 12.137355 12.137353 12.137352 12.137351 12.137349 12.137344 12.137330 12.137292 12.137192 12.136937 12.136312 12.134830 12.131448 12.124004 12.108225 12.076018 12.012749 11.893195 11.676067 11.297565 10.665692 9.659527 8.141844 5.998585 3.218554 0.000000 
50.000000 42.234479 34.887013 28.308239 22.732053 18.255679 14.850144 12.392940 10.710003 9.614843 8.937026 8.537597 8.313241 8.192986 8.131407 8.101249 8.087105 8.080748 8.078005 8.076868 8.076415 8.076241 8.076177 8.076154 8.076146 8.076143 8.076142 8.076141 8.076140 8.076136 8.076124 8.076091 8.076006 8.075791 8.075265 8.074024 8.071208 8.065054 8.052118 8.025976 7.975246 7.880797 7.712337 7.425072 6.958113 6.237783 5.190437 3.769585 1.996890 0.000000 
50.000000 41.691487 33.830290 26.791582 20.825618 16.036409 12.392940 9.764112 7.963672 6.792078 6.066976 5.639696 5.399704 5.271073 5.205208 5.172951 5.157824 5.151025 5.148091 5.146876 5.146391 5.146205 5.146137 5.146112 5.146104 5.146101 5.146100 5.146099 5.146098 5.146095 5.146085 5.146060 5.145994 5.145827 5.145421 5.144468 5.142317 5.137650 5.127919 5.108445 5.071084 5.002470 4.882056 4.680602 4.360342 3.878709 3.197743 2.300147 1.208917 0.000000 
50.000000 41.319556 33.106478 25.752752 19.519837 14.516396 10.710003 7.963672 6.082794 4.858887 4.101426 3.655091 3.404403 3.270044 3.201248 3.167557 3.151759 3.144657 3.141594 3.140324 3.139818 3.139624 3.139553 3.139527 3.139518 3.139515 3.139514 3.139514 3.139513 3.139510 3.139503 3.139485 3.139438 3.139318 3.139027 3.138349 3.136827 3.133547 3.126759 3.113300 3.087749 3.041397 2.961202 2.829206 2.623201 2.319622 1.899506 1.357253 0.709692 0.000000 
50.000000 41.077498 32.635416 25.076686 18.670063 13.527230 9.614843 6.792078 4.858887 3.600962 2.822464 2.363743 2.106106 1.968025 1.897325 1.862703 1.846469 1.839171 1.836023 1.834719 1.834199 1.834000 1.833926 1.833900 1.833891 1.833888 1.833887 1.833886 1.833886 1.833884 1.833879 1.833867 1.833835 1.833755 1.833561 1.833110 1.832105 1.829952 1.825530 1.816833 1.800481 1.771138 1.720994 1.639597 1.514481 1.333080 1.086171 0.772419 0.402469 0.000000 
50.000000 40.927665 32.343835 24.658219 18.144089 12.914996 8.937026 6.066976 4.101426 2.822464 2.030960 1.564583 1.302651 1.162271 1.090396 1.055199 1.038695 1.031277 1.028077 1.026751 1.026222 1.026020 1.025945 1.025918 1.025909 1.025906 1.025905 1.025904 1.025904 1.025903 1.025900 1.025892 1.025872 1.025821 1.025700 1.025419 1.024797 1.023470 1.020763 1.015480 1.005631 0.988126 0.958531 0.911049 0.838978 0.735844 0.597275 0.423265 0.219988 0.000000 
50.000000 40.839359 32.171989 24.411599 17.834119 12.554203 8.537597 5.639696 3.655091 2.363743 1.564583 1.093702 0.829242 0.687510 0.614944 0.579409 0.562747 0.555258 0.552028 0.550689 0.550156 0.549951 0.549875 0.549848 0.549839 0.549836 0.549835 0.549835 0.549834 0.549834 0.549832 0.549827 0.549815 0.549785 0.549714 0.549549 0.549185 0.548414 0.546851 0.543820 0.538213 0.528331 0.511777 0.485479 0.445978 0.390048 0.315669 0.223114 0.115747 0.000000 
50.000000 40.789751 32.075453 24.273059 17.659998 12.351540 8.313241 5.399704 3.404403 2.106106 1.302651 0.829242 0.563366 0.420876 0.347923 0.312199 0.295448 0.287919 0.284672 0.283326 0.282790 0.282584 0.282508 0.282481 0.282472 0.282469 0.282467 0.282467 0.282467 0.282467 0.282466 0.282463 0.282456 0.282440 0.282400 0.282308 0.282107 0.281683 0.280828 0.279181 0.276153 0.270857 0.262054 0.248186 0.227536 0.198551 0.160319 0.113084 0.058583 0.000000 
50.000000 40.763157 32.023702 24.198794 17.566663 12.242909 8.192986 5.271073 3.270044 1.968025 1.162271 0.687510 0.420876 0.277981 0.204821 0.168995 0.152197 0.144647 0.141391 0.140041 0.139504 0.139297 0.139221 0.139194 0.139184 0.139181 0.139180 0.139180 0.139180 0.139180 0.139179 0.139178 0.139174 0.139165 0.139144 0.139096 0.138991 0.138769 0.138325 0.137474 0.135920 0.133217 0.128755 0.121777 0.111461 0.097084 0.078247 0.055105 0.028516 0.000000 
50.000000 40.749537 31.997199 24.160762 17.518865 12.187281 8.131407 5.205208 3.201248 1.897325 1.090396 0.614944 0.347923 0.204821 0.131554 0.095677 0.078855 0.071294 0.068033 0.066682 0.066143 0.065937 0.065860 0.065833 0.065824 0.065821 0.065820 0.065819 0.065819 0.065819 0.065819 0.065818 0.065816 0.065812 0.065801 0.065777 0.065725 0.065615 0.065395 0.064976 0.064215 0.062899 0.060740 0.057383 0.052450 0.045617 0.036711 0.025821 0.013351 0.000000 
50.000000 40.742865 31.984217 24.142132 17.495454 12.160035 8.101249 5.172951 3.167557 1.862703 1.055199 0.579409 0.312199 0.168995 0.095677 0.059775 0.042941 0.035375 0.032112 0.030759 0.030220 0.030014 0.029937 0.029910 0.029901 0.029898 0.029897 0.029896 0.029896 0.029896 0.029896 0.029896 0.029895 0.029893 0.029887 0.029876 0.029851 0.029799 0.029695 0.029499 0.029143 0.028530 0.027530 0.025984 0.023723 0.020607 0.016564 0.011638 0.006013 0.000000 
50.000000 40.739736 31.978128 24.133395 17.484474 12.147257 8.087105 5.157824 3.151759 1.846469 1.038695 0.562747 0.295448 0.152197 0.078855 0.042941 0.026102 0.018533 0.015269 0.013916 0.013377 0.013170 0.013094 0.013067 0.013057 0.013054 0.013053 0.013053 0.013053 0.013053 0.013052 0.013052 0.013052 0.013051 0.013049 0.013043 0.013032 0.013008 0.012962 0.012873 0.012714 0.012441 0.011997 0.011314 0.010320 0.008955 0.007191 0.005049 0.002607 0.000000 
50.000000 40.738329 31.975390 24.129467 17.479537 12.141513 8.080748 5.151025 3.144657 1.839171 1.031277 0.555258 0.287919 0.144647 0.071294 0.035375 0.018533 0.010964 0.007699 0.006346 0.005807 0.005600 0.005523 0.005496 0.005487 0.005484 0.005483 0.005482 0.005482 0.005482 0.005482 0.005482 0.005482 0.005481 0.005480 0.005478 0.005473 0.005463 0.005443 0.005405 0.005336 0.005220 0.005031 0.004741 0.004321 0.003746 0.003006 0.002109 0.001088 0.000000 
50.000000 40.737722 31.974209 24.127772 17.477408 12.139035 8.078005 5.148091 3.141594 1.836023 1.028077 0.552028 0.284672 0.141391 0.068033 0.032112 0.015269 0.007699 0.004433 0.003080 0.002541 0.002334 0.002258 0.002231 0.002221 0.002218 0.002217 0.002217 0.002217 0.002217 0.002217 0.002217 0.002217 0.002216 0.002216 0.002215 0.002213 0.002209 0.002200 0.002185 0.002157 0.002109 0.002031 0.001913 0.001743 0.001510 0.001210 0.000849 0.000438 0.000000 
50.000000 40.737470 31.973719 24.127069 17.476525 12.138007 8.076868 5.146876 3.140324 1.834719 1.026751 0.550689 0.283326 0.140041 0.066682 0.030759 0.013916 0.006346 0.003080 0.001727 0.001188 0.000981 0.000905 0.000878 0.000868 0.000865 0.000864 0.000864 0.000864 0.000864 0.000864 0.000864 0.000864 0.000864 0.000863 0.000863 0.000862 0.000860 0.000857 0.000851 0.000840 0.000821 0.000790 0.000744 0.000677 0.000586 0.000470 0.000329 0.000170 0.000000 
50.000000 40.737370 31.973524 24.126789 17.476173 12.137598 8.076415 5.146391 3.139818 1.834199 1.026222 0.550156 0.282790 0.139504 0.066143 0.030220 0.013377 0.005807 0.002541 0.001188 0.000649 0.000442 0.000366 0.000338 0.000329 0.000326 0.000325 0.000325 0.000325 0.000325 0.000325 0.000325 0.000324 0.000324 0.000324 0.000324 0.000324 0.000323 0.000322 0.000320 0.000315 0.000308 0.000297 0.000279 0.000254 0.000220 0.000176 0.000123 0.000064 0.000000 
50.000000 40.737331 31.973449 24.126682 17.476038 12.137441 8.076241 5.146205 3.139624 1.834000 1.026020 0.549951 0.282584 0.139297 0.065937 0.030014 0.013170 0.005600 0.002334 0.000981 0.000442 0.000235 0.000159 0.000132 0.000122 0.000119 0.000118 0.000118 0.000118 0.000118 0.000118 0.000118 0.000118 0.000118 0.000118 0.000118 0.000117 0.000117 0.000117 0.000116 0.000114 0.000112 0.000108 0.000101 0.000092 0.000080 0.000064 0.000045 0.000023 0.000000 
50.000000 40.737317 31.973421 24.126642 17.475988 12.137383 8.076177 5.146137 3.139553 1.833926 1.025945 0.549875 0.282508 0.139221 0.065860 0.029937 0.013094 0.005523 0.002258 0.000905 0.000366 0.000159 0.000083 0.000055 0.000046 0.000043 0.000042 0.000041 0.000041 0.000041 0.000041 0.000041 0.000041 0.000041 0.000041 0.000041 0.000041 0.000041 0.000041 0.000041 0.000040 0.000039 0.000038 0.000035 0.000032 0.000028 0.000022 0.000016 0.000008 0.000000 
50.000000 40.737312 31.973412 24.126628 17.475971 12.137363 8.076154 5.146113 3.139527 1.833900 1.025919 0.549849 0.282481 0.139194 0.065834 0.029910 0.013067 0.005496 0.002231 0.000878 0.000339 0.000132 0.000056 0.000028 0.000019 0.000016 0.000015 0.000015 0.000014 0.000014 0.000014 0.000014 0.000014 0.000014 0.000014 0.000014 0.000014 0.000014 0.000014 0.000014 0.000014 0.000014 0.000013 0.000012 0.000011 0.000010 0.000008 0.000005 0.000003 0.000000 
50.000000 40.737310 31.973409 24.126624 17.475965 12.137356 8.076147 5.146105 3.139520 1.833892 1.025910 0.549840 0.282473 0.139186 0.065825 0.029902 0.013059 0.005488 0.002223 0.000870 0.000331 0.000124 0.000047 0.000020 0.000011 0.000007 0.000006 0.000006 0.000006 0.000006 0.000006 0.000006 0.000006 0.000006 0.000006 0.000006 0.000006 0.000006 0.000006 0.000006 0.000006 0.000006 0.000005 0.000005 0.000005 0.000004 0.000003 0.000002 0.000001 0.000000 
50.000000 40.737310 31.973409 24.126624 17.475965 12.137356 8.076147 5.146105 3.139520 1.833892 1.025910 0.549840 0.282473 0.139186 0.065825 0.029902 0.013059 0.005488 0.002223 0.000870 0.000331 0.000124 0.000047 0.000020 0.000011 0.000007 0.000006 0.000006 0.000006 0.000006 0.000006 0.000006 0.000006 0.000006 0.000006 0.000006 0.000006 0.000006 0.000006 0.000006 0.000006 0.000006 0.000005 0.000005 0.000005 0.000004 0.000003 0.000002 0.000001 0.000000 
50.000000 40.737312 31.973412 24.126628 17.475971 12.137363 8.076154 5.146113 3.139527 1.833900 1.025919 0.549849 0.282481 0.139194 0.065834 0.029910 0.013067 0.005496 0.002231 0.000878 0.000339 0.000132 0.000056 0.000028 0.000019 0.000016 0.000015 0.000015 0.000014 0.000014 0.000014 0.000014 0.000014 0.000014 0.000014 0.000014 0.000014 0.000014 0.000014 0.000014 0.000014 0.000014 0.000013 0.000012 0.000011 0.000010 0.000008 0.000005 0.000003 0.000000 
50.000000 40.737317 31.973421 24.126642 17.475988 12.137383 8.076177 5.146137 3.139553 1.833926 1.025945 0.549875 0.282508 0.139221 0.065860 0.029937 0.013094 0.005523 0.002258 0.000905 0.000366 0.000159 0.000083 0.000055 0.000046 0.000043 0.000042 0.000041 0.000041 0.000041 0.000041 0.000041 0.000041 0.000041 0.000041 0.000041 0.000041 0.000041 0.000041 0.000041 0.000040 0.000039 0.000038 0.000035 0.000032 0.000028 0.000022 0.000016 0.000008 0.000000 
50.000000 40.737331 31.973449 24.126682 17.476038 12.137441 8.076241 5.146205 3.139624 1.834000 1.026020 0.549951 0.282584 0.139297 0.065937 0.030014 0.013170 0.005600 0.002334 0.000981 0.000442 0.000235 0.000159 0.000132 0.000122 0.000119 0.000118 0.000118 0.000118 0.000118 0.000118 0.000118 0.000118 0.000118 0.000118 0.000118 0.000117 0.000117 0.000117 0.000116 0.000114 0.000112 0.000108 0.000101 0.000092 0.000080 0.000064 0.000045 0.000023 0.000000 
50.000000 40.737370 31.973524 24.126789 17.476173 12.137598 8.076415 5.146391 3.139818 1.834199 1.026222 0.550156 0.282790 0.139504 0.066143 0.030220 0.013377 0.005807 0.002541 0.001188 0.000649 0.000442 0.000366 0.000338 0.000329 0.000326 0.000325 0.000325 0.000325 0.000325 0.000325 0.000325 0.000324 0.000324 0.000324 0.000324 0.000324 0.000323 0.000322 0.000320 0.000315 0.000308 0.000297 0.000279 0.000254 0.000220 0.000176 0.000123 0.000064 0.000000 
50.000000 40.737470 31.973719 24.127069 17.476525 12.138007 8.076868 5.146876 3.140324 1.834719 1.026751 0.550689 0.283326 0.140041 0.066682 0.030759 0.013916 0.006346 0.003080 0.001727 0.001188 0.000981 0.000905 0.000878 0.000868 0.000865 0.000864 0.000864 0.000864 0.000864 0.000864 0.000864 0.000864 0.000864 0.000863 0.000863 0.000862 0.000860 0.000857 0.000851 0.000840 0.000821 0.000790 0.000744 0.000677 0.000586 0.000470 0.000329 0.000170 0.000000 
50.000000 40.737722 31.974209 24.127772 17.477408 12.139035 8.078005 5.148091 3.141594 1.836023 1.028077 0.552028 0.284672 0.141391 0.068033 0.032112 0.015269 0.007699 0.004433 0.003080 0.002541 0.002334 0.002258 0.002231 0.002221 0.002218 0.002217 0.002217 0.002217 0.002217 0.002217 0.002217 0.002217 0.002216 0.002216 0.002215 0.002213 0.002209 0.002200 0.002185 0.002157 0.002109 0.002031 0.001913 0.001743 0.001510 0.001210 0.000849 0.000438 0.000000 
50.000000 40.738329 31.975390 24.129467 17.479537 12.141513 8.080748 5.151025 3.144657 1.839171 1.031277 0.555258 0.287919 0.144647 0.071294 0.035375 0.018533 0.010964 0.007699 0.006346 0.005807 0.005600 0.005523 0.005496 0.005487 0.005484 0.005483 0.005482 0.005482 0.005482 0.005482 0.005482 0.005482 0.005481 0.005480 0.005478 0.005473 0.005463 0.005443 0.005405 0.005336 0.005220 0.005031 0.004741 0.004321 0.003746 0.003006 0.002109 0.001088 0.000000 
50.000000 40.739736 31.978128 24.133395 17.484474 12.147257 8.087105 5.157824 3.151759 1.846469 1.038695 0.562747 0.295448 0.152197 0.078855 0.042941 0.026102 0.018533 0.015269 0.013916 0.013377 0.013170 0.013094 0.013067 0.013057 0.013054 0.013053 0.013053 0.013053 0.013053 0.013052 0.013052 0.013052 0.013051 0.013049 0.013043 0.013032 0.013008 0.012962 0.012873 0.012714 0.012441 0.011997 0.011314 0.010320 0.008955 0.007191 0.005049 0.002607 0.000000 
50.000000 40.742865 31.984217 24.142132 17.495454 12.160035 8.101249 5.172951 3.167557 1.862703 1.055199 0.579409 0.312199 0.168995 0.095677 0.059775 0.042941 0.035375 0.032112 0.030759 0.030220 0.030014 0.029937 0.029910 0.029901 0.029898 0.029897 0.029896 0.029896 0.029896 0.029896 0.029896 0.029895 0.029893 0.029887 0.029876 0.029851 0.029799 0.029695 0.029499 0.029143 0.028530 0.027530 0.025984 0.023723 0.020607 0.016564 0.011638 0.006013 0.000000 
50.000000 40.749537 31.997199 24.160762 17.518865 12.187281 8.131407 5.205208 3.201248 1.897325 1.090396 0.614944 0.347923 0.204821 0.131554 0.095677 0.078855 0.071294 0.068033 0.066682 0.066143 0.065937 0.065860 0.065833 0.065824 0.065821 0.065820 0.065819 0.065819 0.065819 0.065819 0.065818 0.065816 0.065812 0.065801 0.065777 0.065725 0.065615 0.065395 0.064976 0.064215 0.062899 0.060740 0.057383 0.052450 0.045617 0.036711 0.025821 0.013351 0.000000 
50.000000 40.763157 32.023702 24.198794 17.566663 12.242909 8.192986 5.271073 3.270044 1.968025 1.162271 0.687510 0.420876 0.277981 0.204821 0.168995 0.152197 0.144647 0.141391 0.140041 0.139504 0.139297 0.139221 0.139194 0.139184 0.139181 0.139180 0.139180 0.139180 0.139180 0.139179 0.139178 0.139174 0.139165 0.139144 0.139096 0.138991 0.138769 0.138325 0.137474 0.135920 0.133217 0.128755 0.121777 0.111461 0.097084 0.078247 0.055105 0.028516 0.000000 
50.000000 40.789751 32.075453 24.273059 17.659998 12.351540 8.313241 5.399704 3.404403 2.106106 1.302651 0.829242 0.563366 0.420876 0.347923 0.312199 0.295448 0.287919 0.284672 0.283326 0.282790 0.282584 0.282508 0.282481 0.282472 0.282469 0.282467 0.282467 0.282467 0.282467 0.282466 0.282463 0.282456 0.282440 0.282400 0.282308 0.282107 0.281683 0.280828 0.279181 0.276153 0.270857 0.262054 0.248186 0.227536 0.198551 0.160319 0.113084 0.058583 0.000000 
50.000000 40.839359 32.171989 24.411599 17.834119 12.554203 8.537597 5.639696 3.655091 2.363743 1.564583 1.093702 0.829242 0.687510 0.614944 0.579409 0.562747 0.555258 0.552028 0.550689 0.550156 0.549951 0.549875 0.549848 0.549839 0.549836 0.549835 0.549835 0.549834 0.549834 0.549832 0.549827 0.549815 0.549785 0.549714 0.549549 0.549185 0.548414 0.546851 0.543820 0.538213 0.528331 0.511777 0.485479 0.445978 0.390048 0.315669 0.223114 0.115747 0.000000 
50.000000 40.927665 32.343835 24.658219 18.144089 12.914996 8.937026 6.066976 4.101426 2.822464 2.030960 1.564583 1.302651 1.162271 1.090396 1.055199 1.038695 1.031277 1.028077 1.026751 1.026222 1.026020 1.025945 1.025918 1.025909 1.025906 1.025905 1.025904 1.025904 1.025903 1.025900 1.025892 1.025872 1.025821 1.025700 1.025419 1.024797 1.023470 1.020763 1.015480 1.005631 0.988126 0.958531 0.911049 0.838978 0.735844 0.597275 0.423265 0.219988 0.000000 
50.000000 41.077498 32.635416 25.076686 18.670063 13.527230 9.614843 6.792078 4.858887 3.600962 2.822464 2.363743 2.106106 1.968025 1.897325 1.862703 1.846469 1.839171 1.836023 1.834719 1.834199 1.834000 1.833926 1.833900 1.833891 1.833888 1.833887 1.833886 1.833886 1.833884 1.833879 1.833867 1.833835 1.833755 1.833561 1.833110 1.832105 1.829952 1.825530 1.816833 1.800481 1.771138 1.720994 1.639597 1.514481 1.333080 1.086171 0.772419 0.402469 0.000000 
50.000000 41.319556 33.106478 25.752752 19.519837 14.516396 10.710003 7.963672 6.082794 4.858887 4.101426 3.655091 3.404403 3.270044 3.201248 3.167557 3.151759 3.144657 3.141594 3.140324 3.139818 3.139624 3.139553 3.139527 3.139518 3.139515 3.139514 3.139514 3.139513 3.139510 3.139503 3.139485 3.139438 3.139318 3.139027 3.138349 3.136827 3.133547 3.126759 3.113300 3.087749 3.041397 2.961202 2.829206 2.623201 2.319622 1.899506 1.357253 0.709692 0.000000 
50.000000 41.691487 33.830290 26.791582 20.825618 16.036409 12.392940 9.764112 7.963672 6.792078 6.066976 5.639696 5.399704 5.271073 5.205208 5.172951 5.157824 5.151025 5.148091 5.146876 5.146391 5.146205 5.146137 5.146112 5.146104 5.146101 5.146100 5.146099 5.146098 5.146095 5.146085 5.146060 5.145994 5.145827 5.145421 5.144468 5.142317 5.137650 5.127919 5.108445 5.071084 5.002470 4.882056 4.680602 4.360342 3.878709 3.197743 2.300147 1.208917 0.000000 
50.000000 42.234479 34.887013 28.308239 22.732053 18.255679 14.850144 12.392940 10.710003 9.614843 8.937026 8.537597 8.313241 8.192986 8.131407 8.101249 8.087105 8.080748 8.078005 8.076868 8.076415 8.076241 8.076177 8.076154 8.076146 8.076143 8.076142 8.076141 8.076140 8.076136 8.076124 8.076091 8.076006 8.075791 8.075265 8.074024 8.071208 8.065054 8.052118 8.025976 7.975246 7.880797 7.712337 7.425072 6.958113 6.237783 5.190437 3.769585 1.996890 0.000000 
50.000000 42.986967 36.351454 30.410104 25.374144 21.331384 18.255679 16.036409 14.516396 13.527230 12.914996 12.554203 12.351540 12.242909 12.187281 12.160035 12.147257 12.141513 12.139035 12.138007 12.137598 12.137441 12.137383 12.137362 12.137355 12.137353 12.137352 12.137351 12.137349 12.137344 12.137330 12.137292 12.137192 12.136937 12.136312 12.134830 12.131448 12.124004 12.108225 12.076018 12.012749 11.893195 11.676067 11.297565 10.665692 9.659527 8.141844 5.998585 3.218554 0.000000 
50.000000 43.975996 38.276251 33.172738 28.846890 25.374144 22.732053 20.825618 19.519837 18.670063 18.144089 17.834119 17.659998 17.566663 17.518865 17.495454 17.484474 17.479537 17.477408 17.476525 17.476173 17.476038 17.475988 17.475970 17.475964 17.475962 17.475961 17.475960 17.475958 17.475953 17.475938 17.475898 17.475791 17.475519 17.474847 17.473248 17.469578 17.461447 17.444071 17.408245 17.336984 17.200215 16.946909 16.494270 15.714617 14.423445 12.379596 9.324715 5.115282 0.000000 
50.000000 45.207950 40.673831 36.613985 33.172738 30.410104 28.308239 26.791582 25.752752 25.076686 24.658219 24.411599 24.273059 24.198794 24.160762 24.142132 24.133395 24.129467 24.127772 24.127069 24.126789 24.126682 24.126642 24.126628 24.126623 24.126621 24.126620 24.126620 24.126618 24.126613 24.126599 24.126561 24.126461 24.126204 24.125568 24.124050 24.120547 24.112740 24.095930 24.060944 23.990516 23.853246 23.593839 23.117803 22.268260 20.793142 18.306992 14.278178 8.160784 0.000000 
50.000000 46.661343 43.502379 40.673831 38.276251 36.351454 34.887013 33.830290 33.106478 32.635416 32.343835 32.171989 32.075453 32.023702 31.997199 31.984217 31.978128 31.975390 31.974209 31.973719 31.973524 31.973449 31.973421 31.973411 31.973408 31.973407 31.973406 31.973406 31.973404 31.973401 31.973390 31.973360 31.973281 31.973079 31.972578 31.971378 31.968597 31.962369 31.948875 31.920569 31.862997 31.749225 31.530143 31.117428 30.352868 28.951537 26.395653 21.751190 13.471114 0.000000 
50.000000 48.284507 46.661343 45.207950 43.975996 42.986967 42.234479 41.691487 41.319556 41.077498 40.927665 40.839359 40.789751 40.763157 40.749537 40.742865 40.739736 40.738329 40.737722 40.737470 40.737370 40.737331 40.737317 40.737312 40.737310 40.737309 40.737309 40.737309 40.737308 40.737306 40.737300 40.737284 40.737240 40.737129 40.736852 40.736186 40.734640 40.731167 40.723612 40.707676 40.675029 40.609865 40.482570 40.237589 39.768413 38.860714 37.047167 33.190229 24.142253 0.000000 
50.000000 50.000000 50.000000 50.000000 50.000000 50.000000 50.000000 50.000000 50.000000 50.000000 50.000000 50.000000 50.000000 50.000000 50.000000 50.000000 50.000000 50.000000 50.000000 50.000000 50.000000 50.000000 50.000000 50.000000 50.000000 50.000000 50.000000 50.000000 50.000000 50.000000 50.000000 50.000000 50.000000 50.000000 50.000000 50.000000 50.000000 50.000000 50.000000 50.000000 50.000000 50.000000 50.000000 50.000000 50.000000 50.000000 50.000000 50.000000 50.000000 50.000000 
