50.000000 50.000000 50.000000 50.000000 50.000000 50.000000 50.000000 50.000000 50.000000 50.000000 50.000000 50.000000 50.000000 50.000000 50.000000 50.000000 50.000000 50.000000 50.000000 50.000000 50.000000 50.000000 50.000000 50.000000 50.000000 50.000000 50.000000 50.000000 50.000000 50.000000 50.000000 50.000000 50.000000 50.000000 50.000000 50.000000 50.000000 50.000000 50.000000 50.000000 50.000000 50.000000 50.000000 50.000000 50.000000 50.000000 50.000000 50.000000 50.000000 50.000000 
50.000000 48.708877 47.470074 46.329556 45.321867 44.467263 43.771385 43.227166 42.818235 42.522875 42.317720 42.180611 42.092397 42.037727 42.005071 41.986260 41.975802 41.970189 41.967277 41.965817 41.965109 41.964776 41.964625 41.964558 41.964529 41.964517 41.964511 41.964505 41.964495 41.964472 41.964420 41.964302 41.964042 41.963483 41.962316 41.959938 41.955219 41.946083 41.928806 41.896837 41.838811 41.735136 41.551879 41.229093 40.656524 39.617605 37.645126 33.604594 24.354439 0.000000 
50.000000 47.470074 45.042669 42.807855 40.833319 39.158753 37.795209 36.728841 35.927565 35.348829 34.946844 34.678192 34.505345 34.398226 34.334242 34.297384 34.276894 34.265896 34.260192 34.257331 34.255943 34.255291 34.254995 34.254864 34.254808 34.254783 34.254771 34.254760 34.254741 34.254699 34.254602 34.254383 34.253901 34.252866 34.250706 34.246317 34.237628 34.220858 34.189272 34.131133 34.026349 33.840950 33.517796 32.960411 32.003625 30.358356 27.507046 22.521334 13.865479 0.000000 
50.000000 46.329556 42.807855 39.565574 36.700914 34.271463 32.293252 30.746190 29.583726 28.744121 28.160945 27.771205 27.520455 27.365057 27.272238 27.218769 27.189047 27.173092 27.164818 27.160668 27.158655 27.157710 27.157279 27.157089 27.157008 27.156973 27.156955 27.156941 27.156915 27.156859 27.156730 27.156440 27.155801 27.154433 27.151587 27.145822 27.134451 27.112611 27.071725 26.997053 26.863842 26.631347 26.233619 25.565347 24.460428 22.661293 19.782787 15.300809 8.684430 0.000000 
50.000000 45.321867 40.833319 36.700914 33.049819 29.953426 27.432169 25.460432 23.978882 22.908825 22.165591 21.668888 21.349326 21.151287 21.032999 20.964860 20.926984 20.906653 20.896108 20.890821 20.888256 20.887051 20.886503 20.886261 20.886157 20.886112 20.886091 20.886073 20.886045 20.885981 20.885836 20.885509 20.884793 20.883265 20.880094 20.873696 20.861141 20.837171 20.792633 20.712057 20.570030 20.325973 19.916880 19.247803 18.180702 16.524909 14.039621 10.474962 5.704262 0.000000 
50.000000 44.467263 39.158753 34.271463 29.953426 26.291445 23.309677 20.977824 19.225704 17.960243 17.081298 16.493910 16.116010 15.881822 15.741945 15.661372 15.616585 15.592545 15.580077 15.573825 15.570792 15.569368 15.568720 15.568434 15.568311 15.568259 15.568234 15.568215 15.568186 15.568121 15.567975 15.567647 15.566929 15.565402 15.562248 15.555913 15.543551 15.520111 15.476919 15.399572 15.264962 15.037302 14.663272 14.066874 13.145722 11.772724 9.811035 7.155128 3.810739 0.000000 
50.000000 43.771385 37.795209 32.293252 27.432169 23.309677 19.952968 17.327926 15.355532 13.930998 12.941582 12.280378 11.854997 11.591389 11.433943 11.343253 11.292842 11.265785 11.251752 11.244716 11.241303 11.239700 11.238970 11.238649 11.238511 11.238452 11.238425 11.238406 11.238378 11.238318 11.238183 11.237880 11.237221 11.235824 11.232951 11.227209 11.216072 11.195106 11.156805 11.088929 10.972281 10.778006 10.464744 9.976484 9.242802 8.184366 6.727905 4.834798 2.542291 0.000000 
50.000000 43.227166 36.728841 30.746190 25.460432 20.977824 17.327926 14.473630 12.329008 10.780107 9.704328 8.985421 8.522925 8.236323 8.065148 7.966551 7.911746 7.882331 7.867077 7.859428 7.855717 7.853975 7.853182 7.852833 7.852683 7.852619 7.852591 7.852572 7.852547 7.852496 7.852379 7.852120 7.851558 7.850370 7.847939 7.843106 7.833789 7.816378 7.784842 7.729518 7.635580 7.481346 7.236815 6.863182 6.314551 5.543553 4.512571 3.211045 1.675287 0.000000 
50.000000 42.818235 35.927565 29.583726 23.978882 19.225704 15.355532 12.329008 10.055006 8.412685 7.272038 6.509795 6.019428 5.715560 5.534076 5.429544 5.371442 5.340257 5.324085 5.315977 5.312044 5.310197 5.309356 5.308986 5.308827 5.308760 5.308731 5.308713 5.308692 5.308650 5.308556 5.308348 5.307898 5.306952 5.305023 5.301210 5.293905 5.280348 5.255997 5.213687 5.142644 5.027503 4.847662 4.577526 4.188402 3.652909 2.952379 2.086616 1.083099 0.000000 
50.000000 42.522875 35.348829 28.744121 22.908825 17.960243 13.930998 10.780107 8.412685 6.702915 5.515438 4.721913 4.211428 3.895101 3.706178 3.597363 3.536882 3.504421 3.487588 3.479148 3.475054 3.473131 3.472257 3.471871 3.471706 3.471637 3.471607 3.471591 3.471574 3.471541 3.471470 3.471312 3.470973 3.470261 3.468818 3.465980 3.460574 3.450612 3.432856 3.402278 3.351458 3.270041 3.144528 2.958718 2.695281 2.338795 1.880279 1.322479 0.684064 0.000000 
50.000000 42.317720 34.946844 28.160945 22.165591 17.081298 12.941582 9.704328 7.272038 5.515438 4.295451 3.480210 2.955763 2.630788 2.436704 2.324918 2.262787 2.229441 2.212149 2.203479 2.199274 2.197299 2.196401 2.196005 2.195835 2.195764 2.195734 2.195719 2.195705 2.195682 2.195630 2.195517 2.195274 2.194767 2.193744 2.191741 2.187949 2.181003 2.168715 2.147725 2.113160 2.058351 1.974810 1.852654 1.681726 1.453534 1.163892 0.815710 0.420884 0.000000 
50.000000 42.180611 34.678192 27.771205 21.668888 16.493910 12.280378 8.985421 6.509795 4.721913 3.480210 2.650467 2.116697 1.785948 1.588418 1.474649 1.411416 1.377480 1.359882 1.351059 1.346779 1.344769 1.343855 1.343452 1.343280 1.343208 1.343178 1.343164 1.343153 1.343136 1.343101 1.343023 1.342858 1.342515 1.341825 1.340480 1.337947 1.333337 1.325233 1.311495 1.289057 1.253798 1.200579 1.123573 1.016991 0.876255 0.699480 0.488919 0.251805 0.000000 
50.000000 42.092397 34.505345 27.520455 21.349326 16.116010 11.854997 8.522925 6.019428 4.211428 2.955763 2.116697 1.576933 1.242474 1.042730 0.927686 0.863746 0.829430 0.811636 0.802714 0.798387 0.796355 0.795431 0.795023 0.794849 0.794776 0.794747 0.794733 0.794725 0.794713 0.794690 0.794640 0.794532 0.794311 0.793866 0.793005 0.791390 0.788466 0.783360 0.774760 0.760816 0.739079 0.706547 0.659890 0.595899 0.512155 0.407844 0.284487 0.146314 0.000000 
50.000000 42.037727 34.398226 27.365057 21.151287 15.881822 11.591389 8.236323 5.715560 3.895101 2.630788 1.785948 1.242474 0.905717 0.704603 0.588771 0.524393 0.489843 0.471927 0.462944 0.458588 0.456542 0.455611 0.455201 0.455026 0.454953 0.454923 0.454910 0.454903 0.454895 0.454881 0.454849 0.454783 0.454646 0.454372 0.453844 0.452859 0.451084 0.448001 0.442840 0.434526 0.421656 0.402534 0.375317 0.338271 0.290146 0.230607 0.160597 0.082507 0.000000 
50.000000 42.005071 34.334242 27.272238 21.032999 15.741945 11.433943 8.065148 5.534076 3.706178 2.436704 1.588418 1.042730 0.704603 0.502671 0.386369 0.321730 0.287040 0.269051 0.260033 0.255658 0.253605 0.252670 0.252258 0.252082 0.252009 0.251979 0.251967 0.251961 0.251956 0.251947 0.251928 0.251888 0.251807 0.251646 0.251335 0.250759 0.249725 0.247938 0.244963 0.240198 0.232866 0.222042 0.206735 0.186032 0.159303 0.126416 0.087925 0.045133 0.000000 
50.000000 41.986260 34.297384 27.218769 20.964860 15.661372 11.343253 7.966551 5.429544 3.597363 2.324918 1.474649 0.927686 0.588771 0.386369 0.269797 0.205008 0.170237 0.152207 0.143168 0.138783 0.136725 0.135788 0.135375 0.135199 0.135126 0.135096 0.135084 0.135079 0.135075 0.135069 0.135059 0.135036 0.134990 0.134898 0.134723 0.134399 0.133820 0.132824 0.131174 0.128545 0.124521 0.118612 0.110302 0.099125 0.084767 0.067182 0.046677 0.023944 0.000000 
50.000000 41.975802 34.276894 27.189047 20.926984 15.616585 11.292842 7.911746 5.371442 3.536882 2.262787 1.411416 0.863746 0.524393 0.321730 0.205008 0.140135 0.105320 0.087267 0.078216 0.073826 0.071765 0.070827 0.070414 0.070237 0.070164 0.070134 0.070122 0.070117 0.070115 0.070111 0.070105 0.070093 0.070068 0.070018 0.069923 0.069747 0.069436 0.068901 0.068019 0.066621 0.064490 0.061376 0.057018 0.051182 0.043719 0.034613 0.024028 0.012319 0.000000 
50.000000 41.970189 34.265896 27.173092 20.906653 15.592545 11.265785 7.882331 5.340257 3.504421 2.229441 1.377480 0.829430 0.489843 0.287040 0.170237 0.105320 0.070481 0.052416 0.043359 0.038966 0.036903 0.035965 0.035551 0.035374 0.035301 0.035271 0.035259 0.035255 0.035253 0.035251 0.035247 0.035241 0.035227 0.035201 0.035152 0.035060 0.034898 0.034622 0.034167 0.033449 0.032359 0.030774 0.028564 0.025616 0.021860 0.017292 0.011995 0.006147 0.000000 
50.000000 41.967277 34.260192 27.164818 20.896108 15.580077 11.251752 7.867077 5.324086 3.487588 2.212149 1.359882 0.811636 0.471927 0.269052 0.152207 0.087267 0.052416 0.034344 0.025284 0.020889 0.018826 0.017887 0.017473 0.017296 0.017223 0.017193 0.017182 0.017177 0.017175 0.017174 0.017172 0.017169 0.017162 0.017149 0.017124 0.017078 0.016997 0.016858 0.016632 0.016276 0.015737 0.014956 0.013872 0.012430 0.010599 0.008378 0.005808 0.002975 0.000000 
50.000000 41.965817 34.257331 27.160668 20.890821 15.573825 11.244716 7.859428 5.315977 3.479148 2.203479 1.351059 0.802715 0.462945 0.260033 0.143168 0.078216 0.043359 0.025284 0.016222 0.011826 0.009763 0.008824 0.008410 0.008233 0.008160 0.008130 0.008119 0.008114 0.008112 0.008111 0.008110 0.008109 0.008105 0.008099 0.008087 0.008064 0.008025 0.007958 0.007850 0.007679 0.007421 0.007049 0.006533 0.005850 0.004985 0.003938 0.002729 0.001397 0.000000 
50.000000 41.965109 34.255943 27.158655 20.888256 15.570793 11.241303 7.855718 5.312044 3.475055 2.199274 1.346780 0.798388 0.458589 0.255659 0.138784 0.073827 0.038966 0.020890 0.011827 0.007431 0.005367 0.004429 0.004015 0.003838 0.003764 0.003735 0.003723 0.003719 0.003717 0.003716 0.003716 0.003715 0.003713 0.003710 0.003705 0.003694 0.003676 0.003644 0.003594 0.003514 0.003395 0.003223 0.002986 0.002672 0.002276 0.001797 0.001244 0.000637 0.000000 
50.000000 41.964777 34.255292 27.157711 20.887052 15.569370 11.239702 7.853977 5.310199 3.473134 2.197301 1.344772 0.796358 0.456544 0.253607 0.136727 0.071767 0.036905 0.018828 0.009765 0.005369 0.003305 0.002366 0.001952 0.001775 0.001702 0.001672 0.001661 0.001656 0.001655 0.001654 0.001654 0.001653 0.001652 0.001651 0.001648 0.001644 0.001635 0.001621 0.001598 0.001563 0.001509 0.001432 0.001326 0.001186 0.001009 0.000797 0.000552 0.000282 0.000000 
50.000000 41.964626 34.254997 27.157283 20.886507 15.568725 11.238976 7.853188 5.309363 3.472263 2.196407 1.343862 0.795438 0.455618 0.252677 0.135795 0.070834 0.035972 0.017894 0.008831 0.004435 0.002371 0.001432 0.001018 0.000841 0.000767 0.000738 0.000726 0.000722 0.000720 0.000720 0.000719 0.000719 0.000719 0.000718 0.000717 0.000715 0.000711 0.000705 0.000695 0.000679 0.000656 0.000622 0.000576 0.000515 0.000438 0.000345 0.000239 0.000122 0.000000 
50.000000 41.964561 34.254870 27.157098 20.886272 15.568447 11.238663 7.852848 5.309003 3.471889 2.196022 1.343470 0.795042 0.455220 0.252277 0.135394 0.070432 0.035570 0.017492 0.008428 0.004032 0.001968 0.001029 0.000616 0.000439 0.000365 0.000336 0.000324 0.000320 0.000318 0.000317 0.000317 0.000317 0.000317 0.000316 0.000316 0.000315 0.000313 0.000311 0.000306 0.000299 0.000289 0.000274 0.000253 0.000226 0.000192 0.000152 0.000105 0.000054 0.000000 
50.000000 41.964537 34.254823 27.157031 20.886186 15.568345 11.238549 7.852724 5.308871 3.471751 2.195881 1.343327 0.794897 0.455074 0.252130 0.135247 0.070285 0.035422 0.017344 0.008281 0.003885 0.001821 0.000882 0.000468 0.000291 0.000218 0.000188 0.000177 0.000172 0.000171 0.000170 0.000170 0.000170 0.000170 0.000169 0.000169 0.000169 0.000168 0.000166 0.000164 0.000160 0.000154 0.000146 0.000135 0.000121 0.000103 0.000081 0.000056 0.000029 0.000000 
50.000000 41.964537 34.254823 27.157031 20.886186 15.568345 11.238549 7.852724 5.308871 3.471751 2.195881 1.343327 0.794897 0.455074 0.252130 0.135247 0.070285 0.035422 0.017344 0.008281 0.003885 0.001821 0.000882 0.000468 0.000291 0.000218 0.000188 0.000177 0.000172 0.000171 0.000170 0.000170 0.000170 0.000170 0.000169 0.000169 0.000169 0.000168 0.000166 0.000164 0.000160 0.000154 0.000146 0.000135 0.000121 0.000103 0.000081 0.000056 0.000029 0.000000 
50.000000 41.964561 34.254870 27.157098 20.886272 15.568447 11.238663 7.852848 5.309003 3.471889 2.196022 1.343470 0.795042 0.455220 0.252277 0.135394 0.070432 0.035570 0.017492 0.008428 0.004032 0.001968 0.001029 0.000616 0.000439 0.000365 0.000336 0.000324 0.000320 0.000318 0.000317 0.000317 0.000317 0.000317 0.000316 0.000316 0.000315 0.000313 0.000311 0.000306 0.000299 0.000289 0.000274 0.000253 0.000226 0.000192 0.000152 0.000105 0.000054 0.000000 
50.000000 41.964626 34.254997 27.157283 20.886507 15.568725 11.238976 7.853188 5.309363 3.472263 2.196407 1.343862 0.795438 0.455618 0.252677 0.135795 0.070834 0.035972 0.017894 0.008831 0.004435 0.002371 0.001432 0.001018 0.000841 0.000767 0.000738 0.000726 0.000722 0.000720 0.000720 0.000719 0.000719 0.000719 0.000718 0.000717 0.000715 0.000711 0.000705 0.000695 0.000679 0.000656 0.000622 0.000576 0.000515 0.000438 0.000345 0.000239 0.000122 0.000000 
50.000000 41.964777 34.255292 27.157711 20.887052 15.569370 11.239702 7.853977 5.310199 3.473134 2.197301 1.344772 0.796358 0.456544 0.253607 0.136727 0.071767 0.036905 0.018828 0.009765 0.005369 0.003305 0.002366 0.001952 0.001775 0.001702 0.001672 0.001661 0.001656 0.001655 0.001654 0.001654 0.001653 0.001652 0.001651 0.001648 0.001644 0.001635 0.001621 0.001598 0.001563 0.001509 0.001432 0.001326 0.001186 0.001009 0.000797 0.000552 0.000282 0.000000 
50.000000 41.965109 34.255943 27.158655 20.888256 15.570793 11.241303 7.855718 5.312044 3.475055 2.199274 1.346780 0.798388 0.458589 0.255659 0.138784 0.073827 0.038966 0.020890 0.011827 0.007431 0.005367 0.004429 0.004015 0.003838 0.003764 0.003735 0.003723 0.003719 0.003717 0.003716 0.003716 0.003715 0.003713 0.003710 0.003705 0.003694 0.003676 0.003644 0.003594 0.003514 0.003395 0.003223 0.002986 0.002672 0.002276 0.001797 0.001244 0.000637 0.000000 
50.000000 41.965817 34.257331 27.160668 20.890821 15.573825 11.244716 7.859428 5.315977 3.479148 2.203479 1.351059 0.802715 0.462945 0.260033 0.143168 0.078216 0.043359 0.025284 0.016222 0.011826 0.009763 0.008824 0.008410 0.008233 0.008160 0.008130 0.008119 0.008114 0.008112 0.008111 0.008110 0.008109 0.008105 0.008099 0.008087 0.008064 0.008025 0.007958 0.007850 0.007679 0.007421 0.007049 0.006533 0.005850 0.004985 0.003938 0.002729 0.001397 0.000000 
50.000000 41.967277 34.260192 27.164818 20.896108 15.580077 11.251752 7.867077 5.324086 3.487588 2.212149 1.359882 0.811636 0.471927 0.269052 0.152207 0.087267 0.052416 0.034344 0.025284 0.020889 0.018826 0.017887 0.017473 0.017296 0.017223 0.017193 0.017182 0.017177 0.017175 0.017174 0.017172 0.017169 0.017162 0.017149 0.017124 0.017078 0.016997 0.016858 0.016632 0.016276 0.015737 0.014956 0.013872 0.012430 0.010599 0.008378 0.005808 0.002975 0.000000 
50.000000 41.970189 34.265896 27.173092 20.906653 15.592545 11.265785 7.882331 5.340257 3.504421 2.229441 1.377480 0.829430 0.489843 0.287040 0.170237 0.105320 0.070481 0.052416 0.043359 0.038966 0.036903 0.035965 0.035551 0.035374 0.035301 0.035271 0.035259 0.035255 0.035253 0.035251 0.035247 0.035241 0.035227 0.035201 0.035152 0.035060 0.034898 0.034622 0.034167 0.033449 0.032359 0.030774 0.028564 0.025616 0.021860 0.017292 0.011995 0.006147 0.000000 
50.000000 41.975802 34.276894 27.189047 20.926984 15.616585 11.292842 7.911746 5.371442 3.536882 2.262787 1.411416 0.863746 0.524393 0.321730 0.205008 0.140135 0.105320 0.087267 0.078216 0.073826 0.071765 0.070827 0.070414 0.070237 0.070164 0.070134 0.070122 0.070117 0.070115 0.070111 0.070105 0.070093 0.070068 0.070018 0.069923 0.069747 0.069436 0.068901 0.068019 0.066621 0.064490 0.061376 0.057018 0.051182 0.043719 0.034613 0.024028 0.012319 0.000000 
50.000000 41.986260 34.297384 27.218769 20.964860 15.661372 11.343253 7.966551 5.429544 3.597363 2.324918 1.474649 0.927686 0.588771 0.386369 0.269797 0.205008 0.170237 0.152207 0.143168 0.138783 0.136725 0.135788 0.135375 0.135199 0.135126 0.135096 0.135084 0.135079 0.135075 0.135069 0.135059 0.135036 0.134990 0.134898 0.134723 0.134399 0.133820 0.132824 0.131174 0.128545 0.124521 0.118612 0.110302 0.099125 0.084767 0.067182 0.046677 0.023944 0.000000 
50.000000 42.005071 34.334242 27.272238 21.032999 15.741945 11.433943 8.065148 5.534076 3.706178 2.436704 1.588418 1.042730 0.704603 0.502671 0.386369 0.321730 0.287040 0.269051 0.260033 0.255658 0.253605 0.252670 0.252258 0.252082 0.252009 0.251979 0.251967 0.251961 0.251956 0.251947 0.251928 0.251888 0.251807 0.251646 0.251335 0.250759 0.249725 0.247938 0.244963 0.240198 0.232866 0.222042 0.206735 0.186032 0.159303 0.126416 0.087925 0.045133 0.000000 
50.000000 42.037727 34.398226 27.365057 21.151287 15.881822 11.591389 8.236323 5.715560 3.895101 2.630788 1.785948 1.242474 0.905717 0.704603 0.588771 0.524393 0.489843 0.471927 0.462944 0.458588 0.456542 0.455611 0.455201 0.455026 0.454953 0.454923 0.454910 0.454903 0.454895 0.454881 0.454849 0.454783 0.454646 0.454372 0.453844 0.452859 0.451084 0.448001 0.442840 0.434526 0.421656 0.402534 0.375317 0.338271 0.290146 0.230607 0.160597 0.082507 0.000000 
50.000000 42.092397 34.505345 27.520455 21.349326 16.116010 11.854997 8.522925 6.019428 4.211428 2.955763 2.116697 1.576933 1.242474 1.042730 0.927686 0.863746 0.829430 0.811636 0.802714 0.798387 0.796355 0.795431 0.795023 0.794849 0.794776 0.794747 0.794733 0.794725 0.794713 0.794690 0.794640 0.794532 0.794311 0.793866 0.793005 0.791390 0.788466 0.783360 0.774760 0.760816 0.739079 0.706547 0.659890 0.595899 0.512155 0.407844 0.284487 0.146314 0.000000 
50.000000 42.180611 34.678192 27.771205 21.668888 16.493910 12.280378 8.985421 6.509795 4.721913 3.480210 2.650467 2.116697 1.785948 1.588418 1.474649 1.411416 1.377480 1.359882 1.351059 1.346779 1.344769 1.343855 1.343452 1.343280 1.343208 1.343178 1.343164 1.343153 1.343136 1.343101 1.343023 1.342858 1.342515 1.341825 1.340480 1.337947 1.333337 1.325233 1.311495 1.289057 1.253798 1.200579 1.123573 1.016991 0.876255 0.699480 0.488919 0.251805 0.000000 
50.000000 42.317720 34.946844 28.160945 22.165591 17.081298 12.941582 9.704328 7.272038 5.515438 4.295451 3.480210 2.955763 2.630788 2.436704 2.324918 2.262787 2.229441 2.212149 2.203479 2.199274 2.197299 2.196401 2.196005 2.195835 2.195764 2.195734 2.195719 2.195705 2.195682 2.195630 2.195517 2.195274 2.194767 2.193744 2.191741 2.187949 2.181003 2.168715 2.147725 2.113160 2.058351 1.974810 1.852654 1.681726 1.453534 1.163892 0.815710 0.420884 0.000000 
50.000000 42.522875 35.348829 28.744121 22.908825 17.960243 13.930998 10.780107 8.412685 6.702915 5.515438 4.721913 4.211428 3.895101 3.706178 3.597363 3.536882 3.504421 3.487588 3.479148 3.475054 3.473131 3.472257 3.471871 3.471706 3.471637 3.471607 3.471591 3.471574 3.471541 3.471470 3.471312 3.470973 3.470261 3.468818 3.465980 3.460574 3.450612 3.432856 3.402278 3.351458 3.270041 3.144528 2.958718 2.695281 2.338795 1.880279 1.322479 0.684064 0.000000 
50.000000 42.818235 35.927565 29.583726 23.978882 19.225704 15.355532 12.329008 10.055006 8.412685 7.272038 6.509795 6.019428 5.715560 5.534076 5.429544 5.371442 5.340257 5.324085 5.315977 5.312044 5.310197 5.309356 5.308986 5.308827 5.308760 5.308731 5.308713 5.308692 5.308650 5.308556 5.308348 5.307898 5.306952 5.305023 5.301210 5.293905 5.280348 5.255997 5.213687 5.142644 5.027503 4.847662 4.577526 4.188402 3.652909 2.952379 2.086616 1.083099 0.000000 
50.000000 43.227166 36.728841 30.746190 25.460432 20.977824 17.327926 14.473630 12.329008 10.780107 9.704328 8.985421 8.522925 8.236323 8.065148 7.966551 7.911746 7.882331 7.867077 7.859428 7.855717 7.853975 7.853182 7.852833 7.852683 7.852619 7.852591 7.852572 7.852547 7.852496 7.852379 7.852120 7.851558 7.850370 7.847939 7.843106 7.833789 7.816378 7.784842 7.729518 7.635580 7.481346 7.236815 6.863182 6.314551 5.543553 4.512571 3.211045 1.675287 0.000000 
50.000000 43.771385 37.795209 32.293252 27.432169 23.309677 19.952968 17.327926 15.355532 13.930998 12.941582 12.280378 11.854997 11.591389 11.433943 11.343253 11.292842 11.265785 11.251752 11.244716 11.241303 11.239700 11.238970 11.238649 11.238511 11.238452 11.238425 11.238406 11.238378 11.238318 11.238183 11.237880 11.237221 11.235824 11.232951 11.227209 11.216072 11.195106 11.156805 11.088929 10.972281 10.778006 10.464744 9.976484 9.242802 8.184366 6.727905 4.834798 2.542291 0.000000 
50.000000 44.467263 39.158753 34.271463 29.953426 26.291445 23.309677 20.977824 19.225704 17.960243 17.081298 16.493910 16.116010 15.881822 15.741945 15.661372 15.616585 15.592545 15.580077 15.573825 15.570792 15.569368 15.568720 15.568434 15.568311 15.568259 15.568234 15.568215 15.568186 15.568121 15.567975 15.567647 15.566929 15.565402 15.562248 15.555913 15.543551 15.520111 15.476919 15.399572 15.264962 15.037302 14.663272 14.066874 13.145722 11.772724 9.811035 7.155128 3.810739 0.000000 
50.000000 45.321867 40.833319 36.700914 33.049819 29.953426 27.432169 25.460432 23.978882 22.908825 22.165591 21.668888 21.349326 21.151287 21.032999 20.964860 20.926984 20.906653 20.896108 20.890821 20.888256 20.887051 20.886503 20.886261 20.886157 20.886112 20.886091 20.886073 20.886045 20.885981 20.885836 20.885509 20.884793 20.883265 20.880094 20.873696 20.861141 20.837171 20.792633 20.712057 20.570030 20.325973 19.916880 19.247803 18.180702 16.524909 14.039621 10.474962 5.704262 0.000000 
50.000000 46.329556 42.807855 39.565574 36.700914 34.271463 32.293252 30.746190 29.583726 28.744121 28.160945 27.771205 27.520455 27.365057 27.272238 27.218769 27.189047 27.173092 27.164818 27.160668 27.158655 27.157710 27.157279 27.157089 27.157008 27.156973 27.156955 27.156941 27.156915 27.156859 27.156730 27.156440 27.155801 27.154433 27.151587 27.145822 27.134451 27.112611 27.071725 26.997053 26.863842 26.631347 26.233619 25.565347 24.460428 22.661293 19.782787 15.300809 8.684430 0.000000 
50.000000 47.470074 45.042669 42.807855 40.833319 39.158753 37.795209 36.728841 35.927565 35.348829 34.946844 34.678192 34.505345 34.398226 34.334242 34.297384 34.276894 34.265896 34.260192 34.257331 34.255943 34.255291 34.254995 34.254864 34.254808 34.254783 34.254771 34.254760 34.254741 34.254699 34.254602 34.254383 34.253901 34.252866 34.250706 34.246317 34.237628 34.220858 34.189272 34.131133 34.026349 33.840950 33.517796 32.960411 32.003625 30.358356 27.507046 22.521334 13.865479 0.000000 
50.000000 48.708877 47.470074 46.329556 45.321867 44.467263 43.771385 43.227166 42.818235 42.522875 42.317720 42.180611 42.092397 42.037727 42.005071 41.986260 41.975802 41.970189 41.967277 41.965817 41.965109 41.964776 41.964625 41.964558 41.964529 41.964517 41.964511 41.964505 41.964495 41.964472 41.964420 41.964302 41.964042 41.963483 41.962316 41.959938 41.955219 41.946083 41.928806 41.896837 41.838811 41.735136 41.551879 41.229093 40.656524 39.617605 37.645126 33.604594 24.354439 0.000000 
50.000000 50.000000 50.000000 50.000000 50.000000 50.000000 50.000000 50.000000 50.000000 50.000000 50.000000 50.000000 50.000000 50.000000 50.000000 50.000000 50.000000 50.000000 50.000000 50.000000 50.000000 50.000000 50.000000 50.000000 50.000000 50.000000 50.000000 50.000000 50.000000 50.000000 50.000000 50.000000 50.000000 50.000000 50.000000 50.000000 50.000000 50.000000 50.000000 50.000000 50.000000 50.000000 50.000000 50.000000 50.000000 50.000000 50.000000 50.000000 50.000000 50.000000 
