50.000000 50.000000 50.000000 50.000000 50.000000 50.000000 50.000000 50.000000 50.000000 50.000000 50.000000 50.000000 50.000000 50.000000 50.000000 50.000000 50.000000 50.000000 50.000000 50.000000 50.000000 50.000000 50.000000 50.000000 50.000000 50.000000 50.000000 50.000000 50.000000 50.000000 50.000000 50.000000 50.000000 50.000000 50.000000 50.000000 50.000000 50.000000 50.000000 50.000000 50.000000 50.000000 50.000000 50.000000 50.000000 50.000000 50.000000 50.000000 50.000000 50.000000 
50.000000 48.485277 47.042550 45.733562 44.601980 43.669628 42.937132 42.388110 41.995288 41.726806 41.551391 41.441744 41.376122 41.338486 41.317784 41.306851 41.301305 41.298598 41.297327 41.296752 41.296501 41.296396 41.296353 41.296336 41.296330 41.296327 41.296326 41.296325 41.296322 41.296316 41.296300 41.296259 41.296159 41.295922 41.295380 41.294174 41.291568 41.286104 41.274967 41.252867 41.210081 41.128994 40.977848 40.698821 40.183374 39.215848 37.328756 33.385915 24.242639 0.000000 
50.000000 47.042550 44.225674 41.669924 39.460560 37.640191 36.210039 35.138116 34.371168 33.846985 33.504508 33.290440 33.162324 33.088847 33.048429 33.027087 33.016258 33.010975 33.008494 33.007371 33.006882 33.006676 33.006592 33.006559 33.006546 33.006541 33.006539 33.006537 33.006533 33.006521 33.006491 33.006416 33.006232 33.005800 33.004809 33.002608 32.997868 32.987960 32.967847 32.928148 32.851837 32.708636 32.445474 31.969837 31.119763 29.607863 26.916060 22.112837 13.656636 0.000000 
50.000000 45.733562 41.669924 37.983001 34.795791 32.169761 30.106668 28.560361 27.454010 26.697868 26.203846 25.895058 25.710258 25.604273 25.545975 25.515191 25.499573 25.491953 25.488375 25.486756 25.486050 25.485752 25.485632 25.485584 25.485566 25.485559 25.485556 25.485553 25.485547 25.485532 25.485493 25.485395 25.485157 25.484597 25.483317 25.480483 25.474402 25.461754 25.436236 25.386263 25.291185 25.115204 24.797814 24.239011 23.276986 21.656431 18.991500 14.753864 8.404806 0.000000 
50.000000 44.601980 39.460560 34.795791 30.763296 27.440844 24.830648 22.874308 21.474609 20.517992 19.893003 19.502363 19.268581 19.134509 19.060762 19.021822 19.002066 18.992428 18.987902 18.985854 18.984961 18.984585 18.984432 18.984372 18.984349 18.984341 18.984337 18.984334 18.984327 18.984310 18.984268 18.984161 18.983901 18.983292 18.981904 18.978845 18.972313 18.958808 18.931764 18.879301 18.780677 18.600938 18.283268 17.738759 16.834250 15.381648 13.139360 9.852697 5.386132 0.000000 
50.000000 43.669628 37.640191 32.169761 27.440844 23.544635 20.483722 18.189605 16.548265 15.426522 14.693668 14.235617 13.961501 13.804302 13.717837 13.672182 13.649021 13.637721 13.632415 13.630014 13.628967 13.628527 13.628348 13.628277 13.628250 13.628240 13.628236 13.628233 13.628226 13.628210 13.628168 13.628064 13.627813 13.627225 13.625892 13.622966 13.616755 13.603998 13.578662 13.530009 13.439690 13.277660 12.996910 12.527600 11.772317 10.606593 8.892775 6.520428 3.486254 0.000000 
50.000000 42.937132 36.210039 30.106668 24.830648 20.483722 17.068765 14.509337 12.678213 11.426791 10.609234 10.098255 9.792472 9.617118 9.520670 9.469746 9.443912 9.431309 9.425391 9.422714 9.421546 9.421055 9.420855 9.420777 9.420747 9.420736 9.420731 9.420728 9.420722 9.420707 9.420670 9.420579 9.420358 9.419842 9.418677 9.416133 9.410765 9.399817 9.378260 9.337283 9.262154 9.129392 8.903550 8.534382 7.956122 7.091889 5.867657 4.240202 2.238311 0.000000 
50.000000 42.388110 35.138116 28.560361 22.874308 18.189605 14.509337 11.751108 9.777788 8.429215 7.548207 6.997585 6.668088 6.479139 6.375217 6.320348 6.292514 6.278936 6.272560 6.269676 6.268418 6.267889 6.267674 6.267589 6.267557 6.267545 6.267540 6.267537 6.267532 6.267520 6.267490 6.267415 6.267236 6.266818 6.265878 6.263838 6.259558 6.250892 6.233968 6.202118 6.144405 6.043832 5.875554 5.605787 5.192694 4.591040 3.762547 2.692642 1.410262 0.000000 
50.000000 41.995288 34.371168 27.454010 21.474609 16.548265 12.678213 9.777788 7.702770 6.284723 5.358347 4.779384 4.432934 4.234270 4.125007 4.067320 4.038057 4.023782 4.017080 4.014048 4.012726 4.012170 4.011943 4.011855 4.011821 4.011808 4.011803 4.011801 4.011797 4.011788 4.011764 4.011708 4.011572 4.011256 4.010551 4.009027 4.005848 3.999456 3.987072 3.963984 3.922599 3.851385 3.733956 3.548820 3.270605 2.873671 2.338806 1.662531 0.866295 0.000000 
50.000000 41.726806 33.846985 26.697868 20.517992 15.426522 11.426791 8.429215 6.284723 4.819221 3.861861 3.263544 2.905521 2.700224 2.587316 2.527707 2.497469 2.482719 2.475794 2.472661 2.471295 2.470720 2.470487 2.470395 2.470360 2.470347 2.470342 2.470340 2.470337 2.470330 2.470314 2.470273 2.470177 2.469954 2.469457 2.468389 2.466174 2.461750 2.453243 2.437519 2.409611 2.362125 2.284810 2.164638 1.986832 1.737315 1.406683 0.995148 0.516725 0.000000 
50.000000 41.551391 33.504508 26.203846 19.893003 14.693668 10.609234 7.548207 5.358347 3.861861 2.884273 2.273324 1.907748 1.698124 1.582839 1.521975 1.491102 1.476043 1.468972 1.465774 1.464379 1.463792 1.463554 1.463460 1.463425 1.463411 1.463407 1.463404 1.463402 1.463398 1.463387 1.463359 1.463295 1.463146 1.462816 1.462111 1.460656 1.457767 1.452252 1.442137 1.424342 1.394364 1.346089 1.271950 1.163659 1.013702 0.817584 0.576360 0.298523 0.000000 
50.000000 41.441744 33.290440 25.895058 19.502363 14.235617 10.098255 6.997585 4.779384 3.263544 2.273324 1.654488 1.284197 1.071873 0.955104 0.893458 0.862188 0.846935 0.839774 0.836535 0.835123 0.834529 0.834287 0.834192 0.834156 0.834143 0.834138 0.834136 0.834134 0.834131 0.834124 0.834107 0.834066 0.833972 0.833765 0.833324 0.832420 0.830633 0.827244 0.821072 0.810301 0.792311 0.763617 0.719995 0.656956 0.570599 0.458823 0.322593 0.166777 0.000000 
50.000000 41.376122 33.162324 25.710258 19.268581 13.961501 9.792472 6.668088 4.432934 2.905521 1.907748 1.284197 0.911089 0.697151 0.579496 0.517382 0.485876 0.470508 0.463293 0.460030 0.458607 0.458008 0.457765 0.457669 0.457633 0.457619 0.457614 0.457613 0.457611 0.457609 0.457605 0.457595 0.457570 0.457514 0.457391 0.457129 0.456594 0.455545 0.453564 0.449981 0.443771 0.433479 0.417196 0.392655 0.357503 0.309773 0.248504 0.174364 0.090018 0.000000 
50.000000 41.338486 33.088847 25.604273 19.134509 13.804302 9.617118 6.479139 4.234270 2.700224 1.698124 1.071873 0.697151 0.482289 0.364126 0.301746 0.270104 0.254670 0.247424 0.244147 0.242718 0.242116 0.241872 0.241776 0.241739 0.241726 0.241721 0.241719 0.241719 0.241717 0.241715 0.241709 0.241695 0.241663 0.241593 0.241445 0.241144 0.240556 0.239453 0.237468 0.234050 0.228422 0.219580 0.206353 0.187547 0.162196 0.129871 0.090979 0.046919 0.000000 
50.000000 41.317784 33.048429 25.545975 19.060762 13.717837 9.520670 6.375217 4.125007 2.587316 1.582839 0.955104 0.579496 0.364126 0.245685 0.183158 0.151442 0.135972 0.128709 0.125424 0.123992 0.123389 0.123144 0.123048 0.123011 0.122998 0.122993 0.122991 0.122991 0.122990 0.122989 0.122985 0.122978 0.122960 0.122922 0.122843 0.122681 0.122367 0.121779 0.120728 0.118928 0.115980 0.111378 0.104537 0.094870 0.081918 0.065493 0.045821 0.023610 0.000000 
50.000000 41.306851 33.027087 25.515191 19.021822 13.672182 9.469746 6.320348 4.067320 2.527707 1.521975 0.893458 0.517382 0.301746 0.183158 0.120553 0.088799 0.073309 0.066038 0.062749 0.061314 0.060711 0.060466 0.060369 0.060333 0.060319 0.060315 0.060313 0.060312 0.060312 0.060311 0.060309 0.060305 0.060296 0.060277 0.060236 0.060153 0.059992 0.059692 0.059159 0.058250 0.056769 0.054470 0.051069 0.046290 0.039918 0.031875 0.022278 0.011471 0.000000 
50.000000 41.301305 33.016258 25.499573 19.002066 13.649021 9.443912 6.292514 4.038057 2.497469 1.491102 0.862188 0.485876 0.270104 0.151442 0.088799 0.057024 0.041525 0.034249 0.030958 0.029523 0.028919 0.028674 0.028577 0.028541 0.028527 0.028522 0.028521 0.028520 0.028520 0.028519 0.028519 0.028517 0.028512 0.028502 0.028482 0.028441 0.028362 0.028216 0.027956 0.027516 0.026801 0.025696 0.024070 0.021795 0.018775 0.014977 0.010458 0.005382 0.000000 
50.000000 41.298598 33.010975 25.491953 18.992428 13.637721 9.431309 6.278936 4.023782 2.482719 1.476043 0.846935 0.470508 0.254670 0.135972 0.073309 0.041525 0.026022 0.018743 0.015451 0.014016 0.013412 0.013166 0.013070 0.013033 0.013020 0.013015 0.013013 0.013013 0.013013 0.013012 0.013012 0.013011 0.013009 0.013004 0.012995 0.012975 0.012938 0.012869 0.012748 0.012543 0.012211 0.011700 0.010951 0.009907 0.008527 0.006796 0.004742 0.002439 0.000000 
50.000000 41.297327 33.008494 25.488375 18.987902 13.632415 9.425391 6.272560 4.017080 2.475794 1.468972 0.839774 0.463293 0.247424 0.128709 0.066038 0.034249 0.018743 0.011464 0.008171 0.006736 0.006131 0.005886 0.005789 0.005753 0.005739 0.005735 0.005733 0.005732 0.005732 0.005732 0.005732 0.005731 0.005730 0.005728 0.005724 0.005715 0.005698 0.005667 0.005613 0.005520 0.005372 0.005145 0.004812 0.004350 0.003741 0.002980 0.002078 0.001068 0.000000 
50.000000 41.296752 33.007371 25.486756 18.985854 13.630014 9.422714 6.269676 4.014048 2.472661 1.465774 0.836535 0.460030 0.244147 0.125424 0.062749 0.030958 0.015451 0.008171 0.004879 0.003443 0.002839 0.002593 0.002497 0.002460 0.002447 0.002442 0.002440 0.002440 0.002439 0.002439 0.002439 0.002439 0.002439 0.002438 0.002436 0.002432 0.002425 0.002411 0.002387 0.002348 0.002284 0.002186 0.002043 0.001846 0.001587 0.001263 0.000880 0.000453 0.000000 
50.000000 41.296501 33.006882 25.486050 18.984961 13.628967 9.421546 6.268418 4.012726 2.471295 1.464379 0.835123 0.458607 0.242718 0.123992 0.061315 0.029523 0.014016 0.006736 0.003443 0.002007 0.001403 0.001157 0.001061 0.001024 0.001011 0.001006 0.001004 0.001004 0.001004 0.001004 0.001004 0.001003 0.001003 0.001003 0.001002 0.001000 0.000997 0.000992 0.000982 0.000965 0.000939 0.000898 0.000839 0.000758 0.000651 0.000518 0.000361 0.000185 0.000000 
50.000000 41.296396 33.006676 25.485752 18.984585 13.628527 9.421055 6.267889 4.012170 2.470721 1.463793 0.834529 0.458008 0.242117 0.123389 0.060711 0.028919 0.013412 0.006132 0.002839 0.001403 0.000799 0.000553 0.000457 0.000420 0.000407 0.000402 0.000400 0.000400 0.000400 0.000400 0.000400 0.000400 0.000399 0.000399 0.000399 0.000398 0.000397 0.000395 0.000391 0.000384 0.000373 0.000357 0.000334 0.000301 0.000258 0.000206 0.000143 0.000074 0.000000 
50.000000 41.296353 33.006592 25.485632 18.984433 13.628348 9.420856 6.267674 4.011944 2.470488 1.463555 0.834288 0.457765 0.241873 0.123145 0.060467 0.028675 0.013167 0.005887 0.002594 0.001158 0.000554 0.000308 0.000212 0.000175 0.000162 0.000157 0.000155 0.000155 0.000155 0.000155 0.000155 0.000155 0.000155 0.000155 0.000154 0.000154 0.000154 0.000153 0.000151 0.000149 0.000144 0.000138 0.000129 0.000116 0.000100 0.000079 0.000055 0.000028 0.000000 
50.000000 41.296337 33.006560 25.485585 18.984374 13.628279 9.420779 6.267591 4.011857 2.470397 1.463463 0.834195 0.457671 0.241778 0.123050 0.060372 0.028580 0.013072 0.005792 0.002499 0.001063 0.000459 0.000214 0.000117 0.000081 0.000067 0.000062 0.000061 0.000060 0.000060 0.000060 0.000060 0.000060 0.000060 0.000060 0.000060 0.000060 0.000059 0.000059 0.000059 0.000057 0.000056 0.000053 0.000050 0.000045 0.000039 0.000031 0.000021 0.000011 0.000000 
50.000000 41.296331 33.006549 25.485570 18.984354 13.628256 9.420753 6.267563 4.011828 2.470367 1.463432 0.834163 0.457640 0.241747 0.123019 0.060340 0.028548 0.013041 0.005760 0.002467 0.001032 0.000427 0.000182 0.000085 0.000049 0.000035 0.000031 0.000029 0.000028 0.000028 0.000028 0.000028 0.000028 0.000028 0.000028 0.000028 0.000028 0.000028 0.000028 0.000027 0.000027 0.000026 0.000025 0.000023 0.000021 0.000018 0.000014 0.000010 0.000005 0.000000 
50.000000 41.296331 33.006549 25.485570 18.984354 13.628256 9.420753 6.267563 4.011828 2.470367 1.463432 0.834163 0.457640 0.241747 0.123019 0.060340 0.028548 0.013041 0.005760 0.002467 0.001032 0.000427 0.000182 0.000085 0.000049 0.000035 0.000031 0.000029 0.000028 0.000028 0.000028 0.000028 0.000028 0.000028 0.000028 0.000028 0.000028 0.000028 0.000028 0.000027 0.000027 0.000026 0.000025 0.000023 0.000021 0.000018 0.000014 0.000010 0.000005 0.000000 
50.000000 41.296337 33.006560 25.485585 18.984374 13.628279 9.420779 6.267591 4.011857 2.470397 1.463463 0.834195 0.457671 0.241778 0.123050 0.060372 0.028580 0.013072 0.005792 0.002499 0.001063 0.000459 0.000214 0.000117 0.000081 0.000067 0.000062 0.000061 0.000060 0.000060 0.000060 0.000060 0.000060 0.000060 0.000060 0.000060 0.000060 0.000059 0.000059 0.000059 0.000057 0.000056 0.000053 0.000050 0.000045 0.000039 0.000031 0.000021 0.000011 0.000000 
50.000000 41.296353 33.006592 25.485632 18.984433 13.628348 9.420856 6.267674 4.011944 2.470488 1.463555 0.834288 0.457765 0.241873 0.123145 0.060467 0.028675 0.013167 0.005887 0.002594 0.001158 0.000554 0.000308 0.000212 0.000175 0.000162 0.000157 0.000155 0.000155 0.000155 0.000155 0.000155 0.000155 0.000155 0.000155 0.000154 0.000154 0.000154 0.000153 0.000151 0.000149 0.000144 0.000138 0.000129 0.000116 0.000100 0.000079 0.000055 0.000028 0.000000 
50.000000 41.296396 33.006676 25.485752 18.984585 13.628527 9.421055 6.267889 4.012170 2.470721 1.463793 0.834529 0.458008 0.242117 0.123389 0.060711 0.028919 0.013412 0.006132 0.002839 0.001403 0.000799 0.000553 0.000457 0.000420 0.000407 0.000402 0.000400 0.000400 0.000400 0.000400 0.000400 0.000400 0.000399 0.000399 0.000399 0.000398 0.000397 0.000395 0.000391 0.000384 0.000373 0.000357 0.000334 0.000301 0.000258 0.000206 0.000143 0.000074 0.000000 
50.000000 41.296501 33.006882 25.486050 18.984961 13.628967 9.421546 6.268418 4.012726 2.471295 1.464379 0.835123 0.458607 0.242718 0.123992 0.061315 0.029523 0.014016 0.006736 0.003443 0.002007 0.001403 0.001157 0.001061 0.001024 0.001011 0.001006 0.001004 0.001004 0.001004 0.001004 0.001004 0.001003 0.001003 0.001003 0.001002 0.001000 0.000997 0.000992 0.000982 0.000965 0.000939 0.000898 0.000839 0.000758 0.000651 0.000518 0.000361 0.000185 0.000000 
50.000000 41.296752 33.007371 25.486756 18.985854 13.630014 9.422714 6.269676 4.014048 2.472661 1.465774 0.836535 0.460030 0.244147 0.125424 0.062749 0.030958 0.015451 0.008171 0.004879 0.003443 0.002839 0.002593 0.002497 0.002460 0.002447 0.002442 0.002440 0.002440 0.002439 0.002439 0.002439 0.002439 0.002439 0.002438 0.002436 0.002432 0.002425 0.002411 0.002387 0.002348 0.002284 0.002186 0.002043 0.001846 0.001587 0.001263 0.000880 0.000453 0.000000 
50.000000 41.297327 33.008494 25.488375 18.987902 13.632415 9.425391 6.272560 4.017080 2.475794 1.468972 0.839774 0.463293 0.247424 0.128709 0.066038 0.034249 0.018743 0.011464 0.008171 0.006736 0.006131 0.005886 0.005789 0.005753 0.005739 0.005735 0.005733 0.005732 0.005732 0.005732 0.005732 0.005731 0.005730 0.005728 0.005724 0.005715 0.005698 0.005667 0.005613 0.005520 0.005372 0.005145 0.004812 0.004350 0.003741 0.002980 0.002078 0.001068 0.000000 
50.000000 41.298598 33.010975 25.491953 18.992428 13.637721 9.431309 6.278936 4.023782 2.482719 1.476043 0.846935 0.470508 0.254670 0.135972 0.073309 0.041525 0.026022 0.018743 0.015451 0.014016 0.013412 0.013166 0.013070 0.013033 0.013020 0.013015 0.013013 0.013013 0.013013 0.013012 0.013012 0.013011 0.013009 0.013004 0.012995 0.012975 0.012938 0.012869 0.012748 0.012543 0.012211 0.011700 0.010951 0.009907 0.008527 0.006796 0.004742 0.002439 0.000000 
50.000000 41.301305 33.016258 25.499573 19.002066 13.649021 9.443912 6.292514 4.038057 2.497469 1.491102 0.862188 0.485876 0.270104 0.151442 0.088799 0.057024 0.041525 0.034249 0.030958 0.029523 0.028919 0.028674 0.028577 0.028541 0.028527 0.028522 0.028521 0.028520 0.028520 0.028519 0.028519 0.028517 0.028512 0.028502 0.028482 0.028441 0.028362 0.028216 0.027956 0.027516 0.026801 0.025696 0.024070 0.021795 0.018775 0.014977 0.010458 0.005382 0.000000 
50.000000 41.306851 33.027087 25.515191 19.021822 13.672182 9.469746 6.320348 4.067320 2.527707 1.521975 0.893458 0.517382 0.301746 0.183158 0.120553 0.088799 0.073309 0.066038 0.062749 0.061314 0.060711 0.060466 0.060369 0.060333 0.060319 0.060315 0.060313 0.060312 0.060312 0.060311 0.060309 0.060305 0.060296 0.060277 0.060236 0.060153 0.059992 0.059692 0.059159 0.058250 0.056769 0.054470 0.051069 0.046290 0.039918 0.031875 0.022278 0.011471 0.000000 
50.000000 41.317784 33.048429 25.545975 19.060762 13.717837 9.520670 6.375217 4.125007 2.587316 1.582839 0.955104 0.579496 0.364126 0.245685 0.183158 0.151442 0.135972 0.128709 0.125424 0.123992 0.123389 0.123144 0.123048 0.123011 0.122998 0.122993 0.122991 0.122991 0.122990 0.122989 0.122985 0.122978 0.122960 0.122922 0.122843 0.122681 0.122367 0.121779 0.120728 0.118928 0.115980 0.111378 0.104537 0.094870 0.081918 0.065493 0.045821 0.023610 0.000000 
50.000000 41.338486 33.088847 25.604273 19.134509 13.804302 9.617118 6.479139 4.234270 2.700224 1.698124 1.071873 0.697151 0.482289 0.364126 0.301746 0.270104 0.254670 0.247424 0.244147 0.242718 0.242116 0.241872 0.241776 0.241739 0.241726 0.241721 0.241719 0.241719 0.241717 0.241715 0.241709 0.241695 0.241663 0.241593 0.241445 0.241144 0.240556 0.239453 0.237468 0.234050 0.228422 0.219580 0.206353 0.187547 0.162196 0.129871 0.090979 0.046919 0.000000 
50.000000 41.376122 33.162324 25.710258 19.268581 13.961501 9.792472 6.668088 4.432934 2.905521 1.907748 1.284197 0.911089 0.697151 0.579496 0.517382 0.485876 0.470508 0.463293 0.460030 0.458607 0.458008 0.457765 0.457669 0.457633 0.457619 0.457614 0.457613 0.457611 0.457609 0.457605 0.457595 0.457570 0.457514 0.457391 0.457129 0.456594 0.455545 0.453564 0.449981 0.443771 0.433479 0.417196 0.392655 0.357503 0.309773 0.248504 0.174364 0.090018 0.000000 
50.000000 41.441744 33.290440 25.895058 19.502363 14.235617 10.098255 6.997585 4.779384 3.263544 2.273324 1.654488 1.284197 1.071873 0.955104 0.893458 0.862188 0.846935 0.839774 0.836535 0.835123 0.834529 0.834287 0.834192 0.834156 0.834143 0.834138 0.834136 0.834134 0.834131 0.834124 0.834107 0.834066 0.833972 0.833765 0.833324 0.832420 0.830633 0.827244 0.821072 0.810301 0.792311 0.763617 0.719995 0.656956 0.570599 0.458823 0.322593 0.166777 0.000000 
50.000000 41.551391 33.504508 26.203846 19.893003 14.693668 10.609234 7.548207 5.358347 3.861861 2.884273 2.273324 1.907748 1.698124 1.582839 1.521975 1.491102 1.476043 1.468972 1.465774 1.464379 1.463792 1.463554 1.463460 1.463425 1.463411 1.463407 1.463404 1.463402 1.463398 1.463387 1.463359 1.463295 1.463146 1.462816 1.462111 1.460656 1.457767 1.452252 1.442137 1.424342 1.394364 1.346089 1.271950 1.163659 1.013702 0.817584 0.576360 0.298523 0.000000 
50.000000 41.726806 33.846985 26.697868 20.517992 15.426522 11.426791 8.429215 6.284723 4.819221 3.861861 3.263544 2.905521 2.700224 2.587316 2.527707 2.497469 2.482719 2.475794 2.472661 2.471295 2.470720 2.470487 2.470395 2.470360 2.470347 2.470342 2.470340 2.470337 2.470330 2.470314 2.470273 2.470177 2.469954 2.469457 2.468389 2.466174 2.461750 2.453243 2.437519 2.409611 2.362125 2.284810 2.164638 1.986832 1.737315 1.406683 0.995148 0.516725 0.000000 
50.000000 41.995288 34.371168 27.454010 21.474609 16.548265 12.678213 9.777788 7.702770 6.284723 5.358347 4.779384 4.432934 4.234270 4.125007 4.067320 4.038057 4.023782 4.017080 4.014048 4.012726 4.012170 4.011943 4.011855 4.011821 4.011808 4.011803 4.011801 4.011797 4.011788 4.011764 4.011708 4.011572 4.011256 4.010551 4.009027 4.005848 3.999456 3.987072 3.963984 3.922599 3.851385 3.733956 3.548820 3.270605 2.873671 2.338806 1.662531 0.866295 0.000000 
50.000000 42.388110 35.138116 28.560361 22.874308 18.189605 14.509337 11.751108 9.777788 8.429215 7.548207 6.997585 6.668088 6.479139 6.375217 6.320348 6.292514 6.278936 6.272560 6.269676 6.268418 6.267889 6.267674 6.267589 6.267557 6.267545 6.267540 6.267537 6.267532 6.267520 6.267490 6.267415 6.267236 6.266818 6.265878 6.263838 6.259558 6.250892 6.233968 6.202118 6.144405 6.043832 5.875554 5.605787 5.192694 4.591040 3.762547 2.692642 1.410262 0.000000 
50.000000 42.937132 36.210039 30.106668 24.830648 20.483722 17.068765 14.509337 12.678213 11.426791 10.609234 10.098255 9.792472 9.617118 9.520670 9.469746 9.443912 9.431309 9.425391 9.422714 9.421546 9.421055 9.420855 9.420777 9.420747 9.420736 9.420731 9.420728 9.420722 9.420707 9.420670 9.420579 9.420358 9.419842 9.418677 9.416133 9.410765 9.399817 9.378260 9.337283 9.262154 9.129392 8.903550 8.534382 7.956122 7.091889 5.867657 4.240202 2.238311 0.000000 
50.000000 43.669628 37.640191 32.169761 27.440844 23.544635 20.483722 18.189605 16.548265 15.426522 14.693668 14.235617 13.961501 13.804302 13.717837 13.672182 13.649021 13.637721 13.632415 13.630014 13.628967 13.628527 13.628348 13.628277 13.628250 13.628240 13.628236 13.628233 13.628226 13.628210 13.628168 13.628064 13.627813 13.627225 13.625892 13.622966 13.616755 13.603998 13.578662 13.530009 13.439690 13.277660 12.996910 12.527600 11.772317 10.606593 8.892775 6.520428 3.486254 0.000000 
50.000000 44.601980 39.460560 34.795791 30.763296 27.440844 24.830648 22.874308 21.474609 20.517992 19.893003 19.502363 19.268581 19.134509 19.060762 19.021822 19.002066 18.992428 18.987902 18.985854 18.984961 18.984585 18.984432 18.984372 18.984349 18.984341 18.984337 18.984334 18.984327 18.984310 18.984268 18.984161 18.983901 18.983292 18.981904 18.978845 18.972313 18.958808 18.931764 18.879301 18.780677 18.600938 18.283268 17.738759 16.834250 15.381648 13.139360 9.852697 5.386132 0.000000 
50.000000 45.733562 41.669924 37.983001 34.795791 32.169761 30.106668 28.560361 27.454010 26.697868 26.203846 25.895058 25.710258 25.604273 25.545975 25.515191 25.499573 25.491953 25.488375 25.486756 25.486050 25.485752 25.485632 25.485584 25.485566 25.485559 25.485556 25.485553 25.485547 25.485532 25.485493 25.485395 25.485157 25.484597 25.483317 25.480483 25.474402 25.461754 25.436236 25.386263 25.291185 25.115204 24.797814 24.239011 23.276986 21.656431 18.991500 14.753864 8.404806 0.000000 
50.000000 47.042550 44.225674 41.669924 39.460560 37.640191 36.210039 35.138116 34.371168 33.846985 33.504508 33.290440 33.162324 33.088847 33.048429 33.027087 33.016258 33.010975 33.008494 33.007371 33.006882 33.006676 33.006592 33.006559 33.006546 33.006541 33.006539 33.006537 33.006533 33.006521 33.006491 33.006416 33.006232 33.005800 33.004809 33.002608 32.997868 32.987960 32.967847 32.928148 32.851837 32.708636 32.445474 31.969837 31.119763 29.607863 26.916060 22.112837 13.656636 0.000000 
50.000000 48.485277 47.042550 45.733562 44.601980 43.669628 42.937132 42.388110 41.995288 41.726806 41.551391 41.441744 41.376122 41.338486 41.317784 41.306851 41.301305 41.298598 41.297327 41.296752 41.296501 41.296396 41.296353 41.296336 41.296330 41.296327 41.296326 41.296325 41.296322 41.296316 41.296300 41.296259 41.296159 41.295922 41.295380 41.294174 41.291568 41.286104 41.274967 41.252867 41.210081 41.128994 40.977848 40.698821 40.183374 39.215848 37.328756 33.385915 24.242639 0.000000 
50.000000 50.000000 50.000000 50.000000 50.000000 50.000000 50.000000 50.000000 50.000000 50.000000 50.000000 50.000000 50.000000 50.000000 50.000000 50.000000 50.000000 50.000000 50.000000 50.000000 50.000000 50.000000 50.000000 50.000000 50.000000 50.000000 50.000000 50.000000 50.000000 50.000000 50.000000 50.000000 50.000000 50.000000 50.000000 50.000000 50.000000 50.000000 50.000000 50.000000 50.000000 50.000000 50.000000 50.000000 50.000000 50.000000 50.000000 50.000000 50.000000 50.000000 
