50.000000 50.000000 50.000000 50.000000 50.000000 50.000000 50.000000 50.000000 50.000000 50.000000 50.000000 50.000000 50.000000 50.000000 50.000000 50.000000 50.000000 50.000000 50.000000 50.000000 50.000000 50.000000 50.000000 50.000000 50.000000 50.000000 50.000000 50.000000 50.000000 50.000000 50.000000 50.000000 50.000000 50.000000 50.000000 50.000000 50.000000 50.000000 50.000000 50.000000 50.000000 50.000000 50.000000 50.000000 50.000000 50.000000 50.000000 50.000000 50.000000 50.000000 
50.000000 48.341690 46.769661 45.356745 44.152367 43.178295 42.430388 41.884845 41.506513 41.256847 41.099924 41.005889 40.952110 40.922726 40.907372 40.899691 40.896008 40.894313 40.893564 40.893246 40.893116 40.893065 40.893046 40.893039 40.893036 40.893035 40.893035 40.893034 40.893033 40.893031 40.893023 40.893001 40.892946 40.892809 40.892474 40.891686 40.889895 40.885947 40.877513 40.860031 40.824780 40.755444 40.621785 40.367571 39.885672 38.961331 37.127131 33.245899 24.170845 0.000000 
50.000000 46.769661 43.707398 40.955092 38.609020 36.711585 35.254716 34.192049 33.455098 32.968782 32.663119 32.479955 32.375206 32.317974 32.288068 32.273107 32.265933 32.262633 32.261175 32.260555 32.260302 32.260202 32.260165 32.260151 32.260146 32.260144 32.260143 32.260142 32.260141 32.260135 32.260121 32.260082 32.259982 32.259732 32.259125 32.257700 32.254467 32.247364 32.232255 32.201100 32.138735 32.017281 31.786482 31.356768 30.568784 29.136807 26.542896 21.853699 13.523761 0.000000 
50.000000 45.356745 40.955092 36.998985 33.626814 30.899524 28.805509 27.278115 26.218897 25.519929 25.080616 24.817370 24.666825 24.584575 24.541597 24.520096 24.509787 24.505045 24.502950 24.502060 24.501696 24.501553 24.501499 24.501479 24.501471 24.501469 24.501468 24.501467 24.501464 24.501458 24.501439 24.501390 24.501262 24.500941 24.500167 24.498356 24.494262 24.485312 24.466390 24.427681 24.350989 24.203680 23.928957 23.430701 22.550536 21.035356 18.499493 14.412196 8.229614 0.000000 
50.000000 44.152367 38.609020 33.626814 29.380036 25.945437 23.308388 21.384933 20.051081 19.170903 18.617710 18.286234 18.096675 17.993112 17.939000 17.911930 17.898951 17.892981 17.890343 17.889223 17.888765 17.888585 17.888516 17.888491 17.888482 17.888479 17.888478 17.888477 17.888474 17.888467 17.888447 17.888394 17.888257 17.887914 17.887090 17.885169 17.880849 17.871461 17.851763 17.811841 17.733689 17.585875 17.315717 16.838629 16.025277 14.690018 12.591458 9.472214 5.191036 0.000000 
50.000000 43.178295 36.711585 30.899524 25.945437 21.938851 18.862688 16.618987 15.063089 14.036414 13.391166 13.004541 12.783452 12.662666 12.599558 12.567988 12.552853 12.545891 12.542816 12.541509 12.540975 12.540765 12.540685 12.540656 12.540646 12.540642 12.540641 12.540639 12.540637 12.540630 12.540611 12.540560 12.540431 12.540108 12.539333 12.537537 12.533519 12.524848 12.506801 12.470592 12.400590 12.270241 12.036641 11.634241 10.969426 9.920160 8.348988 6.142801 3.292622 0.000000 
50.000000 42.430388 35.254716 28.805509 23.308388 18.862688 15.449440 12.959924 11.233606 10.094506 9.378620 8.949684 8.704407 8.570412 8.500404 8.465385 8.448597 8.440875 8.437463 8.436015 8.435422 8.435189 8.435101 8.435068 8.435057 8.435053 8.435051 8.435050 8.435048 8.435042 8.435026 8.434982 8.434871 8.434595 8.433936 8.432416 8.429036 8.421790 8.406836 8.377136 8.320416 8.216364 8.033250 7.724720 7.228447 6.469760 5.374808 3.897948 2.062817 0.000000 
50.000000 41.884845 34.192049 27.278115 21.384933 16.618987 12.959924 10.291170 8.440602 7.219546 6.452175 5.992403 5.729502 5.585884 5.510851 5.473320 5.455327 5.447052 5.443396 5.441844 5.441209 5.440960 5.440865 5.440830 5.440818 5.440813 5.440812 5.440811 5.440809 5.440804 5.440791 5.440757 5.440669 5.440453 5.439938 5.438756 5.436142 5.430580 5.419194 5.396800 5.354524 5.278028 5.145585 4.926674 4.582346 4.069216 3.349158 2.405566 1.263061 0.000000 
50.000000 41.506513 33.455098 26.218897 20.051081 15.063089 11.233606 8.440602 6.503913 5.226061 4.423015 3.941881 3.666773 3.516491 3.437979 3.398709 3.379884 3.371225 3.367401 3.365777 3.365113 3.364852 3.364752 3.364716 3.364703 3.364699 3.364697 3.364696 3.364695 3.364691 3.364682 3.364657 3.364592 3.364435 3.364061 3.363208 3.361333 3.357370 3.349320 3.333631 3.304327 3.251957 3.162573 3.017242 2.792849 2.465206 2.015218 1.437817 0.751069 0.000000 
50.000000 41.256847 32.968782 25.519929 19.170903 14.036414 10.094506 7.219546 5.226061 3.910757 3.084192 2.588977 2.305825 2.151153 2.070348 2.029933 2.010560 2.001649 1.997714 1.996042 1.995359 1.995090 1.994988 1.994951 1.994938 1.994933 1.994932 1.994931 1.994930 1.994927 1.994921 1.994904 1.994860 1.994753 1.994499 1.993924 1.992667 1.990026 1.984702 1.974412 1.955378 1.921733 1.865021 1.774089 1.635825 1.437213 1.168939 0.830047 0.432067 0.000000 
50.000000 41.099924 32.663119 25.080616 18.617710 13.391166 9.378620 6.452175 4.423015 3.084192 2.242860 1.738807 1.450606 1.293179 1.210937 1.169804 1.150087 1.141019 1.137013 1.135312 1.134617 1.134344 1.134240 1.134202 1.134188 1.134184 1.134182 1.134181 1.134181 1.134179 1.134175 1.134164 1.134136 1.134067 1.133906 1.133542 1.132750 1.131095 1.127783 1.121430 1.109780 1.089384 1.055375 1.001484 0.920574 0.805869 0.652935 0.462019 0.239893 0.000000 
50.000000 41.005889 32.479955 24.817370 18.286234 13.004541 8.949684 5.992403 3.941881 2.588977 1.738807 1.229465 0.938244 0.779169 0.696068 0.654505 0.634582 0.625420 0.621373 0.619655 0.618952 0.618676 0.618571 0.618533 0.618519 0.618514 0.618513 0.618512 0.618512 0.618511 0.618508 0.618501 0.618484 0.618443 0.618346 0.618129 0.617658 0.616679 0.614732 0.611024 0.604276 0.592562 0.573209 0.542847 0.497740 0.434472 0.350980 0.247701 0.128375 0.000000 
50.000000 40.952110 32.375206 24.666825 18.096675 12.783452 8.704407 5.729502 3.666773 2.305825 1.450606 0.938244 0.645298 0.485283 0.401692 0.359885 0.339845 0.330628 0.326558 0.324829 0.324123 0.323845 0.323739 0.323701 0.323687 0.323682 0.323681 0.323680 0.323680 0.323679 0.323678 0.323674 0.323664 0.323641 0.323586 0.323463 0.323197 0.322649 0.321564 0.319511 0.315799 0.309404 0.298922 0.282617 0.258604 0.225214 0.181514 0.127842 0.066163 0.000000 
50.000000 40.922726 32.317974 24.584575 17.993112 12.662666 8.570412 5.585884 3.516491 2.151153 1.293179 0.779169 0.485283 0.324756 0.240897 0.198956 0.178853 0.169607 0.165524 0.163790 0.163081 0.162802 0.162696 0.162657 0.162644 0.162639 0.162637 0.162637 0.162637 0.162636 0.162636 0.162633 0.162628 0.162615 0.162586 0.162520 0.162378 0.162086 0.161511 0.160429 0.158486 0.155158 0.149742 0.141377 0.129147 0.112264 0.090313 0.063507 0.032832 0.000000 
50.000000 40.907372 32.288068 24.541597 17.939000 12.599558 8.500404 5.510851 3.437979 2.070348 1.210937 0.696068 0.401692 0.240897 0.156899 0.114889 0.094752 0.085491 0.081401 0.079664 0.078954 0.078675 0.078569 0.078530 0.078517 0.078512 0.078510 0.078510 0.078510 0.078509 0.078509 0.078508 0.078505 0.078499 0.078483 0.078450 0.078377 0.078229 0.077939 0.077396 0.076424 0.074771 0.072095 0.067988 0.062020 0.053831 0.043241 0.030368 0.015686 0.000000 
50.000000 40.899691 32.273107 24.520096 17.911930 12.567988 8.465385 5.473320 3.398709 2.029933 1.169804 0.654505 0.359885 0.198956 0.114889 0.072844 0.052691 0.043422 0.039329 0.037590 0.036880 0.036601 0.036494 0.036456 0.036442 0.036437 0.036436 0.036435 0.036435 0.036435 0.036435 0.036434 0.036433 0.036429 0.036422 0.036406 0.036370 0.036299 0.036159 0.035898 0.035434 0.034647 0.033382 0.031449 0.028655 0.024840 0.019929 0.013982 0.007217 0.000000 
50.000000 40.896008 32.265933 24.509787 17.898951 12.552853 8.448597 5.455327 3.379884 2.010560 1.150087 0.634582 0.339845 0.178853 0.094752 0.052691 0.032529 0.023257 0.019162 0.017423 0.016713 0.016433 0.016327 0.016288 0.016274 0.016269 0.016268 0.016267 0.016267 0.016267 0.016267 0.016267 0.016266 0.016265 0.016261 0.016253 0.016237 0.016204 0.016139 0.016019 0.015807 0.015449 0.014874 0.014001 0.012745 0.011037 0.008846 0.006201 0.003199 0.000000 
50.000000 40.894313 32.262633 24.505045 17.892981 12.545891 8.440875 5.447052 3.371225 2.001649 1.141019 0.625420 0.330628 0.169607 0.085491 0.043422 0.023257 0.013984 0.009888 0.008149 0.007438 0.007158 0.007052 0.007013 0.006999 0.006995 0.006993 0.006993 0.006992 0.006992 0.006992 0.006992 0.006992 0.006991 0.006990 0.006986 0.006979 0.006964 0.006936 0.006883 0.006790 0.006633 0.006383 0.006004 0.005461 0.004725 0.003784 0.002650 0.001367 0.000000 
50.000000 40.893564 32.261175 24.502950 17.890343 12.542816 8.437463 5.443396 3.367401 1.997714 1.137013 0.621373 0.326558 0.165524 0.081401 0.039329 0.019162 0.009888 0.005792 0.004052 0.003342 0.003062 0.002956 0.002917 0.002903 0.002898 0.002897 0.002896 0.002896 0.002896 0.002896 0.002896 0.002896 0.002895 0.002895 0.002893 0.002890 0.002884 0.002872 0.002849 0.002810 0.002744 0.002639 0.002481 0.002255 0.001950 0.001560 0.001092 0.000563 0.000000 
50.000000 40.893246 32.260555 24.502060 17.889223 12.541509 8.436015 5.441844 3.365777 1.996042 1.135312 0.619655 0.324829 0.163790 0.079664 0.037590 0.017423 0.008149 0.004052 0.002313 0.001602 0.001322 0.001216 0.001177 0.001163 0.001159 0.001157 0.001157 0.001157 0.001156 0.001156 0.001156 0.001156 0.001156 0.001156 0.001155 0.001154 0.001152 0.001147 0.001137 0.001122 0.001095 0.001053 0.000989 0.000898 0.000776 0.000621 0.000434 0.000224 0.000000 
50.000000 40.893116 32.260302 24.501696 17.888765 12.540975 8.435423 5.441209 3.365113 1.995359 1.134617 0.618952 0.324123 0.163081 0.078955 0.036880 0.016713 0.007438 0.003342 0.001602 0.000891 0.000611 0.000505 0.000466 0.000453 0.000448 0.000446 0.000446 0.000446 0.000446 0.000446 0.000446 0.000446 0.000446 0.000445 0.000445 0.000445 0.000444 0.000442 0.000438 0.000432 0.000422 0.000405 0.000381 0.000345 0.000298 0.000238 0.000167 0.000086 0.000000 
50.000000 40.893065 32.260202 24.501553 17.888585 12.540765 8.435189 5.440960 3.364852 1.995090 1.134344 0.618676 0.323845 0.162802 0.078675 0.036601 0.016433 0.007158 0.003062 0.001322 0.000612 0.000332 0.000226 0.000187 0.000173 0.000168 0.000167 0.000166 0.000166 0.000166 0.000166 0.000166 0.000166 0.000166 0.000166 0.000166 0.000166 0.000165 0.000164 0.000163 0.000161 0.000157 0.000151 0.000141 0.000128 0.000111 0.000089 0.000062 0.000032 0.000000 
50.000000 40.893046 32.260165 24.501499 17.888517 12.540685 8.435101 5.440865 3.364753 1.994989 1.134240 0.618571 0.323740 0.162696 0.078569 0.036495 0.016327 0.007052 0.002956 0.001216 0.000505 0.000226 0.000120 0.000081 0.000067 0.000062 0.000061 0.000060 0.000060 0.000060 0.000060 0.000060 0.000060 0.000060 0.000060 0.000060 0.000060 0.000060 0.000059 0.000059 0.000058 0.000057 0.000054 0.000051 0.000046 0.000040 0.000032 0.000022 0.000011 0.000000 
50.000000 40.893039 32.260151 24.501479 17.888492 12.540657 8.435069 5.440831 3.364717 1.994952 1.134202 0.618533 0.323701 0.162658 0.078531 0.036456 0.016289 0.007014 0.002917 0.001178 0.000467 0.000187 0.000081 0.000042 0.000028 0.000024 0.000022 0.000022 0.000022 0.000021 0.000021 0.000021 0.000021 0.000021 0.000021 0.000021 0.000021 0.000021 0.000021 0.000021 0.000021 0.000020 0.000019 0.000018 0.000017 0.000014 0.000011 0.000008 0.000004 0.000000 
50.000000 40.893037 32.260147 24.501473 17.888484 12.540647 8.435059 5.440820 3.364705 1.994940 1.134191 0.618521 0.323689 0.162646 0.078519 0.036444 0.016276 0.007002 0.002905 0.001166 0.000455 0.000175 0.000069 0.000030 0.000016 0.000012 0.000010 0.000009 0.000009 0.000009 0.000009 0.000009 0.000009 0.000009 0.000009 0.000009 0.000009 0.000009 0.000009 0.000009 0.000009 0.000009 0.000008 0.000008 0.000007 0.000006 0.000005 0.000003 0.000002 0.000000 
50.000000 40.893037 32.260147 24.501473 17.888484 12.540647 8.435059 5.440820 3.364705 1.994940 1.134191 0.618521 0.323689 0.162646 0.078519 0.036444 0.016276 0.007002 0.002905 0.001166 0.000455 0.000175 0.000069 0.000030 0.000016 0.000012 0.000010 0.000009 0.000009 0.000009 0.000009 0.000009 0.000009 0.000009 0.000009 0.000009 0.000009 0.000009 0.000009 0.000009 0.000009 0.000009 0.000008 0.000008 0.000007 0.000006 0.000005 0.000003 0.000002 0.000000 
50.000000 40.893039 32.260151 24.501479 17.888492 12.540657 8.435069 5.440831 3.364717 1.994952 1.134202 0.618533 0.323701 0.162658 0.078531 0.036456 0.016289 0.007014 0.002917 0.001178 0.000467 0.000187 0.000081 0.000042 0.000028 0.000024 0.000022 0.000022 0.000022 0.000021 0.000021 0.000021 0.000021 0.000021 0.000021 0.000021 0.000021 0.000021 0.000021 0.000021 0.000021 0.000020 0.000019 0.000018 0.000017 0.000014 0.000011 0.000008 0.000004 0.000000 
50.000000 40.893046 32.260165 24.501499 17.888517 12.540685 8.435101 5.440865 3.364753 1.994989 1.134240 0.618571 0.323740 0.162696 0.078569 0.036495 0.016327 0.007052 0.002956 0.001216 0.000505 0.000226 0.000120 0.000081 0.000067 0.000062 0.000061 0.000060 0.000060 0.000060 0.000060 0.000060 0.000060 0.000060 0.000060 0.000060 0.000060 0.000060 0.000059 0.000059 0.000058 0.000057 0.000054 0.000051 0.000046 0.000040 0.000032 0.000022 0.000011 0.000000 
50.000000 40.893065 32.260202 24.501553 17.888585 12.540765 8.435189 5.440960 3.364852 1.995090 1.134344 0.618676 0.323845 0.162802 0.078675 0.036601 0.016433 0.007158 0.003062 0.001322 0.000612 0.000332 0.000226 0.000187 0.000173 0.000168 0.000167 0.000166 0.000166 0.000166 0.000166 0.000166 0.000166 0.000166 0.000166 0.000166 0.000166 0.000165 0.000164 0.000163 0.000161 0.000157 0.000151 0.000141 0.000128 0.000111 0.000089 0.000062 0.000032 0.000000 
50.000000 40.893116 32.260302 24.501696 17.888765 12.540975 8.435423 5.441209 3.365113 1.995359 1.134617 0.618952 0.324123 0.163081 0.078955 0.036880 0.016713 0.007438 0.003342 0.001602 0.000891 0.000611 0.000505 0.000466 0.000453 0.000448 0.000446 0.000446 0.000446 0.000446 0.000446 0.000446 0.000446 0.000446 0.000445 0.000445 0.000445 0.000444 0.000442 0.000438 0.000432 0.000422 0.000405 0.000381 0.000345 0.000298 0.000238 0.000167 0.000086 0.000000 
50.000000 40.893246 32.260555 24.502060 17.889223 12.541509 8.436015 5.441844 3.365777 1.996042 1.135312 0.619655 0.324829 0.163790 0.079664 0.037590 0.017423 0.008149 0.004052 0.002313 0.001602 0.001322 0.001216 0.001177 0.001163 0.001159 0.001157 0.001157 0.001157 0.001156 0.001156 0.001156 0.001156 0.001156 0.001156 0.001155 0.001154 0.001152 0.001147 0.001137 0.001122 0.001095 0.001053 0.000989 0.000898 0.000776 0.000621 0.000434 0.000224 0.000000 
50.000000 40.893564 32.261175 24.502950 17.890343 12.542816 8.437463 5.443396 3.367401 1.997714 1.137013 0.621373 0.326558 0.165524 0.081401 0.039329 0.019162 0.009888 0.005792 0.004052 0.003342 0.003062 0.002956 0.002917 0.002903 0.002898 0.002897 0.002896 0.002896 0.002896 0.002896 0.002896 0.002896 0.002895 0.002895 0.002893 0.002890 0.002884 0.002872 0.002849 0.002810 0.002744 0.002639 0.002481 0.002255 0.001950 0.001560 0.001092 0.000563 0.000000 
50.000000 40.894313 32.262633 24.505045 17.892981 12.545891 8.440875 5.447052 3.371225 2.001649 1.141019 0.625420 0.330628 0.169607 0.085491 0.043422 0.023257 0.013984 0.009888 0.008149 0.007438 0.007158 0.007052 0.007013 0.006999 0.006995 0.006993 0.006993 0.006992 0.006992 0.006992 0.006992 0.006992 0.006991 0.006990 0.006986 0.006979 0.006964 0.006936 0.006883 0.006790 0.006633 0.006383 0.006004 0.005461 0.004725 0.003784 0.002650 0.001367 0.000000 
50.000000 40.896008 32.265933 24.509787 17.898951 12.552853 8.448597 5.455327 3.379884 2.010560 1.150087 0.634582 0.339845 0.178853 0.094752 0.052691 0.032529 0.023257 0.019162 0.017423 0.016713 0.016433 0.016327 0.016288 0.016274 0.016269 0.016268 0.016267 0.016267 0.016267 0.016267 0.016267 0.016266 0.016265 0.016261 0.016253 0.016237 0.016204 0.016139 0.016019 0.015807 0.015449 0.014874 0.014001 0.012745 0.011037 0.008846 0.006201 0.003199 0.000000 
50.000000 40.899691 32.273107 24.520096 17.911930 12.567988 8.465385 5.473320 3.398709 2.029933 1.169804 0.654505 0.359885 0.198956 0.114889 0.072844 0.052691 0.043422 0.039329 0.037590 0.036880 0.036601 0.036494 0.036456 0.036442 0.036437 0.036436 0.036435 0.036435 0.036435 0.036435 0.036434 0.036433 0.036429 0.036422 0.036406 0.036370 0.036299 0.036159 0.035898 0.035434 0.034647 0.033382 0.031449 0.028655 0.024840 0.019929 0.013982 0.007217 0.000000 
50.000000 40.907372 32.288068 24.541597 17.939000 12.599558 8.500404 5.510851 3.437979 2.070348 1.210937 0.696068 0.401692 0.240897 0.156899 0.114889 0.094752 0.085491 0.081401 0.079664 0.078954 0.078675 0.078569 0.078530 0.078517 0.078512 0.078510 0.078510 0.078510 0.078509 0.078509 0.078508 0.078505 0.078499 0.078483 0.078450 0.078377 0.078229 0.077939 0.077396 0.076424 0.074771 0.072095 0.067988 0.062020 0.053831 0.043241 0.030368 0.015686 0.000000 
50.000000 40.922726 32.317974 24.584575 17.993112 12.662666 8.570412 5.585884 3.516491 2.151153 1.293179 0.779169 0.485283 0.324756 0.240897 0.198956 0.178853 0.169607 0.165524 0.163790 0.163081 0.162802 0.162696 0.162657 0.162644 0.162639 0.162637 0.162637 0.162637 0.162636 0.162636 0.162633 0.162628 0.162615 0.162586 0.162520 0.162378 0.162086 0.161511 0.160429 0.158486 0.155158 0.149742 0.141377 0.129147 0.112264 0.090313 0.063507 0.032832 0.000000 
50.000000 40.952110 32.375206 24.666825 18.096675 12.783452 8.704407 5.729502 3.666773 2.305825 1.450606 0.938244 0.645298 0.485283 0.401692 0.359885 0.339845 0.330628 0.326558 0.324829 0.324123 0.323845 0.323739 0.323701 0.323687 0.323682 0.323681 0.323680 0.323680 0.323679 0.323678 0.323674 0.323664 0.323641 0.323586 0.323463 0.323197 0.322649 0.321564 0.319511 0.315799 0.309404 0.298922 0.282617 0.258604 0.225214 0.181514 0.127842 0.066163 0.000000 
50.000000 41.005889 32.479955 24.817370 18.286234 13.004541 8.949684 5.992403 3.941881 2.588977 1.738807 1.229465 0.938244 0.779169 0.696068 0.654505 0.634582 0.625420 0.621373 0.619655 0.618952 0.618676 0.618571 0.618533 0.618519 0.618514 0.618513 0.618512 0.618512 0.618511 0.618508 0.618501 0.618484 0.618443 0.618346 0.618129 0.617658 0.616679 0.614732 0.611024 0.604276 0.592562 0.573209 0.542847 0.497740 0.434472 0.350980 0.247701 0.128375 0.000000 
50.000000 41.099924 32.663119 25.080616 18.617710 13.391166 9.378620 6.452175 4.423015 3.084192 2.242860 1.738807 1.450606 1.293179 1.210937 1.169804 1.150087 1.141019 1.137013 1.135312 1.134617 1.134344 1.134240 1.134202 1.134188 1.134184 1.134182 1.134181 1.134181 1.134179 1.134175 1.134164 1.134136 1.134067 1.133906 1.133542 1.132750 1.131095 1.127783 1.121430 1.109780 1.089384 1.055375 1.001484 0.920574 0.805869 0.652935 0.462019 0.239893 0.000000 
50.000000 41.256847 32.968782 25.519929 19.170903 14.036414 10.094506 7.219546 5.226061 3.910757 3.084192 2.588977 2.305825 2.151153 2.070348 2.029933 2.010560 2.001649 1.997714 1.996042 1.995359 1.995090 1.994988 1.994951 1.994938 1.994933 1.994932 1.994931 1.994930 1.994927 1.994921 1.994904 1.994860 1.994753 1.994499 1.993924 1.992667 1.990026 1.984702 1.974412 1.955378 1.921733 1.865021 1.774089 1.635825 1.437213 1.168939 0.830047 0.432067 0.000000 
50.000000 41.506513 33.455098 26.218897 20.051081 15.063089 11.233606 8.440602 6.503913 5.226061 4.423015 3.941881 3.666773 3.516491 3.437979 3.398709 3.379884 3.371225 3.367401 3.365777 3.365113 3.364852 3.364752 3.364716 3.364703 3.364699 3.364697 3.364696 3.364695 3.364691 3.364682 3.364657 3.364592 3.364435 3.364061 3.363208 3.361333 3.357370 3.349320 3.333631 3.304327 3.251957 3.162573 3.017242 2.792849 2.465206 2.015218 1.437817 0.751069 0.000000 
50.000000 41.884845 34.192049 27.278115 21.384933 16.618987 12.959924 10.291170 8.440602 7.219546 6.452175 5.992403 5.729502 5.585884 5.510851 5.473320 5.455327 5.447052 5.443396 5.441844 5.441209 5.440960 5.440865 5.440830 5.440818 5.440813 5.440812 5.440811 5.440809 5.440804 5.440791 5.440757 5.440669 5.440453 5.439938 5.438756 5.436142 5.430580 5.419194 5.396800 5.354524 5.278028 5.145585 4.926674 4.582346 4.069216 3.349158 2.405566 1.263061 0.000000 
50.000000 42.430388 35.254716 28.805509 23.308388 18.862688 15.449440 12.959924 11.233606 10.094506 9.378620 8.949684 8.704407 8.570412 8.500404 8.465385 8.448597 8.440875 8.437463 8.436015 8.435422 8.435189 8.435101 8.435068 8.435057 8.435053 8.435051 8.435050 8.435048 8.435042 8.435026 8.434982 8.434871 8.434595 8.433936 8.432416 8.429036 8.421790 8.406836 8.377136 8.320416 8.216364 8.033250 7.724720 7.228447 6.469760 5.374808 3.897948 2.062817 0.000000 
50.000000 43.178295 36.711585 30.899524 25.945437 21.938851 18.862688 16.618987 15.063089 14.036414 13.391166 13.004541 12.783452 12.662666 12.599558 12.567988 12.552853 12.545891 12.542816 12.541509 12.540975 12.540765 12.540685 12.540656 12.540646 12.540642 12.540641 12.540639 12.540637 12.540630 12.540611 12.540560 12.540431 12.540108 12.539333 12.537537 12.533519 12.524848 12.506801 12.470592 12.400590 12.270241 12.036641 11.634241 10.969426 9.920160 8.348988 6.142801 3.292622 0.000000 
50.000000 44.152367 38.609020 33.626814 29.380036 25.945437 23.308388 21.384933 20.051081 19.170903 18.617710 18.286234 18.096675 17.993112 17.939000 17.911930 17.898951 17.892981 17.890343 17.889223 17.888765 17.888585 17.888516 17.888491 17.888482 17.888479 17.888478 17.888477 17.888474 17.888467 17.888447 17.888394 17.888257 17.887914 17.887090 17.885169 17.880849 17.871461 17.851763 17.811841 17.733689 17.585875 17.315717 16.838629 16.025277 14.690018 12.591458 9.472214 5.191036 0.000000 
50.000000 45.356745 40.955092 36.998985 33.626814 30.899524 28.805509 27.278115 26.218897 25.519929 25.080616 24.817370 24.666825 24.584575 24.541597 24.520096 24.509787 24.505045 24.502950 24.502060 24.501696 24.501553 24.501499 24.501479 24.501471 24.501469 24.501468 24.501467 24.501464 24.501458 24.501439 24.501390 24.501262 24.500941 24.500167 24.498356 24.494262 24.485312 24.466390 24.427681 24.350989 24.203680 23.928957 23.430701 22.550536 21.035356 18.499493 14.412196 8.229614 0.000000 
50.000000 46.769661 43.707398 40.955092 38.609020 36.711585 35.254716 34.192049 33.455098 32.968782 32.663119 32.479955 32.375206 32.317974 32.288068 32.273107 32.265933 32.262633 32.261175 32.260555 32.260302 32.260202 32.260165 32.260151 32.260146 32.260144 32.260143 32.260142 32.260141 32.260135 32.260121 32.260082 32.259982 32.259732 32.259125 32.257700 32.254467 32.247364 32.232255 32.201100 32.138735 32.017281 31.786482 31.356768 30.568784 29.136807 26.542896 21.853699 13.523761 0.000000 
50.000000 48.341690 46.769661 45.356745 44.152367 43.178295 42.430388 41.884845 41.506513 41.256847 41.099924 41.005889 40.952110 40.922726 40.907372 40.899691 40.896008 40.894313 40.893564 40.893246 40.893116 40.893065 40.893046 40.893039 40.893036 40.893035 40.893035 40.893034 40.893033 40.893031 40.893023 40.893001 40.892946 40.892809 40.892474 40.891686 40.889895 40.885947 40.877513 40.860031 40.824780 40.755444 40.621785 40.367571 39.885672 38.961331 37.127131 33.245899 24.170845 0.000000 
50.000000 50.000000 50.000000 50.000000 50.000000 50.000000 50.000000 50.000000 50.000000 50.000000 50.000000 50.000000 50.000000 50.000000 50.000000 50.000000 50.000000 50.000000 50.000000 50.000000 50.000000 50.000000 50.000000 50.000000 50.000000 50.000000 50.000000 50.000000 50.000000 50.000000 50.000000 50.000000 50.000000 50.000000 50.000000 50.000000 50.000000 50.000000 50.000000 50.000000 50.000000 50.000000 50.000000 50.000000 50.000000 50.000000 50.000000 50.000000 50.000000 50.000000 
