50.000000 50.000000 50.000000 50.000000 50.000000 50.000000 50.000000 50.000000 50.000000 50.000000 50.000000 50.000000 50.000000 50.000000 50.000000 50.000000 50.000000 50.000000 50.000000 50.000000 50.000000 50.000000 50.000000 50.000000 50.000000 50.000000 50.000000 50.000000 50.000000 50.000000 50.000000 50.000000 50.000000 50.000000 50.000000 50.000000 50.000000 50.000000 50.000000 50.000000 50.000000 50.000000 50.000000 50.000000 50.000000 50.000000 50.000000 50.000000 50.000000 50.000000 
50.000000 44.304604 39.620505 36.425837 34.595037 33.700354 33.322144 33.182023 33.135998 33.122459 33.118861 33.117991 33.117798 33.117758 33.117751 33.117749 33.117749 33.117749 33.117749 33.117749 33.117749 33.117749 33.117749 33.117749 33.117749 33.117749 33.117749 33.117749 33.117749 33.117749 33.117749 33.117749 33.117749 33.117749 33.117749 33.117749 33.117749 33.117746 33.117733 33.117667 33.117346 33.115916 33.109997 33.087313 33.006731 32.740265 31.911598 29.440649 22.152302 0.000000 
50.000000 39.620505 31.084625 25.263703 21.928444 20.298906 19.610219 19.355139 19.271378 19.246746 19.240202 19.238620 19.238269 19.238197 19.238184 19.238181 19.238181 19.238181 19.238181 19.238181 19.238181 19.238181 19.238181 19.238181 19.238181 19.238181 19.238181 19.238181 19.238181 19.238181 19.238181 19.238181 19.238181 19.238181 19.238181 19.238181 19.238180 19.238177 19.238159 19.238068 19.237631 19.235703 19.227854 19.198456 19.097547 18.781099 17.877509 15.542312 10.179855 0.000000 
50.000000 36.425837 25.263703 17.653090 13.293355 11.163859 10.264153 9.931026 9.821676 9.789531 9.780994 9.778930 9.778473 9.778380 9.778362 9.778359 9.778359 9.778358 9.778358 9.778358 9.778358 9.778358 9.778358 9.778358 9.778358 9.778358 9.778358 9.778358 9.778358 9.778358 9.778358 9.778358 9.778358 9.778358 9.778358 9.778358 9.778358 9.778355 9.778340 9.778264 9.777903 9.776330 9.770029 9.746968 9.670301 9.440581 8.826545 7.386195 4.514239 0.000000 
50.000000 34.595037 21.928444 13.293355 8.347774 5.932726 4.912664 4.535090 4.411190 4.374781 4.365115 4.362780 4.362262 4.362157 4.362137 4.362133 4.362133 4.362133 4.362133 4.362133 4.362133 4.362133 4.362133 4.362133 4.362133 4.362133 4.362133 4.362133 4.362133 4.362133 4.362133 4.362133 4.362133 4.362133 4.362133 4.362133 4.362132 4.362131 4.362121 4.362074 4.361853 4.360901 4.357143 4.343662 4.300023 4.173887 3.852774 3.147345 1.854772 0.000000 
50.000000 33.700354 20.298906 11.163859 5.932726 3.378703 2.300163 1.901033 1.770090 1.731621 1.721411 1.718944 1.718398 1.718287 1.718266 1.718262 1.718262 1.718261 1.718261 1.718261 1.718261 1.718261 1.718261 1.718261 1.718261 1.718261 1.718261 1.718261 1.718261 1.718261 1.718261 1.718261 1.718261 1.718261 1.718261 1.718261 1.718261 1.718260 1.718256 1.718232 1.718124 1.717662 1.715860 1.709501 1.689352 1.632703 1.493558 1.201359 0.693622 0.000000 
50.000000 33.322144 19.610219 10.264153 4.912664 2.300163 1.197062 0.788898 0.655011 0.615682 0.605245 0.602724 0.602166 0.602052 0.602031 0.602027 0.602027 0.602026 0.602026 0.602026 0.602026 0.602026 0.602026 0.602026 0.602026 0.602026 0.602026 0.602026 0.602026 0.602026 0.602026 0.602026 0.602026 0.602026 0.602026 0.602026 0.602026 0.602026 0.602024 0.602014 0.601970 0.601782 0.601057 0.598531 0.590662 0.569002 0.517185 0.411763 0.234830 0.000000 
50.000000 33.182023 19.355139 9.931026 4.535090 1.901033 0.788898 0.377418 0.242452 0.202810 0.192291 0.189750 0.189188 0.189073 0.189051 0.189047 0.189047 0.189047 0.189047 0.189047 0.189047 0.189047 0.189047 0.189047 0.189047 0.189047 0.189047 0.189047 0.189047 0.189047 0.189047 0.189047 0.189047 0.189047 0.189047 0.189047 0.189047 0.189046 0.189046 0.189042 0.189027 0.188961 0.188709 0.187841 0.185173 0.177947 0.160997 0.127285 0.072025 0.000000 
50.000000 33.135998 19.271378 9.821676 4.411190 1.770090 0.655011 0.242452 0.107137 0.067393 0.056847 0.054300 0.053736 0.053621 0.053599 0.053596 0.053595 0.053595 0.053595 0.053595 0.053595 0.053595 0.053595 0.053595 0.053595 0.053595 0.053595 0.053595 0.053595 0.053595 0.053595 0.053595 0.053595 0.053595 0.053595 0.053595 0.053595 0.053595 0.053595 0.053594 0.053589 0.053568 0.053492 0.053229 0.052429 0.050290 0.045346 0.035675 0.020082 0.000000 
50.000000 33.122459 19.246746 9.789531 4.374781 1.731621 0.615682 0.202810 0.067393 0.027619 0.017066 0.014517 0.013953 0.013837 0.013816 0.013812 0.013811 0.013811 0.013811 0.013811 0.013811 0.013811 0.013811 0.013811 0.013811 0.013811 0.013811 0.013811 0.013811 0.013811 0.013811 0.013811 0.013811 0.013811 0.013811 0.013811 0.013811 0.013811 0.013811 0.013811 0.013809 0.013804 0.013783 0.013712 0.013497 0.012928 0.011628 0.009116 0.005113 0.000000 
50.000000 33.118861 19.240202 9.780994 4.365115 1.721411 0.605245 0.192291 0.056847 0.017066 0.006510 0.003961 0.003397 0.003282 0.003260 0.003256 0.003255 0.003255 0.003255 0.003255 0.003255 0.003255 0.003255 0.003255 0.003255 0.003255 0.003255 0.003255 0.003255 0.003255 0.003255 0.003255 0.003255 0.003255 0.003255 0.003255 0.003255 0.003255 0.003255 0.003255 0.003255 0.003253 0.003248 0.003231 0.003179 0.003041 0.002730 0.002135 0.001194 0.000000 
50.000000 33.117991 19.238620 9.778930 4.362780 1.718944 0.602724 0.189750 0.054300 0.014517 0.003961 0.001411 0.000847 0.000732 0.000710 0.000706 0.000706 0.000706 0.000706 0.000706 0.000706 0.000706 0.000706 0.000706 0.000706 0.000706 0.000706 0.000706 0.000706 0.000706 0.000706 0.000706 0.000706 0.000706 0.000706 0.000706 0.000706 0.000706 0.000706 0.000706 0.000706 0.000705 0.000704 0.000700 0.000689 0.000658 0.000590 0.000461 0.000257 0.000000 
50.000000 33.117798 19.238269 9.778473 4.362262 1.718398 0.602166 0.189188 0.053736 0.013953 0.003397 0.000847 0.000283 0.000168 0.000146 0.000142 0.000142 0.000141 0.000141 0.000141 0.000141 0.000141 0.000141 0.000141 0.000141 0.000141 0.000141 0.000141 0.000141 0.000141 0.000141 0.000141 0.000141 0.000141 0.000141 0.000141 0.000141 0.000141 0.000141 0.000141 0.000141 0.000141 0.000141 0.000140 0.000138 0.000132 0.000118 0.000092 0.000051 0.000000 
50.000000 33.117758 19.238197 9.778380 4.362157 1.718287 0.602052 0.189073 0.053621 0.013837 0.003282 0.000732 0.000168 0.000053 0.000031 0.000027 0.000026 0.000026 0.000026 0.000026 0.000026 0.000026 0.000026 0.000026 0.000026 0.000026 0.000026 0.000026 0.000026 0.000026 0.000026 0.000026 0.000026 0.000026 0.000026 0.000026 0.000026 0.000026 0.000026 0.000026 0.000026 0.000026 0.000026 0.000026 0.000026 0.000025 0.000022 0.000017 0.000010 0.000000 
50.000000 33.117751 19.238184 9.778362 4.362137 1.718266 0.602031 0.189051 0.053599 0.013816 0.003260 0.000710 0.000146 0.000031 0.000009 0.000005 0.000005 0.000005 0.000005 0.000005 0.000005 0.000005 0.000005 0.000005 0.000005 0.000005 0.000005 0.000005 0.000005 0.000005 0.000005 0.000005 0.000005 0.000005 0.000005 0.000005 0.000005 0.000005 0.000005 0.000005 0.000005 0.000005 0.000005 0.000005 0.000004 0.000004 0.000004 0.000003 0.000002 0.000000 
50.000000 33.117749 19.238181 9.778359 4.362133 1.718262 0.602027 0.189047 0.053596 0.013812 0.003256 0.000706 0.000142 0.000027 0.000005 0.000001 0.000001 0.000001 0.000001 0.000001 0.000001 0.000001 0.000001 0.000001 0.000001 0.000001 0.000001 0.000001 0.000001 0.000001 0.000001 0.000001 0.000001 0.000001 0.000001 0.000001 0.000001 0.000001 0.000001 0.000001 0.000001 0.000001 0.000001 0.000001 0.000001 0.000001 0.000001 0.000000 0.000000 0.000000 
50.000000 33.117749 19.238181 9.778359 4.362133 1.718262 0.602027 0.189047 0.053595 0.013811 0.003255 0.000706 0.000142 0.000026 0.000005 0.000001 0.000000 0.000000 0.000000 0.000000 0.000000 0.000000 0.000000 0.000000 0.000000 0.000000 0.000000 0.000000 0.000000 0.000000 0.000000 0.000000 0.000000 0.000000 0.000000 0.000000 0.000000 0.000000 0.000000 0.000000 0.000000 0.000000 0.000000 0.000000 0.000000 0.000000 0.000000 0.000000 0.000000 0.000000 
50.000000 33.117749 19.238181 9.778358 4.362133 1.718261 0.602026 0.189047 0.053595 0.013811 0.003255 0.000706 0.000141 0.000026 0.000005 0.000001 0.000000 0.000000 0.000000 0.000000 0.000000 0.000000 0.000000 0.000000 0.000000 0.000000 0.000000 0.000000 0.000000 0.000000 0.000000 0.000000 0.000000 0.000000 0.000000 0.000000 0.000000 0.000000 0.000000 0.000000 0.000000 0.000000 0.000000 0.000000 0.000000 0.000000 0.000000 0.000000 0.000000 0.000000 
50.000000 33.117749 19.238181 9.778358 4.362133 1.718261 0.602026 0.189047 0.053595 0.013811 0.003255 0.000706 0.000141 0.000026 0.000005 0.000001 0.000000 0.000000 0.000000 0.000000 0.000000 0.000000 0.000000 0.000000 0.000000 0.000000 0.000000 0.000000 0.000000 0.000000 0.000000 0.000000 0.000000 0.000000 0.000000 0.000000 0.000000 0.000000 0.000000 0.000000 0.000000 0.000000 0.000000 0.000000 0.000000 0.000000 0.000000 0.000000 0.000000 0.000000 
50.000000 33.117749 19.238181 9.778358 4.362133 1.718261 0.602026 0.189047 0.053595 0.013811 0.003255 0.000706 0.000141 0.000026 0.000005 0.000001 0.000000 0.000000 0.000000 0.000000 0.000000 0.000000 0.000000 0.000000 0.000000 0.000000 0.000000 0.000000 0.000000 0.000000 0.000000 0.000000 0.000000 0.000000 0.000000 0.000000 0.000000 0.000000 0.000000 0.000000 0.000000 0.000000 0.000000 0.000000 0.000000 0.000000 0.000000 0.000000 0.000000 0.000000 
50.000000 33.117749 19.238181 9.778358 4.362133 1.718261 0.602026 0.189047 0.053595 0.013811 0.003255 0.000706 0.000141 0.000026 0.000005 0.000001 0.000000 0.000000 0.000000 0.000000 0.000000 0.000000 0.000000 0.000000 0.000000 0.000000 0.000000 0.000000 0.000000 0.000000 0.000000 0.000000 0.000000 0.000000 0.000000 0.000000 0.000000 0.000000 0.000000 0.000000 0.000000 0.000000 0.000000 0.000000 0.000000 0.000000 0.000000 0.000000 0.000000 0.000000 
50.000000 33.117749 19.238181 9.778358 4.362133 1.718261 0.602026 0.189047 0.053595 0.013811 0.003255 0.000706 0.000141 0.000026 0.000005 0.000001 0.000000 0.000000 0.000000 0.000000 0.000000 0.000000 0.000000 0.000000 0.000000 0.000000 0.000000 0.000000 0.000000 0.000000 0.000000 0.000000 0.000000 0.000000 0.000000 0.000000 0.000000 0.000000 0.000000 0.000000 0.000000 0.000000 0.000000 0.000000 0.000000 0.000000 0.000000 0.000000 0.000000 0.000000 
50.000000 33.117749 19.238181 9.778358 4.362133 1.718261 0.602026 0.189047 0.053595 0.013811 0.003255 0.000706 0.000141 0.000026 0.000005 0.000001 0.000000 0.000000 0.000000 0.000000 0.000000 0.000000 0.000000 0.000000 0.000000 0.000000 0.000000 0.000000 0.000000 0.000000 0.000000 0.000000 0.000000 0.000000 0.000000 0.000000 0.000000 0.000000 0.000000 0.000000 0.000000 0.000000 0.000000 0.000000 0.000000 0.000000 0.000000 0.000000 0.000000 0.000000 
50.000000 33.117749 19.238181 9.778358 4.362133 1.718261 0.602026 0.189047 0.053595 0.013811 0.003255 0.000706 0.000141 0.000026 0.000005 0.000001 0.000000 0.000000 0.000000 0.000000 0.000000 0.000000 0.000000 0.000000 0.000000 0.000000 0.000000 0.000000 0.000000 0.000000 0.000000 0.000000 0.000000 0.000000 0.000000 0.000000 0.000000 0.000000 0.000000 0.000000 0.000000 0.000000 0.000000 0.000000 0.000000 0.000000 0.000000 0.000000 0.000000 0.000000 
50.000000 33.117749 19.238181 9.778358 4.362133 1.718261 0.602026 0.189047 0.053595 0.013811 0.003255 0.000706 0.000141 0.000026 0.000005 0.000001 0.000000 0.000000 0.000000 0.000000 0.000000 0.000000 0.000000 0.000000 0.000000 0.000000 0.000000 0.000000 0.000000 0.000000 0.000000 0.000000 0.000000 0.000000 0.000000 0.000000 0.000000 0.000000 0.000000 0.000000 0.000000 0.000000 0.000000 0.000000 0.000000 0.000000 0.000000 0.000000 0.000000 0.000000 
50.000000 33.117749 19.238181 9.778358 4.362133 1.718261 0.602026 0.189047 0.053595 0.013811 0.003255 0.000706 0.000141 0.000026 0.000005 0.000001 0.000000 0.000000 0.000000 0.000000 0.000000 0.000000 0.000000 0.000000 0.000000 0.000000 0.000000 0.000000 0.000000 0.000000 0.000000 0.000000 0.000000 0.000000 0.000000 0.000000 0.000000 0.000000 0.000000 0.000000 0.000000 0.000000 0.000000 0.000000 0.000000 0.000000 0.000000 0.000000 0.000000 0.000000 
50.000000 33.117749 19.238181 9.778358 4.362133 1.718261 0.602026 0.189047 0.053595 0.013811 0.003255 0.000706 0.000141 0.000026 0.000005 0.000001 0.000000 0.000000 0.000000 0.000000 0.000000 0.000000 0.000000 0.000000 0.000000 0.000000 0.000000 0.000000 0.000000 0.000000 0.000000 0.000000 0.000000 0.000000 0.000000 0.000000 0.000000 0.000000 0.000000 0.000000 0.000000 0.000000 0.000000 0.000000 0.000000 0.000000 0.000000 0.000000 0.000000 0.000000 
50.000000 33.117749 19.238181 9.778358 4.362133 1.718261 0.602026 0.189047 0.053595 0.013811 0.003255 0.000706 0.000141 0.000026 0.000005 0.000001 0.000000 0.000000 0.000000 0.000000 0.000000 0.000000 0.000000 0.000000 0.000000 0.000000 0.000000 0.000000 0.000000 0.000000 0.000000 0.000000 0.000000 0.000000 0.000000 0.000000 0.000000 0.000000 0.000000 0.000000 0.000000 0.000000 0.000000 0.000000 0.000000 0.000000 0.000000 0.000000 0.000000 0.000000 
50.000000 33.117749 19.238181 9.778358 4.362133 1.718261 0.602026 0.189047 0.053595 0.013811 0.003255 0.000706 0.000141 0.000026 0.000005 0.000001 0.000000 0.000000 0.000000 0.000000 0.000000 0.000000 0.000000 0.000000 0.000000 0.000000 0.000000 0.000000 0.000000 0.000000 0.000000 0.000000 0.000000 0.000000 0.000000 0.000000 0.000000 0.000000 0.000000 0.000000 0.000000 0.000000 0.000000 0.000000 0.000000 0.000000 0.000000 0.000000 0.000000 0.000000 
50.000000 33.117749 19.238181 9.778358 4.362133 1.718261 0.602026 0.189047 0.053595 0.013811 0.003255 0.000706 0.000141 0.000026 0.000005 0.000001 0.000000 0.000000 0.000000 0.000000 0.000000 0.000000 0.000000 0.000000 0.000000 0.000000 0.000000 0.000000 0.000000 0.000000 0.000000 0.000000 0.000000 0.000000 0.000000 0.000000 0.000000 0.000000 0.000000 0.000000 0.000000 0.000000 0.000000 0.000000 0.000000 0.000000 0.000000 0.000000 0.000000 0.000000 
50.000000 33.117749 19.238181 9.778358 4.362133 1.718261 0.602026 0.189047 0.053595 0.013811 0.003255 0.000706 0.000141 0.000026 0.000005 0.000001 0.000000 0.000000 0.000000 0.000000 0.000000 0.000000 0.000000 0.000000 0.000000 0.000000 0.000000 0.000000 0.000000 0.000000 0.000000 0.000000 0.000000 0.000000 0.000000 0.000000 0.000000 0.000000 0.000000 0.000000 0.000000 0.000000 0.000000 0.000000 0.000000 0.000000 0.000000 0.000000 0.000000 0.000000 
50.000000 33.117749 19.238181 9.778358 4.362133 1.718261 0.602026 0.189047 0.053595 0.013811 0.003255 0.000706 0.000141 0.000026 0.000005 0.000001 0.000000 0.000000 0.000000 0.000000 0.000000 0.000000 0.000000 0.000000 0.000000 0.000000 0.000000 0.000000 0.000000 0.000000 0.000000 0.000000 0.000000 0.000000 0.000000 0.000000 0.000000 0.000000 0.000000 0.000000 0.000000 0.000000 0.000000 0.000000 0.000000 0.000000 0.000000 0.000000 0.000000 0.000000 
50.000000 33.117749 19.238181 9.778358 4.362133 1.718261 0.602026 0.189047 0.053595 0.013811 0.003255 0.000706 0.000141 0.000026 0.000005 0.000001 0.000000 0.000000 0.000000 0.000000 0.000000 0.000000 0.000000 0.000000 0.000000 0.000000 0.000000 0.000000 0.000000 0.000000 0.000000 0.000000 0.000000 0.000000 0.000000 0.000000 0.000000 0.000000 0.000000 0.000000 0.000000 0.000000 0.000000 0.000000 0.000000 0.000000 0.000000 0.000000 0.000000 0.000000 
50.000000 33.117749 19.238181 9.778359 4.362133 1.718262 0.602027 0.189047 0.053595 0.013811 0.003255 0.000706 0.000142 0.000026 0.000005 0.000001 0.000000 0.000000 0.000000 0.000000 0.000000 0.000000 0.000000 0.000000 0.000000 0.000000 0.000000 0.000000 0.000000 0.000000 0.000000 0.000000 0.000000 0.000000 0.000000 0.000000 0.000000 0.000000 0.000000 0.000000 0.000000 0.000000 0.000000 0.000000 0.000000 0.000000 0.000000 0.000000 0.000000 0.000000 
50.000000 33.117749 19.238181 9.778359 4.362133 1.718262 0.602027 0.189047 0.053596 0.013812 0.003256 0.000706 0.000142 0.000027 0.000005 0.000001 0.000001 0.000001 0.000001 0.000001 0.000001 0.000001 0.000001 0.000001 0.000001 0.000001 0.000001 0.000001 0.000001 0.000001 0.000001 0.000001 0.000001 0.000001 0.000001 0.000001 0.000001 0.000001 0.000001 0.000001 0.000001 0.000001 0.000001 0.000001 0.000001 0.000001 0.000001 0.000000 0.000000 0.000000 
50.000000 33.117751 19.238184 9.778362 4.362137 1.718266 0.602031 0.189051 0.053599 0.013816 0.003260 0.000710 0.000146 0.000031 0.000009 0.000005 0.000005 0.000005 0.000005 0.000005 0.000005 0.000005 0.000005 0.000005 0.000005 0.000005 0.000005 0.000005 0.000005 0.000005 0.000005 0.000005 0.000005 0.000005 0.000005 0.000005 0.000005 0.000005 0.000005 0.000005 0.000005 0.000005 0.000005 0.000005 0.000004 0.000004 0.000004 0.000003 0.000002 0.000000 
50.000000 33.117758 19.238197 9.778380 4.362157 1.718287 0.602052 0.189073 0.053621 0.013837 0.003282 0.000732 0.000168 0.000053 0.000031 0.000027 0.000026 0.000026 0.000026 0.000026 0.000026 0.000026 0.000026 0.000026 0.000026 0.000026 0.000026 0.000026 0.000026 0.000026 0.000026 0.000026 0.000026 0.000026 0.000026 0.000026 0.000026 0.000026 0.000026 0.000026 0.000026 0.000026 0.000026 0.000026 0.000026 0.000025 0.000022 0.000017 0.000010 0.000000 
50.000000 33.117798 19.238269 9.778473 4.362262 1.718398 0.602166 0.189188 0.053736 0.013953 0.003397 0.000847 0.000283 0.000168 0.000146 0.000142 0.000142 0.000141 0.000141 0.000141 0.000141 0.000141 0.000141 0.000141 0.000141 0.000141 0.000141 0.000141 0.000141 0.000141 0.000141 0.000141 0.000141 0.000141 0.000141 0.000141 0.000141 0.000141 0.000141 0.000141 0.000141 0.000141 0.000141 0.000140 0.000138 0.000132 0.000118 0.000092 0.000051 0.000000 
50.000000 33.117991 19.238620 9.778930 4.362780 1.718944 0.602724 0.189750 0.054300 0.014517 0.003961 0.001411 0.000847 0.000732 0.000710 0.000706 0.000706 0.000706 0.000706 0.000706 0.000706 0.000706 0.000706 0.000706 0.000706 0.000706 0.000706 0.000706 0.000706 0.000706 0.000706 0.000706 0.000706 0.000706 0.000706 0.000706 0.000706 0.000706 0.000706 0.000706 0.000706 0.000705 0.000704 0.000700 0.000689 0.000658 0.000590 0.000461 0.000257 0.000000 
50.000000 33.118861 19.240202 9.780994 4.365115 1.721411 0.605245 0.192291 0.056847 0.017066 0.006510 0.003961 0.003397 0.003282 0.003260 0.003256 0.003255 0.003255 0.003255 0.003255 0.003255 0.003255 0.003255 0.003255 0.003255 0.003255 0.003255 0.003255 0.003255 0.003255 0.003255 0.003255 0.003255 0.003255 0.003255 0.003255 0.003255 0.003255 0.003255 0.003255 0.003255 0.003253 0.003248 0.003231 0.003179 0.003041 0.002730 0.002135 0.001194 0.000000 
50.000000 33.122459 19.246746 9.789531 4.374781 1.731621 0.615682 0.202810 0.067393 0.027619 0.017066 0.014517 0.013953 0.013837 0.013816 0.013812 0.013811 0.013811 0.013811 0.013811 0.013811 0.013811 0.013811 0.013811 0.013811 0.013811 0.013811 0.013811 0.013811 0.013811 0.013811 0.013811 0.013811 0.013811 0.013811 0.013811 0.013811 0.013811 0.013811 0.013811 0.013809 0.013804 0.013783 0.013712 0.013497 0.012928 0.011628 0.009116 0.005113 0.000000 
50.000000 33.135998 19.271378 9.821676 4.411190 1.770090 0.655011 0.242452 0.107137 0.067393 0.056847 0.054300 0.053736 0.053621 0.053599 0.053596 0.053595 0.053595 0.053595 0.053595 0.053595 0.053595 0.053595 0.053595 0.053595 0.053595 0.053595 0.053595 0.053595 0.053595 0.053595 0.053595 0.053595 0.053595 0.053595 0.053595 0.053595 0.053595 0.053595 0.053594 0.053589 0.053568 0.053492 0.053229 0.052429 0.050290 0.045346 0.035675 0.020082 0.000000 
50.000000 33.182023 19.355139 9.931026 4.535090 1.901033 0.788898 0.377418 0.242452 0.202810 0.192291 0.189750 0.189188 0.189073 0.189051 0.189047 0.189047 0.189047 0.189047 0.189047 0.189047 0.189047 0.189047 0.189047 0.189047 0.189047 0.189047 0.189047 0.189047 0.189047 0.189047 0.189047 0.189047 0.189047 0.189047 0.189047 0.189047 0.189046 0.189046 0.189042 0.189027 0.188961 0.188709 0.187841 0.185173 0.177947 0.160997 0.127285 0.072025 0.000000 
50.000000 33.322144 19.610219 10.264153 4.912664 2.300163 1.197062 0.788898 0.655011 0.615682 0.605245 0.602724 0.602166 0.602052 0.602031 0.602027 0.602027 0.602026 0.602026 0.602026 0.602026 0.602026 0.602026 0.602026 0.602026 0.602026 0.602026 0.602026 0.602026 0.602026 0.602026 0.602026 0.602026 0.602026 0.602026 0.602026 0.602026 0.602026 0.602024 0.602014 0.601970 0.601782 0.601057 0.598531 0.590662 0.569002 0.517185 0.411763 0.234830 0.000000 
50.000000 33.700354 20.298906 11.163859 5.932726 3.378703 2.300163 1.901033 1.770090 1.731621 1.721411 1.718944 1.718398 1.718287 1.718266 1.718262 1.718262 1.718261 1.718261 1.718261 1.718261 1.718261 1.718261 1.718261 1.718261 1.718261 1.718261 1.718261 1.718261 1.718261 1.718261 1.718261 1.718261 1.718261 1.718261 1.718261 1.718261 1.718260 1.718256 1.718232 1.718124 1.717662 1.715860 1.709501 1.689352 1.632703 1.493558 1.201359 0.693622 0.000000 
50.000000 34.595037 21.928444 13.293355 8.347774 5.932726 4.912664 4.535090 4.411190 4.374781 4.365115 4.362780 4.362262 4.362157 4.362137 4.362133 4.362133 4.362133 4.362133 4.362133 4.362133 4.362133 4.362133 4.362133 4.362133 4.362133 4.362133 4.362133 4.362133 4.362133 4.362133 4.362133 4.362133 4.362133 4.362133 4.362133 4.362132 4.362131 4.362121 4.362074 4.361853 4.360901 4.357143 4.343662 4.300023 4.173887 3.852774 3.147345 1.854772 0.000000 
50.000000 36.425837 25.263703 17.653090 13.293355 11.163859 10.264153 9.931026 9.821676 9.789531 9.780994 9.778930 9.778473 9.778380 9.778362 9.778359 9.778359 9.778358 9.778358 9.778358 9.778358 9.778358 9.778358 9.778358 9.778358 9.778358 9.778358 9.778358 9.778358 9.778358 9.778358 9.778358 9.778358 9.778358 9.778358 9.778358 9.778358 9.778355 9.778340 9.778264 9.777903 9.776330 9.770029 9.746968 9.670301 9.440581 8.826545 7.386195 4.514239 0.000000 
50.000000 39.620505 31.084625 25.263703 21.928444 20.298906 19.610219 19.355139 19.271378 19.246746 19.240202 19.238620 19.238269 19.238197 19.238184 19.238181 19.238181 19.238181 19.238181 19.238181 19.238181 19.238181 19.238181 19.238181 19.238181 19.238181 19.238181 19.238181 19.238181 19.238181 19.238181 19.238181 19.238181 19.238181 19.238181 19.238181 19.238180 19.238177 19.238159 19.238068 19.237631 19.235703 19.227854 19.198456 19.097547 18.781099 17.877509 15.542312 10.179855 0.000000 
50.000000 44.304604 39.620505 36.425837 34.595037 33.700354 33.322144 33.182023 33.135998 33.122459 33.118861 33.117991 33.117798 33.117758 33.117751 33.117749 33.117749 33.117749 33.117749 33.117749 33.117749 33.117749 33.117749 33.117749 33.117749 33.117749 33.117749 33.117749 33.117749 33.117749 33.117749 33.117749 33.117749 33.117749 33.117749 33.117749 33.117749 33.117746 33.117733 33.117667 33.117346 33.115916 33.109997 33.087313 33.006731 32.740265 31.911598 29.440649 22.152302 0.000000 
50.000000 50.000000 50.000000 50.000000 50.000000 50.000000 50.000000 50.000000 50.000000 50.000000 50.000000 50.000000 50.000000 50.000000 50.000000 50.000000 50.000000 50.000000 50.000000 50.000000 50.000000 50.000000 50.000000 50.000000 50.000000 50.000000 50.000000 50.000000 50.000000 50.000000 50.000000 50.000000 50.000000 50.000000 50.000000 50.000000 50.000000 50.000000 50.000000 50.000000 50.000000 50.000000 50.000000 50.000000 50.000000 50.000000 50.000000 50.000000 50.000000 50.000000 
