50.000000 50.000000 50.000000 50.000000 50.000000 50.000000 50.000000 50.000000 50.000000 50.000000 50.000000 50.000000 50.000000 50.000000 50.000000 50.000000 50.000000 50.000000 50.000000 50.000000 50.000000 50.000000 50.000000 50.000000 50.000000 50.000000 50.000000 50.000000 50.000000 50.000000 50.000000 50.000000 50.000000 50.000000 50.000000 50.000000 50.000000 50.000000 50.000000 50.000000 50.000000 50.000000 50.000000 50.000000 50.000000 50.000000 50.000000 50.000000 50.000000 50.000000 
50.000000 42.625269 36.937798 33.488612 31.799888 31.115169 30.880102 30.810496 30.792444 30.788291 30.787435 30.787275 30.787248 30.787243 30.787243 30.787243 30.787243 30.787243 30.787243 30.787243 30.787243 30.787243 30.787243 30.787243 30.787243 30.787243 30.787243 30.787243 30.787243 30.787243 30.787243 30.787243 30.787243 30.787243 30.787243 30.787243 30.787243 30.787242 30.787241 30.787230 30.787164 30.786788 30.784825 30.775432 30.734399 30.570689 29.971349 27.931688 21.312634 0.000000 
50.000000 36.937798 26.865651 20.759055 17.770350 16.559048 16.143396 16.020380 15.988493 15.981161 15.979650 15.979368 15.979320 15.979313 15.979312 15.979311 15.979311 15.979311 15.979311 15.979311 15.979311 15.979311 15.979311 15.979311 15.979311 15.979311 15.979311 15.979311 15.979311 15.979311 15.979311 15.979311 15.979311 15.979311 15.979311 15.979311 15.979311 15.979311 15.979309 15.979296 15.979217 15.978769 15.976467 15.965698 15.920184 15.747582 15.164849 13.432825 9.006109 0.000000 
50.000000 33.488612 20.759055 13.043714 9.269196 7.740138 7.215726 7.060608 7.020424 7.011189 7.009287 7.008932 7.008872 7.008863 7.008861 7.008861 7.008861 7.008861 7.008861 7.008861 7.008861 7.008861 7.008861 7.008861 7.008861 7.008861 7.008861 7.008861 7.008861 7.008861 7.008861 7.008861 7.008861 7.008861 7.008861 7.008861 7.008861 7.008861 7.008860 7.008850 7.008795 7.008486 7.006920 6.999743 6.970269 6.862989 6.521857 5.594206 3.517263 0.000000 
50.000000 31.799888 17.770350 9.269196 5.111586 3.427971 2.850790 2.680139 2.635951 2.625801 2.623711 2.623322 2.623256 2.623246 2.623244 2.623244 2.623244 2.623244 2.623244 2.623244 2.623244 2.623244 2.623244 2.623244 2.623244 2.623244 2.623244 2.623244 2.623244 2.623244 2.623244 2.623244 2.623244 2.623244 2.623244 2.623244 2.623244 2.623244 2.623243 2.623238 2.623211 2.623057 2.622288 2.618820 2.604901 2.555793 2.406207 2.022768 1.229199 0.000000 
50.000000 31.115169 16.559048 7.740138 3.427971 1.682167 1.083814 0.906950 0.861166 0.850653 0.848489 0.848086 0.848017 0.848007 0.848005 0.848005 0.848005 0.848005 0.848005 0.848005 0.848005 0.848005 0.848005 0.848005 0.848005 0.848005 0.848005 0.848005 0.848005 0.848005 0.848005 0.848005 0.848005 0.848005 0.848005 0.848005 0.848005 0.848005 0.848005 0.848003 0.847992 0.847932 0.847634 0.846309 0.841083 0.823071 0.769870 0.638864 0.380770 0.000000 
50.000000 30.880102 16.143396 7.215726 2.850790 1.083814 0.478278 0.299313 0.252991 0.242356 0.240167 0.239760 0.239690 0.239680 0.239678 0.239678 0.239678 0.239678 0.239678 0.239678 0.239678 0.239678 0.239678 0.239678 0.239678 0.239678 0.239678 0.239678 0.239678 0.239678 0.239678 0.239678 0.239678 0.239678 0.239678 0.239678 0.239678 0.239678 0.239678 0.239677 0.239674 0.239654 0.239559 0.239139 0.237505 0.231970 0.215983 0.177698 0.104669 0.000000 
50.000000 30.810496 16.020380 7.060608 2.680139 0.906950 0.299313 0.119736 0.073258 0.062588 0.060392 0.059983 0.059913 0.059903 0.059901 0.059901 0.059901 0.059901 0.059901 0.059901 0.059901 0.059901 0.059901 0.059901 0.059901 0.059901 0.059901 0.059901 0.059901 0.059901 0.059901 0.059901 0.059901 0.059901 0.059901 0.059901 0.059901 0.059901 0.059901 0.059901 0.059900 0.059894 0.059868 0.059755 0.059316 0.057851 0.053688 0.043913 0.025671 0.000000 
50.000000 30.792444 15.988493 7.020424 2.635951 0.861166 0.252991 0.073258 0.026740 0.016061 0.013863 0.013454 0.013384 0.013374 0.013372 0.013372 0.013372 0.013372 0.013372 0.013372 0.013372 0.013372 0.013372 0.013372 0.013372 0.013372 0.013372 0.013372 0.013372 0.013372 0.013372 0.013372 0.013372 0.013372 0.013372 0.013372 0.013372 0.013372 0.013372 0.013372 0.013371 0.013370 0.013364 0.013337 0.013234 0.012894 0.011937 0.009724 0.005656 0.000000 
50.000000 30.788291 15.981161 7.011189 2.625801 0.850653 0.242356 0.062588 0.016061 0.005380 0.003181 0.002772 0.002703 0.002692 0.002690 0.002690 0.002690 0.002690 0.002690 0.002690 0.002690 0.002690 0.002690 0.002690 0.002690 0.002690 0.002690 0.002690 0.002690 0.002690 0.002690 0.002690 0.002690 0.002690 0.002690 0.002690 0.002690 0.002690 0.002690 0.002690 0.002690 0.002690 0.002688 0.002683 0.002661 0.002591 0.002394 0.001945 0.001127 0.000000 
50.000000 30.787435 15.979650 7.009287 2.623711 0.848489 0.240167 0.060392 0.013863 0.003181 0.000983 0.000573 0.000504 0.000493 0.000492 0.000491 0.000491 0.000491 0.000491 0.000491 0.000491 0.000491 0.000491 0.000491 0.000491 0.000491 0.000491 0.000491 0.000491 0.000491 0.000491 0.000491 0.000491 0.000491 0.000491 0.000491 0.000491 0.000491 0.000491 0.000491 0.000491 0.000491 0.000491 0.000490 0.000486 0.000473 0.000436 0.000354 0.000205 0.000000 
50.000000 30.787275 15.979368 7.008932 2.623322 0.848086 0.239760 0.059983 0.013454 0.002772 0.000573 0.000164 0.000095 0.000084 0.000082 0.000082 0.000082 0.000082 0.000082 0.000082 0.000082 0.000082 0.000082 0.000082 0.000082 0.000082 0.000082 0.000082 0.000082 0.000082 0.000082 0.000082 0.000082 0.000082 0.000082 0.000082 0.000082 0.000082 0.000082 0.000082 0.000082 0.000082 0.000082 0.000082 0.000081 0.000079 0.000073 0.000059 0.000034 0.000000 
50.000000 30.787248 15.979320 7.008872 2.623256 0.848017 0.239690 0.059913 0.013384 0.002703 0.000504 0.000095 0.000025 0.000014 0.000013 0.000013 0.000013 0.000013 0.000013 0.000013 0.000013 0.000013 0.000013 0.000013 0.000013 0.000013 0.000013 0.000013 0.000013 0.000013 0.000013 0.000013 0.000013 0.000013 0.000013 0.000013 0.000013 0.000013 0.000013 0.000013 0.000013 0.000013 0.000013 0.000013 0.000012 0.000012 0.000011 0.000009 0.000005 0.000000 
50.000000 30.787243 15.979313 7.008863 2.623246 0.848007 0.239680 0.059903 0.013374 0.002692 0.000493 0.000084 0.000014 0.000004 0.000002 0.000002 0.000002 0.000002 0.000002 0.000002 0.000002 0.000002 0.000002 0.000002 0.000002 0.000002 0.000002 0.000002 0.000002 0.000002 0.000002 0.000002 0.000002 0.000002 0.000002 0.000002 0.000002 0.000002 0.000002 0.000002 0.000002 0.000002 0.000002 0.000002 0.000002 0.000002 0.000002 0.000001 0.000001 0.000000 
50.000000 30.787243 15.979312 7.008861 2.623244 0.848005 0.239678 0.059901 0.013372 0.002690 0.000492 0.000082 0.000013 0.000002 0.000000 0.000000 0.000000 0.000000 0.000000 0.000000 0.000000 0.000000 0.000000 0.000000 0.000000 0.000000 0.000000 0.000000 0.000000 0.000000 0.000000 0.000000 0.000000 0.000000 0.000000 0.000000 0.000000 0.000000 0.000000 0.000000 0.000000 0.000000 0.000000 0.000000 0.000000 0.000000 0.000000 0.000000 0.000000 0.000000 
50.000000 30.787243 15.979311 7.008861 2.623244 0.848005 0.239678 0.059901 0.013372 0.002690 0.000491 0.000082 0.000013 0.000002 0.000000 0.000000 0.000000 0.000000 0.000000 0.000000 0.000000 0.000000 0.000000 0.000000 0.000000 0.000000 0.000000 0.000000 0.000000 0.000000 0.000000 0.000000 0.000000 0.000000 0.000000 0.000000 0.000000 0.000000 0.000000 0.000000 0.000000 0.000000 0.000000 0.000000 0.000000 0.000000 0.000000 0.000000 0.000000 0.000000 
50.000000 30.787243 15.979311 7.008861 2.623244 0.848005 0.239678 0.059901 0.013372 0.002690 0.000491 0.000082 0.000013 0.000002 0.000000 0.000000 0.000000 0.000000 0.000000 0.000000 0.000000 0.000000 0.000000 0.000000 0.000000 0.000000 0.000000 0.000000 0.000000 0.000000 0.000000 0.000000 0.000000 0.000000 0.000000 0.000000 0.000000 0.000000 0.000000 0.000000 0.000000 0.000000 0.000000 0.000000 0.000000 0.000000 0.000000 0.000000 0.000000 0.000000 
50.000000 30.787243 15.979311 7.008861 2.623244 0.848005 0.239678 0.059901 0.013372 0.002690 0.000491 0.000082 0.000013 0.000002 0.000000 0.000000 0.000000 0.000000 0.000000 0.000000 0.000000 0.000000 0.000000 0.000000 0.000000 0.000000 0.000000 0.000000 0.000000 0.000000 0.000000 0.000000 0.000000 0.000000 0.000000 0.000000 0.000000 0.000000 0.000000 0.000000 0.000000 0.000000 0.000000 0.000000 0.000000 0.000000 0.000000 0.000000 0.000000 0.000000 
50.000000 30.787243 15.979311 7.008861 2.623244 0.848005 0.239678 0.059901 0.013372 0.002690 0.000491 0.000082 0.000013 0.000002 0.000000 0.000000 0.000000 0.000000 0.000000 0.000000 0.000000 0.000000 0.000000 0.000000 0.000000 0.000000 0.000000 0.000000 0.000000 0.000000 0.000000 0.000000 0.000000 0.000000 0.000000 0.000000 0.000000 0.000000 0.000000 0.000000 0.000000 0.000000 0.000000 0.000000 0.000000 0.000000 0.000000 0.000000 0.000000 0.000000 
50.000000 30.787243 15.979311 7.008861 2.623244 0.848005 0.239678 0.059901 0.013372 0.002690 0.000491 0.000082 0.000013 0.000002 0.000000 0.000000 0.000000 0.000000 0.000000 0.000000 0.000000 0.000000 0.000000 0.000000 0.000000 0.000000 0.000000 0.000000 0.000000 0.000000 0.000000 0.000000 0.000000 0.000000 0.000000 0.000000 0.000000 0.000000 0.000000 0.000000 0.000000 0.000000 0.000000 0.000000 0.000000 0.000000 0.000000 0.000000 0.000000 0.000000 
50.000000 30.787243 15.979311 7.008861 2.623244 0.848005 0.239678 0.059901 0.013372 0.002690 0.000491 0.000082 0.000013 0.000002 0.000000 0.000000 0.000000 0.000000 0.000000 0.000000 0.000000 0.000000 0.000000 0.000000 0.000000 0.000000 0.000000 0.000000 0.000000 0.000000 0.000000 0.000000 0.000000 0.000000 0.000000 0.000000 0.000000 0.000000 0.000000 0.000000 0.000000 0.000000 0.000000 0.000000 0.000000 0.000000 0.000000 0.000000 0.000000 0.000000 
50.000000 30.787243 15.979311 7.008861 2.623244 0.848005 0.239678 0.059901 0.013372 0.002690 0.000491 0.000082 0.000013 0.000002 0.000000 0.000000 0.000000 0.000000 0.000000 0.000000 0.000000 0.000000 0.000000 0.000000 0.000000 0.000000 0.000000 0.000000 0.000000 0.000000 0.000000 0.000000 0.000000 0.000000 0.000000 0.000000 0.000000 0.000000 0.000000 0.000000 0.000000 0.000000 0.000000 0.000000 0.000000 0.000000 0.000000 0.000000 0.000000 0.000000 
50.000000 30.787243 15.979311 7.008861 2.623244 0.848005 0.239678 0.059901 0.013372 0.002690 0.000491 0.000082 0.000013 0.000002 0.000000 0.000000 0.000000 0.000000 0.000000 0.000000 0.000000 0.000000 0.000000 0.000000 0.000000 0.000000 0.000000 0.000000 0.000000 0.000000 0.000000 0.000000 0.000000 0.000000 0.000000 0.000000 0.000000 0.000000 0.000000 0.000000 0.000000 0.000000 0.000000 0.000000 0.000000 0.000000 0.000000 0.000000 0.000000 0.000000 
50.000000 30.787243 15.979311 7.008861 2.623244 0.848005 0.239678 0.059901 0.013372 0.002690 0.000491 0.000082 0.000013 0.000002 0.000000 0.000000 0.000000 0.000000 0.000000 0.000000 0.000000 0.000000 0.000000 0.000000 0.000000 0.000000 0.000000 0.000000 0.000000 0.000000 0.000000 0.000000 0.000000 0.000000 0.000000 0.000000 0.000000 0.000000 0.000000 0.000000 0.000000 0.000000 0.000000 0.000000 0.000000 0.000000 0.000000 0.000000 0.000000 0.000000 
50.000000 30.787243 15.979311 7.008861 2.623244 0.848005 0.239678 0.059901 0.013372 0.002690 0.000491 0.000082 0.000013 0.000002 0.000000 0.000000 0.000000 0.000000 0.000000 0.000000 0.000000 0.000000 0.000000 0.000000 0.000000 0.000000 0.000000 0.000000 0.000000 0.000000 0.000000 0.000000 0.000000 0.000000 0.000000 0.000000 0.000000 0.000000 0.000000 0.000000 0.000000 0.000000 0.000000 0.000000 0.000000 0.000000 0.000000 0.000000 0.000000 0.000000 
50.000000 30.787243 15.979311 7.008861 2.623244 0.848005 0.239678 0.059901 0.013372 0.002690 0.000491 0.000082 0.000013 0.000002 0.000000 0.000000 0.000000 0.000000 0.000000 0.000000 0.000000 0.000000 0.000000 0.000000 0.000000 0.000000 0.000000 0.000000 0.000000 0.000000 0.000000 0.000000 0.000000 0.000000 0.000000 0.000000 0.000000 0.000000 0.000000 0.000000 0.000000 0.000000 0.000000 0.000000 0.000000 0.000000 0.000000 0.000000 0.000000 0.000000 
50.000000 30.787243 15.979311 7.008861 2.623244 0.848005 0.239678 0.059901 0.013372 0.002690 0.000491 0.000082 0.000013 0.000002 0.000000 0.000000 0.000000 0.000000 0.000000 0.000000 0.000000 0.000000 0.000000 0.000000 0.000000 0.000000 0.000000 0.000000 0.000000 0.000000 0.000000 0.000000 0.000000 0.000000 0.000000 0.000000 0.000000 0.000000 0.000000 0.000000 0.000000 0.000000 0.000000 0.000000 0.000000 0.000000 0.000000 0.000000 0.000000 0.000000 
50.000000 30.787243 15.979311 7.008861 2.623244 0.848005 0.239678 0.059901 0.013372 0.002690 0.000491 0.000082 0.000013 0.000002 0.000000 0.000000 0.000000 0.000000 0.000000 0.000000 0.000000 0.000000 0.000000 0.000000 0.000000 0.000000 0.000000 0.000000 0.000000 0.000000 0.000000 0.000000 0.000000 0.000000 0.000000 0.000000 0.000000 0.000000 0.000000 0.000000 0.000000 0.000000 0.000000 0.000000 0.000000 0.000000 0.000000 0.000000 0.000000 0.000000 
50.000000 30.787243 15.979311 7.008861 2.623244 0.848005 0.239678 0.059901 0.013372 0.002690 0.000491 0.000082 0.000013 0.000002 0.000000 0.000000 0.000000 0.000000 0.000000 0.000000 0.000000 0.000000 0.000000 0.000000 0.000000 0.000000 0.000000 0.000000 0.000000 0.000000 0.000000 0.000000 0.000000 0.000000 0.000000 0.000000 0.000000 0.000000 0.000000 0.000000 0.000000 0.000000 0.000000 0.000000 0.000000 0.000000 0.000000 0.000000 0.000000 0.000000 
50.000000 30.787243 15.979311 7.008861 2.623244 0.848005 0.239678 0.059901 0.013372 0.002690 0.000491 0.000082 0.000013 0.000002 0.000000 0.000000 0.000000 0.000000 0.000000 0.000000 0.000000 0.000000 0.000000 0.000000 0.000000 0.000000 0.000000 0.000000 0.000000 0.000000 0.000000 0.000000 0.000000 0.000000 0.000000 0.000000 0.000000 0.000000 0.000000 0.000000 0.000000 0.000000 0.000000 0.000000 0.000000 0.000000 0.000000 0.000000 0.000000 0.000000 
50.000000 30.787243 15.979311 7.008861 2.623244 0.848005 0.239678 0.059901 0.013372 0.002690 0.000491 0.000082 0.000013 0.000002 0.000000 0.000000 0.000000 0.000000 0.000000 0.000000 0.000000 0.000000 0.000000 0.000000 0.000000 0.000000 0.000000 0.000000 0.000000 0.000000 0.000000 0.000000 0.000000 0.000000 0.000000 0.000000 0.000000 0.000000 0.000000 0.000000 0.000000 0.000000 0.000000 0.000000 0.000000 0.000000 0.000000 0.000000 0.000000 0.000000 
50.000000 30.787243 15.979311 7.008861 2.623244 0.848005 0.239678 0.059901 0.013372 0.002690 0.000491 0.000082 0.000013 0.000002 0.000000 0.000000 0.000000 0.000000 0.000000 0.000000 0.000000 0.000000 0.000000 0.000000 0.000000 0.000000 0.000000 0.000000 0.000000 0.000000 0.000000 0.000000 0.000000 0.000000 0.000000 0.000000 0.000000 0.000000 0.000000 0.000000 0.000000 0.000000 0.000000 0.000000 0.000000 0.000000 0.000000 0.000000 0.000000 0.000000 
50.000000 30.787243 15.979311 7.008861 2.623244 0.848005 0.239678 0.059901 0.013372 0.002690 0.000491 0.000082 0.000013 0.000002 0.000000 0.000000 0.000000 0.000000 0.000000 0.000000 0.000000 0.000000 0.000000 0.000000 0.000000 0.000000 0.000000 0.000000 0.000000 0.000000 0.000000 0.000000 0.000000 0.000000 0.000000 0.000000 0.000000 0.000000 0.000000 0.000000 0.000000 0.000000 0.000000 0.000000 0.000000 0.000000 0.000000 0.000000 0.000000 0.000000 
50.000000 30.787243 15.979311 7.008861 2.623244 0.848005 0.239678 0.059901 0.013372 0.002690 0.000491 0.000082 0.000013 0.000002 0.000000 0.000000 0.000000 0.000000 0.000000 0.000000 0.000000 0.000000 0.000000 0.000000 0.000000 0.000000 0.000000 0.000000 0.000000 0.000000 0.000000 0.000000 0.000000 0.000000 0.000000 0.000000 0.000000 0.000000 0.000000 0.000000 0.000000 0.000000 0.000000 0.000000 0.000000 0.000000 0.000000 0.000000 0.000000 0.000000 
50.000000 30.787243 15.979311 7.008861 2.623244 0.848005 0.239678 0.059901 0.013372 0.002690 0.000491 0.000082 0.000013 0.000002 0.000000 0.000000 0.000000 0.000000 0.000000 0.000000 0.000000 0.000000 0.000000 0.000000 0.000000 0.000000 0.000000 0.000000 0.000000 0.000000 0.000000 0.000000 0.000000 0.000000 0.000000 0.000000 0.000000 0.000000 0.000000 0.000000 0.000000 0.000000 0.000000 0.000000 0.000000 0.000000 0.000000 0.000000 0.000000 0.000000 
50.000000 30.787243 15.979312 7.008861 2.623244 0.848005 0.239678 0.059901 0.013372 0.002690 0.000492 0.000082 0.000013 0.000002 0.000000 0.000000 0.000000 0.000000 0.000000 0.000000 0.000000 0.000000 0.000000 0.000000 0.000000 0.000000 0.000000 0.000000 0.000000 0.000000 0.000000 0.000000 0.000000 0.000000 0.000000 0.000000 0.000000 0.000000 0.000000 0.000000 0.000000 0.000000 0.000000 0.000000 0.000000 0.000000 0.000000 0.000000 0.000000 0.000000 
50.000000 30.787243 15.979313 7.008863 2.623246 0.848007 0.239680 0.059903 0.013374 0.002692 0.000493 0.000084 0.000014 0.000004 0.000002 0.000002 0.000002 0.000002 0.000002 0.000002 0.000002 0.000002 0.000002 0.000002 0.000002 0.000002 0.000002 0.000002 0.000002 0.000002 0.000002 0.000002 0.000002 0.000002 0.000002 0.000002 0.000002 0.000002 0.000002 0.000002 0.000002 0.000002 0.000002 0.000002 0.000002 0.000002 0.000002 0.000001 0.000001 0.000000 
50.000000 30.787248 15.979320 7.008872 2.623256 0.848017 0.239690 0.059913 0.013384 0.002703 0.000504 0.000095 0.000025 0.000014 0.000013 0.000013 0.000013 0.000013 0.000013 0.000013 0.000013 0.000013 0.000013 0.000013 0.000013 0.000013 0.000013 0.000013 0.000013 0.000013 0.000013 0.000013 0.000013 0.000013 0.000013 0.000013 0.000013 0.000013 0.000013 0.000013 0.000013 0.000013 0.000013 0.000013 0.000012 0.000012 0.000011 0.000009 0.000005 0.000000 
50.000000 30.787275 15.979368 7.008932 2.623322 0.848086 0.239760 0.059983 0.013454 0.002772 0.000573 0.000164 0.000095 0.000084 0.000082 0.000082 0.000082 0.000082 0.000082 0.000082 0.000082 0.000082 0.000082 0.000082 0.000082 0.000082 0.000082 0.000082 0.000082 0.000082 0.000082 0.000082 0.000082 0.000082 0.000082 0.000082 0.000082 0.000082 0.000082 0.000082 0.000082 0.000082 0.000082 0.000082 0.000081 0.000079 0.000073 0.000059 0.000034 0.000000 
50.000000 30.787435 15.979650 7.009287 2.623711 0.848489 0.240167 0.060392 0.013863 0.003181 0.000983 0.000573 0.000504 0.000493 0.000492 0.000491 0.000491 0.000491 0.000491 0.000491 0.000491 0.000491 0.000491 0.000491 0.000491 0.000491 0.000491 0.000491 0.000491 0.000491 0.000491 0.000491 0.000491 0.000491 0.000491 0.000491 0.000491 0.000491 0.000491 0.000491 0.000491 0.000491 0.000491 0.000490 0.000486 0.000473 0.000436 0.000354 0.000205 0.000000 
50.000000 30.788291 15.981161 7.011189 2.625801 0.850653 0.242356 0.062588 0.016061 0.005380 0.003181 0.002772 0.002703 0.002692 0.002690 0.002690 0.002690 0.002690 0.002690 0.002690 0.002690 0.002690 0.002690 0.002690 0.002690 0.002690 0.002690 0.002690 0.002690 0.002690 0.002690 0.002690 0.002690 0.002690 0.002690 0.002690 0.002690 0.002690 0.002690 0.002690 0.002690 0.002690 0.002688 0.002683 0.002661 0.002591 0.002394 0.001945 0.001127 0.000000 
50.000000 30.792444 15.988493 7.020424 2.635951 0.861166 0.252991 0.073258 0.026740 0.016061 0.013863 0.013454 0.013384 0.013374 0.013372 0.013372 0.013372 0.013372 0.013372 0.013372 0.013372 0.013372 0.013372 0.013372 0.013372 0.013372 0.013372 0.013372 0.013372 0.013372 0.013372 0.013372 0.013372 0.013372 0.013372 0.013372 0.013372 0.013372 0.013372 0.013372 0.013371 0.013370 0.013364 0.013337 0.013234 0.012894 0.011937 0.009724 0.005656 0.000000 
50.000000 30.810496 16.020380 7.060608 2.680139 0.906950 0.299313 0.119736 0.073258 0.062588 0.060392 0.059983 0.059913 0.059903 0.059901 0.059901 0.059901 0.059901 0.059901 0.059901 0.059901 0.059901 0.059901 0.059901 0.059901 0.059901 0.059901 0.059901 0.059901 0.059901 0.059901 0.059901 0.059901 0.059901 0.059901 0.059901 0.059901 0.059901 0.059901 0.059901 0.059900 0.059894 0.059868 0.059755 0.059316 0.057851 0.053688 0.043913 0.025671 0.000000 
50.000000 30.880102 16.143396 7.215726 2.850790 1.083814 0.478278 0.299313 0.252991 0.242356 0.240167 0.239760 0.239690 0.239680 0.239678 0.239678 0.239678 0.239678 0.239678 0.239678 0.239678 0.239678 0.239678 0.239678 0.239678 0.239678 0.239678 0.239678 0.239678 0.239678 0.239678 0.239678 0.239678 0.239678 0.239678 0.239678 0.239678 0.239678 0.239678 0.239677 0.239674 0.239654 0.239559 0.239139 0.237505 0.231970 0.215983 0.177698 0.104669 0.000000 
50.000000 31.115169 16.559048 7.740138 3.427971 1.682167 1.083814 0.906950 0.861166 0.850653 0.848489 0.848086 0.848017 0.848007 0.848005 0.848005 0.848005 0.848005 0.848005 0.848005 0.848005 0.848005 0.848005 0.848005 0.848005 0.848005 0.848005 0.848005 0.848005 0.848005 0.848005 0.848005 0.848005 0.848005 0.848005 0.848005 0.848005 0.848005 0.848005 0.848003 0.847992 0.847932 0.847634 0.846309 0.841083 0.823071 0.769870 0.638864 0.380770 0.000000 
50.000000 31.799888 17.770350 9.269196 5.111586 3.427971 2.850790 2.680139 2.635951 2.625801 2.623711 2.623322 2.623256 2.623246 2.623244 2.623244 2.623244 2.623244 2.623244 2.623244 2.623244 2.623244 2.623244 2.623244 2.623244 2.623244 2.623244 2.623244 2.623244 2.623244 2.623244 2.623244 2.623244 2.623244 2.623244 2.623244 2.623244 2.623244 2.623243 2.623238 2.623211 2.623057 2.622288 2.618820 2.604901 2.555793 2.406207 2.022768 1.229199 0.000000 
50.000000 33.488612 20.759055 13.043714 9.269196 7.740138 7.215726 7.060608 7.020424 7.011189 7.009287 7.008932 7.008872 7.008863 7.008861 7.008861 7.008861 7.008861 7.008861 7.008861 7.008861 7.008861 7.008861 7.008861 7.008861 7.008861 7.008861 7.008861 7.008861 7.008861 7.008861 7.008861 7.008861 7.008861 7.008861 7.008861 7.008861 7.008861 7.008860 7.008850 7.008795 7.008486 7.006920 6.999743 6.970269 6.862989 6.521857 5.594206 3.517263 0.000000 
50.000000 36.937798 26.865651 20.759055 17.770350 16.559048 16.143396 16.020380 15.988493 15.981161 15.979650 15.979368 15.979320 15.979313 15.979312 15.979311 15.979311 15.979311 15.979311 15.979311 15.979311 15.979311 15.979311 15.979311 15.979311 15.979311 15.979311 15.979311 15.979311 15.979311 15.979311 15.979311 15.979311 15.979311 15.979311 15.979311 15.979311 15.979311 15.979309 15.979296 15.979217 15.978769 15.976467 15.965698 15.920184 15.747582 15.164849 13.432825 9.006109 0.000000 
50.000000 42.625269 36.937798 33.488612 31.799888 31.115169 30.880102 30.810496 30.792444 30.788291 30.787435 30.787275 30.787248 30.787243 30.787243 30.787243 30.787243 30.787243 30.787243 30.787243 30.787243 30.787243 30.787243 30.787243 30.787243 30.787243 30.787243 30.787243 30.787243 30.787243 30.787243 30.787243 30.787243 30.787243 30.787243 30.787243 30.787243 30.787242 30.787241 30.787230 30.787164 30.786788 30.784825 30.775432 30.734399 30.570689 29.971349 27.931688 21.312634 0.000000 
50.000000 50.000000 50.000000 50.000000 50.000000 50.000000 50.000000 50.000000 50.000000 50.000000 50.000000 50.000000 50.000000 50.000000 50.000000 50.000000 50.000000 50.000000 50.000000 50.000000 50.000000 50.000000 50.000000 50.000000 50.000000 50.000000 50.000000 50.000000 50.000000 50.000000 50.000000 50.000000 50.000000 50.000000 50.000000 50.000000 50.000000 50.000000 50.000000 50.000000 50.000000 50.000000 50.000000 50.000000 50.000000 50.000000 50.000000 50.000000 50.000000 50.000000 
