50.000000 50.000000 50.000000 50.000000 50.000000 50.000000 50.000000 50.000000 50.000000 50.000000 50.000000 50.000000 50.000000 50.000000 50.000000 50.000000 50.000000 50.000000 50.000000 50.000000 50.000000 50.000000 50.000000 50.000000 50.000000 50.000000 50.000000 50.000000 50.000000 50.000000 50.000000 50.000000 50.000000 50.000000 50.000000 50.000000 50.000000 50.000000 50.000000 50.000000 50.000000 50.000000 50.000000 50.000000 50.000000 50.000000 50.000000 50.000000 50.000000 50.000000 
50.000000 40.867023 34.302393 30.777841 29.301629 28.801171 28.659766 28.625691 28.618560 28.617245 28.617029 28.616997 28.616993 28.616992 28.616992 28.616992 28.616992 28.616992 28.616992 28.616992 28.616992 28.616992 28.616992 28.616992 28.616992 28.616992 28.616992 28.616992 28.616992 28.616992 28.616992 28.616992 28.616992 28.616992 28.616992 28.616992 28.616992 28.616992 28.616992 28.616990 28.616975 28.616870 28.616192 28.612219 28.591200 28.491107 28.062189 26.397299 20.433511 0.000000 
50.000000 34.302393 23.022585 16.969496 14.435844 13.577517 13.335182 13.276835 13.264634 13.262386 13.262017 13.261962 13.261955 13.261954 13.261954 13.261954 13.261954 13.261954 13.261954 13.261954 13.261954 13.261954 13.261954 13.261954 13.261954 13.261954 13.261954 13.261954 13.261954 13.261954 13.261954 13.261954 13.261954 13.261954 13.261954 13.261954 13.261954 13.261954 13.261953 13.261951 13.261936 13.261826 13.261130 13.257136 13.236648 13.143628 12.774164 11.511293 7.905095 0.000000 
50.000000 30.777841 16.969496 9.563212 6.465091 5.416281 5.120392 5.049208 5.034336 5.031598 5.031148 5.031082 5.031073 5.031072 5.031071 5.031071 5.031071 5.031071 5.031071 5.031071 5.031071 5.031071 5.031071 5.031071 5.031071 5.031071 5.031071 5.031071 5.031071 5.031071 5.031071 5.031071 5.031071 5.031071 5.031071 5.031071 5.031071 5.031071 5.031071 5.031070 5.031061 5.030997 5.030597 5.028339 5.017049 4.967622 4.781606 4.195332 2.715652 0.000000 
50.000000 29.301629 14.435844 6.465091 3.132262 2.004534 1.686544 1.610084 1.594119 1.591181 1.590699 1.590628 1.590618 1.590617 1.590617 1.590617 1.590617 1.590617 1.590617 1.590617 1.590617 1.590617 1.590617 1.590617 1.590617 1.590617 1.590617 1.590617 1.590617 1.590617 1.590617 1.590617 1.590617 1.590617 1.590617 1.590617 1.590617 1.590617 1.590617 1.590616 1.590612 1.590586 1.590423 1.589518 1.585074 1.566131 1.497469 1.292217 0.810521 0.000000 
50.000000 28.801171 13.577517 5.416281 2.004534 0.850379 0.525022 0.446811 0.430484 0.427481 0.426988 0.426915 0.426906 0.426904 0.426904 0.426904 0.426904 0.426904 0.426904 0.426904 0.426904 0.426904 0.426904 0.426904 0.426904 0.426904 0.426904 0.426904 0.426904 0.426904 0.426904 0.426904 0.426904 0.426904 0.426904 0.426904 0.426904 0.426904 0.426904 0.426904 0.426903 0.426894 0.426843 0.426560 0.425190 0.419460 0.399232 0.340868 0.209971 0.000000 
50.000000 28.659766 13.335182 5.120392 1.686544 0.525022 0.197619 0.118925 0.102499 0.099478 0.098983 0.098909 0.098900 0.098898 0.098898 0.098898 0.098898 0.098898 0.098898 0.098898 0.098898 0.098898 0.098898 0.098898 0.098898 0.098898 0.098898 0.098898 0.098898 0.098898 0.098898 0.098898 0.098898 0.098898 0.098898 0.098898 0.098898 0.098898 0.098898 0.098898 0.098898 0.098896 0.098882 0.098810 0.098462 0.097026 0.092053 0.078046 0.047546 0.000000 
50.000000 28.625691 13.276835 5.049208 1.610084 0.446811 0.118925 0.040117 0.023668 0.020643 0.020147 0.020073 0.020063 0.020062 0.020062 0.020062 0.020062 0.020062 0.020062 0.020062 0.020062 0.020062 0.020062 0.020062 0.020062 0.020062 0.020062 0.020062 0.020062 0.020062 0.020062 0.020062 0.020062 0.020062 0.020062 0.020062 0.020062 0.020062 0.020062 0.020062 0.020062 0.020062 0.020059 0.020043 0.019968 0.019661 0.018611 0.015704 0.009499 0.000000 
50.000000 28.618560 13.264634 5.034336 1.594119 0.430484 0.102499 0.023668 0.007215 0.004188 0.003692 0.003619 0.003609 0.003608 0.003607 0.003607 0.003607 0.003607 0.003607 0.003607 0.003607 0.003607 0.003607 0.003607 0.003607 0.003607 0.003607 0.003607 0.003607 0.003607 0.003607 0.003607 0.003607 0.003607 0.003607 0.003607 0.003607 0.003607 0.003607 0.003607 0.003607 0.003607 0.003607 0.003604 0.003590 0.003532 0.003339 0.002808 0.001690 0.000000 
50.000000 28.617245 13.262386 5.031598 1.591181 0.427481 0.099478 0.020643 0.004188 0.001162 0.000665 0.000592 0.000582 0.000581 0.000581 0.000581 0.000581 0.000581 0.000581 0.000581 0.000581 0.000581 0.000581 0.000581 0.000581 0.000581 0.000581 0.000581 0.000581 0.000581 0.000581 0.000581 0.000581 0.000581 0.000581 0.000581 0.000581 0.000581 0.000581 0.000581 0.000581 0.000581 0.000581 0.000580 0.000578 0.000569 0.000537 0.000450 0.000270 0.000000 
50.000000 28.617029 13.262017 5.031148 1.590699 0.426988 0.098983 0.020147 0.003692 0.000665 0.000169 0.000096 0.000086 0.000085 0.000085 0.000085 0.000085 0.000085 0.000085 0.000085 0.000085 0.000085 0.000085 0.000085 0.000085 0.000085 0.000085 0.000085 0.000085 0.000085 0.000085 0.000085 0.000085 0.000085 0.000085 0.000085 0.000085 0.000085 0.000085 0.000085 0.000085 0.000085 0.000085 0.000084 0.000084 0.000083 0.000078 0.000065 0.000039 0.000000 
50.000000 28.616997 13.261962 5.031082 1.590628 0.426915 0.098909 0.020073 0.003619 0.000592 0.000096 0.000022 0.000013 0.000011 0.000011 0.000011 0.000011 0.000011 0.000011 0.000011 0.000011 0.000011 0.000011 0.000011 0.000011 0.000011 0.000011 0.000011 0.000011 0.000011 0.000011 0.000011 0.000011 0.000011 0.000011 0.000011 0.000011 0.000011 0.000011 0.000011 0.000011 0.000011 0.000011 0.000011 0.000011 0.000011 0.000010 0.000009 0.000005 0.000000 
50.000000 28.616993 13.261955 5.031073 1.590618 0.426906 0.098900 0.020063 0.003609 0.000582 0.000086 0.000013 0.000003 0.000002 0.000001 0.000001 0.000001 0.000001 0.000001 0.000001 0.000001 0.000001 0.000001 0.000001 0.000001 0.000001 0.000001 0.000001 0.000001 0.000001 0.000001 0.000001 0.000001 0.000001 0.000001 0.000001 0.000001 0.000001 0.000001 0.000001 0.000001 0.000001 0.000001 0.000001 0.000001 0.000001 0.000001 0.000001 0.000001 0.000000 
50.000000 28.616992 13.261954 5.031072 1.590617 0.426904 0.098898 0.020062 0.003608 0.000581 0.000085 0.000011 0.000002 0.000000 0.000000 0.000000 0.000000 0.000000 0.000000 0.000000 0.000000 0.000000 0.000000 0.000000 0.000000 0.000000 0.000000 0.000000 0.000000 0.000000 0.000000 0.000000 0.000000 0.000000 0.000000 0.000000 0.000000 0.000000 0.000000 0.000000 0.000000 0.000000 0.000000 0.000000 0.000000 0.000000 0.000000 0.000000 0.000000 0.000000 
50.000000 28.616992 13.261954 5.031071 1.590617 0.426904 0.098898 0.020062 0.003607 0.000581 0.000085 0.000011 0.000001 0.000000 0.000000 0.000000 0.000000 0.000000 0.000000 0.000000 0.000000 0.000000 0.000000 0.000000 0.000000 0.000000 0.000000 0.000000 0.000000 0.000000 0.000000 0.000000 0.000000 0.000000 0.000000 0.000000 0.000000 0.000000 0.000000 0.000000 0.000000 0.000000 0.000000 0.000000 0.000000 0.000000 0.000000 0.000000 0.000000 0.000000 
50.000000 28.616992 13.261954 5.031071 1.590617 0.426904 0.098898 0.020062 0.003607 0.000581 0.000085 0.000011 0.000001 0.000000 0.000000 0.000000 0.000000 0.000000 0.000000 0.000000 0.000000 0.000000 0.000000 0.000000 0.000000 0.000000 0.000000 0.000000 0.000000 0.000000 0.000000 0.000000 0.000000 0.000000 0.000000 0.000000 0.000000 0.000000 0.000000 0.000000 0.000000 0.000000 0.000000 0.000000 0.000000 0.000000 0.000000 0.000000 0.000000 0.000000 
50.000000 28.616992 13.261954 5.031071 1.590617 0.426904 0.098898 0.020062 0.003607 0.000581 0.000085 0.000011 0.000001 0.000000 0.000000 0.000000 0.000000 0.000000 0.000000 0.000000 0.000000 0.000000 0.000000 0.000000 0.000000 0.000000 0.000000 0.000000 0.000000 0.000000 0.000000 0.000000 0.000000 0.000000 0.000000 0.000000 0.000000 0.000000 0.000000 0.000000 0.000000 0.000000 0.000000 0.000000 0.000000 0.000000 0.000000 0.000000 0.000000 0.000000 
50.000000 28.616992 13.261954 5.031071 1.590617 0.426904 0.098898 0.020062 0.003607 0.000581 0.000085 0.000011 0.000001 0.000000 0.000000 0.000000 0.000000 0.000000 0.000000 0.000000 0.000000 0.000000 0.000000 0.000000 0.000000 0.000000 0.000000 0.000000 0.000000 0.000000 0.000000 0.000000 0.000000 0.000000 0.000000 0.000000 0.000000 0.000000 0.000000 0.000000 0.000000 0.000000 0.000000 0.000000 0.000000 0.000000 0.000000 0.000000 0.000000 0.000000 
50.000000 28.616992 13.261954 5.031071 1.590617 0.426904 0.098898 0.020062 0.003607 0.000581 0.000085 0.000011 0.000001 0.000000 0.000000 0.000000 0.000000 0.000000 0.000000 0.000000 0.000000 0.000000 0.000000 0.000000 0.000000 0.000000 0.000000 0.000000 0.000000 0.000000 0.000000 0.000000 0.000000 0.000000 0.000000 0.000000 0.000000 0.000000 0.000000 0.000000 0.000000 0.000000 0.000000 0.000000 0.000000 0.000000 0.000000 0.000000 0.000000 0.000000 
50.000000 28.616992 13.261954 5.031071 1.590617 0.426904 0.098898 0.020062 0.003607 0.000581 0.000085 0.000011 0.000001 0.000000 0.000000 0.000000 0.000000 0.000000 0.000000 0.000000 0.000000 0.000000 0.000000 0.000000 0.000000 0.000000 0.000000 0.000000 0.000000 0.000000 0.000000 0.000000 0.000000 0.000000 0.000000 0.000000 0.000000 0.000000 0.000000 0.000000 0.000000 0.000000 0.000000 0.000000 0.000000 0.000000 0.000000 0.000000 0.000000 0.000000 
50.000000 28.616992 13.261954 5.031071 1.590617 0.426904 0.098898 0.020062 0.003607 0.000581 0.000085 0.000011 0.000001 0.000000 0.000000 0.000000 0.000000 0.000000 0.000000 0.000000 0.000000 0.000000 0.000000 0.000000 0.000000 0.000000 0.000000 0.000000 0.000000 0.000000 0.000000 0.000000 0.000000 0.000000 0.000000 0.000000 0.000000 0.000000 0.000000 0.000000 0.000000 0.000000 0.000000 0.000000 0.000000 0.000000 0.000000 0.000000 0.000000 0.000000 
50.000000 28.616992 13.261954 5.031071 1.590617 0.426904 0.098898 0.020062 0.003607 0.000581 0.000085 0.000011 0.000001 0.000000 0.000000 0.000000 0.000000 0.000000 0.000000 0.000000 0.000000 0.000000 0.000000 0.000000 0.000000 0.000000 0.000000 0.000000 0.000000 0.000000 0.000000 0.000000 0.000000 0.000000 0.000000 0.000000 0.000000 0.000000 0.000000 0.000000 0.000000 0.000000 0.000000 0.000000 0.000000 0.000000 0.000000 0.000000 0.000000 0.000000 
50.000000 28.616992 13.261954 5.031071 1.590617 0.426904 0.098898 0.020062 0.003607 0.000581 0.000085 0.000011 0.000001 0.000000 0.000000 0.000000 0.000000 0.000000 0.000000 0.000000 0.000000 0.000000 0.000000 0.000000 0.000000 0.000000 0.000000 0.000000 0.000000 0.000000 0.000000 0.000000 0.000000 0.000000 0.000000 0.000000 0.000000 0.000000 0.000000 0.000000 0.000000 0.000000 0.000000 0.000000 0.000000 0.000000 0.000000 0.000000 0.000000 0.000000 
50.000000 28.616992 13.261954 5.031071 1.590617 0.426904 0.098898 0.020062 0.003607 0.000581 0.000085 0.000011 0.000001 0.000000 0.000000 0.000000 0.000000 0.000000 0.000000 0.000000 0.000000 0.000000 0.000000 0.000000 0.000000 0.000000 0.000000 0.000000 0.000000 0.000000 0.000000 0.000000 0.000000 0.000000 0.000000 0.000000 0.000000 0.000000 0.000000 0.000000 0.000000 0.000000 0.000000 0.000000 0.000000 0.000000 0.000000 0.000000 0.000000 0.000000 
50.000000 28.616992 13.261954 5.031071 1.590617 0.426904 0.098898 0.020062 0.003607 0.000581 0.000085 0.000011 0.000001 0.000000 0.000000 0.000000 0.000000 0.000000 0.000000 0.000000 0.000000 0.000000 0.000000 0.000000 0.000000 0.000000 0.000000 0.000000 0.000000 0.000000 0.000000 0.000000 0.000000 0.000000 0.000000 0.000000 0.000000 0.000000 0.000000 0.000000 0.000000 0.000000 0.000000 0.000000 0.000000 0.000000 0.000000 0.000000 0.000000 0.000000 
50.000000 28.616992 13.261954 5.031071 1.590617 0.426904 0.098898 0.020062 0.003607 0.000581 0.000085 0.000011 0.000001 0.000000 0.000000 0.000000 0.000000 0.000000 0.000000 0.000000 0.000000 0.000000 0.000000 0.000000 0.000000 0.000000 0.000000 0.000000 0.000000 0.000000 0.000000 0.000000 0.000000 0.000000 0.000000 0.000000 0.000000 0.000000 0.000000 0.000000 0.000000 0.000000 0.000000 0.000000 0.000000 0.000000 0.000000 0.000000 0.000000 0.000000 
50.000000 28.616992 13.261954 5.031071 1.590617 0.426904 0.098898 0.020062 0.003607 0.000581 0.000085 0.000011 0.000001 0.000000 0.000000 0.000000 0.000000 0.000000 0.000000 0.000000 0.000000 0.000000 0.000000 0.000000 0.000000 0.000000 0.000000 0.000000 0.000000 0.000000 0.000000 0.000000 0.000000 0.000000 0.000000 0.000000 0.000000 0.000000 0.000000 0.000000 0.000000 0.000000 0.000000 0.000000 0.000000 0.000000 0.000000 0.000000 0.000000 0.000000 
50.000000 28.616992 13.261954 5.031071 1.590617 0.426904 0.098898 0.020062 0.003607 0.000581 0.000085 0.000011 0.000001 0.000000 0.000000 0.000000 0.000000 0.000000 0.000000 0.000000 0.000000 0.000000 0.000000 0.000000 0.000000 0.000000 0.000000 0.000000 0.000000 0.000000 0.000000 0.000000 0.000000 0.000000 0.000000 0.000000 0.000000 0.000000 0.000000 0.000000 0.000000 0.000000 0.000000 0.000000 0.000000 0.000000 0.000000 0.000000 0.000000 0.000000 
50.000000 28.616992 13.261954 5.031071 1.590617 0.426904 0.098898 0.020062 0.003607 0.000581 0.000085 0.000011 0.000001 0.000000 0.000000 0.000000 0.000000 0.000000 0.000000 0.000000 0.000000 0.000000 0.000000 0.000000 0.000000 0.000000 0.000000 0.000000 0.000000 0.000000 0.000000 0.000000 0.000000 0.000000 0.000000 0.000000 0.000000 0.000000 0.000000 0.000000 0.000000 0.000000 0.000000 0.000000 0.000000 0.000000 0.000000 0.000000 0.000000 0.000000 
50.000000 28.616992 13.261954 5.031071 1.590617 0.426904 0.098898 0.020062 0.003607 0.000581 0.000085 0.000011 0.000001 0.000000 0.000000 0.000000 0.000000 0.000000 0.000000 0.000000 0.000000 0.000000 0.000000 0.000000 0.000000 0.000000 0.000000 0.000000 0.000000 0.000000 0.000000 0.000000 0.000000 0.000000 0.000000 0.000000 0.000000 0.000000 0.000000 0.000000 0.000000 0.000000 0.000000 0.000000 0.000000 0.000000 0.000000 0.000000 0.000000 0.000000 
50.000000 28.616992 13.261954 5.031071 1.590617 0.426904 0.098898 0.020062 0.003607 0.000581 0.000085 0.000011 0.000001 0.000000 0.000000 0.000000 0.000000 0.000000 0.000000 0.000000 0.000000 0.000000 0.000000 0.000000 0.000000 0.000000 0.000000 0.000000 0.000000 0.000000 0.000000 0.000000 0.000000 0.000000 0.000000 0.000000 0.000000 0.000000 0.000000 0.000000 0.000000 0.000000 0.000000 0.000000 0.000000 0.000000 0.000000 0.000000 0.000000 0.000000 
50.000000 28.616992 13.261954 5.031071 1.590617 0.426904 0.098898 0.020062 0.003607 0.000581 0.000085 0.000011 0.000001 0.000000 0.000000 0.000000 0.000000 0.000000 0.000000 0.000000 0.000000 0.000000 0.000000 0.000000 0.000000 0.000000 0.000000 0.000000 0.000000 0.000000 0.000000 0.000000 0.000000 0.000000 0.000000 0.000000 0.000000 0.000000 0.000000 0.000000 0.000000 0.000000 0.000000 0.000000 0.000000 0.000000 0.000000 0.000000 0.000000 0.000000 
50.000000 28.616992 13.261954 5.031071 1.590617 0.426904 0.098898 0.020062 0.003607 0.000581 0.000085 0.000011 0.000001 0.000000 0.000000 0.000000 0.000000 0.000000 0.000000 0.000000 0.000000 0.000000 0.000000 0.000000 0.000000 0.000000 0.000000 0.000000 0.000000 0.000000 0.000000 0.000000 0.000000 0.000000 0.000000 0.000000 0.000000 0.000000 0.000000 0.000000 0.000000 0.000000 0.000000 0.000000 0.000000 0.000000 0.000000 0.000000 0.000000 0.000000 
50.000000 28.616992 13.261954 5.031071 1.590617 0.426904 0.098898 0.020062 0.003607 0.000581 0.000085 0.000011 0.000001 0.000000 0.000000 0.000000 0.000000 0.000000 0.000000 0.000000 0.000000 0.000000 0.000000 0.000000 0.000000 0.000000 0.000000 0.000000 0.000000 0.000000 0.000000 0.000000 0.000000 0.000000 0.000000 0.000000 0.000000 0.000000 0.000000 0.000000 0.000000 0.000000 0.000000 0.000000 0.000000 0.000000 0.000000 0.000000 0.000000 0.000000 
50.000000 28.616992 13.261954 5.031071 1.590617 0.426904 0.098898 0.020062 0.003607 0.000581 0.000085 0.000011 0.000001 0.000000 0.000000 0.000000 0.000000 0.000000 0.000000 0.000000 0.000000 0.000000 0.000000 0.000000 0.000000 0.000000 0.000000 0.000000 0.000000 0.000000 0.000000 0.000000 0.000000 0.000000 0.000000 0.000000 0.000000 0.000000 0.000000 0.000000 0.000000 0.000000 0.000000 0.000000 0.000000 0.000000 0.000000 0.000000 0.000000 0.000000 
50.000000 28.616992 13.261954 5.031071 1.590617 0.426904 0.098898 0.020062 0.003607 0.000581 0.000085 0.000011 0.000001 0.000000 0.000000 0.000000 0.000000 0.000000 0.000000 0.000000 0.000000 0.000000 0.000000 0.000000 0.000000 0.000000 0.000000 0.000000 0.000000 0.000000 0.000000 0.000000 0.000000 0.000000 0.000000 0.000000 0.000000 0.000000 0.000000 0.000000 0.000000 0.000000 0.000000 0.000000 0.000000 0.000000 0.000000 0.000000 0.000000 0.000000 
50.000000 28.616992 13.261954 5.031072 1.590617 0.426904 0.098898 0.020062 0.003608 0.000581 0.000085 0.000011 0.000002 0.000000 0.000000 0.000000 0.000000 0.000000 0.000000 0.000000 0.000000 0.000000 0.000000 0.000000 0.000000 0.000000 0.000000 0.000000 0.000000 0.000000 0.000000 0.000000 0.000000 0.000000 0.000000 0.000000 0.000000 0.000000 0.000000 0.000000 0.000000 0.000000 0.000000 0.000000 0.000000 0.000000 0.000000 0.000000 0.000000 0.000000 
50.000000 28.616993 13.261955 5.031073 1.590618 0.426906 0.098900 0.020063 0.003609 0.000582 0.000086 0.000013 0.000003 0.000002 0.000001 0.000001 0.000001 0.000001 0.000001 0.000001 0.000001 0.000001 0.000001 0.000001 0.000001 0.000001 0.000001 0.000001 0.000001 0.000001 0.000001 0.000001 0.000001 0.000001 0.000001 0.000001 0.000001 0.000001 0.000001 0.000001 0.000001 0.000001 0.000001 0.000001 0.000001 0.000001 0.000001 0.000001 0.000001 0.000000 
50.000000 28.616997 13.261962 5.031082 1.590628 0.426915 0.098909 0.020073 0.003619 0.000592 0.000096 0.000022 0.000013 0.000011 0.000011 0.000011 0.000011 0.000011 0.000011 0.000011 0.000011 0.000011 0.000011 0.000011 0.000011 0.000011 0.000011 0.000011 0.000011 0.000011 0.000011 0.000011 0.000011 0.000011 0.000011 0.000011 0.000011 0.000011 0.000011 0.000011 0.000011 0.000011 0.000011 0.000011 0.000011 0.000011 0.000010 0.000009 0.000005 0.000000 
50.000000 28.617029 13.262017 5.031148 1.590699 0.426988 0.098983 0.020147 0.003692 0.000665 0.000169 0.000096 0.000086 0.000085 0.000085 0.000085 0.000085 0.000085 0.000085 0.000085 0.000085 0.000085 0.000085 0.000085 0.000085 0.000085 0.000085 0.000085 0.000085 0.000085 0.000085 0.000085 0.000085 0.000085 0.000085 0.000085 0.000085 0.000085 0.000085 0.000085 0.000085 0.000085 0.000085 0.000084 0.000084 0.000083 0.000078 0.000065 0.000039 0.000000 
50.000000 28.617245 13.262386 5.031598 1.591181 0.427481 0.099478 0.020643 0.004188 0.001162 0.000665 0.000592 0.000582 0.000581 0.000581 0.000581 0.000581 0.000581 0.000581 0.000581 0.000581 0.000581 0.000581 0.000581 0.000581 0.000581 0.000581 0.000581 0.000581 0.000581 0.000581 0.000581 0.000581 0.000581 0.000581 0.000581 0.000581 0.000581 0.000581 0.000581 0.000581 0.000581 0.000581 0.000580 0.000578 0.000569 0.000537 0.000450 0.000270 0.000000 
50.000000 28.618560 13.264634 5.034336 1.594119 0.430484 0.102499 0.023668 0.007215 0.004188 0.003692 0.003619 0.003609 0.003608 0.003607 0.003607 0.003607 0.003607 0.003607 0.003607 0.003607 0.003607 0.003607 0.003607 0.003607 0.003607 0.003607 0.003607 0.003607 0.003607 0.003607 0.003607 0.003607 0.003607 0.003607 0.003607 0.003607 0.003607 0.003607 0.003607 0.003607 0.003607 0.003607 0.003604 0.003590 0.003532 0.003339 0.002808 0.001690 0.000000 
50.000000 28.625691 13.276835 5.049208 1.610084 0.446811 0.118925 0.040117 0.023668 0.020643 0.020147 0.020073 0.020063 0.020062 0.020062 0.020062 0.020062 0.020062 0.020062 0.020062 0.020062 0.020062 0.020062 0.020062 0.020062 0.020062 0.020062 0.020062 0.020062 0.020062 0.020062 0.020062 0.020062 0.020062 0.020062 0.020062 0.020062 0.020062 0.020062 0.020062 0.020062 0.020062 0.020059 0.020043 0.019968 0.019661 0.018611 0.015704 0.009499 0.000000 
50.000000 28.659766 13.335182 5.120392 1.686544 0.525022 0.197619 0.118925 0.102499 0.099478 0.098983 0.098909 0.098900 0.098898 0.098898 0.098898 0.098898 0.098898 0.098898 0.098898 0.098898 0.098898 0.098898 0.098898 0.098898 0.098898 0.098898 0.098898 0.098898 0.098898 0.098898 0.098898 0.098898 0.098898 0.098898 0.098898 0.098898 0.098898 0.098898 0.098898 0.098898 0.098896 0.098882 0.098810 0.098462 0.097026 0.092053 0.078046 0.047546 0.000000 
50.000000 28.801171 13.577517 5.416281 2.004534 0.850379 0.525022 0.446811 0.430484 0.427481 0.426988 0.426915 0.426906 0.426904 0.426904 0.426904 0.426904 0.426904 0.426904 0.426904 0.426904 0.426904 0.426904 0.426904 0.426904 0.426904 0.426904 0.426904 0.426904 0.426904 0.426904 0.426904 0.426904 0.426904 0.426904 0.426904 0.426904 0.426904 0.426904 0.426904 0.426903 0.426894 0.426843 0.426560 0.425190 0.419460 0.399232 0.340868 0.209971 0.000000 
50.000000 29.301629 14.435844 6.465091 3.132262 2.004534 1.686544 1.610084 1.594119 1.591181 1.590699 1.590628 1.590618 1.590617 1.590617 1.590617 1.590617 1.590617 1.590617 1.590617 1.590617 1.590617 1.590617 1.590617 1.590617 1.590617 1.590617 1.590617 1.590617 1.590617 1.590617 1.590617 1.590617 1.590617 1.590617 1.590617 1.590617 1.590617 1.590617 1.590616 1.590612 1.590586 1.590423 1.589518 1.585074 1.566131 1.497469 1.292217 0.810521 0.000000 
50.000000 30.777841 16.969496 9.563212 6.465091 5.416281 5.120392 5.049208 5.034336 5.031598 5.031148 5.031082 5.031073 5.031072 5.031071 5.031071 5.031071 5.031071 5.031071 5.031071 5.031071 5.031071 5.031071 5.031071 5.031071 5.031071 5.031071 5.031071 5.031071 5.031071 5.031071 5.031071 5.031071 5.031071 5.031071 5.031071 5.031071 5.031071 5.031071 5.031070 5.031061 5.030997 5.030597 5.028339 5.017049 4.967622 4.781606 4.195332 2.715652 0.000000 
50.000000 34.302393 23.022585 16.969496 14.435844 13.577517 13.335182 13.276835 13.264634 13.262386 13.262017 13.261962 13.261955 13.261954 13.261954 13.261954 13.261954 13.261954 13.261954 13.261954 13.261954 13.261954 13.261954 13.261954 13.261954 13.261954 13.261954 13.261954 13.261954 13.261954 13.261954 13.261954 13.261954 13.261954 13.261954 13.261954 13.261954 13.261954 13.261953 13.261951 13.261936 13.261826 13.261130 13.257136 13.236648 13.143628 12.774164 11.511293 7.905095 0.000000 
50.000000 40.867023 34.302393 30.777841 29.301629 28.801171 28.659766 28.625691 28.618560 28.617245 28.617029 28.616997 28.616993 28.616992 28.616992 28.616992 28.616992 28.616992 28.616992 28.616992 28.616992 28.616992 28.616992 28.616992 28.616992 28.616992 28.616992 28.616992 28.616992 28.616992 28.616992 28.616992 28.616992 28.616992 28.616992 28.616992 28.616992 28.616992 28.616992 28.616990 28.616975 28.616870 28.616192 28.612219 28.591200 28.491107 28.062189 26.397299 20.433511 0.000000 
50.000000 50.000000 50.000000 50.000000 50.000000 50.000000 50.000000 50.000000 50.000000 50.000000 50.000000 50.000000 50.000000 50.000000 50.000000 50.000000 50.000000 50.000000 50.000000 50.000000 50.000000 50.000000 50.000000 50.000000 50.000000 50.000000 50.000000 50.000000 50.000000 50.000000 50.000000 50.000000 50.000000 50.000000 50.000000 50.000000 50.000000 50.000000 50.000000 50.000000 50.000000 50.000000 50.000000 50.000000 50.000000 50.000000 50.000000 50.000000 50.000000 50.000000 
