50.000000 50.000000 50.000000 50.000000 50.000000 50.000000 50.000000 50.000000 50.000000 50.000000 50.000000 50.000000 50.000000 50.000000 50.000000 50.000000 50.000000 50.000000 50.000000 50.000000 50.000000 50.000000 50.000000 50.000000 50.000000 50.000000 50.000000 50.000000 50.000000 50.000000 50.000000 50.000000 50.000000 50.000000 50.000000 50.000000 50.000000 50.000000 50.000000 50.000000 50.000000 50.000000 50.000000 50.000000 50.000000 50.000000 50.000000 50.000000 50.000000 50.000000 
50.000000 47.152504 44.559070 42.405959 40.773892 39.641838 38.921331 38.499269 38.270983 38.156595 38.103324 38.080192 38.070798 38.067219 38.065937 38.065503 38.065365 38.065323 38.065311 38.065308 38.065307 38.065307 38.065307 38.065307 38.065307 38.065307 38.065307 38.065307 38.065307 38.065307 38.065307 38.065306 38.065306 38.065303 38.065295 38.065265 38.065165 38.064847 38.063888 38.061127 38.053550 38.033715 37.984058 37.864625 37.586512 36.951565 35.502164 32.098685 23.576252 0.000000 
50.000000 44.559070 39.603634 35.489615 32.371244 30.208307 28.831732 28.025390 27.589273 27.370758 27.269000 27.224816 27.206873 27.200039 27.197590 27.196762 27.196498 27.196418 27.196395 27.196389 27.196387 27.196387 27.196387 27.196387 27.196387 27.196387 27.196387 27.196387 27.196387 27.196387 27.196387 27.196386 27.196385 27.196381 27.196367 27.196316 27.196147 27.195615 27.194011 27.189422 27.176925 27.144558 27.064743 26.877000 26.454487 25.541047 23.636103 19.801817 12.460385 0.000000 
50.000000 42.405959 35.489615 29.747776 25.395689 22.377165 20.456165 19.330990 18.722471 18.417598 18.275635 18.214000 18.188973 18.179441 18.176026 18.174872 18.174503 18.174392 18.174360 18.174351 18.174349 18.174348 18.174348 18.174348 18.174348 18.174348 18.174348 18.174348 18.174348 18.174348 18.174348 18.174348 18.174346 18.174342 18.174325 18.174267 18.174077 18.173476 18.171681 18.166583 18.152847 18.117758 18.032836 17.838177 17.415779 16.549124 14.873888 11.853512 6.903795 0.000000 
50.000000 40.773892 32.371244 25.395689 20.108703 16.441941 14.108546 12.741919 12.002878 11.632645 11.460263 11.385429 11.355046 11.343475 11.339330 11.337929 11.337482 11.337347 11.337308 11.337298 11.337295 11.337294 11.337294 11.337294 11.337294 11.337294 11.337294 11.337294 11.337294 11.337294 11.337294 11.337293 11.337292 11.337288 11.337273 11.337220 11.337047 11.336506 11.334899 11.330376 11.318328 11.288001 11.215995 11.055041 10.717246 10.054352 8.846565 6.830197 3.822326 0.000000 
50.000000 39.641838 30.208307 22.377165 16.441941 12.325811 9.706617 8.172714 7.343280 6.927801 6.734370 6.650407 6.616321 6.603341 6.598692 6.597121 6.596620 6.596468 6.596425 6.596413 6.596410 6.596409 6.596409 6.596409 6.596409 6.596409 6.596409 6.596409 6.596409 6.596409 6.596409 6.596408 6.596408 6.596404 6.596392 6.596352 6.596218 6.595803 6.594581 6.591173 6.582196 6.559920 6.507966 6.394435 6.162905 5.724696 4.961386 3.753820 2.055327 0.000000 
50.000000 38.921331 28.831732 20.456165 14.108546 9.706617 6.905717 5.265504 4.378649 3.934439 3.727652 3.637898 3.601464 3.587592 3.582624 3.580946 3.580410 3.580248 3.580201 3.580189 3.580185 3.580184 3.580184 3.580184 3.580184 3.580184 3.580184 3.580184 3.580184 3.580184 3.580184 3.580184 3.580183 3.580181 3.580173 3.580145 3.580055 3.579777 3.578963 3.576712 3.570847 3.556481 3.523510 3.452858 3.312181 3.053505 2.617988 1.954732 1.056706 0.000000 
50.000000 38.499269 28.025390 19.330990 12.741919 8.172714 5.265504 3.563123 2.642704 2.181711 1.967125 1.873993 1.836190 1.821798 1.816644 1.814904 1.814348 1.814180 1.814131 1.814118 1.814115 1.814114 1.814114 1.814114 1.814114 1.814114 1.814114 1.814114 1.814114 1.814114 1.814114 1.814114 1.814113 1.814112 1.814107 1.814090 1.814036 1.813869 1.813385 1.812057 1.808631 1.800336 1.781561 1.741995 1.664748 1.525925 1.298154 0.960647 0.515211 0.000000 
50.000000 38.270983 27.589273 18.722471 12.002878 7.343280 4.378649 2.642704 1.704175 1.234133 1.015344 0.920393 0.881854 0.867182 0.861928 0.860154 0.859588 0.859417 0.859367 0.859354 0.859351 0.859350 0.859349 0.859349 0.859349 0.859349 0.859349 0.859349 0.859349 0.859349 0.859349 0.859349 0.859349 0.859348 0.859346 0.859337 0.859307 0.859217 0.858956 0.858247 0.856434 0.852088 0.842367 0.822167 0.783361 0.714877 0.604713 0.444715 0.237268 0.000000 
50.000000 38.156595 27.370758 18.417598 11.632645 6.927801 3.934439 2.181711 1.234133 0.759572 0.538686 0.442828 0.403922 0.389111 0.383807 0.382017 0.381445 0.381272 0.381222 0.381209 0.381205 0.381204 0.381204 0.381204 0.381204 0.381204 0.381204 0.381204 0.381204 0.381204 0.381204 0.381204 0.381204 0.381204 0.381202 0.381198 0.381183 0.381138 0.381011 0.380665 0.379786 0.377700 0.373080 0.363593 0.345605 0.314317 0.264751 0.193833 0.103046 0.000000 
50.000000 38.103324 27.269000 18.275635 11.460263 6.734370 3.727652 1.967125 1.015344 0.538686 0.316828 0.220549 0.181474 0.166598 0.161272 0.159473 0.158899 0.158725 0.158675 0.158662 0.158658 0.158657 0.158657 0.158657 0.158657 0.158657 0.158657 0.158657 0.158657 0.158657 0.158657 0.158657 0.158657 0.158657 0.158656 0.158654 0.158647 0.158627 0.158569 0.158414 0.158022 0.157097 0.155068 0.150940 0.143198 0.129887 0.109052 0.079578 0.042197 0.000000 
50.000000 38.080192 27.224816 18.214000 11.385429 6.650407 3.637898 1.873993 0.920393 0.442828 0.220549 0.124089 0.084940 0.070037 0.064701 0.062899 0.062324 0.062150 0.062100 0.062086 0.062082 0.062082 0.062081 0.062081 0.062081 0.062081 0.062081 0.062081 0.062081 0.062081 0.062081 0.062081 0.062081 0.062081 0.062081 0.062080 0.062077 0.062069 0.062044 0.061980 0.061817 0.061437 0.060608 0.058935 0.055826 0.050530 0.042319 0.030804 0.016303 0.000000 
50.000000 38.070798 27.206873 18.188973 11.355046 6.616321 3.601464 1.836190 0.881854 0.403922 0.181474 0.084940 0.045762 0.030847 0.025507 0.023704 0.023128 0.022954 0.022904 0.022891 0.022887 0.022886 0.022886 0.022886 0.022886 0.022886 0.022886 0.022886 0.022886 0.022886 0.022886 0.022886 0.022886 0.022886 0.022886 0.022885 0.022884 0.022881 0.022871 0.022846 0.022784 0.022637 0.022321 0.021687 0.020517 0.018540 0.015497 0.011259 0.005950 0.000000 
50.000000 38.067219 27.200039 18.179441 11.343475 6.603341 3.587592 1.821798 0.867182 0.389111 0.166598 0.070037 0.030847 0.015929 0.010587 0.008783 0.008207 0.008033 0.007983 0.007970 0.007966 0.007965 0.007965 0.007965 0.007965 0.007965 0.007965 0.007965 0.007965 0.007965 0.007965 0.007965 0.007965 0.007965 0.007965 0.007965 0.007964 0.007963 0.007960 0.007951 0.007928 0.007875 0.007762 0.007536 0.007123 0.006427 0.005364 0.003891 0.002054 0.000000 
50.000000 38.065937 27.197590 18.176026 11.339330 6.598692 3.582624 1.816644 0.861928 0.383807 0.161272 0.064701 0.025507 0.010587 0.005245 0.003441 0.002865 0.002691 0.002641 0.002627 0.002624 0.002623 0.002622 0.002622 0.002622 0.002622 0.002622 0.002622 0.002622 0.002622 0.002622 0.002622 0.002622 0.002622 0.002622 0.002622 0.002622 0.002622 0.002621 0.002617 0.002610 0.002592 0.002554 0.002478 0.002340 0.002109 0.001758 0.001274 0.000672 0.000000 
50.000000 38.065503 27.196762 18.174872 11.337929 6.597121 3.580946 1.814904 0.860154 0.382017 0.159473 0.062899 0.023704 0.008783 0.003441 0.001637 0.001061 0.000887 0.000837 0.000823 0.000820 0.000819 0.000818 0.000818 0.000818 0.000818 0.000818 0.000818 0.000818 0.000818 0.000818 0.000818 0.000818 0.000818 0.000818 0.000818 0.000818 0.000818 0.000818 0.000817 0.000814 0.000809 0.000797 0.000773 0.000729 0.000657 0.000547 0.000396 0.000209 0.000000 
50.000000 38.065365 27.196498 18.174503 11.337482 6.596620 3.580410 1.814348 0.859588 0.381445 0.158899 0.062324 0.023128 0.008207 0.002865 0.001061 0.000485 0.000311 0.000261 0.000247 0.000244 0.000243 0.000243 0.000243 0.000243 0.000243 0.000243 0.000243 0.000243 0.000243 0.000243 0.000243 0.000243 0.000243 0.000243 0.000243 0.000243 0.000243 0.000242 0.000242 0.000241 0.000240 0.000236 0.000229 0.000216 0.000194 0.000162 0.000117 0.000062 0.000000 
50.000000 38.065323 27.196418 18.174392 11.337347 6.596468 3.580248 1.814180 0.859417 0.381272 0.158725 0.062150 0.022954 0.008033 0.002691 0.000887 0.000311 0.000137 0.000087 0.000073 0.000070 0.000069 0.000068 0.000068 0.000068 0.000068 0.000068 0.000068 0.000068 0.000068 0.000068 0.000068 0.000068 0.000068 0.000068 0.000068 0.000068 0.000068 0.000068 0.000068 0.000068 0.000068 0.000067 0.000064 0.000061 0.000055 0.000045 0.000033 0.000017 0.000000 
50.000000 38.065311 27.196395 18.174360 11.337308 6.596425 3.580201 1.814131 0.859367 0.381222 0.158675 0.062100 0.022904 0.007983 0.002641 0.000837 0.000261 0.000087 0.000037 0.000023 0.000020 0.000019 0.000018 0.000018 0.000018 0.000018 0.000018 0.000018 0.000018 0.000018 0.000018 0.000018 0.000018 0.000018 0.000018 0.000018 0.000018 0.000018 0.000018 0.000018 0.000018 0.000018 0.000018 0.000017 0.000016 0.000015 0.000012 0.000009 0.000005 0.000000 
50.000000 38.065308 27.196389 18.174351 11.337298 6.596413 3.580189 1.814118 0.859354 0.381209 0.158662 0.062086 0.022891 0.007970 0.002627 0.000823 0.000247 0.000073 0.000023 0.000009 0.000006 0.000005 0.000005 0.000005 0.000005 0.000005 0.000005 0.000005 0.000005 0.000005 0.000005 0.000005 0.000005 0.000005 0.000005 0.000005 0.000005 0.000005 0.000005 0.000005 0.000005 0.000005 0.000005 0.000004 0.000004 0.000004 0.000003 0.000002 0.000001 0.000000 
50.000000 38.065307 27.196387 18.174349 11.337295 6.596410 3.580185 1.814115 0.859351 0.381205 0.158658 0.062082 0.022887 0.007966 0.002624 0.000820 0.000244 0.000070 0.000020 0.000006 0.000002 0.000001 0.000001 0.000001 0.000001 0.000001 0.000001 0.000001 0.000001 0.000001 0.000001 0.000001 0.000001 0.000001 0.000001 0.000001 0.000001 0.000001 0.000001 0.000001 0.000001 0.000001 0.000001 0.000001 0.000001 0.000001 0.000001 0.000001 0.000000 0.000000 
50.000000 38.065307 27.196387 18.174348 11.337294 6.596409 3.580184 1.814114 0.859350 0.381204 0.158657 0.062082 0.022886 0.007965 0.002623 0.000819 0.000243 0.000069 0.000019 0.000005 0.000001 0.000001 0.000000 0.000000 0.000000 0.000000 0.000000 0.000000 0.000000 0.000000 0.000000 0.000000 0.000000 0.000000 0.000000 0.000000 0.000000 0.000000 0.000000 0.000000 0.000000 0.000000 0.000000 0.000000 0.000000 0.000000 0.000000 0.000000 0.000000 0.000000 
50.000000 38.065307 27.196387 18.174348 11.337294 6.596409 3.580184 1.814114 0.859349 0.381204 0.158657 0.062081 0.022886 0.007965 0.002622 0.000818 0.000243 0.000068 0.000018 0.000005 0.000001 0.000000 0.000000 0.000000 0.000000 0.000000 0.000000 0.000000 0.000000 0.000000 0.000000 0.000000 0.000000 0.000000 0.000000 0.000000 0.000000 0.000000 0.000000 0.000000 0.000000 0.000000 0.000000 0.000000 0.000000 0.000000 0.000000 0.000000 0.000000 0.000000 
50.000000 38.065307 27.196387 18.174348 11.337294 6.596409 3.580184 1.814114 0.859349 0.381204 0.158657 0.062081 0.022886 0.007965 0.002622 0.000818 0.000243 0.000068 0.000018 0.000005 0.000001 0.000000 0.000000 0.000000 0.000000 0.000000 0.000000 0.000000 0.000000 0.000000 0.000000 0.000000 0.000000 0.000000 0.000000 0.000000 0.000000 0.000000 0.000000 0.000000 0.000000 0.000000 0.000000 0.000000 0.000000 0.000000 0.000000 0.000000 0.000000 0.000000 
50.000000 38.065307 27.196387 18.174348 11.337294 6.596409 3.580184 1.814114 0.859349 0.381204 0.158657 0.062081 0.022886 0.007965 0.002622 0.000818 0.000243 0.000068 0.000018 0.000005 0.000001 0.000000 0.000000 0.000000 0.000000 0.000000 0.000000 0.000000 0.000000 0.000000 0.000000 0.000000 0.000000 0.000000 0.000000 0.000000 0.000000 0.000000 0.000000 0.000000 0.000000 0.000000 0.000000 0.000000 0.000000 0.000000 0.000000 0.000000 0.000000 0.000000 
50.000000 38.065307 27.196387 18.174348 11.337294 6.596409 3.580184 1.814114 0.859349 0.381204 0.158657 0.062081 0.022886 0.007965 0.002622 0.000818 0.000243 0.000068 0.000018 0.000005 0.000001 0.000000 0.000000 0.000000 0.000000 0.000000 0.000000 0.000000 0.000000 0.000000 0.000000 0.000000 0.000000 0.000000 0.000000 0.000000 0.000000 0.000000 0.000000 0.000000 0.000000 0.000000 0.000000 0.000000 0.000000 0.000000 0.000000 0.000000 0.000000 0.000000 
50.000000 38.065307 27.196387 18.174348 11.337294 6.596409 3.580184 1.814114 0.859349 0.381204 0.158657 0.062081 0.022886 0.007965 0.002622 0.000818 0.000243 0.000068 0.000018 0.000005 0.000001 0.000000 0.000000 0.000000 0.000000 0.000000 0.000000 0.000000 0.000000 0.000000 0.000000 0.000000 0.000000 0.000000 0.000000 0.000000 0.000000 0.000000 0.000000 0.000000 0.000000 0.000000 0.000000 0.000000 0.000000 0.000000 0.000000 0.000000 0.000000 0.000000 
50.000000 38.065307 27.196387 18.174348 11.337294 6.596409 3.580184 1.814114 0.859349 0.381204 0.158657 0.062081 0.022886 0.007965 0.002622 0.000818 0.000243 0.000068 0.000018 0.000005 0.000001 0.000000 0.000000 0.000000 0.000000 0.000000 0.000000 0.000000 0.000000 0.000000 0.000000 0.000000 0.000000 0.000000 0.000000 0.000000 0.000000 0.000000 0.000000 0.000000 0.000000 0.000000 0.000000 0.000000 0.000000 0.000000 0.000000 0.000000 0.000000 0.000000 
50.000000 38.065307 27.196387 18.174348 11.337294 6.596409 3.580184 1.814114 0.859350 0.381204 0.158657 0.062082 0.022886 0.007965 0.002623 0.000819 0.000243 0.000069 0.000019 0.000005 0.000001 0.000001 0.000000 0.000000 0.000000 0.000000 0.000000 0.000000 0.000000 0.000000 0.000000 0.000000 0.000000 0.000000 0.000000 0.000000 0.000000 0.000000 0.000000 0.000000 0.000000 0.000000 0.000000 0.000000 0.000000 0.000000 0.000000 0.000000 0.000000 0.000000 
50.000000 38.065307 27.196387 18.174349 11.337295 6.596410 3.580185 1.814115 0.859351 0.381205 0.158658 0.062082 0.022887 0.007966 0.002624 0.000820 0.000244 0.000070 0.000020 0.000006 0.000002 0.000001 0.000001 0.000001 0.000001 0.000001 0.000001 0.000001 0.000001 0.000001 0.000001 0.000001 0.000001 0.000001 0.000001 0.000001 0.000001 0.000001 0.000001 0.000001 0.000001 0.000001 0.000001 0.000001 0.000001 0.000001 0.000001 0.000001 0.000000 0.000000 
50.000000 38.065308 27.196389 18.174351 11.337298 6.596413 3.580189 1.814118 0.859354 0.381209 0.158662 0.062086 0.022891 0.007970 0.002627 0.000823 0.000247 0.000073 0.000023 0.000009 0.000006 0.000005 0.000005 0.000005 0.000005 0.000005 0.000005 0.000005 0.000005 0.000005 0.000005 0.000005 0.000005 0.000005 0.000005 0.000005 0.000005 0.000005 0.000005 0.000005 0.000005 0.000005 0.000005 0.000004 0.000004 0.000004 0.000003 0.000002 0.000001 0.000000 
50.000000 38.065311 27.196395 18.174360 11.337308 6.596425 3.580201 1.814131 0.859367 0.381222 0.158675 0.062100 0.022904 0.007983 0.002641 0.000837 0.000261 0.000087 0.000037 0.000023 0.000020 0.000019 0.000018 0.000018 0.000018 0.000018 0.000018 0.000018 0.000018 0.000018 0.000018 0.000018 0.000018 0.000018 0.000018 0.000018 0.000018 0.000018 0.000018 0.000018 0.000018 0.000018 0.000018 0.000017 0.000016 0.000015 0.000012 0.000009 0.000005 0.000000 
50.000000 38.065323 27.196418 18.174392 11.337347 6.596468 3.580248 1.814180 0.859417 0.381272 0.158725 0.062150 0.022954 0.008033 0.002691 0.000887 0.000311 0.000137 0.000087 0.000073 0.000070 0.000069 0.000068 0.000068 0.000068 0.000068 0.000068 0.000068 0.000068 0.000068 0.000068 0.000068 0.000068 0.000068 0.000068 0.000068 0.000068 0.000068 0.000068 0.000068 0.000068 0.000068 0.000067 0.000064 0.000061 0.000055 0.000045 0.000033 0.000017 0.000000 
50.000000 38.065365 27.196498 18.174503 11.337482 6.596620 3.580410 1.814348 0.859588 0.381445 0.158899 0.062324 0.023128 0.008207 0.002865 0.001061 0.000485 0.000311 0.000261 0.000247 0.000244 0.000243 0.000243 0.000243 0.000243 0.000243 0.000243 0.000243 0.000243 0.000243 0.000243 0.000243 0.000243 0.000243 0.000243 0.000243 0.000243 0.000243 0.000242 0.000242 0.000241 0.000240 0.000236 0.000229 0.000216 0.000194 0.000162 0.000117 0.000062 0.000000 
50.000000 38.065503 27.196762 18.174872 11.337929 6.597121 3.580946 1.814904 0.860154 0.382017 0.159473 0.062899 0.023704 0.008783 0.003441 0.001637 0.001061 0.000887 0.000837 0.000823 0.000820 0.000819 0.000818 0.000818 0.000818 0.000818 0.000818 0.000818 0.000818 0.000818 0.000818 0.000818 0.000818 0.000818 0.000818 0.000818 0.000818 0.000818 0.000818 0.000817 0.000814 0.000809 0.000797 0.000773 0.000729 0.000657 0.000547 0.000396 0.000209 0.000000 
50.000000 38.065937 27.197590 18.176026 11.339330 6.598692 3.582624 1.816644 0.861928 0.383807 0.161272 0.064701 0.025507 0.010587 0.005245 0.003441 0.002865 0.002691 0.002641 0.002627 0.002624 0.002623 0.002622 0.002622 0.002622 0.002622 0.002622 0.002622 0.002622 0.002622 0.002622 0.002622 0.002622 0.002622 0.002622 0.002622 0.002622 0.002622 0.002621 0.002617 0.002610 0.002592 0.002554 0.002478 0.002340 0.002109 0.001758 0.001274 0.000672 0.000000 
50.000000 38.067219 27.200039 18.179441 11.343475 6.603341 3.587592 1.821798 0.867182 0.389111 0.166598 0.070037 0.030847 0.015929 0.010587 0.008783 0.008207 0.008033 0.007983 0.007970 0.007966 0.007965 0.007965 0.007965 0.007965 0.007965 0.007965 0.007965 0.007965 0.007965 0.007965 0.007965 0.007965 0.007965 0.007965 0.007965 0.007964 0.007963 0.007960 0.007951 0.007928 0.007875 0.007762 0.007536 0.007123 0.006427 0.005364 0.003891 0.002054 0.000000 
50.000000 38.070798 27.206873 18.188973 11.355046 6.616321 3.601464 1.836190 0.881854 0.403922 0.181474 0.084940 0.045762 0.030847 0.025507 0.023704 0.023128 0.022954 0.022904 0.022891 0.022887 0.022886 0.022886 0.022886 0.022886 0.022886 0.022886 0.022886 0.022886 0.022886 0.022886 0.022886 0.022886 0.022886 0.022886 0.022885 0.022884 0.022881 0.022871 0.022846 0.022784 0.022637 0.022321 0.021687 0.020517 0.018540 0.015497 0.011259 0.005950 0.000000 
50.000000 38.080192 27.224816 18.214000 11.385429 6.650407 3.637898 1.873993 0.920393 0.442828 0.220549 0.124089 0.084940 0.070037 0.064701 0.062899 0.062324 0.062150 0.062100 0.062086 0.062082 0.062082 0.062081 0.062081 0.062081 0.062081 0.062081 0.062081 0.062081 0.062081 0.062081 0.062081 0.062081 0.062081 0.062081 0.062080 0.062077 0.062069 0.062044 0.061980 0.061817 0.061437 0.060608 0.058935 0.055826 0.050530 0.042319 0.030804 0.016303 0.000000 
50.000000 38.103324 27.269000 18.275635 11.460263 6.734370 3.727652 1.967125 1.015344 0.538686 0.316828 0.220549 0.181474 0.166598 0.161272 0.159473 0.158899 0.158725 0.158675 0.158662 0.158658 0.158657 0.158657 0.158657 0.158657 0.158657 0.158657 0.158657 0.158657 0.158657 0.158657 0.158657 0.158657 0.158657 0.158656 0.158654 0.158647 0.158627 0.158569 0.158414 0.158022 0.157097 0.155068 0.150940 0.143198 0.129887 0.109052 0.079578 0.042197 0.000000 
50.000000 38.156595 27.370758 18.417598 11.632645 6.927801 3.934439 2.181711 1.234133 0.759572 0.538686 0.442828 0.403922 0.389111 0.383807 0.382017 0.381445 0.381272 0.381222 0.381209 0.381205 0.381204 0.381204 0.381204 0.381204 0.381204 0.381204 0.381204 0.381204 0.381204 0.381204 0.381204 0.381204 0.381204 0.381202 0.381198 0.381183 0.381138 0.381011 0.380665 0.379786 0.377700 0.373080 0.363593 0.345605 0.314317 0.264751 0.193833 0.103046 0.000000 
50.000000 38.270983 27.589273 18.722471 12.002878 7.343280 4.378649 2.642704 1.704175 1.234133 1.015344 0.920393 0.881854 0.867182 0.861928 0.860154 0.859588 0.859417 0.859367 0.859354 0.859351 0.859350 0.859349 0.859349 0.859349 0.859349 0.859349 0.859349 0.859349 0.859349 0.859349 0.859349 0.859349 0.859348 0.859346 0.859337 0.859307 0.859217 0.858956 0.858247 0.856434 0.852088 0.842367 0.822167 0.783361 0.714877 0.604713 0.444715 0.237268 0.000000 
50.000000 38.499269 28.025390 19.330990 12.741919 8.172714 5.265504 3.563123 2.642704 2.181711 1.967125 1.873993 1.836190 1.821798 1.816644 1.814904 1.814348 1.814180 1.814131 1.814118 1.814115 1.814114 1.814114 1.814114 1.814114 1.814114 1.814114 1.814114 1.814114 1.814114 1.814114 1.814114 1.814113 1.814112 1.814107 1.814090 1.814036 1.813869 1.813385 1.812057 1.808631 1.800336 1.781561 1.741995 1.664748 1.525925 1.298154 0.960647 0.515211 0.000000 
50.000000 38.921331 28.831732 20.456165 14.108546 9.706617 6.905717 5.265504 4.378649 3.934439 3.727652 3.637898 3.601464 3.587592 3.582624 3.580946 3.580410 3.580248 3.580201 3.580189 3.580185 3.580184 3.580184 3.580184 3.580184 3.580184 3.580184 3.580184 3.580184 3.580184 3.580184 3.580184 3.580183 3.580181 3.580173 3.580145 3.580055 3.579777 3.578963 3.576712 3.570847 3.556481 3.523510 3.452858 3.312181 3.053505 2.617988 1.954732 1.056706 0.000000 
50.000000 39.641838 30.208307 22.377165 16.441941 12.325811 9.706617 8.172714 7.343280 6.927801 6.734370 6.650407 6.616321 6.603341 6.598692 6.597121 6.596620 6.596468 6.596425 6.596413 6.596410 6.596409 6.596409 6.596409 6.596409 6.596409 6.596409 6.596409 6.596409 6.596409 6.596409 6.596408 6.596408 6.596404 6.596392 6.596352 6.596218 6.595803 6.594581 6.591173 6.582196 6.559920 6.507966 6.394435 6.162905 5.724696 4.961386 3.753820 2.055327 0.000000 
50.000000 40.773892 32.371244 25.395689 20.108703 16.441941 14.108546 12.741919 12.002878 11.632645 11.460263 11.385429 11.355046 11.343475 11.339330 11.337929 11.337482 11.337347 11.337308 11.337298 11.337295 11.337294 11.337294 11.337294 11.337294 11.337294 11.337294 11.337294 11.337294 11.337294 11.337294 11.337293 11.337292 11.337288 11.337273 11.337220 11.337047 11.336506 11.334899 11.330376 11.318328 11.288001 11.215995 11.055041 10.717246 10.054352 8.846565 6.830197 3.822326 0.000000 
50.000000 42.405959 35.489615 29.747776 25.395689 22.377165 20.456165 19.330990 18.722471 18.417598 18.275635 18.214000 18.188973 18.179441 18.176026 18.174872 18.174503 18.174392 18.174360 18.174351 18.174349 18.174348 18.174348 18.174348 18.174348 18.174348 18.174348 18.174348 18.174348 18.174348 18.174348 18.174348 18.174346 18.174342 18.174325 18.174267 18.174077 18.173476 18.171681 18.166583 18.152847 18.117758 18.032836 17.838177 17.415779 16.549124 14.873888 11.853512 6.903795 0.000000 
50.000000 44.559070 39.603634 35.489615 32.371244 30.208307 28.831732 28.025390 27.589273 27.370758 27.269000 27.224816 27.206873 27.200039 27.197590 27.196762 27.196498 27.196418 27.196395 27.196389 27.196387 27.196387 27.196387 27.196387 27.196387 27.196387 27.196387 27.196387 27.196387 27.196387 27.196387 27.196386 27.196385 27.196381 27.196367 27.196316 27.196147 27.195615 27.194011 27.189422 27.176925 27.144558 27.064743 26.877000 26.454487 25.541047 23.636103 19.801817 12.460385 0.000000 
50.000000 47.152504 44.559070 42.405959 40.773892 39.641838 38.921331 38.499269 38.270983 38.156595 38.103324 38.080192 38.070798 38.067219 38.065937 38.065503 38.065365 38.065323 38.065311 38.065308 38.065307 38.065307 38.065307 38.065307 38.065307 38.065307 38.065307 38.065307 38.065307 38.065307 38.065307 38.065306 38.065306 38.065303 38.065295 38.065265 38.065165 38.064847 38.063888 38.061127 38.053550 38.033715 37.984058 37.864625 37.586512 36.951565 35.502164 32.098685 23.576252 0.000000 
50.000000 50.000000 50.000000 50.000000 50.000000 50.000000 50.000000 50.000000 50.000000 50.000000 50.000000 50.000000 50.000000 50.000000 50.000000 50.000000 50.000000 50.000000 50.000000 50.000000 50.000000 50.000000 50.000000 50.000000 50.000000 50.000000 50.000000 50.000000 50.000000 50.000000 50.000000 50.000000 50.000000 50.000000 50.000000 50.000000 50.000000 50.000000 50.000000 50.000000 50.000000 50.000000 50.000000 50.000000 50.000000 50.000000 50.000000 50.000000 50.000000 50.000000 
