50.000000 50.000000 50.000000 50.000000 50.000000 50.000000 50.000000 50.000000 50.000000 50.000000 50.000000 50.000000 50.000000 50.000000 50.000000 50.000000 50.000000 50.000000 50.000000 50.000000 50.000000 50.000000 50.000000 50.000000 50.000000 50.000000 50.000000 50.000000 50.000000 50.000000 50.000000 50.000000 50.000000 50.000000 50.000000 50.000000 50.000000 50.000000 50.000000 50.000000 50.000000 50.000000 50.000000 50.000000 50.000000 50.000000 50.000000 50.000000 50.000000 50.000000 
50.000000 47.531977 45.254900 43.315503 41.789115 40.677358 39.926610 39.455606 39.180441 39.030394 38.953835 38.917196 38.900710 38.893719 38.890919 38.889858 38.889476 38.889346 38.889303 38.889290 38.889286 38.889285 38.889285 38.889285 38.889285 38.889285 38.889285 38.889285 38.889285 38.889285 38.889285 38.889284 38.889281 38.889273 38.889247 38.889166 38.888926 38.888240 38.886370 38.881489 38.869284 38.839989 38.772286 38.620818 38.289940 37.574591 36.012144 32.462365 23.765988 0.000000 
50.000000 45.254900 40.876940 37.148250 34.213657 32.076263 30.632957 29.727480 29.198510 28.910071 28.762906 28.692480 28.660792 28.647356 28.641975 28.639936 28.639202 28.638951 28.638870 28.638845 28.638837 28.638835 28.638834 28.638834 28.638834 28.638834 28.638834 28.638834 28.638834 28.638834 28.638834 28.638833 28.638828 28.638815 28.638769 28.638630 28.638215 28.637037 28.633838 28.625539 28.604940 28.556013 28.444607 28.200782 27.685898 26.631705 24.528866 20.438470 12.792534 0.000000 
50.000000 43.315503 37.148250 31.895706 27.761887 24.751131 22.718148 21.442782 20.697762 20.291535 20.084286 19.985112 19.940492 19.921574 19.913998 19.911127 19.910094 19.909741 19.909627 19.909591 19.909580 19.909577 19.909577 19.909576 19.909576 19.909576 19.909576 19.909576 19.909576 19.909576 19.909576 19.909574 19.909569 19.909553 19.909500 19.909335 19.908847 19.907471 19.903757 19.894195 19.870712 19.815701 19.692774 19.430649 18.897130 17.861151 15.947853 12.619384 7.303358 0.000000 
50.000000 41.789115 34.213657 27.761887 22.684397 18.986477 16.489600 14.923293 14.008369 13.509532 13.255052 13.133286 13.078506 13.055282 13.045982 13.042458 13.041190 13.040758 13.040617 13.040573 13.040560 13.040556 13.040555 13.040555 13.040555 13.040555 13.040555 13.040555 13.040555 13.040555 13.040555 13.040553 13.040549 13.040533 13.040481 13.040324 13.039859 13.038556 13.035065 13.026161 13.004544 12.954662 12.845349 12.618169 12.171299 11.342199 9.900735 7.581952 4.214525 0.000000 
50.000000 40.677358 32.076263 24.751131 18.986477 14.788251 11.953689 10.175643 9.137097 8.570896 8.282070 8.143880 8.081717 8.055365 8.044813 8.040815 8.039377 8.038886 8.038726 8.038677 8.038662 8.038658 8.038657 8.038657 8.038656 8.038656 8.038656 8.038656 8.038656 8.038656 8.038656 8.038655 8.038651 8.038638 8.038595 8.038466 8.038086 8.037025 8.034208 8.027089 8.010009 7.971172 7.887627 7.718018 7.394125 6.815178 5.854001 4.390365 2.387418 0.000000 
50.000000 39.926610 30.632957 22.718148 16.489600 11.953689 8.891255 6.970366 5.848447 5.236829 4.924856 4.775601 4.708466 4.680008 4.668614 4.664297 4.662745 4.662215 4.662042 4.661989 4.661973 4.661968 4.661967 4.661967 4.661967 4.661967 4.661967 4.661967 4.661967 4.661967 4.661967 4.661966 4.661963 4.661953 4.661922 4.661828 4.661553 4.660790 4.658779 4.653744 4.641801 4.615013 4.558344 4.445628 4.235671 3.871431 3.287500 2.432175 1.305792 0.000000 
50.000000 39.455606 29.727480 21.442782 14.923293 10.175643 6.970366 4.959960 3.785812 3.145753 2.819291 2.663114 2.592869 2.563095 2.551175 2.546658 2.545035 2.544481 2.544300 2.544244 2.544228 2.544223 2.544222 2.544222 2.544222 2.544221 2.544221 2.544221 2.544221 2.544221 2.544221 2.544221 2.544219 2.544212 2.544192 2.544130 2.543951 2.543458 2.542166 2.538959 2.531430 2.514750 2.479980 2.412022 2.288015 2.077945 1.750008 1.282873 0.683319 0.000000 
50.000000 39.180441 29.198510 20.697762 14.008369 9.137097 5.848447 3.785812 2.581202 1.924563 1.589659 1.429450 1.357395 1.326855 1.314629 1.309997 1.308332 1.307764 1.307579 1.307521 1.307504 1.307499 1.307498 1.307498 1.307498 1.307498 1.307498 1.307498 1.307498 1.307498 1.307498 1.307497 1.307496 1.307492 1.307480 1.307443 1.307337 1.307046 1.306290 1.304427 1.300095 1.290601 1.271062 1.233434 1.165925 1.053708 0.882060 0.642496 0.340452 0.000000 
50.000000 39.030394 28.910071 20.291535 13.509532 8.570896 5.236829 3.145753 1.924563 1.258904 0.919409 0.757009 0.683970 0.653015 0.640624 0.635929 0.634241 0.633665 0.633478 0.633420 0.633402 0.633397 0.633396 0.633396 0.633396 0.633396 0.633396 0.633396 0.633396 0.633396 0.633396 0.633395 0.633395 0.633393 0.633386 0.633366 0.633308 0.633151 0.632743 0.631748 0.629452 0.624469 0.614323 0.595027 0.560887 0.504988 0.420823 0.305131 0.161110 0.000000 
50.000000 38.953835 28.762906 20.084286 13.255052 8.282070 4.924856 2.819291 1.589659 0.919409 0.577578 0.414064 0.340527 0.309360 0.296885 0.292158 0.290459 0.289879 0.289690 0.289632 0.289614 0.289610 0.289608 0.289608 0.289608 0.289608 0.289608 0.289608 0.289608 0.289608 0.289608 0.289608 0.289607 0.289606 0.289603 0.289593 0.289564 0.289485 0.289282 0.288789 0.287661 0.285231 0.280333 0.271111 0.254982 0.228892 0.190090 0.137367 0.072346 0.000000 
50.000000 38.917196 28.692480 19.985112 13.133286 8.143880 4.775601 2.663114 1.429450 0.757009 0.414064 0.250019 0.176244 0.144977 0.132461 0.127719 0.126015 0.125433 0.125244 0.125185 0.125168 0.125163 0.125162 0.125161 0.125161 0.125161 0.125161 0.125161 0.125161 0.125161 0.125161 0.125161 0.125161 0.125160 0.125159 0.125154 0.125140 0.125104 0.125010 0.124782 0.124265 0.123160 0.120948 0.116822 0.109672 0.098221 0.081355 0.058641 0.030826 0.000000 
50.000000 38.900710 28.660792 19.940492 13.078506 8.081717 4.708466 2.592869 1.357395 0.683970 0.340527 0.176244 0.102362 0.071050 0.058516 0.053768 0.052061 0.051478 0.051289 0.051230 0.051213 0.051208 0.051206 0.051206 0.051206 0.051206 0.051206 0.051206 0.051206 0.051206 0.051206 0.051206 0.051206 0.051206 0.051205 0.051203 0.051197 0.051181 0.051140 0.051042 0.050820 0.050348 0.049411 0.047676 0.044692 0.039950 0.033022 0.023756 0.012470 0.000000 
50.000000 38.893719 28.647356 19.921574 13.055282 8.055365 4.680008 2.563095 1.326855 0.653015 0.309360 0.144977 0.071050 0.039719 0.027178 0.022426 0.020719 0.020136 0.019946 0.019887 0.019870 0.019865 0.019864 0.019863 0.019863 0.019863 0.019863 0.019863 0.019863 0.019863 0.019863 0.019863 0.019863 0.019863 0.019863 0.019862 0.019860 0.019853 0.019836 0.019797 0.019707 0.019518 0.019144 0.018455 0.017279 0.015423 0.012727 0.009142 0.004793 0.000000 
50.000000 38.890919 28.641975 19.913998 13.045982 8.044813 4.668614 2.551175 1.314629 0.640624 0.296885 0.132461 0.058516 0.027178 0.014634 0.009881 0.008173 0.007590 0.007400 0.007342 0.007324 0.007319 0.007318 0.007318 0.007317 0.007317 0.007317 0.007317 0.007317 0.007317 0.007317 0.007317 0.007317 0.007317 0.007317 0.007317 0.007316 0.007313 0.007307 0.007292 0.007258 0.007186 0.007045 0.006787 0.006348 0.005659 0.004663 0.003346 0.001753 0.000000 
50.000000 38.889858 28.639936 19.911127 13.042458 8.040815 4.664297 2.546658 1.309997 0.635929 0.292158 0.127719 0.053768 0.022426 0.009881 0.005128 0.003420 0.002837 0.002647 0.002588 0.002571 0.002566 0.002565 0.002564 0.002564 0.002564 0.002564 0.002564 0.002564 0.002564 0.002564 0.002564 0.002564 0.002564 0.002564 0.002564 0.002564 0.002563 0.002560 0.002555 0.002543 0.002517 0.002466 0.002375 0.002219 0.001976 0.001627 0.001166 0.000610 0.000000 
50.000000 38.889476 28.639202 19.910094 13.041190 8.039377 4.662745 2.545035 1.308332 0.634241 0.290459 0.126015 0.052061 0.020719 0.008173 0.003420 0.001712 0.001129 0.000939 0.000880 0.000863 0.000858 0.000856 0.000856 0.000856 0.000856 0.000856 0.000856 0.000856 0.000856 0.000856 0.000856 0.000856 0.000856 0.000856 0.000856 0.000856 0.000855 0.000855 0.000853 0.000849 0.000840 0.000823 0.000792 0.000739 0.000658 0.000541 0.000388 0.000203 0.000000 
50.000000 38.889346 28.638951 19.909741 13.040758 8.038886 4.662215 2.544481 1.307764 0.633665 0.289879 0.125433 0.051478 0.020136 0.007590 0.002837 0.001129 0.000545 0.000356 0.000297 0.000279 0.000274 0.000273 0.000273 0.000273 0.000273 0.000273 0.000273 0.000273 0.000273 0.000273 0.000273 0.000273 0.000273 0.000273 0.000273 0.000273 0.000272 0.000272 0.000272 0.000270 0.000267 0.000262 0.000252 0.000235 0.000209 0.000172 0.000123 0.000064 0.000000 
50.000000 38.889303 28.638870 19.909627 13.040617 8.038726 4.662042 2.544300 1.307579 0.633478 0.289690 0.125244 0.051289 0.019946 0.007400 0.002647 0.000939 0.000356 0.000166 0.000107 0.000090 0.000085 0.000083 0.000083 0.000083 0.000083 0.000083 0.000083 0.000083 0.000083 0.000083 0.000083 0.000083 0.000083 0.000083 0.000083 0.000083 0.000083 0.000083 0.000083 0.000082 0.000081 0.000080 0.000077 0.000071 0.000064 0.000052 0.000037 0.000020 0.000000 
50.000000 38.889290 28.638845 19.909591 13.040573 8.038677 4.661989 2.544244 1.307521 0.633420 0.289632 0.125185 0.051230 0.019887 0.007342 0.002588 0.000880 0.000297 0.000107 0.000048 0.000031 0.000026 0.000025 0.000024 0.000024 0.000024 0.000024 0.000024 0.000024 0.000024 0.000024 0.000024 0.000024 0.000024 0.000024 0.000024 0.000024 0.000024 0.000024 0.000024 0.000024 0.000024 0.000023 0.000022 0.000021 0.000018 0.000015 0.000011 0.000006 0.000000 
50.000000 38.889286 28.638837 19.909580 13.040560 8.038662 4.661973 2.544228 1.307504 0.633402 0.289614 0.125168 0.051213 0.019870 0.007324 0.002571 0.000863 0.000279 0.000090 0.000031 0.000013 0.000009 0.000007 0.000007 0.000007 0.000007 0.000007 0.000007 0.000007 0.000007 0.000007 0.000007 0.000007 0.000007 0.000007 0.000007 0.000007 0.000007 0.000007 0.000007 0.000007 0.000007 0.000006 0.000006 0.000006 0.000005 0.000004 0.000003 0.000002 0.000000 
50.000000 38.889285 28.638835 19.909577 13.040556 8.038658 4.661968 2.544223 1.307499 0.633397 0.289610 0.125163 0.051208 0.019865 0.007319 0.002566 0.000858 0.000274 0.000085 0.000026 0.000009 0.000004 0.000002 0.000002 0.000002 0.000002 0.000002 0.000002 0.000002 0.000002 0.000002 0.000002 0.000002 0.000002 0.000002 0.000002 0.000002 0.000002 0.000002 0.000002 0.000002 0.000002 0.000002 0.000002 0.000002 0.000001 0.000001 0.000001 0.000000 0.000000 
50.000000 38.889285 28.638834 19.909577 13.040555 8.038657 4.661967 2.544222 1.307498 0.633396 0.289608 0.125162 0.051206 0.019864 0.007318 0.002565 0.000856 0.000273 0.000083 0.000025 0.000007 0.000002 0.000001 0.000001 0.000000 0.000000 0.000000 0.000000 0.000000 0.000000 0.000000 0.000000 0.000000 0.000000 0.000000 0.000000 0.000000 0.000000 0.000000 0.000000 0.000000 0.000000 0.000000 0.000000 0.000000 0.000000 0.000000 0.000000 0.000000 0.000000 
50.000000 38.889285 28.638834 19.909576 13.040555 8.038657 4.661967 2.544222 1.307498 0.633396 0.289608 0.125161 0.051206 0.019863 0.007318 0.002564 0.000856 0.000273 0.000083 0.000024 0.000007 0.000002 0.000001 0.000000 0.000000 0.000000 0.000000 0.000000 0.000000 0.000000 0.000000 0.000000 0.000000 0.000000 0.000000 0.000000 0.000000 0.000000 0.000000 0.000000 0.000000 0.000000 0.000000 0.000000 0.000000 0.000000 0.000000 0.000000 0.000000 0.000000 
50.000000 38.889285 28.638834 19.909576 13.040555 8.038656 4.661967 2.544222 1.307498 0.633396 0.289608 0.125161 0.051206 0.019863 0.007317 0.002564 0.000856 0.000273 0.000083 0.000024 0.000007 0.000002 0.000000 0.000000 0.000000 0.000000 0.000000 0.000000 0.000000 0.000000 0.000000 0.000000 0.000000 0.000000 0.000000 0.000000 0.000000 0.000000 0.000000 0.000000 0.000000 0.000000 0.000000 0.000000 0.000000 0.000000 0.000000 0.000000 0.000000 0.000000 
50.000000 38.889285 28.638834 19.909576 13.040555 8.038656 4.661967 2.544222 1.307498 0.633396 0.289608 0.125161 0.051206 0.019863 0.007317 0.002564 0.000856 0.000273 0.000083 0.000024 0.000007 0.000002 0.000000 0.000000 0.000000 0.000000 0.000000 0.000000 0.000000 0.000000 0.000000 0.000000 0.000000 0.000000 0.000000 0.000000 0.000000 0.000000 0.000000 0.000000 0.000000 0.000000 0.000000 0.000000 0.000000 0.000000 0.000000 0.000000 0.000000 0.000000 
50.000000 38.889285 28.638834 19.909576 13.040555 8.038657 4.661967 2.544222 1.307498 0.633396 0.289608 0.125161 0.051206 0.019863 0.007318 0.002564 0.000856 0.000273 0.000083 0.000024 0.000007 0.000002 0.000001 0.000000 0.000000 0.000000 0.000000 0.000000 0.000000 0.000000 0.000000 0.000000 0.000000 0.000000 0.000000 0.000000 0.000000 0.000000 0.000000 0.000000 0.000000 0.000000 0.000000 0.000000 0.000000 0.000000 0.000000 0.000000 0.000000 0.000000 
50.000000 38.889285 28.638834 19.909577 13.040555 8.038657 4.661967 2.544222 1.307498 0.633396 0.289608 0.125162 0.051206 0.019864 0.007318 0.002565 0.000856 0.000273 0.000083 0.000025 0.000007 0.000002 0.000001 0.000001 0.000000 0.000000 0.000000 0.000000 0.000000 0.000000 0.000000 0.000000 0.000000 0.000000 0.000000 0.000000 0.000000 0.000000 0.000000 0.000000 0.000000 0.000000 0.000000 0.000000 0.000000 0.000000 0.000000 0.000000 0.000000 0.000000 
50.000000 38.889285 28.638835 19.909577 13.040556 8.038658 4.661968 2.544223 1.307499 0.633397 0.289610 0.125163 0.051208 0.019865 0.007319 0.002566 0.000858 0.000274 0.000085 0.000026 0.000009 0.000004 0.000002 0.000002 0.000002 0.000002 0.000002 0.000002 0.000002 0.000002 0.000002 0.000002 0.000002 0.000002 0.000002 0.000002 0.000002 0.000002 0.000002 0.000002 0.000002 0.000002 0.000002 0.000002 0.000002 0.000001 0.000001 0.000001 0.000000 0.000000 
50.000000 38.889286 28.638837 19.909580 13.040560 8.038662 4.661973 2.544228 1.307504 0.633402 0.289614 0.125168 0.051213 0.019870 0.007324 0.002571 0.000863 0.000279 0.000090 0.000031 0.000013 0.000009 0.000007 0.000007 0.000007 0.000007 0.000007 0.000007 0.000007 0.000007 0.000007 0.000007 0.000007 0.000007 0.000007 0.000007 0.000007 0.000007 0.000007 0.000007 0.000007 0.000007 0.000006 0.000006 0.000006 0.000005 0.000004 0.000003 0.000002 0.000000 
50.000000 38.889290 28.638845 19.909591 13.040573 8.038677 4.661989 2.544244 1.307521 0.633420 0.289632 0.125185 0.051230 0.019887 0.007342 0.002588 0.000880 0.000297 0.000107 0.000048 0.000031 0.000026 0.000025 0.000024 0.000024 0.000024 0.000024 0.000024 0.000024 0.000024 0.000024 0.000024 0.000024 0.000024 0.000024 0.000024 0.000024 0.000024 0.000024 0.000024 0.000024 0.000024 0.000023 0.000022 0.000021 0.000018 0.000015 0.000011 0.000006 0.000000 
50.000000 38.889303 28.638870 19.909627 13.040617 8.038726 4.662042 2.544300 1.307579 0.633478 0.289690 0.125244 0.051289 0.019946 0.007400 0.002647 0.000939 0.000356 0.000166 0.000107 0.000090 0.000085 0.000083 0.000083 0.000083 0.000083 0.000083 0.000083 0.000083 0.000083 0.000083 0.000083 0.000083 0.000083 0.000083 0.000083 0.000083 0.000083 0.000083 0.000083 0.000082 0.000081 0.000080 0.000077 0.000071 0.000064 0.000052 0.000037 0.000020 0.000000 
50.000000 38.889346 28.638951 19.909741 13.040758 8.038886 4.662215 2.544481 1.307764 0.633665 0.289879 0.125433 0.051478 0.020136 0.007590 0.002837 0.001129 0.000545 0.000356 0.000297 0.000279 0.000274 0.000273 0.000273 0.000273 0.000273 0.000273 0.000273 0.000273 0.000273 0.000273 0.000273 0.000273 0.000273 0.000273 0.000273 0.000273 0.000272 0.000272 0.000272 0.000270 0.000267 0.000262 0.000252 0.000235 0.000209 0.000172 0.000123 0.000064 0.000000 
50.000000 38.889476 28.639202 19.910094 13.041190 8.039377 4.662745 2.545035 1.308332 0.634241 0.290459 0.126015 0.052061 0.020719 0.008173 0.003420 0.001712 0.001129 0.000939 0.000880 0.000863 0.000858 0.000856 0.000856 0.000856 0.000856 0.000856 0.000856 0.000856 0.000856 0.000856 0.000856 0.000856 0.000856 0.000856 0.000856 0.000856 0.000855 0.000855 0.000853 0.000849 0.000840 0.000823 0.000792 0.000739 0.000658 0.000541 0.000388 0.000203 0.000000 
50.000000 38.889858 28.639936 19.911127 13.042458 8.040815 4.664297 2.546658 1.309997 0.635929 0.292158 0.127719 0.053768 0.022426 0.009881 0.005128 0.003420 0.002837 0.002647 0.002588 0.002571 0.002566 0.002565 0.002564 0.002564 0.002564 0.002564 0.002564 0.002564 0.002564 0.002564 0.002564 0.002564 0.002564 0.002564 0.002564 0.002564 0.002563 0.002560 0.002555 0.002543 0.002517 0.002466 0.002375 0.002219 0.001976 0.001627 0.001166 0.000610 0.000000 
50.000000 38.890919 28.641975 19.913998 13.045982 8.044813 4.668614 2.551175 1.314629 0.640624 0.296885 0.132461 0.058516 0.027178 0.014634 0.009881 0.008173 0.007590 0.007400 0.007342 0.007324 0.007319 0.007318 0.007318 0.007317 0.007317 0.007317 0.007317 0.007317 0.007317 0.007317 0.007317 0.007317 0.007317 0.007317 0.007317 0.007316 0.007313 0.007307 0.007292 0.007258 0.007186 0.007045 0.006787 0.006348 0.005659 0.004663 0.003346 0.001753 0.000000 
50.000000 38.893719 28.647356 19.921574 13.055282 8.055365 4.680008 2.563095 1.326855 0.653015 0.309360 0.144977 0.071050 0.039719 0.027178 0.022426 0.020719 0.020136 0.019946 0.019887 0.019870 0.019865 0.019864 0.019863 0.019863 0.019863 0.019863 0.019863 0.019863 0.019863 0.019863 0.019863 0.019863 0.019863 0.019863 0.019862 0.019860 0.019853 0.019836 0.019797 0.019707 0.019518 0.019144 0.018455 0.017279 0.015423 0.012727 0.009142 0.004793 0.000000 
50.000000 38.900710 28.660792 19.940492 13.078506 8.081717 4.708466 2.592869 1.357395 0.683970 0.340527 0.176244 0.102362 0.071050 0.058516 0.053768 0.052061 0.051478 0.051289 0.051230 0.051213 0.051208 0.051206 0.051206 0.051206 0.051206 0.051206 0.051206 0.051206 0.051206 0.051206 0.051206 0.051206 0.051206 0.051205 0.051203 0.051197 0.051181 0.051140 0.051042 0.050820 0.050348 0.049411 0.047676 0.044692 0.039950 0.033022 0.023756 0.012470 0.000000 
50.000000 38.917196 28.692480 19.985112 13.133286 8.143880 4.775601 2.663114 1.429450 0.757009 0.414064 0.250019 0.176244 0.144977 0.132461 0.127719 0.126015 0.125433 0.125244 0.125185 0.125168 0.125163 0.125162 0.125161 0.125161 0.125161 0.125161 0.125161 0.125161 0.125161 0.125161 0.125161 0.125161 0.125160 0.125159 0.125154 0.125140 0.125104 0.125010 0.124782 0.124265 0.123160 0.120948 0.116822 0.109672 0.098221 0.081355 0.058641 0.030826 0.000000 
50.000000 38.953835 28.762906 20.084286 13.255052 8.282070 4.924856 2.819291 1.589659 0.919409 0.577578 0.414064 0.340527 0.309360 0.296885 0.292158 0.290459 0.289879 0.289690 0.289632 0.289614 0.289610 0.289608 0.289608 0.289608 0.289608 0.289608 0.289608 0.289608 0.289608 0.289608 0.289608 0.289607 0.289606 0.289603 0.289593 0.289564 0.289485 0.289282 0.288789 0.287661 0.285231 0.280333 0.271111 0.254982 0.228892 0.190090 0.137367 0.072346 0.000000 
50.000000 39.030394 28.910071 20.291535 13.509532 8.570896 5.236829 3.145753 1.924563 1.258904 0.919409 0.757009 0.683970 0.653015 0.640624 0.635929 0.634241 0.633665 0.633478 0.633420 0.633402 0.633397 0.633396 0.633396 0.633396 0.633396 0.633396 0.633396 0.633396 0.633396 0.633396 0.633395 0.633395 0.633393 0.633386 0.633366 0.633308 0.633151 0.632743 0.631748 0.629452 0.624469 0.614323 0.595027 0.560887 0.504988 0.420823 0.305131 0.161110 0.000000 
50.000000 39.180441 29.198510 20.697762 14.008369 9.137097 5.848447 3.785812 2.581202 1.924563 1.589659 1.429450 1.357395 1.326855 1.314629 1.309997 1.308332 1.307764 1.307579 1.307521 1.307504 1.307499 1.307498 1.307498 1.307498 1.307498 1.307498 1.307498 1.307498 1.307498 1.307498 1.307497 1.307496 1.307492 1.307480 1.307443 1.307337 1.307046 1.306290 1.304427 1.300095 1.290601 1.271062 1.233434 1.165925 1.053708 0.882060 0.642496 0.340452 0.000000 
50.000000 39.455606 29.727480 21.442782 14.923293 10.175643 6.970366 4.959960 3.785812 3.145753 2.819291 2.663114 2.592869 2.563095 2.551175 2.546658 2.545035 2.544481 2.544300 2.544244 2.544228 2.544223 2.544222 2.544222 2.544222 2.544221 2.544221 2.544221 2.544221 2.544221 2.544221 2.544221 2.544219 2.544212 2.544192 2.544130 2.543951 2.543458 2.542166 2.538959 2.531430 2.514750 2.479980 2.412022 2.288015 2.077945 1.750008 1.282873 0.683319 0.000000 
50.000000 39.926610 30.632957 22.718148 16.489600 11.953689 8.891255 6.970366 5.848447 5.236829 4.924856 4.775601 4.708466 4.680008 4.668614 4.664297 4.662745 4.662215 4.662042 4.661989 4.661973 4.661968 4.661967 4.661967 4.661967 4.661967 4.661967 4.661967 4.661967 4.661967 4.661967 4.661966 4.661963 4.661953 4.661922 4.661828 4.661553 4.660790 4.658779 4.653744 4.641801 4.615013 4.558344 4.445628 4.235671 3.871431 3.287500 2.432175 1.305792 0.000000 
50.000000 40.677358 32.076263 24.751131 18.986477 14.788251 11.953689 10.175643 9.137097 8.570896 8.282070 8.143880 8.081717 8.055365 8.044813 8.040815 8.039377 8.038886 8.038726 8.038677 8.038662 8.038658 8.038657 8.038657 8.038656 8.038656 8.038656 8.038656 8.038656 8.038656 8.038656 8.038655 8.038651 8.038638 8.038595 8.038466 8.038086 8.037025 8.034208 8.027089 8.010009 7.971172 7.887627 7.718018 7.394125 6.815178 5.854001 4.390365 2.387418 0.000000 
50.000000 41.789115 34.213657 27.761887 22.684397 18.986477 16.489600 14.923293 14.008369 13.509532 13.255052 13.133286 13.078506 13.055282 13.045982 13.042458 13.041190 13.040758 13.040617 13.040573 13.040560 13.040556 13.040555 13.040555 13.040555 13.040555 13.040555 13.040555 13.040555 13.040555 13.040555 13.040553 13.040549 13.040533 13.040481 13.040324 13.039859 13.038556 13.035065 13.026161 13.004544 12.954662 12.845349 12.618169 12.171299 11.342199 9.900735 7.581952 4.214525 0.000000 
50.000000 43.315503 37.148250 31.895706 27.761887 24.751131 22.718148 21.442782 20.697762 20.291535 20.084286 19.985112 19.940492 19.921574 19.913998 19.911127 19.910094 19.909741 19.909627 19.909591 19.909580 19.909577 19.909577 19.909576 19.909576 19.909576 19.909576 19.909576 19.909576 19.909576 19.909576 19.909574 19.909569 19.909553 19.909500 19.909335 19.908847 19.907471 19.903757 19.894195 19.870712 19.815701 19.692774 19.430649 18.897130 17.861151 15.947853 12.619384 7.303358 0.000000 
50.000000 45.254900 40.876940 37.148250 34.213657 32.076263 30.632957 29.727480 29.198510 28.910071 28.762906 28.692480 28.660792 28.647356 28.641975 28.639936 28.639202 28.638951 28.638870 28.638845 28.638837 28.638835 28.638834 28.638834 28.638834 28.638834 28.638834 28.638834 28.638834 28.638834 28.638834 28.638833 28.638828 28.638815 28.638769 28.638630 28.638215 28.637037 28.633838 28.625539 28.604940 28.556013 28.444607 28.200782 27.685898 26.631705 24.528866 20.438470 12.792534 0.000000 
50.000000 47.531977 45.254900 43.315503 41.789115 40.677358 39.926610 39.455606 39.180441 39.030394 38.953835 38.917196 38.900710 38.893719 38.890919 38.889858 38.889476 38.889346 38.889303 38.889290 38.889286 38.889285 38.889285 38.889285 38.889285 38.889285 38.889285 38.889285 38.889285 38.889285 38.889285 38.889284 38.889281 38.889273 38.889247 38.889166 38.888926 38.888240 38.886370 38.881489 38.869284 38.839989 38.772286 38.620818 38.289940 37.574591 36.012144 32.462365 23.765988 0.000000 
50.000000 50.000000 50.000000 50.000000 50.000000 50.000000 50.000000 50.000000 50.000000 50.000000 50.000000 50.000000 50.000000 50.000000 50.000000 50.000000 50.000000 50.000000 50.000000 50.000000 50.000000 50.000000 50.000000 50.000000 50.000000 50.000000 50.000000 50.000000 50.000000 50.000000 50.000000 50.000000 50.000000 50.000000 50.000000 50.000000 50.000000 50.000000 50.000000 50.000000 50.000000 50.000000 50.000000 50.000000 50.000000 50.000000 50.000000 50.000000 50.000000 50.000000 
