50.000000 50.000000 50.000000 50.000000 50.000000 50.000000 50.000000 50.000000 50.000000 50.000000 50.000000 50.000000 50.000000 50.000000 50.000000 50.000000 50.000000 50.000000 50.000000 50.000000 50.000000 50.000000 50.000000 50.000000 50.000000 50.000000 50.000000 50.000000 50.000000 50.000000 50.000000 50.000000 50.000000 50.000000 50.000000 50.000000 50.000000 50.000000 50.000000 50.000000 50.000000 50.000000 50.000000 50.000000 50.000000 50.000000 50.000000 50.000000 50.000000 50.000000 
50.000000 48.905894 47.849364 46.864121 45.976797 45.204917 44.556256 44.029545 43.616198 43.302608 43.072547 42.909280 42.797161 42.722628 42.674646 42.644721 42.626633 42.616031 42.610003 42.606677 42.604895 42.603968 42.603499 42.603268 42.603156 42.603102 42.603072 42.603047 42.603009 42.602936 42.602786 42.602477 42.601858 42.600643 42.598310 42.593932 42.585889 42.571408 42.545827 42.501390 42.425290 42.296326 42.078936 41.711730 41.083442 39.977185 37.926320 33.797925 24.452947 0.000000 
50.000000 47.849364 45.772593 43.835946 42.091779 40.574535 39.299499 38.264176 37.451688 36.835287 36.383075 36.062155 35.841774 35.695273 35.600961 35.542141 35.506587 35.485748 35.473900 35.467363 35.463861 35.462038 35.461116 35.460662 35.460443 35.460337 35.460279 35.460230 35.460160 35.460022 35.459739 35.459160 35.458000 35.455724 35.451365 35.443198 35.428232 35.401371 35.354105 35.272425 35.133515 34.900369 34.512775 33.871528 32.809553 31.037162 28.037876 22.886297 14.051440 0.000000 
50.000000 46.864121 43.835946 41.012093 38.468902 36.256598 34.397464 32.887863 31.703181 30.804418 30.145059 29.677138 29.355810 29.142205 29.004695 28.918935 28.867096 28.836714 28.819440 28.809909 28.804803 28.802145 28.800801 28.800139 28.799820 28.799666 28.799582 28.799515 28.799418 28.799232 28.798849 28.798068 28.796504 28.793445 28.787600 28.776684 28.756756 28.721161 28.658903 28.552147 28.372428 28.074866 27.589323 26.806776 25.558526 23.586176 20.506047 15.798070 8.937800 0.000000 
50.000000 45.976797 42.091779 38.468902 35.206112 32.367842 29.982683 28.045964 26.526103 25.373064 24.527167 23.926872 23.514645 23.240616 23.064211 22.954194 22.887694 22.848719 22.826560 22.814333 22.807784 22.804375 22.802651 22.801802 22.801393 22.801196 22.801091 22.801009 22.800896 22.800680 22.800238 22.799339 22.797543 22.794040 22.787370 22.774964 22.752427 22.712413 22.642949 22.524957 22.328697 22.008770 21.497289 20.694981 19.460779 17.603056 14.882726 11.054617 5.999612 0.000000 
50.000000 45.204917 40.574535 36.256598 32.367842 28.985066 26.142342 23.834099 22.022696 20.648489 19.640347 18.924922 18.433639 18.107062 17.896831 17.765720 17.686471 17.640024 17.613618 17.599049 17.591244 17.587182 17.585128 17.584116 17.583630 17.583396 17.583274 17.583183 17.583062 17.582836 17.582377 17.581445 17.579590 17.575983 17.569143 17.556481 17.533607 17.493275 17.423840 17.307107 17.115412 16.807900 16.326119 15.589518 14.492533 12.907063 10.698072 7.764982 4.121475 0.000000 
50.000000 44.556256 39.299499 34.397464 29.982683 26.142342 22.915120 20.294691 18.238313 16.678272 15.533812 14.721657 14.163956 13.793233 13.554587 13.405757 13.315799 13.263077 13.233104 13.216566 13.207707 13.203097 13.200765 13.199618 13.199066 13.198803 13.198667 13.198572 13.198452 13.198234 13.197793 13.196902 13.195135 13.191712 13.185248 13.173344 13.151972 13.114561 13.050715 12.944504 12.772302 12.500325 12.082223 11.457560 10.552824 9.287702 7.590688 5.427971 2.844526 0.000000 
50.000000 44.029545 38.264176 32.887863 28.045964 23.834099 20.294691 17.420793 15.165525 13.454614 12.199487 11.308810 10.697195 10.290639 10.028930 9.865720 9.767071 9.709257 9.676389 9.658255 9.648540 9.643486 9.640929 9.639671 9.639067 9.638780 9.638635 9.638539 9.638427 9.638229 9.637833 9.637036 9.635462 9.632426 9.626718 9.616264 9.597612 9.565202 9.510375 9.420102 9.275524 9.050471 8.710396 8.212468 7.507981 6.548674 5.298540 3.751401 1.950609 0.000000 
50.000000 43.616198 37.451688 31.703181 26.526103 22.022696 18.238313 15.165525 12.754198 10.924914 9.582962 8.630681 7.976772 7.542108 7.262309 7.087820 6.982356 6.920548 6.885410 6.866024 6.855640 6.850236 6.847503 6.846159 6.845514 6.845208 6.845058 6.844964 6.844863 6.844693 6.844358 6.843686 6.842363 6.839824 6.835072 6.826417 6.811071 6.784601 6.740198 6.667805 6.553180 6.377099 6.115054 5.737988 5.214795 4.517333 3.628316 2.551318 1.319872 0.000000 
50.000000 43.302608 36.835287 30.804418 25.373064 20.648489 16.678272 13.454614 10.924914 9.005846 7.598042 6.599042 5.913060 5.457081 5.163566 4.980526 4.869895 4.805060 4.768202 4.747867 4.736975 4.731307 4.728441 4.727031 4.726355 4.726036 4.725882 4.725792 4.725704 4.725565 4.725295 4.724757 4.723703 4.721688 4.717937 4.711139 4.699160 4.678643 4.644500 4.589345 4.502923 4.371735 4.179090 3.905971 3.533077 3.044367 2.431990 1.701772 0.877318 0.000000 
50.000000 43.072547 36.383075 30.145059 24.527167 19.640347 15.533812 12.199487 9.582962 7.598042 6.141943 5.108680 4.399180 3.927573 3.624002 3.434693 3.320274 3.253221 3.215102 3.194072 3.182807 3.176946 3.173982 3.172524 3.171826 3.171497 3.171341 3.171255 3.171181 3.171071 3.170863 3.170453 3.169653 3.168130 3.165307 3.160219 3.151306 3.136141 3.111094 3.070971 3.008697 2.915157 2.779385 2.589308 2.333240 2.002210 1.592912 1.110650 0.571157 0.000000 
50.000000 42.909280 36.062155 29.677138 23.926872 18.924922 14.721657 11.308810 8.630681 6.599042 5.108680 4.051115 3.324932 2.842241 2.531538 2.337784 2.220680 2.152054 2.113041 2.091519 2.079990 2.073992 2.070958 2.069467 2.068753 2.068418 2.068261 2.068179 2.068116 2.068032 2.067879 2.067580 2.066999 2.065899 2.063868 2.060226 2.053882 2.043154 2.025557 1.997587 1.954541 1.890483 1.798435 1.670941 1.501082 1.283923 1.018236 0.708051 0.363453 0.000000 
50.000000 42.797161 35.841774 29.355810 23.514645 18.433639 14.163956 10.697195 7.976772 5.913060 4.399180 3.324932 2.587299 2.097002 1.781406 1.584601 1.465655 1.395950 1.356324 1.334464 1.322754 1.316662 1.313581 1.312067 1.311342 1.311003 1.310845 1.310767 1.310714 1.310651 1.310542 1.310333 1.309929 1.309167 1.307766 1.305266 1.300934 1.293650 1.281778 1.263039 1.234417 1.192171 1.131993 1.049395 0.940364 0.802232 0.634649 0.440403 0.225752 0.000000 
50.000000 42.722628 35.695273 29.142205 23.240616 18.107062 13.793233 10.290639 7.542108 5.457081 3.927573 2.842241 2.097002 1.601652 1.282805 1.083975 0.963805 0.893384 0.853352 0.831267 0.819437 0.813282 0.810170 0.808640 0.807908 0.807566 0.807409 0.807333 0.807288 0.807242 0.807167 0.807026 0.806756 0.806249 0.805320 0.803671 0.800826 0.796068 0.788359 0.776267 0.757921 0.731037 0.693027 0.641261 0.573455 0.488190 0.385449 0.267041 0.136739 0.000000 
50.000000 42.674646 35.600961 29.004695 23.064211 17.896831 13.554587 10.028930 7.262309 5.163566 3.624002 2.531538 1.781406 1.282805 0.961867 0.761735 0.640779 0.569896 0.529603 0.507373 0.495467 0.489272 0.486140 0.484600 0.483863 0.483520 0.483362 0.483289 0.483249 0.483215 0.483165 0.483073 0.482899 0.482574 0.481982 0.480934 0.479134 0.476139 0.471312 0.463782 0.452428 0.435892 0.412666 0.381243 0.340350 0.289247 0.228011 0.157763 0.080714 0.000000 
50.000000 42.644721 35.542141 28.918935 22.954194 17.765720 13.405757 9.865720 7.087820 4.980526 3.434693 2.337784 1.584601 1.083975 0.761735 0.560790 0.439344 0.368175 0.327719 0.305400 0.293445 0.287225 0.284080 0.282534 0.281795 0.281450 0.281293 0.281221 0.281185 0.281159 0.281126 0.281068 0.280961 0.280760 0.280395 0.279753 0.278655 0.276835 0.273916 0.269385 0.262589 0.252748 0.239002 0.220510 0.196578 0.166824 0.131336 0.090777 0.046411 0.000000 
50.000000 42.626633 35.506587 28.867096 22.887694 17.686471 13.315799 9.767071 6.982356 4.869895 3.320274 2.220680 1.465655 0.963806 0.640779 0.439344 0.317602 0.246260 0.205705 0.183332 0.171349 0.165114 0.161961 0.160412 0.159671 0.159325 0.159168 0.159098 0.159064 0.159043 0.159021 0.158986 0.158921 0.158802 0.158585 0.158205 0.157557 0.156489 0.154781 0.152144 0.148207 0.142532 0.134646 0.124088 0.110488 0.093654 0.073652 0.050863 0.025990 0.000000 
50.000000 42.616031 35.485748 28.836714 22.848719 17.640025 13.263077 9.709257 6.920548 4.805061 3.253221 2.152054 1.395950 0.893384 0.569897 0.368176 0.246261 0.174817 0.134205 0.111800 0.099799 0.093556 0.090399 0.088847 0.088105 0.087759 0.087602 0.087532 0.087500 0.087483 0.087468 0.087447 0.087409 0.087340 0.087216 0.086998 0.086629 0.086021 0.085055 0.083568 0.081358 0.078185 0.073795 0.067943 0.060435 0.051176 0.040210 0.027749 0.014173 0.000000 
50.000000 42.610003 35.473901 28.819440 22.826560 17.613619 13.233104 9.676390 6.885411 4.768203 3.215103 2.113042 1.356326 0.853353 0.529604 0.327720 0.205706 0.134205 0.093560 0.071138 0.059127 0.052879 0.049719 0.048166 0.047424 0.047078 0.046921 0.046852 0.046821 0.046805 0.046795 0.046782 0.046761 0.046722 0.046653 0.046532 0.046328 0.045994 0.045464 0.044651 0.043448 0.041727 0.039354 0.036203 0.032175 0.027223 0.021373 0.014741 0.007526 0.000000 
50.000000 42.606677 35.467364 28.809910 22.814335 17.599051 13.216569 9.658257 6.866027 4.747870 3.194075 2.091522 1.334467 0.831270 0.507377 0.305403 0.183335 0.111803 0.071140 0.048707 0.036692 0.030440 0.027279 0.025726 0.024983 0.024637 0.024480 0.024411 0.024380 0.024366 0.024358 0.024351 0.024339 0.024318 0.024280 0.024216 0.024106 0.023928 0.023646 0.023215 0.022579 0.021672 0.020427 0.018778 0.016676 0.014099 0.011062 0.007626 0.003892 0.000000 
50.000000 42.604896 35.463863 28.804806 22.807788 17.591249 13.207713 9.648547 6.855647 4.736983 3.182815 2.079998 1.322763 0.819445 0.495475 0.293453 0.171357 0.099807 0.059134 0.036697 0.024678 0.018425 0.015264 0.013710 0.012967 0.012621 0.012464 0.012395 0.012365 0.012352 0.012345 0.012340 0.012333 0.012322 0.012303 0.012269 0.012212 0.012120 0.011974 0.011752 0.011425 0.010961 0.010326 0.009486 0.008419 0.007113 0.005578 0.003844 0.001961 0.000000 
50.000000 42.603971 35.462044 28.802155 22.804387 17.587196 13.203113 9.643503 6.850254 4.731326 3.176966 2.074012 1.316682 0.813303 0.489293 0.287246 0.165134 0.093576 0.052898 0.030458 0.018438 0.012184 0.009022 0.007468 0.006725 0.006379 0.006222 0.006153 0.006123 0.006111 0.006105 0.006101 0.006097 0.006091 0.006081 0.006064 0.006036 0.005989 0.005916 0.005805 0.005641 0.005410 0.005093 0.004677 0.004148 0.003503 0.002746 0.001891 0.000965 0.000000 
50.000000 42.603506 35.461131 28.800824 22.802679 17.585161 13.200804 9.640971 6.847548 4.728487 3.174030 2.071007 1.313631 0.810220 0.486190 0.284131 0.162012 0.090449 0.049769 0.027327 0.015306 0.009052 0.005890 0.004336 0.003592 0.003247 0.003090 0.003021 0.002991 0.002978 0.002973 0.002970 0.002968 0.002965 0.002960 0.002951 0.002937 0.002914 0.002878 0.002823 0.002742 0.002629 0.002474 0.002270 0.002013 0.001699 0.001331 0.000916 0.000467 0.000000 
50.000000 42.603286 35.460698 28.800192 22.801870 17.584197 13.199709 9.639770 6.846265 4.727141 3.172638 2.069583 1.312184 0.808759 0.484719 0.282654 0.160531 0.088966 0.048285 0.025842 0.013821 0.007567 0.004405 0.002850 0.002107 0.001761 0.001605 0.001536 0.001506 0.001493 0.001488 0.001485 0.001484 0.001482 0.001480 0.001475 0.001468 0.001456 0.001438 0.001410 0.001369 0.001312 0.001234 0.001132 0.001003 0.000846 0.000663 0.000456 0.000233 0.000000 
50.000000 42.603199 35.460527 28.799943 22.801550 17.583816 13.199276 9.639296 6.845758 4.726610 3.172088 2.069020 1.311612 0.808181 0.484138 0.282070 0.159946 0.088380 0.047699 0.025256 0.013235 0.006980 0.003818 0.002264 0.001521 0.001175 0.001018 0.000949 0.000919 0.000907 0.000901 0.000899 0.000898 0.000897 0.000895 0.000892 0.000888 0.000881 0.000869 0.000852 0.000828 0.000793 0.000746 0.000684 0.000605 0.000511 0.000400 0.000275 0.000140 0.000000 
50.000000 42.603199 35.460527 28.799943 22.801550 17.583816 13.199276 9.639296 6.845758 4.726610 3.172088 2.069020 1.311612 0.808181 0.484138 0.282070 0.159946 0.088380 0.047699 0.025256 0.013235 0.006980 0.003818 0.002264 0.001521 0.001175 0.001018 0.000949 0.000919 0.000907 0.000901 0.000899 0.000898 0.000897 0.000895 0.000892 0.000888 0.000881 0.000869 0.000852 0.000828 0.000793 0.000746 0.000684 0.000605 0.000511 0.000400 0.000275 0.000140 0.000000 
50.000000 42.603286 35.460698 28.800192 22.801870 17.584197 13.199709 9.639770 6.846265 4.727141 3.172638 2.069583 1.312184 0.808759 0.484719 0.282654 0.160531 0.088966 0.048285 0.025842 0.013821 0.007567 0.004405 0.002850 0.002107 0.001761 0.001605 0.001536 0.001506 0.001493 0.001488 0.001485 0.001484 0.001482 0.001480 0.001475 0.001468 0.001456 0.001438 0.001410 0.001369 0.001312 0.001234 0.001132 0.001003 0.000846 0.000663 0.000456 0.000233 0.000000 
50.000000 42.603506 35.461131 28.800824 22.802679 17.585161 13.200804 9.640971 6.847548 4.728487 3.174030 2.071007 1.313631 0.810220 0.486190 0.284131 0.162012 0.090449 0.049769 0.027327 0.015306 0.009052 0.005890 0.004336 0.003592 0.003247 0.003090 0.003021 0.002991 0.002978 0.002973 0.002970 0.002968 0.002965 0.002960 0.002951 0.002937 0.002914 0.002878 0.002823 0.002742 0.002629 0.002474 0.002270 0.002013 0.001699 0.001331 0.000916 0.000467 0.000000 
50.000000 42.603971 35.462044 28.802155 22.804387 17.587196 13.203113 9.643503 6.850254 4.731326 3.176966 2.074012 1.316682 0.813303 0.489293 0.287246 0.165134 0.093576 0.052898 0.030458 0.018438 0.012184 0.009022 0.007468 0.006725 0.006379 0.006222 0.006153 0.006123 0.006111 0.006105 0.006101 0.006097 0.006091 0.006081 0.006064 0.006036 0.005989 0.005916 0.005805 0.005641 0.005410 0.005093 0.004677 0.004148 0.003503 0.002746 0.001891 0.000965 0.000000 
50.000000 42.604896 35.463863 28.804806 22.807788 17.591249 13.207713 9.648547 6.855647 4.736983 3.182815 2.079998 1.322763 0.819445 0.495475 0.293453 0.171357 0.099807 0.059134 0.036697 0.024678 0.018425 0.015264 0.013710 0.012967 0.012621 0.012464 0.012395 0.012365 0.012352 0.012345 0.012340 0.012333 0.012322 0.012303 0.012269 0.012212 0.012120 0.011974 0.011752 0.011425 0.010961 0.010326 0.009486 0.008419 0.007113 0.005578 0.003844 0.001961 0.000000 
50.000000 42.606677 35.467364 28.809910 22.814335 17.599051 13.216569 9.658257 6.866027 4.747870 3.194075 2.091522 1.334467 0.831270 0.507377 0.305403 0.183335 0.111803 0.071140 0.048707 0.036692 0.030440 0.027279 0.025726 0.024983 0.024637 0.024480 0.024411 0.024380 0.024366 0.024358 0.024351 0.024339 0.024318 0.024280 0.024216 0.024106 0.023928 0.023646 0.023215 0.022579 0.021672 0.020427 0.018778 0.016676 0.014099 0.011062 0.007626 0.003892 0.000000 
50.000000 42.610003 35.473901 28.819440 22.826560 17.613619 13.233104 9.676390 6.885411 4.768203 3.215103 2.113042 1.356326 0.853353 0.529604 0.327720 0.205706 0.134205 0.093560 0.071138 0.059127 0.052879 0.049719 0.048166 0.047424 0.047078 0.046921 0.046852 0.046821 0.046805 0.046795 0.046782 0.046761 0.046722 0.046653 0.046532 0.046328 0.045994 0.045464 0.044651 0.043448 0.041727 0.039354 0.036203 0.032175 0.027223 0.021373 0.014741 0.007526 0.000000 
50.000000 42.616031 35.485748 28.836714 22.848719 17.640025 13.263077 9.709257 6.920548 4.805061 3.253221 2.152054 1.395950 0.893384 0.569897 0.368176 0.246261 0.174817 0.134205 0.111800 0.099799 0.093556 0.090399 0.088847 0.088105 0.087759 0.087602 0.087532 0.087500 0.087483 0.087468 0.087447 0.087409 0.087340 0.087216 0.086998 0.086629 0.086021 0.085055 0.083568 0.081358 0.078185 0.073795 0.067943 0.060435 0.051176 0.040210 0.027749 0.014173 0.000000 
50.000000 42.626633 35.506587 28.867096 22.887694 17.686471 13.315799 9.767071 6.982356 4.869895 3.320274 2.220680 1.465655 0.963806 0.640779 0.439344 0.317602 0.246260 0.205705 0.183332 0.171349 0.165114 0.161961 0.160412 0.159671 0.159325 0.159168 0.159098 0.159064 0.159043 0.159021 0.158986 0.158921 0.158802 0.158585 0.158205 0.157557 0.156489 0.154781 0.152144 0.148207 0.142532 0.134646 0.124088 0.110488 0.093654 0.073652 0.050863 0.025990 0.000000 
50.000000 42.644721 35.542141 28.918935 22.954194 17.765720 13.405757 9.865720 7.087820 4.980526 3.434693 2.337784 1.584601 1.083975 0.761735 0.560790 0.439344 0.368175 0.327719 0.305400 0.293445 0.287225 0.284080 0.282534 0.281795 0.281450 0.281293 0.281221 0.281185 0.281159 0.281126 0.281068 0.280961 0.280760 0.280395 0.279753 0.278655 0.276835 0.273916 0.269385 0.262589 0.252748 0.239002 0.220510 0.196578 0.166824 0.131336 0.090777 0.046411 0.000000 
50.000000 42.674646 35.600961 29.004695 23.064211 17.896831 13.554587 10.028930 7.262309 5.163566 3.624002 2.531538 1.781406 1.282805 0.961867 0.761735 0.640779 0.569896 0.529603 0.507373 0.495467 0.489272 0.486140 0.484600 0.483863 0.483520 0.483362 0.483289 0.483249 0.483215 0.483165 0.483073 0.482899 0.482574 0.481982 0.480934 0.479134 0.476139 0.471312 0.463782 0.452428 0.435892 0.412666 0.381243 0.340350 0.289247 0.228011 0.157763 0.080714 0.000000 
50.000000 42.722628 35.695273 29.142205 23.240616 18.107062 13.793233 10.290639 7.542108 5.457081 3.927573 2.842241 2.097002 1.601652 1.282805 1.083975 0.963805 0.893384 0.853352 0.831267 0.819437 0.813282 0.810170 0.808640 0.807908 0.807566 0.807409 0.807333 0.807288 0.807242 0.807167 0.807026 0.806756 0.806249 0.805320 0.803671 0.800826 0.796068 0.788359 0.776267 0.757921 0.731037 0.693027 0.641261 0.573455 0.488190 0.385449 0.267041 0.136739 0.000000 
50.000000 42.797161 35.841774 29.355810 23.514645 18.433639 14.163956 10.697195 7.976772 5.913060 4.399180 3.324932 2.587299 2.097002 1.781406 1.584601 1.465655 1.395950 1.356324 1.334464 1.322754 1.316662 1.313581 1.312067 1.311342 1.311003 1.310845 1.310767 1.310714 1.310651 1.310542 1.310333 1.309929 1.309167 1.307766 1.305266 1.300934 1.293650 1.281778 1.263039 1.234417 1.192171 1.131993 1.049395 0.940364 0.802232 0.634649 0.440403 0.225752 0.000000 
50.000000 42.909280 36.062155 29.677138 23.926872 18.924922 14.721657 11.308810 8.630681 6.599042 5.108680 4.051115 3.324932 2.842241 2.531538 2.337784 2.220680 2.152054 2.113041 2.091519 2.079990 2.073992 2.070958 2.069467 2.068753 2.068418 2.068261 2.068179 2.068116 2.068032 2.067879 2.067580 2.066999 2.065899 2.063868 2.060226 2.053882 2.043154 2.025557 1.997587 1.954541 1.890483 1.798435 1.670941 1.501082 1.283923 1.018236 0.708051 0.363453 0.000000 
50.000000 43.072547 36.383075 30.145059 24.527167 19.640347 15.533812 12.199487 9.582962 7.598042 6.141943 5.108680 4.399180 3.927573 3.624002 3.434693 3.320274 3.253221 3.215102 3.194072 3.182807 3.176946 3.173982 3.172524 3.171826 3.171497 3.171341 3.171255 3.171181 3.171071 3.170863 3.170453 3.169653 3.168130 3.165307 3.160219 3.151306 3.136141 3.111094 3.070971 3.008697 2.915157 2.779385 2.589308 2.333240 2.002210 1.592912 1.110650 0.571157 0.000000 
50.000000 43.302608 36.835287 30.804418 25.373064 20.648489 16.678272 13.454614 10.924914 9.005846 7.598042 6.599042 5.913060 5.457081 5.163566 4.980526 4.869895 4.805060 4.768202 4.747867 4.736975 4.731307 4.728441 4.727031 4.726355 4.726036 4.725882 4.725792 4.725704 4.725565 4.725295 4.724757 4.723703 4.721688 4.717937 4.711139 4.699160 4.678643 4.644500 4.589345 4.502923 4.371735 4.179090 3.905971 3.533077 3.044367 2.431990 1.701772 0.877318 0.000000 
50.000000 43.616198 37.451688 31.703181 26.526103 22.022696 18.238313 15.165525 12.754198 10.924914 9.582962 8.630681 7.976772 7.542108 7.262309 7.087820 6.982356 6.920548 6.885410 6.866024 6.855640 6.850236 6.847503 6.846159 6.845514 6.845208 6.845058 6.844964 6.844863 6.844693 6.844358 6.843686 6.842363 6.839824 6.835072 6.826417 6.811071 6.784601 6.740198 6.667805 6.553180 6.377099 6.115054 5.737988 5.214795 4.517333 3.628316 2.551318 1.319872 0.000000 
50.000000 44.029545 38.264176 32.887863 28.045964 23.834099 20.294691 17.420793 15.165525 13.454614 12.199487 11.308810 10.697195 10.290639 10.028930 9.865720 9.767071 9.709257 9.676389 9.658255 9.648540 9.643486 9.640929 9.639671 9.639067 9.638780 9.638635 9.638539 9.638427 9.638229 9.637833 9.637036 9.635462 9.632426 9.626718 9.616264 9.597612 9.565202 9.510375 9.420102 9.275524 9.050471 8.710396 8.212468 7.507981 6.548674 5.298540 3.751401 1.950609 0.000000 
50.000000 44.556256 39.299499 34.397464 29.982683 26.142342 22.915120 20.294691 18.238313 16.678272 15.533812 14.721657 14.163956 13.793233 13.554587 13.405757 13.315799 13.263077 13.233104 13.216566 13.207707 13.203097 13.200765 13.199618 13.199066 13.198803 13.198667 13.198572 13.198452 13.198234 13.197793 13.196902 13.195135 13.191712 13.185248 13.173344 13.151972 13.114561 13.050715 12.944504 12.772302 12.500325 12.082223 11.457560 10.552824 9.287702 7.590688 5.427971 2.844526 0.000000 
50.000000 45.204917 40.574535 36.256598 32.367842 28.985066 26.142342 23.834099 22.022696 20.648489 19.640347 18.924922 18.433639 18.107062 17.896831 17.765720 17.686471 17.640024 17.613618 17.599049 17.591244 17.587182 17.585128 17.584116 17.583630 17.583396 17.583274 17.583183 17.583062 17.582836 17.582377 17.581445 17.579590 17.575983 17.569143 17.556481 17.533607 17.493275 17.423840 17.307107 17.115412 16.807900 16.326119 15.589518 14.492533 12.907063 10.698072 7.764982 4.121475 0.000000 
50.000000 45.976797 42.091779 38.468902 35.206112 32.367842 29.982683 28.045964 26.526103 25.373064 24.527167 23.926872 23.514645 23.240616 23.064211 22.954194 22.887694 22.848719 22.826560 22.814333 22.807784 22.804375 22.802651 22.801802 22.801393 22.801196 22.801091 22.801009 22.800896 22.800680 22.800238 22.799339 22.797543 22.794040 22.787370 22.774964 22.752427 22.712413 22.642949 22.524957 22.328697 22.008770 21.497289 20.694981 19.460779 17.603056 14.882726 11.054617 5.999612 0.000000 
50.000000 46.864121 43.835946 41.012093 38.468902 36.256598 34.397464 32.887863 31.703181 30.804418 30.145059 29.677138 29.355810 29.142205 29.004695 28.918935 28.867096 28.836714 28.819440 28.809909 28.804803 28.802145 28.800801 28.800139 28.799820 28.799666 28.799582 28.799515 28.799418 28.799232 28.798849 28.798068 28.796504 28.793445 28.787600 28.776684 28.756756 28.721161 28.658903 28.552147 28.372428 28.074866 27.589323 26.806776 25.558526 23.586176 20.506047 15.798070 8.937800 0.000000 
50.000000 47.849364 45.772593 43.835946 42.091779 40.574535 39.299499 38.264176 37.451688 36.835287 36.383075 36.062155 35.841774 35.695273 35.600961 35.542141 35.506587 35.485748 35.473900 35.467363 35.463861 35.462038 35.461116 35.460662 35.460443 35.460337 35.460279 35.460230 35.460160 35.460022 35.459739 35.459160 35.458000 35.455724 35.451365 35.443198 35.428232 35.401371 35.354105 35.272425 35.133515 34.900369 34.512775 33.871528 32.809553 31.037162 28.037876 22.886297 14.051440 0.000000 
50.000000 48.905894 47.849364 46.864121 45.976797 45.204917 44.556256 44.029545 43.616198 43.302608 43.072547 42.909280 42.797161 42.722628 42.674646 42.644721 42.626633 42.616031 42.610003 42.606677 42.604895 42.603968 42.603499 42.603268 42.603156 42.603102 42.603072 42.603047 42.603009 42.602936 42.602786 42.602477 42.601858 42.600643 42.598310 42.593932 42.585889 42.571408 42.545827 42.501390 42.425290 42.296326 42.078936 41.711730 41.083442 39.977185 37.926320 33.797925 24.452947 0.000000 
50.000000 50.000000 50.000000 50.000000 50.000000 50.000000 50.000000 50.000000 50.000000 50.000000 50.000000 50.000000 50.000000 50.000000 50.000000 50.000000 50.000000 50.000000 50.000000 50.000000 50.000000 50.000000 50.000000 50.000000 50.000000 50.000000 50.000000 50.000000 50.000000 50.000000 50.000000 50.000000 50.000000 50.000000 50.000000 50.000000 50.000000 50.000000 50.000000 50.000000 50.000000 50.000000 50.000000 50.000000 50.000000 50.000000 50.000000 50.000000 50.000000 50.000000 
