50.000000 50.000000 50.000000 50.000000 50.000000 50.000000 50.000000 50.000000 50.000000 50.000000 50.000000 50.000000 50.000000 50.000000 50.000000 50.000000 50.000000 50.000000 50.000000 50.000000 50.000000 50.000000 50.000000 50.000000 50.000000 50.000000 50.000000 50.000000 50.000000 50.000000 50.000000 50.000000 50.000000 50.000000 50.000000 50.000000 50.000000 50.000000 50.000000 50.000000 50.000000 50.000000 50.000000 50.000000 50.000000 50.000000 50.000000 50.000000 50.000000 50.000000 
50.000000 45.531985 41.687953 38.832116 36.988105 35.944894 35.423336 35.190926 35.097873 35.064148 35.053009 35.049636 35.048694 35.048450 35.048392 35.048379 35.048376 35.048375 35.048375 35.048375 35.048375 35.048375 35.048375 35.048375 35.048375 35.048375 35.048375 35.048375 35.048375 35.048375 35.048375 35.048375 35.048375 35.048375 35.048375 35.048374 35.048371 35.048354 35.048282 35.047985 35.046835 35.042661 35.028479 34.983305 34.847894 34.462937 33.409841 30.570815 22.765992 0.000000 
50.000000 41.687953 34.536963 29.224624 25.794755 23.854590 22.884721 22.452601 22.279615 22.216931 22.196230 22.189963 22.188213 22.187761 22.187652 22.187627 22.187622 22.187621 22.187621 22.187621 22.187621 22.187621 22.187621 22.187621 22.187621 22.187621 22.187621 22.187621 22.187621 22.187621 22.187621 22.187621 22.187621 22.187621 22.187621 22.187620 22.187614 22.187589 22.187481 22.187036 22.185327 22.179199 22.158702 22.094895 21.910137 21.412556 20.166002 17.268481 11.117139 0.000000 
50.000000 38.832116 29.224624 22.088000 17.480847 14.875123 13.572773 12.992632 12.760438 12.676318 12.648545 12.640138 12.637792 12.637185 12.637040 12.637007 12.637000 12.636998 12.636998 12.636998 12.636998 12.636998 12.636998 12.636998 12.636998 12.636998 12.636998 12.636998 12.636998 12.636998 12.636998 12.636998 12.636998 12.636998 12.636998 12.636997 12.636992 12.636968 12.636865 12.636444 12.634845 12.629185 12.610590 12.554103 12.396040 11.990591 11.044000 9.058622 5.422276 0.000000 
50.000000 36.988105 25.794755 17.480847 12.114344 9.079609 7.563110 6.887708 6.617446 6.519556 6.487245 6.477467 6.474739 6.474034 6.473864 6.473826 6.473818 6.473817 6.473816 6.473816 6.473816 6.473816 6.473816 6.473816 6.473816 6.473816 6.473816 6.473816 6.473816 6.473816 6.473816 6.473816 6.473816 6.473816 6.473816 6.473815 6.473812 6.473794 6.473719 6.473416 6.472275 6.468290 6.455416 6.417173 6.313283 6.057172 5.490256 4.382199 2.525169 0.000000 
50.000000 35.944894 23.854590 14.875123 9.079609 5.802694 4.165419 3.436348 3.144663 3.039034 3.004175 2.993628 2.990686 2.989926 2.989743 2.989702 2.989694 2.989692 2.989692 2.989692 2.989692 2.989692 2.989692 2.989692 2.989692 2.989692 2.989692 2.989692 2.989692 2.989692 2.989692 2.989692 2.989692 2.989692 2.989692 2.989691 2.989689 2.989678 2.989634 2.989455 2.988790 2.986491 2.979177 2.957859 2.901347 2.766326 2.479082 1.944453 1.097000 0.000000 
50.000000 35.423336 22.884721 13.572773 7.563110 4.165419 2.467978 1.712204 1.409875 1.300405 1.264285 1.253357 1.250310 1.249522 1.249333 1.249291 1.249282 1.249280 1.249279 1.249279 1.249279 1.249279 1.249279 1.249279 1.249279 1.249279 1.249279 1.249279 1.249279 1.249279 1.249279 1.249279 1.249279 1.249279 1.249279 1.249279 1.249278 1.249273 1.249250 1.249161 1.248831 1.247703 1.244158 1.233989 1.207560 1.145938 1.018670 0.789826 0.440031 0.000000 
50.000000 35.190926 22.452601 12.992632 6.887708 3.436348 1.712204 0.944596 0.637555 0.526389 0.489711 0.478616 0.475522 0.474723 0.474531 0.474488 0.474478 0.474477 0.474476 0.474476 0.474476 0.474476 0.474476 0.474476 0.474476 0.474476 0.474476 0.474476 0.474476 0.474476 0.474476 0.474476 0.474476 0.474476 0.474476 0.474476 0.474476 0.474473 0.474464 0.474425 0.474282 0.473799 0.472298 0.468047 0.457171 0.432292 0.382042 0.293899 0.162446 0.000000 
50.000000 35.097873 22.279615 12.760438 6.617446 3.144663 1.409875 0.637555 0.328641 0.216802 0.179904 0.168743 0.165630 0.164826 0.164633 0.164590 0.164581 0.164579 0.164579 0.164579 0.164578 0.164578 0.164578 0.164578 0.164578 0.164578 0.164578 0.164578 0.164578 0.164578 0.164578 0.164578 0.164578 0.164578 0.164578 0.164578 0.164578 0.164577 0.164574 0.164559 0.164504 0.164321 0.163755 0.162172 0.158172 0.149157 0.131254 0.100417 0.055212 0.000000 
50.000000 35.064148 22.216931 12.676318 6.519556 3.039034 1.300405 0.526389 0.216802 0.104721 0.067744 0.056559 0.053440 0.052635 0.052441 0.052397 0.052388 0.052386 0.052386 0.052386 0.052386 0.052386 0.052386 0.052386 0.052386 0.052386 0.052386 0.052386 0.052386 0.052386 0.052386 0.052386 0.052386 0.052386 0.052386 0.052386 0.052386 0.052386 0.052384 0.052379 0.052360 0.052298 0.052106 0.051574 0.050244 0.047281 0.041473 0.031603 0.017313 0.000000 
50.000000 35.053009 22.196230 12.648545 6.487245 3.004175 1.264285 0.489711 0.179904 0.067744 0.030741 0.019548 0.016427 0.015621 0.015427 0.015384 0.015375 0.015373 0.015373 0.015373 0.015373 0.015373 0.015373 0.015373 0.015373 0.015373 0.015373 0.015373 0.015373 0.015373 0.015373 0.015373 0.015373 0.015373 0.015373 0.015373 0.015373 0.015372 0.015372 0.015370 0.015365 0.015345 0.015286 0.015124 0.014720 0.013829 0.012101 0.009194 0.005024 0.000000 
50.000000 35.049636 22.189963 12.640138 6.477467 2.993628 1.253357 0.478616 0.168743 0.056559 0.019548 0.008354 0.005232 0.004426 0.004232 0.004188 0.004179 0.004177 0.004177 0.004177 0.004177 0.004177 0.004177 0.004177 0.004177 0.004177 0.004177 0.004177 0.004177 0.004177 0.004177 0.004177 0.004177 0.004177 0.004177 0.004177 0.004177 0.004177 0.004177 0.004176 0.004175 0.004169 0.004153 0.004107 0.003994 0.003748 0.003273 0.002482 0.001353 0.000000 
50.000000 35.048694 22.188213 12.637792 6.474739 2.990686 1.250310 0.475522 0.165630 0.053440 0.016427 0.005232 0.002110 0.001304 0.001110 0.001067 0.001057 0.001056 0.001055 0.001055 0.001055 0.001055 0.001055 0.001055 0.001055 0.001055 0.001055 0.001055 0.001055 0.001055 0.001055 0.001055 0.001055 0.001055 0.001055 0.001055 0.001055 0.001055 0.001055 0.001055 0.001055 0.001053 0.001049 0.001037 0.001008 0.000945 0.000824 0.000624 0.000340 0.000000 
50.000000 35.048450 22.187761 12.637185 6.474034 2.989926 1.249522 0.474723 0.164826 0.052635 0.015621 0.004426 0.001304 0.000497 0.000304 0.000260 0.000251 0.000249 0.000249 0.000249 0.000249 0.000249 0.000249 0.000249 0.000249 0.000249 0.000249 0.000249 0.000249 0.000249 0.000249 0.000249 0.000249 0.000249 0.000249 0.000249 0.000249 0.000249 0.000249 0.000249 0.000249 0.000248 0.000247 0.000244 0.000237 0.000222 0.000194 0.000146 0.000080 0.000000 
50.000000 35.048392 22.187652 12.637040 6.473864 2.989743 1.249333 0.474531 0.164633 0.052441 0.015427 0.004232 0.001110 0.000304 0.000110 0.000066 0.000057 0.000055 0.000055 0.000055 0.000055 0.000055 0.000055 0.000055 0.000055 0.000055 0.000055 0.000055 0.000055 0.000055 0.000055 0.000055 0.000055 0.000055 0.000055 0.000055 0.000055 0.000055 0.000055 0.000055 0.000055 0.000055 0.000055 0.000054 0.000052 0.000049 0.000043 0.000032 0.000018 0.000000 
50.000000 35.048379 22.187627 12.637007 6.473826 2.989702 1.249291 0.474488 0.164590 0.052397 0.015384 0.004188 0.001067 0.000260 0.000066 0.000023 0.000014 0.000012 0.000011 0.000011 0.000011 0.000011 0.000011 0.000011 0.000011 0.000011 0.000011 0.000011 0.000011 0.000011 0.000011 0.000011 0.000011 0.000011 0.000011 0.000011 0.000011 0.000011 0.000011 0.000011 0.000011 0.000011 0.000011 0.000011 0.000011 0.000010 0.000009 0.000007 0.000004 0.000000 
50.000000 35.048376 22.187622 12.637000 6.473818 2.989694 1.249282 0.474478 0.164581 0.052388 0.015375 0.004179 0.001057 0.000251 0.000057 0.000014 0.000004 0.000003 0.000002 0.000002 0.000002 0.000002 0.000002 0.000002 0.000002 0.000002 0.000002 0.000002 0.000002 0.000002 0.000002 0.000002 0.000002 0.000002 0.000002 0.000002 0.000002 0.000002 0.000002 0.000002 0.000002 0.000002 0.000002 0.000002 0.000002 0.000002 0.000002 0.000001 0.000001 0.000000 
50.000000 35.048375 22.187621 12.636998 6.473817 2.989692 1.249280 0.474477 0.164579 0.052386 0.015373 0.004177 0.001056 0.000249 0.000055 0.000012 0.000003 0.000001 0.000000 0.000000 0.000000 0.000000 0.000000 0.000000 0.000000 0.000000 0.000000 0.000000 0.000000 0.000000 0.000000 0.000000 0.000000 0.000000 0.000000 0.000000 0.000000 0.000000 0.000000 0.000000 0.000000 0.000000 0.000000 0.000000 0.000000 0.000000 0.000000 0.000000 0.000000 0.000000 
50.000000 35.048375 22.187621 12.636998 6.473816 2.989692 1.249279 0.474476 0.164579 0.052386 0.015373 0.004177 0.001055 0.000249 0.000055 0.000011 0.000002 0.000000 0.000000 0.000000 0.000000 0.000000 0.000000 0.000000 0.000000 0.000000 0.000000 0.000000 0.000000 0.000000 0.000000 0.000000 0.000000 0.000000 0.000000 0.000000 0.000000 0.000000 0.000000 0.000000 0.000000 0.000000 0.000000 0.000000 0.000000 0.000000 0.000000 0.000000 0.000000 0.000000 
50.000000 35.048375 22.187621 12.636998 6.473816 2.989692 1.249279 0.474476 0.164579 0.052386 0.015373 0.004177 0.001055 0.000249 0.000055 0.000011 0.000002 0.000000 0.000000 0.000000 0.000000 0.000000 0.000000 0.000000 0.000000 0.000000 0.000000 0.000000 0.000000 0.000000 0.000000 0.000000 0.000000 0.000000 0.000000 0.000000 0.000000 0.000000 0.000000 0.000000 0.000000 0.000000 0.000000 0.000000 0.000000 0.000000 0.000000 0.000000 0.000000 0.000000 
50.000000 35.048375 22.187621 12.636998 6.473816 2.989692 1.249279 0.474476 0.164578 0.052386 0.015373 0.004177 0.001055 0.000249 0.000055 0.000011 0.000002 0.000000 0.000000 0.000000 0.000000 0.000000 0.000000 0.000000 0.000000 0.000000 0.000000 0.000000 0.000000 0.000000 0.000000 0.000000 0.000000 0.000000 0.000000 0.000000 0.000000 0.000000 0.000000 0.000000 0.000000 0.000000 0.000000 0.000000 0.000000 0.000000 0.000000 0.000000 0.000000 0.000000 
50.000000 35.048375 22.187621 12.636998 6.473816 2.989692 1.249279 0.474476 0.164578 0.052386 0.015373 0.004177 0.001055 0.000249 0.000055 0.000011 0.000002 0.000000 0.000000 0.000000 0.000000 0.000000 0.000000 0.000000 0.000000 0.000000 0.000000 0.000000 0.000000 0.000000 0.000000 0.000000 0.000000 0.000000 0.000000 0.000000 0.000000 0.000000 0.000000 0.000000 0.000000 0.000000 0.000000 0.000000 0.000000 0.000000 0.000000 0.000000 0.000000 0.000000 
50.000000 35.048375 22.187621 12.636998 6.473816 2.989692 1.249279 0.474476 0.164578 0.052386 0.015373 0.004177 0.001055 0.000249 0.000055 0.000011 0.000002 0.000000 0.000000 0.000000 0.000000 0.000000 0.000000 0.000000 0.000000 0.000000 0.000000 0.000000 0.000000 0.000000 0.000000 0.000000 0.000000 0.000000 0.000000 0.000000 0.000000 0.000000 0.000000 0.000000 0.000000 0.000000 0.000000 0.000000 0.000000 0.000000 0.000000 0.000000 0.000000 0.000000 
50.000000 35.048375 22.187621 12.636998 6.473816 2.989692 1.249279 0.474476 0.164578 0.052386 0.015373 0.004177 0.001055 0.000249 0.000055 0.000011 0.000002 0.000000 0.000000 0.000000 0.000000 0.000000 0.000000 0.000000 0.000000 0.000000 0.000000 0.000000 0.000000 0.000000 0.000000 0.000000 0.000000 0.000000 0.000000 0.000000 0.000000 0.000000 0.000000 0.000000 0.000000 0.000000 0.000000 0.000000 0.000000 0.000000 0.000000 0.000000 0.000000 0.000000 
50.000000 35.048375 22.187621 12.636998 6.473816 2.989692 1.249279 0.474476 0.164578 0.052386 0.015373 0.004177 0.001055 0.000249 0.000055 0.000011 0.000002 0.000000 0.000000 0.000000 0.000000 0.000000 0.000000 0.000000 0.000000 0.000000 0.000000 0.000000 0.000000 0.000000 0.000000 0.000000 0.000000 0.000000 0.000000 0.000000 0.000000 0.000000 0.000000 0.000000 0.000000 0.000000 0.000000 0.000000 0.000000 0.000000 0.000000 0.000000 0.000000 0.000000 
50.000000 35.048375 22.187621 12.636998 6.473816 2.989692 1.249279 0.474476 0.164578 0.052386 0.015373 0.004177 0.001055 0.000249 0.000055 0.000011 0.000002 0.000000 0.000000 0.000000 0.000000 0.000000 0.000000 0.000000 0.000000 0.000000 0.000000 0.000000 0.000000 0.000000 0.000000 0.000000 0.000000 0.000000 0.000000 0.000000 0.000000 0.000000 0.000000 0.000000 0.000000 0.000000 0.000000 0.000000 0.000000 0.000000 0.000000 0.000000 0.000000 0.000000 
50.000000 35.048375 22.187621 12.636998 6.473816 2.989692 1.249279 0.474476 0.164578 0.052386 0.015373 0.004177 0.001055 0.000249 0.000055 0.000011 0.000002 0.000000 0.000000 0.000000 0.000000 0.000000 0.000000 0.000000 0.000000 0.000000 0.000000 0.000000 0.000000 0.000000 0.000000 0.000000 0.000000 0.000000 0.000000 0.000000 0.000000 0.000000 0.000000 0.000000 0.000000 0.000000 0.000000 0.000000 0.000000 0.000000 0.000000 0.000000 0.000000 0.000000 
50.000000 35.048375 22.187621 12.636998 6.473816 2.989692 1.249279 0.474476 0.164578 0.052386 0.015373 0.004177 0.001055 0.000249 0.000055 0.000011 0.000002 0.000000 0.000000 0.000000 0.000000 0.000000 0.000000 0.000000 0.000000 0.000000 0.000000 0.000000 0.000000 0.000000 0.000000 0.000000 0.000000 0.000000 0.000000 0.000000 0.000000 0.000000 0.000000 0.000000 0.000000 0.000000 0.000000 0.000000 0.000000 0.000000 0.000000 0.000000 0.000000 0.000000 
50.000000 35.048375 22.187621 12.636998 6.473816 2.989692 1.249279 0.474476 0.164578 0.052386 0.015373 0.004177 0.001055 0.000249 0.000055 0.000011 0.000002 0.000000 0.000000 0.000000 0.000000 0.000000 0.000000 0.000000 0.000000 0.000000 0.000000 0.000000 0.000000 0.000000 0.000000 0.000000 0.000000 0.000000 0.000000 0.000000 0.000000 0.000000 0.000000 0.000000 0.000000 0.000000 0.000000 0.000000 0.000000 0.000000 0.000000 0.000000 0.000000 0.000000 
50.000000 35.048375 22.187621 12.636998 6.473816 2.989692 1.249279 0.474476 0.164578 0.052386 0.015373 0.004177 0.001055 0.000249 0.000055 0.000011 0.000002 0.000000 0.000000 0.000000 0.000000 0.000000 0.000000 0.000000 0.000000 0.000000 0.000000 0.000000 0.000000 0.000000 0.000000 0.000000 0.000000 0.000000 0.000000 0.000000 0.000000 0.000000 0.000000 0.000000 0.000000 0.000000 0.000000 0.000000 0.000000 0.000000 0.000000 0.000000 0.000000 0.000000 
50.000000 35.048375 22.187621 12.636998 6.473816 2.989692 1.249279 0.474476 0.164579 0.052386 0.015373 0.004177 0.001055 0.000249 0.000055 0.000011 0.000002 0.000000 0.000000 0.000000 0.000000 0.000000 0.000000 0.000000 0.000000 0.000000 0.000000 0.000000 0.000000 0.000000 0.000000 0.000000 0.000000 0.000000 0.000000 0.000000 0.000000 0.000000 0.000000 0.000000 0.000000 0.000000 0.000000 0.000000 0.000000 0.000000 0.000000 0.000000 0.000000 0.000000 
50.000000 35.048375 22.187621 12.636998 6.473816 2.989692 1.249279 0.474476 0.164579 0.052386 0.015373 0.004177 0.001055 0.000249 0.000055 0.000011 0.000002 0.000000 0.000000 0.000000 0.000000 0.000000 0.000000 0.000000 0.000000 0.000000 0.000000 0.000000 0.000000 0.000000 0.000000 0.000000 0.000000 0.000000 0.000000 0.000000 0.000000 0.000000 0.000000 0.000000 0.000000 0.000000 0.000000 0.000000 0.000000 0.000000 0.000000 0.000000 0.000000 0.000000 
50.000000 35.048375 22.187621 12.636998 6.473817 2.989692 1.249280 0.474477 0.164579 0.052386 0.015373 0.004177 0.001056 0.000249 0.000055 0.000012 0.000003 0.000001 0.000000 0.000000 0.000000 0.000000 0.000000 0.000000 0.000000 0.000000 0.000000 0.000000 0.000000 0.000000 0.000000 0.000000 0.000000 0.000000 0.000000 0.000000 0.000000 0.000000 0.000000 0.000000 0.000000 0.000000 0.000000 0.000000 0.000000 0.000000 0.000000 0.000000 0.000000 0.000000 
50.000000 35.048376 22.187622 12.637000 6.473818 2.989694 1.249282 0.474478 0.164581 0.052388 0.015375 0.004179 0.001057 0.000251 0.000057 0.000014 0.000004 0.000003 0.000002 0.000002 0.000002 0.000002 0.000002 0.000002 0.000002 0.000002 0.000002 0.000002 0.000002 0.000002 0.000002 0.000002 0.000002 0.000002 0.000002 0.000002 0.000002 0.000002 0.000002 0.000002 0.000002 0.000002 0.000002 0.000002 0.000002 0.000002 0.000002 0.000001 0.000001 0.000000 
50.000000 35.048379 22.187627 12.637007 6.473826 2.989702 1.249291 0.474488 0.164590 0.052397 0.015384 0.004188 0.001067 0.000260 0.000066 0.000023 0.000014 0.000012 0.000011 0.000011 0.000011 0.000011 0.000011 0.000011 0.000011 0.000011 0.000011 0.000011 0.000011 0.000011 0.000011 0.000011 0.000011 0.000011 0.000011 0.000011 0.000011 0.000011 0.000011 0.000011 0.000011 0.000011 0.000011 0.000011 0.000011 0.000010 0.000009 0.000007 0.000004 0.000000 
50.000000 35.048392 22.187652 12.637040 6.473864 2.989743 1.249333 0.474531 0.164633 0.052441 0.015427 0.004232 0.001110 0.000304 0.000110 0.000066 0.000057 0.000055 0.000055 0.000055 0.000055 0.000055 0.000055 0.000055 0.000055 0.000055 0.000055 0.000055 0.000055 0.000055 0.000055 0.000055 0.000055 0.000055 0.000055 0.000055 0.000055 0.000055 0.000055 0.000055 0.000055 0.000055 0.000055 0.000054 0.000052 0.000049 0.000043 0.000032 0.000018 0.000000 
50.000000 35.048450 22.187761 12.637185 6.474034 2.989926 1.249522 0.474723 0.164826 0.052635 0.015621 0.004426 0.001304 0.000497 0.000304 0.000260 0.000251 0.000249 0.000249 0.000249 0.000249 0.000249 0.000249 0.000249 0.000249 0.000249 0.000249 0.000249 0.000249 0.000249 0.000249 0.000249 0.000249 0.000249 0.000249 0.000249 0.000249 0.000249 0.000249 0.000249 0.000249 0.000248 0.000247 0.000244 0.000237 0.000222 0.000194 0.000146 0.000080 0.000000 
50.000000 35.048694 22.188213 12.637792 6.474739 2.990686 1.250310 0.475522 0.165630 0.053440 0.016427 0.005232 0.002110 0.001304 0.001110 0.001067 0.001057 0.001056 0.001055 0.001055 0.001055 0.001055 0.001055 0.001055 0.001055 0.001055 0.001055 0.001055 0.001055 0.001055 0.001055 0.001055 0.001055 0.001055 0.001055 0.001055 0.001055 0.001055 0.001055 0.001055 0.001055 0.001053 0.001049 0.001037 0.001008 0.000945 0.000824 0.000624 0.000340 0.000000 
50.000000 35.049636 22.189963 12.640138 6.477467 2.993628 1.253357 0.478616 0.168743 0.056559 0.019548 0.008354 0.005232 0.004426 0.004232 0.004188 0.004179 0.004177 0.004177 0.004177 0.004177 0.004177 0.004177 0.004177 0.004177 0.004177 0.004177 0.004177 0.004177 0.004177 0.004177 0.004177 0.004177 0.004177 0.004177 0.004177 0.004177 0.004177 0.004177 0.004176 0.004175 0.004169 0.004153 0.004107 0.003994 0.003748 0.003273 0.002482 0.001353 0.000000 
50.000000 35.053009 22.196230 12.648545 6.487245 3.004175 1.264285 0.489711 0.179904 0.067744 0.030741 0.019548 0.016427 0.015621 0.015427 0.015384 0.015375 0.015373 0.015373 0.015373 0.015373 0.015373 0.015373 0.015373 0.015373 0.015373 0.015373 0.015373 0.015373 0.015373 0.015373 0.015373 0.015373 0.015373 0.015373 0.015373 0.015373 0.015372 0.015372 0.015370 0.015365 0.015345 0.015286 0.015124 0.014720 0.013829 0.012101 0.009194 0.005024 0.000000 
50.000000 35.064148 22.216931 12.676318 6.519556 3.039034 1.300405 0.526389 0.216802 0.104721 0.067744 0.056559 0.053440 0.052635 0.052441 0.052397 0.052388 0.052386 0.052386 0.052386 0.052386 0.052386 0.052386 0.052386 0.052386 0.052386 0.052386 0.052386 0.052386 0.052386 0.052386 0.052386 0.052386 0.052386 0.052386 0.052386 0.052386 0.052386 0.052384 0.052379 0.052360 0.052298 0.052106 0.051574 0.050244 0.047281 0.041473 0.031603 0.017313 0.000000 
50.000000 35.097873 22.279615 12.760438 6.617446 3.144663 1.409875 0.637555 0.328641 0.216802 0.179904 0.168743 0.165630 0.164826 0.164633 0.164590 0.164581 0.164579 0.164579 0.164579 0.164578 0.164578 0.164578 0.164578 0.164578 0.164578 0.164578 0.164578 0.164578 0.164578 0.164578 0.164578 0.164578 0.164578 0.164578 0.164578 0.164578 0.164577 0.164574 0.164559 0.164504 0.164321 0.163755 0.162172 0.158172 0.149157 0.131254 0.100417 0.055212 0.000000 
50.000000 35.190926 22.452601 12.992632 6.887708 3.436348 1.712204 0.944596 0.637555 0.526389 0.489711 0.478616 0.475522 0.474723 0.474531 0.474488 0.474478 0.474477 0.474476 0.474476 0.474476 0.474476 0.474476 0.474476 0.474476 0.474476 0.474476 0.474476 0.474476 0.474476 0.474476 0.474476 0.474476 0.474476 0.474476 0.474476 0.474476 0.474473 0.474464 0.474425 0.474282 0.473799 0.472298 0.468047 0.457171 0.432292 0.382042 0.293899 0.162446 0.000000 
50.000000 35.423336 22.884721 13.572773 7.563110 4.165419 2.467978 1.712204 1.409875 1.300405 1.264285 1.253357 1.250310 1.249522 1.249333 1.249291 1.249282 1.249280 1.249279 1.249279 1.249279 1.249279 1.249279 1.249279 1.249279 1.249279 1.249279 1.249279 1.249279 1.249279 1.249279 1.249279 1.249279 1.249279 1.249279 1.249279 1.249278 1.249273 1.249250 1.249161 1.248831 1.247703 1.244158 1.233989 1.207560 1.145938 1.018670 0.789826 0.440031 0.000000 
50.000000 35.944894 23.854590 14.875123 9.079609 5.802694 4.165419 3.436348 3.144663 3.039034 3.004175 2.993628 2.990686 2.989926 2.989743 2.989702 2.989694 2.989692 2.989692 2.989692 2.989692 2.989692 2.989692 2.989692 2.989692 2.989692 2.989692 2.989692 2.989692 2.989692 2.989692 2.989692 2.989692 2.989692 2.989692 2.989691 2.989689 2.989678 2.989634 2.989455 2.988790 2.986491 2.979177 2.957859 2.901347 2.766326 2.479082 1.944453 1.097000 0.000000 
50.000000 36.988105 25.794755 17.480847 12.114344 9.079609 7.563110 6.887708 6.617446 6.519556 6.487245 6.477467 6.474739 6.474034 6.473864 6.473826 6.473818 6.473817 6.473816 6.473816 6.473816 6.473816 6.473816 6.473816 6.473816 6.473816 6.473816 6.473816 6.473816 6.473816 6.473816 6.473816 6.473816 6.473816 6.473816 6.473815 6.473812 6.473794 6.473719 6.473416 6.472275 6.468290 6.455416 6.417173 6.313283 6.057172 5.490256 4.382199 2.525169 0.000000 
50.000000 38.832116 29.224624 22.088000 17.480847 14.875123 13.572773 12.992632 12.760438 12.676318 12.648545 12.640138 12.637792 12.637185 12.637040 12.637007 12.637000 12.636998 12.636998 12.636998 12.636998 12.636998 12.636998 12.636998 12.636998 12.636998 12.636998 12.636998 12.636998 12.636998 12.636998 12.636998 12.636998 12.636998 12.636998 12.636997 12.636992 12.636968 12.636865 12.636444 12.634845 12.629185 12.610590 12.554103 12.396040 11.990591 11.044000 9.058622 5.422276 0.000000 
50.000000 41.687953 34.536963 29.224624 25.794755 23.854590 22.884721 22.452601 22.279615 22.216931 22.196230 22.189963 22.188213 22.187761 22.187652 22.187627 22.187622 22.187621 22.187621 22.187621 22.187621 22.187621 22.187621 22.187621 22.187621 22.187621 22.187621 22.187621 22.187621 22.187621 22.187621 22.187621 22.187621 22.187621 22.187621 22.187620 22.187614 22.187589 22.187481 22.187036 22.185327 22.179199 22.158702 22.094895 21.910137 21.412556 20.166002 17.268481 11.117139 0.000000 
50.000000 45.531985 41.687953 38.832116 36.988105 35.944894 35.423336 35.190926 35.097873 35.064148 35.053009 35.049636 35.048694 35.048450 35.048392 35.048379 35.048376 35.048375 35.048375 35.048375 35.048375 35.048375 35.048375 35.048375 35.048375 35.048375 35.048375 35.048375 35.048375 35.048375 35.048375 35.048375 35.048375 35.048375 35.048375 35.048374 35.048371 35.048354 35.048282 35.047985 35.046835 35.042661 35.028479 34.983305 34.847894 34.462937 33.409841 30.570815 22.765992 0.000000 
50.000000 50.000000 50.000000 50.000000 50.000000 50.000000 50.000000 50.000000 50.000000 50.000000 50.000000 50.000000 50.000000 50.000000 50.000000 50.000000 50.000000 50.000000 50.000000 50.000000 50.000000 50.000000 50.000000 50.000000 50.000000 50.000000 50.000000 50.000000 50.000000 50.000000 50.000000 50.000000 50.000000 50.000000 50.000000 50.000000 50.000000 50.000000 50.000000 50.000000 50.000000 50.000000 50.000000 50.000000 50.000000 50.000000 50.000000 50.000000 50.000000 50.000000 
