50.000000 50.000000 50.000000 50.000000 50.000000 50.000000 50.000000 50.000000 50.000000 50.000000 50.000000 50.000000 50.000000 50.000000 50.000000 50.000000 50.000000 50.000000 50.000000 50.000000 50.000000 50.000000 50.000000 50.000000 50.000000 50.000000 50.000000 50.000000 50.000000 50.000000 50.000000 50.000000 50.000000 50.000000 50.000000 50.000000 50.000000 50.000000 50.000000 50.000000 50.000000 50.000000 50.000000 50.000000 50.000000 50.000000 50.000000 50.000000 50.000000 50.000000 
50.000000 48.996908 48.025404 47.114093 46.286086 45.557322 44.935907 44.422475 44.011353 43.692248 43.452103 43.276836 43.152747 43.067496 43.010645 42.973834 42.950682 42.936534 42.928131 42.923277 42.920550 42.919059 42.918266 42.917853 42.917643 42.917535 42.917473 42.917421 42.917351 42.917223 42.916974 42.916489 42.915558 42.913807 42.910580 42.904754 42.894433 42.876481 42.845764 42.793968 42.707645 42.564928 42.329621 41.939817 41.283943 40.145101 38.056999 33.887442 24.498454 0.000000 
50.000000 48.025404 46.112989 44.319066 42.689131 41.254555 40.031300 39.020611 38.211321 37.583167 37.110446 36.765437 36.521172 36.353358 36.241450 36.168989 36.123416 36.095567 36.079025 36.069471 36.064104 36.061169 36.059607 36.058796 36.058382 36.058170 36.058048 36.057949 36.057815 36.057573 36.057104 36.056188 36.054434 36.051140 36.045081 36.034160 36.014865 35.981402 35.924374 35.828701 35.670355 35.411062 34.989401 34.305188 33.190764 31.356420 28.286336 23.056494 14.137962 0.000000 
50.000000 47.114093 44.319066 41.697221 39.315049 37.218402 35.430607 33.953484 32.770710 31.852669 31.161795 30.657572 30.300586 30.055333 29.891784 29.785887 29.719285 29.678586 29.654412 29.640450 29.632606 29.628317 29.626034 29.624849 29.624245 29.623936 29.623760 29.623620 29.623436 29.623105 29.622465 29.621220 29.618838 29.614374 29.606185 29.591473 29.565576 29.520879 29.445161 29.319112 29.112596 28.778982 28.246471 27.404685 26.084120 24.026353 20.848611 16.032731 9.057093 0.000000 
50.000000 46.286086 42.689131 39.315049 36.249412 33.551226 31.250512 29.349609 27.827510 26.646099 25.757031 25.108164 24.648774 24.333171 24.122711 23.986439 23.900736 23.848364 23.817256 23.799291 23.789198 23.783680 23.780742 23.779217 23.778441 23.778044 23.777823 23.777651 23.777432 23.777044 23.776297 23.774847 23.772082 23.766915 23.757467 23.740562 23.710951 23.660151 23.574736 23.433880 23.205863 22.843212 22.276069 21.403557 20.083657 18.124706 15.288696 11.332711 6.140985 0.000000 
50.000000 45.557322 41.254555 37.218402 33.551226 30.323615 27.571476 25.297605 23.476873 22.063681 21.000193 20.224037 19.674531 19.297022 19.045283 18.882284 18.779773 18.717131 18.679924 18.658436 18.646364 18.639765 18.636252 18.634428 18.633501 18.633029 18.632770 18.632577 18.632339 18.631927 18.631139 18.629616 18.626719 18.621324 18.611499 18.594003 18.563529 18.511606 18.425033 18.283733 18.057916 17.704498 17.162908 16.350874 15.161807 13.467570 11.134282 8.063791 4.273379 0.000000 
50.000000 44.935907 40.031300 35.430607 31.250512 27.571476 24.434427 21.842551 19.767199 18.156390 16.944197 16.059520 15.433190 15.002906 14.715978 14.530198 14.413360 14.341965 14.299559 14.275069 14.261310 14.253789 14.249786 14.247708 14.246653 14.246119 14.245829 14.245624 14.245384 14.244978 14.244209 14.242727 14.239920 14.234713 14.225271 14.208544 14.179589 14.130613 14.049667 13.918944 13.712697 13.394917 12.917140 12.217214 11.220601 9.846956 8.025923 5.726112 2.996090 0.000000 
50.000000 44.422475 39.020611 33.953484 29.349609 25.297605 21.842551 18.987950 16.702245 14.928182 13.593145 12.618824 11.929034 11.455160 11.139168 10.934572 10.805902 10.727278 10.680579 10.653610 10.638460 10.630178 10.625769 10.623482 10.622322 10.621737 10.621426 10.621216 10.620986 10.620610 10.619904 10.618553 10.616003 10.611291 10.602789 10.587808 10.562039 10.518777 10.447901 10.334623 10.158094 9.890054 9.493975 8.925411 8.134697 7.073539 5.707012 4.031209 2.092854 0.000000 
50.000000 44.011353 38.211321 32.770710 27.827510 23.476873 19.767199 16.702245 14.248125 12.343360 10.909978 9.863893 9.123304 8.614537 8.275282 8.055625 7.917487 7.833077 7.782944 7.753991 7.737726 7.728836 7.724104 7.721650 7.720405 7.719781 7.719455 7.719246 7.719034 7.718703 7.718090 7.716925 7.714734 7.710704 7.703466 7.690784 7.669106 7.632980 7.574299 7.481439 7.338388 7.124063 6.812192 6.372282 5.772376 4.984298 3.991727 2.800259 1.446425 0.000000 
50.000000 43.692248 37.583167 31.852669 26.646099 22.063681 18.156390 14.928182 12.343360 10.337164 8.827466 7.725694 6.945689 6.409849 6.052545 5.821206 5.675722 5.586825 5.534027 5.503536 5.486407 5.477045 5.472062 5.469478 5.468169 5.467515 5.467180 5.466976 5.466786 5.466507 5.466000 5.465043 5.463253 5.459975 5.454115 5.443903 5.426557 5.397854 5.351607 5.279102 5.168582 5.004972 4.770088 4.443693 4.005765 3.440236 2.740073 1.912812 0.984603 0.000000 
50.000000 43.452103 37.110446 31.161795 25.757031 21.000193 16.944197 13.593145 10.909978 8.827466 7.260349 6.116683 5.307025 4.750821 4.379941 4.139815 3.988806 3.896535 3.841733 3.810085 3.792308 3.782590 3.777419 3.774738 3.773381 3.772705 3.772364 3.772167 3.772001 3.771774 3.771372 3.770622 3.769224 3.766677 3.762145 3.754289 3.741025 3.719223 3.684363 3.630174 3.548364 3.428539 3.258522 3.025253 2.716461 2.323151 1.842682 1.281745 0.658136 0.000000 
50.000000 43.276836 36.765437 30.657572 25.108164 20.224037 16.059520 12.618824 9.863893 7.725694 6.116683 4.942450 4.111161 3.540100 3.159317 2.912782 2.757744 2.663012 2.606749 2.574258 2.556007 2.546031 2.540723 2.537971 2.536579 2.535888 2.535544 2.535354 2.535211 2.535030 2.534725 2.534160 2.533115 2.531217 2.527858 2.522065 2.512337 2.496450 2.471225 2.432320 2.374086 2.289594 2.170923 2.009852 1.799004 1.533428 1.212411 0.841064 0.431072 0.000000 
50.000000 43.152747 36.521172 30.300586 24.648774 19.674531 15.433190 11.929034 9.123304 6.945689 5.307025 4.111161 3.264562 2.682989 2.295199 2.044128 1.886241 1.789768 1.732472 1.699384 1.680799 1.670640 1.665234 1.662432 1.661016 1.660315 1.659969 1.659787 1.659662 1.659522 1.659297 1.658888 1.658136 1.656779 1.654386 1.650278 1.643419 1.632281 1.614710 1.587802 1.547835 1.490324 1.410257 1.302576 1.162925 0.988623 0.779707 0.539770 0.276267 0.000000 
50.000000 43.067496 36.353358 30.055333 24.333171 19.297022 15.002906 11.455160 8.614537 6.409849 4.750821 3.540100 2.682989 2.094197 1.701597 1.447413 1.287569 1.189901 1.131896 1.098400 1.079584 1.069300 1.063827 1.060991 1.059558 1.058850 1.058504 1.058328 1.058218 1.058111 1.057950 1.057664 1.057144 1.056208 1.054566 1.051761 1.047099 1.039570 1.027763 1.009796 0.983292 0.945431 0.893121 0.823317 0.733493 0.622219 0.489757 0.338493 0.173063 0.000000 
50.000000 43.010645 36.241450 29.891784 24.122711 19.045283 14.715978 11.139168 8.275282 6.052545 4.379941 3.159317 2.295199 1.701597 1.305790 1.049533 0.888385 0.789921 0.731444 0.697674 0.678706 0.668338 0.662821 0.659963 0.658519 0.657806 0.657460 0.657289 0.657190 0.657107 0.656995 0.656802 0.656454 0.655832 0.654745 0.652895 0.649836 0.644921 0.637253 0.625652 0.608642 0.584498 0.551360 0.507434 0.451280 0.382149 0.300312 0.207289 0.105892 0.000000 
50.000000 42.973834 36.168989 29.785887 23.986439 18.882285 14.530198 10.934572 8.055626 5.821206 4.139815 2.912782 2.044129 1.447414 1.049533 0.791933 0.629942 0.530964 0.472180 0.438235 0.419168 0.408746 0.403201 0.400327 0.398876 0.398161 0.397815 0.397647 0.397557 0.397492 0.397414 0.397287 0.397062 0.396662 0.395967 0.394789 0.392848 0.389743 0.384924 0.377670 0.367091 0.352160 0.331783 0.304927 0.270786 0.228972 0.179702 0.123908 0.063254 0.000000 
50.000000 42.950682 36.123416 29.719286 23.900736 18.779774 14.413361 10.805903 7.917488 5.675722 3.988807 2.757745 1.886241 1.287570 0.888385 0.629942 0.467422 0.368120 0.309145 0.275089 0.255959 0.245503 0.239940 0.237058 0.235602 0.234885 0.234540 0.234374 0.234291 0.234237 0.234183 0.234101 0.233960 0.233712 0.233281 0.232555 0.231362 0.229463 0.226528 0.222131 0.215748 0.206784 0.194612 0.178648 0.158450 0.133821 0.104912 0.072276 0.036876 0.000000 
50.000000 42.936535 36.095567 29.678587 23.848365 18.717132 14.341966 10.727279 7.833079 5.586826 3.896536 2.663014 1.789769 1.189903 0.789923 0.530965 0.368121 0.268621 0.209529 0.175406 0.156238 0.145762 0.140188 0.137299 0.135841 0.135124 0.134778 0.134614 0.134535 0.134489 0.134451 0.134399 0.134313 0.134163 0.133905 0.133471 0.132761 0.131635 0.129901 0.127314 0.123575 0.118346 0.111278 0.102047 0.090414 0.076283 0.059750 0.041134 0.020977 0.000000 
50.000000 42.928131 36.079026 29.654413 23.817259 18.679927 14.299562 10.680583 7.782947 5.534030 3.841737 2.606753 1.732476 1.131900 0.731448 0.472184 0.309148 0.209532 0.150370 0.116207 0.097017 0.086528 0.080947 0.078056 0.076596 0.075878 0.075533 0.075370 0.075293 0.075253 0.075224 0.075191 0.075140 0.075052 0.074902 0.074650 0.074240 0.073592 0.072598 0.071119 0.068991 0.066026 0.062033 0.056838 0.050314 0.042414 0.033195 0.022839 0.011643 0.000000 
50.000000 42.923279 36.069474 29.640454 23.799296 18.658443 14.275076 10.653618 7.754000 5.503545 3.810095 2.574268 1.699394 1.098410 0.697684 0.438245 0.275098 0.175414 0.116213 0.082026 0.062823 0.052327 0.046743 0.043850 0.042389 0.041670 0.041325 0.041163 0.041088 0.041051 0.041028 0.041007 0.040977 0.040927 0.040842 0.040700 0.040470 0.040108 0.039553 0.038732 0.037554 0.035918 0.033723 0.030875 0.027310 0.023005 0.017993 0.012373 0.006306 0.000000 
50.000000 42.920554 36.064111 29.632616 23.789211 18.646380 14.261328 10.638479 7.737748 5.486430 3.792331 2.556031 1.680822 1.079608 0.678730 0.419192 0.255983 0.156261 0.097037 0.062837 0.043627 0.033127 0.027541 0.024647 0.023186 0.022467 0.022122 0.021960 0.021885 0.021850 0.021832 0.021817 0.021799 0.021771 0.021725 0.021647 0.021522 0.021324 0.021024 0.020580 0.019945 0.019066 0.017889 0.016368 0.014469 0.012180 0.009521 0.006545 0.003334 0.000000 
50.000000 42.919068 36.061186 29.628342 23.783711 18.639802 14.253831 10.630224 7.728885 5.477096 3.782644 2.546086 1.670695 1.069356 0.668395 0.408802 0.245560 0.145817 0.086581 0.052374 0.033160 0.022658 0.017071 0.014176 0.012714 0.011996 0.011651 0.011489 0.011415 0.011381 0.011364 0.011354 0.011343 0.011328 0.011302 0.011261 0.011194 0.011090 0.010930 0.010696 0.010362 0.009900 0.009285 0.008490 0.007500 0.006310 0.004931 0.003388 0.001726 0.000000 
50.000000 42.918285 36.059645 29.626090 23.780814 18.636337 14.249882 10.625875 7.724217 5.472180 3.777541 2.540848 1.665361 1.063956 0.662951 0.403330 0.240070 0.140317 0.081074 0.046863 0.027647 0.017144 0.011556 0.008661 0.007199 0.006481 0.006136 0.005974 0.005900 0.005867 0.005851 0.005843 0.005836 0.005827 0.005814 0.005792 0.005757 0.005702 0.005619 0.005497 0.005323 0.005084 0.004765 0.004355 0.003845 0.003234 0.002526 0.001735 0.000883 0.000000 
50.000000 42.917897 36.058881 29.624974 23.779377 18.634619 14.247924 10.623719 7.721902 5.469743 3.775012 2.538251 1.662717 1.061279 0.660252 0.400617 0.237348 0.137589 0.078344 0.044131 0.024914 0.014411 0.008822 0.005927 0.004465 0.003746 0.003401 0.003240 0.003166 0.003133 0.003118 0.003111 0.003106 0.003101 0.003093 0.003081 0.003062 0.003032 0.002988 0.002922 0.002828 0.002700 0.002530 0.002311 0.002039 0.001714 0.001338 0.000919 0.000468 0.000000 
50.000000 42.917739 36.058569 29.624518 23.778790 18.633917 14.247124 10.622838 7.720957 5.468747 3.773978 2.537190 1.661637 1.060185 0.659150 0.399509 0.236236 0.136476 0.077228 0.043015 0.023798 0.013294 0.007705 0.004810 0.003348 0.002629 0.002285 0.002123 0.002050 0.002017 0.002002 0.001995 0.001991 0.001987 0.001982 0.001974 0.001962 0.001942 0.001913 0.001871 0.001810 0.001728 0.001618 0.001477 0.001303 0.001095 0.000855 0.000587 0.000299 0.000000 
50.000000 42.917739 36.058569 29.624518 23.778790 18.633917 14.247124 10.622838 7.720957 5.468747 3.773978 2.537190 1.661637 1.060185 0.659150 0.399509 0.236236 0.136476 0.077228 0.043015 0.023798 0.013294 0.007705 0.004810 0.003348 0.002629 0.002285 0.002123 0.002050 0.002017 0.002002 0.001995 0.001991 0.001987 0.001982 0.001974 0.001962 0.001942 0.001913 0.001871 0.001810 0.001728 0.001618 0.001477 0.001303 0.001095 0.000855 0.000587 0.000299 0.000000 
50.000000 42.917897 36.058881 29.624974 23.779377 18.634619 14.247924 10.623719 7.721902 5.469743 3.775012 2.538251 1.662717 1.061279 0.660252 0.400617 0.237348 0.137589 0.078344 0.044131 0.024914 0.014411 0.008822 0.005927 0.004465 0.003746 0.003401 0.003240 0.003166 0.003133 0.003118 0.003111 0.003106 0.003101 0.003093 0.003081 0.003062 0.003032 0.002988 0.002922 0.002828 0.002700 0.002530 0.002311 0.002039 0.001714 0.001338 0.000919 0.000468 0.000000 
50.000000 42.918285 36.059645 29.626090 23.780814 18.636337 14.249882 10.625875 7.724217 5.472180 3.777541 2.540848 1.665361 1.063956 0.662951 0.403330 0.240070 0.140317 0.081074 0.046863 0.027647 0.017144 0.011556 0.008661 0.007199 0.006481 0.006136 0.005974 0.005900 0.005867 0.005851 0.005843 0.005836 0.005827 0.005814 0.005792 0.005757 0.005702 0.005619 0.005497 0.005323 0.005084 0.004765 0.004355 0.003845 0.003234 0.002526 0.001735 0.000883 0.000000 
50.000000 42.919068 36.061186 29.628342 23.783711 18.639802 14.253831 10.630224 7.728885 5.477096 3.782644 2.546086 1.670695 1.069356 0.668395 0.408802 0.245560 0.145817 0.086581 0.052374 0.033160 0.022658 0.017071 0.014176 0.012714 0.011996 0.011651 0.011489 0.011415 0.011381 0.011364 0.011354 0.011343 0.011328 0.011302 0.011261 0.011194 0.011090 0.010930 0.010696 0.010362 0.009900 0.009285 0.008490 0.007500 0.006310 0.004931 0.003388 0.001726 0.000000 
50.000000 42.920554 36.064111 29.632616 23.789211 18.646380 14.261328 10.638479 7.737748 5.486430 3.792331 2.556031 1.680822 1.079608 0.678730 0.419192 0.255983 0.156261 0.097037 0.062837 0.043627 0.033127 0.027541 0.024647 0.023186 0.022467 0.022122 0.021960 0.021885 0.021850 0.021832 0.021817 0.021799 0.021771 0.021725 0.021647 0.021522 0.021324 0.021024 0.020580 0.019945 0.019066 0.017889 0.016368 0.014469 0.012180 0.009521 0.006545 0.003334 0.000000 
50.000000 42.923279 36.069474 29.640454 23.799296 18.658443 14.275076 10.653618 7.754000 5.503545 3.810095 2.574268 1.699394 1.098410 0.697684 0.438245 0.275098 0.175414 0.116213 0.082026 0.062823 0.052327 0.046743 0.043850 0.042389 0.041670 0.041325 0.041163 0.041088 0.041051 0.041028 0.041007 0.040977 0.040927 0.040842 0.040700 0.040470 0.040108 0.039553 0.038732 0.037554 0.035918 0.033723 0.030875 0.027310 0.023005 0.017993 0.012373 0.006306 0.000000 
50.000000 42.928131 36.079026 29.654413 23.817259 18.679927 14.299562 10.680583 7.782947 5.534030 3.841737 2.606753 1.732476 1.131900 0.731448 0.472184 0.309148 0.209532 0.150370 0.116207 0.097017 0.086528 0.080947 0.078056 0.076596 0.075878 0.075533 0.075370 0.075293 0.075253 0.075224 0.075191 0.075140 0.075052 0.074902 0.074650 0.074240 0.073592 0.072598 0.071119 0.068991 0.066026 0.062033 0.056838 0.050314 0.042414 0.033195 0.022839 0.011643 0.000000 
50.000000 42.936535 36.095567 29.678587 23.848365 18.717132 14.341966 10.727279 7.833079 5.586826 3.896536 2.663014 1.789769 1.189903 0.789923 0.530965 0.368121 0.268621 0.209529 0.175406 0.156238 0.145762 0.140188 0.137299 0.135841 0.135124 0.134778 0.134614 0.134535 0.134489 0.134451 0.134399 0.134313 0.134163 0.133905 0.133471 0.132761 0.131635 0.129901 0.127314 0.123575 0.118346 0.111278 0.102047 0.090414 0.076283 0.059750 0.041134 0.020977 0.000000 
50.000000 42.950682 36.123416 29.719286 23.900736 18.779774 14.413361 10.805903 7.917488 5.675722 3.988807 2.757745 1.886241 1.287570 0.888385 0.629942 0.467422 0.368120 0.309145 0.275089 0.255959 0.245503 0.239940 0.237058 0.235602 0.234885 0.234540 0.234374 0.234291 0.234237 0.234183 0.234101 0.233960 0.233712 0.233281 0.232555 0.231362 0.229463 0.226528 0.222131 0.215748 0.206784 0.194612 0.178648 0.158450 0.133821 0.104912 0.072276 0.036876 0.000000 
50.000000 42.973834 36.168989 29.785887 23.986439 18.882285 14.530198 10.934572 8.055626 5.821206 4.139815 2.912782 2.044129 1.447414 1.049533 0.791933 0.629942 0.530964 0.472180 0.438235 0.419168 0.408746 0.403201 0.400327 0.398876 0.398161 0.397815 0.397647 0.397557 0.397492 0.397414 0.397287 0.397062 0.396662 0.395967 0.394789 0.392848 0.389743 0.384924 0.377670 0.367091 0.352160 0.331783 0.304927 0.270786 0.228972 0.179702 0.123908 0.063254 0.000000 
50.000000 43.010645 36.241450 29.891784 24.122711 19.045283 14.715978 11.139168 8.275282 6.052545 4.379941 3.159317 2.295199 1.701597 1.305790 1.049533 0.888385 0.789921 0.731444 0.697674 0.678706 0.668338 0.662821 0.659963 0.658519 0.657806 0.657460 0.657289 0.657190 0.657107 0.656995 0.656802 0.656454 0.655832 0.654745 0.652895 0.649836 0.644921 0.637253 0.625652 0.608642 0.584498 0.551360 0.507434 0.451280 0.382149 0.300312 0.207289 0.105892 0.000000 
50.000000 43.067496 36.353358 30.055333 24.333171 19.297022 15.002906 11.455160 8.614537 6.409849 4.750821 3.540100 2.682989 2.094197 1.701597 1.447413 1.287569 1.189901 1.131896 1.098400 1.079584 1.069300 1.063827 1.060991 1.059558 1.058850 1.058504 1.058328 1.058218 1.058111 1.057950 1.057664 1.057144 1.056208 1.054566 1.051761 1.047099 1.039570 1.027763 1.009796 0.983292 0.945431 0.893121 0.823317 0.733493 0.622219 0.489757 0.338493 0.173063 0.000000 
50.000000 43.152747 36.521172 30.300586 24.648774 19.674531 15.433190 11.929034 9.123304 6.945689 5.307025 4.111161 3.264562 2.682989 2.295199 2.044128 1.886241 1.789768 1.732472 1.699384 1.680799 1.670640 1.665234 1.662432 1.661016 1.660315 1.659969 1.659787 1.659662 1.659522 1.659297 1.658888 1.658136 1.656779 1.654386 1.650278 1.643419 1.632281 1.614710 1.587802 1.547835 1.490324 1.410257 1.302576 1.162925 0.988623 0.779707 0.539770 0.276267 0.000000 
50.000000 43.276836 36.765437 30.657572 25.108164 20.224037 16.059520 12.618824 9.863893 7.725694 6.116683 4.942450 4.111161 3.540100 3.159317 2.912782 2.757744 2.663012 2.606749 2.574258 2.556007 2.546031 2.540723 2.537971 2.536579 2.535888 2.535544 2.535354 2.535211 2.535030 2.534725 2.534160 2.533115 2.531217 2.527858 2.522065 2.512337 2.496450 2.471225 2.432320 2.374086 2.289594 2.170923 2.009852 1.799004 1.533428 1.212411 0.841064 0.431072 0.000000 
50.000000 43.452103 37.110446 31.161795 25.757031 21.000193 16.944197 13.593145 10.909978 8.827466 7.260349 6.116683 5.307025 4.750821 4.379941 4.139815 3.988806 3.896535 3.841733 3.810085 3.792308 3.782590 3.777419 3.774738 3.773381 3.772705 3.772364 3.772167 3.772001 3.771774 3.771372 3.770622 3.769224 3.766677 3.762145 3.754289 3.741025 3.719223 3.684363 3.630174 3.548364 3.428539 3.258522 3.025253 2.716461 2.323151 1.842682 1.281745 0.658136 0.000000 
50.000000 43.692248 37.583167 31.852669 26.646099 22.063681 18.156390 14.928182 12.343360 10.337164 8.827466 7.725694 6.945689 6.409849 6.052545 5.821206 5.675722 5.586825 5.534027 5.503536 5.486407 5.477045 5.472062 5.469478 5.468169 5.467515 5.467180 5.466976 5.466786 5.466507 5.466000 5.465043 5.463253 5.459975 5.454115 5.443903 5.426557 5.397854 5.351607 5.279102 5.168582 5.004972 4.770088 4.443693 4.005765 3.440236 2.740073 1.912812 0.984603 0.000000 
50.000000 44.011353 38.211321 32.770710 27.827510 23.476873 19.767199 16.702245 14.248125 12.343360 10.909978 9.863893 9.123304 8.614537 8.275282 8.055625 7.917487 7.833077 7.782944 7.753991 7.737726 7.728836 7.724104 7.721650 7.720405 7.719781 7.719455 7.719246 7.719034 7.718703 7.718090 7.716925 7.714734 7.710704 7.703466 7.690784 7.669106 7.632980 7.574299 7.481439 7.338388 7.124063 6.812192 6.372282 5.772376 4.984298 3.991727 2.800259 1.446425 0.000000 
50.000000 44.422475 39.020611 33.953484 29.349609 25.297605 21.842551 18.987950 16.702245 14.928182 13.593145 12.618824 11.929034 11.455160 11.139168 10.934572 10.805902 10.727278 10.680579 10.653610 10.638460 10.630178 10.625769 10.623482 10.622322 10.621737 10.621426 10.621216 10.620986 10.620610 10.619904 10.618553 10.616003 10.611291 10.602789 10.587808 10.562039 10.518777 10.447901 10.334623 10.158094 9.890054 9.493975 8.925411 8.134697 7.073539 5.707012 4.031209 2.092854 0.000000 
50.000000 44.935907 40.031300 35.430607 31.250512 27.571476 24.434427 21.842551 19.767199 18.156390 16.944197 16.059520 15.433190 15.002906 14.715978 14.530198 14.413360 14.341965 14.299559 14.275069 14.261310 14.253789 14.249786 14.247708 14.246653 14.246119 14.245829 14.245624 14.245384 14.244978 14.244209 14.242727 14.239920 14.234713 14.225271 14.208544 14.179589 14.130613 14.049667 13.918944 13.712697 13.394917 12.917140 12.217214 11.220601 9.846956 8.025923 5.726112 2.996090 0.000000 
50.000000 45.557322 41.254555 37.218402 33.551226 30.323615 27.571476 25.297605 23.476873 22.063681 21.000193 20.224037 19.674531 19.297022 19.045283 18.882284 18.779773 18.717131 18.679924 18.658436 18.646364 18.639765 18.636252 18.634428 18.633501 18.633029 18.632770 18.632577 18.632339 18.631927 18.631139 18.629616 18.626719 18.621324 18.611499 18.594003 18.563529 18.511606 18.425033 18.283733 18.057916 17.704498 17.162908 16.350874 15.161807 13.467570 11.134282 8.063791 4.273379 0.000000 
50.000000 46.286086 42.689131 39.315049 36.249412 33.551226 31.250512 29.349609 27.827510 26.646099 25.757031 25.108164 24.648774 24.333171 24.122711 23.986439 23.900736 23.848364 23.817256 23.799291 23.789198 23.783680 23.780742 23.779217 23.778441 23.778044 23.777823 23.777651 23.777432 23.777044 23.776297 23.774847 23.772082 23.766915 23.757467 23.740562 23.710951 23.660151 23.574736 23.433880 23.205863 22.843212 22.276069 21.403557 20.083657 18.124706 15.288696 11.332711 6.140985 0.000000 
50.000000 47.114093 44.319066 41.697221 39.315049 37.218402 35.430607 33.953484 32.770710 31.852669 31.161795 30.657572 30.300586 30.055333 29.891784 29.785887 29.719285 29.678586 29.654412 29.640450 29.632606 29.628317 29.626034 29.624849 29.624245 29.623936 29.623760 29.623620 29.623436 29.623105 29.622465 29.621220 29.618838 29.614374 29.606185 29.591473 29.565576 29.520879 29.445161 29.319112 29.112596 28.778982 28.246471 27.404685 26.084120 24.026353 20.848611 16.032731 9.057093 0.000000 
50.000000 48.025404 46.112989 44.319066 42.689131 41.254555 40.031300 39.020611 38.211321 37.583167 37.110446 36.765437 36.521172 36.353358 36.241450 36.168989 36.123416 36.095567 36.079025 36.069471 36.064104 36.061169 36.059607 36.058796 36.058382 36.058170 36.058048 36.057949 36.057815 36.057573 36.057104 36.056188 36.054434 36.051140 36.045081 36.034160 36.014865 35.981402 35.924374 35.828701 35.670355 35.411062 34.989401 34.305188 33.190764 31.356420 28.286336 23.056494 14.137962 0.000000 
50.000000 48.996908 48.025404 47.114093 46.286086 45.557322 44.935907 44.422475 44.011353 43.692248 43.452103 43.276836 43.152747 43.067496 43.010645 42.973834 42.950682 42.936534 42.928131 42.923277 42.920550 42.919059 42.918266 42.917853 42.917643 42.917535 42.917473 42.917421 42.917351 42.917223 42.916974 42.916489 42.915558 42.913807 42.910580 42.904754 42.894433 42.876481 42.845764 42.793968 42.707645 42.564928 42.329621 41.939817 41.283943 40.145101 38.056999 33.887442 24.498454 0.000000 
50.000000 50.000000 50.000000 50.000000 50.000000 50.000000 50.000000 50.000000 50.000000 50.000000 50.000000 50.000000 50.000000 50.000000 50.000000 50.000000 50.000000 50.000000 50.000000 50.000000 50.000000 50.000000 50.000000 50.000000 50.000000 50.000000 50.000000 50.000000 50.000000 50.000000 50.000000 50.000000 50.000000 50.000000 50.000000 50.000000 50.000000 50.000000 50.000000 50.000000 50.000000 50.000000 50.000000 50.000000 50.000000 50.000000 50.000000 50.000000 50.000000 50.000000 
