50.000000 50.000000 50.000000 50.000000 50.000000 50.000000 50.000000 50.000000 50.000000 50.000000 50.000000 50.000000 50.000000 50.000000 50.000000 50.000000 50.000000 50.000000 50.000000 50.000000 50.000000 50.000000 50.000000 50.000000 50.000000 50.000000 50.000000 50.000000 50.000000 50.000000 50.000000 50.000000 50.000000 50.000000 50.000000 50.000000 50.000000 50.000000 50.000000 50.000000 50.000000 50.000000 50.000000 50.000000 50.000000 50.000000 50.000000 50.000000 50.000000 50.000000 
50.000000 44.222245 39.485039 36.272708 34.446260 33.562168 33.192439 33.057056 33.013138 33.000387 32.997043 32.996245 32.996071 32.996036 32.996029 32.996028 32.996028 32.996028 32.996028 32.996028 32.996028 32.996028 32.996028 32.996028 32.996028 32.996028 32.996028 32.996028 32.996028 32.996028 32.996028 32.996028 32.996028 32.996028 32.996028 32.996028 32.996028 32.996026 32.996014 32.995953 32.995658 32.994323 32.988729 32.967039 32.889153 32.629089 31.813574 29.365643 22.111123 0.000000 
50.000000 39.485039 30.864402 25.019480 21.696825 20.088855 19.416570 19.170468 19.090657 19.067490 19.061418 19.059970 19.059654 19.059590 19.059578 19.059576 19.059576 19.059576 19.059576 19.059576 19.059576 19.059576 19.059576 19.059576 19.059576 19.059576 19.059576 19.059576 19.059576 19.059576 19.059576 19.059576 19.059576 19.059576 19.059576 19.059575 19.059575 19.059572 19.059556 19.059473 19.059073 19.057285 19.049910 19.021966 18.925002 18.617935 17.733626 15.432201 10.119396 0.000000 
50.000000 36.272708 25.019480 17.390917 13.055326 10.957743 10.081031 9.760208 9.656201 9.626024 9.618117 9.616232 9.615821 9.615738 9.615722 9.615720 9.615719 9.615719 9.615719 9.615719 9.615719 9.615719 9.615719 9.615719 9.615719 9.615719 9.615719 9.615719 9.615719 9.615719 9.615719 9.615719 9.615719 9.615719 9.615719 9.615719 9.615719 9.615716 9.615703 9.615635 9.615307 9.613859 9.607988 9.586243 9.513156 9.291958 8.695459 7.285854 4.459135 0.000000 
50.000000 34.446260 21.696825 13.055326 8.145090 5.770101 4.777731 4.414698 4.297047 4.262923 4.253985 4.251855 4.251390 4.251297 4.251279 4.251276 4.251276 4.251276 4.251276 4.251276 4.251276 4.251276 4.251276 4.251276 4.251276 4.251276 4.251276 4.251276 4.251276 4.251276 4.251276 4.251276 4.251276 4.251276 4.251276 4.251276 4.251275 4.251274 4.251266 4.251224 4.251025 4.250157 4.246690 4.234100 4.192890 4.072545 3.763368 3.078890 1.817171 0.000000 
50.000000 33.562168 20.088855 10.957743 5.770101 3.261400 2.213379 1.830074 1.705884 1.669872 1.660442 1.658196 1.657706 1.657607 1.657589 1.657585 1.657585 1.657585 1.657585 1.657585 1.657585 1.657585 1.657585 1.657585 1.657585 1.657585 1.657585 1.657585 1.657585 1.657585 1.657585 1.657585 1.657585 1.657585 1.657585 1.657585 1.657585 1.657584 1.657580 1.657559 1.657463 1.657046 1.655402 1.649527 1.630700 1.577211 1.444588 1.163853 0.673015 0.000000 
50.000000 33.192439 19.416570 10.081031 4.777731 2.213379 1.142241 0.750534 0.623639 0.586848 0.577216 0.574922 0.574421 0.574320 0.574301 0.574298 0.574298 0.574298 0.574298 0.574297 0.574297 0.574297 0.574297 0.574297 0.574297 0.574297 0.574297 0.574297 0.574297 0.574297 0.574297 0.574297 0.574297 0.574297 0.574297 0.574297 0.574297 0.574297 0.574295 0.574287 0.574248 0.574081 0.573427 0.571121 0.563852 0.543630 0.494788 0.394604 0.225400 0.000000 
50.000000 33.057056 19.170468 9.760208 4.414698 1.830074 0.750534 0.355779 0.227906 0.190834 0.181129 0.178817 0.178313 0.178212 0.178193 0.178189 0.178189 0.178189 0.178189 0.178189 0.178189 0.178189 0.178189 0.178189 0.178189 0.178189 0.178189 0.178189 0.178189 0.178189 0.178189 0.178189 0.178189 0.178189 0.178189 0.178189 0.178189 0.178189 0.178188 0.178185 0.178172 0.178114 0.177889 0.177107 0.174672 0.168007 0.152220 0.120558 0.068327 0.000000 
50.000000 33.013138 19.090657 9.656201 4.297047 1.705884 0.623639 0.227906 0.099719 0.062557 0.052830 0.050512 0.050007 0.049905 0.049886 0.049883 0.049882 0.049882 0.049882 0.049882 0.049882 0.049882 0.049882 0.049882 0.049882 0.049882 0.049882 0.049882 0.049882 0.049882 0.049882 0.049882 0.049882 0.049882 0.049882 0.049882 0.049882 0.049882 0.049882 0.049881 0.049877 0.049860 0.049792 0.049558 0.048838 0.046890 0.042342 0.033372 0.018815 0.000000 
50.000000 33.000387 19.067490 9.626024 4.262923 1.669872 0.586848 0.190834 0.062557 0.025370 0.015636 0.013317 0.012811 0.012709 0.012690 0.012687 0.012687 0.012686 0.012686 0.012686 0.012686 0.012686 0.012686 0.012686 0.012686 0.012686 0.012686 0.012686 0.012686 0.012686 0.012686 0.012686 0.012686 0.012686 0.012686 0.012686 0.012686 0.012686 0.012686 0.012686 0.012685 0.012680 0.012662 0.012600 0.012409 0.011898 0.010717 0.008417 0.004728 0.000000 
50.000000 32.997043 19.061418 9.618117 4.253985 1.660442 0.577216 0.181129 0.052830 0.015636 0.005900 0.003580 0.003074 0.002973 0.002954 0.002950 0.002950 0.002950 0.002950 0.002950 0.002950 0.002950 0.002950 0.002950 0.002950 0.002950 0.002950 0.002950 0.002950 0.002950 0.002950 0.002950 0.002950 0.002950 0.002950 0.002950 0.002950 0.002950 0.002950 0.002950 0.002949 0.002948 0.002944 0.002929 0.002883 0.002761 0.002483 0.001945 0.001090 0.000000 
50.000000 32.996245 19.059970 9.616232 4.251855 1.658196 0.574922 0.178817 0.050512 0.013317 0.003580 0.001261 0.000755 0.000653 0.000635 0.000631 0.000631 0.000631 0.000631 0.000631 0.000631 0.000631 0.000631 0.000631 0.000631 0.000631 0.000631 0.000631 0.000631 0.000631 0.000631 0.000631 0.000631 0.000631 0.000631 0.000631 0.000631 0.000631 0.000631 0.000631 0.000631 0.000630 0.000629 0.000626 0.000616 0.000590 0.000529 0.000414 0.000231 0.000000 
50.000000 32.996071 19.059654 9.615821 4.251390 1.657706 0.574421 0.178313 0.050007 0.012811 0.003074 0.000755 0.000249 0.000147 0.000129 0.000125 0.000125 0.000125 0.000125 0.000125 0.000125 0.000125 0.000125 0.000125 0.000125 0.000125 0.000125 0.000125 0.000125 0.000125 0.000125 0.000125 0.000125 0.000125 0.000125 0.000125 0.000125 0.000125 0.000125 0.000125 0.000125 0.000125 0.000124 0.000124 0.000122 0.000116 0.000104 0.000081 0.000046 0.000000 
50.000000 32.996036 19.059590 9.615738 4.251297 1.657607 0.574320 0.178212 0.049905 0.012709 0.002973 0.000653 0.000147 0.000046 0.000027 0.000023 0.000023 0.000023 0.000023 0.000023 0.000023 0.000023 0.000023 0.000023 0.000023 0.000023 0.000023 0.000023 0.000023 0.000023 0.000023 0.000023 0.000023 0.000023 0.000023 0.000023 0.000023 0.000023 0.000023 0.000023 0.000023 0.000023 0.000023 0.000023 0.000022 0.000021 0.000019 0.000015 0.000008 0.000000 
50.000000 32.996029 19.059578 9.615722 4.251279 1.657589 0.574301 0.178193 0.049886 0.012690 0.002954 0.000635 0.000129 0.000027 0.000008 0.000005 0.000004 0.000004 0.000004 0.000004 0.000004 0.000004 0.000004 0.000004 0.000004 0.000004 0.000004 0.000004 0.000004 0.000004 0.000004 0.000004 0.000004 0.000004 0.000004 0.000004 0.000004 0.000004 0.000004 0.000004 0.000004 0.000004 0.000004 0.000004 0.000004 0.000004 0.000003 0.000003 0.000001 0.000000 
50.000000 32.996028 19.059576 9.615720 4.251276 1.657585 0.574298 0.178189 0.049883 0.012687 0.002950 0.000631 0.000125 0.000023 0.000005 0.000001 0.000001 0.000001 0.000001 0.000001 0.000001 0.000001 0.000001 0.000001 0.000001 0.000001 0.000001 0.000001 0.000001 0.000001 0.000001 0.000001 0.000001 0.000001 0.000001 0.000001 0.000001 0.000001 0.000001 0.000001 0.000001 0.000001 0.000001 0.000001 0.000001 0.000001 0.000001 0.000000 0.000000 0.000000 
50.000000 32.996028 19.059576 9.615719 4.251276 1.657585 0.574298 0.178189 0.049882 0.012687 0.002950 0.000631 0.000125 0.000023 0.000004 0.000001 0.000000 0.000000 0.000000 0.000000 0.000000 0.000000 0.000000 0.000000 0.000000 0.000000 0.000000 0.000000 0.000000 0.000000 0.000000 0.000000 0.000000 0.000000 0.000000 0.000000 0.000000 0.000000 0.000000 0.000000 0.000000 0.000000 0.000000 0.000000 0.000000 0.000000 0.000000 0.000000 0.000000 0.000000 
50.000000 32.996028 19.059576 9.615719 4.251276 1.657585 0.574298 0.178189 0.049882 0.012686 0.002950 0.000631 0.000125 0.000023 0.000004 0.000001 0.000000 0.000000 0.000000 0.000000 0.000000 0.000000 0.000000 0.000000 0.000000 0.000000 0.000000 0.000000 0.000000 0.000000 0.000000 0.000000 0.000000 0.000000 0.000000 0.000000 0.000000 0.000000 0.000000 0.000000 0.000000 0.000000 0.000000 0.000000 0.000000 0.000000 0.000000 0.000000 0.000000 0.000000 
50.000000 32.996028 19.059576 9.615719 4.251276 1.657585 0.574298 0.178189 0.049882 0.012686 0.002950 0.000631 0.000125 0.000023 0.000004 0.000001 0.000000 0.000000 0.000000 0.000000 0.000000 0.000000 0.000000 0.000000 0.000000 0.000000 0.000000 0.000000 0.000000 0.000000 0.000000 0.000000 0.000000 0.000000 0.000000 0.000000 0.000000 0.000000 0.000000 0.000000 0.000000 0.000000 0.000000 0.000000 0.000000 0.000000 0.000000 0.000000 0.000000 0.000000 
50.000000 32.996028 19.059576 9.615719 4.251276 1.657585 0.574297 0.178189 0.049882 0.012686 0.002950 0.000631 0.000125 0.000023 0.000004 0.000001 0.000000 0.000000 0.000000 0.000000 0.000000 0.000000 0.000000 0.000000 0.000000 0.000000 0.000000 0.000000 0.000000 0.000000 0.000000 0.000000 0.000000 0.000000 0.000000 0.000000 0.000000 0.000000 0.000000 0.000000 0.000000 0.000000 0.000000 0.000000 0.000000 0.000000 0.000000 0.000000 0.000000 0.000000 
50.000000 32.996028 19.059576 9.615719 4.251276 1.657585 0.574297 0.178189 0.049882 0.012686 0.002950 0.000631 0.000125 0.000023 0.000004 0.000001 0.000000 0.000000 0.000000 0.000000 0.000000 0.000000 0.000000 0.000000 0.000000 0.000000 0.000000 0.000000 0.000000 0.000000 0.000000 0.000000 0.000000 0.000000 0.000000 0.000000 0.000000 0.000000 0.000000 0.000000 0.000000 0.000000 0.000000 0.000000 0.000000 0.000000 0.000000 0.000000 0.000000 0.000000 
50.000000 32.996028 19.059576 9.615719 4.251276 1.657585 0.574297 0.178189 0.049882 0.012686 0.002950 0.000631 0.000125 0.000023 0.000004 0.000001 0.000000 0.000000 0.000000 0.000000 0.000000 0.000000 0.000000 0.000000 0.000000 0.000000 0.000000 0.000000 0.000000 0.000000 0.000000 0.000000 0.000000 0.000000 0.000000 0.000000 0.000000 0.000000 0.000000 0.000000 0.000000 0.000000 0.000000 0.000000 0.000000 0.000000 0.000000 0.000000 0.000000 0.000000 
50.000000 32.996028 19.059576 9.615719 4.251276 1.657585 0.574297 0.178189 0.049882 0.012686 0.002950 0.000631 0.000125 0.000023 0.000004 0.000001 0.000000 0.000000 0.000000 0.000000 0.000000 0.000000 0.000000 0.000000 0.000000 0.000000 0.000000 0.000000 0.000000 0.000000 0.000000 0.000000 0.000000 0.000000 0.000000 0.000000 0.000000 0.000000 0.000000 0.000000 0.000000 0.000000 0.000000 0.000000 0.000000 0.000000 0.000000 0.000000 0.000000 0.000000 
50.000000 32.996028 19.059576 9.615719 4.251276 1.657585 0.574297 0.178189 0.049882 0.012686 0.002950 0.000631 0.000125 0.000023 0.000004 0.000001 0.000000 0.000000 0.000000 0.000000 0.000000 0.000000 0.000000 0.000000 0.000000 0.000000 0.000000 0.000000 0.000000 0.000000 0.000000 0.000000 0.000000 0.000000 0.000000 0.000000 0.000000 0.000000 0.000000 0.000000 0.000000 0.000000 0.000000 0.000000 0.000000 0.000000 0.000000 0.000000 0.000000 0.000000 
50.000000 32.996028 19.059576 9.615719 4.251276 1.657585 0.574297 0.178189 0.049882 0.012686 0.002950 0.000631 0.000125 0.000023 0.000004 0.000001 0.000000 0.000000 0.000000 0.000000 0.000000 0.000000 0.000000 0.000000 0.000000 0.000000 0.000000 0.000000 0.000000 0.000000 0.000000 0.000000 0.000000 0.000000 0.000000 0.000000 0.000000 0.000000 0.000000 0.000000 0.000000 0.000000 0.000000 0.000000 0.000000 0.000000 0.000000 0.000000 0.000000 0.000000 
50.000000 32.996028 19.059576 9.615719 4.251276 1.657585 0.574297 0.178189 0.049882 0.012686 0.002950 0.000631 0.000125 0.000023 0.000004 0.000001 0.000000 0.000000 0.000000 0.000000 0.000000 0.000000 0.000000 0.000000 0.000000 0.000000 0.000000 0.000000 0.000000 0.000000 0.000000 0.000000 0.000000 0.000000 0.000000 0.000000 0.000000 0.000000 0.000000 0.000000 0.000000 0.000000 0.000000 0.000000 0.000000 0.000000 0.000000 0.000000 0.000000 0.000000 
50.000000 32.996028 19.059576 9.615719 4.251276 1.657585 0.574297 0.178189 0.049882 0.012686 0.002950 0.000631 0.000125 0.000023 0.000004 0.000001 0.000000 0.000000 0.000000 0.000000 0.000000 0.000000 0.000000 0.000000 0.000000 0.000000 0.000000 0.000000 0.000000 0.000000 0.000000 0.000000 0.000000 0.000000 0.000000 0.000000 0.000000 0.000000 0.000000 0.000000 0.000000 0.000000 0.000000 0.000000 0.000000 0.000000 0.000000 0.000000 0.000000 0.000000 
50.000000 32.996028 19.059576 9.615719 4.251276 1.657585 0.574297 0.178189 0.049882 0.012686 0.002950 0.000631 0.000125 0.000023 0.000004 0.000001 0.000000 0.000000 0.000000 0.000000 0.000000 0.000000 0.000000 0.000000 0.000000 0.000000 0.000000 0.000000 0.000000 0.000000 0.000000 0.000000 0.000000 0.000000 0.000000 0.000000 0.000000 0.000000 0.000000 0.000000 0.000000 0.000000 0.000000 0.000000 0.000000 0.000000 0.000000 0.000000 0.000000 0.000000 
50.000000 32.996028 19.059576 9.615719 4.251276 1.657585 0.574297 0.178189 0.049882 0.012686 0.002950 0.000631 0.000125 0.000023 0.000004 0.000001 0.000000 0.000000 0.000000 0.000000 0.000000 0.000000 0.000000 0.000000 0.000000 0.000000 0.000000 0.000000 0.000000 0.000000 0.000000 0.000000 0.000000 0.000000 0.000000 0.000000 0.000000 0.000000 0.000000 0.000000 0.000000 0.000000 0.000000 0.000000 0.000000 0.000000 0.000000 0.000000 0.000000 0.000000 
50.000000 32.996028 19.059576 9.615719 4.251276 1.657585 0.574297 0.178189 0.049882 0.012686 0.002950 0.000631 0.000125 0.000023 0.000004 0.000001 0.000000 0.000000 0.000000 0.000000 0.000000 0.000000 0.000000 0.000000 0.000000 0.000000 0.000000 0.000000 0.000000 0.000000 0.000000 0.000000 0.000000 0.000000 0.000000 0.000000 0.000000 0.000000 0.000000 0.000000 0.000000 0.000000 0.000000 0.000000 0.000000 0.000000 0.000000 0.000000 0.000000 0.000000 
50.000000 32.996028 19.059576 9.615719 4.251276 1.657585 0.574297 0.178189 0.049882 0.012686 0.002950 0.000631 0.000125 0.000023 0.000004 0.000001 0.000000 0.000000 0.000000 0.000000 0.000000 0.000000 0.000000 0.000000 0.000000 0.000000 0.000000 0.000000 0.000000 0.000000 0.000000 0.000000 0.000000 0.000000 0.000000 0.000000 0.000000 0.000000 0.000000 0.000000 0.000000 0.000000 0.000000 0.000000 0.000000 0.000000 0.000000 0.000000 0.000000 0.000000 
50.000000 32.996028 19.059576 9.615719 4.251276 1.657585 0.574298 0.178189 0.049882 0.012686 0.002950 0.000631 0.000125 0.000023 0.000004 0.000001 0.000000 0.000000 0.000000 0.000000 0.000000 0.000000 0.000000 0.000000 0.000000 0.000000 0.000000 0.000000 0.000000 0.000000 0.000000 0.000000 0.000000 0.000000 0.000000 0.000000 0.000000 0.000000 0.000000 0.000000 0.000000 0.000000 0.000000 0.000000 0.000000 0.000000 0.000000 0.000000 0.000000 0.000000 
50.000000 32.996028 19.059576 9.615719 4.251276 1.657585 0.574298 0.178189 0.049882 0.012686 0.002950 0.000631 0.000125 0.000023 0.000004 0.000001 0.000000 0.000000 0.000000 0.000000 0.000000 0.000000 0.000000 0.000000 0.000000 0.000000 0.000000 0.000000 0.000000 0.000000 0.000000 0.000000 0.000000 0.000000 0.000000 0.000000 0.000000 0.000000 0.000000 0.000000 0.000000 0.000000 0.000000 0.000000 0.000000 0.000000 0.000000 0.000000 0.000000 0.000000 
50.000000 32.996028 19.059576 9.615719 4.251276 1.657585 0.574298 0.178189 0.049882 0.012687 0.002950 0.000631 0.000125 0.000023 0.000004 0.000001 0.000000 0.000000 0.000000 0.000000 0.000000 0.000000 0.000000 0.000000 0.000000 0.000000 0.000000 0.000000 0.000000 0.000000 0.000000 0.000000 0.000000 0.000000 0.000000 0.000000 0.000000 0.000000 0.000000 0.000000 0.000000 0.000000 0.000000 0.000000 0.000000 0.000000 0.000000 0.000000 0.000000 0.000000 
50.000000 32.996028 19.059576 9.615720 4.251276 1.657585 0.574298 0.178189 0.049883 0.012687 0.002950 0.000631 0.000125 0.000023 0.000005 0.000001 0.000001 0.000001 0.000001 0.000001 0.000001 0.000001 0.000001 0.000001 0.000001 0.000001 0.000001 0.000001 0.000001 0.000001 0.000001 0.000001 0.000001 0.000001 0.000001 0.000001 0.000001 0.000001 0.000001 0.000001 0.000001 0.000001 0.000001 0.000001 0.000001 0.000001 0.000001 0.000000 0.000000 0.000000 
50.000000 32.996029 19.059578 9.615722 4.251279 1.657589 0.574301 0.178193 0.049886 0.012690 0.002954 0.000635 0.000129 0.000027 0.000008 0.000005 0.000004 0.000004 0.000004 0.000004 0.000004 0.000004 0.000004 0.000004 0.000004 0.000004 0.000004 0.000004 0.000004 0.000004 0.000004 0.000004 0.000004 0.000004 0.000004 0.000004 0.000004 0.000004 0.000004 0.000004 0.000004 0.000004 0.000004 0.000004 0.000004 0.000004 0.000003 0.000003 0.000001 0.000000 
50.000000 32.996036 19.059590 9.615738 4.251297 1.657607 0.574320 0.178212 0.049905 0.012709 0.002973 0.000653 0.000147 0.000046 0.000027 0.000023 0.000023 0.000023 0.000023 0.000023 0.000023 0.000023 0.000023 0.000023 0.000023 0.000023 0.000023 0.000023 0.000023 0.000023 0.000023 0.000023 0.000023 0.000023 0.000023 0.000023 0.000023 0.000023 0.000023 0.000023 0.000023 0.000023 0.000023 0.000023 0.000022 0.000021 0.000019 0.000015 0.000008 0.000000 
50.000000 32.996071 19.059654 9.615821 4.251390 1.657706 0.574421 0.178313 0.050007 0.012811 0.003074 0.000755 0.000249 0.000147 0.000129 0.000125 0.000125 0.000125 0.000125 0.000125 0.000125 0.000125 0.000125 0.000125 0.000125 0.000125 0.000125 0.000125 0.000125 0.000125 0.000125 0.000125 0.000125 0.000125 0.000125 0.000125 0.000125 0.000125 0.000125 0.000125 0.000125 0.000125 0.000124 0.000124 0.000122 0.000116 0.000104 0.000081 0.000046 0.000000 
50.000000 32.996245 19.059970 9.616232 4.251855 1.658196 0.574922 0.178817 0.050512 0.013317 0.003580 0.001261 0.000755 0.000653 0.000635 0.000631 0.000631 0.000631 0.000631 0.000631 0.000631 0.000631 0.000631 0.000631 0.000631 0.000631 0.000631 0.000631 0.000631 0.000631 0.000631 0.000631 0.000631 0.000631 0.000631 0.000631 0.000631 0.000631 0.000631 0.000631 0.000631 0.000630 0.000629 0.000626 0.000616 0.000590 0.000529 0.000414 0.000231 0.000000 
50.000000 32.997043 19.061418 9.618117 4.253985 1.660442 0.577216 0.181129 0.052830 0.015636 0.005900 0.003580 0.003074 0.002973 0.002954 0.002950 0.002950 0.002950 0.002950 0.002950 0.002950 0.002950 0.002950 0.002950 0.002950 0.002950 0.002950 0.002950 0.002950 0.002950 0.002950 0.002950 0.002950 0.002950 0.002950 0.002950 0.002950 0.002950 0.002950 0.002950 0.002949 0.002948 0.002944 0.002929 0.002883 0.002761 0.002483 0.001945 0.001090 0.000000 
50.000000 33.000387 19.067490 9.626024 4.262923 1.669872 0.586848 0.190834 0.062557 0.025370 0.015636 0.013317 0.012811 0.012709 0.012690 0.012687 0.012687 0.012686 0.012686 0.012686 0.012686 0.012686 0.012686 0.012686 0.012686 0.012686 0.012686 0.012686 0.012686 0.012686 0.012686 0.012686 0.012686 0.012686 0.012686 0.012686 0.012686 0.012686 0.012686 0.012686 0.012685 0.012680 0.012662 0.012600 0.012409 0.011898 0.010717 0.008417 0.004728 0.000000 
50.000000 33.013138 19.090657 9.656201 4.297047 1.705884 0.623639 0.227906 0.099719 0.062557 0.052830 0.050512 0.050007 0.049905 0.049886 0.049883 0.049882 0.049882 0.049882 0.049882 0.049882 0.049882 0.049882 0.049882 0.049882 0.049882 0.049882 0.049882 0.049882 0.049882 0.049882 0.049882 0.049882 0.049882 0.049882 0.049882 0.049882 0.049882 0.049882 0.049881 0.049877 0.049860 0.049792 0.049558 0.048838 0.046890 0.042342 0.033372 0.018815 0.000000 
50.000000 33.057056 19.170468 9.760208 4.414698 1.830074 0.750534 0.355779 0.227906 0.190834 0.181129 0.178817 0.178313 0.178212 0.178193 0.178189 0.178189 0.178189 0.178189 0.178189 0.178189 0.178189 0.178189 0.178189 0.178189 0.178189 0.178189 0.178189 0.178189 0.178189 0.178189 0.178189 0.178189 0.178189 0.178189 0.178189 0.178189 0.178189 0.178188 0.178185 0.178172 0.178114 0.177889 0.177107 0.174672 0.168007 0.152220 0.120558 0.068327 0.000000 
50.000000 33.192439 19.416570 10.081031 4.777731 2.213379 1.142241 0.750534 0.623639 0.586848 0.577216 0.574922 0.574421 0.574320 0.574301 0.574298 0.574298 0.574298 0.574298 0.574297 0.574297 0.574297 0.574297 0.574297 0.574297 0.574297 0.574297 0.574297 0.574297 0.574297 0.574297 0.574297 0.574297 0.574297 0.574297 0.574297 0.574297 0.574297 0.574295 0.574287 0.574248 0.574081 0.573427 0.571121 0.563852 0.543630 0.494788 0.394604 0.225400 0.000000 
50.000000 33.562168 20.088855 10.957743 5.770101 3.261400 2.213379 1.830074 1.705884 1.669872 1.660442 1.658196 1.657706 1.657607 1.657589 1.657585 1.657585 1.657585 1.657585 1.657585 1.657585 1.657585 1.657585 1.657585 1.657585 1.657585 1.657585 1.657585 1.657585 1.657585 1.657585 1.657585 1.657585 1.657585 1.657585 1.657585 1.657585 1.657584 1.657580 1.657559 1.657463 1.657046 1.655402 1.649527 1.630700 1.577211 1.444588 1.163853 0.673015 0.000000 
50.000000 34.446260 21.696825 13.055326 8.145090 5.770101 4.777731 4.414698 4.297047 4.262923 4.253985 4.251855 4.251390 4.251297 4.251279 4.251276 4.251276 4.251276 4.251276 4.251276 4.251276 4.251276 4.251276 4.251276 4.251276 4.251276 4.251276 4.251276 4.251276 4.251276 4.251276 4.251276 4.251276 4.251276 4.251276 4.251276 4.251275 4.251274 4.251266 4.251224 4.251025 4.250157 4.246690 4.234100 4.192890 4.072545 3.763368 3.078890 1.817171 0.000000 
50.000000 36.272708 25.019480 17.390917 13.055326 10.957743 10.081031 9.760208 9.656201 9.626024 9.618117 9.616232 9.615821 9.615738 9.615722 9.615720 9.615719 9.615719 9.615719 9.615719 9.615719 9.615719 9.615719 9.615719 9.615719 9.615719 9.615719 9.615719 9.615719 9.615719 9.615719 9.615719 9.615719 9.615719 9.615719 9.615719 9.615719 9.615716 9.615703 9.615635 9.615307 9.613859 9.607988 9.586243 9.513156 9.291958 8.695459 7.285854 4.459135 0.000000 
50.000000 39.485039 30.864402 25.019480 21.696825 20.088855 19.416570 19.170468 19.090657 19.067490 19.061418 19.059970 19.059654 19.059590 19.059578 19.059576 19.059576 19.059576 19.059576 19.059576 19.059576 19.059576 19.059576 19.059576 19.059576 19.059576 19.059576 19.059576 19.059576 19.059576 19.059576 19.059576 19.059576 19.059576 19.059576 19.059575 19.059575 19.059572 19.059556 19.059473 19.059073 19.057285 19.049910 19.021966 18.925002 18.617935 17.733626 15.432201 10.119396 0.000000 
50.000000 44.222245 39.485039 36.272708 34.446260 33.562168 33.192439 33.057056 33.013138 33.000387 32.997043 32.996245 32.996071 32.996036 32.996029 32.996028 32.996028 32.996028 32.996028 32.996028 32.996028 32.996028 32.996028 32.996028 32.996028 32.996028 32.996028 32.996028 32.996028 32.996028 32.996028 32.996028 32.996028 32.996028 32.996028 32.996028 32.996028 32.996026 32.996014 32.995953 32.995658 32.994323 32.988729 32.967039 32.889153 32.629089 31.813574 29.365643 22.111123 0.000000 
50.000000 50.000000 50.000000 50.000000 50.000000 50.000000 50.000000 50.000000 50.000000 50.000000 50.000000 50.000000 50.000000 50.000000 50.000000 50.000000 50.000000 50.000000 50.000000 50.000000 50.000000 50.000000 50.000000 50.000000 50.000000 50.000000 50.000000 50.000000 50.000000 50.000000 50.000000 50.000000 50.000000 50.000000 50.000000 50.000000 50.000000 50.000000 50.000000 50.000000 50.000000 50.000000 50.000000 50.000000 50.000000 50.000000 50.000000 50.000000 50.000000 50.000000 
