50.000000 50.000000 50.000000 50.000000 50.000000 50.000000 50.000000 50.000000 50.000000 50.000000 50.000000 50.000000 50.000000 50.000000 50.000000 50.000000 50.000000 50.000000 50.000000 50.000000 50.000000 50.000000 50.000000 50.000000 50.000000 50.000000 50.000000 50.000000 50.000000 50.000000 50.000000 50.000000 50.000000 50.000000 50.000000 50.000000 50.000000 50.000000 50.000000 50.000000 50.000000 50.000000 50.000000 50.000000 50.000000 50.000000 50.000000 50.000000 50.000000 50.000000 
50.000000 48.659966 47.376289 46.198221 45.162302 44.289286 43.583961 43.037467 42.631215 42.341329 42.142670 42.011847 41.929012 41.878548 41.848951 41.832227 41.823118 41.818331 41.815902 41.814712 41.814148 41.813890 41.813775 41.813726 41.813706 41.813697 41.813693 41.813689 41.813681 41.813664 41.813624 41.813531 41.813320 41.812858 41.811873 41.809826 41.805686 41.797528 41.781842 41.752366 41.698098 41.599867 41.424193 41.111550 40.552010 39.529154 37.575672 33.556693 24.329983 0.000000 
50.000000 47.376289 44.862922 42.556337 40.528075 38.818772 37.437801 36.367813 35.572411 35.004846 34.615897 34.359763 34.197584 34.098784 34.040838 34.008097 33.990263 33.980891 33.976137 33.973807 33.972703 33.972197 33.971973 33.971877 33.971836 33.971819 33.971811 33.971803 33.971790 33.971758 33.971683 33.971510 33.971121 33.970268 33.968449 33.964681 33.957079 33.942144 33.913544 33.860082 33.762346 33.587160 33.278232 32.739877 31.807536 30.192403 27.376736 22.431461 13.819596 0.000000 
50.000000 46.198221 42.556337 39.214090 36.275144 33.798380 31.797378 30.246996 29.094492 28.272122 27.708561 27.337446 27.102465 26.959317 26.875361 26.827925 26.802086 26.788508 26.781621 26.778245 26.776647 26.775914 26.775589 26.775449 26.775391 26.775366 26.775354 26.775344 26.775326 26.775284 26.775185 26.774957 26.774443 26.773320 26.770935 26.766005 26.756100 26.736734 26.699874 26.631509 26.507802 26.289081 25.910536 25.267928 24.195975 22.437481 19.607045 15.179601 8.622549 0.000000 
50.000000 45.162302 40.528075 36.275144 32.535421 29.383833 26.837654 24.864885 23.398408 22.352015 21.634944 21.162747 20.863767 20.681636 20.574818 20.514466 20.481592 20.464318 20.455555 20.451262 20.449227 20.448295 20.447882 20.447704 20.447630 20.447599 20.447584 20.447572 20.447551 20.447504 20.447394 20.447138 20.446566 20.445319 20.442676 20.437239 20.426367 20.405240 20.365328 20.291997 20.160890 19.932659 19.545608 18.906021 17.876801 16.267711 13.837663 10.335673 5.633149 0.000000 
50.000000 44.289286 38.818772 33.798380 29.383833 25.663574 22.657992 20.329306 18.598275 17.363130 16.516724 15.959368 15.606476 15.391506 15.265432 15.194201 15.155403 15.135016 15.124675 15.119608 15.117208 15.116108 15.115620 15.115410 15.115322 15.115286 15.115269 15.115256 15.115235 15.115188 15.115077 15.114823 15.114254 15.113017 15.110408 15.105065 15.094441 15.073937 15.035521 14.965657 14.842325 14.631010 14.279747 13.713810 12.831787 11.507032 9.602405 7.011236 3.737276 0.000000 
50.000000 43.583961 37.437801 31.797378 26.837654 22.657992 19.281293 16.665101 14.720378 13.332779 12.381917 11.755788 11.359360 11.117875 10.976254 10.896240 10.852660 10.829761 10.818146 10.812454 10.809758 10.808523 10.807975 10.807740 10.807641 10.807601 10.807582 10.807569 10.807550 10.807506 10.807405 10.807172 10.806654 10.805533 10.803178 10.798379 10.788895 10.770720 10.736961 10.676199 10.570276 10.391545 10.099935 9.640647 8.944182 7.931633 6.529451 4.697924 2.472411 0.000000 
50.000000 43.037467 36.367813 30.246996 24.864885 20.329306 16.665101 13.826188 11.715937 10.210252 9.178489 8.499100 8.068960 7.806944 7.653286 7.566475 7.519192 7.494349 7.481748 7.475574 7.472649 7.471309 7.470715 7.470459 7.470353 7.470309 7.470290 7.470277 7.470260 7.470222 7.470136 7.469939 7.469502 7.468559 7.466587 7.462590 7.454739 7.439803 7.412295 7.363282 7.278858 7.138414 6.913094 6.565166 6.049559 5.319277 4.336461 3.089581 1.613274 0.000000 
50.000000 42.631215 35.572411 29.094492 23.398408 18.598275 14.720378 11.715937 9.482671 7.889237 6.797362 6.078403 5.623219 5.345953 5.183356 5.091495 5.041465 5.015178 5.001845 4.995312 4.992218 4.990800 4.990171 4.989901 4.989788 4.989742 4.989723 4.989711 4.989697 4.989667 4.989598 4.989442 4.989096 4.988354 4.986808 4.983692 4.977608 4.966116 4.945125 4.908079 4.844972 4.741336 4.577523 4.328833 3.967265 3.465748 2.805411 1.985250 1.031347 0.000000 
50.000000 42.341329 35.004846 28.272122 22.352015 17.363130 13.332779 10.210252 7.889237 6.233216 5.098469 4.351293 3.878251 3.590114 3.421144 3.325685 3.273696 3.246381 3.232526 3.225738 3.222523 3.221050 3.220397 3.220116 3.219999 3.219951 3.219931 3.219921 3.219909 3.219886 3.219835 3.219718 3.219461 3.218910 3.217769 3.215480 3.211038 3.202703 3.187595 3.161169 3.116608 3.044266 2.931394 2.762503 2.520805 2.191125 1.764320 1.242500 0.643231 0.000000 
50.000000 42.142670 34.615897 27.708561 21.634944 16.516724 12.381917 9.178489 6.797362 5.098469 3.934359 3.167860 2.682591 2.387010 2.213678 2.115757 2.062427 2.034408 2.020198 2.013235 2.009937 2.008426 2.007756 2.007468 2.007348 2.007300 2.007280 2.007270 2.007261 2.007244 2.007207 2.007125 2.006943 2.006557 2.005760 2.004168 2.001096 1.995368 1.985062 1.967180 1.937299 1.889283 1.815206 1.705718 1.551067 1.342947 1.077052 0.755815 0.390304 0.000000 
50.000000 42.011847 34.359763 27.337446 21.162747 15.959368 11.755788 8.499100 6.078403 4.351293 3.167860 2.388644 1.895331 1.594854 1.418653 1.319112 1.264901 1.236420 1.221975 1.214898 1.211546 1.210010 1.209329 1.209036 1.208914 1.208865 1.208845 1.208836 1.208829 1.208817 1.208792 1.208737 1.208615 1.208358 1.207828 1.206776 1.204756 1.201013 1.194322 1.182798 1.163697 1.133279 1.086805 1.018827 0.923847 0.797419 0.637572 0.446219 0.230005 0.000000 
50.000000 41.929012 34.197584 27.102465 20.863767 15.606476 11.359360 8.068960 5.623219 3.878251 2.682591 1.895331 1.396930 1.093356 0.915341 0.814776 0.760008 0.731235 0.716641 0.709492 0.706105 0.704554 0.703866 0.703570 0.703447 0.703397 0.703377 0.703369 0.703363 0.703356 0.703340 0.703304 0.703227 0.703063 0.702728 0.702065 0.700799 0.698465 0.694318 0.687223 0.675549 0.657103 0.629157 0.588641 0.532540 0.458528 0.365731 0.255440 0.131484 0.000000 
50.000000 41.878548 34.098784 26.959317 20.681636 15.391506 11.117875 7.806944 5.345953 3.590114 2.387010 1.594854 1.093356 0.787898 0.608779 0.507592 0.452485 0.423534 0.408851 0.401657 0.398250 0.396689 0.395997 0.395699 0.395575 0.395525 0.395505 0.395497 0.395493 0.395488 0.395478 0.395456 0.395409 0.395309 0.395107 0.394708 0.393949 0.392557 0.390098 0.385914 0.379076 0.368345 0.352205 0.328980 0.297065 0.255269 0.203217 0.141706 0.072862 0.000000 
50.000000 41.848951 34.040838 26.875361 20.574818 15.265432 10.976254 7.653286 5.183356 3.421144 2.213678 1.418653 0.915341 0.608779 0.429014 0.327462 0.272158 0.243102 0.228366 0.221147 0.217728 0.216161 0.215466 0.215168 0.215044 0.214993 0.214974 0.214966 0.214962 0.214958 0.214952 0.214940 0.214912 0.214854 0.214737 0.214507 0.214071 0.213276 0.211877 0.209511 0.205664 0.199664 0.190696 0.177875 0.160367 0.137579 0.109356 0.076158 0.039125 0.000000 
50.000000 41.832227 34.008097 26.827925 20.514466 15.194201 10.896240 7.566475 5.091495 3.325685 2.115757 1.319112 0.814776 0.507592 0.327462 0.225705 0.170288 0.141174 0.126409 0.119175 0.115749 0.114179 0.113483 0.113184 0.113059 0.113009 0.112989 0.112981 0.112978 0.112976 0.112972 0.112965 0.112950 0.112918 0.112852 0.112725 0.112485 0.112048 0.111284 0.109997 0.107916 0.104687 0.099887 0.093062 0.083793 0.071789 0.056990 0.039648 0.020355 0.000000 
50.000000 41.823118 33.990263 26.802086 20.481592 15.155403 10.852660 7.519192 5.041465 3.273696 2.062427 1.264901 0.760008 0.452485 0.272158 0.170288 0.114811 0.085665 0.070884 0.063642 0.060212 0.058640 0.057944 0.057644 0.057520 0.057469 0.057449 0.057442 0.057439 0.057437 0.057435 0.057431 0.057423 0.057406 0.057371 0.057303 0.057176 0.056946 0.056544 0.055870 0.054786 0.053111 0.050633 0.047126 0.042386 0.036273 0.028766 0.019995 0.010259 0.000000 
50.000000 41.818331 33.980891 26.788508 20.464318 15.135016 10.829761 7.494349 5.015178 3.246381 2.034408 1.236420 0.731235 0.423534 0.243102 0.141174 0.085665 0.056503 0.041713 0.034467 0.031035 0.029463 0.028765 0.028466 0.028341 0.028291 0.028271 0.028263 0.028260 0.028259 0.028258 0.028256 0.028251 0.028243 0.028225 0.028190 0.028125 0.028008 0.027805 0.027465 0.026920 0.026082 0.024847 0.023107 0.020763 0.017752 0.014065 0.009770 0.005011 0.000000 
50.000000 41.815902 33.976137 26.781621 20.455555 15.124675 10.818146 7.481748 5.001845 3.232527 2.020198 1.221975 0.716642 0.408851 0.228366 0.126409 0.070884 0.041713 0.026918 0.019670 0.016237 0.014665 0.013967 0.013668 0.013543 0.013492 0.013473 0.013465 0.013462 0.013461 0.013460 0.013459 0.013457 0.013453 0.013444 0.013427 0.013395 0.013338 0.013238 0.013073 0.012809 0.012403 0.011809 0.010974 0.009853 0.008417 0.006664 0.004626 0.002372 0.000000 
50.000000 41.814712 33.973807 26.778246 20.451262 15.119608 10.812454 7.475574 4.995312 3.225739 2.013235 1.214898 0.709492 0.401657 0.221147 0.119175 0.063642 0.034467 0.019670 0.012421 0.008988 0.007415 0.006717 0.006418 0.006293 0.006243 0.006223 0.006215 0.006212 0.006211 0.006211 0.006210 0.006209 0.006207 0.006203 0.006195 0.006180 0.006152 0.006106 0.006028 0.005904 0.005715 0.005438 0.005050 0.004531 0.003868 0.003061 0.002124 0.001088 0.000000 
50.000000 41.814149 33.972703 26.776647 20.449228 15.117208 10.809759 7.472650 4.992218 3.222524 2.009938 1.211546 0.706106 0.398250 0.217728 0.115749 0.060212 0.031035 0.016238 0.008988 0.005555 0.003982 0.003284 0.002984 0.002860 0.002809 0.002789 0.002782 0.002779 0.002778 0.002778 0.002777 0.002777 0.002776 0.002774 0.002770 0.002763 0.002751 0.002729 0.002694 0.002638 0.002552 0.002428 0.002253 0.002020 0.001724 0.001363 0.000946 0.000484 0.000000 
50.000000 41.813890 33.972198 26.775915 20.448296 15.116109 10.808524 7.471310 4.990802 3.221052 2.008428 1.210011 0.704555 0.396690 0.216163 0.114180 0.058642 0.029464 0.014666 0.007416 0.003983 0.002409 0.001712 0.001412 0.001287 0.001237 0.001217 0.001210 0.001207 0.001206 0.001206 0.001205 0.001205 0.001205 0.001204 0.001202 0.001199 0.001194 0.001184 0.001169 0.001144 0.001106 0.001052 0.000976 0.000875 0.000746 0.000590 0.000409 0.000209 0.000000 
50.000000 41.813776 33.971975 26.775591 20.447885 15.115623 10.807979 7.470718 4.990175 3.220401 2.007760 1.209333 0.703870 0.396001 0.215471 0.113487 0.057948 0.028770 0.013971 0.006721 0.003288 0.001715 0.001017 0.000717 0.000593 0.000542 0.000522 0.000515 0.000512 0.000511 0.000511 0.000511 0.000511 0.000510 0.000510 0.000509 0.000508 0.000506 0.000501 0.000495 0.000484 0.000468 0.000445 0.000413 0.000370 0.000315 0.000249 0.000173 0.000088 0.000000 
50.000000 41.813728 33.971881 26.775455 20.447711 15.115419 10.807749 7.470469 4.989912 3.220127 2.007480 1.209048 0.703582 0.395711 0.215180 0.113196 0.057656 0.028478 0.013679 0.006429 0.002996 0.001422 0.000725 0.000425 0.000300 0.000250 0.000230 0.000223 0.000220 0.000219 0.000219 0.000219 0.000218 0.000218 0.000218 0.000218 0.000217 0.000216 0.000215 0.000212 0.000207 0.000200 0.000190 0.000176 0.000158 0.000134 0.000106 0.000074 0.000038 0.000000 
50.000000 41.813711 33.971847 26.775406 20.447649 15.115345 10.807667 7.470380 4.989817 3.220029 2.007379 1.208945 0.703478 0.395607 0.215075 0.113091 0.057551 0.028373 0.013574 0.006324 0.002891 0.001317 0.000620 0.000320 0.000195 0.000145 0.000125 0.000118 0.000115 0.000114 0.000114 0.000114 0.000113 0.000113 0.000113 0.000113 0.000113 0.000112 0.000111 0.000110 0.000107 0.000104 0.000099 0.000091 0.000082 0.000070 0.000055 0.000038 0.000020 0.000000 
50.000000 41.813711 33.971847 26.775406 20.447649 15.115345 10.807667 7.470380 4.989817 3.220029 2.007379 1.208945 0.703478 0.395607 0.215075 0.113091 0.057551 0.028373 0.013574 0.006324 0.002891 0.001317 0.000620 0.000320 0.000195 0.000145 0.000125 0.000118 0.000115 0.000114 0.000114 0.000114 0.000113 0.000113 0.000113 0.000113 0.000113 0.000112 0.000111 0.000110 0.000107 0.000104 0.000099 0.000091 0.000082 0.000070 0.000055 0.000038 0.000020 0.000000 
50.000000 41.813728 33.971881 26.775455 20.447711 15.115419 10.807749 7.470469 4.989912 3.220127 2.007480 1.209048 0.703582 0.395711 0.215180 0.113196 0.057656 0.028478 0.013679 0.006429 0.002996 0.001422 0.000725 0.000425 0.000300 0.000250 0.000230 0.000223 0.000220 0.000219 0.000219 0.000219 0.000218 0.000218 0.000218 0.000218 0.000217 0.000216 0.000215 0.000212 0.000207 0.000200 0.000190 0.000176 0.000158 0.000134 0.000106 0.000074 0.000038 0.000000 
50.000000 41.813776 33.971975 26.775591 20.447885 15.115623 10.807979 7.470718 4.990175 3.220401 2.007760 1.209333 0.703870 0.396001 0.215471 0.113487 0.057948 0.028770 0.013971 0.006721 0.003288 0.001715 0.001017 0.000717 0.000593 0.000542 0.000522 0.000515 0.000512 0.000511 0.000511 0.000511 0.000511 0.000510 0.000510 0.000509 0.000508 0.000506 0.000501 0.000495 0.000484 0.000468 0.000445 0.000413 0.000370 0.000315 0.000249 0.000173 0.000088 0.000000 
50.000000 41.813890 33.972198 26.775915 20.448296 15.116109 10.808524 7.471310 4.990802 3.221052 2.008428 1.210011 0.704555 0.396690 0.216163 0.114180 0.058642 0.029464 0.014666 0.007416 0.003983 0.002409 0.001712 0.001412 0.001287 0.001237 0.001217 0.001210 0.001207 0.001206 0.001206 0.001205 0.001205 0.001205 0.001204 0.001202 0.001199 0.001194 0.001184 0.001169 0.001144 0.001106 0.001052 0.000976 0.000875 0.000746 0.000590 0.000409 0.000209 0.000000 
50.000000 41.814149 33.972703 26.776647 20.449228 15.117208 10.809759 7.472650 4.992218 3.222524 2.009938 1.211546 0.706106 0.398250 0.217728 0.115749 0.060212 0.031035 0.016238 0.008988 0.005555 0.003982 0.003284 0.002984 0.002860 0.002809 0.002789 0.002782 0.002779 0.002778 0.002778 0.002777 0.002777 0.002776 0.002774 0.002770 0.002763 0.002751 0.002729 0.002694 0.002638 0.002552 0.002428 0.002253 0.002020 0.001724 0.001363 0.000946 0.000484 0.000000 
50.000000 41.814712 33.973807 26.778246 20.451262 15.119608 10.812454 7.475574 4.995312 3.225739 2.013235 1.214898 0.709492 0.401657 0.221147 0.119175 0.063642 0.034467 0.019670 0.012421 0.008988 0.007415 0.006717 0.006418 0.006293 0.006243 0.006223 0.006215 0.006212 0.006211 0.006211 0.006210 0.006209 0.006207 0.006203 0.006195 0.006180 0.006152 0.006106 0.006028 0.005904 0.005715 0.005438 0.005050 0.004531 0.003868 0.003061 0.002124 0.001088 0.000000 
50.000000 41.815902 33.976137 26.781621 20.455555 15.124675 10.818146 7.481748 5.001845 3.232527 2.020198 1.221975 0.716642 0.408851 0.228366 0.126409 0.070884 0.041713 0.026918 0.019670 0.016237 0.014665 0.013967 0.013668 0.013543 0.013492 0.013473 0.013465 0.013462 0.013461 0.013460 0.013459 0.013457 0.013453 0.013444 0.013427 0.013395 0.013338 0.013238 0.013073 0.012809 0.012403 0.011809 0.010974 0.009853 0.008417 0.006664 0.004626 0.002372 0.000000 
50.000000 41.818331 33.980891 26.788508 20.464318 15.135016 10.829761 7.494349 5.015178 3.246381 2.034408 1.236420 0.731235 0.423534 0.243102 0.141174 0.085665 0.056503 0.041713 0.034467 0.031035 0.029463 0.028765 0.028466 0.028341 0.028291 0.028271 0.028263 0.028260 0.028259 0.028258 0.028256 0.028251 0.028243 0.028225 0.028190 0.028125 0.028008 0.027805 0.027465 0.026920 0.026082 0.024847 0.023107 0.020763 0.017752 0.014065 0.009770 0.005011 0.000000 
50.000000 41.823118 33.990263 26.802086 20.481592 15.155403 10.852660 7.519192 5.041465 3.273696 2.062427 1.264901 0.760008 0.452485 0.272158 0.170288 0.114811 0.085665 0.070884 0.063642 0.060212 0.058640 0.057944 0.057644 0.057520 0.057469 0.057449 0.057442 0.057439 0.057437 0.057435 0.057431 0.057423 0.057406 0.057371 0.057303 0.057176 0.056946 0.056544 0.055870 0.054786 0.053111 0.050633 0.047126 0.042386 0.036273 0.028766 0.019995 0.010259 0.000000 
50.000000 41.832227 34.008097 26.827925 20.514466 15.194201 10.896240 7.566475 5.091495 3.325685 2.115757 1.319112 0.814776 0.507592 0.327462 0.225705 0.170288 0.141174 0.126409 0.119175 0.115749 0.114179 0.113483 0.113184 0.113059 0.113009 0.112989 0.112981 0.112978 0.112976 0.112972 0.112965 0.112950 0.112918 0.112852 0.112725 0.112485 0.112048 0.111284 0.109997 0.107916 0.104687 0.099887 0.093062 0.083793 0.071789 0.056990 0.039648 0.020355 0.000000 
50.000000 41.848951 34.040838 26.875361 20.574818 15.265432 10.976254 7.653286 5.183356 3.421144 2.213678 1.418653 0.915341 0.608779 0.429014 0.327462 0.272158 0.243102 0.228366 0.221147 0.217728 0.216161 0.215466 0.215168 0.215044 0.214993 0.214974 0.214966 0.214962 0.214958 0.214952 0.214940 0.214912 0.214854 0.214737 0.214507 0.214071 0.213276 0.211877 0.209511 0.205664 0.199664 0.190696 0.177875 0.160367 0.137579 0.109356 0.076158 0.039125 0.000000 
50.000000 41.878548 34.098784 26.959317 20.681636 15.391506 11.117875 7.806944 5.345953 3.590114 2.387010 1.594854 1.093356 0.787898 0.608779 0.507592 0.452485 0.423534 0.408851 0.401657 0.398250 0.396689 0.395997 0.395699 0.395575 0.395525 0.395505 0.395497 0.395493 0.395488 0.395478 0.395456 0.395409 0.395309 0.395107 0.394708 0.393949 0.392557 0.390098 0.385914 0.379076 0.368345 0.352205 0.328980 0.297065 0.255269 0.203217 0.141706 0.072862 0.000000 
50.000000 41.929012 34.197584 27.102465 20.863767 15.606476 11.359360 8.068960 5.623219 3.878251 2.682591 1.895331 1.396930 1.093356 0.915341 0.814776 0.760008 0.731235 0.716641 0.709492 0.706105 0.704554 0.703866 0.703570 0.703447 0.703397 0.703377 0.703369 0.703363 0.703356 0.703340 0.703304 0.703227 0.703063 0.702728 0.702065 0.700799 0.698465 0.694318 0.687223 0.675549 0.657103 0.629157 0.588641 0.532540 0.458528 0.365731 0.255440 0.131484 0.000000 
50.000000 42.011847 34.359763 27.337446 21.162747 15.959368 11.755788 8.499100 6.078403 4.351293 3.167860 2.388644 1.895331 1.594854 1.418653 1.319112 1.264901 1.236420 1.221975 1.214898 1.211546 1.210010 1.209329 1.209036 1.208914 1.208865 1.208845 1.208836 1.208829 1.208817 1.208792 1.208737 1.208615 1.208358 1.207828 1.206776 1.204756 1.201013 1.194322 1.182798 1.163697 1.133279 1.086805 1.018827 0.923847 0.797419 0.637572 0.446219 0.230005 0.000000 
50.000000 42.142670 34.615897 27.708561 21.634944 16.516724 12.381917 9.178489 6.797362 5.098469 3.934359 3.167860 2.682591 2.387010 2.213678 2.115757 2.062427 2.034408 2.020198 2.013235 2.009937 2.008426 2.007756 2.007468 2.007348 2.007300 2.007280 2.007270 2.007261 2.007244 2.007207 2.007125 2.006943 2.006557 2.005760 2.004168 2.001096 1.995368 1.985062 1.967180 1.937299 1.889283 1.815206 1.705718 1.551067 1.342947 1.077052 0.755815 0.390304 0.000000 
50.000000 42.341329 35.004846 28.272122 22.352015 17.363130 13.332779 10.210252 7.889237 6.233216 5.098469 4.351293 3.878251 3.590114 3.421144 3.325685 3.273696 3.246381 3.232526 3.225738 3.222523 3.221050 3.220397 3.220116 3.219999 3.219951 3.219931 3.219921 3.219909 3.219886 3.219835 3.219718 3.219461 3.218910 3.217769 3.215480 3.211038 3.202703 3.187595 3.161169 3.116608 3.044266 2.931394 2.762503 2.520805 2.191125 1.764320 1.242500 0.643231 0.000000 
50.000000 42.631215 35.572411 29.094492 23.398408 18.598275 14.720378 11.715937 9.482671 7.889237 6.797362 6.078403 5.623219 5.345953 5.183356 5.091495 5.041465 5.015178 5.001845 4.995312 4.992218 4.990800 4.990171 4.989901 4.989788 4.989742 4.989723 4.989711 4.989697 4.989667 4.989598 4.989442 4.989096 4.988354 4.986808 4.983692 4.977608 4.966116 4.945125 4.908079 4.844972 4.741336 4.577523 4.328833 3.967265 3.465748 2.805411 1.985250 1.031347 0.000000 
50.000000 43.037467 36.367813 30.246996 24.864885 20.329306 16.665101 13.826188 11.715937 10.210252 9.178489 8.499100 8.068960 7.806944 7.653286 7.566475 7.519192 7.494349 7.481748 7.475574 7.472649 7.471309 7.470715 7.470459 7.470353 7.470309 7.470290 7.470277 7.470260 7.470222 7.470136 7.469939 7.469502 7.468559 7.466587 7.462590 7.454739 7.439803 7.412295 7.363282 7.278858 7.138414 6.913094 6.565166 6.049559 5.319277 4.336461 3.089581 1.613274 0.000000 
50.000000 43.583961 37.437801 31.797378 26.837654 22.657992 19.281293 16.665101 14.720378 13.332779 12.381917 11.755788 11.359360 11.117875 10.976254 10.896240 10.852660 10.829761 10.818146 10.812454 10.809758 10.808523 10.807975 10.807740 10.807641 10.807601 10.807582 10.807569 10.807550 10.807506 10.807405 10.807172 10.806654 10.805533 10.803178 10.798379 10.788895 10.770720 10.736961 10.676199 10.570276 10.391545 10.099935 9.640647 8.944182 7.931633 6.529451 4.697924 2.472411 0.000000 
50.000000 44.289286 38.818772 33.798380 29.383833 25.663574 22.657992 20.329306 18.598275 17.363130 16.516724 15.959368 15.606476 15.391506 15.265432 15.194201 15.155403 15.135016 15.124675 15.119608 15.117208 15.116108 15.115620 15.115410 15.115322 15.115286 15.115269 15.115256 15.115235 15.115188 15.115077 15.114823 15.114254 15.113017 15.110408 15.105065 15.094441 15.073937 15.035521 14.965657 14.842325 14.631010 14.279747 13.713810 12.831787 11.507032 9.602405 7.011236 3.737276 0.000000 
50.000000 45.162302 40.528075 36.275144 32.535421 29.383833 26.837654 24.864885 23.398408 22.352015 21.634944 21.162747 20.863767 20.681636 20.574818 20.514466 20.481592 20.464318 20.455555 20.451262 20.449227 20.448295 20.447882 20.447704 20.447630 20.447599 20.447584 20.447572 20.447551 20.447504 20.447394 20.447138 20.446566 20.445319 20.442676 20.437239 20.426367 20.405240 20.365328 20.291997 20.160890 19.932659 19.545608 18.906021 17.876801 16.267711 13.837663 10.335673 5.633149 0.000000 
50.000000 46.198221 42.556337 39.214090 36.275144 33.798380 31.797378 30.246996 29.094492 28.272122 27.708561 27.337446 27.102465 26.959317 26.875361 26.827925 26.802086 26.788508 26.781621 26.778245 26.776647 26.775914 26.775589 26.775449 26.775391 26.775366 26.775354 26.775344 26.775326 26.775284 26.775185 26.774957 26.774443 26.773320 26.770935 26.766005 26.756100 26.736734 26.699874 26.631509 26.507802 26.289081 25.910536 25.267928 24.195975 22.437481 19.607045 15.179601 8.622549 0.000000 
50.000000 47.376289 44.862922 42.556337 40.528075 38.818772 37.437801 36.367813 35.572411 35.004846 34.615897 34.359763 34.197584 34.098784 34.040838 34.008097 33.990263 33.980891 33.976137 33.973807 33.972703 33.972197 33.971973 33.971877 33.971836 33.971819 33.971811 33.971803 33.971790 33.971758 33.971683 33.971510 33.971121 33.970268 33.968449 33.964681 33.957079 33.942144 33.913544 33.860082 33.762346 33.587160 33.278232 32.739877 31.807536 30.192403 27.376736 22.431461 13.819596 0.000000 
50.000000 48.659966 47.376289 46.198221 45.162302 44.289286 43.583961 43.037467 42.631215 42.341329 42.142670 42.011847 41.929012 41.878548 41.848951 41.832227 41.823118 41.818331 41.815902 41.814712 41.814148 41.813890 41.813775 41.813726 41.813706 41.813697 41.813693 41.813689 41.813681 41.813664 41.813624 41.813531 41.813320 41.812858 41.811873 41.809826 41.805686 41.797528 41.781842 41.752366 41.698098 41.599867 41.424193 41.111550 40.552010 39.529154 37.575672 33.556693 24.329983 0.000000 
50.000000 50.000000 50.000000 50.000000 50.000000 50.000000 50.000000 50.000000 50.000000 50.000000 50.000000 50.000000 50.000000 50.000000 50.000000 50.000000 50.000000 50.000000 50.000000 50.000000 50.000000 50.000000 50.000000 50.000000 50.000000 50.000000 50.000000 50.000000 50.000000 50.000000 50.000000 50.000000 50.000000 50.000000 50.000000 50.000000 50.000000 50.000000 50.000000 50.000000 50.000000 50.000000 50.000000 50.000000 50.000000 50.000000 50.000000 50.000000 50.000000 50.000000 
