50.000000 50.000000 50.000000 50.000000 50.000000 50.000000 50.000000 50.000000 50.000000 50.000000 50.000000 50.000000 50.000000 50.000000 50.000000 50.000000 50.000000 50.000000 50.000000 50.000000 50.000000 50.000000 50.000000 50.000000 50.000000 50.000000 50.000000 50.000000 50.000000 50.000000 50.000000 50.000000 50.000000 50.000000 50.000000 50.000000 50.000000 50.000000 50.000000 50.000000 50.000000 50.000000 50.000000 50.000000 50.000000 50.000000 50.000000 50.000000 50.000000 50.000000 
50.000000 48.798534 47.642377 46.571718 45.617465 44.798766 44.122485 43.584479 43.172157 42.867627 42.650789 42.501876 42.403199 42.340073 42.301070 42.277782 42.264339 42.256831 42.252773 42.250648 42.249571 42.249041 42.248788 42.248671 42.248618 42.248594 42.248581 42.248570 42.248552 42.248513 42.248429 42.248247 42.247862 42.247068 42.245471 42.242337 42.236328 42.225071 42.204428 42.167307 42.101680 41.987200 41.789153 41.446883 40.849614 39.780583 37.772805 33.692498 24.399267 0.000000 
50.000000 47.642377 45.373666 43.272726 41.400213 39.793699 38.466651 37.410941 36.601858 36.004295 35.578808 35.286606 35.092979 34.969114 34.892582 34.846887 34.820508 34.805777 34.797814 34.793646 34.791532 34.790492 34.789996 34.789766 34.789662 34.789615 34.789590 34.789569 34.789535 34.789463 34.789306 34.788966 34.788249 34.786771 34.783803 34.777989 34.766873 34.746110 34.708188 34.640349 34.521254 34.315512 33.964514 33.370445 32.367158 30.665197 27.747430 22.686833 13.949879 0.000000 
50.000000 46.571718 43.272726 40.217703 37.494846 35.158791 33.229121 31.694014 30.517534 29.648628 29.029940 28.605062 28.323519 28.143416 28.032138 27.965697 27.927343 27.905924 27.894347 27.888286 27.885212 27.883701 27.882980 27.882645 27.882494 27.882425 27.882390 27.882361 27.882315 27.882219 27.882008 27.881554 27.880596 27.878628 27.874686 27.866988 27.852325 27.825070 27.775589 27.687762 27.535139 27.275053 26.839558 26.121527 24.953535 23.077501 20.108851 15.525297 8.798913 0.000000 
50.000000 45.617465 41.400213 37.494846 34.014114 31.027859 28.561114 26.598762 25.094860 23.984142 23.193285 22.650177 22.290294 22.060079 21.917842 21.832918 21.783894 21.756517 21.741720 21.733974 21.730045 21.728113 21.727192 21.726764 21.726571 21.726484 21.726440 21.726405 21.726352 21.726242 21.726002 21.725486 21.724400 21.722176 21.717736 21.709100 21.692731 21.662489 21.607997 21.512182 21.347671 21.071653 20.618811 19.892095 18.751930 17.007057 14.417345 10.735016 5.836882 0.000000 
50.000000 44.798766 39.793699 35.158791 31.027859 27.483792 24.556296 22.227424 20.442646 19.124500 18.185959 17.541441 17.114365 16.841173 16.672383 16.571609 16.513435 16.480950 16.463392 16.454201 16.449539 16.447247 16.446154 16.445647 16.445418 16.445315 16.445264 16.445226 16.445170 16.445057 16.444812 16.444286 16.443183 16.440930 16.436451 16.427781 16.411441 16.381456 16.327875 16.234627 16.076553 15.815539 15.395853 14.739301 13.741896 12.275929 10.205256 7.426541 3.949152 0.000000 
50.000000 44.122485 38.466651 33.229121 28.561114 24.556296 21.248231 18.616633 16.599876 15.110418 14.049915 13.321653 12.839093 12.530413 12.339701 12.225840 12.160114 12.123412 12.103575 12.093191 12.087925 12.085335 12.084100 12.083528 12.083269 12.083154 12.083098 12.083058 12.083005 12.082898 12.082667 12.082174 12.081144 12.079048 12.074900 12.066909 12.051941 12.024673 11.976369 11.893179 11.753935 11.527539 11.170308 10.624116 9.816994 8.669019 7.107594 5.096207 2.675602 0.000000 
50.000000 43.584479 37.410941 31.694014 26.598762 22.227424 18.616633 15.744240 13.542969 11.917259 10.759758 9.964898 9.438217 9.101319 8.893179 8.768914 8.697184 8.657129 8.635481 8.624150 8.618403 8.615577 8.614229 8.613604 8.613323 8.613197 8.613138 8.613099 8.613050 8.612956 8.612754 8.612323 8.611427 8.609610 8.606031 8.599174 8.586409 8.563324 8.522783 8.453673 8.339392 8.156238 7.872120 7.446326 6.831571 5.979951 4.854456 3.446427 1.795326 0.000000 
50.000000 43.172157 36.601858 30.517534 25.094860 20.442646 16.599876 13.542969 11.200318 9.470214 8.238401 7.392521 6.832043 6.473533 6.252043 6.119811 6.043483 6.000862 5.977827 5.965770 5.959656 5.956649 5.955215 5.954551 5.954251 5.954119 5.954057 5.954020 5.953977 5.953899 5.953732 5.953378 5.952645 5.951166 5.948263 5.942733 5.932503 5.914134 5.882143 5.828137 5.739835 5.600159 5.386731 5.072337 4.627108 4.023207 3.242481 2.286347 1.184957 0.000000 
50.000000 42.867627 36.004295 29.648628 23.984142 19.124500 15.110418 11.917259 9.470214 7.663031 6.376354 5.492811 4.907385 4.532922 4.301580 4.163468 4.083748 4.039234 4.015176 4.002585 3.996199 3.993059 3.991561 3.990868 3.990555 3.990417 3.990355 3.990319 3.990284 3.990221 3.990091 3.989816 3.989249 3.988109 3.985884 3.981666 3.973910 3.960080 3.936184 3.896208 3.831516 3.730379 3.577867 3.356483 3.047947 2.636471 2.113488 1.483041 0.765947 0.000000 
50.000000 42.650789 35.578808 29.029940 23.193285 18.185959 14.049915 10.759758 8.238401 6.376354 5.050627 4.140280 3.537101 3.151288 2.912937 2.770643 2.688510 2.642649 2.617864 2.604892 2.598313 2.595079 2.593536 2.592821 2.592500 2.592358 2.592295 2.592262 2.592233 2.592185 2.592089 2.591886 2.591469 2.590635 2.589014 2.585957 2.580368 2.570468 2.553487 2.525314 2.480146 2.410264 2.306085 2.156736 1.951332 1.681103 1.342178 0.938459 0.483482 0.000000 
50.000000 42.501876 35.286606 28.605062 22.650177 17.541441 13.321653 9.964898 7.392521 5.492811 4.140280 3.211535 2.596173 2.202571 1.959411 1.814248 1.730460 1.683676 1.658392 1.645158 1.638448 1.635148 1.633574 1.632846 1.632518 1.632374 1.632311 1.632280 1.632256 1.632221 1.632152 1.632010 1.631718 1.631136 1.630010 1.627897 1.624055 1.617291 1.605768 1.586793 1.556626 1.510378 1.442115 1.345284 1.213566 1.042181 0.829473 0.578419 0.297448 0.000000 
50.000000 42.403199 35.092979 28.323519 22.290294 17.114365 12.839093 9.438217 6.832043 4.907385 3.537101 2.596173 1.972743 1.573984 1.327640 1.180578 1.095695 1.048300 1.022686 1.009280 1.002482 0.999139 0.997545 0.996807 0.996475 0.996330 0.996266 0.996237 0.996217 0.996193 0.996146 0.996050 0.995855 0.995467 0.994719 0.993322 0.990795 0.986371 0.978882 0.966633 0.947304 0.917910 0.874893 0.814419 0.732910 0.627805 0.498449 0.346868 0.178127 0.000000 
50.000000 42.340073 34.969114 28.143416 22.060079 16.841173 12.530413 9.101319 6.473533 4.532922 3.151288 2.202571 1.573984 1.171929 0.923551 0.775276 0.689693 0.641907 0.616082 0.602567 0.595712 0.592343 0.590735 0.589991 0.589657 0.589510 0.589447 0.589419 0.589403 0.589385 0.589355 0.589293 0.589167 0.588919 0.588443 0.587558 0.585964 0.583188 0.578515 0.570919 0.559012 0.541030 0.514911 0.478471 0.429732 0.367348 0.291091 0.202241 0.103745 0.000000 
50.000000 42.301070 34.892582 28.032138 21.917842 16.672383 12.339702 8.893179 6.252043 4.301580 2.912937 1.959411 1.327640 0.923551 0.673918 0.524894 0.438879 0.390853 0.364898 0.351314 0.344426 0.341039 0.339424 0.338676 0.338340 0.338193 0.338130 0.338103 0.338089 0.338076 0.338057 0.338018 0.337941 0.337789 0.337498 0.336959 0.335993 0.334318 0.331514 0.326980 0.319914 0.309310 0.294005 0.272792 0.244602 0.208742 0.165150 0.114593 0.058733 0.000000 
50.000000 42.277782 34.846887 27.965697 21.832918 16.571609 12.225840 8.768914 6.119811 4.163468 2.770643 1.814248 1.180578 0.775276 0.524894 0.375423 0.289151 0.240981 0.214949 0.201325 0.194416 0.191019 0.189399 0.188649 0.188312 0.188165 0.188102 0.188075 0.188062 0.188053 0.188041 0.188018 0.187972 0.187882 0.187711 0.187396 0.186832 0.185859 0.184238 0.181629 0.177584 0.171547 0.162883 0.150941 0.135157 0.115182 0.091011 0.063084 0.032311 0.000000 
50.000000 42.264339 34.820508 27.927343 21.783894 16.513436 12.160114 8.697184 6.043483 4.083748 2.688510 1.730460 1.095695 0.689693 0.438879 0.289151 0.202731 0.154478 0.128402 0.114754 0.107833 0.104431 0.102808 0.102057 0.101719 0.101572 0.101509 0.101482 0.101471 0.101464 0.101456 0.101443 0.101416 0.101365 0.101269 0.101090 0.100773 0.100228 0.099324 0.097875 0.095639 0.092317 0.087573 0.081066 0.072505 0.061718 0.048715 0.033738 0.017270 0.000000 
50.000000 42.256831 34.805777 27.905924 21.756517 16.480950 12.123412 8.657129 6.000862 4.039234 2.642650 1.683676 1.048300 0.641907 0.390853 0.240981 0.154478 0.106180 0.080078 0.066418 0.059490 0.056085 0.054460 0.053708 0.053371 0.053223 0.053160 0.053134 0.053123 0.053117 0.053112 0.053105 0.053090 0.053062 0.053009 0.052912 0.052740 0.052445 0.051958 0.051180 0.049985 0.048217 0.045703 0.042268 0.037767 0.032117 0.025328 0.017528 0.008969 0.000000 
50.000000 42.252773 34.797814 27.894347 21.741720 16.463392 12.103575 8.635481 5.977827 4.015177 2.617864 1.658392 1.022686 0.616083 0.364899 0.214949 0.128402 0.080079 0.053964 0.040296 0.033365 0.029958 0.028332 0.027580 0.027242 0.027094 0.027032 0.027006 0.026995 0.026990 0.026987 0.026982 0.026974 0.026960 0.026932 0.026881 0.026790 0.026636 0.026382 0.025979 0.025360 0.024449 0.023158 0.021401 0.019106 0.016234 0.012793 0.008848 0.004526 0.000000 
50.000000 42.250648 34.793646 27.888287 21.733975 16.454202 12.093192 8.624150 5.965771 4.002585 2.604893 1.645159 1.009281 0.602568 0.351315 0.201326 0.114755 0.066419 0.040297 0.026626 0.019693 0.016284 0.014659 0.013906 0.013568 0.013420 0.013358 0.013332 0.013321 0.013317 0.013314 0.013312 0.013308 0.013300 0.013286 0.013260 0.013214 0.013136 0.013008 0.012805 0.012495 0.012040 0.011397 0.010525 0.009390 0.007973 0.006279 0.004341 0.002219 0.000000 
50.000000 42.249571 34.791533 27.885214 21.730047 16.449541 12.087927 8.618405 5.959658 3.996201 2.598315 1.638450 1.002484 0.595715 0.344428 0.194418 0.107836 0.059493 0.033367 0.019694 0.012760 0.009352 0.007726 0.006973 0.006635 0.006487 0.006425 0.006399 0.006388 0.006384 0.006382 0.006380 0.006378 0.006374 0.006367 0.006355 0.006332 0.006294 0.006231 0.006132 0.005982 0.005762 0.005451 0.005031 0.004486 0.003806 0.002996 0.002070 0.001058 0.000000 
50.000000 42.249042 34.790494 27.883704 21.728117 16.447252 12.085340 8.615582 5.956655 3.993065 2.595085 1.635154 0.999146 0.592349 0.341046 0.191026 0.104437 0.056091 0.029964 0.016290 0.009356 0.005946 0.004321 0.003568 0.003230 0.003082 0.003019 0.002993 0.002983 0.002979 0.002977 0.002976 0.002975 0.002973 0.002970 0.002964 0.002953 0.002935 0.002905 0.002858 0.002787 0.002683 0.002538 0.002341 0.002086 0.001769 0.001392 0.000961 0.000491 0.000000 
50.000000 42.248791 34.790001 27.882987 21.727202 16.446165 12.084113 8.614243 5.955230 3.991577 2.593552 1.633591 0.997562 0.590752 0.339441 0.189416 0.102825 0.054477 0.028349 0.014675 0.007740 0.004331 0.002705 0.001953 0.001614 0.001467 0.001404 0.001378 0.001368 0.001363 0.001362 0.001361 0.001360 0.001359 0.001358 0.001355 0.001350 0.001341 0.001328 0.001306 0.001273 0.001225 0.001158 0.001068 0.000951 0.000806 0.000634 0.000438 0.000224 0.000000 
50.000000 42.248678 34.789780 27.882665 21.726790 16.445677 12.083561 8.613641 5.954589 3.990907 2.592862 1.632887 0.996849 0.590034 0.338719 0.188692 0.102100 0.053751 0.027623 0.013948 0.007014 0.003604 0.001978 0.001226 0.000888 0.000740 0.000677 0.000651 0.000641 0.000637 0.000635 0.000634 0.000634 0.000634 0.000633 0.000631 0.000629 0.000625 0.000619 0.000608 0.000593 0.000570 0.000539 0.000497 0.000442 0.000375 0.000295 0.000203 0.000104 0.000000 
50.000000 42.248635 34.789696 27.882543 21.726633 16.445491 12.083352 8.613412 5.954346 3.990654 2.592601 1.632621 0.996579 0.589762 0.338445 0.188417 0.101825 0.053476 0.027347 0.013673 0.006738 0.003329 0.001703 0.000950 0.000612 0.000464 0.000402 0.000376 0.000365 0.000361 0.000360 0.000359 0.000359 0.000358 0.000358 0.000357 0.000356 0.000353 0.000350 0.000344 0.000335 0.000322 0.000304 0.000280 0.000250 0.000211 0.000166 0.000115 0.000059 0.000000 
50.000000 42.248635 34.789696 27.882543 21.726633 16.445491 12.083352 8.613412 5.954346 3.990654 2.592601 1.632621 0.996579 0.589762 0.338445 0.188417 0.101825 0.053476 0.027347 0.013673 0.006738 0.003329 0.001703 0.000950 0.000612 0.000464 0.000402 0.000376 0.000365 0.000361 0.000360 0.000359 0.000359 0.000358 0.000358 0.000357 0.000356 0.000353 0.000350 0.000344 0.000335 0.000322 0.000304 0.000280 0.000250 0.000211 0.000166 0.000115 0.000059 0.000000 
50.000000 42.248678 34.789780 27.882665 21.726790 16.445677 12.083561 8.613641 5.954589 3.990907 2.592862 1.632887 0.996849 0.590034 0.338719 0.188692 0.102100 0.053751 0.027623 0.013948 0.007014 0.003604 0.001978 0.001226 0.000888 0.000740 0.000677 0.000651 0.000641 0.000637 0.000635 0.000634 0.000634 0.000634 0.000633 0.000631 0.000629 0.000625 0.000619 0.000608 0.000593 0.000570 0.000539 0.000497 0.000442 0.000375 0.000295 0.000203 0.000104 0.000000 
50.000000 42.248791 34.790001 27.882987 21.727202 16.446165 12.084113 8.614243 5.955230 3.991577 2.593552 1.633591 0.997562 0.590752 0.339441 0.189416 0.102825 0.054477 0.028349 0.014675 0.007740 0.004331 0.002705 0.001953 0.001614 0.001467 0.001404 0.001378 0.001368 0.001363 0.001362 0.001361 0.001360 0.001359 0.001358 0.001355 0.001350 0.001341 0.001328 0.001306 0.001273 0.001225 0.001158 0.001068 0.000951 0.000806 0.000634 0.000438 0.000224 0.000000 
50.000000 42.249042 34.790494 27.883704 21.728117 16.447252 12.085340 8.615582 5.956655 3.993065 2.595085 1.635154 0.999146 0.592349 0.341046 0.191026 0.104437 0.056091 0.029964 0.016290 0.009356 0.005946 0.004321 0.003568 0.003230 0.003082 0.003019 0.002993 0.002983 0.002979 0.002977 0.002976 0.002975 0.002973 0.002970 0.002964 0.002953 0.002935 0.002905 0.002858 0.002787 0.002683 0.002538 0.002341 0.002086 0.001769 0.001392 0.000961 0.000491 0.000000 
50.000000 42.249571 34.791533 27.885214 21.730047 16.449541 12.087927 8.618405 5.959658 3.996201 2.598315 1.638450 1.002484 0.595715 0.344428 0.194418 0.107836 0.059493 0.033367 0.019694 0.012760 0.009352 0.007726 0.006973 0.006635 0.006487 0.006425 0.006399 0.006388 0.006384 0.006382 0.006380 0.006378 0.006374 0.006367 0.006355 0.006332 0.006294 0.006231 0.006132 0.005982 0.005762 0.005451 0.005031 0.004486 0.003806 0.002996 0.002070 0.001058 0.000000 
50.000000 42.250648 34.793646 27.888287 21.733975 16.454202 12.093192 8.624150 5.965771 4.002585 2.604893 1.645159 1.009281 0.602568 0.351315 0.201326 0.114755 0.066419 0.040297 0.026626 0.019693 0.016284 0.014659 0.013906 0.013568 0.013420 0.013358 0.013332 0.013321 0.013317 0.013314 0.013312 0.013308 0.013300 0.013286 0.013260 0.013214 0.013136 0.013008 0.012805 0.012495 0.012040 0.011397 0.010525 0.009390 0.007973 0.006279 0.004341 0.002219 0.000000 
50.000000 42.252773 34.797814 27.894347 21.741720 16.463392 12.103575 8.635481 5.977827 4.015177 2.617864 1.658392 1.022686 0.616083 0.364899 0.214949 0.128402 0.080079 0.053964 0.040296 0.033365 0.029958 0.028332 0.027580 0.027242 0.027094 0.027032 0.027006 0.026995 0.026990 0.026987 0.026982 0.026974 0.026960 0.026932 0.026881 0.026790 0.026636 0.026382 0.025979 0.025360 0.024449 0.023158 0.021401 0.019106 0.016234 0.012793 0.008848 0.004526 0.000000 
50.000000 42.256831 34.805777 27.905924 21.756517 16.480950 12.123412 8.657129 6.000862 4.039234 2.642650 1.683676 1.048300 0.641907 0.390853 0.240981 0.154478 0.106180 0.080078 0.066418 0.059490 0.056085 0.054460 0.053708 0.053371 0.053223 0.053160 0.053134 0.053123 0.053117 0.053112 0.053105 0.053090 0.053062 0.053009 0.052912 0.052740 0.052445 0.051958 0.051180 0.049985 0.048217 0.045703 0.042268 0.037767 0.032117 0.025328 0.017528 0.008969 0.000000 
50.000000 42.264339 34.820508 27.927343 21.783894 16.513436 12.160114 8.697184 6.043483 4.083748 2.688510 1.730460 1.095695 0.689693 0.438879 0.289151 0.202731 0.154478 0.128402 0.114754 0.107833 0.104431 0.102808 0.102057 0.101719 0.101572 0.101509 0.101482 0.101471 0.101464 0.101456 0.101443 0.101416 0.101365 0.101269 0.101090 0.100773 0.100228 0.099324 0.097875 0.095639 0.092317 0.087573 0.081066 0.072505 0.061718 0.048715 0.033738 0.017270 0.000000 
50.000000 42.277782 34.846887 27.965697 21.832918 16.571609 12.225840 8.768914 6.119811 4.163468 2.770643 1.814248 1.180578 0.775276 0.524894 0.375423 0.289151 0.240981 0.214949 0.201325 0.194416 0.191019 0.189399 0.188649 0.188312 0.188165 0.188102 0.188075 0.188062 0.188053 0.188041 0.188018 0.187972 0.187882 0.187711 0.187396 0.186832 0.185859 0.184238 0.181629 0.177584 0.171547 0.162883 0.150941 0.135157 0.115182 0.091011 0.063084 0.032311 0.000000 
50.000000 42.301070 34.892582 28.032138 21.917842 16.672383 12.339702 8.893179 6.252043 4.301580 2.912937 1.959411 1.327640 0.923551 0.673918 0.524894 0.438879 0.390853 0.364898 0.351314 0.344426 0.341039 0.339424 0.338676 0.338340 0.338193 0.338130 0.338103 0.338089 0.338076 0.338057 0.338018 0.337941 0.337789 0.337498 0.336959 0.335993 0.334318 0.331514 0.326980 0.319914 0.309310 0.294005 0.272792 0.244602 0.208742 0.165150 0.114593 0.058733 0.000000 
50.000000 42.340073 34.969114 28.143416 22.060079 16.841173 12.530413 9.101319 6.473533 4.532922 3.151288 2.202571 1.573984 1.171929 0.923551 0.775276 0.689693 0.641907 0.616082 0.602567 0.595712 0.592343 0.590735 0.589991 0.589657 0.589510 0.589447 0.589419 0.589403 0.589385 0.589355 0.589293 0.589167 0.588919 0.588443 0.587558 0.585964 0.583188 0.578515 0.570919 0.559012 0.541030 0.514911 0.478471 0.429732 0.367348 0.291091 0.202241 0.103745 0.000000 
50.000000 42.403199 35.092979 28.323519 22.290294 17.114365 12.839093 9.438217 6.832043 4.907385 3.537101 2.596173 1.972743 1.573984 1.327640 1.180578 1.095695 1.048300 1.022686 1.009280 1.002482 0.999139 0.997545 0.996807 0.996475 0.996330 0.996266 0.996237 0.996217 0.996193 0.996146 0.996050 0.995855 0.995467 0.994719 0.993322 0.990795 0.986371 0.978882 0.966633 0.947304 0.917910 0.874893 0.814419 0.732910 0.627805 0.498449 0.346868 0.178127 0.000000 
50.000000 42.501876 35.286606 28.605062 22.650177 17.541441 13.321653 9.964898 7.392521 5.492811 4.140280 3.211535 2.596173 2.202571 1.959411 1.814248 1.730460 1.683676 1.658392 1.645158 1.638448 1.635148 1.633574 1.632846 1.632518 1.632374 1.632311 1.632280 1.632256 1.632221 1.632152 1.632010 1.631718 1.631136 1.630010 1.627897 1.624055 1.617291 1.605768 1.586793 1.556626 1.510378 1.442115 1.345284 1.213566 1.042181 0.829473 0.578419 0.297448 0.000000 
50.000000 42.650789 35.578808 29.029940 23.193285 18.185959 14.049915 10.759758 8.238401 6.376354 5.050627 4.140280 3.537101 3.151288 2.912937 2.770643 2.688510 2.642649 2.617864 2.604892 2.598313 2.595079 2.593536 2.592821 2.592500 2.592358 2.592295 2.592262 2.592233 2.592185 2.592089 2.591886 2.591469 2.590635 2.589014 2.585957 2.580368 2.570468 2.553487 2.525314 2.480146 2.410264 2.306085 2.156736 1.951332 1.681103 1.342178 0.938459 0.483482 0.000000 
50.000000 42.867627 36.004295 29.648628 23.984142 19.124500 15.110418 11.917259 9.470214 7.663031 6.376354 5.492811 4.907385 4.532922 4.301580 4.163468 4.083748 4.039234 4.015176 4.002585 3.996199 3.993059 3.991561 3.990868 3.990555 3.990417 3.990355 3.990319 3.990284 3.990221 3.990091 3.989816 3.989249 3.988109 3.985884 3.981666 3.973910 3.960080 3.936184 3.896208 3.831516 3.730379 3.577867 3.356483 3.047947 2.636471 2.113488 1.483041 0.765947 0.000000 
50.000000 43.172157 36.601858 30.517534 25.094860 20.442646 16.599876 13.542969 11.200318 9.470214 8.238401 7.392521 6.832043 6.473533 6.252043 6.119811 6.043483 6.000862 5.977827 5.965770 5.959656 5.956649 5.955215 5.954551 5.954251 5.954119 5.954057 5.954020 5.953977 5.953899 5.953732 5.953378 5.952645 5.951166 5.948263 5.942733 5.932503 5.914134 5.882143 5.828137 5.739835 5.600159 5.386731 5.072337 4.627108 4.023207 3.242481 2.286347 1.184957 0.000000 
50.000000 43.584479 37.410941 31.694014 26.598762 22.227424 18.616633 15.744240 13.542969 11.917259 10.759758 9.964898 9.438217 9.101319 8.893179 8.768914 8.697184 8.657129 8.635481 8.624150 8.618403 8.615577 8.614229 8.613604 8.613323 8.613197 8.613138 8.613099 8.613050 8.612956 8.612754 8.612323 8.611427 8.609610 8.606031 8.599174 8.586409 8.563324 8.522783 8.453673 8.339392 8.156238 7.872120 7.446326 6.831571 5.979951 4.854456 3.446427 1.795326 0.000000 
50.000000 44.122485 38.466651 33.229121 28.561114 24.556296 21.248231 18.616633 16.599876 15.110418 14.049915 13.321653 12.839093 12.530413 12.339701 12.225840 12.160114 12.123412 12.103575 12.093191 12.087925 12.085335 12.084100 12.083528 12.083269 12.083154 12.083098 12.083058 12.083005 12.082898 12.082667 12.082174 12.081144 12.079048 12.074900 12.066909 12.051941 12.024673 11.976369 11.893179 11.753935 11.527539 11.170308 10.624116 9.816994 8.669019 7.107594 5.096207 2.675602 0.000000 
50.000000 44.798766 39.793699 35.158791 31.027859 27.483792 24.556296 22.227424 20.442646 19.124500 18.185959 17.541441 17.114365 16.841173 16.672383 16.571609 16.513435 16.480950 16.463392 16.454201 16.449539 16.447247 16.446154 16.445647 16.445418 16.445315 16.445264 16.445226 16.445170 16.445057 16.444812 16.444286 16.443183 16.440930 16.436451 16.427781 16.411441 16.381456 16.327875 16.234627 16.076553 15.815539 15.395853 14.739301 13.741896 12.275929 10.205256 7.426541 3.949152 0.000000 
50.000000 45.617465 41.400213 37.494846 34.014114 31.027859 28.561114 26.598762 25.094860 23.984142 23.193285 22.650177 22.290294 22.060079 21.917842 21.832918 21.783894 21.756517 21.741720 21.733974 21.730045 21.728113 21.727192 21.726764 21.726571 21.726484 21.726440 21.726405 21.726352 21.726242 21.726002 21.725486 21.724400 21.722176 21.717736 21.709100 21.692731 21.662489 21.607997 21.512182 21.347671 21.071653 20.618811 19.892095 18.751930 17.007057 14.417345 10.735016 5.836882 0.000000 
50.000000 46.571718 43.272726 40.217703 37.494846 35.158791 33.229121 31.694014 30.517534 29.648628 29.029940 28.605062 28.323519 28.143416 28.032138 27.965697 27.927343 27.905924 27.894347 27.888286 27.885212 27.883701 27.882980 27.882645 27.882494 27.882425 27.882390 27.882361 27.882315 27.882219 27.882008 27.881554 27.880596 27.878628 27.874686 27.866988 27.852325 27.825070 27.775589 27.687762 27.535139 27.275053 26.839558 26.121527 24.953535 23.077501 20.108851 15.525297 8.798913 0.000000 
50.000000 47.642377 45.373666 43.272726 41.400213 39.793699 38.466651 37.410941 36.601858 36.004295 35.578808 35.286606 35.092979 34.969114 34.892582 34.846887 34.820508 34.805777 34.797814 34.793646 34.791532 34.790492 34.789996 34.789766 34.789662 34.789615 34.789590 34.789569 34.789535 34.789463 34.789306 34.788966 34.788249 34.786771 34.783803 34.777989 34.766873 34.746110 34.708188 34.640349 34.521254 34.315512 33.964514 33.370445 32.367158 30.665197 27.747430 22.686833 13.949879 0.000000 
50.000000 48.798534 47.642377 46.571718 45.617465 44.798766 44.122485 43.584479 43.172157 42.867627 42.650789 42.501876 42.403199 42.340073 42.301070 42.277782 42.264339 42.256831 42.252773 42.250648 42.249571 42.249041 42.248788 42.248671 42.248618 42.248594 42.248581 42.248570 42.248552 42.248513 42.248429 42.248247 42.247862 42.247068 42.245471 42.242337 42.236328 42.225071 42.204428 42.167307 42.101680 41.987200 41.789153 41.446883 40.849614 39.780583 37.772805 33.692498 24.399267 0.000000 
50.000000 50.000000 50.000000 50.000000 50.000000 50.000000 50.000000 50.000000 50.000000 50.000000 50.000000 50.000000 50.000000 50.000000 50.000000 50.000000 50.000000 50.000000 50.000000 50.000000 50.000000 50.000000 50.000000 50.000000 50.000000 50.000000 50.000000 50.000000 50.000000 50.000000 50.000000 50.000000 50.000000 50.000000 50.000000 50.000000 50.000000 50.000000 50.000000 50.000000 50.000000 50.000000 50.000000 50.000000 50.000000 50.000000 50.000000 50.000000 50.000000 50.000000 
