50.000000 50.000000 50.000000 50.000000 50.000000 50.000000 50.000000 50.000000 50.000000 50.000000 50.000000 50.000000 50.000000 50.000000 50.000000 50.000000 50.000000 50.000000 50.000000 50.000000 50.000000 50.000000 50.000000 50.000000 50.000000 50.000000 50.000000 50.000000 50.000000 50.000000 50.000000 50.000000 50.000000 50.000000 50.000000 50.000000 50.000000 50.000000 50.000000 50.000000 50.000000 50.000000 50.000000 50.000000 50.000000 50.000000 50.000000 50.000000 50.000000 50.000000 
50.000000 45.992339 42.487101 39.798734 37.982282 36.894530 36.313358 36.034419 35.913349 35.865529 35.848241 35.842489 35.840719 35.840213 35.840078 35.840045 35.840037 35.840035 35.840035 35.840035 35.840035 35.840035 35.840035 35.840035 35.840035 35.840035 35.840035 35.840035 35.840035 35.840035 35.840035 35.840035 35.840035 35.840035 35.840034 35.840032 35.840024 35.839988 35.839843 35.839301 35.837383 35.830997 35.810989 35.751877 35.586393 35.143343 33.990552 31.000704 22.996170 0.000000 
50.000000 42.487101 35.916214 30.876849 27.472113 25.433407 24.344258 23.821565 23.594724 23.505138 23.472754 23.461981 23.458667 23.457720 23.457467 23.457405 23.457390 23.457387 23.457386 23.457386 23.457386 23.457386 23.457386 23.457386 23.457386 23.457386 23.457386 23.457386 23.457386 23.457386 23.457386 23.457386 23.457386 23.457385 23.457385 23.457382 23.457368 23.457312 23.457088 23.456251 23.453313 23.443641 23.413809 23.327666 23.094701 22.503975 21.097540 17.958107 11.486397 0.000000 
50.000000 39.798734 30.876849 24.034877 19.412662 16.645259 15.167010 14.457690 14.149906 14.028374 13.984450 13.969841 13.965348 13.964064 13.963722 13.963637 13.963617 13.963612 13.963611 13.963611 13.963611 13.963611 13.963611 13.963611 13.963611 13.963611 13.963611 13.963611 13.963611 13.963611 13.963611 13.963611 13.963611 13.963611 13.963610 13.963607 13.963594 13.963537 13.963314 13.962485 13.959605 13.950251 13.921920 13.842128 13.633745 13.131032 12.017438 9.779309 5.808183 0.000000 
50.000000 37.982282 27.472113 19.412662 13.968476 10.709337 8.968666 8.133558 7.771256 7.628224 7.576539 7.559353 7.554068 7.552558 7.552156 7.552056 7.552032 7.552027 7.552026 7.552026 7.552026 7.552026 7.552026 7.552026 7.552026 7.552026 7.552026 7.552026 7.552026 7.552026 7.552026 7.552026 7.552026 7.552026 7.552025 7.552023 7.552012 7.551968 7.551796 7.551162 7.548984 7.542005 7.521237 7.464084 7.319346 6.984238 6.281629 4.968139 2.838940 0.000000 
50.000000 36.894530 25.433407 16.645259 10.709337 7.156200 5.258744 4.348545 3.953725 3.797881 3.741577 3.722857 3.717102 3.715458 3.715021 3.714912 3.714886 3.714880 3.714879 3.714879 3.714879 3.714879 3.714879 3.714879 3.714879 3.714879 3.714879 3.714879 3.714879 3.714879 3.714879 3.714879 3.714879 3.714879 3.714879 3.714877 3.714870 3.714842 3.714733 3.714333 3.712972 3.708667 3.696058 3.662047 3.578100 3.389991 3.011514 2.338706 1.308137 0.000000 
50.000000 36.313358 24.344258 15.167010 8.968666 5.258744 3.277748 2.327574 1.915463 1.752813 1.694057 1.674525 1.668521 1.666807 1.666351 1.666237 1.666210 1.666204 1.666203 1.666203 1.666203 1.666203 1.666203 1.666203 1.666203 1.666203 1.666203 1.666203 1.666203 1.666203 1.666203 1.666203 1.666203 1.666203 1.666203 1.666202 1.666198 1.666183 1.666123 1.665907 1.665180 1.662903 1.656323 1.638874 1.596696 1.504582 1.324882 1.016593 0.561482 0.000000 
50.000000 36.034419 23.821565 14.457690 8.133558 4.348545 2.327574 1.358294 0.937927 0.772032 0.712109 0.692190 0.686068 0.684320 0.683855 0.683739 0.683712 0.683706 0.683705 0.683704 0.683704 0.683704 0.683704 0.683704 0.683704 0.683704 0.683704 0.683704 0.683704 0.683704 0.683704 0.683704 0.683704 0.683704 0.683704 0.683704 0.683702 0.683695 0.683666 0.683564 0.683223 0.682166 0.679147 0.671252 0.652487 0.612321 0.535769 0.407756 0.223430 0.000000 
50.000000 35.913349 23.594724 14.149906 7.771256 3.953725 1.915463 0.937927 0.513997 0.346703 0.286278 0.266193 0.260020 0.258258 0.257789 0.257672 0.257645 0.257639 0.257637 0.257637 0.257637 0.257637 0.257637 0.257637 0.257637 0.257637 0.257637 0.257637 0.257637 0.257637 0.257637 0.257637 0.257637 0.257637 0.257637 0.257637 0.257636 0.257633 0.257621 0.257578 0.257436 0.256998 0.255760 0.252560 0.245058 0.229251 0.199655 0.151084 0.082353 0.000000 
50.000000 35.865529 23.505138 14.028374 7.628224 3.797881 1.752813 0.772032 0.346703 0.178862 0.118239 0.098090 0.091898 0.090130 0.089659 0.089542 0.089514 0.089508 0.089507 0.089507 0.089507 0.089507 0.089507 0.089507 0.089507 0.089507 0.089507 0.089507 0.089507 0.089507 0.089507 0.089507 0.089507 0.089507 0.089507 0.089507 0.089506 0.089505 0.089501 0.089484 0.089431 0.089267 0.088809 0.087634 0.084909 0.079240 0.068770 0.051825 0.028147 0.000000 
50.000000 35.848241 23.472754 13.984450 7.576539 3.741577 1.694057 0.712109 0.286278 0.118239 0.057547 0.037374 0.031175 0.029405 0.028934 0.028816 0.028789 0.028783 0.028781 0.028781 0.028781 0.028781 0.028781 0.028781 0.028781 0.028781 0.028781 0.028781 0.028781 0.028781 0.028781 0.028781 0.028781 0.028781 0.028781 0.028781 0.028781 0.028780 0.028779 0.028773 0.028755 0.028699 0.028544 0.028150 0.027244 0.025377 0.021965 0.016503 0.008940 0.000000 
50.000000 35.842489 23.461981 13.969841 7.559353 3.722857 1.674525 0.692190 0.266193 0.098090 0.037374 0.017195 0.010993 0.009222 0.008751 0.008633 0.008606 0.008600 0.008598 0.008598 0.008598 0.008598 0.008598 0.008598 0.008598 0.008598 0.008598 0.008598 0.008598 0.008598 0.008598 0.008598 0.008598 0.008598 0.008598 0.008598 0.008598 0.008598 0.008597 0.008596 0.008590 0.008572 0.008524 0.008402 0.008125 0.007557 0.006527 0.004893 0.002645 0.000000 
50.000000 35.840719 23.458667 13.965348 7.554068 3.717102 1.668521 0.686068 0.260020 0.091898 0.031175 0.010993 0.004790 0.003019 0.002547 0.002430 0.002403 0.002396 0.002395 0.002395 0.002395 0.002395 0.002395 0.002395 0.002395 0.002395 0.002395 0.002395 0.002395 0.002395 0.002395 0.002395 0.002395 0.002395 0.002395 0.002395 0.002395 0.002395 0.002395 0.002394 0.002393 0.002387 0.002374 0.002339 0.002260 0.002099 0.001811 0.001355 0.000731 0.000000 
50.000000 35.840213 23.457720 13.964064 7.552558 3.715458 1.666807 0.684320 0.258258 0.090130 0.029405 0.009222 0.003019 0.001248 0.000777 0.000659 0.000632 0.000626 0.000624 0.000624 0.000624 0.000624 0.000624 0.000624 0.000624 0.000624 0.000624 0.000624 0.000624 0.000624 0.000624 0.000624 0.000624 0.000624 0.000624 0.000624 0.000624 0.000624 0.000624 0.000624 0.000623 0.000622 0.000618 0.000609 0.000588 0.000546 0.000470 0.000351 0.000189 0.000000 
50.000000 35.840078 23.457467 13.963722 7.552156 3.715021 1.666351 0.683855 0.257789 0.089659 0.028934 0.008751 0.002547 0.000777 0.000305 0.000188 0.000160 0.000154 0.000153 0.000153 0.000153 0.000153 0.000153 0.000153 0.000153 0.000153 0.000153 0.000153 0.000153 0.000153 0.000153 0.000153 0.000153 0.000153 0.000153 0.000153 0.000153 0.000153 0.000153 0.000153 0.000152 0.000152 0.000151 0.000149 0.000144 0.000133 0.000115 0.000086 0.000046 0.000000 
50.000000 35.840045 23.457405 13.963637 7.552056 3.714912 1.666237 0.683739 0.257672 0.089542 0.028816 0.008633 0.002430 0.000659 0.000188 0.000070 0.000043 0.000037 0.000035 0.000035 0.000035 0.000035 0.000035 0.000035 0.000035 0.000035 0.000035 0.000035 0.000035 0.000035 0.000035 0.000035 0.000035 0.000035 0.000035 0.000035 0.000035 0.000035 0.000035 0.000035 0.000035 0.000035 0.000035 0.000034 0.000033 0.000031 0.000026 0.000020 0.000011 0.000000 
50.000000 35.840037 23.457390 13.963617 7.552032 3.714886 1.666210 0.683712 0.257645 0.089514 0.028789 0.008606 0.002403 0.000632 0.000160 0.000043 0.000015 0.000009 0.000008 0.000008 0.000008 0.000008 0.000008 0.000008 0.000008 0.000008 0.000008 0.000008 0.000008 0.000008 0.000008 0.000008 0.000008 0.000008 0.000008 0.000008 0.000008 0.000008 0.000008 0.000008 0.000008 0.000008 0.000008 0.000007 0.000007 0.000007 0.000006 0.000004 0.000002 0.000000 
50.000000 35.840035 23.457387 13.963612 7.552027 3.714880 1.666204 0.683706 0.257639 0.089508 0.028783 0.008600 0.002396 0.000626 0.000154 0.000037 0.000009 0.000003 0.000002 0.000002 0.000002 0.000002 0.000002 0.000002 0.000002 0.000002 0.000002 0.000002 0.000002 0.000002 0.000002 0.000002 0.000002 0.000002 0.000002 0.000002 0.000002 0.000002 0.000002 0.000002 0.000002 0.000002 0.000002 0.000002 0.000001 0.000001 0.000001 0.000001 0.000000 0.000000 
50.000000 35.840035 23.457386 13.963611 7.552026 3.714879 1.666203 0.683705 0.257637 0.089507 0.028781 0.008598 0.002395 0.000624 0.000153 0.000035 0.000008 0.000002 0.000001 0.000000 0.000000 0.000000 0.000000 0.000000 0.000000 0.000000 0.000000 0.000000 0.000000 0.000000 0.000000 0.000000 0.000000 0.000000 0.000000 0.000000 0.000000 0.000000 0.000000 0.000000 0.000000 0.000000 0.000000 0.000000 0.000000 0.000000 0.000000 0.000000 0.000000 0.000000 
50.000000 35.840035 23.457386 13.963611 7.552026 3.714879 1.666203 0.683704 0.257637 0.089507 0.028781 0.008598 0.002395 0.000624 0.000153 0.000035 0.000008 0.000002 0.000000 0.000000 0.000000 0.000000 0.000000 0.000000 0.000000 0.000000 0.000000 0.000000 0.000000 0.000000 0.000000 0.000000 0.000000 0.000000 0.000000 0.000000 0.000000 0.000000 0.000000 0.000000 0.000000 0.000000 0.000000 0.000000 0.000000 0.000000 0.000000 0.000000 0.000000 0.000000 
50.000000 35.840035 23.457386 13.963611 7.552026 3.714879 1.666203 0.683704 0.257637 0.089507 0.028781 0.008598 0.002395 0.000624 0.000153 0.000035 0.000008 0.000002 0.000000 0.000000 0.000000 0.000000 0.000000 0.000000 0.000000 0.000000 0.000000 0.000000 0.000000 0.000000 0.000000 0.000000 0.000000 0.000000 0.000000 0.000000 0.000000 0.000000 0.000000 0.000000 0.000000 0.000000 0.000000 0.000000 0.000000 0.000000 0.000000 0.000000 0.000000 0.000000 
50.000000 35.840035 23.457386 13.963611 7.552026 3.714879 1.666203 0.683704 0.257637 0.089507 0.028781 0.008598 0.002395 0.000624 0.000153 0.000035 0.000008 0.000002 0.000000 0.000000 0.000000 0.000000 0.000000 0.000000 0.000000 0.000000 0.000000 0.000000 0.000000 0.000000 0.000000 0.000000 0.000000 0.000000 0.000000 0.000000 0.000000 0.000000 0.000000 0.000000 0.000000 0.000000 0.000000 0.000000 0.000000 0.000000 0.000000 0.000000 0.000000 0.000000 
50.000000 35.840035 23.457386 13.963611 7.552026 3.714879 1.666203 0.683704 0.257637 0.089507 0.028781 0.008598 0.002395 0.000624 0.000153 0.000035 0.000008 0.000002 0.000000 0.000000 0.000000 0.000000 0.000000 0.000000 0.000000 0.000000 0.000000 0.000000 0.000000 0.000000 0.000000 0.000000 0.000000 0.000000 0.000000 0.000000 0.000000 0.000000 0.000000 0.000000 0.000000 0.000000 0.000000 0.000000 0.000000 0.000000 0.000000 0.000000 0.000000 0.000000 
50.000000 35.840035 23.457386 13.963611 7.552026 3.714879 1.666203 0.683704 0.257637 0.089507 0.028781 0.008598 0.002395 0.000624 0.000153 0.000035 0.000008 0.000002 0.000000 0.000000 0.000000 0.000000 0.000000 0.000000 0.000000 0.000000 0.000000 0.000000 0.000000 0.000000 0.000000 0.000000 0.000000 0.000000 0.000000 0.000000 0.000000 0.000000 0.000000 0.000000 0.000000 0.000000 0.000000 0.000000 0.000000 0.000000 0.000000 0.000000 0.000000 0.000000 
50.000000 35.840035 23.457386 13.963611 7.552026 3.714879 1.666203 0.683704 0.257637 0.089507 0.028781 0.008598 0.002395 0.000624 0.000153 0.000035 0.000008 0.000002 0.000000 0.000000 0.000000 0.000000 0.000000 0.000000 0.000000 0.000000 0.000000 0.000000 0.000000 0.000000 0.000000 0.000000 0.000000 0.000000 0.000000 0.000000 0.000000 0.000000 0.000000 0.000000 0.000000 0.000000 0.000000 0.000000 0.000000 0.000000 0.000000 0.000000 0.000000 0.000000 
50.000000 35.840035 23.457386 13.963611 7.552026 3.714879 1.666203 0.683704 0.257637 0.089507 0.028781 0.008598 0.002395 0.000624 0.000153 0.000035 0.000008 0.000002 0.000000 0.000000 0.000000 0.000000 0.000000 0.000000 0.000000 0.000000 0.000000 0.000000 0.000000 0.000000 0.000000 0.000000 0.000000 0.000000 0.000000 0.000000 0.000000 0.000000 0.000000 0.000000 0.000000 0.000000 0.000000 0.000000 0.000000 0.000000 0.000000 0.000000 0.000000 0.000000 
50.000000 35.840035 23.457386 13.963611 7.552026 3.714879 1.666203 0.683704 0.257637 0.089507 0.028781 0.008598 0.002395 0.000624 0.000153 0.000035 0.000008 0.000002 0.000000 0.000000 0.000000 0.000000 0.000000 0.000000 0.000000 0.000000 0.000000 0.000000 0.000000 0.000000 0.000000 0.000000 0.000000 0.000000 0.000000 0.000000 0.000000 0.000000 0.000000 0.000000 0.000000 0.000000 0.000000 0.000000 0.000000 0.000000 0.000000 0.000000 0.000000 0.000000 
50.000000 35.840035 23.457386 13.963611 7.552026 3.714879 1.666203 0.683704 0.257637 0.089507 0.028781 0.008598 0.002395 0.000624 0.000153 0.000035 0.000008 0.000002 0.000000 0.000000 0.000000 0.000000 0.000000 0.000000 0.000000 0.000000 0.000000 0.000000 0.000000 0.000000 0.000000 0.000000 0.000000 0.000000 0.000000 0.000000 0.000000 0.000000 0.000000 0.000000 0.000000 0.000000 0.000000 0.000000 0.000000 0.000000 0.000000 0.000000 0.000000 0.000000 
50.000000 35.840035 23.457386 13.963611 7.552026 3.714879 1.666203 0.683704 0.257637 0.089507 0.028781 0.008598 0.002395 0.000624 0.000153 0.000035 0.000008 0.000002 0.000000 0.000000 0.000000 0.000000 0.000000 0.000000 0.000000 0.000000 0.000000 0.000000 0.000000 0.000000 0.000000 0.000000 0.000000 0.000000 0.000000 0.000000 0.000000 0.000000 0.000000 0.000000 0.000000 0.000000 0.000000 0.000000 0.000000 0.000000 0.000000 0.000000 0.000000 0.000000 
50.000000 35.840035 23.457386 13.963611 7.552026 3.714879 1.666203 0.683704 0.257637 0.089507 0.028781 0.008598 0.002395 0.000624 0.000153 0.000035 0.000008 0.000002 0.000000 0.000000 0.000000 0.000000 0.000000 0.000000 0.000000 0.000000 0.000000 0.000000 0.000000 0.000000 0.000000 0.000000 0.000000 0.000000 0.000000 0.000000 0.000000 0.000000 0.000000 0.000000 0.000000 0.000000 0.000000 0.000000 0.000000 0.000000 0.000000 0.000000 0.000000 0.000000 
50.000000 35.840035 23.457386 13.963611 7.552026 3.714879 1.666203 0.683704 0.257637 0.089507 0.028781 0.008598 0.002395 0.000624 0.000153 0.000035 0.000008 0.000002 0.000000 0.000000 0.000000 0.000000 0.000000 0.000000 0.000000 0.000000 0.000000 0.000000 0.000000 0.000000 0.000000 0.000000 0.000000 0.000000 0.000000 0.000000 0.000000 0.000000 0.000000 0.000000 0.000000 0.000000 0.000000 0.000000 0.000000 0.000000 0.000000 0.000000 0.000000 0.000000 
50.000000 35.840035 23.457386 13.963611 7.552026 3.714879 1.666203 0.683705 0.257637 0.089507 0.028781 0.008598 0.002395 0.000624 0.000153 0.000035 0.000008 0.000002 0.000001 0.000000 0.000000 0.000000 0.000000 0.000000 0.000000 0.000000 0.000000 0.000000 0.000000 0.000000 0.000000 0.000000 0.000000 0.000000 0.000000 0.000000 0.000000 0.000000 0.000000 0.000000 0.000000 0.000000 0.000000 0.000000 0.000000 0.000000 0.000000 0.000000 0.000000 0.000000 
50.000000 35.840035 23.457387 13.963612 7.552027 3.714880 1.666204 0.683706 0.257639 0.089508 0.028783 0.008600 0.002396 0.000626 0.000154 0.000037 0.000009 0.000003 0.000002 0.000002 0.000002 0.000002 0.000002 0.000002 0.000002 0.000002 0.000002 0.000002 0.000002 0.000002 0.000002 0.000002 0.000002 0.000002 0.000002 0.000002 0.000002 0.000002 0.000002 0.000002 0.000002 0.000002 0.000002 0.000002 0.000001 0.000001 0.000001 0.000001 0.000000 0.000000 
50.000000 35.840037 23.457390 13.963617 7.552032 3.714886 1.666210 0.683712 0.257645 0.089514 0.028789 0.008606 0.002403 0.000632 0.000160 0.000043 0.000015 0.000009 0.000008 0.000008 0.000008 0.000008 0.000008 0.000008 0.000008 0.000008 0.000008 0.000008 0.000008 0.000008 0.000008 0.000008 0.000008 0.000008 0.000008 0.000008 0.000008 0.000008 0.000008 0.000008 0.000008 0.000008 0.000008 0.000007 0.000007 0.000007 0.000006 0.000004 0.000002 0.000000 
50.000000 35.840045 23.457405 13.963637 7.552056 3.714912 1.666237 0.683739 0.257672 0.089542 0.028816 0.008633 0.002430 0.000659 0.000188 0.000070 0.000043 0.000037 0.000035 0.000035 0.000035 0.000035 0.000035 0.000035 0.000035 0.000035 0.000035 0.000035 0.000035 0.000035 0.000035 0.000035 0.000035 0.000035 0.000035 0.000035 0.000035 0.000035 0.000035 0.000035 0.000035 0.000035 0.000035 0.000034 0.000033 0.000031 0.000026 0.000020 0.000011 0.000000 
50.000000 35.840078 23.457467 13.963722 7.552156 3.715021 1.666351 0.683855 0.257789 0.089659 0.028934 0.008751 0.002547 0.000777 0.000305 0.000188 0.000160 0.000154 0.000153 0.000153 0.000153 0.000153 0.000153 0.000153 0.000153 0.000153 0.000153 0.000153 0.000153 0.000153 0.000153 0.000153 0.000153 0.000153 0.000153 0.000153 0.000153 0.000153 0.000153 0.000153 0.000152 0.000152 0.000151 0.000149 0.000144 0.000133 0.000115 0.000086 0.000046 0.000000 
50.000000 35.840213 23.457720 13.964064 7.552558 3.715458 1.666807 0.684320 0.258258 0.090130 0.029405 0.009222 0.003019 0.001248 0.000777 0.000659 0.000632 0.000626 0.000624 0.000624 0.000624 0.000624 0.000624 0.000624 0.000624 0.000624 0.000624 0.000624 0.000624 0.000624 0.000624 0.000624 0.000624 0.000624 0.000624 0.000624 0.000624 0.000624 0.000624 0.000624 0.000623 0.000622 0.000618 0.000609 0.000588 0.000546 0.000470 0.000351 0.000189 0.000000 
50.000000 35.840719 23.458667 13.965348 7.554068 3.717102 1.668521 0.686068 0.260020 0.091898 0.031175 0.010993 0.004790 0.003019 0.002547 0.002430 0.002403 0.002396 0.002395 0.002395 0.002395 0.002395 0.002395 0.002395 0.002395 0.002395 0.002395 0.002395 0.002395 0.002395 0.002395 0.002395 0.002395 0.002395 0.002395 0.002395 0.002395 0.002395 0.002395 0.002394 0.002393 0.002387 0.002374 0.002339 0.002260 0.002099 0.001811 0.001355 0.000731 0.000000 
50.000000 35.842489 23.461981 13.969841 7.559353 3.722857 1.674525 0.692190 0.266193 0.098090 0.037374 0.017195 0.010993 0.009222 0.008751 0.008633 0.008606 0.008600 0.008598 0.008598 0.008598 0.008598 0.008598 0.008598 0.008598 0.008598 0.008598 0.008598 0.008598 0.008598 0.008598 0.008598 0.008598 0.008598 0.008598 0.008598 0.008598 0.008598 0.008597 0.008596 0.008590 0.008572 0.008524 0.008402 0.008125 0.007557 0.006527 0.004893 0.002645 0.000000 
50.000000 35.848241 23.472754 13.984450 7.576539 3.741577 1.694057 0.712109 0.286278 0.118239 0.057547 0.037374 0.031175 0.029405 0.028934 0.028816 0.028789 0.028783 0.028781 0.028781 0.028781 0.028781 0.028781 0.028781 0.028781 0.028781 0.028781 0.028781 0.028781 0.028781 0.028781 0.028781 0.028781 0.028781 0.028781 0.028781 0.028781 0.028780 0.028779 0.028773 0.028755 0.028699 0.028544 0.028150 0.027244 0.025377 0.021965 0.016503 0.008940 0.000000 
50.000000 35.865529 23.505138 14.028374 7.628224 3.797881 1.752813 0.772032 0.346703 0.178862 0.118239 0.098090 0.091898 0.090130 0.089659 0.089542 0.089514 0.089508 0.089507 0.089507 0.089507 0.089507 0.089507 0.089507 0.089507 0.089507 0.089507 0.089507 0.089507 0.089507 0.089507 0.089507 0.089507 0.089507 0.089507 0.089507 0.089506 0.089505 0.089501 0.089484 0.089431 0.089267 0.088809 0.087634 0.084909 0.079240 0.068770 0.051825 0.028147 0.000000 
50.000000 35.913349 23.594724 14.149906 7.771256 3.953725 1.915463 0.937927 0.513997 0.346703 0.286278 0.266193 0.260020 0.258258 0.257789 0.257672 0.257645 0.257639 0.257637 0.257637 0.257637 0.257637 0.257637 0.257637 0.257637 0.257637 0.257637 0.257637 0.257637 0.257637 0.257637 0.257637 0.257637 0.257637 0.257637 0.257637 0.257636 0.257633 0.257621 0.257578 0.257436 0.256998 0.255760 0.252560 0.245058 0.229251 0.199655 0.151084 0.082353 0.000000 
50.000000 36.034419 23.821565 14.457690 8.133558 4.348545 2.327574 1.358294 0.937927 0.772032 0.712109 0.692190 0.686068 0.684320 0.683855 0.683739 0.683712 0.683706 0.683705 0.683704 0.683704 0.683704 0.683704 0.683704 0.683704 0.683704 0.683704 0.683704 0.683704 0.683704 0.683704 0.683704 0.683704 0.683704 0.683704 0.683704 0.683702 0.683695 0.683666 0.683564 0.683223 0.682166 0.679147 0.671252 0.652487 0.612321 0.535769 0.407756 0.223430 0.000000 
50.000000 36.313358 24.344258 15.167010 8.968666 5.258744 3.277748 2.327574 1.915463 1.752813 1.694057 1.674525 1.668521 1.666807 1.666351 1.666237 1.666210 1.666204 1.666203 1.666203 1.666203 1.666203 1.666203 1.666203 1.666203 1.666203 1.666203 1.666203 1.666203 1.666203 1.666203 1.666203 1.666203 1.666203 1.666203 1.666202 1.666198 1.666183 1.666123 1.665907 1.665180 1.662903 1.656323 1.638874 1.596696 1.504582 1.324882 1.016593 0.561482 0.000000 
50.000000 36.894530 25.433407 16.645259 10.709337 7.156200 5.258744 4.348545 3.953725 3.797881 3.741577 3.722857 3.717102 3.715458 3.715021 3.714912 3.714886 3.714880 3.714879 3.714879 3.714879 3.714879 3.714879 3.714879 3.714879 3.714879 3.714879 3.714879 3.714879 3.714879 3.714879 3.714879 3.714879 3.714879 3.714879 3.714877 3.714870 3.714842 3.714733 3.714333 3.712972 3.708667 3.696058 3.662047 3.578100 3.389991 3.011514 2.338706 1.308137 0.000000 
50.000000 37.982282 27.472113 19.412662 13.968476 10.709337 8.968666 8.133558 7.771256 7.628224 7.576539 7.559353 7.554068 7.552558 7.552156 7.552056 7.552032 7.552027 7.552026 7.552026 7.552026 7.552026 7.552026 7.552026 7.552026 7.552026 7.552026 7.552026 7.552026 7.552026 7.552026 7.552026 7.552026 7.552026 7.552025 7.552023 7.552012 7.551968 7.551796 7.551162 7.548984 7.542005 7.521237 7.464084 7.319346 6.984238 6.281629 4.968139 2.838940 0.000000 
50.000000 39.798734 30.876849 24.034877 19.412662 16.645259 15.167010 14.457690 14.149906 14.028374 13.984450 13.969841 13.965348 13.964064 13.963722 13.963637 13.963617 13.963612 13.963611 13.963611 13.963611 13.963611 13.963611 13.963611 13.963611 13.963611 13.963611 13.963611 13.963611 13.963611 13.963611 13.963611 13.963611 13.963611 13.963610 13.963607 13.963594 13.963537 13.963314 13.962485 13.959605 13.950251 13.921920 13.842128 13.633745 13.131032 12.017438 9.779309 5.808183 0.000000 
50.000000 42.487101 35.916214 30.876849 27.472113 25.433407 24.344258 23.821565 23.594724 23.505138 23.472754 23.461981 23.458667 23.457720 23.457467 23.457405 23.457390 23.457387 23.457386 23.457386 23.457386 23.457386 23.457386 23.457386 23.457386 23.457386 23.457386 23.457386 23.457386 23.457386 23.457386 23.457386 23.457386 23.457385 23.457385 23.457382 23.457368 23.457312 23.457088 23.456251 23.453313 23.443641 23.413809 23.327666 23.094701 22.503975 21.097540 17.958107 11.486397 0.000000 
50.000000 45.992339 42.487101 39.798734 37.982282 36.894530 36.313358 36.034419 35.913349 35.865529 35.848241 35.842489 35.840719 35.840213 35.840078 35.840045 35.840037 35.840035 35.840035 35.840035 35.840035 35.840035 35.840035 35.840035 35.840035 35.840035 35.840035 35.840035 35.840035 35.840035 35.840035 35.840035 35.840035 35.840035 35.840034 35.840032 35.840024 35.839988 35.839843 35.839301 35.837383 35.830997 35.810989 35.751877 35.586393 35.143343 33.990552 31.000704 22.996170 0.000000 
50.000000 50.000000 50.000000 50.000000 50.000000 50.000000 50.000000 50.000000 50.000000 50.000000 50.000000 50.000000 50.000000 50.000000 50.000000 50.000000 50.000000 50.000000 50.000000 50.000000 50.000000 50.000000 50.000000 50.000000 50.000000 50.000000 50.000000 50.000000 50.000000 50.000000 50.000000 50.000000 50.000000 50.000000 50.000000 50.000000 50.000000 50.000000 50.000000 50.000000 50.000000 50.000000 50.000000 50.000000 50.000000 50.000000 50.000000 50.000000 50.000000 50.000000 
