50.000000 50.000000 50.000000 50.000000 50.000000 50.000000 50.000000 50.000000 50.000000 50.000000 50.000000 50.000000 50.000000 50.000000 50.000000 50.000000 50.000000 50.000000 50.000000 50.000000 50.000000 50.000000 50.000000 50.000000 50.000000 50.000000 50.000000 50.000000 50.000000 50.000000 50.000000 50.000000 50.000000 50.000000 50.000000 50.000000 50.000000 50.000000 50.000000 50.000000 50.000000 50.000000 50.000000 50.000000 50.000000 50.000000 50.000000 50.000000 50.000000 50.000000 
50.000000 48.870971 47.781955 46.768714 45.859263 45.071683 44.413519 43.882641 43.469226 43.158314 42.932429 42.773833 42.666182 42.595512 42.550623 42.523024 42.506590 42.497109 42.491808 42.488932 42.487419 42.486647 42.486263 42.486078 42.485990 42.485949 42.485926 42.485907 42.485877 42.485818 42.485694 42.485434 42.484904 42.483847 42.481785 42.477860 42.470547 42.457208 42.433354 42.391447 42.318931 42.194875 41.983982 41.625086 41.007065 39.913059 37.876309 33.763611 24.435486 0.000000 
50.000000 47.781955 45.642519 43.651950 41.865282 40.318042 39.025048 37.982117 37.169949 36.559155 36.115398 35.803834 35.592354 35.453522 35.365340 35.311122 35.278838 35.260214 35.249799 35.244151 35.241179 35.239661 35.238907 35.238544 35.238372 35.238290 35.238246 35.238210 35.238154 35.238043 35.237810 35.237323 35.236331 35.234355 35.230510 35.223201 35.209618 35.184921 35.140929 35.064045 34.931927 34.708083 34.332803 33.707306 32.664791 30.915620 27.943086 22.821259 14.018344 0.000000 
50.000000 46.768714 43.651950 40.752062 38.149226 35.895197 34.011562 32.492226 31.309070 30.419277 29.772827 29.318952 29.010879 28.808638 28.680181 28.601200 28.554173 28.527044 28.511873 28.503646 28.499317 28.497105 28.496008 28.495478 28.495228 28.495110 28.495047 28.494995 28.494920 28.494769 28.494455 28.493800 28.492468 28.489819 28.484679 28.474939 28.456909 28.424281 28.366514 28.266335 28.095931 27.811127 27.342473 26.581528 25.359969 23.419468 20.376031 15.708864 8.892406 0.000000 
50.000000 45.859263 41.865282 38.149226 34.813836 31.925434 29.511682 27.564765 26.048648 24.908461 24.080101 23.498513 23.103756 22.844614 22.680016 22.578816 22.518560 22.483799 22.464361 22.453819 22.448273 22.445439 22.444033 22.443355 22.443035 22.442884 22.442805 22.442743 22.442654 22.442481 22.442120 22.441369 22.439846 22.436826 22.430985 22.419962 22.399657 22.363134 22.298952 22.188696 22.003395 21.698478 21.206865 20.429971 19.227171 17.406918 14.729758 10.949662 5.946204 0.000000 
50.000000 45.071683 40.318042 35.895197 31.925434 28.487690 25.614884 23.297715 21.493286 20.136287 19.150421 18.458256 17.988449 17.680044 17.484158 17.363724 17.292016 17.250649 17.227518 17.214974 17.208373 17.205002 17.203329 17.202522 17.202142 17.201963 17.201871 17.201802 17.201709 17.201529 17.201155 17.200382 17.198816 17.195724 17.189766 17.178575 17.158077 17.121459 17.057647 16.949149 16.769118 16.477582 16.016950 15.307403 14.243845 12.698263 10.535228 7.653251 4.064618 0.000000 
50.000000 44.413519 39.025048 34.011562 29.511682 25.614884 22.358484 19.731931 17.686596 16.148442 15.030978 14.246429 13.713924 13.364365 13.142343 13.005842 12.924569 12.877686 12.851470 12.837254 12.829773 12.825953 12.824057 12.823142 12.822712 12.822510 12.822409 12.822337 12.822246 12.822073 12.821716 12.820982 12.819500 12.816584 12.810990 12.800538 12.781509 12.747761 12.689461 12.591371 12.430674 12.174457 11.777217 11.179242 10.307481 9.081710 7.430034 5.317742 2.788433 0.000000 
50.000000 43.882641 37.982117 32.492226 27.564765 23.297715 19.731931 16.855858 14.616237 12.931991 11.708406 10.849362 10.266301 9.883561 9.640469 9.491015 9.402032 9.350702 9.322000 9.306436 9.298246 9.294064 9.291988 9.290987 9.290516 9.290297 9.290189 9.290118 9.290032 9.289877 9.289559 9.288908 9.287598 9.285030 9.280128 9.271017 9.254534 9.225516 9.175823 9.093070 8.959145 8.748684 8.427929 7.954714 7.280765 6.357900 5.149753 3.649314 1.898659 0.000000 
50.000000 43.469226 37.169949 31.309070 26.048648 21.493286 17.686596 14.616237 12.225346 10.427358 9.121155 8.204119 7.581705 7.173138 6.913646 6.754112 6.659129 6.604339 6.573703 6.557090 6.548349 6.543885 6.541670 6.540602 6.540100 6.539867 6.539755 6.539685 6.539609 6.539477 6.539210 6.538666 6.537575 6.535446 6.531400 6.523921 6.510474 6.486975 6.447068 6.381262 6.275970 6.112673 5.867553 5.512140 5.015704 4.350171 3.497943 2.461866 1.274351 0.000000 
50.000000 43.158314 36.559155 30.419277 24.908461 20.136287 16.148442 12.931991 10.427358 8.543853 7.175536 6.214903 5.562907 5.134927 4.863109 4.696000 4.596509 4.539119 4.507029 4.489629 4.480474 4.475798 4.473478 4.472360 4.471835 4.471592 4.471477 4.471411 4.471346 4.471239 4.471026 4.470594 4.469733 4.468060 4.464896 4.459078 4.448681 4.430638 4.400241 4.350573 4.271926 4.151389 3.972846 3.717768 3.367169 2.905066 2.323347 1.627228 0.839384 0.000000 
50.000000 42.932429 36.115398 29.772827 24.080101 19.150421 15.030978 11.708406 9.121155 7.175536 5.762108 4.769815 4.096338 3.654263 3.373496 3.200887 3.098123 3.038846 3.005703 2.987730 2.978275 2.973446 2.971050 2.969895 2.969353 2.969104 2.968988 2.968925 2.968870 2.968786 2.968625 2.968299 2.967653 2.966401 2.964045 2.959736 2.952081 2.938882 2.916813 2.881054 2.824963 2.739892 2.615336 2.439607 2.201272 1.891405 1.506492 1.051354 0.540982 0.000000 
50.000000 42.773833 35.803834 29.318952 23.498513 18.458256 14.246429 10.849362 8.204119 6.214903 4.769815 3.755303 3.066753 2.614787 2.327742 2.151276 2.046217 1.985617 1.951733 1.933360 1.923694 1.918758 1.916309 1.915128 1.914575 1.914320 1.914204 1.914144 1.914098 1.914035 1.913918 1.913683 1.913219 1.912325 1.910650 1.907600 1.902213 1.892981 1.877651 1.853002 1.814662 1.757050 1.673539 1.556969 1.400608 1.199561 0.952439 0.662905 0.340479 0.000000 
50.000000 42.666182 35.592354 29.010879 23.103756 17.988449 13.713924 10.266301 7.581705 5.562907 4.096338 3.066753 2.367977 1.909304 1.618001 1.438919 1.332303 1.270806 1.236421 1.217777 1.207968 1.202958 1.200473 1.199276 1.198714 1.198457 1.198340 1.198283 1.198245 1.198199 1.198116 1.197954 1.197635 1.197024 1.195882 1.193815 1.190180 1.183989 1.173771 1.157456 1.132270 1.094731 1.040785 0.966164 0.866990 0.740623 0.586598 0.407433 0.208974 0.000000 
50.000000 42.595512 35.453522 28.808638 22.844614 17.680044 13.364365 9.883561 7.173138 5.134927 3.654263 2.614787 1.909304 1.446230 1.152134 0.971337 0.863701 0.801615 0.766902 0.748079 0.738177 0.733120 0.730611 0.729402 0.728835 0.728576 0.728459 0.728405 0.728372 0.728339 0.728283 0.728175 0.727965 0.727563 0.726817 0.725470 0.723115 0.719123 0.712575 0.702182 0.686246 0.662663 0.629027 0.582856 0.521967 0.444957 0.351730 0.243905 0.124965 0.000000 
50.000000 42.550623 35.365340 28.680181 22.680016 17.484158 13.142343 9.640469 6.913646 4.863109 3.373496 2.327742 1.618001 1.152134 0.856267 0.674381 0.566097 0.503638 0.468717 0.449782 0.439820 0.434732 0.432209 0.430993 0.430423 0.430162 0.430046 0.429993 0.429964 0.429940 0.429903 0.429834 0.429701 0.429447 0.428977 0.428133 0.426664 0.424186 0.420142 0.413760 0.404032 0.389725 0.369451 0.341806 0.305583 0.260054 0.205242 0.142139 0.072763 0.000000 
50.000000 42.523024 35.311122 28.601200 22.578816 17.363724 13.005842 9.491015 6.754112 4.696000 3.200888 2.151276 1.438919 0.971337 0.674381 0.491827 0.383145 0.320458 0.285408 0.266404 0.256405 0.251299 0.248767 0.247546 0.246974 0.246713 0.246597 0.246545 0.246519 0.246501 0.246477 0.246434 0.246353 0.246198 0.245913 0.245404 0.244520 0.243037 0.240627 0.236842 0.231104 0.222712 0.210887 0.194852 0.173958 0.147831 0.116521 0.080612 0.041238 0.000000 
50.000000 42.506590 35.278838 28.554174 22.518560 17.292016 12.924570 9.402032 6.659129 4.596509 3.098124 2.046217 1.332303 0.863701 0.566097 0.383145 0.274228 0.211404 0.176278 0.157233 0.147213 0.142096 0.139558 0.138335 0.137761 0.137500 0.137384 0.137332 0.137309 0.137294 0.137279 0.137253 0.137205 0.137114 0.136947 0.136651 0.136138 0.135280 0.133892 0.131723 0.128449 0.123684 0.117002 0.107986 0.096292 0.081734 0.064354 0.044483 0.022743 0.000000 
50.000000 42.497109 35.260214 28.527044 22.483799 17.250650 12.877686 9.350702 6.604339 4.539119 3.038847 1.985617 1.270806 0.801615 0.503639 0.320458 0.211404 0.148502 0.113332 0.094263 0.084231 0.079107 0.076566 0.075341 0.074768 0.074506 0.074390 0.074339 0.074316 0.074304 0.074294 0.074279 0.074251 0.074200 0.074106 0.073938 0.073651 0.073171 0.072398 0.071194 0.069386 0.066764 0.063104 0.058186 0.051833 0.043953 0.034576 0.023883 0.012205 0.000000 
50.000000 42.491808 35.249799 28.511873 22.464361 17.227518 12.851471 9.322001 6.573703 4.507030 3.005703 1.951734 1.236422 0.766903 0.468718 0.285409 0.176279 0.113333 0.078139 0.059057 0.049017 0.043890 0.041348 0.040122 0.039548 0.039286 0.039170 0.039120 0.039098 0.039087 0.039080 0.039071 0.039055 0.039027 0.038976 0.038885 0.038728 0.038469 0.038052 0.037405 0.036437 0.035038 0.033093 0.030489 0.027137 0.022992 0.018073 0.012476 0.006374 0.000000 
50.000000 42.488933 35.244152 28.503647 22.453821 17.214975 12.837255 9.306437 6.557092 4.489631 2.987733 1.933363 1.217779 0.748082 0.449784 0.266406 0.157235 0.094265 0.059058 0.039968 0.029925 0.024796 0.022253 0.021027 0.020452 0.020190 0.020074 0.020024 0.020002 0.019993 0.019987 0.019982 0.019973 0.019958 0.019931 0.019883 0.019801 0.019665 0.019447 0.019110 0.018607 0.017883 0.016880 0.015541 0.013822 0.011702 0.009193 0.006343 0.003239 0.000000 
50.000000 42.487420 35.241181 28.499319 22.448276 17.208377 12.829778 9.298251 6.548354 4.480479 2.978280 1.923700 1.207973 0.738182 0.439825 0.256411 0.147218 0.084236 0.049022 0.029929 0.019884 0.014754 0.012210 0.010983 0.010409 0.010147 0.010031 0.009981 0.009959 0.009950 0.009946 0.009942 0.009938 0.009930 0.009916 0.009891 0.009849 0.009780 0.009670 0.009499 0.009246 0.008882 0.008379 0.007709 0.006852 0.005798 0.004552 0.003139 0.001603 0.000000 
50.000000 42.486649 35.239665 28.497111 22.445447 17.205012 12.825963 9.294075 6.543897 4.475811 2.973459 1.918771 1.202972 0.733134 0.434746 0.251314 0.142110 0.079121 0.043904 0.024808 0.014763 0.009632 0.007088 0.005861 0.005287 0.005025 0.004909 0.004859 0.004837 0.004829 0.004825 0.004822 0.004820 0.004816 0.004809 0.004796 0.004776 0.004741 0.004687 0.004603 0.004478 0.004300 0.004055 0.003729 0.003312 0.002801 0.002198 0.001516 0.000774 0.000000 
50.000000 42.486269 35.238918 28.496024 22.444054 17.203353 12.824084 9.292018 6.541701 4.473511 2.971084 1.916343 1.200508 0.730646 0.432244 0.248802 0.139593 0.076601 0.041382 0.022286 0.012239 0.007109 0.004564 0.003337 0.002763 0.002501 0.002385 0.002335 0.002314 0.002305 0.002301 0.002299 0.002298 0.002296 0.002292 0.002286 0.002276 0.002260 0.002233 0.002193 0.002133 0.002047 0.001929 0.001773 0.001575 0.001331 0.001044 0.000720 0.000367 0.000000 
50.000000 42.486091 35.238570 28.495516 22.443404 17.202580 12.823208 9.291059 6.540678 4.472439 2.969977 1.915211 1.199360 0.729487 0.431078 0.247631 0.138420 0.075426 0.040207 0.021110 0.011063 0.005932 0.003388 0.002161 0.001587 0.001325 0.001209 0.001159 0.001137 0.001129 0.001125 0.001124 0.001123 0.001121 0.001120 0.001117 0.001112 0.001103 0.001090 0.001070 0.001041 0.000999 0.000941 0.000864 0.000767 0.000648 0.000508 0.000350 0.000179 0.000000 
50.000000 42.486022 35.238434 28.495319 22.443151 17.202279 12.822866 9.290685 6.540278 4.472021 2.969545 1.914770 1.198912 0.729035 0.430623 0.247175 0.137962 0.074969 0.039748 0.020651 0.010605 0.005474 0.002929 0.001703 0.001128 0.000866 0.000750 0.000700 0.000679 0.000670 0.000667 0.000665 0.000664 0.000664 0.000663 0.000661 0.000658 0.000653 0.000645 0.000633 0.000615 0.000590 0.000556 0.000510 0.000453 0.000382 0.000300 0.000206 0.000105 0.000000 
50.000000 42.486022 35.238434 28.495319 22.443151 17.202279 12.822866 9.290685 6.540278 4.472021 2.969545 1.914770 1.198912 0.729035 0.430623 0.247175 0.137962 0.074969 0.039748 0.020651 0.010605 0.005474 0.002929 0.001703 0.001128 0.000866 0.000750 0.000700 0.000679 0.000670 0.000667 0.000665 0.000664 0.000664 0.000663 0.000661 0.000658 0.000653 0.000645 0.000633 0.000615 0.000590 0.000556 0.000510 0.000453 0.000382 0.000300 0.000206 0.000105 0.000000 
50.000000 42.486091 35.238570 28.495516 22.443404 17.202580 12.823208 9.291059 6.540678 4.472439 2.969977 1.915211 1.199360 0.729487 0.431078 0.247631 0.138420 0.075426 0.040207 0.021110 0.011063 0.005932 0.003388 0.002161 0.001587 0.001325 0.001209 0.001159 0.001137 0.001129 0.001125 0.001124 0.001123 0.001121 0.001120 0.001117 0.001112 0.001103 0.001090 0.001070 0.001041 0.000999 0.000941 0.000864 0.000767 0.000648 0.000508 0.000350 0.000179 0.000000 
50.000000 42.486269 35.238918 28.496024 22.444054 17.203353 12.824084 9.292018 6.541701 4.473511 2.971084 1.916343 1.200508 0.730646 0.432244 0.248802 0.139593 0.076601 0.041382 0.022286 0.012239 0.007109 0.004564 0.003337 0.002763 0.002501 0.002385 0.002335 0.002314 0.002305 0.002301 0.002299 0.002298 0.002296 0.002292 0.002286 0.002276 0.002260 0.002233 0.002193 0.002133 0.002047 0.001929 0.001773 0.001575 0.001331 0.001044 0.000720 0.000367 0.000000 
50.000000 42.486649 35.239665 28.497111 22.445447 17.205012 12.825963 9.294075 6.543897 4.475811 2.973459 1.918771 1.202972 0.733134 0.434746 0.251314 0.142110 0.079121 0.043904 0.024808 0.014763 0.009632 0.007088 0.005861 0.005287 0.005025 0.004909 0.004859 0.004837 0.004829 0.004825 0.004822 0.004820 0.004816 0.004809 0.004796 0.004776 0.004741 0.004687 0.004603 0.004478 0.004300 0.004055 0.003729 0.003312 0.002801 0.002198 0.001516 0.000774 0.000000 
50.000000 42.487420 35.241181 28.499319 22.448276 17.208377 12.829778 9.298251 6.548354 4.480479 2.978280 1.923700 1.207973 0.738182 0.439825 0.256411 0.147218 0.084236 0.049022 0.029929 0.019884 0.014754 0.012210 0.010983 0.010409 0.010147 0.010031 0.009981 0.009959 0.009950 0.009946 0.009942 0.009938 0.009930 0.009916 0.009891 0.009849 0.009780 0.009670 0.009499 0.009246 0.008882 0.008379 0.007709 0.006852 0.005798 0.004552 0.003139 0.001603 0.000000 
50.000000 42.488933 35.244152 28.503647 22.453821 17.214975 12.837255 9.306437 6.557092 4.489631 2.987733 1.933363 1.217779 0.748082 0.449784 0.266406 0.157235 0.094265 0.059058 0.039968 0.029925 0.024796 0.022253 0.021027 0.020452 0.020190 0.020074 0.020024 0.020002 0.019993 0.019987 0.019982 0.019973 0.019958 0.019931 0.019883 0.019801 0.019665 0.019447 0.019110 0.018607 0.017883 0.016880 0.015541 0.013822 0.011702 0.009193 0.006343 0.003239 0.000000 
50.000000 42.491808 35.249799 28.511873 22.464361 17.227518 12.851471 9.322001 6.573703 4.507030 3.005703 1.951734 1.236422 0.766903 0.468718 0.285409 0.176279 0.113333 0.078139 0.059057 0.049017 0.043890 0.041348 0.040122 0.039548 0.039286 0.039170 0.039120 0.039098 0.039087 0.039080 0.039071 0.039055 0.039027 0.038976 0.038885 0.038728 0.038469 0.038052 0.037405 0.036437 0.035038 0.033093 0.030489 0.027137 0.022992 0.018073 0.012476 0.006374 0.000000 
50.000000 42.497109 35.260214 28.527044 22.483799 17.250650 12.877686 9.350702 6.604339 4.539119 3.038847 1.985617 1.270806 0.801615 0.503639 0.320458 0.211404 0.148502 0.113332 0.094263 0.084231 0.079107 0.076566 0.075341 0.074768 0.074506 0.074390 0.074339 0.074316 0.074304 0.074294 0.074279 0.074251 0.074200 0.074106 0.073938 0.073651 0.073171 0.072398 0.071194 0.069386 0.066764 0.063104 0.058186 0.051833 0.043953 0.034576 0.023883 0.012205 0.000000 
50.000000 42.506590 35.278838 28.554174 22.518560 17.292016 12.924570 9.402032 6.659129 4.596509 3.098124 2.046217 1.332303 0.863701 0.566097 0.383145 0.274228 0.211404 0.176278 0.157233 0.147213 0.142096 0.139558 0.138335 0.137761 0.137500 0.137384 0.137332 0.137309 0.137294 0.137279 0.137253 0.137205 0.137114 0.136947 0.136651 0.136138 0.135280 0.133892 0.131723 0.128449 0.123684 0.117002 0.107986 0.096292 0.081734 0.064354 0.044483 0.022743 0.000000 
50.000000 42.523024 35.311122 28.601200 22.578816 17.363724 13.005842 9.491015 6.754112 4.696000 3.200888 2.151276 1.438919 0.971337 0.674381 0.491827 0.383145 0.320458 0.285408 0.266404 0.256405 0.251299 0.248767 0.247546 0.246974 0.246713 0.246597 0.246545 0.246519 0.246501 0.246477 0.246434 0.246353 0.246198 0.245913 0.245404 0.244520 0.243037 0.240627 0.236842 0.231104 0.222712 0.210887 0.194852 0.173958 0.147831 0.116521 0.080612 0.041238 0.000000 
50.000000 42.550623 35.365340 28.680181 22.680016 17.484158 13.142343 9.640469 6.913646 4.863109 3.373496 2.327742 1.618001 1.152134 0.856267 0.674381 0.566097 0.503638 0.468717 0.449782 0.439820 0.434732 0.432209 0.430993 0.430423 0.430162 0.430046 0.429993 0.429964 0.429940 0.429903 0.429834 0.429701 0.429447 0.428977 0.428133 0.426664 0.424186 0.420142 0.413760 0.404032 0.389725 0.369451 0.341806 0.305583 0.260054 0.205242 0.142139 0.072763 0.000000 
50.000000 42.595512 35.453522 28.808638 22.844614 17.680044 13.364365 9.883561 7.173138 5.134927 3.654263 2.614787 1.909304 1.446230 1.152134 0.971337 0.863701 0.801615 0.766902 0.748079 0.738177 0.733120 0.730611 0.729402 0.728835 0.728576 0.728459 0.728405 0.728372 0.728339 0.728283 0.728175 0.727965 0.727563 0.726817 0.725470 0.723115 0.719123 0.712575 0.702182 0.686246 0.662663 0.629027 0.582856 0.521967 0.444957 0.351730 0.243905 0.124965 0.000000 
50.000000 42.666182 35.592354 29.010879 23.103756 17.988449 13.713924 10.266301 7.581705 5.562907 4.096338 3.066753 2.367977 1.909304 1.618001 1.438919 1.332303 1.270806 1.236421 1.217777 1.207968 1.202958 1.200473 1.199276 1.198714 1.198457 1.198340 1.198283 1.198245 1.198199 1.198116 1.197954 1.197635 1.197024 1.195882 1.193815 1.190180 1.183989 1.173771 1.157456 1.132270 1.094731 1.040785 0.966164 0.866990 0.740623 0.586598 0.407433 0.208974 0.000000 
50.000000 42.773833 35.803834 29.318952 23.498513 18.458256 14.246429 10.849362 8.204119 6.214903 4.769815 3.755303 3.066753 2.614787 2.327742 2.151276 2.046217 1.985617 1.951733 1.933360 1.923694 1.918758 1.916309 1.915128 1.914575 1.914320 1.914204 1.914144 1.914098 1.914035 1.913918 1.913683 1.913219 1.912325 1.910650 1.907600 1.902213 1.892981 1.877651 1.853002 1.814662 1.757050 1.673539 1.556969 1.400608 1.199561 0.952439 0.662905 0.340479 0.000000 
50.000000 42.932429 36.115398 29.772827 24.080101 19.150421 15.030978 11.708406 9.121155 7.175536 5.762108 4.769815 4.096338 3.654263 3.373496 3.200887 3.098123 3.038846 3.005703 2.987730 2.978275 2.973446 2.971050 2.969895 2.969353 2.969104 2.968988 2.968925 2.968870 2.968786 2.968625 2.968299 2.967653 2.966401 2.964045 2.959736 2.952081 2.938882 2.916813 2.881054 2.824963 2.739892 2.615336 2.439607 2.201272 1.891405 1.506492 1.051354 0.540982 0.000000 
50.000000 43.158314 36.559155 30.419277 24.908461 20.136287 16.148442 12.931991 10.427358 8.543853 7.175536 6.214903 5.562907 5.134927 4.863109 4.696000 4.596509 4.539119 4.507029 4.489629 4.480474 4.475798 4.473478 4.472360 4.471835 4.471592 4.471477 4.471411 4.471346 4.471239 4.471026 4.470594 4.469733 4.468060 4.464896 4.459078 4.448681 4.430638 4.400241 4.350573 4.271926 4.151389 3.972846 3.717768 3.367169 2.905066 2.323347 1.627228 0.839384 0.000000 
50.000000 43.469226 37.169949 31.309070 26.048648 21.493286 17.686596 14.616237 12.225346 10.427358 9.121155 8.204119 7.581705 7.173138 6.913646 6.754112 6.659129 6.604339 6.573703 6.557090 6.548349 6.543885 6.541670 6.540602 6.540100 6.539867 6.539755 6.539685 6.539609 6.539477 6.539210 6.538666 6.537575 6.535446 6.531400 6.523921 6.510474 6.486975 6.447068 6.381262 6.275970 6.112673 5.867553 5.512140 5.015704 4.350171 3.497943 2.461866 1.274351 0.000000 
50.000000 43.882641 37.982117 32.492226 27.564765 23.297715 19.731931 16.855858 14.616237 12.931991 11.708406 10.849362 10.266301 9.883561 9.640469 9.491015 9.402032 9.350702 9.322000 9.306436 9.298246 9.294064 9.291988 9.290987 9.290516 9.290297 9.290189 9.290118 9.290032 9.289877 9.289559 9.288908 9.287598 9.285030 9.280128 9.271017 9.254534 9.225516 9.175823 9.093070 8.959145 8.748684 8.427929 7.954714 7.280765 6.357900 5.149753 3.649314 1.898659 0.000000 
50.000000 44.413519 39.025048 34.011562 29.511682 25.614884 22.358484 19.731931 17.686596 16.148442 15.030978 14.246429 13.713924 13.364365 13.142343 13.005842 12.924569 12.877686 12.851470 12.837254 12.829773 12.825953 12.824057 12.823142 12.822712 12.822510 12.822409 12.822337 12.822246 12.822073 12.821716 12.820982 12.819500 12.816584 12.810990 12.800538 12.781509 12.747761 12.689461 12.591371 12.430674 12.174457 11.777217 11.179242 10.307481 9.081710 7.430034 5.317742 2.788433 0.000000 
50.000000 45.071683 40.318042 35.895197 31.925434 28.487690 25.614884 23.297715 21.493286 20.136287 19.150421 18.458256 17.988449 17.680044 17.484158 17.363724 17.292016 17.250649 17.227518 17.214974 17.208373 17.205002 17.203329 17.202522 17.202142 17.201963 17.201871 17.201802 17.201709 17.201529 17.201155 17.200382 17.198816 17.195724 17.189766 17.178575 17.158077 17.121459 17.057647 16.949149 16.769118 16.477582 16.016950 15.307403 14.243845 12.698263 10.535228 7.653251 4.064618 0.000000 
50.000000 45.859263 41.865282 38.149226 34.813836 31.925434 29.511682 27.564765 26.048648 24.908461 24.080101 23.498513 23.103756 22.844614 22.680016 22.578816 22.518560 22.483799 22.464361 22.453819 22.448273 22.445439 22.444033 22.443355 22.443035 22.442884 22.442805 22.442743 22.442654 22.442481 22.442120 22.441369 22.439846 22.436826 22.430985 22.419962 22.399657 22.363134 22.298952 22.188696 22.003395 21.698478 21.206865 20.429971 19.227171 17.406918 14.729758 10.949662 5.946204 0.000000 
50.000000 46.768714 43.651950 40.752062 38.149226 35.895197 34.011562 32.492226 31.309070 30.419277 29.772827 29.318952 29.010879 28.808638 28.680181 28.601200 28.554173 28.527044 28.511873 28.503646 28.499317 28.497105 28.496008 28.495478 28.495228 28.495110 28.495047 28.494995 28.494920 28.494769 28.494455 28.493800 28.492468 28.489819 28.484679 28.474939 28.456909 28.424281 28.366514 28.266335 28.095931 27.811127 27.342473 26.581528 25.359969 23.419468 20.376031 15.708864 8.892406 0.000000 
50.000000 47.781955 45.642519 43.651950 41.865282 40.318042 39.025048 37.982117 37.169949 36.559155 36.115398 35.803834 35.592354 35.453522 35.365340 35.311122 35.278838 35.260214 35.249799 35.244151 35.241179 35.239661 35.238907 35.238544 35.238372 35.238290 35.238246 35.238210 35.238154 35.238043 35.237810 35.237323 35.236331 35.234355 35.230510 35.223201 35.209618 35.184921 35.140929 35.064045 34.931927 34.708083 34.332803 33.707306 32.664791 30.915620 27.943086 22.821259 14.018344 0.000000 
50.000000 48.870971 47.781955 46.768714 45.859263 45.071683 44.413519 43.882641 43.469226 43.158314 42.932429 42.773833 42.666182 42.595512 42.550623 42.523024 42.506590 42.497109 42.491808 42.488932 42.487419 42.486647 42.486263 42.486078 42.485990 42.485949 42.485926 42.485907 42.485877 42.485818 42.485694 42.485434 42.484904 42.483847 42.481785 42.477860 42.470547 42.457208 42.433354 42.391447 42.318931 42.194875 41.983982 41.625086 41.007065 39.913059 37.876309 33.763611 24.435486 0.000000 
50.000000 50.000000 50.000000 50.000000 50.000000 50.000000 50.000000 50.000000 50.000000 50.000000 50.000000 50.000000 50.000000 50.000000 50.000000 50.000000 50.000000 50.000000 50.000000 50.000000 50.000000 50.000000 50.000000 50.000000 50.000000 50.000000 50.000000 50.000000 50.000000 50.000000 50.000000 50.000000 50.000000 50.000000 50.000000 50.000000 50.000000 50.000000 50.000000 50.000000 50.000000 50.000000 50.000000 50.000000 50.000000 50.000000 50.000000 50.000000 50.000000 50.000000 
