50.000000 50.000000 50.000000 50.000000 50.000000 50.000000 50.000000 50.000000 50.000000 50.000000 50.000000 50.000000 50.000000 50.000000 50.000000 50.000000 50.000000 50.000000 50.000000 50.000000 50.000000 50.000000 50.000000 50.000000 50.000000 50.000000 50.000000 50.000000 50.000000 50.000000 50.000000 50.000000 50.000000 50.000000 50.000000 50.000000 50.000000 50.000000 50.000000 50.000000 50.000000 50.000000 50.000000 50.000000 50.000000 50.000000 50.000000 50.000000 50.000000 50.000000 
50.000000 48.686504 47.427156 46.269413 45.248730 44.385603 43.685298 43.139946 42.732173 42.439281 42.237091 42.102873 42.017149 41.964438 41.933215 41.915388 41.905569 41.900350 41.897670 41.896341 41.895703 41.895406 41.895273 41.895215 41.895190 41.895180 41.895174 41.895170 41.895161 41.895141 41.895095 41.894989 41.894753 41.894241 41.893160 41.890940 41.886496 41.877821 41.861292 41.830489 41.774215 41.673068 41.493321 41.175216 40.608645 39.577105 37.613338 33.582678 24.343252 0.000000 
50.000000 47.427156 44.960376 42.692622 40.693343 39.002682 37.630956 36.562750 35.764030 35.190335 34.794302 34.531410 34.363504 34.260260 34.199106 34.164188 34.144958 34.134735 34.129487 34.126883 34.125633 34.125053 34.124792 34.124678 34.124629 34.124609 34.124599 34.124589 34.124573 34.124536 34.124450 34.124254 34.123816 34.122869 34.120873 34.116780 34.108607 34.092703 34.062521 34.006572 33.905075 33.724421 33.407856 32.859260 31.913735 30.282319 27.447366 22.480188 13.844477 0.000000 
50.000000 46.269413 42.692622 39.404423 36.505518 34.054113 32.065164 30.516318 29.358222 28.526407 27.952195 27.571029 27.327584 27.177896 27.089231 27.038607 27.010726 26.995906 26.988298 26.984522 26.982711 26.981869 26.981491 26.981326 26.981256 26.981226 26.981211 26.981199 26.981177 26.981128 26.981014 26.980754 26.980176 26.978927 26.976301 26.970935 26.960260 26.939590 26.900599 26.828883 26.700109 26.474021 26.085188 25.428781 24.339066 22.558633 19.702212 15.245256 8.656074 0.000000 
50.000000 45.248730 40.693343 36.505518 32.813510 29.691452 27.158388 25.185841 23.710955 22.651613 21.920345 21.434932 21.124911 20.934289 20.821381 20.756915 20.721413 20.702541 20.692853 20.688046 20.685739 20.684668 20.684186 20.683976 20.683887 20.683849 20.683831 20.683816 20.683792 20.683736 20.683608 20.683316 20.682670 20.681277 20.678361 20.672422 20.660668 20.638044 20.595687 20.518511 20.381590 20.144906 19.746049 19.090627 18.041022 16.406755 13.946884 10.411024 5.671625 0.000000 
50.000000 44.385603 39.002682 34.054113 29.691452 26.002298 23.009150 20.678351 18.935617 17.683910 16.819865 16.246323 15.880024 15.654803 15.521403 15.445240 15.403296 15.381001 15.369555 15.363876 15.361151 15.359886 15.359317 15.359069 15.358964 15.358919 15.358899 15.358883 15.358858 15.358802 15.358673 15.358381 15.357735 15.356349 15.353458 15.347598 15.336065 15.314017 15.273081 15.199253 15.069926 14.849896 14.486459 13.904193 13.001149 11.650430 9.715047 7.088948 3.776958 0.000000 
50.000000 43.685298 37.630956 32.065164 27.158388 23.009150 19.642750 17.021324 15.061315 13.653571 12.681830 12.036813 11.624872 11.371594 11.221579 11.135931 11.088765 11.063696 11.050826 11.044440 11.041376 11.039953 11.039314 11.039035 11.038917 11.038867 11.038844 11.038828 11.038805 11.038753 11.038634 11.038366 11.037776 11.036513 11.033890 11.028601 11.018253 10.998615 10.962464 10.897941 10.786329 10.599327 10.296162 9.821375 9.104957 8.067762 6.636383 4.771697 2.510082 0.000000 
50.000000 43.139946 36.562750 30.516318 25.185841 20.678351 17.021324 14.173618 12.044449 10.515230 9.459655 8.759003 8.311540 8.036426 7.873482 7.780455 7.729227 7.701998 7.688020 7.681085 7.677758 7.676213 7.675518 7.675215 7.675087 7.675033 7.675010 7.674994 7.674973 7.674929 7.674827 7.674599 7.674097 7.673029 7.670820 7.666389 7.657775 7.641544 7.611920 7.559579 7.470120 7.322356 7.086809 6.725162 6.191892 5.439793 4.431130 3.154893 1.646625 0.000000 
50.000000 42.732173 35.764030 29.358222 23.710955 18.935617 15.061315 12.044449 9.788830 8.168814 7.050582 6.308352 5.834345 5.542917 5.370313 5.271774 5.217511 5.188670 5.173865 5.166520 5.162996 5.161360 5.160624 5.160303 5.160167 5.160111 5.160087 5.160072 5.160054 5.160018 5.159937 5.159755 5.159356 5.158509 5.156766 5.153290 5.146572 5.134002 5.111251 5.071436 5.004141 4.894415 4.722093 4.461988 4.085722 3.566049 2.884201 2.039609 1.059105 0.000000 
50.000000 42.439281 35.190335 28.526407 22.651613 17.683910 13.653571 10.515230 8.168814 6.483609 5.320393 4.548318 4.055258 3.752121 3.572587 3.470092 3.413652 3.383655 3.368257 3.360618 3.356953 3.355251 3.354486 3.354152 3.354011 3.353953 3.353928 3.353915 3.353900 3.353873 3.353811 3.353674 3.353375 3.352742 3.351446 3.348874 3.343933 3.334752 3.318261 3.289659 3.241804 3.164673 3.045110 2.867242 2.613984 2.270023 1.826298 1.285260 0.665066 0.000000 
50.000000 42.237091 34.794302 27.952195 21.920345 16.819865 12.681830 9.459655 7.050582 5.320393 4.126142 3.333478 2.827276 2.516064 2.331750 2.226528 2.168588 2.137794 2.121987 2.114145 2.110383 2.108636 2.107851 2.107508 2.107364 2.107304 2.107279 2.107267 2.107255 2.107235 2.107191 2.107093 2.106881 2.106433 2.105520 2.103717 2.100273 2.093915 2.082577 2.063071 2.030735 1.979146 1.900076 1.783889 1.620611 1.401834 1.123311 0.787730 0.406601 0.000000 
50.000000 42.102873 34.531410 27.571029 21.434932 16.246323 12.036813 8.759003 6.308352 4.548318 3.333478 2.527155 2.012237 1.695670 1.508187 1.401158 1.342223 1.310901 1.294823 1.286847 1.283020 1.281243 1.280445 1.280097 1.279949 1.279889 1.279864 1.279853 1.279844 1.279830 1.279799 1.279733 1.279589 1.279288 1.278677 1.277475 1.275192 1.271001 1.263578 1.250901 1.230057 1.197102 1.147084 1.074349 0.973243 0.839245 0.670429 0.468889 0.241581 0.000000 
50.000000 42.017149 34.363504 27.327584 21.124911 15.880024 11.624872 8.311540 5.834345 4.055258 2.827276 2.012237 1.491758 1.171775 0.982270 0.874088 0.814519 0.782860 0.766609 0.758548 0.754680 0.752884 0.752077 0.751725 0.751577 0.751515 0.751491 0.751480 0.751473 0.751463 0.751444 0.751401 0.751308 0.751115 0.750725 0.749961 0.748516 0.745879 0.741236 0.733361 0.720507 0.700343 0.669997 0.626258 0.566007 0.486867 0.387994 0.270800 0.139327 0.000000 
50.000000 41.964438 34.260260 27.177896 20.934289 15.654803 11.371594 8.036426 5.542917 3.752121 2.516064 1.695670 1.171775 0.849693 0.658947 0.550057 0.490099 0.458233 0.441877 0.433763 0.429870 0.428062 0.427250 0.426896 0.426746 0.426685 0.426660 0.426650 0.426644 0.426638 0.426625 0.426599 0.426542 0.426424 0.426185 0.425721 0.424846 0.423259 0.420478 0.415791 0.408188 0.396345 0.378651 0.353340 0.318738 0.273621 0.217635 0.151654 0.077942 0.000000 
50.000000 41.933215 34.199106 27.089231 20.821381 15.521403 11.221579 7.873482 5.370313 3.572587 2.331750 1.508187 0.982270 0.658947 0.467467 0.358158 0.297970 0.265982 0.249563 0.241418 0.237511 0.235696 0.234881 0.234525 0.234375 0.234314 0.234289 0.234279 0.234274 0.234270 0.234262 0.234246 0.234213 0.234144 0.234004 0.233734 0.233226 0.232309 0.230712 0.228033 0.223713 0.217024 0.207093 0.192978 0.173805 0.148959 0.118296 0.082326 0.042275 0.000000 
50.000000 41.915388 34.164188 27.038607 20.756915 15.445240 11.135931 7.780455 5.271774 3.470092 2.226528 1.401158 0.874088 0.550057 0.358158 0.248611 0.188292 0.156234 0.139780 0.131617 0.127701 0.125883 0.125065 0.124709 0.124559 0.124497 0.124472 0.124463 0.124458 0.124455 0.124451 0.124442 0.124423 0.124384 0.124306 0.124154 0.123872 0.123363 0.122481 0.121008 0.118646 0.115007 0.109635 0.102041 0.091782 0.078555 0.062305 0.043315 0.022227 0.000000 
50.000000 41.905569 34.144958 27.010726 20.721413 15.403296 11.088765 7.729227 5.217511 3.413652 2.168588 1.342223 0.814519 0.490099 0.297970 0.188292 0.127900 0.095805 0.079330 0.071158 0.067237 0.065417 0.064598 0.064242 0.064091 0.064030 0.064005 0.063995 0.063991 0.063989 0.063986 0.063981 0.063971 0.063950 0.063908 0.063826 0.063675 0.063404 0.062935 0.062155 0.060910 0.059002 0.056197 0.052252 0.046947 0.040135 0.031800 0.022089 0.011329 0.000000 
50.000000 41.900350 34.134735 26.995906 20.702541 15.381001 11.063696 7.701998 5.188670 3.383655 2.137794 1.310901 0.782860 0.458233 0.265982 0.156234 0.095805 0.063689 0.047204 0.039027 0.035104 0.033282 0.032463 0.032106 0.031956 0.031894 0.031869 0.031860 0.031856 0.031854 0.031853 0.031850 0.031845 0.031834 0.031812 0.031769 0.031691 0.031552 0.031311 0.030914 0.030281 0.029315 0.027901 0.025919 0.023266 0.019871 0.015731 0.010919 0.005597 0.000000 
50.000000 41.897670 34.129487 26.988298 20.692853 15.369555 11.050826 7.688020 5.173865 3.368257 2.121987 1.294823 0.766609 0.441877 0.249563 0.139780 0.079330 0.047204 0.030714 0.022534 0.018610 0.016788 0.015969 0.015612 0.015461 0.015399 0.015375 0.015365 0.015361 0.015360 0.015359 0.015357 0.015355 0.015349 0.015338 0.015317 0.015278 0.015209 0.015090 0.014894 0.014583 0.014111 0.013421 0.012459 0.011175 0.009537 0.007544 0.005233 0.002682 0.000000 
50.000000 41.896341 34.126883 26.984522 20.688046 15.363877 11.044440 7.681085 5.166520 3.360618 2.114145 1.286847 0.758548 0.433763 0.241418 0.131617 0.071158 0.039027 0.022534 0.014353 0.010428 0.008605 0.007786 0.007429 0.007278 0.007217 0.007192 0.007183 0.007179 0.007178 0.007177 0.007176 0.007175 0.007172 0.007167 0.007157 0.007138 0.007105 0.007048 0.006955 0.006807 0.006584 0.006258 0.005806 0.005204 0.004438 0.003508 0.002433 0.001246 0.000000 
50.000000 41.895703 34.125633 26.982711 20.685739 15.361152 11.041377 7.677758 5.162997 3.356953 2.110383 1.283021 0.754681 0.429871 0.237511 0.127701 0.067238 0.035104 0.018610 0.010428 0.006503 0.004680 0.003861 0.003504 0.003353 0.003291 0.003267 0.003257 0.003254 0.003252 0.003252 0.003251 0.003251 0.003249 0.003247 0.003242 0.003234 0.003218 0.003192 0.003149 0.003081 0.002979 0.002830 0.002624 0.002351 0.002004 0.001583 0.001097 0.000562 0.000000 
50.000000 41.895407 34.125053 26.981870 20.684669 15.359888 11.039955 7.676214 5.161361 3.355253 2.108638 1.281245 0.752886 0.428064 0.235698 0.125885 0.065419 0.033284 0.016790 0.008607 0.004682 0.002859 0.002040 0.001683 0.001532 0.001470 0.001446 0.001436 0.001433 0.001431 0.001431 0.001430 0.001430 0.001429 0.001428 0.001426 0.001422 0.001415 0.001404 0.001385 0.001354 0.001309 0.001243 0.001152 0.001031 0.000879 0.000694 0.000481 0.000246 0.000000 
50.000000 41.895274 34.124793 26.981494 20.684189 15.359321 11.039318 7.675523 5.160629 3.354491 2.107856 1.280450 0.752082 0.427255 0.234886 0.125071 0.064604 0.032469 0.015974 0.007791 0.003866 0.002043 0.001224 0.000867 0.000716 0.000654 0.000630 0.000620 0.000617 0.000615 0.000615 0.000615 0.000615 0.000614 0.000614 0.000613 0.000611 0.000608 0.000603 0.000595 0.000582 0.000562 0.000533 0.000494 0.000442 0.000377 0.000297 0.000206 0.000105 0.000000 
50.000000 41.895218 34.124683 26.981333 20.683985 15.359080 11.039047 7.675228 5.160317 3.354167 2.107523 1.280111 0.751740 0.426911 0.234540 0.124724 0.064257 0.032121 0.015627 0.007444 0.003518 0.001696 0.000876 0.000519 0.000369 0.000307 0.000282 0.000273 0.000269 0.000268 0.000267 0.000267 0.000267 0.000267 0.000267 0.000266 0.000266 0.000264 0.000262 0.000258 0.000253 0.000244 0.000232 0.000214 0.000192 0.000163 0.000129 0.000089 0.000046 0.000000 
50.000000 41.895197 34.124643 26.981275 20.683911 15.358992 11.038948 7.675121 5.160203 3.354049 2.107402 1.279988 0.751616 0.426786 0.234415 0.124598 0.064131 0.031995 0.015501 0.007318 0.003392 0.001570 0.000750 0.000393 0.000242 0.000181 0.000156 0.000147 0.000143 0.000142 0.000141 0.000141 0.000141 0.000141 0.000141 0.000141 0.000140 0.000139 0.000138 0.000136 0.000133 0.000129 0.000122 0.000113 0.000101 0.000086 0.000068 0.000047 0.000024 0.000000 
50.000000 41.895197 34.124643 26.981275 20.683911 15.358992 11.038948 7.675121 5.160203 3.354049 2.107402 1.279988 0.751616 0.426786 0.234415 0.124598 0.064131 0.031995 0.015501 0.007318 0.003392 0.001570 0.000750 0.000393 0.000242 0.000181 0.000156 0.000147 0.000143 0.000142 0.000141 0.000141 0.000141 0.000141 0.000141 0.000141 0.000140 0.000139 0.000138 0.000136 0.000133 0.000129 0.000122 0.000113 0.000101 0.000086 0.000068 0.000047 0.000024 0.000000 
50.000000 41.895218 34.124683 26.981333 20.683985 15.359080 11.039047 7.675228 5.160317 3.354167 2.107523 1.280111 0.751740 0.426911 0.234540 0.124724 0.064257 0.032121 0.015627 0.007444 0.003518 0.001696 0.000876 0.000519 0.000369 0.000307 0.000282 0.000273 0.000269 0.000268 0.000267 0.000267 0.000267 0.000267 0.000267 0.000266 0.000266 0.000264 0.000262 0.000258 0.000253 0.000244 0.000232 0.000214 0.000192 0.000163 0.000129 0.000089 0.000046 0.000000 
50.000000 41.895274 34.124793 26.981494 20.684189 15.359321 11.039318 7.675523 5.160629 3.354491 2.107856 1.280450 0.752082 0.427255 0.234886 0.125071 0.064604 0.032469 0.015974 0.007791 0.003866 0.002043 0.001224 0.000867 0.000716 0.000654 0.000630 0.000620 0.000617 0.000615 0.000615 0.000615 0.000615 0.000614 0.000614 0.000613 0.000611 0.000608 0.000603 0.000595 0.000582 0.000562 0.000533 0.000494 0.000442 0.000377 0.000297 0.000206 0.000105 0.000000 
50.000000 41.895407 34.125053 26.981870 20.684669 15.359888 11.039955 7.676214 5.161361 3.355253 2.108638 1.281245 0.752886 0.428064 0.235698 0.125885 0.065419 0.033284 0.016790 0.008607 0.004682 0.002859 0.002040 0.001683 0.001532 0.001470 0.001446 0.001436 0.001433 0.001431 0.001431 0.001430 0.001430 0.001429 0.001428 0.001426 0.001422 0.001415 0.001404 0.001385 0.001354 0.001309 0.001243 0.001152 0.001031 0.000879 0.000694 0.000481 0.000246 0.000000 
50.000000 41.895703 34.125633 26.982711 20.685739 15.361152 11.041377 7.677758 5.162997 3.356953 2.110383 1.283021 0.754681 0.429871 0.237511 0.127701 0.067238 0.035104 0.018610 0.010428 0.006503 0.004680 0.003861 0.003504 0.003353 0.003291 0.003267 0.003257 0.003254 0.003252 0.003252 0.003251 0.003251 0.003249 0.003247 0.003242 0.003234 0.003218 0.003192 0.003149 0.003081 0.002979 0.002830 0.002624 0.002351 0.002004 0.001583 0.001097 0.000562 0.000000 
50.000000 41.896341 34.126883 26.984522 20.688046 15.363877 11.044440 7.681085 5.166520 3.360618 2.114145 1.286847 0.758548 0.433763 0.241418 0.131617 0.071158 0.039027 0.022534 0.014353 0.010428 0.008605 0.007786 0.007429 0.007278 0.007217 0.007192 0.007183 0.007179 0.007178 0.007177 0.007176 0.007175 0.007172 0.007167 0.007157 0.007138 0.007105 0.007048 0.006955 0.006807 0.006584 0.006258 0.005806 0.005204 0.004438 0.003508 0.002433 0.001246 0.000000 
50.000000 41.897670 34.129487 26.988298 20.692853 15.369555 11.050826 7.688020 5.173865 3.368257 2.121987 1.294823 0.766609 0.441877 0.249563 0.139780 0.079330 0.047204 0.030714 0.022534 0.018610 0.016788 0.015969 0.015612 0.015461 0.015399 0.015375 0.015365 0.015361 0.015360 0.015359 0.015357 0.015355 0.015349 0.015338 0.015317 0.015278 0.015209 0.015090 0.014894 0.014583 0.014111 0.013421 0.012459 0.011175 0.009537 0.007544 0.005233 0.002682 0.000000 
50.000000 41.900350 34.134735 26.995906 20.702541 15.381001 11.063696 7.701998 5.188670 3.383655 2.137794 1.310901 0.782860 0.458233 0.265982 0.156234 0.095805 0.063689 0.047204 0.039027 0.035104 0.033282 0.032463 0.032106 0.031956 0.031894 0.031869 0.031860 0.031856 0.031854 0.031853 0.031850 0.031845 0.031834 0.031812 0.031769 0.031691 0.031552 0.031311 0.030914 0.030281 0.029315 0.027901 0.025919 0.023266 0.019871 0.015731 0.010919 0.005597 0.000000 
50.000000 41.905569 34.144958 27.010726 20.721413 15.403296 11.088765 7.729227 5.217511 3.413652 2.168588 1.342223 0.814519 0.490099 0.297970 0.188292 0.127900 0.095805 0.079330 0.071158 0.067237 0.065417 0.064598 0.064242 0.064091 0.064030 0.064005 0.063995 0.063991 0.063989 0.063986 0.063981 0.063971 0.063950 0.063908 0.063826 0.063675 0.063404 0.062935 0.062155 0.060910 0.059002 0.056197 0.052252 0.046947 0.040135 0.031800 0.022089 0.011329 0.000000 
50.000000 41.915388 34.164188 27.038607 20.756915 15.445240 11.135931 7.780455 5.271774 3.470092 2.226528 1.401158 0.874088 0.550057 0.358158 0.248611 0.188292 0.156234 0.139780 0.131617 0.127701 0.125883 0.125065 0.124709 0.124559 0.124497 0.124472 0.124463 0.124458 0.124455 0.124451 0.124442 0.124423 0.124384 0.124306 0.124154 0.123872 0.123363 0.122481 0.121008 0.118646 0.115007 0.109635 0.102041 0.091782 0.078555 0.062305 0.043315 0.022227 0.000000 
50.000000 41.933215 34.199106 27.089231 20.821381 15.521403 11.221579 7.873482 5.370313 3.572587 2.331750 1.508187 0.982270 0.658947 0.467467 0.358158 0.297970 0.265982 0.249563 0.241418 0.237511 0.235696 0.234881 0.234525 0.234375 0.234314 0.234289 0.234279 0.234274 0.234270 0.234262 0.234246 0.234213 0.234144 0.234004 0.233734 0.233226 0.232309 0.230712 0.228033 0.223713 0.217024 0.207093 0.192978 0.173805 0.148959 0.118296 0.082326 0.042275 0.000000 
50.000000 41.964438 34.260260 27.177896 20.934289 15.654803 11.371594 8.036426 5.542917 3.752121 2.516064 1.695670 1.171775 0.849693 0.658947 0.550057 0.490099 0.458233 0.441877 0.433763 0.429870 0.428062 0.427250 0.426896 0.426746 0.426685 0.426660 0.426650 0.426644 0.426638 0.426625 0.426599 0.426542 0.426424 0.426185 0.425721 0.424846 0.423259 0.420478 0.415791 0.408188 0.396345 0.378651 0.353340 0.318738 0.273621 0.217635 0.151654 0.077942 0.000000 
50.000000 42.017149 34.363504 27.327584 21.124911 15.880024 11.624872 8.311540 5.834345 4.055258 2.827276 2.012237 1.491758 1.171775 0.982270 0.874088 0.814519 0.782860 0.766609 0.758548 0.754680 0.752884 0.752077 0.751725 0.751577 0.751515 0.751491 0.751480 0.751473 0.751463 0.751444 0.751401 0.751308 0.751115 0.750725 0.749961 0.748516 0.745879 0.741236 0.733361 0.720507 0.700343 0.669997 0.626258 0.566007 0.486867 0.387994 0.270800 0.139327 0.000000 
50.000000 42.102873 34.531410 27.571029 21.434932 16.246323 12.036813 8.759003 6.308352 4.548318 3.333478 2.527155 2.012237 1.695670 1.508187 1.401158 1.342223 1.310901 1.294823 1.286847 1.283020 1.281243 1.280445 1.280097 1.279949 1.279889 1.279864 1.279853 1.279844 1.279830 1.279799 1.279733 1.279589 1.279288 1.278677 1.277475 1.275192 1.271001 1.263578 1.250901 1.230057 1.197102 1.147084 1.074349 0.973243 0.839245 0.670429 0.468889 0.241581 0.000000 
50.000000 42.237091 34.794302 27.952195 21.920345 16.819865 12.681830 9.459655 7.050582 5.320393 4.126142 3.333478 2.827276 2.516064 2.331750 2.226528 2.168588 2.137794 2.121987 2.114145 2.110383 2.108636 2.107851 2.107508 2.107364 2.107304 2.107279 2.107267 2.107255 2.107235 2.107191 2.107093 2.106881 2.106433 2.105520 2.103717 2.100273 2.093915 2.082577 2.063071 2.030735 1.979146 1.900076 1.783889 1.620611 1.401834 1.123311 0.787730 0.406601 0.000000 
50.000000 42.439281 35.190335 28.526407 22.651613 17.683910 13.653571 10.515230 8.168814 6.483609 5.320393 4.548318 4.055258 3.752121 3.572587 3.470092 3.413652 3.383655 3.368257 3.360618 3.356953 3.355251 3.354486 3.354152 3.354011 3.353953 3.353928 3.353915 3.353900 3.353873 3.353811 3.353674 3.353375 3.352742 3.351446 3.348874 3.343933 3.334752 3.318261 3.289659 3.241804 3.164673 3.045110 2.867242 2.613984 2.270023 1.826298 1.285260 0.665066 0.000000 
50.000000 42.732173 35.764030 29.358222 23.710955 18.935617 15.061315 12.044449 9.788830 8.168814 7.050582 6.308352 5.834345 5.542917 5.370313 5.271774 5.217511 5.188670 5.173865 5.166520 5.162996 5.161360 5.160624 5.160303 5.160167 5.160111 5.160087 5.160072 5.160054 5.160018 5.159937 5.159755 5.159356 5.158509 5.156766 5.153290 5.146572 5.134002 5.111251 5.071436 5.004141 4.894415 4.722093 4.461988 4.085722 3.566049 2.884201 2.039609 1.059105 0.000000 
50.000000 43.139946 36.562750 30.516318 25.185841 20.678351 17.021324 14.173618 12.044449 10.515230 9.459655 8.759003 8.311540 8.036426 7.873482 7.780455 7.729227 7.701998 7.688020 7.681085 7.677758 7.676213 7.675518 7.675215 7.675087 7.675033 7.675010 7.674994 7.674973 7.674929 7.674827 7.674599 7.674097 7.673029 7.670820 7.666389 7.657775 7.641544 7.611920 7.559579 7.470120 7.322356 7.086809 6.725162 6.191892 5.439793 4.431130 3.154893 1.646625 0.000000 
50.000000 43.685298 37.630956 32.065164 27.158388 23.009150 19.642750 17.021324 15.061315 13.653571 12.681830 12.036813 11.624872 11.371594 11.221579 11.135931 11.088765 11.063696 11.050826 11.044440 11.041376 11.039953 11.039314 11.039035 11.038917 11.038867 11.038844 11.038828 11.038805 11.038753 11.038634 11.038366 11.037776 11.036513 11.033890 11.028601 11.018253 10.998615 10.962464 10.897941 10.786329 10.599327 10.296162 9.821375 9.104957 8.067762 6.636383 4.771697 2.510082 0.000000 
50.000000 44.385603 39.002682 34.054113 29.691452 26.002298 23.009150 20.678351 18.935617 17.683910 16.819865 16.246323 15.880024 15.654803 15.521403 15.445240 15.403296 15.381001 15.369555 15.363876 15.361151 15.359886 15.359317 15.359069 15.358964 15.358919 15.358899 15.358883 15.358858 15.358802 15.358673 15.358381 15.357735 15.356349 15.353458 15.347598 15.336065 15.314017 15.273081 15.199253 15.069926 14.849896 14.486459 13.904193 13.001149 11.650430 9.715047 7.088948 3.776958 0.000000 
50.000000 45.248730 40.693343 36.505518 32.813510 29.691452 27.158388 25.185841 23.710955 22.651613 21.920345 21.434932 21.124911 20.934289 20.821381 20.756915 20.721413 20.702541 20.692853 20.688046 20.685739 20.684668 20.684186 20.683976 20.683887 20.683849 20.683831 20.683816 20.683792 20.683736 20.683608 20.683316 20.682670 20.681277 20.678361 20.672422 20.660668 20.638044 20.595687 20.518511 20.381590 20.144906 19.746049 19.090627 18.041022 16.406755 13.946884 10.411024 5.671625 0.000000 
50.000000 46.269413 42.692622 39.404423 36.505518 34.054113 32.065164 30.516318 29.358222 28.526407 27.952195 27.571029 27.327584 27.177896 27.089231 27.038607 27.010726 26.995906 26.988298 26.984522 26.982711 26.981869 26.981491 26.981326 26.981256 26.981226 26.981211 26.981199 26.981177 26.981128 26.981014 26.980754 26.980176 26.978927 26.976301 26.970935 26.960260 26.939590 26.900599 26.828883 26.700109 26.474021 26.085188 25.428781 24.339066 22.558633 19.702212 15.245256 8.656074 0.000000 
50.000000 47.427156 44.960376 42.692622 40.693343 39.002682 37.630956 36.562750 35.764030 35.190335 34.794302 34.531410 34.363504 34.260260 34.199106 34.164188 34.144958 34.134735 34.129487 34.126883 34.125633 34.125053 34.124792 34.124678 34.124629 34.124609 34.124599 34.124589 34.124573 34.124536 34.124450 34.124254 34.123816 34.122869 34.120873 34.116780 34.108607 34.092703 34.062521 34.006572 33.905075 33.724421 33.407856 32.859260 31.913735 30.282319 27.447366 22.480188 13.844477 0.000000 
50.000000 48.686504 47.427156 46.269413 45.248730 44.385603 43.685298 43.139946 42.732173 42.439281 42.237091 42.102873 42.017149 41.964438 41.933215 41.915388 41.905569 41.900350 41.897670 41.896341 41.895703 41.895406 41.895273 41.895215 41.895190 41.895180 41.895174 41.895170 41.895161 41.895141 41.895095 41.894989 41.894753 41.894241 41.893160 41.890940 41.886496 41.877821 41.861292 41.830489 41.774215 41.673068 41.493321 41.175216 40.608645 39.577105 37.613338 33.582678 24.343252 0.000000 
50.000000 50.000000 50.000000 50.000000 50.000000 50.000000 50.000000 50.000000 50.000000 50.000000 50.000000 50.000000 50.000000 50.000000 50.000000 50.000000 50.000000 50.000000 50.000000 50.000000 50.000000 50.000000 50.000000 50.000000 50.000000 50.000000 50.000000 50.000000 50.000000 50.000000 50.000000 50.000000 50.000000 50.000000 50.000000 50.000000 50.000000 50.000000 50.000000 50.000000 50.000000 50.000000 50.000000 50.000000 50.000000 50.000000 50.000000 50.000000 50.000000 50.000000 
