50.000000 50.000000 50.000000 50.000000 50.000000 50.000000 50.000000 50.000000 50.000000 50.000000 50.000000 50.000000 50.000000 50.000000 50.000000 50.000000 50.000000 50.000000 50.000000 50.000000 50.000000 50.000000 50.000000 50.000000 50.000000 50.000000 50.000000 50.000000 50.000000 50.000000 50.000000 50.000000 50.000000 50.000000 50.000000 50.000000 50.000000 50.000000 50.000000 50.000000 50.000000 50.000000 50.000000 50.000000 50.000000 50.000000 50.000000 50.000000 50.000000 50.000000 
50.000000 47.937884 46.009130 44.321275 42.938523 41.877133 41.112950 40.596218 40.267595 40.070734 39.959470 39.900041 39.869992 39.855586 39.849026 39.846184 39.845012 39.844550 39.844376 39.844313 39.844291 39.844284 39.844282 39.844281 39.844281 39.844281 39.844281 39.844281 39.844281 39.844281 39.844279 39.844276 39.844265 39.844233 39.844142 39.843896 39.843253 39.841632 39.837707 39.828547 39.807923 39.763019 39.668092 39.472064 39.072884 38.259683 36.566456 32.853868 23.968942 0.000000 
50.000000 46.009130 42.276371 39.009847 36.333816 34.279737 32.800856 31.800869 31.164927 30.783973 30.568667 30.453668 30.395524 30.367649 30.354956 30.349458 30.347189 30.346295 30.345959 30.345838 30.345796 30.345782 30.345778 30.345776 30.345776 30.345776 30.345776 30.345776 30.345776 30.345775 30.345773 30.345767 30.345747 30.345690 30.345530 30.345094 30.343959 30.341110 30.334236 30.318283 30.282632 30.205795 30.045718 29.722236 29.085260 27.856162 25.519571 21.138185 13.155262 0.000000 
50.000000 44.321275 39.009847 34.361879 30.554177 27.631498 25.527293 24.104512 23.199719 22.657731 22.351422 22.187824 22.105111 22.065459 22.047404 22.039584 22.036357 22.035086 22.034607 22.034435 22.034376 22.034356 22.034350 22.034348 22.034347 22.034347 22.034347 22.034347 22.034347 22.034346 22.034343 22.034335 22.034311 22.034241 22.034044 22.033511 22.032125 22.028666 22.020373 22.001277 21.959044 21.869274 21.685739 21.324433 20.638913 19.385205 17.180939 13.490276 7.754819 0.000000 
50.000000 42.938523 36.333816 30.554177 25.819469 22.185326 19.568965 17.799940 16.674999 16.001165 15.620359 15.416981 15.314162 15.264873 15.242432 15.232712 15.228701 15.227122 15.226527 15.226313 15.226239 15.226215 15.226207 15.226205 15.226204 15.226204 15.226204 15.226204 15.226203 15.226203 15.226200 15.226192 15.226167 15.226096 15.225897 15.225359 15.223969 15.220520 15.212312 15.193590 15.152669 15.067007 14.895317 14.566080 13.962821 12.909734 11.168972 8.477653 4.678840 0.000000 
50.000000 41.877133 34.279737 27.631498 22.185326 18.005194 14.995841 12.961168 11.667348 10.892389 10.454454 10.220578 10.102345 10.045671 10.019869 10.008695 10.004084 10.002268 10.001585 10.001339 10.001254 10.001226 10.001217 10.001214 10.001213 10.001213 10.001213 10.001213 10.001213 10.001212 10.001210 10.001202 10.001181 10.001118 10.000942 10.000470 9.999257 9.996266 9.989206 9.973259 9.938826 9.867833 9.728243 9.466952 9.002597 8.222505 6.992585 5.194478 2.804249 0.000000 
50.000000 41.112950 32.800856 25.527293 19.568965 14.995841 11.703658 9.477833 8.062516 7.214819 6.735802 6.479998 6.350688 6.288707 6.260490 6.248271 6.243229 6.241244 6.240497 6.240228 6.240135 6.240104 6.240094 6.240091 6.240090 6.240090 6.240090 6.240090 6.240090 6.240089 6.240088 6.240082 6.240065 6.240015 6.239876 6.239506 6.238559 6.236241 6.230811 6.218666 6.192750 6.140078 6.038307 5.851829 5.528889 5.002885 4.202859 3.078620 1.640886 0.000000 
50.000000 40.596218 31.800869 24.104512 17.799940 12.961168 9.477833 7.122841 5.625442 4.728617 4.221858 3.951253 3.814466 3.748905 3.719060 3.706136 3.700804 3.698705 3.697915 3.697630 3.697532 3.697500 3.697489 3.697486 3.697485 3.697485 3.697485 3.697485 3.697485 3.697484 3.697483 3.697479 3.697466 3.697430 3.697331 3.697067 3.696395 3.694762 3.690966 3.682553 3.664798 3.629179 3.561421 3.439526 3.232925 2.904623 2.418773 1.755152 0.928126 0.000000 
50.000000 40.267595 31.164927 23.199719 16.674999 11.667348 8.062516 5.625442 4.075895 3.147866 2.623493 2.343492 2.201961 2.134129 2.103252 2.089882 2.084366 2.082194 2.081377 2.081082 2.080981 2.080947 2.080937 2.080933 2.080932 2.080932 2.080932 2.080932 2.080932 2.080932 2.080931 2.080928 2.080920 2.080896 2.080831 2.080658 2.080220 2.079163 2.076723 2.071362 2.060159 2.037947 1.996263 1.922438 1.799514 1.607993 1.330445 0.959132 0.504577 0.000000 
50.000000 40.070734 30.783973 22.657731 16.001165 10.892389 7.214819 4.728617 3.147866 2.201171 1.666265 1.380647 1.236282 1.167094 1.135600 1.121963 1.116337 1.114122 1.113289 1.112989 1.112886 1.112851 1.112840 1.112837 1.112836 1.112836 1.112836 1.112836 1.112836 1.112835 1.112835 1.112833 1.112828 1.112814 1.112774 1.112669 1.112405 1.111771 1.110317 1.107148 1.100586 1.087707 1.063819 1.022069 0.953562 0.848496 0.698687 0.501342 0.262811 0.000000 
50.000000 39.959470 30.568667 22.351422 15.620359 10.454454 6.735802 4.221858 2.623493 1.666265 1.125418 0.836633 0.690670 0.620717 0.588877 0.575090 0.569402 0.567163 0.566320 0.566017 0.565912 0.565878 0.565867 0.565863 0.565862 0.565862 0.565862 0.565862 0.565862 0.565862 0.565862 0.565861 0.565858 0.565849 0.565827 0.565768 0.565619 0.565265 0.564457 0.562709 0.559117 0.552132 0.539305 0.517136 0.481195 0.426769 0.350145 0.250384 0.130923 0.000000 
50.000000 39.900041 30.453668 22.187824 15.416981 10.220578 6.479998 3.951253 2.343492 1.380647 0.836633 0.546160 0.399347 0.328987 0.296962 0.283095 0.277375 0.275122 0.274275 0.273970 0.273865 0.273830 0.273819 0.273816 0.273815 0.273814 0.273814 0.273814 0.273814 0.273814 0.273814 0.273814 0.273812 0.273808 0.273796 0.273764 0.273686 0.273501 0.273080 0.272176 0.270330 0.266769 0.260287 0.249187 0.231371 0.204669 0.167452 0.119432 0.062334 0.000000 
50.000000 39.869992 30.395524 22.105111 15.314162 10.102345 6.350688 3.814466 2.201961 1.236282 0.690670 0.399347 0.252104 0.181539 0.149421 0.135514 0.129777 0.127519 0.126669 0.126363 0.126258 0.126223 0.126212 0.126208 0.126207 0.126207 0.126207 0.126207 0.126207 0.126207 0.126207 0.126206 0.126206 0.126203 0.126197 0.126182 0.126143 0.126052 0.125846 0.125405 0.124512 0.122799 0.119704 0.114447 0.106079 0.093642 0.076445 0.054415 0.028360 0.000000 
50.000000 39.855586 30.367649 22.065459 15.264873 10.045671 6.288707 3.748905 2.134129 1.167094 0.620717 0.328987 0.181539 0.110877 0.078714 0.064788 0.059043 0.056782 0.055931 0.055625 0.055519 0.055484 0.055473 0.055469 0.055468 0.055468 0.055468 0.055468 0.055468 0.055468 0.055468 0.055468 0.055468 0.055466 0.055464 0.055456 0.055438 0.055396 0.055301 0.055098 0.054689 0.053909 0.052509 0.050148 0.046414 0.040903 0.033334 0.023690 0.012333 0.000000 
50.000000 39.849026 30.354956 22.047404 15.242432 10.019869 6.260490 3.719060 2.103252 1.135600 0.588877 0.296962 0.149421 0.078714 0.046532 0.032597 0.026849 0.024586 0.023734 0.023428 0.023322 0.023287 0.023276 0.023272 0.023271 0.023271 0.023271 0.023271 0.023271 0.023271 0.023271 0.023271 0.023271 0.023270 0.023269 0.023266 0.023258 0.023239 0.023197 0.023109 0.022931 0.022595 0.021993 0.020985 0.019399 0.017073 0.013893 0.009862 0.005130 0.000000 
50.000000 39.846184 30.349458 22.039584 15.232712 10.008695 6.248271 3.706136 2.089882 1.121963 0.575090 0.283095 0.135514 0.064788 0.032597 0.018659 0.012909 0.010645 0.009794 0.009487 0.009381 0.009346 0.009335 0.009332 0.009331 0.009330 0.009330 0.009330 0.009330 0.009330 0.009330 0.009330 0.009330 0.009330 0.009329 0.009328 0.009325 0.009317 0.009300 0.009263 0.009190 0.009051 0.008805 0.008395 0.007753 0.006816 0.005540 0.003928 0.002042 0.000000 
50.000000 39.845012 30.347189 22.036357 15.228701 10.004084 6.243229 3.700804 2.084366 1.116337 0.569402 0.277375 0.129777 0.059043 0.026849 0.012909 0.007158 0.004894 0.004042 0.003736 0.003630 0.003595 0.003584 0.003580 0.003579 0.003579 0.003579 0.003579 0.003579 0.003579 0.003579 0.003579 0.003579 0.003579 0.003579 0.003578 0.003577 0.003574 0.003567 0.003552 0.003524 0.003470 0.003374 0.003214 0.002966 0.002605 0.002115 0.001499 0.000779 0.000000 
50.000000 39.844550 30.346295 22.035086 15.227122 10.002268 6.241244 3.698705 2.082194 1.114122 0.567163 0.275122 0.127519 0.056782 0.024586 0.010645 0.004894 0.002630 0.001778 0.001472 0.001366 0.001331 0.001320 0.001316 0.001315 0.001315 0.001315 0.001315 0.001315 0.001315 0.001315 0.001315 0.001315 0.001315 0.001315 0.001315 0.001314 0.001313 0.001311 0.001305 0.001294 0.001274 0.001238 0.001179 0.001087 0.000954 0.000774 0.000548 0.000285 0.000000 
50.000000 39.844376 30.345959 22.034607 15.226527 10.001585 6.240497 3.697915 2.081377 1.113289 0.566320 0.274275 0.126669 0.055931 0.023734 0.009794 0.004042 0.001778 0.000927 0.000620 0.000514 0.000479 0.000468 0.000465 0.000464 0.000463 0.000463 0.000463 0.000463 0.000463 0.000463 0.000463 0.000463 0.000463 0.000463 0.000463 0.000463 0.000463 0.000462 0.000460 0.000456 0.000449 0.000436 0.000415 0.000382 0.000335 0.000272 0.000192 0.000100 0.000000 
50.000000 39.844313 30.345838 22.034435 15.226313 10.001339 6.240228 3.697630 2.081082 1.112989 0.566017 0.273970 0.126363 0.055625 0.023428 0.009487 0.003736 0.001472 0.000620 0.000313 0.000208 0.000173 0.000162 0.000158 0.000157 0.000157 0.000157 0.000157 0.000157 0.000157 0.000157 0.000157 0.000157 0.000157 0.000157 0.000157 0.000157 0.000156 0.000156 0.000155 0.000154 0.000152 0.000147 0.000140 0.000129 0.000113 0.000092 0.000065 0.000034 0.000000 
50.000000 39.844291 30.345796 22.034376 15.226239 10.001254 6.240135 3.697532 2.080981 1.112886 0.565912 0.273865 0.126258 0.055519 0.023322 0.009381 0.003630 0.001366 0.000514 0.000208 0.000102 0.000067 0.000056 0.000052 0.000051 0.000051 0.000051 0.000051 0.000051 0.000051 0.000051 0.000051 0.000051 0.000051 0.000051 0.000051 0.000051 0.000051 0.000051 0.000051 0.000050 0.000049 0.000048 0.000046 0.000042 0.000037 0.000030 0.000021 0.000011 0.000000 
50.000000 39.844284 30.345782 22.034356 15.226215 10.001226 6.240104 3.697500 2.080947 1.112851 0.565878 0.273830 0.126223 0.055484 0.023287 0.009346 0.003595 0.001331 0.000479 0.000173 0.000067 0.000032 0.000021 0.000017 0.000016 0.000016 0.000016 0.000016 0.000016 0.000016 0.000016 0.000016 0.000016 0.000016 0.000016 0.000016 0.000016 0.000016 0.000016 0.000016 0.000016 0.000015 0.000015 0.000014 0.000013 0.000011 0.000009 0.000007 0.000003 0.000000 
50.000000 39.844282 30.345778 22.034350 15.226207 10.001217 6.240094 3.697489 2.080937 1.112840 0.565867 0.273819 0.126212 0.055473 0.023276 0.009335 0.003584 0.001320 0.000468 0.000162 0.000056 0.000021 0.000010 0.000006 0.000005 0.000005 0.000005 0.000005 0.000005 0.000005 0.000005 0.000005 0.000005 0.000005 0.000005 0.000005 0.000005 0.000005 0.000005 0.000005 0.000005 0.000005 0.000005 0.000004 0.000004 0.000003 0.000003 0.000002 0.000001 0.000000 
50.000000 39.844281 30.345776 22.034348 15.226205 10.001214 6.240091 3.697486 2.080933 1.112837 0.565863 0.273816 0.126208 0.055469 0.023272 0.009332 0.003581 0.001317 0.000465 0.000158 0.000052 0.000017 0.000006 0.000003 0.000002 0.000002 0.000001 0.000001 0.000001 0.000001 0.000001 0.000001 0.000001 0.000001 0.000001 0.000001 0.000001 0.000001 0.000001 0.000001 0.000001 0.000001 0.000001 0.000001 0.000001 0.000001 0.000001 0.000001 0.000000 0.000000 
50.000000 39.844281 30.345776 22.034347 15.226204 10.001213 6.240091 3.697485 2.080933 1.112836 0.565862 0.273815 0.126207 0.055469 0.023272 0.009331 0.003580 0.001316 0.000464 0.000157 0.000051 0.000016 0.000005 0.000002 0.000001 0.000001 0.000001 0.000001 0.000000 0.000000 0.000000 0.000000 0.000000 0.000000 0.000000 0.000000 0.000000 0.000000 0.000000 0.000000 0.000000 0.000000 0.000000 0.000000 0.000000 0.000000 0.000000 0.000000 0.000000 0.000000 
50.000000 39.844281 30.345776 22.034347 15.226204 10.001213 6.240091 3.697485 2.080933 1.112836 0.565862 0.273815 0.126207 0.055469 0.023272 0.009331 0.003580 0.001316 0.000464 0.000157 0.000051 0.000016 0.000005 0.000002 0.000001 0.000001 0.000001 0.000001 0.000000 0.000000 0.000000 0.000000 0.000000 0.000000 0.000000 0.000000 0.000000 0.000000 0.000000 0.000000 0.000000 0.000000 0.000000 0.000000 0.000000 0.000000 0.000000 0.000000 0.000000 0.000000 
50.000000 39.844281 30.345776 22.034348 15.226205 10.001214 6.240091 3.697486 2.080933 1.112837 0.565863 0.273816 0.126208 0.055469 0.023272 0.009332 0.003581 0.001317 0.000465 0.000158 0.000052 0.000017 0.000006 0.000003 0.000002 0.000002 0.000001 0.000001 0.000001 0.000001 0.000001 0.000001 0.000001 0.000001 0.000001 0.000001 0.000001 0.000001 0.000001 0.000001 0.000001 0.000001 0.000001 0.000001 0.000001 0.000001 0.000001 0.000001 0.000000 0.000000 
50.000000 39.844282 30.345778 22.034350 15.226207 10.001217 6.240094 3.697489 2.080937 1.112840 0.565867 0.273819 0.126212 0.055473 0.023276 0.009335 0.003584 0.001320 0.000468 0.000162 0.000056 0.000021 0.000010 0.000006 0.000005 0.000005 0.000005 0.000005 0.000005 0.000005 0.000005 0.000005 0.000005 0.000005 0.000005 0.000005 0.000005 0.000005 0.000005 0.000005 0.000005 0.000005 0.000005 0.000004 0.000004 0.000003 0.000003 0.000002 0.000001 0.000000 
50.000000 39.844284 30.345782 22.034356 15.226215 10.001226 6.240104 3.697500 2.080947 1.112851 0.565878 0.273830 0.126223 0.055484 0.023287 0.009346 0.003595 0.001331 0.000479 0.000173 0.000067 0.000032 0.000021 0.000017 0.000016 0.000016 0.000016 0.000016 0.000016 0.000016 0.000016 0.000016 0.000016 0.000016 0.000016 0.000016 0.000016 0.000016 0.000016 0.000016 0.000016 0.000015 0.000015 0.000014 0.000013 0.000011 0.000009 0.000007 0.000003 0.000000 
50.000000 39.844291 30.345796 22.034376 15.226239 10.001254 6.240135 3.697532 2.080981 1.112886 0.565912 0.273865 0.126258 0.055519 0.023322 0.009381 0.003630 0.001366 0.000514 0.000208 0.000102 0.000067 0.000056 0.000052 0.000051 0.000051 0.000051 0.000051 0.000051 0.000051 0.000051 0.000051 0.000051 0.000051 0.000051 0.000051 0.000051 0.000051 0.000051 0.000051 0.000050 0.000049 0.000048 0.000046 0.000042 0.000037 0.000030 0.000021 0.000011 0.000000 
50.000000 39.844313 30.345838 22.034435 15.226313 10.001339 6.240228 3.697630 2.081082 1.112989 0.566017 0.273970 0.126363 0.055625 0.023428 0.009487 0.003736 0.001472 0.000620 0.000313 0.000208 0.000173 0.000162 0.000158 0.000157 0.000157 0.000157 0.000157 0.000157 0.000157 0.000157 0.000157 0.000157 0.000157 0.000157 0.000157 0.000157 0.000156 0.000156 0.000155 0.000154 0.000152 0.000147 0.000140 0.000129 0.000113 0.000092 0.000065 0.000034 0.000000 
50.000000 39.844376 30.345959 22.034607 15.226527 10.001585 6.240497 3.697915 2.081377 1.113289 0.566320 0.274275 0.126669 0.055931 0.023734 0.009794 0.004042 0.001778 0.000927 0.000620 0.000514 0.000479 0.000468 0.000465 0.000464 0.000463 0.000463 0.000463 0.000463 0.000463 0.000463 0.000463 0.000463 0.000463 0.000463 0.000463 0.000463 0.000463 0.000462 0.000460 0.000456 0.000449 0.000436 0.000415 0.000382 0.000335 0.000272 0.000192 0.000100 0.000000 
50.000000 39.844550 30.346295 22.035086 15.227122 10.002268 6.241244 3.698705 2.082194 1.114122 0.567163 0.275122 0.127519 0.056782 0.024586 0.010645 0.004894 0.002630 0.001778 0.001472 0.001366 0.001331 0.001320 0.001316 0.001315 0.001315 0.001315 0.001315 0.001315 0.001315 0.001315 0.001315 0.001315 0.001315 0.001315 0.001315 0.001314 0.001313 0.001311 0.001305 0.001294 0.001274 0.001238 0.001179 0.001087 0.000954 0.000774 0.000548 0.000285 0.000000 
50.000000 39.845012 30.347189 22.036357 15.228701 10.004084 6.243229 3.700804 2.084366 1.116337 0.569402 0.277375 0.129777 0.059043 0.026849 0.012909 0.007158 0.004894 0.004042 0.003736 0.003630 0.003595 0.003584 0.003580 0.003579 0.003579 0.003579 0.003579 0.003579 0.003579 0.003579 0.003579 0.003579 0.003579 0.003579 0.003578 0.003577 0.003574 0.003567 0.003552 0.003524 0.003470 0.003374 0.003214 0.002966 0.002605 0.002115 0.001499 0.000779 0.000000 
50.000000 39.846184 30.349458 22.039584 15.232712 10.008695 6.248271 3.706136 2.089882 1.121963 0.575090 0.283095 0.135514 0.064788 0.032597 0.018659 0.012909 0.010645 0.009794 0.009487 0.009381 0.009346 0.009335 0.009332 0.009331 0.009330 0.009330 0.009330 0.009330 0.009330 0.009330 0.009330 0.009330 0.009330 0.009329 0.009328 0.009325 0.009317 0.009300 0.009263 0.009190 0.009051 0.008805 0.008395 0.007753 0.006816 0.005540 0.003928 0.002042 0.000000 
50.000000 39.849026 30.354956 22.047404 15.242432 10.019869 6.260490 3.719060 2.103252 1.135600 0.588877 0.296962 0.149421 0.078714 0.046532 0.032597 0.026849 0.024586 0.023734 0.023428 0.023322 0.023287 0.023276 0.023272 0.023271 0.023271 0.023271 0.023271 0.023271 0.023271 0.023271 0.023271 0.023271 0.023270 0.023269 0.023266 0.023258 0.023239 0.023197 0.023109 0.022931 0.022595 0.021993 0.020985 0.019399 0.017073 0.013893 0.009862 0.005130 0.000000 
50.000000 39.855586 30.367649 22.065459 15.264873 10.045671 6.288707 3.748905 2.134129 1.167094 0.620717 0.328987 0.181539 0.110877 0.078714 0.064788 0.059043 0.056782 0.055931 0.055625 0.055519 0.055484 0.055473 0.055469 0.055468 0.055468 0.055468 0.055468 0.055468 0.055468 0.055468 0.055468 0.055468 0.055466 0.055464 0.055456 0.055438 0.055396 0.055301 0.055098 0.054689 0.053909 0.052509 0.050148 0.046414 0.040903 0.033334 0.023690 0.012333 0.000000 
50.000000 39.869992 30.395524 22.105111 15.314162 10.102345 6.350688 3.814466 2.201961 1.236282 0.690670 0.399347 0.252104 0.181539 0.149421 0.135514 0.129777 0.127519 0.126669 0.126363 0.126258 0.126223 0.126212 0.126208 0.126207 0.126207 0.126207 0.126207 0.126207 0.126207 0.126207 0.126206 0.126206 0.126203 0.126197 0.126182 0.126143 0.126052 0.125846 0.125405 0.124512 0.122799 0.119704 0.114447 0.106079 0.093642 0.076445 0.054415 0.028360 0.000000 
50.000000 39.900041 30.453668 22.187824 15.416981 10.220578 6.479998 3.951253 2.343492 1.380647 0.836633 0.546160 0.399347 0.328987 0.296962 0.283095 0.277375 0.275122 0.274275 0.273970 0.273865 0.273830 0.273819 0.273816 0.273815 0.273814 0.273814 0.273814 0.273814 0.273814 0.273814 0.273814 0.273812 0.273808 0.273796 0.273764 0.273686 0.273501 0.273080 0.272176 0.270330 0.266769 0.260287 0.249187 0.231371 0.204669 0.167452 0.119432 0.062334 0.000000 
50.000000 39.959470 30.568667 22.351422 15.620359 10.454454 6.735802 4.221858 2.623493 1.666265 1.125418 0.836633 0.690670 0.620717 0.588877 0.575090 0.569402 0.567163 0.566320 0.566017 0.565912 0.565878 0.565867 0.565863 0.565862 0.565862 0.565862 0.565862 0.565862 0.565862 0.565862 0.565861 0.565858 0.565849 0.565827 0.565768 0.565619 0.565265 0.564457 0.562709 0.559117 0.552132 0.539305 0.517136 0.481195 0.426769 0.350145 0.250384 0.130923 0.000000 
50.000000 40.070734 30.783973 22.657731 16.001165 10.892389 7.214819 4.728617 3.147866 2.201171 1.666265 1.380647 1.236282 1.167094 1.135600 1.121963 1.116337 1.114122 1.113289 1.112989 1.112886 1.112851 1.112840 1.112837 1.112836 1.112836 1.112836 1.112836 1.112836 1.112835 1.112835 1.112833 1.112828 1.112814 1.112774 1.112669 1.112405 1.111771 1.110317 1.107148 1.100586 1.087707 1.063819 1.022069 0.953562 0.848496 0.698687 0.501342 0.262811 0.000000 
50.000000 40.267595 31.164927 23.199719 16.674999 11.667348 8.062516 5.625442 4.075895 3.147866 2.623493 2.343492 2.201961 2.134129 2.103252 2.089882 2.084366 2.082194 2.081377 2.081082 2.080981 2.080947 2.080937 2.080933 2.080932 2.080932 2.080932 2.080932 2.080932 2.080932 2.080931 2.080928 2.080920 2.080896 2.080831 2.080658 2.080220 2.079163 2.076723 2.071362 2.060159 2.037947 1.996263 1.922438 1.799514 1.607993 1.330445 0.959132 0.504577 0.000000 
50.000000 40.596218 31.800869 24.104512 17.799940 12.961168 9.477833 7.122841 5.625442 4.728617 4.221858 3.951253 3.814466 3.748905 3.719060 3.706136 3.700804 3.698705 3.697915 3.697630 3.697532 3.697500 3.697489 3.697486 3.697485 3.697485 3.697485 3.697485 3.697485 3.697484 3.697483 3.697479 3.697466 3.697430 3.697331 3.697067 3.696395 3.694762 3.690966 3.682553 3.664798 3.629179 3.561421 3.439526 3.232925 2.904623 2.418773 1.755152 0.928126 0.000000 
50.000000 41.112950 32.800856 25.527293 19.568965 14.995841 11.703658 9.477833 8.062516 7.214819 6.735802 6.479998 6.350688 6.288707 6.260490 6.248271 6.243229 6.241244 6.240497 6.240228 6.240135 6.240104 6.240094 6.240091 6.240090 6.240090 6.240090 6.240090 6.240090 6.240089 6.240088 6.240082 6.240065 6.240015 6.239876 6.239506 6.238559 6.236241 6.230811 6.218666 6.192750 6.140078 6.038307 5.851829 5.528889 5.002885 4.202859 3.078620 1.640886 0.000000 
50.000000 41.877133 34.279737 27.631498 22.185326 18.005194 14.995841 12.961168 11.667348 10.892389 10.454454 10.220578 10.102345 10.045671 10.019869 10.008695 10.004084 10.002268 10.001585 10.001339 10.001254 10.001226 10.001217 10.001214 10.001213 10.001213 10.001213 10.001213 10.001213 10.001212 10.001210 10.001202 10.001181 10.001118 10.000942 10.000470 9.999257 9.996266 9.989206 9.973259 9.938826 9.867833 9.728243 9.466952 9.002597 8.222505 6.992585 5.194478 2.804249 0.000000 
50.000000 42.938523 36.333816 30.554177 25.819469 22.185326 19.568965 17.799940 16.674999 16.001165 15.620359 15.416981 15.314162 15.264873 15.242432 15.232712 15.228701 15.227122 15.226527 15.226313 15.226239 15.226215 15.226207 15.226205 15.226204 15.226204 15.226204 15.226204 15.226203 15.226203 15.226200 15.226192 15.226167 15.226096 15.225897 15.225359 15.223969 15.220520 15.212312 15.193590 15.152669 15.067007 14.895317 14.566080 13.962821 12.909734 11.168972 8.477653 4.678840 0.000000 
50.000000 44.321275 39.009847 34.361879 30.554177 27.631498 25.527293 24.104512 23.199719 22.657731 22.351422 22.187824 22.105111 22.065459 22.047404 22.039584 22.036357 22.035086 22.034607 22.034435 22.034376 22.034356 22.034350 22.034348 22.034347 22.034347 22.034347 22.034347 22.034347 22.034346 22.034343 22.034335 22.034311 22.034241 22.034044 22.033511 22.032125 22.028666 22.020373 22.001277 21.959044 21.869274 21.685739 21.324433 20.638913 19.385205 17.180939 13.490276 7.754819 0.000000 
50.000000 46.009130 42.276371 39.009847 36.333816 34.279737 32.800856 31.800869 31.164927 30.783973 30.568667 30.453668 30.395524 30.367649 30.354956 30.349458 30.347189 30.346295 30.345959 30.345838 30.345796 30.345782 30.345778 30.345776 30.345776 30.345776 30.345776 30.345776 30.345776 30.345775 30.345773 30.345767 30.345747 30.345690 30.345530 30.345094 30.343959 30.341110 30.334236 30.318283 30.282632 30.205795 30.045718 29.722236 29.085260 27.856162 25.519571 21.138185 13.155262 0.000000 
50.000000 47.937884 46.009130 44.321275 42.938523 41.877133 41.112950 40.596218 40.267595 40.070734 39.959470 39.900041 39.869992 39.855586 39.849026 39.846184 39.845012 39.844550 39.844376 39.844313 39.844291 39.844284 39.844282 39.844281 39.844281 39.844281 39.844281 39.844281 39.844281 39.844281 39.844279 39.844276 39.844265 39.844233 39.844142 39.843896 39.843253 39.841632 39.837707 39.828547 39.807923 39.763019 39.668092 39.472064 39.072884 38.259683 36.566456 32.853868 23.968942 0.000000 
50.000000 50.000000 50.000000 50.000000 50.000000 50.000000 50.000000 50.000000 50.000000 50.000000 50.000000 50.000000 50.000000 50.000000 50.000000 50.000000 50.000000 50.000000 50.000000 50.000000 50.000000 50.000000 50.000000 50.000000 50.000000 50.000000 50.000000 50.000000 50.000000 50.000000 50.000000 50.000000 50.000000 50.000000 50.000000 50.000000 50.000000 50.000000 50.000000 50.000000 50.000000 50.000000 50.000000 50.000000 50.000000 50.000000 50.000000 50.000000 50.000000 50.000000 
