50.000000 50.000000 50.000000 50.000000 50.000000 50.000000 50.000000 50.000000 50.000000 50.000000 50.000000 50.000000 50.000000 50.000000 50.000000 50.000000 50.000000 50.000000 50.000000 50.000000 50.000000 50.000000 50.000000 50.000000 50.000000 50.000000 50.000000 50.000000 50.000000 50.000000 50.000000 50.000000 50.000000 50.000000 50.000000 50.000000 50.000000 50.000000 50.000000 50.000000 50.000000 50.000000 50.000000 50.000000 50.000000 50.000000 50.000000 50.000000 50.000000 50.000000 
50.000000 47.935210 46.004127 44.314535 42.930724 41.868889 41.104710 40.588238 40.259968 40.063441 39.952442 39.893199 39.863268 39.848930 39.842407 39.839584 39.838420 39.837962 39.837790 39.837728 39.837706 39.837699 39.837697 39.837696 39.837696 39.837696 39.837696 39.837696 39.837696 39.837696 39.837695 39.837691 39.837680 39.837648 39.837559 39.837314 39.836675 39.835064 39.831158 39.822036 39.801485 39.756708 39.661994 39.466301 39.067617 38.255105 36.562774 32.851281 23.967605 0.000000 
50.000000 46.004127 42.267024 38.997279 36.319315 34.264465 32.785655 31.786215 31.150981 30.770691 30.555908 30.441274 30.383360 30.355619 30.342998 30.337536 30.335284 30.334398 30.334065 30.333945 30.333904 30.333890 30.333886 30.333884 30.333884 30.333884 30.333884 30.333884 30.333883 30.333883 30.333881 30.333875 30.333855 30.333799 30.333640 30.333208 30.332080 30.329247 30.322409 30.306526 30.271004 30.194399 30.034706 29.711829 29.075747 27.847893 25.512921 21.133512 13.152847 0.000000 
50.000000 44.314535 38.997279 34.345038 30.534840 27.611258 25.507295 24.085388 23.181662 22.640655 22.335112 22.172043 22.089663 22.050204 22.032253 22.024485 22.021282 22.020022 22.019548 22.019377 22.019319 22.019299 22.019293 22.019291 22.019291 22.019290 22.019290 22.019290 22.019290 22.019289 22.019287 22.019279 22.019255 22.019186 22.018990 22.018461 22.017085 22.013647 22.005399 21.986391 21.944323 21.854845 21.671797 21.311256 20.626869 19.374734 17.172519 13.484358 7.751761 0.000000 
50.000000 42.930724 36.319315 30.534840 25.797420 22.162454 19.546611 17.778818 16.655298 15.982739 15.602916 15.400214 15.297817 15.248771 15.226461 15.216807 15.212827 15.211261 15.210672 15.210460 15.210387 15.210363 15.210355 15.210353 15.210352 15.210352 15.210352 15.210352 15.210352 15.210351 15.210349 15.210341 15.210316 15.210246 15.210048 15.209515 15.208135 15.204709 15.196548 15.177918 15.137171 15.051815 14.880638 14.552207 13.950140 12.898710 11.160106 8.471422 4.675620 0.000000 
50.000000 41.868889 34.264465 27.611258 22.162454 17.981749 14.973263 12.940189 11.648119 10.874697 10.437931 10.204853 10.087118 10.030729 10.005079 9.993981 9.989406 9.987606 9.986929 9.986686 9.986602 9.986574 9.986565 9.986563 9.986562 9.986562 9.986562 9.986561 9.986561 9.986561 9.986558 9.986551 9.986530 9.986467 9.986293 9.985826 9.984622 9.981652 9.974635 9.958773 9.924501 9.853791 9.714674 9.454128 8.990875 8.212314 6.984389 5.188717 2.801273 0.000000 
50.000000 41.104710 32.785655 25.507295 19.546611 14.973263 11.682317 9.458437 8.045159 7.199217 6.721522 6.466613 6.337857 6.276194 6.248147 6.236012 6.231010 6.229042 6.228302 6.228036 6.227944 6.227914 6.227904 6.227901 6.227901 6.227900 6.227900 6.227900 6.227900 6.227899 6.227898 6.227892 6.227875 6.227826 6.227688 6.227322 6.226383 6.224081 6.218688 6.206614 6.180831 6.128394 6.027017 5.841159 5.519135 4.994404 4.196039 3.073826 1.638409 0.000000 
50.000000 40.588238 31.786215 24.085388 17.778818 12.940189 9.458437 7.105689 5.610565 4.715667 4.210347 3.940710 3.804520 3.739300 3.709637 3.696804 3.691514 3.689433 3.688651 3.688369 3.688272 3.688240 3.688230 3.688227 3.688226 3.688226 3.688226 3.688226 3.688226 3.688225 3.688224 3.688220 3.688207 3.688172 3.688074 3.687812 3.687147 3.685526 3.681758 3.673399 3.655744 3.620304 3.552844 3.431420 3.225515 2.898180 2.413591 1.751510 0.926244 0.000000 
50.000000 40.259968 31.150981 23.181662 16.655298 11.648119 8.045159 5.610565 4.063472 3.137498 2.614648 2.335667 2.194764 2.127289 2.096602 2.083326 2.077853 2.075701 2.074892 2.074601 2.074501 2.074468 2.074457 2.074454 2.074453 2.074453 2.074453 2.074453 2.074452 2.074452 2.074451 2.074449 2.074440 2.074417 2.074352 2.074181 2.073748 2.072699 2.070278 2.064955 2.053823 2.031736 1.990260 1.916764 1.794328 1.603483 1.326818 0.956582 0.503260 0.000000 
50.000000 40.063441 30.770691 22.640655 15.982739 10.874697 7.199217 4.715667 3.137498 2.192947 1.659620 1.375057 1.231339 1.162518 1.131220 1.117679 1.112099 1.109904 1.109079 1.108782 1.108680 1.108646 1.108635 1.108632 1.108631 1.108631 1.108631 1.108631 1.108630 1.108630 1.108630 1.108628 1.108623 1.108609 1.108569 1.108466 1.108204 1.107576 1.106135 1.102990 1.096473 1.083676 1.059923 1.018387 0.950196 0.845569 0.696332 0.499687 0.261956 0.000000 
50.000000 39.952442 30.555908 22.335112 15.602916 10.437931 6.721522 4.210347 2.614648 1.659620 1.120387 0.832679 0.687375 0.617797 0.586155 0.572466 0.566824 0.564605 0.563771 0.563471 0.563368 0.563334 0.563323 0.563320 0.563319 0.563318 0.563318 0.563318 0.563318 0.563318 0.563318 0.563317 0.563314 0.563306 0.563284 0.563225 0.563078 0.562727 0.561927 0.560194 0.556630 0.549693 0.536948 0.514908 0.479158 0.424998 0.348720 0.249382 0.130406 0.000000 
50.000000 39.893199 30.441274 22.172043 15.400214 10.204853 6.466613 3.940710 2.335667 1.375057 0.832679 0.543296 0.397148 0.327167 0.295342 0.281574 0.275900 0.273668 0.272830 0.272528 0.272424 0.272390 0.272379 0.272376 0.272375 0.272374 0.272374 0.272374 0.272374 0.272374 0.272374 0.272373 0.272372 0.272368 0.272356 0.272325 0.272248 0.272064 0.271648 0.270752 0.268922 0.265388 0.258952 0.247925 0.230218 0.203666 0.166645 0.118865 0.062041 0.000000 
50.000000 39.863268 30.383360 22.089663 15.297817 10.087118 6.337857 3.804520 2.194764 1.231339 0.687375 0.397148 0.250576 0.180392 0.148475 0.134668 0.128977 0.126739 0.125898 0.125595 0.125491 0.125457 0.125446 0.125442 0.125441 0.125441 0.125441 0.125441 0.125441 0.125441 0.125441 0.125441 0.125440 0.125438 0.125432 0.125416 0.125378 0.125288 0.125084 0.124648 0.123763 0.122065 0.118994 0.113776 0.105466 0.093108 0.076016 0.054113 0.028204 0.000000 
50.000000 39.848930 30.355619 22.050204 15.248771 10.030729 6.276194 3.739300 2.127289 1.162518 0.617797 0.327167 0.180392 0.110110 0.078150 0.064324 0.058625 0.056384 0.055542 0.055239 0.055135 0.055100 0.055089 0.055086 0.055085 0.055085 0.055084 0.055084 0.055084 0.055084 0.055084 0.055084 0.055084 0.055083 0.055080 0.055073 0.055055 0.055013 0.054919 0.054718 0.054313 0.053541 0.052154 0.049811 0.046107 0.040636 0.033119 0.023539 0.012255 0.000000 
50.000000 39.842407 30.342998 22.032253 15.226461 10.005079 6.248147 3.709637 2.096602 1.131220 0.586155 0.295342 0.148475 0.078150 0.046169 0.032334 0.026632 0.024390 0.023547 0.023244 0.023140 0.023105 0.023094 0.023091 0.023090 0.023090 0.023090 0.023089 0.023089 0.023089 0.023089 0.023089 0.023089 0.023089 0.023088 0.023084 0.023077 0.023058 0.023017 0.022929 0.022754 0.022421 0.021825 0.020826 0.019254 0.016946 0.013792 0.009790 0.005093 0.000000 
50.000000 39.839584 30.337536 22.024485 15.216807 9.993981 6.236012 3.696804 2.083326 1.117679 0.572466 0.281574 0.134668 0.064324 0.032334 0.018496 0.012793 0.010550 0.009707 0.009404 0.009299 0.009265 0.009254 0.009250 0.009249 0.009249 0.009249 0.009249 0.009249 0.009249 0.009249 0.009249 0.009249 0.009249 0.009248 0.009247 0.009243 0.009236 0.009219 0.009182 0.009110 0.008973 0.008730 0.008324 0.007688 0.006759 0.005494 0.003896 0.002025 0.000000 
50.000000 39.838420 30.335284 22.021282 15.212827 9.989406 6.231010 3.691514 2.077853 1.112099 0.566824 0.275900 0.128977 0.058625 0.026632 0.012793 0.007089 0.004846 0.004002 0.003699 0.003595 0.003560 0.003549 0.003546 0.003545 0.003545 0.003545 0.003545 0.003544 0.003544 0.003544 0.003544 0.003544 0.003544 0.003544 0.003544 0.003542 0.003539 0.003533 0.003518 0.003490 0.003436 0.003342 0.003184 0.002938 0.002581 0.002096 0.001485 0.000772 0.000000 
50.000000 39.837962 30.334398 22.020022 15.211261 9.987606 6.229042 3.689433 2.075701 1.109904 0.564605 0.273668 0.126739 0.056384 0.024390 0.010550 0.004846 0.002602 0.001759 0.001456 0.001351 0.001317 0.001306 0.001302 0.001301 0.001301 0.001301 0.001301 0.001301 0.001301 0.001301 0.001301 0.001301 0.001301 0.001301 0.001301 0.001300 0.001299 0.001297 0.001291 0.001281 0.001261 0.001225 0.001167 0.001076 0.000944 0.000766 0.000543 0.000282 0.000000 
50.000000 39.837790 30.334065 22.019548 15.210672 9.986929 6.228302 3.688651 2.074892 1.109079 0.563771 0.272830 0.125898 0.055542 0.023547 0.009707 0.004002 0.001759 0.000916 0.000613 0.000508 0.000474 0.000463 0.000459 0.000458 0.000458 0.000458 0.000458 0.000458 0.000458 0.000458 0.000458 0.000458 0.000458 0.000458 0.000458 0.000458 0.000457 0.000456 0.000454 0.000451 0.000443 0.000431 0.000410 0.000378 0.000332 0.000269 0.000190 0.000099 0.000000 
50.000000 39.837728 30.333945 22.019377 15.210460 9.986686 6.228036 3.688369 2.074601 1.108782 0.563471 0.272528 0.125595 0.055239 0.023244 0.009404 0.003699 0.001456 0.000613 0.000310 0.000205 0.000170 0.000159 0.000156 0.000155 0.000155 0.000155 0.000155 0.000155 0.000155 0.000155 0.000155 0.000155 0.000155 0.000155 0.000155 0.000155 0.000155 0.000154 0.000154 0.000152 0.000150 0.000145 0.000138 0.000128 0.000112 0.000091 0.000064 0.000033 0.000000 
50.000000 39.837706 30.333904 22.019319 15.210387 9.986602 6.227944 3.688272 2.074501 1.108680 0.563368 0.272424 0.125491 0.055135 0.023140 0.009299 0.003595 0.001351 0.000508 0.000205 0.000101 0.000066 0.000055 0.000052 0.000051 0.000050 0.000050 0.000050 0.000050 0.000050 0.000050 0.000050 0.000050 0.000050 0.000050 0.000050 0.000050 0.000050 0.000050 0.000050 0.000049 0.000049 0.000047 0.000045 0.000041 0.000036 0.000029 0.000021 0.000011 0.000000 
50.000000 39.837699 30.333890 22.019299 15.210363 9.986574 6.227914 3.688240 2.074468 1.108646 0.563334 0.272390 0.125457 0.055100 0.023105 0.009265 0.003560 0.001317 0.000474 0.000170 0.000066 0.000031 0.000020 0.000017 0.000016 0.000016 0.000016 0.000016 0.000016 0.000016 0.000016 0.000016 0.000016 0.000016 0.000016 0.000016 0.000016 0.000016 0.000016 0.000016 0.000015 0.000015 0.000015 0.000014 0.000013 0.000011 0.000009 0.000006 0.000003 0.000000 
50.000000 39.837697 30.333886 22.019293 15.210355 9.986565 6.227904 3.688230 2.074457 1.108635 0.563323 0.272379 0.125446 0.055089 0.023094 0.009254 0.003549 0.001306 0.000463 0.000159 0.000055 0.000020 0.000009 0.000006 0.000005 0.000005 0.000005 0.000005 0.000005 0.000005 0.000005 0.000005 0.000005 0.000005 0.000005 0.000005 0.000005 0.000005 0.000005 0.000005 0.000005 0.000005 0.000004 0.000004 0.000004 0.000003 0.000003 0.000002 0.000001 0.000000 
50.000000 39.837696 30.333884 22.019291 15.210353 9.986563 6.227902 3.688227 2.074454 1.108632 0.563320 0.272376 0.125442 0.055086 0.023091 0.009250 0.003546 0.001302 0.000459 0.000156 0.000052 0.000017 0.000006 0.000003 0.000002 0.000002 0.000001 0.000001 0.000001 0.000001 0.000001 0.000001 0.000001 0.000001 0.000001 0.000001 0.000001 0.000001 0.000001 0.000001 0.000001 0.000001 0.000001 0.000001 0.000001 0.000001 0.000001 0.000001 0.000000 0.000000 
50.000000 39.837696 30.333884 22.019291 15.210353 9.986562 6.227901 3.688226 2.074453 1.108631 0.563319 0.272375 0.125441 0.055085 0.023090 0.009249 0.003545 0.001302 0.000458 0.000155 0.000051 0.000016 0.000005 0.000002 0.000001 0.000001 0.000001 0.000000 0.000000 0.000000 0.000000 0.000000 0.000000 0.000000 0.000000 0.000000 0.000000 0.000000 0.000000 0.000000 0.000000 0.000000 0.000000 0.000000 0.000000 0.000000 0.000000 0.000000 0.000000 0.000000 
50.000000 39.837696 30.333884 22.019291 15.210353 9.986562 6.227901 3.688226 2.074453 1.108631 0.563319 0.272375 0.125441 0.055085 0.023090 0.009249 0.003545 0.001302 0.000458 0.000155 0.000051 0.000016 0.000005 0.000002 0.000001 0.000001 0.000001 0.000000 0.000000 0.000000 0.000000 0.000000 0.000000 0.000000 0.000000 0.000000 0.000000 0.000000 0.000000 0.000000 0.000000 0.000000 0.000000 0.000000 0.000000 0.000000 0.000000 0.000000 0.000000 0.000000 
50.000000 39.837696 30.333884 22.019291 15.210353 9.986563 6.227902 3.688227 2.074454 1.108632 0.563320 0.272376 0.125442 0.055086 0.023091 0.009250 0.003546 0.001302 0.000459 0.000156 0.000052 0.000017 0.000006 0.000003 0.000002 0.000002 0.000001 0.000001 0.000001 0.000001 0.000001 0.000001 0.000001 0.000001 0.000001 0.000001 0.000001 0.000001 0.000001 0.000001 0.000001 0.000001 0.000001 0.000001 0.000001 0.000001 0.000001 0.000001 0.000000 0.000000 
50.000000 39.837697 30.333886 22.019293 15.210355 9.986565 6.227904 3.688230 2.074457 1.108635 0.563323 0.272379 0.125446 0.055089 0.023094 0.009254 0.003549 0.001306 0.000463 0.000159 0.000055 0.000020 0.000009 0.000006 0.000005 0.000005 0.000005 0.000005 0.000005 0.000005 0.000005 0.000005 0.000005 0.000005 0.000005 0.000005 0.000005 0.000005 0.000005 0.000005 0.000005 0.000005 0.000004 0.000004 0.000004 0.000003 0.000003 0.000002 0.000001 0.000000 
50.000000 39.837699 30.333890 22.019299 15.210363 9.986574 6.227914 3.688240 2.074468 1.108646 0.563334 0.272390 0.125457 0.055100 0.023105 0.009265 0.003560 0.001317 0.000474 0.000170 0.000066 0.000031 0.000020 0.000017 0.000016 0.000016 0.000016 0.000016 0.000016 0.000016 0.000016 0.000016 0.000016 0.000016 0.000016 0.000016 0.000016 0.000016 0.000016 0.000016 0.000015 0.000015 0.000015 0.000014 0.000013 0.000011 0.000009 0.000006 0.000003 0.000000 
50.000000 39.837706 30.333904 22.019319 15.210387 9.986602 6.227944 3.688272 2.074501 1.108680 0.563368 0.272424 0.125491 0.055135 0.023140 0.009299 0.003595 0.001351 0.000508 0.000205 0.000101 0.000066 0.000055 0.000052 0.000051 0.000050 0.000050 0.000050 0.000050 0.000050 0.000050 0.000050 0.000050 0.000050 0.000050 0.000050 0.000050 0.000050 0.000050 0.000050 0.000049 0.000049 0.000047 0.000045 0.000041 0.000036 0.000029 0.000021 0.000011 0.000000 
50.000000 39.837728 30.333945 22.019377 15.210460 9.986686 6.228036 3.688369 2.074601 1.108782 0.563471 0.272528 0.125595 0.055239 0.023244 0.009404 0.003699 0.001456 0.000613 0.000310 0.000205 0.000170 0.000159 0.000156 0.000155 0.000155 0.000155 0.000155 0.000155 0.000155 0.000155 0.000155 0.000155 0.000155 0.000155 0.000155 0.000155 0.000155 0.000154 0.000154 0.000152 0.000150 0.000145 0.000138 0.000128 0.000112 0.000091 0.000064 0.000033 0.000000 
50.000000 39.837790 30.334065 22.019548 15.210672 9.986929 6.228302 3.688651 2.074892 1.109079 0.563771 0.272830 0.125898 0.055542 0.023547 0.009707 0.004002 0.001759 0.000916 0.000613 0.000508 0.000474 0.000463 0.000459 0.000458 0.000458 0.000458 0.000458 0.000458 0.000458 0.000458 0.000458 0.000458 0.000458 0.000458 0.000458 0.000458 0.000457 0.000456 0.000454 0.000451 0.000443 0.000431 0.000410 0.000378 0.000332 0.000269 0.000190 0.000099 0.000000 
50.000000 39.837962 30.334398 22.020022 15.211261 9.987606 6.229042 3.689433 2.075701 1.109904 0.564605 0.273668 0.126739 0.056384 0.024390 0.010550 0.004846 0.002602 0.001759 0.001456 0.001351 0.001317 0.001306 0.001302 0.001301 0.001301 0.001301 0.001301 0.001301 0.001301 0.001301 0.001301 0.001301 0.001301 0.001301 0.001301 0.001300 0.001299 0.001297 0.001291 0.001281 0.001261 0.001225 0.001167 0.001076 0.000944 0.000766 0.000543 0.000282 0.000000 
50.000000 39.838420 30.335284 22.021282 15.212827 9.989406 6.231010 3.691514 2.077853 1.112099 0.566824 0.275900 0.128977 0.058625 0.026632 0.012793 0.007089 0.004846 0.004002 0.003699 0.003595 0.003560 0.003549 0.003546 0.003545 0.003545 0.003545 0.003545 0.003544 0.003544 0.003544 0.003544 0.003544 0.003544 0.003544 0.003544 0.003542 0.003539 0.003533 0.003518 0.003490 0.003436 0.003342 0.003184 0.002938 0.002581 0.002096 0.001485 0.000772 0.000000 
50.000000 39.839584 30.337536 22.024485 15.216807 9.993981 6.236012 3.696804 2.083326 1.117679 0.572466 0.281574 0.134668 0.064324 0.032334 0.018496 0.012793 0.010550 0.009707 0.009404 0.009299 0.009265 0.009254 0.009250 0.009249 0.009249 0.009249 0.009249 0.009249 0.009249 0.009249 0.009249 0.009249 0.009249 0.009248 0.009247 0.009243 0.009236 0.009219 0.009182 0.009110 0.008973 0.008730 0.008324 0.007688 0.006759 0.005494 0.003896 0.002025 0.000000 
50.000000 39.842407 30.342998 22.032253 15.226461 10.005079 6.248147 3.709637 2.096602 1.131220 0.586155 0.295342 0.148475 0.078150 0.046169 0.032334 0.026632 0.024390 0.023547 0.023244 0.023140 0.023105 0.023094 0.023091 0.023090 0.023090 0.023090 0.023089 0.023089 0.023089 0.023089 0.023089 0.023089 0.023089 0.023088 0.023084 0.023077 0.023058 0.023017 0.022929 0.022754 0.022421 0.021825 0.020826 0.019254 0.016946 0.013792 0.009790 0.005093 0.000000 
50.000000 39.848930 30.355619 22.050204 15.248771 10.030729 6.276194 3.739300 2.127289 1.162518 0.617797 0.327167 0.180392 0.110110 0.078150 0.064324 0.058625 0.056384 0.055542 0.055239 0.055135 0.055100 0.055089 0.055086 0.055085 0.055085 0.055084 0.055084 0.055084 0.055084 0.055084 0.055084 0.055084 0.055083 0.055080 0.055073 0.055055 0.055013 0.054919 0.054718 0.054313 0.053541 0.052154 0.049811 0.046107 0.040636 0.033119 0.023539 0.012255 0.000000 
50.000000 39.863268 30.383360 22.089663 15.297817 10.087118 6.337857 3.804520 2.194764 1.231339 0.687375 0.397148 0.250576 0.180392 0.148475 0.134668 0.128977 0.126739 0.125898 0.125595 0.125491 0.125457 0.125446 0.125442 0.125441 0.125441 0.125441 0.125441 0.125441 0.125441 0.125441 0.125441 0.125440 0.125438 0.125432 0.125416 0.125378 0.125288 0.125084 0.124648 0.123763 0.122065 0.118994 0.113776 0.105466 0.093108 0.076016 0.054113 0.028204 0.000000 
50.000000 39.893199 30.441274 22.172043 15.400214 10.204853 6.466613 3.940710 2.335667 1.375057 0.832679 0.543296 0.397148 0.327167 0.295342 0.281574 0.275900 0.273668 0.272830 0.272528 0.272424 0.272390 0.272379 0.272376 0.272375 0.272374 0.272374 0.272374 0.272374 0.272374 0.272374 0.272373 0.272372 0.272368 0.272356 0.272325 0.272248 0.272064 0.271648 0.270752 0.268922 0.265388 0.258952 0.247925 0.230218 0.203666 0.166645 0.118865 0.062041 0.000000 
50.000000 39.952442 30.555908 22.335112 15.602916 10.437931 6.721522 4.210347 2.614648 1.659620 1.120387 0.832679 0.687375 0.617797 0.586155 0.572466 0.566824 0.564605 0.563771 0.563471 0.563368 0.563334 0.563323 0.563320 0.563319 0.563318 0.563318 0.563318 0.563318 0.563318 0.563318 0.563317 0.563314 0.563306 0.563284 0.563225 0.563078 0.562727 0.561927 0.560194 0.556630 0.549693 0.536948 0.514908 0.479158 0.424998 0.348720 0.249382 0.130406 0.000000 
50.000000 40.063441 30.770691 22.640655 15.982739 10.874697 7.199217 4.715667 3.137498 2.192947 1.659620 1.375057 1.231339 1.162518 1.131220 1.117679 1.112099 1.109904 1.109079 1.108782 1.108680 1.108646 1.108635 1.108632 1.108631 1.108631 1.108631 1.108631 1.108630 1.108630 1.108630 1.108628 1.108623 1.108609 1.108569 1.108466 1.108204 1.107576 1.106135 1.102990 1.096473 1.083676 1.059923 1.018387 0.950196 0.845569 0.696332 0.499687 0.261956 0.000000 
50.000000 40.259968 31.150981 23.181662 16.655298 11.648119 8.045159 5.610565 4.063472 3.137498 2.614648 2.335667 2.194764 2.127289 2.096602 2.083326 2.077853 2.075701 2.074892 2.074601 2.074501 2.074468 2.074457 2.074454 2.074453 2.074453 2.074453 2.074453 2.074452 2.074452 2.074451 2.074449 2.074440 2.074417 2.074352 2.074181 2.073748 2.072699 2.070278 2.064955 2.053823 2.031736 1.990260 1.916764 1.794328 1.603483 1.326818 0.956582 0.503260 0.000000 
50.000000 40.588238 31.786215 24.085388 17.778818 12.940189 9.458437 7.105689 5.610565 4.715667 4.210347 3.940710 3.804520 3.739300 3.709637 3.696804 3.691514 3.689433 3.688651 3.688369 3.688272 3.688240 3.688230 3.688227 3.688226 3.688226 3.688226 3.688226 3.688226 3.688225 3.688224 3.688220 3.688207 3.688172 3.688074 3.687812 3.687147 3.685526 3.681758 3.673399 3.655744 3.620304 3.552844 3.431420 3.225515 2.898180 2.413591 1.751510 0.926244 0.000000 
50.000000 41.104710 32.785655 25.507295 19.546611 14.973263 11.682317 9.458437 8.045159 7.199217 6.721522 6.466613 6.337857 6.276194 6.248147 6.236012 6.231010 6.229042 6.228302 6.228036 6.227944 6.227914 6.227904 6.227901 6.227901 6.227900 6.227900 6.227900 6.227900 6.227899 6.227898 6.227892 6.227875 6.227826 6.227688 6.227322 6.226383 6.224081 6.218688 6.206614 6.180831 6.128394 6.027017 5.841159 5.519135 4.994404 4.196039 3.073826 1.638409 0.000000 
50.000000 41.868889 34.264465 27.611258 22.162454 17.981749 14.973263 12.940189 11.648119 10.874697 10.437931 10.204853 10.087118 10.030729 10.005079 9.993981 9.989406 9.987606 9.986929 9.986686 9.986602 9.986574 9.986565 9.986563 9.986562 9.986562 9.986562 9.986561 9.986561 9.986561 9.986558 9.986551 9.986530 9.986467 9.986293 9.985826 9.984622 9.981652 9.974635 9.958773 9.924501 9.853791 9.714674 9.454128 8.990875 8.212314 6.984389 5.188717 2.801273 0.000000 
50.000000 42.930724 36.319315 30.534840 25.797420 22.162454 19.546611 17.778818 16.655298 15.982739 15.602916 15.400214 15.297817 15.248771 15.226461 15.216807 15.212827 15.211261 15.210672 15.210460 15.210387 15.210363 15.210355 15.210353 15.210352 15.210352 15.210352 15.210352 15.210352 15.210351 15.210349 15.210341 15.210316 15.210246 15.210048 15.209515 15.208135 15.204709 15.196548 15.177918 15.137171 15.051815 14.880638 14.552207 13.950140 12.898710 11.160106 8.471422 4.675620 0.000000 
50.000000 44.314535 38.997279 34.345038 30.534840 27.611258 25.507295 24.085388 23.181662 22.640655 22.335112 22.172043 22.089663 22.050204 22.032253 22.024485 22.021282 22.020022 22.019548 22.019377 22.019319 22.019299 22.019293 22.019291 22.019291 22.019290 22.019290 22.019290 22.019290 22.019289 22.019287 22.019279 22.019255 22.019186 22.018990 22.018461 22.017085 22.013647 22.005399 21.986391 21.944323 21.854845 21.671797 21.311256 20.626869 19.374734 17.172519 13.484358 7.751761 0.000000 
50.000000 46.004127 42.267024 38.997279 36.319315 34.264465 32.785655 31.786215 31.150981 30.770691 30.555908 30.441274 30.383360 30.355619 30.342998 30.337536 30.335284 30.334398 30.334065 30.333945 30.333904 30.333890 30.333886 30.333884 30.333884 30.333884 30.333884 30.333884 30.333883 30.333883 30.333881 30.333875 30.333855 30.333799 30.333640 30.333208 30.332080 30.329247 30.322409 30.306526 30.271004 30.194399 30.034706 29.711829 29.075747 27.847893 25.512921 21.133512 13.152847 0.000000 
50.000000 47.935210 46.004127 44.314535 42.930724 41.868889 41.104710 40.588238 40.259968 40.063441 39.952442 39.893199 39.863268 39.848930 39.842407 39.839584 39.838420 39.837962 39.837790 39.837728 39.837706 39.837699 39.837697 39.837696 39.837696 39.837696 39.837696 39.837696 39.837696 39.837696 39.837695 39.837691 39.837680 39.837648 39.837559 39.837314 39.836675 39.835064 39.831158 39.822036 39.801485 39.756708 39.661994 39.466301 39.067617 38.255105 36.562774 32.851281 23.967605 0.000000 
50.000000 50.000000 50.000000 50.000000 50.000000 50.000000 50.000000 50.000000 50.000000 50.000000 50.000000 50.000000 50.000000 50.000000 50.000000 50.000000 50.000000 50.000000 50.000000 50.000000 50.000000 50.000000 50.000000 50.000000 50.000000 50.000000 50.000000 50.000000 50.000000 50.000000 50.000000 50.000000 50.000000 50.000000 50.000000 50.000000 50.000000 50.000000 50.000000 50.000000 50.000000 50.000000 50.000000 50.000000 50.000000 50.000000 50.000000 50.000000 50.000000 50.000000 
