50.000000 50.000000 50.000000 50.000000 50.000000 50.000000 50.000000 50.000000 50.000000 50.000000 50.000000 50.000000 50.000000 50.000000 50.000000 50.000000 50.000000 50.000000 50.000000 50.000000 50.000000 50.000000 50.000000 50.000000 50.000000 50.000000 50.000000 50.000000 50.000000 50.000000 50.000000 50.000000 50.000000 50.000000 50.000000 50.000000 50.000000 50.000000 50.000000 50.000000 50.000000 50.000000 50.000000 50.000000 50.000000 50.000000 50.000000 50.000000 50.000000 50.000000 
50.000000 49.022774 48.075528 47.185485 46.374777 45.658860 45.045869 44.536889 44.126991 43.806760 43.564013 43.385424 43.257877 43.169421 43.109835 43.070836 43.046028 43.030685 43.021456 43.016055 43.012979 43.011273 43.010351 43.009865 43.009613 43.009481 43.009404 43.009341 43.009256 43.009107 43.008819 43.008266 43.007220 43.005276 43.001735 42.995414 42.984332 42.965244 42.932883 42.878774 42.789296 42.642402 42.401731 42.005247 41.341310 40.193033 38.094228 33.912906 24.511387 0.000000 
50.000000 48.075528 46.210097 44.457319 42.860776 41.450910 40.243740 39.241401 38.434186 37.803556 37.325515 36.973823 36.722646 36.548452 36.431112 36.354312 36.305458 36.275244 36.257070 36.246434 36.240377 36.237017 36.235202 36.234245 36.233749 36.233490 36.233340 36.233218 36.233057 36.232773 36.232230 36.231186 36.229212 36.225550 36.218893 36.207028 36.186281 36.150653 36.090489 35.990407 35.826045 35.558787 35.126899 34.429950 33.300152 31.447815 28.357323 23.105049 14.162622 0.000000 
50.000000 47.185485 44.457319 41.893908 39.558992 37.497092 35.731634 34.265741 33.085217 32.162944 31.463831 30.949498 30.582167 30.327420 30.155819 30.043506 29.972061 29.927876 29.901298 29.885745 29.876887 29.871975 29.869321 29.867921 29.867196 29.866819 29.866602 29.866430 29.866207 29.865817 29.865075 29.863652 29.860965 29.855992 29.846975 29.830954 29.803047 29.755351 29.675290 29.543133 29.328283 28.983635 28.436956 27.577526 26.235663 24.152969 20.946954 16.099996 9.091257 0.000000 
50.000000 46.374777 42.860776 39.558992 36.551526 33.895722 31.621753 29.733641 28.213099 27.025197 26.124732 25.462271 24.989151 24.661042 24.440023 24.295368 24.203351 24.146443 24.112213 24.092182 24.080774 24.074447 24.071029 24.069227 24.068295 24.067811 24.067536 24.067325 24.067059 24.066600 24.065731 24.064069 24.060940 24.055166 24.044730 24.026264 23.994256 23.939878 23.849282 23.701139 23.463181 23.087367 22.503321 21.609761 20.264451 18.275763 15.406023 11.412961 6.181744 0.000000 
50.000000 45.658860 41.450910 37.497092 33.895722 30.715468 27.992462 25.731518 23.910734 22.488282 21.410027 20.616775 20.050250 19.657368 19.392720 19.219511 19.109332 19.041192 19.000207 18.976223 18.962564 18.954989 18.950897 18.948740 18.947626 18.947049 18.946727 18.946487 18.946198 18.945710 18.944789 18.943036 18.939745 18.933692 18.922797 18.903609 18.870538 18.814739 18.722551 18.573356 18.336766 17.969085 17.409179 16.574337 15.357734 13.631271 11.261430 8.150759 4.317550 0.000000 
50.000000 45.045869 40.243740 35.731634 31.621753 27.992462 24.884994 22.304839 20.227000 18.603739 17.373276 16.468054 15.821569 15.373238 15.071242 14.873593 14.747869 14.670115 14.623349 14.595982 14.580396 14.571754 14.567085 14.564625 14.563355 14.562701 14.562341 14.562085 14.561791 14.561307 14.560404 14.558690 14.555486 14.549616 14.539096 14.520664 14.489090 14.436208 14.349604 14.210922 13.993815 13.661657 13.165416 12.442497 11.418125 10.011992 8.154108 5.813790 3.040622 0.000000 
50.000000 44.536889 39.241401 34.265741 29.733641 25.731518 22.304839 19.459656 17.168400 15.378424 14.021599 13.023424 12.310560 11.816202 11.483206 11.265271 11.126643 11.040912 10.989347 10.959173 10.941989 10.932460 10.927313 10.924601 10.923203 10.922486 10.922099 10.921836 10.921553 10.921101 10.920268 10.918696 10.915769 10.910428 10.900901 10.884302 10.856046 10.809074 10.732823 10.611987 10.425143 10.143445 9.729828 9.139423 8.322339 7.230320 5.828786 4.114502 2.135157 0.000000 
50.000000 44.126991 38.434186 33.085217 28.213099 23.910734 20.227000 17.168400 14.705292 12.781075 11.322505 10.249489 9.483183 8.951769 8.593817 8.359551 8.210538 8.118384 8.062958 8.030524 8.012054 8.001812 7.996280 7.993367 7.991866 7.991100 7.990693 7.990431 7.990168 7.989767 7.989038 7.987674 7.985143 7.980545 7.972384 7.958242 7.934322 7.894850 7.831321 7.731645 7.579290 7.352646 7.024954 6.565343 5.941650 5.125732 4.101582 2.875400 1.484588 0.000000 
50.000000 43.806760 37.803556 32.162944 27.025197 22.488282 18.603739 15.378424 12.781075 10.752002 9.213961 8.082490 7.274446 6.714092 6.336651 6.089633 5.932510 5.835343 5.776901 5.742704 5.723229 5.712431 5.706599 5.703528 5.701948 5.701145 5.700726 5.700469 5.700232 5.699890 5.699283 5.698155 5.696072 5.692305 5.685650 5.674182 5.654906 5.623323 5.572904 5.494530 5.376001 5.201786 4.953281 4.609924 4.151516 3.562016 2.834662 1.977511 1.017464 0.000000 
50.000000 43.564013 37.325515 31.463831 26.124732 21.410027 17.373276 14.021599 11.322505 9.213961 7.615691 6.439922 5.600249 5.017968 4.625760 4.369080 4.205814 4.104848 4.044123 4.008590 3.988355 3.977135 3.971076 3.967886 3.966246 3.965416 3.964989 3.964740 3.964530 3.964250 3.963765 3.962872 3.961233 3.958283 3.953096 3.944205 3.929349 3.905174 3.866873 3.807846 3.719431 3.590860 3.409612 3.162354 2.836671 2.423592 1.920697 1.335108 0.685238 0.000000 
50.000000 43.385424 36.973823 30.949498 25.462271 20.616775 16.468054 13.023424 10.249489 8.082490 6.439922 5.231573 4.368640 3.770233 3.367167 3.103383 2.935600 2.831842 2.769438 2.732924 2.712129 2.700600 2.694374 2.691097 2.689413 2.688563 2.688132 2.687892 2.687709 2.687484 2.687111 2.686434 2.685197 2.682981 2.679103 2.672490 2.661503 2.643736 2.615787 2.573049 2.509586 2.418167 2.290601 2.118451 1.894224 1.612989 1.274209 0.883334 0.452541 0.000000 
50.000000 43.257877 36.722646 30.582167 24.989151 20.050250 15.821569 12.310560 9.483183 7.274446 5.600249 4.368640 3.489101 2.879182 2.468366 2.199512 2.028505 1.922754 1.859153 1.821938 1.800745 1.788995 1.782650 1.779310 1.777596 1.776732 1.776299 1.776067 1.775907 1.775731 1.775454 1.774958 1.774061 1.772460 1.769672 1.764940 1.757121 1.744550 1.724904 1.695076 1.651122 1.588333 1.501486 1.385360 1.235511 1.049273 0.826816 0.571993 0.292633 0.000000 
50.000000 43.169421 36.548452 30.327420 24.661042 19.657368 15.373238 11.816202 8.951769 6.714092 5.017968 3.770233 2.879182 2.261285 1.845096 1.572729 1.399488 1.292357 1.227925 1.190225 1.168756 1.156853 1.150425 1.147043 1.145307 1.144435 1.144001 1.143776 1.143635 1.143498 1.143297 1.142948 1.142320 1.141206 1.139274 1.136009 1.130643 1.122062 1.108730 1.088618 1.059186 1.017447 0.960156 0.884147 0.786830 0.666786 0.524373 0.362172 0.185089 0.000000 
50.000000 43.109835 36.431112 30.155819 24.440023 19.392720 15.071243 11.483206 8.593817 6.336651 4.625760 3.367167 2.468366 1.845096 1.425291 1.150558 0.975814 0.867754 0.802764 0.764737 0.743082 0.731077 0.724594 0.721183 0.719432 0.718555 0.718120 0.717902 0.717775 0.717668 0.717525 0.717286 0.716862 0.716113 0.714820 0.712646 0.709087 0.703426 0.694677 0.681555 0.662469 0.635576 0.598905 0.550579 0.489111 0.413759 0.324865 0.224084 0.114422 0.000000 
50.000000 43.070836 36.354312 30.043506 24.295368 19.219512 14.873594 11.265271 8.359551 6.089633 4.369080 3.103383 2.199512 1.572729 1.150559 0.874279 0.698551 0.589884 0.524529 0.486288 0.464512 0.452439 0.445920 0.442490 0.440731 0.439849 0.439415 0.439201 0.439085 0.439000 0.438900 0.438741 0.438463 0.437976 0.437140 0.435739 0.433456 0.429840 0.424281 0.415984 0.403983 0.387167 0.364370 0.334498 0.296715 0.250638 0.196531 0.135420 0.069101 0.000000 
50.000000 43.046028 36.305458 29.972062 24.203352 19.109333 14.747869 11.126644 8.210538 5.932511 4.205815 2.935601 2.028506 1.399489 0.975815 0.698552 0.522200 0.413146 0.347559 0.309183 0.287330 0.275214 0.268672 0.265230 0.263465 0.262581 0.262148 0.261936 0.261828 0.261758 0.261687 0.261584 0.261408 0.261101 0.260577 0.259703 0.258284 0.256046 0.252621 0.247532 0.240207 0.229994 0.216217 0.198254 0.175642 0.148187 0.116070 0.079909 0.040753 0.000000 
50.000000 43.030685 36.275244 29.927877 24.146444 19.041194 14.670117 11.040914 8.118386 5.835345 4.104850 2.831844 1.922757 1.292359 0.867756 0.589886 0.413147 0.303855 0.238125 0.199665 0.177764 0.165622 0.159066 0.155617 0.153848 0.152963 0.152530 0.152321 0.152217 0.152157 0.152107 0.152040 0.151931 0.151744 0.151426 0.150897 0.150042 0.148698 0.146649 0.143619 0.139275 0.133245 0.125147 0.114633 0.101451 0.085505 0.066913 0.046033 0.023466 0.000000 
50.000000 43.021457 36.257071 29.901301 24.112216 19.000211 14.623353 10.989352 8.062963 5.776907 4.044129 2.769444 1.859159 1.227931 0.802770 0.524534 0.347564 0.238128 0.172312 0.133802 0.111873 0.099715 0.093150 0.089696 0.087926 0.087040 0.086607 0.086399 0.086299 0.086246 0.086208 0.086165 0.086099 0.085988 0.085800 0.085490 0.084989 0.084206 0.083016 0.081262 0.078757 0.075294 0.070660 0.064667 0.057179 0.048150 0.037652 0.025887 0.013191 0.000000 
50.000000 43.016057 36.246438 29.885751 24.092190 18.976233 14.595993 10.959185 8.030537 5.742717 4.008604 2.732937 1.821952 1.190239 0.764751 0.486302 0.309196 0.199677 0.133811 0.095271 0.073325 0.061158 0.054588 0.051132 0.049360 0.048474 0.048041 0.047834 0.047736 0.047687 0.047657 0.047629 0.047589 0.047525 0.047417 0.047240 0.046956 0.046512 0.045839 0.044852 0.043447 0.041510 0.038928 0.035599 0.031453 0.026467 0.020682 0.014213 0.007240 0.000000 
50.000000 43.012984 36.240386 29.876901 24.080792 18.962585 14.580421 10.942015 8.012082 5.723260 3.988386 2.712161 1.800777 1.168789 0.743115 0.464545 0.287362 0.177795 0.111900 0.073344 0.051388 0.039216 0.032643 0.029186 0.027413 0.026527 0.026094 0.025888 0.025791 0.025744 0.025719 0.025699 0.025676 0.025639 0.025579 0.025481 0.025324 0.025079 0.024709 0.024168 0.023400 0.022344 0.020941 0.019138 0.016897 0.014210 0.011098 0.007623 0.003882 0.000000 
50.000000 43.011284 36.237040 29.872007 24.074489 18.955039 14.571810 10.932522 8.001878 5.712500 3.977207 2.700674 1.789069 1.156928 0.731152 0.452515 0.275289 0.165696 0.099785 0.061220 0.039259 0.027084 0.020510 0.017051 0.015278 0.014392 0.013959 0.013753 0.013657 0.013612 0.013589 0.013575 0.013560 0.013540 0.013507 0.013454 0.013369 0.013237 0.013038 0.012748 0.012338 0.011776 0.011030 0.010074 0.008890 0.007471 0.005832 0.004005 0.002039 0.000000 
50.000000 43.010376 36.235252 29.869393 24.071122 18.951008 14.567211 10.927451 7.996428 5.706755 3.971237 2.694539 1.782817 1.150595 0.724764 0.446091 0.268842 0.159235 0.093316 0.054746 0.032782 0.020605 0.014030 0.010571 0.008798 0.007911 0.007479 0.007273 0.007177 0.007133 0.007112 0.007101 0.007091 0.007079 0.007062 0.007033 0.006987 0.006917 0.006812 0.006658 0.006441 0.006145 0.005753 0.005252 0.004632 0.003891 0.003036 0.002084 0.001061 0.000000 
50.000000 43.009921 36.234355 29.868081 24.069432 18.948984 14.564902 10.924905 7.993692 5.703869 3.968239 2.691458 1.779678 1.147414 0.721556 0.442865 0.265606 0.155991 0.090068 0.051495 0.029530 0.017352 0.010777 0.007318 0.005545 0.004658 0.004226 0.004020 0.003924 0.003880 0.003860 0.003850 0.003843 0.003836 0.003826 0.003810 0.003785 0.003746 0.003688 0.003604 0.003485 0.003323 0.003110 0.002837 0.002501 0.002100 0.001638 0.001124 0.000572 0.000000 
50.000000 43.009733 36.233984 29.867539 24.068735 18.948150 14.563950 10.923856 7.992563 5.702680 3.967003 2.690189 1.778384 1.146103 0.720234 0.441535 0.264271 0.154654 0.088729 0.050155 0.028189 0.016011 0.009436 0.005977 0.004203 0.003317 0.002884 0.002679 0.002583 0.002539 0.002519 0.002510 0.002504 0.002499 0.002492 0.002481 0.002465 0.002439 0.002401 0.002345 0.002267 0.002161 0.002022 0.001844 0.001625 0.001364 0.001063 0.000729 0.000371 0.000000 
50.000000 43.009733 36.233984 29.867539 24.068735 18.948150 14.563950 10.923856 7.992563 5.702680 3.967003 2.690189 1.778384 1.146103 0.720234 0.441535 0.264271 0.154654 0.088729 0.050155 0.028189 0.016011 0.009436 0.005977 0.004203 0.003317 0.002884 0.002679 0.002583 0.002539 0.002519 0.002510 0.002504 0.002499 0.002492 0.002481 0.002465 0.002439 0.002401 0.002345 0.002267 0.002161 0.002022 0.001844 0.001625 0.001364 0.001063 0.000729 0.000371 0.000000 
50.000000 43.009921 36.234355 29.868081 24.069432 18.948984 14.564902 10.924905 7.993692 5.703869 3.968239 2.691458 1.779678 1.147414 0.721556 0.442865 0.265606 0.155991 0.090068 0.051495 0.029530 0.017352 0.010777 0.007318 0.005545 0.004658 0.004226 0.004020 0.003924 0.003880 0.003860 0.003850 0.003843 0.003836 0.003826 0.003810 0.003785 0.003746 0.003688 0.003604 0.003485 0.003323 0.003110 0.002837 0.002501 0.002100 0.001638 0.001124 0.000572 0.000000 
50.000000 43.010376 36.235252 29.869393 24.071122 18.951008 14.567211 10.927451 7.996428 5.706755 3.971237 2.694539 1.782817 1.150595 0.724764 0.446091 0.268842 0.159235 0.093316 0.054746 0.032782 0.020605 0.014030 0.010571 0.008798 0.007911 0.007479 0.007273 0.007177 0.007133 0.007112 0.007101 0.007091 0.007079 0.007062 0.007033 0.006987 0.006917 0.006812 0.006658 0.006441 0.006145 0.005753 0.005252 0.004632 0.003891 0.003036 0.002084 0.001061 0.000000 
50.000000 43.011284 36.237040 29.872007 24.074489 18.955039 14.571810 10.932522 8.001878 5.712500 3.977207 2.700674 1.789069 1.156928 0.731152 0.452515 0.275289 0.165696 0.099785 0.061220 0.039259 0.027084 0.020510 0.017051 0.015278 0.014392 0.013959 0.013753 0.013657 0.013612 0.013589 0.013575 0.013560 0.013540 0.013507 0.013454 0.013369 0.013237 0.013038 0.012748 0.012338 0.011776 0.011030 0.010074 0.008890 0.007471 0.005832 0.004005 0.002039 0.000000 
50.000000 43.012984 36.240386 29.876901 24.080792 18.962585 14.580421 10.942015 8.012082 5.723260 3.988386 2.712161 1.800777 1.168789 0.743115 0.464545 0.287362 0.177795 0.111900 0.073344 0.051388 0.039216 0.032643 0.029186 0.027413 0.026527 0.026094 0.025888 0.025791 0.025744 0.025719 0.025699 0.025676 0.025639 0.025579 0.025481 0.025324 0.025079 0.024709 0.024168 0.023400 0.022344 0.020941 0.019138 0.016897 0.014210 0.011098 0.007623 0.003882 0.000000 
50.000000 43.016057 36.246438 29.885751 24.092190 18.976233 14.595993 10.959185 8.030537 5.742717 4.008604 2.732937 1.821952 1.190239 0.764751 0.486302 0.309196 0.199677 0.133811 0.095271 0.073325 0.061158 0.054588 0.051132 0.049360 0.048474 0.048041 0.047834 0.047736 0.047687 0.047657 0.047629 0.047589 0.047525 0.047417 0.047240 0.046956 0.046512 0.045839 0.044852 0.043447 0.041510 0.038928 0.035599 0.031453 0.026467 0.020682 0.014213 0.007240 0.000000 
50.000000 43.021457 36.257071 29.901301 24.112216 19.000211 14.623353 10.989352 8.062963 5.776907 4.044129 2.769444 1.859159 1.227931 0.802770 0.524534 0.347564 0.238128 0.172312 0.133802 0.111873 0.099715 0.093150 0.089696 0.087926 0.087040 0.086607 0.086399 0.086299 0.086246 0.086208 0.086165 0.086099 0.085988 0.085800 0.085490 0.084989 0.084206 0.083016 0.081262 0.078757 0.075294 0.070660 0.064667 0.057179 0.048150 0.037652 0.025887 0.013191 0.000000 
50.000000 43.030685 36.275244 29.927877 24.146444 19.041194 14.670117 11.040914 8.118386 5.835345 4.104850 2.831844 1.922757 1.292359 0.867756 0.589886 0.413147 0.303855 0.238125 0.199665 0.177764 0.165622 0.159066 0.155617 0.153848 0.152963 0.152530 0.152321 0.152217 0.152157 0.152107 0.152040 0.151931 0.151744 0.151426 0.150897 0.150042 0.148698 0.146649 0.143619 0.139275 0.133245 0.125147 0.114633 0.101451 0.085505 0.066913 0.046033 0.023466 0.000000 
50.000000 43.046028 36.305458 29.972062 24.203352 19.109333 14.747869 11.126644 8.210538 5.932511 4.205815 2.935601 2.028506 1.399489 0.975815 0.698552 0.522200 0.413146 0.347559 0.309183 0.287330 0.275214 0.268672 0.265230 0.263465 0.262581 0.262148 0.261936 0.261828 0.261758 0.261687 0.261584 0.261408 0.261101 0.260577 0.259703 0.258284 0.256046 0.252621 0.247532 0.240207 0.229994 0.216217 0.198254 0.175642 0.148187 0.116070 0.079909 0.040753 0.000000 
50.000000 43.070836 36.354312 30.043506 24.295368 19.219512 14.873594 11.265271 8.359551 6.089633 4.369080 3.103383 2.199512 1.572729 1.150559 0.874279 0.698551 0.589884 0.524529 0.486288 0.464512 0.452439 0.445920 0.442490 0.440731 0.439849 0.439415 0.439201 0.439085 0.439000 0.438900 0.438741 0.438463 0.437976 0.437140 0.435739 0.433456 0.429840 0.424281 0.415984 0.403983 0.387167 0.364370 0.334498 0.296715 0.250638 0.196531 0.135420 0.069101 0.000000 
50.000000 43.109835 36.431112 30.155819 24.440023 19.392720 15.071243 11.483206 8.593817 6.336651 4.625760 3.367167 2.468366 1.845096 1.425291 1.150558 0.975814 0.867754 0.802764 0.764737 0.743082 0.731077 0.724594 0.721183 0.719432 0.718555 0.718120 0.717902 0.717775 0.717668 0.717525 0.717286 0.716862 0.716113 0.714820 0.712646 0.709087 0.703426 0.694677 0.681555 0.662469 0.635576 0.598905 0.550579 0.489111 0.413759 0.324865 0.224084 0.114422 0.000000 
50.000000 43.169421 36.548452 30.327420 24.661042 19.657368 15.373238 11.816202 8.951769 6.714092 5.017968 3.770233 2.879182 2.261285 1.845096 1.572729 1.399488 1.292357 1.227925 1.190225 1.168756 1.156853 1.150425 1.147043 1.145307 1.144435 1.144001 1.143776 1.143635 1.143498 1.143297 1.142948 1.142320 1.141206 1.139274 1.136009 1.130643 1.122062 1.108730 1.088618 1.059186 1.017447 0.960156 0.884147 0.786830 0.666786 0.524373 0.362172 0.185089 0.000000 
50.000000 43.257877 36.722646 30.582167 24.989151 20.050250 15.821569 12.310560 9.483183 7.274446 5.600249 4.368640 3.489101 2.879182 2.468366 2.199512 2.028505 1.922754 1.859153 1.821938 1.800745 1.788995 1.782650 1.779310 1.777596 1.776732 1.776299 1.776067 1.775907 1.775731 1.775454 1.774958 1.774061 1.772460 1.769672 1.764940 1.757121 1.744550 1.724904 1.695076 1.651122 1.588333 1.501486 1.385360 1.235511 1.049273 0.826816 0.571993 0.292633 0.000000 
50.000000 43.385424 36.973823 30.949498 25.462271 20.616775 16.468054 13.023424 10.249489 8.082490 6.439922 5.231573 4.368640 3.770233 3.367167 3.103383 2.935600 2.831842 2.769438 2.732924 2.712129 2.700600 2.694374 2.691097 2.689413 2.688563 2.688132 2.687892 2.687709 2.687484 2.687111 2.686434 2.685197 2.682981 2.679103 2.672490 2.661503 2.643736 2.615787 2.573049 2.509586 2.418167 2.290601 2.118451 1.894224 1.612989 1.274209 0.883334 0.452541 0.000000 
50.000000 43.564013 37.325515 31.463831 26.124732 21.410027 17.373276 14.021599 11.322505 9.213961 7.615691 6.439922 5.600249 5.017968 4.625760 4.369080 4.205814 4.104848 4.044123 4.008590 3.988355 3.977135 3.971076 3.967886 3.966246 3.965416 3.964989 3.964740 3.964530 3.964250 3.963765 3.962872 3.961233 3.958283 3.953096 3.944205 3.929349 3.905174 3.866873 3.807846 3.719431 3.590860 3.409612 3.162354 2.836671 2.423592 1.920697 1.335108 0.685238 0.000000 
50.000000 43.806760 37.803556 32.162944 27.025197 22.488282 18.603739 15.378424 12.781075 10.752002 9.213961 8.082490 7.274446 6.714092 6.336651 6.089633 5.932510 5.835343 5.776901 5.742704 5.723229 5.712431 5.706599 5.703528 5.701948 5.701145 5.700726 5.700469 5.700232 5.699890 5.699283 5.698155 5.696072 5.692305 5.685650 5.674182 5.654906 5.623323 5.572904 5.494530 5.376001 5.201786 4.953281 4.609924 4.151516 3.562016 2.834662 1.977511 1.017464 0.000000 
50.000000 44.126991 38.434186 33.085217 28.213099 23.910734 20.227000 17.168400 14.705292 12.781075 11.322505 10.249489 9.483183 8.951769 8.593817 8.359551 8.210538 8.118384 8.062958 8.030524 8.012054 8.001812 7.996280 7.993367 7.991866 7.991100 7.990693 7.990431 7.990168 7.989767 7.989038 7.987674 7.985143 7.980545 7.972384 7.958242 7.934322 7.894850 7.831321 7.731645 7.579290 7.352646 7.024954 6.565343 5.941650 5.125732 4.101582 2.875400 1.484588 0.000000 
50.000000 44.536889 39.241401 34.265741 29.733641 25.731518 22.304839 19.459656 17.168400 15.378424 14.021599 13.023424 12.310560 11.816202 11.483206 11.265271 11.126643 11.040912 10.989347 10.959173 10.941989 10.932460 10.927313 10.924601 10.923203 10.922486 10.922099 10.921836 10.921553 10.921101 10.920268 10.918696 10.915769 10.910428 10.900901 10.884302 10.856046 10.809074 10.732823 10.611987 10.425143 10.143445 9.729828 9.139423 8.322339 7.230320 5.828786 4.114502 2.135157 0.000000 
50.000000 45.045869 40.243740 35.731634 31.621753 27.992462 24.884994 22.304839 20.227000 18.603739 17.373276 16.468054 15.821569 15.373238 15.071242 14.873593 14.747869 14.670115 14.623349 14.595982 14.580396 14.571754 14.567085 14.564625 14.563355 14.562701 14.562341 14.562085 14.561791 14.561307 14.560404 14.558690 14.555486 14.549616 14.539096 14.520664 14.489090 14.436208 14.349604 14.210922 13.993815 13.661657 13.165416 12.442497 11.418125 10.011992 8.154108 5.813790 3.040622 0.000000 
50.000000 45.658860 41.450910 37.497092 33.895722 30.715468 27.992462 25.731518 23.910734 22.488282 21.410027 20.616775 20.050250 19.657368 19.392720 19.219511 19.109332 19.041192 19.000207 18.976223 18.962564 18.954989 18.950897 18.948740 18.947626 18.947049 18.946727 18.946487 18.946198 18.945710 18.944789 18.943036 18.939745 18.933692 18.922797 18.903609 18.870538 18.814739 18.722551 18.573356 18.336766 17.969085 17.409179 16.574337 15.357734 13.631271 11.261430 8.150759 4.317550 0.000000 
50.000000 46.374777 42.860776 39.558992 36.551526 33.895722 31.621753 29.733641 28.213099 27.025197 26.124732 25.462271 24.989151 24.661042 24.440023 24.295368 24.203351 24.146443 24.112213 24.092182 24.080774 24.074447 24.071029 24.069227 24.068295 24.067811 24.067536 24.067325 24.067059 24.066600 24.065731 24.064069 24.060940 24.055166 24.044730 24.026264 23.994256 23.939878 23.849282 23.701139 23.463181 23.087367 22.503321 21.609761 20.264451 18.275763 15.406023 11.412961 6.181744 0.000000 
50.000000 47.185485 44.457319 41.893908 39.558992 37.497092 35.731634 34.265741 33.085217 32.162944 31.463831 30.949498 30.582167 30.327420 30.155819 30.043506 29.972061 29.927876 29.901298 29.885745 29.876887 29.871975 29.869321 29.867921 29.867196 29.866819 29.866602 29.866430 29.866207 29.865817 29.865075 29.863652 29.860965 29.855992 29.846975 29.830954 29.803047 29.755351 29.675290 29.543133 29.328283 28.983635 28.436956 27.577526 26.235663 24.152969 20.946954 16.099996 9.091257 0.000000 
50.000000 48.075528 46.210097 44.457319 42.860776 41.450910 40.243740 39.241401 38.434186 37.803556 37.325515 36.973823 36.722646 36.548452 36.431112 36.354312 36.305458 36.275244 36.257070 36.246434 36.240377 36.237017 36.235202 36.234245 36.233749 36.233490 36.233340 36.233218 36.233057 36.232773 36.232230 36.231186 36.229212 36.225550 36.218893 36.207028 36.186281 36.150653 36.090489 35.990407 35.826045 35.558787 35.126899 34.429950 33.300152 31.447815 28.357323 23.105049 14.162622 0.000000 
50.000000 49.022774 48.075528 47.185485 46.374777 45.658860 45.045869 44.536889 44.126991 43.806760 43.564013 43.385424 43.257877 43.169421 43.109835 43.070836 43.046028 43.030685 43.021456 43.016055 43.012979 43.011273 43.010351 43.009865 43.009613 43.009481 43.009404 43.009341 43.009256 43.009107 43.008819 43.008266 43.007220 43.005276 43.001735 42.995414 42.984332 42.965244 42.932883 42.878774 42.789296 42.642402 42.401731 42.005247 41.341310 40.193033 38.094228 33.912906 24.511387 0.000000 
50.000000 50.000000 50.000000 50.000000 50.000000 50.000000 50.000000 50.000000 50.000000 50.000000 50.000000 50.000000 50.000000 50.000000 50.000000 50.000000 50.000000 50.000000 50.000000 50.000000 50.000000 50.000000 50.000000 50.000000 50.000000 50.000000 50.000000 50.000000 50.000000 50.000000 50.000000 50.000000 50.000000 50.000000 50.000000 50.000000 50.000000 50.000000 50.000000 50.000000 50.000000 50.000000 50.000000 50.000000 50.000000 50.000000 50.000000 50.000000 50.000000 50.000000 
