50.000000 50.000000 50.000000 50.000000 50.000000 50.000000 50.000000 50.000000 50.000000 50.000000 50.000000 50.000000 50.000000 50.000000 50.000000 50.000000 50.000000 50.000000 50.000000 50.000000 50.000000 50.000000 50.000000 50.000000 50.000000 50.000000 50.000000 50.000000 50.000000 50.000000 50.000000 50.000000 50.000000 50.000000 50.000000 50.000000 50.000000 50.000000 50.000000 50.000000 50.000000 50.000000 50.000000 50.000000 50.000000 50.000000 50.000000 50.000000 50.000000 50.000000 
50.000000 48.039452 46.199466 44.578400 43.237011 42.193748 41.430396 40.904347 40.562495 40.352723 40.231000 40.164111 40.129249 40.111991 40.103863 40.100216 40.098655 40.098017 40.097767 40.097673 40.097640 40.097628 40.097624 40.097623 40.097623 40.097623 40.097623 40.097622 40.097622 40.097622 40.097620 40.097614 40.097598 40.097552 40.097427 40.097099 40.096270 40.094250 40.089504 40.078746 40.055176 40.005129 39.901724 39.692515 39.274031 38.434241 36.706607 32.952235 24.019726 0.000000 
50.000000 46.199466 42.632649 39.490226 36.889975 34.867651 33.387943 32.368246 31.705608 31.298998 31.063062 30.933413 30.865844 30.832394 30.816641 30.809574 30.806548 30.805311 30.804827 30.804645 30.804580 30.804558 30.804550 30.804548 30.804547 30.804547 30.804547 30.804547 30.804546 30.804545 30.804542 30.804532 30.804503 30.804421 30.804198 30.803615 30.802143 30.798570 30.790210 30.771366 30.730380 30.644233 30.468806 30.121456 29.449524 28.172277 25.773378 21.316325 13.247231 0.000000 
50.000000 44.578400 39.490226 35.007497 31.298229 28.413421 26.302683 24.848162 23.902982 23.323015 22.986498 22.801585 22.705217 22.657512 22.635047 22.624968 22.620654 22.618890 22.618200 22.617941 22.617848 22.617816 22.617805 22.617802 22.617801 22.617800 22.617800 22.617800 22.617800 22.617798 22.617794 22.617782 22.617746 22.617644 22.617367 22.616646 22.614833 22.610453 22.600272 22.577500 22.528486 22.426879 22.223827 21.832171 21.102199 19.787257 17.503748 13.716848 7.871793 0.000000 
50.000000 43.237011 36.889975 31.298229 26.671363 23.072980 20.440198 18.625983 17.447103 16.723761 16.304068 16.073461 15.953284 15.893796 15.865784 15.853217 15.847838 15.845638 15.844778 15.844455 15.844339 15.844299 15.844286 15.844282 15.844280 15.844280 15.844280 15.844280 15.844279 15.844278 15.844274 15.844261 15.844224 15.844119 15.843835 15.843099 15.841257 15.836834 15.826628 15.804014 15.755913 15.657716 15.465359 15.103977 14.453634 13.335682 11.510972 8.717697 4.802771 0.000000 
50.000000 42.193748 34.867651 28.413421 23.072980 18.919723 15.881042 13.787189 12.426646 11.591869 11.107541 10.841431 10.702759 10.634119 10.601799 10.587300 10.581095 10.578558 10.577565 10.577193 10.577059 10.577013 10.576998 10.576993 10.576992 10.576991 10.576991 10.576991 10.576990 10.576989 10.576985 10.576974 10.576940 10.576846 10.576592 10.575935 10.574302 10.570405 10.561485 10.541916 10.500799 10.418136 10.259300 9.968072 9.459861 8.619346 7.311222 5.418127 2.919717 0.000000 
50.000000 41.430396 33.387943 26.302683 20.440198 15.881042 12.545473 10.247112 8.753734 7.837490 7.305918 7.013862 6.861677 6.786352 6.750886 6.734977 6.728169 6.725385 6.724296 6.723888 6.723741 6.723691 6.723674 6.723668 6.723667 6.723666 6.723666 6.723666 6.723666 6.723665 6.723662 6.723652 6.723625 6.723549 6.723345 6.722819 6.721520 6.718442 6.711452 6.696269 6.664744 6.602277 6.484349 6.272736 5.912970 5.336222 4.470512 3.266487 1.737881 0.000000 
50.000000 40.904347 32.368246 24.848162 18.625983 13.787189 10.247112 7.807902 6.223055 5.250724 4.686633 4.376724 4.215242 4.135320 4.097691 4.080813 4.073590 4.070637 4.069481 4.069049 4.068893 4.068839 4.068821 4.068816 4.068814 4.068813 4.068813 4.068813 4.068813 4.068812 4.068810 4.068803 4.068783 4.068727 4.068577 4.068194 4.067253 4.065037 4.060045 4.049302 4.027243 3.984109 3.903951 3.762763 3.527889 3.160624 2.624335 1.899440 1.002623 0.000000 
50.000000 40.562495 31.705608 23.902982 17.447103 12.426646 8.753734 6.223055 4.578819 3.570081 2.984887 2.663395 2.495884 2.412981 2.373950 2.356443 2.348952 2.345889 2.344691 2.344242 2.344081 2.344025 2.344007 2.344001 2.343999 2.343999 2.343998 2.343998 2.343998 2.343998 2.343996 2.343991 2.343978 2.343940 2.343839 2.343582 2.342954 2.341484 2.338198 2.331188 2.316941 2.289409 2.238946 2.151458 2.008509 1.789387 1.476103 1.061375 0.557366 0.000000 
50.000000 40.352723 31.298998 23.323015 16.723761 11.591869 7.837490 5.250724 3.570081 2.539030 1.940906 1.612320 1.441117 1.356390 1.316501 1.298610 1.290955 1.287825 1.286601 1.286142 1.285978 1.285921 1.285902 1.285896 1.285894 1.285893 1.285893 1.285893 1.285893 1.285893 1.285892 1.285889 1.285880 1.285856 1.285793 1.285633 1.285244 1.284339 1.282330 1.278078 1.269515 1.253140 1.223481 1.172747 1.091070 0.967848 0.794529 0.568619 0.297548 0.000000 
50.000000 40.231000 31.063062 22.986498 16.304068 11.107541 7.305918 4.686633 2.984887 1.940906 1.335293 1.002598 0.829259 0.743475 0.703090 0.684978 0.677227 0.674059 0.672820 0.672355 0.672188 0.672131 0.672112 0.672106 0.672104 0.672103 0.672103 0.672103 0.672103 0.672103 0.672102 0.672100 0.672095 0.672081 0.672045 0.671952 0.671727 0.671206 0.670059 0.667646 0.662828 0.653698 0.637331 0.609649 0.565626 0.500055 0.408997 0.291696 0.152254 0.000000 
50.000000 40.164111 30.933413 22.801585 16.073461 10.841431 7.013862 4.376724 2.663395 1.612320 1.002598 0.667650 0.493140 0.406778 0.366121 0.347887 0.340085 0.336895 0.335648 0.335180 0.335012 0.334954 0.334935 0.334929 0.334927 0.334926 0.334926 0.334926 0.334926 0.334926 0.334926 0.334925 0.334922 0.334914 0.334894 0.334844 0.334722 0.334441 0.333825 0.332539 0.329989 0.325196 0.316679 0.302410 0.279946 0.246833 0.201313 0.143203 0.074607 0.000000 
50.000000 40.129249 30.865844 22.705217 15.953284 10.702759 6.861677 4.215242 2.495884 1.441117 0.829259 0.493140 0.318020 0.231358 0.190560 0.172263 0.164434 0.161233 0.159981 0.159512 0.159344 0.159286 0.159266 0.159260 0.159258 0.159258 0.159258 0.159258 0.159257 0.159257 0.159257 0.159257 0.159255 0.159251 0.159241 0.159215 0.159153 0.159010 0.158699 0.158052 0.156778 0.154400 0.150205 0.143235 0.132354 0.116450 0.094763 0.067274 0.035000 0.000000 
50.000000 40.111991 30.832394 22.657512 15.893796 10.634119 6.786352 4.135320 2.412981 1.356390 0.743475 0.406778 0.231358 0.144547 0.103680 0.085351 0.077509 0.074303 0.073049 0.072579 0.072411 0.072352 0.072333 0.072327 0.072325 0.072324 0.072324 0.072324 0.072324 0.072324 0.072324 0.072324 0.072323 0.072321 0.072316 0.072304 0.072274 0.072205 0.072056 0.071748 0.071145 0.070027 0.068067 0.064832 0.059817 0.052539 0.042679 0.030251 0.015721 0.000000 
50.000000 40.103863 30.816641 22.635047 15.865784 10.601799 6.750886 4.097691 2.373950 1.316501 0.703090 0.366121 0.190560 0.103680 0.062780 0.044437 0.036589 0.033380 0.032125 0.031655 0.031486 0.031428 0.031408 0.031402 0.031400 0.031400 0.031400 0.031400 0.031399 0.031399 0.031399 0.031399 0.031399 0.031398 0.031396 0.031390 0.031376 0.031345 0.031278 0.031139 0.030868 0.030368 0.029497 0.028067 0.025864 0.022685 0.018401 0.013027 0.006764 0.000000 
50.000000 40.100216 30.809574 22.624968 15.853217 10.587300 6.734977 4.080813 2.356443 1.298610 0.684978 0.347887 0.172263 0.085351 0.044437 0.026088 0.018236 0.015027 0.013771 0.013301 0.013132 0.013074 0.013054 0.013048 0.013046 0.013046 0.013046 0.013045 0.013045 0.013045 0.013045 0.013045 0.013045 0.013045 0.013044 0.013041 0.013035 0.013022 0.012993 0.012933 0.012817 0.012604 0.012235 0.011633 0.010709 0.009381 0.007601 0.005375 0.002789 0.000000 
50.000000 40.098655 30.806548 22.620654 15.847838 10.581095 6.728169 4.073590 2.348952 1.290955 0.677227 0.340085 0.164434 0.077509 0.036589 0.018236 0.010384 0.007174 0.005918 0.005448 0.005279 0.005220 0.005201 0.005195 0.005193 0.005192 0.005192 0.005192 0.005192 0.005192 0.005192 0.005192 0.005192 0.005192 0.005191 0.005190 0.005188 0.005182 0.005170 0.005146 0.005099 0.005012 0.004863 0.004620 0.004249 0.003719 0.003010 0.002127 0.001103 0.000000 
50.000000 40.098017 30.805311 22.618890 15.845638 10.578558 6.725385 4.070637 2.345889 1.287825 0.674059 0.336895 0.161233 0.074303 0.033380 0.015027 0.007174 0.003963 0.002708 0.002237 0.002068 0.002010 0.001991 0.001984 0.001982 0.001982 0.001982 0.001982 0.001982 0.001982 0.001982 0.001982 0.001982 0.001982 0.001981 0.001981 0.001980 0.001978 0.001973 0.001964 0.001945 0.001912 0.001854 0.001760 0.001618 0.001415 0.001144 0.000808 0.000419 0.000000 
50.000000 40.097767 30.804827 22.618200 15.844778 10.577565 6.724296 4.069481 2.344691 1.286601 0.672820 0.335648 0.159981 0.073049 0.032125 0.013771 0.005918 0.002708 0.001452 0.000982 0.000813 0.000754 0.000735 0.000729 0.000727 0.000726 0.000726 0.000726 0.000726 0.000726 0.000726 0.000726 0.000726 0.000726 0.000726 0.000726 0.000725 0.000725 0.000723 0.000719 0.000712 0.000700 0.000679 0.000644 0.000591 0.000517 0.000418 0.000295 0.000153 0.000000 
50.000000 40.097673 30.804645 22.617941 15.844455 10.577193 6.723888 4.069049 2.344242 1.286142 0.672355 0.335180 0.159512 0.072579 0.031655 0.013301 0.005448 0.002237 0.000982 0.000511 0.000342 0.000284 0.000265 0.000258 0.000256 0.000256 0.000256 0.000256 0.000256 0.000256 0.000256 0.000256 0.000256 0.000256 0.000256 0.000256 0.000255 0.000255 0.000254 0.000253 0.000251 0.000246 0.000239 0.000226 0.000208 0.000182 0.000147 0.000103 0.000054 0.000000 
50.000000 40.097640 30.804580 22.617848 15.844339 10.577059 6.723741 4.068893 2.344081 1.285978 0.672188 0.335012 0.159344 0.072411 0.031486 0.013132 0.005279 0.002068 0.000813 0.000342 0.000173 0.000115 0.000095 0.000089 0.000087 0.000087 0.000087 0.000087 0.000087 0.000087 0.000087 0.000087 0.000087 0.000087 0.000087 0.000087 0.000087 0.000086 0.000086 0.000086 0.000085 0.000083 0.000081 0.000077 0.000070 0.000061 0.000050 0.000035 0.000018 0.000000 
50.000000 40.097628 30.804558 22.617816 15.844299 10.577013 6.723691 4.068839 2.344025 1.285921 0.672131 0.334954 0.159286 0.072352 0.031428 0.013074 0.005220 0.002010 0.000754 0.000284 0.000115 0.000056 0.000037 0.000031 0.000029 0.000028 0.000028 0.000028 0.000028 0.000028 0.000028 0.000028 0.000028 0.000028 0.000028 0.000028 0.000028 0.000028 0.000028 0.000028 0.000028 0.000027 0.000026 0.000025 0.000023 0.000020 0.000016 0.000011 0.000006 0.000000 
50.000000 40.097624 30.804550 22.617805 15.844286 10.576998 6.723674 4.068821 2.344007 1.285902 0.672112 0.334935 0.159266 0.072333 0.031408 0.013054 0.005201 0.001991 0.000735 0.000265 0.000095 0.000037 0.000018 0.000012 0.000010 0.000009 0.000009 0.000009 0.000009 0.000009 0.000009 0.000009 0.000009 0.000009 0.000009 0.000009 0.000009 0.000009 0.000009 0.000009 0.000009 0.000009 0.000008 0.000008 0.000007 0.000006 0.000005 0.000004 0.000002 0.000000 
50.000000 40.097623 30.804548 22.617802 15.844282 10.576993 6.723669 4.068816 2.344001 1.285896 0.672106 0.334929 0.159260 0.072327 0.031402 0.013048 0.005195 0.001984 0.000729 0.000258 0.000089 0.000031 0.000012 0.000005 0.000004 0.000003 0.000003 0.000003 0.000003 0.000003 0.000003 0.000003 0.000003 0.000003 0.000003 0.000003 0.000003 0.000003 0.000003 0.000003 0.000003 0.000003 0.000003 0.000002 0.000002 0.000002 0.000002 0.000001 0.000001 0.000000 
50.000000 40.097623 30.804547 22.617801 15.844281 10.576992 6.723667 4.068814 2.343999 1.285894 0.672104 0.334927 0.159259 0.072325 0.031401 0.013046 0.005193 0.001983 0.000727 0.000257 0.000088 0.000029 0.000010 0.000004 0.000002 0.000001 0.000001 0.000001 0.000001 0.000001 0.000001 0.000001 0.000001 0.000001 0.000001 0.000001 0.000001 0.000001 0.000001 0.000001 0.000001 0.000001 0.000001 0.000001 0.000001 0.000001 0.000001 0.000000 0.000000 0.000000 
50.000000 40.097623 30.804547 22.617801 15.844281 10.576992 6.723667 4.068814 2.343999 1.285894 0.672104 0.334927 0.159259 0.072325 0.031401 0.013046 0.005193 0.001983 0.000727 0.000257 0.000088 0.000029 0.000010 0.000004 0.000002 0.000001 0.000001 0.000001 0.000001 0.000001 0.000001 0.000001 0.000001 0.000001 0.000001 0.000001 0.000001 0.000001 0.000001 0.000001 0.000001 0.000001 0.000001 0.000001 0.000001 0.000001 0.000001 0.000000 0.000000 0.000000 
50.000000 40.097623 30.804548 22.617802 15.844282 10.576993 6.723669 4.068816 2.344001 1.285896 0.672106 0.334929 0.159260 0.072327 0.031402 0.013048 0.005195 0.001984 0.000729 0.000258 0.000089 0.000031 0.000012 0.000005 0.000004 0.000003 0.000003 0.000003 0.000003 0.000003 0.000003 0.000003 0.000003 0.000003 0.000003 0.000003 0.000003 0.000003 0.000003 0.000003 0.000003 0.000003 0.000003 0.000002 0.000002 0.000002 0.000002 0.000001 0.000001 0.000000 
50.000000 40.097624 30.804550 22.617805 15.844286 10.576998 6.723674 4.068821 2.344007 1.285902 0.672112 0.334935 0.159266 0.072333 0.031408 0.013054 0.005201 0.001991 0.000735 0.000265 0.000095 0.000037 0.000018 0.000012 0.000010 0.000009 0.000009 0.000009 0.000009 0.000009 0.000009 0.000009 0.000009 0.000009 0.000009 0.000009 0.000009 0.000009 0.000009 0.000009 0.000009 0.000009 0.000008 0.000008 0.000007 0.000006 0.000005 0.000004 0.000002 0.000000 
50.000000 40.097628 30.804558 22.617816 15.844299 10.577013 6.723691 4.068839 2.344025 1.285921 0.672131 0.334954 0.159286 0.072352 0.031428 0.013074 0.005220 0.002010 0.000754 0.000284 0.000115 0.000056 0.000037 0.000031 0.000029 0.000028 0.000028 0.000028 0.000028 0.000028 0.000028 0.000028 0.000028 0.000028 0.000028 0.000028 0.000028 0.000028 0.000028 0.000028 0.000028 0.000027 0.000026 0.000025 0.000023 0.000020 0.000016 0.000011 0.000006 0.000000 
50.000000 40.097640 30.804580 22.617848 15.844339 10.577059 6.723741 4.068893 2.344081 1.285978 0.672188 0.335012 0.159344 0.072411 0.031486 0.013132 0.005279 0.002068 0.000813 0.000342 0.000173 0.000115 0.000095 0.000089 0.000087 0.000087 0.000087 0.000087 0.000087 0.000087 0.000087 0.000087 0.000087 0.000087 0.000087 0.000087 0.000087 0.000086 0.000086 0.000086 0.000085 0.000083 0.000081 0.000077 0.000070 0.000061 0.000050 0.000035 0.000018 0.000000 
50.000000 40.097673 30.804645 22.617941 15.844455 10.577193 6.723888 4.069049 2.344242 1.286142 0.672355 0.335180 0.159512 0.072579 0.031655 0.013301 0.005448 0.002237 0.000982 0.000511 0.000342 0.000284 0.000265 0.000258 0.000256 0.000256 0.000256 0.000256 0.000256 0.000256 0.000256 0.000256 0.000256 0.000256 0.000256 0.000256 0.000255 0.000255 0.000254 0.000253 0.000251 0.000246 0.000239 0.000226 0.000208 0.000182 0.000147 0.000103 0.000054 0.000000 
50.000000 40.097767 30.804827 22.618200 15.844778 10.577565 6.724296 4.069481 2.344691 1.286601 0.672820 0.335648 0.159981 0.073049 0.032125 0.013771 0.005918 0.002708 0.001452 0.000982 0.000813 0.000754 0.000735 0.000729 0.000727 0.000726 0.000726 0.000726 0.000726 0.000726 0.000726 0.000726 0.000726 0.000726 0.000726 0.000726 0.000725 0.000725 0.000723 0.000719 0.000712 0.000700 0.000679 0.000644 0.000591 0.000517 0.000418 0.000295 0.000153 0.000000 
50.000000 40.098017 30.805311 22.618890 15.845638 10.578558 6.725385 4.070637 2.345889 1.287825 0.674059 0.336895 0.161233 0.074303 0.033380 0.015027 0.007174 0.003963 0.002708 0.002237 0.002068 0.002010 0.001991 0.001984 0.001982 0.001982 0.001982 0.001982 0.001982 0.001982 0.001982 0.001982 0.001982 0.001982 0.001981 0.001981 0.001980 0.001978 0.001973 0.001964 0.001945 0.001912 0.001854 0.001760 0.001618 0.001415 0.001144 0.000808 0.000419 0.000000 
50.000000 40.098655 30.806548 22.620654 15.847838 10.581095 6.728169 4.073590 2.348952 1.290955 0.677227 0.340085 0.164434 0.077509 0.036589 0.018236 0.010384 0.007174 0.005918 0.005448 0.005279 0.005220 0.005201 0.005195 0.005193 0.005192 0.005192 0.005192 0.005192 0.005192 0.005192 0.005192 0.005192 0.005192 0.005191 0.005190 0.005188 0.005182 0.005170 0.005146 0.005099 0.005012 0.004863 0.004620 0.004249 0.003719 0.003010 0.002127 0.001103 0.000000 
50.000000 40.100216 30.809574 22.624968 15.853217 10.587300 6.734977 4.080813 2.356443 1.298610 0.684978 0.347887 0.172263 0.085351 0.044437 0.026088 0.018236 0.015027 0.013771 0.013301 0.013132 0.013074 0.013054 0.013048 0.013046 0.013046 0.013046 0.013045 0.013045 0.013045 0.013045 0.013045 0.013045 0.013045 0.013044 0.013041 0.013035 0.013022 0.012993 0.012933 0.012817 0.012604 0.012235 0.011633 0.010709 0.009381 0.007601 0.005375 0.002789 0.000000 
50.000000 40.103863 30.816641 22.635047 15.865784 10.601799 6.750886 4.097691 2.373950 1.316501 0.703090 0.366121 0.190560 0.103680 0.062780 0.044437 0.036589 0.033380 0.032125 0.031655 0.031486 0.031428 0.031408 0.031402 0.031400 0.031400 0.031400 0.031400 0.031399 0.031399 0.031399 0.031399 0.031399 0.031398 0.031396 0.031390 0.031376 0.031345 0.031278 0.031139 0.030868 0.030368 0.029497 0.028067 0.025864 0.022685 0.018401 0.013027 0.006764 0.000000 
50.000000 40.111991 30.832394 22.657512 15.893796 10.634119 6.786352 4.135320 2.412981 1.356390 0.743475 0.406778 0.231358 0.144547 0.103680 0.085351 0.077509 0.074303 0.073049 0.072579 0.072411 0.072352 0.072333 0.072327 0.072325 0.072324 0.072324 0.072324 0.072324 0.072324 0.072324 0.072324 0.072323 0.072321 0.072316 0.072304 0.072274 0.072205 0.072056 0.071748 0.071145 0.070027 0.068067 0.064832 0.059817 0.052539 0.042679 0.030251 0.015721 0.000000 
50.000000 40.129249 30.865844 22.705217 15.953284 10.702759 6.861677 4.215242 2.495884 1.441117 0.829259 0.493140 0.318020 0.231358 0.190560 0.172263 0.164434 0.161233 0.159981 0.159512 0.159344 0.159286 0.159266 0.159260 0.159258 0.159258 0.159258 0.159258 0.159257 0.159257 0.159257 0.159257 0.159255 0.159251 0.159241 0.159215 0.159153 0.159010 0.158699 0.158052 0.156778 0.154400 0.150205 0.143235 0.132354 0.116450 0.094763 0.067274 0.035000 0.000000 
50.000000 40.164111 30.933413 22.801585 16.073461 10.841431 7.013862 4.376724 2.663395 1.612320 1.002598 0.667650 0.493140 0.406778 0.366121 0.347887 0.340085 0.336895 0.335648 0.335180 0.335012 0.334954 0.334935 0.334929 0.334927 0.334926 0.334926 0.334926 0.334926 0.334926 0.334926 0.334925 0.334922 0.334914 0.334894 0.334844 0.334722 0.334441 0.333825 0.332539 0.329989 0.325196 0.316679 0.302410 0.279946 0.246833 0.201313 0.143203 0.074607 0.000000 
50.000000 40.231000 31.063062 22.986498 16.304068 11.107541 7.305918 4.686633 2.984887 1.940906 1.335293 1.002598 0.829259 0.743475 0.703090 0.684978 0.677227 0.674059 0.672820 0.672355 0.672188 0.672131 0.672112 0.672106 0.672104 0.672103 0.672103 0.672103 0.672103 0.672103 0.672102 0.672100 0.672095 0.672081 0.672045 0.671952 0.671727 0.671206 0.670059 0.667646 0.662828 0.653698 0.637331 0.609649 0.565626 0.500055 0.408997 0.291696 0.152254 0.000000 
50.000000 40.352723 31.298998 23.323015 16.723761 11.591869 7.837490 5.250724 3.570081 2.539030 1.940906 1.612320 1.441117 1.356390 1.316501 1.298610 1.290955 1.287825 1.286601 1.286142 1.285978 1.285921 1.285902 1.285896 1.285894 1.285893 1.285893 1.285893 1.285893 1.285893 1.285892 1.285889 1.285880 1.285856 1.285793 1.285633 1.285244 1.284339 1.282330 1.278078 1.269515 1.253140 1.223481 1.172747 1.091070 0.967848 0.794529 0.568619 0.297548 0.000000 
50.000000 40.562495 31.705608 23.902982 17.447103 12.426646 8.753734 6.223055 4.578819 3.570081 2.984887 2.663395 2.495884 2.412981 2.373950 2.356443 2.348952 2.345889 2.344691 2.344242 2.344081 2.344025 2.344007 2.344001 2.343999 2.343999 2.343998 2.343998 2.343998 2.343998 2.343996 2.343991 2.343978 2.343940 2.343839 2.343582 2.342954 2.341484 2.338198 2.331188 2.316941 2.289409 2.238946 2.151458 2.008509 1.789387 1.476103 1.061375 0.557366 0.000000 
50.000000 40.904347 32.368246 24.848162 18.625983 13.787189 10.247112 7.807902 6.223055 5.250724 4.686633 4.376724 4.215242 4.135320 4.097691 4.080813 4.073590 4.070637 4.069481 4.069049 4.068893 4.068839 4.068821 4.068816 4.068814 4.068813 4.068813 4.068813 4.068813 4.068812 4.068810 4.068803 4.068783 4.068727 4.068577 4.068194 4.067253 4.065037 4.060045 4.049302 4.027243 3.984109 3.903951 3.762763 3.527889 3.160624 2.624335 1.899440 1.002623 0.000000 
50.000000 41.430396 33.387943 26.302683 20.440198 15.881042 12.545473 10.247112 8.753734 7.837490 7.305918 7.013862 6.861677 6.786352 6.750886 6.734977 6.728169 6.725385 6.724296 6.723888 6.723741 6.723691 6.723674 6.723668 6.723667 6.723666 6.723666 6.723666 6.723666 6.723665 6.723662 6.723652 6.723625 6.723549 6.723345 6.722819 6.721520 6.718442 6.711452 6.696269 6.664744 6.602277 6.484349 6.272736 5.912970 5.336222 4.470512 3.266487 1.737881 0.000000 
50.000000 42.193748 34.867651 28.413421 23.072980 18.919723 15.881042 13.787189 12.426646 11.591869 11.107541 10.841431 10.702759 10.634119 10.601799 10.587300 10.581095 10.578558 10.577565 10.577193 10.577059 10.577013 10.576998 10.576993 10.576992 10.576991 10.576991 10.576991 10.576990 10.576989 10.576985 10.576974 10.576940 10.576846 10.576592 10.575935 10.574302 10.570405 10.561485 10.541916 10.500799 10.418136 10.259300 9.968072 9.459861 8.619346 7.311222 5.418127 2.919717 0.000000 
50.000000 43.237011 36.889975 31.298229 26.671363 23.072980 20.440198 18.625983 17.447103 16.723761 16.304068 16.073461 15.953284 15.893796 15.865784 15.853217 15.847838 15.845638 15.844778 15.844455 15.844339 15.844299 15.844286 15.844282 15.844280 15.844280 15.844280 15.844280 15.844279 15.844278 15.844274 15.844261 15.844224 15.844119 15.843835 15.843099 15.841257 15.836834 15.826628 15.804014 15.755913 15.657716 15.465359 15.103977 14.453634 13.335682 11.510972 8.717697 4.802771 0.000000 
50.000000 44.578400 39.490226 35.007497 31.298229 28.413421 26.302683 24.848162 23.902982 23.323015 22.986498 22.801585 22.705217 22.657512 22.635047 22.624968 22.620654 22.618890 22.618200 22.617941 22.617848 22.617816 22.617805 22.617802 22.617801 22.617800 22.617800 22.617800 22.617800 22.617798 22.617794 22.617782 22.617746 22.617644 22.617367 22.616646 22.614833 22.610453 22.600272 22.577500 22.528486 22.426879 22.223827 21.832171 21.102199 19.787257 17.503748 13.716848 7.871793 0.000000 
50.000000 46.199466 42.632649 39.490226 36.889975 34.867651 33.387943 32.368246 31.705608 31.298998 31.063062 30.933413 30.865844 30.832394 30.816641 30.809574 30.806548 30.805311 30.804827 30.804645 30.804580 30.804558 30.804550 30.804548 30.804547 30.804547 30.804547 30.804547 30.804546 30.804545 30.804542 30.804532 30.804503 30.804421 30.804198 30.803615 30.802143 30.798570 30.790210 30.771366 30.730380 30.644233 30.468806 30.121456 29.449524 28.172277 25.773378 21.316325 13.247231 0.000000 
50.000000 48.039452 46.199466 44.578400 43.237011 42.193748 41.430396 40.904347 40.562495 40.352723 40.231000 40.164111 40.129249 40.111991 40.103863 40.100216 40.098655 40.098017 40.097767 40.097673 40.097640 40.097628 40.097624 40.097623 40.097623 40.097623 40.097623 40.097622 40.097622 40.097622 40.097620 40.097614 40.097598 40.097552 40.097427 40.097099 40.096270 40.094250 40.089504 40.078746 40.055176 40.005129 39.901724 39.692515 39.274031 38.434241 36.706607 32.952235 24.019726 0.000000 
50.000000 50.000000 50.000000 50.000000 50.000000 50.000000 50.000000 50.000000 50.000000 50.000000 50.000000 50.000000 50.000000 50.000000 50.000000 50.000000 50.000000 50.000000 50.000000 50.000000 50.000000 50.000000 50.000000 50.000000 50.000000 50.000000 50.000000 50.000000 50.000000 50.000000 50.000000 50.000000 50.000000 50.000000 50.000000 50.000000 50.000000 50.000000 50.000000 50.000000 50.000000 50.000000 50.000000 50.000000 50.000000 50.000000 50.000000 50.000000 50.000000 50.000000 
