50.000000 50.000000 50.000000 50.000000 50.000000 50.000000 50.000000 50.000000 50.000000 50.000000 50.000000 50.000000 50.000000 50.000000 50.000000 50.000000 50.000000 50.000000 50.000000 50.000000 50.000000 50.000000 50.000000 50.000000 50.000000 50.000000 50.000000 50.000000 50.000000 50.000000 50.000000 50.000000 50.000000 50.000000 50.000000 50.000000 50.000000 50.000000 50.000000 50.000000 50.000000 50.000000 50.000000 50.000000 50.000000 50.000000 50.000000 50.000000 50.000000 50.000000 
50.000000 46.081000 42.642509 39.989173 38.180609 37.085535 36.492796 36.204114 36.076798 36.025644 36.006813 36.000429 35.998427 35.997843 35.997684 35.997643 35.997634 35.997631 35.997631 35.997631 35.997631 35.997631 35.997631 35.997631 35.997631 35.997631 35.997631 35.997631 35.997631 35.997631 35.997631 35.997631 35.997631 35.997631 35.997630 35.997628 35.997618 35.997575 35.997410 35.996799 35.994678 35.987736 35.966334 35.904038 35.731974 35.276697 34.103612 31.083875 23.040500 0.000000 
50.000000 42.642509 36.187256 31.206224 27.811261 25.755788 24.643305 24.101546 23.862644 23.766667 23.731341 23.719366 23.715610 23.714515 23.714217 23.714141 23.714123 23.714119 23.714118 23.714118 23.714118 23.714118 23.714118 23.714118 23.714118 23.714118 23.714118 23.714118 23.714118 23.714118 23.714118 23.714118 23.714118 23.714118 23.714117 23.714113 23.714097 23.714031 23.713772 23.712824 23.709556 23.698980 23.666880 23.575556 23.331880 22.721244 21.281755 18.093628 11.558633 0.000000 
50.000000 39.989173 31.206224 24.429480 19.810987 17.015027 15.501960 14.765228 14.440398 14.309922 14.261906 14.245632 14.240529 14.239041 14.238636 14.238533 14.238509 14.238503 14.238502 14.238502 14.238502 14.238502 14.238502 14.238502 14.238502 14.238502 14.238502 14.238502 14.238502 14.238502 14.238502 14.238502 14.238502 14.238501 14.238501 14.238497 14.238480 14.238413 14.238153 14.237206 14.233974 14.223654 14.192902 14.107571 13.887733 13.363717 12.214740 9.924469 5.885561 0.000000 
50.000000 38.180609 27.811261 19.810987 14.359125 11.059035 9.273391 8.404069 8.020843 7.866938 7.810311 7.791123 7.785106 7.783353 7.782876 7.782754 7.782725 7.782719 7.782717 7.782717 7.782717 7.782717 7.782717 7.782717 7.782717 7.782717 7.782717 7.782717 7.782717 7.782717 7.782717 7.782717 7.782717 7.782717 7.782716 7.782713 7.782700 7.782648 7.782445 7.781712 7.779240 7.771455 7.748660 7.686870 7.532533 7.179563 6.447270 5.090017 2.903912 0.000000 
50.000000 37.085535 25.755788 17.015027 11.059035 7.454154 5.503825 4.554456 4.136004 3.967980 3.906167 3.885226 3.878661 3.876748 3.876228 3.876095 3.876064 3.876056 3.876055 3.876055 3.876055 3.876055 3.876055 3.876055 3.876055 3.876055 3.876055 3.876055 3.876055 3.876055 3.876055 3.876055 3.876055 3.876054 3.876054 3.876052 3.876044 3.876009 3.875879 3.875410 3.873846 3.868980 3.854959 3.817718 3.727077 3.526502 3.127294 2.423908 1.353561 0.000000 
50.000000 36.492796 24.643305 15.501960 9.273391 5.503825 3.464584 2.472037 2.034603 1.858977 1.794376 1.772493 1.765634 1.763635 1.763092 1.762954 1.762921 1.762913 1.762912 1.762911 1.762911 1.762911 1.762911 1.762911 1.762911 1.762911 1.762911 1.762911 1.762911 1.762911 1.762911 1.762911 1.762911 1.762911 1.762911 1.762910 1.762905 1.762886 1.762814 1.762558 1.761708 1.759096 1.751674 1.732292 1.686107 1.586521 1.394389 1.067749 0.588758 0.000000 
50.000000 36.204114 24.101546 14.765228 8.404069 4.554456 2.472037 1.458543 1.011909 0.832604 0.766656 0.744318 0.737317 0.735277 0.734723 0.734582 0.734548 0.734540 0.734539 0.734538 0.734538 0.734538 0.734538 0.734538 0.734538 0.734538 0.734538 0.734538 0.734538 0.734538 0.734538 0.734538 0.734538 0.734538 0.734538 0.734538 0.734535 0.734526 0.734491 0.734368 0.733964 0.732732 0.729271 0.720363 0.699497 0.655409 0.572326 0.434666 0.237780 0.000000 
50.000000 36.076798 23.862644 14.440398 8.020843 4.136004 2.034603 1.011909 0.561241 0.380324 0.313786 0.291250 0.284187 0.282129 0.281570 0.281428 0.281394 0.281386 0.281384 0.281384 0.281384 0.281384 0.281384 0.281384 0.281384 0.281384 0.281384 0.281384 0.281384 0.281384 0.281384 0.281384 0.281384 0.281384 0.281384 0.281384 0.281383 0.281379 0.281364 0.281311 0.281139 0.280621 0.279178 0.275506 0.267025 0.249388 0.216743 0.163664 0.089062 0.000000 
50.000000 36.025644 23.766667 14.309922 7.866938 3.967980 1.858977 0.832604 0.380324 0.198764 0.131992 0.109376 0.102288 0.100224 0.099663 0.099520 0.099486 0.099478 0.099477 0.099476 0.099476 0.099476 0.099476 0.099476 0.099476 0.099476 0.099476 0.099476 0.099476 0.099476 0.099476 0.099476 0.099476 0.099476 0.099476 0.099476 0.099476 0.099474 0.099468 0.099448 0.099382 0.099185 0.098640 0.097268 0.094134 0.087698 0.075948 0.057111 0.030966 0.000000 
50.000000 36.006813 23.731341 14.261906 7.810311 3.906167 1.794376 0.766656 0.313786 0.131992 0.065134 0.042489 0.035392 0.033325 0.032764 0.032621 0.032586 0.032579 0.032577 0.032577 0.032577 0.032577 0.032577 0.032577 0.032577 0.032577 0.032577 0.032577 0.032577 0.032577 0.032577 0.032577 0.032577 0.032577 0.032577 0.032577 0.032576 0.032576 0.032574 0.032567 0.032544 0.032475 0.032288 0.031819 0.030757 0.028599 0.024700 0.018517 0.010014 0.000000 
50.000000 36.000429 23.719366 14.245632 7.791123 3.885226 1.772493 0.744318 0.291250 0.109376 0.042489 0.019835 0.012735 0.010667 0.010105 0.009962 0.009928 0.009921 0.009919 0.009919 0.009919 0.009919 0.009919 0.009919 0.009919 0.009919 0.009919 0.009919 0.009919 0.009919 0.009919 0.009919 0.009919 0.009919 0.009919 0.009918 0.009918 0.009918 0.009918 0.009915 0.009908 0.009886 0.009827 0.009679 0.009347 0.008678 0.007480 0.005594 0.003020 0.000000 
50.000000 35.998427 23.715610 14.240529 7.785106 3.878661 1.765634 0.737317 0.284187 0.102288 0.035392 0.012735 0.005635 0.003566 0.003004 0.002861 0.002827 0.002819 0.002818 0.002817 0.002817 0.002817 0.002817 0.002817 0.002817 0.002817 0.002817 0.002817 0.002817 0.002817 0.002817 0.002817 0.002817 0.002817 0.002817 0.002817 0.002817 0.002817 0.002817 0.002816 0.002814 0.002808 0.002790 0.002747 0.002651 0.002458 0.002115 0.001579 0.000851 0.000000 
50.000000 35.997843 23.714515 14.239041 7.783353 3.876748 1.763635 0.735277 0.282129 0.100224 0.033325 0.010667 0.003566 0.001498 0.000936 0.000793 0.000759 0.000751 0.000750 0.000749 0.000749 0.000749 0.000749 0.000749 0.000749 0.000749 0.000749 0.000749 0.000749 0.000749 0.000749 0.000749 0.000749 0.000749 0.000749 0.000749 0.000749 0.000749 0.000749 0.000749 0.000748 0.000746 0.000742 0.000730 0.000704 0.000652 0.000561 0.000418 0.000225 0.000000 
50.000000 35.997684 23.714217 14.238636 7.782876 3.876228 1.763092 0.734723 0.281570 0.099663 0.032764 0.010105 0.003004 0.000936 0.000374 0.000231 0.000197 0.000189 0.000187 0.000187 0.000187 0.000187 0.000187 0.000187 0.000187 0.000187 0.000187 0.000187 0.000187 0.000187 0.000187 0.000187 0.000187 0.000187 0.000187 0.000187 0.000187 0.000187 0.000187 0.000187 0.000187 0.000186 0.000185 0.000182 0.000176 0.000163 0.000140 0.000104 0.000056 0.000000 
50.000000 35.997643 23.714141 14.238533 7.782754 3.876095 1.762954 0.734582 0.281428 0.099520 0.032621 0.009962 0.002861 0.000793 0.000231 0.000088 0.000054 0.000046 0.000044 0.000044 0.000044 0.000044 0.000044 0.000044 0.000044 0.000044 0.000044 0.000044 0.000044 0.000044 0.000044 0.000044 0.000044 0.000044 0.000044 0.000044 0.000044 0.000044 0.000044 0.000044 0.000044 0.000044 0.000044 0.000043 0.000041 0.000038 0.000033 0.000024 0.000013 0.000000 
50.000000 35.997634 23.714123 14.238509 7.782725 3.876064 1.762921 0.734548 0.281394 0.099486 0.032586 0.009928 0.002827 0.000759 0.000197 0.000054 0.000020 0.000012 0.000010 0.000010 0.000010 0.000010 0.000010 0.000010 0.000010 0.000010 0.000010 0.000010 0.000010 0.000010 0.000010 0.000010 0.000010 0.000010 0.000010 0.000010 0.000010 0.000010 0.000010 0.000010 0.000010 0.000010 0.000010 0.000009 0.000009 0.000008 0.000007 0.000005 0.000003 0.000000 
50.000000 35.997631 23.714119 14.238503 7.782719 3.876056 1.762913 0.734540 0.281386 0.099478 0.032579 0.009921 0.002819 0.000751 0.000189 0.000046 0.000012 0.000004 0.000002 0.000002 0.000002 0.000002 0.000002 0.000002 0.000002 0.000002 0.000002 0.000002 0.000002 0.000002 0.000002 0.000002 0.000002 0.000002 0.000002 0.000002 0.000002 0.000002 0.000002 0.000002 0.000002 0.000002 0.000002 0.000002 0.000002 0.000002 0.000002 0.000001 0.000001 0.000000 
50.000000 35.997631 23.714118 14.238502 7.782717 3.876055 1.762912 0.734539 0.281384 0.099477 0.032577 0.009919 0.002818 0.000750 0.000187 0.000044 0.000010 0.000002 0.000001 0.000000 0.000000 0.000000 0.000000 0.000000 0.000000 0.000000 0.000000 0.000000 0.000000 0.000000 0.000000 0.000000 0.000000 0.000000 0.000000 0.000000 0.000000 0.000000 0.000000 0.000000 0.000000 0.000000 0.000000 0.000000 0.000000 0.000000 0.000000 0.000000 0.000000 0.000000 
50.000000 35.997631 23.714118 14.238502 7.782717 3.876055 1.762911 0.734538 0.281384 0.099476 0.032577 0.009919 0.002817 0.000749 0.000187 0.000044 0.000010 0.000002 0.000000 0.000000 0.000000 0.000000 0.000000 0.000000 0.000000 0.000000 0.000000 0.000000 0.000000 0.000000 0.000000 0.000000 0.000000 0.000000 0.000000 0.000000 0.000000 0.000000 0.000000 0.000000 0.000000 0.000000 0.000000 0.000000 0.000000 0.000000 0.000000 0.000000 0.000000 0.000000 
50.000000 35.997631 23.714118 14.238502 7.782717 3.876055 1.762911 0.734538 0.281384 0.099476 0.032577 0.009919 0.002817 0.000749 0.000187 0.000044 0.000010 0.000002 0.000000 0.000000 0.000000 0.000000 0.000000 0.000000 0.000000 0.000000 0.000000 0.000000 0.000000 0.000000 0.000000 0.000000 0.000000 0.000000 0.000000 0.000000 0.000000 0.000000 0.000000 0.000000 0.000000 0.000000 0.000000 0.000000 0.000000 0.000000 0.000000 0.000000 0.000000 0.000000 
50.000000 35.997631 23.714118 14.238502 7.782717 3.876055 1.762911 0.734538 0.281384 0.099476 0.032577 0.009919 0.002817 0.000749 0.000187 0.000044 0.000010 0.000002 0.000000 0.000000 0.000000 0.000000 0.000000 0.000000 0.000000 0.000000 0.000000 0.000000 0.000000 0.000000 0.000000 0.000000 0.000000 0.000000 0.000000 0.000000 0.000000 0.000000 0.000000 0.000000 0.000000 0.000000 0.000000 0.000000 0.000000 0.000000 0.000000 0.000000 0.000000 0.000000 
50.000000 35.997631 23.714118 14.238502 7.782717 3.876055 1.762911 0.734538 0.281384 0.099476 0.032577 0.009919 0.002817 0.000749 0.000187 0.000044 0.000010 0.000002 0.000000 0.000000 0.000000 0.000000 0.000000 0.000000 0.000000 0.000000 0.000000 0.000000 0.000000 0.000000 0.000000 0.000000 0.000000 0.000000 0.000000 0.000000 0.000000 0.000000 0.000000 0.000000 0.000000 0.000000 0.000000 0.000000 0.000000 0.000000 0.000000 0.000000 0.000000 0.000000 
50.000000 35.997631 23.714118 14.238502 7.782717 3.876055 1.762911 0.734538 0.281384 0.099476 0.032577 0.009919 0.002817 0.000749 0.000187 0.000044 0.000010 0.000002 0.000000 0.000000 0.000000 0.000000 0.000000 0.000000 0.000000 0.000000 0.000000 0.000000 0.000000 0.000000 0.000000 0.000000 0.000000 0.000000 0.000000 0.000000 0.000000 0.000000 0.000000 0.000000 0.000000 0.000000 0.000000 0.000000 0.000000 0.000000 0.000000 0.000000 0.000000 0.000000 
50.000000 35.997631 23.714118 14.238502 7.782717 3.876055 1.762911 0.734538 0.281384 0.099476 0.032577 0.009919 0.002817 0.000749 0.000187 0.000044 0.000010 0.000002 0.000000 0.000000 0.000000 0.000000 0.000000 0.000000 0.000000 0.000000 0.000000 0.000000 0.000000 0.000000 0.000000 0.000000 0.000000 0.000000 0.000000 0.000000 0.000000 0.000000 0.000000 0.000000 0.000000 0.000000 0.000000 0.000000 0.000000 0.000000 0.000000 0.000000 0.000000 0.000000 
50.000000 35.997631 23.714118 14.238502 7.782717 3.876055 1.762911 0.734538 0.281384 0.099476 0.032577 0.009919 0.002817 0.000749 0.000187 0.000044 0.000010 0.000002 0.000000 0.000000 0.000000 0.000000 0.000000 0.000000 0.000000 0.000000 0.000000 0.000000 0.000000 0.000000 0.000000 0.000000 0.000000 0.000000 0.000000 0.000000 0.000000 0.000000 0.000000 0.000000 0.000000 0.000000 0.000000 0.000000 0.000000 0.000000 0.000000 0.000000 0.000000 0.000000 
50.000000 35.997631 23.714118 14.238502 7.782717 3.876055 1.762911 0.734538 0.281384 0.099476 0.032577 0.009919 0.002817 0.000749 0.000187 0.000044 0.000010 0.000002 0.000000 0.000000 0.000000 0.000000 0.000000 0.000000 0.000000 0.000000 0.000000 0.000000 0.000000 0.000000 0.000000 0.000000 0.000000 0.000000 0.000000 0.000000 0.000000 0.000000 0.000000 0.000000 0.000000 0.000000 0.000000 0.000000 0.000000 0.000000 0.000000 0.000000 0.000000 0.000000 
50.000000 35.997631 23.714118 14.238502 7.782717 3.876055 1.762911 0.734538 0.281384 0.099476 0.032577 0.009919 0.002817 0.000749 0.000187 0.000044 0.000010 0.000002 0.000000 0.000000 0.000000 0.000000 0.000000 0.000000 0.000000 0.000000 0.000000 0.000000 0.000000 0.000000 0.000000 0.000000 0.000000 0.000000 0.000000 0.000000 0.000000 0.000000 0.000000 0.000000 0.000000 0.000000 0.000000 0.000000 0.000000 0.000000 0.000000 0.000000 0.000000 0.000000 
50.000000 35.997631 23.714118 14.238502 7.782717 3.876055 1.762911 0.734538 0.281384 0.099476 0.032577 0.009919 0.002817 0.000749 0.000187 0.000044 0.000010 0.000002 0.000000 0.000000 0.000000 0.000000 0.000000 0.000000 0.000000 0.000000 0.000000 0.000000 0.000000 0.000000 0.000000 0.000000 0.000000 0.000000 0.000000 0.000000 0.000000 0.000000 0.000000 0.000000 0.000000 0.000000 0.000000 0.000000 0.000000 0.000000 0.000000 0.000000 0.000000 0.000000 
50.000000 35.997631 23.714118 14.238502 7.782717 3.876055 1.762911 0.734538 0.281384 0.099476 0.032577 0.009919 0.002817 0.000749 0.000187 0.000044 0.000010 0.000002 0.000000 0.000000 0.000000 0.000000 0.000000 0.000000 0.000000 0.000000 0.000000 0.000000 0.000000 0.000000 0.000000 0.000000 0.000000 0.000000 0.000000 0.000000 0.000000 0.000000 0.000000 0.000000 0.000000 0.000000 0.000000 0.000000 0.000000 0.000000 0.000000 0.000000 0.000000 0.000000 
50.000000 35.997631 23.714118 14.238502 7.782717 3.876055 1.762911 0.734538 0.281384 0.099476 0.032577 0.009919 0.002817 0.000749 0.000187 0.000044 0.000010 0.000002 0.000000 0.000000 0.000000 0.000000 0.000000 0.000000 0.000000 0.000000 0.000000 0.000000 0.000000 0.000000 0.000000 0.000000 0.000000 0.000000 0.000000 0.000000 0.000000 0.000000 0.000000 0.000000 0.000000 0.000000 0.000000 0.000000 0.000000 0.000000 0.000000 0.000000 0.000000 0.000000 
50.000000 35.997631 23.714118 14.238502 7.782717 3.876055 1.762912 0.734539 0.281384 0.099477 0.032577 0.009919 0.002818 0.000750 0.000187 0.000044 0.000010 0.000002 0.000001 0.000000 0.000000 0.000000 0.000000 0.000000 0.000000 0.000000 0.000000 0.000000 0.000000 0.000000 0.000000 0.000000 0.000000 0.000000 0.000000 0.000000 0.000000 0.000000 0.000000 0.000000 0.000000 0.000000 0.000000 0.000000 0.000000 0.000000 0.000000 0.000000 0.000000 0.000000 
50.000000 35.997631 23.714119 14.238503 7.782719 3.876056 1.762913 0.734540 0.281386 0.099478 0.032579 0.009921 0.002819 0.000751 0.000189 0.000046 0.000012 0.000004 0.000002 0.000002 0.000002 0.000002 0.000002 0.000002 0.000002 0.000002 0.000002 0.000002 0.000002 0.000002 0.000002 0.000002 0.000002 0.000002 0.000002 0.000002 0.000002 0.000002 0.000002 0.000002 0.000002 0.000002 0.000002 0.000002 0.000002 0.000002 0.000002 0.000001 0.000001 0.000000 
50.000000 35.997634 23.714123 14.238509 7.782725 3.876064 1.762921 0.734548 0.281394 0.099486 0.032586 0.009928 0.002827 0.000759 0.000197 0.000054 0.000020 0.000012 0.000010 0.000010 0.000010 0.000010 0.000010 0.000010 0.000010 0.000010 0.000010 0.000010 0.000010 0.000010 0.000010 0.000010 0.000010 0.000010 0.000010 0.000010 0.000010 0.000010 0.000010 0.000010 0.000010 0.000010 0.000010 0.000009 0.000009 0.000008 0.000007 0.000005 0.000003 0.000000 
50.000000 35.997643 23.714141 14.238533 7.782754 3.876095 1.762954 0.734582 0.281428 0.099520 0.032621 0.009962 0.002861 0.000793 0.000231 0.000088 0.000054 0.000046 0.000044 0.000044 0.000044 0.000044 0.000044 0.000044 0.000044 0.000044 0.000044 0.000044 0.000044 0.000044 0.000044 0.000044 0.000044 0.000044 0.000044 0.000044 0.000044 0.000044 0.000044 0.000044 0.000044 0.000044 0.000044 0.000043 0.000041 0.000038 0.000033 0.000024 0.000013 0.000000 
50.000000 35.997684 23.714217 14.238636 7.782876 3.876228 1.763092 0.734723 0.281570 0.099663 0.032764 0.010105 0.003004 0.000936 0.000374 0.000231 0.000197 0.000189 0.000187 0.000187 0.000187 0.000187 0.000187 0.000187 0.000187 0.000187 0.000187 0.000187 0.000187 0.000187 0.000187 0.000187 0.000187 0.000187 0.000187 0.000187 0.000187 0.000187 0.000187 0.000187 0.000187 0.000186 0.000185 0.000182 0.000176 0.000163 0.000140 0.000104 0.000056 0.000000 
50.000000 35.997843 23.714515 14.239041 7.783353 3.876748 1.763635 0.735277 0.282129 0.100224 0.033325 0.010667 0.003566 0.001498 0.000936 0.000793 0.000759 0.000751 0.000750 0.000749 0.000749 0.000749 0.000749 0.000749 0.000749 0.000749 0.000749 0.000749 0.000749 0.000749 0.000749 0.000749 0.000749 0.000749 0.000749 0.000749 0.000749 0.000749 0.000749 0.000749 0.000748 0.000746 0.000742 0.000730 0.000704 0.000652 0.000561 0.000418 0.000225 0.000000 
50.000000 35.998427 23.715610 14.240529 7.785106 3.878661 1.765634 0.737317 0.284187 0.102288 0.035392 0.012735 0.005635 0.003566 0.003004 0.002861 0.002827 0.002819 0.002818 0.002817 0.002817 0.002817 0.002817 0.002817 0.002817 0.002817 0.002817 0.002817 0.002817 0.002817 0.002817 0.002817 0.002817 0.002817 0.002817 0.002817 0.002817 0.002817 0.002817 0.002816 0.002814 0.002808 0.002790 0.002747 0.002651 0.002458 0.002115 0.001579 0.000851 0.000000 
50.000000 36.000429 23.719366 14.245632 7.791123 3.885226 1.772493 0.744318 0.291250 0.109376 0.042489 0.019835 0.012735 0.010667 0.010105 0.009962 0.009928 0.009921 0.009919 0.009919 0.009919 0.009919 0.009919 0.009919 0.009919 0.009919 0.009919 0.009919 0.009919 0.009919 0.009919 0.009919 0.009919 0.009919 0.009919 0.009918 0.009918 0.009918 0.009918 0.009915 0.009908 0.009886 0.009827 0.009679 0.009347 0.008678 0.007480 0.005594 0.003020 0.000000 
50.000000 36.006813 23.731341 14.261906 7.810311 3.906167 1.794376 0.766656 0.313786 0.131992 0.065134 0.042489 0.035392 0.033325 0.032764 0.032621 0.032586 0.032579 0.032577 0.032577 0.032577 0.032577 0.032577 0.032577 0.032577 0.032577 0.032577 0.032577 0.032577 0.032577 0.032577 0.032577 0.032577 0.032577 0.032577 0.032577 0.032576 0.032576 0.032574 0.032567 0.032544 0.032475 0.032288 0.031819 0.030757 0.028599 0.024700 0.018517 0.010014 0.000000 
50.000000 36.025644 23.766667 14.309922 7.866938 3.967980 1.858977 0.832604 0.380324 0.198764 0.131992 0.109376 0.102288 0.100224 0.099663 0.099520 0.099486 0.099478 0.099477 0.099476 0.099476 0.099476 0.099476 0.099476 0.099476 0.099476 0.099476 0.099476 0.099476 0.099476 0.099476 0.099476 0.099476 0.099476 0.099476 0.099476 0.099476 0.099474 0.099468 0.099448 0.099382 0.099185 0.098640 0.097268 0.094134 0.087698 0.075948 0.057111 0.030966 0.000000 
50.000000 36.076798 23.862644 14.440398 8.020843 4.136004 2.034603 1.011909 0.561241 0.380324 0.313786 0.291250 0.284187 0.282129 0.281570 0.281428 0.281394 0.281386 0.281384 0.281384 0.281384 0.281384 0.281384 0.281384 0.281384 0.281384 0.281384 0.281384 0.281384 0.281384 0.281384 0.281384 0.281384 0.281384 0.281384 0.281384 0.281383 0.281379 0.281364 0.281311 0.281139 0.280621 0.279178 0.275506 0.267025 0.249388 0.216743 0.163664 0.089062 0.000000 
50.000000 36.204114 24.101546 14.765228 8.404069 4.554456 2.472037 1.458543 1.011909 0.832604 0.766656 0.744318 0.737317 0.735277 0.734723 0.734582 0.734548 0.734540 0.734539 0.734538 0.734538 0.734538 0.734538 0.734538 0.734538 0.734538 0.734538 0.734538 0.734538 0.734538 0.734538 0.734538 0.734538 0.734538 0.734538 0.734538 0.734535 0.734526 0.734491 0.734368 0.733964 0.732732 0.729271 0.720363 0.699497 0.655409 0.572326 0.434666 0.237780 0.000000 
50.000000 36.492796 24.643305 15.501960 9.273391 5.503825 3.464584 2.472037 2.034603 1.858977 1.794376 1.772493 1.765634 1.763635 1.763092 1.762954 1.762921 1.762913 1.762912 1.762911 1.762911 1.762911 1.762911 1.762911 1.762911 1.762911 1.762911 1.762911 1.762911 1.762911 1.762911 1.762911 1.762911 1.762911 1.762911 1.762910 1.762905 1.762886 1.762814 1.762558 1.761708 1.759096 1.751674 1.732292 1.686107 1.586521 1.394389 1.067749 0.588758 0.000000 
50.000000 37.085535 25.755788 17.015027 11.059035 7.454154 5.503825 4.554456 4.136004 3.967980 3.906167 3.885226 3.878661 3.876748 3.876228 3.876095 3.876064 3.876056 3.876055 3.876055 3.876055 3.876055 3.876055 3.876055 3.876055 3.876055 3.876055 3.876055 3.876055 3.876055 3.876055 3.876055 3.876055 3.876054 3.876054 3.876052 3.876044 3.876009 3.875879 3.875410 3.873846 3.868980 3.854959 3.817718 3.727077 3.526502 3.127294 2.423908 1.353561 0.000000 
50.000000 38.180609 27.811261 19.810987 14.359125 11.059035 9.273391 8.404069 8.020843 7.866938 7.810311 7.791123 7.785106 7.783353 7.782876 7.782754 7.782725 7.782719 7.782717 7.782717 7.782717 7.782717 7.782717 7.782717 7.782717 7.782717 7.782717 7.782717 7.782717 7.782717 7.782717 7.782717 7.782717 7.782717 7.782716 7.782713 7.782700 7.782648 7.782445 7.781712 7.779240 7.771455 7.748660 7.686870 7.532533 7.179563 6.447270 5.090017 2.903912 0.000000 
50.000000 39.989173 31.206224 24.429480 19.810987 17.015027 15.501960 14.765228 14.440398 14.309922 14.261906 14.245632 14.240529 14.239041 14.238636 14.238533 14.238509 14.238503 14.238502 14.238502 14.238502 14.238502 14.238502 14.238502 14.238502 14.238502 14.238502 14.238502 14.238502 14.238502 14.238502 14.238502 14.238502 14.238501 14.238501 14.238497 14.238480 14.238413 14.238153 14.237206 14.233974 14.223654 14.192902 14.107571 13.887733 13.363717 12.214740 9.924469 5.885561 0.000000 
50.000000 42.642509 36.187256 31.206224 27.811261 25.755788 24.643305 24.101546 23.862644 23.766667 23.731341 23.719366 23.715610 23.714515 23.714217 23.714141 23.714123 23.714119 23.714118 23.714118 23.714118 23.714118 23.714118 23.714118 23.714118 23.714118 23.714118 23.714118 23.714118 23.714118 23.714118 23.714118 23.714118 23.714118 23.714117 23.714113 23.714097 23.714031 23.713772 23.712824 23.709556 23.698980 23.666880 23.575556 23.331880 22.721244 21.281755 18.093628 11.558633 0.000000 
50.000000 46.081000 42.642509 39.989173 38.180609 37.085535 36.492796 36.204114 36.076798 36.025644 36.006813 36.000429 35.998427 35.997843 35.997684 35.997643 35.997634 35.997631 35.997631 35.997631 35.997631 35.997631 35.997631 35.997631 35.997631 35.997631 35.997631 35.997631 35.997631 35.997631 35.997631 35.997631 35.997631 35.997631 35.997630 35.997628 35.997618 35.997575 35.997410 35.996799 35.994678 35.987736 35.966334 35.904038 35.731974 35.276697 34.103612 31.083875 23.040500 0.000000 
50.000000 50.000000 50.000000 50.000000 50.000000 50.000000 50.000000 50.000000 50.000000 50.000000 50.000000 50.000000 50.000000 50.000000 50.000000 50.000000 50.000000 50.000000 50.000000 50.000000 50.000000 50.000000 50.000000 50.000000 50.000000 50.000000 50.000000 50.000000 50.000000 50.000000 50.000000 50.000000 50.000000 50.000000 50.000000 50.000000 50.000000 50.000000 50.000000 50.000000 50.000000 50.000000 50.000000 50.000000 50.000000 50.000000 50.000000 50.000000 50.000000 50.000000 
