50.000000 50.000000 50.000000 50.000000 50.000000 50.000000 50.000000 50.000000 50.000000 50.000000 50.000000 50.000000 50.000000 50.000000 50.000000 50.000000 50.000000 50.000000 50.000000 50.000000 50.000000 50.000000 50.000000 50.000000 50.000000 50.000000 50.000000 50.000000 50.000000 50.000000 50.000000 50.000000 50.000000 50.000000 50.000000 50.000000 50.000000 50.000000 50.000000 50.000000 50.000000 50.000000 50.000000 50.000000 50.000000 50.000000 50.000000 50.000000 50.000000 50.000000 
50.000000 47.207419 44.659211 42.535783 40.917429 39.786942 39.061278 38.631994 38.397233 38.278176 38.222008 38.197281 38.187092 38.183152 38.181718 38.181226 38.181066 38.181016 38.181002 38.180998 38.180997 38.180997 38.180997 38.180997 38.180997 38.180997 38.180997 38.180997 38.180997 38.180997 38.180997 38.180996 38.180996 38.180993 38.180983 38.180948 38.180835 38.180481 38.179426 38.176431 38.168319 38.147345 38.095429 37.971845 37.686683 37.040712 35.575479 32.151175 23.603709 0.000000 
50.000000 44.659211 39.785821 35.724873 32.629920 30.468028 29.080347 28.259465 27.810571 27.582930 27.475540 27.428265 27.408787 27.401255 27.398514 27.397573 27.397268 27.397173 27.397146 27.397138 27.397136 27.397136 27.397136 27.397136 27.397136 27.397136 27.397136 27.397136 27.397136 27.397136 27.397135 27.397135 27.397134 27.397129 27.397112 27.397053 27.396862 27.396265 27.394496 27.389501 27.376078 27.341736 27.258003 27.063058 26.628317 25.695749 23.763334 19.892911 12.508036 0.000000 
50.000000 42.535783 35.724873 30.049533 25.724349 22.703240 20.764140 19.617135 18.989943 18.671907 18.521884 18.455847 18.428642 18.418122 18.414295 18.412980 18.412554 18.412422 18.412384 18.412373 18.412370 18.412370 18.412369 18.412369 18.412369 18.412369 18.412369 18.412369 18.412369 18.412369 18.412369 18.412369 18.412367 18.412362 18.412342 18.412275 18.412057 18.411382 18.409390 18.403812 18.388979 18.351550 18.261986 18.058794 17.621902 16.732573 15.024766 11.961539 6.960305 0.000000 
50.000000 40.917429 32.629920 25.724349 20.461804 16.786136 14.427047 13.031707 12.268782 11.881952 11.699493 11.619187 11.586107 11.573317 11.568664 11.567066 11.566547 11.566388 11.566341 11.566328 11.566325 11.566324 11.566324 11.566324 11.566324 11.566324 11.566324 11.566324 11.566324 11.566324 11.566323 11.566323 11.566322 11.566317 11.566299 11.566237 11.566038 11.565424 11.563629 11.558645 11.545543 11.512969 11.436501 11.267343 10.915608 10.230902 8.991775 6.934170 3.876717 0.000000 
50.000000 39.786942 30.468028 22.703240 16.786136 12.653490 10.001266 8.432652 7.575054 7.140257 6.935193 6.844946 6.807775 6.793405 6.788177 6.786382 6.785800 6.785620 6.785568 6.785553 6.785550 6.785549 6.785548 6.785548 6.785548 6.785548 6.785548 6.785548 6.785548 6.785548 6.785548 6.785548 6.785547 6.785543 6.785529 6.785481 6.785326 6.784851 6.783474 6.779686 6.769841 6.745712 6.690079 6.569780 6.326745 5.870528 5.081338 3.839712 2.100260 0.000000 
50.000000 39.061278 29.080347 20.764140 14.427047 10.001266 7.161065 5.481380 4.563119 4.097602 3.878068 3.781460 3.741673 3.726293 3.720698 3.718778 3.718155 3.717963 3.717907 3.717891 3.717887 3.717886 3.717886 3.717886 3.717886 3.717886 3.717886 3.717886 3.717886 3.717886 3.717886 3.717886 3.717885 3.717882 3.717872 3.717839 3.717734 3.717412 3.716486 3.713959 3.707464 3.691752 3.656106 3.580533 3.431486 3.159704 2.705346 2.017288 1.089433 0.000000 
50.000000 38.631994 28.259465 19.617135 13.031707 8.432652 5.481380 3.736093 2.782021 2.298378 2.070310 1.969954 1.928626 1.912652 1.906841 1.904847 1.904200 1.904001 1.903943 1.903926 1.903922 1.903921 1.903921 1.903921 1.903921 1.903921 1.903921 1.903921 1.903921 1.903921 1.903921 1.903920 1.903920 1.903918 1.903912 1.903892 1.903828 1.903633 1.903076 1.901569 1.897733 1.888562 1.868047 1.825274 1.742573 1.595206 1.355148 1.001463 0.536566 0.000000 
50.000000 38.397233 27.810571 18.989943 12.268782 7.575054 4.563119 2.782021 1.808410 1.314883 1.082165 0.979768 0.937602 0.921305 0.915377 0.913342 0.912682 0.912479 0.912420 0.912403 0.912399 0.912398 0.912397 0.912397 0.912397 0.912397 0.912397 0.912397 0.912397 0.912397 0.912397 0.912397 0.912397 0.912396 0.912393 0.912382 0.912346 0.912240 0.911936 0.911122 0.909067 0.904205 0.893458 0.871367 0.829342 0.755813 0.638392 0.468836 0.249889 0.000000 
50.000000 38.278176 27.582930 18.671907 11.881952 7.140257 4.097602 2.298378 1.314883 0.816361 0.581293 0.477866 0.435277 0.418817 0.412830 0.410776 0.410109 0.409904 0.409844 0.409827 0.409823 0.409822 0.409821 0.409821 0.409821 0.409821 0.409821 0.409821 0.409821 0.409821 0.409821 0.409821 0.409821 0.409821 0.409819 0.409813 0.409795 0.409742 0.409591 0.409189 0.408180 0.405816 0.400645 0.390138 0.370416 0.336408 0.282928 0.206852 0.109857 0.000000 
50.000000 38.222008 27.475540 18.521884 11.699493 6.935193 3.878068 2.070310 1.082165 0.581293 0.345123 0.241212 0.198424 0.181888 0.175873 0.173809 0.173139 0.172933 0.172873 0.172856 0.172852 0.172851 0.172850 0.172850 0.172850 0.172850 0.172850 0.172850 0.172850 0.172850 0.172850 0.172850 0.172850 0.172850 0.172849 0.172847 0.172838 0.172814 0.172745 0.172561 0.172105 0.171043 0.168740 0.164108 0.155507 0.140848 0.118071 0.086038 0.045577 0.000000 
50.000000 38.197281 27.428265 18.455847 11.619187 6.844946 3.781460 1.969954 0.979768 0.477866 0.241212 0.137089 0.094215 0.077645 0.071618 0.069550 0.068879 0.068673 0.068612 0.068596 0.068591 0.068590 0.068590 0.068590 0.068590 0.068590 0.068590 0.068590 0.068590 0.068590 0.068590 0.068590 0.068590 0.068589 0.068589 0.068588 0.068585 0.068574 0.068545 0.068467 0.068275 0.067832 0.066878 0.064975 0.061472 0.055558 0.046457 0.033769 0.017855 0.000000 
50.000000 38.187092 27.408787 18.428642 11.586107 6.807775 3.741673 1.928626 0.937602 0.435277 0.198424 0.094215 0.051305 0.034721 0.028690 0.026620 0.025948 0.025742 0.025681 0.025664 0.025660 0.025659 0.025659 0.025658 0.025658 0.025658 0.025658 0.025658 0.025658 0.025658 0.025658 0.025658 0.025658 0.025658 0.025658 0.025658 0.025656 0.025652 0.025641 0.025610 0.025535 0.025362 0.024993 0.024260 0.022923 0.020683 0.017260 0.012522 0.006611 0.000000 
50.000000 38.183152 27.401255 18.418122 11.573317 6.793405 3.726293 1.912652 0.921305 0.418817 0.181888 0.077645 0.034721 0.018132 0.012099 0.010029 0.009357 0.009150 0.009090 0.009073 0.009068 0.009067 0.009067 0.009067 0.009067 0.009067 0.009067 0.009067 0.009067 0.009067 0.009067 0.009067 0.009067 0.009067 0.009067 0.009067 0.009066 0.009065 0.009060 0.009049 0.009021 0.008958 0.008824 0.008559 0.008079 0.007279 0.006065 0.004394 0.002317 0.000000 
50.000000 38.181718 27.398514 18.414295 11.568664 6.788177 3.720698 1.906841 0.915377 0.412830 0.175873 0.071618 0.028690 0.012099 0.006065 0.003994 0.003322 0.003116 0.003055 0.003039 0.003034 0.003033 0.003033 0.003033 0.003033 0.003033 0.003033 0.003033 0.003033 0.003033 0.003033 0.003033 0.003033 0.003033 0.003033 0.003033 0.003032 0.003032 0.003030 0.003026 0.003017 0.002995 0.002949 0.002859 0.002696 0.002427 0.002019 0.001461 0.000770 0.000000 
50.000000 38.181226 27.397573 18.412980 11.567066 6.786382 3.718778 1.904847 0.913342 0.410776 0.173809 0.069550 0.026620 0.010029 0.003994 0.001924 0.001252 0.001045 0.000985 0.000968 0.000963 0.000962 0.000962 0.000962 0.000962 0.000962 0.000962 0.000962 0.000962 0.000962 0.000962 0.000962 0.000962 0.000962 0.000962 0.000962 0.000962 0.000962 0.000961 0.000960 0.000957 0.000950 0.000935 0.000906 0.000854 0.000768 0.000638 0.000461 0.000243 0.000000 
50.000000 38.181066 27.397268 18.412554 11.566547 6.785800 3.718155 1.904200 0.912682 0.410109 0.173139 0.068879 0.025948 0.009357 0.003322 0.001252 0.000580 0.000373 0.000313 0.000296 0.000291 0.000290 0.000290 0.000290 0.000290 0.000290 0.000290 0.000290 0.000290 0.000290 0.000290 0.000290 0.000290 0.000290 0.000290 0.000290 0.000290 0.000290 0.000290 0.000289 0.000288 0.000286 0.000282 0.000273 0.000257 0.000231 0.000192 0.000138 0.000073 0.000000 
50.000000 38.181016 27.397173 18.412422 11.566388 6.785620 3.717963 1.904001 0.912479 0.409904 0.172933 0.068673 0.025742 0.009150 0.003116 0.001045 0.000373 0.000166 0.000106 0.000089 0.000085 0.000084 0.000083 0.000083 0.000083 0.000083 0.000083 0.000083 0.000083 0.000083 0.000083 0.000083 0.000083 0.000083 0.000083 0.000083 0.000083 0.000083 0.000083 0.000083 0.000083 0.000082 0.000081 0.000078 0.000074 0.000066 0.000055 0.000040 0.000021 0.000000 
50.000000 38.181002 27.397146 18.412384 11.566341 6.785568 3.717907 1.903943 0.912420 0.409844 0.172873 0.068612 0.025681 0.009090 0.003055 0.000985 0.000313 0.000106 0.000045 0.000029 0.000024 0.000023 0.000023 0.000023 0.000023 0.000023 0.000023 0.000023 0.000023 0.000023 0.000023 0.000023 0.000023 0.000023 0.000023 0.000023 0.000023 0.000023 0.000023 0.000023 0.000023 0.000022 0.000022 0.000021 0.000020 0.000018 0.000015 0.000011 0.000006 0.000000 
50.000000 38.180998 27.397138 18.412373 11.566328 6.785553 3.717891 1.903926 0.912403 0.409827 0.172856 0.068596 0.025664 0.009073 0.003039 0.000968 0.000296 0.000089 0.000029 0.000012 0.000007 0.000006 0.000006 0.000006 0.000006 0.000006 0.000006 0.000006 0.000006 0.000006 0.000006 0.000006 0.000006 0.000006 0.000006 0.000006 0.000006 0.000006 0.000006 0.000006 0.000006 0.000006 0.000006 0.000006 0.000005 0.000005 0.000004 0.000003 0.000001 0.000000 
50.000000 38.180997 27.397136 18.412370 11.566325 6.785550 3.717887 1.903922 0.912399 0.409823 0.172852 0.068591 0.025660 0.009068 0.003034 0.000963 0.000291 0.000085 0.000024 0.000007 0.000003 0.000002 0.000002 0.000002 0.000001 0.000001 0.000001 0.000001 0.000001 0.000001 0.000001 0.000001 0.000001 0.000001 0.000001 0.000001 0.000001 0.000001 0.000001 0.000001 0.000001 0.000001 0.000001 0.000001 0.000001 0.000001 0.000001 0.000001 0.000000 0.000000 
50.000000 38.180997 27.397136 18.412370 11.566324 6.785549 3.717886 1.903921 0.912398 0.409822 0.172851 0.068590 0.025659 0.009067 0.003033 0.000962 0.000290 0.000084 0.000023 0.000006 0.000002 0.000001 0.000000 0.000000 0.000000 0.000000 0.000000 0.000000 0.000000 0.000000 0.000000 0.000000 0.000000 0.000000 0.000000 0.000000 0.000000 0.000000 0.000000 0.000000 0.000000 0.000000 0.000000 0.000000 0.000000 0.000000 0.000000 0.000000 0.000000 0.000000 
50.000000 38.180997 27.397136 18.412369 11.566324 6.785548 3.717886 1.903921 0.912397 0.409821 0.172850 0.068590 0.025659 0.009067 0.003033 0.000962 0.000290 0.000083 0.000023 0.000006 0.000002 0.000000 0.000000 0.000000 0.000000 0.000000 0.000000 0.000000 0.000000 0.000000 0.000000 0.000000 0.000000 0.000000 0.000000 0.000000 0.000000 0.000000 0.000000 0.000000 0.000000 0.000000 0.000000 0.000000 0.000000 0.000000 0.000000 0.000000 0.000000 0.000000 
50.000000 38.180997 27.397136 18.412369 11.566324 6.785548 3.717886 1.903921 0.912397 0.409821 0.172850 0.068590 0.025658 0.009067 0.003033 0.000962 0.000290 0.000083 0.000023 0.000006 0.000002 0.000000 0.000000 0.000000 0.000000 0.000000 0.000000 0.000000 0.000000 0.000000 0.000000 0.000000 0.000000 0.000000 0.000000 0.000000 0.000000 0.000000 0.000000 0.000000 0.000000 0.000000 0.000000 0.000000 0.000000 0.000000 0.000000 0.000000 0.000000 0.000000 
50.000000 38.180997 27.397136 18.412369 11.566324 6.785548 3.717886 1.903921 0.912397 0.409821 0.172850 0.068590 0.025658 0.009067 0.003033 0.000962 0.000290 0.000083 0.000023 0.000006 0.000001 0.000000 0.000000 0.000000 0.000000 0.000000 0.000000 0.000000 0.000000 0.000000 0.000000 0.000000 0.000000 0.000000 0.000000 0.000000 0.000000 0.000000 0.000000 0.000000 0.000000 0.000000 0.000000 0.000000 0.000000 0.000000 0.000000 0.000000 0.000000 0.000000 
50.000000 38.180997 27.397136 18.412369 11.566324 6.785548 3.717886 1.903921 0.912397 0.409821 0.172850 0.068590 0.025658 0.009067 0.003033 0.000962 0.000290 0.000083 0.000023 0.000006 0.000001 0.000000 0.000000 0.000000 0.000000 0.000000 0.000000 0.000000 0.000000 0.000000 0.000000 0.000000 0.000000 0.000000 0.000000 0.000000 0.000000 0.000000 0.000000 0.000000 0.000000 0.000000 0.000000 0.000000 0.000000 0.000000 0.000000 0.000000 0.000000 0.000000 
50.000000 38.180997 27.397136 18.412369 11.566324 6.785548 3.717886 1.903921 0.912397 0.409821 0.172850 0.068590 0.025658 0.009067 0.003033 0.000962 0.000290 0.000083 0.000023 0.000006 0.000002 0.000000 0.000000 0.000000 0.000000 0.000000 0.000000 0.000000 0.000000 0.000000 0.000000 0.000000 0.000000 0.000000 0.000000 0.000000 0.000000 0.000000 0.000000 0.000000 0.000000 0.000000 0.000000 0.000000 0.000000 0.000000 0.000000 0.000000 0.000000 0.000000 
50.000000 38.180997 27.397136 18.412369 11.566324 6.785548 3.717886 1.903921 0.912397 0.409821 0.172850 0.068590 0.025659 0.009067 0.003033 0.000962 0.000290 0.000083 0.000023 0.000006 0.000002 0.000000 0.000000 0.000000 0.000000 0.000000 0.000000 0.000000 0.000000 0.000000 0.000000 0.000000 0.000000 0.000000 0.000000 0.000000 0.000000 0.000000 0.000000 0.000000 0.000000 0.000000 0.000000 0.000000 0.000000 0.000000 0.000000 0.000000 0.000000 0.000000 
50.000000 38.180997 27.397136 18.412370 11.566324 6.785549 3.717886 1.903921 0.912398 0.409822 0.172851 0.068590 0.025659 0.009067 0.003033 0.000962 0.000290 0.000084 0.000023 0.000006 0.000002 0.000001 0.000000 0.000000 0.000000 0.000000 0.000000 0.000000 0.000000 0.000000 0.000000 0.000000 0.000000 0.000000 0.000000 0.000000 0.000000 0.000000 0.000000 0.000000 0.000000 0.000000 0.000000 0.000000 0.000000 0.000000 0.000000 0.000000 0.000000 0.000000 
50.000000 38.180997 27.397136 18.412370 11.566325 6.785550 3.717887 1.903922 0.912399 0.409823 0.172852 0.068591 0.025660 0.009068 0.003034 0.000963 0.000291 0.000085 0.000024 0.000007 0.000003 0.000002 0.000002 0.000002 0.000001 0.000001 0.000001 0.000001 0.000001 0.000001 0.000001 0.000001 0.000001 0.000001 0.000001 0.000001 0.000001 0.000001 0.000001 0.000001 0.000001 0.000001 0.000001 0.000001 0.000001 0.000001 0.000001 0.000001 0.000000 0.000000 
50.000000 38.180998 27.397138 18.412373 11.566328 6.785553 3.717891 1.903926 0.912403 0.409827 0.172856 0.068596 0.025664 0.009073 0.003039 0.000968 0.000296 0.000089 0.000029 0.000012 0.000007 0.000006 0.000006 0.000006 0.000006 0.000006 0.000006 0.000006 0.000006 0.000006 0.000006 0.000006 0.000006 0.000006 0.000006 0.000006 0.000006 0.000006 0.000006 0.000006 0.000006 0.000006 0.000006 0.000006 0.000005 0.000005 0.000004 0.000003 0.000001 0.000000 
50.000000 38.181002 27.397146 18.412384 11.566341 6.785568 3.717907 1.903943 0.912420 0.409844 0.172873 0.068612 0.025681 0.009090 0.003055 0.000985 0.000313 0.000106 0.000045 0.000029 0.000024 0.000023 0.000023 0.000023 0.000023 0.000023 0.000023 0.000023 0.000023 0.000023 0.000023 0.000023 0.000023 0.000023 0.000023 0.000023 0.000023 0.000023 0.000023 0.000023 0.000023 0.000022 0.000022 0.000021 0.000020 0.000018 0.000015 0.000011 0.000006 0.000000 
50.000000 38.181016 27.397173 18.412422 11.566388 6.785620 3.717963 1.904001 0.912479 0.409904 0.172933 0.068673 0.025742 0.009150 0.003116 0.001045 0.000373 0.000166 0.000106 0.000089 0.000085 0.000084 0.000083 0.000083 0.000083 0.000083 0.000083 0.000083 0.000083 0.000083 0.000083 0.000083 0.000083 0.000083 0.000083 0.000083 0.000083 0.000083 0.000083 0.000083 0.000083 0.000082 0.000081 0.000078 0.000074 0.000066 0.000055 0.000040 0.000021 0.000000 
50.000000 38.181066 27.397268 18.412554 11.566547 6.785800 3.718155 1.904200 0.912682 0.410109 0.173139 0.068879 0.025948 0.009357 0.003322 0.001252 0.000580 0.000373 0.000313 0.000296 0.000291 0.000290 0.000290 0.000290 0.000290 0.000290 0.000290 0.000290 0.000290 0.000290 0.000290 0.000290 0.000290 0.000290 0.000290 0.000290 0.000290 0.000290 0.000290 0.000289 0.000288 0.000286 0.000282 0.000273 0.000257 0.000231 0.000192 0.000138 0.000073 0.000000 
50.000000 38.181226 27.397573 18.412980 11.567066 6.786382 3.718778 1.904847 0.913342 0.410776 0.173809 0.069550 0.026620 0.010029 0.003994 0.001924 0.001252 0.001045 0.000985 0.000968 0.000963 0.000962 0.000962 0.000962 0.000962 0.000962 0.000962 0.000962 0.000962 0.000962 0.000962 0.000962 0.000962 0.000962 0.000962 0.000962 0.000962 0.000962 0.000961 0.000960 0.000957 0.000950 0.000935 0.000906 0.000854 0.000768 0.000638 0.000461 0.000243 0.000000 
50.000000 38.181718 27.398514 18.414295 11.568664 6.788177 3.720698 1.906841 0.915377 0.412830 0.175873 0.071618 0.028690 0.012099 0.006065 0.003994 0.003322 0.003116 0.003055 0.003039 0.003034 0.003033 0.003033 0.003033 0.003033 0.003033 0.003033 0.003033 0.003033 0.003033 0.003033 0.003033 0.003033 0.003033 0.003033 0.003033 0.003032 0.003032 0.003030 0.003026 0.003017 0.002995 0.002949 0.002859 0.002696 0.002427 0.002019 0.001461 0.000770 0.000000 
50.000000 38.183152 27.401255 18.418122 11.573317 6.793405 3.726293 1.912652 0.921305 0.418817 0.181888 0.077645 0.034721 0.018132 0.012099 0.010029 0.009357 0.009150 0.009090 0.009073 0.009068 0.009067 0.009067 0.009067 0.009067 0.009067 0.009067 0.009067 0.009067 0.009067 0.009067 0.009067 0.009067 0.009067 0.009067 0.009067 0.009066 0.009065 0.009060 0.009049 0.009021 0.008958 0.008824 0.008559 0.008079 0.007279 0.006065 0.004394 0.002317 0.000000 
50.000000 38.187092 27.408787 18.428642 11.586107 6.807775 3.741673 1.928626 0.937602 0.435277 0.198424 0.094215 0.051305 0.034721 0.028690 0.026620 0.025948 0.025742 0.025681 0.025664 0.025660 0.025659 0.025659 0.025658 0.025658 0.025658 0.025658 0.025658 0.025658 0.025658 0.025658 0.025658 0.025658 0.025658 0.025658 0.025658 0.025656 0.025652 0.025641 0.025610 0.025535 0.025362 0.024993 0.024260 0.022923 0.020683 0.017260 0.012522 0.006611 0.000000 
50.000000 38.197281 27.428265 18.455847 11.619187 6.844946 3.781460 1.969954 0.979768 0.477866 0.241212 0.137089 0.094215 0.077645 0.071618 0.069550 0.068879 0.068673 0.068612 0.068596 0.068591 0.068590 0.068590 0.068590 0.068590 0.068590 0.068590 0.068590 0.068590 0.068590 0.068590 0.068590 0.068590 0.068589 0.068589 0.068588 0.068585 0.068574 0.068545 0.068467 0.068275 0.067832 0.066878 0.064975 0.061472 0.055558 0.046457 0.033769 0.017855 0.000000 
50.000000 38.222008 27.475540 18.521884 11.699493 6.935193 3.878068 2.070310 1.082165 0.581293 0.345123 0.241212 0.198424 0.181888 0.175873 0.173809 0.173139 0.172933 0.172873 0.172856 0.172852 0.172851 0.172850 0.172850 0.172850 0.172850 0.172850 0.172850 0.172850 0.172850 0.172850 0.172850 0.172850 0.172850 0.172849 0.172847 0.172838 0.172814 0.172745 0.172561 0.172105 0.171043 0.168740 0.164108 0.155507 0.140848 0.118071 0.086038 0.045577 0.000000 
50.000000 38.278176 27.582930 18.671907 11.881952 7.140257 4.097602 2.298378 1.314883 0.816361 0.581293 0.477866 0.435277 0.418817 0.412830 0.410776 0.410109 0.409904 0.409844 0.409827 0.409823 0.409822 0.409821 0.409821 0.409821 0.409821 0.409821 0.409821 0.409821 0.409821 0.409821 0.409821 0.409821 0.409821 0.409819 0.409813 0.409795 0.409742 0.409591 0.409189 0.408180 0.405816 0.400645 0.390138 0.370416 0.336408 0.282928 0.206852 0.109857 0.000000 
50.000000 38.397233 27.810571 18.989943 12.268782 7.575054 4.563119 2.782021 1.808410 1.314883 1.082165 0.979768 0.937602 0.921305 0.915377 0.913342 0.912682 0.912479 0.912420 0.912403 0.912399 0.912398 0.912397 0.912397 0.912397 0.912397 0.912397 0.912397 0.912397 0.912397 0.912397 0.912397 0.912397 0.912396 0.912393 0.912382 0.912346 0.912240 0.911936 0.911122 0.909067 0.904205 0.893458 0.871367 0.829342 0.755813 0.638392 0.468836 0.249889 0.000000 
50.000000 38.631994 28.259465 19.617135 13.031707 8.432652 5.481380 3.736093 2.782021 2.298378 2.070310 1.969954 1.928626 1.912652 1.906841 1.904847 1.904200 1.904001 1.903943 1.903926 1.903922 1.903921 1.903921 1.903921 1.903921 1.903921 1.903921 1.903921 1.903921 1.903921 1.903921 1.903920 1.903920 1.903918 1.903912 1.903892 1.903828 1.903633 1.903076 1.901569 1.897733 1.888562 1.868047 1.825274 1.742573 1.595206 1.355148 1.001463 0.536566 0.000000 
50.000000 39.061278 29.080347 20.764140 14.427047 10.001266 7.161065 5.481380 4.563119 4.097602 3.878068 3.781460 3.741673 3.726293 3.720698 3.718778 3.718155 3.717963 3.717907 3.717891 3.717887 3.717886 3.717886 3.717886 3.717886 3.717886 3.717886 3.717886 3.717886 3.717886 3.717886 3.717886 3.717885 3.717882 3.717872 3.717839 3.717734 3.717412 3.716486 3.713959 3.707464 3.691752 3.656106 3.580533 3.431486 3.159704 2.705346 2.017288 1.089433 0.000000 
50.000000 39.786942 30.468028 22.703240 16.786136 12.653490 10.001266 8.432652 7.575054 7.140257 6.935193 6.844946 6.807775 6.793405 6.788177 6.786382 6.785800 6.785620 6.785568 6.785553 6.785550 6.785549 6.785548 6.785548 6.785548 6.785548 6.785548 6.785548 6.785548 6.785548 6.785548 6.785548 6.785547 6.785543 6.785529 6.785481 6.785326 6.784851 6.783474 6.779686 6.769841 6.745712 6.690079 6.569780 6.326745 5.870528 5.081338 3.839712 2.100260 0.000000 
50.000000 40.917429 32.629920 25.724349 20.461804 16.786136 14.427047 13.031707 12.268782 11.881952 11.699493 11.619187 11.586107 11.573317 11.568664 11.567066 11.566547 11.566388 11.566341 11.566328 11.566325 11.566324 11.566324 11.566324 11.566324 11.566324 11.566324 11.566324 11.566324 11.566324 11.566323 11.566323 11.566322 11.566317 11.566299 11.566237 11.566038 11.565424 11.563629 11.558645 11.545543 11.512969 11.436501 11.267343 10.915608 10.230902 8.991775 6.934170 3.876717 0.000000 
50.000000 42.535783 35.724873 30.049533 25.724349 22.703240 20.764140 19.617135 18.989943 18.671907 18.521884 18.455847 18.428642 18.418122 18.414295 18.412980 18.412554 18.412422 18.412384 18.412373 18.412370 18.412370 18.412369 18.412369 18.412369 18.412369 18.412369 18.412369 18.412369 18.412369 18.412369 18.412369 18.412367 18.412362 18.412342 18.412275 18.412057 18.411382 18.409390 18.403812 18.388979 18.351550 18.261986 18.058794 17.621902 16.732573 15.024766 11.961539 6.960305 0.000000 
50.000000 44.659211 39.785821 35.724873 32.629920 30.468028 29.080347 28.259465 27.810571 27.582930 27.475540 27.428265 27.408787 27.401255 27.398514 27.397573 27.397268 27.397173 27.397146 27.397138 27.397136 27.397136 27.397136 27.397136 27.397136 27.397136 27.397136 27.397136 27.397136 27.397136 27.397135 27.397135 27.397134 27.397129 27.397112 27.397053 27.396862 27.396265 27.394496 27.389501 27.376078 27.341736 27.258003 27.063058 26.628317 25.695749 23.763334 19.892911 12.508036 0.000000 
50.000000 47.207419 44.659211 42.535783 40.917429 39.786942 39.061278 38.631994 38.397233 38.278176 38.222008 38.197281 38.187092 38.183152 38.181718 38.181226 38.181066 38.181016 38.181002 38.180998 38.180997 38.180997 38.180997 38.180997 38.180997 38.180997 38.180997 38.180997 38.180997 38.180997 38.180997 38.180996 38.180996 38.180993 38.180983 38.180948 38.180835 38.180481 38.179426 38.176431 38.168319 38.147345 38.095429 37.971845 37.686683 37.040712 35.575479 32.151175 23.603709 0.000000 
50.000000 50.000000 50.000000 50.000000 50.000000 50.000000 50.000000 50.000000 50.000000 50.000000 50.000000 50.000000 50.000000 50.000000 50.000000 50.000000 50.000000 50.000000 50.000000 50.000000 50.000000 50.000000 50.000000 50.000000 50.000000 50.000000 50.000000 50.000000 50.000000 50.000000 50.000000 50.000000 50.000000 50.000000 50.000000 50.000000 50.000000 50.000000 50.000000 50.000000 50.000000 50.000000 50.000000 50.000000 50.000000 50.000000 50.000000 50.000000 50.000000 50.000000 
