50.000000 50.000000 50.000000 50.000000 50.000000 50.000000 50.000000 50.000000 50.000000 50.000000 50.000000 50.000000 50.000000 50.000000 50.000000 50.000000 50.000000 50.000000 50.000000 50.000000 50.000000 50.000000 50.000000 50.000000 50.000000 50.000000 50.000000 50.000000 50.000000 50.000000 50.000000 50.000000 50.000000 50.000000 50.000000 50.000000 50.000000 50.000000 50.000000 50.000000 50.000000 50.000000 50.000000 50.000000 50.000000 50.000000 50.000000 50.000000 50.000000 50.000000 
50.000000 48.363846 46.811685 45.414592 44.221112 43.253084 42.507182 41.960819 41.580092 41.327489 41.167771 41.071441 41.015965 40.985428 40.969346 40.961234 40.957310 40.955489 40.954677 40.954329 40.954185 40.954128 40.954106 40.954098 40.954095 40.954094 40.954093 40.954093 40.954092 40.954088 40.954079 40.954056 40.953996 40.953846 40.953485 40.952645 40.950747 40.946597 40.937796 40.919672 40.883356 40.812329 40.676115 40.418228 39.931304 39.000430 37.158165 33.267484 24.181923 0.000000 
50.000000 46.811685 43.787048 41.064593 38.738922 36.852587 35.399104 34.334457 33.592578 33.100362 32.789146 32.601444 32.493349 32.433850 32.402515 32.386709 32.379065 32.375516 32.373934 32.373255 32.372975 32.372864 32.372821 32.372805 32.372800 32.372798 32.372797 32.372796 32.372794 32.372788 32.372771 32.372729 32.372619 32.372347 32.371692 32.370169 32.366741 32.359265 32.343478 32.311140 32.246809 32.122236 31.886724 31.450233 30.652976 29.208947 26.600157 21.893524 13.544201 0.000000 
50.000000 45.414592 41.064593 37.149207 33.804491 31.091640 29.001323 27.470227 26.403327 25.695482 25.247936 24.978016 24.822577 24.737019 24.691962 24.669234 24.658243 24.653141 24.650866 24.649890 24.649488 24.649327 24.649266 24.649243 24.649235 24.649232 24.649231 24.649230 24.649227 24.649219 24.649198 24.649143 24.649003 24.648654 24.647817 24.645878 24.641527 24.632089 24.612277 24.572017 24.492747 24.341348 24.060444 23.553299 22.660973 21.129984 18.574603 14.464436 8.256427 0.000000 
50.000000 44.221112 38.738922 33.804491 29.589294 26.170444 23.536176 21.606684 20.262199 19.370206 18.806243 18.466119 18.270257 18.162453 18.105681 18.077046 18.063198 18.056770 18.053904 18.052675 18.052168 18.051966 18.051889 18.051860 18.051850 18.051846 18.051844 18.051843 18.051840 18.051832 18.051809 18.051750 18.051599 18.051225 18.050332 18.048269 18.043666 18.033739 18.013057 17.971422 17.890420 17.738085 17.461095 16.974180 16.147384 14.794647 12.674507 9.529975 5.220683 0.000000 
50.000000 43.253084 36.852587 31.091640 26.170444 22.179028 19.103638 16.851084 15.281520 14.240225 13.581883 13.184851 12.956225 12.830392 12.764127 12.730705 12.714543 12.707042 12.703697 12.702263 12.701671 12.701435 12.701345 12.701312 12.701300 12.701295 12.701294 12.701292 12.701289 12.701282 12.701260 12.701204 12.701060 12.700706 12.699864 12.697929 12.693633 12.684432 12.665418 12.627525 12.554721 12.419928 12.179612 11.767549 11.089514 10.023061 8.430667 6.199610 3.321780 0.000000 
50.000000 42.507182 35.399104 29.001323 23.536176 19.103638 15.688418 13.187006 11.444078 10.287796 9.556776 9.115927 8.862077 8.722366 8.648796 8.611691 8.593748 8.585421 8.581708 8.580116 8.579459 8.579197 8.579097 8.579060 8.579047 8.579042 8.579040 8.579039 8.579036 8.579029 8.579011 8.578962 8.578839 8.578535 8.577816 8.576171 8.572541 8.564821 8.549002 8.517794 8.458564 8.350530 8.161398 7.844209 7.336089 6.561997 5.448024 3.948871 2.088954 0.000000 
50.000000 41.960819 34.334457 27.470227 21.606684 16.851084 13.187006 10.503372 8.633516 7.393057 6.608839 6.135922 5.863615 5.713751 5.634838 5.595039 5.575794 5.566863 5.562881 5.561174 5.560469 5.560189 5.560081 5.560042 5.560027 5.560022 5.560020 5.560019 5.560017 5.560012 5.559997 5.559958 5.559860 5.559621 5.559056 5.557771 5.554951 5.548997 5.536895 5.513253 5.468901 5.389111 5.251686 5.025608 4.671472 4.145590 3.409783 2.447733 1.284704 0.000000 
50.000000 41.580092 33.592578 26.403327 20.262199 15.281520 11.444078 8.633516 6.675257 5.376180 4.554923 4.059682 3.774529 3.617600 3.534968 3.493296 3.473146 3.463795 3.459626 3.457839 3.457101 3.456807 3.456695 3.456653 3.456638 3.456633 3.456631 3.456630 3.456629 3.456624 3.456614 3.456585 3.456513 3.456338 3.455926 3.454993 3.452960 3.448694 3.440093 3.423442 3.392539 3.337628 3.244405 3.093548 2.861592 2.524114 2.061979 1.470341 0.767764 0.000000 
50.000000 41.327489 33.100362 25.695482 19.370206 14.240225 10.287796 7.393057 5.376180 4.038240 3.192432 2.682396 2.388732 2.227122 2.142028 2.099115 2.078366 2.068737 2.064444 2.062604 2.061844 2.061542 2.061426 2.061383 2.061368 2.061363 2.061361 2.061360 2.061359 2.061356 2.061348 2.061328 2.061279 2.061159 2.060878 2.060246 2.058874 2.056015 2.050293 2.039310 2.019120 1.983641 1.924156 1.829232 1.685503 1.479786 1.202735 0.853554 0.444133 0.000000 
50.000000 41.167771 32.789146 25.247936 18.806243 13.581883 9.556776 6.608839 4.554923 3.192432 2.331115 1.811737 1.512698 1.348134 1.261487 1.217791 1.196664 1.186860 1.182489 1.180615 1.179842 1.179534 1.179416 1.179373 1.179357 1.179352 1.179350 1.179349 1.179348 1.179346 1.179341 1.179329 1.179297 1.179219 1.179040 1.178637 1.177767 1.175965 1.172382 1.165558 1.153122 1.131481 1.095587 1.038982 0.954357 0.834821 0.675919 0.478006 0.248099 0.000000 
50.000000 41.071441 32.601444 24.978016 18.466119 13.184851 9.115927 6.135922 4.059682 2.682396 1.811737 1.286731 0.984457 0.818114 0.730531 0.686364 0.665010 0.655101 0.650683 0.648789 0.648008 0.647697 0.647578 0.647534 0.647518 0.647512 0.647511 0.647510 0.647509 0.647508 0.647505 0.647497 0.647478 0.647431 0.647322 0.647080 0.646559 0.645486 0.643366 0.639355 0.632103 0.619590 0.599027 0.566925 0.519433 0.453062 0.365739 0.257966 0.133645 0.000000 
50.000000 41.015965 32.493349 24.822577 18.270257 12.956225 8.862077 5.863615 3.774529 2.388732 1.512698 0.984457 0.680322 0.512957 0.424837 0.380400 0.358915 0.348945 0.344500 0.342595 0.341809 0.341496 0.341376 0.341332 0.341316 0.341310 0.341308 0.341308 0.341307 0.341307 0.341305 0.341300 0.341289 0.341262 0.341200 0.341062 0.340766 0.340161 0.338971 0.336734 0.332716 0.325835 0.314619 0.297256 0.271793 0.236518 0.190488 0.134084 0.069368 0.000000 
50.000000 40.985428 32.433850 24.737019 18.162453 12.830392 8.722366 5.713751 3.617600 2.227122 1.348134 0.818114 0.512957 0.345030 0.256615 0.212030 0.190473 0.180470 0.176011 0.174099 0.173310 0.172997 0.172876 0.172832 0.172816 0.172810 0.172809 0.172808 0.172808 0.172807 0.172806 0.172804 0.172798 0.172783 0.172749 0.172674 0.172515 0.172190 0.171555 0.170367 0.168247 0.164640 0.158800 0.149824 0.136759 0.118787 0.095492 0.067110 0.034681 0.000000 
50.000000 40.969346 32.402515 24.691962 18.105681 12.764127 8.648796 5.634838 3.534968 2.142028 1.261487 0.730531 0.424837 0.256615 0.168046 0.123382 0.101788 0.091768 0.087301 0.085386 0.084595 0.084281 0.084160 0.084116 0.084100 0.084094 0.084093 0.084092 0.084092 0.084091 0.084091 0.084090 0.084086 0.084079 0.084061 0.084023 0.083941 0.083775 0.083452 0.082850 0.081782 0.079975 0.077067 0.072625 0.066198 0.057412 0.046084 0.032346 0.016701 0.000000 
50.000000 40.961234 32.386709 24.669234 18.077046 12.730705 8.611691 5.595039 3.493296 2.099115 1.217791 0.686364 0.380400 0.212030 0.123382 0.078679 0.057066 0.047037 0.042566 0.040649 0.039858 0.039544 0.039423 0.039379 0.039363 0.039357 0.039355 0.039355 0.039354 0.039354 0.039354 0.039353 0.039352 0.039348 0.039339 0.039321 0.039280 0.039199 0.039042 0.038751 0.038236 0.037370 0.035983 0.033875 0.030841 0.026714 0.021417 0.015017 0.007748 0.000000 
50.000000 40.957310 32.379065 24.658243 18.063198 12.714543 8.593748 5.575794 3.473146 2.078366 1.196664 0.665010 0.358915 0.190473 0.101788 0.057066 0.035444 0.025411 0.020938 0.019020 0.018229 0.017914 0.017794 0.017749 0.017733 0.017728 0.017726 0.017725 0.017725 0.017725 0.017725 0.017724 0.017724 0.017722 0.017718 0.017709 0.017690 0.017652 0.017579 0.017444 0.017206 0.016808 0.016173 0.015213 0.013837 0.011973 0.009589 0.006718 0.003464 0.000000 
50.000000 40.955489 32.375516 24.653141 18.056770 12.707042 8.585421 5.566863 3.463795 2.068737 1.186860 0.655101 0.348945 0.180470 0.091768 0.047037 0.025411 0.015376 0.010902 0.008984 0.008193 0.007878 0.007757 0.007713 0.007697 0.007691 0.007689 0.007689 0.007688 0.007688 0.007688 0.007688 0.007688 0.007687 0.007685 0.007681 0.007673 0.007656 0.007623 0.007563 0.007458 0.007282 0.007003 0.006582 0.005982 0.005171 0.004138 0.002897 0.001493 0.000000 
50.000000 40.954677 32.373934 24.650866 18.053904 12.703697 8.581708 5.562881 3.459626 2.064444 1.182489 0.650683 0.344500 0.176011 0.087301 0.042566 0.020938 0.010902 0.006428 0.004510 0.003718 0.003404 0.003283 0.003238 0.003222 0.003217 0.003215 0.003214 0.003214 0.003214 0.003214 0.003214 0.003214 0.003214 0.003213 0.003211 0.003207 0.003200 0.003186 0.003160 0.003116 0.003041 0.002923 0.002746 0.002494 0.002154 0.001723 0.001205 0.000621 0.000000 
50.000000 40.954329 32.373255 24.649890 18.052675 12.702263 8.580116 5.561174 3.457839 2.062604 1.180615 0.648789 0.342595 0.174099 0.085386 0.040649 0.019020 0.008984 0.004510 0.002592 0.001800 0.001486 0.001365 0.001320 0.001304 0.001299 0.001297 0.001296 0.001296 0.001296 0.001296 0.001296 0.001296 0.001296 0.001295 0.001295 0.001293 0.001290 0.001284 0.001274 0.001256 0.001225 0.001177 0.001105 0.001003 0.000866 0.000692 0.000484 0.000249 0.000000 
50.000000 40.954185 32.372975 24.649488 18.052168 12.701671 8.579459 5.560469 3.457101 2.061844 1.179842 0.648008 0.341809 0.173311 0.084595 0.039858 0.018229 0.008193 0.003718 0.001800 0.001009 0.000694 0.000573 0.000529 0.000513 0.000507 0.000505 0.000505 0.000504 0.000504 0.000504 0.000504 0.000504 0.000504 0.000504 0.000504 0.000503 0.000502 0.000500 0.000496 0.000488 0.000476 0.000458 0.000429 0.000389 0.000336 0.000268 0.000188 0.000097 0.000000 
50.000000 40.954128 32.372864 24.649327 18.051966 12.701436 8.579197 5.560189 3.456808 2.061542 1.179534 0.647697 0.341496 0.172997 0.084281 0.039544 0.017915 0.007878 0.003404 0.001486 0.000694 0.000379 0.000259 0.000214 0.000198 0.000192 0.000191 0.000190 0.000190 0.000190 0.000190 0.000190 0.000190 0.000190 0.000190 0.000189 0.000189 0.000189 0.000188 0.000186 0.000184 0.000179 0.000172 0.000161 0.000146 0.000126 0.000101 0.000070 0.000036 0.000000 
50.000000 40.954106 32.372821 24.649266 18.051889 12.701345 8.579097 5.560082 3.456695 2.061426 1.179417 0.647578 0.341376 0.172877 0.084161 0.039424 0.017794 0.007758 0.003283 0.001365 0.000574 0.000259 0.000138 0.000093 0.000077 0.000072 0.000070 0.000069 0.000069 0.000069 0.000069 0.000069 0.000069 0.000069 0.000069 0.000069 0.000069 0.000069 0.000069 0.000068 0.000067 0.000065 0.000063 0.000059 0.000053 0.000046 0.000037 0.000026 0.000013 0.000000 
50.000000 40.954098 32.372806 24.649244 18.051860 12.701312 8.579061 5.560042 3.456654 2.061384 1.179374 0.647535 0.341333 0.172833 0.084117 0.039380 0.017750 0.007713 0.003239 0.001321 0.000529 0.000215 0.000094 0.000049 0.000033 0.000028 0.000026 0.000025 0.000025 0.000025 0.000025 0.000025 0.000025 0.000025 0.000025 0.000025 0.000025 0.000025 0.000025 0.000025 0.000024 0.000024 0.000023 0.000021 0.000019 0.000017 0.000013 0.000009 0.000005 0.000000 
50.000000 40.954095 32.372801 24.649236 18.051851 12.701302 8.579049 5.560030 3.456641 2.061371 1.179360 0.647521 0.341319 0.172819 0.084103 0.039365 0.017736 0.007699 0.003225 0.001307 0.000515 0.000201 0.000080 0.000035 0.000019 0.000014 0.000012 0.000011 0.000011 0.000011 0.000011 0.000011 0.000011 0.000011 0.000011 0.000011 0.000011 0.000011 0.000011 0.000011 0.000011 0.000010 0.000010 0.000009 0.000008 0.000007 0.000006 0.000004 0.000002 0.000000 
50.000000 40.954095 32.372801 24.649236 18.051851 12.701302 8.579049 5.560030 3.456641 2.061371 1.179360 0.647521 0.341319 0.172819 0.084103 0.039365 0.017736 0.007699 0.003225 0.001307 0.000515 0.000201 0.000080 0.000035 0.000019 0.000014 0.000012 0.000011 0.000011 0.000011 0.000011 0.000011 0.000011 0.000011 0.000011 0.000011 0.000011 0.000011 0.000011 0.000011 0.000011 0.000010 0.000010 0.000009 0.000008 0.000007 0.000006 0.000004 0.000002 0.000000 
50.000000 40.954098 32.372806 24.649244 18.051860 12.701312 8.579061 5.560042 3.456654 2.061384 1.179374 0.647535 0.341333 0.172833 0.084117 0.039380 0.017750 0.007713 0.003239 0.001321 0.000529 0.000215 0.000094 0.000049 0.000033 0.000028 0.000026 0.000025 0.000025 0.000025 0.000025 0.000025 0.000025 0.000025 0.000025 0.000025 0.000025 0.000025 0.000025 0.000025 0.000024 0.000024 0.000023 0.000021 0.000019 0.000017 0.000013 0.000009 0.000005 0.000000 
50.000000 40.954106 32.372821 24.649266 18.051889 12.701345 8.579097 5.560082 3.456695 2.061426 1.179417 0.647578 0.341376 0.172877 0.084161 0.039424 0.017794 0.007758 0.003283 0.001365 0.000574 0.000259 0.000138 0.000093 0.000077 0.000072 0.000070 0.000069 0.000069 0.000069 0.000069 0.000069 0.000069 0.000069 0.000069 0.000069 0.000069 0.000069 0.000069 0.000068 0.000067 0.000065 0.000063 0.000059 0.000053 0.000046 0.000037 0.000026 0.000013 0.000000 
50.000000 40.954128 32.372864 24.649327 18.051966 12.701436 8.579197 5.560189 3.456808 2.061542 1.179534 0.647697 0.341496 0.172997 0.084281 0.039544 0.017915 0.007878 0.003404 0.001486 0.000694 0.000379 0.000259 0.000214 0.000198 0.000192 0.000191 0.000190 0.000190 0.000190 0.000190 0.000190 0.000190 0.000190 0.000190 0.000189 0.000189 0.000189 0.000188 0.000186 0.000184 0.000179 0.000172 0.000161 0.000146 0.000126 0.000101 0.000070 0.000036 0.000000 
50.000000 40.954185 32.372975 24.649488 18.052168 12.701671 8.579459 5.560469 3.457101 2.061844 1.179842 0.648008 0.341809 0.173311 0.084595 0.039858 0.018229 0.008193 0.003718 0.001800 0.001009 0.000694 0.000573 0.000529 0.000513 0.000507 0.000505 0.000505 0.000504 0.000504 0.000504 0.000504 0.000504 0.000504 0.000504 0.000504 0.000503 0.000502 0.000500 0.000496 0.000488 0.000476 0.000458 0.000429 0.000389 0.000336 0.000268 0.000188 0.000097 0.000000 
50.000000 40.954329 32.373255 24.649890 18.052675 12.702263 8.580116 5.561174 3.457839 2.062604 1.180615 0.648789 0.342595 0.174099 0.085386 0.040649 0.019020 0.008984 0.004510 0.002592 0.001800 0.001486 0.001365 0.001320 0.001304 0.001299 0.001297 0.001296 0.001296 0.001296 0.001296 0.001296 0.001296 0.001296 0.001295 0.001295 0.001293 0.001290 0.001284 0.001274 0.001256 0.001225 0.001177 0.001105 0.001003 0.000866 0.000692 0.000484 0.000249 0.000000 
50.000000 40.954677 32.373934 24.650866 18.053904 12.703697 8.581708 5.562881 3.459626 2.064444 1.182489 0.650683 0.344500 0.176011 0.087301 0.042566 0.020938 0.010902 0.006428 0.004510 0.003718 0.003404 0.003283 0.003238 0.003222 0.003217 0.003215 0.003214 0.003214 0.003214 0.003214 0.003214 0.003214 0.003214 0.003213 0.003211 0.003207 0.003200 0.003186 0.003160 0.003116 0.003041 0.002923 0.002746 0.002494 0.002154 0.001723 0.001205 0.000621 0.000000 
50.000000 40.955489 32.375516 24.653141 18.056770 12.707042 8.585421 5.566863 3.463795 2.068737 1.186860 0.655101 0.348945 0.180470 0.091768 0.047037 0.025411 0.015376 0.010902 0.008984 0.008193 0.007878 0.007757 0.007713 0.007697 0.007691 0.007689 0.007689 0.007688 0.007688 0.007688 0.007688 0.007688 0.007687 0.007685 0.007681 0.007673 0.007656 0.007623 0.007563 0.007458 0.007282 0.007003 0.006582 0.005982 0.005171 0.004138 0.002897 0.001493 0.000000 
50.000000 40.957310 32.379065 24.658243 18.063198 12.714543 8.593748 5.575794 3.473146 2.078366 1.196664 0.665010 0.358915 0.190473 0.101788 0.057066 0.035444 0.025411 0.020938 0.019020 0.018229 0.017914 0.017794 0.017749 0.017733 0.017728 0.017726 0.017725 0.017725 0.017725 0.017725 0.017724 0.017724 0.017722 0.017718 0.017709 0.017690 0.017652 0.017579 0.017444 0.017206 0.016808 0.016173 0.015213 0.013837 0.011973 0.009589 0.006718 0.003464 0.000000 
50.000000 40.961234 32.386709 24.669234 18.077046 12.730705 8.611691 5.595039 3.493296 2.099115 1.217791 0.686364 0.380400 0.212030 0.123382 0.078679 0.057066 0.047037 0.042566 0.040649 0.039858 0.039544 0.039423 0.039379 0.039363 0.039357 0.039355 0.039355 0.039354 0.039354 0.039354 0.039353 0.039352 0.039348 0.039339 0.039321 0.039280 0.039199 0.039042 0.038751 0.038236 0.037370 0.035983 0.033875 0.030841 0.026714 0.021417 0.015017 0.007748 0.000000 
50.000000 40.969346 32.402515 24.691962 18.105681 12.764127 8.648796 5.634838 3.534968 2.142028 1.261487 0.730531 0.424837 0.256615 0.168046 0.123382 0.101788 0.091768 0.087301 0.085386 0.084595 0.084281 0.084160 0.084116 0.084100 0.084094 0.084093 0.084092 0.084092 0.084091 0.084091 0.084090 0.084086 0.084079 0.084061 0.084023 0.083941 0.083775 0.083452 0.082850 0.081782 0.079975 0.077067 0.072625 0.066198 0.057412 0.046084 0.032346 0.016701 0.000000 
50.000000 40.985428 32.433850 24.737019 18.162453 12.830392 8.722366 5.713751 3.617600 2.227122 1.348134 0.818114 0.512957 0.345030 0.256615 0.212030 0.190473 0.180470 0.176011 0.174099 0.173310 0.172997 0.172876 0.172832 0.172816 0.172810 0.172809 0.172808 0.172808 0.172807 0.172806 0.172804 0.172798 0.172783 0.172749 0.172674 0.172515 0.172190 0.171555 0.170367 0.168247 0.164640 0.158800 0.149824 0.136759 0.118787 0.095492 0.067110 0.034681 0.000000 
50.000000 41.015965 32.493349 24.822577 18.270257 12.956225 8.862077 5.863615 3.774529 2.388732 1.512698 0.984457 0.680322 0.512957 0.424837 0.380400 0.358915 0.348945 0.344500 0.342595 0.341809 0.341496 0.341376 0.341332 0.341316 0.341310 0.341308 0.341308 0.341307 0.341307 0.341305 0.341300 0.341289 0.341262 0.341200 0.341062 0.340766 0.340161 0.338971 0.336734 0.332716 0.325835 0.314619 0.297256 0.271793 0.236518 0.190488 0.134084 0.069368 0.000000 
50.000000 41.071441 32.601444 24.978016 18.466119 13.184851 9.115927 6.135922 4.059682 2.682396 1.811737 1.286731 0.984457 0.818114 0.730531 0.686364 0.665010 0.655101 0.650683 0.648789 0.648008 0.647697 0.647578 0.647534 0.647518 0.647512 0.647511 0.647510 0.647509 0.647508 0.647505 0.647497 0.647478 0.647431 0.647322 0.647080 0.646559 0.645486 0.643366 0.639355 0.632103 0.619590 0.599027 0.566925 0.519433 0.453062 0.365739 0.257966 0.133645 0.000000 
50.000000 41.167771 32.789146 25.247936 18.806243 13.581883 9.556776 6.608839 4.554923 3.192432 2.331115 1.811737 1.512698 1.348134 1.261487 1.217791 1.196664 1.186860 1.182489 1.180615 1.179842 1.179534 1.179416 1.179373 1.179357 1.179352 1.179350 1.179349 1.179348 1.179346 1.179341 1.179329 1.179297 1.179219 1.179040 1.178637 1.177767 1.175965 1.172382 1.165558 1.153122 1.131481 1.095587 1.038982 0.954357 0.834821 0.675919 0.478006 0.248099 0.000000 
50.000000 41.327489 33.100362 25.695482 19.370206 14.240225 10.287796 7.393057 5.376180 4.038240 3.192432 2.682396 2.388732 2.227122 2.142028 2.099115 2.078366 2.068737 2.064444 2.062604 2.061844 2.061542 2.061426 2.061383 2.061368 2.061363 2.061361 2.061360 2.061359 2.061356 2.061348 2.061328 2.061279 2.061159 2.060878 2.060246 2.058874 2.056015 2.050293 2.039310 2.019120 1.983641 1.924156 1.829232 1.685503 1.479786 1.202735 0.853554 0.444133 0.000000 
50.000000 41.580092 33.592578 26.403327 20.262199 15.281520 11.444078 8.633516 6.675257 5.376180 4.554923 4.059682 3.774529 3.617600 3.534968 3.493296 3.473146 3.463795 3.459626 3.457839 3.457101 3.456807 3.456695 3.456653 3.456638 3.456633 3.456631 3.456630 3.456629 3.456624 3.456614 3.456585 3.456513 3.456338 3.455926 3.454993 3.452960 3.448694 3.440093 3.423442 3.392539 3.337628 3.244405 3.093548 2.861592 2.524114 2.061979 1.470341 0.767764 0.000000 
50.000000 41.960819 34.334457 27.470227 21.606684 16.851084 13.187006 10.503372 8.633516 7.393057 6.608839 6.135922 5.863615 5.713751 5.634838 5.595039 5.575794 5.566863 5.562881 5.561174 5.560469 5.560189 5.560081 5.560042 5.560027 5.560022 5.560020 5.560019 5.560017 5.560012 5.559997 5.559958 5.559860 5.559621 5.559056 5.557771 5.554951 5.548997 5.536895 5.513253 5.468901 5.389111 5.251686 5.025608 4.671472 4.145590 3.409783 2.447733 1.284704 0.000000 
50.000000 42.507182 35.399104 29.001323 23.536176 19.103638 15.688418 13.187006 11.444078 10.287796 9.556776 9.115927 8.862077 8.722366 8.648796 8.611691 8.593748 8.585421 8.581708 8.580116 8.579459 8.579197 8.579097 8.579060 8.579047 8.579042 8.579040 8.579039 8.579036 8.579029 8.579011 8.578962 8.578839 8.578535 8.577816 8.576171 8.572541 8.564821 8.549002 8.517794 8.458564 8.350530 8.161398 7.844209 7.336089 6.561997 5.448024 3.948871 2.088954 0.000000 
50.000000 43.253084 36.852587 31.091640 26.170444 22.179028 19.103638 16.851084 15.281520 14.240225 13.581883 13.184851 12.956225 12.830392 12.764127 12.730705 12.714543 12.707042 12.703697 12.702263 12.701671 12.701435 12.701345 12.701312 12.701300 12.701295 12.701294 12.701292 12.701289 12.701282 12.701260 12.701204 12.701060 12.700706 12.699864 12.697929 12.693633 12.684432 12.665418 12.627525 12.554721 12.419928 12.179612 11.767549 11.089514 10.023061 8.430667 6.199610 3.321780 0.000000 
50.000000 44.221112 38.738922 33.804491 29.589294 26.170444 23.536176 21.606684 20.262199 19.370206 18.806243 18.466119 18.270257 18.162453 18.105681 18.077046 18.063198 18.056770 18.053904 18.052675 18.052168 18.051966 18.051889 18.051860 18.051850 18.051846 18.051844 18.051843 18.051840 18.051832 18.051809 18.051750 18.051599 18.051225 18.050332 18.048269 18.043666 18.033739 18.013057 17.971422 17.890420 17.738085 17.461095 16.974180 16.147384 14.794647 12.674507 9.529975 5.220683 0.000000 
50.000000 45.414592 41.064593 37.149207 33.804491 31.091640 29.001323 27.470227 26.403327 25.695482 25.247936 24.978016 24.822577 24.737019 24.691962 24.669234 24.658243 24.653141 24.650866 24.649890 24.649488 24.649327 24.649266 24.649243 24.649235 24.649232 24.649231 24.649230 24.649227 24.649219 24.649198 24.649143 24.649003 24.648654 24.647817 24.645878 24.641527 24.632089 24.612277 24.572017 24.492747 24.341348 24.060444 23.553299 22.660973 21.129984 18.574603 14.464436 8.256427 0.000000 
50.000000 46.811685 43.787048 41.064593 38.738922 36.852587 35.399104 34.334457 33.592578 33.100362 32.789146 32.601444 32.493349 32.433850 32.402515 32.386709 32.379065 32.375516 32.373934 32.373255 32.372975 32.372864 32.372821 32.372805 32.372800 32.372798 32.372797 32.372796 32.372794 32.372788 32.372771 32.372729 32.372619 32.372347 32.371692 32.370169 32.366741 32.359265 32.343478 32.311140 32.246809 32.122236 31.886724 31.450233 30.652976 29.208947 26.600157 21.893524 13.544201 0.000000 
50.000000 48.363846 46.811685 45.414592 44.221112 43.253084 42.507182 41.960819 41.580092 41.327489 41.167771 41.071441 41.015965 40.985428 40.969346 40.961234 40.957310 40.955489 40.954677 40.954329 40.954185 40.954128 40.954106 40.954098 40.954095 40.954094 40.954093 40.954093 40.954092 40.954088 40.954079 40.954056 40.953996 40.953846 40.953485 40.952645 40.950747 40.946597 40.937796 40.919672 40.883356 40.812329 40.676115 40.418228 39.931304 39.000430 37.158165 33.267484 24.181923 0.000000 
50.000000 50.000000 50.000000 50.000000 50.000000 50.000000 50.000000 50.000000 50.000000 50.000000 50.000000 50.000000 50.000000 50.000000 50.000000 50.000000 50.000000 50.000000 50.000000 50.000000 50.000000 50.000000 50.000000 50.000000 50.000000 50.000000 50.000000 50.000000 50.000000 50.000000 50.000000 50.000000 50.000000 50.000000 50.000000 50.000000 50.000000 50.000000 50.000000 50.000000 50.000000 50.000000 50.000000 50.000000 50.000000 50.000000 50.000000 50.000000 50.000000 50.000000 
