50.000000 50.000000 50.000000 50.000000 50.000000 50.000000 50.000000 50.000000 50.000000 50.000000 50.000000 50.000000 50.000000 50.000000 50.000000 50.000000 50.000000 50.000000 50.000000 50.000000 50.000000 50.000000 50.000000 50.000000 50.000000 50.000000 50.000000 50.000000 50.000000 50.000000 50.000000 50.000000 50.000000 50.000000 50.000000 50.000000 50.000000 50.000000 50.000000 50.000000 50.000000 50.000000 50.000000 50.000000 50.000000 50.000000 50.000000 50.000000 50.000000 50.000000 
50.000000 39.770626 32.743791 29.243155 27.906902 27.498677 27.395513 27.373398 27.369297 27.368629 27.368532 27.368519 27.368518 27.368518 27.368518 27.368518 27.368518 27.368518 27.368518 27.368518 27.368518 27.368518 27.368518 27.368518 27.368518 27.368518 27.368518 27.368518 27.368518 27.368518 27.368518 27.368518 27.368518 27.368518 27.368518 27.368518 27.368518 27.368518 27.368517 27.368517 27.368511 27.368461 27.368098 27.365715 27.351644 27.277426 26.928609 25.463504 19.885313 0.000000 
50.000000 32.743791 20.894977 14.996127 12.746314 12.059638 11.886280 11.849156 11.842279 11.841160 11.840998 11.840977 11.840974 11.840974 11.840974 11.840974 11.840974 11.840974 11.840974 11.840974 11.840974 11.840974 11.840974 11.840974 11.840974 11.840974 11.840974 11.840974 11.840974 11.840974 11.840974 11.840974 11.840974 11.840974 11.840974 11.840974 11.840974 11.840974 11.840974 11.840973 11.840967 11.840920 11.840577 11.838370 11.825720 11.761963 11.483321 10.447489 7.280287 0.000000 
50.000000 29.243155 14.996127 7.907754 5.206318 4.382499 4.174707 4.130250 4.122023 4.120686 4.120493 4.120467 4.120464 4.120464 4.120464 4.120464 4.120464 4.120464 4.120464 4.120464 4.120464 4.120464 4.120464 4.120464 4.120464 4.120464 4.120464 4.120464 4.120464 4.120464 4.120464 4.120464 4.120464 4.120464 4.120464 4.120464 4.120464 4.120464 4.120464 4.120464 4.120461 4.120435 4.120257 4.119128 4.112801 4.081976 3.953877 3.512807 2.314547 0.000000 
50.000000 27.906902 12.746314 5.206318 2.334114 1.458675 1.237985 1.190796 1.182069 1.180651 1.180446 1.180419 1.180416 1.180416 1.180416 1.180416 1.180416 1.180416 1.180416 1.180416 1.180416 1.180416 1.180416 1.180416 1.180416 1.180416 1.180416 1.180416 1.180416 1.180416 1.180416 1.180416 1.180416 1.180416 1.180416 1.180416 1.180416 1.180416 1.180416 1.180416 1.180414 1.180405 1.180340 1.179934 1.177697 1.167057 1.124341 0.984351 0.629476 0.000000 
50.000000 27.498677 12.059638 4.382499 1.458675 0.567711 0.343162 0.295161 0.286285 0.284844 0.284635 0.284608 0.284605 0.284605 0.284605 0.284605 0.284605 0.284605 0.284605 0.284605 0.284605 0.284605 0.284605 0.284605 0.284605 0.284605 0.284605 0.284605 0.284605 0.284605 0.284605 0.284605 0.284605 0.284605 0.284605 0.284605 0.284605 0.284605 0.284605 0.284605 0.284604 0.284602 0.284584 0.284471 0.283855 0.280978 0.269697 0.233918 0.147033 0.000000 
50.000000 27.395513 11.886280 4.174707 1.237985 0.343162 0.117661 0.069460 0.060548 0.059101 0.058892 0.058865 0.058861 0.058861 0.058861 0.058861 0.058861 0.058861 0.058861 0.058861 0.058861 0.058861 0.058861 0.058861 0.058861 0.058861 0.058861 0.058861 0.058861 0.058861 0.058861 0.058861 0.058861 0.058861 0.058861 0.058861 0.058861 0.058861 0.058861 0.058861 0.058861 0.058860 0.058856 0.058830 0.058692 0.058051 0.055579 0.047910 0.029799 0.000000 
50.000000 27.373398 11.849156 4.130250 1.190796 0.295161 0.069460 0.021217 0.012298 0.010849 0.010640 0.010613 0.010610 0.010610 0.010610 0.010609 0.010609 0.010609 0.010609 0.010609 0.010609 0.010609 0.010609 0.010609 0.010609 0.010609 0.010609 0.010609 0.010609 0.010609 0.010609 0.010609 0.010609 0.010609 0.010609 0.010609 0.010609 0.010609 0.010609 0.010609 0.010609 0.010609 0.010609 0.010604 0.010577 0.010456 0.009993 0.008579 0.005300 0.000000 
50.000000 27.369297 11.842279 4.122023 1.182069 0.286285 0.060548 0.012298 0.003378 0.001929 0.001720 0.001692 0.001689 0.001689 0.001689 0.001689 0.001689 0.001689 0.001689 0.001689 0.001689 0.001689 0.001689 0.001689 0.001689 0.001689 0.001689 0.001689 0.001689 0.001689 0.001689 0.001689 0.001689 0.001689 0.001689 0.001689 0.001689 0.001689 0.001689 0.001689 0.001689 0.001689 0.001689 0.001688 0.001683 0.001664 0.001588 0.001359 0.000836 0.000000 
50.000000 27.368629 11.841160 4.120686 1.180651 0.284844 0.059101 0.010849 0.001929 0.000480 0.000271 0.000244 0.000240 0.000240 0.000240 0.000240 0.000240 0.000240 0.000240 0.000240 0.000240 0.000240 0.000240 0.000240 0.000240 0.000240 0.000240 0.000240 0.000240 0.000240 0.000240 0.000240 0.000240 0.000240 0.000240 0.000240 0.000240 0.000240 0.000240 0.000240 0.000240 0.000240 0.000240 0.000240 0.000239 0.000236 0.000225 0.000193 0.000118 0.000000 
50.000000 27.368532 11.840998 4.120493 1.180446 0.284635 0.058892 0.010640 0.001720 0.000271 0.000061 0.000034 0.000031 0.000031 0.000031 0.000031 0.000031 0.000031 0.000031 0.000031 0.000031 0.000031 0.000031 0.000031 0.000031 0.000031 0.000031 0.000031 0.000031 0.000031 0.000031 0.000031 0.000031 0.000031 0.000031 0.000031 0.000031 0.000031 0.000031 0.000031 0.000031 0.000031 0.000031 0.000031 0.000031 0.000030 0.000029 0.000025 0.000015 0.000000 
50.000000 27.368519 11.840977 4.120467 1.180419 0.284608 0.058865 0.010613 0.001692 0.000244 0.000034 0.000007 0.000004 0.000004 0.000004 0.000004 0.000004 0.000004 0.000004 0.000004 0.000004 0.000004 0.000004 0.000004 0.000004 0.000004 0.000004 0.000004 0.000004 0.000004 0.000004 0.000004 0.000004 0.000004 0.000004 0.000004 0.000004 0.000004 0.000004 0.000004 0.000004 0.000004 0.000004 0.000004 0.000004 0.000004 0.000003 0.000003 0.000002 0.000000 
50.000000 27.368518 11.840974 4.120464 1.180416 0.284605 0.058861 0.010610 0.001689 0.000240 0.000031 0.000004 0.000001 0.000000 0.000000 0.000000 0.000000 0.000000 0.000000 0.000000 0.000000 0.000000 0.000000 0.000000 0.000000 0.000000 0.000000 0.000000 0.000000 0.000000 0.000000 0.000000 0.000000 0.000000 0.000000 0.000000 0.000000 0.000000 0.000000 0.000000 0.000000 0.000000 0.000000 0.000000 0.000000 0.000000 0.000000 0.000000 0.000000 0.000000 
50.000000 27.368518 11.840974 4.120464 1.180416 0.284605 0.058861 0.010610 0.001689 0.000240 0.000031 0.000004 0.000000 0.000000 0.000000 0.000000 0.000000 0.000000 0.000000 0.000000 0.000000 0.000000 0.000000 0.000000 0.000000 0.000000 0.000000 0.000000 0.000000 0.000000 0.000000 0.000000 0.000000 0.000000 0.000000 0.000000 0.000000 0.000000 0.000000 0.000000 0.000000 0.000000 0.000000 0.000000 0.000000 0.000000 0.000000 0.000000 0.000000 0.000000 
50.000000 27.368518 11.840974 4.120464 1.180416 0.284605 0.058861 0.010610 0.001689 0.000240 0.000031 0.000004 0.000000 0.000000 0.000000 0.000000 0.000000 0.000000 0.000000 0.000000 0.000000 0.000000 0.000000 0.000000 0.000000 0.000000 0.000000 0.000000 0.000000 0.000000 0.000000 0.000000 0.000000 0.000000 0.000000 0.000000 0.000000 0.000000 0.000000 0.000000 0.000000 0.000000 0.000000 0.000000 0.000000 0.000000 0.000000 0.000000 0.000000 0.000000 
50.000000 27.368518 11.840974 4.120464 1.180416 0.284605 0.058861 0.010609 0.001689 0.000240 0.000031 0.000004 0.000000 0.000000 0.000000 0.000000 0.000000 0.000000 0.000000 0.000000 0.000000 0.000000 0.000000 0.000000 0.000000 0.000000 0.000000 0.000000 0.000000 0.000000 0.000000 0.000000 0.000000 0.000000 0.000000 0.000000 0.000000 0.000000 0.000000 0.000000 0.000000 0.000000 0.000000 0.000000 0.000000 0.000000 0.000000 0.000000 0.000000 0.000000 
50.000000 27.368518 11.840974 4.120464 1.180416 0.284605 0.058861 0.010609 0.001689 0.000240 0.000031 0.000004 0.000000 0.000000 0.000000 0.000000 0.000000 0.000000 0.000000 0.000000 0.000000 0.000000 0.000000 0.000000 0.000000 0.000000 0.000000 0.000000 0.000000 0.000000 0.000000 0.000000 0.000000 0.000000 0.000000 0.000000 0.000000 0.000000 0.000000 0.000000 0.000000 0.000000 0.000000 0.000000 0.000000 0.000000 0.000000 0.000000 0.000000 0.000000 
50.000000 27.368518 11.840974 4.120464 1.180416 0.284605 0.058861 0.010609 0.001689 0.000240 0.000031 0.000004 0.000000 0.000000 0.000000 0.000000 0.000000 0.000000 0.000000 0.000000 0.000000 0.000000 0.000000 0.000000 0.000000 0.000000 0.000000 0.000000 0.000000 0.000000 0.000000 0.000000 0.000000 0.000000 0.000000 0.000000 0.000000 0.000000 0.000000 0.000000 0.000000 0.000000 0.000000 0.000000 0.000000 0.000000 0.000000 0.000000 0.000000 0.000000 
50.000000 27.368518 11.840974 4.120464 1.180416 0.284605 0.058861 0.010609 0.001689 0.000240 0.000031 0.000004 0.000000 0.000000 0.000000 0.000000 0.000000 0.000000 0.000000 0.000000 0.000000 0.000000 0.000000 0.000000 0.000000 0.000000 0.000000 0.000000 0.000000 0.000000 0.000000 0.000000 0.000000 0.000000 0.000000 0.000000 0.000000 0.000000 0.000000 0.000000 0.000000 0.000000 0.000000 0.000000 0.000000 0.000000 0.000000 0.000000 0.000000 0.000000 
50.000000 27.368518 11.840974 4.120464 1.180416 0.284605 0.058861 0.010609 0.001689 0.000240 0.000031 0.000004 0.000000 0.000000 0.000000 0.000000 0.000000 0.000000 0.000000 0.000000 0.000000 0.000000 0.000000 0.000000 0.000000 0.000000 0.000000 0.000000 0.000000 0.000000 0.000000 0.000000 0.000000 0.000000 0.000000 0.000000 0.000000 0.000000 0.000000 0.000000 0.000000 0.000000 0.000000 0.000000 0.000000 0.000000 0.000000 0.000000 0.000000 0.000000 
50.000000 27.368518 11.840974 4.120464 1.180416 0.284605 0.058861 0.010609 0.001689 0.000240 0.000031 0.000004 0.000000 0.000000 0.000000 0.000000 0.000000 0.000000 0.000000 0.000000 0.000000 0.000000 0.000000 0.000000 0.000000 0.000000 0.000000 0.000000 0.000000 0.000000 0.000000 0.000000 0.000000 0.000000 0.000000 0.000000 0.000000 0.000000 0.000000 0.000000 0.000000 0.000000 0.000000 0.000000 0.000000 0.000000 0.000000 0.000000 0.000000 0.000000 
50.000000 27.368518 11.840974 4.120464 1.180416 0.284605 0.058861 0.010609 0.001689 0.000240 0.000031 0.000004 0.000000 0.000000 0.000000 0.000000 0.000000 0.000000 0.000000 0.000000 0.000000 0.000000 0.000000 0.000000 0.000000 0.000000 0.000000 0.000000 0.000000 0.000000 0.000000 0.000000 0.000000 0.000000 0.000000 0.000000 0.000000 0.000000 0.000000 0.000000 0.000000 0.000000 0.000000 0.000000 0.000000 0.000000 0.000000 0.000000 0.000000 0.000000 
50.000000 27.368518 11.840974 4.120464 1.180416 0.284605 0.058861 0.010609 0.001689 0.000240 0.000031 0.000004 0.000000 0.000000 0.000000 0.000000 0.000000 0.000000 0.000000 0.000000 0.000000 0.000000 0.000000 0.000000 0.000000 0.000000 0.000000 0.000000 0.000000 0.000000 0.000000 0.000000 0.000000 0.000000 0.000000 0.000000 0.000000 0.000000 0.000000 0.000000 0.000000 0.000000 0.000000 0.000000 0.000000 0.000000 0.000000 0.000000 0.000000 0.000000 
50.000000 27.368518 11.840974 4.120464 1.180416 0.284605 0.058861 0.010609 0.001689 0.000240 0.000031 0.000004 0.000000 0.000000 0.000000 0.000000 0.000000 0.000000 0.000000 0.000000 0.000000 0.000000 0.000000 0.000000 0.000000 0.000000 0.000000 0.000000 0.000000 0.000000 0.000000 0.000000 0.000000 0.000000 0.000000 0.000000 0.000000 0.000000 0.000000 0.000000 0.000000 0.000000 0.000000 0.000000 0.000000 0.000000 0.000000 0.000000 0.000000 0.000000 
50.000000 27.368518 11.840974 4.120464 1.180416 0.284605 0.058861 0.010609 0.001689 0.000240 0.000031 0.000004 0.000000 0.000000 0.000000 0.000000 0.000000 0.000000 0.000000 0.000000 0.000000 0.000000 0.000000 0.000000 0.000000 0.000000 0.000000 0.000000 0.000000 0.000000 0.000000 0.000000 0.000000 0.000000 0.000000 0.000000 0.000000 0.000000 0.000000 0.000000 0.000000 0.000000 0.000000 0.000000 0.000000 0.000000 0.000000 0.000000 0.000000 0.000000 
50.000000 27.368518 11.840974 4.120464 1.180416 0.284605 0.058861 0.010609 0.001689 0.000240 0.000031 0.000004 0.000000 0.000000 0.000000 0.000000 0.000000 0.000000 0.000000 0.000000 0.000000 0.000000 0.000000 0.000000 0.000000 0.000000 0.000000 0.000000 0.000000 0.000000 0.000000 0.000000 0.000000 0.000000 0.000000 0.000000 0.000000 0.000000 0.000000 0.000000 0.000000 0.000000 0.000000 0.000000 0.000000 0.000000 0.000000 0.000000 0.000000 0.000000 
50.000000 27.368518 11.840974 4.120464 1.180416 0.284605 0.058861 0.010609 0.001689 0.000240 0.000031 0.000004 0.000000 0.000000 0.000000 0.000000 0.000000 0.000000 0.000000 0.000000 0.000000 0.000000 0.000000 0.000000 0.000000 0.000000 0.000000 0.000000 0.000000 0.000000 0.000000 0.000000 0.000000 0.000000 0.000000 0.000000 0.000000 0.000000 0.000000 0.000000 0.000000 0.000000 0.000000 0.000000 0.000000 0.000000 0.000000 0.000000 0.000000 0.000000 
50.000000 27.368518 11.840974 4.120464 1.180416 0.284605 0.058861 0.010609 0.001689 0.000240 0.000031 0.000004 0.000000 0.000000 0.000000 0.000000 0.000000 0.000000 0.000000 0.000000 0.000000 0.000000 0.000000 0.000000 0.000000 0.000000 0.000000 0.000000 0.000000 0.000000 0.000000 0.000000 0.000000 0.000000 0.000000 0.000000 0.000000 0.000000 0.000000 0.000000 0.000000 0.000000 0.000000 0.000000 0.000000 0.000000 0.000000 0.000000 0.000000 0.000000 
50.000000 27.368518 11.840974 4.120464 1.180416 0.284605 0.058861 0.010609 0.001689 0.000240 0.000031 0.000004 0.000000 0.000000 0.000000 0.000000 0.000000 0.000000 0.000000 0.000000 0.000000 0.000000 0.000000 0.000000 0.000000 0.000000 0.000000 0.000000 0.000000 0.000000 0.000000 0.000000 0.000000 0.000000 0.000000 0.000000 0.000000 0.000000 0.000000 0.000000 0.000000 0.000000 0.000000 0.000000 0.000000 0.000000 0.000000 0.000000 0.000000 0.000000 
50.000000 27.368518 11.840974 4.120464 1.180416 0.284605 0.058861 0.010609 0.001689 0.000240 0.000031 0.000004 0.000000 0.000000 0.000000 0.000000 0.000000 0.000000 0.000000 0.000000 0.000000 0.000000 0.000000 0.000000 0.000000 0.000000 0.000000 0.000000 0.000000 0.000000 0.000000 0.000000 0.000000 0.000000 0.000000 0.000000 0.000000 0.000000 0.000000 0.000000 0.000000 0.000000 0.000000 0.000000 0.000000 0.000000 0.000000 0.000000 0.000000 0.000000 
50.000000 27.368518 11.840974 4.120464 1.180416 0.284605 0.058861 0.010609 0.001689 0.000240 0.000031 0.000004 0.000000 0.000000 0.000000 0.000000 0.000000 0.000000 0.000000 0.000000 0.000000 0.000000 0.000000 0.000000 0.000000 0.000000 0.000000 0.000000 0.000000 0.000000 0.000000 0.000000 0.000000 0.000000 0.000000 0.000000 0.000000 0.000000 0.000000 0.000000 0.000000 0.000000 0.000000 0.000000 0.000000 0.000000 0.000000 0.000000 0.000000 0.000000 
50.000000 27.368518 11.840974 4.120464 1.180416 0.284605 0.058861 0.010609 0.001689 0.000240 0.000031 0.000004 0.000000 0.000000 0.000000 0.000000 0.000000 0.000000 0.000000 0.000000 0.000000 0.000000 0.000000 0.000000 0.000000 0.000000 0.000000 0.000000 0.000000 0.000000 0.000000 0.000000 0.000000 0.000000 0.000000 0.000000 0.000000 0.000000 0.000000 0.000000 0.000000 0.000000 0.000000 0.000000 0.000000 0.000000 0.000000 0.000000 0.000000 0.000000 
50.000000 27.368518 11.840974 4.120464 1.180416 0.284605 0.058861 0.010609 0.001689 0.000240 0.000031 0.000004 0.000000 0.000000 0.000000 0.000000 0.000000 0.000000 0.000000 0.000000 0.000000 0.000000 0.000000 0.000000 0.000000 0.000000 0.000000 0.000000 0.000000 0.000000 0.000000 0.000000 0.000000 0.000000 0.000000 0.000000 0.000000 0.000000 0.000000 0.000000 0.000000 0.000000 0.000000 0.000000 0.000000 0.000000 0.000000 0.000000 0.000000 0.000000 
50.000000 27.368518 11.840974 4.120464 1.180416 0.284605 0.058861 0.010609 0.001689 0.000240 0.000031 0.000004 0.000000 0.000000 0.000000 0.000000 0.000000 0.000000 0.000000 0.000000 0.000000 0.000000 0.000000 0.000000 0.000000 0.000000 0.000000 0.000000 0.000000 0.000000 0.000000 0.000000 0.000000 0.000000 0.000000 0.000000 0.000000 0.000000 0.000000 0.000000 0.000000 0.000000 0.000000 0.000000 0.000000 0.000000 0.000000 0.000000 0.000000 0.000000 
50.000000 27.368518 11.840974 4.120464 1.180416 0.284605 0.058861 0.010609 0.001689 0.000240 0.000031 0.000004 0.000000 0.000000 0.000000 0.000000 0.000000 0.000000 0.000000 0.000000 0.000000 0.000000 0.000000 0.000000 0.000000 0.000000 0.000000 0.000000 0.000000 0.000000 0.000000 0.000000 0.000000 0.000000 0.000000 0.000000 0.000000 0.000000 0.000000 0.000000 0.000000 0.000000 0.000000 0.000000 0.000000 0.000000 0.000000 0.000000 0.000000 0.000000 
50.000000 27.368518 11.840974 4.120464 1.180416 0.284605 0.058861 0.010610 0.001689 0.000240 0.000031 0.000004 0.000000 0.000000 0.000000 0.000000 0.000000 0.000000 0.000000 0.000000 0.000000 0.000000 0.000000 0.000000 0.000000 0.000000 0.000000 0.000000 0.000000 0.000000 0.000000 0.000000 0.000000 0.000000 0.000000 0.000000 0.000000 0.000000 0.000000 0.000000 0.000000 0.000000 0.000000 0.000000 0.000000 0.000000 0.000000 0.000000 0.000000 0.000000 
50.000000 27.368518 11.840974 4.120464 1.180416 0.284605 0.058861 0.010610 0.001689 0.000240 0.000031 0.000004 0.000000 0.000000 0.000000 0.000000 0.000000 0.000000 0.000000 0.000000 0.000000 0.000000 0.000000 0.000000 0.000000 0.000000 0.000000 0.000000 0.000000 0.000000 0.000000 0.000000 0.000000 0.000000 0.000000 0.000000 0.000000 0.000000 0.000000 0.000000 0.000000 0.000000 0.000000 0.000000 0.000000 0.000000 0.000000 0.000000 0.000000 0.000000 
50.000000 27.368518 11.840974 4.120464 1.180416 0.284605 0.058861 0.010610 0.001689 0.000240 0.000031 0.000004 0.000001 0.000000 0.000000 0.000000 0.000000 0.000000 0.000000 0.000000 0.000000 0.000000 0.000000 0.000000 0.000000 0.000000 0.000000 0.000000 0.000000 0.000000 0.000000 0.000000 0.000000 0.000000 0.000000 0.000000 0.000000 0.000000 0.000000 0.000000 0.000000 0.000000 0.000000 0.000000 0.000000 0.000000 0.000000 0.000000 0.000000 0.000000 
50.000000 27.368519 11.840977 4.120467 1.180419 0.284608 0.058865 0.010613 0.001692 0.000244 0.000034 0.000007 0.000004 0.000004 0.000004 0.000004 0.000004 0.000004 0.000004 0.000004 0.000004 0.000004 0.000004 0.000004 0.000004 0.000004 0.000004 0.000004 0.000004 0.000004 0.000004 0.000004 0.000004 0.000004 0.000004 0.000004 0.000004 0.000004 0.000004 0.000004 0.000004 0.000004 0.000004 0.000004 0.000004 0.000004 0.000003 0.000003 0.000002 0.000000 
50.000000 27.368532 11.840998 4.120493 1.180446 0.284635 0.058892 0.010640 0.001720 0.000271 0.000061 0.000034 0.000031 0.000031 0.000031 0.000031 0.000031 0.000031 0.000031 0.000031 0.000031 0.000031 0.000031 0.000031 0.000031 0.000031 0.000031 0.000031 0.000031 0.000031 0.000031 0.000031 0.000031 0.000031 0.000031 0.000031 0.000031 0.000031 0.000031 0.000031 0.000031 0.000031 0.000031 0.000031 0.000031 0.000030 0.000029 0.000025 0.000015 0.000000 
50.000000 27.368629 11.841160 4.120686 1.180651 0.284844 0.059101 0.010849 0.001929 0.000480 0.000271 0.000244 0.000240 0.000240 0.000240 0.000240 0.000240 0.000240 0.000240 0.000240 0.000240 0.000240 0.000240 0.000240 0.000240 0.000240 0.000240 0.000240 0.000240 0.000240 0.000240 0.000240 0.000240 0.000240 0.000240 0.000240 0.000240 0.000240 0.000240 0.000240 0.000240 0.000240 0.000240 0.000240 0.000239 0.000236 0.000225 0.000193 0.000118 0.000000 
50.000000 27.369297 11.842279 4.122023 1.182069 0.286285 0.060548 0.012298 0.003378 0.001929 0.001720 0.001692 0.001689 0.001689 0.001689 0.001689 0.001689 0.001689 0.001689 0.001689 0.001689 0.001689 0.001689 0.001689 0.001689 0.001689 0.001689 0.001689 0.001689 0.001689 0.001689 0.001689 0.001689 0.001689 0.001689 0.001689 0.001689 0.001689 0.001689 0.001689 0.001689 0.001689 0.001689 0.001688 0.001683 0.001664 0.001588 0.001359 0.000836 0.000000 
50.000000 27.373398 11.849156 4.130250 1.190796 0.295161 0.069460 0.021217 0.012298 0.010849 0.010640 0.010613 0.010610 0.010610 0.010610 0.010609 0.010609 0.010609 0.010609 0.010609 0.010609 0.010609 0.010609 0.010609 0.010609 0.010609 0.010609 0.010609 0.010609 0.010609 0.010609 0.010609 0.010609 0.010609 0.010609 0.010609 0.010609 0.010609 0.010609 0.010609 0.010609 0.010609 0.010609 0.010604 0.010577 0.010456 0.009993 0.008579 0.005300 0.000000 
50.000000 27.395513 11.886280 4.174707 1.237985 0.343162 0.117661 0.069460 0.060548 0.059101 0.058892 0.058865 0.058861 0.058861 0.058861 0.058861 0.058861 0.058861 0.058861 0.058861 0.058861 0.058861 0.058861 0.058861 0.058861 0.058861 0.058861 0.058861 0.058861 0.058861 0.058861 0.058861 0.058861 0.058861 0.058861 0.058861 0.058861 0.058861 0.058861 0.058861 0.058861 0.058860 0.058856 0.058830 0.058692 0.058051 0.055579 0.047910 0.029799 0.000000 
50.000000 27.498677 12.059638 4.382499 1.458675 0.567711 0.343162 0.295161 0.286285 0.284844 0.284635 0.284608 0.284605 0.284605 0.284605 0.284605 0.284605 0.284605 0.284605 0.284605 0.284605 0.284605 0.284605 0.284605 0.284605 0.284605 0.284605 0.284605 0.284605 0.284605 0.284605 0.284605 0.284605 0.284605 0.284605 0.284605 0.284605 0.284605 0.284605 0.284605 0.284604 0.284602 0.284584 0.284471 0.283855 0.280978 0.269697 0.233918 0.147033 0.000000 
50.000000 27.906902 12.746314 5.206318 2.334114 1.458675 1.237985 1.190796 1.182069 1.180651 1.180446 1.180419 1.180416 1.180416 1.180416 1.180416 1.180416 1.180416 1.180416 1.180416 1.180416 1.180416 1.180416 1.180416 1.180416 1.180416 1.180416 1.180416 1.180416 1.180416 1.180416 1.180416 1.180416 1.180416 1.180416 1.180416 1.180416 1.180416 1.180416 1.180416 1.180414 1.180405 1.180340 1.179934 1.177697 1.167057 1.124341 0.984351 0.629476 0.000000 
50.000000 29.243155 14.996127 7.907754 5.206318 4.382499 4.174707 4.130250 4.122023 4.120686 4.120493 4.120467 4.120464 4.120464 4.120464 4.120464 4.120464 4.120464 4.120464 4.120464 4.120464 4.120464 4.120464 4.120464 4.120464 4.120464 4.120464 4.120464 4.120464 4.120464 4.120464 4.120464 4.120464 4.120464 4.120464 4.120464 4.120464 4.120464 4.120464 4.120464 4.120461 4.120435 4.120257 4.119128 4.112801 4.081976 3.953877 3.512807 2.314547 0.000000 
50.000000 32.743791 20.894977 14.996127 12.746314 12.059638 11.886280 11.849156 11.842279 11.841160 11.840998 11.840977 11.840974 11.840974 11.840974 11.840974 11.840974 11.840974 11.840974 11.840974 11.840974 11.840974 11.840974 11.840974 11.840974 11.840974 11.840974 11.840974 11.840974 11.840974 11.840974 11.840974 11.840974 11.840974 11.840974 11.840974 11.840974 11.840974 11.840974 11.840973 11.840967 11.840920 11.840577 11.838370 11.825720 11.761963 11.483321 10.447489 7.280287 0.000000 
50.000000 39.770626 32.743791 29.243155 27.906902 27.498677 27.395513 27.373398 27.369297 27.368629 27.368532 27.368519 27.368518 27.368518 27.368518 27.368518 27.368518 27.368518 27.368518 27.368518 27.368518 27.368518 27.368518 27.368518 27.368518 27.368518 27.368518 27.368518 27.368518 27.368518 27.368518 27.368518 27.368518 27.368518 27.368518 27.368518 27.368518 27.368518 27.368517 27.368517 27.368511 27.368461 27.368098 27.365715 27.351644 27.277426 26.928609 25.463504 19.885313 0.000000 
50.000000 50.000000 50.000000 50.000000 50.000000 50.000000 50.000000 50.000000 50.000000 50.000000 50.000000 50.000000 50.000000 50.000000 50.000000 50.000000 50.000000 50.000000 50.000000 50.000000 50.000000 50.000000 50.000000 50.000000 50.000000 50.000000 50.000000 50.000000 50.000000 50.000000 50.000000 50.000000 50.000000 50.000000 50.000000 50.000000 50.000000 50.000000 50.000000 50.000000 50.000000 50.000000 50.000000 50.000000 50.000000 50.000000 50.000000 50.000000 50.000000 50.000000 
