50.000000 50.000000 50.000000 50.000000 50.000000 50.000000 50.000000 50.000000 50.000000 50.000000 50.000000 50.000000 50.000000 50.000000 50.000000 50.000000 50.000000 50.000000 50.000000 50.000000 50.000000 50.000000 50.000000 50.000000 50.000000 50.000000 50.000000 50.000000 50.000000 50.000000 50.000000 50.000000 50.000000 50.000000 50.000000 50.000000 50.000000 50.000000 50.000000 50.000000 50.000000 50.000000 50.000000 50.000000 50.000000 50.000000 50.000000 50.000000 50.000000 50.000000 
50.000000 48.280802 46.654331 45.198334 43.964621 42.974653 42.221897 41.679092 41.307586 41.066021 40.916641 40.828696 40.779348 40.752926 40.739412 40.732801 40.729704 40.728314 40.727715 40.727467 40.727368 40.727331 40.727317 40.727312 40.727310 40.727309 40.727309 40.727309 40.727308 40.727306 40.727300 40.727284 40.727241 40.727131 40.726858 40.726199 40.724668 40.721224 40.713722 40.697882 40.665396 40.600493 40.473599 40.229204 39.760840 38.854209 37.041992 33.186624 24.140401 0.000000 
50.000000 46.654331 43.489122 40.655674 38.254813 36.328306 34.863430 33.807133 33.084191 32.614118 32.323436 32.152304 32.056279 32.004866 31.978570 31.965707 31.959682 31.956977 31.955812 31.955329 31.955137 31.955064 31.955037 31.955027 31.955024 31.955023 31.955022 31.955022 31.955020 31.955016 31.955006 31.954977 31.954899 31.954700 31.954205 31.953018 31.950264 31.944089 31.930693 31.902562 31.845287 31.731994 31.513651 31.102012 30.338946 28.939577 26.386139 21.744561 13.467708 0.000000 
50.000000 45.198334 40.655674 36.589173 33.143538 30.378708 28.276417 26.760511 25.723027 25.048444 24.631306 24.385733 24.247941 24.174168 24.136435 24.117978 24.109334 24.105453 24.103781 24.103090 24.102814 24.102709 24.102670 24.102656 24.102651 24.102649 24.102649 24.102648 24.102646 24.102642 24.102628 24.102591 24.102492 24.102238 24.101611 24.100110 24.096643 24.088904 24.072222 24.037464 23.967423 23.830778 23.572334 23.097702 22.250106 20.777548 18.294586 14.269535 8.156343 0.000000 
50.000000 43.964621 38.254813 33.143538 28.812686 25.337590 22.695276 20.790011 19.486078 18.638268 18.114027 17.805410 17.632249 17.539542 17.492128 17.468936 17.458074 17.453198 17.451098 17.450229 17.449883 17.449750 17.449701 17.449684 17.449678 17.449676 17.449675 17.449674 17.449672 17.449667 17.449653 17.449613 17.449508 17.449239 17.448576 17.446996 17.443365 17.435309 17.418073 17.382497 17.311660 17.175578 16.923326 16.472227 15.694708 14.406343 12.365991 9.315235 5.110411 0.000000 
50.000000 42.974653 36.328306 30.378708 25.337590 21.292632 18.217074 15.999462 14.481800 13.495051 12.884916 12.525746 12.324228 12.216343 12.161168 12.134181 12.121543 12.115869 12.113426 12.112414 12.112012 12.111858 12.111801 12.111780 12.111773 12.111771 12.111770 12.111769 12.111768 12.111763 12.111749 12.111712 12.111613 12.111362 12.110745 12.109282 12.105937 12.098567 12.082924 12.050960 11.988104 11.869217 11.653115 11.276112 10.646316 9.642882 8.128602 5.989359 3.213813 0.000000 
50.000000 42.221897 34.863430 28.276417 22.695276 18.217074 14.812164 12.357129 10.677024 9.584689 8.909288 8.511710 8.288651 8.169238 8.108170 8.078302 8.064315 8.058037 8.055332 8.054213 8.053768 8.053597 8.053534 8.053512 8.053504 8.053501 8.053500 8.053500 8.053498 8.053494 8.053482 8.053451 8.053367 8.053155 8.052636 8.051412 8.048629 8.042540 8.029724 8.003798 7.953432 7.859573 7.692022 7.406082 6.940962 6.223049 5.178715 3.761418 1.992693 0.000000 
50.000000 41.679092 33.807133 26.760511 20.790011 15.999462 12.357129 9.730958 7.933779 6.765358 6.042933 5.617688 5.379114 5.251400 5.186090 5.154148 5.139190 5.132477 5.129585 5.128388 5.127912 5.127730 5.127662 5.127638 5.127630 5.127627 5.127626 5.127626 5.127625 5.127621 5.127612 5.127587 5.127522 5.127358 5.126958 5.126018 5.123895 5.119280 5.109648 5.090349 5.053286 4.985153 4.865479 4.665107 4.346347 3.866685 3.188178 2.293482 1.205492 0.000000 
50.000000 41.307586 33.084191 25.723027 19.486078 14.481800 10.677024 7.933779 6.056521 4.836065 4.081487 3.637328 3.388150 3.254764 3.186555 3.153197 3.137576 3.130565 3.127546 3.126296 3.125799 3.125609 3.125538 3.125513 3.125505 3.125502 3.125501 3.125500 3.125499 3.125497 3.125490 3.125472 3.125426 3.125308 3.125022 3.124354 3.122852 3.119612 3.112899 3.099572 3.074247 3.028260 2.948626 2.817451 2.612583 2.310500 1.892249 1.352197 0.707093 0.000000 
50.000000 41.066021 32.614118 25.048444 18.638268 13.495051 9.584689 6.765358 4.836065 3.581804 2.806341 2.349899 2.093837 1.956769 1.886679 1.852402 1.836352 1.829148 1.826046 1.824762 1.824251 1.824056 1.823984 1.823958 1.823949 1.823946 1.823945 1.823945 1.823944 1.823942 1.823938 1.823926 1.823894 1.823816 1.823625 1.823182 1.822191 1.820066 1.815697 1.807094 1.790902 1.761818 1.712072 1.631256 1.506947 1.326607 1.081021 0.768831 0.400625 0.000000 
50.000000 40.916641 32.323436 24.631306 18.114027 12.884916 8.909288 6.042933 4.081487 2.806341 2.017979 1.553952 1.293640 1.154300 1.083049 1.048206 1.031891 1.024568 1.021415 1.020110 1.019591 1.019392 1.019318 1.019292 1.019283 1.019280 1.019279 1.019279 1.019278 1.019277 1.019275 1.019267 1.019247 1.019198 1.019078 1.018803 1.018189 1.016881 1.014210 1.008989 0.999247 0.981914 0.952584 0.905490 0.833956 0.731530 0.593843 0.420873 0.218759 0.000000 
50.000000 40.828696 32.152304 24.385733 17.805410 12.525746 8.511710 5.617688 3.637328 2.349899 1.553952 1.085467 0.822658 0.681982 0.610051 0.574874 0.558404 0.551012 0.547828 0.546511 0.545987 0.545786 0.545712 0.545686 0.545676 0.545673 0.545672 0.545672 0.545672 0.545671 0.545669 0.545665 0.545653 0.545624 0.545554 0.545392 0.545034 0.544275 0.542734 0.539742 0.534202 0.524429 0.508040 0.481986 0.442822 0.387337 0.313512 0.221611 0.114974 0.000000 
50.000000 40.779348 32.056279 24.247941 17.632249 12.324228 8.288651 5.379114 3.388150 2.093837 1.293640 0.822658 0.558449 0.417026 0.344713 0.309351 0.292793 0.285362 0.282162 0.280838 0.280311 0.280109 0.280035 0.280008 0.279999 0.279996 0.279995 0.279995 0.279994 0.279994 0.279993 0.279991 0.279984 0.279968 0.279929 0.279839 0.279641 0.279224 0.278383 0.276758 0.273771 0.268538 0.259834 0.246111 0.225661 0.196940 0.159037 0.112191 0.058124 0.000000 
50.000000 40.752926 32.004866 24.174168 17.539542 12.216343 8.169238 5.251400 3.254764 1.956769 1.154300 0.681982 0.417026 0.275205 0.202688 0.167226 0.150622 0.143170 0.139961 0.138633 0.138105 0.137903 0.137828 0.137801 0.137792 0.137789 0.137788 0.137788 0.137788 0.137788 0.137787 0.137786 0.137782 0.137774 0.137753 0.137706 0.137602 0.137385 0.136948 0.136110 0.134578 0.131911 0.127506 0.120609 0.110406 0.096177 0.077525 0.054602 0.028258 0.000000 
50.000000 40.739412 31.978570 24.136435 17.492128 12.161168 8.108170 5.186090 3.186555 1.886679 1.083049 0.610051 0.344713 0.202688 0.130067 0.094555 0.077927 0.070465 0.067251 0.065921 0.065392 0.065190 0.065115 0.065088 0.065079 0.065076 0.065075 0.065075 0.065075 0.065075 0.065074 0.065074 0.065072 0.065067 0.065057 0.065034 0.064982 0.064874 0.064659 0.064247 0.063497 0.062201 0.060071 0.056758 0.051886 0.045131 0.036325 0.025552 0.013212 0.000000 
50.000000 40.732801 31.965707 24.117978 17.468936 12.134181 8.078302 5.154148 3.153197 1.852402 1.048206 0.574874 0.309351 0.167226 0.094555 0.059017 0.042378 0.034911 0.031695 0.030364 0.029835 0.029632 0.029557 0.029531 0.029521 0.029518 0.029517 0.029517 0.029517 0.029517 0.029517 0.029517 0.029516 0.029514 0.029509 0.029497 0.029473 0.029422 0.029320 0.029127 0.028777 0.028175 0.027190 0.025666 0.023436 0.020360 0.016367 0.011501 0.005943 0.000000 
50.000000 40.729704 31.959682 24.109334 17.458074 12.121543 8.064315 5.139190 3.137576 1.836352 1.031891 0.558404 0.292793 0.150622 0.077927 0.042378 0.025734 0.018264 0.015047 0.013716 0.013186 0.012984 0.012909 0.012882 0.012873 0.012870 0.012869 0.012869 0.012869 0.012869 0.012868 0.012868 0.012868 0.012867 0.012865 0.012860 0.012849 0.012825 0.012780 0.012693 0.012537 0.012268 0.011832 0.011160 0.010181 0.008835 0.007096 0.004982 0.002573 0.000000 
50.000000 40.728314 31.956977 24.105453 17.453198 12.115869 8.058037 5.132477 3.130565 1.829148 1.024568 0.551012 0.285362 0.143170 0.070465 0.034911 0.018264 0.010793 0.007575 0.006244 0.005715 0.005512 0.005437 0.005410 0.005401 0.005398 0.005397 0.005397 0.005397 0.005397 0.005397 0.005397 0.005396 0.005396 0.005395 0.005393 0.005388 0.005378 0.005358 0.005321 0.005254 0.005140 0.004954 0.004669 0.004256 0.003691 0.002962 0.002078 0.001073 0.000000 
50.000000 40.727715 31.955812 24.103781 17.451098 12.113426 8.055332 5.129585 3.127546 1.826046 1.021415 0.547828 0.282162 0.139961 0.067251 0.031695 0.015047 0.007575 0.004358 0.003026 0.002497 0.002294 0.002219 0.002192 0.002183 0.002180 0.002179 0.002179 0.002179 0.002179 0.002179 0.002179 0.002179 0.002179 0.002178 0.002177 0.002175 0.002171 0.002163 0.002148 0.002120 0.002073 0.001997 0.001881 0.001714 0.001485 0.001191 0.000835 0.000431 0.000000 
50.000000 40.727467 31.955329 24.103090 17.450229 12.112414 8.054213 5.128388 3.126296 1.824762 1.020110 0.546511 0.280838 0.138633 0.065921 0.030364 0.013716 0.006244 0.003026 0.001695 0.001166 0.000963 0.000888 0.000861 0.000852 0.000849 0.000848 0.000848 0.000848 0.000848 0.000848 0.000848 0.000848 0.000847 0.000847 0.000847 0.000846 0.000844 0.000841 0.000835 0.000824 0.000806 0.000776 0.000731 0.000665 0.000576 0.000462 0.000324 0.000167 0.000000 
50.000000 40.727368 31.955137 24.102814 17.449883 12.112012 8.053768 5.127912 3.125799 1.824251 1.019591 0.545987 0.280311 0.138105 0.065392 0.029835 0.013186 0.005715 0.002497 0.001166 0.000636 0.000433 0.000358 0.000332 0.000322 0.000319 0.000318 0.000318 0.000318 0.000318 0.000318 0.000318 0.000318 0.000318 0.000318 0.000318 0.000317 0.000317 0.000316 0.000313 0.000309 0.000302 0.000291 0.000274 0.000249 0.000216 0.000173 0.000121 0.000062 0.000000 
50.000000 40.727331 31.955064 24.102709 17.449750 12.111858 8.053597 5.127730 3.125609 1.824056 1.019392 0.545786 0.280109 0.137903 0.065190 0.029632 0.012984 0.005512 0.002294 0.000963 0.000433 0.000230 0.000155 0.000129 0.000120 0.000117 0.000116 0.000115 0.000115 0.000115 0.000115 0.000115 0.000115 0.000115 0.000115 0.000115 0.000115 0.000115 0.000114 0.000113 0.000112 0.000109 0.000105 0.000099 0.000090 0.000078 0.000062 0.000044 0.000023 0.000000 
50.000000 40.727317 31.955037 24.102670 17.449701 12.111801 8.053534 5.127662 3.125538 1.823984 1.019319 0.545712 0.280035 0.137828 0.065115 0.029557 0.012909 0.005437 0.002219 0.000888 0.000358 0.000155 0.000081 0.000054 0.000045 0.000042 0.000041 0.000041 0.000040 0.000040 0.000040 0.000040 0.000040 0.000040 0.000040 0.000040 0.000040 0.000040 0.000040 0.000040 0.000039 0.000038 0.000037 0.000035 0.000032 0.000027 0.000022 0.000015 0.000008 0.000000 
50.000000 40.727312 31.955027 24.102656 17.449684 12.111781 8.053512 5.127639 3.125514 1.823958 1.019293 0.545686 0.280009 0.137802 0.065089 0.029531 0.012883 0.005411 0.002193 0.000862 0.000332 0.000129 0.000054 0.000028 0.000018 0.000015 0.000014 0.000014 0.000014 0.000014 0.000014 0.000014 0.000014 0.000014 0.000014 0.000014 0.000014 0.000014 0.000014 0.000014 0.000014 0.000013 0.000013 0.000012 0.000011 0.000009 0.000008 0.000005 0.000003 0.000000 
50.000000 40.727310 31.955024 24.102652 17.449679 12.111775 8.053505 5.127631 3.125506 1.823950 1.019285 0.545678 0.280000 0.137794 0.065081 0.029523 0.012874 0.005403 0.002185 0.000853 0.000324 0.000121 0.000046 0.000019 0.000010 0.000007 0.000006 0.000006 0.000006 0.000006 0.000006 0.000006 0.000006 0.000006 0.000006 0.000006 0.000006 0.000006 0.000006 0.000006 0.000006 0.000006 0.000005 0.000005 0.000005 0.000004 0.000003 0.000002 0.000001 0.000000 
50.000000 40.727310 31.955024 24.102652 17.449679 12.111775 8.053505 5.127631 3.125506 1.823950 1.019285 0.545678 0.280000 0.137794 0.065081 0.029523 0.012874 0.005403 0.002185 0.000853 0.000324 0.000121 0.000046 0.000019 0.000010 0.000007 0.000006 0.000006 0.000006 0.000006 0.000006 0.000006 0.000006 0.000006 0.000006 0.000006 0.000006 0.000006 0.000006 0.000006 0.000006 0.000006 0.000005 0.000005 0.000005 0.000004 0.000003 0.000002 0.000001 0.000000 
50.000000 40.727312 31.955027 24.102656 17.449684 12.111781 8.053512 5.127639 3.125514 1.823958 1.019293 0.545686 0.280009 0.137802 0.065089 0.029531 0.012883 0.005411 0.002193 0.000862 0.000332 0.000129 0.000054 0.000028 0.000018 0.000015 0.000014 0.000014 0.000014 0.000014 0.000014 0.000014 0.000014 0.000014 0.000014 0.000014 0.000014 0.000014 0.000014 0.000014 0.000014 0.000013 0.000013 0.000012 0.000011 0.000009 0.000008 0.000005 0.000003 0.000000 
50.000000 40.727317 31.955037 24.102670 17.449701 12.111801 8.053534 5.127662 3.125538 1.823984 1.019319 0.545712 0.280035 0.137828 0.065115 0.029557 0.012909 0.005437 0.002219 0.000888 0.000358 0.000155 0.000081 0.000054 0.000045 0.000042 0.000041 0.000041 0.000040 0.000040 0.000040 0.000040 0.000040 0.000040 0.000040 0.000040 0.000040 0.000040 0.000040 0.000040 0.000039 0.000038 0.000037 0.000035 0.000032 0.000027 0.000022 0.000015 0.000008 0.000000 
50.000000 40.727331 31.955064 24.102709 17.449750 12.111858 8.053597 5.127730 3.125609 1.824056 1.019392 0.545786 0.280109 0.137903 0.065190 0.029632 0.012984 0.005512 0.002294 0.000963 0.000433 0.000230 0.000155 0.000129 0.000120 0.000117 0.000116 0.000115 0.000115 0.000115 0.000115 0.000115 0.000115 0.000115 0.000115 0.000115 0.000115 0.000115 0.000114 0.000113 0.000112 0.000109 0.000105 0.000099 0.000090 0.000078 0.000062 0.000044 0.000023 0.000000 
50.000000 40.727368 31.955137 24.102814 17.449883 12.112012 8.053768 5.127912 3.125799 1.824251 1.019591 0.545987 0.280311 0.138105 0.065392 0.029835 0.013186 0.005715 0.002497 0.001166 0.000636 0.000433 0.000358 0.000332 0.000322 0.000319 0.000318 0.000318 0.000318 0.000318 0.000318 0.000318 0.000318 0.000318 0.000318 0.000318 0.000317 0.000317 0.000316 0.000313 0.000309 0.000302 0.000291 0.000274 0.000249 0.000216 0.000173 0.000121 0.000062 0.000000 
50.000000 40.727467 31.955329 24.103090 17.450229 12.112414 8.054213 5.128388 3.126296 1.824762 1.020110 0.546511 0.280838 0.138633 0.065921 0.030364 0.013716 0.006244 0.003026 0.001695 0.001166 0.000963 0.000888 0.000861 0.000852 0.000849 0.000848 0.000848 0.000848 0.000848 0.000848 0.000848 0.000848 0.000847 0.000847 0.000847 0.000846 0.000844 0.000841 0.000835 0.000824 0.000806 0.000776 0.000731 0.000665 0.000576 0.000462 0.000324 0.000167 0.000000 
50.000000 40.727715 31.955812 24.103781 17.451098 12.113426 8.055332 5.129585 3.127546 1.826046 1.021415 0.547828 0.282162 0.139961 0.067251 0.031695 0.015047 0.007575 0.004358 0.003026 0.002497 0.002294 0.002219 0.002192 0.002183 0.002180 0.002179 0.002179 0.002179 0.002179 0.002179 0.002179 0.002179 0.002179 0.002178 0.002177 0.002175 0.002171 0.002163 0.002148 0.002120 0.002073 0.001997 0.001881 0.001714 0.001485 0.001191 0.000835 0.000431 0.000000 
50.000000 40.728314 31.956977 24.105453 17.453198 12.115869 8.058037 5.132477 3.130565 1.829148 1.024568 0.551012 0.285362 0.143170 0.070465 0.034911 0.018264 0.010793 0.007575 0.006244 0.005715 0.005512 0.005437 0.005410 0.005401 0.005398 0.005397 0.005397 0.005397 0.005397 0.005397 0.005397 0.005396 0.005396 0.005395 0.005393 0.005388 0.005378 0.005358 0.005321 0.005254 0.005140 0.004954 0.004669 0.004256 0.003691 0.002962 0.002078 0.001073 0.000000 
50.000000 40.729704 31.959682 24.109334 17.458074 12.121543 8.064315 5.139190 3.137576 1.836352 1.031891 0.558404 0.292793 0.150622 0.077927 0.042378 0.025734 0.018264 0.015047 0.013716 0.013186 0.012984 0.012909 0.012882 0.012873 0.012870 0.012869 0.012869 0.012869 0.012869 0.012868 0.012868 0.012868 0.012867 0.012865 0.012860 0.012849 0.012825 0.012780 0.012693 0.012537 0.012268 0.011832 0.011160 0.010181 0.008835 0.007096 0.004982 0.002573 0.000000 
50.000000 40.732801 31.965707 24.117978 17.468936 12.134181 8.078302 5.154148 3.153197 1.852402 1.048206 0.574874 0.309351 0.167226 0.094555 0.059017 0.042378 0.034911 0.031695 0.030364 0.029835 0.029632 0.029557 0.029531 0.029521 0.029518 0.029517 0.029517 0.029517 0.029517 0.029517 0.029517 0.029516 0.029514 0.029509 0.029497 0.029473 0.029422 0.029320 0.029127 0.028777 0.028175 0.027190 0.025666 0.023436 0.020360 0.016367 0.011501 0.005943 0.000000 
50.000000 40.739412 31.978570 24.136435 17.492128 12.161168 8.108170 5.186090 3.186555 1.886679 1.083049 0.610051 0.344713 0.202688 0.130067 0.094555 0.077927 0.070465 0.067251 0.065921 0.065392 0.065190 0.065115 0.065088 0.065079 0.065076 0.065075 0.065075 0.065075 0.065075 0.065074 0.065074 0.065072 0.065067 0.065057 0.065034 0.064982 0.064874 0.064659 0.064247 0.063497 0.062201 0.060071 0.056758 0.051886 0.045131 0.036325 0.025552 0.013212 0.000000 
50.000000 40.752926 32.004866 24.174168 17.539542 12.216343 8.169238 5.251400 3.254764 1.956769 1.154300 0.681982 0.417026 0.275205 0.202688 0.167226 0.150622 0.143170 0.139961 0.138633 0.138105 0.137903 0.137828 0.137801 0.137792 0.137789 0.137788 0.137788 0.137788 0.137788 0.137787 0.137786 0.137782 0.137774 0.137753 0.137706 0.137602 0.137385 0.136948 0.136110 0.134578 0.131911 0.127506 0.120609 0.110406 0.096177 0.077525 0.054602 0.028258 0.000000 
50.000000 40.779348 32.056279 24.247941 17.632249 12.324228 8.288651 5.379114 3.388150 2.093837 1.293640 0.822658 0.558449 0.417026 0.344713 0.309351 0.292793 0.285362 0.282162 0.280838 0.280311 0.280109 0.280035 0.280008 0.279999 0.279996 0.279995 0.279995 0.279994 0.279994 0.279993 0.279991 0.279984 0.279968 0.279929 0.279839 0.279641 0.279224 0.278383 0.276758 0.273771 0.268538 0.259834 0.246111 0.225661 0.196940 0.159037 0.112191 0.058124 0.000000 
50.000000 40.828696 32.152304 24.385733 17.805410 12.525746 8.511710 5.617688 3.637328 2.349899 1.553952 1.085467 0.822658 0.681982 0.610051 0.574874 0.558404 0.551012 0.547828 0.546511 0.545987 0.545786 0.545712 0.545686 0.545676 0.545673 0.545672 0.545672 0.545672 0.545671 0.545669 0.545665 0.545653 0.545624 0.545554 0.545392 0.545034 0.544275 0.542734 0.539742 0.534202 0.524429 0.508040 0.481986 0.442822 0.387337 0.313512 0.221611 0.114974 0.000000 
50.000000 40.916641 32.323436 24.631306 18.114027 12.884916 8.909288 6.042933 4.081487 2.806341 2.017979 1.553952 1.293640 1.154300 1.083049 1.048206 1.031891 1.024568 1.021415 1.020110 1.019591 1.019392 1.019318 1.019292 1.019283 1.019280 1.019279 1.019279 1.019278 1.019277 1.019275 1.019267 1.019247 1.019198 1.019078 1.018803 1.018189 1.016881 1.014210 1.008989 0.999247 0.981914 0.952584 0.905490 0.833956 0.731530 0.593843 0.420873 0.218759 0.000000 
50.000000 41.066021 32.614118 25.048444 18.638268 13.495051 9.584689 6.765358 4.836065 3.581804 2.806341 2.349899 2.093837 1.956769 1.886679 1.852402 1.836352 1.829148 1.826046 1.824762 1.824251 1.824056 1.823984 1.823958 1.823949 1.823946 1.823945 1.823945 1.823944 1.823942 1.823938 1.823926 1.823894 1.823816 1.823625 1.823182 1.822191 1.820066 1.815697 1.807094 1.790902 1.761818 1.712072 1.631256 1.506947 1.326607 1.081021 0.768831 0.400625 0.000000 
50.000000 41.307586 33.084191 25.723027 19.486078 14.481800 10.677024 7.933779 6.056521 4.836065 4.081487 3.637328 3.388150 3.254764 3.186555 3.153197 3.137576 3.130565 3.127546 3.126296 3.125799 3.125609 3.125538 3.125513 3.125505 3.125502 3.125501 3.125500 3.125499 3.125497 3.125490 3.125472 3.125426 3.125308 3.125022 3.124354 3.122852 3.119612 3.112899 3.099572 3.074247 3.028260 2.948626 2.817451 2.612583 2.310500 1.892249 1.352197 0.707093 0.000000 
50.000000 41.679092 33.807133 26.760511 20.790011 15.999462 12.357129 9.730958 7.933779 6.765358 6.042933 5.617688 5.379114 5.251400 5.186090 5.154148 5.139190 5.132477 5.129585 5.128388 5.127912 5.127730 5.127662 5.127638 5.127630 5.127627 5.127626 5.127626 5.127625 5.127621 5.127612 5.127587 5.127522 5.127358 5.126958 5.126018 5.123895 5.119280 5.109648 5.090349 5.053286 4.985153 4.865479 4.665107 4.346347 3.866685 3.188178 2.293482 1.205492 0.000000 
50.000000 42.221897 34.863430 28.276417 22.695276 18.217074 14.812164 12.357129 10.677024 9.584689 8.909288 8.511710 8.288651 8.169238 8.108170 8.078302 8.064315 8.058037 8.055332 8.054213 8.053768 8.053597 8.053534 8.053512 8.053504 8.053501 8.053500 8.053500 8.053498 8.053494 8.053482 8.053451 8.053367 8.053155 8.052636 8.051412 8.048629 8.042540 8.029724 8.003798 7.953432 7.859573 7.692022 7.406082 6.940962 6.223049 5.178715 3.761418 1.992693 0.000000 
50.000000 42.974653 36.328306 30.378708 25.337590 21.292632 18.217074 15.999462 14.481800 13.495051 12.884916 12.525746 12.324228 12.216343 12.161168 12.134181 12.121543 12.115869 12.113426 12.112414 12.112012 12.111858 12.111801 12.111780 12.111773 12.111771 12.111770 12.111769 12.111768 12.111763 12.111749 12.111712 12.111613 12.111362 12.110745 12.109282 12.105937 12.098567 12.082924 12.050960 11.988104 11.869217 11.653115 11.276112 10.646316 9.642882 8.128602 5.989359 3.213813 0.000000 
50.000000 43.964621 38.254813 33.143538 28.812686 25.337590 22.695276 20.790011 19.486078 18.638268 18.114027 17.805410 17.632249 17.539542 17.492128 17.468936 17.458074 17.453198 17.451098 17.450229 17.449883 17.449750 17.449701 17.449684 17.449678 17.449676 17.449675 17.449674 17.449672 17.449667 17.449653 17.449613 17.449508 17.449239 17.448576 17.446996 17.443365 17.435309 17.418073 17.382497 17.311660 17.175578 16.923326 16.472227 15.694708 14.406343 12.365991 9.315235 5.110411 0.000000 
50.000000 45.198334 40.655674 36.589173 33.143538 30.378708 28.276417 26.760511 25.723027 25.048444 24.631306 24.385733 24.247941 24.174168 24.136435 24.117978 24.109334 24.105453 24.103781 24.103090 24.102814 24.102709 24.102670 24.102656 24.102651 24.102649 24.102649 24.102648 24.102646 24.102642 24.102628 24.102591 24.102492 24.102238 24.101611 24.100110 24.096643 24.088904 24.072222 24.037464 23.967423 23.830778 23.572334 23.097702 22.250106 20.777548 18.294586 14.269535 8.156343 0.000000 
50.000000 46.654331 43.489122 40.655674 38.254813 36.328306 34.863430 33.807133 33.084191 32.614118 32.323436 32.152304 32.056279 32.004866 31.978570 31.965707 31.959682 31.956977 31.955812 31.955329 31.955137 31.955064 31.955037 31.955027 31.955024 31.955023 31.955022 31.955022 31.955020 31.955016 31.955006 31.954977 31.954899 31.954700 31.954205 31.953018 31.950264 31.944089 31.930693 31.902562 31.845287 31.731994 31.513651 31.102012 30.338946 28.939577 26.386139 21.744561 13.467708 0.000000 
50.000000 48.280802 46.654331 45.198334 43.964621 42.974653 42.221897 41.679092 41.307586 41.066021 40.916641 40.828696 40.779348 40.752926 40.739412 40.732801 40.729704 40.728314 40.727715 40.727467 40.727368 40.727331 40.727317 40.727312 40.727310 40.727309 40.727309 40.727309 40.727308 40.727306 40.727300 40.727284 40.727241 40.727131 40.726858 40.726199 40.724668 40.721224 40.713722 40.697882 40.665396 40.600493 40.473599 40.229204 39.760840 38.854209 37.041992 33.186624 24.140401 0.000000 
50.000000 50.000000 50.000000 50.000000 50.000000 50.000000 50.000000 50.000000 50.000000 50.000000 50.000000 50.000000 50.000000 50.000000 50.000000 50.000000 50.000000 50.000000 50.000000 50.000000 50.000000 50.000000 50.000000 50.000000 50.000000 50.000000 50.000000 50.000000 50.000000 50.000000 50.000000 50.000000 50.000000 50.000000 50.000000 50.000000 50.000000 50.000000 50.000000 50.000000 50.000000 50.000000 50.000000 50.000000 50.000000 50.000000 50.000000 50.000000 50.000000 50.000000 
