50.000000 50.000000 50.000000 50.000000 50.000000 50.000000 50.000000 50.000000 50.000000 50.000000 50.000000 50.000000 50.000000 50.000000 50.000000 50.000000 50.000000 50.000000 50.000000 50.000000 50.000000 50.000000 50.000000 50.000000 50.000000 50.000000 50.000000 50.000000 50.000000 50.000000 50.000000 50.000000 50.000000 50.000000 50.000000 50.000000 50.000000 50.000000 50.000000 50.000000 50.000000 50.000000 50.000000 50.000000 50.000000 50.000000 50.000000 50.000000 50.000000 50.000000 
50.000000 48.743528 47.536606 46.422930 45.435631 44.594568 43.905906 43.363765 42.953277 42.654228 42.444513 42.302878 42.210710 42.152887 42.117896 42.097459 42.085932 42.079650 42.076339 42.074652 42.073819 42.073421 42.073236 42.073153 42.073117 42.073101 42.073092 42.073085 42.073073 42.073045 42.072982 42.072843 42.072540 42.071901 42.070583 42.067938 42.062759 42.052857 42.034351 42.000485 41.939635 41.831915 41.643083 41.312906 40.730917 39.680464 37.694415 33.638553 24.371764 0.000000 
50.000000 47.536606 45.170361 42.986931 41.051277 39.402331 38.052178 36.989289 36.184516 35.598224 35.187075 34.909401 34.728707 34.615347 34.546749 34.506684 34.484086 34.471770 34.465280 34.461971 34.460339 34.459558 34.459196 34.459034 34.458962 34.458931 34.458915 34.458901 34.458877 34.458826 34.458709 34.458450 34.457887 34.456700 34.454259 34.449368 34.439813 34.421603 34.387709 34.326003 34.215910 34.022905 33.689269 33.117987 32.143493 30.476539 27.599717 22.585181 13.898054 0.000000 
50.000000 46.422930 42.986931 39.816403 37.005676 34.611280 32.650766 31.107388 29.938817 29.087499 28.490500 28.087314 27.824946 27.660351 27.560748 27.502576 27.469766 27.451884 27.442461 27.437658 27.435287 27.434154 27.433629 27.433393 27.433289 27.433244 27.433221 27.433202 27.433170 27.433101 27.432946 27.432600 27.431854 27.430280 27.427054 27.420608 27.408066 27.384278 27.340268 27.260770 27.120375 26.877589 26.465675 25.778598 24.649716 22.821233 19.908201 15.387215 8.728514 0.000000 
50.000000 45.435631 41.051277 37.005676 33.419195 30.363969 27.862387 25.893080 24.402029 23.315792 22.554062 22.039630 21.704875 21.494870 21.367791 21.293573 21.251713 21.228899 21.216878 21.210750 21.207726 21.206280 21.205610 21.205309 21.205177 21.205120 21.205091 21.205068 21.205032 21.204954 21.204778 21.204388 21.203547 21.201781 21.198171 21.190988 21.177081 21.150862 21.102718 21.016570 20.866250 20.610311 20.184839 19.494049 18.399277 16.709597 14.184443 10.574739 5.755167 0.000000 
50.000000 44.594568 39.402331 34.611280 30.363969 26.745822 23.783350 21.451239 19.685513 18.399188 17.497158 16.887982 16.491582 16.242910 16.092434 16.004553 15.954988 15.927976 15.913743 15.906487 15.902907 15.901195 15.900403 15.900046 15.899890 15.899822 15.899789 15.899765 15.899727 15.899647 15.899469 15.899075 15.898228 15.896454 15.892843 15.885694 15.871927 15.846150 15.799211 15.716074 15.572846 15.332838 14.941787 14.322823 13.372911 11.964692 9.961565 7.258838 3.863651 0.000000 
50.000000 43.905906 38.052178 32.650766 27.862387 23.783350 20.443536 17.814403 15.823811 14.373692 13.356816 12.670092 12.223237 11.942918 11.773296 11.674235 11.618366 11.587919 11.571876 11.563698 11.559663 11.557734 11.556840 11.556439 11.556263 11.556187 11.556151 11.556126 11.556090 11.556015 11.555849 11.555484 11.554701 11.553068 11.549757 11.543235 11.530752 11.507548 11.465658 11.392234 11.267329 11.061223 10.731651 10.221768 9.460527 8.368338 6.872167 4.934190 2.593001 0.000000 
50.000000 43.363765 36.989289 31.107388 25.893080 21.451239 17.814403 14.951478 12.783901 11.204872 10.097615 9.349866 8.863311 8.558092 8.373407 8.265551 8.204724 8.171575 8.154109 8.145206 8.140813 8.138713 8.137740 8.137303 8.137112 8.137030 8.136992 8.136967 8.136935 8.136870 8.136726 8.136411 8.135738 8.134339 8.131516 8.125985 8.115465 8.096051 8.061303 8.001016 7.899689 7.734867 7.475739 7.082751 6.509453 5.708241 4.641713 3.300020 1.720682 0.000000 
50.000000 42.953277 36.184516 29.938817 24.402029 19.685513 15.823811 12.783901 10.482351 8.805746 7.630083 6.836150 6.319552 5.995493 5.799412 5.684903 5.620324 5.585132 5.566590 5.557139 5.552475 5.550246 5.549214 5.548749 5.548547 5.548460 5.548421 5.548397 5.548370 5.548316 5.548199 5.547944 5.547401 5.546277 5.544019 5.539617 5.531298 5.516055 5.488999 5.442506 5.365238 5.241176 5.049035 4.762588 4.352675 3.791718 3.061228 2.161611 1.121362 0.000000 
50.000000 42.654228 35.598224 29.087499 23.315792 18.399188 14.373692 11.204872 8.805746 7.058080 5.832603 5.005043 4.466571 4.128797 3.924420 3.805068 3.737760 3.701082 3.681757 3.671907 3.667046 3.664723 3.663647 3.663164 3.662952 3.662862 3.662823 3.662801 3.662778 3.662736 3.662646 3.662451 3.662037 3.661184 3.659478 3.656172 3.649958 3.638651 3.618737 3.584826 3.529040 3.440508 3.305183 3.106363 2.826342 2.449542 1.967124 1.382314 0.714592 0.000000 
50.000000 42.444513 35.187075 28.490500 22.554062 17.497158 13.356816 10.097615 7.630083 5.832603 4.572210 3.721081 3.167281 2.819896 2.609708 2.486964 2.417744 2.380025 2.360152 2.350022 2.345024 2.342635 2.341529 2.341031 2.340814 2.340722 2.340682 2.340662 2.340643 2.340612 2.340547 2.340405 2.340106 2.339492 2.338270 2.335912 2.331508 2.323544 2.309621 2.286105 2.247778 2.187577 2.096599 1.964582 1.781083 1.537493 1.229731 0.861073 0.444028 0.000000 
50.000000 42.302878 34.909401 28.087314 22.039630 16.887982 12.670092 9.349866 6.836150 5.005043 3.721081 2.854045 2.289900 1.936031 1.721921 1.596890 1.526380 1.487959 1.467716 1.457398 1.452307 1.449874 1.448747 1.448241 1.448020 1.447926 1.447886 1.447867 1.447852 1.447830 1.447784 1.447687 1.447481 1.447060 1.446226 1.444626 1.441651 1.436305 1.427022 1.411460 1.386305 1.347152 1.288563 1.204434 1.088771 0.936911 0.747046 0.521692 0.268527 0.000000 
50.000000 42.210710 34.728707 27.824946 21.704875 16.491582 12.223237 8.863311 6.319552 4.466571 3.167281 2.289900 1.719030 1.360945 1.144287 1.017768 0.946421 0.907543 0.887060 0.876620 0.871469 0.869007 0.867867 0.867354 0.867131 0.867036 0.866996 0.866978 0.866967 0.866951 0.866920 0.866856 0.866721 0.866446 0.865902 0.864864 0.862945 0.859515 0.853595 0.843737 0.827920 0.803497 0.767260 0.715689 0.645432 0.554013 0.440669 0.307103 0.157853 0.000000 
50.000000 42.152887 34.615347 27.660351 21.494870 16.242910 11.942918 8.558092 5.995493 4.128797 2.819896 1.936031 1.360945 1.000218 0.781963 0.654512 0.582640 0.543477 0.522843 0.512327 0.507138 0.504658 0.503510 0.502994 0.502769 0.502673 0.502634 0.502616 0.502607 0.502596 0.502576 0.502536 0.502451 0.502278 0.501940 0.501295 0.500109 0.498000 0.494380 0.488389 0.478839 0.464195 0.442627 0.412166 0.370983 0.317790 0.252285 0.175534 0.090128 0.000000 
50.000000 42.117896 34.546749 27.560748 21.367791 16.092434 11.773296 8.373407 5.799412 3.924420 2.609708 1.721921 1.144287 0.781963 0.562742 0.434729 0.362540 0.323204 0.302480 0.291917 0.286705 0.284214 0.283061 0.282543 0.282317 0.282221 0.282181 0.282165 0.282156 0.282149 0.282137 0.282112 0.282061 0.281957 0.281755 0.281371 0.280667 0.279422 0.277296 0.273795 0.268248 0.259794 0.247422 0.230061 0.206741 0.176803 0.140140 0.097381 0.049958 0.000000 
50.000000 42.097459 34.506684 27.502576 21.293573 16.004553 11.674235 8.265551 5.684903 3.805068 2.486964 1.596890 1.017768 0.654512 0.434729 0.306387 0.234013 0.194577 0.173800 0.163210 0.157985 0.155488 0.154332 0.153812 0.153586 0.153490 0.153450 0.153434 0.153426 0.153421 0.153414 0.153399 0.153370 0.153310 0.153194 0.152974 0.152573 0.151865 0.150663 0.148694 0.145590 0.140884 0.134035 0.124478 0.111709 0.095402 0.075522 0.052424 0.026876 0.000000 
50.000000 42.085932 34.484086 27.469766 21.251713 15.954988 11.618366 8.204724 5.620324 3.737760 2.417744 1.526380 0.946421 0.582640 0.362540 0.234013 0.161535 0.122042 0.101235 0.090630 0.085398 0.082898 0.081739 0.081219 0.080992 0.080896 0.080857 0.080841 0.080834 0.080830 0.080825 0.080817 0.080801 0.080768 0.080703 0.080582 0.080362 0.079975 0.079320 0.078252 0.076576 0.074048 0.070385 0.065298 0.058534 0.049932 0.039485 0.027386 0.014032 0.000000 
50.000000 42.079650 34.471770 27.451884 21.228899 15.927976 11.587919 8.171575 5.585132 3.701082 2.380025 1.487959 0.907543 0.543477 0.323204 0.194577 0.122042 0.082518 0.061695 0.051082 0.045846 0.043343 0.042184 0.041664 0.041437 0.041341 0.041301 0.041285 0.041279 0.041275 0.041273 0.041268 0.041259 0.041241 0.041207 0.041143 0.041026 0.040822 0.040478 0.039919 0.039045 0.037732 0.035838 0.033218 0.029748 0.025352 0.020031 0.013883 0.007110 0.000000 
50.000000 42.076340 34.465280 27.442462 21.216878 15.913743 11.571876 8.154110 5.566590 3.681757 2.360152 1.467716 0.887060 0.522844 0.302480 0.173800 0.101236 0.061695 0.040864 0.030247 0.025008 0.022505 0.021345 0.020824 0.020597 0.020501 0.020462 0.020446 0.020439 0.020437 0.020435 0.020432 0.020428 0.020418 0.020401 0.020368 0.020308 0.020204 0.020030 0.019747 0.019306 0.018647 0.017699 0.016393 0.014668 0.012490 0.009861 0.006830 0.003497 0.000000 
50.000000 42.074652 34.461972 27.437658 21.210750 15.906488 11.563699 8.145207 5.557139 3.671907 2.350022 1.457398 0.876620 0.512327 0.291917 0.163211 0.090631 0.051083 0.030247 0.019627 0.014388 0.011884 0.010724 0.010203 0.009976 0.009880 0.009840 0.009824 0.009818 0.009816 0.009814 0.009813 0.009811 0.009806 0.009797 0.009781 0.009751 0.009700 0.009615 0.009476 0.009261 0.008941 0.008481 0.007850 0.007019 0.005973 0.004713 0.003263 0.001670 0.000000 
50.000000 42.073819 34.460339 27.435288 21.207727 15.902908 11.559664 8.140814 5.552476 3.667047 2.345025 1.452308 0.871470 0.507139 0.286706 0.157986 0.085399 0.045847 0.025009 0.014388 0.009148 0.006644 0.005484 0.004963 0.004736 0.004640 0.004601 0.004585 0.004579 0.004576 0.004575 0.004574 0.004573 0.004571 0.004567 0.004559 0.004545 0.004520 0.004480 0.004414 0.004312 0.004161 0.003946 0.003650 0.003262 0.002774 0.002187 0.001514 0.000774 0.000000 
50.000000 42.073421 34.459559 27.434156 21.206282 15.901198 11.557737 8.138716 5.550249 3.664727 2.342639 1.449878 0.869011 0.504662 0.284218 0.155492 0.082901 0.043347 0.022508 0.011887 0.006646 0.004142 0.002982 0.002461 0.002234 0.002138 0.002098 0.002083 0.002076 0.002074 0.002073 0.002073 0.002072 0.002071 0.002069 0.002065 0.002059 0.002048 0.002029 0.001999 0.001952 0.001883 0.001785 0.001650 0.001474 0.001253 0.000987 0.000683 0.000349 0.000000 
50.000000 42.073238 34.459200 27.433634 21.205616 15.900409 11.556848 8.137749 5.549222 3.663656 2.341538 1.448757 0.867876 0.503519 0.283071 0.154341 0.081749 0.042194 0.021355 0.010733 0.005493 0.002988 0.001828 0.001307 0.001080 0.000984 0.000945 0.000929 0.000923 0.000920 0.000919 0.000919 0.000919 0.000918 0.000917 0.000916 0.000913 0.000908 0.000899 0.000886 0.000865 0.000834 0.000790 0.000730 0.000652 0.000554 0.000436 0.000302 0.000154 0.000000 
50.000000 42.073157 34.459042 27.433405 21.205325 15.900064 11.556459 8.137325 5.548773 3.663188 2.341056 1.448266 0.867380 0.503019 0.282568 0.153838 0.081245 0.041689 0.020850 0.010228 0.004987 0.002483 0.001323 0.000802 0.000575 0.000479 0.000439 0.000424 0.000417 0.000415 0.000414 0.000414 0.000414 0.000413 0.000413 0.000412 0.000411 0.000408 0.000405 0.000398 0.000389 0.000375 0.000355 0.000328 0.000293 0.000249 0.000196 0.000135 0.000069 0.000000 
50.000000 42.073128 34.458984 27.433320 21.205216 15.899936 11.556314 8.137168 5.548606 3.663013 2.340877 1.448083 0.867195 0.502833 0.282382 0.153651 0.081057 0.041502 0.020662 0.010040 0.004800 0.002295 0.001135 0.000614 0.000387 0.000291 0.000252 0.000236 0.000230 0.000227 0.000227 0.000226 0.000226 0.000226 0.000226 0.000225 0.000225 0.000223 0.000221 0.000218 0.000212 0.000205 0.000194 0.000179 0.000160 0.000136 0.000107 0.000074 0.000038 0.000000 
50.000000 42.073128 34.458984 27.433320 21.205216 15.899936 11.556314 8.137168 5.548606 3.663013 2.340877 1.448083 0.867195 0.502833 0.282382 0.153651 0.081057 0.041502 0.020662 0.010040 0.004800 0.002295 0.001135 0.000614 0.000387 0.000291 0.000252 0.000236 0.000230 0.000227 0.000227 0.000226 0.000226 0.000226 0.000226 0.000225 0.000225 0.000223 0.000221 0.000218 0.000212 0.000205 0.000194 0.000179 0.000160 0.000136 0.000107 0.000074 0.000038 0.000000 
50.000000 42.073157 34.459042 27.433405 21.205325 15.900064 11.556459 8.137325 5.548773 3.663188 2.341056 1.448266 0.867380 0.503019 0.282568 0.153838 0.081245 0.041689 0.020850 0.010228 0.004987 0.002483 0.001323 0.000802 0.000575 0.000479 0.000439 0.000424 0.000417 0.000415 0.000414 0.000414 0.000414 0.000413 0.000413 0.000412 0.000411 0.000408 0.000405 0.000398 0.000389 0.000375 0.000355 0.000328 0.000293 0.000249 0.000196 0.000135 0.000069 0.000000 
50.000000 42.073238 34.459200 27.433634 21.205616 15.900409 11.556848 8.137749 5.549222 3.663656 2.341538 1.448757 0.867876 0.503519 0.283071 0.154341 0.081749 0.042194 0.021355 0.010733 0.005493 0.002988 0.001828 0.001307 0.001080 0.000984 0.000945 0.000929 0.000923 0.000920 0.000919 0.000919 0.000919 0.000918 0.000917 0.000916 0.000913 0.000908 0.000899 0.000886 0.000865 0.000834 0.000790 0.000730 0.000652 0.000554 0.000436 0.000302 0.000154 0.000000 
50.000000 42.073421 34.459559 27.434156 21.206282 15.901198 11.557737 8.138716 5.550249 3.664727 2.342639 1.449878 0.869011 0.504662 0.284218 0.155492 0.082901 0.043347 0.022508 0.011887 0.006646 0.004142 0.002982 0.002461 0.002234 0.002138 0.002098 0.002083 0.002076 0.002074 0.002073 0.002073 0.002072 0.002071 0.002069 0.002065 0.002059 0.002048 0.002029 0.001999 0.001952 0.001883 0.001785 0.001650 0.001474 0.001253 0.000987 0.000683 0.000349 0.000000 
50.000000 42.073819 34.460339 27.435288 21.207727 15.902908 11.559664 8.140814 5.552476 3.667047 2.345025 1.452308 0.871470 0.507139 0.286706 0.157986 0.085399 0.045847 0.025009 0.014388 0.009148 0.006644 0.005484 0.004963 0.004736 0.004640 0.004601 0.004585 0.004579 0.004576 0.004575 0.004574 0.004573 0.004571 0.004567 0.004559 0.004545 0.004520 0.004480 0.004414 0.004312 0.004161 0.003946 0.003650 0.003262 0.002774 0.002187 0.001514 0.000774 0.000000 
50.000000 42.074652 34.461972 27.437658 21.210750 15.906488 11.563699 8.145207 5.557139 3.671907 2.350022 1.457398 0.876620 0.512327 0.291917 0.163211 0.090631 0.051083 0.030247 0.019627 0.014388 0.011884 0.010724 0.010203 0.009976 0.009880 0.009840 0.009824 0.009818 0.009816 0.009814 0.009813 0.009811 0.009806 0.009797 0.009781 0.009751 0.009700 0.009615 0.009476 0.009261 0.008941 0.008481 0.007850 0.007019 0.005973 0.004713 0.003263 0.001670 0.000000 
50.000000 42.076340 34.465280 27.442462 21.216878 15.913743 11.571876 8.154110 5.566590 3.681757 2.360152 1.467716 0.887060 0.522844 0.302480 0.173800 0.101236 0.061695 0.040864 0.030247 0.025008 0.022505 0.021345 0.020824 0.020597 0.020501 0.020462 0.020446 0.020439 0.020437 0.020435 0.020432 0.020428 0.020418 0.020401 0.020368 0.020308 0.020204 0.020030 0.019747 0.019306 0.018647 0.017699 0.016393 0.014668 0.012490 0.009861 0.006830 0.003497 0.000000 
50.000000 42.079650 34.471770 27.451884 21.228899 15.927976 11.587919 8.171575 5.585132 3.701082 2.380025 1.487959 0.907543 0.543477 0.323204 0.194577 0.122042 0.082518 0.061695 0.051082 0.045846 0.043343 0.042184 0.041664 0.041437 0.041341 0.041301 0.041285 0.041279 0.041275 0.041273 0.041268 0.041259 0.041241 0.041207 0.041143 0.041026 0.040822 0.040478 0.039919 0.039045 0.037732 0.035838 0.033218 0.029748 0.025352 0.020031 0.013883 0.007110 0.000000 
50.000000 42.085932 34.484086 27.469766 21.251713 15.954988 11.618366 8.204724 5.620324 3.737760 2.417744 1.526380 0.946421 0.582640 0.362540 0.234013 0.161535 0.122042 0.101235 0.090630 0.085398 0.082898 0.081739 0.081219 0.080992 0.080896 0.080857 0.080841 0.080834 0.080830 0.080825 0.080817 0.080801 0.080768 0.080703 0.080582 0.080362 0.079975 0.079320 0.078252 0.076576 0.074048 0.070385 0.065298 0.058534 0.049932 0.039485 0.027386 0.014032 0.000000 
50.000000 42.097459 34.506684 27.502576 21.293573 16.004553 11.674235 8.265551 5.684903 3.805068 2.486964 1.596890 1.017768 0.654512 0.434729 0.306387 0.234013 0.194577 0.173800 0.163210 0.157985 0.155488 0.154332 0.153812 0.153586 0.153490 0.153450 0.153434 0.153426 0.153421 0.153414 0.153399 0.153370 0.153310 0.153194 0.152974 0.152573 0.151865 0.150663 0.148694 0.145590 0.140884 0.134035 0.124478 0.111709 0.095402 0.075522 0.052424 0.026876 0.000000 
50.000000 42.117896 34.546749 27.560748 21.367791 16.092434 11.773296 8.373407 5.799412 3.924420 2.609708 1.721921 1.144287 0.781963 0.562742 0.434729 0.362540 0.323204 0.302480 0.291917 0.286705 0.284214 0.283061 0.282543 0.282317 0.282221 0.282181 0.282165 0.282156 0.282149 0.282137 0.282112 0.282061 0.281957 0.281755 0.281371 0.280667 0.279422 0.277296 0.273795 0.268248 0.259794 0.247422 0.230061 0.206741 0.176803 0.140140 0.097381 0.049958 0.000000 
50.000000 42.152887 34.615347 27.660351 21.494870 16.242910 11.942918 8.558092 5.995493 4.128797 2.819896 1.936031 1.360945 1.000218 0.781963 0.654512 0.582640 0.543477 0.522843 0.512327 0.507138 0.504658 0.503510 0.502994 0.502769 0.502673 0.502634 0.502616 0.502607 0.502596 0.502576 0.502536 0.502451 0.502278 0.501940 0.501295 0.500109 0.498000 0.494380 0.488389 0.478839 0.464195 0.442627 0.412166 0.370983 0.317790 0.252285 0.175534 0.090128 0.000000 
50.000000 42.210710 34.728707 27.824946 21.704875 16.491582 12.223237 8.863311 6.319552 4.466571 3.167281 2.289900 1.719030 1.360945 1.144287 1.017768 0.946421 0.907543 0.887060 0.876620 0.871469 0.869007 0.867867 0.867354 0.867131 0.867036 0.866996 0.866978 0.866967 0.866951 0.866920 0.866856 0.866721 0.866446 0.865902 0.864864 0.862945 0.859515 0.853595 0.843737 0.827920 0.803497 0.767260 0.715689 0.645432 0.554013 0.440669 0.307103 0.157853 0.000000 
50.000000 42.302878 34.909401 28.087314 22.039630 16.887982 12.670092 9.349866 6.836150 5.005043 3.721081 2.854045 2.289900 1.936031 1.721921 1.596890 1.526380 1.487959 1.467716 1.457398 1.452307 1.449874 1.448747 1.448241 1.448020 1.447926 1.447886 1.447867 1.447852 1.447830 1.447784 1.447687 1.447481 1.447060 1.446226 1.444626 1.441651 1.436305 1.427022 1.411460 1.386305 1.347152 1.288563 1.204434 1.088771 0.936911 0.747046 0.521692 0.268527 0.000000 
50.000000 42.444513 35.187075 28.490500 22.554062 17.497158 13.356816 10.097615 7.630083 5.832603 4.572210 3.721081 3.167281 2.819896 2.609708 2.486964 2.417744 2.380025 2.360152 2.350022 2.345024 2.342635 2.341529 2.341031 2.340814 2.340722 2.340682 2.340662 2.340643 2.340612 2.340547 2.340405 2.340106 2.339492 2.338270 2.335912 2.331508 2.323544 2.309621 2.286105 2.247778 2.187577 2.096599 1.964582 1.781083 1.537493 1.229731 0.861073 0.444028 0.000000 
50.000000 42.654228 35.598224 29.087499 23.315792 18.399188 14.373692 11.204872 8.805746 7.058080 5.832603 5.005043 4.466571 4.128797 3.924420 3.805068 3.737760 3.701082 3.681757 3.671907 3.667046 3.664723 3.663647 3.663164 3.662952 3.662862 3.662823 3.662801 3.662778 3.662736 3.662646 3.662451 3.662037 3.661184 3.659478 3.656172 3.649958 3.638651 3.618737 3.584826 3.529040 3.440508 3.305183 3.106363 2.826342 2.449542 1.967124 1.382314 0.714592 0.000000 
50.000000 42.953277 36.184516 29.938817 24.402029 19.685513 15.823811 12.783901 10.482351 8.805746 7.630083 6.836150 6.319552 5.995493 5.799412 5.684903 5.620324 5.585132 5.566590 5.557139 5.552475 5.550246 5.549214 5.548749 5.548547 5.548460 5.548421 5.548397 5.548370 5.548316 5.548199 5.547944 5.547401 5.546277 5.544019 5.539617 5.531298 5.516055 5.488999 5.442506 5.365238 5.241176 5.049035 4.762588 4.352675 3.791718 3.061228 2.161611 1.121362 0.000000 
50.000000 43.363765 36.989289 31.107388 25.893080 21.451239 17.814403 14.951478 12.783901 11.204872 10.097615 9.349866 8.863311 8.558092 8.373407 8.265551 8.204724 8.171575 8.154109 8.145206 8.140813 8.138713 8.137740 8.137303 8.137112 8.137030 8.136992 8.136967 8.136935 8.136870 8.136726 8.136411 8.135738 8.134339 8.131516 8.125985 8.115465 8.096051 8.061303 8.001016 7.899689 7.734867 7.475739 7.082751 6.509453 5.708241 4.641713 3.300020 1.720682 0.000000 
50.000000 43.905906 38.052178 32.650766 27.862387 23.783350 20.443536 17.814403 15.823811 14.373692 13.356816 12.670092 12.223237 11.942918 11.773296 11.674235 11.618366 11.587919 11.571876 11.563698 11.559663 11.557734 11.556840 11.556439 11.556263 11.556187 11.556151 11.556126 11.556090 11.556015 11.555849 11.555484 11.554701 11.553068 11.549757 11.543235 11.530752 11.507548 11.465658 11.392234 11.267329 11.061223 10.731651 10.221768 9.460527 8.368338 6.872167 4.934190 2.593001 0.000000 
50.000000 44.594568 39.402331 34.611280 30.363969 26.745822 23.783350 21.451239 19.685513 18.399188 17.497158 16.887982 16.491582 16.242910 16.092434 16.004553 15.954988 15.927976 15.913743 15.906487 15.902907 15.901195 15.900403 15.900046 15.899890 15.899822 15.899789 15.899765 15.899727 15.899647 15.899469 15.899075 15.898228 15.896454 15.892843 15.885694 15.871927 15.846150 15.799211 15.716074 15.572846 15.332838 14.941787 14.322823 13.372911 11.964692 9.961565 7.258838 3.863651 0.000000 
50.000000 45.435631 41.051277 37.005676 33.419195 30.363969 27.862387 25.893080 24.402029 23.315792 22.554062 22.039630 21.704875 21.494870 21.367791 21.293573 21.251713 21.228899 21.216878 21.210750 21.207726 21.206280 21.205610 21.205309 21.205177 21.205120 21.205091 21.205068 21.205032 21.204954 21.204778 21.204388 21.203547 21.201781 21.198171 21.190988 21.177081 21.150862 21.102718 21.016570 20.866250 20.610311 20.184839 19.494049 18.399277 16.709597 14.184443 10.574739 5.755167 0.000000 
50.000000 46.422930 42.986931 39.816403 37.005676 34.611280 32.650766 31.107388 29.938817 29.087499 28.490500 28.087314 27.824946 27.660351 27.560748 27.502576 27.469766 27.451884 27.442461 27.437658 27.435287 27.434154 27.433629 27.433393 27.433289 27.433244 27.433221 27.433202 27.433170 27.433101 27.432946 27.432600 27.431854 27.430280 27.427054 27.420608 27.408066 27.384278 27.340268 27.260770 27.120375 26.877589 26.465675 25.778598 24.649716 22.821233 19.908201 15.387215 8.728514 0.000000 
50.000000 47.536606 45.170361 42.986931 41.051277 39.402331 38.052178 36.989289 36.184516 35.598224 35.187075 34.909401 34.728707 34.615347 34.546749 34.506684 34.484086 34.471770 34.465280 34.461971 34.460339 34.459558 34.459196 34.459034 34.458962 34.458931 34.458915 34.458901 34.458877 34.458826 34.458709 34.458450 34.457887 34.456700 34.454259 34.449368 34.439813 34.421603 34.387709 34.326003 34.215910 34.022905 33.689269 33.117987 32.143493 30.476539 27.599717 22.585181 13.898054 0.000000 
50.000000 48.743528 47.536606 46.422930 45.435631 44.594568 43.905906 43.363765 42.953277 42.654228 42.444513 42.302878 42.210710 42.152887 42.117896 42.097459 42.085932 42.079650 42.076339 42.074652 42.073819 42.073421 42.073236 42.073153 42.073117 42.073101 42.073092 42.073085 42.073073 42.073045 42.072982 42.072843 42.072540 42.071901 42.070583 42.067938 42.062759 42.052857 42.034351 42.000485 41.939635 41.831915 41.643083 41.312906 40.730917 39.680464 37.694415 33.638553 24.371764 0.000000 
50.000000 50.000000 50.000000 50.000000 50.000000 50.000000 50.000000 50.000000 50.000000 50.000000 50.000000 50.000000 50.000000 50.000000 50.000000 50.000000 50.000000 50.000000 50.000000 50.000000 50.000000 50.000000 50.000000 50.000000 50.000000 50.000000 50.000000 50.000000 50.000000 50.000000 50.000000 50.000000 50.000000 50.000000 50.000000 50.000000 50.000000 50.000000 50.000000 50.000000 50.000000 50.000000 50.000000 50.000000 50.000000 50.000000 50.000000 50.000000 50.000000 50.000000 
