50.000000 50.000000 50.000000 50.000000 50.000000 50.000000 50.000000 50.000000 50.000000 50.000000 50.000000 50.000000 50.000000 50.000000 50.000000 50.000000 50.000000 50.000000 50.000000 50.000000 50.000000 50.000000 50.000000 50.000000 50.000000 50.000000 50.000000 50.000000 50.000000 50.000000 50.000000 50.000000 50.000000 50.000000 50.000000 50.000000 50.000000 50.000000 50.000000 50.000000 50.000000 50.000000 50.000000 50.000000 50.000000 50.000000 50.000000 50.000000 50.000000 50.000000 
50.000000 42.725596 37.093433 33.653794 31.954207 31.257666 31.015705 30.943153 30.924087 30.919641 30.918711 30.918535 30.918505 30.918500 30.918499 30.918499 30.918499 30.918499 30.918499 30.918499 30.918499 30.918499 30.918499 30.918499 30.918499 30.918499 30.918499 30.918499 30.918499 30.918499 30.918499 30.918499 30.918499 30.918499 30.918499 30.918499 30.918499 30.918499 30.918497 30.918485 30.918413 30.918007 30.915916 30.906033 30.863356 30.694897 30.083921 28.020635 21.362798 0.000000 
50.000000 37.093433 27.102087 21.001860 17.988686 16.754305 16.325706 16.197253 16.163515 16.155650 16.154006 16.153695 16.153642 16.153633 16.153632 16.153632 16.153632 16.153632 16.153632 16.153632 16.153632 16.153632 16.153632 16.153632 16.153632 16.153632 16.153632 16.153632 16.153632 16.153632 16.153632 16.153632 16.153632 16.153632 16.153632 16.153632 16.153632 16.153632 16.153629 16.153615 16.153527 16.153041 16.150570 16.139154 16.091469 15.912580 15.314426 13.551044 9.072797 0.000000 
50.000000 33.653794 21.001860 13.279538 9.466652 7.905383 7.363561 7.201262 7.158659 7.148735 7.146661 7.146269 7.146201 7.146191 7.146189 7.146189 7.146189 7.146189 7.146189 7.146189 7.146189 7.146189 7.146189 7.146189 7.146189 7.146189 7.146189 7.146189 7.146189 7.146189 7.146189 7.146189 7.146189 7.146189 7.146189 7.146189 7.146189 7.146189 7.146187 7.146177 7.146115 7.145776 7.144079 7.136397 7.105225 6.993018 6.639769 5.687434 3.569872 0.000000 
50.000000 31.954207 17.988686 9.466652 5.260243 3.538474 2.941195 2.762361 2.715440 2.704514 2.702233 2.701801 2.701727 2.701715 2.701714 2.701713 2.701713 2.701713 2.701713 2.701713 2.701713 2.701713 2.701713 2.701713 2.701713 2.701713 2.701713 2.701713 2.701713 2.701713 2.701713 2.701713 2.701713 2.701713 2.701713 2.701713 2.701713 2.701713 2.701712 2.701707 2.701676 2.701505 2.700662 2.696910 2.682029 2.630122 2.473634 2.076106 1.259311 0.000000 
50.000000 31.257666 16.754305 7.905383 3.538474 1.751412 1.131637 0.946117 0.897454 0.886126 0.883761 0.883315 0.883238 0.883226 0.883224 0.883224 0.883223 0.883223 0.883223 0.883223 0.883223 0.883223 0.883223 0.883223 0.883223 0.883223 0.883223 0.883223 0.883223 0.883223 0.883223 0.883223 0.883223 0.883223 0.883223 0.883223 0.883223 0.883223 0.883223 0.883221 0.883208 0.883141 0.882811 0.881360 0.875706 0.856445 0.800158 0.662836 0.394310 0.000000 
50.000000 31.015705 16.325706 7.363561 2.941195 1.131637 0.504135 0.316326 0.267069 0.255605 0.253212 0.252759 0.252682 0.252669 0.252668 0.252667 0.252667 0.252667 0.252667 0.252667 0.252667 0.252667 0.252667 0.252667 0.252667 0.252667 0.252667 0.252667 0.252667 0.252667 0.252667 0.252667 0.252667 0.252667 0.252667 0.252667 0.252667 0.252667 0.252667 0.252666 0.252662 0.252640 0.252533 0.252067 0.250277 0.244285 0.227164 0.186553 0.109673 0.000000 
50.000000 30.943153 16.197253 7.201262 2.762361 0.946117 0.316326 0.127841 0.078409 0.066905 0.064504 0.064050 0.063972 0.063960 0.063958 0.063958 0.063958 0.063958 0.063958 0.063958 0.063958 0.063958 0.063958 0.063958 0.063958 0.063958 0.063958 0.063958 0.063958 0.063958 0.063958 0.063958 0.063958 0.063958 0.063958 0.063958 0.063958 0.063958 0.063958 0.063957 0.063956 0.063950 0.063921 0.063793 0.063306 0.061699 0.057183 0.046683 0.027237 0.000000 
50.000000 30.924087 16.163515 7.158659 2.715440 0.897454 0.267069 0.078409 0.028933 0.017418 0.015015 0.014561 0.014483 0.014470 0.014469 0.014468 0.014468 0.014468 0.014468 0.014468 0.014468 0.014468 0.014468 0.014468 0.014468 0.014468 0.014468 0.014468 0.014468 0.014468 0.014468 0.014468 0.014468 0.014468 0.014468 0.014468 0.014468 0.014468 0.014468 0.014468 0.014468 0.014466 0.014459 0.014429 0.014313 0.013934 0.012883 0.010474 0.006080 0.000000 
50.000000 30.919641 16.155650 7.148735 2.704514 0.886126 0.255605 0.066905 0.017418 0.005901 0.003497 0.003043 0.002965 0.002953 0.002951 0.002951 0.002951 0.002951 0.002951 0.002951 0.002951 0.002951 0.002951 0.002951 0.002951 0.002951 0.002951 0.002951 0.002951 0.002951 0.002951 0.002951 0.002951 0.002951 0.002951 0.002951 0.002951 0.002951 0.002951 0.002951 0.002951 0.002950 0.002949 0.002942 0.002918 0.002838 0.002619 0.002123 0.001228 0.000000 
50.000000 30.918711 16.154006 7.146661 2.702233 0.883761 0.253212 0.064504 0.015015 0.003497 0.001093 0.000639 0.000561 0.000549 0.000547 0.000547 0.000547 0.000547 0.000547 0.000547 0.000547 0.000547 0.000547 0.000547 0.000547 0.000547 0.000547 0.000547 0.000547 0.000547 0.000547 0.000547 0.000547 0.000547 0.000547 0.000547 0.000547 0.000547 0.000547 0.000547 0.000547 0.000547 0.000546 0.000545 0.000540 0.000525 0.000484 0.000392 0.000226 0.000000 
50.000000 30.918535 16.153695 7.146269 2.701801 0.883315 0.252759 0.064050 0.014561 0.003043 0.000639 0.000185 0.000107 0.000095 0.000093 0.000093 0.000093 0.000093 0.000093 0.000093 0.000093 0.000093 0.000093 0.000093 0.000093 0.000093 0.000093 0.000093 0.000093 0.000093 0.000093 0.000093 0.000093 0.000093 0.000093 0.000093 0.000093 0.000093 0.000093 0.000093 0.000093 0.000093 0.000093 0.000092 0.000092 0.000089 0.000082 0.000066 0.000038 0.000000 
50.000000 30.918505 16.153642 7.146201 2.701727 0.883238 0.252682 0.063972 0.014483 0.002965 0.000561 0.000107 0.000029 0.000017 0.000015 0.000014 0.000014 0.000014 0.000014 0.000014 0.000014 0.000014 0.000014 0.000014 0.000014 0.000014 0.000014 0.000014 0.000014 0.000014 0.000014 0.000014 0.000014 0.000014 0.000014 0.000014 0.000014 0.000014 0.000014 0.000014 0.000014 0.000014 0.000014 0.000014 0.000014 0.000014 0.000013 0.000010 0.000006 0.000000 
50.000000 30.918500 16.153633 7.146191 2.701715 0.883226 0.252669 0.063960 0.014470 0.002953 0.000549 0.000095 0.000017 0.000004 0.000002 0.000002 0.000002 0.000002 0.000002 0.000002 0.000002 0.000002 0.000002 0.000002 0.000002 0.000002 0.000002 0.000002 0.000002 0.000002 0.000002 0.000002 0.000002 0.000002 0.000002 0.000002 0.000002 0.000002 0.000002 0.000002 0.000002 0.000002 0.000002 0.000002 0.000002 0.000002 0.000002 0.000001 0.000001 0.000000 
50.000000 30.918499 16.153632 7.146189 2.701714 0.883224 0.252668 0.063958 0.014469 0.002951 0.000547 0.000093 0.000015 0.000002 0.000001 0.000000 0.000000 0.000000 0.000000 0.000000 0.000000 0.000000 0.000000 0.000000 0.000000 0.000000 0.000000 0.000000 0.000000 0.000000 0.000000 0.000000 0.000000 0.000000 0.000000 0.000000 0.000000 0.000000 0.000000 0.000000 0.000000 0.000000 0.000000 0.000000 0.000000 0.000000 0.000000 0.000000 0.000000 0.000000 
50.000000 30.918499 16.153632 7.146189 2.701713 0.883224 0.252667 0.063958 0.014468 0.002951 0.000547 0.000093 0.000014 0.000002 0.000000 0.000000 0.000000 0.000000 0.000000 0.000000 0.000000 0.000000 0.000000 0.000000 0.000000 0.000000 0.000000 0.000000 0.000000 0.000000 0.000000 0.000000 0.000000 0.000000 0.000000 0.000000 0.000000 0.000000 0.000000 0.000000 0.000000 0.000000 0.000000 0.000000 0.000000 0.000000 0.000000 0.000000 0.000000 0.000000 
50.000000 30.918499 16.153632 7.146189 2.701713 0.883223 0.252667 0.063958 0.014468 0.002951 0.000547 0.000093 0.000014 0.000002 0.000000 0.000000 0.000000 0.000000 0.000000 0.000000 0.000000 0.000000 0.000000 0.000000 0.000000 0.000000 0.000000 0.000000 0.000000 0.000000 0.000000 0.000000 0.000000 0.000000 0.000000 0.000000 0.000000 0.000000 0.000000 0.000000 0.000000 0.000000 0.000000 0.000000 0.000000 0.000000 0.000000 0.000000 0.000000 0.000000 
50.000000 30.918499 16.153632 7.146189 2.701713 0.883223 0.252667 0.063958 0.014468 0.002951 0.000547 0.000093 0.000014 0.000002 0.000000 0.000000 0.000000 0.000000 0.000000 0.000000 0.000000 0.000000 0.000000 0.000000 0.000000 0.000000 0.000000 0.000000 0.000000 0.000000 0.000000 0.000000 0.000000 0.000000 0.000000 0.000000 0.000000 0.000000 0.000000 0.000000 0.000000 0.000000 0.000000 0.000000 0.000000 0.000000 0.000000 0.000000 0.000000 0.000000 
50.000000 30.918499 16.153632 7.146189 2.701713 0.883223 0.252667 0.063958 0.014468 0.002951 0.000547 0.000093 0.000014 0.000002 0.000000 0.000000 0.000000 0.000000 0.000000 0.000000 0.000000 0.000000 0.000000 0.000000 0.000000 0.000000 0.000000 0.000000 0.000000 0.000000 0.000000 0.000000 0.000000 0.000000 0.000000 0.000000 0.000000 0.000000 0.000000 0.000000 0.000000 0.000000 0.000000 0.000000 0.000000 0.000000 0.000000 0.000000 0.000000 0.000000 
50.000000 30.918499 16.153632 7.146189 2.701713 0.883223 0.252667 0.063958 0.014468 0.002951 0.000547 0.000093 0.000014 0.000002 0.000000 0.000000 0.000000 0.000000 0.000000 0.000000 0.000000 0.000000 0.000000 0.000000 0.000000 0.000000 0.000000 0.000000 0.000000 0.000000 0.000000 0.000000 0.000000 0.000000 0.000000 0.000000 0.000000 0.000000 0.000000 0.000000 0.000000 0.000000 0.000000 0.000000 0.000000 0.000000 0.000000 0.000000 0.000000 0.000000 
50.000000 30.918499 16.153632 7.146189 2.701713 0.883223 0.252667 0.063958 0.014468 0.002951 0.000547 0.000093 0.000014 0.000002 0.000000 0.000000 0.000000 0.000000 0.000000 0.000000 0.000000 0.000000 0.000000 0.000000 0.000000 0.000000 0.000000 0.000000 0.000000 0.000000 0.000000 0.000000 0.000000 0.000000 0.000000 0.000000 0.000000 0.000000 0.000000 0.000000 0.000000 0.000000 0.000000 0.000000 0.000000 0.000000 0.000000 0.000000 0.000000 0.000000 
50.000000 30.918499 16.153632 7.146189 2.701713 0.883223 0.252667 0.063958 0.014468 0.002951 0.000547 0.000093 0.000014 0.000002 0.000000 0.000000 0.000000 0.000000 0.000000 0.000000 0.000000 0.000000 0.000000 0.000000 0.000000 0.000000 0.000000 0.000000 0.000000 0.000000 0.000000 0.000000 0.000000 0.000000 0.000000 0.000000 0.000000 0.000000 0.000000 0.000000 0.000000 0.000000 0.000000 0.000000 0.000000 0.000000 0.000000 0.000000 0.000000 0.000000 
50.000000 30.918499 16.153632 7.146189 2.701713 0.883223 0.252667 0.063958 0.014468 0.002951 0.000547 0.000093 0.000014 0.000002 0.000000 0.000000 0.000000 0.000000 0.000000 0.000000 0.000000 0.000000 0.000000 0.000000 0.000000 0.000000 0.000000 0.000000 0.000000 0.000000 0.000000 0.000000 0.000000 0.000000 0.000000 0.000000 0.000000 0.000000 0.000000 0.000000 0.000000 0.000000 0.000000 0.000000 0.000000 0.000000 0.000000 0.000000 0.000000 0.000000 
50.000000 30.918499 16.153632 7.146189 2.701713 0.883223 0.252667 0.063958 0.014468 0.002951 0.000547 0.000093 0.000014 0.000002 0.000000 0.000000 0.000000 0.000000 0.000000 0.000000 0.000000 0.000000 0.000000 0.000000 0.000000 0.000000 0.000000 0.000000 0.000000 0.000000 0.000000 0.000000 0.000000 0.000000 0.000000 0.000000 0.000000 0.000000 0.000000 0.000000 0.000000 0.000000 0.000000 0.000000 0.000000 0.000000 0.000000 0.000000 0.000000 0.000000 
50.000000 30.918499 16.153632 7.146189 2.701713 0.883223 0.252667 0.063958 0.014468 0.002951 0.000547 0.000093 0.000014 0.000002 0.000000 0.000000 0.000000 0.000000 0.000000 0.000000 0.000000 0.000000 0.000000 0.000000 0.000000 0.000000 0.000000 0.000000 0.000000 0.000000 0.000000 0.000000 0.000000 0.000000 0.000000 0.000000 0.000000 0.000000 0.000000 0.000000 0.000000 0.000000 0.000000 0.000000 0.000000 0.000000 0.000000 0.000000 0.000000 0.000000 
50.000000 30.918499 16.153632 7.146189 2.701713 0.883223 0.252667 0.063958 0.014468 0.002951 0.000547 0.000093 0.000014 0.000002 0.000000 0.000000 0.000000 0.000000 0.000000 0.000000 0.000000 0.000000 0.000000 0.000000 0.000000 0.000000 0.000000 0.000000 0.000000 0.000000 0.000000 0.000000 0.000000 0.000000 0.000000 0.000000 0.000000 0.000000 0.000000 0.000000 0.000000 0.000000 0.000000 0.000000 0.000000 0.000000 0.000000 0.000000 0.000000 0.000000 
50.000000 30.918499 16.153632 7.146189 2.701713 0.883223 0.252667 0.063958 0.014468 0.002951 0.000547 0.000093 0.000014 0.000002 0.000000 0.000000 0.000000 0.000000 0.000000 0.000000 0.000000 0.000000 0.000000 0.000000 0.000000 0.000000 0.000000 0.000000 0.000000 0.000000 0.000000 0.000000 0.000000 0.000000 0.000000 0.000000 0.000000 0.000000 0.000000 0.000000 0.000000 0.000000 0.000000 0.000000 0.000000 0.000000 0.000000 0.000000 0.000000 0.000000 
50.000000 30.918499 16.153632 7.146189 2.701713 0.883223 0.252667 0.063958 0.014468 0.002951 0.000547 0.000093 0.000014 0.000002 0.000000 0.000000 0.000000 0.000000 0.000000 0.000000 0.000000 0.000000 0.000000 0.000000 0.000000 0.000000 0.000000 0.000000 0.000000 0.000000 0.000000 0.000000 0.000000 0.000000 0.000000 0.000000 0.000000 0.000000 0.000000 0.000000 0.000000 0.000000 0.000000 0.000000 0.000000 0.000000 0.000000 0.000000 0.000000 0.000000 
50.000000 30.918499 16.153632 7.146189 2.701713 0.883223 0.252667 0.063958 0.014468 0.002951 0.000547 0.000093 0.000014 0.000002 0.000000 0.000000 0.000000 0.000000 0.000000 0.000000 0.000000 0.000000 0.000000 0.000000 0.000000 0.000000 0.000000 0.000000 0.000000 0.000000 0.000000 0.000000 0.000000 0.000000 0.000000 0.000000 0.000000 0.000000 0.000000 0.000000 0.000000 0.000000 0.000000 0.000000 0.000000 0.000000 0.000000 0.000000 0.000000 0.000000 
50.000000 30.918499 16.153632 7.146189 2.701713 0.883223 0.252667 0.063958 0.014468 0.002951 0.000547 0.000093 0.000014 0.000002 0.000000 0.000000 0.000000 0.000000 0.000000 0.000000 0.000000 0.000000 0.000000 0.000000 0.000000 0.000000 0.000000 0.000000 0.000000 0.000000 0.000000 0.000000 0.000000 0.000000 0.000000 0.000000 0.000000 0.000000 0.000000 0.000000 0.000000 0.000000 0.000000 0.000000 0.000000 0.000000 0.000000 0.000000 0.000000 0.000000 
50.000000 30.918499 16.153632 7.146189 2.701713 0.883223 0.252667 0.063958 0.014468 0.002951 0.000547 0.000093 0.000014 0.000002 0.000000 0.000000 0.000000 0.000000 0.000000 0.000000 0.000000 0.000000 0.000000 0.000000 0.000000 0.000000 0.000000 0.000000 0.000000 0.000000 0.000000 0.000000 0.000000 0.000000 0.000000 0.000000 0.000000 0.000000 0.000000 0.000000 0.000000 0.000000 0.000000 0.000000 0.000000 0.000000 0.000000 0.000000 0.000000 0.000000 
50.000000 30.918499 16.153632 7.146189 2.701713 0.883223 0.252667 0.063958 0.014468 0.002951 0.000547 0.000093 0.000014 0.000002 0.000000 0.000000 0.000000 0.000000 0.000000 0.000000 0.000000 0.000000 0.000000 0.000000 0.000000 0.000000 0.000000 0.000000 0.000000 0.000000 0.000000 0.000000 0.000000 0.000000 0.000000 0.000000 0.000000 0.000000 0.000000 0.000000 0.000000 0.000000 0.000000 0.000000 0.000000 0.000000 0.000000 0.000000 0.000000 0.000000 
50.000000 30.918499 16.153632 7.146189 2.701713 0.883223 0.252667 0.063958 0.014468 0.002951 0.000547 0.000093 0.000014 0.000002 0.000000 0.000000 0.000000 0.000000 0.000000 0.000000 0.000000 0.000000 0.000000 0.000000 0.000000 0.000000 0.000000 0.000000 0.000000 0.000000 0.000000 0.000000 0.000000 0.000000 0.000000 0.000000 0.000000 0.000000 0.000000 0.000000 0.000000 0.000000 0.000000 0.000000 0.000000 0.000000 0.000000 0.000000 0.000000 0.000000 
50.000000 30.918499 16.153632 7.146189 2.701713 0.883223 0.252667 0.063958 0.014468 0.002951 0.000547 0.000093 0.000014 0.000002 0.000000 0.000000 0.000000 0.000000 0.000000 0.000000 0.000000 0.000000 0.000000 0.000000 0.000000 0.000000 0.000000 0.000000 0.000000 0.000000 0.000000 0.000000 0.000000 0.000000 0.000000 0.000000 0.000000 0.000000 0.000000 0.000000 0.000000 0.000000 0.000000 0.000000 0.000000 0.000000 0.000000 0.000000 0.000000 0.000000 
50.000000 30.918499 16.153632 7.146189 2.701713 0.883224 0.252667 0.063958 0.014468 0.002951 0.000547 0.000093 0.000014 0.000002 0.000000 0.000000 0.000000 0.000000 0.000000 0.000000 0.000000 0.000000 0.000000 0.000000 0.000000 0.000000 0.000000 0.000000 0.000000 0.000000 0.000000 0.000000 0.000000 0.000000 0.000000 0.000000 0.000000 0.000000 0.000000 0.000000 0.000000 0.000000 0.000000 0.000000 0.000000 0.000000 0.000000 0.000000 0.000000 0.000000 
50.000000 30.918499 16.153632 7.146189 2.701714 0.883224 0.252668 0.063958 0.014469 0.002951 0.000547 0.000093 0.000015 0.000002 0.000001 0.000000 0.000000 0.000000 0.000000 0.000000 0.000000 0.000000 0.000000 0.000000 0.000000 0.000000 0.000000 0.000000 0.000000 0.000000 0.000000 0.000000 0.000000 0.000000 0.000000 0.000000 0.000000 0.000000 0.000000 0.000000 0.000000 0.000000 0.000000 0.000000 0.000000 0.000000 0.000000 0.000000 0.000000 0.000000 
50.000000 30.918500 16.153633 7.146191 2.701715 0.883226 0.252669 0.063960 0.014470 0.002953 0.000549 0.000095 0.000017 0.000004 0.000002 0.000002 0.000002 0.000002 0.000002 0.000002 0.000002 0.000002 0.000002 0.000002 0.000002 0.000002 0.000002 0.000002 0.000002 0.000002 0.000002 0.000002 0.000002 0.000002 0.000002 0.000002 0.000002 0.000002 0.000002 0.000002 0.000002 0.000002 0.000002 0.000002 0.000002 0.000002 0.000002 0.000001 0.000001 0.000000 
50.000000 30.918505 16.153642 7.146201 2.701727 0.883238 0.252682 0.063972 0.014483 0.002965 0.000561 0.000107 0.000029 0.000017 0.000015 0.000014 0.000014 0.000014 0.000014 0.000014 0.000014 0.000014 0.000014 0.000014 0.000014 0.000014 0.000014 0.000014 0.000014 0.000014 0.000014 0.000014 0.000014 0.000014 0.000014 0.000014 0.000014 0.000014 0.000014 0.000014 0.000014 0.000014 0.000014 0.000014 0.000014 0.000014 0.000013 0.000010 0.000006 0.000000 
50.000000 30.918535 16.153695 7.146269 2.701801 0.883315 0.252759 0.064050 0.014561 0.003043 0.000639 0.000185 0.000107 0.000095 0.000093 0.000093 0.000093 0.000093 0.000093 0.000093 0.000093 0.000093 0.000093 0.000093 0.000093 0.000093 0.000093 0.000093 0.000093 0.000093 0.000093 0.000093 0.000093 0.000093 0.000093 0.000093 0.000093 0.000093 0.000093 0.000093 0.000093 0.000093 0.000093 0.000092 0.000092 0.000089 0.000082 0.000066 0.000038 0.000000 
50.000000 30.918711 16.154006 7.146661 2.702233 0.883761 0.253212 0.064504 0.015015 0.003497 0.001093 0.000639 0.000561 0.000549 0.000547 0.000547 0.000547 0.000547 0.000547 0.000547 0.000547 0.000547 0.000547 0.000547 0.000547 0.000547 0.000547 0.000547 0.000547 0.000547 0.000547 0.000547 0.000547 0.000547 0.000547 0.000547 0.000547 0.000547 0.000547 0.000547 0.000547 0.000547 0.000546 0.000545 0.000540 0.000525 0.000484 0.000392 0.000226 0.000000 
50.000000 30.919641 16.155650 7.148735 2.704514 0.886126 0.255605 0.066905 0.017418 0.005901 0.003497 0.003043 0.002965 0.002953 0.002951 0.002951 0.002951 0.002951 0.002951 0.002951 0.002951 0.002951 0.002951 0.002951 0.002951 0.002951 0.002951 0.002951 0.002951 0.002951 0.002951 0.002951 0.002951 0.002951 0.002951 0.002951 0.002951 0.002951 0.002951 0.002951 0.002951 0.002950 0.002949 0.002942 0.002918 0.002838 0.002619 0.002123 0.001228 0.000000 
50.000000 30.924087 16.163515 7.158659 2.715440 0.897454 0.267069 0.078409 0.028933 0.017418 0.015015 0.014561 0.014483 0.014470 0.014469 0.014468 0.014468 0.014468 0.014468 0.014468 0.014468 0.014468 0.014468 0.014468 0.014468 0.014468 0.014468 0.014468 0.014468 0.014468 0.014468 0.014468 0.014468 0.014468 0.014468 0.014468 0.014468 0.014468 0.014468 0.014468 0.014468 0.014466 0.014459 0.014429 0.014313 0.013934 0.012883 0.010474 0.006080 0.000000 
50.000000 30.943153 16.197253 7.201262 2.762361 0.946117 0.316326 0.127841 0.078409 0.066905 0.064504 0.064050 0.063972 0.063960 0.063958 0.063958 0.063958 0.063958 0.063958 0.063958 0.063958 0.063958 0.063958 0.063958 0.063958 0.063958 0.063958 0.063958 0.063958 0.063958 0.063958 0.063958 0.063958 0.063958 0.063958 0.063958 0.063958 0.063958 0.063958 0.063957 0.063956 0.063950 0.063921 0.063793 0.063306 0.061699 0.057183 0.046683 0.027237 0.000000 
50.000000 31.015705 16.325706 7.363561 2.941195 1.131637 0.504135 0.316326 0.267069 0.255605 0.253212 0.252759 0.252682 0.252669 0.252668 0.252667 0.252667 0.252667 0.252667 0.252667 0.252667 0.252667 0.252667 0.252667 0.252667 0.252667 0.252667 0.252667 0.252667 0.252667 0.252667 0.252667 0.252667 0.252667 0.252667 0.252667 0.252667 0.252667 0.252667 0.252666 0.252662 0.252640 0.252533 0.252067 0.250277 0.244285 0.227164 0.186553 0.109673 0.000000 
50.000000 31.257666 16.754305 7.905383 3.538474 1.751412 1.131637 0.946117 0.897454 0.886126 0.883761 0.883315 0.883238 0.883226 0.883224 0.883224 0.883223 0.883223 0.883223 0.883223 0.883223 0.883223 0.883223 0.883223 0.883223 0.883223 0.883223 0.883223 0.883223 0.883223 0.883223 0.883223 0.883223 0.883223 0.883223 0.883223 0.883223 0.883223 0.883223 0.883221 0.883208 0.883141 0.882811 0.881360 0.875706 0.856445 0.800158 0.662836 0.394310 0.000000 
50.000000 31.954207 17.988686 9.466652 5.260243 3.538474 2.941195 2.762361 2.715440 2.704514 2.702233 2.701801 2.701727 2.701715 2.701714 2.701713 2.701713 2.701713 2.701713 2.701713 2.701713 2.701713 2.701713 2.701713 2.701713 2.701713 2.701713 2.701713 2.701713 2.701713 2.701713 2.701713 2.701713 2.701713 2.701713 2.701713 2.701713 2.701713 2.701712 2.701707 2.701676 2.701505 2.700662 2.696910 2.682029 2.630122 2.473634 2.076106 1.259311 0.000000 
50.000000 33.653794 21.001860 13.279538 9.466652 7.905383 7.363561 7.201262 7.158659 7.148735 7.146661 7.146269 7.146201 7.146191 7.146189 7.146189 7.146189 7.146189 7.146189 7.146189 7.146189 7.146189 7.146189 7.146189 7.146189 7.146189 7.146189 7.146189 7.146189 7.146189 7.146189 7.146189 7.146189 7.146189 7.146189 7.146189 7.146189 7.146189 7.146187 7.146177 7.146115 7.145776 7.144079 7.136397 7.105225 6.993018 6.639769 5.687434 3.569872 0.000000 
50.000000 37.093433 27.102087 21.001860 17.988686 16.754305 16.325706 16.197253 16.163515 16.155650 16.154006 16.153695 16.153642 16.153633 16.153632 16.153632 16.153632 16.153632 16.153632 16.153632 16.153632 16.153632 16.153632 16.153632 16.153632 16.153632 16.153632 16.153632 16.153632 16.153632 16.153632 16.153632 16.153632 16.153632 16.153632 16.153632 16.153632 16.153632 16.153629 16.153615 16.153527 16.153041 16.150570 16.139154 16.091469 15.912580 15.314426 13.551044 9.072797 0.000000 
50.000000 42.725596 37.093433 33.653794 31.954207 31.257666 31.015705 30.943153 30.924087 30.919641 30.918711 30.918535 30.918505 30.918500 30.918499 30.918499 30.918499 30.918499 30.918499 30.918499 30.918499 30.918499 30.918499 30.918499 30.918499 30.918499 30.918499 30.918499 30.918499 30.918499 30.918499 30.918499 30.918499 30.918499 30.918499 30.918499 30.918499 30.918499 30.918497 30.918485 30.918413 30.918007 30.915916 30.906033 30.863356 30.694897 30.083921 28.020635 21.362798 0.000000 
50.000000 50.000000 50.000000 50.000000 50.000000 50.000000 50.000000 50.000000 50.000000 50.000000 50.000000 50.000000 50.000000 50.000000 50.000000 50.000000 50.000000 50.000000 50.000000 50.000000 50.000000 50.000000 50.000000 50.000000 50.000000 50.000000 50.000000 50.000000 50.000000 50.000000 50.000000 50.000000 50.000000 50.000000 50.000000 50.000000 50.000000 50.000000 50.000000 50.000000 50.000000 50.000000 50.000000 50.000000 50.000000 50.000000 50.000000 50.000000 50.000000 50.000000 
