50.000000 50.000000 50.000000 50.000000 50.000000 50.000000 50.000000 50.000000 50.000000 50.000000 50.000000 50.000000 50.000000 50.000000 50.000000 50.000000 50.000000 50.000000 50.000000 50.000000 50.000000 50.000000 50.000000 50.000000 50.000000 50.000000 50.000000 50.000000 50.000000 50.000000 50.000000 50.000000 50.000000 50.000000 50.000000 50.000000 50.000000 50.000000 50.000000 50.000000 50.000000 50.000000 50.000000 50.000000 50.000000 50.000000 50.000000 50.000000 50.000000 50.000000 
50.000000 48.793983 47.633618 46.559380 45.602361 44.781770 44.104421 43.566032 43.153830 42.849735 42.633480 42.485173 42.387044 42.324371 42.285715 42.262676 42.249402 42.242004 42.238013 42.235929 42.234874 42.234357 42.234111 42.233997 42.233945 42.233922 42.233910 42.233899 42.233881 42.233844 42.233762 42.233584 42.233206 42.232427 42.230855 42.227764 42.221830 42.210691 42.190235 42.153395 42.088177 41.974273 41.777006 41.435753 40.839764 39.772283 37.766312 33.688033 24.396991 0.000000 
50.000000 47.633618 45.356815 43.249007 41.371203 39.761094 38.432046 37.375662 36.566875 35.970207 35.545894 35.254902 35.062366 34.939398 34.863553 34.818350 34.792306 34.777790 34.769961 34.765872 34.763802 34.762787 34.762304 34.762080 34.761979 34.761934 34.761910 34.761890 34.761857 34.761787 34.761633 34.761301 34.760598 34.759147 34.756227 34.750496 34.739518 34.718980 34.681409 34.614100 34.495778 34.291122 33.941596 33.349446 32.348574 30.649537 27.735179 22.678408 13.945585 0.000000 
50.000000 46.559380 43.249007 40.184351 37.454117 35.113107 33.180754 31.644845 30.468931 29.601428 28.984519 28.561450 28.281527 28.102749 27.992481 27.926764 27.888900 27.867799 27.856417 27.850472 27.847463 27.845987 27.845285 27.844960 27.844813 27.844747 27.844713 27.844685 27.844640 27.844547 27.844341 27.843897 27.842959 27.841027 27.837150 27.829564 27.815090 27.788141 27.739138 27.652033 27.500462 27.241854 26.808361 26.092944 24.928239 23.056185 20.092175 15.513828 8.793068 0.000000 
50.000000 45.602361 41.371203 37.454117 33.964485 30.972351 28.502551 26.539473 25.036524 23.927769 23.139306 22.598593 22.240835 22.012350 21.871424 21.787438 21.739049 21.712081 21.697536 21.689939 21.686094 21.684208 21.683310 21.682895 21.682708 21.682624 21.682582 21.682548 21.682496 21.682389 21.682156 21.681651 21.680589 21.678406 21.674042 21.665537 21.649388 21.619501 21.565565 21.470590 21.307304 21.033007 20.582495 19.858822 18.722482 16.982242 14.397932 10.721666 5.830078 0.000000 
50.000000 44.781770 39.761094 35.113107 30.972351 27.421940 24.491342 22.162024 20.378696 19.063114 18.127582 17.486020 17.061542 16.790450 16.623249 16.523604 16.466195 16.434201 16.416944 16.407932 16.403371 16.401133 16.400069 16.399576 16.399355 16.399255 16.399206 16.399169 16.399115 16.399006 16.398767 16.398253 16.397174 16.394966 16.390566 16.382033 16.365923 16.336312 16.283315 16.190949 16.034161 15.774953 15.357715 14.704358 13.710970 12.249869 10.184868 7.412520 3.942006 0.000000 
50.000000 44.104421 38.432046 33.180754 28.502551 24.491342 21.180412 18.548821 16.534093 15.047821 13.990923 13.266141 12.786610 12.480364 12.291483 12.178921 12.114070 12.077930 12.058438 12.048258 12.043106 12.040579 12.039376 12.038821 12.038570 12.038459 12.038405 12.038367 12.038315 12.038211 12.037987 12.037506 12.036499 12.034446 12.030374 12.022517 12.007773 11.980867 11.933129 11.850795 11.712799 11.488155 11.133298 10.590206 9.786984 8.643730 7.087809 5.082600 2.668668 0.000000 
50.000000 43.566032 37.375662 31.644845 26.539473 22.162024 18.548821 15.677003 13.478381 11.856471 10.703133 9.912229 9.388957 9.054782 8.848680 8.725857 8.655097 8.615664 8.594396 8.583289 8.577668 8.574911 8.573599 8.572993 8.572720 8.572599 8.572542 8.572504 8.572457 8.572365 8.572169 8.571750 8.570874 8.569097 8.565587 8.558851 8.546289 8.523533 8.483506 8.415173 8.302025 8.120463 7.838502 7.415523 6.804309 5.956978 4.836484 3.434067 1.789026 0.000000 
50.000000 43.153830 36.566875 30.468931 25.036524 20.378696 16.534093 13.478381 11.138997 9.413266 8.186118 7.344610 6.787867 6.432321 6.213043 6.082370 6.007089 5.965137 5.942512 5.930695 5.924716 5.921783 5.920388 5.919743 5.919453 5.919325 5.919266 5.919230 5.919189 5.919113 5.918951 5.918607 5.917892 5.916445 5.913603 5.908176 5.898120 5.880032 5.848483 5.795142 5.707811 5.569499 5.357918 5.045937 4.603743 4.003517 3.227077 2.275753 1.179558 0.000000 
50.000000 42.849735 35.970207 29.601428 23.927769 19.063114 15.047821 11.856471 9.413266 7.610968 6.329388 5.450565 4.869142 4.497842 4.268850 4.132392 4.053778 4.009971 3.986345 3.974006 3.967763 3.964701 3.963243 3.962570 3.962268 3.962135 3.962074 3.962041 3.962006 3.961946 3.961820 3.961553 3.961000 3.959887 3.957711 3.953577 3.945962 3.932361 3.908823 3.869387 3.805484 3.705455 3.554446 3.335023 3.028953 2.620465 2.100966 1.474429 0.761558 0.000000 
50.000000 42.633480 35.545894 28.984519 23.139306 18.127582 13.990923 10.703133 8.186118 6.329388 5.009117 4.103771 3.504809 3.122313 2.886419 2.745850 2.664869 2.619744 2.595407 2.582698 2.576267 2.573113 2.571612 2.570919 2.570608 2.570471 2.570410 2.570379 2.570350 2.570305 2.570211 2.570014 2.569609 2.568796 2.567212 2.564220 2.558741 2.549017 2.532313 2.504558 2.460001 2.390976 2.287959 2.140127 1.936633 1.668716 1.332487 0.931793 0.480085 0.000000 
50.000000 42.485173 35.254902 28.561450 22.598593 17.486020 13.266141 9.912229 7.344610 5.450565 4.103771 3.180247 2.569265 2.179096 1.938474 1.795089 1.712487 1.666459 1.641636 1.628672 1.622113 1.618896 1.617365 1.616658 1.616341 1.616202 1.616141 1.616111 1.616089 1.616055 1.615989 1.615851 1.615567 1.615001 1.613902 1.611838 1.608076 1.601443 1.590124 1.571458 1.541742 1.496127 1.428722 1.333012 1.202705 1.033028 0.822312 0.573493 0.294938 0.000000 
50.000000 42.387044 35.062366 28.281527 22.240835 17.061542 12.786610 9.388957 6.787867 4.869142 3.504809 2.569265 1.950334 1.555094 1.311346 1.166100 1.082427 1.035802 1.010658 0.997527 0.990883 0.987624 0.986074 0.985358 0.985036 0.984896 0.984835 0.984807 0.984788 0.984764 0.984719 0.984626 0.984437 0.984060 0.983332 0.981969 0.979499 0.975167 0.967822 0.955792 0.936781 0.907834 0.865424 0.805743 0.725231 0.621333 0.493386 0.343386 0.176352 0.000000 
50.000000 42.324371 34.939398 28.102749 22.012350 16.790450 12.480364 9.054782 6.432321 4.497842 3.122313 2.179096 1.555094 1.156618 0.910876 0.764442 0.680086 0.633081 0.607731 0.594493 0.587796 0.584510 0.582947 0.582226 0.581902 0.581761 0.581700 0.581673 0.581657 0.581640 0.581611 0.581551 0.581430 0.581189 0.580726 0.579864 0.578309 0.575595 0.571020 0.563572 0.551880 0.534202 0.508493 0.472591 0.424527 0.362962 0.287659 0.199880 0.102542 0.000000 
50.000000 42.285715 34.863553 27.992481 21.871424 16.623249 12.291483 8.848680 6.213043 4.268850 2.886419 1.938474 1.311346 0.910876 0.663905 0.516741 0.431963 0.384724 0.359248 0.345945 0.339214 0.335912 0.334341 0.333616 0.333291 0.333149 0.333088 0.333062 0.333049 0.333037 0.333018 0.332981 0.332906 0.332759 0.332477 0.331953 0.331012 0.329378 0.326636 0.322199 0.315273 0.304866 0.289829 0.268966 0.241215 0.205888 0.162916 0.113057 0.057950 0.000000 
50.000000 42.262676 34.818350 27.926764 21.787438 16.523604 12.178921 8.725857 6.082370 4.132392 2.745850 1.795089 1.166100 0.764442 0.516741 0.369141 0.284113 0.236734 0.211184 0.197841 0.191090 0.187779 0.186203 0.185476 0.185150 0.185008 0.184947 0.184922 0.184909 0.184901 0.184889 0.184867 0.184823 0.184736 0.184570 0.184264 0.183716 0.182769 0.181187 0.178638 0.174681 0.168768 0.160270 0.148547 0.133038 0.113396 0.089614 0.062123 0.031821 0.000000 
50.000000 42.249402 34.792306 27.888900 21.739049 16.466195 12.114070 8.655097 6.007089 4.053778 2.664869 1.712487 1.082427 0.680086 0.431963 0.284113 0.198941 0.151482 0.125889 0.112524 0.105761 0.102445 0.100867 0.100138 0.099811 0.099669 0.099609 0.099583 0.099572 0.099565 0.099558 0.099545 0.099520 0.099471 0.099377 0.099205 0.098897 0.098367 0.097487 0.096074 0.093891 0.090643 0.086000 0.079624 0.071229 0.060642 0.047873 0.033159 0.016975 0.000000 
50.000000 42.242004 34.777790 27.867799 21.712081 16.434201 12.077930 8.615664 5.965137 4.009971 2.619744 1.666459 1.035802 0.633081 0.384724 0.236734 0.151482 0.103979 0.078361 0.064984 0.058215 0.054895 0.053316 0.052586 0.052260 0.052117 0.052057 0.052032 0.052021 0.052016 0.052011 0.052003 0.051990 0.051963 0.051912 0.051818 0.051651 0.051365 0.050892 0.050135 0.048971 0.047246 0.044790 0.041431 0.037027 0.031493 0.024840 0.017193 0.008797 0.000000 
50.000000 42.238014 34.769961 27.856417 21.697536 16.416945 12.058438 8.594396 5.942512 3.986345 2.595408 1.641636 1.010658 0.607732 0.359249 0.211184 0.125889 0.078361 0.052731 0.039346 0.032575 0.029253 0.027673 0.026943 0.026616 0.026474 0.026413 0.026388 0.026378 0.026373 0.026370 0.026366 0.026358 0.026344 0.026317 0.026268 0.026181 0.026032 0.025786 0.025394 0.024793 0.023905 0.022647 0.020932 0.018692 0.015885 0.012520 0.008660 0.004430 0.000000 
50.000000 42.235929 34.765872 27.850472 21.689939 16.407932 12.048258 8.583289 5.930696 3.974007 2.582699 1.628673 0.997527 0.594494 0.345946 0.197842 0.112524 0.064984 0.039347 0.025959 0.019185 0.015863 0.014282 0.013553 0.013225 0.013083 0.013023 0.012998 0.012987 0.012983 0.012981 0.012978 0.012975 0.012967 0.012954 0.012929 0.012884 0.012809 0.012685 0.012489 0.012188 0.011746 0.011121 0.010272 0.009166 0.007784 0.006131 0.004239 0.002168 0.000000 
50.000000 42.234875 34.763803 27.847464 21.686096 16.403372 12.043108 8.577670 5.924719 3.967765 2.576269 1.622116 0.990885 0.587798 0.339216 0.191092 0.105764 0.058217 0.032577 0.019187 0.012412 0.009089 0.007509 0.006779 0.006452 0.006309 0.006249 0.006224 0.006214 0.006210 0.006208 0.006206 0.006204 0.006201 0.006194 0.006182 0.006160 0.006123 0.006063 0.005967 0.005822 0.005608 0.005307 0.004899 0.004368 0.003708 0.002919 0.002017 0.001031 0.000000 
50.000000 42.234358 34.762789 27.845990 21.684212 16.401138 12.040584 8.574916 5.921789 3.964706 2.573119 1.618902 0.987630 0.584516 0.335918 0.187785 0.102451 0.054901 0.029259 0.015868 0.009093 0.005770 0.004189 0.003459 0.003132 0.002990 0.002929 0.002904 0.002894 0.002890 0.002889 0.002888 0.002887 0.002885 0.002882 0.002876 0.002866 0.002848 0.002820 0.002774 0.002706 0.002606 0.002464 0.002274 0.002027 0.001719 0.001353 0.000934 0.000478 0.000000 
50.000000 42.234113 34.762309 27.845292 21.683320 16.400080 12.039389 8.573613 5.920402 3.963258 2.571628 1.617381 0.986089 0.582963 0.334358 0.186220 0.100883 0.053332 0.027689 0.014298 0.007522 0.004199 0.002618 0.001888 0.001561 0.001419 0.001358 0.001333 0.001323 0.001320 0.001318 0.001317 0.001317 0.001316 0.001314 0.001311 0.001307 0.001299 0.001285 0.001264 0.001233 0.001187 0.001122 0.001035 0.000922 0.000782 0.000615 0.000425 0.000217 0.000000 
50.000000 42.234003 34.762093 27.844979 21.682920 16.399605 12.038853 8.573028 5.919780 3.962609 2.570958 1.616698 0.985398 0.582266 0.333657 0.185517 0.100179 0.052627 0.026984 0.013593 0.006817 0.003494 0.001913 0.001183 0.000856 0.000714 0.000653 0.000628 0.000618 0.000614 0.000613 0.000612 0.000612 0.000611 0.000611 0.000609 0.000607 0.000603 0.000597 0.000587 0.000572 0.000551 0.000521 0.000480 0.000427 0.000362 0.000285 0.000197 0.000100 0.000000 
50.000000 42.233962 34.762012 27.844860 21.682768 16.399425 12.038649 8.572806 5.919544 3.962363 2.570705 1.616440 0.985136 0.582002 0.333392 0.185251 0.099913 0.052361 0.026717 0.013326 0.006551 0.003227 0.001646 0.000916 0.000589 0.000447 0.000386 0.000361 0.000351 0.000348 0.000346 0.000345 0.000345 0.000345 0.000344 0.000344 0.000342 0.000340 0.000337 0.000331 0.000323 0.000310 0.000293 0.000270 0.000240 0.000204 0.000160 0.000111 0.000056 0.000000 
50.000000 42.233962 34.762012 27.844860 21.682768 16.399425 12.038649 8.572806 5.919544 3.962363 2.570705 1.616440 0.985136 0.582002 0.333392 0.185251 0.099913 0.052361 0.026717 0.013326 0.006551 0.003227 0.001646 0.000916 0.000589 0.000447 0.000386 0.000361 0.000351 0.000348 0.000346 0.000345 0.000345 0.000345 0.000344 0.000344 0.000342 0.000340 0.000337 0.000331 0.000323 0.000310 0.000293 0.000270 0.000240 0.000204 0.000160 0.000111 0.000056 0.000000 
50.000000 42.234003 34.762093 27.844979 21.682920 16.399605 12.038853 8.573028 5.919780 3.962609 2.570958 1.616698 0.985398 0.582266 0.333657 0.185517 0.100179 0.052627 0.026984 0.013593 0.006817 0.003494 0.001913 0.001183 0.000856 0.000714 0.000653 0.000628 0.000618 0.000614 0.000613 0.000612 0.000612 0.000611 0.000611 0.000609 0.000607 0.000603 0.000597 0.000587 0.000572 0.000551 0.000521 0.000480 0.000427 0.000362 0.000285 0.000197 0.000100 0.000000 
50.000000 42.234113 34.762309 27.845292 21.683320 16.400080 12.039389 8.573613 5.920402 3.963258 2.571628 1.617381 0.986089 0.582963 0.334358 0.186220 0.100883 0.053332 0.027689 0.014298 0.007522 0.004199 0.002618 0.001888 0.001561 0.001419 0.001358 0.001333 0.001323 0.001320 0.001318 0.001317 0.001317 0.001316 0.001314 0.001311 0.001307 0.001299 0.001285 0.001264 0.001233 0.001187 0.001122 0.001035 0.000922 0.000782 0.000615 0.000425 0.000217 0.000000 
50.000000 42.234358 34.762789 27.845990 21.684212 16.401138 12.040584 8.574916 5.921789 3.964706 2.573119 1.618902 0.987630 0.584516 0.335918 0.187785 0.102451 0.054901 0.029259 0.015868 0.009093 0.005770 0.004189 0.003459 0.003132 0.002990 0.002929 0.002904 0.002894 0.002890 0.002889 0.002888 0.002887 0.002885 0.002882 0.002876 0.002866 0.002848 0.002820 0.002774 0.002706 0.002606 0.002464 0.002274 0.002027 0.001719 0.001353 0.000934 0.000478 0.000000 
50.000000 42.234875 34.763803 27.847464 21.686096 16.403372 12.043108 8.577670 5.924719 3.967765 2.576269 1.622116 0.990885 0.587798 0.339216 0.191092 0.105764 0.058217 0.032577 0.019187 0.012412 0.009089 0.007509 0.006779 0.006452 0.006309 0.006249 0.006224 0.006214 0.006210 0.006208 0.006206 0.006204 0.006201 0.006194 0.006182 0.006160 0.006123 0.006063 0.005967 0.005822 0.005608 0.005307 0.004899 0.004368 0.003708 0.002919 0.002017 0.001031 0.000000 
50.000000 42.235929 34.765872 27.850472 21.689939 16.407932 12.048258 8.583289 5.930696 3.974007 2.582699 1.628673 0.997527 0.594494 0.345946 0.197842 0.112524 0.064984 0.039347 0.025959 0.019185 0.015863 0.014282 0.013553 0.013225 0.013083 0.013023 0.012998 0.012987 0.012983 0.012981 0.012978 0.012975 0.012967 0.012954 0.012929 0.012884 0.012809 0.012685 0.012489 0.012188 0.011746 0.011121 0.010272 0.009166 0.007784 0.006131 0.004239 0.002168 0.000000 
50.000000 42.238014 34.769961 27.856417 21.697536 16.416945 12.058438 8.594396 5.942512 3.986345 2.595408 1.641636 1.010658 0.607732 0.359249 0.211184 0.125889 0.078361 0.052731 0.039346 0.032575 0.029253 0.027673 0.026943 0.026616 0.026474 0.026413 0.026388 0.026378 0.026373 0.026370 0.026366 0.026358 0.026344 0.026317 0.026268 0.026181 0.026032 0.025786 0.025394 0.024793 0.023905 0.022647 0.020932 0.018692 0.015885 0.012520 0.008660 0.004430 0.000000 
50.000000 42.242004 34.777790 27.867799 21.712081 16.434201 12.077930 8.615664 5.965137 4.009971 2.619744 1.666459 1.035802 0.633081 0.384724 0.236734 0.151482 0.103979 0.078361 0.064984 0.058215 0.054895 0.053316 0.052586 0.052260 0.052117 0.052057 0.052032 0.052021 0.052016 0.052011 0.052003 0.051990 0.051963 0.051912 0.051818 0.051651 0.051365 0.050892 0.050135 0.048971 0.047246 0.044790 0.041431 0.037027 0.031493 0.024840 0.017193 0.008797 0.000000 
50.000000 42.249402 34.792306 27.888900 21.739049 16.466195 12.114070 8.655097 6.007089 4.053778 2.664869 1.712487 1.082427 0.680086 0.431963 0.284113 0.198941 0.151482 0.125889 0.112524 0.105761 0.102445 0.100867 0.100138 0.099811 0.099669 0.099609 0.099583 0.099572 0.099565 0.099558 0.099545 0.099520 0.099471 0.099377 0.099205 0.098897 0.098367 0.097487 0.096074 0.093891 0.090643 0.086000 0.079624 0.071229 0.060642 0.047873 0.033159 0.016975 0.000000 
50.000000 42.262676 34.818350 27.926764 21.787438 16.523604 12.178921 8.725857 6.082370 4.132392 2.745850 1.795089 1.166100 0.764442 0.516741 0.369141 0.284113 0.236734 0.211184 0.197841 0.191090 0.187779 0.186203 0.185476 0.185150 0.185008 0.184947 0.184922 0.184909 0.184901 0.184889 0.184867 0.184823 0.184736 0.184570 0.184264 0.183716 0.182769 0.181187 0.178638 0.174681 0.168768 0.160270 0.148547 0.133038 0.113396 0.089614 0.062123 0.031821 0.000000 
50.000000 42.285715 34.863553 27.992481 21.871424 16.623249 12.291483 8.848680 6.213043 4.268850 2.886419 1.938474 1.311346 0.910876 0.663905 0.516741 0.431963 0.384724 0.359248 0.345945 0.339214 0.335912 0.334341 0.333616 0.333291 0.333149 0.333088 0.333062 0.333049 0.333037 0.333018 0.332981 0.332906 0.332759 0.332477 0.331953 0.331012 0.329378 0.326636 0.322199 0.315273 0.304866 0.289829 0.268966 0.241215 0.205888 0.162916 0.113057 0.057950 0.000000 
50.000000 42.324371 34.939398 28.102749 22.012350 16.790450 12.480364 9.054782 6.432321 4.497842 3.122313 2.179096 1.555094 1.156618 0.910876 0.764442 0.680086 0.633081 0.607731 0.594493 0.587796 0.584510 0.582947 0.582226 0.581902 0.581761 0.581700 0.581673 0.581657 0.581640 0.581611 0.581551 0.581430 0.581189 0.580726 0.579864 0.578309 0.575595 0.571020 0.563572 0.551880 0.534202 0.508493 0.472591 0.424527 0.362962 0.287659 0.199880 0.102542 0.000000 
50.000000 42.387044 35.062366 28.281527 22.240835 17.061542 12.786610 9.388957 6.787867 4.869142 3.504809 2.569265 1.950334 1.555094 1.311346 1.166100 1.082427 1.035802 1.010658 0.997527 0.990883 0.987624 0.986074 0.985358 0.985036 0.984896 0.984835 0.984807 0.984788 0.984764 0.984719 0.984626 0.984437 0.984060 0.983332 0.981969 0.979499 0.975167 0.967822 0.955792 0.936781 0.907834 0.865424 0.805743 0.725231 0.621333 0.493386 0.343386 0.176352 0.000000 
50.000000 42.485173 35.254902 28.561450 22.598593 17.486020 13.266141 9.912229 7.344610 5.450565 4.103771 3.180247 2.569265 2.179096 1.938474 1.795089 1.712487 1.666459 1.641636 1.628672 1.622113 1.618896 1.617365 1.616658 1.616341 1.616202 1.616141 1.616111 1.616089 1.616055 1.615989 1.615851 1.615567 1.615001 1.613902 1.611838 1.608076 1.601443 1.590124 1.571458 1.541742 1.496127 1.428722 1.333012 1.202705 1.033028 0.822312 0.573493 0.294938 0.000000 
50.000000 42.633480 35.545894 28.984519 23.139306 18.127582 13.990923 10.703133 8.186118 6.329388 5.009117 4.103771 3.504809 3.122313 2.886419 2.745850 2.664869 2.619744 2.595407 2.582698 2.576267 2.573113 2.571612 2.570919 2.570608 2.570471 2.570410 2.570379 2.570350 2.570305 2.570211 2.570014 2.569609 2.568796 2.567212 2.564220 2.558741 2.549017 2.532313 2.504558 2.460001 2.390976 2.287959 2.140127 1.936633 1.668716 1.332487 0.931793 0.480085 0.000000 
50.000000 42.849735 35.970207 29.601428 23.927769 19.063114 15.047821 11.856471 9.413266 7.610968 6.329388 5.450565 4.869142 4.497842 4.268850 4.132392 4.053778 4.009971 3.986345 3.974006 3.967763 3.964701 3.963243 3.962570 3.962268 3.962135 3.962074 3.962041 3.962006 3.961946 3.961820 3.961553 3.961000 3.959887 3.957711 3.953577 3.945962 3.932361 3.908823 3.869387 3.805484 3.705455 3.554446 3.335023 3.028953 2.620465 2.100966 1.474429 0.761558 0.000000 
50.000000 43.153830 36.566875 30.468931 25.036524 20.378696 16.534093 13.478381 11.138997 9.413266 8.186118 7.344610 6.787867 6.432321 6.213043 6.082370 6.007089 5.965137 5.942512 5.930695 5.924716 5.921783 5.920388 5.919743 5.919453 5.919325 5.919266 5.919230 5.919189 5.919113 5.918951 5.918607 5.917892 5.916445 5.913603 5.908176 5.898120 5.880032 5.848483 5.795142 5.707811 5.569499 5.357918 5.045937 4.603743 4.003517 3.227077 2.275753 1.179558 0.000000 
50.000000 43.566032 37.375662 31.644845 26.539473 22.162024 18.548821 15.677003 13.478381 11.856471 10.703133 9.912229 9.388957 9.054782 8.848680 8.725857 8.655097 8.615664 8.594396 8.583289 8.577668 8.574911 8.573599 8.572993 8.572720 8.572599 8.572542 8.572504 8.572457 8.572365 8.572169 8.571750 8.570874 8.569097 8.565587 8.558851 8.546289 8.523533 8.483506 8.415173 8.302025 8.120463 7.838502 7.415523 6.804309 5.956978 4.836484 3.434067 1.789026 0.000000 
50.000000 44.104421 38.432046 33.180754 28.502551 24.491342 21.180412 18.548821 16.534093 15.047821 13.990923 13.266141 12.786610 12.480364 12.291483 12.178921 12.114070 12.077930 12.058438 12.048258 12.043106 12.040579 12.039376 12.038821 12.038570 12.038459 12.038405 12.038367 12.038315 12.038211 12.037987 12.037506 12.036499 12.034446 12.030374 12.022517 12.007773 11.980867 11.933129 11.850795 11.712799 11.488155 11.133298 10.590206 9.786984 8.643730 7.087809 5.082600 2.668668 0.000000 
50.000000 44.781770 39.761094 35.113107 30.972351 27.421940 24.491342 22.162024 20.378696 19.063114 18.127582 17.486020 17.061542 16.790450 16.623249 16.523604 16.466195 16.434201 16.416944 16.407932 16.403371 16.401133 16.400069 16.399576 16.399355 16.399255 16.399206 16.399169 16.399115 16.399006 16.398767 16.398253 16.397174 16.394966 16.390566 16.382033 16.365923 16.336312 16.283315 16.190949 16.034161 15.774953 15.357715 14.704358 13.710970 12.249869 10.184868 7.412520 3.942006 0.000000 
50.000000 45.602361 41.371203 37.454117 33.964485 30.972351 28.502551 26.539473 25.036524 23.927769 23.139306 22.598593 22.240835 22.012350 21.871424 21.787438 21.739049 21.712081 21.697536 21.689939 21.686094 21.684208 21.683310 21.682895 21.682708 21.682624 21.682582 21.682548 21.682496 21.682389 21.682156 21.681651 21.680589 21.678406 21.674042 21.665537 21.649388 21.619501 21.565565 21.470590 21.307304 21.033007 20.582495 19.858822 18.722482 16.982242 14.397932 10.721666 5.830078 0.000000 
50.000000 46.559380 43.249007 40.184351 37.454117 35.113107 33.180754 31.644845 30.468931 29.601428 28.984519 28.561450 28.281527 28.102749 27.992481 27.926764 27.888900 27.867799 27.856417 27.850472 27.847463 27.845987 27.845285 27.844960 27.844813 27.844747 27.844713 27.844685 27.844640 27.844547 27.844341 27.843897 27.842959 27.841027 27.837150 27.829564 27.815090 27.788141 27.739138 27.652033 27.500462 27.241854 26.808361 26.092944 24.928239 23.056185 20.092175 15.513828 8.793068 0.000000 
50.000000 47.633618 45.356815 43.249007 41.371203 39.761094 38.432046 37.375662 36.566875 35.970207 35.545894 35.254902 35.062366 34.939398 34.863553 34.818350 34.792306 34.777790 34.769961 34.765872 34.763802 34.762787 34.762304 34.762080 34.761979 34.761934 34.761910 34.761890 34.761857 34.761787 34.761633 34.761301 34.760598 34.759147 34.756227 34.750496 34.739518 34.718980 34.681409 34.614100 34.495778 34.291122 33.941596 33.349446 32.348574 30.649537 27.735179 22.678408 13.945585 0.000000 
50.000000 48.793983 47.633618 46.559380 45.602361 44.781770 44.104421 43.566032 43.153830 42.849735 42.633480 42.485173 42.387044 42.324371 42.285715 42.262676 42.249402 42.242004 42.238013 42.235929 42.234874 42.234357 42.234111 42.233997 42.233945 42.233922 42.233910 42.233899 42.233881 42.233844 42.233762 42.233584 42.233206 42.232427 42.230855 42.227764 42.221830 42.210691 42.190235 42.153395 42.088177 41.974273 41.777006 41.435753 40.839764 39.772283 37.766312 33.688033 24.396991 0.000000 
50.000000 50.000000 50.000000 50.000000 50.000000 50.000000 50.000000 50.000000 50.000000 50.000000 50.000000 50.000000 50.000000 50.000000 50.000000 50.000000 50.000000 50.000000 50.000000 50.000000 50.000000 50.000000 50.000000 50.000000 50.000000 50.000000 50.000000 50.000000 50.000000 50.000000 50.000000 50.000000 50.000000 50.000000 50.000000 50.000000 50.000000 50.000000 50.000000 50.000000 50.000000 50.000000 50.000000 50.000000 50.000000 50.000000 50.000000 50.000000 50.000000 50.000000 
