50.000000 50.000000 50.000000 50.000000 50.000000 50.000000 50.000000 50.000000 50.000000 50.000000 50.000000 50.000000 50.000000 50.000000 50.000000 50.000000 50.000000 50.000000 50.000000 50.000000 50.000000 50.000000 50.000000 50.000000 50.000000 50.000000 50.000000 50.000000 50.000000 50.000000 50.000000 50.000000 50.000000 50.000000 50.000000 50.000000 50.000000 50.000000 50.000000 50.000000 50.000000 50.000000 50.000000 50.000000 50.000000 50.000000 50.000000 50.000000 50.000000 50.000000 
50.000000 48.709924 47.472082 46.332372 45.325294 44.471092 43.775426 43.231264 42.822282 42.526808 42.321515 42.184270 42.095938 42.041174 42.008451 41.989592 41.979104 41.973471 41.970548 41.969082 41.968370 41.968036 41.967883 41.967816 41.967787 41.967774 41.967768 41.967762 41.967752 41.967729 41.967677 41.967558 41.967297 41.966736 41.965564 41.963179 41.958447 41.949288 41.931975 41.899951 41.841842 41.738047 41.554624 41.231618 40.658766 39.619501 37.646613 33.605620 24.354962 0.000000 
50.000000 47.472082 45.046521 42.813252 40.839880 39.166075 37.802923 36.736649 35.935259 35.356290 34.954027 34.685104 34.512024 34.404721 34.340602 34.303650 34.283100 34.272064 34.266337 34.263464 34.262069 34.261414 34.261116 34.260984 34.260927 34.260903 34.260890 34.260879 34.260861 34.260818 34.260721 34.260500 34.260016 34.258977 34.256809 34.252406 34.243692 34.226880 34.195227 34.136983 34.032043 33.846418 33.522953 32.965153 32.007837 30.361918 27.509840 22.523260 13.866462 0.000000 
50.000000 46.332372 42.813252 39.573126 36.710079 34.281668 32.303973 30.757005 29.594344 28.754379 28.170785 27.780641 27.529546 27.373877 27.280859 27.227254 27.197442 27.181433 27.173125 27.168958 27.166935 27.165984 27.165551 27.165360 27.165278 27.165242 27.165225 27.165210 27.165185 27.165128 27.164999 27.164706 27.164064 27.162691 27.159834 27.154049 27.142645 27.120748 27.079772 27.004959 26.871536 26.638737 26.240588 25.571756 24.466121 22.666106 19.786563 15.303412 8.685759 0.000000 
50.000000 45.325294 40.839880 36.710079 33.060913 29.965738 27.445050 25.473366 23.991514 22.920961 22.177167 21.679933 21.359919 21.161527 21.042982 20.974667 20.936676 20.916274 20.905688 20.900377 20.897799 20.896587 20.896036 20.895792 20.895688 20.895643 20.895621 20.895603 20.895574 20.895511 20.895365 20.895036 20.894316 20.892781 20.889598 20.883178 20.870584 20.846549 20.801906 20.721167 20.578897 20.334490 19.924911 19.255189 18.187263 16.530456 14.043973 10.477962 5.705792 0.000000 
50.000000 44.471092 39.166075 34.281668 29.965738 26.305049 23.323834 20.991948 19.239401 17.973302 17.093660 16.505619 16.127170 15.892555 15.752368 15.671584 15.626659 15.602534 15.590016 15.583736 15.580688 15.579256 15.578604 15.578316 15.578192 15.578139 15.578114 15.578095 15.578066 15.578001 15.577854 15.577524 15.576802 15.575269 15.572101 15.565743 15.553341 15.529834 15.486533 15.409018 15.274155 15.046132 14.671599 14.074532 13.152524 11.778476 9.815547 7.158238 3.812326 0.000000 
50.000000 43.775426 37.802923 32.303973 27.445050 23.323834 19.967602 17.342408 15.369447 13.944133 12.953889 12.291922 11.865904 11.601804 11.444003 11.353070 11.302502 11.275348 11.261259 11.254190 11.250760 11.249148 11.248414 11.248090 11.247951 11.247892 11.247865 11.247846 11.247817 11.247757 11.247621 11.247317 11.246654 11.245251 11.242365 11.236601 11.225426 11.204396 11.165991 11.097953 10.981064 10.786442 10.472700 9.983801 9.249301 8.189861 6.732217 4.837770 2.543808 0.000000 
50.000000 43.231264 36.736649 30.757005 25.473366 20.991948 17.342408 14.487824 12.342490 10.792673 9.715946 8.996178 8.532969 8.245820 8.074251 7.975385 7.920408 7.890887 7.875569 7.867885 7.864156 7.862404 7.861606 7.861254 7.861103 7.861039 7.861011 7.860992 7.860967 7.860915 7.860798 7.860537 7.859971 7.858778 7.856335 7.851483 7.842132 7.824663 7.793035 7.737568 7.643414 7.488871 7.243912 6.869708 6.320349 5.548455 4.516417 3.213696 1.676640 0.000000 
50.000000 42.822282 35.935259 29.594344 23.991514 19.239401 15.369447 12.342490 10.067639 8.424278 7.282579 6.519391 6.028247 5.723787 5.541878 5.437056 5.378768 5.347470 5.331231 5.323085 5.319131 5.317274 5.316428 5.316055 5.315895 5.315828 5.315798 5.315781 5.315759 5.315717 5.315623 5.315413 5.314961 5.314010 5.312071 5.308242 5.300908 5.287303 5.262875 5.220444 5.149220 5.033820 4.853620 4.583004 4.193269 3.657024 2.955607 2.088841 1.084235 0.000000 
50.000000 42.526808 35.356290 28.754379 22.920961 17.973302 13.944133 10.792673 8.424278 6.713361 5.524744 4.730205 4.218893 3.901936 3.712563 3.603444 3.542767 3.510186 3.493282 3.484803 3.480688 3.478754 3.477874 3.477486 3.477320 3.477250 3.477220 3.477203 3.477186 3.477153 3.477081 3.476923 3.476581 3.475866 3.474415 3.471564 3.466136 3.456135 3.438317 3.407644 3.356681 3.275058 3.149259 2.963069 2.699147 2.342064 1.882844 1.324247 0.684966 0.000000 
50.000000 42.321515 34.954027 28.170785 22.177167 17.093660 12.953889 9.715946 7.282579 5.524744 4.303546 3.487238 2.961924 2.636292 2.441739 2.329637 2.267302 2.233832 2.216467 2.207756 2.203529 2.201543 2.200639 2.200240 2.200069 2.199998 2.199968 2.199952 2.199939 2.199914 2.199863 2.199749 2.199504 2.198995 2.197966 2.195953 2.192143 2.185169 2.172834 2.151773 2.117100 2.062135 1.978378 1.855936 1.684642 1.455999 1.165827 0.817044 0.421564 0.000000 
50.000000 42.184270 34.685104 27.780641 21.679933 16.505619 12.291922 8.996178 6.519391 4.730205 3.487238 2.656386 2.121720 1.790294 1.592282 1.478187 1.414746 1.380682 1.363010 1.354145 1.349843 1.347821 1.346902 1.346496 1.346322 1.346249 1.346219 1.346205 1.346194 1.346177 1.346142 1.346064 1.345897 1.345552 1.344858 1.343506 1.340961 1.336330 1.328193 1.314403 1.291887 1.256516 1.203143 1.125931 1.019086 0.878026 0.700870 0.489877 0.252294 0.000000 
50.000000 42.095938 34.512024 27.529546 21.359919 16.127170 11.865904 8.532969 6.028247 4.218893 2.961924 2.121720 1.581039 1.245888 1.045652 0.930278 0.866125 0.831680 0.813810 0.804846 0.800496 0.798452 0.797522 0.797112 0.796936 0.796863 0.796833 0.796820 0.796811 0.796799 0.796776 0.796725 0.796617 0.796394 0.795947 0.795080 0.793457 0.790520 0.785390 0.776755 0.762758 0.740944 0.708306 0.661508 0.597336 0.513370 0.408797 0.285144 0.146649 0.000000 
50.000000 42.041174 34.404721 27.373877 21.161527 15.892555 11.601804 8.245820 5.723787 3.901936 2.636292 1.790294 1.245888 0.908430 0.706818 0.590651 0.526058 0.491377 0.473384 0.464359 0.459980 0.457922 0.456985 0.456572 0.456396 0.456322 0.456292 0.456279 0.456272 0.456264 0.456249 0.456218 0.456151 0.456013 0.455737 0.455206 0.454215 0.452431 0.449333 0.444149 0.435800 0.422879 0.403688 0.376378 0.339214 0.290944 0.231232 0.161029 0.082728 0.000000 
50.000000 42.008451 34.340602 27.280859 21.042982 15.752368 11.444003 8.074251 5.541878 3.712563 2.441739 1.592282 1.045652 0.706818 0.504384 0.387744 0.322889 0.288067 0.270001 0.260940 0.256542 0.254476 0.253536 0.253121 0.252944 0.252870 0.252840 0.252828 0.252822 0.252816 0.252807 0.252788 0.252748 0.252667 0.252504 0.252192 0.251612 0.250572 0.248776 0.245786 0.240999 0.233636 0.222768 0.207402 0.186625 0.159804 0.126810 0.088196 0.045271 0.000000 
50.000000 41.989592 34.303650 27.227254 20.974667 15.671584 11.353070 7.975385 5.437056 3.603444 2.329637 1.478187 0.930278 0.590651 0.387744 0.270833 0.205826 0.170923 0.152816 0.143733 0.139326 0.137255 0.136313 0.135897 0.135719 0.135645 0.135615 0.135603 0.135598 0.135594 0.135588 0.135578 0.135555 0.135508 0.135416 0.135240 0.134914 0.134331 0.133330 0.131671 0.129028 0.124985 0.119050 0.110705 0.099483 0.085069 0.067419 0.046841 0.024027 0.000000 
50.000000 41.979104 34.283100 27.197442 20.936676 15.626659 11.302502 7.920408 5.378768 3.542767 2.267302 1.414746 0.866125 0.526058 0.322889 0.205826 0.140736 0.105789 0.087658 0.078564 0.074150 0.072077 0.071133 0.070717 0.070539 0.070465 0.070435 0.070423 0.070418 0.070416 0.070412 0.070406 0.070394 0.070368 0.070318 0.070222 0.070046 0.069732 0.069194 0.068307 0.066901 0.064759 0.061630 0.057251 0.051390 0.043895 0.034751 0.024123 0.012367 0.000000 
50.000000 41.973471 34.272064 27.181433 20.916274 15.602534 11.275348 7.890887 5.347470 3.510186 2.233832 1.380682 0.831680 0.491377 0.288067 0.170923 0.105789 0.070817 0.052674 0.043573 0.039157 0.037082 0.036138 0.035721 0.035543 0.035469 0.035439 0.035427 0.035423 0.035420 0.035418 0.035415 0.035408 0.035395 0.035369 0.035319 0.035227 0.035063 0.034785 0.034328 0.033605 0.032509 0.030915 0.028694 0.025732 0.021958 0.017368 0.012048 0.006174 0.000000 
50.000000 41.970548 34.266337 27.173125 20.905688 15.590016 11.261259 7.875570 5.331231 3.493283 2.216467 1.363010 0.813810 0.473385 0.270002 0.152816 0.087658 0.052674 0.034524 0.025420 0.021002 0.018927 0.017982 0.017566 0.017388 0.017313 0.017284 0.017272 0.017267 0.017265 0.017264 0.017262 0.017259 0.017252 0.017239 0.017213 0.017167 0.017085 0.016946 0.016718 0.016360 0.015818 0.015032 0.013942 0.012492 0.010652 0.008419 0.005837 0.002990 0.000000 
50.000000 41.969082 34.263464 27.168958 20.900377 15.583736 11.254191 7.867886 5.323085 3.484803 2.207756 1.354145 0.804846 0.464360 0.260940 0.143734 0.078564 0.043573 0.025421 0.016315 0.011896 0.009821 0.008876 0.008459 0.008281 0.008207 0.008177 0.008165 0.008161 0.008159 0.008158 0.008157 0.008155 0.008152 0.008146 0.008133 0.008111 0.008071 0.008004 0.007894 0.007722 0.007463 0.007088 0.006570 0.005883 0.005012 0.003959 0.002744 0.001405 0.000000 
50.000000 41.968370 34.262070 27.166935 20.897799 15.580689 11.250761 7.864157 5.319132 3.480689 2.203530 1.349844 0.800497 0.459980 0.256543 0.139327 0.074151 0.039158 0.021003 0.011897 0.007478 0.005402 0.004457 0.004040 0.003862 0.003788 0.003758 0.003747 0.003742 0.003740 0.003740 0.003739 0.003738 0.003737 0.003734 0.003728 0.003717 0.003699 0.003667 0.003616 0.003536 0.003416 0.003243 0.003004 0.002688 0.002289 0.001807 0.001252 0.000641 0.000000 
50.000000 41.968036 34.261415 27.165985 20.896589 15.579258 11.249150 7.862406 5.317276 3.478757 2.201545 1.347824 0.798455 0.457924 0.254479 0.137258 0.072079 0.037084 0.018929 0.009823 0.005404 0.003328 0.002383 0.001966 0.001788 0.001714 0.001684 0.001672 0.001668 0.001666 0.001665 0.001665 0.001664 0.001664 0.001662 0.001660 0.001655 0.001646 0.001632 0.001609 0.001573 0.001519 0.001441 0.001335 0.001194 0.001016 0.000802 0.000555 0.000284 0.000000 
50.000000 41.967884 34.261118 27.165554 20.896040 15.578609 11.248420 7.861612 5.316435 3.477881 2.200646 1.346908 0.797529 0.456992 0.253543 0.136320 0.071140 0.036145 0.017989 0.008883 0.004463 0.002387 0.001442 0.001026 0.000847 0.000773 0.000743 0.000732 0.000727 0.000726 0.000725 0.000725 0.000724 0.000724 0.000723 0.000722 0.000720 0.000716 0.000710 0.000700 0.000684 0.000660 0.000626 0.000580 0.000518 0.000441 0.000348 0.000241 0.000123 0.000000 
50.000000 41.967819 34.260990 27.165369 20.895804 15.578329 11.248105 7.861270 5.316072 3.477504 2.200258 1.346514 0.797130 0.456591 0.253140 0.135916 0.070736 0.035740 0.017584 0.008478 0.004058 0.001982 0.001037 0.000620 0.000442 0.000368 0.000338 0.000327 0.000322 0.000320 0.000320 0.000320 0.000319 0.000319 0.000319 0.000318 0.000318 0.000316 0.000313 0.000309 0.000301 0.000291 0.000276 0.000255 0.000228 0.000194 0.000153 0.000106 0.000054 0.000000 
50.000000 41.967795 34.260943 27.165301 20.895717 15.578227 11.247990 7.861145 5.315939 3.477365 2.200116 1.346370 0.796984 0.456444 0.252992 0.135768 0.070588 0.035592 0.017436 0.008329 0.003910 0.001834 0.000889 0.000472 0.000294 0.000220 0.000190 0.000178 0.000174 0.000172 0.000171 0.000171 0.000171 0.000171 0.000171 0.000171 0.000170 0.000169 0.000168 0.000165 0.000161 0.000156 0.000148 0.000136 0.000122 0.000104 0.000082 0.000056 0.000029 0.000000 
50.000000 41.967795 34.260943 27.165301 20.895717 15.578227 11.247990 7.861145 5.315939 3.477365 2.200116 1.346370 0.796984 0.456444 0.252992 0.135768 0.070588 0.035592 0.017436 0.008329 0.003910 0.001834 0.000889 0.000472 0.000294 0.000220 0.000190 0.000178 0.000174 0.000172 0.000171 0.000171 0.000171 0.000171 0.000171 0.000171 0.000170 0.000169 0.000168 0.000165 0.000161 0.000156 0.000148 0.000136 0.000122 0.000104 0.000082 0.000056 0.000029 0.000000 
50.000000 41.967819 34.260990 27.165369 20.895804 15.578329 11.248105 7.861270 5.316072 3.477504 2.200258 1.346514 0.797130 0.456591 0.253140 0.135916 0.070736 0.035740 0.017584 0.008478 0.004058 0.001982 0.001037 0.000620 0.000442 0.000368 0.000338 0.000327 0.000322 0.000320 0.000320 0.000320 0.000319 0.000319 0.000319 0.000318 0.000318 0.000316 0.000313 0.000309 0.000301 0.000291 0.000276 0.000255 0.000228 0.000194 0.000153 0.000106 0.000054 0.000000 
50.000000 41.967884 34.261118 27.165554 20.896040 15.578609 11.248420 7.861612 5.316435 3.477881 2.200646 1.346908 0.797529 0.456992 0.253543 0.136320 0.071140 0.036145 0.017989 0.008883 0.004463 0.002387 0.001442 0.001026 0.000847 0.000773 0.000743 0.000732 0.000727 0.000726 0.000725 0.000725 0.000724 0.000724 0.000723 0.000722 0.000720 0.000716 0.000710 0.000700 0.000684 0.000660 0.000626 0.000580 0.000518 0.000441 0.000348 0.000241 0.000123 0.000000 
50.000000 41.968036 34.261415 27.165985 20.896589 15.579258 11.249150 7.862406 5.317276 3.478757 2.201545 1.347824 0.798455 0.457924 0.254479 0.137258 0.072079 0.037084 0.018929 0.009823 0.005404 0.003328 0.002383 0.001966 0.001788 0.001714 0.001684 0.001672 0.001668 0.001666 0.001665 0.001665 0.001664 0.001664 0.001662 0.001660 0.001655 0.001646 0.001632 0.001609 0.001573 0.001519 0.001441 0.001335 0.001194 0.001016 0.000802 0.000555 0.000284 0.000000 
50.000000 41.968370 34.262070 27.166935 20.897799 15.580689 11.250761 7.864157 5.319132 3.480689 2.203530 1.349844 0.800497 0.459980 0.256543 0.139327 0.074151 0.039158 0.021003 0.011897 0.007478 0.005402 0.004457 0.004040 0.003862 0.003788 0.003758 0.003747 0.003742 0.003740 0.003740 0.003739 0.003738 0.003737 0.003734 0.003728 0.003717 0.003699 0.003667 0.003616 0.003536 0.003416 0.003243 0.003004 0.002688 0.002289 0.001807 0.001252 0.000641 0.000000 
50.000000 41.969082 34.263464 27.168958 20.900377 15.583736 11.254191 7.867886 5.323085 3.484803 2.207756 1.354145 0.804846 0.464360 0.260940 0.143734 0.078564 0.043573 0.025421 0.016315 0.011896 0.009821 0.008876 0.008459 0.008281 0.008207 0.008177 0.008165 0.008161 0.008159 0.008158 0.008157 0.008155 0.008152 0.008146 0.008133 0.008111 0.008071 0.008004 0.007894 0.007722 0.007463 0.007088 0.006570 0.005883 0.005012 0.003959 0.002744 0.001405 0.000000 
50.000000 41.970548 34.266337 27.173125 20.905688 15.590016 11.261259 7.875570 5.331231 3.493283 2.216467 1.363010 0.813810 0.473385 0.270002 0.152816 0.087658 0.052674 0.034524 0.025420 0.021002 0.018927 0.017982 0.017566 0.017388 0.017313 0.017284 0.017272 0.017267 0.017265 0.017264 0.017262 0.017259 0.017252 0.017239 0.017213 0.017167 0.017085 0.016946 0.016718 0.016360 0.015818 0.015032 0.013942 0.012492 0.010652 0.008419 0.005837 0.002990 0.000000 
50.000000 41.973471 34.272064 27.181433 20.916274 15.602534 11.275348 7.890887 5.347470 3.510186 2.233832 1.380682 0.831680 0.491377 0.288067 0.170923 0.105789 0.070817 0.052674 0.043573 0.039157 0.037082 0.036138 0.035721 0.035543 0.035469 0.035439 0.035427 0.035423 0.035420 0.035418 0.035415 0.035408 0.035395 0.035369 0.035319 0.035227 0.035063 0.034785 0.034328 0.033605 0.032509 0.030915 0.028694 0.025732 0.021958 0.017368 0.012048 0.006174 0.000000 
50.000000 41.979104 34.283100 27.197442 20.936676 15.626659 11.302502 7.920408 5.378768 3.542767 2.267302 1.414746 0.866125 0.526058 0.322889 0.205826 0.140736 0.105789 0.087658 0.078564 0.074150 0.072077 0.071133 0.070717 0.070539 0.070465 0.070435 0.070423 0.070418 0.070416 0.070412 0.070406 0.070394 0.070368 0.070318 0.070222 0.070046 0.069732 0.069194 0.068307 0.066901 0.064759 0.061630 0.057251 0.051390 0.043895 0.034751 0.024123 0.012367 0.000000 
50.000000 41.989592 34.303650 27.227254 20.974667 15.671584 11.353070 7.975385 5.437056 3.603444 2.329637 1.478187 0.930278 0.590651 0.387744 0.270833 0.205826 0.170923 0.152816 0.143733 0.139326 0.137255 0.136313 0.135897 0.135719 0.135645 0.135615 0.135603 0.135598 0.135594 0.135588 0.135578 0.135555 0.135508 0.135416 0.135240 0.134914 0.134331 0.133330 0.131671 0.129028 0.124985 0.119050 0.110705 0.099483 0.085069 0.067419 0.046841 0.024027 0.000000 
50.000000 42.008451 34.340602 27.280859 21.042982 15.752368 11.444003 8.074251 5.541878 3.712563 2.441739 1.592282 1.045652 0.706818 0.504384 0.387744 0.322889 0.288067 0.270001 0.260940 0.256542 0.254476 0.253536 0.253121 0.252944 0.252870 0.252840 0.252828 0.252822 0.252816 0.252807 0.252788 0.252748 0.252667 0.252504 0.252192 0.251612 0.250572 0.248776 0.245786 0.240999 0.233636 0.222768 0.207402 0.186625 0.159804 0.126810 0.088196 0.045271 0.000000 
50.000000 42.041174 34.404721 27.373877 21.161527 15.892555 11.601804 8.245820 5.723787 3.901936 2.636292 1.790294 1.245888 0.908430 0.706818 0.590651 0.526058 0.491377 0.473384 0.464359 0.459980 0.457922 0.456985 0.456572 0.456396 0.456322 0.456292 0.456279 0.456272 0.456264 0.456249 0.456218 0.456151 0.456013 0.455737 0.455206 0.454215 0.452431 0.449333 0.444149 0.435800 0.422879 0.403688 0.376378 0.339214 0.290944 0.231232 0.161029 0.082728 0.000000 
50.000000 42.095938 34.512024 27.529546 21.359919 16.127170 11.865904 8.532969 6.028247 4.218893 2.961924 2.121720 1.581039 1.245888 1.045652 0.930278 0.866125 0.831680 0.813810 0.804846 0.800496 0.798452 0.797522 0.797112 0.796936 0.796863 0.796833 0.796820 0.796811 0.796799 0.796776 0.796725 0.796617 0.796394 0.795947 0.795080 0.793457 0.790520 0.785390 0.776755 0.762758 0.740944 0.708306 0.661508 0.597336 0.513370 0.408797 0.285144 0.146649 0.000000 
50.000000 42.184270 34.685104 27.780641 21.679933 16.505619 12.291922 8.996178 6.519391 4.730205 3.487238 2.656386 2.121720 1.790294 1.592282 1.478187 1.414746 1.380682 1.363010 1.354145 1.349843 1.347821 1.346902 1.346496 1.346322 1.346249 1.346219 1.346205 1.346194 1.346177 1.346142 1.346064 1.345897 1.345552 1.344858 1.343506 1.340961 1.336330 1.328193 1.314403 1.291887 1.256516 1.203143 1.125931 1.019086 0.878026 0.700870 0.489877 0.252294 0.000000 
50.000000 42.321515 34.954027 28.170785 22.177167 17.093660 12.953889 9.715946 7.282579 5.524744 4.303546 3.487238 2.961924 2.636292 2.441739 2.329637 2.267302 2.233832 2.216467 2.207756 2.203529 2.201543 2.200639 2.200240 2.200069 2.199998 2.199968 2.199952 2.199939 2.199914 2.199863 2.199749 2.199504 2.198995 2.197966 2.195953 2.192143 2.185169 2.172834 2.151773 2.117100 2.062135 1.978378 1.855936 1.684642 1.455999 1.165827 0.817044 0.421564 0.000000 
50.000000 42.526808 35.356290 28.754379 22.920961 17.973302 13.944133 10.792673 8.424278 6.713361 5.524744 4.730205 4.218893 3.901936 3.712563 3.603444 3.542767 3.510186 3.493282 3.484803 3.480688 3.478754 3.477874 3.477486 3.477320 3.477250 3.477220 3.477203 3.477186 3.477153 3.477081 3.476923 3.476581 3.475866 3.474415 3.471564 3.466136 3.456135 3.438317 3.407644 3.356681 3.275058 3.149259 2.963069 2.699147 2.342064 1.882844 1.324247 0.684966 0.000000 
50.000000 42.822282 35.935259 29.594344 23.991514 19.239401 15.369447 12.342490 10.067639 8.424278 7.282579 6.519391 6.028247 5.723787 5.541878 5.437056 5.378768 5.347470 5.331231 5.323085 5.319131 5.317274 5.316428 5.316055 5.315895 5.315828 5.315798 5.315781 5.315759 5.315717 5.315623 5.315413 5.314961 5.314010 5.312071 5.308242 5.300908 5.287303 5.262875 5.220444 5.149220 5.033820 4.853620 4.583004 4.193269 3.657024 2.955607 2.088841 1.084235 0.000000 
50.000000 43.231264 36.736649 30.757005 25.473366 20.991948 17.342408 14.487824 12.342490 10.792673 9.715946 8.996178 8.532969 8.245820 8.074251 7.975385 7.920408 7.890887 7.875569 7.867885 7.864156 7.862404 7.861606 7.861254 7.861103 7.861039 7.861011 7.860992 7.860967 7.860915 7.860798 7.860537 7.859971 7.858778 7.856335 7.851483 7.842132 7.824663 7.793035 7.737568 7.643414 7.488871 7.243912 6.869708 6.320349 5.548455 4.516417 3.213696 1.676640 0.000000 
50.000000 43.775426 37.802923 32.303973 27.445050 23.323834 19.967602 17.342408 15.369447 13.944133 12.953889 12.291922 11.865904 11.601804 11.444003 11.353070 11.302502 11.275348 11.261259 11.254190 11.250760 11.249148 11.248414 11.248090 11.247951 11.247892 11.247865 11.247846 11.247817 11.247757 11.247621 11.247317 11.246654 11.245251 11.242365 11.236601 11.225426 11.204396 11.165991 11.097953 10.981064 10.786442 10.472700 9.983801 9.249301 8.189861 6.732217 4.837770 2.543808 0.000000 
50.000000 44.471092 39.166075 34.281668 29.965738 26.305049 23.323834 20.991948 19.239401 17.973302 17.093660 16.505619 16.127170 15.892555 15.752368 15.671584 15.626659 15.602534 15.590016 15.583736 15.580688 15.579256 15.578604 15.578316 15.578192 15.578139 15.578114 15.578095 15.578066 15.578001 15.577854 15.577524 15.576802 15.575269 15.572101 15.565743 15.553341 15.529834 15.486533 15.409018 15.274155 15.046132 14.671599 14.074532 13.152524 11.778476 9.815547 7.158238 3.812326 0.000000 
50.000000 45.325294 40.839880 36.710079 33.060913 29.965738 27.445050 25.473366 23.991514 22.920961 22.177167 21.679933 21.359919 21.161527 21.042982 20.974667 20.936676 20.916274 20.905688 20.900377 20.897799 20.896587 20.896036 20.895792 20.895688 20.895643 20.895621 20.895603 20.895574 20.895511 20.895365 20.895036 20.894316 20.892781 20.889598 20.883178 20.870584 20.846549 20.801906 20.721167 20.578897 20.334490 19.924911 19.255189 18.187263 16.530456 14.043973 10.477962 5.705792 0.000000 
50.000000 46.332372 42.813252 39.573126 36.710079 34.281668 32.303973 30.757005 29.594344 28.754379 28.170785 27.780641 27.529546 27.373877 27.280859 27.227254 27.197442 27.181433 27.173125 27.168958 27.166935 27.165984 27.165551 27.165360 27.165278 27.165242 27.165225 27.165210 27.165185 27.165128 27.164999 27.164706 27.164064 27.162691 27.159834 27.154049 27.142645 27.120748 27.079772 27.004959 26.871536 26.638737 26.240588 25.571756 24.466121 22.666106 19.786563 15.303412 8.685759 0.000000 
50.000000 47.472082 45.046521 42.813252 40.839880 39.166075 37.802923 36.736649 35.935259 35.356290 34.954027 34.685104 34.512024 34.404721 34.340602 34.303650 34.283100 34.272064 34.266337 34.263464 34.262069 34.261414 34.261116 34.260984 34.260927 34.260903 34.260890 34.260879 34.260861 34.260818 34.260721 34.260500 34.260016 34.258977 34.256809 34.252406 34.243692 34.226880 34.195227 34.136983 34.032043 33.846418 33.522953 32.965153 32.007837 30.361918 27.509840 22.523260 13.866462 0.000000 
50.000000 48.709924 47.472082 46.332372 45.325294 44.471092 43.775426 43.231264 42.822282 42.526808 42.321515 42.184270 42.095938 42.041174 42.008451 41.989592 41.979104 41.973471 41.970548 41.969082 41.968370 41.968036 41.967883 41.967816 41.967787 41.967774 41.967768 41.967762 41.967752 41.967729 41.967677 41.967558 41.967297 41.966736 41.965564 41.963179 41.958447 41.949288 41.931975 41.899951 41.841842 41.738047 41.554624 41.231618 40.658766 39.619501 37.646613 33.605620 24.354962 0.000000 
50.000000 50.000000 50.000000 50.000000 50.000000 50.000000 50.000000 50.000000 50.000000 50.000000 50.000000 50.000000 50.000000 50.000000 50.000000 50.000000 50.000000 50.000000 50.000000 50.000000 50.000000 50.000000 50.000000 50.000000 50.000000 50.000000 50.000000 50.000000 50.000000 50.000000 50.000000 50.000000 50.000000 50.000000 50.000000 50.000000 50.000000 50.000000 50.000000 50.000000 50.000000 50.000000 50.000000 50.000000 50.000000 50.000000 50.000000 50.000000 50.000000 50.000000 
