50.000000 50.000000 50.000000 50.000000 50.000000 50.000000 50.000000 50.000000 50.000000 50.000000 50.000000 50.000000 50.000000 50.000000 50.000000 50.000000 50.000000 50.000000 50.000000 50.000000 50.000000 50.000000 50.000000 50.000000 50.000000 50.000000 50.000000 50.000000 50.000000 50.000000 50.000000 50.000000 50.000000 50.000000 50.000000 50.000000 50.000000 50.000000 50.000000 50.000000 50.000000 50.000000 50.000000 50.000000 50.000000 50.000000 50.000000 50.000000 50.000000 50.000000 
50.000000 48.795807 47.637129 46.564326 45.608415 44.788582 44.111660 43.573424 43.161173 42.856903 42.640414 42.491864 42.393515 42.330662 42.291867 42.268728 42.255386 42.247944 42.243927 42.241827 42.240763 42.240240 42.239992 42.239876 42.239824 42.239801 42.239788 42.239777 42.239759 42.239722 42.239639 42.239459 42.239079 42.238293 42.236712 42.233603 42.227639 42.216454 42.195922 42.158970 42.093588 41.979454 41.781875 41.440214 40.843713 39.775610 37.768915 33.689823 24.397904 0.000000 
50.000000 47.637129 45.363570 43.258515 41.382830 39.774160 38.445913 37.389797 36.580890 35.983862 35.559078 35.267602 35.074628 34.951302 34.875181 34.829782 34.803604 34.789003 34.781120 34.776999 34.774912 34.773887 34.773399 34.773173 34.773071 34.773024 34.773000 34.772979 34.772946 34.772875 34.772721 34.772385 34.771676 34.770215 34.767276 34.761511 34.750478 34.729851 34.692139 34.624618 34.505987 34.300896 33.950781 33.357862 32.356023 30.655814 27.740090 22.681785 13.947306 0.000000 
50.000000 46.564326 43.258515 40.197719 37.470440 35.131414 33.200133 31.664543 30.488400 29.620334 29.002711 28.578917 28.298345 28.119037 28.008365 27.942359 27.904299 27.883071 27.871611 27.865620 27.862586 27.861095 27.860386 27.860057 27.859909 27.859841 27.859807 27.859778 27.859733 27.859638 27.859431 27.858983 27.858037 27.856091 27.852188 27.844557 27.830007 27.802936 27.753742 27.666348 27.514357 27.255157 26.820862 26.104399 24.938377 23.064728 20.098859 15.518425 8.795411 0.000000 
50.000000 45.608415 41.382830 37.470440 33.984373 30.994592 28.526013 26.563223 25.059889 23.950346 23.160922 22.619250 22.260641 22.031463 21.890013 21.805652 21.757010 21.729879 21.715233 21.707576 21.703698 21.701794 21.700887 21.700467 21.700277 21.700192 21.700149 21.700115 21.700062 21.699954 21.699718 21.699209 21.698137 21.695938 21.691543 21.682986 21.666750 21.636721 21.582563 21.487252 21.323476 21.048490 20.597046 19.872154 18.734282 16.992186 14.405712 10.727016 5.832805 0.000000 
50.000000 44.788582 39.774160 35.131414 30.994592 27.446720 24.517360 22.188218 20.404305 19.087694 18.150955 17.508209 17.082691 16.810758 16.642922 16.542825 16.485111 16.452921 16.435544 16.426460 16.421859 16.419600 16.418524 16.418026 16.417801 16.417700 16.417651 16.417613 16.417559 16.417448 16.417206 16.416688 16.415599 16.413373 16.408942 16.400354 16.384152 16.354391 16.301162 16.208443 16.051140 15.791210 15.372992 14.718357 13.723360 12.260310 10.193037 7.418138 3.944869 0.000000 
50.000000 44.111660 38.445913 33.200133 28.526013 24.517360 21.207574 18.575976 16.560431 15.072881 14.014537 13.288361 12.807617 12.500397 12.310784 12.197703 12.132503 12.096138 12.076508 12.066247 12.061050 12.058498 12.057282 12.056720 12.056466 12.056353 12.056298 12.056260 12.056207 12.056102 12.055875 12.055390 12.054374 12.052304 12.048201 12.040291 12.025457 11.998407 11.950443 11.867767 11.729271 11.503927 11.148120 10.603787 9.799004 8.653859 7.095734 5.088051 2.671446 0.000000 
50.000000 43.573424 37.389797 31.664543 26.563223 22.188218 18.575976 15.703923 13.504236 11.880800 10.725794 9.933304 9.408668 9.073404 8.866487 8.743088 8.671940 8.632259 8.610839 8.599643 8.593972 8.591187 8.589861 8.589248 8.588971 8.588849 8.588791 8.588753 8.588705 8.588612 8.588413 8.587989 8.587106 8.585313 8.581775 8.574991 8.562348 8.539461 8.499228 8.430585 8.316984 8.134786 7.851961 7.427856 6.815225 5.966177 4.843681 3.439017 1.791549 0.000000 
50.000000 43.161173 36.580890 30.488400 25.059889 20.404305 16.560431 13.504236 11.163539 9.436054 8.207035 7.363776 6.805538 6.448806 6.228644 6.097348 6.021649 5.979430 5.956641 5.944729 5.938696 5.935734 5.934323 5.933670 5.933377 5.933247 5.933187 5.933150 5.933109 5.933031 5.932868 5.932520 5.931797 5.930338 5.927471 5.922004 5.911878 5.893678 5.861952 5.808346 5.720627 5.581769 5.369450 5.056504 4.613095 4.011399 3.233244 2.279994 1.181719 0.000000 
50.000000 42.856903 35.983862 29.620334 23.950346 19.087694 15.072881 11.880800 9.436054 7.631796 6.348173 5.467459 4.884434 4.511869 4.281938 4.144819 4.065763 4.021674 3.997876 3.985436 3.979136 3.976043 3.974570 3.973888 3.973582 3.973447 3.973386 3.973351 3.973317 3.973255 3.973127 3.972858 3.972299 3.971176 3.968979 3.964812 3.957141 3.943449 3.919768 3.880116 3.815898 3.715426 3.563816 3.343609 3.036553 2.626870 2.105977 1.477875 0.763314 0.000000 
50.000000 42.640414 35.559078 29.002711 23.160922 18.150955 14.014537 10.725794 8.207035 6.348173 5.025716 4.118367 3.517717 3.133894 2.897018 2.755760 2.674319 2.628900 2.604385 2.591571 2.585081 2.581895 2.580377 2.579676 2.579360 2.579222 2.579160 2.579128 2.579099 2.579053 2.578958 2.578759 2.578349 2.577528 2.575929 2.572911 2.567388 2.557594 2.540780 2.512858 2.468057 2.398689 2.295209 2.146770 1.942512 1.673671 1.336363 0.934460 0.481444 0.000000 
50.000000 42.491864 35.267602 28.578917 22.619250 17.508209 13.288361 9.933304 7.363776 5.467459 4.118367 3.192752 2.580017 2.188475 1.946839 1.802743 1.719668 1.673338 1.648331 1.635260 1.628641 1.625391 1.623843 1.623127 1.622806 1.622665 1.622603 1.622573 1.622550 1.622516 1.622448 1.622308 1.622022 1.621449 1.620340 1.618256 1.614463 1.607777 1.596376 1.577587 1.547691 1.501824 1.434076 1.337918 1.207047 1.036687 0.825175 0.575463 0.295942 0.000000 
50.000000 42.393515 35.074628 28.298345 22.260641 17.082691 12.807617 9.408668 6.805538 4.884434 3.517717 2.580017 1.959286 1.562638 1.317853 1.171881 1.087725 1.040793 1.015461 1.002221 0.995516 0.992224 0.990656 0.989931 0.989606 0.989463 0.989401 0.989373 0.989354 0.989329 0.989284 0.989190 0.988998 0.988616 0.987880 0.986504 0.984011 0.979643 0.972240 0.960123 0.940986 0.911860 0.869208 0.809210 0.728299 0.623920 0.495410 0.344778 0.177062 0.000000 
50.000000 42.330662 34.951302 28.119037 22.031463 16.810758 12.500397 9.073404 6.448806 4.511869 3.133894 2.188475 1.562638 1.162731 0.915935 0.768766 0.683920 0.636604 0.611065 0.597716 0.590956 0.587637 0.586057 0.585326 0.584998 0.584855 0.584793 0.584765 0.584749 0.584732 0.584702 0.584642 0.584519 0.584275 0.583807 0.582936 0.581365 0.578627 0.574013 0.566506 0.554728 0.536929 0.511056 0.474940 0.426606 0.364714 0.289030 0.200823 0.103022 0.000000 
50.000000 42.291867 34.875181 28.008365 21.890013 16.642922 12.310784 8.866487 6.228644 4.281938 2.897018 1.946839 1.317853 0.915935 0.667901 0.519993 0.434722 0.387169 0.361502 0.348087 0.341293 0.337958 0.336369 0.335635 0.335306 0.335162 0.335100 0.335073 0.335060 0.335048 0.335029 0.334991 0.334915 0.334766 0.334480 0.333950 0.332999 0.331349 0.328583 0.324107 0.317125 0.306640 0.291496 0.270493 0.242567 0.207027 0.163808 0.113670 0.058263 0.000000 
50.000000 42.268728 34.829782 27.942359 21.805652 16.542825 12.197703 8.743088 6.097348 4.144819 2.755760 1.802743 1.171881 0.768766 0.519993 0.371646 0.286122 0.238427 0.212685 0.199230 0.192416 0.189071 0.187478 0.186741 0.186411 0.186267 0.186205 0.186179 0.186167 0.186158 0.186146 0.186124 0.186079 0.185991 0.185823 0.185513 0.184959 0.184001 0.182403 0.179831 0.175839 0.169877 0.161313 0.149502 0.133884 0.114109 0.090171 0.062507 0.032017 0.000000 
50.000000 42.255386 34.803604 27.904299 21.757010 16.485111 12.132503 8.671940 6.021649 4.065763 2.674319 1.719668 1.087725 0.683920 0.434722 0.286122 0.200452 0.152676 0.126890 0.113412 0.106587 0.103236 0.101640 0.100903 0.100572 0.100427 0.100366 0.100340 0.100329 0.100322 0.100315 0.100301 0.100276 0.100226 0.100131 0.099956 0.099645 0.099109 0.098219 0.096792 0.094588 0.091311 0.086627 0.080199 0.071738 0.061071 0.048209 0.033390 0.017093 0.000000 
50.000000 42.247944 34.789003 27.883071 21.729879 16.452921 12.096138 8.632259 5.979430 4.021674 2.628900 1.673338 1.040793 0.636604 0.387169 0.238427 0.152676 0.104856 0.079045 0.065555 0.058723 0.055369 0.053772 0.053033 0.052702 0.052558 0.052496 0.052471 0.052460 0.052454 0.052450 0.052442 0.052428 0.052401 0.052349 0.052254 0.052085 0.051796 0.051316 0.050551 0.049375 0.047633 0.045153 0.041765 0.037322 0.031742 0.025034 0.017326 0.008866 0.000000 
50.000000 42.243927 34.781120 27.871611 21.715233 16.435544 12.076508 8.610840 5.956641 3.997876 2.604385 1.648331 1.015462 0.611065 0.361503 0.212685 0.126890 0.079045 0.053222 0.039724 0.032889 0.029533 0.027935 0.027197 0.026865 0.026721 0.026659 0.026634 0.026623 0.026619 0.026615 0.026611 0.026604 0.026589 0.026562 0.026512 0.026424 0.026272 0.026023 0.025627 0.025019 0.024122 0.022851 0.021119 0.018857 0.016024 0.012629 0.008735 0.004468 0.000000 
50.000000 42.241827 34.777000 27.865621 21.707577 16.426461 12.066248 8.599643 5.944730 3.985437 2.591572 1.635261 1.002222 0.597717 0.348088 0.199231 0.113413 0.065555 0.039725 0.026224 0.019387 0.016030 0.014432 0.013693 0.013362 0.013217 0.013156 0.013130 0.013120 0.013116 0.013113 0.013111 0.013107 0.013100 0.013086 0.013060 0.013015 0.012939 0.012814 0.012615 0.012310 0.011863 0.011231 0.010373 0.009255 0.007859 0.006190 0.004279 0.002188 0.000000 
50.000000 42.240763 34.774913 27.862587 21.703700 16.421861 12.061052 8.593974 5.938698 3.979138 2.585083 1.628643 0.995518 0.590958 0.341296 0.192418 0.106589 0.058725 0.032891 0.019389 0.012551 0.009194 0.007595 0.006856 0.006524 0.006380 0.006319 0.006293 0.006283 0.006279 0.006277 0.006275 0.006273 0.006270 0.006263 0.006250 0.006228 0.006191 0.006130 0.006033 0.005885 0.005669 0.005364 0.004951 0.004415 0.003747 0.002949 0.002038 0.001042 0.000000 
50.000000 42.240241 34.773889 27.861098 21.701798 16.419604 12.058503 8.591193 5.935739 3.976049 2.581901 1.625397 0.992230 0.587643 0.337964 0.189077 0.103242 0.055375 0.029539 0.016036 0.009198 0.005840 0.004241 0.003503 0.003171 0.003026 0.002965 0.002940 0.002930 0.002926 0.002924 0.002923 0.002922 0.002920 0.002917 0.002911 0.002900 0.002882 0.002853 0.002808 0.002738 0.002636 0.002494 0.002300 0.002050 0.001739 0.001368 0.000945 0.000483 0.000000 
50.000000 42.239994 34.773404 27.860393 21.700896 16.418535 12.057295 8.589875 5.934338 3.974585 2.580393 1.623859 0.990672 0.586073 0.336386 0.187494 0.101657 0.053788 0.027951 0.014448 0.007609 0.004252 0.002653 0.001914 0.001582 0.001438 0.001376 0.001351 0.001341 0.001337 0.001335 0.001335 0.001334 0.001333 0.001331 0.001329 0.001324 0.001316 0.001302 0.001281 0.001249 0.001202 0.001136 0.001048 0.000933 0.000791 0.000622 0.000430 0.000220 0.000000 
50.000000 42.239883 34.773186 27.860076 21.700491 16.418055 12.056752 8.589283 5.933708 3.973927 2.579716 1.623168 0.989972 0.585367 0.335677 0.186783 0.100944 0.053075 0.027238 0.013734 0.006895 0.003538 0.001939 0.001200 0.000869 0.000724 0.000663 0.000637 0.000627 0.000623 0.000622 0.000621 0.000621 0.000620 0.000619 0.000618 0.000616 0.000612 0.000606 0.000596 0.000581 0.000559 0.000528 0.000487 0.000433 0.000367 0.000289 0.000199 0.000102 0.000000 
50.000000 42.239841 34.773103 27.859956 21.700338 16.417873 12.056547 8.589059 5.933469 3.973678 2.579459 1.622906 0.989707 0.585100 0.335408 0.186514 0.100675 0.052805 0.026968 0.013464 0.006625 0.003268 0.001669 0.000930 0.000598 0.000454 0.000392 0.000367 0.000357 0.000353 0.000351 0.000351 0.000350 0.000350 0.000350 0.000349 0.000348 0.000345 0.000342 0.000336 0.000328 0.000315 0.000298 0.000274 0.000244 0.000207 0.000162 0.000112 0.000057 0.000000 
50.000000 42.239841 34.773103 27.859956 21.700338 16.417873 12.056547 8.589059 5.933469 3.973678 2.579459 1.622906 0.989707 0.585100 0.335408 0.186514 0.100675 0.052805 0.026968 0.013464 0.006625 0.003268 0.001669 0.000930 0.000598 0.000454 0.000392 0.000367 0.000357 0.000353 0.000351 0.000351 0.000350 0.000350 0.000350 0.000349 0.000348 0.000345 0.000342 0.000336 0.000328 0.000315 0.000298 0.000274 0.000244 0.000207 0.000162 0.000112 0.000057 0.000000 
50.000000 42.239883 34.773186 27.860076 21.700491 16.418055 12.056752 8.589283 5.933708 3.973927 2.579716 1.623168 0.989972 0.585367 0.335677 0.186783 0.100944 0.053075 0.027238 0.013734 0.006895 0.003538 0.001939 0.001200 0.000869 0.000724 0.000663 0.000637 0.000627 0.000623 0.000622 0.000621 0.000621 0.000620 0.000619 0.000618 0.000616 0.000612 0.000606 0.000596 0.000581 0.000559 0.000528 0.000487 0.000433 0.000367 0.000289 0.000199 0.000102 0.000000 
50.000000 42.239994 34.773404 27.860393 21.700896 16.418535 12.057295 8.589875 5.934338 3.974585 2.580393 1.623859 0.990672 0.586073 0.336386 0.187494 0.101657 0.053788 0.027951 0.014448 0.007609 0.004252 0.002653 0.001914 0.001582 0.001438 0.001376 0.001351 0.001341 0.001337 0.001335 0.001335 0.001334 0.001333 0.001331 0.001329 0.001324 0.001316 0.001302 0.001281 0.001249 0.001202 0.001136 0.001048 0.000933 0.000791 0.000622 0.000430 0.000220 0.000000 
50.000000 42.240241 34.773889 27.861098 21.701798 16.419604 12.058503 8.591193 5.935739 3.976049 2.581901 1.625397 0.992230 0.587643 0.337964 0.189077 0.103242 0.055375 0.029539 0.016036 0.009198 0.005840 0.004241 0.003503 0.003171 0.003026 0.002965 0.002940 0.002930 0.002926 0.002924 0.002923 0.002922 0.002920 0.002917 0.002911 0.002900 0.002882 0.002853 0.002808 0.002738 0.002636 0.002494 0.002300 0.002050 0.001739 0.001368 0.000945 0.000483 0.000000 
50.000000 42.240763 34.774913 27.862587 21.703700 16.421861 12.061052 8.593974 5.938698 3.979138 2.585083 1.628643 0.995518 0.590958 0.341296 0.192418 0.106589 0.058725 0.032891 0.019389 0.012551 0.009194 0.007595 0.006856 0.006524 0.006380 0.006319 0.006293 0.006283 0.006279 0.006277 0.006275 0.006273 0.006270 0.006263 0.006250 0.006228 0.006191 0.006130 0.006033 0.005885 0.005669 0.005364 0.004951 0.004415 0.003747 0.002949 0.002038 0.001042 0.000000 
50.000000 42.241827 34.777000 27.865621 21.707577 16.426461 12.066248 8.599643 5.944730 3.985437 2.591572 1.635261 1.002222 0.597717 0.348088 0.199231 0.113413 0.065555 0.039725 0.026224 0.019387 0.016030 0.014432 0.013693 0.013362 0.013217 0.013156 0.013130 0.013120 0.013116 0.013113 0.013111 0.013107 0.013100 0.013086 0.013060 0.013015 0.012939 0.012814 0.012615 0.012310 0.011863 0.011231 0.010373 0.009255 0.007859 0.006190 0.004279 0.002188 0.000000 
50.000000 42.243927 34.781120 27.871611 21.715233 16.435544 12.076508 8.610840 5.956641 3.997876 2.604385 1.648331 1.015462 0.611065 0.361503 0.212685 0.126890 0.079045 0.053222 0.039724 0.032889 0.029533 0.027935 0.027197 0.026865 0.026721 0.026659 0.026634 0.026623 0.026619 0.026615 0.026611 0.026604 0.026589 0.026562 0.026512 0.026424 0.026272 0.026023 0.025627 0.025019 0.024122 0.022851 0.021119 0.018857 0.016024 0.012629 0.008735 0.004468 0.000000 
50.000000 42.247944 34.789003 27.883071 21.729879 16.452921 12.096138 8.632259 5.979430 4.021674 2.628900 1.673338 1.040793 0.636604 0.387169 0.238427 0.152676 0.104856 0.079045 0.065555 0.058723 0.055369 0.053772 0.053033 0.052702 0.052558 0.052496 0.052471 0.052460 0.052454 0.052450 0.052442 0.052428 0.052401 0.052349 0.052254 0.052085 0.051796 0.051316 0.050551 0.049375 0.047633 0.045153 0.041765 0.037322 0.031742 0.025034 0.017326 0.008866 0.000000 
50.000000 42.255386 34.803604 27.904299 21.757010 16.485111 12.132503 8.671940 6.021649 4.065763 2.674319 1.719668 1.087725 0.683920 0.434722 0.286122 0.200452 0.152676 0.126890 0.113412 0.106587 0.103236 0.101640 0.100903 0.100572 0.100427 0.100366 0.100340 0.100329 0.100322 0.100315 0.100301 0.100276 0.100226 0.100131 0.099956 0.099645 0.099109 0.098219 0.096792 0.094588 0.091311 0.086627 0.080199 0.071738 0.061071 0.048209 0.033390 0.017093 0.000000 
50.000000 42.268728 34.829782 27.942359 21.805652 16.542825 12.197703 8.743088 6.097348 4.144819 2.755760 1.802743 1.171881 0.768766 0.519993 0.371646 0.286122 0.238427 0.212685 0.199230 0.192416 0.189071 0.187478 0.186741 0.186411 0.186267 0.186205 0.186179 0.186167 0.186158 0.186146 0.186124 0.186079 0.185991 0.185823 0.185513 0.184959 0.184001 0.182403 0.179831 0.175839 0.169877 0.161313 0.149502 0.133884 0.114109 0.090171 0.062507 0.032017 0.000000 
50.000000 42.291867 34.875181 28.008365 21.890013 16.642922 12.310784 8.866487 6.228644 4.281938 2.897018 1.946839 1.317853 0.915935 0.667901 0.519993 0.434722 0.387169 0.361502 0.348087 0.341293 0.337958 0.336369 0.335635 0.335306 0.335162 0.335100 0.335073 0.335060 0.335048 0.335029 0.334991 0.334915 0.334766 0.334480 0.333950 0.332999 0.331349 0.328583 0.324107 0.317125 0.306640 0.291496 0.270493 0.242567 0.207027 0.163808 0.113670 0.058263 0.000000 
50.000000 42.330662 34.951302 28.119037 22.031463 16.810758 12.500397 9.073404 6.448806 4.511869 3.133894 2.188475 1.562638 1.162731 0.915935 0.768766 0.683920 0.636604 0.611065 0.597716 0.590956 0.587637 0.586057 0.585326 0.584998 0.584855 0.584793 0.584765 0.584749 0.584732 0.584702 0.584642 0.584519 0.584275 0.583807 0.582936 0.581365 0.578627 0.574013 0.566506 0.554728 0.536929 0.511056 0.474940 0.426606 0.364714 0.289030 0.200823 0.103022 0.000000 
50.000000 42.393515 35.074628 28.298345 22.260641 17.082691 12.807617 9.408668 6.805538 4.884434 3.517717 2.580017 1.959286 1.562638 1.317853 1.171881 1.087725 1.040793 1.015461 1.002221 0.995516 0.992224 0.990656 0.989931 0.989606 0.989463 0.989401 0.989373 0.989354 0.989329 0.989284 0.989190 0.988998 0.988616 0.987880 0.986504 0.984011 0.979643 0.972240 0.960123 0.940986 0.911860 0.869208 0.809210 0.728299 0.623920 0.495410 0.344778 0.177062 0.000000 
50.000000 42.491864 35.267602 28.578917 22.619250 17.508209 13.288361 9.933304 7.363776 5.467459 4.118367 3.192752 2.580017 2.188475 1.946839 1.802743 1.719668 1.673338 1.648331 1.635260 1.628641 1.625391 1.623843 1.623127 1.622806 1.622665 1.622603 1.622573 1.622550 1.622516 1.622448 1.622308 1.622022 1.621449 1.620340 1.618256 1.614463 1.607777 1.596376 1.577587 1.547691 1.501824 1.434076 1.337918 1.207047 1.036687 0.825175 0.575463 0.295942 0.000000 
50.000000 42.640414 35.559078 29.002711 23.160922 18.150955 14.014537 10.725794 8.207035 6.348173 5.025716 4.118367 3.517717 3.133894 2.897018 2.755760 2.674319 2.628900 2.604385 2.591571 2.585081 2.581895 2.580377 2.579676 2.579360 2.579222 2.579160 2.579128 2.579099 2.579053 2.578958 2.578759 2.578349 2.577528 2.575929 2.572911 2.567388 2.557594 2.540780 2.512858 2.468057 2.398689 2.295209 2.146770 1.942512 1.673671 1.336363 0.934460 0.481444 0.000000 
50.000000 42.856903 35.983862 29.620334 23.950346 19.087694 15.072881 11.880800 9.436054 7.631796 6.348173 5.467459 4.884434 4.511869 4.281938 4.144819 4.065763 4.021674 3.997876 3.985436 3.979136 3.976043 3.974570 3.973888 3.973582 3.973447 3.973386 3.973351 3.973317 3.973255 3.973127 3.972858 3.972299 3.971176 3.968979 3.964812 3.957141 3.943449 3.919768 3.880116 3.815898 3.715426 3.563816 3.343609 3.036553 2.626870 2.105977 1.477875 0.763314 0.000000 
50.000000 43.161173 36.580890 30.488400 25.059889 20.404305 16.560431 13.504236 11.163539 9.436054 8.207035 7.363776 6.805538 6.448806 6.228644 6.097348 6.021649 5.979430 5.956641 5.944729 5.938696 5.935734 5.934323 5.933670 5.933377 5.933247 5.933187 5.933150 5.933109 5.933031 5.932868 5.932520 5.931797 5.930338 5.927471 5.922004 5.911878 5.893678 5.861952 5.808346 5.720627 5.581769 5.369450 5.056504 4.613095 4.011399 3.233244 2.279994 1.181719 0.000000 
50.000000 43.573424 37.389797 31.664543 26.563223 22.188218 18.575976 15.703923 13.504236 11.880800 10.725794 9.933304 9.408668 9.073404 8.866487 8.743088 8.671940 8.632259 8.610839 8.599643 8.593972 8.591187 8.589861 8.589248 8.588971 8.588849 8.588791 8.588753 8.588705 8.588612 8.588413 8.587989 8.587106 8.585313 8.581775 8.574991 8.562348 8.539461 8.499228 8.430585 8.316984 8.134786 7.851961 7.427856 6.815225 5.966177 4.843681 3.439017 1.791549 0.000000 
50.000000 44.111660 38.445913 33.200133 28.526013 24.517360 21.207574 18.575976 16.560431 15.072881 14.014537 13.288361 12.807617 12.500397 12.310784 12.197703 12.132503 12.096138 12.076508 12.066247 12.061050 12.058498 12.057282 12.056720 12.056466 12.056353 12.056298 12.056260 12.056207 12.056102 12.055875 12.055390 12.054374 12.052304 12.048201 12.040291 12.025457 11.998407 11.950443 11.867767 11.729271 11.503927 11.148120 10.603787 9.799004 8.653859 7.095734 5.088051 2.671446 0.000000 
50.000000 44.788582 39.774160 35.131414 30.994592 27.446720 24.517360 22.188218 20.404305 19.087694 18.150955 17.508209 17.082691 16.810758 16.642922 16.542825 16.485111 16.452921 16.435544 16.426460 16.421859 16.419600 16.418524 16.418026 16.417801 16.417700 16.417651 16.417613 16.417559 16.417448 16.417206 16.416688 16.415599 16.413373 16.408942 16.400354 16.384152 16.354391 16.301162 16.208443 16.051140 15.791210 15.372992 14.718357 13.723360 12.260310 10.193037 7.418138 3.944869 0.000000 
50.000000 45.608415 41.382830 37.470440 33.984373 30.994592 28.526013 26.563223 25.059889 23.950346 23.160922 22.619250 22.260641 22.031463 21.890013 21.805652 21.757010 21.729879 21.715233 21.707576 21.703698 21.701794 21.700887 21.700467 21.700277 21.700192 21.700149 21.700115 21.700062 21.699954 21.699718 21.699209 21.698137 21.695938 21.691543 21.682986 21.666750 21.636721 21.582563 21.487252 21.323476 21.048490 20.597046 19.872154 18.734282 16.992186 14.405712 10.727016 5.832805 0.000000 
50.000000 46.564326 43.258515 40.197719 37.470440 35.131414 33.200133 31.664543 30.488400 29.620334 29.002711 28.578917 28.298345 28.119037 28.008365 27.942359 27.904299 27.883071 27.871611 27.865620 27.862586 27.861095 27.860386 27.860057 27.859909 27.859841 27.859807 27.859778 27.859733 27.859638 27.859431 27.858983 27.858037 27.856091 27.852188 27.844557 27.830007 27.802936 27.753742 27.666348 27.514357 27.255157 26.820862 26.104399 24.938377 23.064728 20.098859 15.518425 8.795411 0.000000 
50.000000 47.637129 45.363570 43.258515 41.382830 39.774160 38.445913 37.389797 36.580890 35.983862 35.559078 35.267602 35.074628 34.951302 34.875181 34.829782 34.803604 34.789003 34.781120 34.776999 34.774912 34.773887 34.773399 34.773173 34.773071 34.773024 34.773000 34.772979 34.772946 34.772875 34.772721 34.772385 34.771676 34.770215 34.767276 34.761511 34.750478 34.729851 34.692139 34.624618 34.505987 34.300896 33.950781 33.357862 32.356023 30.655814 27.740090 22.681785 13.947306 0.000000 
50.000000 48.795807 47.637129 46.564326 45.608415 44.788582 44.111660 43.573424 43.161173 42.856903 42.640414 42.491864 42.393515 42.330662 42.291867 42.268728 42.255386 42.247944 42.243927 42.241827 42.240763 42.240240 42.239992 42.239876 42.239824 42.239801 42.239788 42.239777 42.239759 42.239722 42.239639 42.239459 42.239079 42.238293 42.236712 42.233603 42.227639 42.216454 42.195922 42.158970 42.093588 41.979454 41.781875 41.440214 40.843713 39.775610 37.768915 33.689823 24.397904 0.000000 
50.000000 50.000000 50.000000 50.000000 50.000000 50.000000 50.000000 50.000000 50.000000 50.000000 50.000000 50.000000 50.000000 50.000000 50.000000 50.000000 50.000000 50.000000 50.000000 50.000000 50.000000 50.000000 50.000000 50.000000 50.000000 50.000000 50.000000 50.000000 50.000000 50.000000 50.000000 50.000000 50.000000 50.000000 50.000000 50.000000 50.000000 50.000000 50.000000 50.000000 50.000000 50.000000 50.000000 50.000000 50.000000 50.000000 50.000000 50.000000 50.000000 50.000000 
