50.000000 50.000000 50.000000 50.000000 50.000000 50.000000 50.000000 50.000000 50.000000 50.000000 50.000000 50.000000 50.000000 50.000000 50.000000 50.000000 50.000000 50.000000 50.000000 50.000000 50.000000 50.000000 50.000000 50.000000 50.000000 50.000000 50.000000 50.000000 50.000000 50.000000 50.000000 50.000000 50.000000 50.000000 50.000000 50.000000 50.000000 50.000000 50.000000 50.000000 50.000000 50.000000 50.000000 50.000000 50.000000 50.000000 50.000000 50.000000 50.000000 50.000000 
50.000000 47.839973 45.826258 44.075495 42.654989 41.578344 40.815117 40.308340 39.992648 39.807832 39.705965 39.653007 39.626990 39.614890 39.609553 39.607317 39.606425 39.606086 39.605963 39.605921 39.605906 39.605902 39.605900 39.605900 39.605900 39.605900 39.605900 39.605900 39.605900 39.605900 39.605899 39.605896 39.605889 39.605866 39.605800 39.605612 39.605107 39.603794 39.600520 39.592665 39.574517 39.534046 39.446602 39.262457 38.881005 38.092613 36.431905 32.759197 23.919987 0.000000 
50.000000 45.826258 41.935243 38.552341 35.807602 33.727309 32.252626 31.273465 30.663520 30.306446 30.109640 30.007327 29.957066 29.933691 29.923382 29.919062 29.917339 29.916685 29.916447 29.916364 29.916337 29.916328 29.916326 29.916325 29.916325 29.916325 29.916325 29.916325 29.916324 29.916324 29.916323 29.916319 29.916305 29.916265 29.916148 29.915818 29.914931 29.912636 29.906935 29.893333 29.862141 29.793289 29.646689 29.344612 28.739572 27.555167 25.277160 20.967622 13.067062 0.000000 
50.000000 44.075495 38.552341 33.750485 29.854527 26.901761 24.808648 23.418902 22.553222 22.046453 21.767152 21.621958 21.550635 21.517467 21.502839 21.496710 21.494266 21.493337 21.493000 21.492883 21.492844 21.492832 21.492828 21.492827 21.492827 21.492827 21.492827 21.492827 21.492826 21.492826 21.492824 21.492819 21.492803 21.492754 21.492611 21.492211 21.491139 21.488378 21.481562 21.465429 21.428816 21.349111 21.182565 20.848245 20.202991 19.005635 16.875243 13.275182 7.643591 0.000000 
50.000000 42.654989 35.807602 29.854527 25.024626 21.364109 18.769374 17.046632 15.973568 15.345426 14.999247 14.819298 14.730906 14.689803 14.671677 14.664082 14.661054 14.659903 14.659485 14.659341 14.659292 14.659277 14.659272 14.659271 14.659271 14.659271 14.659270 14.659270 14.659270 14.659270 14.659268 14.659263 14.659247 14.659197 14.659055 14.658657 14.657594 14.654875 14.648213 14.632589 14.597548 14.522417 14.368508 14.067516 13.506405 12.512313 10.848893 8.252435 4.562376 0.000000 
50.000000 41.578344 33.727309 26.901761 21.364109 17.167308 14.192527 12.217533 10.987400 10.267348 9.870537 9.664279 9.562971 9.515865 9.495092 9.486390 9.482920 9.481601 9.481123 9.480957 9.480902 9.480884 9.480879 9.480878 9.480877 9.480877 9.480877 9.480877 9.480877 9.480876 9.480875 9.480870 9.480856 9.480813 9.480689 9.480345 9.479432 9.477111 9.471467 9.458361 9.429320 9.367987 9.244707 9.009331 8.583654 7.857703 6.698771 4.987737 2.697339 0.000000 
50.000000 40.815117 32.252626 24.808648 18.769374 14.192527 10.948465 8.794769 7.453388 6.668253 6.235597 6.010720 5.900274 5.848921 5.826277 5.816791 5.813010 5.811573 5.811051 5.810870 5.810810 5.810791 5.810785 5.810784 5.810783 5.810783 5.810783 5.810783 5.810783 5.810783 5.810781 5.810778 5.810767 5.810733 5.810637 5.810372 5.809673 5.807905 5.803643 5.793839 5.772367 5.727658 5.639337 5.474232 5.183196 4.701858 3.960403 2.908013 1.552660 0.000000 
50.000000 40.308340 31.273465 23.418902 17.046632 12.217533 8.794769 6.522510 5.107335 4.279042 3.822624 3.585407 3.468906 3.414741 3.390859 3.380854 3.376866 3.375351 3.374801 3.374611 3.374547 3.374527 3.374521 3.374519 3.374519 3.374518 3.374518 3.374518 3.374518 3.374518 3.374517 3.374515 3.374507 3.374483 3.374416 3.374231 3.373745 3.372525 3.369605 3.362951 3.348535 3.318902 3.261255 3.155432 2.972826 2.678123 2.236337 1.626776 0.861738 0.000000 
50.000000 39.992648 30.663520 22.553222 15.973568 10.987400 7.453388 5.107335 3.646245 2.791106 2.319912 2.075025 1.954762 1.898851 1.874199 1.863873 1.859757 1.858193 1.857626 1.857429 1.857364 1.857343 1.857337 1.857335 1.857334 1.857334 1.857334 1.857334 1.857334 1.857334 1.857333 1.857332 1.857327 1.857311 1.857268 1.857150 1.856840 1.856068 1.854234 1.850088 1.841195 1.823123 1.788433 1.725730 1.619414 1.451151 1.204111 0.870231 0.458602 0.000000 
50.000000 39.807832 30.306446 22.046453 15.345426 10.267348 6.668253 4.279042 2.791106 1.920276 1.440449 1.191082 1.068623 1.011692 0.986592 0.976079 0.971888 0.970296 0.969718 0.969518 0.969452 0.969430 0.969424 0.969422 0.969422 0.969421 0.969421 0.969421 0.969421 0.969421 0.969421 0.969420 0.969417 0.969408 0.969382 0.969312 0.969130 0.968678 0.967613 0.965222 0.960138 0.949912 0.930507 0.895886 0.838028 0.747878 0.617638 0.444306 0.233314 0.000000 
50.000000 39.705965 30.109640 21.767152 14.999247 9.870537 6.235597 3.822624 2.319912 1.440449 0.955873 0.704045 0.580378 0.522888 0.497542 0.486925 0.482694 0.481086 0.480503 0.480301 0.480234 0.480212 0.480206 0.480204 0.480203 0.480203 0.480203 0.480203 0.480203 0.480203 0.480203 0.480202 0.480200 0.480195 0.480181 0.480143 0.480043 0.479797 0.479221 0.477937 0.475227 0.469824 0.459672 0.441758 0.412176 0.366658 0.301723 0.216307 0.113300 0.000000 
50.000000 39.653007 30.007327 21.621958 14.819298 9.664279 6.010720 3.585407 2.075025 1.191082 0.704045 0.450939 0.326648 0.268867 0.243394 0.232724 0.228471 0.226856 0.226270 0.226066 0.225999 0.225977 0.225971 0.225969 0.225968 0.225968 0.225968 0.225968 0.225968 0.225968 0.225968 0.225968 0.225967 0.225964 0.225957 0.225937 0.225886 0.225761 0.225470 0.224824 0.223470 0.220792 0.215802 0.207078 0.192812 0.171085 0.140397 0.100392 0.052486 0.000000 
50.000000 39.626990 29.957066 21.550635 14.730906 9.562971 5.900274 3.468906 1.954762 1.068623 0.580378 0.326648 0.202050 0.144128 0.118592 0.107896 0.103633 0.102014 0.101426 0.101222 0.101155 0.101133 0.101127 0.101125 0.101124 0.101124 0.101124 0.101124 0.101124 0.101124 0.101124 0.101124 0.101123 0.101122 0.101119 0.101109 0.101085 0.101025 0.100886 0.100581 0.099944 0.098694 0.096381 0.092368 0.085861 0.076031 0.062258 0.044430 0.023196 0.000000 
50.000000 39.614890 29.933691 21.517467 14.689803 9.515865 5.848921 3.414741 1.898851 1.011692 0.522888 0.268867 0.144128 0.086140 0.060575 0.049868 0.045600 0.043979 0.043390 0.043186 0.043119 0.043097 0.043091 0.043089 0.043088 0.043088 0.043088 0.043088 0.043088 0.043088 0.043088 0.043088 0.043088 0.043087 0.043085 0.043081 0.043070 0.043043 0.042981 0.042845 0.042562 0.042011 0.040996 0.039248 0.036433 0.032209 0.026329 0.018760 0.009783 0.000000 
50.000000 39.609553 29.923382 21.502839 14.671677 9.495092 5.826277 3.390859 1.874199 0.986592 0.497542 0.243394 0.118592 0.060575 0.034998 0.024285 0.020015 0.018393 0.017804 0.017600 0.017533 0.017511 0.017504 0.017503 0.017502 0.017502 0.017502 0.017502 0.017502 0.017502 0.017502 0.017502 0.017502 0.017501 0.017501 0.017499 0.017494 0.017483 0.017456 0.017399 0.017280 0.017049 0.016628 0.015905 0.014747 0.013020 0.010628 0.007563 0.003941 0.000000 
50.000000 39.607317 29.919062 21.496710 14.664082 9.486390 5.816791 3.380854 1.863873 0.976079 0.486925 0.232724 0.107896 0.049868 0.024285 0.013570 0.009299 0.007677 0.007088 0.006884 0.006816 0.006795 0.006788 0.006786 0.006786 0.006785 0.006785 0.006785 0.006785 0.006785 0.006785 0.006785 0.006785 0.006785 0.006785 0.006784 0.006782 0.006778 0.006767 0.006744 0.006697 0.006605 0.006438 0.006154 0.005700 0.005027 0.004099 0.002914 0.001517 0.000000 
50.000000 39.606425 29.917339 21.494266 14.661054 9.482920 5.813010 3.376866 1.859757 0.971888 0.482694 0.228471 0.103633 0.045600 0.020015 0.009299 0.005028 0.003405 0.002817 0.002613 0.002545 0.002523 0.002517 0.002515 0.002514 0.002514 0.002514 0.002514 0.002514 0.002514 0.002514 0.002514 0.002514 0.002514 0.002514 0.002514 0.002513 0.002511 0.002507 0.002498 0.002480 0.002446 0.002383 0.002276 0.002107 0.001856 0.001512 0.001074 0.000559 0.000000 
50.000000 39.606086 29.916685 21.493337 14.659903 9.481601 5.811573 3.375351 1.858193 0.970296 0.481086 0.226856 0.102014 0.043979 0.018393 0.007677 0.003405 0.001783 0.001194 0.000990 0.000922 0.000901 0.000894 0.000892 0.000892 0.000891 0.000891 0.000891 0.000891 0.000891 0.000891 0.000891 0.000891 0.000891 0.000891 0.000891 0.000891 0.000890 0.000889 0.000886 0.000879 0.000867 0.000844 0.000806 0.000745 0.000656 0.000534 0.000379 0.000197 0.000000 
50.000000 39.605963 29.916447 21.493000 14.659485 9.481123 5.811051 3.374801 1.857626 0.969718 0.480503 0.226270 0.101426 0.043390 0.017804 0.007088 0.002817 0.001194 0.000605 0.000401 0.000334 0.000312 0.000305 0.000303 0.000303 0.000303 0.000303 0.000303 0.000303 0.000303 0.000303 0.000303 0.000303 0.000303 0.000303 0.000303 0.000303 0.000302 0.000302 0.000301 0.000299 0.000294 0.000286 0.000273 0.000253 0.000222 0.000181 0.000128 0.000067 0.000000 
50.000000 39.605921 29.916364 21.492883 14.659341 9.480957 5.810870 3.374611 1.857429 0.969518 0.480301 0.226066 0.101222 0.043186 0.017600 0.006884 0.002613 0.000990 0.000401 0.000197 0.000129 0.000108 0.000101 0.000099 0.000099 0.000099 0.000099 0.000099 0.000099 0.000099 0.000099 0.000099 0.000099 0.000099 0.000099 0.000099 0.000099 0.000099 0.000098 0.000098 0.000097 0.000096 0.000093 0.000089 0.000082 0.000072 0.000059 0.000042 0.000022 0.000000 
50.000000 39.605906 29.916337 21.492844 14.659292 9.480902 5.810810 3.374547 1.857364 0.969452 0.480234 0.225999 0.101155 0.043119 0.017533 0.006816 0.002545 0.000922 0.000334 0.000129 0.000062 0.000040 0.000034 0.000032 0.000031 0.000031 0.000031 0.000031 0.000031 0.000031 0.000031 0.000031 0.000031 0.000031 0.000031 0.000031 0.000031 0.000031 0.000031 0.000031 0.000030 0.000030 0.000029 0.000028 0.000026 0.000023 0.000018 0.000013 0.000007 0.000000 
50.000000 39.605902 29.916328 21.492832 14.659277 9.480884 5.810791 3.374527 1.857343 0.969430 0.480212 0.225977 0.101133 0.043097 0.017511 0.006795 0.002523 0.000901 0.000312 0.000108 0.000040 0.000019 0.000012 0.000010 0.000009 0.000009 0.000009 0.000009 0.000009 0.000009 0.000009 0.000009 0.000009 0.000009 0.000009 0.000009 0.000009 0.000009 0.000009 0.000009 0.000009 0.000009 0.000009 0.000008 0.000008 0.000007 0.000006 0.000004 0.000002 0.000000 
50.000000 39.605900 29.916326 21.492828 14.659272 9.480879 5.810785 3.374521 1.857337 0.969424 0.480206 0.225971 0.101127 0.043091 0.017504 0.006788 0.002517 0.000894 0.000305 0.000101 0.000034 0.000012 0.000005 0.000003 0.000003 0.000003 0.000003 0.000003 0.000003 0.000003 0.000003 0.000003 0.000003 0.000003 0.000003 0.000003 0.000003 0.000003 0.000003 0.000003 0.000003 0.000003 0.000003 0.000002 0.000002 0.000002 0.000002 0.000001 0.000001 0.000000 
50.000000 39.605900 29.916325 21.492827 14.659271 9.480878 5.810784 3.374519 1.857335 0.969422 0.480204 0.225969 0.101125 0.043089 0.017503 0.006786 0.002515 0.000892 0.000304 0.000099 0.000032 0.000010 0.000003 0.000002 0.000001 0.000001 0.000001 0.000001 0.000001 0.000001 0.000001 0.000001 0.000001 0.000001 0.000001 0.000001 0.000001 0.000001 0.000001 0.000001 0.000001 0.000001 0.000001 0.000001 0.000001 0.000001 0.000000 0.000000 0.000000 0.000000 
50.000000 39.605900 29.916325 21.492827 14.659271 9.480877 5.810783 3.374519 1.857334 0.969422 0.480203 0.225968 0.101124 0.043088 0.017502 0.006786 0.002514 0.000892 0.000303 0.000099 0.000031 0.000010 0.000003 0.000001 0.000000 0.000000 0.000000 0.000000 0.000000 0.000000 0.000000 0.000000 0.000000 0.000000 0.000000 0.000000 0.000000 0.000000 0.000000 0.000000 0.000000 0.000000 0.000000 0.000000 0.000000 0.000000 0.000000 0.000000 0.000000 0.000000 
50.000000 39.605900 29.916325 21.492827 14.659271 9.480877 5.810783 3.374519 1.857334 0.969422 0.480203 0.225968 0.101124 0.043088 0.017502 0.006786 0.002514 0.000892 0.000303 0.000099 0.000031 0.000010 0.000003 0.000001 0.000000 0.000000 0.000000 0.000000 0.000000 0.000000 0.000000 0.000000 0.000000 0.000000 0.000000 0.000000 0.000000 0.000000 0.000000 0.000000 0.000000 0.000000 0.000000 0.000000 0.000000 0.000000 0.000000 0.000000 0.000000 0.000000 
50.000000 39.605900 29.916325 21.492827 14.659271 9.480878 5.810784 3.374519 1.857335 0.969422 0.480204 0.225969 0.101125 0.043089 0.017503 0.006786 0.002515 0.000892 0.000304 0.000099 0.000032 0.000010 0.000003 0.000002 0.000001 0.000001 0.000001 0.000001 0.000001 0.000001 0.000001 0.000001 0.000001 0.000001 0.000001 0.000001 0.000001 0.000001 0.000001 0.000001 0.000001 0.000001 0.000001 0.000001 0.000001 0.000001 0.000000 0.000000 0.000000 0.000000 
50.000000 39.605900 29.916326 21.492828 14.659272 9.480879 5.810785 3.374521 1.857337 0.969424 0.480206 0.225971 0.101127 0.043091 0.017504 0.006788 0.002517 0.000894 0.000305 0.000101 0.000034 0.000012 0.000005 0.000003 0.000003 0.000003 0.000003 0.000003 0.000003 0.000003 0.000003 0.000003 0.000003 0.000003 0.000003 0.000003 0.000003 0.000003 0.000003 0.000003 0.000003 0.000003 0.000003 0.000002 0.000002 0.000002 0.000002 0.000001 0.000001 0.000000 
50.000000 39.605902 29.916328 21.492832 14.659277 9.480884 5.810791 3.374527 1.857343 0.969430 0.480212 0.225977 0.101133 0.043097 0.017511 0.006795 0.002523 0.000901 0.000312 0.000108 0.000040 0.000019 0.000012 0.000010 0.000009 0.000009 0.000009 0.000009 0.000009 0.000009 0.000009 0.000009 0.000009 0.000009 0.000009 0.000009 0.000009 0.000009 0.000009 0.000009 0.000009 0.000009 0.000009 0.000008 0.000008 0.000007 0.000006 0.000004 0.000002 0.000000 
50.000000 39.605906 29.916337 21.492844 14.659292 9.480902 5.810810 3.374547 1.857364 0.969452 0.480234 0.225999 0.101155 0.043119 0.017533 0.006816 0.002545 0.000922 0.000334 0.000129 0.000062 0.000040 0.000034 0.000032 0.000031 0.000031 0.000031 0.000031 0.000031 0.000031 0.000031 0.000031 0.000031 0.000031 0.000031 0.000031 0.000031 0.000031 0.000031 0.000031 0.000030 0.000030 0.000029 0.000028 0.000026 0.000023 0.000018 0.000013 0.000007 0.000000 
50.000000 39.605921 29.916364 21.492883 14.659341 9.480957 5.810870 3.374611 1.857429 0.969518 0.480301 0.226066 0.101222 0.043186 0.017600 0.006884 0.002613 0.000990 0.000401 0.000197 0.000129 0.000108 0.000101 0.000099 0.000099 0.000099 0.000099 0.000099 0.000099 0.000099 0.000099 0.000099 0.000099 0.000099 0.000099 0.000099 0.000099 0.000099 0.000098 0.000098 0.000097 0.000096 0.000093 0.000089 0.000082 0.000072 0.000059 0.000042 0.000022 0.000000 
50.000000 39.605963 29.916447 21.493000 14.659485 9.481123 5.811051 3.374801 1.857626 0.969718 0.480503 0.226270 0.101426 0.043390 0.017804 0.007088 0.002817 0.001194 0.000605 0.000401 0.000334 0.000312 0.000305 0.000303 0.000303 0.000303 0.000303 0.000303 0.000303 0.000303 0.000303 0.000303 0.000303 0.000303 0.000303 0.000303 0.000303 0.000302 0.000302 0.000301 0.000299 0.000294 0.000286 0.000273 0.000253 0.000222 0.000181 0.000128 0.000067 0.000000 
50.000000 39.606086 29.916685 21.493337 14.659903 9.481601 5.811573 3.375351 1.858193 0.970296 0.481086 0.226856 0.102014 0.043979 0.018393 0.007677 0.003405 0.001783 0.001194 0.000990 0.000922 0.000901 0.000894 0.000892 0.000892 0.000891 0.000891 0.000891 0.000891 0.000891 0.000891 0.000891 0.000891 0.000891 0.000891 0.000891 0.000891 0.000890 0.000889 0.000886 0.000879 0.000867 0.000844 0.000806 0.000745 0.000656 0.000534 0.000379 0.000197 0.000000 
50.000000 39.606425 29.917339 21.494266 14.661054 9.482920 5.813010 3.376866 1.859757 0.971888 0.482694 0.228471 0.103633 0.045600 0.020015 0.009299 0.005028 0.003405 0.002817 0.002613 0.002545 0.002523 0.002517 0.002515 0.002514 0.002514 0.002514 0.002514 0.002514 0.002514 0.002514 0.002514 0.002514 0.002514 0.002514 0.002514 0.002513 0.002511 0.002507 0.002498 0.002480 0.002446 0.002383 0.002276 0.002107 0.001856 0.001512 0.001074 0.000559 0.000000 
50.000000 39.607317 29.919062 21.496710 14.664082 9.486390 5.816791 3.380854 1.863873 0.976079 0.486925 0.232724 0.107896 0.049868 0.024285 0.013570 0.009299 0.007677 0.007088 0.006884 0.006816 0.006795 0.006788 0.006786 0.006786 0.006785 0.006785 0.006785 0.006785 0.006785 0.006785 0.006785 0.006785 0.006785 0.006785 0.006784 0.006782 0.006778 0.006767 0.006744 0.006697 0.006605 0.006438 0.006154 0.005700 0.005027 0.004099 0.002914 0.001517 0.000000 
50.000000 39.609553 29.923382 21.502839 14.671677 9.495092 5.826277 3.390859 1.874199 0.986592 0.497542 0.243394 0.118592 0.060575 0.034998 0.024285 0.020015 0.018393 0.017804 0.017600 0.017533 0.017511 0.017504 0.017503 0.017502 0.017502 0.017502 0.017502 0.017502 0.017502 0.017502 0.017502 0.017502 0.017501 0.017501 0.017499 0.017494 0.017483 0.017456 0.017399 0.017280 0.017049 0.016628 0.015905 0.014747 0.013020 0.010628 0.007563 0.003941 0.000000 
50.000000 39.614890 29.933691 21.517467 14.689803 9.515865 5.848921 3.414741 1.898851 1.011692 0.522888 0.268867 0.144128 0.086140 0.060575 0.049868 0.045600 0.043979 0.043390 0.043186 0.043119 0.043097 0.043091 0.043089 0.043088 0.043088 0.043088 0.043088 0.043088 0.043088 0.043088 0.043088 0.043088 0.043087 0.043085 0.043081 0.043070 0.043043 0.042981 0.042845 0.042562 0.042011 0.040996 0.039248 0.036433 0.032209 0.026329 0.018760 0.009783 0.000000 
50.000000 39.626990 29.957066 21.550635 14.730906 9.562971 5.900274 3.468906 1.954762 1.068623 0.580378 0.326648 0.202050 0.144128 0.118592 0.107896 0.103633 0.102014 0.101426 0.101222 0.101155 0.101133 0.101127 0.101125 0.101124 0.101124 0.101124 0.101124 0.101124 0.101124 0.101124 0.101124 0.101123 0.101122 0.101119 0.101109 0.101085 0.101025 0.100886 0.100581 0.099944 0.098694 0.096381 0.092368 0.085861 0.076031 0.062258 0.044430 0.023196 0.000000 
50.000000 39.653007 30.007327 21.621958 14.819298 9.664279 6.010720 3.585407 2.075025 1.191082 0.704045 0.450939 0.326648 0.268867 0.243394 0.232724 0.228471 0.226856 0.226270 0.226066 0.225999 0.225977 0.225971 0.225969 0.225968 0.225968 0.225968 0.225968 0.225968 0.225968 0.225968 0.225968 0.225967 0.225964 0.225957 0.225937 0.225886 0.225761 0.225470 0.224824 0.223470 0.220792 0.215802 0.207078 0.192812 0.171085 0.140397 0.100392 0.052486 0.000000 
50.000000 39.705965 30.109640 21.767152 14.999247 9.870537 6.235597 3.822624 2.319912 1.440449 0.955873 0.704045 0.580378 0.522888 0.497542 0.486925 0.482694 0.481086 0.480503 0.480301 0.480234 0.480212 0.480206 0.480204 0.480203 0.480203 0.480203 0.480203 0.480203 0.480203 0.480203 0.480202 0.480200 0.480195 0.480181 0.480143 0.480043 0.479797 0.479221 0.477937 0.475227 0.469824 0.459672 0.441758 0.412176 0.366658 0.301723 0.216307 0.113300 0.000000 
50.000000 39.807832 30.306446 22.046453 15.345426 10.267348 6.668253 4.279042 2.791106 1.920276 1.440449 1.191082 1.068623 1.011692 0.986592 0.976079 0.971888 0.970296 0.969718 0.969518 0.969452 0.969430 0.969424 0.969422 0.969422 0.969421 0.969421 0.969421 0.969421 0.969421 0.969421 0.969420 0.969417 0.969408 0.969382 0.969312 0.969130 0.968678 0.967613 0.965222 0.960138 0.949912 0.930507 0.895886 0.838028 0.747878 0.617638 0.444306 0.233314 0.000000 
50.000000 39.992648 30.663520 22.553222 15.973568 10.987400 7.453388 5.107335 3.646245 2.791106 2.319912 2.075025 1.954762 1.898851 1.874199 1.863873 1.859757 1.858193 1.857626 1.857429 1.857364 1.857343 1.857337 1.857335 1.857334 1.857334 1.857334 1.857334 1.857334 1.857334 1.857333 1.857332 1.857327 1.857311 1.857268 1.857150 1.856840 1.856068 1.854234 1.850088 1.841195 1.823123 1.788433 1.725730 1.619414 1.451151 1.204111 0.870231 0.458602 0.000000 
50.000000 40.308340 31.273465 23.418902 17.046632 12.217533 8.794769 6.522510 5.107335 4.279042 3.822624 3.585407 3.468906 3.414741 3.390859 3.380854 3.376866 3.375351 3.374801 3.374611 3.374547 3.374527 3.374521 3.374519 3.374519 3.374518 3.374518 3.374518 3.374518 3.374518 3.374517 3.374515 3.374507 3.374483 3.374416 3.374231 3.373745 3.372525 3.369605 3.362951 3.348535 3.318902 3.261255 3.155432 2.972826 2.678123 2.236337 1.626776 0.861738 0.000000 
50.000000 40.815117 32.252626 24.808648 18.769374 14.192527 10.948465 8.794769 7.453388 6.668253 6.235597 6.010720 5.900274 5.848921 5.826277 5.816791 5.813010 5.811573 5.811051 5.810870 5.810810 5.810791 5.810785 5.810784 5.810783 5.810783 5.810783 5.810783 5.810783 5.810783 5.810781 5.810778 5.810767 5.810733 5.810637 5.810372 5.809673 5.807905 5.803643 5.793839 5.772367 5.727658 5.639337 5.474232 5.183196 4.701858 3.960403 2.908013 1.552660 0.000000 
50.000000 41.578344 33.727309 26.901761 21.364109 17.167308 14.192527 12.217533 10.987400 10.267348 9.870537 9.664279 9.562971 9.515865 9.495092 9.486390 9.482920 9.481601 9.481123 9.480957 9.480902 9.480884 9.480879 9.480878 9.480877 9.480877 9.480877 9.480877 9.480877 9.480876 9.480875 9.480870 9.480856 9.480813 9.480689 9.480345 9.479432 9.477111 9.471467 9.458361 9.429320 9.367987 9.244707 9.009331 8.583654 7.857703 6.698771 4.987737 2.697339 0.000000 
50.000000 42.654989 35.807602 29.854527 25.024626 21.364109 18.769374 17.046632 15.973568 15.345426 14.999247 14.819298 14.730906 14.689803 14.671677 14.664082 14.661054 14.659903 14.659485 14.659341 14.659292 14.659277 14.659272 14.659271 14.659271 14.659271 14.659270 14.659270 14.659270 14.659270 14.659268 14.659263 14.659247 14.659197 14.659055 14.658657 14.657594 14.654875 14.648213 14.632589 14.597548 14.522417 14.368508 14.067516 13.506405 12.512313 10.848893 8.252435 4.562376 0.000000 
50.000000 44.075495 38.552341 33.750485 29.854527 26.901761 24.808648 23.418902 22.553222 22.046453 21.767152 21.621958 21.550635 21.517467 21.502839 21.496710 21.494266 21.493337 21.493000 21.492883 21.492844 21.492832 21.492828 21.492827 21.492827 21.492827 21.492827 21.492827 21.492826 21.492826 21.492824 21.492819 21.492803 21.492754 21.492611 21.492211 21.491139 21.488378 21.481562 21.465429 21.428816 21.349111 21.182565 20.848245 20.202991 19.005635 16.875243 13.275182 7.643591 0.000000 
50.000000 45.826258 41.935243 38.552341 35.807602 33.727309 32.252626 31.273465 30.663520 30.306446 30.109640 30.007327 29.957066 29.933691 29.923382 29.919062 29.917339 29.916685 29.916447 29.916364 29.916337 29.916328 29.916326 29.916325 29.916325 29.916325 29.916325 29.916325 29.916324 29.916324 29.916323 29.916319 29.916305 29.916265 29.916148 29.915818 29.914931 29.912636 29.906935 29.893333 29.862141 29.793289 29.646689 29.344612 28.739572 27.555167 25.277160 20.967622 13.067062 0.000000 
50.000000 47.839973 45.826258 44.075495 42.654989 41.578344 40.815117 40.308340 39.992648 39.807832 39.705965 39.653007 39.626990 39.614890 39.609553 39.607317 39.606425 39.606086 39.605963 39.605921 39.605906 39.605902 39.605900 39.605900 39.605900 39.605900 39.605900 39.605900 39.605900 39.605900 39.605899 39.605896 39.605889 39.605866 39.605800 39.605612 39.605107 39.603794 39.600520 39.592665 39.574517 39.534046 39.446602 39.262457 38.881005 38.092613 36.431905 32.759197 23.919987 0.000000 
50.000000 50.000000 50.000000 50.000000 50.000000 50.000000 50.000000 50.000000 50.000000 50.000000 50.000000 50.000000 50.000000 50.000000 50.000000 50.000000 50.000000 50.000000 50.000000 50.000000 50.000000 50.000000 50.000000 50.000000 50.000000 50.000000 50.000000 50.000000 50.000000 50.000000 50.000000 50.000000 50.000000 50.000000 50.000000 50.000000 50.000000 50.000000 50.000000 50.000000 50.000000 50.000000 50.000000 50.000000 50.000000 50.000000 50.000000 50.000000 50.000000 50.000000 
