50.000000 50.000000 50.000000 50.000000 50.000000 50.000000 50.000000 50.000000 50.000000 50.000000 50.000000 50.000000 50.000000 50.000000 50.000000 50.000000 50.000000 50.000000 50.000000 50.000000 50.000000 50.000000 50.000000 50.000000 50.000000 50.000000 50.000000 50.000000 50.000000 50.000000 50.000000 50.000000 50.000000 50.000000 50.000000 50.000000 50.000000 50.000000 50.000000 50.000000 50.000000 50.000000 50.000000 50.000000 50.000000 50.000000 50.000000 50.000000 50.000000 50.000000 
50.000000 47.665825 45.502473 43.643346 42.160637 41.061866 40.304095 39.816872 39.524231 39.359693 39.272906 39.229869 39.209761 39.200890 39.197188 39.195723 39.195173 39.194976 39.194909 39.194887 39.194880 39.194878 39.194878 39.194877 39.194877 39.194877 39.194877 39.194877 39.194877 39.194877 39.194877 39.194876 39.194872 39.194859 39.194820 39.194704 39.194373 39.193466 39.191085 39.185092 39.170606 39.136918 39.061287 38.896441 38.544511 37.798324 36.193914 32.591180 23.832913 0.000000 
50.000000 45.502473 41.334108 37.751957 34.895120 32.778078 31.318083 30.379374 29.815572 29.498582 29.331388 29.248480 29.209745 29.192658 29.185526 29.182705 29.181645 29.181266 29.181137 29.181095 29.181081 29.181078 29.181076 29.181076 29.181076 29.181076 29.181076 29.181076 29.181076 29.181076 29.181075 29.181073 29.181066 29.181044 29.180976 29.180774 29.180199 29.178629 29.174525 29.164253 29.139608 29.082889 28.957417 28.689860 28.137625 27.028716 24.851417 20.667054 12.911293 0.000000 
50.000000 43.643346 37.751957 32.689162 28.651560 25.659593 23.596280 22.269712 21.472988 21.025061 20.788817 20.671675 20.616948 20.592808 20.582734 20.578749 20.577251 20.576716 20.576533 20.576474 20.576456 20.576450 20.576448 20.576448 20.576448 20.576448 20.576448 20.576448 20.576448 20.576448 20.576447 20.576444 20.576436 20.576410 20.576328 20.576087 20.575403 20.573544 20.568718 20.556733 20.528277 20.463688 20.323470 20.032166 19.452719 18.349453 16.344581 12.900539 7.449432 0.000000 
50.000000 42.160637 34.895120 28.651560 23.672408 19.982841 17.438545 15.802808 14.820449 14.268186 13.976930 13.832519 13.765058 13.735303 13.722886 13.717974 13.716129 13.715469 13.715244 13.715171 13.715148 13.715142 13.715140 13.715139 13.715139 13.715139 13.715139 13.715139 13.715139 13.715139 13.715138 13.715136 13.715128 13.715102 13.715022 13.714787 13.714124 13.712334 13.707720 13.696366 13.669725 13.610160 13.483366 13.226682 12.733363 11.836204 10.302107 7.866404 4.362313 0.000000 
50.000000 41.061866 32.778078 25.659593 19.982841 15.776485 12.875928 11.011236 9.891433 9.261938 8.929971 8.765386 8.688506 8.654599 8.640451 8.634855 8.632753 8.632001 8.631745 8.631662 8.631636 8.631628 8.631626 8.631625 8.631625 8.631625 8.631625 8.631625 8.631625 8.631625 8.631624 8.631622 8.631615 8.631593 8.631526 8.631329 8.630774 8.629287 8.625484 8.616215 8.594724 8.547384 8.448484 8.252952 7.888242 7.249478 6.206875 4.640452 2.517355 0.000000 
50.000000 40.304095 31.318083 23.596280 17.438545 12.875928 9.729824 7.707363 6.492874 5.810189 5.450193 5.271723 5.188363 5.151600 5.136262 5.130195 5.127916 5.127102 5.126824 5.126734 5.126706 5.126698 5.126695 5.126694 5.126694 5.126694 5.126694 5.126694 5.126694 5.126694 5.126694 5.126692 5.126687 5.126670 5.126620 5.126473 5.126061 5.124965 5.122183 5.115467 5.100071 5.066626 4.997933 4.864912 4.622976 4.211863 3.564115 2.628223 1.407654 0.000000 
50.000000 39.816872 30.379374 22.269712 15.802808 11.011236 7.707363 5.583559 4.308268 3.591438 3.213456 3.026079 2.938563 2.899971 2.883870 2.877502 2.875110 2.874255 2.873964 2.873869 2.873840 2.873831 2.873829 2.873828 2.873828 2.873828 2.873828 2.873828 2.873828 2.873828 2.873827 2.873826 2.873823 2.873812 2.873777 2.873678 2.873403 2.872673 2.870836 2.866438 2.856465 2.835069 2.791780 2.709430 2.562752 2.319442 1.946242 1.421957 0.755585 0.000000 
50.000000 39.524231 29.815572 21.472988 14.820449 9.891433 6.492874 4.308268 2.996510 2.259208 1.870447 1.677735 1.587731 1.548044 1.531487 1.524939 1.522479 1.521600 1.521301 1.521203 1.521173 1.521164 1.521162 1.521161 1.521161 1.521161 1.521161 1.521161 1.521161 1.521161 1.521160 1.521160 1.521158 1.521151 1.521130 1.521069 1.520900 1.520457 1.519348 1.516715 1.510801 1.498255 1.473199 1.426248 1.344049 1.210289 1.009300 0.732683 0.387313 0.000000 
50.000000 39.359693 29.498582 21.025061 14.268186 9.261938 5.810189 3.591438 2.259208 1.510420 1.115613 0.919910 0.828512 0.788211 0.771399 0.764750 0.762253 0.761360 0.761056 0.760957 0.760927 0.760917 0.760915 0.760914 0.760914 0.760914 0.760914 0.760914 0.760914 0.760914 0.760914 0.760913 0.760912 0.760908 0.760896 0.760862 0.760767 0.760519 0.759902 0.758448 0.755210 0.748407 0.734973 0.710118 0.667214 0.598461 0.496784 0.358973 0.189087 0.000000 
50.000000 39.272906 29.331388 20.788817 13.976930 8.929971 5.450193 3.213456 1.870447 1.115613 0.717626 0.520350 0.428220 0.387597 0.370650 0.363949 0.361432 0.360532 0.360226 0.360126 0.360095 0.360086 0.360083 0.360083 0.360082 0.360082 0.360082 0.360082 0.360082 0.360082 0.360082 0.360082 0.360081 0.360079 0.360073 0.360055 0.360006 0.359877 0.359558 0.358813 0.357165 0.353732 0.347018 0.334727 0.313756 0.280564 0.232084 0.167135 0.087814 0.000000 
50.000000 39.229869 29.248480 20.671675 13.832519 8.765386 5.271723 3.026079 1.677735 0.919910 0.520350 0.322297 0.229805 0.189023 0.172010 0.165283 0.162756 0.161853 0.161546 0.161446 0.161414 0.161405 0.161402 0.161402 0.161402 0.161402 0.161402 0.161402 0.161402 0.161402 0.161401 0.161401 0.161401 0.161400 0.161397 0.161388 0.161364 0.161302 0.161148 0.160792 0.160008 0.158387 0.155244 0.149540 0.139902 0.124799 0.102957 0.073955 0.038784 0.000000 
50.000000 39.209761 29.209745 20.616948 13.765058 8.688506 5.188363 2.938563 1.587731 0.828512 0.428220 0.229805 0.137144 0.096289 0.079245 0.072506 0.069975 0.069070 0.068762 0.068662 0.068630 0.068621 0.068619 0.068618 0.068618 0.068618 0.068618 0.068618 0.068618 0.068618 0.068618 0.068617 0.068617 0.068617 0.068615 0.068611 0.068600 0.068572 0.068503 0.068343 0.067993 0.067274 0.065890 0.063397 0.059219 0.052723 0.043404 0.031116 0.016295 0.000000 
50.000000 39.200890 29.192658 20.592808 13.735303 8.654599 5.151600 2.899971 1.548044 0.788211 0.387597 0.189023 0.096289 0.055400 0.038344 0.031599 0.029065 0.028160 0.027852 0.027752 0.027720 0.027711 0.027708 0.027708 0.027707 0.027707 0.027707 0.027707 0.027707 0.027707 0.027707 0.027707 0.027707 0.027707 0.027707 0.027705 0.027700 0.027688 0.027659 0.027591 0.027444 0.027144 0.026568 0.025539 0.023825 0.021179 0.017406 0.012459 0.006517 0.000000 
50.000000 39.197188 29.185526 20.582734 13.722886 8.640451 5.136262 2.883870 1.531487 0.771399 0.370650 0.172010 0.079245 0.038344 0.021281 0.014534 0.012000 0.011095 0.010786 0.010686 0.010655 0.010645 0.010643 0.010642 0.010642 0.010642 0.010642 0.010642 0.010642 0.010642 0.010642 0.010642 0.010642 0.010642 0.010641 0.010641 0.010639 0.010634 0.010622 0.010595 0.010537 0.010418 0.010192 0.009789 0.009123 0.008099 0.006647 0.004752 0.002484 0.000000 
50.000000 39.195723 29.182705 20.578749 13.717974 8.634855 5.130195 2.877502 1.524939 0.764750 0.363949 0.165283 0.072506 0.031599 0.014534 0.007786 0.005252 0.004346 0.004038 0.003937 0.003906 0.003897 0.003894 0.003894 0.003893 0.003893 0.003893 0.003893 0.003893 0.003893 0.003893 0.003893 0.003893 0.003893 0.003893 0.003893 0.003892 0.003890 0.003886 0.003876 0.003854 0.003809 0.003725 0.003575 0.003329 0.002952 0.002420 0.001729 0.000903 0.000000 
50.000000 39.195173 29.181645 20.577251 13.716129 8.632753 5.127916 2.875110 1.522479 0.762253 0.361432 0.162756 0.069975 0.029065 0.012000 0.005252 0.002717 0.001812 0.001503 0.001403 0.001372 0.001362 0.001360 0.001359 0.001359 0.001359 0.001359 0.001359 0.001359 0.001359 0.001359 0.001359 0.001359 0.001359 0.001359 0.001359 0.001358 0.001358 0.001356 0.001352 0.001345 0.001329 0.001299 0.001246 0.001159 0.001027 0.000841 0.000600 0.000313 0.000000 
50.000000 39.194976 29.181266 20.576716 13.715469 8.632001 5.127102 2.874255 1.521600 0.761360 0.360532 0.161853 0.069070 0.028160 0.011095 0.004346 0.001812 0.000906 0.000597 0.000497 0.000466 0.000457 0.000454 0.000453 0.000453 0.000453 0.000453 0.000453 0.000453 0.000453 0.000453 0.000453 0.000453 0.000453 0.000453 0.000453 0.000453 0.000453 0.000452 0.000451 0.000448 0.000443 0.000433 0.000415 0.000386 0.000342 0.000280 0.000199 0.000104 0.000000 
50.000000 39.194909 29.181137 20.576533 13.715244 8.631745 5.126824 2.873964 1.521301 0.761056 0.360226 0.161546 0.068762 0.027852 0.010786 0.004038 0.001503 0.000597 0.000289 0.000189 0.000157 0.000148 0.000145 0.000145 0.000145 0.000144 0.000144 0.000144 0.000144 0.000144 0.000144 0.000144 0.000144 0.000144 0.000144 0.000144 0.000144 0.000144 0.000144 0.000144 0.000143 0.000141 0.000138 0.000132 0.000123 0.000109 0.000089 0.000063 0.000033 0.000000 
50.000000 39.194887 29.181095 20.576474 13.715171 8.631662 5.126734 2.873869 1.521203 0.760957 0.360126 0.161446 0.068662 0.027752 0.010686 0.003937 0.001403 0.000497 0.000189 0.000088 0.000057 0.000048 0.000045 0.000044 0.000044 0.000044 0.000044 0.000044 0.000044 0.000044 0.000044 0.000044 0.000044 0.000044 0.000044 0.000044 0.000044 0.000044 0.000044 0.000044 0.000044 0.000043 0.000042 0.000040 0.000037 0.000033 0.000027 0.000019 0.000010 0.000000 
50.000000 39.194880 29.181081 20.576456 13.715148 8.631636 5.126706 2.873840 1.521173 0.760927 0.360095 0.161414 0.068630 0.027720 0.010655 0.003906 0.001372 0.000466 0.000157 0.000057 0.000026 0.000017 0.000014 0.000013 0.000013 0.000013 0.000013 0.000013 0.000013 0.000013 0.000013 0.000013 0.000013 0.000013 0.000013 0.000013 0.000013 0.000013 0.000013 0.000013 0.000013 0.000013 0.000012 0.000012 0.000011 0.000010 0.000008 0.000006 0.000003 0.000000 
50.000000 39.194878 29.181078 20.576450 13.715142 8.631628 5.126698 2.873831 1.521164 0.760917 0.360086 0.161405 0.068621 0.027711 0.010645 0.003897 0.001362 0.000457 0.000148 0.000048 0.000017 0.000007 0.000005 0.000004 0.000004 0.000004 0.000004 0.000004 0.000004 0.000004 0.000004 0.000004 0.000004 0.000004 0.000004 0.000004 0.000004 0.000004 0.000004 0.000004 0.000004 0.000004 0.000003 0.000003 0.000003 0.000003 0.000002 0.000002 0.000001 0.000000 
50.000000 39.194878 29.181076 20.576448 13.715140 8.631626 5.126695 2.873829 1.521162 0.760915 0.360083 0.161402 0.068619 0.027708 0.010643 0.003894 0.001360 0.000454 0.000145 0.000045 0.000014 0.000005 0.000002 0.000001 0.000001 0.000001 0.000001 0.000001 0.000001 0.000001 0.000001 0.000001 0.000001 0.000001 0.000001 0.000001 0.000001 0.000001 0.000001 0.000001 0.000001 0.000001 0.000001 0.000001 0.000001 0.000001 0.000001 0.000000 0.000000 0.000000 
50.000000 39.194877 29.181076 20.576448 13.715139 8.631625 5.126694 2.873828 1.521161 0.760914 0.360083 0.161402 0.068618 0.027708 0.010642 0.003894 0.001359 0.000453 0.000145 0.000044 0.000013 0.000004 0.000001 0.000001 0.000000 0.000000 0.000000 0.000000 0.000000 0.000000 0.000000 0.000000 0.000000 0.000000 0.000000 0.000000 0.000000 0.000000 0.000000 0.000000 0.000000 0.000000 0.000000 0.000000 0.000000 0.000000 0.000000 0.000000 0.000000 0.000000 
50.000000 39.194877 29.181076 20.576448 13.715139 8.631625 5.126694 2.873828 1.521161 0.760914 0.360082 0.161402 0.068618 0.027707 0.010642 0.003893 0.001359 0.000453 0.000145 0.000044 0.000013 0.000004 0.000001 0.000000 0.000000 0.000000 0.000000 0.000000 0.000000 0.000000 0.000000 0.000000 0.000000 0.000000 0.000000 0.000000 0.000000 0.000000 0.000000 0.000000 0.000000 0.000000 0.000000 0.000000 0.000000 0.000000 0.000000 0.000000 0.000000 0.000000 
50.000000 39.194877 29.181076 20.576448 13.715139 8.631625 5.126694 2.873828 1.521161 0.760914 0.360082 0.161402 0.068618 0.027707 0.010642 0.003893 0.001359 0.000453 0.000145 0.000044 0.000013 0.000004 0.000001 0.000000 0.000000 0.000000 0.000000 0.000000 0.000000 0.000000 0.000000 0.000000 0.000000 0.000000 0.000000 0.000000 0.000000 0.000000 0.000000 0.000000 0.000000 0.000000 0.000000 0.000000 0.000000 0.000000 0.000000 0.000000 0.000000 0.000000 
50.000000 39.194877 29.181076 20.576448 13.715139 8.631625 5.126694 2.873828 1.521161 0.760914 0.360083 0.161402 0.068618 0.027708 0.010642 0.003894 0.001359 0.000453 0.000145 0.000044 0.000013 0.000004 0.000001 0.000001 0.000000 0.000000 0.000000 0.000000 0.000000 0.000000 0.000000 0.000000 0.000000 0.000000 0.000000 0.000000 0.000000 0.000000 0.000000 0.000000 0.000000 0.000000 0.000000 0.000000 0.000000 0.000000 0.000000 0.000000 0.000000 0.000000 
50.000000 39.194878 29.181076 20.576448 13.715140 8.631626 5.126695 2.873829 1.521162 0.760915 0.360083 0.161402 0.068619 0.027708 0.010643 0.003894 0.001360 0.000454 0.000145 0.000045 0.000014 0.000005 0.000002 0.000001 0.000001 0.000001 0.000001 0.000001 0.000001 0.000001 0.000001 0.000001 0.000001 0.000001 0.000001 0.000001 0.000001 0.000001 0.000001 0.000001 0.000001 0.000001 0.000001 0.000001 0.000001 0.000001 0.000001 0.000000 0.000000 0.000000 
50.000000 39.194878 29.181078 20.576450 13.715142 8.631628 5.126698 2.873831 1.521164 0.760917 0.360086 0.161405 0.068621 0.027711 0.010645 0.003897 0.001362 0.000457 0.000148 0.000048 0.000017 0.000007 0.000005 0.000004 0.000004 0.000004 0.000004 0.000004 0.000004 0.000004 0.000004 0.000004 0.000004 0.000004 0.000004 0.000004 0.000004 0.000004 0.000004 0.000004 0.000004 0.000004 0.000003 0.000003 0.000003 0.000003 0.000002 0.000002 0.000001 0.000000 
50.000000 39.194880 29.181081 20.576456 13.715148 8.631636 5.126706 2.873840 1.521173 0.760927 0.360095 0.161414 0.068630 0.027720 0.010655 0.003906 0.001372 0.000466 0.000157 0.000057 0.000026 0.000017 0.000014 0.000013 0.000013 0.000013 0.000013 0.000013 0.000013 0.000013 0.000013 0.000013 0.000013 0.000013 0.000013 0.000013 0.000013 0.000013 0.000013 0.000013 0.000013 0.000013 0.000012 0.000012 0.000011 0.000010 0.000008 0.000006 0.000003 0.000000 
50.000000 39.194887 29.181095 20.576474 13.715171 8.631662 5.126734 2.873869 1.521203 0.760957 0.360126 0.161446 0.068662 0.027752 0.010686 0.003937 0.001403 0.000497 0.000189 0.000088 0.000057 0.000048 0.000045 0.000044 0.000044 0.000044 0.000044 0.000044 0.000044 0.000044 0.000044 0.000044 0.000044 0.000044 0.000044 0.000044 0.000044 0.000044 0.000044 0.000044 0.000044 0.000043 0.000042 0.000040 0.000037 0.000033 0.000027 0.000019 0.000010 0.000000 
50.000000 39.194909 29.181137 20.576533 13.715244 8.631745 5.126824 2.873964 1.521301 0.761056 0.360226 0.161546 0.068762 0.027852 0.010786 0.004038 0.001503 0.000597 0.000289 0.000189 0.000157 0.000148 0.000145 0.000145 0.000145 0.000144 0.000144 0.000144 0.000144 0.000144 0.000144 0.000144 0.000144 0.000144 0.000144 0.000144 0.000144 0.000144 0.000144 0.000144 0.000143 0.000141 0.000138 0.000132 0.000123 0.000109 0.000089 0.000063 0.000033 0.000000 
50.000000 39.194976 29.181266 20.576716 13.715469 8.632001 5.127102 2.874255 1.521600 0.761360 0.360532 0.161853 0.069070 0.028160 0.011095 0.004346 0.001812 0.000906 0.000597 0.000497 0.000466 0.000457 0.000454 0.000453 0.000453 0.000453 0.000453 0.000453 0.000453 0.000453 0.000453 0.000453 0.000453 0.000453 0.000453 0.000453 0.000453 0.000453 0.000452 0.000451 0.000448 0.000443 0.000433 0.000415 0.000386 0.000342 0.000280 0.000199 0.000104 0.000000 
50.000000 39.195173 29.181645 20.577251 13.716129 8.632753 5.127916 2.875110 1.522479 0.762253 0.361432 0.162756 0.069975 0.029065 0.012000 0.005252 0.002717 0.001812 0.001503 0.001403 0.001372 0.001362 0.001360 0.001359 0.001359 0.001359 0.001359 0.001359 0.001359 0.001359 0.001359 0.001359 0.001359 0.001359 0.001359 0.001359 0.001358 0.001358 0.001356 0.001352 0.001345 0.001329 0.001299 0.001246 0.001159 0.001027 0.000841 0.000600 0.000313 0.000000 
50.000000 39.195723 29.182705 20.578749 13.717974 8.634855 5.130195 2.877502 1.524939 0.764750 0.363949 0.165283 0.072506 0.031599 0.014534 0.007786 0.005252 0.004346 0.004038 0.003937 0.003906 0.003897 0.003894 0.003894 0.003893 0.003893 0.003893 0.003893 0.003893 0.003893 0.003893 0.003893 0.003893 0.003893 0.003893 0.003893 0.003892 0.003890 0.003886 0.003876 0.003854 0.003809 0.003725 0.003575 0.003329 0.002952 0.002420 0.001729 0.000903 0.000000 
50.000000 39.197188 29.185526 20.582734 13.722886 8.640451 5.136262 2.883870 1.531487 0.771399 0.370650 0.172010 0.079245 0.038344 0.021281 0.014534 0.012000 0.011095 0.010786 0.010686 0.010655 0.010645 0.010643 0.010642 0.010642 0.010642 0.010642 0.010642 0.010642 0.010642 0.010642 0.010642 0.010642 0.010642 0.010641 0.010641 0.010639 0.010634 0.010622 0.010595 0.010537 0.010418 0.010192 0.009789 0.009123 0.008099 0.006647 0.004752 0.002484 0.000000 
50.000000 39.200890 29.192658 20.592808 13.735303 8.654599 5.151600 2.899971 1.548044 0.788211 0.387597 0.189023 0.096289 0.055400 0.038344 0.031599 0.029065 0.028160 0.027852 0.027752 0.027720 0.027711 0.027708 0.027708 0.027707 0.027707 0.027707 0.027707 0.027707 0.027707 0.027707 0.027707 0.027707 0.027707 0.027707 0.027705 0.027700 0.027688 0.027659 0.027591 0.027444 0.027144 0.026568 0.025539 0.023825 0.021179 0.017406 0.012459 0.006517 0.000000 
50.000000 39.209761 29.209745 20.616948 13.765058 8.688506 5.188363 2.938563 1.587731 0.828512 0.428220 0.229805 0.137144 0.096289 0.079245 0.072506 0.069975 0.069070 0.068762 0.068662 0.068630 0.068621 0.068619 0.068618 0.068618 0.068618 0.068618 0.068618 0.068618 0.068618 0.068618 0.068617 0.068617 0.068617 0.068615 0.068611 0.068600 0.068572 0.068503 0.068343 0.067993 0.067274 0.065890 0.063397 0.059219 0.052723 0.043404 0.031116 0.016295 0.000000 
50.000000 39.229869 29.248480 20.671675 13.832519 8.765386 5.271723 3.026079 1.677735 0.919910 0.520350 0.322297 0.229805 0.189023 0.172010 0.165283 0.162756 0.161853 0.161546 0.161446 0.161414 0.161405 0.161402 0.161402 0.161402 0.161402 0.161402 0.161402 0.161402 0.161402 0.161401 0.161401 0.161401 0.161400 0.161397 0.161388 0.161364 0.161302 0.161148 0.160792 0.160008 0.158387 0.155244 0.149540 0.139902 0.124799 0.102957 0.073955 0.038784 0.000000 
50.000000 39.272906 29.331388 20.788817 13.976930 8.929971 5.450193 3.213456 1.870447 1.115613 0.717626 0.520350 0.428220 0.387597 0.370650 0.363949 0.361432 0.360532 0.360226 0.360126 0.360095 0.360086 0.360083 0.360083 0.360082 0.360082 0.360082 0.360082 0.360082 0.360082 0.360082 0.360082 0.360081 0.360079 0.360073 0.360055 0.360006 0.359877 0.359558 0.358813 0.357165 0.353732 0.347018 0.334727 0.313756 0.280564 0.232084 0.167135 0.087814 0.000000 
50.000000 39.359693 29.498582 21.025061 14.268186 9.261938 5.810189 3.591438 2.259208 1.510420 1.115613 0.919910 0.828512 0.788211 0.771399 0.764750 0.762253 0.761360 0.761056 0.760957 0.760927 0.760917 0.760915 0.760914 0.760914 0.760914 0.760914 0.760914 0.760914 0.760914 0.760914 0.760913 0.760912 0.760908 0.760896 0.760862 0.760767 0.760519 0.759902 0.758448 0.755210 0.748407 0.734973 0.710118 0.667214 0.598461 0.496784 0.358973 0.189087 0.000000 
50.000000 39.524231 29.815572 21.472988 14.820449 9.891433 6.492874 4.308268 2.996510 2.259208 1.870447 1.677735 1.587731 1.548044 1.531487 1.524939 1.522479 1.521600 1.521301 1.521203 1.521173 1.521164 1.521162 1.521161 1.521161 1.521161 1.521161 1.521161 1.521161 1.521161 1.521160 1.521160 1.521158 1.521151 1.521130 1.521069 1.520900 1.520457 1.519348 1.516715 1.510801 1.498255 1.473199 1.426248 1.344049 1.210289 1.009300 0.732683 0.387313 0.000000 
50.000000 39.816872 30.379374 22.269712 15.802808 11.011236 7.707363 5.583559 4.308268 3.591438 3.213456 3.026079 2.938563 2.899971 2.883870 2.877502 2.875110 2.874255 2.873964 2.873869 2.873840 2.873831 2.873829 2.873828 2.873828 2.873828 2.873828 2.873828 2.873828 2.873828 2.873827 2.873826 2.873823 2.873812 2.873777 2.873678 2.873403 2.872673 2.870836 2.866438 2.856465 2.835069 2.791780 2.709430 2.562752 2.319442 1.946242 1.421957 0.755585 0.000000 
50.000000 40.304095 31.318083 23.596280 17.438545 12.875928 9.729824 7.707363 6.492874 5.810189 5.450193 5.271723 5.188363 5.151600 5.136262 5.130195 5.127916 5.127102 5.126824 5.126734 5.126706 5.126698 5.126695 5.126694 5.126694 5.126694 5.126694 5.126694 5.126694 5.126694 5.126694 5.126692 5.126687 5.126670 5.126620 5.126473 5.126061 5.124965 5.122183 5.115467 5.100071 5.066626 4.997933 4.864912 4.622976 4.211863 3.564115 2.628223 1.407654 0.000000 
50.000000 41.061866 32.778078 25.659593 19.982841 15.776485 12.875928 11.011236 9.891433 9.261938 8.929971 8.765386 8.688506 8.654599 8.640451 8.634855 8.632753 8.632001 8.631745 8.631662 8.631636 8.631628 8.631626 8.631625 8.631625 8.631625 8.631625 8.631625 8.631625 8.631625 8.631624 8.631622 8.631615 8.631593 8.631526 8.631329 8.630774 8.629287 8.625484 8.616215 8.594724 8.547384 8.448484 8.252952 7.888242 7.249478 6.206875 4.640452 2.517355 0.000000 
50.000000 42.160637 34.895120 28.651560 23.672408 19.982841 17.438545 15.802808 14.820449 14.268186 13.976930 13.832519 13.765058 13.735303 13.722886 13.717974 13.716129 13.715469 13.715244 13.715171 13.715148 13.715142 13.715140 13.715139 13.715139 13.715139 13.715139 13.715139 13.715139 13.715139 13.715138 13.715136 13.715128 13.715102 13.715022 13.714787 13.714124 13.712334 13.707720 13.696366 13.669725 13.610160 13.483366 13.226682 12.733363 11.836204 10.302107 7.866404 4.362313 0.000000 
50.000000 43.643346 37.751957 32.689162 28.651560 25.659593 23.596280 22.269712 21.472988 21.025061 20.788817 20.671675 20.616948 20.592808 20.582734 20.578749 20.577251 20.576716 20.576533 20.576474 20.576456 20.576450 20.576448 20.576448 20.576448 20.576448 20.576448 20.576448 20.576448 20.576448 20.576447 20.576444 20.576436 20.576410 20.576328 20.576087 20.575403 20.573544 20.568718 20.556733 20.528277 20.463688 20.323470 20.032166 19.452719 18.349453 16.344581 12.900539 7.449432 0.000000 
50.000000 45.502473 41.334108 37.751957 34.895120 32.778078 31.318083 30.379374 29.815572 29.498582 29.331388 29.248480 29.209745 29.192658 29.185526 29.182705 29.181645 29.181266 29.181137 29.181095 29.181081 29.181078 29.181076 29.181076 29.181076 29.181076 29.181076 29.181076 29.181076 29.181076 29.181075 29.181073 29.181066 29.181044 29.180976 29.180774 29.180199 29.178629 29.174525 29.164253 29.139608 29.082889 28.957417 28.689860 28.137625 27.028716 24.851417 20.667054 12.911293 0.000000 
50.000000 47.665825 45.502473 43.643346 42.160637 41.061866 40.304095 39.816872 39.524231 39.359693 39.272906 39.229869 39.209761 39.200890 39.197188 39.195723 39.195173 39.194976 39.194909 39.194887 39.194880 39.194878 39.194878 39.194877 39.194877 39.194877 39.194877 39.194877 39.194877 39.194877 39.194877 39.194876 39.194872 39.194859 39.194820 39.194704 39.194373 39.193466 39.191085 39.185092 39.170606 39.136918 39.061287 38.896441 38.544511 37.798324 36.193914 32.591180 23.832913 0.000000 
50.000000 50.000000 50.000000 50.000000 50.000000 50.000000 50.000000 50.000000 50.000000 50.000000 50.000000 50.000000 50.000000 50.000000 50.000000 50.000000 50.000000 50.000000 50.000000 50.000000 50.000000 50.000000 50.000000 50.000000 50.000000 50.000000 50.000000 50.000000 50.000000 50.000000 50.000000 50.000000 50.000000 50.000000 50.000000 50.000000 50.000000 50.000000 50.000000 50.000000 50.000000 50.000000 50.000000 50.000000 50.000000 50.000000 50.000000 50.000000 50.000000 50.000000 
