50.000000 50.000000 50.000000 50.000000 50.000000 50.000000 50.000000 50.000000 50.000000 50.000000 50.000000 50.000000 50.000000 50.000000 50.000000 50.000000 50.000000 50.000000 50.000000 50.000000 50.000000 50.000000 50.000000 50.000000 50.000000 50.000000 50.000000 50.000000 50.000000 50.000000 50.000000 50.000000 50.000000 50.000000 50.000000 50.000000 50.000000 50.000000 50.000000 50.000000 50.000000 50.000000 50.000000 50.000000 50.000000 50.000000 50.000000 50.000000 50.000000 50.000000 
50.000000 48.260134 46.615237 45.144750 43.901282 42.906152 42.151963 41.610239 41.241125 41.002313 40.855446 40.769496 40.721576 40.696093 40.683153 40.676870 40.673951 40.672651 40.672096 40.671868 40.671778 40.671744 40.671731 40.671727 40.671725 40.671725 40.671725 40.671724 40.671724 40.671722 40.671717 40.671702 40.671663 40.671561 40.671305 40.670685 40.669233 40.665944 40.658733 40.643414 40.611814 40.548347 40.423669 40.182515 39.718655 38.817957 37.013141 33.166516 24.130067 0.000000 
50.000000 46.615237 43.415234 40.554538 38.135501 36.199593 34.732419 33.678578 32.960531 32.495969 32.210273 32.043080 31.949865 31.900297 31.875126 31.862906 31.857227 31.854699 31.853619 31.853175 31.853001 31.852934 31.852910 31.852902 31.852899 31.852898 31.852897 31.852897 31.852896 31.852892 31.852883 31.852856 31.852785 31.852600 31.852139 31.851022 31.848414 31.842524 31.829663 31.802488 31.746840 31.636187 31.421911 31.016229 30.261438 28.872969 26.333130 21.707617 13.448721 0.000000 
50.000000 45.144750 40.554538 36.451067 32.981150 30.204275 28.099780 26.588189 25.558266 24.891941 24.482173 24.242377 24.108688 24.037598 24.001500 23.983976 23.975832 23.972207 23.970658 23.970022 23.969772 23.969676 23.969642 23.969629 23.969625 23.969624 23.969623 23.969623 23.969621 23.969617 23.969605 23.969571 23.969480 23.969246 23.968662 23.967253 23.963975 23.956608 23.940622 23.907108 23.839187 23.705979 23.452833 22.985959 22.149141 20.690779 18.225533 14.221408 8.131609 0.000000 
50.000000 43.901282 38.135501 32.981150 28.622650 25.134713 22.491374 20.592785 19.299211 18.462333 17.947695 17.646538 17.478645 17.389370 17.344039 17.322033 17.311808 17.307256 17.305311 17.304513 17.304199 17.304079 17.304035 17.304020 17.304015 17.304013 17.304012 17.304012 17.304010 17.304005 17.303992 17.303956 17.303860 17.303613 17.302997 17.301518 17.298094 17.290445 17.273970 17.239756 17.171240 17.038919 16.792468 16.349862 15.584145 14.311325 12.290371 9.262532 5.083325 0.000000 
50.000000 42.906152 36.199593 30.204275 25.134713 21.077804 18.003324 15.795114 14.290623 13.317320 12.718805 12.368577 12.173334 12.069520 12.016809 11.991222 11.979333 11.974040 11.971779 11.970851 11.970486 11.970347 11.970296 11.970278 11.970272 11.970270 11.970269 11.970269 11.970267 11.970263 11.970250 11.970217 11.970127 11.969896 11.969325 11.967960 11.964816 11.957840 11.942937 11.912295 11.851692 11.736458 11.525989 11.157235 10.538902 9.550569 8.055134 5.938155 3.187497 0.000000 
50.000000 42.151963 34.732419 28.099780 22.491374 18.003324 14.602173 12.159391 10.495124 9.418487 8.756451 8.369065 8.153116 8.038297 7.980000 7.951703 7.938555 7.932702 7.930202 7.929176 7.928772 7.928618 7.928562 7.928543 7.928536 7.928534 7.928533 7.928532 7.928531 7.928527 7.928517 7.928488 7.928412 7.928218 7.927740 7.926602 7.923996 7.918255 7.906091 7.881332 7.832955 7.742321 7.579742 7.301087 6.846089 6.141512 5.113822 3.716189 1.969448 0.000000 
50.000000 41.610239 33.678578 26.588189 20.592785 15.795114 12.159391 9.548189 7.769219 6.618412 5.910788 5.496740 5.265936 5.143223 5.080921 5.050681 5.036631 5.030376 5.027705 5.026609 5.026177 5.026013 5.025953 5.025932 5.025925 5.025923 5.025922 5.025921 5.025920 5.025917 5.025909 5.025887 5.025828 5.025679 5.025311 5.024442 5.022462 5.018131 5.009028 4.990678 4.955232 4.889722 4.774094 4.579649 4.269125 3.800317 3.135356 2.256666 1.186571 0.000000 
50.000000 41.241125 32.960531 25.558266 19.299211 14.290623 10.495124 7.769219 5.912145 4.710839 3.972184 3.539991 3.299080 3.170998 3.105972 3.074410 3.059747 3.053220 3.050432 3.049289 3.048838 3.048667 3.048604 3.048582 3.048575 3.048572 3.048571 3.048571 3.048570 3.048568 3.048562 3.048546 3.048504 3.048397 3.048136 3.047521 3.046128 3.043101 3.036789 3.024179 3.000076 2.956072 2.879497 2.752803 2.554165 2.260292 1.852287 1.324344 0.692778 0.000000 
50.000000 41.002313 32.495969 24.891941 18.462333 13.317320 9.418487 6.618412 4.710839 3.476892 2.718182 2.274266 2.026825 1.895275 1.828490 1.796076 1.781018 1.774314 1.771452 1.770277 1.769815 1.769639 1.769575 1.769552 1.769544 1.769542 1.769541 1.769540 1.769540 1.769538 1.769535 1.769524 1.769496 1.769425 1.769251 1.768845 1.767932 1.765958 1.761871 1.753775 1.738446 1.710763 1.663179 1.585532 1.465628 1.291093 1.052754 0.749129 0.390498 0.000000 
50.000000 40.855446 32.210273 24.482173 17.947695 12.718805 8.756451 5.910788 3.972184 2.718182 1.947153 1.496038 1.244589 1.110910 1.043047 1.010109 0.994809 0.987997 0.985089 0.983896 0.983425 0.983247 0.983181 0.983158 0.983151 0.983148 0.983147 0.983147 0.983146 0.983146 0.983143 0.983136 0.983119 0.983074 0.982967 0.982716 0.982153 0.980945 0.978461 0.973577 0.964407 0.948005 0.920109 0.875119 0.806510 0.707939 0.575066 0.407785 0.212032 0.000000 
50.000000 40.769496 32.043080 24.242377 17.646538 12.368577 8.369065 5.496740 3.539991 2.274266 1.496038 1.040715 0.786925 0.652004 0.583510 0.550268 0.534825 0.527951 0.525016 0.523812 0.523337 0.523157 0.523091 0.523068 0.523060 0.523057 0.523057 0.523056 0.523056 0.523055 0.523054 0.523050 0.523040 0.523014 0.522951 0.522804 0.522478 0.521782 0.520358 0.517576 0.512394 0.503202 0.487712 0.462974 0.425640 0.372568 0.301756 0.213417 0.110763 0.000000 
50.000000 40.721576 31.949865 24.108688 17.478645 12.173334 8.153116 5.265936 3.299080 2.026825 1.244589 0.786925 0.531832 0.396220 0.327376 0.293964 0.278443 0.271534 0.268584 0.267374 0.266896 0.266715 0.266649 0.266626 0.266618 0.266615 0.266615 0.266614 0.266614 0.266614 0.266613 0.266611 0.266605 0.266590 0.266556 0.266475 0.266296 0.265916 0.265144 0.263644 0.260867 0.255979 0.247805 0.234861 0.215494 0.188200 0.152080 0.107341 0.055632 0.000000 
50.000000 40.696093 31.900297 24.037598 17.389370 12.069520 8.038297 5.143223 3.170998 1.895275 1.110910 0.652004 0.396220 0.260241 0.191211 0.157709 0.142147 0.135219 0.132261 0.131047 0.130569 0.130388 0.130321 0.130298 0.130290 0.130287 0.130286 0.130286 0.130286 0.130286 0.130285 0.130284 0.130281 0.130274 0.130255 0.130213 0.130120 0.129924 0.129526 0.128757 0.127343 0.124869 0.120761 0.114300 0.104704 0.091276 0.073624 0.051883 0.026860 0.000000 
50.000000 40.683153 31.875126 24.001500 17.344039 12.016809 7.980000 5.080921 3.105972 1.828490 1.043047 0.583510 0.327376 0.191211 0.122088 0.088540 0.072956 0.066020 0.063057 0.061842 0.061363 0.061182 0.061115 0.061092 0.061084 0.061081 0.061080 0.061080 0.061080 0.061080 0.061080 0.061079 0.061078 0.061074 0.061065 0.061044 0.060998 0.060901 0.060706 0.060331 0.059645 0.058451 0.056479 0.053398 0.048849 0.042521 0.034247 0.024103 0.012468 0.000000 
50.000000 40.676870 31.862906 23.983976 17.322033 11.991222 7.951703 5.050681 3.074410 1.796076 1.010109 0.550268 0.293964 0.157709 0.088540 0.054971 0.039377 0.032435 0.029471 0.028256 0.027776 0.027594 0.027528 0.027504 0.027497 0.027494 0.027493 0.027493 0.027493 0.027493 0.027493 0.027492 0.027492 0.027490 0.027485 0.027476 0.027454 0.027408 0.027317 0.027143 0.026825 0.026274 0.025369 0.023963 0.021897 0.019037 0.015314 0.010767 0.005566 0.000000 
50.000000 40.673951 31.857227 23.975832 17.311808 11.979333 7.938555 5.036631 3.059747 1.781018 0.994809 0.534825 0.278443 0.142147 0.072956 0.039377 0.023778 0.016835 0.013870 0.012654 0.012174 0.011992 0.011926 0.011902 0.011894 0.011892 0.011891 0.011891 0.011890 0.011890 0.011890 0.011890 0.011890 0.011889 0.011887 0.011883 0.011873 0.011853 0.011812 0.011734 0.011593 0.011350 0.010952 0.010337 0.009437 0.008196 0.006586 0.004627 0.002390 0.000000 
50.000000 40.672651 31.854699 23.972207 17.307256 11.974040 7.932702 5.030376 3.053220 1.774314 0.987997 0.527951 0.271534 0.135219 0.066020 0.032435 0.016835 0.009890 0.006925 0.005709 0.005229 0.005047 0.004981 0.004957 0.004949 0.004947 0.004946 0.004945 0.004945 0.004945 0.004945 0.004945 0.004945 0.004945 0.004944 0.004942 0.004938 0.004929 0.004912 0.004879 0.004819 0.004716 0.004548 0.004290 0.003913 0.003395 0.002726 0.001914 0.000988 0.000000 
50.000000 40.672096 31.853619 23.970658 17.305311 11.971779 7.930202 5.027705 3.050432 1.771452 0.985089 0.525016 0.268584 0.132261 0.063057 0.029471 0.013870 0.006925 0.003959 0.002743 0.002263 0.002081 0.002015 0.001991 0.001983 0.001981 0.001980 0.001980 0.001980 0.001980 0.001980 0.001980 0.001980 0.001979 0.001979 0.001978 0.001977 0.001973 0.001966 0.001952 0.001928 0.001886 0.001818 0.001714 0.001562 0.001355 0.001087 0.000763 0.000394 0.000000 
50.000000 40.671868 31.853175 23.970022 17.304513 11.970851 7.929176 5.026609 3.049289 1.770277 0.983896 0.523812 0.267374 0.131047 0.061842 0.028256 0.012654 0.005709 0.002743 0.001527 0.001047 0.000865 0.000799 0.000775 0.000767 0.000765 0.000764 0.000763 0.000763 0.000763 0.000763 0.000763 0.000763 0.000763 0.000763 0.000763 0.000762 0.000761 0.000758 0.000753 0.000743 0.000727 0.000700 0.000660 0.000601 0.000521 0.000418 0.000293 0.000151 0.000000 
50.000000 40.671778 31.853001 23.969772 17.304199 11.970486 7.928772 5.026177 3.048838 1.769815 0.983425 0.523337 0.266896 0.130569 0.061363 0.027776 0.012174 0.005229 0.002263 0.001047 0.000568 0.000386 0.000319 0.000296 0.000288 0.000285 0.000284 0.000284 0.000284 0.000284 0.000284 0.000284 0.000284 0.000284 0.000284 0.000284 0.000283 0.000283 0.000282 0.000280 0.000276 0.000270 0.000260 0.000245 0.000223 0.000193 0.000155 0.000109 0.000056 0.000000 
50.000000 40.671744 31.852934 23.969676 17.304079 11.970347 7.928618 5.026013 3.048667 1.769639 0.983247 0.523157 0.266715 0.130388 0.061182 0.027594 0.011992 0.005047 0.002081 0.000865 0.000386 0.000204 0.000137 0.000114 0.000106 0.000103 0.000102 0.000102 0.000102 0.000102 0.000102 0.000102 0.000102 0.000102 0.000102 0.000102 0.000102 0.000101 0.000101 0.000100 0.000099 0.000097 0.000093 0.000088 0.000080 0.000069 0.000055 0.000039 0.000020 0.000000 
50.000000 40.671731 31.852910 23.969642 17.304035 11.970296 7.928562 5.025953 3.048604 1.769575 0.983182 0.523091 0.266649 0.130321 0.061115 0.027528 0.011926 0.004981 0.002015 0.000799 0.000319 0.000137 0.000071 0.000047 0.000039 0.000037 0.000036 0.000035 0.000035 0.000035 0.000035 0.000035 0.000035 0.000035 0.000035 0.000035 0.000035 0.000035 0.000035 0.000035 0.000034 0.000034 0.000032 0.000030 0.000028 0.000024 0.000019 0.000013 0.000007 0.000000 
50.000000 40.671727 31.852902 23.969630 17.304020 11.970278 7.928543 5.025933 3.048583 1.769552 0.983159 0.523068 0.266626 0.130298 0.061092 0.027505 0.011903 0.004958 0.001992 0.000775 0.000296 0.000114 0.000047 0.000024 0.000016 0.000013 0.000013 0.000012 0.000012 0.000012 0.000012 0.000012 0.000012 0.000012 0.000012 0.000012 0.000012 0.000012 0.000012 0.000012 0.000012 0.000012 0.000011 0.000010 0.000010 0.000008 0.000007 0.000005 0.000002 0.000000 
50.000000 40.671726 31.852899 23.969626 17.304016 11.970273 7.928537 5.025926 3.048576 1.769545 0.983152 0.523061 0.266619 0.130291 0.061085 0.027498 0.011895 0.004950 0.001985 0.000768 0.000289 0.000107 0.000040 0.000017 0.000009 0.000006 0.000005 0.000005 0.000005 0.000005 0.000005 0.000005 0.000005 0.000005 0.000005 0.000005 0.000005 0.000005 0.000005 0.000005 0.000005 0.000005 0.000005 0.000004 0.000004 0.000003 0.000003 0.000002 0.000001 0.000000 
50.000000 40.671726 31.852899 23.969626 17.304016 11.970273 7.928537 5.025926 3.048576 1.769545 0.983152 0.523061 0.266619 0.130291 0.061085 0.027498 0.011895 0.004950 0.001985 0.000768 0.000289 0.000107 0.000040 0.000017 0.000009 0.000006 0.000005 0.000005 0.000005 0.000005 0.000005 0.000005 0.000005 0.000005 0.000005 0.000005 0.000005 0.000005 0.000005 0.000005 0.000005 0.000005 0.000005 0.000004 0.000004 0.000003 0.000003 0.000002 0.000001 0.000000 
50.000000 40.671727 31.852902 23.969630 17.304020 11.970278 7.928543 5.025933 3.048583 1.769552 0.983159 0.523068 0.266626 0.130298 0.061092 0.027505 0.011903 0.004958 0.001992 0.000775 0.000296 0.000114 0.000047 0.000024 0.000016 0.000013 0.000013 0.000012 0.000012 0.000012 0.000012 0.000012 0.000012 0.000012 0.000012 0.000012 0.000012 0.000012 0.000012 0.000012 0.000012 0.000012 0.000011 0.000010 0.000010 0.000008 0.000007 0.000005 0.000002 0.000000 
50.000000 40.671731 31.852910 23.969642 17.304035 11.970296 7.928562 5.025953 3.048604 1.769575 0.983182 0.523091 0.266649 0.130321 0.061115 0.027528 0.011926 0.004981 0.002015 0.000799 0.000319 0.000137 0.000071 0.000047 0.000039 0.000037 0.000036 0.000035 0.000035 0.000035 0.000035 0.000035 0.000035 0.000035 0.000035 0.000035 0.000035 0.000035 0.000035 0.000035 0.000034 0.000034 0.000032 0.000030 0.000028 0.000024 0.000019 0.000013 0.000007 0.000000 
50.000000 40.671744 31.852934 23.969676 17.304079 11.970347 7.928618 5.026013 3.048667 1.769639 0.983247 0.523157 0.266715 0.130388 0.061182 0.027594 0.011992 0.005047 0.002081 0.000865 0.000386 0.000204 0.000137 0.000114 0.000106 0.000103 0.000102 0.000102 0.000102 0.000102 0.000102 0.000102 0.000102 0.000102 0.000102 0.000102 0.000102 0.000101 0.000101 0.000100 0.000099 0.000097 0.000093 0.000088 0.000080 0.000069 0.000055 0.000039 0.000020 0.000000 
50.000000 40.671778 31.853001 23.969772 17.304199 11.970486 7.928772 5.026177 3.048838 1.769815 0.983425 0.523337 0.266896 0.130569 0.061363 0.027776 0.012174 0.005229 0.002263 0.001047 0.000568 0.000386 0.000319 0.000296 0.000288 0.000285 0.000284 0.000284 0.000284 0.000284 0.000284 0.000284 0.000284 0.000284 0.000284 0.000284 0.000283 0.000283 0.000282 0.000280 0.000276 0.000270 0.000260 0.000245 0.000223 0.000193 0.000155 0.000109 0.000056 0.000000 
50.000000 40.671868 31.853175 23.970022 17.304513 11.970851 7.929176 5.026609 3.049289 1.770277 0.983896 0.523812 0.267374 0.131047 0.061842 0.028256 0.012654 0.005709 0.002743 0.001527 0.001047 0.000865 0.000799 0.000775 0.000767 0.000765 0.000764 0.000763 0.000763 0.000763 0.000763 0.000763 0.000763 0.000763 0.000763 0.000763 0.000762 0.000761 0.000758 0.000753 0.000743 0.000727 0.000700 0.000660 0.000601 0.000521 0.000418 0.000293 0.000151 0.000000 
50.000000 40.672096 31.853619 23.970658 17.305311 11.971779 7.930202 5.027705 3.050432 1.771452 0.985089 0.525016 0.268584 0.132261 0.063057 0.029471 0.013870 0.006925 0.003959 0.002743 0.002263 0.002081 0.002015 0.001991 0.001983 0.001981 0.001980 0.001980 0.001980 0.001980 0.001980 0.001980 0.001980 0.001979 0.001979 0.001978 0.001977 0.001973 0.001966 0.001952 0.001928 0.001886 0.001818 0.001714 0.001562 0.001355 0.001087 0.000763 0.000394 0.000000 
50.000000 40.672651 31.854699 23.972207 17.307256 11.974040 7.932702 5.030376 3.053220 1.774314 0.987997 0.527951 0.271534 0.135219 0.066020 0.032435 0.016835 0.009890 0.006925 0.005709 0.005229 0.005047 0.004981 0.004957 0.004949 0.004947 0.004946 0.004945 0.004945 0.004945 0.004945 0.004945 0.004945 0.004945 0.004944 0.004942 0.004938 0.004929 0.004912 0.004879 0.004819 0.004716 0.004548 0.004290 0.003913 0.003395 0.002726 0.001914 0.000988 0.000000 
50.000000 40.673951 31.857227 23.975832 17.311808 11.979333 7.938555 5.036631 3.059747 1.781018 0.994809 0.534825 0.278443 0.142147 0.072956 0.039377 0.023778 0.016835 0.013870 0.012654 0.012174 0.011992 0.011926 0.011902 0.011894 0.011892 0.011891 0.011891 0.011890 0.011890 0.011890 0.011890 0.011890 0.011889 0.011887 0.011883 0.011873 0.011853 0.011812 0.011734 0.011593 0.011350 0.010952 0.010337 0.009437 0.008196 0.006586 0.004627 0.002390 0.000000 
50.000000 40.676870 31.862906 23.983976 17.322033 11.991222 7.951703 5.050681 3.074410 1.796076 1.010109 0.550268 0.293964 0.157709 0.088540 0.054971 0.039377 0.032435 0.029471 0.028256 0.027776 0.027594 0.027528 0.027504 0.027497 0.027494 0.027493 0.027493 0.027493 0.027493 0.027493 0.027492 0.027492 0.027490 0.027485 0.027476 0.027454 0.027408 0.027317 0.027143 0.026825 0.026274 0.025369 0.023963 0.021897 0.019037 0.015314 0.010767 0.005566 0.000000 
50.000000 40.683153 31.875126 24.001500 17.344039 12.016809 7.980000 5.080921 3.105972 1.828490 1.043047 0.583510 0.327376 0.191211 0.122088 0.088540 0.072956 0.066020 0.063057 0.061842 0.061363 0.061182 0.061115 0.061092 0.061084 0.061081 0.061080 0.061080 0.061080 0.061080 0.061080 0.061079 0.061078 0.061074 0.061065 0.061044 0.060998 0.060901 0.060706 0.060331 0.059645 0.058451 0.056479 0.053398 0.048849 0.042521 0.034247 0.024103 0.012468 0.000000 
50.000000 40.696093 31.900297 24.037598 17.389370 12.069520 8.038297 5.143223 3.170998 1.895275 1.110910 0.652004 0.396220 0.260241 0.191211 0.157709 0.142147 0.135219 0.132261 0.131047 0.130569 0.130388 0.130321 0.130298 0.130290 0.130287 0.130286 0.130286 0.130286 0.130286 0.130285 0.130284 0.130281 0.130274 0.130255 0.130213 0.130120 0.129924 0.129526 0.128757 0.127343 0.124869 0.120761 0.114300 0.104704 0.091276 0.073624 0.051883 0.026860 0.000000 
50.000000 40.721576 31.949865 24.108688 17.478645 12.173334 8.153116 5.265936 3.299080 2.026825 1.244589 0.786925 0.531832 0.396220 0.327376 0.293964 0.278443 0.271534 0.268584 0.267374 0.266896 0.266715 0.266649 0.266626 0.266618 0.266615 0.266615 0.266614 0.266614 0.266614 0.266613 0.266611 0.266605 0.266590 0.266556 0.266475 0.266296 0.265916 0.265144 0.263644 0.260867 0.255979 0.247805 0.234861 0.215494 0.188200 0.152080 0.107341 0.055632 0.000000 
50.000000 40.769496 32.043080 24.242377 17.646538 12.368577 8.369065 5.496740 3.539991 2.274266 1.496038 1.040715 0.786925 0.652004 0.583510 0.550268 0.534825 0.527951 0.525016 0.523812 0.523337 0.523157 0.523091 0.523068 0.523060 0.523057 0.523057 0.523056 0.523056 0.523055 0.523054 0.523050 0.523040 0.523014 0.522951 0.522804 0.522478 0.521782 0.520358 0.517576 0.512394 0.503202 0.487712 0.462974 0.425640 0.372568 0.301756 0.213417 0.110763 0.000000 
50.000000 40.855446 32.210273 24.482173 17.947695 12.718805 8.756451 5.910788 3.972184 2.718182 1.947153 1.496038 1.244589 1.110910 1.043047 1.010109 0.994809 0.987997 0.985089 0.983896 0.983425 0.983247 0.983181 0.983158 0.983151 0.983148 0.983147 0.983147 0.983146 0.983146 0.983143 0.983136 0.983119 0.983074 0.982967 0.982716 0.982153 0.980945 0.978461 0.973577 0.964407 0.948005 0.920109 0.875119 0.806510 0.707939 0.575066 0.407785 0.212032 0.000000 
50.000000 41.002313 32.495969 24.891941 18.462333 13.317320 9.418487 6.618412 4.710839 3.476892 2.718182 2.274266 2.026825 1.895275 1.828490 1.796076 1.781018 1.774314 1.771452 1.770277 1.769815 1.769639 1.769575 1.769552 1.769544 1.769542 1.769541 1.769540 1.769540 1.769538 1.769535 1.769524 1.769496 1.769425 1.769251 1.768845 1.767932 1.765958 1.761871 1.753775 1.738446 1.710763 1.663179 1.585532 1.465628 1.291093 1.052754 0.749129 0.390498 0.000000 
50.000000 41.241125 32.960531 25.558266 19.299211 14.290623 10.495124 7.769219 5.912145 4.710839 3.972184 3.539991 3.299080 3.170998 3.105972 3.074410 3.059747 3.053220 3.050432 3.049289 3.048838 3.048667 3.048604 3.048582 3.048575 3.048572 3.048571 3.048571 3.048570 3.048568 3.048562 3.048546 3.048504 3.048397 3.048136 3.047521 3.046128 3.043101 3.036789 3.024179 3.000076 2.956072 2.879497 2.752803 2.554165 2.260292 1.852287 1.324344 0.692778 0.000000 
50.000000 41.610239 33.678578 26.588189 20.592785 15.795114 12.159391 9.548189 7.769219 6.618412 5.910788 5.496740 5.265936 5.143223 5.080921 5.050681 5.036631 5.030376 5.027705 5.026609 5.026177 5.026013 5.025953 5.025932 5.025925 5.025923 5.025922 5.025921 5.025920 5.025917 5.025909 5.025887 5.025828 5.025679 5.025311 5.024442 5.022462 5.018131 5.009028 4.990678 4.955232 4.889722 4.774094 4.579649 4.269125 3.800317 3.135356 2.256666 1.186571 0.000000 
50.000000 42.151963 34.732419 28.099780 22.491374 18.003324 14.602173 12.159391 10.495124 9.418487 8.756451 8.369065 8.153116 8.038297 7.980000 7.951703 7.938555 7.932702 7.930202 7.929176 7.928772 7.928618 7.928562 7.928543 7.928536 7.928534 7.928533 7.928532 7.928531 7.928527 7.928517 7.928488 7.928412 7.928218 7.927740 7.926602 7.923996 7.918255 7.906091 7.881332 7.832955 7.742321 7.579742 7.301087 6.846089 6.141512 5.113822 3.716189 1.969448 0.000000 
50.000000 42.906152 36.199593 30.204275 25.134713 21.077804 18.003324 15.795114 14.290623 13.317320 12.718805 12.368577 12.173334 12.069520 12.016809 11.991222 11.979333 11.974040 11.971779 11.970851 11.970486 11.970347 11.970296 11.970278 11.970272 11.970270 11.970269 11.970269 11.970267 11.970263 11.970250 11.970217 11.970127 11.969896 11.969325 11.967960 11.964816 11.957840 11.942937 11.912295 11.851692 11.736458 11.525989 11.157235 10.538902 9.550569 8.055134 5.938155 3.187497 0.000000 
50.000000 43.901282 38.135501 32.981150 28.622650 25.134713 22.491374 20.592785 19.299211 18.462333 17.947695 17.646538 17.478645 17.389370 17.344039 17.322033 17.311808 17.307256 17.305311 17.304513 17.304199 17.304079 17.304035 17.304020 17.304015 17.304013 17.304012 17.304012 17.304010 17.304005 17.303992 17.303956 17.303860 17.303613 17.302997 17.301518 17.298094 17.290445 17.273970 17.239756 17.171240 17.038919 16.792468 16.349862 15.584145 14.311325 12.290371 9.262532 5.083325 0.000000 
50.000000 45.144750 40.554538 36.451067 32.981150 30.204275 28.099780 26.588189 25.558266 24.891941 24.482173 24.242377 24.108688 24.037598 24.001500 23.983976 23.975832 23.972207 23.970658 23.970022 23.969772 23.969676 23.969642 23.969629 23.969625 23.969624 23.969623 23.969623 23.969621 23.969617 23.969605 23.969571 23.969480 23.969246 23.968662 23.967253 23.963975 23.956608 23.940622 23.907108 23.839187 23.705979 23.452833 22.985959 22.149141 20.690779 18.225533 14.221408 8.131609 0.000000 
50.000000 46.615237 43.415234 40.554538 38.135501 36.199593 34.732419 33.678578 32.960531 32.495969 32.210273 32.043080 31.949865 31.900297 31.875126 31.862906 31.857227 31.854699 31.853619 31.853175 31.853001 31.852934 31.852910 31.852902 31.852899 31.852898 31.852897 31.852897 31.852896 31.852892 31.852883 31.852856 31.852785 31.852600 31.852139 31.851022 31.848414 31.842524 31.829663 31.802488 31.746840 31.636187 31.421911 31.016229 30.261438 28.872969 26.333130 21.707617 13.448721 0.000000 
50.000000 48.260134 46.615237 45.144750 43.901282 42.906152 42.151963 41.610239 41.241125 41.002313 40.855446 40.769496 40.721576 40.696093 40.683153 40.676870 40.673951 40.672651 40.672096 40.671868 40.671778 40.671744 40.671731 40.671727 40.671725 40.671725 40.671725 40.671724 40.671724 40.671722 40.671717 40.671702 40.671663 40.671561 40.671305 40.670685 40.669233 40.665944 40.658733 40.643414 40.611814 40.548347 40.423669 40.182515 39.718655 38.817957 37.013141 33.166516 24.130067 0.000000 
50.000000 50.000000 50.000000 50.000000 50.000000 50.000000 50.000000 50.000000 50.000000 50.000000 50.000000 50.000000 50.000000 50.000000 50.000000 50.000000 50.000000 50.000000 50.000000 50.000000 50.000000 50.000000 50.000000 50.000000 50.000000 50.000000 50.000000 50.000000 50.000000 50.000000 50.000000 50.000000 50.000000 50.000000 50.000000 50.000000 50.000000 50.000000 50.000000 50.000000 50.000000 50.000000 50.000000 50.000000 50.000000 50.000000 50.000000 50.000000 50.000000 50.000000 
