50.000000 50.000000 50.000000 50.000000 50.000000 50.000000 50.000000 50.000000 50.000000 50.000000 50.000000 50.000000 50.000000 50.000000 50.000000 50.000000 50.000000 50.000000 50.000000 50.000000 50.000000 50.000000 50.000000 50.000000 50.000000 50.000000 50.000000 50.000000 50.000000 50.000000 50.000000 50.000000 50.000000 50.000000 50.000000 50.000000 50.000000 50.000000 50.000000 50.000000 50.000000 50.000000 50.000000 50.000000 50.000000 50.000000 50.000000 50.000000 50.000000 50.000000 
50.000000 48.469255 47.012037 45.691289 44.551327 43.614015 42.879507 42.330646 41.939310 41.672892 41.499580 41.391760 41.327561 41.290941 41.270914 41.260403 41.255103 41.252535 41.251337 41.250799 41.250566 41.250469 41.250430 41.250414 41.250408 41.250406 41.250405 41.250404 41.250402 41.250396 41.250381 41.250343 41.250250 41.250027 41.249513 41.248363 41.245865 41.240597 41.229801 41.208275 41.166407 41.086728 40.937646 40.661508 40.149922 39.187315 37.306199 33.370275 24.234628 0.000000 
50.000000 47.012037 44.167597 41.589549 39.364398 37.534817 36.101105 35.029774 34.265923 33.745905 33.407622 33.197175 33.071868 33.000394 32.961305 32.940790 32.930447 32.925435 32.923097 32.922047 32.921592 32.921402 32.921325 32.921296 32.921284 32.921280 32.921278 32.921276 32.921272 32.921261 32.921234 32.921164 32.920993 32.920586 32.919648 32.917552 32.913012 32.903467 32.883988 32.845353 32.770746 32.630160 32.370830 31.900557 31.057651 29.554884 26.874177 22.083799 13.641761 0.000000 
50.000000 45.691289 41.589549 37.871966 34.663283 32.025033 29.957645 28.412819 27.311384 26.561554 26.073781 25.770341 25.589666 25.486613 25.430254 25.400676 25.385765 25.378538 25.375167 25.373654 25.372998 25.372724 25.372614 25.372571 25.372554 25.372548 25.372545 25.372543 25.372538 25.372524 25.372488 25.372397 25.372175 25.371649 25.370439 25.367744 25.361928 25.349761 25.325084 25.276520 25.183701 25.011185 24.698873 24.147181 23.194655 21.586206 18.935983 14.715372 8.385090 0.000000 
50.000000 44.551327 39.364398 34.663283 30.605732 27.269555 24.655287 22.701840 21.309086 20.360951 19.744190 19.360516 19.132074 19.001777 18.930522 18.893126 18.874275 18.865139 18.860878 18.858964 18.858135 18.857789 18.857650 18.857595 18.857575 18.857567 18.857564 18.857561 18.857555 18.857539 18.857500 18.857401 18.857160 18.856589 18.855280 18.852376 18.846141 18.833175 18.807074 18.756192 18.660101 18.484247 18.172274 17.635740 16.741888 15.302866 13.077077 9.809514 5.364012 0.000000 
50.000000 43.614015 37.534817 32.025033 27.269555 23.359575 20.295708 18.006345 16.374121 15.262987 14.540211 14.090597 13.822902 13.670221 13.586727 13.542909 13.520821 13.510117 13.505125 13.502882 13.501912 13.501506 13.501343 13.501279 13.501255 13.501246 13.501242 13.501239 13.501233 13.501218 13.501180 13.501085 13.500851 13.500302 13.499047 13.496278 13.490362 13.478145 13.453754 13.406683 13.318901 13.160762 12.885718 12.424396 11.679787 10.527668 8.830378 6.477166 3.464093 0.000000 
50.000000 42.879507 36.101105 29.957645 24.655287 20.295708 16.879582 14.327047 12.507227 11.268412 10.462602 9.961347 9.662914 9.492707 9.399631 9.350787 9.326166 9.314234 9.308670 9.306171 9.305089 9.304637 9.304455 9.304384 9.304357 9.304347 9.304343 9.304340 9.304335 9.304322 9.304288 9.304204 9.303999 9.303518 9.302425 9.300025 9.294927 9.284475 9.263782 9.224255 9.151449 9.022253 8.801639 8.439791 7.871312 7.019548 5.810465 4.200548 2.217998 0.000000 
50.000000 42.330646 35.029774 28.412819 22.701840 18.006345 14.327047 11.577914 9.617966 8.283788 7.415967 6.876152 6.554770 6.371479 6.271251 6.218656 6.192144 6.179297 6.173306 6.170616 6.169451 6.168965 6.168769 6.168692 6.168663 6.168653 6.168648 6.168646 6.168641 6.168630 6.168603 6.168534 6.168369 6.167981 6.167103 6.165184 6.161134 6.152887 6.136698 6.106078 6.050339 5.952795 5.788957 5.525409 5.120627 4.529567 3.713946 2.658944 1.393000 0.000000 
50.000000 41.939310 34.265923 27.311384 21.309086 16.374121 12.507227 9.617966 7.558149 6.156016 5.244011 4.676726 4.338997 4.146388 4.041068 3.985802 3.957945 3.944446 3.938152 3.935325 3.934102 3.933591 3.933385 3.933304 3.933274 3.933263 3.933258 3.933256 3.933252 3.933244 3.933223 3.933172 3.933046 3.932755 3.932098 3.930670 3.927674 3.921614 3.909814 3.887702 3.847884 3.779075 3.665171 3.484974 3.213359 2.824839 2.300199 1.635763 0.852582 0.000000 
50.000000 41.672892 33.745905 26.561554 20.360951 15.262987 11.268412 8.283788 6.156016 4.707648 3.765586 3.179617 2.830771 2.631827 2.523046 2.465964 2.437194 2.423252 2.416752 2.413833 2.412569 2.412041 2.411828 2.411745 2.411714 2.411703 2.411698 2.411696 2.411694 2.411688 2.411673 2.411636 2.411548 2.411342 2.410882 2.409885 2.407807 2.403631 2.395559 2.380563 2.353824 2.308132 2.233450 2.116963 1.944086 1.700851 1.377853 0.975159 0.506485 0.000000 
50.000000 41.499580 33.407622 26.073781 19.744190 14.540211 10.462602 7.415967 5.244011 3.765586 2.803989 2.205877 1.849809 1.646750 1.535720 1.477460 1.448096 1.433868 1.427233 1.424254 1.422964 1.422426 1.422209 1.422124 1.422092 1.422080 1.422076 1.422074 1.422072 1.422068 1.422058 1.422034 1.421975 1.421839 1.421534 1.420879 1.419520 1.416806 1.411597 1.401995 1.385023 1.356309 1.309888 1.238347 1.133528 0.987999 0.797261 0.562269 0.291305 0.000000 
50.000000 41.391760 33.197175 25.770341 19.360516 14.090597 9.961347 6.876152 4.676726 3.179617 2.205877 1.600220 1.239664 1.034049 0.921623 0.862631 0.832899 0.818492 0.811775 0.808759 0.807453 0.806908 0.806688 0.806602 0.806570 0.806558 0.806554 0.806552 0.806550 0.806548 0.806542 0.806526 0.806489 0.806404 0.806213 0.805806 0.804965 0.803295 0.800110 0.794280 0.784058 0.766912 0.739454 0.697566 0.636843 0.553441 0.445257 0.313186 0.161959 0.000000 
50.000000 41.327561 33.071868 25.589666 19.132074 13.822902 9.662914 6.554770 4.338997 2.830771 1.849809 1.239664 0.876441 0.669306 0.556051 0.496624 0.466673 0.452161 0.445394 0.442355 0.441040 0.440491 0.440269 0.440183 0.440151 0.440139 0.440134 0.440133 0.440132 0.440130 0.440126 0.440117 0.440095 0.440044 0.439931 0.439691 0.439197 0.438221 0.436369 0.433003 0.427140 0.417382 0.401882 0.378440 0.344756 0.298899 0.239905 0.168402 0.086964 0.000000 
50.000000 41.290941 33.000394 25.486613 19.001777 13.670221 9.492707 6.371479 4.146388 2.631827 1.646750 1.034049 0.669306 0.461306 0.347578 0.287904 0.257829 0.243256 0.236462 0.233410 0.232090 0.231538 0.231316 0.231229 0.231196 0.231185 0.231180 0.231179 0.231178 0.231177 0.231175 0.231169 0.231157 0.231128 0.231065 0.230929 0.230653 0.230109 0.229084 0.227230 0.224021 0.218714 0.210345 0.197780 0.179859 0.155637 0.124685 0.087383 0.045076 0.000000 
50.000000 41.270914 32.961305 25.430254 18.930522 13.586727 9.399631 6.271251 4.041068 2.523046 1.535720 0.921623 0.556051 0.347578 0.233593 0.173784 0.143641 0.129035 0.122225 0.119167 0.117844 0.117291 0.117068 0.116981 0.116948 0.116937 0.116932 0.116931 0.116930 0.116930 0.116928 0.116925 0.116919 0.116903 0.116869 0.116796 0.116649 0.116360 0.115817 0.114841 0.113161 0.110398 0.106068 0.099607 0.090449 0.078146 0.062510 0.043753 0.022551 0.000000 
50.000000 41.260403 32.940790 25.400676 18.893126 13.542909 9.350787 6.218656 3.985802 2.465964 1.477460 0.862631 0.496624 0.287904 0.173784 0.113905 0.083726 0.069103 0.062285 0.059224 0.057899 0.057345 0.057122 0.057035 0.057002 0.056990 0.056986 0.056985 0.056984 0.056984 0.056983 0.056981 0.056978 0.056970 0.056952 0.056915 0.056840 0.056693 0.056418 0.055926 0.055083 0.053704 0.051553 0.048361 0.043862 0.037846 0.030237 0.021142 0.010889 0.000000 
50.000000 41.255103 32.930447 25.385765 18.874275 13.520821 9.326166 6.192144 3.957945 2.437194 1.448096 0.832899 0.466673 0.257829 0.143641 0.083726 0.053529 0.038898 0.032076 0.029013 0.027687 0.027133 0.026910 0.026823 0.026790 0.026778 0.026774 0.026772 0.026772 0.026771 0.026771 0.026770 0.026769 0.026765 0.026756 0.026738 0.026701 0.026629 0.026496 0.026258 0.025852 0.025190 0.024164 0.022647 0.020519 0.017686 0.014116 0.009861 0.005076 0.000000 
50.000000 41.252535 32.925435 25.378538 18.865139 13.510117 9.314234 6.179297 3.944447 2.423252 1.433868 0.818492 0.452161 0.243256 0.129035 0.069103 0.038898 0.024262 0.017438 0.014374 0.013048 0.012494 0.012271 0.012184 0.012151 0.012139 0.012135 0.012133 0.012133 0.012132 0.012132 0.012132 0.012131 0.012129 0.012125 0.012117 0.012099 0.012066 0.012004 0.011893 0.011705 0.011400 0.010929 0.010235 0.009265 0.007979 0.006362 0.004442 0.002285 0.000000 
50.000000 41.251337 32.923097 25.375167 18.860878 13.505125 9.308670 6.173306 3.938152 2.416752 1.427233 0.811775 0.445394 0.236462 0.122225 0.062285 0.032076 0.017438 0.010614 0.007549 0.006223 0.005669 0.005445 0.005358 0.005326 0.005314 0.005309 0.005308 0.005307 0.005307 0.005307 0.005307 0.005307 0.005306 0.005304 0.005300 0.005292 0.005277 0.005249 0.005200 0.005116 0.004981 0.004772 0.004466 0.004040 0.003476 0.002770 0.001933 0.000994 0.000000 
50.000000 41.250799 32.922047 25.373654 18.858964 13.502883 9.306171 6.170616 3.935325 2.413833 1.424254 0.808759 0.442356 0.233410 0.119167 0.059224 0.029013 0.014374 0.007549 0.004484 0.003158 0.002604 0.002380 0.002293 0.002261 0.002249 0.002244 0.002243 0.002243 0.002242 0.002242 0.002242 0.002242 0.002242 0.002241 0.002239 0.002236 0.002229 0.002217 0.002196 0.002160 0.002102 0.002013 0.001883 0.001702 0.001464 0.001166 0.000813 0.000418 0.000000 
50.000000 41.250566 32.921592 25.372998 18.858135 13.501912 9.305089 6.169451 3.934102 2.412569 1.422964 0.807453 0.441040 0.232090 0.117844 0.057899 0.027687 0.013048 0.006223 0.003158 0.001831 0.001277 0.001054 0.000967 0.000934 0.000922 0.000918 0.000916 0.000916 0.000916 0.000916 0.000916 0.000916 0.000915 0.000915 0.000914 0.000913 0.000910 0.000905 0.000896 0.000882 0.000858 0.000821 0.000768 0.000693 0.000596 0.000474 0.000331 0.000170 0.000000 
50.000000 41.250469 32.921402 25.372724 18.857789 13.501506 9.304637 6.168965 3.933591 2.412041 1.422426 0.806908 0.440491 0.231538 0.117291 0.057345 0.027133 0.012494 0.005669 0.002604 0.001277 0.000723 0.000500 0.000413 0.000380 0.000368 0.000364 0.000363 0.000362 0.000362 0.000362 0.000362 0.000362 0.000362 0.000362 0.000361 0.000361 0.000360 0.000358 0.000354 0.000348 0.000339 0.000324 0.000303 0.000273 0.000235 0.000187 0.000130 0.000067 0.000000 
50.000000 41.250430 32.921326 25.372614 18.857650 13.501343 9.304456 6.168769 3.933385 2.411829 1.422209 0.806688 0.440270 0.231316 0.117069 0.057123 0.026910 0.012271 0.005446 0.002381 0.001055 0.000501 0.000277 0.000190 0.000157 0.000145 0.000141 0.000140 0.000139 0.000139 0.000139 0.000139 0.000139 0.000139 0.000139 0.000139 0.000138 0.000138 0.000137 0.000136 0.000134 0.000130 0.000124 0.000116 0.000105 0.000090 0.000072 0.000050 0.000026 0.000000 
50.000000 41.250415 32.921296 25.372572 18.857597 13.501281 9.304386 6.168694 3.933306 2.411747 1.422126 0.806604 0.440185 0.231231 0.116983 0.057037 0.026825 0.012186 0.005360 0.002296 0.000969 0.000415 0.000192 0.000104 0.000072 0.000060 0.000055 0.000054 0.000054 0.000053 0.000053 0.000053 0.000053 0.000053 0.000053 0.000053 0.000053 0.000053 0.000053 0.000052 0.000051 0.000050 0.000048 0.000044 0.000040 0.000034 0.000027 0.000019 0.000010 0.000000 
50.000000 41.250410 32.921286 25.372558 18.857579 13.501260 9.304362 6.168669 3.933280 2.411720 1.422098 0.806576 0.440157 0.231203 0.116955 0.057009 0.026796 0.012157 0.005332 0.002267 0.000940 0.000386 0.000163 0.000076 0.000043 0.000031 0.000027 0.000025 0.000025 0.000025 0.000025 0.000025 0.000025 0.000025 0.000025 0.000025 0.000025 0.000025 0.000024 0.000024 0.000024 0.000023 0.000022 0.000021 0.000019 0.000016 0.000013 0.000009 0.000005 0.000000 
50.000000 41.250410 32.921286 25.372558 18.857579 13.501260 9.304362 6.168669 3.933280 2.411720 1.422098 0.806576 0.440157 0.231203 0.116955 0.057009 0.026796 0.012157 0.005332 0.002267 0.000940 0.000386 0.000163 0.000076 0.000043 0.000031 0.000027 0.000025 0.000025 0.000025 0.000025 0.000025 0.000025 0.000025 0.000025 0.000025 0.000025 0.000025 0.000024 0.000024 0.000024 0.000023 0.000022 0.000021 0.000019 0.000016 0.000013 0.000009 0.000005 0.000000 
50.000000 41.250415 32.921296 25.372572 18.857597 13.501281 9.304386 6.168694 3.933306 2.411747 1.422126 0.806604 0.440185 0.231231 0.116983 0.057037 0.026825 0.012186 0.005360 0.002296 0.000969 0.000415 0.000192 0.000104 0.000072 0.000060 0.000055 0.000054 0.000054 0.000053 0.000053 0.000053 0.000053 0.000053 0.000053 0.000053 0.000053 0.000053 0.000053 0.000052 0.000051 0.000050 0.000048 0.000044 0.000040 0.000034 0.000027 0.000019 0.000010 0.000000 
50.000000 41.250430 32.921326 25.372614 18.857650 13.501343 9.304456 6.168769 3.933385 2.411829 1.422209 0.806688 0.440270 0.231316 0.117069 0.057123 0.026910 0.012271 0.005446 0.002381 0.001055 0.000501 0.000277 0.000190 0.000157 0.000145 0.000141 0.000140 0.000139 0.000139 0.000139 0.000139 0.000139 0.000139 0.000139 0.000139 0.000138 0.000138 0.000137 0.000136 0.000134 0.000130 0.000124 0.000116 0.000105 0.000090 0.000072 0.000050 0.000026 0.000000 
50.000000 41.250469 32.921402 25.372724 18.857789 13.501506 9.304637 6.168965 3.933591 2.412041 1.422426 0.806908 0.440491 0.231538 0.117291 0.057345 0.027133 0.012494 0.005669 0.002604 0.001277 0.000723 0.000500 0.000413 0.000380 0.000368 0.000364 0.000363 0.000362 0.000362 0.000362 0.000362 0.000362 0.000362 0.000362 0.000361 0.000361 0.000360 0.000358 0.000354 0.000348 0.000339 0.000324 0.000303 0.000273 0.000235 0.000187 0.000130 0.000067 0.000000 
50.000000 41.250566 32.921592 25.372998 18.858135 13.501912 9.305089 6.169451 3.934102 2.412569 1.422964 0.807453 0.441040 0.232090 0.117844 0.057899 0.027687 0.013048 0.006223 0.003158 0.001831 0.001277 0.001054 0.000967 0.000934 0.000922 0.000918 0.000916 0.000916 0.000916 0.000916 0.000916 0.000916 0.000915 0.000915 0.000914 0.000913 0.000910 0.000905 0.000896 0.000882 0.000858 0.000821 0.000768 0.000693 0.000596 0.000474 0.000331 0.000170 0.000000 
50.000000 41.250799 32.922047 25.373654 18.858964 13.502883 9.306171 6.170616 3.935325 2.413833 1.424254 0.808759 0.442356 0.233410 0.119167 0.059224 0.029013 0.014374 0.007549 0.004484 0.003158 0.002604 0.002380 0.002293 0.002261 0.002249 0.002244 0.002243 0.002243 0.002242 0.002242 0.002242 0.002242 0.002242 0.002241 0.002239 0.002236 0.002229 0.002217 0.002196 0.002160 0.002102 0.002013 0.001883 0.001702 0.001464 0.001166 0.000813 0.000418 0.000000 
50.000000 41.251337 32.923097 25.375167 18.860878 13.505125 9.308670 6.173306 3.938152 2.416752 1.427233 0.811775 0.445394 0.236462 0.122225 0.062285 0.032076 0.017438 0.010614 0.007549 0.006223 0.005669 0.005445 0.005358 0.005326 0.005314 0.005309 0.005308 0.005307 0.005307 0.005307 0.005307 0.005307 0.005306 0.005304 0.005300 0.005292 0.005277 0.005249 0.005200 0.005116 0.004981 0.004772 0.004466 0.004040 0.003476 0.002770 0.001933 0.000994 0.000000 
50.000000 41.252535 32.925435 25.378538 18.865139 13.510117 9.314234 6.179297 3.944447 2.423252 1.433868 0.818492 0.452161 0.243256 0.129035 0.069103 0.038898 0.024262 0.017438 0.014374 0.013048 0.012494 0.012271 0.012184 0.012151 0.012139 0.012135 0.012133 0.012133 0.012132 0.012132 0.012132 0.012131 0.012129 0.012125 0.012117 0.012099 0.012066 0.012004 0.011893 0.011705 0.011400 0.010929 0.010235 0.009265 0.007979 0.006362 0.004442 0.002285 0.000000 
50.000000 41.255103 32.930447 25.385765 18.874275 13.520821 9.326166 6.192144 3.957945 2.437194 1.448096 0.832899 0.466673 0.257829 0.143641 0.083726 0.053529 0.038898 0.032076 0.029013 0.027687 0.027133 0.026910 0.026823 0.026790 0.026778 0.026774 0.026772 0.026772 0.026771 0.026771 0.026770 0.026769 0.026765 0.026756 0.026738 0.026701 0.026629 0.026496 0.026258 0.025852 0.025190 0.024164 0.022647 0.020519 0.017686 0.014116 0.009861 0.005076 0.000000 
50.000000 41.260403 32.940790 25.400676 18.893126 13.542909 9.350787 6.218656 3.985802 2.465964 1.477460 0.862631 0.496624 0.287904 0.173784 0.113905 0.083726 0.069103 0.062285 0.059224 0.057899 0.057345 0.057122 0.057035 0.057002 0.056990 0.056986 0.056985 0.056984 0.056984 0.056983 0.056981 0.056978 0.056970 0.056952 0.056915 0.056840 0.056693 0.056418 0.055926 0.055083 0.053704 0.051553 0.048361 0.043862 0.037846 0.030237 0.021142 0.010889 0.000000 
50.000000 41.270914 32.961305 25.430254 18.930522 13.586727 9.399631 6.271251 4.041068 2.523046 1.535720 0.921623 0.556051 0.347578 0.233593 0.173784 0.143641 0.129035 0.122225 0.119167 0.117844 0.117291 0.117068 0.116981 0.116948 0.116937 0.116932 0.116931 0.116930 0.116930 0.116928 0.116925 0.116919 0.116903 0.116869 0.116796 0.116649 0.116360 0.115817 0.114841 0.113161 0.110398 0.106068 0.099607 0.090449 0.078146 0.062510 0.043753 0.022551 0.000000 
50.000000 41.290941 33.000394 25.486613 19.001777 13.670221 9.492707 6.371479 4.146388 2.631827 1.646750 1.034049 0.669306 0.461306 0.347578 0.287904 0.257829 0.243256 0.236462 0.233410 0.232090 0.231538 0.231316 0.231229 0.231196 0.231185 0.231180 0.231179 0.231178 0.231177 0.231175 0.231169 0.231157 0.231128 0.231065 0.230929 0.230653 0.230109 0.229084 0.227230 0.224021 0.218714 0.210345 0.197780 0.179859 0.155637 0.124685 0.087383 0.045076 0.000000 
50.000000 41.327561 33.071868 25.589666 19.132074 13.822902 9.662914 6.554770 4.338997 2.830771 1.849809 1.239664 0.876441 0.669306 0.556051 0.496624 0.466673 0.452161 0.445394 0.442355 0.441040 0.440491 0.440269 0.440183 0.440151 0.440139 0.440134 0.440133 0.440132 0.440130 0.440126 0.440117 0.440095 0.440044 0.439931 0.439691 0.439197 0.438221 0.436369 0.433003 0.427140 0.417382 0.401882 0.378440 0.344756 0.298899 0.239905 0.168402 0.086964 0.000000 
50.000000 41.391760 33.197175 25.770341 19.360516 14.090597 9.961347 6.876152 4.676726 3.179617 2.205877 1.600220 1.239664 1.034049 0.921623 0.862631 0.832899 0.818492 0.811775 0.808759 0.807453 0.806908 0.806688 0.806602 0.806570 0.806558 0.806554 0.806552 0.806550 0.806548 0.806542 0.806526 0.806489 0.806404 0.806213 0.805806 0.804965 0.803295 0.800110 0.794280 0.784058 0.766912 0.739454 0.697566 0.636843 0.553441 0.445257 0.313186 0.161959 0.000000 
50.000000 41.499580 33.407622 26.073781 19.744190 14.540211 10.462602 7.415967 5.244011 3.765586 2.803989 2.205877 1.849809 1.646750 1.535720 1.477460 1.448096 1.433868 1.427233 1.424254 1.422964 1.422426 1.422209 1.422124 1.422092 1.422080 1.422076 1.422074 1.422072 1.422068 1.422058 1.422034 1.421975 1.421839 1.421534 1.420879 1.419520 1.416806 1.411597 1.401995 1.385023 1.356309 1.309888 1.238347 1.133528 0.987999 0.797261 0.562269 0.291305 0.000000 
50.000000 41.672892 33.745905 26.561554 20.360951 15.262987 11.268412 8.283788 6.156016 4.707648 3.765586 3.179617 2.830771 2.631827 2.523046 2.465964 2.437194 2.423252 2.416752 2.413833 2.412569 2.412041 2.411828 2.411745 2.411714 2.411703 2.411698 2.411696 2.411694 2.411688 2.411673 2.411636 2.411548 2.411342 2.410882 2.409885 2.407807 2.403631 2.395559 2.380563 2.353824 2.308132 2.233450 2.116963 1.944086 1.700851 1.377853 0.975159 0.506485 0.000000 
50.000000 41.939310 34.265923 27.311384 21.309086 16.374121 12.507227 9.617966 7.558149 6.156016 5.244011 4.676726 4.338997 4.146388 4.041068 3.985802 3.957945 3.944446 3.938152 3.935325 3.934102 3.933591 3.933385 3.933304 3.933274 3.933263 3.933258 3.933256 3.933252 3.933244 3.933223 3.933172 3.933046 3.932755 3.932098 3.930670 3.927674 3.921614 3.909814 3.887702 3.847884 3.779075 3.665171 3.484974 3.213359 2.824839 2.300199 1.635763 0.852582 0.000000 
50.000000 42.330646 35.029774 28.412819 22.701840 18.006345 14.327047 11.577914 9.617966 8.283788 7.415967 6.876152 6.554770 6.371479 6.271251 6.218656 6.192144 6.179297 6.173306 6.170616 6.169451 6.168965 6.168769 6.168692 6.168663 6.168653 6.168648 6.168646 6.168641 6.168630 6.168603 6.168534 6.168369 6.167981 6.167103 6.165184 6.161134 6.152887 6.136698 6.106078 6.050339 5.952795 5.788957 5.525409 5.120627 4.529567 3.713946 2.658944 1.393000 0.000000 
50.000000 42.879507 36.101105 29.957645 24.655287 20.295708 16.879582 14.327047 12.507227 11.268412 10.462602 9.961347 9.662914 9.492707 9.399631 9.350787 9.326166 9.314234 9.308670 9.306171 9.305089 9.304637 9.304455 9.304384 9.304357 9.304347 9.304343 9.304340 9.304335 9.304322 9.304288 9.304204 9.303999 9.303518 9.302425 9.300025 9.294927 9.284475 9.263782 9.224255 9.151449 9.022253 8.801639 8.439791 7.871312 7.019548 5.810465 4.200548 2.217998 0.000000 
50.000000 43.614015 37.534817 32.025033 27.269555 23.359575 20.295708 18.006345 16.374121 15.262987 14.540211 14.090597 13.822902 13.670221 13.586727 13.542909 13.520821 13.510117 13.505125 13.502882 13.501912 13.501506 13.501343 13.501279 13.501255 13.501246 13.501242 13.501239 13.501233 13.501218 13.501180 13.501085 13.500851 13.500302 13.499047 13.496278 13.490362 13.478145 13.453754 13.406683 13.318901 13.160762 12.885718 12.424396 11.679787 10.527668 8.830378 6.477166 3.464093 0.000000 
50.000000 44.551327 39.364398 34.663283 30.605732 27.269555 24.655287 22.701840 21.309086 20.360951 19.744190 19.360516 19.132074 19.001777 18.930522 18.893126 18.874275 18.865139 18.860878 18.858964 18.858135 18.857789 18.857650 18.857595 18.857575 18.857567 18.857564 18.857561 18.857555 18.857539 18.857500 18.857401 18.857160 18.856589 18.855280 18.852376 18.846141 18.833175 18.807074 18.756192 18.660101 18.484247 18.172274 17.635740 16.741888 15.302866 13.077077 9.809514 5.364012 0.000000 
50.000000 45.691289 41.589549 37.871966 34.663283 32.025033 29.957645 28.412819 27.311384 26.561554 26.073781 25.770341 25.589666 25.486613 25.430254 25.400676 25.385765 25.378538 25.375167 25.373654 25.372998 25.372724 25.372614 25.372571 25.372554 25.372548 25.372545 25.372543 25.372538 25.372524 25.372488 25.372397 25.372175 25.371649 25.370439 25.367744 25.361928 25.349761 25.325084 25.276520 25.183701 25.011185 24.698873 24.147181 23.194655 21.586206 18.935983 14.715372 8.385090 0.000000 
50.000000 47.012037 44.167597 41.589549 39.364398 37.534817 36.101105 35.029774 34.265923 33.745905 33.407622 33.197175 33.071868 33.000394 32.961305 32.940790 32.930447 32.925435 32.923097 32.922047 32.921592 32.921402 32.921325 32.921296 32.921284 32.921280 32.921278 32.921276 32.921272 32.921261 32.921234 32.921164 32.920993 32.920586 32.919648 32.917552 32.913012 32.903467 32.883988 32.845353 32.770746 32.630160 32.370830 31.900557 31.057651 29.554884 26.874177 22.083799 13.641761 0.000000 
50.000000 48.469255 47.012037 45.691289 44.551327 43.614015 42.879507 42.330646 41.939310 41.672892 41.499580 41.391760 41.327561 41.290941 41.270914 41.260403 41.255103 41.252535 41.251337 41.250799 41.250566 41.250469 41.250430 41.250414 41.250408 41.250406 41.250405 41.250404 41.250402 41.250396 41.250381 41.250343 41.250250 41.250027 41.249513 41.248363 41.245865 41.240597 41.229801 41.208275 41.166407 41.086728 40.937646 40.661508 40.149922 39.187315 37.306199 33.370275 24.234628 0.000000 
50.000000 50.000000 50.000000 50.000000 50.000000 50.000000 50.000000 50.000000 50.000000 50.000000 50.000000 50.000000 50.000000 50.000000 50.000000 50.000000 50.000000 50.000000 50.000000 50.000000 50.000000 50.000000 50.000000 50.000000 50.000000 50.000000 50.000000 50.000000 50.000000 50.000000 50.000000 50.000000 50.000000 50.000000 50.000000 50.000000 50.000000 50.000000 50.000000 50.000000 50.000000 50.000000 50.000000 50.000000 50.000000 50.000000 50.000000 50.000000 50.000000 50.000000 
