50.000000 50.000000 50.000000 50.000000 50.000000 50.000000 50.000000 50.000000 50.000000 50.000000 50.000000 50.000000 50.000000 50.000000 50.000000 50.000000 50.000000 50.000000 50.000000 50.000000 50.000000 50.000000 50.000000 50.000000 50.000000 50.000000 50.000000 50.000000 50.000000 50.000000 50.000000 50.000000 50.000000 50.000000 50.000000 50.000000 50.000000 50.000000 50.000000 50.000000 50.000000 50.000000 50.000000 50.000000 50.000000 50.000000 50.000000 50.000000 50.000000 50.000000 
50.000000 47.489174 45.175966 43.211445 41.671820 40.556597 39.808550 39.342892 39.073236 38.927613 38.854088 38.819294 38.803823 38.797344 38.794782 38.793824 38.793485 38.793370 38.793333 38.793322 38.793319 38.793318 38.793318 38.793318 38.793318 38.793318 38.793318 38.793318 38.793318 38.793318 38.793317 38.793317 38.793315 38.793308 38.793285 38.793213 38.792995 38.792367 38.790635 38.786062 38.774504 38.746483 38.681126 38.533689 38.209259 37.503489 35.954227 32.421232 23.744587 0.000000 
50.000000 45.175966 40.731635 36.957274 33.999295 31.856735 30.419627 29.525055 29.007040 28.727302 28.586070 28.519238 28.489522 28.477078 28.472159 28.470319 28.469666 28.469447 28.469376 28.469355 28.469348 28.469347 28.469346 28.469346 28.469346 28.469346 28.469346 28.469346 28.469346 28.469346 28.469346 28.469345 28.469341 28.469329 28.469289 28.469165 28.468791 28.467715 28.464760 28.457004 28.437547 28.390868 28.283603 28.046897 27.543400 26.506123 24.426569 20.365817 12.754734 0.000000 
50.000000 43.211445 36.957274 31.645985 27.483610 24.468760 22.446645 21.187972 20.459154 20.065601 19.866918 19.772906 19.731108 19.713605 19.706687 19.704099 19.703182 19.702872 19.702773 19.702743 19.702734 19.702732 19.702731 19.702731 19.702731 19.702731 19.702731 19.702731 19.702731 19.702731 19.702730 19.702729 19.702725 19.702711 19.702664 19.702518 19.702081 19.700829 19.697411 19.688512 19.666421 19.614152 19.496276 19.242834 18.723210 17.707874 15.822993 12.530705 7.257219 0.000000 
50.000000 41.671820 33.999295 27.483610 22.377513 18.679252 16.198873 14.655033 13.761145 13.278488 13.034838 12.919557 12.868307 12.846849 12.838367 12.835195 12.834070 12.833691 12.833570 12.833533 12.833522 12.833519 12.833518 12.833518 12.833518 12.833518 12.833518 12.833518 12.833518 12.833518 12.833517 12.833516 12.833512 12.833499 12.833454 12.833315 12.832900 12.831722 12.828527 12.820284 12.800060 12.752918 12.648658 12.430166 11.997198 11.188757 9.775737 7.493172 4.168332 0.000000 
50.000000 40.556597 31.856735 24.468760 18.679252 14.486169 11.674050 9.923823 8.910499 8.363388 8.087222 7.956566 7.898486 7.874170 7.864560 7.860966 7.859692 7.859263 7.859125 7.859083 7.859071 7.859068 7.859067 7.859066 7.859066 7.859066 7.859066 7.859066 7.859066 7.859066 7.859066 7.859065 7.859062 7.859050 7.859014 7.858900 7.858563 7.857611 7.855050 7.848504 7.832629 7.796167 7.717001 7.554922 7.243084 6.682054 5.745550 4.313335 2.347338 0.000000 
50.000000 39.808550 30.419627 22.446645 16.198873 11.674050 8.639579 6.751057 5.657727 5.067457 4.769525 4.628581 4.565933 4.539707 4.529342 4.525466 4.524093 4.523630 4.523482 4.523436 4.523423 4.523419 4.523418 4.523418 4.523418 4.523418 4.523418 4.523418 4.523418 4.523418 4.523418 4.523417 4.523415 4.523407 4.523380 4.523298 4.523056 4.522376 4.520563 4.515969 4.504954 4.479995 4.426701 4.319789 4.119128 3.768707 3.203811 2.372731 1.274862 0.000000 
50.000000 39.342892 29.525055 21.187972 14.655033 9.923823 6.751057 4.776550 3.633493 3.016409 2.704960 2.557631 2.492149 2.464737 2.453905 2.449855 2.448420 2.447936 2.447781 2.447734 2.447720 2.447716 2.447715 2.447715 2.447715 2.447715 2.447715 2.447715 2.447715 2.447715 2.447715 2.447714 2.447713 2.447707 2.447690 2.447637 2.447481 2.447045 2.445889 2.442989 2.436105 2.420697 2.388275 2.324357 2.206822 2.006375 1.691696 1.241452 0.661766 0.000000 
50.000000 39.073236 29.007040 20.459154 13.761145 8.910499 5.657727 3.633493 2.461691 1.829113 1.509858 1.358843 1.291726 1.263632 1.252530 1.248380 1.246909 1.246413 1.246255 1.246206 1.246192 1.246188 1.246187 1.246187 1.246187 1.246187 1.246187 1.246187 1.246187 1.246186 1.246186 1.246186 1.246185 1.246182 1.246172 1.246140 1.246049 1.245794 1.245124 1.243456 1.239532 1.230845 1.212796 1.177732 1.114331 1.008226 0.845002 0.616171 0.326754 0.000000 
50.000000 38.927613 28.727302 20.065601 13.278488 8.363388 5.067457 3.016409 1.829113 1.188189 0.864730 0.711732 0.643736 0.615274 0.604028 0.599824 0.598333 0.597832 0.597671 0.597622 0.597607 0.597603 0.597602 0.597602 0.597602 0.597602 0.597602 0.597602 0.597602 0.597602 0.597602 0.597602 0.597601 0.597600 0.597594 0.597577 0.597528 0.597391 0.597035 0.596152 0.594094 0.589581 0.580304 0.562503 0.530759 0.478428 0.399181 0.289756 0.153109 0.000000 
50.000000 38.854088 28.586070 19.866918 13.034838 8.087222 4.769525 2.704960 1.509858 0.864730 0.539157 0.385161 0.316723 0.288077 0.276758 0.272526 0.271027 0.270522 0.270360 0.270311 0.270296 0.270292 0.270291 0.270291 0.270291 0.270291 0.270291 0.270291 0.270291 0.270291 0.270291 0.270291 0.270290 0.270289 0.270287 0.270278 0.270254 0.270186 0.270010 0.269578 0.268578 0.266402 0.261971 0.253556 0.238719 0.214553 0.178406 0.129066 0.068026 0.000000 
50.000000 38.819294 28.519238 19.772906 12.919557 7.956566 4.628581 2.557631 1.358843 0.711732 0.385161 0.230695 0.162048 0.133316 0.121963 0.117719 0.116215 0.115708 0.115546 0.115496 0.115482 0.115478 0.115477 0.115476 0.115476 0.115476 0.115476 0.115476 0.115476 0.115476 0.115476 0.115476 0.115476 0.115476 0.115474 0.115470 0.115459 0.115428 0.115347 0.115151 0.114697 0.113719 0.111741 0.108019 0.101516 0.091029 0.075494 0.054477 0.028659 0.000000 
50.000000 38.803823 28.489522 19.731108 12.868307 7.898486 4.565933 2.492149 1.291726 0.643736 0.316723 0.162048 0.093310 0.064539 0.053171 0.048921 0.047415 0.046908 0.046745 0.046696 0.046681 0.046677 0.046676 0.046676 0.046676 0.046676 0.046676 0.046676 0.046676 0.046676 0.046676 0.046676 0.046676 0.046675 0.046675 0.046673 0.046668 0.046655 0.046620 0.046536 0.046344 0.045932 0.045104 0.043557 0.040876 0.036585 0.030279 0.021807 0.011456 0.000000 
50.000000 38.797344 28.477078 19.713605 12.846849 7.874170 4.539707 2.464737 1.263632 0.615274 0.288077 0.133316 0.064539 0.035752 0.024377 0.020125 0.018618 0.018111 0.017949 0.017899 0.017884 0.017880 0.017879 0.017879 0.017879 0.017879 0.017879 0.017879 0.017879 0.017879 0.017879 0.017879 0.017879 0.017879 0.017879 0.017878 0.017876 0.017870 0.017857 0.017823 0.017746 0.017583 0.017257 0.016651 0.015607 0.013948 0.011525 0.008288 0.004349 0.000000 
50.000000 38.794782 28.472159 19.706687 12.838367 7.864560 4.529342 2.453905 1.252530 0.604028 0.276758 0.121963 0.053171 0.024377 0.013001 0.008748 0.007240 0.006733 0.006570 0.006521 0.006506 0.006502 0.006501 0.006501 0.006501 0.006501 0.006501 0.006501 0.006501 0.006501 0.006501 0.006501 0.006501 0.006501 0.006501 0.006500 0.006500 0.006497 0.006492 0.006480 0.006451 0.006390 0.006268 0.006044 0.005659 0.005052 0.004169 0.002994 0.001570 0.000000 
50.000000 38.793824 28.470319 19.704099 12.835195 7.860966 4.525466 2.449855 1.248380 0.599824 0.272526 0.117719 0.048921 0.020125 0.008748 0.004495 0.002987 0.002480 0.002317 0.002267 0.002253 0.002249 0.002248 0.002247 0.002247 0.002247 0.002247 0.002247 0.002247 0.002247 0.002247 0.002247 0.002247 0.002247 0.002247 0.002247 0.002247 0.002246 0.002244 0.002240 0.002230 0.002208 0.002165 0.002086 0.001952 0.001741 0.001435 0.001030 0.000539 0.000000 
50.000000 38.793485 28.469666 19.703182 12.834070 7.859692 4.524093 2.448420 1.246909 0.598333 0.271027 0.116215 0.047415 0.018618 0.007240 0.002987 0.001480 0.000972 0.000810 0.000760 0.000745 0.000741 0.000740 0.000740 0.000740 0.000740 0.000740 0.000740 0.000740 0.000740 0.000740 0.000740 0.000740 0.000740 0.000740 0.000740 0.000740 0.000739 0.000739 0.000737 0.000734 0.000727 0.000712 0.000686 0.000641 0.000572 0.000471 0.000337 0.000177 0.000000 
50.000000 38.793370 28.469447 19.702872 12.833691 7.859263 4.523630 2.447936 1.246413 0.597832 0.270522 0.115708 0.046908 0.018111 0.006733 0.002480 0.000972 0.000465 0.000302 0.000252 0.000238 0.000234 0.000233 0.000232 0.000232 0.000232 0.000232 0.000232 0.000232 0.000232 0.000232 0.000232 0.000232 0.000232 0.000232 0.000232 0.000232 0.000232 0.000232 0.000232 0.000230 0.000228 0.000224 0.000215 0.000201 0.000179 0.000147 0.000106 0.000055 0.000000 
50.000000 38.793333 28.469376 19.702773 12.833570 7.859125 4.523482 2.447781 1.246255 0.597671 0.270360 0.115546 0.046745 0.017949 0.006570 0.002317 0.000810 0.000302 0.000139 0.000090 0.000075 0.000071 0.000070 0.000070 0.000070 0.000070 0.000070 0.000070 0.000070 0.000070 0.000070 0.000070 0.000070 0.000070 0.000070 0.000070 0.000070 0.000070 0.000070 0.000069 0.000069 0.000068 0.000067 0.000064 0.000060 0.000054 0.000044 0.000032 0.000017 0.000000 
50.000000 38.793322 28.469355 19.702743 12.833533 7.859083 4.523436 2.447734 1.246206 0.597622 0.270311 0.115496 0.046696 0.017899 0.006521 0.002267 0.000760 0.000252 0.000090 0.000040 0.000025 0.000021 0.000020 0.000020 0.000020 0.000020 0.000020 0.000020 0.000020 0.000020 0.000020 0.000020 0.000020 0.000020 0.000020 0.000020 0.000020 0.000020 0.000020 0.000020 0.000020 0.000020 0.000019 0.000018 0.000017 0.000015 0.000013 0.000009 0.000005 0.000000 
50.000000 38.793319 28.469348 19.702734 12.833522 7.859071 4.523423 2.447720 1.246192 0.597607 0.270296 0.115482 0.046681 0.017884 0.006506 0.002253 0.000745 0.000238 0.000075 0.000025 0.000011 0.000007 0.000006 0.000006 0.000006 0.000006 0.000005 0.000005 0.000005 0.000005 0.000005 0.000005 0.000005 0.000005 0.000005 0.000005 0.000005 0.000005 0.000005 0.000005 0.000005 0.000005 0.000005 0.000005 0.000005 0.000004 0.000003 0.000002 0.000001 0.000000 
50.000000 38.793318 28.469347 19.702732 12.833519 7.859068 4.523419 2.447716 1.246188 0.597603 0.270292 0.115478 0.046677 0.017880 0.006502 0.002249 0.000741 0.000234 0.000071 0.000021 0.000007 0.000003 0.000002 0.000002 0.000001 0.000001 0.000001 0.000001 0.000001 0.000001 0.000001 0.000001 0.000001 0.000001 0.000001 0.000001 0.000001 0.000001 0.000001 0.000001 0.000001 0.000001 0.000001 0.000001 0.000001 0.000001 0.000001 0.000001 0.000000 0.000000 
50.000000 38.793318 28.469346 19.702731 12.833518 7.859067 4.523418 2.447715 1.246187 0.597602 0.270291 0.115477 0.046676 0.017879 0.006501 0.002248 0.000740 0.000233 0.000070 0.000020 0.000006 0.000002 0.000001 0.000000 0.000000 0.000000 0.000000 0.000000 0.000000 0.000000 0.000000 0.000000 0.000000 0.000000 0.000000 0.000000 0.000000 0.000000 0.000000 0.000000 0.000000 0.000000 0.000000 0.000000 0.000000 0.000000 0.000000 0.000000 0.000000 0.000000 
50.000000 38.793318 28.469346 19.702731 12.833518 7.859066 4.523418 2.447715 1.246187 0.597602 0.270291 0.115476 0.046676 0.017879 0.006501 0.002247 0.000740 0.000232 0.000070 0.000020 0.000006 0.000002 0.000000 0.000000 0.000000 0.000000 0.000000 0.000000 0.000000 0.000000 0.000000 0.000000 0.000000 0.000000 0.000000 0.000000 0.000000 0.000000 0.000000 0.000000 0.000000 0.000000 0.000000 0.000000 0.000000 0.000000 0.000000 0.000000 0.000000 0.000000 
50.000000 38.793318 28.469346 19.702731 12.833518 7.859066 4.523418 2.447715 1.246187 0.597602 0.270291 0.115476 0.046676 0.017879 0.006501 0.002247 0.000740 0.000232 0.000070 0.000020 0.000006 0.000001 0.000000 0.000000 0.000000 0.000000 0.000000 0.000000 0.000000 0.000000 0.000000 0.000000 0.000000 0.000000 0.000000 0.000000 0.000000 0.000000 0.000000 0.000000 0.000000 0.000000 0.000000 0.000000 0.000000 0.000000 0.000000 0.000000 0.000000 0.000000 
50.000000 38.793318 28.469346 19.702731 12.833518 7.859066 4.523418 2.447715 1.246187 0.597602 0.270291 0.115476 0.046676 0.017879 0.006501 0.002247 0.000740 0.000232 0.000070 0.000020 0.000006 0.000001 0.000000 0.000000 0.000000 0.000000 0.000000 0.000000 0.000000 0.000000 0.000000 0.000000 0.000000 0.000000 0.000000 0.000000 0.000000 0.000000 0.000000 0.000000 0.000000 0.000000 0.000000 0.000000 0.000000 0.000000 0.000000 0.000000 0.000000 0.000000 
50.000000 38.793318 28.469346 19.702731 12.833518 7.859066 4.523418 2.447715 1.246187 0.597602 0.270291 0.115476 0.046676 0.017879 0.006501 0.002247 0.000740 0.000232 0.000070 0.000020 0.000006 0.000002 0.000000 0.000000 0.000000 0.000000 0.000000 0.000000 0.000000 0.000000 0.000000 0.000000 0.000000 0.000000 0.000000 0.000000 0.000000 0.000000 0.000000 0.000000 0.000000 0.000000 0.000000 0.000000 0.000000 0.000000 0.000000 0.000000 0.000000 0.000000 
50.000000 38.793318 28.469346 19.702731 12.833518 7.859067 4.523418 2.447715 1.246187 0.597602 0.270291 0.115477 0.046676 0.017879 0.006501 0.002248 0.000740 0.000233 0.000070 0.000020 0.000006 0.000002 0.000001 0.000000 0.000000 0.000000 0.000000 0.000000 0.000000 0.000000 0.000000 0.000000 0.000000 0.000000 0.000000 0.000000 0.000000 0.000000 0.000000 0.000000 0.000000 0.000000 0.000000 0.000000 0.000000 0.000000 0.000000 0.000000 0.000000 0.000000 
50.000000 38.793318 28.469347 19.702732 12.833519 7.859068 4.523419 2.447716 1.246188 0.597603 0.270292 0.115478 0.046677 0.017880 0.006502 0.002249 0.000741 0.000234 0.000071 0.000021 0.000007 0.000003 0.000002 0.000002 0.000001 0.000001 0.000001 0.000001 0.000001 0.000001 0.000001 0.000001 0.000001 0.000001 0.000001 0.000001 0.000001 0.000001 0.000001 0.000001 0.000001 0.000001 0.000001 0.000001 0.000001 0.000001 0.000001 0.000001 0.000000 0.000000 
50.000000 38.793319 28.469348 19.702734 12.833522 7.859071 4.523423 2.447720 1.246192 0.597607 0.270296 0.115482 0.046681 0.017884 0.006506 0.002253 0.000745 0.000238 0.000075 0.000025 0.000011 0.000007 0.000006 0.000006 0.000006 0.000006 0.000005 0.000005 0.000005 0.000005 0.000005 0.000005 0.000005 0.000005 0.000005 0.000005 0.000005 0.000005 0.000005 0.000005 0.000005 0.000005 0.000005 0.000005 0.000005 0.000004 0.000003 0.000002 0.000001 0.000000 
50.000000 38.793322 28.469355 19.702743 12.833533 7.859083 4.523436 2.447734 1.246206 0.597622 0.270311 0.115496 0.046696 0.017899 0.006521 0.002267 0.000760 0.000252 0.000090 0.000040 0.000025 0.000021 0.000020 0.000020 0.000020 0.000020 0.000020 0.000020 0.000020 0.000020 0.000020 0.000020 0.000020 0.000020 0.000020 0.000020 0.000020 0.000020 0.000020 0.000020 0.000020 0.000020 0.000019 0.000018 0.000017 0.000015 0.000013 0.000009 0.000005 0.000000 
50.000000 38.793333 28.469376 19.702773 12.833570 7.859125 4.523482 2.447781 1.246255 0.597671 0.270360 0.115546 0.046745 0.017949 0.006570 0.002317 0.000810 0.000302 0.000139 0.000090 0.000075 0.000071 0.000070 0.000070 0.000070 0.000070 0.000070 0.000070 0.000070 0.000070 0.000070 0.000070 0.000070 0.000070 0.000070 0.000070 0.000070 0.000070 0.000070 0.000069 0.000069 0.000068 0.000067 0.000064 0.000060 0.000054 0.000044 0.000032 0.000017 0.000000 
50.000000 38.793370 28.469447 19.702872 12.833691 7.859263 4.523630 2.447936 1.246413 0.597832 0.270522 0.115708 0.046908 0.018111 0.006733 0.002480 0.000972 0.000465 0.000302 0.000252 0.000238 0.000234 0.000233 0.000232 0.000232 0.000232 0.000232 0.000232 0.000232 0.000232 0.000232 0.000232 0.000232 0.000232 0.000232 0.000232 0.000232 0.000232 0.000232 0.000232 0.000230 0.000228 0.000224 0.000215 0.000201 0.000179 0.000147 0.000106 0.000055 0.000000 
50.000000 38.793485 28.469666 19.703182 12.834070 7.859692 4.524093 2.448420 1.246909 0.598333 0.271027 0.116215 0.047415 0.018618 0.007240 0.002987 0.001480 0.000972 0.000810 0.000760 0.000745 0.000741 0.000740 0.000740 0.000740 0.000740 0.000740 0.000740 0.000740 0.000740 0.000740 0.000740 0.000740 0.000740 0.000740 0.000740 0.000740 0.000739 0.000739 0.000737 0.000734 0.000727 0.000712 0.000686 0.000641 0.000572 0.000471 0.000337 0.000177 0.000000 
50.000000 38.793824 28.470319 19.704099 12.835195 7.860966 4.525466 2.449855 1.248380 0.599824 0.272526 0.117719 0.048921 0.020125 0.008748 0.004495 0.002987 0.002480 0.002317 0.002267 0.002253 0.002249 0.002248 0.002247 0.002247 0.002247 0.002247 0.002247 0.002247 0.002247 0.002247 0.002247 0.002247 0.002247 0.002247 0.002247 0.002247 0.002246 0.002244 0.002240 0.002230 0.002208 0.002165 0.002086 0.001952 0.001741 0.001435 0.001030 0.000539 0.000000 
50.000000 38.794782 28.472159 19.706687 12.838367 7.864560 4.529342 2.453905 1.252530 0.604028 0.276758 0.121963 0.053171 0.024377 0.013001 0.008748 0.007240 0.006733 0.006570 0.006521 0.006506 0.006502 0.006501 0.006501 0.006501 0.006501 0.006501 0.006501 0.006501 0.006501 0.006501 0.006501 0.006501 0.006501 0.006501 0.006500 0.006500 0.006497 0.006492 0.006480 0.006451 0.006390 0.006268 0.006044 0.005659 0.005052 0.004169 0.002994 0.001570 0.000000 
50.000000 38.797344 28.477078 19.713605 12.846849 7.874170 4.539707 2.464737 1.263632 0.615274 0.288077 0.133316 0.064539 0.035752 0.024377 0.020125 0.018618 0.018111 0.017949 0.017899 0.017884 0.017880 0.017879 0.017879 0.017879 0.017879 0.017879 0.017879 0.017879 0.017879 0.017879 0.017879 0.017879 0.017879 0.017879 0.017878 0.017876 0.017870 0.017857 0.017823 0.017746 0.017583 0.017257 0.016651 0.015607 0.013948 0.011525 0.008288 0.004349 0.000000 
50.000000 38.803823 28.489522 19.731108 12.868307 7.898486 4.565933 2.492149 1.291726 0.643736 0.316723 0.162048 0.093310 0.064539 0.053171 0.048921 0.047415 0.046908 0.046745 0.046696 0.046681 0.046677 0.046676 0.046676 0.046676 0.046676 0.046676 0.046676 0.046676 0.046676 0.046676 0.046676 0.046676 0.046675 0.046675 0.046673 0.046668 0.046655 0.046620 0.046536 0.046344 0.045932 0.045104 0.043557 0.040876 0.036585 0.030279 0.021807 0.011456 0.000000 
50.000000 38.819294 28.519238 19.772906 12.919557 7.956566 4.628581 2.557631 1.358843 0.711732 0.385161 0.230695 0.162048 0.133316 0.121963 0.117719 0.116215 0.115708 0.115546 0.115496 0.115482 0.115478 0.115477 0.115476 0.115476 0.115476 0.115476 0.115476 0.115476 0.115476 0.115476 0.115476 0.115476 0.115476 0.115474 0.115470 0.115459 0.115428 0.115347 0.115151 0.114697 0.113719 0.111741 0.108019 0.101516 0.091029 0.075494 0.054477 0.028659 0.000000 
50.000000 38.854088 28.586070 19.866918 13.034838 8.087222 4.769525 2.704960 1.509858 0.864730 0.539157 0.385161 0.316723 0.288077 0.276758 0.272526 0.271027 0.270522 0.270360 0.270311 0.270296 0.270292 0.270291 0.270291 0.270291 0.270291 0.270291 0.270291 0.270291 0.270291 0.270291 0.270291 0.270290 0.270289 0.270287 0.270278 0.270254 0.270186 0.270010 0.269578 0.268578 0.266402 0.261971 0.253556 0.238719 0.214553 0.178406 0.129066 0.068026 0.000000 
50.000000 38.927613 28.727302 20.065601 13.278488 8.363388 5.067457 3.016409 1.829113 1.188189 0.864730 0.711732 0.643736 0.615274 0.604028 0.599824 0.598333 0.597832 0.597671 0.597622 0.597607 0.597603 0.597602 0.597602 0.597602 0.597602 0.597602 0.597602 0.597602 0.597602 0.597602 0.597602 0.597601 0.597600 0.597594 0.597577 0.597528 0.597391 0.597035 0.596152 0.594094 0.589581 0.580304 0.562503 0.530759 0.478428 0.399181 0.289756 0.153109 0.000000 
50.000000 39.073236 29.007040 20.459154 13.761145 8.910499 5.657727 3.633493 2.461691 1.829113 1.509858 1.358843 1.291726 1.263632 1.252530 1.248380 1.246909 1.246413 1.246255 1.246206 1.246192 1.246188 1.246187 1.246187 1.246187 1.246187 1.246187 1.246187 1.246187 1.246186 1.246186 1.246186 1.246185 1.246182 1.246172 1.246140 1.246049 1.245794 1.245124 1.243456 1.239532 1.230845 1.212796 1.177732 1.114331 1.008226 0.845002 0.616171 0.326754 0.000000 
50.000000 39.342892 29.525055 21.187972 14.655033 9.923823 6.751057 4.776550 3.633493 3.016409 2.704960 2.557631 2.492149 2.464737 2.453905 2.449855 2.448420 2.447936 2.447781 2.447734 2.447720 2.447716 2.447715 2.447715 2.447715 2.447715 2.447715 2.447715 2.447715 2.447715 2.447715 2.447714 2.447713 2.447707 2.447690 2.447637 2.447481 2.447045 2.445889 2.442989 2.436105 2.420697 2.388275 2.324357 2.206822 2.006375 1.691696 1.241452 0.661766 0.000000 
50.000000 39.808550 30.419627 22.446645 16.198873 11.674050 8.639579 6.751057 5.657727 5.067457 4.769525 4.628581 4.565933 4.539707 4.529342 4.525466 4.524093 4.523630 4.523482 4.523436 4.523423 4.523419 4.523418 4.523418 4.523418 4.523418 4.523418 4.523418 4.523418 4.523418 4.523418 4.523417 4.523415 4.523407 4.523380 4.523298 4.523056 4.522376 4.520563 4.515969 4.504954 4.479995 4.426701 4.319789 4.119128 3.768707 3.203811 2.372731 1.274862 0.000000 
50.000000 40.556597 31.856735 24.468760 18.679252 14.486169 11.674050 9.923823 8.910499 8.363388 8.087222 7.956566 7.898486 7.874170 7.864560 7.860966 7.859692 7.859263 7.859125 7.859083 7.859071 7.859068 7.859067 7.859066 7.859066 7.859066 7.859066 7.859066 7.859066 7.859066 7.859066 7.859065 7.859062 7.859050 7.859014 7.858900 7.858563 7.857611 7.855050 7.848504 7.832629 7.796167 7.717001 7.554922 7.243084 6.682054 5.745550 4.313335 2.347338 0.000000 
50.000000 41.671820 33.999295 27.483610 22.377513 18.679252 16.198873 14.655033 13.761145 13.278488 13.034838 12.919557 12.868307 12.846849 12.838367 12.835195 12.834070 12.833691 12.833570 12.833533 12.833522 12.833519 12.833518 12.833518 12.833518 12.833518 12.833518 12.833518 12.833518 12.833518 12.833517 12.833516 12.833512 12.833499 12.833454 12.833315 12.832900 12.831722 12.828527 12.820284 12.800060 12.752918 12.648658 12.430166 11.997198 11.188757 9.775737 7.493172 4.168332 0.000000 
50.000000 43.211445 36.957274 31.645985 27.483610 24.468760 22.446645 21.187972 20.459154 20.065601 19.866918 19.772906 19.731108 19.713605 19.706687 19.704099 19.703182 19.702872 19.702773 19.702743 19.702734 19.702732 19.702731 19.702731 19.702731 19.702731 19.702731 19.702731 19.702731 19.702731 19.702730 19.702729 19.702725 19.702711 19.702664 19.702518 19.702081 19.700829 19.697411 19.688512 19.666421 19.614152 19.496276 19.242834 18.723210 17.707874 15.822993 12.530705 7.257219 0.000000 
50.000000 45.175966 40.731635 36.957274 33.999295 31.856735 30.419627 29.525055 29.007040 28.727302 28.586070 28.519238 28.489522 28.477078 28.472159 28.470319 28.469666 28.469447 28.469376 28.469355 28.469348 28.469347 28.469346 28.469346 28.469346 28.469346 28.469346 28.469346 28.469346 28.469346 28.469346 28.469345 28.469341 28.469329 28.469289 28.469165 28.468791 28.467715 28.464760 28.457004 28.437547 28.390868 28.283603 28.046897 27.543400 26.506123 24.426569 20.365817 12.754734 0.000000 
50.000000 47.489174 45.175966 43.211445 41.671820 40.556597 39.808550 39.342892 39.073236 38.927613 38.854088 38.819294 38.803823 38.797344 38.794782 38.793824 38.793485 38.793370 38.793333 38.793322 38.793319 38.793318 38.793318 38.793318 38.793318 38.793318 38.793318 38.793318 38.793318 38.793318 38.793317 38.793317 38.793315 38.793308 38.793285 38.793213 38.792995 38.792367 38.790635 38.786062 38.774504 38.746483 38.681126 38.533689 38.209259 37.503489 35.954227 32.421232 23.744587 0.000000 
50.000000 50.000000 50.000000 50.000000 50.000000 50.000000 50.000000 50.000000 50.000000 50.000000 50.000000 50.000000 50.000000 50.000000 50.000000 50.000000 50.000000 50.000000 50.000000 50.000000 50.000000 50.000000 50.000000 50.000000 50.000000 50.000000 50.000000 50.000000 50.000000 50.000000 50.000000 50.000000 50.000000 50.000000 50.000000 50.000000 50.000000 50.000000 50.000000 50.000000 50.000000 50.000000 50.000000 50.000000 50.000000 50.000000 50.000000 50.000000 50.000000 50.000000 
