50.000000 50.000000 50.000000 50.000000 50.000000 50.000000 50.000000 50.000000 50.000000 50.000000 50.000000 50.000000 50.000000 50.000000 50.000000 50.000000 50.000000 50.000000 50.000000 50.000000 50.000000 50.000000 50.000000 50.000000 50.000000 50.000000 50.000000 50.000000 50.000000 50.000000 50.000000 50.000000 50.000000 50.000000 50.000000 50.000000 50.000000 50.000000 50.000000 50.000000 50.000000 50.000000 50.000000 50.000000 50.000000 50.000000 50.000000 50.000000 50.000000 50.000000 
50.000000 48.159568 46.425390 44.885347 43.595859 42.577246 41.817542 41.282085 40.925057 40.699594 40.564582 40.487820 40.446328 40.424979 40.414507 40.409604 40.407411 40.406472 40.406087 40.405935 40.405878 40.405857 40.405850 40.405848 40.405847 40.405846 40.405846 40.405846 40.405846 40.405845 40.405842 40.405832 40.405806 40.405735 40.405551 40.405088 40.403966 40.401335 40.395381 40.382350 40.354716 40.297780 40.183314 39.957308 39.514730 38.642333 36.873107 33.068773 24.079784 0.000000 
50.000000 46.425390 43.057162 40.066005 37.561506 35.583128 34.107624 33.067668 32.374263 31.936385 31.674178 31.525101 31.444523 31.403062 31.382726 31.373206 31.368947 31.367124 31.366376 31.366082 31.365970 31.365930 31.365916 31.365911 31.365909 31.365909 31.365909 31.365909 31.365908 31.365906 31.365900 31.365883 31.365836 31.365709 31.365379 31.364550 31.362543 31.357859 31.347301 31.324317 31.275931 31.177238 30.981667 30.603727 29.887916 28.551283 26.076631 21.528581 13.356618 0.000000 
50.000000 44.885347 40.066005 35.786215 32.202775 29.372146 27.261052 25.773150 24.781092 24.154632 23.779510 23.566241 23.450969 23.391659 23.362569 23.348952 23.342860 23.340252 23.339182 23.338761 23.338602 23.338544 23.338524 23.338517 23.338515 23.338515 23.338514 23.338514 23.338513 23.338511 23.338503 23.338482 23.338422 23.338263 23.337848 23.336812 23.334313 23.328508 23.315504 23.287421 23.228908 23.111198 22.882288 22.451362 21.665058 20.273873 17.893108 13.989374 8.012241 0.000000 
50.000000 43.595859 37.561506 32.202775 27.715999 24.171861 21.528682 19.665809 18.423771 17.639477 17.169860 16.902878 16.758579 16.684336 16.647925 16.630880 16.623255 16.619991 16.618653 16.618126 16.617927 16.617855 16.617829 16.617821 16.617818 16.617817 16.617817 16.617816 16.617816 16.617813 16.617805 16.617783 16.617721 16.617554 16.617122 16.616048 16.613471 16.607519 16.594285 16.565973 16.507682 16.392207 16.172103 15.768579 15.057780 13.857999 11.928902 9.010223 4.953526 0.000000 
50.000000 42.577246 35.583128 29.372146 24.171861 20.064191 17.000801 14.841823 13.402405 12.493503 11.949294 11.639916 11.472711 11.386686 11.344498 11.324751 11.315917 11.312136 11.310585 11.309975 11.309744 11.309661 11.309631 11.309622 11.309618 11.309617 11.309617 11.309617 11.309616 11.309613 11.309606 11.309585 11.309528 11.309375 11.308982 11.308005 11.305676 11.300332 11.288548 11.263585 11.212822 11.113801 10.928692 10.597559 10.032095 9.114082 7.707087 5.695213 3.062516 0.000000 
50.000000 41.817542 34.107624 27.261052 21.528682 17.000801 13.624101 11.244375 9.657826 8.656054 8.056259 7.715295 7.531026 7.436226 7.389737 7.367978 7.358245 7.354078 7.352370 7.351698 7.351444 7.351351 7.351319 7.351308 7.351305 7.351304 7.351303 7.351303 7.351302 7.351300 7.351294 7.351277 7.351230 7.351103 7.350780 7.349981 7.348087 7.343770 7.334329 7.314528 7.274744 7.198270 7.057843 6.812051 6.403242 5.760103 4.809689 3.503897 1.860234 0.000000 
50.000000 41.282085 33.067668 25.773150 19.665809 14.841823 11.244375 8.709135 7.018953 5.951777 5.312844 4.949644 4.753366 4.652392 4.602877 4.579703 4.569337 4.564900 4.563081 4.562365 4.562095 4.561996 4.561962 4.561951 4.561947 4.561946 4.561945 4.561945 4.561944 4.561943 4.561938 4.561925 4.561889 4.561794 4.561551 4.560954 4.559545 4.556357 4.549441 4.535073 4.506530 4.452397 4.354568 4.186532 3.913131 3.493706 2.890862 2.086001 1.098771 0.000000 
50.000000 40.925057 32.374263 24.781092 18.423771 13.402405 9.657826 7.018953 5.259721 4.148977 3.483977 3.105972 2.901699 2.796616 2.745089 2.720973 2.710187 2.705570 2.703677 2.702933 2.702651 2.702549 2.702513 2.702501 2.702498 2.702496 2.702496 2.702496 2.702495 2.702494 2.702491 2.702482 2.702457 2.702390 2.702221 2.701809 2.700842 2.698667 2.693984 2.684341 2.665384 2.629860 2.566556 2.459556 2.288604 2.031563 1.669894 1.197025 0.627277 0.000000 
50.000000 40.699594 31.936385 24.154632 17.639477 12.493503 8.656054 5.951777 4.148977 3.010748 2.329309 1.941969 1.732657 1.624985 1.572189 1.547481 1.536430 1.531700 1.529760 1.528998 1.528709 1.528605 1.528568 1.528556 1.528552 1.528551 1.528550 1.528550 1.528550 1.528549 1.528547 1.528541 1.528525 1.528482 1.528373 1.528108 1.527489 1.526108 1.523155 1.517123 1.505374 1.483593 1.445247 1.381310 1.280681 1.131795 0.925723 0.660454 0.344878 0.000000 
50.000000 40.564582 31.674178 23.779510 17.169860 11.949294 8.056259 5.312844 3.483977 2.329309 1.638039 1.245119 1.032796 0.923577 0.870024 0.844962 0.833752 0.828955 0.826988 0.826214 0.825922 0.825816 0.825779 0.825766 0.825762 0.825761 0.825761 0.825761 0.825760 0.825760 0.825759 0.825755 0.825745 0.825719 0.825653 0.825494 0.825124 0.824303 0.822558 0.819020 0.812186 0.799636 0.777771 0.741731 0.685709 0.603888 0.492089 0.349861 0.182232 0.000000 
50.000000 40.487820 31.525101 23.566241 16.902878 11.639916 7.715295 4.949644 3.105972 1.941969 1.245119 0.849031 0.634999 0.524903 0.470921 0.445658 0.434360 0.429524 0.427542 0.426762 0.426467 0.426360 0.426323 0.426310 0.426306 0.426305 0.426304 0.426304 0.426304 0.426304 0.426303 0.426301 0.426295 0.426281 0.426243 0.426153 0.425945 0.425486 0.424515 0.422561 0.418814 0.411988 0.400203 0.380966 0.351368 0.308592 0.250737 0.177801 0.092439 0.000000 
50.000000 40.446328 31.444523 23.450969 16.758579 11.472711 7.531026 4.753366 2.901699 1.732657 1.032796 0.634999 0.420047 0.309478 0.255264 0.229893 0.218547 0.213691 0.211699 0.210916 0.210621 0.210513 0.210476 0.210463 0.210459 0.210458 0.210457 0.210457 0.210457 0.210457 0.210456 0.210455 0.210452 0.210444 0.210424 0.210376 0.210266 0.210023 0.209514 0.208493 0.206549 0.203033 0.197008 0.187256 0.172378 0.151060 0.122461 0.086664 0.044994 0.000000 
50.000000 40.424979 31.403062 23.391659 16.684336 11.386686 7.436226 4.652392 2.796616 1.624985 0.923577 0.524903 0.309478 0.198666 0.144334 0.118908 0.107536 0.102670 0.100674 0.099889 0.099593 0.099485 0.099448 0.099435 0.099431 0.099430 0.099429 0.099429 0.099429 0.099429 0.099429 0.099428 0.099427 0.099423 0.099413 0.099388 0.099333 0.099212 0.098958 0.098452 0.097495 0.095775 0.092847 0.088139 0.081010 0.070865 0.057345 0.040518 0.021013 0.000000 
50.000000 40.414507 31.382726 23.362569 16.647925 11.344498 7.389737 4.602877 2.745089 1.572189 0.870024 0.470921 0.255264 0.144334 0.089944 0.064491 0.053107 0.048235 0.046238 0.045452 0.045156 0.045048 0.045010 0.044997 0.044993 0.044992 0.044992 0.044991 0.044991 0.044991 0.044991 0.044991 0.044990 0.044988 0.044983 0.044972 0.044945 0.044888 0.044768 0.044530 0.044082 0.043280 0.041924 0.039756 0.036493 0.031877 0.025758 0.018177 0.009418 0.000000 
50.000000 40.409604 31.373206 23.348952 16.630880 11.324751 7.367978 4.579703 2.720973 1.547481 0.844962 0.445658 0.229893 0.118908 0.064491 0.039025 0.027636 0.022762 0.020763 0.019977 0.019680 0.019572 0.019535 0.019522 0.019518 0.019517 0.019516 0.019516 0.019516 0.019516 0.019516 0.019516 0.019516 0.019515 0.019512 0.019507 0.019495 0.019469 0.019415 0.019308 0.019108 0.018752 0.018152 0.017198 0.015769 0.013758 0.011104 0.007828 0.004053 0.000000 
50.000000 40.407411 31.368947 23.342860 16.623255 11.315917 7.358245 4.569337 2.710187 1.536430 0.833752 0.434360 0.218547 0.107536 0.053107 0.027636 0.016244 0.011369 0.009370 0.008584 0.008287 0.008179 0.008141 0.008129 0.008124 0.008123 0.008123 0.008123 0.008123 0.008123 0.008123 0.008123 0.008122 0.008122 0.008121 0.008119 0.008114 0.008102 0.008079 0.008033 0.007948 0.007797 0.007543 0.007141 0.006542 0.005702 0.004597 0.003238 0.001676 0.000000 
50.000000 40.406472 31.367124 23.340252 16.619991 11.312136 7.354078 4.564900 2.705570 1.531700 0.828955 0.429524 0.213691 0.102670 0.048235 0.022762 0.011369 0.006493 0.004494 0.003708 0.003411 0.003303 0.003265 0.003253 0.003249 0.003247 0.003247 0.003247 0.003247 0.003247 0.003247 0.003247 0.003247 0.003246 0.003246 0.003245 0.003243 0.003238 0.003229 0.003210 0.003175 0.003114 0.003011 0.002849 0.002608 0.002271 0.001829 0.001288 0.000666 0.000000 
50.000000 40.406087 31.366376 23.339182 16.618653 11.310585 7.352370 4.563081 2.703677 1.529760 0.826988 0.427542 0.211699 0.100674 0.046238 0.020763 0.009370 0.004494 0.002495 0.001709 0.001412 0.001304 0.001266 0.001253 0.001249 0.001248 0.001248 0.001248 0.001247 0.001247 0.001247 0.001247 0.001247 0.001247 0.001247 0.001247 0.001246 0.001244 0.001240 0.001233 0.001219 0.001195 0.001155 0.001093 0.000999 0.000870 0.000700 0.000493 0.000255 0.000000 
50.000000 40.405935 31.366082 23.338761 16.618126 11.309975 7.351698 4.562365 2.702933 1.528998 0.826214 0.426762 0.210916 0.099889 0.045452 0.019977 0.008584 0.003708 0.001709 0.000922 0.000625 0.000518 0.000480 0.000467 0.000463 0.000462 0.000461 0.000461 0.000461 0.000461 0.000461 0.000461 0.000461 0.000461 0.000461 0.000461 0.000461 0.000460 0.000459 0.000456 0.000451 0.000442 0.000427 0.000403 0.000369 0.000321 0.000258 0.000181 0.000094 0.000000 
50.000000 40.405878 31.365970 23.338602 16.617927 11.309744 7.351444 4.562095 2.702651 1.528709 0.825922 0.426467 0.210621 0.099593 0.045156 0.019680 0.008287 0.003411 0.001412 0.000625 0.000328 0.000221 0.000183 0.000170 0.000166 0.000165 0.000164 0.000164 0.000164 0.000164 0.000164 0.000164 0.000164 0.000164 0.000164 0.000164 0.000164 0.000164 0.000163 0.000162 0.000160 0.000157 0.000152 0.000143 0.000131 0.000114 0.000092 0.000064 0.000033 0.000000 
50.000000 40.405857 31.365930 23.338544 16.617855 11.309661 7.351351 4.561996 2.702549 1.528605 0.825816 0.426360 0.210513 0.099485 0.045048 0.019572 0.008179 0.003303 0.001304 0.000518 0.000221 0.000113 0.000075 0.000062 0.000058 0.000057 0.000057 0.000056 0.000056 0.000056 0.000056 0.000056 0.000056 0.000056 0.000056 0.000056 0.000056 0.000056 0.000056 0.000056 0.000055 0.000054 0.000052 0.000049 0.000045 0.000039 0.000031 0.000022 0.000011 0.000000 
50.000000 40.405850 31.365916 23.338524 16.617829 11.309631 7.351319 4.561962 2.702513 1.528568 0.825779 0.426323 0.210476 0.099448 0.045010 0.019535 0.008141 0.003265 0.001266 0.000480 0.000183 0.000075 0.000037 0.000025 0.000021 0.000019 0.000019 0.000019 0.000019 0.000019 0.000019 0.000019 0.000019 0.000019 0.000019 0.000019 0.000019 0.000019 0.000019 0.000018 0.000018 0.000018 0.000017 0.000016 0.000015 0.000013 0.000010 0.000007 0.000004 0.000000 
50.000000 40.405848 31.365911 23.338518 16.617821 11.309622 7.351309 4.561951 2.702502 1.528556 0.825767 0.426310 0.210463 0.099435 0.044998 0.019522 0.008129 0.003253 0.001254 0.000467 0.000170 0.000062 0.000025 0.000012 0.000008 0.000007 0.000006 0.000006 0.000006 0.000006 0.000006 0.000006 0.000006 0.000006 0.000006 0.000006 0.000006 0.000006 0.000006 0.000006 0.000006 0.000006 0.000006 0.000005 0.000005 0.000004 0.000003 0.000002 0.000001 0.000000 
50.000000 40.405847 31.365910 23.338516 16.617818 11.309619 7.351305 4.561947 2.702498 1.528552 0.825763 0.426307 0.210459 0.099432 0.044994 0.019518 0.008125 0.003249 0.001250 0.000464 0.000167 0.000059 0.000021 0.000008 0.000004 0.000003 0.000003 0.000002 0.000002 0.000002 0.000002 0.000002 0.000002 0.000002 0.000002 0.000002 0.000002 0.000002 0.000002 0.000002 0.000002 0.000002 0.000002 0.000002 0.000002 0.000002 0.000001 0.000001 0.000000 0.000000 
50.000000 40.405847 31.365910 23.338516 16.617818 11.309619 7.351305 4.561947 2.702498 1.528552 0.825763 0.426307 0.210459 0.099432 0.044994 0.019518 0.008125 0.003249 0.001250 0.000464 0.000167 0.000059 0.000021 0.000008 0.000004 0.000003 0.000003 0.000002 0.000002 0.000002 0.000002 0.000002 0.000002 0.000002 0.000002 0.000002 0.000002 0.000002 0.000002 0.000002 0.000002 0.000002 0.000002 0.000002 0.000002 0.000002 0.000001 0.000001 0.000000 0.000000 
50.000000 40.405848 31.365911 23.338518 16.617821 11.309622 7.351309 4.561951 2.702502 1.528556 0.825767 0.426310 0.210463 0.099435 0.044998 0.019522 0.008129 0.003253 0.001254 0.000467 0.000170 0.000062 0.000025 0.000012 0.000008 0.000007 0.000006 0.000006 0.000006 0.000006 0.000006 0.000006 0.000006 0.000006 0.000006 0.000006 0.000006 0.000006 0.000006 0.000006 0.000006 0.000006 0.000006 0.000005 0.000005 0.000004 0.000003 0.000002 0.000001 0.000000 
50.000000 40.405850 31.365916 23.338524 16.617829 11.309631 7.351319 4.561962 2.702513 1.528568 0.825779 0.426323 0.210476 0.099448 0.045010 0.019535 0.008141 0.003265 0.001266 0.000480 0.000183 0.000075 0.000037 0.000025 0.000021 0.000019 0.000019 0.000019 0.000019 0.000019 0.000019 0.000019 0.000019 0.000019 0.000019 0.000019 0.000019 0.000019 0.000019 0.000018 0.000018 0.000018 0.000017 0.000016 0.000015 0.000013 0.000010 0.000007 0.000004 0.000000 
50.000000 40.405857 31.365930 23.338544 16.617855 11.309661 7.351351 4.561996 2.702549 1.528605 0.825816 0.426360 0.210513 0.099485 0.045048 0.019572 0.008179 0.003303 0.001304 0.000518 0.000221 0.000113 0.000075 0.000062 0.000058 0.000057 0.000057 0.000056 0.000056 0.000056 0.000056 0.000056 0.000056 0.000056 0.000056 0.000056 0.000056 0.000056 0.000056 0.000056 0.000055 0.000054 0.000052 0.000049 0.000045 0.000039 0.000031 0.000022 0.000011 0.000000 
50.000000 40.405878 31.365970 23.338602 16.617927 11.309744 7.351444 4.562095 2.702651 1.528709 0.825922 0.426467 0.210621 0.099593 0.045156 0.019680 0.008287 0.003411 0.001412 0.000625 0.000328 0.000221 0.000183 0.000170 0.000166 0.000165 0.000164 0.000164 0.000164 0.000164 0.000164 0.000164 0.000164 0.000164 0.000164 0.000164 0.000164 0.000164 0.000163 0.000162 0.000160 0.000157 0.000152 0.000143 0.000131 0.000114 0.000092 0.000064 0.000033 0.000000 
50.000000 40.405935 31.366082 23.338761 16.618126 11.309975 7.351698 4.562365 2.702933 1.528998 0.826214 0.426762 0.210916 0.099889 0.045452 0.019977 0.008584 0.003708 0.001709 0.000922 0.000625 0.000518 0.000480 0.000467 0.000463 0.000462 0.000461 0.000461 0.000461 0.000461 0.000461 0.000461 0.000461 0.000461 0.000461 0.000461 0.000461 0.000460 0.000459 0.000456 0.000451 0.000442 0.000427 0.000403 0.000369 0.000321 0.000258 0.000181 0.000094 0.000000 
50.000000 40.406087 31.366376 23.339182 16.618653 11.310585 7.352370 4.563081 2.703677 1.529760 0.826988 0.427542 0.211699 0.100674 0.046238 0.020763 0.009370 0.004494 0.002495 0.001709 0.001412 0.001304 0.001266 0.001253 0.001249 0.001248 0.001248 0.001248 0.001247 0.001247 0.001247 0.001247 0.001247 0.001247 0.001247 0.001247 0.001246 0.001244 0.001240 0.001233 0.001219 0.001195 0.001155 0.001093 0.000999 0.000870 0.000700 0.000493 0.000255 0.000000 
50.000000 40.406472 31.367124 23.340252 16.619991 11.312136 7.354078 4.564900 2.705570 1.531700 0.828955 0.429524 0.213691 0.102670 0.048235 0.022762 0.011369 0.006493 0.004494 0.003708 0.003411 0.003303 0.003265 0.003253 0.003249 0.003247 0.003247 0.003247 0.003247 0.003247 0.003247 0.003247 0.003247 0.003246 0.003246 0.003245 0.003243 0.003238 0.003229 0.003210 0.003175 0.003114 0.003011 0.002849 0.002608 0.002271 0.001829 0.001288 0.000666 0.000000 
50.000000 40.407411 31.368947 23.342860 16.623255 11.315917 7.358245 4.569337 2.710187 1.536430 0.833752 0.434360 0.218547 0.107536 0.053107 0.027636 0.016244 0.011369 0.009370 0.008584 0.008287 0.008179 0.008141 0.008129 0.008124 0.008123 0.008123 0.008123 0.008123 0.008123 0.008123 0.008123 0.008122 0.008122 0.008121 0.008119 0.008114 0.008102 0.008079 0.008033 0.007948 0.007797 0.007543 0.007141 0.006542 0.005702 0.004597 0.003238 0.001676 0.000000 
50.000000 40.409604 31.373206 23.348952 16.630880 11.324751 7.367978 4.579703 2.720973 1.547481 0.844962 0.445658 0.229893 0.118908 0.064491 0.039025 0.027636 0.022762 0.020763 0.019977 0.019680 0.019572 0.019535 0.019522 0.019518 0.019517 0.019516 0.019516 0.019516 0.019516 0.019516 0.019516 0.019516 0.019515 0.019512 0.019507 0.019495 0.019469 0.019415 0.019308 0.019108 0.018752 0.018152 0.017198 0.015769 0.013758 0.011104 0.007828 0.004053 0.000000 
50.000000 40.414507 31.382726 23.362569 16.647925 11.344498 7.389737 4.602877 2.745089 1.572189 0.870024 0.470921 0.255264 0.144334 0.089944 0.064491 0.053107 0.048235 0.046238 0.045452 0.045156 0.045048 0.045010 0.044997 0.044993 0.044992 0.044992 0.044991 0.044991 0.044991 0.044991 0.044991 0.044990 0.044988 0.044983 0.044972 0.044945 0.044888 0.044768 0.044530 0.044082 0.043280 0.041924 0.039756 0.036493 0.031877 0.025758 0.018177 0.009418 0.000000 
50.000000 40.424979 31.403062 23.391659 16.684336 11.386686 7.436226 4.652392 2.796616 1.624985 0.923577 0.524903 0.309478 0.198666 0.144334 0.118908 0.107536 0.102670 0.100674 0.099889 0.099593 0.099485 0.099448 0.099435 0.099431 0.099430 0.099429 0.099429 0.099429 0.099429 0.099429 0.099428 0.099427 0.099423 0.099413 0.099388 0.099333 0.099212 0.098958 0.098452 0.097495 0.095775 0.092847 0.088139 0.081010 0.070865 0.057345 0.040518 0.021013 0.000000 
50.000000 40.446328 31.444523 23.450969 16.758579 11.472711 7.531026 4.753366 2.901699 1.732657 1.032796 0.634999 0.420047 0.309478 0.255264 0.229893 0.218547 0.213691 0.211699 0.210916 0.210621 0.210513 0.210476 0.210463 0.210459 0.210458 0.210457 0.210457 0.210457 0.210457 0.210456 0.210455 0.210452 0.210444 0.210424 0.210376 0.210266 0.210023 0.209514 0.208493 0.206549 0.203033 0.197008 0.187256 0.172378 0.151060 0.122461 0.086664 0.044994 0.000000 
50.000000 40.487820 31.525101 23.566241 16.902878 11.639916 7.715295 4.949644 3.105972 1.941969 1.245119 0.849031 0.634999 0.524903 0.470921 0.445658 0.434360 0.429524 0.427542 0.426762 0.426467 0.426360 0.426323 0.426310 0.426306 0.426305 0.426304 0.426304 0.426304 0.426304 0.426303 0.426301 0.426295 0.426281 0.426243 0.426153 0.425945 0.425486 0.424515 0.422561 0.418814 0.411988 0.400203 0.380966 0.351368 0.308592 0.250737 0.177801 0.092439 0.000000 
50.000000 40.564582 31.674178 23.779510 17.169860 11.949294 8.056259 5.312844 3.483977 2.329309 1.638039 1.245119 1.032796 0.923577 0.870024 0.844962 0.833752 0.828955 0.826988 0.826214 0.825922 0.825816 0.825779 0.825766 0.825762 0.825761 0.825761 0.825761 0.825760 0.825760 0.825759 0.825755 0.825745 0.825719 0.825653 0.825494 0.825124 0.824303 0.822558 0.819020 0.812186 0.799636 0.777771 0.741731 0.685709 0.603888 0.492089 0.349861 0.182232 0.000000 
50.000000 40.699594 31.936385 24.154632 17.639477 12.493503 8.656054 5.951777 4.148977 3.010748 2.329309 1.941969 1.732657 1.624985 1.572189 1.547481 1.536430 1.531700 1.529760 1.528998 1.528709 1.528605 1.528568 1.528556 1.528552 1.528551 1.528550 1.528550 1.528550 1.528549 1.528547 1.528541 1.528525 1.528482 1.528373 1.528108 1.527489 1.526108 1.523155 1.517123 1.505374 1.483593 1.445247 1.381310 1.280681 1.131795 0.925723 0.660454 0.344878 0.000000 
50.000000 40.925057 32.374263 24.781092 18.423771 13.402405 9.657826 7.018953 5.259721 4.148977 3.483977 3.105972 2.901699 2.796616 2.745089 2.720973 2.710187 2.705570 2.703677 2.702933 2.702651 2.702549 2.702513 2.702501 2.702498 2.702496 2.702496 2.702496 2.702495 2.702494 2.702491 2.702482 2.702457 2.702390 2.702221 2.701809 2.700842 2.698667 2.693984 2.684341 2.665384 2.629860 2.566556 2.459556 2.288604 2.031563 1.669894 1.197025 0.627277 0.000000 
50.000000 41.282085 33.067668 25.773150 19.665809 14.841823 11.244375 8.709135 7.018953 5.951777 5.312844 4.949644 4.753366 4.652392 4.602877 4.579703 4.569337 4.564900 4.563081 4.562365 4.562095 4.561996 4.561962 4.561951 4.561947 4.561946 4.561945 4.561945 4.561944 4.561943 4.561938 4.561925 4.561889 4.561794 4.561551 4.560954 4.559545 4.556357 4.549441 4.535073 4.506530 4.452397 4.354568 4.186532 3.913131 3.493706 2.890862 2.086001 1.098771 0.000000 
50.000000 41.817542 34.107624 27.261052 21.528682 17.000801 13.624101 11.244375 9.657826 8.656054 8.056259 7.715295 7.531026 7.436226 7.389737 7.367978 7.358245 7.354078 7.352370 7.351698 7.351444 7.351351 7.351319 7.351308 7.351305 7.351304 7.351303 7.351303 7.351302 7.351300 7.351294 7.351277 7.351230 7.351103 7.350780 7.349981 7.348087 7.343770 7.334329 7.314528 7.274744 7.198270 7.057843 6.812051 6.403242 5.760103 4.809689 3.503897 1.860234 0.000000 
50.000000 42.577246 35.583128 29.372146 24.171861 20.064191 17.000801 14.841823 13.402405 12.493503 11.949294 11.639916 11.472711 11.386686 11.344498 11.324751 11.315917 11.312136 11.310585 11.309975 11.309744 11.309661 11.309631 11.309622 11.309618 11.309617 11.309617 11.309617 11.309616 11.309613 11.309606 11.309585 11.309528 11.309375 11.308982 11.308005 11.305676 11.300332 11.288548 11.263585 11.212822 11.113801 10.928692 10.597559 10.032095 9.114082 7.707087 5.695213 3.062516 0.000000 
50.000000 43.595859 37.561506 32.202775 27.715999 24.171861 21.528682 19.665809 18.423771 17.639477 17.169860 16.902878 16.758579 16.684336 16.647925 16.630880 16.623255 16.619991 16.618653 16.618126 16.617927 16.617855 16.617829 16.617821 16.617818 16.617817 16.617817 16.617816 16.617816 16.617813 16.617805 16.617783 16.617721 16.617554 16.617122 16.616048 16.613471 16.607519 16.594285 16.565973 16.507682 16.392207 16.172103 15.768579 15.057780 13.857999 11.928902 9.010223 4.953526 0.000000 
50.000000 44.885347 40.066005 35.786215 32.202775 29.372146 27.261052 25.773150 24.781092 24.154632 23.779510 23.566241 23.450969 23.391659 23.362569 23.348952 23.342860 23.340252 23.339182 23.338761 23.338602 23.338544 23.338524 23.338517 23.338515 23.338515 23.338514 23.338514 23.338513 23.338511 23.338503 23.338482 23.338422 23.338263 23.337848 23.336812 23.334313 23.328508 23.315504 23.287421 23.228908 23.111198 22.882288 22.451362 21.665058 20.273873 17.893108 13.989374 8.012241 0.000000 
50.000000 46.425390 43.057162 40.066005 37.561506 35.583128 34.107624 33.067668 32.374263 31.936385 31.674178 31.525101 31.444523 31.403062 31.382726 31.373206 31.368947 31.367124 31.366376 31.366082 31.365970 31.365930 31.365916 31.365911 31.365909 31.365909 31.365909 31.365909 31.365908 31.365906 31.365900 31.365883 31.365836 31.365709 31.365379 31.364550 31.362543 31.357859 31.347301 31.324317 31.275931 31.177238 30.981667 30.603727 29.887916 28.551283 26.076631 21.528581 13.356618 0.000000 
50.000000 48.159568 46.425390 44.885347 43.595859 42.577246 41.817542 41.282085 40.925057 40.699594 40.564582 40.487820 40.446328 40.424979 40.414507 40.409604 40.407411 40.406472 40.406087 40.405935 40.405878 40.405857 40.405850 40.405848 40.405847 40.405846 40.405846 40.405846 40.405846 40.405845 40.405842 40.405832 40.405806 40.405735 40.405551 40.405088 40.403966 40.401335 40.395381 40.382350 40.354716 40.297780 40.183314 39.957308 39.514730 38.642333 36.873107 33.068773 24.079784 0.000000 
50.000000 50.000000 50.000000 50.000000 50.000000 50.000000 50.000000 50.000000 50.000000 50.000000 50.000000 50.000000 50.000000 50.000000 50.000000 50.000000 50.000000 50.000000 50.000000 50.000000 50.000000 50.000000 50.000000 50.000000 50.000000 50.000000 50.000000 50.000000 50.000000 50.000000 50.000000 50.000000 50.000000 50.000000 50.000000 50.000000 50.000000 50.000000 50.000000 50.000000 50.000000 50.000000 50.000000 50.000000 50.000000 50.000000 50.000000 50.000000 50.000000 50.000000 
