50.000000 50.000000 50.000000 50.000000 50.000000 50.000000 50.000000 50.000000 50.000000 50.000000 50.000000 50.000000 50.000000 50.000000 50.000000 50.000000 50.000000 50.000000 50.000000 50.000000 50.000000 50.000000 50.000000 50.000000 50.000000 50.000000 50.000000 50.000000 50.000000 50.000000 50.000000 50.000000 50.000000 50.000000 50.000000 50.000000 50.000000 50.000000 50.000000 50.000000 50.000000 50.000000 50.000000 50.000000 50.000000 50.000000 50.000000 50.000000 50.000000 50.000000 
50.000000 47.584388 45.351709 43.443435 41.933734 40.826667 40.072903 39.595449 39.313482 39.157877 39.077449 39.038422 39.020602 39.012929 39.009806 39.008602 39.008162 39.008009 39.007958 39.007942 39.007937 39.007936 39.007936 39.007935 39.007935 39.007935 39.007935 39.007935 39.007935 39.007935 39.007935 39.007934 39.007931 39.007922 39.007891 39.007798 39.007526 39.006761 39.004706 38.999418 38.986368 38.955431 38.884733 38.728169 38.389210 37.661946 36.083202 32.512772 23.792194 0.000000 
50.000000 45.351709 41.055452 37.383468 34.478477 32.348279 30.897933 29.979270 29.436755 29.137377 28.982641 28.907559 28.873278 28.858518 28.852510 28.850195 28.849348 28.849054 28.848956 28.848925 28.848916 28.848913 28.848913 28.848912 28.848912 28.848912 28.848912 28.848912 28.848912 28.848912 28.848912 28.848910 28.848905 28.848889 28.848836 28.848674 28.848203 28.846885 28.843360 28.834340 28.812247 28.760412 28.643705 28.390860 27.861670 26.786383 24.654687 20.527726 12.838937 0.000000 
50.000000 43.443435 37.383468 32.204125 28.106716 25.102213 23.056666 21.761046 20.995955 20.573773 20.355576 20.249707 20.201372 20.180561 20.172092 20.168829 20.167635 20.167220 20.167082 20.167039 20.167026 20.167022 20.167021 20.167021 20.167021 20.167021 20.167021 20.167021 20.167020 20.167020 20.167020 20.167018 20.167012 20.166992 20.166929 20.166738 20.166182 20.164634 20.160521 20.150077 20.124764 20.066192 19.936772 19.663596 19.112550 18.050724 16.102063 12.728780 7.360233 0.000000 
50.000000 41.933734 34.478477 28.106716 23.066106 19.370107 16.853872 15.260201 14.319155 13.799910 13.531565 13.401373 13.341938 13.316350 13.305938 13.301926 13.300458 13.299948 13.299779 13.299726 13.299710 13.299705 13.299704 13.299703 13.299703 13.299703 13.299703 13.299703 13.299703 13.299703 13.299702 13.299701 13.299695 13.299676 13.299615 13.299431 13.298897 13.297422 13.293530 13.283738 13.260283 13.206818 13.090974 12.852676 12.388168 11.533053 10.055992 7.692094 4.271787 0.000000 
50.000000 40.826667 32.348279 25.102213 19.370107 15.167218 12.306015 10.493946 9.423999 8.833666 8.528603 8.380608 8.313051 8.283968 8.272135 8.267575 8.265908 8.265328 8.265136 8.265076 8.265057 8.265052 8.265051 8.265050 8.265050 8.265050 8.265050 8.265050 8.265050 8.265050 8.265049 8.265048 8.265043 8.265027 8.264976 8.264823 8.264383 8.263173 8.260006 8.252113 8.233429 8.191467 8.102222 7.922905 7.583609 6.981939 5.989663 4.486609 2.437457 0.000000 
50.000000 40.072903 30.897933 23.056666 16.853872 12.306015 9.210091 7.249459 6.091853 5.453191 5.123175 4.963085 4.890012 4.858556 4.845759 4.840829 4.839026 4.838399 4.838191 4.838126 4.838106 4.838100 4.838099 4.838098 4.838098 4.838098 4.838098 4.838098 4.838098 4.838098 4.838098 4.838097 4.838093 4.838081 4.838044 4.837931 4.837609 4.836731 4.834448 4.828813 4.815624 4.786408 4.725309 4.605045 4.383110 4.001195 3.393070 2.507074 1.344734 0.000000 
50.000000 39.595449 29.979270 21.761046 15.260201 10.493946 7.249459 5.194824 3.981769 3.312549 2.966761 2.799029 2.722473 2.689520 2.676115 2.670950 2.669062 2.668405 2.668188 2.668119 2.668098 2.668092 2.668091 2.668090 2.668090 2.668090 2.668090 2.668090 2.668090 2.668090 2.668090 2.668089 2.668087 2.668079 2.668054 2.667979 2.667768 2.667193 2.665710 2.662082 2.653679 2.635293 2.597412 2.524151 2.391724 2.169226 1.824274 1.335564 0.710716 0.000000 
50.000000 39.313482 29.436755 20.995955 14.319155 9.423999 6.091853 3.981769 2.736020 2.048789 1.693709 1.521478 1.442871 1.409038 1.395275 1.389972 1.388034 1.387360 1.387137 1.387067 1.387045 1.387039 1.387037 1.387037 1.387037 1.387037 1.387037 1.387037 1.387037 1.387037 1.387037 1.387036 1.387035 1.387030 1.387015 1.386970 1.386843 1.386500 1.385622 1.383490 1.378597 1.368010 1.346476 1.305445 1.232532 1.112337 0.929764 0.676343 0.358051 0.000000 
50.000000 39.157877 29.137377 20.573773 13.799910 8.833666 5.453191 3.312549 2.048789 1.351640 0.991447 0.816740 0.737006 0.702689 0.688730 0.683352 0.681386 0.680702 0.680476 0.680405 0.680383 0.680377 0.680375 0.680375 0.680375 0.680375 0.680374 0.680374 0.680374 0.680374 0.680374 0.680374 0.680373 0.680371 0.680362 0.680337 0.680267 0.680079 0.679600 0.678446 0.675820 0.670192 0.658870 0.637567 0.600236 0.539627 0.449008 0.325130 0.171509 0.000000 
50.000000 39.077449 28.982641 20.355576 13.531565 8.528603 5.123175 2.966761 1.693709 0.991447 0.628617 0.452636 0.372322 0.337756 0.323695 0.318279 0.316299 0.315610 0.315382 0.315310 0.315289 0.315282 0.315281 0.315280 0.315280 0.315280 0.315280 0.315280 0.315280 0.315280 0.315280 0.315280 0.315279 0.315278 0.315274 0.315261 0.315225 0.315130 0.314888 0.314309 0.313000 0.310220 0.304679 0.294362 0.276490 0.247826 0.205498 0.148301 0.078031 0.000000 
50.000000 39.038422 28.907559 20.249707 13.401373 8.380608 4.963085 2.799029 1.521478 0.816740 0.452636 0.276038 0.195444 0.160757 0.146648 0.141213 0.139226 0.138536 0.138307 0.138235 0.138213 0.138207 0.138205 0.138204 0.138204 0.138204 0.138204 0.138204 0.138204 0.138204 0.138204 0.138204 0.138204 0.138203 0.138201 0.138195 0.138178 0.138133 0.138019 0.137748 0.137140 0.135856 0.133319 0.128637 0.120602 0.107844 0.089186 0.064199 0.033716 0.000000 
50.000000 39.020602 28.873278 20.201372 13.341938 8.313051 4.890012 2.722473 1.442871 0.737006 0.372322 0.195444 0.114722 0.079981 0.065850 0.060406 0.058416 0.057725 0.057496 0.057423 0.057401 0.057395 0.057393 0.057393 0.057393 0.057393 0.057393 0.057393 0.057393 0.057393 0.057393 0.057393 0.057393 0.057392 0.057391 0.057389 0.057381 0.057361 0.057311 0.057192 0.056927 0.056371 0.055280 0.053281 0.049877 0.044516 0.036738 0.026393 0.013842 0.000000 
50.000000 39.012929 28.858518 20.180561 13.316350 8.283968 4.858556 2.689520 1.409038 0.702689 0.337756 0.160757 0.079981 0.045217 0.031076 0.025629 0.023637 0.022945 0.022716 0.022644 0.022622 0.022616 0.022614 0.022613 0.022613 0.022613 0.022613 0.022613 0.022613 0.022613 0.022613 0.022613 0.022613 0.022613 0.022613 0.022611 0.022608 0.022600 0.022579 0.022530 0.022422 0.022195 0.021752 0.020947 0.019585 0.017453 0.014379 0.010314 0.005403 0.000000 
50.000000 39.009806 28.852510 20.172092 13.305938 8.272135 4.845759 2.676115 1.395275 0.688730 0.323695 0.146648 0.065850 0.031076 0.016932 0.011483 0.009491 0.008799 0.008569 0.008497 0.008475 0.008469 0.008467 0.008467 0.008467 0.008466 0.008466 0.008466 0.008466 0.008466 0.008466 0.008466 0.008466 0.008466 0.008466 0.008466 0.008465 0.008461 0.008453 0.008434 0.008392 0.008305 0.008135 0.007828 0.007311 0.006507 0.005354 0.003836 0.002008 0.000000 
50.000000 39.008602 28.850195 20.168829 13.301926 8.267575 4.840829 2.670950 1.389972 0.683352 0.318279 0.141213 0.060406 0.025629 0.011483 0.006034 0.004041 0.003349 0.003120 0.003047 0.003026 0.003019 0.003017 0.003017 0.003017 0.003017 0.003017 0.003017 0.003017 0.003017 0.003017 0.003017 0.003017 0.003017 0.003017 0.003017 0.003016 0.003015 0.003012 0.003005 0.002990 0.002958 0.002896 0.002785 0.002599 0.002311 0.001899 0.001359 0.000711 0.000000 
50.000000 39.008162 28.849348 20.167635 13.300458 8.265908 4.839026 2.669062 1.388034 0.681386 0.316299 0.139226 0.058416 0.023637 0.009491 0.004041 0.002049 0.001357 0.001128 0.001055 0.001033 0.001027 0.001025 0.001025 0.001025 0.001025 0.001025 0.001025 0.001025 0.001025 0.001025 0.001025 0.001025 0.001025 0.001025 0.001025 0.001024 0.001024 0.001023 0.001020 0.001015 0.001004 0.000983 0.000945 0.000881 0.000783 0.000643 0.000460 0.000240 0.000000 
50.000000 39.008009 28.849054 20.167220 13.299948 8.265328 4.838399 2.668405 1.387360 0.680702 0.315610 0.138536 0.057725 0.022945 0.008799 0.003349 0.001357 0.000664 0.000435 0.000363 0.000341 0.000335 0.000333 0.000332 0.000332 0.000332 0.000332 0.000332 0.000332 0.000332 0.000332 0.000332 0.000332 0.000332 0.000332 0.000332 0.000332 0.000332 0.000332 0.000331 0.000329 0.000325 0.000318 0.000306 0.000285 0.000253 0.000208 0.000148 0.000078 0.000000 
50.000000 39.007958 28.848956 20.167082 13.299779 8.265136 4.838191 2.668188 1.387137 0.680476 0.315382 0.138307 0.057496 0.022716 0.008569 0.003120 0.001128 0.000435 0.000206 0.000133 0.000112 0.000105 0.000104 0.000103 0.000103 0.000103 0.000103 0.000103 0.000103 0.000103 0.000103 0.000103 0.000103 0.000103 0.000103 0.000103 0.000103 0.000103 0.000103 0.000103 0.000102 0.000101 0.000099 0.000095 0.000088 0.000078 0.000064 0.000046 0.000024 0.000000 
50.000000 39.007942 28.848925 20.167039 13.299726 8.265076 4.838126 2.668119 1.387067 0.680405 0.315310 0.138235 0.057423 0.022644 0.008497 0.003047 0.001055 0.000363 0.000133 0.000061 0.000039 0.000033 0.000031 0.000031 0.000031 0.000031 0.000031 0.000031 0.000031 0.000031 0.000031 0.000031 0.000031 0.000031 0.000031 0.000031 0.000031 0.000031 0.000030 0.000030 0.000030 0.000030 0.000029 0.000028 0.000026 0.000023 0.000019 0.000014 0.000007 0.000000 
50.000000 39.007937 28.848916 20.167026 13.299710 8.265057 4.838106 2.668098 1.387045 0.680383 0.315289 0.138213 0.057401 0.022622 0.008475 0.003026 0.001033 0.000341 0.000112 0.000039 0.000017 0.000011 0.000009 0.000009 0.000009 0.000009 0.000009 0.000009 0.000009 0.000009 0.000009 0.000009 0.000009 0.000009 0.000009 0.000009 0.000009 0.000009 0.000009 0.000009 0.000009 0.000009 0.000008 0.000008 0.000007 0.000007 0.000005 0.000004 0.000002 0.000000 
50.000000 39.007936 28.848913 20.167022 13.299705 8.265052 4.838100 2.668092 1.387039 0.680377 0.315282 0.138207 0.057395 0.022616 0.008469 0.003019 0.001027 0.000335 0.000105 0.000033 0.000011 0.000005 0.000003 0.000003 0.000002 0.000002 0.000002 0.000002 0.000002 0.000002 0.000002 0.000002 0.000002 0.000002 0.000002 0.000002 0.000002 0.000002 0.000002 0.000002 0.000002 0.000002 0.000002 0.000002 0.000002 0.000002 0.000001 0.000001 0.000001 0.000000 
50.000000 39.007936 28.848913 20.167021 13.299704 8.265051 4.838099 2.668091 1.387037 0.680375 0.315281 0.138205 0.057393 0.022614 0.008467 0.003017 0.001025 0.000333 0.000104 0.000031 0.000009 0.000003 0.000001 0.000001 0.000001 0.000001 0.000001 0.000001 0.000001 0.000001 0.000001 0.000001 0.000001 0.000001 0.000001 0.000001 0.000001 0.000001 0.000001 0.000001 0.000001 0.000001 0.000001 0.000001 0.000001 0.000000 0.000000 0.000000 0.000000 0.000000 
50.000000 39.007935 28.848912 20.167021 13.299703 8.265050 4.838098 2.668090 1.387037 0.680375 0.315280 0.138204 0.057393 0.022613 0.008467 0.003017 0.001025 0.000332 0.000103 0.000031 0.000009 0.000003 0.000001 0.000000 0.000000 0.000000 0.000000 0.000000 0.000000 0.000000 0.000000 0.000000 0.000000 0.000000 0.000000 0.000000 0.000000 0.000000 0.000000 0.000000 0.000000 0.000000 0.000000 0.000000 0.000000 0.000000 0.000000 0.000000 0.000000 0.000000 
50.000000 39.007935 28.848912 20.167021 13.299703 8.265050 4.838098 2.668090 1.387037 0.680375 0.315280 0.138204 0.057393 0.022613 0.008467 0.003017 0.001025 0.000332 0.000103 0.000031 0.000009 0.000002 0.000001 0.000000 0.000000 0.000000 0.000000 0.000000 0.000000 0.000000 0.000000 0.000000 0.000000 0.000000 0.000000 0.000000 0.000000 0.000000 0.000000 0.000000 0.000000 0.000000 0.000000 0.000000 0.000000 0.000000 0.000000 0.000000 0.000000 0.000000 
50.000000 39.007935 28.848912 20.167021 13.299703 8.265050 4.838098 2.668090 1.387037 0.680375 0.315280 0.138204 0.057393 0.022613 0.008467 0.003017 0.001025 0.000332 0.000103 0.000031 0.000009 0.000002 0.000001 0.000000 0.000000 0.000000 0.000000 0.000000 0.000000 0.000000 0.000000 0.000000 0.000000 0.000000 0.000000 0.000000 0.000000 0.000000 0.000000 0.000000 0.000000 0.000000 0.000000 0.000000 0.000000 0.000000 0.000000 0.000000 0.000000 0.000000 
50.000000 39.007935 28.848912 20.167021 13.299703 8.265050 4.838098 2.668090 1.387037 0.680375 0.315280 0.138204 0.057393 0.022613 0.008467 0.003017 0.001025 0.000332 0.000103 0.000031 0.000009 0.000003 0.000001 0.000000 0.000000 0.000000 0.000000 0.000000 0.000000 0.000000 0.000000 0.000000 0.000000 0.000000 0.000000 0.000000 0.000000 0.000000 0.000000 0.000000 0.000000 0.000000 0.000000 0.000000 0.000000 0.000000 0.000000 0.000000 0.000000 0.000000 
50.000000 39.007936 28.848913 20.167021 13.299704 8.265051 4.838099 2.668091 1.387037 0.680375 0.315281 0.138205 0.057393 0.022614 0.008467 0.003017 0.001025 0.000333 0.000104 0.000031 0.000009 0.000003 0.000001 0.000001 0.000001 0.000001 0.000001 0.000001 0.000001 0.000001 0.000001 0.000001 0.000001 0.000001 0.000001 0.000001 0.000001 0.000001 0.000001 0.000001 0.000001 0.000001 0.000001 0.000001 0.000001 0.000000 0.000000 0.000000 0.000000 0.000000 
50.000000 39.007936 28.848913 20.167022 13.299705 8.265052 4.838100 2.668092 1.387039 0.680377 0.315282 0.138207 0.057395 0.022616 0.008469 0.003019 0.001027 0.000335 0.000105 0.000033 0.000011 0.000005 0.000003 0.000003 0.000002 0.000002 0.000002 0.000002 0.000002 0.000002 0.000002 0.000002 0.000002 0.000002 0.000002 0.000002 0.000002 0.000002 0.000002 0.000002 0.000002 0.000002 0.000002 0.000002 0.000002 0.000002 0.000001 0.000001 0.000001 0.000000 
50.000000 39.007937 28.848916 20.167026 13.299710 8.265057 4.838106 2.668098 1.387045 0.680383 0.315289 0.138213 0.057401 0.022622 0.008475 0.003026 0.001033 0.000341 0.000112 0.000039 0.000017 0.000011 0.000009 0.000009 0.000009 0.000009 0.000009 0.000009 0.000009 0.000009 0.000009 0.000009 0.000009 0.000009 0.000009 0.000009 0.000009 0.000009 0.000009 0.000009 0.000009 0.000009 0.000008 0.000008 0.000007 0.000007 0.000005 0.000004 0.000002 0.000000 
50.000000 39.007942 28.848925 20.167039 13.299726 8.265076 4.838126 2.668119 1.387067 0.680405 0.315310 0.138235 0.057423 0.022644 0.008497 0.003047 0.001055 0.000363 0.000133 0.000061 0.000039 0.000033 0.000031 0.000031 0.000031 0.000031 0.000031 0.000031 0.000031 0.000031 0.000031 0.000031 0.000031 0.000031 0.000031 0.000031 0.000031 0.000031 0.000030 0.000030 0.000030 0.000030 0.000029 0.000028 0.000026 0.000023 0.000019 0.000014 0.000007 0.000000 
50.000000 39.007958 28.848956 20.167082 13.299779 8.265136 4.838191 2.668188 1.387137 0.680476 0.315382 0.138307 0.057496 0.022716 0.008569 0.003120 0.001128 0.000435 0.000206 0.000133 0.000112 0.000105 0.000104 0.000103 0.000103 0.000103 0.000103 0.000103 0.000103 0.000103 0.000103 0.000103 0.000103 0.000103 0.000103 0.000103 0.000103 0.000103 0.000103 0.000103 0.000102 0.000101 0.000099 0.000095 0.000088 0.000078 0.000064 0.000046 0.000024 0.000000 
50.000000 39.008009 28.849054 20.167220 13.299948 8.265328 4.838399 2.668405 1.387360 0.680702 0.315610 0.138536 0.057725 0.022945 0.008799 0.003349 0.001357 0.000664 0.000435 0.000363 0.000341 0.000335 0.000333 0.000332 0.000332 0.000332 0.000332 0.000332 0.000332 0.000332 0.000332 0.000332 0.000332 0.000332 0.000332 0.000332 0.000332 0.000332 0.000332 0.000331 0.000329 0.000325 0.000318 0.000306 0.000285 0.000253 0.000208 0.000148 0.000078 0.000000 
50.000000 39.008162 28.849348 20.167635 13.300458 8.265908 4.839026 2.669062 1.388034 0.681386 0.316299 0.139226 0.058416 0.023637 0.009491 0.004041 0.002049 0.001357 0.001128 0.001055 0.001033 0.001027 0.001025 0.001025 0.001025 0.001025 0.001025 0.001025 0.001025 0.001025 0.001025 0.001025 0.001025 0.001025 0.001025 0.001025 0.001024 0.001024 0.001023 0.001020 0.001015 0.001004 0.000983 0.000945 0.000881 0.000783 0.000643 0.000460 0.000240 0.000000 
50.000000 39.008602 28.850195 20.168829 13.301926 8.267575 4.840829 2.670950 1.389972 0.683352 0.318279 0.141213 0.060406 0.025629 0.011483 0.006034 0.004041 0.003349 0.003120 0.003047 0.003026 0.003019 0.003017 0.003017 0.003017 0.003017 0.003017 0.003017 0.003017 0.003017 0.003017 0.003017 0.003017 0.003017 0.003017 0.003017 0.003016 0.003015 0.003012 0.003005 0.002990 0.002958 0.002896 0.002785 0.002599 0.002311 0.001899 0.001359 0.000711 0.000000 
50.000000 39.009806 28.852510 20.172092 13.305938 8.272135 4.845759 2.676115 1.395275 0.688730 0.323695 0.146648 0.065850 0.031076 0.016932 0.011483 0.009491 0.008799 0.008569 0.008497 0.008475 0.008469 0.008467 0.008467 0.008467 0.008466 0.008466 0.008466 0.008466 0.008466 0.008466 0.008466 0.008466 0.008466 0.008466 0.008466 0.008465 0.008461 0.008453 0.008434 0.008392 0.008305 0.008135 0.007828 0.007311 0.006507 0.005354 0.003836 0.002008 0.000000 
50.000000 39.012929 28.858518 20.180561 13.316350 8.283968 4.858556 2.689520 1.409038 0.702689 0.337756 0.160757 0.079981 0.045217 0.031076 0.025629 0.023637 0.022945 0.022716 0.022644 0.022622 0.022616 0.022614 0.022613 0.022613 0.022613 0.022613 0.022613 0.022613 0.022613 0.022613 0.022613 0.022613 0.022613 0.022613 0.022611 0.022608 0.022600 0.022579 0.022530 0.022422 0.022195 0.021752 0.020947 0.019585 0.017453 0.014379 0.010314 0.005403 0.000000 
50.000000 39.020602 28.873278 20.201372 13.341938 8.313051 4.890012 2.722473 1.442871 0.737006 0.372322 0.195444 0.114722 0.079981 0.065850 0.060406 0.058416 0.057725 0.057496 0.057423 0.057401 0.057395 0.057393 0.057393 0.057393 0.057393 0.057393 0.057393 0.057393 0.057393 0.057393 0.057393 0.057393 0.057392 0.057391 0.057389 0.057381 0.057361 0.057311 0.057192 0.056927 0.056371 0.055280 0.053281 0.049877 0.044516 0.036738 0.026393 0.013842 0.000000 
50.000000 39.038422 28.907559 20.249707 13.401373 8.380608 4.963085 2.799029 1.521478 0.816740 0.452636 0.276038 0.195444 0.160757 0.146648 0.141213 0.139226 0.138536 0.138307 0.138235 0.138213 0.138207 0.138205 0.138204 0.138204 0.138204 0.138204 0.138204 0.138204 0.138204 0.138204 0.138204 0.138204 0.138203 0.138201 0.138195 0.138178 0.138133 0.138019 0.137748 0.137140 0.135856 0.133319 0.128637 0.120602 0.107844 0.089186 0.064199 0.033716 0.000000 
50.000000 39.077449 28.982641 20.355576 13.531565 8.528603 5.123175 2.966761 1.693709 0.991447 0.628617 0.452636 0.372322 0.337756 0.323695 0.318279 0.316299 0.315610 0.315382 0.315310 0.315289 0.315282 0.315281 0.315280 0.315280 0.315280 0.315280 0.315280 0.315280 0.315280 0.315280 0.315280 0.315279 0.315278 0.315274 0.315261 0.315225 0.315130 0.314888 0.314309 0.313000 0.310220 0.304679 0.294362 0.276490 0.247826 0.205498 0.148301 0.078031 0.000000 
50.000000 39.157877 29.137377 20.573773 13.799910 8.833666 5.453191 3.312549 2.048789 1.351640 0.991447 0.816740 0.737006 0.702689 0.688730 0.683352 0.681386 0.680702 0.680476 0.680405 0.680383 0.680377 0.680375 0.680375 0.680375 0.680375 0.680374 0.680374 0.680374 0.680374 0.680374 0.680374 0.680373 0.680371 0.680362 0.680337 0.680267 0.680079 0.679600 0.678446 0.675820 0.670192 0.658870 0.637567 0.600236 0.539627 0.449008 0.325130 0.171509 0.000000 
50.000000 39.313482 29.436755 20.995955 14.319155 9.423999 6.091853 3.981769 2.736020 2.048789 1.693709 1.521478 1.442871 1.409038 1.395275 1.389972 1.388034 1.387360 1.387137 1.387067 1.387045 1.387039 1.387037 1.387037 1.387037 1.387037 1.387037 1.387037 1.387037 1.387037 1.387037 1.387036 1.387035 1.387030 1.387015 1.386970 1.386843 1.386500 1.385622 1.383490 1.378597 1.368010 1.346476 1.305445 1.232532 1.112337 0.929764 0.676343 0.358051 0.000000 
50.000000 39.595449 29.979270 21.761046 15.260201 10.493946 7.249459 5.194824 3.981769 3.312549 2.966761 2.799029 2.722473 2.689520 2.676115 2.670950 2.669062 2.668405 2.668188 2.668119 2.668098 2.668092 2.668091 2.668090 2.668090 2.668090 2.668090 2.668090 2.668090 2.668090 2.668090 2.668089 2.668087 2.668079 2.668054 2.667979 2.667768 2.667193 2.665710 2.662082 2.653679 2.635293 2.597412 2.524151 2.391724 2.169226 1.824274 1.335564 0.710716 0.000000 
50.000000 40.072903 30.897933 23.056666 16.853872 12.306015 9.210091 7.249459 6.091853 5.453191 5.123175 4.963085 4.890012 4.858556 4.845759 4.840829 4.839026 4.838399 4.838191 4.838126 4.838106 4.838100 4.838099 4.838098 4.838098 4.838098 4.838098 4.838098 4.838098 4.838098 4.838098 4.838097 4.838093 4.838081 4.838044 4.837931 4.837609 4.836731 4.834448 4.828813 4.815624 4.786408 4.725309 4.605045 4.383110 4.001195 3.393070 2.507074 1.344734 0.000000 
50.000000 40.826667 32.348279 25.102213 19.370107 15.167218 12.306015 10.493946 9.423999 8.833666 8.528603 8.380608 8.313051 8.283968 8.272135 8.267575 8.265908 8.265328 8.265136 8.265076 8.265057 8.265052 8.265051 8.265050 8.265050 8.265050 8.265050 8.265050 8.265050 8.265050 8.265049 8.265048 8.265043 8.265027 8.264976 8.264823 8.264383 8.263173 8.260006 8.252113 8.233429 8.191467 8.102222 7.922905 7.583609 6.981939 5.989663 4.486609 2.437457 0.000000 
50.000000 41.933734 34.478477 28.106716 23.066106 19.370107 16.853872 15.260201 14.319155 13.799910 13.531565 13.401373 13.341938 13.316350 13.305938 13.301926 13.300458 13.299948 13.299779 13.299726 13.299710 13.299705 13.299704 13.299703 13.299703 13.299703 13.299703 13.299703 13.299703 13.299703 13.299702 13.299701 13.299695 13.299676 13.299615 13.299431 13.298897 13.297422 13.293530 13.283738 13.260283 13.206818 13.090974 12.852676 12.388168 11.533053 10.055992 7.692094 4.271787 0.000000 
50.000000 43.443435 37.383468 32.204125 28.106716 25.102213 23.056666 21.761046 20.995955 20.573773 20.355576 20.249707 20.201372 20.180561 20.172092 20.168829 20.167635 20.167220 20.167082 20.167039 20.167026 20.167022 20.167021 20.167021 20.167021 20.167021 20.167021 20.167021 20.167020 20.167020 20.167020 20.167018 20.167012 20.166992 20.166929 20.166738 20.166182 20.164634 20.160521 20.150077 20.124764 20.066192 19.936772 19.663596 19.112550 18.050724 16.102063 12.728780 7.360233 0.000000 
50.000000 45.351709 41.055452 37.383468 34.478477 32.348279 30.897933 29.979270 29.436755 29.137377 28.982641 28.907559 28.873278 28.858518 28.852510 28.850195 28.849348 28.849054 28.848956 28.848925 28.848916 28.848913 28.848913 28.848912 28.848912 28.848912 28.848912 28.848912 28.848912 28.848912 28.848912 28.848910 28.848905 28.848889 28.848836 28.848674 28.848203 28.846885 28.843360 28.834340 28.812247 28.760412 28.643705 28.390860 27.861670 26.786383 24.654687 20.527726 12.838937 0.000000 
50.000000 47.584388 45.351709 43.443435 41.933734 40.826667 40.072903 39.595449 39.313482 39.157877 39.077449 39.038422 39.020602 39.012929 39.009806 39.008602 39.008162 39.008009 39.007958 39.007942 39.007937 39.007936 39.007936 39.007935 39.007935 39.007935 39.007935 39.007935 39.007935 39.007935 39.007935 39.007934 39.007931 39.007922 39.007891 39.007798 39.007526 39.006761 39.004706 38.999418 38.986368 38.955431 38.884733 38.728169 38.389210 37.661946 36.083202 32.512772 23.792194 0.000000 
50.000000 50.000000 50.000000 50.000000 50.000000 50.000000 50.000000 50.000000 50.000000 50.000000 50.000000 50.000000 50.000000 50.000000 50.000000 50.000000 50.000000 50.000000 50.000000 50.000000 50.000000 50.000000 50.000000 50.000000 50.000000 50.000000 50.000000 50.000000 50.000000 50.000000 50.000000 50.000000 50.000000 50.000000 50.000000 50.000000 50.000000 50.000000 50.000000 50.000000 50.000000 50.000000 50.000000 50.000000 50.000000 50.000000 50.000000 50.000000 50.000000 50.000000 
