50.000000 50.000000 50.000000 50.000000 50.000000 50.000000 50.000000 50.000000 50.000000 50.000000 50.000000 50.000000 50.000000 50.000000 50.000000 50.000000 50.000000 50.000000 50.000000 50.000000 50.000000 50.000000 50.000000 50.000000 50.000000 50.000000 50.000000 50.000000 50.000000 50.000000 50.000000 50.000000 50.000000 50.000000 50.000000 50.000000 50.000000 50.000000 50.000000 50.000000 50.000000 50.000000 50.000000 50.000000 50.000000 50.000000 50.000000 50.000000 50.000000 50.000000 
50.000000 48.938013 47.911430 46.952117 46.085453 45.328421 44.688959 44.166524 43.753611 43.437818 43.204053 43.036511 42.920214 42.842003 42.791026 42.758811 42.739065 42.727321 42.720540 42.716738 42.714668 42.713571 42.713006 42.712723 42.712584 42.712515 42.712476 42.712443 42.712397 42.712308 42.712128 42.711767 42.711052 42.709670 42.707055 42.702214 42.693433 42.677814 42.650529 42.603626 42.524069 42.390414 42.166868 41.791844 41.153958 40.036312 37.972381 33.829501 24.469006 0.000000 
50.000000 47.911430 45.892488 44.005846 42.301415 40.812595 39.554996 38.527551 37.715498 37.094449 36.634719 36.305228 36.076517 35.922707 35.822455 35.759102 35.720269 35.697173 35.683839 35.676363 35.672290 35.670134 35.669024 35.668467 35.668193 35.668057 35.667982 35.667920 35.667831 35.667664 35.667326 35.666646 35.665303 35.662712 35.657817 35.648771 35.632403 35.603381 35.552882 35.466521 35.321048 35.078998 34.679714 34.023626 32.943431 31.149415 28.125323 22.946244 14.081929 0.000000 
50.000000 46.952117 44.005846 41.252644 38.765350 36.592705 34.757489 33.258142 32.073120 31.166833 30.495961 30.015146 29.681397 29.456950 29.310659 29.218212 29.161547 29.127846 29.108389 29.097479 29.091537 29.088391 29.086771 29.085958 29.085558 29.085361 29.085253 29.085166 29.085044 29.084817 29.084358 29.083438 29.081624 29.078130 29.071549 29.059424 29.037569 28.999001 28.932298 28.819104 28.630358 28.320549 27.818930 27.015971 25.742661 23.740570 20.626322 15.880523 8.979736 0.000000 
50.000000 46.085453 42.301415 38.765350 35.570812 32.780399 30.423368 28.497716 26.975768 25.811813 24.950209 24.332702 23.904074 23.615824 23.427948 23.309223 23.236452 23.193172 23.168185 23.154176 23.146545 23.142505 23.140424 23.139381 23.138869 23.138616 23.138480 23.138374 23.138231 23.137966 23.137434 23.136371 23.134281 23.130264 23.122725 23.108891 23.084079 23.040555 22.965841 22.840246 22.633326 22.298936 21.768469 20.942053 19.678255 17.785406 15.024781 11.151999 6.049142 0.000000 
50.000000 45.328421 40.812595 36.592705 32.780399 29.450383 26.637567 24.339561 22.523334 21.134329 20.106144 19.369256 18.857768 18.513798 18.289608 18.147937 18.061102 18.009459 17.979644 17.962928 17.953823 17.949002 17.946520 17.945275 17.944664 17.944365 17.944206 17.944087 17.943934 17.943655 17.943100 17.941993 17.939823 17.935667 17.927897 17.913707 17.888401 17.844314 17.769265 17.644399 17.441301 17.118318 16.616226 15.853837 14.725191 13.102144 10.850045 7.869164 4.174463 0.000000 
50.000000 44.688959 39.554996 34.757489 30.423368 26.637567 23.439775 20.827267 18.762490 17.183413 16.014542 15.176834 14.595371 14.204348 13.949494 13.788448 13.689739 13.631034 13.597143 13.578143 13.567793 13.562314 13.559492 13.558078 13.557385 13.557047 13.556870 13.556745 13.556592 13.556321 13.555785 13.554720 13.552640 13.548672 13.541286 13.527867 13.504081 13.462944 13.393528 13.279247 13.095730 12.808401 12.370142 11.719888 10.783730 9.481315 7.741518 5.531370 2.897116 0.000000 
50.000000 44.166524 38.527551 33.258142 28.497716 24.339561 20.827267 17.957839 15.690024 13.955685 12.671898 11.751841 11.113227 10.683776 10.403880 10.227011 10.118606 10.054136 10.016917 9.996051 9.984685 9.978668 9.975570 9.974018 9.973257 9.972888 9.972699 9.972572 9.972428 9.972180 9.971695 9.970736 9.968871 9.965327 9.958759 9.946892 9.925990 9.890107 9.830085 9.732288 9.577160 9.337790 8.978920 8.457125 7.723334 6.729247 5.439212 3.847837 1.999657 0.000000 
50.000000 43.753611 37.715498 32.073120 26.975768 22.523334 18.762490 15.690024 13.261759 11.404730 10.030139 9.045015 8.361246 7.901435 7.601755 7.412388 7.296324 7.227300 7.187453 7.165114 7.152946 7.146505 7.143188 7.141526 7.140713 7.140321 7.140123 7.139999 7.139868 7.139653 7.139239 7.138423 7.136844 7.133856 7.128345 7.118443 7.101111 7.071573 7.022583 6.943546 6.819604 6.630880 6.352234 5.954089 5.405015 4.676832 3.752571 2.636500 1.363196 0.000000 
50.000000 43.437818 37.094449 31.166833 25.811813 21.134329 17.183413 13.955685 11.404730 9.453889 8.009870 6.975000 6.256709 5.773690 5.458888 5.259967 5.138051 5.065547 5.023691 5.000226 4.987446 4.980680 4.977197 4.975452 4.974599 4.974189 4.973986 4.973865 4.973751 4.973573 4.973236 4.972578 4.971308 4.968916 4.964527 4.956681 4.943033 4.919937 4.881939 4.821199 4.726944 4.585126 4.378525 4.087683 3.693027 3.178486 2.536475 1.773401 0.913749 0.000000 
50.000000 43.204053 36.634719 30.495961 24.950209 20.106144 16.014542 12.671898 10.030139 8.009870 6.514472 5.442790 4.698957 4.198766 3.872777 3.666789 3.540543 3.465465 3.422125 3.397827 3.384594 3.377588 3.373982 3.372175 3.371293 3.370870 3.370664 3.370549 3.370451 3.370309 3.370047 3.369540 3.368566 3.366741 3.363406 3.357477 3.347223 3.329988 3.301844 3.257236 3.188671 3.086593 2.939610 2.735295 2.461745 2.109963 1.676857 1.168198 0.600426 0.000000 
50.000000 43.036511 36.305228 30.015146 24.332702 19.369256 15.176834 11.751841 9.045015 6.975000 5.442790 4.344737 3.582605 3.070114 2.736112 2.525063 2.395717 2.318796 2.274392 2.249499 2.235941 2.228764 2.225070 2.223219 2.222316 2.221884 2.221677 2.221567 2.221483 2.221373 2.221178 2.220804 2.220090 2.218757 2.216332 2.212043 2.204667 2.192347 2.172368 2.140947 2.093060 2.022432 1.921756 1.783306 1.599991 1.366861 1.082848 0.752346 0.385982 0.000000 
50.000000 42.920214 36.076517 29.681397 23.904074 18.857768 14.595371 11.113227 8.361246 6.256709 4.698957 3.582605 2.807779 2.286755 1.947194 1.732636 1.601139 1.522940 1.477799 1.452493 1.438710 1.431414 1.427659 1.425778 1.424860 1.424422 1.424215 1.424109 1.424038 1.423955 1.423814 1.423549 1.423047 1.422113 1.420421 1.417443 1.412349 1.403889 1.390258 1.368969 1.336772 1.289672 1.223119 1.132427 1.013454 0.863520 0.682396 0.473136 0.242401 0.000000 
50.000000 42.842003 35.922707 29.456950 23.615824 18.513798 14.204348 10.683776 7.901435 5.773690 4.198766 3.070114 2.286755 1.759996 1.416701 1.199783 1.066842 0.987785 0.942148 0.916565 0.902631 0.895256 0.891459 0.889558 0.888631 0.888189 0.887981 0.887880 0.887818 0.887755 0.887658 0.887477 0.887137 0.886508 0.885373 0.883384 0.879998 0.874405 0.865447 0.851543 0.830657 0.800324 0.757786 0.700267 0.625396 0.531745 0.419381 0.290304 0.148571 0.000000 
50.000000 42.791026 35.822455 29.310659 23.427948 18.289608 13.949494 10.403880 7.601755 5.458888 3.872777 2.736112 1.947194 1.416701 1.070973 0.852520 0.718637 0.639022 0.593063 0.567299 0.553267 0.545839 0.542016 0.540102 0.539168 0.538724 0.538517 0.538418 0.538363 0.538316 0.538250 0.538131 0.537909 0.537500 0.536767 0.535487 0.533317 0.529751 0.524069 0.515300 0.502207 0.483312 0.456988 0.421628 0.375901 0.319057 0.251236 0.173685 0.088812 0.000000 
50.000000 42.758811 35.759102 29.218212 23.309223 18.147937 13.788448 10.227011 7.412388 5.259968 3.666789 2.525063 1.732636 1.199784 0.852520 0.633097 0.498621 0.418652 0.372490 0.346612 0.332518 0.325058 0.321218 0.319295 0.318358 0.317912 0.317705 0.317608 0.317558 0.317522 0.317478 0.317402 0.317262 0.317006 0.316548 0.315753 0.314411 0.312214 0.308731 0.303383 0.295441 0.284043 0.268252 0.247162 0.220040 0.186499 0.146664 0.101285 0.051756 0.000000 
50.000000 42.739065 35.720269 29.161547 23.236453 18.061102 13.689739 10.118606 7.296324 5.138051 3.540543 2.395717 1.601139 1.066842 0.718638 0.498621 0.363782 0.283597 0.237310 0.211363 0.197231 0.189751 0.185900 0.183972 0.183033 0.182586 0.182379 0.182284 0.182238 0.182209 0.182179 0.182131 0.182046 0.181891 0.181615 0.181138 0.180335 0.179026 0.176960 0.173803 0.169135 0.162469 0.153280 0.141067 0.125435 0.106188 0.083417 0.057558 0.029395 0.000000 
50.000000 42.727321 35.697174 29.127846 23.193173 18.009459 13.631035 10.054137 7.227301 5.065548 3.465466 2.318797 1.522941 0.987786 0.639022 0.418653 0.283597 0.203285 0.156924 0.130935 0.116781 0.109288 0.105432 0.103501 0.102560 0.102113 0.101906 0.101812 0.101768 0.101744 0.101723 0.101694 0.101643 0.101553 0.101392 0.101114 0.100649 0.099895 0.098707 0.096900 0.094240 0.090458 0.085267 0.078396 0.069637 0.058893 0.046222 0.031870 0.016269 0.000000 
50.000000 42.720540 35.683840 29.108389 23.168187 17.979645 13.597145 10.016919 7.187455 5.023693 3.422126 2.274394 1.477801 0.942150 0.593065 0.372492 0.237312 0.156925 0.110522 0.084509 0.070342 0.062843 0.058983 0.057050 0.056108 0.055661 0.055454 0.055361 0.055318 0.055297 0.055282 0.055264 0.055235 0.055183 0.055092 0.054936 0.054675 0.054253 0.053592 0.052588 0.051117 0.049033 0.046184 0.042427 0.037654 0.031817 0.024953 0.017195 0.008774 0.000000 
50.000000 42.716739 35.676364 29.097482 23.154179 17.962931 13.578146 9.996055 7.165118 5.000231 3.397832 2.249504 1.452497 0.916570 0.567304 0.346617 0.211367 0.130939 0.084512 0.058486 0.044311 0.036808 0.032947 0.031013 0.030071 0.029624 0.029417 0.029323 0.029281 0.029262 0.029250 0.029239 0.029223 0.029194 0.029144 0.029059 0.028917 0.028688 0.028330 0.027790 0.026999 0.025884 0.024363 0.022365 0.019834 0.016747 0.013126 0.009040 0.004611 0.000000 
50.000000 42.714669 35.672294 29.091542 23.146552 17.953831 13.567802 9.984695 7.152957 4.987457 3.384605 2.235953 1.438722 0.902643 0.553279 0.332530 0.197243 0.116792 0.070352 0.044319 0.030141 0.022635 0.018772 0.016838 0.015896 0.015449 0.015242 0.015149 0.015107 0.015089 0.015079 0.015072 0.015062 0.015047 0.015020 0.014975 0.014900 0.014779 0.014591 0.014308 0.013896 0.013315 0.012525 0.011490 0.010183 0.008593 0.006731 0.004634 0.002363 0.000000 
50.000000 42.713576 35.670143 29.088404 23.142522 17.949022 13.562336 9.978693 7.146531 4.980707 3.377616 2.228793 1.431443 0.895285 0.545869 0.325087 0.189780 0.109317 0.062870 0.036833 0.022653 0.015147 0.011283 0.009349 0.008406 0.007959 0.007752 0.007659 0.007618 0.007600 0.007591 0.007586 0.007581 0.007572 0.007559 0.007535 0.007497 0.007435 0.007338 0.007194 0.006984 0.006689 0.006289 0.005766 0.005107 0.004307 0.003372 0.002321 0.001183 0.000000 
50.000000 42.713017 35.669045 29.086801 23.140464 17.946567 13.559545 9.975628 7.143250 4.977262 3.374049 2.225138 1.427728 0.891529 0.542086 0.321288 0.185970 0.105502 0.059051 0.033012 0.018831 0.011324 0.007460 0.005526 0.004583 0.004136 0.003929 0.003836 0.003795 0.003777 0.003769 0.003765 0.003762 0.003757 0.003750 0.003738 0.003719 0.003687 0.003639 0.003566 0.003461 0.003313 0.003114 0.002853 0.002526 0.002129 0.001667 0.001146 0.000584 0.000000 
50.000000 42.712748 35.668516 29.086029 23.139472 17.945384 13.558201 9.974152 7.141670 4.975602 3.372330 2.223377 1.425938 0.889719 0.540264 0.319458 0.184135 0.103664 0.057212 0.031172 0.016990 0.009483 0.005619 0.003684 0.002741 0.002294 0.002087 0.001994 0.001953 0.001936 0.001928 0.001924 0.001922 0.001920 0.001916 0.001910 0.001899 0.001883 0.001858 0.001820 0.001766 0.001690 0.001588 0.001454 0.001287 0.001084 0.000848 0.000583 0.000297 0.000000 
50.000000 42.712641 35.668304 29.085721 23.139076 17.944911 13.557663 9.973562 7.141038 4.974938 3.371643 2.222673 1.425222 0.888996 0.539536 0.318726 0.183402 0.102929 0.056476 0.030436 0.016254 0.008747 0.004883 0.002948 0.002005 0.001558 0.001351 0.001258 0.001217 0.001200 0.001192 0.001189 0.001187 0.001185 0.001183 0.001179 0.001172 0.001162 0.001146 0.001123 0.001089 0.001042 0.000978 0.000896 0.000792 0.000667 0.000522 0.000359 0.000183 0.000000 
50.000000 42.712641 35.668304 29.085721 23.139076 17.944911 13.557663 9.973562 7.141038 4.974938 3.371643 2.222673 1.425222 0.888996 0.539536 0.318726 0.183402 0.102929 0.056476 0.030436 0.016254 0.008747 0.004883 0.002948 0.002005 0.001558 0.001351 0.001258 0.001217 0.001200 0.001192 0.001189 0.001187 0.001185 0.001183 0.001179 0.001172 0.001162 0.001146 0.001123 0.001089 0.001042 0.000978 0.000896 0.000792 0.000667 0.000522 0.000359 0.000183 0.000000 
50.000000 42.712748 35.668516 29.086029 23.139472 17.945384 13.558201 9.974152 7.141670 4.975602 3.372330 2.223377 1.425938 0.889719 0.540264 0.319458 0.184135 0.103664 0.057212 0.031172 0.016990 0.009483 0.005619 0.003684 0.002741 0.002294 0.002087 0.001994 0.001953 0.001936 0.001928 0.001924 0.001922 0.001920 0.001916 0.001910 0.001899 0.001883 0.001858 0.001820 0.001766 0.001690 0.001588 0.001454 0.001287 0.001084 0.000848 0.000583 0.000297 0.000000 
50.000000 42.713017 35.669045 29.086801 23.140464 17.946567 13.559545 9.975628 7.143250 4.977262 3.374049 2.225138 1.427728 0.891529 0.542086 0.321288 0.185970 0.105502 0.059051 0.033012 0.018831 0.011324 0.007460 0.005526 0.004583 0.004136 0.003929 0.003836 0.003795 0.003777 0.003769 0.003765 0.003762 0.003757 0.003750 0.003738 0.003719 0.003687 0.003639 0.003566 0.003461 0.003313 0.003114 0.002853 0.002526 0.002129 0.001667 0.001146 0.000584 0.000000 
50.000000 42.713576 35.670143 29.088404 23.142522 17.949022 13.562336 9.978693 7.146531 4.980707 3.377616 2.228793 1.431443 0.895285 0.545869 0.325087 0.189780 0.109317 0.062870 0.036833 0.022653 0.015147 0.011283 0.009349 0.008406 0.007959 0.007752 0.007659 0.007618 0.007600 0.007591 0.007586 0.007581 0.007572 0.007559 0.007535 0.007497 0.007435 0.007338 0.007194 0.006984 0.006689 0.006289 0.005766 0.005107 0.004307 0.003372 0.002321 0.001183 0.000000 
50.000000 42.714669 35.672294 29.091542 23.146552 17.953831 13.567802 9.984695 7.152957 4.987457 3.384605 2.235953 1.438722 0.902643 0.553279 0.332530 0.197243 0.116792 0.070352 0.044319 0.030141 0.022635 0.018772 0.016838 0.015896 0.015449 0.015242 0.015149 0.015107 0.015089 0.015079 0.015072 0.015062 0.015047 0.015020 0.014975 0.014900 0.014779 0.014591 0.014308 0.013896 0.013315 0.012525 0.011490 0.010183 0.008593 0.006731 0.004634 0.002363 0.000000 
50.000000 42.716739 35.676364 29.097482 23.154179 17.962931 13.578146 9.996055 7.165118 5.000231 3.397832 2.249504 1.452497 0.916570 0.567304 0.346617 0.211367 0.130939 0.084512 0.058486 0.044311 0.036808 0.032947 0.031013 0.030071 0.029624 0.029417 0.029323 0.029281 0.029262 0.029250 0.029239 0.029223 0.029194 0.029144 0.029059 0.028917 0.028688 0.028330 0.027790 0.026999 0.025884 0.024363 0.022365 0.019834 0.016747 0.013126 0.009040 0.004611 0.000000 
50.000000 42.720540 35.683840 29.108389 23.168187 17.979645 13.597145 10.016919 7.187455 5.023693 3.422126 2.274394 1.477801 0.942150 0.593065 0.372492 0.237312 0.156925 0.110522 0.084509 0.070342 0.062843 0.058983 0.057050 0.056108 0.055661 0.055454 0.055361 0.055318 0.055297 0.055282 0.055264 0.055235 0.055183 0.055092 0.054936 0.054675 0.054253 0.053592 0.052588 0.051117 0.049033 0.046184 0.042427 0.037654 0.031817 0.024953 0.017195 0.008774 0.000000 
50.000000 42.727321 35.697174 29.127846 23.193173 18.009459 13.631035 10.054137 7.227301 5.065548 3.465466 2.318797 1.522941 0.987786 0.639022 0.418653 0.283597 0.203285 0.156924 0.130935 0.116781 0.109288 0.105432 0.103501 0.102560 0.102113 0.101906 0.101812 0.101768 0.101744 0.101723 0.101694 0.101643 0.101553 0.101392 0.101114 0.100649 0.099895 0.098707 0.096900 0.094240 0.090458 0.085267 0.078396 0.069637 0.058893 0.046222 0.031870 0.016269 0.000000 
50.000000 42.739065 35.720269 29.161547 23.236453 18.061102 13.689739 10.118606 7.296324 5.138051 3.540543 2.395717 1.601139 1.066842 0.718638 0.498621 0.363782 0.283597 0.237310 0.211363 0.197231 0.189751 0.185900 0.183972 0.183033 0.182586 0.182379 0.182284 0.182238 0.182209 0.182179 0.182131 0.182046 0.181891 0.181615 0.181138 0.180335 0.179026 0.176960 0.173803 0.169135 0.162469 0.153280 0.141067 0.125435 0.106188 0.083417 0.057558 0.029395 0.000000 
50.000000 42.758811 35.759102 29.218212 23.309223 18.147937 13.788448 10.227011 7.412388 5.259968 3.666789 2.525063 1.732636 1.199784 0.852520 0.633097 0.498621 0.418652 0.372490 0.346612 0.332518 0.325058 0.321218 0.319295 0.318358 0.317912 0.317705 0.317608 0.317558 0.317522 0.317478 0.317402 0.317262 0.317006 0.316548 0.315753 0.314411 0.312214 0.308731 0.303383 0.295441 0.284043 0.268252 0.247162 0.220040 0.186499 0.146664 0.101285 0.051756 0.000000 
50.000000 42.791026 35.822455 29.310659 23.427948 18.289608 13.949494 10.403880 7.601755 5.458888 3.872777 2.736112 1.947194 1.416701 1.070973 0.852520 0.718637 0.639022 0.593063 0.567299 0.553267 0.545839 0.542016 0.540102 0.539168 0.538724 0.538517 0.538418 0.538363 0.538316 0.538250 0.538131 0.537909 0.537500 0.536767 0.535487 0.533317 0.529751 0.524069 0.515300 0.502207 0.483312 0.456988 0.421628 0.375901 0.319057 0.251236 0.173685 0.088812 0.000000 
50.000000 42.842003 35.922707 29.456950 23.615824 18.513798 14.204348 10.683776 7.901435 5.773690 4.198766 3.070114 2.286755 1.759996 1.416701 1.199783 1.066842 0.987785 0.942148 0.916565 0.902631 0.895256 0.891459 0.889558 0.888631 0.888189 0.887981 0.887880 0.887818 0.887755 0.887658 0.887477 0.887137 0.886508 0.885373 0.883384 0.879998 0.874405 0.865447 0.851543 0.830657 0.800324 0.757786 0.700267 0.625396 0.531745 0.419381 0.290304 0.148571 0.000000 
50.000000 42.920214 36.076517 29.681397 23.904074 18.857768 14.595371 11.113227 8.361246 6.256709 4.698957 3.582605 2.807779 2.286755 1.947194 1.732636 1.601139 1.522940 1.477799 1.452493 1.438710 1.431414 1.427659 1.425778 1.424860 1.424422 1.424215 1.424109 1.424038 1.423955 1.423814 1.423549 1.423047 1.422113 1.420421 1.417443 1.412349 1.403889 1.390258 1.368969 1.336772 1.289672 1.223119 1.132427 1.013454 0.863520 0.682396 0.473136 0.242401 0.000000 
50.000000 43.036511 36.305228 30.015146 24.332702 19.369256 15.176834 11.751841 9.045015 6.975000 5.442790 4.344737 3.582605 3.070114 2.736112 2.525063 2.395717 2.318796 2.274392 2.249499 2.235941 2.228764 2.225070 2.223219 2.222316 2.221884 2.221677 2.221567 2.221483 2.221373 2.221178 2.220804 2.220090 2.218757 2.216332 2.212043 2.204667 2.192347 2.172368 2.140947 2.093060 2.022432 1.921756 1.783306 1.599991 1.366861 1.082848 0.752346 0.385982 0.000000 
50.000000 43.204053 36.634719 30.495961 24.950209 20.106144 16.014542 12.671898 10.030139 8.009870 6.514472 5.442790 4.698957 4.198766 3.872777 3.666789 3.540543 3.465465 3.422125 3.397827 3.384594 3.377588 3.373982 3.372175 3.371293 3.370870 3.370664 3.370549 3.370451 3.370309 3.370047 3.369540 3.368566 3.366741 3.363406 3.357477 3.347223 3.329988 3.301844 3.257236 3.188671 3.086593 2.939610 2.735295 2.461745 2.109963 1.676857 1.168198 0.600426 0.000000 
50.000000 43.437818 37.094449 31.166833 25.811813 21.134329 17.183413 13.955685 11.404730 9.453889 8.009870 6.975000 6.256709 5.773690 5.458888 5.259967 5.138051 5.065547 5.023691 5.000226 4.987446 4.980680 4.977197 4.975452 4.974599 4.974189 4.973986 4.973865 4.973751 4.973573 4.973236 4.972578 4.971308 4.968916 4.964527 4.956681 4.943033 4.919937 4.881939 4.821199 4.726944 4.585126 4.378525 4.087683 3.693027 3.178486 2.536475 1.773401 0.913749 0.000000 
50.000000 43.753611 37.715498 32.073120 26.975768 22.523334 18.762490 15.690024 13.261759 11.404730 10.030139 9.045015 8.361246 7.901435 7.601755 7.412388 7.296324 7.227300 7.187453 7.165114 7.152946 7.146505 7.143188 7.141526 7.140713 7.140321 7.140123 7.139999 7.139868 7.139653 7.139239 7.138423 7.136844 7.133856 7.128345 7.118443 7.101111 7.071573 7.022583 6.943546 6.819604 6.630880 6.352234 5.954089 5.405015 4.676832 3.752571 2.636500 1.363196 0.000000 
50.000000 44.166524 38.527551 33.258142 28.497716 24.339561 20.827267 17.957839 15.690024 13.955685 12.671898 11.751841 11.113227 10.683776 10.403880 10.227011 10.118606 10.054136 10.016917 9.996051 9.984685 9.978668 9.975570 9.974018 9.973257 9.972888 9.972699 9.972572 9.972428 9.972180 9.971695 9.970736 9.968871 9.965327 9.958759 9.946892 9.925990 9.890107 9.830085 9.732288 9.577160 9.337790 8.978920 8.457125 7.723334 6.729247 5.439212 3.847837 1.999657 0.000000 
50.000000 44.688959 39.554996 34.757489 30.423368 26.637567 23.439775 20.827267 18.762490 17.183413 16.014542 15.176834 14.595371 14.204348 13.949494 13.788448 13.689739 13.631034 13.597143 13.578143 13.567793 13.562314 13.559492 13.558078 13.557385 13.557047 13.556870 13.556745 13.556592 13.556321 13.555785 13.554720 13.552640 13.548672 13.541286 13.527867 13.504081 13.462944 13.393528 13.279247 13.095730 12.808401 12.370142 11.719888 10.783730 9.481315 7.741518 5.531370 2.897116 0.000000 
50.000000 45.328421 40.812595 36.592705 32.780399 29.450383 26.637567 24.339561 22.523334 21.134329 20.106144 19.369256 18.857768 18.513798 18.289608 18.147937 18.061102 18.009459 17.979644 17.962928 17.953823 17.949002 17.946520 17.945275 17.944664 17.944365 17.944206 17.944087 17.943934 17.943655 17.943100 17.941993 17.939823 17.935667 17.927897 17.913707 17.888401 17.844314 17.769265 17.644399 17.441301 17.118318 16.616226 15.853837 14.725191 13.102144 10.850045 7.869164 4.174463 0.000000 
50.000000 46.085453 42.301415 38.765350 35.570812 32.780399 30.423368 28.497716 26.975768 25.811813 24.950209 24.332702 23.904074 23.615824 23.427948 23.309223 23.236452 23.193172 23.168185 23.154176 23.146545 23.142505 23.140424 23.139381 23.138869 23.138616 23.138480 23.138374 23.138231 23.137966 23.137434 23.136371 23.134281 23.130264 23.122725 23.108891 23.084079 23.040555 22.965841 22.840246 22.633326 22.298936 21.768469 20.942053 19.678255 17.785406 15.024781 11.151999 6.049142 0.000000 
50.000000 46.952117 44.005846 41.252644 38.765350 36.592705 34.757489 33.258142 32.073120 31.166833 30.495961 30.015146 29.681397 29.456950 29.310659 29.218212 29.161547 29.127846 29.108389 29.097479 29.091537 29.088391 29.086771 29.085958 29.085558 29.085361 29.085253 29.085166 29.085044 29.084817 29.084358 29.083438 29.081624 29.078130 29.071549 29.059424 29.037569 28.999001 28.932298 28.819104 28.630358 28.320549 27.818930 27.015971 25.742661 23.740570 20.626322 15.880523 8.979736 0.000000 
50.000000 47.911430 45.892488 44.005846 42.301415 40.812595 39.554996 38.527551 37.715498 37.094449 36.634719 36.305228 36.076517 35.922707 35.822455 35.759102 35.720269 35.697173 35.683839 35.676363 35.672290 35.670134 35.669024 35.668467 35.668193 35.668057 35.667982 35.667920 35.667831 35.667664 35.667326 35.666646 35.665303 35.662712 35.657817 35.648771 35.632403 35.603381 35.552882 35.466521 35.321048 35.078998 34.679714 34.023626 32.943431 31.149415 28.125323 22.946244 14.081929 0.000000 
50.000000 48.938013 47.911430 46.952117 46.085453 45.328421 44.688959 44.166524 43.753611 43.437818 43.204053 43.036511 42.920214 42.842003 42.791026 42.758811 42.739065 42.727321 42.720540 42.716738 42.714668 42.713571 42.713006 42.712723 42.712584 42.712515 42.712476 42.712443 42.712397 42.712308 42.712128 42.711767 42.711052 42.709670 42.707055 42.702214 42.693433 42.677814 42.650529 42.603626 42.524069 42.390414 42.166868 41.791844 41.153958 40.036312 37.972381 33.829501 24.469006 0.000000 
50.000000 50.000000 50.000000 50.000000 50.000000 50.000000 50.000000 50.000000 50.000000 50.000000 50.000000 50.000000 50.000000 50.000000 50.000000 50.000000 50.000000 50.000000 50.000000 50.000000 50.000000 50.000000 50.000000 50.000000 50.000000 50.000000 50.000000 50.000000 50.000000 50.000000 50.000000 50.000000 50.000000 50.000000 50.000000 50.000000 50.000000 50.000000 50.000000 50.000000 50.000000 50.000000 50.000000 50.000000 50.000000 50.000000 50.000000 50.000000 50.000000 50.000000 
