50.000000 50.000000 50.000000 50.000000 50.000000 50.000000 50.000000 50.000000 50.000000 50.000000 50.000000 50.000000 50.000000 50.000000 50.000000 50.000000 50.000000 50.000000 50.000000 50.000000 50.000000 50.000000 50.000000 50.000000 50.000000 50.000000 50.000000 50.000000 50.000000 50.000000 50.000000 50.000000 50.000000 50.000000 50.000000 50.000000 50.000000 50.000000 50.000000 50.000000 50.000000 50.000000 50.000000 50.000000 50.000000 50.000000 50.000000 50.000000 50.000000 50.000000 
50.000000 48.486717 47.045293 45.737364 44.606539 43.674636 42.942324 42.393291 42.000338 41.731671 41.556066 41.446254 41.380503 41.342774 41.322010 41.311039 41.305470 41.302750 41.301473 41.300894 41.300642 41.300535 41.300492 41.300475 41.300469 41.300466 41.300465 41.300464 41.300461 41.300455 41.300438 41.300397 41.300297 41.300059 41.299514 41.298302 41.295687 41.290205 41.279036 41.256885 41.214015 41.132800 40.981467 40.702179 40.186384 39.218414 37.330784 33.387320 24.243359 0.000000 
50.000000 47.045293 44.230896 41.677155 39.469216 37.649684 36.219859 35.147888 34.380665 33.856109 33.513254 33.298858 33.170488 33.096828 33.056289 33.034871 33.023997 33.018689 33.016194 33.015065 33.014572 33.014365 33.014280 33.014247 33.014234 33.014229 33.014227 33.014225 33.014221 33.014209 33.014179 33.014103 33.013919 33.013483 33.012488 33.010277 33.005519 32.995578 32.975406 32.935611 32.859144 32.715706 32.452196 31.976074 31.125353 29.612629 26.919827 22.115448 13.657973 0.000000 
50.000000 45.737364 41.677155 37.992995 34.807725 32.182806 30.120109 28.573678 27.466890 26.710182 26.215597 25.906325 25.721150 25.614898 25.556423 25.525528 25.509845 25.502188 25.498591 25.496962 25.496251 25.495952 25.495830 25.495782 25.495764 25.495757 25.495754 25.495751 25.495745 25.495729 25.495690 25.495591 25.495352 25.494789 25.493502 25.490655 25.484550 25.471858 25.446262 25.396161 25.300877 25.124582 24.806731 24.247285 23.284401 21.662753 18.996498 14.757328 8.406580 0.000000 
50.000000 44.606539 39.469216 34.807725 30.777497 27.456293 24.846477 22.889888 21.489570 20.532192 19.906462 19.515191 19.280924 19.146508 19.072533 19.033451 19.013612 19.003927 18.999376 18.997316 18.996417 18.996038 18.995884 18.995824 18.995801 18.995792 18.995788 18.995785 18.995778 18.995761 18.995718 18.995610 18.995349 18.994736 18.993341 18.990268 18.983709 18.970154 18.943024 18.890416 18.791561 18.611468 18.293281 17.748050 16.842577 15.388749 13.144972 9.856587 5.388124 0.000000 
50.000000 43.674636 37.649684 32.182806 27.456293 23.561341 20.500709 18.206177 16.564023 15.441329 14.707565 14.248751 13.974051 13.816439 13.729702 13.683879 13.660619 13.649264 13.643928 13.641513 13.640459 13.640015 13.639835 13.639764 13.639737 13.639726 13.639722 13.639719 13.639712 13.639696 13.639654 13.639549 13.639296 13.638705 13.637364 13.634424 13.628185 13.615378 13.589956 13.541158 13.450607 13.288222 13.006955 12.536920 11.780670 10.613716 8.898405 6.524330 3.488252 0.000000 
50.000000 42.942324 36.219859 30.120109 24.846477 20.500709 17.085875 14.525840 12.693706 11.441152 10.622533 10.110674 9.804223 9.628399 9.531642 9.480527 9.454581 9.441916 9.435965 9.433272 9.432096 9.431601 9.431400 9.431320 9.431290 9.431279 9.431274 9.431271 9.431265 9.431250 9.431213 9.431121 9.430898 9.430379 9.429207 9.426650 9.421257 9.410264 9.388627 9.347517 9.272175 9.139088 8.912770 8.542938 7.963790 7.098428 5.872825 4.243784 2.240146 0.000000 
50.000000 42.393291 35.147888 28.573678 22.889888 18.206177 14.525840 11.766806 9.792290 8.442422 7.560223 7.008621 6.678385 6.488920 6.384660 6.329582 6.301626 6.287980 6.281568 6.278666 6.277400 6.276866 6.276650 6.276564 6.276532 6.276520 6.276515 6.276512 6.276507 6.276495 6.276464 6.276389 6.276208 6.275787 6.274842 6.272791 6.268489 6.259784 6.242793 6.210830 6.152935 6.052086 5.883403 5.613070 5.199222 4.596607 3.766947 2.695692 1.411824 0.000000 
50.000000 42.000338 34.380665 27.466890 21.489570 16.564023 12.693706 9.792290 7.715910 6.296430 5.368755 4.788732 4.441490 4.242272 4.132648 4.074739 4.045346 4.030999 4.024258 4.021208 4.019876 4.019316 4.019088 4.018998 4.018964 4.018951 4.018946 4.018943 4.018939 4.018930 4.018907 4.018850 4.018712 4.018395 4.017685 4.016152 4.012956 4.006533 3.994096 3.970917 3.929389 3.857955 3.740203 3.554618 3.275801 2.878102 2.342308 1.664959 0.867538 0.000000 
50.000000 41.731671 33.856109 26.710182 20.532192 15.441329 11.441152 8.442422 6.296430 4.829384 3.870640 3.271203 2.912345 2.706467 2.593181 2.533339 2.502966 2.488141 2.481176 2.478024 2.476648 2.476069 2.475833 2.475741 2.475706 2.475692 2.475688 2.475685 2.475682 2.475675 2.475659 2.475618 2.475520 2.475296 2.474796 2.473721 2.471494 2.467046 2.458499 2.442708 2.414692 2.367041 2.289486 2.168976 1.990721 1.740631 1.409304 0.996966 0.517656 0.000000 
50.000000 41.556066 33.513254 26.215597 19.906462 14.707565 10.622533 7.560223 5.368755 3.870640 2.891606 2.279492 1.913050 1.702826 1.587151 1.526047 1.495035 1.479898 1.472787 1.469568 1.468164 1.467573 1.467332 1.467237 1.467201 1.467188 1.467183 1.467181 1.467179 1.467174 1.467163 1.467136 1.467070 1.466921 1.466589 1.465878 1.464415 1.461510 1.455966 1.445803 1.427932 1.397838 1.349393 1.275016 1.166407 1.016046 0.819436 0.577644 0.299181 0.000000 
50.000000 41.446254 33.298858 25.906325 19.515191 14.248751 10.110674 7.008621 4.788732 3.271203 2.279492 1.659459 1.288281 1.075344 0.958176 0.896286 0.864875 0.849543 0.842341 0.839081 0.837659 0.837060 0.836816 0.836720 0.836684 0.836670 0.836665 0.836663 0.836662 0.836659 0.836652 0.836634 0.836593 0.836498 0.836290 0.835846 0.834935 0.833138 0.829729 0.823526 0.812704 0.794636 0.765828 0.722047 0.658795 0.572167 0.460063 0.323452 0.167218 0.000000 
50.000000 41.380503 33.170488 25.721150 19.280924 13.974051 9.804223 6.678385 4.441490 2.912345 1.913050 1.288281 0.914273 0.699712 0.581653 0.519293 0.487643 0.472196 0.464939 0.461654 0.460221 0.459618 0.459372 0.459276 0.459239 0.459226 0.459221 0.459219 0.459218 0.459216 0.459211 0.459201 0.459176 0.459120 0.458995 0.458731 0.458193 0.457136 0.455144 0.451541 0.445298 0.434957 0.418601 0.393959 0.358673 0.310770 0.249292 0.174910 0.090298 0.000000 
50.000000 41.342774 33.096828 25.614898 19.146508 13.816439 9.628399 6.488920 4.242272 2.706467 1.702826 1.075344 0.699712 0.484223 0.365653 0.303023 0.271237 0.255723 0.248435 0.245137 0.243698 0.243092 0.242845 0.242748 0.242711 0.242698 0.242693 0.242691 0.242690 0.242689 0.242686 0.242680 0.242666 0.242634 0.242563 0.242414 0.242111 0.241519 0.240409 0.238412 0.234974 0.229316 0.220431 0.207142 0.188254 0.162799 0.130348 0.091309 0.047088 0.000000 
50.000000 41.322010 33.056289 25.556423 19.072533 13.729702 9.531642 6.384660 4.132648 2.593181 1.587151 0.958176 0.581653 0.365653 0.246804 0.184026 0.152165 0.136615 0.129309 0.126003 0.124561 0.123953 0.123706 0.123609 0.123572 0.123558 0.123554 0.123552 0.123551 0.123550 0.123549 0.123546 0.123538 0.123520 0.123482 0.123402 0.123239 0.122922 0.122331 0.121272 0.119460 0.116496 0.111869 0.104992 0.095278 0.082266 0.065768 0.046012 0.023708 0.000000 
50.000000 41.311039 33.034871 25.525528 19.033451 13.683879 9.480527 6.329582 4.074739 2.533339 1.526047 0.896286 0.519293 0.303023 0.184026 0.121170 0.089270 0.073700 0.066386 0.063076 0.061632 0.061023 0.060776 0.060679 0.060642 0.060628 0.060623 0.060622 0.060621 0.060621 0.060620 0.060618 0.060614 0.060605 0.060585 0.060544 0.060460 0.060298 0.059996 0.059459 0.058543 0.057053 0.054740 0.051320 0.046515 0.040110 0.032027 0.022383 0.011525 0.000000 
50.000000 41.305470 33.023997 25.509845 19.013612 13.660619 9.454581 6.301626 4.045346 2.502966 1.495035 0.864875 0.487643 0.271237 0.152165 0.089270 0.057350 0.041770 0.034452 0.031139 0.029694 0.029086 0.028838 0.028741 0.028704 0.028690 0.028685 0.028684 0.028683 0.028683 0.028682 0.028681 0.028679 0.028675 0.028665 0.028645 0.028603 0.028524 0.028376 0.028114 0.027670 0.026951 0.025839 0.024203 0.021914 0.018876 0.015056 0.010514 0.005411 0.000000 
50.000000 41.302750 33.018689 25.502188 19.003927 13.649264 9.441916 6.287980 4.030999 2.488141 1.479898 0.849543 0.472196 0.255723 0.136615 0.073700 0.041770 0.026186 0.018865 0.015552 0.014106 0.013498 0.013250 0.013153 0.013116 0.013102 0.013097 0.013096 0.013095 0.013095 0.013095 0.013094 0.013093 0.013091 0.013086 0.013077 0.013057 0.013020 0.012950 0.012828 0.012621 0.012287 0.011772 0.011018 0.009967 0.008578 0.006836 0.004770 0.002454 0.000000 
50.000000 41.301473 33.016194 25.498591 18.999376 13.643928 9.435965 6.281568 4.024258 2.481176 1.472787 0.842341 0.464939 0.248435 0.129309 0.066386 0.034452 0.018865 0.011543 0.008230 0.006784 0.006175 0.005927 0.005830 0.005793 0.005779 0.005774 0.005773 0.005772 0.005772 0.005772 0.005772 0.005771 0.005770 0.005768 0.005764 0.005755 0.005738 0.005706 0.005651 0.005558 0.005409 0.005180 0.004845 0.004379 0.003766 0.002999 0.002092 0.001075 0.000000 
50.000000 41.300894 33.015065 25.496962 18.997316 13.641513 9.433272 6.278666 4.021208 2.478024 1.469568 0.839081 0.461654 0.245137 0.126003 0.063076 0.031139 0.015552 0.008230 0.004916 0.003470 0.002861 0.002613 0.002516 0.002479 0.002465 0.002460 0.002459 0.002458 0.002458 0.002458 0.002458 0.002458 0.002457 0.002456 0.002454 0.002450 0.002443 0.002429 0.002405 0.002365 0.002301 0.002202 0.002059 0.001860 0.001598 0.001272 0.000887 0.000456 0.000000 
50.000000 41.300642 33.014572 25.496251 18.996417 13.640459 9.432096 6.277400 4.019876 2.476648 1.468164 0.837659 0.460221 0.243698 0.124561 0.061632 0.029694 0.014107 0.006784 0.003470 0.002024 0.001415 0.001167 0.001070 0.001033 0.001019 0.001014 0.001013 0.001012 0.001012 0.001012 0.001012 0.001012 0.001012 0.001011 0.001010 0.001009 0.001006 0.001000 0.000990 0.000973 0.000946 0.000905 0.000846 0.000764 0.000656 0.000522 0.000364 0.000187 0.000000 
50.000000 41.300535 33.014365 25.495952 18.996039 13.640015 9.431601 6.276867 4.019316 2.476069 1.467573 0.837060 0.459618 0.243092 0.123953 0.061024 0.029086 0.013498 0.006175 0.002861 0.001415 0.000806 0.000559 0.000461 0.000424 0.000411 0.000406 0.000404 0.000403 0.000403 0.000403 0.000403 0.000403 0.000403 0.000403 0.000403 0.000402 0.000401 0.000398 0.000394 0.000388 0.000377 0.000360 0.000336 0.000304 0.000261 0.000207 0.000144 0.000074 0.000000 
50.000000 41.300492 33.014281 25.495830 18.995885 13.639835 9.431400 6.276650 4.019088 2.475834 1.467333 0.836817 0.459373 0.242846 0.123707 0.060777 0.028839 0.013251 0.005928 0.002614 0.001168 0.000559 0.000311 0.000214 0.000177 0.000164 0.000159 0.000157 0.000156 0.000156 0.000156 0.000156 0.000156 0.000156 0.000156 0.000156 0.000156 0.000155 0.000154 0.000153 0.000150 0.000146 0.000139 0.000130 0.000117 0.000101 0.000080 0.000056 0.000029 0.000000 
50.000000 41.300476 33.014248 25.495783 18.995825 13.639766 9.431322 6.276566 4.019000 2.475743 1.467240 0.836723 0.459278 0.242751 0.123612 0.060681 0.028743 0.013155 0.005832 0.002518 0.001072 0.000463 0.000216 0.000118 0.000081 0.000068 0.000063 0.000061 0.000061 0.000061 0.000061 0.000061 0.000060 0.000060 0.000060 0.000060 0.000060 0.000060 0.000060 0.000059 0.000058 0.000056 0.000054 0.000050 0.000045 0.000039 0.000031 0.000022 0.000011 0.000000 
50.000000 41.300470 33.014237 25.495767 18.995805 13.639742 9.431296 6.276538 4.018971 2.475713 1.467209 0.836691 0.459246 0.242719 0.123579 0.060649 0.028711 0.013123 0.005800 0.002486 0.001040 0.000431 0.000184 0.000086 0.000049 0.000036 0.000031 0.000029 0.000029 0.000028 0.000028 0.000028 0.000028 0.000028 0.000028 0.000028 0.000028 0.000028 0.000028 0.000028 0.000027 0.000026 0.000025 0.000024 0.000021 0.000018 0.000014 0.000010 0.000005 0.000000 
50.000000 41.300470 33.014237 25.495767 18.995805 13.639742 9.431296 6.276538 4.018971 2.475713 1.467209 0.836691 0.459246 0.242719 0.123579 0.060649 0.028711 0.013123 0.005800 0.002486 0.001040 0.000431 0.000184 0.000086 0.000049 0.000036 0.000031 0.000029 0.000029 0.000028 0.000028 0.000028 0.000028 0.000028 0.000028 0.000028 0.000028 0.000028 0.000028 0.000028 0.000027 0.000026 0.000025 0.000024 0.000021 0.000018 0.000014 0.000010 0.000005 0.000000 
50.000000 41.300476 33.014248 25.495783 18.995825 13.639766 9.431322 6.276566 4.019000 2.475743 1.467240 0.836723 0.459278 0.242751 0.123612 0.060681 0.028743 0.013155 0.005832 0.002518 0.001072 0.000463 0.000216 0.000118 0.000081 0.000068 0.000063 0.000061 0.000061 0.000061 0.000061 0.000061 0.000060 0.000060 0.000060 0.000060 0.000060 0.000060 0.000060 0.000059 0.000058 0.000056 0.000054 0.000050 0.000045 0.000039 0.000031 0.000022 0.000011 0.000000 
50.000000 41.300492 33.014281 25.495830 18.995885 13.639835 9.431400 6.276650 4.019088 2.475834 1.467333 0.836817 0.459373 0.242846 0.123707 0.060777 0.028839 0.013251 0.005928 0.002614 0.001168 0.000559 0.000311 0.000214 0.000177 0.000164 0.000159 0.000157 0.000156 0.000156 0.000156 0.000156 0.000156 0.000156 0.000156 0.000156 0.000156 0.000155 0.000154 0.000153 0.000150 0.000146 0.000139 0.000130 0.000117 0.000101 0.000080 0.000056 0.000029 0.000000 
50.000000 41.300535 33.014365 25.495952 18.996039 13.640015 9.431601 6.276867 4.019316 2.476069 1.467573 0.837060 0.459618 0.243092 0.123953 0.061024 0.029086 0.013498 0.006175 0.002861 0.001415 0.000806 0.000559 0.000461 0.000424 0.000411 0.000406 0.000404 0.000403 0.000403 0.000403 0.000403 0.000403 0.000403 0.000403 0.000403 0.000402 0.000401 0.000398 0.000394 0.000388 0.000377 0.000360 0.000336 0.000304 0.000261 0.000207 0.000144 0.000074 0.000000 
50.000000 41.300642 33.014572 25.496251 18.996417 13.640459 9.432096 6.277400 4.019876 2.476648 1.468164 0.837659 0.460221 0.243698 0.124561 0.061632 0.029694 0.014107 0.006784 0.003470 0.002024 0.001415 0.001167 0.001070 0.001033 0.001019 0.001014 0.001013 0.001012 0.001012 0.001012 0.001012 0.001012 0.001012 0.001011 0.001010 0.001009 0.001006 0.001000 0.000990 0.000973 0.000946 0.000905 0.000846 0.000764 0.000656 0.000522 0.000364 0.000187 0.000000 
50.000000 41.300894 33.015065 25.496962 18.997316 13.641513 9.433272 6.278666 4.021208 2.478024 1.469568 0.839081 0.461654 0.245137 0.126003 0.063076 0.031139 0.015552 0.008230 0.004916 0.003470 0.002861 0.002613 0.002516 0.002479 0.002465 0.002460 0.002459 0.002458 0.002458 0.002458 0.002458 0.002458 0.002457 0.002456 0.002454 0.002450 0.002443 0.002429 0.002405 0.002365 0.002301 0.002202 0.002059 0.001860 0.001598 0.001272 0.000887 0.000456 0.000000 
50.000000 41.301473 33.016194 25.498591 18.999376 13.643928 9.435965 6.281568 4.024258 2.481176 1.472787 0.842341 0.464939 0.248435 0.129309 0.066386 0.034452 0.018865 0.011543 0.008230 0.006784 0.006175 0.005927 0.005830 0.005793 0.005779 0.005774 0.005773 0.005772 0.005772 0.005772 0.005772 0.005771 0.005770 0.005768 0.005764 0.005755 0.005738 0.005706 0.005651 0.005558 0.005409 0.005180 0.004845 0.004379 0.003766 0.002999 0.002092 0.001075 0.000000 
50.000000 41.302750 33.018689 25.502188 19.003927 13.649264 9.441916 6.287980 4.030999 2.488141 1.479898 0.849543 0.472196 0.255723 0.136615 0.073700 0.041770 0.026186 0.018865 0.015552 0.014106 0.013498 0.013250 0.013153 0.013116 0.013102 0.013097 0.013096 0.013095 0.013095 0.013095 0.013094 0.013093 0.013091 0.013086 0.013077 0.013057 0.013020 0.012950 0.012828 0.012621 0.012287 0.011772 0.011018 0.009967 0.008578 0.006836 0.004770 0.002454 0.000000 
50.000000 41.305470 33.023997 25.509845 19.013612 13.660619 9.454581 6.301626 4.045346 2.502966 1.495035 0.864875 0.487643 0.271237 0.152165 0.089270 0.057350 0.041770 0.034452 0.031139 0.029694 0.029086 0.028838 0.028741 0.028704 0.028690 0.028685 0.028684 0.028683 0.028683 0.028682 0.028681 0.028679 0.028675 0.028665 0.028645 0.028603 0.028524 0.028376 0.028114 0.027670 0.026951 0.025839 0.024203 0.021914 0.018876 0.015056 0.010514 0.005411 0.000000 
50.000000 41.311039 33.034871 25.525528 19.033451 13.683879 9.480527 6.329582 4.074739 2.533339 1.526047 0.896286 0.519293 0.303023 0.184026 0.121170 0.089270 0.073700 0.066386 0.063076 0.061632 0.061023 0.060776 0.060679 0.060642 0.060628 0.060623 0.060622 0.060621 0.060621 0.060620 0.060618 0.060614 0.060605 0.060585 0.060544 0.060460 0.060298 0.059996 0.059459 0.058543 0.057053 0.054740 0.051320 0.046515 0.040110 0.032027 0.022383 0.011525 0.000000 
50.000000 41.322010 33.056289 25.556423 19.072533 13.729702 9.531642 6.384660 4.132648 2.593181 1.587151 0.958176 0.581653 0.365653 0.246804 0.184026 0.152165 0.136615 0.129309 0.126003 0.124561 0.123953 0.123706 0.123609 0.123572 0.123558 0.123554 0.123552 0.123551 0.123550 0.123549 0.123546 0.123538 0.123520 0.123482 0.123402 0.123239 0.122922 0.122331 0.121272 0.119460 0.116496 0.111869 0.104992 0.095278 0.082266 0.065768 0.046012 0.023708 0.000000 
50.000000 41.342774 33.096828 25.614898 19.146508 13.816439 9.628399 6.488920 4.242272 2.706467 1.702826 1.075344 0.699712 0.484223 0.365653 0.303023 0.271237 0.255723 0.248435 0.245137 0.243698 0.243092 0.242845 0.242748 0.242711 0.242698 0.242693 0.242691 0.242690 0.242689 0.242686 0.242680 0.242666 0.242634 0.242563 0.242414 0.242111 0.241519 0.240409 0.238412 0.234974 0.229316 0.220431 0.207142 0.188254 0.162799 0.130348 0.091309 0.047088 0.000000 
50.000000 41.380503 33.170488 25.721150 19.280924 13.974051 9.804223 6.678385 4.441490 2.912345 1.913050 1.288281 0.914273 0.699712 0.581653 0.519293 0.487643 0.472196 0.464939 0.461654 0.460221 0.459618 0.459372 0.459276 0.459239 0.459226 0.459221 0.459219 0.459218 0.459216 0.459211 0.459201 0.459176 0.459120 0.458995 0.458731 0.458193 0.457136 0.455144 0.451541 0.445298 0.434957 0.418601 0.393959 0.358673 0.310770 0.249292 0.174910 0.090298 0.000000 
50.000000 41.446254 33.298858 25.906325 19.515191 14.248751 10.110674 7.008621 4.788732 3.271203 2.279492 1.659459 1.288281 1.075344 0.958176 0.896286 0.864875 0.849543 0.842341 0.839081 0.837659 0.837060 0.836816 0.836720 0.836684 0.836670 0.836665 0.836663 0.836662 0.836659 0.836652 0.836634 0.836593 0.836498 0.836290 0.835846 0.834935 0.833138 0.829729 0.823526 0.812704 0.794636 0.765828 0.722047 0.658795 0.572167 0.460063 0.323452 0.167218 0.000000 
50.000000 41.556066 33.513254 26.215597 19.906462 14.707565 10.622533 7.560223 5.368755 3.870640 2.891606 2.279492 1.913050 1.702826 1.587151 1.526047 1.495035 1.479898 1.472787 1.469568 1.468164 1.467573 1.467332 1.467237 1.467201 1.467188 1.467183 1.467181 1.467179 1.467174 1.467163 1.467136 1.467070 1.466921 1.466589 1.465878 1.464415 1.461510 1.455966 1.445803 1.427932 1.397838 1.349393 1.275016 1.166407 1.016046 0.819436 0.577644 0.299181 0.000000 
50.000000 41.731671 33.856109 26.710182 20.532192 15.441329 11.441152 8.442422 6.296430 4.829384 3.870640 3.271203 2.912345 2.706467 2.593181 2.533339 2.502966 2.488141 2.481176 2.478024 2.476648 2.476069 2.475833 2.475741 2.475706 2.475692 2.475688 2.475685 2.475682 2.475675 2.475659 2.475618 2.475520 2.475296 2.474796 2.473721 2.471494 2.467046 2.458499 2.442708 2.414692 2.367041 2.289486 2.168976 1.990721 1.740631 1.409304 0.996966 0.517656 0.000000 
50.000000 42.000338 34.380665 27.466890 21.489570 16.564023 12.693706 9.792290 7.715910 6.296430 5.368755 4.788732 4.441490 4.242272 4.132648 4.074739 4.045346 4.030999 4.024258 4.021208 4.019876 4.019316 4.019088 4.018998 4.018964 4.018951 4.018946 4.018943 4.018939 4.018930 4.018907 4.018850 4.018712 4.018395 4.017685 4.016152 4.012956 4.006533 3.994096 3.970917 3.929389 3.857955 3.740203 3.554618 3.275801 2.878102 2.342308 1.664959 0.867538 0.000000 
50.000000 42.393291 35.147888 28.573678 22.889888 18.206177 14.525840 11.766806 9.792290 8.442422 7.560223 7.008621 6.678385 6.488920 6.384660 6.329582 6.301626 6.287980 6.281568 6.278666 6.277400 6.276866 6.276650 6.276564 6.276532 6.276520 6.276515 6.276512 6.276507 6.276495 6.276464 6.276389 6.276208 6.275787 6.274842 6.272791 6.268489 6.259784 6.242793 6.210830 6.152935 6.052086 5.883403 5.613070 5.199222 4.596607 3.766947 2.695692 1.411824 0.000000 
50.000000 42.942324 36.219859 30.120109 24.846477 20.500709 17.085875 14.525840 12.693706 11.441152 10.622533 10.110674 9.804223 9.628399 9.531642 9.480527 9.454581 9.441916 9.435965 9.433272 9.432096 9.431601 9.431400 9.431320 9.431290 9.431279 9.431274 9.431271 9.431265 9.431250 9.431213 9.431121 9.430898 9.430379 9.429207 9.426650 9.421257 9.410264 9.388627 9.347517 9.272175 9.139088 8.912770 8.542938 7.963790 7.098428 5.872825 4.243784 2.240146 0.000000 
50.000000 43.674636 37.649684 32.182806 27.456293 23.561341 20.500709 18.206177 16.564023 15.441329 14.707565 14.248751 13.974051 13.816439 13.729702 13.683879 13.660619 13.649264 13.643928 13.641513 13.640459 13.640015 13.639835 13.639764 13.639737 13.639726 13.639722 13.639719 13.639712 13.639696 13.639654 13.639549 13.639296 13.638705 13.637364 13.634424 13.628185 13.615378 13.589956 13.541158 13.450607 13.288222 13.006955 12.536920 11.780670 10.613716 8.898405 6.524330 3.488252 0.000000 
50.000000 44.606539 39.469216 34.807725 30.777497 27.456293 24.846477 22.889888 21.489570 20.532192 19.906462 19.515191 19.280924 19.146508 19.072533 19.033451 19.013612 19.003927 18.999376 18.997316 18.996417 18.996038 18.995884 18.995824 18.995801 18.995792 18.995788 18.995785 18.995778 18.995761 18.995718 18.995610 18.995349 18.994736 18.993341 18.990268 18.983709 18.970154 18.943024 18.890416 18.791561 18.611468 18.293281 17.748050 16.842577 15.388749 13.144972 9.856587 5.388124 0.000000 
50.000000 45.737364 41.677155 37.992995 34.807725 32.182806 30.120109 28.573678 27.466890 26.710182 26.215597 25.906325 25.721150 25.614898 25.556423 25.525528 25.509845 25.502188 25.498591 25.496962 25.496251 25.495952 25.495830 25.495782 25.495764 25.495757 25.495754 25.495751 25.495745 25.495729 25.495690 25.495591 25.495352 25.494789 25.493502 25.490655 25.484550 25.471858 25.446262 25.396161 25.300877 25.124582 24.806731 24.247285 23.284401 21.662753 18.996498 14.757328 8.406580 0.000000 
50.000000 47.045293 44.230896 41.677155 39.469216 37.649684 36.219859 35.147888 34.380665 33.856109 33.513254 33.298858 33.170488 33.096828 33.056289 33.034871 33.023997 33.018689 33.016194 33.015065 33.014572 33.014365 33.014280 33.014247 33.014234 33.014229 33.014227 33.014225 33.014221 33.014209 33.014179 33.014103 33.013919 33.013483 33.012488 33.010277 33.005519 32.995578 32.975406 32.935611 32.859144 32.715706 32.452196 31.976074 31.125353 29.612629 26.919827 22.115448 13.657973 0.000000 
50.000000 48.486717 47.045293 45.737364 44.606539 43.674636 42.942324 42.393291 42.000338 41.731671 41.556066 41.446254 41.380503 41.342774 41.322010 41.311039 41.305470 41.302750 41.301473 41.300894 41.300642 41.300535 41.300492 41.300475 41.300469 41.300466 41.300465 41.300464 41.300461 41.300455 41.300438 41.300397 41.300297 41.300059 41.299514 41.298302 41.295687 41.290205 41.279036 41.256885 41.214015 41.132800 40.981467 40.702179 40.186384 39.218414 37.330784 33.387320 24.243359 0.000000 
50.000000 50.000000 50.000000 50.000000 50.000000 50.000000 50.000000 50.000000 50.000000 50.000000 50.000000 50.000000 50.000000 50.000000 50.000000 50.000000 50.000000 50.000000 50.000000 50.000000 50.000000 50.000000 50.000000 50.000000 50.000000 50.000000 50.000000 50.000000 50.000000 50.000000 50.000000 50.000000 50.000000 50.000000 50.000000 50.000000 50.000000 50.000000 50.000000 50.000000 50.000000 50.000000 50.000000 50.000000 50.000000 50.000000 50.000000 50.000000 50.000000 50.000000 
