50.000000 50.000000 50.000000 50.000000 50.000000 50.000000 50.000000 50.000000 50.000000 50.000000 50.000000 50.000000 50.000000 50.000000 50.000000 50.000000 50.000000 50.000000 50.000000 50.000000 50.000000 50.000000 50.000000 50.000000 50.000000 50.000000 50.000000 50.000000 50.000000 50.000000 50.000000 50.000000 50.000000 50.000000 50.000000 50.000000 50.000000 50.000000 50.000000 50.000000 50.000000 50.000000 50.000000 50.000000 50.000000 50.000000 50.000000 50.000000 50.000000 50.000000 
50.000000 48.770698 47.588827 46.496336 45.525256 44.695105 44.012414 43.472183 43.060688 42.758870 42.545615 42.400398 42.305049 42.244653 42.207728 42.185926 42.173488 42.166627 42.162966 42.161075 42.160129 42.159671 42.159455 42.159357 42.159313 42.159293 42.159283 42.159274 42.159259 42.159226 42.159154 42.158995 42.158654 42.157943 42.156494 42.153618 42.148045 42.137496 42.117965 42.082529 42.019367 41.908361 41.715034 41.378939 40.789454 39.729866 37.733113 33.665193 24.385349 0.000000 
50.000000 47.588827 45.270690 43.127864 41.223179 39.594918 38.255889 37.196286 36.389185 35.797207 35.378937 35.094115 34.907103 34.788647 34.716226 34.673466 34.649070 34.635614 34.628434 34.624725 34.622870 34.621971 34.621548 34.621356 34.621270 34.621231 34.621211 34.621194 34.621166 34.621105 34.620970 34.620674 34.620040 34.618717 34.616029 34.610703 34.600407 34.580979 34.545153 34.480493 34.366044 34.166853 33.824754 33.242329 32.253719 30.569563 27.672585 22.635345 13.923634 0.000000 
50.000000 46.496336 43.127864 40.014141 37.246468 34.880472 32.934763 31.395088 30.222325 29.362153 28.754393 28.340540 28.068811 27.896695 27.791468 27.729340 27.693894 27.674343 27.663911 27.658523 27.655828 27.654522 27.653908 27.653628 27.653503 27.653447 27.653419 27.653395 27.653357 27.653276 27.653095 27.652700 27.651856 27.650099 27.646537 27.639501 27.625954 27.600514 27.553884 27.470378 27.324074 27.072894 26.649499 25.947305 24.799270 22.947449 20.007071 15.455278 8.763223 0.000000 
50.000000 45.525256 41.223179 37.246468 33.711730 30.690009 28.205071 26.238709 24.740952 23.642423 22.866258 22.337735 21.990721 21.770922 21.636545 21.557206 21.511943 21.486978 21.473656 21.466776 21.463335 21.461667 21.460883 21.460525 21.460366 21.460295 21.460260 21.460232 21.460188 21.460095 21.459890 21.459443 21.458489 21.456510 21.452512 21.444646 21.429574 21.401441 21.350262 21.259470 21.102303 20.836639 20.397863 19.689555 18.572590 16.855865 14.299019 10.653616 5.795390 0.000000 
50.000000 44.695105 39.594918 34.880472 30.690009 27.107752 24.161875 21.830786 20.055239 18.752979 17.832879 17.206354 16.795000 16.534452 16.375165 16.281122 16.227470 16.197878 16.182089 16.173935 16.169856 16.167879 16.166950 16.166526 16.166337 16.166254 16.166213 16.166182 16.166137 16.166042 16.165833 16.165379 16.164414 16.162419 16.158403 16.150539 16.135558 16.107784 16.057676 15.969692 15.819316 15.569154 15.164213 14.526960 13.553876 12.117419 10.081202 7.341199 3.905651 0.000000 
50.000000 44.012414 38.255889 32.934763 28.205071 24.161875 20.836969 18.205977 16.202021 14.732253 13.693817 12.986724 12.522479 12.228436 12.048675 11.942545 11.882000 11.848607 11.830789 11.821588 11.816985 11.814754 11.813706 11.813228 11.813015 11.812922 11.812877 11.812846 11.812802 11.812713 11.812518 11.812094 11.811198 11.809351 11.805650 11.798441 11.784788 11.759660 11.714718 11.636624 11.504833 11.288945 10.945990 10.418484 9.634915 8.515515 6.987458 5.013560 2.633475 0.000000 
50.000000 43.472183 37.196286 31.395088 26.238709 21.830786 18.205977 15.337700 13.153034 11.550748 10.418698 9.647874 9.141793 8.821259 8.625306 8.509619 8.443623 8.407224 8.387803 8.377774 8.372757 8.370326 8.369184 8.368662 8.368431 8.368329 8.368282 8.368251 8.368212 8.368134 8.367964 8.367596 8.366821 8.365230 8.362056 8.355906 8.344332 8.323186 8.285689 8.221196 8.113667 7.940033 7.668850 7.259987 6.666573 5.840846 4.745589 3.371532 1.757150 0.000000 
50.000000 43.060688 36.389185 30.222325 24.740952 20.055239 16.202021 13.153034 10.830751 9.127554 7.924225 7.104877 6.566948 6.226246 6.017969 5.895008 5.824864 5.786178 5.765537 5.754878 5.749547 5.746963 5.745749 5.745195 5.744950 5.744842 5.744794 5.744764 5.744730 5.744665 5.744526 5.744226 5.743597 5.742309 5.739753 5.734827 5.725614 5.708901 5.679512 5.629450 5.546917 5.415375 5.213000 4.913076 4.486084 3.904313 3.149430 2.222332 1.152327 0.000000 
50.000000 42.758870 35.797207 29.362153 23.642423 18.752979 14.732253 11.550748 9.127554 7.350367 6.094778 5.239858 4.678582 4.323100 4.105790 3.977498 3.904315 3.863953 3.842420 3.831299 3.825738 3.823042 3.821776 3.821198 3.820942 3.820831 3.820781 3.820753 3.820725 3.820674 3.820566 3.820335 3.819852 3.818868 3.816923 3.813194 3.806262 3.793773 3.771984 3.735202 3.675183 3.580637 3.437081 3.227420 2.933663 2.540120 2.038079 1.431163 0.739503 0.000000 
50.000000 42.545615 35.378937 28.754393 22.866258 17.832879 13.693817 10.418698 7.924225 6.094778 4.802281 3.922240 3.344480 2.978562 2.754875 2.622822 2.547494 2.505950 2.483785 2.472340 2.466616 2.463841 2.462538 2.461943 2.461680 2.461566 2.461516 2.461490 2.461467 2.461429 2.461349 2.461180 2.460828 2.460114 2.458709 2.456029 2.451075 2.442208 2.426851 2.401141 2.359576 2.294775 2.197502 2.057193 1.863187 1.606788 1.284015 0.898445 0.463086 0.000000 
50.000000 42.400398 35.094115 28.340540 22.337735 17.206354 12.986724 9.647874 7.104877 5.239858 3.922240 3.025104 2.436126 2.063107 1.835083 1.700471 1.623684 1.581336 1.558743 1.547076 1.541242 1.538414 1.537085 1.536479 1.536211 1.536095 1.536045 1.536021 1.536002 1.535974 1.535918 1.535801 1.535556 1.535063 1.534096 1.532260 1.528885 1.522881 1.512552 1.495390 1.467874 1.425365 1.362184 1.272007 1.148678 0.987473 0.786656 0.548962 0.282433 0.000000 
50.000000 42.305049 34.907103 28.068811 21.990721 16.795000 12.522479 9.141793 6.566948 4.678582 3.344480 2.436126 1.839788 1.462112 1.231243 1.094952 1.017209 0.974333 0.951460 0.939648 0.933741 0.930878 0.929533 0.928920 0.928648 0.928531 0.928481 0.928458 0.928443 0.928424 0.928386 0.928307 0.928145 0.927819 0.927183 0.925982 0.923783 0.919894 0.913245 0.902272 0.884809 0.858047 0.818608 0.762819 0.687216 0.589280 0.468297 0.326124 0.167553 0.000000 
50.000000 42.244653 34.788647 27.896695 21.770922 16.534452 12.228436 8.821259 6.226246 4.323100 2.978562 2.063107 1.462112 1.081489 0.848819 0.711467 0.633118 0.589910 0.566859 0.554955 0.549003 0.546118 0.544762 0.544144 0.543871 0.543753 0.543703 0.543681 0.543668 0.543655 0.543630 0.543580 0.543477 0.543271 0.542870 0.542117 0.540744 0.538329 0.534223 0.527487 0.516838 0.500632 0.476927 0.443648 0.398894 0.341348 0.270741 0.188240 0.096608 0.000000 
50.000000 42.207728 34.716226 27.791468 21.636545 16.375165 12.048675 8.625306 6.017969 4.105790 2.754875 1.835083 1.231243 0.848819 0.615051 0.477050 0.398332 0.354921 0.331761 0.319802 0.313821 0.310923 0.309561 0.308940 0.308665 0.308547 0.308497 0.308476 0.308465 0.308455 0.308440 0.308409 0.308347 0.308222 0.307979 0.307526 0.306703 0.305261 0.302824 0.298847 0.292596 0.283141 0.269400 0.250234 0.224626 0.191899 0.151967 0.105523 0.054110 0.000000 
50.000000 42.185926 34.673466 27.729340 21.557206 16.281122 11.942545 8.509619 5.895008 3.977498 2.622822 1.700471 1.094952 0.711467 0.477050 0.338667 0.259732 0.216200 0.192977 0.180985 0.174988 0.172081 0.170716 0.170093 0.169817 0.169699 0.169649 0.169628 0.169619 0.169612 0.169602 0.169584 0.169547 0.169474 0.169334 0.169071 0.168596 0.167769 0.166375 0.164113 0.160576 0.155254 0.147563 0.136895 0.122719 0.104694 0.082803 0.057437 0.029432 0.000000 
50.000000 42.173488 34.649070 27.693894 21.511943 16.227470 11.882000 8.443623 5.824864 3.904315 2.547494 1.623684 1.017209 0.633118 0.398332 0.259732 0.180672 0.137073 0.113813 0.101802 0.095795 0.092884 0.091517 0.090893 0.090617 0.090499 0.090449 0.090428 0.090420 0.090414 0.090408 0.090398 0.090377 0.090336 0.090258 0.090111 0.089847 0.089389 0.088621 0.087380 0.085448 0.082555 0.078393 0.072649 0.065052 0.055433 0.043796 0.030353 0.015545 0.000000 
50.000000 42.166627 34.635614 27.674344 21.486978 16.197878 11.848607 8.407224 5.786178 3.863953 2.505950 1.581336 0.974334 0.589910 0.354921 0.216200 0.137073 0.093435 0.070155 0.058134 0.052122 0.049209 0.047840 0.047216 0.046940 0.046821 0.046772 0.046751 0.046743 0.046739 0.046735 0.046729 0.046718 0.046695 0.046653 0.046574 0.046433 0.046188 0.045780 0.045122 0.044102 0.042581 0.040403 0.037409 0.033464 0.028489 0.022488 0.015574 0.007973 0.000000 
50.000000 42.162966 34.628434 27.663911 21.473657 16.182089 11.830789 8.387803 5.765538 3.842420 2.483786 1.558743 0.951460 0.566859 0.331761 0.192977 0.113813 0.070155 0.046865 0.034838 0.028824 0.025909 0.024540 0.023915 0.023639 0.023520 0.023471 0.023450 0.023442 0.023439 0.023436 0.023433 0.023427 0.023415 0.023393 0.023352 0.023279 0.023153 0.022943 0.022606 0.022085 0.021311 0.020207 0.018695 0.016710 0.014214 0.011212 0.007760 0.003971 0.000000 
50.000000 42.161075 34.624726 27.658524 21.466777 16.173935 11.821588 8.377774 5.754879 3.831300 2.472340 1.547077 0.939649 0.554956 0.319803 0.180985 0.101803 0.058135 0.034839 0.022809 0.016793 0.013878 0.012508 0.011884 0.011608 0.011489 0.011439 0.011419 0.011411 0.011407 0.011406 0.011404 0.011401 0.011395 0.011384 0.011363 0.011327 0.011264 0.011159 0.010992 0.010735 0.010353 0.009811 0.009071 0.008102 0.006887 0.005429 0.003756 0.001921 0.000000 
50.000000 42.160129 34.622871 27.655829 21.463336 16.169857 11.816987 8.372759 5.749549 3.825739 2.466617 1.541243 0.933743 0.549004 0.313823 0.174989 0.095797 0.052124 0.028825 0.016795 0.010778 0.007862 0.006492 0.005868 0.005591 0.005473 0.005423 0.005403 0.005395 0.005392 0.005390 0.005389 0.005388 0.005385 0.005379 0.005369 0.005352 0.005321 0.005271 0.005190 0.005067 0.004885 0.004627 0.004275 0.003816 0.003242 0.002554 0.001766 0.000903 0.000000 
50.000000 42.159671 34.621973 27.654524 21.461670 16.167882 11.814758 8.370330 5.746968 3.823047 2.463846 1.538419 0.930883 0.546122 0.310928 0.172086 0.092889 0.049214 0.025914 0.013882 0.007865 0.004950 0.003579 0.002955 0.002679 0.002560 0.002510 0.002490 0.002482 0.002479 0.002478 0.002477 0.002476 0.002475 0.002472 0.002467 0.002459 0.002445 0.002421 0.002384 0.002326 0.002242 0.002123 0.001960 0.001749 0.001485 0.001169 0.000808 0.000413 0.000000 
50.000000 42.159457 34.621553 27.653914 21.460891 16.166959 11.813716 8.369194 5.745761 3.821788 2.462550 1.537098 0.929546 0.544775 0.309574 0.170728 0.091529 0.047853 0.024552 0.012520 0.006503 0.003587 0.002217 0.001593 0.001316 0.001198 0.001148 0.001128 0.001120 0.001117 0.001116 0.001115 0.001115 0.001114 0.001113 0.001111 0.001107 0.001100 0.001089 0.001072 0.001046 0.001008 0.000954 0.000880 0.000785 0.000666 0.000525 0.000362 0.000185 0.000000 
50.000000 42.159362 34.621366 27.653643 21.460545 16.166549 11.813254 8.368690 5.745225 3.821229 2.461975 1.536511 0.928952 0.544177 0.308973 0.170126 0.090926 0.047249 0.023948 0.011916 0.005899 0.002983 0.001613 0.000988 0.000712 0.000593 0.000544 0.000523 0.000515 0.000512 0.000511 0.000511 0.000510 0.000510 0.000509 0.000508 0.000507 0.000504 0.000499 0.000491 0.000479 0.000461 0.000436 0.000402 0.000359 0.000304 0.000239 0.000165 0.000085 0.000000 
50.000000 42.159326 34.621296 27.653541 21.460415 16.166395 11.813080 8.368501 5.745024 3.821019 2.461759 1.536291 0.928730 0.543952 0.308747 0.169900 0.090700 0.047022 0.023721 0.011689 0.005672 0.002756 0.001386 0.000762 0.000485 0.000366 0.000317 0.000297 0.000289 0.000286 0.000284 0.000284 0.000284 0.000284 0.000283 0.000283 0.000282 0.000280 0.000277 0.000273 0.000266 0.000256 0.000242 0.000223 0.000199 0.000169 0.000133 0.000092 0.000047 0.000000 
50.000000 42.159326 34.621296 27.653541 21.460415 16.166395 11.813080 8.368501 5.745024 3.821019 2.461759 1.536291 0.928730 0.543952 0.308747 0.169900 0.090700 0.047022 0.023721 0.011689 0.005672 0.002756 0.001386 0.000762 0.000485 0.000366 0.000317 0.000297 0.000289 0.000286 0.000284 0.000284 0.000284 0.000284 0.000283 0.000283 0.000282 0.000280 0.000277 0.000273 0.000266 0.000256 0.000242 0.000223 0.000199 0.000169 0.000133 0.000092 0.000047 0.000000 
50.000000 42.159362 34.621366 27.653643 21.460545 16.166549 11.813254 8.368690 5.745225 3.821229 2.461975 1.536511 0.928952 0.544177 0.308973 0.170126 0.090926 0.047249 0.023948 0.011916 0.005899 0.002983 0.001613 0.000988 0.000712 0.000593 0.000544 0.000523 0.000515 0.000512 0.000511 0.000511 0.000510 0.000510 0.000509 0.000508 0.000507 0.000504 0.000499 0.000491 0.000479 0.000461 0.000436 0.000402 0.000359 0.000304 0.000239 0.000165 0.000085 0.000000 
50.000000 42.159457 34.621553 27.653914 21.460891 16.166959 11.813716 8.369194 5.745761 3.821788 2.462550 1.537098 0.929546 0.544775 0.309574 0.170728 0.091529 0.047853 0.024552 0.012520 0.006503 0.003587 0.002217 0.001593 0.001316 0.001198 0.001148 0.001128 0.001120 0.001117 0.001116 0.001115 0.001115 0.001114 0.001113 0.001111 0.001107 0.001100 0.001089 0.001072 0.001046 0.001008 0.000954 0.000880 0.000785 0.000666 0.000525 0.000362 0.000185 0.000000 
50.000000 42.159671 34.621973 27.654524 21.461670 16.167882 11.814758 8.370330 5.746968 3.823047 2.463846 1.538419 0.930883 0.546122 0.310928 0.172086 0.092889 0.049214 0.025914 0.013882 0.007865 0.004950 0.003579 0.002955 0.002679 0.002560 0.002510 0.002490 0.002482 0.002479 0.002478 0.002477 0.002476 0.002475 0.002472 0.002467 0.002459 0.002445 0.002421 0.002384 0.002326 0.002242 0.002123 0.001960 0.001749 0.001485 0.001169 0.000808 0.000413 0.000000 
50.000000 42.160129 34.622871 27.655829 21.463336 16.169857 11.816987 8.372759 5.749549 3.825739 2.466617 1.541243 0.933743 0.549004 0.313823 0.174989 0.095797 0.052124 0.028825 0.016795 0.010778 0.007862 0.006492 0.005868 0.005591 0.005473 0.005423 0.005403 0.005395 0.005392 0.005390 0.005389 0.005388 0.005385 0.005379 0.005369 0.005352 0.005321 0.005271 0.005190 0.005067 0.004885 0.004627 0.004275 0.003816 0.003242 0.002554 0.001766 0.000903 0.000000 
50.000000 42.161075 34.624726 27.658524 21.466777 16.173935 11.821588 8.377774 5.754879 3.831300 2.472340 1.547077 0.939649 0.554956 0.319803 0.180985 0.101803 0.058135 0.034839 0.022809 0.016793 0.013878 0.012508 0.011884 0.011608 0.011489 0.011439 0.011419 0.011411 0.011407 0.011406 0.011404 0.011401 0.011395 0.011384 0.011363 0.011327 0.011264 0.011159 0.010992 0.010735 0.010353 0.009811 0.009071 0.008102 0.006887 0.005429 0.003756 0.001921 0.000000 
50.000000 42.162966 34.628434 27.663911 21.473657 16.182089 11.830789 8.387803 5.765538 3.842420 2.483786 1.558743 0.951460 0.566859 0.331761 0.192977 0.113813 0.070155 0.046865 0.034838 0.028824 0.025909 0.024540 0.023915 0.023639 0.023520 0.023471 0.023450 0.023442 0.023439 0.023436 0.023433 0.023427 0.023415 0.023393 0.023352 0.023279 0.023153 0.022943 0.022606 0.022085 0.021311 0.020207 0.018695 0.016710 0.014214 0.011212 0.007760 0.003971 0.000000 
50.000000 42.166627 34.635614 27.674344 21.486978 16.197878 11.848607 8.407224 5.786178 3.863953 2.505950 1.581336 0.974334 0.589910 0.354921 0.216200 0.137073 0.093435 0.070155 0.058134 0.052122 0.049209 0.047840 0.047216 0.046940 0.046821 0.046772 0.046751 0.046743 0.046739 0.046735 0.046729 0.046718 0.046695 0.046653 0.046574 0.046433 0.046188 0.045780 0.045122 0.044102 0.042581 0.040403 0.037409 0.033464 0.028489 0.022488 0.015574 0.007973 0.000000 
50.000000 42.173488 34.649070 27.693894 21.511943 16.227470 11.882000 8.443623 5.824864 3.904315 2.547494 1.623684 1.017209 0.633118 0.398332 0.259732 0.180672 0.137073 0.113813 0.101802 0.095795 0.092884 0.091517 0.090893 0.090617 0.090499 0.090449 0.090428 0.090420 0.090414 0.090408 0.090398 0.090377 0.090336 0.090258 0.090111 0.089847 0.089389 0.088621 0.087380 0.085448 0.082555 0.078393 0.072649 0.065052 0.055433 0.043796 0.030353 0.015545 0.000000 
50.000000 42.185926 34.673466 27.729340 21.557206 16.281122 11.942545 8.509619 5.895008 3.977498 2.622822 1.700471 1.094952 0.711467 0.477050 0.338667 0.259732 0.216200 0.192977 0.180985 0.174988 0.172081 0.170716 0.170093 0.169817 0.169699 0.169649 0.169628 0.169619 0.169612 0.169602 0.169584 0.169547 0.169474 0.169334 0.169071 0.168596 0.167769 0.166375 0.164113 0.160576 0.155254 0.147563 0.136895 0.122719 0.104694 0.082803 0.057437 0.029432 0.000000 
50.000000 42.207728 34.716226 27.791468 21.636545 16.375165 12.048675 8.625306 6.017969 4.105790 2.754875 1.835083 1.231243 0.848819 0.615051 0.477050 0.398332 0.354921 0.331761 0.319802 0.313821 0.310923 0.309561 0.308940 0.308665 0.308547 0.308497 0.308476 0.308465 0.308455 0.308440 0.308409 0.308347 0.308222 0.307979 0.307526 0.306703 0.305261 0.302824 0.298847 0.292596 0.283141 0.269400 0.250234 0.224626 0.191899 0.151967 0.105523 0.054110 0.000000 
50.000000 42.244653 34.788647 27.896695 21.770922 16.534452 12.228436 8.821259 6.226246 4.323100 2.978562 2.063107 1.462112 1.081489 0.848819 0.711467 0.633118 0.589910 0.566859 0.554955 0.549003 0.546118 0.544762 0.544144 0.543871 0.543753 0.543703 0.543681 0.543668 0.543655 0.543630 0.543580 0.543477 0.543271 0.542870 0.542117 0.540744 0.538329 0.534223 0.527487 0.516838 0.500632 0.476927 0.443648 0.398894 0.341348 0.270741 0.188240 0.096608 0.000000 
50.000000 42.305049 34.907103 28.068811 21.990721 16.795000 12.522479 9.141793 6.566948 4.678582 3.344480 2.436126 1.839788 1.462112 1.231243 1.094952 1.017209 0.974333 0.951460 0.939648 0.933741 0.930878 0.929533 0.928920 0.928648 0.928531 0.928481 0.928458 0.928443 0.928424 0.928386 0.928307 0.928145 0.927819 0.927183 0.925982 0.923783 0.919894 0.913245 0.902272 0.884809 0.858047 0.818608 0.762819 0.687216 0.589280 0.468297 0.326124 0.167553 0.000000 
50.000000 42.400398 35.094115 28.340540 22.337735 17.206354 12.986724 9.647874 7.104877 5.239858 3.922240 3.025104 2.436126 2.063107 1.835083 1.700471 1.623684 1.581336 1.558743 1.547076 1.541242 1.538414 1.537085 1.536479 1.536211 1.536095 1.536045 1.536021 1.536002 1.535974 1.535918 1.535801 1.535556 1.535063 1.534096 1.532260 1.528885 1.522881 1.512552 1.495390 1.467874 1.425365 1.362184 1.272007 1.148678 0.987473 0.786656 0.548962 0.282433 0.000000 
50.000000 42.545615 35.378937 28.754393 22.866258 17.832879 13.693817 10.418698 7.924225 6.094778 4.802281 3.922240 3.344480 2.978562 2.754875 2.622822 2.547494 2.505950 2.483785 2.472340 2.466616 2.463841 2.462538 2.461943 2.461680 2.461566 2.461516 2.461490 2.461467 2.461429 2.461349 2.461180 2.460828 2.460114 2.458709 2.456029 2.451075 2.442208 2.426851 2.401141 2.359576 2.294775 2.197502 2.057193 1.863187 1.606788 1.284015 0.898445 0.463086 0.000000 
50.000000 42.758870 35.797207 29.362153 23.642423 18.752979 14.732253 11.550748 9.127554 7.350367 6.094778 5.239858 4.678582 4.323100 4.105790 3.977498 3.904315 3.863953 3.842420 3.831299 3.825738 3.823042 3.821776 3.821198 3.820942 3.820831 3.820781 3.820753 3.820725 3.820674 3.820566 3.820335 3.819852 3.818868 3.816923 3.813194 3.806262 3.793773 3.771984 3.735202 3.675183 3.580637 3.437081 3.227420 2.933663 2.540120 2.038079 1.431163 0.739503 0.000000 
50.000000 43.060688 36.389185 30.222325 24.740952 20.055239 16.202021 13.153034 10.830751 9.127554 7.924225 7.104877 6.566948 6.226246 6.017969 5.895008 5.824864 5.786178 5.765537 5.754878 5.749547 5.746963 5.745749 5.745195 5.744950 5.744842 5.744794 5.744764 5.744730 5.744665 5.744526 5.744226 5.743597 5.742309 5.739753 5.734827 5.725614 5.708901 5.679512 5.629450 5.546917 5.415375 5.213000 4.913076 4.486084 3.904313 3.149430 2.222332 1.152327 0.000000 
50.000000 43.472183 37.196286 31.395088 26.238709 21.830786 18.205977 15.337700 13.153034 11.550748 10.418698 9.647874 9.141793 8.821259 8.625306 8.509619 8.443623 8.407224 8.387803 8.377774 8.372757 8.370326 8.369184 8.368662 8.368431 8.368329 8.368282 8.368251 8.368212 8.368134 8.367964 8.367596 8.366821 8.365230 8.362056 8.355906 8.344332 8.323186 8.285689 8.221196 8.113667 7.940033 7.668850 7.259987 6.666573 5.840846 4.745589 3.371532 1.757150 0.000000 
50.000000 44.012414 38.255889 32.934763 28.205071 24.161875 20.836969 18.205977 16.202021 14.732253 13.693817 12.986724 12.522479 12.228436 12.048675 11.942545 11.882000 11.848607 11.830789 11.821588 11.816985 11.814754 11.813706 11.813228 11.813015 11.812922 11.812877 11.812846 11.812802 11.812713 11.812518 11.812094 11.811198 11.809351 11.805650 11.798441 11.784788 11.759660 11.714718 11.636624 11.504833 11.288945 10.945990 10.418484 9.634915 8.515515 6.987458 5.013560 2.633475 0.000000 
50.000000 44.695105 39.594918 34.880472 30.690009 27.107752 24.161875 21.830786 20.055239 18.752979 17.832879 17.206354 16.795000 16.534452 16.375165 16.281122 16.227470 16.197878 16.182089 16.173935 16.169856 16.167879 16.166950 16.166526 16.166337 16.166254 16.166213 16.166182 16.166137 16.166042 16.165833 16.165379 16.164414 16.162419 16.158403 16.150539 16.135558 16.107784 16.057676 15.969692 15.819316 15.569154 15.164213 14.526960 13.553876 12.117419 10.081202 7.341199 3.905651 0.000000 
50.000000 45.525256 41.223179 37.246468 33.711730 30.690009 28.205071 26.238709 24.740952 23.642423 22.866258 22.337735 21.990721 21.770922 21.636545 21.557206 21.511943 21.486978 21.473656 21.466776 21.463335 21.461667 21.460883 21.460525 21.460366 21.460295 21.460260 21.460232 21.460188 21.460095 21.459890 21.459443 21.458489 21.456510 21.452512 21.444646 21.429574 21.401441 21.350262 21.259470 21.102303 20.836639 20.397863 19.689555 18.572590 16.855865 14.299019 10.653616 5.795390 0.000000 
50.000000 46.496336 43.127864 40.014141 37.246468 34.880472 32.934763 31.395088 30.222325 29.362153 28.754393 28.340540 28.068811 27.896695 27.791468 27.729340 27.693894 27.674343 27.663911 27.658523 27.655828 27.654522 27.653908 27.653628 27.653503 27.653447 27.653419 27.653395 27.653357 27.653276 27.653095 27.652700 27.651856 27.650099 27.646537 27.639501 27.625954 27.600514 27.553884 27.470378 27.324074 27.072894 26.649499 25.947305 24.799270 22.947449 20.007071 15.455278 8.763223 0.000000 
50.000000 47.588827 45.270690 43.127864 41.223179 39.594918 38.255889 37.196286 36.389185 35.797207 35.378937 35.094115 34.907103 34.788647 34.716226 34.673466 34.649070 34.635614 34.628434 34.624725 34.622870 34.621971 34.621548 34.621356 34.621270 34.621231 34.621211 34.621194 34.621166 34.621105 34.620970 34.620674 34.620040 34.618717 34.616029 34.610703 34.600407 34.580979 34.545153 34.480493 34.366044 34.166853 33.824754 33.242329 32.253719 30.569563 27.672585 22.635345 13.923634 0.000000 
50.000000 48.770698 47.588827 46.496336 45.525256 44.695105 44.012414 43.472183 43.060688 42.758870 42.545615 42.400398 42.305049 42.244653 42.207728 42.185926 42.173488 42.166627 42.162966 42.161075 42.160129 42.159671 42.159455 42.159357 42.159313 42.159293 42.159283 42.159274 42.159259 42.159226 42.159154 42.158995 42.158654 42.157943 42.156494 42.153618 42.148045 42.137496 42.117965 42.082529 42.019367 41.908361 41.715034 41.378939 40.789454 39.729866 37.733113 33.665193 24.385349 0.000000 
50.000000 50.000000 50.000000 50.000000 50.000000 50.000000 50.000000 50.000000 50.000000 50.000000 50.000000 50.000000 50.000000 50.000000 50.000000 50.000000 50.000000 50.000000 50.000000 50.000000 50.000000 50.000000 50.000000 50.000000 50.000000 50.000000 50.000000 50.000000 50.000000 50.000000 50.000000 50.000000 50.000000 50.000000 50.000000 50.000000 50.000000 50.000000 50.000000 50.000000 50.000000 50.000000 50.000000 50.000000 50.000000 50.000000 50.000000 50.000000 50.000000 50.000000 
