50.000000 50.000000 50.000000 50.000000 50.000000 50.000000 50.000000 50.000000 50.000000 50.000000 50.000000 50.000000 50.000000 50.000000 50.000000 50.000000 50.000000 50.000000 50.000000 50.000000 50.000000 50.000000 50.000000 50.000000 50.000000 50.000000 50.000000 50.000000 50.000000 50.000000 50.000000 50.000000 50.000000 50.000000 50.000000 50.000000 50.000000 50.000000 50.000000 50.000000 50.000000 50.000000 50.000000 50.000000 50.000000 50.000000 50.000000 50.000000 50.000000 50.000000 
50.000000 48.968300 47.970015 47.035314 46.188404 45.445739 44.815364 44.297366 43.885207 43.567587 43.330468 43.158930 43.038644 42.956859 42.902922 42.868409 42.846973 42.834046 42.826472 42.822161 42.819775 42.818491 42.817818 42.817475 42.817303 42.817216 42.817166 42.817125 42.817068 42.816961 42.816748 42.816328 42.815509 42.813948 42.811035 42.805711 42.796170 42.779393 42.750396 42.701039 42.618073 42.479835 42.250317 41.867766 41.220693 40.092197 38.015871 33.859291 24.484150 0.000000 
50.000000 47.970015 46.005776 44.166649 42.500262 41.038991 39.798663 38.779452 37.968491 37.343545 36.876994 36.539481 36.302809 36.141892 36.035770 35.967864 35.925688 35.900253 35.885352 35.876870 35.872175 35.869649 35.868325 35.867649 35.867311 35.867140 35.867044 35.866965 35.866855 35.866653 35.866253 35.865461 35.863921 35.860990 35.855528 35.845563 35.827752 35.796527 35.742772 35.651745 35.499791 35.249025 34.838390 34.167987 33.070324 31.255679 28.208018 23.002888 14.110724 0.000000 
50.000000 47.035314 44.166649 41.480706 39.047044 36.912946 35.101529 33.613042 32.428695 31.516013 30.834657 30.341752 29.996118 29.761116 29.606138 29.506971 29.445379 29.408235 29.386475 29.374088 29.367233 29.363544 29.361611 29.360624 29.360130 29.359882 29.359743 29.359632 29.359481 29.359206 29.358662 29.357587 29.355501 29.351539 29.344175 29.330784 29.306938 29.265334 29.194141 29.074513 28.876832 28.555005 28.037732 27.215036 25.917638 23.887101 20.740353 15.958632 9.019443 0.000000 
50.000000 46.188404 42.500262 39.047044 35.918182 33.174465 30.845614 28.931948 27.409304 26.235932 25.359964 24.726278 24.281930 23.979813 23.780576 23.653090 23.573910 23.526159 23.498187 23.482263 23.473451 23.468708 23.466224 23.464956 23.464321 23.464003 23.463828 23.463693 23.463514 23.463192 23.462559 23.461313 23.458899 23.454329 23.445862 23.430528 23.403356 23.356234 23.276199 23.142978 22.925469 22.576835 22.027815 21.178005 19.885657 17.959091 15.159943 11.244583 6.096207 0.000000 
50.000000 45.445739 41.038991 36.912946 33.174465 29.896182 27.113606 24.827117 23.007840 21.605888 20.559285 19.802166 19.271269 18.910312 18.672273 18.519961 18.425363 18.368314 18.334896 18.315872 18.305345 18.299679 18.296711 18.295197 18.294440 18.294062 18.293857 18.293705 18.293513 18.293173 18.292509 18.291204 18.288687 18.283935 18.275170 18.259368 18.231527 18.183573 18.102806 17.969746 17.755269 17.416979 16.894949 16.107420 14.948091 13.288808 10.995307 7.968667 4.225045 0.000000 
50.000000 44.815364 39.798663 35.101529 30.845614 27.113606 23.945929 21.343010 19.271976 17.676030 16.484614 15.622744 15.018402 14.607513 14.336550 14.163172 14.055493 13.990556 13.952518 13.930864 13.918882 13.912433 13.909056 13.907332 13.906472 13.906044 13.905817 13.905655 13.905463 13.905130 13.904484 13.903223 13.900796 13.896234 13.887855 13.872828 13.846513 13.801518 13.726396 13.603938 13.409067 13.106463 12.648308 11.972964 11.006186 9.667609 7.886493 5.630676 2.947598 0.000000 
50.000000 44.297366 38.779452 33.613042 28.931948 24.827117 21.343010 18.480095 16.202209 14.446876 13.136485 12.188558 11.523880 11.071975 10.773966 10.583286 10.464862 10.393447 10.351614 10.327801 10.314624 10.307532 10.303818 10.301924 10.300979 10.300511 10.300267 10.300103 10.299920 10.299613 10.299025 10.297882 10.295691 10.291589 10.284090 10.270714 10.247438 10.207935 10.142558 10.037087 9.871301 9.617593 9.240048 8.694702 7.932168 6.904133 5.575310 3.941063 2.047049 0.000000 
50.000000 43.885207 37.968491 32.428695 27.409304 23.007840 19.271976 16.202209 13.759758 11.877626 10.472590 9.456207 8.743536 8.259007 7.939489 7.735047 7.608079 7.531513 7.486663 7.461133 7.447007 7.439404 7.435423 7.433392 7.432380 7.431882 7.431626 7.431464 7.431297 7.431029 7.430522 7.429542 7.427674 7.424190 7.417851 7.406606 7.387162 7.354404 7.300650 7.214785 7.081360 6.879879 6.584616 6.165514 5.590861 4.832469 3.873690 2.719466 1.405372 0.000000 
50.000000 43.567587 37.343545 31.516013 26.235932 21.605888 17.676030 14.446876 11.877626 9.897798 8.419844 7.350724 6.601081 6.091422 5.755335 5.540296 5.406748 5.326214 5.279041 5.252190 5.237331 5.229335 5.225148 5.223013 5.221951 5.221429 5.221166 5.221009 5.220861 5.220636 5.220221 5.219423 5.217908 5.215096 5.210004 5.201021 5.185583 5.159757 5.117721 5.051193 4.948899 4.796265 4.575575 4.266963 3.850619 3.310463 2.639181 1.843754 0.949514 0.000000 
50.000000 43.330468 36.876994 30.834657 25.359964 20.559285 16.484614 13.136485 10.472590 8.419844 6.887468 5.778989 5.001757 4.473345 4.124896 3.901950 3.763492 3.680000 3.631094 3.603256 3.587853 3.579564 3.575223 3.573010 3.571910 3.571372 3.571105 3.570953 3.570825 3.570644 3.570318 3.569698 3.568526 3.566359 3.562455 3.555604 3.543900 3.524451 3.493034 3.443734 3.368652 3.257804 3.099398 2.880675 2.589539 2.216986 1.760144 1.225250 0.629429 0.000000 
50.000000 43.158930 36.539481 30.341752 24.726278 19.802166 15.622744 12.188558 9.456207 7.350724 5.778989 4.642048 3.844865 3.302894 2.945507 2.716844 2.574838 2.489207 2.439049 2.410499 2.394701 2.386200 2.381749 2.379480 2.378352 2.377803 2.377534 2.377388 2.377278 2.377136 2.376891 2.376429 2.375560 2.373962 2.371095 2.366090 2.357587 2.343546 2.321024 2.285955 2.233002 2.155557 2.045999 1.896348 1.699360 1.450079 1.147611 0.796709 0.408534 0.000000 
50.000000 43.038644 36.302809 29.996118 24.281930 19.271269 15.018402 11.523880 8.743536 6.601081 5.001757 3.844865 3.033699 2.482225 2.118576 1.885907 1.741415 1.654285 1.603250 1.574201 1.558127 1.549478 1.544949 1.542641 1.541494 1.540937 1.540667 1.540527 1.540432 1.540324 1.540145 1.539814 1.539196 1.538064 1.536043 1.532530 1.526594 1.516850 1.501319 1.477306 1.441324 1.389132 1.315945 1.216884 1.087696 0.925696 0.730784 0.506282 0.259251 0.000000 
50.000000 42.956859 36.141892 29.761116 23.979813 18.910312 14.607514 11.071975 8.259007 6.091422 4.473345 3.302894 2.482225 1.924295 1.556389 1.321000 1.174819 1.086671 1.035040 1.005652 0.989391 0.980641 0.976060 0.973725 0.972566 0.972003 0.971733 0.971598 0.971515 0.971433 0.971306 0.971078 0.970655 0.969883 0.968511 0.966138 0.962147 0.955632 0.945307 0.929445 0.905839 0.871845 0.824537 0.761001 0.678785 0.576457 0.454178 0.314140 0.160688 0.000000 
50.000000 42.902922 36.035770 29.606138 23.780576 18.672273 14.336550 10.773966 7.939489 5.755335 4.124896 2.945507 2.118576 1.556389 1.185680 0.948497 0.801203 0.712385 0.660361 0.630751 0.614367 0.605550 0.600934 0.598582 0.597414 0.596848 0.596578 0.596447 0.596373 0.596310 0.596223 0.596071 0.595791 0.595284 0.594386 0.592840 0.590252 0.586046 0.579418 0.569293 0.554315 0.532883 0.503253 0.463723 0.412905 0.350049 0.275355 0.190206 0.097211 0.000000 
50.000000 42.868409 35.967864 29.506971 23.653090 18.519961 14.163172 10.583286 7.735048 5.540296 3.901950 2.716845 1.885907 1.321000 0.948497 0.710168 0.562163 0.472916 0.420642 0.390889 0.374426 0.365567 0.360929 0.358566 0.357392 0.356825 0.356555 0.356426 0.356359 0.356310 0.356251 0.356152 0.355973 0.355652 0.355084 0.354111 0.352489 0.349865 0.345749 0.339495 0.330292 0.317197 0.299196 0.275318 0.244791 0.207228 0.162796 0.112336 0.057374 0.000000 
50.000000 42.846973 35.925688 29.445379 23.573910 18.425363 14.055493 10.464862 7.608080 5.406748 3.763493 2.574839 1.741415 1.174819 0.801204 0.562163 0.413717 0.324204 0.271774 0.241933 0.225421 0.216536 0.211884 0.209514 0.208338 0.207768 0.207499 0.207373 0.207310 0.207270 0.207230 0.207167 0.207057 0.206859 0.206512 0.205920 0.204936 0.203352 0.200877 0.197134 0.191652 0.183890 0.173274 0.159259 0.141428 0.119582 0.093841 0.064698 0.033025 0.000000 
50.000000 42.834046 35.900253 29.408235 23.526160 18.368315 13.990557 10.393448 7.531514 5.326215 3.680001 2.489208 1.654286 1.086672 0.712386 0.472917 0.324205 0.234532 0.182009 0.152114 0.135573 0.126672 0.122012 0.119637 0.118459 0.117889 0.117620 0.117495 0.117435 0.117402 0.117373 0.117334 0.117268 0.117150 0.116945 0.116596 0.116018 0.115091 0.113649 0.111476 0.108308 0.103841 0.097758 0.089762 0.079629 0.067261 0.052735 0.036332 0.018537 0.000000 
50.000000 42.826473 35.885353 29.386476 23.498188 18.334898 13.952520 10.351616 7.486665 5.279044 3.631096 2.439052 1.603252 1.035043 0.660364 0.420645 0.271777 0.182011 0.129432 0.099506 0.082948 0.074038 0.069373 0.066996 0.065817 0.065247 0.064978 0.064853 0.064795 0.064766 0.064745 0.064720 0.064681 0.064614 0.064496 0.064296 0.063967 0.063441 0.062626 0.061401 0.059623 0.057126 0.053737 0.049299 0.043695 0.036877 0.028891 0.019892 0.010145 0.000000 
50.000000 42.822162 35.876872 29.374091 23.482267 18.315877 13.930870 10.327807 7.461140 5.252196 3.603263 2.410506 1.574208 1.005659 0.630758 0.390896 0.241939 0.152120 0.099510 0.069567 0.052998 0.044083 0.039416 0.037037 0.035857 0.035287 0.035018 0.034894 0.034837 0.034810 0.034794 0.034778 0.034756 0.034718 0.034652 0.034542 0.034360 0.034070 0.033622 0.032952 0.031982 0.030624 0.028788 0.026391 0.023373 0.019711 0.015433 0.010621 0.005415 0.000000 
50.000000 42.819778 35.872181 29.367241 23.473461 18.305356 13.918895 10.314638 7.447022 5.237347 3.587869 2.394718 1.558144 0.989409 0.614384 0.374443 0.225438 0.135589 0.082962 0.053009 0.036435 0.027517 0.022848 0.020469 0.019289 0.018718 0.018449 0.018325 0.018269 0.018244 0.018230 0.018220 0.018207 0.018186 0.018150 0.018091 0.017993 0.017838 0.017599 0.017242 0.016727 0.016008 0.015039 0.013778 0.012195 0.010278 0.008042 0.005532 0.002820 0.000000 
50.000000 42.818497 35.869661 29.363561 23.468731 18.299706 13.912464 10.307566 7.439440 5.229373 3.579603 2.386240 1.549519 0.980682 0.605591 0.365608 0.216577 0.126712 0.074076 0.044117 0.027541 0.018621 0.013951 0.011572 0.010391 0.009821 0.009552 0.009429 0.009373 0.009348 0.009336 0.009328 0.009321 0.009309 0.009291 0.009259 0.009208 0.009127 0.009002 0.008817 0.008550 0.008179 0.007680 0.007032 0.006220 0.005240 0.004098 0.002818 0.001436 0.000000 
50.000000 42.817833 35.868354 29.361653 23.466277 18.296775 13.909128 10.303897 7.435507 5.225237 3.575314 2.381842 1.545044 0.976155 0.601030 0.361025 0.211980 0.122107 0.069467 0.039505 0.022927 0.014007 0.009337 0.006957 0.005776 0.005206 0.004937 0.004813 0.004758 0.004733 0.004722 0.004716 0.004711 0.004705 0.004695 0.004679 0.004653 0.004611 0.004547 0.004452 0.004316 0.004127 0.003873 0.003544 0.003134 0.002638 0.002063 0.001418 0.000722 0.000000 
50.000000 42.817508 35.867715 29.360719 23.465078 18.295342 13.907496 10.302103 7.433584 5.223214 3.573218 2.379692 1.542856 0.973942 0.598800 0.358784 0.209733 0.119856 0.067213 0.037250 0.020672 0.011751 0.007080 0.004701 0.003520 0.002949 0.002681 0.002557 0.002502 0.002477 0.002467 0.002461 0.002458 0.002454 0.002449 0.002440 0.002426 0.002404 0.002370 0.002320 0.002248 0.002149 0.002016 0.001844 0.001629 0.001371 0.001072 0.000736 0.000375 0.000000 
50.000000 42.817377 35.867456 29.360342 23.464593 18.294762 13.906837 10.301378 7.432806 5.222396 3.572370 2.378823 1.541972 0.973048 0.597899 0.357879 0.208825 0.118946 0.066302 0.036339 0.019760 0.010839 0.006168 0.003789 0.002608 0.002037 0.001769 0.001645 0.001590 0.001566 0.001555 0.001550 0.001547 0.001545 0.001541 0.001535 0.001526 0.001512 0.001491 0.001459 0.001413 0.001350 0.001266 0.001158 0.001023 0.000860 0.000672 0.000462 0.000235 0.000000 
50.000000 42.817377 35.867456 29.360342 23.464593 18.294762 13.906837 10.301378 7.432806 5.222396 3.572370 2.378823 1.541972 0.973048 0.597899 0.357879 0.208825 0.118946 0.066302 0.036339 0.019760 0.010839 0.006168 0.003789 0.002608 0.002037 0.001769 0.001645 0.001590 0.001566 0.001555 0.001550 0.001547 0.001545 0.001541 0.001535 0.001526 0.001512 0.001491 0.001459 0.001413 0.001350 0.001266 0.001158 0.001023 0.000860 0.000672 0.000462 0.000235 0.000000 
50.000000 42.817508 35.867715 29.360719 23.465078 18.295342 13.907496 10.302103 7.433584 5.223214 3.573218 2.379692 1.542856 0.973942 0.598800 0.358784 0.209733 0.119856 0.067213 0.037250 0.020672 0.011751 0.007080 0.004701 0.003520 0.002949 0.002681 0.002557 0.002502 0.002477 0.002467 0.002461 0.002458 0.002454 0.002449 0.002440 0.002426 0.002404 0.002370 0.002320 0.002248 0.002149 0.002016 0.001844 0.001629 0.001371 0.001072 0.000736 0.000375 0.000000 
50.000000 42.817833 35.868354 29.361653 23.466277 18.296775 13.909128 10.303897 7.435507 5.225237 3.575314 2.381842 1.545044 0.976155 0.601030 0.361025 0.211980 0.122107 0.069467 0.039505 0.022927 0.014007 0.009337 0.006957 0.005776 0.005206 0.004937 0.004813 0.004758 0.004733 0.004722 0.004716 0.004711 0.004705 0.004695 0.004679 0.004653 0.004611 0.004547 0.004452 0.004316 0.004127 0.003873 0.003544 0.003134 0.002638 0.002063 0.001418 0.000722 0.000000 
50.000000 42.818497 35.869661 29.363561 23.468731 18.299706 13.912464 10.307566 7.439440 5.229373 3.579603 2.386240 1.549519 0.980682 0.605591 0.365608 0.216577 0.126712 0.074076 0.044117 0.027541 0.018621 0.013951 0.011572 0.010391 0.009821 0.009552 0.009429 0.009373 0.009348 0.009336 0.009328 0.009321 0.009309 0.009291 0.009259 0.009208 0.009127 0.009002 0.008817 0.008550 0.008179 0.007680 0.007032 0.006220 0.005240 0.004098 0.002818 0.001436 0.000000 
50.000000 42.819778 35.872181 29.367241 23.473461 18.305356 13.918895 10.314638 7.447022 5.237347 3.587869 2.394718 1.558144 0.989409 0.614384 0.374443 0.225438 0.135589 0.082962 0.053009 0.036435 0.027517 0.022848 0.020469 0.019289 0.018718 0.018449 0.018325 0.018269 0.018244 0.018230 0.018220 0.018207 0.018186 0.018150 0.018091 0.017993 0.017838 0.017599 0.017242 0.016727 0.016008 0.015039 0.013778 0.012195 0.010278 0.008042 0.005532 0.002820 0.000000 
50.000000 42.822162 35.876872 29.374091 23.482267 18.315877 13.930870 10.327807 7.461140 5.252196 3.603263 2.410506 1.574208 1.005659 0.630758 0.390896 0.241939 0.152120 0.099510 0.069567 0.052998 0.044083 0.039416 0.037037 0.035857 0.035287 0.035018 0.034894 0.034837 0.034810 0.034794 0.034778 0.034756 0.034718 0.034652 0.034542 0.034360 0.034070 0.033622 0.032952 0.031982 0.030624 0.028788 0.026391 0.023373 0.019711 0.015433 0.010621 0.005415 0.000000 
50.000000 42.826473 35.885353 29.386476 23.498188 18.334898 13.952520 10.351616 7.486665 5.279044 3.631096 2.439052 1.603252 1.035043 0.660364 0.420645 0.271777 0.182011 0.129432 0.099506 0.082948 0.074038 0.069373 0.066996 0.065817 0.065247 0.064978 0.064853 0.064795 0.064766 0.064745 0.064720 0.064681 0.064614 0.064496 0.064296 0.063967 0.063441 0.062626 0.061401 0.059623 0.057126 0.053737 0.049299 0.043695 0.036877 0.028891 0.019892 0.010145 0.000000 
50.000000 42.834046 35.900253 29.408235 23.526160 18.368315 13.990557 10.393448 7.531514 5.326215 3.680001 2.489208 1.654286 1.086672 0.712386 0.472917 0.324205 0.234532 0.182009 0.152114 0.135573 0.126672 0.122012 0.119637 0.118459 0.117889 0.117620 0.117495 0.117435 0.117402 0.117373 0.117334 0.117268 0.117150 0.116945 0.116596 0.116018 0.115091 0.113649 0.111476 0.108308 0.103841 0.097758 0.089762 0.079629 0.067261 0.052735 0.036332 0.018537 0.000000 
50.000000 42.846973 35.925688 29.445379 23.573910 18.425363 14.055493 10.464862 7.608080 5.406748 3.763493 2.574839 1.741415 1.174819 0.801204 0.562163 0.413717 0.324204 0.271774 0.241933 0.225421 0.216536 0.211884 0.209514 0.208338 0.207768 0.207499 0.207373 0.207310 0.207270 0.207230 0.207167 0.207057 0.206859 0.206512 0.205920 0.204936 0.203352 0.200877 0.197134 0.191652 0.183890 0.173274 0.159259 0.141428 0.119582 0.093841 0.064698 0.033025 0.000000 
50.000000 42.868409 35.967864 29.506971 23.653090 18.519961 14.163172 10.583286 7.735048 5.540296 3.901950 2.716845 1.885907 1.321000 0.948497 0.710168 0.562163 0.472916 0.420642 0.390889 0.374426 0.365567 0.360929 0.358566 0.357392 0.356825 0.356555 0.356426 0.356359 0.356310 0.356251 0.356152 0.355973 0.355652 0.355084 0.354111 0.352489 0.349865 0.345749 0.339495 0.330292 0.317197 0.299196 0.275318 0.244791 0.207228 0.162796 0.112336 0.057374 0.000000 
50.000000 42.902922 36.035770 29.606138 23.780576 18.672273 14.336550 10.773966 7.939489 5.755335 4.124896 2.945507 2.118576 1.556389 1.185680 0.948497 0.801203 0.712385 0.660361 0.630751 0.614367 0.605550 0.600934 0.598582 0.597414 0.596848 0.596578 0.596447 0.596373 0.596310 0.596223 0.596071 0.595791 0.595284 0.594386 0.592840 0.590252 0.586046 0.579418 0.569293 0.554315 0.532883 0.503253 0.463723 0.412905 0.350049 0.275355 0.190206 0.097211 0.000000 
50.000000 42.956859 36.141892 29.761116 23.979813 18.910312 14.607514 11.071975 8.259007 6.091422 4.473345 3.302894 2.482225 1.924295 1.556389 1.321000 1.174819 1.086671 1.035040 1.005652 0.989391 0.980641 0.976060 0.973725 0.972566 0.972003 0.971733 0.971598 0.971515 0.971433 0.971306 0.971078 0.970655 0.969883 0.968511 0.966138 0.962147 0.955632 0.945307 0.929445 0.905839 0.871845 0.824537 0.761001 0.678785 0.576457 0.454178 0.314140 0.160688 0.000000 
50.000000 43.038644 36.302809 29.996118 24.281930 19.271269 15.018402 11.523880 8.743536 6.601081 5.001757 3.844865 3.033699 2.482225 2.118576 1.885907 1.741415 1.654285 1.603250 1.574201 1.558127 1.549478 1.544949 1.542641 1.541494 1.540937 1.540667 1.540527 1.540432 1.540324 1.540145 1.539814 1.539196 1.538064 1.536043 1.532530 1.526594 1.516850 1.501319 1.477306 1.441324 1.389132 1.315945 1.216884 1.087696 0.925696 0.730784 0.506282 0.259251 0.000000 
50.000000 43.158930 36.539481 30.341752 24.726278 19.802166 15.622744 12.188558 9.456207 7.350724 5.778989 4.642048 3.844865 3.302894 2.945507 2.716844 2.574838 2.489207 2.439049 2.410499 2.394701 2.386200 2.381749 2.379480 2.378352 2.377803 2.377534 2.377388 2.377278 2.377136 2.376891 2.376429 2.375560 2.373962 2.371095 2.366090 2.357587 2.343546 2.321024 2.285955 2.233002 2.155557 2.045999 1.896348 1.699360 1.450079 1.147611 0.796709 0.408534 0.000000 
50.000000 43.330468 36.876994 30.834657 25.359964 20.559285 16.484614 13.136485 10.472590 8.419844 6.887468 5.778989 5.001757 4.473345 4.124896 3.901950 3.763492 3.680000 3.631094 3.603256 3.587853 3.579564 3.575223 3.573010 3.571910 3.571372 3.571105 3.570953 3.570825 3.570644 3.570318 3.569698 3.568526 3.566359 3.562455 3.555604 3.543900 3.524451 3.493034 3.443734 3.368652 3.257804 3.099398 2.880675 2.589539 2.216986 1.760144 1.225250 0.629429 0.000000 
50.000000 43.567587 37.343545 31.516013 26.235932 21.605888 17.676030 14.446876 11.877626 9.897798 8.419844 7.350724 6.601081 6.091422 5.755335 5.540296 5.406748 5.326214 5.279041 5.252190 5.237331 5.229335 5.225148 5.223013 5.221951 5.221429 5.221166 5.221009 5.220861 5.220636 5.220221 5.219423 5.217908 5.215096 5.210004 5.201021 5.185583 5.159757 5.117721 5.051193 4.948899 4.796265 4.575575 4.266963 3.850619 3.310463 2.639181 1.843754 0.949514 0.000000 
50.000000 43.885207 37.968491 32.428695 27.409304 23.007840 19.271976 16.202209 13.759758 11.877626 10.472590 9.456207 8.743536 8.259007 7.939489 7.735047 7.608079 7.531513 7.486663 7.461133 7.447007 7.439404 7.435423 7.433392 7.432380 7.431882 7.431626 7.431464 7.431297 7.431029 7.430522 7.429542 7.427674 7.424190 7.417851 7.406606 7.387162 7.354404 7.300650 7.214785 7.081360 6.879879 6.584616 6.165514 5.590861 4.832469 3.873690 2.719466 1.405372 0.000000 
50.000000 44.297366 38.779452 33.613042 28.931948 24.827117 21.343010 18.480095 16.202209 14.446876 13.136485 12.188558 11.523880 11.071975 10.773966 10.583286 10.464862 10.393447 10.351614 10.327801 10.314624 10.307532 10.303818 10.301924 10.300979 10.300511 10.300267 10.300103 10.299920 10.299613 10.299025 10.297882 10.295691 10.291589 10.284090 10.270714 10.247438 10.207935 10.142558 10.037087 9.871301 9.617593 9.240048 8.694702 7.932168 6.904133 5.575310 3.941063 2.047049 0.000000 
50.000000 44.815364 39.798663 35.101529 30.845614 27.113606 23.945929 21.343010 19.271976 17.676030 16.484614 15.622744 15.018402 14.607513 14.336550 14.163172 14.055493 13.990556 13.952518 13.930864 13.918882 13.912433 13.909056 13.907332 13.906472 13.906044 13.905817 13.905655 13.905463 13.905130 13.904484 13.903223 13.900796 13.896234 13.887855 13.872828 13.846513 13.801518 13.726396 13.603938 13.409067 13.106463 12.648308 11.972964 11.006186 9.667609 7.886493 5.630676 2.947598 0.000000 
50.000000 45.445739 41.038991 36.912946 33.174465 29.896182 27.113606 24.827117 23.007840 21.605888 20.559285 19.802166 19.271269 18.910312 18.672273 18.519961 18.425363 18.368314 18.334896 18.315872 18.305345 18.299679 18.296711 18.295197 18.294440 18.294062 18.293857 18.293705 18.293513 18.293173 18.292509 18.291204 18.288687 18.283935 18.275170 18.259368 18.231527 18.183573 18.102806 17.969746 17.755269 17.416979 16.894949 16.107420 14.948091 13.288808 10.995307 7.968667 4.225045 0.000000 
50.000000 46.188404 42.500262 39.047044 35.918182 33.174465 30.845614 28.931948 27.409304 26.235932 25.359964 24.726278 24.281930 23.979813 23.780576 23.653090 23.573910 23.526159 23.498187 23.482263 23.473451 23.468708 23.466224 23.464956 23.464321 23.464003 23.463828 23.463693 23.463514 23.463192 23.462559 23.461313 23.458899 23.454329 23.445862 23.430528 23.403356 23.356234 23.276199 23.142978 22.925469 22.576835 22.027815 21.178005 19.885657 17.959091 15.159943 11.244583 6.096207 0.000000 
50.000000 47.035314 44.166649 41.480706 39.047044 36.912946 35.101529 33.613042 32.428695 31.516013 30.834657 30.341752 29.996118 29.761116 29.606138 29.506971 29.445379 29.408235 29.386475 29.374088 29.367233 29.363544 29.361611 29.360624 29.360130 29.359882 29.359743 29.359632 29.359481 29.359206 29.358662 29.357587 29.355501 29.351539 29.344175 29.330784 29.306938 29.265334 29.194141 29.074513 28.876832 28.555005 28.037732 27.215036 25.917638 23.887101 20.740353 15.958632 9.019443 0.000000 
50.000000 47.970015 46.005776 44.166649 42.500262 41.038991 39.798663 38.779452 37.968491 37.343545 36.876994 36.539481 36.302809 36.141892 36.035770 35.967864 35.925688 35.900253 35.885352 35.876870 35.872175 35.869649 35.868325 35.867649 35.867311 35.867140 35.867044 35.866965 35.866855 35.866653 35.866253 35.865461 35.863921 35.860990 35.855528 35.845563 35.827752 35.796527 35.742772 35.651745 35.499791 35.249025 34.838390 34.167987 33.070324 31.255679 28.208018 23.002888 14.110724 0.000000 
50.000000 48.968300 47.970015 47.035314 46.188404 45.445739 44.815364 44.297366 43.885207 43.567587 43.330468 43.158930 43.038644 42.956859 42.902922 42.868409 42.846973 42.834046 42.826472 42.822161 42.819775 42.818491 42.817818 42.817475 42.817303 42.817216 42.817166 42.817125 42.817068 42.816961 42.816748 42.816328 42.815509 42.813948 42.811035 42.805711 42.796170 42.779393 42.750396 42.701039 42.618073 42.479835 42.250317 41.867766 41.220693 40.092197 38.015871 33.859291 24.484150 0.000000 
50.000000 50.000000 50.000000 50.000000 50.000000 50.000000 50.000000 50.000000 50.000000 50.000000 50.000000 50.000000 50.000000 50.000000 50.000000 50.000000 50.000000 50.000000 50.000000 50.000000 50.000000 50.000000 50.000000 50.000000 50.000000 50.000000 50.000000 50.000000 50.000000 50.000000 50.000000 50.000000 50.000000 50.000000 50.000000 50.000000 50.000000 50.000000 50.000000 50.000000 50.000000 50.000000 50.000000 50.000000 50.000000 50.000000 50.000000 50.000000 50.000000 50.000000 
