50.000000 50.000000 50.000000 50.000000 50.000000 50.000000 50.000000 50.000000 50.000000 50.000000 50.000000 50.000000 50.000000 50.000000 50.000000 50.000000 50.000000 50.000000 50.000000 50.000000 50.000000 50.000000 50.000000 50.000000 50.000000 50.000000 50.000000 50.000000 50.000000 50.000000 50.000000 50.000000 50.000000 50.000000 50.000000 50.000000 50.000000 50.000000 50.000000 50.000000 50.000000 50.000000 50.000000 50.000000 50.000000 50.000000 50.000000 50.000000 50.000000 50.000000 
50.000000 46.606652 43.573843 41.147643 39.405507 38.278455 37.618654 37.267474 37.096721 37.020519 36.989166 36.977221 36.972991 36.971594 36.971161 36.971036 36.971001 36.970992 36.970990 36.970990 36.970990 36.970990 36.970990 36.970990 36.970990 36.970990 36.970990 36.970990 36.970990 36.970990 36.970990 36.970990 36.970989 36.970989 36.970987 36.970979 36.970949 36.970838 36.970456 36.969198 36.965290 36.953781 36.921643 36.836242 36.618915 36.083371 34.782189 31.579484 23.303326 0.000000 
50.000000 43.573843 37.830535 33.236102 29.937190 27.803110 26.553846 25.888969 25.565712 25.421463 25.362118 25.339512 25.331507 25.328862 25.328044 25.327806 25.327741 25.327725 25.327720 25.327719 25.327719 25.327719 25.327719 25.327719 25.327719 25.327719 25.327719 25.327719 25.327719 25.327719 25.327719 25.327719 25.327719 25.327718 25.327715 25.327702 25.327653 25.327474 25.326855 25.324835 25.318605 25.300461 25.250568 25.120950 24.802246 24.058556 22.406717 18.915267 11.994360 0.000000 
50.000000 41.147643 33.236102 26.907407 22.363509 19.424255 17.703799 16.788236 16.343146 16.144555 16.062863 16.031748 16.020732 16.017092 16.015967 16.015640 16.015550 16.015527 16.015522 16.015520 16.015520 16.015520 16.015520 16.015520 16.015520 16.015520 16.015520 16.015520 16.015520 16.015520 16.015520 16.015520 16.015520 16.015519 16.015516 16.015502 16.015449 16.015257 16.014601 16.012474 16.005982 15.987333 15.936993 15.809502 15.507055 14.836526 13.453704 10.829384 6.365454 0.000000 
50.000000 39.405507 29.937190 22.363509 16.926075 13.409114 11.350703 10.255412 9.723015 9.485500 9.387809 9.350607 9.337437 9.333087 9.331742 9.331351 9.331245 9.331217 9.331210 9.331209 9.331208 9.331208 9.331208 9.331208 9.331208 9.331208 9.331208 9.331208 9.331208 9.331208 9.331208 9.331208 9.331208 9.331207 9.331204 9.331193 9.331148 9.330987 9.330439 9.328680 9.323370 9.308330 9.268476 9.169962 8.943659 8.463038 7.526983 5.878633 3.322136 0.000000 
50.000000 38.278455 27.803110 19.424255 13.409114 9.518786 7.242058 6.030725 5.441989 5.179373 5.071372 5.030249 5.015694 5.010887 5.009401 5.008969 5.008851 5.008821 5.008813 5.008812 5.008811 5.008811 5.008811 5.008811 5.008811 5.008811 5.008811 5.008811 5.008811 5.008811 5.008811 5.008811 5.008811 5.008810 5.008808 5.008800 5.008768 5.008655 5.008272 5.007054 5.003415 4.993247 4.966756 4.902663 4.759393 4.465455 3.917200 3.000864 1.659540 0.000000 
50.000000 37.618654 26.553846 17.703799 11.350703 7.242058 4.837743 3.558636 2.937020 2.659764 2.545756 2.502350 2.486989 2.481916 2.480348 2.479893 2.479768 2.479736 2.479728 2.479726 2.479726 2.479726 2.479726 2.479726 2.479726 2.479726 2.479726 2.479726 2.479726 2.479726 2.479726 2.479726 2.479726 2.479725 2.479724 2.479719 2.479700 2.479631 2.479399 2.478669 2.476509 2.470545 2.455236 2.418872 2.339395 2.180741 1.894297 1.432897 0.782412 0.000000 
50.000000 37.267474 25.888969 16.788236 10.255412 6.030725 3.558636 2.243554 1.604497 1.319484 1.202294 1.157681 1.141893 1.136681 1.135069 1.134602 1.134474 1.134441 1.134433 1.134431 1.134430 1.134430 1.134430 1.134430 1.134430 1.134430 1.134430 1.134430 1.134430 1.134430 1.134430 1.134430 1.134430 1.134430 1.134429 1.134426 1.134416 1.134379 1.134255 1.133868 1.132733 1.129633 1.121777 1.103401 1.063969 0.986936 0.851243 0.638400 0.345831 0.000000 
50.000000 37.096721 25.565712 16.343146 9.723015 5.441989 2.937020 1.604497 0.956993 0.668225 0.549498 0.504302 0.488308 0.483028 0.481396 0.480922 0.480793 0.480759 0.480751 0.480749 0.480749 0.480749 0.480749 0.480749 0.480749 0.480749 0.480749 0.480749 0.480749 0.480749 0.480749 0.480749 0.480749 0.480748 0.480748 0.480747 0.480742 0.480724 0.480665 0.480481 0.479945 0.478496 0.474864 0.466475 0.448742 0.414685 0.355813 0.265251 0.142940 0.000000 
50.000000 37.020519 25.421463 16.144555 9.485500 5.179373 2.659764 1.319484 0.668225 0.377791 0.258381 0.212927 0.196843 0.191533 0.189891 0.189415 0.189285 0.189251 0.189243 0.189241 0.189240 0.189240 0.189240 0.189240 0.189240 0.189240 0.189240 0.189240 0.189240 0.189240 0.189240 0.189240 0.189240 0.189240 0.189240 0.189240 0.189237 0.189230 0.189204 0.189125 0.188895 0.188280 0.186750 0.183256 0.175957 0.162130 0.138573 0.102858 0.055229 0.000000 
50.000000 36.989166 25.362118 16.062863 9.387809 5.071372 2.545756 1.202294 0.549498 0.258381 0.138693 0.093133 0.077012 0.071690 0.070045 0.069567 0.069437 0.069403 0.069395 0.069393 0.069392 0.069392 0.069392 0.069392 0.069392 0.069392 0.069392 0.069392 0.069392 0.069392 0.069392 0.069392 0.069392 0.069392 0.069392 0.069392 0.069391 0.069388 0.069378 0.069347 0.069257 0.069017 0.068426 0.067087 0.064318 0.059129 0.050389 0.037283 0.019967 0.000000 
50.000000 36.977221 25.339512 16.031748 9.350607 5.030249 2.502350 1.157681 0.504302 0.212927 0.093133 0.047534 0.031398 0.026072 0.024425 0.023947 0.023817 0.023783 0.023775 0.023773 0.023772 0.023772 0.023772 0.023772 0.023772 0.023772 0.023772 0.023772 0.023772 0.023772 0.023772 0.023772 0.023772 0.023772 0.023772 0.023772 0.023772 0.023771 0.023767 0.023755 0.023723 0.023637 0.023426 0.022951 0.021977 0.020168 0.017147 0.012657 0.006766 0.000000 
50.000000 36.972991 25.331507 16.020732 9.337437 5.015694 2.486989 1.141893 0.488308 0.196843 0.077012 0.031398 0.015258 0.009930 0.008283 0.007805 0.007674 0.007640 0.007632 0.007630 0.007630 0.007630 0.007630 0.007630 0.007630 0.007630 0.007630 0.007630 0.007630 0.007630 0.007630 0.007630 0.007630 0.007630 0.007630 0.007630 0.007630 0.007629 0.007628 0.007624 0.007613 0.007585 0.007514 0.007358 0.007039 0.006450 0.005474 0.004033 0.002153 0.000000 
50.000000 36.971594 25.328862 16.017092 9.333087 5.010887 2.481916 1.136681 0.483028 0.191533 0.071690 0.026072 0.009930 0.004601 0.002954 0.002476 0.002345 0.002311 0.002303 0.002301 0.002301 0.002301 0.002301 0.002301 0.002301 0.002301 0.002301 0.002301 0.002301 0.002301 0.002301 0.002301 0.002301 0.002301 0.002301 0.002301 0.002301 0.002300 0.002300 0.002299 0.002295 0.002286 0.002265 0.002216 0.002119 0.001939 0.001644 0.001209 0.000645 0.000000 
50.000000 36.971161 25.328044 16.015967 9.331742 5.009401 2.480348 1.135069 0.481396 0.189891 0.070045 0.024425 0.008283 0.002954 0.001307 0.000829 0.000698 0.000664 0.000656 0.000654 0.000653 0.000653 0.000653 0.000653 0.000653 0.000653 0.000653 0.000653 0.000653 0.000653 0.000653 0.000653 0.000653 0.000653 0.000653 0.000653 0.000653 0.000653 0.000653 0.000653 0.000652 0.000649 0.000643 0.000629 0.000601 0.000549 0.000465 0.000342 0.000182 0.000000 
50.000000 36.971036 25.327806 16.015640 9.331351 5.008969 2.479893 1.134602 0.480922 0.189415 0.069567 0.023947 0.007805 0.002476 0.000829 0.000350 0.000220 0.000186 0.000178 0.000176 0.000175 0.000175 0.000175 0.000175 0.000175 0.000175 0.000175 0.000175 0.000175 0.000175 0.000175 0.000175 0.000175 0.000175 0.000175 0.000175 0.000175 0.000175 0.000175 0.000175 0.000175 0.000174 0.000172 0.000169 0.000161 0.000147 0.000124 0.000091 0.000049 0.000000 
50.000000 36.971001 25.327741 16.015550 9.331245 5.008851 2.479768 1.134474 0.480793 0.189285 0.069437 0.023817 0.007674 0.002345 0.000698 0.000220 0.000089 0.000055 0.000047 0.000045 0.000045 0.000044 0.000044 0.000044 0.000044 0.000044 0.000044 0.000044 0.000044 0.000044 0.000044 0.000044 0.000044 0.000044 0.000044 0.000044 0.000044 0.000044 0.000044 0.000044 0.000044 0.000044 0.000044 0.000043 0.000041 0.000037 0.000031 0.000023 0.000012 0.000000 
50.000000 36.970992 25.327725 16.015527 9.331217 5.008821 2.479736 1.134441 0.480759 0.189251 0.069403 0.023783 0.007640 0.002311 0.000664 0.000186 0.000055 0.000021 0.000013 0.000011 0.000011 0.000011 0.000011 0.000011 0.000011 0.000011 0.000011 0.000011 0.000011 0.000011 0.000011 0.000011 0.000011 0.000011 0.000011 0.000011 0.000011 0.000011 0.000011 0.000011 0.000011 0.000011 0.000011 0.000010 0.000010 0.000009 0.000008 0.000006 0.000003 0.000000 
50.000000 36.970990 25.327720 16.015522 9.331210 5.008813 2.479728 1.134433 0.480751 0.189243 0.069395 0.023775 0.007632 0.002303 0.000656 0.000178 0.000047 0.000013 0.000005 0.000003 0.000003 0.000002 0.000002 0.000002 0.000002 0.000002 0.000002 0.000002 0.000002 0.000002 0.000002 0.000002 0.000002 0.000002 0.000002 0.000002 0.000002 0.000002 0.000002 0.000002 0.000002 0.000002 0.000002 0.000002 0.000002 0.000002 0.000002 0.000001 0.000001 0.000000 
50.000000 36.970990 25.327719 16.015520 9.331209 5.008812 2.479726 1.134431 0.480749 0.189241 0.069393 0.023773 0.007630 0.002301 0.000654 0.000176 0.000045 0.000011 0.000003 0.000001 0.000001 0.000001 0.000001 0.000001 0.000001 0.000001 0.000001 0.000001 0.000001 0.000001 0.000001 0.000001 0.000001 0.000001 0.000001 0.000001 0.000001 0.000001 0.000001 0.000001 0.000001 0.000001 0.000001 0.000001 0.000000 0.000000 0.000000 0.000000 0.000000 0.000000 
50.000000 36.970990 25.327719 16.015520 9.331208 5.008811 2.479726 1.134430 0.480749 0.189240 0.069392 0.023772 0.007630 0.002301 0.000653 0.000175 0.000045 0.000011 0.000003 0.000001 0.000000 0.000000 0.000000 0.000000 0.000000 0.000000 0.000000 0.000000 0.000000 0.000000 0.000000 0.000000 0.000000 0.000000 0.000000 0.000000 0.000000 0.000000 0.000000 0.000000 0.000000 0.000000 0.000000 0.000000 0.000000 0.000000 0.000000 0.000000 0.000000 0.000000 
50.000000 36.970990 25.327719 16.015520 9.331208 5.008811 2.479726 1.134430 0.480749 0.189240 0.069392 0.023772 0.007630 0.002301 0.000653 0.000175 0.000044 0.000011 0.000002 0.000001 0.000000 0.000000 0.000000 0.000000 0.000000 0.000000 0.000000 0.000000 0.000000 0.000000 0.000000 0.000000 0.000000 0.000000 0.000000 0.000000 0.000000 0.000000 0.000000 0.000000 0.000000 0.000000 0.000000 0.000000 0.000000 0.000000 0.000000 0.000000 0.000000 0.000000 
50.000000 36.970990 25.327719 16.015520 9.331208 5.008811 2.479726 1.134430 0.480749 0.189240 0.069392 0.023772 0.007630 0.002301 0.000653 0.000175 0.000044 0.000011 0.000002 0.000001 0.000000 0.000000 0.000000 0.000000 0.000000 0.000000 0.000000 0.000000 0.000000 0.000000 0.000000 0.000000 0.000000 0.000000 0.000000 0.000000 0.000000 0.000000 0.000000 0.000000 0.000000 0.000000 0.000000 0.000000 0.000000 0.000000 0.000000 0.000000 0.000000 0.000000 
50.000000 36.970990 25.327719 16.015520 9.331208 5.008811 2.479726 1.134430 0.480749 0.189240 0.069392 0.023772 0.007630 0.002301 0.000653 0.000175 0.000044 0.000011 0.000002 0.000001 0.000000 0.000000 0.000000 0.000000 0.000000 0.000000 0.000000 0.000000 0.000000 0.000000 0.000000 0.000000 0.000000 0.000000 0.000000 0.000000 0.000000 0.000000 0.000000 0.000000 0.000000 0.000000 0.000000 0.000000 0.000000 0.000000 0.000000 0.000000 0.000000 0.000000 
50.000000 36.970990 25.327719 16.015520 9.331208 5.008811 2.479726 1.134430 0.480749 0.189240 0.069392 0.023772 0.007630 0.002301 0.000653 0.000175 0.000044 0.000011 0.000002 0.000001 0.000000 0.000000 0.000000 0.000000 0.000000 0.000000 0.000000 0.000000 0.000000 0.000000 0.000000 0.000000 0.000000 0.000000 0.000000 0.000000 0.000000 0.000000 0.000000 0.000000 0.000000 0.000000 0.000000 0.000000 0.000000 0.000000 0.000000 0.000000 0.000000 0.000000 
50.000000 36.970990 25.327719 16.015520 9.331208 5.008811 2.479726 1.134430 0.480749 0.189240 0.069392 0.023772 0.007630 0.002301 0.000653 0.000175 0.000044 0.000011 0.000002 0.000001 0.000000 0.000000 0.000000 0.000000 0.000000 0.000000 0.000000 0.000000 0.000000 0.000000 0.000000 0.000000 0.000000 0.000000 0.000000 0.000000 0.000000 0.000000 0.000000 0.000000 0.000000 0.000000 0.000000 0.000000 0.000000 0.000000 0.000000 0.000000 0.000000 0.000000 
50.000000 36.970990 25.327719 16.015520 9.331208 5.008811 2.479726 1.134430 0.480749 0.189240 0.069392 0.023772 0.007630 0.002301 0.000653 0.000175 0.000044 0.000011 0.000002 0.000001 0.000000 0.000000 0.000000 0.000000 0.000000 0.000000 0.000000 0.000000 0.000000 0.000000 0.000000 0.000000 0.000000 0.000000 0.000000 0.000000 0.000000 0.000000 0.000000 0.000000 0.000000 0.000000 0.000000 0.000000 0.000000 0.000000 0.000000 0.000000 0.000000 0.000000 
50.000000 36.970990 25.327719 16.015520 9.331208 5.008811 2.479726 1.134430 0.480749 0.189240 0.069392 0.023772 0.007630 0.002301 0.000653 0.000175 0.000044 0.000011 0.000002 0.000001 0.000000 0.000000 0.000000 0.000000 0.000000 0.000000 0.000000 0.000000 0.000000 0.000000 0.000000 0.000000 0.000000 0.000000 0.000000 0.000000 0.000000 0.000000 0.000000 0.000000 0.000000 0.000000 0.000000 0.000000 0.000000 0.000000 0.000000 0.000000 0.000000 0.000000 
50.000000 36.970990 25.327719 16.015520 9.331208 5.008811 2.479726 1.134430 0.480749 0.189240 0.069392 0.023772 0.007630 0.002301 0.000653 0.000175 0.000044 0.000011 0.000002 0.000001 0.000000 0.000000 0.000000 0.000000 0.000000 0.000000 0.000000 0.000000 0.000000 0.000000 0.000000 0.000000 0.000000 0.000000 0.000000 0.000000 0.000000 0.000000 0.000000 0.000000 0.000000 0.000000 0.000000 0.000000 0.000000 0.000000 0.000000 0.000000 0.000000 0.000000 
50.000000 36.970990 25.327719 16.015520 9.331208 5.008811 2.479726 1.134430 0.480749 0.189240 0.069392 0.023772 0.007630 0.002301 0.000653 0.000175 0.000045 0.000011 0.000003 0.000001 0.000000 0.000000 0.000000 0.000000 0.000000 0.000000 0.000000 0.000000 0.000000 0.000000 0.000000 0.000000 0.000000 0.000000 0.000000 0.000000 0.000000 0.000000 0.000000 0.000000 0.000000 0.000000 0.000000 0.000000 0.000000 0.000000 0.000000 0.000000 0.000000 0.000000 
50.000000 36.970990 25.327719 16.015520 9.331209 5.008812 2.479726 1.134431 0.480749 0.189241 0.069393 0.023773 0.007630 0.002301 0.000654 0.000176 0.000045 0.000011 0.000003 0.000001 0.000001 0.000001 0.000001 0.000001 0.000001 0.000001 0.000001 0.000001 0.000001 0.000001 0.000001 0.000001 0.000001 0.000001 0.000001 0.000001 0.000001 0.000001 0.000001 0.000001 0.000001 0.000001 0.000001 0.000001 0.000000 0.000000 0.000000 0.000000 0.000000 0.000000 
50.000000 36.970990 25.327720 16.015522 9.331210 5.008813 2.479728 1.134433 0.480751 0.189243 0.069395 0.023775 0.007632 0.002303 0.000656 0.000178 0.000047 0.000013 0.000005 0.000003 0.000003 0.000002 0.000002 0.000002 0.000002 0.000002 0.000002 0.000002 0.000002 0.000002 0.000002 0.000002 0.000002 0.000002 0.000002 0.000002 0.000002 0.000002 0.000002 0.000002 0.000002 0.000002 0.000002 0.000002 0.000002 0.000002 0.000002 0.000001 0.000001 0.000000 
50.000000 36.970992 25.327725 16.015527 9.331217 5.008821 2.479736 1.134441 0.480759 0.189251 0.069403 0.023783 0.007640 0.002311 0.000664 0.000186 0.000055 0.000021 0.000013 0.000011 0.000011 0.000011 0.000011 0.000011 0.000011 0.000011 0.000011 0.000011 0.000011 0.000011 0.000011 0.000011 0.000011 0.000011 0.000011 0.000011 0.000011 0.000011 0.000011 0.000011 0.000011 0.000011 0.000011 0.000010 0.000010 0.000009 0.000008 0.000006 0.000003 0.000000 
50.000000 36.971001 25.327741 16.015550 9.331245 5.008851 2.479768 1.134474 0.480793 0.189285 0.069437 0.023817 0.007674 0.002345 0.000698 0.000220 0.000089 0.000055 0.000047 0.000045 0.000045 0.000044 0.000044 0.000044 0.000044 0.000044 0.000044 0.000044 0.000044 0.000044 0.000044 0.000044 0.000044 0.000044 0.000044 0.000044 0.000044 0.000044 0.000044 0.000044 0.000044 0.000044 0.000044 0.000043 0.000041 0.000037 0.000031 0.000023 0.000012 0.000000 
50.000000 36.971036 25.327806 16.015640 9.331351 5.008969 2.479893 1.134602 0.480922 0.189415 0.069567 0.023947 0.007805 0.002476 0.000829 0.000350 0.000220 0.000186 0.000178 0.000176 0.000175 0.000175 0.000175 0.000175 0.000175 0.000175 0.000175 0.000175 0.000175 0.000175 0.000175 0.000175 0.000175 0.000175 0.000175 0.000175 0.000175 0.000175 0.000175 0.000175 0.000175 0.000174 0.000172 0.000169 0.000161 0.000147 0.000124 0.000091 0.000049 0.000000 
50.000000 36.971161 25.328044 16.015967 9.331742 5.009401 2.480348 1.135069 0.481396 0.189891 0.070045 0.024425 0.008283 0.002954 0.001307 0.000829 0.000698 0.000664 0.000656 0.000654 0.000653 0.000653 0.000653 0.000653 0.000653 0.000653 0.000653 0.000653 0.000653 0.000653 0.000653 0.000653 0.000653 0.000653 0.000653 0.000653 0.000653 0.000653 0.000653 0.000653 0.000652 0.000649 0.000643 0.000629 0.000601 0.000549 0.000465 0.000342 0.000182 0.000000 
50.000000 36.971594 25.328862 16.017092 9.333087 5.010887 2.481916 1.136681 0.483028 0.191533 0.071690 0.026072 0.009930 0.004601 0.002954 0.002476 0.002345 0.002311 0.002303 0.002301 0.002301 0.002301 0.002301 0.002301 0.002301 0.002301 0.002301 0.002301 0.002301 0.002301 0.002301 0.002301 0.002301 0.002301 0.002301 0.002301 0.002301 0.002300 0.002300 0.002299 0.002295 0.002286 0.002265 0.002216 0.002119 0.001939 0.001644 0.001209 0.000645 0.000000 
50.000000 36.972991 25.331507 16.020732 9.337437 5.015694 2.486989 1.141893 0.488308 0.196843 0.077012 0.031398 0.015258 0.009930 0.008283 0.007805 0.007674 0.007640 0.007632 0.007630 0.007630 0.007630 0.007630 0.007630 0.007630 0.007630 0.007630 0.007630 0.007630 0.007630 0.007630 0.007630 0.007630 0.007630 0.007630 0.007630 0.007630 0.007629 0.007628 0.007624 0.007613 0.007585 0.007514 0.007358 0.007039 0.006450 0.005474 0.004033 0.002153 0.000000 
50.000000 36.977221 25.339512 16.031748 9.350607 5.030249 2.502350 1.157681 0.504302 0.212927 0.093133 0.047534 0.031398 0.026072 0.024425 0.023947 0.023817 0.023783 0.023775 0.023773 0.023772 0.023772 0.023772 0.023772 0.023772 0.023772 0.023772 0.023772 0.023772 0.023772 0.023772 0.023772 0.023772 0.023772 0.023772 0.023772 0.023772 0.023771 0.023767 0.023755 0.023723 0.023637 0.023426 0.022951 0.021977 0.020168 0.017147 0.012657 0.006766 0.000000 
50.000000 36.989166 25.362118 16.062863 9.387809 5.071372 2.545756 1.202294 0.549498 0.258381 0.138693 0.093133 0.077012 0.071690 0.070045 0.069567 0.069437 0.069403 0.069395 0.069393 0.069392 0.069392 0.069392 0.069392 0.069392 0.069392 0.069392 0.069392 0.069392 0.069392 0.069392 0.069392 0.069392 0.069392 0.069392 0.069392 0.069391 0.069388 0.069378 0.069347 0.069257 0.069017 0.068426 0.067087 0.064318 0.059129 0.050389 0.037283 0.019967 0.000000 
50.000000 37.020519 25.421463 16.144555 9.485500 5.179373 2.659764 1.319484 0.668225 0.377791 0.258381 0.212927 0.196843 0.191533 0.189891 0.189415 0.189285 0.189251 0.189243 0.189241 0.189240 0.189240 0.189240 0.189240 0.189240 0.189240 0.189240 0.189240 0.189240 0.189240 0.189240 0.189240 0.189240 0.189240 0.189240 0.189240 0.189237 0.189230 0.189204 0.189125 0.188895 0.188280 0.186750 0.183256 0.175957 0.162130 0.138573 0.102858 0.055229 0.000000 
50.000000 37.096721 25.565712 16.343146 9.723015 5.441989 2.937020 1.604497 0.956993 0.668225 0.549498 0.504302 0.488308 0.483028 0.481396 0.480922 0.480793 0.480759 0.480751 0.480749 0.480749 0.480749 0.480749 0.480749 0.480749 0.480749 0.480749 0.480749 0.480749 0.480749 0.480749 0.480749 0.480749 0.480748 0.480748 0.480747 0.480742 0.480724 0.480665 0.480481 0.479945 0.478496 0.474864 0.466475 0.448742 0.414685 0.355813 0.265251 0.142940 0.000000 
50.000000 37.267474 25.888969 16.788236 10.255412 6.030725 3.558636 2.243554 1.604497 1.319484 1.202294 1.157681 1.141893 1.136681 1.135069 1.134602 1.134474 1.134441 1.134433 1.134431 1.134430 1.134430 1.134430 1.134430 1.134430 1.134430 1.134430 1.134430 1.134430 1.134430 1.134430 1.134430 1.134430 1.134430 1.134429 1.134426 1.134416 1.134379 1.134255 1.133868 1.132733 1.129633 1.121777 1.103401 1.063969 0.986936 0.851243 0.638400 0.345831 0.000000 
50.000000 37.618654 26.553846 17.703799 11.350703 7.242058 4.837743 3.558636 2.937020 2.659764 2.545756 2.502350 2.486989 2.481916 2.480348 2.479893 2.479768 2.479736 2.479728 2.479726 2.479726 2.479726 2.479726 2.479726 2.479726 2.479726 2.479726 2.479726 2.479726 2.479726 2.479726 2.479726 2.479726 2.479725 2.479724 2.479719 2.479700 2.479631 2.479399 2.478669 2.476509 2.470545 2.455236 2.418872 2.339395 2.180741 1.894297 1.432897 0.782412 0.000000 
50.000000 38.278455 27.803110 19.424255 13.409114 9.518786 7.242058 6.030725 5.441989 5.179373 5.071372 5.030249 5.015694 5.010887 5.009401 5.008969 5.008851 5.008821 5.008813 5.008812 5.008811 5.008811 5.008811 5.008811 5.008811 5.008811 5.008811 5.008811 5.008811 5.008811 5.008811 5.008811 5.008811 5.008810 5.008808 5.008800 5.008768 5.008655 5.008272 5.007054 5.003415 4.993247 4.966756 4.902663 4.759393 4.465455 3.917200 3.000864 1.659540 0.000000 
50.000000 39.405507 29.937190 22.363509 16.926075 13.409114 11.350703 10.255412 9.723015 9.485500 9.387809 9.350607 9.337437 9.333087 9.331742 9.331351 9.331245 9.331217 9.331210 9.331209 9.331208 9.331208 9.331208 9.331208 9.331208 9.331208 9.331208 9.331208 9.331208 9.331208 9.331208 9.331208 9.331208 9.331207 9.331204 9.331193 9.331148 9.330987 9.330439 9.328680 9.323370 9.308330 9.268476 9.169962 8.943659 8.463038 7.526983 5.878633 3.322136 0.000000 
50.000000 41.147643 33.236102 26.907407 22.363509 19.424255 17.703799 16.788236 16.343146 16.144555 16.062863 16.031748 16.020732 16.017092 16.015967 16.015640 16.015550 16.015527 16.015522 16.015520 16.015520 16.015520 16.015520 16.015520 16.015520 16.015520 16.015520 16.015520 16.015520 16.015520 16.015520 16.015520 16.015520 16.015519 16.015516 16.015502 16.015449 16.015257 16.014601 16.012474 16.005982 15.987333 15.936993 15.809502 15.507055 14.836526 13.453704 10.829384 6.365454 0.000000 
50.000000 43.573843 37.830535 33.236102 29.937190 27.803110 26.553846 25.888969 25.565712 25.421463 25.362118 25.339512 25.331507 25.328862 25.328044 25.327806 25.327741 25.327725 25.327720 25.327719 25.327719 25.327719 25.327719 25.327719 25.327719 25.327719 25.327719 25.327719 25.327719 25.327719 25.327719 25.327719 25.327719 25.327718 25.327715 25.327702 25.327653 25.327474 25.326855 25.324835 25.318605 25.300461 25.250568 25.120950 24.802246 24.058556 22.406717 18.915267 11.994360 0.000000 
50.000000 46.606652 43.573843 41.147643 39.405507 38.278455 37.618654 37.267474 37.096721 37.020519 36.989166 36.977221 36.972991 36.971594 36.971161 36.971036 36.971001 36.970992 36.970990 36.970990 36.970990 36.970990 36.970990 36.970990 36.970990 36.970990 36.970990 36.970990 36.970990 36.970990 36.970990 36.970990 36.970989 36.970989 36.970987 36.970979 36.970949 36.970838 36.970456 36.969198 36.965290 36.953781 36.921643 36.836242 36.618915 36.083371 34.782189 31.579484 23.303326 0.000000 
50.000000 50.000000 50.000000 50.000000 50.000000 50.000000 50.000000 50.000000 50.000000 50.000000 50.000000 50.000000 50.000000 50.000000 50.000000 50.000000 50.000000 50.000000 50.000000 50.000000 50.000000 50.000000 50.000000 50.000000 50.000000 50.000000 50.000000 50.000000 50.000000 50.000000 50.000000 50.000000 50.000000 50.000000 50.000000 50.000000 50.000000 50.000000 50.000000 50.000000 50.000000 50.000000 50.000000 50.000000 50.000000 50.000000 50.000000 50.000000 50.000000 50.000000 
