50.000000 50.000000 50.000000 50.000000 50.000000 50.000000 50.000000 50.000000 50.000000 50.000000 50.000000 50.000000 50.000000 50.000000 50.000000 50.000000 50.000000 50.000000 50.000000 50.000000 50.000000 50.000000 50.000000 50.000000 50.000000 50.000000 50.000000 50.000000 50.000000 50.000000 50.000000 50.000000 50.000000 50.000000 50.000000 50.000000 50.000000 50.000000 50.000000 50.000000 50.000000 50.000000 50.000000 50.000000 50.000000 50.000000 50.000000 50.000000 50.000000 50.000000 
50.000000 47.079412 44.426072 42.234091 40.584561 39.451073 38.737765 38.325332 38.105480 37.997057 37.947420 37.926253 37.917819 37.914669 37.913564 37.913198 37.913083 37.913050 37.913040 37.913038 37.913037 37.913037 37.913037 37.913037 37.913037 37.913037 37.913037 37.913037 37.913037 37.913037 37.913037 37.913037 37.913036 37.913034 37.913027 37.913002 37.912917 37.912643 37.911797 37.909317 37.902394 37.883974 37.837163 37.723027 37.454010 36.833431 35.404833 32.028892 23.539706 0.000000 
50.000000 44.426072 39.362227 35.178948 32.030986 29.867908 28.506727 27.719731 27.300234 27.093365 26.998663 26.958282 26.942194 26.936185 26.934077 26.933379 26.933161 26.933096 26.933078 26.933073 26.933072 26.933072 26.933072 26.933072 26.933072 26.933072 26.933072 26.933072 26.933072 26.933072 26.933072 26.933072 26.933071 26.933068 26.933056 26.933014 26.932871 26.932413 26.931005 26.926902 26.915535 26.885614 26.810718 26.632130 26.225343 25.336745 23.467775 19.681113 12.397179 0.000000 
50.000000 42.234091 35.178948 29.350788 24.965197 21.951843 20.055708 18.959489 18.375208 18.087103 17.955222 17.898994 17.876593 17.868229 17.865293 17.864322 17.864019 17.863929 17.863904 17.863897 17.863895 17.863895 17.863895 17.863895 17.863895 17.863895 17.863895 17.863895 17.863895 17.863895 17.863895 17.863894 17.863894 17.863890 17.863877 17.863829 17.863669 17.863156 17.861591 17.857066 17.844660 17.812452 17.733323 17.549452 17.145588 16.308217 14.675394 11.711172 6.829258 0.000000 
50.000000 40.584561 32.030986 24.965197 19.648537 15.995644 13.697237 12.368552 11.660429 11.311289 11.151487 11.083361 11.056223 11.046091 11.042536 11.041360 11.040993 11.040884 11.040853 11.040845 11.040843 11.040843 11.040842 11.040842 11.040842 11.040842 11.040842 11.040842 11.040842 11.040842 11.040842 11.040842 11.040841 11.040838 11.040826 11.040783 11.040639 11.040181 11.038793 11.034816 11.024035 10.996455 10.929974 10.779313 10.459208 9.824269 8.656980 6.694241 3.751130 0.000000 
50.000000 39.451073 29.867908 21.951843 15.995644 11.903571 9.329001 7.840783 7.047703 6.656712 6.477772 6.401496 6.371115 6.359774 6.355794 6.354478 6.354067 6.353945 6.353911 6.353902 6.353900 6.353899 6.353899 6.353899 6.353899 6.353899 6.353899 6.353899 6.353899 6.353899 6.353899 6.353899 6.353898 6.353896 6.353886 6.353853 6.353744 6.353397 6.352353 6.349390 6.341447 6.321413 6.273974 6.168854 5.951785 5.536437 4.806255 3.642565 1.997064 0.000000 
50.000000 38.737765 28.506727 20.055708 13.697237 9.329001 6.580839 4.992383 4.145948 3.728688 3.537742 3.456356 3.423942 3.411843 3.407599 3.406195 3.405756 3.405627 3.405590 3.405581 3.405578 3.405577 3.405577 3.405577 3.405577 3.405577 3.405577 3.405577 3.405577 3.405577 3.405577 3.405577 3.405577 3.405575 3.405569 3.405547 3.405474 3.405244 3.404558 3.402626 3.397504 3.384749 3.355022 3.290419 3.160146 2.917924 2.506257 1.874597 1.014739 0.000000 
50.000000 38.325332 27.719731 18.959489 12.368552 7.840783 4.992383 3.346074 2.468863 2.036457 1.838594 1.754266 1.720683 1.708149 1.703752 1.702298 1.701844 1.701709 1.701671 1.701661 1.701659 1.701658 1.701658 1.701658 1.701658 1.701658 1.701658 1.701658 1.701658 1.701658 1.701658 1.701658 1.701658 1.701657 1.701653 1.701640 1.701596 1.701461 1.701059 1.699936 1.696986 1.689726 1.673037 1.637361 1.566809 1.438578 1.226167 0.909013 0.488169 0.000000 
50.000000 38.105480 27.300234 18.375208 11.660429 7.047703 4.145948 2.468863 1.575288 1.134836 0.933301 0.847411 0.813209 0.800444 0.795966 0.794485 0.794023 0.793886 0.793848 0.793837 0.793835 0.793834 0.793834 0.793834 0.793834 0.793834 0.793834 0.793834 0.793834 0.793834 0.793834 0.793834 0.793834 0.793833 0.793831 0.793824 0.793801 0.793729 0.793516 0.792926 0.791389 0.787644 0.779136 0.761199 0.726289 0.663973 0.562757 0.414619 0.221505 0.000000 
50.000000 37.997057 27.093365 18.087103 11.311289 6.656712 3.728688 2.036457 1.134836 0.690431 0.487092 0.400436 0.365930 0.353052 0.348535 0.347041 0.346575 0.346437 0.346398 0.346388 0.346385 0.346384 0.346384 0.346384 0.346384 0.346384 0.346384 0.346384 0.346384 0.346384 0.346384 0.346384 0.346384 0.346384 0.346383 0.346379 0.346368 0.346333 0.346230 0.345947 0.345215 0.343447 0.339471 0.331184 0.315265 0.287254 0.242443 0.177830 0.094663 0.000000 
50.000000 37.947420 26.998663 17.955222 11.151487 6.477772 3.537742 1.838594 0.933301 0.487092 0.282931 0.195927 0.161283 0.148353 0.143818 0.142319 0.141850 0.141712 0.141673 0.141663 0.141660 0.141659 0.141659 0.141659 0.141659 0.141659 0.141659 0.141659 0.141659 0.141659 0.141659 0.141659 0.141659 0.141659 0.141659 0.141657 0.141652 0.141636 0.141591 0.141466 0.141145 0.140375 0.138659 0.135116 0.128383 0.116671 0.098157 0.071761 0.038102 0.000000 
50.000000 37.926253 26.958282 17.898994 11.083361 6.401496 3.456356 1.754266 0.847411 0.400436 0.195927 0.108775 0.074072 0.061121 0.056578 0.055076 0.054607 0.054469 0.054430 0.054419 0.054417 0.054416 0.054416 0.054416 0.054416 0.054416 0.054416 0.054416 0.054416 0.054416 0.054416 0.054416 0.054416 0.054416 0.054415 0.054415 0.054413 0.054406 0.054388 0.054336 0.054206 0.053895 0.053207 0.051798 0.049143 0.044568 0.037403 0.027277 0.014456 0.000000 
50.000000 37.917819 26.942194 17.876593 11.056223 6.371115 3.423942 1.720683 0.813209 0.365930 0.161283 0.074072 0.039346 0.026386 0.021840 0.020338 0.019868 0.019729 0.019690 0.019680 0.019677 0.019677 0.019677 0.019677 0.019677 0.019677 0.019677 0.019677 0.019677 0.019677 0.019677 0.019677 0.019677 0.019677 0.019676 0.019676 0.019675 0.019673 0.019666 0.019646 0.019597 0.019480 0.019222 0.018698 0.017718 0.016042 0.013437 0.009781 0.005176 0.000000 
50.000000 37.914669 26.936185 17.868229 11.046091 6.359774 3.411843 1.708149 0.800444 0.353052 0.148353 0.061121 0.026386 0.013424 0.008877 0.007373 0.006904 0.006765 0.006726 0.006716 0.006713 0.006712 0.006712 0.006712 0.006712 0.006712 0.006712 0.006712 0.006712 0.006712 0.006712 0.006712 0.006712 0.006712 0.006712 0.006712 0.006712 0.006711 0.006708 0.006701 0.006684 0.006643 0.006552 0.006369 0.006030 0.005452 0.004560 0.003314 0.001752 0.000000 
50.000000 37.913564 26.934077 17.865293 11.042536 6.355794 3.407599 1.703752 0.795966 0.348535 0.143818 0.056578 0.021840 0.008877 0.004329 0.002826 0.002356 0.002218 0.002179 0.002168 0.002166 0.002165 0.002165 0.002165 0.002165 0.002165 0.002165 0.002165 0.002165 0.002165 0.002165 0.002165 0.002165 0.002165 0.002165 0.002165 0.002165 0.002164 0.002163 0.002161 0.002155 0.002142 0.002112 0.002052 0.001941 0.001753 0.001464 0.001063 0.000561 0.000000 
50.000000 37.913198 26.933379 17.864322 11.041360 6.354478 3.406195 1.702298 0.794485 0.347041 0.142319 0.055076 0.020338 0.007373 0.002826 0.001323 0.000853 0.000714 0.000675 0.000665 0.000662 0.000662 0.000661 0.000661 0.000661 0.000661 0.000661 0.000661 0.000661 0.000661 0.000661 0.000661 0.000661 0.000661 0.000661 0.000661 0.000661 0.000661 0.000661 0.000660 0.000658 0.000654 0.000645 0.000626 0.000592 0.000534 0.000446 0.000323 0.000171 0.000000 
50.000000 37.913083 26.933161 17.864019 11.040993 6.354067 3.405756 1.701844 0.794023 0.346575 0.141850 0.054607 0.019868 0.006904 0.002356 0.000853 0.000384 0.000245 0.000206 0.000195 0.000193 0.000192 0.000192 0.000192 0.000192 0.000192 0.000192 0.000192 0.000192 0.000192 0.000192 0.000192 0.000192 0.000192 0.000192 0.000192 0.000192 0.000192 0.000192 0.000191 0.000191 0.000190 0.000187 0.000181 0.000171 0.000155 0.000129 0.000093 0.000049 0.000000 
50.000000 37.913050 26.933096 17.863929 11.040884 6.353945 3.405627 1.701709 0.793886 0.346437 0.141712 0.054469 0.019729 0.006765 0.002218 0.000714 0.000245 0.000106 0.000067 0.000056 0.000054 0.000053 0.000053 0.000053 0.000053 0.000053 0.000053 0.000053 0.000053 0.000053 0.000053 0.000053 0.000053 0.000053 0.000053 0.000053 0.000053 0.000053 0.000053 0.000053 0.000053 0.000052 0.000052 0.000050 0.000047 0.000043 0.000035 0.000026 0.000014 0.000000 
50.000000 37.913040 26.933078 17.863904 11.040853 6.353911 3.405590 1.701671 0.793848 0.346398 0.141673 0.054430 0.019690 0.006726 0.002179 0.000675 0.000206 0.000067 0.000028 0.000017 0.000015 0.000014 0.000014 0.000014 0.000014 0.000014 0.000014 0.000014 0.000014 0.000014 0.000014 0.000014 0.000014 0.000014 0.000014 0.000014 0.000014 0.000014 0.000014 0.000014 0.000014 0.000014 0.000014 0.000013 0.000012 0.000011 0.000009 0.000007 0.000004 0.000000 
50.000000 37.913038 26.933073 17.863897 11.040845 6.353902 3.405581 1.701661 0.793837 0.346388 0.141663 0.054419 0.019680 0.006716 0.002168 0.000665 0.000195 0.000056 0.000017 0.000007 0.000004 0.000004 0.000004 0.000003 0.000003 0.000003 0.000003 0.000003 0.000003 0.000003 0.000003 0.000003 0.000003 0.000003 0.000003 0.000003 0.000003 0.000003 0.000003 0.000003 0.000003 0.000003 0.000003 0.000003 0.000003 0.000003 0.000002 0.000002 0.000001 0.000000 
50.000000 37.913037 26.933072 17.863895 11.040843 6.353900 3.405578 1.701659 0.793835 0.346385 0.141660 0.054417 0.019677 0.006713 0.002166 0.000662 0.000193 0.000054 0.000015 0.000004 0.000002 0.000001 0.000001 0.000001 0.000001 0.000001 0.000001 0.000001 0.000001 0.000001 0.000001 0.000001 0.000001 0.000001 0.000001 0.000001 0.000001 0.000001 0.000001 0.000001 0.000001 0.000001 0.000001 0.000001 0.000001 0.000001 0.000001 0.000000 0.000000 0.000000 
50.000000 37.913037 26.933072 17.863895 11.040843 6.353899 3.405577 1.701658 0.793834 0.346384 0.141659 0.054416 0.019677 0.006712 0.002165 0.000662 0.000192 0.000053 0.000014 0.000004 0.000001 0.000000 0.000000 0.000000 0.000000 0.000000 0.000000 0.000000 0.000000 0.000000 0.000000 0.000000 0.000000 0.000000 0.000000 0.000000 0.000000 0.000000 0.000000 0.000000 0.000000 0.000000 0.000000 0.000000 0.000000 0.000000 0.000000 0.000000 0.000000 0.000000 
50.000000 37.913037 26.933072 17.863895 11.040842 6.353899 3.405577 1.701658 0.793834 0.346384 0.141659 0.054416 0.019677 0.006712 0.002165 0.000661 0.000192 0.000053 0.000014 0.000004 0.000001 0.000000 0.000000 0.000000 0.000000 0.000000 0.000000 0.000000 0.000000 0.000000 0.000000 0.000000 0.000000 0.000000 0.000000 0.000000 0.000000 0.000000 0.000000 0.000000 0.000000 0.000000 0.000000 0.000000 0.000000 0.000000 0.000000 0.000000 0.000000 0.000000 
50.000000 37.913037 26.933072 17.863895 11.040842 6.353899 3.405577 1.701658 0.793834 0.346384 0.141659 0.054416 0.019677 0.006712 0.002165 0.000661 0.000192 0.000053 0.000014 0.000003 0.000001 0.000000 0.000000 0.000000 0.000000 0.000000 0.000000 0.000000 0.000000 0.000000 0.000000 0.000000 0.000000 0.000000 0.000000 0.000000 0.000000 0.000000 0.000000 0.000000 0.000000 0.000000 0.000000 0.000000 0.000000 0.000000 0.000000 0.000000 0.000000 0.000000 
50.000000 37.913037 26.933072 17.863895 11.040842 6.353899 3.405577 1.701658 0.793834 0.346384 0.141659 0.054416 0.019677 0.006712 0.002165 0.000661 0.000192 0.000053 0.000014 0.000003 0.000001 0.000000 0.000000 0.000000 0.000000 0.000000 0.000000 0.000000 0.000000 0.000000 0.000000 0.000000 0.000000 0.000000 0.000000 0.000000 0.000000 0.000000 0.000000 0.000000 0.000000 0.000000 0.000000 0.000000 0.000000 0.000000 0.000000 0.000000 0.000000 0.000000 
50.000000 37.913037 26.933072 17.863895 11.040842 6.353899 3.405577 1.701658 0.793834 0.346384 0.141659 0.054416 0.019677 0.006712 0.002165 0.000661 0.000192 0.000053 0.000014 0.000003 0.000001 0.000000 0.000000 0.000000 0.000000 0.000000 0.000000 0.000000 0.000000 0.000000 0.000000 0.000000 0.000000 0.000000 0.000000 0.000000 0.000000 0.000000 0.000000 0.000000 0.000000 0.000000 0.000000 0.000000 0.000000 0.000000 0.000000 0.000000 0.000000 0.000000 
50.000000 37.913037 26.933072 17.863895 11.040842 6.353899 3.405577 1.701658 0.793834 0.346384 0.141659 0.054416 0.019677 0.006712 0.002165 0.000661 0.000192 0.000053 0.000014 0.000003 0.000001 0.000000 0.000000 0.000000 0.000000 0.000000 0.000000 0.000000 0.000000 0.000000 0.000000 0.000000 0.000000 0.000000 0.000000 0.000000 0.000000 0.000000 0.000000 0.000000 0.000000 0.000000 0.000000 0.000000 0.000000 0.000000 0.000000 0.000000 0.000000 0.000000 
50.000000 37.913037 26.933072 17.863895 11.040842 6.353899 3.405577 1.701658 0.793834 0.346384 0.141659 0.054416 0.019677 0.006712 0.002165 0.000661 0.000192 0.000053 0.000014 0.000004 0.000001 0.000000 0.000000 0.000000 0.000000 0.000000 0.000000 0.000000 0.000000 0.000000 0.000000 0.000000 0.000000 0.000000 0.000000 0.000000 0.000000 0.000000 0.000000 0.000000 0.000000 0.000000 0.000000 0.000000 0.000000 0.000000 0.000000 0.000000 0.000000 0.000000 
50.000000 37.913037 26.933072 17.863895 11.040843 6.353899 3.405577 1.701658 0.793834 0.346384 0.141659 0.054416 0.019677 0.006712 0.002165 0.000662 0.000192 0.000053 0.000014 0.000004 0.000001 0.000000 0.000000 0.000000 0.000000 0.000000 0.000000 0.000000 0.000000 0.000000 0.000000 0.000000 0.000000 0.000000 0.000000 0.000000 0.000000 0.000000 0.000000 0.000000 0.000000 0.000000 0.000000 0.000000 0.000000 0.000000 0.000000 0.000000 0.000000 0.000000 
50.000000 37.913037 26.933072 17.863895 11.040843 6.353900 3.405578 1.701659 0.793835 0.346385 0.141660 0.054417 0.019677 0.006713 0.002166 0.000662 0.000193 0.000054 0.000015 0.000004 0.000002 0.000001 0.000001 0.000001 0.000001 0.000001 0.000001 0.000001 0.000001 0.000001 0.000001 0.000001 0.000001 0.000001 0.000001 0.000001 0.000001 0.000001 0.000001 0.000001 0.000001 0.000001 0.000001 0.000001 0.000001 0.000001 0.000001 0.000000 0.000000 0.000000 
50.000000 37.913038 26.933073 17.863897 11.040845 6.353902 3.405581 1.701661 0.793837 0.346388 0.141663 0.054419 0.019680 0.006716 0.002168 0.000665 0.000195 0.000056 0.000017 0.000007 0.000004 0.000004 0.000004 0.000003 0.000003 0.000003 0.000003 0.000003 0.000003 0.000003 0.000003 0.000003 0.000003 0.000003 0.000003 0.000003 0.000003 0.000003 0.000003 0.000003 0.000003 0.000003 0.000003 0.000003 0.000003 0.000003 0.000002 0.000002 0.000001 0.000000 
50.000000 37.913040 26.933078 17.863904 11.040853 6.353911 3.405590 1.701671 0.793848 0.346398 0.141673 0.054430 0.019690 0.006726 0.002179 0.000675 0.000206 0.000067 0.000028 0.000017 0.000015 0.000014 0.000014 0.000014 0.000014 0.000014 0.000014 0.000014 0.000014 0.000014 0.000014 0.000014 0.000014 0.000014 0.000014 0.000014 0.000014 0.000014 0.000014 0.000014 0.000014 0.000014 0.000014 0.000013 0.000012 0.000011 0.000009 0.000007 0.000004 0.000000 
50.000000 37.913050 26.933096 17.863929 11.040884 6.353945 3.405627 1.701709 0.793886 0.346437 0.141712 0.054469 0.019729 0.006765 0.002218 0.000714 0.000245 0.000106 0.000067 0.000056 0.000054 0.000053 0.000053 0.000053 0.000053 0.000053 0.000053 0.000053 0.000053 0.000053 0.000053 0.000053 0.000053 0.000053 0.000053 0.000053 0.000053 0.000053 0.000053 0.000053 0.000053 0.000052 0.000052 0.000050 0.000047 0.000043 0.000035 0.000026 0.000014 0.000000 
50.000000 37.913083 26.933161 17.864019 11.040993 6.354067 3.405756 1.701844 0.794023 0.346575 0.141850 0.054607 0.019868 0.006904 0.002356 0.000853 0.000384 0.000245 0.000206 0.000195 0.000193 0.000192 0.000192 0.000192 0.000192 0.000192 0.000192 0.000192 0.000192 0.000192 0.000192 0.000192 0.000192 0.000192 0.000192 0.000192 0.000192 0.000192 0.000192 0.000191 0.000191 0.000190 0.000187 0.000181 0.000171 0.000155 0.000129 0.000093 0.000049 0.000000 
50.000000 37.913198 26.933379 17.864322 11.041360 6.354478 3.406195 1.702298 0.794485 0.347041 0.142319 0.055076 0.020338 0.007373 0.002826 0.001323 0.000853 0.000714 0.000675 0.000665 0.000662 0.000662 0.000661 0.000661 0.000661 0.000661 0.000661 0.000661 0.000661 0.000661 0.000661 0.000661 0.000661 0.000661 0.000661 0.000661 0.000661 0.000661 0.000661 0.000660 0.000658 0.000654 0.000645 0.000626 0.000592 0.000534 0.000446 0.000323 0.000171 0.000000 
50.000000 37.913564 26.934077 17.865293 11.042536 6.355794 3.407599 1.703752 0.795966 0.348535 0.143818 0.056578 0.021840 0.008877 0.004329 0.002826 0.002356 0.002218 0.002179 0.002168 0.002166 0.002165 0.002165 0.002165 0.002165 0.002165 0.002165 0.002165 0.002165 0.002165 0.002165 0.002165 0.002165 0.002165 0.002165 0.002165 0.002165 0.002164 0.002163 0.002161 0.002155 0.002142 0.002112 0.002052 0.001941 0.001753 0.001464 0.001063 0.000561 0.000000 
50.000000 37.914669 26.936185 17.868229 11.046091 6.359774 3.411843 1.708149 0.800444 0.353052 0.148353 0.061121 0.026386 0.013424 0.008877 0.007373 0.006904 0.006765 0.006726 0.006716 0.006713 0.006712 0.006712 0.006712 0.006712 0.006712 0.006712 0.006712 0.006712 0.006712 0.006712 0.006712 0.006712 0.006712 0.006712 0.006712 0.006712 0.006711 0.006708 0.006701 0.006684 0.006643 0.006552 0.006369 0.006030 0.005452 0.004560 0.003314 0.001752 0.000000 
50.000000 37.917819 26.942194 17.876593 11.056223 6.371115 3.423942 1.720683 0.813209 0.365930 0.161283 0.074072 0.039346 0.026386 0.021840 0.020338 0.019868 0.019729 0.019690 0.019680 0.019677 0.019677 0.019677 0.019677 0.019677 0.019677 0.019677 0.019677 0.019677 0.019677 0.019677 0.019677 0.019677 0.019677 0.019676 0.019676 0.019675 0.019673 0.019666 0.019646 0.019597 0.019480 0.019222 0.018698 0.017718 0.016042 0.013437 0.009781 0.005176 0.000000 
50.000000 37.926253 26.958282 17.898994 11.083361 6.401496 3.456356 1.754266 0.847411 0.400436 0.195927 0.108775 0.074072 0.061121 0.056578 0.055076 0.054607 0.054469 0.054430 0.054419 0.054417 0.054416 0.054416 0.054416 0.054416 0.054416 0.054416 0.054416 0.054416 0.054416 0.054416 0.054416 0.054416 0.054416 0.054415 0.054415 0.054413 0.054406 0.054388 0.054336 0.054206 0.053895 0.053207 0.051798 0.049143 0.044568 0.037403 0.027277 0.014456 0.000000 
50.000000 37.947420 26.998663 17.955222 11.151487 6.477772 3.537742 1.838594 0.933301 0.487092 0.282931 0.195927 0.161283 0.148353 0.143818 0.142319 0.141850 0.141712 0.141673 0.141663 0.141660 0.141659 0.141659 0.141659 0.141659 0.141659 0.141659 0.141659 0.141659 0.141659 0.141659 0.141659 0.141659 0.141659 0.141659 0.141657 0.141652 0.141636 0.141591 0.141466 0.141145 0.140375 0.138659 0.135116 0.128383 0.116671 0.098157 0.071761 0.038102 0.000000 
50.000000 37.997057 27.093365 18.087103 11.311289 6.656712 3.728688 2.036457 1.134836 0.690431 0.487092 0.400436 0.365930 0.353052 0.348535 0.347041 0.346575 0.346437 0.346398 0.346388 0.346385 0.346384 0.346384 0.346384 0.346384 0.346384 0.346384 0.346384 0.346384 0.346384 0.346384 0.346384 0.346384 0.346384 0.346383 0.346379 0.346368 0.346333 0.346230 0.345947 0.345215 0.343447 0.339471 0.331184 0.315265 0.287254 0.242443 0.177830 0.094663 0.000000 
50.000000 38.105480 27.300234 18.375208 11.660429 7.047703 4.145948 2.468863 1.575288 1.134836 0.933301 0.847411 0.813209 0.800444 0.795966 0.794485 0.794023 0.793886 0.793848 0.793837 0.793835 0.793834 0.793834 0.793834 0.793834 0.793834 0.793834 0.793834 0.793834 0.793834 0.793834 0.793834 0.793834 0.793833 0.793831 0.793824 0.793801 0.793729 0.793516 0.792926 0.791389 0.787644 0.779136 0.761199 0.726289 0.663973 0.562757 0.414619 0.221505 0.000000 
50.000000 38.325332 27.719731 18.959489 12.368552 7.840783 4.992383 3.346074 2.468863 2.036457 1.838594 1.754266 1.720683 1.708149 1.703752 1.702298 1.701844 1.701709 1.701671 1.701661 1.701659 1.701658 1.701658 1.701658 1.701658 1.701658 1.701658 1.701658 1.701658 1.701658 1.701658 1.701658 1.701658 1.701657 1.701653 1.701640 1.701596 1.701461 1.701059 1.699936 1.696986 1.689726 1.673037 1.637361 1.566809 1.438578 1.226167 0.909013 0.488169 0.000000 
50.000000 38.737765 28.506727 20.055708 13.697237 9.329001 6.580839 4.992383 4.145948 3.728688 3.537742 3.456356 3.423942 3.411843 3.407599 3.406195 3.405756 3.405627 3.405590 3.405581 3.405578 3.405577 3.405577 3.405577 3.405577 3.405577 3.405577 3.405577 3.405577 3.405577 3.405577 3.405577 3.405577 3.405575 3.405569 3.405547 3.405474 3.405244 3.404558 3.402626 3.397504 3.384749 3.355022 3.290419 3.160146 2.917924 2.506257 1.874597 1.014739 0.000000 
50.000000 39.451073 29.867908 21.951843 15.995644 11.903571 9.329001 7.840783 7.047703 6.656712 6.477772 6.401496 6.371115 6.359774 6.355794 6.354478 6.354067 6.353945 6.353911 6.353902 6.353900 6.353899 6.353899 6.353899 6.353899 6.353899 6.353899 6.353899 6.353899 6.353899 6.353899 6.353899 6.353898 6.353896 6.353886 6.353853 6.353744 6.353397 6.352353 6.349390 6.341447 6.321413 6.273974 6.168854 5.951785 5.536437 4.806255 3.642565 1.997064 0.000000 
50.000000 40.584561 32.030986 24.965197 19.648537 15.995644 13.697237 12.368552 11.660429 11.311289 11.151487 11.083361 11.056223 11.046091 11.042536 11.041360 11.040993 11.040884 11.040853 11.040845 11.040843 11.040843 11.040842 11.040842 11.040842 11.040842 11.040842 11.040842 11.040842 11.040842 11.040842 11.040842 11.040841 11.040838 11.040826 11.040783 11.040639 11.040181 11.038793 11.034816 11.024035 10.996455 10.929974 10.779313 10.459208 9.824269 8.656980 6.694241 3.751130 0.000000 
50.000000 42.234091 35.178948 29.350788 24.965197 21.951843 20.055708 18.959489 18.375208 18.087103 17.955222 17.898994 17.876593 17.868229 17.865293 17.864322 17.864019 17.863929 17.863904 17.863897 17.863895 17.863895 17.863895 17.863895 17.863895 17.863895 17.863895 17.863895 17.863895 17.863895 17.863895 17.863894 17.863894 17.863890 17.863877 17.863829 17.863669 17.863156 17.861591 17.857066 17.844660 17.812452 17.733323 17.549452 17.145588 16.308217 14.675394 11.711172 6.829258 0.000000 
50.000000 44.426072 39.362227 35.178948 32.030986 29.867908 28.506727 27.719731 27.300234 27.093365 26.998663 26.958282 26.942194 26.936185 26.934077 26.933379 26.933161 26.933096 26.933078 26.933073 26.933072 26.933072 26.933072 26.933072 26.933072 26.933072 26.933072 26.933072 26.933072 26.933072 26.933072 26.933072 26.933071 26.933068 26.933056 26.933014 26.932871 26.932413 26.931005 26.926902 26.915535 26.885614 26.810718 26.632130 26.225343 25.336745 23.467775 19.681113 12.397179 0.000000 
50.000000 47.079412 44.426072 42.234091 40.584561 39.451073 38.737765 38.325332 38.105480 37.997057 37.947420 37.926253 37.917819 37.914669 37.913564 37.913198 37.913083 37.913050 37.913040 37.913038 37.913037 37.913037 37.913037 37.913037 37.913037 37.913037 37.913037 37.913037 37.913037 37.913037 37.913037 37.913037 37.913036 37.913034 37.913027 37.913002 37.912917 37.912643 37.911797 37.909317 37.902394 37.883974 37.837163 37.723027 37.454010 36.833431 35.404833 32.028892 23.539706 0.000000 
50.000000 50.000000 50.000000 50.000000 50.000000 50.000000 50.000000 50.000000 50.000000 50.000000 50.000000 50.000000 50.000000 50.000000 50.000000 50.000000 50.000000 50.000000 50.000000 50.000000 50.000000 50.000000 50.000000 50.000000 50.000000 50.000000 50.000000 50.000000 50.000000 50.000000 50.000000 50.000000 50.000000 50.000000 50.000000 50.000000 50.000000 50.000000 50.000000 50.000000 50.000000 50.000000 50.000000 50.000000 50.000000 50.000000 50.000000 50.000000 50.000000 50.000000 
