50.000000 50.000000 50.000000 50.000000 50.000000 50.000000 50.000000 50.000000 50.000000 50.000000 50.000000 50.000000 50.000000 50.000000 50.000000 50.000000 50.000000 50.000000 50.000000 50.000000 50.000000 50.000000 50.000000 50.000000 50.000000 50.000000 50.000000 50.000000 50.000000 50.000000 50.000000 50.000000 50.000000 50.000000 50.000000 50.000000 50.000000 50.000000 50.000000 50.000000 50.000000 50.000000 50.000000 50.000000 50.000000 50.000000 50.000000 50.000000 50.000000 50.000000 
50.000000 43.698593 38.633212 35.321934 33.530682 32.713864 32.394433 32.285666 32.252996 32.244242 32.242130 32.241667 32.241575 32.241557 32.241555 32.241554 32.241554 32.241554 32.241554 32.241554 32.241554 32.241554 32.241554 32.241554 32.241554 32.241554 32.241554 32.241554 32.241554 32.241554 32.241554 32.241554 32.241554 32.241554 32.241554 32.241554 32.241554 32.241553 32.241547 32.241513 32.241336 32.240467 32.236537 32.220160 32.157280 31.934242 31.197405 28.891169 21.849296 0.000000 
50.000000 38.633212 29.496896 23.525463 20.295951 18.823696 18.248127 18.052212 17.993387 17.977632 17.973832 17.973000 17.972833 17.972802 17.972797 17.972796 17.972796 17.972796 17.972796 17.972796 17.972796 17.972796 17.972796 17.972796 17.972796 17.972796 17.972796 17.972796 17.972796 17.972796 17.972796 17.972796 17.972796 17.972796 17.972796 17.972796 17.972796 17.972794 17.972787 17.972742 17.972511 17.971390 17.966402 17.946085 17.870686 17.616870 16.845803 14.748448 9.742043 0.000000 
50.000000 35.321934 23.525463 15.817006 11.649259 9.749935 9.007690 8.755146 8.679351 8.659060 8.654168 8.653097 8.652883 8.652843 8.652837 8.652835 8.652835 8.652835 8.652835 8.652835 8.652835 8.652835 8.652835 8.652835 8.652835 8.652835 8.652835 8.652835 8.652835 8.652835 8.652835 8.652835 8.652835 8.652835 8.652835 8.652835 8.652835 8.652834 8.652828 8.652793 8.652613 8.651752 8.647983 8.632963 8.578913 8.404788 7.908503 6.679660 4.124529 0.000000 
50.000000 33.530682 20.295951 11.649259 6.975403 4.846069 4.014215 3.731283 3.646400 3.623685 3.618211 3.617013 3.616774 3.616730 3.616722 3.616721 3.616721 3.616721 3.616721 3.616721 3.616721 3.616721 3.616721 3.616721 3.616721 3.616721 3.616721 3.616721 3.616721 3.616721 3.616721 3.616721 3.616721 3.616721 3.616721 3.616721 3.616721 3.616720 3.616716 3.616697 3.616594 3.616109 3.614016 3.605832 3.577112 3.487701 3.244471 2.679081 1.596440 0.000000 
50.000000 32.713864 18.823696 9.749935 4.846069 2.612400 1.739983 1.443327 1.354350 1.330545 1.324810 1.323556 1.323305 1.323259 1.323251 1.323249 1.323249 1.323249 1.323249 1.323249 1.323249 1.323249 1.323249 1.323249 1.323249 1.323249 1.323249 1.323249 1.323249 1.323249 1.323249 1.323249 1.323249 1.323249 1.323249 1.323249 1.323249 1.323249 1.323247 1.323238 1.323192 1.322975 1.322048 1.318478 1.306200 1.268957 1.171022 0.953011 0.556584 0.000000 
50.000000 32.394433 18.248127 9.007690 4.014215 1.739983 0.851833 0.549868 0.459311 0.435087 0.429252 0.427976 0.427721 0.427674 0.427666 0.427664 0.427664 0.427664 0.427664 0.427664 0.427664 0.427664 0.427664 0.427664 0.427664 0.427664 0.427664 0.427664 0.427664 0.427664 0.427664 0.427664 0.427664 0.427664 0.427664 0.427664 0.427664 0.427664 0.427663 0.427660 0.427643 0.427562 0.427219 0.425917 0.421504 0.408383 0.374728 0.302042 0.174273 0.000000 
50.000000 32.285666 18.052212 8.755146 3.731283 1.443327 0.549868 0.246117 0.155029 0.130665 0.124796 0.123513 0.123256 0.123209 0.123201 0.123200 0.123200 0.123200 0.123200 0.123200 0.123200 0.123200 0.123200 0.123200 0.123200 0.123200 0.123200 0.123200 0.123200 0.123200 0.123200 0.123200 0.123200 0.123200 0.123200 0.123200 0.123200 0.123200 0.123199 0.123198 0.123193 0.123167 0.123058 0.122649 0.121280 0.117267 0.107164 0.085811 0.049129 0.000000 
50.000000 32.252996 17.993387 8.679351 3.646400 1.354350 0.459311 0.155029 0.063784 0.039379 0.033501 0.032215 0.031958 0.031911 0.031903 0.031902 0.031901 0.031901 0.031901 0.031901 0.031901 0.031901 0.031901 0.031901 0.031901 0.031901 0.031901 0.031901 0.031901 0.031901 0.031901 0.031901 0.031901 0.031901 0.031901 0.031901 0.031901 0.031901 0.031901 0.031901 0.031899 0.031892 0.031862 0.031749 0.031375 0.030291 0.027599 0.021997 0.012529 0.000000 
50.000000 32.244242 17.977632 8.659060 3.623685 1.330545 0.435087 0.130665 0.039379 0.014963 0.009082 0.007796 0.007539 0.007492 0.007483 0.007482 0.007482 0.007482 0.007482 0.007482 0.007482 0.007482 0.007482 0.007482 0.007482 0.007482 0.007482 0.007482 0.007482 0.007482 0.007482 0.007482 0.007482 0.007482 0.007482 0.007482 0.007482 0.007482 0.007482 0.007482 0.007481 0.007480 0.007472 0.007445 0.007353 0.007091 0.006447 0.005121 0.002906 0.000000 
50.000000 32.242130 17.973832 8.654168 3.618211 1.324810 0.429252 0.124796 0.033501 0.009082 0.003201 0.001914 0.001657 0.001610 0.001602 0.001600 0.001600 0.001600 0.001600 0.001600 0.001600 0.001600 0.001600 0.001600 0.001600 0.001600 0.001600 0.001600 0.001600 0.001600 0.001600 0.001600 0.001600 0.001600 0.001600 0.001600 0.001600 0.001600 0.001600 0.001600 0.001600 0.001600 0.001598 0.001592 0.001572 0.001515 0.001375 0.001089 0.000617 0.000000 
50.000000 32.241667 17.973000 8.653097 3.617013 1.323556 0.427976 0.123513 0.032215 0.007796 0.001914 0.000628 0.000371 0.000324 0.000316 0.000314 0.000314 0.000314 0.000314 0.000314 0.000314 0.000314 0.000314 0.000314 0.000314 0.000314 0.000314 0.000314 0.000314 0.000314 0.000314 0.000314 0.000314 0.000314 0.000314 0.000314 0.000314 0.000314 0.000314 0.000314 0.000314 0.000314 0.000314 0.000312 0.000308 0.000297 0.000269 0.000213 0.000120 0.000000 
50.000000 32.241575 17.972833 8.652883 3.616774 1.323305 0.427721 0.123256 0.031958 0.007539 0.001657 0.000371 0.000114 0.000066 0.000058 0.000057 0.000057 0.000057 0.000057 0.000057 0.000057 0.000057 0.000057 0.000057 0.000057 0.000057 0.000057 0.000057 0.000057 0.000057 0.000057 0.000057 0.000057 0.000057 0.000057 0.000057 0.000057 0.000057 0.000057 0.000057 0.000057 0.000057 0.000057 0.000057 0.000056 0.000054 0.000049 0.000038 0.000022 0.000000 
50.000000 32.241557 17.972802 8.652843 3.616730 1.323259 0.427674 0.123209 0.031911 0.007492 0.001610 0.000324 0.000066 0.000019 0.000011 0.000010 0.000010 0.000010 0.000010 0.000010 0.000010 0.000010 0.000010 0.000010 0.000010 0.000010 0.000010 0.000010 0.000010 0.000010 0.000010 0.000010 0.000010 0.000010 0.000010 0.000010 0.000010 0.000010 0.000010 0.000010 0.000010 0.000010 0.000010 0.000009 0.000009 0.000009 0.000008 0.000006 0.000004 0.000000 
50.000000 32.241555 17.972797 8.652837 3.616722 1.323251 0.427666 0.123201 0.031903 0.007483 0.001602 0.000316 0.000058 0.000011 0.000003 0.000002 0.000002 0.000001 0.000001 0.000001 0.000001 0.000001 0.000001 0.000001 0.000001 0.000001 0.000001 0.000001 0.000001 0.000001 0.000001 0.000001 0.000001 0.000001 0.000001 0.000001 0.000001 0.000001 0.000001 0.000001 0.000001 0.000001 0.000001 0.000001 0.000001 0.000001 0.000001 0.000001 0.000001 0.000000 
50.000000 32.241554 17.972796 8.652835 3.616721 1.323249 0.427664 0.123200 0.031902 0.007482 0.001600 0.000314 0.000057 0.000010 0.000002 0.000000 0.000000 0.000000 0.000000 0.000000 0.000000 0.000000 0.000000 0.000000 0.000000 0.000000 0.000000 0.000000 0.000000 0.000000 0.000000 0.000000 0.000000 0.000000 0.000000 0.000000 0.000000 0.000000 0.000000 0.000000 0.000000 0.000000 0.000000 0.000000 0.000000 0.000000 0.000000 0.000000 0.000000 0.000000 
50.000000 32.241554 17.972796 8.652835 3.616721 1.323249 0.427664 0.123200 0.031901 0.007482 0.001600 0.000314 0.000057 0.000010 0.000002 0.000000 0.000000 0.000000 0.000000 0.000000 0.000000 0.000000 0.000000 0.000000 0.000000 0.000000 0.000000 0.000000 0.000000 0.000000 0.000000 0.000000 0.000000 0.000000 0.000000 0.000000 0.000000 0.000000 0.000000 0.000000 0.000000 0.000000 0.000000 0.000000 0.000000 0.000000 0.000000 0.000000 0.000000 0.000000 
50.000000 32.241554 17.972796 8.652835 3.616721 1.323249 0.427664 0.123200 0.031901 0.007482 0.001600 0.000314 0.000057 0.000010 0.000001 0.000000 0.000000 0.000000 0.000000 0.000000 0.000000 0.000000 0.000000 0.000000 0.000000 0.000000 0.000000 0.000000 0.000000 0.000000 0.000000 0.000000 0.000000 0.000000 0.000000 0.000000 0.000000 0.000000 0.000000 0.000000 0.000000 0.000000 0.000000 0.000000 0.000000 0.000000 0.000000 0.000000 0.000000 0.000000 
50.000000 32.241554 17.972796 8.652835 3.616721 1.323249 0.427664 0.123200 0.031901 0.007482 0.001600 0.000314 0.000057 0.000010 0.000001 0.000000 0.000000 0.000000 0.000000 0.000000 0.000000 0.000000 0.000000 0.000000 0.000000 0.000000 0.000000 0.000000 0.000000 0.000000 0.000000 0.000000 0.000000 0.000000 0.000000 0.000000 0.000000 0.000000 0.000000 0.000000 0.000000 0.000000 0.000000 0.000000 0.000000 0.000000 0.000000 0.000000 0.000000 0.000000 
50.000000 32.241554 17.972796 8.652835 3.616721 1.323249 0.427664 0.123200 0.031901 0.007482 0.001600 0.000314 0.000057 0.000010 0.000001 0.000000 0.000000 0.000000 0.000000 0.000000 0.000000 0.000000 0.000000 0.000000 0.000000 0.000000 0.000000 0.000000 0.000000 0.000000 0.000000 0.000000 0.000000 0.000000 0.000000 0.000000 0.000000 0.000000 0.000000 0.000000 0.000000 0.000000 0.000000 0.000000 0.000000 0.000000 0.000000 0.000000 0.000000 0.000000 
50.000000 32.241554 17.972796 8.652835 3.616721 1.323249 0.427664 0.123200 0.031901 0.007482 0.001600 0.000314 0.000057 0.000010 0.000001 0.000000 0.000000 0.000000 0.000000 0.000000 0.000000 0.000000 0.000000 0.000000 0.000000 0.000000 0.000000 0.000000 0.000000 0.000000 0.000000 0.000000 0.000000 0.000000 0.000000 0.000000 0.000000 0.000000 0.000000 0.000000 0.000000 0.000000 0.000000 0.000000 0.000000 0.000000 0.000000 0.000000 0.000000 0.000000 
50.000000 32.241554 17.972796 8.652835 3.616721 1.323249 0.427664 0.123200 0.031901 0.007482 0.001600 0.000314 0.000057 0.000010 0.000001 0.000000 0.000000 0.000000 0.000000 0.000000 0.000000 0.000000 0.000000 0.000000 0.000000 0.000000 0.000000 0.000000 0.000000 0.000000 0.000000 0.000000 0.000000 0.000000 0.000000 0.000000 0.000000 0.000000 0.000000 0.000000 0.000000 0.000000 0.000000 0.000000 0.000000 0.000000 0.000000 0.000000 0.000000 0.000000 
50.000000 32.241554 17.972796 8.652835 3.616721 1.323249 0.427664 0.123200 0.031901 0.007482 0.001600 0.000314 0.000057 0.000010 0.000001 0.000000 0.000000 0.000000 0.000000 0.000000 0.000000 0.000000 0.000000 0.000000 0.000000 0.000000 0.000000 0.000000 0.000000 0.000000 0.000000 0.000000 0.000000 0.000000 0.000000 0.000000 0.000000 0.000000 0.000000 0.000000 0.000000 0.000000 0.000000 0.000000 0.000000 0.000000 0.000000 0.000000 0.000000 0.000000 
50.000000 32.241554 17.972796 8.652835 3.616721 1.323249 0.427664 0.123200 0.031901 0.007482 0.001600 0.000314 0.000057 0.000010 0.000001 0.000000 0.000000 0.000000 0.000000 0.000000 0.000000 0.000000 0.000000 0.000000 0.000000 0.000000 0.000000 0.000000 0.000000 0.000000 0.000000 0.000000 0.000000 0.000000 0.000000 0.000000 0.000000 0.000000 0.000000 0.000000 0.000000 0.000000 0.000000 0.000000 0.000000 0.000000 0.000000 0.000000 0.000000 0.000000 
50.000000 32.241554 17.972796 8.652835 3.616721 1.323249 0.427664 0.123200 0.031901 0.007482 0.001600 0.000314 0.000057 0.000010 0.000001 0.000000 0.000000 0.000000 0.000000 0.000000 0.000000 0.000000 0.000000 0.000000 0.000000 0.000000 0.000000 0.000000 0.000000 0.000000 0.000000 0.000000 0.000000 0.000000 0.000000 0.000000 0.000000 0.000000 0.000000 0.000000 0.000000 0.000000 0.000000 0.000000 0.000000 0.000000 0.000000 0.000000 0.000000 0.000000 
50.000000 32.241554 17.972796 8.652835 3.616721 1.323249 0.427664 0.123200 0.031901 0.007482 0.001600 0.000314 0.000057 0.000010 0.000001 0.000000 0.000000 0.000000 0.000000 0.000000 0.000000 0.000000 0.000000 0.000000 0.000000 0.000000 0.000000 0.000000 0.000000 0.000000 0.000000 0.000000 0.000000 0.000000 0.000000 0.000000 0.000000 0.000000 0.000000 0.000000 0.000000 0.000000 0.000000 0.000000 0.000000 0.000000 0.000000 0.000000 0.000000 0.000000 
50.000000 32.241554 17.972796 8.652835 3.616721 1.323249 0.427664 0.123200 0.031901 0.007482 0.001600 0.000314 0.000057 0.000010 0.000001 0.000000 0.000000 0.000000 0.000000 0.000000 0.000000 0.000000 0.000000 0.000000 0.000000 0.000000 0.000000 0.000000 0.000000 0.000000 0.000000 0.000000 0.000000 0.000000 0.000000 0.000000 0.000000 0.000000 0.000000 0.000000 0.000000 0.000000 0.000000 0.000000 0.000000 0.000000 0.000000 0.000000 0.000000 0.000000 
50.000000 32.241554 17.972796 8.652835 3.616721 1.323249 0.427664 0.123200 0.031901 0.007482 0.001600 0.000314 0.000057 0.000010 0.000001 0.000000 0.000000 0.000000 0.000000 0.000000 0.000000 0.000000 0.000000 0.000000 0.000000 0.000000 0.000000 0.000000 0.000000 0.000000 0.000000 0.000000 0.000000 0.000000 0.000000 0.000000 0.000000 0.000000 0.000000 0.000000 0.000000 0.000000 0.000000 0.000000 0.000000 0.000000 0.000000 0.000000 0.000000 0.000000 
50.000000 32.241554 17.972796 8.652835 3.616721 1.323249 0.427664 0.123200 0.031901 0.007482 0.001600 0.000314 0.000057 0.000010 0.000001 0.000000 0.000000 0.000000 0.000000 0.000000 0.000000 0.000000 0.000000 0.000000 0.000000 0.000000 0.000000 0.000000 0.000000 0.000000 0.000000 0.000000 0.000000 0.000000 0.000000 0.000000 0.000000 0.000000 0.000000 0.000000 0.000000 0.000000 0.000000 0.000000 0.000000 0.000000 0.000000 0.000000 0.000000 0.000000 
50.000000 32.241554 17.972796 8.652835 3.616721 1.323249 0.427664 0.123200 0.031901 0.007482 0.001600 0.000314 0.000057 0.000010 0.000001 0.000000 0.000000 0.000000 0.000000 0.000000 0.000000 0.000000 0.000000 0.000000 0.000000 0.000000 0.000000 0.000000 0.000000 0.000000 0.000000 0.000000 0.000000 0.000000 0.000000 0.000000 0.000000 0.000000 0.000000 0.000000 0.000000 0.000000 0.000000 0.000000 0.000000 0.000000 0.000000 0.000000 0.000000 0.000000 
50.000000 32.241554 17.972796 8.652835 3.616721 1.323249 0.427664 0.123200 0.031901 0.007482 0.001600 0.000314 0.000057 0.000010 0.000001 0.000000 0.000000 0.000000 0.000000 0.000000 0.000000 0.000000 0.000000 0.000000 0.000000 0.000000 0.000000 0.000000 0.000000 0.000000 0.000000 0.000000 0.000000 0.000000 0.000000 0.000000 0.000000 0.000000 0.000000 0.000000 0.000000 0.000000 0.000000 0.000000 0.000000 0.000000 0.000000 0.000000 0.000000 0.000000 
50.000000 32.241554 17.972796 8.652835 3.616721 1.323249 0.427664 0.123200 0.031901 0.007482 0.001600 0.000314 0.000057 0.000010 0.000001 0.000000 0.000000 0.000000 0.000000 0.000000 0.000000 0.000000 0.000000 0.000000 0.000000 0.000000 0.000000 0.000000 0.000000 0.000000 0.000000 0.000000 0.000000 0.000000 0.000000 0.000000 0.000000 0.000000 0.000000 0.000000 0.000000 0.000000 0.000000 0.000000 0.000000 0.000000 0.000000 0.000000 0.000000 0.000000 
50.000000 32.241554 17.972796 8.652835 3.616721 1.323249 0.427664 0.123200 0.031901 0.007482 0.001600 0.000314 0.000057 0.000010 0.000001 0.000000 0.000000 0.000000 0.000000 0.000000 0.000000 0.000000 0.000000 0.000000 0.000000 0.000000 0.000000 0.000000 0.000000 0.000000 0.000000 0.000000 0.000000 0.000000 0.000000 0.000000 0.000000 0.000000 0.000000 0.000000 0.000000 0.000000 0.000000 0.000000 0.000000 0.000000 0.000000 0.000000 0.000000 0.000000 
50.000000 32.241554 17.972796 8.652835 3.616721 1.323249 0.427664 0.123200 0.031901 0.007482 0.001600 0.000314 0.000057 0.000010 0.000002 0.000000 0.000000 0.000000 0.000000 0.000000 0.000000 0.000000 0.000000 0.000000 0.000000 0.000000 0.000000 0.000000 0.000000 0.000000 0.000000 0.000000 0.000000 0.000000 0.000000 0.000000 0.000000 0.000000 0.000000 0.000000 0.000000 0.000000 0.000000 0.000000 0.000000 0.000000 0.000000 0.000000 0.000000 0.000000 
50.000000 32.241554 17.972796 8.652835 3.616721 1.323249 0.427664 0.123200 0.031902 0.007482 0.001600 0.000314 0.000057 0.000010 0.000002 0.000000 0.000000 0.000000 0.000000 0.000000 0.000000 0.000000 0.000000 0.000000 0.000000 0.000000 0.000000 0.000000 0.000000 0.000000 0.000000 0.000000 0.000000 0.000000 0.000000 0.000000 0.000000 0.000000 0.000000 0.000000 0.000000 0.000000 0.000000 0.000000 0.000000 0.000000 0.000000 0.000000 0.000000 0.000000 
50.000000 32.241555 17.972797 8.652837 3.616722 1.323251 0.427666 0.123201 0.031903 0.007483 0.001602 0.000316 0.000058 0.000011 0.000003 0.000002 0.000002 0.000001 0.000001 0.000001 0.000001 0.000001 0.000001 0.000001 0.000001 0.000001 0.000001 0.000001 0.000001 0.000001 0.000001 0.000001 0.000001 0.000001 0.000001 0.000001 0.000001 0.000001 0.000001 0.000001 0.000001 0.000001 0.000001 0.000001 0.000001 0.000001 0.000001 0.000001 0.000001 0.000000 
50.000000 32.241557 17.972802 8.652843 3.616730 1.323259 0.427674 0.123209 0.031911 0.007492 0.001610 0.000324 0.000066 0.000019 0.000011 0.000010 0.000010 0.000010 0.000010 0.000010 0.000010 0.000010 0.000010 0.000010 0.000010 0.000010 0.000010 0.000010 0.000010 0.000010 0.000010 0.000010 0.000010 0.000010 0.000010 0.000010 0.000010 0.000010 0.000010 0.000010 0.000010 0.000010 0.000010 0.000009 0.000009 0.000009 0.000008 0.000006 0.000004 0.000000 
50.000000 32.241575 17.972833 8.652883 3.616774 1.323305 0.427721 0.123256 0.031958 0.007539 0.001657 0.000371 0.000114 0.000066 0.000058 0.000057 0.000057 0.000057 0.000057 0.000057 0.000057 0.000057 0.000057 0.000057 0.000057 0.000057 0.000057 0.000057 0.000057 0.000057 0.000057 0.000057 0.000057 0.000057 0.000057 0.000057 0.000057 0.000057 0.000057 0.000057 0.000057 0.000057 0.000057 0.000057 0.000056 0.000054 0.000049 0.000038 0.000022 0.000000 
50.000000 32.241667 17.973000 8.653097 3.617013 1.323556 0.427976 0.123513 0.032215 0.007796 0.001914 0.000628 0.000371 0.000324 0.000316 0.000314 0.000314 0.000314 0.000314 0.000314 0.000314 0.000314 0.000314 0.000314 0.000314 0.000314 0.000314 0.000314 0.000314 0.000314 0.000314 0.000314 0.000314 0.000314 0.000314 0.000314 0.000314 0.000314 0.000314 0.000314 0.000314 0.000314 0.000314 0.000312 0.000308 0.000297 0.000269 0.000213 0.000120 0.000000 
50.000000 32.242130 17.973832 8.654168 3.618211 1.324810 0.429252 0.124796 0.033501 0.009082 0.003201 0.001914 0.001657 0.001610 0.001602 0.001600 0.001600 0.001600 0.001600 0.001600 0.001600 0.001600 0.001600 0.001600 0.001600 0.001600 0.001600 0.001600 0.001600 0.001600 0.001600 0.001600 0.001600 0.001600 0.001600 0.001600 0.001600 0.001600 0.001600 0.001600 0.001600 0.001600 0.001598 0.001592 0.001572 0.001515 0.001375 0.001089 0.000617 0.000000 
50.000000 32.244242 17.977632 8.659060 3.623685 1.330545 0.435087 0.130665 0.039379 0.014963 0.009082 0.007796 0.007539 0.007492 0.007483 0.007482 0.007482 0.007482 0.007482 0.007482 0.007482 0.007482 0.007482 0.007482 0.007482 0.007482 0.007482 0.007482 0.007482 0.007482 0.007482 0.007482 0.007482 0.007482 0.007482 0.007482 0.007482 0.007482 0.007482 0.007482 0.007481 0.007480 0.007472 0.007445 0.007353 0.007091 0.006447 0.005121 0.002906 0.000000 
50.000000 32.252996 17.993387 8.679351 3.646400 1.354350 0.459311 0.155029 0.063784 0.039379 0.033501 0.032215 0.031958 0.031911 0.031903 0.031902 0.031901 0.031901 0.031901 0.031901 0.031901 0.031901 0.031901 0.031901 0.031901 0.031901 0.031901 0.031901 0.031901 0.031901 0.031901 0.031901 0.031901 0.031901 0.031901 0.031901 0.031901 0.031901 0.031901 0.031901 0.031899 0.031892 0.031862 0.031749 0.031375 0.030291 0.027599 0.021997 0.012529 0.000000 
50.000000 32.285666 18.052212 8.755146 3.731283 1.443327 0.549868 0.246117 0.155029 0.130665 0.124796 0.123513 0.123256 0.123209 0.123201 0.123200 0.123200 0.123200 0.123200 0.123200 0.123200 0.123200 0.123200 0.123200 0.123200 0.123200 0.123200 0.123200 0.123200 0.123200 0.123200 0.123200 0.123200 0.123200 0.123200 0.123200 0.123200 0.123200 0.123199 0.123198 0.123193 0.123167 0.123058 0.122649 0.121280 0.117267 0.107164 0.085811 0.049129 0.000000 
50.000000 32.394433 18.248127 9.007690 4.014215 1.739983 0.851833 0.549868 0.459311 0.435087 0.429252 0.427976 0.427721 0.427674 0.427666 0.427664 0.427664 0.427664 0.427664 0.427664 0.427664 0.427664 0.427664 0.427664 0.427664 0.427664 0.427664 0.427664 0.427664 0.427664 0.427664 0.427664 0.427664 0.427664 0.427664 0.427664 0.427664 0.427664 0.427663 0.427660 0.427643 0.427562 0.427219 0.425917 0.421504 0.408383 0.374728 0.302042 0.174273 0.000000 
50.000000 32.713864 18.823696 9.749935 4.846069 2.612400 1.739983 1.443327 1.354350 1.330545 1.324810 1.323556 1.323305 1.323259 1.323251 1.323249 1.323249 1.323249 1.323249 1.323249 1.323249 1.323249 1.323249 1.323249 1.323249 1.323249 1.323249 1.323249 1.323249 1.323249 1.323249 1.323249 1.323249 1.323249 1.323249 1.323249 1.323249 1.323249 1.323247 1.323238 1.323192 1.322975 1.322048 1.318478 1.306200 1.268957 1.171022 0.953011 0.556584 0.000000 
50.000000 33.530682 20.295951 11.649259 6.975403 4.846069 4.014215 3.731283 3.646400 3.623685 3.618211 3.617013 3.616774 3.616730 3.616722 3.616721 3.616721 3.616721 3.616721 3.616721 3.616721 3.616721 3.616721 3.616721 3.616721 3.616721 3.616721 3.616721 3.616721 3.616721 3.616721 3.616721 3.616721 3.616721 3.616721 3.616721 3.616721 3.616720 3.616716 3.616697 3.616594 3.616109 3.614016 3.605832 3.577112 3.487701 3.244471 2.679081 1.596440 0.000000 
50.000000 35.321934 23.525463 15.817006 11.649259 9.749935 9.007690 8.755146 8.679351 8.659060 8.654168 8.653097 8.652883 8.652843 8.652837 8.652835 8.652835 8.652835 8.652835 8.652835 8.652835 8.652835 8.652835 8.652835 8.652835 8.652835 8.652835 8.652835 8.652835 8.652835 8.652835 8.652835 8.652835 8.652835 8.652835 8.652835 8.652835 8.652834 8.652828 8.652793 8.652613 8.651752 8.647983 8.632963 8.578913 8.404788 7.908503 6.679660 4.124529 0.000000 
50.000000 38.633212 29.496896 23.525463 20.295951 18.823696 18.248127 18.052212 17.993387 17.977632 17.973832 17.973000 17.972833 17.972802 17.972797 17.972796 17.972796 17.972796 17.972796 17.972796 17.972796 17.972796 17.972796 17.972796 17.972796 17.972796 17.972796 17.972796 17.972796 17.972796 17.972796 17.972796 17.972796 17.972796 17.972796 17.972796 17.972796 17.972794 17.972787 17.972742 17.972511 17.971390 17.966402 17.946085 17.870686 17.616870 16.845803 14.748448 9.742043 0.000000 
50.000000 43.698593 38.633212 35.321934 33.530682 32.713864 32.394433 32.285666 32.252996 32.244242 32.242130 32.241667 32.241575 32.241557 32.241555 32.241554 32.241554 32.241554 32.241554 32.241554 32.241554 32.241554 32.241554 32.241554 32.241554 32.241554 32.241554 32.241554 32.241554 32.241554 32.241554 32.241554 32.241554 32.241554 32.241554 32.241554 32.241554 32.241553 32.241547 32.241513 32.241336 32.240467 32.236537 32.220160 32.157280 31.934242 31.197405 28.891169 21.849296 0.000000 
50.000000 50.000000 50.000000 50.000000 50.000000 50.000000 50.000000 50.000000 50.000000 50.000000 50.000000 50.000000 50.000000 50.000000 50.000000 50.000000 50.000000 50.000000 50.000000 50.000000 50.000000 50.000000 50.000000 50.000000 50.000000 50.000000 50.000000 50.000000 50.000000 50.000000 50.000000 50.000000 50.000000 50.000000 50.000000 50.000000 50.000000 50.000000 50.000000 50.000000 50.000000 50.000000 50.000000 50.000000 50.000000 50.000000 50.000000 50.000000 50.000000 50.000000 
