50.000000 50.000000 50.000000 50.000000 50.000000 50.000000 50.000000 50.000000 50.000000 50.000000 50.000000 50.000000 50.000000 50.000000 50.000000 50.000000 50.000000 50.000000 50.000000 50.000000 50.000000 50.000000 50.000000 50.000000 50.000000 50.000000 50.000000 50.000000 50.000000 50.000000 50.000000 50.000000 50.000000 50.000000 50.000000 50.000000 50.000000 50.000000 50.000000 50.000000 50.000000 50.000000 50.000000 50.000000 50.000000 50.000000 50.000000 50.000000 50.000000 50.000000 
50.000000 47.648592 45.470535 43.600927 42.112396 41.011765 40.254770 39.769586 39.479213 39.316595 39.231190 39.189032 39.169432 39.160829 39.157258 39.155853 39.155328 39.155142 39.155078 39.155058 39.155052 39.155050 39.155049 39.155049 39.155049 39.155049 39.155049 39.155049 39.155049 39.155049 39.155049 39.155047 39.155044 39.155032 39.154995 39.154884 39.154566 39.153692 39.151384 39.145548 39.131379 39.098294 39.023737 38.860681 38.511539 37.769398 36.170455 32.574579 23.824296 0.000000 
50.000000 45.470535 41.275010 37.673672 34.806423 32.686391 31.228302 30.293784 29.734508 29.421307 29.256821 29.175632 29.137885 29.121319 29.114442 29.111737 29.110726 29.110367 29.110245 29.110206 29.110193 29.110190 29.110189 29.110189 29.110188 29.110188 29.110188 29.110188 29.110188 29.110188 29.110188 29.110186 29.110179 29.110159 29.110094 29.109902 29.109350 29.107837 29.103864 29.093871 29.069791 29.014144 28.890583 28.626212 28.078938 26.977231 24.809661 20.637505 12.895956 0.000000 
50.000000 43.600927 37.673672 32.585926 28.535335 25.540421 23.480680 22.160601 21.370612 20.928229 20.695911 20.581247 20.527939 20.504546 20.494836 20.491016 20.489588 20.489081 20.488909 20.488854 20.488837 20.488831 20.488830 20.488830 20.488830 20.488829 20.488829 20.488829 20.488829 20.488829 20.488829 20.488826 20.488819 20.488794 20.488717 20.488487 20.487832 20.486045 20.481379 20.469739 20.441981 20.378716 20.240858 19.953491 19.380175 18.285811 16.292963 12.864011 7.430472 0.000000 
50.000000 42.112396 34.806423 28.535335 23.542748 19.851459 17.312884 15.685994 14.712446 14.167302 13.881037 13.739754 13.674077 13.645257 13.633295 13.628590 13.626832 13.626207 13.625996 13.625927 13.625906 13.625900 13.625898 13.625898 13.625897 13.625897 13.625897 13.625897 13.625897 13.625897 13.625896 13.625894 13.625887 13.625862 13.625787 13.625564 13.624931 13.623213 13.618762 13.607759 13.581828 13.523611 13.399219 13.146543 12.659467 11.771374 10.249525 7.829192 4.342998 0.000000 
50.000000 41.011765 32.686391 25.540421 19.851459 15.645439 12.752989 10.899397 9.790247 9.169209 8.843110 8.682180 8.607374 8.574551 8.560929 8.555571 8.553569 8.552858 8.552617 8.552539 8.552515 8.552508 8.552506 8.552505 8.552505 8.552505 8.552505 8.552505 8.552505 8.552505 8.552504 8.552502 8.552496 8.552476 8.552412 8.552225 8.551697 8.550274 8.546615 8.537657 8.516794 8.470648 8.373877 8.181896 7.822719 7.191992 6.160247 4.607453 2.500226 0.000000 
50.000000 40.254770 31.228302 23.480680 17.312884 12.752989 9.617299 7.607919 6.405608 5.732444 5.378995 5.204579 5.123510 5.087941 5.073181 5.067375 5.065207 5.064436 5.064175 5.064091 5.064065 5.064057 5.064055 5.064054 5.064054 5.064054 5.064054 5.064054 5.064054 5.064054 5.064054 5.064052 5.064047 5.064032 5.063985 5.063846 5.063455 5.062409 5.059741 5.053270 5.038371 5.005871 4.938861 4.808649 4.571093 4.166341 3.527190 2.602090 1.394089 0.000000 
50.000000 39.769586 30.293784 22.160601 15.685994 10.899397 7.607919 5.498787 4.236843 3.530324 3.159382 2.976342 2.891270 2.853948 2.838460 2.832369 2.830094 2.829286 2.829012 2.828924 2.828897 2.828888 2.828886 2.828886 2.828885 2.828885 2.828885 2.828885 2.828885 2.828885 2.828885 2.828884 2.828881 2.828870 2.828838 2.828745 2.828485 2.827791 2.826035 2.821814 2.812195 2.791477 2.749393 2.669058 2.525521 2.286774 1.919742 1.403201 0.745849 0.000000 
50.000000 39.479213 29.734508 21.370612 14.712446 9.790247 6.405608 4.236843 2.939263 2.212819 1.831430 1.643244 1.555784 1.517416 1.501495 1.495234 1.492895 1.492065 1.491783 1.491692 1.491664 1.491656 1.491654 1.491653 1.491653 1.491653 1.491653 1.491653 1.491653 1.491653 1.491653 1.491652 1.491650 1.491644 1.491624 1.491567 1.491408 1.490988 1.489933 1.487415 1.481734 1.469632 1.445367 1.399737 1.319599 1.188835 0.991896 0.720364 0.380918 0.000000 
50.000000 39.316595 29.421307 20.928229 14.167302 9.169209 5.732444 3.530324 2.212819 1.475239 1.088015 0.896955 0.808162 0.769210 0.753048 0.746692 0.744319 0.743475 0.743190 0.743097 0.743069 0.743061 0.743058 0.743057 0.743057 0.743057 0.743057 0.743057 0.743057 0.743057 0.743057 0.743057 0.743056 0.743052 0.743041 0.743009 0.742920 0.742686 0.742101 0.740717 0.737619 0.731085 0.718129 0.694073 0.652415 0.585474 0.486248 0.351516 0.185216 0.000000 
50.000000 39.231190 29.256821 20.695911 13.881037 8.843110 5.378995 3.159382 1.831430 1.088015 0.697734 0.505170 0.415680 0.376423 0.360135 0.353730 0.351337 0.350488 0.350200 0.350107 0.350078 0.350070 0.350067 0.350067 0.350067 0.350066 0.350066 0.350066 0.350066 0.350066 0.350066 0.350066 0.350066 0.350064 0.350058 0.350041 0.349995 0.349874 0.349574 0.348867 0.347298 0.344015 0.337568 0.325725 0.305454 0.273277 0.226173 0.162950 0.085642 0.000000 
50.000000 39.189032 29.175632 20.581247 13.739754 8.682180 5.204579 2.976342 1.643244 0.896955 0.505170 0.311866 0.222033 0.182627 0.166277 0.159847 0.157446 0.156593 0.156304 0.156211 0.156182 0.156173 0.156171 0.156170 0.156170 0.156170 0.156170 0.156170 0.156170 0.156170 0.156170 0.156170 0.156170 0.156169 0.156166 0.156158 0.156135 0.156077 0.155933 0.155596 0.154854 0.153311 0.150307 0.144838 0.135565 0.120992 0.099867 0.071768 0.037648 0.000000 
50.000000 39.169432 29.137885 20.527939 13.674077 8.607374 5.123510 2.891270 1.555784 0.808162 0.415680 0.222033 0.132041 0.092566 0.076187 0.069746 0.067341 0.066486 0.066197 0.066103 0.066075 0.066066 0.066064 0.066063 0.066063 0.066063 0.066063 0.066063 0.066063 0.066063 0.066063 0.066063 0.066062 0.066062 0.066061 0.066057 0.066047 0.066021 0.065956 0.065806 0.065476 0.064795 0.063479 0.061100 0.057100 0.050864 0.041895 0.030048 0.015740 0.000000 
50.000000 39.160829 29.121319 20.504546 13.645257 8.574551 5.087941 2.853948 1.517416 0.769210 0.376423 0.182627 0.092566 0.053060 0.036669 0.030223 0.027816 0.026961 0.026671 0.026578 0.026549 0.026540 0.026538 0.026537 0.026537 0.026537 0.026537 0.026537 0.026537 0.026537 0.026537 0.026537 0.026537 0.026537 0.026536 0.026534 0.026530 0.026519 0.026492 0.026429 0.026291 0.026008 0.025463 0.024486 0.022854 0.020326 0.016714 0.011969 0.006263 0.000000 
50.000000 39.157258 29.114442 20.494836 13.633295 8.560929 5.073181 2.838460 1.501495 0.753048 0.360135 0.166277 0.076187 0.036669 0.020272 0.013824 0.011416 0.010561 0.010271 0.010178 0.010149 0.010140 0.010138 0.010137 0.010137 0.010137 0.010137 0.010137 0.010137 0.010137 0.010137 0.010137 0.010137 0.010137 0.010137 0.010136 0.010134 0.010130 0.010119 0.010094 0.010039 0.009928 0.009715 0.009335 0.008704 0.007731 0.006349 0.004541 0.002374 0.000000 
50.000000 39.155853 29.111737 20.491016 13.628590 8.555571 5.067375 2.832369 1.495234 0.746692 0.353730 0.159847 0.069746 0.030223 0.013824 0.007375 0.004967 0.004112 0.003822 0.003729 0.003700 0.003691 0.003689 0.003688 0.003688 0.003688 0.003688 0.003688 0.003688 0.003688 0.003688 0.003688 0.003688 0.003688 0.003688 0.003687 0.003687 0.003685 0.003681 0.003672 0.003651 0.003610 0.003531 0.003391 0.003158 0.002803 0.002299 0.001643 0.000858 0.000000 
50.000000 39.155328 29.110726 20.489588 13.626832 8.553569 5.065207 2.830094 1.492895 0.744319 0.351337 0.157446 0.067341 0.027816 0.011416 0.004967 0.002559 0.001704 0.001414 0.001320 0.001291 0.001283 0.001280 0.001280 0.001280 0.001280 0.001280 0.001280 0.001280 0.001280 0.001280 0.001280 0.001280 0.001280 0.001280 0.001279 0.001279 0.001279 0.001277 0.001274 0.001267 0.001252 0.001224 0.001175 0.001094 0.000969 0.000795 0.000567 0.000296 0.000000 
50.000000 39.155142 29.110367 20.489081 13.626207 8.552858 5.064436 2.829286 1.492065 0.743475 0.350488 0.156593 0.066486 0.026961 0.010561 0.004112 0.001704 0.000848 0.000558 0.000465 0.000436 0.000427 0.000425 0.000424 0.000424 0.000424 0.000424 0.000424 0.000424 0.000424 0.000424 0.000424 0.000424 0.000424 0.000424 0.000424 0.000424 0.000424 0.000423 0.000422 0.000420 0.000415 0.000405 0.000389 0.000362 0.000320 0.000262 0.000187 0.000098 0.000000 
50.000000 39.155078 29.110245 20.488909 13.625996 8.552617 5.064175 2.829012 1.491783 0.743190 0.350200 0.156304 0.066197 0.026671 0.010271 0.003822 0.001414 0.000558 0.000269 0.000175 0.000146 0.000138 0.000135 0.000135 0.000134 0.000134 0.000134 0.000134 0.000134 0.000134 0.000134 0.000134 0.000134 0.000134 0.000134 0.000134 0.000134 0.000134 0.000134 0.000134 0.000133 0.000131 0.000128 0.000123 0.000114 0.000101 0.000083 0.000059 0.000031 0.000000 
50.000000 39.155058 29.110206 20.488854 13.625927 8.552539 5.064091 2.828924 1.491692 0.743097 0.350107 0.156211 0.066103 0.026578 0.010178 0.003729 0.001320 0.000465 0.000175 0.000082 0.000053 0.000044 0.000042 0.000041 0.000041 0.000041 0.000041 0.000041 0.000041 0.000041 0.000041 0.000041 0.000041 0.000041 0.000041 0.000041 0.000041 0.000041 0.000041 0.000041 0.000040 0.000040 0.000039 0.000037 0.000035 0.000031 0.000025 0.000018 0.000009 0.000000 
50.000000 39.155052 29.110193 20.488837 13.625906 8.552515 5.064065 2.828897 1.491664 0.743069 0.350078 0.156182 0.066075 0.026549 0.010149 0.003700 0.001291 0.000436 0.000146 0.000053 0.000024 0.000015 0.000013 0.000012 0.000012 0.000012 0.000012 0.000012 0.000012 0.000012 0.000012 0.000012 0.000012 0.000012 0.000012 0.000012 0.000012 0.000012 0.000012 0.000012 0.000012 0.000012 0.000011 0.000011 0.000010 0.000009 0.000007 0.000005 0.000003 0.000000 
50.000000 39.155050 29.110190 20.488831 13.625900 8.552508 5.064057 2.828888 1.491656 0.743061 0.350070 0.156173 0.066066 0.026540 0.010140 0.003691 0.001283 0.000427 0.000138 0.000044 0.000015 0.000007 0.000004 0.000004 0.000003 0.000003 0.000003 0.000003 0.000003 0.000003 0.000003 0.000003 0.000003 0.000003 0.000003 0.000003 0.000003 0.000003 0.000003 0.000003 0.000003 0.000003 0.000003 0.000003 0.000003 0.000002 0.000002 0.000001 0.000001 0.000000 
50.000000 39.155049 29.110189 20.488830 13.625898 8.552506 5.064055 2.828886 1.491654 0.743058 0.350067 0.156171 0.066064 0.026538 0.010138 0.003689 0.001280 0.000425 0.000135 0.000042 0.000013 0.000004 0.000002 0.000001 0.000001 0.000001 0.000001 0.000001 0.000001 0.000001 0.000001 0.000001 0.000001 0.000001 0.000001 0.000001 0.000001 0.000001 0.000001 0.000001 0.000001 0.000001 0.000001 0.000001 0.000001 0.000001 0.000001 0.000000 0.000000 0.000000 
50.000000 39.155049 29.110189 20.488830 13.625898 8.552505 5.064054 2.828886 1.491653 0.743057 0.350067 0.156170 0.066063 0.026537 0.010137 0.003688 0.001280 0.000424 0.000135 0.000041 0.000012 0.000004 0.000001 0.000000 0.000000 0.000000 0.000000 0.000000 0.000000 0.000000 0.000000 0.000000 0.000000 0.000000 0.000000 0.000000 0.000000 0.000000 0.000000 0.000000 0.000000 0.000000 0.000000 0.000000 0.000000 0.000000 0.000000 0.000000 0.000000 0.000000 
50.000000 39.155049 29.110189 20.488830 13.625897 8.552505 5.064054 2.828885 1.491653 0.743057 0.350067 0.156170 0.066063 0.026537 0.010137 0.003688 0.001280 0.000424 0.000134 0.000041 0.000012 0.000003 0.000001 0.000000 0.000000 0.000000 0.000000 0.000000 0.000000 0.000000 0.000000 0.000000 0.000000 0.000000 0.000000 0.000000 0.000000 0.000000 0.000000 0.000000 0.000000 0.000000 0.000000 0.000000 0.000000 0.000000 0.000000 0.000000 0.000000 0.000000 
50.000000 39.155049 29.110189 20.488830 13.625897 8.552505 5.064054 2.828885 1.491653 0.743057 0.350067 0.156170 0.066063 0.026537 0.010137 0.003688 0.001280 0.000424 0.000134 0.000041 0.000012 0.000003 0.000001 0.000000 0.000000 0.000000 0.000000 0.000000 0.000000 0.000000 0.000000 0.000000 0.000000 0.000000 0.000000 0.000000 0.000000 0.000000 0.000000 0.000000 0.000000 0.000000 0.000000 0.000000 0.000000 0.000000 0.000000 0.000000 0.000000 0.000000 
50.000000 39.155049 29.110189 20.488830 13.625898 8.552505 5.064054 2.828886 1.491653 0.743057 0.350067 0.156170 0.066063 0.026537 0.010137 0.003688 0.001280 0.000424 0.000135 0.000041 0.000012 0.000004 0.000001 0.000000 0.000000 0.000000 0.000000 0.000000 0.000000 0.000000 0.000000 0.000000 0.000000 0.000000 0.000000 0.000000 0.000000 0.000000 0.000000 0.000000 0.000000 0.000000 0.000000 0.000000 0.000000 0.000000 0.000000 0.000000 0.000000 0.000000 
50.000000 39.155049 29.110189 20.488830 13.625898 8.552506 5.064055 2.828886 1.491654 0.743058 0.350067 0.156171 0.066064 0.026538 0.010138 0.003689 0.001280 0.000425 0.000135 0.000042 0.000013 0.000004 0.000002 0.000001 0.000001 0.000001 0.000001 0.000001 0.000001 0.000001 0.000001 0.000001 0.000001 0.000001 0.000001 0.000001 0.000001 0.000001 0.000001 0.000001 0.000001 0.000001 0.000001 0.000001 0.000001 0.000001 0.000001 0.000000 0.000000 0.000000 
50.000000 39.155050 29.110190 20.488831 13.625900 8.552508 5.064057 2.828888 1.491656 0.743061 0.350070 0.156173 0.066066 0.026540 0.010140 0.003691 0.001283 0.000427 0.000138 0.000044 0.000015 0.000007 0.000004 0.000004 0.000003 0.000003 0.000003 0.000003 0.000003 0.000003 0.000003 0.000003 0.000003 0.000003 0.000003 0.000003 0.000003 0.000003 0.000003 0.000003 0.000003 0.000003 0.000003 0.000003 0.000003 0.000002 0.000002 0.000001 0.000001 0.000000 
50.000000 39.155052 29.110193 20.488837 13.625906 8.552515 5.064065 2.828897 1.491664 0.743069 0.350078 0.156182 0.066075 0.026549 0.010149 0.003700 0.001291 0.000436 0.000146 0.000053 0.000024 0.000015 0.000013 0.000012 0.000012 0.000012 0.000012 0.000012 0.000012 0.000012 0.000012 0.000012 0.000012 0.000012 0.000012 0.000012 0.000012 0.000012 0.000012 0.000012 0.000012 0.000012 0.000011 0.000011 0.000010 0.000009 0.000007 0.000005 0.000003 0.000000 
50.000000 39.155058 29.110206 20.488854 13.625927 8.552539 5.064091 2.828924 1.491692 0.743097 0.350107 0.156211 0.066103 0.026578 0.010178 0.003729 0.001320 0.000465 0.000175 0.000082 0.000053 0.000044 0.000042 0.000041 0.000041 0.000041 0.000041 0.000041 0.000041 0.000041 0.000041 0.000041 0.000041 0.000041 0.000041 0.000041 0.000041 0.000041 0.000041 0.000041 0.000040 0.000040 0.000039 0.000037 0.000035 0.000031 0.000025 0.000018 0.000009 0.000000 
50.000000 39.155078 29.110245 20.488909 13.625996 8.552617 5.064175 2.829012 1.491783 0.743190 0.350200 0.156304 0.066197 0.026671 0.010271 0.003822 0.001414 0.000558 0.000269 0.000175 0.000146 0.000138 0.000135 0.000135 0.000134 0.000134 0.000134 0.000134 0.000134 0.000134 0.000134 0.000134 0.000134 0.000134 0.000134 0.000134 0.000134 0.000134 0.000134 0.000134 0.000133 0.000131 0.000128 0.000123 0.000114 0.000101 0.000083 0.000059 0.000031 0.000000 
50.000000 39.155142 29.110367 20.489081 13.626207 8.552858 5.064436 2.829286 1.492065 0.743475 0.350488 0.156593 0.066486 0.026961 0.010561 0.004112 0.001704 0.000848 0.000558 0.000465 0.000436 0.000427 0.000425 0.000424 0.000424 0.000424 0.000424 0.000424 0.000424 0.000424 0.000424 0.000424 0.000424 0.000424 0.000424 0.000424 0.000424 0.000424 0.000423 0.000422 0.000420 0.000415 0.000405 0.000389 0.000362 0.000320 0.000262 0.000187 0.000098 0.000000 
50.000000 39.155328 29.110726 20.489588 13.626832 8.553569 5.065207 2.830094 1.492895 0.744319 0.351337 0.157446 0.067341 0.027816 0.011416 0.004967 0.002559 0.001704 0.001414 0.001320 0.001291 0.001283 0.001280 0.001280 0.001280 0.001280 0.001280 0.001280 0.001280 0.001280 0.001280 0.001280 0.001280 0.001280 0.001280 0.001279 0.001279 0.001279 0.001277 0.001274 0.001267 0.001252 0.001224 0.001175 0.001094 0.000969 0.000795 0.000567 0.000296 0.000000 
50.000000 39.155853 29.111737 20.491016 13.628590 8.555571 5.067375 2.832369 1.495234 0.746692 0.353730 0.159847 0.069746 0.030223 0.013824 0.007375 0.004967 0.004112 0.003822 0.003729 0.003700 0.003691 0.003689 0.003688 0.003688 0.003688 0.003688 0.003688 0.003688 0.003688 0.003688 0.003688 0.003688 0.003688 0.003688 0.003687 0.003687 0.003685 0.003681 0.003672 0.003651 0.003610 0.003531 0.003391 0.003158 0.002803 0.002299 0.001643 0.000858 0.000000 
50.000000 39.157258 29.114442 20.494836 13.633295 8.560929 5.073181 2.838460 1.501495 0.753048 0.360135 0.166277 0.076187 0.036669 0.020272 0.013824 0.011416 0.010561 0.010271 0.010178 0.010149 0.010140 0.010138 0.010137 0.010137 0.010137 0.010137 0.010137 0.010137 0.010137 0.010137 0.010137 0.010137 0.010137 0.010137 0.010136 0.010134 0.010130 0.010119 0.010094 0.010039 0.009928 0.009715 0.009335 0.008704 0.007731 0.006349 0.004541 0.002374 0.000000 
50.000000 39.160829 29.121319 20.504546 13.645257 8.574551 5.087941 2.853948 1.517416 0.769210 0.376423 0.182627 0.092566 0.053060 0.036669 0.030223 0.027816 0.026961 0.026671 0.026578 0.026549 0.026540 0.026538 0.026537 0.026537 0.026537 0.026537 0.026537 0.026537 0.026537 0.026537 0.026537 0.026537 0.026537 0.026536 0.026534 0.026530 0.026519 0.026492 0.026429 0.026291 0.026008 0.025463 0.024486 0.022854 0.020326 0.016714 0.011969 0.006263 0.000000 
50.000000 39.169432 29.137885 20.527939 13.674077 8.607374 5.123510 2.891270 1.555784 0.808162 0.415680 0.222033 0.132041 0.092566 0.076187 0.069746 0.067341 0.066486 0.066197 0.066103 0.066075 0.066066 0.066064 0.066063 0.066063 0.066063 0.066063 0.066063 0.066063 0.066063 0.066063 0.066063 0.066062 0.066062 0.066061 0.066057 0.066047 0.066021 0.065956 0.065806 0.065476 0.064795 0.063479 0.061100 0.057100 0.050864 0.041895 0.030048 0.015740 0.000000 
50.000000 39.189032 29.175632 20.581247 13.739754 8.682180 5.204579 2.976342 1.643244 0.896955 0.505170 0.311866 0.222033 0.182627 0.166277 0.159847 0.157446 0.156593 0.156304 0.156211 0.156182 0.156173 0.156171 0.156170 0.156170 0.156170 0.156170 0.156170 0.156170 0.156170 0.156170 0.156170 0.156170 0.156169 0.156166 0.156158 0.156135 0.156077 0.155933 0.155596 0.154854 0.153311 0.150307 0.144838 0.135565 0.120992 0.099867 0.071768 0.037648 0.000000 
50.000000 39.231190 29.256821 20.695911 13.881037 8.843110 5.378995 3.159382 1.831430 1.088015 0.697734 0.505170 0.415680 0.376423 0.360135 0.353730 0.351337 0.350488 0.350200 0.350107 0.350078 0.350070 0.350067 0.350067 0.350067 0.350066 0.350066 0.350066 0.350066 0.350066 0.350066 0.350066 0.350066 0.350064 0.350058 0.350041 0.349995 0.349874 0.349574 0.348867 0.347298 0.344015 0.337568 0.325725 0.305454 0.273277 0.226173 0.162950 0.085642 0.000000 
50.000000 39.316595 29.421307 20.928229 14.167302 9.169209 5.732444 3.530324 2.212819 1.475239 1.088015 0.896955 0.808162 0.769210 0.753048 0.746692 0.744319 0.743475 0.743190 0.743097 0.743069 0.743061 0.743058 0.743057 0.743057 0.743057 0.743057 0.743057 0.743057 0.743057 0.743057 0.743057 0.743056 0.743052 0.743041 0.743009 0.742920 0.742686 0.742101 0.740717 0.737619 0.731085 0.718129 0.694073 0.652415 0.585474 0.486248 0.351516 0.185216 0.000000 
50.000000 39.479213 29.734508 21.370612 14.712446 9.790247 6.405608 4.236843 2.939263 2.212819 1.831430 1.643244 1.555784 1.517416 1.501495 1.495234 1.492895 1.492065 1.491783 1.491692 1.491664 1.491656 1.491654 1.491653 1.491653 1.491653 1.491653 1.491653 1.491653 1.491653 1.491653 1.491652 1.491650 1.491644 1.491624 1.491567 1.491408 1.490988 1.489933 1.487415 1.481734 1.469632 1.445367 1.399737 1.319599 1.188835 0.991896 0.720364 0.380918 0.000000 
50.000000 39.769586 30.293784 22.160601 15.685994 10.899397 7.607919 5.498787 4.236843 3.530324 3.159382 2.976342 2.891270 2.853948 2.838460 2.832369 2.830094 2.829286 2.829012 2.828924 2.828897 2.828888 2.828886 2.828886 2.828885 2.828885 2.828885 2.828885 2.828885 2.828885 2.828885 2.828884 2.828881 2.828870 2.828838 2.828745 2.828485 2.827791 2.826035 2.821814 2.812195 2.791477 2.749393 2.669058 2.525521 2.286774 1.919742 1.403201 0.745849 0.000000 
50.000000 40.254770 31.228302 23.480680 17.312884 12.752989 9.617299 7.607919 6.405608 5.732444 5.378995 5.204579 5.123510 5.087941 5.073181 5.067375 5.065207 5.064436 5.064175 5.064091 5.064065 5.064057 5.064055 5.064054 5.064054 5.064054 5.064054 5.064054 5.064054 5.064054 5.064054 5.064052 5.064047 5.064032 5.063985 5.063846 5.063455 5.062409 5.059741 5.053270 5.038371 5.005871 4.938861 4.808649 4.571093 4.166341 3.527190 2.602090 1.394089 0.000000 
50.000000 41.011765 32.686391 25.540421 19.851459 15.645439 12.752989 10.899397 9.790247 9.169209 8.843110 8.682180 8.607374 8.574551 8.560929 8.555571 8.553569 8.552858 8.552617 8.552539 8.552515 8.552508 8.552506 8.552505 8.552505 8.552505 8.552505 8.552505 8.552505 8.552505 8.552504 8.552502 8.552496 8.552476 8.552412 8.552225 8.551697 8.550274 8.546615 8.537657 8.516794 8.470648 8.373877 8.181896 7.822719 7.191992 6.160247 4.607453 2.500226 0.000000 
50.000000 42.112396 34.806423 28.535335 23.542748 19.851459 17.312884 15.685994 14.712446 14.167302 13.881037 13.739754 13.674077 13.645257 13.633295 13.628590 13.626832 13.626207 13.625996 13.625927 13.625906 13.625900 13.625898 13.625898 13.625897 13.625897 13.625897 13.625897 13.625897 13.625897 13.625896 13.625894 13.625887 13.625862 13.625787 13.625564 13.624931 13.623213 13.618762 13.607759 13.581828 13.523611 13.399219 13.146543 12.659467 11.771374 10.249525 7.829192 4.342998 0.000000 
50.000000 43.600927 37.673672 32.585926 28.535335 25.540421 23.480680 22.160601 21.370612 20.928229 20.695911 20.581247 20.527939 20.504546 20.494836 20.491016 20.489588 20.489081 20.488909 20.488854 20.488837 20.488831 20.488830 20.488830 20.488830 20.488829 20.488829 20.488829 20.488829 20.488829 20.488829 20.488826 20.488819 20.488794 20.488717 20.488487 20.487832 20.486045 20.481379 20.469739 20.441981 20.378716 20.240858 19.953491 19.380175 18.285811 16.292963 12.864011 7.430472 0.000000 
50.000000 45.470535 41.275010 37.673672 34.806423 32.686391 31.228302 30.293784 29.734508 29.421307 29.256821 29.175632 29.137885 29.121319 29.114442 29.111737 29.110726 29.110367 29.110245 29.110206 29.110193 29.110190 29.110189 29.110189 29.110188 29.110188 29.110188 29.110188 29.110188 29.110188 29.110188 29.110186 29.110179 29.110159 29.110094 29.109902 29.109350 29.107837 29.103864 29.093871 29.069791 29.014144 28.890583 28.626212 28.078938 26.977231 24.809661 20.637505 12.895956 0.000000 
50.000000 47.648592 45.470535 43.600927 42.112396 41.011765 40.254770 39.769586 39.479213 39.316595 39.231190 39.189032 39.169432 39.160829 39.157258 39.155853 39.155328 39.155142 39.155078 39.155058 39.155052 39.155050 39.155049 39.155049 39.155049 39.155049 39.155049 39.155049 39.155049 39.155049 39.155049 39.155047 39.155044 39.155032 39.154995 39.154884 39.154566 39.153692 39.151384 39.145548 39.131379 39.098294 39.023737 38.860681 38.511539 37.769398 36.170455 32.574579 23.824296 0.000000 
50.000000 50.000000 50.000000 50.000000 50.000000 50.000000 50.000000 50.000000 50.000000 50.000000 50.000000 50.000000 50.000000 50.000000 50.000000 50.000000 50.000000 50.000000 50.000000 50.000000 50.000000 50.000000 50.000000 50.000000 50.000000 50.000000 50.000000 50.000000 50.000000 50.000000 50.000000 50.000000 50.000000 50.000000 50.000000 50.000000 50.000000 50.000000 50.000000 50.000000 50.000000 50.000000 50.000000 50.000000 50.000000 50.000000 50.000000 50.000000 50.000000 50.000000 
