50.000000 50.000000 50.000000 50.000000 50.000000 50.000000 50.000000 50.000000 50.000000 50.000000 50.000000 50.000000 50.000000 50.000000 50.000000 50.000000 50.000000 50.000000 50.000000 50.000000 50.000000 50.000000 50.000000 50.000000 50.000000 50.000000 50.000000 50.000000 50.000000 50.000000 50.000000 50.000000 50.000000 50.000000 50.000000 50.000000 50.000000 50.000000 50.000000 50.000000 50.000000 50.000000 50.000000 50.000000 50.000000 50.000000 50.000000 50.000000 50.000000 50.000000 
50.000000 48.812871 47.669976 46.610612 45.665109 44.852417 44.179555 43.642804 43.230141 42.924267 42.705604 42.554781 42.454361 42.389793 42.349681 42.325592 42.311601 42.303737 42.299458 42.297202 42.296050 42.295479 42.295204 42.295076 42.295017 42.294991 42.294976 42.294964 42.294944 42.294902 42.294811 42.294616 42.294206 42.293366 42.291687 42.288410 42.282164 42.270523 42.249282 42.211260 42.144325 42.028013 41.827489 41.481992 40.880674 39.806746 37.793266 33.706567 24.406435 0.000000 
50.000000 47.669976 45.426776 43.347524 41.491756 39.896663 38.576022 37.522532 36.712594 36.112256 35.683088 35.387069 35.189979 35.063254 34.984528 34.937250 34.909790 34.894357 34.885959 34.881532 34.879271 34.878150 34.877611 34.877360 34.877245 34.877192 34.877164 34.877141 34.877103 34.877025 34.876855 34.876491 34.875726 34.874161 34.871037 34.864955 34.853390 34.831903 34.792852 34.723314 34.601750 34.392549 34.036876 33.436716 32.425785 30.714582 27.786051 22.713388 13.963410 0.000000 
50.000000 46.610612 43.347524 40.322930 37.623436 35.303140 33.382083 31.849643 30.671488 29.798227 29.173959 28.743372 28.456689 28.272359 28.157847 28.089080 28.049140 28.026692 28.014477 28.008039 28.004749 28.003120 28.002336 28.001970 28.001803 28.001727 28.001687 28.001654 28.001604 28.001499 28.001271 28.000782 27.999760 27.997674 27.993520 27.985455 27.970181 27.941940 27.890922 27.800780 27.644796 27.379997 26.938133 26.211807 25.033401 23.144777 20.161465 15.561472 8.817346 0.000000 
50.000000 45.665109 41.491756 37.623436 34.170916 31.203385 28.746472 26.786589 25.279823 24.163002 23.364628 22.813957 22.447327 22.211597 22.065155 21.977215 21.926139 21.897433 21.881814 21.873581 21.869374 21.867290 21.866288 21.865820 21.865607 21.865510 21.865460 21.865421 21.865362 21.865242 21.864982 21.864426 21.863266 21.860903 21.856216 21.847154 21.830073 21.798682 21.742399 21.643887 21.475459 21.193950 20.733687 19.997304 18.845004 17.085458 14.478660 10.777175 5.858363 0.000000 
50.000000 44.852417 39.896663 35.303140 31.203385 27.679556 24.762086 22.434835 20.645651 19.319513 18.371517 17.717655 17.282327 17.002430 16.828554 16.724141 16.663498 16.629417 16.610872 16.601097 16.596104 16.593630 16.592440 16.591885 16.591632 16.591517 16.591460 16.591417 16.591355 16.591232 16.590965 16.590398 16.589216 16.586818 16.582079 16.572961 16.555872 16.524679 16.469215 16.373132 16.210939 15.944151 15.516662 14.849945 13.839778 12.358381 10.269739 7.470878 3.971743 0.000000 
50.000000 44.179555 38.576022 33.382083 28.746472 24.762086 21.463333 18.831956 16.808981 15.309575 14.237730 13.498456 13.006269 12.689820 12.493240 12.375195 12.306637 12.268107 12.247143 12.236093 12.230448 12.227651 12.226307 12.225679 12.225393 12.225264 12.225201 12.225157 12.225097 12.224980 12.224729 12.224196 12.223089 12.220852 12.216451 12.208025 12.192330 12.163889 12.113754 12.027809 11.884562 11.652555 11.287739 10.731667 9.912142 8.749168 7.170276 5.139305 2.697563 0.000000 
50.000000 43.642804 37.522532 31.849643 26.786589 22.434835 18.831956 15.958006 13.748566 12.110973 10.940360 10.132975 9.595450 9.249856 9.035176 8.906263 8.831395 8.789320 8.766427 8.754361 8.748197 8.745144 8.743676 8.742990 8.742679 8.742539 8.742472 8.742428 8.742373 8.742269 8.742048 8.741581 8.740615 8.738670 8.734861 8.727608 8.714182 8.690030 8.647823 8.576207 8.458283 8.270023 7.979003 7.544217 6.918173 6.052902 4.911510 3.485656 1.815315 0.000000 
50.000000 43.230141 36.712594 30.671488 25.279823 20.645651 16.808981 13.748566 11.395797 9.651991 8.405469 7.545740 6.973375 6.605387 6.376799 6.239538 6.159822 6.115025 6.090650 6.077804 6.071241 6.067990 6.066428 6.065698 6.065367 6.065218 6.065149 6.065107 6.065059 6.064972 6.064789 6.064404 6.063611 6.062021 6.058922 6.053052 6.042254 6.022968 5.989548 5.933390 5.841960 5.697899 5.478542 5.156426 4.701500 4.085873 3.291492 2.320046 1.202128 0.000000 
50.000000 42.924267 36.112256 29.798227 24.163002 19.319513 15.309575 12.110973 9.651991 7.829482 6.526715 5.628204 5.030029 4.645452 4.406564 4.263119 4.179815 4.133001 4.107530 4.094106 4.087248 4.083851 4.082218 4.081456 4.081110 4.080956 4.080885 4.080845 4.080805 4.080736 4.080592 4.080292 4.079676 4.078447 4.076061 4.071567 4.063348 4.048772 4.023712 3.981981 3.914741 3.810031 3.652690 3.425012 3.108575 2.687543 2.153432 1.510505 0.779942 0.000000 
50.000000 42.705604 35.683088 29.173959 23.364628 18.371517 14.237730 10.940360 8.405469 6.526715 5.183756 4.257536 3.640920 3.244493 2.998246 2.850386 2.764518 2.716264 2.690011 2.676174 2.669106 2.665605 2.663922 2.663136 2.662780 2.662622 2.662550 2.662513 2.662480 2.662427 2.662320 2.662097 2.661643 2.660739 2.658994 2.655722 2.649775 2.639296 2.621412 2.591878 2.544734 2.472079 2.364153 2.209920 1.998385 1.720741 1.373179 0.959774 0.494344 0.000000 
50.000000 42.554781 35.387069 28.743372 22.813957 17.717655 13.498456 10.132975 7.545740 5.628204 4.257536 3.312213 2.682886 2.278291 2.026974 1.876071 1.788437 1.739191 1.712398 1.698278 1.691065 1.687492 1.685774 1.684973 1.684609 1.684448 1.684377 1.684342 1.684315 1.684276 1.684199 1.684042 1.683722 1.683089 1.681871 1.679599 1.675492 1.668299 1.656106 1.636124 1.604493 1.556191 1.485151 1.384701 1.248440 1.071559 0.852450 0.594218 0.305499 0.000000 
50.000000 42.454361 35.189979 28.456689 22.447327 17.282327 13.006269 9.595450 6.973375 5.030029 3.640920 2.682886 2.045102 1.635074 1.380384 1.227457 1.138649 1.088743 1.061592 1.047283 1.039973 1.036353 1.034613 1.033801 1.033433 1.033270 1.033198 1.033165 1.033143 1.033114 1.033062 1.032956 1.032741 1.032316 1.031503 1.029994 1.027279 1.022551 1.014587 1.001625 0.981257 0.950406 0.905420 0.842380 0.757648 0.648645 0.514749 0.358076 0.183838 0.000000 
50.000000 42.389793 35.063254 28.272359 22.211597 17.002430 12.689820 9.249856 6.605387 4.645452 3.244493 2.278291 1.635074 1.221555 0.964698 0.810471 0.720909 0.670581 0.643199 0.628769 0.621398 0.617747 0.615992 0.615173 0.614802 0.614638 0.614567 0.614535 0.614516 0.614496 0.614461 0.614392 0.614254 0.613981 0.613461 0.612499 0.610777 0.607795 0.602799 0.594718 0.582104 0.563133 0.535674 0.497490 0.446558 0.381523 0.302178 0.209864 0.107629 0.000000 
50.000000 42.349681 34.984528 28.157847 22.065155 16.828554 12.493240 9.035176 6.376799 4.406564 2.998246 2.026974 1.380384 0.964698 0.706497 0.551464 0.461434 0.410843 0.383319 0.368813 0.361404 0.357734 0.355970 0.355147 0.354774 0.354609 0.354538 0.354507 0.354491 0.354477 0.354455 0.354411 0.354325 0.354157 0.353837 0.353249 0.352199 0.350390 0.347375 0.342524 0.334997 0.323746 0.307567 0.285215 0.255594 0.218002 0.172392 0.119573 0.061271 0.000000 
50.000000 42.325592 34.937250 28.089080 21.977215 16.724141 12.375195 8.906263 6.239538 4.263119 2.850386 1.876071 1.227457 0.810471 0.551464 0.395948 0.305637 0.254889 0.227279 0.212728 0.205296 0.201614 0.199845 0.199020 0.198646 0.198481 0.198410 0.198379 0.198365 0.198354 0.198340 0.198314 0.198263 0.198163 0.197974 0.197627 0.197011 0.195953 0.194200 0.191392 0.187058 0.180615 0.171402 0.158744 0.142061 0.120999 0.095561 0.066212 0.033905 0.000000 
50.000000 42.311601 34.909790 28.049140 21.926139 16.663498 12.306637 8.831395 6.159823 4.179815 2.764518 1.788437 1.138649 0.720909 0.461434 0.305637 0.215164 0.164324 0.136665 0.122088 0.114643 0.110955 0.109182 0.108355 0.107980 0.107815 0.107744 0.107714 0.107701 0.107693 0.107684 0.107669 0.107639 0.107582 0.107474 0.107277 0.106929 0.106333 0.105348 0.103779 0.101368 0.097801 0.092725 0.085785 0.076681 0.065236 0.051466 0.035630 0.018234 0.000000 
50.000000 42.303737 34.894357 28.026692 21.897434 16.629417 12.268107 8.789321 6.115025 4.133001 2.716264 1.739191 1.088744 0.670581 0.410843 0.254889 0.164324 0.113434 0.085747 0.071155 0.063702 0.060010 0.058236 0.057408 0.057033 0.056868 0.056797 0.056767 0.056754 0.056748 0.056742 0.056733 0.056717 0.056685 0.056626 0.056518 0.056328 0.056003 0.055469 0.054622 0.053325 0.051414 0.048706 0.045019 0.040201 0.034168 0.026932 0.018631 0.009531 0.000000 
50.000000 42.299458 34.885959 28.014477 21.881814 16.610872 12.247143 8.766428 6.090651 4.107530 2.690011 1.712399 1.061593 0.643200 0.383319 0.227279 0.136665 0.085747 0.058045 0.043445 0.035988 0.032294 0.030519 0.029691 0.029316 0.029150 0.029080 0.029050 0.029038 0.029032 0.029028 0.029023 0.029014 0.028997 0.028966 0.028908 0.028808 0.028637 0.028357 0.027914 0.027238 0.026247 0.024847 0.022948 0.020475 0.017388 0.013695 0.009469 0.004842 0.000000 
50.000000 42.297202 34.881533 28.008039 21.873581 16.601098 12.236094 8.754362 6.077805 4.094107 2.676175 1.698279 1.047284 0.628770 0.368814 0.212729 0.122089 0.071156 0.043446 0.028842 0.021383 0.017688 0.015913 0.015084 0.014709 0.014544 0.014473 0.014443 0.014431 0.014426 0.014423 0.014420 0.014415 0.014406 0.014390 0.014361 0.014310 0.014223 0.014080 0.013856 0.013515 0.013017 0.012315 0.011366 0.010134 0.008600 0.006769 0.004678 0.002391 0.000000 
50.000000 42.296050 34.879271 28.004751 21.869376 16.596106 12.230450 8.748200 6.071244 4.087251 2.669109 1.691067 1.039976 0.621401 0.361407 0.205299 0.114645 0.063705 0.035991 0.021385 0.013925 0.010229 0.008453 0.007625 0.007249 0.007084 0.007013 0.006984 0.006972 0.006967 0.006964 0.006962 0.006960 0.006956 0.006948 0.006933 0.006908 0.006865 0.006795 0.006685 0.006518 0.006274 0.005933 0.005472 0.004876 0.004135 0.003253 0.002247 0.001148 0.000000 
50.000000 42.295480 34.878152 28.003123 21.867295 16.593635 12.227657 8.745150 6.067997 4.083858 2.665612 1.687499 1.036360 0.617754 0.357741 0.201622 0.110962 0.060018 0.032302 0.017695 0.010234 0.006538 0.004762 0.003934 0.003558 0.003393 0.003322 0.003293 0.003281 0.003276 0.003274 0.003272 0.003271 0.003269 0.003265 0.003258 0.003246 0.003225 0.003192 0.003139 0.003060 0.002945 0.002783 0.002566 0.002285 0.001937 0.001523 0.001052 0.000537 0.000000 
50.000000 42.295207 34.877617 28.002345 21.866300 16.592454 12.226322 8.743692 6.066445 4.082236 2.663940 1.685793 1.034632 0.616011 0.355989 0.199865 0.109202 0.058255 0.030538 0.015931 0.008470 0.004774 0.002998 0.002170 0.001794 0.001629 0.001558 0.001528 0.001516 0.001512 0.001510 0.001509 0.001508 0.001507 0.001505 0.001502 0.001496 0.001486 0.001471 0.001446 0.001409 0.001356 0.001281 0.001180 0.001050 0.000890 0.000700 0.000483 0.000247 0.000000 
50.000000 42.295084 34.877375 28.001992 21.865849 16.591919 12.225717 8.743032 6.065742 4.081502 2.663183 1.685021 1.033849 0.615222 0.355196 0.199069 0.108404 0.057457 0.029740 0.015132 0.007671 0.003975 0.002199 0.001370 0.000995 0.000830 0.000759 0.000729 0.000717 0.000713 0.000711 0.000710 0.000709 0.000709 0.000708 0.000706 0.000704 0.000699 0.000691 0.000680 0.000662 0.000637 0.000601 0.000554 0.000493 0.000417 0.000328 0.000226 0.000116 0.000000 
50.000000 42.295037 34.877283 28.001858 21.865677 16.591715 12.225487 8.742780 6.065474 4.081222 2.662895 1.684726 1.033550 0.614921 0.354893 0.198765 0.108100 0.057153 0.029435 0.014828 0.007366 0.003671 0.001894 0.001066 0.000690 0.000525 0.000454 0.000425 0.000413 0.000408 0.000406 0.000405 0.000405 0.000405 0.000404 0.000403 0.000401 0.000399 0.000394 0.000388 0.000378 0.000363 0.000343 0.000315 0.000281 0.000238 0.000187 0.000129 0.000066 0.000000 
50.000000 42.295037 34.877283 28.001858 21.865677 16.591715 12.225487 8.742780 6.065474 4.081222 2.662895 1.684726 1.033550 0.614921 0.354893 0.198765 0.108100 0.057153 0.029435 0.014828 0.007366 0.003671 0.001894 0.001066 0.000690 0.000525 0.000454 0.000425 0.000413 0.000408 0.000406 0.000405 0.000405 0.000405 0.000404 0.000403 0.000401 0.000399 0.000394 0.000388 0.000378 0.000363 0.000343 0.000315 0.000281 0.000238 0.000187 0.000129 0.000066 0.000000 
50.000000 42.295084 34.877375 28.001992 21.865849 16.591919 12.225717 8.743032 6.065742 4.081502 2.663183 1.685021 1.033849 0.615222 0.355196 0.199069 0.108404 0.057457 0.029740 0.015132 0.007671 0.003975 0.002199 0.001370 0.000995 0.000830 0.000759 0.000729 0.000717 0.000713 0.000711 0.000710 0.000709 0.000709 0.000708 0.000706 0.000704 0.000699 0.000691 0.000680 0.000662 0.000637 0.000601 0.000554 0.000493 0.000417 0.000328 0.000226 0.000116 0.000000 
50.000000 42.295207 34.877617 28.002345 21.866300 16.592454 12.226322 8.743692 6.066445 4.082236 2.663940 1.685793 1.034632 0.616011 0.355989 0.199865 0.109202 0.058255 0.030538 0.015931 0.008470 0.004774 0.002998 0.002170 0.001794 0.001629 0.001558 0.001528 0.001516 0.001512 0.001510 0.001509 0.001508 0.001507 0.001505 0.001502 0.001496 0.001486 0.001471 0.001446 0.001409 0.001356 0.001281 0.001180 0.001050 0.000890 0.000700 0.000483 0.000247 0.000000 
50.000000 42.295480 34.878152 28.003123 21.867295 16.593635 12.227657 8.745150 6.067997 4.083858 2.665612 1.687499 1.036360 0.617754 0.357741 0.201622 0.110962 0.060018 0.032302 0.017695 0.010234 0.006538 0.004762 0.003934 0.003558 0.003393 0.003322 0.003293 0.003281 0.003276 0.003274 0.003272 0.003271 0.003269 0.003265 0.003258 0.003246 0.003225 0.003192 0.003139 0.003060 0.002945 0.002783 0.002566 0.002285 0.001937 0.001523 0.001052 0.000537 0.000000 
50.000000 42.296050 34.879271 28.004751 21.869376 16.596106 12.230450 8.748200 6.071244 4.087251 2.669109 1.691067 1.039976 0.621401 0.361407 0.205299 0.114645 0.063705 0.035991 0.021385 0.013925 0.010229 0.008453 0.007625 0.007249 0.007084 0.007013 0.006984 0.006972 0.006967 0.006964 0.006962 0.006960 0.006956 0.006948 0.006933 0.006908 0.006865 0.006795 0.006685 0.006518 0.006274 0.005933 0.005472 0.004876 0.004135 0.003253 0.002247 0.001148 0.000000 
50.000000 42.297202 34.881533 28.008039 21.873581 16.601098 12.236094 8.754362 6.077805 4.094107 2.676175 1.698279 1.047284 0.628770 0.368814 0.212729 0.122089 0.071156 0.043446 0.028842 0.021383 0.017688 0.015913 0.015084 0.014709 0.014544 0.014473 0.014443 0.014431 0.014426 0.014423 0.014420 0.014415 0.014406 0.014390 0.014361 0.014310 0.014223 0.014080 0.013856 0.013515 0.013017 0.012315 0.011366 0.010134 0.008600 0.006769 0.004678 0.002391 0.000000 
50.000000 42.299458 34.885959 28.014477 21.881814 16.610872 12.247143 8.766428 6.090651 4.107530 2.690011 1.712399 1.061593 0.643200 0.383319 0.227279 0.136665 0.085747 0.058045 0.043445 0.035988 0.032294 0.030519 0.029691 0.029316 0.029150 0.029080 0.029050 0.029038 0.029032 0.029028 0.029023 0.029014 0.028997 0.028966 0.028908 0.028808 0.028637 0.028357 0.027914 0.027238 0.026247 0.024847 0.022948 0.020475 0.017388 0.013695 0.009469 0.004842 0.000000 
50.000000 42.303737 34.894357 28.026692 21.897434 16.629417 12.268107 8.789321 6.115025 4.133001 2.716264 1.739191 1.088744 0.670581 0.410843 0.254889 0.164324 0.113434 0.085747 0.071155 0.063702 0.060010 0.058236 0.057408 0.057033 0.056868 0.056797 0.056767 0.056754 0.056748 0.056742 0.056733 0.056717 0.056685 0.056626 0.056518 0.056328 0.056003 0.055469 0.054622 0.053325 0.051414 0.048706 0.045019 0.040201 0.034168 0.026932 0.018631 0.009531 0.000000 
50.000000 42.311601 34.909790 28.049140 21.926139 16.663498 12.306637 8.831395 6.159823 4.179815 2.764518 1.788437 1.138649 0.720909 0.461434 0.305637 0.215164 0.164324 0.136665 0.122088 0.114643 0.110955 0.109182 0.108355 0.107980 0.107815 0.107744 0.107714 0.107701 0.107693 0.107684 0.107669 0.107639 0.107582 0.107474 0.107277 0.106929 0.106333 0.105348 0.103779 0.101368 0.097801 0.092725 0.085785 0.076681 0.065236 0.051466 0.035630 0.018234 0.000000 
50.000000 42.325592 34.937250 28.089080 21.977215 16.724141 12.375195 8.906263 6.239538 4.263119 2.850386 1.876071 1.227457 0.810471 0.551464 0.395948 0.305637 0.254889 0.227279 0.212728 0.205296 0.201614 0.199845 0.199020 0.198646 0.198481 0.198410 0.198379 0.198365 0.198354 0.198340 0.198314 0.198263 0.198163 0.197974 0.197627 0.197011 0.195953 0.194200 0.191392 0.187058 0.180615 0.171402 0.158744 0.142061 0.120999 0.095561 0.066212 0.033905 0.000000 
50.000000 42.349681 34.984528 28.157847 22.065155 16.828554 12.493240 9.035176 6.376799 4.406564 2.998246 2.026974 1.380384 0.964698 0.706497 0.551464 0.461434 0.410843 0.383319 0.368813 0.361404 0.357734 0.355970 0.355147 0.354774 0.354609 0.354538 0.354507 0.354491 0.354477 0.354455 0.354411 0.354325 0.354157 0.353837 0.353249 0.352199 0.350390 0.347375 0.342524 0.334997 0.323746 0.307567 0.285215 0.255594 0.218002 0.172392 0.119573 0.061271 0.000000 
50.000000 42.389793 35.063254 28.272359 22.211597 17.002430 12.689820 9.249856 6.605387 4.645452 3.244493 2.278291 1.635074 1.221555 0.964698 0.810471 0.720909 0.670581 0.643199 0.628769 0.621398 0.617747 0.615992 0.615173 0.614802 0.614638 0.614567 0.614535 0.614516 0.614496 0.614461 0.614392 0.614254 0.613981 0.613461 0.612499 0.610777 0.607795 0.602799 0.594718 0.582104 0.563133 0.535674 0.497490 0.446558 0.381523 0.302178 0.209864 0.107629 0.000000 
50.000000 42.454361 35.189979 28.456689 22.447327 17.282327 13.006269 9.595450 6.973375 5.030029 3.640920 2.682886 2.045102 1.635074 1.380384 1.227457 1.138649 1.088743 1.061592 1.047283 1.039973 1.036353 1.034613 1.033801 1.033433 1.033270 1.033198 1.033165 1.033143 1.033114 1.033062 1.032956 1.032741 1.032316 1.031503 1.029994 1.027279 1.022551 1.014587 1.001625 0.981257 0.950406 0.905420 0.842380 0.757648 0.648645 0.514749 0.358076 0.183838 0.000000 
50.000000 42.554781 35.387069 28.743372 22.813957 17.717655 13.498456 10.132975 7.545740 5.628204 4.257536 3.312213 2.682886 2.278291 2.026974 1.876071 1.788437 1.739191 1.712398 1.698278 1.691065 1.687492 1.685774 1.684973 1.684609 1.684448 1.684377 1.684342 1.684315 1.684276 1.684199 1.684042 1.683722 1.683089 1.681871 1.679599 1.675492 1.668299 1.656106 1.636124 1.604493 1.556191 1.485151 1.384701 1.248440 1.071559 0.852450 0.594218 0.305499 0.000000 
50.000000 42.705604 35.683088 29.173959 23.364628 18.371517 14.237730 10.940360 8.405469 6.526715 5.183756 4.257536 3.640920 3.244493 2.998246 2.850386 2.764518 2.716264 2.690011 2.676174 2.669106 2.665605 2.663922 2.663136 2.662780 2.662622 2.662550 2.662513 2.662480 2.662427 2.662320 2.662097 2.661643 2.660739 2.658994 2.655722 2.649775 2.639296 2.621412 2.591878 2.544734 2.472079 2.364153 2.209920 1.998385 1.720741 1.373179 0.959774 0.494344 0.000000 
50.000000 42.924267 36.112256 29.798227 24.163002 19.319513 15.309575 12.110973 9.651991 7.829482 6.526715 5.628204 5.030029 4.645452 4.406564 4.263119 4.179815 4.133001 4.107530 4.094106 4.087248 4.083851 4.082218 4.081456 4.081110 4.080956 4.080885 4.080845 4.080805 4.080736 4.080592 4.080292 4.079676 4.078447 4.076061 4.071567 4.063348 4.048772 4.023712 3.981981 3.914741 3.810031 3.652690 3.425012 3.108575 2.687543 2.153432 1.510505 0.779942 0.000000 
50.000000 43.230141 36.712594 30.671488 25.279823 20.645651 16.808981 13.748566 11.395797 9.651991 8.405469 7.545740 6.973375 6.605387 6.376799 6.239538 6.159822 6.115025 6.090650 6.077804 6.071241 6.067990 6.066428 6.065698 6.065367 6.065218 6.065149 6.065107 6.065059 6.064972 6.064789 6.064404 6.063611 6.062021 6.058922 6.053052 6.042254 6.022968 5.989548 5.933390 5.841960 5.697899 5.478542 5.156426 4.701500 4.085873 3.291492 2.320046 1.202128 0.000000 
50.000000 43.642804 37.522532 31.849643 26.786589 22.434835 18.831956 15.958006 13.748566 12.110973 10.940360 10.132975 9.595450 9.249856 9.035176 8.906263 8.831395 8.789320 8.766427 8.754361 8.748197 8.745144 8.743676 8.742990 8.742679 8.742539 8.742472 8.742428 8.742373 8.742269 8.742048 8.741581 8.740615 8.738670 8.734861 8.727608 8.714182 8.690030 8.647823 8.576207 8.458283 8.270023 7.979003 7.544217 6.918173 6.052902 4.911510 3.485656 1.815315 0.000000 
50.000000 44.179555 38.576022 33.382083 28.746472 24.762086 21.463333 18.831956 16.808981 15.309575 14.237730 13.498456 13.006269 12.689820 12.493240 12.375195 12.306637 12.268107 12.247143 12.236093 12.230448 12.227651 12.226307 12.225679 12.225393 12.225264 12.225201 12.225157 12.225097 12.224980 12.224729 12.224196 12.223089 12.220852 12.216451 12.208025 12.192330 12.163889 12.113754 12.027809 11.884562 11.652555 11.287739 10.731667 9.912142 8.749168 7.170276 5.139305 2.697563 0.000000 
50.000000 44.852417 39.896663 35.303140 31.203385 27.679556 24.762086 22.434835 20.645651 19.319513 18.371517 17.717655 17.282327 17.002430 16.828554 16.724141 16.663498 16.629417 16.610872 16.601097 16.596104 16.593630 16.592440 16.591885 16.591632 16.591517 16.591460 16.591417 16.591355 16.591232 16.590965 16.590398 16.589216 16.586818 16.582079 16.572961 16.555872 16.524679 16.469215 16.373132 16.210939 15.944151 15.516662 14.849945 13.839778 12.358381 10.269739 7.470878 3.971743 0.000000 
50.000000 45.665109 41.491756 37.623436 34.170916 31.203385 28.746472 26.786589 25.279823 24.163002 23.364628 22.813957 22.447327 22.211597 22.065155 21.977215 21.926139 21.897433 21.881814 21.873581 21.869374 21.867290 21.866288 21.865820 21.865607 21.865510 21.865460 21.865421 21.865362 21.865242 21.864982 21.864426 21.863266 21.860903 21.856216 21.847154 21.830073 21.798682 21.742399 21.643887 21.475459 21.193950 20.733687 19.997304 18.845004 17.085458 14.478660 10.777175 5.858363 0.000000 
50.000000 46.610612 43.347524 40.322930 37.623436 35.303140 33.382083 31.849643 30.671488 29.798227 29.173959 28.743372 28.456689 28.272359 28.157847 28.089080 28.049140 28.026692 28.014477 28.008039 28.004749 28.003120 28.002336 28.001970 28.001803 28.001727 28.001687 28.001654 28.001604 28.001499 28.001271 28.000782 27.999760 27.997674 27.993520 27.985455 27.970181 27.941940 27.890922 27.800780 27.644796 27.379997 26.938133 26.211807 25.033401 23.144777 20.161465 15.561472 8.817346 0.000000 
50.000000 47.669976 45.426776 43.347524 41.491756 39.896663 38.576022 37.522532 36.712594 36.112256 35.683088 35.387069 35.189979 35.063254 34.984528 34.937250 34.909790 34.894357 34.885959 34.881532 34.879271 34.878150 34.877611 34.877360 34.877245 34.877192 34.877164 34.877141 34.877103 34.877025 34.876855 34.876491 34.875726 34.874161 34.871037 34.864955 34.853390 34.831903 34.792852 34.723314 34.601750 34.392549 34.036876 33.436716 32.425785 30.714582 27.786051 22.713388 13.963410 0.000000 
50.000000 48.812871 47.669976 46.610612 45.665109 44.852417 44.179555 43.642804 43.230141 42.924267 42.705604 42.554781 42.454361 42.389793 42.349681 42.325592 42.311601 42.303737 42.299458 42.297202 42.296050 42.295479 42.295204 42.295076 42.295017 42.294991 42.294976 42.294964 42.294944 42.294902 42.294811 42.294616 42.294206 42.293366 42.291687 42.288410 42.282164 42.270523 42.249282 42.211260 42.144325 42.028013 41.827489 41.481992 40.880674 39.806746 37.793266 33.706567 24.406435 0.000000 
50.000000 50.000000 50.000000 50.000000 50.000000 50.000000 50.000000 50.000000 50.000000 50.000000 50.000000 50.000000 50.000000 50.000000 50.000000 50.000000 50.000000 50.000000 50.000000 50.000000 50.000000 50.000000 50.000000 50.000000 50.000000 50.000000 50.000000 50.000000 50.000000 50.000000 50.000000 50.000000 50.000000 50.000000 50.000000 50.000000 50.000000 50.000000 50.000000 50.000000 50.000000 50.000000 50.000000 50.000000 50.000000 50.000000 50.000000 50.000000 50.000000 50.000000 
