50.000000 50.000000 50.000000 50.000000 50.000000 50.000000 50.000000 50.000000 50.000000 50.000000 50.000000 50.000000 50.000000 50.000000 50.000000 50.000000 50.000000 50.000000 50.000000 50.000000 50.000000 50.000000 50.000000 50.000000 50.000000 50.000000 50.000000 50.000000 50.000000 50.000000 50.000000 50.000000 50.000000 50.000000 50.000000 50.000000 50.000000 50.000000 50.000000 50.000000 50.000000 50.000000 50.000000 50.000000 50.000000 50.000000 50.000000 50.000000 50.000000 50.000000 
50.000000 47.761004 45.679200 43.878743 42.429258 41.341813 40.580501 40.082333 39.777112 39.601682 39.506909 39.458689 39.435537 39.425026 39.420506 39.418661 39.417945 39.417681 39.417587 39.417556 39.417546 39.417543 39.417542 39.417541 39.417541 39.417541 39.417541 39.417541 39.417541 39.417541 39.417541 39.417539 39.417533 39.417516 39.417464 39.417313 39.416896 39.415787 39.412955 39.406011 39.389631 39.352399 39.270536 39.095422 38.727667 37.958712 36.323775 32.682949 23.880502 0.000000 
50.000000 45.679200 41.661764 38.187292 35.390149 33.291682 31.822587 30.861299 30.272342 29.933842 29.750977 29.657939 29.613270 29.592992 29.584272 29.580713 29.579331 29.578821 29.578641 29.578580 29.578561 29.578555 29.578553 29.578552 29.578552 29.578552 29.578552 29.578552 29.578552 29.578552 29.578551 29.578548 29.578538 29.578508 29.578416 29.578153 29.577424 29.575494 29.570585 29.558615 29.530592 29.467548 29.330955 29.045070 28.464590 27.315039 25.083246 20.830882 12.996251 0.000000 
50.000000 43.878743 38.187292 33.265109 29.302544 26.329823 24.248736 22.887040 22.052794 21.573334 21.314331 21.182562 21.119301 21.090584 21.078235 21.073195 21.071240 21.070517 21.070262 21.070176 21.070149 21.070140 21.070137 21.070137 21.070137 21.070136 21.070136 21.070136 21.070136 21.070136 21.070135 21.070131 21.070119 21.070082 21.069972 21.069654 21.068780 21.066475 21.060650 21.046557 21.013909 20.941467 20.787440 20.473379 19.858854 18.705113 16.632554 13.104046 7.554968 0.000000 
50.000000 42.429258 35.390149 29.302544 24.401869 20.725474 18.151859 16.467957 15.436356 14.843500 14.523258 14.360343 14.282133 14.246633 14.231369 14.225139 14.222722 14.221829 14.221514 14.221408 14.221374 14.221363 14.221360 14.221359 14.221359 14.221359 14.221359 14.221359 14.221358 14.221358 14.221357 14.221353 14.221342 14.221305 14.221195 14.220882 14.220025 14.217778 14.212141 14.198629 14.167692 14.100081 13.959135 13.679124 13.149845 12.200934 10.597431 8.075110 4.470546 0.000000 
50.000000 41.341813 33.291682 26.329823 20.725474 16.521318 13.578355 11.652870 10.473324 9.795481 9.429352 9.243104 9.153699 9.113120 9.095673 9.088553 9.085791 9.084770 9.084410 9.084289 9.084250 9.084238 9.084235 9.084234 9.084233 9.084233 9.084233 9.084233 9.084233 9.084233 9.084232 9.084229 9.084218 9.084187 9.084093 9.083826 9.083098 9.081203 9.076487 9.065291 9.039963 8.985436 8.873891 8.657512 8.260659 7.575629 6.470968 4.827092 2.614146 0.000000 
50.000000 40.580501 31.822587 24.248736 18.151859 13.578355 10.376951 8.282460 6.999440 6.262170 5.863964 5.661411 5.564185 5.520059 5.501088 5.493347 5.490343 5.489234 5.488843 5.488711 5.488669 5.488655 5.488652 5.488650 5.488650 5.488650 5.488650 5.488650 5.488650 5.488650 5.488649 5.488647 5.488639 5.488615 5.488543 5.488340 5.487791 5.486369 5.482858 5.474603 5.456143 5.416957 5.338159 5.188476 4.920842 4.472734 3.775357 2.777516 1.485079 0.000000 
50.000000 40.082333 30.861299 22.887040 16.467957 11.652870 8.282460 6.077475 4.726821 3.950721 3.531563 3.318362 3.216030 3.169590 3.149625 3.141479 3.138319 3.137152 3.136740 3.136602 3.136557 3.136543 3.136539 3.136538 3.136538 3.136537 3.136537 3.136537 3.136537 3.136537 3.136537 3.136535 3.136530 3.136513 3.136463 3.136324 3.135949 3.134983 3.132618 3.127106 3.114912 3.089354 3.038737 2.944301 2.778978 2.508822 2.099600 1.530344 0.811797 0.000000 
50.000000 39.777112 30.272342 22.052794 15.436356 10.473324 6.999440 4.726821 3.334783 2.534930 2.102960 1.883251 1.777801 1.729947 1.709375 1.700982 1.697727 1.696524 1.696100 1.695957 1.695911 1.695897 1.695893 1.695891 1.695891 1.695891 1.695891 1.695891 1.695891 1.695891 1.695891 1.695889 1.695886 1.695875 1.695844 1.695757 1.695522 1.694922 1.693463 1.690091 1.682702 1.667392 1.637467 1.582483 1.487888 1.336275 1.111327 0.804794 0.424713 0.000000 
50.000000 39.601682 29.933842 21.573334 14.843500 9.795481 6.262170 3.950721 2.534930 1.721450 1.282132 1.058693 0.951455 0.902792 0.881873 0.873338 0.870028 0.868805 0.868374 0.868229 0.868182 0.868167 0.868163 0.868162 0.868162 0.868162 0.868161 0.868161 0.868161 0.868161 0.868161 0.868161 0.868159 0.868152 0.868134 0.868084 0.867948 0.867604 0.866773 0.864866 0.860725 0.852228 0.835809 0.806027 0.755517 0.675808 0.559425 0.403249 0.212051 0.000000 
50.000000 39.506909 29.750977 21.314331 14.523258 9.429352 5.863964 3.531563 2.102960 1.282132 0.838853 0.613405 0.505204 0.456106 0.435000 0.426390 0.423050 0.421816 0.421381 0.421235 0.421188 0.421173 0.421169 0.421168 0.421167 0.421167 0.421167 0.421167 0.421167 0.421167 0.421167 0.421167 0.421166 0.421162 0.421152 0.421125 0.421053 0.420870 0.420429 0.419427 0.417265 0.412869 0.404456 0.389361 0.364061 0.324630 0.267774 0.192362 0.100898 0.000000 
50.000000 39.458689 29.657939 21.182562 14.360343 9.243104 5.661411 3.318362 1.883251 1.058693 0.613405 0.386937 0.278249 0.228929 0.207729 0.199080 0.195726 0.194486 0.194050 0.193902 0.193855 0.193840 0.193836 0.193835 0.193835 0.193834 0.193834 0.193834 0.193834 0.193834 0.193834 0.193834 0.193834 0.193832 0.193827 0.193813 0.193777 0.193686 0.193468 0.192975 0.191919 0.189788 0.185744 0.178553 0.166618 0.148202 0.121912 0.087354 0.045733 0.000000 
50.000000 39.435537 29.613270 21.119301 14.282133 9.153699 5.564185 3.216030 1.777801 0.951455 0.505204 0.278249 0.169327 0.119903 0.098657 0.089990 0.086628 0.085386 0.084949 0.084801 0.084754 0.084739 0.084735 0.084733 0.084733 0.084733 0.084733 0.084733 0.084733 0.084733 0.084733 0.084733 0.084733 0.084732 0.084730 0.084723 0.084706 0.084664 0.084563 0.084335 0.083850 0.082878 0.081047 0.077816 0.072496 0.064356 0.052826 0.037777 0.019750 0.000000 
50.000000 39.425026 29.592992 21.090584 14.246633 9.113120 5.520059 3.169590 1.729947 0.902792 0.456106 0.228929 0.119903 0.070430 0.049164 0.040489 0.037124 0.035881 0.035443 0.035295 0.035248 0.035233 0.035229 0.035227 0.035227 0.035227 0.035227 0.035227 0.035227 0.035227 0.035227 0.035227 0.035227 0.035226 0.035225 0.035223 0.035215 0.035196 0.035152 0.035053 0.034843 0.034425 0.033642 0.032268 0.030022 0.026608 0.021804 0.015568 0.008130 0.000000 
50.000000 39.420506 29.584272 21.078235 14.231369 9.095673 5.501088 3.149625 1.709375 0.881873 0.435000 0.207729 0.098657 0.049164 0.027890 0.019211 0.015844 0.014601 0.014163 0.014015 0.013968 0.013953 0.013948 0.013947 0.013947 0.013947 0.013947 0.013947 0.013947 0.013947 0.013947 0.013947 0.013947 0.013947 0.013946 0.013945 0.013942 0.013934 0.013916 0.013875 0.013789 0.013619 0.013301 0.012747 0.011847 0.010486 0.008581 0.006119 0.003193 0.000000 
50.000000 39.418661 29.580713 21.073195 14.225139 9.088553 5.493347 3.141479 1.700982 0.873338 0.426390 0.199080 0.089990 0.040489 0.019211 0.010530 0.007163 0.005920 0.005481 0.005334 0.005286 0.005271 0.005267 0.005266 0.005265 0.005265 0.005265 0.005265 0.005265 0.005265 0.005265 0.005265 0.005265 0.005265 0.005265 0.005265 0.005263 0.005260 0.005253 0.005237 0.005204 0.005138 0.005016 0.004804 0.004460 0.003944 0.003223 0.002296 0.001197 0.000000 
50.000000 39.417945 29.579331 21.071240 14.222722 9.085791 5.490343 3.138319 1.697727 0.870028 0.423050 0.195726 0.086628 0.037124 0.015844 0.007163 0.003796 0.002552 0.002114 0.001966 0.001919 0.001904 0.001900 0.001899 0.001898 0.001898 0.001898 0.001898 0.001898 0.001898 0.001898 0.001898 0.001898 0.001898 0.001898 0.001898 0.001897 0.001896 0.001894 0.001888 0.001875 0.001851 0.001806 0.001729 0.001604 0.001417 0.001157 0.000824 0.000429 0.000000 
50.000000 39.417681 29.578821 21.070517 14.221829 9.084770 5.489234 3.137152 1.696524 0.868805 0.421816 0.194486 0.085386 0.035881 0.014601 0.005920 0.002552 0.001308 0.000870 0.000722 0.000675 0.000660 0.000656 0.000655 0.000654 0.000654 0.000654 0.000654 0.000654 0.000654 0.000654 0.000654 0.000654 0.000654 0.000654 0.000654 0.000654 0.000654 0.000653 0.000651 0.000646 0.000638 0.000622 0.000595 0.000552 0.000487 0.000397 0.000283 0.000147 0.000000 
50.000000 39.417587 29.578641 21.070262 14.221514 9.084410 5.488843 3.136740 1.696100 0.868374 0.421381 0.194050 0.084949 0.035443 0.014163 0.005481 0.002114 0.000870 0.000432 0.000284 0.000237 0.000222 0.000218 0.000216 0.000216 0.000216 0.000216 0.000216 0.000216 0.000216 0.000216 0.000216 0.000216 0.000216 0.000216 0.000216 0.000216 0.000216 0.000215 0.000215 0.000213 0.000210 0.000205 0.000196 0.000182 0.000160 0.000131 0.000093 0.000048 0.000000 
50.000000 39.417556 29.578580 21.070176 14.221408 9.084289 5.488711 3.136602 1.695957 0.868229 0.421235 0.193902 0.084801 0.035295 0.014015 0.005334 0.001966 0.000722 0.000284 0.000137 0.000089 0.000074 0.000070 0.000069 0.000068 0.000068 0.000068 0.000068 0.000068 0.000068 0.000068 0.000068 0.000068 0.000068 0.000068 0.000068 0.000068 0.000068 0.000068 0.000068 0.000067 0.000067 0.000065 0.000062 0.000057 0.000051 0.000041 0.000029 0.000015 0.000000 
50.000000 39.417546 29.578561 21.070149 14.221374 9.084250 5.488669 3.136557 1.695911 0.868182 0.421188 0.193855 0.084754 0.035248 0.013968 0.005286 0.001919 0.000675 0.000237 0.000089 0.000041 0.000027 0.000022 0.000021 0.000021 0.000021 0.000021 0.000021 0.000021 0.000021 0.000021 0.000021 0.000021 0.000021 0.000021 0.000021 0.000021 0.000021 0.000021 0.000021 0.000020 0.000020 0.000020 0.000019 0.000017 0.000015 0.000012 0.000009 0.000005 0.000000 
50.000000 39.417543 29.578555 21.070140 14.221363 9.084238 5.488655 3.136543 1.695897 0.868167 0.421173 0.193840 0.084739 0.035233 0.013953 0.005271 0.001904 0.000660 0.000222 0.000074 0.000027 0.000012 0.000008 0.000007 0.000006 0.000006 0.000006 0.000006 0.000006 0.000006 0.000006 0.000006 0.000006 0.000006 0.000006 0.000006 0.000006 0.000006 0.000006 0.000006 0.000006 0.000006 0.000006 0.000005 0.000005 0.000004 0.000004 0.000003 0.000001 0.000000 
50.000000 39.417542 29.578553 21.070137 14.221360 9.084235 5.488652 3.136539 1.695893 0.868163 0.421169 0.193836 0.084735 0.035229 0.013948 0.005267 0.001900 0.000656 0.000218 0.000070 0.000022 0.000008 0.000003 0.000002 0.000002 0.000002 0.000002 0.000002 0.000002 0.000002 0.000002 0.000002 0.000002 0.000002 0.000002 0.000002 0.000002 0.000002 0.000002 0.000002 0.000002 0.000002 0.000002 0.000002 0.000001 0.000001 0.000001 0.000001 0.000000 0.000000 
50.000000 39.417541 29.578552 21.070137 14.221359 9.084234 5.488650 3.136538 1.695891 0.868162 0.421168 0.193835 0.084734 0.035227 0.013947 0.005266 0.001899 0.000655 0.000216 0.000069 0.000021 0.000007 0.000002 0.000001 0.000001 0.000000 0.000000 0.000000 0.000000 0.000000 0.000000 0.000000 0.000000 0.000000 0.000000 0.000000 0.000000 0.000000 0.000000 0.000000 0.000000 0.000000 0.000000 0.000000 0.000000 0.000000 0.000000 0.000000 0.000000 0.000000 
50.000000 39.417541 29.578552 21.070137 14.221359 9.084233 5.488650 3.136538 1.695891 0.868162 0.421167 0.193835 0.084733 0.035227 0.013947 0.005266 0.001898 0.000654 0.000216 0.000068 0.000021 0.000006 0.000002 0.000001 0.000000 0.000000 0.000000 0.000000 0.000000 0.000000 0.000000 0.000000 0.000000 0.000000 0.000000 0.000000 0.000000 0.000000 0.000000 0.000000 0.000000 0.000000 0.000000 0.000000 0.000000 0.000000 0.000000 0.000000 0.000000 0.000000 
50.000000 39.417541 29.578552 21.070137 14.221359 9.084233 5.488650 3.136538 1.695891 0.868162 0.421167 0.193835 0.084733 0.035227 0.013947 0.005266 0.001898 0.000654 0.000216 0.000068 0.000021 0.000006 0.000002 0.000001 0.000000 0.000000 0.000000 0.000000 0.000000 0.000000 0.000000 0.000000 0.000000 0.000000 0.000000 0.000000 0.000000 0.000000 0.000000 0.000000 0.000000 0.000000 0.000000 0.000000 0.000000 0.000000 0.000000 0.000000 0.000000 0.000000 
50.000000 39.417541 29.578552 21.070137 14.221359 9.084234 5.488650 3.136538 1.695891 0.868162 0.421168 0.193835 0.084734 0.035227 0.013947 0.005266 0.001899 0.000655 0.000216 0.000069 0.000021 0.000007 0.000002 0.000001 0.000001 0.000000 0.000000 0.000000 0.000000 0.000000 0.000000 0.000000 0.000000 0.000000 0.000000 0.000000 0.000000 0.000000 0.000000 0.000000 0.000000 0.000000 0.000000 0.000000 0.000000 0.000000 0.000000 0.000000 0.000000 0.000000 
50.000000 39.417542 29.578553 21.070137 14.221360 9.084235 5.488652 3.136539 1.695893 0.868163 0.421169 0.193836 0.084735 0.035229 0.013948 0.005267 0.001900 0.000656 0.000218 0.000070 0.000022 0.000008 0.000003 0.000002 0.000002 0.000002 0.000002 0.000002 0.000002 0.000002 0.000002 0.000002 0.000002 0.000002 0.000002 0.000002 0.000002 0.000002 0.000002 0.000002 0.000002 0.000002 0.000002 0.000002 0.000001 0.000001 0.000001 0.000001 0.000000 0.000000 
50.000000 39.417543 29.578555 21.070140 14.221363 9.084238 5.488655 3.136543 1.695897 0.868167 0.421173 0.193840 0.084739 0.035233 0.013953 0.005271 0.001904 0.000660 0.000222 0.000074 0.000027 0.000012 0.000008 0.000007 0.000006 0.000006 0.000006 0.000006 0.000006 0.000006 0.000006 0.000006 0.000006 0.000006 0.000006 0.000006 0.000006 0.000006 0.000006 0.000006 0.000006 0.000006 0.000006 0.000005 0.000005 0.000004 0.000004 0.000003 0.000001 0.000000 
50.000000 39.417546 29.578561 21.070149 14.221374 9.084250 5.488669 3.136557 1.695911 0.868182 0.421188 0.193855 0.084754 0.035248 0.013968 0.005286 0.001919 0.000675 0.000237 0.000089 0.000041 0.000027 0.000022 0.000021 0.000021 0.000021 0.000021 0.000021 0.000021 0.000021 0.000021 0.000021 0.000021 0.000021 0.000021 0.000021 0.000021 0.000021 0.000021 0.000021 0.000020 0.000020 0.000020 0.000019 0.000017 0.000015 0.000012 0.000009 0.000005 0.000000 
50.000000 39.417556 29.578580 21.070176 14.221408 9.084289 5.488711 3.136602 1.695957 0.868229 0.421235 0.193902 0.084801 0.035295 0.014015 0.005334 0.001966 0.000722 0.000284 0.000137 0.000089 0.000074 0.000070 0.000069 0.000068 0.000068 0.000068 0.000068 0.000068 0.000068 0.000068 0.000068 0.000068 0.000068 0.000068 0.000068 0.000068 0.000068 0.000068 0.000068 0.000067 0.000067 0.000065 0.000062 0.000057 0.000051 0.000041 0.000029 0.000015 0.000000 
50.000000 39.417587 29.578641 21.070262 14.221514 9.084410 5.488843 3.136740 1.696100 0.868374 0.421381 0.194050 0.084949 0.035443 0.014163 0.005481 0.002114 0.000870 0.000432 0.000284 0.000237 0.000222 0.000218 0.000216 0.000216 0.000216 0.000216 0.000216 0.000216 0.000216 0.000216 0.000216 0.000216 0.000216 0.000216 0.000216 0.000216 0.000216 0.000215 0.000215 0.000213 0.000210 0.000205 0.000196 0.000182 0.000160 0.000131 0.000093 0.000048 0.000000 
50.000000 39.417681 29.578821 21.070517 14.221829 9.084770 5.489234 3.137152 1.696524 0.868805 0.421816 0.194486 0.085386 0.035881 0.014601 0.005920 0.002552 0.001308 0.000870 0.000722 0.000675 0.000660 0.000656 0.000655 0.000654 0.000654 0.000654 0.000654 0.000654 0.000654 0.000654 0.000654 0.000654 0.000654 0.000654 0.000654 0.000654 0.000654 0.000653 0.000651 0.000646 0.000638 0.000622 0.000595 0.000552 0.000487 0.000397 0.000283 0.000147 0.000000 
50.000000 39.417945 29.579331 21.071240 14.222722 9.085791 5.490343 3.138319 1.697727 0.870028 0.423050 0.195726 0.086628 0.037124 0.015844 0.007163 0.003796 0.002552 0.002114 0.001966 0.001919 0.001904 0.001900 0.001899 0.001898 0.001898 0.001898 0.001898 0.001898 0.001898 0.001898 0.001898 0.001898 0.001898 0.001898 0.001898 0.001897 0.001896 0.001894 0.001888 0.001875 0.001851 0.001806 0.001729 0.001604 0.001417 0.001157 0.000824 0.000429 0.000000 
50.000000 39.418661 29.580713 21.073195 14.225139 9.088553 5.493347 3.141479 1.700982 0.873338 0.426390 0.199080 0.089990 0.040489 0.019211 0.010530 0.007163 0.005920 0.005481 0.005334 0.005286 0.005271 0.005267 0.005266 0.005265 0.005265 0.005265 0.005265 0.005265 0.005265 0.005265 0.005265 0.005265 0.005265 0.005265 0.005265 0.005263 0.005260 0.005253 0.005237 0.005204 0.005138 0.005016 0.004804 0.004460 0.003944 0.003223 0.002296 0.001197 0.000000 
50.000000 39.420506 29.584272 21.078235 14.231369 9.095673 5.501088 3.149625 1.709375 0.881873 0.435000 0.207729 0.098657 0.049164 0.027890 0.019211 0.015844 0.014601 0.014163 0.014015 0.013968 0.013953 0.013948 0.013947 0.013947 0.013947 0.013947 0.013947 0.013947 0.013947 0.013947 0.013947 0.013947 0.013947 0.013946 0.013945 0.013942 0.013934 0.013916 0.013875 0.013789 0.013619 0.013301 0.012747 0.011847 0.010486 0.008581 0.006119 0.003193 0.000000 
50.000000 39.425026 29.592992 21.090584 14.246633 9.113120 5.520059 3.169590 1.729947 0.902792 0.456106 0.228929 0.119903 0.070430 0.049164 0.040489 0.037124 0.035881 0.035443 0.035295 0.035248 0.035233 0.035229 0.035227 0.035227 0.035227 0.035227 0.035227 0.035227 0.035227 0.035227 0.035227 0.035227 0.035226 0.035225 0.035223 0.035215 0.035196 0.035152 0.035053 0.034843 0.034425 0.033642 0.032268 0.030022 0.026608 0.021804 0.015568 0.008130 0.000000 
50.000000 39.435537 29.613270 21.119301 14.282133 9.153699 5.564185 3.216030 1.777801 0.951455 0.505204 0.278249 0.169327 0.119903 0.098657 0.089990 0.086628 0.085386 0.084949 0.084801 0.084754 0.084739 0.084735 0.084733 0.084733 0.084733 0.084733 0.084733 0.084733 0.084733 0.084733 0.084733 0.084733 0.084732 0.084730 0.084723 0.084706 0.084664 0.084563 0.084335 0.083850 0.082878 0.081047 0.077816 0.072496 0.064356 0.052826 0.037777 0.019750 0.000000 
50.000000 39.458689 29.657939 21.182562 14.360343 9.243104 5.661411 3.318362 1.883251 1.058693 0.613405 0.386937 0.278249 0.228929 0.207729 0.199080 0.195726 0.194486 0.194050 0.193902 0.193855 0.193840 0.193836 0.193835 0.193835 0.193834 0.193834 0.193834 0.193834 0.193834 0.193834 0.193834 0.193834 0.193832 0.193827 0.193813 0.193777 0.193686 0.193468 0.192975 0.191919 0.189788 0.185744 0.178553 0.166618 0.148202 0.121912 0.087354 0.045733 0.000000 
50.000000 39.506909 29.750977 21.314331 14.523258 9.429352 5.863964 3.531563 2.102960 1.282132 0.838853 0.613405 0.505204 0.456106 0.435000 0.426390 0.423050 0.421816 0.421381 0.421235 0.421188 0.421173 0.421169 0.421168 0.421167 0.421167 0.421167 0.421167 0.421167 0.421167 0.421167 0.421167 0.421166 0.421162 0.421152 0.421125 0.421053 0.420870 0.420429 0.419427 0.417265 0.412869 0.404456 0.389361 0.364061 0.324630 0.267774 0.192362 0.100898 0.000000 
50.000000 39.601682 29.933842 21.573334 14.843500 9.795481 6.262170 3.950721 2.534930 1.721450 1.282132 1.058693 0.951455 0.902792 0.881873 0.873338 0.870028 0.868805 0.868374 0.868229 0.868182 0.868167 0.868163 0.868162 0.868162 0.868162 0.868161 0.868161 0.868161 0.868161 0.868161 0.868161 0.868159 0.868152 0.868134 0.868084 0.867948 0.867604 0.866773 0.864866 0.860725 0.852228 0.835809 0.806027 0.755517 0.675808 0.559425 0.403249 0.212051 0.000000 
50.000000 39.777112 30.272342 22.052794 15.436356 10.473324 6.999440 4.726821 3.334783 2.534930 2.102960 1.883251 1.777801 1.729947 1.709375 1.700982 1.697727 1.696524 1.696100 1.695957 1.695911 1.695897 1.695893 1.695891 1.695891 1.695891 1.695891 1.695891 1.695891 1.695891 1.695891 1.695889 1.695886 1.695875 1.695844 1.695757 1.695522 1.694922 1.693463 1.690091 1.682702 1.667392 1.637467 1.582483 1.487888 1.336275 1.111327 0.804794 0.424713 0.000000 
50.000000 40.082333 30.861299 22.887040 16.467957 11.652870 8.282460 6.077475 4.726821 3.950721 3.531563 3.318362 3.216030 3.169590 3.149625 3.141479 3.138319 3.137152 3.136740 3.136602 3.136557 3.136543 3.136539 3.136538 3.136538 3.136537 3.136537 3.136537 3.136537 3.136537 3.136537 3.136535 3.136530 3.136513 3.136463 3.136324 3.135949 3.134983 3.132618 3.127106 3.114912 3.089354 3.038737 2.944301 2.778978 2.508822 2.099600 1.530344 0.811797 0.000000 
50.000000 40.580501 31.822587 24.248736 18.151859 13.578355 10.376951 8.282460 6.999440 6.262170 5.863964 5.661411 5.564185 5.520059 5.501088 5.493347 5.490343 5.489234 5.488843 5.488711 5.488669 5.488655 5.488652 5.488650 5.488650 5.488650 5.488650 5.488650 5.488650 5.488650 5.488649 5.488647 5.488639 5.488615 5.488543 5.488340 5.487791 5.486369 5.482858 5.474603 5.456143 5.416957 5.338159 5.188476 4.920842 4.472734 3.775357 2.777516 1.485079 0.000000 
50.000000 41.341813 33.291682 26.329823 20.725474 16.521318 13.578355 11.652870 10.473324 9.795481 9.429352 9.243104 9.153699 9.113120 9.095673 9.088553 9.085791 9.084770 9.084410 9.084289 9.084250 9.084238 9.084235 9.084234 9.084233 9.084233 9.084233 9.084233 9.084233 9.084233 9.084232 9.084229 9.084218 9.084187 9.084093 9.083826 9.083098 9.081203 9.076487 9.065291 9.039963 8.985436 8.873891 8.657512 8.260659 7.575629 6.470968 4.827092 2.614146 0.000000 
50.000000 42.429258 35.390149 29.302544 24.401869 20.725474 18.151859 16.467957 15.436356 14.843500 14.523258 14.360343 14.282133 14.246633 14.231369 14.225139 14.222722 14.221829 14.221514 14.221408 14.221374 14.221363 14.221360 14.221359 14.221359 14.221359 14.221359 14.221359 14.221358 14.221358 14.221357 14.221353 14.221342 14.221305 14.221195 14.220882 14.220025 14.217778 14.212141 14.198629 14.167692 14.100081 13.959135 13.679124 13.149845 12.200934 10.597431 8.075110 4.470546 0.000000 
50.000000 43.878743 38.187292 33.265109 29.302544 26.329823 24.248736 22.887040 22.052794 21.573334 21.314331 21.182562 21.119301 21.090584 21.078235 21.073195 21.071240 21.070517 21.070262 21.070176 21.070149 21.070140 21.070137 21.070137 21.070137 21.070136 21.070136 21.070136 21.070136 21.070136 21.070135 21.070131 21.070119 21.070082 21.069972 21.069654 21.068780 21.066475 21.060650 21.046557 21.013909 20.941467 20.787440 20.473379 19.858854 18.705113 16.632554 13.104046 7.554968 0.000000 
50.000000 45.679200 41.661764 38.187292 35.390149 33.291682 31.822587 30.861299 30.272342 29.933842 29.750977 29.657939 29.613270 29.592992 29.584272 29.580713 29.579331 29.578821 29.578641 29.578580 29.578561 29.578555 29.578553 29.578552 29.578552 29.578552 29.578552 29.578552 29.578552 29.578552 29.578551 29.578548 29.578538 29.578508 29.578416 29.578153 29.577424 29.575494 29.570585 29.558615 29.530592 29.467548 29.330955 29.045070 28.464590 27.315039 25.083246 20.830882 12.996251 0.000000 
50.000000 47.761004 45.679200 43.878743 42.429258 41.341813 40.580501 40.082333 39.777112 39.601682 39.506909 39.458689 39.435537 39.425026 39.420506 39.418661 39.417945 39.417681 39.417587 39.417556 39.417546 39.417543 39.417542 39.417541 39.417541 39.417541 39.417541 39.417541 39.417541 39.417541 39.417541 39.417539 39.417533 39.417516 39.417464 39.417313 39.416896 39.415787 39.412955 39.406011 39.389631 39.352399 39.270536 39.095422 38.727667 37.958712 36.323775 32.682949 23.880502 0.000000 
50.000000 50.000000 50.000000 50.000000 50.000000 50.000000 50.000000 50.000000 50.000000 50.000000 50.000000 50.000000 50.000000 50.000000 50.000000 50.000000 50.000000 50.000000 50.000000 50.000000 50.000000 50.000000 50.000000 50.000000 50.000000 50.000000 50.000000 50.000000 50.000000 50.000000 50.000000 50.000000 50.000000 50.000000 50.000000 50.000000 50.000000 50.000000 50.000000 50.000000 50.000000 50.000000 50.000000 50.000000 50.000000 50.000000 50.000000 50.000000 50.000000 50.000000 
