50.000000 50.000000 50.000000 50.000000 50.000000 50.000000 50.000000 50.000000 50.000000 50.000000 50.000000 50.000000 50.000000 50.000000 50.000000 50.000000 50.000000 50.000000 50.000000 50.000000 50.000000 50.000000 50.000000 50.000000 50.000000 50.000000 50.000000 50.000000 50.000000 50.000000 50.000000 50.000000 50.000000 50.000000 50.000000 50.000000 50.000000 50.000000 50.000000 50.000000 50.000000 50.000000 50.000000 50.000000 50.000000 50.000000 50.000000 50.000000 50.000000 50.000000 
50.000000 48.190938 46.484541 44.966025 43.690637 42.679063 41.920827 41.383244 41.022374 40.792761 40.654119 40.574583 40.531176 40.508612 40.497425 40.492128 40.489730 40.488691 40.488259 40.488087 40.488022 40.487997 40.487989 40.487986 40.487985 40.487984 40.487984 40.487984 40.487984 40.487982 40.487979 40.487968 40.487938 40.487859 40.487655 40.487148 40.485932 40.483112 40.476793 40.463089 40.434277 40.375383 40.257829 40.027207 39.578103 38.696977 36.916725 33.099245 24.095469 0.000000 
50.000000 46.484541 43.168594 40.217757 37.739389 35.773687 34.300287 33.255672 32.554449 32.108282 31.838890 31.684347 31.600006 31.556164 31.534427 31.524137 31.519478 31.517459 31.516621 31.516287 31.516159 31.516111 31.516095 31.516089 31.516087 31.516087 31.516086 31.516086 31.516085 31.516083 31.516076 31.516057 31.516003 31.515860 31.515494 31.514585 31.512408 31.507378 31.496151 31.471937 31.421398 31.319126 31.117909 30.731532 30.003787 28.651195 26.156385 21.584297 13.385296 0.000000 
50.000000 44.966025 40.217757 35.992332 32.443488 29.628778 27.519031 26.023285 25.019247 24.380423 23.994715 23.773451 23.652701 23.589934 23.558817 23.544085 23.537416 23.534526 23.533326 23.532848 23.532664 23.532597 23.532573 23.532565 23.532562 23.532561 23.532561 23.532561 23.532560 23.532557 23.532548 23.532523 23.532456 23.532276 23.531815 23.530675 23.527956 23.521704 23.507838 23.478165 23.416872 23.294538 23.058334 22.616508 21.814785 20.402980 17.996166 14.061372 8.049300 0.000000 
50.000000 43.690637 37.739389 32.443488 27.995625 24.467925 21.823810 19.949253 18.690966 17.890397 17.407046 17.129777 16.978470 16.899821 16.860832 16.842374 16.834019 16.830399 16.828895 16.828296 16.828066 16.827982 16.827952 16.827942 16.827938 16.827937 16.827937 16.827936 16.827935 16.827932 16.827923 16.827897 16.827826 16.827637 16.827155 16.825969 16.823154 16.816719 16.802552 16.772520 16.711220 16.590739 16.362739 15.947414 15.219920 13.997812 12.040508 9.088193 4.993660 0.000000 
50.000000 42.679063 35.773687 29.628778 24.467925 20.374804 17.306953 15.132039 13.672179 12.743391 12.182645 11.860992 11.685471 11.594240 11.549015 11.527606 11.517916 11.513717 11.511973 11.511278 11.511012 11.510914 11.510880 11.510868 11.510864 11.510863 11.510862 11.510862 11.510861 11.510858 11.510849 11.510825 11.510759 11.510586 11.510144 11.509060 11.506503 11.500697 11.488019 11.461411 11.407768 11.303955 11.111286 10.768852 10.187402 9.248005 7.813993 5.769900 3.100960 0.000000 
50.000000 41.920827 34.300287 27.519031 21.823810 17.306953 13.921576 11.521615 9.910743 8.885910 8.267200 7.912310 7.718660 7.618011 7.568119 7.544502 7.533813 7.529182 7.527259 7.526492 7.526199 7.526091 7.526052 7.526039 7.526035 7.526034 7.526033 7.526033 7.526032 7.526030 7.526022 7.526002 7.525947 7.525803 7.525438 7.524546 7.522454 7.517737 7.507521 7.486293 7.444010 7.363377 7.216389 6.960788 6.538100 5.876396 4.902524 3.568755 1.893619 0.000000 
50.000000 41.383244 33.255672 26.023285 19.949253 15.132039 11.521615 8.962172 7.244299 6.151425 5.491658 5.113232 4.906747 4.799430 4.746236 4.721057 4.709661 4.704724 4.702674 4.701857 4.701544 4.701429 4.701388 4.701374 4.701369 4.701368 4.701367 4.701367 4.701366 4.701365 4.701359 4.701344 4.701302 4.701192 4.700916 4.700245 4.698679 4.695172 4.687638 4.672132 4.641597 4.584148 4.481086 4.305226 4.020753 3.586514 2.964950 2.137763 1.125415 0.000000 
50.000000 41.022374 32.554449 25.019247 18.690966 13.672179 9.910743 7.244299 5.454649 4.316140 3.628843 3.234638 3.019550 2.907767 2.852360 2.826135 2.814266 2.809124 2.806989 2.806138 2.805812 2.805692 2.805650 2.805635 2.805631 2.805629 2.805629 2.805628 2.805628 2.805626 2.805623 2.805612 2.805582 2.805505 2.805312 2.804845 2.803761 2.801351 2.796212 2.785729 2.765298 2.727325 2.660151 2.547366 2.368224 2.100227 1.724709 1.235323 0.646991 0.000000 
50.000000 40.792761 32.108282 24.380423 17.890397 12.743391 8.885910 6.151425 4.316140 3.148624 2.443832 2.039602 1.819050 1.704430 1.647619 1.620729 1.608561 1.603289 1.601100 1.600228 1.599894 1.599771 1.599727 1.599712 1.599708 1.599706 1.599705 1.599705 1.599705 1.599704 1.599701 1.599694 1.599675 1.599625 1.599499 1.599196 1.598498 1.596954 1.593687 1.587076 1.574312 1.550842 1.509828 1.441900 1.335623 1.179177 0.963551 0.686884 0.358483 0.000000 
50.000000 40.654119 31.838890 23.994715 17.407046 12.182645 8.267200 5.491658 3.628843 2.443832 1.728490 1.318217 1.094372 0.978043 0.920386 0.893097 0.880748 0.875398 0.873177 0.872292 0.871953 0.871828 0.871784 0.871769 0.871764 0.871762 0.871762 0.871762 0.871761 0.871761 0.871759 0.871755 0.871743 0.871712 0.871636 0.871452 0.871031 0.870104 0.868157 0.864245 0.856756 0.843115 0.819526 0.780907 0.721234 0.634526 0.516550 0.366952 0.191030 0.000000 
50.000000 40.574583 31.684347 23.773451 17.129777 11.860992 7.912310 5.113232 3.234638 2.039602 1.318217 0.904483 0.678753 0.561446 0.503305 0.475788 0.463335 0.457941 0.455701 0.454808 0.454467 0.454341 0.454297 0.454281 0.454276 0.454275 0.454274 0.454274 0.454274 0.454274 0.454273 0.454270 0.454263 0.454246 0.454202 0.454097 0.453858 0.453335 0.452241 0.450060 0.445915 0.438426 0.425594 0.404789 0.372972 0.327225 0.265613 0.188195 0.097790 0.000000 
50.000000 40.531176 31.600006 23.652701 16.978470 11.685471 7.718660 4.906747 3.019550 1.819050 1.094372 0.678753 0.451996 0.334157 0.275753 0.248112 0.235603 0.230184 0.227934 0.227038 0.226695 0.226568 0.226524 0.226508 0.226503 0.226502 0.226501 0.226501 0.226501 0.226501 0.226500 0.226499 0.226495 0.226486 0.226462 0.226405 0.226277 0.225998 0.225418 0.224267 0.222095 0.218199 0.211575 0.200923 0.184773 0.161751 0.130997 0.092629 0.048064 0.000000 
50.000000 40.508612 31.556164 23.589934 16.899821 11.594240 7.618011 4.799430 2.907767 1.704430 0.978043 0.561446 0.334157 0.216042 0.157502 0.129796 0.117258 0.111827 0.109571 0.108673 0.108329 0.108202 0.108158 0.108142 0.108137 0.108136 0.108135 0.108135 0.108135 0.108135 0.108135 0.108134 0.108132 0.108127 0.108115 0.108086 0.108021 0.107880 0.107588 0.107012 0.105932 0.104005 0.100752 0.095557 0.087737 0.076668 0.061978 0.043756 0.022680 0.000000 
50.000000 40.497425 31.534427 23.558817 16.860832 11.549015 7.568119 4.746236 2.852360 1.647619 0.920386 0.503305 0.275753 0.157502 0.098894 0.071156 0.058604 0.053167 0.050909 0.050009 0.049665 0.049538 0.049493 0.049478 0.049473 0.049471 0.049471 0.049471 0.049471 0.049471 0.049471 0.049470 0.049469 0.049467 0.049461 0.049447 0.049416 0.049348 0.049208 0.048934 0.048422 0.047515 0.045991 0.043573 0.039955 0.034863 0.028142 0.019843 0.010276 0.000000 
50.000000 40.492128 31.524137 23.544085 16.842374 11.527606 7.544502 4.721057 2.826135 1.620729 0.893097 0.475788 0.248112 0.129796 0.071156 0.043403 0.030844 0.025404 0.023145 0.022245 0.021901 0.021774 0.021729 0.021713 0.021708 0.021707 0.021706 0.021706 0.021706 0.021706 0.021706 0.021706 0.021705 0.021704 0.021702 0.021695 0.021681 0.021650 0.021586 0.021462 0.021231 0.020823 0.020141 0.019065 0.017462 0.015219 0.012270 0.008643 0.004473 0.000000 
50.000000 40.489730 31.519478 23.537416 16.834019 11.517916 7.533813 4.709661 2.814266 1.608561 0.880748 0.463335 0.235603 0.117258 0.058604 0.030844 0.018283 0.012841 0.010581 0.009681 0.009337 0.009210 0.009165 0.009149 0.009144 0.009143 0.009142 0.009142 0.009142 0.009142 0.009142 0.009142 0.009142 0.009141 0.009140 0.009137 0.009131 0.009117 0.009090 0.009036 0.008936 0.008761 0.008469 0.008010 0.007330 0.006382 0.005140 0.003618 0.001871 0.000000 
50.000000 40.488691 31.517459 23.534526 16.830399 11.513717 7.529182 4.704724 2.809124 1.603289 0.875398 0.457941 0.230184 0.111827 0.053167 0.025404 0.012841 0.007398 0.005139 0.004238 0.003894 0.003767 0.003722 0.003707 0.003702 0.003700 0.003700 0.003699 0.003699 0.003699 0.003699 0.003699 0.003699 0.003699 0.003699 0.003697 0.003695 0.003689 0.003678 0.003655 0.003614 0.003542 0.003422 0.003235 0.002958 0.002573 0.002071 0.001456 0.000753 0.000000 
50.000000 40.488259 31.516621 23.533326 16.828895 11.511973 7.527259 4.702674 2.806989 1.601100 0.873177 0.455701 0.227934 0.109571 0.050909 0.023145 0.010581 0.005139 0.002879 0.001979 0.001634 0.001507 0.001462 0.001447 0.001442 0.001440 0.001440 0.001440 0.001440 0.001440 0.001440 0.001440 0.001439 0.001439 0.001439 0.001439 0.001438 0.001435 0.001431 0.001422 0.001406 0.001377 0.001330 0.001256 0.001148 0.000998 0.000803 0.000564 0.000292 0.000000 
50.000000 40.488087 31.516287 23.532848 16.828296 11.511278 7.526492 4.701857 2.806138 1.600228 0.872292 0.454808 0.227038 0.108673 0.050009 0.022245 0.009681 0.004238 0.001979 0.001078 0.000734 0.000607 0.000562 0.000547 0.000541 0.000540 0.000539 0.000539 0.000539 0.000539 0.000539 0.000539 0.000539 0.000539 0.000539 0.000539 0.000538 0.000538 0.000536 0.000532 0.000526 0.000515 0.000498 0.000470 0.000429 0.000373 0.000300 0.000211 0.000109 0.000000 
50.000000 40.488022 31.516159 23.532664 16.828066 11.511012 7.526199 4.701544 2.805812 1.599894 0.871953 0.454467 0.226695 0.108329 0.049665 0.021901 0.009337 0.003894 0.001634 0.000734 0.000389 0.000262 0.000217 0.000202 0.000197 0.000195 0.000195 0.000195 0.000195 0.000195 0.000195 0.000195 0.000195 0.000195 0.000194 0.000194 0.000194 0.000194 0.000193 0.000192 0.000190 0.000186 0.000179 0.000169 0.000155 0.000134 0.000108 0.000076 0.000039 0.000000 
50.000000 40.487997 31.516111 23.532597 16.827982 11.510914 7.526091 4.701429 2.805692 1.599771 0.871828 0.454341 0.226568 0.108202 0.049538 0.021774 0.009210 0.003767 0.001507 0.000607 0.000262 0.000135 0.000090 0.000075 0.000070 0.000068 0.000068 0.000068 0.000068 0.000068 0.000068 0.000068 0.000068 0.000068 0.000068 0.000068 0.000068 0.000067 0.000067 0.000067 0.000066 0.000065 0.000062 0.000059 0.000054 0.000047 0.000037 0.000026 0.000014 0.000000 
50.000000 40.487989 31.516095 23.532573 16.827952 11.510880 7.526053 4.701388 2.805650 1.599727 0.871784 0.454297 0.226524 0.108158 0.049493 0.021729 0.009165 0.003722 0.001462 0.000562 0.000217 0.000090 0.000046 0.000030 0.000025 0.000023 0.000023 0.000023 0.000023 0.000023 0.000023 0.000023 0.000023 0.000023 0.000023 0.000023 0.000023 0.000023 0.000023 0.000022 0.000022 0.000022 0.000021 0.000020 0.000018 0.000016 0.000013 0.000009 0.000005 0.000000 
50.000000 40.487986 31.516089 23.532565 16.827942 11.510868 7.526040 4.701374 2.805636 1.599713 0.871769 0.454282 0.226509 0.108142 0.049478 0.021714 0.009150 0.003707 0.001447 0.000547 0.000202 0.000075 0.000030 0.000015 0.000010 0.000008 0.000008 0.000008 0.000008 0.000008 0.000008 0.000008 0.000008 0.000008 0.000008 0.000008 0.000008 0.000008 0.000008 0.000007 0.000007 0.000007 0.000007 0.000007 0.000006 0.000005 0.000004 0.000003 0.000002 0.000000 
50.000000 40.487985 31.516087 23.532563 16.827939 11.510864 7.526036 4.701370 2.805631 1.599708 0.871765 0.454277 0.226504 0.108138 0.049474 0.021709 0.009145 0.003702 0.001443 0.000542 0.000198 0.000071 0.000026 0.000010 0.000005 0.000004 0.000003 0.000003 0.000003 0.000003 0.000003 0.000003 0.000003 0.000003 0.000003 0.000003 0.000003 0.000003 0.000003 0.000003 0.000003 0.000003 0.000003 0.000003 0.000002 0.000002 0.000002 0.000001 0.000001 0.000000 
50.000000 40.487985 31.516087 23.532563 16.827939 11.510864 7.526036 4.701370 2.805631 1.599708 0.871765 0.454277 0.226504 0.108138 0.049474 0.021709 0.009145 0.003702 0.001443 0.000542 0.000198 0.000071 0.000026 0.000010 0.000005 0.000004 0.000003 0.000003 0.000003 0.000003 0.000003 0.000003 0.000003 0.000003 0.000003 0.000003 0.000003 0.000003 0.000003 0.000003 0.000003 0.000003 0.000003 0.000003 0.000002 0.000002 0.000002 0.000001 0.000001 0.000000 
50.000000 40.487986 31.516089 23.532565 16.827942 11.510868 7.526040 4.701374 2.805636 1.599713 0.871769 0.454282 0.226509 0.108142 0.049478 0.021714 0.009150 0.003707 0.001447 0.000547 0.000202 0.000075 0.000030 0.000015 0.000010 0.000008 0.000008 0.000008 0.000008 0.000008 0.000008 0.000008 0.000008 0.000008 0.000008 0.000008 0.000008 0.000008 0.000008 0.000007 0.000007 0.000007 0.000007 0.000007 0.000006 0.000005 0.000004 0.000003 0.000002 0.000000 
50.000000 40.487989 31.516095 23.532573 16.827952 11.510880 7.526053 4.701388 2.805650 1.599727 0.871784 0.454297 0.226524 0.108158 0.049493 0.021729 0.009165 0.003722 0.001462 0.000562 0.000217 0.000090 0.000046 0.000030 0.000025 0.000023 0.000023 0.000023 0.000023 0.000023 0.000023 0.000023 0.000023 0.000023 0.000023 0.000023 0.000023 0.000023 0.000023 0.000022 0.000022 0.000022 0.000021 0.000020 0.000018 0.000016 0.000013 0.000009 0.000005 0.000000 
50.000000 40.487997 31.516111 23.532597 16.827982 11.510914 7.526091 4.701429 2.805692 1.599771 0.871828 0.454341 0.226568 0.108202 0.049538 0.021774 0.009210 0.003767 0.001507 0.000607 0.000262 0.000135 0.000090 0.000075 0.000070 0.000068 0.000068 0.000068 0.000068 0.000068 0.000068 0.000068 0.000068 0.000068 0.000068 0.000068 0.000068 0.000067 0.000067 0.000067 0.000066 0.000065 0.000062 0.000059 0.000054 0.000047 0.000037 0.000026 0.000014 0.000000 
50.000000 40.488022 31.516159 23.532664 16.828066 11.511012 7.526199 4.701544 2.805812 1.599894 0.871953 0.454467 0.226695 0.108329 0.049665 0.021901 0.009337 0.003894 0.001634 0.000734 0.000389 0.000262 0.000217 0.000202 0.000197 0.000195 0.000195 0.000195 0.000195 0.000195 0.000195 0.000195 0.000195 0.000195 0.000194 0.000194 0.000194 0.000194 0.000193 0.000192 0.000190 0.000186 0.000179 0.000169 0.000155 0.000134 0.000108 0.000076 0.000039 0.000000 
50.000000 40.488087 31.516287 23.532848 16.828296 11.511278 7.526492 4.701857 2.806138 1.600228 0.872292 0.454808 0.227038 0.108673 0.050009 0.022245 0.009681 0.004238 0.001979 0.001078 0.000734 0.000607 0.000562 0.000547 0.000541 0.000540 0.000539 0.000539 0.000539 0.000539 0.000539 0.000539 0.000539 0.000539 0.000539 0.000539 0.000538 0.000538 0.000536 0.000532 0.000526 0.000515 0.000498 0.000470 0.000429 0.000373 0.000300 0.000211 0.000109 0.000000 
50.000000 40.488259 31.516621 23.533326 16.828895 11.511973 7.527259 4.702674 2.806989 1.601100 0.873177 0.455701 0.227934 0.109571 0.050909 0.023145 0.010581 0.005139 0.002879 0.001979 0.001634 0.001507 0.001462 0.001447 0.001442 0.001440 0.001440 0.001440 0.001440 0.001440 0.001440 0.001440 0.001439 0.001439 0.001439 0.001439 0.001438 0.001435 0.001431 0.001422 0.001406 0.001377 0.001330 0.001256 0.001148 0.000998 0.000803 0.000564 0.000292 0.000000 
50.000000 40.488691 31.517459 23.534526 16.830399 11.513717 7.529182 4.704724 2.809124 1.603289 0.875398 0.457941 0.230184 0.111827 0.053167 0.025404 0.012841 0.007398 0.005139 0.004238 0.003894 0.003767 0.003722 0.003707 0.003702 0.003700 0.003700 0.003699 0.003699 0.003699 0.003699 0.003699 0.003699 0.003699 0.003699 0.003697 0.003695 0.003689 0.003678 0.003655 0.003614 0.003542 0.003422 0.003235 0.002958 0.002573 0.002071 0.001456 0.000753 0.000000 
50.000000 40.489730 31.519478 23.537416 16.834019 11.517916 7.533813 4.709661 2.814266 1.608561 0.880748 0.463335 0.235603 0.117258 0.058604 0.030844 0.018283 0.012841 0.010581 0.009681 0.009337 0.009210 0.009165 0.009149 0.009144 0.009143 0.009142 0.009142 0.009142 0.009142 0.009142 0.009142 0.009142 0.009141 0.009140 0.009137 0.009131 0.009117 0.009090 0.009036 0.008936 0.008761 0.008469 0.008010 0.007330 0.006382 0.005140 0.003618 0.001871 0.000000 
50.000000 40.492128 31.524137 23.544085 16.842374 11.527606 7.544502 4.721057 2.826135 1.620729 0.893097 0.475788 0.248112 0.129796 0.071156 0.043403 0.030844 0.025404 0.023145 0.022245 0.021901 0.021774 0.021729 0.021713 0.021708 0.021707 0.021706 0.021706 0.021706 0.021706 0.021706 0.021706 0.021705 0.021704 0.021702 0.021695 0.021681 0.021650 0.021586 0.021462 0.021231 0.020823 0.020141 0.019065 0.017462 0.015219 0.012270 0.008643 0.004473 0.000000 
50.000000 40.497425 31.534427 23.558817 16.860832 11.549015 7.568119 4.746236 2.852360 1.647619 0.920386 0.503305 0.275753 0.157502 0.098894 0.071156 0.058604 0.053167 0.050909 0.050009 0.049665 0.049538 0.049493 0.049478 0.049473 0.049471 0.049471 0.049471 0.049471 0.049471 0.049471 0.049470 0.049469 0.049467 0.049461 0.049447 0.049416 0.049348 0.049208 0.048934 0.048422 0.047515 0.045991 0.043573 0.039955 0.034863 0.028142 0.019843 0.010276 0.000000 
50.000000 40.508612 31.556164 23.589934 16.899821 11.594240 7.618011 4.799430 2.907767 1.704430 0.978043 0.561446 0.334157 0.216042 0.157502 0.129796 0.117258 0.111827 0.109571 0.108673 0.108329 0.108202 0.108158 0.108142 0.108137 0.108136 0.108135 0.108135 0.108135 0.108135 0.108135 0.108134 0.108132 0.108127 0.108115 0.108086 0.108021 0.107880 0.107588 0.107012 0.105932 0.104005 0.100752 0.095557 0.087737 0.076668 0.061978 0.043756 0.022680 0.000000 
50.000000 40.531176 31.600006 23.652701 16.978470 11.685471 7.718660 4.906747 3.019550 1.819050 1.094372 0.678753 0.451996 0.334157 0.275753 0.248112 0.235603 0.230184 0.227934 0.227038 0.226695 0.226568 0.226524 0.226508 0.226503 0.226502 0.226501 0.226501 0.226501 0.226501 0.226500 0.226499 0.226495 0.226486 0.226462 0.226405 0.226277 0.225998 0.225418 0.224267 0.222095 0.218199 0.211575 0.200923 0.184773 0.161751 0.130997 0.092629 0.048064 0.000000 
50.000000 40.574583 31.684347 23.773451 17.129777 11.860992 7.912310 5.113232 3.234638 2.039602 1.318217 0.904483 0.678753 0.561446 0.503305 0.475788 0.463335 0.457941 0.455701 0.454808 0.454467 0.454341 0.454297 0.454281 0.454276 0.454275 0.454274 0.454274 0.454274 0.454274 0.454273 0.454270 0.454263 0.454246 0.454202 0.454097 0.453858 0.453335 0.452241 0.450060 0.445915 0.438426 0.425594 0.404789 0.372972 0.327225 0.265613 0.188195 0.097790 0.000000 
50.000000 40.654119 31.838890 23.994715 17.407046 12.182645 8.267200 5.491658 3.628843 2.443832 1.728490 1.318217 1.094372 0.978043 0.920386 0.893097 0.880748 0.875398 0.873177 0.872292 0.871953 0.871828 0.871784 0.871769 0.871764 0.871762 0.871762 0.871762 0.871761 0.871761 0.871759 0.871755 0.871743 0.871712 0.871636 0.871452 0.871031 0.870104 0.868157 0.864245 0.856756 0.843115 0.819526 0.780907 0.721234 0.634526 0.516550 0.366952 0.191030 0.000000 
50.000000 40.792761 32.108282 24.380423 17.890397 12.743391 8.885910 6.151425 4.316140 3.148624 2.443832 2.039602 1.819050 1.704430 1.647619 1.620729 1.608561 1.603289 1.601100 1.600228 1.599894 1.599771 1.599727 1.599712 1.599708 1.599706 1.599705 1.599705 1.599705 1.599704 1.599701 1.599694 1.599675 1.599625 1.599499 1.599196 1.598498 1.596954 1.593687 1.587076 1.574312 1.550842 1.509828 1.441900 1.335623 1.179177 0.963551 0.686884 0.358483 0.000000 
50.000000 41.022374 32.554449 25.019247 18.690966 13.672179 9.910743 7.244299 5.454649 4.316140 3.628843 3.234638 3.019550 2.907767 2.852360 2.826135 2.814266 2.809124 2.806989 2.806138 2.805812 2.805692 2.805650 2.805635 2.805631 2.805629 2.805629 2.805628 2.805628 2.805626 2.805623 2.805612 2.805582 2.805505 2.805312 2.804845 2.803761 2.801351 2.796212 2.785729 2.765298 2.727325 2.660151 2.547366 2.368224 2.100227 1.724709 1.235323 0.646991 0.000000 
50.000000 41.383244 33.255672 26.023285 19.949253 15.132039 11.521615 8.962172 7.244299 6.151425 5.491658 5.113232 4.906747 4.799430 4.746236 4.721057 4.709661 4.704724 4.702674 4.701857 4.701544 4.701429 4.701388 4.701374 4.701369 4.701368 4.701367 4.701367 4.701366 4.701365 4.701359 4.701344 4.701302 4.701192 4.700916 4.700245 4.698679 4.695172 4.687638 4.672132 4.641597 4.584148 4.481086 4.305226 4.020753 3.586514 2.964950 2.137763 1.125415 0.000000 
50.000000 41.920827 34.300287 27.519031 21.823810 17.306953 13.921576 11.521615 9.910743 8.885910 8.267200 7.912310 7.718660 7.618011 7.568119 7.544502 7.533813 7.529182 7.527259 7.526492 7.526199 7.526091 7.526052 7.526039 7.526035 7.526034 7.526033 7.526033 7.526032 7.526030 7.526022 7.526002 7.525947 7.525803 7.525438 7.524546 7.522454 7.517737 7.507521 7.486293 7.444010 7.363377 7.216389 6.960788 6.538100 5.876396 4.902524 3.568755 1.893619 0.000000 
50.000000 42.679063 35.773687 29.628778 24.467925 20.374804 17.306953 15.132039 13.672179 12.743391 12.182645 11.860992 11.685471 11.594240 11.549015 11.527606 11.517916 11.513717 11.511973 11.511278 11.511012 11.510914 11.510880 11.510868 11.510864 11.510863 11.510862 11.510862 11.510861 11.510858 11.510849 11.510825 11.510759 11.510586 11.510144 11.509060 11.506503 11.500697 11.488019 11.461411 11.407768 11.303955 11.111286 10.768852 10.187402 9.248005 7.813993 5.769900 3.100960 0.000000 
50.000000 43.690637 37.739389 32.443488 27.995625 24.467925 21.823810 19.949253 18.690966 17.890397 17.407046 17.129777 16.978470 16.899821 16.860832 16.842374 16.834019 16.830399 16.828895 16.828296 16.828066 16.827982 16.827952 16.827942 16.827938 16.827937 16.827937 16.827936 16.827935 16.827932 16.827923 16.827897 16.827826 16.827637 16.827155 16.825969 16.823154 16.816719 16.802552 16.772520 16.711220 16.590739 16.362739 15.947414 15.219920 13.997812 12.040508 9.088193 4.993660 0.000000 
50.000000 44.966025 40.217757 35.992332 32.443488 29.628778 27.519031 26.023285 25.019247 24.380423 23.994715 23.773451 23.652701 23.589934 23.558817 23.544085 23.537416 23.534526 23.533326 23.532848 23.532664 23.532597 23.532573 23.532565 23.532562 23.532561 23.532561 23.532561 23.532560 23.532557 23.532548 23.532523 23.532456 23.532276 23.531815 23.530675 23.527956 23.521704 23.507838 23.478165 23.416872 23.294538 23.058334 22.616508 21.814785 20.402980 17.996166 14.061372 8.049300 0.000000 
50.000000 46.484541 43.168594 40.217757 37.739389 35.773687 34.300287 33.255672 32.554449 32.108282 31.838890 31.684347 31.600006 31.556164 31.534427 31.524137 31.519478 31.517459 31.516621 31.516287 31.516159 31.516111 31.516095 31.516089 31.516087 31.516087 31.516086 31.516086 31.516085 31.516083 31.516076 31.516057 31.516003 31.515860 31.515494 31.514585 31.512408 31.507378 31.496151 31.471937 31.421398 31.319126 31.117909 30.731532 30.003787 28.651195 26.156385 21.584297 13.385296 0.000000 
50.000000 48.190938 46.484541 44.966025 43.690637 42.679063 41.920827 41.383244 41.022374 40.792761 40.654119 40.574583 40.531176 40.508612 40.497425 40.492128 40.489730 40.488691 40.488259 40.488087 40.488022 40.487997 40.487989 40.487986 40.487985 40.487984 40.487984 40.487984 40.487984 40.487982 40.487979 40.487968 40.487938 40.487859 40.487655 40.487148 40.485932 40.483112 40.476793 40.463089 40.434277 40.375383 40.257829 40.027207 39.578103 38.696977 36.916725 33.099245 24.095469 0.000000 
50.000000 50.000000 50.000000 50.000000 50.000000 50.000000 50.000000 50.000000 50.000000 50.000000 50.000000 50.000000 50.000000 50.000000 50.000000 50.000000 50.000000 50.000000 50.000000 50.000000 50.000000 50.000000 50.000000 50.000000 50.000000 50.000000 50.000000 50.000000 50.000000 50.000000 50.000000 50.000000 50.000000 50.000000 50.000000 50.000000 50.000000 50.000000 50.000000 50.000000 50.000000 50.000000 50.000000 50.000000 50.000000 50.000000 50.000000 50.000000 50.000000 50.000000 
