50.000000 50.000000 50.000000 50.000000 50.000000 50.000000 50.000000 50.000000 50.000000 50.000000 50.000000 50.000000 50.000000 50.000000 50.000000 50.000000 50.000000 50.000000 50.000000 50.000000 50.000000 50.000000 50.000000 50.000000 50.000000 50.000000 50.000000 50.000000 50.000000 50.000000 50.000000 50.000000 50.000000 50.000000 50.000000 50.000000 50.000000 50.000000 50.000000 50.000000 50.000000 50.000000 50.000000 50.000000 50.000000 50.000000 50.000000 50.000000 50.000000 50.000000 
50.000000 48.752391 47.553637 46.446857 45.464827 44.627295 43.940551 43.399005 42.988167 42.688202 42.477328 42.334528 42.241330 42.182678 42.147066 42.126193 42.114376 42.107910 42.104489 42.102737 42.101869 42.101452 42.101258 42.101170 42.101132 42.101115 42.101106 42.101098 42.101085 42.101055 42.100990 42.100844 42.100530 42.099868 42.098509 42.095791 42.090486 42.080377 42.061544 42.027173 41.965579 41.856798 41.666512 41.334416 40.749993 39.696569 37.707034 33.647242 24.376196 0.000000 
50.000000 47.553637 45.203070 43.032855 41.107257 39.465001 38.118415 37.056543 36.250969 35.662799 35.249320 34.969320 34.786581 34.671579 34.601753 34.560827 34.537657 34.524980 34.518272 34.514838 34.513136 34.512319 34.511938 34.511766 34.511690 34.511657 34.511640 34.511625 34.511600 34.511545 34.511423 34.511152 34.510567 34.509338 34.506819 34.501790 34.491999 34.473401 34.438889 34.376234 34.264740 34.069739 33.733366 33.158473 32.179396 30.506850 27.623468 22.601535 13.906395 0.000000 
50.000000 46.446857 43.032855 39.880805 37.084048 34.698828 32.743053 31.200803 30.030805 29.176565 28.576047 28.169392 27.903995 27.736976 27.635569 27.576132 27.542484 27.524074 27.514333 27.509346 27.506874 27.505687 27.505134 27.504885 27.504775 27.504726 27.504702 27.504681 27.504647 27.504575 27.504411 27.504051 27.503273 27.501642 27.498310 27.491678 27.478817 27.454502 27.409655 27.328871 27.186576 26.941084 26.525460 25.833488 24.698392 22.862328 19.940403 15.409388 8.739823 0.000000 
50.000000 45.464827 41.107257 37.084048 33.514342 30.469926 27.973655 26.005206 24.511893 23.421606 22.655159 22.136147 21.797426 21.584267 21.454847 21.378993 21.336051 21.312556 21.300125 21.293761 21.290607 21.289092 21.288387 21.288069 21.287928 21.287867 21.287836 21.287812 21.287773 21.287690 21.287505 21.287098 21.286222 21.284389 21.280656 21.273258 21.258981 21.232153 21.183040 21.095404 20.942884 20.683813 20.254046 19.557590 18.455627 16.757171 14.221720 10.600407 5.768259 0.000000 
50.000000 44.627295 39.465001 34.698828 30.469926 26.863339 23.906136 21.574238 19.805223 18.513656 17.605726 16.990916 16.589681 16.337185 16.183884 16.094035 16.043172 16.015343 16.000620 15.993083 15.989347 15.987553 15.986718 15.986341 15.986175 15.986102 15.986067 15.986040 15.986000 15.985916 15.985728 15.985316 15.984432 15.982589 15.978851 15.971476 15.957324 15.930912 15.882963 15.798275 15.652754 15.409480 15.013951 14.389079 13.431669 12.014299 10.000436 7.285604 3.877303 0.000000 
50.000000 43.940551 38.118415 32.743053 27.973655 23.906136 20.571023 17.941149 15.946107 14.489536 13.465627 12.772291 12.319817 12.035081 11.862210 11.760893 11.703539 11.672160 11.655558 11.647059 11.642847 11.640825 11.639883 11.639458 11.639271 11.639190 11.639151 11.639124 11.639086 11.639007 11.638832 11.638449 11.637630 11.635930 11.632497 11.625758 11.612906 11.589091 11.546229 11.471314 11.344204 11.134957 10.801078 10.285511 9.517057 8.416064 6.909565 4.959942 2.606135 0.000000 
50.000000 43.399005 37.056543 31.200803 26.005206 21.574238 17.941149 15.076338 12.903095 11.316440 10.201103 9.445870 8.953009 8.642865 8.454570 8.344217 8.281748 8.247572 8.229491 8.220235 8.215647 8.213445 8.212420 8.211957 8.211753 8.211665 8.211624 8.211598 8.211563 8.211494 8.211342 8.211011 8.210306 8.208847 8.205915 8.200189 8.189336 8.169374 8.133753 8.072125 7.968815 7.801169 7.538169 7.140072 6.560287 5.751160 4.675343 3.323178 1.732493 0.000000 
50.000000 42.988167 36.250969 30.030805 24.511893 19.805223 15.946107 12.903095 10.594693 8.909382 7.724712 6.922542 6.399059 6.069650 5.869664 5.752461 5.686116 5.649820 5.630618 5.620788 5.615917 5.613578 5.612489 5.611997 5.611782 5.611688 5.611646 5.611621 5.611592 5.611535 5.611411 5.611142 5.610572 5.609397 5.607046 5.602480 5.593879 5.578172 5.550376 5.502748 5.423801 5.297347 5.101926 4.811150 4.395743 3.828080 3.089721 2.181231 1.131368 0.000000 
50.000000 42.688202 35.662799 29.176565 23.421606 18.513656 14.489536 11.316440 8.909382 7.152063 5.916792 5.080370 4.534542 4.191079 3.982564 3.860364 3.791192 3.753350 3.733330 3.723083 3.718004 3.715566 3.714431 3.713918 3.713694 3.713597 3.713554 3.713531 3.713506 3.713462 3.713366 3.713160 3.712725 3.711831 3.710051 3.706612 3.700173 3.688493 3.667986 3.633164 3.576032 3.485581 3.347625 3.145332 2.860903 2.478722 1.989989 1.398059 0.722623 0.000000 
50.000000 42.477328 35.249320 28.576047 22.655159 17.605726 13.465627 10.201103 7.724712 5.916792 4.645965 3.785478 3.223953 2.870617 2.656112 2.530403 2.459246 2.420318 2.399725 2.389184 2.383960 2.381452 2.380284 2.379758 2.379526 2.379427 2.379384 2.379362 2.379343 2.379309 2.379240 2.379090 2.378774 2.378129 2.376850 2.374392 2.369815 2.361567 2.347192 2.322982 2.283628 2.221963 2.128979 1.994313 1.807451 1.559755 1.247176 0.873086 0.450155 0.000000 
50.000000 42.334528 34.969320 28.169392 22.136147 16.990916 12.772291 9.445870 6.922542 5.080370 3.785478 2.908705 2.336558 1.976543 1.757984 1.629902 1.557403 1.517742 1.496761 1.486021 1.480699 1.478143 1.476954 1.476418 1.476182 1.476082 1.476039 1.476018 1.476002 1.475978 1.475929 1.475826 1.475608 1.475165 1.474290 1.472616 1.469516 1.463964 1.454352 1.438285 1.412384 1.372166 1.312118 1.226062 1.107953 0.953107 0.759737 0.530432 0.272984 0.000000 
50.000000 42.241330 34.786581 27.903995 21.797426 16.589681 12.319817 8.953009 6.399059 4.534542 3.223953 2.336558 1.757485 1.393114 1.171914 1.042285 0.968911 0.928772 0.907538 0.896669 0.891283 0.888697 0.887493 0.886950 0.886712 0.886610 0.886567 0.886548 0.886535 0.886518 0.886486 0.886417 0.886274 0.885983 0.885411 0.884322 0.882316 0.878743 0.872594 0.862386 0.846050 0.820887 0.783635 0.730725 0.658768 0.565273 0.449493 0.313180 0.160952 0.000000 
50.000000 42.182678 34.671579 27.736976 21.584267 16.337185 12.035081 8.642865 6.069650 4.191079 2.870617 1.976543 1.393114 1.026005 0.803145 0.672543 0.598619 0.558180 0.536787 0.525837 0.520410 0.517805 0.516593 0.516046 0.515806 0.515704 0.515661 0.515642 0.515632 0.515620 0.515599 0.515556 0.515465 0.515283 0.514925 0.514247 0.513003 0.510798 0.507026 0.500802 0.490907 0.475771 0.453528 0.422175 0.379860 0.325285 0.258159 0.179579 0.092192 0.000000 
50.000000 42.147066 34.601753 27.635569 21.454847 16.183884 11.862210 8.454570 5.869664 3.982564 2.656112 1.757984 1.171914 0.803145 0.579277 0.448086 0.373829 0.333207 0.311718 0.300719 0.295268 0.292652 0.291434 0.290884 0.290643 0.290541 0.290498 0.290480 0.290471 0.290463 0.290450 0.290423 0.290369 0.290259 0.290044 0.289638 0.288898 0.287592 0.285369 0.281720 0.275952 0.267184 0.254381 0.236452 0.212408 0.181589 0.143891 0.099963 0.051275 0.000000 
50.000000 42.126193 34.560827 27.576132 21.378993 16.094035 11.760893 8.344217 5.752461 3.860364 2.530403 1.629902 1.042285 0.672543 0.448086 0.316551 0.242098 0.201370 0.179825 0.168797 0.163332 0.160708 0.159488 0.158937 0.158695 0.158592 0.158550 0.158532 0.158524 0.158518 0.158510 0.158495 0.158463 0.158399 0.158275 0.158042 0.157619 0.156874 0.155613 0.153553 0.150313 0.145415 0.138302 0.128396 0.115185 0.098336 0.077822 0.054008 0.027684 0.000000 
50.000000 42.114376 34.537657 27.542484 21.336051 16.043172 11.703539 8.281748 5.686116 3.791192 2.459246 1.557403 0.968911 0.598619 0.373829 0.242098 0.167536 0.126747 0.105171 0.094126 0.088653 0.086026 0.084803 0.084251 0.084010 0.083907 0.083864 0.083847 0.083839 0.083835 0.083830 0.083821 0.083803 0.083768 0.083699 0.083570 0.083337 0.082928 0.082238 0.081117 0.079361 0.076719 0.072901 0.067608 0.060583 0.051662 0.040841 0.028319 0.014508 0.000000 
50.000000 42.107910 34.524980 27.524074 21.312556 16.015343 11.672160 8.247572 5.649820 3.753350 2.420318 1.517742 0.928772 0.558180 0.333207 0.201370 0.126747 0.085926 0.064332 0.053279 0.047802 0.045172 0.043948 0.043396 0.043154 0.043051 0.043009 0.042991 0.042984 0.042981 0.042978 0.042973 0.042963 0.042944 0.042907 0.042839 0.042714 0.042498 0.042134 0.041544 0.040625 0.039248 0.037266 0.034529 0.030912 0.026334 0.020800 0.014413 0.007380 0.000000 
50.000000 42.104489 34.518272 27.514333 21.300125 16.000620 11.655558 8.229491 5.630618 3.733331 2.399725 1.496761 0.907538 0.536787 0.311719 0.179825 0.105171 0.064332 0.042729 0.031671 0.026192 0.023561 0.022337 0.021784 0.021542 0.021439 0.021397 0.021379 0.021373 0.021370 0.021367 0.021365 0.021360 0.021350 0.021331 0.021295 0.021232 0.021121 0.020935 0.020636 0.020171 0.019476 0.018480 0.017110 0.015305 0.013028 0.010282 0.007121 0.003645 0.000000 
50.000000 42.102737 34.514838 27.509346 21.293762 15.993083 11.647060 8.220235 5.620789 3.723083 2.389184 1.486022 0.896669 0.525837 0.300720 0.168798 0.094127 0.053280 0.031672 0.020612 0.015131 0.012499 0.011275 0.010722 0.010480 0.010377 0.010335 0.010318 0.010311 0.010308 0.010307 0.010305 0.010302 0.010297 0.010288 0.010270 0.010239 0.010184 0.010093 0.009945 0.009717 0.009378 0.008893 0.008229 0.007355 0.006257 0.004935 0.003416 0.001748 0.000000 
50.000000 42.101869 34.513137 27.506875 21.290608 15.989348 11.642848 8.215649 5.615918 3.718005 2.383961 1.480700 0.891284 0.520412 0.295270 0.163334 0.088655 0.047803 0.026193 0.015132 0.009650 0.007018 0.005794 0.005241 0.004999 0.004896 0.004854 0.004837 0.004830 0.004827 0.004826 0.004825 0.004824 0.004821 0.004817 0.004808 0.004793 0.004767 0.004723 0.004653 0.004545 0.004385 0.004156 0.003843 0.003433 0.002918 0.002301 0.001592 0.000814 0.000000 
50.000000 42.101453 34.512320 27.505689 21.289095 15.987556 11.640828 8.213448 5.613581 3.715569 2.381456 1.478147 0.888701 0.517809 0.292656 0.160712 0.086030 0.045176 0.023565 0.012503 0.007021 0.004389 0.003165 0.002612 0.002370 0.002267 0.002224 0.002207 0.002201 0.002198 0.002197 0.002196 0.002196 0.002195 0.002192 0.002188 0.002181 0.002169 0.002149 0.002117 0.002067 0.001993 0.001888 0.001745 0.001558 0.001324 0.001043 0.000722 0.000369 0.000000 
50.000000 42.101260 34.511942 27.505139 21.288394 15.986725 11.639892 8.212429 5.612499 3.714441 2.380295 1.476965 0.887504 0.516604 0.291444 0.159498 0.084814 0.043959 0.022347 0.011285 0.005803 0.003171 0.001947 0.001394 0.001152 0.001049 0.001006 0.000989 0.000983 0.000980 0.000979 0.000979 0.000978 0.000978 0.000977 0.000975 0.000972 0.000966 0.000957 0.000942 0.000920 0.000887 0.000840 0.000776 0.000692 0.000588 0.000463 0.000320 0.000164 0.000000 
50.000000 42.101175 34.511775 27.504898 21.288085 15.986360 11.639480 8.211980 5.612022 3.713944 2.379784 1.476445 0.886977 0.516073 0.290912 0.158964 0.084279 0.043424 0.021812 0.010750 0.005268 0.002636 0.001411 0.000858 0.000616 0.000513 0.000471 0.000454 0.000447 0.000445 0.000444 0.000443 0.000443 0.000443 0.000442 0.000441 0.000440 0.000437 0.000433 0.000426 0.000416 0.000401 0.000380 0.000351 0.000313 0.000265 0.000209 0.000144 0.000074 0.000000 
50.000000 42.101143 34.511713 27.504808 21.287970 15.986224 11.639327 8.211813 5.611845 3.713760 2.379594 1.476251 0.886781 0.515876 0.290713 0.158765 0.084080 0.043224 0.021612 0.010550 0.005068 0.002436 0.001212 0.000659 0.000417 0.000314 0.000271 0.000254 0.000248 0.000245 0.000244 0.000244 0.000243 0.000243 0.000243 0.000243 0.000242 0.000240 0.000238 0.000234 0.000229 0.000220 0.000208 0.000192 0.000172 0.000146 0.000115 0.000079 0.000040 0.000000 
50.000000 42.101143 34.511713 27.504808 21.287970 15.986224 11.639327 8.211813 5.611845 3.713760 2.379594 1.476251 0.886781 0.515876 0.290713 0.158765 0.084080 0.043224 0.021612 0.010550 0.005068 0.002436 0.001212 0.000659 0.000417 0.000314 0.000271 0.000254 0.000248 0.000245 0.000244 0.000244 0.000243 0.000243 0.000243 0.000243 0.000242 0.000240 0.000238 0.000234 0.000229 0.000220 0.000208 0.000192 0.000172 0.000146 0.000115 0.000079 0.000040 0.000000 
50.000000 42.101175 34.511775 27.504898 21.288085 15.986360 11.639480 8.211980 5.612022 3.713944 2.379784 1.476445 0.886977 0.516073 0.290912 0.158964 0.084279 0.043424 0.021812 0.010750 0.005268 0.002636 0.001411 0.000858 0.000616 0.000513 0.000471 0.000454 0.000447 0.000445 0.000444 0.000443 0.000443 0.000443 0.000442 0.000441 0.000440 0.000437 0.000433 0.000426 0.000416 0.000401 0.000380 0.000351 0.000313 0.000265 0.000209 0.000144 0.000074 0.000000 
50.000000 42.101260 34.511942 27.505139 21.288394 15.986725 11.639892 8.212429 5.612499 3.714441 2.380295 1.476965 0.887504 0.516604 0.291444 0.159498 0.084814 0.043959 0.022347 0.011285 0.005803 0.003171 0.001947 0.001394 0.001152 0.001049 0.001006 0.000989 0.000983 0.000980 0.000979 0.000979 0.000978 0.000978 0.000977 0.000975 0.000972 0.000966 0.000957 0.000942 0.000920 0.000887 0.000840 0.000776 0.000692 0.000588 0.000463 0.000320 0.000164 0.000000 
50.000000 42.101453 34.512320 27.505689 21.289095 15.987556 11.640828 8.213448 5.613581 3.715569 2.381456 1.478147 0.888701 0.517809 0.292656 0.160712 0.086030 0.045176 0.023565 0.012503 0.007021 0.004389 0.003165 0.002612 0.002370 0.002267 0.002224 0.002207 0.002201 0.002198 0.002197 0.002196 0.002196 0.002195 0.002192 0.002188 0.002181 0.002169 0.002149 0.002117 0.002067 0.001993 0.001888 0.001745 0.001558 0.001324 0.001043 0.000722 0.000369 0.000000 
50.000000 42.101869 34.513137 27.506875 21.290608 15.989348 11.642848 8.215649 5.615918 3.718005 2.383961 1.480700 0.891284 0.520412 0.295270 0.163334 0.088655 0.047803 0.026193 0.015132 0.009650 0.007018 0.005794 0.005241 0.004999 0.004896 0.004854 0.004837 0.004830 0.004827 0.004826 0.004825 0.004824 0.004821 0.004817 0.004808 0.004793 0.004767 0.004723 0.004653 0.004545 0.004385 0.004156 0.003843 0.003433 0.002918 0.002301 0.001592 0.000814 0.000000 
50.000000 42.102737 34.514838 27.509346 21.293762 15.993083 11.647060 8.220235 5.620789 3.723083 2.389184 1.486022 0.896669 0.525837 0.300720 0.168798 0.094127 0.053280 0.031672 0.020612 0.015131 0.012499 0.011275 0.010722 0.010480 0.010377 0.010335 0.010318 0.010311 0.010308 0.010307 0.010305 0.010302 0.010297 0.010288 0.010270 0.010239 0.010184 0.010093 0.009945 0.009717 0.009378 0.008893 0.008229 0.007355 0.006257 0.004935 0.003416 0.001748 0.000000 
50.000000 42.104489 34.518272 27.514333 21.300125 16.000620 11.655558 8.229491 5.630618 3.733331 2.399725 1.496761 0.907538 0.536787 0.311719 0.179825 0.105171 0.064332 0.042729 0.031671 0.026192 0.023561 0.022337 0.021784 0.021542 0.021439 0.021397 0.021379 0.021373 0.021370 0.021367 0.021365 0.021360 0.021350 0.021331 0.021295 0.021232 0.021121 0.020935 0.020636 0.020171 0.019476 0.018480 0.017110 0.015305 0.013028 0.010282 0.007121 0.003645 0.000000 
50.000000 42.107910 34.524980 27.524074 21.312556 16.015343 11.672160 8.247572 5.649820 3.753350 2.420318 1.517742 0.928772 0.558180 0.333207 0.201370 0.126747 0.085926 0.064332 0.053279 0.047802 0.045172 0.043948 0.043396 0.043154 0.043051 0.043009 0.042991 0.042984 0.042981 0.042978 0.042973 0.042963 0.042944 0.042907 0.042839 0.042714 0.042498 0.042134 0.041544 0.040625 0.039248 0.037266 0.034529 0.030912 0.026334 0.020800 0.014413 0.007380 0.000000 
50.000000 42.114376 34.537657 27.542484 21.336051 16.043172 11.703539 8.281748 5.686116 3.791192 2.459246 1.557403 0.968911 0.598619 0.373829 0.242098 0.167536 0.126747 0.105171 0.094126 0.088653 0.086026 0.084803 0.084251 0.084010 0.083907 0.083864 0.083847 0.083839 0.083835 0.083830 0.083821 0.083803 0.083768 0.083699 0.083570 0.083337 0.082928 0.082238 0.081117 0.079361 0.076719 0.072901 0.067608 0.060583 0.051662 0.040841 0.028319 0.014508 0.000000 
50.000000 42.126193 34.560827 27.576132 21.378993 16.094035 11.760893 8.344217 5.752461 3.860364 2.530403 1.629902 1.042285 0.672543 0.448086 0.316551 0.242098 0.201370 0.179825 0.168797 0.163332 0.160708 0.159488 0.158937 0.158695 0.158592 0.158550 0.158532 0.158524 0.158518 0.158510 0.158495 0.158463 0.158399 0.158275 0.158042 0.157619 0.156874 0.155613 0.153553 0.150313 0.145415 0.138302 0.128396 0.115185 0.098336 0.077822 0.054008 0.027684 0.000000 
50.000000 42.147066 34.601753 27.635569 21.454847 16.183884 11.862210 8.454570 5.869664 3.982564 2.656112 1.757984 1.171914 0.803145 0.579277 0.448086 0.373829 0.333207 0.311718 0.300719 0.295268 0.292652 0.291434 0.290884 0.290643 0.290541 0.290498 0.290480 0.290471 0.290463 0.290450 0.290423 0.290369 0.290259 0.290044 0.289638 0.288898 0.287592 0.285369 0.281720 0.275952 0.267184 0.254381 0.236452 0.212408 0.181589 0.143891 0.099963 0.051275 0.000000 
50.000000 42.182678 34.671579 27.736976 21.584267 16.337185 12.035081 8.642865 6.069650 4.191079 2.870617 1.976543 1.393114 1.026005 0.803145 0.672543 0.598619 0.558180 0.536787 0.525837 0.520410 0.517805 0.516593 0.516046 0.515806 0.515704 0.515661 0.515642 0.515632 0.515620 0.515599 0.515556 0.515465 0.515283 0.514925 0.514247 0.513003 0.510798 0.507026 0.500802 0.490907 0.475771 0.453528 0.422175 0.379860 0.325285 0.258159 0.179579 0.092192 0.000000 
50.000000 42.241330 34.786581 27.903995 21.797426 16.589681 12.319817 8.953009 6.399059 4.534542 3.223953 2.336558 1.757485 1.393114 1.171914 1.042285 0.968911 0.928772 0.907538 0.896669 0.891283 0.888697 0.887493 0.886950 0.886712 0.886610 0.886567 0.886548 0.886535 0.886518 0.886486 0.886417 0.886274 0.885983 0.885411 0.884322 0.882316 0.878743 0.872594 0.862386 0.846050 0.820887 0.783635 0.730725 0.658768 0.565273 0.449493 0.313180 0.160952 0.000000 
50.000000 42.334528 34.969320 28.169392 22.136147 16.990916 12.772291 9.445870 6.922542 5.080370 3.785478 2.908705 2.336558 1.976543 1.757984 1.629902 1.557403 1.517742 1.496761 1.486021 1.480699 1.478143 1.476954 1.476418 1.476182 1.476082 1.476039 1.476018 1.476002 1.475978 1.475929 1.475826 1.475608 1.475165 1.474290 1.472616 1.469516 1.463964 1.454352 1.438285 1.412384 1.372166 1.312118 1.226062 1.107953 0.953107 0.759737 0.530432 0.272984 0.000000 
50.000000 42.477328 35.249320 28.576047 22.655159 17.605726 13.465627 10.201103 7.724712 5.916792 4.645965 3.785478 3.223953 2.870617 2.656112 2.530403 2.459246 2.420318 2.399725 2.389184 2.383960 2.381452 2.380284 2.379758 2.379526 2.379427 2.379384 2.379362 2.379343 2.379309 2.379240 2.379090 2.378774 2.378129 2.376850 2.374392 2.369815 2.361567 2.347192 2.322982 2.283628 2.221963 2.128979 1.994313 1.807451 1.559755 1.247176 0.873086 0.450155 0.000000 
50.000000 42.688202 35.662799 29.176565 23.421606 18.513656 14.489536 11.316440 8.909382 7.152063 5.916792 5.080370 4.534542 4.191079 3.982564 3.860364 3.791192 3.753350 3.733330 3.723083 3.718004 3.715566 3.714431 3.713918 3.713694 3.713597 3.713554 3.713531 3.713506 3.713462 3.713366 3.713160 3.712725 3.711831 3.710051 3.706612 3.700173 3.688493 3.667986 3.633164 3.576032 3.485581 3.347625 3.145332 2.860903 2.478722 1.989989 1.398059 0.722623 0.000000 
50.000000 42.988167 36.250969 30.030805 24.511893 19.805223 15.946107 12.903095 10.594693 8.909382 7.724712 6.922542 6.399059 6.069650 5.869664 5.752461 5.686116 5.649820 5.630618 5.620788 5.615917 5.613578 5.612489 5.611997 5.611782 5.611688 5.611646 5.611621 5.611592 5.611535 5.611411 5.611142 5.610572 5.609397 5.607046 5.602480 5.593879 5.578172 5.550376 5.502748 5.423801 5.297347 5.101926 4.811150 4.395743 3.828080 3.089721 2.181231 1.131368 0.000000 
50.000000 43.399005 37.056543 31.200803 26.005206 21.574238 17.941149 15.076338 12.903095 11.316440 10.201103 9.445870 8.953009 8.642865 8.454570 8.344217 8.281748 8.247572 8.229491 8.220235 8.215647 8.213445 8.212420 8.211957 8.211753 8.211665 8.211624 8.211598 8.211563 8.211494 8.211342 8.211011 8.210306 8.208847 8.205915 8.200189 8.189336 8.169374 8.133753 8.072125 7.968815 7.801169 7.538169 7.140072 6.560287 5.751160 4.675343 3.323178 1.732493 0.000000 
50.000000 43.940551 38.118415 32.743053 27.973655 23.906136 20.571023 17.941149 15.946107 14.489536 13.465627 12.772291 12.319817 12.035081 11.862210 11.760893 11.703539 11.672160 11.655558 11.647059 11.642847 11.640825 11.639883 11.639458 11.639271 11.639190 11.639151 11.639124 11.639086 11.639007 11.638832 11.638449 11.637630 11.635930 11.632497 11.625758 11.612906 11.589091 11.546229 11.471314 11.344204 11.134957 10.801078 10.285511 9.517057 8.416064 6.909565 4.959942 2.606135 0.000000 
50.000000 44.627295 39.465001 34.698828 30.469926 26.863339 23.906136 21.574238 19.805223 18.513656 17.605726 16.990916 16.589681 16.337185 16.183884 16.094035 16.043172 16.015343 16.000620 15.993083 15.989347 15.987553 15.986718 15.986341 15.986175 15.986102 15.986067 15.986040 15.986000 15.985916 15.985728 15.985316 15.984432 15.982589 15.978851 15.971476 15.957324 15.930912 15.882963 15.798275 15.652754 15.409480 15.013951 14.389079 13.431669 12.014299 10.000436 7.285604 3.877303 0.000000 
50.000000 45.464827 41.107257 37.084048 33.514342 30.469926 27.973655 26.005206 24.511893 23.421606 22.655159 22.136147 21.797426 21.584267 21.454847 21.378993 21.336051 21.312556 21.300125 21.293761 21.290607 21.289092 21.288387 21.288069 21.287928 21.287867 21.287836 21.287812 21.287773 21.287690 21.287505 21.287098 21.286222 21.284389 21.280656 21.273258 21.258981 21.232153 21.183040 21.095404 20.942884 20.683813 20.254046 19.557590 18.455627 16.757171 14.221720 10.600407 5.768259 0.000000 
50.000000 46.446857 43.032855 39.880805 37.084048 34.698828 32.743053 31.200803 30.030805 29.176565 28.576047 28.169392 27.903995 27.736976 27.635569 27.576132 27.542484 27.524074 27.514333 27.509346 27.506874 27.505687 27.505134 27.504885 27.504775 27.504726 27.504702 27.504681 27.504647 27.504575 27.504411 27.504051 27.503273 27.501642 27.498310 27.491678 27.478817 27.454502 27.409655 27.328871 27.186576 26.941084 26.525460 25.833488 24.698392 22.862328 19.940403 15.409388 8.739823 0.000000 
50.000000 47.553637 45.203070 43.032855 41.107257 39.465001 38.118415 37.056543 36.250969 35.662799 35.249320 34.969320 34.786581 34.671579 34.601753 34.560827 34.537657 34.524980 34.518272 34.514838 34.513136 34.512319 34.511938 34.511766 34.511690 34.511657 34.511640 34.511625 34.511600 34.511545 34.511423 34.511152 34.510567 34.509338 34.506819 34.501790 34.491999 34.473401 34.438889 34.376234 34.264740 34.069739 33.733366 33.158473 32.179396 30.506850 27.623468 22.601535 13.906395 0.000000 
50.000000 48.752391 47.553637 46.446857 45.464827 44.627295 43.940551 43.399005 42.988167 42.688202 42.477328 42.334528 42.241330 42.182678 42.147066 42.126193 42.114376 42.107910 42.104489 42.102737 42.101869 42.101452 42.101258 42.101170 42.101132 42.101115 42.101106 42.101098 42.101085 42.101055 42.100990 42.100844 42.100530 42.099868 42.098509 42.095791 42.090486 42.080377 42.061544 42.027173 41.965579 41.856798 41.666512 41.334416 40.749993 39.696569 37.707034 33.647242 24.376196 0.000000 
50.000000 50.000000 50.000000 50.000000 50.000000 50.000000 50.000000 50.000000 50.000000 50.000000 50.000000 50.000000 50.000000 50.000000 50.000000 50.000000 50.000000 50.000000 50.000000 50.000000 50.000000 50.000000 50.000000 50.000000 50.000000 50.000000 50.000000 50.000000 50.000000 50.000000 50.000000 50.000000 50.000000 50.000000 50.000000 50.000000 50.000000 50.000000 50.000000 50.000000 50.000000 50.000000 50.000000 50.000000 50.000000 50.000000 50.000000 50.000000 50.000000 50.000000 
