50.000000 50.000000 50.000000 50.000000 50.000000 50.000000 50.000000 50.000000 50.000000 50.000000 50.000000 50.000000 50.000000 50.000000 50.000000 50.000000 50.000000 50.000000 50.000000 50.000000 50.000000 50.000000 50.000000 50.000000 50.000000 50.000000 50.000000 50.000000 50.000000 50.000000 50.000000 50.000000 50.000000 50.000000 50.000000 50.000000 50.000000 50.000000 50.000000 50.000000 50.000000 50.000000 50.000000 50.000000 50.000000 50.000000 50.000000 50.000000 50.000000 50.000000 
50.000000 48.568374 47.201066 45.953736 44.866666 43.961318 43.240517 42.691673 42.291783 42.012826 41.826396 41.706950 41.633532 41.590206 41.565640 41.552247 41.545221 41.541671 41.539942 41.539130 41.538761 41.538600 41.538532 41.538504 41.538492 41.538488 41.538486 41.538484 41.538480 41.538470 41.538445 41.538384 41.538242 41.537918 41.537198 41.535648 41.532404 41.525797 41.512697 41.487362 41.439466 41.350649 41.188312 40.893788 40.357831 39.364377 37.445987 33.467091 24.284187 0.000000 
50.000000 47.201066 44.527881 42.089267 39.963978 38.193973 36.784773 35.711764 34.929972 34.384609 34.020139 33.786625 33.643095 33.558396 33.510372 33.484190 33.470455 33.463514 33.460135 33.458547 33.457827 33.457512 33.457378 33.457324 33.457302 33.457293 33.457289 33.457285 33.457277 33.457259 33.457213 33.457101 33.456840 33.456243 33.454922 33.452083 33.446155 33.434120 33.410353 33.364633 33.278810 33.121222 32.837229 32.332747 31.444498 29.884335 27.134276 22.263941 13.733974 0.000000 
50.000000 45.953736 42.089267 38.563912 35.491529 32.932768 30.895612 29.344471 28.214324 27.425963 26.899104 26.561553 26.354079 26.231647 26.162231 26.124387 26.104533 26.094502 26.089617 26.087323 26.086282 26.085826 26.085633 26.085554 26.085523 26.085510 26.085504 26.085499 26.085489 26.085465 26.085404 26.085258 26.084916 26.084137 26.082419 26.078735 26.071073 26.055595 26.025214 25.967228 25.859493 25.664364 25.319249 24.722056 23.709220 22.024427 19.281956 14.954991 8.507748 0.000000 
50.000000 44.866666 39.963978 35.491529 31.593764 28.347629 25.763246 23.795454 22.361758 21.361665 20.693315 20.265123 20.001940 19.846638 19.758587 19.710585 19.685402 19.672679 19.666483 19.663573 19.662254 19.661676 19.661431 19.661331 19.661291 19.661275 19.661268 19.661262 19.661250 19.661223 19.661156 19.660995 19.660618 19.659762 19.657880 19.653863 19.645547 19.628850 19.596321 19.534819 19.421916 19.220575 18.871626 18.283802 17.321965 15.796882 13.467102 10.079643 5.502289 0.000000 
50.000000 43.961318 38.193973 32.932768 28.347629 24.529070 21.488989 19.174251 17.487803 16.311419 15.525271 15.021619 14.712063 14.529400 14.425839 14.369383 14.339767 14.324804 14.317518 14.314095 14.312544 14.311864 14.311576 14.311458 14.311411 14.311393 14.311385 14.311378 14.311367 14.311340 14.311274 14.311115 14.310746 14.309910 14.308078 14.304186 14.296175 14.280197 14.249328 14.191555 14.086830 13.903003 13.590691 13.077671 12.264535 11.025664 9.223548 6.749474 3.603486 0.000000 
50.000000 43.240517 36.784773 30.895612 25.763246 21.488989 18.086152 15.495245 13.607618 12.290925 11.411030 10.847329 10.500875 10.296444 10.180545 10.117365 10.084222 10.067477 10.059324 10.055495 10.053759 10.052998 10.052676 10.052544 10.052492 10.052471 10.052462 10.052456 10.052446 10.052421 10.052362 10.052219 10.051889 10.051144 10.049518 10.046081 10.039050 10.025126 9.998454 9.949047 9.860599 9.707685 9.452660 9.043076 8.411318 7.479444 6.173556 4.452026 2.346729 0.000000 
50.000000 42.691673 35.711764 29.344471 23.795454 19.174251 15.495245 12.694102 10.653337 9.229850 8.278607 7.669212 7.294681 7.073689 6.948404 6.880109 6.844284 6.826185 6.817373 6.813234 6.811357 6.810536 6.810188 6.810045 6.809988 6.809966 6.809957 6.809951 6.809942 6.809922 6.809872 6.809754 6.809480 6.808866 6.807531 6.804725 6.799018 6.787798 6.766485 6.727399 6.658254 6.540382 6.347051 6.042585 5.583561 4.923828 4.025221 2.874535 1.503361 0.000000 
50.000000 42.291783 34.929972 28.214324 22.361758 17.487803 13.607618 10.653337 8.501037 6.999774 5.996577 5.353910 4.958940 4.725892 4.593777 4.521760 4.483983 4.464899 4.455607 4.451243 4.449265 4.448398 4.448032 4.447881 4.447822 4.447798 4.447789 4.447783 4.447776 4.447760 4.447722 4.447630 4.447418 4.446945 4.445923 4.443783 4.439458 4.431014 4.415105 4.386204 4.335633 4.250518 4.112956 3.899933 3.584801 3.141184 2.549960 1.808750 0.941135 0.000000 
50.000000 42.012826 34.384609 27.425963 21.361665 16.311419 12.290925 9.229850 6.999774 5.444285 4.404868 3.739009 3.329794 3.088346 2.951471 2.876861 2.837725 2.817955 2.808330 2.803809 2.801760 2.800862 2.800482 2.800327 2.800265 2.800241 2.800231 2.800226 2.800221 2.800209 2.800181 2.800114 2.799960 2.799618 2.798881 2.797348 2.794267 2.788292 2.777119 2.756998 2.722143 2.664141 2.571597 2.430326 2.224588 1.939749 1.566470 1.105798 0.573360 0.000000 
50.000000 41.826396 34.020139 26.899104 20.693315 15.525271 11.411030 8.278607 5.996577 4.404868 3.341261 2.659917 2.241190 1.994135 1.854084 1.777744 1.737702 1.717474 1.707626 1.703001 1.700904 1.699986 1.699597 1.699438 1.699375 1.699350 1.699341 1.699336 1.699332 1.699324 1.699304 1.699258 1.699153 1.698919 1.698418 1.697380 1.695307 1.691309 1.683888 1.670631 1.647870 1.610373 1.551208 1.461983 1.333716 1.158496 0.931876 0.655506 0.339034 0.000000 
50.000000 41.706950 33.786625 26.561553 20.265123 15.021619 10.847329 7.669212 5.353910 3.739009 2.659917 1.968660 1.543847 1.293203 1.151120 1.073674 1.033051 1.012531 1.002541 0.997849 0.995722 0.994791 0.994396 0.994235 0.994171 0.994146 0.994137 0.994132 0.994129 0.994124 0.994111 0.994081 0.994012 0.993861 0.993538 0.992872 0.991548 0.989010 0.984330 0.976028 0.961890 0.938805 0.902727 0.848876 0.772290 0.668802 0.536340 0.376273 0.194254 0.000000 
50.000000 41.633532 33.643095 26.354079 20.001940 14.712063 10.500875 7.294681 4.958940 3.329794 2.241190 1.543847 1.115297 0.862451 0.719121 0.640996 0.600018 0.579318 0.569240 0.564508 0.562362 0.561423 0.561025 0.560862 0.560797 0.560773 0.560763 0.560759 0.560757 0.560753 0.560745 0.560727 0.560684 0.560591 0.560393 0.559986 0.559182 0.557648 0.554836 0.549881 0.541502 0.527925 0.506883 0.475749 0.431865 0.373090 0.298484 0.208975 0.107734 0.000000 
50.000000 41.590206 33.558396 26.231647 19.846638 14.529400 10.296444 7.073689 4.725892 3.088346 1.994135 1.293203 0.862451 0.608308 0.464243 0.385718 0.344531 0.323726 0.313596 0.308840 0.306683 0.305739 0.305339 0.305176 0.305111 0.305086 0.305076 0.305073 0.305071 0.305068 0.305064 0.305053 0.305028 0.304973 0.304857 0.304620 0.304154 0.303269 0.301656 0.298829 0.294079 0.286434 0.274671 0.257394 0.233225 0.201091 0.160574 0.112241 0.057802 0.000000 
50.000000 41.565640 33.510372 26.162231 19.758587 14.425839 10.180545 6.948404 4.593777 2.951471 1.854084 1.151120 0.719121 0.464243 0.319762 0.241011 0.199705 0.178840 0.168682 0.163912 0.161749 0.160802 0.160401 0.160237 0.160172 0.160147 0.160138 0.160134 0.160133 0.160131 0.160128 0.160122 0.160108 0.160077 0.160013 0.159881 0.159622 0.159134 0.158248 0.156703 0.154122 0.149994 0.143679 0.134464 0.121654 0.104724 0.083496 0.058289 0.029992 0.000000 
50.000000 41.552247 33.484190 26.124387 19.710585 14.369383 10.117365 6.880109 4.521760 2.876861 1.777744 1.073674 0.640996 0.385718 0.241011 0.162137 0.120767 0.099869 0.089695 0.084918 0.082752 0.081803 0.081402 0.081237 0.081172 0.081147 0.081138 0.081134 0.081133 0.081132 0.081130 0.081127 0.081119 0.081103 0.081068 0.080998 0.080861 0.080603 0.080136 0.079326 0.077980 0.075837 0.072578 0.067847 0.061306 0.052705 0.041969 0.029268 0.015049 0.000000 
50.000000 41.545221 33.470455 26.104533 19.685402 14.339767 10.084222 6.844284 4.483983 2.837725 1.737702 1.033051 0.600018 0.344531 0.199705 0.120767 0.079363 0.058448 0.048266 0.043485 0.041317 0.040368 0.039966 0.039801 0.039736 0.039711 0.039702 0.039698 0.039697 0.039696 0.039695 0.039694 0.039690 0.039681 0.039664 0.039628 0.039558 0.039427 0.039190 0.038783 0.038107 0.037038 0.035418 0.033078 0.029857 0.025640 0.020396 0.014212 0.007303 0.000000 
50.000000 41.541671 33.463514 26.094502 19.672679 14.324804 10.067477 6.826185 4.464899 2.817955 1.717474 1.012531 0.579318 0.323726 0.178840 0.099869 0.058448 0.037525 0.027339 0.022556 0.020387 0.019438 0.019036 0.018871 0.018806 0.018781 0.018771 0.018768 0.018767 0.018766 0.018766 0.018765 0.018763 0.018759 0.018750 0.018732 0.018698 0.018634 0.018519 0.018321 0.017995 0.017481 0.016705 0.015589 0.014058 0.012061 0.009586 0.006675 0.003429 0.000000 
50.000000 41.539942 33.460135 26.089617 19.666483 14.317518 10.059324 6.817373 4.455607 2.808330 1.707626 1.002541 0.569240 0.313596 0.168682 0.089695 0.048266 0.027339 0.017151 0.012366 0.010198 0.009248 0.008846 0.008681 0.008616 0.008591 0.008581 0.008578 0.008577 0.008576 0.008576 0.008575 0.008575 0.008573 0.008568 0.008560 0.008544 0.008514 0.008460 0.008368 0.008216 0.007977 0.007619 0.007105 0.006402 0.005489 0.004359 0.003033 0.001558 0.000000 
50.000000 41.539130 33.458547 26.087323 19.663573 14.314095 10.055495 6.813234 4.451243 2.803809 1.703001 0.997849 0.564508 0.308840 0.163912 0.084918 0.043485 0.022556 0.012367 0.007582 0.005413 0.004463 0.004061 0.003896 0.003831 0.003806 0.003796 0.003793 0.003792 0.003791 0.003791 0.003791 0.003790 0.003789 0.003787 0.003784 0.003776 0.003763 0.003738 0.003697 0.003629 0.003522 0.003362 0.003133 0.002821 0.002417 0.001919 0.001334 0.000685 0.000000 
50.000000 41.538761 33.457827 26.086282 19.662254 14.312544 10.053759 6.811358 4.449265 2.801760 1.700904 0.995722 0.562362 0.306684 0.161750 0.082752 0.041317 0.020387 0.010198 0.005413 0.003244 0.002294 0.001892 0.001727 0.001662 0.001636 0.001627 0.001624 0.001623 0.001622 0.001622 0.001622 0.001622 0.001621 0.001620 0.001619 0.001616 0.001610 0.001599 0.001581 0.001551 0.001505 0.001436 0.001338 0.001204 0.001031 0.000818 0.000569 0.000292 0.000000 
50.000000 41.538600 33.457512 26.085827 19.661676 14.311865 10.052999 6.810536 4.448399 2.800863 1.699987 0.994791 0.561423 0.305740 0.160803 0.081804 0.040369 0.019438 0.009248 0.004463 0.002294 0.001344 0.000942 0.000777 0.000712 0.000687 0.000678 0.000674 0.000673 0.000673 0.000672 0.000672 0.000672 0.000672 0.000672 0.000671 0.000670 0.000667 0.000663 0.000655 0.000643 0.000623 0.000595 0.000554 0.000498 0.000426 0.000338 0.000235 0.000120 0.000000 
50.000000 41.538532 33.457379 26.085634 19.661432 14.311578 10.052678 6.810189 4.448033 2.800484 1.699599 0.994398 0.561027 0.305341 0.160403 0.081404 0.039968 0.019037 0.008848 0.004062 0.001893 0.000943 0.000541 0.000376 0.000311 0.000286 0.000277 0.000273 0.000272 0.000272 0.000272 0.000271 0.000271 0.000271 0.000271 0.000271 0.000270 0.000269 0.000267 0.000264 0.000259 0.000251 0.000240 0.000223 0.000201 0.000172 0.000136 0.000095 0.000048 0.000000 
50.000000 41.538505 33.457325 26.085557 19.661334 14.311462 10.052548 6.810050 4.447886 2.800331 1.699443 0.994240 0.560867 0.305181 0.160242 0.081243 0.039807 0.018876 0.008686 0.003901 0.001732 0.000782 0.000380 0.000215 0.000150 0.000125 0.000115 0.000112 0.000111 0.000110 0.000110 0.000110 0.000110 0.000110 0.000110 0.000110 0.000110 0.000109 0.000108 0.000107 0.000105 0.000102 0.000097 0.000090 0.000081 0.000069 0.000055 0.000038 0.000020 0.000000 
50.000000 41.538495 33.457307 26.085530 19.661300 14.311422 10.052504 6.810001 4.447835 2.800279 1.699389 0.994185 0.560812 0.305125 0.160187 0.081187 0.039751 0.018820 0.008630 0.003845 0.001676 0.000726 0.000324 0.000159 0.000094 0.000069 0.000059 0.000056 0.000055 0.000054 0.000054 0.000054 0.000054 0.000054 0.000054 0.000054 0.000054 0.000054 0.000053 0.000053 0.000052 0.000050 0.000048 0.000044 0.000040 0.000034 0.000027 0.000019 0.000010 0.000000 
50.000000 41.538495 33.457307 26.085530 19.661300 14.311422 10.052504 6.810001 4.447835 2.800279 1.699389 0.994185 0.560812 0.305125 0.160187 0.081187 0.039751 0.018820 0.008630 0.003845 0.001676 0.000726 0.000324 0.000159 0.000094 0.000069 0.000059 0.000056 0.000055 0.000054 0.000054 0.000054 0.000054 0.000054 0.000054 0.000054 0.000054 0.000054 0.000053 0.000053 0.000052 0.000050 0.000048 0.000044 0.000040 0.000034 0.000027 0.000019 0.000010 0.000000 
50.000000 41.538505 33.457325 26.085557 19.661334 14.311462 10.052548 6.810050 4.447886 2.800331 1.699443 0.994240 0.560867 0.305181 0.160242 0.081243 0.039807 0.018876 0.008686 0.003901 0.001732 0.000782 0.000380 0.000215 0.000150 0.000125 0.000115 0.000112 0.000111 0.000110 0.000110 0.000110 0.000110 0.000110 0.000110 0.000110 0.000110 0.000109 0.000108 0.000107 0.000105 0.000102 0.000097 0.000090 0.000081 0.000069 0.000055 0.000038 0.000020 0.000000 
50.000000 41.538532 33.457379 26.085634 19.661432 14.311578 10.052678 6.810189 4.448033 2.800484 1.699599 0.994398 0.561027 0.305341 0.160403 0.081404 0.039968 0.019037 0.008848 0.004062 0.001893 0.000943 0.000541 0.000376 0.000311 0.000286 0.000277 0.000273 0.000272 0.000272 0.000272 0.000271 0.000271 0.000271 0.000271 0.000271 0.000270 0.000269 0.000267 0.000264 0.000259 0.000251 0.000240 0.000223 0.000201 0.000172 0.000136 0.000095 0.000048 0.000000 
50.000000 41.538600 33.457512 26.085827 19.661676 14.311865 10.052999 6.810536 4.448399 2.800863 1.699987 0.994791 0.561423 0.305740 0.160803 0.081804 0.040369 0.019438 0.009248 0.004463 0.002294 0.001344 0.000942 0.000777 0.000712 0.000687 0.000678 0.000674 0.000673 0.000673 0.000672 0.000672 0.000672 0.000672 0.000672 0.000671 0.000670 0.000667 0.000663 0.000655 0.000643 0.000623 0.000595 0.000554 0.000498 0.000426 0.000338 0.000235 0.000120 0.000000 
50.000000 41.538761 33.457827 26.086282 19.662254 14.312544 10.053759 6.811358 4.449265 2.801760 1.700904 0.995722 0.562362 0.306684 0.161750 0.082752 0.041317 0.020387 0.010198 0.005413 0.003244 0.002294 0.001892 0.001727 0.001662 0.001636 0.001627 0.001624 0.001623 0.001622 0.001622 0.001622 0.001622 0.001621 0.001620 0.001619 0.001616 0.001610 0.001599 0.001581 0.001551 0.001505 0.001436 0.001338 0.001204 0.001031 0.000818 0.000569 0.000292 0.000000 
50.000000 41.539130 33.458547 26.087323 19.663573 14.314095 10.055495 6.813234 4.451243 2.803809 1.703001 0.997849 0.564508 0.308840 0.163912 0.084918 0.043485 0.022556 0.012367 0.007582 0.005413 0.004463 0.004061 0.003896 0.003831 0.003806 0.003796 0.003793 0.003792 0.003791 0.003791 0.003791 0.003790 0.003789 0.003787 0.003784 0.003776 0.003763 0.003738 0.003697 0.003629 0.003522 0.003362 0.003133 0.002821 0.002417 0.001919 0.001334 0.000685 0.000000 
50.000000 41.539942 33.460135 26.089617 19.666483 14.317518 10.059324 6.817373 4.455607 2.808330 1.707626 1.002541 0.569240 0.313596 0.168682 0.089695 0.048266 0.027339 0.017151 0.012366 0.010198 0.009248 0.008846 0.008681 0.008616 0.008591 0.008581 0.008578 0.008577 0.008576 0.008576 0.008575 0.008575 0.008573 0.008568 0.008560 0.008544 0.008514 0.008460 0.008368 0.008216 0.007977 0.007619 0.007105 0.006402 0.005489 0.004359 0.003033 0.001558 0.000000 
50.000000 41.541671 33.463514 26.094502 19.672679 14.324804 10.067477 6.826185 4.464899 2.817955 1.717474 1.012531 0.579318 0.323726 0.178840 0.099869 0.058448 0.037525 0.027339 0.022556 0.020387 0.019438 0.019036 0.018871 0.018806 0.018781 0.018771 0.018768 0.018767 0.018766 0.018766 0.018765 0.018763 0.018759 0.018750 0.018732 0.018698 0.018634 0.018519 0.018321 0.017995 0.017481 0.016705 0.015589 0.014058 0.012061 0.009586 0.006675 0.003429 0.000000 
50.000000 41.545221 33.470455 26.104533 19.685402 14.339767 10.084222 6.844284 4.483983 2.837725 1.737702 1.033051 0.600018 0.344531 0.199705 0.120767 0.079363 0.058448 0.048266 0.043485 0.041317 0.040368 0.039966 0.039801 0.039736 0.039711 0.039702 0.039698 0.039697 0.039696 0.039695 0.039694 0.039690 0.039681 0.039664 0.039628 0.039558 0.039427 0.039190 0.038783 0.038107 0.037038 0.035418 0.033078 0.029857 0.025640 0.020396 0.014212 0.007303 0.000000 
50.000000 41.552247 33.484190 26.124387 19.710585 14.369383 10.117365 6.880109 4.521760 2.876861 1.777744 1.073674 0.640996 0.385718 0.241011 0.162137 0.120767 0.099869 0.089695 0.084918 0.082752 0.081803 0.081402 0.081237 0.081172 0.081147 0.081138 0.081134 0.081133 0.081132 0.081130 0.081127 0.081119 0.081103 0.081068 0.080998 0.080861 0.080603 0.080136 0.079326 0.077980 0.075837 0.072578 0.067847 0.061306 0.052705 0.041969 0.029268 0.015049 0.000000 
50.000000 41.565640 33.510372 26.162231 19.758587 14.425839 10.180545 6.948404 4.593777 2.951471 1.854084 1.151120 0.719121 0.464243 0.319762 0.241011 0.199705 0.178840 0.168682 0.163912 0.161749 0.160802 0.160401 0.160237 0.160172 0.160147 0.160138 0.160134 0.160133 0.160131 0.160128 0.160122 0.160108 0.160077 0.160013 0.159881 0.159622 0.159134 0.158248 0.156703 0.154122 0.149994 0.143679 0.134464 0.121654 0.104724 0.083496 0.058289 0.029992 0.000000 
50.000000 41.590206 33.558396 26.231647 19.846638 14.529400 10.296444 7.073689 4.725892 3.088346 1.994135 1.293203 0.862451 0.608308 0.464243 0.385718 0.344531 0.323726 0.313596 0.308840 0.306683 0.305739 0.305339 0.305176 0.305111 0.305086 0.305076 0.305073 0.305071 0.305068 0.305064 0.305053 0.305028 0.304973 0.304857 0.304620 0.304154 0.303269 0.301656 0.298829 0.294079 0.286434 0.274671 0.257394 0.233225 0.201091 0.160574 0.112241 0.057802 0.000000 
50.000000 41.633532 33.643095 26.354079 20.001940 14.712063 10.500875 7.294681 4.958940 3.329794 2.241190 1.543847 1.115297 0.862451 0.719121 0.640996 0.600018 0.579318 0.569240 0.564508 0.562362 0.561423 0.561025 0.560862 0.560797 0.560773 0.560763 0.560759 0.560757 0.560753 0.560745 0.560727 0.560684 0.560591 0.560393 0.559986 0.559182 0.557648 0.554836 0.549881 0.541502 0.527925 0.506883 0.475749 0.431865 0.373090 0.298484 0.208975 0.107734 0.000000 
50.000000 41.706950 33.786625 26.561553 20.265123 15.021619 10.847329 7.669212 5.353910 3.739009 2.659917 1.968660 1.543847 1.293203 1.151120 1.073674 1.033051 1.012531 1.002541 0.997849 0.995722 0.994791 0.994396 0.994235 0.994171 0.994146 0.994137 0.994132 0.994129 0.994124 0.994111 0.994081 0.994012 0.993861 0.993538 0.992872 0.991548 0.989010 0.984330 0.976028 0.961890 0.938805 0.902727 0.848876 0.772290 0.668802 0.536340 0.376273 0.194254 0.000000 
50.000000 41.826396 34.020139 26.899104 20.693315 15.525271 11.411030 8.278607 5.996577 4.404868 3.341261 2.659917 2.241190 1.994135 1.854084 1.777744 1.737702 1.717474 1.707626 1.703001 1.700904 1.699986 1.699597 1.699438 1.699375 1.699350 1.699341 1.699336 1.699332 1.699324 1.699304 1.699258 1.699153 1.698919 1.698418 1.697380 1.695307 1.691309 1.683888 1.670631 1.647870 1.610373 1.551208 1.461983 1.333716 1.158496 0.931876 0.655506 0.339034 0.000000 
50.000000 42.012826 34.384609 27.425963 21.361665 16.311419 12.290925 9.229850 6.999774 5.444285 4.404868 3.739009 3.329794 3.088346 2.951471 2.876861 2.837725 2.817955 2.808330 2.803809 2.801760 2.800862 2.800482 2.800327 2.800265 2.800241 2.800231 2.800226 2.800221 2.800209 2.800181 2.800114 2.799960 2.799618 2.798881 2.797348 2.794267 2.788292 2.777119 2.756998 2.722143 2.664141 2.571597 2.430326 2.224588 1.939749 1.566470 1.105798 0.573360 0.000000 
50.000000 42.291783 34.929972 28.214324 22.361758 17.487803 13.607618 10.653337 8.501037 6.999774 5.996577 5.353910 4.958940 4.725892 4.593777 4.521760 4.483983 4.464899 4.455607 4.451243 4.449265 4.448398 4.448032 4.447881 4.447822 4.447798 4.447789 4.447783 4.447776 4.447760 4.447722 4.447630 4.447418 4.446945 4.445923 4.443783 4.439458 4.431014 4.415105 4.386204 4.335633 4.250518 4.112956 3.899933 3.584801 3.141184 2.549960 1.808750 0.941135 0.000000 
50.000000 42.691673 35.711764 29.344471 23.795454 19.174251 15.495245 12.694102 10.653337 9.229850 8.278607 7.669212 7.294681 7.073689 6.948404 6.880109 6.844284 6.826185 6.817373 6.813234 6.811357 6.810536 6.810188 6.810045 6.809988 6.809966 6.809957 6.809951 6.809942 6.809922 6.809872 6.809754 6.809480 6.808866 6.807531 6.804725 6.799018 6.787798 6.766485 6.727399 6.658254 6.540382 6.347051 6.042585 5.583561 4.923828 4.025221 2.874535 1.503361 0.000000 
50.000000 43.240517 36.784773 30.895612 25.763246 21.488989 18.086152 15.495245 13.607618 12.290925 11.411030 10.847329 10.500875 10.296444 10.180545 10.117365 10.084222 10.067477 10.059324 10.055495 10.053759 10.052998 10.052676 10.052544 10.052492 10.052471 10.052462 10.052456 10.052446 10.052421 10.052362 10.052219 10.051889 10.051144 10.049518 10.046081 10.039050 10.025126 9.998454 9.949047 9.860599 9.707685 9.452660 9.043076 8.411318 7.479444 6.173556 4.452026 2.346729 0.000000 
50.000000 43.961318 38.193973 32.932768 28.347629 24.529070 21.488989 19.174251 17.487803 16.311419 15.525271 15.021619 14.712063 14.529400 14.425839 14.369383 14.339767 14.324804 14.317518 14.314095 14.312544 14.311864 14.311576 14.311458 14.311411 14.311393 14.311385 14.311378 14.311367 14.311340 14.311274 14.311115 14.310746 14.309910 14.308078 14.304186 14.296175 14.280197 14.249328 14.191555 14.086830 13.903003 13.590691 13.077671 12.264535 11.025664 9.223548 6.749474 3.603486 0.000000 
50.000000 44.866666 39.963978 35.491529 31.593764 28.347629 25.763246 23.795454 22.361758 21.361665 20.693315 20.265123 20.001940 19.846638 19.758587 19.710585 19.685402 19.672679 19.666483 19.663573 19.662254 19.661676 19.661431 19.661331 19.661291 19.661275 19.661268 19.661262 19.661250 19.661223 19.661156 19.660995 19.660618 19.659762 19.657880 19.653863 19.645547 19.628850 19.596321 19.534819 19.421916 19.220575 18.871626 18.283802 17.321965 15.796882 13.467102 10.079643 5.502289 0.000000 
50.000000 45.953736 42.089267 38.563912 35.491529 32.932768 30.895612 29.344471 28.214324 27.425963 26.899104 26.561553 26.354079 26.231647 26.162231 26.124387 26.104533 26.094502 26.089617 26.087323 26.086282 26.085826 26.085633 26.085554 26.085523 26.085510 26.085504 26.085499 26.085489 26.085465 26.085404 26.085258 26.084916 26.084137 26.082419 26.078735 26.071073 26.055595 26.025214 25.967228 25.859493 25.664364 25.319249 24.722056 23.709220 22.024427 19.281956 14.954991 8.507748 0.000000 
50.000000 47.201066 44.527881 42.089267 39.963978 38.193973 36.784773 35.711764 34.929972 34.384609 34.020139 33.786625 33.643095 33.558396 33.510372 33.484190 33.470455 33.463514 33.460135 33.458547 33.457827 33.457512 33.457378 33.457324 33.457302 33.457293 33.457289 33.457285 33.457277 33.457259 33.457213 33.457101 33.456840 33.456243 33.454922 33.452083 33.446155 33.434120 33.410353 33.364633 33.278810 33.121222 32.837229 32.332747 31.444498 29.884335 27.134276 22.263941 13.733974 0.000000 
50.000000 48.568374 47.201066 45.953736 44.866666 43.961318 43.240517 42.691673 42.291783 42.012826 41.826396 41.706950 41.633532 41.590206 41.565640 41.552247 41.545221 41.541671 41.539942 41.539130 41.538761 41.538600 41.538532 41.538504 41.538492 41.538488 41.538486 41.538484 41.538480 41.538470 41.538445 41.538384 41.538242 41.537918 41.537198 41.535648 41.532404 41.525797 41.512697 41.487362 41.439466 41.350649 41.188312 40.893788 40.357831 39.364377 37.445987 33.467091 24.284187 0.000000 
50.000000 50.000000 50.000000 50.000000 50.000000 50.000000 50.000000 50.000000 50.000000 50.000000 50.000000 50.000000 50.000000 50.000000 50.000000 50.000000 50.000000 50.000000 50.000000 50.000000 50.000000 50.000000 50.000000 50.000000 50.000000 50.000000 50.000000 50.000000 50.000000 50.000000 50.000000 50.000000 50.000000 50.000000 50.000000 50.000000 50.000000 50.000000 50.000000 50.000000 50.000000 50.000000 50.000000 50.000000 50.000000 50.000000 50.000000 50.000000 50.000000 50.000000 
