50.000000 50.000000 50.000000 50.000000 50.000000 50.000000 50.000000 50.000000 50.000000 50.000000 50.000000 50.000000 50.000000 50.000000 50.000000 50.000000 50.000000 50.000000 50.000000 50.000000 50.000000 50.000000 50.000000 50.000000 50.000000 50.000000 50.000000 50.000000 50.000000 50.000000 50.000000 50.000000 50.000000 50.000000 50.000000 50.000000 50.000000 50.000000 50.000000 50.000000 50.000000 50.000000 50.000000 50.000000 50.000000 50.000000 50.000000 50.000000 50.000000 50.000000 
50.000000 48.950615 47.935800 46.986709 46.128233 45.377136 44.741406 44.220769 43.808127 43.491543 43.256365 43.087156 42.969204 42.889518 42.837325 42.804171 42.783737 42.771513 42.764413 42.760407 42.758210 42.757039 42.756432 42.756125 42.755973 42.755897 42.755854 42.755818 42.755767 42.755671 42.755479 42.755094 42.754338 42.752884 42.750149 42.745112 42.736023 42.719932 42.691948 42.644040 42.563082 42.427540 42.201528 41.823390 41.181699 40.059550 37.990471 33.841895 24.475308 0.000000 
50.000000 47.935800 45.939601 44.072686 42.384018 40.906572 39.656061 38.631945 37.820264 37.197534 36.734932 36.402094 36.170082 36.013339 35.910677 35.845462 35.805269 35.781226 35.767260 35.759380 35.755060 35.752756 35.751562 35.750958 35.750659 35.750510 35.750426 35.750358 35.750261 35.750080 35.749717 35.748993 35.747572 35.744844 35.739721 35.730304 35.713351 35.683432 35.631603 35.543331 35.395197 35.149558 34.745590 34.083584 32.996154 31.193583 28.159705 22.969800 14.093906 0.000000 
50.000000 46.986709 44.072686 41.347396 38.882309 36.725567 34.900104 33.405133 32.220272 31.311238 30.635956 30.150099 29.811424 29.582624 29.432766 29.337572 29.278903 29.243807 29.223422 29.211920 29.205614 29.202252 29.200508 29.199627 29.199191 29.198974 29.198854 29.198757 29.198625 29.198378 29.197886 29.196904 29.194982 29.191301 29.184405 29.171768 29.149107 29.109304 29.040769 28.924942 28.732529 28.417776 27.909702 27.098589 25.815310 23.801430 20.673698 15.912982 8.996239 0.000000 
50.000000 46.128233 42.384018 38.882309 35.714942 32.943773 30.598270 28.677418 27.155027 25.987045 25.119407 24.495158 24.060017 23.766050 23.573512 23.451207 23.375830 23.330740 23.304550 23.289774 23.281672 23.277353 23.275113 23.273981 23.273421 23.273144 23.272992 23.272875 23.272718 23.272430 23.271859 23.270723 23.268504 23.264266 23.256354 23.241915 23.216147 23.171161 23.094279 22.965566 22.754305 22.414061 21.875951 21.039881 19.764280 17.857471 15.080879 11.190435 6.068683 0.000000 
50.000000 45.377136 40.906572 36.725567 32.943773 29.635047 26.834570 24.541131 22.723453 21.328936 20.293026 19.547714 19.028190 18.677219 18.447349 18.301331 18.211341 18.157511 18.126244 18.108604 18.098931 18.093776 18.091102 18.089751 18.089084 18.088754 18.088577 18.088445 18.088277 18.087975 18.087377 18.086191 18.083883 18.079489 18.071319 18.056481 18.030149 17.984493 17.907117 17.778905 17.571149 17.241883 16.731589 15.958838 14.817523 13.179494 10.910257 7.910418 4.195437 0.000000 
50.000000 44.741406 39.656061 34.900104 30.598270 26.834570 23.649025 21.040251 18.972668 17.386437 16.208123 15.360364 14.769435 14.370230 14.108772 13.942691 13.840338 13.779113 13.743552 13.723489 13.712489 13.706625 13.703584 13.702049 13.701290 13.700917 13.700721 13.700582 13.700414 13.700119 13.699540 13.698397 13.696179 13.691975 13.684190 13.670125 13.645318 13.602618 13.530883 13.413269 13.225111 12.931522 12.485092 11.824513 10.875733 9.558389 7.801516 5.572477 2.918015 0.000000 
50.000000 44.220769 38.631945 33.405133 28.677418 24.541131 21.040251 18.173255 15.901034 14.157822 12.862909 11.931270 11.281879 10.843186 10.555868 10.373365 10.260891 10.193613 10.154538 10.132492 10.120405 10.113962 10.110621 10.108935 10.108102 10.107695 10.107485 10.107344 10.107184 10.106914 10.106388 10.105356 10.103362 10.099596 10.092656 10.080183 10.058325 10.020978 9.958784 9.857865 9.698388 9.453154 9.086628 8.555159 7.809542 6.801467 5.495431 3.886355 2.019241 0.000000 
50.000000 43.808127 37.820264 32.220272 27.155027 22.723453 18.972668 15.901034 13.466647 11.599039 10.211733 9.213632 8.517921 8.047943 7.740139 7.544626 7.424136 7.352065 7.310206 7.286590 7.273642 7.266741 7.263162 7.261356 7.260466 7.260032 7.259812 7.259673 7.259528 7.259293 7.258842 7.257962 7.256268 7.253083 7.247242 7.236802 7.218621 7.187785 7.136866 7.055057 6.927255 6.733324 6.447881 6.041146 5.481570 4.740966 3.802496 2.670706 1.380588 0.000000 
50.000000 43.491543 37.197534 31.311238 25.987045 21.328936 17.386437 14.157822 11.599039 9.636013 8.177840 7.128764 6.397530 5.903560 5.580047 5.374558 5.247922 5.172176 5.128183 5.103363 5.089756 5.082503 5.078743 5.076845 5.075911 5.075457 5.075231 5.075097 5.074969 5.074773 5.074406 5.073693 5.072326 5.069768 5.065099 5.056798 5.042433 5.018239 4.978610 4.915525 4.818006 4.671784 4.459434 4.161326 3.757787 3.232740 2.578709 1.802337 0.928461 0.000000 
50.000000 43.256365 36.734932 30.635956 25.119407 20.293026 16.208123 12.862909 10.211733 8.177840 6.667039 5.580109 4.822497 4.310713 3.975537 3.762642 3.631444 3.552970 3.507393 3.481680 3.467584 3.460070 3.456175 3.454209 3.453242 3.452774 3.452545 3.452416 3.452306 3.452149 3.451863 3.451311 3.450260 3.448299 3.444739 3.438442 3.427608 3.409485 3.380023 3.333520 3.262315 3.156676 3.005044 2.794854 2.514120 2.153841 1.711014 1.191601 0.612325 0.000000 
50.000000 43.087156 36.402094 30.150099 24.495158 19.547714 15.360364 11.931270 9.213632 7.128764 5.580109 4.465953 3.689371 3.164777 2.821214 2.602995 2.468517 2.388082 2.341367 2.315013 2.300564 2.292864 2.288871 2.286857 2.285867 2.285389 2.285158 2.285035 2.284941 2.284819 2.284604 2.284196 2.283421 2.281983 2.279384 2.274810 2.266985 2.253976 2.232976 2.200086 2.150154 2.076765 1.972486 1.829481 1.640598 1.400879 1.109331 0.770491 0.395208 0.000000 
50.000000 42.969204 36.170082 29.811424 24.060017 19.028190 14.769435 11.281879 8.517921 6.397530 4.822497 3.689371 2.899572 2.366053 2.016649 1.794721 1.657959 1.576158 1.528651 1.501849 1.487156 1.479325 1.475265 1.473217 1.472211 1.471727 1.471495 1.471377 1.471296 1.471203 1.471048 1.470758 1.470210 1.469198 1.467377 1.464187 1.458758 1.449786 1.435395 1.413012 1.379292 1.330137 1.260900 1.166816 1.043696 0.888856 0.702120 0.486650 0.249272 0.000000 
50.000000 42.889518 36.013339 29.582624 23.766050 18.677219 14.370230 10.843186 8.047943 5.903560 4.310713 3.164777 2.366053 1.826510 1.473162 1.248730 1.110426 1.027704 0.979662 0.952559 0.937701 0.929782 0.925677 0.923606 0.922588 0.922100 0.921868 0.921754 0.921684 0.921614 0.921505 0.921306 0.920934 0.920249 0.919021 0.916880 0.913255 0.907295 0.897792 0.883105 0.861128 0.829322 0.784861 0.724912 0.647070 0.549903 0.433517 0.299989 0.153495 0.000000 
50.000000 42.837325 35.910677 29.432766 23.573512 18.447349 14.108772 10.555868 7.740139 5.580047 3.975537 2.821214 2.016649 1.473162 1.117232 0.891163 0.751850 0.668525 0.620133 0.592833 0.577867 0.569890 0.565755 0.563670 0.562645 0.562154 0.561923 0.561811 0.561749 0.561696 0.561622 0.561490 0.561246 0.560799 0.560001 0.558616 0.556282 0.552462 0.546404 0.537095 0.523249 0.503337 0.475685 0.438647 0.390868 0.331597 0.260998 0.180373 0.092213 0.000000 
50.000000 42.804171 35.845462 29.337572 23.451207 18.301331 13.942692 10.373365 7.544626 5.374558 3.762642 2.602995 1.794721 1.248730 0.891163 0.664054 0.524101 0.440393 0.391779 0.364354 0.349319 0.341306 0.337153 0.335058 0.334029 0.333536 0.333305 0.333196 0.333140 0.333099 0.333048 0.332963 0.332809 0.332527 0.332027 0.331162 0.329710 0.327345 0.323611 0.317903 0.309459 0.297384 0.280709 0.258501 0.230012 0.194853 0.153168 0.105742 0.054022 0.000000 
50.000000 42.783737 35.805269 29.278903 23.375830 18.211341 13.840338 10.260891 7.424136 5.247923 3.631444 2.468518 1.657959 1.110427 0.751851 0.524101 0.383754 0.299811 0.251061 0.223559 0.208482 0.200446 0.196281 0.194180 0.193149 0.192655 0.192424 0.192317 0.192264 0.192231 0.192197 0.192144 0.192049 0.191878 0.191574 0.191052 0.190178 0.188761 0.186534 0.183145 0.178155 0.171053 0.161296 0.148364 0.131852 0.111564 0.087602 0.060426 0.030853 0.000000 
50.000000 42.771513 35.781226 29.243808 23.330741 18.157511 13.779113 10.193614 7.352065 5.172177 3.552970 2.388083 1.576159 1.027705 0.668526 0.440394 0.299812 0.215728 0.166896 0.139348 0.124246 0.116197 0.112025 0.109921 0.108887 0.108393 0.108162 0.108056 0.108006 0.107978 0.107955 0.107922 0.107865 0.107764 0.107586 0.107281 0.106772 0.105950 0.104663 0.102712 0.099851 0.095798 0.090253 0.082935 0.073629 0.062237 0.048826 0.033654 0.017176 0.000000 
50.000000 42.764413 35.767261 29.223423 23.304552 18.126246 13.743554 10.154540 7.310208 5.128185 3.507395 2.341369 1.528653 0.979664 0.620135 0.391781 0.251063 0.166897 0.118018 0.090443 0.075326 0.067270 0.063094 0.060987 0.059953 0.059459 0.059228 0.059123 0.059074 0.059050 0.059033 0.059012 0.058979 0.058922 0.058820 0.058647 0.058360 0.057898 0.057176 0.056086 0.054494 0.052247 0.049185 0.045159 0.040056 0.033830 0.026520 0.018269 0.009320 0.000000 
50.000000 42.760408 35.759382 29.211923 23.289777 18.108607 13.723493 10.132497 7.286595 5.103369 3.481686 2.315018 1.501855 0.952565 0.592839 0.364360 0.223564 0.139353 0.090447 0.062857 0.047732 0.039671 0.035493 0.033385 0.032351 0.031856 0.031625 0.031520 0.031473 0.031450 0.031437 0.031424 0.031405 0.031373 0.031318 0.031222 0.031065 0.030813 0.030420 0.029829 0.028968 0.027758 0.026113 0.023958 0.021235 0.017921 0.014039 0.009666 0.004930 0.000000 
50.000000 42.758213 35.755064 29.205620 23.281679 18.098941 13.712499 10.120417 7.273654 5.089769 3.467597 2.300578 1.487170 0.937715 0.577881 0.349333 0.208496 0.124259 0.075338 0.047741 0.032611 0.024548 0.020368 0.018260 0.017225 0.016731 0.016500 0.016395 0.016348 0.016327 0.016316 0.016307 0.016297 0.016279 0.016249 0.016198 0.016115 0.015981 0.015773 0.015461 0.015009 0.014374 0.013514 0.012391 0.010976 0.009257 0.007248 0.004988 0.002543 0.000000 
50.000000 42.757045 35.752767 29.202267 23.277372 18.093798 13.706650 10.113990 7.266770 5.082534 3.460102 2.292896 1.479358 0.929815 0.569924 0.341340 0.200480 0.116230 0.067302 0.039700 0.024568 0.016503 0.012323 0.010215 0.009180 0.008685 0.008454 0.008349 0.008303 0.008282 0.008272 0.008266 0.008260 0.008251 0.008235 0.008208 0.008165 0.008096 0.007989 0.007828 0.007596 0.007272 0.006833 0.006262 0.005543 0.004673 0.003657 0.002516 0.001282 0.000000 
50.000000 42.756444 35.751586 29.200543 23.275157 18.091155 13.703644 10.110687 7.263233 5.078817 3.456251 2.288949 1.475344 0.925756 0.565835 0.337233 0.196361 0.112104 0.063172 0.035568 0.020435 0.012369 0.008189 0.006080 0.005045 0.004550 0.004320 0.004215 0.004169 0.004148 0.004139 0.004134 0.004130 0.004125 0.004117 0.004104 0.004081 0.004046 0.003992 0.003910 0.003793 0.003630 0.003409 0.003122 0.002763 0.002328 0.001821 0.001252 0.000638 0.000000 
50.000000 42.756153 35.751013 29.199708 23.274084 18.089874 13.702187 10.109086 7.261518 5.077014 3.454384 2.287035 1.473398 0.923788 0.563853 0.335242 0.194365 0.110105 0.061170 0.033565 0.018431 0.010366 0.006185 0.004076 0.003041 0.002546 0.002316 0.002211 0.002165 0.002144 0.002136 0.002131 0.002129 0.002126 0.002121 0.002114 0.002103 0.002084 0.002056 0.002013 0.001952 0.001867 0.001753 0.001605 0.001419 0.001195 0.000935 0.000643 0.000327 0.000000 
50.000000 42.756036 35.750784 29.199372 23.273653 18.089359 13.701602 10.108443 7.260829 5.076291 3.453634 2.286267 1.472617 0.922998 0.563057 0.334442 0.193563 0.109302 0.060366 0.032761 0.017627 0.009561 0.005380 0.003272 0.002236 0.001742 0.001511 0.001406 0.001360 0.001340 0.001331 0.001327 0.001325 0.001323 0.001320 0.001316 0.001308 0.001296 0.001279 0.001252 0.001214 0.001160 0.001089 0.000997 0.000881 0.000742 0.000580 0.000398 0.000203 0.000000 
50.000000 42.756036 35.750784 29.199372 23.273653 18.089359 13.701602 10.108443 7.260829 5.076291 3.453634 2.286267 1.472617 0.922998 0.563057 0.334442 0.193563 0.109302 0.060366 0.032761 0.017627 0.009561 0.005380 0.003272 0.002236 0.001742 0.001511 0.001406 0.001360 0.001340 0.001331 0.001327 0.001325 0.001323 0.001320 0.001316 0.001308 0.001296 0.001279 0.001252 0.001214 0.001160 0.001089 0.000997 0.000881 0.000742 0.000580 0.000398 0.000203 0.000000 
50.000000 42.756153 35.751013 29.199708 23.274084 18.089874 13.702187 10.109086 7.261518 5.077014 3.454384 2.287035 1.473398 0.923788 0.563853 0.335242 0.194365 0.110105 0.061170 0.033565 0.018431 0.010366 0.006185 0.004076 0.003041 0.002546 0.002316 0.002211 0.002165 0.002144 0.002136 0.002131 0.002129 0.002126 0.002121 0.002114 0.002103 0.002084 0.002056 0.002013 0.001952 0.001867 0.001753 0.001605 0.001419 0.001195 0.000935 0.000643 0.000327 0.000000 
50.000000 42.756444 35.751586 29.200543 23.275157 18.091155 13.703644 10.110687 7.263233 5.078817 3.456251 2.288949 1.475344 0.925756 0.565835 0.337233 0.196361 0.112104 0.063172 0.035568 0.020435 0.012369 0.008189 0.006080 0.005045 0.004550 0.004320 0.004215 0.004169 0.004148 0.004139 0.004134 0.004130 0.004125 0.004117 0.004104 0.004081 0.004046 0.003992 0.003910 0.003793 0.003630 0.003409 0.003122 0.002763 0.002328 0.001821 0.001252 0.000638 0.000000 
50.000000 42.757045 35.752767 29.202267 23.277372 18.093798 13.706650 10.113990 7.266770 5.082534 3.460102 2.292896 1.479358 0.929815 0.569924 0.341340 0.200480 0.116230 0.067302 0.039700 0.024568 0.016503 0.012323 0.010215 0.009180 0.008685 0.008454 0.008349 0.008303 0.008282 0.008272 0.008266 0.008260 0.008251 0.008235 0.008208 0.008165 0.008096 0.007989 0.007828 0.007596 0.007272 0.006833 0.006262 0.005543 0.004673 0.003657 0.002516 0.001282 0.000000 
50.000000 42.758213 35.755064 29.205620 23.281679 18.098941 13.712499 10.120417 7.273654 5.089769 3.467597 2.300578 1.487170 0.937715 0.577881 0.349333 0.208496 0.124259 0.075338 0.047741 0.032611 0.024548 0.020368 0.018260 0.017225 0.016731 0.016500 0.016395 0.016348 0.016327 0.016316 0.016307 0.016297 0.016279 0.016249 0.016198 0.016115 0.015981 0.015773 0.015461 0.015009 0.014374 0.013514 0.012391 0.010976 0.009257 0.007248 0.004988 0.002543 0.000000 
50.000000 42.760408 35.759382 29.211923 23.289777 18.108607 13.723493 10.132497 7.286595 5.103369 3.481686 2.315018 1.501855 0.952565 0.592839 0.364360 0.223564 0.139353 0.090447 0.062857 0.047732 0.039671 0.035493 0.033385 0.032351 0.031856 0.031625 0.031520 0.031473 0.031450 0.031437 0.031424 0.031405 0.031373 0.031318 0.031222 0.031065 0.030813 0.030420 0.029829 0.028968 0.027758 0.026113 0.023958 0.021235 0.017921 0.014039 0.009666 0.004930 0.000000 
50.000000 42.764413 35.767261 29.223423 23.304552 18.126246 13.743554 10.154540 7.310208 5.128185 3.507395 2.341369 1.528653 0.979664 0.620135 0.391781 0.251063 0.166897 0.118018 0.090443 0.075326 0.067270 0.063094 0.060987 0.059953 0.059459 0.059228 0.059123 0.059074 0.059050 0.059033 0.059012 0.058979 0.058922 0.058820 0.058647 0.058360 0.057898 0.057176 0.056086 0.054494 0.052247 0.049185 0.045159 0.040056 0.033830 0.026520 0.018269 0.009320 0.000000 
50.000000 42.771513 35.781226 29.243808 23.330741 18.157511 13.779113 10.193614 7.352065 5.172177 3.552970 2.388083 1.576159 1.027705 0.668526 0.440394 0.299812 0.215728 0.166896 0.139348 0.124246 0.116197 0.112025 0.109921 0.108887 0.108393 0.108162 0.108056 0.108006 0.107978 0.107955 0.107922 0.107865 0.107764 0.107586 0.107281 0.106772 0.105950 0.104663 0.102712 0.099851 0.095798 0.090253 0.082935 0.073629 0.062237 0.048826 0.033654 0.017176 0.000000 
50.000000 42.783737 35.805269 29.278903 23.375830 18.211341 13.840338 10.260891 7.424136 5.247923 3.631444 2.468518 1.657959 1.110427 0.751851 0.524101 0.383754 0.299811 0.251061 0.223559 0.208482 0.200446 0.196281 0.194180 0.193149 0.192655 0.192424 0.192317 0.192264 0.192231 0.192197 0.192144 0.192049 0.191878 0.191574 0.191052 0.190178 0.188761 0.186534 0.183145 0.178155 0.171053 0.161296 0.148364 0.131852 0.111564 0.087602 0.060426 0.030853 0.000000 
50.000000 42.804171 35.845462 29.337572 23.451207 18.301331 13.942692 10.373365 7.544626 5.374558 3.762642 2.602995 1.794721 1.248730 0.891163 0.664054 0.524101 0.440393 0.391779 0.364354 0.349319 0.341306 0.337153 0.335058 0.334029 0.333536 0.333305 0.333196 0.333140 0.333099 0.333048 0.332963 0.332809 0.332527 0.332027 0.331162 0.329710 0.327345 0.323611 0.317903 0.309459 0.297384 0.280709 0.258501 0.230012 0.194853 0.153168 0.105742 0.054022 0.000000 
50.000000 42.837325 35.910677 29.432766 23.573512 18.447349 14.108772 10.555868 7.740139 5.580047 3.975537 2.821214 2.016649 1.473162 1.117232 0.891163 0.751850 0.668525 0.620133 0.592833 0.577867 0.569890 0.565755 0.563670 0.562645 0.562154 0.561923 0.561811 0.561749 0.561696 0.561622 0.561490 0.561246 0.560799 0.560001 0.558616 0.556282 0.552462 0.546404 0.537095 0.523249 0.503337 0.475685 0.438647 0.390868 0.331597 0.260998 0.180373 0.092213 0.000000 
50.000000 42.889518 36.013339 29.582624 23.766050 18.677219 14.370230 10.843186 8.047943 5.903560 4.310713 3.164777 2.366053 1.826510 1.473162 1.248730 1.110426 1.027704 0.979662 0.952559 0.937701 0.929782 0.925677 0.923606 0.922588 0.922100 0.921868 0.921754 0.921684 0.921614 0.921505 0.921306 0.920934 0.920249 0.919021 0.916880 0.913255 0.907295 0.897792 0.883105 0.861128 0.829322 0.784861 0.724912 0.647070 0.549903 0.433517 0.299989 0.153495 0.000000 
50.000000 42.969204 36.170082 29.811424 24.060017 19.028190 14.769435 11.281879 8.517921 6.397530 4.822497 3.689371 2.899572 2.366053 2.016649 1.794721 1.657959 1.576158 1.528651 1.501849 1.487156 1.479325 1.475265 1.473217 1.472211 1.471727 1.471495 1.471377 1.471296 1.471203 1.471048 1.470758 1.470210 1.469198 1.467377 1.464187 1.458758 1.449786 1.435395 1.413012 1.379292 1.330137 1.260900 1.166816 1.043696 0.888856 0.702120 0.486650 0.249272 0.000000 
50.000000 43.087156 36.402094 30.150099 24.495158 19.547714 15.360364 11.931270 9.213632 7.128764 5.580109 4.465953 3.689371 3.164777 2.821214 2.602995 2.468517 2.388082 2.341367 2.315013 2.300564 2.292864 2.288871 2.286857 2.285867 2.285389 2.285158 2.285035 2.284941 2.284819 2.284604 2.284196 2.283421 2.281983 2.279384 2.274810 2.266985 2.253976 2.232976 2.200086 2.150154 2.076765 1.972486 1.829481 1.640598 1.400879 1.109331 0.770491 0.395208 0.000000 
50.000000 43.256365 36.734932 30.635956 25.119407 20.293026 16.208123 12.862909 10.211733 8.177840 6.667039 5.580109 4.822497 4.310713 3.975537 3.762642 3.631444 3.552970 3.507393 3.481680 3.467584 3.460070 3.456175 3.454209 3.453242 3.452774 3.452545 3.452416 3.452306 3.452149 3.451863 3.451311 3.450260 3.448299 3.444739 3.438442 3.427608 3.409485 3.380023 3.333520 3.262315 3.156676 3.005044 2.794854 2.514120 2.153841 1.711014 1.191601 0.612325 0.000000 
50.000000 43.491543 37.197534 31.311238 25.987045 21.328936 17.386437 14.157822 11.599039 9.636013 8.177840 7.128764 6.397530 5.903560 5.580047 5.374558 5.247922 5.172176 5.128183 5.103363 5.089756 5.082503 5.078743 5.076845 5.075911 5.075457 5.075231 5.075097 5.074969 5.074773 5.074406 5.073693 5.072326 5.069768 5.065099 5.056798 5.042433 5.018239 4.978610 4.915525 4.818006 4.671784 4.459434 4.161326 3.757787 3.232740 2.578709 1.802337 0.928461 0.000000 
50.000000 43.808127 37.820264 32.220272 27.155027 22.723453 18.972668 15.901034 13.466647 11.599039 10.211733 9.213632 8.517921 8.047943 7.740139 7.544626 7.424136 7.352065 7.310206 7.286590 7.273642 7.266741 7.263162 7.261356 7.260466 7.260032 7.259812 7.259673 7.259528 7.259293 7.258842 7.257962 7.256268 7.253083 7.247242 7.236802 7.218621 7.187785 7.136866 7.055057 6.927255 6.733324 6.447881 6.041146 5.481570 4.740966 3.802496 2.670706 1.380588 0.000000 
50.000000 44.220769 38.631945 33.405133 28.677418 24.541131 21.040251 18.173255 15.901034 14.157822 12.862909 11.931270 11.281879 10.843186 10.555868 10.373365 10.260891 10.193613 10.154538 10.132492 10.120405 10.113962 10.110621 10.108935 10.108102 10.107695 10.107485 10.107344 10.107184 10.106914 10.106388 10.105356 10.103362 10.099596 10.092656 10.080183 10.058325 10.020978 9.958784 9.857865 9.698388 9.453154 9.086628 8.555159 7.809542 6.801467 5.495431 3.886355 2.019241 0.000000 
50.000000 44.741406 39.656061 34.900104 30.598270 26.834570 23.649025 21.040251 18.972668 17.386437 16.208123 15.360364 14.769435 14.370230 14.108772 13.942691 13.840338 13.779113 13.743552 13.723489 13.712489 13.706625 13.703584 13.702049 13.701290 13.700917 13.700721 13.700582 13.700414 13.700119 13.699540 13.698397 13.696179 13.691975 13.684190 13.670125 13.645318 13.602618 13.530883 13.413269 13.225111 12.931522 12.485092 11.824513 10.875733 9.558389 7.801516 5.572477 2.918015 0.000000 
50.000000 45.377136 40.906572 36.725567 32.943773 29.635047 26.834570 24.541131 22.723453 21.328936 20.293026 19.547714 19.028190 18.677219 18.447349 18.301331 18.211341 18.157511 18.126244 18.108604 18.098931 18.093776 18.091102 18.089751 18.089084 18.088754 18.088577 18.088445 18.088277 18.087975 18.087377 18.086191 18.083883 18.079489 18.071319 18.056481 18.030149 17.984493 17.907117 17.778905 17.571149 17.241883 16.731589 15.958838 14.817523 13.179494 10.910257 7.910418 4.195437 0.000000 
50.000000 46.128233 42.384018 38.882309 35.714942 32.943773 30.598270 28.677418 27.155027 25.987045 25.119407 24.495158 24.060017 23.766050 23.573512 23.451207 23.375830 23.330740 23.304550 23.289774 23.281672 23.277353 23.275113 23.273981 23.273421 23.273144 23.272992 23.272875 23.272718 23.272430 23.271859 23.270723 23.268504 23.264266 23.256354 23.241915 23.216147 23.171161 23.094279 22.965566 22.754305 22.414061 21.875951 21.039881 19.764280 17.857471 15.080879 11.190435 6.068683 0.000000 
50.000000 46.986709 44.072686 41.347396 38.882309 36.725567 34.900104 33.405133 32.220272 31.311238 30.635956 30.150099 29.811424 29.582624 29.432766 29.337572 29.278903 29.243807 29.223422 29.211920 29.205614 29.202252 29.200508 29.199627 29.199191 29.198974 29.198854 29.198757 29.198625 29.198378 29.197886 29.196904 29.194982 29.191301 29.184405 29.171768 29.149107 29.109304 29.040769 28.924942 28.732529 28.417776 27.909702 27.098589 25.815310 23.801430 20.673698 15.912982 8.996239 0.000000 
50.000000 47.935800 45.939601 44.072686 42.384018 40.906572 39.656061 38.631945 37.820264 37.197534 36.734932 36.402094 36.170082 36.013339 35.910677 35.845462 35.805269 35.781226 35.767260 35.759380 35.755060 35.752756 35.751562 35.750958 35.750659 35.750510 35.750426 35.750358 35.750261 35.750080 35.749717 35.748993 35.747572 35.744844 35.739721 35.730304 35.713351 35.683432 35.631603 35.543331 35.395197 35.149558 34.745590 34.083584 32.996154 31.193583 28.159705 22.969800 14.093906 0.000000 
50.000000 48.950615 47.935800 46.986709 46.128233 45.377136 44.741406 44.220769 43.808127 43.491543 43.256365 43.087156 42.969204 42.889518 42.837325 42.804171 42.783737 42.771513 42.764413 42.760407 42.758210 42.757039 42.756432 42.756125 42.755973 42.755897 42.755854 42.755818 42.755767 42.755671 42.755479 42.755094 42.754338 42.752884 42.750149 42.745112 42.736023 42.719932 42.691948 42.644040 42.563082 42.427540 42.201528 41.823390 41.181699 40.059550 37.990471 33.841895 24.475308 0.000000 
50.000000 50.000000 50.000000 50.000000 50.000000 50.000000 50.000000 50.000000 50.000000 50.000000 50.000000 50.000000 50.000000 50.000000 50.000000 50.000000 50.000000 50.000000 50.000000 50.000000 50.000000 50.000000 50.000000 50.000000 50.000000 50.000000 50.000000 50.000000 50.000000 50.000000 50.000000 50.000000 50.000000 50.000000 50.000000 50.000000 50.000000 50.000000 50.000000 50.000000 50.000000 50.000000 50.000000 50.000000 50.000000 50.000000 50.000000 50.000000 50.000000 50.000000 
