50.000000 50.000000 50.000000 50.000000 50.000000 50.000000 50.000000 50.000000 50.000000 50.000000 50.000000 50.000000 50.000000 50.000000 50.000000 50.000000 50.000000 50.000000 50.000000 50.000000 50.000000 50.000000 50.000000 50.000000 50.000000 50.000000 50.000000 50.000000 50.000000 50.000000 50.000000 50.000000 50.000000 50.000000 50.000000 50.000000 50.000000 50.000000 50.000000 50.000000 50.000000 50.000000 50.000000 50.000000 50.000000 50.000000 50.000000 50.000000 50.000000 50.000000 
50.000000 48.774484 47.596107 46.506577 45.537773 44.709164 44.027327 43.487383 43.075762 42.773568 42.559823 42.414105 42.318307 42.257546 42.220344 42.198345 42.185774 42.178829 42.175116 42.173195 42.172232 42.171765 42.171544 42.171444 42.171399 42.171378 42.171368 42.171359 42.171343 42.171310 42.171236 42.171074 42.170728 42.170005 42.168538 42.165628 42.159997 42.149355 42.129676 42.094016 42.030524 41.919052 41.725090 41.388162 40.797625 39.736757 37.738508 33.668906 24.387242 0.000000 
50.000000 47.596107 45.284684 43.147537 41.247201 39.621865 38.284430 37.225325 36.417930 35.825178 35.405921 35.120098 34.932195 34.813015 34.740046 34.696897 34.672241 34.658618 34.651336 34.647568 34.645680 34.644762 34.644330 34.644133 34.644045 34.644005 34.643985 34.643967 34.643938 34.643876 34.643738 34.643436 34.642791 34.641449 34.638724 34.633334 34.622931 34.603327 34.567223 34.502139 34.387070 34.187000 33.843704 33.259710 32.269116 30.582550 27.682753 22.642342 13.927202 0.000000 
50.000000 46.506577 43.147537 40.041768 37.280148 34.918173 32.974593 31.435493 30.262189 29.400809 28.791556 28.376209 28.103158 27.929973 27.823941 27.761241 27.725413 27.705618 27.695037 27.689562 27.686818 27.685486 27.684858 27.684571 27.684443 27.684386 27.684357 27.684332 27.684293 27.684210 27.684025 27.683623 27.682764 27.680980 27.677369 27.670246 27.656553 27.630873 27.583866 27.499785 27.352638 27.100265 26.675245 25.970917 24.820188 22.965092 20.020884 15.464784 8.768069 0.000000 
50.000000 45.537773 41.247201 37.280148 33.752695 30.735729 28.253197 26.287321 24.788684 23.688472 22.910302 22.379805 22.031058 21.809865 21.674442 21.594365 21.548607 21.523326 21.509813 21.502821 21.499317 21.497616 21.496814 21.496448 21.496284 21.496211 21.496175 21.496146 21.496101 21.496006 21.495797 21.495340 21.494370 21.492359 21.488304 21.480337 21.465095 21.436685 21.385067 21.293608 21.135463 20.868414 20.427751 19.716967 18.596874 16.876348 14.315056 10.664651 5.801016 0.000000 
50.000000 44.709164 39.621865 34.918173 30.735729 27.158582 24.215121 21.884264 20.107410 18.802962 17.880349 17.251389 16.837921 16.575682 16.415131 16.320197 16.265952 16.235981 16.219962 16.211674 16.207521 16.205504 16.204553 16.204119 16.203925 16.203840 16.203798 16.203766 16.203719 16.203622 16.203409 16.202946 16.201963 16.199935 16.195859 16.187890 16.172731 16.144666 16.094100 16.005418 15.854018 15.602407 15.195492 14.555648 13.579291 12.138855 10.097985 7.352748 3.911539 0.000000 
50.000000 44.027327 38.284430 32.974593 28.253197 24.215121 20.892411 18.261259 16.255507 14.783034 13.741595 13.031639 12.564933 12.268934 12.087717 11.980566 11.919340 11.885514 11.867435 11.858080 11.853393 11.851117 11.850044 11.849554 11.849336 11.849240 11.849194 11.849161 11.849116 11.849025 11.848825 11.848393 11.847480 11.845601 11.841842 11.834531 11.820707 11.795298 11.749913 11.671145 11.538365 11.321077 10.976215 10.446206 9.659474 8.536230 7.003676 5.024720 2.639165 0.000000 
50.000000 43.487383 37.225325 31.435493 26.287321 21.884264 18.261259 15.392339 13.205359 11.599861 10.464353 9.690282 9.181435 8.858715 8.661144 8.544324 8.477575 8.440698 8.420989 8.410792 8.405682 8.403200 8.402032 8.401498 8.401260 8.401155 8.401107 8.401075 8.401034 8.400954 8.400780 8.400404 8.399614 8.397994 8.394767 8.388526 8.376797 8.355397 8.317500 8.252398 8.143975 7.969077 7.696170 7.285044 6.688772 5.859570 4.760249 3.381620 1.762293 0.000000 
50.000000 43.075762 36.417930 30.262189 24.788684 20.107410 16.255507 13.205359 10.880252 9.173374 7.966178 7.143251 6.602296 6.259218 6.049187 5.925002 5.854047 5.814847 5.793896 5.783057 5.777626 5.774988 5.773746 5.773179 5.772926 5.772816 5.772766 5.772735 5.772700 5.772634 5.772491 5.772184 5.771541 5.770229 5.767629 5.762625 5.753280 5.736351 5.706620 5.656040 5.572745 5.440126 5.236282 4.934430 4.505003 3.920270 3.161924 2.230930 1.156710 0.000000 
50.000000 42.773568 35.825178 29.400809 23.688472 18.802962 14.783034 11.599861 9.173374 7.392091 6.132287 5.273509 4.708996 4.350982 4.131811 4.002224 3.928184 3.887281 3.865420 3.854110 3.848443 3.845691 3.844395 3.843803 3.843540 3.843425 3.843374 3.843345 3.843316 3.843264 3.843153 3.842917 3.842423 3.841419 3.839438 3.835646 3.828607 3.815944 3.793880 3.756679 3.696046 3.600628 3.455886 3.244669 2.948944 2.553010 2.048171 1.438108 0.743044 0.000000 
50.000000 42.559823 35.405921 28.791556 22.910302 17.880349 13.741595 10.464353 7.966178 6.132287 4.835290 3.951168 3.370002 3.001433 2.775803 2.642399 2.566179 2.524073 2.501569 2.489927 2.484093 2.481261 2.479927 2.479317 2.479047 2.478929 2.478878 2.478851 2.478827 2.478788 2.478706 2.478533 2.478172 2.477443 2.476011 2.473282 2.468246 2.459245 2.443677 2.417645 2.375608 2.310138 2.211954 2.070449 1.874931 1.616694 1.291772 0.903782 0.465807 0.000000 
50.000000 42.414105 35.120098 28.376209 22.379805 17.251389 13.031639 9.690282 7.143251 5.273509 3.951168 3.049778 2.457268 2.081508 1.851479 1.715476 1.637772 1.594846 1.571905 1.560037 1.554090 1.551202 1.549843 1.549222 1.548946 1.548826 1.548775 1.548750 1.548730 1.548702 1.548644 1.548523 1.548273 1.547768 1.546781 1.544910 1.541475 1.535373 1.524889 1.507491 1.479629 1.436630 1.372781 1.281727 1.157290 0.994737 0.792343 0.552876 0.284428 0.000000 
50.000000 42.318307 34.932195 28.103158 22.031058 16.837921 12.564933 9.181435 6.602296 4.708996 3.370002 2.457268 1.857306 1.476823 1.243905 1.106196 1.027517 0.984053 0.960825 0.948808 0.942787 0.939864 0.938487 0.937858 0.937579 0.937458 0.937407 0.937383 0.937367 0.937347 0.937308 0.937228 0.937062 0.936728 0.936078 0.934851 0.932611 0.928653 0.921896 0.910757 0.893052 0.865945 0.826038 0.769635 0.693255 0.594373 0.472285 0.328869 0.168952 0.000000 
50.000000 42.257546 34.813015 27.929973 21.809865 16.575682 12.268934 8.858715 6.259218 4.350982 3.001433 2.081508 1.476823 1.093348 0.858600 0.719809 0.640513 0.596709 0.573299 0.561188 0.555120 0.552174 0.550787 0.550153 0.549872 0.549750 0.549699 0.549676 0.549663 0.549649 0.549624 0.549572 0.549466 0.549255 0.548845 0.548075 0.546674 0.544213 0.540033 0.533187 0.522375 0.505939 0.481918 0.448227 0.402951 0.344770 0.273420 0.190084 0.097548 0.000000 
50.000000 42.220344 34.740046 27.823941 21.674442 16.415131 12.087717 8.661144 6.049187 4.131811 2.775803 1.851479 1.243905 0.858600 0.622732 0.483280 0.403607 0.359595 0.336074 0.323906 0.317809 0.314849 0.313455 0.312818 0.312536 0.312414 0.312362 0.312340 0.312329 0.312319 0.312303 0.312272 0.312207 0.312079 0.311831 0.311366 0.310525 0.309054 0.306569 0.302521 0.296165 0.286562 0.272618 0.253186 0.227241 0.194105 0.153694 0.106712 0.054716 0.000000 
50.000000 42.198345 34.696897 27.761241 21.594365 16.320197 11.980566 8.544324 5.925002 4.002224 2.642399 1.715476 1.106196 0.719809 0.483280 0.343438 0.263543 0.219407 0.195821 0.183619 0.177505 0.174537 0.173139 0.172500 0.172217 0.172095 0.172044 0.172022 0.172012 0.172005 0.171995 0.171977 0.171939 0.171864 0.171719 0.171450 0.170964 0.170118 0.168695 0.166389 0.162787 0.157373 0.149556 0.138724 0.124339 0.106061 0.083873 0.058173 0.029808 0.000000 
50.000000 42.185774 34.672241 27.725413 21.548607 16.265952 11.919340 8.477575 5.854047 3.928184 2.566179 1.637772 1.027517 0.640513 0.403607 0.263543 0.183520 0.139315 0.115691 0.103469 0.097346 0.094373 0.092973 0.092334 0.092050 0.091928 0.091876 0.091855 0.091846 0.091841 0.091834 0.091824 0.091802 0.091760 0.091679 0.091529 0.091258 0.090789 0.090004 0.088736 0.086765 0.083818 0.079581 0.073739 0.066017 0.056248 0.044434 0.030792 0.015769 0.000000 
50.000000 42.178829 34.658618 27.705618 21.523326 16.235982 11.885514 8.440698 5.814847 3.887281 2.524073 1.594846 0.984053 0.596709 0.359595 0.219408 0.139315 0.095071 0.071426 0.059194 0.053066 0.050090 0.048689 0.048049 0.047765 0.047643 0.047592 0.047570 0.047562 0.047557 0.047553 0.047547 0.047536 0.047513 0.047469 0.047388 0.047243 0.046992 0.046573 0.045900 0.044858 0.043306 0.041085 0.038034 0.034018 0.028956 0.022854 0.015826 0.008101 0.000000 
50.000000 42.175116 34.651336 27.695037 21.509813 16.219963 11.867435 8.420989 5.793897 3.865420 2.501569 1.571905 0.960825 0.573299 0.336074 0.195821 0.115691 0.071426 0.047771 0.035533 0.029402 0.026425 0.025023 0.024382 0.024099 0.023976 0.023925 0.023904 0.023896 0.023892 0.023889 0.023886 0.023879 0.023867 0.023845 0.023802 0.023727 0.023598 0.023382 0.023036 0.022503 0.021713 0.020585 0.019042 0.017017 0.014473 0.011414 0.007900 0.004042 0.000000 
50.000000 42.173195 34.647568 27.689562 21.502822 16.211675 11.858081 8.410792 5.783058 3.854111 2.489927 1.560037 0.948809 0.561189 0.323906 0.183619 0.103470 0.059195 0.035534 0.023293 0.017160 0.014182 0.012780 0.012140 0.011856 0.011734 0.011682 0.011661 0.011653 0.011650 0.011648 0.011646 0.011642 0.011636 0.011625 0.011604 0.011566 0.011501 0.011394 0.011222 0.010958 0.010568 0.010013 0.009256 0.008266 0.007025 0.005537 0.003830 0.001959 0.000000 
50.000000 42.172232 34.645680 27.686819 21.499318 16.207522 11.853394 8.405683 5.777628 3.848445 2.484095 1.554092 0.942789 0.555122 0.317811 0.177507 0.097348 0.053068 0.029403 0.017162 0.011028 0.008050 0.006647 0.006007 0.005723 0.005600 0.005549 0.005528 0.005520 0.005517 0.005515 0.005514 0.005512 0.005509 0.005504 0.005493 0.005475 0.005444 0.005392 0.005309 0.005183 0.004996 0.004731 0.004371 0.003901 0.003313 0.002610 0.001805 0.000923 0.000000 
50.000000 42.171765 34.644764 27.685488 21.497619 16.205507 11.851121 8.403205 5.774993 3.845696 2.481265 1.551207 0.939869 0.552179 0.314854 0.174542 0.094378 0.050095 0.026429 0.014187 0.008053 0.005074 0.003672 0.003031 0.002747 0.002625 0.002574 0.002553 0.002545 0.002541 0.002540 0.002539 0.002538 0.002537 0.002534 0.002529 0.002521 0.002506 0.002482 0.002443 0.002384 0.002297 0.002175 0.002008 0.001791 0.001521 0.001197 0.000828 0.000423 0.000000 
50.000000 42.171546 34.644335 27.684864 21.496822 16.204563 11.850055 8.402043 5.773758 3.844408 2.479940 1.549856 0.938500 0.550800 0.313468 0.173152 0.092986 0.048702 0.025036 0.012793 0.006659 0.003680 0.002278 0.001637 0.001353 0.001231 0.001180 0.001159 0.001151 0.001147 0.001146 0.001146 0.001145 0.001144 0.001143 0.001141 0.001137 0.001130 0.001119 0.001101 0.001074 0.001035 0.000979 0.000904 0.000806 0.000684 0.000538 0.000372 0.000190 0.000000 
50.000000 42.171449 34.644144 27.684587 21.496468 16.204143 11.849581 8.401527 5.773209 3.843835 2.479350 1.549255 0.937892 0.550187 0.312852 0.172534 0.092368 0.048083 0.024416 0.012173 0.006039 0.003061 0.001658 0.001018 0.000734 0.000611 0.000560 0.000539 0.000531 0.000528 0.000526 0.000526 0.000526 0.000525 0.000525 0.000524 0.000522 0.000519 0.000513 0.000505 0.000493 0.000475 0.000449 0.000414 0.000369 0.000313 0.000246 0.000170 0.000087 0.000000 
50.000000 42.171413 34.644072 27.684483 21.496335 16.203985 11.849403 8.401333 5.773003 3.843620 2.479129 1.549029 0.937663 0.549956 0.312621 0.172302 0.092135 0.047850 0.024184 0.011941 0.005806 0.002828 0.001425 0.000785 0.000501 0.000378 0.000327 0.000306 0.000298 0.000295 0.000294 0.000293 0.000293 0.000293 0.000292 0.000292 0.000291 0.000289 0.000286 0.000281 0.000274 0.000264 0.000250 0.000230 0.000205 0.000174 0.000137 0.000094 0.000048 0.000000 
50.000000 42.171413 34.644072 27.684483 21.496335 16.203985 11.849403 8.401333 5.773003 3.843620 2.479129 1.549029 0.937663 0.549956 0.312621 0.172302 0.092135 0.047850 0.024184 0.011941 0.005806 0.002828 0.001425 0.000785 0.000501 0.000378 0.000327 0.000306 0.000298 0.000295 0.000294 0.000293 0.000293 0.000293 0.000292 0.000292 0.000291 0.000289 0.000286 0.000281 0.000274 0.000264 0.000250 0.000230 0.000205 0.000174 0.000137 0.000094 0.000048 0.000000 
50.000000 42.171449 34.644144 27.684587 21.496468 16.204143 11.849581 8.401527 5.773209 3.843835 2.479350 1.549255 0.937892 0.550187 0.312852 0.172534 0.092368 0.048083 0.024416 0.012173 0.006039 0.003061 0.001658 0.001018 0.000734 0.000611 0.000560 0.000539 0.000531 0.000528 0.000526 0.000526 0.000526 0.000525 0.000525 0.000524 0.000522 0.000519 0.000513 0.000505 0.000493 0.000475 0.000449 0.000414 0.000369 0.000313 0.000246 0.000170 0.000087 0.000000 
50.000000 42.171546 34.644335 27.684864 21.496822 16.204563 11.850055 8.402043 5.773758 3.844408 2.479940 1.549856 0.938500 0.550800 0.313468 0.173152 0.092986 0.048702 0.025036 0.012793 0.006659 0.003680 0.002278 0.001637 0.001353 0.001231 0.001180 0.001159 0.001151 0.001147 0.001146 0.001146 0.001145 0.001144 0.001143 0.001141 0.001137 0.001130 0.001119 0.001101 0.001074 0.001035 0.000979 0.000904 0.000806 0.000684 0.000538 0.000372 0.000190 0.000000 
50.000000 42.171765 34.644764 27.685488 21.497619 16.205507 11.851121 8.403205 5.774993 3.845696 2.481265 1.551207 0.939869 0.552179 0.314854 0.174542 0.094378 0.050095 0.026429 0.014187 0.008053 0.005074 0.003672 0.003031 0.002747 0.002625 0.002574 0.002553 0.002545 0.002541 0.002540 0.002539 0.002538 0.002537 0.002534 0.002529 0.002521 0.002506 0.002482 0.002443 0.002384 0.002297 0.002175 0.002008 0.001791 0.001521 0.001197 0.000828 0.000423 0.000000 
50.000000 42.172232 34.645680 27.686819 21.499318 16.207522 11.853394 8.405683 5.777628 3.848445 2.484095 1.554092 0.942789 0.555122 0.317811 0.177507 0.097348 0.053068 0.029403 0.017162 0.011028 0.008050 0.006647 0.006007 0.005723 0.005600 0.005549 0.005528 0.005520 0.005517 0.005515 0.005514 0.005512 0.005509 0.005504 0.005493 0.005475 0.005444 0.005392 0.005309 0.005183 0.004996 0.004731 0.004371 0.003901 0.003313 0.002610 0.001805 0.000923 0.000000 
50.000000 42.173195 34.647568 27.689562 21.502822 16.211675 11.858081 8.410792 5.783058 3.854111 2.489927 1.560037 0.948809 0.561189 0.323906 0.183619 0.103470 0.059195 0.035534 0.023293 0.017160 0.014182 0.012780 0.012140 0.011856 0.011734 0.011682 0.011661 0.011653 0.011650 0.011648 0.011646 0.011642 0.011636 0.011625 0.011604 0.011566 0.011501 0.011394 0.011222 0.010958 0.010568 0.010013 0.009256 0.008266 0.007025 0.005537 0.003830 0.001959 0.000000 
50.000000 42.175116 34.651336 27.695037 21.509813 16.219963 11.867435 8.420989 5.793897 3.865420 2.501569 1.571905 0.960825 0.573299 0.336074 0.195821 0.115691 0.071426 0.047771 0.035533 0.029402 0.026425 0.025023 0.024382 0.024099 0.023976 0.023925 0.023904 0.023896 0.023892 0.023889 0.023886 0.023879 0.023867 0.023845 0.023802 0.023727 0.023598 0.023382 0.023036 0.022503 0.021713 0.020585 0.019042 0.017017 0.014473 0.011414 0.007900 0.004042 0.000000 
50.000000 42.178829 34.658618 27.705618 21.523326 16.235982 11.885514 8.440698 5.814847 3.887281 2.524073 1.594846 0.984053 0.596709 0.359595 0.219408 0.139315 0.095071 0.071426 0.059194 0.053066 0.050090 0.048689 0.048049 0.047765 0.047643 0.047592 0.047570 0.047562 0.047557 0.047553 0.047547 0.047536 0.047513 0.047469 0.047388 0.047243 0.046992 0.046573 0.045900 0.044858 0.043306 0.041085 0.038034 0.034018 0.028956 0.022854 0.015826 0.008101 0.000000 
50.000000 42.185774 34.672241 27.725413 21.548607 16.265952 11.919340 8.477575 5.854047 3.928184 2.566179 1.637772 1.027517 0.640513 0.403607 0.263543 0.183520 0.139315 0.115691 0.103469 0.097346 0.094373 0.092973 0.092334 0.092050 0.091928 0.091876 0.091855 0.091846 0.091841 0.091834 0.091824 0.091802 0.091760 0.091679 0.091529 0.091258 0.090789 0.090004 0.088736 0.086765 0.083818 0.079581 0.073739 0.066017 0.056248 0.044434 0.030792 0.015769 0.000000 
50.000000 42.198345 34.696897 27.761241 21.594365 16.320197 11.980566 8.544324 5.925002 4.002224 2.642399 1.715476 1.106196 0.719809 0.483280 0.343438 0.263543 0.219407 0.195821 0.183619 0.177505 0.174537 0.173139 0.172500 0.172217 0.172095 0.172044 0.172022 0.172012 0.172005 0.171995 0.171977 0.171939 0.171864 0.171719 0.171450 0.170964 0.170118 0.168695 0.166389 0.162787 0.157373 0.149556 0.138724 0.124339 0.106061 0.083873 0.058173 0.029808 0.000000 
50.000000 42.220344 34.740046 27.823941 21.674442 16.415131 12.087717 8.661144 6.049187 4.131811 2.775803 1.851479 1.243905 0.858600 0.622732 0.483280 0.403607 0.359595 0.336074 0.323906 0.317809 0.314849 0.313455 0.312818 0.312536 0.312414 0.312362 0.312340 0.312329 0.312319 0.312303 0.312272 0.312207 0.312079 0.311831 0.311366 0.310525 0.309054 0.306569 0.302521 0.296165 0.286562 0.272618 0.253186 0.227241 0.194105 0.153694 0.106712 0.054716 0.000000 
50.000000 42.257546 34.813015 27.929973 21.809865 16.575682 12.268934 8.858715 6.259218 4.350982 3.001433 2.081508 1.476823 1.093348 0.858600 0.719809 0.640513 0.596709 0.573299 0.561188 0.555120 0.552174 0.550787 0.550153 0.549872 0.549750 0.549699 0.549676 0.549663 0.549649 0.549624 0.549572 0.549466 0.549255 0.548845 0.548075 0.546674 0.544213 0.540033 0.533187 0.522375 0.505939 0.481918 0.448227 0.402951 0.344770 0.273420 0.190084 0.097548 0.000000 
50.000000 42.318307 34.932195 28.103158 22.031058 16.837921 12.564933 9.181435 6.602296 4.708996 3.370002 2.457268 1.857306 1.476823 1.243905 1.106196 1.027517 0.984053 0.960825 0.948808 0.942787 0.939864 0.938487 0.937858 0.937579 0.937458 0.937407 0.937383 0.937367 0.937347 0.937308 0.937228 0.937062 0.936728 0.936078 0.934851 0.932611 0.928653 0.921896 0.910757 0.893052 0.865945 0.826038 0.769635 0.693255 0.594373 0.472285 0.328869 0.168952 0.000000 
50.000000 42.414105 35.120098 28.376209 22.379805 17.251389 13.031639 9.690282 7.143251 5.273509 3.951168 3.049778 2.457268 2.081508 1.851479 1.715476 1.637772 1.594846 1.571905 1.560037 1.554090 1.551202 1.549843 1.549222 1.548946 1.548826 1.548775 1.548750 1.548730 1.548702 1.548644 1.548523 1.548273 1.547768 1.546781 1.544910 1.541475 1.535373 1.524889 1.507491 1.479629 1.436630 1.372781 1.281727 1.157290 0.994737 0.792343 0.552876 0.284428 0.000000 
50.000000 42.559823 35.405921 28.791556 22.910302 17.880349 13.741595 10.464353 7.966178 6.132287 4.835290 3.951168 3.370002 3.001433 2.775803 2.642399 2.566179 2.524073 2.501569 2.489927 2.484093 2.481261 2.479927 2.479317 2.479047 2.478929 2.478878 2.478851 2.478827 2.478788 2.478706 2.478533 2.478172 2.477443 2.476011 2.473282 2.468246 2.459245 2.443677 2.417645 2.375608 2.310138 2.211954 2.070449 1.874931 1.616694 1.291772 0.903782 0.465807 0.000000 
50.000000 42.773568 35.825178 29.400809 23.688472 18.802962 14.783034 11.599861 9.173374 7.392091 6.132287 5.273509 4.708996 4.350982 4.131811 4.002224 3.928184 3.887281 3.865420 3.854110 3.848443 3.845691 3.844395 3.843803 3.843540 3.843425 3.843374 3.843345 3.843316 3.843264 3.843153 3.842917 3.842423 3.841419 3.839438 3.835646 3.828607 3.815944 3.793880 3.756679 3.696046 3.600628 3.455886 3.244669 2.948944 2.553010 2.048171 1.438108 0.743044 0.000000 
50.000000 43.075762 36.417930 30.262189 24.788684 20.107410 16.255507 13.205359 10.880252 9.173374 7.966178 7.143251 6.602296 6.259218 6.049187 5.925002 5.854047 5.814847 5.793896 5.783057 5.777626 5.774988 5.773746 5.773179 5.772926 5.772816 5.772766 5.772735 5.772700 5.772634 5.772491 5.772184 5.771541 5.770229 5.767629 5.762625 5.753280 5.736351 5.706620 5.656040 5.572745 5.440126 5.236282 4.934430 4.505003 3.920270 3.161924 2.230930 1.156710 0.000000 
50.000000 43.487383 37.225325 31.435493 26.287321 21.884264 18.261259 15.392339 13.205359 11.599861 10.464353 9.690282 9.181435 8.858715 8.661144 8.544324 8.477575 8.440698 8.420989 8.410792 8.405682 8.403200 8.402032 8.401498 8.401260 8.401155 8.401107 8.401075 8.401034 8.400954 8.400780 8.400404 8.399614 8.397994 8.394767 8.388526 8.376797 8.355397 8.317500 8.252398 8.143975 7.969077 7.696170 7.285044 6.688772 5.859570 4.760249 3.381620 1.762293 0.000000 
50.000000 44.027327 38.284430 32.974593 28.253197 24.215121 20.892411 18.261259 16.255507 14.783034 13.741595 13.031639 12.564933 12.268934 12.087717 11.980566 11.919340 11.885514 11.867435 11.858080 11.853393 11.851117 11.850044 11.849554 11.849336 11.849240 11.849194 11.849161 11.849116 11.849025 11.848825 11.848393 11.847480 11.845601 11.841842 11.834531 11.820707 11.795298 11.749913 11.671145 11.538365 11.321077 10.976215 10.446206 9.659474 8.536230 7.003676 5.024720 2.639165 0.000000 
50.000000 44.709164 39.621865 34.918173 30.735729 27.158582 24.215121 21.884264 20.107410 18.802962 17.880349 17.251389 16.837921 16.575682 16.415131 16.320197 16.265952 16.235981 16.219962 16.211674 16.207521 16.205504 16.204553 16.204119 16.203925 16.203840 16.203798 16.203766 16.203719 16.203622 16.203409 16.202946 16.201963 16.199935 16.195859 16.187890 16.172731 16.144666 16.094100 16.005418 15.854018 15.602407 15.195492 14.555648 13.579291 12.138855 10.097985 7.352748 3.911539 0.000000 
50.000000 45.537773 41.247201 37.280148 33.752695 30.735729 28.253197 26.287321 24.788684 23.688472 22.910302 22.379805 22.031058 21.809865 21.674442 21.594365 21.548607 21.523326 21.509813 21.502821 21.499317 21.497616 21.496814 21.496448 21.496284 21.496211 21.496175 21.496146 21.496101 21.496006 21.495797 21.495340 21.494370 21.492359 21.488304 21.480337 21.465095 21.436685 21.385067 21.293608 21.135463 20.868414 20.427751 19.716967 18.596874 16.876348 14.315056 10.664651 5.801016 0.000000 
50.000000 46.506577 43.147537 40.041768 37.280148 34.918173 32.974593 31.435493 30.262189 29.400809 28.791556 28.376209 28.103158 27.929973 27.823941 27.761241 27.725413 27.705618 27.695037 27.689562 27.686818 27.685486 27.684858 27.684571 27.684443 27.684386 27.684357 27.684332 27.684293 27.684210 27.684025 27.683623 27.682764 27.680980 27.677369 27.670246 27.656553 27.630873 27.583866 27.499785 27.352638 27.100265 26.675245 25.970917 24.820188 22.965092 20.020884 15.464784 8.768069 0.000000 
50.000000 47.596107 45.284684 43.147537 41.247201 39.621865 38.284430 37.225325 36.417930 35.825178 35.405921 35.120098 34.932195 34.813015 34.740046 34.696897 34.672241 34.658618 34.651336 34.647568 34.645680 34.644762 34.644330 34.644133 34.644045 34.644005 34.643985 34.643967 34.643938 34.643876 34.643738 34.643436 34.642791 34.641449 34.638724 34.633334 34.622931 34.603327 34.567223 34.502139 34.387070 34.187000 33.843704 33.259710 32.269116 30.582550 27.682753 22.642342 13.927202 0.000000 
50.000000 48.774484 47.596107 46.506577 45.537773 44.709164 44.027327 43.487383 43.075762 42.773568 42.559823 42.414105 42.318307 42.257546 42.220344 42.198345 42.185774 42.178829 42.175116 42.173195 42.172232 42.171765 42.171544 42.171444 42.171399 42.171378 42.171368 42.171359 42.171343 42.171310 42.171236 42.171074 42.170728 42.170005 42.168538 42.165628 42.159997 42.149355 42.129676 42.094016 42.030524 41.919052 41.725090 41.388162 40.797625 39.736757 37.738508 33.668906 24.387242 0.000000 
50.000000 50.000000 50.000000 50.000000 50.000000 50.000000 50.000000 50.000000 50.000000 50.000000 50.000000 50.000000 50.000000 50.000000 50.000000 50.000000 50.000000 50.000000 50.000000 50.000000 50.000000 50.000000 50.000000 50.000000 50.000000 50.000000 50.000000 50.000000 50.000000 50.000000 50.000000 50.000000 50.000000 50.000000 50.000000 50.000000 50.000000 50.000000 50.000000 50.000000 50.000000 50.000000 50.000000 50.000000 50.000000 50.000000 50.000000 50.000000 50.000000 50.000000 
