50.000000 50.000000 50.000000 50.000000 50.000000 50.000000 50.000000 50.000000 50.000000 50.000000 50.000000 50.000000 50.000000 50.000000 50.000000 50.000000 50.000000 50.000000 50.000000 50.000000 50.000000 50.000000 50.000000 50.000000 50.000000 50.000000 50.000000 50.000000 50.000000 50.000000 50.000000 50.000000 50.000000 50.000000 50.000000 50.000000 50.000000 50.000000 50.000000 50.000000 50.000000 50.000000 50.000000 50.000000 50.000000 50.000000 50.000000 50.000000 50.000000 50.000000 
50.000000 47.913564 45.963651 44.260036 42.867715 41.802337 41.038237 40.523896 40.198475 40.004644 39.895777 39.838019 39.809025 39.795229 39.788997 39.786320 39.785225 39.784797 39.784638 39.784581 39.784561 39.784555 39.784553 39.784552 39.784552 39.784552 39.784552 39.784552 39.784552 39.784551 39.784550 39.784547 39.784537 39.784508 39.784424 39.784194 39.783588 39.782051 39.778299 39.769483 39.749505 39.705748 39.612740 39.419737 39.025040 38.218076 36.532985 32.830339 23.956782 0.000000 
50.000000 45.963651 42.191427 38.895701 36.202211 34.141228 32.663091 31.668124 31.038626 30.663687 30.453102 30.341382 30.285301 30.258618 30.246565 30.241387 30.239268 30.238441 30.238133 30.238023 30.237985 30.237973 30.237969 30.237967 30.237967 30.237967 30.237967 30.237967 30.237967 30.237966 30.237964 30.237959 30.237941 30.237889 30.237740 30.237334 30.236266 30.233567 30.227006 30.211674 30.177189 30.102422 29.945808 29.627786 28.998900 27.781059 25.459153 21.095714 13.133312 0.000000 
50.000000 44.260036 38.895701 34.209018 30.378797 27.448073 25.346204 23.931426 23.036346 22.503241 22.203833 22.044996 21.965266 21.927333 21.910199 21.902838 21.899827 21.898651 21.898213 21.898057 21.898003 21.897986 21.897980 21.897978 21.897978 21.897978 21.897978 21.897978 21.897977 21.897977 21.897975 21.897967 21.897946 21.897881 21.897699 21.897203 21.895903 21.892633 21.884735 21.866425 21.825666 21.738513 21.559358 21.204956 20.529668 19.290198 17.104509 13.436547 7.727051 0.000000 
50.000000 42.867715 36.202211 30.378797 25.619656 21.978244 19.366751 17.609000 16.496974 15.834683 15.462737 15.265428 15.166392 15.119276 15.097995 15.088854 15.085114 15.083654 15.083110 15.082916 15.082849 15.082828 15.082821 15.082819 15.082818 15.082818 15.082818 15.082818 15.082818 15.082817 15.082815 15.082807 15.082785 15.082720 15.082537 15.082038 15.080738 15.077487 15.069695 15.051797 15.012426 14.929513 14.762427 14.440447 13.847945 12.809828 11.088599 8.421151 4.649639 0.000000 
50.000000 41.802337 34.141228 27.448073 21.978244 17.793155 14.791847 12.771787 11.493865 10.732804 10.305409 10.078697 9.964909 9.910778 9.886330 9.875830 9.871534 9.869857 9.869232 9.869009 9.868933 9.868908 9.868900 9.868897 9.868897 9.868897 9.868896 9.868896 9.868896 9.868896 9.868894 9.868887 9.868868 9.868810 9.868649 9.868213 9.867083 9.864275 9.857598 9.842411 9.809407 9.740949 9.605604 9.351008 8.896578 8.130299 6.918405 5.142329 2.777298 0.000000 
50.000000 41.038237 32.663091 25.346204 19.366751 14.791847 11.511079 9.303002 7.906190 7.074362 6.607247 6.359479 6.235128 6.175977 6.149262 6.137789 6.133095 6.131264 6.130581 6.130337 6.130254 6.130227 6.130218 6.130216 6.130215 6.130215 6.130214 6.130214 6.130214 6.130214 6.130212 6.130207 6.130192 6.130147 6.130020 6.129679 6.128801 6.126634 6.121522 6.110008 6.085277 6.034708 5.936461 5.755540 5.440839 4.926304 4.141248 3.035306 1.618500 0.000000 
50.000000 40.523896 31.668124 23.931426 17.609000 12.771787 9.303002 6.968452 5.491687 4.612277 4.118464 3.856547 3.725101 3.662578 3.634342 3.622216 3.617256 3.615320 3.614599 3.614341 3.614253 3.614224 3.614215 3.614212 3.614212 3.614211 3.614211 3.614211 3.614211 3.614211 3.614210 3.614206 3.614195 3.614163 3.614072 3.613831 3.613211 3.611692 3.608137 3.600201 3.583342 3.549316 3.484226 3.366541 3.166183 2.846572 2.372068 1.722316 0.911156 0.000000 
50.000000 40.198475 31.038626 23.036346 16.496974 11.493865 7.906190 5.491687 3.964388 3.054914 2.544237 2.273385 2.137461 2.072810 2.043614 2.031077 2.025949 2.023948 2.023201 2.022935 2.022844 2.022815 2.022805 2.022802 2.022802 2.022801 2.022801 2.022801 2.022801 2.022801 2.022800 2.022798 2.022790 2.022769 2.022710 2.022553 2.022151 2.021174 2.018901 2.013872 2.003295 1.982194 1.942370 1.871482 1.752915 1.567461 1.297833 0.936203 0.492727 0.000000 
50.000000 40.004644 30.663687 22.503241 15.834683 10.732804 7.074362 4.612277 3.054914 2.127561 1.606857 1.330694 1.192110 1.126195 1.096430 1.083649 1.078421 1.076381 1.075620 1.075349 1.075256 1.075226 1.075216 1.075214 1.075213 1.075212 1.075212 1.075212 1.075212 1.075212 1.075212 1.075210 1.075206 1.075193 1.075157 1.075062 1.074822 1.074239 1.072893 1.069939 1.063780 1.051620 1.028936 0.989085 0.923397 0.822257 0.677574 0.486498 0.255139 0.000000 
50.000000 39.895777 30.453102 22.203833 15.462737 10.305409 6.607247 4.118464 2.544237 1.606857 1.080533 0.801395 0.661320 0.594698 0.564615 0.551697 0.546413 0.544351 0.543583 0.543309 0.543215 0.543184 0.543175 0.543172 0.543171 0.543171 0.543171 0.543171 0.543170 0.543170 0.543170 0.543169 0.543167 0.543159 0.543139 0.543086 0.542952 0.542628 0.541886 0.540267 0.536918 0.530365 0.518264 0.497239 0.462998 0.410940 0.337408 0.241428 0.126294 0.000000 
50.000000 39.838019 30.341382 22.044996 15.265428 10.078697 6.359479 3.856547 2.273385 1.330694 0.801395 0.520683 0.379820 0.312824 0.282572 0.269581 0.264268 0.262195 0.261422 0.261147 0.261053 0.261022 0.261012 0.261009 0.261008 0.261008 0.261008 0.261008 0.261008 0.261008 0.261008 0.261007 0.261006 0.261002 0.260991 0.260964 0.260893 0.260725 0.260341 0.259509 0.257801 0.254484 0.248410 0.237956 0.221099 0.195733 0.160261 0.114376 0.059720 0.000000 
50.000000 39.809025 30.285301 21.965266 15.166392 9.964909 6.235128 3.725101 2.137461 1.192110 0.661320 0.379820 0.238562 0.171379 0.141043 0.128017 0.122689 0.120610 0.119835 0.119559 0.119465 0.119434 0.119424 0.119421 0.119420 0.119420 0.119420 0.119420 0.119420 0.119420 0.119420 0.119419 0.119419 0.119417 0.119412 0.119398 0.119363 0.119281 0.119095 0.118692 0.117871 0.116287 0.113409 0.108494 0.100634 0.088904 0.072633 0.051734 0.026974 0.000000 
50.000000 39.795229 30.258618 21.927333 15.119276 9.910778 6.175977 3.662578 2.072810 1.126195 0.594698 0.312824 0.171379 0.104108 0.073732 0.060688 0.055354 0.053272 0.052496 0.052219 0.052125 0.052094 0.052084 0.052081 0.052080 0.052080 0.052080 0.052080 0.052080 0.052080 0.052080 0.052080 0.052079 0.052079 0.052076 0.052070 0.052054 0.052016 0.051930 0.051747 0.051373 0.050658 0.049366 0.047175 0.043695 0.038538 0.031430 0.022351 0.011641 0.000000 
50.000000 39.788997 30.246565 21.910199 15.097995 9.886330 6.149262 3.634342 2.043614 1.096430 0.564615 0.282572 0.141043 0.073732 0.043338 0.030287 0.024949 0.022866 0.022090 0.021813 0.021718 0.021687 0.021678 0.021675 0.021674 0.021674 0.021673 0.021673 0.021673 0.021673 0.021673 0.021673 0.021673 0.021673 0.021672 0.021669 0.021662 0.021645 0.021608 0.021529 0.021368 0.021062 0.020511 0.019583 0.018117 0.015957 0.012995 0.009230 0.004803 0.000000 
50.000000 39.786320 30.241387 21.902838 15.088854 9.875830 6.137789 3.622216 2.031077 1.083649 0.551697 0.269581 0.128017 0.060688 0.030287 0.017233 0.011893 0.009810 0.009034 0.008757 0.008662 0.008631 0.008621 0.008618 0.008617 0.008617 0.008617 0.008617 0.008617 0.008617 0.008617 0.008617 0.008617 0.008617 0.008616 0.008615 0.008612 0.008605 0.008590 0.008557 0.008492 0.008367 0.008144 0.007769 0.007180 0.006317 0.005139 0.003646 0.001896 0.000000 
50.000000 39.785225 30.239268 21.899827 15.085114 9.871534 6.133095 3.617256 2.025949 1.078421 0.546413 0.264268 0.122689 0.055354 0.024949 0.011893 0.006554 0.004470 0.003693 0.003416 0.003322 0.003291 0.003281 0.003278 0.003277 0.003277 0.003277 0.003277 0.003277 0.003277 0.003277 0.003277 0.003277 0.003277 0.003277 0.003276 0.003275 0.003272 0.003266 0.003254 0.003228 0.003179 0.003093 0.002949 0.002723 0.002394 0.001945 0.001379 0.000717 0.000000 
50.000000 39.784797 30.238441 21.898651 15.083654 9.869857 6.131264 3.615320 2.023948 1.076381 0.544351 0.262195 0.120610 0.053272 0.022866 0.009810 0.004470 0.002387 0.001610 0.001333 0.001238 0.001207 0.001197 0.001194 0.001194 0.001193 0.001193 0.001193 0.001193 0.001193 0.001193 0.001193 0.001193 0.001193 0.001193 0.001193 0.001193 0.001192 0.001189 0.001185 0.001175 0.001157 0.001125 0.001072 0.000989 0.000869 0.000706 0.000500 0.000260 0.000000 
50.000000 39.784638 30.238133 21.898213 15.083110 9.869232 6.130581 3.614599 2.023201 1.075620 0.543583 0.261422 0.119835 0.052496 0.022090 0.009034 0.003693 0.001610 0.000833 0.000556 0.000462 0.000431 0.000421 0.000418 0.000417 0.000417 0.000417 0.000417 0.000417 0.000417 0.000417 0.000417 0.000417 0.000417 0.000417 0.000417 0.000416 0.000416 0.000415 0.000413 0.000410 0.000404 0.000393 0.000374 0.000345 0.000303 0.000246 0.000174 0.000090 0.000000 
50.000000 39.784581 30.238023 21.898057 15.082916 9.869009 6.130337 3.614341 2.022935 1.075349 0.543309 0.261147 0.119559 0.052219 0.021813 0.008757 0.003416 0.001333 0.000556 0.000279 0.000185 0.000154 0.000144 0.000141 0.000140 0.000140 0.000140 0.000140 0.000140 0.000140 0.000140 0.000140 0.000140 0.000140 0.000140 0.000140 0.000140 0.000139 0.000139 0.000139 0.000137 0.000135 0.000131 0.000125 0.000115 0.000101 0.000082 0.000058 0.000030 0.000000 
50.000000 39.784561 30.237985 21.898003 15.082849 9.868933 6.130254 3.614253 2.022844 1.075256 0.543215 0.261053 0.119465 0.052125 0.021718 0.008662 0.003322 0.001238 0.000462 0.000185 0.000090 0.000059 0.000049 0.000046 0.000045 0.000045 0.000045 0.000045 0.000045 0.000045 0.000045 0.000045 0.000045 0.000045 0.000045 0.000045 0.000045 0.000045 0.000045 0.000045 0.000044 0.000044 0.000042 0.000040 0.000037 0.000033 0.000026 0.000019 0.000010 0.000000 
50.000000 39.784555 30.237973 21.897986 15.082828 9.868908 6.130227 3.614224 2.022815 1.075226 0.543184 0.261022 0.119434 0.052094 0.021687 0.008631 0.003291 0.001207 0.000431 0.000154 0.000059 0.000028 0.000018 0.000015 0.000014 0.000014 0.000014 0.000014 0.000014 0.000014 0.000014 0.000014 0.000014 0.000014 0.000014 0.000014 0.000014 0.000014 0.000014 0.000014 0.000014 0.000013 0.000013 0.000012 0.000011 0.000010 0.000008 0.000006 0.000003 0.000000 
50.000000 39.784553 30.237969 21.897980 15.082821 9.868900 6.130218 3.614215 2.022805 1.075216 0.543175 0.261012 0.119424 0.052084 0.021678 0.008621 0.003281 0.001197 0.000421 0.000144 0.000049 0.000018 0.000008 0.000005 0.000004 0.000004 0.000004 0.000004 0.000004 0.000004 0.000004 0.000004 0.000004 0.000004 0.000004 0.000004 0.000004 0.000004 0.000004 0.000004 0.000004 0.000004 0.000004 0.000004 0.000003 0.000003 0.000002 0.000002 0.000001 0.000000 
50.000000 39.784552 30.237967 21.897978 15.082819 9.868897 6.130216 3.614212 2.022802 1.075214 0.543172 0.261009 0.119421 0.052081 0.021675 0.008618 0.003278 0.001195 0.000418 0.000141 0.000046 0.000015 0.000005 0.000002 0.000002 0.000001 0.000001 0.000001 0.000001 0.000001 0.000001 0.000001 0.000001 0.000001 0.000001 0.000001 0.000001 0.000001 0.000001 0.000001 0.000001 0.000001 0.000001 0.000001 0.000001 0.000001 0.000001 0.000001 0.000000 0.000000 
50.000000 39.784552 30.237967 21.897978 15.082818 9.868897 6.130215 3.614212 2.022802 1.075213 0.543171 0.261008 0.119420 0.052080 0.021674 0.008617 0.003277 0.001194 0.000417 0.000140 0.000045 0.000014 0.000005 0.000002 0.000001 0.000001 0.000000 0.000000 0.000000 0.000000 0.000000 0.000000 0.000000 0.000000 0.000000 0.000000 0.000000 0.000000 0.000000 0.000000 0.000000 0.000000 0.000000 0.000000 0.000000 0.000000 0.000000 0.000000 0.000000 0.000000 
50.000000 39.784552 30.237967 21.897978 15.082818 9.868897 6.130215 3.614212 2.022802 1.075213 0.543171 0.261008 0.119420 0.052080 0.021674 0.008617 0.003277 0.001194 0.000417 0.000140 0.000045 0.000014 0.000005 0.000002 0.000001 0.000001 0.000000 0.000000 0.000000 0.000000 0.000000 0.000000 0.000000 0.000000 0.000000 0.000000 0.000000 0.000000 0.000000 0.000000 0.000000 0.000000 0.000000 0.000000 0.000000 0.000000 0.000000 0.000000 0.000000 0.000000 
50.000000 39.784552 30.237967 21.897978 15.082819 9.868897 6.130216 3.614212 2.022802 1.075214 0.543172 0.261009 0.119421 0.052081 0.021675 0.008618 0.003278 0.001195 0.000418 0.000141 0.000046 0.000015 0.000005 0.000002 0.000002 0.000001 0.000001 0.000001 0.000001 0.000001 0.000001 0.000001 0.000001 0.000001 0.000001 0.000001 0.000001 0.000001 0.000001 0.000001 0.000001 0.000001 0.000001 0.000001 0.000001 0.000001 0.000001 0.000001 0.000000 0.000000 
50.000000 39.784553 30.237969 21.897980 15.082821 9.868900 6.130218 3.614215 2.022805 1.075216 0.543175 0.261012 0.119424 0.052084 0.021678 0.008621 0.003281 0.001197 0.000421 0.000144 0.000049 0.000018 0.000008 0.000005 0.000004 0.000004 0.000004 0.000004 0.000004 0.000004 0.000004 0.000004 0.000004 0.000004 0.000004 0.000004 0.000004 0.000004 0.000004 0.000004 0.000004 0.000004 0.000004 0.000004 0.000003 0.000003 0.000002 0.000002 0.000001 0.000000 
50.000000 39.784555 30.237973 21.897986 15.082828 9.868908 6.130227 3.614224 2.022815 1.075226 0.543184 0.261022 0.119434 0.052094 0.021687 0.008631 0.003291 0.001207 0.000431 0.000154 0.000059 0.000028 0.000018 0.000015 0.000014 0.000014 0.000014 0.000014 0.000014 0.000014 0.000014 0.000014 0.000014 0.000014 0.000014 0.000014 0.000014 0.000014 0.000014 0.000014 0.000014 0.000013 0.000013 0.000012 0.000011 0.000010 0.000008 0.000006 0.000003 0.000000 
50.000000 39.784561 30.237985 21.898003 15.082849 9.868933 6.130254 3.614253 2.022844 1.075256 0.543215 0.261053 0.119465 0.052125 0.021718 0.008662 0.003322 0.001238 0.000462 0.000185 0.000090 0.000059 0.000049 0.000046 0.000045 0.000045 0.000045 0.000045 0.000045 0.000045 0.000045 0.000045 0.000045 0.000045 0.000045 0.000045 0.000045 0.000045 0.000045 0.000045 0.000044 0.000044 0.000042 0.000040 0.000037 0.000033 0.000026 0.000019 0.000010 0.000000 
50.000000 39.784581 30.238023 21.898057 15.082916 9.869009 6.130337 3.614341 2.022935 1.075349 0.543309 0.261147 0.119559 0.052219 0.021813 0.008757 0.003416 0.001333 0.000556 0.000279 0.000185 0.000154 0.000144 0.000141 0.000140 0.000140 0.000140 0.000140 0.000140 0.000140 0.000140 0.000140 0.000140 0.000140 0.000140 0.000140 0.000140 0.000139 0.000139 0.000139 0.000137 0.000135 0.000131 0.000125 0.000115 0.000101 0.000082 0.000058 0.000030 0.000000 
50.000000 39.784638 30.238133 21.898213 15.083110 9.869232 6.130581 3.614599 2.023201 1.075620 0.543583 0.261422 0.119835 0.052496 0.022090 0.009034 0.003693 0.001610 0.000833 0.000556 0.000462 0.000431 0.000421 0.000418 0.000417 0.000417 0.000417 0.000417 0.000417 0.000417 0.000417 0.000417 0.000417 0.000417 0.000417 0.000417 0.000416 0.000416 0.000415 0.000413 0.000410 0.000404 0.000393 0.000374 0.000345 0.000303 0.000246 0.000174 0.000090 0.000000 
50.000000 39.784797 30.238441 21.898651 15.083654 9.869857 6.131264 3.615320 2.023948 1.076381 0.544351 0.262195 0.120610 0.053272 0.022866 0.009810 0.004470 0.002387 0.001610 0.001333 0.001238 0.001207 0.001197 0.001194 0.001194 0.001193 0.001193 0.001193 0.001193 0.001193 0.001193 0.001193 0.001193 0.001193 0.001193 0.001193 0.001193 0.001192 0.001189 0.001185 0.001175 0.001157 0.001125 0.001072 0.000989 0.000869 0.000706 0.000500 0.000260 0.000000 
50.000000 39.785225 30.239268 21.899827 15.085114 9.871534 6.133095 3.617256 2.025949 1.078421 0.546413 0.264268 0.122689 0.055354 0.024949 0.011893 0.006554 0.004470 0.003693 0.003416 0.003322 0.003291 0.003281 0.003278 0.003277 0.003277 0.003277 0.003277 0.003277 0.003277 0.003277 0.003277 0.003277 0.003277 0.003277 0.003276 0.003275 0.003272 0.003266 0.003254 0.003228 0.003179 0.003093 0.002949 0.002723 0.002394 0.001945 0.001379 0.000717 0.000000 
50.000000 39.786320 30.241387 21.902838 15.088854 9.875830 6.137789 3.622216 2.031077 1.083649 0.551697 0.269581 0.128017 0.060688 0.030287 0.017233 0.011893 0.009810 0.009034 0.008757 0.008662 0.008631 0.008621 0.008618 0.008617 0.008617 0.008617 0.008617 0.008617 0.008617 0.008617 0.008617 0.008617 0.008617 0.008616 0.008615 0.008612 0.008605 0.008590 0.008557 0.008492 0.008367 0.008144 0.007769 0.007180 0.006317 0.005139 0.003646 0.001896 0.000000 
50.000000 39.788997 30.246565 21.910199 15.097995 9.886330 6.149262 3.634342 2.043614 1.096430 0.564615 0.282572 0.141043 0.073732 0.043338 0.030287 0.024949 0.022866 0.022090 0.021813 0.021718 0.021687 0.021678 0.021675 0.021674 0.021674 0.021673 0.021673 0.021673 0.021673 0.021673 0.021673 0.021673 0.021673 0.021672 0.021669 0.021662 0.021645 0.021608 0.021529 0.021368 0.021062 0.020511 0.019583 0.018117 0.015957 0.012995 0.009230 0.004803 0.000000 
50.000000 39.795229 30.258618 21.927333 15.119276 9.910778 6.175977 3.662578 2.072810 1.126195 0.594698 0.312824 0.171379 0.104108 0.073732 0.060688 0.055354 0.053272 0.052496 0.052219 0.052125 0.052094 0.052084 0.052081 0.052080 0.052080 0.052080 0.052080 0.052080 0.052080 0.052080 0.052080 0.052079 0.052079 0.052076 0.052070 0.052054 0.052016 0.051930 0.051747 0.051373 0.050658 0.049366 0.047175 0.043695 0.038538 0.031430 0.022351 0.011641 0.000000 
50.000000 39.809025 30.285301 21.965266 15.166392 9.964909 6.235128 3.725101 2.137461 1.192110 0.661320 0.379820 0.238562 0.171379 0.141043 0.128017 0.122689 0.120610 0.119835 0.119559 0.119465 0.119434 0.119424 0.119421 0.119420 0.119420 0.119420 0.119420 0.119420 0.119420 0.119420 0.119419 0.119419 0.119417 0.119412 0.119398 0.119363 0.119281 0.119095 0.118692 0.117871 0.116287 0.113409 0.108494 0.100634 0.088904 0.072633 0.051734 0.026974 0.000000 
50.000000 39.838019 30.341382 22.044996 15.265428 10.078697 6.359479 3.856547 2.273385 1.330694 0.801395 0.520683 0.379820 0.312824 0.282572 0.269581 0.264268 0.262195 0.261422 0.261147 0.261053 0.261022 0.261012 0.261009 0.261008 0.261008 0.261008 0.261008 0.261008 0.261008 0.261008 0.261007 0.261006 0.261002 0.260991 0.260964 0.260893 0.260725 0.260341 0.259509 0.257801 0.254484 0.248410 0.237956 0.221099 0.195733 0.160261 0.114376 0.059720 0.000000 
50.000000 39.895777 30.453102 22.203833 15.462737 10.305409 6.607247 4.118464 2.544237 1.606857 1.080533 0.801395 0.661320 0.594698 0.564615 0.551697 0.546413 0.544351 0.543583 0.543309 0.543215 0.543184 0.543175 0.543172 0.543171 0.543171 0.543171 0.543171 0.543170 0.543170 0.543170 0.543169 0.543167 0.543159 0.543139 0.543086 0.542952 0.542628 0.541886 0.540267 0.536918 0.530365 0.518264 0.497239 0.462998 0.410940 0.337408 0.241428 0.126294 0.000000 
50.000000 40.004644 30.663687 22.503241 15.834683 10.732804 7.074362 4.612277 3.054914 2.127561 1.606857 1.330694 1.192110 1.126195 1.096430 1.083649 1.078421 1.076381 1.075620 1.075349 1.075256 1.075226 1.075216 1.075214 1.075213 1.075212 1.075212 1.075212 1.075212 1.075212 1.075212 1.075210 1.075206 1.075193 1.075157 1.075062 1.074822 1.074239 1.072893 1.069939 1.063780 1.051620 1.028936 0.989085 0.923397 0.822257 0.677574 0.486498 0.255139 0.000000 
50.000000 40.198475 31.038626 23.036346 16.496974 11.493865 7.906190 5.491687 3.964388 3.054914 2.544237 2.273385 2.137461 2.072810 2.043614 2.031077 2.025949 2.023948 2.023201 2.022935 2.022844 2.022815 2.022805 2.022802 2.022802 2.022801 2.022801 2.022801 2.022801 2.022801 2.022800 2.022798 2.022790 2.022769 2.022710 2.022553 2.022151 2.021174 2.018901 2.013872 2.003295 1.982194 1.942370 1.871482 1.752915 1.567461 1.297833 0.936203 0.492727 0.000000 
50.000000 40.523896 31.668124 23.931426 17.609000 12.771787 9.303002 6.968452 5.491687 4.612277 4.118464 3.856547 3.725101 3.662578 3.634342 3.622216 3.617256 3.615320 3.614599 3.614341 3.614253 3.614224 3.614215 3.614212 3.614212 3.614211 3.614211 3.614211 3.614211 3.614211 3.614210 3.614206 3.614195 3.614163 3.614072 3.613831 3.613211 3.611692 3.608137 3.600201 3.583342 3.549316 3.484226 3.366541 3.166183 2.846572 2.372068 1.722316 0.911156 0.000000 
50.000000 41.038237 32.663091 25.346204 19.366751 14.791847 11.511079 9.303002 7.906190 7.074362 6.607247 6.359479 6.235128 6.175977 6.149262 6.137789 6.133095 6.131264 6.130581 6.130337 6.130254 6.130227 6.130218 6.130216 6.130215 6.130215 6.130214 6.130214 6.130214 6.130214 6.130212 6.130207 6.130192 6.130147 6.130020 6.129679 6.128801 6.126634 6.121522 6.110008 6.085277 6.034708 5.936461 5.755540 5.440839 4.926304 4.141248 3.035306 1.618500 0.000000 
50.000000 41.802337 34.141228 27.448073 21.978244 17.793155 14.791847 12.771787 11.493865 10.732804 10.305409 10.078697 9.964909 9.910778 9.886330 9.875830 9.871534 9.869857 9.869232 9.869009 9.868933 9.868908 9.868900 9.868897 9.868897 9.868897 9.868896 9.868896 9.868896 9.868896 9.868894 9.868887 9.868868 9.868810 9.868649 9.868213 9.867083 9.864275 9.857598 9.842411 9.809407 9.740949 9.605604 9.351008 8.896578 8.130299 6.918405 5.142329 2.777298 0.000000 
50.000000 42.867715 36.202211 30.378797 25.619656 21.978244 19.366751 17.609000 16.496974 15.834683 15.462737 15.265428 15.166392 15.119276 15.097995 15.088854 15.085114 15.083654 15.083110 15.082916 15.082849 15.082828 15.082821 15.082819 15.082818 15.082818 15.082818 15.082818 15.082818 15.082817 15.082815 15.082807 15.082785 15.082720 15.082537 15.082038 15.080738 15.077487 15.069695 15.051797 15.012426 14.929513 14.762427 14.440447 13.847945 12.809828 11.088599 8.421151 4.649639 0.000000 
50.000000 44.260036 38.895701 34.209018 30.378797 27.448073 25.346204 23.931426 23.036346 22.503241 22.203833 22.044996 21.965266 21.927333 21.910199 21.902838 21.899827 21.898651 21.898213 21.898057 21.898003 21.897986 21.897980 21.897978 21.897978 21.897978 21.897978 21.897978 21.897977 21.897977 21.897975 21.897967 21.897946 21.897881 21.897699 21.897203 21.895903 21.892633 21.884735 21.866425 21.825666 21.738513 21.559358 21.204956 20.529668 19.290198 17.104509 13.436547 7.727051 0.000000 
50.000000 45.963651 42.191427 38.895701 36.202211 34.141228 32.663091 31.668124 31.038626 30.663687 30.453102 30.341382 30.285301 30.258618 30.246565 30.241387 30.239268 30.238441 30.238133 30.238023 30.237985 30.237973 30.237969 30.237967 30.237967 30.237967 30.237967 30.237967 30.237967 30.237966 30.237964 30.237959 30.237941 30.237889 30.237740 30.237334 30.236266 30.233567 30.227006 30.211674 30.177189 30.102422 29.945808 29.627786 28.998900 27.781059 25.459153 21.095714 13.133312 0.000000 
50.000000 47.913564 45.963651 44.260036 42.867715 41.802337 41.038237 40.523896 40.198475 40.004644 39.895777 39.838019 39.809025 39.795229 39.788997 39.786320 39.785225 39.784797 39.784638 39.784581 39.784561 39.784555 39.784553 39.784552 39.784552 39.784552 39.784552 39.784552 39.784552 39.784551 39.784550 39.784547 39.784537 39.784508 39.784424 39.784194 39.783588 39.782051 39.778299 39.769483 39.749505 39.705748 39.612740 39.419737 39.025040 38.218076 36.532985 32.830339 23.956782 0.000000 
50.000000 50.000000 50.000000 50.000000 50.000000 50.000000 50.000000 50.000000 50.000000 50.000000 50.000000 50.000000 50.000000 50.000000 50.000000 50.000000 50.000000 50.000000 50.000000 50.000000 50.000000 50.000000 50.000000 50.000000 50.000000 50.000000 50.000000 50.000000 50.000000 50.000000 50.000000 50.000000 50.000000 50.000000 50.000000 50.000000 50.000000 50.000000 50.000000 50.000000 50.000000 50.000000 50.000000 50.000000 50.000000 50.000000 50.000000 50.000000 50.000000 50.000000 
