50.000000 50.000000 50.000000 50.000000 50.000000 50.000000 50.000000 50.000000 50.000000 50.000000 50.000000 50.000000 50.000000 50.000000 50.000000 50.000000 50.000000 50.000000 50.000000 50.000000 50.000000 50.000000 50.000000 50.000000 50.000000 50.000000 50.000000 50.000000 50.000000 50.000000 50.000000 50.000000 50.000000 50.000000 50.000000 50.000000 50.000000 50.000000 50.000000 50.000000 50.000000 50.000000 50.000000 50.000000 50.000000 50.000000 50.000000 50.000000 50.000000 50.000000 
50.000000 48.989906 48.011842 47.094793 46.262137 45.529940 44.906298 44.391714 43.980309 43.661545 43.422127 43.247768 43.124612 43.040217 42.984090 42.947853 42.925132 42.911293 42.903100 42.898385 42.895746 42.894308 42.893546 42.893152 42.892952 42.892849 42.892790 42.892742 42.892675 42.892552 42.892313 42.891845 42.890942 42.889240 42.886093 42.880394 42.870270 42.852613 42.822327 42.771138 42.685650 42.544043 42.310167 41.922150 41.268442 40.132141 38.046928 33.880550 24.494953 0.000000 
50.000000 48.011842 46.086728 44.281712 42.642808 41.201637 39.974134 38.961291 38.151533 37.524120 37.052882 36.709699 36.467298 36.301188 36.190718 36.119395 36.074676 36.047437 36.031312 36.022032 36.016838 36.014009 36.012508 36.011733 36.011339 36.011137 36.011022 36.010929 36.010801 36.010570 36.010119 36.009235 36.007536 36.004335 35.998428 35.987750 35.968829 35.935928 35.879720 35.785206 35.628450 35.371271 34.952336 34.271530 33.161232 31.331729 28.267147 23.043364 14.131292 0.000000 
50.000000 47.094793 44.281712 41.644127 39.249276 37.143368 35.349688 33.869681 32.686435 31.769642 31.081060 30.579596 30.225398 29.982679 29.821261 29.717046 29.651704 29.611903 29.588342 29.574783 29.567194 29.563060 29.560869 29.559735 29.559160 29.558867 29.558701 29.558569 29.558393 29.558078 29.557462 29.556261 29.553955 29.549620 29.541642 29.527265 29.501886 29.457967 29.383383 29.258938 29.054621 28.723932 28.195192 27.358119 26.043262 23.992193 20.822063 16.014565 9.047865 0.000000 
50.000000 46.262137 42.642808 39.249276 36.168056 33.458597 31.150858 29.246698 27.724354 26.544830 25.658922 25.013759 24.558066 24.245798 24.038129 23.904055 23.819992 23.768788 23.738478 23.721034 23.711271 23.705954 23.703134 23.701677 23.700938 23.700562 23.700353 23.700191 23.699982 23.699612 23.698895 23.697498 23.694823 23.689809 23.680612 23.664106 23.635112 23.585238 23.501173 23.362226 23.136828 22.777660 22.215007 21.348107 20.035004 18.084028 15.257084 11.311079 6.129996 0.000000 
50.000000 45.529940 41.201637 37.143368 33.458597 30.218419 27.458658 25.181539 23.361031 21.950496 20.891090 20.119583 19.574655 19.201242 18.952912 18.792587 18.692067 18.630840 18.594597 18.573739 18.562065 18.555707 18.552336 18.550594 18.549712 18.549265 18.549020 18.548838 18.548612 18.548220 18.547464 18.545997 18.543198 18.537969 18.528415 18.511349 18.481543 18.430621 18.345507 18.206270 17.983284 17.633630 17.096895 16.290928 15.109209 13.423594 11.100106 8.040405 4.261498 0.000000 
50.000000 44.906298 39.974134 35.349688 31.150858 27.458658 24.313913 21.719151 19.644707 18.037434 16.830275 15.951174 15.330257 14.904777 14.621824 14.439149 14.324617 14.254856 14.213562 14.189798 14.176497 14.169254 14.165414 14.163429 14.162425 14.161919 14.161646 14.161453 14.161225 14.160839 14.160102 14.158678 14.155969 14.150928 14.141758 14.125464 14.097180 14.049210 13.969731 13.841081 13.637679 13.323682 12.850785 12.156956 11.167730 9.802751 7.991569 5.702604 2.984148 0.000000 
50.000000 44.391714 38.961291 33.869681 29.246698 25.181539 21.719151 18.862315 16.578365 14.808780 13.479727 12.511868 11.828267 11.359837 11.048326 10.847216 10.721127 10.644329 10.598869 10.572709 10.558067 10.550093 10.545866 10.543682 10.542579 10.542025 10.541732 10.541534 10.541316 10.540959 10.540284 10.538987 10.536530 10.531976 10.523731 10.509160 10.484026 10.441716 10.372227 10.260913 10.087076 9.822617 9.431157 8.868366 8.084644 7.031691 5.674489 4.008954 2.081547 0.000000 
50.000000 43.980309 38.151533 32.686435 27.724354 23.361031 19.644707 16.578365 14.126938 12.227609 10.801122 9.762318 9.028615 8.525861 8.191527 7.975685 7.840362 7.757940 7.709152 7.681077 7.665364 7.656807 7.652271 7.649928 7.648745 7.648154 7.647847 7.647651 7.647451 7.647137 7.646552 7.645435 7.643328 7.639439 7.632433 7.620118 7.599011 7.563740 7.506305 7.415209 7.274577 7.063469 6.755748 6.321025 5.727400 4.946694 3.962504 2.780262 1.436266 0.000000 
50.000000 43.661545 37.524120 31.769642 26.544830 21.950496 18.037434 14.808780 12.227609 10.227768 8.725806 7.632048 6.859540 6.330199 5.978190 5.750939 5.608466 5.521689 5.470326 5.440768 5.424225 5.415217 5.410442 5.407976 5.406733 5.406114 5.405798 5.405607 5.405428 5.405163 5.404681 5.403766 5.402047 5.398890 5.393228 5.383332 5.366474 5.338504 5.293326 5.222331 5.113884 4.953032 4.721704 4.399755 3.967212 3.408002 2.715021 1.895670 0.975894 0.000000 
50.000000 43.422127 37.052882 31.081060 25.658922 20.891090 16.830275 13.479727 10.801122 8.725806 7.167169 6.032150 5.230506 4.681206 4.315928 4.080114 3.932272 3.842228 3.788931 3.758261 3.741096 3.731749 3.726795 3.724237 3.722948 3.722309 3.721988 3.721803 3.721647 3.721432 3.721051 3.720334 3.718996 3.716548 3.712179 3.704582 3.691718 3.670517 3.636533 3.583585 3.503475 3.385913 3.218814 2.989194 2.684820 2.296697 1.822123 1.267676 0.650988 0.000000 
50.000000 43.247768 36.709699 30.579596 25.013759 20.119583 15.951174 12.511868 9.762318 7.632048 6.032150 4.867091 4.044237 3.480409 3.105473 2.863426 2.711679 2.619257 2.564553 2.533073 2.515456 2.505863 2.500779 2.498154 2.496832 2.496179 2.495854 2.495677 2.495542 2.495372 2.495083 2.494545 2.493546 2.491727 2.488496 2.482906 2.473494 2.458080 2.433545 2.395616 2.338723 2.256012 2.139641 1.981444 1.774076 1.512586 1.196213 0.829980 0.425441 0.000000 
50.000000 43.124612 36.467298 30.225398 24.558066 19.574655 15.330257 11.828267 9.028615 6.859540 5.230506 4.044237 3.206409 2.632325 2.250571 2.004125 1.849621 1.755521 1.699824 1.667774 1.649837 1.640070 1.634894 1.632222 1.630877 1.630214 1.629889 1.629718 1.629601 1.629470 1.629257 1.628869 1.628153 1.626854 1.624558 1.620605 1.613984 1.603205 1.586157 1.559988 1.521036 1.464875 1.386551 1.281047 1.144034 0.972828 0.767431 0.531370 0.271999 0.000000 
50.000000 43.040217 36.301188 29.982679 24.245798 19.201242 14.904777 11.359837 8.525861 6.330199 4.681206 3.480409 2.632325 2.051215 1.664793 1.415335 1.258943 1.163694 1.107318 1.074877 1.056721 1.046836 1.041597 1.038893 1.037532 1.036863 1.036537 1.036372 1.036269 1.036169 1.036017 1.035747 1.035252 1.034360 1.032788 1.030095 1.025608 1.018341 1.006915 0.989489 0.963725 0.926850 0.875812 0.807598 0.719699 0.610686 0.480793 0.332359 0.169947 0.000000 
50.000000 42.984090 36.190718 29.821261 24.038129 18.952912 14.621824 11.048326 8.191527 5.978190 4.315928 3.105473 2.250571 1.664793 1.275267 1.023807 0.866162 0.770150 0.713322 0.680621 0.662321 0.652356 0.647075 0.644350 0.642979 0.642306 0.641980 0.641820 0.641728 0.641651 0.641545 0.641363 0.641033 0.640441 0.639404 0.637634 0.634697 0.629966 0.622567 0.611346 0.594858 0.571409 0.539166 0.496360 0.441563 0.374024 0.293997 0.202968 0.103696 0.000000 
50.000000 42.947853 36.119395 29.717046 23.904055 18.792587 14.439149 10.847216 7.975685 5.750940 4.080114 2.863426 2.004125 1.415335 1.023808 0.771056 0.612602 0.516098 0.458979 0.426111 0.407717 0.397701 0.392394 0.389655 0.388277 0.387601 0.387276 0.387119 0.387035 0.386974 0.386901 0.386782 0.386569 0.386190 0.385529 0.384404 0.382547 0.379567 0.374931 0.367935 0.357712 0.343252 0.323485 0.297391 0.264173 0.223443 0.175405 0.120968 0.061760 0.000000 
50.000000 42.925132 36.074676 29.651704 23.819992 18.692067 14.324617 10.721128 7.840362 5.608466 3.932273 2.711680 1.849622 1.258944 0.866163 0.612603 0.453642 0.356829 0.299528 0.266555 0.248102 0.238055 0.232731 0.229983 0.228602 0.227924 0.227599 0.227444 0.227366 0.227317 0.227266 0.227190 0.227057 0.226822 0.226414 0.225722 0.224585 0.222768 0.219953 0.215726 0.209577 0.200924 0.189152 0.173690 0.154099 0.130183 0.102084 0.070341 0.035893 0.000000 
50.000000 42.911293 36.047437 29.611904 23.768789 18.630841 14.254857 10.644330 7.757941 5.521691 3.842230 2.619259 1.755523 1.163696 0.770151 0.516099 0.356830 0.259830 0.202417 0.169381 0.150893 0.140826 0.135492 0.132739 0.131355 0.130677 0.130352 0.130198 0.130124 0.130082 0.130046 0.129998 0.129917 0.129776 0.129532 0.129120 0.128445 0.127371 0.125714 0.123235 0.119645 0.114614 0.107801 0.098889 0.087644 0.073966 0.057949 0.039901 0.020351 0.000000 
50.000000 42.903101 36.031313 29.588344 23.738480 18.594599 14.213565 10.598872 7.709156 5.470329 3.788934 2.564556 1.699828 1.107321 0.713325 0.458982 0.299531 0.202420 0.144942 0.111868 0.093359 0.083281 0.077940 0.075184 0.073799 0.073120 0.072795 0.072643 0.072571 0.072533 0.072507 0.072477 0.072429 0.072346 0.072205 0.071967 0.071578 0.070962 0.070015 0.068604 0.066567 0.063724 0.059888 0.054890 0.048604 0.040984 0.032085 0.022079 0.011257 0.000000 
50.000000 42.898386 36.022035 29.574787 23.721040 18.573745 14.189805 10.572716 7.681085 5.440776 3.758270 2.533082 1.667783 1.074886 0.680630 0.426120 0.266564 0.169389 0.111873 0.078778 0.060256 0.050172 0.044828 0.042070 0.040684 0.040005 0.039680 0.039528 0.039458 0.039424 0.039403 0.039383 0.039355 0.039308 0.039229 0.039095 0.038878 0.038535 0.038009 0.037228 0.036104 0.034541 0.032440 0.029710 0.026288 0.022150 0.017329 0.011919 0.006075 0.000000 
50.000000 42.895749 36.016844 29.567203 23.711283 18.562080 14.176514 10.558085 7.665383 5.424246 3.741117 2.515478 1.649859 1.056744 0.662343 0.407739 0.248124 0.150914 0.093377 0.060270 0.041741 0.031653 0.026307 0.023548 0.022162 0.021483 0.021158 0.021007 0.020937 0.020905 0.020887 0.020874 0.020857 0.020831 0.020788 0.020715 0.020597 0.020411 0.020127 0.019706 0.019103 0.018266 0.017144 0.015691 0.013875 0.011683 0.009135 0.006281 0.003200 0.000000 
50.000000 42.894316 36.014024 29.563083 23.705983 18.555742 14.169293 10.550136 7.656853 5.415265 3.731799 2.505914 1.640122 1.046888 0.652409 0.397754 0.238107 0.140878 0.083330 0.050215 0.031684 0.021594 0.016246 0.013487 0.012100 0.011421 0.011097 0.010945 0.010876 0.010845 0.010829 0.010819 0.010810 0.010795 0.010772 0.010733 0.010671 0.010572 0.010422 0.010201 0.009885 0.009447 0.008863 0.008107 0.007164 0.006029 0.004712 0.003238 0.001650 0.000000 
50.000000 42.893564 36.012544 29.560920 23.703201 18.552416 14.165503 10.545965 7.652376 5.410553 3.726909 2.500895 1.635012 1.041716 0.647196 0.392514 0.232851 0.135611 0.078057 0.044940 0.026406 0.016315 0.010967 0.008208 0.006821 0.006141 0.005817 0.005666 0.005597 0.005566 0.005552 0.005544 0.005537 0.005529 0.005517 0.005497 0.005464 0.005413 0.005335 0.005220 0.005056 0.004830 0.004529 0.004141 0.003657 0.003076 0.002403 0.001651 0.000841 0.000000 
50.000000 42.893193 36.011813 29.559852 23.701826 18.550772 14.163631 10.543903 7.650164 5.408224 3.724493 2.498415 1.632488 1.039161 0.644620 0.389925 0.230254 0.133009 0.075452 0.042333 0.023798 0.013707 0.008359 0.005599 0.004212 0.003533 0.003208 0.003057 0.002988 0.002958 0.002944 0.002937 0.002933 0.002928 0.002921 0.002910 0.002892 0.002864 0.002823 0.002761 0.002673 0.002553 0.002393 0.002186 0.001930 0.001623 0.001267 0.000870 0.000443 0.000000 
50.000000 42.893041 36.011515 29.559416 23.701266 18.550102 14.162868 10.543064 7.649263 5.407275 3.723509 2.497405 1.631459 1.038120 0.643571 0.388871 0.229196 0.131949 0.074391 0.041271 0.022736 0.012644 0.007296 0.004536 0.003149 0.002470 0.002145 0.001994 0.001926 0.001895 0.001882 0.001875 0.001871 0.001868 0.001863 0.001856 0.001845 0.001827 0.001800 0.001760 0.001704 0.001626 0.001524 0.001392 0.001228 0.001032 0.000806 0.000553 0.000282 0.000000 
50.000000 42.893041 36.011515 29.559416 23.701266 18.550102 14.162868 10.543064 7.649263 5.407275 3.723509 2.497405 1.631459 1.038120 0.643571 0.388871 0.229196 0.131949 0.074391 0.041271 0.022736 0.012644 0.007296 0.004536 0.003149 0.002470 0.002145 0.001994 0.001926 0.001895 0.001882 0.001875 0.001871 0.001868 0.001863 0.001856 0.001845 0.001827 0.001800 0.001760 0.001704 0.001626 0.001524 0.001392 0.001228 0.001032 0.000806 0.000553 0.000282 0.000000 
50.000000 42.893193 36.011813 29.559852 23.701826 18.550772 14.163631 10.543903 7.650164 5.408224 3.724493 2.498415 1.632488 1.039161 0.644620 0.389925 0.230254 0.133009 0.075452 0.042333 0.023798 0.013707 0.008359 0.005599 0.004212 0.003533 0.003208 0.003057 0.002988 0.002958 0.002944 0.002937 0.002933 0.002928 0.002921 0.002910 0.002892 0.002864 0.002823 0.002761 0.002673 0.002553 0.002393 0.002186 0.001930 0.001623 0.001267 0.000870 0.000443 0.000000 
50.000000 42.893564 36.012544 29.560920 23.703201 18.552416 14.165503 10.545965 7.652376 5.410553 3.726909 2.500895 1.635012 1.041716 0.647196 0.392514 0.232851 0.135611 0.078057 0.044940 0.026406 0.016315 0.010967 0.008208 0.006821 0.006141 0.005817 0.005666 0.005597 0.005566 0.005552 0.005544 0.005537 0.005529 0.005517 0.005497 0.005464 0.005413 0.005335 0.005220 0.005056 0.004830 0.004529 0.004141 0.003657 0.003076 0.002403 0.001651 0.000841 0.000000 
50.000000 42.894316 36.014024 29.563083 23.705983 18.555742 14.169293 10.550136 7.656853 5.415265 3.731799 2.505914 1.640122 1.046888 0.652409 0.397754 0.238107 0.140878 0.083330 0.050215 0.031684 0.021594 0.016246 0.013487 0.012100 0.011421 0.011097 0.010945 0.010876 0.010845 0.010829 0.010819 0.010810 0.010795 0.010772 0.010733 0.010671 0.010572 0.010422 0.010201 0.009885 0.009447 0.008863 0.008107 0.007164 0.006029 0.004712 0.003238 0.001650 0.000000 
50.000000 42.895749 36.016844 29.567203 23.711283 18.562080 14.176514 10.558085 7.665383 5.424246 3.741117 2.515478 1.649859 1.056744 0.662343 0.407739 0.248124 0.150914 0.093377 0.060270 0.041741 0.031653 0.026307 0.023548 0.022162 0.021483 0.021158 0.021007 0.020937 0.020905 0.020887 0.020874 0.020857 0.020831 0.020788 0.020715 0.020597 0.020411 0.020127 0.019706 0.019103 0.018266 0.017144 0.015691 0.013875 0.011683 0.009135 0.006281 0.003200 0.000000 
50.000000 42.898386 36.022035 29.574787 23.721040 18.573745 14.189805 10.572716 7.681085 5.440776 3.758270 2.533082 1.667783 1.074886 0.680630 0.426120 0.266564 0.169389 0.111873 0.078778 0.060256 0.050172 0.044828 0.042070 0.040684 0.040005 0.039680 0.039528 0.039458 0.039424 0.039403 0.039383 0.039355 0.039308 0.039229 0.039095 0.038878 0.038535 0.038009 0.037228 0.036104 0.034541 0.032440 0.029710 0.026288 0.022150 0.017329 0.011919 0.006075 0.000000 
50.000000 42.903101 36.031313 29.588344 23.738480 18.594599 14.213565 10.598872 7.709156 5.470329 3.788934 2.564556 1.699828 1.107321 0.713325 0.458982 0.299531 0.202420 0.144942 0.111868 0.093359 0.083281 0.077940 0.075184 0.073799 0.073120 0.072795 0.072643 0.072571 0.072533 0.072507 0.072477 0.072429 0.072346 0.072205 0.071967 0.071578 0.070962 0.070015 0.068604 0.066567 0.063724 0.059888 0.054890 0.048604 0.040984 0.032085 0.022079 0.011257 0.000000 
50.000000 42.911293 36.047437 29.611904 23.768789 18.630841 14.254857 10.644330 7.757941 5.521691 3.842230 2.619259 1.755523 1.163696 0.770151 0.516099 0.356830 0.259830 0.202417 0.169381 0.150893 0.140826 0.135492 0.132739 0.131355 0.130677 0.130352 0.130198 0.130124 0.130082 0.130046 0.129998 0.129917 0.129776 0.129532 0.129120 0.128445 0.127371 0.125714 0.123235 0.119645 0.114614 0.107801 0.098889 0.087644 0.073966 0.057949 0.039901 0.020351 0.000000 
50.000000 42.925132 36.074676 29.651704 23.819992 18.692067 14.324617 10.721128 7.840362 5.608466 3.932273 2.711680 1.849622 1.258944 0.866163 0.612603 0.453642 0.356829 0.299528 0.266555 0.248102 0.238055 0.232731 0.229983 0.228602 0.227924 0.227599 0.227444 0.227366 0.227317 0.227266 0.227190 0.227057 0.226822 0.226414 0.225722 0.224585 0.222768 0.219953 0.215726 0.209577 0.200924 0.189152 0.173690 0.154099 0.130183 0.102084 0.070341 0.035893 0.000000 
50.000000 42.947853 36.119395 29.717046 23.904055 18.792587 14.439149 10.847216 7.975685 5.750940 4.080114 2.863426 2.004125 1.415335 1.023808 0.771056 0.612602 0.516098 0.458979 0.426111 0.407717 0.397701 0.392394 0.389655 0.388277 0.387601 0.387276 0.387119 0.387035 0.386974 0.386901 0.386782 0.386569 0.386190 0.385529 0.384404 0.382547 0.379567 0.374931 0.367935 0.357712 0.343252 0.323485 0.297391 0.264173 0.223443 0.175405 0.120968 0.061760 0.000000 
50.000000 42.984090 36.190718 29.821261 24.038129 18.952912 14.621824 11.048326 8.191527 5.978190 4.315928 3.105473 2.250571 1.664793 1.275267 1.023807 0.866162 0.770150 0.713322 0.680621 0.662321 0.652356 0.647075 0.644350 0.642979 0.642306 0.641980 0.641820 0.641728 0.641651 0.641545 0.641363 0.641033 0.640441 0.639404 0.637634 0.634697 0.629966 0.622567 0.611346 0.594858 0.571409 0.539166 0.496360 0.441563 0.374024 0.293997 0.202968 0.103696 0.000000 
50.000000 43.040217 36.301188 29.982679 24.245798 19.201242 14.904777 11.359837 8.525861 6.330199 4.681206 3.480409 2.632325 2.051215 1.664793 1.415335 1.258943 1.163694 1.107318 1.074877 1.056721 1.046836 1.041597 1.038893 1.037532 1.036863 1.036537 1.036372 1.036269 1.036169 1.036017 1.035747 1.035252 1.034360 1.032788 1.030095 1.025608 1.018341 1.006915 0.989489 0.963725 0.926850 0.875812 0.807598 0.719699 0.610686 0.480793 0.332359 0.169947 0.000000 
50.000000 43.124612 36.467298 30.225398 24.558066 19.574655 15.330257 11.828267 9.028615 6.859540 5.230506 4.044237 3.206409 2.632325 2.250571 2.004125 1.849621 1.755521 1.699824 1.667774 1.649837 1.640070 1.634894 1.632222 1.630877 1.630214 1.629889 1.629718 1.629601 1.629470 1.629257 1.628869 1.628153 1.626854 1.624558 1.620605 1.613984 1.603205 1.586157 1.559988 1.521036 1.464875 1.386551 1.281047 1.144034 0.972828 0.767431 0.531370 0.271999 0.000000 
50.000000 43.247768 36.709699 30.579596 25.013759 20.119583 15.951174 12.511868 9.762318 7.632048 6.032150 4.867091 4.044237 3.480409 3.105473 2.863426 2.711679 2.619257 2.564553 2.533073 2.515456 2.505863 2.500779 2.498154 2.496832 2.496179 2.495854 2.495677 2.495542 2.495372 2.495083 2.494545 2.493546 2.491727 2.488496 2.482906 2.473494 2.458080 2.433545 2.395616 2.338723 2.256012 2.139641 1.981444 1.774076 1.512586 1.196213 0.829980 0.425441 0.000000 
50.000000 43.422127 37.052882 31.081060 25.658922 20.891090 16.830275 13.479727 10.801122 8.725806 7.167169 6.032150 5.230506 4.681206 4.315928 4.080114 3.932272 3.842228 3.788931 3.758261 3.741096 3.731749 3.726795 3.724237 3.722948 3.722309 3.721988 3.721803 3.721647 3.721432 3.721051 3.720334 3.718996 3.716548 3.712179 3.704582 3.691718 3.670517 3.636533 3.583585 3.503475 3.385913 3.218814 2.989194 2.684820 2.296697 1.822123 1.267676 0.650988 0.000000 
50.000000 43.661545 37.524120 31.769642 26.544830 21.950496 18.037434 14.808780 12.227609 10.227768 8.725806 7.632048 6.859540 6.330199 5.978190 5.750939 5.608466 5.521689 5.470326 5.440768 5.424225 5.415217 5.410442 5.407976 5.406733 5.406114 5.405798 5.405607 5.405428 5.405163 5.404681 5.403766 5.402047 5.398890 5.393228 5.383332 5.366474 5.338504 5.293326 5.222331 5.113884 4.953032 4.721704 4.399755 3.967212 3.408002 2.715021 1.895670 0.975894 0.000000 
50.000000 43.980309 38.151533 32.686435 27.724354 23.361031 19.644707 16.578365 14.126938 12.227609 10.801122 9.762318 9.028615 8.525861 8.191527 7.975685 7.840362 7.757940 7.709152 7.681077 7.665364 7.656807 7.652271 7.649928 7.648745 7.648154 7.647847 7.647651 7.647451 7.647137 7.646552 7.645435 7.643328 7.639439 7.632433 7.620118 7.599011 7.563740 7.506305 7.415209 7.274577 7.063469 6.755748 6.321025 5.727400 4.946694 3.962504 2.780262 1.436266 0.000000 
50.000000 44.391714 38.961291 33.869681 29.246698 25.181539 21.719151 18.862315 16.578365 14.808780 13.479727 12.511868 11.828267 11.359837 11.048326 10.847216 10.721127 10.644329 10.598869 10.572709 10.558067 10.550093 10.545866 10.543682 10.542579 10.542025 10.541732 10.541534 10.541316 10.540959 10.540284 10.538987 10.536530 10.531976 10.523731 10.509160 10.484026 10.441716 10.372227 10.260913 10.087076 9.822617 9.431157 8.868366 8.084644 7.031691 5.674489 4.008954 2.081547 0.000000 
50.000000 44.906298 39.974134 35.349688 31.150858 27.458658 24.313913 21.719151 19.644707 18.037434 16.830275 15.951174 15.330257 14.904777 14.621824 14.439149 14.324617 14.254856 14.213562 14.189798 14.176497 14.169254 14.165414 14.163429 14.162425 14.161919 14.161646 14.161453 14.161225 14.160839 14.160102 14.158678 14.155969 14.150928 14.141758 14.125464 14.097180 14.049210 13.969731 13.841081 13.637679 13.323682 12.850785 12.156956 11.167730 9.802751 7.991569 5.702604 2.984148 0.000000 
50.000000 45.529940 41.201637 37.143368 33.458597 30.218419 27.458658 25.181539 23.361031 21.950496 20.891090 20.119583 19.574655 19.201242 18.952912 18.792587 18.692067 18.630840 18.594597 18.573739 18.562065 18.555707 18.552336 18.550594 18.549712 18.549265 18.549020 18.548838 18.548612 18.548220 18.547464 18.545997 18.543198 18.537969 18.528415 18.511349 18.481543 18.430621 18.345507 18.206270 17.983284 17.633630 17.096895 16.290928 15.109209 13.423594 11.100106 8.040405 4.261498 0.000000 
50.000000 46.262137 42.642808 39.249276 36.168056 33.458597 31.150858 29.246698 27.724354 26.544830 25.658922 25.013759 24.558066 24.245798 24.038129 23.904055 23.819992 23.768788 23.738478 23.721034 23.711271 23.705954 23.703134 23.701677 23.700938 23.700562 23.700353 23.700191 23.699982 23.699612 23.698895 23.697498 23.694823 23.689809 23.680612 23.664106 23.635112 23.585238 23.501173 23.362226 23.136828 22.777660 22.215007 21.348107 20.035004 18.084028 15.257084 11.311079 6.129996 0.000000 
50.000000 47.094793 44.281712 41.644127 39.249276 37.143368 35.349688 33.869681 32.686435 31.769642 31.081060 30.579596 30.225398 29.982679 29.821261 29.717046 29.651704 29.611903 29.588342 29.574783 29.567194 29.563060 29.560869 29.559735 29.559160 29.558867 29.558701 29.558569 29.558393 29.558078 29.557462 29.556261 29.553955 29.549620 29.541642 29.527265 29.501886 29.457967 29.383383 29.258938 29.054621 28.723932 28.195192 27.358119 26.043262 23.992193 20.822063 16.014565 9.047865 0.000000 
50.000000 48.011842 46.086728 44.281712 42.642808 41.201637 39.974134 38.961291 38.151533 37.524120 37.052882 36.709699 36.467298 36.301188 36.190718 36.119395 36.074676 36.047437 36.031312 36.022032 36.016838 36.014009 36.012508 36.011733 36.011339 36.011137 36.011022 36.010929 36.010801 36.010570 36.010119 36.009235 36.007536 36.004335 35.998428 35.987750 35.968829 35.935928 35.879720 35.785206 35.628450 35.371271 34.952336 34.271530 33.161232 31.331729 28.267147 23.043364 14.131292 0.000000 
50.000000 48.989906 48.011842 47.094793 46.262137 45.529940 44.906298 44.391714 43.980309 43.661545 43.422127 43.247768 43.124612 43.040217 42.984090 42.947853 42.925132 42.911293 42.903100 42.898385 42.895746 42.894308 42.893546 42.893152 42.892952 42.892849 42.892790 42.892742 42.892675 42.892552 42.892313 42.891845 42.890942 42.889240 42.886093 42.880394 42.870270 42.852613 42.822327 42.771138 42.685650 42.544043 42.310167 41.922150 41.268442 40.132141 38.046928 33.880550 24.494953 0.000000 
50.000000 50.000000 50.000000 50.000000 50.000000 50.000000 50.000000 50.000000 50.000000 50.000000 50.000000 50.000000 50.000000 50.000000 50.000000 50.000000 50.000000 50.000000 50.000000 50.000000 50.000000 50.000000 50.000000 50.000000 50.000000 50.000000 50.000000 50.000000 50.000000 50.000000 50.000000 50.000000 50.000000 50.000000 50.000000 50.000000 50.000000 50.000000 50.000000 50.000000 50.000000 50.000000 50.000000 50.000000 50.000000 50.000000 50.000000 50.000000 50.000000 50.000000 
