50.000000 50.000000 50.000000 50.000000 50.000000 50.000000 50.000000 50.000000 50.000000 50.000000 50.000000 50.000000 50.000000 50.000000 50.000000 50.000000 50.000000 50.000000 50.000000 50.000000 50.000000 50.000000 50.000000 50.000000 50.000000 50.000000 50.000000 50.000000 50.000000 50.000000 50.000000 50.000000 50.000000 50.000000 50.000000 50.000000 50.000000 50.000000 50.000000 50.000000 50.000000 50.000000 50.000000 50.000000 50.000000 50.000000 50.000000 50.000000 50.000000 50.000000 
50.000000 48.063301 46.244250 44.639094 43.307750 42.269097 41.506230 40.978164 40.633250 40.420395 40.296112 40.227355 40.191262 40.173257 40.164710 40.160842 40.159173 40.158484 40.158211 40.158108 40.158071 40.158058 40.158054 40.158052 40.158052 40.158052 40.158052 40.158051 40.158051 40.158051 40.158049 40.158042 40.158025 40.157975 40.157840 40.157489 40.156608 40.154480 40.149516 40.138342 40.114018 40.062677 39.957169 39.744732 39.321575 38.475413 36.739599 32.975355 24.031650 0.000000 
50.000000 46.244250 42.716660 39.603879 37.022103 35.007940 33.528601 32.504598 31.835765 31.423018 31.182026 31.048706 30.978721 30.943811 30.927239 30.919741 30.916504 30.915168 30.914640 30.914441 30.914368 30.914343 30.914335 30.914332 30.914331 30.914331 30.914331 30.914330 30.914330 30.914329 30.914325 30.914314 30.914282 30.914193 30.913952 30.913327 30.911762 30.907992 30.899238 30.879638 30.837283 30.748784 30.569536 30.216323 29.535903 28.247079 25.833320 21.358330 13.268895 0.000000 
50.000000 44.639094 39.603879 35.160788 31.475678 28.600794 26.489321 25.027784 24.073197 23.484122 23.140187 22.949923 22.850051 22.800233 22.776585 22.765887 22.761267 22.759361 22.758608 22.758324 22.758220 22.758184 22.758172 22.758168 22.758167 22.758167 22.758166 22.758166 22.758166 22.758164 22.758160 22.758146 22.758106 22.757995 22.757695 22.756920 22.754989 22.750358 22.739672 22.715935 22.665171 22.560558 22.352623 21.953470 21.212647 19.882903 17.580394 13.770560 7.899495 0.000000 
50.000000 43.307750 37.022103 31.475678 26.875523 23.286847 20.651183 18.826856 17.635352 16.900100 16.470834 16.233375 16.108735 16.046566 16.017056 16.003706 15.997942 15.995564 15.994625 15.994269 15.994140 15.994095 15.994080 15.994075 15.994074 15.994073 15.994073 15.994073 15.994073 15.994071 15.994066 15.994052 15.994011 15.993896 15.993588 15.992794 15.990826 15.986135 15.975391 15.951748 15.901781 15.800378 15.602810 15.233431 14.571508 13.437761 11.592775 8.775024 4.832337 0.000000 
50.000000 42.269097 35.007940 28.600794 23.286847 19.141408 16.096912 13.989663 12.613423 11.764205 11.268422 10.994180 10.850239 10.778446 10.744370 10.728955 10.722300 10.719555 10.718470 10.718060 10.717911 10.717859 10.717842 10.717836 10.717835 10.717834 10.717834 10.717834 10.717833 10.717832 10.717827 10.717814 10.717777 10.717673 10.717396 10.716686 10.714934 10.710786 10.701361 10.680825 10.637955 10.552279 10.388545 10.089800 9.570704 8.715338 7.388148 5.472037 2.947521 0.000000 
50.000000 41.506230 33.528601 26.489321 20.651183 16.096912 12.752242 10.437294 8.925455 7.992600 7.448011 7.146784 6.988687 6.909838 6.872414 6.855486 6.848178 6.845163 6.843972 6.843522 6.843359 6.843302 6.843283 6.843276 6.843274 6.843274 6.843274 6.843273 6.843273 6.843272 6.843268 6.843258 6.843227 6.843143 6.842920 6.842349 6.840949 6.837658 6.830240 6.814236 6.781223 6.716200 6.594116 6.376121 6.007112 5.417753 4.535851 3.312278 1.761498 0.000000 
50.000000 40.978164 32.504598 25.027784 18.826856 13.989663 10.437294 7.978656 6.373025 5.382329 4.803995 4.484115 4.316235 4.232511 4.192775 4.174802 4.167044 4.163843 4.162579 4.162101 4.161928 4.161867 4.161847 4.161840 4.161838 4.161838 4.161837 4.161837 4.161837 4.161836 4.161833 4.161826 4.161803 4.161741 4.161576 4.161158 4.160139 4.157757 4.152432 4.141052 4.117838 4.072717 3.989328 3.843178 3.601118 3.224046 2.675162 1.935061 1.020995 0.000000 
50.000000 40.633250 31.835765 24.073197 17.635352 12.613423 8.925455 6.373025 4.706184 3.677750 3.077404 2.745360 2.571103 2.484201 2.442959 2.424306 2.416254 2.412932 2.411621 2.411125 2.410945 2.410882 2.410861 2.410854 2.410852 2.410851 2.410851 2.410851 2.410851 2.410850 2.410848 2.410843 2.410827 2.410785 2.410674 2.410391 2.409707 2.408119 2.404594 2.397127 2.382050 2.353092 2.300308 2.209256 2.061144 1.834974 1.512639 1.086981 0.570574 0.000000 
50.000000 40.420395 31.423018 23.484122 16.900100 11.764205 7.992600 5.382329 3.677750 2.626055 2.012145 1.672608 1.494424 1.405566 1.363397 1.344325 1.336092 1.332696 1.331356 1.330849 1.330665 1.330600 1.330579 1.330572 1.330570 1.330569 1.330569 1.330569 1.330569 1.330568 1.330567 1.330564 1.330554 1.330527 1.330457 1.330280 1.329854 1.328870 1.326702 1.322145 1.313028 1.295700 1.264492 1.211377 1.126251 0.998319 0.818951 0.585735 0.306376 0.000000 
50.000000 40.296112 31.182026 23.140187 16.470834 11.268422 7.448011 4.803995 3.077404 2.012145 1.390328 1.046425 0.865952 0.775956 0.733247 0.713931 0.705594 0.702154 0.700797 0.700283 0.700097 0.700032 0.700010 0.700003 0.700001 0.700000 0.700000 0.700000 0.700000 0.700000 0.699999 0.699997 0.699991 0.699975 0.699934 0.699831 0.699583 0.699013 0.697766 0.695164 0.690000 0.680276 0.662942 0.633774 0.587598 0.519086 0.424251 0.302388 0.157769 0.000000 
50.000000 40.227355 31.048706 22.949923 16.233375 10.994180 7.146784 4.484115 2.745360 1.672608 1.046425 0.700111 0.518376 0.427751 0.384745 0.365295 0.356900 0.353437 0.352070 0.351552 0.351365 0.351299 0.351277 0.351270 0.351268 0.351268 0.351267 0.351267 0.351267 0.351267 0.351267 0.351266 0.351262 0.351254 0.351231 0.351174 0.351039 0.350729 0.350055 0.348659 0.345907 0.340766 0.331682 0.316544 0.292819 0.257984 0.210251 0.149468 0.077839 0.000000 
50.000000 40.191262 30.978721 22.850051 16.108735 10.850239 6.988687 4.316235 2.571103 1.494424 0.865952 0.518376 0.335980 0.245026 0.201865 0.182344 0.173919 0.170443 0.169072 0.168553 0.168364 0.168299 0.168277 0.168270 0.168267 0.168267 0.168267 0.168266 0.168266 0.168266 0.168266 0.168266 0.168264 0.168259 0.168248 0.168218 0.168149 0.167990 0.167647 0.166939 0.165554 0.162984 0.158478 0.151029 0.139453 0.122599 0.099692 0.070729 0.036782 0.000000 
50.000000 40.173257 30.943811 22.800233 16.046566 10.778446 6.909838 4.232511 2.484201 1.405566 0.775956 0.427751 0.245026 0.153909 0.110670 0.091115 0.082675 0.079193 0.077819 0.077299 0.077110 0.077044 0.077022 0.077015 0.077013 0.077012 0.077012 0.077012 0.077012 0.077012 0.077012 0.077012 0.077011 0.077009 0.077003 0.076989 0.076955 0.076878 0.076712 0.076373 0.075712 0.074494 0.072372 0.068888 0.063512 0.055740 0.045244 0.032049 0.016649 0.000000 
50.000000 40.164710 30.927239 22.776585 16.017056 10.744370 6.872414 4.192775 2.442959 1.363397 0.733247 0.384745 0.201865 0.110670 0.067394 0.047823 0.039375 0.035891 0.034515 0.033995 0.033806 0.033740 0.033718 0.033711 0.033709 0.033708 0.033708 0.033708 0.033708 0.033708 0.033708 0.033708 0.033707 0.033706 0.033704 0.033697 0.033681 0.033646 0.033571 0.033416 0.033117 0.032568 0.031617 0.030065 0.027684 0.024262 0.019665 0.013913 0.007221 0.000000 
50.000000 40.160842 30.919741 22.765887 16.003706 10.728955 6.855486 4.174802 2.424306 1.344325 0.713931 0.365295 0.182344 0.091115 0.047823 0.028244 0.019793 0.016307 0.014931 0.014411 0.014222 0.014156 0.014134 0.014127 0.014125 0.014124 0.014124 0.014124 0.014124 0.014124 0.014124 0.014124 0.014123 0.014123 0.014122 0.014119 0.014112 0.014097 0.014064 0.013997 0.013868 0.013632 0.013226 0.012566 0.011559 0.010118 0.008192 0.005789 0.003003 0.000000 
50.000000 40.159173 30.916504 22.761267 15.997942 10.722300 6.848178 4.167044 2.416254 1.336092 0.705594 0.356900 0.173919 0.082675 0.039375 0.019793 0.011341 0.007855 0.006478 0.005958 0.005769 0.005703 0.005681 0.005674 0.005672 0.005671 0.005671 0.005671 0.005671 0.005671 0.005671 0.005671 0.005671 0.005671 0.005670 0.005669 0.005666 0.005660 0.005646 0.005618 0.005565 0.005469 0.005303 0.005035 0.004627 0.004046 0.003273 0.002311 0.001198 0.000000 
50.000000 40.158484 30.915168 22.759361 15.995564 10.719555 6.845163 4.163843 2.412932 1.332696 0.702154 0.353437 0.170443 0.079193 0.035891 0.016307 0.007855 0.004368 0.002992 0.002471 0.002282 0.002216 0.002194 0.002187 0.002185 0.002184 0.002184 0.002184 0.002184 0.002184 0.002184 0.002184 0.002184 0.002184 0.002184 0.002183 0.002182 0.002180 0.002174 0.002163 0.002142 0.002105 0.002040 0.001935 0.001777 0.001553 0.001255 0.000886 0.000459 0.000000 
50.000000 40.158211 30.914640 22.758608 15.994625 10.718470 6.843972 4.162579 2.411621 1.331356 0.700797 0.352070 0.169072 0.077819 0.034515 0.014931 0.006478 0.002992 0.001615 0.001095 0.000906 0.000840 0.000818 0.000811 0.000809 0.000808 0.000808 0.000808 0.000808 0.000808 0.000808 0.000808 0.000808 0.000808 0.000808 0.000807 0.000807 0.000806 0.000804 0.000800 0.000792 0.000778 0.000754 0.000715 0.000656 0.000573 0.000463 0.000326 0.000169 0.000000 
50.000000 40.158108 30.914441 22.758324 15.994269 10.718060 6.843522 4.162101 2.411125 1.330849 0.700283 0.351552 0.168553 0.077299 0.033995 0.014411 0.005958 0.002471 0.001095 0.000574 0.000385 0.000319 0.000297 0.000290 0.000288 0.000287 0.000287 0.000287 0.000287 0.000287 0.000287 0.000287 0.000287 0.000287 0.000287 0.000287 0.000287 0.000287 0.000286 0.000284 0.000281 0.000276 0.000268 0.000254 0.000233 0.000203 0.000164 0.000116 0.000060 0.000000 
50.000000 40.158071 30.914368 22.758220 15.994140 10.717911 6.843359 4.161928 2.410945 1.330665 0.700097 0.351365 0.168364 0.077110 0.033806 0.014222 0.005769 0.002282 0.000906 0.000385 0.000196 0.000131 0.000108 0.000101 0.000099 0.000098 0.000098 0.000098 0.000098 0.000098 0.000098 0.000098 0.000098 0.000098 0.000098 0.000098 0.000098 0.000098 0.000098 0.000097 0.000096 0.000094 0.000091 0.000087 0.000079 0.000069 0.000056 0.000039 0.000020 0.000000 
50.000000 40.158058 30.914343 22.758184 15.994095 10.717859 6.843302 4.161867 2.410882 1.330600 0.700032 0.351299 0.168299 0.077044 0.033740 0.014156 0.005703 0.002216 0.000840 0.000319 0.000131 0.000065 0.000043 0.000035 0.000033 0.000033 0.000032 0.000032 0.000032 0.000032 0.000032 0.000032 0.000032 0.000032 0.000032 0.000032 0.000032 0.000032 0.000032 0.000032 0.000032 0.000031 0.000030 0.000029 0.000026 0.000023 0.000018 0.000013 0.000007 0.000000 
50.000000 40.158054 30.914335 22.758172 15.994080 10.717842 6.843283 4.161847 2.410861 1.330579 0.700010 0.351278 0.168277 0.077022 0.033718 0.014134 0.005681 0.002194 0.000818 0.000297 0.000108 0.000043 0.000021 0.000013 0.000011 0.000011 0.000010 0.000010 0.000010 0.000010 0.000010 0.000010 0.000010 0.000010 0.000010 0.000010 0.000010 0.000010 0.000010 0.000010 0.000010 0.000010 0.000010 0.000009 0.000008 0.000007 0.000006 0.000004 0.000002 0.000000 
50.000000 40.158052 30.914332 22.758168 15.994075 10.717836 6.843276 4.161840 2.410854 1.330572 0.700003 0.351270 0.168270 0.077015 0.033711 0.014127 0.005674 0.002187 0.000811 0.000290 0.000101 0.000036 0.000013 0.000006 0.000004 0.000003 0.000003 0.000003 0.000003 0.000003 0.000003 0.000003 0.000003 0.000003 0.000003 0.000003 0.000003 0.000003 0.000003 0.000003 0.000003 0.000003 0.000003 0.000003 0.000003 0.000002 0.000002 0.000001 0.000001 0.000000 
50.000000 40.158052 30.914331 22.758167 15.994074 10.717835 6.843275 4.161838 2.410852 1.330570 0.700001 0.351268 0.168268 0.077013 0.033709 0.014125 0.005672 0.002185 0.000809 0.000288 0.000099 0.000034 0.000011 0.000004 0.000002 0.000001 0.000001 0.000001 0.000001 0.000001 0.000001 0.000001 0.000001 0.000001 0.000001 0.000001 0.000001 0.000001 0.000001 0.000001 0.000001 0.000001 0.000001 0.000001 0.000001 0.000001 0.000001 0.000000 0.000000 0.000000 
50.000000 40.158052 30.914331 22.758167 15.994074 10.717835 6.843275 4.161838 2.410852 1.330570 0.700001 0.351268 0.168268 0.077013 0.033709 0.014125 0.005672 0.002185 0.000809 0.000288 0.000099 0.000034 0.000011 0.000004 0.000002 0.000001 0.000001 0.000001 0.000001 0.000001 0.000001 0.000001 0.000001 0.000001 0.000001 0.000001 0.000001 0.000001 0.000001 0.000001 0.000001 0.000001 0.000001 0.000001 0.000001 0.000001 0.000001 0.000000 0.000000 0.000000 
50.000000 40.158052 30.914332 22.758168 15.994075 10.717836 6.843276 4.161840 2.410854 1.330572 0.700003 0.351270 0.168270 0.077015 0.033711 0.014127 0.005674 0.002187 0.000811 0.000290 0.000101 0.000036 0.000013 0.000006 0.000004 0.000003 0.000003 0.000003 0.000003 0.000003 0.000003 0.000003 0.000003 0.000003 0.000003 0.000003 0.000003 0.000003 0.000003 0.000003 0.000003 0.000003 0.000003 0.000003 0.000003 0.000002 0.000002 0.000001 0.000001 0.000000 
50.000000 40.158054 30.914335 22.758172 15.994080 10.717842 6.843283 4.161847 2.410861 1.330579 0.700010 0.351278 0.168277 0.077022 0.033718 0.014134 0.005681 0.002194 0.000818 0.000297 0.000108 0.000043 0.000021 0.000013 0.000011 0.000011 0.000010 0.000010 0.000010 0.000010 0.000010 0.000010 0.000010 0.000010 0.000010 0.000010 0.000010 0.000010 0.000010 0.000010 0.000010 0.000010 0.000010 0.000009 0.000008 0.000007 0.000006 0.000004 0.000002 0.000000 
50.000000 40.158058 30.914343 22.758184 15.994095 10.717859 6.843302 4.161867 2.410882 1.330600 0.700032 0.351299 0.168299 0.077044 0.033740 0.014156 0.005703 0.002216 0.000840 0.000319 0.000131 0.000065 0.000043 0.000035 0.000033 0.000033 0.000032 0.000032 0.000032 0.000032 0.000032 0.000032 0.000032 0.000032 0.000032 0.000032 0.000032 0.000032 0.000032 0.000032 0.000032 0.000031 0.000030 0.000029 0.000026 0.000023 0.000018 0.000013 0.000007 0.000000 
50.000000 40.158071 30.914368 22.758220 15.994140 10.717911 6.843359 4.161928 2.410945 1.330665 0.700097 0.351365 0.168364 0.077110 0.033806 0.014222 0.005769 0.002282 0.000906 0.000385 0.000196 0.000131 0.000108 0.000101 0.000099 0.000098 0.000098 0.000098 0.000098 0.000098 0.000098 0.000098 0.000098 0.000098 0.000098 0.000098 0.000098 0.000098 0.000098 0.000097 0.000096 0.000094 0.000091 0.000087 0.000079 0.000069 0.000056 0.000039 0.000020 0.000000 
50.000000 40.158108 30.914441 22.758324 15.994269 10.718060 6.843522 4.162101 2.411125 1.330849 0.700283 0.351552 0.168553 0.077299 0.033995 0.014411 0.005958 0.002471 0.001095 0.000574 0.000385 0.000319 0.000297 0.000290 0.000288 0.000287 0.000287 0.000287 0.000287 0.000287 0.000287 0.000287 0.000287 0.000287 0.000287 0.000287 0.000287 0.000287 0.000286 0.000284 0.000281 0.000276 0.000268 0.000254 0.000233 0.000203 0.000164 0.000116 0.000060 0.000000 
50.000000 40.158211 30.914640 22.758608 15.994625 10.718470 6.843972 4.162579 2.411621 1.331356 0.700797 0.352070 0.169072 0.077819 0.034515 0.014931 0.006478 0.002992 0.001615 0.001095 0.000906 0.000840 0.000818 0.000811 0.000809 0.000808 0.000808 0.000808 0.000808 0.000808 0.000808 0.000808 0.000808 0.000808 0.000808 0.000807 0.000807 0.000806 0.000804 0.000800 0.000792 0.000778 0.000754 0.000715 0.000656 0.000573 0.000463 0.000326 0.000169 0.000000 
50.000000 40.158484 30.915168 22.759361 15.995564 10.719555 6.845163 4.163843 2.412932 1.332696 0.702154 0.353437 0.170443 0.079193 0.035891 0.016307 0.007855 0.004368 0.002992 0.002471 0.002282 0.002216 0.002194 0.002187 0.002185 0.002184 0.002184 0.002184 0.002184 0.002184 0.002184 0.002184 0.002184 0.002184 0.002184 0.002183 0.002182 0.002180 0.002174 0.002163 0.002142 0.002105 0.002040 0.001935 0.001777 0.001553 0.001255 0.000886 0.000459 0.000000 
50.000000 40.159173 30.916504 22.761267 15.997942 10.722300 6.848178 4.167044 2.416254 1.336092 0.705594 0.356900 0.173919 0.082675 0.039375 0.019793 0.011341 0.007855 0.006478 0.005958 0.005769 0.005703 0.005681 0.005674 0.005672 0.005671 0.005671 0.005671 0.005671 0.005671 0.005671 0.005671 0.005671 0.005671 0.005670 0.005669 0.005666 0.005660 0.005646 0.005618 0.005565 0.005469 0.005303 0.005035 0.004627 0.004046 0.003273 0.002311 0.001198 0.000000 
50.000000 40.160842 30.919741 22.765887 16.003706 10.728955 6.855486 4.174802 2.424306 1.344325 0.713931 0.365295 0.182344 0.091115 0.047823 0.028244 0.019793 0.016307 0.014931 0.014411 0.014222 0.014156 0.014134 0.014127 0.014125 0.014124 0.014124 0.014124 0.014124 0.014124 0.014124 0.014124 0.014123 0.014123 0.014122 0.014119 0.014112 0.014097 0.014064 0.013997 0.013868 0.013632 0.013226 0.012566 0.011559 0.010118 0.008192 0.005789 0.003003 0.000000 
50.000000 40.164710 30.927239 22.776585 16.017056 10.744370 6.872414 4.192775 2.442959 1.363397 0.733247 0.384745 0.201865 0.110670 0.067394 0.047823 0.039375 0.035891 0.034515 0.033995 0.033806 0.033740 0.033718 0.033711 0.033709 0.033708 0.033708 0.033708 0.033708 0.033708 0.033708 0.033708 0.033707 0.033706 0.033704 0.033697 0.033681 0.033646 0.033571 0.033416 0.033117 0.032568 0.031617 0.030065 0.027684 0.024262 0.019665 0.013913 0.007221 0.000000 
50.000000 40.173257 30.943811 22.800233 16.046566 10.778446 6.909838 4.232511 2.484201 1.405566 0.775956 0.427751 0.245026 0.153909 0.110670 0.091115 0.082675 0.079193 0.077819 0.077299 0.077110 0.077044 0.077022 0.077015 0.077013 0.077012 0.077012 0.077012 0.077012 0.077012 0.077012 0.077012 0.077011 0.077009 0.077003 0.076989 0.076955 0.076878 0.076712 0.076373 0.075712 0.074494 0.072372 0.068888 0.063512 0.055740 0.045244 0.032049 0.016649 0.000000 
50.000000 40.191262 30.978721 22.850051 16.108735 10.850239 6.988687 4.316235 2.571103 1.494424 0.865952 0.518376 0.335980 0.245026 0.201865 0.182344 0.173919 0.170443 0.169072 0.168553 0.168364 0.168299 0.168277 0.168270 0.168267 0.168267 0.168267 0.168266 0.168266 0.168266 0.168266 0.168266 0.168264 0.168259 0.168248 0.168218 0.168149 0.167990 0.167647 0.166939 0.165554 0.162984 0.158478 0.151029 0.139453 0.122599 0.099692 0.070729 0.036782 0.000000 
50.000000 40.227355 31.048706 22.949923 16.233375 10.994180 7.146784 4.484115 2.745360 1.672608 1.046425 0.700111 0.518376 0.427751 0.384745 0.365295 0.356900 0.353437 0.352070 0.351552 0.351365 0.351299 0.351277 0.351270 0.351268 0.351268 0.351267 0.351267 0.351267 0.351267 0.351267 0.351266 0.351262 0.351254 0.351231 0.351174 0.351039 0.350729 0.350055 0.348659 0.345907 0.340766 0.331682 0.316544 0.292819 0.257984 0.210251 0.149468 0.077839 0.000000 
50.000000 40.296112 31.182026 23.140187 16.470834 11.268422 7.448011 4.803995 3.077404 2.012145 1.390328 1.046425 0.865952 0.775956 0.733247 0.713931 0.705594 0.702154 0.700797 0.700283 0.700097 0.700032 0.700010 0.700003 0.700001 0.700000 0.700000 0.700000 0.700000 0.700000 0.699999 0.699997 0.699991 0.699975 0.699934 0.699831 0.699583 0.699013 0.697766 0.695164 0.690000 0.680276 0.662942 0.633774 0.587598 0.519086 0.424251 0.302388 0.157769 0.000000 
50.000000 40.420395 31.423018 23.484122 16.900100 11.764205 7.992600 5.382329 3.677750 2.626055 2.012145 1.672608 1.494424 1.405566 1.363397 1.344325 1.336092 1.332696 1.331356 1.330849 1.330665 1.330600 1.330579 1.330572 1.330570 1.330569 1.330569 1.330569 1.330569 1.330568 1.330567 1.330564 1.330554 1.330527 1.330457 1.330280 1.329854 1.328870 1.326702 1.322145 1.313028 1.295700 1.264492 1.211377 1.126251 0.998319 0.818951 0.585735 0.306376 0.000000 
50.000000 40.633250 31.835765 24.073197 17.635352 12.613423 8.925455 6.373025 4.706184 3.677750 3.077404 2.745360 2.571103 2.484201 2.442959 2.424306 2.416254 2.412932 2.411621 2.411125 2.410945 2.410882 2.410861 2.410854 2.410852 2.410851 2.410851 2.410851 2.410851 2.410850 2.410848 2.410843 2.410827 2.410785 2.410674 2.410391 2.409707 2.408119 2.404594 2.397127 2.382050 2.353092 2.300308 2.209256 2.061144 1.834974 1.512639 1.086981 0.570574 0.000000 
50.000000 40.978164 32.504598 25.027784 18.826856 13.989663 10.437294 7.978656 6.373025 5.382329 4.803995 4.484115 4.316235 4.232511 4.192775 4.174802 4.167044 4.163843 4.162579 4.162101 4.161928 4.161867 4.161847 4.161840 4.161838 4.161838 4.161837 4.161837 4.161837 4.161836 4.161833 4.161826 4.161803 4.161741 4.161576 4.161158 4.160139 4.157757 4.152432 4.141052 4.117838 4.072717 3.989328 3.843178 3.601118 3.224046 2.675162 1.935061 1.020995 0.000000 
50.000000 41.506230 33.528601 26.489321 20.651183 16.096912 12.752242 10.437294 8.925455 7.992600 7.448011 7.146784 6.988687 6.909838 6.872414 6.855486 6.848178 6.845163 6.843972 6.843522 6.843359 6.843302 6.843283 6.843276 6.843274 6.843274 6.843274 6.843273 6.843273 6.843272 6.843268 6.843258 6.843227 6.843143 6.842920 6.842349 6.840949 6.837658 6.830240 6.814236 6.781223 6.716200 6.594116 6.376121 6.007112 5.417753 4.535851 3.312278 1.761498 0.000000 
50.000000 42.269097 35.007940 28.600794 23.286847 19.141408 16.096912 13.989663 12.613423 11.764205 11.268422 10.994180 10.850239 10.778446 10.744370 10.728955 10.722300 10.719555 10.718470 10.718060 10.717911 10.717859 10.717842 10.717836 10.717835 10.717834 10.717834 10.717834 10.717833 10.717832 10.717827 10.717814 10.717777 10.717673 10.717396 10.716686 10.714934 10.710786 10.701361 10.680825 10.637955 10.552279 10.388545 10.089800 9.570704 8.715338 7.388148 5.472037 2.947521 0.000000 
50.000000 43.307750 37.022103 31.475678 26.875523 23.286847 20.651183 18.826856 17.635352 16.900100 16.470834 16.233375 16.108735 16.046566 16.017056 16.003706 15.997942 15.995564 15.994625 15.994269 15.994140 15.994095 15.994080 15.994075 15.994074 15.994073 15.994073 15.994073 15.994073 15.994071 15.994066 15.994052 15.994011 15.993896 15.993588 15.992794 15.990826 15.986135 15.975391 15.951748 15.901781 15.800378 15.602810 15.233431 14.571508 13.437761 11.592775 8.775024 4.832337 0.000000 
50.000000 44.639094 39.603879 35.160788 31.475678 28.600794 26.489321 25.027784 24.073197 23.484122 23.140187 22.949923 22.850051 22.800233 22.776585 22.765887 22.761267 22.759361 22.758608 22.758324 22.758220 22.758184 22.758172 22.758168 22.758167 22.758167 22.758166 22.758166 22.758166 22.758164 22.758160 22.758146 22.758106 22.757995 22.757695 22.756920 22.754989 22.750358 22.739672 22.715935 22.665171 22.560558 22.352623 21.953470 21.212647 19.882903 17.580394 13.770560 7.899495 0.000000 
50.000000 46.244250 42.716660 39.603879 37.022103 35.007940 33.528601 32.504598 31.835765 31.423018 31.182026 31.048706 30.978721 30.943811 30.927239 30.919741 30.916504 30.915168 30.914640 30.914441 30.914368 30.914343 30.914335 30.914332 30.914331 30.914331 30.914331 30.914330 30.914330 30.914329 30.914325 30.914314 30.914282 30.914193 30.913952 30.913327 30.911762 30.907992 30.899238 30.879638 30.837283 30.748784 30.569536 30.216323 29.535903 28.247079 25.833320 21.358330 13.268895 0.000000 
50.000000 48.063301 46.244250 44.639094 43.307750 42.269097 41.506230 40.978164 40.633250 40.420395 40.296112 40.227355 40.191262 40.173257 40.164710 40.160842 40.159173 40.158484 40.158211 40.158108 40.158071 40.158058 40.158054 40.158052 40.158052 40.158052 40.158052 40.158051 40.158051 40.158051 40.158049 40.158042 40.158025 40.157975 40.157840 40.157489 40.156608 40.154480 40.149516 40.138342 40.114018 40.062677 39.957169 39.744732 39.321575 38.475413 36.739599 32.975355 24.031650 0.000000 
50.000000 50.000000 50.000000 50.000000 50.000000 50.000000 50.000000 50.000000 50.000000 50.000000 50.000000 50.000000 50.000000 50.000000 50.000000 50.000000 50.000000 50.000000 50.000000 50.000000 50.000000 50.000000 50.000000 50.000000 50.000000 50.000000 50.000000 50.000000 50.000000 50.000000 50.000000 50.000000 50.000000 50.000000 50.000000 50.000000 50.000000 50.000000 50.000000 50.000000 50.000000 50.000000 50.000000 50.000000 50.000000 50.000000 50.000000 50.000000 50.000000 50.000000 
