50.000000 50.000000 50.000000 50.000000 50.000000 50.000000 50.000000 50.000000 50.000000 50.000000 50.000000 50.000000 50.000000 50.000000 50.000000 50.000000 50.000000 50.000000 50.000000 50.000000 50.000000 50.000000 50.000000 50.000000 50.000000 50.000000 50.000000 50.000000 50.000000 50.000000 50.000000 50.000000 50.000000 50.000000 50.000000 50.000000 50.000000 50.000000 50.000000 50.000000 50.000000 50.000000 50.000000 50.000000 50.000000 50.000000 50.000000 50.000000 50.000000 50.000000 
50.000000 48.543486 47.153544 45.887629 44.787041 43.873377 43.148847 42.599765 42.201874 41.926008 41.742891 41.626436 41.555427 41.513881 41.490538 41.477934 41.471387 41.468114 41.466538 41.465805 41.465477 41.465335 41.465276 41.465252 41.465242 41.465239 41.465237 41.465235 41.465232 41.465223 41.465201 41.465147 41.465019 41.464724 41.464063 41.462626 41.459588 41.453348 41.440870 41.416553 41.370251 41.283826 41.124928 40.835137 40.305411 39.319796 37.410833 33.442767 24.271743 0.000000 
50.000000 47.153544 44.437192 41.963232 39.812373 38.026823 36.610900 35.537854 34.760281 34.221177 33.863329 33.635753 33.496989 33.415802 33.370187 33.345557 33.332764 33.326369 33.323288 33.321857 33.321216 33.320938 33.320822 33.320775 33.320757 33.320750 33.320746 33.320743 33.320736 33.320720 33.320680 33.320581 33.320346 33.319804 33.318593 33.315963 33.310419 33.299067 33.276461 33.232638 33.149786 32.996657 32.719075 32.223416 31.346779 29.801229 27.068744 22.218596 13.710777 0.000000 
50.000000 45.887629 41.963232 38.389036 35.281647 32.702044 30.656461 29.106247 27.982909 27.204091 26.687131 26.358373 26.157915 26.040635 25.974743 25.939164 25.920685 25.911447 25.906997 25.904930 25.904004 25.903604 25.903436 25.903368 25.903341 25.903331 25.903326 25.903322 25.903313 25.903292 25.903239 25.903109 25.902803 25.902097 25.900524 25.897120 25.889972 25.875404 25.846572 25.791116 25.687344 25.498164 25.161602 24.576179 23.578837 21.913541 19.194518 14.894488 8.476796 0.000000 
50.000000 44.787041 39.812373 35.281647 31.342681 28.072769 25.479807 23.514795 22.090900 21.103717 20.448463 20.031763 19.777690 19.629044 19.545532 19.500440 19.477021 19.465313 19.459674 19.457055 19.455882 19.455374 19.455161 19.455075 19.455042 19.455028 19.455023 19.455017 19.455008 19.454984 19.454926 19.454783 19.454446 19.453674 19.451956 19.448255 19.440520 19.424853 19.394078 19.335439 19.227021 19.032414 18.693147 18.118647 17.174350 15.671340 13.368106 10.011143 5.467245 0.000000 
50.000000 43.873377 38.026823 32.702044 28.072769 24.229836 21.182518 18.873215 17.199864 16.039755 15.269734 14.780061 14.481500 14.306832 14.208702 14.155718 14.128202 14.114446 14.107821 14.104744 14.103365 14.102768 14.102519 14.102418 14.102378 14.102363 14.102356 14.102351 14.102341 14.102318 14.102260 14.102121 14.101792 14.101040 14.099374 14.095802 14.088380 14.073446 14.044353 13.989481 13.889301 13.712296 13.409796 12.910279 12.114918 10.898419 9.123208 6.680044 3.567966 0.000000 
50.000000 43.148847 36.610900 30.656461 25.479807 21.182518 17.774951 15.192684 13.321570 12.024380 11.163389 10.615879 10.282062 10.086772 9.977060 9.917825 9.887063 9.871685 9.864279 9.860839 9.859298 9.858631 9.858352 9.858239 9.858195 9.858178 9.858171 9.858165 9.858157 9.858136 9.858084 9.857960 9.857667 9.856999 9.855528 9.852389 9.845904 9.832950 9.807927 9.761216 9.676991 9.530417 9.284510 8.887476 8.272239 7.361160 6.080281 4.387484 2.313710 0.000000 
50.000000 42.599765 35.537854 29.106247 23.514795 18.873215 15.192684 12.403602 10.382664 8.981631 8.051734 7.460419 7.099903 6.889000 6.770519 6.706551 6.673333 6.656727 6.648730 6.645016 6.643352 6.642632 6.642331 6.642209 6.642161 6.642143 6.642135 6.642130 6.642123 6.642105 6.642063 6.641960 6.641718 6.641171 6.639970 6.637420 6.632185 6.621802 6.601913 6.565154 6.499654 6.387258 6.201801 5.908174 5.463419 4.821648 3.944645 2.818779 1.474836 0.000000 
50.000000 42.201874 34.760281 27.982909 22.090900 17.199864 13.321570 10.382664 8.253197 6.776950 5.797150 5.174115 4.794269 4.572062 4.447235 4.379842 4.344846 4.327353 4.318928 4.315016 4.313263 4.312504 4.312187 4.312059 4.312008 4.311989 4.311981 4.311977 4.311971 4.311957 4.311924 4.311845 4.311660 4.311241 4.310326 4.308394 4.304450 4.296683 4.281925 4.254906 4.207284 4.126598 3.995406 3.791154 3.487568 3.058486 2.484746 1.763623 0.918048 0.000000 
50.000000 41.926008 34.221177 27.204091 21.103717 16.039755 12.024380 8.981631 6.776950 5.248583 4.234208 3.589199 3.195964 2.965928 2.836707 2.766943 2.730717 2.712608 2.703888 2.699839 2.698024 2.697239 2.696911 2.696778 2.696726 2.696706 2.696698 2.696694 2.696690 2.696680 2.696656 2.696598 2.696464 2.696164 2.695509 2.694134 2.691343 2.685883 2.675587 2.656900 2.624292 2.569666 2.481976 2.347390 2.150455 1.876696 1.516747 1.071391 0.555757 0.000000 
50.000000 41.742891 33.863329 26.687131 20.448463 15.269734 11.163389 8.051734 5.797150 4.234208 3.196900 2.537317 2.135204 1.899979 1.767844 1.696509 1.659467 1.640952 1.632036 1.627895 1.626040 1.625238 1.624902 1.624766 1.624713 1.624693 1.624685 1.624681 1.624678 1.624671 1.624655 1.624615 1.624524 1.624320 1.623878 1.622954 1.621090 1.617464 1.610675 1.598450 1.577308 1.542245 1.486579 1.402173 1.280253 1.113024 0.896016 0.630691 0.326338 0.000000 
50.000000 41.626436 33.635753 26.358373 20.031763 14.780061 10.615879 7.460419 5.174115 3.589199 2.537317 1.868476 1.460723 1.222202 1.088217 1.015885 0.978326 0.959552 0.950512 0.946314 0.944433 0.943619 0.943279 0.943141 0.943087 0.943067 0.943059 0.943056 0.943053 0.943049 0.943038 0.943012 0.942954 0.942823 0.942540 0.941952 0.940770 0.938487 0.934238 0.926643 0.913612 0.892190 0.858506 0.807951 0.735708 0.637686 0.511801 0.359292 0.185566 0.000000 
50.000000 41.555427 33.496989 26.157915 19.777690 14.481500 10.282062 7.099903 4.794269 3.195964 2.135204 1.460723 1.049535 0.809007 0.673896 0.600957 0.563084 0.544153 0.535036 0.530804 0.528907 0.528087 0.527743 0.527605 0.527550 0.527530 0.527522 0.527519 0.527517 0.527514 0.527507 0.527492 0.527456 0.527376 0.527204 0.526848 0.526136 0.524767 0.522236 0.517740 0.510081 0.497586 0.478102 0.449112 0.408054 0.352837 0.282512 0.197922 0.102079 0.000000 
50.000000 41.513881 33.415802 26.040635 19.629044 14.306832 10.086772 6.889000 4.572062 2.965928 1.899979 1.222202 0.809007 0.567307 0.431539 0.358245 0.320188 0.301165 0.292005 0.287752 0.285846 0.285022 0.284677 0.284537 0.284483 0.284462 0.284454 0.284451 0.284450 0.284448 0.284444 0.284435 0.284414 0.284367 0.284268 0.284062 0.283653 0.282871 0.281431 0.278889 0.274585 0.267612 0.256814 0.240868 0.218452 0.188524 0.150663 0.105382 0.054293 0.000000 
50.000000 41.490538 33.370187 25.974743 19.545532 14.208702 9.977060 6.770519 4.447235 2.836707 1.767844 1.088217 0.673896 0.431539 0.295402 0.221910 0.183750 0.164676 0.155491 0.151226 0.149315 0.148488 0.148143 0.148003 0.147948 0.147927 0.147920 0.147917 0.147916 0.147914 0.147912 0.147907 0.147895 0.147870 0.147814 0.147701 0.147477 0.147049 0.146265 0.144889 0.142573 0.138841 0.133099 0.124672 0.112899 0.097277 0.077623 0.054224 0.027912 0.000000 
50.000000 41.477934 33.345557 25.939164 19.500440 14.155718 9.917825 6.706551 4.379842 2.766943 1.696509 1.015885 0.600957 0.358245 0.221910 0.148311 0.110095 0.090993 0.081795 0.077524 0.075610 0.074783 0.074436 0.074296 0.074242 0.074221 0.074213 0.074210 0.074209 0.074208 0.074207 0.074204 0.074198 0.074184 0.074155 0.074095 0.073977 0.073753 0.073345 0.072631 0.071434 0.069516 0.066581 0.062297 0.056344 0.048484 0.038639 0.026964 0.013870 0.000000 
50.000000 41.471387 33.332764 25.920685 19.477021 14.128202 9.887063 6.673333 4.344846 2.730717 1.659467 0.978326 0.563084 0.320188 0.183750 0.110095 0.071850 0.052734 0.043529 0.039255 0.037340 0.036512 0.036165 0.036025 0.035970 0.035949 0.035942 0.035939 0.035938 0.035937 0.035937 0.035935 0.035932 0.035925 0.035910 0.035880 0.035820 0.035708 0.035503 0.035147 0.034553 0.033605 0.032162 0.030064 0.027162 0.023348 0.018588 0.012960 0.006663 0.000000 
50.000000 41.468114 33.326369 25.911447 19.465313 14.114446 9.871685 6.656727 4.327353 2.712608 1.640952 0.959552 0.544153 0.301165 0.164676 0.090993 0.052734 0.033611 0.024402 0.020127 0.018211 0.017382 0.017036 0.016896 0.016841 0.016820 0.016812 0.016810 0.016809 0.016808 0.016808 0.016807 0.016806 0.016802 0.016795 0.016780 0.016751 0.016697 0.016599 0.016428 0.016144 0.015693 0.015009 0.014019 0.012654 0.010867 0.008644 0.006023 0.003095 0.000000 
50.000000 41.466538 33.323288 25.906997 19.459674 14.107821 9.864279 6.648730 4.318928 2.703888 1.632036 0.950512 0.535036 0.292005 0.155491 0.081795 0.043529 0.024402 0.015192 0.010916 0.009000 0.008171 0.007824 0.007684 0.007629 0.007608 0.007601 0.007598 0.007597 0.007597 0.007596 0.007596 0.007595 0.007594 0.007590 0.007584 0.007570 0.007545 0.007499 0.007420 0.007290 0.007083 0.006770 0.006319 0.005700 0.004891 0.003888 0.002707 0.001391 0.000000 
50.000000 41.465805 33.321857 25.904931 19.457055 14.104744 9.860839 6.645016 4.315016 2.699839 1.627895 0.946314 0.530804 0.287752 0.151226 0.077524 0.039255 0.020127 0.010916 0.006639 0.004723 0.003894 0.003547 0.003407 0.003352 0.003332 0.003324 0.003321 0.003320 0.003320 0.003320 0.003320 0.003319 0.003318 0.003317 0.003314 0.003308 0.003296 0.003276 0.003241 0.003183 0.003091 0.002953 0.002755 0.002483 0.002130 0.001692 0.001177 0.000605 0.000000 
50.000000 41.465477 33.321216 25.904004 19.455882 14.103365 9.859298 6.643352 4.313263 2.698024 1.626041 0.944433 0.528907 0.285846 0.149315 0.075611 0.037340 0.018211 0.009000 0.004723 0.002807 0.001978 0.001631 0.001491 0.001436 0.001415 0.001408 0.001405 0.001404 0.001404 0.001404 0.001404 0.001403 0.001403 0.001402 0.001401 0.001398 0.001394 0.001385 0.001370 0.001345 0.001306 0.001247 0.001163 0.001047 0.000898 0.000713 0.000496 0.000255 0.000000 
50.000000 41.465335 33.320939 25.903604 19.455374 14.102769 9.858632 6.642632 4.312505 2.697240 1.625238 0.943620 0.528087 0.285022 0.148489 0.074783 0.036512 0.017383 0.008171 0.003895 0.001978 0.001149 0.000803 0.000662 0.000607 0.000587 0.000579 0.000576 0.000575 0.000575 0.000575 0.000575 0.000575 0.000575 0.000574 0.000574 0.000573 0.000571 0.000567 0.000561 0.000550 0.000534 0.000510 0.000475 0.000428 0.000367 0.000291 0.000202 0.000104 0.000000 
50.000000 41.465276 33.320823 25.903437 19.455162 14.102520 9.858353 6.642332 4.312188 2.696912 1.624903 0.943280 0.527745 0.284678 0.148144 0.074438 0.036167 0.017037 0.007826 0.003549 0.001633 0.000804 0.000457 0.000317 0.000262 0.000241 0.000233 0.000231 0.000230 0.000229 0.000229 0.000229 0.000229 0.000229 0.000229 0.000229 0.000228 0.000227 0.000226 0.000223 0.000219 0.000213 0.000203 0.000189 0.000170 0.000146 0.000116 0.000080 0.000041 0.000000 
50.000000 41.465253 33.320777 25.903370 19.455078 14.102421 9.858243 6.642213 4.312063 2.696782 1.624770 0.943145 0.527609 0.284541 0.148007 0.074300 0.036029 0.016900 0.007688 0.003411 0.001495 0.000666 0.000319 0.000179 0.000124 0.000103 0.000096 0.000093 0.000092 0.000092 0.000092 0.000092 0.000092 0.000092 0.000092 0.000091 0.000091 0.000091 0.000090 0.000089 0.000088 0.000085 0.000081 0.000076 0.000068 0.000058 0.000046 0.000032 0.000016 0.000000 
50.000000 41.465244 33.320761 25.903347 19.455049 14.102387 9.858205 6.642172 4.312019 2.696737 1.624725 0.943099 0.527562 0.284494 0.147960 0.074253 0.035982 0.016853 0.007641 0.003364 0.001448 0.000619 0.000272 0.000132 0.000077 0.000056 0.000049 0.000046 0.000045 0.000045 0.000044 0.000044 0.000044 0.000044 0.000044 0.000044 0.000044 0.000044 0.000044 0.000043 0.000042 0.000041 0.000039 0.000037 0.000033 0.000028 0.000022 0.000015 0.000008 0.000000 
50.000000 41.465244 33.320761 25.903347 19.455049 14.102387 9.858205 6.642172 4.312019 2.696737 1.624725 0.943099 0.527562 0.284494 0.147960 0.074253 0.035982 0.016853 0.007641 0.003364 0.001448 0.000619 0.000272 0.000132 0.000077 0.000056 0.000049 0.000046 0.000045 0.000045 0.000044 0.000044 0.000044 0.000044 0.000044 0.000044 0.000044 0.000044 0.000044 0.000043 0.000042 0.000041 0.000039 0.000037 0.000033 0.000028 0.000022 0.000015 0.000008 0.000000 
50.000000 41.465253 33.320777 25.903370 19.455078 14.102421 9.858243 6.642213 4.312063 2.696782 1.624770 0.943145 0.527609 0.284541 0.148007 0.074300 0.036029 0.016900 0.007688 0.003411 0.001495 0.000666 0.000319 0.000179 0.000124 0.000103 0.000096 0.000093 0.000092 0.000092 0.000092 0.000092 0.000092 0.000092 0.000092 0.000091 0.000091 0.000091 0.000090 0.000089 0.000088 0.000085 0.000081 0.000076 0.000068 0.000058 0.000046 0.000032 0.000016 0.000000 
50.000000 41.465276 33.320823 25.903437 19.455162 14.102520 9.858353 6.642332 4.312188 2.696912 1.624903 0.943280 0.527745 0.284678 0.148144 0.074438 0.036167 0.017037 0.007826 0.003549 0.001633 0.000804 0.000457 0.000317 0.000262 0.000241 0.000233 0.000231 0.000230 0.000229 0.000229 0.000229 0.000229 0.000229 0.000229 0.000229 0.000228 0.000227 0.000226 0.000223 0.000219 0.000213 0.000203 0.000189 0.000170 0.000146 0.000116 0.000080 0.000041 0.000000 
50.000000 41.465335 33.320939 25.903604 19.455374 14.102769 9.858632 6.642632 4.312505 2.697240 1.625238 0.943620 0.528087 0.285022 0.148489 0.074783 0.036512 0.017383 0.008171 0.003895 0.001978 0.001149 0.000803 0.000662 0.000607 0.000587 0.000579 0.000576 0.000575 0.000575 0.000575 0.000575 0.000575 0.000575 0.000574 0.000574 0.000573 0.000571 0.000567 0.000561 0.000550 0.000534 0.000510 0.000475 0.000428 0.000367 0.000291 0.000202 0.000104 0.000000 
50.000000 41.465477 33.321216 25.904004 19.455882 14.103365 9.859298 6.643352 4.313263 2.698024 1.626041 0.944433 0.528907 0.285846 0.149315 0.075611 0.037340 0.018211 0.009000 0.004723 0.002807 0.001978 0.001631 0.001491 0.001436 0.001415 0.001408 0.001405 0.001404 0.001404 0.001404 0.001404 0.001403 0.001403 0.001402 0.001401 0.001398 0.001394 0.001385 0.001370 0.001345 0.001306 0.001247 0.001163 0.001047 0.000898 0.000713 0.000496 0.000255 0.000000 
50.000000 41.465805 33.321857 25.904931 19.457055 14.104744 9.860839 6.645016 4.315016 2.699839 1.627895 0.946314 0.530804 0.287752 0.151226 0.077524 0.039255 0.020127 0.010916 0.006639 0.004723 0.003894 0.003547 0.003407 0.003352 0.003332 0.003324 0.003321 0.003320 0.003320 0.003320 0.003320 0.003319 0.003318 0.003317 0.003314 0.003308 0.003296 0.003276 0.003241 0.003183 0.003091 0.002953 0.002755 0.002483 0.002130 0.001692 0.001177 0.000605 0.000000 
50.000000 41.466538 33.323288 25.906997 19.459674 14.107821 9.864279 6.648730 4.318928 2.703888 1.632036 0.950512 0.535036 0.292005 0.155491 0.081795 0.043529 0.024402 0.015192 0.010916 0.009000 0.008171 0.007824 0.007684 0.007629 0.007608 0.007601 0.007598 0.007597 0.007597 0.007596 0.007596 0.007595 0.007594 0.007590 0.007584 0.007570 0.007545 0.007499 0.007420 0.007290 0.007083 0.006770 0.006319 0.005700 0.004891 0.003888 0.002707 0.001391 0.000000 
50.000000 41.468114 33.326369 25.911447 19.465313 14.114446 9.871685 6.656727 4.327353 2.712608 1.640952 0.959552 0.544153 0.301165 0.164676 0.090993 0.052734 0.033611 0.024402 0.020127 0.018211 0.017382 0.017036 0.016896 0.016841 0.016820 0.016812 0.016810 0.016809 0.016808 0.016808 0.016807 0.016806 0.016802 0.016795 0.016780 0.016751 0.016697 0.016599 0.016428 0.016144 0.015693 0.015009 0.014019 0.012654 0.010867 0.008644 0.006023 0.003095 0.000000 
50.000000 41.471387 33.332764 25.920685 19.477021 14.128202 9.887063 6.673333 4.344846 2.730717 1.659467 0.978326 0.563084 0.320188 0.183750 0.110095 0.071850 0.052734 0.043529 0.039255 0.037340 0.036512 0.036165 0.036025 0.035970 0.035949 0.035942 0.035939 0.035938 0.035937 0.035937 0.035935 0.035932 0.035925 0.035910 0.035880 0.035820 0.035708 0.035503 0.035147 0.034553 0.033605 0.032162 0.030064 0.027162 0.023348 0.018588 0.012960 0.006663 0.000000 
50.000000 41.477934 33.345557 25.939164 19.500440 14.155718 9.917825 6.706551 4.379842 2.766943 1.696509 1.015885 0.600957 0.358245 0.221910 0.148311 0.110095 0.090993 0.081795 0.077524 0.075610 0.074783 0.074436 0.074296 0.074242 0.074221 0.074213 0.074210 0.074209 0.074208 0.074207 0.074204 0.074198 0.074184 0.074155 0.074095 0.073977 0.073753 0.073345 0.072631 0.071434 0.069516 0.066581 0.062297 0.056344 0.048484 0.038639 0.026964 0.013870 0.000000 
50.000000 41.490538 33.370187 25.974743 19.545532 14.208702 9.977060 6.770519 4.447235 2.836707 1.767844 1.088217 0.673896 0.431539 0.295402 0.221910 0.183750 0.164676 0.155491 0.151226 0.149315 0.148488 0.148143 0.148003 0.147948 0.147927 0.147920 0.147917 0.147916 0.147914 0.147912 0.147907 0.147895 0.147870 0.147814 0.147701 0.147477 0.147049 0.146265 0.144889 0.142573 0.138841 0.133099 0.124672 0.112899 0.097277 0.077623 0.054224 0.027912 0.000000 
50.000000 41.513881 33.415802 26.040635 19.629044 14.306832 10.086772 6.889000 4.572062 2.965928 1.899979 1.222202 0.809007 0.567307 0.431539 0.358245 0.320188 0.301165 0.292005 0.287752 0.285846 0.285022 0.284677 0.284537 0.284483 0.284462 0.284454 0.284451 0.284450 0.284448 0.284444 0.284435 0.284414 0.284367 0.284268 0.284062 0.283653 0.282871 0.281431 0.278889 0.274585 0.267612 0.256814 0.240868 0.218452 0.188524 0.150663 0.105382 0.054293 0.000000 
50.000000 41.555427 33.496989 26.157915 19.777690 14.481500 10.282062 7.099903 4.794269 3.195964 2.135204 1.460723 1.049535 0.809007 0.673896 0.600957 0.563084 0.544153 0.535036 0.530804 0.528907 0.528087 0.527743 0.527605 0.527550 0.527530 0.527522 0.527519 0.527517 0.527514 0.527507 0.527492 0.527456 0.527376 0.527204 0.526848 0.526136 0.524767 0.522236 0.517740 0.510081 0.497586 0.478102 0.449112 0.408054 0.352837 0.282512 0.197922 0.102079 0.000000 
50.000000 41.626436 33.635753 26.358373 20.031763 14.780061 10.615879 7.460419 5.174115 3.589199 2.537317 1.868476 1.460723 1.222202 1.088217 1.015885 0.978326 0.959552 0.950512 0.946314 0.944433 0.943619 0.943279 0.943141 0.943087 0.943067 0.943059 0.943056 0.943053 0.943049 0.943038 0.943012 0.942954 0.942823 0.942540 0.941952 0.940770 0.938487 0.934238 0.926643 0.913612 0.892190 0.858506 0.807951 0.735708 0.637686 0.511801 0.359292 0.185566 0.000000 
50.000000 41.742891 33.863329 26.687131 20.448463 15.269734 11.163389 8.051734 5.797150 4.234208 3.196900 2.537317 2.135204 1.899979 1.767844 1.696509 1.659467 1.640952 1.632036 1.627895 1.626040 1.625238 1.624902 1.624766 1.624713 1.624693 1.624685 1.624681 1.624678 1.624671 1.624655 1.624615 1.624524 1.624320 1.623878 1.622954 1.621090 1.617464 1.610675 1.598450 1.577308 1.542245 1.486579 1.402173 1.280253 1.113024 0.896016 0.630691 0.326338 0.000000 
50.000000 41.926008 34.221177 27.204091 21.103717 16.039755 12.024380 8.981631 6.776950 5.248583 4.234208 3.589199 3.195964 2.965928 2.836707 2.766943 2.730717 2.712608 2.703888 2.699839 2.698024 2.697239 2.696911 2.696778 2.696726 2.696706 2.696698 2.696694 2.696690 2.696680 2.696656 2.696598 2.696464 2.696164 2.695509 2.694134 2.691343 2.685883 2.675587 2.656900 2.624292 2.569666 2.481976 2.347390 2.150455 1.876696 1.516747 1.071391 0.555757 0.000000 
50.000000 42.201874 34.760281 27.982909 22.090900 17.199864 13.321570 10.382664 8.253197 6.776950 5.797150 5.174115 4.794269 4.572062 4.447235 4.379842 4.344846 4.327353 4.318928 4.315016 4.313263 4.312504 4.312187 4.312059 4.312008 4.311989 4.311981 4.311977 4.311971 4.311957 4.311924 4.311845 4.311660 4.311241 4.310326 4.308394 4.304450 4.296683 4.281925 4.254906 4.207284 4.126598 3.995406 3.791154 3.487568 3.058486 2.484746 1.763623 0.918048 0.000000 
50.000000 42.599765 35.537854 29.106247 23.514795 18.873215 15.192684 12.403602 10.382664 8.981631 8.051734 7.460419 7.099903 6.889000 6.770519 6.706551 6.673333 6.656727 6.648730 6.645016 6.643352 6.642632 6.642331 6.642209 6.642161 6.642143 6.642135 6.642130 6.642123 6.642105 6.642063 6.641960 6.641718 6.641171 6.639970 6.637420 6.632185 6.621802 6.601913 6.565154 6.499654 6.387258 6.201801 5.908174 5.463419 4.821648 3.944645 2.818779 1.474836 0.000000 
50.000000 43.148847 36.610900 30.656461 25.479807 21.182518 17.774951 15.192684 13.321570 12.024380 11.163389 10.615879 10.282062 10.086772 9.977060 9.917825 9.887063 9.871685 9.864279 9.860839 9.859298 9.858631 9.858352 9.858239 9.858195 9.858178 9.858171 9.858165 9.858157 9.858136 9.858084 9.857960 9.857667 9.856999 9.855528 9.852389 9.845904 9.832950 9.807927 9.761216 9.676991 9.530417 9.284510 8.887476 8.272239 7.361160 6.080281 4.387484 2.313710 0.000000 
50.000000 43.873377 38.026823 32.702044 28.072769 24.229836 21.182518 18.873215 17.199864 16.039755 15.269734 14.780061 14.481500 14.306832 14.208702 14.155718 14.128202 14.114446 14.107821 14.104744 14.103365 14.102768 14.102519 14.102418 14.102378 14.102363 14.102356 14.102351 14.102341 14.102318 14.102260 14.102121 14.101792 14.101040 14.099374 14.095802 14.088380 14.073446 14.044353 13.989481 13.889301 13.712296 13.409796 12.910279 12.114918 10.898419 9.123208 6.680044 3.567966 0.000000 
50.000000 44.787041 39.812373 35.281647 31.342681 28.072769 25.479807 23.514795 22.090900 21.103717 20.448463 20.031763 19.777690 19.629044 19.545532 19.500440 19.477021 19.465313 19.459674 19.457055 19.455882 19.455374 19.455161 19.455075 19.455042 19.455028 19.455023 19.455017 19.455008 19.454984 19.454926 19.454783 19.454446 19.453674 19.451956 19.448255 19.440520 19.424853 19.394078 19.335439 19.227021 19.032414 18.693147 18.118647 17.174350 15.671340 13.368106 10.011143 5.467245 0.000000 
50.000000 45.887629 41.963232 38.389036 35.281647 32.702044 30.656461 29.106247 27.982909 27.204091 26.687131 26.358373 26.157915 26.040635 25.974743 25.939164 25.920685 25.911447 25.906997 25.904930 25.904004 25.903604 25.903436 25.903368 25.903341 25.903331 25.903326 25.903322 25.903313 25.903292 25.903239 25.903109 25.902803 25.902097 25.900524 25.897120 25.889972 25.875404 25.846572 25.791116 25.687344 25.498164 25.161602 24.576179 23.578837 21.913541 19.194518 14.894488 8.476796 0.000000 
50.000000 47.153544 44.437192 41.963232 39.812373 38.026823 36.610900 35.537854 34.760281 34.221177 33.863329 33.635753 33.496989 33.415802 33.370187 33.345557 33.332764 33.326369 33.323288 33.321857 33.321216 33.320938 33.320822 33.320775 33.320757 33.320750 33.320746 33.320743 33.320736 33.320720 33.320680 33.320581 33.320346 33.319804 33.318593 33.315963 33.310419 33.299067 33.276461 33.232638 33.149786 32.996657 32.719075 32.223416 31.346779 29.801229 27.068744 22.218596 13.710777 0.000000 
50.000000 48.543486 47.153544 45.887629 44.787041 43.873377 43.148847 42.599765 42.201874 41.926008 41.742891 41.626436 41.555427 41.513881 41.490538 41.477934 41.471387 41.468114 41.466538 41.465805 41.465477 41.465335 41.465276 41.465252 41.465242 41.465239 41.465237 41.465235 41.465232 41.465223 41.465201 41.465147 41.465019 41.464724 41.464063 41.462626 41.459588 41.453348 41.440870 41.416553 41.370251 41.283826 41.124928 40.835137 40.305411 39.319796 37.410833 33.442767 24.271743 0.000000 
50.000000 50.000000 50.000000 50.000000 50.000000 50.000000 50.000000 50.000000 50.000000 50.000000 50.000000 50.000000 50.000000 50.000000 50.000000 50.000000 50.000000 50.000000 50.000000 50.000000 50.000000 50.000000 50.000000 50.000000 50.000000 50.000000 50.000000 50.000000 50.000000 50.000000 50.000000 50.000000 50.000000 50.000000 50.000000 50.000000 50.000000 50.000000 50.000000 50.000000 50.000000 50.000000 50.000000 50.000000 50.000000 50.000000 50.000000 50.000000 50.000000 50.000000 
