50.000000 50.000000 50.000000 50.000000 50.000000 50.000000 50.000000 50.000000 50.000000 50.000000 50.000000 50.000000 50.000000 50.000000 50.000000 50.000000 50.000000 50.000000 50.000000 50.000000 50.000000 50.000000 50.000000 50.000000 50.000000 50.000000 50.000000 50.000000 50.000000 50.000000 50.000000 50.000000 50.000000 50.000000 50.000000 50.000000 50.000000 50.000000 50.000000 50.000000 50.000000 50.000000 50.000000 50.000000 50.000000 50.000000 50.000000 50.000000 50.000000 50.000000 
50.000000 46.175031 42.807856 40.192685 38.393477 37.291175 36.686195 36.386913 36.252647 36.197703 36.177082 36.169948 36.167663 36.166982 36.166792 36.166743 36.166731 36.166728 36.166728 36.166727 36.166727 36.166727 36.166727 36.166727 36.166727 36.166727 36.166727 36.166727 36.166727 36.166727 36.166727 36.166727 36.166727 36.166727 36.166727 36.166724 36.166711 36.166661 36.166470 36.165777 36.163415 36.155826 36.132830 36.066954 35.887603 35.418965 34.223955 31.172216 23.087515 0.000000 
50.000000 42.807856 36.476635 31.559580 28.176889 26.104597 24.967351 24.404809 24.152465 24.049213 24.010466 23.997063 23.992770 23.991491 23.991135 23.991042 23.991020 23.991014 23.991013 23.991013 23.991013 23.991013 23.991013 23.991013 23.991013 23.991013 23.991013 23.991013 23.991013 23.991013 23.991013 23.991013 23.991013 23.991013 23.991012 23.991007 23.990987 23.990908 23.990607 23.989524 23.985863 23.974230 23.939524 23.842343 23.586743 22.954236 21.478850 18.238317 11.635640 0.000000 
50.000000 40.192685 31.559580 24.855166 20.243221 17.418150 15.867969 15.101272 14.757397 14.616715 14.563931 14.545676 14.539829 14.538088 14.537603 14.537477 14.537446 14.537439 14.537438 14.537437 14.537437 14.537437 14.537437 14.537437 14.537437 14.537437 14.537437 14.537437 14.537437 14.537437 14.537437 14.537437 14.537437 14.537437 14.537436 14.537431 14.537411 14.537330 14.537024 14.535932 14.532277 14.520819 14.487259 14.395616 14.162918 13.615305 12.427583 10.080730 5.968730 0.000000 
50.000000 38.393477 28.176889 20.243221 14.786142 11.443739 9.609920 8.703069 8.296398 8.130054 8.067652 8.046075 8.039165 8.037108 8.036536 8.036387 8.036350 8.036342 8.036340 8.036340 8.036340 8.036340 8.036340 8.036340 8.036340 8.036340 8.036340 8.036340 8.036340 8.036340 8.036340 8.036340 8.036340 8.036339 8.036339 8.036335 8.036319 8.036255 8.036013 8.035158 8.032329 8.023581 7.998411 7.931277 7.766044 7.393071 6.627917 5.222654 2.974512 0.000000 
50.000000 37.291175 26.104597 17.418150 11.443739 7.784832 5.777593 4.785111 4.340102 4.158104 4.089841 4.066241 4.058685 4.056436 4.055811 4.055648 4.055608 4.055599 4.055597 4.055596 4.055596 4.055596 4.055596 4.055596 4.055596 4.055596 4.055596 4.055596 4.055596 4.055596 4.055596 4.055596 4.055596 4.055596 4.055595 4.055593 4.055582 4.055540 4.055382 4.054828 4.053012 4.047467 4.031771 3.990757 3.892416 3.677694 3.255232 2.517855 1.403571 0.000000 
50.000000 36.686195 24.967351 15.867969 9.609920 5.777593 3.675403 2.636077 2.170115 1.979570 1.908110 1.883407 1.875500 1.873146 1.872492 1.872321 1.872280 1.872270 1.872268 1.872267 1.872267 1.872267 1.872267 1.872267 1.872267 1.872267 1.872267 1.872267 1.872267 1.872267 1.872267 1.872267 1.872267 1.872267 1.872267 1.872266 1.872260 1.872236 1.872147 1.871839 1.870837 1.867814 1.859375 1.837702 1.786836 1.678644 1.472353 1.125007 0.619241 0.000000 
50.000000 36.386913 24.404809 15.101272 8.703069 4.785111 2.636077 1.573661 1.097382 0.902633 0.829603 0.804360 0.796280 0.793875 0.793207 0.793033 0.792990 0.792980 0.792978 0.792978 0.792978 0.792978 0.792978 0.792978 0.792978 0.792978 0.792978 0.792978 0.792978 0.792978 0.792978 0.792978 0.792978 0.792977 0.792977 0.792977 0.792974 0.792962 0.792918 0.792768 0.792282 0.790832 0.786831 0.776702 0.753340 0.704658 0.614013 0.465285 0.254083 0.000000 
50.000000 36.252647 24.152465 14.757397 8.296398 4.340102 2.170115 1.097382 0.616499 0.419876 0.346146 0.320663 0.312506 0.310079 0.309404 0.309228 0.309185 0.309175 0.309173 0.309173 0.309173 0.309173 0.309173 0.309173 0.309173 0.309173 0.309173 0.309173 0.309173 0.309173 0.309173 0.309173 0.309173 0.309173 0.309173 0.309172 0.309171 0.309166 0.309147 0.309081 0.308871 0.308249 0.306550 0.302301 0.292635 0.272817 0.236578 0.178235 0.096821 0.000000 
50.000000 36.197703 24.049213 14.616715 8.130054 4.158104 1.979570 0.902633 0.419876 0.222492 0.148478 0.122897 0.114710 0.112273 0.111596 0.111420 0.111376 0.111367 0.111364 0.111364 0.111364 0.111364 0.111364 0.111364 0.111364 0.111364 0.111364 0.111364 0.111364 0.111364 0.111364 0.111364 0.111364 0.111364 0.111364 0.111364 0.111363 0.111361 0.111354 0.111328 0.111246 0.111005 0.110351 0.108733 0.105093 0.097725 0.084438 0.063350 0.034288 0.000000 
50.000000 36.177082 24.010466 14.563931 8.067652 4.089841 1.908110 0.829603 0.346146 0.148478 0.074359 0.048742 0.040543 0.038103 0.037425 0.037248 0.037205 0.037195 0.037193 0.037193 0.037192 0.037192 0.037192 0.037192 0.037192 0.037192 0.037192 0.037192 0.037192 0.037192 0.037192 0.037192 0.037192 0.037192 0.037192 0.037192 0.037192 0.037191 0.037189 0.037180 0.037150 0.037065 0.036835 0.036271 0.035013 0.032494 0.027999 0.020941 0.011305 0.000000 
50.000000 36.169948 23.997063 14.545676 8.046075 4.066241 1.883407 0.804360 0.320663 0.122897 0.048742 0.023112 0.014910 0.012468 0.011790 0.011613 0.011570 0.011560 0.011558 0.011558 0.011557 0.011557 0.011557 0.011557 0.011557 0.011557 0.011557 0.011557 0.011557 0.011557 0.011557 0.011557 0.011557 0.011557 0.011557 0.011557 0.011557 0.011557 0.011556 0.011553 0.011544 0.011516 0.011442 0.011260 0.010859 0.010062 0.008652 0.006456 0.003479 0.000000 
50.000000 36.167663 23.992770 14.539829 8.039165 4.058685 1.875500 0.796280 0.312506 0.114710 0.040543 0.014910 0.006706 0.004264 0.003586 0.003409 0.003366 0.003356 0.003354 0.003353 0.003353 0.003353 0.003353 0.003353 0.003353 0.003353 0.003353 0.003353 0.003353 0.003353 0.003353 0.003353 0.003353 0.003353 0.003353 0.003353 0.003353 0.003353 0.003353 0.003352 0.003349 0.003340 0.003318 0.003264 0.003145 0.002911 0.002499 0.001861 0.001001 0.000000 
50.000000 36.166982 23.991491 14.538088 8.037108 4.056436 1.873146 0.793875 0.310079 0.112273 0.038103 0.012468 0.004264 0.001822 0.001144 0.000967 0.000924 0.000914 0.000912 0.000911 0.000911 0.000911 0.000911 0.000911 0.000911 0.000911 0.000911 0.000911 0.000911 0.000911 0.000911 0.000911 0.000911 0.000911 0.000911 0.000911 0.000911 0.000911 0.000911 0.000911 0.000910 0.000908 0.000901 0.000886 0.000854 0.000789 0.000677 0.000503 0.000270 0.000000 
50.000000 36.166792 23.991135 14.537603 8.036536 4.055811 1.872492 0.793207 0.309404 0.111596 0.037425 0.011790 0.003586 0.001144 0.000465 0.000288 0.000245 0.000235 0.000233 0.000233 0.000233 0.000233 0.000233 0.000233 0.000233 0.000233 0.000233 0.000233 0.000233 0.000233 0.000233 0.000233 0.000233 0.000233 0.000233 0.000233 0.000233 0.000233 0.000233 0.000232 0.000232 0.000232 0.000230 0.000226 0.000218 0.000201 0.000172 0.000128 0.000069 0.000000 
50.000000 36.166743 23.991042 14.537477 8.036387 4.055648 1.872321 0.793033 0.309228 0.111420 0.037248 0.011613 0.003409 0.000967 0.000288 0.000112 0.000069 0.000059 0.000056 0.000056 0.000056 0.000056 0.000056 0.000056 0.000056 0.000056 0.000056 0.000056 0.000056 0.000056 0.000056 0.000056 0.000056 0.000056 0.000056 0.000056 0.000056 0.000056 0.000056 0.000056 0.000056 0.000056 0.000055 0.000054 0.000052 0.000048 0.000041 0.000031 0.000016 0.000000 
50.000000 36.166731 23.991020 14.537446 8.036350 4.055608 1.872280 0.792990 0.309185 0.111376 0.037205 0.011570 0.003366 0.000924 0.000245 0.000069 0.000025 0.000015 0.000013 0.000013 0.000013 0.000013 0.000013 0.000013 0.000013 0.000013 0.000013 0.000013 0.000013 0.000013 0.000013 0.000013 0.000013 0.000013 0.000013 0.000013 0.000013 0.000013 0.000013 0.000013 0.000013 0.000013 0.000013 0.000012 0.000012 0.000011 0.000009 0.000007 0.000004 0.000000 
50.000000 36.166728 23.991014 14.537439 8.036342 4.055599 1.872270 0.792980 0.309175 0.111367 0.037195 0.011560 0.003356 0.000914 0.000235 0.000059 0.000015 0.000005 0.000003 0.000003 0.000003 0.000003 0.000003 0.000003 0.000003 0.000003 0.000003 0.000003 0.000003 0.000003 0.000003 0.000003 0.000003 0.000003 0.000003 0.000003 0.000003 0.000003 0.000003 0.000003 0.000003 0.000003 0.000003 0.000003 0.000003 0.000002 0.000002 0.000001 0.000001 0.000000 
50.000000 36.166728 23.991013 14.537438 8.036340 4.055597 1.872268 0.792978 0.309173 0.111364 0.037193 0.011558 0.003354 0.000912 0.000233 0.000056 0.000013 0.000003 0.000001 0.000001 0.000001 0.000001 0.000001 0.000001 0.000001 0.000001 0.000001 0.000001 0.000001 0.000001 0.000001 0.000001 0.000001 0.000001 0.000001 0.000001 0.000001 0.000001 0.000001 0.000001 0.000001 0.000001 0.000001 0.000001 0.000001 0.000000 0.000000 0.000000 0.000000 0.000000 
50.000000 36.166727 23.991013 14.537437 8.036340 4.055596 1.872267 0.792978 0.309173 0.111364 0.037193 0.011558 0.003353 0.000911 0.000233 0.000056 0.000013 0.000003 0.000001 0.000000 0.000000 0.000000 0.000000 0.000000 0.000000 0.000000 0.000000 0.000000 0.000000 0.000000 0.000000 0.000000 0.000000 0.000000 0.000000 0.000000 0.000000 0.000000 0.000000 0.000000 0.000000 0.000000 0.000000 0.000000 0.000000 0.000000 0.000000 0.000000 0.000000 0.000000 
50.000000 36.166727 23.991013 14.537437 8.036340 4.055596 1.872267 0.792978 0.309173 0.111364 0.037192 0.011557 0.003353 0.000911 0.000233 0.000056 0.000013 0.000003 0.000001 0.000000 0.000000 0.000000 0.000000 0.000000 0.000000 0.000000 0.000000 0.000000 0.000000 0.000000 0.000000 0.000000 0.000000 0.000000 0.000000 0.000000 0.000000 0.000000 0.000000 0.000000 0.000000 0.000000 0.000000 0.000000 0.000000 0.000000 0.000000 0.000000 0.000000 0.000000 
50.000000 36.166727 23.991013 14.537437 8.036340 4.055596 1.872267 0.792978 0.309173 0.111364 0.037192 0.011557 0.003353 0.000911 0.000233 0.000056 0.000013 0.000003 0.000001 0.000000 0.000000 0.000000 0.000000 0.000000 0.000000 0.000000 0.000000 0.000000 0.000000 0.000000 0.000000 0.000000 0.000000 0.000000 0.000000 0.000000 0.000000 0.000000 0.000000 0.000000 0.000000 0.000000 0.000000 0.000000 0.000000 0.000000 0.000000 0.000000 0.000000 0.000000 
50.000000 36.166727 23.991013 14.537437 8.036340 4.055596 1.872267 0.792978 0.309173 0.111364 0.037192 0.011557 0.003353 0.000911 0.000233 0.000056 0.000013 0.000003 0.000001 0.000000 0.000000 0.000000 0.000000 0.000000 0.000000 0.000000 0.000000 0.000000 0.000000 0.000000 0.000000 0.000000 0.000000 0.000000 0.000000 0.000000 0.000000 0.000000 0.000000 0.000000 0.000000 0.000000 0.000000 0.000000 0.000000 0.000000 0.000000 0.000000 0.000000 0.000000 
50.000000 36.166727 23.991013 14.537437 8.036340 4.055596 1.872267 0.792978 0.309173 0.111364 0.037192 0.011557 0.003353 0.000911 0.000233 0.000056 0.000013 0.000003 0.000001 0.000000 0.000000 0.000000 0.000000 0.000000 0.000000 0.000000 0.000000 0.000000 0.000000 0.000000 0.000000 0.000000 0.000000 0.000000 0.000000 0.000000 0.000000 0.000000 0.000000 0.000000 0.000000 0.000000 0.000000 0.000000 0.000000 0.000000 0.000000 0.000000 0.000000 0.000000 
50.000000 36.166727 23.991013 14.537437 8.036340 4.055596 1.872267 0.792978 0.309173 0.111364 0.037192 0.011557 0.003353 0.000911 0.000233 0.000056 0.000013 0.000003 0.000001 0.000000 0.000000 0.000000 0.000000 0.000000 0.000000 0.000000 0.000000 0.000000 0.000000 0.000000 0.000000 0.000000 0.000000 0.000000 0.000000 0.000000 0.000000 0.000000 0.000000 0.000000 0.000000 0.000000 0.000000 0.000000 0.000000 0.000000 0.000000 0.000000 0.000000 0.000000 
50.000000 36.166727 23.991013 14.537437 8.036340 4.055596 1.872267 0.792978 0.309173 0.111364 0.037192 0.011557 0.003353 0.000911 0.000233 0.000056 0.000013 0.000003 0.000001 0.000000 0.000000 0.000000 0.000000 0.000000 0.000000 0.000000 0.000000 0.000000 0.000000 0.000000 0.000000 0.000000 0.000000 0.000000 0.000000 0.000000 0.000000 0.000000 0.000000 0.000000 0.000000 0.000000 0.000000 0.000000 0.000000 0.000000 0.000000 0.000000 0.000000 0.000000 
50.000000 36.166727 23.991013 14.537437 8.036340 4.055596 1.872267 0.792978 0.309173 0.111364 0.037192 0.011557 0.003353 0.000911 0.000233 0.000056 0.000013 0.000003 0.000001 0.000000 0.000000 0.000000 0.000000 0.000000 0.000000 0.000000 0.000000 0.000000 0.000000 0.000000 0.000000 0.000000 0.000000 0.000000 0.000000 0.000000 0.000000 0.000000 0.000000 0.000000 0.000000 0.000000 0.000000 0.000000 0.000000 0.000000 0.000000 0.000000 0.000000 0.000000 
50.000000 36.166727 23.991013 14.537437 8.036340 4.055596 1.872267 0.792978 0.309173 0.111364 0.037192 0.011557 0.003353 0.000911 0.000233 0.000056 0.000013 0.000003 0.000001 0.000000 0.000000 0.000000 0.000000 0.000000 0.000000 0.000000 0.000000 0.000000 0.000000 0.000000 0.000000 0.000000 0.000000 0.000000 0.000000 0.000000 0.000000 0.000000 0.000000 0.000000 0.000000 0.000000 0.000000 0.000000 0.000000 0.000000 0.000000 0.000000 0.000000 0.000000 
50.000000 36.166727 23.991013 14.537437 8.036340 4.055596 1.872267 0.792978 0.309173 0.111364 0.037192 0.011557 0.003353 0.000911 0.000233 0.000056 0.000013 0.000003 0.000001 0.000000 0.000000 0.000000 0.000000 0.000000 0.000000 0.000000 0.000000 0.000000 0.000000 0.000000 0.000000 0.000000 0.000000 0.000000 0.000000 0.000000 0.000000 0.000000 0.000000 0.000000 0.000000 0.000000 0.000000 0.000000 0.000000 0.000000 0.000000 0.000000 0.000000 0.000000 
50.000000 36.166727 23.991013 14.537437 8.036340 4.055596 1.872267 0.792978 0.309173 0.111364 0.037192 0.011557 0.003353 0.000911 0.000233 0.000056 0.000013 0.000003 0.000001 0.000000 0.000000 0.000000 0.000000 0.000000 0.000000 0.000000 0.000000 0.000000 0.000000 0.000000 0.000000 0.000000 0.000000 0.000000 0.000000 0.000000 0.000000 0.000000 0.000000 0.000000 0.000000 0.000000 0.000000 0.000000 0.000000 0.000000 0.000000 0.000000 0.000000 0.000000 
50.000000 36.166727 23.991013 14.537437 8.036340 4.055596 1.872267 0.792978 0.309173 0.111364 0.037193 0.011558 0.003353 0.000911 0.000233 0.000056 0.000013 0.000003 0.000001 0.000000 0.000000 0.000000 0.000000 0.000000 0.000000 0.000000 0.000000 0.000000 0.000000 0.000000 0.000000 0.000000 0.000000 0.000000 0.000000 0.000000 0.000000 0.000000 0.000000 0.000000 0.000000 0.000000 0.000000 0.000000 0.000000 0.000000 0.000000 0.000000 0.000000 0.000000 
50.000000 36.166728 23.991013 14.537438 8.036340 4.055597 1.872268 0.792978 0.309173 0.111364 0.037193 0.011558 0.003354 0.000912 0.000233 0.000056 0.000013 0.000003 0.000001 0.000001 0.000001 0.000001 0.000001 0.000001 0.000001 0.000001 0.000001 0.000001 0.000001 0.000001 0.000001 0.000001 0.000001 0.000001 0.000001 0.000001 0.000001 0.000001 0.000001 0.000001 0.000001 0.000001 0.000001 0.000001 0.000001 0.000000 0.000000 0.000000 0.000000 0.000000 
50.000000 36.166728 23.991014 14.537439 8.036342 4.055599 1.872270 0.792980 0.309175 0.111367 0.037195 0.011560 0.003356 0.000914 0.000235 0.000059 0.000015 0.000005 0.000003 0.000003 0.000003 0.000003 0.000003 0.000003 0.000003 0.000003 0.000003 0.000003 0.000003 0.000003 0.000003 0.000003 0.000003 0.000003 0.000003 0.000003 0.000003 0.000003 0.000003 0.000003 0.000003 0.000003 0.000003 0.000003 0.000003 0.000002 0.000002 0.000001 0.000001 0.000000 
50.000000 36.166731 23.991020 14.537446 8.036350 4.055608 1.872280 0.792990 0.309185 0.111376 0.037205 0.011570 0.003366 0.000924 0.000245 0.000069 0.000025 0.000015 0.000013 0.000013 0.000013 0.000013 0.000013 0.000013 0.000013 0.000013 0.000013 0.000013 0.000013 0.000013 0.000013 0.000013 0.000013 0.000013 0.000013 0.000013 0.000013 0.000013 0.000013 0.000013 0.000013 0.000013 0.000013 0.000012 0.000012 0.000011 0.000009 0.000007 0.000004 0.000000 
50.000000 36.166743 23.991042 14.537477 8.036387 4.055648 1.872321 0.793033 0.309228 0.111420 0.037248 0.011613 0.003409 0.000967 0.000288 0.000112 0.000069 0.000059 0.000056 0.000056 0.000056 0.000056 0.000056 0.000056 0.000056 0.000056 0.000056 0.000056 0.000056 0.000056 0.000056 0.000056 0.000056 0.000056 0.000056 0.000056 0.000056 0.000056 0.000056 0.000056 0.000056 0.000056 0.000055 0.000054 0.000052 0.000048 0.000041 0.000031 0.000016 0.000000 
50.000000 36.166792 23.991135 14.537603 8.036536 4.055811 1.872492 0.793207 0.309404 0.111596 0.037425 0.011790 0.003586 0.001144 0.000465 0.000288 0.000245 0.000235 0.000233 0.000233 0.000233 0.000233 0.000233 0.000233 0.000233 0.000233 0.000233 0.000233 0.000233 0.000233 0.000233 0.000233 0.000233 0.000233 0.000233 0.000233 0.000233 0.000233 0.000233 0.000232 0.000232 0.000232 0.000230 0.000226 0.000218 0.000201 0.000172 0.000128 0.000069 0.000000 
50.000000 36.166982 23.991491 14.538088 8.037108 4.056436 1.873146 0.793875 0.310079 0.112273 0.038103 0.012468 0.004264 0.001822 0.001144 0.000967 0.000924 0.000914 0.000912 0.000911 0.000911 0.000911 0.000911 0.000911 0.000911 0.000911 0.000911 0.000911 0.000911 0.000911 0.000911 0.000911 0.000911 0.000911 0.000911 0.000911 0.000911 0.000911 0.000911 0.000911 0.000910 0.000908 0.000901 0.000886 0.000854 0.000789 0.000677 0.000503 0.000270 0.000000 
50.000000 36.167663 23.992770 14.539829 8.039165 4.058685 1.875500 0.796280 0.312506 0.114710 0.040543 0.014910 0.006706 0.004264 0.003586 0.003409 0.003366 0.003356 0.003354 0.003353 0.003353 0.003353 0.003353 0.003353 0.003353 0.003353 0.003353 0.003353 0.003353 0.003353 0.003353 0.003353 0.003353 0.003353 0.003353 0.003353 0.003353 0.003353 0.003353 0.003352 0.003349 0.003340 0.003318 0.003264 0.003145 0.002911 0.002499 0.001861 0.001001 0.000000 
50.000000 36.169948 23.997063 14.545676 8.046075 4.066241 1.883407 0.804360 0.320663 0.122897 0.048742 0.023112 0.014910 0.012468 0.011790 0.011613 0.011570 0.011560 0.011558 0.011558 0.011557 0.011557 0.011557 0.011557 0.011557 0.011557 0.011557 0.011557 0.011557 0.011557 0.011557 0.011557 0.011557 0.011557 0.011557 0.011557 0.011557 0.011557 0.011556 0.011553 0.011544 0.011516 0.011442 0.011260 0.010859 0.010062 0.008652 0.006456 0.003479 0.000000 
50.000000 36.177082 24.010466 14.563931 8.067652 4.089841 1.908110 0.829603 0.346146 0.148478 0.074359 0.048742 0.040543 0.038103 0.037425 0.037248 0.037205 0.037195 0.037193 0.037193 0.037192 0.037192 0.037192 0.037192 0.037192 0.037192 0.037192 0.037192 0.037192 0.037192 0.037192 0.037192 0.037192 0.037192 0.037192 0.037192 0.037192 0.037191 0.037189 0.037180 0.037150 0.037065 0.036835 0.036271 0.035013 0.032494 0.027999 0.020941 0.011305 0.000000 
50.000000 36.197703 24.049213 14.616715 8.130054 4.158104 1.979570 0.902633 0.419876 0.222492 0.148478 0.122897 0.114710 0.112273 0.111596 0.111420 0.111376 0.111367 0.111364 0.111364 0.111364 0.111364 0.111364 0.111364 0.111364 0.111364 0.111364 0.111364 0.111364 0.111364 0.111364 0.111364 0.111364 0.111364 0.111364 0.111364 0.111363 0.111361 0.111354 0.111328 0.111246 0.111005 0.110351 0.108733 0.105093 0.097725 0.084438 0.063350 0.034288 0.000000 
50.000000 36.252647 24.152465 14.757397 8.296398 4.340102 2.170115 1.097382 0.616499 0.419876 0.346146 0.320663 0.312506 0.310079 0.309404 0.309228 0.309185 0.309175 0.309173 0.309173 0.309173 0.309173 0.309173 0.309173 0.309173 0.309173 0.309173 0.309173 0.309173 0.309173 0.309173 0.309173 0.309173 0.309173 0.309173 0.309172 0.309171 0.309166 0.309147 0.309081 0.308871 0.308249 0.306550 0.302301 0.292635 0.272817 0.236578 0.178235 0.096821 0.000000 
50.000000 36.386913 24.404809 15.101272 8.703069 4.785111 2.636077 1.573661 1.097382 0.902633 0.829603 0.804360 0.796280 0.793875 0.793207 0.793033 0.792990 0.792980 0.792978 0.792978 0.792978 0.792978 0.792978 0.792978 0.792978 0.792978 0.792978 0.792978 0.792978 0.792978 0.792978 0.792978 0.792978 0.792977 0.792977 0.792977 0.792974 0.792962 0.792918 0.792768 0.792282 0.790832 0.786831 0.776702 0.753340 0.704658 0.614013 0.465285 0.254083 0.000000 
50.000000 36.686195 24.967351 15.867969 9.609920 5.777593 3.675403 2.636077 2.170115 1.979570 1.908110 1.883407 1.875500 1.873146 1.872492 1.872321 1.872280 1.872270 1.872268 1.872267 1.872267 1.872267 1.872267 1.872267 1.872267 1.872267 1.872267 1.872267 1.872267 1.872267 1.872267 1.872267 1.872267 1.872267 1.872267 1.872266 1.872260 1.872236 1.872147 1.871839 1.870837 1.867814 1.859375 1.837702 1.786836 1.678644 1.472353 1.125007 0.619241 0.000000 
50.000000 37.291175 26.104597 17.418150 11.443739 7.784832 5.777593 4.785111 4.340102 4.158104 4.089841 4.066241 4.058685 4.056436 4.055811 4.055648 4.055608 4.055599 4.055597 4.055596 4.055596 4.055596 4.055596 4.055596 4.055596 4.055596 4.055596 4.055596 4.055596 4.055596 4.055596 4.055596 4.055596 4.055596 4.055595 4.055593 4.055582 4.055540 4.055382 4.054828 4.053012 4.047467 4.031771 3.990757 3.892416 3.677694 3.255232 2.517855 1.403571 0.000000 
50.000000 38.393477 28.176889 20.243221 14.786142 11.443739 9.609920 8.703069 8.296398 8.130054 8.067652 8.046075 8.039165 8.037108 8.036536 8.036387 8.036350 8.036342 8.036340 8.036340 8.036340 8.036340 8.036340 8.036340 8.036340 8.036340 8.036340 8.036340 8.036340 8.036340 8.036340 8.036340 8.036340 8.036339 8.036339 8.036335 8.036319 8.036255 8.036013 8.035158 8.032329 8.023581 7.998411 7.931277 7.766044 7.393071 6.627917 5.222654 2.974512 0.000000 
50.000000 40.192685 31.559580 24.855166 20.243221 17.418150 15.867969 15.101272 14.757397 14.616715 14.563931 14.545676 14.539829 14.538088 14.537603 14.537477 14.537446 14.537439 14.537438 14.537437 14.537437 14.537437 14.537437 14.537437 14.537437 14.537437 14.537437 14.537437 14.537437 14.537437 14.537437 14.537437 14.537437 14.537437 14.537436 14.537431 14.537411 14.537330 14.537024 14.535932 14.532277 14.520819 14.487259 14.395616 14.162918 13.615305 12.427583 10.080730 5.968730 0.000000 
50.000000 42.807856 36.476635 31.559580 28.176889 26.104597 24.967351 24.404809 24.152465 24.049213 24.010466 23.997063 23.992770 23.991491 23.991135 23.991042 23.991020 23.991014 23.991013 23.991013 23.991013 23.991013 23.991013 23.991013 23.991013 23.991013 23.991013 23.991013 23.991013 23.991013 23.991013 23.991013 23.991013 23.991013 23.991012 23.991007 23.990987 23.990908 23.990607 23.989524 23.985863 23.974230 23.939524 23.842343 23.586743 22.954236 21.478850 18.238317 11.635640 0.000000 
50.000000 46.175031 42.807856 40.192685 38.393477 37.291175 36.686195 36.386913 36.252647 36.197703 36.177082 36.169948 36.167663 36.166982 36.166792 36.166743 36.166731 36.166728 36.166728 36.166727 36.166727 36.166727 36.166727 36.166727 36.166727 36.166727 36.166727 36.166727 36.166727 36.166727 36.166727 36.166727 36.166727 36.166727 36.166727 36.166724 36.166711 36.166661 36.166470 36.165777 36.163415 36.155826 36.132830 36.066954 35.887603 35.418965 34.223955 31.172216 23.087515 0.000000 
50.000000 50.000000 50.000000 50.000000 50.000000 50.000000 50.000000 50.000000 50.000000 50.000000 50.000000 50.000000 50.000000 50.000000 50.000000 50.000000 50.000000 50.000000 50.000000 50.000000 50.000000 50.000000 50.000000 50.000000 50.000000 50.000000 50.000000 50.000000 50.000000 50.000000 50.000000 50.000000 50.000000 50.000000 50.000000 50.000000 50.000000 50.000000 50.000000 50.000000 50.000000 50.000000 50.000000 50.000000 50.000000 50.000000 50.000000 50.000000 50.000000 50.000000 
