50.000000 50.000000 50.000000 50.000000 50.000000 50.000000 50.000000 50.000000 50.000000 50.000000 50.000000 50.000000 50.000000 50.000000 50.000000 50.000000 50.000000 50.000000 50.000000 50.000000 50.000000 50.000000 50.000000 50.000000 50.000000 50.000000 50.000000 50.000000 50.000000 50.000000 50.000000 50.000000 50.000000 50.000000 50.000000 50.000000 50.000000 50.000000 50.000000 50.000000 50.000000 50.000000 50.000000 50.000000 50.000000 50.000000 50.000000 50.000000 50.000000 50.000000 
50.000000 49.018556 48.067351 47.173833 46.360290 45.642260 45.027874 44.518146 44.108030 43.787968 43.545636 43.367585 43.240603 43.152674 43.093541 43.054905 43.030374 43.015232 43.006143 43.000835 42.997819 42.996150 42.995250 42.994777 42.994533 42.994405 42.994331 42.994269 42.994187 42.994041 42.993761 42.993220 42.992193 42.990281 42.986794 42.980556 42.969603 42.950705 42.918618 42.864893 42.775938 42.629734 42.389946 41.994559 41.331944 40.185210 38.088154 33.908752 24.509278 0.000000 
50.000000 48.067351 46.194250 44.434745 42.832729 41.418796 40.208960 39.205217 38.397626 37.767371 37.290180 36.939570 36.689523 36.516378 36.399936 36.323859 36.275554 36.245737 36.227840 36.217388 36.211449 36.208163 36.206392 36.205460 36.204979 36.204728 36.204583 36.204465 36.204309 36.204032 36.203501 36.202480 36.200543 36.196944 36.190388 36.178683 36.158180 36.122915 36.063274 35.963926 35.800560 35.534618 35.104415 34.409559 33.282282 31.432891 28.345735 23.097125 14.158599 0.000000 
50.000000 47.173833 44.434745 41.861774 39.519106 37.451482 35.682318 34.214530 33.033583 32.111959 31.414164 30.901471 30.535831 30.282646 30.112377 30.001132 29.930498 29.886900 29.860729 29.845447 29.836763 29.831958 29.829368 29.828006 29.827303 29.826937 29.826728 29.826561 29.826345 29.825966 29.825241 29.823849 29.821214 29.816328 29.807452 29.791652 29.764084 29.716891 29.637554 29.506414 29.292945 28.950122 28.405779 27.549252 26.210884 24.132276 20.930887 16.089010 9.085678 0.000000 
50.000000 46.360290 42.832729 39.519106 36.502088 33.839294 31.560878 29.670597 28.149729 26.962833 26.064195 25.403941 24.933067 24.607016 24.387746 24.244488 24.153528 24.097383 24.063683 24.044004 24.032821 24.026634 24.023299 24.021545 24.020641 24.020172 24.019907 24.019702 24.019444 24.018998 24.018150 24.016525 24.013459 24.007788 23.997521 23.979319 23.947714 23.893937 23.804207 23.657279 23.420971 23.047336 22.466081 21.575987 20.234853 18.251044 15.386831 11.399838 6.175080 0.000000 
50.000000 45.642260 41.418796 37.451482 33.839294 30.651216 27.923353 25.660201 23.839340 22.418336 21.342455 20.551980 19.988242 19.597892 19.335383 19.163876 19.054981 18.987768 18.947423 18.923864 18.910477 18.903071 18.899079 18.896981 18.895899 18.895341 18.895030 18.894799 18.894519 18.894044 18.893146 18.891433 18.888209 18.882269 18.871556 18.852655 18.820022 18.764876 18.673628 18.525750 18.290951 17.925635 17.368758 16.537678 15.325608 13.604440 11.240598 8.136514 4.310316 0.000000 
50.000000 45.027874 40.208960 35.682318 31.560878 27.923353 24.810937 22.228755 20.151226 18.529928 17.302408 16.400528 15.757345 15.311990 15.012493 14.816823 14.692588 14.615906 14.569879 14.543003 14.527731 14.519282 14.514728 14.512335 14.511103 14.510470 14.510123 14.509876 14.509592 14.509122 14.508241 14.506569 14.503433 14.497676 14.487340 14.469198 14.438067 14.385843 14.300188 14.162837 13.947539 13.617769 13.124587 12.405468 11.385675 9.984891 8.133066 5.799401 3.033315 0.000000 
50.000000 44.518146 39.205217 34.214530 29.670597 25.660201 22.228755 19.381909 17.091456 15.304005 13.950697 12.956408 12.247329 11.756351 11.426176 11.210466 11.073509 10.988976 10.938237 10.908610 10.891775 10.882461 10.877443 10.874806 10.873449 10.872756 10.872382 10.872129 10.871855 10.871416 10.870605 10.869072 10.866210 10.860977 10.851626 10.835302 10.807468 10.761122 10.685775 10.566205 10.381083 10.101660 9.690954 9.104167 8.291443 7.204516 5.808751 4.100802 2.128201 0.000000 
50.000000 44.108030 38.397626 33.033583 28.149729 23.839340 20.151226 17.091456 14.629707 12.708593 11.254098 10.185475 9.423392 8.895718 8.540870 8.309043 8.161855 8.071009 8.016481 7.984642 7.966550 7.956542 7.951149 7.948316 7.946860 7.946119 7.945727 7.945475 7.945221 7.944832 7.944124 7.942794 7.940322 7.935822 7.927819 7.913926 7.890388 7.851482 7.788770 7.690239 7.539441 7.314854 6.989796 6.533457 5.913705 5.102394 4.083461 2.863009 1.478296 0.000000 
50.000000 43.787968 37.767371 32.111959 26.962833 22.418336 18.529928 15.304005 12.708593 10.683183 9.149736 8.023117 7.219681 6.663379 6.289284 6.044885 5.889718 5.793947 5.736464 5.702901 5.683829 5.673279 5.667595 5.664609 5.663077 5.662300 5.661896 5.661648 5.661420 5.661089 5.660500 5.659401 5.657369 5.653687 5.647169 5.635916 5.616969 5.585875 5.536161 5.458776 5.341591 5.169151 4.922921 4.582389 4.127385 3.541863 2.819014 1.966811 1.012030 0.000000 
50.000000 43.545636 37.290180 31.414164 26.064195 21.342455 17.302408 13.950697 11.254098 9.149736 7.556526 6.386007 5.551273 4.973305 4.584644 4.330731 4.169525 4.070029 4.010311 3.975442 3.955629 3.944669 3.938765 3.935664 3.934074 3.933271 3.932859 3.932620 3.932418 3.932147 3.931677 3.930809 3.929212 3.926332 3.921258 3.912545 3.897961 3.874190 3.836472 3.778263 3.690960 3.563859 3.384491 3.139571 2.816704 2.406917 1.907750 1.326254 0.680742 0.000000 
50.000000 43.367585 36.939570 30.901471 25.403941 20.551980 16.400528 12.956408 10.185475 8.023117 6.386007 5.183245 4.325522 3.731643 3.332285 3.071386 2.905746 2.803515 2.742155 2.706329 2.685972 2.674712 2.668646 2.665461 2.663828 2.663007 2.662591 2.662360 2.662184 2.661967 2.661606 2.660949 2.659745 2.657585 2.653797 2.647324 2.636554 2.619108 2.591622 2.549535 2.486956 2.396704 2.270633 2.100341 1.878352 1.599734 1.263917 0.876296 0.448967 0.000000 
50.000000 43.240603 36.689523 30.535831 24.933067 19.988242 15.757345 12.247329 9.423392 7.219681 5.551273 4.325522 3.451412 2.846190 2.439207 2.173330 2.004530 1.900350 1.837821 1.801312 1.780568 1.769093 1.762912 1.759667 1.758005 1.757170 1.756753 1.756530 1.756376 1.756207 1.755938 1.755458 1.754587 1.753028 1.750309 1.745685 1.738031 1.725706 1.706415 1.677083 1.633806 1.571910 1.486207 1.371502 1.223366 1.039130 0.818940 0.566607 0.289898 0.000000 
50.000000 43.152674 36.516378 30.282646 24.607016 19.597892 15.311990 11.756351 8.895718 6.663380 4.973305 3.731643 2.846190 2.233117 1.820858 1.551536 1.380550 1.275021 1.211683 1.174702 1.153690 1.142068 1.135807 1.132520 1.130838 1.129995 1.129576 1.129360 1.129225 1.129093 1.128900 1.128561 1.127952 1.126870 1.124988 1.121804 1.116559 1.108159 1.095089 1.075344 1.046411 1.005330 0.948883 0.873923 0.777869 0.659302 0.518562 0.358198 0.183071 0.000000 
50.000000 43.093541 36.399936 30.112377 24.387746 19.335383 15.012493 11.426176 8.540870 6.289285 4.584644 3.332285 2.439207 1.820858 1.405054 1.133416 0.960961 0.854526 0.790645 0.753347 0.732155 0.720433 0.714118 0.710804 0.709108 0.708260 0.707841 0.707631 0.707509 0.707407 0.707270 0.707039 0.706628 0.705902 0.704645 0.702527 0.699055 0.693523 0.684960 0.672100 0.653369 0.626944 0.590875 0.543295 0.482727 0.408428 0.320725 0.221253 0.112984 0.000000 
50.000000 43.054905 36.323859 30.001132 24.244488 19.163876 14.816823 11.210466 8.309043 6.044886 4.330732 3.071387 2.173330 1.551536 1.133416 0.860267 0.686853 0.579826 0.515591 0.478086 0.456776 0.444990 0.438640 0.435308 0.433603 0.432751 0.432333 0.432127 0.432016 0.431934 0.431838 0.431685 0.431417 0.430945 0.430134 0.428772 0.426548 0.423022 0.417590 0.409474 0.397717 0.381224 0.358840 0.329483 0.292320 0.246967 0.193681 0.133471 0.068111 0.000000 
50.000000 43.030374 36.275554 29.930499 24.153528 19.054982 14.692588 11.073510 8.161856 5.889718 4.169526 2.905747 2.004531 1.380551 0.960962 0.686854 0.512832 0.405430 0.340970 0.303334 0.281950 0.270122 0.263750 0.260407 0.258696 0.257842 0.257425 0.257222 0.257117 0.257050 0.256983 0.256883 0.256713 0.256417 0.255910 0.255062 0.253682 0.251504 0.248163 0.243195 0.236033 0.226035 0.212533 0.194913 0.172713 0.145741 0.114171 0.078610 0.040093 0.000000 
50.000000 43.015232 36.245738 29.886901 24.097385 18.987769 14.615908 10.988978 8.071011 5.793949 4.070031 2.803517 1.900352 1.275023 0.854528 0.579828 0.405432 0.297799 0.233199 0.195482 0.174053 0.162199 0.155814 0.152464 0.150750 0.149895 0.149477 0.149276 0.149177 0.149120 0.149071 0.149008 0.148903 0.148722 0.148415 0.147903 0.147073 0.145767 0.143774 0.140821 0.136582 0.130691 0.122770 0.112477 0.099561 0.083927 0.065687 0.045195 0.023040 0.000000 
50.000000 43.006144 36.227841 29.860731 24.063686 18.947426 14.569883 10.938242 8.016486 5.736469 4.010316 2.742161 1.837826 1.211689 0.790650 0.515596 0.340974 0.233203 0.168520 0.130755 0.109298 0.097429 0.091036 0.087681 0.085965 0.085109 0.084692 0.084493 0.084396 0.084346 0.084310 0.084268 0.084205 0.084098 0.083917 0.083617 0.083133 0.082373 0.081217 0.079512 0.077073 0.073696 0.069174 0.063319 0.055997 0.047163 0.036885 0.025363 0.012925 0.000000 
50.000000 43.000837 36.217392 29.845453 24.044011 18.923873 14.543013 10.908621 7.984653 5.702913 3.975454 2.706342 1.801325 1.174716 0.753360 0.478099 0.303346 0.195494 0.130763 0.092969 0.071496 0.059619 0.053221 0.049863 0.048146 0.047290 0.046873 0.046674 0.046580 0.046533 0.046505 0.046478 0.046440 0.046378 0.046275 0.046104 0.045829 0.045400 0.044748 0.043790 0.042425 0.040541 0.038026 0.034781 0.030736 0.025868 0.020217 0.013895 0.007078 0.000000 
50.000000 42.997823 36.211458 29.836776 24.032838 18.910498 14.527754 10.891800 7.966577 5.683858 3.955659 2.686003 1.780599 1.153721 0.732186 0.456808 0.281980 0.174082 0.109324 0.071514 0.050032 0.038149 0.031749 0.028390 0.026672 0.025816 0.025399 0.025201 0.025108 0.025063 0.025039 0.025021 0.024998 0.024963 0.024906 0.024811 0.024659 0.024423 0.024066 0.023541 0.022797 0.021773 0.020410 0.018655 0.016474 0.013856 0.010824 0.007435 0.003787 0.000000 
50.000000 42.996161 36.208184 29.831989 24.026673 18.903118 14.519335 10.882520 7.956605 5.673345 3.944738 2.674782 1.769164 1.142139 0.720505 0.445062 0.270194 0.162270 0.097496 0.059678 0.038191 0.026306 0.019904 0.016544 0.014826 0.013969 0.013553 0.013355 0.013262 0.013219 0.013198 0.013184 0.013170 0.013151 0.013119 0.013068 0.012986 0.012859 0.012668 0.012388 0.011991 0.011447 0.010724 0.009797 0.008646 0.007268 0.005675 0.003897 0.001984 0.000000 
50.000000 42.995275 36.206439 29.829438 24.023388 18.899185 14.514849 10.877575 7.951291 5.667743 3.938919 2.668803 1.763072 1.135968 0.714281 0.438804 0.263913 0.155976 0.091195 0.053372 0.031882 0.019995 0.013592 0.010232 0.008514 0.007658 0.007241 0.007043 0.006951 0.006909 0.006889 0.006878 0.006869 0.006858 0.006841 0.006813 0.006770 0.006702 0.006601 0.006453 0.006244 0.005958 0.005579 0.005093 0.004493 0.003775 0.002946 0.002022 0.001029 0.000000 
50.000000 42.994831 36.205565 29.828159 24.021742 18.897215 14.512601 10.875097 7.948628 5.664936 3.936003 2.665807 1.760019 1.132876 0.711163 0.435668 0.260767 0.152823 0.088037 0.050212 0.028721 0.016833 0.010430 0.007070 0.005352 0.004495 0.004078 0.003881 0.003789 0.003747 0.003728 0.003718 0.003712 0.003705 0.003695 0.003680 0.003656 0.003619 0.003563 0.003482 0.003368 0.003212 0.003007 0.002744 0.002419 0.002031 0.001585 0.001088 0.000553 0.000000 
50.000000 42.994648 36.205205 29.827633 24.021064 18.896404 14.511676 10.874077 7.947532 5.663781 3.934802 2.664574 1.758763 1.131603 0.709879 0.434377 0.259472 0.151525 0.086738 0.048911 0.027419 0.015532 0.009128 0.005768 0.004050 0.003193 0.002776 0.002579 0.002487 0.002445 0.002427 0.002417 0.002412 0.002407 0.002400 0.002390 0.002374 0.002350 0.002313 0.002260 0.002186 0.002084 0.001950 0.001778 0.001567 0.001316 0.001026 0.000704 0.000358 0.000000 
50.000000 42.994648 36.205205 29.827633 24.021064 18.896404 14.511676 10.874077 7.947532 5.663781 3.934802 2.664574 1.758763 1.131603 0.709879 0.434377 0.259472 0.151525 0.086738 0.048911 0.027419 0.015532 0.009128 0.005768 0.004050 0.003193 0.002776 0.002579 0.002487 0.002445 0.002427 0.002417 0.002412 0.002407 0.002400 0.002390 0.002374 0.002350 0.002313 0.002260 0.002186 0.002084 0.001950 0.001778 0.001567 0.001316 0.001026 0.000704 0.000358 0.000000 
50.000000 42.994831 36.205565 29.828159 24.021742 18.897215 14.512601 10.875097 7.948628 5.664936 3.936003 2.665807 1.760019 1.132876 0.711163 0.435668 0.260767 0.152823 0.088037 0.050212 0.028721 0.016833 0.010430 0.007070 0.005352 0.004495 0.004078 0.003881 0.003789 0.003747 0.003728 0.003718 0.003712 0.003705 0.003695 0.003680 0.003656 0.003619 0.003563 0.003482 0.003368 0.003212 0.003007 0.002744 0.002419 0.002031 0.001585 0.001088 0.000553 0.000000 
50.000000 42.995275 36.206439 29.829438 24.023388 18.899185 14.514849 10.877575 7.951291 5.667743 3.938919 2.668803 1.763072 1.135968 0.714281 0.438804 0.263913 0.155976 0.091195 0.053372 0.031882 0.019995 0.013592 0.010232 0.008514 0.007658 0.007241 0.007043 0.006951 0.006909 0.006889 0.006878 0.006869 0.006858 0.006841 0.006813 0.006770 0.006702 0.006601 0.006453 0.006244 0.005958 0.005579 0.005093 0.004493 0.003775 0.002946 0.002022 0.001029 0.000000 
50.000000 42.996161 36.208184 29.831989 24.026673 18.903118 14.519335 10.882520 7.956605 5.673345 3.944738 2.674782 1.769164 1.142139 0.720505 0.445062 0.270194 0.162270 0.097496 0.059678 0.038191 0.026306 0.019904 0.016544 0.014826 0.013969 0.013553 0.013355 0.013262 0.013219 0.013198 0.013184 0.013170 0.013151 0.013119 0.013068 0.012986 0.012859 0.012668 0.012388 0.011991 0.011447 0.010724 0.009797 0.008646 0.007268 0.005675 0.003897 0.001984 0.000000 
50.000000 42.997823 36.211458 29.836776 24.032838 18.910498 14.527754 10.891800 7.966577 5.683858 3.955659 2.686003 1.780599 1.153721 0.732186 0.456808 0.281980 0.174082 0.109324 0.071514 0.050032 0.038149 0.031749 0.028390 0.026672 0.025816 0.025399 0.025201 0.025108 0.025063 0.025039 0.025021 0.024998 0.024963 0.024906 0.024811 0.024659 0.024423 0.024066 0.023541 0.022797 0.021773 0.020410 0.018655 0.016474 0.013856 0.010824 0.007435 0.003787 0.000000 
50.000000 43.000837 36.217392 29.845453 24.044011 18.923873 14.543013 10.908621 7.984653 5.702913 3.975454 2.706342 1.801325 1.174716 0.753360 0.478099 0.303346 0.195494 0.130763 0.092969 0.071496 0.059619 0.053221 0.049863 0.048146 0.047290 0.046873 0.046674 0.046580 0.046533 0.046505 0.046478 0.046440 0.046378 0.046275 0.046104 0.045829 0.045400 0.044748 0.043790 0.042425 0.040541 0.038026 0.034781 0.030736 0.025868 0.020217 0.013895 0.007078 0.000000 
50.000000 43.006144 36.227841 29.860731 24.063686 18.947426 14.569883 10.938242 8.016486 5.736469 4.010316 2.742161 1.837826 1.211689 0.790650 0.515596 0.340974 0.233203 0.168520 0.130755 0.109298 0.097429 0.091036 0.087681 0.085965 0.085109 0.084692 0.084493 0.084396 0.084346 0.084310 0.084268 0.084205 0.084098 0.083917 0.083617 0.083133 0.082373 0.081217 0.079512 0.077073 0.073696 0.069174 0.063319 0.055997 0.047163 0.036885 0.025363 0.012925 0.000000 
50.000000 43.015232 36.245738 29.886901 24.097385 18.987769 14.615908 10.988978 8.071011 5.793949 4.070031 2.803517 1.900352 1.275023 0.854528 0.579828 0.405432 0.297799 0.233199 0.195482 0.174053 0.162199 0.155814 0.152464 0.150750 0.149895 0.149477 0.149276 0.149177 0.149120 0.149071 0.149008 0.148903 0.148722 0.148415 0.147903 0.147073 0.145767 0.143774 0.140821 0.136582 0.130691 0.122770 0.112477 0.099561 0.083927 0.065687 0.045195 0.023040 0.000000 
50.000000 43.030374 36.275554 29.930499 24.153528 19.054982 14.692588 11.073510 8.161856 5.889718 4.169526 2.905747 2.004531 1.380551 0.960962 0.686854 0.512832 0.405430 0.340970 0.303334 0.281950 0.270122 0.263750 0.260407 0.258696 0.257842 0.257425 0.257222 0.257117 0.257050 0.256983 0.256883 0.256713 0.256417 0.255910 0.255062 0.253682 0.251504 0.248163 0.243195 0.236033 0.226035 0.212533 0.194913 0.172713 0.145741 0.114171 0.078610 0.040093 0.000000 
50.000000 43.054905 36.323859 30.001132 24.244488 19.163876 14.816823 11.210466 8.309043 6.044886 4.330732 3.071387 2.173330 1.551536 1.133416 0.860267 0.686853 0.579826 0.515591 0.478086 0.456776 0.444990 0.438640 0.435308 0.433603 0.432751 0.432333 0.432127 0.432016 0.431934 0.431838 0.431685 0.431417 0.430945 0.430134 0.428772 0.426548 0.423022 0.417590 0.409474 0.397717 0.381224 0.358840 0.329483 0.292320 0.246967 0.193681 0.133471 0.068111 0.000000 
50.000000 43.093541 36.399936 30.112377 24.387746 19.335383 15.012493 11.426176 8.540870 6.289285 4.584644 3.332285 2.439207 1.820858 1.405054 1.133416 0.960961 0.854526 0.790645 0.753347 0.732155 0.720433 0.714118 0.710804 0.709108 0.708260 0.707841 0.707631 0.707509 0.707407 0.707270 0.707039 0.706628 0.705902 0.704645 0.702527 0.699055 0.693523 0.684960 0.672100 0.653369 0.626944 0.590875 0.543295 0.482727 0.408428 0.320725 0.221253 0.112984 0.000000 
50.000000 43.152674 36.516378 30.282646 24.607016 19.597892 15.311990 11.756351 8.895718 6.663380 4.973305 3.731643 2.846190 2.233117 1.820858 1.551536 1.380550 1.275021 1.211683 1.174702 1.153690 1.142068 1.135807 1.132520 1.130838 1.129995 1.129576 1.129360 1.129225 1.129093 1.128900 1.128561 1.127952 1.126870 1.124988 1.121804 1.116559 1.108159 1.095089 1.075344 1.046411 1.005330 0.948883 0.873923 0.777869 0.659302 0.518562 0.358198 0.183071 0.000000 
50.000000 43.240603 36.689523 30.535831 24.933067 19.988242 15.757345 12.247329 9.423392 7.219681 5.551273 4.325522 3.451412 2.846190 2.439207 2.173330 2.004530 1.900350 1.837821 1.801312 1.780568 1.769093 1.762912 1.759667 1.758005 1.757170 1.756753 1.756530 1.756376 1.756207 1.755938 1.755458 1.754587 1.753028 1.750309 1.745685 1.738031 1.725706 1.706415 1.677083 1.633806 1.571910 1.486207 1.371502 1.223366 1.039130 0.818940 0.566607 0.289898 0.000000 
50.000000 43.367585 36.939570 30.901471 25.403941 20.551980 16.400528 12.956408 10.185475 8.023117 6.386007 5.183245 4.325522 3.731643 3.332285 3.071386 2.905746 2.803515 2.742155 2.706329 2.685972 2.674712 2.668646 2.665461 2.663828 2.663007 2.662591 2.662360 2.662184 2.661967 2.661606 2.660949 2.659745 2.657585 2.653797 2.647324 2.636554 2.619108 2.591622 2.549535 2.486956 2.396704 2.270633 2.100341 1.878352 1.599734 1.263917 0.876296 0.448967 0.000000 
50.000000 43.545636 37.290180 31.414164 26.064195 21.342455 17.302408 13.950697 11.254098 9.149736 7.556526 6.386007 5.551273 4.973305 4.584644 4.330731 4.169525 4.070029 4.010311 3.975442 3.955629 3.944669 3.938765 3.935664 3.934074 3.933271 3.932859 3.932620 3.932418 3.932147 3.931677 3.930809 3.929212 3.926332 3.921258 3.912545 3.897961 3.874190 3.836472 3.778263 3.690960 3.563859 3.384491 3.139571 2.816704 2.406917 1.907750 1.326254 0.680742 0.000000 
50.000000 43.787968 37.767371 32.111959 26.962833 22.418336 18.529928 15.304005 12.708593 10.683183 9.149736 8.023117 7.219681 6.663379 6.289284 6.044885 5.889718 5.793947 5.736464 5.702901 5.683829 5.673279 5.667595 5.664609 5.663077 5.662300 5.661896 5.661648 5.661420 5.661089 5.660500 5.659401 5.657369 5.653687 5.647169 5.635916 5.616969 5.585875 5.536161 5.458776 5.341591 5.169151 4.922921 4.582389 4.127385 3.541863 2.819014 1.966811 1.012030 0.000000 
50.000000 44.108030 38.397626 33.033583 28.149729 23.839340 20.151226 17.091456 14.629707 12.708593 11.254098 10.185475 9.423392 8.895718 8.540870 8.309043 8.161855 8.071009 8.016481 7.984642 7.966550 7.956542 7.951149 7.948316 7.946860 7.946119 7.945727 7.945475 7.945221 7.944832 7.944124 7.942794 7.940322 7.935822 7.927819 7.913926 7.890388 7.851482 7.788770 7.690239 7.539441 7.314854 6.989796 6.533457 5.913705 5.102394 4.083461 2.863009 1.478296 0.000000 
50.000000 44.518146 39.205217 34.214530 29.670597 25.660201 22.228755 19.381909 17.091456 15.304005 13.950697 12.956408 12.247329 11.756351 11.426176 11.210466 11.073509 10.988976 10.938237 10.908610 10.891775 10.882461 10.877443 10.874806 10.873449 10.872756 10.872382 10.872129 10.871855 10.871416 10.870605 10.869072 10.866210 10.860977 10.851626 10.835302 10.807468 10.761122 10.685775 10.566205 10.381083 10.101660 9.690954 9.104167 8.291443 7.204516 5.808751 4.100802 2.128201 0.000000 
50.000000 45.027874 40.208960 35.682318 31.560878 27.923353 24.810937 22.228755 20.151226 18.529928 17.302408 16.400528 15.757345 15.311990 15.012493 14.816823 14.692588 14.615906 14.569879 14.543003 14.527731 14.519282 14.514728 14.512335 14.511103 14.510470 14.510123 14.509876 14.509592 14.509122 14.508241 14.506569 14.503433 14.497676 14.487340 14.469198 14.438067 14.385843 14.300188 14.162837 13.947539 13.617769 13.124587 12.405468 11.385675 9.984891 8.133066 5.799401 3.033315 0.000000 
50.000000 45.642260 41.418796 37.451482 33.839294 30.651216 27.923353 25.660201 23.839340 22.418336 21.342455 20.551980 19.988242 19.597892 19.335383 19.163876 19.054981 18.987768 18.947423 18.923864 18.910477 18.903071 18.899079 18.896981 18.895899 18.895341 18.895030 18.894799 18.894519 18.894044 18.893146 18.891433 18.888209 18.882269 18.871556 18.852655 18.820022 18.764876 18.673628 18.525750 18.290951 17.925635 17.368758 16.537678 15.325608 13.604440 11.240598 8.136514 4.310316 0.000000 
50.000000 46.360290 42.832729 39.519106 36.502088 33.839294 31.560878 29.670597 28.149729 26.962833 26.064195 25.403941 24.933067 24.607016 24.387746 24.244488 24.153528 24.097383 24.063683 24.044004 24.032821 24.026634 24.023299 24.021545 24.020641 24.020172 24.019907 24.019702 24.019444 24.018998 24.018150 24.016525 24.013459 24.007788 23.997521 23.979319 23.947714 23.893937 23.804207 23.657279 23.420971 23.047336 22.466081 21.575987 20.234853 18.251044 15.386831 11.399838 6.175080 0.000000 
50.000000 47.173833 44.434745 41.861774 39.519106 37.451482 35.682318 34.214530 33.033583 32.111959 31.414164 30.901471 30.535831 30.282646 30.112377 30.001132 29.930498 29.886900 29.860729 29.845447 29.836763 29.831958 29.829368 29.828006 29.827303 29.826937 29.826728 29.826561 29.826345 29.825966 29.825241 29.823849 29.821214 29.816328 29.807452 29.791652 29.764084 29.716891 29.637554 29.506414 29.292945 28.950122 28.405779 27.549252 26.210884 24.132276 20.930887 16.089010 9.085678 0.000000 
50.000000 48.067351 46.194250 44.434745 42.832729 41.418796 40.208960 39.205217 38.397626 37.767371 37.290180 36.939570 36.689523 36.516378 36.399936 36.323859 36.275554 36.245737 36.227840 36.217388 36.211449 36.208163 36.206392 36.205460 36.204979 36.204728 36.204583 36.204465 36.204309 36.204032 36.203501 36.202480 36.200543 36.196944 36.190388 36.178683 36.158180 36.122915 36.063274 35.963926 35.800560 35.534618 35.104415 34.409559 33.282282 31.432891 28.345735 23.097125 14.158599 0.000000 
50.000000 49.018556 48.067351 47.173833 46.360290 45.642260 45.027874 44.518146 44.108030 43.787968 43.545636 43.367585 43.240603 43.152674 43.093541 43.054905 43.030374 43.015232 43.006143 43.000835 42.997819 42.996150 42.995250 42.994777 42.994533 42.994405 42.994331 42.994269 42.994187 42.994041 42.993761 42.993220 42.992193 42.990281 42.986794 42.980556 42.969603 42.950705 42.918618 42.864893 42.775938 42.629734 42.389946 41.994559 41.331944 40.185210 38.088154 33.908752 24.509278 0.000000 
50.000000 50.000000 50.000000 50.000000 50.000000 50.000000 50.000000 50.000000 50.000000 50.000000 50.000000 50.000000 50.000000 50.000000 50.000000 50.000000 50.000000 50.000000 50.000000 50.000000 50.000000 50.000000 50.000000 50.000000 50.000000 50.000000 50.000000 50.000000 50.000000 50.000000 50.000000 50.000000 50.000000 50.000000 50.000000 50.000000 50.000000 50.000000 50.000000 50.000000 50.000000 50.000000 50.000000 50.000000 50.000000 50.000000 50.000000 50.000000 50.000000 50.000000 
