50.000000 50.000000 50.000000 50.000000 50.000000 50.000000 50.000000 50.000000 50.000000 50.000000 50.000000 50.000000 50.000000 50.000000 50.000000 50.000000 50.000000 50.000000 50.000000 50.000000 50.000000 50.000000 50.000000 50.000000 50.000000 50.000000 50.000000 50.000000 50.000000 50.000000 50.000000 50.000000 50.000000 50.000000 50.000000 50.000000 50.000000 50.000000 50.000000 50.000000 50.000000 50.000000 50.000000 50.000000 50.000000 50.000000 50.000000 50.000000 50.000000 50.000000 
50.000000 48.269590 46.633120 45.169253 43.930235 42.937453 42.183906 41.641679 41.271466 41.031394 40.883381 40.796523 40.747954 40.722046 40.708846 40.702415 40.699416 40.698075 40.697500 40.697264 40.697170 40.697134 40.697121 40.697116 40.697115 40.697114 40.697114 40.697114 40.697113 40.697111 40.697105 40.697090 40.697049 40.696944 40.696680 40.696043 40.694555 40.691196 40.683853 40.668298 40.636296 40.572176 40.446489 40.203858 39.737944 38.834536 37.026337 33.175715 24.134795 0.000000 
50.000000 46.633120 43.449026 40.600778 38.190029 36.258394 34.792245 33.737263 33.016968 32.549886 32.261915 32.092929 31.998438 31.948034 31.922354 31.909843 31.904009 31.901401 31.900283 31.899822 31.899640 31.899570 31.899545 31.899536 31.899533 31.899532 31.899531 31.899531 31.899529 31.899526 31.899516 31.899488 31.899414 31.899223 31.898747 31.897598 31.894924 31.888906 31.875803 31.848195 31.791808 31.679956 31.463829 31.055433 30.296867 28.903422 26.357370 21.724513 13.457405 0.000000 
50.000000 45.169253 40.600778 36.514189 33.055341 30.283933 28.180409 26.666819 25.633427 24.963325 24.550196 24.307770 24.172218 24.099912 24.063075 24.045130 24.036761 24.033021 24.031417 24.030756 24.030495 24.030395 24.030358 24.030345 24.030341 24.030339 24.030339 24.030338 24.030337 24.030332 24.030319 24.030284 24.030190 24.029947 24.029343 24.027893 24.024529 24.016995 24.000694 23.966617 23.897734 23.762966 23.507409 23.037002 22.195270 20.730430 18.257094 14.243408 8.142916 0.000000 
50.000000 43.930235 38.190029 33.055341 28.709435 25.227317 22.584400 20.682726 19.384401 18.542526 18.023509 17.718958 17.548673 17.457843 17.411570 17.389030 17.378518 17.373820 17.371806 17.370976 17.370648 17.370522 17.370476 17.370460 17.370455 17.370453 17.370452 17.370451 17.370449 17.370445 17.370431 17.370393 17.370293 17.370036 17.369399 17.367875 17.364358 17.356525 17.339707 17.304876 17.235308 17.101280 16.852191 16.405721 15.634626 14.354717 12.324910 9.286608 5.095699 0.000000 
50.000000 42.937453 36.258394 30.283933 25.227317 21.175808 18.100782 15.888238 14.377711 13.398263 12.794452 12.440156 12.242065 12.136407 12.082582 12.056364 12.044138 12.038674 12.036331 12.035366 12.034984 12.034839 12.034785 12.034766 12.034760 12.034757 12.034757 12.034756 12.034754 12.034750 12.034737 12.034701 12.034608 12.034368 12.033776 12.032367 12.029133 12.021979 12.006742 11.975503 11.913879 11.796988 11.583961 11.211456 10.587904 9.592691 8.088663 5.961527 3.199510 0.000000 
50.000000 42.183906 34.792245 28.180409 22.584400 18.100782 14.697855 12.249435 10.577914 9.494107 8.825980 8.433959 8.214784 8.097884 8.038336 8.009330 7.995805 7.989761 7.987170 7.986102 7.985680 7.985519 7.985459 7.985438 7.985431 7.985429 7.985428 7.985427 7.985426 7.985422 7.985411 7.985381 7.985302 7.985100 7.984603 7.983427 7.980741 7.974844 7.962386 7.937099 7.887823 7.795727 7.630892 7.348928 6.889326 6.178679 5.143408 3.736813 1.980048 0.000000 
50.000000 41.641679 33.737263 26.666819 20.682726 15.888238 12.249435 9.631354 7.844050 6.685200 5.970833 5.551696 5.317367 5.192390 5.128729 5.097721 5.083264 5.076803 5.074033 5.072892 5.072441 5.072268 5.072205 5.072183 5.072175 5.072173 5.072172 5.072171 5.072170 5.072167 5.072158 5.072135 5.072074 5.071917 5.071535 5.070634 5.068590 5.064132 5.054790 5.036012 4.999835 4.933139 4.815677 4.618542 4.304277 3.830535 3.159410 2.273434 1.195189 0.000000 
50.000000 41.271466 33.016968 25.633427 19.384401 14.377711 10.577914 7.844050 5.977742 4.767696 4.021790 3.584159 3.339498 3.209015 3.142551 3.110180 3.095087 3.088343 3.085451 3.084261 3.083789 3.083609 3.083543 3.083520 3.083512 3.083509 3.083508 3.083508 3.083507 3.083505 3.083499 3.083482 3.083438 3.083326 3.083054 3.082415 3.080974 3.077851 3.071359 3.058425 3.033771 2.988871 2.910911 2.782186 2.580722 2.283122 1.870461 1.337013 0.699290 0.000000 
50.000000 41.031394 32.549886 24.963325 18.542526 13.398263 9.494107 6.685200 4.767696 3.524482 2.758144 2.308537 2.057187 1.923140 1.854863 1.821609 1.806105 1.799177 1.796207 1.794984 1.794500 1.794315 1.794248 1.794224 1.794216 1.794213 1.794212 1.794211 1.794211 1.794209 1.794205 1.794194 1.794164 1.794090 1.793909 1.793486 1.792538 1.790497 1.786283 1.777959 1.762241 1.733926 1.685365 1.606284 1.484384 1.307218 1.065591 0.758077 0.395098 0.000000 
50.000000 40.883381 32.261915 24.550196 18.023509 12.794452 8.825980 5.970833 4.021790 2.758144 1.979226 1.522245 1.266778 1.130538 1.061145 1.027349 1.011592 1.004552 1.001534 1.000291 0.999799 0.999611 0.999542 0.999518 0.999510 0.999507 0.999506 0.999506 0.999505 0.999504 0.999502 0.999494 0.999476 0.999429 0.999316 0.999054 0.998469 0.997217 0.994648 0.989613 0.980185 0.963364 0.934821 0.888880 0.818949 0.718633 0.583579 0.413720 0.215083 0.000000 
50.000000 40.796523 32.092929 24.307770 17.718958 12.440156 8.433959 5.551696 3.584159 2.308537 1.522245 1.060944 0.803065 0.665541 0.595495 0.561382 0.545478 0.538371 0.535325 0.534070 0.533574 0.533384 0.533315 0.533290 0.533282 0.533279 0.533278 0.533278 0.533278 0.533277 0.533275 0.533271 0.533260 0.533233 0.533167 0.533013 0.532673 0.531948 0.530472 0.527597 0.522254 0.512800 0.496905 0.471574 0.433414 0.379251 0.307076 0.217126 0.112669 0.000000 
50.000000 40.747954 31.998438 24.172218 17.548673 12.242065 8.214784 5.317367 3.339498 2.057187 1.266778 0.803065 0.543841 0.405600 0.335190 0.300900 0.284913 0.277770 0.274708 0.273447 0.272948 0.272758 0.272688 0.272663 0.272654 0.272652 0.272651 0.272650 0.272650 0.272650 0.272649 0.272647 0.272641 0.272625 0.272589 0.272504 0.272317 0.271920 0.271117 0.269561 0.266690 0.261647 0.253235 0.239940 0.220085 0.192148 0.155223 0.109532 0.056758 0.000000 
50.000000 40.722046 31.948034 24.099912 17.457843 12.136407 8.097884 5.192390 3.209015 1.923140 1.130538 0.665541 0.405600 0.266978 0.196375 0.161990 0.145960 0.138797 0.135727 0.134462 0.133962 0.133771 0.133701 0.133676 0.133668 0.133665 0.133664 0.133664 0.133664 0.133663 0.133663 0.133662 0.133658 0.133650 0.133631 0.133587 0.133489 0.133283 0.132868 0.132068 0.130602 0.128041 0.123799 0.117143 0.107274 0.093486 0.075383 0.053109 0.027490 0.000000 
50.000000 40.708846 31.922354 24.063075 17.411570 12.082582 8.038336 5.128729 3.142551 1.854863 1.061145 0.595495 0.335190 0.196375 0.125673 0.091241 0.075188 0.068015 0.064941 0.063675 0.063173 0.062982 0.062912 0.062887 0.062879 0.062876 0.062875 0.062875 0.062875 0.062875 0.062874 0.062874 0.062872 0.062868 0.062859 0.062836 0.062788 0.062686 0.062482 0.062091 0.061376 0.060136 0.058094 0.054909 0.050215 0.043695 0.035182 0.024755 0.012803 0.000000 
50.000000 40.702415 31.909843 24.045130 17.389030 12.056364 8.009330 5.097721 3.110180 1.821609 1.027349 0.561382 0.300900 0.161990 0.091241 0.056785 0.040722 0.033544 0.030467 0.029201 0.028699 0.028508 0.028438 0.028413 0.028404 0.028402 0.028401 0.028400 0.028400 0.028400 0.028400 0.028400 0.028399 0.028397 0.028392 0.028382 0.028359 0.028311 0.028215 0.028033 0.027700 0.027126 0.026186 0.024727 0.022587 0.019631 0.015787 0.011097 0.005735 0.000000 
50.000000 40.699416 31.904009 24.036761 17.378518 12.044138 7.995805 5.083264 3.095087 1.806105 1.011592 0.545478 0.284913 0.145960 0.075188 0.040722 0.024653 0.017474 0.014396 0.013129 0.012627 0.012436 0.012365 0.012341 0.012332 0.012329 0.012328 0.012328 0.012328 0.012328 0.012328 0.012328 0.012327 0.012327 0.012324 0.012320 0.012309 0.012288 0.012245 0.012163 0.012015 0.011761 0.011346 0.010705 0.009770 0.008482 0.006815 0.004786 0.002472 0.000000 
50.000000 40.698075 31.901401 24.033021 17.373820 12.038674 7.989761 5.076803 3.088343 1.799177 1.004552 0.538371 0.277770 0.138797 0.068015 0.033544 0.017474 0.010293 0.007215 0.005947 0.005446 0.005254 0.005184 0.005159 0.005151 0.005148 0.005147 0.005147 0.005147 0.005147 0.005147 0.005147 0.005147 0.005146 0.005145 0.005143 0.005139 0.005129 0.005111 0.005076 0.005013 0.004905 0.004729 0.004459 0.004066 0.003527 0.002832 0.001987 0.001026 0.000000 
50.000000 40.697500 31.900283 24.031417 17.371806 12.036331 7.987170 5.074033 3.085451 1.796207 1.001534 0.535325 0.274708 0.135727 0.064941 0.030467 0.014396 0.007215 0.004137 0.002869 0.002367 0.002176 0.002106 0.002081 0.002072 0.002070 0.002069 0.002068 0.002068 0.002068 0.002068 0.002068 0.002068 0.002068 0.002068 0.002067 0.002065 0.002061 0.002054 0.002039 0.002013 0.001969 0.001898 0.001788 0.001630 0.001413 0.001133 0.000795 0.000410 0.000000 
50.000000 40.697264 31.899822 24.030756 17.370976 12.035366 7.986102 5.072892 3.084261 1.794984 1.000291 0.534070 0.273447 0.134462 0.063675 0.029201 0.013129 0.005947 0.002869 0.001601 0.001100 0.000908 0.000838 0.000813 0.000805 0.000802 0.000801 0.000801 0.000801 0.000801 0.000801 0.000801 0.000801 0.000801 0.000800 0.000800 0.000799 0.000798 0.000795 0.000789 0.000779 0.000762 0.000734 0.000691 0.000630 0.000545 0.000437 0.000307 0.000158 0.000000 
50.000000 40.697170 31.899640 24.030495 17.370648 12.034984 7.985680 5.072441 3.083789 1.794500 0.999799 0.533574 0.272948 0.133962 0.063173 0.028699 0.012627 0.005446 0.002367 0.001100 0.000598 0.000407 0.000336 0.000312 0.000303 0.000300 0.000299 0.000299 0.000299 0.000299 0.000299 0.000299 0.000299 0.000299 0.000299 0.000299 0.000298 0.000298 0.000297 0.000295 0.000291 0.000284 0.000274 0.000258 0.000235 0.000203 0.000163 0.000114 0.000059 0.000000 
50.000000 40.697134 31.899570 24.030395 17.370522 12.034839 7.985519 5.072268 3.083609 1.794316 0.999611 0.533384 0.272758 0.133771 0.062982 0.028508 0.012436 0.005254 0.002176 0.000908 0.000407 0.000215 0.000145 0.000120 0.000112 0.000109 0.000108 0.000108 0.000108 0.000108 0.000108 0.000108 0.000108 0.000108 0.000108 0.000108 0.000108 0.000107 0.000107 0.000106 0.000105 0.000102 0.000099 0.000093 0.000084 0.000073 0.000058 0.000041 0.000021 0.000000 
50.000000 40.697121 31.899545 24.030358 17.370476 12.034785 7.985460 5.072205 3.083543 1.794248 0.999542 0.533315 0.272688 0.133701 0.062912 0.028438 0.012366 0.005184 0.002106 0.000838 0.000336 0.000145 0.000075 0.000050 0.000042 0.000039 0.000038 0.000038 0.000038 0.000038 0.000038 0.000038 0.000038 0.000038 0.000038 0.000038 0.000038 0.000037 0.000037 0.000037 0.000037 0.000036 0.000034 0.000032 0.000029 0.000025 0.000020 0.000014 0.000007 0.000000 
50.000000 40.697116 31.899536 24.030346 17.370460 12.034766 7.985439 5.072183 3.083520 1.794224 0.999518 0.533291 0.272663 0.133677 0.062888 0.028413 0.012341 0.005160 0.002081 0.000814 0.000312 0.000121 0.000050 0.000026 0.000017 0.000014 0.000013 0.000013 0.000013 0.000013 0.000013 0.000013 0.000013 0.000013 0.000013 0.000013 0.000013 0.000013 0.000013 0.000013 0.000013 0.000012 0.000012 0.000011 0.000010 0.000009 0.000007 0.000005 0.000003 0.000000 
50.000000 40.697115 31.899533 24.030342 17.370455 12.034761 7.985432 5.072176 3.083513 1.794217 0.999511 0.533283 0.272656 0.133669 0.062880 0.028406 0.012333 0.005152 0.002074 0.000806 0.000304 0.000113 0.000043 0.000018 0.000009 0.000007 0.000006 0.000006 0.000005 0.000005 0.000005 0.000005 0.000005 0.000005 0.000005 0.000005 0.000005 0.000005 0.000005 0.000005 0.000005 0.000005 0.000005 0.000005 0.000004 0.000004 0.000003 0.000002 0.000001 0.000000 
50.000000 40.697115 31.899533 24.030342 17.370455 12.034761 7.985432 5.072176 3.083513 1.794217 0.999511 0.533283 0.272656 0.133669 0.062880 0.028406 0.012333 0.005152 0.002074 0.000806 0.000304 0.000113 0.000043 0.000018 0.000009 0.000007 0.000006 0.000006 0.000005 0.000005 0.000005 0.000005 0.000005 0.000005 0.000005 0.000005 0.000005 0.000005 0.000005 0.000005 0.000005 0.000005 0.000005 0.000005 0.000004 0.000004 0.000003 0.000002 0.000001 0.000000 
50.000000 40.697116 31.899536 24.030346 17.370460 12.034766 7.985439 5.072183 3.083520 1.794224 0.999518 0.533291 0.272663 0.133677 0.062888 0.028413 0.012341 0.005160 0.002081 0.000814 0.000312 0.000121 0.000050 0.000026 0.000017 0.000014 0.000013 0.000013 0.000013 0.000013 0.000013 0.000013 0.000013 0.000013 0.000013 0.000013 0.000013 0.000013 0.000013 0.000013 0.000013 0.000012 0.000012 0.000011 0.000010 0.000009 0.000007 0.000005 0.000003 0.000000 
50.000000 40.697121 31.899545 24.030358 17.370476 12.034785 7.985460 5.072205 3.083543 1.794248 0.999542 0.533315 0.272688 0.133701 0.062912 0.028438 0.012366 0.005184 0.002106 0.000838 0.000336 0.000145 0.000075 0.000050 0.000042 0.000039 0.000038 0.000038 0.000038 0.000038 0.000038 0.000038 0.000038 0.000038 0.000038 0.000038 0.000038 0.000037 0.000037 0.000037 0.000037 0.000036 0.000034 0.000032 0.000029 0.000025 0.000020 0.000014 0.000007 0.000000 
50.000000 40.697134 31.899570 24.030395 17.370522 12.034839 7.985519 5.072268 3.083609 1.794316 0.999611 0.533384 0.272758 0.133771 0.062982 0.028508 0.012436 0.005254 0.002176 0.000908 0.000407 0.000215 0.000145 0.000120 0.000112 0.000109 0.000108 0.000108 0.000108 0.000108 0.000108 0.000108 0.000108 0.000108 0.000108 0.000108 0.000108 0.000107 0.000107 0.000106 0.000105 0.000102 0.000099 0.000093 0.000084 0.000073 0.000058 0.000041 0.000021 0.000000 
50.000000 40.697170 31.899640 24.030495 17.370648 12.034984 7.985680 5.072441 3.083789 1.794500 0.999799 0.533574 0.272948 0.133962 0.063173 0.028699 0.012627 0.005446 0.002367 0.001100 0.000598 0.000407 0.000336 0.000312 0.000303 0.000300 0.000299 0.000299 0.000299 0.000299 0.000299 0.000299 0.000299 0.000299 0.000299 0.000299 0.000298 0.000298 0.000297 0.000295 0.000291 0.000284 0.000274 0.000258 0.000235 0.000203 0.000163 0.000114 0.000059 0.000000 
50.000000 40.697264 31.899822 24.030756 17.370976 12.035366 7.986102 5.072892 3.084261 1.794984 1.000291 0.534070 0.273447 0.134462 0.063675 0.029201 0.013129 0.005947 0.002869 0.001601 0.001100 0.000908 0.000838 0.000813 0.000805 0.000802 0.000801 0.000801 0.000801 0.000801 0.000801 0.000801 0.000801 0.000801 0.000800 0.000800 0.000799 0.000798 0.000795 0.000789 0.000779 0.000762 0.000734 0.000691 0.000630 0.000545 0.000437 0.000307 0.000158 0.000000 
50.000000 40.697500 31.900283 24.031417 17.371806 12.036331 7.987170 5.074033 3.085451 1.796207 1.001534 0.535325 0.274708 0.135727 0.064941 0.030467 0.014396 0.007215 0.004137 0.002869 0.002367 0.002176 0.002106 0.002081 0.002072 0.002070 0.002069 0.002068 0.002068 0.002068 0.002068 0.002068 0.002068 0.002068 0.002068 0.002067 0.002065 0.002061 0.002054 0.002039 0.002013 0.001969 0.001898 0.001788 0.001630 0.001413 0.001133 0.000795 0.000410 0.000000 
50.000000 40.698075 31.901401 24.033021 17.373820 12.038674 7.989761 5.076803 3.088343 1.799177 1.004552 0.538371 0.277770 0.138797 0.068015 0.033544 0.017474 0.010293 0.007215 0.005947 0.005446 0.005254 0.005184 0.005159 0.005151 0.005148 0.005147 0.005147 0.005147 0.005147 0.005147 0.005147 0.005147 0.005146 0.005145 0.005143 0.005139 0.005129 0.005111 0.005076 0.005013 0.004905 0.004729 0.004459 0.004066 0.003527 0.002832 0.001987 0.001026 0.000000 
50.000000 40.699416 31.904009 24.036761 17.378518 12.044138 7.995805 5.083264 3.095087 1.806105 1.011592 0.545478 0.284913 0.145960 0.075188 0.040722 0.024653 0.017474 0.014396 0.013129 0.012627 0.012436 0.012365 0.012341 0.012332 0.012329 0.012328 0.012328 0.012328 0.012328 0.012328 0.012328 0.012327 0.012327 0.012324 0.012320 0.012309 0.012288 0.012245 0.012163 0.012015 0.011761 0.011346 0.010705 0.009770 0.008482 0.006815 0.004786 0.002472 0.000000 
50.000000 40.702415 31.909843 24.045130 17.389030 12.056364 8.009330 5.097721 3.110180 1.821609 1.027349 0.561382 0.300900 0.161990 0.091241 0.056785 0.040722 0.033544 0.030467 0.029201 0.028699 0.028508 0.028438 0.028413 0.028404 0.028402 0.028401 0.028400 0.028400 0.028400 0.028400 0.028400 0.028399 0.028397 0.028392 0.028382 0.028359 0.028311 0.028215 0.028033 0.027700 0.027126 0.026186 0.024727 0.022587 0.019631 0.015787 0.011097 0.005735 0.000000 
50.000000 40.708846 31.922354 24.063075 17.411570 12.082582 8.038336 5.128729 3.142551 1.854863 1.061145 0.595495 0.335190 0.196375 0.125673 0.091241 0.075188 0.068015 0.064941 0.063675 0.063173 0.062982 0.062912 0.062887 0.062879 0.062876 0.062875 0.062875 0.062875 0.062875 0.062874 0.062874 0.062872 0.062868 0.062859 0.062836 0.062788 0.062686 0.062482 0.062091 0.061376 0.060136 0.058094 0.054909 0.050215 0.043695 0.035182 0.024755 0.012803 0.000000 
50.000000 40.722046 31.948034 24.099912 17.457843 12.136407 8.097884 5.192390 3.209015 1.923140 1.130538 0.665541 0.405600 0.266978 0.196375 0.161990 0.145960 0.138797 0.135727 0.134462 0.133962 0.133771 0.133701 0.133676 0.133668 0.133665 0.133664 0.133664 0.133664 0.133663 0.133663 0.133662 0.133658 0.133650 0.133631 0.133587 0.133489 0.133283 0.132868 0.132068 0.130602 0.128041 0.123799 0.117143 0.107274 0.093486 0.075383 0.053109 0.027490 0.000000 
50.000000 40.747954 31.998438 24.172218 17.548673 12.242065 8.214784 5.317367 3.339498 2.057187 1.266778 0.803065 0.543841 0.405600 0.335190 0.300900 0.284913 0.277770 0.274708 0.273447 0.272948 0.272758 0.272688 0.272663 0.272654 0.272652 0.272651 0.272650 0.272650 0.272650 0.272649 0.272647 0.272641 0.272625 0.272589 0.272504 0.272317 0.271920 0.271117 0.269561 0.266690 0.261647 0.253235 0.239940 0.220085 0.192148 0.155223 0.109532 0.056758 0.000000 
50.000000 40.796523 32.092929 24.307770 17.718958 12.440156 8.433959 5.551696 3.584159 2.308537 1.522245 1.060944 0.803065 0.665541 0.595495 0.561382 0.545478 0.538371 0.535325 0.534070 0.533574 0.533384 0.533315 0.533290 0.533282 0.533279 0.533278 0.533278 0.533278 0.533277 0.533275 0.533271 0.533260 0.533233 0.533167 0.533013 0.532673 0.531948 0.530472 0.527597 0.522254 0.512800 0.496905 0.471574 0.433414 0.379251 0.307076 0.217126 0.112669 0.000000 
50.000000 40.883381 32.261915 24.550196 18.023509 12.794452 8.825980 5.970833 4.021790 2.758144 1.979226 1.522245 1.266778 1.130538 1.061145 1.027349 1.011592 1.004552 1.001534 1.000291 0.999799 0.999611 0.999542 0.999518 0.999510 0.999507 0.999506 0.999506 0.999505 0.999504 0.999502 0.999494 0.999476 0.999429 0.999316 0.999054 0.998469 0.997217 0.994648 0.989613 0.980185 0.963364 0.934821 0.888880 0.818949 0.718633 0.583579 0.413720 0.215083 0.000000 
50.000000 41.031394 32.549886 24.963325 18.542526 13.398263 9.494107 6.685200 4.767696 3.524482 2.758144 2.308537 2.057187 1.923140 1.854863 1.821609 1.806105 1.799177 1.796207 1.794984 1.794500 1.794315 1.794248 1.794224 1.794216 1.794213 1.794212 1.794211 1.794211 1.794209 1.794205 1.794194 1.794164 1.794090 1.793909 1.793486 1.792538 1.790497 1.786283 1.777959 1.762241 1.733926 1.685365 1.606284 1.484384 1.307218 1.065591 0.758077 0.395098 0.000000 
50.000000 41.271466 33.016968 25.633427 19.384401 14.377711 10.577914 7.844050 5.977742 4.767696 4.021790 3.584159 3.339498 3.209015 3.142551 3.110180 3.095087 3.088343 3.085451 3.084261 3.083789 3.083609 3.083543 3.083520 3.083512 3.083509 3.083508 3.083508 3.083507 3.083505 3.083499 3.083482 3.083438 3.083326 3.083054 3.082415 3.080974 3.077851 3.071359 3.058425 3.033771 2.988871 2.910911 2.782186 2.580722 2.283122 1.870461 1.337013 0.699290 0.000000 
50.000000 41.641679 33.737263 26.666819 20.682726 15.888238 12.249435 9.631354 7.844050 6.685200 5.970833 5.551696 5.317367 5.192390 5.128729 5.097721 5.083264 5.076803 5.074033 5.072892 5.072441 5.072268 5.072205 5.072183 5.072175 5.072173 5.072172 5.072171 5.072170 5.072167 5.072158 5.072135 5.072074 5.071917 5.071535 5.070634 5.068590 5.064132 5.054790 5.036012 4.999835 4.933139 4.815677 4.618542 4.304277 3.830535 3.159410 2.273434 1.195189 0.000000 
50.000000 42.183906 34.792245 28.180409 22.584400 18.100782 14.697855 12.249435 10.577914 9.494107 8.825980 8.433959 8.214784 8.097884 8.038336 8.009330 7.995805 7.989761 7.987170 7.986102 7.985680 7.985519 7.985459 7.985438 7.985431 7.985429 7.985428 7.985427 7.985426 7.985422 7.985411 7.985381 7.985302 7.985100 7.984603 7.983427 7.980741 7.974844 7.962386 7.937099 7.887823 7.795727 7.630892 7.348928 6.889326 6.178679 5.143408 3.736813 1.980048 0.000000 
50.000000 42.937453 36.258394 30.283933 25.227317 21.175808 18.100782 15.888238 14.377711 13.398263 12.794452 12.440156 12.242065 12.136407 12.082582 12.056364 12.044138 12.038674 12.036331 12.035366 12.034984 12.034839 12.034785 12.034766 12.034760 12.034757 12.034757 12.034756 12.034754 12.034750 12.034737 12.034701 12.034608 12.034368 12.033776 12.032367 12.029133 12.021979 12.006742 11.975503 11.913879 11.796988 11.583961 11.211456 10.587904 9.592691 8.088663 5.961527 3.199510 0.000000 
50.000000 43.930235 38.190029 33.055341 28.709435 25.227317 22.584400 20.682726 19.384401 18.542526 18.023509 17.718958 17.548673 17.457843 17.411570 17.389030 17.378518 17.373820 17.371806 17.370976 17.370648 17.370522 17.370476 17.370460 17.370455 17.370453 17.370452 17.370451 17.370449 17.370445 17.370431 17.370393 17.370293 17.370036 17.369399 17.367875 17.364358 17.356525 17.339707 17.304876 17.235308 17.101280 16.852191 16.405721 15.634626 14.354717 12.324910 9.286608 5.095699 0.000000 
50.000000 45.169253 40.600778 36.514189 33.055341 30.283933 28.180409 26.666819 25.633427 24.963325 24.550196 24.307770 24.172218 24.099912 24.063075 24.045130 24.036761 24.033021 24.031417 24.030756 24.030495 24.030395 24.030358 24.030345 24.030341 24.030339 24.030339 24.030338 24.030337 24.030332 24.030319 24.030284 24.030190 24.029947 24.029343 24.027893 24.024529 24.016995 24.000694 23.966617 23.897734 23.762966 23.507409 23.037002 22.195270 20.730430 18.257094 14.243408 8.142916 0.000000 
50.000000 46.633120 43.449026 40.600778 38.190029 36.258394 34.792245 33.737263 33.016968 32.549886 32.261915 32.092929 31.998438 31.948034 31.922354 31.909843 31.904009 31.901401 31.900283 31.899822 31.899640 31.899570 31.899545 31.899536 31.899533 31.899532 31.899531 31.899531 31.899529 31.899526 31.899516 31.899488 31.899414 31.899223 31.898747 31.897598 31.894924 31.888906 31.875803 31.848195 31.791808 31.679956 31.463829 31.055433 30.296867 28.903422 26.357370 21.724513 13.457405 0.000000 
50.000000 48.269590 46.633120 45.169253 43.930235 42.937453 42.183906 41.641679 41.271466 41.031394 40.883381 40.796523 40.747954 40.722046 40.708846 40.702415 40.699416 40.698075 40.697500 40.697264 40.697170 40.697134 40.697121 40.697116 40.697115 40.697114 40.697114 40.697114 40.697113 40.697111 40.697105 40.697090 40.697049 40.696944 40.696680 40.696043 40.694555 40.691196 40.683853 40.668298 40.636296 40.572176 40.446489 40.203858 39.737944 38.834536 37.026337 33.175715 24.134795 0.000000 
50.000000 50.000000 50.000000 50.000000 50.000000 50.000000 50.000000 50.000000 50.000000 50.000000 50.000000 50.000000 50.000000 50.000000 50.000000 50.000000 50.000000 50.000000 50.000000 50.000000 50.000000 50.000000 50.000000 50.000000 50.000000 50.000000 50.000000 50.000000 50.000000 50.000000 50.000000 50.000000 50.000000 50.000000 50.000000 50.000000 50.000000 50.000000 50.000000 50.000000 50.000000 50.000000 50.000000 50.000000 50.000000 50.000000 50.000000 50.000000 50.000000 50.000000 
