50.000000 50.000000 50.000000 50.000000 50.000000 50.000000 50.000000 50.000000 50.000000 50.000000 50.000000 50.000000 50.000000 50.000000 50.000000 50.000000 50.000000 50.000000 50.000000 50.000000 50.000000 50.000000 50.000000 50.000000 50.000000 50.000000 50.000000 50.000000 50.000000 50.000000 50.000000 50.000000 50.000000 50.000000 50.000000 50.000000 50.000000 50.000000 50.000000 50.000000 50.000000 50.000000 50.000000 50.000000 50.000000 50.000000 50.000000 50.000000 50.000000 50.000000 
50.000000 48.555382 47.176254 45.919210 44.825063 43.915349 43.192577 42.643588 42.244729 41.967380 41.782680 41.664802 41.592649 41.550260 41.526340 41.513365 41.506593 41.503190 41.501543 41.500773 41.500426 41.500275 41.500212 41.500186 41.500176 41.500172 41.500170 41.500168 41.500164 41.500155 41.500131 41.500075 41.499940 41.499631 41.498943 41.497453 41.494318 41.487905 41.475134 41.450336 41.403279 41.315719 41.155187 40.863143 40.330449 39.341095 37.427632 33.454392 24.277691 0.000000 
50.000000 47.176254 44.480521 42.023427 39.884749 38.106579 36.693821 35.620753 34.841138 34.299031 33.938021 33.707619 33.566593 33.483743 33.436992 33.411631 33.398396 33.391746 33.388526 33.387022 33.386344 33.386049 33.385925 33.385875 33.385855 33.385847 33.385843 33.385840 33.385833 33.385815 33.385772 33.385667 33.385420 33.384853 33.383590 33.380863 33.375138 33.363465 33.340311 33.295592 33.211334 33.056090 32.775462 32.275606 31.393438 29.840920 27.100048 22.240261 13.721861 0.000000 
50.000000 45.919210 42.023427 38.472529 35.381806 32.812090 30.770463 29.219748 28.093120 27.309727 26.788041 26.455099 26.251312 26.131594 26.064039 26.027394 26.008270 25.998661 25.994008 25.991836 25.990857 25.990430 25.990251 25.990178 25.990149 25.990138 25.990133 25.990128 25.990119 25.990096 25.990039 25.989902 25.989579 25.988840 25.987199 25.983664 25.976274 25.961278 25.931716 25.875066 25.769418 25.577419 25.236796 24.645777 23.641058 21.966471 19.236264 14.923379 8.491578 0.000000 
50.000000 44.825063 39.884749 35.381806 31.462441 28.203795 25.614841 23.648428 22.219805 21.226437 20.564934 20.142767 19.884372 19.732577 19.646924 19.600462 19.576217 19.564034 19.558135 19.555381 19.554140 19.553600 19.553372 19.553280 19.553243 19.553229 19.553222 19.553217 19.553206 19.553181 19.553119 19.552968 19.552612 19.551801 19.550007 19.546157 19.538151 19.521999 19.490398 19.430409 19.319870 19.122073 18.778212 18.197383 17.244741 15.731221 13.415335 10.043829 5.483969 0.000000 
50.000000 43.915349 38.106579 32.812090 28.203795 24.372391 21.328423 19.016439 17.336781 16.168881 15.391167 14.894846 14.591071 14.412622 14.311930 14.257314 14.228813 14.214492 14.207559 14.204322 14.202863 14.202228 14.201961 14.201852 14.201809 14.201792 14.201785 14.201779 14.201769 14.201744 14.201682 14.201534 14.201186 14.200395 14.198652 14.194931 14.187233 14.171809 14.141880 14.085641 13.983314 13.803080 13.495930 12.990004 12.186196 10.959053 9.171032 6.713141 3.584900 0.000000 
50.000000 43.192577 36.693821 30.770463 25.614841 21.328423 17.922996 15.336511 13.457457 12.150937 11.280933 10.725726 10.385918 10.186307 10.073678 10.012588 9.980710 9.964693 9.956939 9.953318 9.951687 9.950977 9.950678 9.950556 9.950508 9.950489 9.950481 9.950476 9.950466 9.950444 9.950389 9.950256 9.949945 9.949242 9.947699 9.944421 9.937681 9.924272 9.898474 9.850494 9.764276 9.614705 9.364482 8.961498 8.338419 7.417458 6.124686 4.418215 2.329433 0.000000 
50.000000 42.643588 35.620753 29.219748 23.648428 19.016439 15.336511 12.541575 10.511116 9.099349 8.159281 7.559374 7.192217 6.976545 6.854858 6.788856 6.754416 6.737113 6.728736 6.724825 6.723062 6.722295 6.721972 6.721841 6.721789 6.721769 6.721761 6.721755 6.721747 6.721729 6.721683 6.721573 6.721316 6.720738 6.719475 6.716806 6.711350 6.700575 6.680018 6.642165 6.574948 6.459967 6.270787 5.972029 5.520510 4.870216 3.982952 2.845291 1.488401 0.000000 
50.000000 42.244729 34.841138 28.093120 22.219805 17.336781 13.457457 10.511116 8.370698 6.882500 5.891557 5.259197 4.872187 4.644858 4.516596 4.447031 4.410732 4.392496 4.383667 4.379545 4.377688 4.376880 4.376540 4.376401 4.376347 4.376326 4.376317 4.376312 4.376306 4.376291 4.376255 4.376170 4.375973 4.375529 4.374564 4.372536 4.368414 4.360331 4.345034 4.317130 4.268122 4.185349 4.051149 3.842751 3.533701 3.097732 2.515701 1.785047 0.929010 0.000000 
50.000000 41.967380 34.299031 27.309727 21.226437 16.168881 12.150937 9.099349 6.882500 5.341185 4.314889 3.659980 3.259177 3.023752 2.890925 2.818885 2.781296 2.762412 2.753270 2.749002 2.747079 2.746242 2.745890 2.745746 2.745690 2.745668 2.745659 2.745655 2.745650 2.745639 2.745613 2.745551 2.745409 2.745089 2.744396 2.742948 2.740022 2.734321 2.723615 2.704256 2.670593 2.614379 2.524401 2.386661 2.185567 1.906567 1.540309 1.087697 0.564100 0.000000 
50.000000 41.782680 33.938021 26.788041 20.564934 15.391167 11.280933 8.159281 5.891557 4.314889 3.265066 2.595155 2.185176 1.944365 1.808502 1.734817 1.696370 1.677056 1.667705 1.663340 1.661374 1.660518 1.660158 1.660011 1.659953 1.659931 1.659923 1.659919 1.659915 1.659907 1.659889 1.659847 1.659749 1.659532 1.659062 1.658086 1.656124 1.652325 1.645241 1.632533 1.610632 1.574427 1.517115 1.430439 1.305526 1.134525 0.912976 0.642429 0.332344 0.000000 
50.000000 41.664802 33.707619 26.455099 20.142767 14.894846 10.725726 7.559374 5.259197 3.659980 2.595155 1.915677 1.499850 1.255606 1.117808 1.043075 1.004082 0.984493 0.975010 0.970583 0.968589 0.967721 0.967356 0.967207 0.967148 0.967126 0.967118 0.967114 0.967111 0.967106 0.967094 0.967067 0.967004 0.966863 0.966562 0.965938 0.964690 0.962288 0.957839 0.949914 0.936365 0.914164 0.879356 0.827252 0.752966 0.652368 0.523382 0.367308 0.189667 0.000000 
50.000000 41.592649 33.566593 26.251312 19.884372 14.591071 10.385918 7.192217 4.872187 3.259177 2.185176 1.499850 1.080446 0.834104 0.695124 0.619751 0.580424 0.560667 0.551104 0.546639 0.544628 0.543752 0.543384 0.543234 0.543175 0.543153 0.543144 0.543141 0.543138 0.543135 0.543128 0.543111 0.543072 0.542986 0.542802 0.542423 0.541668 0.540223 0.537561 0.532851 0.524856 0.511856 0.491642 0.461647 0.419262 0.362373 0.290033 0.203128 0.104743 0.000000 
50.000000 41.550260 33.483743 26.131594 19.732577 14.412622 10.186307 6.976545 4.644858 3.023752 1.944365 1.255606 0.834104 0.586532 0.446859 0.371110 0.331587 0.311733 0.302122 0.297635 0.295613 0.294734 0.294364 0.294213 0.294154 0.294131 0.294123 0.294119 0.294118 0.294116 0.294111 0.294101 0.294079 0.294028 0.293921 0.293701 0.293266 0.292436 0.290916 0.288241 0.283730 0.276444 0.265195 0.248626 0.225389 0.194426 0.155319 0.108605 0.055942 0.000000 
50.000000 41.526340 33.436992 26.064039 19.646924 14.311930 10.073678 6.854858 4.516596 2.890925 1.808502 1.117808 0.695124 0.446859 0.306795 0.230834 0.191202 0.171292 0.161654 0.157155 0.155128 0.154246 0.153875 0.153724 0.153665 0.153642 0.153634 0.153630 0.153629 0.153628 0.153625 0.153619 0.153607 0.153579 0.153519 0.153397 0.153157 0.152702 0.151871 0.150416 0.147977 0.144061 0.138052 0.129257 0.117000 0.100766 0.080375 0.056129 0.028887 0.000000 
50.000000 41.513365 33.411631 26.027394 19.600462 14.257314 10.012588 6.788856 4.447031 2.818885 1.734817 1.043075 0.619751 0.371110 0.230834 0.154759 0.115067 0.095128 0.085476 0.080970 0.078940 0.078056 0.077685 0.077534 0.077474 0.077451 0.077443 0.077440 0.077438 0.077438 0.077436 0.077433 0.077426 0.077411 0.077380 0.077315 0.077188 0.076948 0.076513 0.075755 0.074489 0.072467 0.069381 0.064889 0.058662 0.050456 0.040195 0.028041 0.014421 0.000000 
50.000000 41.506593 33.398396 26.008270 19.576217 14.228813 9.980710 6.754416 4.410732 2.781296 1.696370 1.004082 0.580424 0.331587 0.191202 0.115067 0.075344 0.055389 0.045730 0.041220 0.039189 0.038304 0.037933 0.037781 0.037722 0.037699 0.037691 0.037687 0.037686 0.037686 0.037685 0.037683 0.037680 0.037672 0.037656 0.037623 0.037559 0.037438 0.037219 0.036839 0.036207 0.035203 0.033678 0.031468 0.028418 0.024416 0.019431 0.013544 0.006962 0.000000 
50.000000 41.503190 33.391746 25.998661 19.564034 14.214492 9.964693 6.737113 4.392496 2.762412 1.677056 0.984493 0.560667 0.311733 0.171292 0.095128 0.055389 0.035426 0.025763 0.021252 0.019219 0.018335 0.017963 0.017812 0.017752 0.017729 0.017721 0.017718 0.017717 0.017716 0.017716 0.017715 0.017713 0.017709 0.017702 0.017685 0.017654 0.017595 0.017489 0.017306 0.017003 0.016523 0.015796 0.014748 0.013306 0.011422 0.009082 0.006326 0.003250 0.000000 
50.000000 41.501543 33.388526 25.994008 19.558135 14.207559 9.956939 6.728736 4.383667 2.753270 1.667705 0.975010 0.551104 0.302122 0.161655 0.085476 0.045730 0.025763 0.016098 0.011586 0.009553 0.008668 0.008296 0.008145 0.008085 0.008063 0.008054 0.008051 0.008050 0.008050 0.008049 0.008049 0.008048 0.008046 0.008043 0.008035 0.008020 0.007993 0.007944 0.007858 0.007718 0.007497 0.007163 0.006683 0.006025 0.005168 0.004106 0.002858 0.001468 0.000000 
50.000000 41.500773 33.387022 25.991836 19.555381 14.204322 9.953318 6.724825 4.379545 2.749002 1.663340 0.970583 0.546639 0.297635 0.157155 0.080970 0.041220 0.021252 0.011586 0.007074 0.005041 0.004156 0.003784 0.003632 0.003573 0.003550 0.003542 0.003539 0.003537 0.003537 0.003537 0.003537 0.003536 0.003535 0.003534 0.003530 0.003524 0.003511 0.003489 0.003451 0.003389 0.003290 0.003142 0.002930 0.002639 0.002262 0.001797 0.001250 0.000642 0.000000 
50.000000 41.500426 33.386344 25.990857 19.554140 14.202863 9.951687 6.723062 4.377688 2.747079 1.661374 0.968589 0.544628 0.295614 0.155128 0.078940 0.039189 0.019220 0.009553 0.005041 0.003008 0.002123 0.001751 0.001599 0.001540 0.001517 0.001509 0.001506 0.001504 0.001504 0.001504 0.001504 0.001504 0.001503 0.001503 0.001501 0.001498 0.001493 0.001483 0.001467 0.001440 0.001397 0.001334 0.001243 0.001119 0.000959 0.000761 0.000529 0.000272 0.000000 
50.000000 41.500276 33.386050 25.990431 19.553600 14.202228 9.950977 6.722296 4.376880 2.746242 1.660518 0.967721 0.543753 0.294734 0.154247 0.078057 0.038305 0.018336 0.008669 0.004156 0.002123 0.001239 0.000866 0.000715 0.000655 0.000633 0.000624 0.000621 0.000620 0.000620 0.000620 0.000619 0.000619 0.000619 0.000619 0.000618 0.000617 0.000615 0.000611 0.000604 0.000593 0.000575 0.000549 0.000511 0.000460 0.000394 0.000313 0.000217 0.000111 0.000000 
50.000000 41.500212 33.385926 25.990252 19.553373 14.201962 9.950679 6.721974 4.376541 2.745891 1.660159 0.967357 0.543386 0.294365 0.153877 0.077686 0.037934 0.017965 0.008298 0.003785 0.001752 0.000867 0.000495 0.000344 0.000284 0.000261 0.000253 0.000250 0.000249 0.000249 0.000248 0.000248 0.000248 0.000248 0.000248 0.000248 0.000247 0.000247 0.000245 0.000242 0.000238 0.000230 0.000220 0.000205 0.000184 0.000158 0.000125 0.000087 0.000045 0.000000 
50.000000 41.500187 33.385876 25.990180 19.553283 14.201855 9.950560 6.721845 4.376406 2.745751 1.660015 0.967212 0.543239 0.294218 0.153729 0.077538 0.037786 0.017816 0.008150 0.003637 0.001604 0.000719 0.000347 0.000195 0.000136 0.000113 0.000105 0.000102 0.000101 0.000100 0.000100 0.000100 0.000100 0.000100 0.000100 0.000100 0.000100 0.000099 0.000099 0.000097 0.000096 0.000093 0.000088 0.000082 0.000074 0.000063 0.000050 0.000035 0.000018 0.000000 
50.000000 41.500178 33.385859 25.990156 19.553251 14.201819 9.950519 6.721801 4.376359 2.745702 1.659966 0.967161 0.543188 0.294167 0.153678 0.077487 0.037735 0.017765 0.008098 0.003586 0.001553 0.000668 0.000296 0.000144 0.000085 0.000062 0.000053 0.000050 0.000049 0.000049 0.000049 0.000049 0.000049 0.000049 0.000049 0.000049 0.000049 0.000048 0.000048 0.000048 0.000047 0.000045 0.000043 0.000040 0.000036 0.000031 0.000024 0.000017 0.000009 0.000000 
50.000000 41.500178 33.385859 25.990156 19.553251 14.201819 9.950519 6.721801 4.376359 2.745702 1.659966 0.967161 0.543188 0.294167 0.153678 0.077487 0.037735 0.017765 0.008098 0.003586 0.001553 0.000668 0.000296 0.000144 0.000085 0.000062 0.000053 0.000050 0.000049 0.000049 0.000049 0.000049 0.000049 0.000049 0.000049 0.000049 0.000049 0.000048 0.000048 0.000048 0.000047 0.000045 0.000043 0.000040 0.000036 0.000031 0.000024 0.000017 0.000009 0.000000 
50.000000 41.500187 33.385876 25.990180 19.553283 14.201855 9.950560 6.721845 4.376406 2.745751 1.660015 0.967212 0.543239 0.294218 0.153729 0.077538 0.037786 0.017816 0.008150 0.003637 0.001604 0.000719 0.000347 0.000195 0.000136 0.000113 0.000105 0.000102 0.000101 0.000100 0.000100 0.000100 0.000100 0.000100 0.000100 0.000100 0.000100 0.000099 0.000099 0.000097 0.000096 0.000093 0.000088 0.000082 0.000074 0.000063 0.000050 0.000035 0.000018 0.000000 
50.000000 41.500212 33.385926 25.990252 19.553373 14.201962 9.950679 6.721974 4.376541 2.745891 1.660159 0.967357 0.543386 0.294365 0.153877 0.077686 0.037934 0.017965 0.008298 0.003785 0.001752 0.000867 0.000495 0.000344 0.000284 0.000261 0.000253 0.000250 0.000249 0.000249 0.000248 0.000248 0.000248 0.000248 0.000248 0.000248 0.000247 0.000247 0.000245 0.000242 0.000238 0.000230 0.000220 0.000205 0.000184 0.000158 0.000125 0.000087 0.000045 0.000000 
50.000000 41.500276 33.386050 25.990431 19.553600 14.202228 9.950977 6.722296 4.376880 2.746242 1.660518 0.967721 0.543753 0.294734 0.154247 0.078057 0.038305 0.018336 0.008669 0.004156 0.002123 0.001239 0.000866 0.000715 0.000655 0.000633 0.000624 0.000621 0.000620 0.000620 0.000620 0.000619 0.000619 0.000619 0.000619 0.000618 0.000617 0.000615 0.000611 0.000604 0.000593 0.000575 0.000549 0.000511 0.000460 0.000394 0.000313 0.000217 0.000111 0.000000 
50.000000 41.500426 33.386344 25.990857 19.554140 14.202863 9.951687 6.723062 4.377688 2.747079 1.661374 0.968589 0.544628 0.295614 0.155128 0.078940 0.039189 0.019220 0.009553 0.005041 0.003008 0.002123 0.001751 0.001599 0.001540 0.001517 0.001509 0.001506 0.001504 0.001504 0.001504 0.001504 0.001504 0.001503 0.001503 0.001501 0.001498 0.001493 0.001483 0.001467 0.001440 0.001397 0.001334 0.001243 0.001119 0.000959 0.000761 0.000529 0.000272 0.000000 
50.000000 41.500773 33.387022 25.991836 19.555381 14.204322 9.953318 6.724825 4.379545 2.749002 1.663340 0.970583 0.546639 0.297635 0.157155 0.080970 0.041220 0.021252 0.011586 0.007074 0.005041 0.004156 0.003784 0.003632 0.003573 0.003550 0.003542 0.003539 0.003537 0.003537 0.003537 0.003537 0.003536 0.003535 0.003534 0.003530 0.003524 0.003511 0.003489 0.003451 0.003389 0.003290 0.003142 0.002930 0.002639 0.002262 0.001797 0.001250 0.000642 0.000000 
50.000000 41.501543 33.388526 25.994008 19.558135 14.207559 9.956939 6.728736 4.383667 2.753270 1.667705 0.975010 0.551104 0.302122 0.161655 0.085476 0.045730 0.025763 0.016098 0.011586 0.009553 0.008668 0.008296 0.008145 0.008085 0.008063 0.008054 0.008051 0.008050 0.008050 0.008049 0.008049 0.008048 0.008046 0.008043 0.008035 0.008020 0.007993 0.007944 0.007858 0.007718 0.007497 0.007163 0.006683 0.006025 0.005168 0.004106 0.002858 0.001468 0.000000 
50.000000 41.503190 33.391746 25.998661 19.564034 14.214492 9.964693 6.737113 4.392496 2.762412 1.677056 0.984493 0.560667 0.311733 0.171292 0.095128 0.055389 0.035426 0.025763 0.021252 0.019219 0.018335 0.017963 0.017812 0.017752 0.017729 0.017721 0.017718 0.017717 0.017716 0.017716 0.017715 0.017713 0.017709 0.017702 0.017685 0.017654 0.017595 0.017489 0.017306 0.017003 0.016523 0.015796 0.014748 0.013306 0.011422 0.009082 0.006326 0.003250 0.000000 
50.000000 41.506593 33.398396 26.008270 19.576217 14.228813 9.980710 6.754416 4.410732 2.781296 1.696370 1.004082 0.580424 0.331587 0.191202 0.115067 0.075344 0.055389 0.045730 0.041220 0.039189 0.038304 0.037933 0.037781 0.037722 0.037699 0.037691 0.037687 0.037686 0.037686 0.037685 0.037683 0.037680 0.037672 0.037656 0.037623 0.037559 0.037438 0.037219 0.036839 0.036207 0.035203 0.033678 0.031468 0.028418 0.024416 0.019431 0.013544 0.006962 0.000000 
50.000000 41.513365 33.411631 26.027394 19.600462 14.257314 10.012588 6.788856 4.447031 2.818885 1.734817 1.043075 0.619751 0.371110 0.230834 0.154759 0.115067 0.095128 0.085476 0.080970 0.078940 0.078056 0.077685 0.077534 0.077474 0.077451 0.077443 0.077440 0.077438 0.077438 0.077436 0.077433 0.077426 0.077411 0.077380 0.077315 0.077188 0.076948 0.076513 0.075755 0.074489 0.072467 0.069381 0.064889 0.058662 0.050456 0.040195 0.028041 0.014421 0.000000 
50.000000 41.526340 33.436992 26.064039 19.646924 14.311930 10.073678 6.854858 4.516596 2.890925 1.808502 1.117808 0.695124 0.446859 0.306795 0.230834 0.191202 0.171292 0.161654 0.157155 0.155128 0.154246 0.153875 0.153724 0.153665 0.153642 0.153634 0.153630 0.153629 0.153628 0.153625 0.153619 0.153607 0.153579 0.153519 0.153397 0.153157 0.152702 0.151871 0.150416 0.147977 0.144061 0.138052 0.129257 0.117000 0.100766 0.080375 0.056129 0.028887 0.000000 
50.000000 41.550260 33.483743 26.131594 19.732577 14.412622 10.186307 6.976545 4.644858 3.023752 1.944365 1.255606 0.834104 0.586532 0.446859 0.371110 0.331587 0.311733 0.302122 0.297635 0.295613 0.294734 0.294364 0.294213 0.294154 0.294131 0.294123 0.294119 0.294118 0.294116 0.294111 0.294101 0.294079 0.294028 0.293921 0.293701 0.293266 0.292436 0.290916 0.288241 0.283730 0.276444 0.265195 0.248626 0.225389 0.194426 0.155319 0.108605 0.055942 0.000000 
50.000000 41.592649 33.566593 26.251312 19.884372 14.591071 10.385918 7.192217 4.872187 3.259177 2.185176 1.499850 1.080446 0.834104 0.695124 0.619751 0.580424 0.560667 0.551104 0.546639 0.544628 0.543752 0.543384 0.543234 0.543175 0.543153 0.543144 0.543141 0.543138 0.543135 0.543128 0.543111 0.543072 0.542986 0.542802 0.542423 0.541668 0.540223 0.537561 0.532851 0.524856 0.511856 0.491642 0.461647 0.419262 0.362373 0.290033 0.203128 0.104743 0.000000 
50.000000 41.664802 33.707619 26.455099 20.142767 14.894846 10.725726 7.559374 5.259197 3.659980 2.595155 1.915677 1.499850 1.255606 1.117808 1.043075 1.004082 0.984493 0.975010 0.970583 0.968589 0.967721 0.967356 0.967207 0.967148 0.967126 0.967118 0.967114 0.967111 0.967106 0.967094 0.967067 0.967004 0.966863 0.966562 0.965938 0.964690 0.962288 0.957839 0.949914 0.936365 0.914164 0.879356 0.827252 0.752966 0.652368 0.523382 0.367308 0.189667 0.000000 
50.000000 41.782680 33.938021 26.788041 20.564934 15.391167 11.280933 8.159281 5.891557 4.314889 3.265066 2.595155 2.185176 1.944365 1.808502 1.734817 1.696370 1.677056 1.667705 1.663340 1.661374 1.660518 1.660158 1.660011 1.659953 1.659931 1.659923 1.659919 1.659915 1.659907 1.659889 1.659847 1.659749 1.659532 1.659062 1.658086 1.656124 1.652325 1.645241 1.632533 1.610632 1.574427 1.517115 1.430439 1.305526 1.134525 0.912976 0.642429 0.332344 0.000000 
50.000000 41.967380 34.299031 27.309727 21.226437 16.168881 12.150937 9.099349 6.882500 5.341185 4.314889 3.659980 3.259177 3.023752 2.890925 2.818885 2.781296 2.762412 2.753270 2.749002 2.747079 2.746242 2.745890 2.745746 2.745690 2.745668 2.745659 2.745655 2.745650 2.745639 2.745613 2.745551 2.745409 2.745089 2.744396 2.742948 2.740022 2.734321 2.723615 2.704256 2.670593 2.614379 2.524401 2.386661 2.185567 1.906567 1.540309 1.087697 0.564100 0.000000 
50.000000 42.244729 34.841138 28.093120 22.219805 17.336781 13.457457 10.511116 8.370698 6.882500 5.891557 5.259197 4.872187 4.644858 4.516596 4.447031 4.410732 4.392496 4.383667 4.379545 4.377688 4.376880 4.376540 4.376401 4.376347 4.376326 4.376317 4.376312 4.376306 4.376291 4.376255 4.376170 4.375973 4.375529 4.374564 4.372536 4.368414 4.360331 4.345034 4.317130 4.268122 4.185349 4.051149 3.842751 3.533701 3.097732 2.515701 1.785047 0.929010 0.000000 
50.000000 42.643588 35.620753 29.219748 23.648428 19.016439 15.336511 12.541575 10.511116 9.099349 8.159281 7.559374 7.192217 6.976545 6.854858 6.788856 6.754416 6.737113 6.728736 6.724825 6.723062 6.722295 6.721972 6.721841 6.721789 6.721769 6.721761 6.721755 6.721747 6.721729 6.721683 6.721573 6.721316 6.720738 6.719475 6.716806 6.711350 6.700575 6.680018 6.642165 6.574948 6.459967 6.270787 5.972029 5.520510 4.870216 3.982952 2.845291 1.488401 0.000000 
50.000000 43.192577 36.693821 30.770463 25.614841 21.328423 17.922996 15.336511 13.457457 12.150937 11.280933 10.725726 10.385918 10.186307 10.073678 10.012588 9.980710 9.964693 9.956939 9.953318 9.951687 9.950977 9.950678 9.950556 9.950508 9.950489 9.950481 9.950476 9.950466 9.950444 9.950389 9.950256 9.949945 9.949242 9.947699 9.944421 9.937681 9.924272 9.898474 9.850494 9.764276 9.614705 9.364482 8.961498 8.338419 7.417458 6.124686 4.418215 2.329433 0.000000 
50.000000 43.915349 38.106579 32.812090 28.203795 24.372391 21.328423 19.016439 17.336781 16.168881 15.391167 14.894846 14.591071 14.412622 14.311930 14.257314 14.228813 14.214492 14.207559 14.204322 14.202863 14.202228 14.201961 14.201852 14.201809 14.201792 14.201785 14.201779 14.201769 14.201744 14.201682 14.201534 14.201186 14.200395 14.198652 14.194931 14.187233 14.171809 14.141880 14.085641 13.983314 13.803080 13.495930 12.990004 12.186196 10.959053 9.171032 6.713141 3.584900 0.000000 
50.000000 44.825063 39.884749 35.381806 31.462441 28.203795 25.614841 23.648428 22.219805 21.226437 20.564934 20.142767 19.884372 19.732577 19.646924 19.600462 19.576217 19.564034 19.558135 19.555381 19.554140 19.553600 19.553372 19.553280 19.553243 19.553229 19.553222 19.553217 19.553206 19.553181 19.553119 19.552968 19.552612 19.551801 19.550007 19.546157 19.538151 19.521999 19.490398 19.430409 19.319870 19.122073 18.778212 18.197383 17.244741 15.731221 13.415335 10.043829 5.483969 0.000000 
50.000000 45.919210 42.023427 38.472529 35.381806 32.812090 30.770463 29.219748 28.093120 27.309727 26.788041 26.455099 26.251312 26.131594 26.064039 26.027394 26.008270 25.998661 25.994008 25.991836 25.990857 25.990430 25.990251 25.990178 25.990149 25.990138 25.990133 25.990128 25.990119 25.990096 25.990039 25.989902 25.989579 25.988840 25.987199 25.983664 25.976274 25.961278 25.931716 25.875066 25.769418 25.577419 25.236796 24.645777 23.641058 21.966471 19.236264 14.923379 8.491578 0.000000 
50.000000 47.176254 44.480521 42.023427 39.884749 38.106579 36.693821 35.620753 34.841138 34.299031 33.938021 33.707619 33.566593 33.483743 33.436992 33.411631 33.398396 33.391746 33.388526 33.387022 33.386344 33.386049 33.385925 33.385875 33.385855 33.385847 33.385843 33.385840 33.385833 33.385815 33.385772 33.385667 33.385420 33.384853 33.383590 33.380863 33.375138 33.363465 33.340311 33.295592 33.211334 33.056090 32.775462 32.275606 31.393438 29.840920 27.100048 22.240261 13.721861 0.000000 
50.000000 48.555382 47.176254 45.919210 44.825063 43.915349 43.192577 42.643588 42.244729 41.967380 41.782680 41.664802 41.592649 41.550260 41.526340 41.513365 41.506593 41.503190 41.501543 41.500773 41.500426 41.500275 41.500212 41.500186 41.500176 41.500172 41.500170 41.500168 41.500164 41.500155 41.500131 41.500075 41.499940 41.499631 41.498943 41.497453 41.494318 41.487905 41.475134 41.450336 41.403279 41.315719 41.155187 40.863143 40.330449 39.341095 37.427632 33.454392 24.277691 0.000000 
50.000000 50.000000 50.000000 50.000000 50.000000 50.000000 50.000000 50.000000 50.000000 50.000000 50.000000 50.000000 50.000000 50.000000 50.000000 50.000000 50.000000 50.000000 50.000000 50.000000 50.000000 50.000000 50.000000 50.000000 50.000000 50.000000 50.000000 50.000000 50.000000 50.000000 50.000000 50.000000 50.000000 50.000000 50.000000 50.000000 50.000000 50.000000 50.000000 50.000000 50.000000 50.000000 50.000000 50.000000 50.000000 50.000000 50.000000 50.000000 50.000000 50.000000 
