50.000000 50.000000 50.000000 50.000000 50.000000 50.000000 50.000000 50.000000 50.000000 50.000000 50.000000 50.000000 50.000000 50.000000 50.000000 50.000000 50.000000 50.000000 50.000000 50.000000 50.000000 50.000000 50.000000 50.000000 50.000000 50.000000 50.000000 50.000000 50.000000 50.000000 50.000000 50.000000 50.000000 50.000000 50.000000 50.000000 50.000000 50.000000 50.000000 50.000000 50.000000 50.000000 50.000000 50.000000 50.000000 50.000000 50.000000 50.000000 50.000000 50.000000 
50.000000 45.791361 42.136615 39.372205 37.541063 36.471529 35.916549 35.658766 35.550802 35.509753 35.495496 35.490947 35.489606 35.489240 35.489147 35.489124 35.489119 35.489118 35.489118 35.489118 35.489118 35.489118 35.489118 35.489118 35.489118 35.489118 35.489118 35.489118 35.489118 35.489118 35.489118 35.489118 35.489118 35.489118 35.489118 35.489117 35.489111 35.489085 35.488979 35.488563 35.487032 35.481737 35.464540 35.412014 35.260463 34.843851 33.735731 30.812623 22.895681 0.000000 
50.000000 42.136615 35.308301 30.143706 26.722936 24.725118 23.688565 23.207155 23.005559 22.928921 22.902307 22.893816 22.891315 22.890631 22.890457 22.890416 22.890406 22.890404 22.890404 22.890404 22.890404 22.890404 22.890404 22.890404 22.890404 22.890404 22.890404 22.890404 22.890404 22.890404 22.890404 22.890404 22.890404 22.890404 22.890403 22.890401 22.890393 22.890353 22.890191 22.889557 22.887243 22.879330 22.854034 22.778519 22.568048 22.020019 20.685748 17.654151 11.323992 0.000000 
50.000000 39.372205 30.143706 23.164229 18.541846 15.842600 14.442326 13.792102 13.519862 13.416389 13.380463 13.369004 13.365629 13.364707 13.364472 13.364416 13.364404 13.364401 13.364400 13.364400 13.364400 13.364400 13.364400 13.364400 13.364400 13.364400 13.364400 13.364400 13.364400 13.364400 13.364400 13.364400 13.364400 13.364400 13.364400 13.364398 13.364389 13.364350 13.364191 13.363577 13.361354 13.353853 13.330305 13.261724 13.077085 12.619464 11.582115 9.457957 5.636473 0.000000 
50.000000 37.541063 26.722936 18.541846 13.124235 9.961040 8.320345 7.558613 7.239748 7.118578 7.076518 7.063105 7.059155 7.058076 7.057801 7.057736 7.057721 7.057718 7.057718 7.057718 7.057718 7.057718 7.057718 7.057718 7.057718 7.057718 7.057718 7.057718 7.057718 7.057718 7.057718 7.057718 7.057718 7.057717 7.057717 7.057716 7.057709 7.057680 7.057560 7.057102 7.055464 7.050008 7.033172 6.985246 6.860063 6.562117 5.922382 4.702917 2.697212 0.000000 
50.000000 36.471529 24.725118 15.842600 9.961040 6.527358 4.746607 3.919977 3.574002 3.442554 3.396933 3.382388 3.378106 3.376936 3.376639 3.376568 3.376552 3.376549 3.376548 3.376548 3.376548 3.376548 3.376548 3.376548 3.376548 3.376548 3.376548 3.376548 3.376548 3.376548 3.376548 3.376548 3.376548 3.376548 3.376548 3.376547 3.376542 3.376524 3.376451 3.376170 3.375177 3.371909 3.361981 3.334268 3.263679 3.100978 2.765515 2.157070 1.211066 0.000000 
50.000000 35.916549 23.688565 14.442326 8.320345 4.746607 2.893405 2.033239 1.673271 1.536524 1.489071 1.473943 1.469490 1.468274 1.467965 1.467891 1.467875 1.467871 1.467871 1.467870 1.467870 1.467870 1.467870 1.467870 1.467870 1.467870 1.467870 1.467870 1.467870 1.467870 1.467870 1.467870 1.467870 1.467870 1.467870 1.467870 1.467868 1.467858 1.467819 1.467673 1.467159 1.465487 1.460472 1.446703 1.412339 1.335099 1.180602 0.910046 0.504535 0.000000 
50.000000 35.658766 23.207155 13.792102 7.558613 3.919977 2.033239 1.157567 0.791138 0.651948 0.603651 0.588256 0.583724 0.582487 0.582172 0.582097 0.582081 0.582077 0.582076 0.582076 0.582076 0.582076 0.582076 0.582076 0.582076 0.582076 0.582076 0.582076 0.582076 0.582076 0.582076 0.582076 0.582076 0.582076 0.582076 0.582076 0.582075 0.582071 0.582053 0.581986 0.581754 0.581005 0.578784 0.572767 0.557996 0.525442 0.461797 0.353121 0.194226 0.000000 
50.000000 35.550802 23.005559 13.519862 7.239748 3.574002 1.673271 0.791138 0.422021 0.281815 0.233168 0.217662 0.213099 0.211852 0.211535 0.211460 0.211443 0.211440 0.211439 0.211439 0.211439 0.211439 0.211439 0.211439 0.211439 0.211439 0.211439 0.211439 0.211439 0.211439 0.211439 0.211439 0.211439 0.211439 0.211439 0.211439 0.211438 0.211436 0.211429 0.211402 0.211309 0.211011 0.210134 0.207784 0.202093 0.189741 0.166009 0.126228 0.069065 0.000000 
50.000000 35.509753 22.928921 13.416389 7.118578 3.442554 1.536524 0.651948 0.281815 0.141226 0.092448 0.076900 0.072324 0.071075 0.070757 0.070681 0.070665 0.070661 0.070660 0.070660 0.070660 0.070660 0.070660 0.070660 0.070660 0.070660 0.070660 0.070660 0.070660 0.070660 0.070660 0.070660 0.070660 0.070660 0.070660 0.070660 0.070660 0.070659 0.070657 0.070647 0.070613 0.070506 0.070194 0.069364 0.067377 0.063115 0.055035 0.041677 0.022721 0.000000 
50.000000 35.495496 22.902307 13.380463 7.076518 3.396933 1.489071 0.603651 0.233168 0.092448 0.043624 0.028062 0.023482 0.022232 0.021913 0.021838 0.021821 0.021817 0.021817 0.021816 0.021816 0.021816 0.021816 0.021816 0.021816 0.021816 0.021816 0.021816 0.021816 0.021816 0.021816 0.021816 0.021816 0.021816 0.021816 0.021816 0.021816 0.021816 0.021815 0.021812 0.021801 0.021766 0.021665 0.021398 0.020763 0.019415 0.016886 0.012750 0.006933 0.000000 
50.000000 35.490947 22.893816 13.369004 7.063105 3.382388 1.473943 0.588256 0.217662 0.076900 0.028062 0.012496 0.007914 0.006664 0.006345 0.006270 0.006253 0.006249 0.006248 0.006248 0.006248 0.006248 0.006248 0.006248 0.006248 0.006248 0.006248 0.006248 0.006248 0.006248 0.006248 0.006248 0.006248 0.006248 0.006248 0.006248 0.006248 0.006248 0.006248 0.006247 0.006244 0.006233 0.006203 0.006124 0.005937 0.005544 0.004813 0.003626 0.001968 0.000000 
50.000000 35.489606 22.891315 13.365629 7.059155 3.378106 1.469490 0.583724 0.213099 0.072324 0.023482 0.007914 0.003333 0.002082 0.001763 0.001688 0.001671 0.001667 0.001667 0.001666 0.001666 0.001666 0.001666 0.001666 0.001666 0.001666 0.001666 0.001666 0.001666 0.001666 0.001666 0.001666 0.001666 0.001666 0.001666 0.001666 0.001666 0.001666 0.001666 0.001666 0.001665 0.001662 0.001654 0.001632 0.001581 0.001475 0.001279 0.000961 0.000521 0.000000 
50.000000 35.489240 22.890631 13.364707 7.058076 3.376936 1.468274 0.582487 0.211852 0.071075 0.022232 0.006664 0.002082 0.000831 0.000512 0.000437 0.000420 0.000416 0.000415 0.000415 0.000415 0.000415 0.000415 0.000415 0.000415 0.000415 0.000415 0.000415 0.000415 0.000415 0.000415 0.000415 0.000415 0.000415 0.000415 0.000415 0.000415 0.000415 0.000415 0.000415 0.000415 0.000414 0.000412 0.000407 0.000394 0.000367 0.000318 0.000239 0.000129 0.000000 
50.000000 35.489147 22.890457 13.364472 7.057801 3.376639 1.467965 0.582172 0.211535 0.070757 0.021913 0.006345 0.001763 0.000512 0.000194 0.000118 0.000101 0.000098 0.000097 0.000097 0.000097 0.000097 0.000097 0.000097 0.000097 0.000097 0.000097 0.000097 0.000097 0.000097 0.000097 0.000097 0.000097 0.000097 0.000097 0.000097 0.000097 0.000097 0.000097 0.000097 0.000097 0.000097 0.000096 0.000095 0.000092 0.000086 0.000074 0.000056 0.000030 0.000000 
50.000000 35.489124 22.890416 13.364416 7.057736 3.376568 1.467891 0.582097 0.211460 0.070681 0.021838 0.006270 0.001688 0.000437 0.000118 0.000043 0.000026 0.000022 0.000021 0.000021 0.000021 0.000021 0.000021 0.000021 0.000021 0.000021 0.000021 0.000021 0.000021 0.000021 0.000021 0.000021 0.000021 0.000021 0.000021 0.000021 0.000021 0.000021 0.000021 0.000021 0.000021 0.000021 0.000021 0.000021 0.000020 0.000019 0.000016 0.000012 0.000007 0.000000 
50.000000 35.489119 22.890406 13.364404 7.057721 3.376552 1.467875 0.582081 0.211443 0.070665 0.021821 0.006253 0.001671 0.000420 0.000101 0.000026 0.000009 0.000005 0.000005 0.000004 0.000004 0.000004 0.000004 0.000004 0.000004 0.000004 0.000004 0.000004 0.000004 0.000004 0.000004 0.000004 0.000004 0.000004 0.000004 0.000004 0.000004 0.000004 0.000004 0.000004 0.000004 0.000004 0.000004 0.000004 0.000004 0.000004 0.000003 0.000003 0.000001 0.000000 
50.000000 35.489118 22.890404 13.364401 7.057718 3.376549 1.467871 0.582077 0.211440 0.070661 0.021817 0.006249 0.001667 0.000416 0.000098 0.000022 0.000005 0.000002 0.000001 0.000001 0.000001 0.000001 0.000001 0.000001 0.000001 0.000001 0.000001 0.000001 0.000001 0.000001 0.000001 0.000001 0.000001 0.000001 0.000001 0.000001 0.000001 0.000001 0.000001 0.000001 0.000001 0.000001 0.000001 0.000001 0.000001 0.000001 0.000001 0.000000 0.000000 0.000000 
50.000000 35.489118 22.890404 13.364400 7.057718 3.376548 1.467871 0.582076 0.211439 0.070660 0.021817 0.006248 0.001667 0.000415 0.000097 0.000021 0.000005 0.000001 0.000000 0.000000 0.000000 0.000000 0.000000 0.000000 0.000000 0.000000 0.000000 0.000000 0.000000 0.000000 0.000000 0.000000 0.000000 0.000000 0.000000 0.000000 0.000000 0.000000 0.000000 0.000000 0.000000 0.000000 0.000000 0.000000 0.000000 0.000000 0.000000 0.000000 0.000000 0.000000 
50.000000 35.489118 22.890404 13.364400 7.057718 3.376548 1.467870 0.582076 0.211439 0.070660 0.021816 0.006248 0.001666 0.000415 0.000097 0.000021 0.000004 0.000001 0.000000 0.000000 0.000000 0.000000 0.000000 0.000000 0.000000 0.000000 0.000000 0.000000 0.000000 0.000000 0.000000 0.000000 0.000000 0.000000 0.000000 0.000000 0.000000 0.000000 0.000000 0.000000 0.000000 0.000000 0.000000 0.000000 0.000000 0.000000 0.000000 0.000000 0.000000 0.000000 
50.000000 35.489118 22.890404 13.364400 7.057718 3.376548 1.467870 0.582076 0.211439 0.070660 0.021816 0.006248 0.001666 0.000415 0.000097 0.000021 0.000004 0.000001 0.000000 0.000000 0.000000 0.000000 0.000000 0.000000 0.000000 0.000000 0.000000 0.000000 0.000000 0.000000 0.000000 0.000000 0.000000 0.000000 0.000000 0.000000 0.000000 0.000000 0.000000 0.000000 0.000000 0.000000 0.000000 0.000000 0.000000 0.000000 0.000000 0.000000 0.000000 0.000000 
50.000000 35.489118 22.890404 13.364400 7.057718 3.376548 1.467870 0.582076 0.211439 0.070660 0.021816 0.006248 0.001666 0.000415 0.000097 0.000021 0.000004 0.000001 0.000000 0.000000 0.000000 0.000000 0.000000 0.000000 0.000000 0.000000 0.000000 0.000000 0.000000 0.000000 0.000000 0.000000 0.000000 0.000000 0.000000 0.000000 0.000000 0.000000 0.000000 0.000000 0.000000 0.000000 0.000000 0.000000 0.000000 0.000000 0.000000 0.000000 0.000000 0.000000 
50.000000 35.489118 22.890404 13.364400 7.057718 3.376548 1.467870 0.582076 0.211439 0.070660 0.021816 0.006248 0.001666 0.000415 0.000097 0.000021 0.000004 0.000001 0.000000 0.000000 0.000000 0.000000 0.000000 0.000000 0.000000 0.000000 0.000000 0.000000 0.000000 0.000000 0.000000 0.000000 0.000000 0.000000 0.000000 0.000000 0.000000 0.000000 0.000000 0.000000 0.000000 0.000000 0.000000 0.000000 0.000000 0.000000 0.000000 0.000000 0.000000 0.000000 
50.000000 35.489118 22.890404 13.364400 7.057718 3.376548 1.467870 0.582076 0.211439 0.070660 0.021816 0.006248 0.001666 0.000415 0.000097 0.000021 0.000004 0.000001 0.000000 0.000000 0.000000 0.000000 0.000000 0.000000 0.000000 0.000000 0.000000 0.000000 0.000000 0.000000 0.000000 0.000000 0.000000 0.000000 0.000000 0.000000 0.000000 0.000000 0.000000 0.000000 0.000000 0.000000 0.000000 0.000000 0.000000 0.000000 0.000000 0.000000 0.000000 0.000000 
50.000000 35.489118 22.890404 13.364400 7.057718 3.376548 1.467870 0.582076 0.211439 0.070660 0.021816 0.006248 0.001666 0.000415 0.000097 0.000021 0.000004 0.000001 0.000000 0.000000 0.000000 0.000000 0.000000 0.000000 0.000000 0.000000 0.000000 0.000000 0.000000 0.000000 0.000000 0.000000 0.000000 0.000000 0.000000 0.000000 0.000000 0.000000 0.000000 0.000000 0.000000 0.000000 0.000000 0.000000 0.000000 0.000000 0.000000 0.000000 0.000000 0.000000 
50.000000 35.489118 22.890404 13.364400 7.057718 3.376548 1.467870 0.582076 0.211439 0.070660 0.021816 0.006248 0.001666 0.000415 0.000097 0.000021 0.000004 0.000001 0.000000 0.000000 0.000000 0.000000 0.000000 0.000000 0.000000 0.000000 0.000000 0.000000 0.000000 0.000000 0.000000 0.000000 0.000000 0.000000 0.000000 0.000000 0.000000 0.000000 0.000000 0.000000 0.000000 0.000000 0.000000 0.000000 0.000000 0.000000 0.000000 0.000000 0.000000 0.000000 
50.000000 35.489118 22.890404 13.364400 7.057718 3.376548 1.467870 0.582076 0.211439 0.070660 0.021816 0.006248 0.001666 0.000415 0.000097 0.000021 0.000004 0.000001 0.000000 0.000000 0.000000 0.000000 0.000000 0.000000 0.000000 0.000000 0.000000 0.000000 0.000000 0.000000 0.000000 0.000000 0.000000 0.000000 0.000000 0.000000 0.000000 0.000000 0.000000 0.000000 0.000000 0.000000 0.000000 0.000000 0.000000 0.000000 0.000000 0.000000 0.000000 0.000000 
50.000000 35.489118 22.890404 13.364400 7.057718 3.376548 1.467870 0.582076 0.211439 0.070660 0.021816 0.006248 0.001666 0.000415 0.000097 0.000021 0.000004 0.000001 0.000000 0.000000 0.000000 0.000000 0.000000 0.000000 0.000000 0.000000 0.000000 0.000000 0.000000 0.000000 0.000000 0.000000 0.000000 0.000000 0.000000 0.000000 0.000000 0.000000 0.000000 0.000000 0.000000 0.000000 0.000000 0.000000 0.000000 0.000000 0.000000 0.000000 0.000000 0.000000 
50.000000 35.489118 22.890404 13.364400 7.057718 3.376548 1.467870 0.582076 0.211439 0.070660 0.021816 0.006248 0.001666 0.000415 0.000097 0.000021 0.000004 0.000001 0.000000 0.000000 0.000000 0.000000 0.000000 0.000000 0.000000 0.000000 0.000000 0.000000 0.000000 0.000000 0.000000 0.000000 0.000000 0.000000 0.000000 0.000000 0.000000 0.000000 0.000000 0.000000 0.000000 0.000000 0.000000 0.000000 0.000000 0.000000 0.000000 0.000000 0.000000 0.000000 
50.000000 35.489118 22.890404 13.364400 7.057718 3.376548 1.467870 0.582076 0.211439 0.070660 0.021816 0.006248 0.001666 0.000415 0.000097 0.000021 0.000004 0.000001 0.000000 0.000000 0.000000 0.000000 0.000000 0.000000 0.000000 0.000000 0.000000 0.000000 0.000000 0.000000 0.000000 0.000000 0.000000 0.000000 0.000000 0.000000 0.000000 0.000000 0.000000 0.000000 0.000000 0.000000 0.000000 0.000000 0.000000 0.000000 0.000000 0.000000 0.000000 0.000000 
50.000000 35.489118 22.890404 13.364400 7.057718 3.376548 1.467870 0.582076 0.211439 0.070660 0.021816 0.006248 0.001666 0.000415 0.000097 0.000021 0.000004 0.000001 0.000000 0.000000 0.000000 0.000000 0.000000 0.000000 0.000000 0.000000 0.000000 0.000000 0.000000 0.000000 0.000000 0.000000 0.000000 0.000000 0.000000 0.000000 0.000000 0.000000 0.000000 0.000000 0.000000 0.000000 0.000000 0.000000 0.000000 0.000000 0.000000 0.000000 0.000000 0.000000 
50.000000 35.489118 22.890404 13.364400 7.057718 3.376548 1.467871 0.582076 0.211439 0.070660 0.021817 0.006248 0.001667 0.000415 0.000097 0.000021 0.000005 0.000001 0.000000 0.000000 0.000000 0.000000 0.000000 0.000000 0.000000 0.000000 0.000000 0.000000 0.000000 0.000000 0.000000 0.000000 0.000000 0.000000 0.000000 0.000000 0.000000 0.000000 0.000000 0.000000 0.000000 0.000000 0.000000 0.000000 0.000000 0.000000 0.000000 0.000000 0.000000 0.000000 
50.000000 35.489118 22.890404 13.364401 7.057718 3.376549 1.467871 0.582077 0.211440 0.070661 0.021817 0.006249 0.001667 0.000416 0.000098 0.000022 0.000005 0.000002 0.000001 0.000001 0.000001 0.000001 0.000001 0.000001 0.000001 0.000001 0.000001 0.000001 0.000001 0.000001 0.000001 0.000001 0.000001 0.000001 0.000001 0.000001 0.000001 0.000001 0.000001 0.000001 0.000001 0.000001 0.000001 0.000001 0.000001 0.000001 0.000001 0.000000 0.000000 0.000000 
50.000000 35.489119 22.890406 13.364404 7.057721 3.376552 1.467875 0.582081 0.211443 0.070665 0.021821 0.006253 0.001671 0.000420 0.000101 0.000026 0.000009 0.000005 0.000005 0.000004 0.000004 0.000004 0.000004 0.000004 0.000004 0.000004 0.000004 0.000004 0.000004 0.000004 0.000004 0.000004 0.000004 0.000004 0.000004 0.000004 0.000004 0.000004 0.000004 0.000004 0.000004 0.000004 0.000004 0.000004 0.000004 0.000004 0.000003 0.000003 0.000001 0.000000 
50.000000 35.489124 22.890416 13.364416 7.057736 3.376568 1.467891 0.582097 0.211460 0.070681 0.021838 0.006270 0.001688 0.000437 0.000118 0.000043 0.000026 0.000022 0.000021 0.000021 0.000021 0.000021 0.000021 0.000021 0.000021 0.000021 0.000021 0.000021 0.000021 0.000021 0.000021 0.000021 0.000021 0.000021 0.000021 0.000021 0.000021 0.000021 0.000021 0.000021 0.000021 0.000021 0.000021 0.000021 0.000020 0.000019 0.000016 0.000012 0.000007 0.000000 
50.000000 35.489147 22.890457 13.364472 7.057801 3.376639 1.467965 0.582172 0.211535 0.070757 0.021913 0.006345 0.001763 0.000512 0.000194 0.000118 0.000101 0.000098 0.000097 0.000097 0.000097 0.000097 0.000097 0.000097 0.000097 0.000097 0.000097 0.000097 0.000097 0.000097 0.000097 0.000097 0.000097 0.000097 0.000097 0.000097 0.000097 0.000097 0.000097 0.000097 0.000097 0.000097 0.000096 0.000095 0.000092 0.000086 0.000074 0.000056 0.000030 0.000000 
50.000000 35.489240 22.890631 13.364707 7.058076 3.376936 1.468274 0.582487 0.211852 0.071075 0.022232 0.006664 0.002082 0.000831 0.000512 0.000437 0.000420 0.000416 0.000415 0.000415 0.000415 0.000415 0.000415 0.000415 0.000415 0.000415 0.000415 0.000415 0.000415 0.000415 0.000415 0.000415 0.000415 0.000415 0.000415 0.000415 0.000415 0.000415 0.000415 0.000415 0.000415 0.000414 0.000412 0.000407 0.000394 0.000367 0.000318 0.000239 0.000129 0.000000 
50.000000 35.489606 22.891315 13.365629 7.059155 3.378106 1.469490 0.583724 0.213099 0.072324 0.023482 0.007914 0.003333 0.002082 0.001763 0.001688 0.001671 0.001667 0.001667 0.001666 0.001666 0.001666 0.001666 0.001666 0.001666 0.001666 0.001666 0.001666 0.001666 0.001666 0.001666 0.001666 0.001666 0.001666 0.001666 0.001666 0.001666 0.001666 0.001666 0.001666 0.001665 0.001662 0.001654 0.001632 0.001581 0.001475 0.001279 0.000961 0.000521 0.000000 
50.000000 35.490947 22.893816 13.369004 7.063105 3.382388 1.473943 0.588256 0.217662 0.076900 0.028062 0.012496 0.007914 0.006664 0.006345 0.006270 0.006253 0.006249 0.006248 0.006248 0.006248 0.006248 0.006248 0.006248 0.006248 0.006248 0.006248 0.006248 0.006248 0.006248 0.006248 0.006248 0.006248 0.006248 0.006248 0.006248 0.006248 0.006248 0.006248 0.006247 0.006244 0.006233 0.006203 0.006124 0.005937 0.005544 0.004813 0.003626 0.001968 0.000000 
50.000000 35.495496 22.902307 13.380463 7.076518 3.396933 1.489071 0.603651 0.233168 0.092448 0.043624 0.028062 0.023482 0.022232 0.021913 0.021838 0.021821 0.021817 0.021817 0.021816 0.021816 0.021816 0.021816 0.021816 0.021816 0.021816 0.021816 0.021816 0.021816 0.021816 0.021816 0.021816 0.021816 0.021816 0.021816 0.021816 0.021816 0.021816 0.021815 0.021812 0.021801 0.021766 0.021665 0.021398 0.020763 0.019415 0.016886 0.012750 0.006933 0.000000 
50.000000 35.509753 22.928921 13.416389 7.118578 3.442554 1.536524 0.651948 0.281815 0.141226 0.092448 0.076900 0.072324 0.071075 0.070757 0.070681 0.070665 0.070661 0.070660 0.070660 0.070660 0.070660 0.070660 0.070660 0.070660 0.070660 0.070660 0.070660 0.070660 0.070660 0.070660 0.070660 0.070660 0.070660 0.070660 0.070660 0.070660 0.070659 0.070657 0.070647 0.070613 0.070506 0.070194 0.069364 0.067377 0.063115 0.055035 0.041677 0.022721 0.000000 
50.000000 35.550802 23.005559 13.519862 7.239748 3.574002 1.673271 0.791138 0.422021 0.281815 0.233168 0.217662 0.213099 0.211852 0.211535 0.211460 0.211443 0.211440 0.211439 0.211439 0.211439 0.211439 0.211439 0.211439 0.211439 0.211439 0.211439 0.211439 0.211439 0.211439 0.211439 0.211439 0.211439 0.211439 0.211439 0.211439 0.211438 0.211436 0.211429 0.211402 0.211309 0.211011 0.210134 0.207784 0.202093 0.189741 0.166009 0.126228 0.069065 0.000000 
50.000000 35.658766 23.207155 13.792102 7.558613 3.919977 2.033239 1.157567 0.791138 0.651948 0.603651 0.588256 0.583724 0.582487 0.582172 0.582097 0.582081 0.582077 0.582076 0.582076 0.582076 0.582076 0.582076 0.582076 0.582076 0.582076 0.582076 0.582076 0.582076 0.582076 0.582076 0.582076 0.582076 0.582076 0.582076 0.582076 0.582075 0.582071 0.582053 0.581986 0.581754 0.581005 0.578784 0.572767 0.557996 0.525442 0.461797 0.353121 0.194226 0.000000 
50.000000 35.916549 23.688565 14.442326 8.320345 4.746607 2.893405 2.033239 1.673271 1.536524 1.489071 1.473943 1.469490 1.468274 1.467965 1.467891 1.467875 1.467871 1.467871 1.467870 1.467870 1.467870 1.467870 1.467870 1.467870 1.467870 1.467870 1.467870 1.467870 1.467870 1.467870 1.467870 1.467870 1.467870 1.467870 1.467870 1.467868 1.467858 1.467819 1.467673 1.467159 1.465487 1.460472 1.446703 1.412339 1.335099 1.180602 0.910046 0.504535 0.000000 
50.000000 36.471529 24.725118 15.842600 9.961040 6.527358 4.746607 3.919977 3.574002 3.442554 3.396933 3.382388 3.378106 3.376936 3.376639 3.376568 3.376552 3.376549 3.376548 3.376548 3.376548 3.376548 3.376548 3.376548 3.376548 3.376548 3.376548 3.376548 3.376548 3.376548 3.376548 3.376548 3.376548 3.376548 3.376548 3.376547 3.376542 3.376524 3.376451 3.376170 3.375177 3.371909 3.361981 3.334268 3.263679 3.100978 2.765515 2.157070 1.211066 0.000000 
50.000000 37.541063 26.722936 18.541846 13.124235 9.961040 8.320345 7.558613 7.239748 7.118578 7.076518 7.063105 7.059155 7.058076 7.057801 7.057736 7.057721 7.057718 7.057718 7.057718 7.057718 7.057718 7.057718 7.057718 7.057718 7.057718 7.057718 7.057718 7.057718 7.057718 7.057718 7.057718 7.057718 7.057717 7.057717 7.057716 7.057709 7.057680 7.057560 7.057102 7.055464 7.050008 7.033172 6.985246 6.860063 6.562117 5.922382 4.702917 2.697212 0.000000 
50.000000 39.372205 30.143706 23.164229 18.541846 15.842600 14.442326 13.792102 13.519862 13.416389 13.380463 13.369004 13.365629 13.364707 13.364472 13.364416 13.364404 13.364401 13.364400 13.364400 13.364400 13.364400 13.364400 13.364400 13.364400 13.364400 13.364400 13.364400 13.364400 13.364400 13.364400 13.364400 13.364400 13.364400 13.364400 13.364398 13.364389 13.364350 13.364191 13.363577 13.361354 13.353853 13.330305 13.261724 13.077085 12.619464 11.582115 9.457957 5.636473 0.000000 
50.000000 42.136615 35.308301 30.143706 26.722936 24.725118 23.688565 23.207155 23.005559 22.928921 22.902307 22.893816 22.891315 22.890631 22.890457 22.890416 22.890406 22.890404 22.890404 22.890404 22.890404 22.890404 22.890404 22.890404 22.890404 22.890404 22.890404 22.890404 22.890404 22.890404 22.890404 22.890404 22.890404 22.890404 22.890403 22.890401 22.890393 22.890353 22.890191 22.889557 22.887243 22.879330 22.854034 22.778519 22.568048 22.020019 20.685748 17.654151 11.323992 0.000000 
50.000000 45.791361 42.136615 39.372205 37.541063 36.471529 35.916549 35.658766 35.550802 35.509753 35.495496 35.490947 35.489606 35.489240 35.489147 35.489124 35.489119 35.489118 35.489118 35.489118 35.489118 35.489118 35.489118 35.489118 35.489118 35.489118 35.489118 35.489118 35.489118 35.489118 35.489118 35.489118 35.489118 35.489118 35.489118 35.489117 35.489111 35.489085 35.488979 35.488563 35.487032 35.481737 35.464540 35.412014 35.260463 34.843851 33.735731 30.812623 22.895681 0.000000 
50.000000 50.000000 50.000000 50.000000 50.000000 50.000000 50.000000 50.000000 50.000000 50.000000 50.000000 50.000000 50.000000 50.000000 50.000000 50.000000 50.000000 50.000000 50.000000 50.000000 50.000000 50.000000 50.000000 50.000000 50.000000 50.000000 50.000000 50.000000 50.000000 50.000000 50.000000 50.000000 50.000000 50.000000 50.000000 50.000000 50.000000 50.000000 50.000000 50.000000 50.000000 50.000000 50.000000 50.000000 50.000000 50.000000 50.000000 50.000000 50.000000 50.000000 
