50.000000 50.000000 50.000000 50.000000 50.000000 50.000000 50.000000 50.000000 50.000000 50.000000 50.000000 50.000000 50.000000 50.000000 50.000000 50.000000 50.000000 50.000000 50.000000 50.000000 50.000000 50.000000 50.000000 50.000000 50.000000 50.000000 50.000000 50.000000 50.000000 50.000000 50.000000 50.000000 50.000000 50.000000 50.000000 50.000000 50.000000 50.000000 50.000000 50.000000 50.000000 50.000000 50.000000 50.000000 50.000000 50.000000 50.000000 50.000000 50.000000 50.000000 
50.000000 48.874165 47.788118 46.777429 45.869987 45.083824 44.426508 43.895991 43.482566 43.171397 42.945124 42.786100 42.678044 42.607027 42.561862 42.534057 42.517478 42.507900 42.502535 42.499622 42.498086 42.497300 42.496909 42.496720 42.496631 42.496588 42.496565 42.496545 42.496515 42.496455 42.496328 42.496065 42.495527 42.494456 42.492371 42.488406 42.481029 42.467590 42.443583 42.401452 42.328615 42.204118 41.992639 41.632991 41.014038 39.918917 37.880880 33.766749 24.437083 0.000000 
50.000000 47.788118 45.654404 43.668748 41.885937 40.341402 39.050008 38.007733 37.195502 36.584172 36.139631 35.827211 35.614924 35.475403 35.386674 35.332049 35.299478 35.280661 35.270123 35.264399 35.261382 35.259838 35.259070 35.258699 35.258524 35.258440 35.258395 35.258357 35.258300 35.258187 35.257950 35.257456 35.256449 35.254447 35.250558 35.243174 35.229471 35.204583 35.160302 35.082991 34.950266 34.725588 34.349199 33.722277 32.677997 30.926715 27.951743 22.827202 14.021369 0.000000 
50.000000 46.777429 43.668748 40.775780 38.178351 35.928079 34.046621 32.528117 31.344773 30.454127 29.806481 29.351323 29.042048 28.838787 28.709523 28.629943 28.582494 28.555081 28.539729 28.531390 28.526995 28.524746 28.523628 28.523087 28.522832 28.522710 28.522646 28.522593 28.522516 28.522363 28.522042 28.521377 28.520025 28.517341 28.512141 28.502299 28.484103 28.451214 28.393050 28.292288 28.121052 27.835105 27.364932 26.602036 25.378059 23.434666 20.387890 15.717004 8.896549 0.000000 
50.000000 45.869987 41.885937 38.178351 34.849533 31.965635 29.554414 27.608353 26.091833 24.950430 24.120449 23.537152 23.140814 22.880335 22.714685 22.612706 22.551903 22.516775 22.497103 22.486417 22.480785 22.477904 22.476471 22.475779 22.475452 22.475297 22.475216 22.475152 22.475062 22.474885 22.474517 22.473754 22.472208 22.469146 22.463234 22.452092 22.431592 22.394763 22.330116 22.219174 22.032897 21.726637 21.233240 20.454055 19.248416 17.424766 14.743686 10.959222 5.951069 0.000000 
50.000000 45.083824 40.341402 35.928079 31.965635 28.532817 25.662659 23.346214 21.541076 20.182458 19.194536 18.500250 18.028501 17.718466 17.521304 17.399926 17.327558 17.285750 17.262336 17.249619 17.242917 17.239487 17.237783 17.236959 17.236570 17.236386 17.236292 17.236222 17.236126 17.235942 17.235561 17.234775 17.233185 17.230049 17.224015 17.212697 17.191993 17.155050 17.090744 16.981517 16.800450 16.507489 16.044961 15.332981 14.266408 12.717219 10.550020 7.663404 4.069786 0.000000 
50.000000 44.426508 39.050008 34.046621 29.554414 25.662659 22.408809 19.782712 17.736289 16.196085 15.076135 14.289072 13.754291 13.402836 13.179336 13.041747 12.959714 12.912324 12.885784 12.871370 12.863773 12.859886 12.857954 12.857020 12.856580 12.856373 12.856269 12.856196 12.856102 12.855925 12.855562 12.854814 12.853308 12.850349 12.844681 12.834104 12.814872 12.780804 12.722018 12.623212 12.461496 12.203876 11.804772 11.204404 10.329678 9.100359 7.444585 5.327731 2.793517 0.000000 
50.000000 43.895991 38.007733 32.528117 27.608353 23.346214 19.782712 16.906726 14.665592 12.978860 11.752377 10.890456 10.304820 9.919948 9.675201 9.524535 9.434707 9.382814 9.353754 9.337970 9.329652 9.325396 9.323281 9.322259 9.321777 9.321553 9.321442 9.321368 9.321281 9.321122 9.320798 9.320134 9.318802 9.316195 9.311224 9.301998 9.285327 9.256015 9.205873 9.122459 8.987594 8.775838 8.453363 7.977940 7.301253 6.375113 5.163185 3.658534 1.903352 0.000000 
50.000000 43.482566 37.195502 31.344773 26.091833 21.541076 17.736289 14.665592 12.272750 10.471856 9.162375 8.242138 7.616887 7.205986 6.944692 6.783841 6.687942 6.632544 6.601521 6.584671 6.575792 6.571249 6.568991 6.567900 6.567387 6.567148 6.567033 6.566961 6.566883 6.566748 6.566476 6.565920 6.564810 6.562647 6.558541 6.550961 6.537352 6.513595 6.473297 6.406914 6.300801 6.136375 5.889754 5.532413 5.033587 4.365196 3.509668 2.469914 1.278448 0.000000 
50.000000 43.171397 36.584172 30.454127 24.950430 20.182458 16.196085 12.978860 10.471856 8.585058 7.213129 6.249017 5.593963 5.163482 4.889740 4.721230 4.620766 4.562731 4.530232 4.512582 4.503280 4.498521 4.496156 4.495014 4.494476 4.494228 4.494110 4.494041 4.493975 4.493865 4.493647 4.493207 4.492330 4.490628 4.487414 4.481513 4.470981 4.452724 4.422003 4.371857 4.292529 4.171054 3.991267 3.734589 3.382008 2.917533 2.333075 1.633906 0.842783 0.000000 
50.000000 42.945124 36.139631 29.806481 24.120449 19.194536 15.076135 11.752377 9.162375 7.213129 5.795804 4.799801 4.123087 3.678376 3.395590 3.221513 3.117733 3.057783 3.024212 3.005979 2.996371 2.991456 2.989013 2.987834 2.987279 2.987023 2.986904 2.986839 2.986782 2.986697 2.986531 2.986199 2.985540 2.984266 2.981871 2.977495 2.969733 2.956366 2.934040 2.897902 2.841272 2.755460 2.629918 2.452923 2.213019 1.901274 1.514194 1.056640 0.543673 0.000000 
50.000000 42.786100 35.827211 29.351323 23.537152 18.500250 14.289072 10.890456 8.242138 6.249017 4.799801 3.781395 3.089466 2.634762 2.345624 2.167639 2.061530 2.000235 1.965912 1.947271 1.937448 1.932423 1.929926 1.928720 1.928153 1.927892 1.927772 1.927711 1.927664 1.927599 1.927479 1.927239 1.926765 1.925854 1.924149 1.921050 1.915581 1.906222 1.890698 1.865761 1.827014 1.768841 1.684583 1.567054 1.409505 1.207036 0.958272 0.666909 0.342517 0.000000 
50.000000 42.678044 35.614924 29.042048 23.140814 18.028501 13.754291 10.304820 7.616887 5.593963 4.123087 3.089466 2.387205 1.925715 1.632264 1.451627 1.343937 1.281730 1.246896 1.227978 1.218009 1.212909 1.210375 1.209152 1.208577 1.208313 1.208193 1.208134 1.208095 1.208047 1.207963 1.207797 1.207471 1.206847 1.205684 1.203580 1.199887 1.193603 1.183244 1.166721 1.141239 1.103292 1.048805 0.973487 0.873451 0.746051 0.590834 0.410341 0.210454 0.000000 
50.000000 42.607027 35.475403 28.838787 22.880335 17.718466 13.402836 9.919948 7.205986 5.163482 3.678376 2.634762 1.925715 1.459769 1.163486 0.981106 0.872379 0.809573 0.774404 0.755305 0.745240 0.740091 0.737533 0.736297 0.735717 0.735451 0.735331 0.735275 0.735242 0.735207 0.735150 0.735039 0.734824 0.734414 0.733652 0.732281 0.729884 0.725828 0.719181 0.708644 0.692501 0.668634 0.634620 0.587964 0.526473 0.448743 0.354684 0.245933 0.125997 0.000000 
50.000000 42.561862 35.386674 28.709523 22.714685 17.521304 13.179336 9.675201 6.944692 4.889740 3.395590 2.345624 1.632264 1.163486 0.865404 0.681918 0.572531 0.509345 0.473964 0.454749 0.444623 0.439443 0.436869 0.435627 0.435043 0.434776 0.434656 0.434602 0.434572 0.434547 0.434509 0.434438 0.434302 0.434042 0.433563 0.432702 0.431205 0.428684 0.424574 0.418094 0.408228 0.393731 0.373204 0.345232 0.308606 0.262594 0.207224 0.143500 0.073456 0.000000 
50.000000 42.534057 35.332049 28.629943 22.612706 17.399926 13.041747 9.524535 6.783841 4.721230 3.221513 2.167639 1.451627 0.981107 0.681918 0.497752 0.387960 0.324540 0.289027 0.269742 0.259579 0.254380 0.251797 0.250549 0.249964 0.249696 0.249576 0.249523 0.249496 0.249477 0.249453 0.249409 0.249325 0.249167 0.248876 0.248355 0.247454 0.245943 0.243490 0.239643 0.233815 0.225300 0.213311 0.197066 0.175911 0.149472 0.117802 0.081491 0.041686 0.000000 
50.000000 42.517478 35.299478 28.582494 22.551903 17.327558 12.959714 9.434707 6.687942 4.620766 3.117733 2.061530 1.343937 0.872379 0.572531 0.387960 0.277927 0.214368 0.178777 0.159449 0.149264 0.144054 0.141465 0.140215 0.139628 0.139360 0.139241 0.139188 0.139163 0.139149 0.139132 0.139106 0.139056 0.138963 0.138793 0.138489 0.137965 0.137090 0.135676 0.133467 0.130138 0.125296 0.118512 0.109365 0.097509 0.082756 0.065152 0.045031 0.023022 0.000000 
50.000000 42.507900 35.280661 28.555081 22.516775 17.285750 12.912324 9.382814 6.632544 4.562731 3.057783 2.000235 1.281730 0.809573 0.509345 0.324540 0.214368 0.150728 0.115093 0.095741 0.085543 0.080326 0.077734 0.076483 0.075895 0.075627 0.075507 0.075455 0.075432 0.075420 0.075409 0.075393 0.075365 0.075312 0.075215 0.075044 0.074749 0.074259 0.073470 0.072243 0.070401 0.067734 0.064013 0.059016 0.052565 0.044568 0.035056 0.024212 0.012373 0.000000 
50.000000 42.502535 35.270123 28.539729 22.497103 17.262337 12.885785 9.353754 6.601521 4.530233 3.024213 1.965913 1.246897 0.774405 0.473964 0.289028 0.178778 0.115094 0.079434 0.060068 0.049863 0.044642 0.042048 0.040796 0.040208 0.039940 0.039820 0.039768 0.039746 0.039735 0.039727 0.039718 0.039702 0.039673 0.039620 0.039527 0.039367 0.039101 0.038675 0.038014 0.037027 0.035602 0.033621 0.030971 0.027562 0.023349 0.018352 0.012668 0.006471 0.000000 
50.000000 42.499622 35.264399 28.531391 22.486418 17.249620 12.871371 9.337972 6.584673 4.512584 3.005982 1.947273 1.227981 0.755307 0.454751 0.269744 0.159451 0.095743 0.060069 0.040696 0.030487 0.025264 0.022669 0.021417 0.020829 0.020560 0.020441 0.020389 0.020367 0.020357 0.020351 0.020346 0.020337 0.020321 0.020293 0.020244 0.020160 0.020020 0.019797 0.019452 0.018938 0.018200 0.017176 0.015811 0.014061 0.011903 0.009350 0.006450 0.003294 0.000000 
50.000000 42.498087 35.261383 28.526997 22.480789 17.242920 12.863777 9.329657 6.575797 4.503285 2.996377 1.937454 1.218015 0.745246 0.444629 0.259584 0.149270 0.085548 0.049868 0.030490 0.020279 0.015056 0.012461 0.011208 0.010619 0.010351 0.010232 0.010180 0.010158 0.010148 0.010144 0.010140 0.010135 0.010127 0.010113 0.010088 0.010044 0.009973 0.009860 0.009685 0.009426 0.009054 0.008540 0.007856 0.006982 0.005907 0.004637 0.003198 0.001633 0.000000 
50.000000 42.497302 35.259842 28.524752 22.477912 17.239497 12.859897 9.325408 6.571262 4.498535 2.991470 1.932437 1.212924 0.740106 0.439458 0.254394 0.144068 0.080341 0.044656 0.025277 0.015065 0.009841 0.007245 0.005992 0.005404 0.005135 0.005016 0.004964 0.004942 0.004933 0.004929 0.004927 0.004924 0.004920 0.004913 0.004900 0.004879 0.004843 0.004787 0.004701 0.004574 0.004391 0.004140 0.003807 0.003381 0.002859 0.002243 0.001546 0.000789 0.000000 
50.000000 42.496915 35.259082 28.523644 22.476492 17.237807 12.857982 9.323312 6.569023 4.496190 2.989048 1.929961 1.210411 0.737569 0.436906 0.251833 0.141501 0.077770 0.042084 0.022704 0.012491 0.007267 0.004671 0.003418 0.002830 0.002561 0.002442 0.002390 0.002369 0.002359 0.002356 0.002354 0.002352 0.002350 0.002346 0.002340 0.002330 0.002313 0.002285 0.002244 0.002182 0.002094 0.001974 0.001814 0.001610 0.001361 0.001067 0.000736 0.000375 0.000000 
50.000000 42.496734 35.258726 28.523127 22.475829 17.237018 12.857088 9.322332 6.567978 4.495095 2.987917 1.928805 1.209238 0.736385 0.435714 0.250637 0.140303 0.076570 0.040883 0.021502 0.011290 0.006065 0.003470 0.002216 0.001628 0.001360 0.001240 0.001189 0.001167 0.001158 0.001154 0.001153 0.001151 0.001150 0.001148 0.001145 0.001140 0.001132 0.001118 0.001098 0.001067 0.001024 0.000964 0.000886 0.000786 0.000664 0.000521 0.000359 0.000183 0.000000 
50.000000 42.496664 35.258588 28.522925 22.475571 17.236711 12.856739 9.321950 6.567570 4.494668 2.987476 1.928354 1.208780 0.735922 0.435249 0.250170 0.139835 0.076102 0.040415 0.021034 0.010821 0.005596 0.003001 0.001747 0.001159 0.000891 0.000771 0.000720 0.000698 0.000689 0.000685 0.000684 0.000683 0.000682 0.000681 0.000679 0.000676 0.000671 0.000663 0.000650 0.000632 0.000606 0.000571 0.000524 0.000465 0.000393 0.000308 0.000212 0.000108 0.000000 
50.000000 42.496664 35.258588 28.522925 22.475571 17.236711 12.856739 9.321950 6.567570 4.494668 2.987476 1.928354 1.208780 0.735922 0.435249 0.250170 0.139835 0.076102 0.040415 0.021034 0.010821 0.005596 0.003001 0.001747 0.001159 0.000891 0.000771 0.000720 0.000698 0.000689 0.000685 0.000684 0.000683 0.000682 0.000681 0.000679 0.000676 0.000671 0.000663 0.000650 0.000632 0.000606 0.000571 0.000524 0.000465 0.000393 0.000308 0.000212 0.000108 0.000000 
50.000000 42.496734 35.258726 28.523127 22.475829 17.237018 12.857088 9.322332 6.567978 4.495095 2.987917 1.928805 1.209238 0.736385 0.435714 0.250637 0.140303 0.076570 0.040883 0.021502 0.011290 0.006065 0.003470 0.002216 0.001628 0.001360 0.001240 0.001189 0.001167 0.001158 0.001154 0.001153 0.001151 0.001150 0.001148 0.001145 0.001140 0.001132 0.001118 0.001098 0.001067 0.001024 0.000964 0.000886 0.000786 0.000664 0.000521 0.000359 0.000183 0.000000 
50.000000 42.496915 35.259082 28.523644 22.476492 17.237807 12.857982 9.323312 6.569023 4.496190 2.989048 1.929961 1.210411 0.737569 0.436906 0.251833 0.141501 0.077770 0.042084 0.022704 0.012491 0.007267 0.004671 0.003418 0.002830 0.002561 0.002442 0.002390 0.002369 0.002359 0.002356 0.002354 0.002352 0.002350 0.002346 0.002340 0.002330 0.002313 0.002285 0.002244 0.002182 0.002094 0.001974 0.001814 0.001610 0.001361 0.001067 0.000736 0.000375 0.000000 
50.000000 42.497302 35.259842 28.524752 22.477912 17.239497 12.859897 9.325408 6.571262 4.498535 2.991470 1.932437 1.212924 0.740106 0.439458 0.254394 0.144068 0.080341 0.044656 0.025277 0.015065 0.009841 0.007245 0.005992 0.005404 0.005135 0.005016 0.004964 0.004942 0.004933 0.004929 0.004927 0.004924 0.004920 0.004913 0.004900 0.004879 0.004843 0.004787 0.004701 0.004574 0.004391 0.004140 0.003807 0.003381 0.002859 0.002243 0.001546 0.000789 0.000000 
50.000000 42.498087 35.261383 28.526997 22.480789 17.242920 12.863777 9.329657 6.575797 4.503285 2.996377 1.937454 1.218015 0.745246 0.444629 0.259584 0.149270 0.085548 0.049868 0.030490 0.020279 0.015056 0.012461 0.011208 0.010619 0.010351 0.010232 0.010180 0.010158 0.010148 0.010144 0.010140 0.010135 0.010127 0.010113 0.010088 0.010044 0.009973 0.009860 0.009685 0.009426 0.009054 0.008540 0.007856 0.006982 0.005907 0.004637 0.003198 0.001633 0.000000 
50.000000 42.499622 35.264399 28.531391 22.486418 17.249620 12.871371 9.337972 6.584673 4.512584 3.005982 1.947273 1.227981 0.755307 0.454751 0.269744 0.159451 0.095743 0.060069 0.040696 0.030487 0.025264 0.022669 0.021417 0.020829 0.020560 0.020441 0.020389 0.020367 0.020357 0.020351 0.020346 0.020337 0.020321 0.020293 0.020244 0.020160 0.020020 0.019797 0.019452 0.018938 0.018200 0.017176 0.015811 0.014061 0.011903 0.009350 0.006450 0.003294 0.000000 
50.000000 42.502535 35.270123 28.539729 22.497103 17.262337 12.885785 9.353754 6.601521 4.530233 3.024213 1.965913 1.246897 0.774405 0.473964 0.289028 0.178778 0.115094 0.079434 0.060068 0.049863 0.044642 0.042048 0.040796 0.040208 0.039940 0.039820 0.039768 0.039746 0.039735 0.039727 0.039718 0.039702 0.039673 0.039620 0.039527 0.039367 0.039101 0.038675 0.038014 0.037027 0.035602 0.033621 0.030971 0.027562 0.023349 0.018352 0.012668 0.006471 0.000000 
50.000000 42.507900 35.280661 28.555081 22.516775 17.285750 12.912324 9.382814 6.632544 4.562731 3.057783 2.000235 1.281730 0.809573 0.509345 0.324540 0.214368 0.150728 0.115093 0.095741 0.085543 0.080326 0.077734 0.076483 0.075895 0.075627 0.075507 0.075455 0.075432 0.075420 0.075409 0.075393 0.075365 0.075312 0.075215 0.075044 0.074749 0.074259 0.073470 0.072243 0.070401 0.067734 0.064013 0.059016 0.052565 0.044568 0.035056 0.024212 0.012373 0.000000 
50.000000 42.517478 35.299478 28.582494 22.551903 17.327558 12.959714 9.434707 6.687942 4.620766 3.117733 2.061530 1.343937 0.872379 0.572531 0.387960 0.277927 0.214368 0.178777 0.159449 0.149264 0.144054 0.141465 0.140215 0.139628 0.139360 0.139241 0.139188 0.139163 0.139149 0.139132 0.139106 0.139056 0.138963 0.138793 0.138489 0.137965 0.137090 0.135676 0.133467 0.130138 0.125296 0.118512 0.109365 0.097509 0.082756 0.065152 0.045031 0.023022 0.000000 
50.000000 42.534057 35.332049 28.629943 22.612706 17.399926 13.041747 9.524535 6.783841 4.721230 3.221513 2.167639 1.451627 0.981107 0.681918 0.497752 0.387960 0.324540 0.289027 0.269742 0.259579 0.254380 0.251797 0.250549 0.249964 0.249696 0.249576 0.249523 0.249496 0.249477 0.249453 0.249409 0.249325 0.249167 0.248876 0.248355 0.247454 0.245943 0.243490 0.239643 0.233815 0.225300 0.213311 0.197066 0.175911 0.149472 0.117802 0.081491 0.041686 0.000000 
50.000000 42.561862 35.386674 28.709523 22.714685 17.521304 13.179336 9.675201 6.944692 4.889740 3.395590 2.345624 1.632264 1.163486 0.865404 0.681918 0.572531 0.509345 0.473964 0.454749 0.444623 0.439443 0.436869 0.435627 0.435043 0.434776 0.434656 0.434602 0.434572 0.434547 0.434509 0.434438 0.434302 0.434042 0.433563 0.432702 0.431205 0.428684 0.424574 0.418094 0.408228 0.393731 0.373204 0.345232 0.308606 0.262594 0.207224 0.143500 0.073456 0.000000 
50.000000 42.607027 35.475403 28.838787 22.880335 17.718466 13.402836 9.919948 7.205986 5.163482 3.678376 2.634762 1.925715 1.459769 1.163486 0.981106 0.872379 0.809573 0.774404 0.755305 0.745240 0.740091 0.737533 0.736297 0.735717 0.735451 0.735331 0.735275 0.735242 0.735207 0.735150 0.735039 0.734824 0.734414 0.733652 0.732281 0.729884 0.725828 0.719181 0.708644 0.692501 0.668634 0.634620 0.587964 0.526473 0.448743 0.354684 0.245933 0.125997 0.000000 
50.000000 42.678044 35.614924 29.042048 23.140814 18.028501 13.754291 10.304820 7.616887 5.593963 4.123087 3.089466 2.387205 1.925715 1.632264 1.451627 1.343937 1.281730 1.246896 1.227978 1.218009 1.212909 1.210375 1.209152 1.208577 1.208313 1.208193 1.208134 1.208095 1.208047 1.207963 1.207797 1.207471 1.206847 1.205684 1.203580 1.199887 1.193603 1.183244 1.166721 1.141239 1.103292 1.048805 0.973487 0.873451 0.746051 0.590834 0.410341 0.210454 0.000000 
50.000000 42.786100 35.827211 29.351323 23.537152 18.500250 14.289072 10.890456 8.242138 6.249017 4.799801 3.781395 3.089466 2.634762 2.345624 2.167639 2.061530 2.000235 1.965912 1.947271 1.937448 1.932423 1.929926 1.928720 1.928153 1.927892 1.927772 1.927711 1.927664 1.927599 1.927479 1.927239 1.926765 1.925854 1.924149 1.921050 1.915581 1.906222 1.890698 1.865761 1.827014 1.768841 1.684583 1.567054 1.409505 1.207036 0.958272 0.666909 0.342517 0.000000 
50.000000 42.945124 36.139631 29.806481 24.120449 19.194536 15.076135 11.752377 9.162375 7.213129 5.795804 4.799801 4.123087 3.678376 3.395590 3.221513 3.117733 3.057783 3.024212 3.005979 2.996371 2.991456 2.989013 2.987834 2.987279 2.987023 2.986904 2.986839 2.986782 2.986697 2.986531 2.986199 2.985540 2.984266 2.981871 2.977495 2.969733 2.956366 2.934040 2.897902 2.841272 2.755460 2.629918 2.452923 2.213019 1.901274 1.514194 1.056640 0.543673 0.000000 
50.000000 43.171397 36.584172 30.454127 24.950430 20.182458 16.196085 12.978860 10.471856 8.585058 7.213129 6.249017 5.593963 5.163482 4.889740 4.721230 4.620766 4.562731 4.530232 4.512582 4.503280 4.498521 4.496156 4.495014 4.494476 4.494228 4.494110 4.494041 4.493975 4.493865 4.493647 4.493207 4.492330 4.490628 4.487414 4.481513 4.470981 4.452724 4.422003 4.371857 4.292529 4.171054 3.991267 3.734589 3.382008 2.917533 2.333075 1.633906 0.842783 0.000000 
50.000000 43.482566 37.195502 31.344773 26.091833 21.541076 17.736289 14.665592 12.272750 10.471856 9.162375 8.242138 7.616887 7.205986 6.944692 6.783841 6.687942 6.632544 6.601521 6.584671 6.575792 6.571249 6.568991 6.567900 6.567387 6.567148 6.567033 6.566961 6.566883 6.566748 6.566476 6.565920 6.564810 6.562647 6.558541 6.550961 6.537352 6.513595 6.473297 6.406914 6.300801 6.136375 5.889754 5.532413 5.033587 4.365196 3.509668 2.469914 1.278448 0.000000 
50.000000 43.895991 38.007733 32.528117 27.608353 23.346214 19.782712 16.906726 14.665592 12.978860 11.752377 10.890456 10.304820 9.919948 9.675201 9.524535 9.434707 9.382814 9.353754 9.337970 9.329652 9.325396 9.323281 9.322259 9.321777 9.321553 9.321442 9.321368 9.321281 9.321122 9.320798 9.320134 9.318802 9.316195 9.311224 9.301998 9.285327 9.256015 9.205873 9.122459 8.987594 8.775838 8.453363 7.977940 7.301253 6.375113 5.163185 3.658534 1.903352 0.000000 
50.000000 44.426508 39.050008 34.046621 29.554414 25.662659 22.408809 19.782712 17.736289 16.196085 15.076135 14.289072 13.754291 13.402836 13.179336 13.041747 12.959714 12.912324 12.885784 12.871370 12.863773 12.859886 12.857954 12.857020 12.856580 12.856373 12.856269 12.856196 12.856102 12.855925 12.855562 12.854814 12.853308 12.850349 12.844681 12.834104 12.814872 12.780804 12.722018 12.623212 12.461496 12.203876 11.804772 11.204404 10.329678 9.100359 7.444585 5.327731 2.793517 0.000000 
50.000000 45.083824 40.341402 35.928079 31.965635 28.532817 25.662659 23.346214 21.541076 20.182458 19.194536 18.500250 18.028501 17.718466 17.521304 17.399926 17.327558 17.285750 17.262336 17.249619 17.242917 17.239487 17.237783 17.236959 17.236570 17.236386 17.236292 17.236222 17.236126 17.235942 17.235561 17.234775 17.233185 17.230049 17.224015 17.212697 17.191993 17.155050 17.090744 16.981517 16.800450 16.507489 16.044961 15.332981 14.266408 12.717219 10.550020 7.663404 4.069786 0.000000 
50.000000 45.869987 41.885937 38.178351 34.849533 31.965635 29.554414 27.608353 26.091833 24.950430 24.120449 23.537152 23.140814 22.880335 22.714685 22.612706 22.551903 22.516775 22.497103 22.486417 22.480785 22.477904 22.476471 22.475779 22.475452 22.475297 22.475216 22.475152 22.475062 22.474885 22.474517 22.473754 22.472208 22.469146 22.463234 22.452092 22.431592 22.394763 22.330116 22.219174 22.032897 21.726637 21.233240 20.454055 19.248416 17.424766 14.743686 10.959222 5.951069 0.000000 
50.000000 46.777429 43.668748 40.775780 38.178351 35.928079 34.046621 32.528117 31.344773 30.454127 29.806481 29.351323 29.042048 28.838787 28.709523 28.629943 28.582494 28.555081 28.539729 28.531390 28.526995 28.524746 28.523628 28.523087 28.522832 28.522710 28.522646 28.522593 28.522516 28.522363 28.522042 28.521377 28.520025 28.517341 28.512141 28.502299 28.484103 28.451214 28.393050 28.292288 28.121052 27.835105 27.364932 26.602036 25.378059 23.434666 20.387890 15.717004 8.896549 0.000000 
50.000000 47.788118 45.654404 43.668748 41.885937 40.341402 39.050008 38.007733 37.195502 36.584172 36.139631 35.827211 35.614924 35.475403 35.386674 35.332049 35.299478 35.280661 35.270123 35.264399 35.261382 35.259838 35.259070 35.258699 35.258524 35.258440 35.258395 35.258357 35.258300 35.258187 35.257950 35.257456 35.256449 35.254447 35.250558 35.243174 35.229471 35.204583 35.160302 35.082991 34.950266 34.725588 34.349199 33.722277 32.677997 30.926715 27.951743 22.827202 14.021369 0.000000 
50.000000 48.874165 47.788118 46.777429 45.869987 45.083824 44.426508 43.895991 43.482566 43.171397 42.945124 42.786100 42.678044 42.607027 42.561862 42.534057 42.517478 42.507900 42.502535 42.499622 42.498086 42.497300 42.496909 42.496720 42.496631 42.496588 42.496565 42.496545 42.496515 42.496455 42.496328 42.496065 42.495527 42.494456 42.492371 42.488406 42.481029 42.467590 42.443583 42.401452 42.328615 42.204118 41.992639 41.632991 41.014038 39.918917 37.880880 33.766749 24.437083 0.000000 
50.000000 50.000000 50.000000 50.000000 50.000000 50.000000 50.000000 50.000000 50.000000 50.000000 50.000000 50.000000 50.000000 50.000000 50.000000 50.000000 50.000000 50.000000 50.000000 50.000000 50.000000 50.000000 50.000000 50.000000 50.000000 50.000000 50.000000 50.000000 50.000000 50.000000 50.000000 50.000000 50.000000 50.000000 50.000000 50.000000 50.000000 50.000000 50.000000 50.000000 50.000000 50.000000 50.000000 50.000000 50.000000 50.000000 50.000000 50.000000 50.000000 50.000000 
