50.000000 50.000000 50.000000 50.000000 50.000000 50.000000 50.000000 50.000000 50.000000 50.000000 50.000000 50.000000 50.000000 50.000000 50.000000 50.000000 50.000000 50.000000 50.000000 50.000000 50.000000 50.000000 50.000000 50.000000 50.000000 50.000000 50.000000 50.000000 50.000000 50.000000 50.000000 50.000000 50.000000 50.000000 50.000000 50.000000 50.000000 50.000000 50.000000 50.000000 50.000000 50.000000 50.000000 50.000000 50.000000 50.000000 50.000000 50.000000 50.000000 50.000000 
50.000000 48.867759 47.775758 46.759952 45.848483 45.059482 44.400469 43.869233 43.455832 43.145180 42.919686 42.761520 42.654275 42.583953 42.539341 42.511947 42.495658 42.486275 42.481035 42.478198 42.476708 42.475948 42.475571 42.475390 42.475304 42.475264 42.475242 42.475223 42.475194 42.475136 42.475014 42.474758 42.474236 42.473192 42.471154 42.467267 42.460018 42.446779 42.423078 42.381397 42.309201 42.185587 41.975281 41.617140 41.000055 39.907169 37.871712 33.760456 24.433879 0.000000 
50.000000 47.775758 45.630569 43.635063 41.844523 40.294570 38.999975 37.956394 37.144295 36.534043 36.091077 35.780374 35.569703 35.431563 35.343927 35.290116 35.258119 35.239686 35.229395 35.223822 35.220894 35.219401 35.218662 35.218306 35.218138 35.218058 35.218015 35.217979 35.217925 35.217816 35.217587 35.217108 35.216130 35.214179 35.210378 35.203143 35.189681 35.165173 35.121471 35.045013 34.913503 34.690496 34.316328 33.692260 32.651517 30.904466 27.934381 22.815284 14.015302 0.000000 
50.000000 46.759952 43.635063 40.728221 38.119957 35.862163 33.976351 32.456191 31.273233 30.384304 29.739059 29.286476 28.979608 28.778390 28.650740 28.572358 28.525752 28.498905 28.483914 28.475797 28.471533 28.469359 28.468282 28.467763 28.467518 28.467403 28.467342 28.467291 28.467217 28.467070 28.466761 28.466117 28.464804 28.462191 28.457111 28.447472 28.429607 28.397239 28.339867 28.240272 28.070700 27.787041 27.319911 26.560923 25.341790 23.404193 20.364111 15.700682 8.888240 0.000000 
50.000000 45.848483 41.844523 38.119957 34.777973 31.885058 29.468777 27.521015 26.005316 24.866359 24.039633 23.459763 23.066593 22.808789 22.645243 22.544821 22.485111 22.450715 22.431510 22.421111 22.415649 22.412863 22.411483 22.410819 22.410506 22.410358 22.410281 22.410221 22.410135 22.409965 22.409610 22.408872 22.407371 22.404392 22.398622 22.387718 22.367607 22.331388 22.267672 22.158101 21.973776 21.670203 21.180379 20.405782 19.205830 17.388986 14.715764 10.940056 5.941314 0.000000 
50.000000 45.059482 40.294570 35.862163 31.885058 28.442381 25.566932 23.249053 21.445351 20.089989 19.106193 18.416161 17.948303 17.641530 17.446921 17.327428 17.256379 17.215452 17.192601 17.180228 17.173729 17.170415 17.168773 17.167982 17.167610 17.167436 17.167347 17.167280 17.167188 17.167012 17.166645 17.165885 17.164344 17.161295 17.155412 17.144348 17.124055 17.087761 17.024442 16.916671 16.737676 16.447567 15.988834 15.281724 14.221190 12.679228 10.520373 7.643054 4.059427 0.000000 
50.000000 44.400469 38.999975 33.976351 29.468777 25.566932 22.307991 19.681000 17.636776 16.100692 14.985730 14.203708 13.673486 13.325825 13.105282 12.969867 12.889352 12.842973 12.817079 12.803059 12.795694 12.791939 12.790079 12.789183 12.788762 12.788566 12.788467 12.788397 12.788307 12.788138 12.787789 12.787067 12.785609 12.782736 12.777216 12.766887 12.748060 12.714630 12.656815 12.559440 12.399762 12.144947 11.749573 11.153996 10.285208 9.062995 7.415428 5.307716 2.783329 0.000000 
50.000000 43.869233 37.956394 32.456191 27.521015 23.249053 19.681000 16.804861 14.566779 12.885042 11.664372 10.808219 10.227742 9.847136 9.605696 9.457453 9.369313 9.318542 9.290196 9.274850 9.266788 9.262677 9.260642 9.259662 9.259201 9.258987 9.258882 9.258813 9.258729 9.258577 9.258266 9.257626 9.256339 9.253810 9.248976 9.239980 9.223682 9.194958 9.145711 9.063618 8.930632 8.721465 8.402431 7.931427 7.260219 6.340636 5.136280 3.640066 1.893951 0.000000 
50.000000 43.455832 37.144295 31.273233 26.005316 21.445351 17.636776 14.566779 12.177866 10.382810 9.079903 8.166081 7.546512 7.140281 6.882590 6.724371 6.630300 6.576115 6.545864 6.529485 6.520882 6.516495 6.514323 6.513277 6.512786 6.512559 6.512450 6.512382 6.512309 6.512179 6.511918 6.511384 6.510312 6.508217 6.504231 6.496851 6.483567 6.460323 6.420807 6.355575 6.251102 6.088933 5.845314 5.491828 4.997784 4.335113 3.486192 2.453799 1.270245 0.000000 
50.000000 43.145180 36.534043 30.384304 24.866359 20.089989 16.100692 12.885042 10.382810 8.502622 7.137938 6.180798 5.531867 5.106390 4.836494 4.670784 4.572261 4.515513 4.483830 4.466677 4.457667 4.453074 4.450799 4.449704 4.449191 4.448954 4.448842 4.448778 4.448714 4.448610 4.448401 4.447978 4.447133 4.445489 4.442374 4.436638 4.426376 4.408544 4.378471 4.329279 4.251311 4.131708 3.954410 3.700930 3.352313 2.892583 2.313604 1.620540 0.835979 0.000000 
50.000000 42.919686 36.091077 29.739059 24.039633 19.106193 14.985730 11.664372 9.079903 7.137938 5.728427 4.739857 4.069625 3.630186 3.351437 3.180294 3.078542 3.019935 2.987215 2.969501 2.960196 2.955452 2.953103 2.951973 2.951443 2.951200 2.951087 2.951025 2.950972 2.950891 2.950733 2.950414 2.949780 2.948551 2.946234 2.941990 2.934441 2.921410 2.899596 2.864213 2.808659 2.724328 2.600755 2.426290 2.189522 1.881532 1.498787 1.046064 0.538289 0.000000 
50.000000 42.761520 35.780374 29.286476 23.459763 18.416161 14.203708 10.808219 8.166081 6.180798 4.739857 3.729252 3.044087 2.594861 2.309908 2.134957 2.030943 1.971033 1.937587 1.919479 1.909968 1.905119 1.902718 1.901563 1.901022 1.900774 1.900660 1.900603 1.900558 1.900497 1.900382 1.900152 1.899698 1.898821 1.897175 1.894175 1.888867 1.879763 1.864626 1.840261 1.802327 1.745275 1.662507 1.546893 1.391719 1.192091 0.946609 0.658903 0.338442 0.000000 
50.000000 42.654275 35.569703 28.979608 23.066593 17.948303 13.673486 10.227742 7.546512 5.531867 4.069625 3.044087 2.348803 1.892947 1.603790 1.426259 1.320713 1.259921 1.225983 1.207609 1.197959 1.193038 1.190602 1.189430 1.188881 1.188630 1.188517 1.188461 1.188424 1.188379 1.188299 1.188141 1.187829 1.187229 1.186109 1.184077 1.180501 1.174401 1.164324 1.148215 1.123323 1.086189 1.032784 0.958855 0.860542 0.735204 0.582369 0.404530 0.207496 0.000000 
50.000000 42.583953 35.431563 28.778390 22.808789 17.641530 13.325825 9.847136 7.140281 5.106390 3.630186 2.594861 1.892947 1.432746 1.140835 0.961616 0.855066 0.793696 0.759435 0.740888 0.731146 0.726179 0.723720 0.722536 0.721983 0.721730 0.721616 0.721563 0.721532 0.721499 0.721445 0.721340 0.721134 0.720741 0.720009 0.718688 0.716373 0.712445 0.705994 0.695745 0.680014 0.656714 0.623453 0.577765 0.517475 0.441182 0.348784 0.241882 0.123936 0.000000 
50.000000 42.539341 35.343927 28.650740 22.645243 17.446921 13.105282 9.605696 6.882590 4.836494 3.351437 2.309908 1.603790 1.140835 0.847179 0.666889 0.559703 0.497968 0.463503 0.444845 0.435045 0.430048 0.427575 0.426385 0.425828 0.425574 0.425461 0.425409 0.425381 0.425358 0.425322 0.425255 0.425124 0.424876 0.424417 0.423590 0.422148 0.419712 0.415733 0.409447 0.399856 0.385739 0.365717 0.338395 0.302574 0.257524 0.203268 0.140784 0.072074 0.000000 
50.000000 42.511947 35.290116 28.572358 22.544821 17.327428 12.969867 9.457453 6.724371 4.670784 3.180294 2.134957 1.426260 0.961616 0.666889 0.485942 0.378366 0.316406 0.281816 0.263091 0.253255 0.248241 0.245758 0.244564 0.244005 0.243751 0.243637 0.243587 0.243562 0.243544 0.243521 0.243480 0.243400 0.243249 0.242971 0.242472 0.241606 0.240150 0.237782 0.234060 0.228410 0.220140 0.208477 0.192651 0.172016 0.146199 0.115247 0.079737 0.040793 0.000000 
50.000000 42.495658 35.258119 28.525752 22.485111 17.256379 12.889352 9.369313 6.630301 4.572261 3.078542 2.030943 1.320713 0.855066 0.559703 0.378366 0.270559 0.208466 0.173802 0.155036 0.145180 0.140155 0.137667 0.136470 0.135910 0.135655 0.135542 0.135492 0.135469 0.135455 0.135440 0.135415 0.135368 0.135280 0.135117 0.134827 0.134325 0.133484 0.132122 0.129992 0.126773 0.122084 0.115503 0.106616 0.095084 0.080718 0.063562 0.043939 0.022466 0.000000 
50.000000 42.486275 35.239686 28.498905 22.450715 17.215452 12.842973 9.318543 6.576116 4.515513 3.019935 1.971033 1.259921 0.793696 0.497968 0.316407 0.208466 0.146296 0.111590 0.092801 0.082932 0.077901 0.075410 0.074212 0.073651 0.073396 0.073283 0.073234 0.073212 0.073200 0.073190 0.073175 0.073149 0.073099 0.073007 0.072844 0.072562 0.072093 0.071336 0.070155 0.068380 0.065804 0.062204 0.057364 0.051108 0.043344 0.034100 0.023556 0.012039 0.000000 
50.000000 42.481035 35.229395 28.483914 22.431510 17.192601 12.817079 9.290197 6.545864 4.483831 2.987216 1.937587 1.225983 0.759436 0.463503 0.281817 0.173803 0.111590 0.076859 0.058058 0.048182 0.043148 0.040655 0.039456 0.038895 0.038640 0.038527 0.038478 0.038457 0.038447 0.038440 0.038431 0.038416 0.038388 0.038338 0.038250 0.038097 0.037843 0.037436 0.036802 0.035853 0.034481 0.032571 0.030012 0.026716 0.022639 0.017797 0.012287 0.006277 0.000000 
50.000000 42.478199 35.223823 28.475798 22.421112 17.180230 12.803060 9.274851 6.529487 4.466679 2.969503 1.919481 1.207611 0.740890 0.444847 0.263093 0.155038 0.092802 0.058059 0.039250 0.029371 0.024335 0.021841 0.020642 0.020081 0.019826 0.019713 0.019664 0.019643 0.019634 0.019628 0.019623 0.019615 0.019600 0.019574 0.019527 0.019447 0.019314 0.019101 0.018772 0.018280 0.017571 0.016587 0.015273 0.013586 0.011504 0.009038 0.006236 0.003185 0.000000 
50.000000 42.476709 35.220896 28.471536 22.415652 17.173732 12.795698 9.266792 6.520887 4.457672 2.960201 1.909974 1.197964 0.731151 0.435050 0.253261 0.145185 0.082937 0.048187 0.029375 0.019494 0.014456 0.011962 0.010763 0.010201 0.009946 0.009833 0.009785 0.009764 0.009755 0.009751 0.009747 0.009743 0.009735 0.009722 0.009698 0.009657 0.009590 0.009482 0.009316 0.009068 0.008712 0.008220 0.007564 0.006724 0.005690 0.004468 0.003082 0.001573 0.000000 
50.000000 42.475950 35.219406 28.469365 22.412871 17.170424 12.791949 9.262689 6.516507 4.453086 2.955465 1.905133 1.193052 0.726192 0.430062 0.248255 0.140168 0.077914 0.043161 0.024347 0.014465 0.009427 0.006933 0.005733 0.005171 0.004916 0.004803 0.004755 0.004734 0.004725 0.004722 0.004719 0.004717 0.004713 0.004706 0.004694 0.004674 0.004641 0.004588 0.004506 0.004385 0.004211 0.003971 0.003652 0.003245 0.002744 0.002154 0.001485 0.000758 0.000000 
50.000000 42.475577 35.218673 28.468297 22.411503 17.168796 12.790105 9.260670 6.514353 4.450830 2.953136 1.902751 1.190636 0.723753 0.427609 0.245792 0.137701 0.075444 0.040688 0.021873 0.011991 0.006953 0.004458 0.003258 0.002697 0.002442 0.002329 0.002280 0.002260 0.002252 0.002248 0.002246 0.002245 0.002243 0.002239 0.002234 0.002224 0.002208 0.002182 0.002143 0.002084 0.002001 0.001886 0.001734 0.001540 0.001302 0.001021 0.000704 0.000359 0.000000 
50.000000 42.475403 35.218331 28.467800 22.410866 17.168039 12.789246 9.259731 6.513350 4.449780 2.952051 1.901643 1.189511 0.722618 0.426467 0.244646 0.136552 0.074294 0.039538 0.020722 0.010840 0.005802 0.003307 0.002107 0.001546 0.001291 0.001178 0.001129 0.001109 0.001100 0.001097 0.001095 0.001094 0.001093 0.001091 0.001089 0.001084 0.001076 0.001063 0.001044 0.001015 0.000974 0.000918 0.000843 0.000748 0.000632 0.000496 0.000342 0.000174 0.000000 
50.000000 42.475335 35.218198 28.467607 22.410618 17.167744 12.788912 9.259365 6.512960 4.449372 2.951629 1.901212 1.189073 0.722176 0.426022 0.244200 0.136105 0.073846 0.039090 0.020274 0.010392 0.005353 0.002859 0.001659 0.001098 0.000842 0.000730 0.000681 0.000660 0.000652 0.000649 0.000647 0.000646 0.000646 0.000645 0.000643 0.000640 0.000635 0.000628 0.000616 0.000599 0.000574 0.000541 0.000497 0.000441 0.000372 0.000292 0.000201 0.000103 0.000000 
50.000000 42.475335 35.218198 28.467607 22.410618 17.167744 12.788912 9.259365 6.512960 4.449372 2.951629 1.901212 1.189073 0.722176 0.426022 0.244200 0.136105 0.073846 0.039090 0.020274 0.010392 0.005353 0.002859 0.001659 0.001098 0.000842 0.000730 0.000681 0.000660 0.000652 0.000649 0.000647 0.000646 0.000646 0.000645 0.000643 0.000640 0.000635 0.000628 0.000616 0.000599 0.000574 0.000541 0.000497 0.000441 0.000372 0.000292 0.000201 0.000103 0.000000 
50.000000 42.475403 35.218331 28.467800 22.410866 17.168039 12.789246 9.259731 6.513350 4.449780 2.952051 1.901643 1.189511 0.722618 0.426467 0.244646 0.136552 0.074294 0.039538 0.020722 0.010840 0.005802 0.003307 0.002107 0.001546 0.001291 0.001178 0.001129 0.001109 0.001100 0.001097 0.001095 0.001094 0.001093 0.001091 0.001089 0.001084 0.001076 0.001063 0.001044 0.001015 0.000974 0.000918 0.000843 0.000748 0.000632 0.000496 0.000342 0.000174 0.000000 
50.000000 42.475577 35.218673 28.468297 22.411503 17.168796 12.790105 9.260670 6.514353 4.450830 2.953136 1.902751 1.190636 0.723753 0.427609 0.245792 0.137701 0.075444 0.040688 0.021873 0.011991 0.006953 0.004458 0.003258 0.002697 0.002442 0.002329 0.002280 0.002260 0.002252 0.002248 0.002246 0.002245 0.002243 0.002239 0.002234 0.002224 0.002208 0.002182 0.002143 0.002084 0.002001 0.001886 0.001734 0.001540 0.001302 0.001021 0.000704 0.000359 0.000000 
50.000000 42.475950 35.219406 28.469365 22.412871 17.170424 12.791949 9.262689 6.516507 4.453086 2.955465 1.905133 1.193052 0.726192 0.430062 0.248255 0.140168 0.077914 0.043161 0.024347 0.014465 0.009427 0.006933 0.005733 0.005171 0.004916 0.004803 0.004755 0.004734 0.004725 0.004722 0.004719 0.004717 0.004713 0.004706 0.004694 0.004674 0.004641 0.004588 0.004506 0.004385 0.004211 0.003971 0.003652 0.003245 0.002744 0.002154 0.001485 0.000758 0.000000 
50.000000 42.476709 35.220896 28.471536 22.415652 17.173732 12.795698 9.266792 6.520887 4.457672 2.960201 1.909974 1.197964 0.731151 0.435050 0.253261 0.145185 0.082937 0.048187 0.029375 0.019494 0.014456 0.011962 0.010763 0.010201 0.009946 0.009833 0.009785 0.009764 0.009755 0.009751 0.009747 0.009743 0.009735 0.009722 0.009698 0.009657 0.009590 0.009482 0.009316 0.009068 0.008712 0.008220 0.007564 0.006724 0.005690 0.004468 0.003082 0.001573 0.000000 
50.000000 42.478199 35.223823 28.475798 22.421112 17.180230 12.803060 9.274851 6.529487 4.466679 2.969503 1.919481 1.207611 0.740890 0.444847 0.263093 0.155038 0.092802 0.058059 0.039250 0.029371 0.024335 0.021841 0.020642 0.020081 0.019826 0.019713 0.019664 0.019643 0.019634 0.019628 0.019623 0.019615 0.019600 0.019574 0.019527 0.019447 0.019314 0.019101 0.018772 0.018280 0.017571 0.016587 0.015273 0.013586 0.011504 0.009038 0.006236 0.003185 0.000000 
50.000000 42.481035 35.229395 28.483914 22.431510 17.192601 12.817079 9.290197 6.545864 4.483831 2.987216 1.937587 1.225983 0.759436 0.463503 0.281817 0.173803 0.111590 0.076859 0.058058 0.048182 0.043148 0.040655 0.039456 0.038895 0.038640 0.038527 0.038478 0.038457 0.038447 0.038440 0.038431 0.038416 0.038388 0.038338 0.038250 0.038097 0.037843 0.037436 0.036802 0.035853 0.034481 0.032571 0.030012 0.026716 0.022639 0.017797 0.012287 0.006277 0.000000 
50.000000 42.486275 35.239686 28.498905 22.450715 17.215452 12.842973 9.318543 6.576116 4.515513 3.019935 1.971033 1.259921 0.793696 0.497968 0.316407 0.208466 0.146296 0.111590 0.092801 0.082932 0.077901 0.075410 0.074212 0.073651 0.073396 0.073283 0.073234 0.073212 0.073200 0.073190 0.073175 0.073149 0.073099 0.073007 0.072844 0.072562 0.072093 0.071336 0.070155 0.068380 0.065804 0.062204 0.057364 0.051108 0.043344 0.034100 0.023556 0.012039 0.000000 
50.000000 42.495658 35.258119 28.525752 22.485111 17.256379 12.889352 9.369313 6.630301 4.572261 3.078542 2.030943 1.320713 0.855066 0.559703 0.378366 0.270559 0.208466 0.173802 0.155036 0.145180 0.140155 0.137667 0.136470 0.135910 0.135655 0.135542 0.135492 0.135469 0.135455 0.135440 0.135415 0.135368 0.135280 0.135117 0.134827 0.134325 0.133484 0.132122 0.129992 0.126773 0.122084 0.115503 0.106616 0.095084 0.080718 0.063562 0.043939 0.022466 0.000000 
50.000000 42.511947 35.290116 28.572358 22.544821 17.327428 12.969867 9.457453 6.724371 4.670784 3.180294 2.134957 1.426260 0.961616 0.666889 0.485942 0.378366 0.316406 0.281816 0.263091 0.253255 0.248241 0.245758 0.244564 0.244005 0.243751 0.243637 0.243587 0.243562 0.243544 0.243521 0.243480 0.243400 0.243249 0.242971 0.242472 0.241606 0.240150 0.237782 0.234060 0.228410 0.220140 0.208477 0.192651 0.172016 0.146199 0.115247 0.079737 0.040793 0.000000 
50.000000 42.539341 35.343927 28.650740 22.645243 17.446921 13.105282 9.605696 6.882590 4.836494 3.351437 2.309908 1.603790 1.140835 0.847179 0.666889 0.559703 0.497968 0.463503 0.444845 0.435045 0.430048 0.427575 0.426385 0.425828 0.425574 0.425461 0.425409 0.425381 0.425358 0.425322 0.425255 0.425124 0.424876 0.424417 0.423590 0.422148 0.419712 0.415733 0.409447 0.399856 0.385739 0.365717 0.338395 0.302574 0.257524 0.203268 0.140784 0.072074 0.000000 
50.000000 42.583953 35.431563 28.778390 22.808789 17.641530 13.325825 9.847136 7.140281 5.106390 3.630186 2.594861 1.892947 1.432746 1.140835 0.961616 0.855066 0.793696 0.759435 0.740888 0.731146 0.726179 0.723720 0.722536 0.721983 0.721730 0.721616 0.721563 0.721532 0.721499 0.721445 0.721340 0.721134 0.720741 0.720009 0.718688 0.716373 0.712445 0.705994 0.695745 0.680014 0.656714 0.623453 0.577765 0.517475 0.441182 0.348784 0.241882 0.123936 0.000000 
50.000000 42.654275 35.569703 28.979608 23.066593 17.948303 13.673486 10.227742 7.546512 5.531867 4.069625 3.044087 2.348803 1.892947 1.603790 1.426259 1.320713 1.259921 1.225983 1.207609 1.197959 1.193038 1.190602 1.189430 1.188881 1.188630 1.188517 1.188461 1.188424 1.188379 1.188299 1.188141 1.187829 1.187229 1.186109 1.184077 1.180501 1.174401 1.164324 1.148215 1.123323 1.086189 1.032784 0.958855 0.860542 0.735204 0.582369 0.404530 0.207496 0.000000 
50.000000 42.761520 35.780374 29.286476 23.459763 18.416161 14.203708 10.808219 8.166081 6.180798 4.739857 3.729252 3.044087 2.594861 2.309908 2.134957 2.030943 1.971033 1.937587 1.919479 1.909968 1.905119 1.902718 1.901563 1.901022 1.900774 1.900660 1.900603 1.900558 1.900497 1.900382 1.900152 1.899698 1.898821 1.897175 1.894175 1.888867 1.879763 1.864626 1.840261 1.802327 1.745275 1.662507 1.546893 1.391719 1.192091 0.946609 0.658903 0.338442 0.000000 
50.000000 42.919686 36.091077 29.739059 24.039633 19.106193 14.985730 11.664372 9.079903 7.137938 5.728427 4.739857 4.069625 3.630186 3.351437 3.180294 3.078542 3.019935 2.987215 2.969501 2.960196 2.955452 2.953103 2.951973 2.951443 2.951200 2.951087 2.951025 2.950972 2.950891 2.950733 2.950414 2.949780 2.948551 2.946234 2.941990 2.934441 2.921410 2.899596 2.864213 2.808659 2.724328 2.600755 2.426290 2.189522 1.881532 1.498787 1.046064 0.538289 0.000000 
50.000000 43.145180 36.534043 30.384304 24.866359 20.089989 16.100692 12.885042 10.382810 8.502622 7.137938 6.180798 5.531867 5.106390 4.836494 4.670784 4.572261 4.515513 4.483830 4.466677 4.457667 4.453074 4.450799 4.449704 4.449191 4.448954 4.448842 4.448778 4.448714 4.448610 4.448401 4.447978 4.447133 4.445489 4.442374 4.436638 4.426376 4.408544 4.378471 4.329279 4.251311 4.131708 3.954410 3.700930 3.352313 2.892583 2.313604 1.620540 0.835979 0.000000 
50.000000 43.455832 37.144295 31.273233 26.005316 21.445351 17.636776 14.566779 12.177866 10.382810 9.079903 8.166081 7.546512 7.140281 6.882590 6.724371 6.630300 6.576115 6.545864 6.529485 6.520882 6.516495 6.514323 6.513277 6.512786 6.512559 6.512450 6.512382 6.512309 6.512179 6.511918 6.511384 6.510312 6.508217 6.504231 6.496851 6.483567 6.460323 6.420807 6.355575 6.251102 6.088933 5.845314 5.491828 4.997784 4.335113 3.486192 2.453799 1.270245 0.000000 
50.000000 43.869233 37.956394 32.456191 27.521015 23.249053 19.681000 16.804861 14.566779 12.885042 11.664372 10.808219 10.227742 9.847136 9.605696 9.457453 9.369313 9.318542 9.290196 9.274850 9.266788 9.262677 9.260642 9.259662 9.259201 9.258987 9.258882 9.258813 9.258729 9.258577 9.258266 9.257626 9.256339 9.253810 9.248976 9.239980 9.223682 9.194958 9.145711 9.063618 8.930632 8.721465 8.402431 7.931427 7.260219 6.340636 5.136280 3.640066 1.893951 0.000000 
50.000000 44.400469 38.999975 33.976351 29.468777 25.566932 22.307991 19.681000 17.636776 16.100692 14.985730 14.203708 13.673486 13.325825 13.105282 12.969867 12.889352 12.842973 12.817079 12.803059 12.795694 12.791939 12.790079 12.789183 12.788762 12.788566 12.788467 12.788397 12.788307 12.788138 12.787789 12.787067 12.785609 12.782736 12.777216 12.766887 12.748060 12.714630 12.656815 12.559440 12.399762 12.144947 11.749573 11.153996 10.285208 9.062995 7.415428 5.307716 2.783329 0.000000 
50.000000 45.059482 40.294570 35.862163 31.885058 28.442381 25.566932 23.249053 21.445351 20.089989 19.106193 18.416161 17.948303 17.641530 17.446921 17.327428 17.256379 17.215452 17.192601 17.180228 17.173729 17.170415 17.168773 17.167982 17.167610 17.167436 17.167347 17.167280 17.167188 17.167012 17.166645 17.165885 17.164344 17.161295 17.155412 17.144348 17.124055 17.087761 17.024442 16.916671 16.737676 16.447567 15.988834 15.281724 14.221190 12.679228 10.520373 7.643054 4.059427 0.000000 
50.000000 45.848483 41.844523 38.119957 34.777973 31.885058 29.468777 27.521015 26.005316 24.866359 24.039633 23.459763 23.066593 22.808789 22.645243 22.544821 22.485111 22.450715 22.431510 22.421111 22.415649 22.412863 22.411483 22.410819 22.410506 22.410358 22.410281 22.410221 22.410135 22.409965 22.409610 22.408872 22.407371 22.404392 22.398622 22.387718 22.367607 22.331388 22.267672 22.158101 21.973776 21.670203 21.180379 20.405782 19.205830 17.388986 14.715764 10.940056 5.941314 0.000000 
50.000000 46.759952 43.635063 40.728221 38.119957 35.862163 33.976351 32.456191 31.273233 30.384304 29.739059 29.286476 28.979608 28.778390 28.650740 28.572358 28.525752 28.498905 28.483914 28.475797 28.471533 28.469359 28.468282 28.467763 28.467518 28.467403 28.467342 28.467291 28.467217 28.467070 28.466761 28.466117 28.464804 28.462191 28.457111 28.447472 28.429607 28.397239 28.339867 28.240272 28.070700 27.787041 27.319911 26.560923 25.341790 23.404193 20.364111 15.700682 8.888240 0.000000 
50.000000 47.775758 45.630569 43.635063 41.844523 40.294570 38.999975 37.956394 37.144295 36.534043 36.091077 35.780374 35.569703 35.431563 35.343927 35.290116 35.258119 35.239686 35.229395 35.223822 35.220894 35.219401 35.218662 35.218306 35.218138 35.218058 35.218015 35.217979 35.217925 35.217816 35.217587 35.217108 35.216130 35.214179 35.210378 35.203143 35.189681 35.165173 35.121471 35.045013 34.913503 34.690496 34.316328 33.692260 32.651517 30.904466 27.934381 22.815284 14.015302 0.000000 
50.000000 48.867759 47.775758 46.759952 45.848483 45.059482 44.400469 43.869233 43.455832 43.145180 42.919686 42.761520 42.654275 42.583953 42.539341 42.511947 42.495658 42.486275 42.481035 42.478198 42.476708 42.475948 42.475571 42.475390 42.475304 42.475264 42.475242 42.475223 42.475194 42.475136 42.475014 42.474758 42.474236 42.473192 42.471154 42.467267 42.460018 42.446779 42.423078 42.381397 42.309201 42.185587 41.975281 41.617140 41.000055 39.907169 37.871712 33.760456 24.433879 0.000000 
50.000000 50.000000 50.000000 50.000000 50.000000 50.000000 50.000000 50.000000 50.000000 50.000000 50.000000 50.000000 50.000000 50.000000 50.000000 50.000000 50.000000 50.000000 50.000000 50.000000 50.000000 50.000000 50.000000 50.000000 50.000000 50.000000 50.000000 50.000000 50.000000 50.000000 50.000000 50.000000 50.000000 50.000000 50.000000 50.000000 50.000000 50.000000 50.000000 50.000000 50.000000 50.000000 50.000000 50.000000 50.000000 50.000000 50.000000 50.000000 50.000000 50.000000 
