50.000000 50.000000 50.000000 50.000000 50.000000 50.000000 50.000000 50.000000 50.000000 50.000000 50.000000 50.000000 50.000000 50.000000 50.000000 50.000000 50.000000 50.000000 50.000000 50.000000 50.000000 50.000000 50.000000 50.000000 50.000000 50.000000 50.000000 50.000000 50.000000 50.000000 50.000000 50.000000 50.000000 50.000000 50.000000 50.000000 50.000000 50.000000 50.000000 50.000000 50.000000 50.000000 50.000000 50.000000 50.000000 50.000000 50.000000 50.000000 50.000000 50.000000 
50.000000 48.625247 47.309807 46.105324 45.049755 44.164159 43.452635 42.904967 42.500933 42.215097 42.021072 41.894627 41.815462 41.767815 41.740228 41.724851 41.716594 41.712319 41.710184 41.709155 41.708675 41.708459 41.708365 41.708325 41.708309 41.708302 41.708299 41.708296 41.708290 41.708276 41.708242 41.708163 41.707982 41.707578 41.706704 41.704863 41.701089 41.693559 41.678911 41.651082 41.599326 41.504780 41.334290 41.028647 40.478170 39.466562 37.526456 33.522713 24.312624 0.000000 
50.000000 47.309807 44.735683 42.378689 40.313103 38.580133 37.187802 36.116113 35.325494 34.766170 34.386506 34.139082 33.984177 33.890945 33.836964 33.806876 33.790719 33.782355 33.778178 33.776164 33.775226 33.774803 33.774619 33.774541 33.774509 33.774496 33.774489 33.774484 33.774473 33.774447 33.774385 33.774238 33.773904 33.773159 33.771549 33.768165 33.761248 33.747489 33.720831 33.670452 33.577421 33.409132 33.109910 32.584661 31.669288 30.075214 27.284590 22.367842 13.787094 0.000000 
50.000000 46.105324 42.378689 38.966408 35.976019 33.467178 31.451496 29.900022 28.755460 27.945748 27.396127 27.037950 26.813707 26.678745 26.600604 26.557050 26.533663 26.521557 26.515510 26.512595 26.511237 26.510625 26.510358 26.510246 26.510200 26.510181 26.510172 26.510164 26.510149 26.510115 26.510033 26.509840 26.509400 26.508424 26.506317 26.501905 26.492920 26.475135 26.440883 26.376661 26.259276 26.049823 25.684322 25.059325 24.010176 22.279984 19.483204 15.094099 8.578868 0.000000 
50.000000 45.049755 40.313103 35.976019 32.175189 28.986434 26.424511 24.452614 22.997911 21.968806 21.270276 20.815063 20.530075 20.358556 20.259252 20.203902 20.174183 20.158798 20.151115 20.147410 20.145685 20.144907 20.144568 20.144425 20.144367 20.144343 20.144332 20.144322 20.144306 20.144268 20.144176 20.143962 20.143474 20.142393 20.140070 20.135224 20.125404 20.106083 20.069154 20.000559 19.876681 19.659048 19.286911 18.667463 17.664320 16.087594 13.696035 10.237889 5.583193 0.000000 
50.000000 44.164159 38.580133 33.467178 28.986434 25.227287 22.207127 19.882555 18.167701 16.954575 16.131149 15.594555 15.258625 15.056452 14.939401 14.874163 14.839134 14.821002 14.811946 14.807580 14.805546 14.804630 14.804231 14.804062 14.803993 14.803965 14.803952 14.803943 14.803926 14.803888 14.803797 14.803584 14.803101 14.802036 14.799755 14.795018 14.785474 14.766823 14.731468 14.666465 14.550551 14.350114 14.014161 13.468897 12.613644 11.322114 9.457001 6.910845 3.685988 0.000000 
50.000000 43.452635 37.187802 31.451496 26.424511 22.207127 18.818848 16.210972 14.287150 12.926217 12.002483 11.400533 11.023696 10.796908 10.665610 10.592433 10.553142 10.532805 10.522648 10.517751 10.515470 10.514443 10.513995 10.513806 10.513729 10.513697 10.513684 10.513674 10.513658 10.513623 10.513541 10.513348 10.512911 10.511951 10.509906 10.505679 10.497213 10.480787 10.449916 10.393741 10.294820 10.126356 9.849198 9.409424 8.738231 7.757048 6.392171 4.603141 2.423988 0.000000 
50.000000 42.904967 36.116113 29.900022 24.452614 19.882555 16.210972 13.385079 11.300456 9.825795 8.824885 8.172657 7.764353 7.518634 7.376378 7.297096 7.254529 7.232496 7.221493 7.216188 7.213717 7.212604 7.212119 7.211915 7.211831 7.211797 7.211782 7.211773 7.211760 7.211730 7.211660 7.211498 7.211132 7.210331 7.208631 7.205136 7.198181 7.184782 7.159813 7.114833 7.036566 6.905151 6.692540 6.361774 5.868394 5.165703 4.215701 3.006203 1.570678 0.000000 
50.000000 42.500933 35.325494 28.755460 22.997911 18.167701 14.287150 11.300456 9.097242 7.538713 6.480897 5.791600 5.360098 5.100423 4.950092 4.866311 4.821330 4.798048 4.786421 4.780816 4.778205 4.777030 4.776517 4.776301 4.776213 4.776177 4.776162 4.776153 4.776142 4.776119 4.776064 4.775936 4.775649 4.775024 4.773703 4.771001 4.765657 4.755434 4.736538 4.702823 4.644801 4.548621 4.395305 4.160793 3.817586 3.338863 2.705637 1.916361 0.996153 0.000000 
50.000000 42.215097 34.766170 27.945748 21.968806 16.954575 12.926217 9.825795 7.538713 5.920879 4.822827 4.107322 3.659423 3.389885 3.233847 3.146888 3.100201 3.076036 3.063970 3.058152 3.055443 3.054223 3.053691 3.053467 3.053375 3.053338 3.053323 3.053315 3.053306 3.053289 3.053248 3.053153 3.052942 3.052482 3.051516 3.049550 3.045684 3.038338 3.024865 3.001036 2.960440 2.893913 2.789229 2.631397 2.404023 2.092125 1.686471 1.188750 0.615770 0.000000 
50.000000 42.021072 34.386506 27.396127 21.270276 16.131149 12.002483 8.824885 6.480897 4.822827 3.697479 2.964199 2.505179 2.228953 2.069047 1.979932 1.932090 1.907327 1.894962 1.889001 1.886225 1.884975 1.884430 1.884200 1.884106 1.884069 1.884054 1.884046 1.884039 1.884027 1.883998 1.883932 1.883784 1.883465 1.882797 1.881444 1.878797 1.873801 1.864702 1.848740 1.821791 1.778074 1.710052 1.608742 1.464684 1.269717 1.019467 0.716054 0.369990 0.000000 
50.000000 41.894627 34.139082 27.037950 20.815063 15.594555 11.400533 8.172657 5.791600 4.107322 2.964199 2.219344 1.753084 1.472504 1.310080 1.219564 1.170969 1.145818 1.133259 1.127205 1.124385 1.123115 1.122562 1.122328 1.122233 1.122195 1.122180 1.122173 1.122168 1.122159 1.122140 1.122096 1.121998 1.121788 1.121349 1.120464 1.118744 1.115514 1.109672 1.099497 1.082457 1.055061 1.012845 0.950618 0.863088 0.745909 0.597066 0.418251 0.215716 0.000000 
50.000000 41.815462 33.984177 26.813707 20.530075 15.258625 11.023696 7.764353 5.360098 3.659423 2.505179 1.753084 1.282295 0.998994 0.834995 0.743602 0.694538 0.669143 0.656464 0.650351 0.647504 0.646222 0.645663 0.645428 0.645331 0.645293 0.645278 0.645272 0.645268 0.645262 0.645250 0.645222 0.645160 0.645028 0.644754 0.644203 0.643137 0.641147 0.637569 0.631378 0.621084 0.604664 0.579572 0.542909 0.491803 0.423992 0.338572 0.236688 0.121903 0.000000 
50.000000 41.767815 33.890945 26.678745 20.358556 15.056452 10.796908 7.518634 5.100423 3.389885 2.228953 1.472504 0.998994 0.714056 0.549111 0.457193 0.407845 0.382305 0.369553 0.363405 0.360542 0.359252 0.358691 0.358454 0.358357 0.358318 0.358304 0.358298 0.358294 0.358290 0.358283 0.358266 0.358229 0.358150 0.357986 0.357659 0.357028 0.355856 0.353761 0.350156 0.344201 0.334766 0.320453 0.299695 0.270978 0.233152 0.185825 0.129697 0.066726 0.000000 
50.000000 41.740228 33.836964 26.600604 20.259252 14.939401 10.665610 7.376378 4.950092 3.233847 2.069047 1.310080 0.834995 0.549111 0.383620 0.291397 0.241887 0.216262 0.203468 0.197300 0.194427 0.193133 0.192570 0.192332 0.192235 0.192196 0.192181 0.192176 0.192173 0.192170 0.192166 0.192156 0.192135 0.192090 0.191996 0.191810 0.191453 0.190792 0.189615 0.187603 0.184297 0.179091 0.171242 0.159932 0.144383 0.124028 0.098699 0.068799 0.035365 0.000000 
50.000000 41.724851 33.806876 26.557050 20.203903 14.874163 10.592433 7.297096 4.866311 3.146888 1.979932 1.219564 0.743602 0.457193 0.291397 0.199004 0.149403 0.123732 0.110914 0.104735 0.101857 0.100561 0.099997 0.099758 0.099661 0.099623 0.099608 0.099602 0.099600 0.099598 0.099595 0.099590 0.099578 0.099553 0.099502 0.099401 0.099206 0.098849 0.098215 0.097136 0.095372 0.092609 0.088465 0.082527 0.074408 0.063832 0.050733 0.035327 0.018147 0.000000 
50.000000 41.716594 33.790719 26.533663 20.174183 14.839134 10.553142 7.254529 4.821330 3.100201 1.932090 1.170969 0.694538 0.407845 0.241887 0.149403 0.099754 0.074058 0.061227 0.055042 0.052161 0.050864 0.050299 0.050061 0.049963 0.049925 0.049910 0.049904 0.049902 0.049901 0.049899 0.049896 0.049890 0.049877 0.049850 0.049797 0.049696 0.049510 0.049181 0.048625 0.047719 0.046306 0.044198 0.041191 0.037098 0.031790 0.025240 0.017560 0.009015 0.000000 
50.000000 41.712319 33.782355 26.521557 20.158798 14.821002 10.532805 7.232496 4.798048 3.076036 1.907327 1.145818 0.669144 0.382305 0.216262 0.123732 0.074058 0.048349 0.035512 0.029323 0.026441 0.025143 0.024578 0.024340 0.024242 0.024203 0.024189 0.024183 0.024181 0.024180 0.024179 0.024177 0.024174 0.024168 0.024154 0.024127 0.024076 0.023983 0.023820 0.023543 0.023095 0.022399 0.021364 0.019894 0.017900 0.015325 0.012157 0.008452 0.004337 0.000000 
50.000000 41.710184 33.778178 26.515510 20.151115 14.811946 10.522648 7.221493 4.786421 3.063970 1.894962 1.133259 0.656464 0.369553 0.203468 0.110914 0.061227 0.035512 0.022672 0.016482 0.013599 0.012301 0.011735 0.011497 0.011399 0.011360 0.011346 0.011340 0.011338 0.011337 0.011337 0.011336 0.011334 0.011331 0.011324 0.011311 0.011287 0.011242 0.011163 0.011031 0.010817 0.010485 0.009995 0.009300 0.008362 0.007153 0.005670 0.003940 0.002021 0.000000 
50.000000 41.709155 33.776164 26.512595 20.147410 14.807580 10.517751 7.216188 4.780816 3.058153 1.889002 1.127205 0.650351 0.363405 0.197300 0.104735 0.055042 0.029324 0.016482 0.010291 0.007408 0.006110 0.005544 0.005306 0.005208 0.005169 0.005155 0.005149 0.005147 0.005146 0.005146 0.005145 0.005145 0.005143 0.005140 0.005134 0.005122 0.005102 0.005065 0.005004 0.004905 0.004753 0.004528 0.004211 0.003783 0.003234 0.002562 0.001779 0.000912 0.000000 
50.000000 41.708675 33.775226 26.511237 20.145685 14.805546 10.515471 7.213717 4.778206 3.055443 1.886225 1.124385 0.647504 0.360542 0.194427 0.101858 0.052162 0.026442 0.013599 0.007408 0.004525 0.003227 0.002661 0.002422 0.002325 0.002286 0.002271 0.002266 0.002264 0.002263 0.002263 0.002262 0.002262 0.002261 0.002260 0.002257 0.002252 0.002243 0.002226 0.002199 0.002155 0.002087 0.001988 0.001847 0.001659 0.001417 0.001122 0.000779 0.000399 0.000000 
50.000000 41.708459 33.774803 26.510626 20.144908 14.804631 10.514444 7.212605 4.777031 3.054224 1.884976 1.123116 0.646223 0.359254 0.193134 0.100562 0.050865 0.025145 0.012302 0.006111 0.003227 0.001929 0.001363 0.001125 0.001027 0.000988 0.000974 0.000968 0.000966 0.000965 0.000965 0.000965 0.000965 0.000964 0.000964 0.000963 0.000960 0.000956 0.000949 0.000937 0.000918 0.000889 0.000846 0.000786 0.000706 0.000603 0.000477 0.000331 0.000170 0.000000 
50.000000 41.708366 33.774620 26.510360 20.144570 14.804233 10.513998 7.212122 4.776520 3.053694 1.884433 1.122565 0.645666 0.358694 0.192573 0.100000 0.050302 0.024581 0.011738 0.005547 0.002664 0.001365 0.000800 0.000561 0.000463 0.000425 0.000410 0.000404 0.000402 0.000402 0.000401 0.000401 0.000401 0.000401 0.000401 0.000400 0.000399 0.000398 0.000395 0.000390 0.000382 0.000369 0.000352 0.000326 0.000293 0.000250 0.000198 0.000137 0.000070 0.000000 
50.000000 41.708327 33.774544 26.510250 20.144431 14.804069 10.513813 7.211922 4.776309 3.053475 1.884208 1.122337 0.645436 0.358462 0.192341 0.099767 0.050069 0.024348 0.011505 0.005314 0.002431 0.001132 0.000566 0.000328 0.000230 0.000192 0.000177 0.000171 0.000169 0.000169 0.000168 0.000168 0.000168 0.000168 0.000168 0.000168 0.000167 0.000167 0.000165 0.000163 0.000160 0.000155 0.000147 0.000137 0.000123 0.000105 0.000083 0.000057 0.000029 0.000000 
50.000000 41.708313 33.774517 26.510211 20.144381 14.804010 10.513748 7.211851 4.776234 3.053397 1.884129 1.122256 0.645355 0.358380 0.192258 0.099685 0.049987 0.024265 0.011423 0.005231 0.002348 0.001049 0.000484 0.000245 0.000148 0.000109 0.000094 0.000089 0.000087 0.000086 0.000086 0.000086 0.000086 0.000086 0.000085 0.000085 0.000085 0.000085 0.000084 0.000083 0.000081 0.000079 0.000075 0.000069 0.000062 0.000053 0.000042 0.000029 0.000015 0.000000 
50.000000 41.708313 33.774517 26.510211 20.144381 14.804010 10.513748 7.211851 4.776234 3.053397 1.884129 1.122256 0.645355 0.358380 0.192258 0.099685 0.049987 0.024265 0.011423 0.005231 0.002348 0.001049 0.000484 0.000245 0.000148 0.000109 0.000094 0.000089 0.000087 0.000086 0.000086 0.000086 0.000086 0.000086 0.000085 0.000085 0.000085 0.000085 0.000084 0.000083 0.000081 0.000079 0.000075 0.000069 0.000062 0.000053 0.000042 0.000029 0.000015 0.000000 
50.000000 41.708327 33.774544 26.510250 20.144431 14.804069 10.513813 7.211922 4.776309 3.053475 1.884208 1.122337 0.645436 0.358462 0.192341 0.099767 0.050069 0.024348 0.011505 0.005314 0.002431 0.001132 0.000566 0.000328 0.000230 0.000192 0.000177 0.000171 0.000169 0.000169 0.000168 0.000168 0.000168 0.000168 0.000168 0.000168 0.000167 0.000167 0.000165 0.000163 0.000160 0.000155 0.000147 0.000137 0.000123 0.000105 0.000083 0.000057 0.000029 0.000000 
50.000000 41.708366 33.774620 26.510360 20.144570 14.804233 10.513998 7.212122 4.776520 3.053694 1.884433 1.122565 0.645666 0.358694 0.192573 0.100000 0.050302 0.024581 0.011738 0.005547 0.002664 0.001365 0.000800 0.000561 0.000463 0.000425 0.000410 0.000404 0.000402 0.000402 0.000401 0.000401 0.000401 0.000401 0.000401 0.000400 0.000399 0.000398 0.000395 0.000390 0.000382 0.000369 0.000352 0.000326 0.000293 0.000250 0.000198 0.000137 0.000070 0.000000 
50.000000 41.708459 33.774803 26.510626 20.144908 14.804631 10.514444 7.212605 4.777031 3.054224 1.884976 1.123116 0.646223 0.359254 0.193134 0.100562 0.050865 0.025145 0.012302 0.006111 0.003227 0.001929 0.001363 0.001125 0.001027 0.000988 0.000974 0.000968 0.000966 0.000965 0.000965 0.000965 0.000965 0.000964 0.000964 0.000963 0.000960 0.000956 0.000949 0.000937 0.000918 0.000889 0.000846 0.000786 0.000706 0.000603 0.000477 0.000331 0.000170 0.000000 
50.000000 41.708675 33.775226 26.511237 20.145685 14.805546 10.515471 7.213717 4.778206 3.055443 1.886225 1.124385 0.647504 0.360542 0.194427 0.101858 0.052162 0.026442 0.013599 0.007408 0.004525 0.003227 0.002661 0.002422 0.002325 0.002286 0.002271 0.002266 0.002264 0.002263 0.002263 0.002262 0.002262 0.002261 0.002260 0.002257 0.002252 0.002243 0.002226 0.002199 0.002155 0.002087 0.001988 0.001847 0.001659 0.001417 0.001122 0.000779 0.000399 0.000000 
50.000000 41.709155 33.776164 26.512595 20.147410 14.807580 10.517751 7.216188 4.780816 3.058153 1.889002 1.127205 0.650351 0.363405 0.197300 0.104735 0.055042 0.029324 0.016482 0.010291 0.007408 0.006110 0.005544 0.005306 0.005208 0.005169 0.005155 0.005149 0.005147 0.005146 0.005146 0.005145 0.005145 0.005143 0.005140 0.005134 0.005122 0.005102 0.005065 0.005004 0.004905 0.004753 0.004528 0.004211 0.003783 0.003234 0.002562 0.001779 0.000912 0.000000 
50.000000 41.710184 33.778178 26.515510 20.151115 14.811946 10.522648 7.221493 4.786421 3.063970 1.894962 1.133259 0.656464 0.369553 0.203468 0.110914 0.061227 0.035512 0.022672 0.016482 0.013599 0.012301 0.011735 0.011497 0.011399 0.011360 0.011346 0.011340 0.011338 0.011337 0.011337 0.011336 0.011334 0.011331 0.011324 0.011311 0.011287 0.011242 0.011163 0.011031 0.010817 0.010485 0.009995 0.009300 0.008362 0.007153 0.005670 0.003940 0.002021 0.000000 
50.000000 41.712319 33.782355 26.521557 20.158798 14.821002 10.532805 7.232496 4.798048 3.076036 1.907327 1.145818 0.669144 0.382305 0.216262 0.123732 0.074058 0.048349 0.035512 0.029323 0.026441 0.025143 0.024578 0.024340 0.024242 0.024203 0.024189 0.024183 0.024181 0.024180 0.024179 0.024177 0.024174 0.024168 0.024154 0.024127 0.024076 0.023983 0.023820 0.023543 0.023095 0.022399 0.021364 0.019894 0.017900 0.015325 0.012157 0.008452 0.004337 0.000000 
50.000000 41.716594 33.790719 26.533663 20.174183 14.839134 10.553142 7.254529 4.821330 3.100201 1.932090 1.170969 0.694538 0.407845 0.241887 0.149403 0.099754 0.074058 0.061227 0.055042 0.052161 0.050864 0.050299 0.050061 0.049963 0.049925 0.049910 0.049904 0.049902 0.049901 0.049899 0.049896 0.049890 0.049877 0.049850 0.049797 0.049696 0.049510 0.049181 0.048625 0.047719 0.046306 0.044198 0.041191 0.037098 0.031790 0.025240 0.017560 0.009015 0.000000 
50.000000 41.724851 33.806876 26.557050 20.203903 14.874163 10.592433 7.297096 4.866311 3.146888 1.979932 1.219564 0.743602 0.457193 0.291397 0.199004 0.149403 0.123732 0.110914 0.104735 0.101857 0.100561 0.099997 0.099758 0.099661 0.099623 0.099608 0.099602 0.099600 0.099598 0.099595 0.099590 0.099578 0.099553 0.099502 0.099401 0.099206 0.098849 0.098215 0.097136 0.095372 0.092609 0.088465 0.082527 0.074408 0.063832 0.050733 0.035327 0.018147 0.000000 
50.000000 41.740228 33.836964 26.600604 20.259252 14.939401 10.665610 7.376378 4.950092 3.233847 2.069047 1.310080 0.834995 0.549111 0.383620 0.291397 0.241887 0.216262 0.203468 0.197300 0.194427 0.193133 0.192570 0.192332 0.192235 0.192196 0.192181 0.192176 0.192173 0.192170 0.192166 0.192156 0.192135 0.192090 0.191996 0.191810 0.191453 0.190792 0.189615 0.187603 0.184297 0.179091 0.171242 0.159932 0.144383 0.124028 0.098699 0.068799 0.035365 0.000000 
50.000000 41.767815 33.890945 26.678745 20.358556 15.056452 10.796908 7.518634 5.100423 3.389885 2.228953 1.472504 0.998994 0.714056 0.549111 0.457193 0.407845 0.382305 0.369553 0.363405 0.360542 0.359252 0.358691 0.358454 0.358357 0.358318 0.358304 0.358298 0.358294 0.358290 0.358283 0.358266 0.358229 0.358150 0.357986 0.357659 0.357028 0.355856 0.353761 0.350156 0.344201 0.334766 0.320453 0.299695 0.270978 0.233152 0.185825 0.129697 0.066726 0.000000 
50.000000 41.815462 33.984177 26.813707 20.530075 15.258625 11.023696 7.764353 5.360098 3.659423 2.505179 1.753084 1.282295 0.998994 0.834995 0.743602 0.694538 0.669143 0.656464 0.650351 0.647504 0.646222 0.645663 0.645428 0.645331 0.645293 0.645278 0.645272 0.645268 0.645262 0.645250 0.645222 0.645160 0.645028 0.644754 0.644203 0.643137 0.641147 0.637569 0.631378 0.621084 0.604664 0.579572 0.542909 0.491803 0.423992 0.338572 0.236688 0.121903 0.000000 
50.000000 41.894627 34.139082 27.037950 20.815063 15.594555 11.400533 8.172657 5.791600 4.107322 2.964199 2.219344 1.753084 1.472504 1.310080 1.219564 1.170969 1.145818 1.133259 1.127205 1.124385 1.123115 1.122562 1.122328 1.122233 1.122195 1.122180 1.122173 1.122168 1.122159 1.122140 1.122096 1.121998 1.121788 1.121349 1.120464 1.118744 1.115514 1.109672 1.099497 1.082457 1.055061 1.012845 0.950618 0.863088 0.745909 0.597066 0.418251 0.215716 0.000000 
50.000000 42.021072 34.386506 27.396127 21.270276 16.131149 12.002483 8.824885 6.480897 4.822827 3.697479 2.964199 2.505179 2.228953 2.069047 1.979932 1.932090 1.907327 1.894962 1.889001 1.886225 1.884975 1.884430 1.884200 1.884106 1.884069 1.884054 1.884046 1.884039 1.884027 1.883998 1.883932 1.883784 1.883465 1.882797 1.881444 1.878797 1.873801 1.864702 1.848740 1.821791 1.778074 1.710052 1.608742 1.464684 1.269717 1.019467 0.716054 0.369990 0.000000 
50.000000 42.215097 34.766170 27.945748 21.968806 16.954575 12.926217 9.825795 7.538713 5.920879 4.822827 4.107322 3.659423 3.389885 3.233847 3.146888 3.100201 3.076036 3.063970 3.058152 3.055443 3.054223 3.053691 3.053467 3.053375 3.053338 3.053323 3.053315 3.053306 3.053289 3.053248 3.053153 3.052942 3.052482 3.051516 3.049550 3.045684 3.038338 3.024865 3.001036 2.960440 2.893913 2.789229 2.631397 2.404023 2.092125 1.686471 1.188750 0.615770 0.000000 
50.000000 42.500933 35.325494 28.755460 22.997911 18.167701 14.287150 11.300456 9.097242 7.538713 6.480897 5.791600 5.360098 5.100423 4.950092 4.866311 4.821330 4.798048 4.786421 4.780816 4.778205 4.777030 4.776517 4.776301 4.776213 4.776177 4.776162 4.776153 4.776142 4.776119 4.776064 4.775936 4.775649 4.775024 4.773703 4.771001 4.765657 4.755434 4.736538 4.702823 4.644801 4.548621 4.395305 4.160793 3.817586 3.338863 2.705637 1.916361 0.996153 0.000000 
50.000000 42.904967 36.116113 29.900022 24.452614 19.882555 16.210972 13.385079 11.300456 9.825795 8.824885 8.172657 7.764353 7.518634 7.376378 7.297096 7.254529 7.232496 7.221493 7.216188 7.213717 7.212604 7.212119 7.211915 7.211831 7.211797 7.211782 7.211773 7.211760 7.211730 7.211660 7.211498 7.211132 7.210331 7.208631 7.205136 7.198181 7.184782 7.159813 7.114833 7.036566 6.905151 6.692540 6.361774 5.868394 5.165703 4.215701 3.006203 1.570678 0.000000 
50.000000 43.452635 37.187802 31.451496 26.424511 22.207127 18.818848 16.210972 14.287150 12.926217 12.002483 11.400533 11.023696 10.796908 10.665610 10.592433 10.553142 10.532805 10.522648 10.517751 10.515470 10.514443 10.513995 10.513806 10.513729 10.513697 10.513684 10.513674 10.513658 10.513623 10.513541 10.513348 10.512911 10.511951 10.509906 10.505679 10.497213 10.480787 10.449916 10.393741 10.294820 10.126356 9.849198 9.409424 8.738231 7.757048 6.392171 4.603141 2.423988 0.000000 
50.000000 44.164159 38.580133 33.467178 28.986434 25.227287 22.207127 19.882555 18.167701 16.954575 16.131149 15.594555 15.258625 15.056452 14.939401 14.874163 14.839134 14.821002 14.811946 14.807580 14.805546 14.804630 14.804231 14.804062 14.803993 14.803965 14.803952 14.803943 14.803926 14.803888 14.803797 14.803584 14.803101 14.802036 14.799755 14.795018 14.785474 14.766823 14.731468 14.666465 14.550551 14.350114 14.014161 13.468897 12.613644 11.322114 9.457001 6.910845 3.685988 0.000000 
50.000000 45.049755 40.313103 35.976019 32.175189 28.986434 26.424511 24.452614 22.997911 21.968806 21.270276 20.815063 20.530075 20.358556 20.259252 20.203902 20.174183 20.158798 20.151115 20.147410 20.145685 20.144907 20.144568 20.144425 20.144367 20.144343 20.144332 20.144322 20.144306 20.144268 20.144176 20.143962 20.143474 20.142393 20.140070 20.135224 20.125404 20.106083 20.069154 20.000559 19.876681 19.659048 19.286911 18.667463 17.664320 16.087594 13.696035 10.237889 5.583193 0.000000 
50.000000 46.105324 42.378689 38.966408 35.976019 33.467178 31.451496 29.900022 28.755460 27.945748 27.396127 27.037950 26.813707 26.678745 26.600604 26.557050 26.533663 26.521557 26.515510 26.512595 26.511237 26.510625 26.510358 26.510246 26.510200 26.510181 26.510172 26.510164 26.510149 26.510115 26.510033 26.509840 26.509400 26.508424 26.506317 26.501905 26.492920 26.475135 26.440883 26.376661 26.259276 26.049823 25.684322 25.059325 24.010176 22.279984 19.483204 15.094099 8.578868 0.000000 
50.000000 47.309807 44.735683 42.378689 40.313103 38.580133 37.187802 36.116113 35.325494 34.766170 34.386506 34.139082 33.984177 33.890945 33.836964 33.806876 33.790719 33.782355 33.778178 33.776164 33.775226 33.774803 33.774619 33.774541 33.774509 33.774496 33.774489 33.774484 33.774473 33.774447 33.774385 33.774238 33.773904 33.773159 33.771549 33.768165 33.761248 33.747489 33.720831 33.670452 33.577421 33.409132 33.109910 32.584661 31.669288 30.075214 27.284590 22.367842 13.787094 0.000000 
50.000000 48.625247 47.309807 46.105324 45.049755 44.164159 43.452635 42.904967 42.500933 42.215097 42.021072 41.894627 41.815462 41.767815 41.740228 41.724851 41.716594 41.712319 41.710184 41.709155 41.708675 41.708459 41.708365 41.708325 41.708309 41.708302 41.708299 41.708296 41.708290 41.708276 41.708242 41.708163 41.707982 41.707578 41.706704 41.704863 41.701089 41.693559 41.678911 41.651082 41.599326 41.504780 41.334290 41.028647 40.478170 39.466562 37.526456 33.522713 24.312624 0.000000 
50.000000 50.000000 50.000000 50.000000 50.000000 50.000000 50.000000 50.000000 50.000000 50.000000 50.000000 50.000000 50.000000 50.000000 50.000000 50.000000 50.000000 50.000000 50.000000 50.000000 50.000000 50.000000 50.000000 50.000000 50.000000 50.000000 50.000000 50.000000 50.000000 50.000000 50.000000 50.000000 50.000000 50.000000 50.000000 50.000000 50.000000 50.000000 50.000000 50.000000 50.000000 50.000000 50.000000 50.000000 50.000000 50.000000 50.000000 50.000000 50.000000 50.000000 
