50.000000 50.000000 50.000000 50.000000 50.000000 50.000000 50.000000 50.000000 50.000000 50.000000 50.000000 50.000000 50.000000 50.000000 50.000000 50.000000 50.000000 50.000000 50.000000 50.000000 50.000000 50.000000 50.000000 50.000000 50.000000 50.000000 50.000000 50.000000 50.000000 50.000000 50.000000 50.000000 50.000000 50.000000 50.000000 50.000000 50.000000 50.000000 50.000000 50.000000 50.000000 50.000000 50.000000 50.000000 50.000000 50.000000 50.000000 50.000000 50.000000 50.000000 
50.000000 46.933228 44.161069 41.893516 40.211681 39.077424 38.379522 37.986310 37.782665 37.685344 37.642267 37.624542 37.617738 37.615295 37.614471 37.614209 37.614131 37.614109 37.614103 37.614101 37.614101 37.614101 37.614101 37.614101 37.614101 37.614101 37.614101 37.614101 37.614101 37.614101 37.614101 37.614101 37.614100 37.614099 37.614094 37.614077 37.614016 37.613810 37.613150 37.611146 37.605358 37.589457 37.547828 37.443547 37.191788 36.598928 35.211033 31.889557 23.466614 0.000000 
50.000000 44.161069 38.883116 34.565972 31.364057 29.204713 27.876140 27.127632 26.740001 26.554768 26.472782 26.439050 26.426103 26.421453 26.419886 26.419388 26.419239 26.419197 26.419185 26.419182 26.419182 26.419182 26.419181 26.419181 26.419181 26.419181 26.419181 26.419181 26.419181 26.419181 26.419181 26.419181 26.419181 26.419179 26.419171 26.419142 26.419040 26.418699 26.417611 26.414325 26.404908 26.379313 26.313320 26.151669 25.774541 24.933588 23.134587 19.441558 12.271512 0.000000 
50.000000 41.893516 34.565972 28.572522 24.127521 21.130013 19.285866 18.246966 17.708995 17.451942 17.338180 17.291378 17.273418 17.266968 17.264794 17.264104 17.263897 17.263838 17.263823 17.263819 17.263818 17.263817 17.263817 17.263817 17.263817 17.263817 17.263817 17.263817 17.263817 17.263817 17.263817 17.263817 17.263817 17.263814 17.263806 17.263773 17.263660 17.263284 17.262092 17.258519 17.248386 17.221223 17.152483 16.988376 16.619132 15.837385 14.286261 11.431385 6.682483 0.000000 
50.000000 40.211681 31.364057 24.127521 18.760854 15.142043 12.915821 11.661787 11.012476 10.702256 10.564979 10.508510 10.486842 10.479062 10.476439 10.475607 10.475358 10.475287 10.475268 10.475263 10.475262 10.475262 10.475262 10.475262 10.475262 10.475262 10.475262 10.475262 10.475262 10.475262 10.475262 10.475262 10.475261 10.475259 10.475251 10.475223 10.475123 10.474793 10.473756 10.470674 10.462032 10.439199 10.382498 10.250449 9.962954 9.380427 8.290136 6.430469 3.612752 0.000000 
50.000000 39.077424 29.204713 21.130013 15.142043 11.104526 8.620908 7.222000 6.497745 6.151754 5.998665 5.935699 5.911541 5.902868 5.899945 5.899017 5.898740 5.898661 5.898640 5.898634 5.898633 5.898633 5.898633 5.898633 5.898633 5.898633 5.898633 5.898633 5.898633 5.898633 5.898633 5.898633 5.898632 5.898631 5.898625 5.898604 5.898529 5.898285 5.897523 5.895278 5.889052 5.872833 5.833253 5.743100 5.552263 5.179088 4.510881 3.430171 1.885636 0.000000 
50.000000 38.379522 27.876140 19.285866 12.915821 8.620908 5.979123 4.491235 3.720974 3.353038 3.190254 3.123307 3.097625 3.088405 3.085298 3.084312 3.084017 3.083934 3.083911 3.083905 3.083904 3.083904 3.083904 3.083904 3.083903 3.083903 3.083903 3.083903 3.083903 3.083903 3.083903 3.083903 3.083903 3.083902 3.083898 3.083884 3.083836 3.083679 3.083191 3.081765 3.077852 3.067786 3.043603 2.989562 2.877809 2.665372 2.297490 1.724471 0.935975 0.000000 
50.000000 37.986310 27.127632 18.246966 11.661787 7.222000 4.491235 2.953316 2.157204 1.776944 1.608720 1.539541 1.513005 1.503479 1.500269 1.499251 1.498946 1.498860 1.498837 1.498831 1.498829 1.498829 1.498829 1.498829 1.498829 1.498829 1.498829 1.498829 1.498829 1.498829 1.498829 1.498829 1.498829 1.498828 1.498826 1.498818 1.498790 1.498700 1.498422 1.497617 1.495428 1.489859 1.476658 1.447632 1.388747 1.279289 1.094483 0.814312 0.438482 0.000000 
50.000000 37.782665 26.740001 17.708995 11.012476 6.497745 3.720974 2.157204 1.347743 0.961125 0.790096 0.719767 0.692791 0.683108 0.679845 0.678810 0.678501 0.678413 0.678389 0.678383 0.678382 0.678382 0.678381 0.678381 0.678381 0.678381 0.678381 0.678381 0.678381 0.678381 0.678381 0.678381 0.678381 0.678381 0.678380 0.678376 0.678361 0.678315 0.678172 0.677762 0.676657 0.673871 0.667345 0.653187 0.624912 0.573276 0.487772 0.360689 0.193208 0.000000 
50.000000 37.685344 26.554768 17.451942 10.702256 6.151754 3.353038 1.776944 0.961125 0.571480 0.399118 0.328242 0.301058 0.291300 0.288012 0.286970 0.286658 0.286569 0.286545 0.286539 0.286538 0.286538 0.286537 0.286537 0.286537 0.286537 0.286537 0.286537 0.286537 0.286537 0.286537 0.286537 0.286537 0.286537 0.286537 0.286535 0.286528 0.286506 0.286440 0.286249 0.285740 0.284468 0.281517 0.275186 0.262702 0.240224 0.203557 0.149860 0.079987 0.000000 
50.000000 37.642267 26.472782 17.338180 10.564979 5.998665 3.190254 1.608720 0.790096 0.399118 0.226168 0.155052 0.127776 0.117985 0.114687 0.113641 0.113327 0.113239 0.113215 0.113209 0.113207 0.113207 0.113207 0.113207 0.113207 0.113207 0.113207 0.113207 0.113207 0.113207 0.113207 0.113207 0.113207 0.113207 0.113207 0.113206 0.113203 0.113193 0.113165 0.113084 0.112868 0.112334 0.111103 0.108489 0.103387 0.094304 0.079661 0.058457 0.031121 0.000000 
50.000000 37.624542 26.439050 17.291378 10.508510 5.935699 3.123307 1.539541 0.719767 0.328242 0.155052 0.083838 0.056524 0.046721 0.043418 0.042370 0.042056 0.041968 0.041944 0.041938 0.041936 0.041936 0.041936 0.041936 0.041936 0.041936 0.041936 0.041936 0.041936 0.041936 0.041936 0.041936 0.041936 0.041936 0.041936 0.041935 0.041934 0.041930 0.041919 0.041887 0.041803 0.041595 0.041119 0.040116 0.038176 0.034753 0.029286 0.021438 0.011391 0.000000 
50.000000 37.617738 26.426103 17.273418 10.486842 5.911541 3.097625 1.513005 0.692791 0.301058 0.127776 0.056524 0.029196 0.019387 0.016083 0.015035 0.014721 0.014632 0.014608 0.014602 0.014600 0.014600 0.014600 0.014600 0.014600 0.014600 0.014600 0.014600 0.014600 0.014600 0.014600 0.014600 0.014600 0.014600 0.014600 0.014600 0.014599 0.014598 0.014594 0.014582 0.014552 0.014476 0.014305 0.013946 0.013256 0.012049 0.010134 0.007404 0.003929 0.000000 
50.000000 37.615295 26.421453 17.266968 10.479062 5.902868 3.088405 1.503479 0.683108 0.291300 0.117985 0.046721 0.019387 0.009577 0.006271 0.005223 0.004909 0.004821 0.004797 0.004791 0.004789 0.004789 0.004789 0.004789 0.004789 0.004789 0.004789 0.004789 0.004789 0.004789 0.004789 0.004789 0.004789 0.004789 0.004789 0.004789 0.004788 0.004788 0.004787 0.004783 0.004772 0.004747 0.004689 0.004568 0.004338 0.003938 0.003307 0.002413 0.001279 0.000000 
50.000000 37.614471 26.419886 17.264794 10.476439 5.899945 3.085298 1.500269 0.679845 0.288012 0.114687 0.043418 0.016083 0.006271 0.002966 0.001918 0.001604 0.001515 0.001491 0.001485 0.001483 0.001483 0.001483 0.001483 0.001483 0.001483 0.001483 0.001483 0.001483 0.001483 0.001483 0.001483 0.001483 0.001483 0.001483 0.001483 0.001483 0.001483 0.001482 0.001481 0.001478 0.001470 0.001451 0.001413 0.001341 0.001216 0.001020 0.000743 0.000394 0.000000 
50.000000 37.614209 26.419388 17.264104 10.475607 5.899017 3.084312 1.499251 0.678810 0.286970 0.113641 0.042370 0.015035 0.005223 0.001918 0.000869 0.000555 0.000467 0.000443 0.000437 0.000435 0.000435 0.000435 0.000435 0.000435 0.000435 0.000435 0.000435 0.000435 0.000435 0.000435 0.000435 0.000435 0.000435 0.000435 0.000435 0.000435 0.000435 0.000434 0.000434 0.000433 0.000431 0.000425 0.000414 0.000392 0.000356 0.000298 0.000217 0.000115 0.000000 
50.000000 37.614131 26.419239 17.263897 10.475358 5.898740 3.084017 1.498946 0.678501 0.286658 0.113327 0.042056 0.014721 0.004909 0.001604 0.000555 0.000242 0.000153 0.000129 0.000123 0.000121 0.000121 0.000121 0.000121 0.000121 0.000121 0.000121 0.000121 0.000121 0.000121 0.000121 0.000121 0.000121 0.000121 0.000121 0.000121 0.000121 0.000121 0.000121 0.000121 0.000120 0.000120 0.000118 0.000115 0.000109 0.000099 0.000083 0.000060 0.000032 0.000000 
50.000000 37.614109 26.419197 17.263838 10.475287 5.898661 3.083934 1.498860 0.678413 0.286569 0.113239 0.041968 0.014632 0.004821 0.001515 0.000467 0.000153 0.000064 0.000040 0.000034 0.000032 0.000032 0.000032 0.000032 0.000032 0.000032 0.000032 0.000032 0.000032 0.000032 0.000032 0.000032 0.000032 0.000032 0.000032 0.000032 0.000032 0.000032 0.000032 0.000032 0.000032 0.000032 0.000031 0.000030 0.000029 0.000026 0.000022 0.000016 0.000008 0.000000 
50.000000 37.614103 26.419185 17.263823 10.475268 5.898640 3.083911 1.498837 0.678389 0.286545 0.113215 0.041944 0.014608 0.004797 0.001491 0.000443 0.000129 0.000040 0.000016 0.000010 0.000008 0.000008 0.000008 0.000008 0.000008 0.000008 0.000008 0.000008 0.000008 0.000008 0.000008 0.000008 0.000008 0.000008 0.000008 0.000008 0.000008 0.000008 0.000008 0.000008 0.000008 0.000008 0.000008 0.000008 0.000007 0.000007 0.000005 0.000004 0.000002 0.000000 
50.000000 37.614101 26.419182 17.263819 10.475263 5.898634 3.083905 1.498831 0.678383 0.286539 0.113209 0.041938 0.014602 0.004791 0.001485 0.000437 0.000123 0.000034 0.000010 0.000004 0.000002 0.000002 0.000002 0.000002 0.000002 0.000002 0.000002 0.000002 0.000002 0.000002 0.000002 0.000002 0.000002 0.000002 0.000002 0.000002 0.000002 0.000002 0.000002 0.000002 0.000002 0.000002 0.000002 0.000002 0.000002 0.000002 0.000001 0.000001 0.000001 0.000000 
50.000000 37.614101 26.419182 17.263818 10.475262 5.898633 3.083904 1.498829 0.678382 0.286538 0.113207 0.041936 0.014600 0.004789 0.001483 0.000435 0.000121 0.000032 0.000008 0.000002 0.000001 0.000001 0.000000 0.000000 0.000000 0.000000 0.000000 0.000000 0.000000 0.000000 0.000000 0.000000 0.000000 0.000000 0.000000 0.000000 0.000000 0.000000 0.000000 0.000000 0.000000 0.000000 0.000000 0.000000 0.000000 0.000000 0.000000 0.000000 0.000000 0.000000 
50.000000 37.614101 26.419182 17.263817 10.475262 5.898633 3.083904 1.498829 0.678382 0.286538 0.113207 0.041936 0.014600 0.004789 0.001483 0.000435 0.000121 0.000032 0.000008 0.000002 0.000001 0.000000 0.000000 0.000000 0.000000 0.000000 0.000000 0.000000 0.000000 0.000000 0.000000 0.000000 0.000000 0.000000 0.000000 0.000000 0.000000 0.000000 0.000000 0.000000 0.000000 0.000000 0.000000 0.000000 0.000000 0.000000 0.000000 0.000000 0.000000 0.000000 
50.000000 37.614101 26.419181 17.263817 10.475262 5.898633 3.083904 1.498829 0.678381 0.286537 0.113207 0.041936 0.014600 0.004789 0.001483 0.000435 0.000121 0.000032 0.000008 0.000002 0.000000 0.000000 0.000000 0.000000 0.000000 0.000000 0.000000 0.000000 0.000000 0.000000 0.000000 0.000000 0.000000 0.000000 0.000000 0.000000 0.000000 0.000000 0.000000 0.000000 0.000000 0.000000 0.000000 0.000000 0.000000 0.000000 0.000000 0.000000 0.000000 0.000000 
50.000000 37.614101 26.419181 17.263817 10.475262 5.898633 3.083904 1.498829 0.678381 0.286537 0.113207 0.041936 0.014600 0.004789 0.001483 0.000435 0.000121 0.000032 0.000008 0.000002 0.000000 0.000000 0.000000 0.000000 0.000000 0.000000 0.000000 0.000000 0.000000 0.000000 0.000000 0.000000 0.000000 0.000000 0.000000 0.000000 0.000000 0.000000 0.000000 0.000000 0.000000 0.000000 0.000000 0.000000 0.000000 0.000000 0.000000 0.000000 0.000000 0.000000 
50.000000 37.614101 26.419181 17.263817 10.475262 5.898633 3.083904 1.498829 0.678381 0.286537 0.113207 0.041936 0.014600 0.004789 0.001483 0.000435 0.000121 0.000032 0.000008 0.000002 0.000000 0.000000 0.000000 0.000000 0.000000 0.000000 0.000000 0.000000 0.000000 0.000000 0.000000 0.000000 0.000000 0.000000 0.000000 0.000000 0.000000 0.000000 0.000000 0.000000 0.000000 0.000000 0.000000 0.000000 0.000000 0.000000 0.000000 0.000000 0.000000 0.000000 
50.000000 37.614101 26.419181 17.263817 10.475262 5.898633 3.083904 1.498829 0.678381 0.286537 0.113207 0.041936 0.014600 0.004789 0.001483 0.000435 0.000121 0.000032 0.000008 0.000002 0.000000 0.000000 0.000000 0.000000 0.000000 0.000000 0.000000 0.000000 0.000000 0.000000 0.000000 0.000000 0.000000 0.000000 0.000000 0.000000 0.000000 0.000000 0.000000 0.000000 0.000000 0.000000 0.000000 0.000000 0.000000 0.000000 0.000000 0.000000 0.000000 0.000000 
50.000000 37.614101 26.419181 17.263817 10.475262 5.898633 3.083904 1.498829 0.678381 0.286537 0.113207 0.041936 0.014600 0.004789 0.001483 0.000435 0.000121 0.000032 0.000008 0.000002 0.000000 0.000000 0.000000 0.000000 0.000000 0.000000 0.000000 0.000000 0.000000 0.000000 0.000000 0.000000 0.000000 0.000000 0.000000 0.000000 0.000000 0.000000 0.000000 0.000000 0.000000 0.000000 0.000000 0.000000 0.000000 0.000000 0.000000 0.000000 0.000000 0.000000 
50.000000 37.614101 26.419181 17.263817 10.475262 5.898633 3.083904 1.498829 0.678381 0.286537 0.113207 0.041936 0.014600 0.004789 0.001483 0.000435 0.000121 0.000032 0.000008 0.000002 0.000000 0.000000 0.000000 0.000000 0.000000 0.000000 0.000000 0.000000 0.000000 0.000000 0.000000 0.000000 0.000000 0.000000 0.000000 0.000000 0.000000 0.000000 0.000000 0.000000 0.000000 0.000000 0.000000 0.000000 0.000000 0.000000 0.000000 0.000000 0.000000 0.000000 
50.000000 37.614101 26.419182 17.263817 10.475262 5.898633 3.083904 1.498829 0.678382 0.286538 0.113207 0.041936 0.014600 0.004789 0.001483 0.000435 0.000121 0.000032 0.000008 0.000002 0.000001 0.000000 0.000000 0.000000 0.000000 0.000000 0.000000 0.000000 0.000000 0.000000 0.000000 0.000000 0.000000 0.000000 0.000000 0.000000 0.000000 0.000000 0.000000 0.000000 0.000000 0.000000 0.000000 0.000000 0.000000 0.000000 0.000000 0.000000 0.000000 0.000000 
50.000000 37.614101 26.419182 17.263818 10.475262 5.898633 3.083904 1.498829 0.678382 0.286538 0.113207 0.041936 0.014600 0.004789 0.001483 0.000435 0.000121 0.000032 0.000008 0.000002 0.000001 0.000001 0.000000 0.000000 0.000000 0.000000 0.000000 0.000000 0.000000 0.000000 0.000000 0.000000 0.000000 0.000000 0.000000 0.000000 0.000000 0.000000 0.000000 0.000000 0.000000 0.000000 0.000000 0.000000 0.000000 0.000000 0.000000 0.000000 0.000000 0.000000 
50.000000 37.614101 26.419182 17.263819 10.475263 5.898634 3.083905 1.498831 0.678383 0.286539 0.113209 0.041938 0.014602 0.004791 0.001485 0.000437 0.000123 0.000034 0.000010 0.000004 0.000002 0.000002 0.000002 0.000002 0.000002 0.000002 0.000002 0.000002 0.000002 0.000002 0.000002 0.000002 0.000002 0.000002 0.000002 0.000002 0.000002 0.000002 0.000002 0.000002 0.000002 0.000002 0.000002 0.000002 0.000002 0.000002 0.000001 0.000001 0.000001 0.000000 
50.000000 37.614103 26.419185 17.263823 10.475268 5.898640 3.083911 1.498837 0.678389 0.286545 0.113215 0.041944 0.014608 0.004797 0.001491 0.000443 0.000129 0.000040 0.000016 0.000010 0.000008 0.000008 0.000008 0.000008 0.000008 0.000008 0.000008 0.000008 0.000008 0.000008 0.000008 0.000008 0.000008 0.000008 0.000008 0.000008 0.000008 0.000008 0.000008 0.000008 0.000008 0.000008 0.000008 0.000008 0.000007 0.000007 0.000005 0.000004 0.000002 0.000000 
50.000000 37.614109 26.419197 17.263838 10.475287 5.898661 3.083934 1.498860 0.678413 0.286569 0.113239 0.041968 0.014632 0.004821 0.001515 0.000467 0.000153 0.000064 0.000040 0.000034 0.000032 0.000032 0.000032 0.000032 0.000032 0.000032 0.000032 0.000032 0.000032 0.000032 0.000032 0.000032 0.000032 0.000032 0.000032 0.000032 0.000032 0.000032 0.000032 0.000032 0.000032 0.000032 0.000031 0.000030 0.000029 0.000026 0.000022 0.000016 0.000008 0.000000 
50.000000 37.614131 26.419239 17.263897 10.475358 5.898740 3.084017 1.498946 0.678501 0.286658 0.113327 0.042056 0.014721 0.004909 0.001604 0.000555 0.000242 0.000153 0.000129 0.000123 0.000121 0.000121 0.000121 0.000121 0.000121 0.000121 0.000121 0.000121 0.000121 0.000121 0.000121 0.000121 0.000121 0.000121 0.000121 0.000121 0.000121 0.000121 0.000121 0.000121 0.000120 0.000120 0.000118 0.000115 0.000109 0.000099 0.000083 0.000060 0.000032 0.000000 
50.000000 37.614209 26.419388 17.264104 10.475607 5.899017 3.084312 1.499251 0.678810 0.286970 0.113641 0.042370 0.015035 0.005223 0.001918 0.000869 0.000555 0.000467 0.000443 0.000437 0.000435 0.000435 0.000435 0.000435 0.000435 0.000435 0.000435 0.000435 0.000435 0.000435 0.000435 0.000435 0.000435 0.000435 0.000435 0.000435 0.000435 0.000435 0.000434 0.000434 0.000433 0.000431 0.000425 0.000414 0.000392 0.000356 0.000298 0.000217 0.000115 0.000000 
50.000000 37.614471 26.419886 17.264794 10.476439 5.899945 3.085298 1.500269 0.679845 0.288012 0.114687 0.043418 0.016083 0.006271 0.002966 0.001918 0.001604 0.001515 0.001491 0.001485 0.001483 0.001483 0.001483 0.001483 0.001483 0.001483 0.001483 0.001483 0.001483 0.001483 0.001483 0.001483 0.001483 0.001483 0.001483 0.001483 0.001483 0.001483 0.001482 0.001481 0.001478 0.001470 0.001451 0.001413 0.001341 0.001216 0.001020 0.000743 0.000394 0.000000 
50.000000 37.615295 26.421453 17.266968 10.479062 5.902868 3.088405 1.503479 0.683108 0.291300 0.117985 0.046721 0.019387 0.009577 0.006271 0.005223 0.004909 0.004821 0.004797 0.004791 0.004789 0.004789 0.004789 0.004789 0.004789 0.004789 0.004789 0.004789 0.004789 0.004789 0.004789 0.004789 0.004789 0.004789 0.004789 0.004789 0.004788 0.004788 0.004787 0.004783 0.004772 0.004747 0.004689 0.004568 0.004338 0.003938 0.003307 0.002413 0.001279 0.000000 
50.000000 37.617738 26.426103 17.273418 10.486842 5.911541 3.097625 1.513005 0.692791 0.301058 0.127776 0.056524 0.029196 0.019387 0.016083 0.015035 0.014721 0.014632 0.014608 0.014602 0.014600 0.014600 0.014600 0.014600 0.014600 0.014600 0.014600 0.014600 0.014600 0.014600 0.014600 0.014600 0.014600 0.014600 0.014600 0.014600 0.014599 0.014598 0.014594 0.014582 0.014552 0.014476 0.014305 0.013946 0.013256 0.012049 0.010134 0.007404 0.003929 0.000000 
50.000000 37.624542 26.439050 17.291378 10.508510 5.935699 3.123307 1.539541 0.719767 0.328242 0.155052 0.083838 0.056524 0.046721 0.043418 0.042370 0.042056 0.041968 0.041944 0.041938 0.041936 0.041936 0.041936 0.041936 0.041936 0.041936 0.041936 0.041936 0.041936 0.041936 0.041936 0.041936 0.041936 0.041936 0.041936 0.041935 0.041934 0.041930 0.041919 0.041887 0.041803 0.041595 0.041119 0.040116 0.038176 0.034753 0.029286 0.021438 0.011391 0.000000 
50.000000 37.642267 26.472782 17.338180 10.564979 5.998665 3.190254 1.608720 0.790096 0.399118 0.226168 0.155052 0.127776 0.117985 0.114687 0.113641 0.113327 0.113239 0.113215 0.113209 0.113207 0.113207 0.113207 0.113207 0.113207 0.113207 0.113207 0.113207 0.113207 0.113207 0.113207 0.113207 0.113207 0.113207 0.113207 0.113206 0.113203 0.113193 0.113165 0.113084 0.112868 0.112334 0.111103 0.108489 0.103387 0.094304 0.079661 0.058457 0.031121 0.000000 
50.000000 37.685344 26.554768 17.451942 10.702256 6.151754 3.353038 1.776944 0.961125 0.571480 0.399118 0.328242 0.301058 0.291300 0.288012 0.286970 0.286658 0.286569 0.286545 0.286539 0.286538 0.286538 0.286537 0.286537 0.286537 0.286537 0.286537 0.286537 0.286537 0.286537 0.286537 0.286537 0.286537 0.286537 0.286537 0.286535 0.286528 0.286506 0.286440 0.286249 0.285740 0.284468 0.281517 0.275186 0.262702 0.240224 0.203557 0.149860 0.079987 0.000000 
50.000000 37.782665 26.740001 17.708995 11.012476 6.497745 3.720974 2.157204 1.347743 0.961125 0.790096 0.719767 0.692791 0.683108 0.679845 0.678810 0.678501 0.678413 0.678389 0.678383 0.678382 0.678382 0.678381 0.678381 0.678381 0.678381 0.678381 0.678381 0.678381 0.678381 0.678381 0.678381 0.678381 0.678381 0.678380 0.678376 0.678361 0.678315 0.678172 0.677762 0.676657 0.673871 0.667345 0.653187 0.624912 0.573276 0.487772 0.360689 0.193208 0.000000 
50.000000 37.986310 27.127632 18.246966 11.661787 7.222000 4.491235 2.953316 2.157204 1.776944 1.608720 1.539541 1.513005 1.503479 1.500269 1.499251 1.498946 1.498860 1.498837 1.498831 1.498829 1.498829 1.498829 1.498829 1.498829 1.498829 1.498829 1.498829 1.498829 1.498829 1.498829 1.498829 1.498829 1.498828 1.498826 1.498818 1.498790 1.498700 1.498422 1.497617 1.495428 1.489859 1.476658 1.447632 1.388747 1.279289 1.094483 0.814312 0.438482 0.000000 
50.000000 38.379522 27.876140 19.285866 12.915821 8.620908 5.979123 4.491235 3.720974 3.353038 3.190254 3.123307 3.097625 3.088405 3.085298 3.084312 3.084017 3.083934 3.083911 3.083905 3.083904 3.083904 3.083904 3.083904 3.083903 3.083903 3.083903 3.083903 3.083903 3.083903 3.083903 3.083903 3.083903 3.083902 3.083898 3.083884 3.083836 3.083679 3.083191 3.081765 3.077852 3.067786 3.043603 2.989562 2.877809 2.665372 2.297490 1.724471 0.935975 0.000000 
50.000000 39.077424 29.204713 21.130013 15.142043 11.104526 8.620908 7.222000 6.497745 6.151754 5.998665 5.935699 5.911541 5.902868 5.899945 5.899017 5.898740 5.898661 5.898640 5.898634 5.898633 5.898633 5.898633 5.898633 5.898633 5.898633 5.898633 5.898633 5.898633 5.898633 5.898633 5.898633 5.898632 5.898631 5.898625 5.898604 5.898529 5.898285 5.897523 5.895278 5.889052 5.872833 5.833253 5.743100 5.552263 5.179088 4.510881 3.430171 1.885636 0.000000 
50.000000 40.211681 31.364057 24.127521 18.760854 15.142043 12.915821 11.661787 11.012476 10.702256 10.564979 10.508510 10.486842 10.479062 10.476439 10.475607 10.475358 10.475287 10.475268 10.475263 10.475262 10.475262 10.475262 10.475262 10.475262 10.475262 10.475262 10.475262 10.475262 10.475262 10.475262 10.475262 10.475261 10.475259 10.475251 10.475223 10.475123 10.474793 10.473756 10.470674 10.462032 10.439199 10.382498 10.250449 9.962954 9.380427 8.290136 6.430469 3.612752 0.000000 
50.000000 41.893516 34.565972 28.572522 24.127521 21.130013 19.285866 18.246966 17.708995 17.451942 17.338180 17.291378 17.273418 17.266968 17.264794 17.264104 17.263897 17.263838 17.263823 17.263819 17.263818 17.263817 17.263817 17.263817 17.263817 17.263817 17.263817 17.263817 17.263817 17.263817 17.263817 17.263817 17.263817 17.263814 17.263806 17.263773 17.263660 17.263284 17.262092 17.258519 17.248386 17.221223 17.152483 16.988376 16.619132 15.837385 14.286261 11.431385 6.682483 0.000000 
50.000000 44.161069 38.883116 34.565972 31.364057 29.204713 27.876140 27.127632 26.740001 26.554768 26.472782 26.439050 26.426103 26.421453 26.419886 26.419388 26.419239 26.419197 26.419185 26.419182 26.419182 26.419182 26.419181 26.419181 26.419181 26.419181 26.419181 26.419181 26.419181 26.419181 26.419181 26.419181 26.419181 26.419179 26.419171 26.419142 26.419040 26.418699 26.417611 26.414325 26.404908 26.379313 26.313320 26.151669 25.774541 24.933588 23.134587 19.441558 12.271512 0.000000 
50.000000 46.933228 44.161069 41.893516 40.211681 39.077424 38.379522 37.986310 37.782665 37.685344 37.642267 37.624542 37.617738 37.615295 37.614471 37.614209 37.614131 37.614109 37.614103 37.614101 37.614101 37.614101 37.614101 37.614101 37.614101 37.614101 37.614101 37.614101 37.614101 37.614101 37.614101 37.614101 37.614100 37.614099 37.614094 37.614077 37.614016 37.613810 37.613150 37.611146 37.605358 37.589457 37.547828 37.443547 37.191788 36.598928 35.211033 31.889557 23.466614 0.000000 
50.000000 50.000000 50.000000 50.000000 50.000000 50.000000 50.000000 50.000000 50.000000 50.000000 50.000000 50.000000 50.000000 50.000000 50.000000 50.000000 50.000000 50.000000 50.000000 50.000000 50.000000 50.000000 50.000000 50.000000 50.000000 50.000000 50.000000 50.000000 50.000000 50.000000 50.000000 50.000000 50.000000 50.000000 50.000000 50.000000 50.000000 50.000000 50.000000 50.000000 50.000000 50.000000 50.000000 50.000000 50.000000 50.000000 50.000000 50.000000 50.000000 50.000000 
