50.000000 50.000000 50.000000 50.000000 50.000000 50.000000 50.000000 50.000000 50.000000 50.000000 50.000000 50.000000 50.000000 50.000000 50.000000 50.000000 50.000000 50.000000 50.000000 50.000000 50.000000 50.000000 50.000000 50.000000 50.000000 50.000000 50.000000 50.000000 50.000000 50.000000 50.000000 50.000000 50.000000 50.000000 50.000000 50.000000 50.000000 50.000000 50.000000 50.000000 50.000000 50.000000 50.000000 50.000000 50.000000 50.000000 50.000000 50.000000 50.000000 50.000000 
50.000000 48.906645 47.850816 46.866177 45.979333 45.207796 44.559345 44.032730 43.619388 43.305744 43.075594 42.912227 42.800011 42.725393 42.677343 42.647367 42.629241 42.618613 42.612569 42.609232 42.607444 42.606513 42.606042 42.605810 42.605698 42.605644 42.605613 42.605588 42.605551 42.605477 42.605326 42.605016 42.604395 42.603176 42.600837 42.596449 42.588389 42.573883 42.548263 42.503770 42.427591 42.298519 42.080987 41.713600 41.085089 39.978567 37.927397 33.798663 24.453323 0.000000 
50.000000 47.850816 45.775396 43.839914 42.096669 40.580081 39.305443 38.270295 37.457808 36.841293 36.388902 36.067782 35.847207 35.700537 35.606090 35.547168 35.511539 35.490650 35.478770 35.472212 35.468697 35.466867 35.465941 35.465485 35.465265 35.465158 35.465100 35.465051 35.464980 35.464842 35.464558 35.463977 35.462812 35.460530 35.456158 35.447972 35.432974 35.406065 35.358726 35.276940 35.137879 34.904529 34.516666 33.875075 32.812678 31.039783 28.039919 22.887698 14.052152 0.000000 
50.000000 46.866177 43.839914 41.017706 38.475812 36.264421 34.405832 32.896457 31.711755 30.812807 30.153175 29.684952 29.363335 29.149480 29.011770 28.925859 28.873912 28.843455 28.826133 28.816572 28.811447 28.808780 28.807430 28.806765 28.806444 28.806289 28.806205 28.806137 28.806039 28.805852 28.805468 28.804684 28.803114 28.800046 28.794184 28.783242 28.763271 28.727609 28.665250 28.558349 28.378423 28.080580 27.594667 26.811649 25.562817 23.589777 20.508853 15.799995 8.938780 0.000000 
50.000000 45.979333 42.096669 38.475812 35.214602 32.377433 29.992912 28.056433 26.536508 25.383203 24.536934 23.936236 23.523629 23.249273 23.072606 22.962392 22.895751 22.856680 22.834458 22.822193 22.815620 22.812198 22.810466 22.809613 22.809202 22.809004 22.808898 22.808816 22.808701 22.808484 22.808041 22.807138 22.805336 22.801822 22.795133 22.782695 22.760107 22.720015 22.650433 22.532268 22.335765 22.015507 21.503590 20.700725 19.465839 17.607301 14.886035 11.056886 6.000767 0.000000 
50.000000 45.207796 40.580081 36.264421 32.377433 28.995867 26.153818 23.845792 22.034258 20.659693 19.651077 18.935150 18.443399 18.116423 17.905874 17.774524 17.695105 17.648542 17.622061 17.607444 17.599611 17.595533 17.593470 17.592453 17.591964 17.591729 17.591606 17.591514 17.591393 17.591166 17.590705 17.589769 17.587907 17.584289 17.577428 17.564732 17.541804 17.501388 17.431827 17.314910 17.122955 16.815091 16.332843 15.595649 14.497933 12.911594 10.701604 7.767404 4.122708 0.000000 
50.000000 44.559345 39.305443 34.405832 29.992912 26.153818 22.927256 20.306986 18.250393 16.689894 15.544857 14.732106 14.173855 13.802666 13.563651 13.414545 13.324391 13.271536 13.241476 13.224885 13.215993 13.211365 13.209022 13.207869 13.207315 13.207050 13.206913 13.206817 13.206697 13.206477 13.206035 13.205140 13.203366 13.199931 13.193447 13.181510 13.160085 13.122590 13.058620 12.952226 12.779767 12.507441 12.088878 11.463628 10.558168 9.292187 7.594184 5.430368 2.845746 0.000000 
50.000000 44.032730 38.270295 32.896457 28.056433 23.845792 20.306986 17.433165 15.177583 13.466112 12.210310 11.318947 10.706709 10.299628 10.037505 9.873987 9.775120 9.717157 9.684193 9.666000 9.656250 9.651174 9.648606 9.647342 9.646735 9.646445 9.646300 9.646203 9.646091 9.645891 9.645494 9.644694 9.643113 9.640066 9.634339 9.623854 9.605152 9.572666 9.517722 9.427280 9.282464 9.057085 8.716583 8.218109 7.512949 6.552843 5.301789 3.753629 1.951743 0.000000 
50.000000 43.619388 37.457808 31.711755 26.536508 22.034258 18.250393 15.177583 12.765839 10.935894 9.593175 8.640130 7.985532 7.550292 7.270041 7.095216 6.989515 6.927547 6.892306 6.872855 6.862432 6.857006 6.854261 6.852910 6.852261 6.851954 6.851802 6.851708 6.851607 6.851435 6.851098 6.850423 6.849096 6.846546 6.841778 6.833096 6.817706 6.791168 6.746663 6.674121 6.559286 6.382920 6.120498 5.742951 5.219167 4.521001 3.631175 2.553279 1.320869 0.000000 
50.000000 43.305744 36.841293 30.812807 25.383203 20.659693 16.689894 13.466112 10.935894 9.016072 7.607418 6.607585 5.920858 5.464261 5.170263 4.986865 4.875981 4.810976 4.774008 4.753605 4.742672 4.736981 4.734102 4.732685 4.732005 4.731684 4.731529 4.731438 4.731350 4.731210 4.730938 4.730398 4.729340 4.727317 4.723551 4.716731 4.704715 4.684141 4.649913 4.594633 4.508036 4.376608 4.183648 3.910126 3.536737 3.047438 2.434385 1.703414 0.878153 0.000000 
50.000000 43.075594 36.388902 30.153175 24.536934 19.651077 15.544857 12.210310 9.593175 7.607418 6.150399 5.116246 4.405955 3.933695 3.629615 3.439931 3.325248 3.258017 3.219783 3.198682 3.187375 3.181489 3.178511 3.177046 3.176344 3.176014 3.175856 3.175770 3.175695 3.175584 3.175376 3.174964 3.174160 3.172631 3.169797 3.164690 3.155748 3.140537 3.115422 3.075200 3.012785 2.919054 2.783030 2.592631 2.336167 2.004666 1.594826 1.111963 0.571825 0.000000 
50.000000 42.912227 36.067782 29.684952 23.936236 18.935150 14.732106 11.318947 8.640130 6.607585 5.116246 4.057742 3.330733 2.847362 2.536131 2.341988 2.224610 2.155800 2.116670 2.095073 2.083501 2.077477 2.074430 2.072931 2.072213 2.071876 2.071718 2.071635 2.071572 2.071488 2.071334 2.071033 2.070450 2.069345 2.067305 2.063650 2.057283 2.046520 2.028871 2.000825 1.957672 1.893467 1.801225 1.673486 1.503323 1.285804 1.019702 0.709056 0.363964 0.000000 
50.000000 42.800011 35.847207 29.363335 23.523629 18.443399 14.173855 10.706709 7.985532 5.920858 4.405955 3.330733 2.592246 2.101248 1.785109 1.587905 1.468679 1.398786 1.359040 1.337104 1.325350 1.319232 1.316137 1.314614 1.313885 1.313544 1.313386 1.313307 1.313253 1.313190 1.313081 1.312871 1.312465 1.311699 1.310292 1.307782 1.303433 1.296123 1.284213 1.265418 1.236717 1.194364 1.134043 1.051265 0.942011 0.803614 0.635726 0.441142 0.226128 0.000000 
50.000000 42.725393 35.700537 29.149480 23.249273 18.116423 13.802666 10.299628 7.550292 5.464261 3.933695 2.847362 2.101248 1.605182 1.285782 1.086545 0.966091 0.895479 0.855323 0.833162 0.821287 0.815107 0.811980 0.810442 0.809706 0.809362 0.809204 0.809128 0.809082 0.809035 0.808960 0.808818 0.808547 0.808037 0.807104 0.805447 0.802591 0.797815 0.790079 0.777947 0.759546 0.732585 0.694476 0.642581 0.574618 0.489166 0.386210 0.267563 0.137004 0.000000 
50.000000 42.677343 35.606090 29.011770 23.072606 17.905874 13.563651 10.037505 7.270041 5.170263 3.629615 2.536131 1.785109 1.285782 0.964284 0.763739 0.642495 0.571420 0.531002 0.508696 0.496743 0.490522 0.487375 0.485828 0.485087 0.484741 0.484583 0.484509 0.484469 0.484434 0.484384 0.484292 0.484117 0.483790 0.483195 0.482142 0.480334 0.477327 0.472482 0.464925 0.453532 0.436945 0.413651 0.382141 0.341142 0.289911 0.228529 0.158118 0.080895 0.000000 
50.000000 42.647367 35.547168 28.925859 22.962392 17.774524 13.414545 9.873987 7.095216 4.986865 3.439931 2.341988 1.587905 1.086546 0.763740 0.562380 0.440644 0.369280 0.328699 0.306302 0.294302 0.288055 0.284896 0.283342 0.282598 0.282252 0.282094 0.282021 0.281985 0.281959 0.281925 0.281867 0.281759 0.281557 0.281190 0.280545 0.279441 0.277614 0.274682 0.270134 0.263314 0.253438 0.239647 0.221098 0.197096 0.167259 0.131675 0.091009 0.046529 0.000000 
50.000000 42.629241 35.511539 28.873912 22.895751 17.695105 13.324391 9.775120 6.989515 4.875981 3.325248 2.224611 1.468679 0.966091 0.642495 0.440644 0.318610 0.247073 0.206392 0.183942 0.171912 0.165650 0.162483 0.160925 0.160180 0.159833 0.159675 0.159604 0.159570 0.159549 0.159527 0.159491 0.159426 0.159306 0.159088 0.158706 0.158055 0.156981 0.155266 0.152618 0.148665 0.142969 0.135054 0.124460 0.110816 0.093929 0.073866 0.051010 0.026065 0.000000 
50.000000 42.618613 35.490651 28.843455 22.856680 17.648543 13.271536 9.717158 6.927547 4.810977 3.258017 2.155801 1.398786 0.895479 0.571420 0.369281 0.247073 0.175434 0.134695 0.112213 0.100166 0.093895 0.090724 0.089164 0.088418 0.088070 0.087912 0.087842 0.087809 0.087792 0.087777 0.087756 0.087718 0.087648 0.087523 0.087304 0.086933 0.086322 0.085351 0.083858 0.081637 0.078452 0.074045 0.068171 0.060636 0.051344 0.040341 0.027839 0.014218 0.000000 
50.000000 42.612569 35.478770 28.826134 22.834459 17.622062 13.241477 9.684194 6.892307 4.774010 3.219784 2.116671 1.359041 0.855325 0.531003 0.328700 0.206393 0.134696 0.093925 0.071424 0.059367 0.053092 0.049918 0.048357 0.047610 0.047262 0.047105 0.047034 0.047003 0.046988 0.046977 0.046964 0.046943 0.046904 0.046834 0.046713 0.046508 0.046172 0.045639 0.044822 0.043613 0.041884 0.039502 0.036338 0.032293 0.027322 0.021451 0.014794 0.007553 0.000000 
50.000000 42.609233 35.472213 28.816573 22.822195 17.607446 13.224887 9.666002 6.872858 4.753608 3.198685 2.095077 1.337107 0.833166 0.508699 0.306306 0.183945 0.112215 0.071426 0.048915 0.036853 0.030575 0.027400 0.025838 0.025091 0.024743 0.024585 0.024515 0.024485 0.024471 0.024463 0.024455 0.024443 0.024421 0.024384 0.024319 0.024209 0.024029 0.023746 0.023313 0.022673 0.021763 0.020511 0.018855 0.016744 0.014156 0.011107 0.007656 0.003907 0.000000 
50.000000 42.607446 35.468700 28.811451 22.815625 17.599617 13.216000 9.656257 6.862439 4.742680 3.187383 2.083509 1.325358 0.821296 0.496752 0.294310 0.171920 0.100174 0.059375 0.036859 0.024794 0.018514 0.015338 0.013776 0.013028 0.012681 0.012523 0.012453 0.012423 0.012410 0.012403 0.012398 0.012391 0.012380 0.012360 0.012326 0.012269 0.012176 0.012029 0.011806 0.011478 0.011011 0.010372 0.009529 0.008456 0.007145 0.005603 0.003860 0.001970 0.000000 
50.000000 42.606517 35.466874 28.808789 22.812210 17.595547 13.211380 9.651192 6.857025 4.737000 3.181509 2.077498 1.319252 0.815127 0.490543 0.288076 0.165671 0.093916 0.053112 0.030593 0.018527 0.012246 0.009070 0.007507 0.006760 0.006412 0.006254 0.006185 0.006155 0.006142 0.006136 0.006132 0.006128 0.006122 0.006112 0.006095 0.006066 0.006019 0.005946 0.005834 0.005669 0.005436 0.005118 0.004699 0.004168 0.003520 0.002759 0.001900 0.000969 0.000000 
50.000000 42.606050 35.465957 28.807452 22.810495 17.593504 13.209061 9.648648 6.854306 4.734148 3.178560 2.074479 1.316187 0.812030 0.487426 0.284946 0.162534 0.090774 0.049967 0.027447 0.015380 0.009099 0.005923 0.004360 0.003613 0.003265 0.003107 0.003038 0.003008 0.002995 0.002989 0.002987 0.002984 0.002981 0.002976 0.002967 0.002953 0.002930 0.002893 0.002838 0.002757 0.002643 0.002487 0.002282 0.002023 0.001708 0.001338 0.000921 0.000470 0.000000 
50.000000 42.605829 35.465522 28.806818 22.809681 17.592534 13.207961 9.647442 6.853016 4.732796 3.177161 2.073048 1.314732 0.810561 0.485947 0.283462 0.161045 0.089284 0.048476 0.025955 0.013888 0.007607 0.004430 0.002867 0.002120 0.001772 0.001615 0.001545 0.001515 0.001502 0.001497 0.001494 0.001493 0.001491 0.001488 0.001484 0.001477 0.001465 0.001446 0.001418 0.001378 0.001320 0.001242 0.001139 0.001009 0.000851 0.000667 0.000459 0.000234 0.000000 
50.000000 42.605741 35.465350 28.806567 22.809360 17.592151 13.207526 9.646965 6.852507 4.732261 3.176608 2.072482 1.314158 0.809981 0.485363 0.282875 0.160458 0.088695 0.047887 0.025366 0.013298 0.007017 0.003840 0.002278 0.001530 0.001182 0.001025 0.000955 0.000925 0.000913 0.000907 0.000905 0.000904 0.000903 0.000901 0.000898 0.000894 0.000886 0.000875 0.000858 0.000833 0.000798 0.000750 0.000688 0.000609 0.000514 0.000402 0.000277 0.000141 0.000000 
50.000000 42.605741 35.465350 28.806567 22.809360 17.592151 13.207526 9.646965 6.852507 4.732261 3.176608 2.072482 1.314158 0.809981 0.485363 0.282875 0.160458 0.088695 0.047887 0.025366 0.013298 0.007017 0.003840 0.002278 0.001530 0.001182 0.001025 0.000955 0.000925 0.000913 0.000907 0.000905 0.000904 0.000903 0.000901 0.000898 0.000894 0.000886 0.000875 0.000858 0.000833 0.000798 0.000750 0.000688 0.000609 0.000514 0.000402 0.000277 0.000141 0.000000 
50.000000 42.605829 35.465522 28.806818 22.809681 17.592534 13.207961 9.647442 6.853016 4.732796 3.177161 2.073048 1.314732 0.810561 0.485947 0.283462 0.161045 0.089284 0.048476 0.025955 0.013888 0.007607 0.004430 0.002867 0.002120 0.001772 0.001615 0.001545 0.001515 0.001502 0.001497 0.001494 0.001493 0.001491 0.001488 0.001484 0.001477 0.001465 0.001446 0.001418 0.001378 0.001320 0.001242 0.001139 0.001009 0.000851 0.000667 0.000459 0.000234 0.000000 
50.000000 42.606050 35.465957 28.807452 22.810495 17.593504 13.209061 9.648648 6.854306 4.734148 3.178560 2.074479 1.316187 0.812030 0.487426 0.284946 0.162534 0.090774 0.049967 0.027447 0.015380 0.009099 0.005923 0.004360 0.003613 0.003265 0.003107 0.003038 0.003008 0.002995 0.002989 0.002987 0.002984 0.002981 0.002976 0.002967 0.002953 0.002930 0.002893 0.002838 0.002757 0.002643 0.002487 0.002282 0.002023 0.001708 0.001338 0.000921 0.000470 0.000000 
50.000000 42.606517 35.466874 28.808789 22.812210 17.595547 13.211380 9.651192 6.857025 4.737000 3.181509 2.077498 1.319252 0.815127 0.490543 0.288076 0.165671 0.093916 0.053112 0.030593 0.018527 0.012246 0.009070 0.007507 0.006760 0.006412 0.006254 0.006185 0.006155 0.006142 0.006136 0.006132 0.006128 0.006122 0.006112 0.006095 0.006066 0.006019 0.005946 0.005834 0.005669 0.005436 0.005118 0.004699 0.004168 0.003520 0.002759 0.001900 0.000969 0.000000 
50.000000 42.607446 35.468700 28.811451 22.815625 17.599617 13.216000 9.656257 6.862439 4.742680 3.187383 2.083509 1.325358 0.821296 0.496752 0.294310 0.171920 0.100174 0.059375 0.036859 0.024794 0.018514 0.015338 0.013776 0.013028 0.012681 0.012523 0.012453 0.012423 0.012410 0.012403 0.012398 0.012391 0.012380 0.012360 0.012326 0.012269 0.012176 0.012029 0.011806 0.011478 0.011011 0.010372 0.009529 0.008456 0.007145 0.005603 0.003860 0.001970 0.000000 
50.000000 42.609233 35.472213 28.816573 22.822195 17.607446 13.224887 9.666002 6.872858 4.753608 3.198685 2.095077 1.337107 0.833166 0.508699 0.306306 0.183945 0.112215 0.071426 0.048915 0.036853 0.030575 0.027400 0.025838 0.025091 0.024743 0.024585 0.024515 0.024485 0.024471 0.024463 0.024455 0.024443 0.024421 0.024384 0.024319 0.024209 0.024029 0.023746 0.023313 0.022673 0.021763 0.020511 0.018855 0.016744 0.014156 0.011107 0.007656 0.003907 0.000000 
50.000000 42.612569 35.478770 28.826134 22.834459 17.622062 13.241477 9.684194 6.892307 4.774010 3.219784 2.116671 1.359041 0.855325 0.531003 0.328700 0.206393 0.134696 0.093925 0.071424 0.059367 0.053092 0.049918 0.048357 0.047610 0.047262 0.047105 0.047034 0.047003 0.046988 0.046977 0.046964 0.046943 0.046904 0.046834 0.046713 0.046508 0.046172 0.045639 0.044822 0.043613 0.041884 0.039502 0.036338 0.032293 0.027322 0.021451 0.014794 0.007553 0.000000 
50.000000 42.618613 35.490651 28.843455 22.856680 17.648543 13.271536 9.717158 6.927547 4.810977 3.258017 2.155801 1.398786 0.895479 0.571420 0.369281 0.247073 0.175434 0.134695 0.112213 0.100166 0.093895 0.090724 0.089164 0.088418 0.088070 0.087912 0.087842 0.087809 0.087792 0.087777 0.087756 0.087718 0.087648 0.087523 0.087304 0.086933 0.086322 0.085351 0.083858 0.081637 0.078452 0.074045 0.068171 0.060636 0.051344 0.040341 0.027839 0.014218 0.000000 
50.000000 42.629241 35.511539 28.873912 22.895751 17.695105 13.324391 9.775120 6.989515 4.875981 3.325248 2.224611 1.468679 0.966091 0.642495 0.440644 0.318610 0.247073 0.206392 0.183942 0.171912 0.165650 0.162483 0.160925 0.160180 0.159833 0.159675 0.159604 0.159570 0.159549 0.159527 0.159491 0.159426 0.159306 0.159088 0.158706 0.158055 0.156981 0.155266 0.152618 0.148665 0.142969 0.135054 0.124460 0.110816 0.093929 0.073866 0.051010 0.026065 0.000000 
50.000000 42.647367 35.547168 28.925859 22.962392 17.774524 13.414545 9.873987 7.095216 4.986865 3.439931 2.341988 1.587905 1.086546 0.763740 0.562380 0.440644 0.369280 0.328699 0.306302 0.294302 0.288055 0.284896 0.283342 0.282598 0.282252 0.282094 0.282021 0.281985 0.281959 0.281925 0.281867 0.281759 0.281557 0.281190 0.280545 0.279441 0.277614 0.274682 0.270134 0.263314 0.253438 0.239647 0.221098 0.197096 0.167259 0.131675 0.091009 0.046529 0.000000 
50.000000 42.677343 35.606090 29.011770 23.072606 17.905874 13.563651 10.037505 7.270041 5.170263 3.629615 2.536131 1.785109 1.285782 0.964284 0.763739 0.642495 0.571420 0.531002 0.508696 0.496743 0.490522 0.487375 0.485828 0.485087 0.484741 0.484583 0.484509 0.484469 0.484434 0.484384 0.484292 0.484117 0.483790 0.483195 0.482142 0.480334 0.477327 0.472482 0.464925 0.453532 0.436945 0.413651 0.382141 0.341142 0.289911 0.228529 0.158118 0.080895 0.000000 
50.000000 42.725393 35.700537 29.149480 23.249273 18.116423 13.802666 10.299628 7.550292 5.464261 3.933695 2.847362 2.101248 1.605182 1.285782 1.086545 0.966091 0.895479 0.855323 0.833162 0.821287 0.815107 0.811980 0.810442 0.809706 0.809362 0.809204 0.809128 0.809082 0.809035 0.808960 0.808818 0.808547 0.808037 0.807104 0.805447 0.802591 0.797815 0.790079 0.777947 0.759546 0.732585 0.694476 0.642581 0.574618 0.489166 0.386210 0.267563 0.137004 0.000000 
50.000000 42.800011 35.847207 29.363335 23.523629 18.443399 14.173855 10.706709 7.985532 5.920858 4.405955 3.330733 2.592246 2.101248 1.785109 1.587905 1.468679 1.398786 1.359040 1.337104 1.325350 1.319232 1.316137 1.314614 1.313885 1.313544 1.313386 1.313307 1.313253 1.313190 1.313081 1.312871 1.312465 1.311699 1.310292 1.307782 1.303433 1.296123 1.284213 1.265418 1.236717 1.194364 1.134043 1.051265 0.942011 0.803614 0.635726 0.441142 0.226128 0.000000 
50.000000 42.912227 36.067782 29.684952 23.936236 18.935150 14.732106 11.318947 8.640130 6.607585 5.116246 4.057742 3.330733 2.847362 2.536131 2.341988 2.224610 2.155800 2.116670 2.095073 2.083501 2.077477 2.074430 2.072931 2.072213 2.071876 2.071718 2.071635 2.071572 2.071488 2.071334 2.071033 2.070450 2.069345 2.067305 2.063650 2.057283 2.046520 2.028871 2.000825 1.957672 1.893467 1.801225 1.673486 1.503323 1.285804 1.019702 0.709056 0.363964 0.000000 
50.000000 43.075594 36.388902 30.153175 24.536934 19.651077 15.544857 12.210310 9.593175 7.607418 6.150399 5.116246 4.405955 3.933695 3.629615 3.439931 3.325248 3.258017 3.219783 3.198682 3.187375 3.181489 3.178511 3.177046 3.176344 3.176014 3.175856 3.175770 3.175695 3.175584 3.175376 3.174964 3.174160 3.172631 3.169797 3.164690 3.155748 3.140537 3.115422 3.075200 3.012785 2.919054 2.783030 2.592631 2.336167 2.004666 1.594826 1.111963 0.571825 0.000000 
50.000000 43.305744 36.841293 30.812807 25.383203 20.659693 16.689894 13.466112 10.935894 9.016072 7.607418 6.607585 5.920858 5.464261 5.170263 4.986865 4.875981 4.810976 4.774008 4.753605 4.742672 4.736981 4.734102 4.732685 4.732005 4.731684 4.731529 4.731438 4.731350 4.731210 4.730938 4.730398 4.729340 4.727317 4.723551 4.716731 4.704715 4.684141 4.649913 4.594633 4.508036 4.376608 4.183648 3.910126 3.536737 3.047438 2.434385 1.703414 0.878153 0.000000 
50.000000 43.619388 37.457808 31.711755 26.536508 22.034258 18.250393 15.177583 12.765839 10.935894 9.593175 8.640130 7.985532 7.550292 7.270041 7.095216 6.989515 6.927547 6.892306 6.872855 6.862432 6.857006 6.854261 6.852910 6.852261 6.851954 6.851802 6.851708 6.851607 6.851435 6.851098 6.850423 6.849096 6.846546 6.841778 6.833096 6.817706 6.791168 6.746663 6.674121 6.559286 6.382920 6.120498 5.742951 5.219167 4.521001 3.631175 2.553279 1.320869 0.000000 
50.000000 44.032730 38.270295 32.896457 28.056433 23.845792 20.306986 17.433165 15.177583 13.466112 12.210310 11.318947 10.706709 10.299628 10.037505 9.873987 9.775120 9.717157 9.684193 9.666000 9.656250 9.651174 9.648606 9.647342 9.646735 9.646445 9.646300 9.646203 9.646091 9.645891 9.645494 9.644694 9.643113 9.640066 9.634339 9.623854 9.605152 9.572666 9.517722 9.427280 9.282464 9.057085 8.716583 8.218109 7.512949 6.552843 5.301789 3.753629 1.951743 0.000000 
50.000000 44.559345 39.305443 34.405832 29.992912 26.153818 22.927256 20.306986 18.250393 16.689894 15.544857 14.732106 14.173855 13.802666 13.563651 13.414545 13.324391 13.271536 13.241476 13.224885 13.215993 13.211365 13.209022 13.207869 13.207315 13.207050 13.206913 13.206817 13.206697 13.206477 13.206035 13.205140 13.203366 13.199931 13.193447 13.181510 13.160085 13.122590 13.058620 12.952226 12.779767 12.507441 12.088878 11.463628 10.558168 9.292187 7.594184 5.430368 2.845746 0.000000 
50.000000 45.207796 40.580081 36.264421 32.377433 28.995867 26.153818 23.845792 22.034258 20.659693 19.651077 18.935150 18.443399 18.116423 17.905874 17.774524 17.695105 17.648542 17.622061 17.607444 17.599611 17.595533 17.593470 17.592453 17.591964 17.591729 17.591606 17.591514 17.591393 17.591166 17.590705 17.589769 17.587907 17.584289 17.577428 17.564732 17.541804 17.501388 17.431827 17.314910 17.122955 16.815091 16.332843 15.595649 14.497933 12.911594 10.701604 7.767404 4.122708 0.000000 
50.000000 45.979333 42.096669 38.475812 35.214602 32.377433 29.992912 28.056433 26.536508 25.383203 24.536934 23.936236 23.523629 23.249273 23.072606 22.962392 22.895751 22.856680 22.834458 22.822193 22.815620 22.812198 22.810466 22.809613 22.809202 22.809004 22.808898 22.808816 22.808701 22.808484 22.808041 22.807138 22.805336 22.801822 22.795133 22.782695 22.760107 22.720015 22.650433 22.532268 22.335765 22.015507 21.503590 20.700725 19.465839 17.607301 14.886035 11.056886 6.000767 0.000000 
50.000000 46.866177 43.839914 41.017706 38.475812 36.264421 34.405832 32.896457 31.711755 30.812807 30.153175 29.684952 29.363335 29.149480 29.011770 28.925859 28.873912 28.843455 28.826133 28.816572 28.811447 28.808780 28.807430 28.806765 28.806444 28.806289 28.806205 28.806137 28.806039 28.805852 28.805468 28.804684 28.803114 28.800046 28.794184 28.783242 28.763271 28.727609 28.665250 28.558349 28.378423 28.080580 27.594667 26.811649 25.562817 23.589777 20.508853 15.799995 8.938780 0.000000 
50.000000 47.850816 45.775396 43.839914 42.096669 40.580081 39.305443 38.270295 37.457808 36.841293 36.388902 36.067782 35.847207 35.700537 35.606090 35.547168 35.511539 35.490650 35.478770 35.472212 35.468697 35.466867 35.465941 35.465485 35.465265 35.465158 35.465100 35.465051 35.464980 35.464842 35.464558 35.463977 35.462812 35.460530 35.456158 35.447972 35.432974 35.406065 35.358726 35.276940 35.137879 34.904529 34.516666 33.875075 32.812678 31.039783 28.039919 22.887698 14.052152 0.000000 
50.000000 48.906645 47.850816 46.866177 45.979333 45.207796 44.559345 44.032730 43.619388 43.305744 43.075594 42.912227 42.800011 42.725393 42.677343 42.647367 42.629241 42.618613 42.612569 42.609232 42.607444 42.606513 42.606042 42.605810 42.605698 42.605644 42.605613 42.605588 42.605551 42.605477 42.605326 42.605016 42.604395 42.603176 42.600837 42.596449 42.588389 42.573883 42.548263 42.503770 42.427591 42.298519 42.080987 41.713600 41.085089 39.978567 37.927397 33.798663 24.453323 0.000000 
50.000000 50.000000 50.000000 50.000000 50.000000 50.000000 50.000000 50.000000 50.000000 50.000000 50.000000 50.000000 50.000000 50.000000 50.000000 50.000000 50.000000 50.000000 50.000000 50.000000 50.000000 50.000000 50.000000 50.000000 50.000000 50.000000 50.000000 50.000000 50.000000 50.000000 50.000000 50.000000 50.000000 50.000000 50.000000 50.000000 50.000000 50.000000 50.000000 50.000000 50.000000 50.000000 50.000000 50.000000 50.000000 50.000000 50.000000 50.000000 50.000000 50.000000 
