50.000000 50.000000 50.000000 50.000000 50.000000 50.000000 50.000000 50.000000 50.000000 50.000000 50.000000 50.000000 50.000000 50.000000 50.000000 50.000000 50.000000 50.000000 50.000000 50.000000 50.000000 50.000000 50.000000 50.000000 50.000000 50.000000 50.000000 50.000000 50.000000 50.000000 50.000000 50.000000 50.000000 50.000000 50.000000 50.000000 50.000000 50.000000 50.000000 50.000000 50.000000 50.000000 50.000000 50.000000 50.000000 50.000000 50.000000 50.000000 50.000000 50.000000 
50.000000 48.573505 47.210869 45.967383 44.883121 43.979512 43.259505 42.710730 42.310442 42.030853 41.843739 41.723671 41.649747 41.606046 41.581221 41.567660 41.560530 41.556920 41.555158 41.554328 41.553951 41.553786 41.553715 41.553686 41.553675 41.553670 41.553668 41.553666 41.553661 41.553651 41.553625 41.553563 41.553418 41.553087 41.552355 41.550781 41.547492 41.540807 41.527574 41.502025 41.453793 41.364474 41.201418 40.905908 40.368658 39.373579 37.453240 33.472108 24.286753 0.000000 
50.000000 47.210869 44.546599 42.115300 39.995326 38.228575 36.820811 35.747850 34.965214 34.418570 34.052732 33.817983 33.673454 33.588013 33.539479 33.512966 33.499027 33.491969 33.488524 33.486902 33.486165 33.485841 33.485703 33.485647 33.485624 33.485615 33.485611 33.485607 33.485599 33.485580 33.485532 33.485418 33.485151 33.484542 33.483198 33.480314 33.474302 33.462121 33.438107 33.391986 33.305537 33.147013 32.861679 32.355358 31.464696 29.901502 27.147807 22.273299 13.738761 0.000000 
50.000000 45.967383 42.115300 38.600065 35.534965 32.980576 30.945231 29.393955 28.262441 27.472127 26.943220 26.603839 26.394894 26.271375 26.201211 26.162883 26.142733 26.132530 26.127550 26.125205 26.124140 26.123672 26.123473 26.123391 26.123359 26.123346 26.123340 26.123334 26.123324 26.123299 26.123236 26.123087 26.122737 26.121942 26.120192 26.116448 26.108675 26.093002 26.062291 26.003769 25.895198 25.698819 25.351913 24.752263 23.736203 22.047362 19.300032 14.967494 8.514143 0.000000 
50.000000 44.883121 39.995326 35.534965 31.645787 28.404654 25.822133 23.853840 22.418167 21.415426 20.744367 20.313779 20.048686 19.891978 19.802963 19.754339 19.728777 19.715833 19.709516 19.706542 19.705190 19.704597 19.704345 19.704241 19.704200 19.704183 19.704176 19.704170 19.704158 19.704130 19.704061 19.703896 19.703510 19.702636 19.700718 19.696632 19.688191 19.671273 19.638370 19.576260 19.462409 19.259650 18.908670 18.318061 17.352567 15.822893 13.487603 10.093824 5.509542 0.000000 
50.000000 43.979512 38.228575 32.980576 28.404654 24.591242 21.552763 19.236988 17.547887 16.368160 15.578671 15.072103 14.760239 14.575888 14.471173 14.413974 14.383904 14.368680 14.361249 14.357751 14.356161 14.355463 14.355167 14.355045 14.354996 14.354977 14.354969 14.354962 14.354950 14.354922 14.354854 14.354692 14.354313 14.353459 14.351590 14.347629 14.339490 14.323289 14.292040 14.233650 14.127962 13.942694 13.628320 13.112471 12.295621 11.052087 9.244374 6.763879 3.610854 0.000000 
50.000000 43.259505 36.820811 30.945231 25.822133 21.552763 18.151023 15.558423 13.667439 12.346733 11.462918 10.895838 10.546728 10.340365 10.223150 10.159125 10.125468 10.108427 10.100111 10.096196 10.094416 10.093635 10.093303 10.093167 10.093113 10.093091 10.093082 10.093076 10.093065 10.093040 10.092978 10.092832 10.092493 10.091731 10.090071 10.086570 10.079420 10.065287 10.038261 9.988280 9.898934 9.744679 9.487732 9.075512 8.440292 7.504072 6.192968 4.465453 2.353597 0.000000 
50.000000 42.710730 35.747850 29.393955 23.853840 19.236988 15.558423 12.754883 10.710075 9.281960 8.326285 7.713111 7.335633 7.112507 6.985774 6.916551 6.880164 6.861741 6.852750 6.848518 6.846595 6.845750 6.845391 6.845244 6.845185 6.845162 6.845153 6.845147 6.845137 6.845116 6.845065 6.844943 6.844662 6.844033 6.842669 6.839807 6.833998 6.822596 6.800977 6.761394 6.691471 6.572437 6.377441 6.070691 5.608668 4.945170 4.042043 2.886171 1.509312 0.000000 
50.000000 42.310442 34.965214 28.262441 22.418167 17.547887 13.667439 10.710075 8.553105 7.046679 6.038618 5.391844 4.993691 4.758349 4.624680 4.551672 4.513295 4.493865 4.484384 4.479920 4.477892 4.477001 4.476623 4.476468 4.476406 4.476382 4.476372 4.476366 4.476359 4.476342 4.476302 4.476208 4.475991 4.475506 4.474459 4.472274 4.467866 4.459275 4.443118 4.413812 4.362610 4.276553 4.137638 3.922761 3.605193 3.158518 2.563622 1.818200 0.945968 0.000000 
50.000000 42.030853 34.418570 27.472127 21.415426 16.368160 12.346733 9.281960 7.046679 5.485583 4.440954 3.770730 3.358149 3.114283 2.975777 2.900127 2.860363 2.840232 2.830408 2.825784 2.823682 2.822760 2.822368 2.822207 2.822143 2.822118 2.822108 2.822103 2.822097 2.822085 2.822056 2.821987 2.821829 2.821477 2.820723 2.819155 2.816010 2.809922 2.798559 2.778130 2.742791 2.684069 2.590489 2.447799 2.240198 1.953018 1.576929 1.113032 0.577060 0.000000 
50.000000 41.843739 34.052732 26.943220 20.744367 15.578671 11.462918 8.326285 6.038618 4.440954 3.371870 2.685965 2.263738 2.014175 1.872434 1.795020 1.754329 1.733730 1.723677 1.718945 1.716795 1.715851 1.715450 1.715285 1.715220 1.715195 1.715185 1.715180 1.715176 1.715167 1.715147 1.715099 1.714991 1.714750 1.714236 1.713173 1.711053 1.706975 1.699416 1.685935 1.662825 1.624806 1.564892 1.474638 1.345022 1.168107 0.939451 0.660746 0.341714 0.000000 
50.000000 41.723671 33.817983 26.603839 20.313779 15.072103 10.895838 7.713111 5.391844 3.770730 2.685965 1.990008 1.561598 1.308383 1.164571 1.086027 1.044742 1.023842 1.013643 1.008843 1.006661 1.005703 1.005297 1.005130 1.005063 1.005038 1.005028 1.005024 1.005020 1.005014 1.005001 1.004970 1.004899 1.004743 1.004411 1.003728 1.002372 0.999779 0.995004 0.986549 0.972171 0.948726 0.912134 0.857576 0.780063 0.675409 0.541548 0.379876 0.196096 0.000000 
50.000000 41.649747 33.673454 26.394894 20.048686 14.760239 10.546728 7.335633 4.993691 3.358149 2.263738 1.561598 1.129384 0.873925 0.728839 0.649600 0.607951 0.586867 0.576578 0.571735 0.569535 0.568568 0.568158 0.567990 0.567923 0.567897 0.567887 0.567883 0.567880 0.567877 0.567868 0.567849 0.567805 0.567709 0.567505 0.567087 0.566262 0.564692 0.561818 0.556763 0.548227 0.534415 0.513037 0.481440 0.436950 0.377413 0.301892 0.211333 0.108940 0.000000 
50.000000 41.606046 33.588013 26.271375 19.891978 14.575888 10.340365 7.112507 4.758349 3.114283 2.014175 1.308383 0.873925 0.617140 0.471303 0.391654 0.349790 0.328597 0.318255 0.313387 0.311175 0.310204 0.309792 0.309623 0.309555 0.309529 0.309520 0.309516 0.309514 0.309511 0.309506 0.309495 0.309469 0.309413 0.309293 0.309049 0.308570 0.307663 0.306011 0.303121 0.298273 0.290483 0.278509 0.260945 0.236398 0.203787 0.162700 0.113711 0.058554 0.000000 
50.000000 41.581221 33.539479 26.201211 19.802963 14.471173 10.223150 6.985774 4.624680 2.975777 1.872434 1.164571 0.728839 0.471303 0.325040 0.245159 0.203172 0.181918 0.171546 0.166664 0.164446 0.163472 0.163058 0.162889 0.162821 0.162795 0.162785 0.162782 0.162780 0.162778 0.162775 0.162769 0.162754 0.162723 0.162656 0.162520 0.162254 0.161752 0.160843 0.159261 0.156622 0.152406 0.145967 0.136580 0.123544 0.106331 0.084763 0.059165 0.030440 0.000000 
50.000000 41.567660 33.512966 26.162883 19.754339 14.413974 10.159125 6.916551 4.551672 2.900127 1.795020 1.086027 0.649600 0.391654 0.245159 0.165151 0.123098 0.101810 0.091422 0.086532 0.084310 0.083335 0.082921 0.082751 0.082683 0.082657 0.082647 0.082644 0.082642 0.082641 0.082640 0.082636 0.082628 0.082611 0.082575 0.082503 0.082361 0.082095 0.081615 0.080784 0.079405 0.077213 0.073882 0.069054 0.062384 0.053621 0.042691 0.029768 0.015305 0.000000 
50.000000 41.560530 33.499027 26.142733 19.728777 14.383904 10.125468 6.880164 4.513295 2.860363 1.754329 1.044742 0.607951 0.349790 0.203172 0.123098 0.081011 0.059705 0.049308 0.044415 0.042191 0.041215 0.040800 0.040630 0.040562 0.040536 0.040527 0.040523 0.040522 0.040521 0.040520 0.040518 0.040514 0.040505 0.040487 0.040450 0.040377 0.040242 0.039999 0.039579 0.038886 0.037789 0.036131 0.033737 0.030446 0.026141 0.020791 0.014485 0.007443 0.000000 
50.000000 41.556920 33.491969 26.132530 19.715833 14.368680 10.108427 6.861741 4.493865 2.840232 1.733730 1.023842 0.586867 0.328597 0.181918 0.101810 0.059705 0.038390 0.027989 0.023093 0.020869 0.019892 0.019478 0.019307 0.019240 0.019214 0.019204 0.019200 0.019199 0.019198 0.019198 0.019197 0.019195 0.019191 0.019181 0.019163 0.019128 0.019061 0.018943 0.018739 0.018403 0.017875 0.017079 0.015934 0.014367 0.012324 0.009793 0.006818 0.003502 0.000000 
50.000000 41.555158 33.488524 26.127550 19.709516 14.361249 10.100111 6.852751 4.484384 2.830408 1.723677 1.013643 0.576578 0.318255 0.171546 0.091422 0.049308 0.027989 0.017586 0.012690 0.010465 0.009488 0.009073 0.008903 0.008835 0.008809 0.008799 0.008796 0.008794 0.008794 0.008794 0.008793 0.008792 0.008790 0.008786 0.008777 0.008760 0.008729 0.008673 0.008578 0.008422 0.008176 0.007807 0.007279 0.006558 0.005621 0.004463 0.003106 0.001594 0.000000 
50.000000 41.554328 33.486902 26.125205 19.706542 14.357751 10.096196 6.848518 4.479920 2.825784 1.718945 1.008843 0.571735 0.313388 0.166664 0.086532 0.044415 0.023093 0.012690 0.007793 0.005567 0.004590 0.004176 0.004005 0.003938 0.003912 0.003902 0.003898 0.003897 0.003897 0.003896 0.003896 0.003896 0.003895 0.003893 0.003889 0.003881 0.003867 0.003842 0.003799 0.003728 0.003618 0.003453 0.003217 0.002897 0.002481 0.001969 0.001369 0.000703 0.000000 
50.000000 41.553951 33.486165 26.124140 19.705191 14.356161 10.094417 6.846595 4.477892 2.823683 1.716795 1.006661 0.569535 0.311176 0.164446 0.084311 0.042191 0.020869 0.010465 0.005567 0.003342 0.002365 0.001950 0.001780 0.001712 0.001686 0.001677 0.001673 0.001672 0.001671 0.001671 0.001671 0.001671 0.001670 0.001670 0.001668 0.001664 0.001658 0.001647 0.001628 0.001598 0.001550 0.001479 0.001377 0.001239 0.001061 0.000841 0.000585 0.000300 0.000000 
50.000000 41.553786 33.485841 26.123672 19.704597 14.355464 10.093636 6.845750 4.477002 2.822760 1.715851 1.005704 0.568569 0.310205 0.163472 0.083335 0.041215 0.019893 0.009488 0.004591 0.002366 0.001389 0.000974 0.000804 0.000736 0.000710 0.000700 0.000696 0.000695 0.000695 0.000695 0.000695 0.000694 0.000694 0.000694 0.000693 0.000692 0.000689 0.000684 0.000677 0.000664 0.000644 0.000614 0.000571 0.000514 0.000440 0.000349 0.000242 0.000124 0.000000 
50.000000 41.553716 33.485704 26.123474 19.704346 14.355168 10.093305 6.845393 4.476625 2.822370 1.715452 1.005299 0.568160 0.309794 0.163060 0.082923 0.040802 0.019479 0.009075 0.004178 0.001952 0.000975 0.000560 0.000390 0.000322 0.000296 0.000287 0.000283 0.000282 0.000281 0.000281 0.000281 0.000281 0.000281 0.000281 0.000281 0.000280 0.000279 0.000277 0.000274 0.000268 0.000260 0.000248 0.000231 0.000208 0.000178 0.000141 0.000098 0.000050 0.000000 
50.000000 41.553687 33.485649 26.123394 19.704245 14.355049 10.093172 6.845249 4.476473 2.822212 1.715291 1.005135 0.567995 0.309628 0.162894 0.082756 0.040636 0.019313 0.008908 0.004011 0.001785 0.000808 0.000394 0.000223 0.000156 0.000130 0.000120 0.000116 0.000115 0.000115 0.000114 0.000114 0.000114 0.000114 0.000114 0.000114 0.000114 0.000113 0.000113 0.000111 0.000109 0.000106 0.000101 0.000094 0.000084 0.000072 0.000057 0.000040 0.000020 0.000000 
50.000000 41.553677 33.485629 26.123366 19.704209 14.355007 10.093125 6.845199 4.476420 2.822158 1.715235 1.005078 0.567938 0.309571 0.162836 0.082698 0.040578 0.019255 0.008850 0.003953 0.001727 0.000750 0.000336 0.000165 0.000098 0.000072 0.000062 0.000058 0.000057 0.000057 0.000056 0.000056 0.000056 0.000056 0.000056 0.000056 0.000056 0.000056 0.000056 0.000055 0.000054 0.000052 0.000050 0.000046 0.000041 0.000035 0.000028 0.000019 0.000010 0.000000 
50.000000 41.553677 33.485629 26.123366 19.704209 14.355007 10.093125 6.845199 4.476420 2.822158 1.715235 1.005078 0.567938 0.309571 0.162836 0.082698 0.040578 0.019255 0.008850 0.003953 0.001727 0.000750 0.000336 0.000165 0.000098 0.000072 0.000062 0.000058 0.000057 0.000057 0.000056 0.000056 0.000056 0.000056 0.000056 0.000056 0.000056 0.000056 0.000056 0.000055 0.000054 0.000052 0.000050 0.000046 0.000041 0.000035 0.000028 0.000019 0.000010 0.000000 
50.000000 41.553687 33.485649 26.123394 19.704245 14.355049 10.093172 6.845249 4.476473 2.822212 1.715291 1.005135 0.567995 0.309628 0.162894 0.082756 0.040636 0.019313 0.008908 0.004011 0.001785 0.000808 0.000394 0.000223 0.000156 0.000130 0.000120 0.000116 0.000115 0.000115 0.000114 0.000114 0.000114 0.000114 0.000114 0.000114 0.000114 0.000113 0.000113 0.000111 0.000109 0.000106 0.000101 0.000094 0.000084 0.000072 0.000057 0.000040 0.000020 0.000000 
50.000000 41.553716 33.485704 26.123474 19.704346 14.355168 10.093305 6.845393 4.476625 2.822370 1.715452 1.005299 0.568160 0.309794 0.163060 0.082923 0.040802 0.019479 0.009075 0.004178 0.001952 0.000975 0.000560 0.000390 0.000322 0.000296 0.000287 0.000283 0.000282 0.000281 0.000281 0.000281 0.000281 0.000281 0.000281 0.000281 0.000280 0.000279 0.000277 0.000274 0.000268 0.000260 0.000248 0.000231 0.000208 0.000178 0.000141 0.000098 0.000050 0.000000 
50.000000 41.553786 33.485841 26.123672 19.704597 14.355464 10.093636 6.845750 4.477002 2.822760 1.715851 1.005704 0.568569 0.310205 0.163472 0.083335 0.041215 0.019893 0.009488 0.004591 0.002366 0.001389 0.000974 0.000804 0.000736 0.000710 0.000700 0.000696 0.000695 0.000695 0.000695 0.000695 0.000694 0.000694 0.000694 0.000693 0.000692 0.000689 0.000684 0.000677 0.000664 0.000644 0.000614 0.000571 0.000514 0.000440 0.000349 0.000242 0.000124 0.000000 
50.000000 41.553951 33.486165 26.124140 19.705191 14.356161 10.094417 6.846595 4.477892 2.823683 1.716795 1.006661 0.569535 0.311176 0.164446 0.084311 0.042191 0.020869 0.010465 0.005567 0.003342 0.002365 0.001950 0.001780 0.001712 0.001686 0.001677 0.001673 0.001672 0.001671 0.001671 0.001671 0.001671 0.001670 0.001670 0.001668 0.001664 0.001658 0.001647 0.001628 0.001598 0.001550 0.001479 0.001377 0.001239 0.001061 0.000841 0.000585 0.000300 0.000000 
50.000000 41.554328 33.486902 26.125205 19.706542 14.357751 10.096196 6.848518 4.479920 2.825784 1.718945 1.008843 0.571735 0.313388 0.166664 0.086532 0.044415 0.023093 0.012690 0.007793 0.005567 0.004590 0.004176 0.004005 0.003938 0.003912 0.003902 0.003898 0.003897 0.003897 0.003896 0.003896 0.003896 0.003895 0.003893 0.003889 0.003881 0.003867 0.003842 0.003799 0.003728 0.003618 0.003453 0.003217 0.002897 0.002481 0.001969 0.001369 0.000703 0.000000 
50.000000 41.555158 33.488524 26.127550 19.709516 14.361249 10.100111 6.852751 4.484384 2.830408 1.723677 1.013643 0.576578 0.318255 0.171546 0.091422 0.049308 0.027989 0.017586 0.012690 0.010465 0.009488 0.009073 0.008903 0.008835 0.008809 0.008799 0.008796 0.008794 0.008794 0.008794 0.008793 0.008792 0.008790 0.008786 0.008777 0.008760 0.008729 0.008673 0.008578 0.008422 0.008176 0.007807 0.007279 0.006558 0.005621 0.004463 0.003106 0.001594 0.000000 
50.000000 41.556920 33.491969 26.132530 19.715833 14.368680 10.108427 6.861741 4.493865 2.840232 1.733730 1.023842 0.586867 0.328597 0.181918 0.101810 0.059705 0.038390 0.027989 0.023093 0.020869 0.019892 0.019478 0.019307 0.019240 0.019214 0.019204 0.019200 0.019199 0.019198 0.019198 0.019197 0.019195 0.019191 0.019181 0.019163 0.019128 0.019061 0.018943 0.018739 0.018403 0.017875 0.017079 0.015934 0.014367 0.012324 0.009793 0.006818 0.003502 0.000000 
50.000000 41.560530 33.499027 26.142733 19.728777 14.383904 10.125468 6.880164 4.513295 2.860363 1.754329 1.044742 0.607951 0.349790 0.203172 0.123098 0.081011 0.059705 0.049308 0.044415 0.042191 0.041215 0.040800 0.040630 0.040562 0.040536 0.040527 0.040523 0.040522 0.040521 0.040520 0.040518 0.040514 0.040505 0.040487 0.040450 0.040377 0.040242 0.039999 0.039579 0.038886 0.037789 0.036131 0.033737 0.030446 0.026141 0.020791 0.014485 0.007443 0.000000 
50.000000 41.567660 33.512966 26.162883 19.754339 14.413974 10.159125 6.916551 4.551672 2.900127 1.795020 1.086027 0.649600 0.391654 0.245159 0.165151 0.123098 0.101810 0.091422 0.086532 0.084310 0.083335 0.082921 0.082751 0.082683 0.082657 0.082647 0.082644 0.082642 0.082641 0.082640 0.082636 0.082628 0.082611 0.082575 0.082503 0.082361 0.082095 0.081615 0.080784 0.079405 0.077213 0.073882 0.069054 0.062384 0.053621 0.042691 0.029768 0.015305 0.000000 
50.000000 41.581221 33.539479 26.201211 19.802963 14.471173 10.223150 6.985774 4.624680 2.975777 1.872434 1.164571 0.728839 0.471303 0.325040 0.245159 0.203172 0.181918 0.171546 0.166664 0.164446 0.163472 0.163058 0.162889 0.162821 0.162795 0.162785 0.162782 0.162780 0.162778 0.162775 0.162769 0.162754 0.162723 0.162656 0.162520 0.162254 0.161752 0.160843 0.159261 0.156622 0.152406 0.145967 0.136580 0.123544 0.106331 0.084763 0.059165 0.030440 0.000000 
50.000000 41.606046 33.588013 26.271375 19.891978 14.575888 10.340365 7.112507 4.758349 3.114283 2.014175 1.308383 0.873925 0.617140 0.471303 0.391654 0.349790 0.328597 0.318255 0.313387 0.311175 0.310204 0.309792 0.309623 0.309555 0.309529 0.309520 0.309516 0.309514 0.309511 0.309506 0.309495 0.309469 0.309413 0.309293 0.309049 0.308570 0.307663 0.306011 0.303121 0.298273 0.290483 0.278509 0.260945 0.236398 0.203787 0.162700 0.113711 0.058554 0.000000 
50.000000 41.649747 33.673454 26.394894 20.048686 14.760239 10.546728 7.335633 4.993691 3.358149 2.263738 1.561598 1.129384 0.873925 0.728839 0.649600 0.607951 0.586867 0.576578 0.571735 0.569535 0.568568 0.568158 0.567990 0.567923 0.567897 0.567887 0.567883 0.567880 0.567877 0.567868 0.567849 0.567805 0.567709 0.567505 0.567087 0.566262 0.564692 0.561818 0.556763 0.548227 0.534415 0.513037 0.481440 0.436950 0.377413 0.301892 0.211333 0.108940 0.000000 
50.000000 41.723671 33.817983 26.603839 20.313779 15.072103 10.895838 7.713111 5.391844 3.770730 2.685965 1.990008 1.561598 1.308383 1.164571 1.086027 1.044742 1.023842 1.013643 1.008843 1.006661 1.005703 1.005297 1.005130 1.005063 1.005038 1.005028 1.005024 1.005020 1.005014 1.005001 1.004970 1.004899 1.004743 1.004411 1.003728 1.002372 0.999779 0.995004 0.986549 0.972171 0.948726 0.912134 0.857576 0.780063 0.675409 0.541548 0.379876 0.196096 0.000000 
50.000000 41.843739 34.052732 26.943220 20.744367 15.578671 11.462918 8.326285 6.038618 4.440954 3.371870 2.685965 2.263738 2.014175 1.872434 1.795020 1.754329 1.733730 1.723677 1.718945 1.716795 1.715851 1.715450 1.715285 1.715220 1.715195 1.715185 1.715180 1.715176 1.715167 1.715147 1.715099 1.714991 1.714750 1.714236 1.713173 1.711053 1.706975 1.699416 1.685935 1.662825 1.624806 1.564892 1.474638 1.345022 1.168107 0.939451 0.660746 0.341714 0.000000 
50.000000 42.030853 34.418570 27.472127 21.415426 16.368160 12.346733 9.281960 7.046679 5.485583 4.440954 3.770730 3.358149 3.114283 2.975777 2.900127 2.860363 2.840232 2.830408 2.825784 2.823682 2.822760 2.822368 2.822207 2.822143 2.822118 2.822108 2.822103 2.822097 2.822085 2.822056 2.821987 2.821829 2.821477 2.820723 2.819155 2.816010 2.809922 2.798559 2.778130 2.742791 2.684069 2.590489 2.447799 2.240198 1.953018 1.576929 1.113032 0.577060 0.000000 
50.000000 42.310442 34.965214 28.262441 22.418167 17.547887 13.667439 10.710075 8.553105 7.046679 6.038618 5.391844 4.993691 4.758349 4.624680 4.551672 4.513295 4.493865 4.484384 4.479920 4.477892 4.477001 4.476623 4.476468 4.476406 4.476382 4.476372 4.476366 4.476359 4.476342 4.476302 4.476208 4.475991 4.475506 4.474459 4.472274 4.467866 4.459275 4.443118 4.413812 4.362610 4.276553 4.137638 3.922761 3.605193 3.158518 2.563622 1.818200 0.945968 0.000000 
50.000000 42.710730 35.747850 29.393955 23.853840 19.236988 15.558423 12.754883 10.710075 9.281960 8.326285 7.713111 7.335633 7.112507 6.985774 6.916551 6.880164 6.861741 6.852750 6.848518 6.846595 6.845750 6.845391 6.845244 6.845185 6.845162 6.845153 6.845147 6.845137 6.845116 6.845065 6.844943 6.844662 6.844033 6.842669 6.839807 6.833998 6.822596 6.800977 6.761394 6.691471 6.572437 6.377441 6.070691 5.608668 4.945170 4.042043 2.886171 1.509312 0.000000 
50.000000 43.259505 36.820811 30.945231 25.822133 21.552763 18.151023 15.558423 13.667439 12.346733 11.462918 10.895838 10.546728 10.340365 10.223150 10.159125 10.125468 10.108427 10.100111 10.096196 10.094416 10.093635 10.093303 10.093167 10.093113 10.093091 10.093082 10.093076 10.093065 10.093040 10.092978 10.092832 10.092493 10.091731 10.090071 10.086570 10.079420 10.065287 10.038261 9.988280 9.898934 9.744679 9.487732 9.075512 8.440292 7.504072 6.192968 4.465453 2.353597 0.000000 
50.000000 43.979512 38.228575 32.980576 28.404654 24.591242 21.552763 19.236988 17.547887 16.368160 15.578671 15.072103 14.760239 14.575888 14.471173 14.413974 14.383904 14.368680 14.361249 14.357751 14.356161 14.355463 14.355167 14.355045 14.354996 14.354977 14.354969 14.354962 14.354950 14.354922 14.354854 14.354692 14.354313 14.353459 14.351590 14.347629 14.339490 14.323289 14.292040 14.233650 14.127962 13.942694 13.628320 13.112471 12.295621 11.052087 9.244374 6.763879 3.610854 0.000000 
50.000000 44.883121 39.995326 35.534965 31.645787 28.404654 25.822133 23.853840 22.418167 21.415426 20.744367 20.313779 20.048686 19.891978 19.802963 19.754339 19.728777 19.715833 19.709516 19.706542 19.705190 19.704597 19.704345 19.704241 19.704200 19.704183 19.704176 19.704170 19.704158 19.704130 19.704061 19.703896 19.703510 19.702636 19.700718 19.696632 19.688191 19.671273 19.638370 19.576260 19.462409 19.259650 18.908670 18.318061 17.352567 15.822893 13.487603 10.093824 5.509542 0.000000 
50.000000 45.967383 42.115300 38.600065 35.534965 32.980576 30.945231 29.393955 28.262441 27.472127 26.943220 26.603839 26.394894 26.271375 26.201211 26.162883 26.142733 26.132530 26.127550 26.125205 26.124140 26.123672 26.123473 26.123391 26.123359 26.123346 26.123340 26.123334 26.123324 26.123299 26.123236 26.123087 26.122737 26.121942 26.120192 26.116448 26.108675 26.093002 26.062291 26.003769 25.895198 25.698819 25.351913 24.752263 23.736203 22.047362 19.300032 14.967494 8.514143 0.000000 
50.000000 47.210869 44.546599 42.115300 39.995326 38.228575 36.820811 35.747850 34.965214 34.418570 34.052732 33.817983 33.673454 33.588013 33.539479 33.512966 33.499027 33.491969 33.488524 33.486902 33.486165 33.485841 33.485703 33.485647 33.485624 33.485615 33.485611 33.485607 33.485599 33.485580 33.485532 33.485418 33.485151 33.484542 33.483198 33.480314 33.474302 33.462121 33.438107 33.391986 33.305537 33.147013 32.861679 32.355358 31.464696 29.901502 27.147807 22.273299 13.738761 0.000000 
50.000000 48.573505 47.210869 45.967383 44.883121 43.979512 43.259505 42.710730 42.310442 42.030853 41.843739 41.723671 41.649747 41.606046 41.581221 41.567660 41.560530 41.556920 41.555158 41.554328 41.553951 41.553786 41.553715 41.553686 41.553675 41.553670 41.553668 41.553666 41.553661 41.553651 41.553625 41.553563 41.553418 41.553087 41.552355 41.550781 41.547492 41.540807 41.527574 41.502025 41.453793 41.364474 41.201418 40.905908 40.368658 39.373579 37.453240 33.472108 24.286753 0.000000 
50.000000 50.000000 50.000000 50.000000 50.000000 50.000000 50.000000 50.000000 50.000000 50.000000 50.000000 50.000000 50.000000 50.000000 50.000000 50.000000 50.000000 50.000000 50.000000 50.000000 50.000000 50.000000 50.000000 50.000000 50.000000 50.000000 50.000000 50.000000 50.000000 50.000000 50.000000 50.000000 50.000000 50.000000 50.000000 50.000000 50.000000 50.000000 50.000000 50.000000 50.000000 50.000000 50.000000 50.000000 50.000000 50.000000 50.000000 50.000000 50.000000 50.000000 
