50.000000 50.000000 50.000000 50.000000 50.000000 50.000000 50.000000 50.000000 50.000000 50.000000 50.000000 50.000000 50.000000 50.000000 50.000000 50.000000 50.000000 50.000000 50.000000 50.000000 50.000000 50.000000 50.000000 50.000000 50.000000 50.000000 50.000000 50.000000 50.000000 50.000000 50.000000 50.000000 50.000000 50.000000 50.000000 50.000000 50.000000 50.000000 50.000000 50.000000 50.000000 50.000000 50.000000 50.000000 50.000000 50.000000 50.000000 50.000000 50.000000 50.000000 
50.000000 48.024859 46.172080 44.541321 43.193849 42.147832 41.384239 40.859458 40.519490 40.311596 40.191420 40.125651 40.091524 40.074707 40.066825 40.063307 40.061809 40.061200 40.060963 40.060874 40.060843 40.060832 40.060828 40.060827 40.060827 40.060827 40.060827 40.060827 40.060826 40.060826 40.060824 40.060819 40.060804 40.060760 40.060641 40.060326 40.059527 40.057570 40.052952 40.042440 40.019319 39.970048 39.867909 39.660649 39.244998 38.409082 36.686435 32.938092 24.012430 0.000000 
50.000000 46.172080 42.581310 39.420843 36.809416 34.782233 33.302408 32.285410 31.626578 31.223705 30.990822 30.863376 30.797245 30.764659 30.749387 30.742571 30.739668 30.738487 30.738028 30.737857 30.737796 30.737775 30.737768 30.737766 30.737765 30.737765 30.737765 30.737765 30.737764 30.737763 30.737760 30.737751 30.737724 30.737646 30.737433 30.736874 30.735456 30.731998 30.723871 30.705473 30.665302 30.580563 30.407432 30.063620 29.396829 28.126614 25.736765 21.290655 13.233987 0.000000 
50.000000 44.541321 39.420843 34.914017 31.190166 28.299482 26.189349 24.739208 23.799802 23.225374 22.893335 22.711630 22.617349 22.570893 22.549122 22.539405 22.535267 22.533585 22.532930 22.532686 22.532599 22.532569 22.532559 22.532556 22.532555 22.532554 22.532554 22.532554 22.532554 22.532553 22.532549 22.532537 22.532503 22.532406 22.532143 22.531453 22.529709 22.525476 22.515591 22.493390 22.445415 22.345604 22.145482 21.758342 21.034931 19.728965 17.457009 13.684078 7.854886 0.000000 
50.000000 43.193849 36.809416 31.190166 26.547219 22.943147 20.312318 18.504391 17.333248 16.617142 16.203224 15.976722 15.859201 15.801297 15.774163 15.762052 15.756896 15.754799 15.753983 15.753679 15.753570 15.753533 15.753521 15.753517 15.753516 15.753515 15.753515 15.753515 15.753515 15.753513 15.753509 15.753497 15.753462 15.753363 15.753094 15.752390 15.750622 15.746354 15.736463 15.714456 15.667462 15.571176 15.381938 15.025362 14.382004 13.273610 11.461201 8.682801 4.784767 0.000000 
50.000000 42.147832 34.782233 28.299482 22.943147 18.785396 15.750482 13.664928 12.313989 11.487978 11.010553 10.749311 10.613771 10.546993 10.515702 10.501737 10.495792 10.493374 10.492433 10.492083 10.491957 10.491915 10.491900 10.491896 10.491894 10.491894 10.491894 10.491894 10.491893 10.491892 10.491889 10.491878 10.491846 10.491757 10.491517 10.490890 10.489326 10.485575 10.476950 10.457949 10.417869 10.336997 10.181083 9.894360 9.392698 8.561143 7.264551 5.385404 2.902834 0.000000 
50.000000 41.384239 33.302408 26.189349 20.312318 15.750482 12.420695 10.132576 8.650476 7.744301 7.220566 6.933995 6.785322 6.712077 6.677758 6.662441 6.655921 6.653270 6.652239 6.651854 6.651717 6.651670 6.651654 6.651649 6.651648 6.651647 6.651647 6.651647 6.651647 6.651646 6.651643 6.651634 6.651609 6.651537 6.651344 6.650845 6.649604 6.646648 6.639909 6.625205 6.594557 6.533604 6.418149 6.210348 5.856122 5.286956 4.431007 3.238788 1.723590 0.000000 
50.000000 40.859458 32.285410 24.739208 18.504391 13.664928 10.132576 7.705328 6.133157 5.171945 4.616422 4.312470 4.154787 4.077106 4.040711 4.024469 4.017555 4.014743 4.013650 4.013242 4.013097 4.013047 4.013030 4.013025 4.013024 4.013023 4.013023 4.013023 4.013023 4.013022 4.013020 4.013013 4.012995 4.012942 4.012801 4.012438 4.011542 4.009421 4.004622 3.994250 3.972870 3.930908 3.852664 3.714427 3.483845 3.122453 2.593725 1.877978 0.991549 0.000000 
50.000000 40.519490 31.626578 23.799802 17.333248 12.313989 8.650476 6.133157 4.502688 3.505863 2.929775 2.614583 2.451074 2.370526 2.332789 2.315949 2.308781 2.305866 2.304733 2.304311 2.304160 2.304108 2.304091 2.304085 2.304084 2.304083 2.304083 2.304083 2.304083 2.304082 2.304081 2.304077 2.304064 2.304028 2.303934 2.303691 2.303095 2.301693 2.298545 2.291801 2.278038 2.251344 2.202249 2.116872 1.976992 1.762072 1.454199 1.046016 0.549442 0.000000 
50.000000 40.311596 31.223705 23.225374 16.617142 11.487978 7.744301 5.171945 3.505863 2.487288 1.898644 1.576591 1.409528 1.327232 1.288677 1.271472 1.264149 1.261172 1.260014 1.259582 1.259428 1.259375 1.259358 1.259352 1.259351 1.259350 1.259350 1.259350 1.259350 1.259350 1.259349 1.259346 1.259338 1.259316 1.259257 1.259106 1.258738 1.257879 1.255961 1.251885 1.243644 1.227825 1.199076 1.149744 1.070108 0.949680 0.779959 0.558402 0.292276 0.000000 
50.000000 40.191420 30.990822 22.893335 16.203224 11.010553 7.220566 4.616422 2.929775 1.898644 1.302755 0.976744 0.807632 0.724328 0.685301 0.667887 0.660475 0.657461 0.656289 0.655852 0.655696 0.655643 0.655625 0.655619 0.655618 0.655617 0.655617 0.655617 0.655617 0.655617 0.655616 0.655615 0.655610 0.655597 0.655563 0.655476 0.655264 0.654772 0.653680 0.651378 0.646759 0.637974 0.622171 0.595360 0.552604 0.488768 0.399945 0.285349 0.148979 0.000000 
50.000000 40.125651 30.863376 22.711630 15.976722 10.749311 6.933995 4.312470 2.614583 1.576591 0.976744 0.648573 0.478341 0.394487 0.355204 0.337675 0.330214 0.327181 0.326001 0.325561 0.325404 0.325351 0.325333 0.325327 0.325325 0.325325 0.325325 0.325325 0.325325 0.325325 0.325324 0.325323 0.325321 0.325314 0.325295 0.325248 0.325134 0.324869 0.324286 0.323064 0.320630 0.316038 0.307848 0.294086 0.272361 0.240258 0.196040 0.139505 0.072699 0.000000 
50.000000 40.091524 30.797245 22.617349 15.859201 10.613771 6.785322 4.154787 2.451074 1.409528 0.807632 0.478341 0.307530 0.223392 0.183976 0.166388 0.158902 0.155858 0.154675 0.154234 0.154076 0.154022 0.154004 0.153999 0.153997 0.153997 0.153996 0.153996 0.153996 0.153996 0.153996 0.153996 0.153994 0.153991 0.153981 0.153957 0.153899 0.153765 0.153472 0.152860 0.151649 0.149381 0.145366 0.138674 0.128197 0.112846 0.091873 0.065247 0.033954 0.000000 
50.000000 40.074707 30.764659 22.570893 15.801297 10.546993 6.712077 4.077106 2.370526 1.327232 0.724328 0.394487 0.223392 0.139114 0.099633 0.082016 0.074518 0.071469 0.070283 0.069842 0.069684 0.069630 0.069612 0.069606 0.069605 0.069604 0.069604 0.069604 0.069604 0.069604 0.069604 0.069604 0.069603 0.069601 0.069597 0.069585 0.069557 0.069493 0.069353 0.069064 0.068494 0.067432 0.065565 0.062473 0.057667 0.050675 0.041184 0.029202 0.015180 0.000000 
50.000000 40.066825 30.749387 22.549122 15.774163 10.515702 6.677758 4.040711 2.332789 1.288677 0.685301 0.355204 0.183976 0.099633 0.060121 0.042490 0.034986 0.031935 0.030749 0.030307 0.030149 0.030095 0.030077 0.030071 0.030070 0.030069 0.030069 0.030069 0.030069 0.030069 0.030069 0.030069 0.030069 0.030068 0.030066 0.030060 0.030048 0.030019 0.029956 0.029825 0.029571 0.029098 0.028272 0.026913 0.024812 0.021773 0.017670 0.012514 0.006499 0.000000 
50.000000 40.063307 30.742571 22.539405 15.762052 10.501737 6.662441 4.024469 2.315949 1.271472 0.667887 0.337675 0.166388 0.082016 0.042490 0.024854 0.017347 0.014295 0.013109 0.012666 0.012509 0.012454 0.012436 0.012431 0.012429 0.012429 0.012428 0.012428 0.012428 0.012428 0.012428 0.012428 0.012428 0.012428 0.012427 0.012425 0.012419 0.012407 0.012380 0.012324 0.012216 0.012016 0.011667 0.011097 0.010221 0.008958 0.007262 0.005137 0.002666 0.000000 
50.000000 40.061809 30.739668 22.535267 15.756896 10.495792 6.655921 4.017555 2.308781 1.264149 0.660475 0.330214 0.158902 0.074518 0.034986 0.017347 0.009840 0.006787 0.005600 0.005158 0.005000 0.004946 0.004928 0.004923 0.004921 0.004920 0.004920 0.004920 0.004920 0.004920 0.004920 0.004920 0.004920 0.004920 0.004920 0.004919 0.004916 0.004911 0.004900 0.004878 0.004834 0.004753 0.004613 0.004384 0.004034 0.003533 0.002861 0.002022 0.001049 0.000000 
50.000000 40.061200 30.738487 22.533585 15.754799 10.493374 6.653270 4.014743 2.305866 1.261172 0.657461 0.327181 0.155858 0.071469 0.031935 0.014295 0.006787 0.003735 0.002548 0.002106 0.001948 0.001894 0.001876 0.001870 0.001868 0.001868 0.001868 0.001868 0.001868 0.001868 0.001868 0.001868 0.001867 0.001867 0.001867 0.001867 0.001866 0.001864 0.001860 0.001851 0.001834 0.001803 0.001749 0.001661 0.001527 0.001336 0.001081 0.000764 0.000396 0.000000 
50.000000 40.060963 30.738028 22.532930 15.753983 10.492433 6.652239 4.013650 2.304733 1.260014 0.656289 0.326001 0.154675 0.070283 0.030749 0.013109 0.005600 0.002548 0.001361 0.000919 0.000761 0.000706 0.000688 0.000683 0.000681 0.000681 0.000680 0.000680 0.000680 0.000680 0.000680 0.000680 0.000680 0.000680 0.000680 0.000680 0.000680 0.000679 0.000677 0.000674 0.000668 0.000656 0.000636 0.000604 0.000555 0.000486 0.000393 0.000277 0.000144 0.000000 
50.000000 40.060874 30.737857 22.532686 15.753679 10.492083 6.651854 4.013242 2.304311 1.259582 0.655852 0.325561 0.154234 0.069842 0.030307 0.012666 0.005158 0.002106 0.000919 0.000476 0.000318 0.000264 0.000246 0.000241 0.000239 0.000238 0.000238 0.000238 0.000238 0.000238 0.000238 0.000238 0.000238 0.000238 0.000238 0.000238 0.000238 0.000238 0.000237 0.000236 0.000234 0.000230 0.000223 0.000211 0.000194 0.000170 0.000137 0.000097 0.000050 0.000000 
50.000000 40.060843 30.737796 22.532599 15.753570 10.491958 6.651717 4.013097 2.304160 1.259428 0.655696 0.325404 0.154076 0.069684 0.030149 0.012509 0.005000 0.001948 0.000761 0.000318 0.000160 0.000106 0.000088 0.000083 0.000081 0.000080 0.000080 0.000080 0.000080 0.000080 0.000080 0.000080 0.000080 0.000080 0.000080 0.000080 0.000080 0.000080 0.000080 0.000079 0.000079 0.000077 0.000075 0.000071 0.000065 0.000057 0.000046 0.000032 0.000017 0.000000 
50.000000 40.060832 30.737775 22.532569 15.753533 10.491915 6.651670 4.013047 2.304108 1.259375 0.655643 0.325351 0.154022 0.069630 0.030095 0.012454 0.004946 0.001894 0.000706 0.000264 0.000106 0.000052 0.000034 0.000028 0.000027 0.000026 0.000026 0.000026 0.000026 0.000026 0.000026 0.000026 0.000026 0.000026 0.000026 0.000026 0.000026 0.000026 0.000026 0.000026 0.000025 0.000025 0.000024 0.000023 0.000021 0.000018 0.000015 0.000010 0.000005 0.000000 
50.000000 40.060828 30.737768 22.532559 15.753521 10.491900 6.651654 4.013030 2.304091 1.259358 0.655625 0.325333 0.154005 0.069612 0.030077 0.012436 0.004928 0.001876 0.000689 0.000246 0.000088 0.000034 0.000016 0.000011 0.000009 0.000008 0.000008 0.000008 0.000008 0.000008 0.000008 0.000008 0.000008 0.000008 0.000008 0.000008 0.000008 0.000008 0.000008 0.000008 0.000008 0.000008 0.000008 0.000007 0.000007 0.000006 0.000005 0.000003 0.000002 0.000000 
50.000000 40.060827 30.737766 22.532556 15.753517 10.491896 6.651649 4.013025 2.304085 1.259352 0.655619 0.325327 0.153999 0.069606 0.030071 0.012431 0.004923 0.001870 0.000683 0.000241 0.000083 0.000028 0.000011 0.000005 0.000003 0.000003 0.000003 0.000003 0.000003 0.000003 0.000003 0.000003 0.000003 0.000003 0.000003 0.000002 0.000002 0.000002 0.000002 0.000002 0.000002 0.000002 0.000002 0.000002 0.000002 0.000002 0.000001 0.000001 0.000001 0.000000 
50.000000 40.060827 30.737765 22.532555 15.753516 10.491895 6.651648 4.013024 2.304084 1.259351 0.655618 0.325326 0.153997 0.069605 0.030070 0.012429 0.004921 0.001868 0.000681 0.000239 0.000081 0.000027 0.000009 0.000003 0.000002 0.000001 0.000001 0.000001 0.000001 0.000001 0.000001 0.000001 0.000001 0.000001 0.000001 0.000001 0.000001 0.000001 0.000001 0.000001 0.000001 0.000001 0.000001 0.000001 0.000001 0.000001 0.000001 0.000000 0.000000 0.000000 
50.000000 40.060827 30.737765 22.532555 15.753516 10.491895 6.651648 4.013024 2.304084 1.259351 0.655618 0.325326 0.153997 0.069605 0.030070 0.012429 0.004921 0.001868 0.000681 0.000239 0.000081 0.000027 0.000009 0.000003 0.000002 0.000001 0.000001 0.000001 0.000001 0.000001 0.000001 0.000001 0.000001 0.000001 0.000001 0.000001 0.000001 0.000001 0.000001 0.000001 0.000001 0.000001 0.000001 0.000001 0.000001 0.000001 0.000001 0.000000 0.000000 0.000000 
50.000000 40.060827 30.737766 22.532556 15.753517 10.491896 6.651649 4.013025 2.304085 1.259352 0.655619 0.325327 0.153999 0.069606 0.030071 0.012431 0.004923 0.001870 0.000683 0.000241 0.000083 0.000028 0.000011 0.000005 0.000003 0.000003 0.000003 0.000003 0.000003 0.000003 0.000003 0.000003 0.000003 0.000003 0.000003 0.000002 0.000002 0.000002 0.000002 0.000002 0.000002 0.000002 0.000002 0.000002 0.000002 0.000002 0.000001 0.000001 0.000001 0.000000 
50.000000 40.060828 30.737768 22.532559 15.753521 10.491900 6.651654 4.013030 2.304091 1.259358 0.655625 0.325333 0.154005 0.069612 0.030077 0.012436 0.004928 0.001876 0.000689 0.000246 0.000088 0.000034 0.000016 0.000011 0.000009 0.000008 0.000008 0.000008 0.000008 0.000008 0.000008 0.000008 0.000008 0.000008 0.000008 0.000008 0.000008 0.000008 0.000008 0.000008 0.000008 0.000008 0.000008 0.000007 0.000007 0.000006 0.000005 0.000003 0.000002 0.000000 
50.000000 40.060832 30.737775 22.532569 15.753533 10.491915 6.651670 4.013047 2.304108 1.259375 0.655643 0.325351 0.154022 0.069630 0.030095 0.012454 0.004946 0.001894 0.000706 0.000264 0.000106 0.000052 0.000034 0.000028 0.000027 0.000026 0.000026 0.000026 0.000026 0.000026 0.000026 0.000026 0.000026 0.000026 0.000026 0.000026 0.000026 0.000026 0.000026 0.000026 0.000025 0.000025 0.000024 0.000023 0.000021 0.000018 0.000015 0.000010 0.000005 0.000000 
50.000000 40.060843 30.737796 22.532599 15.753570 10.491958 6.651717 4.013097 2.304160 1.259428 0.655696 0.325404 0.154076 0.069684 0.030149 0.012509 0.005000 0.001948 0.000761 0.000318 0.000160 0.000106 0.000088 0.000083 0.000081 0.000080 0.000080 0.000080 0.000080 0.000080 0.000080 0.000080 0.000080 0.000080 0.000080 0.000080 0.000080 0.000080 0.000080 0.000079 0.000079 0.000077 0.000075 0.000071 0.000065 0.000057 0.000046 0.000032 0.000017 0.000000 
50.000000 40.060874 30.737857 22.532686 15.753679 10.492083 6.651854 4.013242 2.304311 1.259582 0.655852 0.325561 0.154234 0.069842 0.030307 0.012666 0.005158 0.002106 0.000919 0.000476 0.000318 0.000264 0.000246 0.000241 0.000239 0.000238 0.000238 0.000238 0.000238 0.000238 0.000238 0.000238 0.000238 0.000238 0.000238 0.000238 0.000238 0.000238 0.000237 0.000236 0.000234 0.000230 0.000223 0.000211 0.000194 0.000170 0.000137 0.000097 0.000050 0.000000 
50.000000 40.060963 30.738028 22.532930 15.753983 10.492433 6.652239 4.013650 2.304733 1.260014 0.656289 0.326001 0.154675 0.070283 0.030749 0.013109 0.005600 0.002548 0.001361 0.000919 0.000761 0.000706 0.000688 0.000683 0.000681 0.000681 0.000680 0.000680 0.000680 0.000680 0.000680 0.000680 0.000680 0.000680 0.000680 0.000680 0.000680 0.000679 0.000677 0.000674 0.000668 0.000656 0.000636 0.000604 0.000555 0.000486 0.000393 0.000277 0.000144 0.000000 
50.000000 40.061200 30.738487 22.533585 15.754799 10.493374 6.653270 4.014743 2.305866 1.261172 0.657461 0.327181 0.155858 0.071469 0.031935 0.014295 0.006787 0.003735 0.002548 0.002106 0.001948 0.001894 0.001876 0.001870 0.001868 0.001868 0.001868 0.001868 0.001868 0.001868 0.001868 0.001868 0.001867 0.001867 0.001867 0.001867 0.001866 0.001864 0.001860 0.001851 0.001834 0.001803 0.001749 0.001661 0.001527 0.001336 0.001081 0.000764 0.000396 0.000000 
50.000000 40.061809 30.739668 22.535267 15.756896 10.495792 6.655921 4.017555 2.308781 1.264149 0.660475 0.330214 0.158902 0.074518 0.034986 0.017347 0.009840 0.006787 0.005600 0.005158 0.005000 0.004946 0.004928 0.004923 0.004921 0.004920 0.004920 0.004920 0.004920 0.004920 0.004920 0.004920 0.004920 0.004920 0.004920 0.004919 0.004916 0.004911 0.004900 0.004878 0.004834 0.004753 0.004613 0.004384 0.004034 0.003533 0.002861 0.002022 0.001049 0.000000 
50.000000 40.063307 30.742571 22.539405 15.762052 10.501737 6.662441 4.024469 2.315949 1.271472 0.667887 0.337675 0.166388 0.082016 0.042490 0.024854 0.017347 0.014295 0.013109 0.012666 0.012509 0.012454 0.012436 0.012431 0.012429 0.012429 0.012428 0.012428 0.012428 0.012428 0.012428 0.012428 0.012428 0.012428 0.012427 0.012425 0.012419 0.012407 0.012380 0.012324 0.012216 0.012016 0.011667 0.011097 0.010221 0.008958 0.007262 0.005137 0.002666 0.000000 
50.000000 40.066825 30.749387 22.549122 15.774163 10.515702 6.677758 4.040711 2.332789 1.288677 0.685301 0.355204 0.183976 0.099633 0.060121 0.042490 0.034986 0.031935 0.030749 0.030307 0.030149 0.030095 0.030077 0.030071 0.030070 0.030069 0.030069 0.030069 0.030069 0.030069 0.030069 0.030069 0.030069 0.030068 0.030066 0.030060 0.030048 0.030019 0.029956 0.029825 0.029571 0.029098 0.028272 0.026913 0.024812 0.021773 0.017670 0.012514 0.006499 0.000000 
50.000000 40.074707 30.764659 22.570893 15.801297 10.546993 6.712077 4.077106 2.370526 1.327232 0.724328 0.394487 0.223392 0.139114 0.099633 0.082016 0.074518 0.071469 0.070283 0.069842 0.069684 0.069630 0.069612 0.069606 0.069605 0.069604 0.069604 0.069604 0.069604 0.069604 0.069604 0.069604 0.069603 0.069601 0.069597 0.069585 0.069557 0.069493 0.069353 0.069064 0.068494 0.067432 0.065565 0.062473 0.057667 0.050675 0.041184 0.029202 0.015180 0.000000 
50.000000 40.091524 30.797245 22.617349 15.859201 10.613771 6.785322 4.154787 2.451074 1.409528 0.807632 0.478341 0.307530 0.223392 0.183976 0.166388 0.158902 0.155858 0.154675 0.154234 0.154076 0.154022 0.154004 0.153999 0.153997 0.153997 0.153996 0.153996 0.153996 0.153996 0.153996 0.153996 0.153994 0.153991 0.153981 0.153957 0.153899 0.153765 0.153472 0.152860 0.151649 0.149381 0.145366 0.138674 0.128197 0.112846 0.091873 0.065247 0.033954 0.000000 
50.000000 40.125651 30.863376 22.711630 15.976722 10.749311 6.933995 4.312470 2.614583 1.576591 0.976744 0.648573 0.478341 0.394487 0.355204 0.337675 0.330214 0.327181 0.326001 0.325561 0.325404 0.325351 0.325333 0.325327 0.325325 0.325325 0.325325 0.325325 0.325325 0.325325 0.325324 0.325323 0.325321 0.325314 0.325295 0.325248 0.325134 0.324869 0.324286 0.323064 0.320630 0.316038 0.307848 0.294086 0.272361 0.240258 0.196040 0.139505 0.072699 0.000000 
50.000000 40.191420 30.990822 22.893335 16.203224 11.010553 7.220566 4.616422 2.929775 1.898644 1.302755 0.976744 0.807632 0.724328 0.685301 0.667887 0.660475 0.657461 0.656289 0.655852 0.655696 0.655643 0.655625 0.655619 0.655618 0.655617 0.655617 0.655617 0.655617 0.655617 0.655616 0.655615 0.655610 0.655597 0.655563 0.655476 0.655264 0.654772 0.653680 0.651378 0.646759 0.637974 0.622171 0.595360 0.552604 0.488768 0.399945 0.285349 0.148979 0.000000 
50.000000 40.311596 31.223705 23.225374 16.617142 11.487978 7.744301 5.171945 3.505863 2.487288 1.898644 1.576591 1.409528 1.327232 1.288677 1.271472 1.264149 1.261172 1.260014 1.259582 1.259428 1.259375 1.259358 1.259352 1.259351 1.259350 1.259350 1.259350 1.259350 1.259350 1.259349 1.259346 1.259338 1.259316 1.259257 1.259106 1.258738 1.257879 1.255961 1.251885 1.243644 1.227825 1.199076 1.149744 1.070108 0.949680 0.779959 0.558402 0.292276 0.000000 
50.000000 40.519490 31.626578 23.799802 17.333248 12.313989 8.650476 6.133157 4.502688 3.505863 2.929775 2.614583 2.451074 2.370526 2.332789 2.315949 2.308781 2.305866 2.304733 2.304311 2.304160 2.304108 2.304091 2.304085 2.304084 2.304083 2.304083 2.304083 2.304083 2.304082 2.304081 2.304077 2.304064 2.304028 2.303934 2.303691 2.303095 2.301693 2.298545 2.291801 2.278038 2.251344 2.202249 2.116872 1.976992 1.762072 1.454199 1.046016 0.549442 0.000000 
50.000000 40.859458 32.285410 24.739208 18.504391 13.664928 10.132576 7.705328 6.133157 5.171945 4.616422 4.312470 4.154787 4.077106 4.040711 4.024469 4.017555 4.014743 4.013650 4.013242 4.013097 4.013047 4.013030 4.013025 4.013024 4.013023 4.013023 4.013023 4.013023 4.013022 4.013020 4.013013 4.012995 4.012942 4.012801 4.012438 4.011542 4.009421 4.004622 3.994250 3.972870 3.930908 3.852664 3.714427 3.483845 3.122453 2.593725 1.877978 0.991549 0.000000 
50.000000 41.384239 33.302408 26.189349 20.312318 15.750482 12.420695 10.132576 8.650476 7.744301 7.220566 6.933995 6.785322 6.712077 6.677758 6.662441 6.655921 6.653270 6.652239 6.651854 6.651717 6.651670 6.651654 6.651649 6.651648 6.651647 6.651647 6.651647 6.651647 6.651646 6.651643 6.651634 6.651609 6.651537 6.651344 6.650845 6.649604 6.646648 6.639909 6.625205 6.594557 6.533604 6.418149 6.210348 5.856122 5.286956 4.431007 3.238788 1.723590 0.000000 
50.000000 42.147832 34.782233 28.299482 22.943147 18.785396 15.750482 13.664928 12.313989 11.487978 11.010553 10.749311 10.613771 10.546993 10.515702 10.501737 10.495792 10.493374 10.492433 10.492083 10.491957 10.491915 10.491900 10.491896 10.491894 10.491894 10.491894 10.491894 10.491893 10.491892 10.491889 10.491878 10.491846 10.491757 10.491517 10.490890 10.489326 10.485575 10.476950 10.457949 10.417869 10.336997 10.181083 9.894360 9.392698 8.561143 7.264551 5.385404 2.902834 0.000000 
50.000000 43.193849 36.809416 31.190166 26.547219 22.943147 20.312318 18.504391 17.333248 16.617142 16.203224 15.976722 15.859201 15.801297 15.774163 15.762052 15.756896 15.754799 15.753983 15.753679 15.753570 15.753533 15.753521 15.753517 15.753516 15.753515 15.753515 15.753515 15.753515 15.753513 15.753509 15.753497 15.753462 15.753363 15.753094 15.752390 15.750622 15.746354 15.736463 15.714456 15.667462 15.571176 15.381938 15.025362 14.382004 13.273610 11.461201 8.682801 4.784767 0.000000 
50.000000 44.541321 39.420843 34.914017 31.190166 28.299482 26.189349 24.739208 23.799802 23.225374 22.893335 22.711630 22.617349 22.570893 22.549122 22.539405 22.535267 22.533585 22.532930 22.532686 22.532599 22.532569 22.532559 22.532556 22.532555 22.532554 22.532554 22.532554 22.532554 22.532553 22.532549 22.532537 22.532503 22.532406 22.532143 22.531453 22.529709 22.525476 22.515591 22.493390 22.445415 22.345604 22.145482 21.758342 21.034931 19.728965 17.457009 13.684078 7.854886 0.000000 
50.000000 46.172080 42.581310 39.420843 36.809416 34.782233 33.302408 32.285410 31.626578 31.223705 30.990822 30.863376 30.797245 30.764659 30.749387 30.742571 30.739668 30.738487 30.738028 30.737857 30.737796 30.737775 30.737768 30.737766 30.737765 30.737765 30.737765 30.737765 30.737764 30.737763 30.737760 30.737751 30.737724 30.737646 30.737433 30.736874 30.735456 30.731998 30.723871 30.705473 30.665302 30.580563 30.407432 30.063620 29.396829 28.126614 25.736765 21.290655 13.233987 0.000000 
50.000000 48.024859 46.172080 44.541321 43.193849 42.147832 41.384239 40.859458 40.519490 40.311596 40.191420 40.125651 40.091524 40.074707 40.066825 40.063307 40.061809 40.061200 40.060963 40.060874 40.060843 40.060832 40.060828 40.060827 40.060827 40.060827 40.060827 40.060827 40.060826 40.060826 40.060824 40.060819 40.060804 40.060760 40.060641 40.060326 40.059527 40.057570 40.052952 40.042440 40.019319 39.970048 39.867909 39.660649 39.244998 38.409082 36.686435 32.938092 24.012430 0.000000 
50.000000 50.000000 50.000000 50.000000 50.000000 50.000000 50.000000 50.000000 50.000000 50.000000 50.000000 50.000000 50.000000 50.000000 50.000000 50.000000 50.000000 50.000000 50.000000 50.000000 50.000000 50.000000 50.000000 50.000000 50.000000 50.000000 50.000000 50.000000 50.000000 50.000000 50.000000 50.000000 50.000000 50.000000 50.000000 50.000000 50.000000 50.000000 50.000000 50.000000 50.000000 50.000000 50.000000 50.000000 50.000000 50.000000 50.000000 50.000000 50.000000 50.000000 
