50.000000 50.000000 50.000000 50.000000 50.000000 50.000000 50.000000 50.000000 50.000000 50.000000 50.000000 50.000000 50.000000 50.000000 50.000000 50.000000 50.000000 50.000000 50.000000 50.000000 50.000000 50.000000 50.000000 50.000000 50.000000 50.000000 50.000000 50.000000 50.000000 50.000000 50.000000 50.000000 50.000000 50.000000 50.000000 50.000000 50.000000 50.000000 50.000000 50.000000 50.000000 50.000000 50.000000 50.000000 50.000000 50.000000 50.000000 50.000000 50.000000 50.000000 
50.000000 48.608422 47.277617 46.060403 44.995426 44.103877 43.389497 42.841387 42.438514 42.154684 41.962907 41.838556 41.761126 41.714795 41.688136 41.673373 41.665501 41.661454 41.659449 41.658489 41.658046 41.657847 41.657762 41.657726 41.657711 41.657705 41.657702 41.657700 41.657694 41.657682 41.657651 41.657578 41.657409 41.657031 41.656206 41.654456 41.650848 41.643604 41.629432 41.602367 41.551786 41.458973 41.290938 40.988629 40.442490 39.436287 37.502631 33.506253 24.304211 0.000000 
50.000000 47.277617 44.674126 42.292862 40.209430 38.465281 37.067738 35.995474 35.207342 34.652093 34.276929 34.033668 33.882198 33.791565 33.739415 33.710537 33.695137 33.687222 33.683299 33.681422 33.680554 33.680167 33.679999 33.679929 33.679901 33.679889 33.679883 33.679878 33.679868 33.679845 33.679788 33.679653 33.679342 33.678645 33.677127 33.673914 33.667306 33.654083 33.628315 33.579364 33.488528 33.323481 33.028850 32.509833 31.602571 30.018604 27.240040 22.337063 13.771364 0.000000 
50.000000 46.060403 42.292862 38.846918 35.831980 33.308034 31.285672 29.734029 28.593556 27.790088 27.247215 26.895215 26.676040 26.544897 26.469438 26.427654 26.405372 26.393920 26.388244 26.385528 26.384273 26.383712 26.383470 26.383369 26.383327 26.383311 26.383303 26.383296 26.383283 26.383252 26.383177 26.382999 26.382591 26.381678 26.379695 26.375512 26.366942 26.349873 26.316817 26.254509 26.140068 25.934961 25.575615 24.958977 23.920704 22.204066 19.423459 15.052822 8.557772 0.000000 
50.000000 44.995426 40.209430 35.831980 32.002066 28.795888 26.226898 24.255878 22.807177 21.786573 21.097002 20.649889 20.371496 20.204924 20.109081 20.056011 20.027711 20.013167 20.005958 20.002509 20.000915 20.000203 19.999895 19.999766 19.999714 19.999693 19.999683 19.999675 19.999660 19.999626 19.999542 19.999345 19.998893 19.997885 19.995702 19.991118 19.981771 19.963267 19.927699 19.861286 19.740764 19.528085 19.162966 18.553048 17.562305 16.001033 13.627914 10.190825 5.559139 0.000000 
50.000000 44.103877 38.465281 33.308034 28.795888 25.018618 21.992062 19.670011 17.963325 16.760991 15.948648 15.421941 15.093995 14.897778 14.784881 14.722369 14.689035 14.671905 14.663413 14.659351 14.657474 14.656635 14.656273 14.656121 14.656060 14.656035 14.656024 14.656015 14.656000 14.655966 14.655883 14.655688 14.655242 14.654251 14.652113 14.647644 14.638583 14.620767 14.586804 14.524032 14.411549 14.216178 13.887401 13.351881 12.509309 11.233583 9.387329 6.862710 3.661387 0.000000 
50.000000 43.389497 37.067738 31.285672 26.226898 21.992062 18.598918 15.995643 14.082289 12.734383 11.823703 11.233247 10.865618 10.645663 10.519110 10.449040 10.411676 10.392475 10.382958 10.378405 10.376301 10.375361 10.374955 10.374785 10.374716 10.374688 10.374676 10.374668 10.374654 10.374623 10.374548 10.374371 10.373969 10.373079 10.371168 10.367192 10.359180 10.343538 10.313975 10.259895 10.164197 10.000493 9.730076 9.299459 8.640181 7.673850 6.326695 4.557904 2.400868 0.000000 
50.000000 42.841387 35.995474 29.734029 24.255878 19.670011 15.995643 13.176645 11.104769 9.645214 8.659117 8.019778 7.621721 7.383566 7.246546 7.170681 7.130230 7.109442 7.099139 7.094210 7.091932 7.090915 7.090476 7.090292 7.090217 7.090187 7.090175 7.090166 7.090154 7.090128 7.090065 7.089917 7.089581 7.088841 7.087259 7.083984 7.077424 7.064711 7.040886 6.997738 6.922289 6.795037 6.588323 6.265567 5.782610 5.092912 4.158414 2.966624 1.550449 0.000000 
50.000000 42.438514 35.207342 28.593556 22.807177 17.963325 14.082289 11.104769 8.916415 7.374829 6.333329 5.658082 5.237677 4.986157 4.841450 4.761332 4.718613 4.696661 4.685781 4.680576 4.678171 4.677097 4.676633 4.676439 4.676360 4.676329 4.676316 4.676308 4.676299 4.676278 4.676228 4.676112 4.675850 4.675274 4.674050 4.671529 4.666509 4.656849 4.638892 4.606679 4.550970 4.458208 4.309733 4.081796 3.747147 3.279091 2.658596 1.883861 0.979541 0.000000 
50.000000 42.154684 34.652093 27.790088 21.786573 16.760991 12.734383 9.645214 7.374829 5.775478 4.694969 3.994441 3.558305 3.297378 3.147262 3.064151 3.019837 2.997066 2.985781 2.980382 2.977888 2.976774 2.976292 2.976091 2.976009 2.975977 2.975964 2.975957 2.975949 2.975933 2.975897 2.975812 2.975619 2.975198 2.974306 2.972480 2.968866 2.961955 2.949209 2.926544 2.887739 2.823858 2.722924 2.570186 2.349442 2.045809 1.650020 1.163565 0.602898 0.000000 
50.000000 41.962907 34.276929 27.247215 21.097002 15.948648 11.823703 8.659117 6.333329 4.694969 3.588119 2.870524 2.423769 2.156493 2.002727 1.917596 1.872207 1.848883 1.837324 1.831795 1.829240 1.828099 1.827606 1.827400 1.827317 1.827284 1.827270 1.827264 1.827258 1.827247 1.827221 1.827162 1.827028 1.826737 1.826124 1.824873 1.822411 1.817734 1.809168 1.794060 1.768425 1.726650 1.661379 1.563807 1.424616 1.235716 0.992707 0.697565 0.360540 0.000000 
50.000000 41.838556 34.033668 26.895215 20.649889 15.421941 11.233247 8.019778 5.658082 3.994441 2.870524 2.141872 1.688237 1.416850 1.260720 1.174283 1.128197 1.104516 1.092780 1.087166 1.084572 1.083414 1.082913 1.082704 1.082619 1.082586 1.082573 1.082567 1.082562 1.082555 1.082538 1.082499 1.082411 1.082220 1.081819 1.081006 1.079414 1.076407 1.070936 1.061356 1.045232 1.019190 0.978892 0.919272 0.835136 0.722190 0.578398 0.405353 0.209124 0.000000 
50.000000 41.761126 33.882198 26.676040 20.371496 15.093995 10.865618 7.621721 5.237677 3.558305 2.423769 1.688237 1.230325 0.956380 0.798781 0.711531 0.665013 0.641110 0.629263 0.623597 0.620979 0.619810 0.619305 0.619094 0.619008 0.618974 0.618961 0.618956 0.618952 0.618947 0.618937 0.618912 0.618857 0.618738 0.618489 0.617985 0.617005 0.615162 0.611831 0.606034 0.596349 0.580828 0.557010 0.522080 0.473228 0.408229 0.326166 0.228116 0.117522 0.000000 
50.000000 41.714795 33.791565 26.544897 20.204924 14.897778 10.645663 7.383566 4.986157 3.297378 2.156493 1.416850 0.956380 0.680907 0.522431 0.434695 0.387918 0.363883 0.351971 0.346273 0.343641 0.342465 0.341957 0.341745 0.341659 0.341625 0.341612 0.341607 0.341604 0.341601 0.341594 0.341579 0.341547 0.341476 0.341328 0.341030 0.340454 0.339375 0.337436 0.334081 0.328512 0.319647 0.306142 0.286483 0.259195 0.223153 0.177955 0.124259 0.063947 0.000000 
50.000000 41.688136 33.739415 26.469438 20.109081 14.784881 10.519110 7.246546 4.841450 3.147262 2.002727 1.260720 0.798781 0.522431 0.363450 0.275436 0.228510 0.204399 0.192449 0.186734 0.184093 0.182914 0.182404 0.182191 0.182105 0.182071 0.182058 0.182053 0.182051 0.182049 0.182045 0.182036 0.182017 0.181977 0.181893 0.181725 0.181400 0.180796 0.179715 0.177854 0.174782 0.169921 0.162562 0.151918 0.137236 0.117963 0.093925 0.065500 0.033679 0.000000 
50.000000 41.673373 33.710537 26.427654 20.056011 14.722369 10.449040 7.170681 4.761332 3.064151 1.917596 1.174283 0.711531 0.434695 0.275436 0.187267 0.140260 0.116106 0.104136 0.098411 0.095765 0.094584 0.094074 0.093860 0.093774 0.093740 0.093727 0.093722 0.093720 0.093719 0.093716 0.093712 0.093701 0.093679 0.093634 0.093543 0.093367 0.093043 0.092464 0.091473 0.089845 0.087282 0.083423 0.077872 0.070256 0.060309 0.047959 0.033410 0.017167 0.000000 
50.000000 41.665501 33.695137 26.405372 20.027711 14.689035 10.411676 7.130230 4.718613 3.019837 1.872207 1.128197 0.665013 0.387918 0.228510 0.140260 0.093209 0.069033 0.057052 0.051321 0.048673 0.047491 0.046980 0.046767 0.046680 0.046646 0.046633 0.046628 0.046626 0.046625 0.046624 0.046622 0.046616 0.046605 0.046581 0.046534 0.046443 0.046275 0.045977 0.045470 0.044639 0.043339 0.041389 0.038597 0.034785 0.029827 0.023694 0.016492 0.008470 0.000000 
50.000000 41.661454 33.687222 26.393920 20.013167 14.671905 10.392475 7.109442 4.696661 2.997066 1.848883 1.104516 0.641110 0.363883 0.204399 0.116106 0.069033 0.044846 0.032859 0.027125 0.024476 0.023293 0.022782 0.022568 0.022482 0.022448 0.022435 0.022430 0.022428 0.022428 0.022427 0.022426 0.022423 0.022417 0.022405 0.022381 0.022336 0.022253 0.022105 0.021855 0.021447 0.020811 0.019860 0.018506 0.016662 0.014274 0.011330 0.007880 0.004045 0.000000 
50.000000 41.659449 33.683299 26.388244 20.005958 14.663413 10.382958 7.099139 4.685781 2.985781 1.837324 1.092780 0.629264 0.351971 0.192449 0.104136 0.057052 0.032859 0.020869 0.015134 0.012485 0.011301 0.010790 0.010577 0.010490 0.010456 0.010443 0.010438 0.010436 0.010436 0.010435 0.010435 0.010433 0.010430 0.010425 0.010413 0.010392 0.010352 0.010281 0.010162 0.009969 0.009669 0.009222 0.008586 0.007725 0.006613 0.005245 0.003646 0.001871 0.000000 
50.000000 41.658489 33.681422 26.385528 20.002509 14.659351 10.378405 7.094210 4.680576 2.980382 1.831795 1.087166 0.623597 0.346273 0.186734 0.098411 0.051321 0.027125 0.015134 0.009399 0.006749 0.005565 0.005054 0.004841 0.004754 0.004720 0.004707 0.004702 0.004701 0.004700 0.004700 0.004699 0.004699 0.004697 0.004695 0.004689 0.004679 0.004661 0.004628 0.004574 0.004485 0.004348 0.004145 0.003857 0.003468 0.002967 0.002351 0.001634 0.000838 0.000000 
50.000000 41.658046 33.680554 26.384273 20.000915 14.657474 10.376301 7.091933 4.678171 2.977888 1.829240 1.084573 0.620979 0.343641 0.184093 0.095766 0.048674 0.024476 0.012485 0.006749 0.004099 0.002916 0.002404 0.002191 0.002104 0.002070 0.002057 0.002052 0.002051 0.002050 0.002050 0.002050 0.002049 0.002049 0.002047 0.002045 0.002041 0.002032 0.002018 0.001994 0.001955 0.001894 0.001805 0.001679 0.001508 0.001290 0.001022 0.000710 0.000364 0.000000 
50.000000 41.657848 33.680167 26.383713 20.000203 14.656636 10.375362 7.090916 4.677098 2.976774 1.828100 1.083415 0.619811 0.342466 0.182915 0.094585 0.047492 0.023294 0.011302 0.005566 0.002916 0.001733 0.001221 0.001008 0.000921 0.000887 0.000874 0.000869 0.000868 0.000867 0.000867 0.000867 0.000867 0.000866 0.000866 0.000865 0.000863 0.000859 0.000853 0.000843 0.000826 0.000800 0.000762 0.000709 0.000636 0.000544 0.000431 0.000299 0.000153 0.000000 
50.000000 41.657762 33.680000 26.383471 19.999897 14.656275 10.374957 7.090478 4.676635 2.976295 1.827609 1.082916 0.619307 0.341960 0.182407 0.094076 0.046983 0.022785 0.010793 0.005057 0.002407 0.001223 0.000712 0.000498 0.000412 0.000378 0.000365 0.000360 0.000358 0.000358 0.000357 0.000357 0.000357 0.000357 0.000357 0.000356 0.000356 0.000354 0.000352 0.000347 0.000340 0.000330 0.000314 0.000292 0.000262 0.000224 0.000177 0.000123 0.000063 0.000000 
50.000000 41.657727 33.679932 26.383372 19.999771 14.656127 10.374791 7.090298 4.676446 2.976098 1.827407 1.082711 0.619101 0.341752 0.182199 0.093868 0.046774 0.022576 0.010584 0.004848 0.002198 0.001014 0.000503 0.000289 0.000203 0.000169 0.000156 0.000151 0.000149 0.000149 0.000148 0.000148 0.000148 0.000148 0.000148 0.000148 0.000148 0.000147 0.000146 0.000144 0.000141 0.000137 0.000130 0.000121 0.000108 0.000093 0.000073 0.000051 0.000026 0.000000 
50.000000 41.657715 33.679908 26.383337 19.999727 14.656075 10.374733 7.090235 4.676379 2.976029 1.827336 1.082639 0.619028 0.341679 0.182125 0.093794 0.046700 0.022502 0.010510 0.004774 0.002124 0.000941 0.000429 0.000216 0.000129 0.000095 0.000082 0.000077 0.000076 0.000075 0.000075 0.000075 0.000075 0.000075 0.000075 0.000074 0.000074 0.000074 0.000073 0.000073 0.000071 0.000069 0.000065 0.000061 0.000054 0.000047 0.000037 0.000026 0.000013 0.000000 
50.000000 41.657715 33.679908 26.383337 19.999727 14.656075 10.374733 7.090235 4.676379 2.976029 1.827336 1.082639 0.619028 0.341679 0.182125 0.093794 0.046700 0.022502 0.010510 0.004774 0.002124 0.000941 0.000429 0.000216 0.000129 0.000095 0.000082 0.000077 0.000076 0.000075 0.000075 0.000075 0.000075 0.000075 0.000075 0.000074 0.000074 0.000074 0.000073 0.000073 0.000071 0.000069 0.000065 0.000061 0.000054 0.000047 0.000037 0.000026 0.000013 0.000000 
50.000000 41.657727 33.679932 26.383372 19.999771 14.656127 10.374791 7.090298 4.676446 2.976098 1.827407 1.082711 0.619101 0.341752 0.182199 0.093868 0.046774 0.022576 0.010584 0.004848 0.002198 0.001014 0.000503 0.000289 0.000203 0.000169 0.000156 0.000151 0.000149 0.000149 0.000148 0.000148 0.000148 0.000148 0.000148 0.000148 0.000148 0.000147 0.000146 0.000144 0.000141 0.000137 0.000130 0.000121 0.000108 0.000093 0.000073 0.000051 0.000026 0.000000 
50.000000 41.657762 33.680000 26.383471 19.999897 14.656275 10.374957 7.090478 4.676635 2.976295 1.827609 1.082916 0.619307 0.341960 0.182407 0.094076 0.046983 0.022785 0.010793 0.005057 0.002407 0.001223 0.000712 0.000498 0.000412 0.000378 0.000365 0.000360 0.000358 0.000358 0.000357 0.000357 0.000357 0.000357 0.000357 0.000356 0.000356 0.000354 0.000352 0.000347 0.000340 0.000330 0.000314 0.000292 0.000262 0.000224 0.000177 0.000123 0.000063 0.000000 
50.000000 41.657848 33.680167 26.383713 20.000203 14.656636 10.375362 7.090916 4.677098 2.976774 1.828100 1.083415 0.619811 0.342466 0.182915 0.094585 0.047492 0.023294 0.011302 0.005566 0.002916 0.001733 0.001221 0.001008 0.000921 0.000887 0.000874 0.000869 0.000868 0.000867 0.000867 0.000867 0.000867 0.000866 0.000866 0.000865 0.000863 0.000859 0.000853 0.000843 0.000826 0.000800 0.000762 0.000709 0.000636 0.000544 0.000431 0.000299 0.000153 0.000000 
50.000000 41.658046 33.680554 26.384273 20.000915 14.657474 10.376301 7.091933 4.678171 2.977888 1.829240 1.084573 0.620979 0.343641 0.184093 0.095766 0.048674 0.024476 0.012485 0.006749 0.004099 0.002916 0.002404 0.002191 0.002104 0.002070 0.002057 0.002052 0.002051 0.002050 0.002050 0.002050 0.002049 0.002049 0.002047 0.002045 0.002041 0.002032 0.002018 0.001994 0.001955 0.001894 0.001805 0.001679 0.001508 0.001290 0.001022 0.000710 0.000364 0.000000 
50.000000 41.658489 33.681422 26.385528 20.002509 14.659351 10.378405 7.094210 4.680576 2.980382 1.831795 1.087166 0.623597 0.346273 0.186734 0.098411 0.051321 0.027125 0.015134 0.009399 0.006749 0.005565 0.005054 0.004841 0.004754 0.004720 0.004707 0.004702 0.004701 0.004700 0.004700 0.004699 0.004699 0.004697 0.004695 0.004689 0.004679 0.004661 0.004628 0.004574 0.004485 0.004348 0.004145 0.003857 0.003468 0.002967 0.002351 0.001634 0.000838 0.000000 
50.000000 41.659449 33.683299 26.388244 20.005958 14.663413 10.382958 7.099139 4.685781 2.985781 1.837324 1.092780 0.629264 0.351971 0.192449 0.104136 0.057052 0.032859 0.020869 0.015134 0.012485 0.011301 0.010790 0.010577 0.010490 0.010456 0.010443 0.010438 0.010436 0.010436 0.010435 0.010435 0.010433 0.010430 0.010425 0.010413 0.010392 0.010352 0.010281 0.010162 0.009969 0.009669 0.009222 0.008586 0.007725 0.006613 0.005245 0.003646 0.001871 0.000000 
50.000000 41.661454 33.687222 26.393920 20.013167 14.671905 10.392475 7.109442 4.696661 2.997066 1.848883 1.104516 0.641110 0.363883 0.204399 0.116106 0.069033 0.044846 0.032859 0.027125 0.024476 0.023293 0.022782 0.022568 0.022482 0.022448 0.022435 0.022430 0.022428 0.022428 0.022427 0.022426 0.022423 0.022417 0.022405 0.022381 0.022336 0.022253 0.022105 0.021855 0.021447 0.020811 0.019860 0.018506 0.016662 0.014274 0.011330 0.007880 0.004045 0.000000 
50.000000 41.665501 33.695137 26.405372 20.027711 14.689035 10.411676 7.130230 4.718613 3.019837 1.872207 1.128197 0.665013 0.387918 0.228510 0.140260 0.093209 0.069033 0.057052 0.051321 0.048673 0.047491 0.046980 0.046767 0.046680 0.046646 0.046633 0.046628 0.046626 0.046625 0.046624 0.046622 0.046616 0.046605 0.046581 0.046534 0.046443 0.046275 0.045977 0.045470 0.044639 0.043339 0.041389 0.038597 0.034785 0.029827 0.023694 0.016492 0.008470 0.000000 
50.000000 41.673373 33.710537 26.427654 20.056011 14.722369 10.449040 7.170681 4.761332 3.064151 1.917596 1.174283 0.711531 0.434695 0.275436 0.187267 0.140260 0.116106 0.104136 0.098411 0.095765 0.094584 0.094074 0.093860 0.093774 0.093740 0.093727 0.093722 0.093720 0.093719 0.093716 0.093712 0.093701 0.093679 0.093634 0.093543 0.093367 0.093043 0.092464 0.091473 0.089845 0.087282 0.083423 0.077872 0.070256 0.060309 0.047959 0.033410 0.017167 0.000000 
50.000000 41.688136 33.739415 26.469438 20.109081 14.784881 10.519110 7.246546 4.841450 3.147262 2.002727 1.260720 0.798781 0.522431 0.363450 0.275436 0.228510 0.204399 0.192449 0.186734 0.184093 0.182914 0.182404 0.182191 0.182105 0.182071 0.182058 0.182053 0.182051 0.182049 0.182045 0.182036 0.182017 0.181977 0.181893 0.181725 0.181400 0.180796 0.179715 0.177854 0.174782 0.169921 0.162562 0.151918 0.137236 0.117963 0.093925 0.065500 0.033679 0.000000 
50.000000 41.714795 33.791565 26.544897 20.204924 14.897778 10.645663 7.383566 4.986157 3.297378 2.156493 1.416850 0.956380 0.680907 0.522431 0.434695 0.387918 0.363883 0.351971 0.346273 0.343641 0.342465 0.341957 0.341745 0.341659 0.341625 0.341612 0.341607 0.341604 0.341601 0.341594 0.341579 0.341547 0.341476 0.341328 0.341030 0.340454 0.339375 0.337436 0.334081 0.328512 0.319647 0.306142 0.286483 0.259195 0.223153 0.177955 0.124259 0.063947 0.000000 
50.000000 41.761126 33.882198 26.676040 20.371496 15.093995 10.865618 7.621721 5.237677 3.558305 2.423769 1.688237 1.230325 0.956380 0.798781 0.711531 0.665013 0.641110 0.629263 0.623597 0.620979 0.619810 0.619305 0.619094 0.619008 0.618974 0.618961 0.618956 0.618952 0.618947 0.618937 0.618912 0.618857 0.618738 0.618489 0.617985 0.617005 0.615162 0.611831 0.606034 0.596349 0.580828 0.557010 0.522080 0.473228 0.408229 0.326166 0.228116 0.117522 0.000000 
50.000000 41.838556 34.033668 26.895215 20.649889 15.421941 11.233247 8.019778 5.658082 3.994441 2.870524 2.141872 1.688237 1.416850 1.260720 1.174283 1.128197 1.104516 1.092780 1.087166 1.084572 1.083414 1.082913 1.082704 1.082619 1.082586 1.082573 1.082567 1.082562 1.082555 1.082538 1.082499 1.082411 1.082220 1.081819 1.081006 1.079414 1.076407 1.070936 1.061356 1.045232 1.019190 0.978892 0.919272 0.835136 0.722190 0.578398 0.405353 0.209124 0.000000 
50.000000 41.962907 34.276929 27.247215 21.097002 15.948648 11.823703 8.659117 6.333329 4.694969 3.588119 2.870524 2.423769 2.156493 2.002727 1.917596 1.872207 1.848883 1.837324 1.831795 1.829240 1.828099 1.827606 1.827400 1.827317 1.827284 1.827270 1.827264 1.827258 1.827247 1.827221 1.827162 1.827028 1.826737 1.826124 1.824873 1.822411 1.817734 1.809168 1.794060 1.768425 1.726650 1.661379 1.563807 1.424616 1.235716 0.992707 0.697565 0.360540 0.000000 
50.000000 42.154684 34.652093 27.790088 21.786573 16.760991 12.734383 9.645214 7.374829 5.775478 4.694969 3.994441 3.558305 3.297378 3.147262 3.064151 3.019837 2.997066 2.985781 2.980382 2.977888 2.976774 2.976292 2.976091 2.976009 2.975977 2.975964 2.975957 2.975949 2.975933 2.975897 2.975812 2.975619 2.975198 2.974306 2.972480 2.968866 2.961955 2.949209 2.926544 2.887739 2.823858 2.722924 2.570186 2.349442 2.045809 1.650020 1.163565 0.602898 0.000000 
50.000000 42.438514 35.207342 28.593556 22.807177 17.963325 14.082289 11.104769 8.916415 7.374829 6.333329 5.658082 5.237677 4.986157 4.841450 4.761332 4.718613 4.696661 4.685781 4.680576 4.678171 4.677097 4.676633 4.676439 4.676360 4.676329 4.676316 4.676308 4.676299 4.676278 4.676228 4.676112 4.675850 4.675274 4.674050 4.671529 4.666509 4.656849 4.638892 4.606679 4.550970 4.458208 4.309733 4.081796 3.747147 3.279091 2.658596 1.883861 0.979541 0.000000 
50.000000 42.841387 35.995474 29.734029 24.255878 19.670011 15.995643 13.176645 11.104769 9.645214 8.659117 8.019778 7.621721 7.383566 7.246546 7.170681 7.130230 7.109442 7.099139 7.094210 7.091932 7.090915 7.090476 7.090292 7.090217 7.090187 7.090175 7.090166 7.090154 7.090128 7.090065 7.089917 7.089581 7.088841 7.087259 7.083984 7.077424 7.064711 7.040886 6.997738 6.922289 6.795037 6.588323 6.265567 5.782610 5.092912 4.158414 2.966624 1.550449 0.000000 
50.000000 43.389497 37.067738 31.285672 26.226898 21.992062 18.598918 15.995643 14.082289 12.734383 11.823703 11.233247 10.865618 10.645663 10.519110 10.449040 10.411676 10.392475 10.382958 10.378405 10.376301 10.375361 10.374955 10.374785 10.374716 10.374688 10.374676 10.374668 10.374654 10.374623 10.374548 10.374371 10.373969 10.373079 10.371168 10.367192 10.359180 10.343538 10.313975 10.259895 10.164197 10.000493 9.730076 9.299459 8.640181 7.673850 6.326695 4.557904 2.400868 0.000000 
50.000000 44.103877 38.465281 33.308034 28.795888 25.018618 21.992062 19.670011 17.963325 16.760991 15.948648 15.421941 15.093995 14.897778 14.784881 14.722369 14.689035 14.671905 14.663413 14.659351 14.657474 14.656635 14.656273 14.656121 14.656060 14.656035 14.656024 14.656015 14.656000 14.655966 14.655883 14.655688 14.655242 14.654251 14.652113 14.647644 14.638583 14.620767 14.586804 14.524032 14.411549 14.216178 13.887401 13.351881 12.509309 11.233583 9.387329 6.862710 3.661387 0.000000 
50.000000 44.995426 40.209430 35.831980 32.002066 28.795888 26.226898 24.255878 22.807177 21.786573 21.097002 20.649889 20.371496 20.204924 20.109081 20.056011 20.027711 20.013167 20.005958 20.002509 20.000915 20.000203 19.999895 19.999766 19.999714 19.999693 19.999683 19.999675 19.999660 19.999626 19.999542 19.999345 19.998893 19.997885 19.995702 19.991118 19.981771 19.963267 19.927699 19.861286 19.740764 19.528085 19.162966 18.553048 17.562305 16.001033 13.627914 10.190825 5.559139 0.000000 
50.000000 46.060403 42.292862 38.846918 35.831980 33.308034 31.285672 29.734029 28.593556 27.790088 27.247215 26.895215 26.676040 26.544897 26.469438 26.427654 26.405372 26.393920 26.388244 26.385528 26.384273 26.383712 26.383470 26.383369 26.383327 26.383311 26.383303 26.383296 26.383283 26.383252 26.383177 26.382999 26.382591 26.381678 26.379695 26.375512 26.366942 26.349873 26.316817 26.254509 26.140068 25.934961 25.575615 24.958977 23.920704 22.204066 19.423459 15.052822 8.557772 0.000000 
50.000000 47.277617 44.674126 42.292862 40.209430 38.465281 37.067738 35.995474 35.207342 34.652093 34.276929 34.033668 33.882198 33.791565 33.739415 33.710537 33.695137 33.687222 33.683299 33.681422 33.680554 33.680167 33.679999 33.679929 33.679901 33.679889 33.679883 33.679878 33.679868 33.679845 33.679788 33.679653 33.679342 33.678645 33.677127 33.673914 33.667306 33.654083 33.628315 33.579364 33.488528 33.323481 33.028850 32.509833 31.602571 30.018604 27.240040 22.337063 13.771364 0.000000 
50.000000 48.608422 47.277617 46.060403 44.995426 44.103877 43.389497 42.841387 42.438514 42.154684 41.962907 41.838556 41.761126 41.714795 41.688136 41.673373 41.665501 41.661454 41.659449 41.658489 41.658046 41.657847 41.657762 41.657726 41.657711 41.657705 41.657702 41.657700 41.657694 41.657682 41.657651 41.657578 41.657409 41.657031 41.656206 41.654456 41.650848 41.643604 41.629432 41.602367 41.551786 41.458973 41.290938 40.988629 40.442490 39.436287 37.502631 33.506253 24.304211 0.000000 
50.000000 50.000000 50.000000 50.000000 50.000000 50.000000 50.000000 50.000000 50.000000 50.000000 50.000000 50.000000 50.000000 50.000000 50.000000 50.000000 50.000000 50.000000 50.000000 50.000000 50.000000 50.000000 50.000000 50.000000 50.000000 50.000000 50.000000 50.000000 50.000000 50.000000 50.000000 50.000000 50.000000 50.000000 50.000000 50.000000 50.000000 50.000000 50.000000 50.000000 50.000000 50.000000 50.000000 50.000000 50.000000 50.000000 50.000000 50.000000 50.000000 50.000000 
