50.000000 50.000000 50.000000 50.000000 50.000000 50.000000 50.000000 50.000000 50.000000 50.000000 50.000000 50.000000 50.000000 50.000000 50.000000 50.000000 50.000000 50.000000 50.000000 50.000000 50.000000 50.000000 50.000000 50.000000 50.000000 50.000000 50.000000 50.000000 50.000000 50.000000 50.000000 50.000000 50.000000 50.000000 50.000000 50.000000 50.000000 50.000000 50.000000 50.000000 50.000000 50.000000 50.000000 50.000000 50.000000 50.000000 50.000000 50.000000 50.000000 50.000000 
50.000000 47.222030 44.685888 42.570428 40.955810 39.825812 39.098814 38.667613 38.431109 38.310783 38.253819 38.228649 38.218238 38.214195 38.212718 38.212208 38.212042 38.211991 38.211975 38.211971 38.211970 38.211970 38.211970 38.211970 38.211970 38.211970 38.211970 38.211970 38.211970 38.211970 38.211970 38.211969 38.211969 38.211966 38.211955 38.211919 38.211802 38.211437 38.210356 38.207295 38.199034 38.177745 38.125210 38.000495 37.713426 37.064489 35.595013 32.165149 23.611015 0.000000 
50.000000 44.685888 39.834414 35.787738 32.699190 30.537717 29.147152 28.322404 27.870069 27.639945 27.531006 27.482873 27.462965 27.455236 27.452411 27.451437 27.451119 27.451021 27.450992 27.450984 27.450982 27.450981 27.450981 27.450981 27.450981 27.450981 27.450981 27.450981 27.450981 27.450981 27.450981 27.450981 27.450980 27.450974 27.450957 27.450896 27.450697 27.450083 27.448267 27.443158 27.429476 27.394587 27.309778 27.112869 26.674812 25.737088 23.797298 19.917207 12.520738 0.000000 
50.000000 42.570428 35.787738 30.130331 25.812561 22.790960 20.847135 19.694315 19.062088 18.740467 18.588226 18.520966 18.493150 18.482351 18.478405 18.477044 18.476600 18.476463 18.476422 18.476411 18.476408 18.476407 18.476407 18.476407 18.476407 18.476407 18.476407 18.476407 18.476407 18.476407 18.476407 18.476407 18.476405 18.476399 18.476379 18.476309 18.476083 18.475386 18.473339 18.467625 18.452485 18.414407 18.323564 18.118037 17.677204 16.781743 15.065166 11.990440 6.975414 0.000000 
50.000000 40.955810 32.699190 25.812561 20.556837 16.879028 14.513197 13.110192 12.340819 11.949462 11.764228 11.682400 11.648562 11.635426 11.630627 11.628972 11.628433 11.628266 11.628217 11.628203 11.628199 11.628198 11.628198 11.628198 11.628198 11.628198 11.628198 11.628198 11.628198 11.628198 11.628198 11.628198 11.628196 11.628191 11.628172 11.628108 11.627901 11.627267 11.625417 11.620303 11.606905 11.573703 11.496001 11.324589 10.969049 10.278418 9.030818 6.962102 3.891320 0.000000 
50.000000 39.825812 30.537717 22.790960 16.879028 12.742225 10.081293 8.503393 7.638178 7.198106 6.989834 6.897837 6.859798 6.845033 6.839639 6.837779 6.837173 6.836985 6.836930 6.836915 6.836911 6.836910 6.836910 6.836909 6.836909 6.836909 6.836909 6.836909 6.836909 6.836909 6.836909 6.836909 6.836908 6.836904 6.836889 6.836839 6.836677 6.836186 6.834764 6.830868 6.820778 6.796129 6.739473 6.617304 6.371112 5.909979 5.113756 3.862905 2.112386 0.000000 
50.000000 39.098814 29.147152 20.847135 14.513197 10.081293 7.230693 5.540425 4.613658 4.142314 3.919260 3.820742 3.780010 3.764202 3.758427 3.756436 3.755787 3.755586 3.755527 3.755511 3.755507 3.755505 3.755505 3.755505 3.755505 3.755505 3.755505 3.755505 3.755505 3.755505 3.755505 3.755505 3.755504 3.755501 3.755491 3.755456 3.755346 3.755012 3.754053 3.751448 3.744773 3.728682 3.692288 3.615346 3.463989 3.188607 2.729098 2.034283 1.098319 0.000000 
50.000000 38.667613 28.322404 19.694315 13.110192 8.503393 5.540425 3.783614 2.820414 2.330570 2.098775 1.996404 1.954082 1.937657 1.931658 1.929590 1.928916 1.928708 1.928646 1.928629 1.928625 1.928624 1.928623 1.928623 1.928623 1.928623 1.928623 1.928623 1.928623 1.928623 1.928623 1.928623 1.928622 1.928621 1.928614 1.928593 1.928526 1.928323 1.927745 1.926186 1.922233 1.912813 1.891807 1.848137 1.763920 1.614191 1.370751 1.012627 0.542403 0.000000 
50.000000 38.431109 27.870069 19.062088 12.340819 7.638178 4.613658 2.820414 1.837277 1.337315 1.100743 0.996267 0.953077 0.936317 0.930195 0.928085 0.927397 0.927185 0.927122 0.927105 0.927100 0.927099 0.927099 0.927099 0.927099 0.927099 0.927099 0.927099 0.927099 0.927099 0.927099 0.927099 0.927098 0.927097 0.927094 0.927082 0.927045 0.926933 0.926618 0.925773 0.923648 0.918638 0.907601 0.884976 0.842049 0.767116 0.647681 0.475483 0.253364 0.000000 
50.000000 38.310783 27.639945 18.740467 11.949462 7.198106 4.142314 2.330570 1.337315 0.832221 0.593229 0.487687 0.444058 0.427128 0.420944 0.418813 0.418118 0.417903 0.417840 0.417823 0.417818 0.417817 0.417817 0.417816 0.417816 0.417816 0.417816 0.417816 0.417816 0.417816 0.417816 0.417816 0.417816 0.417816 0.417814 0.417808 0.417789 0.417733 0.417575 0.417156 0.416111 0.413666 0.408337 0.397541 0.377328 0.342557 0.287982 0.210469 0.111749 0.000000 
50.000000 38.253819 27.531006 18.588226 11.764228 6.989834 3.919260 2.098775 1.100743 0.593229 0.353095 0.247051 0.203215 0.186205 0.179992 0.177851 0.177153 0.176937 0.176874 0.176856 0.176852 0.176851 0.176850 0.176850 0.176850 0.176850 0.176850 0.176850 0.176850 0.176850 0.176850 0.176850 0.176850 0.176850 0.176849 0.176846 0.176837 0.176812 0.176739 0.176547 0.176072 0.174970 0.172589 0.167812 0.158966 0.143925 0.120601 0.087849 0.046524 0.000000 
50.000000 38.228649 27.482873 18.520966 11.682400 6.897837 3.820742 1.996404 0.996267 0.487687 0.247051 0.140786 0.096859 0.079814 0.073589 0.071443 0.070744 0.070528 0.070464 0.070447 0.070442 0.070441 0.070441 0.070440 0.070440 0.070440 0.070440 0.070440 0.070440 0.070440 0.070440 0.070440 0.070440 0.070440 0.070440 0.070439 0.070435 0.070424 0.070393 0.070312 0.070111 0.069650 0.068659 0.066689 0.063073 0.056983 0.047628 0.034607 0.018293 0.000000 
50.000000 38.218238 27.462965 18.493150 11.648562 6.859798 3.780010 1.954082 0.953077 0.444058 0.203215 0.096859 0.052896 0.035836 0.029606 0.027458 0.026758 0.026542 0.026478 0.026461 0.026456 0.026455 0.026455 0.026454 0.026454 0.026454 0.026454 0.026454 0.026454 0.026454 0.026454 0.026454 0.026454 0.026454 0.026454 0.026454 0.026452 0.026448 0.026436 0.026403 0.026325 0.026144 0.025759 0.024998 0.023612 0.021295 0.017764 0.012883 0.006800 0.000000 
50.000000 38.214195 27.455236 18.482351 11.635426 6.845033 3.764202 1.937657 0.936317 0.427128 0.186205 0.079814 0.035836 0.018771 0.012539 0.010391 0.009690 0.009474 0.009411 0.009393 0.009388 0.009387 0.009387 0.009386 0.009386 0.009386 0.009386 0.009386 0.009386 0.009386 0.009386 0.009386 0.009386 0.009386 0.009386 0.009386 0.009386 0.009384 0.009379 0.009367 0.009338 0.009272 0.009132 0.008855 0.008356 0.007525 0.006268 0.004539 0.002393 0.000000 
50.000000 38.212718 27.452411 18.478405 11.630627 6.839639 3.758427 1.931658 0.930195 0.420944 0.179992 0.073589 0.029606 0.012539 0.006305 0.004157 0.003457 0.003240 0.003177 0.003159 0.003154 0.003153 0.003153 0.003153 0.003153 0.003153 0.003153 0.003153 0.003153 0.003153 0.003153 0.003153 0.003153 0.003153 0.003153 0.003153 0.003152 0.003152 0.003150 0.003146 0.003136 0.003113 0.003065 0.002970 0.002800 0.002519 0.002096 0.001516 0.000798 0.000000 
50.000000 38.212208 27.451437 18.477044 11.628972 6.837779 3.756436 1.929590 0.928085 0.418813 0.177851 0.071443 0.027458 0.010391 0.004157 0.002009 0.001308 0.001092 0.001028 0.001011 0.001006 0.001005 0.001004 0.001004 0.001004 0.001004 0.001004 0.001004 0.001004 0.001004 0.001004 0.001004 0.001004 0.001004 0.001004 0.001004 0.001004 0.001004 0.001004 0.001002 0.000999 0.000991 0.000976 0.000945 0.000890 0.000800 0.000665 0.000481 0.000253 0.000000 
50.000000 38.212042 27.451119 18.476600 11.628433 6.837173 3.755787 1.928916 0.927397 0.418118 0.177153 0.070744 0.026758 0.009690 0.003457 0.001308 0.000608 0.000392 0.000328 0.000310 0.000306 0.000304 0.000304 0.000304 0.000304 0.000304 0.000304 0.000304 0.000304 0.000304 0.000304 0.000304 0.000304 0.000304 0.000304 0.000304 0.000304 0.000304 0.000304 0.000303 0.000302 0.000300 0.000295 0.000286 0.000269 0.000242 0.000201 0.000145 0.000076 0.000000 
50.000000 38.211991 27.451021 18.476463 11.628266 6.836985 3.755586 1.928708 0.927185 0.417903 0.176937 0.070528 0.026542 0.009474 0.003240 0.001092 0.000392 0.000175 0.000112 0.000094 0.000089 0.000088 0.000088 0.000088 0.000088 0.000088 0.000088 0.000088 0.000088 0.000088 0.000088 0.000088 0.000088 0.000088 0.000088 0.000088 0.000088 0.000088 0.000088 0.000087 0.000087 0.000086 0.000085 0.000082 0.000077 0.000070 0.000058 0.000042 0.000022 0.000000 
50.000000 38.211975 27.450992 18.476422 11.628217 6.836930 3.755527 1.928646 0.927122 0.417840 0.176874 0.070464 0.026478 0.009411 0.003177 0.001028 0.000328 0.000112 0.000048 0.000030 0.000026 0.000024 0.000024 0.000024 0.000024 0.000024 0.000024 0.000024 0.000024 0.000024 0.000024 0.000024 0.000024 0.000024 0.000024 0.000024 0.000024 0.000024 0.000024 0.000024 0.000024 0.000024 0.000023 0.000023 0.000021 0.000019 0.000016 0.000011 0.000006 0.000000 
50.000000 38.211971 27.450984 18.476411 11.628203 6.836915 3.755511 1.928629 0.927105 0.417823 0.176856 0.070447 0.026461 0.009393 0.003159 0.001011 0.000310 0.000094 0.000030 0.000013 0.000008 0.000007 0.000006 0.000006 0.000006 0.000006 0.000006 0.000006 0.000006 0.000006 0.000006 0.000006 0.000006 0.000006 0.000006 0.000006 0.000006 0.000006 0.000006 0.000006 0.000006 0.000006 0.000006 0.000006 0.000006 0.000005 0.000004 0.000003 0.000002 0.000000 
50.000000 38.211970 27.450982 18.476408 11.628199 6.836911 3.755507 1.928625 0.927100 0.417818 0.176852 0.070442 0.026456 0.009388 0.003154 0.001006 0.000306 0.000089 0.000026 0.000008 0.000003 0.000002 0.000002 0.000002 0.000002 0.000002 0.000002 0.000002 0.000002 0.000002 0.000002 0.000002 0.000002 0.000002 0.000002 0.000002 0.000002 0.000002 0.000002 0.000002 0.000002 0.000002 0.000002 0.000001 0.000001 0.000001 0.000001 0.000001 0.000000 0.000000 
50.000000 38.211970 27.450981 18.476407 11.628198 6.836910 3.755505 1.928624 0.927099 0.417817 0.176851 0.070441 0.026455 0.009387 0.003153 0.001005 0.000304 0.000088 0.000024 0.000007 0.000002 0.000001 0.000000 0.000000 0.000000 0.000000 0.000000 0.000000 0.000000 0.000000 0.000000 0.000000 0.000000 0.000000 0.000000 0.000000 0.000000 0.000000 0.000000 0.000000 0.000000 0.000000 0.000000 0.000000 0.000000 0.000000 0.000000 0.000000 0.000000 0.000000 
50.000000 38.211970 27.450981 18.476407 11.628198 6.836910 3.755505 1.928623 0.927099 0.417817 0.176850 0.070441 0.026455 0.009387 0.003153 0.001004 0.000304 0.000088 0.000024 0.000006 0.000002 0.000000 0.000000 0.000000 0.000000 0.000000 0.000000 0.000000 0.000000 0.000000 0.000000 0.000000 0.000000 0.000000 0.000000 0.000000 0.000000 0.000000 0.000000 0.000000 0.000000 0.000000 0.000000 0.000000 0.000000 0.000000 0.000000 0.000000 0.000000 0.000000 
50.000000 38.211970 27.450981 18.476407 11.628198 6.836909 3.755505 1.928623 0.927099 0.417816 0.176850 0.070440 0.026454 0.009386 0.003153 0.001004 0.000304 0.000088 0.000024 0.000006 0.000002 0.000000 0.000000 0.000000 0.000000 0.000000 0.000000 0.000000 0.000000 0.000000 0.000000 0.000000 0.000000 0.000000 0.000000 0.000000 0.000000 0.000000 0.000000 0.000000 0.000000 0.000000 0.000000 0.000000 0.000000 0.000000 0.000000 0.000000 0.000000 0.000000 
50.000000 38.211970 27.450981 18.476407 11.628198 6.836909 3.755505 1.928623 0.927099 0.417816 0.176850 0.070440 0.026454 0.009386 0.003153 0.001004 0.000304 0.000088 0.000024 0.000006 0.000002 0.000000 0.000000 0.000000 0.000000 0.000000 0.000000 0.000000 0.000000 0.000000 0.000000 0.000000 0.000000 0.000000 0.000000 0.000000 0.000000 0.000000 0.000000 0.000000 0.000000 0.000000 0.000000 0.000000 0.000000 0.000000 0.000000 0.000000 0.000000 0.000000 
50.000000 38.211970 27.450981 18.476407 11.628198 6.836909 3.755505 1.928623 0.927099 0.417816 0.176850 0.070440 0.026454 0.009386 0.003153 0.001004 0.000304 0.000088 0.000024 0.000006 0.000002 0.000000 0.000000 0.000000 0.000000 0.000000 0.000000 0.000000 0.000000 0.000000 0.000000 0.000000 0.000000 0.000000 0.000000 0.000000 0.000000 0.000000 0.000000 0.000000 0.000000 0.000000 0.000000 0.000000 0.000000 0.000000 0.000000 0.000000 0.000000 0.000000 
50.000000 38.211970 27.450981 18.476407 11.628198 6.836909 3.755505 1.928623 0.927099 0.417816 0.176850 0.070440 0.026454 0.009386 0.003153 0.001004 0.000304 0.000088 0.000024 0.000006 0.000002 0.000000 0.000000 0.000000 0.000000 0.000000 0.000000 0.000000 0.000000 0.000000 0.000000 0.000000 0.000000 0.000000 0.000000 0.000000 0.000000 0.000000 0.000000 0.000000 0.000000 0.000000 0.000000 0.000000 0.000000 0.000000 0.000000 0.000000 0.000000 0.000000 
50.000000 38.211970 27.450981 18.476407 11.628198 6.836910 3.755505 1.928623 0.927099 0.417817 0.176850 0.070441 0.026455 0.009387 0.003153 0.001004 0.000304 0.000088 0.000024 0.000006 0.000002 0.000000 0.000000 0.000000 0.000000 0.000000 0.000000 0.000000 0.000000 0.000000 0.000000 0.000000 0.000000 0.000000 0.000000 0.000000 0.000000 0.000000 0.000000 0.000000 0.000000 0.000000 0.000000 0.000000 0.000000 0.000000 0.000000 0.000000 0.000000 0.000000 
50.000000 38.211970 27.450981 18.476407 11.628198 6.836910 3.755505 1.928624 0.927099 0.417817 0.176851 0.070441 0.026455 0.009387 0.003153 0.001005 0.000304 0.000088 0.000024 0.000007 0.000002 0.000001 0.000000 0.000000 0.000000 0.000000 0.000000 0.000000 0.000000 0.000000 0.000000 0.000000 0.000000 0.000000 0.000000 0.000000 0.000000 0.000000 0.000000 0.000000 0.000000 0.000000 0.000000 0.000000 0.000000 0.000000 0.000000 0.000000 0.000000 0.000000 
50.000000 38.211970 27.450982 18.476408 11.628199 6.836911 3.755507 1.928625 0.927100 0.417818 0.176852 0.070442 0.026456 0.009388 0.003154 0.001006 0.000306 0.000089 0.000026 0.000008 0.000003 0.000002 0.000002 0.000002 0.000002 0.000002 0.000002 0.000002 0.000002 0.000002 0.000002 0.000002 0.000002 0.000002 0.000002 0.000002 0.000002 0.000002 0.000002 0.000002 0.000002 0.000002 0.000002 0.000001 0.000001 0.000001 0.000001 0.000001 0.000000 0.000000 
50.000000 38.211971 27.450984 18.476411 11.628203 6.836915 3.755511 1.928629 0.927105 0.417823 0.176856 0.070447 0.026461 0.009393 0.003159 0.001011 0.000310 0.000094 0.000030 0.000013 0.000008 0.000007 0.000006 0.000006 0.000006 0.000006 0.000006 0.000006 0.000006 0.000006 0.000006 0.000006 0.000006 0.000006 0.000006 0.000006 0.000006 0.000006 0.000006 0.000006 0.000006 0.000006 0.000006 0.000006 0.000006 0.000005 0.000004 0.000003 0.000002 0.000000 
50.000000 38.211975 27.450992 18.476422 11.628217 6.836930 3.755527 1.928646 0.927122 0.417840 0.176874 0.070464 0.026478 0.009411 0.003177 0.001028 0.000328 0.000112 0.000048 0.000030 0.000026 0.000024 0.000024 0.000024 0.000024 0.000024 0.000024 0.000024 0.000024 0.000024 0.000024 0.000024 0.000024 0.000024 0.000024 0.000024 0.000024 0.000024 0.000024 0.000024 0.000024 0.000024 0.000023 0.000023 0.000021 0.000019 0.000016 0.000011 0.000006 0.000000 
50.000000 38.211991 27.451021 18.476463 11.628266 6.836985 3.755586 1.928708 0.927185 0.417903 0.176937 0.070528 0.026542 0.009474 0.003240 0.001092 0.000392 0.000175 0.000112 0.000094 0.000089 0.000088 0.000088 0.000088 0.000088 0.000088 0.000088 0.000088 0.000088 0.000088 0.000088 0.000088 0.000088 0.000088 0.000088 0.000088 0.000088 0.000088 0.000088 0.000087 0.000087 0.000086 0.000085 0.000082 0.000077 0.000070 0.000058 0.000042 0.000022 0.000000 
50.000000 38.212042 27.451119 18.476600 11.628433 6.837173 3.755787 1.928916 0.927397 0.418118 0.177153 0.070744 0.026758 0.009690 0.003457 0.001308 0.000608 0.000392 0.000328 0.000310 0.000306 0.000304 0.000304 0.000304 0.000304 0.000304 0.000304 0.000304 0.000304 0.000304 0.000304 0.000304 0.000304 0.000304 0.000304 0.000304 0.000304 0.000304 0.000304 0.000303 0.000302 0.000300 0.000295 0.000286 0.000269 0.000242 0.000201 0.000145 0.000076 0.000000 
50.000000 38.212208 27.451437 18.477044 11.628972 6.837779 3.756436 1.929590 0.928085 0.418813 0.177851 0.071443 0.027458 0.010391 0.004157 0.002009 0.001308 0.001092 0.001028 0.001011 0.001006 0.001005 0.001004 0.001004 0.001004 0.001004 0.001004 0.001004 0.001004 0.001004 0.001004 0.001004 0.001004 0.001004 0.001004 0.001004 0.001004 0.001004 0.001004 0.001002 0.000999 0.000991 0.000976 0.000945 0.000890 0.000800 0.000665 0.000481 0.000253 0.000000 
50.000000 38.212718 27.452411 18.478405 11.630627 6.839639 3.758427 1.931658 0.930195 0.420944 0.179992 0.073589 0.029606 0.012539 0.006305 0.004157 0.003457 0.003240 0.003177 0.003159 0.003154 0.003153 0.003153 0.003153 0.003153 0.003153 0.003153 0.003153 0.003153 0.003153 0.003153 0.003153 0.003153 0.003153 0.003153 0.003153 0.003152 0.003152 0.003150 0.003146 0.003136 0.003113 0.003065 0.002970 0.002800 0.002519 0.002096 0.001516 0.000798 0.000000 
50.000000 38.214195 27.455236 18.482351 11.635426 6.845033 3.764202 1.937657 0.936317 0.427128 0.186205 0.079814 0.035836 0.018771 0.012539 0.010391 0.009690 0.009474 0.009411 0.009393 0.009388 0.009387 0.009387 0.009386 0.009386 0.009386 0.009386 0.009386 0.009386 0.009386 0.009386 0.009386 0.009386 0.009386 0.009386 0.009386 0.009386 0.009384 0.009379 0.009367 0.009338 0.009272 0.009132 0.008855 0.008356 0.007525 0.006268 0.004539 0.002393 0.000000 
50.000000 38.218238 27.462965 18.493150 11.648562 6.859798 3.780010 1.954082 0.953077 0.444058 0.203215 0.096859 0.052896 0.035836 0.029606 0.027458 0.026758 0.026542 0.026478 0.026461 0.026456 0.026455 0.026455 0.026454 0.026454 0.026454 0.026454 0.026454 0.026454 0.026454 0.026454 0.026454 0.026454 0.026454 0.026454 0.026454 0.026452 0.026448 0.026436 0.026403 0.026325 0.026144 0.025759 0.024998 0.023612 0.021295 0.017764 0.012883 0.006800 0.000000 
50.000000 38.228649 27.482873 18.520966 11.682400 6.897837 3.820742 1.996404 0.996267 0.487687 0.247051 0.140786 0.096859 0.079814 0.073589 0.071443 0.070744 0.070528 0.070464 0.070447 0.070442 0.070441 0.070441 0.070440 0.070440 0.070440 0.070440 0.070440 0.070440 0.070440 0.070440 0.070440 0.070440 0.070440 0.070440 0.070439 0.070435 0.070424 0.070393 0.070312 0.070111 0.069650 0.068659 0.066689 0.063073 0.056983 0.047628 0.034607 0.018293 0.000000 
50.000000 38.253819 27.531006 18.588226 11.764228 6.989834 3.919260 2.098775 1.100743 0.593229 0.353095 0.247051 0.203215 0.186205 0.179992 0.177851 0.177153 0.176937 0.176874 0.176856 0.176852 0.176851 0.176850 0.176850 0.176850 0.176850 0.176850 0.176850 0.176850 0.176850 0.176850 0.176850 0.176850 0.176850 0.176849 0.176846 0.176837 0.176812 0.176739 0.176547 0.176072 0.174970 0.172589 0.167812 0.158966 0.143925 0.120601 0.087849 0.046524 0.000000 
50.000000 38.310783 27.639945 18.740467 11.949462 7.198106 4.142314 2.330570 1.337315 0.832221 0.593229 0.487687 0.444058 0.427128 0.420944 0.418813 0.418118 0.417903 0.417840 0.417823 0.417818 0.417817 0.417817 0.417816 0.417816 0.417816 0.417816 0.417816 0.417816 0.417816 0.417816 0.417816 0.417816 0.417816 0.417814 0.417808 0.417789 0.417733 0.417575 0.417156 0.416111 0.413666 0.408337 0.397541 0.377328 0.342557 0.287982 0.210469 0.111749 0.000000 
50.000000 38.431109 27.870069 19.062088 12.340819 7.638178 4.613658 2.820414 1.837277 1.337315 1.100743 0.996267 0.953077 0.936317 0.930195 0.928085 0.927397 0.927185 0.927122 0.927105 0.927100 0.927099 0.927099 0.927099 0.927099 0.927099 0.927099 0.927099 0.927099 0.927099 0.927099 0.927099 0.927098 0.927097 0.927094 0.927082 0.927045 0.926933 0.926618 0.925773 0.923648 0.918638 0.907601 0.884976 0.842049 0.767116 0.647681 0.475483 0.253364 0.000000 
50.000000 38.667613 28.322404 19.694315 13.110192 8.503393 5.540425 3.783614 2.820414 2.330570 2.098775 1.996404 1.954082 1.937657 1.931658 1.929590 1.928916 1.928708 1.928646 1.928629 1.928625 1.928624 1.928623 1.928623 1.928623 1.928623 1.928623 1.928623 1.928623 1.928623 1.928623 1.928623 1.928622 1.928621 1.928614 1.928593 1.928526 1.928323 1.927745 1.926186 1.922233 1.912813 1.891807 1.848137 1.763920 1.614191 1.370751 1.012627 0.542403 0.000000 
50.000000 39.098814 29.147152 20.847135 14.513197 10.081293 7.230693 5.540425 4.613658 4.142314 3.919260 3.820742 3.780010 3.764202 3.758427 3.756436 3.755787 3.755586 3.755527 3.755511 3.755507 3.755505 3.755505 3.755505 3.755505 3.755505 3.755505 3.755505 3.755505 3.755505 3.755505 3.755505 3.755504 3.755501 3.755491 3.755456 3.755346 3.755012 3.754053 3.751448 3.744773 3.728682 3.692288 3.615346 3.463989 3.188607 2.729098 2.034283 1.098319 0.000000 
50.000000 39.825812 30.537717 22.790960 16.879028 12.742225 10.081293 8.503393 7.638178 7.198106 6.989834 6.897837 6.859798 6.845033 6.839639 6.837779 6.837173 6.836985 6.836930 6.836915 6.836911 6.836910 6.836910 6.836909 6.836909 6.836909 6.836909 6.836909 6.836909 6.836909 6.836909 6.836909 6.836908 6.836904 6.836889 6.836839 6.836677 6.836186 6.834764 6.830868 6.820778 6.796129 6.739473 6.617304 6.371112 5.909979 5.113756 3.862905 2.112386 0.000000 
50.000000 40.955810 32.699190 25.812561 20.556837 16.879028 14.513197 13.110192 12.340819 11.949462 11.764228 11.682400 11.648562 11.635426 11.630627 11.628972 11.628433 11.628266 11.628217 11.628203 11.628199 11.628198 11.628198 11.628198 11.628198 11.628198 11.628198 11.628198 11.628198 11.628198 11.628198 11.628198 11.628196 11.628191 11.628172 11.628108 11.627901 11.627267 11.625417 11.620303 11.606905 11.573703 11.496001 11.324589 10.969049 10.278418 9.030818 6.962102 3.891320 0.000000 
50.000000 42.570428 35.787738 30.130331 25.812561 22.790960 20.847135 19.694315 19.062088 18.740467 18.588226 18.520966 18.493150 18.482351 18.478405 18.477044 18.476600 18.476463 18.476422 18.476411 18.476408 18.476407 18.476407 18.476407 18.476407 18.476407 18.476407 18.476407 18.476407 18.476407 18.476407 18.476407 18.476405 18.476399 18.476379 18.476309 18.476083 18.475386 18.473339 18.467625 18.452485 18.414407 18.323564 18.118037 17.677204 16.781743 15.065166 11.990440 6.975414 0.000000 
50.000000 44.685888 39.834414 35.787738 32.699190 30.537717 29.147152 28.322404 27.870069 27.639945 27.531006 27.482873 27.462965 27.455236 27.452411 27.451437 27.451119 27.451021 27.450992 27.450984 27.450982 27.450981 27.450981 27.450981 27.450981 27.450981 27.450981 27.450981 27.450981 27.450981 27.450981 27.450981 27.450980 27.450974 27.450957 27.450896 27.450697 27.450083 27.448267 27.443158 27.429476 27.394587 27.309778 27.112869 26.674812 25.737088 23.797298 19.917207 12.520738 0.000000 
50.000000 47.222030 44.685888 42.570428 40.955810 39.825812 39.098814 38.667613 38.431109 38.310783 38.253819 38.228649 38.218238 38.214195 38.212718 38.212208 38.212042 38.211991 38.211975 38.211971 38.211970 38.211970 38.211970 38.211970 38.211970 38.211970 38.211970 38.211970 38.211970 38.211970 38.211970 38.211969 38.211969 38.211966 38.211955 38.211919 38.211802 38.211437 38.210356 38.207295 38.199034 38.177745 38.125210 38.000495 37.713426 37.064489 35.595013 32.165149 23.611015 0.000000 
50.000000 50.000000 50.000000 50.000000 50.000000 50.000000 50.000000 50.000000 50.000000 50.000000 50.000000 50.000000 50.000000 50.000000 50.000000 50.000000 50.000000 50.000000 50.000000 50.000000 50.000000 50.000000 50.000000 50.000000 50.000000 50.000000 50.000000 50.000000 50.000000 50.000000 50.000000 50.000000 50.000000 50.000000 50.000000 50.000000 50.000000 50.000000 50.000000 50.000000 50.000000 50.000000 50.000000 50.000000 50.000000 50.000000 50.000000 50.000000 50.000000 50.000000 
