50.000000 50.000000 50.000000 50.000000 50.000000 50.000000 50.000000 50.000000 50.000000 50.000000 50.000000 50.000000 50.000000 50.000000 50.000000 50.000000 50.000000 50.000000 50.000000 50.000000 50.000000 50.000000 50.000000 50.000000 50.000000 50.000000 50.000000 50.000000 50.000000 50.000000 50.000000 50.000000 50.000000 50.000000 50.000000 50.000000 50.000000 50.000000 50.000000 50.000000 50.000000 50.000000 50.000000 50.000000 50.000000 50.000000 50.000000 50.000000 50.000000 50.000000 
50.000000 47.264962 44.764346 42.672469 41.069042 39.940665 39.209848 38.773023 38.531355 38.407230 38.347865 38.321348 38.310254 38.305895 38.304282 38.303718 38.303532 38.303474 38.303456 38.303451 38.303450 38.303450 38.303450 38.303449 38.303449 38.303449 38.303449 38.303449 38.303449 38.303449 38.303449 38.303449 38.303448 38.303445 38.303433 38.303393 38.303264 38.302866 38.301700 38.298437 38.289722 38.267479 38.213079 38.084979 37.792227 37.134490 35.652478 32.206228 23.632481 0.000000 
50.000000 44.764346 39.977480 35.973106 32.903808 30.743916 29.345059 28.508965 28.046424 27.808867 27.695256 27.644511 27.623282 27.614940 27.611854 27.610776 27.610420 27.610308 27.610275 27.610266 27.610263 27.610262 27.610262 27.610262 27.610262 27.610262 27.610262 27.610262 27.610262 27.610262 27.610262 27.610262 27.610260 27.610254 27.610234 27.610166 27.609947 27.609275 27.607312 27.601852 27.587380 27.550830 27.462775 27.259974 26.812025 25.858979 23.897362 19.988740 12.558118 0.000000 
50.000000 42.672469 35.973106 30.368981 26.073626 23.051065 21.093593 19.923680 19.276505 18.944144 18.785205 18.714219 18.684525 18.672859 18.668542 18.667035 18.666537 18.666381 18.666334 18.666321 18.666318 18.666317 18.666316 18.666316 18.666316 18.666316 18.666316 18.666316 18.666316 18.666316 18.666316 18.666316 18.666314 18.666307 18.666284 18.666205 18.665954 18.665189 18.662968 18.656837 18.640755 18.600699 18.505988 18.293440 17.840817 16.927091 15.184491 12.075744 7.019991 0.000000 
50.000000 41.069042 32.903808 26.073626 20.838730 17.155203 14.769811 13.344237 12.555692 12.150762 11.957136 11.870667 11.834500 11.820291 11.815035 11.813200 11.812593 11.812403 11.812347 11.812331 11.812326 11.812325 11.812325 11.812325 11.812325 11.812325 11.812325 11.812325 11.812325 11.812325 11.812325 11.812324 11.812322 11.812316 11.812295 11.812222 11.811991 11.811291 11.809273 11.803755 11.789446 11.754329 11.672881 11.494666 11.127699 10.419365 9.146535 7.044829 3.934552 0.000000 
50.000000 39.940665 30.743916 23.051065 17.155203 13.006784 10.320488 8.715192 7.827301 7.371392 7.153409 7.056072 7.015362 6.999371 6.993456 6.991391 6.990708 6.990494 6.990431 6.990413 6.990408 6.990407 6.990406 6.990406 6.990406 6.990406 6.990406 6.990406 6.990406 6.990406 6.990406 6.990406 6.990404 6.990399 6.990382 6.990325 6.990144 6.989598 6.988036 6.983804 6.972956 6.946713 6.886938 6.759104 6.503392 6.027504 5.210248 3.931891 2.148438 0.000000 
50.000000 39.209848 29.345059 21.093593 14.769811 10.320488 7.439489 5.717945 4.765819 4.276963 4.043245 3.938891 3.895250 3.878109 3.871769 3.869556 3.868825 3.868596 3.868527 3.868508 3.868503 3.868501 3.868501 3.868501 3.868501 3.868501 3.868501 3.868501 3.868501 3.868501 3.868501 3.868501 3.868500 3.868496 3.868484 3.868445 3.868320 3.867946 3.866884 3.864032 3.856801 3.839539 3.800852 3.719745 3.561383 3.275144 2.800153 2.085085 1.124869 0.000000 
50.000000 38.773023 28.508965 19.923680 13.344237 8.715192 5.717945 3.927021 2.936576 2.428075 2.184981 2.076447 2.031061 2.013236 2.006644 2.004343 2.003583 2.003345 2.003274 2.003254 2.003248 2.003247 2.003246 2.003246 2.003246 2.003246 2.003246 2.003246 2.003246 2.003246 2.003246 2.003246 2.003246 2.003243 2.003236 2.003211 2.003134 2.002905 2.002259 2.000539 1.996219 1.986028 1.963510 1.917093 1.828254 1.671356 1.417692 1.046191 0.559945 0.000000 
50.000000 38.531355 28.046424 19.276505 12.555692 7.827301 4.765819 2.936576 1.924979 1.405640 1.157376 1.046538 1.000192 0.981991 0.975260 0.972910 0.972134 0.971891 0.971819 0.971798 0.971793 0.971791 0.971791 0.971791 0.971791 0.971791 0.971791 0.971791 0.971791 0.971791 0.971791 0.971791 0.971791 0.971789 0.971785 0.971771 0.971728 0.971601 0.971245 0.970303 0.967960 0.962489 0.950548 0.926280 0.880588 0.801363 0.675806 0.495594 0.263876 0.000000 
50.000000 38.407230 27.808867 18.944144 12.150762 7.371392 4.276963 2.428075 1.405640 0.880751 0.629841 0.517826 0.470989 0.452596 0.445794 0.443420 0.442636 0.442390 0.442317 0.442296 0.442291 0.442289 0.442289 0.442289 0.442289 0.442289 0.442289 0.442289 0.442289 0.442289 0.442289 0.442289 0.442288 0.442288 0.442286 0.442279 0.442257 0.442192 0.442013 0.441541 0.440375 0.437680 0.431856 0.420162 0.398436 0.361316 0.303389 0.221487 0.117508 0.000000 
50.000000 38.347865 27.695256 18.785205 11.957136 7.153409 4.043245 2.184981 1.157376 0.629841 0.377671 0.265095 0.218025 0.199540 0.192705 0.190319 0.189531 0.189284 0.189211 0.189190 0.189184 0.189183 0.189182 0.189182 0.189182 0.189182 0.189182 0.189182 0.189182 0.189182 0.189182 0.189182 0.189182 0.189182 0.189181 0.189178 0.189167 0.189137 0.189054 0.188835 0.188300 0.187072 0.184442 0.179213 0.169605 0.153382 0.128368 0.093404 0.049428 0.000000 
50.000000 38.321348 27.644511 18.714219 11.870667 7.056072 3.938891 2.076447 1.046538 0.517826 0.265095 0.152271 0.105097 0.086572 0.079721 0.077330 0.076540 0.076293 0.076220 0.076199 0.076193 0.076192 0.076191 0.076191 0.076191 0.076191 0.076191 0.076191 0.076191 0.076191 0.076191 0.076191 0.076191 0.076191 0.076190 0.076189 0.076185 0.076171 0.076135 0.076042 0.075814 0.075293 0.074187 0.072006 0.068036 0.061394 0.051251 0.037199 0.019648 0.000000 
50.000000 38.310254 27.623282 18.684525 11.834500 7.015362 3.895250 2.031061 1.000192 0.470989 0.218025 0.105097 0.057879 0.039337 0.032481 0.030088 0.029297 0.029050 0.028976 0.028955 0.028949 0.028948 0.028948 0.028948 0.028948 0.028948 0.028948 0.028948 0.028948 0.028948 0.028948 0.028948 0.028948 0.028947 0.028947 0.028947 0.028945 0.028940 0.028925 0.028888 0.028797 0.028591 0.028156 0.027304 0.025764 0.023209 0.019336 0.014007 0.007388 0.000000 
50.000000 38.305895 27.614940 18.672859 11.820291 6.999371 3.878109 2.013236 0.981991 0.452596 0.199540 0.086572 0.039337 0.020789 0.013930 0.011536 0.010745 0.010498 0.010424 0.010403 0.010397 0.010396 0.010396 0.010396 0.010396 0.010396 0.010396 0.010396 0.010396 0.010396 0.010396 0.010396 0.010396 0.010396 0.010395 0.010395 0.010395 0.010393 0.010387 0.010373 0.010339 0.010263 0.010102 0.009789 0.009227 0.008300 0.006904 0.004994 0.002631 0.000000 
50.000000 38.304282 27.611854 18.668542 11.815035 6.993456 3.871769 2.006644 0.975260 0.445794 0.192705 0.079721 0.032481 0.013930 0.007071 0.004676 0.003885 0.003638 0.003564 0.003543 0.003537 0.003536 0.003536 0.003535 0.003535 0.003535 0.003535 0.003535 0.003535 0.003535 0.003535 0.003535 0.003535 0.003535 0.003535 0.003535 0.003535 0.003534 0.003532 0.003527 0.003516 0.003489 0.003433 0.003325 0.003131 0.002813 0.002337 0.001688 0.000889 0.000000 
50.000000 38.303718 27.610776 18.667035 11.813200 6.991391 3.869556 2.004343 0.972910 0.443420 0.190319 0.077330 0.030088 0.011536 0.004676 0.002282 0.001491 0.001243 0.001169 0.001148 0.001143 0.001141 0.001141 0.001141 0.001141 0.001141 0.001141 0.001141 0.001141 0.001141 0.001141 0.001141 0.001141 0.001141 0.001141 0.001141 0.001141 0.001140 0.001140 0.001138 0.001134 0.001125 0.001107 0.001071 0.001008 0.000905 0.000751 0.000542 0.000285 0.000000 
50.000000 38.303532 27.610420 18.666537 11.812593 6.990708 3.868825 2.003583 0.972134 0.442636 0.189531 0.076540 0.029297 0.010745 0.003885 0.001491 0.000700 0.000452 0.000378 0.000357 0.000352 0.000350 0.000350 0.000350 0.000350 0.000350 0.000350 0.000350 0.000350 0.000350 0.000350 0.000350 0.000350 0.000350 0.000350 0.000350 0.000350 0.000350 0.000350 0.000349 0.000348 0.000345 0.000339 0.000328 0.000309 0.000277 0.000230 0.000166 0.000087 0.000000 
50.000000 38.303474 27.610308 18.666381 11.812403 6.990494 3.868596 2.003345 0.971891 0.442390 0.189284 0.076293 0.029050 0.010498 0.003638 0.001243 0.000452 0.000204 0.000131 0.000110 0.000104 0.000103 0.000102 0.000102 0.000102 0.000102 0.000102 0.000102 0.000102 0.000102 0.000102 0.000102 0.000102 0.000102 0.000102 0.000102 0.000102 0.000102 0.000102 0.000102 0.000102 0.000101 0.000099 0.000096 0.000090 0.000081 0.000067 0.000048 0.000025 0.000000 
50.000000 38.303456 27.610275 18.666334 11.812347 6.990431 3.868527 2.003274 0.971819 0.442317 0.189211 0.076220 0.028976 0.010424 0.003564 0.001169 0.000378 0.000131 0.000057 0.000036 0.000030 0.000029 0.000029 0.000028 0.000028 0.000028 0.000028 0.000028 0.000028 0.000028 0.000028 0.000028 0.000028 0.000028 0.000028 0.000028 0.000028 0.000028 0.000028 0.000028 0.000028 0.000028 0.000028 0.000027 0.000025 0.000022 0.000019 0.000013 0.000007 0.000000 
50.000000 38.303451 27.610266 18.666321 11.812331 6.990413 3.868508 2.003254 0.971798 0.442296 0.189190 0.076199 0.028955 0.010403 0.003543 0.001148 0.000357 0.000110 0.000036 0.000015 0.000010 0.000008 0.000008 0.000008 0.000008 0.000008 0.000008 0.000008 0.000008 0.000008 0.000008 0.000008 0.000008 0.000008 0.000008 0.000008 0.000008 0.000008 0.000008 0.000008 0.000008 0.000007 0.000007 0.000007 0.000007 0.000006 0.000005 0.000004 0.000002 0.000000 
50.000000 38.303450 27.610263 18.666318 11.812326 6.990408 3.868503 2.003248 0.971793 0.442291 0.189184 0.076193 0.028949 0.010397 0.003537 0.001143 0.000352 0.000104 0.000030 0.000010 0.000004 0.000002 0.000002 0.000002 0.000002 0.000002 0.000002 0.000002 0.000002 0.000002 0.000002 0.000002 0.000002 0.000002 0.000002 0.000002 0.000002 0.000002 0.000002 0.000002 0.000002 0.000002 0.000002 0.000002 0.000002 0.000002 0.000001 0.000001 0.000000 0.000000 
50.000000 38.303450 27.610262 18.666317 11.812325 6.990407 3.868501 2.003247 0.971791 0.442289 0.189183 0.076192 0.028948 0.010396 0.003536 0.001141 0.000350 0.000103 0.000029 0.000008 0.000002 0.000001 0.000001 0.000000 0.000000 0.000000 0.000000 0.000000 0.000000 0.000000 0.000000 0.000000 0.000000 0.000000 0.000000 0.000000 0.000000 0.000000 0.000000 0.000000 0.000000 0.000000 0.000000 0.000000 0.000000 0.000000 0.000000 0.000000 0.000000 0.000000 
50.000000 38.303450 27.610262 18.666316 11.812325 6.990406 3.868501 2.003246 0.971791 0.442289 0.189182 0.076191 0.028948 0.010396 0.003536 0.001141 0.000350 0.000102 0.000029 0.000008 0.000002 0.000001 0.000000 0.000000 0.000000 0.000000 0.000000 0.000000 0.000000 0.000000 0.000000 0.000000 0.000000 0.000000 0.000000 0.000000 0.000000 0.000000 0.000000 0.000000 0.000000 0.000000 0.000000 0.000000 0.000000 0.000000 0.000000 0.000000 0.000000 0.000000 
50.000000 38.303449 27.610262 18.666316 11.812325 6.990406 3.868501 2.003246 0.971791 0.442289 0.189182 0.076191 0.028948 0.010396 0.003535 0.001141 0.000350 0.000102 0.000028 0.000008 0.000002 0.000000 0.000000 0.000000 0.000000 0.000000 0.000000 0.000000 0.000000 0.000000 0.000000 0.000000 0.000000 0.000000 0.000000 0.000000 0.000000 0.000000 0.000000 0.000000 0.000000 0.000000 0.000000 0.000000 0.000000 0.000000 0.000000 0.000000 0.000000 0.000000 
50.000000 38.303449 27.610262 18.666316 11.812325 6.990406 3.868501 2.003246 0.971791 0.442289 0.189182 0.076191 0.028948 0.010396 0.003535 0.001141 0.000350 0.000102 0.000028 0.000008 0.000002 0.000000 0.000000 0.000000 0.000000 0.000000 0.000000 0.000000 0.000000 0.000000 0.000000 0.000000 0.000000 0.000000 0.000000 0.000000 0.000000 0.000000 0.000000 0.000000 0.000000 0.000000 0.000000 0.000000 0.000000 0.000000 0.000000 0.000000 0.000000 0.000000 
50.000000 38.303449 27.610262 18.666316 11.812325 6.990406 3.868501 2.003246 0.971791 0.442289 0.189182 0.076191 0.028948 0.010396 0.003535 0.001141 0.000350 0.000102 0.000028 0.000008 0.000002 0.000000 0.000000 0.000000 0.000000 0.000000 0.000000 0.000000 0.000000 0.000000 0.000000 0.000000 0.000000 0.000000 0.000000 0.000000 0.000000 0.000000 0.000000 0.000000 0.000000 0.000000 0.000000 0.000000 0.000000 0.000000 0.000000 0.000000 0.000000 0.000000 
50.000000 38.303449 27.610262 18.666316 11.812325 6.990406 3.868501 2.003246 0.971791 0.442289 0.189182 0.076191 0.028948 0.010396 0.003535 0.001141 0.000350 0.000102 0.000028 0.000008 0.000002 0.000000 0.000000 0.000000 0.000000 0.000000 0.000000 0.000000 0.000000 0.000000 0.000000 0.000000 0.000000 0.000000 0.000000 0.000000 0.000000 0.000000 0.000000 0.000000 0.000000 0.000000 0.000000 0.000000 0.000000 0.000000 0.000000 0.000000 0.000000 0.000000 
50.000000 38.303450 27.610262 18.666316 11.812325 6.990406 3.868501 2.003246 0.971791 0.442289 0.189182 0.076191 0.028948 0.010396 0.003536 0.001141 0.000350 0.000102 0.000029 0.000008 0.000002 0.000001 0.000000 0.000000 0.000000 0.000000 0.000000 0.000000 0.000000 0.000000 0.000000 0.000000 0.000000 0.000000 0.000000 0.000000 0.000000 0.000000 0.000000 0.000000 0.000000 0.000000 0.000000 0.000000 0.000000 0.000000 0.000000 0.000000 0.000000 0.000000 
50.000000 38.303450 27.610262 18.666317 11.812325 6.990407 3.868501 2.003247 0.971791 0.442289 0.189183 0.076192 0.028948 0.010396 0.003536 0.001141 0.000350 0.000103 0.000029 0.000008 0.000002 0.000001 0.000001 0.000000 0.000000 0.000000 0.000000 0.000000 0.000000 0.000000 0.000000 0.000000 0.000000 0.000000 0.000000 0.000000 0.000000 0.000000 0.000000 0.000000 0.000000 0.000000 0.000000 0.000000 0.000000 0.000000 0.000000 0.000000 0.000000 0.000000 
50.000000 38.303450 27.610263 18.666318 11.812326 6.990408 3.868503 2.003248 0.971793 0.442291 0.189184 0.076193 0.028949 0.010397 0.003537 0.001143 0.000352 0.000104 0.000030 0.000010 0.000004 0.000002 0.000002 0.000002 0.000002 0.000002 0.000002 0.000002 0.000002 0.000002 0.000002 0.000002 0.000002 0.000002 0.000002 0.000002 0.000002 0.000002 0.000002 0.000002 0.000002 0.000002 0.000002 0.000002 0.000002 0.000002 0.000001 0.000001 0.000000 0.000000 
50.000000 38.303451 27.610266 18.666321 11.812331 6.990413 3.868508 2.003254 0.971798 0.442296 0.189190 0.076199 0.028955 0.010403 0.003543 0.001148 0.000357 0.000110 0.000036 0.000015 0.000010 0.000008 0.000008 0.000008 0.000008 0.000008 0.000008 0.000008 0.000008 0.000008 0.000008 0.000008 0.000008 0.000008 0.000008 0.000008 0.000008 0.000008 0.000008 0.000008 0.000008 0.000007 0.000007 0.000007 0.000007 0.000006 0.000005 0.000004 0.000002 0.000000 
50.000000 38.303456 27.610275 18.666334 11.812347 6.990431 3.868527 2.003274 0.971819 0.442317 0.189211 0.076220 0.028976 0.010424 0.003564 0.001169 0.000378 0.000131 0.000057 0.000036 0.000030 0.000029 0.000029 0.000028 0.000028 0.000028 0.000028 0.000028 0.000028 0.000028 0.000028 0.000028 0.000028 0.000028 0.000028 0.000028 0.000028 0.000028 0.000028 0.000028 0.000028 0.000028 0.000028 0.000027 0.000025 0.000022 0.000019 0.000013 0.000007 0.000000 
50.000000 38.303474 27.610308 18.666381 11.812403 6.990494 3.868596 2.003345 0.971891 0.442390 0.189284 0.076293 0.029050 0.010498 0.003638 0.001243 0.000452 0.000204 0.000131 0.000110 0.000104 0.000103 0.000102 0.000102 0.000102 0.000102 0.000102 0.000102 0.000102 0.000102 0.000102 0.000102 0.000102 0.000102 0.000102 0.000102 0.000102 0.000102 0.000102 0.000102 0.000102 0.000101 0.000099 0.000096 0.000090 0.000081 0.000067 0.000048 0.000025 0.000000 
50.000000 38.303532 27.610420 18.666537 11.812593 6.990708 3.868825 2.003583 0.972134 0.442636 0.189531 0.076540 0.029297 0.010745 0.003885 0.001491 0.000700 0.000452 0.000378 0.000357 0.000352 0.000350 0.000350 0.000350 0.000350 0.000350 0.000350 0.000350 0.000350 0.000350 0.000350 0.000350 0.000350 0.000350 0.000350 0.000350 0.000350 0.000350 0.000350 0.000349 0.000348 0.000345 0.000339 0.000328 0.000309 0.000277 0.000230 0.000166 0.000087 0.000000 
50.000000 38.303718 27.610776 18.667035 11.813200 6.991391 3.869556 2.004343 0.972910 0.443420 0.190319 0.077330 0.030088 0.011536 0.004676 0.002282 0.001491 0.001243 0.001169 0.001148 0.001143 0.001141 0.001141 0.001141 0.001141 0.001141 0.001141 0.001141 0.001141 0.001141 0.001141 0.001141 0.001141 0.001141 0.001141 0.001141 0.001141 0.001140 0.001140 0.001138 0.001134 0.001125 0.001107 0.001071 0.001008 0.000905 0.000751 0.000542 0.000285 0.000000 
50.000000 38.304282 27.611854 18.668542 11.815035 6.993456 3.871769 2.006644 0.975260 0.445794 0.192705 0.079721 0.032481 0.013930 0.007071 0.004676 0.003885 0.003638 0.003564 0.003543 0.003537 0.003536 0.003536 0.003535 0.003535 0.003535 0.003535 0.003535 0.003535 0.003535 0.003535 0.003535 0.003535 0.003535 0.003535 0.003535 0.003535 0.003534 0.003532 0.003527 0.003516 0.003489 0.003433 0.003325 0.003131 0.002813 0.002337 0.001688 0.000889 0.000000 
50.000000 38.305895 27.614940 18.672859 11.820291 6.999371 3.878109 2.013236 0.981991 0.452596 0.199540 0.086572 0.039337 0.020789 0.013930 0.011536 0.010745 0.010498 0.010424 0.010403 0.010397 0.010396 0.010396 0.010396 0.010396 0.010396 0.010396 0.010396 0.010396 0.010396 0.010396 0.010396 0.010396 0.010396 0.010395 0.010395 0.010395 0.010393 0.010387 0.010373 0.010339 0.010263 0.010102 0.009789 0.009227 0.008300 0.006904 0.004994 0.002631 0.000000 
50.000000 38.310254 27.623282 18.684525 11.834500 7.015362 3.895250 2.031061 1.000192 0.470989 0.218025 0.105097 0.057879 0.039337 0.032481 0.030088 0.029297 0.029050 0.028976 0.028955 0.028949 0.028948 0.028948 0.028948 0.028948 0.028948 0.028948 0.028948 0.028948 0.028948 0.028948 0.028948 0.028948 0.028947 0.028947 0.028947 0.028945 0.028940 0.028925 0.028888 0.028797 0.028591 0.028156 0.027304 0.025764 0.023209 0.019336 0.014007 0.007388 0.000000 
50.000000 38.321348 27.644511 18.714219 11.870667 7.056072 3.938891 2.076447 1.046538 0.517826 0.265095 0.152271 0.105097 0.086572 0.079721 0.077330 0.076540 0.076293 0.076220 0.076199 0.076193 0.076192 0.076191 0.076191 0.076191 0.076191 0.076191 0.076191 0.076191 0.076191 0.076191 0.076191 0.076191 0.076191 0.076190 0.076189 0.076185 0.076171 0.076135 0.076042 0.075814 0.075293 0.074187 0.072006 0.068036 0.061394 0.051251 0.037199 0.019648 0.000000 
50.000000 38.347865 27.695256 18.785205 11.957136 7.153409 4.043245 2.184981 1.157376 0.629841 0.377671 0.265095 0.218025 0.199540 0.192705 0.190319 0.189531 0.189284 0.189211 0.189190 0.189184 0.189183 0.189182 0.189182 0.189182 0.189182 0.189182 0.189182 0.189182 0.189182 0.189182 0.189182 0.189182 0.189182 0.189181 0.189178 0.189167 0.189137 0.189054 0.188835 0.188300 0.187072 0.184442 0.179213 0.169605 0.153382 0.128368 0.093404 0.049428 0.000000 
50.000000 38.407230 27.808867 18.944144 12.150762 7.371392 4.276963 2.428075 1.405640 0.880751 0.629841 0.517826 0.470989 0.452596 0.445794 0.443420 0.442636 0.442390 0.442317 0.442296 0.442291 0.442289 0.442289 0.442289 0.442289 0.442289 0.442289 0.442289 0.442289 0.442289 0.442289 0.442289 0.442288 0.442288 0.442286 0.442279 0.442257 0.442192 0.442013 0.441541 0.440375 0.437680 0.431856 0.420162 0.398436 0.361316 0.303389 0.221487 0.117508 0.000000 
50.000000 38.531355 28.046424 19.276505 12.555692 7.827301 4.765819 2.936576 1.924979 1.405640 1.157376 1.046538 1.000192 0.981991 0.975260 0.972910 0.972134 0.971891 0.971819 0.971798 0.971793 0.971791 0.971791 0.971791 0.971791 0.971791 0.971791 0.971791 0.971791 0.971791 0.971791 0.971791 0.971791 0.971789 0.971785 0.971771 0.971728 0.971601 0.971245 0.970303 0.967960 0.962489 0.950548 0.926280 0.880588 0.801363 0.675806 0.495594 0.263876 0.000000 
50.000000 38.773023 28.508965 19.923680 13.344237 8.715192 5.717945 3.927021 2.936576 2.428075 2.184981 2.076447 2.031061 2.013236 2.006644 2.004343 2.003583 2.003345 2.003274 2.003254 2.003248 2.003247 2.003246 2.003246 2.003246 2.003246 2.003246 2.003246 2.003246 2.003246 2.003246 2.003246 2.003246 2.003243 2.003236 2.003211 2.003134 2.002905 2.002259 2.000539 1.996219 1.986028 1.963510 1.917093 1.828254 1.671356 1.417692 1.046191 0.559945 0.000000 
50.000000 39.209848 29.345059 21.093593 14.769811 10.320488 7.439489 5.717945 4.765819 4.276963 4.043245 3.938891 3.895250 3.878109 3.871769 3.869556 3.868825 3.868596 3.868527 3.868508 3.868503 3.868501 3.868501 3.868501 3.868501 3.868501 3.868501 3.868501 3.868501 3.868501 3.868501 3.868501 3.868500 3.868496 3.868484 3.868445 3.868320 3.867946 3.866884 3.864032 3.856801 3.839539 3.800852 3.719745 3.561383 3.275144 2.800153 2.085085 1.124869 0.000000 
50.000000 39.940665 30.743916 23.051065 17.155203 13.006784 10.320488 8.715192 7.827301 7.371392 7.153409 7.056072 7.015362 6.999371 6.993456 6.991391 6.990708 6.990494 6.990431 6.990413 6.990408 6.990407 6.990406 6.990406 6.990406 6.990406 6.990406 6.990406 6.990406 6.990406 6.990406 6.990406 6.990404 6.990399 6.990382 6.990325 6.990144 6.989598 6.988036 6.983804 6.972956 6.946713 6.886938 6.759104 6.503392 6.027504 5.210248 3.931891 2.148438 0.000000 
50.000000 41.069042 32.903808 26.073626 20.838730 17.155203 14.769811 13.344237 12.555692 12.150762 11.957136 11.870667 11.834500 11.820291 11.815035 11.813200 11.812593 11.812403 11.812347 11.812331 11.812326 11.812325 11.812325 11.812325 11.812325 11.812325 11.812325 11.812325 11.812325 11.812325 11.812325 11.812324 11.812322 11.812316 11.812295 11.812222 11.811991 11.811291 11.809273 11.803755 11.789446 11.754329 11.672881 11.494666 11.127699 10.419365 9.146535 7.044829 3.934552 0.000000 
50.000000 42.672469 35.973106 30.368981 26.073626 23.051065 21.093593 19.923680 19.276505 18.944144 18.785205 18.714219 18.684525 18.672859 18.668542 18.667035 18.666537 18.666381 18.666334 18.666321 18.666318 18.666317 18.666316 18.666316 18.666316 18.666316 18.666316 18.666316 18.666316 18.666316 18.666316 18.666316 18.666314 18.666307 18.666284 18.666205 18.665954 18.665189 18.662968 18.656837 18.640755 18.600699 18.505988 18.293440 17.840817 16.927091 15.184491 12.075744 7.019991 0.000000 
50.000000 44.764346 39.977480 35.973106 32.903808 30.743916 29.345059 28.508965 28.046424 27.808867 27.695256 27.644511 27.623282 27.614940 27.611854 27.610776 27.610420 27.610308 27.610275 27.610266 27.610263 27.610262 27.610262 27.610262 27.610262 27.610262 27.610262 27.610262 27.610262 27.610262 27.610262 27.610262 27.610260 27.610254 27.610234 27.610166 27.609947 27.609275 27.607312 27.601852 27.587380 27.550830 27.462775 27.259974 26.812025 25.858979 23.897362 19.988740 12.558118 0.000000 
50.000000 47.264962 44.764346 42.672469 41.069042 39.940665 39.209848 38.773023 38.531355 38.407230 38.347865 38.321348 38.310254 38.305895 38.304282 38.303718 38.303532 38.303474 38.303456 38.303451 38.303450 38.303450 38.303450 38.303449 38.303449 38.303449 38.303449 38.303449 38.303449 38.303449 38.303449 38.303449 38.303448 38.303445 38.303433 38.303393 38.303264 38.302866 38.301700 38.298437 38.289722 38.267479 38.213079 38.084979 37.792227 37.134490 35.652478 32.206228 23.632481 0.000000 
50.000000 50.000000 50.000000 50.000000 50.000000 50.000000 50.000000 50.000000 50.000000 50.000000 50.000000 50.000000 50.000000 50.000000 50.000000 50.000000 50.000000 50.000000 50.000000 50.000000 50.000000 50.000000 50.000000 50.000000 50.000000 50.000000 50.000000 50.000000 50.000000 50.000000 50.000000 50.000000 50.000000 50.000000 50.000000 50.000000 50.000000 50.000000 50.000000 50.000000 50.000000 50.000000 50.000000 50.000000 50.000000 50.000000 50.000000 50.000000 50.000000 50.000000 
