50.000000 50.000000 50.000000 50.000000 50.000000 50.000000 50.000000 50.000000 50.000000 50.000000 50.000000 50.000000 50.000000 50.000000 50.000000 50.000000 50.000000 50.000000 50.000000 50.000000 50.000000 50.000000 50.000000 50.000000 50.000000 50.000000 50.000000 50.000000 50.000000 50.000000 50.000000 50.000000 50.000000 50.000000 50.000000 50.000000 50.000000 50.000000 50.000000 50.000000 50.000000 50.000000 50.000000 50.000000 50.000000 50.000000 50.000000 50.000000 50.000000 50.000000 
50.000000 48.632334 47.323372 46.124264 45.072680 44.189619 43.479328 42.931870 42.527363 42.240690 42.045719 41.918386 41.838482 41.790272 41.762285 41.746641 41.738217 41.733842 41.731651 41.730590 41.730095 41.729871 41.729773 41.729731 41.729714 41.729707 41.729703 41.729700 41.729694 41.729679 41.729644 41.729563 41.729376 41.728961 41.728065 41.726183 41.722338 41.714684 41.699830 41.671672 41.619414 41.524127 41.352592 41.045534 40.493219 39.479325 37.536497 33.529648 24.316167 0.000000 
50.000000 47.323372 44.761632 42.414891 40.356870 38.628665 37.238586 36.167188 35.375553 34.814528 34.432968 34.183779 34.027409 33.933063 33.878294 33.847681 33.831195 33.822635 33.818346 33.816271 33.815301 33.814863 33.814671 33.814589 33.814556 33.814542 33.814535 33.814529 33.814518 33.814491 33.814426 33.814275 33.813930 33.813164 33.811514 33.808055 33.801003 33.787012 33.759969 33.708976 33.615004 33.445331 33.144153 32.616255 31.697444 30.099094 27.303376 22.380816 13.793724 0.000000 
50.000000 46.124264 42.414891 39.016844 36.036869 33.534475 31.521692 29.970359 28.824119 28.011798 27.459333 27.098535 26.872131 26.735532 26.656236 26.611915 26.588046 26.575653 26.569444 26.566440 26.565036 26.564401 26.564123 26.564006 26.563957 26.563937 26.563928 26.563919 26.563904 26.563868 26.563783 26.563584 26.563130 26.562125 26.559965 26.555451 26.546286 26.528189 26.493421 26.428375 26.309727 26.098415 25.730289 25.101738 24.047974 22.312040 19.508422 15.111516 8.587768 0.000000 
50.000000 45.072680 40.356870 36.036869 32.248392 29.067090 26.508253 24.536074 23.078900 22.046237 21.343927 20.885276 20.597474 20.423834 20.323037 20.266700 20.236361 20.220609 20.212716 20.208898 20.207114 20.206307 20.205954 20.205805 20.205743 20.205718 20.205706 20.205696 20.205679 20.205639 20.205544 20.205322 20.204818 20.203705 20.201321 20.196359 20.186334 20.166657 20.129138 20.059602 19.934283 19.714528 19.339394 18.715888 17.707476 16.124196 13.724829 10.257776 5.593355 0.000000 
50.000000 44.189619 38.628665 33.534475 29.067090 25.315718 22.298381 19.972849 18.254616 17.036966 16.208861 15.668069 15.328730 15.124000 15.005158 14.938737 14.902969 14.884397 14.875093 14.870592 14.868488 14.867538 14.867122 14.866946 14.866873 14.866843 14.866830 14.866819 14.866802 14.866762 14.866667 14.866447 14.865948 14.864849 14.862505 14.857650 14.847896 14.828880 14.792921 14.726955 14.609565 14.406955 14.067932 13.518510 12.657859 11.359614 9.486502 6.931221 3.696400 0.000000 
50.000000 43.479328 37.238586 31.521692 26.508253 22.298381 18.912295 16.302591 14.374424 13.008023 12.078771 11.471936 11.091164 10.861443 10.728096 10.653571 10.613440 10.592603 10.582165 10.577115 10.574755 10.573689 10.573222 10.573024 10.572943 10.572910 10.572895 10.572885 10.572869 10.572832 10.572746 10.572546 10.572094 10.571103 10.568998 10.564660 10.555996 10.539227 10.507787 10.450706 10.350395 10.179885 9.899836 9.456148 8.779871 7.792365 6.419954 4.622330 2.433794 0.000000 
50.000000 42.931870 36.167188 29.970359 24.536074 19.972849 16.302591 13.473906 11.383976 9.902964 8.895786 8.238076 7.825390 7.576420 7.431904 7.351138 7.307648 7.285068 7.273756 7.268284 7.265727 7.264571 7.264066 7.263851 7.263763 7.263728 7.263712 7.263703 7.263688 7.263657 7.263584 7.263416 7.263036 7.262208 7.260456 7.256864 7.249735 7.236035 7.210568 7.164794 7.085308 6.952098 6.736953 6.402755 5.904917 5.196680 4.240070 3.023034 1.579278 0.000000 
50.000000 42.527363 35.375553 28.824119 23.078900 18.254616 14.374424 11.383976 9.174558 7.608897 6.544169 5.848890 5.412641 5.149460 4.996699 4.911327 4.865357 4.841491 4.829535 4.823752 4.821049 4.819827 4.819293 4.819067 4.818974 4.818936 4.818921 4.818911 4.818900 4.818875 4.818817 4.818684 4.818386 4.817739 4.816375 4.813593 4.808106 4.797636 4.778331 4.743961 4.684935 4.587279 4.431877 4.194539 3.847662 3.364372 2.725704 1.930222 1.003235 0.000000 
50.000000 42.240690 34.814528 28.011798 22.046237 17.036966 13.008023 9.902964 7.608897 5.983271 4.877781 4.155896 3.702959 3.429717 3.271119 3.182487 3.134763 3.109986 3.097575 3.091571 3.088765 3.087497 3.086943 3.086708 3.086612 3.086573 3.086557 3.086549 3.086539 3.086521 3.086478 3.086379 3.086159 3.085682 3.084683 3.082655 3.078678 3.071140 3.057349 3.033011 2.991636 2.923961 2.817656 2.657628 2.427401 2.111954 1.702071 1.199524 0.621276 0.000000 
50.000000 42.045719 34.432968 27.459333 21.343927 16.208861 12.078771 8.895786 6.544169 4.877781 3.744586 3.004618 2.540343 2.260265 2.097702 2.006855 1.957940 1.932545 1.919824 1.913672 1.910796 1.909496 1.908928 1.908688 1.908589 1.908549 1.908533 1.908525 1.908518 1.908505 1.908475 1.908405 1.908251 1.907920 1.907227 1.905828 1.903100 1.897963 1.888630 1.872293 1.844770 1.800209 1.730993 1.628065 1.481906 1.284325 1.030959 0.723992 0.374047 0.000000 
50.000000 41.918386 34.183779 27.098535 20.885276 15.668069 11.471936 8.238076 5.848890 4.155896 3.004618 2.252851 1.781178 1.496641 1.331491 1.239201 1.189509 1.163711 1.150789 1.144539 1.141617 1.140297 1.139720 1.139476 1.139376 1.139335 1.139320 1.139312 1.139307 1.139298 1.139277 1.139231 1.139129 1.138910 1.138454 1.137538 1.135760 1.132432 1.126425 1.115988 1.098547 1.070560 1.027508 0.964148 0.875147 0.756139 0.605114 0.423810 0.218557 0.000000 
50.000000 41.838482 34.027409 26.872131 20.597474 15.328730 11.091164 7.825390 5.412641 3.702959 2.540343 1.781178 1.304868 1.017536 0.850766 0.757571 0.707392 0.681342 0.668294 0.661983 0.659033 0.657700 0.657117 0.656871 0.656769 0.656729 0.656713 0.656706 0.656702 0.656696 0.656683 0.656654 0.656589 0.656451 0.656165 0.655594 0.654490 0.652434 0.648746 0.642381 0.631819 0.615005 0.589355 0.551938 0.499849 0.430817 0.343942 0.240397 0.123799 0.000000 
50.000000 41.790272 33.933063 26.735532 20.423834 15.124000 10.861443 7.576420 5.149460 3.429717 2.260265 1.496641 1.017536 0.728519 0.560773 0.467033 0.416562 0.390360 0.377236 0.370888 0.367921 0.366580 0.365994 0.365746 0.365644 0.365604 0.365588 0.365581 0.365578 0.365574 0.365566 0.365548 0.365509 0.365426 0.365255 0.364915 0.364260 0.363046 0.360881 0.357165 0.351040 0.341354 0.326685 0.305447 0.276104 0.237501 0.189246 0.132060 0.067934 0.000000 
50.000000 41.762285 33.878294 26.656236 20.323037 15.005158 10.728096 7.431904 4.996699 3.271119 2.097702 1.331491 0.850766 0.560773 0.392461 0.298406 0.247765 0.221475 0.208306 0.201937 0.198961 0.197616 0.197028 0.196779 0.196676 0.196636 0.196620 0.196614 0.196611 0.196608 0.196603 0.196593 0.196571 0.196523 0.196425 0.196231 0.195859 0.195172 0.193954 0.191874 0.188464 0.183105 0.175040 0.163437 0.147507 0.126678 0.100784 0.070239 0.036101 0.000000 
50.000000 41.746641 33.847681 26.611915 20.266700 14.938737 10.653571 7.351138 4.911327 3.182487 2.006855 1.239201 0.757571 0.467033 0.298406 0.204174 0.153438 0.127100 0.113907 0.107526 0.104544 0.103196 0.102607 0.102357 0.102255 0.102214 0.102198 0.102192 0.102190 0.102188 0.102185 0.102180 0.102167 0.102141 0.102087 0.101981 0.101778 0.101406 0.100747 0.099629 0.097804 0.094952 0.090682 0.084573 0.076231 0.065379 0.051950 0.036168 0.018577 0.000000 
50.000000 41.738217 33.831195 26.588046 20.236361 14.902969 10.613440 7.307648 4.865357 3.134763 1.957940 1.189509 0.707392 0.416562 0.247765 0.153438 0.102652 0.076287 0.063080 0.056693 0.053708 0.052359 0.051769 0.051520 0.051417 0.051376 0.051361 0.051355 0.051352 0.051351 0.051349 0.051346 0.051340 0.051326 0.051298 0.051242 0.051135 0.050941 0.050599 0.050020 0.049081 0.047618 0.045440 0.042337 0.038119 0.032656 0.025922 0.018031 0.009256 0.000000 
50.000000 41.733842 33.822635 26.575653 20.220609 14.884397 10.592603 7.285068 4.841491 3.109986 1.932545 1.163711 0.681343 0.390360 0.221475 0.127100 0.076287 0.049908 0.036695 0.030304 0.027318 0.025968 0.025378 0.025128 0.025026 0.024985 0.024969 0.024963 0.024961 0.024960 0.024959 0.024957 0.024954 0.024947 0.024933 0.024904 0.024851 0.024753 0.024582 0.024294 0.023827 0.023104 0.022031 0.020510 0.018450 0.015791 0.012523 0.008705 0.004467 0.000000 
50.000000 41.731651 33.818346 26.569444 20.212716 14.875093 10.582165 7.273756 4.829535 3.097575 1.919824 1.150789 0.668294 0.377236 0.208306 0.113907 0.063080 0.036695 0.023478 0.017086 0.014099 0.012749 0.012159 0.011909 0.011806 0.011765 0.011750 0.011744 0.011742 0.011741 0.011740 0.011739 0.011738 0.011734 0.011727 0.011713 0.011687 0.011640 0.011558 0.011419 0.011196 0.010850 0.010340 0.009619 0.008646 0.007394 0.005860 0.004071 0.002088 0.000000 
50.000000 41.730590 33.816271 26.566440 20.208898 14.870592 10.577116 7.268284 4.823752 3.091571 1.913672 1.144539 0.661983 0.370888 0.201937 0.107526 0.056693 0.030304 0.017086 0.010693 0.007705 0.006355 0.005765 0.005515 0.005413 0.005372 0.005356 0.005350 0.005348 0.005347 0.005347 0.005346 0.005346 0.005344 0.005341 0.005334 0.005322 0.005300 0.005262 0.005197 0.005094 0.004935 0.004700 0.004370 0.003925 0.003354 0.002657 0.001845 0.000946 0.000000 
50.000000 41.730095 33.815301 26.565036 20.207114 14.868489 10.574756 7.265727 4.821049 3.088766 1.910796 1.141618 0.659033 0.367921 0.198961 0.104544 0.053708 0.027318 0.014099 0.007706 0.004718 0.003368 0.002777 0.002527 0.002425 0.002384 0.002368 0.002362 0.002360 0.002360 0.002359 0.002359 0.002359 0.002358 0.002356 0.002353 0.002348 0.002338 0.002321 0.002292 0.002246 0.002175 0.002070 0.001924 0.001727 0.001475 0.001168 0.000810 0.000415 0.000000 
50.000000 41.729871 33.814863 26.564402 20.206308 14.867538 10.573690 7.264572 4.819828 3.087499 1.909498 1.140299 0.657701 0.366582 0.197617 0.103197 0.052360 0.025969 0.012750 0.006356 0.003368 0.002018 0.001428 0.001178 0.001075 0.001035 0.001019 0.001013 0.001011 0.001010 0.001010 0.001010 0.001009 0.001009 0.001008 0.001007 0.001005 0.001000 0.000993 0.000980 0.000960 0.000930 0.000885 0.000822 0.000737 0.000629 0.000498 0.000346 0.000177 0.000000 
50.000000 41.729773 33.814672 26.564125 20.205956 14.867124 10.573225 7.264068 4.819296 3.086946 1.908931 1.139723 0.657121 0.365998 0.197031 0.102610 0.051773 0.025381 0.012162 0.005768 0.002780 0.001430 0.000840 0.000590 0.000487 0.000446 0.000431 0.000425 0.000423 0.000422 0.000422 0.000421 0.000421 0.000421 0.000421 0.000420 0.000419 0.000418 0.000414 0.000409 0.000401 0.000388 0.000369 0.000342 0.000307 0.000262 0.000207 0.000144 0.000074 0.000000 
50.000000 41.729733 33.814593 26.564010 20.205810 14.866952 10.573032 7.263859 4.819075 3.086717 1.908696 1.139485 0.656880 0.365755 0.196788 0.102366 0.051529 0.025137 0.011918 0.005524 0.002536 0.001186 0.000596 0.000346 0.000243 0.000202 0.000187 0.000181 0.000179 0.000178 0.000178 0.000177 0.000177 0.000177 0.000177 0.000177 0.000177 0.000176 0.000174 0.000172 0.000169 0.000163 0.000155 0.000144 0.000129 0.000110 0.000087 0.000060 0.000031 0.000000 
50.000000 41.729718 33.814564 26.563969 20.205759 14.866891 10.572963 7.263785 4.818997 3.086635 1.908613 1.139400 0.656794 0.365669 0.196701 0.102280 0.051442 0.025051 0.011831 0.005437 0.002449 0.001099 0.000509 0.000259 0.000156 0.000116 0.000100 0.000094 0.000092 0.000091 0.000091 0.000091 0.000091 0.000091 0.000091 0.000090 0.000090 0.000090 0.000089 0.000088 0.000086 0.000083 0.000079 0.000073 0.000066 0.000056 0.000044 0.000031 0.000016 0.000000 
50.000000 41.729718 33.814564 26.563969 20.205759 14.866891 10.572963 7.263785 4.818997 3.086635 1.908613 1.139400 0.656794 0.365669 0.196701 0.102280 0.051442 0.025051 0.011831 0.005437 0.002449 0.001099 0.000509 0.000259 0.000156 0.000116 0.000100 0.000094 0.000092 0.000091 0.000091 0.000091 0.000091 0.000091 0.000091 0.000090 0.000090 0.000090 0.000089 0.000088 0.000086 0.000083 0.000079 0.000073 0.000066 0.000056 0.000044 0.000031 0.000016 0.000000 
50.000000 41.729733 33.814593 26.564010 20.205810 14.866952 10.573032 7.263859 4.819075 3.086717 1.908696 1.139485 0.656880 0.365755 0.196788 0.102366 0.051529 0.025137 0.011918 0.005524 0.002536 0.001186 0.000596 0.000346 0.000243 0.000202 0.000187 0.000181 0.000179 0.000178 0.000178 0.000177 0.000177 0.000177 0.000177 0.000177 0.000177 0.000176 0.000174 0.000172 0.000169 0.000163 0.000155 0.000144 0.000129 0.000110 0.000087 0.000060 0.000031 0.000000 
50.000000 41.729773 33.814672 26.564125 20.205956 14.867124 10.573225 7.264068 4.819296 3.086946 1.908931 1.139723 0.657121 0.365998 0.197031 0.102610 0.051773 0.025381 0.012162 0.005768 0.002780 0.001430 0.000840 0.000590 0.000487 0.000446 0.000431 0.000425 0.000423 0.000422 0.000422 0.000421 0.000421 0.000421 0.000421 0.000420 0.000419 0.000418 0.000414 0.000409 0.000401 0.000388 0.000369 0.000342 0.000307 0.000262 0.000207 0.000144 0.000074 0.000000 
50.000000 41.729871 33.814863 26.564402 20.206308 14.867538 10.573690 7.264572 4.819828 3.087499 1.909498 1.140299 0.657701 0.366582 0.197617 0.103197 0.052360 0.025969 0.012750 0.006356 0.003368 0.002018 0.001428 0.001178 0.001075 0.001035 0.001019 0.001013 0.001011 0.001010 0.001010 0.001010 0.001009 0.001009 0.001008 0.001007 0.001005 0.001000 0.000993 0.000980 0.000960 0.000930 0.000885 0.000822 0.000737 0.000629 0.000498 0.000346 0.000177 0.000000 
50.000000 41.730095 33.815301 26.565036 20.207114 14.868489 10.574756 7.265727 4.821049 3.088766 1.910796 1.141618 0.659033 0.367921 0.198961 0.104544 0.053708 0.027318 0.014099 0.007706 0.004718 0.003368 0.002777 0.002527 0.002425 0.002384 0.002368 0.002362 0.002360 0.002360 0.002359 0.002359 0.002359 0.002358 0.002356 0.002353 0.002348 0.002338 0.002321 0.002292 0.002246 0.002175 0.002070 0.001924 0.001727 0.001475 0.001168 0.000810 0.000415 0.000000 
50.000000 41.730590 33.816271 26.566440 20.208898 14.870592 10.577116 7.268284 4.823752 3.091571 1.913672 1.144539 0.661983 0.370888 0.201937 0.107526 0.056693 0.030304 0.017086 0.010693 0.007705 0.006355 0.005765 0.005515 0.005413 0.005372 0.005356 0.005350 0.005348 0.005347 0.005347 0.005346 0.005346 0.005344 0.005341 0.005334 0.005322 0.005300 0.005262 0.005197 0.005094 0.004935 0.004700 0.004370 0.003925 0.003354 0.002657 0.001845 0.000946 0.000000 
50.000000 41.731651 33.818346 26.569444 20.212716 14.875093 10.582165 7.273756 4.829535 3.097575 1.919824 1.150789 0.668294 0.377236 0.208306 0.113907 0.063080 0.036695 0.023478 0.017086 0.014099 0.012749 0.012159 0.011909 0.011806 0.011765 0.011750 0.011744 0.011742 0.011741 0.011740 0.011739 0.011738 0.011734 0.011727 0.011713 0.011687 0.011640 0.011558 0.011419 0.011196 0.010850 0.010340 0.009619 0.008646 0.007394 0.005860 0.004071 0.002088 0.000000 
50.000000 41.733842 33.822635 26.575653 20.220609 14.884397 10.592603 7.285068 4.841491 3.109986 1.932545 1.163711 0.681343 0.390360 0.221475 0.127100 0.076287 0.049908 0.036695 0.030304 0.027318 0.025968 0.025378 0.025128 0.025026 0.024985 0.024969 0.024963 0.024961 0.024960 0.024959 0.024957 0.024954 0.024947 0.024933 0.024904 0.024851 0.024753 0.024582 0.024294 0.023827 0.023104 0.022031 0.020510 0.018450 0.015791 0.012523 0.008705 0.004467 0.000000 
50.000000 41.738217 33.831195 26.588046 20.236361 14.902969 10.613440 7.307648 4.865357 3.134763 1.957940 1.189509 0.707392 0.416562 0.247765 0.153438 0.102652 0.076287 0.063080 0.056693 0.053708 0.052359 0.051769 0.051520 0.051417 0.051376 0.051361 0.051355 0.051352 0.051351 0.051349 0.051346 0.051340 0.051326 0.051298 0.051242 0.051135 0.050941 0.050599 0.050020 0.049081 0.047618 0.045440 0.042337 0.038119 0.032656 0.025922 0.018031 0.009256 0.000000 
50.000000 41.746641 33.847681 26.611915 20.266700 14.938737 10.653571 7.351138 4.911327 3.182487 2.006855 1.239201 0.757571 0.467033 0.298406 0.204174 0.153438 0.127100 0.113907 0.107526 0.104544 0.103196 0.102607 0.102357 0.102255 0.102214 0.102198 0.102192 0.102190 0.102188 0.102185 0.102180 0.102167 0.102141 0.102087 0.101981 0.101778 0.101406 0.100747 0.099629 0.097804 0.094952 0.090682 0.084573 0.076231 0.065379 0.051950 0.036168 0.018577 0.000000 
50.000000 41.762285 33.878294 26.656236 20.323037 15.005158 10.728096 7.431904 4.996699 3.271119 2.097702 1.331491 0.850766 0.560773 0.392461 0.298406 0.247765 0.221475 0.208306 0.201937 0.198961 0.197616 0.197028 0.196779 0.196676 0.196636 0.196620 0.196614 0.196611 0.196608 0.196603 0.196593 0.196571 0.196523 0.196425 0.196231 0.195859 0.195172 0.193954 0.191874 0.188464 0.183105 0.175040 0.163437 0.147507 0.126678 0.100784 0.070239 0.036101 0.000000 
50.000000 41.790272 33.933063 26.735532 20.423834 15.124000 10.861443 7.576420 5.149460 3.429717 2.260265 1.496641 1.017536 0.728519 0.560773 0.467033 0.416562 0.390360 0.377236 0.370888 0.367921 0.366580 0.365994 0.365746 0.365644 0.365604 0.365588 0.365581 0.365578 0.365574 0.365566 0.365548 0.365509 0.365426 0.365255 0.364915 0.364260 0.363046 0.360881 0.357165 0.351040 0.341354 0.326685 0.305447 0.276104 0.237501 0.189246 0.132060 0.067934 0.000000 
50.000000 41.838482 34.027409 26.872131 20.597474 15.328730 11.091164 7.825390 5.412641 3.702959 2.540343 1.781178 1.304868 1.017536 0.850766 0.757571 0.707392 0.681342 0.668294 0.661983 0.659033 0.657700 0.657117 0.656871 0.656769 0.656729 0.656713 0.656706 0.656702 0.656696 0.656683 0.656654 0.656589 0.656451 0.656165 0.655594 0.654490 0.652434 0.648746 0.642381 0.631819 0.615005 0.589355 0.551938 0.499849 0.430817 0.343942 0.240397 0.123799 0.000000 
50.000000 41.918386 34.183779 27.098535 20.885276 15.668069 11.471936 8.238076 5.848890 4.155896 3.004618 2.252851 1.781178 1.496641 1.331491 1.239201 1.189509 1.163711 1.150789 1.144539 1.141617 1.140297 1.139720 1.139476 1.139376 1.139335 1.139320 1.139312 1.139307 1.139298 1.139277 1.139231 1.139129 1.138910 1.138454 1.137538 1.135760 1.132432 1.126425 1.115988 1.098547 1.070560 1.027508 0.964148 0.875147 0.756139 0.605114 0.423810 0.218557 0.000000 
50.000000 42.045719 34.432968 27.459333 21.343927 16.208861 12.078771 8.895786 6.544169 4.877781 3.744586 3.004618 2.540343 2.260265 2.097702 2.006855 1.957940 1.932545 1.919824 1.913672 1.910796 1.909496 1.908928 1.908688 1.908589 1.908549 1.908533 1.908525 1.908518 1.908505 1.908475 1.908405 1.908251 1.907920 1.907227 1.905828 1.903100 1.897963 1.888630 1.872293 1.844770 1.800209 1.730993 1.628065 1.481906 1.284325 1.030959 0.723992 0.374047 0.000000 
50.000000 42.240690 34.814528 28.011798 22.046237 17.036966 13.008023 9.902964 7.608897 5.983271 4.877781 4.155896 3.702959 3.429717 3.271119 3.182487 3.134763 3.109986 3.097575 3.091571 3.088765 3.087497 3.086943 3.086708 3.086612 3.086573 3.086557 3.086549 3.086539 3.086521 3.086478 3.086379 3.086159 3.085682 3.084683 3.082655 3.078678 3.071140 3.057349 3.033011 2.991636 2.923961 2.817656 2.657628 2.427401 2.111954 1.702071 1.199524 0.621276 0.000000 
50.000000 42.527363 35.375553 28.824119 23.078900 18.254616 14.374424 11.383976 9.174558 7.608897 6.544169 5.848890 5.412641 5.149460 4.996699 4.911327 4.865357 4.841491 4.829535 4.823752 4.821049 4.819827 4.819293 4.819067 4.818974 4.818936 4.818921 4.818911 4.818900 4.818875 4.818817 4.818684 4.818386 4.817739 4.816375 4.813593 4.808106 4.797636 4.778331 4.743961 4.684935 4.587279 4.431877 4.194539 3.847662 3.364372 2.725704 1.930222 1.003235 0.000000 
50.000000 42.931870 36.167188 29.970359 24.536074 19.972849 16.302591 13.473906 11.383976 9.902964 8.895786 8.238076 7.825390 7.576420 7.431904 7.351138 7.307648 7.285068 7.273756 7.268284 7.265727 7.264571 7.264066 7.263851 7.263763 7.263728 7.263712 7.263703 7.263688 7.263657 7.263584 7.263416 7.263036 7.262208 7.260456 7.256864 7.249735 7.236035 7.210568 7.164794 7.085308 6.952098 6.736953 6.402755 5.904917 5.196680 4.240070 3.023034 1.579278 0.000000 
50.000000 43.479328 37.238586 31.521692 26.508253 22.298381 18.912295 16.302591 14.374424 13.008023 12.078771 11.471936 11.091164 10.861443 10.728096 10.653571 10.613440 10.592603 10.582165 10.577115 10.574755 10.573689 10.573222 10.573024 10.572943 10.572910 10.572895 10.572885 10.572869 10.572832 10.572746 10.572546 10.572094 10.571103 10.568998 10.564660 10.555996 10.539227 10.507787 10.450706 10.350395 10.179885 9.899836 9.456148 8.779871 7.792365 6.419954 4.622330 2.433794 0.000000 
50.000000 44.189619 38.628665 33.534475 29.067090 25.315718 22.298381 19.972849 18.254616 17.036966 16.208861 15.668069 15.328730 15.124000 15.005158 14.938737 14.902969 14.884397 14.875093 14.870592 14.868488 14.867538 14.867122 14.866946 14.866873 14.866843 14.866830 14.866819 14.866802 14.866762 14.866667 14.866447 14.865948 14.864849 14.862505 14.857650 14.847896 14.828880 14.792921 14.726955 14.609565 14.406955 14.067932 13.518510 12.657859 11.359614 9.486502 6.931221 3.696400 0.000000 
50.000000 45.072680 40.356870 36.036869 32.248392 29.067090 26.508253 24.536074 23.078900 22.046237 21.343927 20.885276 20.597474 20.423834 20.323037 20.266700 20.236361 20.220609 20.212716 20.208898 20.207114 20.206307 20.205954 20.205805 20.205743 20.205718 20.205706 20.205696 20.205679 20.205639 20.205544 20.205322 20.204818 20.203705 20.201321 20.196359 20.186334 20.166657 20.129138 20.059602 19.934283 19.714528 19.339394 18.715888 17.707476 16.124196 13.724829 10.257776 5.593355 0.000000 
50.000000 46.124264 42.414891 39.016844 36.036869 33.534475 31.521692 29.970359 28.824119 28.011798 27.459333 27.098535 26.872131 26.735532 26.656236 26.611915 26.588046 26.575653 26.569444 26.566440 26.565036 26.564401 26.564123 26.564006 26.563957 26.563937 26.563928 26.563919 26.563904 26.563868 26.563783 26.563584 26.563130 26.562125 26.559965 26.555451 26.546286 26.528189 26.493421 26.428375 26.309727 26.098415 25.730289 25.101738 24.047974 22.312040 19.508422 15.111516 8.587768 0.000000 
50.000000 47.323372 44.761632 42.414891 40.356870 38.628665 37.238586 36.167188 35.375553 34.814528 34.432968 34.183779 34.027409 33.933063 33.878294 33.847681 33.831195 33.822635 33.818346 33.816271 33.815301 33.814863 33.814671 33.814589 33.814556 33.814542 33.814535 33.814529 33.814518 33.814491 33.814426 33.814275 33.813930 33.813164 33.811514 33.808055 33.801003 33.787012 33.759969 33.708976 33.615004 33.445331 33.144153 32.616255 31.697444 30.099094 27.303376 22.380816 13.793724 0.000000 
50.000000 48.632334 47.323372 46.124264 45.072680 44.189619 43.479328 42.931870 42.527363 42.240690 42.045719 41.918386 41.838482 41.790272 41.762285 41.746641 41.738217 41.733842 41.731651 41.730590 41.730095 41.729871 41.729773 41.729731 41.729714 41.729707 41.729703 41.729700 41.729694 41.729679 41.729644 41.729563 41.729376 41.728961 41.728065 41.726183 41.722338 41.714684 41.699830 41.671672 41.619414 41.524127 41.352592 41.045534 40.493219 39.479325 37.536497 33.529648 24.316167 0.000000 
50.000000 50.000000 50.000000 50.000000 50.000000 50.000000 50.000000 50.000000 50.000000 50.000000 50.000000 50.000000 50.000000 50.000000 50.000000 50.000000 50.000000 50.000000 50.000000 50.000000 50.000000 50.000000 50.000000 50.000000 50.000000 50.000000 50.000000 50.000000 50.000000 50.000000 50.000000 50.000000 50.000000 50.000000 50.000000 50.000000 50.000000 50.000000 50.000000 50.000000 50.000000 50.000000 50.000000 50.000000 50.000000 50.000000 50.000000 50.000000 50.000000 50.000000 
