50.000000 50.000000 50.000000 50.000000 50.000000 50.000000 50.000000 50.000000 50.000000 50.000000 50.000000 50.000000 50.000000 50.000000 50.000000 50.000000 50.000000 50.000000 50.000000 50.000000 50.000000 50.000000 50.000000 50.000000 50.000000 50.000000 50.000000 50.000000 50.000000 50.000000 50.000000 50.000000 50.000000 50.000000 50.000000 50.000000 50.000000 50.000000 50.000000 50.000000 50.000000 50.000000 50.000000 50.000000 50.000000 50.000000 50.000000 50.000000 50.000000 50.000000 
50.000000 46.968245 44.224428 41.974716 40.300308 39.165991 38.464288 38.066482 37.859037 37.759155 37.714588 37.696094 37.688932 37.686336 37.685452 37.685168 37.685083 37.685058 37.685051 37.685050 37.685049 37.685049 37.685049 37.685049 37.685049 37.685049 37.685049 37.685049 37.685049 37.685049 37.685049 37.685049 37.685049 37.685047 37.685042 37.685023 37.684957 37.684736 37.684037 37.681928 37.675887 37.659418 37.616606 37.510051 37.254268 36.654889 35.257352 31.922903 23.484123 0.000000 
50.000000 44.224428 38.997435 34.711797 31.522186 29.361481 28.024898 27.267208 26.872114 26.681894 26.597023 26.561806 26.548169 26.543226 26.541543 26.541004 26.540841 26.540794 26.540781 26.540778 26.540777 26.540777 26.540777 26.540777 26.540777 26.540777 26.540777 26.540777 26.540777 26.540777 26.540777 26.540777 26.540776 26.540774 26.540766 26.540734 26.540624 26.540257 26.539101 26.535636 26.525786 26.499219 26.431200 26.265651 25.881630 25.029506 23.213981 19.498717 12.301525 0.000000 
50.000000 41.974716 34.711797 28.757061 24.325393 21.323453 19.466610 18.414069 17.865271 17.601073 17.483206 17.434302 17.415368 17.408505 17.406169 17.405420 17.405194 17.405129 17.405112 17.405107 17.405106 17.405106 17.405106 17.405106 17.405106 17.405106 17.405106 17.405106 17.405106 17.405106 17.405105 17.405105 17.405105 17.405102 17.405093 17.405057 17.404935 17.404529 17.403257 17.399477 17.388842 17.360552 17.289459 17.120827 16.743576 15.948852 14.378530 11.497817 6.717364 0.000000 
50.000000 40.300308 31.522186 24.325393 18.969606 15.341904 13.098161 11.826415 11.163384 10.844225 10.701855 10.642791 10.619926 10.611639 10.608819 10.607915 10.607642 10.607564 10.607542 10.607537 10.607536 10.607535 10.607535 10.607535 10.607535 10.607535 10.607535 10.607535 10.607535 10.607535 10.607535 10.607535 10.607534 10.607532 10.607524 10.607492 10.607384 10.607027 10.605915 10.602640 10.593529 10.569642 10.510742 10.374461 10.079475 9.484803 8.376540 6.492680 3.645419 0.000000 
50.000000 39.165991 29.361481 21.323453 15.341904 11.290588 8.785018 7.364988 6.624716 6.268412 6.109489 6.043565 6.018047 6.008800 6.005654 6.004646 6.004341 6.004254 6.004230 6.004224 6.004223 6.004222 6.004222 6.004222 6.004222 6.004222 6.004222 6.004222 6.004222 6.004222 6.004222 6.004222 6.004222 6.004220 6.004213 6.004190 6.004108 6.003843 6.003021 6.000622 5.994024 5.976965 5.935633 5.842105 5.645294 5.262429 4.579877 3.479851 1.911724 0.000000 
50.000000 38.464288 28.024898 19.466610 13.098161 8.785018 6.117685 4.606083 3.818136 3.438918 3.269790 3.199641 3.172490 3.162652 3.159305 3.158233 3.157908 3.157816 3.157790 3.157784 3.157782 3.157782 3.157782 3.157782 3.157782 3.157782 3.157782 3.157782 3.157782 3.157782 3.157782 3.157782 3.157781 3.157780 3.157776 3.157761 3.157707 3.157535 3.157005 3.155473 3.151300 3.140648 3.115242 3.058843 2.942913 2.723700 2.345783 1.759246 0.954237 0.000000 
50.000000 38.066482 27.267208 18.414069 11.826415 7.364988 4.606083 3.042671 2.227766 1.835600 1.660710 1.588176 1.560104 1.549933 1.546473 1.545365 1.545030 1.544934 1.544908 1.544901 1.544899 1.544899 1.544899 1.544899 1.544899 1.544899 1.544899 1.544899 1.544899 1.544899 1.544899 1.544899 1.544899 1.544898 1.544895 1.544886 1.544856 1.544756 1.544453 1.543581 1.541230 1.535297 1.521335 1.490841 1.429355 1.315673 1.124610 0.836008 0.449876 0.000000 
50.000000 37.859037 26.872114 17.865271 11.163384 6.624716 3.818136 2.227766 1.398844 0.999951 0.822068 0.748297 0.719748 0.709405 0.705887 0.704760 0.704419 0.704321 0.704295 0.704288 0.704286 0.704286 0.704286 0.704286 0.704286 0.704286 0.704286 0.704286 0.704286 0.704286 0.704286 0.704286 0.704286 0.704285 0.704284 0.704279 0.704263 0.704212 0.704055 0.703608 0.702411 0.699422 0.692469 0.677488 0.647751 0.593742 0.504719 0.372895 0.199619 0.000000 
50.000000 37.759155 26.681894 17.601073 10.844225 6.268412 3.438918 1.835600 0.999951 0.597830 0.418515 0.344151 0.315374 0.304948 0.301402 0.300266 0.299923 0.299824 0.299798 0.299791 0.299789 0.299789 0.299789 0.299789 0.299789 0.299789 0.299789 0.299789 0.299789 0.299789 0.299789 0.299789 0.299789 0.299788 0.299788 0.299786 0.299778 0.299753 0.299680 0.299471 0.298915 0.297539 0.294370 0.287618 0.274388 0.250697 0.212230 0.156108 0.083268 0.000000 
50.000000 37.714588 26.597023 17.483206 10.701855 6.109489 3.269790 1.660710 0.822068 0.418515 0.238562 0.163936 0.135057 0.124596 0.121037 0.119897 0.119553 0.119454 0.119427 0.119420 0.119419 0.119418 0.119418 0.119418 0.119418 0.119418 0.119418 0.119418 0.119418 0.119418 0.119418 0.119418 0.119418 0.119418 0.119418 0.119417 0.119413 0.119403 0.119371 0.119281 0.119044 0.118461 0.117129 0.114318 0.108866 0.099215 0.083729 0.061387 0.032660 0.000000 
50.000000 37.696094 26.561806 17.434302 10.642791 6.043565 3.199641 1.588176 0.748297 0.344151 0.163936 0.089201 0.060281 0.049804 0.046241 0.045099 0.044754 0.044656 0.044629 0.044622 0.044620 0.044620 0.044620 0.044620 0.044620 0.044620 0.044620 0.044620 0.044620 0.044620 0.044620 0.044620 0.044620 0.044620 0.044619 0.044619 0.044618 0.044613 0.044601 0.044565 0.044471 0.044242 0.043723 0.042635 0.040544 0.036876 0.031045 0.022705 0.012057 0.000000 
50.000000 37.688932 26.548169 17.415368 10.619926 6.018047 3.172490 1.560104 0.719748 0.315374 0.135057 0.060281 0.031345 0.020862 0.017297 0.016155 0.015810 0.015711 0.015684 0.015677 0.015675 0.015675 0.015675 0.015675 0.015675 0.015675 0.015675 0.015675 0.015675 0.015675 0.015675 0.015675 0.015675 0.015675 0.015675 0.015675 0.015674 0.015672 0.015668 0.015655 0.015620 0.015536 0.015348 0.014955 0.014205 0.012899 0.010839 0.007912 0.004195 0.000000 
50.000000 37.686336 26.543226 17.408505 10.611639 6.008800 3.162652 1.549933 0.709405 0.304948 0.124596 0.049804 0.020862 0.010378 0.006812 0.005669 0.005324 0.005225 0.005198 0.005191 0.005190 0.005189 0.005189 0.005189 0.005189 0.005189 0.005189 0.005189 0.005189 0.005189 0.005189 0.005189 0.005189 0.005189 0.005189 0.005189 0.005189 0.005188 0.005187 0.005182 0.005170 0.005142 0.005077 0.004944 0.004692 0.004255 0.003570 0.002602 0.001378 0.000000 
50.000000 37.685452 26.541543 17.406169 10.608819 6.005654 3.159305 1.546473 0.705887 0.301402 0.121037 0.046241 0.017297 0.006812 0.003245 0.002103 0.001757 0.001659 0.001632 0.001625 0.001623 0.001623 0.001623 0.001623 0.001623 0.001623 0.001623 0.001623 0.001623 0.001623 0.001623 0.001623 0.001623 0.001623 0.001623 0.001623 0.001622 0.001622 0.001622 0.001620 0.001616 0.001607 0.001587 0.001544 0.001464 0.001327 0.001112 0.000809 0.000428 0.000000 
50.000000 37.685168 26.541004 17.405420 10.607915 6.004646 3.158233 1.545365 0.704760 0.300266 0.119897 0.045099 0.016155 0.005669 0.002103 0.000960 0.000615 0.000516 0.000489 0.000482 0.000481 0.000480 0.000480 0.000480 0.000480 0.000480 0.000480 0.000480 0.000480 0.000480 0.000480 0.000480 0.000480 0.000480 0.000480 0.000480 0.000480 0.000480 0.000480 0.000480 0.000478 0.000476 0.000469 0.000457 0.000433 0.000392 0.000328 0.000239 0.000126 0.000000 
50.000000 37.685083 26.540841 17.405194 10.607642 6.004341 3.157908 1.545030 0.704419 0.299923 0.119553 0.044754 0.015810 0.005324 0.001757 0.000615 0.000270 0.000171 0.000144 0.000137 0.000135 0.000135 0.000135 0.000135 0.000135 0.000135 0.000135 0.000135 0.000135 0.000135 0.000135 0.000135 0.000135 0.000135 0.000135 0.000135 0.000135 0.000135 0.000135 0.000135 0.000134 0.000133 0.000132 0.000128 0.000121 0.000110 0.000092 0.000067 0.000035 0.000000 
50.000000 37.685058 26.540794 17.405129 10.607564 6.004254 3.157816 1.544934 0.704321 0.299824 0.119454 0.044656 0.015711 0.005225 0.001659 0.000516 0.000171 0.000072 0.000045 0.000038 0.000036 0.000036 0.000036 0.000036 0.000036 0.000036 0.000036 0.000036 0.000036 0.000036 0.000036 0.000036 0.000036 0.000036 0.000036 0.000036 0.000036 0.000036 0.000036 0.000036 0.000036 0.000036 0.000035 0.000034 0.000032 0.000029 0.000024 0.000018 0.000009 0.000000 
50.000000 37.685051 26.540781 17.405112 10.607542 6.004230 3.157790 1.544908 0.704295 0.299798 0.119427 0.044629 0.015684 0.005198 0.001632 0.000489 0.000144 0.000045 0.000018 0.000011 0.000010 0.000009 0.000009 0.000009 0.000009 0.000009 0.000009 0.000009 0.000009 0.000009 0.000009 0.000009 0.000009 0.000009 0.000009 0.000009 0.000009 0.000009 0.000009 0.000009 0.000009 0.000009 0.000009 0.000009 0.000008 0.000007 0.000006 0.000004 0.000002 0.000000 
50.000000 37.685050 26.540778 17.405107 10.607537 6.004224 3.157784 1.544901 0.704288 0.299791 0.119420 0.044622 0.015677 0.005191 0.001625 0.000482 0.000137 0.000038 0.000011 0.000004 0.000003 0.000002 0.000002 0.000002 0.000002 0.000002 0.000002 0.000002 0.000002 0.000002 0.000002 0.000002 0.000002 0.000002 0.000002 0.000002 0.000002 0.000002 0.000002 0.000002 0.000002 0.000002 0.000002 0.000002 0.000002 0.000002 0.000001 0.000001 0.000001 0.000000 
50.000000 37.685049 26.540777 17.405106 10.607536 6.004223 3.157782 1.544899 0.704286 0.299789 0.119419 0.044620 0.015675 0.005190 0.001623 0.000481 0.000135 0.000036 0.000010 0.000003 0.000001 0.000001 0.000001 0.000001 0.000001 0.000001 0.000001 0.000001 0.000001 0.000001 0.000001 0.000001 0.000001 0.000001 0.000001 0.000001 0.000001 0.000001 0.000001 0.000001 0.000001 0.000001 0.000001 0.000000 0.000000 0.000000 0.000000 0.000000 0.000000 0.000000 
50.000000 37.685049 26.540777 17.405106 10.607535 6.004222 3.157782 1.544899 0.704286 0.299789 0.119418 0.044620 0.015675 0.005189 0.001623 0.000480 0.000135 0.000036 0.000009 0.000002 0.000001 0.000000 0.000000 0.000000 0.000000 0.000000 0.000000 0.000000 0.000000 0.000000 0.000000 0.000000 0.000000 0.000000 0.000000 0.000000 0.000000 0.000000 0.000000 0.000000 0.000000 0.000000 0.000000 0.000000 0.000000 0.000000 0.000000 0.000000 0.000000 0.000000 
50.000000 37.685049 26.540777 17.405106 10.607535 6.004222 3.157782 1.544899 0.704286 0.299789 0.119418 0.044620 0.015675 0.005189 0.001623 0.000480 0.000135 0.000036 0.000009 0.000002 0.000001 0.000000 0.000000 0.000000 0.000000 0.000000 0.000000 0.000000 0.000000 0.000000 0.000000 0.000000 0.000000 0.000000 0.000000 0.000000 0.000000 0.000000 0.000000 0.000000 0.000000 0.000000 0.000000 0.000000 0.000000 0.000000 0.000000 0.000000 0.000000 0.000000 
50.000000 37.685049 26.540777 17.405106 10.607535 6.004222 3.157782 1.544899 0.704286 0.299789 0.119418 0.044620 0.015675 0.005189 0.001623 0.000480 0.000135 0.000036 0.000009 0.000002 0.000001 0.000000 0.000000 0.000000 0.000000 0.000000 0.000000 0.000000 0.000000 0.000000 0.000000 0.000000 0.000000 0.000000 0.000000 0.000000 0.000000 0.000000 0.000000 0.000000 0.000000 0.000000 0.000000 0.000000 0.000000 0.000000 0.000000 0.000000 0.000000 0.000000 
50.000000 37.685049 26.540777 17.405106 10.607535 6.004222 3.157782 1.544899 0.704286 0.299789 0.119418 0.044620 0.015675 0.005189 0.001623 0.000480 0.000135 0.000036 0.000009 0.000002 0.000001 0.000000 0.000000 0.000000 0.000000 0.000000 0.000000 0.000000 0.000000 0.000000 0.000000 0.000000 0.000000 0.000000 0.000000 0.000000 0.000000 0.000000 0.000000 0.000000 0.000000 0.000000 0.000000 0.000000 0.000000 0.000000 0.000000 0.000000 0.000000 0.000000 
50.000000 37.685049 26.540777 17.405106 10.607535 6.004222 3.157782 1.544899 0.704286 0.299789 0.119418 0.044620 0.015675 0.005189 0.001623 0.000480 0.000135 0.000036 0.000009 0.000002 0.000001 0.000000 0.000000 0.000000 0.000000 0.000000 0.000000 0.000000 0.000000 0.000000 0.000000 0.000000 0.000000 0.000000 0.000000 0.000000 0.000000 0.000000 0.000000 0.000000 0.000000 0.000000 0.000000 0.000000 0.000000 0.000000 0.000000 0.000000 0.000000 0.000000 
50.000000 37.685049 26.540777 17.405106 10.607535 6.004222 3.157782 1.544899 0.704286 0.299789 0.119418 0.044620 0.015675 0.005189 0.001623 0.000480 0.000135 0.000036 0.000009 0.000002 0.000001 0.000000 0.000000 0.000000 0.000000 0.000000 0.000000 0.000000 0.000000 0.000000 0.000000 0.000000 0.000000 0.000000 0.000000 0.000000 0.000000 0.000000 0.000000 0.000000 0.000000 0.000000 0.000000 0.000000 0.000000 0.000000 0.000000 0.000000 0.000000 0.000000 
50.000000 37.685049 26.540777 17.405106 10.607535 6.004222 3.157782 1.544899 0.704286 0.299789 0.119418 0.044620 0.015675 0.005189 0.001623 0.000480 0.000135 0.000036 0.000009 0.000002 0.000001 0.000000 0.000000 0.000000 0.000000 0.000000 0.000000 0.000000 0.000000 0.000000 0.000000 0.000000 0.000000 0.000000 0.000000 0.000000 0.000000 0.000000 0.000000 0.000000 0.000000 0.000000 0.000000 0.000000 0.000000 0.000000 0.000000 0.000000 0.000000 0.000000 
50.000000 37.685049 26.540777 17.405106 10.607535 6.004222 3.157782 1.544899 0.704286 0.299789 0.119418 0.044620 0.015675 0.005189 0.001623 0.000480 0.000135 0.000036 0.000009 0.000002 0.000001 0.000000 0.000000 0.000000 0.000000 0.000000 0.000000 0.000000 0.000000 0.000000 0.000000 0.000000 0.000000 0.000000 0.000000 0.000000 0.000000 0.000000 0.000000 0.000000 0.000000 0.000000 0.000000 0.000000 0.000000 0.000000 0.000000 0.000000 0.000000 0.000000 
50.000000 37.685049 26.540777 17.405106 10.607536 6.004223 3.157782 1.544899 0.704286 0.299789 0.119419 0.044620 0.015675 0.005190 0.001623 0.000481 0.000135 0.000036 0.000010 0.000003 0.000001 0.000001 0.000001 0.000001 0.000001 0.000001 0.000001 0.000001 0.000001 0.000001 0.000001 0.000001 0.000001 0.000001 0.000001 0.000001 0.000001 0.000001 0.000001 0.000001 0.000001 0.000001 0.000001 0.000000 0.000000 0.000000 0.000000 0.000000 0.000000 0.000000 
50.000000 37.685050 26.540778 17.405107 10.607537 6.004224 3.157784 1.544901 0.704288 0.299791 0.119420 0.044622 0.015677 0.005191 0.001625 0.000482 0.000137 0.000038 0.000011 0.000004 0.000003 0.000002 0.000002 0.000002 0.000002 0.000002 0.000002 0.000002 0.000002 0.000002 0.000002 0.000002 0.000002 0.000002 0.000002 0.000002 0.000002 0.000002 0.000002 0.000002 0.000002 0.000002 0.000002 0.000002 0.000002 0.000002 0.000001 0.000001 0.000001 0.000000 
50.000000 37.685051 26.540781 17.405112 10.607542 6.004230 3.157790 1.544908 0.704295 0.299798 0.119427 0.044629 0.015684 0.005198 0.001632 0.000489 0.000144 0.000045 0.000018 0.000011 0.000010 0.000009 0.000009 0.000009 0.000009 0.000009 0.000009 0.000009 0.000009 0.000009 0.000009 0.000009 0.000009 0.000009 0.000009 0.000009 0.000009 0.000009 0.000009 0.000009 0.000009 0.000009 0.000009 0.000009 0.000008 0.000007 0.000006 0.000004 0.000002 0.000000 
50.000000 37.685058 26.540794 17.405129 10.607564 6.004254 3.157816 1.544934 0.704321 0.299824 0.119454 0.044656 0.015711 0.005225 0.001659 0.000516 0.000171 0.000072 0.000045 0.000038 0.000036 0.000036 0.000036 0.000036 0.000036 0.000036 0.000036 0.000036 0.000036 0.000036 0.000036 0.000036 0.000036 0.000036 0.000036 0.000036 0.000036 0.000036 0.000036 0.000036 0.000036 0.000036 0.000035 0.000034 0.000032 0.000029 0.000024 0.000018 0.000009 0.000000 
50.000000 37.685083 26.540841 17.405194 10.607642 6.004341 3.157908 1.545030 0.704419 0.299923 0.119553 0.044754 0.015810 0.005324 0.001757 0.000615 0.000270 0.000171 0.000144 0.000137 0.000135 0.000135 0.000135 0.000135 0.000135 0.000135 0.000135 0.000135 0.000135 0.000135 0.000135 0.000135 0.000135 0.000135 0.000135 0.000135 0.000135 0.000135 0.000135 0.000135 0.000134 0.000133 0.000132 0.000128 0.000121 0.000110 0.000092 0.000067 0.000035 0.000000 
50.000000 37.685168 26.541004 17.405420 10.607915 6.004646 3.158233 1.545365 0.704760 0.300266 0.119897 0.045099 0.016155 0.005669 0.002103 0.000960 0.000615 0.000516 0.000489 0.000482 0.000481 0.000480 0.000480 0.000480 0.000480 0.000480 0.000480 0.000480 0.000480 0.000480 0.000480 0.000480 0.000480 0.000480 0.000480 0.000480 0.000480 0.000480 0.000480 0.000480 0.000478 0.000476 0.000469 0.000457 0.000433 0.000392 0.000328 0.000239 0.000126 0.000000 
50.000000 37.685452 26.541543 17.406169 10.608819 6.005654 3.159305 1.546473 0.705887 0.301402 0.121037 0.046241 0.017297 0.006812 0.003245 0.002103 0.001757 0.001659 0.001632 0.001625 0.001623 0.001623 0.001623 0.001623 0.001623 0.001623 0.001623 0.001623 0.001623 0.001623 0.001623 0.001623 0.001623 0.001623 0.001623 0.001623 0.001622 0.001622 0.001622 0.001620 0.001616 0.001607 0.001587 0.001544 0.001464 0.001327 0.001112 0.000809 0.000428 0.000000 
50.000000 37.686336 26.543226 17.408505 10.611639 6.008800 3.162652 1.549933 0.709405 0.304948 0.124596 0.049804 0.020862 0.010378 0.006812 0.005669 0.005324 0.005225 0.005198 0.005191 0.005190 0.005189 0.005189 0.005189 0.005189 0.005189 0.005189 0.005189 0.005189 0.005189 0.005189 0.005189 0.005189 0.005189 0.005189 0.005189 0.005189 0.005188 0.005187 0.005182 0.005170 0.005142 0.005077 0.004944 0.004692 0.004255 0.003570 0.002602 0.001378 0.000000 
50.000000 37.688932 26.548169 17.415368 10.619926 6.018047 3.172490 1.560104 0.719748 0.315374 0.135057 0.060281 0.031345 0.020862 0.017297 0.016155 0.015810 0.015711 0.015684 0.015677 0.015675 0.015675 0.015675 0.015675 0.015675 0.015675 0.015675 0.015675 0.015675 0.015675 0.015675 0.015675 0.015675 0.015675 0.015675 0.015675 0.015674 0.015672 0.015668 0.015655 0.015620 0.015536 0.015348 0.014955 0.014205 0.012899 0.010839 0.007912 0.004195 0.000000 
50.000000 37.696094 26.561806 17.434302 10.642791 6.043565 3.199641 1.588176 0.748297 0.344151 0.163936 0.089201 0.060281 0.049804 0.046241 0.045099 0.044754 0.044656 0.044629 0.044622 0.044620 0.044620 0.044620 0.044620 0.044620 0.044620 0.044620 0.044620 0.044620 0.044620 0.044620 0.044620 0.044620 0.044620 0.044619 0.044619 0.044618 0.044613 0.044601 0.044565 0.044471 0.044242 0.043723 0.042635 0.040544 0.036876 0.031045 0.022705 0.012057 0.000000 
50.000000 37.714588 26.597023 17.483206 10.701855 6.109489 3.269790 1.660710 0.822068 0.418515 0.238562 0.163936 0.135057 0.124596 0.121037 0.119897 0.119553 0.119454 0.119427 0.119420 0.119419 0.119418 0.119418 0.119418 0.119418 0.119418 0.119418 0.119418 0.119418 0.119418 0.119418 0.119418 0.119418 0.119418 0.119418 0.119417 0.119413 0.119403 0.119371 0.119281 0.119044 0.118461 0.117129 0.114318 0.108866 0.099215 0.083729 0.061387 0.032660 0.000000 
50.000000 37.759155 26.681894 17.601073 10.844225 6.268412 3.438918 1.835600 0.999951 0.597830 0.418515 0.344151 0.315374 0.304948 0.301402 0.300266 0.299923 0.299824 0.299798 0.299791 0.299789 0.299789 0.299789 0.299789 0.299789 0.299789 0.299789 0.299789 0.299789 0.299789 0.299789 0.299789 0.299789 0.299788 0.299788 0.299786 0.299778 0.299753 0.299680 0.299471 0.298915 0.297539 0.294370 0.287618 0.274388 0.250697 0.212230 0.156108 0.083268 0.000000 
50.000000 37.859037 26.872114 17.865271 11.163384 6.624716 3.818136 2.227766 1.398844 0.999951 0.822068 0.748297 0.719748 0.709405 0.705887 0.704760 0.704419 0.704321 0.704295 0.704288 0.704286 0.704286 0.704286 0.704286 0.704286 0.704286 0.704286 0.704286 0.704286 0.704286 0.704286 0.704286 0.704286 0.704285 0.704284 0.704279 0.704263 0.704212 0.704055 0.703608 0.702411 0.699422 0.692469 0.677488 0.647751 0.593742 0.504719 0.372895 0.199619 0.000000 
50.000000 38.066482 27.267208 18.414069 11.826415 7.364988 4.606083 3.042671 2.227766 1.835600 1.660710 1.588176 1.560104 1.549933 1.546473 1.545365 1.545030 1.544934 1.544908 1.544901 1.544899 1.544899 1.544899 1.544899 1.544899 1.544899 1.544899 1.544899 1.544899 1.544899 1.544899 1.544899 1.544899 1.544898 1.544895 1.544886 1.544856 1.544756 1.544453 1.543581 1.541230 1.535297 1.521335 1.490841 1.429355 1.315673 1.124610 0.836008 0.449876 0.000000 
50.000000 38.464288 28.024898 19.466610 13.098161 8.785018 6.117685 4.606083 3.818136 3.438918 3.269790 3.199641 3.172490 3.162652 3.159305 3.158233 3.157908 3.157816 3.157790 3.157784 3.157782 3.157782 3.157782 3.157782 3.157782 3.157782 3.157782 3.157782 3.157782 3.157782 3.157782 3.157782 3.157781 3.157780 3.157776 3.157761 3.157707 3.157535 3.157005 3.155473 3.151300 3.140648 3.115242 3.058843 2.942913 2.723700 2.345783 1.759246 0.954237 0.000000 
50.000000 39.165991 29.361481 21.323453 15.341904 11.290588 8.785018 7.364988 6.624716 6.268412 6.109489 6.043565 6.018047 6.008800 6.005654 6.004646 6.004341 6.004254 6.004230 6.004224 6.004223 6.004222 6.004222 6.004222 6.004222 6.004222 6.004222 6.004222 6.004222 6.004222 6.004222 6.004222 6.004222 6.004220 6.004213 6.004190 6.004108 6.003843 6.003021 6.000622 5.994024 5.976965 5.935633 5.842105 5.645294 5.262429 4.579877 3.479851 1.911724 0.000000 
50.000000 40.300308 31.522186 24.325393 18.969606 15.341904 13.098161 11.826415 11.163384 10.844225 10.701855 10.642791 10.619926 10.611639 10.608819 10.607915 10.607642 10.607564 10.607542 10.607537 10.607536 10.607535 10.607535 10.607535 10.607535 10.607535 10.607535 10.607535 10.607535 10.607535 10.607535 10.607535 10.607534 10.607532 10.607524 10.607492 10.607384 10.607027 10.605915 10.602640 10.593529 10.569642 10.510742 10.374461 10.079475 9.484803 8.376540 6.492680 3.645419 0.000000 
50.000000 41.974716 34.711797 28.757061 24.325393 21.323453 19.466610 18.414069 17.865271 17.601073 17.483206 17.434302 17.415368 17.408505 17.406169 17.405420 17.405194 17.405129 17.405112 17.405107 17.405106 17.405106 17.405106 17.405106 17.405106 17.405106 17.405106 17.405106 17.405106 17.405106 17.405105 17.405105 17.405105 17.405102 17.405093 17.405057 17.404935 17.404529 17.403257 17.399477 17.388842 17.360552 17.289459 17.120827 16.743576 15.948852 14.378530 11.497817 6.717364 0.000000 
50.000000 44.224428 38.997435 34.711797 31.522186 29.361481 28.024898 27.267208 26.872114 26.681894 26.597023 26.561806 26.548169 26.543226 26.541543 26.541004 26.540841 26.540794 26.540781 26.540778 26.540777 26.540777 26.540777 26.540777 26.540777 26.540777 26.540777 26.540777 26.540777 26.540777 26.540777 26.540777 26.540776 26.540774 26.540766 26.540734 26.540624 26.540257 26.539101 26.535636 26.525786 26.499219 26.431200 26.265651 25.881630 25.029506 23.213981 19.498717 12.301525 0.000000 
50.000000 46.968245 44.224428 41.974716 40.300308 39.165991 38.464288 38.066482 37.859037 37.759155 37.714588 37.696094 37.688932 37.686336 37.685452 37.685168 37.685083 37.685058 37.685051 37.685050 37.685049 37.685049 37.685049 37.685049 37.685049 37.685049 37.685049 37.685049 37.685049 37.685049 37.685049 37.685049 37.685049 37.685047 37.685042 37.685023 37.684957 37.684736 37.684037 37.681928 37.675887 37.659418 37.616606 37.510051 37.254268 36.654889 35.257352 31.922903 23.484123 0.000000 
50.000000 50.000000 50.000000 50.000000 50.000000 50.000000 50.000000 50.000000 50.000000 50.000000 50.000000 50.000000 50.000000 50.000000 50.000000 50.000000 50.000000 50.000000 50.000000 50.000000 50.000000 50.000000 50.000000 50.000000 50.000000 50.000000 50.000000 50.000000 50.000000 50.000000 50.000000 50.000000 50.000000 50.000000 50.000000 50.000000 50.000000 50.000000 50.000000 50.000000 50.000000 50.000000 50.000000 50.000000 50.000000 50.000000 50.000000 50.000000 50.000000 50.000000 
