50.000000 50.000000 50.000000 50.000000 50.000000 50.000000 50.000000 50.000000 50.000000 50.000000 50.000000 50.000000 50.000000 50.000000 50.000000 50.000000 50.000000 50.000000 50.000000 50.000000 50.000000 50.000000 50.000000 50.000000 50.000000 50.000000 50.000000 50.000000 50.000000 50.000000 50.000000 50.000000 50.000000 50.000000 50.000000 50.000000 50.000000 50.000000 50.000000 50.000000 50.000000 50.000000 50.000000 50.000000 50.000000 50.000000 50.000000 50.000000 50.000000 50.000000 
50.000000 48.802151 47.649338 46.581525 45.629474 44.812283 44.136857 43.599161 43.186747 42.881874 42.664575 42.515180 42.416065 42.352578 42.313298 42.289810 42.276230 42.268634 42.264521 42.262365 42.261269 42.260729 42.260470 42.260351 42.260296 42.260271 42.260258 42.260247 42.260228 42.260189 42.260103 42.259918 42.259527 42.258722 42.257104 42.253935 42.247867 42.236514 42.215722 42.178376 42.112421 41.997482 41.798814 41.455732 40.857444 39.787180 37.777965 33.696047 24.401075 0.000000 
50.000000 47.649338 45.387058 43.291582 41.423282 39.819634 38.494188 37.439024 36.629715 36.031444 35.605026 35.311863 35.117365 34.992783 34.915703 34.869614 34.842966 34.828061 34.819990 34.815758 34.813608 34.812548 34.812042 34.811807 34.811700 34.811651 34.811626 34.811604 34.811569 34.811496 34.811336 34.810990 34.810261 34.808761 34.805755 34.799875 34.788647 34.767704 34.729500 34.661237 34.541524 34.334915 33.982744 33.387144 32.381934 30.677646 27.757167 22.693529 13.953291 0.000000 
50.000000 46.581525 43.291582 40.244222 37.527241 35.195139 33.267620 31.733165 30.556246 29.686232 29.066133 28.639817 28.356983 28.175820 28.063734 27.996714 27.957965 27.936291 27.924556 27.918403 27.915276 27.913735 27.912999 27.912657 27.912502 27.912431 27.912395 27.912365 27.912318 27.912219 27.912004 27.911542 27.910568 27.908571 27.904577 27.896788 27.881973 27.854472 27.804608 27.716203 27.562740 27.301473 26.864380 26.144266 24.973655 23.094453 20.122111 15.534415 8.803559 0.000000 
50.000000 45.629474 41.423282 37.527241 34.053600 31.072039 28.607744 26.645989 25.141344 24.029075 23.236318 22.691306 22.329728 22.098132 21.954844 21.869168 21.819634 21.791928 21.776927 21.769061 21.765065 21.763095 21.762154 21.761717 21.761519 21.761429 21.761384 21.761348 21.761293 21.761181 21.760936 21.760410 21.759306 21.757048 21.752547 21.743805 21.727260 21.696732 21.641793 21.545305 21.379815 21.102423 20.647720 19.918577 18.775363 17.026800 14.432788 10.745636 5.842293 0.000000 
50.000000 44.812283 39.819634 35.195139 31.072039 27.533040 24.608037 22.279543 20.493631 19.173456 18.232527 17.585656 17.156509 16.881637 16.711577 16.609896 16.551109 16.518228 16.500426 16.491091 16.486348 16.484011 16.482894 16.482375 16.482141 16.482035 16.481982 16.481943 16.481886 16.481770 16.481520 16.480984 16.479861 16.477573 16.473030 16.464249 16.447723 16.417438 16.363388 16.269433 16.110330 15.847871 15.426231 14.767130 13.766520 12.296676 10.221484 7.437700 3.954839 0.000000 
50.000000 44.136857 38.494188 33.267620 28.607744 24.608037 21.302280 18.670703 16.652353 15.160372 14.097006 13.365972 12.880996 12.570371 12.378195 12.263291 12.196862 12.159706 12.139591 12.129043 12.123684 12.121043 12.119781 12.119195 12.118930 12.118812 12.118754 12.118713 12.118658 12.118549 12.118313 12.117810 12.116762 12.114631 12.110420 12.102322 12.087174 12.059615 12.010855 11.926979 11.786736 11.558938 11.199808 10.651140 9.840908 8.689167 7.123354 5.107044 2.681125 0.000000 
50.000000 43.599161 37.439024 31.733165 26.645989 22.279543 18.670703 15.797880 13.594523 11.965803 10.804994 10.006983 9.477582 9.138508 8.928735 8.803313 8.730803 8.690248 8.668292 8.656780 8.650931 8.648049 8.646672 8.646033 8.645744 8.645615 8.645554 8.645513 8.645463 8.645366 8.645160 8.644720 8.643807 8.641959 8.638323 8.631368 8.618439 8.595090 8.554135 8.484401 8.369212 8.184784 7.898940 7.470895 6.853312 5.998268 4.868785 3.456281 1.800347 0.000000 
50.000000 43.186747 36.629715 30.556246 25.141344 20.493631 16.652353 13.594523 11.249295 9.515724 8.280202 7.430841 6.867381 6.506500 6.283239 6.149754 6.072586 6.029426 6.006060 5.993809 5.987584 5.984517 5.983052 5.982372 5.982065 5.981928 5.981865 5.981826 5.981783 5.981702 5.981531 5.981170 5.980422 5.978915 5.975965 5.970351 5.959980 5.941384 5.909039 5.854498 5.765417 5.624648 5.409739 5.093415 4.645759 4.038922 3.254774 2.294800 1.189265 0.000000 
50.000000 42.881874 36.031444 29.686232 24.029075 19.173456 15.160372 11.965803 9.515724 7.704667 6.413935 5.526630 4.938008 4.561016 4.327791 4.188352 4.107742 4.062659 4.038252 4.025455 4.018953 4.015750 4.014220 4.013510 4.013189 4.013047 4.012983 4.012946 4.012910 4.012845 4.012712 4.012431 4.011852 4.010690 4.008426 4.004140 3.996269 3.982255 3.958071 3.917659 3.852333 3.750307 3.596591 3.373636 3.063126 2.649260 2.123492 1.489921 0.769453 0.000000 
50.000000 42.664575 35.605026 29.066133 23.236318 18.232527 14.097006 10.804994 8.280202 6.413935 5.083868 4.169534 3.562987 3.174520 2.934200 2.790521 2.707461 2.661008 2.635860 2.622675 2.615977 2.612677 2.611100 2.610368 2.610038 2.609892 2.609827 2.609793 2.609763 2.609714 2.609615 2.609408 2.608982 2.608131 2.606479 2.603369 2.597692 2.587649 2.570444 2.541934 2.496276 2.425704 2.320593 2.170027 1.963094 1.691013 1.349930 0.943790 0.486199 0.000000 
50.000000 42.515180 35.311863 28.639817 22.691306 17.585656 13.365972 10.006983 7.430841 5.526630 4.169534 3.236626 2.617765 2.221415 1.976221 1.829630 1.744888 1.697495 1.671838 1.658387 1.651552 1.648186 1.646577 1.645831 1.645494 1.645346 1.645281 1.645249 1.645224 1.645189 1.645118 1.644972 1.644673 1.644079 1.642931 1.640779 1.636872 1.630001 1.618313 1.599089 1.568559 1.521802 1.452849 1.355117 1.222268 1.049513 0.835209 0.582363 0.299458 0.000000 
50.000000 42.416065 35.117365 28.356983 22.329728 17.156509 12.880996 9.477582 6.867381 4.938008 3.562987 2.617765 1.990740 1.589165 1.340740 1.192220 1.106363 1.058346 1.032353 1.018725 1.011801 1.008391 1.006761 1.006005 1.005664 1.005515 1.005449 1.005419 1.005399 1.005373 1.005325 1.005227 1.005026 1.004630 1.003866 1.002442 0.999869 0.995370 0.987763 0.975339 0.955753 0.925997 0.882492 0.821382 0.739071 0.632996 0.502510 0.349661 0.179550 0.000000 
50.000000 42.352578 34.992783 28.175820 22.098132 16.881637 12.570371 9.138508 6.506500 4.561016 3.174520 2.221415 1.589165 1.184246 0.933755 0.783999 0.697429 0.649014 0.622806 0.609065 0.602084 0.598645 0.597002 0.596240 0.595896 0.595746 0.595680 0.595651 0.595634 0.595616 0.595585 0.595521 0.595392 0.595138 0.594652 0.593748 0.592123 0.589296 0.584544 0.576828 0.564746 0.546520 0.520069 0.483197 0.433914 0.370872 0.293847 0.204137 0.104711 0.000000 
50.000000 42.313298 34.915703 28.063734 21.954844 16.711577 12.378195 8.928735 6.283239 4.327791 2.934200 1.976221 1.340740 0.933755 0.681986 0.531468 0.444457 0.395797 0.369455 0.355644 0.348628 0.345172 0.343520 0.342754 0.342409 0.342258 0.342193 0.342165 0.342150 0.342137 0.342117 0.342077 0.341998 0.341842 0.341544 0.340993 0.340007 0.338299 0.335442 0.330831 0.323651 0.312888 0.297367 0.275873 0.247328 0.211039 0.166947 0.115829 0.059363 0.000000 
50.000000 42.289810 34.869614 27.996714 21.869168 16.609896 12.263291 8.803313 6.149754 4.188352 2.790521 1.829630 1.192220 0.783999 0.531468 0.380494 0.293220 0.244413 0.217991 0.204139 0.197102 0.193635 0.191979 0.191211 0.190865 0.190713 0.190648 0.190621 0.190608 0.190598 0.190585 0.190562 0.190515 0.190422 0.190247 0.189924 0.189347 0.188354 0.186700 0.184042 0.179927 0.173790 0.164990 0.152871 0.136866 0.116622 0.092137 0.063859 0.032706 0.000000 
50.000000 42.276230 34.842966 27.957965 21.819634 16.551109 12.196862 8.730803 6.072586 4.107742 2.707461 1.744888 1.106363 0.697429 0.444457 0.293220 0.205795 0.156903 0.130436 0.116560 0.109510 0.106038 0.104378 0.103609 0.103262 0.103110 0.103046 0.103018 0.103006 0.102999 0.102991 0.102977 0.102950 0.102898 0.102798 0.102615 0.102291 0.101733 0.100809 0.099331 0.097052 0.093670 0.088844 0.082231 0.073536 0.062587 0.049394 0.034205 0.017508 0.000000 
50.000000 42.268634 34.828061 27.936291 21.791928 16.518228 12.159707 8.690248 6.029426 4.062659 2.661008 1.697495 1.058347 0.649015 0.395797 0.244413 0.156903 0.107963 0.081471 0.067581 0.060525 0.057049 0.055388 0.054618 0.054271 0.054119 0.054054 0.054027 0.054016 0.054010 0.054005 0.053997 0.053982 0.053953 0.053898 0.053799 0.053622 0.053320 0.052821 0.052027 0.050807 0.049004 0.046442 0.042945 0.038367 0.032622 0.025723 0.017800 0.009107 0.000000 
50.000000 42.264521 34.819990 27.924556 21.776928 16.500426 12.139591 8.668293 6.006060 4.038252 2.635861 1.671838 1.032353 0.622806 0.369455 0.217992 0.130436 0.081471 0.054964 0.041068 0.034007 0.030530 0.028868 0.028098 0.027750 0.027598 0.027534 0.027507 0.027496 0.027491 0.027487 0.027483 0.027475 0.027459 0.027430 0.027378 0.027285 0.027127 0.026867 0.026453 0.025821 0.024891 0.023573 0.021781 0.019442 0.016518 0.013015 0.009001 0.004603 0.000000 
50.000000 42.262365 34.815759 27.918403 21.769062 16.491092 12.129044 8.656781 5.993809 4.025456 2.622676 1.658388 1.018726 0.609066 0.355645 0.204140 0.116560 0.067582 0.041068 0.027168 0.020106 0.016627 0.014965 0.014194 0.013847 0.013695 0.013630 0.013603 0.013592 0.013588 0.013585 0.013583 0.013578 0.013570 0.013556 0.013529 0.013482 0.013402 0.013270 0.013062 0.012745 0.012279 0.011622 0.010731 0.009572 0.008127 0.006399 0.004423 0.002261 0.000000 
50.000000 42.261269 34.813609 27.915277 21.765066 16.486350 12.123686 8.650933 5.987586 4.018956 2.615979 1.651555 1.011804 0.602086 0.348630 0.197104 0.109512 0.060527 0.034010 0.020107 0.013044 0.009565 0.007903 0.007132 0.006785 0.006633 0.006568 0.006541 0.006530 0.006526 0.006524 0.006522 0.006520 0.006516 0.006509 0.006496 0.006472 0.006433 0.006369 0.006267 0.006113 0.005887 0.005569 0.005139 0.004581 0.003887 0.003059 0.002114 0.001080 0.000000 
50.000000 42.260730 34.812550 27.913738 21.763099 16.484016 12.121049 8.648055 5.984523 4.015757 2.612683 1.648193 1.008397 0.598652 0.345178 0.193642 0.106044 0.057056 0.030536 0.016633 0.009570 0.006090 0.004428 0.003657 0.003310 0.003158 0.003093 0.003066 0.003055 0.003051 0.003049 0.003048 0.003047 0.003045 0.003041 0.003035 0.003024 0.003005 0.002975 0.002927 0.002854 0.002747 0.002597 0.002396 0.002134 0.001810 0.001424 0.000983 0.000503 0.000000 
50.000000 42.260473 34.812047 27.913007 21.762164 16.482906 12.119795 8.646687 5.983068 4.014236 2.611117 1.646594 1.006778 0.597019 0.343538 0.191997 0.104396 0.055405 0.028885 0.014982 0.007918 0.004439 0.002776 0.002005 0.001658 0.001506 0.001441 0.001414 0.001404 0.001399 0.001398 0.001397 0.001396 0.001395 0.001393 0.001391 0.001385 0.001377 0.001362 0.001340 0.001306 0.001257 0.001188 0.001095 0.000975 0.000827 0.000650 0.000449 0.000229 0.000000 
50.000000 42.260358 34.811821 27.912677 21.761743 16.482406 12.119230 8.646070 5.982412 4.013551 2.610411 1.645874 1.006049 0.596284 0.342798 0.191255 0.103653 0.054662 0.028141 0.014237 0.007174 0.003694 0.002032 0.001261 0.000913 0.000761 0.000697 0.000670 0.000659 0.000655 0.000653 0.000653 0.000652 0.000652 0.000651 0.000649 0.000647 0.000643 0.000636 0.000626 0.000610 0.000586 0.000554 0.000511 0.000454 0.000385 0.000303 0.000209 0.000107 0.000000 
50.000000 42.260314 34.811735 27.912552 21.761583 16.482216 12.119015 8.645836 5.982162 4.013291 2.610142 1.645601 1.005772 0.596004 0.342518 0.190973 0.103371 0.054380 0.027859 0.013955 0.006891 0.003412 0.001749 0.000978 0.000631 0.000479 0.000414 0.000387 0.000377 0.000372 0.000371 0.000370 0.000370 0.000369 0.000369 0.000368 0.000367 0.000364 0.000360 0.000354 0.000345 0.000332 0.000314 0.000289 0.000257 0.000218 0.000171 0.000118 0.000060 0.000000 
50.000000 42.260314 34.811735 27.912552 21.761583 16.482216 12.119015 8.645836 5.982162 4.013291 2.610142 1.645601 1.005772 0.596004 0.342518 0.190973 0.103371 0.054380 0.027859 0.013955 0.006891 0.003412 0.001749 0.000978 0.000631 0.000479 0.000414 0.000387 0.000377 0.000372 0.000371 0.000370 0.000370 0.000369 0.000369 0.000368 0.000367 0.000364 0.000360 0.000354 0.000345 0.000332 0.000314 0.000289 0.000257 0.000218 0.000171 0.000118 0.000060 0.000000 
50.000000 42.260358 34.811821 27.912677 21.761743 16.482406 12.119230 8.646070 5.982412 4.013551 2.610411 1.645874 1.006049 0.596284 0.342798 0.191255 0.103653 0.054662 0.028141 0.014237 0.007174 0.003694 0.002032 0.001261 0.000913 0.000761 0.000697 0.000670 0.000659 0.000655 0.000653 0.000653 0.000652 0.000652 0.000651 0.000649 0.000647 0.000643 0.000636 0.000626 0.000610 0.000586 0.000554 0.000511 0.000454 0.000385 0.000303 0.000209 0.000107 0.000000 
50.000000 42.260473 34.812047 27.913007 21.762164 16.482906 12.119795 8.646687 5.983068 4.014236 2.611117 1.646594 1.006778 0.597019 0.343538 0.191997 0.104396 0.055405 0.028885 0.014982 0.007918 0.004439 0.002776 0.002005 0.001658 0.001506 0.001441 0.001414 0.001404 0.001399 0.001398 0.001397 0.001396 0.001395 0.001393 0.001391 0.001385 0.001377 0.001362 0.001340 0.001306 0.001257 0.001188 0.001095 0.000975 0.000827 0.000650 0.000449 0.000229 0.000000 
50.000000 42.260730 34.812550 27.913738 21.763099 16.484016 12.121049 8.648055 5.984523 4.015757 2.612683 1.648193 1.008397 0.598652 0.345178 0.193642 0.106044 0.057056 0.030536 0.016633 0.009570 0.006090 0.004428 0.003657 0.003310 0.003158 0.003093 0.003066 0.003055 0.003051 0.003049 0.003048 0.003047 0.003045 0.003041 0.003035 0.003024 0.003005 0.002975 0.002927 0.002854 0.002747 0.002597 0.002396 0.002134 0.001810 0.001424 0.000983 0.000503 0.000000 
50.000000 42.261269 34.813609 27.915277 21.765066 16.486350 12.123686 8.650933 5.987586 4.018956 2.615979 1.651555 1.011804 0.602086 0.348630 0.197104 0.109512 0.060527 0.034010 0.020107 0.013044 0.009565 0.007903 0.007132 0.006785 0.006633 0.006568 0.006541 0.006530 0.006526 0.006524 0.006522 0.006520 0.006516 0.006509 0.006496 0.006472 0.006433 0.006369 0.006267 0.006113 0.005887 0.005569 0.005139 0.004581 0.003887 0.003059 0.002114 0.001080 0.000000 
50.000000 42.262365 34.815759 27.918403 21.769062 16.491092 12.129044 8.656781 5.993809 4.025456 2.622676 1.658388 1.018726 0.609066 0.355645 0.204140 0.116560 0.067582 0.041068 0.027168 0.020106 0.016627 0.014965 0.014194 0.013847 0.013695 0.013630 0.013603 0.013592 0.013588 0.013585 0.013583 0.013578 0.013570 0.013556 0.013529 0.013482 0.013402 0.013270 0.013062 0.012745 0.012279 0.011622 0.010731 0.009572 0.008127 0.006399 0.004423 0.002261 0.000000 
50.000000 42.264521 34.819990 27.924556 21.776928 16.500426 12.139591 8.668293 6.006060 4.038252 2.635861 1.671838 1.032353 0.622806 0.369455 0.217992 0.130436 0.081471 0.054964 0.041068 0.034007 0.030530 0.028868 0.028098 0.027750 0.027598 0.027534 0.027507 0.027496 0.027491 0.027487 0.027483 0.027475 0.027459 0.027430 0.027378 0.027285 0.027127 0.026867 0.026453 0.025821 0.024891 0.023573 0.021781 0.019442 0.016518 0.013015 0.009001 0.004603 0.000000 
50.000000 42.268634 34.828061 27.936291 21.791928 16.518228 12.159707 8.690248 6.029426 4.062659 2.661008 1.697495 1.058347 0.649015 0.395797 0.244413 0.156903 0.107963 0.081471 0.067581 0.060525 0.057049 0.055388 0.054618 0.054271 0.054119 0.054054 0.054027 0.054016 0.054010 0.054005 0.053997 0.053982 0.053953 0.053898 0.053799 0.053622 0.053320 0.052821 0.052027 0.050807 0.049004 0.046442 0.042945 0.038367 0.032622 0.025723 0.017800 0.009107 0.000000 
50.000000 42.276230 34.842966 27.957965 21.819634 16.551109 12.196862 8.730803 6.072586 4.107742 2.707461 1.744888 1.106363 0.697429 0.444457 0.293220 0.205795 0.156903 0.130436 0.116560 0.109510 0.106038 0.104378 0.103609 0.103262 0.103110 0.103046 0.103018 0.103006 0.102999 0.102991 0.102977 0.102950 0.102898 0.102798 0.102615 0.102291 0.101733 0.100809 0.099331 0.097052 0.093670 0.088844 0.082231 0.073536 0.062587 0.049394 0.034205 0.017508 0.000000 
50.000000 42.289810 34.869614 27.996714 21.869168 16.609896 12.263291 8.803313 6.149754 4.188352 2.790521 1.829630 1.192220 0.783999 0.531468 0.380494 0.293220 0.244413 0.217991 0.204139 0.197102 0.193635 0.191979 0.191211 0.190865 0.190713 0.190648 0.190621 0.190608 0.190598 0.190585 0.190562 0.190515 0.190422 0.190247 0.189924 0.189347 0.188354 0.186700 0.184042 0.179927 0.173790 0.164990 0.152871 0.136866 0.116622 0.092137 0.063859 0.032706 0.000000 
50.000000 42.313298 34.915703 28.063734 21.954844 16.711577 12.378195 8.928735 6.283239 4.327791 2.934200 1.976221 1.340740 0.933755 0.681986 0.531468 0.444457 0.395797 0.369455 0.355644 0.348628 0.345172 0.343520 0.342754 0.342409 0.342258 0.342193 0.342165 0.342150 0.342137 0.342117 0.342077 0.341998 0.341842 0.341544 0.340993 0.340007 0.338299 0.335442 0.330831 0.323651 0.312888 0.297367 0.275873 0.247328 0.211039 0.166947 0.115829 0.059363 0.000000 
50.000000 42.352578 34.992783 28.175820 22.098132 16.881637 12.570371 9.138508 6.506500 4.561016 3.174520 2.221415 1.589165 1.184246 0.933755 0.783999 0.697429 0.649014 0.622806 0.609065 0.602084 0.598645 0.597002 0.596240 0.595896 0.595746 0.595680 0.595651 0.595634 0.595616 0.595585 0.595521 0.595392 0.595138 0.594652 0.593748 0.592123 0.589296 0.584544 0.576828 0.564746 0.546520 0.520069 0.483197 0.433914 0.370872 0.293847 0.204137 0.104711 0.000000 
50.000000 42.416065 35.117365 28.356983 22.329728 17.156509 12.880996 9.477582 6.867381 4.938008 3.562987 2.617765 1.990740 1.589165 1.340740 1.192220 1.106363 1.058346 1.032353 1.018725 1.011801 1.008391 1.006761 1.006005 1.005664 1.005515 1.005449 1.005419 1.005399 1.005373 1.005325 1.005227 1.005026 1.004630 1.003866 1.002442 0.999869 0.995370 0.987763 0.975339 0.955753 0.925997 0.882492 0.821382 0.739071 0.632996 0.502510 0.349661 0.179550 0.000000 
50.000000 42.515180 35.311863 28.639817 22.691306 17.585656 13.365972 10.006983 7.430841 5.526630 4.169534 3.236626 2.617765 2.221415 1.976221 1.829630 1.744888 1.697495 1.671838 1.658387 1.651552 1.648186 1.646577 1.645831 1.645494 1.645346 1.645281 1.645249 1.645224 1.645189 1.645118 1.644972 1.644673 1.644079 1.642931 1.640779 1.636872 1.630001 1.618313 1.599089 1.568559 1.521802 1.452849 1.355117 1.222268 1.049513 0.835209 0.582363 0.299458 0.000000 
50.000000 42.664575 35.605026 29.066133 23.236318 18.232527 14.097006 10.804994 8.280202 6.413935 5.083868 4.169534 3.562987 3.174520 2.934200 2.790521 2.707461 2.661008 2.635860 2.622675 2.615977 2.612677 2.611100 2.610368 2.610038 2.609892 2.609827 2.609793 2.609763 2.609714 2.609615 2.609408 2.608982 2.608131 2.606479 2.603369 2.597692 2.587649 2.570444 2.541934 2.496276 2.425704 2.320593 2.170027 1.963094 1.691013 1.349930 0.943790 0.486199 0.000000 
50.000000 42.881874 36.031444 29.686232 24.029075 19.173456 15.160372 11.965803 9.515724 7.704667 6.413935 5.526630 4.938008 4.561016 4.327791 4.188352 4.107742 4.062659 4.038252 4.025455 4.018953 4.015750 4.014220 4.013510 4.013189 4.013047 4.012983 4.012946 4.012910 4.012845 4.012712 4.012431 4.011852 4.010690 4.008426 4.004140 3.996269 3.982255 3.958071 3.917659 3.852333 3.750307 3.596591 3.373636 3.063126 2.649260 2.123492 1.489921 0.769453 0.000000 
50.000000 43.186747 36.629715 30.556246 25.141344 20.493631 16.652353 13.594523 11.249295 9.515724 8.280202 7.430841 6.867381 6.506500 6.283239 6.149754 6.072586 6.029426 6.006060 5.993809 5.987584 5.984517 5.983052 5.982372 5.982065 5.981928 5.981865 5.981826 5.981783 5.981702 5.981531 5.981170 5.980422 5.978915 5.975965 5.970351 5.959980 5.941384 5.909039 5.854498 5.765417 5.624648 5.409739 5.093415 4.645759 4.038922 3.254774 2.294800 1.189265 0.000000 
50.000000 43.599161 37.439024 31.733165 26.645989 22.279543 18.670703 15.797880 13.594523 11.965803 10.804994 10.006983 9.477582 9.138508 8.928735 8.803313 8.730803 8.690248 8.668292 8.656780 8.650931 8.648049 8.646672 8.646033 8.645744 8.645615 8.645554 8.645513 8.645463 8.645366 8.645160 8.644720 8.643807 8.641959 8.638323 8.631368 8.618439 8.595090 8.554135 8.484401 8.369212 8.184784 7.898940 7.470895 6.853312 5.998268 4.868785 3.456281 1.800347 0.000000 
50.000000 44.136857 38.494188 33.267620 28.607744 24.608037 21.302280 18.670703 16.652353 15.160372 14.097006 13.365972 12.880996 12.570371 12.378195 12.263291 12.196862 12.159706 12.139591 12.129043 12.123684 12.121043 12.119781 12.119195 12.118930 12.118812 12.118754 12.118713 12.118658 12.118549 12.118313 12.117810 12.116762 12.114631 12.110420 12.102322 12.087174 12.059615 12.010855 11.926979 11.786736 11.558938 11.199808 10.651140 9.840908 8.689167 7.123354 5.107044 2.681125 0.000000 
50.000000 44.812283 39.819634 35.195139 31.072039 27.533040 24.608037 22.279543 20.493631 19.173456 18.232527 17.585656 17.156509 16.881637 16.711577 16.609896 16.551109 16.518228 16.500426 16.491091 16.486348 16.484011 16.482894 16.482375 16.482141 16.482035 16.481982 16.481943 16.481886 16.481770 16.481520 16.480984 16.479861 16.477573 16.473030 16.464249 16.447723 16.417438 16.363388 16.269433 16.110330 15.847871 15.426231 14.767130 13.766520 12.296676 10.221484 7.437700 3.954839 0.000000 
50.000000 45.629474 41.423282 37.527241 34.053600 31.072039 28.607744 26.645989 25.141344 24.029075 23.236318 22.691306 22.329728 22.098132 21.954844 21.869168 21.819634 21.791928 21.776927 21.769061 21.765065 21.763095 21.762154 21.761717 21.761519 21.761429 21.761384 21.761348 21.761293 21.761181 21.760936 21.760410 21.759306 21.757048 21.752547 21.743805 21.727260 21.696732 21.641793 21.545305 21.379815 21.102423 20.647720 19.918577 18.775363 17.026800 14.432788 10.745636 5.842293 0.000000 
50.000000 46.581525 43.291582 40.244222 37.527241 35.195139 33.267620 31.733165 30.556246 29.686232 29.066133 28.639817 28.356983 28.175820 28.063734 27.996714 27.957965 27.936291 27.924556 27.918403 27.915276 27.913735 27.912999 27.912657 27.912502 27.912431 27.912395 27.912365 27.912318 27.912219 27.912004 27.911542 27.910568 27.908571 27.904577 27.896788 27.881973 27.854472 27.804608 27.716203 27.562740 27.301473 26.864380 26.144266 24.973655 23.094453 20.122111 15.534415 8.803559 0.000000 
50.000000 47.649338 45.387058 43.291582 41.423282 39.819634 38.494188 37.439024 36.629715 36.031444 35.605026 35.311863 35.117365 34.992783 34.915703 34.869614 34.842966 34.828061 34.819990 34.815758 34.813608 34.812548 34.812042 34.811807 34.811700 34.811651 34.811626 34.811604 34.811569 34.811496 34.811336 34.810990 34.810261 34.808761 34.805755 34.799875 34.788647 34.767704 34.729500 34.661237 34.541524 34.334915 33.982744 33.387144 32.381934 30.677646 27.757167 22.693529 13.953291 0.000000 
50.000000 48.802151 47.649338 46.581525 45.629474 44.812283 44.136857 43.599161 43.186747 42.881874 42.664575 42.515180 42.416065 42.352578 42.313298 42.289810 42.276230 42.268634 42.264521 42.262365 42.261269 42.260729 42.260470 42.260351 42.260296 42.260271 42.260258 42.260247 42.260228 42.260189 42.260103 42.259918 42.259527 42.258722 42.257104 42.253935 42.247867 42.236514 42.215722 42.178376 42.112421 41.997482 41.798814 41.455732 40.857444 39.787180 37.777965 33.696047 24.401075 0.000000 
50.000000 50.000000 50.000000 50.000000 50.000000 50.000000 50.000000 50.000000 50.000000 50.000000 50.000000 50.000000 50.000000 50.000000 50.000000 50.000000 50.000000 50.000000 50.000000 50.000000 50.000000 50.000000 50.000000 50.000000 50.000000 50.000000 50.000000 50.000000 50.000000 50.000000 50.000000 50.000000 50.000000 50.000000 50.000000 50.000000 50.000000 50.000000 50.000000 50.000000 50.000000 50.000000 50.000000 50.000000 50.000000 50.000000 50.000000 50.000000 50.000000 50.000000 
