50.000000 50.000000 50.000000 50.000000 50.000000 50.000000 50.000000 50.000000 50.000000 50.000000 50.000000 50.000000 50.000000 50.000000 50.000000 50.000000 50.000000 50.000000 50.000000 50.000000 50.000000 50.000000 50.000000 50.000000 50.000000 50.000000 50.000000 50.000000 50.000000 50.000000 50.000000 50.000000 50.000000 50.000000 50.000000 50.000000 50.000000 50.000000 50.000000 50.000000 50.000000 50.000000 50.000000 50.000000 50.000000 50.000000 50.000000 50.000000 50.000000 50.000000 
50.000000 46.962465 44.213964 41.961295 40.285648 39.151331 38.450250 38.053203 37.846389 37.746934 37.702617 37.684251 37.677150 37.674580 37.673706 37.673426 37.673342 37.673318 37.673311 37.673309 37.673309 37.673309 37.673309 37.673309 37.673309 37.673309 37.673309 37.673309 37.673309 37.673309 37.673309 37.673309 37.673308 37.673307 37.673302 37.673283 37.673218 37.673000 37.672307 37.670216 37.664218 37.647844 37.605230 37.499053 37.243939 36.645642 35.249701 31.917397 23.481232 0.000000 
50.000000 44.213964 38.978543 34.687681 31.496012 29.335512 28.000243 27.244071 26.850216 26.660828 26.576440 26.541473 26.527952 26.523059 26.521396 26.520863 26.520703 26.520657 26.520644 26.520641 26.520640 26.520640 26.520640 26.520640 26.520640 26.520640 26.520640 26.520640 26.520640 26.520640 26.520640 26.520640 26.520639 26.520637 26.520629 26.520598 26.520489 26.520127 26.518982 26.515547 26.505770 26.479366 26.411686 26.246788 25.863913 25.013643 23.200856 19.489272 12.296566 0.000000 
50.000000 41.961295 34.687681 28.726516 24.292608 21.291373 19.436616 18.386332 17.839332 17.576326 17.459147 17.410597 17.391827 17.385034 17.382726 17.381987 17.381764 17.381700 17.381683 17.381678 17.381677 17.381677 17.381677 17.381677 17.381677 17.381677 17.381677 17.381677 17.381677 17.381677 17.381677 17.381677 17.381676 17.381674 17.381664 17.381630 17.381508 17.381108 17.379850 17.376105 17.365554 17.337453 17.266755 17.098879 16.722962 15.930394 14.363258 11.486825 6.711594 0.000000 
50.000000 40.285648 31.496012 24.292608 18.934979 15.308714 13.067854 11.799040 11.138290 10.820623 10.679106 10.620479 10.597816 10.589615 10.586829 10.585937 10.585668 10.585591 10.585570 10.585565 10.585564 10.585563 10.585563 10.585563 10.585563 10.585563 10.585563 10.585563 10.585563 10.585563 10.585563 10.585563 10.585563 10.585560 10.585552 10.585521 10.585414 10.585061 10.583962 10.580720 10.571688 10.547979 10.489448 10.353875 10.060139 9.467489 8.362214 6.482368 3.640006 0.000000 
50.000000 39.151331 29.335512 21.291373 15.308714 11.259646 8.757694 7.341162 6.603555 6.248973 6.091028 6.025602 6.000314 5.991165 5.988056 5.987062 5.986762 5.986676 5.986653 5.986647 5.986645 5.986645 5.986645 5.986645 5.986645 5.986645 5.986645 5.986645 5.986645 5.986645 5.986645 5.986645 5.986644 5.986643 5.986636 5.986613 5.986533 5.986271 5.985459 5.983087 5.976551 5.959634 5.918597 5.825635 5.629823 5.248575 4.568412 3.471599 1.907391 0.000000 
50.000000 38.450250 28.000243 19.436616 13.067854 8.757694 6.094577 4.586906 3.801902 3.424569 3.256506 3.186895 3.159993 3.150260 3.146954 3.145896 3.145577 3.145486 3.145461 3.145455 3.145453 3.145453 3.145453 3.145453 3.145453 3.145453 3.145453 3.145453 3.145453 3.145453 3.145453 3.145452 3.145452 3.145451 3.145447 3.145432 3.145379 3.145209 3.144687 3.143172 3.139044 3.128491 3.103291 3.047288 2.932059 2.713980 2.337738 1.753455 0.951196 0.000000 
50.000000 38.053203 27.244071 18.386332 11.799040 7.341162 4.586906 3.027722 2.215947 1.825772 1.652000 1.580031 1.552218 1.542157 1.538740 1.537647 1.537317 1.537223 1.537197 1.537191 1.537189 1.537189 1.537189 1.537189 1.537189 1.537189 1.537189 1.537189 1.537189 1.537189 1.537189 1.537189 1.537188 1.537188 1.537185 1.537177 1.537146 1.537048 1.536749 1.535889 1.533566 1.527694 1.513861 1.483615 1.422566 1.309593 1.119577 0.832385 0.447974 0.000000 
50.000000 37.846389 26.850216 17.839332 11.138290 6.603555 3.801902 2.215947 1.390268 0.993427 0.816694 0.743503 0.715220 0.704989 0.701515 0.700403 0.700068 0.699972 0.699946 0.699939 0.699938 0.699937 0.699937 0.699937 0.699937 0.699937 0.699937 0.699937 0.699937 0.699937 0.699937 0.699937 0.699937 0.699937 0.699935 0.699931 0.699915 0.699864 0.699710 0.699269 0.698088 0.695134 0.688253 0.673411 0.643921 0.590311 0.501879 0.370850 0.198545 0.000000 
50.000000 37.746934 26.660828 17.576326 10.820623 6.248973 3.424569 1.825772 0.993427 0.593393 0.415244 0.341468 0.312960 0.302648 0.299146 0.298026 0.297688 0.297592 0.297566 0.297559 0.297557 0.297557 0.297557 0.297557 0.297557 0.297557 0.297557 0.297557 0.297557 0.297557 0.297557 0.297557 0.297557 0.297557 0.297556 0.297554 0.297546 0.297522 0.297450 0.297244 0.296696 0.295338 0.292206 0.285526 0.272422 0.248935 0.210772 0.155058 0.082717 0.000000 
50.000000 37.702617 26.576440 17.459147 10.679106 6.091028 3.256506 1.652000 0.816694 0.415244 0.236467 0.162433 0.133825 0.123478 0.119963 0.118840 0.118500 0.118403 0.118377 0.118370 0.118369 0.118368 0.118368 0.118368 0.118368 0.118368 0.118368 0.118368 0.118368 0.118368 0.118368 0.118368 0.118368 0.118368 0.118368 0.118367 0.118364 0.118353 0.118322 0.118234 0.118000 0.117425 0.116111 0.113333 0.107941 0.098386 0.083042 0.060893 0.032400 0.000000 
50.000000 37.684251 26.541473 17.410597 10.620479 6.025602 3.186895 1.580031 0.743503 0.341468 0.162433 0.088292 0.059643 0.049281 0.045762 0.044636 0.044297 0.044199 0.044173 0.044166 0.044165 0.044164 0.044164 0.044164 0.044164 0.044164 0.044164 0.044164 0.044164 0.044164 0.044164 0.044164 0.044164 0.044164 0.044164 0.044164 0.044162 0.044158 0.044146 0.044111 0.044019 0.043793 0.043281 0.042208 0.040143 0.036517 0.030747 0.022491 0.011944 0.000000 
50.000000 37.677150 26.527952 17.391827 10.597816 6.000314 3.159993 1.552218 0.715220 0.312960 0.133825 0.059643 0.030979 0.020611 0.017090 0.015964 0.015624 0.015527 0.015501 0.015494 0.015492 0.015492 0.015492 0.015492 0.015492 0.015492 0.015492 0.015492 0.015492 0.015492 0.015492 0.015492 0.015492 0.015492 0.015492 0.015492 0.015491 0.015489 0.015485 0.015472 0.015438 0.015356 0.015170 0.014783 0.014043 0.012755 0.010719 0.007826 0.004150 0.000000 
50.000000 37.674580 26.523059 17.385034 10.589615 5.991165 3.150260 1.542157 0.704989 0.302648 0.123478 0.049281 0.020611 0.010241 0.006719 0.005593 0.005253 0.005156 0.005130 0.005123 0.005121 0.005121 0.005121 0.005121 0.005121 0.005121 0.005121 0.005121 0.005121 0.005121 0.005121 0.005121 0.005121 0.005121 0.005121 0.005121 0.005120 0.005120 0.005118 0.005114 0.005102 0.005074 0.005011 0.004880 0.004632 0.004201 0.003525 0.002570 0.001361 0.000000 
50.000000 37.673706 26.521396 17.382726 10.586829 5.988056 3.146954 1.538740 0.701515 0.299146 0.119963 0.045762 0.017090 0.006719 0.003197 0.002071 0.001731 0.001634 0.001608 0.001601 0.001599 0.001599 0.001599 0.001599 0.001599 0.001599 0.001599 0.001599 0.001599 0.001599 0.001599 0.001599 0.001599 0.001599 0.001599 0.001599 0.001599 0.001598 0.001598 0.001596 0.001593 0.001584 0.001563 0.001522 0.001443 0.001308 0.001096 0.000798 0.000422 0.000000 
50.000000 37.673426 26.520863 17.381987 10.585937 5.987062 3.145896 1.537647 0.700403 0.298026 0.118840 0.044636 0.015964 0.005593 0.002071 0.000945 0.000605 0.000508 0.000481 0.000475 0.000473 0.000472 0.000472 0.000472 0.000472 0.000472 0.000472 0.000472 0.000472 0.000472 0.000472 0.000472 0.000472 0.000472 0.000472 0.000472 0.000472 0.000472 0.000472 0.000472 0.000471 0.000468 0.000462 0.000449 0.000426 0.000386 0.000323 0.000235 0.000124 0.000000 
50.000000 37.673342 26.520703 17.381764 10.585668 5.986762 3.145577 1.537317 0.700068 0.297688 0.118500 0.044297 0.015624 0.005253 0.001731 0.000605 0.000265 0.000168 0.000141 0.000135 0.000133 0.000132 0.000132 0.000132 0.000132 0.000132 0.000132 0.000132 0.000132 0.000132 0.000132 0.000132 0.000132 0.000132 0.000132 0.000132 0.000132 0.000132 0.000132 0.000132 0.000132 0.000131 0.000129 0.000126 0.000119 0.000108 0.000090 0.000066 0.000035 0.000000 
50.000000 37.673318 26.520657 17.381700 10.585591 5.986676 3.145486 1.537223 0.699972 0.297592 0.118403 0.044199 0.015527 0.005156 0.001634 0.000508 0.000168 0.000071 0.000044 0.000037 0.000036 0.000035 0.000035 0.000035 0.000035 0.000035 0.000035 0.000035 0.000035 0.000035 0.000035 0.000035 0.000035 0.000035 0.000035 0.000035 0.000035 0.000035 0.000035 0.000035 0.000035 0.000035 0.000034 0.000033 0.000032 0.000029 0.000024 0.000017 0.000009 0.000000 
50.000000 37.673311 26.520644 17.381683 10.585570 5.986653 3.145461 1.537197 0.699946 0.297566 0.118377 0.044173 0.015501 0.005130 0.001608 0.000481 0.000141 0.000044 0.000018 0.000011 0.000009 0.000009 0.000009 0.000009 0.000009 0.000009 0.000009 0.000009 0.000009 0.000009 0.000009 0.000009 0.000009 0.000009 0.000009 0.000009 0.000009 0.000009 0.000009 0.000009 0.000009 0.000009 0.000009 0.000008 0.000008 0.000007 0.000006 0.000004 0.000002 0.000000 
50.000000 37.673309 26.520641 17.381678 10.585565 5.986647 3.145455 1.537191 0.699939 0.297559 0.118370 0.044166 0.015494 0.005123 0.001601 0.000475 0.000135 0.000037 0.000011 0.000004 0.000003 0.000002 0.000002 0.000002 0.000002 0.000002 0.000002 0.000002 0.000002 0.000002 0.000002 0.000002 0.000002 0.000002 0.000002 0.000002 0.000002 0.000002 0.000002 0.000002 0.000002 0.000002 0.000002 0.000002 0.000002 0.000002 0.000001 0.000001 0.000001 0.000000 
50.000000 37.673309 26.520640 17.381677 10.585564 5.986645 3.145453 1.537189 0.699938 0.297557 0.118369 0.044165 0.015492 0.005121 0.001599 0.000473 0.000133 0.000036 0.000009 0.000003 0.000001 0.000001 0.000001 0.000001 0.000001 0.000000 0.000000 0.000000 0.000000 0.000000 0.000000 0.000000 0.000000 0.000000 0.000000 0.000000 0.000000 0.000000 0.000000 0.000000 0.000000 0.000000 0.000000 0.000000 0.000000 0.000000 0.000000 0.000000 0.000000 0.000000 
50.000000 37.673309 26.520640 17.381677 10.585563 5.986645 3.145453 1.537189 0.699937 0.297557 0.118368 0.044164 0.015492 0.005121 0.001599 0.000472 0.000132 0.000035 0.000009 0.000002 0.000001 0.000000 0.000000 0.000000 0.000000 0.000000 0.000000 0.000000 0.000000 0.000000 0.000000 0.000000 0.000000 0.000000 0.000000 0.000000 0.000000 0.000000 0.000000 0.000000 0.000000 0.000000 0.000000 0.000000 0.000000 0.000000 0.000000 0.000000 0.000000 0.000000 
50.000000 37.673309 26.520640 17.381677 10.585563 5.986645 3.145453 1.537189 0.699937 0.297557 0.118368 0.044164 0.015492 0.005121 0.001599 0.000472 0.000132 0.000035 0.000009 0.000002 0.000001 0.000000 0.000000 0.000000 0.000000 0.000000 0.000000 0.000000 0.000000 0.000000 0.000000 0.000000 0.000000 0.000000 0.000000 0.000000 0.000000 0.000000 0.000000 0.000000 0.000000 0.000000 0.000000 0.000000 0.000000 0.000000 0.000000 0.000000 0.000000 0.000000 
50.000000 37.673309 26.520640 17.381677 10.585563 5.986645 3.145453 1.537189 0.699937 0.297557 0.118368 0.044164 0.015492 0.005121 0.001599 0.000472 0.000132 0.000035 0.000009 0.000002 0.000001 0.000000 0.000000 0.000000 0.000000 0.000000 0.000000 0.000000 0.000000 0.000000 0.000000 0.000000 0.000000 0.000000 0.000000 0.000000 0.000000 0.000000 0.000000 0.000000 0.000000 0.000000 0.000000 0.000000 0.000000 0.000000 0.000000 0.000000 0.000000 0.000000 
50.000000 37.673309 26.520640 17.381677 10.585563 5.986645 3.145453 1.537189 0.699937 0.297557 0.118368 0.044164 0.015492 0.005121 0.001599 0.000472 0.000132 0.000035 0.000009 0.000002 0.000001 0.000000 0.000000 0.000000 0.000000 0.000000 0.000000 0.000000 0.000000 0.000000 0.000000 0.000000 0.000000 0.000000 0.000000 0.000000 0.000000 0.000000 0.000000 0.000000 0.000000 0.000000 0.000000 0.000000 0.000000 0.000000 0.000000 0.000000 0.000000 0.000000 
50.000000 37.673309 26.520640 17.381677 10.585563 5.986645 3.145453 1.537189 0.699937 0.297557 0.118368 0.044164 0.015492 0.005121 0.001599 0.000472 0.000132 0.000035 0.000009 0.000002 0.000001 0.000000 0.000000 0.000000 0.000000 0.000000 0.000000 0.000000 0.000000 0.000000 0.000000 0.000000 0.000000 0.000000 0.000000 0.000000 0.000000 0.000000 0.000000 0.000000 0.000000 0.000000 0.000000 0.000000 0.000000 0.000000 0.000000 0.000000 0.000000 0.000000 
50.000000 37.673309 26.520640 17.381677 10.585563 5.986645 3.145453 1.537189 0.699937 0.297557 0.118368 0.044164 0.015492 0.005121 0.001599 0.000472 0.000132 0.000035 0.000009 0.000002 0.000001 0.000000 0.000000 0.000000 0.000000 0.000000 0.000000 0.000000 0.000000 0.000000 0.000000 0.000000 0.000000 0.000000 0.000000 0.000000 0.000000 0.000000 0.000000 0.000000 0.000000 0.000000 0.000000 0.000000 0.000000 0.000000 0.000000 0.000000 0.000000 0.000000 
50.000000 37.673309 26.520640 17.381677 10.585563 5.986645 3.145453 1.537189 0.699937 0.297557 0.118368 0.044164 0.015492 0.005121 0.001599 0.000472 0.000132 0.000035 0.000009 0.000002 0.000001 0.000000 0.000000 0.000000 0.000000 0.000000 0.000000 0.000000 0.000000 0.000000 0.000000 0.000000 0.000000 0.000000 0.000000 0.000000 0.000000 0.000000 0.000000 0.000000 0.000000 0.000000 0.000000 0.000000 0.000000 0.000000 0.000000 0.000000 0.000000 0.000000 
50.000000 37.673309 26.520640 17.381677 10.585563 5.986645 3.145453 1.537189 0.699937 0.297557 0.118368 0.044164 0.015492 0.005121 0.001599 0.000472 0.000132 0.000035 0.000009 0.000002 0.000001 0.000000 0.000000 0.000000 0.000000 0.000000 0.000000 0.000000 0.000000 0.000000 0.000000 0.000000 0.000000 0.000000 0.000000 0.000000 0.000000 0.000000 0.000000 0.000000 0.000000 0.000000 0.000000 0.000000 0.000000 0.000000 0.000000 0.000000 0.000000 0.000000 
50.000000 37.673309 26.520640 17.381677 10.585564 5.986645 3.145453 1.537189 0.699938 0.297557 0.118369 0.044165 0.015492 0.005121 0.001599 0.000473 0.000133 0.000036 0.000009 0.000003 0.000001 0.000001 0.000001 0.000001 0.000001 0.000000 0.000000 0.000000 0.000000 0.000000 0.000000 0.000000 0.000000 0.000000 0.000000 0.000000 0.000000 0.000000 0.000000 0.000000 0.000000 0.000000 0.000000 0.000000 0.000000 0.000000 0.000000 0.000000 0.000000 0.000000 
50.000000 37.673309 26.520641 17.381678 10.585565 5.986647 3.145455 1.537191 0.699939 0.297559 0.118370 0.044166 0.015494 0.005123 0.001601 0.000475 0.000135 0.000037 0.000011 0.000004 0.000003 0.000002 0.000002 0.000002 0.000002 0.000002 0.000002 0.000002 0.000002 0.000002 0.000002 0.000002 0.000002 0.000002 0.000002 0.000002 0.000002 0.000002 0.000002 0.000002 0.000002 0.000002 0.000002 0.000002 0.000002 0.000002 0.000001 0.000001 0.000001 0.000000 
50.000000 37.673311 26.520644 17.381683 10.585570 5.986653 3.145461 1.537197 0.699946 0.297566 0.118377 0.044173 0.015501 0.005130 0.001608 0.000481 0.000141 0.000044 0.000018 0.000011 0.000009 0.000009 0.000009 0.000009 0.000009 0.000009 0.000009 0.000009 0.000009 0.000009 0.000009 0.000009 0.000009 0.000009 0.000009 0.000009 0.000009 0.000009 0.000009 0.000009 0.000009 0.000009 0.000009 0.000008 0.000008 0.000007 0.000006 0.000004 0.000002 0.000000 
50.000000 37.673318 26.520657 17.381700 10.585591 5.986676 3.145486 1.537223 0.699972 0.297592 0.118403 0.044199 0.015527 0.005156 0.001634 0.000508 0.000168 0.000071 0.000044 0.000037 0.000036 0.000035 0.000035 0.000035 0.000035 0.000035 0.000035 0.000035 0.000035 0.000035 0.000035 0.000035 0.000035 0.000035 0.000035 0.000035 0.000035 0.000035 0.000035 0.000035 0.000035 0.000035 0.000034 0.000033 0.000032 0.000029 0.000024 0.000017 0.000009 0.000000 
50.000000 37.673342 26.520703 17.381764 10.585668 5.986762 3.145577 1.537317 0.700068 0.297688 0.118500 0.044297 0.015624 0.005253 0.001731 0.000605 0.000265 0.000168 0.000141 0.000135 0.000133 0.000132 0.000132 0.000132 0.000132 0.000132 0.000132 0.000132 0.000132 0.000132 0.000132 0.000132 0.000132 0.000132 0.000132 0.000132 0.000132 0.000132 0.000132 0.000132 0.000132 0.000131 0.000129 0.000126 0.000119 0.000108 0.000090 0.000066 0.000035 0.000000 
50.000000 37.673426 26.520863 17.381987 10.585937 5.987062 3.145896 1.537647 0.700403 0.298026 0.118840 0.044636 0.015964 0.005593 0.002071 0.000945 0.000605 0.000508 0.000481 0.000475 0.000473 0.000472 0.000472 0.000472 0.000472 0.000472 0.000472 0.000472 0.000472 0.000472 0.000472 0.000472 0.000472 0.000472 0.000472 0.000472 0.000472 0.000472 0.000472 0.000472 0.000471 0.000468 0.000462 0.000449 0.000426 0.000386 0.000323 0.000235 0.000124 0.000000 
50.000000 37.673706 26.521396 17.382726 10.586829 5.988056 3.146954 1.538740 0.701515 0.299146 0.119963 0.045762 0.017090 0.006719 0.003197 0.002071 0.001731 0.001634 0.001608 0.001601 0.001599 0.001599 0.001599 0.001599 0.001599 0.001599 0.001599 0.001599 0.001599 0.001599 0.001599 0.001599 0.001599 0.001599 0.001599 0.001599 0.001599 0.001598 0.001598 0.001596 0.001593 0.001584 0.001563 0.001522 0.001443 0.001308 0.001096 0.000798 0.000422 0.000000 
50.000000 37.674580 26.523059 17.385034 10.589615 5.991165 3.150260 1.542157 0.704989 0.302648 0.123478 0.049281 0.020611 0.010241 0.006719 0.005593 0.005253 0.005156 0.005130 0.005123 0.005121 0.005121 0.005121 0.005121 0.005121 0.005121 0.005121 0.005121 0.005121 0.005121 0.005121 0.005121 0.005121 0.005121 0.005121 0.005121 0.005120 0.005120 0.005118 0.005114 0.005102 0.005074 0.005011 0.004880 0.004632 0.004201 0.003525 0.002570 0.001361 0.000000 
50.000000 37.677150 26.527952 17.391827 10.597816 6.000314 3.159993 1.552218 0.715220 0.312960 0.133825 0.059643 0.030979 0.020611 0.017090 0.015964 0.015624 0.015527 0.015501 0.015494 0.015492 0.015492 0.015492 0.015492 0.015492 0.015492 0.015492 0.015492 0.015492 0.015492 0.015492 0.015492 0.015492 0.015492 0.015492 0.015492 0.015491 0.015489 0.015485 0.015472 0.015438 0.015356 0.015170 0.014783 0.014043 0.012755 0.010719 0.007826 0.004150 0.000000 
50.000000 37.684251 26.541473 17.410597 10.620479 6.025602 3.186895 1.580031 0.743503 0.341468 0.162433 0.088292 0.059643 0.049281 0.045762 0.044636 0.044297 0.044199 0.044173 0.044166 0.044165 0.044164 0.044164 0.044164 0.044164 0.044164 0.044164 0.044164 0.044164 0.044164 0.044164 0.044164 0.044164 0.044164 0.044164 0.044164 0.044162 0.044158 0.044146 0.044111 0.044019 0.043793 0.043281 0.042208 0.040143 0.036517 0.030747 0.022491 0.011944 0.000000 
50.000000 37.702617 26.576440 17.459147 10.679106 6.091028 3.256506 1.652000 0.816694 0.415244 0.236467 0.162433 0.133825 0.123478 0.119963 0.118840 0.118500 0.118403 0.118377 0.118370 0.118369 0.118368 0.118368 0.118368 0.118368 0.118368 0.118368 0.118368 0.118368 0.118368 0.118368 0.118368 0.118368 0.118368 0.118368 0.118367 0.118364 0.118353 0.118322 0.118234 0.118000 0.117425 0.116111 0.113333 0.107941 0.098386 0.083042 0.060893 0.032400 0.000000 
50.000000 37.746934 26.660828 17.576326 10.820623 6.248973 3.424569 1.825772 0.993427 0.593393 0.415244 0.341468 0.312960 0.302648 0.299146 0.298026 0.297688 0.297592 0.297566 0.297559 0.297557 0.297557 0.297557 0.297557 0.297557 0.297557 0.297557 0.297557 0.297557 0.297557 0.297557 0.297557 0.297557 0.297557 0.297556 0.297554 0.297546 0.297522 0.297450 0.297244 0.296696 0.295338 0.292206 0.285526 0.272422 0.248935 0.210772 0.155058 0.082717 0.000000 
50.000000 37.846389 26.850216 17.839332 11.138290 6.603555 3.801902 2.215947 1.390268 0.993427 0.816694 0.743503 0.715220 0.704989 0.701515 0.700403 0.700068 0.699972 0.699946 0.699939 0.699938 0.699937 0.699937 0.699937 0.699937 0.699937 0.699937 0.699937 0.699937 0.699937 0.699937 0.699937 0.699937 0.699937 0.699935 0.699931 0.699915 0.699864 0.699710 0.699269 0.698088 0.695134 0.688253 0.673411 0.643921 0.590311 0.501879 0.370850 0.198545 0.000000 
50.000000 38.053203 27.244071 18.386332 11.799040 7.341162 4.586906 3.027722 2.215947 1.825772 1.652000 1.580031 1.552218 1.542157 1.538740 1.537647 1.537317 1.537223 1.537197 1.537191 1.537189 1.537189 1.537189 1.537189 1.537189 1.537189 1.537189 1.537189 1.537189 1.537189 1.537189 1.537189 1.537188 1.537188 1.537185 1.537177 1.537146 1.537048 1.536749 1.535889 1.533566 1.527694 1.513861 1.483615 1.422566 1.309593 1.119577 0.832385 0.447974 0.000000 
50.000000 38.450250 28.000243 19.436616 13.067854 8.757694 6.094577 4.586906 3.801902 3.424569 3.256506 3.186895 3.159993 3.150260 3.146954 3.145896 3.145577 3.145486 3.145461 3.145455 3.145453 3.145453 3.145453 3.145453 3.145453 3.145453 3.145453 3.145453 3.145453 3.145453 3.145453 3.145452 3.145452 3.145451 3.145447 3.145432 3.145379 3.145209 3.144687 3.143172 3.139044 3.128491 3.103291 3.047288 2.932059 2.713980 2.337738 1.753455 0.951196 0.000000 
50.000000 39.151331 29.335512 21.291373 15.308714 11.259646 8.757694 7.341162 6.603555 6.248973 6.091028 6.025602 6.000314 5.991165 5.988056 5.987062 5.986762 5.986676 5.986653 5.986647 5.986645 5.986645 5.986645 5.986645 5.986645 5.986645 5.986645 5.986645 5.986645 5.986645 5.986645 5.986645 5.986644 5.986643 5.986636 5.986613 5.986533 5.986271 5.985459 5.983087 5.976551 5.959634 5.918597 5.825635 5.629823 5.248575 4.568412 3.471599 1.907391 0.000000 
50.000000 40.285648 31.496012 24.292608 18.934979 15.308714 13.067854 11.799040 11.138290 10.820623 10.679106 10.620479 10.597816 10.589615 10.586829 10.585937 10.585668 10.585591 10.585570 10.585565 10.585564 10.585563 10.585563 10.585563 10.585563 10.585563 10.585563 10.585563 10.585563 10.585563 10.585563 10.585563 10.585563 10.585560 10.585552 10.585521 10.585414 10.585061 10.583962 10.580720 10.571688 10.547979 10.489448 10.353875 10.060139 9.467489 8.362214 6.482368 3.640006 0.000000 
50.000000 41.961295 34.687681 28.726516 24.292608 21.291373 19.436616 18.386332 17.839332 17.576326 17.459147 17.410597 17.391827 17.385034 17.382726 17.381987 17.381764 17.381700 17.381683 17.381678 17.381677 17.381677 17.381677 17.381677 17.381677 17.381677 17.381677 17.381677 17.381677 17.381677 17.381677 17.381677 17.381676 17.381674 17.381664 17.381630 17.381508 17.381108 17.379850 17.376105 17.365554 17.337453 17.266755 17.098879 16.722962 15.930394 14.363258 11.486825 6.711594 0.000000 
50.000000 44.213964 38.978543 34.687681 31.496012 29.335512 28.000243 27.244071 26.850216 26.660828 26.576440 26.541473 26.527952 26.523059 26.521396 26.520863 26.520703 26.520657 26.520644 26.520641 26.520640 26.520640 26.520640 26.520640 26.520640 26.520640 26.520640 26.520640 26.520640 26.520640 26.520640 26.520640 26.520639 26.520637 26.520629 26.520598 26.520489 26.520127 26.518982 26.515547 26.505770 26.479366 26.411686 26.246788 25.863913 25.013643 23.200856 19.489272 12.296566 0.000000 
50.000000 46.962465 44.213964 41.961295 40.285648 39.151331 38.450250 38.053203 37.846389 37.746934 37.702617 37.684251 37.677150 37.674580 37.673706 37.673426 37.673342 37.673318 37.673311 37.673309 37.673309 37.673309 37.673309 37.673309 37.673309 37.673309 37.673309 37.673309 37.673309 37.673309 37.673309 37.673309 37.673308 37.673307 37.673302 37.673283 37.673218 37.673000 37.672307 37.670216 37.664218 37.647844 37.605230 37.499053 37.243939 36.645642 35.249701 31.917397 23.481232 0.000000 
50.000000 50.000000 50.000000 50.000000 50.000000 50.000000 50.000000 50.000000 50.000000 50.000000 50.000000 50.000000 50.000000 50.000000 50.000000 50.000000 50.000000 50.000000 50.000000 50.000000 50.000000 50.000000 50.000000 50.000000 50.000000 50.000000 50.000000 50.000000 50.000000 50.000000 50.000000 50.000000 50.000000 50.000000 50.000000 50.000000 50.000000 50.000000 50.000000 50.000000 50.000000 50.000000 50.000000 50.000000 50.000000 50.000000 50.000000 50.000000 50.000000 50.000000 
