50.000000 50.000000 50.000000 50.000000 50.000000 50.000000 50.000000 50.000000 50.000000 50.000000 50.000000 50.000000 50.000000 50.000000 50.000000 50.000000 50.000000 50.000000 50.000000 50.000000 50.000000 50.000000 50.000000 50.000000 50.000000 50.000000 50.000000 50.000000 50.000000 50.000000 50.000000 50.000000 50.000000 50.000000 50.000000 50.000000 50.000000 50.000000 50.000000 50.000000 50.000000 50.000000 50.000000 50.000000 50.000000 50.000000 50.000000 50.000000 50.000000 50.000000 
50.000000 47.764148 45.685047 43.886551 42.438195 41.351155 40.589748 40.091229 39.785591 39.609794 39.514746 39.466345 39.443085 39.432516 39.427966 39.426106 39.425384 39.425117 39.425023 39.424991 39.424981 39.424977 39.424976 39.424976 39.424976 39.424976 39.424976 39.424976 39.424976 39.424976 39.424975 39.424974 39.424968 39.424950 39.424898 39.424746 39.424326 39.423209 39.420361 39.413382 39.396936 39.359580 39.277502 39.102038 38.733748 37.964029 36.328073 32.685982 23.882074 0.000000 
50.000000 45.685047 41.672623 38.201758 35.406651 33.308858 31.839506 30.877490 30.287699 29.948471 29.765068 29.671677 29.626797 29.606404 29.597625 29.594039 29.592645 29.592130 29.591948 29.591886 29.591867 29.591861 29.591859 29.591858 29.591858 29.591858 29.591858 29.591858 29.591858 29.591858 29.591857 29.591854 29.591844 29.591813 29.591720 29.591455 29.590721 29.588777 29.583839 29.571808 29.543666 29.480400 29.343422 29.056911 28.475472 27.324554 25.090938 20.836312 12.999065 0.000000 
50.000000 43.886551 38.201758 33.284301 29.324312 26.352314 24.270700 22.907867 22.072373 21.591845 21.332059 21.199779 21.136214 21.107332 21.094900 21.089821 21.087848 21.087118 21.086860 21.086773 21.086745 21.086736 21.086734 21.086733 21.086733 21.086733 21.086733 21.086733 21.086733 21.086732 21.086731 21.086728 21.086716 21.086678 21.086566 21.086246 21.085365 21.083043 21.077182 21.063013 21.030215 20.957498 20.802992 20.488149 19.872429 18.716983 16.642151 13.110820 7.558477 0.000000 
50.000000 42.438195 35.406651 29.324312 24.426354 20.750503 18.175990 16.490520 15.457277 14.863044 14.541803 14.378240 14.299648 14.263940 14.248571 14.242292 14.239853 14.238951 14.238632 14.238525 14.238490 14.238480 14.238476 14.238475 14.238475 14.238475 14.238475 14.238475 14.238475 14.238475 14.238474 14.238470 14.238458 14.238421 14.238310 14.237994 14.237130 14.234865 14.229190 14.215600 14.184510 14.116615 13.975175 13.694358 13.163847 12.213177 10.607330 8.082097 4.474167 0.000000 
50.000000 41.351155 33.308858 26.352314 20.750503 16.546542 13.602250 11.674776 10.493232 9.813745 9.446436 9.259428 9.169577 9.128756 9.111187 9.104011 9.101223 9.100192 9.099828 9.099705 9.099666 9.099654 9.099650 9.099649 9.099649 9.099649 9.099649 9.099649 9.099648 9.099648 9.099647 9.099644 9.099634 9.099602 9.099507 9.099237 9.098503 9.096592 9.091842 9.080576 9.055111 9.000328 8.888338 8.671233 8.273271 7.586657 6.479885 4.833386 2.617407 0.000000 
50.000000 40.589748 31.839506 24.270700 18.175990 13.602250 10.399089 8.302229 7.016910 6.277779 5.878251 5.674851 5.577129 5.532736 5.513631 5.505827 5.502797 5.501676 5.501280 5.501147 5.501104 5.501090 5.501086 5.501085 5.501085 5.501085 5.501085 5.501085 5.501085 5.501084 5.501084 5.501081 5.501073 5.501049 5.500976 5.500771 5.500217 5.498782 5.495245 5.486933 5.468362 5.428969 5.349814 5.199545 4.931017 4.481631 3.782551 2.782595 1.487710 0.000000 
50.000000 40.091229 30.877490 22.907867 16.490520 11.674776 8.302229 6.094561 4.741373 3.963247 3.542660 3.328550 3.225689 3.178963 3.158856 3.150643 3.147453 3.146274 3.145858 3.145717 3.145672 3.145658 3.145654 3.145653 3.145652 3.145652 3.145652 3.145652 3.145652 3.145652 3.145651 3.145650 3.145644 3.145627 3.145577 3.145436 3.145057 3.144083 3.141698 3.136144 3.123869 3.098160 3.047281 2.952416 2.786438 2.515345 2.104875 1.534067 0.813727 0.000000 
50.000000 39.785591 30.287699 22.072373 15.457277 10.493232 7.016910 4.741373 3.346627 2.544632 2.111160 1.890499 1.784495 1.736345 1.715625 1.707162 1.703876 1.702661 1.702232 1.702087 1.702041 1.702026 1.702022 1.702021 1.702020 1.702020 1.702020 1.702020 1.702020 1.702020 1.702020 1.702019 1.702015 1.702004 1.701973 1.701884 1.701647 1.701041 1.699569 1.696169 1.688725 1.673314 1.643213 1.587940 1.492905 1.340662 1.114875 0.807299 0.426010 0.000000 
50.000000 39.609794 29.948471 21.591845 14.863044 9.813745 6.277779 3.963247 2.544632 1.728933 1.288066 1.063647 0.955841 0.906874 0.885803 0.877197 0.873856 0.872620 0.872184 0.872037 0.871990 0.871975 0.871971 0.871969 0.871969 0.871969 0.871969 0.871969 0.871969 0.871969 0.871969 0.871968 0.871966 0.871960 0.871941 0.871890 0.871753 0.871405 0.870566 0.868642 0.864467 0.855907 0.839378 0.809417 0.758634 0.678535 0.561630 0.404806 0.212858 0.000000 
50.000000 39.514746 29.765068 21.332059 14.541803 9.446436 5.878251 3.542660 2.111160 1.288066 0.843210 0.616765 0.507988 0.458581 0.437321 0.428639 0.425267 0.424021 0.423581 0.423432 0.423385 0.423370 0.423365 0.423364 0.423364 0.423364 0.423364 0.423364 0.423364 0.423364 0.423364 0.423363 0.423362 0.423359 0.423349 0.423321 0.423248 0.423062 0.422618 0.421605 0.419424 0.414991 0.406516 0.391318 0.365860 0.326203 0.269046 0.193260 0.101364 0.000000 
50.000000 39.466345 29.671677 21.199779 14.378240 9.259428 5.674851 3.328550 1.890499 1.063647 0.616765 0.389292 0.280023 0.230392 0.209037 0.200315 0.196929 0.195677 0.195235 0.195086 0.195038 0.195023 0.195018 0.195017 0.195017 0.195017 0.195017 0.195017 0.195017 0.195017 0.195017 0.195016 0.195016 0.195014 0.195009 0.194995 0.194959 0.194866 0.194646 0.194148 0.193081 0.190931 0.186853 0.179606 0.167586 0.149050 0.122597 0.087838 0.045984 0.000000 
50.000000 39.443085 29.626797 21.136214 14.299648 9.169577 5.577129 3.225689 1.784495 0.955841 0.507988 0.280023 0.170517 0.120780 0.099379 0.090639 0.087245 0.085990 0.085547 0.085398 0.085350 0.085335 0.085331 0.085329 0.085329 0.085329 0.085329 0.085329 0.085329 0.085329 0.085329 0.085329 0.085329 0.085328 0.085325 0.085319 0.085302 0.085259 0.085156 0.084926 0.084436 0.083454 0.081606 0.078347 0.072984 0.064783 0.053171 0.038020 0.019876 0.000000 
50.000000 39.432516 29.606404 21.107332 14.263940 9.128756 5.532736 3.178963 1.736345 0.906874 0.458581 0.230392 0.120780 0.070994 0.049573 0.040824 0.037427 0.036171 0.035728 0.035578 0.035530 0.035515 0.035511 0.035510 0.035509 0.035509 0.035509 0.035509 0.035509 0.035509 0.035509 0.035509 0.035509 0.035509 0.035508 0.035505 0.035497 0.035478 0.035434 0.035333 0.035121 0.034698 0.033906 0.032520 0.030253 0.026810 0.021967 0.015684 0.008190 0.000000 
50.000000 39.427966 29.597625 21.094900 14.248571 9.111187 5.513631 3.158856 1.715625 0.885803 0.437321 0.209037 0.099379 0.049573 0.028142 0.019390 0.015992 0.014735 0.014291 0.014142 0.014094 0.014079 0.014074 0.014073 0.014073 0.014073 0.014073 0.014073 0.014073 0.014073 0.014073 0.014073 0.014073 0.014073 0.014072 0.014071 0.014068 0.014060 0.014041 0.014000 0.013913 0.013740 0.013419 0.012860 0.011950 0.010576 0.008654 0.006171 0.003220 0.000000 
50.000000 39.426106 29.594039 21.089821 14.242292 9.104011 5.505827 3.150643 1.707162 0.877197 0.428639 0.200315 0.090639 0.040824 0.019390 0.010636 0.007238 0.005981 0.005537 0.005388 0.005340 0.005325 0.005320 0.005319 0.005319 0.005319 0.005319 0.005319 0.005319 0.005319 0.005319 0.005319 0.005318 0.005318 0.005318 0.005318 0.005317 0.005313 0.005306 0.005290 0.005256 0.005189 0.005066 0.004851 0.004504 0.003982 0.003254 0.002318 0.001209 0.000000 
50.000000 39.425384 29.592645 21.087848 14.239853 9.101223 5.502797 3.147453 1.703876 0.873856 0.425267 0.196929 0.087245 0.037427 0.015992 0.007238 0.003839 0.002582 0.002138 0.001989 0.001940 0.001925 0.001921 0.001920 0.001919 0.001919 0.001919 0.001919 0.001919 0.001919 0.001919 0.001919 0.001919 0.001919 0.001919 0.001919 0.001919 0.001917 0.001915 0.001909 0.001896 0.001872 0.001826 0.001748 0.001621 0.001432 0.001170 0.000832 0.000434 0.000000 
50.000000 39.425117 29.592130 21.087118 14.238951 9.100192 5.501676 3.146274 1.702661 0.872620 0.424021 0.195677 0.085990 0.036171 0.014735 0.005981 0.002582 0.001325 0.000881 0.000732 0.000683 0.000668 0.000664 0.000663 0.000662 0.000662 0.000662 0.000662 0.000662 0.000662 0.000662 0.000662 0.000662 0.000662 0.000662 0.000662 0.000662 0.000662 0.000661 0.000659 0.000654 0.000645 0.000630 0.000602 0.000558 0.000493 0.000402 0.000286 0.000149 0.000000 
50.000000 39.425023 29.591948 21.086860 14.238632 9.099828 5.501280 3.145858 1.702232 0.872184 0.423581 0.195235 0.085547 0.035728 0.014291 0.005537 0.002138 0.000881 0.000438 0.000288 0.000240 0.000225 0.000221 0.000219 0.000219 0.000219 0.000219 0.000219 0.000219 0.000219 0.000219 0.000219 0.000219 0.000219 0.000219 0.000219 0.000219 0.000219 0.000218 0.000218 0.000216 0.000213 0.000208 0.000199 0.000184 0.000162 0.000132 0.000094 0.000049 0.000000 
50.000000 39.424991 29.591886 21.086773 14.238525 9.099705 5.501147 3.145717 1.702087 0.872037 0.423432 0.195086 0.085398 0.035578 0.014142 0.005388 0.001989 0.000732 0.000288 0.000139 0.000090 0.000075 0.000071 0.000070 0.000069 0.000069 0.000069 0.000069 0.000069 0.000069 0.000069 0.000069 0.000069 0.000069 0.000069 0.000069 0.000069 0.000069 0.000069 0.000069 0.000068 0.000067 0.000066 0.000063 0.000058 0.000051 0.000042 0.000030 0.000015 0.000000 
50.000000 39.424981 29.591867 21.086745 14.238490 9.099666 5.501104 3.145672 1.702041 0.871990 0.423385 0.195038 0.085350 0.035530 0.014094 0.005340 0.001940 0.000683 0.000240 0.000090 0.000042 0.000027 0.000023 0.000022 0.000021 0.000021 0.000021 0.000021 0.000021 0.000021 0.000021 0.000021 0.000021 0.000021 0.000021 0.000021 0.000021 0.000021 0.000021 0.000021 0.000021 0.000020 0.000020 0.000019 0.000018 0.000016 0.000013 0.000009 0.000005 0.000000 
50.000000 39.424977 29.591861 21.086736 14.238480 9.099654 5.501090 3.145658 1.702026 0.871975 0.423370 0.195023 0.085335 0.035515 0.014079 0.005325 0.001925 0.000668 0.000225 0.000075 0.000027 0.000012 0.000008 0.000007 0.000006 0.000006 0.000006 0.000006 0.000006 0.000006 0.000006 0.000006 0.000006 0.000006 0.000006 0.000006 0.000006 0.000006 0.000006 0.000006 0.000006 0.000006 0.000006 0.000006 0.000005 0.000005 0.000004 0.000003 0.000001 0.000000 
50.000000 39.424976 29.591859 21.086734 14.238476 9.099650 5.501086 3.145654 1.702022 0.871971 0.423365 0.195018 0.085331 0.035511 0.014074 0.005320 0.001921 0.000664 0.000221 0.000071 0.000023 0.000008 0.000003 0.000002 0.000002 0.000002 0.000002 0.000002 0.000002 0.000002 0.000002 0.000002 0.000002 0.000002 0.000002 0.000002 0.000002 0.000002 0.000002 0.000002 0.000002 0.000002 0.000002 0.000002 0.000001 0.000001 0.000001 0.000001 0.000000 0.000000 
50.000000 39.424976 29.591858 21.086733 14.238475 9.099649 5.501085 3.145653 1.702021 0.871969 0.423364 0.195017 0.085329 0.035510 0.014073 0.005319 0.001920 0.000663 0.000219 0.000070 0.000022 0.000007 0.000002 0.000001 0.000001 0.000001 0.000000 0.000000 0.000000 0.000000 0.000000 0.000000 0.000000 0.000000 0.000000 0.000000 0.000000 0.000000 0.000000 0.000000 0.000000 0.000000 0.000000 0.000000 0.000000 0.000000 0.000000 0.000000 0.000000 0.000000 
50.000000 39.424976 29.591858 21.086733 14.238475 9.099649 5.501085 3.145652 1.702020 0.871969 0.423364 0.195017 0.085329 0.035509 0.014073 0.005319 0.001919 0.000662 0.000219 0.000069 0.000021 0.000006 0.000002 0.000001 0.000000 0.000000 0.000000 0.000000 0.000000 0.000000 0.000000 0.000000 0.000000 0.000000 0.000000 0.000000 0.000000 0.000000 0.000000 0.000000 0.000000 0.000000 0.000000 0.000000 0.000000 0.000000 0.000000 0.000000 0.000000 0.000000 
50.000000 39.424976 29.591858 21.086733 14.238475 9.099649 5.501085 3.145652 1.702020 0.871969 0.423364 0.195017 0.085329 0.035509 0.014073 0.005319 0.001919 0.000662 0.000219 0.000069 0.000021 0.000006 0.000002 0.000001 0.000000 0.000000 0.000000 0.000000 0.000000 0.000000 0.000000 0.000000 0.000000 0.000000 0.000000 0.000000 0.000000 0.000000 0.000000 0.000000 0.000000 0.000000 0.000000 0.000000 0.000000 0.000000 0.000000 0.000000 0.000000 0.000000 
50.000000 39.424976 29.591858 21.086733 14.238475 9.099649 5.501085 3.145653 1.702021 0.871969 0.423364 0.195017 0.085329 0.035510 0.014073 0.005319 0.001920 0.000663 0.000219 0.000070 0.000022 0.000007 0.000002 0.000001 0.000001 0.000001 0.000000 0.000000 0.000000 0.000000 0.000000 0.000000 0.000000 0.000000 0.000000 0.000000 0.000000 0.000000 0.000000 0.000000 0.000000 0.000000 0.000000 0.000000 0.000000 0.000000 0.000000 0.000000 0.000000 0.000000 
50.000000 39.424976 29.591859 21.086734 14.238476 9.099650 5.501086 3.145654 1.702022 0.871971 0.423365 0.195018 0.085331 0.035511 0.014074 0.005320 0.001921 0.000664 0.000221 0.000071 0.000023 0.000008 0.000003 0.000002 0.000002 0.000002 0.000002 0.000002 0.000002 0.000002 0.000002 0.000002 0.000002 0.000002 0.000002 0.000002 0.000002 0.000002 0.000002 0.000002 0.000002 0.000002 0.000002 0.000002 0.000001 0.000001 0.000001 0.000001 0.000000 0.000000 
50.000000 39.424977 29.591861 21.086736 14.238480 9.099654 5.501090 3.145658 1.702026 0.871975 0.423370 0.195023 0.085335 0.035515 0.014079 0.005325 0.001925 0.000668 0.000225 0.000075 0.000027 0.000012 0.000008 0.000007 0.000006 0.000006 0.000006 0.000006 0.000006 0.000006 0.000006 0.000006 0.000006 0.000006 0.000006 0.000006 0.000006 0.000006 0.000006 0.000006 0.000006 0.000006 0.000006 0.000006 0.000005 0.000005 0.000004 0.000003 0.000001 0.000000 
50.000000 39.424981 29.591867 21.086745 14.238490 9.099666 5.501104 3.145672 1.702041 0.871990 0.423385 0.195038 0.085350 0.035530 0.014094 0.005340 0.001940 0.000683 0.000240 0.000090 0.000042 0.000027 0.000023 0.000022 0.000021 0.000021 0.000021 0.000021 0.000021 0.000021 0.000021 0.000021 0.000021 0.000021 0.000021 0.000021 0.000021 0.000021 0.000021 0.000021 0.000021 0.000020 0.000020 0.000019 0.000018 0.000016 0.000013 0.000009 0.000005 0.000000 
50.000000 39.424991 29.591886 21.086773 14.238525 9.099705 5.501147 3.145717 1.702087 0.872037 0.423432 0.195086 0.085398 0.035578 0.014142 0.005388 0.001989 0.000732 0.000288 0.000139 0.000090 0.000075 0.000071 0.000070 0.000069 0.000069 0.000069 0.000069 0.000069 0.000069 0.000069 0.000069 0.000069 0.000069 0.000069 0.000069 0.000069 0.000069 0.000069 0.000069 0.000068 0.000067 0.000066 0.000063 0.000058 0.000051 0.000042 0.000030 0.000015 0.000000 
50.000000 39.425023 29.591948 21.086860 14.238632 9.099828 5.501280 3.145858 1.702232 0.872184 0.423581 0.195235 0.085547 0.035728 0.014291 0.005537 0.002138 0.000881 0.000438 0.000288 0.000240 0.000225 0.000221 0.000219 0.000219 0.000219 0.000219 0.000219 0.000219 0.000219 0.000219 0.000219 0.000219 0.000219 0.000219 0.000219 0.000219 0.000219 0.000218 0.000218 0.000216 0.000213 0.000208 0.000199 0.000184 0.000162 0.000132 0.000094 0.000049 0.000000 
50.000000 39.425117 29.592130 21.087118 14.238951 9.100192 5.501676 3.146274 1.702661 0.872620 0.424021 0.195677 0.085990 0.036171 0.014735 0.005981 0.002582 0.001325 0.000881 0.000732 0.000683 0.000668 0.000664 0.000663 0.000662 0.000662 0.000662 0.000662 0.000662 0.000662 0.000662 0.000662 0.000662 0.000662 0.000662 0.000662 0.000662 0.000662 0.000661 0.000659 0.000654 0.000645 0.000630 0.000602 0.000558 0.000493 0.000402 0.000286 0.000149 0.000000 
50.000000 39.425384 29.592645 21.087848 14.239853 9.101223 5.502797 3.147453 1.703876 0.873856 0.425267 0.196929 0.087245 0.037427 0.015992 0.007238 0.003839 0.002582 0.002138 0.001989 0.001940 0.001925 0.001921 0.001920 0.001919 0.001919 0.001919 0.001919 0.001919 0.001919 0.001919 0.001919 0.001919 0.001919 0.001919 0.001919 0.001919 0.001917 0.001915 0.001909 0.001896 0.001872 0.001826 0.001748 0.001621 0.001432 0.001170 0.000832 0.000434 0.000000 
50.000000 39.426106 29.594039 21.089821 14.242292 9.104011 5.505827 3.150643 1.707162 0.877197 0.428639 0.200315 0.090639 0.040824 0.019390 0.010636 0.007238 0.005981 0.005537 0.005388 0.005340 0.005325 0.005320 0.005319 0.005319 0.005319 0.005319 0.005319 0.005319 0.005319 0.005319 0.005319 0.005318 0.005318 0.005318 0.005318 0.005317 0.005313 0.005306 0.005290 0.005256 0.005189 0.005066 0.004851 0.004504 0.003982 0.003254 0.002318 0.001209 0.000000 
50.000000 39.427966 29.597625 21.094900 14.248571 9.111187 5.513631 3.158856 1.715625 0.885803 0.437321 0.209037 0.099379 0.049573 0.028142 0.019390 0.015992 0.014735 0.014291 0.014142 0.014094 0.014079 0.014074 0.014073 0.014073 0.014073 0.014073 0.014073 0.014073 0.014073 0.014073 0.014073 0.014073 0.014073 0.014072 0.014071 0.014068 0.014060 0.014041 0.014000 0.013913 0.013740 0.013419 0.012860 0.011950 0.010576 0.008654 0.006171 0.003220 0.000000 
50.000000 39.432516 29.606404 21.107332 14.263940 9.128756 5.532736 3.178963 1.736345 0.906874 0.458581 0.230392 0.120780 0.070994 0.049573 0.040824 0.037427 0.036171 0.035728 0.035578 0.035530 0.035515 0.035511 0.035510 0.035509 0.035509 0.035509 0.035509 0.035509 0.035509 0.035509 0.035509 0.035509 0.035509 0.035508 0.035505 0.035497 0.035478 0.035434 0.035333 0.035121 0.034698 0.033906 0.032520 0.030253 0.026810 0.021967 0.015684 0.008190 0.000000 
50.000000 39.443085 29.626797 21.136214 14.299648 9.169577 5.577129 3.225689 1.784495 0.955841 0.507988 0.280023 0.170517 0.120780 0.099379 0.090639 0.087245 0.085990 0.085547 0.085398 0.085350 0.085335 0.085331 0.085329 0.085329 0.085329 0.085329 0.085329 0.085329 0.085329 0.085329 0.085329 0.085329 0.085328 0.085325 0.085319 0.085302 0.085259 0.085156 0.084926 0.084436 0.083454 0.081606 0.078347 0.072984 0.064783 0.053171 0.038020 0.019876 0.000000 
50.000000 39.466345 29.671677 21.199779 14.378240 9.259428 5.674851 3.328550 1.890499 1.063647 0.616765 0.389292 0.280023 0.230392 0.209037 0.200315 0.196929 0.195677 0.195235 0.195086 0.195038 0.195023 0.195018 0.195017 0.195017 0.195017 0.195017 0.195017 0.195017 0.195017 0.195017 0.195016 0.195016 0.195014 0.195009 0.194995 0.194959 0.194866 0.194646 0.194148 0.193081 0.190931 0.186853 0.179606 0.167586 0.149050 0.122597 0.087838 0.045984 0.000000 
50.000000 39.514746 29.765068 21.332059 14.541803 9.446436 5.878251 3.542660 2.111160 1.288066 0.843210 0.616765 0.507988 0.458581 0.437321 0.428639 0.425267 0.424021 0.423581 0.423432 0.423385 0.423370 0.423365 0.423364 0.423364 0.423364 0.423364 0.423364 0.423364 0.423364 0.423364 0.423363 0.423362 0.423359 0.423349 0.423321 0.423248 0.423062 0.422618 0.421605 0.419424 0.414991 0.406516 0.391318 0.365860 0.326203 0.269046 0.193260 0.101364 0.000000 
50.000000 39.609794 29.948471 21.591845 14.863044 9.813745 6.277779 3.963247 2.544632 1.728933 1.288066 1.063647 0.955841 0.906874 0.885803 0.877197 0.873856 0.872620 0.872184 0.872037 0.871990 0.871975 0.871971 0.871969 0.871969 0.871969 0.871969 0.871969 0.871969 0.871969 0.871969 0.871968 0.871966 0.871960 0.871941 0.871890 0.871753 0.871405 0.870566 0.868642 0.864467 0.855907 0.839378 0.809417 0.758634 0.678535 0.561630 0.404806 0.212858 0.000000 
50.000000 39.785591 30.287699 22.072373 15.457277 10.493232 7.016910 4.741373 3.346627 2.544632 2.111160 1.890499 1.784495 1.736345 1.715625 1.707162 1.703876 1.702661 1.702232 1.702087 1.702041 1.702026 1.702022 1.702021 1.702020 1.702020 1.702020 1.702020 1.702020 1.702020 1.702020 1.702019 1.702015 1.702004 1.701973 1.701884 1.701647 1.701041 1.699569 1.696169 1.688725 1.673314 1.643213 1.587940 1.492905 1.340662 1.114875 0.807299 0.426010 0.000000 
50.000000 40.091229 30.877490 22.907867 16.490520 11.674776 8.302229 6.094561 4.741373 3.963247 3.542660 3.328550 3.225689 3.178963 3.158856 3.150643 3.147453 3.146274 3.145858 3.145717 3.145672 3.145658 3.145654 3.145653 3.145652 3.145652 3.145652 3.145652 3.145652 3.145652 3.145651 3.145650 3.145644 3.145627 3.145577 3.145436 3.145057 3.144083 3.141698 3.136144 3.123869 3.098160 3.047281 2.952416 2.786438 2.515345 2.104875 1.534067 0.813727 0.000000 
50.000000 40.589748 31.839506 24.270700 18.175990 13.602250 10.399089 8.302229 7.016910 6.277779 5.878251 5.674851 5.577129 5.532736 5.513631 5.505827 5.502797 5.501676 5.501280 5.501147 5.501104 5.501090 5.501086 5.501085 5.501085 5.501085 5.501085 5.501085 5.501085 5.501084 5.501084 5.501081 5.501073 5.501049 5.500976 5.500771 5.500217 5.498782 5.495245 5.486933 5.468362 5.428969 5.349814 5.199545 4.931017 4.481631 3.782551 2.782595 1.487710 0.000000 
50.000000 41.351155 33.308858 26.352314 20.750503 16.546542 13.602250 11.674776 10.493232 9.813745 9.446436 9.259428 9.169577 9.128756 9.111187 9.104011 9.101223 9.100192 9.099828 9.099705 9.099666 9.099654 9.099650 9.099649 9.099649 9.099649 9.099649 9.099649 9.099648 9.099648 9.099647 9.099644 9.099634 9.099602 9.099507 9.099237 9.098503 9.096592 9.091842 9.080576 9.055111 9.000328 8.888338 8.671233 8.273271 7.586657 6.479885 4.833386 2.617407 0.000000 
50.000000 42.438195 35.406651 29.324312 24.426354 20.750503 18.175990 16.490520 15.457277 14.863044 14.541803 14.378240 14.299648 14.263940 14.248571 14.242292 14.239853 14.238951 14.238632 14.238525 14.238490 14.238480 14.238476 14.238475 14.238475 14.238475 14.238475 14.238475 14.238475 14.238475 14.238474 14.238470 14.238458 14.238421 14.238310 14.237994 14.237130 14.234865 14.229190 14.215600 14.184510 14.116615 13.975175 13.694358 13.163847 12.213177 10.607330 8.082097 4.474167 0.000000 
50.000000 43.886551 38.201758 33.284301 29.324312 26.352314 24.270700 22.907867 22.072373 21.591845 21.332059 21.199779 21.136214 21.107332 21.094900 21.089821 21.087848 21.087118 21.086860 21.086773 21.086745 21.086736 21.086734 21.086733 21.086733 21.086733 21.086733 21.086733 21.086733 21.086732 21.086731 21.086728 21.086716 21.086678 21.086566 21.086246 21.085365 21.083043 21.077182 21.063013 21.030215 20.957498 20.802992 20.488149 19.872429 18.716983 16.642151 13.110820 7.558477 0.000000 
50.000000 45.685047 41.672623 38.201758 35.406651 33.308858 31.839506 30.877490 30.287699 29.948471 29.765068 29.671677 29.626797 29.606404 29.597625 29.594039 29.592645 29.592130 29.591948 29.591886 29.591867 29.591861 29.591859 29.591858 29.591858 29.591858 29.591858 29.591858 29.591858 29.591858 29.591857 29.591854 29.591844 29.591813 29.591720 29.591455 29.590721 29.588777 29.583839 29.571808 29.543666 29.480400 29.343422 29.056911 28.475472 27.324554 25.090938 20.836312 12.999065 0.000000 
50.000000 47.764148 45.685047 43.886551 42.438195 41.351155 40.589748 40.091229 39.785591 39.609794 39.514746 39.466345 39.443085 39.432516 39.427966 39.426106 39.425384 39.425117 39.425023 39.424991 39.424981 39.424977 39.424976 39.424976 39.424976 39.424976 39.424976 39.424976 39.424976 39.424976 39.424975 39.424974 39.424968 39.424950 39.424898 39.424746 39.424326 39.423209 39.420361 39.413382 39.396936 39.359580 39.277502 39.102038 38.733748 37.964029 36.328073 32.685982 23.882074 0.000000 
50.000000 50.000000 50.000000 50.000000 50.000000 50.000000 50.000000 50.000000 50.000000 50.000000 50.000000 50.000000 50.000000 50.000000 50.000000 50.000000 50.000000 50.000000 50.000000 50.000000 50.000000 50.000000 50.000000 50.000000 50.000000 50.000000 50.000000 50.000000 50.000000 50.000000 50.000000 50.000000 50.000000 50.000000 50.000000 50.000000 50.000000 50.000000 50.000000 50.000000 50.000000 50.000000 50.000000 50.000000 50.000000 50.000000 50.000000 50.000000 50.000000 50.000000 
