50.000000 50.000000 50.000000 50.000000 50.000000 50.000000 50.000000 50.000000 50.000000 50.000000 50.000000 50.000000 50.000000 50.000000 50.000000 50.000000 50.000000 50.000000 50.000000 50.000000 50.000000 50.000000 50.000000 50.000000 50.000000 50.000000 50.000000 50.000000 50.000000 50.000000 50.000000 50.000000 50.000000 50.000000 50.000000 50.000000 50.000000 50.000000 50.000000 50.000000 50.000000 50.000000 50.000000 50.000000 50.000000 50.000000 50.000000 50.000000 50.000000 50.000000 
50.000000 48.717201 47.486050 46.351962 45.349141 44.497752 43.803567 43.259811 42.850480 42.554218 42.347964 42.209772 42.120619 42.065205 42.032001 42.012811 42.002105 41.996338 41.993335 41.991824 41.991087 41.990740 41.990581 41.990511 41.990480 41.990467 41.990460 41.990454 41.990444 41.990420 41.990365 41.990243 41.989973 41.989396 41.988194 41.985755 41.980929 41.971615 41.954050 41.921636 41.862944 41.758312 41.573732 41.249186 40.674368 39.632691 37.656960 33.612750 24.358601 0.000000 
50.000000 47.486050 45.073317 42.850806 40.885547 39.217059 37.856652 36.791049 35.988880 35.408300 35.004107 34.733298 34.558588 34.449996 34.384929 34.347324 34.326346 34.315044 34.309160 34.306198 34.304755 34.304074 34.303763 34.303625 34.303565 34.303540 34.303527 34.303515 34.303495 34.303451 34.303350 34.303122 34.302621 34.301552 34.299328 34.294823 34.285934 34.268829 34.236704 34.177728 34.071693 33.884495 33.558854 32.998162 32.037152 30.386700 27.529281 22.536658 13.873299 0.000000 
50.000000 46.351962 42.850806 39.625690 36.773888 34.352740 32.378661 30.832380 29.668374 28.825915 28.239411 27.846458 27.592951 27.435384 27.340973 27.286409 27.255971 27.239573 27.231036 27.226738 27.224645 27.223657 27.223206 27.223006 27.222919 27.222882 27.222863 27.222848 27.222821 27.222762 27.222627 27.222324 27.221661 27.220247 27.217314 27.211392 27.199750 27.177458 27.135843 27.060040 26.925138 26.690212 26.289122 25.616381 24.505752 22.699609 19.812845 15.321525 8.695002 0.000000 
50.000000 45.349141 40.885547 36.773888 33.138174 30.051513 27.534826 25.563541 24.079616 23.005624 22.257941 21.757005 21.433839 21.232979 21.112631 21.043076 21.004277 20.983376 20.972494 20.967015 20.964347 20.963088 20.962513 20.962258 20.962148 20.962101 20.962078 20.962059 20.962029 20.961962 20.961810 20.961469 20.960725 20.959142 20.955871 20.949293 20.936426 20.911934 20.866557 20.784676 20.640701 20.393842 19.980873 19.306643 18.232959 16.569087 14.074278 10.498848 5.716450 0.000000 
50.000000 44.497752 39.217059 34.352740 30.051513 26.399866 23.422546 21.090476 19.334982 18.064458 17.179967 16.587381 16.205096 15.967495 15.825136 15.742862 15.696969 15.672246 15.659375 15.652896 15.649740 15.648251 15.647571 15.647270 15.647139 15.647084 15.647057 15.647037 15.647006 15.646938 15.646785 15.646442 15.645695 15.644112 15.640854 15.634332 15.621647 15.597666 15.553603 15.474904 15.338272 15.107706 14.729656 14.127914 13.199933 11.818554 9.846987 7.179906 3.823383 0.000000 
50.000000 43.803567 37.856652 32.378661 27.534826 23.422546 20.069684 17.443488 15.466610 14.035882 13.039877 12.372591 11.942124 11.674582 11.514286 11.421648 11.369976 11.342140 11.327648 11.320353 11.316800 11.315124 11.314359 11.314019 11.313873 11.313810 11.313782 11.313761 11.313731 11.313668 11.313526 11.313210 11.312523 11.311073 11.308100 11.302180 11.290734 11.269251 11.230118 11.160949 11.042369 10.845316 10.528211 10.034842 9.294632 8.228183 6.762280 4.858489 2.554381 0.000000 
50.000000 43.259811 36.791049 30.832380 25.563541 21.090476 17.443488 14.586942 12.436693 10.880512 9.797189 9.071416 8.603227 8.312246 8.137910 8.037161 7.980965 7.950693 7.934934 7.927001 7.923137 7.921315 7.920482 7.920113 7.919954 7.919887 7.919856 7.919837 7.919810 7.919755 7.919633 7.919362 7.918774 7.917539 7.915019 7.910027 7.900435 7.882562 7.850283 7.793806 7.698144 7.541431 7.293471 6.915277 6.360820 5.582669 4.543257 3.232194 1.686080 0.000000 
50.000000 42.850480 35.988880 29.668374 24.079616 19.334982 15.466610 12.436693 10.155967 8.505378 7.356351 6.586571 6.090002 5.781388 5.596492 5.489642 5.430045 5.397941 5.381229 5.372816 5.368719 5.366787 5.365904 5.365513 5.365344 5.365273 5.365242 5.365223 5.365200 5.365156 5.365057 5.364839 5.364368 5.363382 5.361378 5.357432 5.349895 5.335951 5.310976 5.267697 5.195207 5.077983 4.895262 4.621295 4.227276 3.685774 2.978162 2.104386 1.092167 0.000000 
50.000000 42.554218 35.408300 28.825915 23.005624 18.064458 14.035882 10.880512 8.505378 6.786485 5.589925 4.788313 4.271217 3.949851 3.757319 3.646058 3.584002 3.550574 3.533173 3.524414 3.520148 3.518136 3.517217 3.516810 3.516635 3.516561 3.516529 3.516512 3.516493 3.516459 3.516383 3.516217 3.515861 3.515118 3.513616 3.510672 3.505083 3.494813 3.476561 3.445214 3.393243 3.310172 3.182368 2.993514 2.726186 2.364923 1.900777 1.336607 0.691274 0.000000 
50.000000 42.347964 35.004107 28.239411 22.257941 17.179967 13.039877 9.797189 7.356351 5.589925 4.360290 3.536530 3.005154 2.674918 2.477075 2.362747 2.298981 2.264633 2.246753 2.237753 2.233370 2.231303 2.230359 2.229940 2.229760 2.229685 2.229653 2.229637 2.229622 2.229597 2.229542 2.229423 2.229167 2.228637 2.227569 2.225486 2.221555 2.214378 2.201715 2.180145 2.144711 2.088653 2.003383 1.878929 1.705063 1.473264 1.179371 0.826379 0.426328 0.000000 
50.000000 42.209772 34.733298 27.846458 21.757005 16.587381 12.372591 9.071416 6.586571 4.788313 3.536530 2.697940 2.157005 1.820832 1.619435 1.503054 1.438144 1.403180 1.384980 1.375820 1.371358 1.369254 1.368293 1.367867 1.367684 1.367607 1.367575 1.367560 1.367549 1.367530 1.367493 1.367411 1.367237 1.366876 1.366154 1.364752 1.362120 1.357342 1.348970 1.334815 1.311752 1.275595 1.221133 1.142474 1.033779 0.890448 0.710615 0.496594 0.255722 0.000000 
50.000000 42.120619 34.558588 27.592951 21.433839 16.205096 11.942124 8.603227 6.090002 4.271217 3.005154 2.157005 1.609908 1.269909 1.066221 0.948517 0.882871 0.847510 0.829104 0.819840 0.815328 0.813200 0.812228 0.811797 0.811612 0.811535 0.811503 0.811489 0.811480 0.811467 0.811442 0.811389 0.811275 0.811042 0.810576 0.809675 0.807991 0.804954 0.799663 0.790776 0.776404 0.754050 0.720665 0.672873 0.607430 0.521904 0.415493 0.289759 0.149004 0.000000 
50.000000 42.065205 34.449996 27.435384 21.232979 15.967495 11.674582 8.312246 5.781388 3.949851 2.674918 1.820832 1.269909 0.927534 0.722424 0.603900 0.537796 0.502190 0.483656 0.474327 0.469784 0.467641 0.466663 0.466229 0.466043 0.465965 0.465933 0.465920 0.465912 0.465904 0.465888 0.465854 0.465784 0.465639 0.465351 0.464797 0.463767 0.461917 0.458713 0.453364 0.444769 0.431493 0.411811 0.383848 0.345848 0.296553 0.235633 0.164062 0.084275 0.000000 
50.000000 42.032001 34.384929 27.340973 21.112631 15.825136 11.514286 8.137910 5.596492 3.757319 2.477075 1.619435 1.066221 0.722424 0.516464 0.397449 0.331071 0.295318 0.276708 0.267340 0.262778 0.260627 0.259644 0.259209 0.259022 0.258944 0.258912 0.258899 0.258893 0.258887 0.258877 0.258857 0.258815 0.258729 0.258559 0.258232 0.257627 0.256546 0.254683 0.251590 0.246648 0.239061 0.227884 0.212107 0.190804 0.163337 0.129582 0.090106 0.046246 0.000000 
50.000000 42.012811 34.347324 27.286409 21.043076 15.742862 11.421648 8.037161 5.489642 3.646058 2.362747 1.503054 0.948517 0.603900 0.397449 0.278151 0.211615 0.175777 0.157123 0.147733 0.143160 0.141004 0.140019 0.139583 0.139396 0.139317 0.139286 0.139273 0.139267 0.139263 0.139257 0.139245 0.139221 0.139172 0.139075 0.138890 0.138549 0.137942 0.136900 0.135178 0.132442 0.128264 0.122142 0.113549 0.102008 0.087205 0.069095 0.047996 0.024617 0.000000 
50.000000 42.002105 34.326346 27.255971 21.004277 15.696969 11.369976 7.980965 5.430045 3.584002 2.298981 1.438144 0.882871 0.537796 0.331071 0.211615 0.144992 0.109107 0.090428 0.081026 0.076447 0.074288 0.073302 0.072865 0.072677 0.072599 0.072567 0.072555 0.072549 0.072546 0.072543 0.072536 0.072523 0.072496 0.072443 0.072342 0.072157 0.071829 0.071267 0.070344 0.068883 0.066663 0.063426 0.058903 0.052857 0.045135 0.035724 0.024794 0.012710 0.000000 
50.000000 41.996338 34.315044 27.239573 20.983376 15.672246 11.342140 7.950693 5.397941 3.550574 2.264633 1.403180 0.847510 0.502190 0.295318 0.175777 0.109107 0.073196 0.054504 0.045096 0.040513 0.038353 0.037366 0.036929 0.036741 0.036663 0.036631 0.036618 0.036613 0.036611 0.036609 0.036605 0.036598 0.036584 0.036556 0.036503 0.036406 0.036235 0.035944 0.035466 0.034713 0.033573 0.031919 0.029617 0.026552 0.022651 0.017912 0.012423 0.006365 0.000000 
50.000000 41.993335 34.309160 27.231036 20.972494 15.659376 11.327648 7.934934 5.381229 3.533173 2.246753 1.384981 0.829104 0.483656 0.276708 0.157123 0.090428 0.054504 0.035805 0.026393 0.021809 0.019648 0.018661 0.018223 0.018036 0.017957 0.017926 0.017913 0.017908 0.017906 0.017905 0.017903 0.017899 0.017892 0.017878 0.017851 0.017802 0.017716 0.017570 0.017331 0.016956 0.016391 0.015573 0.014439 0.012934 0.011025 0.008712 0.006039 0.003093 0.000000 
50.000000 41.991824 34.306198 27.226738 20.967016 15.652896 11.320354 7.927001 5.372817 3.524414 2.237754 1.375820 0.819840 0.474328 0.267341 0.147734 0.081026 0.045096 0.026393 0.016980 0.012395 0.010233 0.009246 0.008809 0.008621 0.008542 0.008511 0.008498 0.008493 0.008491 0.008490 0.008489 0.008488 0.008484 0.008477 0.008464 0.008440 0.008398 0.008327 0.008212 0.008031 0.007760 0.007369 0.006827 0.006112 0.005206 0.004111 0.002848 0.001458 0.000000 
50.000000 41.991087 34.304755 27.224645 20.964348 15.649740 11.316801 7.923138 5.368720 3.520149 2.233371 1.371359 0.815329 0.469785 0.262779 0.143161 0.076448 0.040514 0.021810 0.012396 0.007811 0.005649 0.004661 0.004224 0.004036 0.003958 0.003926 0.003914 0.003909 0.003907 0.003906 0.003905 0.003905 0.003903 0.003900 0.003893 0.003882 0.003862 0.003829 0.003775 0.003691 0.003565 0.003383 0.003133 0.002803 0.002386 0.001883 0.001304 0.000668 0.000000 
50.000000 41.990740 34.304075 27.223658 20.963090 15.648253 11.315126 7.921317 5.366789 3.518139 2.231306 1.369257 0.813203 0.467644 0.260630 0.141007 0.074291 0.038356 0.019651 0.010236 0.005651 0.003489 0.002501 0.002064 0.001876 0.001797 0.001766 0.001753 0.001748 0.001747 0.001746 0.001746 0.001745 0.001744 0.001743 0.001740 0.001735 0.001726 0.001711 0.001686 0.001648 0.001591 0.001510 0.001397 0.001249 0.001063 0.000839 0.000581 0.000297 0.000000 
50.000000 41.990582 34.303765 27.223209 20.962518 15.647576 11.314365 7.920489 5.365911 3.517224 2.230366 1.368300 0.812235 0.466670 0.259652 0.140027 0.073309 0.037373 0.018668 0.009253 0.004668 0.002506 0.001518 0.001081 0.000893 0.000815 0.000783 0.000770 0.000766 0.000764 0.000763 0.000763 0.000763 0.000762 0.000761 0.000760 0.000758 0.000754 0.000747 0.000736 0.000720 0.000694 0.000659 0.000609 0.000545 0.000463 0.000365 0.000253 0.000129 0.000000 
50.000000 41.990514 34.303632 27.223015 20.962270 15.647284 11.314035 7.920130 5.365531 3.516829 2.229960 1.367887 0.811817 0.466249 0.259229 0.139603 0.072885 0.036949 0.018243 0.008828 0.004243 0.002081 0.001093 0.000656 0.000468 0.000390 0.000358 0.000345 0.000341 0.000339 0.000338 0.000338 0.000338 0.000338 0.000337 0.000337 0.000336 0.000334 0.000331 0.000326 0.000319 0.000307 0.000291 0.000269 0.000241 0.000205 0.000161 0.000112 0.000057 0.000000 
50.000000 41.990489 34.303582 27.222944 20.962179 15.647176 11.313914 7.919999 5.365391 3.516683 2.229810 1.367735 0.811664 0.466094 0.259074 0.139447 0.072729 0.036793 0.018087 0.008672 0.004087 0.001925 0.000937 0.000500 0.000312 0.000233 0.000202 0.000189 0.000184 0.000183 0.000182 0.000182 0.000182 0.000182 0.000181 0.000181 0.000181 0.000180 0.000178 0.000175 0.000171 0.000165 0.000156 0.000145 0.000129 0.000110 0.000087 0.000060 0.000031 0.000000 
50.000000 41.990489 34.303582 27.222944 20.962179 15.647176 11.313914 7.919999 5.365391 3.516683 2.229810 1.367735 0.811664 0.466094 0.259074 0.139447 0.072729 0.036793 0.018087 0.008672 0.004087 0.001925 0.000937 0.000500 0.000312 0.000233 0.000202 0.000189 0.000184 0.000183 0.000182 0.000182 0.000182 0.000182 0.000181 0.000181 0.000181 0.000180 0.000178 0.000175 0.000171 0.000165 0.000156 0.000145 0.000129 0.000110 0.000087 0.000060 0.000031 0.000000 
50.000000 41.990514 34.303632 27.223015 20.962270 15.647284 11.314035 7.920130 5.365531 3.516829 2.229960 1.367887 0.811817 0.466249 0.259229 0.139603 0.072885 0.036949 0.018243 0.008828 0.004243 0.002081 0.001093 0.000656 0.000468 0.000390 0.000358 0.000345 0.000341 0.000339 0.000338 0.000338 0.000338 0.000338 0.000337 0.000337 0.000336 0.000334 0.000331 0.000326 0.000319 0.000307 0.000291 0.000269 0.000241 0.000205 0.000161 0.000112 0.000057 0.000000 
50.000000 41.990582 34.303765 27.223209 20.962518 15.647576 11.314365 7.920489 5.365911 3.517224 2.230366 1.368300 0.812235 0.466670 0.259652 0.140027 0.073309 0.037373 0.018668 0.009253 0.004668 0.002506 0.001518 0.001081 0.000893 0.000815 0.000783 0.000770 0.000766 0.000764 0.000763 0.000763 0.000763 0.000762 0.000761 0.000760 0.000758 0.000754 0.000747 0.000736 0.000720 0.000694 0.000659 0.000609 0.000545 0.000463 0.000365 0.000253 0.000129 0.000000 
50.000000 41.990740 34.304075 27.223658 20.963090 15.648253 11.315126 7.921317 5.366789 3.518139 2.231306 1.369257 0.813203 0.467644 0.260630 0.141007 0.074291 0.038356 0.019651 0.010236 0.005651 0.003489 0.002501 0.002064 0.001876 0.001797 0.001766 0.001753 0.001748 0.001747 0.001746 0.001746 0.001745 0.001744 0.001743 0.001740 0.001735 0.001726 0.001711 0.001686 0.001648 0.001591 0.001510 0.001397 0.001249 0.001063 0.000839 0.000581 0.000297 0.000000 
50.000000 41.991087 34.304755 27.224645 20.964348 15.649740 11.316801 7.923138 5.368720 3.520149 2.233371 1.371359 0.815329 0.469785 0.262779 0.143161 0.076448 0.040514 0.021810 0.012396 0.007811 0.005649 0.004661 0.004224 0.004036 0.003958 0.003926 0.003914 0.003909 0.003907 0.003906 0.003905 0.003905 0.003903 0.003900 0.003893 0.003882 0.003862 0.003829 0.003775 0.003691 0.003565 0.003383 0.003133 0.002803 0.002386 0.001883 0.001304 0.000668 0.000000 
50.000000 41.991824 34.306198 27.226738 20.967016 15.652896 11.320354 7.927001 5.372817 3.524414 2.237754 1.375820 0.819840 0.474328 0.267341 0.147734 0.081026 0.045096 0.026393 0.016980 0.012395 0.010233 0.009246 0.008809 0.008621 0.008542 0.008511 0.008498 0.008493 0.008491 0.008490 0.008489 0.008488 0.008484 0.008477 0.008464 0.008440 0.008398 0.008327 0.008212 0.008031 0.007760 0.007369 0.006827 0.006112 0.005206 0.004111 0.002848 0.001458 0.000000 
50.000000 41.993335 34.309160 27.231036 20.972494 15.659376 11.327648 7.934934 5.381229 3.533173 2.246753 1.384981 0.829104 0.483656 0.276708 0.157123 0.090428 0.054504 0.035805 0.026393 0.021809 0.019648 0.018661 0.018223 0.018036 0.017957 0.017926 0.017913 0.017908 0.017906 0.017905 0.017903 0.017899 0.017892 0.017878 0.017851 0.017802 0.017716 0.017570 0.017331 0.016956 0.016391 0.015573 0.014439 0.012934 0.011025 0.008712 0.006039 0.003093 0.000000 
50.000000 41.996338 34.315044 27.239573 20.983376 15.672246 11.342140 7.950693 5.397941 3.550574 2.264633 1.403180 0.847510 0.502190 0.295318 0.175777 0.109107 0.073196 0.054504 0.045096 0.040513 0.038353 0.037366 0.036929 0.036741 0.036663 0.036631 0.036618 0.036613 0.036611 0.036609 0.036605 0.036598 0.036584 0.036556 0.036503 0.036406 0.036235 0.035944 0.035466 0.034713 0.033573 0.031919 0.029617 0.026552 0.022651 0.017912 0.012423 0.006365 0.000000 
50.000000 42.002105 34.326346 27.255971 21.004277 15.696969 11.369976 7.980965 5.430045 3.584002 2.298981 1.438144 0.882871 0.537796 0.331071 0.211615 0.144992 0.109107 0.090428 0.081026 0.076447 0.074288 0.073302 0.072865 0.072677 0.072599 0.072567 0.072555 0.072549 0.072546 0.072543 0.072536 0.072523 0.072496 0.072443 0.072342 0.072157 0.071829 0.071267 0.070344 0.068883 0.066663 0.063426 0.058903 0.052857 0.045135 0.035724 0.024794 0.012710 0.000000 
50.000000 42.012811 34.347324 27.286409 21.043076 15.742862 11.421648 8.037161 5.489642 3.646058 2.362747 1.503054 0.948517 0.603900 0.397449 0.278151 0.211615 0.175777 0.157123 0.147733 0.143160 0.141004 0.140019 0.139583 0.139396 0.139317 0.139286 0.139273 0.139267 0.139263 0.139257 0.139245 0.139221 0.139172 0.139075 0.138890 0.138549 0.137942 0.136900 0.135178 0.132442 0.128264 0.122142 0.113549 0.102008 0.087205 0.069095 0.047996 0.024617 0.000000 
50.000000 42.032001 34.384929 27.340973 21.112631 15.825136 11.514286 8.137910 5.596492 3.757319 2.477075 1.619435 1.066221 0.722424 0.516464 0.397449 0.331071 0.295318 0.276708 0.267340 0.262778 0.260627 0.259644 0.259209 0.259022 0.258944 0.258912 0.258899 0.258893 0.258887 0.258877 0.258857 0.258815 0.258729 0.258559 0.258232 0.257627 0.256546 0.254683 0.251590 0.246648 0.239061 0.227884 0.212107 0.190804 0.163337 0.129582 0.090106 0.046246 0.000000 
50.000000 42.065205 34.449996 27.435384 21.232979 15.967495 11.674582 8.312246 5.781388 3.949851 2.674918 1.820832 1.269909 0.927534 0.722424 0.603900 0.537796 0.502190 0.483656 0.474327 0.469784 0.467641 0.466663 0.466229 0.466043 0.465965 0.465933 0.465920 0.465912 0.465904 0.465888 0.465854 0.465784 0.465639 0.465351 0.464797 0.463767 0.461917 0.458713 0.453364 0.444769 0.431493 0.411811 0.383848 0.345848 0.296553 0.235633 0.164062 0.084275 0.000000 
50.000000 42.120619 34.558588 27.592951 21.433839 16.205096 11.942124 8.603227 6.090002 4.271217 3.005154 2.157005 1.609908 1.269909 1.066221 0.948517 0.882871 0.847510 0.829104 0.819840 0.815328 0.813200 0.812228 0.811797 0.811612 0.811535 0.811503 0.811489 0.811480 0.811467 0.811442 0.811389 0.811275 0.811042 0.810576 0.809675 0.807991 0.804954 0.799663 0.790776 0.776404 0.754050 0.720665 0.672873 0.607430 0.521904 0.415493 0.289759 0.149004 0.000000 
50.000000 42.209772 34.733298 27.846458 21.757005 16.587381 12.372591 9.071416 6.586571 4.788313 3.536530 2.697940 2.157005 1.820832 1.619435 1.503054 1.438144 1.403180 1.384980 1.375820 1.371358 1.369254 1.368293 1.367867 1.367684 1.367607 1.367575 1.367560 1.367549 1.367530 1.367493 1.367411 1.367237 1.366876 1.366154 1.364752 1.362120 1.357342 1.348970 1.334815 1.311752 1.275595 1.221133 1.142474 1.033779 0.890448 0.710615 0.496594 0.255722 0.000000 
50.000000 42.347964 35.004107 28.239411 22.257941 17.179967 13.039877 9.797189 7.356351 5.589925 4.360290 3.536530 3.005154 2.674918 2.477075 2.362747 2.298981 2.264633 2.246753 2.237753 2.233370 2.231303 2.230359 2.229940 2.229760 2.229685 2.229653 2.229637 2.229622 2.229597 2.229542 2.229423 2.229167 2.228637 2.227569 2.225486 2.221555 2.214378 2.201715 2.180145 2.144711 2.088653 2.003383 1.878929 1.705063 1.473264 1.179371 0.826379 0.426328 0.000000 
50.000000 42.554218 35.408300 28.825915 23.005624 18.064458 14.035882 10.880512 8.505378 6.786485 5.589925 4.788313 4.271217 3.949851 3.757319 3.646058 3.584002 3.550574 3.533173 3.524414 3.520148 3.518136 3.517217 3.516810 3.516635 3.516561 3.516529 3.516512 3.516493 3.516459 3.516383 3.516217 3.515861 3.515118 3.513616 3.510672 3.505083 3.494813 3.476561 3.445214 3.393243 3.310172 3.182368 2.993514 2.726186 2.364923 1.900777 1.336607 0.691274 0.000000 
50.000000 42.850480 35.988880 29.668374 24.079616 19.334982 15.466610 12.436693 10.155967 8.505378 7.356351 6.586571 6.090002 5.781388 5.596492 5.489642 5.430045 5.397941 5.381229 5.372816 5.368719 5.366787 5.365904 5.365513 5.365344 5.365273 5.365242 5.365223 5.365200 5.365156 5.365057 5.364839 5.364368 5.363382 5.361378 5.357432 5.349895 5.335951 5.310976 5.267697 5.195207 5.077983 4.895262 4.621295 4.227276 3.685774 2.978162 2.104386 1.092167 0.000000 
50.000000 43.259811 36.791049 30.832380 25.563541 21.090476 17.443488 14.586942 12.436693 10.880512 9.797189 9.071416 8.603227 8.312246 8.137910 8.037161 7.980965 7.950693 7.934934 7.927001 7.923137 7.921315 7.920482 7.920113 7.919954 7.919887 7.919856 7.919837 7.919810 7.919755 7.919633 7.919362 7.918774 7.917539 7.915019 7.910027 7.900435 7.882562 7.850283 7.793806 7.698144 7.541431 7.293471 6.915277 6.360820 5.582669 4.543257 3.232194 1.686080 0.000000 
50.000000 43.803567 37.856652 32.378661 27.534826 23.422546 20.069684 17.443488 15.466610 14.035882 13.039877 12.372591 11.942124 11.674582 11.514286 11.421648 11.369976 11.342140 11.327648 11.320353 11.316800 11.315124 11.314359 11.314019 11.313873 11.313810 11.313782 11.313761 11.313731 11.313668 11.313526 11.313210 11.312523 11.311073 11.308100 11.302180 11.290734 11.269251 11.230118 11.160949 11.042369 10.845316 10.528211 10.034842 9.294632 8.228183 6.762280 4.858489 2.554381 0.000000 
50.000000 44.497752 39.217059 34.352740 30.051513 26.399866 23.422546 21.090476 19.334982 18.064458 17.179967 16.587381 16.205096 15.967495 15.825136 15.742862 15.696969 15.672246 15.659375 15.652896 15.649740 15.648251 15.647571 15.647270 15.647139 15.647084 15.647057 15.647037 15.647006 15.646938 15.646785 15.646442 15.645695 15.644112 15.640854 15.634332 15.621647 15.597666 15.553603 15.474904 15.338272 15.107706 14.729656 14.127914 13.199933 11.818554 9.846987 7.179906 3.823383 0.000000 
50.000000 45.349141 40.885547 36.773888 33.138174 30.051513 27.534826 25.563541 24.079616 23.005624 22.257941 21.757005 21.433839 21.232979 21.112631 21.043076 21.004277 20.983376 20.972494 20.967015 20.964347 20.963088 20.962513 20.962258 20.962148 20.962101 20.962078 20.962059 20.962029 20.961962 20.961810 20.961469 20.960725 20.959142 20.955871 20.949293 20.936426 20.911934 20.866557 20.784676 20.640701 20.393842 19.980873 19.306643 18.232959 16.569087 14.074278 10.498848 5.716450 0.000000 
50.000000 46.351962 42.850806 39.625690 36.773888 34.352740 32.378661 30.832380 29.668374 28.825915 28.239411 27.846458 27.592951 27.435384 27.340973 27.286409 27.255971 27.239573 27.231036 27.226738 27.224645 27.223657 27.223206 27.223006 27.222919 27.222882 27.222863 27.222848 27.222821 27.222762 27.222627 27.222324 27.221661 27.220247 27.217314 27.211392 27.199750 27.177458 27.135843 27.060040 26.925138 26.690212 26.289122 25.616381 24.505752 22.699609 19.812845 15.321525 8.695002 0.000000 
50.000000 47.486050 45.073317 42.850806 40.885547 39.217059 37.856652 36.791049 35.988880 35.408300 35.004107 34.733298 34.558588 34.449996 34.384929 34.347324 34.326346 34.315044 34.309160 34.306198 34.304755 34.304074 34.303763 34.303625 34.303565 34.303540 34.303527 34.303515 34.303495 34.303451 34.303350 34.303122 34.302621 34.301552 34.299328 34.294823 34.285934 34.268829 34.236704 34.177728 34.071693 33.884495 33.558854 32.998162 32.037152 30.386700 27.529281 22.536658 13.873299 0.000000 
50.000000 48.717201 47.486050 46.351962 45.349141 44.497752 43.803567 43.259811 42.850480 42.554218 42.347964 42.209772 42.120619 42.065205 42.032001 42.012811 42.002105 41.996338 41.993335 41.991824 41.991087 41.990740 41.990581 41.990511 41.990480 41.990467 41.990460 41.990454 41.990444 41.990420 41.990365 41.990243 41.989973 41.989396 41.988194 41.985755 41.980929 41.971615 41.954050 41.921636 41.862944 41.758312 41.573732 41.249186 40.674368 39.632691 37.656960 33.612750 24.358601 0.000000 
50.000000 50.000000 50.000000 50.000000 50.000000 50.000000 50.000000 50.000000 50.000000 50.000000 50.000000 50.000000 50.000000 50.000000 50.000000 50.000000 50.000000 50.000000 50.000000 50.000000 50.000000 50.000000 50.000000 50.000000 50.000000 50.000000 50.000000 50.000000 50.000000 50.000000 50.000000 50.000000 50.000000 50.000000 50.000000 50.000000 50.000000 50.000000 50.000000 50.000000 50.000000 50.000000 50.000000 50.000000 50.000000 50.000000 50.000000 50.000000 50.000000 50.000000 
