50.000000 50.000000 50.000000 50.000000 50.000000 50.000000 50.000000 50.000000 50.000000 50.000000 50.000000 50.000000 50.000000 50.000000 50.000000 50.000000 50.000000 50.000000 50.000000 50.000000 50.000000 50.000000 50.000000 50.000000 50.000000 50.000000 50.000000 50.000000 50.000000 50.000000 50.000000 50.000000 50.000000 50.000000 50.000000 50.000000 50.000000 50.000000 50.000000 50.000000 50.000000 50.000000 50.000000 50.000000 50.000000 50.000000 50.000000 50.000000 50.000000 50.000000 
50.000000 48.931597 47.899028 46.934521 46.063707 45.303678 44.662343 44.139019 43.725989 43.410615 43.177579 43.010889 42.895431 42.817964 42.767597 42.735851 42.716447 42.704939 42.698316 42.694615 42.692605 42.691545 42.691000 42.690728 42.690595 42.690529 42.690493 42.690462 42.690417 42.690332 42.690158 42.689808 42.689114 42.687766 42.685211 42.680466 42.671837 42.656453 42.629518 42.583119 42.504265 42.371561 42.149258 41.775809 41.139853 40.024490 37.963176 33.823192 24.465799 0.000000 
50.000000 47.899028 45.868520 43.971858 42.259440 40.764878 39.503725 38.474637 37.662439 37.042277 36.584027 36.256245 36.029207 35.876876 35.777834 35.715410 35.677253 35.654626 35.641603 35.634324 35.630372 35.628287 35.627217 35.626683 35.626421 35.626292 35.626220 35.626161 35.626076 35.625915 35.625589 35.624931 35.623627 35.621102 35.616319 35.607456 35.591379 35.562802 35.512967 35.427562 35.283425 35.043181 34.646260 33.993164 32.916633 31.126958 28.107836 22.934260 14.075835 0.000000 
50.000000 46.934521 43.971858 41.204489 38.705950 36.525284 34.685183 33.183685 31.998647 31.093804 30.425201 29.946957 29.615705 29.393453 29.248951 29.157875 29.102206 29.069194 29.050194 29.039575 29.033809 29.030768 29.029207 29.028427 29.028045 29.027857 29.027754 29.027671 29.027555 29.027336 29.026894 29.026004 29.024243 29.020841 29.014413 29.002541 28.981086 28.943131 28.877341 28.765464 28.578557 28.271235 27.772869 26.974030 25.705765 23.709649 20.602245 15.864022 8.971346 0.000000 
50.000000 46.063707 42.259440 38.705950 35.497665 32.697557 30.334765 28.406769 26.885131 25.723282 24.864779 24.250707 23.825379 23.540009 23.354472 23.237534 23.166058 23.123672 23.099277 23.085643 23.078241 23.074336 23.072332 23.071331 23.070841 23.070601 23.070471 23.070371 23.070234 23.069980 23.069468 23.068439 23.066412 23.062504 23.055146 23.041611 23.017271 22.974472 22.900839 22.776801 22.572057 22.240608 21.713988 20.892445 19.634614 17.748832 14.996302 11.132483 6.039217 0.000000 
50.000000 45.303678 40.764878 36.525284 32.697557 29.356831 26.537867 24.237655 22.422265 21.036131 20.011911 19.279312 18.771892 18.431447 18.210105 18.070602 17.985335 17.934772 17.905670 17.889406 17.880577 17.875919 17.873528 17.872334 17.871751 17.871466 17.871315 17.871202 17.871056 17.870789 17.870255 17.869185 17.867082 17.863042 17.855467 17.841597 17.816797 17.773487 17.699595 17.576399 17.375632 17.055801 16.557833 15.800666 14.678416 13.062943 10.819520 7.848245 4.163826 0.000000 
50.000000 44.662343 39.503725 34.685183 30.334765 26.537867 23.333993 20.719721 18.656481 17.081116 15.917083 15.084487 14.507814 14.120909 13.869364 13.710827 13.613927 13.556467 13.523397 13.504915 13.494882 13.489589 13.486873 13.485516 13.484854 13.484532 13.484365 13.484246 13.484101 13.483841 13.483326 13.482298 13.480285 13.476433 13.469240 13.456139 13.432857 13.392493 13.324227 13.211606 13.030408 12.746213 12.312057 11.666996 10.737200 9.442320 7.711153 5.510561 2.886534 0.000000 
50.000000 44.139019 38.474637 33.183685 28.406769 24.237655 20.719721 17.849204 15.583747 13.853996 12.575901 11.661730 11.028563 10.603760 10.327580 10.153519 10.047133 9.984048 9.947741 9.927451 9.916436 9.910625 9.907644 9.906155 9.905429 9.905078 9.904899 9.904779 9.904642 9.904405 9.903939 9.903015 9.901212 9.897776 9.891390 9.879820 9.859388 9.824228 9.765282 9.669037 9.516076 9.279637 8.924602 8.407664 7.679822 6.692781 5.410816 3.828377 1.989761 0.000000 
50.000000 43.725989 37.662439 31.998647 26.885131 22.422265 18.656481 15.583747 13.158715 11.307140 9.939043 8.960508 8.282769 7.828069 7.532454 7.346148 7.232279 7.164758 7.125899 7.104183 7.092394 7.086175 7.082984 7.081391 7.080615 7.080241 7.080054 7.079937 7.079813 7.079608 7.079210 7.078426 7.076902 7.074009 7.068660 7.059020 7.042104 7.013207 6.965170 6.887507 6.765485 6.579357 6.304110 5.910268 5.366464 4.644523 3.727412 2.619258 1.354429 0.000000 
50.000000 43.410615 37.042277 31.093804 25.723282 21.036131 17.081116 13.853996 11.307140 9.362565 7.925765 6.898100 6.186342 5.708823 5.398377 5.202726 5.083148 5.012242 4.971436 4.948632 4.936253 4.929723 4.926373 4.924700 4.923886 4.923496 4.923304 4.923190 4.923082 4.922912 4.922590 4.921957 4.920734 4.918423 4.914169 4.906545 4.893248 4.870693 4.833498 4.773917 4.681283 4.541655 4.337920 4.050708 3.660499 3.151225 2.515246 1.758852 0.906351 0.000000 
50.000000 43.177579 36.584027 30.425201 24.864779 20.011911 15.917083 12.575901 9.939043 7.925765 6.438214 5.374259 4.637374 4.143003 3.821605 3.619054 3.495259 3.421855 3.379611 3.356005 3.343190 3.336430 3.332962 3.331231 3.330389 3.329987 3.329792 3.329684 3.329591 3.329456 3.329206 3.328720 3.327784 3.326024 3.322798 3.317047 3.307077 3.290276 3.262780 3.219107 3.151848 3.051536 2.906864 2.705477 2.435512 2.087978 1.659736 1.156465 0.594460 0.000000 
50.000000 43.010889 36.256245 29.946957 24.250707 19.279312 15.084487 11.661730 8.960508 6.898100 5.374259 4.284357 3.529507 3.023088 2.693862 2.486378 2.359571 2.284382 2.241110 2.216930 2.203805 2.196880 2.193328 2.191556 2.190694 2.190284 2.190088 2.189984 2.189905 2.189801 2.189615 2.189257 2.188572 2.187289 2.184949 2.180798 2.173641 2.161657 2.142179 2.111479 2.064602 1.995338 1.896448 1.760260 1.579716 1.349868 1.069616 0.743278 0.381371 0.000000 
50.000000 42.895431 36.029207 29.615705 23.825379 18.771892 14.507814 11.028563 8.282769 6.186342 4.637374 3.529507 2.762221 2.247462 1.912817 1.701920 1.573028 1.496603 1.452621 1.428044 1.414703 1.407666 1.404056 1.402255 1.401379 1.400963 1.400767 1.400667 1.400600 1.400522 1.400388 1.400136 1.399655 1.398758 1.397129 1.394253 1.389321 1.381111 1.367851 1.347098 1.315649 1.269562 1.204334 1.115321 0.998405 0.850907 0.672574 0.466405 0.238978 0.000000 
50.000000 42.817964 35.876876 29.393453 23.540009 18.431447 14.120909 10.603760 7.828069 5.708823 4.143003 3.023088 2.247462 1.727112 1.388833 1.175649 1.045359 0.968106 0.923648 0.898805 0.885320 0.878206 0.874558 0.872737 0.871853 0.871433 0.871237 0.871141 0.871083 0.871024 0.870931 0.870760 0.870435 0.869832 0.868742 0.866826 0.863556 0.858141 0.849447 0.835926 0.815575 0.785964 0.744372 0.688052 0.614650 0.522738 0.412367 0.285497 0.146126 0.000000 
50.000000 42.767597 35.777834 29.248951 23.354472 18.210105 13.869364 10.327580 7.532454 5.398377 3.821605 2.693862 1.912817 1.388833 1.048194 0.833523 0.702326 0.624536 0.579768 0.554753 0.541174 0.534011 0.530337 0.528504 0.527614 0.527192 0.526996 0.526903 0.526851 0.526807 0.526744 0.526631 0.526420 0.526030 0.525327 0.524097 0.522007 0.518564 0.513064 0.504558 0.491832 0.473434 0.447760 0.413225 0.368508 0.312861 0.246411 0.170378 0.087131 0.000000 
50.000000 42.735851 35.715410 29.157875 23.237534 18.070602 13.710827 10.153519 7.346148 5.202726 3.619054 2.486379 1.701920 1.175649 0.833523 0.617917 0.486148 0.408019 0.363057 0.337933 0.324296 0.317101 0.313412 0.311571 0.310677 0.310254 0.310058 0.309967 0.309920 0.309886 0.309844 0.309772 0.309640 0.309396 0.308959 0.308196 0.306907 0.304792 0.301429 0.296256 0.288557 0.277488 0.262130 0.241587 0.215135 0.182387 0.143462 0.099091 0.050640 0.000000 
50.000000 42.716447 35.677254 29.102206 23.166058 17.985335 13.613928 10.047133 7.232279 5.083148 3.495259 2.359571 1.573028 1.045359 0.702326 0.486148 0.354031 0.275695 0.230615 0.205424 0.191751 0.184538 0.180838 0.178993 0.178097 0.177673 0.177477 0.177387 0.177344 0.177317 0.177288 0.177244 0.177163 0.177016 0.176753 0.176297 0.175528 0.174271 0.172282 0.169236 0.164725 0.158270 0.149358 0.137495 0.122293 0.103554 0.081366 0.056152 0.028680 0.000000 
50.000000 42.704940 35.654626 29.069195 23.123673 17.934772 13.556468 9.984049 7.164759 5.012243 3.421856 2.284382 1.496604 0.968107 0.624536 0.408020 0.275696 0.197238 0.152087 0.126857 0.113162 0.105938 0.102233 0.100385 0.099487 0.099063 0.098867 0.098778 0.098737 0.098714 0.098695 0.098667 0.098620 0.098534 0.098381 0.098117 0.097673 0.096950 0.095811 0.094073 0.091509 0.087858 0.082838 0.076184 0.067691 0.057261 0.044952 0.031000 0.015826 0.000000 
50.000000 42.698317 35.641603 29.050194 23.099278 17.905671 13.523398 9.947742 7.125900 4.971437 3.379613 2.241112 1.452623 0.923650 0.579770 0.363059 0.230616 0.152088 0.106896 0.081644 0.067937 0.060707 0.056998 0.055148 0.054250 0.053826 0.053630 0.053542 0.053501 0.053482 0.053468 0.053451 0.053423 0.053375 0.053289 0.053140 0.052892 0.052489 0.051856 0.050895 0.049481 0.047476 0.044729 0.041102 0.036488 0.030840 0.024191 0.016673 0.008509 0.000000 
50.000000 42.694615 35.634325 29.039576 23.085646 17.889409 13.504919 9.927455 7.104187 4.948636 3.356009 2.216935 1.428049 0.898810 0.554757 0.337938 0.205428 0.126861 0.081647 0.056382 0.042668 0.035434 0.031724 0.029873 0.028975 0.028550 0.028354 0.028266 0.028227 0.028209 0.028198 0.028188 0.028172 0.028145 0.028098 0.028017 0.027883 0.027665 0.027324 0.026807 0.026051 0.024980 0.023519 0.021596 0.019158 0.016180 0.012684 0.008738 0.004458 0.000000 
50.000000 42.692607 35.630376 29.033814 23.078248 17.880585 13.494891 9.916446 7.092404 4.936263 3.343201 2.203815 1.414714 0.885331 0.541185 0.324307 0.191762 0.113173 0.067947 0.042675 0.028958 0.021722 0.018010 0.016159 0.015260 0.014836 0.014640 0.014552 0.014513 0.014496 0.014487 0.014480 0.014471 0.014457 0.014432 0.014389 0.014318 0.014204 0.014025 0.013756 0.013362 0.012806 0.012050 0.011058 0.009803 0.008274 0.006483 0.004464 0.002277 0.000000 
50.000000 42.691549 35.628296 29.030780 23.074351 17.875937 13.489609 9.910648 7.086199 4.929748 3.336456 2.196907 1.407693 0.878234 0.534038 0.317129 0.184565 0.105965 0.060732 0.035457 0.021738 0.014501 0.010789 0.008937 0.008039 0.007614 0.007418 0.007330 0.007292 0.007275 0.007267 0.007262 0.007257 0.007249 0.007237 0.007215 0.007178 0.007120 0.007029 0.006891 0.006692 0.006410 0.006029 0.005529 0.004899 0.004133 0.003236 0.002228 0.001136 0.000000 
50.000000 42.691011 35.627237 29.029235 23.072369 17.873572 13.486922 9.907698 7.083042 4.926433 3.333024 2.193392 1.404120 0.874623 0.530403 0.313477 0.180904 0.102298 0.057062 0.031785 0.018065 0.010827 0.007115 0.005264 0.004365 0.003940 0.003744 0.003657 0.003618 0.003602 0.003594 0.003590 0.003587 0.003583 0.003576 0.003565 0.003547 0.003518 0.003472 0.003403 0.003303 0.003163 0.002974 0.002726 0.002414 0.002035 0.001593 0.001096 0.000559 0.000000 
50.000000 42.690752 35.626729 29.028494 23.071417 17.872437 13.485632 9.906282 7.081526 4.924841 3.331377 2.191704 1.402405 0.872889 0.528657 0.311724 0.179146 0.100537 0.055300 0.030022 0.016301 0.009063 0.005351 0.003499 0.002600 0.002176 0.001980 0.001892 0.001854 0.001838 0.001830 0.001827 0.001825 0.001823 0.001819 0.001813 0.001804 0.001789 0.001765 0.001730 0.001678 0.001606 0.001509 0.001383 0.001224 0.001032 0.000807 0.000555 0.000283 0.000000 
50.000000 42.690649 35.626526 29.028198 23.071037 17.871984 13.485117 9.905717 7.080921 4.924206 3.330720 2.191031 1.401721 0.872197 0.527960 0.311025 0.178445 0.099835 0.054597 0.029319 0.015598 0.008360 0.004648 0.002796 0.001897 0.001472 0.001277 0.001189 0.001151 0.001134 0.001127 0.001124 0.001122 0.001121 0.001119 0.001115 0.001109 0.001099 0.001085 0.001063 0.001031 0.000986 0.000927 0.000849 0.000751 0.000633 0.000495 0.000340 0.000173 0.000000 
50.000000 42.690649 35.626526 29.028198 23.071037 17.871984 13.485117 9.905717 7.080921 4.924206 3.330720 2.191031 1.401721 0.872197 0.527960 0.311025 0.178445 0.099835 0.054597 0.029319 0.015598 0.008360 0.004648 0.002796 0.001897 0.001472 0.001277 0.001189 0.001151 0.001134 0.001127 0.001124 0.001122 0.001121 0.001119 0.001115 0.001109 0.001099 0.001085 0.001063 0.001031 0.000986 0.000927 0.000849 0.000751 0.000633 0.000495 0.000340 0.000173 0.000000 
50.000000 42.690752 35.626729 29.028494 23.071417 17.872437 13.485632 9.906282 7.081526 4.924841 3.331377 2.191704 1.402405 0.872889 0.528657 0.311724 0.179146 0.100537 0.055300 0.030022 0.016301 0.009063 0.005351 0.003499 0.002600 0.002176 0.001980 0.001892 0.001854 0.001838 0.001830 0.001827 0.001825 0.001823 0.001819 0.001813 0.001804 0.001789 0.001765 0.001730 0.001678 0.001606 0.001509 0.001383 0.001224 0.001032 0.000807 0.000555 0.000283 0.000000 
50.000000 42.691011 35.627237 29.029235 23.072369 17.873572 13.486922 9.907698 7.083042 4.926433 3.333024 2.193392 1.404120 0.874623 0.530403 0.313477 0.180904 0.102298 0.057062 0.031785 0.018065 0.010827 0.007115 0.005264 0.004365 0.003940 0.003744 0.003657 0.003618 0.003602 0.003594 0.003590 0.003587 0.003583 0.003576 0.003565 0.003547 0.003518 0.003472 0.003403 0.003303 0.003163 0.002974 0.002726 0.002414 0.002035 0.001593 0.001096 0.000559 0.000000 
50.000000 42.691549 35.628296 29.030780 23.074351 17.875937 13.489609 9.910648 7.086199 4.929748 3.336456 2.196907 1.407693 0.878234 0.534038 0.317129 0.184565 0.105965 0.060732 0.035457 0.021738 0.014501 0.010789 0.008937 0.008039 0.007614 0.007418 0.007330 0.007292 0.007275 0.007267 0.007262 0.007257 0.007249 0.007237 0.007215 0.007178 0.007120 0.007029 0.006891 0.006692 0.006410 0.006029 0.005529 0.004899 0.004133 0.003236 0.002228 0.001136 0.000000 
50.000000 42.692607 35.630376 29.033814 23.078248 17.880585 13.494891 9.916446 7.092404 4.936263 3.343201 2.203815 1.414714 0.885331 0.541185 0.324307 0.191762 0.113173 0.067947 0.042675 0.028958 0.021722 0.018010 0.016159 0.015260 0.014836 0.014640 0.014552 0.014513 0.014496 0.014487 0.014480 0.014471 0.014457 0.014432 0.014389 0.014318 0.014204 0.014025 0.013756 0.013362 0.012806 0.012050 0.011058 0.009803 0.008274 0.006483 0.004464 0.002277 0.000000 
50.000000 42.694615 35.634325 29.039576 23.085646 17.889409 13.504919 9.927455 7.104187 4.948636 3.356009 2.216935 1.428049 0.898810 0.554757 0.337938 0.205428 0.126861 0.081647 0.056382 0.042668 0.035434 0.031724 0.029873 0.028975 0.028550 0.028354 0.028266 0.028227 0.028209 0.028198 0.028188 0.028172 0.028145 0.028098 0.028017 0.027883 0.027665 0.027324 0.026807 0.026051 0.024980 0.023519 0.021596 0.019158 0.016180 0.012684 0.008738 0.004458 0.000000 
50.000000 42.698317 35.641603 29.050194 23.099278 17.905671 13.523398 9.947742 7.125900 4.971437 3.379613 2.241112 1.452623 0.923650 0.579770 0.363059 0.230616 0.152088 0.106896 0.081644 0.067937 0.060707 0.056998 0.055148 0.054250 0.053826 0.053630 0.053542 0.053501 0.053482 0.053468 0.053451 0.053423 0.053375 0.053289 0.053140 0.052892 0.052489 0.051856 0.050895 0.049481 0.047476 0.044729 0.041102 0.036488 0.030840 0.024191 0.016673 0.008509 0.000000 
50.000000 42.704940 35.654626 29.069195 23.123673 17.934772 13.556468 9.984049 7.164759 5.012243 3.421856 2.284382 1.496604 0.968107 0.624536 0.408020 0.275696 0.197238 0.152087 0.126857 0.113162 0.105938 0.102233 0.100385 0.099487 0.099063 0.098867 0.098778 0.098737 0.098714 0.098695 0.098667 0.098620 0.098534 0.098381 0.098117 0.097673 0.096950 0.095811 0.094073 0.091509 0.087858 0.082838 0.076184 0.067691 0.057261 0.044952 0.031000 0.015826 0.000000 
50.000000 42.716447 35.677254 29.102206 23.166058 17.985335 13.613928 10.047133 7.232279 5.083148 3.495259 2.359571 1.573028 1.045359 0.702326 0.486148 0.354031 0.275695 0.230615 0.205424 0.191751 0.184538 0.180838 0.178993 0.178097 0.177673 0.177477 0.177387 0.177344 0.177317 0.177288 0.177244 0.177163 0.177016 0.176753 0.176297 0.175528 0.174271 0.172282 0.169236 0.164725 0.158270 0.149358 0.137495 0.122293 0.103554 0.081366 0.056152 0.028680 0.000000 
50.000000 42.735851 35.715410 29.157875 23.237534 18.070602 13.710827 10.153519 7.346148 5.202726 3.619054 2.486379 1.701920 1.175649 0.833523 0.617917 0.486148 0.408019 0.363057 0.337933 0.324296 0.317101 0.313412 0.311571 0.310677 0.310254 0.310058 0.309967 0.309920 0.309886 0.309844 0.309772 0.309640 0.309396 0.308959 0.308196 0.306907 0.304792 0.301429 0.296256 0.288557 0.277488 0.262130 0.241587 0.215135 0.182387 0.143462 0.099091 0.050640 0.000000 
50.000000 42.767597 35.777834 29.248951 23.354472 18.210105 13.869364 10.327580 7.532454 5.398377 3.821605 2.693862 1.912817 1.388833 1.048194 0.833523 0.702326 0.624536 0.579768 0.554753 0.541174 0.534011 0.530337 0.528504 0.527614 0.527192 0.526996 0.526903 0.526851 0.526807 0.526744 0.526631 0.526420 0.526030 0.525327 0.524097 0.522007 0.518564 0.513064 0.504558 0.491832 0.473434 0.447760 0.413225 0.368508 0.312861 0.246411 0.170378 0.087131 0.000000 
50.000000 42.817964 35.876876 29.393453 23.540009 18.431447 14.120909 10.603760 7.828069 5.708823 4.143003 3.023088 2.247462 1.727112 1.388833 1.175649 1.045359 0.968106 0.923648 0.898805 0.885320 0.878206 0.874558 0.872737 0.871853 0.871433 0.871237 0.871141 0.871083 0.871024 0.870931 0.870760 0.870435 0.869832 0.868742 0.866826 0.863556 0.858141 0.849447 0.835926 0.815575 0.785964 0.744372 0.688052 0.614650 0.522738 0.412367 0.285497 0.146126 0.000000 
50.000000 42.895431 36.029207 29.615705 23.825379 18.771892 14.507814 11.028563 8.282769 6.186342 4.637374 3.529507 2.762221 2.247462 1.912817 1.701920 1.573028 1.496603 1.452621 1.428044 1.414703 1.407666 1.404056 1.402255 1.401379 1.400963 1.400767 1.400667 1.400600 1.400522 1.400388 1.400136 1.399655 1.398758 1.397129 1.394253 1.389321 1.381111 1.367851 1.347098 1.315649 1.269562 1.204334 1.115321 0.998405 0.850907 0.672574 0.466405 0.238978 0.000000 
50.000000 43.010889 36.256245 29.946957 24.250707 19.279312 15.084487 11.661730 8.960508 6.898100 5.374259 4.284357 3.529507 3.023088 2.693862 2.486378 2.359571 2.284382 2.241110 2.216930 2.203805 2.196880 2.193328 2.191556 2.190694 2.190284 2.190088 2.189984 2.189905 2.189801 2.189615 2.189257 2.188572 2.187289 2.184949 2.180798 2.173641 2.161657 2.142179 2.111479 2.064602 1.995338 1.896448 1.760260 1.579716 1.349868 1.069616 0.743278 0.381371 0.000000 
50.000000 43.177579 36.584027 30.425201 24.864779 20.011911 15.917083 12.575901 9.939043 7.925765 6.438214 5.374259 4.637374 4.143003 3.821605 3.619054 3.495259 3.421855 3.379611 3.356005 3.343190 3.336430 3.332962 3.331231 3.330389 3.329987 3.329792 3.329684 3.329591 3.329456 3.329206 3.328720 3.327784 3.326024 3.322798 3.317047 3.307077 3.290276 3.262780 3.219107 3.151848 3.051536 2.906864 2.705477 2.435512 2.087978 1.659736 1.156465 0.594460 0.000000 
50.000000 43.410615 37.042277 31.093804 25.723282 21.036131 17.081116 13.853996 11.307140 9.362565 7.925765 6.898100 6.186342 5.708823 5.398377 5.202726 5.083148 5.012242 4.971436 4.948632 4.936253 4.929723 4.926373 4.924700 4.923886 4.923496 4.923304 4.923190 4.923082 4.922912 4.922590 4.921957 4.920734 4.918423 4.914169 4.906545 4.893248 4.870693 4.833498 4.773917 4.681283 4.541655 4.337920 4.050708 3.660499 3.151225 2.515246 1.758852 0.906351 0.000000 
50.000000 43.725989 37.662439 31.998647 26.885131 22.422265 18.656481 15.583747 13.158715 11.307140 9.939043 8.960508 8.282769 7.828069 7.532454 7.346148 7.232279 7.164758 7.125899 7.104183 7.092394 7.086175 7.082984 7.081391 7.080615 7.080241 7.080054 7.079937 7.079813 7.079608 7.079210 7.078426 7.076902 7.074009 7.068660 7.059020 7.042104 7.013207 6.965170 6.887507 6.765485 6.579357 6.304110 5.910268 5.366464 4.644523 3.727412 2.619258 1.354429 0.000000 
50.000000 44.139019 38.474637 33.183685 28.406769 24.237655 20.719721 17.849204 15.583747 13.853996 12.575901 11.661730 11.028563 10.603760 10.327580 10.153519 10.047133 9.984048 9.947741 9.927451 9.916436 9.910625 9.907644 9.906155 9.905429 9.905078 9.904899 9.904779 9.904642 9.904405 9.903939 9.903015 9.901212 9.897776 9.891390 9.879820 9.859388 9.824228 9.765282 9.669037 9.516076 9.279637 8.924602 8.407664 7.679822 6.692781 5.410816 3.828377 1.989761 0.000000 
50.000000 44.662343 39.503725 34.685183 30.334765 26.537867 23.333993 20.719721 18.656481 17.081116 15.917083 15.084487 14.507814 14.120909 13.869364 13.710827 13.613927 13.556467 13.523397 13.504915 13.494882 13.489589 13.486873 13.485516 13.484854 13.484532 13.484365 13.484246 13.484101 13.483841 13.483326 13.482298 13.480285 13.476433 13.469240 13.456139 13.432857 13.392493 13.324227 13.211606 13.030408 12.746213 12.312057 11.666996 10.737200 9.442320 7.711153 5.510561 2.886534 0.000000 
50.000000 45.303678 40.764878 36.525284 32.697557 29.356831 26.537867 24.237655 22.422265 21.036131 20.011911 19.279312 18.771892 18.431447 18.210105 18.070602 17.985335 17.934772 17.905670 17.889406 17.880577 17.875919 17.873528 17.872334 17.871751 17.871466 17.871315 17.871202 17.871056 17.870789 17.870255 17.869185 17.867082 17.863042 17.855467 17.841597 17.816797 17.773487 17.699595 17.576399 17.375632 17.055801 16.557833 15.800666 14.678416 13.062943 10.819520 7.848245 4.163826 0.000000 
50.000000 46.063707 42.259440 38.705950 35.497665 32.697557 30.334765 28.406769 26.885131 25.723282 24.864779 24.250707 23.825379 23.540009 23.354472 23.237534 23.166058 23.123672 23.099277 23.085643 23.078241 23.074336 23.072332 23.071331 23.070841 23.070601 23.070471 23.070371 23.070234 23.069980 23.069468 23.068439 23.066412 23.062504 23.055146 23.041611 23.017271 22.974472 22.900839 22.776801 22.572057 22.240608 21.713988 20.892445 19.634614 17.748832 14.996302 11.132483 6.039217 0.000000 
50.000000 46.934521 43.971858 41.204489 38.705950 36.525284 34.685183 33.183685 31.998647 31.093804 30.425201 29.946957 29.615705 29.393453 29.248951 29.157875 29.102206 29.069194 29.050194 29.039575 29.033809 29.030768 29.029207 29.028427 29.028045 29.027857 29.027754 29.027671 29.027555 29.027336 29.026894 29.026004 29.024243 29.020841 29.014413 29.002541 28.981086 28.943131 28.877341 28.765464 28.578557 28.271235 27.772869 26.974030 25.705765 23.709649 20.602245 15.864022 8.971346 0.000000 
50.000000 47.899028 45.868520 43.971858 42.259440 40.764878 39.503725 38.474637 37.662439 37.042277 36.584027 36.256245 36.029207 35.876876 35.777834 35.715410 35.677253 35.654626 35.641603 35.634324 35.630372 35.628287 35.627217 35.626683 35.626421 35.626292 35.626220 35.626161 35.626076 35.625915 35.625589 35.624931 35.623627 35.621102 35.616319 35.607456 35.591379 35.562802 35.512967 35.427562 35.283425 35.043181 34.646260 33.993164 32.916633 31.126958 28.107836 22.934260 14.075835 0.000000 
50.000000 48.931597 47.899028 46.934521 46.063707 45.303678 44.662343 44.139019 43.725989 43.410615 43.177579 43.010889 42.895431 42.817964 42.767597 42.735851 42.716447 42.704939 42.698316 42.694615 42.692605 42.691545 42.691000 42.690728 42.690595 42.690529 42.690493 42.690462 42.690417 42.690332 42.690158 42.689808 42.689114 42.687766 42.685211 42.680466 42.671837 42.656453 42.629518 42.583119 42.504265 42.371561 42.149258 41.775809 41.139853 40.024490 37.963176 33.823192 24.465799 0.000000 
50.000000 50.000000 50.000000 50.000000 50.000000 50.000000 50.000000 50.000000 50.000000 50.000000 50.000000 50.000000 50.000000 50.000000 50.000000 50.000000 50.000000 50.000000 50.000000 50.000000 50.000000 50.000000 50.000000 50.000000 50.000000 50.000000 50.000000 50.000000 50.000000 50.000000 50.000000 50.000000 50.000000 50.000000 50.000000 50.000000 50.000000 50.000000 50.000000 50.000000 50.000000 50.000000 50.000000 50.000000 50.000000 50.000000 50.000000 50.000000 50.000000 50.000000 
