50.000000 50.000000 50.000000 50.000000 50.000000 50.000000 50.000000 50.000000 50.000000 50.000000 50.000000 50.000000 50.000000 50.000000 50.000000 50.000000 50.000000 50.000000 50.000000 50.000000 50.000000 50.000000 50.000000 50.000000 50.000000 50.000000 50.000000 50.000000 50.000000 50.000000 50.000000 50.000000 50.000000 50.000000 50.000000 50.000000 50.000000 50.000000 50.000000 50.000000 50.000000 50.000000 50.000000 50.000000 50.000000 50.000000 50.000000 50.000000 50.000000 50.000000 
50.000000 44.027988 39.167131 35.915446 34.100608 33.241530 32.891190 32.766365 32.727029 32.715949 32.713133 32.712483 32.712345 32.712318 32.712314 32.712313 32.712313 32.712313 32.712313 32.712313 32.712313 32.712313 32.712313 32.712313 32.712313 32.712313 32.712313 32.712313 32.712313 32.712313 32.712313 32.712313 32.712313 32.712313 32.712313 32.712313 32.712312 32.712311 32.712302 32.712253 32.712009 32.710872 32.705971 32.686444 32.614535 32.368926 31.583575 29.189140 22.013994 0.000000 
50.000000 39.167131 30.350537 24.453531 21.162950 19.605689 18.970800 18.744659 18.673418 18.653358 18.648262 18.647085 18.646837 18.646788 18.646779 18.646778 18.646778 18.646778 18.646778 18.646778 18.646778 18.646778 18.646778 18.646778 18.646778 18.646778 18.646778 18.646778 18.646778 18.646778 18.646778 18.646778 18.646778 18.646778 18.646778 18.646778 18.646777 18.646775 18.646763 18.646698 18.646372 18.644870 18.638498 18.613689 18.525400 18.239329 17.398871 15.175268 9.977990 0.000000 
50.000000 35.915446 24.453531 16.788612 12.512597 10.489595 9.665107 9.371541 9.279096 9.253076 9.246469 9.244944 9.244622 9.244559 9.244548 9.244546 9.244545 9.244545 9.244545 9.244545 9.244545 9.244545 9.244545 9.244545 9.244545 9.244545 9.244545 9.244545 9.244545 9.244545 9.244545 9.244545 9.244545 9.244545 9.244545 9.244545 9.244545 9.244543 9.244533 9.244480 9.244218 9.243026 9.238051 9.219109 9.153792 8.951426 8.394306 7.054661 4.331872 0.000000 
50.000000 34.100608 21.162950 12.512597 7.687932 5.405982 4.476243 4.145312 4.041137 4.011825 4.004385 4.002669 4.002306 4.002236 4.002223 4.002221 4.002221 4.002220 4.002220 4.002220 4.002220 4.002220 4.002220 4.002220 4.002220 4.002220 4.002220 4.002220 4.002220 4.002220 4.002220 4.002220 4.002220 4.002220 4.002220 4.002220 4.002220 4.002219 4.002213 4.002182 4.002026 4.001328 3.998457 3.987736 3.951714 3.843966 3.561171 2.923620 1.731682 0.000000 
50.000000 33.241530 19.605689 10.489595 5.405982 3.002019 2.022778 1.674309 1.564640 1.533791 1.525963 1.524157 1.523776 1.523702 1.523689 1.523686 1.523686 1.523686 1.523686 1.523686 1.523686 1.523686 1.523686 1.523686 1.523686 1.523686 1.523686 1.523686 1.523686 1.523686 1.523686 1.523686 1.523686 1.523686 1.523686 1.523686 1.523686 1.523685 1.523682 1.523667 1.523594 1.523267 1.521940 1.517063 1.501009 1.454269 1.335803 1.080289 0.626995 0.000000 
50.000000 32.891190 18.970800 9.665107 4.476243 2.022778 1.023498 0.667945 0.556062 0.524594 0.516611 0.514770 0.514381 0.514305 0.514292 0.514290 0.514289 0.514289 0.514289 0.514289 0.514289 0.514289 0.514289 0.514289 0.514289 0.514289 0.514289 0.514289 0.514289 0.514289 0.514289 0.514289 0.514289 0.514289 0.514289 0.514289 0.514289 0.514289 0.514288 0.514282 0.514253 0.514125 0.513612 0.511749 0.505716 0.488507 0.445998 0.357112 0.204746 0.000000 
50.000000 32.766365 18.744659 9.371541 4.145312 1.674309 0.667945 0.309893 0.197232 0.165548 0.157510 0.155657 0.155265 0.155189 0.155175 0.155173 0.155173 0.155173 0.155173 0.155173 0.155173 0.155173 0.155173 0.155173 0.155173 0.155173 0.155173 0.155173 0.155173 0.155173 0.155173 0.155173 0.155173 0.155173 0.155173 0.155173 0.155173 0.155173 0.155172 0.155170 0.155160 0.155118 0.154947 0.154333 0.152369 0.146855 0.133491 0.106161 0.060394 0.000000 
50.000000 32.727029 18.673418 9.279096 4.041137 1.564640 0.556062 0.197232 0.084329 0.052578 0.044523 0.042666 0.042274 0.042197 0.042184 0.042181 0.042181 0.042181 0.042181 0.042181 0.042181 0.042181 0.042181 0.042181 0.042181 0.042181 0.042181 0.042181 0.042181 0.042181 0.042181 0.042181 0.042181 0.042181 0.042181 0.042181 0.042181 0.042181 0.042181 0.042180 0.042177 0.042165 0.042115 0.041937 0.041373 0.039808 0.036070 0.028548 0.016156 0.000000 
50.000000 32.715949 18.653358 9.253076 4.011825 1.533791 0.524594 0.165548 0.052578 0.020808 0.012748 0.010890 0.010497 0.010421 0.010407 0.010405 0.010405 0.010405 0.010405 0.010405 0.010405 0.010405 0.010405 0.010405 0.010405 0.010405 0.010405 0.010405 0.010405 0.010405 0.010405 0.010405 0.010405 0.010405 0.010405 0.010405 0.010405 0.010405 0.010405 0.010405 0.010404 0.010400 0.010387 0.010341 0.010197 0.009798 0.008857 0.006986 0.003939 0.000000 
50.000000 32.713133 18.648262 9.246469 4.004385 1.525963 0.516611 0.157510 0.044523 0.012748 0.004688 0.002829 0.002437 0.002361 0.002347 0.002345 0.002344 0.002344 0.002344 0.002344 0.002344 0.002344 0.002344 0.002344 0.002344 0.002344 0.002344 0.002344 0.002344 0.002344 0.002344 0.002344 0.002344 0.002344 0.002344 0.002344 0.002344 0.002344 0.002344 0.002344 0.002344 0.002343 0.002340 0.002329 0.002296 0.002204 0.001989 0.001565 0.000880 0.000000 
50.000000 32.712483 18.647085 9.244944 4.002669 1.524157 0.514770 0.155657 0.042666 0.010890 0.002829 0.000970 0.000578 0.000502 0.000488 0.000486 0.000485 0.000485 0.000485 0.000485 0.000485 0.000485 0.000485 0.000485 0.000485 0.000485 0.000485 0.000485 0.000485 0.000485 0.000485 0.000485 0.000485 0.000485 0.000485 0.000485 0.000485 0.000485 0.000485 0.000485 0.000485 0.000485 0.000484 0.000482 0.000475 0.000456 0.000411 0.000322 0.000181 0.000000 
50.000000 32.712345 18.646837 9.244622 4.002306 1.523776 0.514381 0.155265 0.042274 0.010497 0.002437 0.000578 0.000185 0.000109 0.000095 0.000093 0.000093 0.000093 0.000093 0.000093 0.000093 0.000093 0.000093 0.000093 0.000093 0.000093 0.000093 0.000093 0.000093 0.000093 0.000093 0.000093 0.000093 0.000093 0.000093 0.000093 0.000093 0.000093 0.000093 0.000093 0.000093 0.000093 0.000093 0.000092 0.000091 0.000087 0.000078 0.000061 0.000034 0.000000 
50.000000 32.712318 18.646788 9.244559 4.002236 1.523702 0.514305 0.155189 0.042197 0.010421 0.002361 0.000502 0.000109 0.000033 0.000019 0.000017 0.000017 0.000016 0.000016 0.000016 0.000016 0.000016 0.000016 0.000016 0.000016 0.000016 0.000016 0.000016 0.000016 0.000016 0.000016 0.000016 0.000016 0.000016 0.000016 0.000016 0.000016 0.000016 0.000016 0.000016 0.000016 0.000016 0.000016 0.000016 0.000016 0.000015 0.000014 0.000011 0.000006 0.000000 
50.000000 32.712314 18.646779 9.244548 4.002223 1.523689 0.514292 0.155175 0.042184 0.010407 0.002347 0.000488 0.000095 0.000019 0.000005 0.000003 0.000003 0.000003 0.000003 0.000003 0.000003 0.000003 0.000003 0.000003 0.000003 0.000003 0.000003 0.000003 0.000003 0.000003 0.000003 0.000003 0.000003 0.000003 0.000003 0.000003 0.000003 0.000003 0.000003 0.000003 0.000003 0.000003 0.000003 0.000003 0.000003 0.000003 0.000002 0.000002 0.000001 0.000000 
50.000000 32.712313 18.646778 9.244546 4.002221 1.523686 0.514290 0.155173 0.042181 0.010405 0.002345 0.000486 0.000093 0.000017 0.000003 0.000001 0.000000 0.000000 0.000000 0.000000 0.000000 0.000000 0.000000 0.000000 0.000000 0.000000 0.000000 0.000000 0.000000 0.000000 0.000000 0.000000 0.000000 0.000000 0.000000 0.000000 0.000000 0.000000 0.000000 0.000000 0.000000 0.000000 0.000000 0.000000 0.000000 0.000000 0.000000 0.000000 0.000000 0.000000 
50.000000 32.712313 18.646778 9.244545 4.002221 1.523686 0.514289 0.155173 0.042181 0.010405 0.002344 0.000485 0.000093 0.000017 0.000003 0.000000 0.000000 0.000000 0.000000 0.000000 0.000000 0.000000 0.000000 0.000000 0.000000 0.000000 0.000000 0.000000 0.000000 0.000000 0.000000 0.000000 0.000000 0.000000 0.000000 0.000000 0.000000 0.000000 0.000000 0.000000 0.000000 0.000000 0.000000 0.000000 0.000000 0.000000 0.000000 0.000000 0.000000 0.000000 
50.000000 32.712313 18.646778 9.244545 4.002220 1.523686 0.514289 0.155173 0.042181 0.010405 0.002344 0.000485 0.000093 0.000016 0.000003 0.000000 0.000000 0.000000 0.000000 0.000000 0.000000 0.000000 0.000000 0.000000 0.000000 0.000000 0.000000 0.000000 0.000000 0.000000 0.000000 0.000000 0.000000 0.000000 0.000000 0.000000 0.000000 0.000000 0.000000 0.000000 0.000000 0.000000 0.000000 0.000000 0.000000 0.000000 0.000000 0.000000 0.000000 0.000000 
50.000000 32.712313 18.646778 9.244545 4.002220 1.523686 0.514289 0.155173 0.042181 0.010405 0.002344 0.000485 0.000093 0.000016 0.000003 0.000000 0.000000 0.000000 0.000000 0.000000 0.000000 0.000000 0.000000 0.000000 0.000000 0.000000 0.000000 0.000000 0.000000 0.000000 0.000000 0.000000 0.000000 0.000000 0.000000 0.000000 0.000000 0.000000 0.000000 0.000000 0.000000 0.000000 0.000000 0.000000 0.000000 0.000000 0.000000 0.000000 0.000000 0.000000 
50.000000 32.712313 18.646778 9.244545 4.002220 1.523686 0.514289 0.155173 0.042181 0.010405 0.002344 0.000485 0.000093 0.000016 0.000003 0.000000 0.000000 0.000000 0.000000 0.000000 0.000000 0.000000 0.000000 0.000000 0.000000 0.000000 0.000000 0.000000 0.000000 0.000000 0.000000 0.000000 0.000000 0.000000 0.000000 0.000000 0.000000 0.000000 0.000000 0.000000 0.000000 0.000000 0.000000 0.000000 0.000000 0.000000 0.000000 0.000000 0.000000 0.000000 
50.000000 32.712313 18.646778 9.244545 4.002220 1.523686 0.514289 0.155173 0.042181 0.010405 0.002344 0.000485 0.000093 0.000016 0.000003 0.000000 0.000000 0.000000 0.000000 0.000000 0.000000 0.000000 0.000000 0.000000 0.000000 0.000000 0.000000 0.000000 0.000000 0.000000 0.000000 0.000000 0.000000 0.000000 0.000000 0.000000 0.000000 0.000000 0.000000 0.000000 0.000000 0.000000 0.000000 0.000000 0.000000 0.000000 0.000000 0.000000 0.000000 0.000000 
50.000000 32.712313 18.646778 9.244545 4.002220 1.523686 0.514289 0.155173 0.042181 0.010405 0.002344 0.000485 0.000093 0.000016 0.000003 0.000000 0.000000 0.000000 0.000000 0.000000 0.000000 0.000000 0.000000 0.000000 0.000000 0.000000 0.000000 0.000000 0.000000 0.000000 0.000000 0.000000 0.000000 0.000000 0.000000 0.000000 0.000000 0.000000 0.000000 0.000000 0.000000 0.000000 0.000000 0.000000 0.000000 0.000000 0.000000 0.000000 0.000000 0.000000 
50.000000 32.712313 18.646778 9.244545 4.002220 1.523686 0.514289 0.155173 0.042181 0.010405 0.002344 0.000485 0.000093 0.000016 0.000003 0.000000 0.000000 0.000000 0.000000 0.000000 0.000000 0.000000 0.000000 0.000000 0.000000 0.000000 0.000000 0.000000 0.000000 0.000000 0.000000 0.000000 0.000000 0.000000 0.000000 0.000000 0.000000 0.000000 0.000000 0.000000 0.000000 0.000000 0.000000 0.000000 0.000000 0.000000 0.000000 0.000000 0.000000 0.000000 
50.000000 32.712313 18.646778 9.244545 4.002220 1.523686 0.514289 0.155173 0.042181 0.010405 0.002344 0.000485 0.000093 0.000016 0.000003 0.000000 0.000000 0.000000 0.000000 0.000000 0.000000 0.000000 0.000000 0.000000 0.000000 0.000000 0.000000 0.000000 0.000000 0.000000 0.000000 0.000000 0.000000 0.000000 0.000000 0.000000 0.000000 0.000000 0.000000 0.000000 0.000000 0.000000 0.000000 0.000000 0.000000 0.000000 0.000000 0.000000 0.000000 0.000000 
50.000000 32.712313 18.646778 9.244545 4.002220 1.523686 0.514289 0.155173 0.042181 0.010405 0.002344 0.000485 0.000093 0.000016 0.000003 0.000000 0.000000 0.000000 0.000000 0.000000 0.000000 0.000000 0.000000 0.000000 0.000000 0.000000 0.000000 0.000000 0.000000 0.000000 0.000000 0.000000 0.000000 0.000000 0.000000 0.000000 0.000000 0.000000 0.000000 0.000000 0.000000 0.000000 0.000000 0.000000 0.000000 0.000000 0.000000 0.000000 0.000000 0.000000 
50.000000 32.712313 18.646778 9.244545 4.002220 1.523686 0.514289 0.155173 0.042181 0.010405 0.002344 0.000485 0.000093 0.000016 0.000003 0.000000 0.000000 0.000000 0.000000 0.000000 0.000000 0.000000 0.000000 0.000000 0.000000 0.000000 0.000000 0.000000 0.000000 0.000000 0.000000 0.000000 0.000000 0.000000 0.000000 0.000000 0.000000 0.000000 0.000000 0.000000 0.000000 0.000000 0.000000 0.000000 0.000000 0.000000 0.000000 0.000000 0.000000 0.000000 
50.000000 32.712313 18.646778 9.244545 4.002220 1.523686 0.514289 0.155173 0.042181 0.010405 0.002344 0.000485 0.000093 0.000016 0.000003 0.000000 0.000000 0.000000 0.000000 0.000000 0.000000 0.000000 0.000000 0.000000 0.000000 0.000000 0.000000 0.000000 0.000000 0.000000 0.000000 0.000000 0.000000 0.000000 0.000000 0.000000 0.000000 0.000000 0.000000 0.000000 0.000000 0.000000 0.000000 0.000000 0.000000 0.000000 0.000000 0.000000 0.000000 0.000000 
50.000000 32.712313 18.646778 9.244545 4.002220 1.523686 0.514289 0.155173 0.042181 0.010405 0.002344 0.000485 0.000093 0.000016 0.000003 0.000000 0.000000 0.000000 0.000000 0.000000 0.000000 0.000000 0.000000 0.000000 0.000000 0.000000 0.000000 0.000000 0.000000 0.000000 0.000000 0.000000 0.000000 0.000000 0.000000 0.000000 0.000000 0.000000 0.000000 0.000000 0.000000 0.000000 0.000000 0.000000 0.000000 0.000000 0.000000 0.000000 0.000000 0.000000 
50.000000 32.712313 18.646778 9.244545 4.002220 1.523686 0.514289 0.155173 0.042181 0.010405 0.002344 0.000485 0.000093 0.000016 0.000003 0.000000 0.000000 0.000000 0.000000 0.000000 0.000000 0.000000 0.000000 0.000000 0.000000 0.000000 0.000000 0.000000 0.000000 0.000000 0.000000 0.000000 0.000000 0.000000 0.000000 0.000000 0.000000 0.000000 0.000000 0.000000 0.000000 0.000000 0.000000 0.000000 0.000000 0.000000 0.000000 0.000000 0.000000 0.000000 
50.000000 32.712313 18.646778 9.244545 4.002220 1.523686 0.514289 0.155173 0.042181 0.010405 0.002344 0.000485 0.000093 0.000016 0.000003 0.000000 0.000000 0.000000 0.000000 0.000000 0.000000 0.000000 0.000000 0.000000 0.000000 0.000000 0.000000 0.000000 0.000000 0.000000 0.000000 0.000000 0.000000 0.000000 0.000000 0.000000 0.000000 0.000000 0.000000 0.000000 0.000000 0.000000 0.000000 0.000000 0.000000 0.000000 0.000000 0.000000 0.000000 0.000000 
50.000000 32.712313 18.646778 9.244545 4.002220 1.523686 0.514289 0.155173 0.042181 0.010405 0.002344 0.000485 0.000093 0.000016 0.000003 0.000000 0.000000 0.000000 0.000000 0.000000 0.000000 0.000000 0.000000 0.000000 0.000000 0.000000 0.000000 0.000000 0.000000 0.000000 0.000000 0.000000 0.000000 0.000000 0.000000 0.000000 0.000000 0.000000 0.000000 0.000000 0.000000 0.000000 0.000000 0.000000 0.000000 0.000000 0.000000 0.000000 0.000000 0.000000 
50.000000 32.712313 18.646778 9.244545 4.002220 1.523686 0.514289 0.155173 0.042181 0.010405 0.002344 0.000485 0.000093 0.000016 0.000003 0.000000 0.000000 0.000000 0.000000 0.000000 0.000000 0.000000 0.000000 0.000000 0.000000 0.000000 0.000000 0.000000 0.000000 0.000000 0.000000 0.000000 0.000000 0.000000 0.000000 0.000000 0.000000 0.000000 0.000000 0.000000 0.000000 0.000000 0.000000 0.000000 0.000000 0.000000 0.000000 0.000000 0.000000 0.000000 
50.000000 32.712313 18.646778 9.244545 4.002220 1.523686 0.514289 0.155173 0.042181 0.010405 0.002344 0.000485 0.000093 0.000016 0.000003 0.000000 0.000000 0.000000 0.000000 0.000000 0.000000 0.000000 0.000000 0.000000 0.000000 0.000000 0.000000 0.000000 0.000000 0.000000 0.000000 0.000000 0.000000 0.000000 0.000000 0.000000 0.000000 0.000000 0.000000 0.000000 0.000000 0.000000 0.000000 0.000000 0.000000 0.000000 0.000000 0.000000 0.000000 0.000000 
50.000000 32.712313 18.646778 9.244545 4.002221 1.523686 0.514289 0.155173 0.042181 0.010405 0.002344 0.000485 0.000093 0.000017 0.000003 0.000000 0.000000 0.000000 0.000000 0.000000 0.000000 0.000000 0.000000 0.000000 0.000000 0.000000 0.000000 0.000000 0.000000 0.000000 0.000000 0.000000 0.000000 0.000000 0.000000 0.000000 0.000000 0.000000 0.000000 0.000000 0.000000 0.000000 0.000000 0.000000 0.000000 0.000000 0.000000 0.000000 0.000000 0.000000 
50.000000 32.712313 18.646778 9.244546 4.002221 1.523686 0.514290 0.155173 0.042181 0.010405 0.002345 0.000486 0.000093 0.000017 0.000003 0.000001 0.000000 0.000000 0.000000 0.000000 0.000000 0.000000 0.000000 0.000000 0.000000 0.000000 0.000000 0.000000 0.000000 0.000000 0.000000 0.000000 0.000000 0.000000 0.000000 0.000000 0.000000 0.000000 0.000000 0.000000 0.000000 0.000000 0.000000 0.000000 0.000000 0.000000 0.000000 0.000000 0.000000 0.000000 
50.000000 32.712314 18.646779 9.244548 4.002223 1.523689 0.514292 0.155175 0.042184 0.010407 0.002347 0.000488 0.000095 0.000019 0.000005 0.000003 0.000003 0.000003 0.000003 0.000003 0.000003 0.000003 0.000003 0.000003 0.000003 0.000003 0.000003 0.000003 0.000003 0.000003 0.000003 0.000003 0.000003 0.000003 0.000003 0.000003 0.000003 0.000003 0.000003 0.000003 0.000003 0.000003 0.000003 0.000003 0.000003 0.000003 0.000002 0.000002 0.000001 0.000000 
50.000000 32.712318 18.646788 9.244559 4.002236 1.523702 0.514305 0.155189 0.042197 0.010421 0.002361 0.000502 0.000109 0.000033 0.000019 0.000017 0.000017 0.000016 0.000016 0.000016 0.000016 0.000016 0.000016 0.000016 0.000016 0.000016 0.000016 0.000016 0.000016 0.000016 0.000016 0.000016 0.000016 0.000016 0.000016 0.000016 0.000016 0.000016 0.000016 0.000016 0.000016 0.000016 0.000016 0.000016 0.000016 0.000015 0.000014 0.000011 0.000006 0.000000 
50.000000 32.712345 18.646837 9.244622 4.002306 1.523776 0.514381 0.155265 0.042274 0.010497 0.002437 0.000578 0.000185 0.000109 0.000095 0.000093 0.000093 0.000093 0.000093 0.000093 0.000093 0.000093 0.000093 0.000093 0.000093 0.000093 0.000093 0.000093 0.000093 0.000093 0.000093 0.000093 0.000093 0.000093 0.000093 0.000093 0.000093 0.000093 0.000093 0.000093 0.000093 0.000093 0.000093 0.000092 0.000091 0.000087 0.000078 0.000061 0.000034 0.000000 
50.000000 32.712483 18.647085 9.244944 4.002669 1.524157 0.514770 0.155657 0.042666 0.010890 0.002829 0.000970 0.000578 0.000502 0.000488 0.000486 0.000485 0.000485 0.000485 0.000485 0.000485 0.000485 0.000485 0.000485 0.000485 0.000485 0.000485 0.000485 0.000485 0.000485 0.000485 0.000485 0.000485 0.000485 0.000485 0.000485 0.000485 0.000485 0.000485 0.000485 0.000485 0.000485 0.000484 0.000482 0.000475 0.000456 0.000411 0.000322 0.000181 0.000000 
50.000000 32.713133 18.648262 9.246469 4.004385 1.525963 0.516611 0.157510 0.044523 0.012748 0.004688 0.002829 0.002437 0.002361 0.002347 0.002345 0.002344 0.002344 0.002344 0.002344 0.002344 0.002344 0.002344 0.002344 0.002344 0.002344 0.002344 0.002344 0.002344 0.002344 0.002344 0.002344 0.002344 0.002344 0.002344 0.002344 0.002344 0.002344 0.002344 0.002344 0.002344 0.002343 0.002340 0.002329 0.002296 0.002204 0.001989 0.001565 0.000880 0.000000 
50.000000 32.715949 18.653358 9.253076 4.011825 1.533791 0.524594 0.165548 0.052578 0.020808 0.012748 0.010890 0.010497 0.010421 0.010407 0.010405 0.010405 0.010405 0.010405 0.010405 0.010405 0.010405 0.010405 0.010405 0.010405 0.010405 0.010405 0.010405 0.010405 0.010405 0.010405 0.010405 0.010405 0.010405 0.010405 0.010405 0.010405 0.010405 0.010405 0.010405 0.010404 0.010400 0.010387 0.010341 0.010197 0.009798 0.008857 0.006986 0.003939 0.000000 
50.000000 32.727029 18.673418 9.279096 4.041137 1.564640 0.556062 0.197232 0.084329 0.052578 0.044523 0.042666 0.042274 0.042197 0.042184 0.042181 0.042181 0.042181 0.042181 0.042181 0.042181 0.042181 0.042181 0.042181 0.042181 0.042181 0.042181 0.042181 0.042181 0.042181 0.042181 0.042181 0.042181 0.042181 0.042181 0.042181 0.042181 0.042181 0.042181 0.042180 0.042177 0.042165 0.042115 0.041937 0.041373 0.039808 0.036070 0.028548 0.016156 0.000000 
50.000000 32.766365 18.744659 9.371541 4.145312 1.674309 0.667945 0.309893 0.197232 0.165548 0.157510 0.155657 0.155265 0.155189 0.155175 0.155173 0.155173 0.155173 0.155173 0.155173 0.155173 0.155173 0.155173 0.155173 0.155173 0.155173 0.155173 0.155173 0.155173 0.155173 0.155173 0.155173 0.155173 0.155173 0.155173 0.155173 0.155173 0.155173 0.155172 0.155170 0.155160 0.155118 0.154947 0.154333 0.152369 0.146855 0.133491 0.106161 0.060394 0.000000 
50.000000 32.891190 18.970800 9.665107 4.476243 2.022778 1.023498 0.667945 0.556062 0.524594 0.516611 0.514770 0.514381 0.514305 0.514292 0.514290 0.514289 0.514289 0.514289 0.514289 0.514289 0.514289 0.514289 0.514289 0.514289 0.514289 0.514289 0.514289 0.514289 0.514289 0.514289 0.514289 0.514289 0.514289 0.514289 0.514289 0.514289 0.514289 0.514288 0.514282 0.514253 0.514125 0.513612 0.511749 0.505716 0.488507 0.445998 0.357112 0.204746 0.000000 
50.000000 33.241530 19.605689 10.489595 5.405982 3.002019 2.022778 1.674309 1.564640 1.533791 1.525963 1.524157 1.523776 1.523702 1.523689 1.523686 1.523686 1.523686 1.523686 1.523686 1.523686 1.523686 1.523686 1.523686 1.523686 1.523686 1.523686 1.523686 1.523686 1.523686 1.523686 1.523686 1.523686 1.523686 1.523686 1.523686 1.523686 1.523685 1.523682 1.523667 1.523594 1.523267 1.521940 1.517063 1.501009 1.454269 1.335803 1.080289 0.626995 0.000000 
50.000000 34.100608 21.162950 12.512597 7.687932 5.405982 4.476243 4.145312 4.041137 4.011825 4.004385 4.002669 4.002306 4.002236 4.002223 4.002221 4.002221 4.002220 4.002220 4.002220 4.002220 4.002220 4.002220 4.002220 4.002220 4.002220 4.002220 4.002220 4.002220 4.002220 4.002220 4.002220 4.002220 4.002220 4.002220 4.002220 4.002220 4.002219 4.002213 4.002182 4.002026 4.001328 3.998457 3.987736 3.951714 3.843966 3.561171 2.923620 1.731682 0.000000 
50.000000 35.915446 24.453531 16.788612 12.512597 10.489595 9.665107 9.371541 9.279096 9.253076 9.246469 9.244944 9.244622 9.244559 9.244548 9.244546 9.244545 9.244545 9.244545 9.244545 9.244545 9.244545 9.244545 9.244545 9.244545 9.244545 9.244545 9.244545 9.244545 9.244545 9.244545 9.244545 9.244545 9.244545 9.244545 9.244545 9.244545 9.244543 9.244533 9.244480 9.244218 9.243026 9.238051 9.219109 9.153792 8.951426 8.394306 7.054661 4.331872 0.000000 
50.000000 39.167131 30.350537 24.453531 21.162950 19.605689 18.970800 18.744659 18.673418 18.653358 18.648262 18.647085 18.646837 18.646788 18.646779 18.646778 18.646778 18.646778 18.646778 18.646778 18.646778 18.646778 18.646778 18.646778 18.646778 18.646778 18.646778 18.646778 18.646778 18.646778 18.646778 18.646778 18.646778 18.646778 18.646778 18.646778 18.646777 18.646775 18.646763 18.646698 18.646372 18.644870 18.638498 18.613689 18.525400 18.239329 17.398871 15.175268 9.977990 0.000000 
50.000000 44.027988 39.167131 35.915446 34.100608 33.241530 32.891190 32.766365 32.727029 32.715949 32.713133 32.712483 32.712345 32.712318 32.712314 32.712313 32.712313 32.712313 32.712313 32.712313 32.712313 32.712313 32.712313 32.712313 32.712313 32.712313 32.712313 32.712313 32.712313 32.712313 32.712313 32.712313 32.712313 32.712313 32.712313 32.712313 32.712312 32.712311 32.712302 32.712253 32.712009 32.710872 32.705971 32.686444 32.614535 32.368926 31.583575 29.189140 22.013994 0.000000 
50.000000 50.000000 50.000000 50.000000 50.000000 50.000000 50.000000 50.000000 50.000000 50.000000 50.000000 50.000000 50.000000 50.000000 50.000000 50.000000 50.000000 50.000000 50.000000 50.000000 50.000000 50.000000 50.000000 50.000000 50.000000 50.000000 50.000000 50.000000 50.000000 50.000000 50.000000 50.000000 50.000000 50.000000 50.000000 50.000000 50.000000 50.000000 50.000000 50.000000 50.000000 50.000000 50.000000 50.000000 50.000000 50.000000 50.000000 50.000000 50.000000 50.000000 
