50.000000 50.000000 50.000000 50.000000 50.000000 50.000000 50.000000 50.000000 50.000000 50.000000 50.000000 50.000000 50.000000 50.000000 50.000000 50.000000 50.000000 50.000000 50.000000 50.000000 50.000000 50.000000 50.000000 50.000000 50.000000 50.000000 50.000000 50.000000 50.000000 50.000000 50.000000 50.000000 50.000000 50.000000 50.000000 50.000000 50.000000 50.000000 50.000000 50.000000 50.000000 50.000000 50.000000 50.000000 50.000000 50.000000 50.000000 50.000000 50.000000 50.000000 
50.000000 48.788475 47.623021 46.544457 45.584098 44.761229 44.082597 43.543756 43.131707 42.828142 42.612594 42.465019 42.367552 42.305424 42.267183 42.244443 42.231371 42.224104 42.220194 42.218157 42.217129 42.216626 42.216387 42.216277 42.216228 42.216205 42.216194 42.216183 42.216166 42.216130 42.216051 42.215877 42.215509 42.214746 42.213204 42.210166 42.204319 42.193323 42.173089 42.136586 42.071861 41.958649 41.762322 41.422296 40.827852 39.762243 37.758456 33.682630 24.394237 0.000000 
50.000000 47.623021 45.336432 43.220323 41.336132 39.721694 38.390248 37.333068 36.524653 35.929078 35.506189 35.216660 35.025439 34.903551 34.828528 34.783914 34.758269 34.744012 34.736341 34.732345 34.730328 34.729342 34.728874 34.728658 34.728561 34.728517 34.728494 34.728474 34.728443 34.728375 34.728226 34.727903 34.727217 34.725797 34.722934 34.717301 34.706489 34.686219 34.649068 34.582397 34.465002 34.261653 33.913898 33.324063 32.326105 30.630600 27.720362 22.668216 13.940391 0.000000 
50.000000 46.544457 43.220323 40.144029 37.404894 35.057920 33.122351 31.585501 30.410294 29.544503 28.929751 28.508867 28.230896 28.053712 27.944655 27.879804 27.842526 27.821802 27.810652 27.804844 27.801913 27.800479 27.799798 27.799485 27.799343 27.799280 27.799247 27.799220 27.799177 27.799087 27.798888 27.798456 27.797541 27.795652 27.791852 27.784400 27.770151 27.743566 27.695136 27.608896 27.458588 27.201757 26.770674 26.058408 24.897667 23.030418 20.072014 15.499961 8.786000 0.000000 
50.000000 45.584098 41.336132 37.404894 33.904529 30.905324 28.431869 26.467950 24.966181 23.859818 23.074256 22.536435 22.181238 21.954832 21.815480 21.732615 21.684984 21.658503 21.644257 21.636836 21.633091 21.631259 21.630390 21.629989 21.629809 21.629728 21.629687 21.629655 21.629605 21.629502 21.629275 21.628785 21.627749 21.625617 21.621342 21.612993 21.597106 21.567644 21.514373 21.420405 21.258588 20.986358 20.538650 19.818641 18.686914 16.952265 14.374476 10.705532 5.821855 0.000000 
50.000000 44.761229 39.721694 35.057920 30.905324 27.347289 24.412987 22.083174 20.301631 18.989170 18.057283 17.419291 16.997942 16.729375 16.564077 16.465784 16.409286 16.377877 16.360979 16.352177 16.347735 16.345562 16.344531 16.344056 16.343843 16.343747 16.343700 16.343665 16.343613 16.343507 16.343276 16.342777 16.341726 16.339570 16.335265 16.326895 16.311060 16.281894 16.229596 16.138286 15.983038 15.726000 15.311704 14.662192 13.673644 12.218410 10.160253 7.395588 3.933377 0.000000 
50.000000 44.082597 38.390248 33.122351 28.431869 24.412987 21.098649 18.467115 16.454875 14.972478 13.919943 13.199364 12.723480 12.420157 12.233470 12.122462 12.058655 12.023184 12.004102 11.994162 11.989146 11.986692 11.985528 11.984992 11.984751 11.984644 11.984592 11.984556 11.984506 11.984406 11.984189 11.983722 11.982743 11.980741 11.976760 11.969061 11.954583 11.928109 11.881048 11.799738 11.663235 11.440694 11.088689 10.549325 9.750795 8.613228 7.063943 5.066184 2.660301 0.000000 
50.000000 43.543756 37.333068 31.585501 26.467950 22.083174 18.467115 15.596045 13.400664 11.783367 10.635067 9.848936 9.329769 8.998864 8.795204 8.674105 8.604501 8.565807 8.544991 8.534149 8.528678 8.526002 8.524732 8.524147 8.523885 8.523768 8.523714 8.523678 8.523633 8.523544 8.523355 8.522948 8.522097 8.520366 8.516939 8.510346 8.498026 8.475661 8.436248 8.368844 8.257051 8.077397 7.798023 7.378426 6.771470 5.929299 4.814827 3.419170 1.781434 0.000000 
50.000000 43.131707 36.524653 30.410294 24.966181 20.301631 16.454875 13.400664 11.065266 9.344842 8.123335 7.287099 6.734850 6.382865 6.166235 6.037427 5.963392 5.922237 5.900098 5.888566 5.882747 5.879901 5.878550 5.877928 5.877650 5.877527 5.877470 5.877436 5.877397 5.877323 5.877167 5.876834 5.876140 5.874733 5.871961 5.866658 5.856807 5.839055 5.808030 5.755485 5.669313 5.532633 5.323267 5.014181 4.575631 3.979823 3.208537 2.263000 1.173058 0.000000 
50.000000 42.828142 35.929078 29.544503 23.859818 18.989170 14.972478 11.783367 9.344842 7.548465 6.273046 5.399914 4.823307 4.455802 4.229625 4.095142 4.017847 3.974880 3.951766 3.939727 3.933653 3.930681 3.929272 3.928623 3.928332 3.928204 3.928147 3.928114 3.928082 3.928024 3.927902 3.927644 3.927109 3.926028 3.923908 3.919874 3.912427 3.899097 3.875986 3.837195 3.774232 3.675529 3.526316 3.309243 3.006132 2.601230 2.085915 1.464076 0.756281 0.000000 
50.000000 42.612594 35.506189 28.929751 23.074256 18.057283 13.919943 10.635067 8.123335 6.273046 4.959365 4.060048 3.466156 3.087640 2.854688 2.716180 2.636572 2.592321 2.568516 2.556118 2.549862 2.546802 2.545350 2.544682 2.544383 2.544252 2.544194 2.544164 2.544137 2.544093 2.544003 2.543813 2.543421 2.542632 2.541093 2.538178 2.532828 2.523314 2.506939 2.479682 2.435852 2.367850 2.266223 2.120206 1.918997 1.653851 1.320855 0.923793 0.476008 0.000000 
50.000000 42.465019 35.216660 28.508867 22.536435 17.419291 13.199364 9.848936 7.287099 5.399914 4.060048 3.142814 2.537097 2.151047 1.913463 1.772201 1.691012 1.645882 1.621606 1.608962 1.602582 1.599461 1.597981 1.597299 1.596994 1.596861 1.596803 1.596775 1.596753 1.596721 1.596657 1.596524 1.596251 1.595702 1.594637 1.592628 1.588962 1.582483 1.571407 1.553109 1.523928 1.479068 1.412688 1.318316 1.189695 1.022062 0.813731 0.567591 0.291930 0.000000 
50.000000 42.367552 35.025439 28.230896 22.181238 16.997942 12.723480 9.329769 6.734850 4.823307 3.466156 2.537097 1.923575 1.532555 1.291913 1.148835 1.066603 1.020894 0.996306 0.983500 0.977039 0.973878 0.972379 0.971689 0.971380 0.971246 0.971188 0.971161 0.971143 0.971120 0.971077 0.970988 0.970805 0.970441 0.969735 0.968413 0.966010 0.961787 0.954613 0.942842 0.924210 0.895795 0.854108 0.795372 0.716049 0.613594 0.487330 0.339220 0.174229 0.000000 
50.000000 42.305424 34.903551 28.053712 21.954832 16.729375 12.420157 8.998864 6.382865 4.455802 3.087640 2.151047 1.532555 1.138369 0.895781 0.751547 0.668651 0.622573 0.597787 0.584878 0.578365 0.575179 0.573668 0.572972 0.572661 0.572526 0.572468 0.572442 0.572427 0.572411 0.572383 0.572325 0.572209 0.571977 0.571530 0.570694 0.569185 0.566545 0.562085 0.554812 0.543376 0.526058 0.500838 0.465575 0.418316 0.357726 0.283562 0.197062 0.101105 0.000000 
50.000000 42.267183 34.828528 27.944655 21.815480 16.564077 12.233470 8.795204 6.166235 4.229625 2.854688 1.913463 1.291913 0.895781 0.651996 0.507051 0.423748 0.377443 0.352536 0.339563 0.333018 0.329817 0.328298 0.327599 0.327286 0.327151 0.327093 0.327068 0.327055 0.327044 0.327026 0.326990 0.326919 0.326777 0.326505 0.325998 0.325087 0.323500 0.320834 0.316510 0.309751 0.299578 0.284857 0.264409 0.237181 0.202487 0.160255 0.111226 0.057018 0.000000 
50.000000 42.244443 34.783914 27.879804 21.732615 16.465784 12.122462 8.674105 6.037427 4.095142 2.716180 1.772201 1.148835 0.751547 0.507051 0.361684 0.278139 0.231700 0.206720 0.193710 0.187146 0.183935 0.182412 0.181711 0.181398 0.181261 0.181204 0.181179 0.181168 0.181160 0.181148 0.181127 0.181085 0.181002 0.180842 0.180547 0.180017 0.179100 0.177564 0.175087 0.171233 0.165466 0.157167 0.145702 0.130519 0.111273 0.087953 0.060980 0.031239 0.000000 
50.000000 42.231371 34.758269 27.842526 21.684984 16.409286 12.058655 8.604501 5.963393 4.017847 2.636572 1.691012 1.066603 0.668651 0.423748 0.278139 0.194454 0.147938 0.122916 0.109885 0.103310 0.100094 0.098569 0.097866 0.097552 0.097416 0.097358 0.097334 0.097324 0.097317 0.097310 0.097298 0.097274 0.097227 0.097137 0.096971 0.096675 0.096163 0.095310 0.093940 0.091819 0.088659 0.084135 0.077915 0.069715 0.059367 0.046875 0.032472 0.016625 0.000000 
50.000000 42.224104 34.744012 27.821802 21.658503 16.377877 12.023184 8.565807 5.922237 3.974880 2.592321 1.645882 1.020894 0.622573 0.377443 0.231700 0.147938 0.101379 0.076334 0.063291 0.056710 0.053491 0.051964 0.051261 0.050947 0.050811 0.050753 0.050729 0.050719 0.050714 0.050710 0.050703 0.050689 0.050664 0.050615 0.050525 0.050365 0.050089 0.049632 0.048900 0.047771 0.046097 0.043710 0.040441 0.036150 0.030754 0.024261 0.016795 0.008595 0.000000 
50.000000 42.220194 34.736341 27.810652 21.644257 16.360979 12.004102 8.544992 5.900098 3.951766 2.568517 1.621606 0.996306 0.597788 0.352536 0.206720 0.122917 0.076335 0.051278 0.038228 0.031644 0.028424 0.026896 0.026193 0.025879 0.025742 0.025684 0.025661 0.025651 0.025646 0.025643 0.025639 0.025632 0.025619 0.025593 0.025546 0.025462 0.025319 0.025082 0.024704 0.024123 0.023264 0.022044 0.020380 0.018202 0.015472 0.012197 0.008438 0.004317 0.000000 
50.000000 42.218157 34.732345 27.804844 21.636837 16.352178 11.994162 8.534150 5.888567 3.939728 2.556119 1.608962 0.983501 0.584879 0.339564 0.193711 0.109886 0.063292 0.038229 0.025176 0.018590 0.015368 0.013840 0.013137 0.012823 0.012686 0.012629 0.012605 0.012595 0.012591 0.012589 0.012587 0.012583 0.012576 0.012563 0.012539 0.012497 0.012425 0.012306 0.012117 0.011827 0.011400 0.010796 0.009974 0.008902 0.007562 0.005957 0.004119 0.002107 0.000000 
50.000000 42.217129 34.730329 27.801914 21.633092 16.347737 11.989148 8.528680 5.882749 3.933655 2.549864 1.602584 0.977041 0.578367 0.333020 0.187148 0.103312 0.056712 0.031646 0.018591 0.012004 0.008782 0.007254 0.006551 0.006236 0.006100 0.006042 0.006019 0.006009 0.006005 0.006003 0.006002 0.006000 0.005997 0.005990 0.005979 0.005958 0.005923 0.005865 0.005773 0.005633 0.005428 0.005137 0.004743 0.004231 0.003592 0.002828 0.001955 0.000999 0.000000 
50.000000 42.216627 34.729344 27.800481 21.631262 16.345566 11.986697 8.526007 5.879906 3.930687 2.546808 1.599467 0.973884 0.575185 0.329822 0.183941 0.100100 0.053497 0.028429 0.015373 0.008786 0.005564 0.004036 0.003333 0.003018 0.002882 0.002824 0.002800 0.002791 0.002787 0.002786 0.002785 0.002784 0.002782 0.002779 0.002773 0.002764 0.002747 0.002720 0.002676 0.002611 0.002514 0.002379 0.002195 0.001957 0.001660 0.001307 0.000903 0.000462 0.000000 
50.000000 42.216390 34.728879 27.799805 21.630399 16.344542 11.985540 8.524745 5.878564 3.929286 2.545365 1.597996 0.972394 0.573683 0.328313 0.182427 0.098584 0.051979 0.026911 0.013855 0.007267 0.004045 0.002517 0.001814 0.001499 0.001363 0.001305 0.001282 0.001272 0.001268 0.001267 0.001266 0.001266 0.001265 0.001263 0.001261 0.001256 0.001249 0.001236 0.001216 0.001186 0.001142 0.001080 0.000996 0.000887 0.000753 0.000592 0.000409 0.000209 0.000000 
50.000000 42.216284 34.728670 27.799503 21.630012 16.344083 11.985022 8.524180 5.877963 3.928659 2.544719 1.597337 0.971727 0.573011 0.327638 0.181750 0.097905 0.051300 0.026231 0.013175 0.006588 0.003366 0.001837 0.001134 0.000819 0.000683 0.000625 0.000602 0.000592 0.000589 0.000587 0.000587 0.000586 0.000586 0.000585 0.000584 0.000582 0.000578 0.000572 0.000563 0.000549 0.000528 0.000499 0.000460 0.000410 0.000347 0.000273 0.000189 0.000096 0.000000 
50.000000 42.216244 34.728592 27.799388 21.629866 16.343910 11.984826 8.523967 5.877736 3.928422 2.544475 1.597089 0.971475 0.572757 0.327383 0.181494 0.097649 0.051044 0.025975 0.012918 0.006331 0.003109 0.001581 0.000877 0.000563 0.000426 0.000369 0.000345 0.000335 0.000332 0.000330 0.000330 0.000329 0.000329 0.000329 0.000328 0.000327 0.000325 0.000321 0.000316 0.000308 0.000296 0.000280 0.000258 0.000230 0.000195 0.000153 0.000106 0.000054 0.000000 
50.000000 42.216244 34.728592 27.799388 21.629866 16.343910 11.984826 8.523967 5.877736 3.928422 2.544475 1.597089 0.971475 0.572757 0.327383 0.181494 0.097649 0.051044 0.025975 0.012918 0.006331 0.003109 0.001581 0.000877 0.000563 0.000426 0.000369 0.000345 0.000335 0.000332 0.000330 0.000330 0.000329 0.000329 0.000329 0.000328 0.000327 0.000325 0.000321 0.000316 0.000308 0.000296 0.000280 0.000258 0.000230 0.000195 0.000153 0.000106 0.000054 0.000000 
50.000000 42.216284 34.728670 27.799503 21.630012 16.344083 11.985022 8.524180 5.877963 3.928659 2.544719 1.597337 0.971727 0.573011 0.327638 0.181750 0.097905 0.051300 0.026231 0.013175 0.006588 0.003366 0.001837 0.001134 0.000819 0.000683 0.000625 0.000602 0.000592 0.000589 0.000587 0.000587 0.000586 0.000586 0.000585 0.000584 0.000582 0.000578 0.000572 0.000563 0.000549 0.000528 0.000499 0.000460 0.000410 0.000347 0.000273 0.000189 0.000096 0.000000 
50.000000 42.216390 34.728879 27.799805 21.630399 16.344542 11.985540 8.524745 5.878564 3.929286 2.545365 1.597996 0.972394 0.573683 0.328313 0.182427 0.098584 0.051979 0.026911 0.013855 0.007267 0.004045 0.002517 0.001814 0.001499 0.001363 0.001305 0.001282 0.001272 0.001268 0.001267 0.001266 0.001266 0.001265 0.001263 0.001261 0.001256 0.001249 0.001236 0.001216 0.001186 0.001142 0.001080 0.000996 0.000887 0.000753 0.000592 0.000409 0.000209 0.000000 
50.000000 42.216627 34.729344 27.800481 21.631262 16.345566 11.986697 8.526007 5.879906 3.930687 2.546808 1.599467 0.973884 0.575185 0.329822 0.183941 0.100100 0.053497 0.028429 0.015373 0.008786 0.005564 0.004036 0.003333 0.003018 0.002882 0.002824 0.002800 0.002791 0.002787 0.002786 0.002785 0.002784 0.002782 0.002779 0.002773 0.002764 0.002747 0.002720 0.002676 0.002611 0.002514 0.002379 0.002195 0.001957 0.001660 0.001307 0.000903 0.000462 0.000000 
50.000000 42.217129 34.730329 27.801914 21.633092 16.347737 11.989148 8.528680 5.882749 3.933655 2.549864 1.602584 0.977041 0.578367 0.333020 0.187148 0.103312 0.056712 0.031646 0.018591 0.012004 0.008782 0.007254 0.006551 0.006236 0.006100 0.006042 0.006019 0.006009 0.006005 0.006003 0.006002 0.006000 0.005997 0.005990 0.005979 0.005958 0.005923 0.005865 0.005773 0.005633 0.005428 0.005137 0.004743 0.004231 0.003592 0.002828 0.001955 0.000999 0.000000 
50.000000 42.218157 34.732345 27.804844 21.636837 16.352178 11.994162 8.534150 5.888567 3.939728 2.556119 1.608962 0.983501 0.584879 0.339564 0.193711 0.109886 0.063292 0.038229 0.025176 0.018590 0.015368 0.013840 0.013137 0.012823 0.012686 0.012629 0.012605 0.012595 0.012591 0.012589 0.012587 0.012583 0.012576 0.012563 0.012539 0.012497 0.012425 0.012306 0.012117 0.011827 0.011400 0.010796 0.009974 0.008902 0.007562 0.005957 0.004119 0.002107 0.000000 
50.000000 42.220194 34.736341 27.810652 21.644257 16.360979 12.004102 8.544992 5.900098 3.951766 2.568517 1.621606 0.996306 0.597788 0.352536 0.206720 0.122917 0.076335 0.051278 0.038228 0.031644 0.028424 0.026896 0.026193 0.025879 0.025742 0.025684 0.025661 0.025651 0.025646 0.025643 0.025639 0.025632 0.025619 0.025593 0.025546 0.025462 0.025319 0.025082 0.024704 0.024123 0.023264 0.022044 0.020380 0.018202 0.015472 0.012197 0.008438 0.004317 0.000000 
50.000000 42.224104 34.744012 27.821802 21.658503 16.377877 12.023184 8.565807 5.922237 3.974880 2.592321 1.645882 1.020894 0.622573 0.377443 0.231700 0.147938 0.101379 0.076334 0.063291 0.056710 0.053491 0.051964 0.051261 0.050947 0.050811 0.050753 0.050729 0.050719 0.050714 0.050710 0.050703 0.050689 0.050664 0.050615 0.050525 0.050365 0.050089 0.049632 0.048900 0.047771 0.046097 0.043710 0.040441 0.036150 0.030754 0.024261 0.016795 0.008595 0.000000 
50.000000 42.231371 34.758269 27.842526 21.684984 16.409286 12.058655 8.604501 5.963393 4.017847 2.636572 1.691012 1.066603 0.668651 0.423748 0.278139 0.194454 0.147938 0.122916 0.109885 0.103310 0.100094 0.098569 0.097866 0.097552 0.097416 0.097358 0.097334 0.097324 0.097317 0.097310 0.097298 0.097274 0.097227 0.097137 0.096971 0.096675 0.096163 0.095310 0.093940 0.091819 0.088659 0.084135 0.077915 0.069715 0.059367 0.046875 0.032472 0.016625 0.000000 
50.000000 42.244443 34.783914 27.879804 21.732615 16.465784 12.122462 8.674105 6.037427 4.095142 2.716180 1.772201 1.148835 0.751547 0.507051 0.361684 0.278139 0.231700 0.206720 0.193710 0.187146 0.183935 0.182412 0.181711 0.181398 0.181261 0.181204 0.181179 0.181168 0.181160 0.181148 0.181127 0.181085 0.181002 0.180842 0.180547 0.180017 0.179100 0.177564 0.175087 0.171233 0.165466 0.157167 0.145702 0.130519 0.111273 0.087953 0.060980 0.031239 0.000000 
50.000000 42.267183 34.828528 27.944655 21.815480 16.564077 12.233470 8.795204 6.166235 4.229625 2.854688 1.913463 1.291913 0.895781 0.651996 0.507051 0.423748 0.377443 0.352536 0.339563 0.333018 0.329817 0.328298 0.327599 0.327286 0.327151 0.327093 0.327068 0.327055 0.327044 0.327026 0.326990 0.326919 0.326777 0.326505 0.325998 0.325087 0.323500 0.320834 0.316510 0.309751 0.299578 0.284857 0.264409 0.237181 0.202487 0.160255 0.111226 0.057018 0.000000 
50.000000 42.305424 34.903551 28.053712 21.954832 16.729375 12.420157 8.998864 6.382865 4.455802 3.087640 2.151047 1.532555 1.138369 0.895781 0.751547 0.668651 0.622573 0.597787 0.584878 0.578365 0.575179 0.573668 0.572972 0.572661 0.572526 0.572468 0.572442 0.572427 0.572411 0.572383 0.572325 0.572209 0.571977 0.571530 0.570694 0.569185 0.566545 0.562085 0.554812 0.543376 0.526058 0.500838 0.465575 0.418316 0.357726 0.283562 0.197062 0.101105 0.000000 
50.000000 42.367552 35.025439 28.230896 22.181238 16.997942 12.723480 9.329769 6.734850 4.823307 3.466156 2.537097 1.923575 1.532555 1.291913 1.148835 1.066603 1.020894 0.996306 0.983500 0.977039 0.973878 0.972379 0.971689 0.971380 0.971246 0.971188 0.971161 0.971143 0.971120 0.971077 0.970988 0.970805 0.970441 0.969735 0.968413 0.966010 0.961787 0.954613 0.942842 0.924210 0.895795 0.854108 0.795372 0.716049 0.613594 0.487330 0.339220 0.174229 0.000000 
50.000000 42.465019 35.216660 28.508867 22.536435 17.419291 13.199364 9.848936 7.287099 5.399914 4.060048 3.142814 2.537097 2.151047 1.913463 1.772201 1.691012 1.645882 1.621606 1.608962 1.602582 1.599461 1.597981 1.597299 1.596994 1.596861 1.596803 1.596775 1.596753 1.596721 1.596657 1.596524 1.596251 1.595702 1.594637 1.592628 1.588962 1.582483 1.571407 1.553109 1.523928 1.479068 1.412688 1.318316 1.189695 1.022062 0.813731 0.567591 0.291930 0.000000 
50.000000 42.612594 35.506189 28.929751 23.074256 18.057283 13.919943 10.635067 8.123335 6.273046 4.959365 4.060048 3.466156 3.087640 2.854688 2.716180 2.636572 2.592321 2.568516 2.556118 2.549862 2.546802 2.545350 2.544682 2.544383 2.544252 2.544194 2.544164 2.544137 2.544093 2.544003 2.543813 2.543421 2.542632 2.541093 2.538178 2.532828 2.523314 2.506939 2.479682 2.435852 2.367850 2.266223 2.120206 1.918997 1.653851 1.320855 0.923793 0.476008 0.000000 
50.000000 42.828142 35.929078 29.544503 23.859818 18.989170 14.972478 11.783367 9.344842 7.548465 6.273046 5.399914 4.823307 4.455802 4.229625 4.095142 4.017847 3.974880 3.951766 3.939727 3.933653 3.930681 3.929272 3.928623 3.928332 3.928204 3.928147 3.928114 3.928082 3.928024 3.927902 3.927644 3.927109 3.926028 3.923908 3.919874 3.912427 3.899097 3.875986 3.837195 3.774232 3.675529 3.526316 3.309243 3.006132 2.601230 2.085915 1.464076 0.756281 0.000000 
50.000000 43.131707 36.524653 30.410294 24.966181 20.301631 16.454875 13.400664 11.065266 9.344842 8.123335 7.287099 6.734850 6.382865 6.166235 6.037427 5.963392 5.922237 5.900098 5.888566 5.882747 5.879901 5.878550 5.877928 5.877650 5.877527 5.877470 5.877436 5.877397 5.877323 5.877167 5.876834 5.876140 5.874733 5.871961 5.866658 5.856807 5.839055 5.808030 5.755485 5.669313 5.532633 5.323267 5.014181 4.575631 3.979823 3.208537 2.263000 1.173058 0.000000 
50.000000 43.543756 37.333068 31.585501 26.467950 22.083174 18.467115 15.596045 13.400664 11.783367 10.635067 9.848936 9.329769 8.998864 8.795204 8.674105 8.604501 8.565807 8.544991 8.534149 8.528678 8.526002 8.524732 8.524147 8.523885 8.523768 8.523714 8.523678 8.523633 8.523544 8.523355 8.522948 8.522097 8.520366 8.516939 8.510346 8.498026 8.475661 8.436248 8.368844 8.257051 8.077397 7.798023 7.378426 6.771470 5.929299 4.814827 3.419170 1.781434 0.000000 
50.000000 44.082597 38.390248 33.122351 28.431869 24.412987 21.098649 18.467115 16.454875 14.972478 13.919943 13.199364 12.723480 12.420157 12.233470 12.122462 12.058655 12.023184 12.004102 11.994162 11.989146 11.986692 11.985528 11.984992 11.984751 11.984644 11.984592 11.984556 11.984506 11.984406 11.984189 11.983722 11.982743 11.980741 11.976760 11.969061 11.954583 11.928109 11.881048 11.799738 11.663235 11.440694 11.088689 10.549325 9.750795 8.613228 7.063943 5.066184 2.660301 0.000000 
50.000000 44.761229 39.721694 35.057920 30.905324 27.347289 24.412987 22.083174 20.301631 18.989170 18.057283 17.419291 16.997942 16.729375 16.564077 16.465784 16.409286 16.377877 16.360979 16.352177 16.347735 16.345562 16.344531 16.344056 16.343843 16.343747 16.343700 16.343665 16.343613 16.343507 16.343276 16.342777 16.341726 16.339570 16.335265 16.326895 16.311060 16.281894 16.229596 16.138286 15.983038 15.726000 15.311704 14.662192 13.673644 12.218410 10.160253 7.395588 3.933377 0.000000 
50.000000 45.584098 41.336132 37.404894 33.904529 30.905324 28.431869 26.467950 24.966181 23.859818 23.074256 22.536435 22.181238 21.954832 21.815480 21.732615 21.684984 21.658503 21.644257 21.636836 21.633091 21.631259 21.630390 21.629989 21.629809 21.629728 21.629687 21.629655 21.629605 21.629502 21.629275 21.628785 21.627749 21.625617 21.621342 21.612993 21.597106 21.567644 21.514373 21.420405 21.258588 20.986358 20.538650 19.818641 18.686914 16.952265 14.374476 10.705532 5.821855 0.000000 
50.000000 46.544457 43.220323 40.144029 37.404894 35.057920 33.122351 31.585501 30.410294 29.544503 28.929751 28.508867 28.230896 28.053712 27.944655 27.879804 27.842526 27.821802 27.810652 27.804844 27.801913 27.800479 27.799798 27.799485 27.799343 27.799280 27.799247 27.799220 27.799177 27.799087 27.798888 27.798456 27.797541 27.795652 27.791852 27.784400 27.770151 27.743566 27.695136 27.608896 27.458588 27.201757 26.770674 26.058408 24.897667 23.030418 20.072014 15.499961 8.786000 0.000000 
50.000000 47.623021 45.336432 43.220323 41.336132 39.721694 38.390248 37.333068 36.524653 35.929078 35.506189 35.216660 35.025439 34.903551 34.828528 34.783914 34.758269 34.744012 34.736341 34.732345 34.730328 34.729342 34.728874 34.728658 34.728561 34.728517 34.728494 34.728474 34.728443 34.728375 34.728226 34.727903 34.727217 34.725797 34.722934 34.717301 34.706489 34.686219 34.649068 34.582397 34.465002 34.261653 33.913898 33.324063 32.326105 30.630600 27.720362 22.668216 13.940391 0.000000 
50.000000 48.788475 47.623021 46.544457 45.584098 44.761229 44.082597 43.543756 43.131707 42.828142 42.612594 42.465019 42.367552 42.305424 42.267183 42.244443 42.231371 42.224104 42.220194 42.218157 42.217129 42.216626 42.216387 42.216277 42.216228 42.216205 42.216194 42.216183 42.216166 42.216130 42.216051 42.215877 42.215509 42.214746 42.213204 42.210166 42.204319 42.193323 42.173089 42.136586 42.071861 41.958649 41.762322 41.422296 40.827852 39.762243 37.758456 33.682630 24.394237 0.000000 
50.000000 50.000000 50.000000 50.000000 50.000000 50.000000 50.000000 50.000000 50.000000 50.000000 50.000000 50.000000 50.000000 50.000000 50.000000 50.000000 50.000000 50.000000 50.000000 50.000000 50.000000 50.000000 50.000000 50.000000 50.000000 50.000000 50.000000 50.000000 50.000000 50.000000 50.000000 50.000000 50.000000 50.000000 50.000000 50.000000 50.000000 50.000000 50.000000 50.000000 50.000000 50.000000 50.000000 50.000000 50.000000 50.000000 50.000000 50.000000 50.000000 50.000000 
