50.000000 50.000000 50.000000 50.000000 50.000000 50.000000 50.000000 50.000000 50.000000 50.000000 50.000000 50.000000 50.000000 50.000000 50.000000 50.000000 50.000000 50.000000 50.000000 50.000000 50.000000 50.000000 50.000000 50.000000 50.000000 50.000000 50.000000 50.000000 50.000000 50.000000 50.000000 50.000000 50.000000 50.000000 50.000000 50.000000 50.000000 50.000000 50.000000 50.000000 50.000000 50.000000 50.000000 50.000000 50.000000 50.000000 50.000000 50.000000 50.000000 50.000000 
50.000000 48.401630 46.883420 45.513488 44.338874 43.381479 42.639302 42.091768 41.707083 41.449490 41.284954 41.184613 41.126134 41.093534 41.076132 41.067229 41.062860 41.060800 41.059867 41.059460 41.059289 41.059220 41.059193 41.059182 41.059179 41.059177 41.059177 41.059176 41.059175 41.059171 41.059160 41.059132 41.059062 41.058889 41.058480 41.057540 41.055446 41.050927 41.041459 41.022185 40.983973 40.909963 40.769275 40.504995 40.009375 39.067251 37.211153 33.304309 24.200815 0.000000 
50.000000 46.883420 43.923146 41.251998 38.961696 37.094945 35.647841 34.580264 33.830212 33.327969 33.007166 32.811530 32.697516 32.633956 32.600029 32.582672 32.574153 32.570137 32.568318 32.567524 32.567191 32.567056 32.567004 32.566984 32.566977 32.566974 32.566973 32.566972 32.566969 32.566962 32.566942 32.566891 32.566763 32.566448 32.565704 32.563997 32.560207 32.552049 32.535030 32.500567 32.432732 32.302649 32.058870 31.610566 30.797242 29.332426 26.698073 21.961573 13.579111 0.000000 
50.000000 45.513488 41.251998 37.406736 34.109745 31.422497 29.339364 27.802586 26.722902 25.999943 25.538170 25.256569 25.092460 25.000976 24.952144 24.927163 24.914901 24.909122 24.906503 24.905362 24.904883 24.904689 24.904613 24.904584 24.904574 24.904570 24.904568 24.904567 24.904563 24.904554 24.904528 24.904463 24.904297 24.903893 24.902939 24.900757 24.895931 24.885596 24.864166 24.821112 24.737237 24.578591 24.286818 23.764140 22.850687 21.292365 18.703368 14.553925 8.302335 0.000000 
50.000000 44.338874 38.961696 34.109745 29.949635 26.558928 23.930514 21.991499 20.629241 19.717090 19.134486 18.779209 18.572168 18.456755 18.395152 18.363638 18.348171 18.340881 18.337578 18.336138 18.335533 18.335289 18.335193 18.335157 18.335144 18.335139 18.335137 18.335135 18.335132 18.335121 18.335094 18.335023 18.334844 18.334409 18.333386 18.331055 18.325924 18.315002 18.292525 18.247792 18.161682 18.001310 17.712262 17.208116 16.357881 14.974818 12.817381 9.629270 5.271622 0.000000 
50.000000 43.381479 37.094945 31.422497 26.558928 22.594912 19.522126 17.255330 15.662823 14.596523 13.915479 13.500184 13.258174 13.123272 13.051269 13.014436 12.996359 12.987839 12.983979 12.982296 12.981590 12.981304 12.981192 12.981150 12.981135 12.981129 12.981127 12.981125 12.981122 12.981112 12.981085 12.981017 12.980847 12.980433 12.979462 12.977262 12.972445 12.962262 12.941476 12.900525 12.822677 12.679947 12.427724 11.998642 11.297456 10.201047 8.571810 6.297703 3.372104 0.000000 
50.000000 42.639302 35.647841 29.339364 23.930514 19.522126 16.104928 13.584106 11.813172 10.627430 9.870119 9.408329 9.139234 8.989237 8.909182 8.868230 8.848133 8.838661 8.834370 8.832499 8.831714 8.831396 8.831272 8.831225 8.831208 8.831202 8.831200 8.831198 8.831195 8.831186 8.831163 8.831104 8.830956 8.830598 8.829763 8.827880 8.823782 8.815178 8.797763 8.763800 8.700028 8.584845 8.384986 8.052464 7.523484 6.722398 5.575224 4.037275 2.134307 0.000000 
50.000000 42.091768 34.580264 27.802586 21.991499 17.255330 13.584106 10.875938 8.973429 7.699618 6.886080 6.390017 6.100958 5.939840 5.853850 5.809865 5.788280 5.778107 5.773499 5.771490 5.770647 5.770305 5.770172 5.770122 5.770104 5.770097 5.770095 5.770093 5.770090 5.770083 5.770065 5.770017 5.769899 5.769615 5.768954 5.767470 5.764261 5.757571 5.744141 5.718206 5.670071 5.584328 5.437969 5.199119 4.827607 4.279236 3.515768 2.521393 1.322493 0.000000 
50.000000 41.707083 33.830212 26.722902 20.629241 15.662823 11.813172 8.973429 6.978523 5.642875 4.789863 4.269744 3.966675 3.797752 3.707600 3.661488 3.638859 3.628195 3.623364 3.621258 3.620374 3.620016 3.619877 3.619824 3.619805 3.619798 3.619795 3.619794 3.619792 3.619787 3.619773 3.619738 3.619650 3.619440 3.618953 3.617867 3.615531 3.610695 3.601063 3.582633 3.548793 3.489261 3.389101 3.228327 2.982876 2.627931 2.144311 1.527563 0.797120 0.000000 
50.000000 41.449490 33.327969 25.999943 19.717090 14.596523 10.627430 7.699618 5.642875 4.265850 3.386429 2.850218 2.537779 2.363637 2.270703 2.223168 2.199842 2.188850 2.183870 2.181700 2.180789 2.180420 2.180276 2.180222 2.180202 2.180195 2.180193 2.180192 2.180190 2.180186 2.180177 2.180152 2.180091 2.179946 2.179611 2.178867 2.177275 2.174001 2.167530 2.155251 2.132925 2.094082 2.029547 1.927402 1.773846 1.555407 1.262707 0.895236 0.465517 0.000000 
50.000000 41.284954 33.007166 25.538170 19.134486 13.915479 9.870119 6.886080 4.789863 3.386429 2.490154 1.943677 1.625262 1.447792 1.353084 1.304643 1.280872 1.269671 1.264597 1.262385 1.261457 1.261081 1.260935 1.260879 1.260859 1.260852 1.260849 1.260848 1.260847 1.260845 1.260838 1.260822 1.260783 1.260688 1.260471 1.259992 1.258971 1.256885 1.252789 1.245077 1.231178 1.207230 1.167874 1.106319 1.014955 0.886694 0.717058 0.506599 0.262769 0.000000 
50.000000 41.184613 32.811530 25.256569 18.779209 13.500184 9.408329 6.390017 4.269744 2.850218 1.943677 1.390946 1.068891 0.889396 0.793608 0.744615 0.720575 0.709246 0.704115 0.701878 0.700939 0.700559 0.700411 0.700355 0.700335 0.700328 0.700325 0.700324 0.700323 0.700322 0.700318 0.700308 0.700283 0.700225 0.700093 0.699801 0.699183 0.697926 0.695473 0.690888 0.682688 0.668681 0.645876 0.610566 0.558708 0.486684 0.392404 0.276500 0.143153 0.000000 
50.000000 41.126134 32.697516 25.092460 18.572168 13.258174 9.139234 6.100958 3.966675 2.537779 1.625262 1.068891 0.744719 0.564046 0.467630 0.418316 0.394119 0.382716 0.377551 0.375300 0.374355 0.373973 0.373824 0.373767 0.373747 0.373740 0.373737 0.373736 0.373736 0.373735 0.373732 0.373727 0.373712 0.373679 0.373602 0.373433 0.373078 0.372360 0.370966 0.368377 0.363778 0.355980 0.343388 0.324055 0.295912 0.257166 0.206864 0.145467 0.075207 0.000000 
50.000000 41.093534 32.633956 25.000976 18.456755 13.123272 8.989237 5.939840 3.797752 2.363637 1.447792 0.889396 0.564046 0.382716 0.285951 0.236460 0.212175 0.200731 0.195548 0.193288 0.192340 0.191956 0.191807 0.191750 0.191730 0.191722 0.191720 0.191719 0.191719 0.191718 0.191717 0.191713 0.191706 0.191687 0.191645 0.191552 0.191358 0.190968 0.190214 0.188821 0.186362 0.182221 0.175578 0.165455 0.150826 0.130831 0.105045 0.073749 0.038088 0.000000 
50.000000 41.076132 32.600029 24.952144 18.395152 13.051269 8.909182 5.853850 3.707600 2.270703 1.353084 0.793608 0.467630 0.285951 0.189000 0.139414 0.115082 0.103617 0.098423 0.096160 0.095210 0.094826 0.094676 0.094619 0.094598 0.094591 0.094589 0.094588 0.094587 0.094587 0.094586 0.094585 0.094580 0.094571 0.094548 0.094500 0.094399 0.094197 0.093808 0.093092 0.091836 0.089733 0.086380 0.081302 0.074008 0.064097 0.051387 0.036032 0.018593 0.000000 
50.000000 41.067229 32.582672 24.927163 18.363638 13.014436 8.868230 5.809865 3.661488 2.223168 1.304643 0.744615 0.418316 0.236460 0.139414 0.089779 0.065424 0.053947 0.048749 0.046483 0.045532 0.045147 0.044997 0.044941 0.044920 0.044913 0.044910 0.044909 0.044909 0.044909 0.044908 0.044908 0.044905 0.044900 0.044889 0.044865 0.044815 0.044715 0.044523 0.044171 0.043557 0.042534 0.040912 0.038467 0.034974 0.030253 0.024224 0.016968 0.008749 0.000000 
50.000000 41.062860 32.574153 24.914901 18.348171 12.996359 8.848133 5.788280 3.638859 2.199842 1.280872 0.720575 0.394119 0.212175 0.115082 0.065424 0.041057 0.029575 0.024374 0.022107 0.021156 0.020771 0.020621 0.020564 0.020544 0.020536 0.020534 0.020533 0.020533 0.020532 0.020532 0.020532 0.020531 0.020528 0.020523 0.020512 0.020488 0.020440 0.020349 0.020184 0.019896 0.019419 0.018665 0.017535 0.015927 0.013762 0.011008 0.007704 0.003971 0.000000 
50.000000 41.060800 32.570137 24.909122 18.340881 12.987839 8.838661 5.778107 3.628195 2.188850 1.269671 0.709246 0.382716 0.200731 0.103617 0.053947 0.029575 0.018090 0.012888 0.010621 0.009670 0.009285 0.009134 0.009078 0.009057 0.009050 0.009047 0.009046 0.009046 0.009046 0.009046 0.009046 0.009045 0.009044 0.009042 0.009036 0.009026 0.009004 0.008963 0.008888 0.008759 0.008545 0.008208 0.007705 0.006993 0.006037 0.004825 0.003374 0.001738 0.000000 
50.000000 41.059867 32.568318 24.906503 18.337578 12.983979 8.834370 5.773499 3.623364 2.183870 1.264597 0.704115 0.377551 0.195548 0.098423 0.048749 0.024374 0.012888 0.007686 0.005418 0.004467 0.004082 0.003931 0.003875 0.003854 0.003847 0.003844 0.003843 0.003843 0.003843 0.003843 0.003843 0.003843 0.003842 0.003841 0.003839 0.003834 0.003825 0.003807 0.003774 0.003718 0.003626 0.003481 0.003266 0.002962 0.002555 0.002041 0.001426 0.000734 0.000000 
50.000000 41.059460 32.567524 24.905362 18.336138 12.982296 8.832499 5.771490 3.621258 2.181700 1.262385 0.701878 0.375300 0.193288 0.096160 0.046483 0.022107 0.010621 0.005418 0.003151 0.002199 0.001814 0.001664 0.001607 0.001586 0.001579 0.001577 0.001576 0.001576 0.001576 0.001575 0.001575 0.001575 0.001575 0.001575 0.001574 0.001572 0.001568 0.001560 0.001547 0.001523 0.001485 0.001425 0.001336 0.001211 0.001044 0.000833 0.000582 0.000300 0.000000 
50.000000 41.059289 32.567191 24.904883 18.335533 12.981590 8.831714 5.770647 3.620374 2.180789 1.261457 0.700939 0.374355 0.192340 0.095210 0.045532 0.021156 0.009670 0.004467 0.002199 0.001247 0.000862 0.000712 0.000655 0.000635 0.000627 0.000625 0.000624 0.000624 0.000624 0.000624 0.000624 0.000624 0.000624 0.000623 0.000623 0.000622 0.000621 0.000618 0.000612 0.000603 0.000587 0.000564 0.000528 0.000478 0.000412 0.000329 0.000230 0.000118 0.000000 
50.000000 41.059220 32.567057 24.904689 18.335289 12.981304 8.831396 5.770306 3.620016 2.180420 1.261081 0.700559 0.373973 0.191957 0.094826 0.045147 0.020771 0.009285 0.004082 0.001814 0.000862 0.000477 0.000327 0.000270 0.000250 0.000242 0.000240 0.000239 0.000239 0.000239 0.000239 0.000239 0.000239 0.000239 0.000239 0.000238 0.000238 0.000237 0.000236 0.000234 0.000231 0.000225 0.000215 0.000202 0.000183 0.000157 0.000125 0.000088 0.000045 0.000000 
50.000000 41.059193 32.567004 24.904613 18.335193 12.981193 8.831273 5.770173 3.619877 2.180277 1.260935 0.700411 0.373824 0.191807 0.094676 0.044998 0.020621 0.009135 0.003932 0.001664 0.000712 0.000327 0.000177 0.000120 0.000100 0.000092 0.000090 0.000089 0.000089 0.000089 0.000089 0.000089 0.000089 0.000089 0.000089 0.000089 0.000088 0.000088 0.000088 0.000087 0.000086 0.000083 0.000080 0.000075 0.000068 0.000058 0.000046 0.000032 0.000017 0.000000 
50.000000 41.059183 32.566984 24.904585 18.335158 12.981151 8.831226 5.770123 3.619825 2.180223 1.260880 0.700356 0.373769 0.191751 0.094620 0.044942 0.020565 0.009079 0.003876 0.001608 0.000657 0.000271 0.000121 0.000064 0.000044 0.000036 0.000034 0.000033 0.000033 0.000033 0.000033 0.000033 0.000033 0.000033 0.000033 0.000033 0.000033 0.000033 0.000032 0.000032 0.000032 0.000031 0.000030 0.000028 0.000025 0.000022 0.000017 0.000012 0.000006 0.000000 
50.000000 41.059179 32.566978 24.904576 18.335146 12.981138 8.831211 5.770107 3.619808 2.180206 1.260863 0.700338 0.373751 0.191733 0.094602 0.044924 0.020547 0.009061 0.003858 0.001590 0.000638 0.000253 0.000103 0.000046 0.000026 0.000018 0.000016 0.000015 0.000015 0.000015 0.000015 0.000015 0.000015 0.000015 0.000015 0.000015 0.000015 0.000015 0.000014 0.000014 0.000014 0.000014 0.000013 0.000012 0.000011 0.000010 0.000008 0.000005 0.000003 0.000000 
50.000000 41.059179 32.566978 24.904576 18.335146 12.981138 8.831211 5.770107 3.619808 2.180206 1.260863 0.700338 0.373751 0.191733 0.094602 0.044924 0.020547 0.009061 0.003858 0.001590 0.000638 0.000253 0.000103 0.000046 0.000026 0.000018 0.000016 0.000015 0.000015 0.000015 0.000015 0.000015 0.000015 0.000015 0.000015 0.000015 0.000015 0.000015 0.000014 0.000014 0.000014 0.000014 0.000013 0.000012 0.000011 0.000010 0.000008 0.000005 0.000003 0.000000 
50.000000 41.059183 32.566984 24.904585 18.335158 12.981151 8.831226 5.770123 3.619825 2.180223 1.260880 0.700356 0.373769 0.191751 0.094620 0.044942 0.020565 0.009079 0.003876 0.001608 0.000657 0.000271 0.000121 0.000064 0.000044 0.000036 0.000034 0.000033 0.000033 0.000033 0.000033 0.000033 0.000033 0.000033 0.000033 0.000033 0.000033 0.000033 0.000032 0.000032 0.000032 0.000031 0.000030 0.000028 0.000025 0.000022 0.000017 0.000012 0.000006 0.000000 
50.000000 41.059193 32.567004 24.904613 18.335193 12.981193 8.831273 5.770173 3.619877 2.180277 1.260935 0.700411 0.373824 0.191807 0.094676 0.044998 0.020621 0.009135 0.003932 0.001664 0.000712 0.000327 0.000177 0.000120 0.000100 0.000092 0.000090 0.000089 0.000089 0.000089 0.000089 0.000089 0.000089 0.000089 0.000089 0.000089 0.000088 0.000088 0.000088 0.000087 0.000086 0.000083 0.000080 0.000075 0.000068 0.000058 0.000046 0.000032 0.000017 0.000000 
50.000000 41.059220 32.567057 24.904689 18.335289 12.981304 8.831396 5.770306 3.620016 2.180420 1.261081 0.700559 0.373973 0.191957 0.094826 0.045147 0.020771 0.009285 0.004082 0.001814 0.000862 0.000477 0.000327 0.000270 0.000250 0.000242 0.000240 0.000239 0.000239 0.000239 0.000239 0.000239 0.000239 0.000239 0.000239 0.000238 0.000238 0.000237 0.000236 0.000234 0.000231 0.000225 0.000215 0.000202 0.000183 0.000157 0.000125 0.000088 0.000045 0.000000 
50.000000 41.059289 32.567191 24.904883 18.335533 12.981590 8.831714 5.770647 3.620374 2.180789 1.261457 0.700939 0.374355 0.192340 0.095210 0.045532 0.021156 0.009670 0.004467 0.002199 0.001247 0.000862 0.000712 0.000655 0.000635 0.000627 0.000625 0.000624 0.000624 0.000624 0.000624 0.000624 0.000624 0.000624 0.000623 0.000623 0.000622 0.000621 0.000618 0.000612 0.000603 0.000587 0.000564 0.000528 0.000478 0.000412 0.000329 0.000230 0.000118 0.000000 
50.000000 41.059460 32.567524 24.905362 18.336138 12.982296 8.832499 5.771490 3.621258 2.181700 1.262385 0.701878 0.375300 0.193288 0.096160 0.046483 0.022107 0.010621 0.005418 0.003151 0.002199 0.001814 0.001664 0.001607 0.001586 0.001579 0.001577 0.001576 0.001576 0.001576 0.001575 0.001575 0.001575 0.001575 0.001575 0.001574 0.001572 0.001568 0.001560 0.001547 0.001523 0.001485 0.001425 0.001336 0.001211 0.001044 0.000833 0.000582 0.000300 0.000000 
50.000000 41.059867 32.568318 24.906503 18.337578 12.983979 8.834370 5.773499 3.623364 2.183870 1.264597 0.704115 0.377551 0.195548 0.098423 0.048749 0.024374 0.012888 0.007686 0.005418 0.004467 0.004082 0.003931 0.003875 0.003854 0.003847 0.003844 0.003843 0.003843 0.003843 0.003843 0.003843 0.003843 0.003842 0.003841 0.003839 0.003834 0.003825 0.003807 0.003774 0.003718 0.003626 0.003481 0.003266 0.002962 0.002555 0.002041 0.001426 0.000734 0.000000 
50.000000 41.060800 32.570137 24.909122 18.340881 12.987839 8.838661 5.778107 3.628195 2.188850 1.269671 0.709246 0.382716 0.200731 0.103617 0.053947 0.029575 0.018090 0.012888 0.010621 0.009670 0.009285 0.009134 0.009078 0.009057 0.009050 0.009047 0.009046 0.009046 0.009046 0.009046 0.009046 0.009045 0.009044 0.009042 0.009036 0.009026 0.009004 0.008963 0.008888 0.008759 0.008545 0.008208 0.007705 0.006993 0.006037 0.004825 0.003374 0.001738 0.000000 
50.000000 41.062860 32.574153 24.914901 18.348171 12.996359 8.848133 5.788280 3.638859 2.199842 1.280872 0.720575 0.394119 0.212175 0.115082 0.065424 0.041057 0.029575 0.024374 0.022107 0.021156 0.020771 0.020621 0.020564 0.020544 0.020536 0.020534 0.020533 0.020533 0.020532 0.020532 0.020532 0.020531 0.020528 0.020523 0.020512 0.020488 0.020440 0.020349 0.020184 0.019896 0.019419 0.018665 0.017535 0.015927 0.013762 0.011008 0.007704 0.003971 0.000000 
50.000000 41.067229 32.582672 24.927163 18.363638 13.014436 8.868230 5.809865 3.661488 2.223168 1.304643 0.744615 0.418316 0.236460 0.139414 0.089779 0.065424 0.053947 0.048749 0.046483 0.045532 0.045147 0.044997 0.044941 0.044920 0.044913 0.044910 0.044909 0.044909 0.044909 0.044908 0.044908 0.044905 0.044900 0.044889 0.044865 0.044815 0.044715 0.044523 0.044171 0.043557 0.042534 0.040912 0.038467 0.034974 0.030253 0.024224 0.016968 0.008749 0.000000 
50.000000 41.076132 32.600029 24.952144 18.395152 13.051269 8.909182 5.853850 3.707600 2.270703 1.353084 0.793608 0.467630 0.285951 0.189000 0.139414 0.115082 0.103617 0.098423 0.096160 0.095210 0.094826 0.094676 0.094619 0.094598 0.094591 0.094589 0.094588 0.094587 0.094587 0.094586 0.094585 0.094580 0.094571 0.094548 0.094500 0.094399 0.094197 0.093808 0.093092 0.091836 0.089733 0.086380 0.081302 0.074008 0.064097 0.051387 0.036032 0.018593 0.000000 
50.000000 41.093534 32.633956 25.000976 18.456755 13.123272 8.989237 5.939840 3.797752 2.363637 1.447792 0.889396 0.564046 0.382716 0.285951 0.236460 0.212175 0.200731 0.195548 0.193288 0.192340 0.191956 0.191807 0.191750 0.191730 0.191722 0.191720 0.191719 0.191719 0.191718 0.191717 0.191713 0.191706 0.191687 0.191645 0.191552 0.191358 0.190968 0.190214 0.188821 0.186362 0.182221 0.175578 0.165455 0.150826 0.130831 0.105045 0.073749 0.038088 0.000000 
50.000000 41.126134 32.697516 25.092460 18.572168 13.258174 9.139234 6.100958 3.966675 2.537779 1.625262 1.068891 0.744719 0.564046 0.467630 0.418316 0.394119 0.382716 0.377551 0.375300 0.374355 0.373973 0.373824 0.373767 0.373747 0.373740 0.373737 0.373736 0.373736 0.373735 0.373732 0.373727 0.373712 0.373679 0.373602 0.373433 0.373078 0.372360 0.370966 0.368377 0.363778 0.355980 0.343388 0.324055 0.295912 0.257166 0.206864 0.145467 0.075207 0.000000 
50.000000 41.184613 32.811530 25.256569 18.779209 13.500184 9.408329 6.390017 4.269744 2.850218 1.943677 1.390946 1.068891 0.889396 0.793608 0.744615 0.720575 0.709246 0.704115 0.701878 0.700939 0.700559 0.700411 0.700355 0.700335 0.700328 0.700325 0.700324 0.700323 0.700322 0.700318 0.700308 0.700283 0.700225 0.700093 0.699801 0.699183 0.697926 0.695473 0.690888 0.682688 0.668681 0.645876 0.610566 0.558708 0.486684 0.392404 0.276500 0.143153 0.000000 
50.000000 41.284954 33.007166 25.538170 19.134486 13.915479 9.870119 6.886080 4.789863 3.386429 2.490154 1.943677 1.625262 1.447792 1.353084 1.304643 1.280872 1.269671 1.264597 1.262385 1.261457 1.261081 1.260935 1.260879 1.260859 1.260852 1.260849 1.260848 1.260847 1.260845 1.260838 1.260822 1.260783 1.260688 1.260471 1.259992 1.258971 1.256885 1.252789 1.245077 1.231178 1.207230 1.167874 1.106319 1.014955 0.886694 0.717058 0.506599 0.262769 0.000000 
50.000000 41.449490 33.327969 25.999943 19.717090 14.596523 10.627430 7.699618 5.642875 4.265850 3.386429 2.850218 2.537779 2.363637 2.270703 2.223168 2.199842 2.188850 2.183870 2.181700 2.180789 2.180420 2.180276 2.180222 2.180202 2.180195 2.180193 2.180192 2.180190 2.180186 2.180177 2.180152 2.180091 2.179946 2.179611 2.178867 2.177275 2.174001 2.167530 2.155251 2.132925 2.094082 2.029547 1.927402 1.773846 1.555407 1.262707 0.895236 0.465517 0.000000 
50.000000 41.707083 33.830212 26.722902 20.629241 15.662823 11.813172 8.973429 6.978523 5.642875 4.789863 4.269744 3.966675 3.797752 3.707600 3.661488 3.638859 3.628195 3.623364 3.621258 3.620374 3.620016 3.619877 3.619824 3.619805 3.619798 3.619795 3.619794 3.619792 3.619787 3.619773 3.619738 3.619650 3.619440 3.618953 3.617867 3.615531 3.610695 3.601063 3.582633 3.548793 3.489261 3.389101 3.228327 2.982876 2.627931 2.144311 1.527563 0.797120 0.000000 
50.000000 42.091768 34.580264 27.802586 21.991499 17.255330 13.584106 10.875938 8.973429 7.699618 6.886080 6.390017 6.100958 5.939840 5.853850 5.809865 5.788280 5.778107 5.773499 5.771490 5.770647 5.770305 5.770172 5.770122 5.770104 5.770097 5.770095 5.770093 5.770090 5.770083 5.770065 5.770017 5.769899 5.769615 5.768954 5.767470 5.764261 5.757571 5.744141 5.718206 5.670071 5.584328 5.437969 5.199119 4.827607 4.279236 3.515768 2.521393 1.322493 0.000000 
50.000000 42.639302 35.647841 29.339364 23.930514 19.522126 16.104928 13.584106 11.813172 10.627430 9.870119 9.408329 9.139234 8.989237 8.909182 8.868230 8.848133 8.838661 8.834370 8.832499 8.831714 8.831396 8.831272 8.831225 8.831208 8.831202 8.831200 8.831198 8.831195 8.831186 8.831163 8.831104 8.830956 8.830598 8.829763 8.827880 8.823782 8.815178 8.797763 8.763800 8.700028 8.584845 8.384986 8.052464 7.523484 6.722398 5.575224 4.037275 2.134307 0.000000 
50.000000 43.381479 37.094945 31.422497 26.558928 22.594912 19.522126 17.255330 15.662823 14.596523 13.915479 13.500184 13.258174 13.123272 13.051269 13.014436 12.996359 12.987839 12.983979 12.982296 12.981590 12.981304 12.981192 12.981150 12.981135 12.981129 12.981127 12.981125 12.981122 12.981112 12.981085 12.981017 12.980847 12.980433 12.979462 12.977262 12.972445 12.962262 12.941476 12.900525 12.822677 12.679947 12.427724 11.998642 11.297456 10.201047 8.571810 6.297703 3.372104 0.000000 
50.000000 44.338874 38.961696 34.109745 29.949635 26.558928 23.930514 21.991499 20.629241 19.717090 19.134486 18.779209 18.572168 18.456755 18.395152 18.363638 18.348171 18.340881 18.337578 18.336138 18.335533 18.335289 18.335193 18.335157 18.335144 18.335139 18.335137 18.335135 18.335132 18.335121 18.335094 18.335023 18.334844 18.334409 18.333386 18.331055 18.325924 18.315002 18.292525 18.247792 18.161682 18.001310 17.712262 17.208116 16.357881 14.974818 12.817381 9.629270 5.271622 0.000000 
50.000000 45.513488 41.251998 37.406736 34.109745 31.422497 29.339364 27.802586 26.722902 25.999943 25.538170 25.256569 25.092460 25.000976 24.952144 24.927163 24.914901 24.909122 24.906503 24.905362 24.904883 24.904689 24.904613 24.904584 24.904574 24.904570 24.904568 24.904567 24.904563 24.904554 24.904528 24.904463 24.904297 24.903893 24.902939 24.900757 24.895931 24.885596 24.864166 24.821112 24.737237 24.578591 24.286818 23.764140 22.850687 21.292365 18.703368 14.553925 8.302335 0.000000 
50.000000 46.883420 43.923146 41.251998 38.961696 37.094945 35.647841 34.580264 33.830212 33.327969 33.007166 32.811530 32.697516 32.633956 32.600029 32.582672 32.574153 32.570137 32.568318 32.567524 32.567191 32.567056 32.567004 32.566984 32.566977 32.566974 32.566973 32.566972 32.566969 32.566962 32.566942 32.566891 32.566763 32.566448 32.565704 32.563997 32.560207 32.552049 32.535030 32.500567 32.432732 32.302649 32.058870 31.610566 30.797242 29.332426 26.698073 21.961573 13.579111 0.000000 
50.000000 48.401630 46.883420 45.513488 44.338874 43.381479 42.639302 42.091768 41.707083 41.449490 41.284954 41.184613 41.126134 41.093534 41.076132 41.067229 41.062860 41.060800 41.059867 41.059460 41.059289 41.059220 41.059193 41.059182 41.059179 41.059177 41.059177 41.059176 41.059175 41.059171 41.059160 41.059132 41.059062 41.058889 41.058480 41.057540 41.055446 41.050927 41.041459 41.022185 40.983973 40.909963 40.769275 40.504995 40.009375 39.067251 37.211153 33.304309 24.200815 0.000000 
50.000000 50.000000 50.000000 50.000000 50.000000 50.000000 50.000000 50.000000 50.000000 50.000000 50.000000 50.000000 50.000000 50.000000 50.000000 50.000000 50.000000 50.000000 50.000000 50.000000 50.000000 50.000000 50.000000 50.000000 50.000000 50.000000 50.000000 50.000000 50.000000 50.000000 50.000000 50.000000 50.000000 50.000000 50.000000 50.000000 50.000000 50.000000 50.000000 50.000000 50.000000 50.000000 50.000000 50.000000 50.000000 50.000000 50.000000 50.000000 50.000000 50.000000 
