50.000000 50.000000 50.000000 50.000000 50.000000 50.000000 50.000000 50.000000 50.000000 50.000000 50.000000 50.000000 50.000000 50.000000 50.000000 50.000000 50.000000 50.000000 50.000000 50.000000 50.000000 50.000000 50.000000 50.000000 50.000000 50.000000 50.000000 50.000000 50.000000 50.000000 50.000000 50.000000 50.000000 50.000000 50.000000 50.000000 50.000000 50.000000 50.000000 50.000000 50.000000 50.000000 50.000000 50.000000 50.000000 50.000000 50.000000 50.000000 50.000000 50.000000 
50.000000 46.540348 43.455427 40.998694 39.246194 38.121928 37.470313 37.127419 36.962779 36.890297 36.860903 36.849874 36.846029 36.844779 36.844399 36.844291 36.844262 36.844254 36.844252 36.844252 36.844252 36.844252 36.844252 36.844252 36.844252 36.844252 36.844252 36.844252 36.844252 36.844252 36.844252 36.844252 36.844252 36.844251 36.844250 36.844243 36.844217 36.844119 36.843776 36.842630 36.839016 36.828229 36.797718 36.715683 36.504711 35.980071 34.695808 31.516733 23.270174 0.000000 
50.000000 43.455427 37.619809 32.972642 29.657742 27.531276 26.298870 25.650398 25.339061 25.202007 25.146432 25.125581 25.118314 25.115952 25.115234 25.115029 25.114973 25.114959 25.114956 25.114955 25.114955 25.114955 25.114955 25.114955 25.114955 25.114955 25.114955 25.114955 25.114955 25.114955 25.114955 25.114955 25.114955 25.114954 25.114952 25.114941 25.114898 25.114740 25.114187 25.112355 25.106620 25.089686 25.042522 24.918549 24.610510 23.885120 22.261682 18.809905 11.938694 0.000000 
50.000000 40.998694 32.972642 26.581395 22.022685 19.098552 17.404006 16.512456 16.084462 15.896079 15.819700 15.791048 15.781063 15.777818 15.776831 15.776549 15.776474 15.776454 15.776450 15.776449 15.776449 15.776449 15.776449 15.776449 15.776449 15.776449 15.776449 15.776449 15.776449 15.776449 15.776449 15.776448 15.776448 15.776448 15.776445 15.776433 15.776388 15.776220 15.775637 15.773720 15.767783 15.750491 15.703213 15.582059 15.291586 14.641613 13.290698 10.710961 6.302886 0.000000 
50.000000 39.246194 29.657742 22.022685 16.577157 13.084481 11.060667 9.996000 9.484966 9.260064 9.168890 9.134694 9.122779 9.118908 9.117730 9.117394 9.117304 9.117281 9.117276 9.117274 9.117274 9.117274 9.117274 9.117274 9.117274 9.117274 9.117274 9.117274 9.117274 9.117274 9.117274 9.117274 9.117274 9.117273 9.117271 9.117261 9.117223 9.117084 9.116601 9.115029 9.110214 9.096385 9.059266 8.966414 8.750815 8.288579 7.381072 5.772622 3.266123 0.000000 
50.000000 38.121928 27.531276 19.098552 13.084481 9.227457 6.992734 5.817242 5.253079 5.004827 4.904201 4.866465 4.853319 4.849048 4.847750 4.847379 4.847279 4.847254 4.847248 4.847247 4.847246 4.847246 4.847246 4.847246 4.847246 4.847246 4.847246 4.847246 4.847246 4.847246 4.847246 4.847246 4.847246 4.847246 4.847244 4.847237 4.847211 4.847114 4.846780 4.845702 4.842435 4.833179 4.808748 4.748924 4.613728 4.333666 3.806966 2.920766 1.617217 0.000000 
50.000000 37.470313 26.298870 17.404006 11.060667 6.992734 4.635995 3.396428 2.801571 2.539839 2.433762 2.393986 2.380130 2.375630 2.374262 2.373871 2.373766 2.373740 2.373733 2.373732 2.373732 2.373732 2.373732 2.373732 2.373732 2.373732 2.373732 2.373732 2.373732 2.373732 2.373732 2.373732 2.373732 2.373731 2.373730 2.373726 2.373710 2.373652 2.373452 2.372813 2.370896 2.365528 2.351567 2.317997 2.243811 2.094253 1.821947 1.380321 0.754629 0.000000 
50.000000 37.127419 25.650398 16.512456 9.996000 5.817242 3.396428 2.123239 1.512289 1.243497 1.134566 1.093723 1.079498 1.074877 1.073473 1.073072 1.072964 1.072937 1.072930 1.072929 1.072929 1.072929 1.072929 1.072929 1.072929 1.072929 1.072929 1.072929 1.072929 1.072929 1.072929 1.072929 1.072929 1.072928 1.072928 1.072926 1.072917 1.072886 1.072781 1.072447 1.071452 1.068696 1.061620 1.044861 1.008494 0.936735 0.809243 0.607876 0.329700 0.000000 
50.000000 36.962779 25.339061 16.084462 9.484966 5.253079 2.801571 1.512289 0.893643 0.621477 0.511185 0.469834 0.455432 0.450754 0.449332 0.448927 0.448818 0.448790 0.448784 0.448782 0.448782 0.448782 0.448782 0.448782 0.448782 0.448782 0.448782 0.448782 0.448782 0.448782 0.448782 0.448782 0.448782 0.448782 0.448781 0.448780 0.448776 0.448761 0.448712 0.448555 0.448092 0.446821 0.443593 0.436043 0.419900 0.388581 0.333971 0.249375 0.134549 0.000000 
50.000000 36.890297 25.202007 15.896079 9.260064 5.004827 2.539839 1.243497 0.621477 0.347834 0.236946 0.195373 0.180894 0.176192 0.174763 0.174355 0.174245 0.174217 0.174211 0.174209 0.174209 0.174209 0.174209 0.174209 0.174209 0.174209 0.174209 0.174209 0.174209 0.174209 0.174209 0.174209 0.174209 0.174209 0.174209 0.174208 0.174206 0.174200 0.174179 0.174112 0.173917 0.173385 0.172044 0.168943 0.162391 0.149850 0.128296 0.095388 0.051281 0.000000 
50.000000 36.860903 25.146432 15.819700 9.168890 4.904201 2.433762 1.134566 0.511185 0.236946 0.125818 0.084156 0.069646 0.064934 0.063501 0.063093 0.062983 0.062955 0.062949 0.062947 0.062947 0.062947 0.062947 0.062947 0.062947 0.062947 0.062947 0.062947 0.062947 0.062947 0.062947 0.062947 0.062947 0.062947 0.062947 0.062946 0.062946 0.062943 0.062935 0.062909 0.062834 0.062629 0.062119 0.060948 0.058499 0.053861 0.045979 0.034077 0.018273 0.000000 
50.000000 36.849874 25.125581 15.791048 9.134694 4.866465 2.393986 1.093723 0.469834 0.195373 0.084156 0.042460 0.027939 0.023223 0.021790 0.021381 0.021271 0.021243 0.021236 0.021235 0.021235 0.021234 0.021234 0.021234 0.021234 0.021234 0.021234 0.021234 0.021234 0.021234 0.021234 0.021234 0.021234 0.021234 0.021234 0.021234 0.021234 0.021233 0.021230 0.021221 0.021194 0.021122 0.020942 0.020534 0.019685 0.018093 0.015410 0.011394 0.006098 0.000000 
50.000000 36.846029 25.118314 15.781063 9.122779 4.853319 2.380130 1.079498 0.455432 0.180894 0.069646 0.027939 0.013414 0.008696 0.007263 0.006854 0.006744 0.006716 0.006709 0.006708 0.006707 0.006707 0.006707 0.006707 0.006707 0.006707 0.006707 0.006707 0.006707 0.006707 0.006707 0.006707 0.006707 0.006707 0.006707 0.006707 0.006707 0.006707 0.006706 0.006703 0.006694 0.006670 0.006612 0.006479 0.006205 0.005695 0.004842 0.003574 0.001910 0.000000 
50.000000 36.844779 25.115952 15.777818 9.118908 4.849048 2.375630 1.074877 0.450754 0.176192 0.064934 0.023223 0.008696 0.003979 0.002545 0.002136 0.002026 0.001998 0.001991 0.001990 0.001989 0.001989 0.001989 0.001989 0.001989 0.001989 0.001989 0.001989 0.001989 0.001989 0.001989 0.001989 0.001989 0.001989 0.001989 0.001989 0.001989 0.001989 0.001989 0.001988 0.001985 0.001978 0.001960 0.001920 0.001837 0.001685 0.001430 0.001054 0.000563 0.000000 
50.000000 36.844399 25.115234 15.776831 9.117730 4.847750 2.374262 1.073473 0.449332 0.174763 0.063501 0.021790 0.007263 0.002545 0.001111 0.000702 0.000592 0.000564 0.000557 0.000556 0.000556 0.000556 0.000555 0.000555 0.000555 0.000555 0.000555 0.000555 0.000555 0.000555 0.000555 0.000555 0.000555 0.000555 0.000555 0.000555 0.000555 0.000555 0.000555 0.000555 0.000554 0.000552 0.000547 0.000536 0.000512 0.000469 0.000398 0.000293 0.000156 0.000000 
50.000000 36.844291 25.115029 15.776549 9.117394 4.847379 2.373871 1.073072 0.448927 0.174355 0.063093 0.021381 0.006854 0.002136 0.000702 0.000293 0.000183 0.000155 0.000148 0.000147 0.000146 0.000146 0.000146 0.000146 0.000146 0.000146 0.000146 0.000146 0.000146 0.000146 0.000146 0.000146 0.000146 0.000146 0.000146 0.000146 0.000146 0.000146 0.000146 0.000146 0.000146 0.000146 0.000144 0.000141 0.000135 0.000123 0.000105 0.000077 0.000041 0.000000 
50.000000 36.844262 25.114973 15.776474 9.117304 4.847279 2.373766 1.072964 0.448818 0.174245 0.062983 0.021271 0.006744 0.002026 0.000592 0.000183 0.000073 0.000045 0.000038 0.000037 0.000037 0.000037 0.000037 0.000037 0.000037 0.000037 0.000037 0.000037 0.000037 0.000037 0.000037 0.000037 0.000037 0.000037 0.000037 0.000037 0.000037 0.000037 0.000037 0.000036 0.000036 0.000036 0.000036 0.000035 0.000034 0.000031 0.000026 0.000019 0.000010 0.000000 
50.000000 36.844254 25.114959 15.776454 9.117281 4.847254 2.373740 1.072937 0.448790 0.174217 0.062955 0.021243 0.006716 0.001998 0.000564 0.000155 0.000045 0.000017 0.000011 0.000009 0.000009 0.000009 0.000009 0.000009 0.000009 0.000009 0.000009 0.000009 0.000009 0.000009 0.000009 0.000009 0.000009 0.000009 0.000009 0.000009 0.000009 0.000009 0.000009 0.000009 0.000009 0.000009 0.000008 0.000008 0.000008 0.000007 0.000006 0.000005 0.000002 0.000000 
50.000000 36.844252 25.114956 15.776450 9.117276 4.847248 2.373733 1.072930 0.448784 0.174211 0.062949 0.021236 0.006709 0.001991 0.000557 0.000148 0.000038 0.000011 0.000004 0.000002 0.000002 0.000002 0.000002 0.000002 0.000002 0.000002 0.000002 0.000002 0.000002 0.000002 0.000002 0.000002 0.000002 0.000002 0.000002 0.000002 0.000002 0.000002 0.000002 0.000002 0.000002 0.000002 0.000002 0.000002 0.000002 0.000002 0.000001 0.000001 0.000001 0.000000 
50.000000 36.844252 25.114955 15.776449 9.117274 4.847247 2.373732 1.072929 0.448782 0.174209 0.062947 0.021235 0.006708 0.001990 0.000556 0.000147 0.000037 0.000009 0.000002 0.000001 0.000000 0.000000 0.000000 0.000000 0.000000 0.000000 0.000000 0.000000 0.000000 0.000000 0.000000 0.000000 0.000000 0.000000 0.000000 0.000000 0.000000 0.000000 0.000000 0.000000 0.000000 0.000000 0.000000 0.000000 0.000000 0.000000 0.000000 0.000000 0.000000 0.000000 
50.000000 36.844252 25.114955 15.776449 9.117274 4.847246 2.373732 1.072929 0.448782 0.174209 0.062947 0.021235 0.006707 0.001989 0.000556 0.000146 0.000037 0.000009 0.000002 0.000000 0.000000 0.000000 0.000000 0.000000 0.000000 0.000000 0.000000 0.000000 0.000000 0.000000 0.000000 0.000000 0.000000 0.000000 0.000000 0.000000 0.000000 0.000000 0.000000 0.000000 0.000000 0.000000 0.000000 0.000000 0.000000 0.000000 0.000000 0.000000 0.000000 0.000000 
50.000000 36.844252 25.114955 15.776449 9.117274 4.847246 2.373732 1.072929 0.448782 0.174209 0.062947 0.021234 0.006707 0.001989 0.000556 0.000146 0.000037 0.000009 0.000002 0.000000 0.000000 0.000000 0.000000 0.000000 0.000000 0.000000 0.000000 0.000000 0.000000 0.000000 0.000000 0.000000 0.000000 0.000000 0.000000 0.000000 0.000000 0.000000 0.000000 0.000000 0.000000 0.000000 0.000000 0.000000 0.000000 0.000000 0.000000 0.000000 0.000000 0.000000 
50.000000 36.844252 25.114955 15.776449 9.117274 4.847246 2.373732 1.072929 0.448782 0.174209 0.062947 0.021234 0.006707 0.001989 0.000555 0.000146 0.000037 0.000009 0.000002 0.000000 0.000000 0.000000 0.000000 0.000000 0.000000 0.000000 0.000000 0.000000 0.000000 0.000000 0.000000 0.000000 0.000000 0.000000 0.000000 0.000000 0.000000 0.000000 0.000000 0.000000 0.000000 0.000000 0.000000 0.000000 0.000000 0.000000 0.000000 0.000000 0.000000 0.000000 
50.000000 36.844252 25.114955 15.776449 9.117274 4.847246 2.373732 1.072929 0.448782 0.174209 0.062947 0.021234 0.006707 0.001989 0.000555 0.000146 0.000037 0.000009 0.000002 0.000000 0.000000 0.000000 0.000000 0.000000 0.000000 0.000000 0.000000 0.000000 0.000000 0.000000 0.000000 0.000000 0.000000 0.000000 0.000000 0.000000 0.000000 0.000000 0.000000 0.000000 0.000000 0.000000 0.000000 0.000000 0.000000 0.000000 0.000000 0.000000 0.000000 0.000000 
50.000000 36.844252 25.114955 15.776449 9.117274 4.847246 2.373732 1.072929 0.448782 0.174209 0.062947 0.021234 0.006707 0.001989 0.000555 0.000146 0.000037 0.000009 0.000002 0.000000 0.000000 0.000000 0.000000 0.000000 0.000000 0.000000 0.000000 0.000000 0.000000 0.000000 0.000000 0.000000 0.000000 0.000000 0.000000 0.000000 0.000000 0.000000 0.000000 0.000000 0.000000 0.000000 0.000000 0.000000 0.000000 0.000000 0.000000 0.000000 0.000000 0.000000 
50.000000 36.844252 25.114955 15.776449 9.117274 4.847246 2.373732 1.072929 0.448782 0.174209 0.062947 0.021234 0.006707 0.001989 0.000555 0.000146 0.000037 0.000009 0.000002 0.000000 0.000000 0.000000 0.000000 0.000000 0.000000 0.000000 0.000000 0.000000 0.000000 0.000000 0.000000 0.000000 0.000000 0.000000 0.000000 0.000000 0.000000 0.000000 0.000000 0.000000 0.000000 0.000000 0.000000 0.000000 0.000000 0.000000 0.000000 0.000000 0.000000 0.000000 
50.000000 36.844252 25.114955 15.776449 9.117274 4.847246 2.373732 1.072929 0.448782 0.174209 0.062947 0.021234 0.006707 0.001989 0.000555 0.000146 0.000037 0.000009 0.000002 0.000000 0.000000 0.000000 0.000000 0.000000 0.000000 0.000000 0.000000 0.000000 0.000000 0.000000 0.000000 0.000000 0.000000 0.000000 0.000000 0.000000 0.000000 0.000000 0.000000 0.000000 0.000000 0.000000 0.000000 0.000000 0.000000 0.000000 0.000000 0.000000 0.000000 0.000000 
50.000000 36.844252 25.114955 15.776449 9.117274 4.847246 2.373732 1.072929 0.448782 0.174209 0.062947 0.021234 0.006707 0.001989 0.000555 0.000146 0.000037 0.000009 0.000002 0.000000 0.000000 0.000000 0.000000 0.000000 0.000000 0.000000 0.000000 0.000000 0.000000 0.000000 0.000000 0.000000 0.000000 0.000000 0.000000 0.000000 0.000000 0.000000 0.000000 0.000000 0.000000 0.000000 0.000000 0.000000 0.000000 0.000000 0.000000 0.000000 0.000000 0.000000 
50.000000 36.844252 25.114955 15.776449 9.117274 4.847246 2.373732 1.072929 0.448782 0.174209 0.062947 0.021234 0.006707 0.001989 0.000556 0.000146 0.000037 0.000009 0.000002 0.000000 0.000000 0.000000 0.000000 0.000000 0.000000 0.000000 0.000000 0.000000 0.000000 0.000000 0.000000 0.000000 0.000000 0.000000 0.000000 0.000000 0.000000 0.000000 0.000000 0.000000 0.000000 0.000000 0.000000 0.000000 0.000000 0.000000 0.000000 0.000000 0.000000 0.000000 
50.000000 36.844252 25.114955 15.776449 9.117274 4.847246 2.373732 1.072929 0.448782 0.174209 0.062947 0.021235 0.006707 0.001989 0.000556 0.000146 0.000037 0.000009 0.000002 0.000000 0.000000 0.000000 0.000000 0.000000 0.000000 0.000000 0.000000 0.000000 0.000000 0.000000 0.000000 0.000000 0.000000 0.000000 0.000000 0.000000 0.000000 0.000000 0.000000 0.000000 0.000000 0.000000 0.000000 0.000000 0.000000 0.000000 0.000000 0.000000 0.000000 0.000000 
50.000000 36.844252 25.114955 15.776449 9.117274 4.847247 2.373732 1.072929 0.448782 0.174209 0.062947 0.021235 0.006708 0.001990 0.000556 0.000147 0.000037 0.000009 0.000002 0.000001 0.000000 0.000000 0.000000 0.000000 0.000000 0.000000 0.000000 0.000000 0.000000 0.000000 0.000000 0.000000 0.000000 0.000000 0.000000 0.000000 0.000000 0.000000 0.000000 0.000000 0.000000 0.000000 0.000000 0.000000 0.000000 0.000000 0.000000 0.000000 0.000000 0.000000 
50.000000 36.844252 25.114956 15.776450 9.117276 4.847248 2.373733 1.072930 0.448784 0.174211 0.062949 0.021236 0.006709 0.001991 0.000557 0.000148 0.000038 0.000011 0.000004 0.000002 0.000002 0.000002 0.000002 0.000002 0.000002 0.000002 0.000002 0.000002 0.000002 0.000002 0.000002 0.000002 0.000002 0.000002 0.000002 0.000002 0.000002 0.000002 0.000002 0.000002 0.000002 0.000002 0.000002 0.000002 0.000002 0.000002 0.000001 0.000001 0.000001 0.000000 
50.000000 36.844254 25.114959 15.776454 9.117281 4.847254 2.373740 1.072937 0.448790 0.174217 0.062955 0.021243 0.006716 0.001998 0.000564 0.000155 0.000045 0.000017 0.000011 0.000009 0.000009 0.000009 0.000009 0.000009 0.000009 0.000009 0.000009 0.000009 0.000009 0.000009 0.000009 0.000009 0.000009 0.000009 0.000009 0.000009 0.000009 0.000009 0.000009 0.000009 0.000009 0.000009 0.000008 0.000008 0.000008 0.000007 0.000006 0.000005 0.000002 0.000000 
50.000000 36.844262 25.114973 15.776474 9.117304 4.847279 2.373766 1.072964 0.448818 0.174245 0.062983 0.021271 0.006744 0.002026 0.000592 0.000183 0.000073 0.000045 0.000038 0.000037 0.000037 0.000037 0.000037 0.000037 0.000037 0.000037 0.000037 0.000037 0.000037 0.000037 0.000037 0.000037 0.000037 0.000037 0.000037 0.000037 0.000037 0.000037 0.000037 0.000036 0.000036 0.000036 0.000036 0.000035 0.000034 0.000031 0.000026 0.000019 0.000010 0.000000 
50.000000 36.844291 25.115029 15.776549 9.117394 4.847379 2.373871 1.073072 0.448927 0.174355 0.063093 0.021381 0.006854 0.002136 0.000702 0.000293 0.000183 0.000155 0.000148 0.000147 0.000146 0.000146 0.000146 0.000146 0.000146 0.000146 0.000146 0.000146 0.000146 0.000146 0.000146 0.000146 0.000146 0.000146 0.000146 0.000146 0.000146 0.000146 0.000146 0.000146 0.000146 0.000146 0.000144 0.000141 0.000135 0.000123 0.000105 0.000077 0.000041 0.000000 
50.000000 36.844399 25.115234 15.776831 9.117730 4.847750 2.374262 1.073473 0.449332 0.174763 0.063501 0.021790 0.007263 0.002545 0.001111 0.000702 0.000592 0.000564 0.000557 0.000556 0.000556 0.000556 0.000555 0.000555 0.000555 0.000555 0.000555 0.000555 0.000555 0.000555 0.000555 0.000555 0.000555 0.000555 0.000555 0.000555 0.000555 0.000555 0.000555 0.000555 0.000554 0.000552 0.000547 0.000536 0.000512 0.000469 0.000398 0.000293 0.000156 0.000000 
50.000000 36.844779 25.115952 15.777818 9.118908 4.849048 2.375630 1.074877 0.450754 0.176192 0.064934 0.023223 0.008696 0.003979 0.002545 0.002136 0.002026 0.001998 0.001991 0.001990 0.001989 0.001989 0.001989 0.001989 0.001989 0.001989 0.001989 0.001989 0.001989 0.001989 0.001989 0.001989 0.001989 0.001989 0.001989 0.001989 0.001989 0.001989 0.001989 0.001988 0.001985 0.001978 0.001960 0.001920 0.001837 0.001685 0.001430 0.001054 0.000563 0.000000 
50.000000 36.846029 25.118314 15.781063 9.122779 4.853319 2.380130 1.079498 0.455432 0.180894 0.069646 0.027939 0.013414 0.008696 0.007263 0.006854 0.006744 0.006716 0.006709 0.006708 0.006707 0.006707 0.006707 0.006707 0.006707 0.006707 0.006707 0.006707 0.006707 0.006707 0.006707 0.006707 0.006707 0.006707 0.006707 0.006707 0.006707 0.006707 0.006706 0.006703 0.006694 0.006670 0.006612 0.006479 0.006205 0.005695 0.004842 0.003574 0.001910 0.000000 
50.000000 36.849874 25.125581 15.791048 9.134694 4.866465 2.393986 1.093723 0.469834 0.195373 0.084156 0.042460 0.027939 0.023223 0.021790 0.021381 0.021271 0.021243 0.021236 0.021235 0.021235 0.021234 0.021234 0.021234 0.021234 0.021234 0.021234 0.021234 0.021234 0.021234 0.021234 0.021234 0.021234 0.021234 0.021234 0.021234 0.021234 0.021233 0.021230 0.021221 0.021194 0.021122 0.020942 0.020534 0.019685 0.018093 0.015410 0.011394 0.006098 0.000000 
50.000000 36.860903 25.146432 15.819700 9.168890 4.904201 2.433762 1.134566 0.511185 0.236946 0.125818 0.084156 0.069646 0.064934 0.063501 0.063093 0.062983 0.062955 0.062949 0.062947 0.062947 0.062947 0.062947 0.062947 0.062947 0.062947 0.062947 0.062947 0.062947 0.062947 0.062947 0.062947 0.062947 0.062947 0.062947 0.062946 0.062946 0.062943 0.062935 0.062909 0.062834 0.062629 0.062119 0.060948 0.058499 0.053861 0.045979 0.034077 0.018273 0.000000 
50.000000 36.890297 25.202007 15.896079 9.260064 5.004827 2.539839 1.243497 0.621477 0.347834 0.236946 0.195373 0.180894 0.176192 0.174763 0.174355 0.174245 0.174217 0.174211 0.174209 0.174209 0.174209 0.174209 0.174209 0.174209 0.174209 0.174209 0.174209 0.174209 0.174209 0.174209 0.174209 0.174209 0.174209 0.174209 0.174208 0.174206 0.174200 0.174179 0.174112 0.173917 0.173385 0.172044 0.168943 0.162391 0.149850 0.128296 0.095388 0.051281 0.000000 
50.000000 36.962779 25.339061 16.084462 9.484966 5.253079 2.801571 1.512289 0.893643 0.621477 0.511185 0.469834 0.455432 0.450754 0.449332 0.448927 0.448818 0.448790 0.448784 0.448782 0.448782 0.448782 0.448782 0.448782 0.448782 0.448782 0.448782 0.448782 0.448782 0.448782 0.448782 0.448782 0.448782 0.448782 0.448781 0.448780 0.448776 0.448761 0.448712 0.448555 0.448092 0.446821 0.443593 0.436043 0.419900 0.388581 0.333971 0.249375 0.134549 0.000000 
50.000000 37.127419 25.650398 16.512456 9.996000 5.817242 3.396428 2.123239 1.512289 1.243497 1.134566 1.093723 1.079498 1.074877 1.073473 1.073072 1.072964 1.072937 1.072930 1.072929 1.072929 1.072929 1.072929 1.072929 1.072929 1.072929 1.072929 1.072929 1.072929 1.072929 1.072929 1.072929 1.072929 1.072928 1.072928 1.072926 1.072917 1.072886 1.072781 1.072447 1.071452 1.068696 1.061620 1.044861 1.008494 0.936735 0.809243 0.607876 0.329700 0.000000 
50.000000 37.470313 26.298870 17.404006 11.060667 6.992734 4.635995 3.396428 2.801571 2.539839 2.433762 2.393986 2.380130 2.375630 2.374262 2.373871 2.373766 2.373740 2.373733 2.373732 2.373732 2.373732 2.373732 2.373732 2.373732 2.373732 2.373732 2.373732 2.373732 2.373732 2.373732 2.373732 2.373732 2.373731 2.373730 2.373726 2.373710 2.373652 2.373452 2.372813 2.370896 2.365528 2.351567 2.317997 2.243811 2.094253 1.821947 1.380321 0.754629 0.000000 
50.000000 38.121928 27.531276 19.098552 13.084481 9.227457 6.992734 5.817242 5.253079 5.004827 4.904201 4.866465 4.853319 4.849048 4.847750 4.847379 4.847279 4.847254 4.847248 4.847247 4.847246 4.847246 4.847246 4.847246 4.847246 4.847246 4.847246 4.847246 4.847246 4.847246 4.847246 4.847246 4.847246 4.847246 4.847244 4.847237 4.847211 4.847114 4.846780 4.845702 4.842435 4.833179 4.808748 4.748924 4.613728 4.333666 3.806966 2.920766 1.617217 0.000000 
50.000000 39.246194 29.657742 22.022685 16.577157 13.084481 11.060667 9.996000 9.484966 9.260064 9.168890 9.134694 9.122779 9.118908 9.117730 9.117394 9.117304 9.117281 9.117276 9.117274 9.117274 9.117274 9.117274 9.117274 9.117274 9.117274 9.117274 9.117274 9.117274 9.117274 9.117274 9.117274 9.117274 9.117273 9.117271 9.117261 9.117223 9.117084 9.116601 9.115029 9.110214 9.096385 9.059266 8.966414 8.750815 8.288579 7.381072 5.772622 3.266123 0.000000 
50.000000 40.998694 32.972642 26.581395 22.022685 19.098552 17.404006 16.512456 16.084462 15.896079 15.819700 15.791048 15.781063 15.777818 15.776831 15.776549 15.776474 15.776454 15.776450 15.776449 15.776449 15.776449 15.776449 15.776449 15.776449 15.776449 15.776449 15.776449 15.776449 15.776449 15.776449 15.776448 15.776448 15.776448 15.776445 15.776433 15.776388 15.776220 15.775637 15.773720 15.767783 15.750491 15.703213 15.582059 15.291586 14.641613 13.290698 10.710961 6.302886 0.000000 
50.000000 43.455427 37.619809 32.972642 29.657742 27.531276 26.298870 25.650398 25.339061 25.202007 25.146432 25.125581 25.118314 25.115952 25.115234 25.115029 25.114973 25.114959 25.114956 25.114955 25.114955 25.114955 25.114955 25.114955 25.114955 25.114955 25.114955 25.114955 25.114955 25.114955 25.114955 25.114955 25.114955 25.114954 25.114952 25.114941 25.114898 25.114740 25.114187 25.112355 25.106620 25.089686 25.042522 24.918549 24.610510 23.885120 22.261682 18.809905 11.938694 0.000000 
50.000000 46.540348 43.455427 40.998694 39.246194 38.121928 37.470313 37.127419 36.962779 36.890297 36.860903 36.849874 36.846029 36.844779 36.844399 36.844291 36.844262 36.844254 36.844252 36.844252 36.844252 36.844252 36.844252 36.844252 36.844252 36.844252 36.844252 36.844252 36.844252 36.844252 36.844252 36.844252 36.844252 36.844251 36.844250 36.844243 36.844217 36.844119 36.843776 36.842630 36.839016 36.828229 36.797718 36.715683 36.504711 35.980071 34.695808 31.516733 23.270174 0.000000 
50.000000 50.000000 50.000000 50.000000 50.000000 50.000000 50.000000 50.000000 50.000000 50.000000 50.000000 50.000000 50.000000 50.000000 50.000000 50.000000 50.000000 50.000000 50.000000 50.000000 50.000000 50.000000 50.000000 50.000000 50.000000 50.000000 50.000000 50.000000 50.000000 50.000000 50.000000 50.000000 50.000000 50.000000 50.000000 50.000000 50.000000 50.000000 50.000000 50.000000 50.000000 50.000000 50.000000 50.000000 50.000000 50.000000 50.000000 50.000000 50.000000 50.000000 
