50.000000 50.000000 50.000000 50.000000 50.000000 50.000000 50.000000 50.000000 50.000000 50.000000 50.000000 50.000000 50.000000 50.000000 50.000000 50.000000 50.000000 50.000000 50.000000 50.000000 50.000000 50.000000 50.000000 50.000000 50.000000 50.000000 50.000000 50.000000 50.000000 50.000000 50.000000 50.000000 50.000000 50.000000 50.000000 50.000000 50.000000 50.000000 50.000000 50.000000 50.000000 50.000000 50.000000 50.000000 50.000000 50.000000 50.000000 50.000000 50.000000 50.000000 
50.000000 48.060942 46.239819 44.633086 43.300742 42.261627 41.498707 40.970838 40.626226 40.413676 40.289648 40.221078 40.185108 40.167179 40.158674 40.154829 40.153170 40.152486 40.152217 40.152115 40.152078 40.152065 40.152060 40.152059 40.152059 40.152058 40.152058 40.152058 40.152058 40.152057 40.152055 40.152049 40.152032 40.151982 40.151848 40.151499 40.150624 40.148507 40.143565 40.132433 40.108185 40.056973 39.951675 39.739559 39.316868 38.471337 36.736335 32.973068 24.030471 0.000000 
50.000000 46.239819 42.708345 39.592624 37.009008 34.994026 33.514640 32.491057 31.822836 31.410698 31.170209 31.037256 30.967514 30.932751 30.916262 30.908808 30.905592 30.904266 30.903743 30.903545 30.903474 30.903449 30.903440 30.903438 30.903437 30.903437 30.903436 30.903436 30.903436 30.903435 30.903431 30.903420 30.903389 30.903300 30.903061 30.902440 30.900885 30.897135 30.888420 30.868897 30.826679 30.738416 30.559550 30.206921 29.527345 28.239671 25.827385 21.354173 13.266751 0.000000 
50.000000 44.633086 39.592624 35.145598 31.458080 28.582197 26.470783 25.009932 24.056273 23.468102 23.124906 22.935177 22.835657 22.786053 22.762524 22.751888 22.747300 22.745409 22.744662 22.744380 22.744278 22.744242 22.744230 22.744227 22.744225 22.744225 22.744225 22.744225 22.744224 22.744223 22.744218 22.744205 22.744165 22.744055 22.743757 22.742988 22.741069 22.736464 22.725828 22.702189 22.651600 22.547289 22.339842 21.941438 21.201694 19.873422 17.572799 13.765239 7.896751 0.000000 
50.000000 43.300742 37.009008 31.458080 26.855260 23.265600 20.630205 18.806868 17.616611 16.882542 16.454230 16.217457 16.093265 16.031367 16.002008 15.988738 15.983013 15.980653 15.979722 15.979370 15.979243 15.979198 15.979183 15.979179 15.979177 15.979177 15.979177 15.979176 15.979176 15.979174 15.979170 15.979155 15.979115 15.979001 15.978695 15.977907 15.975952 15.971289 15.960599 15.937060 15.887281 15.786199 15.589153 15.220573 14.559805 13.427630 11.584659 8.769338 4.829405 0.000000 
50.000000 42.261627 34.994026 28.582197 23.265600 19.119362 16.075422 13.969488 12.594801 11.747018 11.252377 10.978949 10.835538 10.764063 10.730165 10.714843 10.708234 10.705510 10.704435 10.704029 10.703881 10.703830 10.703813 10.703807 10.703806 10.703805 10.703805 10.703805 10.703804 10.703803 10.703799 10.703786 10.703749 10.703646 10.703371 10.702666 10.700927 10.696804 10.687430 10.666992 10.624299 10.538926 10.375683 10.077690 9.559681 8.705796 7.380503 5.466681 2.944760 0.000000 
50.000000 41.498707 33.514640 26.470783 20.630205 16.075422 12.731632 10.418316 8.908305 7.977101 7.433811 7.133502 6.976000 6.897507 6.860281 6.843457 6.836200 6.833209 6.832029 6.831583 6.831421 6.831365 6.831346 6.831340 6.831338 6.831337 6.831337 6.831337 6.831336 6.831335 6.831332 6.831321 6.831291 6.831208 6.830986 6.830420 6.829031 6.825761 6.818387 6.802466 6.769604 6.704837 6.583171 6.365816 5.997732 5.409632 4.529345 3.307720 1.759148 0.000000 
50.000000 40.970838 32.491057 25.009932 18.806868 13.969488 10.418316 7.961593 6.358021 5.369152 4.792240 4.473359 4.306123 4.222783 4.183261 4.165399 4.157695 4.154520 4.153267 4.152794 4.152622 4.152563 4.152543 4.152536 4.152534 4.152533 4.152533 4.152533 4.152533 4.152532 4.152529 4.152522 4.152499 4.152438 4.152275 4.151860 4.150849 4.148484 4.143193 4.131878 4.108780 4.063860 3.980796 3.835145 3.593805 3.217715 2.670090 1.931508 1.019163 0.000000 
50.000000 40.626226 31.822836 24.056273 17.616611 12.594801 8.908305 6.358021 4.693421 3.666948 3.068115 2.737130 2.563551 2.477054 2.436036 2.417499 2.409504 2.406209 2.404910 2.404418 2.404240 2.404178 2.404157 2.404151 2.404149 2.404148 2.404148 2.404148 2.404148 2.404147 2.404145 2.404140 2.404125 2.404083 2.403972 2.403693 2.403014 2.401438 2.397938 2.390517 2.375524 2.346711 2.294161 2.203468 2.055875 1.830412 1.508984 1.084420 0.569253 0.000000 
50.000000 40.413676 31.410698 23.468102 16.882542 11.747018 7.977101 5.369152 3.666948 2.617309 2.004977 1.666538 1.489057 1.400616 1.358678 1.339726 1.331553 1.328184 1.326856 1.326354 1.326172 1.326108 1.326087 1.326080 1.326078 1.326077 1.326077 1.326077 1.326077 1.326077 1.326075 1.326072 1.326062 1.326036 1.325966 1.325791 1.325369 1.324393 1.322241 1.317715 1.308655 1.291424 1.260372 1.207498 1.122719 0.995261 0.816501 0.584019 0.305491 0.000000 
50.000000 40.289648 31.170209 23.124906 16.454230 11.252377 7.433811 4.792240 3.068115 2.004977 1.384779 1.042001 0.862246 0.772676 0.730203 0.711009 0.702732 0.699321 0.697975 0.697467 0.697282 0.697218 0.697197 0.697190 0.697188 0.697187 0.697187 0.697187 0.697187 0.697186 0.697186 0.697184 0.697178 0.697162 0.697122 0.697019 0.696774 0.696209 0.694972 0.692390 0.687261 0.677598 0.660362 0.631345 0.585385 0.517171 0.422717 0.301313 0.157215 0.000000 
50.000000 40.221078 31.037256 22.935177 16.217457 10.978949 7.133502 4.473359 2.737130 1.666538 1.042001 0.696828 0.515820 0.425626 0.382858 0.363532 0.355198 0.351763 0.350408 0.349896 0.349711 0.349646 0.349624 0.349617 0.349615 0.349614 0.349614 0.349614 0.349614 0.349614 0.349614 0.349613 0.349609 0.349601 0.349578 0.349522 0.349388 0.349082 0.348414 0.347028 0.344297 0.339192 0.330166 0.315116 0.291519 0.256858 0.209349 0.148836 0.077513 0.000000 
50.000000 40.185108 30.967514 22.835657 16.093265 10.835538 6.976000 4.306123 2.563551 1.489057 0.862246 0.515820 0.334157 0.243637 0.200715 0.181320 0.172955 0.169508 0.168149 0.167635 0.167449 0.167384 0.167362 0.167355 0.167353 0.167352 0.167352 0.167352 0.167352 0.167352 0.167352 0.167351 0.167349 0.167345 0.167333 0.167304 0.167235 0.167079 0.166739 0.166037 0.164663 0.162113 0.157639 0.150239 0.138733 0.121977 0.099193 0.070380 0.036602 0.000000 
50.000000 40.167179 30.932751 22.786053 16.031367 10.764063 6.897507 4.222783 2.477054 1.400616 0.772676 0.425626 0.243637 0.152956 0.109957 0.090527 0.082148 0.078695 0.077333 0.076818 0.076631 0.076566 0.076545 0.076538 0.076536 0.076535 0.076535 0.076535 0.076535 0.076535 0.076534 0.076534 0.076533 0.076531 0.076525 0.076511 0.076478 0.076402 0.076238 0.075902 0.075247 0.074040 0.071934 0.068476 0.063136 0.055414 0.044984 0.031867 0.016555 0.000000 
50.000000 40.158674 30.916262 22.762524 16.002008 10.730165 6.860281 4.183261 2.436036 1.358678 0.730203 0.382858 0.200715 0.109957 0.066922 0.047476 0.039090 0.035634 0.034271 0.033756 0.033569 0.033504 0.033482 0.033475 0.033473 0.033472 0.033472 0.033472 0.033472 0.033472 0.033472 0.033472 0.033471 0.033470 0.033468 0.033461 0.033446 0.033411 0.033336 0.033183 0.032887 0.032343 0.031400 0.029861 0.027498 0.024101 0.019536 0.013822 0.007174 0.000000 
50.000000 40.154829 30.908808 22.751888 15.988738 10.714843 6.843457 4.165399 2.417499 1.339726 0.711009 0.363532 0.181320 0.090527 0.047476 0.028022 0.019633 0.016176 0.014812 0.014297 0.014110 0.014045 0.014023 0.014016 0.014014 0.014013 0.014013 0.014013 0.014013 0.014013 0.014013 0.014013 0.014013 0.014012 0.014011 0.014008 0.014002 0.013986 0.013954 0.013888 0.013760 0.013527 0.013124 0.012470 0.011472 0.010043 0.008131 0.005747 0.002981 0.000000 
50.000000 40.153170 30.905592 22.747300 15.983013 10.708234 6.836200 4.157695 2.409504 1.331553 0.702732 0.355198 0.172955 0.082148 0.039090 0.019633 0.011242 0.007784 0.006421 0.005905 0.005718 0.005653 0.005632 0.005625 0.005622 0.005622 0.005622 0.005622 0.005622 0.005622 0.005621 0.005621 0.005621 0.005621 0.005621 0.005620 0.005617 0.005610 0.005597 0.005570 0.005517 0.005422 0.005257 0.004992 0.004588 0.004013 0.003246 0.002292 0.001188 0.000000 
50.000000 40.152486 30.904266 22.745409 15.980653 10.705510 6.833209 4.154520 2.406209 1.328184 0.699321 0.351763 0.169508 0.078695 0.035634 0.016176 0.007784 0.004326 0.002962 0.002447 0.002260 0.002195 0.002173 0.002166 0.002164 0.002163 0.002163 0.002163 0.002163 0.002163 0.002163 0.002163 0.002163 0.002163 0.002163 0.002162 0.002161 0.002159 0.002153 0.002143 0.002122 0.002085 0.002021 0.001917 0.001761 0.001539 0.001244 0.000878 0.000455 0.000000 
50.000000 40.152217 30.903743 22.744662 15.979722 10.704435 6.832029 4.153267 2.404910 1.326856 0.697975 0.350408 0.168149 0.077333 0.034271 0.014812 0.006421 0.002962 0.001598 0.001083 0.000896 0.000831 0.000809 0.000802 0.000800 0.000799 0.000799 0.000799 0.000799 0.000799 0.000799 0.000799 0.000799 0.000799 0.000799 0.000799 0.000799 0.000798 0.000796 0.000791 0.000784 0.000770 0.000746 0.000707 0.000649 0.000567 0.000458 0.000323 0.000167 0.000000 
50.000000 40.152115 30.903545 22.744380 15.979370 10.704029 6.831583 4.152794 2.404418 1.326354 0.697467 0.349896 0.167635 0.076818 0.033756 0.014297 0.005905 0.002447 0.001083 0.000568 0.000381 0.000316 0.000294 0.000287 0.000285 0.000284 0.000284 0.000284 0.000284 0.000284 0.000284 0.000284 0.000284 0.000284 0.000284 0.000284 0.000284 0.000283 0.000282 0.000281 0.000278 0.000273 0.000265 0.000251 0.000230 0.000201 0.000162 0.000114 0.000059 0.000000 
50.000000 40.152078 30.903474 22.744278 15.979243 10.703881 6.831421 4.152622 2.404240 1.326172 0.697282 0.349711 0.167449 0.076631 0.033569 0.014110 0.005718 0.002260 0.000896 0.000381 0.000194 0.000129 0.000107 0.000100 0.000098 0.000097 0.000097 0.000097 0.000097 0.000097 0.000097 0.000097 0.000097 0.000097 0.000097 0.000097 0.000097 0.000097 0.000097 0.000096 0.000095 0.000093 0.000090 0.000086 0.000078 0.000068 0.000055 0.000039 0.000020 0.000000 
50.000000 40.152065 30.903449 22.744242 15.979198 10.703830 6.831365 4.152563 2.404178 1.326108 0.697218 0.349646 0.167384 0.076566 0.033504 0.014045 0.005653 0.002195 0.000831 0.000316 0.000129 0.000064 0.000042 0.000035 0.000033 0.000032 0.000032 0.000032 0.000032 0.000032 0.000032 0.000032 0.000032 0.000032 0.000032 0.000032 0.000032 0.000032 0.000032 0.000032 0.000031 0.000031 0.000030 0.000028 0.000026 0.000022 0.000018 0.000013 0.000007 0.000000 
50.000000 40.152060 30.903440 22.744230 15.979183 10.703813 6.831346 4.152543 2.404157 1.326087 0.697197 0.349624 0.167362 0.076545 0.033482 0.014023 0.005632 0.002173 0.000809 0.000294 0.000107 0.000042 0.000020 0.000013 0.000011 0.000010 0.000010 0.000010 0.000010 0.000010 0.000010 0.000010 0.000010 0.000010 0.000010 0.000010 0.000010 0.000010 0.000010 0.000010 0.000010 0.000010 0.000009 0.000009 0.000008 0.000007 0.000006 0.000004 0.000002 0.000000 
50.000000 40.152059 30.903438 22.744227 15.979179 10.703807 6.831340 4.152536 2.404151 1.326080 0.697190 0.349617 0.167355 0.076538 0.033475 0.014016 0.005625 0.002166 0.000802 0.000287 0.000100 0.000035 0.000013 0.000006 0.000004 0.000003 0.000003 0.000003 0.000003 0.000003 0.000003 0.000003 0.000003 0.000003 0.000003 0.000003 0.000003 0.000003 0.000003 0.000003 0.000003 0.000003 0.000003 0.000003 0.000003 0.000002 0.000002 0.000001 0.000001 0.000000 
50.000000 40.152059 30.903437 22.744226 15.979177 10.703806 6.831338 4.152534 2.404149 1.326078 0.697188 0.349615 0.167353 0.076536 0.033473 0.014014 0.005623 0.002164 0.000800 0.000285 0.000098 0.000033 0.000011 0.000004 0.000002 0.000001 0.000001 0.000001 0.000001 0.000001 0.000001 0.000001 0.000001 0.000001 0.000001 0.000001 0.000001 0.000001 0.000001 0.000001 0.000001 0.000001 0.000001 0.000001 0.000001 0.000001 0.000001 0.000000 0.000000 0.000000 
50.000000 40.152059 30.903437 22.744226 15.979177 10.703806 6.831338 4.152534 2.404149 1.326078 0.697188 0.349615 0.167353 0.076536 0.033473 0.014014 0.005623 0.002164 0.000800 0.000285 0.000098 0.000033 0.000011 0.000004 0.000002 0.000001 0.000001 0.000001 0.000001 0.000001 0.000001 0.000001 0.000001 0.000001 0.000001 0.000001 0.000001 0.000001 0.000001 0.000001 0.000001 0.000001 0.000001 0.000001 0.000001 0.000001 0.000001 0.000000 0.000000 0.000000 
50.000000 40.152059 30.903438 22.744227 15.979179 10.703807 6.831340 4.152536 2.404151 1.326080 0.697190 0.349617 0.167355 0.076538 0.033475 0.014016 0.005625 0.002166 0.000802 0.000287 0.000100 0.000035 0.000013 0.000006 0.000004 0.000003 0.000003 0.000003 0.000003 0.000003 0.000003 0.000003 0.000003 0.000003 0.000003 0.000003 0.000003 0.000003 0.000003 0.000003 0.000003 0.000003 0.000003 0.000003 0.000003 0.000002 0.000002 0.000001 0.000001 0.000000 
50.000000 40.152060 30.903440 22.744230 15.979183 10.703813 6.831346 4.152543 2.404157 1.326087 0.697197 0.349624 0.167362 0.076545 0.033482 0.014023 0.005632 0.002173 0.000809 0.000294 0.000107 0.000042 0.000020 0.000013 0.000011 0.000010 0.000010 0.000010 0.000010 0.000010 0.000010 0.000010 0.000010 0.000010 0.000010 0.000010 0.000010 0.000010 0.000010 0.000010 0.000010 0.000010 0.000009 0.000009 0.000008 0.000007 0.000006 0.000004 0.000002 0.000000 
50.000000 40.152065 30.903449 22.744242 15.979198 10.703830 6.831365 4.152563 2.404178 1.326108 0.697218 0.349646 0.167384 0.076566 0.033504 0.014045 0.005653 0.002195 0.000831 0.000316 0.000129 0.000064 0.000042 0.000035 0.000033 0.000032 0.000032 0.000032 0.000032 0.000032 0.000032 0.000032 0.000032 0.000032 0.000032 0.000032 0.000032 0.000032 0.000032 0.000032 0.000031 0.000031 0.000030 0.000028 0.000026 0.000022 0.000018 0.000013 0.000007 0.000000 
50.000000 40.152078 30.903474 22.744278 15.979243 10.703881 6.831421 4.152622 2.404240 1.326172 0.697282 0.349711 0.167449 0.076631 0.033569 0.014110 0.005718 0.002260 0.000896 0.000381 0.000194 0.000129 0.000107 0.000100 0.000098 0.000097 0.000097 0.000097 0.000097 0.000097 0.000097 0.000097 0.000097 0.000097 0.000097 0.000097 0.000097 0.000097 0.000097 0.000096 0.000095 0.000093 0.000090 0.000086 0.000078 0.000068 0.000055 0.000039 0.000020 0.000000 
50.000000 40.152115 30.903545 22.744380 15.979370 10.704029 6.831583 4.152794 2.404418 1.326354 0.697467 0.349896 0.167635 0.076818 0.033756 0.014297 0.005905 0.002447 0.001083 0.000568 0.000381 0.000316 0.000294 0.000287 0.000285 0.000284 0.000284 0.000284 0.000284 0.000284 0.000284 0.000284 0.000284 0.000284 0.000284 0.000284 0.000284 0.000283 0.000282 0.000281 0.000278 0.000273 0.000265 0.000251 0.000230 0.000201 0.000162 0.000114 0.000059 0.000000 
50.000000 40.152217 30.903743 22.744662 15.979722 10.704435 6.832029 4.153267 2.404910 1.326856 0.697975 0.350408 0.168149 0.077333 0.034271 0.014812 0.006421 0.002962 0.001598 0.001083 0.000896 0.000831 0.000809 0.000802 0.000800 0.000799 0.000799 0.000799 0.000799 0.000799 0.000799 0.000799 0.000799 0.000799 0.000799 0.000799 0.000799 0.000798 0.000796 0.000791 0.000784 0.000770 0.000746 0.000707 0.000649 0.000567 0.000458 0.000323 0.000167 0.000000 
50.000000 40.152486 30.904266 22.745409 15.980653 10.705510 6.833209 4.154520 2.406209 1.328184 0.699321 0.351763 0.169508 0.078695 0.035634 0.016176 0.007784 0.004326 0.002962 0.002447 0.002260 0.002195 0.002173 0.002166 0.002164 0.002163 0.002163 0.002163 0.002163 0.002163 0.002163 0.002163 0.002163 0.002163 0.002163 0.002162 0.002161 0.002159 0.002153 0.002143 0.002122 0.002085 0.002021 0.001917 0.001761 0.001539 0.001244 0.000878 0.000455 0.000000 
50.000000 40.153170 30.905592 22.747300 15.983013 10.708234 6.836200 4.157695 2.409504 1.331553 0.702732 0.355198 0.172955 0.082148 0.039090 0.019633 0.011242 0.007784 0.006421 0.005905 0.005718 0.005653 0.005632 0.005625 0.005622 0.005622 0.005622 0.005622 0.005622 0.005622 0.005621 0.005621 0.005621 0.005621 0.005621 0.005620 0.005617 0.005610 0.005597 0.005570 0.005517 0.005422 0.005257 0.004992 0.004588 0.004013 0.003246 0.002292 0.001188 0.000000 
50.000000 40.154829 30.908808 22.751888 15.988738 10.714843 6.843457 4.165399 2.417499 1.339726 0.711009 0.363532 0.181320 0.090527 0.047476 0.028022 0.019633 0.016176 0.014812 0.014297 0.014110 0.014045 0.014023 0.014016 0.014014 0.014013 0.014013 0.014013 0.014013 0.014013 0.014013 0.014013 0.014013 0.014012 0.014011 0.014008 0.014002 0.013986 0.013954 0.013888 0.013760 0.013527 0.013124 0.012470 0.011472 0.010043 0.008131 0.005747 0.002981 0.000000 
50.000000 40.158674 30.916262 22.762524 16.002008 10.730165 6.860281 4.183261 2.436036 1.358678 0.730203 0.382858 0.200715 0.109957 0.066922 0.047476 0.039090 0.035634 0.034271 0.033756 0.033569 0.033504 0.033482 0.033475 0.033473 0.033472 0.033472 0.033472 0.033472 0.033472 0.033472 0.033472 0.033471 0.033470 0.033468 0.033461 0.033446 0.033411 0.033336 0.033183 0.032887 0.032343 0.031400 0.029861 0.027498 0.024101 0.019536 0.013822 0.007174 0.000000 
50.000000 40.167179 30.932751 22.786053 16.031367 10.764063 6.897507 4.222783 2.477054 1.400616 0.772676 0.425626 0.243637 0.152956 0.109957 0.090527 0.082148 0.078695 0.077333 0.076818 0.076631 0.076566 0.076545 0.076538 0.076536 0.076535 0.076535 0.076535 0.076535 0.076535 0.076534 0.076534 0.076533 0.076531 0.076525 0.076511 0.076478 0.076402 0.076238 0.075902 0.075247 0.074040 0.071934 0.068476 0.063136 0.055414 0.044984 0.031867 0.016555 0.000000 
50.000000 40.185108 30.967514 22.835657 16.093265 10.835538 6.976000 4.306123 2.563551 1.489057 0.862246 0.515820 0.334157 0.243637 0.200715 0.181320 0.172955 0.169508 0.168149 0.167635 0.167449 0.167384 0.167362 0.167355 0.167353 0.167352 0.167352 0.167352 0.167352 0.167352 0.167352 0.167351 0.167349 0.167345 0.167333 0.167304 0.167235 0.167079 0.166739 0.166037 0.164663 0.162113 0.157639 0.150239 0.138733 0.121977 0.099193 0.070380 0.036602 0.000000 
50.000000 40.221078 31.037256 22.935177 16.217457 10.978949 7.133502 4.473359 2.737130 1.666538 1.042001 0.696828 0.515820 0.425626 0.382858 0.363532 0.355198 0.351763 0.350408 0.349896 0.349711 0.349646 0.349624 0.349617 0.349615 0.349614 0.349614 0.349614 0.349614 0.349614 0.349614 0.349613 0.349609 0.349601 0.349578 0.349522 0.349388 0.349082 0.348414 0.347028 0.344297 0.339192 0.330166 0.315116 0.291519 0.256858 0.209349 0.148836 0.077513 0.000000 
50.000000 40.289648 31.170209 23.124906 16.454230 11.252377 7.433811 4.792240 3.068115 2.004977 1.384779 1.042001 0.862246 0.772676 0.730203 0.711009 0.702732 0.699321 0.697975 0.697467 0.697282 0.697218 0.697197 0.697190 0.697188 0.697187 0.697187 0.697187 0.697187 0.697186 0.697186 0.697184 0.697178 0.697162 0.697122 0.697019 0.696774 0.696209 0.694972 0.692390 0.687261 0.677598 0.660362 0.631345 0.585385 0.517171 0.422717 0.301313 0.157215 0.000000 
50.000000 40.413676 31.410698 23.468102 16.882542 11.747018 7.977101 5.369152 3.666948 2.617309 2.004977 1.666538 1.489057 1.400616 1.358678 1.339726 1.331553 1.328184 1.326856 1.326354 1.326172 1.326108 1.326087 1.326080 1.326078 1.326077 1.326077 1.326077 1.326077 1.326077 1.326075 1.326072 1.326062 1.326036 1.325966 1.325791 1.325369 1.324393 1.322241 1.317715 1.308655 1.291424 1.260372 1.207498 1.122719 0.995261 0.816501 0.584019 0.305491 0.000000 
50.000000 40.626226 31.822836 24.056273 17.616611 12.594801 8.908305 6.358021 4.693421 3.666948 3.068115 2.737130 2.563551 2.477054 2.436036 2.417499 2.409504 2.406209 2.404910 2.404418 2.404240 2.404178 2.404157 2.404151 2.404149 2.404148 2.404148 2.404148 2.404148 2.404147 2.404145 2.404140 2.404125 2.404083 2.403972 2.403693 2.403014 2.401438 2.397938 2.390517 2.375524 2.346711 2.294161 2.203468 2.055875 1.830412 1.508984 1.084420 0.569253 0.000000 
50.000000 40.970838 32.491057 25.009932 18.806868 13.969488 10.418316 7.961593 6.358021 5.369152 4.792240 4.473359 4.306123 4.222783 4.183261 4.165399 4.157695 4.154520 4.153267 4.152794 4.152622 4.152563 4.152543 4.152536 4.152534 4.152533 4.152533 4.152533 4.152533 4.152532 4.152529 4.152522 4.152499 4.152438 4.152275 4.151860 4.150849 4.148484 4.143193 4.131878 4.108780 4.063860 3.980796 3.835145 3.593805 3.217715 2.670090 1.931508 1.019163 0.000000 
50.000000 41.498707 33.514640 26.470783 20.630205 16.075422 12.731632 10.418316 8.908305 7.977101 7.433811 7.133502 6.976000 6.897507 6.860281 6.843457 6.836200 6.833209 6.832029 6.831583 6.831421 6.831365 6.831346 6.831340 6.831338 6.831337 6.831337 6.831337 6.831336 6.831335 6.831332 6.831321 6.831291 6.831208 6.830986 6.830420 6.829031 6.825761 6.818387 6.802466 6.769604 6.704837 6.583171 6.365816 5.997732 5.409632 4.529345 3.307720 1.759148 0.000000 
50.000000 42.261627 34.994026 28.582197 23.265600 19.119362 16.075422 13.969488 12.594801 11.747018 11.252377 10.978949 10.835538 10.764063 10.730165 10.714843 10.708234 10.705510 10.704435 10.704029 10.703881 10.703830 10.703813 10.703807 10.703806 10.703805 10.703805 10.703805 10.703804 10.703803 10.703799 10.703786 10.703749 10.703646 10.703371 10.702666 10.700927 10.696804 10.687430 10.666992 10.624299 10.538926 10.375683 10.077690 9.559681 8.705796 7.380503 5.466681 2.944760 0.000000 
50.000000 43.300742 37.009008 31.458080 26.855260 23.265600 20.630205 18.806868 17.616611 16.882542 16.454230 16.217457 16.093265 16.031367 16.002008 15.988738 15.983013 15.980653 15.979722 15.979370 15.979243 15.979198 15.979183 15.979179 15.979177 15.979177 15.979177 15.979176 15.979176 15.979174 15.979170 15.979155 15.979115 15.979001 15.978695 15.977907 15.975952 15.971289 15.960599 15.937060 15.887281 15.786199 15.589153 15.220573 14.559805 13.427630 11.584659 8.769338 4.829405 0.000000 
50.000000 44.633086 39.592624 35.145598 31.458080 28.582197 26.470783 25.009932 24.056273 23.468102 23.124906 22.935177 22.835657 22.786053 22.762524 22.751888 22.747300 22.745409 22.744662 22.744380 22.744278 22.744242 22.744230 22.744227 22.744225 22.744225 22.744225 22.744225 22.744224 22.744223 22.744218 22.744205 22.744165 22.744055 22.743757 22.742988 22.741069 22.736464 22.725828 22.702189 22.651600 22.547289 22.339842 21.941438 21.201694 19.873422 17.572799 13.765239 7.896751 0.000000 
50.000000 46.239819 42.708345 39.592624 37.009008 34.994026 33.514640 32.491057 31.822836 31.410698 31.170209 31.037256 30.967514 30.932751 30.916262 30.908808 30.905592 30.904266 30.903743 30.903545 30.903474 30.903449 30.903440 30.903438 30.903437 30.903437 30.903436 30.903436 30.903436 30.903435 30.903431 30.903420 30.903389 30.903300 30.903061 30.902440 30.900885 30.897135 30.888420 30.868897 30.826679 30.738416 30.559550 30.206921 29.527345 28.239671 25.827385 21.354173 13.266751 0.000000 
50.000000 48.060942 46.239819 44.633086 43.300742 42.261627 41.498707 40.970838 40.626226 40.413676 40.289648 40.221078 40.185108 40.167179 40.158674 40.154829 40.153170 40.152486 40.152217 40.152115 40.152078 40.152065 40.152060 40.152059 40.152059 40.152058 40.152058 40.152058 40.152058 40.152057 40.152055 40.152049 40.152032 40.151982 40.151848 40.151499 40.150624 40.148507 40.143565 40.132433 40.108185 40.056973 39.951675 39.739559 39.316868 38.471337 36.736335 32.973068 24.030471 0.000000 
50.000000 50.000000 50.000000 50.000000 50.000000 50.000000 50.000000 50.000000 50.000000 50.000000 50.000000 50.000000 50.000000 50.000000 50.000000 50.000000 50.000000 50.000000 50.000000 50.000000 50.000000 50.000000 50.000000 50.000000 50.000000 50.000000 50.000000 50.000000 50.000000 50.000000 50.000000 50.000000 50.000000 50.000000 50.000000 50.000000 50.000000 50.000000 50.000000 50.000000 50.000000 50.000000 50.000000 50.000000 50.000000 50.000000 50.000000 50.000000 50.000000 50.000000 
