50.000000 50.000000 50.000000 50.000000 50.000000 50.000000 50.000000 50.000000 50.000000 50.000000 50.000000 50.000000 50.000000 50.000000 50.000000 50.000000 50.000000 50.000000 50.000000 50.000000 50.000000 50.000000 50.000000 50.000000 50.000000 50.000000 50.000000 50.000000 50.000000 50.000000 50.000000 50.000000 50.000000 50.000000 50.000000 50.000000 50.000000 50.000000 50.000000 50.000000 50.000000 50.000000 50.000000 50.000000 50.000000 50.000000 50.000000 50.000000 50.000000 50.000000 
50.000000 44.683665 40.249259 37.143705 35.297760 34.354769 33.935549 33.771454 33.714300 33.696421 33.691357 33.690049 33.689738 33.689671 33.689657 33.689654 33.689654 33.689654 33.689654 33.689654 33.689654 33.689654 33.689654 33.689654 33.689654 33.689654 33.689654 33.689654 33.689654 33.689654 33.689654 33.689654 33.689654 33.689654 33.689654 33.689653 33.689653 33.689649 33.689627 33.689523 33.689053 33.687081 33.679379 33.651436 33.557073 33.258867 32.366758 29.787211 22.341832 0.000000 
50.000000 40.249259 32.116526 26.421517 23.036890 21.308182 20.539817 20.239122 20.134417 20.101672 20.092399 20.090004 20.089436 20.089312 20.089287 20.089282 20.089281 20.089281 20.089281 20.089281 20.089281 20.089281 20.089281 20.089281 20.089281 20.089281 20.089281 20.089281 20.089281 20.089281 20.089281 20.089281 20.089281 20.089281 20.089281 20.089281 20.089280 20.089274 20.089243 20.089096 20.088438 20.085708 20.075214 20.038012 19.916632 19.553008 18.555059 16.058263 10.462048 0.000000 
50.000000 37.143705 26.421517 18.914244 14.453405 12.175545 11.163362 10.767366 10.629518 10.586422 10.574222 10.571072 10.570326 10.570162 10.570129 10.570123 10.570122 10.570122 10.570122 10.570122 10.570122 10.570122 10.570122 10.570122 10.570122 10.570122 10.570122 10.570122 10.570122 10.570122 10.570122 10.570122 10.570122 10.570122 10.570122 10.570122 10.570121 10.570115 10.570089 10.569961 10.569396 10.567081 10.558334 10.528041 10.432386 10.158860 9.457122 7.866458 4.776948 0.000000 
50.000000 35.297760 23.036890 14.453405 9.353998 6.750633 5.594100 5.141753 4.984336 4.935137 4.921214 4.917621 4.916769 4.916583 4.916546 4.916538 4.916537 4.916537 4.916537 4.916537 4.916537 4.916537 4.916537 4.916537 4.916537 4.916537 4.916537 4.916537 4.916537 4.916537 4.916537 4.916537 4.916537 4.916537 4.916537 4.916537 4.916536 4.916533 4.916515 4.916433 4.916070 4.914602 4.909143 4.890624 4.833738 4.676999 4.294546 3.483882 2.038893 0.000000 
50.000000 34.354769 21.308182 12.175545 6.750633 3.981555 2.751639 2.270690 2.103357 2.051071 2.036278 2.032461 2.031557 2.031359 2.031319 2.031312 2.031310 2.031310 2.031310 2.031310 2.031310 2.031310 2.031310 2.031310 2.031310 2.031310 2.031310 2.031310 2.031310 2.031310 2.031310 2.031310 2.031310 2.031310 2.031310 2.031310 2.031310 2.031308 2.031299 2.031256 2.031068 2.030317 2.027562 2.018375 1.990777 1.916895 1.743159 1.391550 0.797696 0.000000 
50.000000 33.935549 20.539817 11.163362 5.594100 2.751639 1.489279 0.995708 0.824007 0.770365 0.755190 0.751275 0.750348 0.750145 0.750104 0.750096 0.750095 0.750095 0.750095 0.750095 0.750095 0.750095 0.750095 0.750095 0.750095 0.750095 0.750095 0.750095 0.750095 0.750095 0.750095 0.750095 0.750095 0.750095 0.750095 0.750095 0.750094 0.750094 0.750090 0.750071 0.749990 0.749666 0.748494 0.744640 0.733263 0.703476 0.635321 0.501805 0.284113 0.000000 
50.000000 33.771454 20.239122 10.767366 5.141753 2.270690 0.995708 0.497237 0.323843 0.269676 0.254354 0.250401 0.249465 0.249261 0.249219 0.249211 0.249210 0.249210 0.249210 0.249210 0.249210 0.249210 0.249210 0.249210 0.249210 0.249210 0.249210 0.249210 0.249210 0.249210 0.249210 0.249210 0.249210 0.249210 0.249210 0.249210 0.249210 0.249209 0.249208 0.249201 0.249170 0.249050 0.248618 0.247214 0.243128 0.232610 0.209032 0.163908 0.092075 0.000000 
50.000000 33.714300 20.134417 10.629518 4.984336 2.103357 0.824007 0.323843 0.149866 0.095519 0.080146 0.076181 0.075242 0.075036 0.074995 0.074987 0.074986 0.074985 0.074985 0.074985 0.074985 0.074985 0.074985 0.074985 0.074985 0.074985 0.074985 0.074985 0.074985 0.074985 0.074985 0.074985 0.074985 0.074985 0.074985 0.074985 0.074985 0.074985 0.074985 0.074982 0.074972 0.074933 0.074793 0.074341 0.073039 0.069734 0.062437 0.048709 0.027219 0.000000 
50.000000 33.696421 20.101672 10.586422 4.935137 2.051071 0.770365 0.269676 0.095519 0.041115 0.025727 0.021758 0.020818 0.020613 0.020571 0.020563 0.020562 0.020562 0.020561 0.020561 0.020561 0.020561 0.020561 0.020561 0.020561 0.020561 0.020561 0.020561 0.020561 0.020561 0.020561 0.020561 0.020561 0.020561 0.020561 0.020561 0.020561 0.020561 0.020561 0.020561 0.020558 0.020546 0.020505 0.020375 0.020003 0.019067 0.017026 0.013233 0.007368 0.000000 
50.000000 33.691357 20.092399 10.574222 4.921214 2.036278 0.755190 0.254354 0.080146 0.025727 0.010335 0.006364 0.005424 0.005219 0.005177 0.005169 0.005168 0.005168 0.005168 0.005168 0.005168 0.005168 0.005168 0.005168 0.005168 0.005168 0.005168 0.005168 0.005168 0.005168 0.005168 0.005168 0.005168 0.005168 0.005168 0.005168 0.005168 0.005168 0.005168 0.005168 0.005167 0.005164 0.005153 0.005119 0.005022 0.004782 0.004261 0.003303 0.001834 0.000000 
50.000000 33.690049 20.090004 10.571072 4.917621 2.032461 0.751275 0.250401 0.076181 0.021758 0.006364 0.002393 0.001453 0.001248 0.001206 0.001198 0.001197 0.001197 0.001197 0.001197 0.001197 0.001197 0.001197 0.001197 0.001197 0.001197 0.001197 0.001197 0.001197 0.001197 0.001197 0.001197 0.001197 0.001197 0.001197 0.001197 0.001197 0.001197 0.001197 0.001197 0.001197 0.001196 0.001193 0.001185 0.001162 0.001105 0.000984 0.000761 0.000422 0.000000 
50.000000 33.689738 20.089436 10.570326 4.916769 2.031557 0.750348 0.249465 0.075242 0.020818 0.005424 0.001453 0.000513 0.000308 0.000266 0.000258 0.000257 0.000257 0.000257 0.000257 0.000257 0.000257 0.000257 0.000257 0.000257 0.000257 0.000257 0.000257 0.000257 0.000257 0.000257 0.000257 0.000257 0.000257 0.000257 0.000257 0.000257 0.000257 0.000257 0.000257 0.000257 0.000256 0.000256 0.000254 0.000249 0.000237 0.000210 0.000162 0.000090 0.000000 
50.000000 33.689671 20.089312 10.570162 4.916583 2.031359 0.750145 0.249261 0.075036 0.020613 0.005219 0.001248 0.000308 0.000102 0.000061 0.000053 0.000051 0.000051 0.000051 0.000051 0.000051 0.000051 0.000051 0.000051 0.000051 0.000051 0.000051 0.000051 0.000051 0.000051 0.000051 0.000051 0.000051 0.000051 0.000051 0.000051 0.000051 0.000051 0.000051 0.000051 0.000051 0.000051 0.000051 0.000051 0.000050 0.000047 0.000042 0.000032 0.000018 0.000000 
50.000000 33.689657 20.089287 10.570129 4.916546 2.031319 0.750104 0.249219 0.074995 0.020571 0.005177 0.001206 0.000266 0.000061 0.000019 0.000011 0.000010 0.000010 0.000010 0.000010 0.000010 0.000010 0.000010 0.000010 0.000010 0.000010 0.000010 0.000010 0.000010 0.000010 0.000010 0.000010 0.000010 0.000010 0.000010 0.000010 0.000010 0.000010 0.000010 0.000010 0.000010 0.000010 0.000009 0.000009 0.000009 0.000009 0.000008 0.000006 0.000003 0.000000 
50.000000 33.689654 20.089282 10.570123 4.916538 2.031312 0.750096 0.249211 0.074987 0.020563 0.005169 0.001198 0.000258 0.000053 0.000011 0.000003 0.000002 0.000002 0.000002 0.000002 0.000002 0.000002 0.000002 0.000002 0.000002 0.000002 0.000002 0.000002 0.000002 0.000002 0.000002 0.000002 0.000002 0.000002 0.000002 0.000002 0.000002 0.000002 0.000002 0.000002 0.000002 0.000002 0.000002 0.000002 0.000002 0.000002 0.000001 0.000001 0.000001 0.000000 
50.000000 33.689654 20.089281 10.570122 4.916537 2.031310 0.750095 0.249210 0.074986 0.020562 0.005168 0.001197 0.000257 0.000051 0.000010 0.000002 0.000001 0.000000 0.000000 0.000000 0.000000 0.000000 0.000000 0.000000 0.000000 0.000000 0.000000 0.000000 0.000000 0.000000 0.000000 0.000000 0.000000 0.000000 0.000000 0.000000 0.000000 0.000000 0.000000 0.000000 0.000000 0.000000 0.000000 0.000000 0.000000 0.000000 0.000000 0.000000 0.000000 0.000000 
50.000000 33.689654 20.089281 10.570122 4.916537 2.031310 0.750095 0.249210 0.074985 0.020562 0.005168 0.001197 0.000257 0.000051 0.000010 0.000002 0.000000 0.000000 0.000000 0.000000 0.000000 0.000000 0.000000 0.000000 0.000000 0.000000 0.000000 0.000000 0.000000 0.000000 0.000000 0.000000 0.000000 0.000000 0.000000 0.000000 0.000000 0.000000 0.000000 0.000000 0.000000 0.000000 0.000000 0.000000 0.000000 0.000000 0.000000 0.000000 0.000000 0.000000 
50.000000 33.689654 20.089281 10.570122 4.916537 2.031310 0.750095 0.249210 0.074985 0.020561 0.005168 0.001197 0.000257 0.000051 0.000010 0.000002 0.000000 0.000000 0.000000 0.000000 0.000000 0.000000 0.000000 0.000000 0.000000 0.000000 0.000000 0.000000 0.000000 0.000000 0.000000 0.000000 0.000000 0.000000 0.000000 0.000000 0.000000 0.000000 0.000000 0.000000 0.000000 0.000000 0.000000 0.000000 0.000000 0.000000 0.000000 0.000000 0.000000 0.000000 
50.000000 33.689654 20.089281 10.570122 4.916537 2.031310 0.750095 0.249210 0.074985 0.020561 0.005168 0.001197 0.000257 0.000051 0.000010 0.000002 0.000000 0.000000 0.000000 0.000000 0.000000 0.000000 0.000000 0.000000 0.000000 0.000000 0.000000 0.000000 0.000000 0.000000 0.000000 0.000000 0.000000 0.000000 0.000000 0.000000 0.000000 0.000000 0.000000 0.000000 0.000000 0.000000 0.000000 0.000000 0.000000 0.000000 0.000000 0.000000 0.000000 0.000000 
50.000000 33.689654 20.089281 10.570122 4.916537 2.031310 0.750095 0.249210 0.074985 0.020561 0.005168 0.001197 0.000257 0.000051 0.000010 0.000002 0.000000 0.000000 0.000000 0.000000 0.000000 0.000000 0.000000 0.000000 0.000000 0.000000 0.000000 0.000000 0.000000 0.000000 0.000000 0.000000 0.000000 0.000000 0.000000 0.000000 0.000000 0.000000 0.000000 0.000000 0.000000 0.000000 0.000000 0.000000 0.000000 0.000000 0.000000 0.000000 0.000000 0.000000 
50.000000 33.689654 20.089281 10.570122 4.916537 2.031310 0.750095 0.249210 0.074985 0.020561 0.005168 0.001197 0.000257 0.000051 0.000010 0.000002 0.000000 0.000000 0.000000 0.000000 0.000000 0.000000 0.000000 0.000000 0.000000 0.000000 0.000000 0.000000 0.000000 0.000000 0.000000 0.000000 0.000000 0.000000 0.000000 0.000000 0.000000 0.000000 0.000000 0.000000 0.000000 0.000000 0.000000 0.000000 0.000000 0.000000 0.000000 0.000000 0.000000 0.000000 
50.000000 33.689654 20.089281 10.570122 4.916537 2.031310 0.750095 0.249210 0.074985 0.020561 0.005168 0.001197 0.000257 0.000051 0.000010 0.000002 0.000000 0.000000 0.000000 0.000000 0.000000 0.000000 0.000000 0.000000 0.000000 0.000000 0.000000 0.000000 0.000000 0.000000 0.000000 0.000000 0.000000 0.000000 0.000000 0.000000 0.000000 0.000000 0.000000 0.000000 0.000000 0.000000 0.000000 0.000000 0.000000 0.000000 0.000000 0.000000 0.000000 0.000000 
50.000000 33.689654 20.089281 10.570122 4.916537 2.031310 0.750095 0.249210 0.074985 0.020561 0.005168 0.001197 0.000257 0.000051 0.000010 0.000002 0.000000 0.000000 0.000000 0.000000 0.000000 0.000000 0.000000 0.000000 0.000000 0.000000 0.000000 0.000000 0.000000 0.000000 0.000000 0.000000 0.000000 0.000000 0.000000 0.000000 0.000000 0.000000 0.000000 0.000000 0.000000 0.000000 0.000000 0.000000 0.000000 0.000000 0.000000 0.000000 0.000000 0.000000 
50.000000 33.689654 20.089281 10.570122 4.916537 2.031310 0.750095 0.249210 0.074985 0.020561 0.005168 0.001197 0.000257 0.000051 0.000010 0.000002 0.000000 0.000000 0.000000 0.000000 0.000000 0.000000 0.000000 0.000000 0.000000 0.000000 0.000000 0.000000 0.000000 0.000000 0.000000 0.000000 0.000000 0.000000 0.000000 0.000000 0.000000 0.000000 0.000000 0.000000 0.000000 0.000000 0.000000 0.000000 0.000000 0.000000 0.000000 0.000000 0.000000 0.000000 
50.000000 33.689654 20.089281 10.570122 4.916537 2.031310 0.750095 0.249210 0.074985 0.020561 0.005168 0.001197 0.000257 0.000051 0.000010 0.000002 0.000000 0.000000 0.000000 0.000000 0.000000 0.000000 0.000000 0.000000 0.000000 0.000000 0.000000 0.000000 0.000000 0.000000 0.000000 0.000000 0.000000 0.000000 0.000000 0.000000 0.000000 0.000000 0.000000 0.000000 0.000000 0.000000 0.000000 0.000000 0.000000 0.000000 0.000000 0.000000 0.000000 0.000000 
50.000000 33.689654 20.089281 10.570122 4.916537 2.031310 0.750095 0.249210 0.074985 0.020561 0.005168 0.001197 0.000257 0.000051 0.000010 0.000002 0.000000 0.000000 0.000000 0.000000 0.000000 0.000000 0.000000 0.000000 0.000000 0.000000 0.000000 0.000000 0.000000 0.000000 0.000000 0.000000 0.000000 0.000000 0.000000 0.000000 0.000000 0.000000 0.000000 0.000000 0.000000 0.000000 0.000000 0.000000 0.000000 0.000000 0.000000 0.000000 0.000000 0.000000 
50.000000 33.689654 20.089281 10.570122 4.916537 2.031310 0.750095 0.249210 0.074985 0.020561 0.005168 0.001197 0.000257 0.000051 0.000010 0.000002 0.000000 0.000000 0.000000 0.000000 0.000000 0.000000 0.000000 0.000000 0.000000 0.000000 0.000000 0.000000 0.000000 0.000000 0.000000 0.000000 0.000000 0.000000 0.000000 0.000000 0.000000 0.000000 0.000000 0.000000 0.000000 0.000000 0.000000 0.000000 0.000000 0.000000 0.000000 0.000000 0.000000 0.000000 
50.000000 33.689654 20.089281 10.570122 4.916537 2.031310 0.750095 0.249210 0.074985 0.020561 0.005168 0.001197 0.000257 0.000051 0.000010 0.000002 0.000000 0.000000 0.000000 0.000000 0.000000 0.000000 0.000000 0.000000 0.000000 0.000000 0.000000 0.000000 0.000000 0.000000 0.000000 0.000000 0.000000 0.000000 0.000000 0.000000 0.000000 0.000000 0.000000 0.000000 0.000000 0.000000 0.000000 0.000000 0.000000 0.000000 0.000000 0.000000 0.000000 0.000000 
50.000000 33.689654 20.089281 10.570122 4.916537 2.031310 0.750095 0.249210 0.074985 0.020561 0.005168 0.001197 0.000257 0.000051 0.000010 0.000002 0.000000 0.000000 0.000000 0.000000 0.000000 0.000000 0.000000 0.000000 0.000000 0.000000 0.000000 0.000000 0.000000 0.000000 0.000000 0.000000 0.000000 0.000000 0.000000 0.000000 0.000000 0.000000 0.000000 0.000000 0.000000 0.000000 0.000000 0.000000 0.000000 0.000000 0.000000 0.000000 0.000000 0.000000 
50.000000 33.689654 20.089281 10.570122 4.916537 2.031310 0.750095 0.249210 0.074985 0.020561 0.005168 0.001197 0.000257 0.000051 0.000010 0.000002 0.000000 0.000000 0.000000 0.000000 0.000000 0.000000 0.000000 0.000000 0.000000 0.000000 0.000000 0.000000 0.000000 0.000000 0.000000 0.000000 0.000000 0.000000 0.000000 0.000000 0.000000 0.000000 0.000000 0.000000 0.000000 0.000000 0.000000 0.000000 0.000000 0.000000 0.000000 0.000000 0.000000 0.000000 
50.000000 33.689654 20.089281 10.570122 4.916537 2.031310 0.750095 0.249210 0.074985 0.020561 0.005168 0.001197 0.000257 0.000051 0.000010 0.000002 0.000000 0.000000 0.000000 0.000000 0.000000 0.000000 0.000000 0.000000 0.000000 0.000000 0.000000 0.000000 0.000000 0.000000 0.000000 0.000000 0.000000 0.000000 0.000000 0.000000 0.000000 0.000000 0.000000 0.000000 0.000000 0.000000 0.000000 0.000000 0.000000 0.000000 0.000000 0.000000 0.000000 0.000000 
50.000000 33.689654 20.089281 10.570122 4.916537 2.031310 0.750095 0.249210 0.074985 0.020562 0.005168 0.001197 0.000257 0.000051 0.000010 0.000002 0.000000 0.000000 0.000000 0.000000 0.000000 0.000000 0.000000 0.000000 0.000000 0.000000 0.000000 0.000000 0.000000 0.000000 0.000000 0.000000 0.000000 0.000000 0.000000 0.000000 0.000000 0.000000 0.000000 0.000000 0.000000 0.000000 0.000000 0.000000 0.000000 0.000000 0.000000 0.000000 0.000000 0.000000 
50.000000 33.689654 20.089281 10.570122 4.916537 2.031310 0.750095 0.249210 0.074986 0.020562 0.005168 0.001197 0.000257 0.000051 0.000010 0.000002 0.000001 0.000000 0.000000 0.000000 0.000000 0.000000 0.000000 0.000000 0.000000 0.000000 0.000000 0.000000 0.000000 0.000000 0.000000 0.000000 0.000000 0.000000 0.000000 0.000000 0.000000 0.000000 0.000000 0.000000 0.000000 0.000000 0.000000 0.000000 0.000000 0.000000 0.000000 0.000000 0.000000 0.000000 
50.000000 33.689654 20.089282 10.570123 4.916538 2.031312 0.750096 0.249211 0.074987 0.020563 0.005169 0.001198 0.000258 0.000053 0.000011 0.000003 0.000002 0.000002 0.000002 0.000002 0.000002 0.000002 0.000002 0.000002 0.000002 0.000002 0.000002 0.000002 0.000002 0.000002 0.000002 0.000002 0.000002 0.000002 0.000002 0.000002 0.000002 0.000002 0.000002 0.000002 0.000002 0.000002 0.000002 0.000002 0.000002 0.000002 0.000001 0.000001 0.000001 0.000000 
50.000000 33.689657 20.089287 10.570129 4.916546 2.031319 0.750104 0.249219 0.074995 0.020571 0.005177 0.001206 0.000266 0.000061 0.000019 0.000011 0.000010 0.000010 0.000010 0.000010 0.000010 0.000010 0.000010 0.000010 0.000010 0.000010 0.000010 0.000010 0.000010 0.000010 0.000010 0.000010 0.000010 0.000010 0.000010 0.000010 0.000010 0.000010 0.000010 0.000010 0.000010 0.000010 0.000009 0.000009 0.000009 0.000009 0.000008 0.000006 0.000003 0.000000 
50.000000 33.689671 20.089312 10.570162 4.916583 2.031359 0.750145 0.249261 0.075036 0.020613 0.005219 0.001248 0.000308 0.000102 0.000061 0.000053 0.000051 0.000051 0.000051 0.000051 0.000051 0.000051 0.000051 0.000051 0.000051 0.000051 0.000051 0.000051 0.000051 0.000051 0.000051 0.000051 0.000051 0.000051 0.000051 0.000051 0.000051 0.000051 0.000051 0.000051 0.000051 0.000051 0.000051 0.000051 0.000050 0.000047 0.000042 0.000032 0.000018 0.000000 
50.000000 33.689738 20.089436 10.570326 4.916769 2.031557 0.750348 0.249465 0.075242 0.020818 0.005424 0.001453 0.000513 0.000308 0.000266 0.000258 0.000257 0.000257 0.000257 0.000257 0.000257 0.000257 0.000257 0.000257 0.000257 0.000257 0.000257 0.000257 0.000257 0.000257 0.000257 0.000257 0.000257 0.000257 0.000257 0.000257 0.000257 0.000257 0.000257 0.000257 0.000257 0.000256 0.000256 0.000254 0.000249 0.000237 0.000210 0.000162 0.000090 0.000000 
50.000000 33.690049 20.090004 10.571072 4.917621 2.032461 0.751275 0.250401 0.076181 0.021758 0.006364 0.002393 0.001453 0.001248 0.001206 0.001198 0.001197 0.001197 0.001197 0.001197 0.001197 0.001197 0.001197 0.001197 0.001197 0.001197 0.001197 0.001197 0.001197 0.001197 0.001197 0.001197 0.001197 0.001197 0.001197 0.001197 0.001197 0.001197 0.001197 0.001197 0.001197 0.001196 0.001193 0.001185 0.001162 0.001105 0.000984 0.000761 0.000422 0.000000 
50.000000 33.691357 20.092399 10.574222 4.921214 2.036278 0.755190 0.254354 0.080146 0.025727 0.010335 0.006364 0.005424 0.005219 0.005177 0.005169 0.005168 0.005168 0.005168 0.005168 0.005168 0.005168 0.005168 0.005168 0.005168 0.005168 0.005168 0.005168 0.005168 0.005168 0.005168 0.005168 0.005168 0.005168 0.005168 0.005168 0.005168 0.005168 0.005168 0.005168 0.005167 0.005164 0.005153 0.005119 0.005022 0.004782 0.004261 0.003303 0.001834 0.000000 
50.000000 33.696421 20.101672 10.586422 4.935137 2.051071 0.770365 0.269676 0.095519 0.041115 0.025727 0.021758 0.020818 0.020613 0.020571 0.020563 0.020562 0.020562 0.020561 0.020561 0.020561 0.020561 0.020561 0.020561 0.020561 0.020561 0.020561 0.020561 0.020561 0.020561 0.020561 0.020561 0.020561 0.020561 0.020561 0.020561 0.020561 0.020561 0.020561 0.020561 0.020558 0.020546 0.020505 0.020375 0.020003 0.019067 0.017026 0.013233 0.007368 0.000000 
50.000000 33.714300 20.134417 10.629518 4.984336 2.103357 0.824007 0.323843 0.149866 0.095519 0.080146 0.076181 0.075242 0.075036 0.074995 0.074987 0.074986 0.074985 0.074985 0.074985 0.074985 0.074985 0.074985 0.074985 0.074985 0.074985 0.074985 0.074985 0.074985 0.074985 0.074985 0.074985 0.074985 0.074985 0.074985 0.074985 0.074985 0.074985 0.074985 0.074982 0.074972 0.074933 0.074793 0.074341 0.073039 0.069734 0.062437 0.048709 0.027219 0.000000 
50.000000 33.771454 20.239122 10.767366 5.141753 2.270690 0.995708 0.497237 0.323843 0.269676 0.254354 0.250401 0.249465 0.249261 0.249219 0.249211 0.249210 0.249210 0.249210 0.249210 0.249210 0.249210 0.249210 0.249210 0.249210 0.249210 0.249210 0.249210 0.249210 0.249210 0.249210 0.249210 0.249210 0.249210 0.249210 0.249210 0.249210 0.249209 0.249208 0.249201 0.249170 0.249050 0.248618 0.247214 0.243128 0.232610 0.209032 0.163908 0.092075 0.000000 
50.000000 33.935549 20.539817 11.163362 5.594100 2.751639 1.489279 0.995708 0.824007 0.770365 0.755190 0.751275 0.750348 0.750145 0.750104 0.750096 0.750095 0.750095 0.750095 0.750095 0.750095 0.750095 0.750095 0.750095 0.750095 0.750095 0.750095 0.750095 0.750095 0.750095 0.750095 0.750095 0.750095 0.750095 0.750095 0.750095 0.750094 0.750094 0.750090 0.750071 0.749990 0.749666 0.748494 0.744640 0.733263 0.703476 0.635321 0.501805 0.284113 0.000000 
50.000000 34.354769 21.308182 12.175545 6.750633 3.981555 2.751639 2.270690 2.103357 2.051071 2.036278 2.032461 2.031557 2.031359 2.031319 2.031312 2.031310 2.031310 2.031310 2.031310 2.031310 2.031310 2.031310 2.031310 2.031310 2.031310 2.031310 2.031310 2.031310 2.031310 2.031310 2.031310 2.031310 2.031310 2.031310 2.031310 2.031310 2.031308 2.031299 2.031256 2.031068 2.030317 2.027562 2.018375 1.990777 1.916895 1.743159 1.391550 0.797696 0.000000 
50.000000 35.297760 23.036890 14.453405 9.353998 6.750633 5.594100 5.141753 4.984336 4.935137 4.921214 4.917621 4.916769 4.916583 4.916546 4.916538 4.916537 4.916537 4.916537 4.916537 4.916537 4.916537 4.916537 4.916537 4.916537 4.916537 4.916537 4.916537 4.916537 4.916537 4.916537 4.916537 4.916537 4.916537 4.916537 4.916537 4.916536 4.916533 4.916515 4.916433 4.916070 4.914602 4.909143 4.890624 4.833738 4.676999 4.294546 3.483882 2.038893 0.000000 
50.000000 37.143705 26.421517 18.914244 14.453405 12.175545 11.163362 10.767366 10.629518 10.586422 10.574222 10.571072 10.570326 10.570162 10.570129 10.570123 10.570122 10.570122 10.570122 10.570122 10.570122 10.570122 10.570122 10.570122 10.570122 10.570122 10.570122 10.570122 10.570122 10.570122 10.570122 10.570122 10.570122 10.570122 10.570122 10.570122 10.570121 10.570115 10.570089 10.569961 10.569396 10.567081 10.558334 10.528041 10.432386 10.158860 9.457122 7.866458 4.776948 0.000000 
50.000000 40.249259 32.116526 26.421517 23.036890 21.308182 20.539817 20.239122 20.134417 20.101672 20.092399 20.090004 20.089436 20.089312 20.089287 20.089282 20.089281 20.089281 20.089281 20.089281 20.089281 20.089281 20.089281 20.089281 20.089281 20.089281 20.089281 20.089281 20.089281 20.089281 20.089281 20.089281 20.089281 20.089281 20.089281 20.089281 20.089280 20.089274 20.089243 20.089096 20.088438 20.085708 20.075214 20.038012 19.916632 19.553008 18.555059 16.058263 10.462048 0.000000 
50.000000 44.683665 40.249259 37.143705 35.297760 34.354769 33.935549 33.771454 33.714300 33.696421 33.691357 33.690049 33.689738 33.689671 33.689657 33.689654 33.689654 33.689654 33.689654 33.689654 33.689654 33.689654 33.689654 33.689654 33.689654 33.689654 33.689654 33.689654 33.689654 33.689654 33.689654 33.689654 33.689654 33.689654 33.689654 33.689653 33.689653 33.689649 33.689627 33.689523 33.689053 33.687081 33.679379 33.651436 33.557073 33.258867 32.366758 29.787211 22.341832 0.000000 
50.000000 50.000000 50.000000 50.000000 50.000000 50.000000 50.000000 50.000000 50.000000 50.000000 50.000000 50.000000 50.000000 50.000000 50.000000 50.000000 50.000000 50.000000 50.000000 50.000000 50.000000 50.000000 50.000000 50.000000 50.000000 50.000000 50.000000 50.000000 50.000000 50.000000 50.000000 50.000000 50.000000 50.000000 50.000000 50.000000 50.000000 50.000000 50.000000 50.000000 50.000000 50.000000 50.000000 50.000000 50.000000 50.000000 50.000000 50.000000 50.000000 50.000000 
