50.000000 50.000000 50.000000 50.000000 50.000000 50.000000 50.000000 50.000000 50.000000 50.000000 50.000000 50.000000 50.000000 50.000000 50.000000 50.000000 50.000000 50.000000 50.000000 50.000000 50.000000 50.000000 50.000000 50.000000 50.000000 50.000000 50.000000 50.000000 50.000000 50.000000 50.000000 50.000000 50.000000 50.000000 50.000000 50.000000 50.000000 50.000000 50.000000 50.000000 50.000000 50.000000 50.000000 50.000000 50.000000 50.000000 50.000000 50.000000 50.000000 50.000000 
50.000000 48.385419 46.852631 45.471018 44.288266 43.326258 42.582435 42.035367 41.652361 41.396904 41.234444 41.135838 41.078665 41.046966 41.030142 41.021588 41.017415 41.015461 41.014582 41.014202 41.014043 41.013979 41.013954 41.013945 41.013942 41.013941 41.013940 41.013940 41.013938 41.013935 41.013925 41.013899 41.013833 41.013671 41.013283 41.012387 41.010380 41.006023 40.996848 40.978076 40.940690 40.867975 40.729226 40.467708 39.975839 39.038559 37.188408 33.288506 24.192709 0.000000 
50.000000 46.852631 43.864711 41.171487 38.865921 36.990665 35.540729 34.474339 33.727757 33.229809 32.913137 32.720935 32.609494 32.547708 32.514917 32.498243 32.490111 32.486303 32.484589 32.483847 32.483538 32.483414 32.483366 32.483348 32.483341 32.483339 32.483338 32.483337 32.483334 32.483328 32.483310 32.483262 32.483142 32.482847 32.482142 32.480517 32.476886 32.469029 32.452550 32.419016 32.352708 32.225020 31.984824 31.541628 30.735238 29.279376 26.656020 21.932355 13.564125 0.000000 
50.000000 45.471018 41.171487 37.296033 33.978425 31.280039 29.193686 27.659246 26.584996 25.868517 25.412876 25.136333 24.975994 24.887098 24.839922 24.815933 24.804234 24.798756 24.796290 24.795223 24.794778 24.794600 24.794531 24.794505 24.794495 24.794492 24.794490 24.794489 24.794486 24.794477 24.794454 24.794393 24.794239 24.793859 24.792957 24.790883 24.786268 24.776328 24.755608 24.713777 24.631910 24.476416 24.189359 23.673403 22.769075 21.222539 18.648017 14.515467 8.282609 0.000000 
50.000000 44.288266 38.865921 33.978425 29.794488 26.391506 23.760406 21.825354 20.470664 19.567160 18.992596 18.643883 18.441706 18.329617 18.270134 18.239888 18.225138 18.218231 18.215123 18.213778 18.213217 18.212992 18.212905 18.212872 18.212860 18.212856 18.212854 18.212853 18.212849 18.212840 18.212815 18.212749 18.212583 18.212175 18.211210 18.208998 18.204101 18.193618 18.171930 18.128554 18.044675 17.887803 17.603992 17.107313 16.267214 14.897244 12.755887 9.586544 5.249707 0.000000 
50.000000 43.326258 36.990665 31.280039 26.391506 22.415494 19.341389 17.080568 15.497846 14.442283 13.771036 13.363656 13.127472 12.996533 12.927050 12.891720 12.874491 12.866424 12.862795 12.861223 12.860569 12.860306 12.860204 12.860166 12.860152 12.860147 12.860145 12.860143 12.860140 12.860131 12.860107 12.860044 12.859885 12.859498 12.858585 12.856503 12.851917 12.842168 12.822162 12.782553 12.706912 12.567644 12.320600 11.898905 11.207747 10.124291 8.510964 6.255427 3.350419 0.000000 
50.000000 42.582435 35.540729 29.193686 23.760406 19.341389 15.924822 13.412188 11.653217 10.480137 9.734180 9.281471 9.019015 8.873516 8.796309 8.757054 8.737911 8.728949 8.724916 8.723171 8.722443 8.722151 8.722038 8.721995 8.721980 8.721975 8.721973 8.721971 8.721968 8.721960 8.721939 8.721885 8.721748 8.721415 8.720631 8.718854 8.714965 8.706752 8.690041 8.657289 8.595508 8.483449 8.288265 7.962411 7.442484 6.653093 5.520283 3.999102 2.114727 0.000000 
50.000000 42.035367 34.474339 27.659246 21.825354 17.080568 13.412188 10.714412 8.825871 7.566409 6.765541 6.279522 5.997763 5.841568 5.758687 5.716549 5.696002 5.686382 5.682053 5.680180 5.679399 5.679086 5.678964 5.678919 5.678902 5.678897 5.678894 5.678893 5.678890 5.678884 5.678867 5.678824 5.678715 5.678451 5.677833 5.676438 5.673403 5.667039 5.654196 5.629271 5.582798 5.499662 5.357206 5.123923 4.759968 4.221362 3.469888 2.489515 1.306142 0.000000 
50.000000 41.652361 33.727757 26.584996 20.470664 15.497846 11.653217 8.825871 6.846664 5.526763 4.687483 4.178165 3.882907 3.719234 3.632387 3.588235 3.566705 3.556626 3.552091 3.550128 3.549311 3.548982 3.548855 3.548807 3.548790 3.548784 3.548782 3.548780 3.548779 3.548774 3.548761 3.548729 3.548649 3.548454 3.548001 3.546984 3.544783 3.540200 3.531025 3.513381 3.480834 3.423332 3.326210 3.169768 2.930202 2.582861 2.108580 1.502737 0.784386 0.000000 
50.000000 41.396904 33.229809 25.868517 19.567160 14.442283 10.480137 7.566409 5.526763 4.166580 3.301703 2.776863 2.472612 2.303959 2.214472 2.168978 2.146795 2.136410 2.131738 2.129716 2.128874 2.128535 2.128404 2.128355 2.128337 2.128331 2.128329 2.128328 2.128326 2.128323 2.128314 2.128292 2.128236 2.128103 2.127792 2.127098 2.125605 2.122516 2.116378 2.104673 2.083290 2.045928 1.983611 1.884630 1.735371 1.522486 1.236607 0.877101 0.456215 0.000000 
50.000000 41.234444 32.913137 25.412876 18.992596 13.771036 9.734180 6.765541 4.687483 3.301703 2.420563 1.885863 1.575902 1.404086 1.312923 1.266578 1.243981 1.233402 1.228643 1.226584 1.225725 1.225381 1.225247 1.225197 1.225179 1.225173 1.225170 1.225169 1.225168 1.225166 1.225161 1.225146 1.225110 1.225023 1.224823 1.224378 1.223425 1.221466 1.217599 1.210281 1.197030 1.174102 1.136270 1.076891 0.988483 0.864042 0.699099 0.494121 0.256368 0.000000 
50.000000 41.135838 32.720935 25.136333 18.643883 13.363656 9.281471 6.279522 4.178165 2.776863 1.885863 1.345186 1.031765 0.858033 0.765855 0.718995 0.696146 0.685451 0.680639 0.678556 0.677689 0.677340 0.677205 0.677155 0.677136 0.677130 0.677128 0.677127 0.677126 0.677125 0.677121 0.677112 0.677090 0.677037 0.676915 0.676646 0.676071 0.674897 0.672593 0.668264 0.660485 0.647140 0.625327 0.591431 0.541494 0.471953 0.380725 0.268385 0.138991 0.000000 
50.000000 41.078665 32.609494 24.975994 18.441706 13.127472 9.019015 5.997763 3.882907 2.472612 1.575902 1.031765 0.716340 0.541500 0.448735 0.401576 0.378583 0.367819 0.362977 0.360881 0.360008 0.359657 0.359521 0.359471 0.359452 0.359446 0.359444 0.359443 0.359442 0.359442 0.359439 0.359434 0.359421 0.359391 0.359321 0.359166 0.358838 0.358170 0.356868 0.354436 0.350096 0.342706 0.330724 0.312263 0.285304 0.248088 0.199666 0.140465 0.072642 0.000000 
50.000000 41.046966 32.547708 24.887098 18.329617 12.996533 8.873516 5.841568 3.719234 2.303959 1.404086 0.858033 0.541500 0.366046 0.272956 0.225633 0.202559 0.191758 0.186899 0.184796 0.183920 0.183568 0.183431 0.183380 0.183362 0.183356 0.183353 0.183353 0.183352 0.183352 0.183351 0.183348 0.183341 0.183324 0.183285 0.183201 0.183023 0.182662 0.181961 0.180661 0.178353 0.174450 0.168165 0.158552 0.144616 0.125516 0.100831 0.070821 0.036586 0.000000 
50.000000 41.030142 32.514917 24.839922 18.270134 12.927050 8.796309 5.758687 3.632387 2.214472 1.312923 0.765855 0.448735 0.272956 0.179694 0.132284 0.109167 0.098347 0.093479 0.091372 0.090494 0.090142 0.090005 0.089954 0.089936 0.089929 0.089927 0.089926 0.089926 0.089926 0.089925 0.089923 0.089920 0.089911 0.089891 0.089847 0.089755 0.089569 0.089209 0.088545 0.087374 0.085403 0.082249 0.077454 0.070547 0.061135 0.049038 0.034400 0.017755 0.000000 
50.000000 41.021588 32.498243 24.815933 18.239888 12.891720 8.757054 5.716549 3.588235 2.168978 1.266578 0.718995 0.401576 0.225633 0.132284 0.084829 0.061691 0.050860 0.045988 0.043879 0.043001 0.042648 0.042511 0.042460 0.042442 0.042435 0.042433 0.042432 0.042432 0.042432 0.042431 0.042431 0.042429 0.042424 0.042414 0.042393 0.042347 0.042256 0.042079 0.041755 0.041186 0.040233 0.038717 0.036423 0.033135 0.028678 0.022976 0.016100 0.008304 0.000000 
50.000000 41.017415 32.490111 24.804234 18.225138 12.874491 8.737911 5.696002 3.566705 2.146795 1.243981 0.696146 0.378583 0.202559 0.109167 0.061691 0.038543 0.027707 0.022833 0.020723 0.019844 0.019491 0.019355 0.019303 0.019285 0.019278 0.019276 0.019276 0.019275 0.019275 0.019275 0.019275 0.019274 0.019272 0.019267 0.019257 0.019235 0.019192 0.019109 0.018958 0.018693 0.018251 0.017551 0.016497 0.014993 0.012963 0.010374 0.007264 0.003745 0.000000 
50.000000 41.015461 32.486303 24.798756 18.218231 12.866424 8.728949 5.686382 3.556626 2.136410 1.233402 0.685451 0.367819 0.191758 0.098347 0.050860 0.027707 0.016869 0.011994 0.009884 0.009005 0.008651 0.008515 0.008464 0.008445 0.008439 0.008436 0.008436 0.008435 0.008435 0.008435 0.008435 0.008435 0.008434 0.008432 0.008427 0.008417 0.008398 0.008360 0.008292 0.008174 0.007977 0.007667 0.007201 0.006539 0.005649 0.004517 0.003160 0.001628 0.000000 
50.000000 41.014582 32.484589 24.796290 18.215123 12.862795 8.724916 5.682053 3.552091 2.131738 1.228643 0.680639 0.362977 0.186899 0.093479 0.045988 0.022833 0.011994 0.007118 0.005007 0.004128 0.003775 0.003638 0.003587 0.003569 0.003562 0.003560 0.003559 0.003559 0.003559 0.003559 0.003559 0.003559 0.003558 0.003557 0.003555 0.003551 0.003543 0.003526 0.003497 0.003446 0.003362 0.003229 0.003031 0.002751 0.002374 0.001897 0.001327 0.000683 0.000000 
50.000000 41.014202 32.483847 24.795223 18.213778 12.861223 8.723171 5.680180 3.550128 2.129716 1.226584 0.678556 0.360881 0.184796 0.091372 0.043879 0.020723 0.009884 0.005007 0.002897 0.002018 0.001665 0.001528 0.001477 0.001458 0.001452 0.001450 0.001449 0.001449 0.001449 0.001449 0.001449 0.001448 0.001448 0.001448 0.001447 0.001445 0.001442 0.001435 0.001423 0.001402 0.001367 0.001313 0.001231 0.001117 0.000963 0.000769 0.000538 0.000277 0.000000 
50.000000 41.014043 32.483538 24.794778 18.213217 12.860569 8.722443 5.679399 3.549311 2.128874 1.225725 0.677689 0.360008 0.183920 0.090494 0.043001 0.019844 0.009005 0.004128 0.002018 0.001139 0.000785 0.000649 0.000597 0.000579 0.000573 0.000570 0.000570 0.000569 0.000569 0.000569 0.000569 0.000569 0.000569 0.000569 0.000569 0.000568 0.000567 0.000564 0.000559 0.000551 0.000537 0.000515 0.000483 0.000438 0.000378 0.000301 0.000211 0.000108 0.000000 
50.000000 41.013979 32.483414 24.794600 18.212992 12.860306 8.722151 5.679086 3.548982 2.128535 1.225381 0.677340 0.359657 0.183568 0.090142 0.042648 0.019491 0.008652 0.003775 0.001665 0.000786 0.000432 0.000296 0.000244 0.000226 0.000219 0.000217 0.000217 0.000216 0.000216 0.000216 0.000216 0.000216 0.000216 0.000216 0.000216 0.000216 0.000215 0.000214 0.000212 0.000209 0.000204 0.000196 0.000183 0.000166 0.000143 0.000114 0.000080 0.000041 0.000000 
50.000000 41.013955 32.483366 24.794531 18.212905 12.860204 8.722038 5.678965 3.548855 2.128404 1.225247 0.677205 0.359522 0.183432 0.090005 0.042512 0.019355 0.008515 0.003639 0.001528 0.000649 0.000296 0.000159 0.000108 0.000089 0.000083 0.000081 0.000080 0.000080 0.000080 0.000080 0.000080 0.000080 0.000080 0.000080 0.000080 0.000079 0.000079 0.000079 0.000078 0.000077 0.000075 0.000072 0.000067 0.000061 0.000053 0.000042 0.000029 0.000015 0.000000 
50.000000 41.013945 32.483348 24.794505 18.212873 12.860166 8.721996 5.678920 3.548808 2.128356 1.225198 0.677156 0.359472 0.183381 0.089955 0.042461 0.019304 0.008465 0.003588 0.001478 0.000599 0.000245 0.000109 0.000057 0.000039 0.000032 0.000030 0.000030 0.000029 0.000029 0.000029 0.000029 0.000029 0.000029 0.000029 0.000029 0.000029 0.000029 0.000029 0.000029 0.000028 0.000028 0.000026 0.000025 0.000022 0.000019 0.000015 0.000011 0.000006 0.000000 
50.000000 41.013942 32.483342 24.794497 18.212862 12.860154 8.721983 5.678905 3.548793 2.128340 1.225182 0.677139 0.359456 0.183365 0.089939 0.042445 0.019288 0.008448 0.003572 0.001462 0.000582 0.000229 0.000092 0.000041 0.000023 0.000016 0.000014 0.000013 0.000013 0.000013 0.000013 0.000013 0.000013 0.000013 0.000013 0.000013 0.000013 0.000013 0.000013 0.000013 0.000012 0.000012 0.000012 0.000011 0.000010 0.000009 0.000007 0.000005 0.000002 0.000000 
50.000000 41.013942 32.483342 24.794497 18.212862 12.860154 8.721983 5.678905 3.548793 2.128340 1.225182 0.677139 0.359456 0.183365 0.089939 0.042445 0.019288 0.008448 0.003572 0.001462 0.000582 0.000229 0.000092 0.000041 0.000023 0.000016 0.000014 0.000013 0.000013 0.000013 0.000013 0.000013 0.000013 0.000013 0.000013 0.000013 0.000013 0.000013 0.000013 0.000013 0.000012 0.000012 0.000012 0.000011 0.000010 0.000009 0.000007 0.000005 0.000002 0.000000 
50.000000 41.013945 32.483348 24.794505 18.212873 12.860166 8.721996 5.678920 3.548808 2.128356 1.225198 0.677156 0.359472 0.183381 0.089955 0.042461 0.019304 0.008465 0.003588 0.001478 0.000599 0.000245 0.000109 0.000057 0.000039 0.000032 0.000030 0.000030 0.000029 0.000029 0.000029 0.000029 0.000029 0.000029 0.000029 0.000029 0.000029 0.000029 0.000029 0.000029 0.000028 0.000028 0.000026 0.000025 0.000022 0.000019 0.000015 0.000011 0.000006 0.000000 
50.000000 41.013955 32.483366 24.794531 18.212905 12.860204 8.722038 5.678965 3.548855 2.128404 1.225247 0.677205 0.359522 0.183432 0.090005 0.042512 0.019355 0.008515 0.003639 0.001528 0.000649 0.000296 0.000159 0.000108 0.000089 0.000083 0.000081 0.000080 0.000080 0.000080 0.000080 0.000080 0.000080 0.000080 0.000080 0.000080 0.000079 0.000079 0.000079 0.000078 0.000077 0.000075 0.000072 0.000067 0.000061 0.000053 0.000042 0.000029 0.000015 0.000000 
50.000000 41.013979 32.483414 24.794600 18.212992 12.860306 8.722151 5.679086 3.548982 2.128535 1.225381 0.677340 0.359657 0.183568 0.090142 0.042648 0.019491 0.008652 0.003775 0.001665 0.000786 0.000432 0.000296 0.000244 0.000226 0.000219 0.000217 0.000217 0.000216 0.000216 0.000216 0.000216 0.000216 0.000216 0.000216 0.000216 0.000216 0.000215 0.000214 0.000212 0.000209 0.000204 0.000196 0.000183 0.000166 0.000143 0.000114 0.000080 0.000041 0.000000 
50.000000 41.014043 32.483538 24.794778 18.213217 12.860569 8.722443 5.679399 3.549311 2.128874 1.225725 0.677689 0.360008 0.183920 0.090494 0.043001 0.019844 0.009005 0.004128 0.002018 0.001139 0.000785 0.000649 0.000597 0.000579 0.000573 0.000570 0.000570 0.000569 0.000569 0.000569 0.000569 0.000569 0.000569 0.000569 0.000569 0.000568 0.000567 0.000564 0.000559 0.000551 0.000537 0.000515 0.000483 0.000438 0.000378 0.000301 0.000211 0.000108 0.000000 
50.000000 41.014202 32.483847 24.795223 18.213778 12.861223 8.723171 5.680180 3.550128 2.129716 1.226584 0.678556 0.360881 0.184796 0.091372 0.043879 0.020723 0.009884 0.005007 0.002897 0.002018 0.001665 0.001528 0.001477 0.001458 0.001452 0.001450 0.001449 0.001449 0.001449 0.001449 0.001449 0.001448 0.001448 0.001448 0.001447 0.001445 0.001442 0.001435 0.001423 0.001402 0.001367 0.001313 0.001231 0.001117 0.000963 0.000769 0.000538 0.000277 0.000000 
50.000000 41.014582 32.484589 24.796290 18.215123 12.862795 8.724916 5.682053 3.552091 2.131738 1.228643 0.680639 0.362977 0.186899 0.093479 0.045988 0.022833 0.011994 0.007118 0.005007 0.004128 0.003775 0.003638 0.003587 0.003569 0.003562 0.003560 0.003559 0.003559 0.003559 0.003559 0.003559 0.003559 0.003558 0.003557 0.003555 0.003551 0.003543 0.003526 0.003497 0.003446 0.003362 0.003229 0.003031 0.002751 0.002374 0.001897 0.001327 0.000683 0.000000 
50.000000 41.015461 32.486303 24.798756 18.218231 12.866424 8.728949 5.686382 3.556626 2.136410 1.233402 0.685451 0.367819 0.191758 0.098347 0.050860 0.027707 0.016869 0.011994 0.009884 0.009005 0.008651 0.008515 0.008464 0.008445 0.008439 0.008436 0.008436 0.008435 0.008435 0.008435 0.008435 0.008435 0.008434 0.008432 0.008427 0.008417 0.008398 0.008360 0.008292 0.008174 0.007977 0.007667 0.007201 0.006539 0.005649 0.004517 0.003160 0.001628 0.000000 
50.000000 41.017415 32.490111 24.804234 18.225138 12.874491 8.737911 5.696002 3.566705 2.146795 1.243981 0.696146 0.378583 0.202559 0.109167 0.061691 0.038543 0.027707 0.022833 0.020723 0.019844 0.019491 0.019355 0.019303 0.019285 0.019278 0.019276 0.019276 0.019275 0.019275 0.019275 0.019275 0.019274 0.019272 0.019267 0.019257 0.019235 0.019192 0.019109 0.018958 0.018693 0.018251 0.017551 0.016497 0.014993 0.012963 0.010374 0.007264 0.003745 0.000000 
50.000000 41.021588 32.498243 24.815933 18.239888 12.891720 8.757054 5.716549 3.588235 2.168978 1.266578 0.718995 0.401576 0.225633 0.132284 0.084829 0.061691 0.050860 0.045988 0.043879 0.043001 0.042648 0.042511 0.042460 0.042442 0.042435 0.042433 0.042432 0.042432 0.042432 0.042431 0.042431 0.042429 0.042424 0.042414 0.042393 0.042347 0.042256 0.042079 0.041755 0.041186 0.040233 0.038717 0.036423 0.033135 0.028678 0.022976 0.016100 0.008304 0.000000 
50.000000 41.030142 32.514917 24.839922 18.270134 12.927050 8.796309 5.758687 3.632387 2.214472 1.312923 0.765855 0.448735 0.272956 0.179694 0.132284 0.109167 0.098347 0.093479 0.091372 0.090494 0.090142 0.090005 0.089954 0.089936 0.089929 0.089927 0.089926 0.089926 0.089926 0.089925 0.089923 0.089920 0.089911 0.089891 0.089847 0.089755 0.089569 0.089209 0.088545 0.087374 0.085403 0.082249 0.077454 0.070547 0.061135 0.049038 0.034400 0.017755 0.000000 
50.000000 41.046966 32.547708 24.887098 18.329617 12.996533 8.873516 5.841568 3.719234 2.303959 1.404086 0.858033 0.541500 0.366046 0.272956 0.225633 0.202559 0.191758 0.186899 0.184796 0.183920 0.183568 0.183431 0.183380 0.183362 0.183356 0.183353 0.183353 0.183352 0.183352 0.183351 0.183348 0.183341 0.183324 0.183285 0.183201 0.183023 0.182662 0.181961 0.180661 0.178353 0.174450 0.168165 0.158552 0.144616 0.125516 0.100831 0.070821 0.036586 0.000000 
50.000000 41.078665 32.609494 24.975994 18.441706 13.127472 9.019015 5.997763 3.882907 2.472612 1.575902 1.031765 0.716340 0.541500 0.448735 0.401576 0.378583 0.367819 0.362977 0.360881 0.360008 0.359657 0.359521 0.359471 0.359452 0.359446 0.359444 0.359443 0.359442 0.359442 0.359439 0.359434 0.359421 0.359391 0.359321 0.359166 0.358838 0.358170 0.356868 0.354436 0.350096 0.342706 0.330724 0.312263 0.285304 0.248088 0.199666 0.140465 0.072642 0.000000 
50.000000 41.135838 32.720935 25.136333 18.643883 13.363656 9.281471 6.279522 4.178165 2.776863 1.885863 1.345186 1.031765 0.858033 0.765855 0.718995 0.696146 0.685451 0.680639 0.678556 0.677689 0.677340 0.677205 0.677155 0.677136 0.677130 0.677128 0.677127 0.677126 0.677125 0.677121 0.677112 0.677090 0.677037 0.676915 0.676646 0.676071 0.674897 0.672593 0.668264 0.660485 0.647140 0.625327 0.591431 0.541494 0.471953 0.380725 0.268385 0.138991 0.000000 
50.000000 41.234444 32.913137 25.412876 18.992596 13.771036 9.734180 6.765541 4.687483 3.301703 2.420563 1.885863 1.575902 1.404086 1.312923 1.266578 1.243981 1.233402 1.228643 1.226584 1.225725 1.225381 1.225247 1.225197 1.225179 1.225173 1.225170 1.225169 1.225168 1.225166 1.225161 1.225146 1.225110 1.225023 1.224823 1.224378 1.223425 1.221466 1.217599 1.210281 1.197030 1.174102 1.136270 1.076891 0.988483 0.864042 0.699099 0.494121 0.256368 0.000000 
50.000000 41.396904 33.229809 25.868517 19.567160 14.442283 10.480137 7.566409 5.526763 4.166580 3.301703 2.776863 2.472612 2.303959 2.214472 2.168978 2.146795 2.136410 2.131738 2.129716 2.128874 2.128535 2.128404 2.128355 2.128337 2.128331 2.128329 2.128328 2.128326 2.128323 2.128314 2.128292 2.128236 2.128103 2.127792 2.127098 2.125605 2.122516 2.116378 2.104673 2.083290 2.045928 1.983611 1.884630 1.735371 1.522486 1.236607 0.877101 0.456215 0.000000 
50.000000 41.652361 33.727757 26.584996 20.470664 15.497846 11.653217 8.825871 6.846664 5.526763 4.687483 4.178165 3.882907 3.719234 3.632387 3.588235 3.566705 3.556626 3.552091 3.550128 3.549311 3.548982 3.548855 3.548807 3.548790 3.548784 3.548782 3.548780 3.548779 3.548774 3.548761 3.548729 3.548649 3.548454 3.548001 3.546984 3.544783 3.540200 3.531025 3.513381 3.480834 3.423332 3.326210 3.169768 2.930202 2.582861 2.108580 1.502737 0.784386 0.000000 
50.000000 42.035367 34.474339 27.659246 21.825354 17.080568 13.412188 10.714412 8.825871 7.566409 6.765541 6.279522 5.997763 5.841568 5.758687 5.716549 5.696002 5.686382 5.682053 5.680180 5.679399 5.679086 5.678964 5.678919 5.678902 5.678897 5.678894 5.678893 5.678890 5.678884 5.678867 5.678824 5.678715 5.678451 5.677833 5.676438 5.673403 5.667039 5.654196 5.629271 5.582798 5.499662 5.357206 5.123923 4.759968 4.221362 3.469888 2.489515 1.306142 0.000000 
50.000000 42.582435 35.540729 29.193686 23.760406 19.341389 15.924822 13.412188 11.653217 10.480137 9.734180 9.281471 9.019015 8.873516 8.796309 8.757054 8.737911 8.728949 8.724916 8.723171 8.722443 8.722151 8.722038 8.721995 8.721980 8.721975 8.721973 8.721971 8.721968 8.721960 8.721939 8.721885 8.721748 8.721415 8.720631 8.718854 8.714965 8.706752 8.690041 8.657289 8.595508 8.483449 8.288265 7.962411 7.442484 6.653093 5.520283 3.999102 2.114727 0.000000 
50.000000 43.326258 36.990665 31.280039 26.391506 22.415494 19.341389 17.080568 15.497846 14.442283 13.771036 13.363656 13.127472 12.996533 12.927050 12.891720 12.874491 12.866424 12.862795 12.861223 12.860569 12.860306 12.860204 12.860166 12.860152 12.860147 12.860145 12.860143 12.860140 12.860131 12.860107 12.860044 12.859885 12.859498 12.858585 12.856503 12.851917 12.842168 12.822162 12.782553 12.706912 12.567644 12.320600 11.898905 11.207747 10.124291 8.510964 6.255427 3.350419 0.000000 
50.000000 44.288266 38.865921 33.978425 29.794488 26.391506 23.760406 21.825354 20.470664 19.567160 18.992596 18.643883 18.441706 18.329617 18.270134 18.239888 18.225138 18.218231 18.215123 18.213778 18.213217 18.212992 18.212905 18.212872 18.212860 18.212856 18.212854 18.212853 18.212849 18.212840 18.212815 18.212749 18.212583 18.212175 18.211210 18.208998 18.204101 18.193618 18.171930 18.128554 18.044675 17.887803 17.603992 17.107313 16.267214 14.897244 12.755887 9.586544 5.249707 0.000000 
50.000000 45.471018 41.171487 37.296033 33.978425 31.280039 29.193686 27.659246 26.584996 25.868517 25.412876 25.136333 24.975994 24.887098 24.839922 24.815933 24.804234 24.798756 24.796290 24.795223 24.794778 24.794600 24.794531 24.794505 24.794495 24.794492 24.794490 24.794489 24.794486 24.794477 24.794454 24.794393 24.794239 24.793859 24.792957 24.790883 24.786268 24.776328 24.755608 24.713777 24.631910 24.476416 24.189359 23.673403 22.769075 21.222539 18.648017 14.515467 8.282609 0.000000 
50.000000 46.852631 43.864711 41.171487 38.865921 36.990665 35.540729 34.474339 33.727757 33.229809 32.913137 32.720935 32.609494 32.547708 32.514917 32.498243 32.490111 32.486303 32.484589 32.483847 32.483538 32.483414 32.483366 32.483348 32.483341 32.483339 32.483338 32.483337 32.483334 32.483328 32.483310 32.483262 32.483142 32.482847 32.482142 32.480517 32.476886 32.469029 32.452550 32.419016 32.352708 32.225020 31.984824 31.541628 30.735238 29.279376 26.656020 21.932355 13.564125 0.000000 
50.000000 48.385419 46.852631 45.471018 44.288266 43.326258 42.582435 42.035367 41.652361 41.396904 41.234444 41.135838 41.078665 41.046966 41.030142 41.021588 41.017415 41.015461 41.014582 41.014202 41.014043 41.013979 41.013954 41.013945 41.013942 41.013941 41.013940 41.013940 41.013938 41.013935 41.013925 41.013899 41.013833 41.013671 41.013283 41.012387 41.010380 41.006023 40.996848 40.978076 40.940690 40.867975 40.729226 40.467708 39.975839 39.038559 37.188408 33.288506 24.192709 0.000000 
50.000000 50.000000 50.000000 50.000000 50.000000 50.000000 50.000000 50.000000 50.000000 50.000000 50.000000 50.000000 50.000000 50.000000 50.000000 50.000000 50.000000 50.000000 50.000000 50.000000 50.000000 50.000000 50.000000 50.000000 50.000000 50.000000 50.000000 50.000000 50.000000 50.000000 50.000000 50.000000 50.000000 50.000000 50.000000 50.000000 50.000000 50.000000 50.000000 50.000000 50.000000 50.000000 50.000000 50.000000 50.000000 50.000000 50.000000 50.000000 50.000000 50.000000 
