50.000000 50.000000 50.000000 50.000000 50.000000 50.000000 50.000000 50.000000 50.000000 50.000000 50.000000 50.000000 50.000000 50.000000 50.000000 50.000000 50.000000 50.000000 50.000000 50.000000 50.000000 50.000000 50.000000 50.000000 50.000000 50.000000 50.000000 50.000000 50.000000 50.000000 50.000000 50.000000 50.000000 50.000000 50.000000 50.000000 50.000000 50.000000 50.000000 50.000000 50.000000 50.000000 50.000000 50.000000 50.000000 50.000000 50.000000 50.000000 50.000000 50.000000 
50.000000 47.871732 45.885510 44.154994 42.746509 41.674581 40.910866 40.400766 40.080869 39.892193 39.787352 39.732369 39.705105 39.692301 39.686595 39.684178 39.683203 39.682829 39.682691 39.682643 39.682627 39.682621 39.682620 39.682619 39.682619 39.682619 39.682619 39.682619 39.682619 39.682619 39.682618 39.682615 39.682607 39.682581 39.682508 39.682303 39.681757 39.680352 39.676880 39.668624 39.649710 39.607853 39.518052 39.330138 38.943028 38.146676 36.475489 32.789888 23.935866 0.000000 
50.000000 45.885510 42.045643 38.700143 35.977232 33.904985 32.428595 31.442504 30.824115 30.459394 30.256736 30.150456 30.097759 30.073010 30.061981 30.057310 30.055427 30.054703 30.054437 30.054344 30.054312 30.054302 30.054299 30.054298 30.054298 30.054298 30.054298 30.054298 30.054298 30.054297 30.054296 30.054291 30.054276 30.054231 30.054101 30.053741 30.052780 30.050319 30.044262 30.029940 29.997369 29.926027 29.775189 29.466335 28.851120 27.652400 25.355547 21.022822 13.095622 0.000000 
50.000000 44.154994 38.700143 33.947628 30.079599 27.135927 25.038733 23.638041 22.759678 22.241645 21.953809 21.802866 21.728026 21.692880 21.677219 21.670586 21.667912 21.666884 21.666507 21.666374 21.666329 21.666315 21.666311 21.666309 21.666309 21.666309 21.666309 21.666309 21.666309 21.666308 21.666306 21.666300 21.666282 21.666227 21.666068 21.665629 21.664464 21.661494 21.654232 21.637194 21.598849 21.516013 21.344142 21.001302 20.343256 19.127902 16.973814 13.344596 7.679505 0.000000 
50.000000 42.746509 35.977232 30.079599 25.279656 21.626859 19.024530 17.286523 16.196674 15.553941 15.196834 15.009574 14.916733 14.873135 14.853709 14.845483 14.842166 14.840891 14.840423 14.840259 14.840204 14.840186 14.840180 14.840179 14.840178 14.840178 14.840178 14.840178 14.840178 14.840177 14.840176 14.840170 14.840151 14.840095 14.839936 14.839498 14.838339 14.835402 14.828275 14.811709 14.774863 14.696469 14.537009 14.227135 13.652688 12.639828 10.951697 8.324832 4.599833 0.000000 
50.000000 41.674581 33.904985 27.135927 21.626859 17.434519 14.447900 12.453313 11.202622 10.465068 10.055298 9.840434 9.733913 9.683895 9.661610 9.652173 9.648369 9.646907 9.646370 9.646181 9.646118 9.646097 9.646091 9.646089 9.646089 9.646089 9.646089 9.646088 9.646088 9.646088 9.646086 9.646081 9.646065 9.646016 9.645877 9.645496 9.644495 9.641976 9.635908 9.621942 9.591254 9.526944 9.398598 9.155114 8.717260 7.974172 6.792672 5.053865 2.731553 0.000000 
50.000000 40.910866 32.428595 25.038733 19.024530 14.447900 11.187613 9.010336 7.645146 6.840106 6.392863 6.158364 6.042115 5.987531 5.963214 5.952917 5.948767 5.947172 5.946586 5.946380 5.946311 5.946289 5.946282 5.946280 5.946279 5.946279 5.946279 5.946279 5.946279 5.946279 5.946277 5.946273 5.946260 5.946222 5.946114 5.945819 5.945047 5.943118 5.938508 5.928000 5.905179 5.858031 5.765558 5.593807 5.292786 4.797395 4.037431 2.962260 1.580728 0.000000 
50.000000 40.400766 31.442504 23.638041 17.286523 12.453313 9.010336 6.711128 5.269537 4.419477 3.947244 3.699654 3.576921 3.519296 3.493625 3.482756 3.478375 3.476691 3.476073 3.475856 3.475783 3.475760 3.475752 3.475750 3.475750 3.475749 3.475749 3.475749 3.475749 3.475749 3.475748 3.475745 3.475736 3.475709 3.475633 3.475425 3.474885 3.473545 3.470366 3.463187 3.447764 3.416311 3.355564 3.244778 3.054715 2.749514 2.293899 1.667315 0.882714 0.000000 
50.000000 40.080869 30.824115 22.759678 16.196674 11.202622 7.645146 5.269537 3.780085 2.901832 2.413955 2.158172 2.031382 1.971856 1.945339 1.934112 1.929587 1.927848 1.927210 1.926985 1.926910 1.926886 1.926878 1.926876 1.926875 1.926875 1.926875 1.926875 1.926875 1.926875 1.926874 1.926872 1.926866 1.926849 1.926799 1.926666 1.926319 1.925465 1.923453 1.918947 1.909363 1.890043 1.853226 1.787115 1.675678 1.500205 1.243664 0.898088 0.473016 0.000000 
50.000000 39.892193 30.459394 22.241645 15.553941 10.465068 6.840106 4.419477 2.901832 2.006977 1.509890 1.249286 1.120111 1.059466 1.032451 1.021015 1.016405 1.014633 1.013983 1.013755 1.013678 1.013654 1.013646 1.013644 1.013643 1.013643 1.013643 1.013643 1.013643 1.013643 1.013642 1.013641 1.013638 1.013627 1.013597 1.013518 1.013312 1.012808 1.011630 1.009011 1.003489 0.992469 0.971713 0.934926 0.873814 0.779079 0.642797 0.462026 0.242484 0.000000 
50.000000 39.787352 30.256736 21.953809 15.196834 10.055298 6.392863 3.947244 2.413955 1.509890 1.007696 0.744420 0.613923 0.552659 0.525369 0.513816 0.509160 0.507370 0.506714 0.506483 0.506406 0.506381 0.506373 0.506371 0.506370 0.506370 0.506370 0.506370 0.506370 0.506370 0.506369 0.506369 0.506367 0.506361 0.506344 0.506300 0.506187 0.505910 0.505267 0.503848 0.500879 0.495008 0.484057 0.464863 0.433355 0.385125 0.316615 0.226796 0.118728 0.000000 
50.000000 39.732369 30.150456 21.802866 15.009574 9.840434 6.158364 3.699654 2.158172 1.249286 0.744420 0.479746 0.348558 0.286970 0.259537 0.247923 0.243242 0.241444 0.240784 0.240552 0.240474 0.240449 0.240441 0.240439 0.240438 0.240438 0.240438 0.240438 0.240438 0.240438 0.240438 0.240437 0.240436 0.240433 0.240425 0.240402 0.240343 0.240201 0.239873 0.239152 0.237656 0.234719 0.229288 0.219856 0.204527 0.181300 0.148634 0.106194 0.055489 0.000000 
50.000000 39.705105 30.097759 21.728026 14.916733 9.733913 6.042115 3.576921 2.031382 1.120111 0.613923 0.348558 0.217028 0.155281 0.127777 0.116133 0.111440 0.109637 0.108975 0.108743 0.108665 0.108640 0.108632 0.108630 0.108629 0.108629 0.108629 0.108629 0.108629 0.108629 0.108629 0.108628 0.108628 0.108626 0.108622 0.108611 0.108583 0.108514 0.108357 0.108013 0.107302 0.105918 0.103376 0.098997 0.091938 0.081330 0.066532 0.047440 0.024754 0.000000 
50.000000 39.692301 30.073010 21.692880 14.873135 9.683895 5.987531 3.519296 1.971856 1.059466 0.552659 0.286970 0.155281 0.093459 0.065921 0.054264 0.049565 0.047760 0.047097 0.046865 0.046787 0.046761 0.046754 0.046751 0.046751 0.046750 0.046750 0.046750 0.046750 0.046750 0.046750 0.046750 0.046750 0.046749 0.046747 0.046742 0.046729 0.046698 0.046627 0.046472 0.046153 0.045536 0.044411 0.042484 0.039399 0.034796 0.028415 0.020230 0.010544 0.000000 
50.000000 39.686595 30.061981 21.677219 14.853709 9.661610 5.963214 3.493625 1.945339 1.032451 0.525369 0.259537 0.127777 0.065921 0.038370 0.026706 0.022005 0.020198 0.019535 0.019303 0.019225 0.019199 0.019192 0.019189 0.019189 0.019188 0.019188 0.019188 0.019188 0.019188 0.019188 0.019188 0.019188 0.019188 0.019187 0.019185 0.019179 0.019166 0.019135 0.019069 0.018934 0.018673 0.018200 0.017395 0.016113 0.014212 0.011589 0.008241 0.004291 0.000000 
50.000000 39.684178 30.057310 21.670586 14.845483 9.652173 5.952917 3.482756 1.934112 1.021015 0.513816 0.247923 0.116133 0.054264 0.026706 0.015039 0.010337 0.008531 0.007867 0.007635 0.007556 0.007531 0.007523 0.007521 0.007520 0.007520 0.007520 0.007520 0.007520 0.007520 0.007520 0.007520 0.007520 0.007520 0.007520 0.007519 0.007516 0.007511 0.007499 0.007472 0.007417 0.007313 0.007124 0.006803 0.006296 0.005547 0.004518 0.003209 0.001670 0.000000 
50.000000 39.683203 30.055427 21.667912 14.842166 9.648369 5.948767 3.478375 1.929587 1.016405 0.509160 0.243242 0.111440 0.049565 0.022005 0.010337 0.005635 0.003828 0.003165 0.002932 0.002854 0.002829 0.002821 0.002819 0.002818 0.002818 0.002818 0.002818 0.002818 0.002818 0.002818 0.002818 0.002818 0.002818 0.002817 0.002817 0.002816 0.002814 0.002809 0.002799 0.002778 0.002738 0.002666 0.002545 0.002353 0.002071 0.001685 0.001196 0.000622 0.000000 
50.000000 39.682829 30.054703 21.666884 14.840891 9.646907 5.947172 3.476691 1.927848 1.014633 0.507370 0.241444 0.109637 0.047760 0.020198 0.008531 0.003828 0.002021 0.001358 0.001125 0.001047 0.001022 0.001014 0.001011 0.001011 0.001011 0.001011 0.001011 0.001011 0.001011 0.001011 0.001011 0.001010 0.001010 0.001010 0.001010 0.001010 0.001009 0.001007 0.001004 0.000996 0.000981 0.000955 0.000911 0.000842 0.000741 0.000602 0.000427 0.000222 0.000000 
50.000000 39.682691 30.054437 21.666507 14.840423 9.646370 5.946586 3.476073 1.927210 1.013983 0.506714 0.240784 0.108975 0.047097 0.019535 0.007867 0.003165 0.001358 0.000695 0.000462 0.000384 0.000358 0.000351 0.000348 0.000348 0.000347 0.000347 0.000347 0.000347 0.000347 0.000347 0.000347 0.000347 0.000347 0.000347 0.000347 0.000347 0.000347 0.000346 0.000345 0.000342 0.000337 0.000328 0.000313 0.000289 0.000254 0.000206 0.000146 0.000076 0.000000 
50.000000 39.682643 30.054344 21.666374 14.840259 9.646181 5.946380 3.475856 1.926985 1.013755 0.506483 0.240552 0.108743 0.046865 0.019303 0.007635 0.002932 0.001125 0.000462 0.000229 0.000151 0.000126 0.000118 0.000115 0.000115 0.000115 0.000115 0.000115 0.000115 0.000115 0.000115 0.000115 0.000115 0.000115 0.000115 0.000114 0.000114 0.000114 0.000114 0.000114 0.000113 0.000111 0.000108 0.000103 0.000095 0.000084 0.000068 0.000048 0.000025 0.000000 
50.000000 39.682627 30.054312 21.666329 14.840204 9.646118 5.946311 3.475783 1.926910 1.013678 0.506406 0.240474 0.108665 0.046787 0.019225 0.007556 0.002854 0.001047 0.000384 0.000151 0.000073 0.000047 0.000040 0.000037 0.000037 0.000036 0.000036 0.000036 0.000036 0.000036 0.000036 0.000036 0.000036 0.000036 0.000036 0.000036 0.000036 0.000036 0.000036 0.000036 0.000036 0.000035 0.000034 0.000033 0.000030 0.000026 0.000021 0.000015 0.000008 0.000000 
50.000000 39.682621 30.054302 21.666315 14.840186 9.646097 5.946289 3.475760 1.926886 1.013654 0.506381 0.240449 0.108640 0.046761 0.019199 0.007531 0.002829 0.001022 0.000358 0.000126 0.000047 0.000022 0.000014 0.000012 0.000011 0.000011 0.000011 0.000011 0.000011 0.000011 0.000011 0.000011 0.000011 0.000011 0.000011 0.000011 0.000011 0.000011 0.000011 0.000011 0.000011 0.000011 0.000010 0.000010 0.000009 0.000008 0.000007 0.000005 0.000002 0.000000 
50.000000 39.682620 30.054299 21.666311 14.840180 9.646091 5.946282 3.475752 1.926878 1.013646 0.506373 0.240441 0.108632 0.046754 0.019192 0.007523 0.002821 0.001014 0.000351 0.000118 0.000040 0.000014 0.000006 0.000004 0.000003 0.000003 0.000003 0.000003 0.000003 0.000003 0.000003 0.000003 0.000003 0.000003 0.000003 0.000003 0.000003 0.000003 0.000003 0.000003 0.000003 0.000003 0.000003 0.000003 0.000003 0.000002 0.000002 0.000001 0.000001 0.000000 
50.000000 39.682619 30.054298 21.666309 14.840179 9.646089 5.946280 3.475750 1.926876 1.013644 0.506371 0.240439 0.108630 0.046751 0.019189 0.007521 0.002819 0.001011 0.000348 0.000115 0.000037 0.000012 0.000004 0.000002 0.000001 0.000001 0.000001 0.000001 0.000001 0.000001 0.000001 0.000001 0.000001 0.000001 0.000001 0.000001 0.000001 0.000001 0.000001 0.000001 0.000001 0.000001 0.000001 0.000001 0.000001 0.000001 0.000001 0.000000 0.000000 0.000000 
50.000000 39.682619 30.054298 21.666309 14.840178 9.646089 5.946279 3.475750 1.926876 1.013643 0.506370 0.240438 0.108629 0.046751 0.019189 0.007520 0.002818 0.001011 0.000348 0.000115 0.000037 0.000011 0.000004 0.000001 0.000001 0.000000 0.000000 0.000000 0.000000 0.000000 0.000000 0.000000 0.000000 0.000000 0.000000 0.000000 0.000000 0.000000 0.000000 0.000000 0.000000 0.000000 0.000000 0.000000 0.000000 0.000000 0.000000 0.000000 0.000000 0.000000 
50.000000 39.682619 30.054298 21.666309 14.840178 9.646089 5.946279 3.475750 1.926876 1.013643 0.506370 0.240438 0.108629 0.046751 0.019189 0.007520 0.002818 0.001011 0.000348 0.000115 0.000037 0.000011 0.000004 0.000001 0.000001 0.000000 0.000000 0.000000 0.000000 0.000000 0.000000 0.000000 0.000000 0.000000 0.000000 0.000000 0.000000 0.000000 0.000000 0.000000 0.000000 0.000000 0.000000 0.000000 0.000000 0.000000 0.000000 0.000000 0.000000 0.000000 
50.000000 39.682619 30.054298 21.666309 14.840179 9.646089 5.946280 3.475750 1.926876 1.013644 0.506371 0.240439 0.108630 0.046751 0.019189 0.007521 0.002819 0.001011 0.000348 0.000115 0.000037 0.000012 0.000004 0.000002 0.000001 0.000001 0.000001 0.000001 0.000001 0.000001 0.000001 0.000001 0.000001 0.000001 0.000001 0.000001 0.000001 0.000001 0.000001 0.000001 0.000001 0.000001 0.000001 0.000001 0.000001 0.000001 0.000001 0.000000 0.000000 0.000000 
50.000000 39.682620 30.054299 21.666311 14.840180 9.646091 5.946282 3.475752 1.926878 1.013646 0.506373 0.240441 0.108632 0.046754 0.019192 0.007523 0.002821 0.001014 0.000351 0.000118 0.000040 0.000014 0.000006 0.000004 0.000003 0.000003 0.000003 0.000003 0.000003 0.000003 0.000003 0.000003 0.000003 0.000003 0.000003 0.000003 0.000003 0.000003 0.000003 0.000003 0.000003 0.000003 0.000003 0.000003 0.000003 0.000002 0.000002 0.000001 0.000001 0.000000 
50.000000 39.682621 30.054302 21.666315 14.840186 9.646097 5.946289 3.475760 1.926886 1.013654 0.506381 0.240449 0.108640 0.046761 0.019199 0.007531 0.002829 0.001022 0.000358 0.000126 0.000047 0.000022 0.000014 0.000012 0.000011 0.000011 0.000011 0.000011 0.000011 0.000011 0.000011 0.000011 0.000011 0.000011 0.000011 0.000011 0.000011 0.000011 0.000011 0.000011 0.000011 0.000011 0.000010 0.000010 0.000009 0.000008 0.000007 0.000005 0.000002 0.000000 
50.000000 39.682627 30.054312 21.666329 14.840204 9.646118 5.946311 3.475783 1.926910 1.013678 0.506406 0.240474 0.108665 0.046787 0.019225 0.007556 0.002854 0.001047 0.000384 0.000151 0.000073 0.000047 0.000040 0.000037 0.000037 0.000036 0.000036 0.000036 0.000036 0.000036 0.000036 0.000036 0.000036 0.000036 0.000036 0.000036 0.000036 0.000036 0.000036 0.000036 0.000036 0.000035 0.000034 0.000033 0.000030 0.000026 0.000021 0.000015 0.000008 0.000000 
50.000000 39.682643 30.054344 21.666374 14.840259 9.646181 5.946380 3.475856 1.926985 1.013755 0.506483 0.240552 0.108743 0.046865 0.019303 0.007635 0.002932 0.001125 0.000462 0.000229 0.000151 0.000126 0.000118 0.000115 0.000115 0.000115 0.000115 0.000115 0.000115 0.000115 0.000115 0.000115 0.000115 0.000115 0.000115 0.000114 0.000114 0.000114 0.000114 0.000114 0.000113 0.000111 0.000108 0.000103 0.000095 0.000084 0.000068 0.000048 0.000025 0.000000 
50.000000 39.682691 30.054437 21.666507 14.840423 9.646370 5.946586 3.476073 1.927210 1.013983 0.506714 0.240784 0.108975 0.047097 0.019535 0.007867 0.003165 0.001358 0.000695 0.000462 0.000384 0.000358 0.000351 0.000348 0.000348 0.000347 0.000347 0.000347 0.000347 0.000347 0.000347 0.000347 0.000347 0.000347 0.000347 0.000347 0.000347 0.000347 0.000346 0.000345 0.000342 0.000337 0.000328 0.000313 0.000289 0.000254 0.000206 0.000146 0.000076 0.000000 
50.000000 39.682829 30.054703 21.666884 14.840891 9.646907 5.947172 3.476691 1.927848 1.014633 0.507370 0.241444 0.109637 0.047760 0.020198 0.008531 0.003828 0.002021 0.001358 0.001125 0.001047 0.001022 0.001014 0.001011 0.001011 0.001011 0.001011 0.001011 0.001011 0.001011 0.001011 0.001011 0.001010 0.001010 0.001010 0.001010 0.001010 0.001009 0.001007 0.001004 0.000996 0.000981 0.000955 0.000911 0.000842 0.000741 0.000602 0.000427 0.000222 0.000000 
50.000000 39.683203 30.055427 21.667912 14.842166 9.648369 5.948767 3.478375 1.929587 1.016405 0.509160 0.243242 0.111440 0.049565 0.022005 0.010337 0.005635 0.003828 0.003165 0.002932 0.002854 0.002829 0.002821 0.002819 0.002818 0.002818 0.002818 0.002818 0.002818 0.002818 0.002818 0.002818 0.002818 0.002818 0.002817 0.002817 0.002816 0.002814 0.002809 0.002799 0.002778 0.002738 0.002666 0.002545 0.002353 0.002071 0.001685 0.001196 0.000622 0.000000 
50.000000 39.684178 30.057310 21.670586 14.845483 9.652173 5.952917 3.482756 1.934112 1.021015 0.513816 0.247923 0.116133 0.054264 0.026706 0.015039 0.010337 0.008531 0.007867 0.007635 0.007556 0.007531 0.007523 0.007521 0.007520 0.007520 0.007520 0.007520 0.007520 0.007520 0.007520 0.007520 0.007520 0.007520 0.007520 0.007519 0.007516 0.007511 0.007499 0.007472 0.007417 0.007313 0.007124 0.006803 0.006296 0.005547 0.004518 0.003209 0.001670 0.000000 
50.000000 39.686595 30.061981 21.677219 14.853709 9.661610 5.963214 3.493625 1.945339 1.032451 0.525369 0.259537 0.127777 0.065921 0.038370 0.026706 0.022005 0.020198 0.019535 0.019303 0.019225 0.019199 0.019192 0.019189 0.019189 0.019188 0.019188 0.019188 0.019188 0.019188 0.019188 0.019188 0.019188 0.019188 0.019187 0.019185 0.019179 0.019166 0.019135 0.019069 0.018934 0.018673 0.018200 0.017395 0.016113 0.014212 0.011589 0.008241 0.004291 0.000000 
50.000000 39.692301 30.073010 21.692880 14.873135 9.683895 5.987531 3.519296 1.971856 1.059466 0.552659 0.286970 0.155281 0.093459 0.065921 0.054264 0.049565 0.047760 0.047097 0.046865 0.046787 0.046761 0.046754 0.046751 0.046751 0.046750 0.046750 0.046750 0.046750 0.046750 0.046750 0.046750 0.046750 0.046749 0.046747 0.046742 0.046729 0.046698 0.046627 0.046472 0.046153 0.045536 0.044411 0.042484 0.039399 0.034796 0.028415 0.020230 0.010544 0.000000 
50.000000 39.705105 30.097759 21.728026 14.916733 9.733913 6.042115 3.576921 2.031382 1.120111 0.613923 0.348558 0.217028 0.155281 0.127777 0.116133 0.111440 0.109637 0.108975 0.108743 0.108665 0.108640 0.108632 0.108630 0.108629 0.108629 0.108629 0.108629 0.108629 0.108629 0.108629 0.108628 0.108628 0.108626 0.108622 0.108611 0.108583 0.108514 0.108357 0.108013 0.107302 0.105918 0.103376 0.098997 0.091938 0.081330 0.066532 0.047440 0.024754 0.000000 
50.000000 39.732369 30.150456 21.802866 15.009574 9.840434 6.158364 3.699654 2.158172 1.249286 0.744420 0.479746 0.348558 0.286970 0.259537 0.247923 0.243242 0.241444 0.240784 0.240552 0.240474 0.240449 0.240441 0.240439 0.240438 0.240438 0.240438 0.240438 0.240438 0.240438 0.240438 0.240437 0.240436 0.240433 0.240425 0.240402 0.240343 0.240201 0.239873 0.239152 0.237656 0.234719 0.229288 0.219856 0.204527 0.181300 0.148634 0.106194 0.055489 0.000000 
50.000000 39.787352 30.256736 21.953809 15.196834 10.055298 6.392863 3.947244 2.413955 1.509890 1.007696 0.744420 0.613923 0.552659 0.525369 0.513816 0.509160 0.507370 0.506714 0.506483 0.506406 0.506381 0.506373 0.506371 0.506370 0.506370 0.506370 0.506370 0.506370 0.506370 0.506369 0.506369 0.506367 0.506361 0.506344 0.506300 0.506187 0.505910 0.505267 0.503848 0.500879 0.495008 0.484057 0.464863 0.433355 0.385125 0.316615 0.226796 0.118728 0.000000 
50.000000 39.892193 30.459394 22.241645 15.553941 10.465068 6.840106 4.419477 2.901832 2.006977 1.509890 1.249286 1.120111 1.059466 1.032451 1.021015 1.016405 1.014633 1.013983 1.013755 1.013678 1.013654 1.013646 1.013644 1.013643 1.013643 1.013643 1.013643 1.013643 1.013643 1.013642 1.013641 1.013638 1.013627 1.013597 1.013518 1.013312 1.012808 1.011630 1.009011 1.003489 0.992469 0.971713 0.934926 0.873814 0.779079 0.642797 0.462026 0.242484 0.000000 
50.000000 40.080869 30.824115 22.759678 16.196674 11.202622 7.645146 5.269537 3.780085 2.901832 2.413955 2.158172 2.031382 1.971856 1.945339 1.934112 1.929587 1.927848 1.927210 1.926985 1.926910 1.926886 1.926878 1.926876 1.926875 1.926875 1.926875 1.926875 1.926875 1.926875 1.926874 1.926872 1.926866 1.926849 1.926799 1.926666 1.926319 1.925465 1.923453 1.918947 1.909363 1.890043 1.853226 1.787115 1.675678 1.500205 1.243664 0.898088 0.473016 0.000000 
50.000000 40.400766 31.442504 23.638041 17.286523 12.453313 9.010336 6.711128 5.269537 4.419477 3.947244 3.699654 3.576921 3.519296 3.493625 3.482756 3.478375 3.476691 3.476073 3.475856 3.475783 3.475760 3.475752 3.475750 3.475750 3.475749 3.475749 3.475749 3.475749 3.475749 3.475748 3.475745 3.475736 3.475709 3.475633 3.475425 3.474885 3.473545 3.470366 3.463187 3.447764 3.416311 3.355564 3.244778 3.054715 2.749514 2.293899 1.667315 0.882714 0.000000 
50.000000 40.910866 32.428595 25.038733 19.024530 14.447900 11.187613 9.010336 7.645146 6.840106 6.392863 6.158364 6.042115 5.987531 5.963214 5.952917 5.948767 5.947172 5.946586 5.946380 5.946311 5.946289 5.946282 5.946280 5.946279 5.946279 5.946279 5.946279 5.946279 5.946279 5.946277 5.946273 5.946260 5.946222 5.946114 5.945819 5.945047 5.943118 5.938508 5.928000 5.905179 5.858031 5.765558 5.593807 5.292786 4.797395 4.037431 2.962260 1.580728 0.000000 
50.000000 41.674581 33.904985 27.135927 21.626859 17.434519 14.447900 12.453313 11.202622 10.465068 10.055298 9.840434 9.733913 9.683895 9.661610 9.652173 9.648369 9.646907 9.646370 9.646181 9.646118 9.646097 9.646091 9.646089 9.646089 9.646089 9.646089 9.646088 9.646088 9.646088 9.646086 9.646081 9.646065 9.646016 9.645877 9.645496 9.644495 9.641976 9.635908 9.621942 9.591254 9.526944 9.398598 9.155114 8.717260 7.974172 6.792672 5.053865 2.731553 0.000000 
50.000000 42.746509 35.977232 30.079599 25.279656 21.626859 19.024530 17.286523 16.196674 15.553941 15.196834 15.009574 14.916733 14.873135 14.853709 14.845483 14.842166 14.840891 14.840423 14.840259 14.840204 14.840186 14.840180 14.840179 14.840178 14.840178 14.840178 14.840178 14.840178 14.840177 14.840176 14.840170 14.840151 14.840095 14.839936 14.839498 14.838339 14.835402 14.828275 14.811709 14.774863 14.696469 14.537009 14.227135 13.652688 12.639828 10.951697 8.324832 4.599833 0.000000 
50.000000 44.154994 38.700143 33.947628 30.079599 27.135927 25.038733 23.638041 22.759678 22.241645 21.953809 21.802866 21.728026 21.692880 21.677219 21.670586 21.667912 21.666884 21.666507 21.666374 21.666329 21.666315 21.666311 21.666309 21.666309 21.666309 21.666309 21.666309 21.666309 21.666308 21.666306 21.666300 21.666282 21.666227 21.666068 21.665629 21.664464 21.661494 21.654232 21.637194 21.598849 21.516013 21.344142 21.001302 20.343256 19.127902 16.973814 13.344596 7.679505 0.000000 
50.000000 45.885510 42.045643 38.700143 35.977232 33.904985 32.428595 31.442504 30.824115 30.459394 30.256736 30.150456 30.097759 30.073010 30.061981 30.057310 30.055427 30.054703 30.054437 30.054344 30.054312 30.054302 30.054299 30.054298 30.054298 30.054298 30.054298 30.054298 30.054298 30.054297 30.054296 30.054291 30.054276 30.054231 30.054101 30.053741 30.052780 30.050319 30.044262 30.029940 29.997369 29.926027 29.775189 29.466335 28.851120 27.652400 25.355547 21.022822 13.095622 0.000000 
50.000000 47.871732 45.885510 44.154994 42.746509 41.674581 40.910866 40.400766 40.080869 39.892193 39.787352 39.732369 39.705105 39.692301 39.686595 39.684178 39.683203 39.682829 39.682691 39.682643 39.682627 39.682621 39.682620 39.682619 39.682619 39.682619 39.682619 39.682619 39.682619 39.682619 39.682618 39.682615 39.682607 39.682581 39.682508 39.682303 39.681757 39.680352 39.676880 39.668624 39.649710 39.607853 39.518052 39.330138 38.943028 38.146676 36.475489 32.789888 23.935866 0.000000 
50.000000 50.000000 50.000000 50.000000 50.000000 50.000000 50.000000 50.000000 50.000000 50.000000 50.000000 50.000000 50.000000 50.000000 50.000000 50.000000 50.000000 50.000000 50.000000 50.000000 50.000000 50.000000 50.000000 50.000000 50.000000 50.000000 50.000000 50.000000 50.000000 50.000000 50.000000 50.000000 50.000000 50.000000 50.000000 50.000000 50.000000 50.000000 50.000000 50.000000 50.000000 50.000000 50.000000 50.000000 50.000000 50.000000 50.000000 50.000000 50.000000 50.000000 
