50.000000 50.000000 50.000000 50.000000 50.000000 50.000000 50.000000 50.000000 50.000000 50.000000 50.000000 50.000000 50.000000 50.000000 50.000000 50.000000 50.000000 50.000000 50.000000 50.000000 50.000000 50.000000 50.000000 50.000000 50.000000 50.000000 50.000000 50.000000 50.000000 50.000000 50.000000 50.000000 50.000000 50.000000 50.000000 50.000000 50.000000 50.000000 50.000000 50.000000 50.000000 50.000000 50.000000 50.000000 50.000000 50.000000 50.000000 50.000000 50.000000 50.000000 
50.000000 46.555305 43.482115 41.032222 39.282006 38.157077 37.503605 37.158850 36.992848 36.919542 36.889717 36.878488 36.874560 36.873279 36.872887 36.872775 36.872745 36.872737 36.872735 36.872735 36.872735 36.872735 36.872735 36.872735 36.872735 36.872735 36.872735 36.872735 36.872735 36.872735 36.872735 36.872735 36.872735 36.872734 36.872733 36.872726 36.872698 36.872598 36.872246 36.871076 36.867398 36.856453 36.825583 36.742801 36.530413 36.003334 34.715274 31.530882 23.277653 0.000000 
50.000000 43.482115 37.667257 33.031883 29.720486 27.592236 26.356011 25.703858 25.389865 25.251220 25.194816 25.173582 25.166154 25.163731 25.162992 25.162780 25.162722 25.162708 25.162704 25.162704 25.162703 25.162703 25.162703 25.162703 25.162703 25.162703 25.162703 25.162703 25.162703 25.162703 25.162703 25.162703 25.162703 25.162702 25.162700 25.162688 25.162644 25.162482 25.161915 25.160042 25.154199 25.136999 25.089234 24.964011 24.653599 23.924122 22.294319 18.833629 11.951233 0.000000 
50.000000 41.032222 33.031883 26.654589 22.099073 19.171443 17.471038 16.574104 16.142305 15.951665 15.874118 15.844928 15.834720 15.831390 15.830374 15.830082 15.830004 15.829984 15.829979 15.829978 15.829977 15.829977 15.829977 15.829977 15.829977 15.829977 15.829977 15.829977 15.829977 15.829977 15.829977 15.829977 15.829977 15.829976 15.829973 15.829961 15.829914 15.829742 15.829143 15.827181 15.821123 15.803534 15.755582 15.633028 15.339897 14.685344 13.327294 10.737565 6.316948 0.000000 
50.000000 39.282006 29.720486 22.099073 16.655199 13.156952 11.125328 10.053805 9.538019 9.310330 9.217726 9.182874 9.170687 9.166713 9.165500 9.165152 9.165058 9.165034 9.165028 9.165027 9.165027 9.165027 9.165027 9.165027 9.165027 9.165027 9.165027 9.165027 9.165027 9.165027 9.165027 9.165027 9.165027 9.165026 9.165023 9.165013 9.164974 9.164830 9.164333 9.162721 9.157798 9.143706 9.105987 9.011888 8.793920 8.327599 7.413730 5.796364 3.278673 0.000000 
50.000000 38.157077 27.592236 19.171443 13.156952 9.292330 7.048143 5.864635 5.295012 5.043588 4.941345 4.902871 4.889420 4.885034 4.883695 4.883312 4.883208 4.883182 4.883175 4.883174 4.883174 4.883174 4.883174 4.883174 4.883174 4.883174 4.883174 4.883174 4.883174 4.883174 4.883174 4.883174 4.883173 4.883173 4.883171 4.883164 4.883136 4.883036 4.882692 4.881584 4.878237 4.868783 4.843901 4.783140 4.646165 4.363032 3.831546 2.938638 1.626664 0.000000 
50.000000 37.503605 26.356011 17.471038 11.125328 7.048143 4.680701 3.432300 2.831502 2.566346 2.458530 2.417964 2.403782 2.399159 2.397748 2.397344 2.397235 2.397207 2.397201 2.397199 2.397199 2.397199 2.397199 2.397199 2.397199 2.397199 2.397199 2.397199 2.397199 2.397199 2.397199 2.397199 2.397199 2.397198 2.397197 2.397193 2.397176 2.397115 2.396909 2.396251 2.394281 2.388785 2.374530 2.340350 2.265003 2.113440 1.838009 1.392001 0.760804 0.000000 
50.000000 37.158850 25.703858 16.574104 10.053805 5.864635 3.432300 2.149760 1.532575 1.260206 1.149466 1.107803 1.093239 1.088491 1.087043 1.086628 1.086516 1.086487 1.086481 1.086479 1.086479 1.086479 1.086479 1.086479 1.086479 1.086479 1.086479 1.086479 1.086479 1.086479 1.086479 1.086479 1.086479 1.086478 1.086478 1.086475 1.086467 1.086434 1.086325 1.085980 1.084955 1.082125 1.074880 1.057770 1.020733 0.947818 0.818522 0.614624 0.333268 0.000000 
50.000000 36.992848 25.389865 16.142305 9.538019 5.295012 2.831502 1.532575 0.907530 0.631705 0.519565 0.477378 0.462632 0.457825 0.456358 0.455938 0.455825 0.455796 0.455789 0.455788 0.455787 0.455787 0.455787 0.455787 0.455787 0.455787 0.455787 0.455787 0.455787 0.455787 0.455787 0.455787 0.455787 0.455787 0.455787 0.455786 0.455781 0.455766 0.455715 0.455552 0.455074 0.453765 0.450449 0.442718 0.426229 0.394313 0.338771 0.252866 0.136395 0.000000 
50.000000 36.919542 25.251220 15.951665 9.310330 5.043588 2.566346 1.260206 0.631705 0.354363 0.241609 0.199192 0.184366 0.179533 0.178059 0.177636 0.177522 0.177493 0.177486 0.177485 0.177484 0.177484 0.177484 0.177484 0.177484 0.177484 0.177484 0.177484 0.177484 0.177484 0.177484 0.177484 0.177484 0.177484 0.177484 0.177484 0.177482 0.177475 0.177453 0.177384 0.177181 0.176631 0.175251 0.172065 0.165352 0.152532 0.130542 0.097021 0.052144 0.000000 
50.000000 36.889717 25.194816 15.874118 9.217726 4.941345 2.458530 1.149466 0.519565 0.241609 0.128607 0.086097 0.071239 0.066396 0.064918 0.064495 0.064381 0.064352 0.064345 0.064343 0.064343 0.064343 0.064343 0.064343 0.064343 0.064343 0.064343 0.064343 0.064343 0.064343 0.064343 0.064343 0.064343 0.064343 0.064343 0.064343 0.064342 0.064339 0.064331 0.064304 0.064225 0.064013 0.063486 0.062279 0.059761 0.055004 0.046937 0.034774 0.018641 0.000000 
50.000000 36.878488 25.173582 15.844928 9.182874 4.902871 2.417964 1.107803 0.477378 0.199192 0.086097 0.043552 0.028682 0.023835 0.022357 0.021933 0.021819 0.021790 0.021783 0.021781 0.021781 0.021781 0.021781 0.021781 0.021781 0.021781 0.021781 0.021781 0.021781 0.021781 0.021781 0.021781 0.021781 0.021781 0.021781 0.021781 0.021780 0.021779 0.021776 0.021767 0.021739 0.021663 0.021477 0.021054 0.020179 0.018540 0.015785 0.011667 0.006242 0.000000 
50.000000 36.874560 25.166154 15.834720 9.170687 4.889420 2.403782 1.093239 0.462632 0.184366 0.071239 0.028682 0.013808 0.008960 0.007481 0.007057 0.006943 0.006914 0.006907 0.006905 0.006905 0.006905 0.006905 0.006905 0.006905 0.006905 0.006905 0.006905 0.006905 0.006905 0.006905 0.006905 0.006905 0.006905 0.006905 0.006904 0.006904 0.006904 0.006903 0.006900 0.006891 0.006866 0.006805 0.006667 0.006384 0.005857 0.004978 0.003672 0.001962 0.000000 
50.000000 36.873279 25.163731 15.831390 9.166713 4.885034 2.399159 1.088491 0.457825 0.179533 0.066396 0.023835 0.008960 0.004111 0.002632 0.002208 0.002094 0.002064 0.002057 0.002056 0.002056 0.002055 0.002055 0.002055 0.002055 0.002055 0.002055 0.002055 0.002055 0.002055 0.002055 0.002055 0.002055 0.002055 0.002055 0.002055 0.002055 0.002055 0.002055 0.002054 0.002051 0.002044 0.002025 0.001983 0.001897 0.001739 0.001476 0.001087 0.000580 0.000000 
50.000000 36.872887 25.162992 15.830374 9.165500 4.883695 2.397748 1.087043 0.456358 0.178059 0.064918 0.022357 0.007481 0.002632 0.001152 0.000729 0.000614 0.000585 0.000578 0.000577 0.000576 0.000576 0.000576 0.000576 0.000576 0.000576 0.000576 0.000576 0.000576 0.000576 0.000576 0.000576 0.000576 0.000576 0.000576 0.000576 0.000576 0.000576 0.000576 0.000576 0.000575 0.000573 0.000567 0.000555 0.000531 0.000486 0.000412 0.000303 0.000162 0.000000 
50.000000 36.872775 25.162780 15.830082 9.165152 4.883312 2.397344 1.086628 0.455938 0.177636 0.064495 0.021933 0.007057 0.002208 0.000729 0.000305 0.000191 0.000162 0.000154 0.000153 0.000153 0.000152 0.000152 0.000152 0.000152 0.000152 0.000152 0.000152 0.000152 0.000152 0.000152 0.000152 0.000152 0.000152 0.000152 0.000152 0.000152 0.000152 0.000152 0.000152 0.000152 0.000152 0.000150 0.000147 0.000140 0.000128 0.000109 0.000080 0.000043 0.000000 
50.000000 36.872745 25.162722 15.830004 9.165058 4.883208 2.397235 1.086516 0.455825 0.177522 0.064381 0.021819 0.006943 0.002094 0.000614 0.000191 0.000076 0.000047 0.000040 0.000039 0.000038 0.000038 0.000038 0.000038 0.000038 0.000038 0.000038 0.000038 0.000038 0.000038 0.000038 0.000038 0.000038 0.000038 0.000038 0.000038 0.000038 0.000038 0.000038 0.000038 0.000038 0.000038 0.000038 0.000037 0.000035 0.000032 0.000027 0.000020 0.000011 0.000000 
50.000000 36.872737 25.162708 15.829984 9.165034 4.883182 2.397207 1.086487 0.455796 0.177493 0.064352 0.021790 0.006914 0.002064 0.000585 0.000162 0.000047 0.000018 0.000011 0.000010 0.000009 0.000009 0.000009 0.000009 0.000009 0.000009 0.000009 0.000009 0.000009 0.000009 0.000009 0.000009 0.000009 0.000009 0.000009 0.000009 0.000009 0.000009 0.000009 0.000009 0.000009 0.000009 0.000009 0.000009 0.000008 0.000008 0.000006 0.000005 0.000003 0.000000 
50.000000 36.872735 25.162704 15.829979 9.165028 4.883175 2.397201 1.086481 0.455789 0.177486 0.064345 0.021783 0.006907 0.002057 0.000578 0.000154 0.000040 0.000011 0.000004 0.000002 0.000002 0.000002 0.000002 0.000002 0.000002 0.000002 0.000002 0.000002 0.000002 0.000002 0.000002 0.000002 0.000002 0.000002 0.000002 0.000002 0.000002 0.000002 0.000002 0.000002 0.000002 0.000002 0.000002 0.000002 0.000002 0.000002 0.000001 0.000001 0.000001 0.000000 
50.000000 36.872735 25.162704 15.829978 9.165027 4.883174 2.397199 1.086479 0.455788 0.177485 0.064343 0.021781 0.006905 0.002056 0.000577 0.000153 0.000039 0.000010 0.000002 0.000001 0.000001 0.000000 0.000000 0.000000 0.000000 0.000000 0.000000 0.000000 0.000000 0.000000 0.000000 0.000000 0.000000 0.000000 0.000000 0.000000 0.000000 0.000000 0.000000 0.000000 0.000000 0.000000 0.000000 0.000000 0.000000 0.000000 0.000000 0.000000 0.000000 0.000000 
50.000000 36.872735 25.162703 15.829977 9.165027 4.883174 2.397199 1.086479 0.455787 0.177484 0.064343 0.021781 0.006905 0.002056 0.000576 0.000153 0.000038 0.000009 0.000002 0.000001 0.000000 0.000000 0.000000 0.000000 0.000000 0.000000 0.000000 0.000000 0.000000 0.000000 0.000000 0.000000 0.000000 0.000000 0.000000 0.000000 0.000000 0.000000 0.000000 0.000000 0.000000 0.000000 0.000000 0.000000 0.000000 0.000000 0.000000 0.000000 0.000000 0.000000 
50.000000 36.872735 25.162703 15.829977 9.165027 4.883174 2.397199 1.086479 0.455787 0.177484 0.064343 0.021781 0.006905 0.002055 0.000576 0.000152 0.000038 0.000009 0.000002 0.000000 0.000000 0.000000 0.000000 0.000000 0.000000 0.000000 0.000000 0.000000 0.000000 0.000000 0.000000 0.000000 0.000000 0.000000 0.000000 0.000000 0.000000 0.000000 0.000000 0.000000 0.000000 0.000000 0.000000 0.000000 0.000000 0.000000 0.000000 0.000000 0.000000 0.000000 
50.000000 36.872735 25.162703 15.829977 9.165027 4.883174 2.397199 1.086479 0.455787 0.177484 0.064343 0.021781 0.006905 0.002055 0.000576 0.000152 0.000038 0.000009 0.000002 0.000000 0.000000 0.000000 0.000000 0.000000 0.000000 0.000000 0.000000 0.000000 0.000000 0.000000 0.000000 0.000000 0.000000 0.000000 0.000000 0.000000 0.000000 0.000000 0.000000 0.000000 0.000000 0.000000 0.000000 0.000000 0.000000 0.000000 0.000000 0.000000 0.000000 0.000000 
50.000000 36.872735 25.162703 15.829977 9.165027 4.883174 2.397199 1.086479 0.455787 0.177484 0.064343 0.021781 0.006905 0.002055 0.000576 0.000152 0.000038 0.000009 0.000002 0.000000 0.000000 0.000000 0.000000 0.000000 0.000000 0.000000 0.000000 0.000000 0.000000 0.000000 0.000000 0.000000 0.000000 0.000000 0.000000 0.000000 0.000000 0.000000 0.000000 0.000000 0.000000 0.000000 0.000000 0.000000 0.000000 0.000000 0.000000 0.000000 0.000000 0.000000 
50.000000 36.872735 25.162703 15.829977 9.165027 4.883174 2.397199 1.086479 0.455787 0.177484 0.064343 0.021781 0.006905 0.002055 0.000576 0.000152 0.000038 0.000009 0.000002 0.000000 0.000000 0.000000 0.000000 0.000000 0.000000 0.000000 0.000000 0.000000 0.000000 0.000000 0.000000 0.000000 0.000000 0.000000 0.000000 0.000000 0.000000 0.000000 0.000000 0.000000 0.000000 0.000000 0.000000 0.000000 0.000000 0.000000 0.000000 0.000000 0.000000 0.000000 
50.000000 36.872735 25.162703 15.829977 9.165027 4.883174 2.397199 1.086479 0.455787 0.177484 0.064343 0.021781 0.006905 0.002055 0.000576 0.000152 0.000038 0.000009 0.000002 0.000000 0.000000 0.000000 0.000000 0.000000 0.000000 0.000000 0.000000 0.000000 0.000000 0.000000 0.000000 0.000000 0.000000 0.000000 0.000000 0.000000 0.000000 0.000000 0.000000 0.000000 0.000000 0.000000 0.000000 0.000000 0.000000 0.000000 0.000000 0.000000 0.000000 0.000000 
50.000000 36.872735 25.162703 15.829977 9.165027 4.883174 2.397199 1.086479 0.455787 0.177484 0.064343 0.021781 0.006905 0.002055 0.000576 0.000152 0.000038 0.000009 0.000002 0.000000 0.000000 0.000000 0.000000 0.000000 0.000000 0.000000 0.000000 0.000000 0.000000 0.000000 0.000000 0.000000 0.000000 0.000000 0.000000 0.000000 0.000000 0.000000 0.000000 0.000000 0.000000 0.000000 0.000000 0.000000 0.000000 0.000000 0.000000 0.000000 0.000000 0.000000 
50.000000 36.872735 25.162703 15.829977 9.165027 4.883174 2.397199 1.086479 0.455787 0.177484 0.064343 0.021781 0.006905 0.002055 0.000576 0.000152 0.000038 0.000009 0.000002 0.000000 0.000000 0.000000 0.000000 0.000000 0.000000 0.000000 0.000000 0.000000 0.000000 0.000000 0.000000 0.000000 0.000000 0.000000 0.000000 0.000000 0.000000 0.000000 0.000000 0.000000 0.000000 0.000000 0.000000 0.000000 0.000000 0.000000 0.000000 0.000000 0.000000 0.000000 
50.000000 36.872735 25.162703 15.829977 9.165027 4.883174 2.397199 1.086479 0.455787 0.177484 0.064343 0.021781 0.006905 0.002055 0.000576 0.000152 0.000038 0.000009 0.000002 0.000000 0.000000 0.000000 0.000000 0.000000 0.000000 0.000000 0.000000 0.000000 0.000000 0.000000 0.000000 0.000000 0.000000 0.000000 0.000000 0.000000 0.000000 0.000000 0.000000 0.000000 0.000000 0.000000 0.000000 0.000000 0.000000 0.000000 0.000000 0.000000 0.000000 0.000000 
50.000000 36.872735 25.162703 15.829977 9.165027 4.883174 2.397199 1.086479 0.455787 0.177484 0.064343 0.021781 0.006905 0.002056 0.000576 0.000153 0.000038 0.000009 0.000002 0.000001 0.000000 0.000000 0.000000 0.000000 0.000000 0.000000 0.000000 0.000000 0.000000 0.000000 0.000000 0.000000 0.000000 0.000000 0.000000 0.000000 0.000000 0.000000 0.000000 0.000000 0.000000 0.000000 0.000000 0.000000 0.000000 0.000000 0.000000 0.000000 0.000000 0.000000 
50.000000 36.872735 25.162704 15.829978 9.165027 4.883174 2.397199 1.086479 0.455788 0.177485 0.064343 0.021781 0.006905 0.002056 0.000577 0.000153 0.000039 0.000010 0.000002 0.000001 0.000001 0.000000 0.000000 0.000000 0.000000 0.000000 0.000000 0.000000 0.000000 0.000000 0.000000 0.000000 0.000000 0.000000 0.000000 0.000000 0.000000 0.000000 0.000000 0.000000 0.000000 0.000000 0.000000 0.000000 0.000000 0.000000 0.000000 0.000000 0.000000 0.000000 
50.000000 36.872735 25.162704 15.829979 9.165028 4.883175 2.397201 1.086481 0.455789 0.177486 0.064345 0.021783 0.006907 0.002057 0.000578 0.000154 0.000040 0.000011 0.000004 0.000002 0.000002 0.000002 0.000002 0.000002 0.000002 0.000002 0.000002 0.000002 0.000002 0.000002 0.000002 0.000002 0.000002 0.000002 0.000002 0.000002 0.000002 0.000002 0.000002 0.000002 0.000002 0.000002 0.000002 0.000002 0.000002 0.000002 0.000001 0.000001 0.000001 0.000000 
50.000000 36.872737 25.162708 15.829984 9.165034 4.883182 2.397207 1.086487 0.455796 0.177493 0.064352 0.021790 0.006914 0.002064 0.000585 0.000162 0.000047 0.000018 0.000011 0.000010 0.000009 0.000009 0.000009 0.000009 0.000009 0.000009 0.000009 0.000009 0.000009 0.000009 0.000009 0.000009 0.000009 0.000009 0.000009 0.000009 0.000009 0.000009 0.000009 0.000009 0.000009 0.000009 0.000009 0.000009 0.000008 0.000008 0.000006 0.000005 0.000003 0.000000 
50.000000 36.872745 25.162722 15.830004 9.165058 4.883208 2.397235 1.086516 0.455825 0.177522 0.064381 0.021819 0.006943 0.002094 0.000614 0.000191 0.000076 0.000047 0.000040 0.000039 0.000038 0.000038 0.000038 0.000038 0.000038 0.000038 0.000038 0.000038 0.000038 0.000038 0.000038 0.000038 0.000038 0.000038 0.000038 0.000038 0.000038 0.000038 0.000038 0.000038 0.000038 0.000038 0.000038 0.000037 0.000035 0.000032 0.000027 0.000020 0.000011 0.000000 
50.000000 36.872775 25.162780 15.830082 9.165152 4.883312 2.397344 1.086628 0.455938 0.177636 0.064495 0.021933 0.007057 0.002208 0.000729 0.000305 0.000191 0.000162 0.000154 0.000153 0.000153 0.000152 0.000152 0.000152 0.000152 0.000152 0.000152 0.000152 0.000152 0.000152 0.000152 0.000152 0.000152 0.000152 0.000152 0.000152 0.000152 0.000152 0.000152 0.000152 0.000152 0.000152 0.000150 0.000147 0.000140 0.000128 0.000109 0.000080 0.000043 0.000000 
50.000000 36.872887 25.162992 15.830374 9.165500 4.883695 2.397748 1.087043 0.456358 0.178059 0.064918 0.022357 0.007481 0.002632 0.001152 0.000729 0.000614 0.000585 0.000578 0.000577 0.000576 0.000576 0.000576 0.000576 0.000576 0.000576 0.000576 0.000576 0.000576 0.000576 0.000576 0.000576 0.000576 0.000576 0.000576 0.000576 0.000576 0.000576 0.000576 0.000576 0.000575 0.000573 0.000567 0.000555 0.000531 0.000486 0.000412 0.000303 0.000162 0.000000 
50.000000 36.873279 25.163731 15.831390 9.166713 4.885034 2.399159 1.088491 0.457825 0.179533 0.066396 0.023835 0.008960 0.004111 0.002632 0.002208 0.002094 0.002064 0.002057 0.002056 0.002056 0.002055 0.002055 0.002055 0.002055 0.002055 0.002055 0.002055 0.002055 0.002055 0.002055 0.002055 0.002055 0.002055 0.002055 0.002055 0.002055 0.002055 0.002055 0.002054 0.002051 0.002044 0.002025 0.001983 0.001897 0.001739 0.001476 0.001087 0.000580 0.000000 
50.000000 36.874560 25.166154 15.834720 9.170687 4.889420 2.403782 1.093239 0.462632 0.184366 0.071239 0.028682 0.013808 0.008960 0.007481 0.007057 0.006943 0.006914 0.006907 0.006905 0.006905 0.006905 0.006905 0.006905 0.006905 0.006905 0.006905 0.006905 0.006905 0.006905 0.006905 0.006905 0.006905 0.006905 0.006905 0.006904 0.006904 0.006904 0.006903 0.006900 0.006891 0.006866 0.006805 0.006667 0.006384 0.005857 0.004978 0.003672 0.001962 0.000000 
50.000000 36.878488 25.173582 15.844928 9.182874 4.902871 2.417964 1.107803 0.477378 0.199192 0.086097 0.043552 0.028682 0.023835 0.022357 0.021933 0.021819 0.021790 0.021783 0.021781 0.021781 0.021781 0.021781 0.021781 0.021781 0.021781 0.021781 0.021781 0.021781 0.021781 0.021781 0.021781 0.021781 0.021781 0.021781 0.021781 0.021780 0.021779 0.021776 0.021767 0.021739 0.021663 0.021477 0.021054 0.020179 0.018540 0.015785 0.011667 0.006242 0.000000 
50.000000 36.889717 25.194816 15.874118 9.217726 4.941345 2.458530 1.149466 0.519565 0.241609 0.128607 0.086097 0.071239 0.066396 0.064918 0.064495 0.064381 0.064352 0.064345 0.064343 0.064343 0.064343 0.064343 0.064343 0.064343 0.064343 0.064343 0.064343 0.064343 0.064343 0.064343 0.064343 0.064343 0.064343 0.064343 0.064343 0.064342 0.064339 0.064331 0.064304 0.064225 0.064013 0.063486 0.062279 0.059761 0.055004 0.046937 0.034774 0.018641 0.000000 
50.000000 36.919542 25.251220 15.951665 9.310330 5.043588 2.566346 1.260206 0.631705 0.354363 0.241609 0.199192 0.184366 0.179533 0.178059 0.177636 0.177522 0.177493 0.177486 0.177485 0.177484 0.177484 0.177484 0.177484 0.177484 0.177484 0.177484 0.177484 0.177484 0.177484 0.177484 0.177484 0.177484 0.177484 0.177484 0.177484 0.177482 0.177475 0.177453 0.177384 0.177181 0.176631 0.175251 0.172065 0.165352 0.152532 0.130542 0.097021 0.052144 0.000000 
50.000000 36.992848 25.389865 16.142305 9.538019 5.295012 2.831502 1.532575 0.907530 0.631705 0.519565 0.477378 0.462632 0.457825 0.456358 0.455938 0.455825 0.455796 0.455789 0.455788 0.455787 0.455787 0.455787 0.455787 0.455787 0.455787 0.455787 0.455787 0.455787 0.455787 0.455787 0.455787 0.455787 0.455787 0.455787 0.455786 0.455781 0.455766 0.455715 0.455552 0.455074 0.453765 0.450449 0.442718 0.426229 0.394313 0.338771 0.252866 0.136395 0.000000 
50.000000 37.158850 25.703858 16.574104 10.053805 5.864635 3.432300 2.149760 1.532575 1.260206 1.149466 1.107803 1.093239 1.088491 1.087043 1.086628 1.086516 1.086487 1.086481 1.086479 1.086479 1.086479 1.086479 1.086479 1.086479 1.086479 1.086479 1.086479 1.086479 1.086479 1.086479 1.086479 1.086479 1.086478 1.086478 1.086475 1.086467 1.086434 1.086325 1.085980 1.084955 1.082125 1.074880 1.057770 1.020733 0.947818 0.818522 0.614624 0.333268 0.000000 
50.000000 37.503605 26.356011 17.471038 11.125328 7.048143 4.680701 3.432300 2.831502 2.566346 2.458530 2.417964 2.403782 2.399159 2.397748 2.397344 2.397235 2.397207 2.397201 2.397199 2.397199 2.397199 2.397199 2.397199 2.397199 2.397199 2.397199 2.397199 2.397199 2.397199 2.397199 2.397199 2.397199 2.397198 2.397197 2.397193 2.397176 2.397115 2.396909 2.396251 2.394281 2.388785 2.374530 2.340350 2.265003 2.113440 1.838009 1.392001 0.760804 0.000000 
50.000000 38.157077 27.592236 19.171443 13.156952 9.292330 7.048143 5.864635 5.295012 5.043588 4.941345 4.902871 4.889420 4.885034 4.883695 4.883312 4.883208 4.883182 4.883175 4.883174 4.883174 4.883174 4.883174 4.883174 4.883174 4.883174 4.883174 4.883174 4.883174 4.883174 4.883174 4.883174 4.883173 4.883173 4.883171 4.883164 4.883136 4.883036 4.882692 4.881584 4.878237 4.868783 4.843901 4.783140 4.646165 4.363032 3.831546 2.938638 1.626664 0.000000 
50.000000 39.282006 29.720486 22.099073 16.655199 13.156952 11.125328 10.053805 9.538019 9.310330 9.217726 9.182874 9.170687 9.166713 9.165500 9.165152 9.165058 9.165034 9.165028 9.165027 9.165027 9.165027 9.165027 9.165027 9.165027 9.165027 9.165027 9.165027 9.165027 9.165027 9.165027 9.165027 9.165027 9.165026 9.165023 9.165013 9.164974 9.164830 9.164333 9.162721 9.157798 9.143706 9.105987 9.011888 8.793920 8.327599 7.413730 5.796364 3.278673 0.000000 
50.000000 41.032222 33.031883 26.654589 22.099073 19.171443 17.471038 16.574104 16.142305 15.951665 15.874118 15.844928 15.834720 15.831390 15.830374 15.830082 15.830004 15.829984 15.829979 15.829978 15.829977 15.829977 15.829977 15.829977 15.829977 15.829977 15.829977 15.829977 15.829977 15.829977 15.829977 15.829977 15.829977 15.829976 15.829973 15.829961 15.829914 15.829742 15.829143 15.827181 15.821123 15.803534 15.755582 15.633028 15.339897 14.685344 13.327294 10.737565 6.316948 0.000000 
50.000000 43.482115 37.667257 33.031883 29.720486 27.592236 26.356011 25.703858 25.389865 25.251220 25.194816 25.173582 25.166154 25.163731 25.162992 25.162780 25.162722 25.162708 25.162704 25.162704 25.162703 25.162703 25.162703 25.162703 25.162703 25.162703 25.162703 25.162703 25.162703 25.162703 25.162703 25.162703 25.162703 25.162702 25.162700 25.162688 25.162644 25.162482 25.161915 25.160042 25.154199 25.136999 25.089234 24.964011 24.653599 23.924122 22.294319 18.833629 11.951233 0.000000 
50.000000 46.555305 43.482115 41.032222 39.282006 38.157077 37.503605 37.158850 36.992848 36.919542 36.889717 36.878488 36.874560 36.873279 36.872887 36.872775 36.872745 36.872737 36.872735 36.872735 36.872735 36.872735 36.872735 36.872735 36.872735 36.872735 36.872735 36.872735 36.872735 36.872735 36.872735 36.872735 36.872735 36.872734 36.872733 36.872726 36.872698 36.872598 36.872246 36.871076 36.867398 36.856453 36.825583 36.742801 36.530413 36.003334 34.715274 31.530882 23.277653 0.000000 
50.000000 50.000000 50.000000 50.000000 50.000000 50.000000 50.000000 50.000000 50.000000 50.000000 50.000000 50.000000 50.000000 50.000000 50.000000 50.000000 50.000000 50.000000 50.000000 50.000000 50.000000 50.000000 50.000000 50.000000 50.000000 50.000000 50.000000 50.000000 50.000000 50.000000 50.000000 50.000000 50.000000 50.000000 50.000000 50.000000 50.000000 50.000000 50.000000 50.000000 50.000000 50.000000 50.000000 50.000000 50.000000 50.000000 50.000000 50.000000 50.000000 50.000000 
