50.000000 50.000000 50.000000 50.000000 50.000000 50.000000 50.000000 50.000000 50.000000 50.000000 50.000000 50.000000 50.000000 50.000000 50.000000 50.000000 50.000000 50.000000 50.000000 50.000000 50.000000 50.000000 50.000000 50.000000 50.000000 50.000000 50.000000 50.000000 50.000000 50.000000 50.000000 50.000000 50.000000 50.000000 50.000000 50.000000 50.000000 50.000000 50.000000 50.000000 50.000000 50.000000 50.000000 50.000000 50.000000 50.000000 50.000000 50.000000 50.000000 50.000000 
50.000000 48.685419 47.425076 46.266500 45.245191 44.381655 43.681140 43.135736 42.728022 42.435252 42.233206 42.099127 42.013523 41.960905 41.929751 41.911969 41.902181 41.896980 41.894311 41.892988 41.892353 41.892058 41.891926 41.891868 41.891843 41.891833 41.891828 41.891823 41.891814 41.891795 41.891749 41.891643 41.891408 41.890898 41.889822 41.887609 41.883178 41.874525 41.858031 41.827284 41.771093 41.670067 41.490488 41.172609 40.606327 39.575143 37.611798 33.581616 24.342710 0.000000 
50.000000 47.425076 44.956389 42.687043 40.686571 38.995139 37.623026 36.554738 35.756148 35.182700 34.786957 34.524342 34.356673 34.253614 34.192594 34.157768 34.138596 34.128410 34.123183 34.120591 34.119347 34.118770 34.118511 34.118398 34.118350 34.118329 34.118319 34.118310 34.118294 34.118257 34.118172 34.117976 34.117541 34.116598 34.114609 34.110530 34.102381 34.086519 34.056403 34.000558 33.899217 33.718790 33.402541 32.854367 31.909385 30.278638 27.444476 22.478195 13.843460 0.000000 
50.000000 46.266500 42.687043 39.396626 36.496071 34.043615 32.054160 30.505238 29.347363 28.515930 27.942152 27.561400 27.318305 27.168889 27.080422 27.029932 27.002138 26.987370 26.979793 26.976035 26.974232 26.973396 26.973020 26.972856 26.972786 26.972757 26.972742 26.972730 26.972708 26.972659 26.972546 26.972287 26.971712 26.970468 26.967853 26.962505 26.951863 26.931248 26.892347 26.820771 26.692208 26.466426 26.078019 25.422182 24.333198 22.553668 19.698313 15.242567 8.654702 0.000000 
50.000000 45.245191 40.686571 36.496071 32.802096 29.678812 27.145193 25.172622 23.698069 22.639251 21.908564 21.423694 21.114130 20.923862 20.811209 20.746917 20.711525 20.692722 20.683073 20.678288 20.675993 20.674928 20.674450 20.674241 20.674152 20.674115 20.674097 20.674083 20.674058 20.674003 20.673876 20.673585 20.672942 20.671556 20.668651 20.662734 20.651017 20.628456 20.586202 20.509188 20.372510 20.136177 19.737809 19.083042 18.034279 16.401048 13.942403 10.407933 5.670048 0.000000 
50.000000 44.381655 38.995139 34.043615 29.678812 25.988362 22.994684 20.663953 18.921686 17.670650 16.807327 16.234452 15.868709 15.643914 15.510822 15.434866 15.393056 15.370842 15.359444 15.353792 15.351081 15.349823 15.349257 15.349011 15.348906 15.348862 15.348842 15.348826 15.348801 15.348745 15.348618 15.348327 15.347685 15.346305 15.343426 15.337588 15.326093 15.304111 15.263281 15.189620 15.060544 14.840877 14.477946 13.896356 12.994181 11.644533 9.710417 7.085754 3.775328 0.000000 
50.000000 43.681140 37.623026 32.054160 27.145193 22.994684 19.627838 17.006606 15.047209 13.640284 12.669399 12.025160 11.613863 11.361076 11.211413 11.126003 11.078989 11.054012 11.041196 11.034840 11.031792 11.030378 11.029742 11.029465 11.029348 11.029299 11.029276 11.029261 11.029237 11.029186 11.029068 11.028801 11.028214 11.026957 11.024346 11.019078 11.008767 10.989190 10.953140 10.888776 10.777402 10.590746 10.288063 9.813919 9.098328 8.062151 6.631978 4.768659 2.508531 0.000000 
50.000000 43.135736 36.554738 30.505238 25.172622 20.663953 17.006606 14.159239 12.030831 10.502571 9.447972 8.748198 8.301454 8.026886 7.864332 7.771567 7.720506 7.693379 7.679460 7.672558 7.669248 7.667712 7.667022 7.666721 7.666594 7.666541 7.666517 7.666502 7.666481 7.666437 7.666336 7.666109 7.665610 7.664548 7.662349 7.657937 7.649355 7.633179 7.603644 7.551444 7.462197 7.314739 7.079619 6.718544 6.186007 5.434813 4.427219 3.152196 1.645248 0.000000 
50.000000 42.728022 35.756148 29.347363 23.698069 18.921686 15.047209 12.030831 9.776114 8.157183 7.040033 6.298765 5.825539 5.534702 5.362519 5.264261 5.210178 5.181446 5.166704 5.159395 5.155889 5.154262 5.153531 5.153213 5.153078 5.153022 5.152998 5.152984 5.152966 5.152930 5.152849 5.152668 5.152272 5.151430 5.149695 5.146234 5.139543 5.127020 5.104343 5.064646 4.997528 4.888057 4.716091 4.456464 4.080809 3.561891 2.880937 2.037357 1.057955 0.000000 
50.000000 42.435252 35.182700 28.515930 22.639251 17.670650 13.640284 10.502571 8.157183 6.473169 5.311124 4.540078 4.047851 3.745340 3.566250 3.464052 3.407802 3.377919 3.362587 3.354985 3.351339 3.349648 3.348887 3.348556 3.348416 3.348358 3.348334 3.348321 3.348306 3.348279 3.348218 3.348082 3.347784 3.347155 3.345866 3.343306 3.338386 3.329241 3.312809 3.284300 3.236585 3.159655 3.040374 2.862882 2.610107 2.266741 1.823722 1.283483 0.664159 0.000000 
50.000000 42.233206 34.786957 27.942152 21.908564 16.807327 12.669399 9.447972 7.040033 5.311124 4.118114 3.326532 2.821201 2.510642 2.326790 2.221877 2.164132 2.133457 2.117719 2.109915 2.106173 2.104436 2.103656 2.103316 2.103172 2.103113 2.103089 2.103076 2.103065 2.103045 2.103001 2.102904 2.102693 2.102248 2.101340 2.099546 2.096119 2.089787 2.078493 2.059057 2.026825 1.975387 1.896528 1.780622 1.617707 1.399376 1.121381 0.786399 0.405922 0.000000 
50.000000 42.099127 34.524342 27.561400 21.423694 16.234452 12.025160 8.748198 6.298765 4.540078 3.326532 2.521331 2.007313 1.691419 1.504410 1.397697 1.338964 1.307763 1.291755 1.283818 1.280012 1.278246 1.277452 1.277107 1.276961 1.276901 1.276876 1.276865 1.276856 1.276842 1.276812 1.276746 1.276603 1.276304 1.275696 1.274501 1.272229 1.268058 1.260666 1.248038 1.227269 1.194421 1.144553 1.072020 0.971171 0.837492 0.669053 0.467939 0.241096 0.000000 
50.000000 42.013523 34.356673 27.318305 21.114130 15.868709 11.613863 8.301454 5.825539 4.047851 2.821201 2.007313 1.487753 1.168456 0.979435 0.871575 0.812210 0.780675 0.764495 0.756473 0.752627 0.750842 0.750039 0.749690 0.749543 0.749482 0.749458 0.749447 0.749440 0.749430 0.749411 0.749368 0.749277 0.749085 0.748697 0.747937 0.746500 0.743876 0.739255 0.731414 0.718610 0.698519 0.668275 0.624673 0.564597 0.485674 0.387057 0.270154 0.138998 0.000000 
50.000000 41.960905 34.253614 27.168889 20.923862 15.643914 11.361076 8.026886 5.534702 3.745340 2.510642 1.691419 1.168456 0.847070 0.656814 0.548250 0.488498 0.456757 0.440473 0.432398 0.428527 0.426730 0.425923 0.425571 0.425423 0.425362 0.425338 0.425327 0.425322 0.425315 0.425303 0.425277 0.425220 0.425103 0.424866 0.424404 0.423535 0.421956 0.419190 0.414524 0.406954 0.395159 0.377531 0.352309 0.317821 0.272845 0.217026 0.151233 0.077727 0.000000 
50.000000 41.929751 34.192594 27.080422 20.811209 15.510822 11.211413 7.864332 5.362519 3.566250 2.326790 1.504410 0.979435 0.656814 0.465827 0.356846 0.296866 0.265004 0.248657 0.240552 0.236666 0.234862 0.234052 0.233699 0.233550 0.233489 0.233465 0.233455 0.233450 0.233446 0.233438 0.233423 0.233390 0.233321 0.233182 0.232913 0.232409 0.231498 0.229909 0.227243 0.222944 0.216284 0.206395 0.192336 0.173234 0.148475 0.117916 0.082064 0.042141 0.000000 
50.000000 41.911969 34.157768 27.029932 20.746917 15.434866 11.126003 7.771567 5.264261 3.464052 2.221877 1.397697 0.871575 0.548250 0.356846 0.247629 0.187518 0.155587 0.139205 0.131082 0.127188 0.125380 0.124568 0.124215 0.124066 0.124004 0.123980 0.123970 0.123966 0.123963 0.123959 0.123950 0.123931 0.123892 0.123814 0.123664 0.123384 0.122878 0.122001 0.120537 0.118186 0.114566 0.109218 0.101657 0.091441 0.078266 0.062079 0.043158 0.022147 0.000000 
50.000000 41.902181 34.138596 27.002138 20.711525 15.393056 11.078989 7.720506 5.210178 3.407802 2.164132 1.338964 0.812210 0.488498 0.296866 0.187518 0.127336 0.095367 0.078965 0.070833 0.066934 0.065124 0.064311 0.063957 0.063808 0.063747 0.063722 0.063713 0.063709 0.063707 0.063704 0.063699 0.063689 0.063668 0.063626 0.063545 0.063395 0.063125 0.062659 0.061884 0.060647 0.058748 0.055958 0.052032 0.046751 0.039969 0.031670 0.021999 0.011283 0.000000 
50.000000 41.896980 34.128410 26.987370 20.692722 15.370842 11.054012 7.693379 5.181446 3.377919 2.133457 1.307763 0.780675 0.456757 0.265004 0.155587 0.095367 0.063377 0.046966 0.038829 0.034927 0.033116 0.032303 0.031949 0.031799 0.031738 0.031713 0.031704 0.031700 0.031698 0.031697 0.031694 0.031689 0.031678 0.031656 0.031614 0.031537 0.031398 0.031160 0.030764 0.030135 0.029175 0.027768 0.025798 0.023158 0.019780 0.015659 0.010869 0.005572 0.000000 
50.000000 41.894311 34.123183 26.979793 20.683073 15.359444 11.041196 7.679460 5.166705 3.362588 2.117719 1.291755 0.764496 0.440473 0.248657 0.139205 0.078965 0.046966 0.030549 0.022409 0.018506 0.016695 0.015881 0.015527 0.015377 0.015316 0.015292 0.015282 0.015279 0.015277 0.015276 0.015275 0.015272 0.015266 0.015256 0.015235 0.015196 0.015127 0.015009 0.014815 0.014506 0.014036 0.013351 0.012395 0.011117 0.009488 0.007506 0.005207 0.002668 0.000000 
50.000000 41.892988 34.120591 26.976035 20.678289 15.353792 11.034841 7.672558 5.159395 3.354985 2.109915 1.283818 0.756474 0.432399 0.240553 0.131083 0.070833 0.038829 0.022409 0.014268 0.010364 0.008553 0.007739 0.007385 0.007235 0.007174 0.007150 0.007140 0.007137 0.007135 0.007134 0.007134 0.007132 0.007130 0.007124 0.007114 0.007096 0.007063 0.007007 0.006914 0.006768 0.006545 0.006223 0.005773 0.005174 0.004413 0.003489 0.002419 0.001239 0.000000 
50.000000 41.892353 34.119348 26.974233 20.675994 15.351081 11.031793 7.669249 5.155890 3.351340 2.106173 1.280013 0.752627 0.428527 0.236667 0.127188 0.066934 0.034927 0.018507 0.010365 0.006461 0.004649 0.003835 0.003481 0.003331 0.003270 0.003246 0.003236 0.003233 0.003231 0.003231 0.003230 0.003230 0.003229 0.003226 0.003221 0.003213 0.003198 0.003172 0.003129 0.003062 0.002960 0.002813 0.002608 0.002336 0.001991 0.001573 0.001091 0.000558 0.000000 
50.000000 41.892059 34.118771 26.973397 20.674930 15.349824 11.030379 7.667714 5.154264 3.349650 2.104438 1.278248 0.750843 0.426732 0.234864 0.125382 0.065126 0.033118 0.016697 0.008555 0.004651 0.002839 0.002025 0.001671 0.001521 0.001460 0.001435 0.001426 0.001423 0.001421 0.001421 0.001420 0.001420 0.001419 0.001418 0.001416 0.001412 0.001406 0.001394 0.001375 0.001345 0.001300 0.001235 0.001144 0.001024 0.000873 0.000689 0.000478 0.000245 0.000000 
50.000000 41.891927 34.118513 26.973022 20.674453 15.349261 11.029747 7.667027 5.153536 3.348893 2.103661 1.277458 0.750045 0.425928 0.234058 0.124574 0.064317 0.032308 0.015887 0.007744 0.003840 0.002029 0.001215 0.000860 0.000711 0.000649 0.000625 0.000616 0.000612 0.000611 0.000610 0.000610 0.000610 0.000610 0.000609 0.000608 0.000606 0.000604 0.000598 0.000590 0.000577 0.000558 0.000529 0.000490 0.000439 0.000374 0.000295 0.000204 0.000105 0.000000 
50.000000 41.891871 34.118403 26.972863 20.674250 15.349021 11.029477 7.666734 5.153226 3.348570 2.103330 1.277121 0.749705 0.425586 0.233714 0.124230 0.063972 0.031963 0.015542 0.007399 0.003495 0.001684 0.000870 0.000515 0.000366 0.000304 0.000280 0.000271 0.000267 0.000266 0.000265 0.000265 0.000265 0.000265 0.000265 0.000264 0.000263 0.000262 0.000260 0.000256 0.000251 0.000242 0.000230 0.000213 0.000190 0.000162 0.000128 0.000089 0.000045 0.000000 
50.000000 41.891850 34.118363 26.972805 20.674176 15.348934 11.029379 7.666628 5.153114 3.348453 2.103210 1.276999 0.749582 0.425462 0.233590 0.124105 0.063847 0.031838 0.015416 0.007274 0.003370 0.001558 0.000744 0.000390 0.000240 0.000179 0.000155 0.000145 0.000142 0.000141 0.000140 0.000140 0.000140 0.000140 0.000140 0.000139 0.000139 0.000138 0.000137 0.000135 0.000132 0.000128 0.000121 0.000112 0.000100 0.000085 0.000067 0.000047 0.000024 0.000000 
50.000000 41.891850 34.118363 26.972805 20.674176 15.348934 11.029379 7.666628 5.153114 3.348453 2.103210 1.276999 0.749582 0.425462 0.233590 0.124105 0.063847 0.031838 0.015416 0.007274 0.003370 0.001558 0.000744 0.000390 0.000240 0.000179 0.000155 0.000145 0.000142 0.000141 0.000140 0.000140 0.000140 0.000140 0.000140 0.000139 0.000139 0.000138 0.000137 0.000135 0.000132 0.000128 0.000121 0.000112 0.000100 0.000085 0.000067 0.000047 0.000024 0.000000 
50.000000 41.891871 34.118403 26.972863 20.674250 15.349021 11.029477 7.666734 5.153226 3.348570 2.103330 1.277121 0.749705 0.425586 0.233714 0.124230 0.063972 0.031963 0.015542 0.007399 0.003495 0.001684 0.000870 0.000515 0.000366 0.000304 0.000280 0.000271 0.000267 0.000266 0.000265 0.000265 0.000265 0.000265 0.000265 0.000264 0.000263 0.000262 0.000260 0.000256 0.000251 0.000242 0.000230 0.000213 0.000190 0.000162 0.000128 0.000089 0.000045 0.000000 
50.000000 41.891927 34.118513 26.973022 20.674453 15.349261 11.029747 7.667027 5.153536 3.348893 2.103661 1.277458 0.750045 0.425928 0.234058 0.124574 0.064317 0.032308 0.015887 0.007744 0.003840 0.002029 0.001215 0.000860 0.000711 0.000649 0.000625 0.000616 0.000612 0.000611 0.000610 0.000610 0.000610 0.000610 0.000609 0.000608 0.000606 0.000604 0.000598 0.000590 0.000577 0.000558 0.000529 0.000490 0.000439 0.000374 0.000295 0.000204 0.000105 0.000000 
50.000000 41.892059 34.118771 26.973397 20.674930 15.349824 11.030379 7.667714 5.154264 3.349650 2.104438 1.278248 0.750843 0.426732 0.234864 0.125382 0.065126 0.033118 0.016697 0.008555 0.004651 0.002839 0.002025 0.001671 0.001521 0.001460 0.001435 0.001426 0.001423 0.001421 0.001421 0.001420 0.001420 0.001419 0.001418 0.001416 0.001412 0.001406 0.001394 0.001375 0.001345 0.001300 0.001235 0.001144 0.001024 0.000873 0.000689 0.000478 0.000245 0.000000 
50.000000 41.892353 34.119348 26.974233 20.675994 15.351081 11.031793 7.669249 5.155890 3.351340 2.106173 1.280013 0.752627 0.428527 0.236667 0.127188 0.066934 0.034927 0.018507 0.010365 0.006461 0.004649 0.003835 0.003481 0.003331 0.003270 0.003246 0.003236 0.003233 0.003231 0.003231 0.003230 0.003230 0.003229 0.003226 0.003221 0.003213 0.003198 0.003172 0.003129 0.003062 0.002960 0.002813 0.002608 0.002336 0.001991 0.001573 0.001091 0.000558 0.000000 
50.000000 41.892988 34.120591 26.976035 20.678289 15.353792 11.034841 7.672558 5.159395 3.354985 2.109915 1.283818 0.756474 0.432399 0.240553 0.131083 0.070833 0.038829 0.022409 0.014268 0.010364 0.008553 0.007739 0.007385 0.007235 0.007174 0.007150 0.007140 0.007137 0.007135 0.007134 0.007134 0.007132 0.007130 0.007124 0.007114 0.007096 0.007063 0.007007 0.006914 0.006768 0.006545 0.006223 0.005773 0.005174 0.004413 0.003489 0.002419 0.001239 0.000000 
50.000000 41.894311 34.123183 26.979793 20.683073 15.359444 11.041196 7.679460 5.166705 3.362588 2.117719 1.291755 0.764496 0.440473 0.248657 0.139205 0.078965 0.046966 0.030549 0.022409 0.018506 0.016695 0.015881 0.015527 0.015377 0.015316 0.015292 0.015282 0.015279 0.015277 0.015276 0.015275 0.015272 0.015266 0.015256 0.015235 0.015196 0.015127 0.015009 0.014815 0.014506 0.014036 0.013351 0.012395 0.011117 0.009488 0.007506 0.005207 0.002668 0.000000 
50.000000 41.896980 34.128410 26.987370 20.692722 15.370842 11.054012 7.693379 5.181446 3.377919 2.133457 1.307763 0.780675 0.456757 0.265004 0.155587 0.095367 0.063377 0.046966 0.038829 0.034927 0.033116 0.032303 0.031949 0.031799 0.031738 0.031713 0.031704 0.031700 0.031698 0.031697 0.031694 0.031689 0.031678 0.031656 0.031614 0.031537 0.031398 0.031160 0.030764 0.030135 0.029175 0.027768 0.025798 0.023158 0.019780 0.015659 0.010869 0.005572 0.000000 
50.000000 41.902181 34.138596 27.002138 20.711525 15.393056 11.078989 7.720506 5.210178 3.407802 2.164132 1.338964 0.812210 0.488498 0.296866 0.187518 0.127336 0.095367 0.078965 0.070833 0.066934 0.065124 0.064311 0.063957 0.063808 0.063747 0.063722 0.063713 0.063709 0.063707 0.063704 0.063699 0.063689 0.063668 0.063626 0.063545 0.063395 0.063125 0.062659 0.061884 0.060647 0.058748 0.055958 0.052032 0.046751 0.039969 0.031670 0.021999 0.011283 0.000000 
50.000000 41.911969 34.157768 27.029932 20.746917 15.434866 11.126003 7.771567 5.264261 3.464052 2.221877 1.397697 0.871575 0.548250 0.356846 0.247629 0.187518 0.155587 0.139205 0.131082 0.127188 0.125380 0.124568 0.124215 0.124066 0.124004 0.123980 0.123970 0.123966 0.123963 0.123959 0.123950 0.123931 0.123892 0.123814 0.123664 0.123384 0.122878 0.122001 0.120537 0.118186 0.114566 0.109218 0.101657 0.091441 0.078266 0.062079 0.043158 0.022147 0.000000 
50.000000 41.929751 34.192594 27.080422 20.811209 15.510822 11.211413 7.864332 5.362519 3.566250 2.326790 1.504410 0.979435 0.656814 0.465827 0.356846 0.296866 0.265004 0.248657 0.240552 0.236666 0.234862 0.234052 0.233699 0.233550 0.233489 0.233465 0.233455 0.233450 0.233446 0.233438 0.233423 0.233390 0.233321 0.233182 0.232913 0.232409 0.231498 0.229909 0.227243 0.222944 0.216284 0.206395 0.192336 0.173234 0.148475 0.117916 0.082064 0.042141 0.000000 
50.000000 41.960905 34.253614 27.168889 20.923862 15.643914 11.361076 8.026886 5.534702 3.745340 2.510642 1.691419 1.168456 0.847070 0.656814 0.548250 0.488498 0.456757 0.440473 0.432398 0.428527 0.426730 0.425923 0.425571 0.425423 0.425362 0.425338 0.425327 0.425322 0.425315 0.425303 0.425277 0.425220 0.425103 0.424866 0.424404 0.423535 0.421956 0.419190 0.414524 0.406954 0.395159 0.377531 0.352309 0.317821 0.272845 0.217026 0.151233 0.077727 0.000000 
50.000000 42.013523 34.356673 27.318305 21.114130 15.868709 11.613863 8.301454 5.825539 4.047851 2.821201 2.007313 1.487753 1.168456 0.979435 0.871575 0.812210 0.780675 0.764495 0.756473 0.752627 0.750842 0.750039 0.749690 0.749543 0.749482 0.749458 0.749447 0.749440 0.749430 0.749411 0.749368 0.749277 0.749085 0.748697 0.747937 0.746500 0.743876 0.739255 0.731414 0.718610 0.698519 0.668275 0.624673 0.564597 0.485674 0.387057 0.270154 0.138998 0.000000 
50.000000 42.099127 34.524342 27.561400 21.423694 16.234452 12.025160 8.748198 6.298765 4.540078 3.326532 2.521331 2.007313 1.691419 1.504410 1.397697 1.338964 1.307763 1.291755 1.283818 1.280012 1.278246 1.277452 1.277107 1.276961 1.276901 1.276876 1.276865 1.276856 1.276842 1.276812 1.276746 1.276603 1.276304 1.275696 1.274501 1.272229 1.268058 1.260666 1.248038 1.227269 1.194421 1.144553 1.072020 0.971171 0.837492 0.669053 0.467939 0.241096 0.000000 
50.000000 42.233206 34.786957 27.942152 21.908564 16.807327 12.669399 9.447972 7.040033 5.311124 4.118114 3.326532 2.821201 2.510642 2.326790 2.221877 2.164132 2.133457 2.117719 2.109915 2.106173 2.104436 2.103656 2.103316 2.103172 2.103113 2.103089 2.103076 2.103065 2.103045 2.103001 2.102904 2.102693 2.102248 2.101340 2.099546 2.096119 2.089787 2.078493 2.059057 2.026825 1.975387 1.896528 1.780622 1.617707 1.399376 1.121381 0.786399 0.405922 0.000000 
50.000000 42.435252 35.182700 28.515930 22.639251 17.670650 13.640284 10.502571 8.157183 6.473169 5.311124 4.540078 4.047851 3.745340 3.566250 3.464052 3.407802 3.377919 3.362587 3.354985 3.351339 3.349648 3.348887 3.348556 3.348416 3.348358 3.348334 3.348321 3.348306 3.348279 3.348218 3.348082 3.347784 3.347155 3.345866 3.343306 3.338386 3.329241 3.312809 3.284300 3.236585 3.159655 3.040374 2.862882 2.610107 2.266741 1.823722 1.283483 0.664159 0.000000 
50.000000 42.728022 35.756148 29.347363 23.698069 18.921686 15.047209 12.030831 9.776114 8.157183 7.040033 6.298765 5.825539 5.534702 5.362519 5.264261 5.210178 5.181446 5.166704 5.159395 5.155889 5.154262 5.153531 5.153213 5.153078 5.153022 5.152998 5.152984 5.152966 5.152930 5.152849 5.152668 5.152272 5.151430 5.149695 5.146234 5.139543 5.127020 5.104343 5.064646 4.997528 4.888057 4.716091 4.456464 4.080809 3.561891 2.880937 2.037357 1.057955 0.000000 
50.000000 43.135736 36.554738 30.505238 25.172622 20.663953 17.006606 14.159239 12.030831 10.502571 9.447972 8.748198 8.301454 8.026886 7.864332 7.771567 7.720506 7.693379 7.679460 7.672558 7.669248 7.667712 7.667022 7.666721 7.666594 7.666541 7.666517 7.666502 7.666481 7.666437 7.666336 7.666109 7.665610 7.664548 7.662349 7.657937 7.649355 7.633179 7.603644 7.551444 7.462197 7.314739 7.079619 6.718544 6.186007 5.434813 4.427219 3.152196 1.645248 0.000000 
50.000000 43.681140 37.623026 32.054160 27.145193 22.994684 19.627838 17.006606 15.047209 13.640284 12.669399 12.025160 11.613863 11.361076 11.211413 11.126003 11.078989 11.054012 11.041196 11.034840 11.031792 11.030378 11.029742 11.029465 11.029348 11.029299 11.029276 11.029261 11.029237 11.029186 11.029068 11.028801 11.028214 11.026957 11.024346 11.019078 11.008767 10.989190 10.953140 10.888776 10.777402 10.590746 10.288063 9.813919 9.098328 8.062151 6.631978 4.768659 2.508531 0.000000 
50.000000 44.381655 38.995139 34.043615 29.678812 25.988362 22.994684 20.663953 18.921686 17.670650 16.807327 16.234452 15.868709 15.643914 15.510822 15.434866 15.393056 15.370842 15.359444 15.353792 15.351081 15.349823 15.349257 15.349011 15.348906 15.348862 15.348842 15.348826 15.348801 15.348745 15.348618 15.348327 15.347685 15.346305 15.343426 15.337588 15.326093 15.304111 15.263281 15.189620 15.060544 14.840877 14.477946 13.896356 12.994181 11.644533 9.710417 7.085754 3.775328 0.000000 
50.000000 45.245191 40.686571 36.496071 32.802096 29.678812 27.145193 25.172622 23.698069 22.639251 21.908564 21.423694 21.114130 20.923862 20.811209 20.746917 20.711525 20.692722 20.683073 20.678288 20.675993 20.674928 20.674450 20.674241 20.674152 20.674115 20.674097 20.674083 20.674058 20.674003 20.673876 20.673585 20.672942 20.671556 20.668651 20.662734 20.651017 20.628456 20.586202 20.509188 20.372510 20.136177 19.737809 19.083042 18.034279 16.401048 13.942403 10.407933 5.670048 0.000000 
50.000000 46.266500 42.687043 39.396626 36.496071 34.043615 32.054160 30.505238 29.347363 28.515930 27.942152 27.561400 27.318305 27.168889 27.080422 27.029932 27.002138 26.987370 26.979793 26.976035 26.974232 26.973396 26.973020 26.972856 26.972786 26.972757 26.972742 26.972730 26.972708 26.972659 26.972546 26.972287 26.971712 26.970468 26.967853 26.962505 26.951863 26.931248 26.892347 26.820771 26.692208 26.466426 26.078019 25.422182 24.333198 22.553668 19.698313 15.242567 8.654702 0.000000 
50.000000 47.425076 44.956389 42.687043 40.686571 38.995139 37.623026 36.554738 35.756148 35.182700 34.786957 34.524342 34.356673 34.253614 34.192594 34.157768 34.138596 34.128410 34.123183 34.120591 34.119347 34.118770 34.118511 34.118398 34.118350 34.118329 34.118319 34.118310 34.118294 34.118257 34.118172 34.117976 34.117541 34.116598 34.114609 34.110530 34.102381 34.086519 34.056403 34.000558 33.899217 33.718790 33.402541 32.854367 31.909385 30.278638 27.444476 22.478195 13.843460 0.000000 
50.000000 48.685419 47.425076 46.266500 45.245191 44.381655 43.681140 43.135736 42.728022 42.435252 42.233206 42.099127 42.013523 41.960905 41.929751 41.911969 41.902181 41.896980 41.894311 41.892988 41.892353 41.892058 41.891926 41.891868 41.891843 41.891833 41.891828 41.891823 41.891814 41.891795 41.891749 41.891643 41.891408 41.890898 41.889822 41.887609 41.883178 41.874525 41.858031 41.827284 41.771093 41.670067 41.490488 41.172609 40.606327 39.575143 37.611798 33.581616 24.342710 0.000000 
50.000000 50.000000 50.000000 50.000000 50.000000 50.000000 50.000000 50.000000 50.000000 50.000000 50.000000 50.000000 50.000000 50.000000 50.000000 50.000000 50.000000 50.000000 50.000000 50.000000 50.000000 50.000000 50.000000 50.000000 50.000000 50.000000 50.000000 50.000000 50.000000 50.000000 50.000000 50.000000 50.000000 50.000000 50.000000 50.000000 50.000000 50.000000 50.000000 50.000000 50.000000 50.000000 50.000000 50.000000 50.000000 50.000000 50.000000 50.000000 50.000000 50.000000 
