50.000000 50.000000 50.000000 50.000000 50.000000 50.000000 50.000000 50.000000 50.000000 50.000000 50.000000 50.000000 50.000000 50.000000 50.000000 50.000000 50.000000 50.000000 50.000000 50.000000 50.000000 50.000000 50.000000 50.000000 50.000000 50.000000 50.000000 50.000000 50.000000 50.000000 50.000000 50.000000 50.000000 50.000000 50.000000 50.000000 50.000000 50.000000 50.000000 50.000000 50.000000 50.000000 50.000000 50.000000 50.000000 50.000000 50.000000 50.000000 50.000000 50.000000 
50.000000 47.539603 45.268975 43.334082 41.810090 40.698984 39.947777 39.475827 39.199677 39.048830 38.971719 38.934741 38.918068 38.910982 38.908137 38.907056 38.906666 38.906533 38.906489 38.906476 38.906472 38.906471 38.906470 38.906470 38.906470 38.906470 38.906470 38.906470 38.906470 38.906470 38.906470 38.906469 38.906467 38.906459 38.906432 38.906349 38.906104 38.905407 38.903511 38.898573 38.886249 38.856721 38.788591 38.636393 38.304351 37.587281 36.022474 32.469697 23.769801 0.000000 
50.000000 45.268975 40.902875 37.182382 34.252029 32.115622 30.671253 29.763845 29.232913 28.942901 28.794657 28.723571 28.691518 28.677897 28.672430 28.670352 28.669603 28.669346 28.669263 28.669237 28.669229 28.669227 28.669226 28.669226 28.669226 28.669226 28.669226 28.669226 28.669226 28.669226 28.669225 28.669224 28.669220 28.669206 28.669160 28.669017 28.668594 28.667397 28.664153 28.655752 28.634943 28.585604 28.473442 28.228326 27.711386 26.654149 24.547135 20.451437 12.799278 0.000000 
50.000000 43.334082 37.182382 31.940402 27.811780 24.801849 22.766986 21.488658 20.740733 20.332215 20.123404 20.023282 19.978141 19.958958 19.951259 19.948333 19.947279 19.946917 19.946800 19.946763 19.946752 19.946749 19.946748 19.946748 19.946748 19.946748 19.946748 19.946748 19.946748 19.946748 19.946747 19.946746 19.946741 19.946724 19.946669 19.946501 19.946004 19.944604 19.940834 19.931149 19.907409 19.851894 19.728043 19.464339 18.928305 17.888605 15.970201 12.635246 7.311608 0.000000 
50.000000 41.810090 34.252029 27.811780 22.739530 19.041784 16.542031 14.971732 14.053031 13.551266 13.294810 13.171851 13.116418 13.092864 13.083410 13.079819 13.078524 13.078081 13.077936 13.077891 13.077878 13.077874 13.077873 13.077873 13.077873 13.077873 13.077873 13.077873 13.077873 13.077873 13.077872 13.077871 13.077866 13.077849 13.077797 13.077636 13.077162 13.075835 13.072289 13.063260 13.041386 12.990998 12.880758 12.651995 12.202600 11.369765 9.923175 7.597880 4.222809 0.000000 
50.000000 40.698984 32.115622 24.801849 19.041784 14.842766 12.004268 10.221268 9.178188 8.608527 8.317390 8.177814 8.114893 8.088160 8.077432 8.073356 8.071887 8.071384 8.071220 8.071169 8.071154 8.071150 8.071149 8.071148 8.071148 8.071148 8.071148 8.071148 8.071148 8.071148 8.071148 8.071147 8.071142 8.071129 8.071085 8.070952 8.070564 8.069484 8.066618 8.059391 8.042087 8.002811 7.918460 7.747472 7.421383 6.839184 5.873543 4.404236 2.394633 0.000000 
50.000000 39.947777 30.671253 22.766986 16.542031 12.004268 8.936909 7.010242 5.883177 5.267686 4.953147 4.802362 4.734393 4.705518 4.693930 4.689529 4.687943 4.687399 4.687222 4.687167 4.687151 4.687146 4.687145 4.687145 4.687145 4.687145 4.687145 4.687145 4.687145 4.687144 4.687144 4.687143 4.687140 4.687130 4.687099 4.687002 4.686720 4.685942 4.683894 4.678776 4.666659 4.639531 4.582238 4.468454 4.256796 3.890037 3.302647 2.442928 1.311385 0.000000 
50.000000 39.475827 29.763845 21.488658 14.971732 10.221268 7.010242 4.993418 3.813666 3.169435 2.840227 2.682419 2.611289 2.581072 2.568948 2.564342 2.562683 2.562115 2.561929 2.561872 2.561855 2.561850 2.561848 2.561848 2.561848 2.561848 2.561848 2.561848 2.561848 2.561848 2.561848 2.561847 2.561845 2.561838 2.561818 2.561754 2.561571 2.561066 2.559748 2.556483 2.548833 2.531915 2.496709 2.428004 2.302808 2.090974 1.760615 1.290403 0.687236 0.000000 
50.000000 39.199677 29.232913 20.740733 14.053031 9.178188 5.883177 3.813666 2.603137 1.942124 1.604355 1.442450 1.369477 1.338479 1.326041 1.321317 1.319615 1.319032 1.318842 1.318783 1.318766 1.318761 1.318759 1.318759 1.318759 1.318759 1.318759 1.318759 1.318759 1.318759 1.318759 1.318758 1.318757 1.318753 1.318741 1.318703 1.318594 1.318296 1.317523 1.315623 1.311214 1.301568 1.281751 1.243646 1.175377 1.062034 0.888839 0.647309 0.342956 0.000000 
50.000000 39.048830 28.942901 20.332215 13.551266 8.608527 5.267686 3.169435 1.942124 1.271966 0.929533 0.765398 0.691422 0.659999 0.647392 0.642603 0.640878 0.640287 0.640095 0.640035 0.640017 0.640012 0.640011 0.640010 0.640010 0.640010 0.640010 0.640010 0.640010 0.640010 0.640010 0.640010 0.640009 0.640007 0.640000 0.639979 0.639920 0.639758 0.639341 0.638325 0.635983 0.630911 0.620603 0.601027 0.566440 0.509880 0.424806 0.307958 0.162581 0.000000 
50.000000 38.971719 28.794657 20.123404 13.294810 8.317390 4.953147 2.840227 1.604355 0.929533 0.584723 0.419452 0.344966 0.313327 0.300633 0.295811 0.294075 0.293480 0.293286 0.293226 0.293208 0.293203 0.293201 0.293201 0.293201 0.293201 0.293201 0.293201 0.293201 0.293201 0.293201 0.293201 0.293200 0.293199 0.293196 0.293185 0.293155 0.293074 0.292866 0.292362 0.291209 0.288731 0.283744 0.274371 0.257999 0.231550 0.192255 0.138904 0.073145 0.000000 
50.000000 38.934741 28.723571 20.023282 13.171851 8.177814 4.802362 2.682419 1.442450 0.765398 0.419452 0.253638 0.178908 0.147166 0.134431 0.129594 0.127852 0.127255 0.127061 0.127000 0.126982 0.126977 0.126976 0.126975 0.126975 0.126975 0.126975 0.126975 0.126975 0.126975 0.126975 0.126975 0.126975 0.126974 0.126973 0.126968 0.126954 0.126916 0.126819 0.126586 0.126056 0.124927 0.122671 0.118468 0.111196 0.099563 0.082448 0.059418 0.031230 0.000000 
50.000000 38.918068 28.691518 19.978141 13.116418 8.114893 4.734393 2.611289 1.369477 0.691422 0.344966 0.178908 0.104069 0.072281 0.059527 0.054683 0.052938 0.052341 0.052146 0.052086 0.052068 0.052062 0.052061 0.052061 0.052061 0.052061 0.052061 0.052061 0.052061 0.052061 0.052061 0.052061 0.052060 0.052060 0.052060 0.052057 0.052051 0.052035 0.051993 0.051892 0.051664 0.051181 0.050223 0.048451 0.045410 0.040583 0.033537 0.024122 0.012660 0.000000 
50.000000 38.910982 28.677897 19.958958 13.092864 8.088160 4.705518 2.581072 1.338479 0.659999 0.313327 0.147166 0.072281 0.040473 0.027712 0.022865 0.021119 0.020521 0.020326 0.020266 0.020248 0.020242 0.020241 0.020241 0.020241 0.020241 0.020241 0.020241 0.020241 0.020241 0.020241 0.020241 0.020240 0.020240 0.020240 0.020239 0.020237 0.020230 0.020213 0.020172 0.020080 0.019885 0.019502 0.018797 0.017596 0.015702 0.012954 0.009303 0.004877 0.000000 
50.000000 38.908137 28.672430 19.951259 13.083410 8.077432 4.693930 2.568948 1.326041 0.647392 0.300633 0.134431 0.059527 0.027712 0.014947 0.010099 0.008352 0.007754 0.007560 0.007499 0.007481 0.007476 0.007474 0.007474 0.007474 0.007474 0.007474 0.007474 0.007474 0.007474 0.007474 0.007474 0.007474 0.007474 0.007474 0.007473 0.007472 0.007470 0.007463 0.007448 0.007412 0.007338 0.007194 0.006929 0.006479 0.005775 0.004758 0.003413 0.001788 0.000000 
50.000000 38.907056 28.670352 19.948333 13.079819 8.073356 4.689529 2.564342 1.321317 0.642603 0.295811 0.129594 0.054683 0.022865 0.010099 0.005250 0.003504 0.002906 0.002711 0.002650 0.002632 0.002627 0.002626 0.002625 0.002625 0.002625 0.002625 0.002625 0.002625 0.002625 0.002625 0.002625 0.002625 0.002625 0.002625 0.002625 0.002625 0.002624 0.002621 0.002616 0.002603 0.002576 0.002525 0.002430 0.002271 0.002022 0.001664 0.001192 0.000624 0.000000 
50.000000 38.906666 28.669603 19.947279 13.078524 8.071887 4.687943 2.562683 1.319615 0.640878 0.294075 0.127852 0.052938 0.021119 0.008352 0.003504 0.001757 0.001159 0.000964 0.000904 0.000886 0.000880 0.000879 0.000879 0.000879 0.000879 0.000879 0.000879 0.000879 0.000879 0.000879 0.000879 0.000879 0.000879 0.000879 0.000879 0.000878 0.000878 0.000877 0.000875 0.000871 0.000862 0.000844 0.000812 0.000758 0.000675 0.000555 0.000397 0.000208 0.000000 
50.000000 38.906533 28.669346 19.946917 13.078081 8.071384 4.687399 2.562115 1.319032 0.640287 0.293480 0.127255 0.052341 0.020521 0.007754 0.002906 0.001159 0.000561 0.000366 0.000306 0.000288 0.000282 0.000281 0.000281 0.000281 0.000281 0.000281 0.000281 0.000281 0.000281 0.000281 0.000281 0.000281 0.000281 0.000281 0.000281 0.000281 0.000280 0.000280 0.000279 0.000278 0.000275 0.000269 0.000259 0.000242 0.000215 0.000177 0.000126 0.000066 0.000000 
50.000000 38.906489 28.669263 19.946800 13.077936 8.071220 4.687222 2.561929 1.318842 0.640095 0.293286 0.127061 0.052146 0.020326 0.007560 0.002711 0.000964 0.000366 0.000171 0.000111 0.000093 0.000088 0.000086 0.000086 0.000086 0.000086 0.000086 0.000086 0.000086 0.000086 0.000086 0.000086 0.000086 0.000086 0.000086 0.000086 0.000086 0.000086 0.000085 0.000085 0.000085 0.000084 0.000082 0.000079 0.000074 0.000065 0.000054 0.000038 0.000020 0.000000 
50.000000 38.906476 28.669237 19.946763 13.077891 8.071169 4.687167 2.561872 1.318783 0.640035 0.293226 0.127000 0.052086 0.020266 0.007499 0.002650 0.000904 0.000306 0.000111 0.000050 0.000032 0.000027 0.000025 0.000025 0.000025 0.000025 0.000025 0.000025 0.000025 0.000025 0.000025 0.000025 0.000025 0.000025 0.000025 0.000025 0.000025 0.000025 0.000025 0.000025 0.000025 0.000025 0.000024 0.000023 0.000021 0.000019 0.000016 0.000011 0.000006 0.000000 
50.000000 38.906472 28.669229 19.946752 13.077878 8.071154 4.687151 2.561855 1.318766 0.640017 0.293208 0.126982 0.052068 0.020248 0.007481 0.002632 0.000886 0.000288 0.000093 0.000032 0.000014 0.000009 0.000007 0.000007 0.000007 0.000007 0.000007 0.000007 0.000007 0.000007 0.000007 0.000007 0.000007 0.000007 0.000007 0.000007 0.000007 0.000007 0.000007 0.000007 0.000007 0.000007 0.000007 0.000006 0.000006 0.000005 0.000004 0.000003 0.000002 0.000000 
50.000000 38.906471 28.669227 19.946749 13.077874 8.071150 4.687146 2.561850 1.318761 0.640012 0.293203 0.126977 0.052062 0.020242 0.007476 0.002627 0.000880 0.000282 0.000088 0.000027 0.000009 0.000004 0.000002 0.000002 0.000002 0.000002 0.000002 0.000002 0.000002 0.000002 0.000002 0.000002 0.000002 0.000002 0.000002 0.000002 0.000002 0.000002 0.000002 0.000002 0.000002 0.000002 0.000002 0.000002 0.000002 0.000001 0.000001 0.000001 0.000000 0.000000 
50.000000 38.906470 28.669226 19.946748 13.077873 8.071149 4.687145 2.561848 1.318759 0.640011 0.293201 0.126976 0.052061 0.020241 0.007474 0.002626 0.000879 0.000281 0.000086 0.000025 0.000007 0.000002 0.000001 0.000001 0.000001 0.000000 0.000000 0.000000 0.000000 0.000000 0.000000 0.000000 0.000000 0.000000 0.000000 0.000000 0.000000 0.000000 0.000000 0.000000 0.000000 0.000000 0.000000 0.000000 0.000000 0.000000 0.000000 0.000000 0.000000 0.000000 
50.000000 38.906470 28.669226 19.946748 13.077873 8.071148 4.687145 2.561848 1.318759 0.640010 0.293201 0.126975 0.052061 0.020241 0.007474 0.002625 0.000879 0.000281 0.000086 0.000025 0.000007 0.000002 0.000001 0.000000 0.000000 0.000000 0.000000 0.000000 0.000000 0.000000 0.000000 0.000000 0.000000 0.000000 0.000000 0.000000 0.000000 0.000000 0.000000 0.000000 0.000000 0.000000 0.000000 0.000000 0.000000 0.000000 0.000000 0.000000 0.000000 0.000000 
50.000000 38.906470 28.669226 19.946748 13.077873 8.071148 4.687145 2.561848 1.318759 0.640010 0.293201 0.126975 0.052061 0.020241 0.007474 0.002625 0.000879 0.000281 0.000086 0.000025 0.000007 0.000002 0.000001 0.000000 0.000000 0.000000 0.000000 0.000000 0.000000 0.000000 0.000000 0.000000 0.000000 0.000000 0.000000 0.000000 0.000000 0.000000 0.000000 0.000000 0.000000 0.000000 0.000000 0.000000 0.000000 0.000000 0.000000 0.000000 0.000000 0.000000 
50.000000 38.906470 28.669226 19.946748 13.077873 8.071148 4.687145 2.561848 1.318759 0.640010 0.293201 0.126975 0.052061 0.020241 0.007474 0.002625 0.000879 0.000281 0.000086 0.000025 0.000007 0.000002 0.000001 0.000000 0.000000 0.000000 0.000000 0.000000 0.000000 0.000000 0.000000 0.000000 0.000000 0.000000 0.000000 0.000000 0.000000 0.000000 0.000000 0.000000 0.000000 0.000000 0.000000 0.000000 0.000000 0.000000 0.000000 0.000000 0.000000 0.000000 
50.000000 38.906470 28.669226 19.946748 13.077873 8.071148 4.687145 2.561848 1.318759 0.640010 0.293201 0.126975 0.052061 0.020241 0.007474 0.002625 0.000879 0.000281 0.000086 0.000025 0.000007 0.000002 0.000001 0.000000 0.000000 0.000000 0.000000 0.000000 0.000000 0.000000 0.000000 0.000000 0.000000 0.000000 0.000000 0.000000 0.000000 0.000000 0.000000 0.000000 0.000000 0.000000 0.000000 0.000000 0.000000 0.000000 0.000000 0.000000 0.000000 0.000000 
50.000000 38.906470 28.669226 19.946748 13.077873 8.071149 4.687145 2.561848 1.318759 0.640011 0.293201 0.126976 0.052061 0.020241 0.007474 0.002626 0.000879 0.000281 0.000086 0.000025 0.000007 0.000002 0.000001 0.000001 0.000001 0.000000 0.000000 0.000000 0.000000 0.000000 0.000000 0.000000 0.000000 0.000000 0.000000 0.000000 0.000000 0.000000 0.000000 0.000000 0.000000 0.000000 0.000000 0.000000 0.000000 0.000000 0.000000 0.000000 0.000000 0.000000 
50.000000 38.906471 28.669227 19.946749 13.077874 8.071150 4.687146 2.561850 1.318761 0.640012 0.293203 0.126977 0.052062 0.020242 0.007476 0.002627 0.000880 0.000282 0.000088 0.000027 0.000009 0.000004 0.000002 0.000002 0.000002 0.000002 0.000002 0.000002 0.000002 0.000002 0.000002 0.000002 0.000002 0.000002 0.000002 0.000002 0.000002 0.000002 0.000002 0.000002 0.000002 0.000002 0.000002 0.000002 0.000002 0.000001 0.000001 0.000001 0.000000 0.000000 
50.000000 38.906472 28.669229 19.946752 13.077878 8.071154 4.687151 2.561855 1.318766 0.640017 0.293208 0.126982 0.052068 0.020248 0.007481 0.002632 0.000886 0.000288 0.000093 0.000032 0.000014 0.000009 0.000007 0.000007 0.000007 0.000007 0.000007 0.000007 0.000007 0.000007 0.000007 0.000007 0.000007 0.000007 0.000007 0.000007 0.000007 0.000007 0.000007 0.000007 0.000007 0.000007 0.000007 0.000006 0.000006 0.000005 0.000004 0.000003 0.000002 0.000000 
50.000000 38.906476 28.669237 19.946763 13.077891 8.071169 4.687167 2.561872 1.318783 0.640035 0.293226 0.127000 0.052086 0.020266 0.007499 0.002650 0.000904 0.000306 0.000111 0.000050 0.000032 0.000027 0.000025 0.000025 0.000025 0.000025 0.000025 0.000025 0.000025 0.000025 0.000025 0.000025 0.000025 0.000025 0.000025 0.000025 0.000025 0.000025 0.000025 0.000025 0.000025 0.000025 0.000024 0.000023 0.000021 0.000019 0.000016 0.000011 0.000006 0.000000 
50.000000 38.906489 28.669263 19.946800 13.077936 8.071220 4.687222 2.561929 1.318842 0.640095 0.293286 0.127061 0.052146 0.020326 0.007560 0.002711 0.000964 0.000366 0.000171 0.000111 0.000093 0.000088 0.000086 0.000086 0.000086 0.000086 0.000086 0.000086 0.000086 0.000086 0.000086 0.000086 0.000086 0.000086 0.000086 0.000086 0.000086 0.000086 0.000085 0.000085 0.000085 0.000084 0.000082 0.000079 0.000074 0.000065 0.000054 0.000038 0.000020 0.000000 
50.000000 38.906533 28.669346 19.946917 13.078081 8.071384 4.687399 2.562115 1.319032 0.640287 0.293480 0.127255 0.052341 0.020521 0.007754 0.002906 0.001159 0.000561 0.000366 0.000306 0.000288 0.000282 0.000281 0.000281 0.000281 0.000281 0.000281 0.000281 0.000281 0.000281 0.000281 0.000281 0.000281 0.000281 0.000281 0.000281 0.000281 0.000280 0.000280 0.000279 0.000278 0.000275 0.000269 0.000259 0.000242 0.000215 0.000177 0.000126 0.000066 0.000000 
50.000000 38.906666 28.669603 19.947279 13.078524 8.071887 4.687943 2.562683 1.319615 0.640878 0.294075 0.127852 0.052938 0.021119 0.008352 0.003504 0.001757 0.001159 0.000964 0.000904 0.000886 0.000880 0.000879 0.000879 0.000879 0.000879 0.000879 0.000879 0.000879 0.000879 0.000879 0.000879 0.000879 0.000879 0.000879 0.000879 0.000878 0.000878 0.000877 0.000875 0.000871 0.000862 0.000844 0.000812 0.000758 0.000675 0.000555 0.000397 0.000208 0.000000 
50.000000 38.907056 28.670352 19.948333 13.079819 8.073356 4.689529 2.564342 1.321317 0.642603 0.295811 0.129594 0.054683 0.022865 0.010099 0.005250 0.003504 0.002906 0.002711 0.002650 0.002632 0.002627 0.002626 0.002625 0.002625 0.002625 0.002625 0.002625 0.002625 0.002625 0.002625 0.002625 0.002625 0.002625 0.002625 0.002625 0.002625 0.002624 0.002621 0.002616 0.002603 0.002576 0.002525 0.002430 0.002271 0.002022 0.001664 0.001192 0.000624 0.000000 
50.000000 38.908137 28.672430 19.951259 13.083410 8.077432 4.693930 2.568948 1.326041 0.647392 0.300633 0.134431 0.059527 0.027712 0.014947 0.010099 0.008352 0.007754 0.007560 0.007499 0.007481 0.007476 0.007474 0.007474 0.007474 0.007474 0.007474 0.007474 0.007474 0.007474 0.007474 0.007474 0.007474 0.007474 0.007474 0.007473 0.007472 0.007470 0.007463 0.007448 0.007412 0.007338 0.007194 0.006929 0.006479 0.005775 0.004758 0.003413 0.001788 0.000000 
50.000000 38.910982 28.677897 19.958958 13.092864 8.088160 4.705518 2.581072 1.338479 0.659999 0.313327 0.147166 0.072281 0.040473 0.027712 0.022865 0.021119 0.020521 0.020326 0.020266 0.020248 0.020242 0.020241 0.020241 0.020241 0.020241 0.020241 0.020241 0.020241 0.020241 0.020241 0.020241 0.020240 0.020240 0.020240 0.020239 0.020237 0.020230 0.020213 0.020172 0.020080 0.019885 0.019502 0.018797 0.017596 0.015702 0.012954 0.009303 0.004877 0.000000 
50.000000 38.918068 28.691518 19.978141 13.116418 8.114893 4.734393 2.611289 1.369477 0.691422 0.344966 0.178908 0.104069 0.072281 0.059527 0.054683 0.052938 0.052341 0.052146 0.052086 0.052068 0.052062 0.052061 0.052061 0.052061 0.052061 0.052061 0.052061 0.052061 0.052061 0.052061 0.052061 0.052060 0.052060 0.052060 0.052057 0.052051 0.052035 0.051993 0.051892 0.051664 0.051181 0.050223 0.048451 0.045410 0.040583 0.033537 0.024122 0.012660 0.000000 
50.000000 38.934741 28.723571 20.023282 13.171851 8.177814 4.802362 2.682419 1.442450 0.765398 0.419452 0.253638 0.178908 0.147166 0.134431 0.129594 0.127852 0.127255 0.127061 0.127000 0.126982 0.126977 0.126976 0.126975 0.126975 0.126975 0.126975 0.126975 0.126975 0.126975 0.126975 0.126975 0.126975 0.126974 0.126973 0.126968 0.126954 0.126916 0.126819 0.126586 0.126056 0.124927 0.122671 0.118468 0.111196 0.099563 0.082448 0.059418 0.031230 0.000000 
50.000000 38.971719 28.794657 20.123404 13.294810 8.317390 4.953147 2.840227 1.604355 0.929533 0.584723 0.419452 0.344966 0.313327 0.300633 0.295811 0.294075 0.293480 0.293286 0.293226 0.293208 0.293203 0.293201 0.293201 0.293201 0.293201 0.293201 0.293201 0.293201 0.293201 0.293201 0.293201 0.293200 0.293199 0.293196 0.293185 0.293155 0.293074 0.292866 0.292362 0.291209 0.288731 0.283744 0.274371 0.257999 0.231550 0.192255 0.138904 0.073145 0.000000 
50.000000 39.048830 28.942901 20.332215 13.551266 8.608527 5.267686 3.169435 1.942124 1.271966 0.929533 0.765398 0.691422 0.659999 0.647392 0.642603 0.640878 0.640287 0.640095 0.640035 0.640017 0.640012 0.640011 0.640010 0.640010 0.640010 0.640010 0.640010 0.640010 0.640010 0.640010 0.640010 0.640009 0.640007 0.640000 0.639979 0.639920 0.639758 0.639341 0.638325 0.635983 0.630911 0.620603 0.601027 0.566440 0.509880 0.424806 0.307958 0.162581 0.000000 
50.000000 39.199677 29.232913 20.740733 14.053031 9.178188 5.883177 3.813666 2.603137 1.942124 1.604355 1.442450 1.369477 1.338479 1.326041 1.321317 1.319615 1.319032 1.318842 1.318783 1.318766 1.318761 1.318759 1.318759 1.318759 1.318759 1.318759 1.318759 1.318759 1.318759 1.318759 1.318758 1.318757 1.318753 1.318741 1.318703 1.318594 1.318296 1.317523 1.315623 1.311214 1.301568 1.281751 1.243646 1.175377 1.062034 0.888839 0.647309 0.342956 0.000000 
50.000000 39.475827 29.763845 21.488658 14.971732 10.221268 7.010242 4.993418 3.813666 3.169435 2.840227 2.682419 2.611289 2.581072 2.568948 2.564342 2.562683 2.562115 2.561929 2.561872 2.561855 2.561850 2.561848 2.561848 2.561848 2.561848 2.561848 2.561848 2.561848 2.561848 2.561848 2.561847 2.561845 2.561838 2.561818 2.561754 2.561571 2.561066 2.559748 2.556483 2.548833 2.531915 2.496709 2.428004 2.302808 2.090974 1.760615 1.290403 0.687236 0.000000 
50.000000 39.947777 30.671253 22.766986 16.542031 12.004268 8.936909 7.010242 5.883177 5.267686 4.953147 4.802362 4.734393 4.705518 4.693930 4.689529 4.687943 4.687399 4.687222 4.687167 4.687151 4.687146 4.687145 4.687145 4.687145 4.687145 4.687145 4.687145 4.687145 4.687144 4.687144 4.687143 4.687140 4.687130 4.687099 4.687002 4.686720 4.685942 4.683894 4.678776 4.666659 4.639531 4.582238 4.468454 4.256796 3.890037 3.302647 2.442928 1.311385 0.000000 
50.000000 40.698984 32.115622 24.801849 19.041784 14.842766 12.004268 10.221268 9.178188 8.608527 8.317390 8.177814 8.114893 8.088160 8.077432 8.073356 8.071887 8.071384 8.071220 8.071169 8.071154 8.071150 8.071149 8.071148 8.071148 8.071148 8.071148 8.071148 8.071148 8.071148 8.071148 8.071147 8.071142 8.071129 8.071085 8.070952 8.070564 8.069484 8.066618 8.059391 8.042087 8.002811 7.918460 7.747472 7.421383 6.839184 5.873543 4.404236 2.394633 0.000000 
50.000000 41.810090 34.252029 27.811780 22.739530 19.041784 16.542031 14.971732 14.053031 13.551266 13.294810 13.171851 13.116418 13.092864 13.083410 13.079819 13.078524 13.078081 13.077936 13.077891 13.077878 13.077874 13.077873 13.077873 13.077873 13.077873 13.077873 13.077873 13.077873 13.077873 13.077872 13.077871 13.077866 13.077849 13.077797 13.077636 13.077162 13.075835 13.072289 13.063260 13.041386 12.990998 12.880758 12.651995 12.202600 11.369765 9.923175 7.597880 4.222809 0.000000 
50.000000 43.334082 37.182382 31.940402 27.811780 24.801849 22.766986 21.488658 20.740733 20.332215 20.123404 20.023282 19.978141 19.958958 19.951259 19.948333 19.947279 19.946917 19.946800 19.946763 19.946752 19.946749 19.946748 19.946748 19.946748 19.946748 19.946748 19.946748 19.946748 19.946748 19.946747 19.946746 19.946741 19.946724 19.946669 19.946501 19.946004 19.944604 19.940834 19.931149 19.907409 19.851894 19.728043 19.464339 18.928305 17.888605 15.970201 12.635246 7.311608 0.000000 
50.000000 45.268975 40.902875 37.182382 34.252029 32.115622 30.671253 29.763845 29.232913 28.942901 28.794657 28.723571 28.691518 28.677897 28.672430 28.670352 28.669603 28.669346 28.669263 28.669237 28.669229 28.669227 28.669226 28.669226 28.669226 28.669226 28.669226 28.669226 28.669226 28.669226 28.669225 28.669224 28.669220 28.669206 28.669160 28.669017 28.668594 28.667397 28.664153 28.655752 28.634943 28.585604 28.473442 28.228326 27.711386 26.654149 24.547135 20.451437 12.799278 0.000000 
50.000000 47.539603 45.268975 43.334082 41.810090 40.698984 39.947777 39.475827 39.199677 39.048830 38.971719 38.934741 38.918068 38.910982 38.908137 38.907056 38.906666 38.906533 38.906489 38.906476 38.906472 38.906471 38.906470 38.906470 38.906470 38.906470 38.906470 38.906470 38.906470 38.906470 38.906470 38.906469 38.906467 38.906459 38.906432 38.906349 38.906104 38.905407 38.903511 38.898573 38.886249 38.856721 38.788591 38.636393 38.304351 37.587281 36.022474 32.469697 23.769801 0.000000 
50.000000 50.000000 50.000000 50.000000 50.000000 50.000000 50.000000 50.000000 50.000000 50.000000 50.000000 50.000000 50.000000 50.000000 50.000000 50.000000 50.000000 50.000000 50.000000 50.000000 50.000000 50.000000 50.000000 50.000000 50.000000 50.000000 50.000000 50.000000 50.000000 50.000000 50.000000 50.000000 50.000000 50.000000 50.000000 50.000000 50.000000 50.000000 50.000000 50.000000 50.000000 50.000000 50.000000 50.000000 50.000000 50.000000 50.000000 50.000000 50.000000 50.000000 
