50.000000 50.000000 50.000000 50.000000 50.000000 50.000000 50.000000 50.000000 50.000000 50.000000 50.000000 50.000000 50.000000 50.000000 50.000000 50.000000 50.000000 50.000000 50.000000 50.000000 50.000000 50.000000 50.000000 50.000000 50.000000 50.000000 50.000000 50.000000 50.000000 50.000000 50.000000 50.000000 50.000000 50.000000 50.000000 50.000000 50.000000 50.000000 50.000000 50.000000 50.000000 50.000000 50.000000 50.000000 50.000000 50.000000 50.000000 50.000000 50.000000 50.000000 
50.000000 47.676045 45.521422 43.668530 42.189301 41.091660 40.333448 39.845024 39.551037 39.385352 39.297736 39.254169 39.233754 39.224720 39.220938 39.219437 39.218870 39.218667 39.218598 39.218575 39.218568 39.218566 39.218565 39.218565 39.218565 39.218565 39.218565 39.218565 39.218565 39.218565 39.218565 39.218563 39.218559 39.218546 39.218506 39.218387 39.218047 39.217121 39.214695 39.208607 39.193929 39.159878 39.083603 38.917686 38.564091 37.815493 36.207833 32.601026 23.838022 0.000000 
50.000000 45.521422 41.369187 37.798457 34.947852 32.832635 31.371548 30.430366 29.863875 29.544623 29.375804 29.291861 29.252528 29.235124 29.227838 29.224945 29.223854 29.223463 29.223329 29.223286 29.223272 29.223268 29.223267 29.223266 29.223266 29.223266 29.223266 29.223266 29.223266 29.223266 29.223265 29.223263 29.223256 29.223233 29.223163 29.222955 29.222365 29.220760 29.216577 29.206135 29.181149 29.123784 28.997165 28.727700 28.172501 27.059298 24.876211 20.684593 12.920395 0.000000 
50.000000 43.668530 37.798457 32.750532 28.720718 25.730575 23.665193 22.334794 21.534067 21.082829 20.844228 20.725592 20.670007 20.645413 20.635117 20.631030 20.629489 20.628936 20.628747 20.628685 20.628666 20.628660 20.628658 20.628658 20.628658 20.628658 20.628658 20.628658 20.628658 20.628657 20.628657 20.628654 20.628646 20.628618 20.628534 20.628285 20.627583 20.625681 20.620757 20.608562 20.579684 20.514296 20.372658 20.078994 19.495880 18.387301 16.375266 12.922247 7.460697 0.000000 
50.000000 42.189301 34.947852 28.720718 23.749644 20.061192 17.513560 15.872594 14.884993 14.328475 14.034222 13.887925 13.819384 13.789060 13.776365 13.771327 13.769427 13.768746 13.768513 13.768436 13.768413 13.768406 13.768404 13.768403 13.768403 13.768403 13.768403 13.768403 13.768403 13.768403 13.768402 13.768399 13.768391 13.768364 13.768282 13.768039 13.767358 13.765524 13.760809 13.749242 13.722171 13.661791 13.533550 13.274459 12.777400 11.874822 10.333417 7.888554 4.373808 0.000000 
50.000000 41.091660 32.832635 25.730575 20.061192 15.854740 12.949435 11.078172 9.952026 9.317473 8.981981 8.815192 8.737055 8.702488 8.688019 8.682276 8.680112 8.679335 8.679069 8.678983 8.678956 8.678948 8.678945 8.678945 8.678944 8.678944 8.678944 8.678944 8.678944 8.678944 8.678944 8.678941 8.678934 8.678911 8.678842 8.678638 8.678067 8.676541 8.672649 8.663191 8.641318 8.593255 8.493071 8.295401 7.927370 7.283792 6.234695 4.660134 2.527569 0.000000 
50.000000 40.333448 31.371548 23.665193 17.513560 12.949435 9.797210 7.766995 6.545251 5.856867 5.492936 5.312019 5.227269 5.189780 5.174088 5.167861 5.165514 5.164672 5.164384 5.164290 5.164261 5.164252 5.164249 5.164249 5.164249 5.164249 5.164249 5.164249 5.164248 5.164248 5.164248 5.164246 5.164241 5.164224 5.164171 5.164019 5.163595 5.162467 5.159615 5.152749 5.137051 5.103033 5.033321 4.898605 4.654034 4.239101 3.586199 2.643848 1.415763 0.000000 
50.000000 39.845024 30.430366 22.334794 15.872594 11.078172 7.766995 5.634485 4.351235 3.628229 3.246014 3.056018 2.967020 2.927654 2.911178 2.904640 2.902175 2.901291 2.900989 2.900891 2.900860 2.900851 2.900848 2.900847 2.900847 2.900847 2.900847 2.900847 2.900847 2.900847 2.900846 2.900845 2.900842 2.900830 2.900795 2.900692 2.900407 2.899655 2.897767 2.893262 2.883071 2.861264 2.817243 2.733674 2.585101 2.339043 1.962136 1.433202 0.761421 0.000000 
50.000000 39.551037 29.863875 21.534067 14.884993 9.952026 6.545251 4.351235 3.031017 2.287209 1.894012 1.698566 1.607019 1.566527 1.549580 1.542856 1.540322 1.539413 1.539102 1.539001 1.538969 1.538959 1.538957 1.538956 1.538956 1.538956 1.538956 1.538956 1.538956 1.538956 1.538955 1.538955 1.538952 1.538945 1.538923 1.538860 1.538685 1.538227 1.537085 1.534382 1.528325 1.515508 1.489971 1.442218 1.358771 1.223202 1.019771 0.740092 0.391158 0.000000 
50.000000 39.385352 29.544623 21.082829 14.328475 9.317473 5.856867 3.628229 2.287209 1.531702 1.132331 0.933821 0.840843 0.799719 0.782509 0.775680 0.773106 0.772183 0.771868 0.771765 0.771732 0.771723 0.771720 0.771719 0.771719 0.771719 0.771719 0.771719 0.771719 0.771719 0.771719 0.771718 0.771717 0.771713 0.771701 0.771665 0.771566 0.771309 0.770672 0.769176 0.765851 0.758884 0.745158 0.719816 0.676155 0.606304 0.503144 0.363474 0.191423 0.000000 
50.000000 39.297736 29.375804 20.844228 14.034222 8.981981 5.492936 3.246014 1.894012 1.132331 0.729704 0.529580 0.435847 0.394391 0.377041 0.370158 0.367563 0.366633 0.366315 0.366211 0.366179 0.366169 0.366166 0.366165 0.366165 0.366165 0.366165 0.366165 0.366165 0.366165 0.366165 0.366165 0.366164 0.366162 0.366155 0.366137 0.366085 0.365951 0.365622 0.364852 0.363155 0.359631 0.352752 0.340187 0.318791 0.284980 0.235666 0.169669 0.089130 0.000000 
50.000000 39.254169 29.291861 20.725592 13.887925 8.815192 5.312019 3.056018 1.698566 0.933821 0.529580 0.328656 0.234549 0.192928 0.175510 0.168599 0.165995 0.165061 0.164741 0.164637 0.164605 0.164595 0.164592 0.164591 0.164591 0.164591 0.164591 0.164591 0.164591 0.164591 0.164591 0.164591 0.164591 0.164590 0.164586 0.164577 0.164552 0.164487 0.164328 0.163958 0.163149 0.161481 0.158251 0.152404 0.142543 0.127116 0.104835 0.075284 0.039474 0.000000 
50.000000 39.233754 29.252528 20.670007 13.819384 8.737055 5.227269 2.967020 1.607019 0.840843 0.435847 0.234549 0.140268 0.098570 0.081120 0.074197 0.071588 0.070652 0.070332 0.070228 0.070195 0.070185 0.070183 0.070182 0.070182 0.070182 0.070182 0.070182 0.070182 0.070182 0.070182 0.070181 0.070181 0.070181 0.070179 0.070175 0.070164 0.070134 0.070062 0.069896 0.069534 0.068791 0.067365 0.064802 0.060514 0.053860 0.044325 0.031768 0.016633 0.000000 
50.000000 39.224720 29.235124 20.645413 13.789060 8.702488 5.189780 2.927654 1.566527 0.799719 0.394391 0.192928 0.098570 0.056839 0.039375 0.032446 0.029834 0.028898 0.028578 0.028473 0.028441 0.028431 0.028428 0.028427 0.028427 0.028427 0.028427 0.028427 0.028427 0.028427 0.028427 0.028427 0.028427 0.028427 0.028426 0.028424 0.028419 0.028407 0.028376 0.028306 0.028153 0.027842 0.027247 0.026186 0.024421 0.021702 0.017830 0.012759 0.006673 0.000000 
50.000000 39.220938 29.227838 20.635117 13.776365 8.688019 5.174088 2.911178 1.549580 0.782509 0.377041 0.175510 0.081120 0.039375 0.021905 0.014974 0.012361 0.011425 0.011104 0.011000 0.010967 0.010957 0.010955 0.010954 0.010954 0.010954 0.010954 0.010954 0.010954 0.010954 0.010954 0.010954 0.010954 0.010953 0.010953 0.010952 0.010950 0.010945 0.010933 0.010905 0.010844 0.010721 0.010486 0.010069 0.009381 0.008326 0.006831 0.004882 0.002551 0.000000 
50.000000 39.219437 29.224945 20.631030 13.771327 8.682276 5.167861 2.904640 1.542856 0.775680 0.370158 0.168599 0.074197 0.032446 0.014974 0.008041 0.005429 0.004492 0.004172 0.004067 0.004034 0.004025 0.004022 0.004021 0.004021 0.004021 0.004021 0.004021 0.004021 0.004021 0.004021 0.004021 0.004021 0.004021 0.004021 0.004020 0.004020 0.004018 0.004013 0.004002 0.003979 0.003933 0.003845 0.003690 0.003435 0.003045 0.002496 0.001782 0.000930 0.000000 
50.000000 39.218870 29.223854 20.629489 13.769427 8.680112 5.165514 2.902175 1.540322 0.773106 0.367563 0.165995 0.071588 0.029834 0.012361 0.005429 0.002816 0.001879 0.001559 0.001454 0.001422 0.001412 0.001409 0.001408 0.001408 0.001408 0.001408 0.001408 0.001408 0.001408 0.001408 0.001408 0.001408 0.001408 0.001408 0.001408 0.001408 0.001407 0.001405 0.001401 0.001393 0.001377 0.001345 0.001290 0.001200 0.001063 0.000870 0.000621 0.000324 0.000000 
50.000000 39.218667 29.223463 20.628936 13.768746 8.679335 5.164672 2.901291 1.539413 0.772183 0.366633 0.165061 0.070652 0.028898 0.011425 0.004492 0.001879 0.000942 0.000622 0.000517 0.000485 0.000475 0.000472 0.000471 0.000471 0.000471 0.000471 0.000471 0.000471 0.000471 0.000471 0.000471 0.000471 0.000471 0.000471 0.000471 0.000471 0.000471 0.000470 0.000469 0.000466 0.000460 0.000450 0.000431 0.000401 0.000355 0.000290 0.000207 0.000108 0.000000 
50.000000 39.218598 29.223329 20.628747 13.768513 8.679069 5.164384 2.900989 1.539102 0.771868 0.366315 0.164741 0.070332 0.028578 0.011104 0.004172 0.001559 0.000622 0.000302 0.000197 0.000164 0.000155 0.000152 0.000151 0.000151 0.000151 0.000151 0.000151 0.000151 0.000151 0.000151 0.000151 0.000151 0.000151 0.000151 0.000151 0.000151 0.000151 0.000150 0.000150 0.000149 0.000147 0.000144 0.000138 0.000128 0.000113 0.000093 0.000066 0.000034 0.000000 
50.000000 39.218575 29.223286 20.628685 13.768436 8.678983 5.164290 2.900891 1.539001 0.771765 0.366211 0.164637 0.070228 0.028473 0.011000 0.004067 0.001454 0.000517 0.000197 0.000092 0.000060 0.000050 0.000047 0.000046 0.000046 0.000046 0.000046 0.000046 0.000046 0.000046 0.000046 0.000046 0.000046 0.000046 0.000046 0.000046 0.000046 0.000046 0.000046 0.000046 0.000046 0.000045 0.000044 0.000042 0.000039 0.000035 0.000028 0.000020 0.000011 0.000000 
50.000000 39.218568 29.223272 20.628666 13.768413 8.678956 5.164261 2.900860 1.538969 0.771732 0.366179 0.164605 0.070195 0.028441 0.010967 0.004034 0.001422 0.000485 0.000164 0.000060 0.000027 0.000017 0.000015 0.000014 0.000014 0.000014 0.000014 0.000014 0.000014 0.000014 0.000014 0.000014 0.000014 0.000014 0.000014 0.000014 0.000014 0.000014 0.000014 0.000014 0.000013 0.000013 0.000013 0.000012 0.000012 0.000010 0.000008 0.000006 0.000003 0.000000 
50.000000 39.218566 29.223268 20.628660 13.768406 8.678948 5.164252 2.900851 1.538959 0.771723 0.366169 0.164595 0.070185 0.028431 0.010957 0.004025 0.001412 0.000475 0.000155 0.000050 0.000017 0.000008 0.000005 0.000004 0.000004 0.000004 0.000004 0.000004 0.000004 0.000004 0.000004 0.000004 0.000004 0.000004 0.000004 0.000004 0.000004 0.000004 0.000004 0.000004 0.000004 0.000004 0.000004 0.000004 0.000003 0.000003 0.000002 0.000002 0.000001 0.000000 
50.000000 39.218565 29.223267 20.628658 13.768404 8.678945 5.164249 2.900848 1.538957 0.771720 0.366166 0.164592 0.070183 0.028428 0.010955 0.004022 0.001409 0.000472 0.000152 0.000047 0.000015 0.000005 0.000002 0.000001 0.000001 0.000001 0.000001 0.000001 0.000001 0.000001 0.000001 0.000001 0.000001 0.000001 0.000001 0.000001 0.000001 0.000001 0.000001 0.000001 0.000001 0.000001 0.000001 0.000001 0.000001 0.000001 0.000001 0.000000 0.000000 0.000000 
50.000000 39.218565 29.223266 20.628658 13.768403 8.678945 5.164249 2.900847 1.538956 0.771719 0.366165 0.164591 0.070182 0.028427 0.010954 0.004021 0.001408 0.000471 0.000151 0.000047 0.000014 0.000004 0.000001 0.000001 0.000000 0.000000 0.000000 0.000000 0.000000 0.000000 0.000000 0.000000 0.000000 0.000000 0.000000 0.000000 0.000000 0.000000 0.000000 0.000000 0.000000 0.000000 0.000000 0.000000 0.000000 0.000000 0.000000 0.000000 0.000000 0.000000 
50.000000 39.218565 29.223266 20.628658 13.768403 8.678944 5.164249 2.900847 1.538956 0.771719 0.366165 0.164591 0.070182 0.028427 0.010954 0.004021 0.001408 0.000471 0.000151 0.000046 0.000014 0.000004 0.000001 0.000000 0.000000 0.000000 0.000000 0.000000 0.000000 0.000000 0.000000 0.000000 0.000000 0.000000 0.000000 0.000000 0.000000 0.000000 0.000000 0.000000 0.000000 0.000000 0.000000 0.000000 0.000000 0.000000 0.000000 0.000000 0.000000 0.000000 
50.000000 39.218565 29.223266 20.628658 13.768403 8.678944 5.164249 2.900847 1.538956 0.771719 0.366165 0.164591 0.070182 0.028427 0.010954 0.004021 0.001408 0.000471 0.000151 0.000046 0.000014 0.000004 0.000001 0.000000 0.000000 0.000000 0.000000 0.000000 0.000000 0.000000 0.000000 0.000000 0.000000 0.000000 0.000000 0.000000 0.000000 0.000000 0.000000 0.000000 0.000000 0.000000 0.000000 0.000000 0.000000 0.000000 0.000000 0.000000 0.000000 0.000000 
50.000000 39.218565 29.223266 20.628658 13.768403 8.678945 5.164249 2.900847 1.538956 0.771719 0.366165 0.164591 0.070182 0.028427 0.010954 0.004021 0.001408 0.000471 0.000151 0.000047 0.000014 0.000004 0.000001 0.000001 0.000000 0.000000 0.000000 0.000000 0.000000 0.000000 0.000000 0.000000 0.000000 0.000000 0.000000 0.000000 0.000000 0.000000 0.000000 0.000000 0.000000 0.000000 0.000000 0.000000 0.000000 0.000000 0.000000 0.000000 0.000000 0.000000 
50.000000 39.218565 29.223267 20.628658 13.768404 8.678945 5.164249 2.900848 1.538957 0.771720 0.366166 0.164592 0.070183 0.028428 0.010955 0.004022 0.001409 0.000472 0.000152 0.000047 0.000015 0.000005 0.000002 0.000001 0.000001 0.000001 0.000001 0.000001 0.000001 0.000001 0.000001 0.000001 0.000001 0.000001 0.000001 0.000001 0.000001 0.000001 0.000001 0.000001 0.000001 0.000001 0.000001 0.000001 0.000001 0.000001 0.000001 0.000000 0.000000 0.000000 
50.000000 39.218566 29.223268 20.628660 13.768406 8.678948 5.164252 2.900851 1.538959 0.771723 0.366169 0.164595 0.070185 0.028431 0.010957 0.004025 0.001412 0.000475 0.000155 0.000050 0.000017 0.000008 0.000005 0.000004 0.000004 0.000004 0.000004 0.000004 0.000004 0.000004 0.000004 0.000004 0.000004 0.000004 0.000004 0.000004 0.000004 0.000004 0.000004 0.000004 0.000004 0.000004 0.000004 0.000004 0.000003 0.000003 0.000002 0.000002 0.000001 0.000000 
50.000000 39.218568 29.223272 20.628666 13.768413 8.678956 5.164261 2.900860 1.538969 0.771732 0.366179 0.164605 0.070195 0.028441 0.010967 0.004034 0.001422 0.000485 0.000164 0.000060 0.000027 0.000017 0.000015 0.000014 0.000014 0.000014 0.000014 0.000014 0.000014 0.000014 0.000014 0.000014 0.000014 0.000014 0.000014 0.000014 0.000014 0.000014 0.000014 0.000014 0.000013 0.000013 0.000013 0.000012 0.000012 0.000010 0.000008 0.000006 0.000003 0.000000 
50.000000 39.218575 29.223286 20.628685 13.768436 8.678983 5.164290 2.900891 1.539001 0.771765 0.366211 0.164637 0.070228 0.028473 0.011000 0.004067 0.001454 0.000517 0.000197 0.000092 0.000060 0.000050 0.000047 0.000046 0.000046 0.000046 0.000046 0.000046 0.000046 0.000046 0.000046 0.000046 0.000046 0.000046 0.000046 0.000046 0.000046 0.000046 0.000046 0.000046 0.000046 0.000045 0.000044 0.000042 0.000039 0.000035 0.000028 0.000020 0.000011 0.000000 
50.000000 39.218598 29.223329 20.628747 13.768513 8.679069 5.164384 2.900989 1.539102 0.771868 0.366315 0.164741 0.070332 0.028578 0.011104 0.004172 0.001559 0.000622 0.000302 0.000197 0.000164 0.000155 0.000152 0.000151 0.000151 0.000151 0.000151 0.000151 0.000151 0.000151 0.000151 0.000151 0.000151 0.000151 0.000151 0.000151 0.000151 0.000151 0.000150 0.000150 0.000149 0.000147 0.000144 0.000138 0.000128 0.000113 0.000093 0.000066 0.000034 0.000000 
50.000000 39.218667 29.223463 20.628936 13.768746 8.679335 5.164672 2.901291 1.539413 0.772183 0.366633 0.165061 0.070652 0.028898 0.011425 0.004492 0.001879 0.000942 0.000622 0.000517 0.000485 0.000475 0.000472 0.000471 0.000471 0.000471 0.000471 0.000471 0.000471 0.000471 0.000471 0.000471 0.000471 0.000471 0.000471 0.000471 0.000471 0.000471 0.000470 0.000469 0.000466 0.000460 0.000450 0.000431 0.000401 0.000355 0.000290 0.000207 0.000108 0.000000 
50.000000 39.218870 29.223854 20.629489 13.769427 8.680112 5.165514 2.902175 1.540322 0.773106 0.367563 0.165995 0.071588 0.029834 0.012361 0.005429 0.002816 0.001879 0.001559 0.001454 0.001422 0.001412 0.001409 0.001408 0.001408 0.001408 0.001408 0.001408 0.001408 0.001408 0.001408 0.001408 0.001408 0.001408 0.001408 0.001408 0.001408 0.001407 0.001405 0.001401 0.001393 0.001377 0.001345 0.001290 0.001200 0.001063 0.000870 0.000621 0.000324 0.000000 
50.000000 39.219437 29.224945 20.631030 13.771327 8.682276 5.167861 2.904640 1.542856 0.775680 0.370158 0.168599 0.074197 0.032446 0.014974 0.008041 0.005429 0.004492 0.004172 0.004067 0.004034 0.004025 0.004022 0.004021 0.004021 0.004021 0.004021 0.004021 0.004021 0.004021 0.004021 0.004021 0.004021 0.004021 0.004021 0.004020 0.004020 0.004018 0.004013 0.004002 0.003979 0.003933 0.003845 0.003690 0.003435 0.003045 0.002496 0.001782 0.000930 0.000000 
50.000000 39.220938 29.227838 20.635117 13.776365 8.688019 5.174088 2.911178 1.549580 0.782509 0.377041 0.175510 0.081120 0.039375 0.021905 0.014974 0.012361 0.011425 0.011104 0.011000 0.010967 0.010957 0.010955 0.010954 0.010954 0.010954 0.010954 0.010954 0.010954 0.010954 0.010954 0.010954 0.010954 0.010953 0.010953 0.010952 0.010950 0.010945 0.010933 0.010905 0.010844 0.010721 0.010486 0.010069 0.009381 0.008326 0.006831 0.004882 0.002551 0.000000 
50.000000 39.224720 29.235124 20.645413 13.789060 8.702488 5.189780 2.927654 1.566527 0.799719 0.394391 0.192928 0.098570 0.056839 0.039375 0.032446 0.029834 0.028898 0.028578 0.028473 0.028441 0.028431 0.028428 0.028427 0.028427 0.028427 0.028427 0.028427 0.028427 0.028427 0.028427 0.028427 0.028427 0.028427 0.028426 0.028424 0.028419 0.028407 0.028376 0.028306 0.028153 0.027842 0.027247 0.026186 0.024421 0.021702 0.017830 0.012759 0.006673 0.000000 
50.000000 39.233754 29.252528 20.670007 13.819384 8.737055 5.227269 2.967020 1.607019 0.840843 0.435847 0.234549 0.140268 0.098570 0.081120 0.074197 0.071588 0.070652 0.070332 0.070228 0.070195 0.070185 0.070183 0.070182 0.070182 0.070182 0.070182 0.070182 0.070182 0.070182 0.070182 0.070181 0.070181 0.070181 0.070179 0.070175 0.070164 0.070134 0.070062 0.069896 0.069534 0.068791 0.067365 0.064802 0.060514 0.053860 0.044325 0.031768 0.016633 0.000000 
50.000000 39.254169 29.291861 20.725592 13.887925 8.815192 5.312019 3.056018 1.698566 0.933821 0.529580 0.328656 0.234549 0.192928 0.175510 0.168599 0.165995 0.165061 0.164741 0.164637 0.164605 0.164595 0.164592 0.164591 0.164591 0.164591 0.164591 0.164591 0.164591 0.164591 0.164591 0.164591 0.164591 0.164590 0.164586 0.164577 0.164552 0.164487 0.164328 0.163958 0.163149 0.161481 0.158251 0.152404 0.142543 0.127116 0.104835 0.075284 0.039474 0.000000 
50.000000 39.297736 29.375804 20.844228 14.034222 8.981981 5.492936 3.246014 1.894012 1.132331 0.729704 0.529580 0.435847 0.394391 0.377041 0.370158 0.367563 0.366633 0.366315 0.366211 0.366179 0.366169 0.366166 0.366165 0.366165 0.366165 0.366165 0.366165 0.366165 0.366165 0.366165 0.366165 0.366164 0.366162 0.366155 0.366137 0.366085 0.365951 0.365622 0.364852 0.363155 0.359631 0.352752 0.340187 0.318791 0.284980 0.235666 0.169669 0.089130 0.000000 
50.000000 39.385352 29.544623 21.082829 14.328475 9.317473 5.856867 3.628229 2.287209 1.531702 1.132331 0.933821 0.840843 0.799719 0.782509 0.775680 0.773106 0.772183 0.771868 0.771765 0.771732 0.771723 0.771720 0.771719 0.771719 0.771719 0.771719 0.771719 0.771719 0.771719 0.771719 0.771718 0.771717 0.771713 0.771701 0.771665 0.771566 0.771309 0.770672 0.769176 0.765851 0.758884 0.745158 0.719816 0.676155 0.606304 0.503144 0.363474 0.191423 0.000000 
50.000000 39.551037 29.863875 21.534067 14.884993 9.952026 6.545251 4.351235 3.031017 2.287209 1.894012 1.698566 1.607019 1.566527 1.549580 1.542856 1.540322 1.539413 1.539102 1.539001 1.538969 1.538959 1.538957 1.538956 1.538956 1.538956 1.538956 1.538956 1.538956 1.538956 1.538955 1.538955 1.538952 1.538945 1.538923 1.538860 1.538685 1.538227 1.537085 1.534382 1.528325 1.515508 1.489971 1.442218 1.358771 1.223202 1.019771 0.740092 0.391158 0.000000 
50.000000 39.845024 30.430366 22.334794 15.872594 11.078172 7.766995 5.634485 4.351235 3.628229 3.246014 3.056018 2.967020 2.927654 2.911178 2.904640 2.902175 2.901291 2.900989 2.900891 2.900860 2.900851 2.900848 2.900847 2.900847 2.900847 2.900847 2.900847 2.900847 2.900847 2.900846 2.900845 2.900842 2.900830 2.900795 2.900692 2.900407 2.899655 2.897767 2.893262 2.883071 2.861264 2.817243 2.733674 2.585101 2.339043 1.962136 1.433202 0.761421 0.000000 
50.000000 40.333448 31.371548 23.665193 17.513560 12.949435 9.797210 7.766995 6.545251 5.856867 5.492936 5.312019 5.227269 5.189780 5.174088 5.167861 5.165514 5.164672 5.164384 5.164290 5.164261 5.164252 5.164249 5.164249 5.164249 5.164249 5.164249 5.164249 5.164248 5.164248 5.164248 5.164246 5.164241 5.164224 5.164171 5.164019 5.163595 5.162467 5.159615 5.152749 5.137051 5.103033 5.033321 4.898605 4.654034 4.239101 3.586199 2.643848 1.415763 0.000000 
50.000000 41.091660 32.832635 25.730575 20.061192 15.854740 12.949435 11.078172 9.952026 9.317473 8.981981 8.815192 8.737055 8.702488 8.688019 8.682276 8.680112 8.679335 8.679069 8.678983 8.678956 8.678948 8.678945 8.678945 8.678944 8.678944 8.678944 8.678944 8.678944 8.678944 8.678944 8.678941 8.678934 8.678911 8.678842 8.678638 8.678067 8.676541 8.672649 8.663191 8.641318 8.593255 8.493071 8.295401 7.927370 7.283792 6.234695 4.660134 2.527569 0.000000 
50.000000 42.189301 34.947852 28.720718 23.749644 20.061192 17.513560 15.872594 14.884993 14.328475 14.034222 13.887925 13.819384 13.789060 13.776365 13.771327 13.769427 13.768746 13.768513 13.768436 13.768413 13.768406 13.768404 13.768403 13.768403 13.768403 13.768403 13.768403 13.768403 13.768403 13.768402 13.768399 13.768391 13.768364 13.768282 13.768039 13.767358 13.765524 13.760809 13.749242 13.722171 13.661791 13.533550 13.274459 12.777400 11.874822 10.333417 7.888554 4.373808 0.000000 
50.000000 43.668530 37.798457 32.750532 28.720718 25.730575 23.665193 22.334794 21.534067 21.082829 20.844228 20.725592 20.670007 20.645413 20.635117 20.631030 20.629489 20.628936 20.628747 20.628685 20.628666 20.628660 20.628658 20.628658 20.628658 20.628658 20.628658 20.628658 20.628658 20.628657 20.628657 20.628654 20.628646 20.628618 20.628534 20.628285 20.627583 20.625681 20.620757 20.608562 20.579684 20.514296 20.372658 20.078994 19.495880 18.387301 16.375266 12.922247 7.460697 0.000000 
50.000000 45.521422 41.369187 37.798457 34.947852 32.832635 31.371548 30.430366 29.863875 29.544623 29.375804 29.291861 29.252528 29.235124 29.227838 29.224945 29.223854 29.223463 29.223329 29.223286 29.223272 29.223268 29.223267 29.223266 29.223266 29.223266 29.223266 29.223266 29.223266 29.223266 29.223265 29.223263 29.223256 29.223233 29.223163 29.222955 29.222365 29.220760 29.216577 29.206135 29.181149 29.123784 28.997165 28.727700 28.172501 27.059298 24.876211 20.684593 12.920395 0.000000 
50.000000 47.676045 45.521422 43.668530 42.189301 41.091660 40.333448 39.845024 39.551037 39.385352 39.297736 39.254169 39.233754 39.224720 39.220938 39.219437 39.218870 39.218667 39.218598 39.218575 39.218568 39.218566 39.218565 39.218565 39.218565 39.218565 39.218565 39.218565 39.218565 39.218565 39.218565 39.218563 39.218559 39.218546 39.218506 39.218387 39.218047 39.217121 39.214695 39.208607 39.193929 39.159878 39.083603 38.917686 38.564091 37.815493 36.207833 32.601026 23.838022 0.000000 
50.000000 50.000000 50.000000 50.000000 50.000000 50.000000 50.000000 50.000000 50.000000 50.000000 50.000000 50.000000 50.000000 50.000000 50.000000 50.000000 50.000000 50.000000 50.000000 50.000000 50.000000 50.000000 50.000000 50.000000 50.000000 50.000000 50.000000 50.000000 50.000000 50.000000 50.000000 50.000000 50.000000 50.000000 50.000000 50.000000 50.000000 50.000000 50.000000 50.000000 50.000000 50.000000 50.000000 50.000000 50.000000 50.000000 50.000000 50.000000 50.000000 50.000000 
