50.000000 50.000000 50.000000 50.000000 50.000000 50.000000 50.000000 50.000000 50.000000 50.000000 50.000000 50.000000 50.000000 50.000000 50.000000 50.000000 50.000000 50.000000 50.000000 50.000000 50.000000 50.000000 50.000000 50.000000 50.000000 50.000000 50.000000 50.000000 50.000000 50.000000 50.000000 50.000000 50.000000 50.000000 50.000000 50.000000 50.000000 50.000000 50.000000 50.000000 50.000000 50.000000 50.000000 50.000000 50.000000 50.000000 50.000000 50.000000 50.000000 50.000000 
50.000000 47.837039 45.820787 44.068161 42.646554 41.569485 40.806311 40.299846 39.984543 39.800081 39.698485 39.645710 39.619806 39.607769 39.602465 39.600245 39.599360 39.599025 39.598903 39.598861 39.598847 39.598842 39.598841 39.598840 39.598840 39.598840 39.598840 39.598840 39.598840 39.598840 39.598839 39.598837 39.598830 39.598807 39.598741 39.598555 39.598053 39.596749 39.593493 39.585674 39.567595 39.527249 39.440019 39.256218 38.875285 38.087624 36.427881 32.756362 23.918520 0.000000 
50.000000 45.820787 41.925055 38.538715 35.791981 33.710966 32.236456 31.257944 30.648780 30.292407 30.096134 29.994181 29.944139 29.920888 29.910642 29.906353 29.904645 29.903996 29.903761 29.903679 29.903652 29.903644 29.903641 29.903640 29.903640 29.903640 29.903640 29.903640 29.903640 29.903639 29.903638 29.903634 29.903621 29.903581 29.903465 29.903138 29.902258 29.899977 29.894308 29.880771 29.849703 29.781076 29.634861 29.333403 28.729294 27.546203 25.269929 20.962528 13.064426 0.000000 
50.000000 44.068161 38.538715 33.732327 29.833823 26.880248 24.787534 23.398810 22.534301 22.028565 21.750041 21.605369 21.534362 21.501371 21.486835 21.480750 21.478327 21.477406 21.477073 21.476957 21.476919 21.476907 21.476903 21.476902 21.476901 21.476901 21.476901 21.476901 21.476901 21.476901 21.476899 21.476894 21.476878 21.476829 21.476688 21.476291 21.475227 21.472484 21.465708 21.449657 21.413199 21.333777 21.167715 20.834171 20.190086 18.994380 16.866164 13.268786 7.640281 0.000000 
50.000000 42.646554 35.791981 29.833823 25.001197 21.340006 18.746000 17.024679 15.953164 15.326358 14.981175 14.801887 14.713896 14.673016 14.655005 14.647466 14.644463 14.643323 14.642910 14.642767 14.642719 14.642704 14.642699 14.642698 14.642698 14.642698 14.642698 14.642698 14.642697 14.642697 14.642695 14.642690 14.642674 14.642625 14.642484 14.642090 14.641035 14.638336 14.631715 14.616175 14.581297 14.506460 14.353054 14.052868 13.492975 12.500599 10.839443 8.245778 4.558930 0.000000 
50.000000 41.569485 33.710966 26.880248 21.340006 17.142837 14.169180 12.196006 10.967767 10.249317 9.853684 9.648205 9.547366 9.500520 9.479882 9.471244 9.467804 9.466498 9.466024 9.465860 9.465806 9.465789 9.465783 9.465782 9.465781 9.465781 9.465781 9.465781 9.465781 9.465781 9.465779 9.465775 9.465761 9.465718 9.465595 9.465255 9.464349 9.462045 9.456439 9.443410 9.414517 9.353451 9.230629 8.995988 8.571419 7.847032 6.690162 4.981672 2.694200 0.000000 
50.000000 40.806311 32.236456 24.787534 18.746000 14.169180 10.926644 8.775135 7.435944 6.652629 6.221300 5.997293 5.887368 5.836304 5.813808 5.804394 5.800645 5.799221 5.798706 5.798527 5.798468 5.798449 5.798443 5.798441 5.798441 5.798441 5.798441 5.798441 5.798441 5.798440 5.798439 5.798436 5.798425 5.798392 5.798297 5.798034 5.797341 5.795588 5.791356 5.781615 5.760263 5.715773 5.627826 5.463322 5.173191 4.693132 3.953363 2.903053 1.550093 0.000000 
50.000000 40.299846 31.257944 23.398810 17.024679 12.196006 8.775135 6.505370 5.092623 4.266318 3.811336 3.575057 3.459115 3.405259 3.381536 3.371608 3.367654 3.366153 3.365609 3.365421 3.365359 3.365339 3.365333 3.365331 3.365330 3.365330 3.365330 3.365330 3.365330 3.365330 3.365329 3.365327 3.365319 3.365296 3.365229 3.365046 3.364564 3.363355 3.360458 3.353851 3.339524 3.310054 3.252685 3.147309 2.965377 2.671625 2.231095 1.623082 0.859826 0.000000 
50.000000 39.984543 30.648780 22.534301 15.953164 10.967767 7.435944 5.092623 3.634136 2.781107 2.311427 2.067524 1.947847 1.892258 1.867772 1.857526 1.853445 1.851897 1.851335 1.851141 1.851076 1.851056 1.851050 1.851048 1.851047 1.851047 1.851047 1.851047 1.851047 1.851047 1.851046 1.851045 1.851040 1.851025 1.850982 1.850865 1.850559 1.849794 1.847975 1.843861 1.835029 1.817068 1.782569 1.720171 1.614316 1.446704 1.200524 0.867703 0.457294 0.000000 
50.000000 39.800081 30.292407 22.028565 15.326358 10.249317 6.652629 4.266318 2.781107 1.912468 1.434207 1.185855 1.063998 1.007399 0.982468 0.972036 0.967882 0.966306 0.965735 0.965537 0.965471 0.965450 0.965444 0.965442 0.965441 0.965441 0.965441 0.965441 0.965441 0.965441 0.965441 0.965440 0.965437 0.965428 0.965402 0.965333 0.965153 0.964706 0.963650 0.961279 0.956234 0.946078 0.926794 0.892366 0.834800 0.745062 0.615366 0.442705 0.232486 0.000000 
50.000000 39.698485 30.096134 21.750041 14.981175 9.853684 6.221300 3.811336 2.311427 1.434207 0.951230 0.700434 0.577380 0.520226 0.495052 0.484518 0.480324 0.478732 0.478155 0.477955 0.477889 0.477868 0.477862 0.477860 0.477859 0.477859 0.477859 0.477859 0.477859 0.477859 0.477859 0.477858 0.477857 0.477852 0.477838 0.477800 0.477701 0.477458 0.476887 0.475615 0.472928 0.467566 0.457485 0.439685 0.410274 0.364999 0.300384 0.215364 0.112812 0.000000 
50.000000 39.645710 29.994181 21.605369 14.801887 9.648205 5.997293 3.575057 2.067524 1.185855 0.700434 0.448371 0.324698 0.267257 0.241957 0.231371 0.227156 0.225556 0.224976 0.224776 0.224709 0.224688 0.224681 0.224679 0.224679 0.224679 0.224679 0.224679 0.224679 0.224679 0.224679 0.224678 0.224677 0.224675 0.224668 0.224648 0.224598 0.224474 0.224186 0.223546 0.222205 0.219549 0.214598 0.205937 0.191766 0.170172 0.139660 0.099873 0.052218 0.000000 
50.000000 39.619806 29.944139 21.534362 14.713896 9.547366 5.887368 3.459115 1.947847 1.063998 0.577380 0.324698 0.200722 0.143141 0.117779 0.107167 0.102942 0.101338 0.100757 0.100556 0.100489 0.100468 0.100461 0.100459 0.100459 0.100459 0.100459 0.100459 0.100459 0.100459 0.100459 0.100459 0.100458 0.100457 0.100453 0.100444 0.100420 0.100361 0.100224 0.099922 0.099292 0.098053 0.095760 0.091780 0.085321 0.075560 0.061878 0.044162 0.023057 0.000000 
50.000000 39.607769 29.920888 21.501371 14.673016 9.500520 5.836304 3.405259 1.892258 1.007399 0.520226 0.267257 0.143141 0.085495 0.060105 0.049481 0.045251 0.043645 0.043064 0.042862 0.042795 0.042774 0.042768 0.042766 0.042765 0.042765 0.042765 0.042765 0.042765 0.042765 0.042765 0.042765 0.042765 0.042764 0.042763 0.042758 0.042748 0.042721 0.042660 0.042525 0.042246 0.041700 0.040695 0.038963 0.036171 0.031980 0.026144 0.018630 0.009716 0.000000 
50.000000 39.602465 29.910642 21.486835 14.655005 9.479882 5.813808 3.381536 1.867772 0.982468 0.495052 0.241957 0.117779 0.060105 0.034702 0.024073 0.019841 0.018235 0.017653 0.017451 0.017384 0.017363 0.017357 0.017355 0.017354 0.017354 0.017354 0.017354 0.017354 0.017354 0.017354 0.017354 0.017354 0.017354 0.017353 0.017351 0.017346 0.017335 0.017309 0.017252 0.017135 0.016907 0.016490 0.015774 0.014627 0.012915 0.010544 0.007504 0.003910 0.000000 
50.000000 39.600245 29.906353 21.480750 14.647466 9.471244 5.804394 3.371608 1.857526 0.972036 0.484518 0.231371 0.107167 0.049481 0.024073 0.013442 0.009209 0.007602 0.007020 0.006819 0.006752 0.006731 0.006724 0.006722 0.006722 0.006721 0.006721 0.006721 0.006721 0.006721 0.006721 0.006721 0.006721 0.006721 0.006721 0.006720 0.006718 0.006714 0.006703 0.006681 0.006634 0.006543 0.006379 0.006097 0.005649 0.004982 0.004063 0.002888 0.001504 0.000000 
50.000000 39.599360 29.904645 21.478327 14.644463 9.467804 5.800645 3.367654 1.853445 0.967882 0.480324 0.227156 0.102942 0.045251 0.019841 0.009209 0.004976 0.003369 0.002787 0.002585 0.002518 0.002497 0.002490 0.002489 0.002488 0.002488 0.002488 0.002488 0.002488 0.002488 0.002488 0.002488 0.002488 0.002488 0.002488 0.002487 0.002487 0.002485 0.002481 0.002472 0.002455 0.002420 0.002358 0.002253 0.002085 0.001838 0.001497 0.001064 0.000554 0.000000 
50.000000 39.599025 29.903996 21.477406 14.643323 9.466498 5.799221 3.366153 1.851897 0.966306 0.478732 0.225556 0.101338 0.043645 0.018235 0.007602 0.003369 0.001762 0.001180 0.000978 0.000911 0.000890 0.000884 0.000882 0.000881 0.000881 0.000881 0.000881 0.000881 0.000881 0.000881 0.000881 0.000881 0.000881 0.000881 0.000881 0.000881 0.000880 0.000879 0.000875 0.000869 0.000857 0.000834 0.000797 0.000737 0.000649 0.000528 0.000375 0.000195 0.000000 
50.000000 39.598903 29.903761 21.477073 14.642910 9.466024 5.798706 3.365609 1.851335 0.965735 0.478155 0.224976 0.100757 0.043064 0.017653 0.007020 0.002787 0.001180 0.000598 0.000396 0.000329 0.000308 0.000302 0.000300 0.000299 0.000299 0.000299 0.000299 0.000299 0.000299 0.000299 0.000299 0.000299 0.000299 0.000299 0.000299 0.000299 0.000299 0.000298 0.000297 0.000295 0.000291 0.000283 0.000270 0.000250 0.000220 0.000179 0.000127 0.000066 0.000000 
50.000000 39.598861 29.903679 21.476957 14.642767 9.465860 5.798527 3.365421 1.851141 0.965537 0.477955 0.224776 0.100556 0.042862 0.017451 0.006819 0.002585 0.000978 0.000396 0.000195 0.000128 0.000106 0.000100 0.000098 0.000097 0.000097 0.000097 0.000097 0.000097 0.000097 0.000097 0.000097 0.000097 0.000097 0.000097 0.000097 0.000097 0.000097 0.000097 0.000097 0.000096 0.000095 0.000092 0.000088 0.000081 0.000071 0.000058 0.000041 0.000021 0.000000 
50.000000 39.598847 29.903652 21.476919 14.642719 9.465806 5.798468 3.365359 1.851076 0.965471 0.477889 0.224709 0.100489 0.042795 0.017384 0.006752 0.002518 0.000911 0.000329 0.000128 0.000061 0.000040 0.000033 0.000031 0.000031 0.000030 0.000030 0.000030 0.000030 0.000030 0.000030 0.000030 0.000030 0.000030 0.000030 0.000030 0.000030 0.000030 0.000030 0.000030 0.000030 0.000030 0.000029 0.000027 0.000025 0.000022 0.000018 0.000013 0.000007 0.000000 
50.000000 39.598842 29.903644 21.476907 14.642704 9.465789 5.798449 3.365339 1.851056 0.965450 0.477868 0.224688 0.100468 0.042774 0.017363 0.006731 0.002497 0.000890 0.000308 0.000106 0.000040 0.000018 0.000012 0.000010 0.000009 0.000009 0.000009 0.000009 0.000009 0.000009 0.000009 0.000009 0.000009 0.000009 0.000009 0.000009 0.000009 0.000009 0.000009 0.000009 0.000009 0.000009 0.000009 0.000008 0.000008 0.000007 0.000005 0.000004 0.000002 0.000000 
50.000000 39.598841 29.903641 21.476903 14.642699 9.465783 5.798443 3.365333 1.851050 0.965444 0.477862 0.224681 0.100461 0.042768 0.017357 0.006724 0.002490 0.000884 0.000302 0.000100 0.000033 0.000012 0.000005 0.000003 0.000003 0.000003 0.000003 0.000003 0.000003 0.000003 0.000003 0.000003 0.000003 0.000003 0.000003 0.000003 0.000003 0.000003 0.000003 0.000003 0.000003 0.000003 0.000002 0.000002 0.000002 0.000002 0.000002 0.000001 0.000001 0.000000 
50.000000 39.598840 29.903640 21.476902 14.642698 9.465782 5.798441 3.365331 1.851048 0.965442 0.477860 0.224679 0.100460 0.042766 0.017355 0.006722 0.002489 0.000882 0.000300 0.000098 0.000031 0.000010 0.000003 0.000001 0.000001 0.000001 0.000001 0.000001 0.000001 0.000001 0.000001 0.000001 0.000001 0.000001 0.000001 0.000001 0.000001 0.000001 0.000001 0.000001 0.000001 0.000001 0.000001 0.000001 0.000001 0.000001 0.000000 0.000000 0.000000 0.000000 
50.000000 39.598840 29.903640 21.476901 14.642698 9.465781 5.798441 3.365330 1.851047 0.965441 0.477859 0.224679 0.100459 0.042765 0.017354 0.006722 0.002488 0.000881 0.000299 0.000098 0.000031 0.000009 0.000003 0.000001 0.000000 0.000000 0.000000 0.000000 0.000000 0.000000 0.000000 0.000000 0.000000 0.000000 0.000000 0.000000 0.000000 0.000000 0.000000 0.000000 0.000000 0.000000 0.000000 0.000000 0.000000 0.000000 0.000000 0.000000 0.000000 0.000000 
50.000000 39.598840 29.903640 21.476901 14.642698 9.465781 5.798441 3.365330 1.851047 0.965441 0.477859 0.224679 0.100459 0.042765 0.017354 0.006722 0.002488 0.000881 0.000299 0.000098 0.000031 0.000009 0.000003 0.000001 0.000000 0.000000 0.000000 0.000000 0.000000 0.000000 0.000000 0.000000 0.000000 0.000000 0.000000 0.000000 0.000000 0.000000 0.000000 0.000000 0.000000 0.000000 0.000000 0.000000 0.000000 0.000000 0.000000 0.000000 0.000000 0.000000 
50.000000 39.598840 29.903640 21.476902 14.642698 9.465782 5.798441 3.365331 1.851048 0.965442 0.477860 0.224679 0.100460 0.042766 0.017355 0.006722 0.002489 0.000882 0.000300 0.000098 0.000031 0.000010 0.000003 0.000001 0.000001 0.000001 0.000001 0.000001 0.000001 0.000001 0.000001 0.000001 0.000001 0.000001 0.000001 0.000001 0.000001 0.000001 0.000001 0.000001 0.000001 0.000001 0.000001 0.000001 0.000001 0.000001 0.000000 0.000000 0.000000 0.000000 
50.000000 39.598841 29.903641 21.476903 14.642699 9.465783 5.798443 3.365333 1.851050 0.965444 0.477862 0.224681 0.100461 0.042768 0.017357 0.006724 0.002490 0.000884 0.000302 0.000100 0.000033 0.000012 0.000005 0.000003 0.000003 0.000003 0.000003 0.000003 0.000003 0.000003 0.000003 0.000003 0.000003 0.000003 0.000003 0.000003 0.000003 0.000003 0.000003 0.000003 0.000003 0.000003 0.000002 0.000002 0.000002 0.000002 0.000002 0.000001 0.000001 0.000000 
50.000000 39.598842 29.903644 21.476907 14.642704 9.465789 5.798449 3.365339 1.851056 0.965450 0.477868 0.224688 0.100468 0.042774 0.017363 0.006731 0.002497 0.000890 0.000308 0.000106 0.000040 0.000018 0.000012 0.000010 0.000009 0.000009 0.000009 0.000009 0.000009 0.000009 0.000009 0.000009 0.000009 0.000009 0.000009 0.000009 0.000009 0.000009 0.000009 0.000009 0.000009 0.000009 0.000009 0.000008 0.000008 0.000007 0.000005 0.000004 0.000002 0.000000 
50.000000 39.598847 29.903652 21.476919 14.642719 9.465806 5.798468 3.365359 1.851076 0.965471 0.477889 0.224709 0.100489 0.042795 0.017384 0.006752 0.002518 0.000911 0.000329 0.000128 0.000061 0.000040 0.000033 0.000031 0.000031 0.000030 0.000030 0.000030 0.000030 0.000030 0.000030 0.000030 0.000030 0.000030 0.000030 0.000030 0.000030 0.000030 0.000030 0.000030 0.000030 0.000030 0.000029 0.000027 0.000025 0.000022 0.000018 0.000013 0.000007 0.000000 
50.000000 39.598861 29.903679 21.476957 14.642767 9.465860 5.798527 3.365421 1.851141 0.965537 0.477955 0.224776 0.100556 0.042862 0.017451 0.006819 0.002585 0.000978 0.000396 0.000195 0.000128 0.000106 0.000100 0.000098 0.000097 0.000097 0.000097 0.000097 0.000097 0.000097 0.000097 0.000097 0.000097 0.000097 0.000097 0.000097 0.000097 0.000097 0.000097 0.000097 0.000096 0.000095 0.000092 0.000088 0.000081 0.000071 0.000058 0.000041 0.000021 0.000000 
50.000000 39.598903 29.903761 21.477073 14.642910 9.466024 5.798706 3.365609 1.851335 0.965735 0.478155 0.224976 0.100757 0.043064 0.017653 0.007020 0.002787 0.001180 0.000598 0.000396 0.000329 0.000308 0.000302 0.000300 0.000299 0.000299 0.000299 0.000299 0.000299 0.000299 0.000299 0.000299 0.000299 0.000299 0.000299 0.000299 0.000299 0.000299 0.000298 0.000297 0.000295 0.000291 0.000283 0.000270 0.000250 0.000220 0.000179 0.000127 0.000066 0.000000 
50.000000 39.599025 29.903996 21.477406 14.643323 9.466498 5.799221 3.366153 1.851897 0.966306 0.478732 0.225556 0.101338 0.043645 0.018235 0.007602 0.003369 0.001762 0.001180 0.000978 0.000911 0.000890 0.000884 0.000882 0.000881 0.000881 0.000881 0.000881 0.000881 0.000881 0.000881 0.000881 0.000881 0.000881 0.000881 0.000881 0.000881 0.000880 0.000879 0.000875 0.000869 0.000857 0.000834 0.000797 0.000737 0.000649 0.000528 0.000375 0.000195 0.000000 
50.000000 39.599360 29.904645 21.478327 14.644463 9.467804 5.800645 3.367654 1.853445 0.967882 0.480324 0.227156 0.102942 0.045251 0.019841 0.009209 0.004976 0.003369 0.002787 0.002585 0.002518 0.002497 0.002490 0.002489 0.002488 0.002488 0.002488 0.002488 0.002488 0.002488 0.002488 0.002488 0.002488 0.002488 0.002488 0.002487 0.002487 0.002485 0.002481 0.002472 0.002455 0.002420 0.002358 0.002253 0.002085 0.001838 0.001497 0.001064 0.000554 0.000000 
50.000000 39.600245 29.906353 21.480750 14.647466 9.471244 5.804394 3.371608 1.857526 0.972036 0.484518 0.231371 0.107167 0.049481 0.024073 0.013442 0.009209 0.007602 0.007020 0.006819 0.006752 0.006731 0.006724 0.006722 0.006722 0.006721 0.006721 0.006721 0.006721 0.006721 0.006721 0.006721 0.006721 0.006721 0.006721 0.006720 0.006718 0.006714 0.006703 0.006681 0.006634 0.006543 0.006379 0.006097 0.005649 0.004982 0.004063 0.002888 0.001504 0.000000 
50.000000 39.602465 29.910642 21.486835 14.655005 9.479882 5.813808 3.381536 1.867772 0.982468 0.495052 0.241957 0.117779 0.060105 0.034702 0.024073 0.019841 0.018235 0.017653 0.017451 0.017384 0.017363 0.017357 0.017355 0.017354 0.017354 0.017354 0.017354 0.017354 0.017354 0.017354 0.017354 0.017354 0.017354 0.017353 0.017351 0.017346 0.017335 0.017309 0.017252 0.017135 0.016907 0.016490 0.015774 0.014627 0.012915 0.010544 0.007504 0.003910 0.000000 
50.000000 39.607769 29.920888 21.501371 14.673016 9.500520 5.836304 3.405259 1.892258 1.007399 0.520226 0.267257 0.143141 0.085495 0.060105 0.049481 0.045251 0.043645 0.043064 0.042862 0.042795 0.042774 0.042768 0.042766 0.042765 0.042765 0.042765 0.042765 0.042765 0.042765 0.042765 0.042765 0.042765 0.042764 0.042763 0.042758 0.042748 0.042721 0.042660 0.042525 0.042246 0.041700 0.040695 0.038963 0.036171 0.031980 0.026144 0.018630 0.009716 0.000000 
50.000000 39.619806 29.944139 21.534362 14.713896 9.547366 5.887368 3.459115 1.947847 1.063998 0.577380 0.324698 0.200722 0.143141 0.117779 0.107167 0.102942 0.101338 0.100757 0.100556 0.100489 0.100468 0.100461 0.100459 0.100459 0.100459 0.100459 0.100459 0.100459 0.100459 0.100459 0.100459 0.100458 0.100457 0.100453 0.100444 0.100420 0.100361 0.100224 0.099922 0.099292 0.098053 0.095760 0.091780 0.085321 0.075560 0.061878 0.044162 0.023057 0.000000 
50.000000 39.645710 29.994181 21.605369 14.801887 9.648205 5.997293 3.575057 2.067524 1.185855 0.700434 0.448371 0.324698 0.267257 0.241957 0.231371 0.227156 0.225556 0.224976 0.224776 0.224709 0.224688 0.224681 0.224679 0.224679 0.224679 0.224679 0.224679 0.224679 0.224679 0.224679 0.224678 0.224677 0.224675 0.224668 0.224648 0.224598 0.224474 0.224186 0.223546 0.222205 0.219549 0.214598 0.205937 0.191766 0.170172 0.139660 0.099873 0.052218 0.000000 
50.000000 39.698485 30.096134 21.750041 14.981175 9.853684 6.221300 3.811336 2.311427 1.434207 0.951230 0.700434 0.577380 0.520226 0.495052 0.484518 0.480324 0.478732 0.478155 0.477955 0.477889 0.477868 0.477862 0.477860 0.477859 0.477859 0.477859 0.477859 0.477859 0.477859 0.477859 0.477858 0.477857 0.477852 0.477838 0.477800 0.477701 0.477458 0.476887 0.475615 0.472928 0.467566 0.457485 0.439685 0.410274 0.364999 0.300384 0.215364 0.112812 0.000000 
50.000000 39.800081 30.292407 22.028565 15.326358 10.249317 6.652629 4.266318 2.781107 1.912468 1.434207 1.185855 1.063998 1.007399 0.982468 0.972036 0.967882 0.966306 0.965735 0.965537 0.965471 0.965450 0.965444 0.965442 0.965441 0.965441 0.965441 0.965441 0.965441 0.965441 0.965441 0.965440 0.965437 0.965428 0.965402 0.965333 0.965153 0.964706 0.963650 0.961279 0.956234 0.946078 0.926794 0.892366 0.834800 0.745062 0.615366 0.442705 0.232486 0.000000 
50.000000 39.984543 30.648780 22.534301 15.953164 10.967767 7.435944 5.092623 3.634136 2.781107 2.311427 2.067524 1.947847 1.892258 1.867772 1.857526 1.853445 1.851897 1.851335 1.851141 1.851076 1.851056 1.851050 1.851048 1.851047 1.851047 1.851047 1.851047 1.851047 1.851047 1.851046 1.851045 1.851040 1.851025 1.850982 1.850865 1.850559 1.849794 1.847975 1.843861 1.835029 1.817068 1.782569 1.720171 1.614316 1.446704 1.200524 0.867703 0.457294 0.000000 
50.000000 40.299846 31.257944 23.398810 17.024679 12.196006 8.775135 6.505370 5.092623 4.266318 3.811336 3.575057 3.459115 3.405259 3.381536 3.371608 3.367654 3.366153 3.365609 3.365421 3.365359 3.365339 3.365333 3.365331 3.365330 3.365330 3.365330 3.365330 3.365330 3.365330 3.365329 3.365327 3.365319 3.365296 3.365229 3.365046 3.364564 3.363355 3.360458 3.353851 3.339524 3.310054 3.252685 3.147309 2.965377 2.671625 2.231095 1.623082 0.859826 0.000000 
50.000000 40.806311 32.236456 24.787534 18.746000 14.169180 10.926644 8.775135 7.435944 6.652629 6.221300 5.997293 5.887368 5.836304 5.813808 5.804394 5.800645 5.799221 5.798706 5.798527 5.798468 5.798449 5.798443 5.798441 5.798441 5.798441 5.798441 5.798441 5.798441 5.798440 5.798439 5.798436 5.798425 5.798392 5.798297 5.798034 5.797341 5.795588 5.791356 5.781615 5.760263 5.715773 5.627826 5.463322 5.173191 4.693132 3.953363 2.903053 1.550093 0.000000 
50.000000 41.569485 33.710966 26.880248 21.340006 17.142837 14.169180 12.196006 10.967767 10.249317 9.853684 9.648205 9.547366 9.500520 9.479882 9.471244 9.467804 9.466498 9.466024 9.465860 9.465806 9.465789 9.465783 9.465782 9.465781 9.465781 9.465781 9.465781 9.465781 9.465781 9.465779 9.465775 9.465761 9.465718 9.465595 9.465255 9.464349 9.462045 9.456439 9.443410 9.414517 9.353451 9.230629 8.995988 8.571419 7.847032 6.690162 4.981672 2.694200 0.000000 
50.000000 42.646554 35.791981 29.833823 25.001197 21.340006 18.746000 17.024679 15.953164 15.326358 14.981175 14.801887 14.713896 14.673016 14.655005 14.647466 14.644463 14.643323 14.642910 14.642767 14.642719 14.642704 14.642699 14.642698 14.642698 14.642698 14.642698 14.642698 14.642697 14.642697 14.642695 14.642690 14.642674 14.642625 14.642484 14.642090 14.641035 14.638336 14.631715 14.616175 14.581297 14.506460 14.353054 14.052868 13.492975 12.500599 10.839443 8.245778 4.558930 0.000000 
50.000000 44.068161 38.538715 33.732327 29.833823 26.880248 24.787534 23.398810 22.534301 22.028565 21.750041 21.605369 21.534362 21.501371 21.486835 21.480750 21.478327 21.477406 21.477073 21.476957 21.476919 21.476907 21.476903 21.476902 21.476901 21.476901 21.476901 21.476901 21.476901 21.476901 21.476899 21.476894 21.476878 21.476829 21.476688 21.476291 21.475227 21.472484 21.465708 21.449657 21.413199 21.333777 21.167715 20.834171 20.190086 18.994380 16.866164 13.268786 7.640281 0.000000 
50.000000 45.820787 41.925055 38.538715 35.791981 33.710966 32.236456 31.257944 30.648780 30.292407 30.096134 29.994181 29.944139 29.920888 29.910642 29.906353 29.904645 29.903996 29.903761 29.903679 29.903652 29.903644 29.903641 29.903640 29.903640 29.903640 29.903640 29.903640 29.903640 29.903639 29.903638 29.903634 29.903621 29.903581 29.903465 29.903138 29.902258 29.899977 29.894308 29.880771 29.849703 29.781076 29.634861 29.333403 28.729294 27.546203 25.269929 20.962528 13.064426 0.000000 
50.000000 47.837039 45.820787 44.068161 42.646554 41.569485 40.806311 40.299846 39.984543 39.800081 39.698485 39.645710 39.619806 39.607769 39.602465 39.600245 39.599360 39.599025 39.598903 39.598861 39.598847 39.598842 39.598841 39.598840 39.598840 39.598840 39.598840 39.598840 39.598840 39.598840 39.598839 39.598837 39.598830 39.598807 39.598741 39.598555 39.598053 39.596749 39.593493 39.585674 39.567595 39.527249 39.440019 39.256218 38.875285 38.087624 36.427881 32.756362 23.918520 0.000000 
50.000000 50.000000 50.000000 50.000000 50.000000 50.000000 50.000000 50.000000 50.000000 50.000000 50.000000 50.000000 50.000000 50.000000 50.000000 50.000000 50.000000 50.000000 50.000000 50.000000 50.000000 50.000000 50.000000 50.000000 50.000000 50.000000 50.000000 50.000000 50.000000 50.000000 50.000000 50.000000 50.000000 50.000000 50.000000 50.000000 50.000000 50.000000 50.000000 50.000000 50.000000 50.000000 50.000000 50.000000 50.000000 50.000000 50.000000 50.000000 50.000000 50.000000 
