50.000000 50.000000 50.000000 50.000000 50.000000 50.000000 50.000000 50.000000 50.000000 50.000000 50.000000 50.000000 50.000000 50.000000 50.000000 50.000000 50.000000 50.000000 50.000000 50.000000 50.000000 50.000000 50.000000 50.000000 50.000000 50.000000 50.000000 50.000000 50.000000 50.000000 50.000000 50.000000 50.000000 50.000000 50.000000 50.000000 50.000000 50.000000 50.000000 50.000000 50.000000 50.000000 50.000000 50.000000 50.000000 50.000000 50.000000 50.000000 50.000000 50.000000 
50.000000 48.120459 46.351732 44.785064 43.478316 42.451281 41.690053 41.157447 40.805287 40.584973 40.454395 40.380977 40.341763 40.321839 40.312196 40.307745 40.305781 40.304954 40.304619 40.304490 40.304442 40.304424 40.304418 40.304417 40.304416 40.304416 40.304416 40.304415 40.304415 40.304414 40.304412 40.304404 40.304381 40.304320 40.304158 40.303744 40.302727 40.300314 40.294786 40.282545 40.256310 40.201720 40.090986 39.870598 39.436020 38.574380 36.818805 33.030804 24.060230 0.000000 
50.000000 46.351732 42.918564 39.877616 37.341196 35.347721 33.870193 32.836428 32.152911 31.725305 31.471871 31.329378 31.253273 31.214606 31.195892 31.187252 31.183443 31.181836 31.181187 31.180936 31.180843 31.180809 31.180798 31.180794 31.180793 31.180793 31.180792 31.180792 31.180792 31.180790 31.180785 31.180771 31.180731 31.180621 31.180330 31.179591 31.177778 31.173491 31.163708 31.142167 31.096332 31.001921 30.813159 30.445473 29.744261 28.427261 25.977523 21.459282 13.320928 0.000000 
50.000000 44.785064 39.877616 35.530843 31.905288 29.055855 26.943941 25.466352 24.489403 23.878241 23.516027 23.312380 23.203615 23.148356 23.121613 23.109267 23.103824 23.101528 23.100601 23.100242 23.100109 23.100061 23.100045 23.100039 23.100038 23.100037 23.100037 23.100037 23.100036 23.100034 23.100028 23.100010 23.099959 23.099821 23.099458 23.098538 23.096288 23.090994 23.078988 23.052763 22.997536 22.885339 22.665200 22.247482 21.479984 20.114091 17.765422 13.900092 7.966259 0.000000 
50.000000 43.478316 37.341196 31.905288 27.371363 23.808076 21.167128 19.319449 18.097838 17.333643 16.880748 16.626126 16.490142 16.421057 16.387624 16.372191 16.365386 16.362517 16.361358 16.360909 16.360743 16.360683 16.360663 16.360656 16.360654 16.360653 16.360653 16.360652 16.360652 16.360650 16.360643 16.360625 16.360572 16.360429 16.360053 16.359103 16.356794 16.351392 16.339235 16.312924 16.258175 16.148643 15.937994 15.548711 14.858189 13.685682 11.791196 8.913935 4.903935 0.000000 
50.000000 42.451281 35.347721 29.055855 23.808076 19.683834 16.627202 14.488755 13.074944 12.190546 11.666433 11.371783 11.214428 11.134490 11.095807 11.077951 11.070079 11.066759 11.065419 11.064900 11.064707 11.064638 11.064614 11.064606 11.064604 11.064603 11.064603 11.064602 11.064602 11.064600 11.064594 11.064577 11.064529 11.064398 11.064057 11.063199 11.061126 11.056305 11.045545 11.022488 10.975097 10.881736 10.705632 10.388063 9.841917 8.949887 7.575871 5.603460 3.015261 0.000000 
50.000000 41.690053 33.870193 26.943941 21.167128 16.627202 13.262567 10.908701 9.352515 8.379090 7.802238 7.477954 7.304780 7.216809 7.174241 7.154593 7.145931 7.142279 7.140804 7.140233 7.140021 7.139945 7.139919 7.139910 7.139908 7.139907 7.139907 7.139906 7.139906 7.139904 7.139899 7.139885 7.139846 7.139739 7.139460 7.138764 7.137089 7.133224 7.124665 7.106507 7.069630 6.998036 6.865375 6.631283 6.239139 5.618418 4.696459 3.424720 1.819455 0.000000 
50.000000 41.157447 32.836428 25.466352 19.319449 14.488755 10.908701 8.404192 6.748460 5.712799 5.099089 4.754096 4.569870 4.476290 4.431010 4.410111 4.400897 4.397013 4.395445 4.394837 4.394612 4.394531 4.394503 4.394494 4.394491 4.394490 4.394490 4.394490 4.394490 4.394488 4.394485 4.394474 4.394444 4.394364 4.394157 4.393640 4.392406 4.389575 4.383356 4.370288 4.344046 4.293776 4.202096 4.043325 3.783123 3.381454 2.801151 2.023269 1.066461 0.000000 
50.000000 40.805287 32.152911 24.489403 18.097838 13.074944 9.352515 6.748460 5.026960 3.950190 3.312137 2.953473 2.761953 2.664671 2.617601 2.595877 2.586301 2.582263 2.580633 2.580002 2.579767 2.579684 2.579655 2.579645 2.579642 2.579641 2.579641 2.579641 2.579641 2.579640 2.579637 2.579630 2.579609 2.579554 2.579411 2.579058 2.578218 2.576304 2.572133 2.563443 2.546171 2.513480 2.454685 2.354479 2.193208 1.949195 1.604064 1.150990 0.603567 0.000000 
50.000000 40.584973 31.725305 23.878241 17.333643 12.190546 8.379090 5.712799 3.950190 2.847730 2.194470 1.827266 1.631192 1.531599 1.483413 1.461174 1.451371 1.447239 1.445570 1.444924 1.444684 1.444598 1.444569 1.444559 1.444556 1.444555 1.444555 1.444555 1.444554 1.444554 1.444552 1.444547 1.444534 1.444499 1.444408 1.444183 1.443652 1.442448 1.439844 1.434462 1.423865 1.404019 1.368753 1.309460 1.215449 1.075468 0.880705 0.628973 0.328663 0.000000 
50.000000 40.454395 31.471871 23.516027 16.880748 11.666433 7.802238 5.099089 3.312137 2.194470 1.532210 1.159955 0.961187 0.860228 0.811382 0.788839 0.778902 0.774713 0.773022 0.772367 0.772124 0.772037 0.772007 0.771997 0.771994 0.771993 0.771993 0.771993 0.771993 0.771992 0.771991 0.771989 0.771981 0.771959 0.771905 0.771771 0.771457 0.770749 0.769227 0.766105 0.760008 0.748695 0.728800 0.695732 0.643945 0.567824 0.463265 0.329704 0.171850 0.000000 
50.000000 40.380977 31.329378 23.312380 16.626126 11.371783 7.477954 4.754096 2.953473 1.827266 1.159955 0.784864 0.584585 0.482860 0.433644 0.410931 0.400920 0.396699 0.394995 0.394335 0.394090 0.394003 0.393973 0.393963 0.393960 0.393959 0.393958 0.393958 0.393958 0.393958 0.393957 0.393956 0.393951 0.393939 0.393909 0.393834 0.393660 0.393268 0.392432 0.390727 0.387422 0.381340 0.370740 0.353289 0.326239 0.286892 0.233392 0.165671 0.086191 0.000000 
50.000000 40.341763 31.253273 23.203615 16.490142 11.214428 7.304780 4.569870 2.761953 1.631192 0.961187 0.584585 0.383501 0.281369 0.231956 0.209152 0.199100 0.194863 0.193152 0.192490 0.192244 0.192156 0.192126 0.192116 0.192113 0.192112 0.192112 0.192111 0.192111 0.192111 0.192111 0.192110 0.192108 0.192101 0.192085 0.192046 0.191955 0.191751 0.191317 0.190437 0.188744 0.185649 0.180296 0.171556 0.158123 0.138750 0.112621 0.079782 0.041449 0.000000 
50.000000 40.321839 31.214606 23.148356 16.421057 11.134490 7.216809 4.476290 2.664671 1.531599 0.860228 0.482860 0.281369 0.179029 0.129517 0.106667 0.096596 0.092350 0.090636 0.089972 0.089726 0.089638 0.089607 0.089597 0.089594 0.089593 0.089593 0.089593 0.089593 0.089593 0.089592 0.089592 0.089591 0.089588 0.089580 0.089560 0.089515 0.089414 0.089201 0.088771 0.087948 0.086453 0.083885 0.079720 0.073364 0.064263 0.052068 0.036827 0.019112 0.000000 
50.000000 40.312196 31.195892 23.121613 16.387624 11.095807 7.174241 4.431010 2.617601 1.483413 0.811382 0.433644 0.231956 0.129517 0.079956 0.057084 0.047003 0.042753 0.041037 0.040373 0.040126 0.040038 0.040008 0.039998 0.039995 0.039994 0.039994 0.039993 0.039993 0.039993 0.039993 0.039993 0.039993 0.039991 0.039987 0.039978 0.039957 0.039909 0.039810 0.039610 0.039230 0.038543 0.037369 0.035477 0.032607 0.028521 0.023075 0.016300 0.008452 0.000000 
50.000000 40.307745 31.187252 23.109267 16.372191 11.077951 7.154593 4.410111 2.595877 1.461174 0.788839 0.410931 0.209152 0.106667 0.057084 0.034203 0.024117 0.019865 0.018148 0.017484 0.017237 0.017149 0.017119 0.017109 0.017106 0.017105 0.017104 0.017104 0.017104 0.017104 0.017104 0.017104 0.017104 0.017103 0.017101 0.017097 0.017088 0.017067 0.017022 0.016934 0.016767 0.016466 0.015954 0.015133 0.013894 0.012138 0.009809 0.006922 0.003587 0.000000 
50.000000 40.305781 31.183443 23.103824 16.365386 11.070079 7.145931 4.400897 2.586301 1.451371 0.778902 0.400920 0.199100 0.096596 0.047003 0.024117 0.014029 0.009776 0.008059 0.007395 0.007148 0.007060 0.007030 0.007019 0.007016 0.007015 0.007015 0.007015 0.007015 0.007015 0.007015 0.007015 0.007015 0.007014 0.007014 0.007012 0.007008 0.006999 0.006980 0.006943 0.006873 0.006747 0.006533 0.006192 0.005680 0.004958 0.004002 0.002822 0.001461 0.000000 
50.000000 40.304954 31.181836 23.101528 16.362517 11.066759 7.142279 4.397013 2.582263 1.447239 0.774713 0.396699 0.194863 0.092350 0.042753 0.019865 0.009776 0.005523 0.003806 0.003142 0.002895 0.002807 0.002776 0.002766 0.002763 0.002762 0.002762 0.002762 0.002762 0.002762 0.002762 0.002762 0.002762 0.002761 0.002761 0.002760 0.002759 0.002755 0.002748 0.002733 0.002704 0.002654 0.002569 0.002433 0.002230 0.001945 0.001569 0.001105 0.000572 0.000000 
50.000000 40.304619 31.181187 23.100601 16.361358 11.065419 7.140804 4.395445 2.580633 1.445570 0.773022 0.394995 0.193152 0.090636 0.041037 0.018148 0.008059 0.003806 0.002089 0.001425 0.001178 0.001090 0.001059 0.001049 0.001046 0.001045 0.001045 0.001045 0.001045 0.001045 0.001045 0.001045 0.001045 0.001045 0.001044 0.001044 0.001044 0.001042 0.001039 0.001033 0.001022 0.001003 0.000971 0.000919 0.000842 0.000733 0.000591 0.000416 0.000215 0.000000 
50.000000 40.304490 31.180936 23.100242 16.360909 11.064900 7.140233 4.394837 2.580002 1.444924 0.772367 0.394335 0.192490 0.089972 0.040373 0.017484 0.007395 0.003142 0.001425 0.000760 0.000513 0.000425 0.000395 0.000385 0.000381 0.000380 0.000380 0.000380 0.000380 0.000380 0.000380 0.000380 0.000380 0.000380 0.000380 0.000380 0.000380 0.000379 0.000378 0.000376 0.000372 0.000365 0.000353 0.000334 0.000306 0.000266 0.000214 0.000151 0.000078 0.000000 
50.000000 40.304442 31.180843 23.100109 16.360743 11.064707 7.140021 4.394612 2.579767 1.444684 0.772124 0.394090 0.192244 0.089726 0.040126 0.017237 0.007148 0.002895 0.001178 0.000513 0.000266 0.000178 0.000148 0.000138 0.000134 0.000134 0.000133 0.000133 0.000133 0.000133 0.000133 0.000133 0.000133 0.000133 0.000133 0.000133 0.000133 0.000133 0.000132 0.000132 0.000130 0.000128 0.000123 0.000117 0.000107 0.000093 0.000075 0.000053 0.000027 0.000000 
50.000000 40.304424 31.180809 23.100061 16.360683 11.064638 7.139945 4.394531 2.579684 1.444598 0.772037 0.394003 0.192156 0.089638 0.040038 0.017149 0.007060 0.002807 0.001090 0.000425 0.000178 0.000090 0.000060 0.000050 0.000046 0.000045 0.000045 0.000045 0.000045 0.000045 0.000045 0.000045 0.000045 0.000045 0.000045 0.000045 0.000045 0.000045 0.000045 0.000044 0.000044 0.000043 0.000042 0.000039 0.000036 0.000031 0.000025 0.000018 0.000009 0.000000 
50.000000 40.304418 31.180798 23.100045 16.360663 11.064614 7.139919 4.394504 2.579655 1.444569 0.772007 0.393973 0.192126 0.089607 0.040008 0.017119 0.007030 0.002776 0.001059 0.000395 0.000148 0.000060 0.000029 0.000019 0.000016 0.000015 0.000015 0.000015 0.000015 0.000015 0.000015 0.000015 0.000015 0.000015 0.000015 0.000015 0.000015 0.000015 0.000015 0.000014 0.000014 0.000014 0.000014 0.000013 0.000012 0.000010 0.000008 0.000006 0.000003 0.000000 
50.000000 40.304417 31.180794 23.100039 16.360656 11.064606 7.139911 4.394494 2.579646 1.444559 0.771998 0.393963 0.192116 0.089597 0.039998 0.017109 0.007020 0.002766 0.001049 0.000385 0.000138 0.000050 0.000019 0.000009 0.000006 0.000005 0.000005 0.000005 0.000005 0.000005 0.000005 0.000005 0.000005 0.000005 0.000005 0.000005 0.000005 0.000005 0.000005 0.000005 0.000005 0.000005 0.000004 0.000004 0.000004 0.000003 0.000003 0.000002 0.000001 0.000000 
50.000000 40.304416 31.180793 23.100038 16.360654 11.064604 7.139908 4.394492 2.579643 1.444556 0.771995 0.393960 0.192113 0.089595 0.039995 0.017106 0.007017 0.002763 0.001046 0.000382 0.000135 0.000047 0.000016 0.000006 0.000003 0.000002 0.000002 0.000002 0.000002 0.000002 0.000002 0.000002 0.000002 0.000002 0.000002 0.000002 0.000002 0.000002 0.000002 0.000002 0.000002 0.000002 0.000002 0.000002 0.000001 0.000001 0.000001 0.000001 0.000000 0.000000 
50.000000 40.304416 31.180793 23.100038 16.360654 11.064604 7.139908 4.394492 2.579643 1.444556 0.771995 0.393960 0.192113 0.089595 0.039995 0.017106 0.007017 0.002763 0.001046 0.000382 0.000135 0.000047 0.000016 0.000006 0.000003 0.000002 0.000002 0.000002 0.000002 0.000002 0.000002 0.000002 0.000002 0.000002 0.000002 0.000002 0.000002 0.000002 0.000002 0.000002 0.000002 0.000002 0.000002 0.000002 0.000001 0.000001 0.000001 0.000001 0.000000 0.000000 
50.000000 40.304417 31.180794 23.100039 16.360656 11.064606 7.139911 4.394494 2.579646 1.444559 0.771998 0.393963 0.192116 0.089597 0.039998 0.017109 0.007020 0.002766 0.001049 0.000385 0.000138 0.000050 0.000019 0.000009 0.000006 0.000005 0.000005 0.000005 0.000005 0.000005 0.000005 0.000005 0.000005 0.000005 0.000005 0.000005 0.000005 0.000005 0.000005 0.000005 0.000005 0.000005 0.000004 0.000004 0.000004 0.000003 0.000003 0.000002 0.000001 0.000000 
50.000000 40.304418 31.180798 23.100045 16.360663 11.064614 7.139919 4.394504 2.579655 1.444569 0.772007 0.393973 0.192126 0.089607 0.040008 0.017119 0.007030 0.002776 0.001059 0.000395 0.000148 0.000060 0.000029 0.000019 0.000016 0.000015 0.000015 0.000015 0.000015 0.000015 0.000015 0.000015 0.000015 0.000015 0.000015 0.000015 0.000015 0.000015 0.000015 0.000014 0.000014 0.000014 0.000014 0.000013 0.000012 0.000010 0.000008 0.000006 0.000003 0.000000 
50.000000 40.304424 31.180809 23.100061 16.360683 11.064638 7.139945 4.394531 2.579684 1.444598 0.772037 0.394003 0.192156 0.089638 0.040038 0.017149 0.007060 0.002807 0.001090 0.000425 0.000178 0.000090 0.000060 0.000050 0.000046 0.000045 0.000045 0.000045 0.000045 0.000045 0.000045 0.000045 0.000045 0.000045 0.000045 0.000045 0.000045 0.000045 0.000045 0.000044 0.000044 0.000043 0.000042 0.000039 0.000036 0.000031 0.000025 0.000018 0.000009 0.000000 
50.000000 40.304442 31.180843 23.100109 16.360743 11.064707 7.140021 4.394612 2.579767 1.444684 0.772124 0.394090 0.192244 0.089726 0.040126 0.017237 0.007148 0.002895 0.001178 0.000513 0.000266 0.000178 0.000148 0.000138 0.000134 0.000134 0.000133 0.000133 0.000133 0.000133 0.000133 0.000133 0.000133 0.000133 0.000133 0.000133 0.000133 0.000133 0.000132 0.000132 0.000130 0.000128 0.000123 0.000117 0.000107 0.000093 0.000075 0.000053 0.000027 0.000000 
50.000000 40.304490 31.180936 23.100242 16.360909 11.064900 7.140233 4.394837 2.580002 1.444924 0.772367 0.394335 0.192490 0.089972 0.040373 0.017484 0.007395 0.003142 0.001425 0.000760 0.000513 0.000425 0.000395 0.000385 0.000381 0.000380 0.000380 0.000380 0.000380 0.000380 0.000380 0.000380 0.000380 0.000380 0.000380 0.000380 0.000380 0.000379 0.000378 0.000376 0.000372 0.000365 0.000353 0.000334 0.000306 0.000266 0.000214 0.000151 0.000078 0.000000 
50.000000 40.304619 31.181187 23.100601 16.361358 11.065419 7.140804 4.395445 2.580633 1.445570 0.773022 0.394995 0.193152 0.090636 0.041037 0.018148 0.008059 0.003806 0.002089 0.001425 0.001178 0.001090 0.001059 0.001049 0.001046 0.001045 0.001045 0.001045 0.001045 0.001045 0.001045 0.001045 0.001045 0.001045 0.001044 0.001044 0.001044 0.001042 0.001039 0.001033 0.001022 0.001003 0.000971 0.000919 0.000842 0.000733 0.000591 0.000416 0.000215 0.000000 
50.000000 40.304954 31.181836 23.101528 16.362517 11.066759 7.142279 4.397013 2.582263 1.447239 0.774713 0.396699 0.194863 0.092350 0.042753 0.019865 0.009776 0.005523 0.003806 0.003142 0.002895 0.002807 0.002776 0.002766 0.002763 0.002762 0.002762 0.002762 0.002762 0.002762 0.002762 0.002762 0.002762 0.002761 0.002761 0.002760 0.002759 0.002755 0.002748 0.002733 0.002704 0.002654 0.002569 0.002433 0.002230 0.001945 0.001569 0.001105 0.000572 0.000000 
50.000000 40.305781 31.183443 23.103824 16.365386 11.070079 7.145931 4.400897 2.586301 1.451371 0.778902 0.400920 0.199100 0.096596 0.047003 0.024117 0.014029 0.009776 0.008059 0.007395 0.007148 0.007060 0.007030 0.007019 0.007016 0.007015 0.007015 0.007015 0.007015 0.007015 0.007015 0.007015 0.007015 0.007014 0.007014 0.007012 0.007008 0.006999 0.006980 0.006943 0.006873 0.006747 0.006533 0.006192 0.005680 0.004958 0.004002 0.002822 0.001461 0.000000 
50.000000 40.307745 31.187252 23.109267 16.372191 11.077951 7.154593 4.410111 2.595877 1.461174 0.788839 0.410931 0.209152 0.106667 0.057084 0.034203 0.024117 0.019865 0.018148 0.017484 0.017237 0.017149 0.017119 0.017109 0.017106 0.017105 0.017104 0.017104 0.017104 0.017104 0.017104 0.017104 0.017104 0.017103 0.017101 0.017097 0.017088 0.017067 0.017022 0.016934 0.016767 0.016466 0.015954 0.015133 0.013894 0.012138 0.009809 0.006922 0.003587 0.000000 
50.000000 40.312196 31.195892 23.121613 16.387624 11.095807 7.174241 4.431010 2.617601 1.483413 0.811382 0.433644 0.231956 0.129517 0.079956 0.057084 0.047003 0.042753 0.041037 0.040373 0.040126 0.040038 0.040008 0.039998 0.039995 0.039994 0.039994 0.039993 0.039993 0.039993 0.039993 0.039993 0.039993 0.039991 0.039987 0.039978 0.039957 0.039909 0.039810 0.039610 0.039230 0.038543 0.037369 0.035477 0.032607 0.028521 0.023075 0.016300 0.008452 0.000000 
50.000000 40.321839 31.214606 23.148356 16.421057 11.134490 7.216809 4.476290 2.664671 1.531599 0.860228 0.482860 0.281369 0.179029 0.129517 0.106667 0.096596 0.092350 0.090636 0.089972 0.089726 0.089638 0.089607 0.089597 0.089594 0.089593 0.089593 0.089593 0.089593 0.089593 0.089592 0.089592 0.089591 0.089588 0.089580 0.089560 0.089515 0.089414 0.089201 0.088771 0.087948 0.086453 0.083885 0.079720 0.073364 0.064263 0.052068 0.036827 0.019112 0.000000 
50.000000 40.341763 31.253273 23.203615 16.490142 11.214428 7.304780 4.569870 2.761953 1.631192 0.961187 0.584585 0.383501 0.281369 0.231956 0.209152 0.199100 0.194863 0.193152 0.192490 0.192244 0.192156 0.192126 0.192116 0.192113 0.192112 0.192112 0.192111 0.192111 0.192111 0.192111 0.192110 0.192108 0.192101 0.192085 0.192046 0.191955 0.191751 0.191317 0.190437 0.188744 0.185649 0.180296 0.171556 0.158123 0.138750 0.112621 0.079782 0.041449 0.000000 
50.000000 40.380977 31.329378 23.312380 16.626126 11.371783 7.477954 4.754096 2.953473 1.827266 1.159955 0.784864 0.584585 0.482860 0.433644 0.410931 0.400920 0.396699 0.394995 0.394335 0.394090 0.394003 0.393973 0.393963 0.393960 0.393959 0.393958 0.393958 0.393958 0.393958 0.393957 0.393956 0.393951 0.393939 0.393909 0.393834 0.393660 0.393268 0.392432 0.390727 0.387422 0.381340 0.370740 0.353289 0.326239 0.286892 0.233392 0.165671 0.086191 0.000000 
50.000000 40.454395 31.471871 23.516027 16.880748 11.666433 7.802238 5.099089 3.312137 2.194470 1.532210 1.159955 0.961187 0.860228 0.811382 0.788839 0.778902 0.774713 0.773022 0.772367 0.772124 0.772037 0.772007 0.771997 0.771994 0.771993 0.771993 0.771993 0.771993 0.771992 0.771991 0.771989 0.771981 0.771959 0.771905 0.771771 0.771457 0.770749 0.769227 0.766105 0.760008 0.748695 0.728800 0.695732 0.643945 0.567824 0.463265 0.329704 0.171850 0.000000 
50.000000 40.584973 31.725305 23.878241 17.333643 12.190546 8.379090 5.712799 3.950190 2.847730 2.194470 1.827266 1.631192 1.531599 1.483413 1.461174 1.451371 1.447239 1.445570 1.444924 1.444684 1.444598 1.444569 1.444559 1.444556 1.444555 1.444555 1.444555 1.444554 1.444554 1.444552 1.444547 1.444534 1.444499 1.444408 1.444183 1.443652 1.442448 1.439844 1.434462 1.423865 1.404019 1.368753 1.309460 1.215449 1.075468 0.880705 0.628973 0.328663 0.000000 
50.000000 40.805287 32.152911 24.489403 18.097838 13.074944 9.352515 6.748460 5.026960 3.950190 3.312137 2.953473 2.761953 2.664671 2.617601 2.595877 2.586301 2.582263 2.580633 2.580002 2.579767 2.579684 2.579655 2.579645 2.579642 2.579641 2.579641 2.579641 2.579641 2.579640 2.579637 2.579630 2.579609 2.579554 2.579411 2.579058 2.578218 2.576304 2.572133 2.563443 2.546171 2.513480 2.454685 2.354479 2.193208 1.949195 1.604064 1.150990 0.603567 0.000000 
50.000000 41.157447 32.836428 25.466352 19.319449 14.488755 10.908701 8.404192 6.748460 5.712799 5.099089 4.754096 4.569870 4.476290 4.431010 4.410111 4.400897 4.397013 4.395445 4.394837 4.394612 4.394531 4.394503 4.394494 4.394491 4.394490 4.394490 4.394490 4.394490 4.394488 4.394485 4.394474 4.394444 4.394364 4.394157 4.393640 4.392406 4.389575 4.383356 4.370288 4.344046 4.293776 4.202096 4.043325 3.783123 3.381454 2.801151 2.023269 1.066461 0.000000 
50.000000 41.690053 33.870193 26.943941 21.167128 16.627202 13.262567 10.908701 9.352515 8.379090 7.802238 7.477954 7.304780 7.216809 7.174241 7.154593 7.145931 7.142279 7.140804 7.140233 7.140021 7.139945 7.139919 7.139910 7.139908 7.139907 7.139907 7.139906 7.139906 7.139904 7.139899 7.139885 7.139846 7.139739 7.139460 7.138764 7.137089 7.133224 7.124665 7.106507 7.069630 6.998036 6.865375 6.631283 6.239139 5.618418 4.696459 3.424720 1.819455 0.000000 
50.000000 42.451281 35.347721 29.055855 23.808076 19.683834 16.627202 14.488755 13.074944 12.190546 11.666433 11.371783 11.214428 11.134490 11.095807 11.077951 11.070079 11.066759 11.065419 11.064900 11.064707 11.064638 11.064614 11.064606 11.064604 11.064603 11.064603 11.064602 11.064602 11.064600 11.064594 11.064577 11.064529 11.064398 11.064057 11.063199 11.061126 11.056305 11.045545 11.022488 10.975097 10.881736 10.705632 10.388063 9.841917 8.949887 7.575871 5.603460 3.015261 0.000000 
50.000000 43.478316 37.341196 31.905288 27.371363 23.808076 21.167128 19.319449 18.097838 17.333643 16.880748 16.626126 16.490142 16.421057 16.387624 16.372191 16.365386 16.362517 16.361358 16.360909 16.360743 16.360683 16.360663 16.360656 16.360654 16.360653 16.360653 16.360652 16.360652 16.360650 16.360643 16.360625 16.360572 16.360429 16.360053 16.359103 16.356794 16.351392 16.339235 16.312924 16.258175 16.148643 15.937994 15.548711 14.858189 13.685682 11.791196 8.913935 4.903935 0.000000 
50.000000 44.785064 39.877616 35.530843 31.905288 29.055855 26.943941 25.466352 24.489403 23.878241 23.516027 23.312380 23.203615 23.148356 23.121613 23.109267 23.103824 23.101528 23.100601 23.100242 23.100109 23.100061 23.100045 23.100039 23.100038 23.100037 23.100037 23.100037 23.100036 23.100034 23.100028 23.100010 23.099959 23.099821 23.099458 23.098538 23.096288 23.090994 23.078988 23.052763 22.997536 22.885339 22.665200 22.247482 21.479984 20.114091 17.765422 13.900092 7.966259 0.000000 
50.000000 46.351732 42.918564 39.877616 37.341196 35.347721 33.870193 32.836428 32.152911 31.725305 31.471871 31.329378 31.253273 31.214606 31.195892 31.187252 31.183443 31.181836 31.181187 31.180936 31.180843 31.180809 31.180798 31.180794 31.180793 31.180793 31.180792 31.180792 31.180792 31.180790 31.180785 31.180771 31.180731 31.180621 31.180330 31.179591 31.177778 31.173491 31.163708 31.142167 31.096332 31.001921 30.813159 30.445473 29.744261 28.427261 25.977523 21.459282 13.320928 0.000000 
50.000000 48.120459 46.351732 44.785064 43.478316 42.451281 41.690053 41.157447 40.805287 40.584973 40.454395 40.380977 40.341763 40.321839 40.312196 40.307745 40.305781 40.304954 40.304619 40.304490 40.304442 40.304424 40.304418 40.304417 40.304416 40.304416 40.304416 40.304415 40.304415 40.304414 40.304412 40.304404 40.304381 40.304320 40.304158 40.303744 40.302727 40.300314 40.294786 40.282545 40.256310 40.201720 40.090986 39.870598 39.436020 38.574380 36.818805 33.030804 24.060230 0.000000 
50.000000 50.000000 50.000000 50.000000 50.000000 50.000000 50.000000 50.000000 50.000000 50.000000 50.000000 50.000000 50.000000 50.000000 50.000000 50.000000 50.000000 50.000000 50.000000 50.000000 50.000000 50.000000 50.000000 50.000000 50.000000 50.000000 50.000000 50.000000 50.000000 50.000000 50.000000 50.000000 50.000000 50.000000 50.000000 50.000000 50.000000 50.000000 50.000000 50.000000 50.000000 50.000000 50.000000 50.000000 50.000000 50.000000 50.000000 50.000000 50.000000 50.000000 
