50.000000 50.000000 50.000000 50.000000 50.000000 50.000000 50.000000 50.000000 50.000000 50.000000 50.000000 50.000000 50.000000 50.000000 50.000000 50.000000 50.000000 50.000000 50.000000 50.000000 50.000000 50.000000 50.000000 50.000000 50.000000 50.000000 50.000000 50.000000 50.000000 50.000000 50.000000 50.000000 50.000000 50.000000 50.000000 50.000000 50.000000 50.000000 50.000000 50.000000 50.000000 50.000000 50.000000 50.000000 50.000000 50.000000 50.000000 50.000000 50.000000 50.000000 
50.000000 47.329170 44.881904 42.825776 41.239689 40.114257 39.378019 38.932830 38.683312 38.553317 38.490182 38.461517 38.449315 38.444434 38.442594 38.441938 38.441717 38.441647 38.441625 38.441619 38.441617 38.441617 38.441617 38.441617 38.441617 38.441617 38.441617 38.441617 38.441617 38.441617 38.441616 38.441616 38.441615 38.441611 38.441597 38.441549 38.441399 38.440947 38.439642 38.436050 38.426606 38.402850 38.345527 38.212181 37.910706 37.239573 35.738610 32.267719 23.664585 0.000000 
50.000000 44.881904 40.192250 36.252180 33.212888 31.056364 29.645645 28.792639 28.314570 28.065514 27.944559 27.889644 27.866271 27.856920 27.853395 27.852140 27.851717 27.851582 27.851541 27.851529 27.851525 27.851525 27.851524 27.851524 27.851524 27.851524 27.851524 27.851524 27.851524 27.851524 27.851524 27.851524 27.851522 27.851515 27.851490 27.851409 27.851154 27.850386 27.848181 27.842148 27.826403 27.787213 27.694056 27.482098 27.018920 26.042485 24.047777 20.096125 12.614184 0.000000 
50.000000 42.825776 36.252180 30.729398 26.469354 23.446760 21.469577 20.274115 19.604154 19.255152 19.085670 19.008728 18.975982 18.962883 18.957946 18.956188 18.955595 18.955406 18.955348 18.955331 18.955327 18.955326 18.955325 18.955325 18.955325 18.955325 18.955325 18.955325 18.955325 18.955325 18.955325 18.955324 18.955322 18.955314 18.955285 18.955192 18.954898 18.954018 18.951507 18.944690 18.927085 18.883870 18.783052 18.559539 18.088679 17.146940 15.364699 12.204403 7.087166 0.000000 
50.000000 41.239689 33.212888 26.469354 21.267848 17.577426 15.163523 13.704096 12.886260 12.460257 12.253400 12.159498 12.119538 12.103555 12.097531 12.095386 12.094663 12.094432 12.094362 12.094342 12.094336 12.094335 12.094334 12.094334 12.094334 12.094334 12.094334 12.094334 12.094334 12.094334 12.094334 12.094333 12.094331 12.094323 12.094297 12.094209 12.093937 12.093125 12.090825 12.084639 12.068846 12.030650 11.943249 11.754342 11.369588 10.633924 9.322414 7.170403 4.000116 0.000000 
50.000000 40.114257 31.056364 23.446760 17.577426 13.413373 10.689814 9.043274 8.120650 7.640100 7.406775 7.300868 7.255804 7.237781 7.230988 7.228570 7.227756 7.227495 7.227416 7.227393 7.227387 7.227385 7.227384 7.227384 7.227384 7.227384 7.227384 7.227384 7.227384 7.227384 7.227384 7.227384 7.227382 7.227376 7.227354 7.227285 7.227069 7.226429 7.224631 7.219839 7.207746 7.178921 7.114149 6.977338 6.706686 6.207838 5.358081 4.037444 2.203551 0.000000 
50.000000 39.378019 29.645645 21.469577 15.163523 10.689814 7.763863 5.995067 5.004000 4.487838 4.237241 4.123503 4.075111 4.055758 4.048466 4.045870 4.044995 4.044716 4.044631 4.044606 4.044599 4.044597 4.044597 4.044597 4.044597 4.044597 4.044597 4.044597 4.044597 4.044597 4.044597 4.044596 4.044595 4.044591 4.044576 4.044527 4.044376 4.043933 4.042696 4.039429 4.031276 4.012098 3.969703 3.881931 3.712476 3.409181 2.910038 2.163548 1.165838 0.000000 
50.000000 38.932830 28.792639 20.274115 13.704096 9.043274 5.995067 4.152450 3.120073 2.582427 2.321415 2.202957 2.152561 2.132408 2.124815 2.122112 2.121201 2.120910 2.120822 2.120796 2.120789 2.120787 2.120787 2.120787 2.120786 2.120786 2.120786 2.120786 2.120786 2.120786 2.120786 2.120786 2.120785 2.120783 2.120773 2.120743 2.120649 2.120373 2.119611 2.117614 2.112680 2.101213 2.076225 2.025364 1.929125 1.760847 1.491063 1.098584 0.587303 0.000000 
50.000000 38.683312 28.314570 19.604154 12.886260 8.120650 5.004000 3.120073 2.064591 1.514935 1.248104 1.127012 1.075496 1.054898 1.047137 1.044374 1.043444 1.043146 1.043056 1.043030 1.043022 1.043020 1.043020 1.043020 1.043020 1.043020 1.043020 1.043020 1.043020 1.043020 1.043020 1.043020 1.043019 1.043018 1.043012 1.042995 1.042942 1.042787 1.042360 1.041252 1.038538 1.032295 1.018860 0.991902 0.941729 0.855610 0.720285 0.527357 0.280462 0.000000 
50.000000 38.553317 28.065514 19.255152 12.460257 7.640100 4.487838 2.582427 1.514935 0.959039 0.689188 0.566728 0.514633 0.493803 0.485955 0.483162 0.482221 0.481920 0.481829 0.481803 0.481795 0.481793 0.481793 0.481793 0.481793 0.481793 0.481793 0.481793 0.481793 0.481793 0.481793 0.481793 0.481792 0.481792 0.481789 0.481780 0.481752 0.481672 0.481454 0.480890 0.479520 0.476397 0.469746 0.456562 0.432354 0.391412 0.328067 0.239111 0.126712 0.000000 
50.000000 38.490182 27.944559 19.085670 12.253400 7.406775 4.237241 2.321415 1.248104 0.689188 0.417874 0.294754 0.242379 0.221437 0.213547 0.210740 0.209794 0.209491 0.209399 0.209373 0.209365 0.209363 0.209363 0.209363 0.209363 0.209363 0.209363 0.209363 0.209363 0.209363 0.209363 0.209363 0.209363 0.209362 0.209361 0.209357 0.209343 0.209305 0.209202 0.208937 0.208298 0.206852 0.203800 0.197812 0.186936 0.168761 0.140980 0.102412 0.054132 0.000000 
50.000000 38.461517 27.889644 19.008728 12.159498 7.300868 4.123503 2.202957 1.127012 0.566728 0.294754 0.171335 0.118833 0.097841 0.089932 0.087118 0.086170 0.085867 0.085775 0.085748 0.085741 0.085739 0.085738 0.085738 0.085738 0.085738 0.085738 0.085738 0.085738 0.085738 0.085738 0.085738 0.085738 0.085738 0.085737 0.085735 0.085729 0.085713 0.085667 0.085552 0.085274 0.084651 0.083346 0.080806 0.076237 0.068672 0.057221 0.041462 0.021875 0.000000 
50.000000 38.449315 27.866271 18.975982 12.119538 7.255804 4.075111 2.152561 1.075496 0.514633 0.242379 0.118833 0.066278 0.045265 0.037348 0.034531 0.033582 0.033278 0.033186 0.033159 0.033152 0.033150 0.033150 0.033149 0.033149 0.033149 0.033149 0.033149 0.033149 0.033149 0.033149 0.033149 0.033149 0.033149 0.033149 0.033148 0.033146 0.033139 0.033120 0.033073 0.032961 0.032710 0.032187 0.031178 0.029375 0.026413 0.021964 0.015885 0.008368 0.000000 
50.000000 38.444434 27.856920 18.962883 12.103555 7.237781 4.055758 2.132408 1.054898 0.493803 0.221437 0.097841 0.045265 0.024243 0.016324 0.013505 0.012556 0.012252 0.012160 0.012133 0.012126 0.012124 0.012123 0.012123 0.012123 0.012123 0.012123 0.012123 0.012123 0.012123 0.012123 0.012123 0.012123 0.012123 0.012123 0.012123 0.012122 0.012119 0.012112 0.012094 0.012051 0.011956 0.011760 0.011382 0.010712 0.009618 0.007985 0.005766 0.003035 0.000000 
50.000000 38.442594 27.853395 18.957946 12.097531 7.230988 4.048466 2.124815 1.047137 0.485955 0.213547 0.089932 0.037348 0.016324 0.008402 0.005584 0.004634 0.004330 0.004238 0.004211 0.004204 0.004202 0.004202 0.004201 0.004201 0.004201 0.004201 0.004201 0.004201 0.004201 0.004201 0.004201 0.004201 0.004201 0.004201 0.004201 0.004201 0.004200 0.004197 0.004191 0.004176 0.004142 0.004072 0.003939 0.003703 0.003321 0.002754 0.001986 0.001044 0.000000 
50.000000 38.441938 27.852140 18.956188 12.095386 7.228570 4.045870 2.122112 1.044374 0.483162 0.210740 0.087118 0.034531 0.013505 0.005584 0.002764 0.001815 0.001511 0.001419 0.001392 0.001385 0.001383 0.001382 0.001382 0.001382 0.001382 0.001382 0.001382 0.001382 0.001382 0.001382 0.001382 0.001382 0.001382 0.001382 0.001382 0.001382 0.001382 0.001381 0.001379 0.001374 0.001362 0.001339 0.001294 0.001216 0.001090 0.000902 0.000650 0.000342 0.000000 
50.000000 38.441717 27.851717 18.955595 12.094663 7.227756 4.044995 2.121201 1.043444 0.482221 0.209794 0.086170 0.033582 0.012556 0.004634 0.001815 0.000865 0.000561 0.000469 0.000442 0.000435 0.000433 0.000433 0.000433 0.000433 0.000432 0.000432 0.000432 0.000432 0.000432 0.000432 0.000432 0.000432 0.000432 0.000432 0.000432 0.000432 0.000432 0.000432 0.000431 0.000430 0.000426 0.000419 0.000405 0.000380 0.000340 0.000281 0.000203 0.000106 0.000000 
50.000000 38.441647 27.851582 18.955406 12.094432 7.227495 4.044716 2.120910 1.043146 0.481920 0.209491 0.085867 0.033278 0.012252 0.004330 0.001511 0.000561 0.000258 0.000166 0.000139 0.000132 0.000130 0.000129 0.000129 0.000129 0.000129 0.000129 0.000129 0.000129 0.000129 0.000129 0.000129 0.000129 0.000129 0.000129 0.000129 0.000129 0.000129 0.000129 0.000129 0.000128 0.000127 0.000125 0.000120 0.000113 0.000101 0.000084 0.000060 0.000032 0.000000 
50.000000 38.441625 27.851541 18.955348 12.094362 7.227416 4.044631 2.120822 1.043056 0.481829 0.209399 0.085775 0.033186 0.012160 0.004238 0.001419 0.000469 0.000166 0.000073 0.000047 0.000039 0.000037 0.000037 0.000037 0.000037 0.000037 0.000037 0.000037 0.000037 0.000037 0.000037 0.000037 0.000037 0.000037 0.000037 0.000037 0.000037 0.000037 0.000037 0.000037 0.000036 0.000036 0.000035 0.000034 0.000032 0.000029 0.000024 0.000017 0.000009 0.000000 
50.000000 38.441619 27.851529 18.955331 12.094342 7.227393 4.044606 2.120796 1.043030 0.481803 0.209373 0.085748 0.033159 0.012133 0.004211 0.001392 0.000442 0.000139 0.000047 0.000020 0.000013 0.000011 0.000010 0.000010 0.000010 0.000010 0.000010 0.000010 0.000010 0.000010 0.000010 0.000010 0.000010 0.000010 0.000010 0.000010 0.000010 0.000010 0.000010 0.000010 0.000010 0.000010 0.000010 0.000009 0.000009 0.000008 0.000006 0.000005 0.000002 0.000000 
50.000000 38.441617 27.851525 18.955327 12.094336 7.227387 4.044599 2.120789 1.043022 0.481795 0.209365 0.085741 0.033152 0.012126 0.004204 0.001385 0.000435 0.000132 0.000039 0.000013 0.000005 0.000003 0.000003 0.000003 0.000003 0.000003 0.000003 0.000003 0.000003 0.000003 0.000003 0.000003 0.000003 0.000003 0.000003 0.000003 0.000003 0.000003 0.000003 0.000003 0.000003 0.000003 0.000003 0.000002 0.000002 0.000002 0.000002 0.000001 0.000001 0.000000 
50.000000 38.441617 27.851525 18.955326 12.094335 7.227385 4.044597 2.120787 1.043020 0.481793 0.209363 0.085739 0.033150 0.012124 0.004202 0.001383 0.000433 0.000130 0.000037 0.000011 0.000003 0.000001 0.000001 0.000001 0.000001 0.000001 0.000001 0.000001 0.000001 0.000001 0.000001 0.000001 0.000001 0.000001 0.000001 0.000001 0.000001 0.000001 0.000001 0.000001 0.000001 0.000001 0.000001 0.000001 0.000001 0.000001 0.000000 0.000000 0.000000 0.000000 
50.000000 38.441617 27.851524 18.955325 12.094334 7.227384 4.044597 2.120787 1.043020 0.481793 0.209363 0.085738 0.033150 0.012123 0.004202 0.001382 0.000433 0.000129 0.000037 0.000010 0.000003 0.000001 0.000000 0.000000 0.000000 0.000000 0.000000 0.000000 0.000000 0.000000 0.000000 0.000000 0.000000 0.000000 0.000000 0.000000 0.000000 0.000000 0.000000 0.000000 0.000000 0.000000 0.000000 0.000000 0.000000 0.000000 0.000000 0.000000 0.000000 0.000000 
50.000000 38.441617 27.851524 18.955325 12.094334 7.227384 4.044597 2.120787 1.043020 0.481793 0.209363 0.085738 0.033149 0.012123 0.004201 0.001382 0.000433 0.000129 0.000037 0.000010 0.000003 0.000001 0.000000 0.000000 0.000000 0.000000 0.000000 0.000000 0.000000 0.000000 0.000000 0.000000 0.000000 0.000000 0.000000 0.000000 0.000000 0.000000 0.000000 0.000000 0.000000 0.000000 0.000000 0.000000 0.000000 0.000000 0.000000 0.000000 0.000000 0.000000 
50.000000 38.441617 27.851524 18.955325 12.094334 7.227384 4.044597 2.120786 1.043020 0.481793 0.209363 0.085738 0.033149 0.012123 0.004201 0.001382 0.000433 0.000129 0.000037 0.000010 0.000003 0.000001 0.000000 0.000000 0.000000 0.000000 0.000000 0.000000 0.000000 0.000000 0.000000 0.000000 0.000000 0.000000 0.000000 0.000000 0.000000 0.000000 0.000000 0.000000 0.000000 0.000000 0.000000 0.000000 0.000000 0.000000 0.000000 0.000000 0.000000 0.000000 
50.000000 38.441617 27.851524 18.955325 12.094334 7.227384 4.044597 2.120786 1.043020 0.481793 0.209363 0.085738 0.033149 0.012123 0.004201 0.001382 0.000433 0.000129 0.000037 0.000010 0.000003 0.000001 0.000000 0.000000 0.000000 0.000000 0.000000 0.000000 0.000000 0.000000 0.000000 0.000000 0.000000 0.000000 0.000000 0.000000 0.000000 0.000000 0.000000 0.000000 0.000000 0.000000 0.000000 0.000000 0.000000 0.000000 0.000000 0.000000 0.000000 0.000000 
50.000000 38.441617 27.851524 18.955325 12.094334 7.227384 4.044597 2.120787 1.043020 0.481793 0.209363 0.085738 0.033149 0.012123 0.004201 0.001382 0.000433 0.000129 0.000037 0.000010 0.000003 0.000001 0.000000 0.000000 0.000000 0.000000 0.000000 0.000000 0.000000 0.000000 0.000000 0.000000 0.000000 0.000000 0.000000 0.000000 0.000000 0.000000 0.000000 0.000000 0.000000 0.000000 0.000000 0.000000 0.000000 0.000000 0.000000 0.000000 0.000000 0.000000 
50.000000 38.441617 27.851524 18.955325 12.094334 7.227384 4.044597 2.120787 1.043020 0.481793 0.209363 0.085738 0.033150 0.012123 0.004202 0.001382 0.000433 0.000129 0.000037 0.000010 0.000003 0.000001 0.000000 0.000000 0.000000 0.000000 0.000000 0.000000 0.000000 0.000000 0.000000 0.000000 0.000000 0.000000 0.000000 0.000000 0.000000 0.000000 0.000000 0.000000 0.000000 0.000000 0.000000 0.000000 0.000000 0.000000 0.000000 0.000000 0.000000 0.000000 
50.000000 38.441617 27.851525 18.955326 12.094335 7.227385 4.044597 2.120787 1.043020 0.481793 0.209363 0.085739 0.033150 0.012124 0.004202 0.001383 0.000433 0.000130 0.000037 0.000011 0.000003 0.000001 0.000001 0.000001 0.000001 0.000001 0.000001 0.000001 0.000001 0.000001 0.000001 0.000001 0.000001 0.000001 0.000001 0.000001 0.000001 0.000001 0.000001 0.000001 0.000001 0.000001 0.000001 0.000001 0.000001 0.000001 0.000000 0.000000 0.000000 0.000000 
50.000000 38.441617 27.851525 18.955327 12.094336 7.227387 4.044599 2.120789 1.043022 0.481795 0.209365 0.085741 0.033152 0.012126 0.004204 0.001385 0.000435 0.000132 0.000039 0.000013 0.000005 0.000003 0.000003 0.000003 0.000003 0.000003 0.000003 0.000003 0.000003 0.000003 0.000003 0.000003 0.000003 0.000003 0.000003 0.000003 0.000003 0.000003 0.000003 0.000003 0.000003 0.000003 0.000003 0.000002 0.000002 0.000002 0.000002 0.000001 0.000001 0.000000 
50.000000 38.441619 27.851529 18.955331 12.094342 7.227393 4.044606 2.120796 1.043030 0.481803 0.209373 0.085748 0.033159 0.012133 0.004211 0.001392 0.000442 0.000139 0.000047 0.000020 0.000013 0.000011 0.000010 0.000010 0.000010 0.000010 0.000010 0.000010 0.000010 0.000010 0.000010 0.000010 0.000010 0.000010 0.000010 0.000010 0.000010 0.000010 0.000010 0.000010 0.000010 0.000010 0.000010 0.000009 0.000009 0.000008 0.000006 0.000005 0.000002 0.000000 
50.000000 38.441625 27.851541 18.955348 12.094362 7.227416 4.044631 2.120822 1.043056 0.481829 0.209399 0.085775 0.033186 0.012160 0.004238 0.001419 0.000469 0.000166 0.000073 0.000047 0.000039 0.000037 0.000037 0.000037 0.000037 0.000037 0.000037 0.000037 0.000037 0.000037 0.000037 0.000037 0.000037 0.000037 0.000037 0.000037 0.000037 0.000037 0.000037 0.000037 0.000036 0.000036 0.000035 0.000034 0.000032 0.000029 0.000024 0.000017 0.000009 0.000000 
50.000000 38.441647 27.851582 18.955406 12.094432 7.227495 4.044716 2.120910 1.043146 0.481920 0.209491 0.085867 0.033278 0.012252 0.004330 0.001511 0.000561 0.000258 0.000166 0.000139 0.000132 0.000130 0.000129 0.000129 0.000129 0.000129 0.000129 0.000129 0.000129 0.000129 0.000129 0.000129 0.000129 0.000129 0.000129 0.000129 0.000129 0.000129 0.000129 0.000129 0.000128 0.000127 0.000125 0.000120 0.000113 0.000101 0.000084 0.000060 0.000032 0.000000 
50.000000 38.441717 27.851717 18.955595 12.094663 7.227756 4.044995 2.121201 1.043444 0.482221 0.209794 0.086170 0.033582 0.012556 0.004634 0.001815 0.000865 0.000561 0.000469 0.000442 0.000435 0.000433 0.000433 0.000433 0.000433 0.000432 0.000432 0.000432 0.000432 0.000432 0.000432 0.000432 0.000432 0.000432 0.000432 0.000432 0.000432 0.000432 0.000432 0.000431 0.000430 0.000426 0.000419 0.000405 0.000380 0.000340 0.000281 0.000203 0.000106 0.000000 
50.000000 38.441938 27.852140 18.956188 12.095386 7.228570 4.045870 2.122112 1.044374 0.483162 0.210740 0.087118 0.034531 0.013505 0.005584 0.002764 0.001815 0.001511 0.001419 0.001392 0.001385 0.001383 0.001382 0.001382 0.001382 0.001382 0.001382 0.001382 0.001382 0.001382 0.001382 0.001382 0.001382 0.001382 0.001382 0.001382 0.001382 0.001382 0.001381 0.001379 0.001374 0.001362 0.001339 0.001294 0.001216 0.001090 0.000902 0.000650 0.000342 0.000000 
50.000000 38.442594 27.853395 18.957946 12.097531 7.230988 4.048466 2.124815 1.047137 0.485955 0.213547 0.089932 0.037348 0.016324 0.008402 0.005584 0.004634 0.004330 0.004238 0.004211 0.004204 0.004202 0.004202 0.004201 0.004201 0.004201 0.004201 0.004201 0.004201 0.004201 0.004201 0.004201 0.004201 0.004201 0.004201 0.004201 0.004201 0.004200 0.004197 0.004191 0.004176 0.004142 0.004072 0.003939 0.003703 0.003321 0.002754 0.001986 0.001044 0.000000 
50.000000 38.444434 27.856920 18.962883 12.103555 7.237781 4.055758 2.132408 1.054898 0.493803 0.221437 0.097841 0.045265 0.024243 0.016324 0.013505 0.012556 0.012252 0.012160 0.012133 0.012126 0.012124 0.012123 0.012123 0.012123 0.012123 0.012123 0.012123 0.012123 0.012123 0.012123 0.012123 0.012123 0.012123 0.012123 0.012123 0.012122 0.012119 0.012112 0.012094 0.012051 0.011956 0.011760 0.011382 0.010712 0.009618 0.007985 0.005766 0.003035 0.000000 
50.000000 38.449315 27.866271 18.975982 12.119538 7.255804 4.075111 2.152561 1.075496 0.514633 0.242379 0.118833 0.066278 0.045265 0.037348 0.034531 0.033582 0.033278 0.033186 0.033159 0.033152 0.033150 0.033150 0.033149 0.033149 0.033149 0.033149 0.033149 0.033149 0.033149 0.033149 0.033149 0.033149 0.033149 0.033149 0.033148 0.033146 0.033139 0.033120 0.033073 0.032961 0.032710 0.032187 0.031178 0.029375 0.026413 0.021964 0.015885 0.008368 0.000000 
50.000000 38.461517 27.889644 19.008728 12.159498 7.300868 4.123503 2.202957 1.127012 0.566728 0.294754 0.171335 0.118833 0.097841 0.089932 0.087118 0.086170 0.085867 0.085775 0.085748 0.085741 0.085739 0.085738 0.085738 0.085738 0.085738 0.085738 0.085738 0.085738 0.085738 0.085738 0.085738 0.085738 0.085738 0.085737 0.085735 0.085729 0.085713 0.085667 0.085552 0.085274 0.084651 0.083346 0.080806 0.076237 0.068672 0.057221 0.041462 0.021875 0.000000 
50.000000 38.490182 27.944559 19.085670 12.253400 7.406775 4.237241 2.321415 1.248104 0.689188 0.417874 0.294754 0.242379 0.221437 0.213547 0.210740 0.209794 0.209491 0.209399 0.209373 0.209365 0.209363 0.209363 0.209363 0.209363 0.209363 0.209363 0.209363 0.209363 0.209363 0.209363 0.209363 0.209363 0.209362 0.209361 0.209357 0.209343 0.209305 0.209202 0.208937 0.208298 0.206852 0.203800 0.197812 0.186936 0.168761 0.140980 0.102412 0.054132 0.000000 
50.000000 38.553317 28.065514 19.255152 12.460257 7.640100 4.487838 2.582427 1.514935 0.959039 0.689188 0.566728 0.514633 0.493803 0.485955 0.483162 0.482221 0.481920 0.481829 0.481803 0.481795 0.481793 0.481793 0.481793 0.481793 0.481793 0.481793 0.481793 0.481793 0.481793 0.481793 0.481793 0.481792 0.481792 0.481789 0.481780 0.481752 0.481672 0.481454 0.480890 0.479520 0.476397 0.469746 0.456562 0.432354 0.391412 0.328067 0.239111 0.126712 0.000000 
50.000000 38.683312 28.314570 19.604154 12.886260 8.120650 5.004000 3.120073 2.064591 1.514935 1.248104 1.127012 1.075496 1.054898 1.047137 1.044374 1.043444 1.043146 1.043056 1.043030 1.043022 1.043020 1.043020 1.043020 1.043020 1.043020 1.043020 1.043020 1.043020 1.043020 1.043020 1.043020 1.043019 1.043018 1.043012 1.042995 1.042942 1.042787 1.042360 1.041252 1.038538 1.032295 1.018860 0.991902 0.941729 0.855610 0.720285 0.527357 0.280462 0.000000 
50.000000 38.932830 28.792639 20.274115 13.704096 9.043274 5.995067 4.152450 3.120073 2.582427 2.321415 2.202957 2.152561 2.132408 2.124815 2.122112 2.121201 2.120910 2.120822 2.120796 2.120789 2.120787 2.120787 2.120787 2.120786 2.120786 2.120786 2.120786 2.120786 2.120786 2.120786 2.120786 2.120785 2.120783 2.120773 2.120743 2.120649 2.120373 2.119611 2.117614 2.112680 2.101213 2.076225 2.025364 1.929125 1.760847 1.491063 1.098584 0.587303 0.000000 
50.000000 39.378019 29.645645 21.469577 15.163523 10.689814 7.763863 5.995067 5.004000 4.487838 4.237241 4.123503 4.075111 4.055758 4.048466 4.045870 4.044995 4.044716 4.044631 4.044606 4.044599 4.044597 4.044597 4.044597 4.044597 4.044597 4.044597 4.044597 4.044597 4.044597 4.044597 4.044596 4.044595 4.044591 4.044576 4.044527 4.044376 4.043933 4.042696 4.039429 4.031276 4.012098 3.969703 3.881931 3.712476 3.409181 2.910038 2.163548 1.165838 0.000000 
50.000000 40.114257 31.056364 23.446760 17.577426 13.413373 10.689814 9.043274 8.120650 7.640100 7.406775 7.300868 7.255804 7.237781 7.230988 7.228570 7.227756 7.227495 7.227416 7.227393 7.227387 7.227385 7.227384 7.227384 7.227384 7.227384 7.227384 7.227384 7.227384 7.227384 7.227384 7.227384 7.227382 7.227376 7.227354 7.227285 7.227069 7.226429 7.224631 7.219839 7.207746 7.178921 7.114149 6.977338 6.706686 6.207838 5.358081 4.037444 2.203551 0.000000 
50.000000 41.239689 33.212888 26.469354 21.267848 17.577426 15.163523 13.704096 12.886260 12.460257 12.253400 12.159498 12.119538 12.103555 12.097531 12.095386 12.094663 12.094432 12.094362 12.094342 12.094336 12.094335 12.094334 12.094334 12.094334 12.094334 12.094334 12.094334 12.094334 12.094334 12.094334 12.094333 12.094331 12.094323 12.094297 12.094209 12.093937 12.093125 12.090825 12.084639 12.068846 12.030650 11.943249 11.754342 11.369588 10.633924 9.322414 7.170403 4.000116 0.000000 
50.000000 42.825776 36.252180 30.729398 26.469354 23.446760 21.469577 20.274115 19.604154 19.255152 19.085670 19.008728 18.975982 18.962883 18.957946 18.956188 18.955595 18.955406 18.955348 18.955331 18.955327 18.955326 18.955325 18.955325 18.955325 18.955325 18.955325 18.955325 18.955325 18.955325 18.955325 18.955324 18.955322 18.955314 18.955285 18.955192 18.954898 18.954018 18.951507 18.944690 18.927085 18.883870 18.783052 18.559539 18.088679 17.146940 15.364699 12.204403 7.087166 0.000000 
50.000000 44.881904 40.192250 36.252180 33.212888 31.056364 29.645645 28.792639 28.314570 28.065514 27.944559 27.889644 27.866271 27.856920 27.853395 27.852140 27.851717 27.851582 27.851541 27.851529 27.851525 27.851525 27.851524 27.851524 27.851524 27.851524 27.851524 27.851524 27.851524 27.851524 27.851524 27.851524 27.851522 27.851515 27.851490 27.851409 27.851154 27.850386 27.848181 27.842148 27.826403 27.787213 27.694056 27.482098 27.018920 26.042485 24.047777 20.096125 12.614184 0.000000 
50.000000 47.329170 44.881904 42.825776 41.239689 40.114257 39.378019 38.932830 38.683312 38.553317 38.490182 38.461517 38.449315 38.444434 38.442594 38.441938 38.441717 38.441647 38.441625 38.441619 38.441617 38.441617 38.441617 38.441617 38.441617 38.441617 38.441617 38.441617 38.441617 38.441617 38.441616 38.441616 38.441615 38.441611 38.441597 38.441549 38.441399 38.440947 38.439642 38.436050 38.426606 38.402850 38.345527 38.212181 37.910706 37.239573 35.738610 32.267719 23.664585 0.000000 
50.000000 50.000000 50.000000 50.000000 50.000000 50.000000 50.000000 50.000000 50.000000 50.000000 50.000000 50.000000 50.000000 50.000000 50.000000 50.000000 50.000000 50.000000 50.000000 50.000000 50.000000 50.000000 50.000000 50.000000 50.000000 50.000000 50.000000 50.000000 50.000000 50.000000 50.000000 50.000000 50.000000 50.000000 50.000000 50.000000 50.000000 50.000000 50.000000 50.000000 50.000000 50.000000 50.000000 50.000000 50.000000 50.000000 50.000000 50.000000 50.000000 50.000000 
