50.000000 50.000000 50.000000 50.000000 50.000000 50.000000 50.000000 50.000000 50.000000 50.000000 50.000000 50.000000 50.000000 50.000000 50.000000 50.000000 50.000000 50.000000 50.000000 50.000000 50.000000 50.000000 50.000000 50.000000 50.000000 50.000000 50.000000 50.000000 50.000000 50.000000 50.000000 50.000000 50.000000 50.000000 50.000000 50.000000 50.000000 50.000000 50.000000 50.000000 50.000000 50.000000 50.000000 50.000000 50.000000 50.000000 50.000000 50.000000 50.000000 50.000000 
50.000000 47.634621 45.444656 43.566583 42.073377 40.971278 40.214942 39.731422 39.442884 39.281812 39.197512 39.156056 39.136857 39.128466 39.124998 39.123639 39.123134 39.122955 39.122895 39.122876 39.122870 39.122868 39.122868 39.122867 39.122867 39.122867 39.122867 39.122867 39.122867 39.122867 39.122867 39.122866 39.122862 39.122851 39.122816 39.122709 39.122402 39.121552 39.119302 39.113590 39.099673 39.067069 38.993370 38.831751 38.484851 37.745975 36.151449 32.561124 23.817310 0.000000 
50.000000 45.444656 41.227151 37.610328 34.734727 32.612353 31.155863 30.224764 29.669150 29.358996 29.196677 29.116856 29.079891 29.063736 29.057059 29.054444 29.053471 29.053127 29.053011 29.052974 29.052963 29.052959 29.052958 29.052958 29.052958 29.052958 29.052958 29.052958 29.052958 29.052958 29.052957 29.052956 29.052949 29.052930 29.052868 29.052683 29.052150 29.050682 29.046811 29.037038 29.013406 28.958613 28.836579 28.574761 28.031476 26.935573 24.775859 20.613575 12.883532 0.000000 
50.000000 43.566583 37.610328 32.502469 28.441480 25.444294 23.387524 22.072730 21.288186 20.850260 20.621083 20.508390 20.456206 20.433401 20.423976 20.420284 20.418912 20.418426 20.418262 20.418210 20.418194 20.418189 20.418187 20.418187 20.418187 20.418187 20.418187 20.418187 20.418187 20.418187 20.418186 20.418184 20.418177 20.418153 20.418079 20.417859 20.417227 20.415494 20.410955 20.399587 20.372381 20.310170 20.174195 19.889979 19.321585 18.234385 16.251235 12.834469 7.415134 0.000000 
50.000000 42.073377 34.734727 28.441480 23.438172 19.745630 17.211781 15.592086 14.625655 14.086231 13.803955 13.665161 13.600895 13.572812 13.561206 13.556661 13.554971 13.554374 13.554172 13.554107 13.554087 13.554082 13.554080 13.554079 13.554079 13.554079 13.554079 13.554079 13.554079 13.554079 13.554078 13.554076 13.554069 13.554046 13.553974 13.553760 13.553150 13.551489 13.547166 13.536439 13.511069 13.453922 13.331444 13.081969 12.599896 11.719086 10.207095 7.799154 4.327402 0.000000 
50.000000 40.971278 32.612353 25.444294 19.745630 15.540042 12.654253 10.809677 9.709124 9.094875 8.773463 8.615438 8.542272 8.510303 8.497092 8.491919 8.489996 8.489315 8.489086 8.489012 8.488990 8.488983 8.488981 8.488981 8.488981 8.488981 8.488981 8.488980 8.488980 8.488980 8.488980 8.488978 8.488972 8.488953 8.488892 8.488713 8.488206 8.486832 8.483286 8.474572 8.454205 8.409004 8.313924 8.124774 7.770021 7.145734 6.122709 4.580877 2.486427 0.000000 
50.000000 40.214942 31.155863 23.387524 17.211781 12.654253 9.527090 7.528317 6.335824 5.670298 5.322076 5.150880 5.071622 5.036993 5.022685 5.017082 5.014999 5.014262 5.014014 5.013934 5.013910 5.013903 5.013901 5.013900 5.013900 5.013900 5.013900 5.013900 5.013900 5.013900 5.013899 5.013898 5.013893 5.013879 5.013834 5.013701 5.013327 5.012320 5.009741 5.003463 4.988954 4.957198 4.891523 4.763545 4.529480 4.129812 3.497545 2.581102 1.383191 0.000000 
50.000000 39.731422 30.224764 22.072730 15.592086 10.809677 7.528317 5.431068 4.179876 3.481622 3.116297 2.936701 2.853559 2.817236 2.802228 2.796352 2.794167 2.793395 2.793135 2.793051 2.793025 2.793018 2.793015 2.793015 2.793015 2.793015 2.793015 2.793015 2.793015 2.793015 2.793014 2.793013 2.793010 2.793001 2.792970 2.792882 2.792632 2.791967 2.790274 2.786190 2.776851 2.756664 2.715534 2.636795 2.495753 2.260642 1.898535 1.388185 0.738053 0.000000 
50.000000 39.442884 29.669150 21.288186 14.625655 9.709124 6.335824 4.179876 2.893708 2.175961 1.800452 1.615858 1.530406 1.493075 1.477652 1.471613 1.469369 1.468575 1.468307 1.468221 1.468195 1.468187 1.468185 1.468184 1.468184 1.468184 1.468184 1.468184 1.468184 1.468184 1.468184 1.468183 1.468182 1.468176 1.468157 1.468103 1.467952 1.467550 1.466536 1.464108 1.458609 1.446854 1.423212 1.378626 1.300120 1.171733 0.978016 0.710537 0.375815 0.000000 
50.000000 39.281812 29.358996 20.850260 14.086231 9.094875 5.670298 3.481622 2.175961 1.447356 1.066176 0.878801 0.792064 0.754173 0.738518 0.732390 0.730112 0.729306 0.729035 0.728948 0.728921 0.728913 0.728911 0.728910 0.728910 0.728910 0.728910 0.728910 0.728910 0.728910 0.728910 0.728909 0.728908 0.728905 0.728895 0.728864 0.728780 0.728557 0.727997 0.726666 0.723678 0.717353 0.704772 0.681344 0.640670 0.575162 0.477879 0.345589 0.182139 0.000000 
50.000000 39.197512 29.196677 20.621083 13.803955 8.773463 5.322076 3.116297 1.800452 1.066176 0.682037 0.493210 0.405803 0.367620 0.351846 0.345670 0.343375 0.342563 0.342290 0.342202 0.342175 0.342167 0.342165 0.342164 0.342164 0.342164 0.342164 0.342164 0.342164 0.342164 0.342164 0.342164 0.342163 0.342161 0.342156 0.342140 0.342096 0.341982 0.341695 0.341018 0.339510 0.336344 0.330106 0.318614 0.298891 0.267516 0.221496 0.159638 0.083922 0.000000 
50.000000 39.156056 29.116856 20.508390 13.665161 8.615438 5.150880 2.936701 1.615858 0.878801 0.493210 0.303672 0.215937 0.177611 0.161778 0.155580 0.153276 0.152461 0.152187 0.152099 0.152071 0.152063 0.152061 0.152061 0.152060 0.152060 0.152060 0.152060 0.152060 0.152060 0.152060 0.152060 0.152060 0.152059 0.152057 0.152049 0.152028 0.151973 0.151836 0.151515 0.150804 0.149322 0.146426 0.141139 0.132151 0.117995 0.097434 0.070045 0.036753 0.000000 
50.000000 39.136857 29.079891 20.456206 13.600895 8.542272 5.071622 2.853559 1.530406 0.792064 0.405803 0.215937 0.128051 0.089660 0.073799 0.067590 0.065283 0.064467 0.064192 0.064103 0.064076 0.064068 0.064066 0.064065 0.064065 0.064065 0.064065 0.064065 0.064065 0.064065 0.064065 0.064065 0.064065 0.064065 0.064063 0.064060 0.064050 0.064026 0.063964 0.063822 0.063507 0.062856 0.061592 0.059302 0.055440 0.049406 0.040711 0.029210 0.015305 0.000000 
50.000000 39.128466 29.063736 20.433401 13.572812 8.510303 5.036993 2.817236 1.493075 0.754173 0.367620 0.177611 0.089660 0.051239 0.035367 0.029154 0.026844 0.026028 0.025753 0.025664 0.025637 0.025629 0.025627 0.025626 0.025626 0.025626 0.025626 0.025626 0.025626 0.025626 0.025626 0.025626 0.025626 0.025626 0.025625 0.025624 0.025620 0.025609 0.025584 0.025524 0.025393 0.025123 0.024603 0.023666 0.022097 0.019661 0.016174 0.011587 0.006064 0.000000 
50.000000 39.124998 29.057059 20.423976 13.561206 8.497092 5.022685 2.802228 1.477652 0.738518 0.351846 0.161778 0.073799 0.035367 0.019491 0.013275 0.010965 0.010148 0.009873 0.009784 0.009757 0.009749 0.009747 0.009746 0.009746 0.009746 0.009746 0.009746 0.009746 0.009746 0.009746 0.009746 0.009746 0.009746 0.009746 0.009745 0.009744 0.009740 0.009729 0.009706 0.009654 0.009549 0.009346 0.008983 0.008379 0.007446 0.006117 0.004377 0.002289 0.000000 
50.000000 39.123639 29.054444 20.420284 13.556661 8.491919 5.017082 2.796352 1.471613 0.732390 0.345670 0.155580 0.067590 0.029154 0.013275 0.007059 0.004748 0.003932 0.003656 0.003568 0.003541 0.003533 0.003530 0.003530 0.003530 0.003530 0.003530 0.003530 0.003530 0.003530 0.003530 0.003530 0.003530 0.003530 0.003529 0.003529 0.003529 0.003527 0.003523 0.003514 0.003495 0.003456 0.003381 0.003248 0.003027 0.002687 0.002205 0.001576 0.000824 0.000000 
50.000000 39.123134 29.053471 20.418912 13.554971 8.489996 5.014999 2.794167 1.469369 0.730112 0.343375 0.153276 0.065283 0.026844 0.010965 0.004748 0.002438 0.001621 0.001346 0.001257 0.001230 0.001222 0.001220 0.001219 0.001219 0.001219 0.001219 0.001219 0.001219 0.001219 0.001219 0.001219 0.001219 0.001219 0.001219 0.001219 0.001219 0.001218 0.001217 0.001214 0.001207 0.001193 0.001167 0.001120 0.001043 0.000925 0.000759 0.000542 0.000283 0.000000 
50.000000 39.122955 29.053127 20.418426 13.554374 8.489315 5.014262 2.793395 1.468575 0.729306 0.342563 0.152461 0.064467 0.026028 0.010148 0.003932 0.001621 0.000804 0.000529 0.000440 0.000413 0.000405 0.000403 0.000402 0.000402 0.000402 0.000402 0.000402 0.000402 0.000402 0.000402 0.000402 0.000402 0.000402 0.000402 0.000402 0.000402 0.000402 0.000401 0.000400 0.000398 0.000393 0.000385 0.000369 0.000343 0.000304 0.000249 0.000178 0.000093 0.000000 
50.000000 39.122895 29.053011 20.418262 13.554172 8.489086 5.014014 2.793135 1.468307 0.729035 0.342290 0.152187 0.064192 0.025753 0.009873 0.003656 0.001346 0.000529 0.000254 0.000165 0.000138 0.000130 0.000128 0.000127 0.000127 0.000127 0.000127 0.000127 0.000127 0.000127 0.000127 0.000127 0.000127 0.000127 0.000127 0.000127 0.000127 0.000127 0.000127 0.000126 0.000125 0.000124 0.000121 0.000116 0.000108 0.000096 0.000078 0.000056 0.000029 0.000000 
50.000000 39.122876 29.052974 20.418210 13.554107 8.489012 5.013934 2.793051 1.468221 0.728948 0.342202 0.152099 0.064103 0.025664 0.009784 0.003568 0.001257 0.000440 0.000165 0.000077 0.000049 0.000041 0.000039 0.000039 0.000038 0.000038 0.000038 0.000038 0.000038 0.000038 0.000038 0.000038 0.000038 0.000038 0.000038 0.000038 0.000038 0.000038 0.000038 0.000038 0.000038 0.000037 0.000037 0.000035 0.000033 0.000029 0.000024 0.000017 0.000009 0.000000 
50.000000 39.122870 29.052963 20.418194 13.554087 8.488990 5.013910 2.793025 1.468195 0.728921 0.342175 0.152071 0.064076 0.025637 0.009757 0.003541 0.001230 0.000413 0.000138 0.000049 0.000022 0.000014 0.000012 0.000011 0.000011 0.000011 0.000011 0.000011 0.000011 0.000011 0.000011 0.000011 0.000011 0.000011 0.000011 0.000011 0.000011 0.000011 0.000011 0.000011 0.000011 0.000011 0.000011 0.000010 0.000009 0.000008 0.000007 0.000005 0.000003 0.000000 
50.000000 39.122868 29.052959 20.418189 13.554082 8.488983 5.013903 2.793018 1.468187 0.728913 0.342167 0.152063 0.064068 0.025629 0.009749 0.003533 0.001222 0.000405 0.000130 0.000041 0.000014 0.000006 0.000004 0.000003 0.000003 0.000003 0.000003 0.000003 0.000003 0.000003 0.000003 0.000003 0.000003 0.000003 0.000003 0.000003 0.000003 0.000003 0.000003 0.000003 0.000003 0.000003 0.000003 0.000003 0.000003 0.000002 0.000002 0.000001 0.000001 0.000000 
50.000000 39.122868 29.052958 20.418187 13.554080 8.488981 5.013901 2.793015 1.468185 0.728911 0.342165 0.152061 0.064066 0.025627 0.009747 0.003530 0.001220 0.000403 0.000128 0.000039 0.000012 0.000004 0.000002 0.000001 0.000001 0.000001 0.000001 0.000001 0.000001 0.000001 0.000001 0.000001 0.000001 0.000001 0.000001 0.000001 0.000001 0.000001 0.000001 0.000001 0.000001 0.000001 0.000001 0.000001 0.000001 0.000001 0.000001 0.000000 0.000000 0.000000 
50.000000 39.122867 29.052958 20.418187 13.554079 8.488981 5.013900 2.793015 1.468184 0.728910 0.342164 0.152061 0.064065 0.025626 0.009746 0.003530 0.001219 0.000402 0.000127 0.000039 0.000011 0.000003 0.000001 0.000000 0.000000 0.000000 0.000000 0.000000 0.000000 0.000000 0.000000 0.000000 0.000000 0.000000 0.000000 0.000000 0.000000 0.000000 0.000000 0.000000 0.000000 0.000000 0.000000 0.000000 0.000000 0.000000 0.000000 0.000000 0.000000 0.000000 
50.000000 39.122867 29.052958 20.418187 13.554079 8.488981 5.013900 2.793015 1.468184 0.728910 0.342164 0.152060 0.064065 0.025626 0.009746 0.003530 0.001219 0.000402 0.000127 0.000038 0.000011 0.000003 0.000001 0.000000 0.000000 0.000000 0.000000 0.000000 0.000000 0.000000 0.000000 0.000000 0.000000 0.000000 0.000000 0.000000 0.000000 0.000000 0.000000 0.000000 0.000000 0.000000 0.000000 0.000000 0.000000 0.000000 0.000000 0.000000 0.000000 0.000000 
50.000000 39.122867 29.052958 20.418187 13.554079 8.488981 5.013900 2.793015 1.468184 0.728910 0.342164 0.152060 0.064065 0.025626 0.009746 0.003530 0.001219 0.000402 0.000127 0.000038 0.000011 0.000003 0.000001 0.000000 0.000000 0.000000 0.000000 0.000000 0.000000 0.000000 0.000000 0.000000 0.000000 0.000000 0.000000 0.000000 0.000000 0.000000 0.000000 0.000000 0.000000 0.000000 0.000000 0.000000 0.000000 0.000000 0.000000 0.000000 0.000000 0.000000 
50.000000 39.122867 29.052958 20.418187 13.554079 8.488981 5.013900 2.793015 1.468184 0.728910 0.342164 0.152061 0.064065 0.025626 0.009746 0.003530 0.001219 0.000402 0.000127 0.000039 0.000011 0.000003 0.000001 0.000000 0.000000 0.000000 0.000000 0.000000 0.000000 0.000000 0.000000 0.000000 0.000000 0.000000 0.000000 0.000000 0.000000 0.000000 0.000000 0.000000 0.000000 0.000000 0.000000 0.000000 0.000000 0.000000 0.000000 0.000000 0.000000 0.000000 
50.000000 39.122868 29.052958 20.418187 13.554080 8.488981 5.013901 2.793015 1.468185 0.728911 0.342165 0.152061 0.064066 0.025627 0.009747 0.003530 0.001220 0.000403 0.000128 0.000039 0.000012 0.000004 0.000002 0.000001 0.000001 0.000001 0.000001 0.000001 0.000001 0.000001 0.000001 0.000001 0.000001 0.000001 0.000001 0.000001 0.000001 0.000001 0.000001 0.000001 0.000001 0.000001 0.000001 0.000001 0.000001 0.000001 0.000001 0.000000 0.000000 0.000000 
50.000000 39.122868 29.052959 20.418189 13.554082 8.488983 5.013903 2.793018 1.468187 0.728913 0.342167 0.152063 0.064068 0.025629 0.009749 0.003533 0.001222 0.000405 0.000130 0.000041 0.000014 0.000006 0.000004 0.000003 0.000003 0.000003 0.000003 0.000003 0.000003 0.000003 0.000003 0.000003 0.000003 0.000003 0.000003 0.000003 0.000003 0.000003 0.000003 0.000003 0.000003 0.000003 0.000003 0.000003 0.000003 0.000002 0.000002 0.000001 0.000001 0.000000 
50.000000 39.122870 29.052963 20.418194 13.554087 8.488990 5.013910 2.793025 1.468195 0.728921 0.342175 0.152071 0.064076 0.025637 0.009757 0.003541 0.001230 0.000413 0.000138 0.000049 0.000022 0.000014 0.000012 0.000011 0.000011 0.000011 0.000011 0.000011 0.000011 0.000011 0.000011 0.000011 0.000011 0.000011 0.000011 0.000011 0.000011 0.000011 0.000011 0.000011 0.000011 0.000011 0.000011 0.000010 0.000009 0.000008 0.000007 0.000005 0.000003 0.000000 
50.000000 39.122876 29.052974 20.418210 13.554107 8.489012 5.013934 2.793051 1.468221 0.728948 0.342202 0.152099 0.064103 0.025664 0.009784 0.003568 0.001257 0.000440 0.000165 0.000077 0.000049 0.000041 0.000039 0.000039 0.000038 0.000038 0.000038 0.000038 0.000038 0.000038 0.000038 0.000038 0.000038 0.000038 0.000038 0.000038 0.000038 0.000038 0.000038 0.000038 0.000038 0.000037 0.000037 0.000035 0.000033 0.000029 0.000024 0.000017 0.000009 0.000000 
50.000000 39.122895 29.053011 20.418262 13.554172 8.489086 5.014014 2.793135 1.468307 0.729035 0.342290 0.152187 0.064192 0.025753 0.009873 0.003656 0.001346 0.000529 0.000254 0.000165 0.000138 0.000130 0.000128 0.000127 0.000127 0.000127 0.000127 0.000127 0.000127 0.000127 0.000127 0.000127 0.000127 0.000127 0.000127 0.000127 0.000127 0.000127 0.000127 0.000126 0.000125 0.000124 0.000121 0.000116 0.000108 0.000096 0.000078 0.000056 0.000029 0.000000 
50.000000 39.122955 29.053127 20.418426 13.554374 8.489315 5.014262 2.793395 1.468575 0.729306 0.342563 0.152461 0.064467 0.026028 0.010148 0.003932 0.001621 0.000804 0.000529 0.000440 0.000413 0.000405 0.000403 0.000402 0.000402 0.000402 0.000402 0.000402 0.000402 0.000402 0.000402 0.000402 0.000402 0.000402 0.000402 0.000402 0.000402 0.000402 0.000401 0.000400 0.000398 0.000393 0.000385 0.000369 0.000343 0.000304 0.000249 0.000178 0.000093 0.000000 
50.000000 39.123134 29.053471 20.418912 13.554971 8.489996 5.014999 2.794167 1.469369 0.730112 0.343375 0.153276 0.065283 0.026844 0.010965 0.004748 0.002438 0.001621 0.001346 0.001257 0.001230 0.001222 0.001220 0.001219 0.001219 0.001219 0.001219 0.001219 0.001219 0.001219 0.001219 0.001219 0.001219 0.001219 0.001219 0.001219 0.001219 0.001218 0.001217 0.001214 0.001207 0.001193 0.001167 0.001120 0.001043 0.000925 0.000759 0.000542 0.000283 0.000000 
50.000000 39.123639 29.054444 20.420284 13.556661 8.491919 5.017082 2.796352 1.471613 0.732390 0.345670 0.155580 0.067590 0.029154 0.013275 0.007059 0.004748 0.003932 0.003656 0.003568 0.003541 0.003533 0.003530 0.003530 0.003530 0.003530 0.003530 0.003530 0.003530 0.003530 0.003530 0.003530 0.003530 0.003530 0.003529 0.003529 0.003529 0.003527 0.003523 0.003514 0.003495 0.003456 0.003381 0.003248 0.003027 0.002687 0.002205 0.001576 0.000824 0.000000 
50.000000 39.124998 29.057059 20.423976 13.561206 8.497092 5.022685 2.802228 1.477652 0.738518 0.351846 0.161778 0.073799 0.035367 0.019491 0.013275 0.010965 0.010148 0.009873 0.009784 0.009757 0.009749 0.009747 0.009746 0.009746 0.009746 0.009746 0.009746 0.009746 0.009746 0.009746 0.009746 0.009746 0.009746 0.009746 0.009745 0.009744 0.009740 0.009729 0.009706 0.009654 0.009549 0.009346 0.008983 0.008379 0.007446 0.006117 0.004377 0.002289 0.000000 
50.000000 39.128466 29.063736 20.433401 13.572812 8.510303 5.036993 2.817236 1.493075 0.754173 0.367620 0.177611 0.089660 0.051239 0.035367 0.029154 0.026844 0.026028 0.025753 0.025664 0.025637 0.025629 0.025627 0.025626 0.025626 0.025626 0.025626 0.025626 0.025626 0.025626 0.025626 0.025626 0.025626 0.025626 0.025625 0.025624 0.025620 0.025609 0.025584 0.025524 0.025393 0.025123 0.024603 0.023666 0.022097 0.019661 0.016174 0.011587 0.006064 0.000000 
50.000000 39.136857 29.079891 20.456206 13.600895 8.542272 5.071622 2.853559 1.530406 0.792064 0.405803 0.215937 0.128051 0.089660 0.073799 0.067590 0.065283 0.064467 0.064192 0.064103 0.064076 0.064068 0.064066 0.064065 0.064065 0.064065 0.064065 0.064065 0.064065 0.064065 0.064065 0.064065 0.064065 0.064065 0.064063 0.064060 0.064050 0.064026 0.063964 0.063822 0.063507 0.062856 0.061592 0.059302 0.055440 0.049406 0.040711 0.029210 0.015305 0.000000 
50.000000 39.156056 29.116856 20.508390 13.665161 8.615438 5.150880 2.936701 1.615858 0.878801 0.493210 0.303672 0.215937 0.177611 0.161778 0.155580 0.153276 0.152461 0.152187 0.152099 0.152071 0.152063 0.152061 0.152061 0.152060 0.152060 0.152060 0.152060 0.152060 0.152060 0.152060 0.152060 0.152060 0.152059 0.152057 0.152049 0.152028 0.151973 0.151836 0.151515 0.150804 0.149322 0.146426 0.141139 0.132151 0.117995 0.097434 0.070045 0.036753 0.000000 
50.000000 39.197512 29.196677 20.621083 13.803955 8.773463 5.322076 3.116297 1.800452 1.066176 0.682037 0.493210 0.405803 0.367620 0.351846 0.345670 0.343375 0.342563 0.342290 0.342202 0.342175 0.342167 0.342165 0.342164 0.342164 0.342164 0.342164 0.342164 0.342164 0.342164 0.342164 0.342164 0.342163 0.342161 0.342156 0.342140 0.342096 0.341982 0.341695 0.341018 0.339510 0.336344 0.330106 0.318614 0.298891 0.267516 0.221496 0.159638 0.083922 0.000000 
50.000000 39.281812 29.358996 20.850260 14.086231 9.094875 5.670298 3.481622 2.175961 1.447356 1.066176 0.878801 0.792064 0.754173 0.738518 0.732390 0.730112 0.729306 0.729035 0.728948 0.728921 0.728913 0.728911 0.728910 0.728910 0.728910 0.728910 0.728910 0.728910 0.728910 0.728910 0.728909 0.728908 0.728905 0.728895 0.728864 0.728780 0.728557 0.727997 0.726666 0.723678 0.717353 0.704772 0.681344 0.640670 0.575162 0.477879 0.345589 0.182139 0.000000 
50.000000 39.442884 29.669150 21.288186 14.625655 9.709124 6.335824 4.179876 2.893708 2.175961 1.800452 1.615858 1.530406 1.493075 1.477652 1.471613 1.469369 1.468575 1.468307 1.468221 1.468195 1.468187 1.468185 1.468184 1.468184 1.468184 1.468184 1.468184 1.468184 1.468184 1.468184 1.468183 1.468182 1.468176 1.468157 1.468103 1.467952 1.467550 1.466536 1.464108 1.458609 1.446854 1.423212 1.378626 1.300120 1.171733 0.978016 0.710537 0.375815 0.000000 
50.000000 39.731422 30.224764 22.072730 15.592086 10.809677 7.528317 5.431068 4.179876 3.481622 3.116297 2.936701 2.853559 2.817236 2.802228 2.796352 2.794167 2.793395 2.793135 2.793051 2.793025 2.793018 2.793015 2.793015 2.793015 2.793015 2.793015 2.793015 2.793015 2.793015 2.793014 2.793013 2.793010 2.793001 2.792970 2.792882 2.792632 2.791967 2.790274 2.786190 2.776851 2.756664 2.715534 2.636795 2.495753 2.260642 1.898535 1.388185 0.738053 0.000000 
50.000000 40.214942 31.155863 23.387524 17.211781 12.654253 9.527090 7.528317 6.335824 5.670298 5.322076 5.150880 5.071622 5.036993 5.022685 5.017082 5.014999 5.014262 5.014014 5.013934 5.013910 5.013903 5.013901 5.013900 5.013900 5.013900 5.013900 5.013900 5.013900 5.013900 5.013899 5.013898 5.013893 5.013879 5.013834 5.013701 5.013327 5.012320 5.009741 5.003463 4.988954 4.957198 4.891523 4.763545 4.529480 4.129812 3.497545 2.581102 1.383191 0.000000 
50.000000 40.971278 32.612353 25.444294 19.745630 15.540042 12.654253 10.809677 9.709124 9.094875 8.773463 8.615438 8.542272 8.510303 8.497092 8.491919 8.489996 8.489315 8.489086 8.489012 8.488990 8.488983 8.488981 8.488981 8.488981 8.488981 8.488981 8.488980 8.488980 8.488980 8.488980 8.488978 8.488972 8.488953 8.488892 8.488713 8.488206 8.486832 8.483286 8.474572 8.454205 8.409004 8.313924 8.124774 7.770021 7.145734 6.122709 4.580877 2.486427 0.000000 
50.000000 42.073377 34.734727 28.441480 23.438172 19.745630 17.211781 15.592086 14.625655 14.086231 13.803955 13.665161 13.600895 13.572812 13.561206 13.556661 13.554971 13.554374 13.554172 13.554107 13.554087 13.554082 13.554080 13.554079 13.554079 13.554079 13.554079 13.554079 13.554079 13.554079 13.554078 13.554076 13.554069 13.554046 13.553974 13.553760 13.553150 13.551489 13.547166 13.536439 13.511069 13.453922 13.331444 13.081969 12.599896 11.719086 10.207095 7.799154 4.327402 0.000000 
50.000000 43.566583 37.610328 32.502469 28.441480 25.444294 23.387524 22.072730 21.288186 20.850260 20.621083 20.508390 20.456206 20.433401 20.423976 20.420284 20.418912 20.418426 20.418262 20.418210 20.418194 20.418189 20.418187 20.418187 20.418187 20.418187 20.418187 20.418187 20.418187 20.418187 20.418186 20.418184 20.418177 20.418153 20.418079 20.417859 20.417227 20.415494 20.410955 20.399587 20.372381 20.310170 20.174195 19.889979 19.321585 18.234385 16.251235 12.834469 7.415134 0.000000 
50.000000 45.444656 41.227151 37.610328 34.734727 32.612353 31.155863 30.224764 29.669150 29.358996 29.196677 29.116856 29.079891 29.063736 29.057059 29.054444 29.053471 29.053127 29.053011 29.052974 29.052963 29.052959 29.052958 29.052958 29.052958 29.052958 29.052958 29.052958 29.052958 29.052958 29.052957 29.052956 29.052949 29.052930 29.052868 29.052683 29.052150 29.050682 29.046811 29.037038 29.013406 28.958613 28.836579 28.574761 28.031476 26.935573 24.775859 20.613575 12.883532 0.000000 
50.000000 47.634621 45.444656 43.566583 42.073377 40.971278 40.214942 39.731422 39.442884 39.281812 39.197512 39.156056 39.136857 39.128466 39.124998 39.123639 39.123134 39.122955 39.122895 39.122876 39.122870 39.122868 39.122868 39.122867 39.122867 39.122867 39.122867 39.122867 39.122867 39.122867 39.122867 39.122866 39.122862 39.122851 39.122816 39.122709 39.122402 39.121552 39.119302 39.113590 39.099673 39.067069 38.993370 38.831751 38.484851 37.745975 36.151449 32.561124 23.817310 0.000000 
50.000000 50.000000 50.000000 50.000000 50.000000 50.000000 50.000000 50.000000 50.000000 50.000000 50.000000 50.000000 50.000000 50.000000 50.000000 50.000000 50.000000 50.000000 50.000000 50.000000 50.000000 50.000000 50.000000 50.000000 50.000000 50.000000 50.000000 50.000000 50.000000 50.000000 50.000000 50.000000 50.000000 50.000000 50.000000 50.000000 50.000000 50.000000 50.000000 50.000000 50.000000 50.000000 50.000000 50.000000 50.000000 50.000000 50.000000 50.000000 50.000000 50.000000 
