50.000000 50.000000 50.000000 50.000000 50.000000 50.000000 50.000000 50.000000 50.000000 50.000000 50.000000 50.000000 50.000000 50.000000 50.000000 50.000000 50.000000 50.000000 50.000000 50.000000 50.000000 50.000000 50.000000 50.000000 50.000000 50.000000 50.000000 50.000000 50.000000 50.000000 50.000000 50.000000 50.000000 50.000000 50.000000 50.000000 50.000000 50.000000 50.000000 50.000000 50.000000 50.000000 50.000000 50.000000 50.000000 50.000000 50.000000 50.000000 50.000000 50.000000 
50.000000 48.315367 46.719774 45.288162 44.070992 43.089921 42.339801 41.795357 41.419933 41.173766 41.020129 40.928766 40.876944 40.848877 40.834346 40.827147 40.823730 40.822175 40.821495 40.821210 40.821094 40.821050 40.821033 40.821027 40.821024 40.821024 40.821023 40.821023 40.821022 40.821020 40.821013 40.820994 40.820945 40.820820 40.820513 40.819784 40.818110 40.814389 40.806372 40.789620 40.755594 40.688211 40.557523 40.307603 39.831605 38.914963 37.090298 33.220267 24.157684 0.000000 
50.000000 46.719774 43.612926 40.825382 38.455396 36.545137 35.084577 34.024500 33.293526 32.814229 32.515094 32.337211 32.236316 32.181673 32.153383 32.139367 32.132715 32.129687 32.128364 32.127808 32.127583 32.127496 32.127463 32.127451 32.127447 32.127446 32.127445 32.127444 32.127443 32.127438 32.127426 32.127391 32.127302 32.127075 32.126519 32.125203 32.122187 32.115501 32.101159 32.071351 32.011242 31.893389 31.668062 31.246260 30.469148 29.051360 26.475021 21.806463 13.499507 0.000000 
50.000000 45.288162 40.825382 36.821279 33.416993 30.673094 28.575167 27.052509 26.002581 25.314160 24.884517 24.629031 24.484124 24.405645 24.365017 24.344889 24.335336 24.330988 24.329087 24.328289 24.327967 24.327841 24.327794 24.327777 24.327771 24.327769 24.327768 24.327767 24.327765 24.327760 24.327743 24.327700 24.327585 24.327296 24.326589 24.324919 24.321109 24.312705 24.294788 24.257841 24.184101 24.041503 23.773943 23.286042 22.420109 20.923502 18.410640 14.350361 8.197864 0.000000 
50.000000 44.070992 38.455396 33.416993 29.133386 25.680784 23.041039 21.125168 19.804132 18.937970 18.397412 18.075981 17.893675 17.794946 17.743835 17.718515 17.706498 17.701029 17.698639 17.697635 17.697229 17.697071 17.697012 17.696991 17.696983 17.696981 17.696980 17.696979 17.696976 17.696970 17.696953 17.696906 17.696784 17.696476 17.695725 17.693961 17.689953 17.681167 17.662575 17.624595 17.549696 17.407076 17.144812 16.679139 15.881476 14.566693 12.493492 9.404036 5.156029 0.000000 
50.000000 43.089921 36.545137 30.673094 25.680784 21.657021 18.580638 16.347908 14.808427 13.799064 13.169154 12.794603 12.582177 12.467139 12.407589 12.378088 12.364088 12.357716 12.354932 12.353763 12.353290 12.353107 12.353038 12.353013 12.353004 12.353001 12.353000 12.352999 12.352997 12.352991 12.352974 12.352930 12.352815 12.352525 12.351823 12.350180 12.346469 12.338386 12.321422 12.287115 12.220298 12.095036 11.869170 11.477954 10.828510 9.799308 8.252985 6.075989 3.258316 0.000000 
50.000000 42.339801 35.084577 28.575167 23.041039 18.580638 15.170480 12.695561 10.989129 9.870333 9.172151 8.757018 8.521583 8.394090 8.328095 8.295403 8.279889 8.272828 8.269743 8.268448 8.267924 8.267721 8.267644 8.267617 8.267607 8.267604 8.267602 8.267601 8.267600 8.267594 8.267580 8.267542 8.267444 8.267198 8.266604 8.265220 8.262112 8.255392 8.241404 8.213400 8.159521 8.060007 7.883792 7.585240 7.102683 6.361900 5.289125 3.838317 2.032198 0.000000 
50.000000 41.795357 34.024500 27.052509 21.125168 16.347908 12.695561 10.044924 8.217378 7.019206 6.271510 5.826950 5.574835 5.438313 5.367647 5.332643 5.316032 5.308473 5.305170 5.303783 5.303222 5.303004 5.302923 5.302893 5.302883 5.302879 5.302878 5.302877 5.302876 5.302872 5.302860 5.302831 5.302754 5.302562 5.302100 5.301030 5.298641 5.293510 5.282919 5.261921 5.221984 5.149224 5.022462 4.811769 4.478738 3.980356 3.278567 2.356438 1.237834 0.000000 
50.000000 41.419933 33.293526 26.002581 19.804132 14.808427 10.989129 8.217378 6.306365 5.053498 4.271691 3.806861 3.543258 3.400521 3.326639 3.290044 3.272678 3.264776 3.261323 3.259873 3.259288 3.259060 3.258974 3.258943 3.258933 3.258929 3.258928 3.258927 3.258926 3.258923 3.258915 3.258893 3.258837 3.258698 3.258365 3.257598 3.255895 3.252262 3.244821 3.230201 3.202690 3.153182 3.068154 2.929122 2.713391 2.397056 1.961078 1.400137 0.731722 0.000000 
50.000000 41.173766 32.814229 25.314160 18.937970 13.799064 9.870333 7.019206 5.053498 3.764798 2.960646 2.482541 2.211417 2.064610 1.988625 1.950988 1.933129 1.925002 1.921452 1.919961 1.919359 1.919124 1.919036 1.919005 1.918994 1.918990 1.918989 1.918988 1.918987 1.918985 1.918979 1.918965 1.918927 1.918833 1.918609 1.918095 1.916961 1.914558 1.909670 1.900147 1.882399 1.850808 1.797222 1.710812 1.578765 1.388274 1.130060 0.802988 0.418172 0.000000 
50.000000 41.020129 32.515094 24.884517 18.397412 13.169154 9.172151 6.271510 4.271691 2.960646 2.142563 1.656185 1.380374 1.231033 1.153736 1.115452 1.097286 1.089019 1.085407 1.083891 1.083279 1.083040 1.082951 1.082919 1.082907 1.082904 1.082902 1.082902 1.082901 1.082900 1.082896 1.082887 1.082863 1.082803 1.082662 1.082339 1.081630 1.080135 1.077117 1.071282 1.060499 1.041490 1.009590 0.958752 0.882039 0.772817 0.626677 0.443743 0.230509 0.000000 
50.000000 40.928766 32.337211 24.629031 18.075981 12.794603 8.757018 5.826950 3.806861 2.482541 1.656185 1.164893 0.886300 0.735455 0.657381 0.618712 0.600363 0.592014 0.588367 0.586835 0.586216 0.585976 0.585886 0.585853 0.585842 0.585838 0.585836 0.585836 0.585836 0.585835 0.585833 0.585827 0.585812 0.585777 0.585693 0.585501 0.585083 0.584206 0.582447 0.579068 0.572871 0.562040 0.544031 0.515614 0.473181 0.413406 0.334244 0.236052 0.122394 0.000000 
50.000000 40.876944 32.236316 24.484124 17.893675 12.582177 8.521583 5.574835 3.543258 2.211417 1.380374 0.886300 0.606132 0.454435 0.375921 0.337034 0.318583 0.310187 0.306519 0.304979 0.304357 0.304115 0.304025 0.303992 0.303980 0.303976 0.303975 0.303975 0.303974 0.303974 0.303973 0.303969 0.303961 0.303941 0.303894 0.303786 0.303553 0.303066 0.302094 0.300239 0.296859 0.290996 0.281324 0.266191 0.243791 0.212508 0.171419 0.120815 0.062555 0.000000 
50.000000 40.848877 32.181673 24.405645 17.794946 12.467139 8.394090 5.438313 3.400521 2.064610 1.231033 0.735455 0.454435 0.302278 0.223526 0.184522 0.166016 0.157594 0.153915 0.152371 0.151747 0.151504 0.151413 0.151380 0.151369 0.151365 0.151363 0.151363 0.151363 0.151363 0.151362 0.151360 0.151356 0.151345 0.151320 0.151263 0.151139 0.150882 0.150372 0.149403 0.147649 0.144626 0.139673 0.131978 0.120671 0.104992 0.084536 0.059486 0.030767 0.000000 
50.000000 40.834346 32.153383 24.365017 17.743835 12.407589 8.328095 5.367647 3.326639 1.988625 1.153736 0.657381 0.375921 0.223526 0.144652 0.105588 0.087052 0.078618 0.074933 0.073386 0.072761 0.072518 0.072427 0.072394 0.072383 0.072379 0.072378 0.072377 0.072377 0.072377 0.072377 0.072376 0.072373 0.072368 0.072355 0.072326 0.072264 0.072135 0.071880 0.071398 0.070529 0.069041 0.066617 0.062875 0.057409 0.049874 0.040098 0.028180 0.014562 0.000000 
50.000000 40.827147 32.139367 24.344889 17.718515 12.378088 8.295403 5.332643 3.290044 1.950988 1.115452 0.618712 0.337034 0.184522 0.105588 0.066493 0.047944 0.039503 0.035815 0.034267 0.033642 0.033399 0.033307 0.033274 0.033263 0.033259 0.033258 0.033257 0.033257 0.033257 0.033257 0.033256 0.033255 0.033253 0.033246 0.033233 0.033203 0.033141 0.033019 0.032790 0.032379 0.031678 0.030543 0.028799 0.026265 0.022790 0.018300 0.012848 0.006635 0.000000 
50.000000 40.823730 32.132715 24.335336 17.706498 12.364088 8.279889 5.316032 3.272678 1.933129 1.097286 0.600363 0.318583 0.166016 0.087052 0.047944 0.029387 0.020944 0.017255 0.015706 0.015081 0.014837 0.014746 0.014713 0.014702 0.014698 0.014696 0.014696 0.014696 0.014696 0.014696 0.014695 0.014695 0.014694 0.014691 0.014684 0.014671 0.014642 0.014587 0.014482 0.014296 0.013980 0.013470 0.012691 0.011563 0.010023 0.008040 0.005640 0.002911 0.000000 
50.000000 40.822175 32.129687 24.330988 17.701029 12.357716 8.272828 5.308473 3.264776 1.925002 1.089019 0.592014 0.310187 0.157594 0.078618 0.039503 0.020944 0.012499 0.008809 0.007260 0.006635 0.006391 0.006300 0.006267 0.006255 0.006251 0.006250 0.006250 0.006250 0.006250 0.006250 0.006249 0.006249 0.006249 0.006247 0.006245 0.006239 0.006226 0.006202 0.006156 0.006076 0.005939 0.005719 0.005384 0.004902 0.004245 0.003402 0.002385 0.001230 0.000000 
50.000000 40.821495 32.128364 24.329087 17.698639 12.354932 8.269743 5.305170 3.261323 1.921452 1.085407 0.588367 0.306519 0.153915 0.074933 0.035815 0.017255 0.008809 0.005120 0.003570 0.002945 0.002701 0.002610 0.002577 0.002566 0.002562 0.002560 0.002560 0.002560 0.002560 0.002560 0.002560 0.002560 0.002559 0.002559 0.002558 0.002555 0.002550 0.002540 0.002521 0.002487 0.002430 0.002339 0.002201 0.002002 0.001733 0.001388 0.000972 0.000501 0.000000 
50.000000 40.821210 32.127808 24.328289 17.697635 12.353763 8.268448 5.303783 3.259873 1.919961 1.083891 0.586835 0.304979 0.152371 0.073386 0.034267 0.015706 0.007260 0.003570 0.002021 0.001396 0.001152 0.001061 0.001028 0.001016 0.001013 0.001011 0.001011 0.001011 0.001011 0.001011 0.001011 0.001011 0.001011 0.001010 0.001010 0.001009 0.001007 0.001003 0.000995 0.000981 0.000959 0.000922 0.000867 0.000789 0.000682 0.000546 0.000382 0.000197 0.000000 
50.000000 40.821094 32.127583 24.327967 17.697229 12.353290 8.267924 5.303222 3.259288 1.919359 1.083279 0.586216 0.304357 0.151747 0.072761 0.033642 0.015081 0.006635 0.002945 0.001396 0.000770 0.000526 0.000435 0.000402 0.000391 0.000387 0.000386 0.000385 0.000385 0.000385 0.000385 0.000385 0.000385 0.000385 0.000385 0.000385 0.000384 0.000383 0.000382 0.000379 0.000374 0.000365 0.000351 0.000330 0.000300 0.000259 0.000207 0.000145 0.000075 0.000000 
50.000000 40.821050 32.127496 24.327841 17.697071 12.353107 8.267721 5.303005 3.259060 1.919124 1.083040 0.585976 0.304115 0.151504 0.072518 0.033399 0.014837 0.006391 0.002701 0.001152 0.000527 0.000283 0.000192 0.000159 0.000147 0.000143 0.000142 0.000142 0.000142 0.000142 0.000142 0.000142 0.000142 0.000142 0.000142 0.000141 0.000141 0.000141 0.000140 0.000139 0.000137 0.000134 0.000129 0.000121 0.000110 0.000095 0.000076 0.000053 0.000027 0.000000 
50.000000 40.821033 32.127463 24.327794 17.697012 12.353038 8.267644 5.302923 3.258974 1.919037 1.082951 0.585886 0.304025 0.151413 0.072427 0.033308 0.014746 0.006300 0.002610 0.001061 0.000435 0.000192 0.000101 0.000068 0.000056 0.000052 0.000051 0.000051 0.000051 0.000050 0.000050 0.000050 0.000050 0.000050 0.000050 0.000050 0.000050 0.000050 0.000050 0.000050 0.000049 0.000048 0.000046 0.000043 0.000039 0.000034 0.000027 0.000019 0.000010 0.000000 
50.000000 40.821027 32.127452 24.327778 17.696991 12.353013 8.267617 5.302894 3.258944 1.919005 1.082919 0.585854 0.303992 0.151381 0.072395 0.033275 0.014714 0.006267 0.002578 0.001029 0.000403 0.000159 0.000068 0.000035 0.000024 0.000020 0.000018 0.000018 0.000018 0.000018 0.000018 0.000018 0.000018 0.000018 0.000018 0.000018 0.000018 0.000018 0.000018 0.000018 0.000017 0.000017 0.000016 0.000015 0.000014 0.000012 0.000010 0.000007 0.000003 0.000000 
50.000000 40.821025 32.127448 24.327772 17.696985 12.353005 8.267609 5.302884 3.258934 1.918995 1.082909 0.585843 0.303982 0.151370 0.072385 0.033265 0.014703 0.006257 0.002567 0.001018 0.000393 0.000149 0.000058 0.000025 0.000013 0.000009 0.000008 0.000008 0.000008 0.000008 0.000008 0.000008 0.000008 0.000008 0.000008 0.000008 0.000008 0.000008 0.000008 0.000007 0.000007 0.000007 0.000007 0.000006 0.000006 0.000005 0.000004 0.000003 0.000001 0.000000 
50.000000 40.821025 32.127448 24.327772 17.696985 12.353005 8.267609 5.302884 3.258934 1.918995 1.082909 0.585843 0.303982 0.151370 0.072385 0.033265 0.014703 0.006257 0.002567 0.001018 0.000393 0.000149 0.000058 0.000025 0.000013 0.000009 0.000008 0.000008 0.000008 0.000008 0.000008 0.000008 0.000008 0.000008 0.000008 0.000008 0.000008 0.000008 0.000008 0.000007 0.000007 0.000007 0.000007 0.000006 0.000006 0.000005 0.000004 0.000003 0.000001 0.000000 
50.000000 40.821027 32.127452 24.327778 17.696991 12.353013 8.267617 5.302894 3.258944 1.919005 1.082919 0.585854 0.303992 0.151381 0.072395 0.033275 0.014714 0.006267 0.002578 0.001029 0.000403 0.000159 0.000068 0.000035 0.000024 0.000020 0.000018 0.000018 0.000018 0.000018 0.000018 0.000018 0.000018 0.000018 0.000018 0.000018 0.000018 0.000018 0.000018 0.000018 0.000017 0.000017 0.000016 0.000015 0.000014 0.000012 0.000010 0.000007 0.000003 0.000000 
50.000000 40.821033 32.127463 24.327794 17.697012 12.353038 8.267644 5.302923 3.258974 1.919037 1.082951 0.585886 0.304025 0.151413 0.072427 0.033308 0.014746 0.006300 0.002610 0.001061 0.000435 0.000192 0.000101 0.000068 0.000056 0.000052 0.000051 0.000051 0.000051 0.000050 0.000050 0.000050 0.000050 0.000050 0.000050 0.000050 0.000050 0.000050 0.000050 0.000050 0.000049 0.000048 0.000046 0.000043 0.000039 0.000034 0.000027 0.000019 0.000010 0.000000 
50.000000 40.821050 32.127496 24.327841 17.697071 12.353107 8.267721 5.303005 3.259060 1.919124 1.083040 0.585976 0.304115 0.151504 0.072518 0.033399 0.014837 0.006391 0.002701 0.001152 0.000527 0.000283 0.000192 0.000159 0.000147 0.000143 0.000142 0.000142 0.000142 0.000142 0.000142 0.000142 0.000142 0.000142 0.000142 0.000141 0.000141 0.000141 0.000140 0.000139 0.000137 0.000134 0.000129 0.000121 0.000110 0.000095 0.000076 0.000053 0.000027 0.000000 
50.000000 40.821094 32.127583 24.327967 17.697229 12.353290 8.267924 5.303222 3.259288 1.919359 1.083279 0.586216 0.304357 0.151747 0.072761 0.033642 0.015081 0.006635 0.002945 0.001396 0.000770 0.000526 0.000435 0.000402 0.000391 0.000387 0.000386 0.000385 0.000385 0.000385 0.000385 0.000385 0.000385 0.000385 0.000385 0.000385 0.000384 0.000383 0.000382 0.000379 0.000374 0.000365 0.000351 0.000330 0.000300 0.000259 0.000207 0.000145 0.000075 0.000000 
50.000000 40.821210 32.127808 24.328289 17.697635 12.353763 8.268448 5.303783 3.259873 1.919961 1.083891 0.586835 0.304979 0.152371 0.073386 0.034267 0.015706 0.007260 0.003570 0.002021 0.001396 0.001152 0.001061 0.001028 0.001016 0.001013 0.001011 0.001011 0.001011 0.001011 0.001011 0.001011 0.001011 0.001011 0.001010 0.001010 0.001009 0.001007 0.001003 0.000995 0.000981 0.000959 0.000922 0.000867 0.000789 0.000682 0.000546 0.000382 0.000197 0.000000 
50.000000 40.821495 32.128364 24.329087 17.698639 12.354932 8.269743 5.305170 3.261323 1.921452 1.085407 0.588367 0.306519 0.153915 0.074933 0.035815 0.017255 0.008809 0.005120 0.003570 0.002945 0.002701 0.002610 0.002577 0.002566 0.002562 0.002560 0.002560 0.002560 0.002560 0.002560 0.002560 0.002560 0.002559 0.002559 0.002558 0.002555 0.002550 0.002540 0.002521 0.002487 0.002430 0.002339 0.002201 0.002002 0.001733 0.001388 0.000972 0.000501 0.000000 
50.000000 40.822175 32.129687 24.330988 17.701029 12.357716 8.272828 5.308473 3.264776 1.925002 1.089019 0.592014 0.310187 0.157594 0.078618 0.039503 0.020944 0.012499 0.008809 0.007260 0.006635 0.006391 0.006300 0.006267 0.006255 0.006251 0.006250 0.006250 0.006250 0.006250 0.006250 0.006249 0.006249 0.006249 0.006247 0.006245 0.006239 0.006226 0.006202 0.006156 0.006076 0.005939 0.005719 0.005384 0.004902 0.004245 0.003402 0.002385 0.001230 0.000000 
50.000000 40.823730 32.132715 24.335336 17.706498 12.364088 8.279889 5.316032 3.272678 1.933129 1.097286 0.600363 0.318583 0.166016 0.087052 0.047944 0.029387 0.020944 0.017255 0.015706 0.015081 0.014837 0.014746 0.014713 0.014702 0.014698 0.014696 0.014696 0.014696 0.014696 0.014696 0.014695 0.014695 0.014694 0.014691 0.014684 0.014671 0.014642 0.014587 0.014482 0.014296 0.013980 0.013470 0.012691 0.011563 0.010023 0.008040 0.005640 0.002911 0.000000 
50.000000 40.827147 32.139367 24.344889 17.718515 12.378088 8.295403 5.332643 3.290044 1.950988 1.115452 0.618712 0.337034 0.184522 0.105588 0.066493 0.047944 0.039503 0.035815 0.034267 0.033642 0.033399 0.033307 0.033274 0.033263 0.033259 0.033258 0.033257 0.033257 0.033257 0.033257 0.033256 0.033255 0.033253 0.033246 0.033233 0.033203 0.033141 0.033019 0.032790 0.032379 0.031678 0.030543 0.028799 0.026265 0.022790 0.018300 0.012848 0.006635 0.000000 
50.000000 40.834346 32.153383 24.365017 17.743835 12.407589 8.328095 5.367647 3.326639 1.988625 1.153736 0.657381 0.375921 0.223526 0.144652 0.105588 0.087052 0.078618 0.074933 0.073386 0.072761 0.072518 0.072427 0.072394 0.072383 0.072379 0.072378 0.072377 0.072377 0.072377 0.072377 0.072376 0.072373 0.072368 0.072355 0.072326 0.072264 0.072135 0.071880 0.071398 0.070529 0.069041 0.066617 0.062875 0.057409 0.049874 0.040098 0.028180 0.014562 0.000000 
50.000000 40.848877 32.181673 24.405645 17.794946 12.467139 8.394090 5.438313 3.400521 2.064610 1.231033 0.735455 0.454435 0.302278 0.223526 0.184522 0.166016 0.157594 0.153915 0.152371 0.151747 0.151504 0.151413 0.151380 0.151369 0.151365 0.151363 0.151363 0.151363 0.151363 0.151362 0.151360 0.151356 0.151345 0.151320 0.151263 0.151139 0.150882 0.150372 0.149403 0.147649 0.144626 0.139673 0.131978 0.120671 0.104992 0.084536 0.059486 0.030767 0.000000 
50.000000 40.876944 32.236316 24.484124 17.893675 12.582177 8.521583 5.574835 3.543258 2.211417 1.380374 0.886300 0.606132 0.454435 0.375921 0.337034 0.318583 0.310187 0.306519 0.304979 0.304357 0.304115 0.304025 0.303992 0.303980 0.303976 0.303975 0.303975 0.303974 0.303974 0.303973 0.303969 0.303961 0.303941 0.303894 0.303786 0.303553 0.303066 0.302094 0.300239 0.296859 0.290996 0.281324 0.266191 0.243791 0.212508 0.171419 0.120815 0.062555 0.000000 
50.000000 40.928766 32.337211 24.629031 18.075981 12.794603 8.757018 5.826950 3.806861 2.482541 1.656185 1.164893 0.886300 0.735455 0.657381 0.618712 0.600363 0.592014 0.588367 0.586835 0.586216 0.585976 0.585886 0.585853 0.585842 0.585838 0.585836 0.585836 0.585836 0.585835 0.585833 0.585827 0.585812 0.585777 0.585693 0.585501 0.585083 0.584206 0.582447 0.579068 0.572871 0.562040 0.544031 0.515614 0.473181 0.413406 0.334244 0.236052 0.122394 0.000000 
50.000000 41.020129 32.515094 24.884517 18.397412 13.169154 9.172151 6.271510 4.271691 2.960646 2.142563 1.656185 1.380374 1.231033 1.153736 1.115452 1.097286 1.089019 1.085407 1.083891 1.083279 1.083040 1.082951 1.082919 1.082907 1.082904 1.082902 1.082902 1.082901 1.082900 1.082896 1.082887 1.082863 1.082803 1.082662 1.082339 1.081630 1.080135 1.077117 1.071282 1.060499 1.041490 1.009590 0.958752 0.882039 0.772817 0.626677 0.443743 0.230509 0.000000 
50.000000 41.173766 32.814229 25.314160 18.937970 13.799064 9.870333 7.019206 5.053498 3.764798 2.960646 2.482541 2.211417 2.064610 1.988625 1.950988 1.933129 1.925002 1.921452 1.919961 1.919359 1.919124 1.919036 1.919005 1.918994 1.918990 1.918989 1.918988 1.918987 1.918985 1.918979 1.918965 1.918927 1.918833 1.918609 1.918095 1.916961 1.914558 1.909670 1.900147 1.882399 1.850808 1.797222 1.710812 1.578765 1.388274 1.130060 0.802988 0.418172 0.000000 
50.000000 41.419933 33.293526 26.002581 19.804132 14.808427 10.989129 8.217378 6.306365 5.053498 4.271691 3.806861 3.543258 3.400521 3.326639 3.290044 3.272678 3.264776 3.261323 3.259873 3.259288 3.259060 3.258974 3.258943 3.258933 3.258929 3.258928 3.258927 3.258926 3.258923 3.258915 3.258893 3.258837 3.258698 3.258365 3.257598 3.255895 3.252262 3.244821 3.230201 3.202690 3.153182 3.068154 2.929122 2.713391 2.397056 1.961078 1.400137 0.731722 0.000000 
50.000000 41.795357 34.024500 27.052509 21.125168 16.347908 12.695561 10.044924 8.217378 7.019206 6.271510 5.826950 5.574835 5.438313 5.367647 5.332643 5.316032 5.308473 5.305170 5.303783 5.303222 5.303004 5.302923 5.302893 5.302883 5.302879 5.302878 5.302877 5.302876 5.302872 5.302860 5.302831 5.302754 5.302562 5.302100 5.301030 5.298641 5.293510 5.282919 5.261921 5.221984 5.149224 5.022462 4.811769 4.478738 3.980356 3.278567 2.356438 1.237834 0.000000 
50.000000 42.339801 35.084577 28.575167 23.041039 18.580638 15.170480 12.695561 10.989129 9.870333 9.172151 8.757018 8.521583 8.394090 8.328095 8.295403 8.279889 8.272828 8.269743 8.268448 8.267924 8.267721 8.267644 8.267617 8.267607 8.267604 8.267602 8.267601 8.267600 8.267594 8.267580 8.267542 8.267444 8.267198 8.266604 8.265220 8.262112 8.255392 8.241404 8.213400 8.159521 8.060007 7.883792 7.585240 7.102683 6.361900 5.289125 3.838317 2.032198 0.000000 
50.000000 43.089921 36.545137 30.673094 25.680784 21.657021 18.580638 16.347908 14.808427 13.799064 13.169154 12.794603 12.582177 12.467139 12.407589 12.378088 12.364088 12.357716 12.354932 12.353763 12.353290 12.353107 12.353038 12.353013 12.353004 12.353001 12.353000 12.352999 12.352997 12.352991 12.352974 12.352930 12.352815 12.352525 12.351823 12.350180 12.346469 12.338386 12.321422 12.287115 12.220298 12.095036 11.869170 11.477954 10.828510 9.799308 8.252985 6.075989 3.258316 0.000000 
50.000000 44.070992 38.455396 33.416993 29.133386 25.680784 23.041039 21.125168 19.804132 18.937970 18.397412 18.075981 17.893675 17.794946 17.743835 17.718515 17.706498 17.701029 17.698639 17.697635 17.697229 17.697071 17.697012 17.696991 17.696983 17.696981 17.696980 17.696979 17.696976 17.696970 17.696953 17.696906 17.696784 17.696476 17.695725 17.693961 17.689953 17.681167 17.662575 17.624595 17.549696 17.407076 17.144812 16.679139 15.881476 14.566693 12.493492 9.404036 5.156029 0.000000 
50.000000 45.288162 40.825382 36.821279 33.416993 30.673094 28.575167 27.052509 26.002581 25.314160 24.884517 24.629031 24.484124 24.405645 24.365017 24.344889 24.335336 24.330988 24.329087 24.328289 24.327967 24.327841 24.327794 24.327777 24.327771 24.327769 24.327768 24.327767 24.327765 24.327760 24.327743 24.327700 24.327585 24.327296 24.326589 24.324919 24.321109 24.312705 24.294788 24.257841 24.184101 24.041503 23.773943 23.286042 22.420109 20.923502 18.410640 14.350361 8.197864 0.000000 
50.000000 46.719774 43.612926 40.825382 38.455396 36.545137 35.084577 34.024500 33.293526 32.814229 32.515094 32.337211 32.236316 32.181673 32.153383 32.139367 32.132715 32.129687 32.128364 32.127808 32.127583 32.127496 32.127463 32.127451 32.127447 32.127446 32.127445 32.127444 32.127443 32.127438 32.127426 32.127391 32.127302 32.127075 32.126519 32.125203 32.122187 32.115501 32.101159 32.071351 32.011242 31.893389 31.668062 31.246260 30.469148 29.051360 26.475021 21.806463 13.499507 0.000000 
50.000000 48.315367 46.719774 45.288162 44.070992 43.089921 42.339801 41.795357 41.419933 41.173766 41.020129 40.928766 40.876944 40.848877 40.834346 40.827147 40.823730 40.822175 40.821495 40.821210 40.821094 40.821050 40.821033 40.821027 40.821024 40.821024 40.821023 40.821023 40.821022 40.821020 40.821013 40.820994 40.820945 40.820820 40.820513 40.819784 40.818110 40.814389 40.806372 40.789620 40.755594 40.688211 40.557523 40.307603 39.831605 38.914963 37.090298 33.220267 24.157684 0.000000 
50.000000 50.000000 50.000000 50.000000 50.000000 50.000000 50.000000 50.000000 50.000000 50.000000 50.000000 50.000000 50.000000 50.000000 50.000000 50.000000 50.000000 50.000000 50.000000 50.000000 50.000000 50.000000 50.000000 50.000000 50.000000 50.000000 50.000000 50.000000 50.000000 50.000000 50.000000 50.000000 50.000000 50.000000 50.000000 50.000000 50.000000 50.000000 50.000000 50.000000 50.000000 50.000000 50.000000 50.000000 50.000000 50.000000 50.000000 50.000000 50.000000 50.000000 
