50.000000 50.000000 50.000000 50.000000 50.000000 50.000000 50.000000 50.000000 50.000000 50.000000 50.000000 50.000000 50.000000 50.000000 50.000000 50.000000 50.000000 50.000000 50.000000 50.000000 50.000000 50.000000 50.000000 50.000000 50.000000 50.000000 50.000000 50.000000 50.000000 50.000000 50.000000 50.000000 50.000000 50.000000 50.000000 50.000000 50.000000 50.000000 50.000000 50.000000 50.000000 50.000000 50.000000 50.000000 50.000000 50.000000 50.000000 50.000000 50.000000 50.000000 
50.000000 48.811097 47.666562 46.605798 45.659210 44.845771 44.172482 43.635572 43.222947 42.917238 42.698800 42.548213 42.448010 42.383621 42.343648 42.319659 42.305737 42.297918 42.293667 42.291428 42.290285 42.289719 42.289448 42.289321 42.289263 42.289236 42.289222 42.289210 42.289191 42.289149 42.289059 42.288866 42.288459 42.287625 42.285956 42.282697 42.276481 42.264888 42.243722 42.205813 42.139041 42.022957 41.822741 41.477645 40.876829 39.803508 37.790734 33.704826 24.405549 0.000000 
50.000000 47.666562 45.420204 43.338265 41.480419 39.883905 38.562463 37.508691 36.698852 36.098853 35.670139 35.374593 35.177933 35.051565 34.973113 34.926033 34.898710 34.883365 34.875022 34.870628 34.868385 34.867275 34.866742 34.866493 34.866379 34.866327 34.866300 34.866277 34.866240 34.866162 34.865994 34.865633 34.864874 34.863320 34.860216 34.854168 34.842659 34.821263 34.782353 34.713028 34.591773 34.383002 34.027911 33.428508 32.418526 30.708468 27.781271 22.710102 13.961736 0.000000 
50.000000 46.605798 43.338265 40.309900 37.607506 35.285248 33.363113 31.830331 30.652374 29.779646 29.156066 28.726186 28.440142 28.256339 28.142232 28.073756 28.034016 28.011698 27.999564 27.993173 27.989911 27.988297 27.987521 27.987159 27.986994 27.986919 27.986880 27.986847 27.986797 27.986693 27.986468 27.985984 27.984970 27.982898 27.978771 27.970753 27.955556 27.927439 27.876613 27.786761 27.631197 27.366985 26.925915 26.200620 25.023507 23.136444 20.154950 15.556993 8.815064 0.000000 
50.000000 45.659210 41.480419 37.607506 34.151481 31.181617 28.723471 26.763267 25.256844 24.140771 23.343325 22.793592 22.427800 22.192758 22.046842 21.959280 21.908462 21.879925 21.864409 21.856238 21.852067 21.850002 21.849011 21.848548 21.848337 21.848241 21.848192 21.848154 21.848096 21.847977 21.847719 21.847169 21.846018 21.843673 21.839017 21.830008 21.813018 21.781771 21.725712 21.627538 21.459600 21.178776 20.719438 19.984257 18.833465 17.075741 14.471062 10.771951 5.855702 0.000000 
50.000000 44.845771 39.883905 35.285248 31.181617 27.655264 24.736533 22.409063 20.620411 19.295255 18.348426 17.695722 17.261421 16.982360 16.809121 16.705164 16.644832 16.610952 16.592532 16.582832 16.577880 16.575430 16.574253 16.573703 16.573453 16.573340 16.573284 16.573241 16.573181 16.573058 16.572795 16.572232 16.571061 16.568681 16.563975 16.554914 16.537919 16.506878 16.451651 16.355923 16.194245 15.928179 15.501663 14.836211 13.827632 12.348152 10.261741 7.465379 3.968942 0.000000 
50.000000 44.172482 38.562463 33.363113 28.723471 24.736533 21.436604 18.805180 16.782959 15.284776 14.214333 13.476425 12.985436 12.669956 12.474111 12.356591 12.288389 12.250091 12.229269 12.218304 12.212707 12.209937 12.208606 12.207986 12.207704 12.207576 12.207514 12.207471 12.207412 12.207296 12.207047 12.206519 12.205422 12.203203 12.198834 12.190463 12.174860 12.146567 12.096663 12.011063 11.868318 11.637012 11.273143 10.718302 9.900322 8.739213 7.162493 5.133955 2.694837 0.000000 
50.000000 43.635572 37.508691 31.830331 26.763267 22.409063 18.805180 15.931401 13.722956 12.086826 10.917835 10.112004 9.575829 9.231321 9.017459 8.889130 8.814658 8.772838 8.750103 8.738130 8.732019 8.728995 8.727542 8.726865 8.726557 8.726419 8.726353 8.726310 8.726256 8.726153 8.725934 8.725472 8.724515 8.722586 8.718807 8.711604 8.698261 8.674244 8.632247 8.560945 8.443478 8.255858 7.965700 7.532037 6.907401 6.043830 4.904417 3.480779 1.812830 0.000000 
50.000000 43.222947 36.698852 30.652374 25.256844 20.620411 16.782959 13.722956 11.371425 9.629308 8.384606 7.526596 6.955712 6.588907 6.361208 6.224579 6.145291 6.100768 6.076563 6.063817 6.057312 6.054092 6.052546 6.051825 6.051497 6.051351 6.051283 6.051241 6.051194 6.051108 6.050927 6.050547 6.049761 6.048185 6.045111 6.039285 6.028558 6.009389 5.976149 5.920261 5.829224 5.685713 5.467098 5.145947 4.692232 4.078068 3.285389 2.315850 1.199990 0.000000 
50.000000 42.917238 36.098853 29.779646 24.140771 19.295255 15.284776 12.086826 9.629308 7.808689 6.507915 5.611264 5.014677 4.631364 4.393421 4.250646 4.167794 4.121270 4.095978 4.082660 4.075863 4.072499 4.070883 4.070130 4.069788 4.069636 4.069566 4.069527 4.069488 4.069419 4.069277 4.068980 4.068371 4.067153 4.064788 4.060328 4.052168 4.037687 4.012773 3.971264 3.904345 3.800083 3.643348 3.416458 3.101009 2.681172 2.148449 1.507080 0.778197 0.000000 
50.000000 42.698800 35.670139 29.156066 23.343325 18.348426 14.214333 10.917835 8.384606 6.507915 5.167092 4.242844 3.627903 3.232802 2.987545 2.840385 2.754988 2.707036 2.680969 2.667242 2.660237 2.656770 2.655105 2.654329 2.653977 2.653820 2.653750 2.653713 2.653681 2.653629 2.653523 2.653303 2.652853 2.651959 2.650229 2.646985 2.641083 2.630677 2.612907 2.583546 2.536650 2.464345 2.356890 2.203270 1.992503 1.715786 1.369305 0.957111 0.492987 0.000000 
50.000000 42.548213 35.374593 28.726186 22.793592 17.695722 13.476425 10.112004 7.526596 5.611264 4.242844 3.299583 2.671997 2.268776 2.018482 1.868300 1.781151 1.732217 1.705615 1.691608 1.684459 1.680921 1.679222 1.678430 1.678071 1.677912 1.677842 1.677807 1.677781 1.677742 1.677667 1.677511 1.677195 1.676569 1.675362 1.673111 1.669037 1.661899 1.649791 1.629937 1.598490 1.550447 1.479757 1.379762 1.244071 1.067879 0.849573 0.592240 0.304491 0.000000 
50.000000 42.448010 35.177933 28.440142 22.427800 17.261421 12.985436 9.575829 6.955712 5.014677 3.627903 2.671997 2.036004 1.627384 1.373741 1.221551 1.133238 1.083651 1.056694 1.042500 1.035256 1.031671 1.029950 1.029147 1.028784 1.028623 1.028553 1.028520 1.028498 1.028470 1.028419 1.028314 1.028101 1.027681 1.026877 1.025382 1.022691 1.018002 1.010098 0.997226 0.976990 0.946323 0.901586 0.838869 0.754542 0.646029 0.512703 0.356670 0.183122 0.000000 
50.000000 42.383621 35.051565 28.256339 22.192758 16.982360 12.669956 9.231321 6.588907 4.631364 3.232802 2.268776 1.627384 1.215299 0.959506 0.806028 0.716968 0.666961 0.639777 0.625463 0.618158 0.614543 0.612807 0.611998 0.611631 0.611470 0.611400 0.611368 0.611350 0.611330 0.611296 0.611228 0.611091 0.610821 0.610307 0.609355 0.607650 0.604693 0.599739 0.591719 0.579195 0.560349 0.533060 0.495096 0.444441 0.379740 0.300783 0.208906 0.107141 0.000000 
50.000000 42.343648 34.973113 28.142232 22.046842 16.809121 12.474111 9.017459 6.361208 4.393421 2.987545 2.018482 1.373741 0.959506 0.702380 0.548103 0.458579 0.408313 0.380988 0.366600 0.359257 0.355623 0.353878 0.353065 0.352697 0.352534 0.352464 0.352434 0.352418 0.352404 0.352382 0.352340 0.352255 0.352088 0.351772 0.351190 0.350151 0.348359 0.345371 0.340560 0.333092 0.321924 0.305856 0.283648 0.254207 0.216834 0.171479 0.118945 0.060951 0.000000 
50.000000 42.319659 34.926033 28.073756 21.959280 16.705164 12.356591 8.889130 6.224579 4.250646 2.840385 1.868300 1.221551 0.806028 0.548103 0.393347 0.303546 0.253124 0.225714 0.211282 0.203916 0.200271 0.198521 0.197705 0.197336 0.197173 0.197103 0.197073 0.197059 0.197049 0.197035 0.197009 0.196959 0.196860 0.196673 0.196331 0.195721 0.194675 0.192938 0.190156 0.185859 0.179468 0.170324 0.157757 0.141188 0.120263 0.094985 0.065817 0.033704 0.000000 
50.000000 42.305737 34.898710 28.034016 21.908462 16.644832 12.288389 8.814658 6.145291 4.167794 2.754988 1.781151 1.133238 0.716968 0.458579 0.303546 0.213584 0.163072 0.135614 0.121155 0.113776 0.110125 0.108372 0.107555 0.107185 0.107022 0.106952 0.106922 0.106909 0.106901 0.106893 0.106878 0.106849 0.106792 0.106686 0.106491 0.106147 0.105557 0.104583 0.103029 0.100641 0.097105 0.092071 0.085186 0.076151 0.064790 0.051117 0.035390 0.018112 0.000000 
50.000000 42.297918 34.883365 28.011698 21.879925 16.610952 12.250091 8.772838 6.100768 4.121270 2.707037 1.732217 1.083651 0.666961 0.408313 0.253124 0.163072 0.112509 0.085023 0.070551 0.063165 0.059510 0.057755 0.056937 0.056566 0.056403 0.056334 0.056304 0.056292 0.056285 0.056280 0.056271 0.056255 0.056224 0.056165 0.056059 0.055871 0.055550 0.055022 0.054183 0.052899 0.051007 0.048323 0.044669 0.039892 0.033907 0.026728 0.018491 0.009459 0.000000 
50.000000 42.293667 34.875022 27.999564 21.864409 16.592533 12.229269 8.750103 6.076564 4.095979 2.680969 1.705616 1.056695 0.639778 0.380988 0.225715 0.135614 0.085024 0.057523 0.043042 0.035652 0.031995 0.030239 0.029421 0.029051 0.028888 0.028818 0.028789 0.028776 0.028771 0.028767 0.028762 0.028753 0.028737 0.028706 0.028649 0.028550 0.028381 0.028105 0.027667 0.026999 0.026017 0.024631 0.022751 0.020300 0.017241 0.013580 0.009390 0.004801 0.000000 
50.000000 42.291428 34.870628 27.993174 21.856238 16.582832 12.218304 8.738131 6.063818 4.082661 2.667243 1.691609 1.042501 0.625464 0.366601 0.211283 0.121156 0.070551 0.043043 0.028558 0.021166 0.017508 0.015752 0.014933 0.014563 0.014400 0.014330 0.014301 0.014289 0.014284 0.014281 0.014278 0.014273 0.014265 0.014249 0.014220 0.014169 0.014083 0.013943 0.013721 0.013385 0.012892 0.012197 0.011258 0.010039 0.008519 0.006706 0.004635 0.002369 0.000000 
50.000000 42.290286 34.868386 27.989912 21.852068 16.577882 12.212709 8.732022 6.057314 4.075865 2.660239 1.684462 1.035259 0.618161 0.359260 0.203919 0.113779 0.063167 0.035655 0.021168 0.013775 0.010116 0.008360 0.007541 0.007170 0.007007 0.006937 0.006908 0.006897 0.006892 0.006889 0.006888 0.006885 0.006881 0.006873 0.006859 0.006834 0.006791 0.006722 0.006614 0.006449 0.006209 0.005871 0.005416 0.004826 0.004093 0.003220 0.002225 0.001137 0.000000 
50.000000 42.289721 34.867277 27.988300 21.850007 16.575435 12.209943 8.729001 6.054099 4.072505 2.656777 1.680928 1.031678 0.614550 0.355630 0.200279 0.110132 0.059517 0.032002 0.017515 0.010121 0.006462 0.004705 0.003887 0.003516 0.003353 0.003283 0.003254 0.003242 0.003237 0.003235 0.003234 0.003233 0.003231 0.003227 0.003220 0.003208 0.003188 0.003155 0.003103 0.003025 0.002911 0.002751 0.002537 0.002259 0.001915 0.001506 0.001040 0.000531 0.000000 
50.000000 42.289451 34.866748 27.987530 21.849022 16.574266 12.208621 8.727558 6.052563 4.070901 2.655123 1.679241 1.029969 0.612826 0.353897 0.198540 0.108391 0.057774 0.030258 0.015770 0.008376 0.004717 0.002960 0.002141 0.001771 0.001608 0.001538 0.001509 0.001497 0.001492 0.001491 0.001490 0.001489 0.001488 0.001486 0.001483 0.001477 0.001468 0.001452 0.001428 0.001392 0.001339 0.001265 0.001166 0.001038 0.000879 0.000691 0.000477 0.000244 0.000000 
50.000000 42.289329 34.866508 27.987181 21.848576 16.573737 12.208023 8.726905 6.051868 4.070175 2.654375 1.678477 1.029195 0.612046 0.353113 0.197753 0.107603 0.056985 0.029469 0.014980 0.007586 0.003927 0.002170 0.001352 0.000981 0.000818 0.000748 0.000719 0.000707 0.000703 0.000701 0.000700 0.000700 0.000699 0.000698 0.000697 0.000694 0.000689 0.000682 0.000670 0.000653 0.000628 0.000593 0.000546 0.000486 0.000412 0.000324 0.000223 0.000114 0.000000 
50.000000 42.289282 34.866417 27.987048 21.848406 16.573535 12.207795 8.726657 6.051603 4.069898 2.654090 1.678186 1.028900 0.611748 0.352814 0.197454 0.107302 0.056684 0.029168 0.014679 0.007285 0.003626 0.001870 0.001051 0.000680 0.000517 0.000447 0.000418 0.000406 0.000402 0.000400 0.000399 0.000399 0.000398 0.000398 0.000397 0.000395 0.000393 0.000389 0.000382 0.000372 0.000358 0.000338 0.000311 0.000277 0.000234 0.000184 0.000127 0.000065 0.000000 
50.000000 42.289282 34.866417 27.987048 21.848406 16.573535 12.207795 8.726657 6.051603 4.069898 2.654090 1.678186 1.028900 0.611748 0.352814 0.197454 0.107302 0.056684 0.029168 0.014679 0.007285 0.003626 0.001870 0.001051 0.000680 0.000517 0.000447 0.000418 0.000406 0.000402 0.000400 0.000399 0.000399 0.000398 0.000398 0.000397 0.000395 0.000393 0.000389 0.000382 0.000372 0.000358 0.000338 0.000311 0.000277 0.000234 0.000184 0.000127 0.000065 0.000000 
50.000000 42.289329 34.866508 27.987181 21.848576 16.573737 12.208023 8.726905 6.051868 4.070175 2.654375 1.678477 1.029195 0.612046 0.353113 0.197753 0.107603 0.056985 0.029469 0.014980 0.007586 0.003927 0.002170 0.001352 0.000981 0.000818 0.000748 0.000719 0.000707 0.000703 0.000701 0.000700 0.000700 0.000699 0.000698 0.000697 0.000694 0.000689 0.000682 0.000670 0.000653 0.000628 0.000593 0.000546 0.000486 0.000412 0.000324 0.000223 0.000114 0.000000 
50.000000 42.289451 34.866748 27.987530 21.849022 16.574266 12.208621 8.727558 6.052563 4.070901 2.655123 1.679241 1.029969 0.612826 0.353897 0.198540 0.108391 0.057774 0.030258 0.015770 0.008376 0.004717 0.002960 0.002141 0.001771 0.001608 0.001538 0.001509 0.001497 0.001492 0.001491 0.001490 0.001489 0.001488 0.001486 0.001483 0.001477 0.001468 0.001452 0.001428 0.001392 0.001339 0.001265 0.001166 0.001038 0.000879 0.000691 0.000477 0.000244 0.000000 
50.000000 42.289721 34.867277 27.988300 21.850007 16.575435 12.209943 8.729001 6.054099 4.072505 2.656777 1.680928 1.031678 0.614550 0.355630 0.200279 0.110132 0.059517 0.032002 0.017515 0.010121 0.006462 0.004705 0.003887 0.003516 0.003353 0.003283 0.003254 0.003242 0.003237 0.003235 0.003234 0.003233 0.003231 0.003227 0.003220 0.003208 0.003188 0.003155 0.003103 0.003025 0.002911 0.002751 0.002537 0.002259 0.001915 0.001506 0.001040 0.000531 0.000000 
50.000000 42.290286 34.868386 27.989912 21.852068 16.577882 12.212709 8.732022 6.057314 4.075865 2.660239 1.684462 1.035259 0.618161 0.359260 0.203919 0.113779 0.063167 0.035655 0.021168 0.013775 0.010116 0.008360 0.007541 0.007170 0.007007 0.006937 0.006908 0.006897 0.006892 0.006889 0.006888 0.006885 0.006881 0.006873 0.006859 0.006834 0.006791 0.006722 0.006614 0.006449 0.006209 0.005871 0.005416 0.004826 0.004093 0.003220 0.002225 0.001137 0.000000 
50.000000 42.291428 34.870628 27.993174 21.856238 16.582832 12.218304 8.738131 6.063818 4.082661 2.667243 1.691609 1.042501 0.625464 0.366601 0.211283 0.121156 0.070551 0.043043 0.028558 0.021166 0.017508 0.015752 0.014933 0.014563 0.014400 0.014330 0.014301 0.014289 0.014284 0.014281 0.014278 0.014273 0.014265 0.014249 0.014220 0.014169 0.014083 0.013943 0.013721 0.013385 0.012892 0.012197 0.011258 0.010039 0.008519 0.006706 0.004635 0.002369 0.000000 
50.000000 42.293667 34.875022 27.999564 21.864409 16.592533 12.229269 8.750103 6.076564 4.095979 2.680969 1.705616 1.056695 0.639778 0.380988 0.225715 0.135614 0.085024 0.057523 0.043042 0.035652 0.031995 0.030239 0.029421 0.029051 0.028888 0.028818 0.028789 0.028776 0.028771 0.028767 0.028762 0.028753 0.028737 0.028706 0.028649 0.028550 0.028381 0.028105 0.027667 0.026999 0.026017 0.024631 0.022751 0.020300 0.017241 0.013580 0.009390 0.004801 0.000000 
50.000000 42.297918 34.883365 28.011698 21.879925 16.610952 12.250091 8.772838 6.100768 4.121270 2.707037 1.732217 1.083651 0.666961 0.408313 0.253124 0.163072 0.112509 0.085023 0.070551 0.063165 0.059510 0.057755 0.056937 0.056566 0.056403 0.056334 0.056304 0.056292 0.056285 0.056280 0.056271 0.056255 0.056224 0.056165 0.056059 0.055871 0.055550 0.055022 0.054183 0.052899 0.051007 0.048323 0.044669 0.039892 0.033907 0.026728 0.018491 0.009459 0.000000 
50.000000 42.305737 34.898710 28.034016 21.908462 16.644832 12.288389 8.814658 6.145291 4.167794 2.754988 1.781151 1.133238 0.716968 0.458579 0.303546 0.213584 0.163072 0.135614 0.121155 0.113776 0.110125 0.108372 0.107555 0.107185 0.107022 0.106952 0.106922 0.106909 0.106901 0.106893 0.106878 0.106849 0.106792 0.106686 0.106491 0.106147 0.105557 0.104583 0.103029 0.100641 0.097105 0.092071 0.085186 0.076151 0.064790 0.051117 0.035390 0.018112 0.000000 
50.000000 42.319659 34.926033 28.073756 21.959280 16.705164 12.356591 8.889130 6.224579 4.250646 2.840385 1.868300 1.221551 0.806028 0.548103 0.393347 0.303546 0.253124 0.225714 0.211282 0.203916 0.200271 0.198521 0.197705 0.197336 0.197173 0.197103 0.197073 0.197059 0.197049 0.197035 0.197009 0.196959 0.196860 0.196673 0.196331 0.195721 0.194675 0.192938 0.190156 0.185859 0.179468 0.170324 0.157757 0.141188 0.120263 0.094985 0.065817 0.033704 0.000000 
50.000000 42.343648 34.973113 28.142232 22.046842 16.809121 12.474111 9.017459 6.361208 4.393421 2.987545 2.018482 1.373741 0.959506 0.702380 0.548103 0.458579 0.408313 0.380988 0.366600 0.359257 0.355623 0.353878 0.353065 0.352697 0.352534 0.352464 0.352434 0.352418 0.352404 0.352382 0.352340 0.352255 0.352088 0.351772 0.351190 0.350151 0.348359 0.345371 0.340560 0.333092 0.321924 0.305856 0.283648 0.254207 0.216834 0.171479 0.118945 0.060951 0.000000 
50.000000 42.383621 35.051565 28.256339 22.192758 16.982360 12.669956 9.231321 6.588907 4.631364 3.232802 2.268776 1.627384 1.215299 0.959506 0.806028 0.716968 0.666961 0.639777 0.625463 0.618158 0.614543 0.612807 0.611998 0.611631 0.611470 0.611400 0.611368 0.611350 0.611330 0.611296 0.611228 0.611091 0.610821 0.610307 0.609355 0.607650 0.604693 0.599739 0.591719 0.579195 0.560349 0.533060 0.495096 0.444441 0.379740 0.300783 0.208906 0.107141 0.000000 
50.000000 42.448010 35.177933 28.440142 22.427800 17.261421 12.985436 9.575829 6.955712 5.014677 3.627903 2.671997 2.036004 1.627384 1.373741 1.221551 1.133238 1.083651 1.056694 1.042500 1.035256 1.031671 1.029950 1.029147 1.028784 1.028623 1.028553 1.028520 1.028498 1.028470 1.028419 1.028314 1.028101 1.027681 1.026877 1.025382 1.022691 1.018002 1.010098 0.997226 0.976990 0.946323 0.901586 0.838869 0.754542 0.646029 0.512703 0.356670 0.183122 0.000000 
50.000000 42.548213 35.374593 28.726186 22.793592 17.695722 13.476425 10.112004 7.526596 5.611264 4.242844 3.299583 2.671997 2.268776 2.018482 1.868300 1.781151 1.732217 1.705615 1.691608 1.684459 1.680921 1.679222 1.678430 1.678071 1.677912 1.677842 1.677807 1.677781 1.677742 1.677667 1.677511 1.677195 1.676569 1.675362 1.673111 1.669037 1.661899 1.649791 1.629937 1.598490 1.550447 1.479757 1.379762 1.244071 1.067879 0.849573 0.592240 0.304491 0.000000 
50.000000 42.698800 35.670139 29.156066 23.343325 18.348426 14.214333 10.917835 8.384606 6.507915 5.167092 4.242844 3.627903 3.232802 2.987545 2.840385 2.754988 2.707036 2.680969 2.667242 2.660237 2.656770 2.655105 2.654329 2.653977 2.653820 2.653750 2.653713 2.653681 2.653629 2.653523 2.653303 2.652853 2.651959 2.650229 2.646985 2.641083 2.630677 2.612907 2.583546 2.536650 2.464345 2.356890 2.203270 1.992503 1.715786 1.369305 0.957111 0.492987 0.000000 
50.000000 42.917238 36.098853 29.779646 24.140771 19.295255 15.284776 12.086826 9.629308 7.808689 6.507915 5.611264 5.014677 4.631364 4.393421 4.250646 4.167794 4.121270 4.095978 4.082660 4.075863 4.072499 4.070883 4.070130 4.069788 4.069636 4.069566 4.069527 4.069488 4.069419 4.069277 4.068980 4.068371 4.067153 4.064788 4.060328 4.052168 4.037687 4.012773 3.971264 3.904345 3.800083 3.643348 3.416458 3.101009 2.681172 2.148449 1.507080 0.778197 0.000000 
50.000000 43.222947 36.698852 30.652374 25.256844 20.620411 16.782959 13.722956 11.371425 9.629308 8.384606 7.526596 6.955712 6.588907 6.361208 6.224579 6.145291 6.100768 6.076563 6.063817 6.057312 6.054092 6.052546 6.051825 6.051497 6.051351 6.051283 6.051241 6.051194 6.051108 6.050927 6.050547 6.049761 6.048185 6.045111 6.039285 6.028558 6.009389 5.976149 5.920261 5.829224 5.685713 5.467098 5.145947 4.692232 4.078068 3.285389 2.315850 1.199990 0.000000 
50.000000 43.635572 37.508691 31.830331 26.763267 22.409063 18.805180 15.931401 13.722956 12.086826 10.917835 10.112004 9.575829 9.231321 9.017459 8.889130 8.814658 8.772838 8.750103 8.738130 8.732019 8.728995 8.727542 8.726865 8.726557 8.726419 8.726353 8.726310 8.726256 8.726153 8.725934 8.725472 8.724515 8.722586 8.718807 8.711604 8.698261 8.674244 8.632247 8.560945 8.443478 8.255858 7.965700 7.532037 6.907401 6.043830 4.904417 3.480779 1.812830 0.000000 
50.000000 44.172482 38.562463 33.363113 28.723471 24.736533 21.436604 18.805180 16.782959 15.284776 14.214333 13.476425 12.985436 12.669956 12.474111 12.356591 12.288389 12.250091 12.229269 12.218304 12.212707 12.209937 12.208606 12.207986 12.207704 12.207576 12.207514 12.207471 12.207412 12.207296 12.207047 12.206519 12.205422 12.203203 12.198834 12.190463 12.174860 12.146567 12.096663 12.011063 11.868318 11.637012 11.273143 10.718302 9.900322 8.739213 7.162493 5.133955 2.694837 0.000000 
50.000000 44.845771 39.883905 35.285248 31.181617 27.655264 24.736533 22.409063 20.620411 19.295255 18.348426 17.695722 17.261421 16.982360 16.809121 16.705164 16.644832 16.610952 16.592532 16.582832 16.577880 16.575430 16.574253 16.573703 16.573453 16.573340 16.573284 16.573241 16.573181 16.573058 16.572795 16.572232 16.571061 16.568681 16.563975 16.554914 16.537919 16.506878 16.451651 16.355923 16.194245 15.928179 15.501663 14.836211 13.827632 12.348152 10.261741 7.465379 3.968942 0.000000 
50.000000 45.659210 41.480419 37.607506 34.151481 31.181617 28.723471 26.763267 25.256844 24.140771 23.343325 22.793592 22.427800 22.192758 22.046842 21.959280 21.908462 21.879925 21.864409 21.856238 21.852067 21.850002 21.849011 21.848548 21.848337 21.848241 21.848192 21.848154 21.848096 21.847977 21.847719 21.847169 21.846018 21.843673 21.839017 21.830008 21.813018 21.781771 21.725712 21.627538 21.459600 21.178776 20.719438 19.984257 18.833465 17.075741 14.471062 10.771951 5.855702 0.000000 
50.000000 46.605798 43.338265 40.309900 37.607506 35.285248 33.363113 31.830331 30.652374 29.779646 29.156066 28.726186 28.440142 28.256339 28.142232 28.073756 28.034016 28.011698 27.999564 27.993173 27.989911 27.988297 27.987521 27.987159 27.986994 27.986919 27.986880 27.986847 27.986797 27.986693 27.986468 27.985984 27.984970 27.982898 27.978771 27.970753 27.955556 27.927439 27.876613 27.786761 27.631197 27.366985 26.925915 26.200620 25.023507 23.136444 20.154950 15.556993 8.815064 0.000000 
50.000000 47.666562 45.420204 43.338265 41.480419 39.883905 38.562463 37.508691 36.698852 36.098853 35.670139 35.374593 35.177933 35.051565 34.973113 34.926033 34.898710 34.883365 34.875022 34.870628 34.868385 34.867275 34.866742 34.866493 34.866379 34.866327 34.866300 34.866277 34.866240 34.866162 34.865994 34.865633 34.864874 34.863320 34.860216 34.854168 34.842659 34.821263 34.782353 34.713028 34.591773 34.383002 34.027911 33.428508 32.418526 30.708468 27.781271 22.710102 13.961736 0.000000 
50.000000 48.811097 47.666562 46.605798 45.659210 44.845771 44.172482 43.635572 43.222947 42.917238 42.698800 42.548213 42.448010 42.383621 42.343648 42.319659 42.305737 42.297918 42.293667 42.291428 42.290285 42.289719 42.289448 42.289321 42.289263 42.289236 42.289222 42.289210 42.289191 42.289149 42.289059 42.288866 42.288459 42.287625 42.285956 42.282697 42.276481 42.264888 42.243722 42.205813 42.139041 42.022957 41.822741 41.477645 40.876829 39.803508 37.790734 33.704826 24.405549 0.000000 
50.000000 50.000000 50.000000 50.000000 50.000000 50.000000 50.000000 50.000000 50.000000 50.000000 50.000000 50.000000 50.000000 50.000000 50.000000 50.000000 50.000000 50.000000 50.000000 50.000000 50.000000 50.000000 50.000000 50.000000 50.000000 50.000000 50.000000 50.000000 50.000000 50.000000 50.000000 50.000000 50.000000 50.000000 50.000000 50.000000 50.000000 50.000000 50.000000 50.000000 50.000000 50.000000 50.000000 50.000000 50.000000 50.000000 50.000000 50.000000 50.000000 50.000000 
