50.000000 50.000000 50.000000 50.000000 50.000000 50.000000 50.000000 50.000000 50.000000 50.000000 50.000000 50.000000 50.000000 50.000000 50.000000 50.000000 50.000000 50.000000 50.000000 50.000000 50.000000 50.000000 50.000000 50.000000 50.000000 50.000000 50.000000 50.000000 50.000000 50.000000 50.000000 50.000000 50.000000 50.000000 50.000000 50.000000 50.000000 50.000000 50.000000 50.000000 50.000000 50.000000 50.000000 50.000000 50.000000 50.000000 50.000000 50.000000 50.000000 50.000000 
50.000000 48.843070 47.728154 46.692693 45.765811 44.966017 44.300624 43.766765 43.353581 43.045003 42.822548 42.667688 42.563543 42.495854 42.453316 42.427457 42.412242 42.403575 42.398791 42.396232 42.394904 42.394236 42.393909 42.393754 42.393682 42.393648 42.393630 42.393615 42.393590 42.393540 42.393433 42.393207 42.392738 42.391792 42.389924 42.386325 42.379546 42.367052 42.344492 42.304500 42.234721 42.114448 41.908602 41.556206 40.946264 39.861948 37.836405 33.736211 24.421535 0.000000 
50.000000 47.728154 45.538812 43.505496 41.685396 40.114860 38.808248 37.759928 36.948577 36.342638 35.905816 35.601727 35.397226 35.264311 35.180784 35.130006 35.100131 35.083112 35.073719 35.068694 35.066087 35.064775 35.064134 35.063829 35.063688 35.063622 35.063586 35.063557 35.063511 35.063417 35.063217 35.062793 35.061918 35.060152 35.056672 35.049981 35.037409 35.014311 34.972767 34.899506 34.772569 34.555884 34.190154 33.576957 32.549731 30.818896 27.867571 22.769406 13.991944 0.000000 
50.000000 46.692693 43.505496 40.545443 37.895792 35.609456 33.707339 32.181241 31.000119 30.118030 29.482136 29.039468 28.741775 28.548292 28.426703 28.352788 28.309300 28.284526 28.270854 28.263540 28.259745 28.257836 28.256902 28.256459 28.256253 28.256157 28.256107 28.256065 28.256003 28.255876 28.255607 28.255039 28.253866 28.251504 28.246865 28.237970 28.221322 28.190882 28.136463 28.041239 27.877922 27.602911 27.147322 26.403204 25.202560 23.287143 20.272722 15.637925 8.856288 0.000000 
50.000000 45.765811 41.685396 37.895792 34.503590 31.576531 29.141378 27.187631 25.675538 24.546284 23.732216 23.165520 22.784424 22.536736 22.381085 22.286465 22.230796 22.199084 22.181582 22.172219 22.167363 22.164918 22.163724 22.163156 22.162893 22.162770 22.162707 22.162658 22.162585 22.162440 22.162131 22.161482 22.160145 22.157462 22.152207 22.142175 22.123490 22.089530 22.029274 21.924826 21.747832 21.454392 20.978094 20.220925 19.042644 17.251795 14.608650 10.866501 5.903863 0.000000 
50.000000 44.966017 40.114860 35.609456 31.576531 28.096624 25.201550 22.878819 21.081169 19.738669 18.770884 18.097190 17.644144 17.349698 17.164665 17.052186 16.986012 16.948315 16.927510 16.916382 16.910609 16.907703 16.906284 16.905609 16.905296 16.905152 16.905079 16.905024 16.904948 16.904797 16.904480 16.903813 16.902446 16.899709 16.894373 16.884231 16.865450 16.831548 16.771894 16.669548 16.498318 16.218944 15.774538 15.085890 14.048312 12.533887 10.406895 7.565129 4.019752 0.000000 
50.000000 44.300624 38.808248 33.707339 29.141378 25.201550 21.923869 19.294193 17.259005 15.739125 14.643483 13.880795 13.367909 13.034577 12.825111 12.697781 12.622871 12.580198 12.556649 12.544052 12.537517 12.534229 12.532622 12.531858 12.531505 12.531342 12.531262 12.531205 12.531130 12.530987 12.530686 12.530056 12.528768 12.526201 12.521217 12.511793 12.494447 12.463362 12.409140 12.317085 12.165021 11.920732 11.539408 10.961935 10.115659 8.920453 7.304135 5.231291 2.744418 0.000000 
50.000000 43.766765 37.759928 32.181241 27.187631 22.878819 19.294193 16.418278 14.192540 12.530375 11.332177 10.498110 9.937231 9.572713 9.343654 9.204416 9.122503 9.075841 9.050090 9.036316 9.029172 9.025576 9.023819 9.022984 9.022598 9.022421 9.022336 9.022279 9.022211 9.022082 9.021816 9.021260 9.020129 9.017882 9.013541 9.005375 8.990440 8.963872 8.917928 8.840726 8.714742 8.515253 8.209139 7.754785 7.104281 6.209536 5.033920 3.569774 1.858162 0.000000 
50.000000 43.353581 36.948577 31.000119 25.675538 21.081169 17.259005 14.192540 11.819353 10.047091 8.769544 7.880253 7.282246 6.893604 6.649390 6.500943 6.413612 6.363866 6.336413 6.321729 6.314113 6.310280 6.308407 6.307518 6.307106 6.306919 6.306830 6.306775 6.306715 6.306606 6.306384 6.305923 6.304987 6.303137 6.299578 6.292921 6.280820 6.259449 6.222803 6.161823 6.063433 5.909677 5.677288 5.338274 4.862226 4.221146 3.397208 2.392693 1.239133 0.000000 
50.000000 43.045003 36.342638 30.118030 24.546284 19.738669 15.739125 12.530375 10.047091 8.192629 6.855842 5.925325 5.299604 4.892956 4.637431 4.482110 4.390738 4.338690 4.309969 4.294606 4.286638 4.282627 4.280668 4.279738 4.279308 4.279113 4.279022 4.278970 4.278919 4.278832 4.278656 4.278293 4.277560 4.276118 4.273355 4.268216 4.258930 4.242645 4.214941 4.169259 4.096315 3.983658 3.815633 3.574104 3.240351 2.798452 2.240108 1.570069 0.810282 0.000000 
50.000000 42.822548 35.905816 29.482136 23.732216 18.770884 14.643483 11.332177 8.769544 6.855842 5.476364 4.516141 3.870452 3.450832 3.187159 3.026888 2.932605 2.878900 2.849264 2.833413 2.825191 2.821053 2.819032 2.818072 2.817629 2.817429 2.817337 2.817288 2.817245 2.817178 2.817045 2.816774 2.816228 2.815158 2.813119 2.809344 2.802563 2.790750 2.770801 2.738182 2.686583 2.607721 2.491451 2.326398 2.101336 1.807390 1.440897 1.006310 0.518048 0.000000 
50.000000 42.667688 35.601727 29.039468 23.165520 18.097190 13.880795 10.498110 7.880253 5.925325 4.516141 3.535249 2.875667 2.447023 2.177683 2.013969 1.917662 1.862804 1.832533 1.816342 1.807944 1.803718 1.801653 1.800674 1.800221 1.800017 1.799925 1.799879 1.799843 1.799793 1.799698 1.799504 1.799116 1.798359 1.796921 1.794274 1.789545 1.781357 1.767624 1.745340 1.710384 1.657450 1.580182 1.471656 1.325297 1.136247 0.903005 0.628959 0.323196 0.000000 
50.000000 42.563543 35.397226 28.741775 22.784424 17.644144 13.367909 9.937231 7.282246 5.299604 3.870452 2.875667 2.206749 1.772041 1.498893 1.332866 1.235199 1.179568 1.148869 1.132450 1.123934 1.119649 1.117555 1.116562 1.116103 1.115897 1.115805 1.115761 1.115731 1.115695 1.115629 1.115496 1.115232 1.114719 1.113750 1.111972 1.108813 1.103374 1.094310 1.079702 1.056959 1.022797 0.973360 0.904547 0.812596 0.694894 0.550894 0.382915 0.196491 0.000000 
50.000000 42.495854 35.264311 28.548292 22.536736 17.349698 13.034577 9.572713 6.893604 4.892956 3.450832 2.447023 1.772041 1.333395 1.057775 0.890246 0.791696 0.735563 0.704587 0.688021 0.679428 0.675104 0.672991 0.671989 0.671527 0.671319 0.671227 0.671184 0.671159 0.671133 0.671089 0.671002 0.670830 0.670496 0.669869 0.668724 0.666698 0.663228 0.657478 0.648269 0.634026 0.612785 0.582274 0.540130 0.484248 0.413246 0.326971 0.226902 0.116308 0.000000 
50.000000 42.453316 35.180784 28.426703 22.381085 17.164665 12.825111 9.343654 6.649390 4.637431 3.187159 2.177683 1.498893 1.057775 0.780602 0.612130 0.513027 0.456578 0.425429 0.408769 0.400129 0.395780 0.393656 0.392648 0.392183 0.391975 0.391883 0.391842 0.391820 0.391801 0.391772 0.391717 0.391609 0.391401 0.391011 0.390301 0.389051 0.386921 0.383409 0.377815 0.369215 0.356469 0.338279 0.313318 0.280434 0.238910 0.188733 0.130803 0.066991 0.000000 
50.000000 42.427457 35.130006 28.352788 22.286465 17.052186 12.697781 9.204416 6.500943 4.482111 3.026888 2.013969 1.332866 0.890246 0.612130 0.443087 0.343647 0.287007 0.255752 0.239036 0.230367 0.226004 0.223872 0.222861 0.222395 0.222185 0.222094 0.222053 0.222034 0.222020 0.222001 0.221968 0.221903 0.221777 0.221543 0.221120 0.220377 0.219116 0.217048 0.213769 0.208755 0.201365 0.190876 0.176564 0.157813 0.134257 0.105923 0.073334 0.037533 0.000000 
50.000000 42.412242 35.100131 28.309300 22.230796 16.986012 12.622871 9.122503 6.413612 4.390738 2.932605 1.917662 1.235199 0.791696 0.513027 0.343647 0.244009 0.187257 0.155941 0.139192 0.130505 0.126133 0.123998 0.122984 0.122517 0.122308 0.122216 0.122176 0.122158 0.122147 0.122136 0.122116 0.122077 0.122005 0.121870 0.121626 0.121200 0.120480 0.119303 0.117447 0.114621 0.110475 0.104620 0.096670 0.086302 0.073335 0.057796 0.039980 0.020450 0.000000 
50.000000 42.403575 35.083112 28.284526 22.199084 16.948315 12.580199 9.075841 6.363866 4.338691 2.878900 1.862804 1.179568 0.735563 0.456578 0.287007 0.187257 0.130441 0.099089 0.082321 0.073625 0.069248 0.067110 0.066096 0.065628 0.065419 0.065327 0.065288 0.065271 0.065262 0.065254 0.065242 0.065221 0.065180 0.065105 0.064969 0.064733 0.064336 0.063688 0.062672 0.061130 0.058879 0.055712 0.051430 0.045869 0.038938 0.030661 0.021194 0.010836 0.000000 
50.000000 42.398791 35.073719 28.270854 22.181582 16.927511 12.556649 9.050091 6.336414 4.309969 2.849264 1.832533 1.148870 0.704588 0.425430 0.255753 0.155941 0.099090 0.067719 0.050941 0.042239 0.037859 0.035720 0.034705 0.034237 0.034028 0.033936 0.033897 0.033880 0.033872 0.033867 0.033860 0.033848 0.033826 0.033786 0.033713 0.033586 0.033374 0.033030 0.032491 0.031676 0.030491 0.028831 0.026593 0.023698 0.020100 0.015815 0.010926 0.005584 0.000000 
50.000000 42.396232 35.068694 28.263540 22.172220 16.916383 12.544053 9.036318 6.321731 4.294607 2.833414 1.816344 1.132452 0.688022 0.408771 0.239038 0.139193 0.082323 0.050942 0.034158 0.025453 0.021072 0.018932 0.017917 0.017449 0.017239 0.017148 0.017109 0.017092 0.017085 0.017081 0.017077 0.017071 0.017059 0.017038 0.017000 0.016935 0.016825 0.016647 0.016370 0.015953 0.015348 0.014503 0.013369 0.011904 0.010090 0.007934 0.005478 0.002799 0.000000 
50.000000 42.394905 35.066089 28.259747 22.167365 16.910612 12.537521 9.029175 6.314116 4.286641 2.825195 1.807948 1.123938 0.679432 0.400133 0.230371 0.130509 0.073628 0.042242 0.025455 0.016749 0.012368 0.010227 0.009212 0.008744 0.008534 0.008443 0.008404 0.008387 0.008381 0.008377 0.008375 0.008371 0.008365 0.008355 0.008336 0.008303 0.008248 0.008159 0.008021 0.007813 0.007514 0.007096 0.006537 0.005817 0.004928 0.003873 0.002673 0.001365 0.000000 
50.000000 42.394238 35.064779 28.257840 22.164924 16.907711 12.534237 9.025585 6.310289 4.282637 2.821063 1.803728 1.119659 0.675114 0.395791 0.226014 0.126144 0.069258 0.037869 0.021081 0.012374 0.007992 0.005852 0.004837 0.004368 0.004158 0.004067 0.004028 0.004012 0.004005 0.004002 0.004001 0.003999 0.003996 0.003991 0.003981 0.003965 0.003938 0.003895 0.003828 0.003728 0.003584 0.003383 0.003115 0.002770 0.002345 0.001842 0.001271 0.000649 0.000000 
50.000000 42.393914 35.064142 28.256914 22.163739 16.906302 12.532642 9.023841 6.308430 4.280693 2.819057 1.801679 1.117581 0.673018 0.393682 0.223899 0.124024 0.067137 0.035746 0.018957 0.010250 0.005868 0.003728 0.002712 0.002244 0.002034 0.001942 0.001904 0.001888 0.001881 0.001878 0.001877 0.001876 0.001874 0.001872 0.001867 0.001860 0.001847 0.001826 0.001794 0.001747 0.001679 0.001584 0.001458 0.001296 0.001096 0.000861 0.000594 0.000303 0.000000 
50.000000 42.393765 35.063850 28.256488 22.163194 16.905654 12.531909 9.023039 6.307576 4.279798 2.818135 1.800737 1.116626 0.672054 0.392713 0.222926 0.123050 0.066161 0.034770 0.017981 0.009273 0.004891 0.002751 0.001735 0.001267 0.001057 0.000966 0.000927 0.000911 0.000904 0.000902 0.000900 0.000900 0.000899 0.000898 0.000895 0.000892 0.000885 0.000875 0.000860 0.000837 0.000804 0.000758 0.000698 0.000620 0.000524 0.000411 0.000284 0.000145 0.000000 
50.000000 42.393707 35.063737 28.256324 22.162984 16.905404 12.531626 9.022730 6.307246 4.279454 2.817779 1.800374 1.116257 0.671682 0.392339 0.222551 0.122674 0.065785 0.034394 0.017604 0.008897 0.004515 0.002374 0.001358 0.000890 0.000680 0.000589 0.000550 0.000534 0.000528 0.000525 0.000524 0.000523 0.000523 0.000522 0.000521 0.000518 0.000515 0.000509 0.000500 0.000486 0.000467 0.000440 0.000405 0.000360 0.000304 0.000239 0.000164 0.000084 0.000000 
50.000000 42.393707 35.063737 28.256324 22.162984 16.905404 12.531626 9.022730 6.307246 4.279454 2.817779 1.800374 1.116257 0.671682 0.392339 0.222551 0.122674 0.065785 0.034394 0.017604 0.008897 0.004515 0.002374 0.001358 0.000890 0.000680 0.000589 0.000550 0.000534 0.000528 0.000525 0.000524 0.000523 0.000523 0.000522 0.000521 0.000518 0.000515 0.000509 0.000500 0.000486 0.000467 0.000440 0.000405 0.000360 0.000304 0.000239 0.000164 0.000084 0.000000 
50.000000 42.393765 35.063850 28.256488 22.163194 16.905654 12.531909 9.023039 6.307576 4.279798 2.818135 1.800737 1.116626 0.672054 0.392713 0.222926 0.123050 0.066161 0.034770 0.017981 0.009273 0.004891 0.002751 0.001735 0.001267 0.001057 0.000966 0.000927 0.000911 0.000904 0.000902 0.000900 0.000900 0.000899 0.000898 0.000895 0.000892 0.000885 0.000875 0.000860 0.000837 0.000804 0.000758 0.000698 0.000620 0.000524 0.000411 0.000284 0.000145 0.000000 
50.000000 42.393914 35.064142 28.256914 22.163739 16.906302 12.532642 9.023841 6.308430 4.280693 2.819057 1.801679 1.117581 0.673018 0.393682 0.223899 0.124024 0.067137 0.035746 0.018957 0.010250 0.005868 0.003728 0.002712 0.002244 0.002034 0.001942 0.001904 0.001888 0.001881 0.001878 0.001877 0.001876 0.001874 0.001872 0.001867 0.001860 0.001847 0.001826 0.001794 0.001747 0.001679 0.001584 0.001458 0.001296 0.001096 0.000861 0.000594 0.000303 0.000000 
50.000000 42.394238 35.064779 28.257840 22.164924 16.907711 12.534237 9.025585 6.310289 4.282637 2.821063 1.803728 1.119659 0.675114 0.395791 0.226014 0.126144 0.069258 0.037869 0.021081 0.012374 0.007992 0.005852 0.004837 0.004368 0.004158 0.004067 0.004028 0.004012 0.004005 0.004002 0.004001 0.003999 0.003996 0.003991 0.003981 0.003965 0.003938 0.003895 0.003828 0.003728 0.003584 0.003383 0.003115 0.002770 0.002345 0.001842 0.001271 0.000649 0.000000 
50.000000 42.394905 35.066089 28.259747 22.167365 16.910612 12.537521 9.029175 6.314116 4.286641 2.825195 1.807948 1.123938 0.679432 0.400133 0.230371 0.130509 0.073628 0.042242 0.025455 0.016749 0.012368 0.010227 0.009212 0.008744 0.008534 0.008443 0.008404 0.008387 0.008381 0.008377 0.008375 0.008371 0.008365 0.008355 0.008336 0.008303 0.008248 0.008159 0.008021 0.007813 0.007514 0.007096 0.006537 0.005817 0.004928 0.003873 0.002673 0.001365 0.000000 
50.000000 42.396232 35.068694 28.263540 22.172220 16.916383 12.544053 9.036318 6.321731 4.294607 2.833414 1.816344 1.132452 0.688022 0.408771 0.239038 0.139193 0.082323 0.050942 0.034158 0.025453 0.021072 0.018932 0.017917 0.017449 0.017239 0.017148 0.017109 0.017092 0.017085 0.017081 0.017077 0.017071 0.017059 0.017038 0.017000 0.016935 0.016825 0.016647 0.016370 0.015953 0.015348 0.014503 0.013369 0.011904 0.010090 0.007934 0.005478 0.002799 0.000000 
50.000000 42.398791 35.073719 28.270854 22.181582 16.927511 12.556649 9.050091 6.336414 4.309969 2.849264 1.832533 1.148870 0.704588 0.425430 0.255753 0.155941 0.099090 0.067719 0.050941 0.042239 0.037859 0.035720 0.034705 0.034237 0.034028 0.033936 0.033897 0.033880 0.033872 0.033867 0.033860 0.033848 0.033826 0.033786 0.033713 0.033586 0.033374 0.033030 0.032491 0.031676 0.030491 0.028831 0.026593 0.023698 0.020100 0.015815 0.010926 0.005584 0.000000 
50.000000 42.403575 35.083112 28.284526 22.199084 16.948315 12.580199 9.075841 6.363866 4.338691 2.878900 1.862804 1.179568 0.735563 0.456578 0.287007 0.187257 0.130441 0.099089 0.082321 0.073625 0.069248 0.067110 0.066096 0.065628 0.065419 0.065327 0.065288 0.065271 0.065262 0.065254 0.065242 0.065221 0.065180 0.065105 0.064969 0.064733 0.064336 0.063688 0.062672 0.061130 0.058879 0.055712 0.051430 0.045869 0.038938 0.030661 0.021194 0.010836 0.000000 
50.000000 42.412242 35.100131 28.309300 22.230796 16.986012 12.622871 9.122503 6.413612 4.390738 2.932605 1.917662 1.235199 0.791696 0.513027 0.343647 0.244009 0.187257 0.155941 0.139192 0.130505 0.126133 0.123998 0.122984 0.122517 0.122308 0.122216 0.122176 0.122158 0.122147 0.122136 0.122116 0.122077 0.122005 0.121870 0.121626 0.121200 0.120480 0.119303 0.117447 0.114621 0.110475 0.104620 0.096670 0.086302 0.073335 0.057796 0.039980 0.020450 0.000000 
50.000000 42.427457 35.130006 28.352788 22.286465 17.052186 12.697781 9.204416 6.500943 4.482111 3.026888 2.013969 1.332866 0.890246 0.612130 0.443087 0.343647 0.287007 0.255752 0.239036 0.230367 0.226004 0.223872 0.222861 0.222395 0.222185 0.222094 0.222053 0.222034 0.222020 0.222001 0.221968 0.221903 0.221777 0.221543 0.221120 0.220377 0.219116 0.217048 0.213769 0.208755 0.201365 0.190876 0.176564 0.157813 0.134257 0.105923 0.073334 0.037533 0.000000 
50.000000 42.453316 35.180784 28.426703 22.381085 17.164665 12.825111 9.343654 6.649390 4.637431 3.187159 2.177683 1.498893 1.057775 0.780602 0.612130 0.513027 0.456578 0.425429 0.408769 0.400129 0.395780 0.393656 0.392648 0.392183 0.391975 0.391883 0.391842 0.391820 0.391801 0.391772 0.391717 0.391609 0.391401 0.391011 0.390301 0.389051 0.386921 0.383409 0.377815 0.369215 0.356469 0.338279 0.313318 0.280434 0.238910 0.188733 0.130803 0.066991 0.000000 
50.000000 42.495854 35.264311 28.548292 22.536736 17.349698 13.034577 9.572713 6.893604 4.892956 3.450832 2.447023 1.772041 1.333395 1.057775 0.890246 0.791696 0.735563 0.704587 0.688021 0.679428 0.675104 0.672991 0.671989 0.671527 0.671319 0.671227 0.671184 0.671159 0.671133 0.671089 0.671002 0.670830 0.670496 0.669869 0.668724 0.666698 0.663228 0.657478 0.648269 0.634026 0.612785 0.582274 0.540130 0.484248 0.413246 0.326971 0.226902 0.116308 0.000000 
50.000000 42.563543 35.397226 28.741775 22.784424 17.644144 13.367909 9.937231 7.282246 5.299604 3.870452 2.875667 2.206749 1.772041 1.498893 1.332866 1.235199 1.179568 1.148869 1.132450 1.123934 1.119649 1.117555 1.116562 1.116103 1.115897 1.115805 1.115761 1.115731 1.115695 1.115629 1.115496 1.115232 1.114719 1.113750 1.111972 1.108813 1.103374 1.094310 1.079702 1.056959 1.022797 0.973360 0.904547 0.812596 0.694894 0.550894 0.382915 0.196491 0.000000 
50.000000 42.667688 35.601727 29.039468 23.165520 18.097190 13.880795 10.498110 7.880253 5.925325 4.516141 3.535249 2.875667 2.447023 2.177683 2.013969 1.917662 1.862804 1.832533 1.816342 1.807944 1.803718 1.801653 1.800674 1.800221 1.800017 1.799925 1.799879 1.799843 1.799793 1.799698 1.799504 1.799116 1.798359 1.796921 1.794274 1.789545 1.781357 1.767624 1.745340 1.710384 1.657450 1.580182 1.471656 1.325297 1.136247 0.903005 0.628959 0.323196 0.000000 
50.000000 42.822548 35.905816 29.482136 23.732216 18.770884 14.643483 11.332177 8.769544 6.855842 5.476364 4.516141 3.870452 3.450832 3.187159 3.026888 2.932605 2.878900 2.849264 2.833413 2.825191 2.821053 2.819032 2.818072 2.817629 2.817429 2.817337 2.817288 2.817245 2.817178 2.817045 2.816774 2.816228 2.815158 2.813119 2.809344 2.802563 2.790750 2.770801 2.738182 2.686583 2.607721 2.491451 2.326398 2.101336 1.807390 1.440897 1.006310 0.518048 0.000000 
50.000000 43.045003 36.342638 30.118030 24.546284 19.738669 15.739125 12.530375 10.047091 8.192629 6.855842 5.925325 5.299604 4.892956 4.637431 4.482110 4.390738 4.338690 4.309969 4.294606 4.286638 4.282627 4.280668 4.279738 4.279308 4.279113 4.279022 4.278970 4.278919 4.278832 4.278656 4.278293 4.277560 4.276118 4.273355 4.268216 4.258930 4.242645 4.214941 4.169259 4.096315 3.983658 3.815633 3.574104 3.240351 2.798452 2.240108 1.570069 0.810282 0.000000 
50.000000 43.353581 36.948577 31.000119 25.675538 21.081169 17.259005 14.192540 11.819353 10.047091 8.769544 7.880253 7.282246 6.893604 6.649390 6.500943 6.413612 6.363866 6.336413 6.321729 6.314113 6.310280 6.308407 6.307518 6.307106 6.306919 6.306830 6.306775 6.306715 6.306606 6.306384 6.305923 6.304987 6.303137 6.299578 6.292921 6.280820 6.259449 6.222803 6.161823 6.063433 5.909677 5.677288 5.338274 4.862226 4.221146 3.397208 2.392693 1.239133 0.000000 
50.000000 43.766765 37.759928 32.181241 27.187631 22.878819 19.294193 16.418278 14.192540 12.530375 11.332177 10.498110 9.937231 9.572713 9.343654 9.204416 9.122503 9.075841 9.050090 9.036316 9.029172 9.025576 9.023819 9.022984 9.022598 9.022421 9.022336 9.022279 9.022211 9.022082 9.021816 9.021260 9.020129 9.017882 9.013541 9.005375 8.990440 8.963872 8.917928 8.840726 8.714742 8.515253 8.209139 7.754785 7.104281 6.209536 5.033920 3.569774 1.858162 0.000000 
50.000000 44.300624 38.808248 33.707339 29.141378 25.201550 21.923869 19.294193 17.259005 15.739125 14.643483 13.880795 13.367909 13.034577 12.825111 12.697781 12.622871 12.580198 12.556649 12.544052 12.537517 12.534229 12.532622 12.531858 12.531505 12.531342 12.531262 12.531205 12.531130 12.530987 12.530686 12.530056 12.528768 12.526201 12.521217 12.511793 12.494447 12.463362 12.409140 12.317085 12.165021 11.920732 11.539408 10.961935 10.115659 8.920453 7.304135 5.231291 2.744418 0.000000 
50.000000 44.966017 40.114860 35.609456 31.576531 28.096624 25.201550 22.878819 21.081169 19.738669 18.770884 18.097190 17.644144 17.349698 17.164665 17.052186 16.986012 16.948315 16.927510 16.916382 16.910609 16.907703 16.906284 16.905609 16.905296 16.905152 16.905079 16.905024 16.904948 16.904797 16.904480 16.903813 16.902446 16.899709 16.894373 16.884231 16.865450 16.831548 16.771894 16.669548 16.498318 16.218944 15.774538 15.085890 14.048312 12.533887 10.406895 7.565129 4.019752 0.000000 
50.000000 45.765811 41.685396 37.895792 34.503590 31.576531 29.141378 27.187631 25.675538 24.546284 23.732216 23.165520 22.784424 22.536736 22.381085 22.286465 22.230796 22.199084 22.181582 22.172219 22.167363 22.164918 22.163724 22.163156 22.162893 22.162770 22.162707 22.162658 22.162585 22.162440 22.162131 22.161482 22.160145 22.157462 22.152207 22.142175 22.123490 22.089530 22.029274 21.924826 21.747832 21.454392 20.978094 20.220925 19.042644 17.251795 14.608650 10.866501 5.903863 0.000000 
50.000000 46.692693 43.505496 40.545443 37.895792 35.609456 33.707339 32.181241 31.000119 30.118030 29.482136 29.039468 28.741775 28.548292 28.426703 28.352788 28.309300 28.284526 28.270854 28.263540 28.259745 28.257836 28.256902 28.256459 28.256253 28.256157 28.256107 28.256065 28.256003 28.255876 28.255607 28.255039 28.253866 28.251504 28.246865 28.237970 28.221322 28.190882 28.136463 28.041239 27.877922 27.602911 27.147322 26.403204 25.202560 23.287143 20.272722 15.637925 8.856288 0.000000 
50.000000 47.728154 45.538812 43.505496 41.685396 40.114860 38.808248 37.759928 36.948577 36.342638 35.905816 35.601727 35.397226 35.264311 35.180784 35.130006 35.100131 35.083112 35.073719 35.068694 35.066087 35.064775 35.064134 35.063829 35.063688 35.063622 35.063586 35.063557 35.063511 35.063417 35.063217 35.062793 35.061918 35.060152 35.056672 35.049981 35.037409 35.014311 34.972767 34.899506 34.772569 34.555884 34.190154 33.576957 32.549731 30.818896 27.867571 22.769406 13.991944 0.000000 
50.000000 48.843070 47.728154 46.692693 45.765811 44.966017 44.300624 43.766765 43.353581 43.045003 42.822548 42.667688 42.563543 42.495854 42.453316 42.427457 42.412242 42.403575 42.398791 42.396232 42.394904 42.394236 42.393909 42.393754 42.393682 42.393648 42.393630 42.393615 42.393590 42.393540 42.393433 42.393207 42.392738 42.391792 42.389924 42.386325 42.379546 42.367052 42.344492 42.304500 42.234721 42.114448 41.908602 41.556206 40.946264 39.861948 37.836405 33.736211 24.421535 0.000000 
50.000000 50.000000 50.000000 50.000000 50.000000 50.000000 50.000000 50.000000 50.000000 50.000000 50.000000 50.000000 50.000000 50.000000 50.000000 50.000000 50.000000 50.000000 50.000000 50.000000 50.000000 50.000000 50.000000 50.000000 50.000000 50.000000 50.000000 50.000000 50.000000 50.000000 50.000000 50.000000 50.000000 50.000000 50.000000 50.000000 50.000000 50.000000 50.000000 50.000000 50.000000 50.000000 50.000000 50.000000 50.000000 50.000000 50.000000 50.000000 50.000000 50.000000 
