50.000000 50.000000 50.000000 50.000000 50.000000 50.000000 50.000000 50.000000 50.000000 50.000000 50.000000 50.000000 50.000000 50.000000 50.000000 50.000000 50.000000 50.000000 50.000000 50.000000 50.000000 50.000000 50.000000 50.000000 50.000000 50.000000 50.000000 50.000000 50.000000 50.000000 50.000000 50.000000 50.000000 50.000000 50.000000 50.000000 50.000000 50.000000 50.000000 50.000000 50.000000 50.000000 50.000000 50.000000 50.000000 50.000000 50.000000 50.000000 50.000000 50.000000 
50.000000 47.795108 45.742661 43.963551 42.526422 41.443481 40.681223 40.179279 39.869536 39.690091 39.592307 39.542091 39.517741 39.506572 39.501716 39.499711 39.498924 39.498630 39.498525 39.498489 39.498477 39.498473 39.498472 39.498472 39.498472 39.498472 39.498472 39.498472 39.498472 39.498472 39.498471 39.498469 39.498463 39.498443 39.498385 39.498220 39.497767 39.496574 39.493560 39.486236 39.469117 39.430520 39.346295 39.167339 38.793733 38.016446 36.370429 32.715865 23.897554 0.000000 
50.000000 45.742661 41.779688 38.344512 35.569675 33.478741 32.007004 31.037891 30.439877 30.093434 29.904655 29.807712 29.760706 29.739145 29.729771 29.725902 29.724383 29.723814 29.723611 29.723542 29.723520 29.723513 29.723510 29.723510 29.723510 29.723510 29.723510 29.723510 29.723510 29.723509 29.723508 29.723505 29.723494 29.723459 29.723357 29.723067 29.722274 29.720194 29.714959 29.702310 29.672962 29.607475 29.466651 29.173887 28.582928 27.418454 25.166815 20.889844 13.026796 0.000000 
50.000000 43.963551 38.344512 33.473882 29.539590 26.575029 24.488431 23.114485 22.266687 21.775558 21.507949 21.370532 21.303905 21.273344 21.260059 21.254575 21.252422 21.251617 21.251329 21.251231 21.251199 21.251189 21.251186 21.251185 21.251185 21.251185 21.251185 21.251185 21.251185 21.251184 21.251183 21.251179 21.251165 21.251124 21.251000 21.250649 21.249695 21.247203 21.240970 21.226031 21.191728 21.116238 20.956928 20.634277 20.006666 18.834287 16.736941 13.177697 7.593122 0.000000 
50.000000 42.526422 35.569675 29.539590 24.668836 20.998729 18.415615 16.714796 15.665345 15.057427 14.726198 14.556122 14.473664 14.435845 14.419405 14.412619 14.409956 14.408959 14.408604 14.408482 14.408443 14.408430 14.408427 14.408426 14.408425 14.408425 14.408425 14.408425 14.408425 14.408425 14.408423 14.408419 14.408406 14.408364 14.408241 14.407894 14.406954 14.404514 14.398456 14.384070 14.351426 14.280667 14.134265 13.845382 13.302585 12.334418 10.705303 8.151222 4.509976 0.000000 
50.000000 41.443481 33.478741 26.575029 20.998729 16.797110 13.840006 11.893015 10.691724 9.995884 9.616771 9.422118 9.327751 9.284473 9.265661 9.257897 9.254850 9.253710 9.253303 9.253164 9.253119 9.253105 9.253101 9.253100 9.253099 9.253099 9.253099 9.253099 9.253099 9.253099 9.253097 9.253094 9.253082 9.253046 9.252940 9.252642 9.251840 9.249771 9.244676 9.232693 9.205825 9.148459 9.031992 8.807607 8.398555 7.696144 6.568363 4.895813 2.649747 0.000000 
50.000000 40.681223 32.007004 24.488431 18.415615 13.840006 10.619792 8.499648 7.191579 6.433925 6.021156 5.809234 5.706502 5.659390 5.638913 5.630463 5.627146 5.625906 5.625463 5.625312 5.625263 5.625247 5.625243 5.625241 5.625241 5.625241 5.625241 5.625241 5.625241 5.625240 5.625240 5.625237 5.625228 5.625200 5.625119 5.624891 5.624281 5.622719 5.618902 5.610012 5.590308 5.548827 5.466052 5.309896 5.032398 4.570233 3.854154 2.833116 1.513883 0.000000 
50.000000 40.179279 31.037891 23.114485 16.714796 11.893015 8.499648 6.265578 4.887272 4.088969 3.654075 3.430805 3.322577 3.272948 3.251378 3.242477 3.238984 3.237677 3.237211 3.237052 3.237000 3.236984 3.236979 3.236978 3.236977 3.236977 3.236977 3.236977 3.236977 3.236977 3.236976 3.236974 3.236968 3.236948 3.236892 3.236735 3.236315 3.235247 3.232657 3.226679 3.213571 3.186329 3.132789 3.033596 2.861023 2.580531 2.157556 1.571240 0.832985 0.000000 
50.000000 39.869536 30.439877 22.266687 15.665345 10.691724 7.191579 4.887272 3.465677 2.642329 2.193807 1.963551 1.851941 1.800762 1.778521 1.769343 1.765741 1.764394 1.763913 1.763750 1.763696 1.763679 1.763674 1.763673 1.763672 1.763672 1.763672 1.763672 1.763672 1.763672 1.763672 1.763670 1.763666 1.763654 1.763618 1.763518 1.763254 1.762585 1.760975 1.757288 1.749285 1.732838 1.700943 1.642752 1.543265 1.384679 1.150449 0.832401 0.439016 0.000000 
50.000000 39.690091 30.093434 21.775558 15.057427 9.995884 6.433925 4.088969 2.642329 1.804497 1.348097 1.113803 1.000239 0.948167 0.925537 0.916200 0.912535 0.911165 0.910676 0.910509 0.910455 0.910438 0.910433 0.910431 0.910431 0.910431 0.910431 0.910431 0.910431 0.910431 0.910430 0.910430 0.910427 0.910420 0.910399 0.910341 0.910187 0.909800 0.908875 0.906773 0.902248 0.893044 0.875398 0.843617 0.790058 0.706001 0.583830 0.420471 0.220974 0.000000 
50.000000 39.592307 29.904655 21.507949 14.726198 9.616771 6.021156 3.654075 2.193807 1.348097 0.887414 0.650926 0.536301 0.483743 0.460903 0.451479 0.447781 0.446398 0.445905 0.445736 0.445681 0.445664 0.445659 0.445658 0.445657 0.445657 0.445657 0.445657 0.445657 0.445657 0.445657 0.445656 0.445655 0.445651 0.445640 0.445608 0.445525 0.445317 0.444823 0.443707 0.441324 0.436519 0.427396 0.411144 0.384078 0.342128 0.281918 0.202344 0.106070 0.000000 
50.000000 39.542091 29.807712 21.370532 14.556122 9.422118 5.809234 3.430805 1.963551 1.113803 0.650926 0.413314 0.298147 0.245341 0.222393 0.212925 0.209209 0.207820 0.207324 0.207155 0.207100 0.207083 0.207078 0.207076 0.207076 0.207075 0.207075 0.207075 0.207075 0.207075 0.207075 0.207075 0.207074 0.207072 0.207067 0.207051 0.207009 0.206904 0.206657 0.206103 0.204928 0.202576 0.198148 0.190332 0.177443 0.157666 0.129562 0.092753 0.048531 0.000000 
50.000000 39.517741 29.760706 21.303905 14.473664 9.327751 5.706502 3.322577 1.851941 1.000239 0.536301 0.298147 0.182717 0.129791 0.106791 0.097302 0.093578 0.092185 0.091688 0.091519 0.091464 0.091446 0.091441 0.091440 0.091439 0.091439 0.091439 0.091439 0.091439 0.091439 0.091439 0.091439 0.091439 0.091438 0.091435 0.091427 0.091407 0.091358 0.091242 0.090984 0.090439 0.089355 0.087330 0.083783 0.077980 0.069150 0.056702 0.040512 0.021167 0.000000 
50.000000 39.506572 29.739145 21.273344 14.435845 9.284473 5.659390 3.272948 1.800762 0.948167 0.483743 0.245341 0.129791 0.076810 0.053787 0.044288 0.040560 0.039166 0.038669 0.038499 0.038444 0.038426 0.038421 0.038420 0.038419 0.038419 0.038419 0.038419 0.038419 0.038419 0.038419 0.038419 0.038419 0.038418 0.038417 0.038414 0.038405 0.038383 0.038332 0.038218 0.037980 0.037508 0.036633 0.035109 0.032633 0.028891 0.023649 0.016871 0.008805 0.000000 
50.000000 39.501716 29.729771 21.260059 14.419405 9.265661 5.638913 3.251378 1.778521 0.925537 0.460903 0.222393 0.106791 0.053787 0.030754 0.021250 0.017521 0.016126 0.015629 0.015459 0.015404 0.015386 0.015381 0.015380 0.015379 0.015379 0.015379 0.015379 0.015379 0.015379 0.015379 0.015379 0.015379 0.015379 0.015378 0.015377 0.015373 0.015364 0.015343 0.015295 0.015197 0.015002 0.014643 0.014022 0.013019 0.011511 0.009409 0.006704 0.003496 0.000000 
50.000000 39.499711 29.725902 21.254575 14.412619 9.257897 5.630463 3.242477 1.769343 0.916200 0.451479 0.212925 0.097302 0.044288 0.021250 0.011745 0.008015 0.006620 0.006122 0.005953 0.005897 0.005880 0.005875 0.005873 0.005873 0.005873 0.005873 0.005873 0.005873 0.005873 0.005873 0.005873 0.005873 0.005873 0.005872 0.005872 0.005870 0.005867 0.005858 0.005840 0.005801 0.005725 0.005585 0.005344 0.004957 0.004378 0.003575 0.002545 0.001326 0.000000 
50.000000 39.498924 29.724383 21.252422 14.409956 9.254850 5.627146 3.238984 1.765741 0.912535 0.447781 0.209209 0.093578 0.040560 0.017521 0.008015 0.004284 0.002889 0.002392 0.002222 0.002167 0.002149 0.002144 0.002143 0.002142 0.002142 0.002142 0.002142 0.002142 0.002142 0.002142 0.002142 0.002142 0.002142 0.002142 0.002142 0.002141 0.002140 0.002137 0.002130 0.002115 0.002087 0.002035 0.001946 0.001804 0.001592 0.001298 0.000923 0.000481 0.000000 
50.000000 39.498630 29.723814 21.251617 14.408959 9.253710 5.625906 3.237677 1.764394 0.911165 0.446398 0.207820 0.092185 0.039166 0.016126 0.006620 0.002889 0.001495 0.000997 0.000827 0.000772 0.000755 0.000749 0.000748 0.000747 0.000747 0.000747 0.000747 0.000747 0.000747 0.000747 0.000747 0.000747 0.000747 0.000747 0.000747 0.000747 0.000747 0.000745 0.000743 0.000738 0.000728 0.000709 0.000678 0.000628 0.000554 0.000451 0.000321 0.000167 0.000000 
50.000000 39.498525 29.723611 21.251329 14.408604 9.253303 5.625463 3.237211 1.763913 0.910676 0.445905 0.207324 0.091688 0.038669 0.015629 0.006122 0.002392 0.000997 0.000499 0.000330 0.000274 0.000257 0.000252 0.000250 0.000250 0.000250 0.000250 0.000250 0.000250 0.000250 0.000250 0.000250 0.000250 0.000250 0.000250 0.000250 0.000250 0.000249 0.000249 0.000248 0.000246 0.000243 0.000237 0.000226 0.000209 0.000185 0.000150 0.000107 0.000056 0.000000 
50.000000 39.498489 29.723542 21.251231 14.408482 9.253164 5.625312 3.237052 1.763750 0.910509 0.445736 0.207155 0.091519 0.038499 0.015459 0.005953 0.002222 0.000827 0.000330 0.000160 0.000105 0.000087 0.000082 0.000081 0.000080 0.000080 0.000080 0.000080 0.000080 0.000080 0.000080 0.000080 0.000080 0.000080 0.000080 0.000080 0.000080 0.000080 0.000080 0.000079 0.000079 0.000078 0.000076 0.000072 0.000067 0.000059 0.000048 0.000034 0.000018 0.000000 
50.000000 39.498477 29.723520 21.251199 14.408443 9.253119 5.625263 3.237000 1.763696 0.910455 0.445681 0.207100 0.091464 0.038444 0.015404 0.005897 0.002167 0.000772 0.000274 0.000105 0.000049 0.000032 0.000027 0.000025 0.000025 0.000025 0.000025 0.000025 0.000025 0.000025 0.000025 0.000025 0.000025 0.000025 0.000025 0.000025 0.000025 0.000025 0.000025 0.000024 0.000024 0.000024 0.000023 0.000022 0.000021 0.000018 0.000015 0.000010 0.000005 0.000000 
50.000000 39.498473 29.723513 21.251189 14.408430 9.253105 5.625247 3.236984 1.763679 0.910438 0.445664 0.207083 0.091446 0.038426 0.015386 0.005880 0.002149 0.000755 0.000257 0.000087 0.000032 0.000015 0.000009 0.000008 0.000007 0.000007 0.000007 0.000007 0.000007 0.000007 0.000007 0.000007 0.000007 0.000007 0.000007 0.000007 0.000007 0.000007 0.000007 0.000007 0.000007 0.000007 0.000007 0.000007 0.000006 0.000005 0.000004 0.000003 0.000002 0.000000 
50.000000 39.498472 29.723510 21.251186 14.408427 9.253101 5.625243 3.236979 1.763674 0.910433 0.445659 0.207078 0.091441 0.038421 0.015381 0.005875 0.002144 0.000749 0.000252 0.000082 0.000027 0.000009 0.000004 0.000003 0.000002 0.000002 0.000002 0.000002 0.000002 0.000002 0.000002 0.000002 0.000002 0.000002 0.000002 0.000002 0.000002 0.000002 0.000002 0.000002 0.000002 0.000002 0.000002 0.000002 0.000002 0.000002 0.000001 0.000001 0.000000 0.000000 
50.000000 39.498472 29.723510 21.251185 14.408426 9.253100 5.625241 3.236978 1.763673 0.910431 0.445658 0.207076 0.091440 0.038420 0.015380 0.005873 0.002143 0.000748 0.000250 0.000081 0.000025 0.000008 0.000003 0.000001 0.000001 0.000001 0.000001 0.000001 0.000001 0.000001 0.000001 0.000001 0.000001 0.000001 0.000001 0.000001 0.000001 0.000001 0.000001 0.000001 0.000001 0.000001 0.000001 0.000001 0.000000 0.000000 0.000000 0.000000 0.000000 0.000000 
50.000000 39.498472 29.723510 21.251185 14.408425 9.253099 5.625241 3.236977 1.763672 0.910431 0.445657 0.207076 0.091439 0.038419 0.015379 0.005873 0.002142 0.000748 0.000250 0.000080 0.000025 0.000007 0.000002 0.000001 0.000000 0.000000 0.000000 0.000000 0.000000 0.000000 0.000000 0.000000 0.000000 0.000000 0.000000 0.000000 0.000000 0.000000 0.000000 0.000000 0.000000 0.000000 0.000000 0.000000 0.000000 0.000000 0.000000 0.000000 0.000000 0.000000 
50.000000 39.498472 29.723510 21.251185 14.408425 9.253099 5.625241 3.236977 1.763672 0.910431 0.445657 0.207076 0.091439 0.038419 0.015379 0.005873 0.002142 0.000748 0.000250 0.000080 0.000025 0.000007 0.000002 0.000001 0.000000 0.000000 0.000000 0.000000 0.000000 0.000000 0.000000 0.000000 0.000000 0.000000 0.000000 0.000000 0.000000 0.000000 0.000000 0.000000 0.000000 0.000000 0.000000 0.000000 0.000000 0.000000 0.000000 0.000000 0.000000 0.000000 
50.000000 39.498472 29.723510 21.251185 14.408426 9.253100 5.625241 3.236978 1.763673 0.910431 0.445658 0.207076 0.091440 0.038420 0.015380 0.005873 0.002143 0.000748 0.000250 0.000081 0.000025 0.000008 0.000003 0.000001 0.000001 0.000001 0.000001 0.000001 0.000001 0.000001 0.000001 0.000001 0.000001 0.000001 0.000001 0.000001 0.000001 0.000001 0.000001 0.000001 0.000001 0.000001 0.000001 0.000001 0.000000 0.000000 0.000000 0.000000 0.000000 0.000000 
50.000000 39.498472 29.723510 21.251186 14.408427 9.253101 5.625243 3.236979 1.763674 0.910433 0.445659 0.207078 0.091441 0.038421 0.015381 0.005875 0.002144 0.000749 0.000252 0.000082 0.000027 0.000009 0.000004 0.000003 0.000002 0.000002 0.000002 0.000002 0.000002 0.000002 0.000002 0.000002 0.000002 0.000002 0.000002 0.000002 0.000002 0.000002 0.000002 0.000002 0.000002 0.000002 0.000002 0.000002 0.000002 0.000002 0.000001 0.000001 0.000000 0.000000 
50.000000 39.498473 29.723513 21.251189 14.408430 9.253105 5.625247 3.236984 1.763679 0.910438 0.445664 0.207083 0.091446 0.038426 0.015386 0.005880 0.002149 0.000755 0.000257 0.000087 0.000032 0.000015 0.000009 0.000008 0.000007 0.000007 0.000007 0.000007 0.000007 0.000007 0.000007 0.000007 0.000007 0.000007 0.000007 0.000007 0.000007 0.000007 0.000007 0.000007 0.000007 0.000007 0.000007 0.000007 0.000006 0.000005 0.000004 0.000003 0.000002 0.000000 
50.000000 39.498477 29.723520 21.251199 14.408443 9.253119 5.625263 3.237000 1.763696 0.910455 0.445681 0.207100 0.091464 0.038444 0.015404 0.005897 0.002167 0.000772 0.000274 0.000105 0.000049 0.000032 0.000027 0.000025 0.000025 0.000025 0.000025 0.000025 0.000025 0.000025 0.000025 0.000025 0.000025 0.000025 0.000025 0.000025 0.000025 0.000025 0.000025 0.000024 0.000024 0.000024 0.000023 0.000022 0.000021 0.000018 0.000015 0.000010 0.000005 0.000000 
50.000000 39.498489 29.723542 21.251231 14.408482 9.253164 5.625312 3.237052 1.763750 0.910509 0.445736 0.207155 0.091519 0.038499 0.015459 0.005953 0.002222 0.000827 0.000330 0.000160 0.000105 0.000087 0.000082 0.000081 0.000080 0.000080 0.000080 0.000080 0.000080 0.000080 0.000080 0.000080 0.000080 0.000080 0.000080 0.000080 0.000080 0.000080 0.000080 0.000079 0.000079 0.000078 0.000076 0.000072 0.000067 0.000059 0.000048 0.000034 0.000018 0.000000 
50.000000 39.498525 29.723611 21.251329 14.408604 9.253303 5.625463 3.237211 1.763913 0.910676 0.445905 0.207324 0.091688 0.038669 0.015629 0.006122 0.002392 0.000997 0.000499 0.000330 0.000274 0.000257 0.000252 0.000250 0.000250 0.000250 0.000250 0.000250 0.000250 0.000250 0.000250 0.000250 0.000250 0.000250 0.000250 0.000250 0.000250 0.000249 0.000249 0.000248 0.000246 0.000243 0.000237 0.000226 0.000209 0.000185 0.000150 0.000107 0.000056 0.000000 
50.000000 39.498630 29.723814 21.251617 14.408959 9.253710 5.625906 3.237677 1.764394 0.911165 0.446398 0.207820 0.092185 0.039166 0.016126 0.006620 0.002889 0.001495 0.000997 0.000827 0.000772 0.000755 0.000749 0.000748 0.000747 0.000747 0.000747 0.000747 0.000747 0.000747 0.000747 0.000747 0.000747 0.000747 0.000747 0.000747 0.000747 0.000747 0.000745 0.000743 0.000738 0.000728 0.000709 0.000678 0.000628 0.000554 0.000451 0.000321 0.000167 0.000000 
50.000000 39.498924 29.724383 21.252422 14.409956 9.254850 5.627146 3.238984 1.765741 0.912535 0.447781 0.209209 0.093578 0.040560 0.017521 0.008015 0.004284 0.002889 0.002392 0.002222 0.002167 0.002149 0.002144 0.002143 0.002142 0.002142 0.002142 0.002142 0.002142 0.002142 0.002142 0.002142 0.002142 0.002142 0.002142 0.002142 0.002141 0.002140 0.002137 0.002130 0.002115 0.002087 0.002035 0.001946 0.001804 0.001592 0.001298 0.000923 0.000481 0.000000 
50.000000 39.499711 29.725902 21.254575 14.412619 9.257897 5.630463 3.242477 1.769343 0.916200 0.451479 0.212925 0.097302 0.044288 0.021250 0.011745 0.008015 0.006620 0.006122 0.005953 0.005897 0.005880 0.005875 0.005873 0.005873 0.005873 0.005873 0.005873 0.005873 0.005873 0.005873 0.005873 0.005873 0.005873 0.005872 0.005872 0.005870 0.005867 0.005858 0.005840 0.005801 0.005725 0.005585 0.005344 0.004957 0.004378 0.003575 0.002545 0.001326 0.000000 
50.000000 39.501716 29.729771 21.260059 14.419405 9.265661 5.638913 3.251378 1.778521 0.925537 0.460903 0.222393 0.106791 0.053787 0.030754 0.021250 0.017521 0.016126 0.015629 0.015459 0.015404 0.015386 0.015381 0.015380 0.015379 0.015379 0.015379 0.015379 0.015379 0.015379 0.015379 0.015379 0.015379 0.015379 0.015378 0.015377 0.015373 0.015364 0.015343 0.015295 0.015197 0.015002 0.014643 0.014022 0.013019 0.011511 0.009409 0.006704 0.003496 0.000000 
50.000000 39.506572 29.739145 21.273344 14.435845 9.284473 5.659390 3.272948 1.800762 0.948167 0.483743 0.245341 0.129791 0.076810 0.053787 0.044288 0.040560 0.039166 0.038669 0.038499 0.038444 0.038426 0.038421 0.038420 0.038419 0.038419 0.038419 0.038419 0.038419 0.038419 0.038419 0.038419 0.038419 0.038418 0.038417 0.038414 0.038405 0.038383 0.038332 0.038218 0.037980 0.037508 0.036633 0.035109 0.032633 0.028891 0.023649 0.016871 0.008805 0.000000 
50.000000 39.517741 29.760706 21.303905 14.473664 9.327751 5.706502 3.322577 1.851941 1.000239 0.536301 0.298147 0.182717 0.129791 0.106791 0.097302 0.093578 0.092185 0.091688 0.091519 0.091464 0.091446 0.091441 0.091440 0.091439 0.091439 0.091439 0.091439 0.091439 0.091439 0.091439 0.091439 0.091439 0.091438 0.091435 0.091427 0.091407 0.091358 0.091242 0.090984 0.090439 0.089355 0.087330 0.083783 0.077980 0.069150 0.056702 0.040512 0.021167 0.000000 
50.000000 39.542091 29.807712 21.370532 14.556122 9.422118 5.809234 3.430805 1.963551 1.113803 0.650926 0.413314 0.298147 0.245341 0.222393 0.212925 0.209209 0.207820 0.207324 0.207155 0.207100 0.207083 0.207078 0.207076 0.207076 0.207075 0.207075 0.207075 0.207075 0.207075 0.207075 0.207075 0.207074 0.207072 0.207067 0.207051 0.207009 0.206904 0.206657 0.206103 0.204928 0.202576 0.198148 0.190332 0.177443 0.157666 0.129562 0.092753 0.048531 0.000000 
50.000000 39.592307 29.904655 21.507949 14.726198 9.616771 6.021156 3.654075 2.193807 1.348097 0.887414 0.650926 0.536301 0.483743 0.460903 0.451479 0.447781 0.446398 0.445905 0.445736 0.445681 0.445664 0.445659 0.445658 0.445657 0.445657 0.445657 0.445657 0.445657 0.445657 0.445657 0.445656 0.445655 0.445651 0.445640 0.445608 0.445525 0.445317 0.444823 0.443707 0.441324 0.436519 0.427396 0.411144 0.384078 0.342128 0.281918 0.202344 0.106070 0.000000 
50.000000 39.690091 30.093434 21.775558 15.057427 9.995884 6.433925 4.088969 2.642329 1.804497 1.348097 1.113803 1.000239 0.948167 0.925537 0.916200 0.912535 0.911165 0.910676 0.910509 0.910455 0.910438 0.910433 0.910431 0.910431 0.910431 0.910431 0.910431 0.910431 0.910431 0.910430 0.910430 0.910427 0.910420 0.910399 0.910341 0.910187 0.909800 0.908875 0.906773 0.902248 0.893044 0.875398 0.843617 0.790058 0.706001 0.583830 0.420471 0.220974 0.000000 
50.000000 39.869536 30.439877 22.266687 15.665345 10.691724 7.191579 4.887272 3.465677 2.642329 2.193807 1.963551 1.851941 1.800762 1.778521 1.769343 1.765741 1.764394 1.763913 1.763750 1.763696 1.763679 1.763674 1.763673 1.763672 1.763672 1.763672 1.763672 1.763672 1.763672 1.763672 1.763670 1.763666 1.763654 1.763618 1.763518 1.763254 1.762585 1.760975 1.757288 1.749285 1.732838 1.700943 1.642752 1.543265 1.384679 1.150449 0.832401 0.439016 0.000000 
50.000000 40.179279 31.037891 23.114485 16.714796 11.893015 8.499648 6.265578 4.887272 4.088969 3.654075 3.430805 3.322577 3.272948 3.251378 3.242477 3.238984 3.237677 3.237211 3.237052 3.237000 3.236984 3.236979 3.236978 3.236977 3.236977 3.236977 3.236977 3.236977 3.236977 3.236976 3.236974 3.236968 3.236948 3.236892 3.236735 3.236315 3.235247 3.232657 3.226679 3.213571 3.186329 3.132789 3.033596 2.861023 2.580531 2.157556 1.571240 0.832985 0.000000 
50.000000 40.681223 32.007004 24.488431 18.415615 13.840006 10.619792 8.499648 7.191579 6.433925 6.021156 5.809234 5.706502 5.659390 5.638913 5.630463 5.627146 5.625906 5.625463 5.625312 5.625263 5.625247 5.625243 5.625241 5.625241 5.625241 5.625241 5.625241 5.625241 5.625240 5.625240 5.625237 5.625228 5.625200 5.625119 5.624891 5.624281 5.622719 5.618902 5.610012 5.590308 5.548827 5.466052 5.309896 5.032398 4.570233 3.854154 2.833116 1.513883 0.000000 
50.000000 41.443481 33.478741 26.575029 20.998729 16.797110 13.840006 11.893015 10.691724 9.995884 9.616771 9.422118 9.327751 9.284473 9.265661 9.257897 9.254850 9.253710 9.253303 9.253164 9.253119 9.253105 9.253101 9.253100 9.253099 9.253099 9.253099 9.253099 9.253099 9.253099 9.253097 9.253094 9.253082 9.253046 9.252940 9.252642 9.251840 9.249771 9.244676 9.232693 9.205825 9.148459 9.031992 8.807607 8.398555 7.696144 6.568363 4.895813 2.649747 0.000000 
50.000000 42.526422 35.569675 29.539590 24.668836 20.998729 18.415615 16.714796 15.665345 15.057427 14.726198 14.556122 14.473664 14.435845 14.419405 14.412619 14.409956 14.408959 14.408604 14.408482 14.408443 14.408430 14.408427 14.408426 14.408425 14.408425 14.408425 14.408425 14.408425 14.408425 14.408423 14.408419 14.408406 14.408364 14.408241 14.407894 14.406954 14.404514 14.398456 14.384070 14.351426 14.280667 14.134265 13.845382 13.302585 12.334418 10.705303 8.151222 4.509976 0.000000 
50.000000 43.963551 38.344512 33.473882 29.539590 26.575029 24.488431 23.114485 22.266687 21.775558 21.507949 21.370532 21.303905 21.273344 21.260059 21.254575 21.252422 21.251617 21.251329 21.251231 21.251199 21.251189 21.251186 21.251185 21.251185 21.251185 21.251185 21.251185 21.251185 21.251184 21.251183 21.251179 21.251165 21.251124 21.251000 21.250649 21.249695 21.247203 21.240970 21.226031 21.191728 21.116238 20.956928 20.634277 20.006666 18.834287 16.736941 13.177697 7.593122 0.000000 
50.000000 45.742661 41.779688 38.344512 35.569675 33.478741 32.007004 31.037891 30.439877 30.093434 29.904655 29.807712 29.760706 29.739145 29.729771 29.725902 29.724383 29.723814 29.723611 29.723542 29.723520 29.723513 29.723510 29.723510 29.723510 29.723510 29.723510 29.723510 29.723510 29.723509 29.723508 29.723505 29.723494 29.723459 29.723357 29.723067 29.722274 29.720194 29.714959 29.702310 29.672962 29.607475 29.466651 29.173887 28.582928 27.418454 25.166815 20.889844 13.026796 0.000000 
50.000000 47.795108 45.742661 43.963551 42.526422 41.443481 40.681223 40.179279 39.869536 39.690091 39.592307 39.542091 39.517741 39.506572 39.501716 39.499711 39.498924 39.498630 39.498525 39.498489 39.498477 39.498473 39.498472 39.498472 39.498472 39.498472 39.498472 39.498472 39.498472 39.498472 39.498471 39.498469 39.498463 39.498443 39.498385 39.498220 39.497767 39.496574 39.493560 39.486236 39.469117 39.430520 39.346295 39.167339 38.793733 38.016446 36.370429 32.715865 23.897554 0.000000 
50.000000 50.000000 50.000000 50.000000 50.000000 50.000000 50.000000 50.000000 50.000000 50.000000 50.000000 50.000000 50.000000 50.000000 50.000000 50.000000 50.000000 50.000000 50.000000 50.000000 50.000000 50.000000 50.000000 50.000000 50.000000 50.000000 50.000000 50.000000 50.000000 50.000000 50.000000 50.000000 50.000000 50.000000 50.000000 50.000000 50.000000 50.000000 50.000000 50.000000 50.000000 50.000000 50.000000 50.000000 50.000000 50.000000 50.000000 50.000000 50.000000 50.000000 
