50.000000 50.000000 50.000000 50.000000 50.000000 50.000000 50.000000 50.000000 50.000000 50.000000 50.000000 50.000000 50.000000 50.000000 50.000000 50.000000 50.000000 50.000000 50.000000 50.000000 50.000000 50.000000 50.000000 50.000000 50.000000 50.000000 50.000000 50.000000 50.000000 50.000000 50.000000 50.000000 50.000000 50.000000 50.000000 50.000000 50.000000 50.000000 50.000000 50.000000 50.000000 50.000000 50.000000 50.000000 50.000000 50.000000 50.000000 50.000000 50.000000 50.000000 
50.000000 46.051885 42.591421 39.926480 38.115227 37.022506 36.433563 36.148108 36.022876 35.972842 35.954532 35.948363 35.946440 35.945883 35.945733 35.945695 35.945686 35.945684 35.945683 35.945683 35.945683 35.945683 35.945683 35.945683 35.945683 35.945683 35.945683 35.945683 35.945683 35.945683 35.945683 35.945683 35.945683 35.945683 35.945683 35.945681 35.945671 35.945631 35.945473 35.944886 35.942833 35.936079 35.915146 35.853916 35.684043 35.232820 34.066440 31.056549 23.025942 0.000000 
50.000000 42.591421 36.098055 31.097655 27.699294 25.649233 24.544417 24.008976 23.774100 23.680270 23.645939 23.634374 23.630769 23.629725 23.629443 23.629372 23.629355 23.629351 23.629350 23.629350 23.629350 23.629350 23.629350 23.629350 23.629350 23.629350 23.629350 23.629350 23.629350 23.629350 23.629350 23.629350 23.629350 23.629350 23.629349 23.629346 23.629331 23.629268 23.629021 23.628111 23.624956 23.614686 23.583351 23.493763 23.253660 22.649637 21.221087 18.049027 11.534872 0.000000 
50.000000 39.926480 31.097655 24.299175 19.679203 16.892508 15.390897 14.663257 14.344121 14.216653 14.170022 14.154316 14.149421 14.148004 14.147621 14.147525 14.147502 14.147496 14.147495 14.147495 14.147495 14.147495 14.147495 14.147495 14.147495 14.147495 14.147495 14.147495 14.147495 14.147495 14.147495 14.147495 14.147495 14.147495 14.147494 14.147491 14.147475 14.147412 14.147164 14.146257 14.143146 14.133155 14.103220 14.019751 13.803745 13.286824 12.149588 9.876568 5.860039 0.000000 
50.000000 38.115227 27.699294 19.679203 14.229574 10.942826 9.172003 8.314042 7.937811 7.787565 7.732613 7.714107 7.708342 7.706673 7.706222 7.706108 7.706081 7.706075 7.706074 7.706073 7.706073 7.706073 7.706073 7.706073 7.706073 7.706073 7.706073 7.706073 7.706073 7.706073 7.706073 7.706073 7.706073 7.706073 7.706072 7.706070 7.706058 7.706008 7.705816 7.705117 7.702746 7.695235 7.673128 7.612902 7.461787 7.114787 6.392379 5.049657 2.882407 0.000000 
50.000000 37.022506 25.649233 16.892508 10.942826 7.354858 5.421980 4.485632 4.075089 3.911167 3.851222 3.831039 3.824752 3.822932 3.822441 3.822317 3.822287 3.822281 3.822279 3.822279 3.822279 3.822279 3.822279 3.822279 3.822279 3.822279 3.822279 3.822279 3.822279 3.822279 3.822279 3.822279 3.822279 3.822279 3.822278 3.822277 3.822269 3.822237 3.822113 3.821669 3.820175 3.815501 3.801961 3.765814 3.677429 3.481039 3.088763 2.395573 1.338462 0.000000 
50.000000 36.433563 24.544417 15.390897 9.172003 5.421980 3.401988 2.423540 1.994586 1.823334 1.760717 1.739637 1.733071 1.731171 1.730658 1.730529 1.730498 1.730491 1.730490 1.730489 1.730489 1.730489 1.730489 1.730489 1.730489 1.730489 1.730489 1.730489 1.730489 1.730489 1.730489 1.730489 1.730489 1.730489 1.730489 1.730488 1.730484 1.730466 1.730398 1.730156 1.729349 1.726852 1.719718 1.700994 1.656166 1.559101 1.371146 1.050654 0.579648 0.000000 
50.000000 36.148108 24.008976 14.663257 8.314042 4.485632 2.423540 1.424767 0.986936 0.812153 0.748250 0.726739 0.720040 0.718102 0.717578 0.717446 0.717415 0.717408 0.717406 0.717406 0.717406 0.717406 0.717406 0.717406 0.717406 0.717406 0.717406 0.717406 0.717406 0.717406 0.717406 0.717406 0.717406 0.717406 0.717406 0.717405 0.717403 0.717394 0.717362 0.717246 0.716864 0.715692 0.712384 0.703822 0.683671 0.640913 0.560037 0.425626 0.232962 0.000000 
50.000000 36.022876 23.774100 14.344121 7.937811 4.075089 1.994586 0.986936 0.545231 0.368910 0.304447 0.282749 0.275992 0.274037 0.273509 0.273376 0.273344 0.273337 0.273336 0.273335 0.273335 0.273335 0.273335 0.273335 0.273335 0.273335 0.273335 0.273335 0.273335 0.273335 0.273335 0.273335 0.273335 0.273335 0.273335 0.273335 0.273334 0.273330 0.273316 0.273267 0.273106 0.272615 0.271243 0.267734 0.259588 0.242575 0.210966 0.159414 0.086796 0.000000 
50.000000 35.972842 23.680270 14.216653 7.787565 3.911167 1.823334 0.812153 0.368910 0.191979 0.127295 0.105523 0.098743 0.096781 0.096252 0.096118 0.096086 0.096079 0.096077 0.096077 0.096077 0.096077 0.096077 0.096077 0.096077 0.096077 0.096077 0.096077 0.096077 0.096077 0.096077 0.096077 0.096077 0.096077 0.096077 0.096077 0.096076 0.096075 0.096070 0.096051 0.095989 0.095804 0.095289 0.093986 0.090992 0.084819 0.073507 0.055315 0.030008 0.000000 
50.000000 35.954532 23.645939 14.170022 7.732613 3.851222 1.760717 0.748250 0.304447 0.127295 0.062531 0.040732 0.033943 0.031979 0.031449 0.031315 0.031283 0.031276 0.031275 0.031275 0.031274 0.031274 0.031274 0.031274 0.031274 0.031274 0.031274 0.031274 0.031274 0.031274 0.031274 0.031274 0.031274 0.031274 0.031274 0.031274 0.031274 0.031274 0.031272 0.031265 0.031244 0.031180 0.031004 0.030561 0.029553 0.027495 0.023764 0.017828 0.009647 0.000000 
50.000000 35.948363 23.634374 14.154316 7.714107 3.831039 1.739637 0.726739 0.282749 0.105523 0.040732 0.018924 0.012133 0.010168 0.009637 0.009503 0.009472 0.009464 0.009463 0.009463 0.009463 0.009463 0.009463 0.009463 0.009463 0.009463 0.009463 0.009463 0.009463 0.009463 0.009463 0.009463 0.009463 0.009463 0.009463 0.009463 0.009463 0.009462 0.009462 0.009460 0.009453 0.009433 0.009377 0.009239 0.008926 0.008291 0.007152 0.005353 0.002891 0.000000 
50.000000 35.946440 23.630769 14.149421 7.708342 3.824752 1.733071 0.720040 0.275992 0.098743 0.033943 0.012133 0.005341 0.003376 0.002845 0.002711 0.002680 0.002672 0.002671 0.002671 0.002671 0.002671 0.002671 0.002671 0.002671 0.002671 0.002671 0.002671 0.002671 0.002671 0.002671 0.002671 0.002671 0.002671 0.002671 0.002671 0.002671 0.002671 0.002670 0.002670 0.002668 0.002662 0.002646 0.002605 0.002515 0.002334 0.002010 0.001502 0.000810 0.000000 
50.000000 35.945883 23.629725 14.148004 7.706673 3.822932 1.731171 0.718102 0.274037 0.096781 0.031979 0.010168 0.003376 0.001411 0.000880 0.000746 0.000714 0.000707 0.000706 0.000705 0.000705 0.000705 0.000705 0.000705 0.000705 0.000705 0.000705 0.000705 0.000705 0.000705 0.000705 0.000705 0.000705 0.000705 0.000705 0.000705 0.000705 0.000705 0.000705 0.000705 0.000705 0.000703 0.000699 0.000688 0.000664 0.000615 0.000529 0.000395 0.000213 0.000000 
50.000000 35.945733 23.629443 14.147621 7.706222 3.822441 1.730658 0.717578 0.273509 0.096252 0.031449 0.009637 0.002845 0.000880 0.000350 0.000216 0.000184 0.000177 0.000175 0.000175 0.000175 0.000175 0.000175 0.000175 0.000175 0.000175 0.000175 0.000175 0.000175 0.000175 0.000175 0.000175 0.000175 0.000175 0.000175 0.000175 0.000175 0.000175 0.000175 0.000175 0.000175 0.000174 0.000173 0.000170 0.000164 0.000152 0.000131 0.000097 0.000052 0.000000 
50.000000 35.945695 23.629372 14.147525 7.706108 3.822317 1.730529 0.717446 0.273376 0.096118 0.031315 0.009503 0.002711 0.000746 0.000216 0.000082 0.000050 0.000043 0.000041 0.000041 0.000041 0.000041 0.000041 0.000041 0.000041 0.000041 0.000041 0.000041 0.000041 0.000041 0.000041 0.000041 0.000041 0.000041 0.000041 0.000041 0.000041 0.000041 0.000041 0.000041 0.000041 0.000041 0.000040 0.000040 0.000038 0.000035 0.000030 0.000023 0.000012 0.000000 
50.000000 35.945686 23.629355 14.147502 7.706081 3.822287 1.730498 0.717415 0.273344 0.096086 0.031283 0.009472 0.002680 0.000714 0.000184 0.000050 0.000018 0.000011 0.000009 0.000009 0.000009 0.000009 0.000009 0.000009 0.000009 0.000009 0.000009 0.000009 0.000009 0.000009 0.000009 0.000009 0.000009 0.000009 0.000009 0.000009 0.000009 0.000009 0.000009 0.000009 0.000009 0.000009 0.000009 0.000009 0.000008 0.000008 0.000007 0.000005 0.000003 0.000000 
50.000000 35.945684 23.629351 14.147496 7.706075 3.822281 1.730491 0.717408 0.273337 0.096079 0.031276 0.009464 0.002672 0.000707 0.000177 0.000043 0.000011 0.000004 0.000002 0.000002 0.000002 0.000002 0.000002 0.000002 0.000002 0.000002 0.000002 0.000002 0.000002 0.000002 0.000002 0.000002 0.000002 0.000002 0.000002 0.000002 0.000002 0.000002 0.000002 0.000002 0.000002 0.000002 0.000002 0.000002 0.000002 0.000002 0.000001 0.000001 0.000001 0.000000 
50.000000 35.945683 23.629350 14.147495 7.706074 3.822279 1.730490 0.717406 0.273336 0.096077 0.031275 0.009463 0.002671 0.000706 0.000175 0.000041 0.000009 0.000002 0.000001 0.000000 0.000000 0.000000 0.000000 0.000000 0.000000 0.000000 0.000000 0.000000 0.000000 0.000000 0.000000 0.000000 0.000000 0.000000 0.000000 0.000000 0.000000 0.000000 0.000000 0.000000 0.000000 0.000000 0.000000 0.000000 0.000000 0.000000 0.000000 0.000000 0.000000 0.000000 
50.000000 35.945683 23.629350 14.147495 7.706073 3.822279 1.730489 0.717406 0.273335 0.096077 0.031275 0.009463 0.002671 0.000705 0.000175 0.000041 0.000009 0.000002 0.000000 0.000000 0.000000 0.000000 0.000000 0.000000 0.000000 0.000000 0.000000 0.000000 0.000000 0.000000 0.000000 0.000000 0.000000 0.000000 0.000000 0.000000 0.000000 0.000000 0.000000 0.000000 0.000000 0.000000 0.000000 0.000000 0.000000 0.000000 0.000000 0.000000 0.000000 0.000000 
50.000000 35.945683 23.629350 14.147495 7.706073 3.822279 1.730489 0.717406 0.273335 0.096077 0.031274 0.009463 0.002671 0.000705 0.000175 0.000041 0.000009 0.000002 0.000000 0.000000 0.000000 0.000000 0.000000 0.000000 0.000000 0.000000 0.000000 0.000000 0.000000 0.000000 0.000000 0.000000 0.000000 0.000000 0.000000 0.000000 0.000000 0.000000 0.000000 0.000000 0.000000 0.000000 0.000000 0.000000 0.000000 0.000000 0.000000 0.000000 0.000000 0.000000 
50.000000 35.945683 23.629350 14.147495 7.706073 3.822279 1.730489 0.717406 0.273335 0.096077 0.031274 0.009463 0.002671 0.000705 0.000175 0.000041 0.000009 0.000002 0.000000 0.000000 0.000000 0.000000 0.000000 0.000000 0.000000 0.000000 0.000000 0.000000 0.000000 0.000000 0.000000 0.000000 0.000000 0.000000 0.000000 0.000000 0.000000 0.000000 0.000000 0.000000 0.000000 0.000000 0.000000 0.000000 0.000000 0.000000 0.000000 0.000000 0.000000 0.000000 
50.000000 35.945683 23.629350 14.147495 7.706073 3.822279 1.730489 0.717406 0.273335 0.096077 0.031274 0.009463 0.002671 0.000705 0.000175 0.000041 0.000009 0.000002 0.000000 0.000000 0.000000 0.000000 0.000000 0.000000 0.000000 0.000000 0.000000 0.000000 0.000000 0.000000 0.000000 0.000000 0.000000 0.000000 0.000000 0.000000 0.000000 0.000000 0.000000 0.000000 0.000000 0.000000 0.000000 0.000000 0.000000 0.000000 0.000000 0.000000 0.000000 0.000000 
50.000000 35.945683 23.629350 14.147495 7.706073 3.822279 1.730489 0.717406 0.273335 0.096077 0.031274 0.009463 0.002671 0.000705 0.000175 0.000041 0.000009 0.000002 0.000000 0.000000 0.000000 0.000000 0.000000 0.000000 0.000000 0.000000 0.000000 0.000000 0.000000 0.000000 0.000000 0.000000 0.000000 0.000000 0.000000 0.000000 0.000000 0.000000 0.000000 0.000000 0.000000 0.000000 0.000000 0.000000 0.000000 0.000000 0.000000 0.000000 0.000000 0.000000 
50.000000 35.945683 23.629350 14.147495 7.706073 3.822279 1.730489 0.717406 0.273335 0.096077 0.031274 0.009463 0.002671 0.000705 0.000175 0.000041 0.000009 0.000002 0.000000 0.000000 0.000000 0.000000 0.000000 0.000000 0.000000 0.000000 0.000000 0.000000 0.000000 0.000000 0.000000 0.000000 0.000000 0.000000 0.000000 0.000000 0.000000 0.000000 0.000000 0.000000 0.000000 0.000000 0.000000 0.000000 0.000000 0.000000 0.000000 0.000000 0.000000 0.000000 
50.000000 35.945683 23.629350 14.147495 7.706073 3.822279 1.730489 0.717406 0.273335 0.096077 0.031274 0.009463 0.002671 0.000705 0.000175 0.000041 0.000009 0.000002 0.000000 0.000000 0.000000 0.000000 0.000000 0.000000 0.000000 0.000000 0.000000 0.000000 0.000000 0.000000 0.000000 0.000000 0.000000 0.000000 0.000000 0.000000 0.000000 0.000000 0.000000 0.000000 0.000000 0.000000 0.000000 0.000000 0.000000 0.000000 0.000000 0.000000 0.000000 0.000000 
50.000000 35.945683 23.629350 14.147495 7.706073 3.822279 1.730489 0.717406 0.273335 0.096077 0.031274 0.009463 0.002671 0.000705 0.000175 0.000041 0.000009 0.000002 0.000000 0.000000 0.000000 0.000000 0.000000 0.000000 0.000000 0.000000 0.000000 0.000000 0.000000 0.000000 0.000000 0.000000 0.000000 0.000000 0.000000 0.000000 0.000000 0.000000 0.000000 0.000000 0.000000 0.000000 0.000000 0.000000 0.000000 0.000000 0.000000 0.000000 0.000000 0.000000 
50.000000 35.945683 23.629350 14.147495 7.706073 3.822279 1.730489 0.717406 0.273335 0.096077 0.031274 0.009463 0.002671 0.000705 0.000175 0.000041 0.000009 0.000002 0.000000 0.000000 0.000000 0.000000 0.000000 0.000000 0.000000 0.000000 0.000000 0.000000 0.000000 0.000000 0.000000 0.000000 0.000000 0.000000 0.000000 0.000000 0.000000 0.000000 0.000000 0.000000 0.000000 0.000000 0.000000 0.000000 0.000000 0.000000 0.000000 0.000000 0.000000 0.000000 
50.000000 35.945683 23.629350 14.147495 7.706073 3.822279 1.730489 0.717406 0.273335 0.096077 0.031274 0.009463 0.002671 0.000705 0.000175 0.000041 0.000009 0.000002 0.000000 0.000000 0.000000 0.000000 0.000000 0.000000 0.000000 0.000000 0.000000 0.000000 0.000000 0.000000 0.000000 0.000000 0.000000 0.000000 0.000000 0.000000 0.000000 0.000000 0.000000 0.000000 0.000000 0.000000 0.000000 0.000000 0.000000 0.000000 0.000000 0.000000 0.000000 0.000000 
50.000000 35.945683 23.629350 14.147495 7.706073 3.822279 1.730489 0.717406 0.273335 0.096077 0.031274 0.009463 0.002671 0.000705 0.000175 0.000041 0.000009 0.000002 0.000000 0.000000 0.000000 0.000000 0.000000 0.000000 0.000000 0.000000 0.000000 0.000000 0.000000 0.000000 0.000000 0.000000 0.000000 0.000000 0.000000 0.000000 0.000000 0.000000 0.000000 0.000000 0.000000 0.000000 0.000000 0.000000 0.000000 0.000000 0.000000 0.000000 0.000000 0.000000 
50.000000 35.945683 23.629350 14.147495 7.706073 3.822279 1.730489 0.717406 0.273335 0.096077 0.031275 0.009463 0.002671 0.000705 0.000175 0.000041 0.000009 0.000002 0.000000 0.000000 0.000000 0.000000 0.000000 0.000000 0.000000 0.000000 0.000000 0.000000 0.000000 0.000000 0.000000 0.000000 0.000000 0.000000 0.000000 0.000000 0.000000 0.000000 0.000000 0.000000 0.000000 0.000000 0.000000 0.000000 0.000000 0.000000 0.000000 0.000000 0.000000 0.000000 
50.000000 35.945683 23.629350 14.147495 7.706074 3.822279 1.730490 0.717406 0.273336 0.096077 0.031275 0.009463 0.002671 0.000706 0.000175 0.000041 0.000009 0.000002 0.000001 0.000000 0.000000 0.000000 0.000000 0.000000 0.000000 0.000000 0.000000 0.000000 0.000000 0.000000 0.000000 0.000000 0.000000 0.000000 0.000000 0.000000 0.000000 0.000000 0.000000 0.000000 0.000000 0.000000 0.000000 0.000000 0.000000 0.000000 0.000000 0.000000 0.000000 0.000000 
50.000000 35.945684 23.629351 14.147496 7.706075 3.822281 1.730491 0.717408 0.273337 0.096079 0.031276 0.009464 0.002672 0.000707 0.000177 0.000043 0.000011 0.000004 0.000002 0.000002 0.000002 0.000002 0.000002 0.000002 0.000002 0.000002 0.000002 0.000002 0.000002 0.000002 0.000002 0.000002 0.000002 0.000002 0.000002 0.000002 0.000002 0.000002 0.000002 0.000002 0.000002 0.000002 0.000002 0.000002 0.000002 0.000002 0.000001 0.000001 0.000001 0.000000 
50.000000 35.945686 23.629355 14.147502 7.706081 3.822287 1.730498 0.717415 0.273344 0.096086 0.031283 0.009472 0.002680 0.000714 0.000184 0.000050 0.000018 0.000011 0.000009 0.000009 0.000009 0.000009 0.000009 0.000009 0.000009 0.000009 0.000009 0.000009 0.000009 0.000009 0.000009 0.000009 0.000009 0.000009 0.000009 0.000009 0.000009 0.000009 0.000009 0.000009 0.000009 0.000009 0.000009 0.000009 0.000008 0.000008 0.000007 0.000005 0.000003 0.000000 
50.000000 35.945695 23.629372 14.147525 7.706108 3.822317 1.730529 0.717446 0.273376 0.096118 0.031315 0.009503 0.002711 0.000746 0.000216 0.000082 0.000050 0.000043 0.000041 0.000041 0.000041 0.000041 0.000041 0.000041 0.000041 0.000041 0.000041 0.000041 0.000041 0.000041 0.000041 0.000041 0.000041 0.000041 0.000041 0.000041 0.000041 0.000041 0.000041 0.000041 0.000041 0.000041 0.000040 0.000040 0.000038 0.000035 0.000030 0.000023 0.000012 0.000000 
50.000000 35.945733 23.629443 14.147621 7.706222 3.822441 1.730658 0.717578 0.273509 0.096252 0.031449 0.009637 0.002845 0.000880 0.000350 0.000216 0.000184 0.000177 0.000175 0.000175 0.000175 0.000175 0.000175 0.000175 0.000175 0.000175 0.000175 0.000175 0.000175 0.000175 0.000175 0.000175 0.000175 0.000175 0.000175 0.000175 0.000175 0.000175 0.000175 0.000175 0.000175 0.000174 0.000173 0.000170 0.000164 0.000152 0.000131 0.000097 0.000052 0.000000 
50.000000 35.945883 23.629725 14.148004 7.706673 3.822932 1.731171 0.718102 0.274037 0.096781 0.031979 0.010168 0.003376 0.001411 0.000880 0.000746 0.000714 0.000707 0.000706 0.000705 0.000705 0.000705 0.000705 0.000705 0.000705 0.000705 0.000705 0.000705 0.000705 0.000705 0.000705 0.000705 0.000705 0.000705 0.000705 0.000705 0.000705 0.000705 0.000705 0.000705 0.000705 0.000703 0.000699 0.000688 0.000664 0.000615 0.000529 0.000395 0.000213 0.000000 
50.000000 35.946440 23.630769 14.149421 7.708342 3.824752 1.733071 0.720040 0.275992 0.098743 0.033943 0.012133 0.005341 0.003376 0.002845 0.002711 0.002680 0.002672 0.002671 0.002671 0.002671 0.002671 0.002671 0.002671 0.002671 0.002671 0.002671 0.002671 0.002671 0.002671 0.002671 0.002671 0.002671 0.002671 0.002671 0.002671 0.002671 0.002671 0.002670 0.002670 0.002668 0.002662 0.002646 0.002605 0.002515 0.002334 0.002010 0.001502 0.000810 0.000000 
50.000000 35.948363 23.634374 14.154316 7.714107 3.831039 1.739637 0.726739 0.282749 0.105523 0.040732 0.018924 0.012133 0.010168 0.009637 0.009503 0.009472 0.009464 0.009463 0.009463 0.009463 0.009463 0.009463 0.009463 0.009463 0.009463 0.009463 0.009463 0.009463 0.009463 0.009463 0.009463 0.009463 0.009463 0.009463 0.009463 0.009463 0.009462 0.009462 0.009460 0.009453 0.009433 0.009377 0.009239 0.008926 0.008291 0.007152 0.005353 0.002891 0.000000 
50.000000 35.954532 23.645939 14.170022 7.732613 3.851222 1.760717 0.748250 0.304447 0.127295 0.062531 0.040732 0.033943 0.031979 0.031449 0.031315 0.031283 0.031276 0.031275 0.031275 0.031274 0.031274 0.031274 0.031274 0.031274 0.031274 0.031274 0.031274 0.031274 0.031274 0.031274 0.031274 0.031274 0.031274 0.031274 0.031274 0.031274 0.031274 0.031272 0.031265 0.031244 0.031180 0.031004 0.030561 0.029553 0.027495 0.023764 0.017828 0.009647 0.000000 
50.000000 35.972842 23.680270 14.216653 7.787565 3.911167 1.823334 0.812153 0.368910 0.191979 0.127295 0.105523 0.098743 0.096781 0.096252 0.096118 0.096086 0.096079 0.096077 0.096077 0.096077 0.096077 0.096077 0.096077 0.096077 0.096077 0.096077 0.096077 0.096077 0.096077 0.096077 0.096077 0.096077 0.096077 0.096077 0.096077 0.096076 0.096075 0.096070 0.096051 0.095989 0.095804 0.095289 0.093986 0.090992 0.084819 0.073507 0.055315 0.030008 0.000000 
50.000000 36.022876 23.774100 14.344121 7.937811 4.075089 1.994586 0.986936 0.545231 0.368910 0.304447 0.282749 0.275992 0.274037 0.273509 0.273376 0.273344 0.273337 0.273336 0.273335 0.273335 0.273335 0.273335 0.273335 0.273335 0.273335 0.273335 0.273335 0.273335 0.273335 0.273335 0.273335 0.273335 0.273335 0.273335 0.273335 0.273334 0.273330 0.273316 0.273267 0.273106 0.272615 0.271243 0.267734 0.259588 0.242575 0.210966 0.159414 0.086796 0.000000 
50.000000 36.148108 24.008976 14.663257 8.314042 4.485632 2.423540 1.424767 0.986936 0.812153 0.748250 0.726739 0.720040 0.718102 0.717578 0.717446 0.717415 0.717408 0.717406 0.717406 0.717406 0.717406 0.717406 0.717406 0.717406 0.717406 0.717406 0.717406 0.717406 0.717406 0.717406 0.717406 0.717406 0.717406 0.717406 0.717405 0.717403 0.717394 0.717362 0.717246 0.716864 0.715692 0.712384 0.703822 0.683671 0.640913 0.560037 0.425626 0.232962 0.000000 
50.000000 36.433563 24.544417 15.390897 9.172003 5.421980 3.401988 2.423540 1.994586 1.823334 1.760717 1.739637 1.733071 1.731171 1.730658 1.730529 1.730498 1.730491 1.730490 1.730489 1.730489 1.730489 1.730489 1.730489 1.730489 1.730489 1.730489 1.730489 1.730489 1.730489 1.730489 1.730489 1.730489 1.730489 1.730489 1.730488 1.730484 1.730466 1.730398 1.730156 1.729349 1.726852 1.719718 1.700994 1.656166 1.559101 1.371146 1.050654 0.579648 0.000000 
50.000000 37.022506 25.649233 16.892508 10.942826 7.354858 5.421980 4.485632 4.075089 3.911167 3.851222 3.831039 3.824752 3.822932 3.822441 3.822317 3.822287 3.822281 3.822279 3.822279 3.822279 3.822279 3.822279 3.822279 3.822279 3.822279 3.822279 3.822279 3.822279 3.822279 3.822279 3.822279 3.822279 3.822279 3.822278 3.822277 3.822269 3.822237 3.822113 3.821669 3.820175 3.815501 3.801961 3.765814 3.677429 3.481039 3.088763 2.395573 1.338462 0.000000 
50.000000 38.115227 27.699294 19.679203 14.229574 10.942826 9.172003 8.314042 7.937811 7.787565 7.732613 7.714107 7.708342 7.706673 7.706222 7.706108 7.706081 7.706075 7.706074 7.706073 7.706073 7.706073 7.706073 7.706073 7.706073 7.706073 7.706073 7.706073 7.706073 7.706073 7.706073 7.706073 7.706073 7.706073 7.706072 7.706070 7.706058 7.706008 7.705816 7.705117 7.702746 7.695235 7.673128 7.612902 7.461787 7.114787 6.392379 5.049657 2.882407 0.000000 
50.000000 39.926480 31.097655 24.299175 19.679203 16.892508 15.390897 14.663257 14.344121 14.216653 14.170022 14.154316 14.149421 14.148004 14.147621 14.147525 14.147502 14.147496 14.147495 14.147495 14.147495 14.147495 14.147495 14.147495 14.147495 14.147495 14.147495 14.147495 14.147495 14.147495 14.147495 14.147495 14.147495 14.147495 14.147494 14.147491 14.147475 14.147412 14.147164 14.146257 14.143146 14.133155 14.103220 14.019751 13.803745 13.286824 12.149588 9.876568 5.860039 0.000000 
50.000000 42.591421 36.098055 31.097655 27.699294 25.649233 24.544417 24.008976 23.774100 23.680270 23.645939 23.634374 23.630769 23.629725 23.629443 23.629372 23.629355 23.629351 23.629350 23.629350 23.629350 23.629350 23.629350 23.629350 23.629350 23.629350 23.629350 23.629350 23.629350 23.629350 23.629350 23.629350 23.629350 23.629350 23.629349 23.629346 23.629331 23.629268 23.629021 23.628111 23.624956 23.614686 23.583351 23.493763 23.253660 22.649637 21.221087 18.049027 11.534872 0.000000 
50.000000 46.051885 42.591421 39.926480 38.115227 37.022506 36.433563 36.148108 36.022876 35.972842 35.954532 35.948363 35.946440 35.945883 35.945733 35.945695 35.945686 35.945684 35.945683 35.945683 35.945683 35.945683 35.945683 35.945683 35.945683 35.945683 35.945683 35.945683 35.945683 35.945683 35.945683 35.945683 35.945683 35.945683 35.945683 35.945681 35.945671 35.945631 35.945473 35.944886 35.942833 35.936079 35.915146 35.853916 35.684043 35.232820 34.066440 31.056549 23.025942 0.000000 
50.000000 50.000000 50.000000 50.000000 50.000000 50.000000 50.000000 50.000000 50.000000 50.000000 50.000000 50.000000 50.000000 50.000000 50.000000 50.000000 50.000000 50.000000 50.000000 50.000000 50.000000 50.000000 50.000000 50.000000 50.000000 50.000000 50.000000 50.000000 50.000000 50.000000 50.000000 50.000000 50.000000 50.000000 50.000000 50.000000 50.000000 50.000000 50.000000 50.000000 50.000000 50.000000 50.000000 50.000000 50.000000 50.000000 50.000000 50.000000 50.000000 50.000000 
