50.000000 50.000000 50.000000 50.000000 50.000000 50.000000 50.000000 50.000000 50.000000 50.000000 50.000000 50.000000 50.000000 50.000000 50.000000 50.000000 50.000000 50.000000 50.000000 50.000000 50.000000 50.000000 50.000000 50.000000 50.000000 50.000000 50.000000 50.000000 50.000000 50.000000 50.000000 50.000000 50.000000 50.000000 50.000000 50.000000 50.000000 50.000000 50.000000 50.000000 50.000000 50.000000 50.000000 50.000000 50.000000 50.000000 50.000000 50.000000 50.000000 50.000000 
50.000000 48.985399 48.003114 47.082376 46.246736 45.512340 44.887276 44.371963 43.960385 43.641848 43.402902 43.229129 43.106574 43.022727 42.967063 42.931191 42.908744 42.895100 42.887040 42.882412 42.879828 42.878424 42.877681 42.877298 42.877104 42.877005 42.876948 42.876901 42.876837 42.876718 42.876484 42.876026 42.875142 42.873470 42.870374 42.864755 42.854756 42.837286 42.807273 42.756473 42.671517 42.530620 42.297660 41.910790 41.258471 40.123803 38.040447 33.876115 24.492699 0.000000 
50.000000 48.003114 46.069832 44.257685 42.613024 41.167629 39.937416 38.923209 38.113170 37.486250 37.015977 36.673972 36.432769 36.267750 36.158198 36.087600 36.043423 36.016569 36.000708 35.991600 35.986514 35.983751 35.982289 35.981536 35.981154 35.980959 35.980849 35.980758 35.980635 35.980410 35.979970 35.979106 35.977442 35.974299 35.968487 35.957963 35.939279 35.906736 35.851048 35.757273 35.601531 35.345703 34.928514 34.249891 33.142241 31.315847 28.254803 23.034916 14.126999 0.000000 
50.000000 47.082376 44.257685 41.609986 39.207001 37.095164 35.297731 33.815904 32.632384 31.716416 31.029323 30.529639 30.177233 29.936136 29.776078 29.672934 29.608391 29.569158 29.545985 29.532679 29.525249 29.521212 29.519077 29.517976 29.517419 29.517136 29.516976 29.516849 29.516679 29.516372 29.515772 29.514598 29.512340 29.508086 29.500240 29.486074 29.461024 29.417598 29.343735 29.220311 29.017396 28.688576 28.162250 27.328196 26.017001 23.970231 20.804993 16.002882 9.041929 0.000000 
50.000000 46.246736 42.613024 39.207001 36.115788 33.399116 31.086902 29.180692 27.658229 26.479948 25.596091 24.953316 24.499998 24.189865 23.983978 23.851301 23.768279 23.717814 23.688007 23.670892 23.661335 23.656143 23.653397 23.651981 23.651265 23.650903 23.650701 23.650545 23.650343 23.649983 23.649285 23.647920 23.645303 23.640384 23.631345 23.615091 23.586487 23.537200 23.453993 23.316260 23.092531 22.735587 22.175806 21.312499 20.003752 18.057894 15.236770 11.297177 6.122932 0.000000 
50.000000 45.512340 41.167629 37.095164 33.399116 30.150905 27.386299 25.107144 23.286825 21.878034 20.821274 20.052763 19.510774 19.139982 18.893827 18.735203 18.635946 18.575614 18.539978 18.519517 18.508092 18.501885 18.498602 18.496910 18.496056 18.495624 18.495388 18.495213 18.494995 18.494614 18.493878 18.492447 18.489709 18.484583 18.475200 18.458406 18.429021 18.378733 18.294545 18.156621 17.935437 17.588185 17.054552 16.252466 15.075453 13.395364 11.078163 8.025387 4.253869 0.000000 
50.000000 44.887276 39.937416 35.297731 31.086902 27.386299 24.236668 21.640112 19.566304 17.961343 16.757442 15.881934 15.264491 14.842083 14.561666 14.380965 14.267894 14.199167 14.158574 14.135266 14.122252 14.115182 14.111443 14.109516 14.108544 14.108055 14.107793 14.107606 14.107387 14.107012 14.106295 14.104907 14.102260 14.097322 14.088324 14.072303 14.044441 13.997108 13.918558 13.791226 13.589633 13.278049 12.808265 12.118334 11.133833 9.774403 7.969534 5.687524 2.976486 0.000000 
50.000000 44.371963 38.923209 33.815904 29.180692 25.107144 21.640112 18.781906 16.499141 14.732477 13.407292 12.443592 11.763960 11.299012 10.990359 10.791465 10.667012 10.591367 10.546688 10.521036 10.506712 10.498931 10.494817 10.492696 10.491628 10.491093 10.490811 10.490621 10.490411 10.490065 10.489409 10.488146 10.485747 10.481291 10.473208 10.458895 10.434160 10.392452 10.323842 10.213773 10.041648 9.779469 9.390953 8.831847 8.052592 7.004886 5.653654 3.994695 2.074303 0.000000 
50.000000 43.960385 38.113170 32.632384 27.658229 23.286825 19.566304 16.499141 14.049505 12.153711 10.731678 9.697557 8.968269 8.469357 8.138160 7.924742 7.791203 7.710036 7.662097 7.634573 7.619204 7.610856 7.606442 7.604168 7.603023 7.602453 7.602157 7.601969 7.601776 7.601471 7.600904 7.599817 7.597762 7.593962 7.587100 7.575017 7.554268 7.519537 7.462891 7.372912 7.233815 7.024753 6.719673 6.288256 5.698640 4.922642 3.943808 2.767467 1.429765 0.000000 
50.000000 43.641848 37.486250 31.716416 26.479948 21.878034 17.961343 14.732477 12.153711 10.157996 8.661025 7.572419 6.804714 6.279525 5.930889 5.706236 5.565669 5.480232 5.429772 5.400800 5.384623 5.375837 5.371191 5.368798 5.367594 5.366997 5.366693 5.366510 5.366338 5.366082 5.365614 5.364725 5.363051 5.359969 5.354432 5.344733 5.328182 5.300674 5.256170 5.186131 5.078998 4.919896 4.690829 4.371709 3.942597 3.387416 2.699020 1.884718 0.970330 0.000000 
50.000000 43.402902 37.015977 31.029323 25.596091 20.821274 16.757442 13.407292 10.731678 8.661025 7.107856 5.978390 5.181878 4.636988 4.275277 4.042201 3.896366 3.807728 3.755377 3.725321 3.708539 3.699424 3.694604 3.692123 3.690875 3.690259 3.689950 3.689773 3.689623 3.689415 3.689046 3.688351 3.687049 3.684663 3.680395 3.672960 3.660347 3.639525 3.606094 3.553928 3.474894 3.358766 3.193519 2.966216 2.664653 2.279831 1.809013 1.258704 0.646430 0.000000 
50.000000 43.229129 36.673972 30.529639 24.953316 20.052763 15.881934 12.443593 9.697557 7.572419 5.978390 4.819221 4.001768 3.442556 3.071342 2.832145 2.682481 2.591517 2.537793 2.506948 2.489727 2.480373 2.475428 2.472881 2.471603 2.470973 2.470661 2.470491 2.470361 2.470198 2.469918 2.469397 2.468427 2.466656 2.463505 2.458042 2.448827 2.433711 2.409611 2.372297 2.316249 2.234666 2.119750 1.963375 1.758218 1.499324 1.185904 0.822924 0.421856 0.000000 
50.000000 43.106574 36.432769 30.177233 24.499998 19.510774 15.264491 11.763960 8.968269 6.804714 5.181878 4.001768 3.169552 2.600245 2.222333 1.978822 1.826460 1.733857 1.679165 1.647766 1.630235 1.620712 1.615679 1.613087 1.611786 1.611147 1.610834 1.610670 1.610558 1.610432 1.610227 1.609851 1.609157 1.607895 1.605659 1.601802 1.595330 1.584776 1.568057 1.542353 1.504040 1.448732 1.371508 1.267383 1.132041 0.962798 0.759635 0.526033 0.269288 0.000000 
50.000000 43.022727 36.267750 29.936136 24.189865 19.139982 14.842083 11.299012 8.469357 6.279525 4.636988 3.442556 2.600245 2.024037 1.641544 1.395084 1.240878 1.147155 1.091802 1.060023 1.042281 1.032644 1.027549 1.024927 1.023611 1.022965 1.022652 1.022494 1.022396 1.022299 1.022153 1.021892 1.021413 1.020548 1.019020 1.016398 1.012018 1.004915 0.993729 0.976641 0.951343 0.915089 0.864852 0.797642 0.710961 0.603378 0.475112 0.328472 0.167971 0.000000 
50.000000 42.967063 36.158198 29.776078 23.983978 18.893827 14.561666 10.990359 8.138160 5.930889 4.275277 3.071342 2.222333 1.641544 1.256014 1.007598 0.852168 0.757702 0.701911 0.669881 0.651998 0.642285 0.637150 0.634507 0.633181 0.632532 0.632219 0.632065 0.631977 0.631903 0.631802 0.631626 0.631307 0.630735 0.629728 0.628007 0.625147 0.620531 0.613300 0.602317 0.586156 0.563143 0.531464 0.489363 0.435421 0.368887 0.290004 0.200236 0.102308 0.000000 
50.000000 42.931191 36.087600 29.672934 23.851301 18.735203 14.380965 10.791465 7.924742 5.706236 4.042202 2.832145 1.978822 1.395085 1.007598 0.757922 0.601705 0.506761 0.450687 0.418495 0.400522 0.390760 0.385599 0.382943 0.381611 0.380960 0.380647 0.380496 0.380416 0.380358 0.380288 0.380173 0.379968 0.379602 0.378961 0.377870 0.376064 0.373163 0.368641 0.361807 0.351805 0.337642 0.318257 0.292642 0.260004 0.219957 0.172694 0.119113 0.060818 0.000000 
50.000000 42.908744 36.043423 29.608391 23.768279 18.635946 14.267895 10.667012 7.791203 5.565670 3.896366 2.682481 1.826460 1.240878 0.852169 0.601705 0.444996 0.349753 0.293503 0.261210 0.243180 0.233387 0.228211 0.225547 0.224211 0.223558 0.223245 0.223096 0.223022 0.222975 0.222926 0.222853 0.222725 0.222499 0.222104 0.221435 0.220331 0.218566 0.215826 0.211704 0.205701 0.197242 0.185721 0.170573 0.151363 0.127895 0.100305 0.069124 0.035274 0.000000 
50.000000 42.895100 36.016570 29.569159 23.717815 18.575615 14.199168 10.591368 7.710038 5.480234 3.807729 2.591518 1.733858 1.147156 0.757704 0.506762 0.349754 0.254329 0.197973 0.165618 0.147554 0.137743 0.132556 0.129887 0.128549 0.127895 0.127583 0.127435 0.127365 0.127325 0.127290 0.127244 0.127167 0.127031 0.126795 0.126398 0.125744 0.124703 0.123093 0.120681 0.117184 0.112276 0.105622 0.096910 0.085906 0.072513 0.056819 0.039128 0.019958 0.000000 
50.000000 42.887041 36.000709 29.545986 23.688009 18.539981 14.158576 10.546691 7.662100 5.429775 3.755381 2.537796 1.679169 1.091806 0.701915 0.450691 0.293506 0.197975 0.141555 0.109164 0.091080 0.081258 0.076066 0.073394 0.072054 0.071400 0.071087 0.070941 0.070873 0.070837 0.070812 0.070783 0.070737 0.070658 0.070522 0.070292 0.069917 0.069321 0.068403 0.067033 0.065053 0.062286 0.058548 0.053672 0.047536 0.040090 0.031390 0.021603 0.011015 0.000000 
50.000000 42.882413 35.991602 29.532683 23.670897 18.519523 14.135273 10.521043 7.634580 5.400808 3.725329 2.506957 1.647774 1.060032 0.669889 0.418504 0.261218 0.165625 0.109169 0.076757 0.058662 0.048833 0.043638 0.040964 0.039624 0.038969 0.038657 0.038512 0.038444 0.038412 0.038392 0.038373 0.038346 0.038302 0.038225 0.038097 0.037888 0.037556 0.037048 0.036291 0.035201 0.033684 0.031641 0.028984 0.025650 0.021617 0.016915 0.011635 0.005931 0.000000 
50.000000 42.879831 35.986520 29.525258 23.661347 18.508106 14.122267 10.506729 7.619223 5.384643 3.708559 2.489748 1.630255 1.042302 0.652019 0.400543 0.243201 0.147574 0.091098 0.058674 0.040572 0.030740 0.025543 0.022869 0.021528 0.020873 0.020561 0.020416 0.020349 0.020318 0.020302 0.020289 0.020273 0.020249 0.020207 0.020137 0.020023 0.019844 0.019570 0.019164 0.018580 0.017770 0.016682 0.015271 0.013506 0.011375 0.008895 0.006116 0.003117 0.000000 
50.000000 42.878431 35.983766 29.521234 23.656170 18.501918 14.115219 10.498972 7.610899 5.375882 3.699471 2.480421 1.620761 1.032693 0.642334 0.390810 0.233437 0.137791 0.081304 0.048875 0.030769 0.020935 0.015737 0.013062 0.011721 0.011066 0.010754 0.010609 0.010543 0.010513 0.010499 0.010489 0.010480 0.010466 0.010444 0.010407 0.010347 0.010252 0.010108 0.009895 0.009590 0.009167 0.008601 0.007869 0.006956 0.005855 0.004577 0.003146 0.001602 0.000000 
50.000000 42.877699 35.982324 29.519127 23.653461 18.498678 14.111529 10.494911 7.606542 5.371296 3.694713 2.475539 1.615791 1.027663 0.637265 0.385714 0.228326 0.132671 0.076178 0.043745 0.025638 0.015803 0.010604 0.007929 0.006588 0.005933 0.005621 0.005476 0.005410 0.005381 0.005367 0.005360 0.005354 0.005346 0.005334 0.005315 0.005283 0.005234 0.005159 0.005049 0.004892 0.004674 0.004383 0.004008 0.003541 0.002979 0.002328 0.001599 0.000815 0.000000 
50.000000 42.877337 35.981612 29.518088 23.652124 18.497081 14.109709 10.492908 7.604394 5.369035 3.692367 2.473132 1.613341 1.025183 0.634765 0.383202 0.225806 0.130146 0.073650 0.041216 0.023108 0.013272 0.008074 0.005398 0.004057 0.003402 0.003090 0.002945 0.002879 0.002850 0.002837 0.002831 0.002826 0.002822 0.002815 0.002805 0.002788 0.002761 0.002721 0.002662 0.002578 0.002463 0.002308 0.002110 0.001863 0.001567 0.001224 0.000840 0.000428 0.000000 
50.000000 42.877190 35.981323 29.517665 23.651581 18.496431 14.108969 10.492094 7.603520 5.368115 3.691413 2.472153 1.612344 1.024175 0.633749 0.382181 0.224781 0.129119 0.072623 0.040187 0.022079 0.012243 0.007044 0.004369 0.003027 0.002372 0.002061 0.001916 0.001850 0.001821 0.001808 0.001802 0.001799 0.001795 0.001791 0.001784 0.001773 0.001756 0.001730 0.001692 0.001638 0.001564 0.001466 0.001339 0.001182 0.000994 0.000776 0.000533 0.000271 0.000000 
50.000000 42.877190 35.981323 29.517665 23.651581 18.496431 14.108969 10.492094 7.603520 5.368115 3.691413 2.472153 1.612344 1.024175 0.633749 0.382181 0.224781 0.129119 0.072623 0.040187 0.022079 0.012243 0.007044 0.004369 0.003027 0.002372 0.002061 0.001916 0.001850 0.001821 0.001808 0.001802 0.001799 0.001795 0.001791 0.001784 0.001773 0.001756 0.001730 0.001692 0.001638 0.001564 0.001466 0.001339 0.001182 0.000994 0.000776 0.000533 0.000271 0.000000 
50.000000 42.877337 35.981612 29.518088 23.652124 18.497081 14.109709 10.492908 7.604394 5.369035 3.692367 2.473132 1.613341 1.025183 0.634765 0.383202 0.225806 0.130146 0.073650 0.041216 0.023108 0.013272 0.008074 0.005398 0.004057 0.003402 0.003090 0.002945 0.002879 0.002850 0.002837 0.002831 0.002826 0.002822 0.002815 0.002805 0.002788 0.002761 0.002721 0.002662 0.002578 0.002463 0.002308 0.002110 0.001863 0.001567 0.001224 0.000840 0.000428 0.000000 
50.000000 42.877699 35.982324 29.519127 23.653461 18.498678 14.111529 10.494911 7.606542 5.371296 3.694713 2.475539 1.615791 1.027663 0.637265 0.385714 0.228326 0.132671 0.076178 0.043745 0.025638 0.015803 0.010604 0.007929 0.006588 0.005933 0.005621 0.005476 0.005410 0.005381 0.005367 0.005360 0.005354 0.005346 0.005334 0.005315 0.005283 0.005234 0.005159 0.005049 0.004892 0.004674 0.004383 0.004008 0.003541 0.002979 0.002328 0.001599 0.000815 0.000000 
50.000000 42.878431 35.983766 29.521234 23.656170 18.501918 14.115219 10.498972 7.610899 5.375882 3.699471 2.480421 1.620761 1.032693 0.642334 0.390810 0.233437 0.137791 0.081304 0.048875 0.030769 0.020935 0.015737 0.013062 0.011721 0.011066 0.010754 0.010609 0.010543 0.010513 0.010499 0.010489 0.010480 0.010466 0.010444 0.010407 0.010347 0.010252 0.010108 0.009895 0.009590 0.009167 0.008601 0.007869 0.006956 0.005855 0.004577 0.003146 0.001602 0.000000 
50.000000 42.879831 35.986520 29.525258 23.661347 18.508106 14.122267 10.506729 7.619223 5.384643 3.708559 2.489748 1.630255 1.042302 0.652019 0.400543 0.243201 0.147574 0.091098 0.058674 0.040572 0.030740 0.025543 0.022869 0.021528 0.020873 0.020561 0.020416 0.020349 0.020318 0.020302 0.020289 0.020273 0.020249 0.020207 0.020137 0.020023 0.019844 0.019570 0.019164 0.018580 0.017770 0.016682 0.015271 0.013506 0.011375 0.008895 0.006116 0.003117 0.000000 
50.000000 42.882413 35.991602 29.532683 23.670897 18.519523 14.135273 10.521043 7.634580 5.400808 3.725329 2.506957 1.647774 1.060032 0.669889 0.418504 0.261218 0.165625 0.109169 0.076757 0.058662 0.048833 0.043638 0.040964 0.039624 0.038969 0.038657 0.038512 0.038444 0.038412 0.038392 0.038373 0.038346 0.038302 0.038225 0.038097 0.037888 0.037556 0.037048 0.036291 0.035201 0.033684 0.031641 0.028984 0.025650 0.021617 0.016915 0.011635 0.005931 0.000000 
50.000000 42.887041 36.000709 29.545986 23.688009 18.539981 14.158576 10.546691 7.662100 5.429775 3.755381 2.537796 1.679169 1.091806 0.701915 0.450691 0.293506 0.197975 0.141555 0.109164 0.091080 0.081258 0.076066 0.073394 0.072054 0.071400 0.071087 0.070941 0.070873 0.070837 0.070812 0.070783 0.070737 0.070658 0.070522 0.070292 0.069917 0.069321 0.068403 0.067033 0.065053 0.062286 0.058548 0.053672 0.047536 0.040090 0.031390 0.021603 0.011015 0.000000 
50.000000 42.895100 36.016570 29.569159 23.717815 18.575615 14.199168 10.591368 7.710038 5.480234 3.807729 2.591518 1.733858 1.147156 0.757704 0.506762 0.349754 0.254329 0.197973 0.165618 0.147554 0.137743 0.132556 0.129887 0.128549 0.127895 0.127583 0.127435 0.127365 0.127325 0.127290 0.127244 0.127167 0.127031 0.126795 0.126398 0.125744 0.124703 0.123093 0.120681 0.117184 0.112276 0.105622 0.096910 0.085906 0.072513 0.056819 0.039128 0.019958 0.000000 
50.000000 42.908744 36.043423 29.608391 23.768279 18.635946 14.267895 10.667012 7.791203 5.565670 3.896366 2.682481 1.826460 1.240878 0.852169 0.601705 0.444996 0.349753 0.293503 0.261210 0.243180 0.233387 0.228211 0.225547 0.224211 0.223558 0.223245 0.223096 0.223022 0.222975 0.222926 0.222853 0.222725 0.222499 0.222104 0.221435 0.220331 0.218566 0.215826 0.211704 0.205701 0.197242 0.185721 0.170573 0.151363 0.127895 0.100305 0.069124 0.035274 0.000000 
50.000000 42.931191 36.087600 29.672934 23.851301 18.735203 14.380965 10.791465 7.924742 5.706236 4.042202 2.832145 1.978822 1.395085 1.007598 0.757922 0.601705 0.506761 0.450687 0.418495 0.400522 0.390760 0.385599 0.382943 0.381611 0.380960 0.380647 0.380496 0.380416 0.380358 0.380288 0.380173 0.379968 0.379602 0.378961 0.377870 0.376064 0.373163 0.368641 0.361807 0.351805 0.337642 0.318257 0.292642 0.260004 0.219957 0.172694 0.119113 0.060818 0.000000 
50.000000 42.967063 36.158198 29.776078 23.983978 18.893827 14.561666 10.990359 8.138160 5.930889 4.275277 3.071342 2.222333 1.641544 1.256014 1.007598 0.852168 0.757702 0.701911 0.669881 0.651998 0.642285 0.637150 0.634507 0.633181 0.632532 0.632219 0.632065 0.631977 0.631903 0.631802 0.631626 0.631307 0.630735 0.629728 0.628007 0.625147 0.620531 0.613300 0.602317 0.586156 0.563143 0.531464 0.489363 0.435421 0.368887 0.290004 0.200236 0.102308 0.000000 
50.000000 43.022727 36.267750 29.936136 24.189865 19.139982 14.842083 11.299012 8.469357 6.279525 4.636988 3.442556 2.600245 2.024037 1.641544 1.395084 1.240878 1.147155 1.091802 1.060023 1.042281 1.032644 1.027549 1.024927 1.023611 1.022965 1.022652 1.022494 1.022396 1.022299 1.022153 1.021892 1.021413 1.020548 1.019020 1.016398 1.012018 1.004915 0.993729 0.976641 0.951343 0.915089 0.864852 0.797642 0.710961 0.603378 0.475112 0.328472 0.167971 0.000000 
50.000000 43.106574 36.432769 30.177233 24.499998 19.510774 15.264491 11.763960 8.968269 6.804714 5.181878 4.001768 3.169552 2.600245 2.222333 1.978822 1.826460 1.733857 1.679165 1.647766 1.630235 1.620712 1.615679 1.613087 1.611786 1.611147 1.610834 1.610670 1.610558 1.610432 1.610227 1.609851 1.609157 1.607895 1.605659 1.601802 1.595330 1.584776 1.568057 1.542353 1.504040 1.448732 1.371508 1.267383 1.132041 0.962798 0.759635 0.526033 0.269288 0.000000 
50.000000 43.229129 36.673972 30.529639 24.953316 20.052763 15.881934 12.443593 9.697557 7.572419 5.978390 4.819221 4.001768 3.442556 3.071342 2.832145 2.682481 2.591517 2.537793 2.506948 2.489727 2.480373 2.475428 2.472881 2.471603 2.470973 2.470661 2.470491 2.470361 2.470198 2.469918 2.469397 2.468427 2.466656 2.463505 2.458042 2.448827 2.433711 2.409611 2.372297 2.316249 2.234666 2.119750 1.963375 1.758218 1.499324 1.185904 0.822924 0.421856 0.000000 
50.000000 43.402902 37.015977 31.029323 25.596091 20.821274 16.757442 13.407292 10.731678 8.661025 7.107856 5.978390 5.181878 4.636988 4.275277 4.042201 3.896366 3.807728 3.755377 3.725321 3.708539 3.699424 3.694604 3.692123 3.690875 3.690259 3.689950 3.689773 3.689623 3.689415 3.689046 3.688351 3.687049 3.684663 3.680395 3.672960 3.660347 3.639525 3.606094 3.553928 3.474894 3.358766 3.193519 2.966216 2.664653 2.279831 1.809013 1.258704 0.646430 0.000000 
50.000000 43.641848 37.486250 31.716416 26.479948 21.878034 17.961343 14.732477 12.153711 10.157996 8.661025 7.572419 6.804714 6.279525 5.930889 5.706236 5.565669 5.480232 5.429772 5.400800 5.384623 5.375837 5.371191 5.368798 5.367594 5.366997 5.366693 5.366510 5.366338 5.366082 5.365614 5.364725 5.363051 5.359969 5.354432 5.344733 5.328182 5.300674 5.256170 5.186131 5.078998 4.919896 4.690829 4.371709 3.942597 3.387416 2.699020 1.884718 0.970330 0.000000 
50.000000 43.960385 38.113170 32.632384 27.658229 23.286825 19.566304 16.499141 14.049505 12.153711 10.731678 9.697557 8.968269 8.469357 8.138160 7.924742 7.791203 7.710036 7.662097 7.634573 7.619204 7.610856 7.606442 7.604168 7.603023 7.602453 7.602157 7.601969 7.601776 7.601471 7.600904 7.599817 7.597762 7.593962 7.587100 7.575017 7.554268 7.519537 7.462891 7.372912 7.233815 7.024753 6.719673 6.288256 5.698640 4.922642 3.943808 2.767467 1.429765 0.000000 
50.000000 44.371963 38.923209 33.815904 29.180692 25.107144 21.640112 18.781906 16.499141 14.732477 13.407292 12.443592 11.763960 11.299012 10.990359 10.791465 10.667012 10.591367 10.546688 10.521036 10.506712 10.498931 10.494817 10.492696 10.491628 10.491093 10.490811 10.490621 10.490411 10.490065 10.489409 10.488146 10.485747 10.481291 10.473208 10.458895 10.434160 10.392452 10.323842 10.213773 10.041648 9.779469 9.390953 8.831847 8.052592 7.004886 5.653654 3.994695 2.074303 0.000000 
50.000000 44.887276 39.937416 35.297731 31.086902 27.386299 24.236668 21.640112 19.566304 17.961343 16.757442 15.881934 15.264491 14.842083 14.561666 14.380965 14.267894 14.199167 14.158574 14.135266 14.122252 14.115182 14.111443 14.109516 14.108544 14.108055 14.107793 14.107606 14.107387 14.107012 14.106295 14.104907 14.102260 14.097322 14.088324 14.072303 14.044441 13.997108 13.918558 13.791226 13.589633 13.278049 12.808265 12.118334 11.133833 9.774403 7.969534 5.687524 2.976486 0.000000 
50.000000 45.512340 41.167629 37.095164 33.399116 30.150905 27.386299 25.107144 23.286825 21.878034 20.821274 20.052763 19.510774 19.139982 18.893827 18.735203 18.635946 18.575614 18.539978 18.519517 18.508092 18.501885 18.498602 18.496910 18.496056 18.495624 18.495388 18.495213 18.494995 18.494614 18.493878 18.492447 18.489709 18.484583 18.475200 18.458406 18.429021 18.378733 18.294545 18.156621 17.935437 17.588185 17.054552 16.252466 15.075453 13.395364 11.078163 8.025387 4.253869 0.000000 
50.000000 46.246736 42.613024 39.207001 36.115788 33.399116 31.086902 29.180692 27.658229 26.479948 25.596091 24.953316 24.499998 24.189865 23.983978 23.851301 23.768279 23.717814 23.688007 23.670892 23.661335 23.656143 23.653397 23.651981 23.651265 23.650903 23.650701 23.650545 23.650343 23.649983 23.649285 23.647920 23.645303 23.640384 23.631345 23.615091 23.586487 23.537200 23.453993 23.316260 23.092531 22.735587 22.175806 21.312499 20.003752 18.057894 15.236770 11.297177 6.122932 0.000000 
50.000000 47.082376 44.257685 41.609986 39.207001 37.095164 35.297731 33.815904 32.632384 31.716416 31.029323 30.529639 30.177233 29.936136 29.776078 29.672934 29.608391 29.569158 29.545985 29.532679 29.525249 29.521212 29.519077 29.517976 29.517419 29.517136 29.516976 29.516849 29.516679 29.516372 29.515772 29.514598 29.512340 29.508086 29.500240 29.486074 29.461024 29.417598 29.343735 29.220311 29.017396 28.688576 28.162250 27.328196 26.017001 23.970231 20.804993 16.002882 9.041929 0.000000 
50.000000 48.003114 46.069832 44.257685 42.613024 41.167629 39.937416 38.923209 38.113170 37.486250 37.015977 36.673972 36.432769 36.267750 36.158198 36.087600 36.043423 36.016569 36.000708 35.991600 35.986514 35.983751 35.982289 35.981536 35.981154 35.980959 35.980849 35.980758 35.980635 35.980410 35.979970 35.979106 35.977442 35.974299 35.968487 35.957963 35.939279 35.906736 35.851048 35.757273 35.601531 35.345703 34.928514 34.249891 33.142241 31.315847 28.254803 23.034916 14.126999 0.000000 
50.000000 48.985399 48.003114 47.082376 46.246736 45.512340 44.887276 44.371963 43.960385 43.641848 43.402902 43.229129 43.106574 43.022727 42.967063 42.931191 42.908744 42.895100 42.887040 42.882412 42.879828 42.878424 42.877681 42.877298 42.877104 42.877005 42.876948 42.876901 42.876837 42.876718 42.876484 42.876026 42.875142 42.873470 42.870374 42.864755 42.854756 42.837286 42.807273 42.756473 42.671517 42.530620 42.297660 41.910790 41.258471 40.123803 38.040447 33.876115 24.492699 0.000000 
50.000000 50.000000 50.000000 50.000000 50.000000 50.000000 50.000000 50.000000 50.000000 50.000000 50.000000 50.000000 50.000000 50.000000 50.000000 50.000000 50.000000 50.000000 50.000000 50.000000 50.000000 50.000000 50.000000 50.000000 50.000000 50.000000 50.000000 50.000000 50.000000 50.000000 50.000000 50.000000 50.000000 50.000000 50.000000 50.000000 50.000000 50.000000 50.000000 50.000000 50.000000 50.000000 50.000000 50.000000 50.000000 50.000000 50.000000 50.000000 50.000000 50.000000 
