50.000000 50.000000 50.000000 50.000000 50.000000 50.000000 50.000000 50.000000 50.000000 50.000000 50.000000 50.000000 50.000000 50.000000 50.000000 50.000000 50.000000 50.000000 50.000000 50.000000 50.000000 50.000000 50.000000 50.000000 50.000000 50.000000 50.000000 50.000000 50.000000 50.000000 50.000000 50.000000 50.000000 50.000000 50.000000 50.000000 50.000000 50.000000 50.000000 50.000000 50.000000 50.000000 50.000000 50.000000 50.000000 50.000000 50.000000 50.000000 50.000000 50.000000 
50.000000 48.100275 46.313753 44.733437 43.417918 42.386688 41.624803 41.093752 40.744134 40.526464 40.398134 40.326392 40.288308 40.269084 40.259843 40.255607 40.253753 40.252977 40.252666 40.252547 40.252503 40.252487 40.252482 40.252480 40.252480 40.252479 40.252479 40.252479 40.252479 40.252478 40.252476 40.252469 40.252448 40.252391 40.252239 40.251849 40.250882 40.248574 40.243252 40.231400 40.205857 40.152438 40.043580 39.826035 39.395526 38.539385 36.790814 33.011217 24.050137 0.000000 
50.000000 46.313753 42.847177 39.780735 37.228124 35.227159 33.748839 32.718428 32.040068 31.617731 31.368742 31.229550 31.155661 31.118363 31.100435 31.092218 31.088621 31.087116 31.086513 31.086281 31.086196 31.086166 31.086156 31.086152 31.086151 31.086151 31.086151 31.086150 31.086150 31.086149 31.086144 31.086131 31.086094 31.085992 31.085720 31.085023 31.083303 31.079206 31.069800 31.048966 31.004393 30.912115 30.726772 30.364265 29.670468 28.363488 25.926514 21.423588 13.302536 0.000000 
50.000000 44.733437 39.780735 35.399737 31.752882 28.894190 26.782214 25.310165 24.341079 23.737756 23.382077 23.183247 23.077703 23.024429 22.998823 22.987086 22.981949 22.979800 22.978939 22.978608 22.978486 22.978443 22.978428 22.978423 22.978422 22.978421 22.978421 22.978421 22.978420 22.978419 22.978413 22.978397 22.978350 22.978222 22.977883 22.977017 22.974886 22.969836 22.958315 22.932998 22.879391 22.769935 22.554188 22.143124 21.385154 20.032136 17.699868 13.854221 7.942623 0.000000 
50.000000 43.417918 37.228124 31.752882 27.195209 23.622609 20.983260 19.143677 17.932669 17.178756 16.734316 16.485876 16.354004 16.287443 16.255451 16.240789 16.234372 16.231687 16.230611 16.230198 16.230046 16.229992 16.229973 16.229967 16.229965 16.229965 16.229965 16.229964 16.229964 16.229962 16.229956 16.229939 16.229891 16.229758 16.229408 16.228517 16.226335 16.221196 16.209558 16.184223 16.131214 16.024627 15.818695 15.436561 14.756277 13.597605 11.720745 8.864636 4.878533 0.000000 
50.000000 42.386688 35.227159 28.894190 23.622609 19.490479 16.437834 14.310250 12.909692 12.037806 11.523839 11.236546 11.084057 11.007094 10.970104 10.953152 10.945734 10.942630 10.941386 10.940909 10.940733 10.940670 10.940649 10.940642 10.940640 10.940639 10.940639 10.940639 10.940638 10.940636 10.940631 10.940616 10.940572 10.940451 10.940134 10.939332 10.937378 10.932807 10.922539 10.900407 10.854665 10.764095 10.592465 10.281676 9.745240 8.866332 7.509035 5.556690 2.991162 0.000000 
50.000000 41.624803 33.748839 26.782214 20.983260 16.437834 13.079942 10.739676 9.199161 8.240181 7.674894 7.358929 7.191229 7.106592 7.065917 7.047276 7.039119 7.035706 7.034339 7.033814 7.033621 7.033552 7.033529 7.033521 7.033519 7.033518 7.033518 7.033518 7.033517 7.033516 7.033512 7.033499 7.033463 7.033364 7.033107 7.032458 7.030886 7.027234 7.019098 7.001732 6.966270 6.897070 6.768246 6.539971 6.156158 5.546699 4.639089 3.384574 1.798768 0.000000 
50.000000 41.093752 32.718428 25.310165 19.143677 14.310250 10.739676 8.251245 6.613245 5.593614 4.992596 4.656671 4.478385 4.388410 4.345171 4.325356 4.316686 4.313059 4.311606 4.311048 4.310842 4.310769 4.310745 4.310736 4.310734 4.310733 4.310733 4.310733 4.310732 4.310731 4.310728 4.310718 4.310691 4.310618 4.310427 4.309948 4.308794 4.306131 4.300244 4.287800 4.262670 4.214283 4.125622 3.971430 3.717785 3.324982 2.755977 1.991656 1.050172 0.000000 
50.000000 40.744134 32.040068 24.341079 17.932669 12.909692 9.199161 6.613245 4.911119 3.851598 3.227087 2.878042 2.692799 2.599316 2.554393 2.533808 2.524801 2.521033 2.519523 2.518944 2.518730 2.518655 2.518629 2.518621 2.518618 2.518617 2.518617 2.518617 2.518616 2.518616 2.518613 2.518607 2.518588 2.518538 2.518407 2.518081 2.517300 2.515508 2.511578 2.503341 2.486879 2.455559 2.398962 2.302091 2.145597 1.908042 1.571143 1.127952 0.591696 0.000000 
50.000000 40.526464 31.617731 23.737756 17.178756 12.037806 8.240181 5.593614 3.851598 2.767271 2.128153 1.770954 1.581389 1.485727 1.439759 1.418695 1.409479 1.405623 1.404079 1.403486 1.403268 1.403190 1.403164 1.403155 1.403153 1.403152 1.403152 1.403152 1.403151 1.403151 1.403149 1.403145 1.403133 1.403101 1.403018 1.402812 1.402320 1.401200 1.398759 1.393684 1.383636 1.364719 1.330944 1.273912 1.183141 1.047542 0.858365 0.613338 0.320607 0.000000 
50.000000 40.398134 31.368742 23.382077 16.734316 11.523839 7.674894 4.992596 3.227087 2.128153 1.480437 1.118439 0.926331 0.829389 0.782805 0.761461 0.752122 0.748215 0.746650 0.746050 0.745828 0.745750 0.745723 0.745714 0.745712 0.745711 0.745710 0.745710 0.745710 0.745710 0.745709 0.745707 0.745699 0.745680 0.745631 0.745509 0.745220 0.744564 0.743146 0.740219 0.734469 0.723745 0.704796 0.673163 0.623432 0.550093 0.449079 0.319776 0.166734 0.000000 
50.000000 40.326392 31.229550 23.183247 16.485876 11.236546 7.358929 4.656671 2.878042 1.770954 1.118439 0.753764 0.560238 0.462581 0.415655 0.394154 0.384747 0.380811 0.379235 0.378630 0.378407 0.378328 0.378301 0.378292 0.378290 0.378289 0.378289 0.378288 0.378288 0.378288 0.378288 0.378286 0.378282 0.378272 0.378244 0.378176 0.378017 0.377657 0.376882 0.375293 0.372195 0.366464 0.356427 0.339831 0.314006 0.276318 0.224932 0.159750 0.083140 0.000000 
50.000000 40.288308 31.155661 23.077703 16.354004 11.084057 7.191229 4.478385 2.692799 1.581389 0.926331 0.560238 0.365961 0.267926 0.220819 0.199235 0.189792 0.185841 0.184259 0.183652 0.183428 0.183349 0.183322 0.183313 0.183310 0.183309 0.183309 0.183309 0.183309 0.183309 0.183308 0.183308 0.183306 0.183300 0.183286 0.183250 0.183167 0.182980 0.182581 0.181767 0.180189 0.177291 0.172255 0.163995 0.151250 0.132808 0.107867 0.076455 0.039734 0.000000 
50.000000 40.269084 31.118363 23.024429 16.287443 11.007094 7.106592 4.388410 2.599316 1.485727 0.829389 0.462581 0.267926 0.169701 0.122503 0.100877 0.091416 0.087458 0.085873 0.085264 0.085040 0.084960 0.084933 0.084924 0.084922 0.084921 0.084921 0.084920 0.084920 0.084920 0.084920 0.084920 0.084919 0.084916 0.084909 0.084891 0.084850 0.084759 0.084564 0.084169 0.083407 0.082017 0.079616 0.075706 0.069716 0.061108 0.049544 0.035061 0.018201 0.000000 
50.000000 40.259843 31.100435 22.998823 16.255451 10.970104 7.065917 4.345171 2.554393 1.439759 0.782805 0.415655 0.220819 0.122503 0.075262 0.053616 0.044146 0.040184 0.038597 0.037988 0.037764 0.037684 0.037657 0.037648 0.037646 0.037645 0.037645 0.037644 0.037644 0.037644 0.037644 0.037644 0.037644 0.037642 0.037639 0.037631 0.037612 0.037569 0.037479 0.037297 0.036947 0.036313 0.035223 0.033459 0.030772 0.026935 0.021806 0.015412 0.007994 0.000000 
50.000000 40.255607 31.092218 22.987086 16.240789 10.953152 7.047276 4.325356 2.533808 1.418695 0.761461 0.394154 0.199235 0.100877 0.053616 0.031961 0.022487 0.018524 0.016936 0.016327 0.016102 0.016023 0.015996 0.015987 0.015984 0.015983 0.015983 0.015983 0.015983 0.015983 0.015983 0.015983 0.015983 0.015982 0.015981 0.015977 0.015968 0.015950 0.015910 0.015830 0.015677 0.015401 0.014929 0.014169 0.013018 0.011381 0.009203 0.006498 0.003368 0.000000 
50.000000 40.253753 31.088621 22.981949 16.234372 10.945734 7.039119 4.316686 2.524801 1.409479 0.752122 0.384747 0.189792 0.091416 0.044146 0.022487 0.013011 0.009047 0.007459 0.006850 0.006625 0.006546 0.006519 0.006510 0.006507 0.006506 0.006506 0.006506 0.006506 0.006506 0.006506 0.006506 0.006506 0.006506 0.006505 0.006503 0.006500 0.006492 0.006475 0.006442 0.006378 0.006263 0.006068 0.005755 0.005283 0.004614 0.003727 0.002629 0.001362 0.000000 
50.000000 40.252977 31.087116 22.979800 16.231687 10.942630 7.035706 4.313059 2.521033 1.405623 0.748215 0.380811 0.185841 0.087458 0.040184 0.018524 0.009047 0.005083 0.003495 0.002886 0.002661 0.002581 0.002554 0.002545 0.002543 0.002542 0.002542 0.002541 0.002541 0.002541 0.002541 0.002541 0.002541 0.002541 0.002541 0.002540 0.002539 0.002536 0.002529 0.002516 0.002490 0.002445 0.002367 0.002244 0.002058 0.001796 0.001450 0.001022 0.000529 0.000000 
50.000000 40.252666 31.086513 22.978939 16.230611 10.941386 7.034339 4.311606 2.519523 1.404079 0.746650 0.379235 0.184259 0.085873 0.038597 0.016936 0.007459 0.003495 0.001907 0.001298 0.001073 0.000994 0.000967 0.000958 0.000955 0.000954 0.000954 0.000954 0.000954 0.000954 0.000954 0.000954 0.000954 0.000954 0.000954 0.000953 0.000953 0.000951 0.000949 0.000944 0.000934 0.000917 0.000887 0.000841 0.000771 0.000672 0.000542 0.000382 0.000198 0.000000 
50.000000 40.252547 31.086281 22.978608 16.230198 10.940909 7.033814 4.311048 2.518944 1.403486 0.746050 0.378630 0.183652 0.085264 0.037988 0.016327 0.006850 0.002886 0.001298 0.000688 0.000464 0.000384 0.000357 0.000348 0.000345 0.000344 0.000344 0.000344 0.000344 0.000344 0.000344 0.000344 0.000344 0.000344 0.000344 0.000344 0.000344 0.000343 0.000342 0.000340 0.000337 0.000331 0.000320 0.000303 0.000277 0.000242 0.000195 0.000137 0.000071 0.000000 
50.000000 40.252503 31.086196 22.978486 16.230046 10.940733 7.033621 4.310842 2.518730 1.403268 0.745828 0.378407 0.183428 0.085040 0.037764 0.016102 0.006625 0.002661 0.001073 0.000464 0.000239 0.000159 0.000132 0.000124 0.000121 0.000120 0.000120 0.000120 0.000120 0.000120 0.000120 0.000120 0.000120 0.000119 0.000119 0.000119 0.000119 0.000119 0.000119 0.000118 0.000117 0.000115 0.000111 0.000105 0.000096 0.000084 0.000068 0.000048 0.000025 0.000000 
50.000000 40.252487 31.086166 22.978443 16.229992 10.940670 7.033552 4.310769 2.518655 1.403190 0.745750 0.378328 0.183349 0.084960 0.037684 0.016023 0.006546 0.002581 0.000994 0.000384 0.000159 0.000080 0.000053 0.000044 0.000041 0.000040 0.000040 0.000040 0.000040 0.000040 0.000040 0.000040 0.000040 0.000040 0.000040 0.000040 0.000040 0.000040 0.000040 0.000040 0.000039 0.000038 0.000037 0.000035 0.000032 0.000028 0.000023 0.000016 0.000008 0.000000 
50.000000 40.252482 31.086156 22.978428 16.229973 10.940649 7.033529 4.310745 2.518629 1.403164 0.745723 0.378301 0.183322 0.084933 0.037657 0.015996 0.006519 0.002554 0.000967 0.000357 0.000132 0.000053 0.000026 0.000017 0.000014 0.000013 0.000013 0.000013 0.000013 0.000013 0.000013 0.000013 0.000013 0.000013 0.000013 0.000013 0.000013 0.000013 0.000013 0.000013 0.000013 0.000012 0.000012 0.000011 0.000010 0.000009 0.000007 0.000005 0.000003 0.000000 
50.000000 40.252480 31.086152 22.978423 16.229967 10.940642 7.033521 4.310737 2.518621 1.403156 0.745714 0.378293 0.183313 0.084925 0.037649 0.015987 0.006510 0.002546 0.000958 0.000348 0.000124 0.000044 0.000017 0.000008 0.000005 0.000004 0.000004 0.000004 0.000004 0.000004 0.000004 0.000004 0.000004 0.000004 0.000004 0.000004 0.000004 0.000004 0.000004 0.000004 0.000004 0.000004 0.000004 0.000004 0.000003 0.000003 0.000002 0.000002 0.000001 0.000000 
50.000000 40.252480 31.086151 22.978422 16.229966 10.940640 7.033519 4.310734 2.518618 1.403153 0.745712 0.378290 0.183310 0.084922 0.037646 0.015985 0.006507 0.002543 0.000955 0.000346 0.000121 0.000042 0.000014 0.000006 0.000003 0.000002 0.000002 0.000002 0.000002 0.000002 0.000002 0.000002 0.000002 0.000002 0.000002 0.000002 0.000002 0.000002 0.000002 0.000002 0.000002 0.000001 0.000001 0.000001 0.000001 0.000001 0.000001 0.000001 0.000000 0.000000 
50.000000 40.252480 31.086151 22.978422 16.229966 10.940640 7.033519 4.310734 2.518618 1.403153 0.745712 0.378290 0.183310 0.084922 0.037646 0.015985 0.006507 0.002543 0.000955 0.000346 0.000121 0.000042 0.000014 0.000006 0.000003 0.000002 0.000002 0.000002 0.000002 0.000002 0.000002 0.000002 0.000002 0.000002 0.000002 0.000002 0.000002 0.000002 0.000002 0.000002 0.000002 0.000001 0.000001 0.000001 0.000001 0.000001 0.000001 0.000001 0.000000 0.000000 
50.000000 40.252480 31.086152 22.978423 16.229967 10.940642 7.033521 4.310737 2.518621 1.403156 0.745714 0.378293 0.183313 0.084925 0.037649 0.015987 0.006510 0.002546 0.000958 0.000348 0.000124 0.000044 0.000017 0.000008 0.000005 0.000004 0.000004 0.000004 0.000004 0.000004 0.000004 0.000004 0.000004 0.000004 0.000004 0.000004 0.000004 0.000004 0.000004 0.000004 0.000004 0.000004 0.000004 0.000004 0.000003 0.000003 0.000002 0.000002 0.000001 0.000000 
50.000000 40.252482 31.086156 22.978428 16.229973 10.940649 7.033529 4.310745 2.518629 1.403164 0.745723 0.378301 0.183322 0.084933 0.037657 0.015996 0.006519 0.002554 0.000967 0.000357 0.000132 0.000053 0.000026 0.000017 0.000014 0.000013 0.000013 0.000013 0.000013 0.000013 0.000013 0.000013 0.000013 0.000013 0.000013 0.000013 0.000013 0.000013 0.000013 0.000013 0.000013 0.000012 0.000012 0.000011 0.000010 0.000009 0.000007 0.000005 0.000003 0.000000 
50.000000 40.252487 31.086166 22.978443 16.229992 10.940670 7.033552 4.310769 2.518655 1.403190 0.745750 0.378328 0.183349 0.084960 0.037684 0.016023 0.006546 0.002581 0.000994 0.000384 0.000159 0.000080 0.000053 0.000044 0.000041 0.000040 0.000040 0.000040 0.000040 0.000040 0.000040 0.000040 0.000040 0.000040 0.000040 0.000040 0.000040 0.000040 0.000040 0.000040 0.000039 0.000038 0.000037 0.000035 0.000032 0.000028 0.000023 0.000016 0.000008 0.000000 
50.000000 40.252503 31.086196 22.978486 16.230046 10.940733 7.033621 4.310842 2.518730 1.403268 0.745828 0.378407 0.183428 0.085040 0.037764 0.016102 0.006625 0.002661 0.001073 0.000464 0.000239 0.000159 0.000132 0.000124 0.000121 0.000120 0.000120 0.000120 0.000120 0.000120 0.000120 0.000120 0.000120 0.000119 0.000119 0.000119 0.000119 0.000119 0.000119 0.000118 0.000117 0.000115 0.000111 0.000105 0.000096 0.000084 0.000068 0.000048 0.000025 0.000000 
50.000000 40.252547 31.086281 22.978608 16.230198 10.940909 7.033814 4.311048 2.518944 1.403486 0.746050 0.378630 0.183652 0.085264 0.037988 0.016327 0.006850 0.002886 0.001298 0.000688 0.000464 0.000384 0.000357 0.000348 0.000345 0.000344 0.000344 0.000344 0.000344 0.000344 0.000344 0.000344 0.000344 0.000344 0.000344 0.000344 0.000344 0.000343 0.000342 0.000340 0.000337 0.000331 0.000320 0.000303 0.000277 0.000242 0.000195 0.000137 0.000071 0.000000 
50.000000 40.252666 31.086513 22.978939 16.230611 10.941386 7.034339 4.311606 2.519523 1.404079 0.746650 0.379235 0.184259 0.085873 0.038597 0.016936 0.007459 0.003495 0.001907 0.001298 0.001073 0.000994 0.000967 0.000958 0.000955 0.000954 0.000954 0.000954 0.000954 0.000954 0.000954 0.000954 0.000954 0.000954 0.000954 0.000953 0.000953 0.000951 0.000949 0.000944 0.000934 0.000917 0.000887 0.000841 0.000771 0.000672 0.000542 0.000382 0.000198 0.000000 
50.000000 40.252977 31.087116 22.979800 16.231687 10.942630 7.035706 4.313059 2.521033 1.405623 0.748215 0.380811 0.185841 0.087458 0.040184 0.018524 0.009047 0.005083 0.003495 0.002886 0.002661 0.002581 0.002554 0.002545 0.002543 0.002542 0.002542 0.002541 0.002541 0.002541 0.002541 0.002541 0.002541 0.002541 0.002541 0.002540 0.002539 0.002536 0.002529 0.002516 0.002490 0.002445 0.002367 0.002244 0.002058 0.001796 0.001450 0.001022 0.000529 0.000000 
50.000000 40.253753 31.088621 22.981949 16.234372 10.945734 7.039119 4.316686 2.524801 1.409479 0.752122 0.384747 0.189792 0.091416 0.044146 0.022487 0.013011 0.009047 0.007459 0.006850 0.006625 0.006546 0.006519 0.006510 0.006507 0.006506 0.006506 0.006506 0.006506 0.006506 0.006506 0.006506 0.006506 0.006506 0.006505 0.006503 0.006500 0.006492 0.006475 0.006442 0.006378 0.006263 0.006068 0.005755 0.005283 0.004614 0.003727 0.002629 0.001362 0.000000 
50.000000 40.255607 31.092218 22.987086 16.240789 10.953152 7.047276 4.325356 2.533808 1.418695 0.761461 0.394154 0.199235 0.100877 0.053616 0.031961 0.022487 0.018524 0.016936 0.016327 0.016102 0.016023 0.015996 0.015987 0.015984 0.015983 0.015983 0.015983 0.015983 0.015983 0.015983 0.015983 0.015983 0.015982 0.015981 0.015977 0.015968 0.015950 0.015910 0.015830 0.015677 0.015401 0.014929 0.014169 0.013018 0.011381 0.009203 0.006498 0.003368 0.000000 
50.000000 40.259843 31.100435 22.998823 16.255451 10.970104 7.065917 4.345171 2.554393 1.439759 0.782805 0.415655 0.220819 0.122503 0.075262 0.053616 0.044146 0.040184 0.038597 0.037988 0.037764 0.037684 0.037657 0.037648 0.037646 0.037645 0.037645 0.037644 0.037644 0.037644 0.037644 0.037644 0.037644 0.037642 0.037639 0.037631 0.037612 0.037569 0.037479 0.037297 0.036947 0.036313 0.035223 0.033459 0.030772 0.026935 0.021806 0.015412 0.007994 0.000000 
50.000000 40.269084 31.118363 23.024429 16.287443 11.007094 7.106592 4.388410 2.599316 1.485727 0.829389 0.462581 0.267926 0.169701 0.122503 0.100877 0.091416 0.087458 0.085873 0.085264 0.085040 0.084960 0.084933 0.084924 0.084922 0.084921 0.084921 0.084920 0.084920 0.084920 0.084920 0.084920 0.084919 0.084916 0.084909 0.084891 0.084850 0.084759 0.084564 0.084169 0.083407 0.082017 0.079616 0.075706 0.069716 0.061108 0.049544 0.035061 0.018201 0.000000 
50.000000 40.288308 31.155661 23.077703 16.354004 11.084057 7.191229 4.478385 2.692799 1.581389 0.926331 0.560238 0.365961 0.267926 0.220819 0.199235 0.189792 0.185841 0.184259 0.183652 0.183428 0.183349 0.183322 0.183313 0.183310 0.183309 0.183309 0.183309 0.183309 0.183309 0.183308 0.183308 0.183306 0.183300 0.183286 0.183250 0.183167 0.182980 0.182581 0.181767 0.180189 0.177291 0.172255 0.163995 0.151250 0.132808 0.107867 0.076455 0.039734 0.000000 
50.000000 40.326392 31.229550 23.183247 16.485876 11.236546 7.358929 4.656671 2.878042 1.770954 1.118439 0.753764 0.560238 0.462581 0.415655 0.394154 0.384747 0.380811 0.379235 0.378630 0.378407 0.378328 0.378301 0.378292 0.378290 0.378289 0.378289 0.378288 0.378288 0.378288 0.378288 0.378286 0.378282 0.378272 0.378244 0.378176 0.378017 0.377657 0.376882 0.375293 0.372195 0.366464 0.356427 0.339831 0.314006 0.276318 0.224932 0.159750 0.083140 0.000000 
50.000000 40.398134 31.368742 23.382077 16.734316 11.523839 7.674894 4.992596 3.227087 2.128153 1.480437 1.118439 0.926331 0.829389 0.782805 0.761461 0.752122 0.748215 0.746650 0.746050 0.745828 0.745750 0.745723 0.745714 0.745712 0.745711 0.745710 0.745710 0.745710 0.745710 0.745709 0.745707 0.745699 0.745680 0.745631 0.745509 0.745220 0.744564 0.743146 0.740219 0.734469 0.723745 0.704796 0.673163 0.623432 0.550093 0.449079 0.319776 0.166734 0.000000 
50.000000 40.526464 31.617731 23.737756 17.178756 12.037806 8.240181 5.593614 3.851598 2.767271 2.128153 1.770954 1.581389 1.485727 1.439759 1.418695 1.409479 1.405623 1.404079 1.403486 1.403268 1.403190 1.403164 1.403155 1.403153 1.403152 1.403152 1.403152 1.403151 1.403151 1.403149 1.403145 1.403133 1.403101 1.403018 1.402812 1.402320 1.401200 1.398759 1.393684 1.383636 1.364719 1.330944 1.273912 1.183141 1.047542 0.858365 0.613338 0.320607 0.000000 
50.000000 40.744134 32.040068 24.341079 17.932669 12.909692 9.199161 6.613245 4.911119 3.851598 3.227087 2.878042 2.692799 2.599316 2.554393 2.533808 2.524801 2.521033 2.519523 2.518944 2.518730 2.518655 2.518629 2.518621 2.518618 2.518617 2.518617 2.518617 2.518616 2.518616 2.518613 2.518607 2.518588 2.518538 2.518407 2.518081 2.517300 2.515508 2.511578 2.503341 2.486879 2.455559 2.398962 2.302091 2.145597 1.908042 1.571143 1.127952 0.591696 0.000000 
50.000000 41.093752 32.718428 25.310165 19.143677 14.310250 10.739676 8.251245 6.613245 5.593614 4.992596 4.656671 4.478385 4.388410 4.345171 4.325356 4.316686 4.313059 4.311606 4.311048 4.310842 4.310769 4.310745 4.310736 4.310734 4.310733 4.310733 4.310733 4.310732 4.310731 4.310728 4.310718 4.310691 4.310618 4.310427 4.309948 4.308794 4.306131 4.300244 4.287800 4.262670 4.214283 4.125622 3.971430 3.717785 3.324982 2.755977 1.991656 1.050172 0.000000 
50.000000 41.624803 33.748839 26.782214 20.983260 16.437834 13.079942 10.739676 9.199161 8.240181 7.674894 7.358929 7.191229 7.106592 7.065917 7.047276 7.039119 7.035706 7.034339 7.033814 7.033621 7.033552 7.033529 7.033521 7.033519 7.033518 7.033518 7.033518 7.033517 7.033516 7.033512 7.033499 7.033463 7.033364 7.033107 7.032458 7.030886 7.027234 7.019098 7.001732 6.966270 6.897070 6.768246 6.539971 6.156158 5.546699 4.639089 3.384574 1.798768 0.000000 
50.000000 42.386688 35.227159 28.894190 23.622609 19.490479 16.437834 14.310250 12.909692 12.037806 11.523839 11.236546 11.084057 11.007094 10.970104 10.953152 10.945734 10.942630 10.941386 10.940909 10.940733 10.940670 10.940649 10.940642 10.940640 10.940639 10.940639 10.940639 10.940638 10.940636 10.940631 10.940616 10.940572 10.940451 10.940134 10.939332 10.937378 10.932807 10.922539 10.900407 10.854665 10.764095 10.592465 10.281676 9.745240 8.866332 7.509035 5.556690 2.991162 0.000000 
50.000000 43.417918 37.228124 31.752882 27.195209 23.622609 20.983260 19.143677 17.932669 17.178756 16.734316 16.485876 16.354004 16.287443 16.255451 16.240789 16.234372 16.231687 16.230611 16.230198 16.230046 16.229992 16.229973 16.229967 16.229965 16.229965 16.229965 16.229964 16.229964 16.229962 16.229956 16.229939 16.229891 16.229758 16.229408 16.228517 16.226335 16.221196 16.209558 16.184223 16.131214 16.024627 15.818695 15.436561 14.756277 13.597605 11.720745 8.864636 4.878533 0.000000 
50.000000 44.733437 39.780735 35.399737 31.752882 28.894190 26.782214 25.310165 24.341079 23.737756 23.382077 23.183247 23.077703 23.024429 22.998823 22.987086 22.981949 22.979800 22.978939 22.978608 22.978486 22.978443 22.978428 22.978423 22.978422 22.978421 22.978421 22.978421 22.978420 22.978419 22.978413 22.978397 22.978350 22.978222 22.977883 22.977017 22.974886 22.969836 22.958315 22.932998 22.879391 22.769935 22.554188 22.143124 21.385154 20.032136 17.699868 13.854221 7.942623 0.000000 
50.000000 46.313753 42.847177 39.780735 37.228124 35.227159 33.748839 32.718428 32.040068 31.617731 31.368742 31.229550 31.155661 31.118363 31.100435 31.092218 31.088621 31.087116 31.086513 31.086281 31.086196 31.086166 31.086156 31.086152 31.086151 31.086151 31.086151 31.086150 31.086150 31.086149 31.086144 31.086131 31.086094 31.085992 31.085720 31.085023 31.083303 31.079206 31.069800 31.048966 31.004393 30.912115 30.726772 30.364265 29.670468 28.363488 25.926514 21.423588 13.302536 0.000000 
50.000000 48.100275 46.313753 44.733437 43.417918 42.386688 41.624803 41.093752 40.744134 40.526464 40.398134 40.326392 40.288308 40.269084 40.259843 40.255607 40.253753 40.252977 40.252666 40.252547 40.252503 40.252487 40.252482 40.252480 40.252480 40.252479 40.252479 40.252479 40.252479 40.252478 40.252476 40.252469 40.252448 40.252391 40.252239 40.251849 40.250882 40.248574 40.243252 40.231400 40.205857 40.152438 40.043580 39.826035 39.395526 38.539385 36.790814 33.011217 24.050137 0.000000 
50.000000 50.000000 50.000000 50.000000 50.000000 50.000000 50.000000 50.000000 50.000000 50.000000 50.000000 50.000000 50.000000 50.000000 50.000000 50.000000 50.000000 50.000000 50.000000 50.000000 50.000000 50.000000 50.000000 50.000000 50.000000 50.000000 50.000000 50.000000 50.000000 50.000000 50.000000 50.000000 50.000000 50.000000 50.000000 50.000000 50.000000 50.000000 50.000000 50.000000 50.000000 50.000000 50.000000 50.000000 50.000000 50.000000 50.000000 50.000000 50.000000 50.000000 
