50.000000 50.000000 50.000000 50.000000 50.000000 50.000000 50.000000 50.000000 50.000000 50.000000 50.000000 50.000000 50.000000 50.000000 50.000000 50.000000 50.000000 50.000000 50.000000 50.000000 50.000000 50.000000 50.000000 50.000000 50.000000 50.000000 50.000000 50.000000 50.000000 50.000000 50.000000 50.000000 50.000000 50.000000 50.000000 50.000000 50.000000 50.000000 50.000000 50.000000 50.000000 50.000000 50.000000 50.000000 50.000000 50.000000 50.000000 50.000000 50.000000 50.000000 
50.000000 47.351378 44.922623 42.878993 41.299076 40.174811 39.436784 38.988717 38.736453 38.604374 38.539884 38.510435 38.497825 38.492749 38.490822 38.490132 38.489897 38.489822 38.489799 38.489792 38.489790 38.489790 38.489789 38.489789 38.489789 38.489789 38.489789 38.489789 38.489789 38.489789 38.489789 38.489789 38.489788 38.489783 38.489768 38.489718 38.489560 38.489087 38.487730 38.484016 38.474305 38.450001 38.391628 38.256415 37.951860 37.276027 35.768453 32.289002 23.675689 0.000000 
50.000000 44.922623 40.266756 36.349217 33.320647 31.165577 29.750915 28.892082 28.408572 28.155431 28.031834 27.975399 27.951234 27.941506 27.937815 27.936492 27.936043 27.935898 27.935854 27.935841 27.935837 27.935836 27.935836 27.935836 27.935836 27.935836 27.935836 27.935836 27.935836 27.935836 27.935836 27.935835 27.935833 27.935826 27.935799 27.935714 27.935445 27.934640 27.932345 27.926098 27.909886 27.869737 27.774744 27.559519 27.090950 26.106292 24.100011 20.133378 12.633620 0.000000 
50.000000 42.878993 36.349217 30.855034 26.607711 23.585509 21.601718 20.397433 19.719476 19.364554 19.191274 19.112159 19.078286 19.064651 19.059478 19.057623 19.056994 19.056791 19.056729 19.056711 19.056706 19.056705 19.056704 19.056704 19.056704 19.056704 19.056704 19.056704 19.056704 19.056704 19.056704 19.056703 19.056701 19.056692 19.056661 19.056562 19.056252 19.055328 19.052708 19.045635 19.027469 18.983101 18.880078 18.652638 18.175298 17.223672 15.427517 12.249205 7.110541 0.000000 
50.000000 41.299076 33.320647 26.607711 21.418392 17.726065 15.302526 13.831374 13.003239 12.569729 12.358098 12.261480 12.220118 12.203469 12.197153 12.194890 12.194121 12.193874 12.193798 12.193776 12.193770 12.193768 12.193768 12.193768 12.193768 12.193768 12.193768 12.193768 12.193768 12.193768 12.193768 12.193767 12.193765 12.193756 12.193728 12.193635 12.193346 12.192491 12.190085 12.183648 12.167305 12.127981 12.038418 11.845663 11.454556 10.709196 9.384040 7.214355 4.023049 0.000000 
50.000000 40.174811 31.165577 23.585509 17.726065 13.557111 10.820871 9.160004 8.225140 7.735797 7.496929 7.387886 7.341208 7.322422 7.315296 7.312742 7.311876 7.311597 7.311511 7.311486 7.311479 7.311477 7.311477 7.311477 7.311477 7.311477 7.311477 7.311477 7.311477 7.311477 7.311477 7.311476 7.311474 7.311468 7.311445 7.311370 7.311140 7.310465 7.308577 7.303573 7.291017 7.261238 7.194641 7.054577 6.778556 6.271510 5.410211 4.074627 2.222952 0.000000 
50.000000 39.436784 29.750915 21.601718 15.302526 10.820871 7.879536 6.094278 5.089460 4.563536 4.306831 4.189654 4.139499 4.119316 4.111660 4.108917 4.107986 4.107686 4.107594 4.107567 4.107560 4.107558 4.107558 4.107557 4.107557 4.107557 4.107557 4.107557 4.107557 4.107557 4.107557 4.107557 4.107556 4.107551 4.107535 4.107482 4.107321 4.106851 4.105547 4.102123 4.093623 4.073732 4.029973 3.939768 3.766294 3.456863 2.949080 2.191396 1.180369 0.000000 
50.000000 38.988717 28.892082 20.397433 13.831374 9.160004 6.094278 4.233604 3.186392 2.638310 2.370805 2.248707 2.196449 2.175421 2.167445 2.164587 2.163618 2.163306 2.163210 2.163182 2.163174 2.163172 2.163172 2.163172 2.163172 2.163172 2.163172 2.163172 2.163172 2.163172 2.163171 2.163171 2.163170 2.163167 2.163157 2.163124 2.163023 2.162730 2.161923 2.159820 2.154654 2.142708 2.116802 2.064305 1.965363 1.792955 1.517355 1.117338 0.597089 0.000000 
50.000000 38.736453 28.408572 19.719476 13.003239 8.225140 5.089460 3.186392 2.115361 1.554836 1.281269 1.156411 1.102974 1.081472 1.073317 1.070396 1.069404 1.069085 1.068987 1.068959 1.068951 1.068949 1.068948 1.068948 1.068948 1.068948 1.068948 1.068948 1.068948 1.068948 1.068948 1.068948 1.068948 1.068946 1.068940 1.068921 1.068864 1.068698 1.068244 1.067071 1.064215 1.057681 1.043684 1.015728 0.963902 0.875258 0.736374 0.538835 0.286452 0.000000 
50.000000 38.604374 28.155431 19.364554 12.569729 7.735797 4.563536 2.638310 1.554836 0.987814 0.711085 0.584786 0.530735 0.508987 0.500739 0.497784 0.496781 0.496459 0.496360 0.496331 0.496323 0.496321 0.496320 0.496320 0.496320 0.496320 0.496320 0.496320 0.496320 0.496320 0.496320 0.496320 0.496320 0.496319 0.496316 0.496306 0.496276 0.496190 0.495956 0.495356 0.493907 0.490621 0.483657 0.469914 0.444780 0.402424 0.337085 0.245545 0.130069 0.000000 
50.000000 38.539884 28.031834 19.191274 12.358098 7.496929 4.306831 2.370805 1.281269 0.711085 0.432817 0.305819 0.251469 0.229601 0.221308 0.218337 0.217329 0.217005 0.216905 0.216876 0.216868 0.216866 0.216865 0.216865 0.216865 0.216865 0.216865 0.216865 0.216865 0.216865 0.216865 0.216865 0.216865 0.216865 0.216863 0.216858 0.216844 0.216803 0.216692 0.216408 0.215728 0.214198 0.210985 0.204708 0.193355 0.174450 0.145640 0.105736 0.055867 0.000000 
50.000000 38.510435 27.975399 19.112159 12.261480 7.387886 4.189654 2.248707 1.156411 0.584786 0.305819 0.178503 0.124017 0.102095 0.093782 0.090803 0.089793 0.089468 0.089368 0.089339 0.089331 0.089329 0.089328 0.089328 0.089328 0.089328 0.089328 0.089328 0.089328 0.089328 0.089328 0.089328 0.089328 0.089328 0.089327 0.089325 0.089319 0.089300 0.089251 0.089127 0.088830 0.088167 0.086785 0.084107 0.079309 0.071396 0.059451 0.043054 0.022705 0.000000 
50.000000 38.497825 27.951234 19.078286 12.220118 7.341208 4.139499 2.196449 1.102974 0.530735 0.251469 0.124017 0.069474 0.047529 0.039207 0.036225 0.035214 0.034888 0.034789 0.034760 0.034751 0.034749 0.034749 0.034749 0.034749 0.034749 0.034749 0.034749 0.034749 0.034749 0.034749 0.034749 0.034749 0.034748 0.034748 0.034747 0.034745 0.034737 0.034717 0.034666 0.034545 0.034276 0.033719 0.032648 0.030744 0.027627 0.022958 0.016594 0.008739 0.000000 
50.000000 38.492749 27.941506 19.064651 12.203469 7.322422 4.119316 2.175421 1.081472 0.508987 0.229601 0.102095 0.047529 0.025575 0.017249 0.014266 0.013254 0.012929 0.012829 0.012800 0.012792 0.012790 0.012789 0.012789 0.012789 0.012789 0.012789 0.012789 0.012789 0.012789 0.012789 0.012789 0.012789 0.012789 0.012789 0.012788 0.012787 0.012784 0.012777 0.012757 0.012711 0.012608 0.012397 0.011994 0.011282 0.010124 0.008399 0.006062 0.003189 0.000000 
50.000000 38.490822 27.937815 19.059478 12.197153 7.315296 4.111660 2.167445 1.073317 0.500739 0.221308 0.093782 0.039207 0.017249 0.008922 0.005939 0.004927 0.004601 0.004501 0.004472 0.004464 0.004462 0.004461 0.004461 0.004461 0.004461 0.004461 0.004461 0.004461 0.004461 0.004461 0.004461 0.004461 0.004461 0.004461 0.004461 0.004461 0.004460 0.004457 0.004450 0.004433 0.004396 0.004321 0.004178 0.003926 0.003519 0.002916 0.002102 0.001105 0.000000 
50.000000 38.490132 27.936492 19.057623 12.194890 7.312742 4.108917 2.164587 1.070396 0.497784 0.218337 0.090803 0.036225 0.014266 0.005939 0.002955 0.001943 0.001618 0.001518 0.001489 0.001481 0.001478 0.001478 0.001478 0.001478 0.001478 0.001478 0.001478 0.001478 0.001478 0.001478 0.001478 0.001478 0.001478 0.001478 0.001478 0.001478 0.001477 0.001476 0.001474 0.001468 0.001456 0.001430 0.001382 0.001298 0.001162 0.000962 0.000693 0.000364 0.000000 
50.000000 38.489897 27.936043 19.056994 12.194121 7.311876 4.107986 2.163618 1.069404 0.496781 0.217329 0.089793 0.035214 0.013254 0.004927 0.001943 0.000931 0.000605 0.000506 0.000477 0.000468 0.000466 0.000466 0.000466 0.000466 0.000466 0.000466 0.000466 0.000466 0.000466 0.000466 0.000466 0.000466 0.000466 0.000466 0.000466 0.000466 0.000465 0.000465 0.000464 0.000462 0.000458 0.000450 0.000435 0.000408 0.000365 0.000302 0.000217 0.000114 0.000000 
50.000000 38.489822 27.935898 19.056791 12.193874 7.311597 4.107686 2.163306 1.069085 0.496459 0.217005 0.089468 0.034888 0.012929 0.004601 0.001618 0.000605 0.000280 0.000180 0.000151 0.000143 0.000140 0.000140 0.000140 0.000140 0.000140 0.000140 0.000140 0.000140 0.000140 0.000140 0.000140 0.000140 0.000140 0.000140 0.000140 0.000140 0.000140 0.000140 0.000139 0.000139 0.000138 0.000135 0.000130 0.000122 0.000109 0.000090 0.000065 0.000034 0.000000 
50.000000 38.489799 27.935854 19.056729 12.193798 7.311511 4.107594 2.163210 1.068987 0.496360 0.216905 0.089368 0.034789 0.012829 0.004501 0.001518 0.000506 0.000180 0.000080 0.000051 0.000043 0.000041 0.000040 0.000040 0.000040 0.000040 0.000040 0.000040 0.000040 0.000040 0.000040 0.000040 0.000040 0.000040 0.000040 0.000040 0.000040 0.000040 0.000040 0.000040 0.000040 0.000039 0.000039 0.000037 0.000035 0.000031 0.000026 0.000019 0.000010 0.000000 
50.000000 38.489792 27.935841 19.056711 12.193776 7.311486 4.107567 2.163182 1.068959 0.496331 0.216876 0.089339 0.034760 0.012800 0.004472 0.001489 0.000477 0.000151 0.000051 0.000022 0.000014 0.000012 0.000011 0.000011 0.000011 0.000011 0.000011 0.000011 0.000011 0.000011 0.000011 0.000011 0.000011 0.000011 0.000011 0.000011 0.000011 0.000011 0.000011 0.000011 0.000011 0.000011 0.000011 0.000010 0.000010 0.000009 0.000007 0.000005 0.000003 0.000000 
50.000000 38.489790 27.935837 19.056706 12.193770 7.311479 4.107560 2.163174 1.068951 0.496323 0.216868 0.089331 0.034751 0.012792 0.004464 0.001481 0.000468 0.000143 0.000043 0.000014 0.000006 0.000004 0.000003 0.000003 0.000003 0.000003 0.000003 0.000003 0.000003 0.000003 0.000003 0.000003 0.000003 0.000003 0.000003 0.000003 0.000003 0.000003 0.000003 0.000003 0.000003 0.000003 0.000003 0.000003 0.000003 0.000002 0.000002 0.000001 0.000001 0.000000 
50.000000 38.489790 27.935836 19.056705 12.193768 7.311477 4.107558 2.163172 1.068949 0.496321 0.216866 0.089329 0.034749 0.012790 0.004462 0.001478 0.000466 0.000140 0.000041 0.000012 0.000004 0.000001 0.000001 0.000001 0.000001 0.000001 0.000001 0.000001 0.000001 0.000001 0.000001 0.000001 0.000001 0.000001 0.000001 0.000001 0.000001 0.000001 0.000001 0.000001 0.000001 0.000001 0.000001 0.000001 0.000001 0.000001 0.000000 0.000000 0.000000 0.000000 
50.000000 38.489789 27.935836 19.056704 12.193768 7.311477 4.107558 2.163172 1.068948 0.496320 0.216865 0.089328 0.034749 0.012789 0.004461 0.001478 0.000466 0.000140 0.000040 0.000011 0.000003 0.000001 0.000000 0.000000 0.000000 0.000000 0.000000 0.000000 0.000000 0.000000 0.000000 0.000000 0.000000 0.000000 0.000000 0.000000 0.000000 0.000000 0.000000 0.000000 0.000000 0.000000 0.000000 0.000000 0.000000 0.000000 0.000000 0.000000 0.000000 0.000000 
50.000000 38.489789 27.935836 19.056704 12.193768 7.311477 4.107557 2.163172 1.068948 0.496320 0.216865 0.089328 0.034749 0.012789 0.004461 0.001478 0.000466 0.000140 0.000040 0.000011 0.000003 0.000001 0.000000 0.000000 0.000000 0.000000 0.000000 0.000000 0.000000 0.000000 0.000000 0.000000 0.000000 0.000000 0.000000 0.000000 0.000000 0.000000 0.000000 0.000000 0.000000 0.000000 0.000000 0.000000 0.000000 0.000000 0.000000 0.000000 0.000000 0.000000 
50.000000 38.489789 27.935836 19.056704 12.193768 7.311477 4.107557 2.163172 1.068948 0.496320 0.216865 0.089328 0.034749 0.012789 0.004461 0.001478 0.000466 0.000140 0.000040 0.000011 0.000003 0.000001 0.000000 0.000000 0.000000 0.000000 0.000000 0.000000 0.000000 0.000000 0.000000 0.000000 0.000000 0.000000 0.000000 0.000000 0.000000 0.000000 0.000000 0.000000 0.000000 0.000000 0.000000 0.000000 0.000000 0.000000 0.000000 0.000000 0.000000 0.000000 
50.000000 38.489789 27.935836 19.056704 12.193768 7.311477 4.107557 2.163172 1.068948 0.496320 0.216865 0.089328 0.034749 0.012789 0.004461 0.001478 0.000466 0.000140 0.000040 0.000011 0.000003 0.000001 0.000000 0.000000 0.000000 0.000000 0.000000 0.000000 0.000000 0.000000 0.000000 0.000000 0.000000 0.000000 0.000000 0.000000 0.000000 0.000000 0.000000 0.000000 0.000000 0.000000 0.000000 0.000000 0.000000 0.000000 0.000000 0.000000 0.000000 0.000000 
50.000000 38.489789 27.935836 19.056704 12.193768 7.311477 4.107557 2.163172 1.068948 0.496320 0.216865 0.089328 0.034749 0.012789 0.004461 0.001478 0.000466 0.000140 0.000040 0.000011 0.000003 0.000001 0.000000 0.000000 0.000000 0.000000 0.000000 0.000000 0.000000 0.000000 0.000000 0.000000 0.000000 0.000000 0.000000 0.000000 0.000000 0.000000 0.000000 0.000000 0.000000 0.000000 0.000000 0.000000 0.000000 0.000000 0.000000 0.000000 0.000000 0.000000 
50.000000 38.489789 27.935836 19.056704 12.193768 7.311477 4.107558 2.163172 1.068948 0.496320 0.216865 0.089328 0.034749 0.012789 0.004461 0.001478 0.000466 0.000140 0.000040 0.000011 0.000003 0.000001 0.000000 0.000000 0.000000 0.000000 0.000000 0.000000 0.000000 0.000000 0.000000 0.000000 0.000000 0.000000 0.000000 0.000000 0.000000 0.000000 0.000000 0.000000 0.000000 0.000000 0.000000 0.000000 0.000000 0.000000 0.000000 0.000000 0.000000 0.000000 
50.000000 38.489790 27.935836 19.056705 12.193768 7.311477 4.107558 2.163172 1.068949 0.496321 0.216866 0.089329 0.034749 0.012790 0.004462 0.001478 0.000466 0.000140 0.000041 0.000012 0.000004 0.000001 0.000001 0.000001 0.000001 0.000001 0.000001 0.000001 0.000001 0.000001 0.000001 0.000001 0.000001 0.000001 0.000001 0.000001 0.000001 0.000001 0.000001 0.000001 0.000001 0.000001 0.000001 0.000001 0.000001 0.000001 0.000000 0.000000 0.000000 0.000000 
50.000000 38.489790 27.935837 19.056706 12.193770 7.311479 4.107560 2.163174 1.068951 0.496323 0.216868 0.089331 0.034751 0.012792 0.004464 0.001481 0.000468 0.000143 0.000043 0.000014 0.000006 0.000004 0.000003 0.000003 0.000003 0.000003 0.000003 0.000003 0.000003 0.000003 0.000003 0.000003 0.000003 0.000003 0.000003 0.000003 0.000003 0.000003 0.000003 0.000003 0.000003 0.000003 0.000003 0.000003 0.000003 0.000002 0.000002 0.000001 0.000001 0.000000 
50.000000 38.489792 27.935841 19.056711 12.193776 7.311486 4.107567 2.163182 1.068959 0.496331 0.216876 0.089339 0.034760 0.012800 0.004472 0.001489 0.000477 0.000151 0.000051 0.000022 0.000014 0.000012 0.000011 0.000011 0.000011 0.000011 0.000011 0.000011 0.000011 0.000011 0.000011 0.000011 0.000011 0.000011 0.000011 0.000011 0.000011 0.000011 0.000011 0.000011 0.000011 0.000011 0.000011 0.000010 0.000010 0.000009 0.000007 0.000005 0.000003 0.000000 
50.000000 38.489799 27.935854 19.056729 12.193798 7.311511 4.107594 2.163210 1.068987 0.496360 0.216905 0.089368 0.034789 0.012829 0.004501 0.001518 0.000506 0.000180 0.000080 0.000051 0.000043 0.000041 0.000040 0.000040 0.000040 0.000040 0.000040 0.000040 0.000040 0.000040 0.000040 0.000040 0.000040 0.000040 0.000040 0.000040 0.000040 0.000040 0.000040 0.000040 0.000040 0.000039 0.000039 0.000037 0.000035 0.000031 0.000026 0.000019 0.000010 0.000000 
50.000000 38.489822 27.935898 19.056791 12.193874 7.311597 4.107686 2.163306 1.069085 0.496459 0.217005 0.089468 0.034888 0.012929 0.004601 0.001618 0.000605 0.000280 0.000180 0.000151 0.000143 0.000140 0.000140 0.000140 0.000140 0.000140 0.000140 0.000140 0.000140 0.000140 0.000140 0.000140 0.000140 0.000140 0.000140 0.000140 0.000140 0.000140 0.000140 0.000139 0.000139 0.000138 0.000135 0.000130 0.000122 0.000109 0.000090 0.000065 0.000034 0.000000 
50.000000 38.489897 27.936043 19.056994 12.194121 7.311876 4.107986 2.163618 1.069404 0.496781 0.217329 0.089793 0.035214 0.013254 0.004927 0.001943 0.000931 0.000605 0.000506 0.000477 0.000468 0.000466 0.000466 0.000466 0.000466 0.000466 0.000466 0.000466 0.000466 0.000466 0.000466 0.000466 0.000466 0.000466 0.000466 0.000466 0.000466 0.000465 0.000465 0.000464 0.000462 0.000458 0.000450 0.000435 0.000408 0.000365 0.000302 0.000217 0.000114 0.000000 
50.000000 38.490132 27.936492 19.057623 12.194890 7.312742 4.108917 2.164587 1.070396 0.497784 0.218337 0.090803 0.036225 0.014266 0.005939 0.002955 0.001943 0.001618 0.001518 0.001489 0.001481 0.001478 0.001478 0.001478 0.001478 0.001478 0.001478 0.001478 0.001478 0.001478 0.001478 0.001478 0.001478 0.001478 0.001478 0.001478 0.001478 0.001477 0.001476 0.001474 0.001468 0.001456 0.001430 0.001382 0.001298 0.001162 0.000962 0.000693 0.000364 0.000000 
50.000000 38.490822 27.937815 19.059478 12.197153 7.315296 4.111660 2.167445 1.073317 0.500739 0.221308 0.093782 0.039207 0.017249 0.008922 0.005939 0.004927 0.004601 0.004501 0.004472 0.004464 0.004462 0.004461 0.004461 0.004461 0.004461 0.004461 0.004461 0.004461 0.004461 0.004461 0.004461 0.004461 0.004461 0.004461 0.004461 0.004461 0.004460 0.004457 0.004450 0.004433 0.004396 0.004321 0.004178 0.003926 0.003519 0.002916 0.002102 0.001105 0.000000 
50.000000 38.492749 27.941506 19.064651 12.203469 7.322422 4.119316 2.175421 1.081472 0.508987 0.229601 0.102095 0.047529 0.025575 0.017249 0.014266 0.013254 0.012929 0.012829 0.012800 0.012792 0.012790 0.012789 0.012789 0.012789 0.012789 0.012789 0.012789 0.012789 0.012789 0.012789 0.012789 0.012789 0.012789 0.012789 0.012788 0.012787 0.012784 0.012777 0.012757 0.012711 0.012608 0.012397 0.011994 0.011282 0.010124 0.008399 0.006062 0.003189 0.000000 
50.000000 38.497825 27.951234 19.078286 12.220118 7.341208 4.139499 2.196449 1.102974 0.530735 0.251469 0.124017 0.069474 0.047529 0.039207 0.036225 0.035214 0.034888 0.034789 0.034760 0.034751 0.034749 0.034749 0.034749 0.034749 0.034749 0.034749 0.034749 0.034749 0.034749 0.034749 0.034749 0.034749 0.034748 0.034748 0.034747 0.034745 0.034737 0.034717 0.034666 0.034545 0.034276 0.033719 0.032648 0.030744 0.027627 0.022958 0.016594 0.008739 0.000000 
50.000000 38.510435 27.975399 19.112159 12.261480 7.387886 4.189654 2.248707 1.156411 0.584786 0.305819 0.178503 0.124017 0.102095 0.093782 0.090803 0.089793 0.089468 0.089368 0.089339 0.089331 0.089329 0.089328 0.089328 0.089328 0.089328 0.089328 0.089328 0.089328 0.089328 0.089328 0.089328 0.089328 0.089328 0.089327 0.089325 0.089319 0.089300 0.089251 0.089127 0.088830 0.088167 0.086785 0.084107 0.079309 0.071396 0.059451 0.043054 0.022705 0.000000 
50.000000 38.539884 28.031834 19.191274 12.358098 7.496929 4.306831 2.370805 1.281269 0.711085 0.432817 0.305819 0.251469 0.229601 0.221308 0.218337 0.217329 0.217005 0.216905 0.216876 0.216868 0.216866 0.216865 0.216865 0.216865 0.216865 0.216865 0.216865 0.216865 0.216865 0.216865 0.216865 0.216865 0.216865 0.216863 0.216858 0.216844 0.216803 0.216692 0.216408 0.215728 0.214198 0.210985 0.204708 0.193355 0.174450 0.145640 0.105736 0.055867 0.000000 
50.000000 38.604374 28.155431 19.364554 12.569729 7.735797 4.563536 2.638310 1.554836 0.987814 0.711085 0.584786 0.530735 0.508987 0.500739 0.497784 0.496781 0.496459 0.496360 0.496331 0.496323 0.496321 0.496320 0.496320 0.496320 0.496320 0.496320 0.496320 0.496320 0.496320 0.496320 0.496320 0.496320 0.496319 0.496316 0.496306 0.496276 0.496190 0.495956 0.495356 0.493907 0.490621 0.483657 0.469914 0.444780 0.402424 0.337085 0.245545 0.130069 0.000000 
50.000000 38.736453 28.408572 19.719476 13.003239 8.225140 5.089460 3.186392 2.115361 1.554836 1.281269 1.156411 1.102974 1.081472 1.073317 1.070396 1.069404 1.069085 1.068987 1.068959 1.068951 1.068949 1.068948 1.068948 1.068948 1.068948 1.068948 1.068948 1.068948 1.068948 1.068948 1.068948 1.068948 1.068946 1.068940 1.068921 1.068864 1.068698 1.068244 1.067071 1.064215 1.057681 1.043684 1.015728 0.963902 0.875258 0.736374 0.538835 0.286452 0.000000 
50.000000 38.988717 28.892082 20.397433 13.831374 9.160004 6.094278 4.233604 3.186392 2.638310 2.370805 2.248707 2.196449 2.175421 2.167445 2.164587 2.163618 2.163306 2.163210 2.163182 2.163174 2.163172 2.163172 2.163172 2.163172 2.163172 2.163172 2.163172 2.163172 2.163172 2.163171 2.163171 2.163170 2.163167 2.163157 2.163124 2.163023 2.162730 2.161923 2.159820 2.154654 2.142708 2.116802 2.064305 1.965363 1.792955 1.517355 1.117338 0.597089 0.000000 
50.000000 39.436784 29.750915 21.601718 15.302526 10.820871 7.879536 6.094278 5.089460 4.563536 4.306831 4.189654 4.139499 4.119316 4.111660 4.108917 4.107986 4.107686 4.107594 4.107567 4.107560 4.107558 4.107558 4.107557 4.107557 4.107557 4.107557 4.107557 4.107557 4.107557 4.107557 4.107557 4.107556 4.107551 4.107535 4.107482 4.107321 4.106851 4.105547 4.102123 4.093623 4.073732 4.029973 3.939768 3.766294 3.456863 2.949080 2.191396 1.180369 0.000000 
50.000000 40.174811 31.165577 23.585509 17.726065 13.557111 10.820871 9.160004 8.225140 7.735797 7.496929 7.387886 7.341208 7.322422 7.315296 7.312742 7.311876 7.311597 7.311511 7.311486 7.311479 7.311477 7.311477 7.311477 7.311477 7.311477 7.311477 7.311477 7.311477 7.311477 7.311477 7.311476 7.311474 7.311468 7.311445 7.311370 7.311140 7.310465 7.308577 7.303573 7.291017 7.261238 7.194641 7.054577 6.778556 6.271510 5.410211 4.074627 2.222952 0.000000 
50.000000 41.299076 33.320647 26.607711 21.418392 17.726065 15.302526 13.831374 13.003239 12.569729 12.358098 12.261480 12.220118 12.203469 12.197153 12.194890 12.194121 12.193874 12.193798 12.193776 12.193770 12.193768 12.193768 12.193768 12.193768 12.193768 12.193768 12.193768 12.193768 12.193768 12.193768 12.193767 12.193765 12.193756 12.193728 12.193635 12.193346 12.192491 12.190085 12.183648 12.167305 12.127981 12.038418 11.845663 11.454556 10.709196 9.384040 7.214355 4.023049 0.000000 
50.000000 42.878993 36.349217 30.855034 26.607711 23.585509 21.601718 20.397433 19.719476 19.364554 19.191274 19.112159 19.078286 19.064651 19.059478 19.057623 19.056994 19.056791 19.056729 19.056711 19.056706 19.056705 19.056704 19.056704 19.056704 19.056704 19.056704 19.056704 19.056704 19.056704 19.056704 19.056703 19.056701 19.056692 19.056661 19.056562 19.056252 19.055328 19.052708 19.045635 19.027469 18.983101 18.880078 18.652638 18.175298 17.223672 15.427517 12.249205 7.110541 0.000000 
50.000000 44.922623 40.266756 36.349217 33.320647 31.165577 29.750915 28.892082 28.408572 28.155431 28.031834 27.975399 27.951234 27.941506 27.937815 27.936492 27.936043 27.935898 27.935854 27.935841 27.935837 27.935836 27.935836 27.935836 27.935836 27.935836 27.935836 27.935836 27.935836 27.935836 27.935836 27.935835 27.935833 27.935826 27.935799 27.935714 27.935445 27.934640 27.932345 27.926098 27.909886 27.869737 27.774744 27.559519 27.090950 26.106292 24.100011 20.133378 12.633620 0.000000 
50.000000 47.351378 44.922623 42.878993 41.299076 40.174811 39.436784 38.988717 38.736453 38.604374 38.539884 38.510435 38.497825 38.492749 38.490822 38.490132 38.489897 38.489822 38.489799 38.489792 38.489790 38.489790 38.489789 38.489789 38.489789 38.489789 38.489789 38.489789 38.489789 38.489789 38.489789 38.489789 38.489788 38.489783 38.489768 38.489718 38.489560 38.489087 38.487730 38.484016 38.474305 38.450001 38.391628 38.256415 37.951860 37.276027 35.768453 32.289002 23.675689 0.000000 
50.000000 50.000000 50.000000 50.000000 50.000000 50.000000 50.000000 50.000000 50.000000 50.000000 50.000000 50.000000 50.000000 50.000000 50.000000 50.000000 50.000000 50.000000 50.000000 50.000000 50.000000 50.000000 50.000000 50.000000 50.000000 50.000000 50.000000 50.000000 50.000000 50.000000 50.000000 50.000000 50.000000 50.000000 50.000000 50.000000 50.000000 50.000000 50.000000 50.000000 50.000000 50.000000 50.000000 50.000000 50.000000 50.000000 50.000000 50.000000 50.000000 50.000000 
