50.000000 50.000000 50.000000 50.000000 50.000000 50.000000 50.000000 50.000000 50.000000 50.000000 50.000000 50.000000 50.000000 50.000000 50.000000 50.000000 50.000000 50.000000 50.000000 50.000000 50.000000 50.000000 50.000000 50.000000 50.000000 50.000000 50.000000 50.000000 50.000000 50.000000 50.000000 50.000000 50.000000 50.000000 50.000000 50.000000 50.000000 50.000000 50.000000 50.000000 50.000000 50.000000 50.000000 50.000000 50.000000 50.000000 50.000000 50.000000 50.000000 50.000000 
50.000000 48.793068 47.631858 46.556902 45.599328 44.778358 44.100795 43.562330 43.150153 42.846145 42.630008 42.481822 42.383803 42.321221 42.282634 42.259645 42.246405 42.239029 42.235052 42.232975 42.231925 42.231410 42.231165 42.231052 42.231001 42.230977 42.230965 42.230955 42.230937 42.230900 42.230818 42.230641 42.230265 42.229488 42.227922 42.224840 42.218920 42.207805 42.187386 42.150602 42.085466 41.971677 41.774567 41.433518 40.837786 39.770616 37.765007 33.687136 24.396534 0.000000 
50.000000 47.631858 45.353430 43.244243 41.365377 39.754548 38.425100 37.368583 36.559856 35.963369 35.539292 35.248543 35.056226 34.933438 34.857729 34.812625 34.786647 34.772175 34.764373 34.760299 34.758238 34.757228 34.756747 34.756525 34.756425 34.756379 34.756356 34.756336 34.756303 34.756233 34.756081 34.755750 34.755050 34.753604 34.750693 34.744979 34.734029 34.713535 34.676034 34.608832 34.490664 34.286226 33.936994 33.345230 32.344842 30.646392 27.732718 22.676715 13.944723 0.000000 
50.000000 46.556902 43.244243 40.177653 37.445940 35.103937 33.171047 31.634980 30.459182 29.591963 28.975411 28.552705 28.273107 28.094594 27.984528 27.918956 27.881190 27.860151 27.848808 27.842886 27.839891 27.838422 27.837723 27.837400 27.837254 27.837188 27.837155 27.837127 27.837082 27.836989 27.836785 27.836343 27.835409 27.833484 27.829620 27.822057 27.807620 27.780731 27.731824 27.644863 27.493503 27.235191 26.802099 26.087206 24.923160 23.051905 20.088827 15.511525 8.791894 0.000000 
50.000000 45.599328 41.365377 37.445940 33.954523 30.961212 28.490802 26.527581 25.024826 23.916467 23.128485 22.588253 22.230920 22.002782 21.862119 21.778320 21.730057 21.703171 21.688676 21.681108 21.677280 21.675403 21.674510 21.674098 21.673912 21.673828 21.673786 21.673752 21.673701 21.673595 21.673362 21.672860 21.671802 21.669628 21.665279 21.656800 21.640695 21.610879 21.557054 21.462247 21.299206 21.025253 20.575208 19.852144 18.716572 16.977261 14.394035 10.718985 5.828712 0.000000 
50.000000 44.778358 39.754548 35.103937 30.961212 27.409531 24.478314 22.148910 20.365876 19.050811 18.115884 17.474916 17.050958 16.780287 16.613403 16.513984 16.456727 16.424830 16.407634 16.398657 16.394116 16.391889 16.390830 16.390341 16.390121 16.390022 16.389973 16.389936 16.389883 16.389774 16.389536 16.389025 16.387951 16.385751 16.381367 16.372862 16.356798 16.327261 16.274381 16.182191 16.025659 15.766813 15.350065 14.697348 13.704766 12.244640 10.180777 7.409706 3.940572 0.000000 
50.000000 44.100795 38.425100 33.171047 28.490802 24.478314 21.166814 18.535229 16.520911 15.035281 13.979107 13.255024 12.776100 12.470341 12.281826 12.169523 12.104847 12.068818 12.049395 12.039255 12.034126 12.031611 12.030415 12.029863 12.029614 12.029503 12.029450 12.029412 12.029360 12.029257 12.029034 12.028556 12.027553 12.025509 12.021452 12.013622 11.998922 11.972088 11.924464 11.842301 11.704553 11.480260 11.125878 10.583407 9.780965 8.638658 7.083841 5.079871 2.667277 0.000000 
50.000000 43.562330 37.368583 31.634980 26.527581 22.148910 18.535229 15.663531 13.465445 11.844299 10.691797 9.901687 9.379098 9.045468 8.839773 8.717238 8.646671 8.607362 8.586170 8.575107 8.569511 8.566768 8.565463 8.564860 8.564589 8.564469 8.564412 8.564375 8.564328 8.564237 8.564042 8.563625 8.562753 8.560984 8.557488 8.550776 8.538254 8.515564 8.475639 8.407462 8.294539 8.113296 7.831765 7.409350 6.798846 5.952373 4.832881 3.431589 1.787764 0.000000 
50.000000 43.150153 36.559856 30.459182 25.024826 20.365876 16.520911 13.465445 11.126720 9.401869 8.175658 7.335026 6.779031 6.424079 6.205242 6.074881 5.999808 5.957989 5.935445 5.923677 5.917725 5.914806 5.913418 5.912777 5.912489 5.912362 5.912303 5.912268 5.912227 5.912151 5.911990 5.911648 5.910937 5.909497 5.906666 5.901260 5.891238 5.873207 5.841745 5.788538 5.701400 5.563360 5.352149 5.040650 4.599063 3.999573 3.223991 2.273630 1.178476 0.000000 
50.000000 42.846145 35.963369 29.591963 23.916467 19.050811 15.035281 11.844299 9.401869 7.600553 6.319997 5.442120 4.861499 4.490831 4.262309 4.126180 4.047787 4.004120 3.980580 3.968292 3.962077 3.959030 3.957581 3.956912 3.956611 3.956479 3.956419 3.956386 3.956352 3.956291 3.956166 3.955901 3.955351 3.954244 3.952076 3.947959 3.940373 3.926817 3.903351 3.864023 3.800276 3.700469 3.549759 3.330728 3.025152 2.617261 2.098459 1.472705 0.760679 0.000000 
50.000000 42.630008 35.539292 28.975411 23.128485 18.115884 13.979107 10.691797 8.175658 6.319997 5.000820 4.096477 3.498359 3.116526 2.881124 2.740899 2.660148 2.615168 2.590921 2.578264 2.571863 2.568724 2.567232 2.566543 2.566233 2.566098 2.566037 2.566006 2.565978 2.565932 2.565839 2.565644 2.565241 2.564432 2.562856 2.559877 2.554419 2.544730 2.528081 2.500410 2.455974 2.387120 2.284336 2.136806 1.933693 1.666238 1.330548 0.930460 0.479406 0.000000 
50.000000 42.481822 35.248543 28.552705 22.588253 17.474916 13.255024 9.901687 7.335026 5.442120 4.096477 3.174000 2.563894 2.174412 1.934297 1.791266 1.708901 1.663023 1.638291 1.625382 1.618853 1.615652 1.614130 1.613427 1.613112 1.612974 1.612913 1.612884 1.612861 1.612828 1.612762 1.612625 1.612343 1.611779 1.610687 1.608631 1.604886 1.598278 1.587000 1.568396 1.538769 1.493281 1.426047 1.330560 1.200535 1.031199 0.820881 0.572509 0.294437 0.000000 
50.000000 42.383803 35.056226 28.273107 22.230920 17.050958 12.776100 9.379098 6.779031 4.861499 3.498359 2.563894 1.945865 1.551328 1.308098 1.163214 1.079782 1.033311 1.008259 0.995183 0.988570 0.985328 0.983786 0.983074 0.982755 0.982616 0.982555 0.982527 0.982509 0.982485 0.982440 0.982348 0.982160 0.981785 0.981060 0.979704 0.977246 0.972932 0.965616 0.953629 0.934682 0.905824 0.863535 0.804012 0.723698 0.620041 0.492375 0.342691 0.175998 0.000000 
50.000000 42.321221 34.933438 28.094594 22.002782 16.780287 12.470341 9.045468 6.424079 4.490831 3.116526 2.174412 1.551328 1.153567 0.908351 0.762285 0.678173 0.631323 0.606068 0.592885 0.586219 0.582950 0.581396 0.580678 0.580357 0.580216 0.580156 0.580129 0.580114 0.580097 0.580068 0.580008 0.579888 0.579649 0.579189 0.578331 0.576783 0.574082 0.569526 0.562108 0.550458 0.532841 0.507214 0.471419 0.423489 0.362087 0.286974 0.199410 0.102302 0.000000 
50.000000 42.282634 34.857729 27.984528 21.862119 16.613403 12.281826 8.839773 6.205242 4.262309 2.881124 1.934297 1.308098 0.908351 0.661913 0.515119 0.430588 0.383505 0.358125 0.344877 0.338177 0.334892 0.333330 0.332609 0.332286 0.332145 0.332085 0.332059 0.332046 0.332034 0.332015 0.331978 0.331904 0.331758 0.331477 0.330956 0.330020 0.328394 0.325666 0.321247 0.314349 0.303982 0.288998 0.268204 0.240541 0.205319 0.162472 0.112751 0.057794 0.000000 
50.000000 42.259645 34.812625 27.918956 21.778320 16.513984 12.169523 8.717238 6.074881 4.126180 2.740899 1.791266 1.163214 0.762285 0.515119 0.367892 0.283112 0.235890 0.210435 0.197149 0.190429 0.187135 0.185568 0.184845 0.184521 0.184380 0.184320 0.184295 0.184283 0.184274 0.184262 0.184240 0.184197 0.184110 0.183946 0.183641 0.183096 0.182154 0.180580 0.178043 0.174104 0.168215 0.159751 0.148070 0.132616 0.113041 0.089336 0.061932 0.031724 0.000000 
50.000000 42.246405 34.786648 27.881190 21.730057 16.456727 12.104847 8.646671 5.999808 4.047787 2.660148 1.708901 1.079782 0.678173 0.430588 0.283112 0.198189 0.150888 0.125390 0.112081 0.105350 0.102050 0.100481 0.099757 0.099433 0.099291 0.099231 0.099206 0.099195 0.099188 0.099181 0.099168 0.099143 0.099095 0.099002 0.098830 0.098524 0.097998 0.097122 0.095716 0.093543 0.090311 0.085687 0.079338 0.070975 0.060429 0.047706 0.033044 0.016917 0.000000 
50.000000 42.239029 34.772175 27.860151 21.703171 16.424830 12.068818 8.607362 5.957989 4.004120 2.615168 1.663023 1.033311 0.631323 0.383505 0.235890 0.150888 0.103542 0.078021 0.064699 0.057962 0.054659 0.053089 0.052364 0.052039 0.051898 0.051838 0.051813 0.051802 0.051797 0.051792 0.051785 0.051771 0.051745 0.051694 0.051601 0.051435 0.051151 0.050680 0.049928 0.048769 0.047053 0.044608 0.041265 0.036880 0.031369 0.024743 0.017126 0.008763 0.000000 
50.000000 42.235052 34.764373 27.848808 21.688676 16.407634 12.049395 8.586170 5.935446 3.980580 2.590921 1.638292 1.008260 0.606068 0.358125 0.210436 0.125390 0.078021 0.052487 0.039159 0.032418 0.029114 0.027542 0.026817 0.026492 0.026351 0.026291 0.026266 0.026256 0.026251 0.026248 0.026244 0.026236 0.026222 0.026196 0.026147 0.026060 0.025912 0.025667 0.025278 0.024680 0.023798 0.022546 0.020840 0.018609 0.015816 0.012465 0.008623 0.004411 0.000000 
50.000000 42.232976 34.760299 27.842886 21.681108 16.398657 12.039256 8.575108 5.923678 3.968293 2.578265 1.625383 0.995184 0.592886 0.344877 0.197149 0.112082 0.064700 0.039159 0.025827 0.019085 0.015780 0.014208 0.013483 0.013158 0.013016 0.012956 0.012932 0.012922 0.012917 0.012915 0.012913 0.012909 0.012901 0.012888 0.012863 0.012819 0.012745 0.012621 0.012426 0.012127 0.011688 0.011066 0.010222 0.009122 0.007747 0.006102 0.004219 0.002157 0.000000 
50.000000 42.231926 34.758239 27.839892 21.677282 16.394117 12.034128 8.569513 5.917727 3.962079 2.571865 1.618855 0.988572 0.586221 0.338179 0.190431 0.105352 0.057964 0.032420 0.019087 0.012344 0.009038 0.007466 0.006740 0.006415 0.006274 0.006214 0.006189 0.006179 0.006175 0.006173 0.006172 0.006170 0.006166 0.006160 0.006147 0.006126 0.006089 0.006029 0.005935 0.005790 0.005578 0.005278 0.004873 0.004345 0.003688 0.002903 0.002007 0.001026 0.000000 
50.000000 42.231411 34.757230 27.838424 21.675407 16.391894 12.031616 8.566773 5.914812 3.959036 2.568730 1.615658 0.985334 0.582956 0.334898 0.187141 0.102056 0.054665 0.029119 0.015785 0.009042 0.005736 0.004163 0.003438 0.003113 0.002971 0.002912 0.002887 0.002877 0.002873 0.002871 0.002870 0.002869 0.002868 0.002864 0.002859 0.002848 0.002831 0.002803 0.002758 0.002690 0.002590 0.002450 0.002261 0.002015 0.001709 0.001345 0.000929 0.000475 0.000000 
50.000000 42.231168 34.756752 27.837730 21.674520 16.390841 12.030428 8.565477 5.913433 3.957596 2.567247 1.614145 0.983802 0.581412 0.333346 0.185584 0.100497 0.053105 0.027558 0.014223 0.007479 0.004173 0.002601 0.001876 0.001551 0.001409 0.001349 0.001325 0.001315 0.001311 0.001309 0.001309 0.001308 0.001307 0.001306 0.001303 0.001298 0.001290 0.001277 0.001256 0.001225 0.001179 0.001115 0.001028 0.000916 0.000777 0.000611 0.000422 0.000216 0.000000 
50.000000 42.231058 34.756538 27.837419 21.674122 16.390369 12.029894 8.564895 5.912814 3.956950 2.566582 1.613467 0.983114 0.580719 0.332650 0.184886 0.099798 0.052405 0.026857 0.013522 0.006779 0.003473 0.001900 0.001175 0.000850 0.000708 0.000648 0.000624 0.000614 0.000610 0.000609 0.000608 0.000608 0.000607 0.000606 0.000605 0.000603 0.000599 0.000593 0.000583 0.000568 0.000547 0.000517 0.000477 0.000424 0.000360 0.000283 0.000195 0.000100 0.000000 
50.000000 42.231017 34.756457 27.837301 21.673971 16.390190 12.029693 8.564675 5.912580 3.956705 2.566330 1.613210 0.982854 0.580457 0.332386 0.184622 0.099533 0.052140 0.026592 0.013257 0.006514 0.003207 0.001635 0.000910 0.000585 0.000443 0.000383 0.000359 0.000349 0.000345 0.000343 0.000343 0.000342 0.000342 0.000342 0.000341 0.000340 0.000338 0.000334 0.000328 0.000320 0.000308 0.000291 0.000268 0.000239 0.000202 0.000159 0.000110 0.000056 0.000000 
50.000000 42.231017 34.756457 27.837301 21.673971 16.390190 12.029693 8.564675 5.912580 3.956705 2.566330 1.613210 0.982854 0.580457 0.332386 0.184622 0.099533 0.052140 0.026592 0.013257 0.006514 0.003207 0.001635 0.000910 0.000585 0.000443 0.000383 0.000359 0.000349 0.000345 0.000343 0.000343 0.000342 0.000342 0.000342 0.000341 0.000340 0.000338 0.000334 0.000328 0.000320 0.000308 0.000291 0.000268 0.000239 0.000202 0.000159 0.000110 0.000056 0.000000 
50.000000 42.231058 34.756538 27.837419 21.674122 16.390369 12.029894 8.564895 5.912814 3.956950 2.566582 1.613467 0.983114 0.580719 0.332650 0.184886 0.099798 0.052405 0.026857 0.013522 0.006779 0.003473 0.001900 0.001175 0.000850 0.000708 0.000648 0.000624 0.000614 0.000610 0.000609 0.000608 0.000608 0.000607 0.000606 0.000605 0.000603 0.000599 0.000593 0.000583 0.000568 0.000547 0.000517 0.000477 0.000424 0.000360 0.000283 0.000195 0.000100 0.000000 
50.000000 42.231168 34.756752 27.837730 21.674520 16.390841 12.030428 8.565477 5.913433 3.957596 2.567247 1.614145 0.983802 0.581412 0.333346 0.185584 0.100497 0.053105 0.027558 0.014223 0.007479 0.004173 0.002601 0.001876 0.001551 0.001409 0.001349 0.001325 0.001315 0.001311 0.001309 0.001309 0.001308 0.001307 0.001306 0.001303 0.001298 0.001290 0.001277 0.001256 0.001225 0.001179 0.001115 0.001028 0.000916 0.000777 0.000611 0.000422 0.000216 0.000000 
50.000000 42.231411 34.757230 27.838424 21.675407 16.391894 12.031616 8.566773 5.914812 3.959036 2.568730 1.615658 0.985334 0.582956 0.334898 0.187141 0.102056 0.054665 0.029119 0.015785 0.009042 0.005736 0.004163 0.003438 0.003113 0.002971 0.002912 0.002887 0.002877 0.002873 0.002871 0.002870 0.002869 0.002868 0.002864 0.002859 0.002848 0.002831 0.002803 0.002758 0.002690 0.002590 0.002450 0.002261 0.002015 0.001709 0.001345 0.000929 0.000475 0.000000 
50.000000 42.231926 34.758239 27.839892 21.677282 16.394117 12.034128 8.569513 5.917727 3.962079 2.571865 1.618855 0.988572 0.586221 0.338179 0.190431 0.105352 0.057964 0.032420 0.019087 0.012344 0.009038 0.007466 0.006740 0.006415 0.006274 0.006214 0.006189 0.006179 0.006175 0.006173 0.006172 0.006170 0.006166 0.006160 0.006147 0.006126 0.006089 0.006029 0.005935 0.005790 0.005578 0.005278 0.004873 0.004345 0.003688 0.002903 0.002007 0.001026 0.000000 
50.000000 42.232976 34.760299 27.842886 21.681108 16.398657 12.039256 8.575108 5.923678 3.968293 2.578265 1.625383 0.995184 0.592886 0.344877 0.197149 0.112082 0.064700 0.039159 0.025827 0.019085 0.015780 0.014208 0.013483 0.013158 0.013016 0.012956 0.012932 0.012922 0.012917 0.012915 0.012913 0.012909 0.012901 0.012888 0.012863 0.012819 0.012745 0.012621 0.012426 0.012127 0.011688 0.011066 0.010222 0.009122 0.007747 0.006102 0.004219 0.002157 0.000000 
50.000000 42.235052 34.764373 27.848808 21.688676 16.407634 12.049395 8.586170 5.935446 3.980580 2.590921 1.638292 1.008260 0.606068 0.358125 0.210436 0.125390 0.078021 0.052487 0.039159 0.032418 0.029114 0.027542 0.026817 0.026492 0.026351 0.026291 0.026266 0.026256 0.026251 0.026248 0.026244 0.026236 0.026222 0.026196 0.026147 0.026060 0.025912 0.025667 0.025278 0.024680 0.023798 0.022546 0.020840 0.018609 0.015816 0.012465 0.008623 0.004411 0.000000 
50.000000 42.239029 34.772175 27.860151 21.703171 16.424830 12.068818 8.607362 5.957989 4.004120 2.615168 1.663023 1.033311 0.631323 0.383505 0.235890 0.150888 0.103542 0.078021 0.064699 0.057962 0.054659 0.053089 0.052364 0.052039 0.051898 0.051838 0.051813 0.051802 0.051797 0.051792 0.051785 0.051771 0.051745 0.051694 0.051601 0.051435 0.051151 0.050680 0.049928 0.048769 0.047053 0.044608 0.041265 0.036880 0.031369 0.024743 0.017126 0.008763 0.000000 
50.000000 42.246405 34.786648 27.881190 21.730057 16.456727 12.104847 8.646671 5.999808 4.047787 2.660148 1.708901 1.079782 0.678173 0.430588 0.283112 0.198189 0.150888 0.125390 0.112081 0.105350 0.102050 0.100481 0.099757 0.099433 0.099291 0.099231 0.099206 0.099195 0.099188 0.099181 0.099168 0.099143 0.099095 0.099002 0.098830 0.098524 0.097998 0.097122 0.095716 0.093543 0.090311 0.085687 0.079338 0.070975 0.060429 0.047706 0.033044 0.016917 0.000000 
50.000000 42.259645 34.812625 27.918956 21.778320 16.513984 12.169523 8.717238 6.074881 4.126180 2.740899 1.791266 1.163214 0.762285 0.515119 0.367892 0.283112 0.235890 0.210435 0.197149 0.190429 0.187135 0.185568 0.184845 0.184521 0.184380 0.184320 0.184295 0.184283 0.184274 0.184262 0.184240 0.184197 0.184110 0.183946 0.183641 0.183096 0.182154 0.180580 0.178043 0.174104 0.168215 0.159751 0.148070 0.132616 0.113041 0.089336 0.061932 0.031724 0.000000 
50.000000 42.282634 34.857729 27.984528 21.862119 16.613403 12.281826 8.839773 6.205242 4.262309 2.881124 1.934297 1.308098 0.908351 0.661913 0.515119 0.430588 0.383505 0.358125 0.344877 0.338177 0.334892 0.333330 0.332609 0.332286 0.332145 0.332085 0.332059 0.332046 0.332034 0.332015 0.331978 0.331904 0.331758 0.331477 0.330956 0.330020 0.328394 0.325666 0.321247 0.314349 0.303982 0.288998 0.268204 0.240541 0.205319 0.162472 0.112751 0.057794 0.000000 
50.000000 42.321221 34.933438 28.094594 22.002782 16.780287 12.470341 9.045468 6.424079 4.490831 3.116526 2.174412 1.551328 1.153567 0.908351 0.762285 0.678173 0.631323 0.606068 0.592885 0.586219 0.582950 0.581396 0.580678 0.580357 0.580216 0.580156 0.580129 0.580114 0.580097 0.580068 0.580008 0.579888 0.579649 0.579189 0.578331 0.576783 0.574082 0.569526 0.562108 0.550458 0.532841 0.507214 0.471419 0.423489 0.362087 0.286974 0.199410 0.102302 0.000000 
50.000000 42.383803 35.056226 28.273107 22.230920 17.050958 12.776100 9.379098 6.779031 4.861499 3.498359 2.563894 1.945865 1.551328 1.308098 1.163214 1.079782 1.033311 1.008259 0.995183 0.988570 0.985328 0.983786 0.983074 0.982755 0.982616 0.982555 0.982527 0.982509 0.982485 0.982440 0.982348 0.982160 0.981785 0.981060 0.979704 0.977246 0.972932 0.965616 0.953629 0.934682 0.905824 0.863535 0.804012 0.723698 0.620041 0.492375 0.342691 0.175998 0.000000 
50.000000 42.481822 35.248543 28.552705 22.588253 17.474916 13.255024 9.901687 7.335026 5.442120 4.096477 3.174000 2.563894 2.174412 1.934297 1.791266 1.708901 1.663023 1.638291 1.625382 1.618853 1.615652 1.614130 1.613427 1.613112 1.612974 1.612913 1.612884 1.612861 1.612828 1.612762 1.612625 1.612343 1.611779 1.610687 1.608631 1.604886 1.598278 1.587000 1.568396 1.538769 1.493281 1.426047 1.330560 1.200535 1.031199 0.820881 0.572509 0.294437 0.000000 
50.000000 42.630008 35.539292 28.975411 23.128485 18.115884 13.979107 10.691797 8.175658 6.319997 5.000820 4.096477 3.498359 3.116526 2.881124 2.740899 2.660148 2.615168 2.590921 2.578264 2.571863 2.568724 2.567232 2.566543 2.566233 2.566098 2.566037 2.566006 2.565978 2.565932 2.565839 2.565644 2.565241 2.564432 2.562856 2.559877 2.554419 2.544730 2.528081 2.500410 2.455974 2.387120 2.284336 2.136806 1.933693 1.666238 1.330548 0.930460 0.479406 0.000000 
50.000000 42.846145 35.963369 29.591963 23.916467 19.050811 15.035281 11.844299 9.401869 7.600553 6.319997 5.442120 4.861499 4.490831 4.262309 4.126180 4.047787 4.004120 3.980580 3.968292 3.962077 3.959030 3.957581 3.956912 3.956611 3.956479 3.956419 3.956386 3.956352 3.956291 3.956166 3.955901 3.955351 3.954244 3.952076 3.947959 3.940373 3.926817 3.903351 3.864023 3.800276 3.700469 3.549759 3.330728 3.025152 2.617261 2.098459 1.472705 0.760679 0.000000 
50.000000 43.150153 36.559856 30.459182 25.024826 20.365876 16.520911 13.465445 11.126720 9.401869 8.175658 7.335026 6.779031 6.424079 6.205242 6.074881 5.999808 5.957989 5.935445 5.923677 5.917725 5.914806 5.913418 5.912777 5.912489 5.912362 5.912303 5.912268 5.912227 5.912151 5.911990 5.911648 5.910937 5.909497 5.906666 5.901260 5.891238 5.873207 5.841745 5.788538 5.701400 5.563360 5.352149 5.040650 4.599063 3.999573 3.223991 2.273630 1.178476 0.000000 
50.000000 43.562330 37.368583 31.634980 26.527581 22.148910 18.535229 15.663531 13.465445 11.844299 10.691797 9.901687 9.379098 9.045468 8.839773 8.717238 8.646671 8.607362 8.586170 8.575107 8.569511 8.566768 8.565463 8.564860 8.564589 8.564469 8.564412 8.564375 8.564328 8.564237 8.564042 8.563625 8.562753 8.560984 8.557488 8.550776 8.538254 8.515564 8.475639 8.407462 8.294539 8.113296 7.831765 7.409350 6.798846 5.952373 4.832881 3.431589 1.787764 0.000000 
50.000000 44.100795 38.425100 33.171047 28.490802 24.478314 21.166814 18.535229 16.520911 15.035281 13.979107 13.255024 12.776100 12.470341 12.281826 12.169523 12.104847 12.068818 12.049395 12.039255 12.034126 12.031611 12.030415 12.029863 12.029614 12.029503 12.029450 12.029412 12.029360 12.029257 12.029034 12.028556 12.027553 12.025509 12.021452 12.013622 11.998922 11.972088 11.924464 11.842301 11.704553 11.480260 11.125878 10.583407 9.780965 8.638658 7.083841 5.079871 2.667277 0.000000 
50.000000 44.778358 39.754548 35.103937 30.961212 27.409531 24.478314 22.148910 20.365876 19.050811 18.115884 17.474916 17.050958 16.780287 16.613403 16.513984 16.456727 16.424830 16.407634 16.398657 16.394116 16.391889 16.390830 16.390341 16.390121 16.390022 16.389973 16.389936 16.389883 16.389774 16.389536 16.389025 16.387951 16.385751 16.381367 16.372862 16.356798 16.327261 16.274381 16.182191 16.025659 15.766813 15.350065 14.697348 13.704766 12.244640 10.180777 7.409706 3.940572 0.000000 
50.000000 45.599328 41.365377 37.445940 33.954523 30.961212 28.490802 26.527581 25.024826 23.916467 23.128485 22.588253 22.230920 22.002782 21.862119 21.778320 21.730057 21.703171 21.688676 21.681108 21.677280 21.675403 21.674510 21.674098 21.673912 21.673828 21.673786 21.673752 21.673701 21.673595 21.673362 21.672860 21.671802 21.669628 21.665279 21.656800 21.640695 21.610879 21.557054 21.462247 21.299206 21.025253 20.575208 19.852144 18.716572 16.977261 14.394035 10.718985 5.828712 0.000000 
50.000000 46.556902 43.244243 40.177653 37.445940 35.103937 33.171047 31.634980 30.459182 29.591963 28.975411 28.552705 28.273107 28.094594 27.984528 27.918956 27.881190 27.860151 27.848808 27.842886 27.839891 27.838422 27.837723 27.837400 27.837254 27.837188 27.837155 27.837127 27.837082 27.836989 27.836785 27.836343 27.835409 27.833484 27.829620 27.822057 27.807620 27.780731 27.731824 27.644863 27.493503 27.235191 26.802099 26.087206 24.923160 23.051905 20.088827 15.511525 8.791894 0.000000 
50.000000 47.631858 45.353430 43.244243 41.365377 39.754548 38.425100 37.368583 36.559856 35.963369 35.539292 35.248543 35.056226 34.933438 34.857729 34.812625 34.786647 34.772175 34.764373 34.760299 34.758238 34.757228 34.756747 34.756525 34.756425 34.756379 34.756356 34.756336 34.756303 34.756233 34.756081 34.755750 34.755050 34.753604 34.750693 34.744979 34.734029 34.713535 34.676034 34.608832 34.490664 34.286226 33.936994 33.345230 32.344842 30.646392 27.732718 22.676715 13.944723 0.000000 
50.000000 48.793068 47.631858 46.556902 45.599328 44.778358 44.100795 43.562330 43.150153 42.846145 42.630008 42.481822 42.383803 42.321221 42.282634 42.259645 42.246405 42.239029 42.235052 42.232975 42.231925 42.231410 42.231165 42.231052 42.231001 42.230977 42.230965 42.230955 42.230937 42.230900 42.230818 42.230641 42.230265 42.229488 42.227922 42.224840 42.218920 42.207805 42.187386 42.150602 42.085466 41.971677 41.774567 41.433518 40.837786 39.770616 37.765007 33.687136 24.396534 0.000000 
50.000000 50.000000 50.000000 50.000000 50.000000 50.000000 50.000000 50.000000 50.000000 50.000000 50.000000 50.000000 50.000000 50.000000 50.000000 50.000000 50.000000 50.000000 50.000000 50.000000 50.000000 50.000000 50.000000 50.000000 50.000000 50.000000 50.000000 50.000000 50.000000 50.000000 50.000000 50.000000 50.000000 50.000000 50.000000 50.000000 50.000000 50.000000 50.000000 50.000000 50.000000 50.000000 50.000000 50.000000 50.000000 50.000000 50.000000 50.000000 50.000000 50.000000 
