50.000000 50.000000 50.000000 50.000000 50.000000 50.000000 50.000000 50.000000 50.000000 50.000000 50.000000 50.000000 50.000000 50.000000 50.000000 50.000000 50.000000 50.000000 50.000000 50.000000 50.000000 50.000000 50.000000 50.000000 50.000000 50.000000 50.000000 50.000000 50.000000 50.000000 50.000000 50.000000 50.000000 50.000000 50.000000 50.000000 50.000000 50.000000 50.000000 50.000000 50.000000 50.000000 50.000000 50.000000 50.000000 50.000000 50.000000 50.000000 50.000000 50.000000 
50.000000 48.182677 46.468960 44.944760 43.665637 42.652185 41.893540 41.356503 40.996639 40.768120 40.630441 40.551643 40.508748 40.486510 40.475515 40.470326 40.467983 40.466972 40.466553 40.466386 40.466323 40.466300 40.466291 40.466289 40.466288 40.466287 40.466287 40.466287 40.466287 40.466285 40.466282 40.466271 40.466243 40.466166 40.465967 40.465473 40.464282 40.461513 40.455292 40.441769 40.413272 40.354900 40.238168 40.008771 39.561395 38.682576 36.905234 33.091219 24.091339 0.000000 
50.000000 46.468960 43.139229 40.177742 37.692447 35.723358 34.249361 33.205946 32.506771 32.062790 31.795303 31.642215 31.558881 31.515678 31.494319 31.484237 31.479688 31.477722 31.476909 31.476585 31.476462 31.476417 31.476401 31.476395 31.476394 31.476393 31.476393 31.476392 31.476392 31.476390 31.476383 31.476364 31.476312 31.476174 31.475817 31.474930 31.472800 31.467863 31.456817 31.432933 31.382971 31.281654 31.081940 30.697803 29.973220 28.624849 26.135362 21.569614 13.377740 0.000000 
50.000000 44.944760 40.177742 35.937946 32.379922 29.560946 27.450784 25.957065 24.956168 24.320607 23.937707 23.718572 23.599288 23.537449 23.506879 23.492449 23.485938 23.483125 23.481960 23.481498 23.481321 23.481257 23.481234 23.481226 23.481223 23.481223 23.481222 23.481222 23.481221 23.481218 23.481210 23.481186 23.481121 23.480946 23.480498 23.479386 23.476727 23.470597 23.456963 23.427718 23.367170 23.246071 23.011811 22.572881 21.775248 20.368902 17.968973 14.042380 8.039526 0.000000 
50.000000 43.665637 37.692447 32.379922 27.921716 24.389593 21.745649 19.874124 18.620102 17.823831 17.344124 17.069596 16.920165 16.842700 16.804406 16.786332 16.778176 16.774653 16.773195 16.772615 16.772394 16.772313 16.772285 16.772275 16.772272 16.772271 16.772270 16.772270 16.772269 16.772266 16.772257 16.772232 16.772163 16.771981 16.771513 16.770357 16.767607 16.761302 16.747388 16.717819 16.657326 16.538185 16.312291 15.900107 15.177047 13.960858 12.011020 9.067598 4.983061 0.000000 
50.000000 42.652185 35.723358 29.560946 24.389593 20.292531 17.225769 15.055004 13.600516 12.676984 12.120628 11.802248 11.628953 11.539122 11.494717 11.473759 11.464302 11.460218 11.458527 11.457855 11.457599 11.457505 11.457472 11.457461 11.457457 11.457456 11.457455 11.457455 11.457454 11.457451 11.457443 11.457420 11.457357 11.457189 11.456760 11.455706 11.453211 11.447531 11.435094 11.408930 11.356061 11.253532 11.062884 10.723463 10.146265 9.212546 7.785698 5.750138 3.090790 0.000000 
50.000000 41.893540 34.249361 27.450784 21.745649 17.225769 13.842588 11.447909 9.843437 8.824704 8.211019 7.859844 7.668707 7.569631 7.520659 7.497546 7.487117 7.482613 7.480749 7.480009 7.479726 7.479623 7.479586 7.479573 7.479569 7.479568 7.479568 7.479567 7.479566 7.479564 7.479557 7.479538 7.479485 7.479346 7.478992 7.478126 7.476088 7.471480 7.461474 7.440631 7.399022 7.319506 7.174275 6.921294 6.502306 5.845542 4.877903 3.551559 1.884769 0.000000 
50.000000 41.356503 33.205946 25.957065 19.874124 15.055004 11.447909 8.894799 7.184220 6.098148 5.443919 5.069557 4.865807 4.760198 4.707998 4.683363 4.672249 4.667448 4.665462 4.664673 4.664372 4.664261 4.664222 4.664209 4.664205 4.664203 4.664203 4.664203 4.664202 4.664200 4.664195 4.664180 4.664140 4.664034 4.663767 4.663116 4.661593 4.658174 4.650808 4.635610 4.605613 4.549056 4.447399 4.273634 3.992120 3.561832 2.945254 2.124006 1.118335 0.000000 
50.000000 40.996639 32.506771 24.956168 18.620102 13.600516 9.843437 7.184220 5.402591 4.271437 3.590070 3.200191 2.988003 2.878024 2.823666 2.798014 2.786441 2.781443 2.779374 2.778553 2.778239 2.778124 2.778084 2.778070 2.778065 2.778064 2.778064 2.778063 2.778063 2.778062 2.778058 2.778047 2.778019 2.777945 2.777759 2.777307 2.776255 2.773909 2.768894 2.758639 2.738608 2.701296 2.635164 2.523931 2.346984 2.081917 1.710097 1.225117 0.641739 0.000000 
50.000000 40.768120 32.062790 24.320607 17.823831 12.676984 8.824704 6.098148 4.271437 3.111684 2.413106 2.013388 1.795851 1.683103 1.627378 1.601081 1.589218 1.584094 1.581974 1.581132 1.580811 1.580693 1.580652 1.580637 1.580633 1.580631 1.580631 1.580631 1.580630 1.580629 1.580627 1.580620 1.580602 1.580553 1.580432 1.580140 1.579464 1.577965 1.574783 1.568330 1.555842 1.532829 1.492535 1.425682 1.320923 1.166505 0.953438 0.679820 0.354847 0.000000 
50.000000 40.630441 31.795303 23.937707 17.344124 12.120628 8.211019 5.443919 3.590070 2.413106 1.704173 1.298538 1.077784 0.963371 0.906825 0.880141 0.868103 0.862905 0.860753 0.859899 0.859573 0.859454 0.859412 0.859397 0.859392 0.859391 0.859390 0.859390 0.859390 0.859390 0.859388 0.859384 0.859373 0.859343 0.859269 0.859093 0.858686 0.857788 0.855896 0.852087 0.844776 0.831431 0.808309 0.770387 0.711699 0.626305 0.509989 0.362370 0.188671 0.000000 
50.000000 40.551643 31.642215 23.718572 17.069596 11.802248 7.859844 5.069557 3.200191 2.013388 1.298538 0.889521 0.666931 0.551568 0.494552 0.467648 0.455510 0.450269 0.448100 0.447239 0.446910 0.446790 0.446747 0.446733 0.446728 0.446727 0.446726 0.446726 0.446726 0.446725 0.446725 0.446722 0.446716 0.446699 0.446657 0.446556 0.446326 0.445820 0.444761 0.442642 0.438605 0.431297 0.418749 0.398370 0.367153 0.322208 0.261609 0.185399 0.096351 0.000000 
50.000000 40.508748 31.558881 23.599288 16.920165 11.628953 7.668707 4.865807 2.988003 1.795851 1.077784 0.666931 0.443344 0.327464 0.270194 0.243170 0.230979 0.225714 0.223536 0.222670 0.222341 0.222219 0.222177 0.222162 0.222157 0.222156 0.222155 0.222155 0.222155 0.222155 0.222155 0.222153 0.222150 0.222141 0.222118 0.222064 0.221941 0.221672 0.221111 0.219996 0.217887 0.214094 0.207634 0.197227 0.181422 0.158862 0.128691 0.091018 0.047235 0.000000 
50.000000 40.486510 31.515678 23.537449 16.842700 11.539122 7.569631 4.760198 2.878024 1.683103 0.963371 0.551568 0.327464 0.211318 0.153916 0.126830 0.114611 0.109335 0.107151 0.106284 0.105953 0.105832 0.105789 0.105775 0.105770 0.105768 0.105768 0.105768 0.105768 0.105768 0.105767 0.105767 0.105765 0.105760 0.105749 0.105721 0.105659 0.105523 0.105242 0.104686 0.103639 0.101769 0.098605 0.093543 0.085911 0.075093 0.060722 0.042878 0.022228 0.000000 
50.000000 40.475515 31.494319 23.506879 16.804406 11.494717 7.520659 4.707998 2.823666 1.627378 0.906825 0.494552 0.270194 0.153916 0.096451 0.069334 0.057101 0.051819 0.049633 0.048765 0.048434 0.048312 0.048269 0.048255 0.048250 0.048248 0.048248 0.048248 0.048248 0.048248 0.048248 0.048247 0.048246 0.048244 0.048239 0.048225 0.048195 0.048130 0.047996 0.047732 0.047238 0.046360 0.044882 0.042533 0.039011 0.034049 0.027493 0.019389 0.010043 0.000000 
50.000000 40.470326 31.484237 23.492449 16.786332 11.473759 7.497546 4.683363 2.798014 1.601081 0.880141 0.467648 0.243170 0.126830 0.069334 0.042203 0.029963 0.024678 0.022491 0.021623 0.021292 0.021170 0.021127 0.021113 0.021108 0.021106 0.021106 0.021106 0.021106 0.021106 0.021106 0.021105 0.021105 0.021104 0.021101 0.021095 0.021082 0.021052 0.020991 0.020872 0.020649 0.020255 0.019596 0.018554 0.016999 0.014819 0.011951 0.008420 0.004358 0.000000 
50.000000 40.467983 31.479688 23.485938 16.778176 11.464302 7.487117 4.672249 2.786441 1.589218 0.868103 0.455510 0.230979 0.114611 0.057101 0.029963 0.017721 0.012435 0.010247 0.009379 0.009047 0.008926 0.008883 0.008868 0.008864 0.008862 0.008862 0.008861 0.008861 0.008861 0.008861 0.008861 0.008861 0.008861 0.008859 0.008857 0.008851 0.008838 0.008812 0.008760 0.008664 0.008495 0.008214 0.007771 0.007114 0.006195 0.004991 0.003514 0.001818 0.000000 
50.000000 40.466972 31.477722 23.483125 16.774653 11.460218 7.482613 4.667448 2.781443 1.584094 0.862905 0.450269 0.225714 0.109335 0.051819 0.024678 0.012435 0.007148 0.004960 0.004092 0.003760 0.003639 0.003596 0.003581 0.003576 0.003575 0.003574 0.003574 0.003574 0.003574 0.003574 0.003574 0.003574 0.003574 0.003573 0.003572 0.003570 0.003564 0.003553 0.003532 0.003493 0.003423 0.003308 0.003128 0.002861 0.002490 0.002004 0.001410 0.000729 0.000000 
50.000000 40.466553 31.476909 23.481960 16.773195 11.458527 7.480749 4.665462 2.779374 1.581974 0.860753 0.448100 0.223536 0.107151 0.049633 0.022491 0.010247 0.004960 0.002772 0.001904 0.001572 0.001451 0.001408 0.001393 0.001388 0.001387 0.001386 0.001386 0.001386 0.001386 0.001386 0.001386 0.001386 0.001386 0.001386 0.001385 0.001384 0.001382 0.001378 0.001369 0.001354 0.001327 0.001282 0.001211 0.001107 0.000962 0.000774 0.000544 0.000281 0.000000 
50.000000 40.466386 31.476585 23.481498 16.772615 11.457855 7.480009 4.664673 2.778553 1.581132 0.859899 0.447239 0.222670 0.106284 0.048765 0.021623 0.009379 0.004092 0.001904 0.001035 0.000703 0.000582 0.000539 0.000524 0.000520 0.000518 0.000518 0.000517 0.000517 0.000517 0.000517 0.000517 0.000517 0.000517 0.000517 0.000517 0.000517 0.000516 0.000514 0.000511 0.000505 0.000495 0.000478 0.000451 0.000412 0.000358 0.000288 0.000202 0.000105 0.000000 
50.000000 40.466323 31.476462 23.481321 16.772394 11.457599 7.479726 4.664372 2.778239 1.580811 0.859573 0.446910 0.222341 0.105953 0.048434 0.021292 0.009047 0.003760 0.001572 0.000703 0.000372 0.000251 0.000208 0.000193 0.000188 0.000187 0.000186 0.000186 0.000186 0.000186 0.000186 0.000186 0.000186 0.000186 0.000186 0.000186 0.000186 0.000185 0.000185 0.000184 0.000182 0.000178 0.000172 0.000162 0.000148 0.000129 0.000103 0.000073 0.000037 0.000000 
50.000000 40.466300 31.476417 23.481257 16.772313 11.457505 7.479623 4.664261 2.778124 1.580693 0.859454 0.446790 0.222220 0.105832 0.048312 0.021170 0.008926 0.003639 0.001451 0.000582 0.000251 0.000129 0.000086 0.000071 0.000067 0.000065 0.000065 0.000065 0.000065 0.000065 0.000064 0.000064 0.000064 0.000064 0.000064 0.000064 0.000064 0.000064 0.000064 0.000064 0.000063 0.000062 0.000059 0.000056 0.000051 0.000044 0.000036 0.000025 0.000013 0.000000 
50.000000 40.466291 31.476401 23.481234 16.772285 11.457472 7.479586 4.664222 2.778084 1.580652 0.859412 0.446747 0.222177 0.105789 0.048269 0.021127 0.008883 0.003596 0.001408 0.000539 0.000208 0.000086 0.000043 0.000029 0.000024 0.000022 0.000022 0.000022 0.000022 0.000022 0.000022 0.000022 0.000022 0.000022 0.000022 0.000022 0.000022 0.000022 0.000021 0.000021 0.000021 0.000021 0.000020 0.000019 0.000017 0.000015 0.000012 0.000008 0.000004 0.000000 
50.000000 40.466289 31.476395 23.481226 16.772275 11.457461 7.479574 4.664209 2.778070 1.580638 0.859397 0.446733 0.222162 0.105775 0.048255 0.021113 0.008869 0.003581 0.001393 0.000525 0.000193 0.000072 0.000029 0.000014 0.000009 0.000008 0.000007 0.000007 0.000007 0.000007 0.000007 0.000007 0.000007 0.000007 0.000007 0.000007 0.000007 0.000007 0.000007 0.000007 0.000007 0.000007 0.000007 0.000006 0.000006 0.000005 0.000004 0.000003 0.000001 0.000000 
50.000000 40.466288 31.476394 23.481224 16.772272 11.457458 7.479570 4.664205 2.778066 1.580633 0.859393 0.446729 0.222158 0.105771 0.048251 0.021108 0.008864 0.003577 0.001389 0.000520 0.000189 0.000067 0.000024 0.000010 0.000005 0.000003 0.000003 0.000003 0.000003 0.000003 0.000003 0.000003 0.000003 0.000003 0.000003 0.000003 0.000003 0.000003 0.000003 0.000003 0.000003 0.000003 0.000003 0.000002 0.000002 0.000002 0.000002 0.000001 0.000001 0.000000 
50.000000 40.466288 31.476394 23.481224 16.772272 11.457458 7.479570 4.664205 2.778066 1.580633 0.859393 0.446729 0.222158 0.105771 0.048251 0.021108 0.008864 0.003577 0.001389 0.000520 0.000189 0.000067 0.000024 0.000010 0.000005 0.000003 0.000003 0.000003 0.000003 0.000003 0.000003 0.000003 0.000003 0.000003 0.000003 0.000003 0.000003 0.000003 0.000003 0.000003 0.000003 0.000003 0.000003 0.000002 0.000002 0.000002 0.000002 0.000001 0.000001 0.000000 
50.000000 40.466289 31.476395 23.481226 16.772275 11.457461 7.479574 4.664209 2.778070 1.580638 0.859397 0.446733 0.222162 0.105775 0.048255 0.021113 0.008869 0.003581 0.001393 0.000525 0.000193 0.000072 0.000029 0.000014 0.000009 0.000008 0.000007 0.000007 0.000007 0.000007 0.000007 0.000007 0.000007 0.000007 0.000007 0.000007 0.000007 0.000007 0.000007 0.000007 0.000007 0.000007 0.000007 0.000006 0.000006 0.000005 0.000004 0.000003 0.000001 0.000000 
50.000000 40.466291 31.476401 23.481234 16.772285 11.457472 7.479586 4.664222 2.778084 1.580652 0.859412 0.446747 0.222177 0.105789 0.048269 0.021127 0.008883 0.003596 0.001408 0.000539 0.000208 0.000086 0.000043 0.000029 0.000024 0.000022 0.000022 0.000022 0.000022 0.000022 0.000022 0.000022 0.000022 0.000022 0.000022 0.000022 0.000022 0.000022 0.000021 0.000021 0.000021 0.000021 0.000020 0.000019 0.000017 0.000015 0.000012 0.000008 0.000004 0.000000 
50.000000 40.466300 31.476417 23.481257 16.772313 11.457505 7.479623 4.664261 2.778124 1.580693 0.859454 0.446790 0.222220 0.105832 0.048312 0.021170 0.008926 0.003639 0.001451 0.000582 0.000251 0.000129 0.000086 0.000071 0.000067 0.000065 0.000065 0.000065 0.000065 0.000065 0.000064 0.000064 0.000064 0.000064 0.000064 0.000064 0.000064 0.000064 0.000064 0.000064 0.000063 0.000062 0.000059 0.000056 0.000051 0.000044 0.000036 0.000025 0.000013 0.000000 
50.000000 40.466323 31.476462 23.481321 16.772394 11.457599 7.479726 4.664372 2.778239 1.580811 0.859573 0.446910 0.222341 0.105953 0.048434 0.021292 0.009047 0.003760 0.001572 0.000703 0.000372 0.000251 0.000208 0.000193 0.000188 0.000187 0.000186 0.000186 0.000186 0.000186 0.000186 0.000186 0.000186 0.000186 0.000186 0.000186 0.000186 0.000185 0.000185 0.000184 0.000182 0.000178 0.000172 0.000162 0.000148 0.000129 0.000103 0.000073 0.000037 0.000000 
50.000000 40.466386 31.476585 23.481498 16.772615 11.457855 7.480009 4.664673 2.778553 1.581132 0.859899 0.447239 0.222670 0.106284 0.048765 0.021623 0.009379 0.004092 0.001904 0.001035 0.000703 0.000582 0.000539 0.000524 0.000520 0.000518 0.000518 0.000517 0.000517 0.000517 0.000517 0.000517 0.000517 0.000517 0.000517 0.000517 0.000517 0.000516 0.000514 0.000511 0.000505 0.000495 0.000478 0.000451 0.000412 0.000358 0.000288 0.000202 0.000105 0.000000 
50.000000 40.466553 31.476909 23.481960 16.773195 11.458527 7.480749 4.665462 2.779374 1.581974 0.860753 0.448100 0.223536 0.107151 0.049633 0.022491 0.010247 0.004960 0.002772 0.001904 0.001572 0.001451 0.001408 0.001393 0.001388 0.001387 0.001386 0.001386 0.001386 0.001386 0.001386 0.001386 0.001386 0.001386 0.001386 0.001385 0.001384 0.001382 0.001378 0.001369 0.001354 0.001327 0.001282 0.001211 0.001107 0.000962 0.000774 0.000544 0.000281 0.000000 
50.000000 40.466972 31.477722 23.483125 16.774653 11.460218 7.482613 4.667448 2.781443 1.584094 0.862905 0.450269 0.225714 0.109335 0.051819 0.024678 0.012435 0.007148 0.004960 0.004092 0.003760 0.003639 0.003596 0.003581 0.003576 0.003575 0.003574 0.003574 0.003574 0.003574 0.003574 0.003574 0.003574 0.003574 0.003573 0.003572 0.003570 0.003564 0.003553 0.003532 0.003493 0.003423 0.003308 0.003128 0.002861 0.002490 0.002004 0.001410 0.000729 0.000000 
50.000000 40.467983 31.479688 23.485938 16.778176 11.464302 7.487117 4.672249 2.786441 1.589218 0.868103 0.455510 0.230979 0.114611 0.057101 0.029963 0.017721 0.012435 0.010247 0.009379 0.009047 0.008926 0.008883 0.008868 0.008864 0.008862 0.008862 0.008861 0.008861 0.008861 0.008861 0.008861 0.008861 0.008861 0.008859 0.008857 0.008851 0.008838 0.008812 0.008760 0.008664 0.008495 0.008214 0.007771 0.007114 0.006195 0.004991 0.003514 0.001818 0.000000 
50.000000 40.470326 31.484237 23.492449 16.786332 11.473759 7.497546 4.683363 2.798014 1.601081 0.880141 0.467648 0.243170 0.126830 0.069334 0.042203 0.029963 0.024678 0.022491 0.021623 0.021292 0.021170 0.021127 0.021113 0.021108 0.021106 0.021106 0.021106 0.021106 0.021106 0.021106 0.021105 0.021105 0.021104 0.021101 0.021095 0.021082 0.021052 0.020991 0.020872 0.020649 0.020255 0.019596 0.018554 0.016999 0.014819 0.011951 0.008420 0.004358 0.000000 
50.000000 40.475515 31.494319 23.506879 16.804406 11.494717 7.520659 4.707998 2.823666 1.627378 0.906825 0.494552 0.270194 0.153916 0.096451 0.069334 0.057101 0.051819 0.049633 0.048765 0.048434 0.048312 0.048269 0.048255 0.048250 0.048248 0.048248 0.048248 0.048248 0.048248 0.048248 0.048247 0.048246 0.048244 0.048239 0.048225 0.048195 0.048130 0.047996 0.047732 0.047238 0.046360 0.044882 0.042533 0.039011 0.034049 0.027493 0.019389 0.010043 0.000000 
50.000000 40.486510 31.515678 23.537449 16.842700 11.539122 7.569631 4.760198 2.878024 1.683103 0.963371 0.551568 0.327464 0.211318 0.153916 0.126830 0.114611 0.109335 0.107151 0.106284 0.105953 0.105832 0.105789 0.105775 0.105770 0.105768 0.105768 0.105768 0.105768 0.105768 0.105767 0.105767 0.105765 0.105760 0.105749 0.105721 0.105659 0.105523 0.105242 0.104686 0.103639 0.101769 0.098605 0.093543 0.085911 0.075093 0.060722 0.042878 0.022228 0.000000 
50.000000 40.508748 31.558881 23.599288 16.920165 11.628953 7.668707 4.865807 2.988003 1.795851 1.077784 0.666931 0.443344 0.327464 0.270194 0.243170 0.230979 0.225714 0.223536 0.222670 0.222341 0.222219 0.222177 0.222162 0.222157 0.222156 0.222155 0.222155 0.222155 0.222155 0.222155 0.222153 0.222150 0.222141 0.222118 0.222064 0.221941 0.221672 0.221111 0.219996 0.217887 0.214094 0.207634 0.197227 0.181422 0.158862 0.128691 0.091018 0.047235 0.000000 
50.000000 40.551643 31.642215 23.718572 17.069596 11.802248 7.859844 5.069557 3.200191 2.013388 1.298538 0.889521 0.666931 0.551568 0.494552 0.467648 0.455510 0.450269 0.448100 0.447239 0.446910 0.446790 0.446747 0.446733 0.446728 0.446727 0.446726 0.446726 0.446726 0.446725 0.446725 0.446722 0.446716 0.446699 0.446657 0.446556 0.446326 0.445820 0.444761 0.442642 0.438605 0.431297 0.418749 0.398370 0.367153 0.322208 0.261609 0.185399 0.096351 0.000000 
50.000000 40.630441 31.795303 23.937707 17.344124 12.120628 8.211019 5.443919 3.590070 2.413106 1.704173 1.298538 1.077784 0.963371 0.906825 0.880141 0.868103 0.862905 0.860753 0.859899 0.859573 0.859454 0.859412 0.859397 0.859392 0.859391 0.859390 0.859390 0.859390 0.859390 0.859388 0.859384 0.859373 0.859343 0.859269 0.859093 0.858686 0.857788 0.855896 0.852087 0.844776 0.831431 0.808309 0.770387 0.711699 0.626305 0.509989 0.362370 0.188671 0.000000 
50.000000 40.768120 32.062790 24.320607 17.823831 12.676984 8.824704 6.098148 4.271437 3.111684 2.413106 2.013388 1.795851 1.683103 1.627378 1.601081 1.589218 1.584094 1.581974 1.581132 1.580811 1.580693 1.580652 1.580637 1.580633 1.580631 1.580631 1.580631 1.580630 1.580629 1.580627 1.580620 1.580602 1.580553 1.580432 1.580140 1.579464 1.577965 1.574783 1.568330 1.555842 1.532829 1.492535 1.425682 1.320923 1.166505 0.953438 0.679820 0.354847 0.000000 
50.000000 40.996639 32.506771 24.956168 18.620102 13.600516 9.843437 7.184220 5.402591 4.271437 3.590070 3.200191 2.988003 2.878024 2.823666 2.798014 2.786441 2.781443 2.779374 2.778553 2.778239 2.778124 2.778084 2.778070 2.778065 2.778064 2.778064 2.778063 2.778063 2.778062 2.778058 2.778047 2.778019 2.777945 2.777759 2.777307 2.776255 2.773909 2.768894 2.758639 2.738608 2.701296 2.635164 2.523931 2.346984 2.081917 1.710097 1.225117 0.641739 0.000000 
50.000000 41.356503 33.205946 25.957065 19.874124 15.055004 11.447909 8.894799 7.184220 6.098148 5.443919 5.069557 4.865807 4.760198 4.707998 4.683363 4.672249 4.667448 4.665462 4.664673 4.664372 4.664261 4.664222 4.664209 4.664205 4.664203 4.664203 4.664203 4.664202 4.664200 4.664195 4.664180 4.664140 4.664034 4.663767 4.663116 4.661593 4.658174 4.650808 4.635610 4.605613 4.549056 4.447399 4.273634 3.992120 3.561832 2.945254 2.124006 1.118335 0.000000 
50.000000 41.893540 34.249361 27.450784 21.745649 17.225769 13.842588 11.447909 9.843437 8.824704 8.211019 7.859844 7.668707 7.569631 7.520659 7.497546 7.487117 7.482613 7.480749 7.480009 7.479726 7.479623 7.479586 7.479573 7.479569 7.479568 7.479568 7.479567 7.479566 7.479564 7.479557 7.479538 7.479485 7.479346 7.478992 7.478126 7.476088 7.471480 7.461474 7.440631 7.399022 7.319506 7.174275 6.921294 6.502306 5.845542 4.877903 3.551559 1.884769 0.000000 
50.000000 42.652185 35.723358 29.560946 24.389593 20.292531 17.225769 15.055004 13.600516 12.676984 12.120628 11.802248 11.628953 11.539122 11.494717 11.473759 11.464302 11.460218 11.458527 11.457855 11.457599 11.457505 11.457472 11.457461 11.457457 11.457456 11.457455 11.457455 11.457454 11.457451 11.457443 11.457420 11.457357 11.457189 11.456760 11.455706 11.453211 11.447531 11.435094 11.408930 11.356061 11.253532 11.062884 10.723463 10.146265 9.212546 7.785698 5.750138 3.090790 0.000000 
50.000000 43.665637 37.692447 32.379922 27.921716 24.389593 21.745649 19.874124 18.620102 17.823831 17.344124 17.069596 16.920165 16.842700 16.804406 16.786332 16.778176 16.774653 16.773195 16.772615 16.772394 16.772313 16.772285 16.772275 16.772272 16.772271 16.772270 16.772270 16.772269 16.772266 16.772257 16.772232 16.772163 16.771981 16.771513 16.770357 16.767607 16.761302 16.747388 16.717819 16.657326 16.538185 16.312291 15.900107 15.177047 13.960858 12.011020 9.067598 4.983061 0.000000 
50.000000 44.944760 40.177742 35.937946 32.379922 29.560946 27.450784 25.957065 24.956168 24.320607 23.937707 23.718572 23.599288 23.537449 23.506879 23.492449 23.485938 23.483125 23.481960 23.481498 23.481321 23.481257 23.481234 23.481226 23.481223 23.481223 23.481222 23.481222 23.481221 23.481218 23.481210 23.481186 23.481121 23.480946 23.480498 23.479386 23.476727 23.470597 23.456963 23.427718 23.367170 23.246071 23.011811 22.572881 21.775248 20.368902 17.968973 14.042380 8.039526 0.000000 
50.000000 46.468960 43.139229 40.177742 37.692447 35.723358 34.249361 33.205946 32.506771 32.062790 31.795303 31.642215 31.558881 31.515678 31.494319 31.484237 31.479688 31.477722 31.476909 31.476585 31.476462 31.476417 31.476401 31.476395 31.476394 31.476393 31.476393 31.476392 31.476392 31.476390 31.476383 31.476364 31.476312 31.476174 31.475817 31.474930 31.472800 31.467863 31.456817 31.432933 31.382971 31.281654 31.081940 30.697803 29.973220 28.624849 26.135362 21.569614 13.377740 0.000000 
50.000000 48.182677 46.468960 44.944760 43.665637 42.652185 41.893540 41.356503 40.996639 40.768120 40.630441 40.551643 40.508748 40.486510 40.475515 40.470326 40.467983 40.466972 40.466553 40.466386 40.466323 40.466300 40.466291 40.466289 40.466288 40.466287 40.466287 40.466287 40.466287 40.466285 40.466282 40.466271 40.466243 40.466166 40.465967 40.465473 40.464282 40.461513 40.455292 40.441769 40.413272 40.354900 40.238168 40.008771 39.561395 38.682576 36.905234 33.091219 24.091339 0.000000 
50.000000 50.000000 50.000000 50.000000 50.000000 50.000000 50.000000 50.000000 50.000000 50.000000 50.000000 50.000000 50.000000 50.000000 50.000000 50.000000 50.000000 50.000000 50.000000 50.000000 50.000000 50.000000 50.000000 50.000000 50.000000 50.000000 50.000000 50.000000 50.000000 50.000000 50.000000 50.000000 50.000000 50.000000 50.000000 50.000000 50.000000 50.000000 50.000000 50.000000 50.000000 50.000000 50.000000 50.000000 50.000000 50.000000 50.000000 50.000000 50.000000 50.000000 
