50.000000 50.000000 50.000000 50.000000 50.000000 50.000000 50.000000 50.000000 50.000000 50.000000 50.000000 50.000000 50.000000 50.000000 50.000000 50.000000 50.000000 50.000000 50.000000 50.000000 50.000000 50.000000 50.000000 50.000000 50.000000 50.000000 50.000000 50.000000 50.000000 50.000000 50.000000 50.000000 50.000000 50.000000 50.000000 50.000000 50.000000 50.000000 50.000000 50.000000 50.000000 50.000000 50.000000 50.000000 50.000000 50.000000 50.000000 50.000000 50.000000 50.000000 
50.000000 48.614478 47.289201 46.076564 45.014965 44.125548 43.412185 42.864225 42.460928 42.176372 41.983787 41.858684 41.780633 41.733832 41.706842 41.691861 41.683852 41.679725 41.677674 41.676690 41.676233 41.676029 41.675940 41.675903 41.675888 41.675882 41.675879 41.675876 41.675870 41.675857 41.675826 41.675750 41.675577 41.675190 41.674347 41.672565 41.668898 41.661553 41.647212 41.619874 41.568873 41.475440 41.306526 41.003022 40.455325 39.447180 37.511205 33.512177 24.307239 0.000000 
50.000000 47.289201 44.696275 42.323735 40.246708 38.506561 37.110872 36.038797 35.249758 34.693037 34.316253 34.071498 33.918798 33.827237 33.774434 33.745127 33.729458 33.721385 33.717372 33.715447 33.714554 33.714154 33.713981 33.713908 33.713879 33.713866 33.713861 33.713855 33.713845 33.713821 33.713762 33.713623 33.713303 33.712590 33.711039 33.707766 33.701049 33.687635 33.661550 33.612090 33.520470 33.354264 33.057989 32.536737 31.626564 30.038967 27.256068 22.348138 13.777024 0.000000 
50.000000 46.076564 42.323735 38.889887 35.883756 33.365214 31.345225 29.793616 28.651654 27.845930 27.300630 26.946414 26.725425 26.592918 26.516504 26.474091 26.451417 26.439734 26.433927 26.431141 26.429850 26.429271 26.429020 26.428915 26.428872 26.428855 26.428846 26.428839 26.428825 26.428793 26.428716 26.428533 26.428114 26.427178 26.425152 26.420888 26.412171 26.394848 26.361366 26.298376 26.182884 25.976223 25.614674 24.995041 23.952866 22.231361 19.444943 15.067667 8.565360 0.000000 
50.000000 45.014965 40.246708 35.883756 32.064271 28.864321 26.297833 24.326464 22.875581 21.851909 21.159115 20.709097 20.428344 20.260006 20.162930 20.109051 20.080248 20.065406 20.058030 20.054491 20.052851 20.052116 20.051797 20.051664 20.051609 20.051587 20.051577 20.051568 20.051553 20.051517 20.051431 20.051228 20.050763 20.049729 20.047497 20.042820 20.033306 20.014512 19.978460 19.911270 19.789551 19.575102 19.207473 18.594141 17.598953 16.032136 13.652395 10.207741 5.567786 0.000000 
50.000000 44.125548 38.506561 33.365214 28.864321 25.093520 22.069217 19.746220 18.036570 16.830343 16.014016 15.483764 15.152962 14.954619 14.840243 14.776763 14.742828 14.725343 14.716653 14.712484 14.710552 14.709686 14.709311 14.709154 14.709089 14.709064 14.709052 14.709043 14.709027 14.708992 14.708906 14.708705 14.708246 14.707228 14.705040 14.700477 14.691245 14.673133 14.638675 14.575109 14.461404 14.264224 13.932882 13.393875 12.546760 11.265368 9.412348 6.879997 3.670223 0.000000 
50.000000 43.412185 37.110872 31.345225 26.297833 22.069217 18.677769 16.072796 14.155650 12.803048 11.887677 11.293101 10.922179 10.699786 10.571544 10.500370 10.462324 10.442721 10.432979 10.428305 10.426139 10.425169 10.424748 10.424572 10.424500 10.424471 10.424458 10.424449 10.424435 10.424402 10.424324 10.424142 10.423728 10.422813 10.420855 10.416791 10.408618 10.392699 10.362671 10.307847 10.211001 10.045600 9.772775 9.338884 8.675342 7.703691 6.350184 4.574135 2.409164 0.000000 
50.000000 42.864225 36.038797 29.793616 24.326464 19.746220 16.072796 13.251274 11.174787 9.709789 8.718372 8.074415 7.672695 7.431841 7.292958 7.215880 7.174679 7.153451 7.142902 7.137841 7.135495 7.134445 7.133989 7.133798 7.133720 7.133689 7.133676 7.133667 7.133655 7.133627 7.133562 7.133409 7.133063 7.132301 7.130677 7.127325 7.120626 7.107670 7.083439 7.039641 6.963190 6.834455 6.625637 6.300021 5.813338 5.118991 4.178942 2.980808 1.557699 0.000000 
50.000000 42.460928 35.249758 28.651654 22.875581 18.036570 14.155650 11.174787 8.981063 7.433377 6.386020 5.705740 5.281369 5.026941 4.880233 4.798815 4.755295 4.732873 4.721730 4.716385 4.713908 4.712798 4.712317 4.712115 4.712033 4.712000 4.711987 4.711979 4.711969 4.711947 4.711895 4.711775 4.711505 4.710911 4.709653 4.707068 4.701934 4.692075 4.673786 4.641040 4.584510 4.490531 4.340332 4.110050 3.772346 3.300479 2.675430 1.895494 0.985488 0.000000 
50.000000 42.176372 34.693037 27.845930 21.851909 16.830343 12.803048 9.709789 7.433377 5.827376 4.740571 4.034681 3.594342 3.330345 3.178123 3.093646 3.048493 3.025229 3.013669 3.008123 3.005553 3.004402 3.003903 3.003694 3.003609 3.003575 3.003561 3.003554 3.003546 3.003529 3.003491 3.003403 3.003204 3.002769 3.001851 2.999976 2.996273 2.989209 2.976206 2.953128 2.913688 2.848868 2.746600 2.592047 2.368940 2.062358 1.663046 1.172566 0.607499 0.000000 
50.000000 41.983787 34.316253 27.300630 21.159115 16.014016 11.887677 8.718372 6.386020 4.740571 3.627086 2.903876 2.452740 2.182274 2.026324 1.939781 1.893523 1.869691 1.857849 1.852168 1.849535 1.848356 1.847845 1.847631 1.847544 1.847509 1.847495 1.847489 1.847482 1.847471 1.847444 1.847382 1.847244 1.846943 1.846310 1.845023 1.842497 1.837707 1.828954 1.813543 1.787443 1.744979 1.678731 1.579830 1.438907 1.247845 1.002255 0.704163 0.363913 0.000000 
50.000000 41.858684 34.071498 26.946414 20.709097 15.483764 11.293101 8.074415 5.705740 4.034681 2.903876 2.169425 1.711282 1.436619 1.278252 1.190367 1.143394 1.119194 1.107168 1.101400 1.098727 1.097529 1.097010 1.096793 1.096704 1.096669 1.096656 1.096649 1.096645 1.096637 1.096619 1.096578 1.096487 1.096289 1.095875 1.095037 1.093400 1.090314 1.084713 1.074922 1.058475 1.031954 0.990976 0.930430 0.845088 0.730637 0.585047 0.409948 0.211472 0.000000 
50.000000 41.780633 33.918798 26.725425 20.428344 15.152962 10.922179 7.672695 5.281369 3.594342 2.452740 1.711282 1.248772 0.971494 0.811620 0.722901 0.675482 0.651052 0.638913 0.633090 0.630391 0.629183 0.628659 0.628439 0.628350 0.628315 0.628301 0.628295 0.628292 0.628286 0.628275 0.628249 0.628192 0.628068 0.627810 0.627291 0.626280 0.624386 0.620968 0.615032 0.605133 0.589294 0.565025 0.529481 0.479829 0.413832 0.330577 0.231164 0.119080 0.000000 
50.000000 41.733832 33.827237 26.592918 20.260006 14.954619 10.699786 7.431841 5.026941 3.330345 2.182274 1.436619 0.971494 0.692650 0.531874 0.442655 0.394969 0.370403 0.358195 0.352339 0.349626 0.348411 0.347884 0.347663 0.347573 0.347538 0.347524 0.347519 0.347516 0.347512 0.347505 0.347490 0.347456 0.347382 0.347228 0.346921 0.346325 0.345214 0.343220 0.339777 0.334072 0.325006 0.311216 0.291168 0.263374 0.226700 0.180747 0.126189 0.064934 0.000000 
50.000000 41.706842 33.774434 26.516504 20.162930 14.840243 10.571544 7.292958 4.880233 3.178123 2.026324 1.278252 0.811620 0.531874 0.370580 0.281073 0.233233 0.208588 0.196341 0.190466 0.187744 0.186525 0.185997 0.185775 0.185685 0.185650 0.185636 0.185631 0.185628 0.185626 0.185622 0.185613 0.185593 0.185551 0.185464 0.185290 0.184954 0.184330 0.183215 0.181301 0.178147 0.173165 0.165633 0.154754 0.139766 0.120110 0.095616 0.066668 0.034277 0.000000 
50.000000 41.691861 33.745127 26.474091 20.109051 14.776763 10.500370 7.215880 4.798815 3.093646 1.939781 1.190367 0.722901 0.442655 0.281073 0.191407 0.143482 0.118793 0.106524 0.100640 0.097913 0.096691 0.096162 0.095940 0.095850 0.095815 0.095801 0.095796 0.095794 0.095792 0.095790 0.095785 0.095774 0.095751 0.095703 0.095609 0.095427 0.095091 0.094493 0.093471 0.091795 0.089162 0.085203 0.079515 0.071722 0.061553 0.048939 0.034088 0.017514 0.000000 
50.000000 41.683852 33.729458 26.451417 20.080248 14.742828 10.462324 7.174679 4.755295 3.048493 1.893523 1.143394 0.675482 0.394969 0.233233 0.143482 0.095512 0.070800 0.058520 0.052629 0.049900 0.048677 0.048148 0.047925 0.047835 0.047800 0.047786 0.047781 0.047779 0.047778 0.047776 0.047774 0.047768 0.047756 0.047731 0.047682 0.047587 0.047413 0.047105 0.046580 0.045723 0.044383 0.042378 0.039511 0.035600 0.030518 0.024239 0.016869 0.008662 0.000000 
50.000000 41.679725 33.721385 26.439734 20.065406 14.725343 10.442721 7.153451 4.732873 3.025229 1.869691 1.119194 0.651052 0.370403 0.208588 0.118793 0.070800 0.046075 0.033789 0.027896 0.025165 0.023942 0.023412 0.023190 0.023100 0.023064 0.023050 0.023045 0.023043 0.023043 0.023042 0.023040 0.023038 0.023031 0.023019 0.022994 0.022947 0.022860 0.022707 0.022448 0.022026 0.021368 0.020389 0.018993 0.017098 0.014643 0.011620 0.008081 0.004148 0.000000 
50.000000 41.677674 33.717372 26.433927 20.058030 14.716653 10.432979 7.142902 4.721730 3.013669 1.857849 1.107168 0.638913 0.358195 0.196341 0.106524 0.058520 0.033789 0.021500 0.015606 0.012874 0.011651 0.011121 0.010899 0.010808 0.010773 0.010759 0.010754 0.010752 0.010751 0.010751 0.010750 0.010749 0.010746 0.010740 0.010728 0.010705 0.010663 0.010590 0.010466 0.010266 0.009955 0.009493 0.008837 0.007948 0.006802 0.005394 0.003749 0.001923 0.000000 
50.000000 41.676690 33.715447 26.431141 20.054491 14.712484 10.428305 7.137841 4.716385 3.008123 1.852168 1.101400 0.633090 0.352339 0.190467 0.100640 0.052629 0.027896 0.015606 0.009710 0.006979 0.005755 0.005225 0.005003 0.004912 0.004877 0.004863 0.004858 0.004856 0.004856 0.004855 0.004855 0.004854 0.004853 0.004850 0.004845 0.004834 0.004815 0.004781 0.004724 0.004632 0.004490 0.004279 0.003981 0.003578 0.003060 0.002425 0.001685 0.000864 0.000000 
50.000000 41.676234 33.714554 26.429850 20.052851 14.710552 10.426139 7.135496 4.713908 3.005554 1.849536 1.098727 0.630392 0.349626 0.187745 0.097913 0.049900 0.025166 0.012875 0.006979 0.004247 0.003024 0.002494 0.002271 0.002181 0.002145 0.002132 0.002127 0.002125 0.002124 0.002124 0.002124 0.002123 0.002123 0.002121 0.002119 0.002114 0.002106 0.002091 0.002065 0.002024 0.001962 0.001869 0.001737 0.001561 0.001334 0.001057 0.000734 0.000376 0.000000 
50.000000 41.676029 33.714155 26.429272 20.052116 14.709687 10.425170 7.134446 4.712799 3.004403 1.848357 1.097530 0.629184 0.348411 0.186526 0.096692 0.048678 0.023943 0.011652 0.005756 0.003024 0.001801 0.001271 0.001048 0.000958 0.000922 0.000909 0.000904 0.000902 0.000901 0.000901 0.000901 0.000901 0.000900 0.000900 0.000899 0.000897 0.000893 0.000886 0.000876 0.000858 0.000831 0.000791 0.000736 0.000660 0.000564 0.000447 0.000310 0.000159 0.000000 
50.000000 41.675941 33.713982 26.429022 20.051799 14.709313 10.424750 7.133992 4.712320 3.003906 1.847848 1.097013 0.628662 0.347887 0.186000 0.096165 0.048150 0.023415 0.011124 0.005228 0.002496 0.001272 0.000742 0.000520 0.000430 0.000394 0.000380 0.000375 0.000373 0.000373 0.000373 0.000373 0.000372 0.000372 0.000372 0.000372 0.000371 0.000369 0.000366 0.000362 0.000355 0.000343 0.000327 0.000304 0.000273 0.000233 0.000184 0.000128 0.000065 0.000000 
50.000000 41.675905 33.713911 26.428919 20.051669 14.709159 10.424578 7.133805 4.712122 3.003701 1.847638 1.096800 0.628447 0.347671 0.185783 0.095948 0.047933 0.023198 0.010906 0.005011 0.002279 0.001055 0.000525 0.000303 0.000212 0.000177 0.000163 0.000158 0.000156 0.000155 0.000155 0.000155 0.000155 0.000155 0.000155 0.000155 0.000154 0.000154 0.000153 0.000151 0.000148 0.000143 0.000136 0.000126 0.000113 0.000097 0.000076 0.000053 0.000027 0.000000 
50.000000 41.675892 33.713886 26.428883 20.051622 14.709105 10.424517 7.133739 4.712053 3.003629 1.847564 1.096725 0.628371 0.347595 0.185707 0.095871 0.047857 0.023121 0.010830 0.004934 0.002202 0.000978 0.000448 0.000226 0.000135 0.000100 0.000086 0.000081 0.000079 0.000079 0.000079 0.000078 0.000078 0.000078 0.000078 0.000078 0.000078 0.000078 0.000077 0.000076 0.000075 0.000072 0.000069 0.000064 0.000057 0.000049 0.000039 0.000027 0.000014 0.000000 
50.000000 41.675892 33.713886 26.428883 20.051622 14.709105 10.424517 7.133739 4.712053 3.003629 1.847564 1.096725 0.628371 0.347595 0.185707 0.095871 0.047857 0.023121 0.010830 0.004934 0.002202 0.000978 0.000448 0.000226 0.000135 0.000100 0.000086 0.000081 0.000079 0.000079 0.000079 0.000078 0.000078 0.000078 0.000078 0.000078 0.000078 0.000078 0.000077 0.000076 0.000075 0.000072 0.000069 0.000064 0.000057 0.000049 0.000039 0.000027 0.000014 0.000000 
50.000000 41.675905 33.713911 26.428919 20.051669 14.709159 10.424578 7.133805 4.712122 3.003701 1.847638 1.096800 0.628447 0.347671 0.185783 0.095948 0.047933 0.023198 0.010906 0.005011 0.002279 0.001055 0.000525 0.000303 0.000212 0.000177 0.000163 0.000158 0.000156 0.000155 0.000155 0.000155 0.000155 0.000155 0.000155 0.000155 0.000154 0.000154 0.000153 0.000151 0.000148 0.000143 0.000136 0.000126 0.000113 0.000097 0.000076 0.000053 0.000027 0.000000 
50.000000 41.675941 33.713982 26.429022 20.051799 14.709313 10.424750 7.133992 4.712320 3.003906 1.847848 1.097013 0.628662 0.347887 0.186000 0.096165 0.048150 0.023415 0.011124 0.005228 0.002496 0.001272 0.000742 0.000520 0.000430 0.000394 0.000380 0.000375 0.000373 0.000373 0.000373 0.000373 0.000372 0.000372 0.000372 0.000372 0.000371 0.000369 0.000366 0.000362 0.000355 0.000343 0.000327 0.000304 0.000273 0.000233 0.000184 0.000128 0.000065 0.000000 
50.000000 41.676029 33.714155 26.429272 20.052116 14.709687 10.425170 7.134446 4.712799 3.004403 1.848357 1.097530 0.629184 0.348411 0.186526 0.096692 0.048678 0.023943 0.011652 0.005756 0.003024 0.001801 0.001271 0.001048 0.000958 0.000922 0.000909 0.000904 0.000902 0.000901 0.000901 0.000901 0.000901 0.000900 0.000900 0.000899 0.000897 0.000893 0.000886 0.000876 0.000858 0.000831 0.000791 0.000736 0.000660 0.000564 0.000447 0.000310 0.000159 0.000000 
50.000000 41.676234 33.714554 26.429850 20.052851 14.710552 10.426139 7.135496 4.713908 3.005554 1.849536 1.098727 0.630392 0.349626 0.187745 0.097913 0.049900 0.025166 0.012875 0.006979 0.004247 0.003024 0.002494 0.002271 0.002181 0.002145 0.002132 0.002127 0.002125 0.002124 0.002124 0.002124 0.002123 0.002123 0.002121 0.002119 0.002114 0.002106 0.002091 0.002065 0.002024 0.001962 0.001869 0.001737 0.001561 0.001334 0.001057 0.000734 0.000376 0.000000 
50.000000 41.676690 33.715447 26.431141 20.054491 14.712484 10.428305 7.137841 4.716385 3.008123 1.852168 1.101400 0.633090 0.352339 0.190467 0.100640 0.052629 0.027896 0.015606 0.009710 0.006979 0.005755 0.005225 0.005003 0.004912 0.004877 0.004863 0.004858 0.004856 0.004856 0.004855 0.004855 0.004854 0.004853 0.004850 0.004845 0.004834 0.004815 0.004781 0.004724 0.004632 0.004490 0.004279 0.003981 0.003578 0.003060 0.002425 0.001685 0.000864 0.000000 
50.000000 41.677674 33.717372 26.433927 20.058030 14.716653 10.432979 7.142902 4.721730 3.013669 1.857849 1.107168 0.638913 0.358195 0.196341 0.106524 0.058520 0.033789 0.021500 0.015606 0.012874 0.011651 0.011121 0.010899 0.010808 0.010773 0.010759 0.010754 0.010752 0.010751 0.010751 0.010750 0.010749 0.010746 0.010740 0.010728 0.010705 0.010663 0.010590 0.010466 0.010266 0.009955 0.009493 0.008837 0.007948 0.006802 0.005394 0.003749 0.001923 0.000000 
50.000000 41.679725 33.721385 26.439734 20.065406 14.725343 10.442721 7.153451 4.732873 3.025229 1.869691 1.119194 0.651052 0.370403 0.208588 0.118793 0.070800 0.046075 0.033789 0.027896 0.025165 0.023942 0.023412 0.023190 0.023100 0.023064 0.023050 0.023045 0.023043 0.023043 0.023042 0.023040 0.023038 0.023031 0.023019 0.022994 0.022947 0.022860 0.022707 0.022448 0.022026 0.021368 0.020389 0.018993 0.017098 0.014643 0.011620 0.008081 0.004148 0.000000 
50.000000 41.683852 33.729458 26.451417 20.080248 14.742828 10.462324 7.174679 4.755295 3.048493 1.893523 1.143394 0.675482 0.394969 0.233233 0.143482 0.095512 0.070800 0.058520 0.052629 0.049900 0.048677 0.048148 0.047925 0.047835 0.047800 0.047786 0.047781 0.047779 0.047778 0.047776 0.047774 0.047768 0.047756 0.047731 0.047682 0.047587 0.047413 0.047105 0.046580 0.045723 0.044383 0.042378 0.039511 0.035600 0.030518 0.024239 0.016869 0.008662 0.000000 
50.000000 41.691861 33.745127 26.474091 20.109051 14.776763 10.500370 7.215880 4.798815 3.093646 1.939781 1.190367 0.722901 0.442655 0.281073 0.191407 0.143482 0.118793 0.106524 0.100640 0.097913 0.096691 0.096162 0.095940 0.095850 0.095815 0.095801 0.095796 0.095794 0.095792 0.095790 0.095785 0.095774 0.095751 0.095703 0.095609 0.095427 0.095091 0.094493 0.093471 0.091795 0.089162 0.085203 0.079515 0.071722 0.061553 0.048939 0.034088 0.017514 0.000000 
50.000000 41.706842 33.774434 26.516504 20.162930 14.840243 10.571544 7.292958 4.880233 3.178123 2.026324 1.278252 0.811620 0.531874 0.370580 0.281073 0.233233 0.208588 0.196341 0.190466 0.187744 0.186525 0.185997 0.185775 0.185685 0.185650 0.185636 0.185631 0.185628 0.185626 0.185622 0.185613 0.185593 0.185551 0.185464 0.185290 0.184954 0.184330 0.183215 0.181301 0.178147 0.173165 0.165633 0.154754 0.139766 0.120110 0.095616 0.066668 0.034277 0.000000 
50.000000 41.733832 33.827237 26.592918 20.260006 14.954619 10.699786 7.431841 5.026941 3.330345 2.182274 1.436619 0.971494 0.692650 0.531874 0.442655 0.394969 0.370403 0.358195 0.352339 0.349626 0.348411 0.347884 0.347663 0.347573 0.347538 0.347524 0.347519 0.347516 0.347512 0.347505 0.347490 0.347456 0.347382 0.347228 0.346921 0.346325 0.345214 0.343220 0.339777 0.334072 0.325006 0.311216 0.291168 0.263374 0.226700 0.180747 0.126189 0.064934 0.000000 
50.000000 41.780633 33.918798 26.725425 20.428344 15.152962 10.922179 7.672695 5.281369 3.594342 2.452740 1.711282 1.248772 0.971494 0.811620 0.722901 0.675482 0.651052 0.638913 0.633090 0.630391 0.629183 0.628659 0.628439 0.628350 0.628315 0.628301 0.628295 0.628292 0.628286 0.628275 0.628249 0.628192 0.628068 0.627810 0.627291 0.626280 0.624386 0.620968 0.615032 0.605133 0.589294 0.565025 0.529481 0.479829 0.413832 0.330577 0.231164 0.119080 0.000000 
50.000000 41.858684 34.071498 26.946414 20.709097 15.483764 11.293101 8.074415 5.705740 4.034681 2.903876 2.169425 1.711282 1.436619 1.278252 1.190367 1.143394 1.119194 1.107168 1.101400 1.098727 1.097529 1.097010 1.096793 1.096704 1.096669 1.096656 1.096649 1.096645 1.096637 1.096619 1.096578 1.096487 1.096289 1.095875 1.095037 1.093400 1.090314 1.084713 1.074922 1.058475 1.031954 0.990976 0.930430 0.845088 0.730637 0.585047 0.409948 0.211472 0.000000 
50.000000 41.983787 34.316253 27.300630 21.159115 16.014016 11.887677 8.718372 6.386020 4.740571 3.627086 2.903876 2.452740 2.182274 2.026324 1.939781 1.893523 1.869691 1.857849 1.852168 1.849535 1.848356 1.847845 1.847631 1.847544 1.847509 1.847495 1.847489 1.847482 1.847471 1.847444 1.847382 1.847244 1.846943 1.846310 1.845023 1.842497 1.837707 1.828954 1.813543 1.787443 1.744979 1.678731 1.579830 1.438907 1.247845 1.002255 0.704163 0.363913 0.000000 
50.000000 42.176372 34.693037 27.845930 21.851909 16.830343 12.803048 9.709789 7.433377 5.827376 4.740571 4.034681 3.594342 3.330345 3.178123 3.093646 3.048493 3.025229 3.013669 3.008123 3.005553 3.004402 3.003903 3.003694 3.003609 3.003575 3.003561 3.003554 3.003546 3.003529 3.003491 3.003403 3.003204 3.002769 3.001851 2.999976 2.996273 2.989209 2.976206 2.953128 2.913688 2.848868 2.746600 2.592047 2.368940 2.062358 1.663046 1.172566 0.607499 0.000000 
50.000000 42.460928 35.249758 28.651654 22.875581 18.036570 14.155650 11.174787 8.981063 7.433377 6.386020 5.705740 5.281369 5.026941 4.880233 4.798815 4.755295 4.732873 4.721730 4.716385 4.713908 4.712798 4.712317 4.712115 4.712033 4.712000 4.711987 4.711979 4.711969 4.711947 4.711895 4.711775 4.711505 4.710911 4.709653 4.707068 4.701934 4.692075 4.673786 4.641040 4.584510 4.490531 4.340332 4.110050 3.772346 3.300479 2.675430 1.895494 0.985488 0.000000 
50.000000 42.864225 36.038797 29.793616 24.326464 19.746220 16.072796 13.251274 11.174787 9.709789 8.718372 8.074415 7.672695 7.431841 7.292958 7.215880 7.174679 7.153451 7.142902 7.137841 7.135495 7.134445 7.133989 7.133798 7.133720 7.133689 7.133676 7.133667 7.133655 7.133627 7.133562 7.133409 7.133063 7.132301 7.130677 7.127325 7.120626 7.107670 7.083439 7.039641 6.963190 6.834455 6.625637 6.300021 5.813338 5.118991 4.178942 2.980808 1.557699 0.000000 
50.000000 43.412185 37.110872 31.345225 26.297833 22.069217 18.677769 16.072796 14.155650 12.803048 11.887677 11.293101 10.922179 10.699786 10.571544 10.500370 10.462324 10.442721 10.432979 10.428305 10.426139 10.425169 10.424748 10.424572 10.424500 10.424471 10.424458 10.424449 10.424435 10.424402 10.424324 10.424142 10.423728 10.422813 10.420855 10.416791 10.408618 10.392699 10.362671 10.307847 10.211001 10.045600 9.772775 9.338884 8.675342 7.703691 6.350184 4.574135 2.409164 0.000000 
50.000000 44.125548 38.506561 33.365214 28.864321 25.093520 22.069217 19.746220 18.036570 16.830343 16.014016 15.483764 15.152962 14.954619 14.840243 14.776763 14.742828 14.725343 14.716653 14.712484 14.710552 14.709686 14.709311 14.709154 14.709089 14.709064 14.709052 14.709043 14.709027 14.708992 14.708906 14.708705 14.708246 14.707228 14.705040 14.700477 14.691245 14.673133 14.638675 14.575109 14.461404 14.264224 13.932882 13.393875 12.546760 11.265368 9.412348 6.879997 3.670223 0.000000 
50.000000 45.014965 40.246708 35.883756 32.064271 28.864321 26.297833 24.326464 22.875581 21.851909 21.159115 20.709097 20.428344 20.260006 20.162930 20.109051 20.080248 20.065406 20.058030 20.054491 20.052851 20.052116 20.051797 20.051664 20.051609 20.051587 20.051577 20.051568 20.051553 20.051517 20.051431 20.051228 20.050763 20.049729 20.047497 20.042820 20.033306 20.014512 19.978460 19.911270 19.789551 19.575102 19.207473 18.594141 17.598953 16.032136 13.652395 10.207741 5.567786 0.000000 
50.000000 46.076564 42.323735 38.889887 35.883756 33.365214 31.345225 29.793616 28.651654 27.845930 27.300630 26.946414 26.725425 26.592918 26.516504 26.474091 26.451417 26.439734 26.433927 26.431141 26.429850 26.429271 26.429020 26.428915 26.428872 26.428855 26.428846 26.428839 26.428825 26.428793 26.428716 26.428533 26.428114 26.427178 26.425152 26.420888 26.412171 26.394848 26.361366 26.298376 26.182884 25.976223 25.614674 24.995041 23.952866 22.231361 19.444943 15.067667 8.565360 0.000000 
50.000000 47.289201 44.696275 42.323735 40.246708 38.506561 37.110872 36.038797 35.249758 34.693037 34.316253 34.071498 33.918798 33.827237 33.774434 33.745127 33.729458 33.721385 33.717372 33.715447 33.714554 33.714154 33.713981 33.713908 33.713879 33.713866 33.713861 33.713855 33.713845 33.713821 33.713762 33.713623 33.713303 33.712590 33.711039 33.707766 33.701049 33.687635 33.661550 33.612090 33.520470 33.354264 33.057989 32.536737 31.626564 30.038967 27.256068 22.348138 13.777024 0.000000 
50.000000 48.614478 47.289201 46.076564 45.014965 44.125548 43.412185 42.864225 42.460928 42.176372 41.983787 41.858684 41.780633 41.733832 41.706842 41.691861 41.683852 41.679725 41.677674 41.676690 41.676233 41.676029 41.675940 41.675903 41.675888 41.675882 41.675879 41.675876 41.675870 41.675857 41.675826 41.675750 41.675577 41.675190 41.674347 41.672565 41.668898 41.661553 41.647212 41.619874 41.568873 41.475440 41.306526 41.003022 40.455325 39.447180 37.511205 33.512177 24.307239 0.000000 
50.000000 50.000000 50.000000 50.000000 50.000000 50.000000 50.000000 50.000000 50.000000 50.000000 50.000000 50.000000 50.000000 50.000000 50.000000 50.000000 50.000000 50.000000 50.000000 50.000000 50.000000 50.000000 50.000000 50.000000 50.000000 50.000000 50.000000 50.000000 50.000000 50.000000 50.000000 50.000000 50.000000 50.000000 50.000000 50.000000 50.000000 50.000000 50.000000 50.000000 50.000000 50.000000 50.000000 50.000000 50.000000 50.000000 50.000000 50.000000 50.000000 50.000000 
