50.000000 50.000000 50.000000 50.000000 50.000000 50.000000 50.000000 50.000000 50.000000 50.000000 50.000000 50.000000 50.000000 50.000000 50.000000 50.000000 50.000000 50.000000 50.000000 50.000000 50.000000 50.000000 50.000000 50.000000 50.000000 50.000000 50.000000 50.000000 50.000000 50.000000 50.000000 50.000000 50.000000 50.000000 50.000000 50.000000 50.000000 50.000000 50.000000 50.000000 50.000000 50.000000 50.000000 50.000000 50.000000 50.000000 50.000000 50.000000 50.000000 50.000000 
50.000000 47.788984 45.731261 43.948306 42.508941 41.425173 40.663072 40.161800 39.852869 39.674149 39.576911 39.527059 39.502929 39.491881 39.487087 39.485112 39.484338 39.484050 39.483947 39.483912 39.483900 39.483897 39.483896 39.483895 39.483895 39.483895 39.483895 39.483895 39.483895 39.483895 39.483894 39.483893 39.483886 39.483867 39.483810 39.483648 39.483201 39.482024 39.479043 39.471790 39.454805 39.416458 39.332661 39.154402 38.781854 38.006070 36.362048 32.709954 23.894492 0.000000 
50.000000 45.731261 41.758494 38.316235 35.537358 33.445036 31.973748 31.006029 30.409642 30.064634 29.876928 29.780698 29.734120 29.712795 29.703542 29.699731 29.698237 29.697680 29.697481 29.697414 29.697392 29.697385 29.697383 29.697382 29.697382 29.697382 29.697382 29.697382 29.697382 29.697381 29.697380 29.697377 29.697366 29.697332 29.697233 29.696947 29.696166 29.694114 29.688939 29.676415 29.647310 29.582269 29.442214 29.150698 28.561634 27.399854 25.151790 20.879247 13.021308 0.000000 
50.000000 43.948306 38.316235 33.436303 29.496881 26.530804 24.445160 23.073399 22.228038 21.739018 21.472972 21.336585 21.270575 21.240354 21.227242 21.221841 21.219725 21.218935 21.218653 21.218558 21.218526 21.218517 21.218514 21.218513 21.218513 21.218513 21.218513 21.218513 21.218513 21.218512 21.218511 21.218507 21.218494 21.218453 21.218332 21.217987 21.217048 21.214590 21.208433 21.193650 21.159650 21.084717 20.926369 20.605277 19.980037 18.811026 16.718152 13.164445 7.586258 0.000000 
50.000000 42.508941 35.537358 29.496881 24.620683 20.949383 18.367934 16.670137 15.623898 15.018704 14.689472 14.520702 14.439024 14.401632 14.385410 14.378728 14.376110 14.375133 14.374785 14.374667 14.374628 14.374616 14.374612 14.374611 14.374611 14.374611 14.374611 14.374611 14.374611 14.374610 14.374609 14.374605 14.374592 14.374551 14.374431 14.374090 14.373165 14.370761 14.364781 14.350557 14.318226 14.248043 14.102637 13.815367 13.275022 12.310341 10.685854 8.137504 4.502871 0.000000 
50.000000 41.425173 33.445036 26.530804 20.949383 16.747239 13.792630 11.849487 10.652113 9.959530 9.582777 9.389660 9.296204 9.253423 9.234864 9.227220 9.224226 9.223108 9.222710 9.222575 9.222531 9.222517 9.222513 9.222512 9.222511 9.222511 9.222511 9.222511 9.222511 9.222511 9.222510 9.222506 9.222495 9.222460 9.222356 9.222064 9.221276 9.219239 9.214214 9.202376 9.175792 9.118947 9.003380 8.780454 8.373619 7.674361 6.550767 4.883401 2.643319 0.000000 
50.000000 40.663072 31.973748 24.445160 18.367934 13.792630 10.575751 8.460205 7.156651 6.402689 5.992569 5.782360 5.680639 5.634077 5.613880 5.605561 5.602303 5.601087 5.600655 5.600507 5.600459 5.600444 5.600440 5.600439 5.600438 5.600438 5.600438 5.600438 5.600438 5.600438 5.600437 5.600434 5.600425 5.600398 5.600319 5.600096 5.599497 5.597962 5.594202 5.585429 5.565954 5.524896 5.442849 5.287876 5.012176 4.552567 3.839882 2.823050 1.508669 0.000000 
50.000000 40.161800 31.006029 23.073399 16.670137 11.849487 8.460205 6.231355 4.858038 4.063759 3.631729 3.410301 3.303156 3.254114 3.232842 3.224082 3.220651 3.219371 3.218915 3.218760 3.218709 3.218694 3.218689 3.218687 3.218687 3.218687 3.218687 3.218687 3.218687 3.218687 3.218686 3.218684 3.218678 3.218659 3.218604 3.218450 3.218039 3.216990 3.214442 3.208550 3.195612 3.168680 3.115677 3.017356 2.846108 2.567500 2.147030 1.563815 0.829139 0.000000 
50.000000 39.852869 30.409642 22.228038 15.623898 10.652113 7.156651 4.858038 3.441779 2.622692 2.177185 1.948858 1.838380 1.787815 1.765883 1.756852 1.753315 1.751995 1.751525 1.751365 1.751313 1.751297 1.751292 1.751291 1.751290 1.751290 1.751290 1.751290 1.751290 1.751290 1.751290 1.751288 1.751284 1.751272 1.751237 1.751140 1.750881 1.750225 1.748643 1.745015 1.737126 1.720890 1.689358 1.631756 1.533166 1.375855 1.143321 0.827373 0.436411 0.000000 
50.000000 39.674149 30.064634 21.739018 15.018704 9.959530 6.402689 4.063759 2.622692 1.789278 1.335991 1.103684 0.991283 0.939840 0.917528 0.908340 0.904742 0.903399 0.902921 0.902759 0.902706 0.902689 0.902684 0.902683 0.902682 0.902682 0.902682 0.902682 0.902682 0.902682 0.902682 0.902681 0.902679 0.902672 0.902651 0.902594 0.902444 0.902065 0.901158 0.899092 0.894639 0.885566 0.868147 0.836734 0.783737 0.700478 0.579368 0.417324 0.219343 0.000000 
50.000000 39.576911 29.876928 21.472972 14.689472 9.582777 5.992569 3.631729 2.177185 1.335991 0.878481 0.644013 0.530570 0.478651 0.456133 0.446860 0.443229 0.441874 0.441392 0.441228 0.441175 0.441158 0.441153 0.441151 0.441151 0.441151 0.441151 0.441151 0.441151 0.441151 0.441151 0.441150 0.441149 0.441145 0.441134 0.441103 0.441022 0.440819 0.440335 0.439240 0.436899 0.432170 0.423179 0.407141 0.380401 0.338915 0.279322 0.200513 0.105122 0.000000 
50.000000 39.527059 29.780698 21.336585 14.520702 9.389660 5.782360 3.410301 1.948858 1.103684 0.644013 0.408442 0.294466 0.242304 0.219681 0.210365 0.206717 0.205356 0.204872 0.204707 0.204653 0.204636 0.204631 0.204630 0.204630 0.204629 0.204629 0.204629 0.204629 0.204629 0.204629 0.204629 0.204628 0.204626 0.204621 0.204605 0.204564 0.204463 0.204221 0.203679 0.202526 0.200215 0.195859 0.188159 0.175446 0.155921 0.128153 0.091759 0.048016 0.000000 
50.000000 39.502929 29.734120 21.270575 14.439024 9.296204 5.680639 3.303156 1.838380 0.991283 0.530570 0.294466 0.180233 0.127954 0.105280 0.095944 0.092288 0.090924 0.090438 0.090273 0.090219 0.090202 0.090197 0.090196 0.090195 0.090195 0.090195 0.090195 0.090195 0.090195 0.090195 0.090195 0.090195 0.090194 0.090191 0.090184 0.090164 0.090116 0.090003 0.089751 0.089217 0.088155 0.086166 0.082677 0.076964 0.068263 0.055985 0.040006 0.020905 0.000000 
50.000000 39.491881 29.712795 21.240354 14.401632 9.253423 5.634077 3.254114 1.787815 0.939840 0.478651 0.242304 0.127954 0.075621 0.052924 0.043579 0.039919 0.038553 0.038067 0.037902 0.037848 0.037831 0.037826 0.037825 0.037824 0.037824 0.037824 0.037824 0.037824 0.037824 0.037824 0.037824 0.037824 0.037824 0.037823 0.037819 0.037811 0.037789 0.037740 0.037629 0.037396 0.036934 0.036076 0.034580 0.032147 0.028466 0.023306 0.016629 0.008680 0.000000 
50.000000 39.487087 29.703542 21.227242 14.385410 9.234864 5.613880 3.232842 1.765883 0.917528 0.456133 0.219681 0.105280 0.052924 0.030218 0.020868 0.017206 0.015840 0.015354 0.015189 0.015135 0.015118 0.015113 0.015112 0.015111 0.015111 0.015111 0.015111 0.015111 0.015111 0.015111 0.015111 0.015111 0.015111 0.015110 0.015109 0.015105 0.015096 0.015076 0.015030 0.014933 0.014743 0.014392 0.013784 0.012800 0.011319 0.009255 0.006595 0.003439 0.000000 
50.000000 39.485112 29.699731 21.221841 14.378728 9.227220 5.605561 3.224082 1.756852 0.908340 0.446860 0.210365 0.095944 0.043579 0.020868 0.011516 0.007854 0.006488 0.006002 0.005836 0.005782 0.005766 0.005761 0.005759 0.005759 0.005759 0.005759 0.005759 0.005759 0.005759 0.005759 0.005759 0.005759 0.005758 0.005758 0.005758 0.005756 0.005753 0.005745 0.005726 0.005689 0.005615 0.005478 0.005243 0.004864 0.004297 0.003509 0.002498 0.001302 0.000000 
50.000000 39.484338 29.698237 21.219725 14.376110 9.224226 5.602303 3.220651 1.753315 0.904742 0.443229 0.206717 0.092288 0.039919 0.017206 0.007854 0.004192 0.002826 0.002339 0.002174 0.002120 0.002103 0.002098 0.002097 0.002096 0.002096 0.002096 0.002096 0.002096 0.002096 0.002096 0.002096 0.002096 0.002096 0.002096 0.002096 0.002095 0.002094 0.002091 0.002084 0.002070 0.002042 0.001992 0.001905 0.001766 0.001559 0.001272 0.000905 0.000471 0.000000 
50.000000 39.484050 29.697680 21.218935 14.375133 9.223108 5.601087 3.219371 1.751995 0.903399 0.441874 0.205356 0.090924 0.038553 0.015840 0.006488 0.002826 0.001459 0.000973 0.000807 0.000754 0.000737 0.000732 0.000730 0.000730 0.000730 0.000730 0.000730 0.000730 0.000730 0.000730 0.000730 0.000730 0.000730 0.000730 0.000730 0.000729 0.000729 0.000728 0.000725 0.000720 0.000711 0.000693 0.000662 0.000614 0.000541 0.000441 0.000314 0.000163 0.000000 
50.000000 39.483947 29.697481 21.218653 14.374785 9.222710 5.600655 3.218915 1.751525 0.902921 0.441392 0.204872 0.090438 0.038067 0.015354 0.006002 0.002339 0.000973 0.000486 0.000321 0.000267 0.000250 0.000245 0.000244 0.000243 0.000243 0.000243 0.000243 0.000243 0.000243 0.000243 0.000243 0.000243 0.000243 0.000243 0.000243 0.000243 0.000243 0.000243 0.000242 0.000240 0.000237 0.000231 0.000221 0.000204 0.000180 0.000147 0.000104 0.000054 0.000000 
50.000000 39.483912 29.697414 21.218558 14.374667 9.222575 5.600507 3.218760 1.751365 0.902759 0.441228 0.204707 0.090273 0.037902 0.015189 0.005836 0.002174 0.000807 0.000321 0.000155 0.000102 0.000085 0.000080 0.000078 0.000078 0.000078 0.000078 0.000078 0.000078 0.000078 0.000078 0.000078 0.000078 0.000078 0.000078 0.000078 0.000078 0.000078 0.000078 0.000077 0.000077 0.000076 0.000074 0.000070 0.000065 0.000057 0.000047 0.000033 0.000017 0.000000 
50.000000 39.483900 29.697392 21.218526 14.374628 9.222531 5.600459 3.218709 1.751313 0.902706 0.441175 0.204653 0.090219 0.037848 0.015135 0.005782 0.002120 0.000754 0.000267 0.000102 0.000048 0.000031 0.000026 0.000024 0.000024 0.000024 0.000024 0.000024 0.000024 0.000024 0.000024 0.000024 0.000024 0.000024 0.000024 0.000024 0.000024 0.000024 0.000024 0.000024 0.000024 0.000023 0.000023 0.000022 0.000020 0.000018 0.000014 0.000010 0.000005 0.000000 
50.000000 39.483897 29.697385 21.218517 14.374616 9.222517 5.600444 3.218694 1.751297 0.902689 0.441158 0.204636 0.090202 0.037831 0.015118 0.005766 0.002103 0.000737 0.000250 0.000085 0.000031 0.000014 0.000009 0.000008 0.000007 0.000007 0.000007 0.000007 0.000007 0.000007 0.000007 0.000007 0.000007 0.000007 0.000007 0.000007 0.000007 0.000007 0.000007 0.000007 0.000007 0.000007 0.000007 0.000006 0.000006 0.000005 0.000004 0.000003 0.000002 0.000000 
50.000000 39.483896 29.697383 21.218514 14.374612 9.222513 5.600440 3.218689 1.751292 0.902684 0.441153 0.204631 0.090197 0.037826 0.015113 0.005761 0.002098 0.000732 0.000245 0.000080 0.000026 0.000009 0.000004 0.000003 0.000002 0.000002 0.000002 0.000002 0.000002 0.000002 0.000002 0.000002 0.000002 0.000002 0.000002 0.000002 0.000002 0.000002 0.000002 0.000002 0.000002 0.000002 0.000002 0.000002 0.000002 0.000001 0.000001 0.000001 0.000000 0.000000 
50.000000 39.483895 29.697382 21.218513 14.374611 9.222512 5.600439 3.218687 1.751291 0.902683 0.441151 0.204630 0.090196 0.037825 0.015112 0.005759 0.002097 0.000730 0.000244 0.000078 0.000024 0.000008 0.000003 0.000001 0.000001 0.000001 0.000001 0.000001 0.000001 0.000001 0.000001 0.000001 0.000001 0.000001 0.000001 0.000001 0.000001 0.000001 0.000001 0.000001 0.000001 0.000001 0.000001 0.000001 0.000000 0.000000 0.000000 0.000000 0.000000 0.000000 
50.000000 39.483895 29.697382 21.218513 14.374611 9.222511 5.600438 3.218687 1.751290 0.902682 0.441151 0.204630 0.090195 0.037825 0.015111 0.005759 0.002096 0.000730 0.000243 0.000078 0.000024 0.000007 0.000002 0.000001 0.000000 0.000000 0.000000 0.000000 0.000000 0.000000 0.000000 0.000000 0.000000 0.000000 0.000000 0.000000 0.000000 0.000000 0.000000 0.000000 0.000000 0.000000 0.000000 0.000000 0.000000 0.000000 0.000000 0.000000 0.000000 0.000000 
50.000000 39.483895 29.697382 21.218513 14.374611 9.222511 5.600438 3.218687 1.751290 0.902682 0.441151 0.204630 0.090195 0.037825 0.015111 0.005759 0.002096 0.000730 0.000243 0.000078 0.000024 0.000007 0.000002 0.000001 0.000000 0.000000 0.000000 0.000000 0.000000 0.000000 0.000000 0.000000 0.000000 0.000000 0.000000 0.000000 0.000000 0.000000 0.000000 0.000000 0.000000 0.000000 0.000000 0.000000 0.000000 0.000000 0.000000 0.000000 0.000000 0.000000 
50.000000 39.483895 29.697382 21.218513 14.374611 9.222512 5.600439 3.218687 1.751291 0.902683 0.441151 0.204630 0.090196 0.037825 0.015112 0.005759 0.002097 0.000730 0.000244 0.000078 0.000024 0.000008 0.000003 0.000001 0.000001 0.000001 0.000001 0.000001 0.000001 0.000001 0.000001 0.000001 0.000001 0.000001 0.000001 0.000001 0.000001 0.000001 0.000001 0.000001 0.000001 0.000001 0.000001 0.000001 0.000000 0.000000 0.000000 0.000000 0.000000 0.000000 
50.000000 39.483896 29.697383 21.218514 14.374612 9.222513 5.600440 3.218689 1.751292 0.902684 0.441153 0.204631 0.090197 0.037826 0.015113 0.005761 0.002098 0.000732 0.000245 0.000080 0.000026 0.000009 0.000004 0.000003 0.000002 0.000002 0.000002 0.000002 0.000002 0.000002 0.000002 0.000002 0.000002 0.000002 0.000002 0.000002 0.000002 0.000002 0.000002 0.000002 0.000002 0.000002 0.000002 0.000002 0.000002 0.000001 0.000001 0.000001 0.000000 0.000000 
50.000000 39.483897 29.697385 21.218517 14.374616 9.222517 5.600444 3.218694 1.751297 0.902689 0.441158 0.204636 0.090202 0.037831 0.015118 0.005766 0.002103 0.000737 0.000250 0.000085 0.000031 0.000014 0.000009 0.000008 0.000007 0.000007 0.000007 0.000007 0.000007 0.000007 0.000007 0.000007 0.000007 0.000007 0.000007 0.000007 0.000007 0.000007 0.000007 0.000007 0.000007 0.000007 0.000007 0.000006 0.000006 0.000005 0.000004 0.000003 0.000002 0.000000 
50.000000 39.483900 29.697392 21.218526 14.374628 9.222531 5.600459 3.218709 1.751313 0.902706 0.441175 0.204653 0.090219 0.037848 0.015135 0.005782 0.002120 0.000754 0.000267 0.000102 0.000048 0.000031 0.000026 0.000024 0.000024 0.000024 0.000024 0.000024 0.000024 0.000024 0.000024 0.000024 0.000024 0.000024 0.000024 0.000024 0.000024 0.000024 0.000024 0.000024 0.000024 0.000023 0.000023 0.000022 0.000020 0.000018 0.000014 0.000010 0.000005 0.000000 
50.000000 39.483912 29.697414 21.218558 14.374667 9.222575 5.600507 3.218760 1.751365 0.902759 0.441228 0.204707 0.090273 0.037902 0.015189 0.005836 0.002174 0.000807 0.000321 0.000155 0.000102 0.000085 0.000080 0.000078 0.000078 0.000078 0.000078 0.000078 0.000078 0.000078 0.000078 0.000078 0.000078 0.000078 0.000078 0.000078 0.000078 0.000078 0.000078 0.000077 0.000077 0.000076 0.000074 0.000070 0.000065 0.000057 0.000047 0.000033 0.000017 0.000000 
50.000000 39.483947 29.697481 21.218653 14.374785 9.222710 5.600655 3.218915 1.751525 0.902921 0.441392 0.204872 0.090438 0.038067 0.015354 0.006002 0.002339 0.000973 0.000486 0.000321 0.000267 0.000250 0.000245 0.000244 0.000243 0.000243 0.000243 0.000243 0.000243 0.000243 0.000243 0.000243 0.000243 0.000243 0.000243 0.000243 0.000243 0.000243 0.000243 0.000242 0.000240 0.000237 0.000231 0.000221 0.000204 0.000180 0.000147 0.000104 0.000054 0.000000 
50.000000 39.484050 29.697680 21.218935 14.375133 9.223108 5.601087 3.219371 1.751995 0.903399 0.441874 0.205356 0.090924 0.038553 0.015840 0.006488 0.002826 0.001459 0.000973 0.000807 0.000754 0.000737 0.000732 0.000730 0.000730 0.000730 0.000730 0.000730 0.000730 0.000730 0.000730 0.000730 0.000730 0.000730 0.000730 0.000730 0.000729 0.000729 0.000728 0.000725 0.000720 0.000711 0.000693 0.000662 0.000614 0.000541 0.000441 0.000314 0.000163 0.000000 
50.000000 39.484338 29.698237 21.219725 14.376110 9.224226 5.602303 3.220651 1.753315 0.904742 0.443229 0.206717 0.092288 0.039919 0.017206 0.007854 0.004192 0.002826 0.002339 0.002174 0.002120 0.002103 0.002098 0.002097 0.002096 0.002096 0.002096 0.002096 0.002096 0.002096 0.002096 0.002096 0.002096 0.002096 0.002096 0.002096 0.002095 0.002094 0.002091 0.002084 0.002070 0.002042 0.001992 0.001905 0.001766 0.001559 0.001272 0.000905 0.000471 0.000000 
50.000000 39.485112 29.699731 21.221841 14.378728 9.227220 5.605561 3.224082 1.756852 0.908340 0.446860 0.210365 0.095944 0.043579 0.020868 0.011516 0.007854 0.006488 0.006002 0.005836 0.005782 0.005766 0.005761 0.005759 0.005759 0.005759 0.005759 0.005759 0.005759 0.005759 0.005759 0.005759 0.005759 0.005758 0.005758 0.005758 0.005756 0.005753 0.005745 0.005726 0.005689 0.005615 0.005478 0.005243 0.004864 0.004297 0.003509 0.002498 0.001302 0.000000 
50.000000 39.487087 29.703542 21.227242 14.385410 9.234864 5.613880 3.232842 1.765883 0.917528 0.456133 0.219681 0.105280 0.052924 0.030218 0.020868 0.017206 0.015840 0.015354 0.015189 0.015135 0.015118 0.015113 0.015112 0.015111 0.015111 0.015111 0.015111 0.015111 0.015111 0.015111 0.015111 0.015111 0.015111 0.015110 0.015109 0.015105 0.015096 0.015076 0.015030 0.014933 0.014743 0.014392 0.013784 0.012800 0.011319 0.009255 0.006595 0.003439 0.000000 
50.000000 39.491881 29.712795 21.240354 14.401632 9.253423 5.634077 3.254114 1.787815 0.939840 0.478651 0.242304 0.127954 0.075621 0.052924 0.043579 0.039919 0.038553 0.038067 0.037902 0.037848 0.037831 0.037826 0.037825 0.037824 0.037824 0.037824 0.037824 0.037824 0.037824 0.037824 0.037824 0.037824 0.037824 0.037823 0.037819 0.037811 0.037789 0.037740 0.037629 0.037396 0.036934 0.036076 0.034580 0.032147 0.028466 0.023306 0.016629 0.008680 0.000000 
50.000000 39.502929 29.734120 21.270575 14.439024 9.296204 5.680639 3.303156 1.838380 0.991283 0.530570 0.294466 0.180233 0.127954 0.105280 0.095944 0.092288 0.090924 0.090438 0.090273 0.090219 0.090202 0.090197 0.090196 0.090195 0.090195 0.090195 0.090195 0.090195 0.090195 0.090195 0.090195 0.090195 0.090194 0.090191 0.090184 0.090164 0.090116 0.090003 0.089751 0.089217 0.088155 0.086166 0.082677 0.076964 0.068263 0.055985 0.040006 0.020905 0.000000 
50.000000 39.527059 29.780698 21.336585 14.520702 9.389660 5.782360 3.410301 1.948858 1.103684 0.644013 0.408442 0.294466 0.242304 0.219681 0.210365 0.206717 0.205356 0.204872 0.204707 0.204653 0.204636 0.204631 0.204630 0.204630 0.204629 0.204629 0.204629 0.204629 0.204629 0.204629 0.204629 0.204628 0.204626 0.204621 0.204605 0.204564 0.204463 0.204221 0.203679 0.202526 0.200215 0.195859 0.188159 0.175446 0.155921 0.128153 0.091759 0.048016 0.000000 
50.000000 39.576911 29.876928 21.472972 14.689472 9.582777 5.992569 3.631729 2.177185 1.335991 0.878481 0.644013 0.530570 0.478651 0.456133 0.446860 0.443229 0.441874 0.441392 0.441228 0.441175 0.441158 0.441153 0.441151 0.441151 0.441151 0.441151 0.441151 0.441151 0.441151 0.441151 0.441150 0.441149 0.441145 0.441134 0.441103 0.441022 0.440819 0.440335 0.439240 0.436899 0.432170 0.423179 0.407141 0.380401 0.338915 0.279322 0.200513 0.105122 0.000000 
50.000000 39.674149 30.064634 21.739018 15.018704 9.959530 6.402689 4.063759 2.622692 1.789278 1.335991 1.103684 0.991283 0.939840 0.917528 0.908340 0.904742 0.903399 0.902921 0.902759 0.902706 0.902689 0.902684 0.902683 0.902682 0.902682 0.902682 0.902682 0.902682 0.902682 0.902682 0.902681 0.902679 0.902672 0.902651 0.902594 0.902444 0.902065 0.901158 0.899092 0.894639 0.885566 0.868147 0.836734 0.783737 0.700478 0.579368 0.417324 0.219343 0.000000 
50.000000 39.852869 30.409642 22.228038 15.623898 10.652113 7.156651 4.858038 3.441779 2.622692 2.177185 1.948858 1.838380 1.787815 1.765883 1.756852 1.753315 1.751995 1.751525 1.751365 1.751313 1.751297 1.751292 1.751291 1.751290 1.751290 1.751290 1.751290 1.751290 1.751290 1.751290 1.751288 1.751284 1.751272 1.751237 1.751140 1.750881 1.750225 1.748643 1.745015 1.737126 1.720890 1.689358 1.631756 1.533166 1.375855 1.143321 0.827373 0.436411 0.000000 
50.000000 40.161800 31.006029 23.073399 16.670137 11.849487 8.460205 6.231355 4.858038 4.063759 3.631729 3.410301 3.303156 3.254114 3.232842 3.224082 3.220651 3.219371 3.218915 3.218760 3.218709 3.218694 3.218689 3.218687 3.218687 3.218687 3.218687 3.218687 3.218687 3.218687 3.218686 3.218684 3.218678 3.218659 3.218604 3.218450 3.218039 3.216990 3.214442 3.208550 3.195612 3.168680 3.115677 3.017356 2.846108 2.567500 2.147030 1.563815 0.829139 0.000000 
50.000000 40.663072 31.973748 24.445160 18.367934 13.792630 10.575751 8.460205 7.156651 6.402689 5.992569 5.782360 5.680639 5.634077 5.613880 5.605561 5.602303 5.601087 5.600655 5.600507 5.600459 5.600444 5.600440 5.600439 5.600438 5.600438 5.600438 5.600438 5.600438 5.600438 5.600437 5.600434 5.600425 5.600398 5.600319 5.600096 5.599497 5.597962 5.594202 5.585429 5.565954 5.524896 5.442849 5.287876 5.012176 4.552567 3.839882 2.823050 1.508669 0.000000 
50.000000 41.425173 33.445036 26.530804 20.949383 16.747239 13.792630 11.849487 10.652113 9.959530 9.582777 9.389660 9.296204 9.253423 9.234864 9.227220 9.224226 9.223108 9.222710 9.222575 9.222531 9.222517 9.222513 9.222512 9.222511 9.222511 9.222511 9.222511 9.222511 9.222511 9.222510 9.222506 9.222495 9.222460 9.222356 9.222064 9.221276 9.219239 9.214214 9.202376 9.175792 9.118947 9.003380 8.780454 8.373619 7.674361 6.550767 4.883401 2.643319 0.000000 
50.000000 42.508941 35.537358 29.496881 24.620683 20.949383 18.367934 16.670137 15.623898 15.018704 14.689472 14.520702 14.439024 14.401632 14.385410 14.378728 14.376110 14.375133 14.374785 14.374667 14.374628 14.374616 14.374612 14.374611 14.374611 14.374611 14.374611 14.374611 14.374611 14.374610 14.374609 14.374605 14.374592 14.374551 14.374431 14.374090 14.373165 14.370761 14.364781 14.350557 14.318226 14.248043 14.102637 13.815367 13.275022 12.310341 10.685854 8.137504 4.502871 0.000000 
50.000000 43.948306 38.316235 33.436303 29.496881 26.530804 24.445160 23.073399 22.228038 21.739018 21.472972 21.336585 21.270575 21.240354 21.227242 21.221841 21.219725 21.218935 21.218653 21.218558 21.218526 21.218517 21.218514 21.218513 21.218513 21.218513 21.218513 21.218513 21.218513 21.218512 21.218511 21.218507 21.218494 21.218453 21.218332 21.217987 21.217048 21.214590 21.208433 21.193650 21.159650 21.084717 20.926369 20.605277 19.980037 18.811026 16.718152 13.164445 7.586258 0.000000 
50.000000 45.731261 41.758494 38.316235 35.537358 33.445036 31.973748 31.006029 30.409642 30.064634 29.876928 29.780698 29.734120 29.712795 29.703542 29.699731 29.698237 29.697680 29.697481 29.697414 29.697392 29.697385 29.697383 29.697382 29.697382 29.697382 29.697382 29.697382 29.697382 29.697381 29.697380 29.697377 29.697366 29.697332 29.697233 29.696947 29.696166 29.694114 29.688939 29.676415 29.647310 29.582269 29.442214 29.150698 28.561634 27.399854 25.151790 20.879247 13.021308 0.000000 
50.000000 47.788984 45.731261 43.948306 42.508941 41.425173 40.663072 40.161800 39.852869 39.674149 39.576911 39.527059 39.502929 39.491881 39.487087 39.485112 39.484338 39.484050 39.483947 39.483912 39.483900 39.483897 39.483896 39.483895 39.483895 39.483895 39.483895 39.483895 39.483895 39.483895 39.483894 39.483893 39.483886 39.483867 39.483810 39.483648 39.483201 39.482024 39.479043 39.471790 39.454805 39.416458 39.332661 39.154402 38.781854 38.006070 36.362048 32.709954 23.894492 0.000000 
50.000000 50.000000 50.000000 50.000000 50.000000 50.000000 50.000000 50.000000 50.000000 50.000000 50.000000 50.000000 50.000000 50.000000 50.000000 50.000000 50.000000 50.000000 50.000000 50.000000 50.000000 50.000000 50.000000 50.000000 50.000000 50.000000 50.000000 50.000000 50.000000 50.000000 50.000000 50.000000 50.000000 50.000000 50.000000 50.000000 50.000000 50.000000 50.000000 50.000000 50.000000 50.000000 50.000000 50.000000 50.000000 50.000000 50.000000 50.000000 50.000000 50.000000 
