50.000000 50.000000 50.000000 50.000000 50.000000 50.000000 50.000000 50.000000 50.000000 50.000000 50.000000 50.000000 50.000000 50.000000 50.000000 50.000000 50.000000 50.000000 50.000000 50.000000 50.000000 50.000000 50.000000 50.000000 50.000000 50.000000 50.000000 50.000000 50.000000 50.000000 50.000000 50.000000 50.000000 50.000000 50.000000 50.000000 50.000000 50.000000 50.000000 50.000000 50.000000 50.000000 50.000000 50.000000 50.000000 50.000000 50.000000 50.000000 50.000000 50.000000 
50.000000 48.248650 46.593526 45.115016 43.866172 42.868224 42.113284 41.572193 41.204423 40.967140 40.821658 40.736801 40.689658 40.664684 40.652052 40.645945 40.643119 40.641867 40.641334 40.641117 40.641032 40.640999 40.640988 40.640984 40.640982 40.640982 40.640981 40.640981 40.640981 40.640979 40.640974 40.640960 40.640922 40.640825 40.640578 40.639979 40.638569 40.635364 40.628309 40.613271 40.582153 40.519470 40.396004 40.156633 39.695256 38.797837 36.997121 33.155347 24.124325 0.000000 
50.000000 46.593526 43.374222 40.498451 38.069405 36.128375 34.660012 33.607597 32.892297 32.430796 32.147848 31.982811 31.891126 31.842554 31.817988 31.806112 31.800617 31.798181 31.797146 31.796723 31.796557 31.796494 31.796472 31.796464 31.796461 31.796460 31.796459 31.796459 31.796458 31.796455 31.796446 31.796421 31.796353 31.796176 31.795732 31.794653 31.792122 31.786384 31.773811 31.747152 31.692388 31.583174 31.371125 30.968714 30.218481 28.836031 26.303719 21.687111 13.438179 0.000000 
50.000000 45.115016 40.498451 36.374545 32.891278 30.107860 28.002270 26.493162 25.467477 24.805734 24.400025 24.163390 24.031933 23.962294 23.927073 23.910046 23.902169 23.898677 23.897192 23.896586 23.896348 23.896259 23.896226 23.896214 23.896211 23.896209 23.896209 23.896208 23.896207 23.896203 23.896191 23.896159 23.896073 23.895849 23.895287 23.893927 23.890749 23.883581 23.867968 23.835126 23.768354 23.637018 23.386767 22.924148 22.093260 20.642728 18.187273 14.194732 8.117895 0.000000 
50.000000 43.866172 38.069405 32.891278 28.517607 25.022730 22.378983 20.484206 19.196427 18.365609 17.856256 17.559179 17.394149 17.306728 17.262516 17.241143 17.231256 17.226873 17.225010 17.224249 17.223950 17.223838 17.223797 17.223782 17.223777 17.223776 17.223775 17.223775 17.223773 17.223769 17.223756 17.223722 17.223631 17.223394 17.222803 17.221378 17.218063 17.210631 17.194565 17.161084 17.093823 16.963547 16.720259 16.282304 15.523066 14.258803 12.248550 9.233373 5.068335 0.000000 
50.000000 42.868224 36.128375 30.107860 25.022730 20.959409 17.885712 15.682839 14.185701 13.219842 12.627717 12.282376 12.090542 11.988926 11.937537 11.912696 11.901204 11.896111 11.893945 11.893061 11.892714 11.892583 11.892536 11.892519 11.892513 11.892512 11.892511 11.892510 11.892509 11.892505 11.892493 11.892461 11.892376 11.892156 11.891609 11.890295 11.887257 11.880491 11.865984 11.836052 11.776665 11.663411 11.456008 11.091759 10.479705 9.499665 8.014601 5.909893 3.172968 0.000000 
50.000000 42.113284 34.660012 28.002270 22.378983 17.885712 14.486844 12.050983 10.395541 9.327585 8.672891 8.291071 8.078981 7.966640 7.909830 7.882369 7.869666 7.864036 7.861643 7.860666 7.860282 7.860138 7.860085 7.860066 7.860060 7.860058 7.860057 7.860057 7.860056 7.860052 7.860042 7.860015 7.859944 7.859759 7.859301 7.858209 7.855697 7.850140 7.838324 7.814190 7.766883 7.677992 7.518112 7.243422 6.793953 6.096679 5.078123 3.691298 1.956652 0.000000 
50.000000 41.572193 33.607597 26.493162 20.484206 15.682839 12.050983 9.448201 7.679361 6.538281 5.838781 5.430843 5.204253 5.084236 5.023546 4.994212 4.980643 4.974629 4.972073 4.971029 4.970620 4.970465 4.970409 4.970389 4.970382 4.970380 4.970379 4.970379 4.970378 4.970375 4.970368 4.970347 4.970291 4.970149 4.969799 4.968966 4.967062 4.962880 4.954059 4.936216 4.901637 4.837540 4.724100 4.532871 4.226832 3.763947 3.106394 2.236473 1.176189 0.000000 
50.000000 41.204423 32.892297 25.467477 19.196427 14.185701 10.395541 7.679361 5.833497 4.642756 3.912832 3.487164 3.250733 3.125508 3.062186 3.031581 3.017424 3.011151 3.008484 3.007395 3.006968 3.006807 3.006748 3.006728 3.006721 3.006718 3.006718 3.006717 3.006717 3.006715 3.006709 3.006694 3.006655 3.006553 3.006305 3.005717 3.004382 3.001467 2.995367 2.983138 2.959688 2.916748 2.841821 2.717550 2.522290 2.232880 1.830459 1.309123 0.684953 0.000000 
50.000000 40.967140 32.430796 24.805734 18.365609 13.219842 9.327585 6.538281 4.642756 3.420004 2.670473 2.233381 1.990611 1.862031 1.797016 1.765592 1.751058 1.744617 1.741879 1.740762 1.740323 1.740158 1.740097 1.740076 1.740069 1.740067 1.740066 1.740066 1.740065 1.740064 1.740060 1.740050 1.740024 1.739957 1.739792 1.739406 1.738532 1.736637 1.732700 1.724872 1.710002 1.683068 1.636644 1.560703 1.443177 1.271786 1.037379 0.738408 0.384987 0.000000 
50.000000 40.821658 32.147848 24.400025 17.856256 12.627717 8.672891 5.838781 3.912832 2.670473 1.908936 1.464850 1.218200 1.087568 1.021516 0.989592 0.974827 0.968284 0.965503 0.964368 0.963922 0.963754 0.963693 0.963672 0.963664 0.963662 0.963661 0.963661 0.963661 0.963660 0.963657 0.963651 0.963635 0.963593 0.963491 0.963253 0.962717 0.961561 0.959175 0.954468 0.945602 0.929694 0.902565 0.858702 0.791665 0.695172 0.564899 0.400696 0.208388 0.000000 
50.000000 40.736801 31.982811 24.163390 17.559179 12.282376 8.291071 5.430843 3.487164 2.233381 1.464850 1.016691 0.767782 0.635956 0.569301 0.537087 0.522187 0.515585 0.512778 0.511633 0.511184 0.511014 0.510952 0.510931 0.510923 0.510921 0.510920 0.510920 0.510920 0.510919 0.510918 0.510914 0.510904 0.510880 0.510821 0.510682 0.510372 0.509708 0.508345 0.505674 0.500681 0.491797 0.476783 0.452747 0.416392 0.364614 0.295422 0.209000 0.108492 0.000000 
50.000000 40.689658 31.891126 24.031933 17.394149 12.090542 8.078981 5.204253 3.250733 1.990611 1.218200 0.767782 0.517621 0.385134 0.318145 0.285769 0.270795 0.264160 0.261339 0.260188 0.259737 0.259566 0.259504 0.259482 0.259475 0.259473 0.259472 0.259472 0.259471 0.259471 0.259470 0.259468 0.259463 0.259449 0.259417 0.259341 0.259172 0.258811 0.258074 0.256639 0.253973 0.249266 0.241373 0.228841 0.210050 0.183518 0.148352 0.104741 0.054295 0.000000 
50.000000 40.664684 31.842554 23.962294 17.306728 11.988926 7.966640 5.084236 3.125508 1.862031 1.087568 0.635956 0.385134 0.252296 0.185131 0.152670 0.137657 0.131004 0.128176 0.127022 0.126570 0.126399 0.126336 0.126315 0.126307 0.126305 0.126304 0.126304 0.126304 0.126304 0.126303 0.126302 0.126299 0.126292 0.126275 0.126236 0.126148 0.125962 0.125584 0.124851 0.123499 0.121126 0.117174 0.110944 0.101669 0.088665 0.071544 0.050433 0.026114 0.000000 
50.000000 40.652052 31.817988 23.927073 17.262516 11.937537 7.909830 5.023546 3.062186 1.797016 1.021516 0.569301 0.318145 0.185131 0.117876 0.085373 0.070340 0.063678 0.060847 0.059691 0.059238 0.059067 0.059005 0.058983 0.058975 0.058973 0.058972 0.058972 0.058972 0.058972 0.058972 0.058971 0.058970 0.058966 0.058958 0.058938 0.058895 0.058804 0.058619 0.058263 0.057610 0.056469 0.054580 0.051621 0.047242 0.041138 0.033146 0.023335 0.012073 0.000000 
50.000000 40.645945 31.806112 23.910046 17.241143 11.912696 7.882369 4.994212 3.031581 1.765592 0.989592 0.537087 0.285769 0.152670 0.085373 0.052848 0.037806 0.031140 0.028307 0.027151 0.026697 0.026526 0.026464 0.026442 0.026434 0.026432 0.026431 0.026431 0.026431 0.026431 0.026431 0.026431 0.026430 0.026428 0.026424 0.026415 0.026395 0.026352 0.026266 0.026101 0.025800 0.025276 0.024413 0.023067 0.021087 0.018340 0.014759 0.010380 0.005367 0.000000 
50.000000 40.643119 31.800617 23.902169 17.231256 11.901204 7.869666 4.980643 3.017424 1.751058 0.974827 0.522187 0.270795 0.137657 0.070340 0.037806 0.022759 0.016091 0.013257 0.012101 0.011647 0.011476 0.011413 0.011392 0.011384 0.011382 0.011381 0.011381 0.011381 0.011381 0.011381 0.011381 0.011380 0.011379 0.011378 0.011374 0.011365 0.011345 0.011307 0.011234 0.011101 0.010871 0.010493 0.009907 0.009048 0.007861 0.006320 0.004441 0.002295 0.000000 
50.000000 40.641867 31.798181 23.898677 17.226873 11.896111 7.864036 4.974629 3.011151 1.744617 0.968284 0.515585 0.264160 0.131004 0.063678 0.031140 0.016091 0.009423 0.006589 0.005432 0.004978 0.004807 0.004744 0.004723 0.004715 0.004713 0.004712 0.004712 0.004712 0.004712 0.004712 0.004712 0.004712 0.004711 0.004710 0.004709 0.004705 0.004697 0.004680 0.004649 0.004593 0.004496 0.004338 0.004092 0.003735 0.003242 0.002604 0.001829 0.000945 0.000000 
50.000000 40.641334 31.797146 23.897192 17.225010 11.893945 7.861643 4.972073 3.008484 1.741879 0.965503 0.512778 0.261339 0.128176 0.060847 0.028307 0.013257 0.006589 0.003754 0.002597 0.002144 0.001972 0.001910 0.001888 0.001881 0.001878 0.001878 0.001877 0.001877 0.001877 0.001877 0.001877 0.001877 0.001877 0.001877 0.001876 0.001874 0.001871 0.001864 0.001852 0.001829 0.001790 0.001726 0.001627 0.001484 0.001287 0.001033 0.000725 0.000374 0.000000 
50.000000 40.641117 31.796723 23.896586 17.224249 11.893061 7.860666 4.971029 3.007395 1.740762 0.964368 0.511633 0.260188 0.127022 0.059691 0.027151 0.012101 0.005432 0.002597 0.001441 0.000987 0.000815 0.000753 0.000731 0.000724 0.000721 0.000721 0.000720 0.000720 0.000720 0.000720 0.000720 0.000720 0.000720 0.000720 0.000720 0.000719 0.000718 0.000715 0.000710 0.000701 0.000686 0.000661 0.000623 0.000568 0.000493 0.000395 0.000277 0.000143 0.000000 
50.000000 40.641032 31.796557 23.896348 17.223950 11.892714 7.860282 4.970620 3.006968 1.740323 0.963922 0.511184 0.259737 0.126570 0.059238 0.026697 0.011647 0.004978 0.002144 0.000987 0.000533 0.000362 0.000299 0.000277 0.000270 0.000268 0.000267 0.000267 0.000266 0.000266 0.000266 0.000266 0.000266 0.000266 0.000266 0.000266 0.000266 0.000266 0.000265 0.000263 0.000259 0.000254 0.000244 0.000230 0.000210 0.000182 0.000146 0.000102 0.000053 0.000000 
50.000000 40.640999 31.796494 23.896259 17.223838 11.892584 7.860138 4.970465 3.006807 1.740158 0.963754 0.511014 0.259566 0.126399 0.059067 0.026526 0.011476 0.004807 0.001972 0.000815 0.000362 0.000190 0.000128 0.000106 0.000099 0.000096 0.000095 0.000095 0.000095 0.000095 0.000095 0.000095 0.000095 0.000095 0.000095 0.000095 0.000095 0.000095 0.000094 0.000094 0.000093 0.000090 0.000087 0.000082 0.000075 0.000065 0.000052 0.000036 0.000019 0.000000 
50.000000 40.640988 31.796472 23.896226 17.223797 11.892536 7.860085 4.970409 3.006748 1.740097 0.963693 0.510952 0.259504 0.126337 0.059005 0.026464 0.011414 0.004745 0.001910 0.000753 0.000299 0.000128 0.000066 0.000044 0.000036 0.000034 0.000033 0.000033 0.000033 0.000033 0.000033 0.000033 0.000033 0.000033 0.000033 0.000033 0.000033 0.000033 0.000033 0.000032 0.000032 0.000031 0.000030 0.000028 0.000026 0.000022 0.000018 0.000013 0.000006 0.000000 
50.000000 40.640984 31.796464 23.896215 17.223783 11.892519 7.860067 4.970389 3.006728 1.740077 0.963672 0.510931 0.259483 0.126315 0.058983 0.026442 0.011392 0.004723 0.001888 0.000732 0.000278 0.000106 0.000044 0.000022 0.000015 0.000012 0.000012 0.000011 0.000011 0.000011 0.000011 0.000011 0.000011 0.000011 0.000011 0.000011 0.000011 0.000011 0.000011 0.000011 0.000011 0.000011 0.000010 0.000010 0.000009 0.000008 0.000006 0.000004 0.000002 0.000000 
50.000000 40.640982 31.796461 23.896211 17.223778 11.892514 7.860061 4.970383 3.006722 1.740070 0.963665 0.510924 0.259476 0.126308 0.058976 0.026436 0.011385 0.004716 0.001882 0.000725 0.000271 0.000100 0.000037 0.000016 0.000008 0.000006 0.000005 0.000005 0.000005 0.000005 0.000005 0.000005 0.000005 0.000005 0.000005 0.000005 0.000005 0.000005 0.000005 0.000005 0.000004 0.000004 0.000004 0.000004 0.000004 0.000003 0.000002 0.000002 0.000001 0.000000 
50.000000 40.640982 31.796461 23.896211 17.223778 11.892514 7.860061 4.970383 3.006722 1.740070 0.963665 0.510924 0.259476 0.126308 0.058976 0.026436 0.011385 0.004716 0.001882 0.000725 0.000271 0.000100 0.000037 0.000016 0.000008 0.000006 0.000005 0.000005 0.000005 0.000005 0.000005 0.000005 0.000005 0.000005 0.000005 0.000005 0.000005 0.000005 0.000005 0.000005 0.000004 0.000004 0.000004 0.000004 0.000004 0.000003 0.000002 0.000002 0.000001 0.000000 
50.000000 40.640984 31.796464 23.896215 17.223783 11.892519 7.860067 4.970389 3.006728 1.740077 0.963672 0.510931 0.259483 0.126315 0.058983 0.026442 0.011392 0.004723 0.001888 0.000732 0.000278 0.000106 0.000044 0.000022 0.000015 0.000012 0.000012 0.000011 0.000011 0.000011 0.000011 0.000011 0.000011 0.000011 0.000011 0.000011 0.000011 0.000011 0.000011 0.000011 0.000011 0.000011 0.000010 0.000010 0.000009 0.000008 0.000006 0.000004 0.000002 0.000000 
50.000000 40.640988 31.796472 23.896226 17.223797 11.892536 7.860085 4.970409 3.006748 1.740097 0.963693 0.510952 0.259504 0.126337 0.059005 0.026464 0.011414 0.004745 0.001910 0.000753 0.000299 0.000128 0.000066 0.000044 0.000036 0.000034 0.000033 0.000033 0.000033 0.000033 0.000033 0.000033 0.000033 0.000033 0.000033 0.000033 0.000033 0.000033 0.000033 0.000032 0.000032 0.000031 0.000030 0.000028 0.000026 0.000022 0.000018 0.000013 0.000006 0.000000 
50.000000 40.640999 31.796494 23.896259 17.223838 11.892584 7.860138 4.970465 3.006807 1.740158 0.963754 0.511014 0.259566 0.126399 0.059067 0.026526 0.011476 0.004807 0.001972 0.000815 0.000362 0.000190 0.000128 0.000106 0.000099 0.000096 0.000095 0.000095 0.000095 0.000095 0.000095 0.000095 0.000095 0.000095 0.000095 0.000095 0.000095 0.000095 0.000094 0.000094 0.000093 0.000090 0.000087 0.000082 0.000075 0.000065 0.000052 0.000036 0.000019 0.000000 
50.000000 40.641032 31.796557 23.896348 17.223950 11.892714 7.860282 4.970620 3.006968 1.740323 0.963922 0.511184 0.259737 0.126570 0.059238 0.026697 0.011647 0.004978 0.002144 0.000987 0.000533 0.000362 0.000299 0.000277 0.000270 0.000268 0.000267 0.000267 0.000266 0.000266 0.000266 0.000266 0.000266 0.000266 0.000266 0.000266 0.000266 0.000266 0.000265 0.000263 0.000259 0.000254 0.000244 0.000230 0.000210 0.000182 0.000146 0.000102 0.000053 0.000000 
50.000000 40.641117 31.796723 23.896586 17.224249 11.893061 7.860666 4.971029 3.007395 1.740762 0.964368 0.511633 0.260188 0.127022 0.059691 0.027151 0.012101 0.005432 0.002597 0.001441 0.000987 0.000815 0.000753 0.000731 0.000724 0.000721 0.000721 0.000720 0.000720 0.000720 0.000720 0.000720 0.000720 0.000720 0.000720 0.000720 0.000719 0.000718 0.000715 0.000710 0.000701 0.000686 0.000661 0.000623 0.000568 0.000493 0.000395 0.000277 0.000143 0.000000 
50.000000 40.641334 31.797146 23.897192 17.225010 11.893945 7.861643 4.972073 3.008484 1.741879 0.965503 0.512778 0.261339 0.128176 0.060847 0.028307 0.013257 0.006589 0.003754 0.002597 0.002144 0.001972 0.001910 0.001888 0.001881 0.001878 0.001878 0.001877 0.001877 0.001877 0.001877 0.001877 0.001877 0.001877 0.001877 0.001876 0.001874 0.001871 0.001864 0.001852 0.001829 0.001790 0.001726 0.001627 0.001484 0.001287 0.001033 0.000725 0.000374 0.000000 
50.000000 40.641867 31.798181 23.898677 17.226873 11.896111 7.864036 4.974629 3.011151 1.744617 0.968284 0.515585 0.264160 0.131004 0.063678 0.031140 0.016091 0.009423 0.006589 0.005432 0.004978 0.004807 0.004744 0.004723 0.004715 0.004713 0.004712 0.004712 0.004712 0.004712 0.004712 0.004712 0.004712 0.004711 0.004710 0.004709 0.004705 0.004697 0.004680 0.004649 0.004593 0.004496 0.004338 0.004092 0.003735 0.003242 0.002604 0.001829 0.000945 0.000000 
50.000000 40.643119 31.800617 23.902169 17.231256 11.901204 7.869666 4.980643 3.017424 1.751058 0.974827 0.522187 0.270795 0.137657 0.070340 0.037806 0.022759 0.016091 0.013257 0.012101 0.011647 0.011476 0.011413 0.011392 0.011384 0.011382 0.011381 0.011381 0.011381 0.011381 0.011381 0.011381 0.011380 0.011379 0.011378 0.011374 0.011365 0.011345 0.011307 0.011234 0.011101 0.010871 0.010493 0.009907 0.009048 0.007861 0.006320 0.004441 0.002295 0.000000 
50.000000 40.645945 31.806112 23.910046 17.241143 11.912696 7.882369 4.994212 3.031581 1.765592 0.989592 0.537087 0.285769 0.152670 0.085373 0.052848 0.037806 0.031140 0.028307 0.027151 0.026697 0.026526 0.026464 0.026442 0.026434 0.026432 0.026431 0.026431 0.026431 0.026431 0.026431 0.026431 0.026430 0.026428 0.026424 0.026415 0.026395 0.026352 0.026266 0.026101 0.025800 0.025276 0.024413 0.023067 0.021087 0.018340 0.014759 0.010380 0.005367 0.000000 
50.000000 40.652052 31.817988 23.927073 17.262516 11.937537 7.909830 5.023546 3.062186 1.797016 1.021516 0.569301 0.318145 0.185131 0.117876 0.085373 0.070340 0.063678 0.060847 0.059691 0.059238 0.059067 0.059005 0.058983 0.058975 0.058973 0.058972 0.058972 0.058972 0.058972 0.058972 0.058971 0.058970 0.058966 0.058958 0.058938 0.058895 0.058804 0.058619 0.058263 0.057610 0.056469 0.054580 0.051621 0.047242 0.041138 0.033146 0.023335 0.012073 0.000000 
50.000000 40.664684 31.842554 23.962294 17.306728 11.988926 7.966640 5.084236 3.125508 1.862031 1.087568 0.635956 0.385134 0.252296 0.185131 0.152670 0.137657 0.131004 0.128176 0.127022 0.126570 0.126399 0.126336 0.126315 0.126307 0.126305 0.126304 0.126304 0.126304 0.126304 0.126303 0.126302 0.126299 0.126292 0.126275 0.126236 0.126148 0.125962 0.125584 0.124851 0.123499 0.121126 0.117174 0.110944 0.101669 0.088665 0.071544 0.050433 0.026114 0.000000 
50.000000 40.689658 31.891126 24.031933 17.394149 12.090542 8.078981 5.204253 3.250733 1.990611 1.218200 0.767782 0.517621 0.385134 0.318145 0.285769 0.270795 0.264160 0.261339 0.260188 0.259737 0.259566 0.259504 0.259482 0.259475 0.259473 0.259472 0.259472 0.259471 0.259471 0.259470 0.259468 0.259463 0.259449 0.259417 0.259341 0.259172 0.258811 0.258074 0.256639 0.253973 0.249266 0.241373 0.228841 0.210050 0.183518 0.148352 0.104741 0.054295 0.000000 
50.000000 40.736801 31.982811 24.163390 17.559179 12.282376 8.291071 5.430843 3.487164 2.233381 1.464850 1.016691 0.767782 0.635956 0.569301 0.537087 0.522187 0.515585 0.512778 0.511633 0.511184 0.511014 0.510952 0.510931 0.510923 0.510921 0.510920 0.510920 0.510920 0.510919 0.510918 0.510914 0.510904 0.510880 0.510821 0.510682 0.510372 0.509708 0.508345 0.505674 0.500681 0.491797 0.476783 0.452747 0.416392 0.364614 0.295422 0.209000 0.108492 0.000000 
50.000000 40.821658 32.147848 24.400025 17.856256 12.627717 8.672891 5.838781 3.912832 2.670473 1.908936 1.464850 1.218200 1.087568 1.021516 0.989592 0.974827 0.968284 0.965503 0.964368 0.963922 0.963754 0.963693 0.963672 0.963664 0.963662 0.963661 0.963661 0.963661 0.963660 0.963657 0.963651 0.963635 0.963593 0.963491 0.963253 0.962717 0.961561 0.959175 0.954468 0.945602 0.929694 0.902565 0.858702 0.791665 0.695172 0.564899 0.400696 0.208388 0.000000 
50.000000 40.967140 32.430796 24.805734 18.365609 13.219842 9.327585 6.538281 4.642756 3.420004 2.670473 2.233381 1.990611 1.862031 1.797016 1.765592 1.751058 1.744617 1.741879 1.740762 1.740323 1.740158 1.740097 1.740076 1.740069 1.740067 1.740066 1.740066 1.740065 1.740064 1.740060 1.740050 1.740024 1.739957 1.739792 1.739406 1.738532 1.736637 1.732700 1.724872 1.710002 1.683068 1.636644 1.560703 1.443177 1.271786 1.037379 0.738408 0.384987 0.000000 
50.000000 41.204423 32.892297 25.467477 19.196427 14.185701 10.395541 7.679361 5.833497 4.642756 3.912832 3.487164 3.250733 3.125508 3.062186 3.031581 3.017424 3.011151 3.008484 3.007395 3.006968 3.006807 3.006748 3.006728 3.006721 3.006718 3.006718 3.006717 3.006717 3.006715 3.006709 3.006694 3.006655 3.006553 3.006305 3.005717 3.004382 3.001467 2.995367 2.983138 2.959688 2.916748 2.841821 2.717550 2.522290 2.232880 1.830459 1.309123 0.684953 0.000000 
50.000000 41.572193 33.607597 26.493162 20.484206 15.682839 12.050983 9.448201 7.679361 6.538281 5.838781 5.430843 5.204253 5.084236 5.023546 4.994212 4.980643 4.974629 4.972073 4.971029 4.970620 4.970465 4.970409 4.970389 4.970382 4.970380 4.970379 4.970379 4.970378 4.970375 4.970368 4.970347 4.970291 4.970149 4.969799 4.968966 4.967062 4.962880 4.954059 4.936216 4.901637 4.837540 4.724100 4.532871 4.226832 3.763947 3.106394 2.236473 1.176189 0.000000 
50.000000 42.113284 34.660012 28.002270 22.378983 17.885712 14.486844 12.050983 10.395541 9.327585 8.672891 8.291071 8.078981 7.966640 7.909830 7.882369 7.869666 7.864036 7.861643 7.860666 7.860282 7.860138 7.860085 7.860066 7.860060 7.860058 7.860057 7.860057 7.860056 7.860052 7.860042 7.860015 7.859944 7.859759 7.859301 7.858209 7.855697 7.850140 7.838324 7.814190 7.766883 7.677992 7.518112 7.243422 6.793953 6.096679 5.078123 3.691298 1.956652 0.000000 
50.000000 42.868224 36.128375 30.107860 25.022730 20.959409 17.885712 15.682839 14.185701 13.219842 12.627717 12.282376 12.090542 11.988926 11.937537 11.912696 11.901204 11.896111 11.893945 11.893061 11.892714 11.892583 11.892536 11.892519 11.892513 11.892512 11.892511 11.892510 11.892509 11.892505 11.892493 11.892461 11.892376 11.892156 11.891609 11.890295 11.887257 11.880491 11.865984 11.836052 11.776665 11.663411 11.456008 11.091759 10.479705 9.499665 8.014601 5.909893 3.172968 0.000000 
50.000000 43.866172 38.069405 32.891278 28.517607 25.022730 22.378983 20.484206 19.196427 18.365609 17.856256 17.559179 17.394149 17.306728 17.262516 17.241143 17.231256 17.226873 17.225010 17.224249 17.223950 17.223838 17.223797 17.223782 17.223777 17.223776 17.223775 17.223775 17.223773 17.223769 17.223756 17.223722 17.223631 17.223394 17.222803 17.221378 17.218063 17.210631 17.194565 17.161084 17.093823 16.963547 16.720259 16.282304 15.523066 14.258803 12.248550 9.233373 5.068335 0.000000 
50.000000 45.115016 40.498451 36.374545 32.891278 30.107860 28.002270 26.493162 25.467477 24.805734 24.400025 24.163390 24.031933 23.962294 23.927073 23.910046 23.902169 23.898677 23.897192 23.896586 23.896348 23.896259 23.896226 23.896214 23.896211 23.896209 23.896209 23.896208 23.896207 23.896203 23.896191 23.896159 23.896073 23.895849 23.895287 23.893927 23.890749 23.883581 23.867968 23.835126 23.768354 23.637018 23.386767 22.924148 22.093260 20.642728 18.187273 14.194732 8.117895 0.000000 
50.000000 46.593526 43.374222 40.498451 38.069405 36.128375 34.660012 33.607597 32.892297 32.430796 32.147848 31.982811 31.891126 31.842554 31.817988 31.806112 31.800617 31.798181 31.797146 31.796723 31.796557 31.796494 31.796472 31.796464 31.796461 31.796460 31.796459 31.796459 31.796458 31.796455 31.796446 31.796421 31.796353 31.796176 31.795732 31.794653 31.792122 31.786384 31.773811 31.747152 31.692388 31.583174 31.371125 30.968714 30.218481 28.836031 26.303719 21.687111 13.438179 0.000000 
50.000000 48.248650 46.593526 45.115016 43.866172 42.868224 42.113284 41.572193 41.204423 40.967140 40.821658 40.736801 40.689658 40.664684 40.652052 40.645945 40.643119 40.641867 40.641334 40.641117 40.641032 40.640999 40.640988 40.640984 40.640982 40.640982 40.640981 40.640981 40.640981 40.640979 40.640974 40.640960 40.640922 40.640825 40.640578 40.639979 40.638569 40.635364 40.628309 40.613271 40.582153 40.519470 40.396004 40.156633 39.695256 38.797837 36.997121 33.155347 24.124325 0.000000 
50.000000 50.000000 50.000000 50.000000 50.000000 50.000000 50.000000 50.000000 50.000000 50.000000 50.000000 50.000000 50.000000 50.000000 50.000000 50.000000 50.000000 50.000000 50.000000 50.000000 50.000000 50.000000 50.000000 50.000000 50.000000 50.000000 50.000000 50.000000 50.000000 50.000000 50.000000 50.000000 50.000000 50.000000 50.000000 50.000000 50.000000 50.000000 50.000000 50.000000 50.000000 50.000000 50.000000 50.000000 50.000000 50.000000 50.000000 50.000000 50.000000 50.000000 
