50.000000 50.000000 50.000000 50.000000 50.000000 50.000000 50.000000 50.000000 50.000000 50.000000 50.000000 50.000000 50.000000 50.000000 50.000000 50.000000 50.000000 50.000000 50.000000 50.000000 50.000000 50.000000 50.000000 50.000000 50.000000 50.000000 50.000000 50.000000 50.000000 50.000000 50.000000 50.000000 50.000000 50.000000 50.000000 50.000000 50.000000 50.000000 50.000000 50.000000 50.000000 50.000000 50.000000 50.000000 50.000000 50.000000 50.000000 50.000000 50.000000 50.000000 
50.000000 48.828596 47.700264 46.653327 45.717489 44.911471 44.242453 43.707165 43.294196 42.986893 42.766246 42.613321 42.510972 42.444792 42.403432 42.378435 42.363819 42.355546 42.351012 42.348603 42.347362 42.346742 42.346442 42.346300 42.346235 42.346205 42.346189 42.346175 42.346153 42.346107 42.346008 42.345797 42.345358 42.344464 42.342689 42.339248 42.332730 42.320653 42.298735 42.259700 42.191300 42.072942 41.869665 41.520593 40.914800 39.835475 37.815722 33.722001 24.414298 0.000000 
50.000000 47.700264 45.485087 43.429712 41.592451 40.010060 38.696633 37.645751 36.835010 36.231712 35.798541 35.498324 35.297394 35.167474 35.086278 35.037206 35.008513 34.992273 34.983370 34.978641 34.976206 34.974990 34.974400 34.974122 34.973994 34.973934 34.973903 34.973877 34.973835 34.973749 34.973564 34.973170 34.972349 34.970683 34.967379 34.960987 34.948908 34.926597 34.886268 34.814816 34.690484 34.477420 34.116546 33.509633 32.490250 30.768851 27.828472 22.742544 13.978263 0.000000 
50.000000 46.653327 43.429712 40.438651 37.765004 35.462262 33.550931 32.021669 30.841872 29.963954 29.333609 28.896739 28.604353 28.415299 28.297148 28.225742 28.183991 28.160359 28.147406 28.140525 28.136982 28.135212 28.134354 28.133949 28.133763 28.133677 28.133632 28.133595 28.133539 28.133423 28.133174 28.132646 28.131548 28.129322 28.124923 28.116436 28.100462 28.071097 28.018336 27.925584 27.765824 27.495756 27.046799 26.311262 25.121328 23.218798 20.219326 15.601240 8.837605 0.000000 
50.000000 45.717489 41.592451 37.765004 34.343741 31.397109 28.951347 26.994499 25.484838 24.361468 23.554896 22.995895 22.621775 22.379875 22.228699 22.137336 22.083916 22.053681 22.037107 22.028304 22.023771 22.021506 22.020408 22.019891 22.019653 22.019543 22.019487 22.019443 22.019377 22.019244 22.018960 22.018358 22.017109 22.014584 22.009610 22.000055 21.982157 21.949455 21.891137 21.789578 21.616744 21.329085 20.860541 20.113407 18.947649 17.171871 14.546206 10.823600 5.882014 0.000000 
50.000000 44.911471 40.010060 35.462262 31.397109 27.895931 24.989905 22.664817 20.871083 19.536343 18.578018 17.913853 17.469355 17.181954 17.002344 16.893800 16.830334 16.794414 16.774725 16.764267 16.758882 16.756192 16.754887 16.754273 16.753990 16.753861 16.753796 16.753747 16.753678 16.753541 16.753249 16.752632 16.751357 16.748789 16.743748 16.734111 16.716161 16.683586 16.625979 16.526685 16.359848 16.086579 15.650363 14.972315 13.947966 12.449460 10.340933 7.519810 3.996671 0.000000 
50.000000 44.242453 38.696633 33.550931 28.951347 24.989905 21.701874 19.071170 17.041682 15.531530 14.447275 13.695844 13.192949 12.867796 12.664596 12.541798 12.469999 12.429364 12.407090 12.395260 12.389168 12.386125 12.384650 12.383955 12.383636 12.383490 12.383419 12.383368 12.383301 12.383171 12.382895 12.382313 12.381116 12.378713 12.374017 12.365086 12.348552 12.318764 12.266542 12.177468 12.029696 11.791373 11.418053 10.850937 10.017590 8.837941 7.239669 5.187000 2.721860 0.000000 
50.000000 43.707165 37.645751 32.021669 26.994499 22.664817 19.071170 16.195971 13.977886 12.327415 11.142430 10.321199 9.771600 9.416255 9.194191 9.059994 8.981533 8.937128 8.912788 8.899861 8.893204 8.889879 8.888267 8.887508 8.887160 8.887002 8.886926 8.886876 8.886814 8.886698 8.886454 8.885943 8.884894 8.882798 8.878720 8.871006 8.856814 8.831433 8.787321 8.712849 8.590795 8.396770 8.097985 7.653117 7.014454 6.133958 4.974871 3.529205 1.837500 0.000000 
50.000000 43.294196 36.835010 30.841872 25.484838 20.871083 17.041682 13.977886 11.614328 9.855632 8.592958 7.717899 7.132284 6.753658 6.517050 6.374066 6.290469 6.243157 6.217225 6.203453 6.196361 6.192819 6.191102 6.190293 6.189922 6.189755 6.189676 6.189628 6.189574 6.189476 6.189274 6.188851 6.187987 6.186266 6.182936 6.176668 6.165210 6.144866 6.109804 6.051185 5.956195 5.807164 5.581116 5.250309 4.784504 4.155753 3.346116 2.357590 1.221255 0.000000 
50.000000 42.986893 36.231712 29.963954 24.361468 19.536343 15.531530 12.327415 9.855632 8.016424 6.695960 5.780863 5.168460 4.772522 4.525097 4.375580 4.288164 4.238693 4.211578 4.197177 4.189761 4.186058 4.184263 4.183417 4.183030 4.182856 4.182775 4.182729 4.182684 4.182606 4.182446 4.182115 4.181441 4.180105 4.177530 4.172710 4.163953 4.148510 4.122107 4.078364 4.008212 3.899437 3.736621 3.501833 3.176495 2.744724 2.198130 1.541228 0.795593 0.000000 
50.000000 42.766246 35.798541 29.333609 23.554896 18.578018 14.447275 11.142430 8.592958 6.695960 5.334020 4.390188 3.758564 3.350202 3.095018 2.940814 2.850659 2.799638 2.771674 2.756823 2.749176 2.745357 2.743506 2.742634 2.742235 2.742056 2.741975 2.741931 2.741894 2.741834 2.741714 2.741467 2.740968 2.739981 2.738088 2.734564 2.728196 2.717042 2.698112 2.667010 2.617596 2.541774 2.429581 2.269806 2.051333 1.765317 1.408025 0.983725 0.506545 0.000000 
50.000000 42.613321 35.498324 28.896739 22.995895 17.913853 13.695844 10.321199 7.717899 5.780863 4.390188 3.426452 2.781513 2.364549 2.103991 1.946541 1.854491 1.802398 1.773846 1.758683 1.750876 1.746977 1.745087 1.744197 1.743790 1.743607 1.743526 1.743485 1.743454 1.743410 1.743324 1.743149 1.742795 1.742100 1.740772 1.738312 1.733892 1.726197 1.713226 1.692077 1.658756 1.608096 1.533879 1.429302 1.287874 1.104759 0.878403 0.612056 0.314586 0.000000 
50.000000 42.510972 35.297394 28.604353 22.621775 17.469355 13.192949 9.771600 7.132284 5.168460 3.758564 2.781513 2.127670 1.704952 1.440801 1.281182 1.187864 1.135054 1.106110 1.090739 1.082824 1.078871 1.076955 1.076054 1.075641 1.075457 1.075375 1.075337 1.075311 1.075279 1.075220 1.075100 1.074861 1.074393 1.073502 1.071858 1.068921 1.063835 1.055316 1.041521 1.019950 0.987418 0.940167 0.874185 0.785769 0.672320 0.533256 0.370797 0.190319 0.000000 
50.000000 42.444792 35.167474 28.415299 22.379875 17.181954 12.867796 9.416255 6.753658 4.772522 3.350202 2.364549 1.704952 1.278516 1.012045 0.851024 0.756888 0.703615 0.674418 0.658912 0.650928 0.646941 0.645008 0.644099 0.643683 0.643497 0.643416 0.643379 0.643357 0.643334 0.643295 0.643217 0.643062 0.642759 0.642185 0.641132 0.639258 0.636031 0.630656 0.622006 0.608569 0.588448 0.559441 0.519244 0.465793 0.397718 0.314837 0.218566 0.112063 0.000000 
50.000000 42.403432 35.086278 28.297148 22.228699 17.002344 12.664596 9.194191 6.517050 4.525097 3.095018 2.103991 1.440801 1.012045 0.744124 0.582229 0.487582 0.434020 0.404665 0.389075 0.381048 0.377040 0.375097 0.374182 0.373764 0.373578 0.373496 0.373460 0.373441 0.373425 0.373400 0.373351 0.373254 0.373066 0.372711 0.372062 0.370913 0.368943 0.365679 0.360454 0.352387 0.340381 0.323185 0.299510 0.268233 0.228644 0.180712 0.125291 0.064184 0.000000 
50.000000 42.378435 35.037206 28.225742 22.137336 16.893800 12.541798 9.059994 6.374066 4.375580 2.940814 1.946541 1.281182 0.851024 0.582229 0.419806 0.324850 0.271115 0.241664 0.226023 0.217971 0.213949 0.212000 0.211082 0.210663 0.210476 0.210395 0.210360 0.210343 0.210331 0.210315 0.210285 0.210227 0.210114 0.209903 0.209518 0.208839 0.207680 0.205769 0.202726 0.198050 0.191130 0.181274 0.167780 0.150051 0.127726 0.100820 0.069827 0.035747 0.000000 
50.000000 42.363819 35.008513 28.183991 22.083916 16.830334 12.469999 8.981533 6.290469 4.288164 2.850659 1.854491 1.187864 0.756888 0.487582 0.324850 0.229715 0.175877 0.146371 0.130701 0.122633 0.118604 0.116651 0.115732 0.115311 0.115125 0.115043 0.115009 0.114993 0.114984 0.114973 0.114956 0.114922 0.114857 0.114736 0.114516 0.114129 0.113471 0.112391 0.110679 0.108060 0.104203 0.098735 0.091286 0.081545 0.069332 0.054668 0.037831 0.019356 0.000000 
50.000000 42.355546 34.992273 28.160360 22.053681 16.794414 12.429364 8.937128 6.243157 4.238693 2.799639 1.802398 1.135054 0.703615 0.434020 0.271115 0.175877 0.121982 0.092445 0.076758 0.068682 0.064648 0.062693 0.061773 0.061352 0.061165 0.061084 0.061050 0.061035 0.061027 0.061021 0.061010 0.060991 0.060955 0.060888 0.060767 0.060554 0.060193 0.059603 0.058671 0.057252 0.055171 0.052233 0.048248 0.043057 0.036572 0.028812 0.019923 0.010189 0.000000 
50.000000 42.351012 34.983370 28.147406 22.037107 16.774725 12.407090 8.912788 6.217226 4.211578 2.771675 1.773847 1.106110 0.674418 0.404665 0.241664 0.146371 0.092445 0.062890 0.047194 0.039113 0.035077 0.033121 0.032200 0.031780 0.031592 0.031511 0.031477 0.031463 0.031456 0.031451 0.031446 0.031435 0.031416 0.031380 0.031315 0.031202 0.031011 0.030699 0.030208 0.029463 0.028375 0.026846 0.024777 0.022093 0.018750 0.014760 0.010201 0.005215 0.000000 
50.000000 42.348603 34.978642 28.140526 22.028305 16.764268 12.395261 8.899862 6.203454 4.197178 2.756824 1.758684 1.090740 0.658913 0.389076 0.226025 0.130702 0.076759 0.047195 0.031494 0.023411 0.019374 0.017417 0.016496 0.016075 0.015888 0.015807 0.015773 0.015759 0.015753 0.015749 0.015746 0.015740 0.015730 0.015711 0.015678 0.015620 0.015521 0.015362 0.015111 0.014733 0.014181 0.013409 0.012367 0.011019 0.009345 0.007352 0.005078 0.002595 0.000000 
50.000000 42.347363 34.976207 28.136983 22.023773 16.758884 12.389171 8.893207 6.196364 4.189765 2.749179 1.750879 1.082827 0.650932 0.381052 0.217974 0.122636 0.068685 0.039116 0.023413 0.015328 0.011290 0.009333 0.008412 0.007991 0.007804 0.007723 0.007689 0.007675 0.007669 0.007666 0.007664 0.007661 0.007656 0.007647 0.007630 0.007601 0.007552 0.007473 0.007349 0.007162 0.006891 0.006512 0.006003 0.005345 0.004530 0.003562 0.002459 0.001257 0.000000 
50.000000 42.346744 34.974993 28.135216 22.021511 16.756198 12.386132 8.889887 6.192827 4.186066 2.745365 1.746985 1.078880 0.646950 0.377048 0.213958 0.118613 0.064657 0.035086 0.019382 0.011296 0.007258 0.005301 0.004380 0.003959 0.003771 0.003691 0.003656 0.003643 0.003637 0.003634 0.003633 0.003631 0.003629 0.003624 0.003616 0.003602 0.003578 0.003540 0.003481 0.003391 0.003261 0.003080 0.002838 0.002526 0.002139 0.001681 0.001161 0.000593 0.000000 
50.000000 42.346446 34.974407 28.134364 22.020421 16.754903 12.384668 8.888287 6.191122 4.184284 2.743527 1.745109 1.076978 0.645031 0.375119 0.212023 0.116674 0.062716 0.033144 0.017439 0.009353 0.005315 0.003358 0.002436 0.002015 0.001828 0.001747 0.001713 0.001699 0.001694 0.001691 0.001690 0.001689 0.001688 0.001686 0.001682 0.001675 0.001664 0.001646 0.001618 0.001576 0.001515 0.001430 0.001317 0.001172 0.000992 0.000779 0.000538 0.000275 0.000000 
50.000000 42.346309 34.974140 28.133975 22.019924 16.754312 12.383999 8.887556 6.190344 4.183470 2.742688 1.744252 1.076110 0.644155 0.374239 0.211139 0.115789 0.061830 0.032257 0.016552 0.008466 0.004428 0.002470 0.001549 0.001128 0.000941 0.000860 0.000826 0.000812 0.000806 0.000804 0.000803 0.000803 0.000802 0.000801 0.000799 0.000796 0.000790 0.000782 0.000768 0.000748 0.000719 0.000678 0.000624 0.000555 0.000470 0.000369 0.000255 0.000130 0.000000 
50.000000 42.346257 34.974037 28.133826 22.019733 16.754085 12.383742 8.887276 6.190045 4.183158 2.742367 1.743924 1.075777 0.643819 0.373901 0.210800 0.115449 0.061490 0.031917 0.016212 0.008126 0.004087 0.002130 0.001209 0.000788 0.000601 0.000520 0.000486 0.000472 0.000466 0.000464 0.000463 0.000463 0.000462 0.000462 0.000460 0.000459 0.000455 0.000450 0.000442 0.000431 0.000414 0.000390 0.000359 0.000319 0.000270 0.000212 0.000146 0.000075 0.000000 
50.000000 42.346257 34.974037 28.133826 22.019733 16.754085 12.383742 8.887276 6.190045 4.183158 2.742367 1.743924 1.075777 0.643819 0.373901 0.210800 0.115449 0.061490 0.031917 0.016212 0.008126 0.004087 0.002130 0.001209 0.000788 0.000601 0.000520 0.000486 0.000472 0.000466 0.000464 0.000463 0.000463 0.000462 0.000462 0.000460 0.000459 0.000455 0.000450 0.000442 0.000431 0.000414 0.000390 0.000359 0.000319 0.000270 0.000212 0.000146 0.000075 0.000000 
50.000000 42.346309 34.974140 28.133975 22.019924 16.754312 12.383999 8.887556 6.190344 4.183470 2.742688 1.744252 1.076110 0.644155 0.374239 0.211139 0.115789 0.061830 0.032257 0.016552 0.008466 0.004428 0.002470 0.001549 0.001128 0.000941 0.000860 0.000826 0.000812 0.000806 0.000804 0.000803 0.000803 0.000802 0.000801 0.000799 0.000796 0.000790 0.000782 0.000768 0.000748 0.000719 0.000678 0.000624 0.000555 0.000470 0.000369 0.000255 0.000130 0.000000 
50.000000 42.346446 34.974407 28.134364 22.020421 16.754903 12.384668 8.888287 6.191122 4.184284 2.743527 1.745109 1.076978 0.645031 0.375119 0.212023 0.116674 0.062716 0.033144 0.017439 0.009353 0.005315 0.003358 0.002436 0.002015 0.001828 0.001747 0.001713 0.001699 0.001694 0.001691 0.001690 0.001689 0.001688 0.001686 0.001682 0.001675 0.001664 0.001646 0.001618 0.001576 0.001515 0.001430 0.001317 0.001172 0.000992 0.000779 0.000538 0.000275 0.000000 
50.000000 42.346744 34.974993 28.135216 22.021511 16.756198 12.386132 8.889887 6.192827 4.186066 2.745365 1.746985 1.078880 0.646950 0.377048 0.213958 0.118613 0.064657 0.035086 0.019382 0.011296 0.007258 0.005301 0.004380 0.003959 0.003771 0.003691 0.003656 0.003643 0.003637 0.003634 0.003633 0.003631 0.003629 0.003624 0.003616 0.003602 0.003578 0.003540 0.003481 0.003391 0.003261 0.003080 0.002838 0.002526 0.002139 0.001681 0.001161 0.000593 0.000000 
50.000000 42.347363 34.976207 28.136983 22.023773 16.758884 12.389171 8.893207 6.196364 4.189765 2.749179 1.750879 1.082827 0.650932 0.381052 0.217974 0.122636 0.068685 0.039116 0.023413 0.015328 0.011290 0.009333 0.008412 0.007991 0.007804 0.007723 0.007689 0.007675 0.007669 0.007666 0.007664 0.007661 0.007656 0.007647 0.007630 0.007601 0.007552 0.007473 0.007349 0.007162 0.006891 0.006512 0.006003 0.005345 0.004530 0.003562 0.002459 0.001257 0.000000 
50.000000 42.348603 34.978642 28.140526 22.028305 16.764268 12.395261 8.899862 6.203454 4.197178 2.756824 1.758684 1.090740 0.658913 0.389076 0.226025 0.130702 0.076759 0.047195 0.031494 0.023411 0.019374 0.017417 0.016496 0.016075 0.015888 0.015807 0.015773 0.015759 0.015753 0.015749 0.015746 0.015740 0.015730 0.015711 0.015678 0.015620 0.015521 0.015362 0.015111 0.014733 0.014181 0.013409 0.012367 0.011019 0.009345 0.007352 0.005078 0.002595 0.000000 
50.000000 42.351012 34.983370 28.147406 22.037107 16.774725 12.407090 8.912788 6.217226 4.211578 2.771675 1.773847 1.106110 0.674418 0.404665 0.241664 0.146371 0.092445 0.062890 0.047194 0.039113 0.035077 0.033121 0.032200 0.031780 0.031592 0.031511 0.031477 0.031463 0.031456 0.031451 0.031446 0.031435 0.031416 0.031380 0.031315 0.031202 0.031011 0.030699 0.030208 0.029463 0.028375 0.026846 0.024777 0.022093 0.018750 0.014760 0.010201 0.005215 0.000000 
50.000000 42.355546 34.992273 28.160360 22.053681 16.794414 12.429364 8.937128 6.243157 4.238693 2.799639 1.802398 1.135054 0.703615 0.434020 0.271115 0.175877 0.121982 0.092445 0.076758 0.068682 0.064648 0.062693 0.061773 0.061352 0.061165 0.061084 0.061050 0.061035 0.061027 0.061021 0.061010 0.060991 0.060955 0.060888 0.060767 0.060554 0.060193 0.059603 0.058671 0.057252 0.055171 0.052233 0.048248 0.043057 0.036572 0.028812 0.019923 0.010189 0.000000 
50.000000 42.363819 35.008513 28.183991 22.083916 16.830334 12.469999 8.981533 6.290469 4.288164 2.850659 1.854491 1.187864 0.756888 0.487582 0.324850 0.229715 0.175877 0.146371 0.130701 0.122633 0.118604 0.116651 0.115732 0.115311 0.115125 0.115043 0.115009 0.114993 0.114984 0.114973 0.114956 0.114922 0.114857 0.114736 0.114516 0.114129 0.113471 0.112391 0.110679 0.108060 0.104203 0.098735 0.091286 0.081545 0.069332 0.054668 0.037831 0.019356 0.000000 
50.000000 42.378435 35.037206 28.225742 22.137336 16.893800 12.541798 9.059994 6.374066 4.375580 2.940814 1.946541 1.281182 0.851024 0.582229 0.419806 0.324850 0.271115 0.241664 0.226023 0.217971 0.213949 0.212000 0.211082 0.210663 0.210476 0.210395 0.210360 0.210343 0.210331 0.210315 0.210285 0.210227 0.210114 0.209903 0.209518 0.208839 0.207680 0.205769 0.202726 0.198050 0.191130 0.181274 0.167780 0.150051 0.127726 0.100820 0.069827 0.035747 0.000000 
50.000000 42.403432 35.086278 28.297148 22.228699 17.002344 12.664596 9.194191 6.517050 4.525097 3.095018 2.103991 1.440801 1.012045 0.744124 0.582229 0.487582 0.434020 0.404665 0.389075 0.381048 0.377040 0.375097 0.374182 0.373764 0.373578 0.373496 0.373460 0.373441 0.373425 0.373400 0.373351 0.373254 0.373066 0.372711 0.372062 0.370913 0.368943 0.365679 0.360454 0.352387 0.340381 0.323185 0.299510 0.268233 0.228644 0.180712 0.125291 0.064184 0.000000 
50.000000 42.444792 35.167474 28.415299 22.379875 17.181954 12.867796 9.416255 6.753658 4.772522 3.350202 2.364549 1.704952 1.278516 1.012045 0.851024 0.756888 0.703615 0.674418 0.658912 0.650928 0.646941 0.645008 0.644099 0.643683 0.643497 0.643416 0.643379 0.643357 0.643334 0.643295 0.643217 0.643062 0.642759 0.642185 0.641132 0.639258 0.636031 0.630656 0.622006 0.608569 0.588448 0.559441 0.519244 0.465793 0.397718 0.314837 0.218566 0.112063 0.000000 
50.000000 42.510972 35.297394 28.604353 22.621775 17.469355 13.192949 9.771600 7.132284 5.168460 3.758564 2.781513 2.127670 1.704952 1.440801 1.281182 1.187864 1.135054 1.106110 1.090739 1.082824 1.078871 1.076955 1.076054 1.075641 1.075457 1.075375 1.075337 1.075311 1.075279 1.075220 1.075100 1.074861 1.074393 1.073502 1.071858 1.068921 1.063835 1.055316 1.041521 1.019950 0.987418 0.940167 0.874185 0.785769 0.672320 0.533256 0.370797 0.190319 0.000000 
50.000000 42.613321 35.498324 28.896739 22.995895 17.913853 13.695844 10.321199 7.717899 5.780863 4.390188 3.426452 2.781513 2.364549 2.103991 1.946541 1.854491 1.802398 1.773846 1.758683 1.750876 1.746977 1.745087 1.744197 1.743790 1.743607 1.743526 1.743485 1.743454 1.743410 1.743324 1.743149 1.742795 1.742100 1.740772 1.738312 1.733892 1.726197 1.713226 1.692077 1.658756 1.608096 1.533879 1.429302 1.287874 1.104759 0.878403 0.612056 0.314586 0.000000 
50.000000 42.766246 35.798541 29.333609 23.554896 18.578018 14.447275 11.142430 8.592958 6.695960 5.334020 4.390188 3.758564 3.350202 3.095018 2.940814 2.850659 2.799638 2.771674 2.756823 2.749176 2.745357 2.743506 2.742634 2.742235 2.742056 2.741975 2.741931 2.741894 2.741834 2.741714 2.741467 2.740968 2.739981 2.738088 2.734564 2.728196 2.717042 2.698112 2.667010 2.617596 2.541774 2.429581 2.269806 2.051333 1.765317 1.408025 0.983725 0.506545 0.000000 
50.000000 42.986893 36.231712 29.963954 24.361468 19.536343 15.531530 12.327415 9.855632 8.016424 6.695960 5.780863 5.168460 4.772522 4.525097 4.375580 4.288164 4.238693 4.211578 4.197177 4.189761 4.186058 4.184263 4.183417 4.183030 4.182856 4.182775 4.182729 4.182684 4.182606 4.182446 4.182115 4.181441 4.180105 4.177530 4.172710 4.163953 4.148510 4.122107 4.078364 4.008212 3.899437 3.736621 3.501833 3.176495 2.744724 2.198130 1.541228 0.795593 0.000000 
50.000000 43.294196 36.835010 30.841872 25.484838 20.871083 17.041682 13.977886 11.614328 9.855632 8.592958 7.717899 7.132284 6.753658 6.517050 6.374066 6.290469 6.243157 6.217225 6.203453 6.196361 6.192819 6.191102 6.190293 6.189922 6.189755 6.189676 6.189628 6.189574 6.189476 6.189274 6.188851 6.187987 6.186266 6.182936 6.176668 6.165210 6.144866 6.109804 6.051185 5.956195 5.807164 5.581116 5.250309 4.784504 4.155753 3.346116 2.357590 1.221255 0.000000 
50.000000 43.707165 37.645751 32.021669 26.994499 22.664817 19.071170 16.195971 13.977886 12.327415 11.142430 10.321199 9.771600 9.416255 9.194191 9.059994 8.981533 8.937128 8.912788 8.899861 8.893204 8.889879 8.888267 8.887508 8.887160 8.887002 8.886926 8.886876 8.886814 8.886698 8.886454 8.885943 8.884894 8.882798 8.878720 8.871006 8.856814 8.831433 8.787321 8.712849 8.590795 8.396770 8.097985 7.653117 7.014454 6.133958 4.974871 3.529205 1.837500 0.000000 
50.000000 44.242453 38.696633 33.550931 28.951347 24.989905 21.701874 19.071170 17.041682 15.531530 14.447275 13.695844 13.192949 12.867796 12.664596 12.541798 12.469999 12.429364 12.407090 12.395260 12.389168 12.386125 12.384650 12.383955 12.383636 12.383490 12.383419 12.383368 12.383301 12.383171 12.382895 12.382313 12.381116 12.378713 12.374017 12.365086 12.348552 12.318764 12.266542 12.177468 12.029696 11.791373 11.418053 10.850937 10.017590 8.837941 7.239669 5.187000 2.721860 0.000000 
50.000000 44.911471 40.010060 35.462262 31.397109 27.895931 24.989905 22.664817 20.871083 19.536343 18.578018 17.913853 17.469355 17.181954 17.002344 16.893800 16.830334 16.794414 16.774725 16.764267 16.758882 16.756192 16.754887 16.754273 16.753990 16.753861 16.753796 16.753747 16.753678 16.753541 16.753249 16.752632 16.751357 16.748789 16.743748 16.734111 16.716161 16.683586 16.625979 16.526685 16.359848 16.086579 15.650363 14.972315 13.947966 12.449460 10.340933 7.519810 3.996671 0.000000 
50.000000 45.717489 41.592451 37.765004 34.343741 31.397109 28.951347 26.994499 25.484838 24.361468 23.554896 22.995895 22.621775 22.379875 22.228699 22.137336 22.083916 22.053681 22.037107 22.028304 22.023771 22.021506 22.020408 22.019891 22.019653 22.019543 22.019487 22.019443 22.019377 22.019244 22.018960 22.018358 22.017109 22.014584 22.009610 22.000055 21.982157 21.949455 21.891137 21.789578 21.616744 21.329085 20.860541 20.113407 18.947649 17.171871 14.546206 10.823600 5.882014 0.000000 
50.000000 46.653327 43.429712 40.438651 37.765004 35.462262 33.550931 32.021669 30.841872 29.963954 29.333609 28.896739 28.604353 28.415299 28.297148 28.225742 28.183991 28.160359 28.147406 28.140525 28.136982 28.135212 28.134354 28.133949 28.133763 28.133677 28.133632 28.133595 28.133539 28.133423 28.133174 28.132646 28.131548 28.129322 28.124923 28.116436 28.100462 28.071097 28.018336 27.925584 27.765824 27.495756 27.046799 26.311262 25.121328 23.218798 20.219326 15.601240 8.837605 0.000000 
50.000000 47.700264 45.485087 43.429712 41.592451 40.010060 38.696633 37.645751 36.835010 36.231712 35.798541 35.498324 35.297394 35.167474 35.086278 35.037206 35.008513 34.992273 34.983370 34.978641 34.976206 34.974990 34.974400 34.974122 34.973994 34.973934 34.973903 34.973877 34.973835 34.973749 34.973564 34.973170 34.972349 34.970683 34.967379 34.960987 34.948908 34.926597 34.886268 34.814816 34.690484 34.477420 34.116546 33.509633 32.490250 30.768851 27.828472 22.742544 13.978263 0.000000 
50.000000 48.828596 47.700264 46.653327 45.717489 44.911471 44.242453 43.707165 43.294196 42.986893 42.766246 42.613321 42.510972 42.444792 42.403432 42.378435 42.363819 42.355546 42.351012 42.348603 42.347362 42.346742 42.346442 42.346300 42.346235 42.346205 42.346189 42.346175 42.346153 42.346107 42.346008 42.345797 42.345358 42.344464 42.342689 42.339248 42.332730 42.320653 42.298735 42.259700 42.191300 42.072942 41.869665 41.520593 40.914800 39.835475 37.815722 33.722001 24.414298 0.000000 
50.000000 50.000000 50.000000 50.000000 50.000000 50.000000 50.000000 50.000000 50.000000 50.000000 50.000000 50.000000 50.000000 50.000000 50.000000 50.000000 50.000000 50.000000 50.000000 50.000000 50.000000 50.000000 50.000000 50.000000 50.000000 50.000000 50.000000 50.000000 50.000000 50.000000 50.000000 50.000000 50.000000 50.000000 50.000000 50.000000 50.000000 50.000000 50.000000 50.000000 50.000000 50.000000 50.000000 50.000000 50.000000 50.000000 50.000000 50.000000 50.000000 50.000000 
