50.000000 50.000000 50.000000 50.000000 50.000000 50.000000 50.000000 50.000000 50.000000 50.000000 50.000000 50.000000 50.000000 50.000000 50.000000 50.000000 50.000000 50.000000 50.000000 50.000000 50.000000 50.000000 50.000000 50.000000 50.000000 50.000000 50.000000 50.000000 50.000000 50.000000 50.000000 50.000000 50.000000 50.000000 50.000000 50.000000 50.000000 50.000000 50.000000 50.000000 50.000000 50.000000 50.000000 50.000000 50.000000 50.000000 50.000000 50.000000 50.000000 50.000000 
50.000000 46.885261 44.074404 41.782675 40.090980 38.957044 38.264454 37.877513 37.678989 37.585080 37.543964 37.527240 37.520898 37.518648 37.517900 37.517665 37.517596 37.517576 37.517571 37.517570 37.517570 37.517570 37.517570 37.517570 37.517570 37.517570 37.517570 37.517570 37.517570 37.517570 37.517570 37.517570 37.517569 37.517568 37.517564 37.517549 37.517494 37.517306 37.516698 37.514828 37.509367 37.494210 37.454146 37.352898 37.106541 36.522490 35.147691 31.843910 23.442631 0.000000 
50.000000 44.074404 38.726982 34.367246 31.149098 28.992071 27.674654 26.938671 26.561089 26.382491 26.304301 26.272500 26.260441 26.256164 26.254741 26.254295 26.254164 26.254127 26.254117 26.254114 26.254114 26.254114 26.254114 26.254114 26.254114 26.254114 26.254114 26.254114 26.254114 26.254114 26.254114 26.254114 26.254113 26.254111 26.254105 26.254079 26.253988 26.253677 26.252677 26.249621 26.240763 26.216439 26.153120 25.996652 25.628760 24.802867 23.026260 19.363491 12.230495 0.000000 
50.000000 41.782675 34.367246 28.321655 23.859284 20.868463 19.041926 18.021599 17.498186 17.250632 17.142264 17.098194 17.081485 17.075560 17.073588 17.072970 17.072788 17.072737 17.072723 17.072720 17.072719 17.072719 17.072719 17.072719 17.072719 17.072719 17.072719 17.072719 17.072719 17.072719 17.072719 17.072719 17.072718 17.072716 17.072709 17.072680 17.072580 17.072239 17.071148 17.067840 17.058354 17.032661 16.967012 16.808901 16.450343 15.686027 14.160827 11.340987 6.634984 0.000000 
50.000000 40.090980 31.149098 23.859284 18.478800 14.872865 12.670842 11.440874 10.809980 10.511624 10.381033 10.327932 10.307802 10.300664 10.298289 10.297545 10.297325 10.297264 10.297248 10.297244 10.297243 10.297242 10.297242 10.297242 10.297242 10.297242 10.297242 10.297242 10.297242 10.297242 10.297242 10.297242 10.297242 10.297240 10.297233 10.297208 10.297120 10.296823 10.295880 10.293044 10.285003 10.263537 10.209711 10.083241 9.805695 9.239400 8.173257 6.346231 3.568489 0.000000 
50.000000 38.957044 28.992071 20.868463 14.872865 10.854944 8.401521 7.031250 6.328458 5.996136 5.850694 5.791562 5.769148 5.761201 5.758557 5.757729 5.757485 5.757417 5.757398 5.757394 5.757393 5.757393 5.757393 5.757392 5.757392 5.757392 5.757392 5.757392 5.757392 5.757392 5.757392 5.757392 5.757392 5.757391 5.757386 5.757367 5.757302 5.757084 5.756396 5.754345 5.748595 5.733457 5.696155 5.610422 5.427472 5.067170 4.418120 3.363311 1.850503 0.000000 
50.000000 38.264454 27.674654 19.041926 12.670842 8.401521 5.794757 4.338951 3.592351 3.239346 3.084867 3.022066 2.998265 2.989827 2.987020 2.986141 2.985882 2.985809 2.985790 2.985785 2.985784 2.985784 2.985784 2.985784 2.985784 2.985784 2.985784 2.985784 2.985784 2.985784 2.985784 2.985784 2.985784 2.985783 2.985779 2.985767 2.985725 2.985586 2.985149 2.983858 2.980274 2.970958 2.948353 2.897378 2.791098 2.587600 2.233025 1.678003 0.911556 0.000000 
50.000000 37.877513 26.938671 18.021599 11.440874 7.031250 4.338951 2.835460 2.064454 1.699933 1.540427 1.475587 1.451015 1.442304 1.439407 1.438500 1.438232 1.438157 1.438138 1.438133 1.438131 1.438131 1.438131 1.438131 1.438131 1.438131 1.438131 1.438131 1.438131 1.438131 1.438131 1.438131 1.438131 1.438130 1.438129 1.438122 1.438098 1.438019 1.437772 1.437050 1.435064 1.429957 1.417730 1.390598 1.335095 1.231163 1.054588 0.785552 0.423367 0.000000 
50.000000 37.678989 26.561089 17.498186 10.809980 6.328458 3.592351 2.064454 1.280964 0.910558 0.748484 0.682604 0.657638 0.648789 0.645846 0.644925 0.644653 0.644577 0.644557 0.644552 0.644550 0.644550 0.644550 0.644550 0.644550 0.644550 0.644550 0.644550 0.644550 0.644550 0.644550 0.644550 0.644550 0.644550 0.644549 0.644545 0.644533 0.644492 0.644367 0.644003 0.643010 0.640482 0.634497 0.621393 0.595000 0.546443 0.465525 0.344650 0.184779 0.000000 
50.000000 37.585080 26.382491 17.250632 10.511624 5.996136 3.239346 1.699933 0.910558 0.537380 0.374098 0.307728 0.282578 0.273664 0.270699 0.269771 0.269497 0.269421 0.269400 0.269395 0.269394 0.269394 0.269394 0.269394 0.269394 0.269394 0.269394 0.269394 0.269394 0.269394 0.269394 0.269394 0.269394 0.269394 0.269393 0.269392 0.269386 0.269367 0.269309 0.269142 0.268690 0.267548 0.264870 0.259071 0.247540 0.226621 0.192278 0.141728 0.075712 0.000000 
50.000000 37.543964 26.304301 17.142264 10.381033 5.850694 3.084867 1.540427 0.748484 0.374098 0.210290 0.143708 0.118477 0.109535 0.106560 0.105630 0.105355 0.105278 0.105258 0.105253 0.105251 0.105251 0.105251 0.105251 0.105251 0.105251 0.105251 0.105251 0.105251 0.105251 0.105251 0.105251 0.105251 0.105251 0.105251 0.105250 0.105248 0.105240 0.105215 0.105145 0.104956 0.104481 0.103377 0.101009 0.096349 0.087989 0.074424 0.054680 0.029136 0.000000 
50.000000 37.527240 26.272500 17.098194 10.327932 5.791562 3.022066 1.475587 0.682604 0.307728 0.143708 0.077039 0.051777 0.042823 0.039845 0.038913 0.038638 0.038561 0.038540 0.038535 0.038534 0.038534 0.038534 0.038534 0.038534 0.038534 0.038534 0.038534 0.038534 0.038534 0.038534 0.038534 0.038534 0.038534 0.038534 0.038533 0.038532 0.038529 0.038520 0.038492 0.038419 0.038236 0.037815 0.036917 0.035166 0.032052 0.027046 0.019822 0.010542 0.000000 
50.000000 37.520898 26.260441 17.081485 10.307802 5.769148 2.998265 1.451015 0.657638 0.282578 0.118477 0.051777 0.026502 0.017544 0.014564 0.013632 0.013357 0.013280 0.013259 0.013254 0.013253 0.013253 0.013253 0.013253 0.013253 0.013253 0.013253 0.013253 0.013253 0.013253 0.013253 0.013253 0.013253 0.013253 0.013253 0.013252 0.013252 0.013251 0.013248 0.013238 0.013211 0.013146 0.012996 0.012679 0.012064 0.010978 0.009246 0.006764 0.003592 0.000000 
50.000000 37.518648 26.256164 17.075560 10.300664 5.761201 2.989827 1.442304 0.648789 0.273664 0.109535 0.042823 0.017544 0.008584 0.005604 0.004671 0.004396 0.004319 0.004299 0.004294 0.004292 0.004292 0.004292 0.004292 0.004292 0.004292 0.004292 0.004292 0.004292 0.004292 0.004292 0.004292 0.004292 0.004292 0.004292 0.004292 0.004292 0.004291 0.004290 0.004287 0.004278 0.004256 0.004206 0.004101 0.003899 0.003544 0.002980 0.002177 0.001155 0.000000 
50.000000 37.517900 26.254741 17.073588 10.298289 5.758557 2.987020 1.439407 0.645846 0.270699 0.106560 0.039845 0.014564 0.005604 0.002624 0.001691 0.001416 0.001339 0.001319 0.001314 0.001312 0.001312 0.001312 0.001312 0.001312 0.001312 0.001312 0.001312 0.001312 0.001312 0.001312 0.001312 0.001312 0.001312 0.001312 0.001312 0.001312 0.001312 0.001311 0.001310 0.001308 0.001301 0.001285 0.001252 0.001190 0.001080 0.000907 0.000662 0.000351 0.000000 
50.000000 37.517665 26.254295 17.072970 10.297545 5.757729 2.986141 1.438500 0.644925 0.269771 0.105630 0.038913 0.013632 0.004671 0.001691 0.000759 0.000483 0.000406 0.000386 0.000381 0.000380 0.000379 0.000379 0.000379 0.000379 0.000379 0.000379 0.000379 0.000379 0.000379 0.000379 0.000379 0.000379 0.000379 0.000379 0.000379 0.000379 0.000379 0.000379 0.000379 0.000378 0.000376 0.000371 0.000362 0.000344 0.000312 0.000262 0.000191 0.000101 0.000000 
50.000000 37.517596 26.254164 17.072788 10.297325 5.757485 2.985882 1.438232 0.644653 0.269497 0.105355 0.038638 0.013357 0.004396 0.001416 0.000483 0.000208 0.000131 0.000111 0.000106 0.000104 0.000104 0.000104 0.000104 0.000104 0.000104 0.000104 0.000104 0.000104 0.000104 0.000104 0.000104 0.000104 0.000104 0.000104 0.000104 0.000104 0.000104 0.000104 0.000104 0.000104 0.000103 0.000102 0.000099 0.000094 0.000085 0.000072 0.000052 0.000028 0.000000 
50.000000 37.517576 26.254127 17.072737 10.297264 5.757417 2.985809 1.438157 0.644577 0.269421 0.105278 0.038561 0.013280 0.004319 0.001339 0.000406 0.000131 0.000054 0.000034 0.000029 0.000027 0.000027 0.000027 0.000027 0.000027 0.000027 0.000027 0.000027 0.000027 0.000027 0.000027 0.000027 0.000027 0.000027 0.000027 0.000027 0.000027 0.000027 0.000027 0.000027 0.000027 0.000027 0.000026 0.000026 0.000024 0.000022 0.000019 0.000014 0.000007 0.000000 
50.000000 37.517571 26.254117 17.072723 10.297248 5.757398 2.985790 1.438138 0.644557 0.269400 0.105258 0.038540 0.013259 0.004299 0.001319 0.000386 0.000111 0.000034 0.000013 0.000008 0.000007 0.000007 0.000007 0.000007 0.000007 0.000007 0.000007 0.000007 0.000007 0.000007 0.000007 0.000007 0.000007 0.000007 0.000007 0.000007 0.000007 0.000007 0.000007 0.000007 0.000007 0.000007 0.000007 0.000006 0.000006 0.000005 0.000005 0.000003 0.000002 0.000000 
50.000000 37.517570 26.254114 17.072720 10.297244 5.757394 2.985785 1.438133 0.644552 0.269395 0.105253 0.038535 0.013254 0.004294 0.001314 0.000381 0.000106 0.000029 0.000008 0.000003 0.000002 0.000002 0.000002 0.000002 0.000002 0.000002 0.000002 0.000002 0.000002 0.000002 0.000002 0.000002 0.000002 0.000002 0.000002 0.000002 0.000002 0.000002 0.000002 0.000002 0.000002 0.000002 0.000002 0.000002 0.000001 0.000001 0.000001 0.000001 0.000000 0.000000 
50.000000 37.517570 26.254114 17.072719 10.297243 5.757393 2.985784 1.438131 0.644550 0.269394 0.105251 0.038534 0.013253 0.004292 0.001312 0.000380 0.000104 0.000027 0.000007 0.000002 0.000001 0.000000 0.000000 0.000000 0.000000 0.000000 0.000000 0.000000 0.000000 0.000000 0.000000 0.000000 0.000000 0.000000 0.000000 0.000000 0.000000 0.000000 0.000000 0.000000 0.000000 0.000000 0.000000 0.000000 0.000000 0.000000 0.000000 0.000000 0.000000 0.000000 
50.000000 37.517570 26.254114 17.072719 10.297242 5.757393 2.985784 1.438131 0.644550 0.269394 0.105251 0.038534 0.013253 0.004292 0.001312 0.000379 0.000104 0.000027 0.000007 0.000002 0.000000 0.000000 0.000000 0.000000 0.000000 0.000000 0.000000 0.000000 0.000000 0.000000 0.000000 0.000000 0.000000 0.000000 0.000000 0.000000 0.000000 0.000000 0.000000 0.000000 0.000000 0.000000 0.000000 0.000000 0.000000 0.000000 0.000000 0.000000 0.000000 0.000000 
50.000000 37.517570 26.254114 17.072719 10.297242 5.757393 2.985784 1.438131 0.644550 0.269394 0.105251 0.038534 0.013253 0.004292 0.001312 0.000379 0.000104 0.000027 0.000007 0.000002 0.000000 0.000000 0.000000 0.000000 0.000000 0.000000 0.000000 0.000000 0.000000 0.000000 0.000000 0.000000 0.000000 0.000000 0.000000 0.000000 0.000000 0.000000 0.000000 0.000000 0.000000 0.000000 0.000000 0.000000 0.000000 0.000000 0.000000 0.000000 0.000000 0.000000 
50.000000 37.517570 26.254114 17.072719 10.297242 5.757392 2.985784 1.438131 0.644550 0.269394 0.105251 0.038534 0.013253 0.004292 0.001312 0.000379 0.000104 0.000027 0.000007 0.000002 0.000000 0.000000 0.000000 0.000000 0.000000 0.000000 0.000000 0.000000 0.000000 0.000000 0.000000 0.000000 0.000000 0.000000 0.000000 0.000000 0.000000 0.000000 0.000000 0.000000 0.000000 0.000000 0.000000 0.000000 0.000000 0.000000 0.000000 0.000000 0.000000 0.000000 
50.000000 37.517570 26.254114 17.072719 10.297242 5.757392 2.985784 1.438131 0.644550 0.269394 0.105251 0.038534 0.013253 0.004292 0.001312 0.000379 0.000104 0.000027 0.000007 0.000002 0.000000 0.000000 0.000000 0.000000 0.000000 0.000000 0.000000 0.000000 0.000000 0.000000 0.000000 0.000000 0.000000 0.000000 0.000000 0.000000 0.000000 0.000000 0.000000 0.000000 0.000000 0.000000 0.000000 0.000000 0.000000 0.000000 0.000000 0.000000 0.000000 0.000000 
50.000000 37.517570 26.254114 17.072719 10.297242 5.757392 2.985784 1.438131 0.644550 0.269394 0.105251 0.038534 0.013253 0.004292 0.001312 0.000379 0.000104 0.000027 0.000007 0.000002 0.000000 0.000000 0.000000 0.000000 0.000000 0.000000 0.000000 0.000000 0.000000 0.000000 0.000000 0.000000 0.000000 0.000000 0.000000 0.000000 0.000000 0.000000 0.000000 0.000000 0.000000 0.000000 0.000000 0.000000 0.000000 0.000000 0.000000 0.000000 0.000000 0.000000 
50.000000 37.517570 26.254114 17.072719 10.297242 5.757392 2.985784 1.438131 0.644550 0.269394 0.105251 0.038534 0.013253 0.004292 0.001312 0.000379 0.000104 0.000027 0.000007 0.000002 0.000000 0.000000 0.000000 0.000000 0.000000 0.000000 0.000000 0.000000 0.000000 0.000000 0.000000 0.000000 0.000000 0.000000 0.000000 0.000000 0.000000 0.000000 0.000000 0.000000 0.000000 0.000000 0.000000 0.000000 0.000000 0.000000 0.000000 0.000000 0.000000 0.000000 
50.000000 37.517570 26.254114 17.072719 10.297242 5.757393 2.985784 1.438131 0.644550 0.269394 0.105251 0.038534 0.013253 0.004292 0.001312 0.000379 0.000104 0.000027 0.000007 0.000002 0.000000 0.000000 0.000000 0.000000 0.000000 0.000000 0.000000 0.000000 0.000000 0.000000 0.000000 0.000000 0.000000 0.000000 0.000000 0.000000 0.000000 0.000000 0.000000 0.000000 0.000000 0.000000 0.000000 0.000000 0.000000 0.000000 0.000000 0.000000 0.000000 0.000000 
50.000000 37.517570 26.254114 17.072719 10.297242 5.757393 2.985784 1.438131 0.644550 0.269394 0.105251 0.038534 0.013253 0.004292 0.001312 0.000379 0.000104 0.000027 0.000007 0.000002 0.000000 0.000000 0.000000 0.000000 0.000000 0.000000 0.000000 0.000000 0.000000 0.000000 0.000000 0.000000 0.000000 0.000000 0.000000 0.000000 0.000000 0.000000 0.000000 0.000000 0.000000 0.000000 0.000000 0.000000 0.000000 0.000000 0.000000 0.000000 0.000000 0.000000 
50.000000 37.517570 26.254114 17.072719 10.297243 5.757393 2.985784 1.438131 0.644550 0.269394 0.105251 0.038534 0.013253 0.004292 0.001312 0.000380 0.000104 0.000027 0.000007 0.000002 0.000001 0.000000 0.000000 0.000000 0.000000 0.000000 0.000000 0.000000 0.000000 0.000000 0.000000 0.000000 0.000000 0.000000 0.000000 0.000000 0.000000 0.000000 0.000000 0.000000 0.000000 0.000000 0.000000 0.000000 0.000000 0.000000 0.000000 0.000000 0.000000 0.000000 
50.000000 37.517570 26.254114 17.072720 10.297244 5.757394 2.985785 1.438133 0.644552 0.269395 0.105253 0.038535 0.013254 0.004294 0.001314 0.000381 0.000106 0.000029 0.000008 0.000003 0.000002 0.000002 0.000002 0.000002 0.000002 0.000002 0.000002 0.000002 0.000002 0.000002 0.000002 0.000002 0.000002 0.000002 0.000002 0.000002 0.000002 0.000002 0.000002 0.000002 0.000002 0.000002 0.000002 0.000002 0.000001 0.000001 0.000001 0.000001 0.000000 0.000000 
50.000000 37.517571 26.254117 17.072723 10.297248 5.757398 2.985790 1.438138 0.644557 0.269400 0.105258 0.038540 0.013259 0.004299 0.001319 0.000386 0.000111 0.000034 0.000013 0.000008 0.000007 0.000007 0.000007 0.000007 0.000007 0.000007 0.000007 0.000007 0.000007 0.000007 0.000007 0.000007 0.000007 0.000007 0.000007 0.000007 0.000007 0.000007 0.000007 0.000007 0.000007 0.000007 0.000007 0.000006 0.000006 0.000005 0.000005 0.000003 0.000002 0.000000 
50.000000 37.517576 26.254127 17.072737 10.297264 5.757417 2.985809 1.438157 0.644577 0.269421 0.105278 0.038561 0.013280 0.004319 0.001339 0.000406 0.000131 0.000054 0.000034 0.000029 0.000027 0.000027 0.000027 0.000027 0.000027 0.000027 0.000027 0.000027 0.000027 0.000027 0.000027 0.000027 0.000027 0.000027 0.000027 0.000027 0.000027 0.000027 0.000027 0.000027 0.000027 0.000027 0.000026 0.000026 0.000024 0.000022 0.000019 0.000014 0.000007 0.000000 
50.000000 37.517596 26.254164 17.072788 10.297325 5.757485 2.985882 1.438232 0.644653 0.269497 0.105355 0.038638 0.013357 0.004396 0.001416 0.000483 0.000208 0.000131 0.000111 0.000106 0.000104 0.000104 0.000104 0.000104 0.000104 0.000104 0.000104 0.000104 0.000104 0.000104 0.000104 0.000104 0.000104 0.000104 0.000104 0.000104 0.000104 0.000104 0.000104 0.000104 0.000104 0.000103 0.000102 0.000099 0.000094 0.000085 0.000072 0.000052 0.000028 0.000000 
50.000000 37.517665 26.254295 17.072970 10.297545 5.757729 2.986141 1.438500 0.644925 0.269771 0.105630 0.038913 0.013632 0.004671 0.001691 0.000759 0.000483 0.000406 0.000386 0.000381 0.000380 0.000379 0.000379 0.000379 0.000379 0.000379 0.000379 0.000379 0.000379 0.000379 0.000379 0.000379 0.000379 0.000379 0.000379 0.000379 0.000379 0.000379 0.000379 0.000379 0.000378 0.000376 0.000371 0.000362 0.000344 0.000312 0.000262 0.000191 0.000101 0.000000 
50.000000 37.517900 26.254741 17.073588 10.298289 5.758557 2.987020 1.439407 0.645846 0.270699 0.106560 0.039845 0.014564 0.005604 0.002624 0.001691 0.001416 0.001339 0.001319 0.001314 0.001312 0.001312 0.001312 0.001312 0.001312 0.001312 0.001312 0.001312 0.001312 0.001312 0.001312 0.001312 0.001312 0.001312 0.001312 0.001312 0.001312 0.001312 0.001311 0.001310 0.001308 0.001301 0.001285 0.001252 0.001190 0.001080 0.000907 0.000662 0.000351 0.000000 
50.000000 37.518648 26.256164 17.075560 10.300664 5.761201 2.989827 1.442304 0.648789 0.273664 0.109535 0.042823 0.017544 0.008584 0.005604 0.004671 0.004396 0.004319 0.004299 0.004294 0.004292 0.004292 0.004292 0.004292 0.004292 0.004292 0.004292 0.004292 0.004292 0.004292 0.004292 0.004292 0.004292 0.004292 0.004292 0.004292 0.004292 0.004291 0.004290 0.004287 0.004278 0.004256 0.004206 0.004101 0.003899 0.003544 0.002980 0.002177 0.001155 0.000000 
50.000000 37.520898 26.260441 17.081485 10.307802 5.769148 2.998265 1.451015 0.657638 0.282578 0.118477 0.051777 0.026502 0.017544 0.014564 0.013632 0.013357 0.013280 0.013259 0.013254 0.013253 0.013253 0.013253 0.013253 0.013253 0.013253 0.013253 0.013253 0.013253 0.013253 0.013253 0.013253 0.013253 0.013253 0.013253 0.013252 0.013252 0.013251 0.013248 0.013238 0.013211 0.013146 0.012996 0.012679 0.012064 0.010978 0.009246 0.006764 0.003592 0.000000 
50.000000 37.527240 26.272500 17.098194 10.327932 5.791562 3.022066 1.475587 0.682604 0.307728 0.143708 0.077039 0.051777 0.042823 0.039845 0.038913 0.038638 0.038561 0.038540 0.038535 0.038534 0.038534 0.038534 0.038534 0.038534 0.038534 0.038534 0.038534 0.038534 0.038534 0.038534 0.038534 0.038534 0.038534 0.038534 0.038533 0.038532 0.038529 0.038520 0.038492 0.038419 0.038236 0.037815 0.036917 0.035166 0.032052 0.027046 0.019822 0.010542 0.000000 
50.000000 37.543964 26.304301 17.142264 10.381033 5.850694 3.084867 1.540427 0.748484 0.374098 0.210290 0.143708 0.118477 0.109535 0.106560 0.105630 0.105355 0.105278 0.105258 0.105253 0.105251 0.105251 0.105251 0.105251 0.105251 0.105251 0.105251 0.105251 0.105251 0.105251 0.105251 0.105251 0.105251 0.105251 0.105251 0.105250 0.105248 0.105240 0.105215 0.105145 0.104956 0.104481 0.103377 0.101009 0.096349 0.087989 0.074424 0.054680 0.029136 0.000000 
50.000000 37.585080 26.382491 17.250632 10.511624 5.996136 3.239346 1.699933 0.910558 0.537380 0.374098 0.307728 0.282578 0.273664 0.270699 0.269771 0.269497 0.269421 0.269400 0.269395 0.269394 0.269394 0.269394 0.269394 0.269394 0.269394 0.269394 0.269394 0.269394 0.269394 0.269394 0.269394 0.269394 0.269394 0.269393 0.269392 0.269386 0.269367 0.269309 0.269142 0.268690 0.267548 0.264870 0.259071 0.247540 0.226621 0.192278 0.141728 0.075712 0.000000 
50.000000 37.678989 26.561089 17.498186 10.809980 6.328458 3.592351 2.064454 1.280964 0.910558 0.748484 0.682604 0.657638 0.648789 0.645846 0.644925 0.644653 0.644577 0.644557 0.644552 0.644550 0.644550 0.644550 0.644550 0.644550 0.644550 0.644550 0.644550 0.644550 0.644550 0.644550 0.644550 0.644550 0.644550 0.644549 0.644545 0.644533 0.644492 0.644367 0.644003 0.643010 0.640482 0.634497 0.621393 0.595000 0.546443 0.465525 0.344650 0.184779 0.000000 
50.000000 37.877513 26.938671 18.021599 11.440874 7.031250 4.338951 2.835460 2.064454 1.699933 1.540427 1.475587 1.451015 1.442304 1.439407 1.438500 1.438232 1.438157 1.438138 1.438133 1.438131 1.438131 1.438131 1.438131 1.438131 1.438131 1.438131 1.438131 1.438131 1.438131 1.438131 1.438131 1.438131 1.438130 1.438129 1.438122 1.438098 1.438019 1.437772 1.437050 1.435064 1.429957 1.417730 1.390598 1.335095 1.231163 1.054588 0.785552 0.423367 0.000000 
50.000000 38.264454 27.674654 19.041926 12.670842 8.401521 5.794757 4.338951 3.592351 3.239346 3.084867 3.022066 2.998265 2.989827 2.987020 2.986141 2.985882 2.985809 2.985790 2.985785 2.985784 2.985784 2.985784 2.985784 2.985784 2.985784 2.985784 2.985784 2.985784 2.985784 2.985784 2.985784 2.985784 2.985783 2.985779 2.985767 2.985725 2.985586 2.985149 2.983858 2.980274 2.970958 2.948353 2.897378 2.791098 2.587600 2.233025 1.678003 0.911556 0.000000 
50.000000 38.957044 28.992071 20.868463 14.872865 10.854944 8.401521 7.031250 6.328458 5.996136 5.850694 5.791562 5.769148 5.761201 5.758557 5.757729 5.757485 5.757417 5.757398 5.757394 5.757393 5.757393 5.757393 5.757392 5.757392 5.757392 5.757392 5.757392 5.757392 5.757392 5.757392 5.757392 5.757392 5.757391 5.757386 5.757367 5.757302 5.757084 5.756396 5.754345 5.748595 5.733457 5.696155 5.610422 5.427472 5.067170 4.418120 3.363311 1.850503 0.000000 
50.000000 40.090980 31.149098 23.859284 18.478800 14.872865 12.670842 11.440874 10.809980 10.511624 10.381033 10.327932 10.307802 10.300664 10.298289 10.297545 10.297325 10.297264 10.297248 10.297244 10.297243 10.297242 10.297242 10.297242 10.297242 10.297242 10.297242 10.297242 10.297242 10.297242 10.297242 10.297242 10.297242 10.297240 10.297233 10.297208 10.297120 10.296823 10.295880 10.293044 10.285003 10.263537 10.209711 10.083241 9.805695 9.239400 8.173257 6.346231 3.568489 0.000000 
50.000000 41.782675 34.367246 28.321655 23.859284 20.868463 19.041926 18.021599 17.498186 17.250632 17.142264 17.098194 17.081485 17.075560 17.073588 17.072970 17.072788 17.072737 17.072723 17.072720 17.072719 17.072719 17.072719 17.072719 17.072719 17.072719 17.072719 17.072719 17.072719 17.072719 17.072719 17.072719 17.072718 17.072716 17.072709 17.072680 17.072580 17.072239 17.071148 17.067840 17.058354 17.032661 16.967012 16.808901 16.450343 15.686027 14.160827 11.340987 6.634984 0.000000 
50.000000 44.074404 38.726982 34.367246 31.149098 28.992071 27.674654 26.938671 26.561089 26.382491 26.304301 26.272500 26.260441 26.256164 26.254741 26.254295 26.254164 26.254127 26.254117 26.254114 26.254114 26.254114 26.254114 26.254114 26.254114 26.254114 26.254114 26.254114 26.254114 26.254114 26.254114 26.254114 26.254113 26.254111 26.254105 26.254079 26.253988 26.253677 26.252677 26.249621 26.240763 26.216439 26.153120 25.996652 25.628760 24.802867 23.026260 19.363491 12.230495 0.000000 
50.000000 46.885261 44.074404 41.782675 40.090980 38.957044 38.264454 37.877513 37.678989 37.585080 37.543964 37.527240 37.520898 37.518648 37.517900 37.517665 37.517596 37.517576 37.517571 37.517570 37.517570 37.517570 37.517570 37.517570 37.517570 37.517570 37.517570 37.517570 37.517570 37.517570 37.517570 37.517570 37.517569 37.517568 37.517564 37.517549 37.517494 37.517306 37.516698 37.514828 37.509367 37.494210 37.454146 37.352898 37.106541 36.522490 35.147691 31.843910 23.442631 0.000000 
50.000000 50.000000 50.000000 50.000000 50.000000 50.000000 50.000000 50.000000 50.000000 50.000000 50.000000 50.000000 50.000000 50.000000 50.000000 50.000000 50.000000 50.000000 50.000000 50.000000 50.000000 50.000000 50.000000 50.000000 50.000000 50.000000 50.000000 50.000000 50.000000 50.000000 50.000000 50.000000 50.000000 50.000000 50.000000 50.000000 50.000000 50.000000 50.000000 50.000000 50.000000 50.000000 50.000000 50.000000 50.000000 50.000000 50.000000 50.000000 50.000000 50.000000 
