50.000000 50.000000 50.000000 50.000000 50.000000 50.000000 50.000000 50.000000 50.000000 50.000000 50.000000 50.000000 50.000000 50.000000 50.000000 50.000000 50.000000 50.000000 50.000000 50.000000 50.000000 50.000000 50.000000 50.000000 50.000000 50.000000 50.000000 50.000000 50.000000 50.000000 50.000000 50.000000 50.000000 50.000000 50.000000 50.000000 50.000000 50.000000 50.000000 50.000000 50.000000 50.000000 50.000000 50.000000 50.000000 50.000000 50.000000 50.000000 50.000000 50.000000 
50.000000 48.652023 47.361072 46.176943 45.136500 44.260571 43.553791 43.006996 42.601229 42.312259 42.114659 41.984844 41.902860 41.853053 41.823927 41.807521 41.798614 41.793949 41.791591 41.790440 41.789897 41.789649 41.789539 41.789492 41.789473 41.789464 41.789460 41.789457 41.789450 41.789433 41.789395 41.789305 41.789101 41.788654 41.787695 41.785697 41.781644 41.773634 41.758193 41.729102 41.675419 41.578045 41.403570 41.092544 40.535091 39.514819 37.564406 33.548917 24.326011 0.000000 
50.000000 47.361072 44.833785 42.515628 40.478768 38.763978 37.380335 36.309895 35.515545 34.949844 34.563018 34.308891 34.148398 34.050897 33.993881 33.961766 33.944329 33.935198 33.930583 33.928329 33.927266 33.926781 33.926566 33.926474 33.926436 33.926420 33.926412 33.926405 33.926392 33.926362 33.926290 33.926124 33.925748 33.924921 33.923152 33.919475 33.912036 33.897379 33.869236 33.816496 33.719858 33.546275 33.239596 32.704268 31.775837 30.165547 27.355628 22.416893 13.812155 0.000000 
50.000000 46.176943 42.515628 39.157290 36.206481 33.722269 31.717801 30.167079 29.016330 28.196827 27.636457 27.268323 27.035833 26.894594 26.812003 26.765483 26.740227 26.727000 26.720315 26.717051 26.715511 26.714808 26.714497 26.714364 26.714309 26.714285 26.714274 26.714265 26.714247 26.714207 26.714113 26.713893 26.713397 26.712310 26.709991 26.705185 26.695499 26.676507 26.640262 26.572868 26.450637 26.234073 25.858553 25.220018 24.153326 22.401347 19.578645 15.160000 8.612538 0.000000 
50.000000 45.136500 40.478768 36.206481 32.452647 29.292409 26.742488 24.769805 23.305946 22.263476 21.550652 21.082371 20.786639 20.606984 20.501930 20.442759 20.410635 20.393812 20.385309 20.381158 20.379199 20.378305 20.377910 20.377741 20.377670 20.377641 20.377628 20.377616 20.377597 20.377552 20.377446 20.377201 20.376649 20.375442 20.372876 20.367580 20.356959 20.336260 20.297051 20.224832 20.095417 19.869656 19.486069 18.851147 17.827952 16.226323 13.805134 10.313221 5.621681 0.000000 
50.000000 44.260571 38.763978 33.722269 29.292409 25.563074 22.553990 20.226113 18.498699 17.268559 16.427422 15.874858 15.525905 15.313923 15.189969 15.120154 15.082252 15.062404 15.052373 15.047475 15.045164 15.044109 15.043643 15.043444 15.043361 15.043326 15.043311 15.043298 15.043279 15.043234 15.043128 15.042884 15.042335 15.041140 15.038611 15.033413 15.023047 15.002982 14.965290 14.896570 14.774976 14.566201 14.218502 13.657363 12.781537 11.464457 9.568942 6.988141 3.725480 0.000000 
50.000000 43.553791 37.380335 31.717801 26.742488 22.553990 19.174455 16.560022 14.619994 13.238467 12.293832 11.673289 11.281414 11.043363 10.904169 10.825771 10.783211 10.760925 10.749661 10.744162 10.741568 10.740383 10.739860 10.739636 10.739543 10.739505 10.739488 10.739476 10.739457 10.739415 10.739319 10.739096 10.738598 10.737516 10.735236 10.730574 10.721333 10.703575 10.670500 10.610820 10.506542 10.330214 10.041976 9.587228 8.896627 7.891341 6.497782 4.676066 2.461247 0.000000 
50.000000 43.006996 36.309895 30.167079 24.769805 20.226113 16.560022 13.723940 11.619468 10.120860 9.096187 8.423079 7.998017 7.739813 7.588837 7.503807 7.457646 7.433476 7.421260 7.415297 7.412483 7.411198 7.410631 7.410388 7.410287 7.410246 7.410228 7.410216 7.410200 7.410165 7.410083 7.409894 7.409474 7.408566 7.406660 7.402784 7.395148 7.380578 7.353673 7.305615 7.222641 7.084317 6.861970 6.518045 6.007611 5.283736 4.308525 3.070300 1.603426 0.000000 
50.000000 42.601229 35.515545 29.016330 23.305946 18.498699 14.619994 11.619468 9.393000 7.807542 6.723503 6.011410 5.561738 5.288589 5.128879 5.038931 4.990103 4.964536 4.951614 4.945307 4.942330 4.940972 4.940372 4.940115 4.940009 4.939965 4.939947 4.939936 4.939922 4.939894 4.939829 4.939680 4.939348 4.938635 4.937144 4.934128 4.928222 4.917033 4.896541 4.860285 4.798380 4.696500 4.535151 4.289780 3.932497 3.436290 2.782257 1.969269 1.023184 0.000000 
50.000000 42.312259 34.949844 28.196827 22.263476 17.268559 13.238467 10.120860 7.807542 6.160260 5.033965 4.294126 3.826941 3.543159 3.377235 3.283790 3.233064 3.206504 3.193081 3.186528 3.183437 3.182026 3.181403 3.181136 3.181025 3.180980 3.180962 3.180952 3.180941 3.180919 3.180870 3.180759 3.180513 3.179985 3.178886 3.176676 3.172373 3.164275 3.149559 3.123751 3.080130 3.009162 2.898219 2.731925 2.493583 2.168059 1.746190 1.229987 0.636839 0.000000 
50.000000 42.114659 34.563018 27.636457 21.550652 16.427422 12.293832 9.096187 6.723503 5.033965 3.878793 3.119994 2.640844 2.349799 2.179631 2.083797 2.031775 2.004537 1.990772 1.984053 1.980882 1.979436 1.978796 1.978523 1.978410 1.978364 1.978345 1.978336 1.978327 1.978312 1.978277 1.978199 1.978026 1.977656 1.976890 1.975356 1.972387 1.966836 1.956820 1.939396 1.910214 1.863218 1.790572 1.683012 1.530852 1.325819 1.063589 0.746522 0.385557 0.000000 
50.000000 41.984844 34.308891 27.268323 21.082371 15.874858 11.673289 8.423079 6.011410 4.294126 3.119994 2.348751 1.861747 1.565935 1.392983 1.295582 1.242710 1.215028 1.201038 1.194209 1.190987 1.189517 1.188868 1.188590 1.188474 1.188428 1.188409 1.188401 1.188394 1.188383 1.188360 1.188307 1.188192 1.187946 1.187438 1.186427 1.184481 1.180862 1.174375 1.163175 1.144567 1.114868 1.069406 1.002789 0.909569 0.785320 0.628062 0.439655 0.226652 0.000000 
50.000000 41.902860 34.148398 27.035833 20.786639 15.525905 11.281414 7.998017 5.561738 3.826941 2.640844 1.861747 1.369789 1.070971 0.896261 0.797872 0.744465 0.716503 0.702371 0.695474 0.692219 0.690734 0.690078 0.689798 0.689681 0.689634 0.689616 0.689608 0.689602 0.689595 0.689580 0.689546 0.689473 0.689317 0.688997 0.688362 0.687145 0.684894 0.680885 0.674008 0.662666 0.644704 0.617439 0.577839 0.522923 0.450379 0.359326 0.251019 0.129225 0.000000 
50.000000 41.853053 34.050897 26.894594 20.606984 15.313923 11.043363 7.739813 5.288589 3.543159 2.349799 1.565935 1.070971 0.770328 0.594553 0.495565 0.441833 0.413701 0.399484 0.392544 0.389270 0.387776 0.387116 0.386834 0.386717 0.386670 0.386651 0.386643 0.386639 0.386634 0.386625 0.386605 0.386560 0.386466 0.386273 0.385891 0.385164 0.383826 0.381455 0.377412 0.370787 0.360367 0.344665 0.322030 0.290877 0.250025 0.199096 0.138861 0.071409 0.000000 
50.000000 41.823927 33.993881 26.812003 20.501930 15.189969 10.904169 7.588837 5.128879 3.377235 2.179631 1.392983 0.896261 0.594553 0.418157 0.318819 0.264897 0.236666 0.222399 0.215435 0.212149 0.210650 0.209988 0.209704 0.209587 0.209540 0.209521 0.209514 0.209510 0.209507 0.209501 0.209489 0.209464 0.209409 0.209298 0.209078 0.208662 0.207900 0.206555 0.204275 0.200559 0.194751 0.186053 0.173594 0.156556 0.134350 0.106818 0.074405 0.038230 0.000000 
50.000000 41.807521 33.961766 26.765483 20.442759 15.120154 10.825771 7.503807 5.038931 3.283790 2.083797 1.295582 0.797872 0.495565 0.318819 0.219284 0.165256 0.136969 0.122674 0.115696 0.112404 0.110902 0.110238 0.109954 0.109837 0.109789 0.109771 0.109764 0.109761 0.109758 0.109755 0.109748 0.109734 0.109704 0.109642 0.109521 0.109292 0.108875 0.108143 0.106907 0.104903 0.101787 0.097147 0.090536 0.081543 0.069883 0.055492 0.038613 0.019826 0.000000 
50.000000 41.798614 33.944329 26.740227 20.410635 15.082252 10.783211 7.457646 4.990103 3.233064 2.031775 1.242710 0.744465 0.441833 0.264897 0.165256 0.111170 0.082852 0.068542 0.061557 0.058262 0.056758 0.056094 0.055810 0.055692 0.055644 0.055626 0.055619 0.055616 0.055614 0.055612 0.055609 0.055601 0.055585 0.055552 0.055488 0.055367 0.055148 0.054764 0.054120 0.053079 0.051468 0.049080 0.045695 0.041111 0.035193 0.027917 0.019409 0.009960 0.000000 
50.000000 41.793949 33.935198 26.727000 20.393812 15.062404 10.760925 7.433476 4.964536 3.206504 2.004537 1.215028 0.716503 0.413701 0.236666 0.136969 0.082852 0.054519 0.040201 0.033212 0.029915 0.028410 0.027746 0.027462 0.027344 0.027296 0.027278 0.027271 0.027268 0.027267 0.027266 0.027264 0.027260 0.027251 0.027235 0.027202 0.027141 0.027030 0.026836 0.026512 0.025991 0.025188 0.024002 0.022327 0.020069 0.017164 0.013603 0.009451 0.004848 0.000000 
50.000000 41.791591 33.930583 26.720315 20.385309 15.052373 10.749661 7.421260 4.951614 3.193081 1.990772 1.201038 0.702371 0.399484 0.222399 0.122674 0.068542 0.040201 0.025879 0.018888 0.015590 0.014085 0.013420 0.013136 0.013018 0.012971 0.012952 0.012945 0.012942 0.012941 0.012941 0.012940 0.012938 0.012934 0.012925 0.012909 0.012879 0.012825 0.012731 0.012574 0.012322 0.011935 0.011366 0.010565 0.009489 0.008109 0.006422 0.004459 0.002286 0.000000 
50.000000 41.790440 33.928329 26.717051 20.381158 15.047475 10.744162 7.415297 4.945307 3.186529 1.984053 1.194209 0.695474 0.392544 0.215435 0.115696 0.061557 0.033212 0.018888 0.011897 0.008598 0.007093 0.006428 0.006143 0.006026 0.005978 0.005960 0.005953 0.005950 0.005949 0.005949 0.005948 0.005947 0.005945 0.005941 0.005934 0.005919 0.005894 0.005850 0.005776 0.005658 0.005478 0.005214 0.004844 0.004348 0.003713 0.002939 0.002039 0.001045 0.000000 
50.000000 41.789897 33.927266 26.715511 20.379200 15.045164 10.741568 7.412483 4.942331 3.183437 1.980883 1.190988 0.692220 0.389270 0.212150 0.112404 0.058262 0.029916 0.015590 0.008598 0.005299 0.003794 0.003129 0.002845 0.002727 0.002679 0.002661 0.002654 0.002651 0.002650 0.002650 0.002650 0.002649 0.002648 0.002647 0.002643 0.002637 0.002625 0.002605 0.002572 0.002518 0.002437 0.002319 0.002153 0.001931 0.001648 0.001304 0.000904 0.000463 0.000000 
50.000000 41.789649 33.926781 26.714808 20.378306 15.044110 10.740384 7.411200 4.940973 3.182027 1.979437 1.189518 0.690735 0.387777 0.210651 0.110903 0.056759 0.028412 0.014086 0.007094 0.003795 0.002290 0.001625 0.001340 0.001222 0.001175 0.001156 0.001149 0.001147 0.001146 0.001146 0.001145 0.001145 0.001145 0.001144 0.001142 0.001140 0.001134 0.001126 0.001111 0.001088 0.001052 0.001001 0.000929 0.000833 0.000710 0.000562 0.000389 0.000200 0.000000 
50.000000 41.789540 33.926567 26.714499 20.377913 15.043646 10.739863 7.410635 4.940376 3.181406 1.978800 1.188871 0.690082 0.387120 0.209992 0.110242 0.056098 0.027750 0.013424 0.006432 0.003133 0.001627 0.000962 0.000678 0.000560 0.000513 0.000494 0.000487 0.000485 0.000484 0.000483 0.000483 0.000483 0.000483 0.000483 0.000482 0.000481 0.000478 0.000475 0.000468 0.000459 0.000443 0.000422 0.000391 0.000350 0.000299 0.000236 0.000164 0.000084 0.000000 
50.000000 41.789494 33.926478 26.714369 20.377748 15.043452 10.739645 7.410398 4.940125 3.181146 1.978534 1.188601 0.689808 0.386845 0.209715 0.109965 0.055821 0.027473 0.013147 0.006154 0.002855 0.001350 0.000685 0.000401 0.000283 0.000235 0.000217 0.000210 0.000207 0.000206 0.000206 0.000206 0.000206 0.000206 0.000205 0.000205 0.000205 0.000204 0.000202 0.000199 0.000195 0.000189 0.000179 0.000166 0.000149 0.000127 0.000100 0.000069 0.000036 0.000000 
50.000000 41.789478 33.926446 26.714323 20.377689 15.043382 10.739567 7.410313 4.940036 3.181053 1.978438 1.188503 0.689710 0.386746 0.209616 0.109866 0.055721 0.027373 0.013047 0.006055 0.002756 0.001250 0.000586 0.000301 0.000183 0.000136 0.000117 0.000110 0.000108 0.000107 0.000107 0.000106 0.000106 0.000106 0.000106 0.000106 0.000106 0.000105 0.000104 0.000103 0.000101 0.000097 0.000093 0.000086 0.000077 0.000065 0.000052 0.000036 0.000018 0.000000 
50.000000 41.789478 33.926446 26.714323 20.377689 15.043382 10.739567 7.410313 4.940036 3.181053 1.978438 1.188503 0.689710 0.386746 0.209616 0.109866 0.055721 0.027373 0.013047 0.006055 0.002756 0.001250 0.000586 0.000301 0.000183 0.000136 0.000117 0.000110 0.000108 0.000107 0.000107 0.000106 0.000106 0.000106 0.000106 0.000106 0.000106 0.000105 0.000104 0.000103 0.000101 0.000097 0.000093 0.000086 0.000077 0.000065 0.000052 0.000036 0.000018 0.000000 
50.000000 41.789494 33.926478 26.714369 20.377748 15.043452 10.739645 7.410398 4.940125 3.181146 1.978534 1.188601 0.689808 0.386845 0.209715 0.109965 0.055821 0.027473 0.013147 0.006154 0.002855 0.001350 0.000685 0.000401 0.000283 0.000235 0.000217 0.000210 0.000207 0.000206 0.000206 0.000206 0.000206 0.000206 0.000205 0.000205 0.000205 0.000204 0.000202 0.000199 0.000195 0.000189 0.000179 0.000166 0.000149 0.000127 0.000100 0.000069 0.000036 0.000000 
50.000000 41.789540 33.926567 26.714499 20.377913 15.043646 10.739863 7.410635 4.940376 3.181406 1.978800 1.188871 0.690082 0.387120 0.209992 0.110242 0.056098 0.027750 0.013424 0.006432 0.003133 0.001627 0.000962 0.000678 0.000560 0.000513 0.000494 0.000487 0.000485 0.000484 0.000483 0.000483 0.000483 0.000483 0.000483 0.000482 0.000481 0.000478 0.000475 0.000468 0.000459 0.000443 0.000422 0.000391 0.000350 0.000299 0.000236 0.000164 0.000084 0.000000 
50.000000 41.789649 33.926781 26.714808 20.378306 15.044110 10.740384 7.411200 4.940973 3.182027 1.979437 1.189518 0.690735 0.387777 0.210651 0.110903 0.056759 0.028412 0.014086 0.007094 0.003795 0.002290 0.001625 0.001340 0.001222 0.001175 0.001156 0.001149 0.001147 0.001146 0.001146 0.001145 0.001145 0.001145 0.001144 0.001142 0.001140 0.001134 0.001126 0.001111 0.001088 0.001052 0.001001 0.000929 0.000833 0.000710 0.000562 0.000389 0.000200 0.000000 
50.000000 41.789897 33.927266 26.715511 20.379200 15.045164 10.741568 7.412483 4.942331 3.183437 1.980883 1.190988 0.692220 0.389270 0.212150 0.112404 0.058262 0.029916 0.015590 0.008598 0.005299 0.003794 0.003129 0.002845 0.002727 0.002679 0.002661 0.002654 0.002651 0.002650 0.002650 0.002650 0.002649 0.002648 0.002647 0.002643 0.002637 0.002625 0.002605 0.002572 0.002518 0.002437 0.002319 0.002153 0.001931 0.001648 0.001304 0.000904 0.000463 0.000000 
50.000000 41.790440 33.928329 26.717051 20.381158 15.047475 10.744162 7.415297 4.945307 3.186529 1.984053 1.194209 0.695474 0.392544 0.215435 0.115696 0.061557 0.033212 0.018888 0.011897 0.008598 0.007093 0.006428 0.006143 0.006026 0.005978 0.005960 0.005953 0.005950 0.005949 0.005949 0.005948 0.005947 0.005945 0.005941 0.005934 0.005919 0.005894 0.005850 0.005776 0.005658 0.005478 0.005214 0.004844 0.004348 0.003713 0.002939 0.002039 0.001045 0.000000 
50.000000 41.791591 33.930583 26.720315 20.385309 15.052373 10.749661 7.421260 4.951614 3.193081 1.990772 1.201038 0.702371 0.399484 0.222399 0.122674 0.068542 0.040201 0.025879 0.018888 0.015590 0.014085 0.013420 0.013136 0.013018 0.012971 0.012952 0.012945 0.012942 0.012941 0.012941 0.012940 0.012938 0.012934 0.012925 0.012909 0.012879 0.012825 0.012731 0.012574 0.012322 0.011935 0.011366 0.010565 0.009489 0.008109 0.006422 0.004459 0.002286 0.000000 
50.000000 41.793949 33.935198 26.727000 20.393812 15.062404 10.760925 7.433476 4.964536 3.206504 2.004537 1.215028 0.716503 0.413701 0.236666 0.136969 0.082852 0.054519 0.040201 0.033212 0.029915 0.028410 0.027746 0.027462 0.027344 0.027296 0.027278 0.027271 0.027268 0.027267 0.027266 0.027264 0.027260 0.027251 0.027235 0.027202 0.027141 0.027030 0.026836 0.026512 0.025991 0.025188 0.024002 0.022327 0.020069 0.017164 0.013603 0.009451 0.004848 0.000000 
50.000000 41.798614 33.944329 26.740227 20.410635 15.082252 10.783211 7.457646 4.990103 3.233064 2.031775 1.242710 0.744465 0.441833 0.264897 0.165256 0.111170 0.082852 0.068542 0.061557 0.058262 0.056758 0.056094 0.055810 0.055692 0.055644 0.055626 0.055619 0.055616 0.055614 0.055612 0.055609 0.055601 0.055585 0.055552 0.055488 0.055367 0.055148 0.054764 0.054120 0.053079 0.051468 0.049080 0.045695 0.041111 0.035193 0.027917 0.019409 0.009960 0.000000 
50.000000 41.807521 33.961766 26.765483 20.442759 15.120154 10.825771 7.503807 5.038931 3.283790 2.083797 1.295582 0.797872 0.495565 0.318819 0.219284 0.165256 0.136969 0.122674 0.115696 0.112404 0.110902 0.110238 0.109954 0.109837 0.109789 0.109771 0.109764 0.109761 0.109758 0.109755 0.109748 0.109734 0.109704 0.109642 0.109521 0.109292 0.108875 0.108143 0.106907 0.104903 0.101787 0.097147 0.090536 0.081543 0.069883 0.055492 0.038613 0.019826 0.000000 
50.000000 41.823927 33.993881 26.812003 20.501930 15.189969 10.904169 7.588837 5.128879 3.377235 2.179631 1.392983 0.896261 0.594553 0.418157 0.318819 0.264897 0.236666 0.222399 0.215435 0.212149 0.210650 0.209988 0.209704 0.209587 0.209540 0.209521 0.209514 0.209510 0.209507 0.209501 0.209489 0.209464 0.209409 0.209298 0.209078 0.208662 0.207900 0.206555 0.204275 0.200559 0.194751 0.186053 0.173594 0.156556 0.134350 0.106818 0.074405 0.038230 0.000000 
50.000000 41.853053 34.050897 26.894594 20.606984 15.313923 11.043363 7.739813 5.288589 3.543159 2.349799 1.565935 1.070971 0.770328 0.594553 0.495565 0.441833 0.413701 0.399484 0.392544 0.389270 0.387776 0.387116 0.386834 0.386717 0.386670 0.386651 0.386643 0.386639 0.386634 0.386625 0.386605 0.386560 0.386466 0.386273 0.385891 0.385164 0.383826 0.381455 0.377412 0.370787 0.360367 0.344665 0.322030 0.290877 0.250025 0.199096 0.138861 0.071409 0.000000 
50.000000 41.902860 34.148398 27.035833 20.786639 15.525905 11.281414 7.998017 5.561738 3.826941 2.640844 1.861747 1.369789 1.070971 0.896261 0.797872 0.744465 0.716503 0.702371 0.695474 0.692219 0.690734 0.690078 0.689798 0.689681 0.689634 0.689616 0.689608 0.689602 0.689595 0.689580 0.689546 0.689473 0.689317 0.688997 0.688362 0.687145 0.684894 0.680885 0.674008 0.662666 0.644704 0.617439 0.577839 0.522923 0.450379 0.359326 0.251019 0.129225 0.000000 
50.000000 41.984844 34.308891 27.268323 21.082371 15.874858 11.673289 8.423079 6.011410 4.294126 3.119994 2.348751 1.861747 1.565935 1.392983 1.295582 1.242710 1.215028 1.201038 1.194209 1.190987 1.189517 1.188868 1.188590 1.188474 1.188428 1.188409 1.188401 1.188394 1.188383 1.188360 1.188307 1.188192 1.187946 1.187438 1.186427 1.184481 1.180862 1.174375 1.163175 1.144567 1.114868 1.069406 1.002789 0.909569 0.785320 0.628062 0.439655 0.226652 0.000000 
50.000000 42.114659 34.563018 27.636457 21.550652 16.427422 12.293832 9.096187 6.723503 5.033965 3.878793 3.119994 2.640844 2.349799 2.179631 2.083797 2.031775 2.004537 1.990772 1.984053 1.980882 1.979436 1.978796 1.978523 1.978410 1.978364 1.978345 1.978336 1.978327 1.978312 1.978277 1.978199 1.978026 1.977656 1.976890 1.975356 1.972387 1.966836 1.956820 1.939396 1.910214 1.863218 1.790572 1.683012 1.530852 1.325819 1.063589 0.746522 0.385557 0.000000 
50.000000 42.312259 34.949844 28.196827 22.263476 17.268559 13.238467 10.120860 7.807542 6.160260 5.033965 4.294126 3.826941 3.543159 3.377235 3.283790 3.233064 3.206504 3.193081 3.186528 3.183437 3.182026 3.181403 3.181136 3.181025 3.180980 3.180962 3.180952 3.180941 3.180919 3.180870 3.180759 3.180513 3.179985 3.178886 3.176676 3.172373 3.164275 3.149559 3.123751 3.080130 3.009162 2.898219 2.731925 2.493583 2.168059 1.746190 1.229987 0.636839 0.000000 
50.000000 42.601229 35.515545 29.016330 23.305946 18.498699 14.619994 11.619468 9.393000 7.807542 6.723503 6.011410 5.561738 5.288589 5.128879 5.038931 4.990103 4.964536 4.951614 4.945307 4.942330 4.940972 4.940372 4.940115 4.940009 4.939965 4.939947 4.939936 4.939922 4.939894 4.939829 4.939680 4.939348 4.938635 4.937144 4.934128 4.928222 4.917033 4.896541 4.860285 4.798380 4.696500 4.535151 4.289780 3.932497 3.436290 2.782257 1.969269 1.023184 0.000000 
50.000000 43.006996 36.309895 30.167079 24.769805 20.226113 16.560022 13.723940 11.619468 10.120860 9.096187 8.423079 7.998017 7.739813 7.588837 7.503807 7.457646 7.433476 7.421260 7.415297 7.412483 7.411198 7.410631 7.410388 7.410287 7.410246 7.410228 7.410216 7.410200 7.410165 7.410083 7.409894 7.409474 7.408566 7.406660 7.402784 7.395148 7.380578 7.353673 7.305615 7.222641 7.084317 6.861970 6.518045 6.007611 5.283736 4.308525 3.070300 1.603426 0.000000 
50.000000 43.553791 37.380335 31.717801 26.742488 22.553990 19.174455 16.560022 14.619994 13.238467 12.293832 11.673289 11.281414 11.043363 10.904169 10.825771 10.783211 10.760925 10.749661 10.744162 10.741568 10.740383 10.739860 10.739636 10.739543 10.739505 10.739488 10.739476 10.739457 10.739415 10.739319 10.739096 10.738598 10.737516 10.735236 10.730574 10.721333 10.703575 10.670500 10.610820 10.506542 10.330214 10.041976 9.587228 8.896627 7.891341 6.497782 4.676066 2.461247 0.000000 
50.000000 44.260571 38.763978 33.722269 29.292409 25.563074 22.553990 20.226113 18.498699 17.268559 16.427422 15.874858 15.525905 15.313923 15.189969 15.120154 15.082252 15.062404 15.052373 15.047475 15.045164 15.044109 15.043643 15.043444 15.043361 15.043326 15.043311 15.043298 15.043279 15.043234 15.043128 15.042884 15.042335 15.041140 15.038611 15.033413 15.023047 15.002982 14.965290 14.896570 14.774976 14.566201 14.218502 13.657363 12.781537 11.464457 9.568942 6.988141 3.725480 0.000000 
50.000000 45.136500 40.478768 36.206481 32.452647 29.292409 26.742488 24.769805 23.305946 22.263476 21.550652 21.082371 20.786639 20.606984 20.501930 20.442759 20.410635 20.393812 20.385309 20.381158 20.379199 20.378305 20.377910 20.377741 20.377670 20.377641 20.377628 20.377616 20.377597 20.377552 20.377446 20.377201 20.376649 20.375442 20.372876 20.367580 20.356959 20.336260 20.297051 20.224832 20.095417 19.869656 19.486069 18.851147 17.827952 16.226323 13.805134 10.313221 5.621681 0.000000 
50.000000 46.176943 42.515628 39.157290 36.206481 33.722269 31.717801 30.167079 29.016330 28.196827 27.636457 27.268323 27.035833 26.894594 26.812003 26.765483 26.740227 26.727000 26.720315 26.717051 26.715511 26.714808 26.714497 26.714364 26.714309 26.714285 26.714274 26.714265 26.714247 26.714207 26.714113 26.713893 26.713397 26.712310 26.709991 26.705185 26.695499 26.676507 26.640262 26.572868 26.450637 26.234073 25.858553 25.220018 24.153326 22.401347 19.578645 15.160000 8.612538 0.000000 
50.000000 47.361072 44.833785 42.515628 40.478768 38.763978 37.380335 36.309895 35.515545 34.949844 34.563018 34.308891 34.148398 34.050897 33.993881 33.961766 33.944329 33.935198 33.930583 33.928329 33.927266 33.926781 33.926566 33.926474 33.926436 33.926420 33.926412 33.926405 33.926392 33.926362 33.926290 33.926124 33.925748 33.924921 33.923152 33.919475 33.912036 33.897379 33.869236 33.816496 33.719858 33.546275 33.239596 32.704268 31.775837 30.165547 27.355628 22.416893 13.812155 0.000000 
50.000000 48.652023 47.361072 46.176943 45.136500 44.260571 43.553791 43.006996 42.601229 42.312259 42.114659 41.984844 41.902860 41.853053 41.823927 41.807521 41.798614 41.793949 41.791591 41.790440 41.789897 41.789649 41.789539 41.789492 41.789473 41.789464 41.789460 41.789457 41.789450 41.789433 41.789395 41.789305 41.789101 41.788654 41.787695 41.785697 41.781644 41.773634 41.758193 41.729102 41.675419 41.578045 41.403570 41.092544 40.535091 39.514819 37.564406 33.548917 24.326011 0.000000 
50.000000 50.000000 50.000000 50.000000 50.000000 50.000000 50.000000 50.000000 50.000000 50.000000 50.000000 50.000000 50.000000 50.000000 50.000000 50.000000 50.000000 50.000000 50.000000 50.000000 50.000000 50.000000 50.000000 50.000000 50.000000 50.000000 50.000000 50.000000 50.000000 50.000000 50.000000 50.000000 50.000000 50.000000 50.000000 50.000000 50.000000 50.000000 50.000000 50.000000 50.000000 50.000000 50.000000 50.000000 50.000000 50.000000 50.000000 50.000000 50.000000 50.000000 
