50.000000 50.000000 50.000000 50.000000 50.000000 50.000000 50.000000 50.000000 50.000000 50.000000 50.000000 50.000000 50.000000 50.000000 50.000000 50.000000 50.000000 50.000000 50.000000 50.000000 50.000000 50.000000 50.000000 50.000000 50.000000 50.000000 50.000000 50.000000 50.000000 50.000000 50.000000 50.000000 50.000000 50.000000 50.000000 50.000000 50.000000 50.000000 50.000000 50.000000 50.000000 50.000000 50.000000 50.000000 50.000000 50.000000 50.000000 50.000000 50.000000 50.000000 
50.000000 48.520472 47.109636 45.826627 44.713681 43.792502 43.064697 42.515538 42.119588 41.846617 41.666555 41.552823 41.483985 41.444027 41.421764 41.409848 41.403717 41.400681 41.399233 41.398568 41.398273 41.398146 41.398094 41.398073 41.398065 41.398062 41.398060 41.398059 41.398056 41.398048 41.398029 41.397980 41.397864 41.397594 41.396983 41.395642 41.392783 41.386863 41.374934 41.351520 41.306643 41.222370 41.066586 40.781101 40.257068 39.278646 37.378360 33.420283 24.260236 0.000000 
50.000000 47.109636 44.353469 41.847026 39.672819 37.873249 36.451452 35.378653 34.605158 34.071911 33.720162 33.497991 33.363520 33.285464 33.241976 33.218700 33.206723 33.200793 33.197965 33.196665 33.196089 33.195842 33.195740 33.195699 33.195683 33.195677 33.195674 33.195671 33.195666 33.195652 33.195616 33.195527 33.195314 33.194818 33.193700 33.191249 33.186039 33.175282 33.153698 33.111556 33.031357 32.882235 32.610449 32.122807 31.256771 29.724613 27.008282 22.176734 13.689353 0.000000 
50.000000 45.826627 41.847026 38.228010 35.088723 32.490380 30.437511 28.888558 27.771766 27.001858 26.494007 26.173245 25.979103 25.866412 25.803628 25.770026 25.752736 25.744175 25.740092 25.738216 25.737384 25.737028 25.736881 25.736822 25.736799 25.736790 25.736786 25.736783 25.736775 25.736757 25.736710 25.736594 25.736316 25.735673 25.734223 25.731057 25.724352 25.710577 25.683105 25.629887 25.529646 25.345802 25.016958 24.442209 23.458982 21.811518 19.114005 14.838744 8.448267 0.000000 
50.000000 44.713681 39.672819 35.088723 31.112308 27.821115 25.220874 23.258936 21.844403 20.869251 20.226027 19.819770 19.573888 19.431167 19.351654 19.309100 19.287204 19.276362 19.271193 19.268817 19.267764 19.267313 19.267126 19.267052 19.267023 19.267012 19.267007 19.267002 19.266994 19.266974 19.266922 19.266795 19.266491 19.265788 19.264209 19.260777 19.253543 19.238770 19.209529 19.153417 19.048985 18.860400 18.529844 17.967395 17.039032 15.556154 13.277205 9.948206 5.435035 0.000000 
50.000000 43.792502 37.873249 32.490380 27.821115 23.956503 20.903262 18.599560 16.938645 15.793664 15.038434 14.561445 14.272760 14.105199 14.011849 13.961891 13.936186 13.923460 13.917391 13.914602 13.913366 13.912837 13.912618 13.912530 13.912497 13.912483 13.912478 13.912473 13.912465 13.912445 13.912394 13.912270 13.911975 13.911293 13.909768 13.906467 13.899550 13.885519 13.857975 13.805653 13.709496 13.538573 13.244868 12.757520 11.978251 10.782083 9.031398 6.616477 3.535434 0.000000 
50.000000 43.064697 36.451452 30.437511 25.220874 20.903262 17.492171 14.918506 13.062987 11.783876 10.940193 10.407350 10.084870 9.897698 9.793427 9.737625 9.708914 9.694700 9.687922 9.684808 9.683427 9.682836 9.682592 9.682494 9.682456 9.682441 9.682435 9.682431 9.682424 9.682405 9.682360 9.682250 9.681988 9.681385 9.680044 9.677156 9.671138 9.659019 9.635429 9.591077 9.510574 9.369627 9.131859 8.746086 8.145742 7.253479 5.995302 4.328646 2.283597 0.000000 
50.000000 42.515538 35.378653 28.888558 23.258936 18.599560 14.918506 12.141196 10.138889 8.758616 7.848227 7.273268 6.925307 6.723352 6.610847 6.550642 6.519666 6.504330 6.497019 6.493659 6.492169 6.491532 6.491268 6.491163 6.491122 6.491106 6.491100 6.491096 6.491090 6.491075 6.491038 6.490947 6.490732 6.490240 6.489151 6.486816 6.481982 6.472316 6.453658 6.418926 6.356624 6.249061 6.070598 5.786647 5.354692 4.729093 3.871600 2.768204 1.448952 0.000000 
50.000000 42.119588 34.605158 27.771766 21.844403 16.938645 13.062987 10.138889 8.030788 6.577613 5.619158 5.013855 4.647539 4.434936 4.316503 4.253126 4.220520 4.204378 4.196682 4.193145 4.191577 4.190907 4.190629 4.190518 4.190475 4.190459 4.190453 4.190449 4.190444 4.190432 4.190404 4.190334 4.190170 4.189796 4.188971 4.187211 4.183590 4.176399 4.162631 4.137241 4.092191 4.015394 3.889828 3.693360 3.400072 2.984003 2.425963 1.722923 0.897218 0.000000 
50.000000 41.846617 34.071911 27.001858 20.869251 15.793664 11.783876 8.758616 6.577613 5.074206 4.082637 3.456433 3.077476 2.857540 2.735025 2.669466 2.635738 2.619040 2.611080 2.607422 2.605801 2.605107 2.604820 2.604705 2.604661 2.604644 2.604637 2.604634 2.604630 2.604622 2.604601 2.604551 2.604433 2.604166 2.603580 2.602335 2.599789 2.594764 2.585218 2.567764 2.537103 2.485421 2.401992 2.273302 2.084167 1.820266 1.472212 1.040554 0.539975 0.000000 
50.000000 41.666555 33.720162 26.494007 20.226027 15.038434 10.940193 7.848227 5.619158 4.082637 3.069242 2.429264 2.041977 1.817211 1.692007 1.625011 1.590543 1.573481 1.565346 1.561609 1.559952 1.559243 1.558950 1.558832 1.558787 1.558770 1.558763 1.558760 1.558758 1.558752 1.558738 1.558704 1.558624 1.558444 1.558051 1.557220 1.555530 1.552216 1.545963 1.534621 1.514873 1.481916 1.429301 1.349116 1.232781 1.072610 0.864120 0.608606 0.315035 0.000000 
50.000000 41.552823 33.497991 26.173245 19.819770 14.561445 10.407350 7.273268 5.013855 3.456433 2.429264 1.780595 1.388053 1.160240 1.033342 0.965439 0.930506 0.913213 0.904969 0.901181 0.899502 0.898783 0.898486 0.898367 0.898321 0.898304 0.898298 0.898295 0.898293 0.898289 0.898280 0.898258 0.898207 0.898092 0.897843 0.897318 0.896255 0.894182 0.890297 0.883301 0.871216 0.851224 0.819610 0.771921 0.703470 0.610240 0.490140 0.344293 0.177889 0.000000 
50.000000 41.483985 33.363520 25.979103 19.573888 14.272760 10.084870 6.925307 4.647539 3.077476 2.041977 1.388053 0.992335 0.762681 0.634758 0.566308 0.531094 0.513662 0.505352 0.501533 0.499841 0.499117 0.498817 0.498697 0.498651 0.498634 0.498627 0.498625 0.498623 0.498621 0.498615 0.498602 0.498571 0.498501 0.498351 0.498035 0.497400 0.496168 0.493871 0.489761 0.482712 0.471140 0.452991 0.425851 0.387241 0.335118 0.268526 0.188238 0.097123 0.000000 
50.000000 41.444027 33.285464 25.866412 19.431167 14.105199 9.897698 6.723352 4.434936 2.857540 1.817211 1.160240 0.762681 0.531960 0.403444 0.334677 0.299300 0.281787 0.273439 0.269603 0.267903 0.267175 0.266874 0.266754 0.266707 0.266690 0.266684 0.266681 0.266680 0.266678 0.266675 0.266667 0.266649 0.266609 0.266523 0.266342 0.265980 0.265281 0.263986 0.261681 0.257752 0.251346 0.241369 0.226560 0.205649 0.177624 0.142060 0.099425 0.051244 0.000000 
50.000000 41.421764 33.241976 25.803628 19.351654 14.011849 9.793427 6.610847 4.316503 2.735025 1.692007 1.033342 0.634758 0.403444 0.274597 0.205654 0.170186 0.152629 0.144260 0.140414 0.138709 0.137980 0.137678 0.137558 0.137511 0.137494 0.137487 0.137485 0.137484 0.137483 0.137481 0.137477 0.137467 0.137445 0.137397 0.137299 0.137102 0.136723 0.136024 0.134787 0.132690 0.129291 0.124031 0.116271 0.105382 0.090877 0.072571 0.050726 0.026122 0.000000 
50.000000 41.409848 33.218700 25.770026 19.309100 13.961891 9.737625 6.550642 4.253126 2.669466 1.625011 0.965439 0.566308 0.334677 0.205654 0.136616 0.101100 0.083520 0.075139 0.071288 0.069581 0.068850 0.068548 0.068428 0.068381 0.068363 0.068357 0.068355 0.068354 0.068353 0.068352 0.068350 0.068345 0.068333 0.068308 0.068257 0.068154 0.067957 0.067596 0.066960 0.065887 0.064156 0.061491 0.057581 0.052124 0.044891 0.035803 0.025000 0.012865 0.000000 
50.000000 41.403717 33.206723 25.752736 19.287204 13.936186 9.708914 6.519666 4.220520 2.635738 1.590543 0.930506 0.531094 0.299300 0.170186 0.101100 0.065560 0.047967 0.039580 0.035726 0.034018 0.033287 0.032985 0.032864 0.032818 0.032800 0.032794 0.032792 0.032791 0.032790 0.032790 0.032788 0.032786 0.032780 0.032767 0.032742 0.032690 0.032592 0.032413 0.032099 0.031571 0.030724 0.029425 0.027529 0.024894 0.021416 0.017063 0.011905 0.006123 0.000000 
50.000000 41.400681 33.200793 25.744175 19.276362 13.923460 9.694700 6.504330 4.204378 2.619040 1.573481 0.913213 0.513662 0.281787 0.152629 0.083520 0.047967 0.030368 0.021978 0.018123 0.016414 0.015683 0.015381 0.015260 0.015213 0.015196 0.015190 0.015187 0.015187 0.015186 0.015186 0.015185 0.015184 0.015181 0.015175 0.015163 0.015138 0.015091 0.015006 0.014857 0.014607 0.014208 0.013598 0.012712 0.011485 0.009871 0.007858 0.005479 0.002816 0.000000 
50.000000 41.399233 33.197965 25.740093 19.271193 13.917391 9.687922 6.497019 4.196682 2.611080 1.565346 0.904969 0.505352 0.273439 0.144260 0.075139 0.039580 0.021978 0.013587 0.009731 0.008022 0.007291 0.006989 0.006868 0.006821 0.006804 0.006797 0.006795 0.006794 0.006794 0.006794 0.006793 0.006793 0.006792 0.006789 0.006783 0.006772 0.006750 0.006711 0.006643 0.006529 0.006348 0.006072 0.005672 0.005121 0.004398 0.003499 0.002438 0.001253 0.000000 
50.000000 41.398568 33.196665 25.738216 19.268817 13.914602 9.684808 6.493659 4.193145 2.607422 1.561609 0.901181 0.501533 0.269603 0.140414 0.071288 0.035726 0.018123 0.009731 0.005875 0.004166 0.003435 0.003133 0.003012 0.002965 0.002948 0.002941 0.002939 0.002938 0.002938 0.002938 0.002938 0.002937 0.002937 0.002936 0.002933 0.002928 0.002918 0.002901 0.002871 0.002821 0.002742 0.002621 0.002447 0.002208 0.001895 0.001507 0.001049 0.000539 0.000000 
50.000000 41.398273 33.196089 25.737384 19.267764 13.913366 9.683427 6.492169 4.191578 2.605801 1.559952 0.899502 0.499841 0.267903 0.138709 0.069581 0.034018 0.016415 0.008023 0.004166 0.002457 0.001726 0.001424 0.001303 0.001256 0.001238 0.001232 0.001230 0.001229 0.001229 0.001229 0.001229 0.001229 0.001228 0.001228 0.001227 0.001224 0.001220 0.001213 0.001200 0.001179 0.001146 0.001095 0.001022 0.000921 0.000790 0.000628 0.000437 0.000224 0.000000 
50.000000 41.398146 33.195842 25.737029 19.267313 13.912837 9.682836 6.491532 4.190907 2.605107 1.559243 0.898784 0.499117 0.267175 0.137980 0.068851 0.033288 0.015684 0.007291 0.003435 0.001726 0.000995 0.000693 0.000572 0.000525 0.000507 0.000501 0.000499 0.000498 0.000498 0.000498 0.000498 0.000498 0.000497 0.000497 0.000497 0.000496 0.000494 0.000491 0.000486 0.000477 0.000463 0.000443 0.000413 0.000372 0.000319 0.000253 0.000176 0.000091 0.000000 
50.000000 41.398094 33.195740 25.736882 19.267127 13.912619 9.682592 6.491269 4.190630 2.604821 1.558951 0.898487 0.498818 0.266875 0.137679 0.068549 0.032986 0.015382 0.006990 0.003134 0.001425 0.000693 0.000391 0.000270 0.000223 0.000206 0.000199 0.000197 0.000196 0.000196 0.000196 0.000196 0.000196 0.000196 0.000196 0.000196 0.000195 0.000195 0.000193 0.000191 0.000188 0.000182 0.000174 0.000162 0.000146 0.000125 0.000100 0.000069 0.000036 0.000000 
50.000000 41.398074 33.195700 25.736824 19.267054 13.912533 9.682497 6.491166 4.190521 2.604708 1.558836 0.898371 0.498701 0.266757 0.137561 0.068431 0.032868 0.015264 0.006871 0.003015 0.001306 0.000575 0.000272 0.000151 0.000105 0.000087 0.000081 0.000079 0.000078 0.000077 0.000077 0.000077 0.000077 0.000077 0.000077 0.000077 0.000077 0.000077 0.000076 0.000076 0.000074 0.000072 0.000069 0.000064 0.000058 0.000049 0.000039 0.000027 0.000014 0.000000 
50.000000 41.398067 33.195687 25.736804 19.267029 13.912504 9.682464 6.491131 4.190484 2.604670 1.558797 0.898331 0.498661 0.266717 0.137521 0.068391 0.032827 0.015223 0.006831 0.002975 0.001266 0.000534 0.000232 0.000111 0.000064 0.000047 0.000040 0.000038 0.000037 0.000037 0.000037 0.000037 0.000037 0.000037 0.000037 0.000037 0.000037 0.000037 0.000036 0.000036 0.000035 0.000034 0.000033 0.000031 0.000028 0.000024 0.000019 0.000013 0.000007 0.000000 
50.000000 41.398067 33.195687 25.736804 19.267029 13.912504 9.682464 6.491131 4.190484 2.604670 1.558797 0.898331 0.498661 0.266717 0.137521 0.068391 0.032827 0.015223 0.006831 0.002975 0.001266 0.000534 0.000232 0.000111 0.000064 0.000047 0.000040 0.000038 0.000037 0.000037 0.000037 0.000037 0.000037 0.000037 0.000037 0.000037 0.000037 0.000037 0.000036 0.000036 0.000035 0.000034 0.000033 0.000031 0.000028 0.000024 0.000019 0.000013 0.000007 0.000000 
50.000000 41.398074 33.195700 25.736824 19.267054 13.912533 9.682497 6.491166 4.190521 2.604708 1.558836 0.898371 0.498701 0.266757 0.137561 0.068431 0.032868 0.015264 0.006871 0.003015 0.001306 0.000575 0.000272 0.000151 0.000105 0.000087 0.000081 0.000079 0.000078 0.000077 0.000077 0.000077 0.000077 0.000077 0.000077 0.000077 0.000077 0.000077 0.000076 0.000076 0.000074 0.000072 0.000069 0.000064 0.000058 0.000049 0.000039 0.000027 0.000014 0.000000 
50.000000 41.398094 33.195740 25.736882 19.267127 13.912619 9.682592 6.491269 4.190630 2.604821 1.558951 0.898487 0.498818 0.266875 0.137679 0.068549 0.032986 0.015382 0.006990 0.003134 0.001425 0.000693 0.000391 0.000270 0.000223 0.000206 0.000199 0.000197 0.000196 0.000196 0.000196 0.000196 0.000196 0.000196 0.000196 0.000196 0.000195 0.000195 0.000193 0.000191 0.000188 0.000182 0.000174 0.000162 0.000146 0.000125 0.000100 0.000069 0.000036 0.000000 
50.000000 41.398146 33.195842 25.737029 19.267313 13.912837 9.682836 6.491532 4.190907 2.605107 1.559243 0.898784 0.499117 0.267175 0.137980 0.068851 0.033288 0.015684 0.007291 0.003435 0.001726 0.000995 0.000693 0.000572 0.000525 0.000507 0.000501 0.000499 0.000498 0.000498 0.000498 0.000498 0.000498 0.000497 0.000497 0.000497 0.000496 0.000494 0.000491 0.000486 0.000477 0.000463 0.000443 0.000413 0.000372 0.000319 0.000253 0.000176 0.000091 0.000000 
50.000000 41.398273 33.196089 25.737384 19.267764 13.913366 9.683427 6.492169 4.191578 2.605801 1.559952 0.899502 0.499841 0.267903 0.138709 0.069581 0.034018 0.016415 0.008023 0.004166 0.002457 0.001726 0.001424 0.001303 0.001256 0.001238 0.001232 0.001230 0.001229 0.001229 0.001229 0.001229 0.001229 0.001228 0.001228 0.001227 0.001224 0.001220 0.001213 0.001200 0.001179 0.001146 0.001095 0.001022 0.000921 0.000790 0.000628 0.000437 0.000224 0.000000 
50.000000 41.398568 33.196665 25.738216 19.268817 13.914602 9.684808 6.493659 4.193145 2.607422 1.561609 0.901181 0.501533 0.269603 0.140414 0.071288 0.035726 0.018123 0.009731 0.005875 0.004166 0.003435 0.003133 0.003012 0.002965 0.002948 0.002941 0.002939 0.002938 0.002938 0.002938 0.002938 0.002937 0.002937 0.002936 0.002933 0.002928 0.002918 0.002901 0.002871 0.002821 0.002742 0.002621 0.002447 0.002208 0.001895 0.001507 0.001049 0.000539 0.000000 
50.000000 41.399233 33.197965 25.740093 19.271193 13.917391 9.687922 6.497019 4.196682 2.611080 1.565346 0.904969 0.505352 0.273439 0.144260 0.075139 0.039580 0.021978 0.013587 0.009731 0.008022 0.007291 0.006989 0.006868 0.006821 0.006804 0.006797 0.006795 0.006794 0.006794 0.006794 0.006793 0.006793 0.006792 0.006789 0.006783 0.006772 0.006750 0.006711 0.006643 0.006529 0.006348 0.006072 0.005672 0.005121 0.004398 0.003499 0.002438 0.001253 0.000000 
50.000000 41.400681 33.200793 25.744175 19.276362 13.923460 9.694700 6.504330 4.204378 2.619040 1.573481 0.913213 0.513662 0.281787 0.152629 0.083520 0.047967 0.030368 0.021978 0.018123 0.016414 0.015683 0.015381 0.015260 0.015213 0.015196 0.015190 0.015187 0.015187 0.015186 0.015186 0.015185 0.015184 0.015181 0.015175 0.015163 0.015138 0.015091 0.015006 0.014857 0.014607 0.014208 0.013598 0.012712 0.011485 0.009871 0.007858 0.005479 0.002816 0.000000 
50.000000 41.403717 33.206723 25.752736 19.287204 13.936186 9.708914 6.519666 4.220520 2.635738 1.590543 0.930506 0.531094 0.299300 0.170186 0.101100 0.065560 0.047967 0.039580 0.035726 0.034018 0.033287 0.032985 0.032864 0.032818 0.032800 0.032794 0.032792 0.032791 0.032790 0.032790 0.032788 0.032786 0.032780 0.032767 0.032742 0.032690 0.032592 0.032413 0.032099 0.031571 0.030724 0.029425 0.027529 0.024894 0.021416 0.017063 0.011905 0.006123 0.000000 
50.000000 41.409848 33.218700 25.770026 19.309100 13.961891 9.737625 6.550642 4.253126 2.669466 1.625011 0.965439 0.566308 0.334677 0.205654 0.136616 0.101100 0.083520 0.075139 0.071288 0.069581 0.068850 0.068548 0.068428 0.068381 0.068363 0.068357 0.068355 0.068354 0.068353 0.068352 0.068350 0.068345 0.068333 0.068308 0.068257 0.068154 0.067957 0.067596 0.066960 0.065887 0.064156 0.061491 0.057581 0.052124 0.044891 0.035803 0.025000 0.012865 0.000000 
50.000000 41.421764 33.241976 25.803628 19.351654 14.011849 9.793427 6.610847 4.316503 2.735025 1.692007 1.033342 0.634758 0.403444 0.274597 0.205654 0.170186 0.152629 0.144260 0.140414 0.138709 0.137980 0.137678 0.137558 0.137511 0.137494 0.137487 0.137485 0.137484 0.137483 0.137481 0.137477 0.137467 0.137445 0.137397 0.137299 0.137102 0.136723 0.136024 0.134787 0.132690 0.129291 0.124031 0.116271 0.105382 0.090877 0.072571 0.050726 0.026122 0.000000 
50.000000 41.444027 33.285464 25.866412 19.431167 14.105199 9.897698 6.723352 4.434936 2.857540 1.817211 1.160240 0.762681 0.531960 0.403444 0.334677 0.299300 0.281787 0.273439 0.269603 0.267903 0.267175 0.266874 0.266754 0.266707 0.266690 0.266684 0.266681 0.266680 0.266678 0.266675 0.266667 0.266649 0.266609 0.266523 0.266342 0.265980 0.265281 0.263986 0.261681 0.257752 0.251346 0.241369 0.226560 0.205649 0.177624 0.142060 0.099425 0.051244 0.000000 
50.000000 41.483985 33.363520 25.979103 19.573888 14.272760 10.084870 6.925307 4.647539 3.077476 2.041977 1.388053 0.992335 0.762681 0.634758 0.566308 0.531094 0.513662 0.505352 0.501533 0.499841 0.499117 0.498817 0.498697 0.498651 0.498634 0.498627 0.498625 0.498623 0.498621 0.498615 0.498602 0.498571 0.498501 0.498351 0.498035 0.497400 0.496168 0.493871 0.489761 0.482712 0.471140 0.452991 0.425851 0.387241 0.335118 0.268526 0.188238 0.097123 0.000000 
50.000000 41.552823 33.497991 26.173245 19.819770 14.561445 10.407350 7.273268 5.013855 3.456433 2.429264 1.780595 1.388053 1.160240 1.033342 0.965439 0.930506 0.913213 0.904969 0.901181 0.899502 0.898783 0.898486 0.898367 0.898321 0.898304 0.898298 0.898295 0.898293 0.898289 0.898280 0.898258 0.898207 0.898092 0.897843 0.897318 0.896255 0.894182 0.890297 0.883301 0.871216 0.851224 0.819610 0.771921 0.703470 0.610240 0.490140 0.344293 0.177889 0.000000 
50.000000 41.666555 33.720162 26.494007 20.226027 15.038434 10.940193 7.848227 5.619158 4.082637 3.069242 2.429264 2.041977 1.817211 1.692007 1.625011 1.590543 1.573481 1.565346 1.561609 1.559952 1.559243 1.558950 1.558832 1.558787 1.558770 1.558763 1.558760 1.558758 1.558752 1.558738 1.558704 1.558624 1.558444 1.558051 1.557220 1.555530 1.552216 1.545963 1.534621 1.514873 1.481916 1.429301 1.349116 1.232781 1.072610 0.864120 0.608606 0.315035 0.000000 
50.000000 41.846617 34.071911 27.001858 20.869251 15.793664 11.783876 8.758616 6.577613 5.074206 4.082637 3.456433 3.077476 2.857540 2.735025 2.669466 2.635738 2.619040 2.611080 2.607422 2.605801 2.605107 2.604820 2.604705 2.604661 2.604644 2.604637 2.604634 2.604630 2.604622 2.604601 2.604551 2.604433 2.604166 2.603580 2.602335 2.599789 2.594764 2.585218 2.567764 2.537103 2.485421 2.401992 2.273302 2.084167 1.820266 1.472212 1.040554 0.539975 0.000000 
50.000000 42.119588 34.605158 27.771766 21.844403 16.938645 13.062987 10.138889 8.030788 6.577613 5.619158 5.013855 4.647539 4.434936 4.316503 4.253126 4.220520 4.204378 4.196682 4.193145 4.191577 4.190907 4.190629 4.190518 4.190475 4.190459 4.190453 4.190449 4.190444 4.190432 4.190404 4.190334 4.190170 4.189796 4.188971 4.187211 4.183590 4.176399 4.162631 4.137241 4.092191 4.015394 3.889828 3.693360 3.400072 2.984003 2.425963 1.722923 0.897218 0.000000 
50.000000 42.515538 35.378653 28.888558 23.258936 18.599560 14.918506 12.141196 10.138889 8.758616 7.848227 7.273268 6.925307 6.723352 6.610847 6.550642 6.519666 6.504330 6.497019 6.493659 6.492169 6.491532 6.491268 6.491163 6.491122 6.491106 6.491100 6.491096 6.491090 6.491075 6.491038 6.490947 6.490732 6.490240 6.489151 6.486816 6.481982 6.472316 6.453658 6.418926 6.356624 6.249061 6.070598 5.786647 5.354692 4.729093 3.871600 2.768204 1.448952 0.000000 
50.000000 43.064697 36.451452 30.437511 25.220874 20.903262 17.492171 14.918506 13.062987 11.783876 10.940193 10.407350 10.084870 9.897698 9.793427 9.737625 9.708914 9.694700 9.687922 9.684808 9.683427 9.682836 9.682592 9.682494 9.682456 9.682441 9.682435 9.682431 9.682424 9.682405 9.682360 9.682250 9.681988 9.681385 9.680044 9.677156 9.671138 9.659019 9.635429 9.591077 9.510574 9.369627 9.131859 8.746086 8.145742 7.253479 5.995302 4.328646 2.283597 0.000000 
50.000000 43.792502 37.873249 32.490380 27.821115 23.956503 20.903262 18.599560 16.938645 15.793664 15.038434 14.561445 14.272760 14.105199 14.011849 13.961891 13.936186 13.923460 13.917391 13.914602 13.913366 13.912837 13.912618 13.912530 13.912497 13.912483 13.912478 13.912473 13.912465 13.912445 13.912394 13.912270 13.911975 13.911293 13.909768 13.906467 13.899550 13.885519 13.857975 13.805653 13.709496 13.538573 13.244868 12.757520 11.978251 10.782083 9.031398 6.616477 3.535434 0.000000 
50.000000 44.713681 39.672819 35.088723 31.112308 27.821115 25.220874 23.258936 21.844403 20.869251 20.226027 19.819770 19.573888 19.431167 19.351654 19.309100 19.287204 19.276362 19.271193 19.268817 19.267764 19.267313 19.267126 19.267052 19.267023 19.267012 19.267007 19.267002 19.266994 19.266974 19.266922 19.266795 19.266491 19.265788 19.264209 19.260777 19.253543 19.238770 19.209529 19.153417 19.048985 18.860400 18.529844 17.967395 17.039032 15.556154 13.277205 9.948206 5.435035 0.000000 
50.000000 45.826627 41.847026 38.228010 35.088723 32.490380 30.437511 28.888558 27.771766 27.001858 26.494007 26.173245 25.979103 25.866412 25.803628 25.770026 25.752736 25.744175 25.740092 25.738216 25.737384 25.737028 25.736881 25.736822 25.736799 25.736790 25.736786 25.736783 25.736775 25.736757 25.736710 25.736594 25.736316 25.735673 25.734223 25.731057 25.724352 25.710577 25.683105 25.629887 25.529646 25.345802 25.016958 24.442209 23.458982 21.811518 19.114005 14.838744 8.448267 0.000000 
50.000000 47.109636 44.353469 41.847026 39.672819 37.873249 36.451452 35.378653 34.605158 34.071911 33.720162 33.497991 33.363520 33.285464 33.241976 33.218700 33.206723 33.200793 33.197965 33.196665 33.196089 33.195842 33.195740 33.195699 33.195683 33.195677 33.195674 33.195671 33.195666 33.195652 33.195616 33.195527 33.195314 33.194818 33.193700 33.191249 33.186039 33.175282 33.153698 33.111556 33.031357 32.882235 32.610449 32.122807 31.256771 29.724613 27.008282 22.176734 13.689353 0.000000 
50.000000 48.520472 47.109636 45.826627 44.713681 43.792502 43.064697 42.515538 42.119588 41.846617 41.666555 41.552823 41.483985 41.444027 41.421764 41.409848 41.403717 41.400681 41.399233 41.398568 41.398273 41.398146 41.398094 41.398073 41.398065 41.398062 41.398060 41.398059 41.398056 41.398048 41.398029 41.397980 41.397864 41.397594 41.396983 41.395642 41.392783 41.386863 41.374934 41.351520 41.306643 41.222370 41.066586 40.781101 40.257068 39.278646 37.378360 33.420283 24.260236 0.000000 
50.000000 50.000000 50.000000 50.000000 50.000000 50.000000 50.000000 50.000000 50.000000 50.000000 50.000000 50.000000 50.000000 50.000000 50.000000 50.000000 50.000000 50.000000 50.000000 50.000000 50.000000 50.000000 50.000000 50.000000 50.000000 50.000000 50.000000 50.000000 50.000000 50.000000 50.000000 50.000000 50.000000 50.000000 50.000000 50.000000 50.000000 50.000000 50.000000 50.000000 50.000000 50.000000 50.000000 50.000000 50.000000 50.000000 50.000000 50.000000 50.000000 50.000000 
