50.000000 50.000000 50.000000 50.000000 50.000000 50.000000 50.000000 50.000000 50.000000 50.000000 50.000000 50.000000 50.000000 50.000000 50.000000 50.000000 50.000000 50.000000 50.000000 50.000000 50.000000 50.000000 50.000000 50.000000 50.000000 50.000000 50.000000 50.000000 50.000000 50.000000 50.000000 50.000000 50.000000 50.000000 50.000000 50.000000 50.000000 50.000000 50.000000 50.000000 50.000000 50.000000 50.000000 50.000000 50.000000 50.000000 50.000000 50.000000 50.000000 50.000000 
50.000000 48.880500 47.800340 46.794719 45.891270 45.107929 44.452307 43.922517 43.509080 43.197410 42.970372 42.810500 42.701638 42.629928 42.584212 42.555995 42.539124 42.529350 42.523859 42.520867 42.519285 42.518473 42.518067 42.517871 42.517777 42.517732 42.517708 42.517687 42.517656 42.517593 42.517462 42.517190 42.516637 42.515539 42.513407 42.509363 42.501857 42.488217 42.463904 42.421322 42.347845 42.222469 42.009824 41.648679 41.027874 39.930539 37.889947 33.772972 24.440250 0.000000 
50.000000 47.800340 45.677981 43.702079 41.926935 40.387787 39.099591 38.058639 37.246304 36.633926 36.187836 35.873718 35.659826 35.518931 35.429110 35.373669 35.340522 35.321318 35.310529 35.304651 35.301543 35.299947 35.299151 35.298765 35.298581 35.298494 35.298446 35.298407 35.298347 35.298230 35.297984 35.297474 35.296438 35.294385 35.290406 35.282872 35.268925 35.243656 35.198795 35.120632 34.986695 34.760352 34.381752 33.751997 32.704208 30.948731 27.968920 22.838990 14.027368 0.000000 
50.000000 46.794719 43.702079 40.822856 38.236179 35.993392 34.116290 32.599468 31.415780 30.523462 29.873454 29.415747 29.104084 28.898787 28.767911 28.687130 28.638833 28.610851 28.595132 28.586568 28.582039 28.579714 28.578554 28.577991 28.577724 28.577597 28.577529 28.577474 28.577393 28.577233 28.576902 28.576215 28.574823 28.572068 28.566745 28.556698 28.538169 28.504757 28.445798 28.343867 28.170971 27.882743 27.409541 26.642762 25.413976 23.464835 20.411428 15.733159 8.904771 0.000000 
50.000000 45.891270 41.926935 38.236179 34.920433 32.045516 29.639363 27.695045 26.177760 25.033970 24.200783 23.614096 23.214612 22.951468 22.783716 22.680176 22.618273 22.582407 22.562261 22.551284 22.545480 22.542500 22.541014 22.540293 22.539951 22.539788 22.539703 22.539636 22.539541 22.539357 22.538976 22.538187 22.536594 22.533450 22.527394 22.516010 22.495119 22.457675 22.392095 22.279781 22.091552 21.782612 21.285656 20.501909 19.290620 17.460217 14.771343 10.978204 5.960731 0.000000 
50.000000 45.107929 40.387787 35.993392 32.045516 28.622526 25.757681 23.442727 21.636223 20.274421 19.282433 18.583934 18.108321 17.795035 17.595320 17.472053 17.398357 17.355660 17.331677 17.318610 17.311700 17.308153 17.306384 17.305526 17.305119 17.304926 17.304827 17.304753 17.304653 17.304461 17.304066 17.303252 17.301613 17.298388 17.292202 17.280628 17.259508 17.221912 17.156614 17.045928 16.862788 16.566978 16.100669 15.383840 14.311263 12.754896 10.579415 7.683579 4.080054 0.000000 
50.000000 44.452307 39.099591 34.116290 29.639363 25.757681 22.508958 19.883827 17.835290 16.291050 15.166180 14.374123 13.834812 13.479572 13.253116 13.113346 13.029786 12.981374 12.954181 12.939366 12.931532 12.927510 12.925505 12.924532 12.924071 12.923854 12.923745 12.923667 12.923568 12.923384 12.923007 12.922233 12.920678 12.917631 12.911813 12.900983 12.881342 12.846632 12.786870 12.686628 12.522871 12.262447 11.859621 11.254479 10.373841 9.137455 7.473528 5.347594 2.803627 0.000000 
50.000000 43.922517 38.058639 32.599468 27.695045 23.442727 19.883827 17.008079 14.763992 13.072357 11.840134 10.972496 10.381730 9.992603 9.744549 9.591451 9.499924 9.446897 9.417113 9.400886 9.392306 9.387901 9.385705 9.384640 9.384136 9.383900 9.383783 9.383705 9.383613 9.383447 9.383110 9.382422 9.381045 9.378357 9.373247 9.363788 9.346740 9.316834 9.265790 9.181050 9.044300 8.829954 8.504039 8.024206 7.342057 6.409388 5.189927 3.676888 1.912693 0.000000 
50.000000 43.509080 37.246304 31.415780 26.177760 21.636223 17.835290 14.763992 12.367327 10.560694 9.244718 8.318119 7.687215 7.271655 7.006754 6.843262 6.745522 6.688898 6.657093 6.639765 6.630603 6.625900 6.623555 6.622418 6.621880 6.621630 6.621508 6.621432 6.621351 6.621209 6.620925 6.620348 6.619199 6.616965 6.612738 6.604955 6.591015 6.566740 6.525654 6.458113 6.350353 6.183664 5.934038 5.572843 5.069245 4.395148 3.533037 2.485953 1.286611 0.000000 
50.000000 43.197410 36.633926 30.523462 25.033970 20.274421 16.291050 13.072357 10.560694 8.667391 7.288297 6.317267 5.656118 5.220642 4.943050 4.771727 4.669308 4.609973 4.576647 4.558490 4.548890 4.543963 4.541505 4.540314 4.539751 4.539490 4.539366 4.539293 4.539223 4.539108 4.538881 4.538422 4.537513 4.535753 4.532438 4.526368 4.515562 4.496875 4.465499 4.414391 4.333696 4.210341 4.028057 3.768179 3.411633 2.942418 2.352491 1.647231 0.849565 0.000000 
50.000000 42.970372 36.187836 29.873454 24.200783 19.282433 15.166180 11.840134 9.244718 7.288297 5.863241 4.859857 4.176688 3.726713 3.439882 3.262859 3.157034 3.095727 3.061293 3.042533 3.032615 3.027524 3.024986 3.023755 3.023174 3.022905 3.022779 3.022711 3.022651 3.022561 3.022388 3.022041 3.021356 3.020036 3.017561 3.013052 3.005073 2.991365 2.968520 2.931620 2.873906 2.786605 2.659084 2.479552 2.236505 1.921003 1.529586 1.067205 0.549050 0.000000 
50.000000 42.810500 35.873718 29.415747 23.614096 18.583934 14.374123 10.972496 8.318119 6.317267 4.859857 3.833703 3.135035 2.674857 2.381526 2.200493 2.092271 2.029577 1.994365 1.975181 1.965039 1.959833 1.957237 1.955979 1.955385 1.955112 1.954985 1.954920 1.954870 1.954802 1.954676 1.954425 1.953932 1.952986 1.951220 1.948019 1.942386 1.932769 1.916851 1.891337 1.851767 1.792465 1.706706 1.587253 1.427321 1.222001 0.969948 0.674923 0.346596 0.000000 
50.000000 42.701638 35.659826 29.104084 23.214612 18.108321 13.834812 10.381730 7.687215 5.656118 4.176688 3.135035 2.425822 1.958701 1.660946 1.477185 1.367334 1.303696 1.267954 1.248483 1.238188 1.232904 1.230269 1.228993 1.228390 1.228113 1.227986 1.227924 1.227882 1.227832 1.227743 1.227570 1.227230 1.226580 1.225373 1.223196 1.219383 1.212911 1.202267 1.185323 1.159243 1.120475 1.064896 0.988179 0.886409 0.756937 0.599327 0.416170 0.213421 0.000000 
50.000000 42.629928 35.518931 28.898787 22.951468 17.795035 13.479572 9.992603 7.271655 5.220642 3.726713 2.674857 1.958701 1.487010 1.186345 1.000789 0.889865 0.825607 0.789516 0.769855 0.759460 0.754125 0.751465 0.750176 0.749568 0.749288 0.749162 0.749102 0.749066 0.749030 0.748969 0.748853 0.748628 0.748200 0.747408 0.745985 0.743505 0.739318 0.732471 0.721640 0.705081 0.680640 0.645863 0.598230 0.535527 0.456349 0.360619 0.250006 0.128071 0.000000 
50.000000 42.584212 35.429110 28.767911 22.783716 17.595320 13.253116 9.744549 7.006754 4.943050 3.439882 2.381526 1.660946 1.186345 0.883825 0.697126 0.585519 0.520866 0.484554 0.464772 0.454314 0.448945 0.446269 0.444972 0.444361 0.444080 0.443953 0.443895 0.443864 0.443837 0.443797 0.443723 0.443579 0.443308 0.442808 0.441913 0.440360 0.437751 0.433506 0.426830 0.416683 0.401800 0.380761 0.352132 0.314692 0.267706 0.211213 0.146238 0.074850 0.000000 
50.000000 42.555995 35.373669 28.687130 22.680176 17.472053 13.113346 9.591451 6.843262 4.771727 3.262859 2.200493 1.477185 1.000789 0.697126 0.509722 0.397694 0.332797 0.296349 0.276492 0.265995 0.260607 0.257920 0.256618 0.256005 0.255723 0.255597 0.255540 0.255512 0.255492 0.255466 0.255419 0.255331 0.255165 0.254861 0.254318 0.253381 0.251812 0.249273 0.245298 0.239289 0.230524 0.218204 0.201533 0.179851 0.152782 0.120385 0.083264 0.042588 0.000000 
50.000000 42.539124 35.340522 28.638833 22.618273 17.398357 13.029786 9.499924 6.745522 4.669308 3.157034 2.092271 1.367334 0.889865 0.585519 0.397694 0.285416 0.220373 0.183843 0.163942 0.153422 0.148021 0.145329 0.144024 0.143409 0.143128 0.143001 0.142945 0.142919 0.142903 0.142886 0.142858 0.142806 0.142708 0.142529 0.142212 0.141665 0.140754 0.139286 0.136998 0.133555 0.128557 0.121567 0.112154 0.099969 0.084823 0.066765 0.046138 0.023586 0.000000 
50.000000 42.529350 35.321318 28.610851 22.582408 17.355661 12.981374 9.446898 6.688898 4.609973 3.095727 2.029578 1.303697 0.825607 0.520866 0.332798 0.220374 0.155247 0.118670 0.098743 0.088209 0.082802 0.080106 0.078800 0.078184 0.077902 0.077776 0.077720 0.077696 0.077682 0.077671 0.077654 0.077624 0.077568 0.077467 0.077287 0.076979 0.076467 0.075646 0.074371 0.072461 0.069700 0.065853 0.060697 0.054048 0.045814 0.036028 0.024879 0.012712 0.000000 
50.000000 42.523859 35.310530 28.595133 22.562262 17.331678 12.954182 9.417114 6.657094 4.576647 3.061294 1.994366 1.267955 0.789517 0.484555 0.296350 0.183844 0.118670 0.082067 0.062126 0.051584 0.046173 0.043475 0.042168 0.041552 0.041269 0.041143 0.041088 0.041064 0.041053 0.041045 0.041035 0.041018 0.040987 0.040931 0.040833 0.040665 0.040387 0.039942 0.039253 0.038226 0.036746 0.034693 0.031950 0.028426 0.024075 0.018918 0.013056 0.006669 0.000000 
50.000000 42.520867 35.304652 28.586569 22.551286 17.318611 12.939367 9.400888 6.639767 4.558492 3.042536 1.975184 1.248485 0.769857 0.464774 0.276495 0.163945 0.098745 0.062127 0.042179 0.031633 0.026219 0.023520 0.022213 0.021597 0.021314 0.021188 0.021133 0.021110 0.021099 0.021093 0.021087 0.021078 0.021061 0.021032 0.020979 0.020891 0.020744 0.020510 0.020150 0.019614 0.018844 0.017780 0.016363 0.014547 0.012311 0.009668 0.006669 0.003405 0.000000 
50.000000 42.519286 35.301545 28.582042 22.545484 17.311704 12.931537 9.392311 6.630609 4.548896 3.032621 1.965045 1.238194 0.759467 0.454320 0.266001 0.153428 0.088215 0.051589 0.031636 0.021088 0.015674 0.012974 0.011666 0.011050 0.010768 0.010642 0.010587 0.010563 0.010553 0.010548 0.010545 0.010539 0.010531 0.010516 0.010489 0.010443 0.010368 0.010249 0.010066 0.009794 0.009405 0.008869 0.008157 0.007247 0.006130 0.004811 0.003317 0.001693 0.000000 
50.000000 42.518475 35.299952 28.579721 22.542509 17.308164 12.927522 9.387915 6.625914 4.543977 3.027539 1.959848 1.232920 0.754141 0.448961 0.260622 0.148037 0.082817 0.046188 0.026233 0.015683 0.010268 0.007569 0.006261 0.005644 0.005362 0.005236 0.005181 0.005158 0.005148 0.005144 0.005141 0.005138 0.005134 0.005126 0.005113 0.005090 0.005053 0.004994 0.004903 0.004769 0.004578 0.004315 0.003966 0.003522 0.002977 0.002336 0.001610 0.000822 0.000000 
50.000000 42.518073 35.299163 28.578572 22.541036 17.306410 12.925534 9.385737 6.623589 4.541541 3.025023 1.957275 1.230308 0.751503 0.446308 0.257959 0.145368 0.080144 0.043513 0.023557 0.013007 0.007592 0.004892 0.003584 0.002967 0.002685 0.002559 0.002504 0.002481 0.002471 0.002467 0.002465 0.002464 0.002461 0.002457 0.002451 0.002440 0.002422 0.002393 0.002349 0.002284 0.002191 0.002064 0.001897 0.001683 0.001422 0.001115 0.000769 0.000392 0.000000 
50.000000 42.517885 35.298794 28.578033 22.540346 17.305589 12.924603 9.384717 6.622501 4.540401 3.023844 1.956070 1.229084 0.750268 0.445065 0.256711 0.144117 0.078893 0.042260 0.022304 0.011754 0.006338 0.003638 0.002330 0.001714 0.001431 0.001306 0.001251 0.001228 0.001218 0.001214 0.001212 0.001211 0.001210 0.001208 0.001205 0.001199 0.001190 0.001176 0.001154 0.001121 0.001076 0.001013 0.000930 0.000825 0.000697 0.000546 0.000376 0.000192 0.000000 
50.000000 42.517812 35.298649 28.577823 22.540076 17.305268 12.924239 9.384319 6.622075 4.539954 3.023383 1.955598 1.228606 0.749785 0.444579 0.256224 0.143628 0.078403 0.041770 0.021814 0.011263 0.005848 0.003148 0.001840 0.001224 0.000941 0.000815 0.000760 0.000737 0.000728 0.000724 0.000722 0.000721 0.000720 0.000719 0.000717 0.000714 0.000708 0.000700 0.000686 0.000667 0.000640 0.000602 0.000553 0.000490 0.000414 0.000324 0.000223 0.000114 0.000000 
50.000000 42.517812 35.298649 28.577823 22.540076 17.305268 12.924239 9.384319 6.622075 4.539954 3.023383 1.955598 1.228606 0.749785 0.444579 0.256224 0.143628 0.078403 0.041770 0.021814 0.011263 0.005848 0.003148 0.001840 0.001224 0.000941 0.000815 0.000760 0.000737 0.000728 0.000724 0.000722 0.000721 0.000720 0.000719 0.000717 0.000714 0.000708 0.000700 0.000686 0.000667 0.000640 0.000602 0.000553 0.000490 0.000414 0.000324 0.000223 0.000114 0.000000 
50.000000 42.517885 35.298794 28.578033 22.540346 17.305589 12.924603 9.384717 6.622501 4.540401 3.023844 1.956070 1.229084 0.750268 0.445065 0.256711 0.144117 0.078893 0.042260 0.022304 0.011754 0.006338 0.003638 0.002330 0.001714 0.001431 0.001306 0.001251 0.001228 0.001218 0.001214 0.001212 0.001211 0.001210 0.001208 0.001205 0.001199 0.001190 0.001176 0.001154 0.001121 0.001076 0.001013 0.000930 0.000825 0.000697 0.000546 0.000376 0.000192 0.000000 
50.000000 42.518073 35.299163 28.578572 22.541036 17.306410 12.925534 9.385737 6.623589 4.541541 3.025023 1.957275 1.230308 0.751503 0.446308 0.257959 0.145368 0.080144 0.043513 0.023557 0.013007 0.007592 0.004892 0.003584 0.002967 0.002685 0.002559 0.002504 0.002481 0.002471 0.002467 0.002465 0.002464 0.002461 0.002457 0.002451 0.002440 0.002422 0.002393 0.002349 0.002284 0.002191 0.002064 0.001897 0.001683 0.001422 0.001115 0.000769 0.000392 0.000000 
50.000000 42.518475 35.299952 28.579721 22.542509 17.308164 12.927522 9.387915 6.625914 4.543977 3.027539 1.959848 1.232920 0.754141 0.448961 0.260622 0.148037 0.082817 0.046188 0.026233 0.015683 0.010268 0.007569 0.006261 0.005644 0.005362 0.005236 0.005181 0.005158 0.005148 0.005144 0.005141 0.005138 0.005134 0.005126 0.005113 0.005090 0.005053 0.004994 0.004903 0.004769 0.004578 0.004315 0.003966 0.003522 0.002977 0.002336 0.001610 0.000822 0.000000 
50.000000 42.519286 35.301545 28.582042 22.545484 17.311704 12.931537 9.392311 6.630609 4.548896 3.032621 1.965045 1.238194 0.759467 0.454320 0.266001 0.153428 0.088215 0.051589 0.031636 0.021088 0.015674 0.012974 0.011666 0.011050 0.010768 0.010642 0.010587 0.010563 0.010553 0.010548 0.010545 0.010539 0.010531 0.010516 0.010489 0.010443 0.010368 0.010249 0.010066 0.009794 0.009405 0.008869 0.008157 0.007247 0.006130 0.004811 0.003317 0.001693 0.000000 
50.000000 42.520867 35.304652 28.586569 22.551286 17.318611 12.939367 9.400888 6.639767 4.558492 3.042536 1.975184 1.248485 0.769857 0.464774 0.276495 0.163945 0.098745 0.062127 0.042179 0.031633 0.026219 0.023520 0.022213 0.021597 0.021314 0.021188 0.021133 0.021110 0.021099 0.021093 0.021087 0.021078 0.021061 0.021032 0.020979 0.020891 0.020744 0.020510 0.020150 0.019614 0.018844 0.017780 0.016363 0.014547 0.012311 0.009668 0.006669 0.003405 0.000000 
50.000000 42.523859 35.310530 28.595133 22.562262 17.331678 12.954182 9.417114 6.657094 4.576647 3.061294 1.994366 1.267955 0.789517 0.484555 0.296350 0.183844 0.118670 0.082067 0.062126 0.051584 0.046173 0.043475 0.042168 0.041552 0.041269 0.041143 0.041088 0.041064 0.041053 0.041045 0.041035 0.041018 0.040987 0.040931 0.040833 0.040665 0.040387 0.039942 0.039253 0.038226 0.036746 0.034693 0.031950 0.028426 0.024075 0.018918 0.013056 0.006669 0.000000 
50.000000 42.529350 35.321318 28.610851 22.582408 17.355661 12.981374 9.446898 6.688898 4.609973 3.095727 2.029578 1.303697 0.825607 0.520866 0.332798 0.220374 0.155247 0.118670 0.098743 0.088209 0.082802 0.080106 0.078800 0.078184 0.077902 0.077776 0.077720 0.077696 0.077682 0.077671 0.077654 0.077624 0.077568 0.077467 0.077287 0.076979 0.076467 0.075646 0.074371 0.072461 0.069700 0.065853 0.060697 0.054048 0.045814 0.036028 0.024879 0.012712 0.000000 
50.000000 42.539124 35.340522 28.638833 22.618273 17.398357 13.029786 9.499924 6.745522 4.669308 3.157034 2.092271 1.367334 0.889865 0.585519 0.397694 0.285416 0.220373 0.183843 0.163942 0.153422 0.148021 0.145329 0.144024 0.143409 0.143128 0.143001 0.142945 0.142919 0.142903 0.142886 0.142858 0.142806 0.142708 0.142529 0.142212 0.141665 0.140754 0.139286 0.136998 0.133555 0.128557 0.121567 0.112154 0.099969 0.084823 0.066765 0.046138 0.023586 0.000000 
50.000000 42.555995 35.373669 28.687130 22.680176 17.472053 13.113346 9.591451 6.843262 4.771727 3.262859 2.200493 1.477185 1.000789 0.697126 0.509722 0.397694 0.332797 0.296349 0.276492 0.265995 0.260607 0.257920 0.256618 0.256005 0.255723 0.255597 0.255540 0.255512 0.255492 0.255466 0.255419 0.255331 0.255165 0.254861 0.254318 0.253381 0.251812 0.249273 0.245298 0.239289 0.230524 0.218204 0.201533 0.179851 0.152782 0.120385 0.083264 0.042588 0.000000 
50.000000 42.584212 35.429110 28.767911 22.783716 17.595320 13.253116 9.744549 7.006754 4.943050 3.439882 2.381526 1.660946 1.186345 0.883825 0.697126 0.585519 0.520866 0.484554 0.464772 0.454314 0.448945 0.446269 0.444972 0.444361 0.444080 0.443953 0.443895 0.443864 0.443837 0.443797 0.443723 0.443579 0.443308 0.442808 0.441913 0.440360 0.437751 0.433506 0.426830 0.416683 0.401800 0.380761 0.352132 0.314692 0.267706 0.211213 0.146238 0.074850 0.000000 
50.000000 42.629928 35.518931 28.898787 22.951468 17.795035 13.479572 9.992603 7.271655 5.220642 3.726713 2.674857 1.958701 1.487010 1.186345 1.000789 0.889865 0.825607 0.789516 0.769855 0.759460 0.754125 0.751465 0.750176 0.749568 0.749288 0.749162 0.749102 0.749066 0.749030 0.748969 0.748853 0.748628 0.748200 0.747408 0.745985 0.743505 0.739318 0.732471 0.721640 0.705081 0.680640 0.645863 0.598230 0.535527 0.456349 0.360619 0.250006 0.128071 0.000000 
50.000000 42.701638 35.659826 29.104084 23.214612 18.108321 13.834812 10.381730 7.687215 5.656118 4.176688 3.135035 2.425822 1.958701 1.660946 1.477185 1.367334 1.303696 1.267954 1.248483 1.238188 1.232904 1.230269 1.228993 1.228390 1.228113 1.227986 1.227924 1.227882 1.227832 1.227743 1.227570 1.227230 1.226580 1.225373 1.223196 1.219383 1.212911 1.202267 1.185323 1.159243 1.120475 1.064896 0.988179 0.886409 0.756937 0.599327 0.416170 0.213421 0.000000 
50.000000 42.810500 35.873718 29.415747 23.614096 18.583934 14.374123 10.972496 8.318119 6.317267 4.859857 3.833703 3.135035 2.674857 2.381526 2.200493 2.092271 2.029577 1.994365 1.975181 1.965039 1.959833 1.957237 1.955979 1.955385 1.955112 1.954985 1.954920 1.954870 1.954802 1.954676 1.954425 1.953932 1.952986 1.951220 1.948019 1.942386 1.932769 1.916851 1.891337 1.851767 1.792465 1.706706 1.587253 1.427321 1.222001 0.969948 0.674923 0.346596 0.000000 
50.000000 42.970372 36.187836 29.873454 24.200783 19.282433 15.166180 11.840134 9.244718 7.288297 5.863241 4.859857 4.176688 3.726713 3.439882 3.262859 3.157034 3.095727 3.061293 3.042533 3.032615 3.027524 3.024986 3.023755 3.023174 3.022905 3.022779 3.022711 3.022651 3.022561 3.022388 3.022041 3.021356 3.020036 3.017561 3.013052 3.005073 2.991365 2.968520 2.931620 2.873906 2.786605 2.659084 2.479552 2.236505 1.921003 1.529586 1.067205 0.549050 0.000000 
50.000000 43.197410 36.633926 30.523462 25.033970 20.274421 16.291050 13.072357 10.560694 8.667391 7.288297 6.317267 5.656118 5.220642 4.943050 4.771727 4.669308 4.609973 4.576647 4.558490 4.548890 4.543963 4.541505 4.540314 4.539751 4.539490 4.539366 4.539293 4.539223 4.539108 4.538881 4.538422 4.537513 4.535753 4.532438 4.526368 4.515562 4.496875 4.465499 4.414391 4.333696 4.210341 4.028057 3.768179 3.411633 2.942418 2.352491 1.647231 0.849565 0.000000 
50.000000 43.509080 37.246304 31.415780 26.177760 21.636223 17.835290 14.763992 12.367327 10.560694 9.244718 8.318119 7.687215 7.271655 7.006754 6.843262 6.745522 6.688898 6.657093 6.639765 6.630603 6.625900 6.623555 6.622418 6.621880 6.621630 6.621508 6.621432 6.621351 6.621209 6.620925 6.620348 6.619199 6.616965 6.612738 6.604955 6.591015 6.566740 6.525654 6.458113 6.350353 6.183664 5.934038 5.572843 5.069245 4.395148 3.533037 2.485953 1.286611 0.000000 
50.000000 43.922517 38.058639 32.599468 27.695045 23.442727 19.883827 17.008079 14.763992 13.072357 11.840134 10.972496 10.381730 9.992603 9.744549 9.591451 9.499924 9.446897 9.417113 9.400886 9.392306 9.387901 9.385705 9.384640 9.384136 9.383900 9.383783 9.383705 9.383613 9.383447 9.383110 9.382422 9.381045 9.378357 9.373247 9.363788 9.346740 9.316834 9.265790 9.181050 9.044300 8.829954 8.504039 8.024206 7.342057 6.409388 5.189927 3.676888 1.912693 0.000000 
50.000000 44.452307 39.099591 34.116290 29.639363 25.757681 22.508958 19.883827 17.835290 16.291050 15.166180 14.374123 13.834812 13.479572 13.253116 13.113346 13.029786 12.981374 12.954181 12.939366 12.931532 12.927510 12.925505 12.924532 12.924071 12.923854 12.923745 12.923667 12.923568 12.923384 12.923007 12.922233 12.920678 12.917631 12.911813 12.900983 12.881342 12.846632 12.786870 12.686628 12.522871 12.262447 11.859621 11.254479 10.373841 9.137455 7.473528 5.347594 2.803627 0.000000 
50.000000 45.107929 40.387787 35.993392 32.045516 28.622526 25.757681 23.442727 21.636223 20.274421 19.282433 18.583934 18.108321 17.795035 17.595320 17.472053 17.398357 17.355660 17.331677 17.318610 17.311700 17.308153 17.306384 17.305526 17.305119 17.304926 17.304827 17.304753 17.304653 17.304461 17.304066 17.303252 17.301613 17.298388 17.292202 17.280628 17.259508 17.221912 17.156614 17.045928 16.862788 16.566978 16.100669 15.383840 14.311263 12.754896 10.579415 7.683579 4.080054 0.000000 
50.000000 45.891270 41.926935 38.236179 34.920433 32.045516 29.639363 27.695045 26.177760 25.033970 24.200783 23.614096 23.214612 22.951468 22.783716 22.680176 22.618273 22.582407 22.562261 22.551284 22.545480 22.542500 22.541014 22.540293 22.539951 22.539788 22.539703 22.539636 22.539541 22.539357 22.538976 22.538187 22.536594 22.533450 22.527394 22.516010 22.495119 22.457675 22.392095 22.279781 22.091552 21.782612 21.285656 20.501909 19.290620 17.460217 14.771343 10.978204 5.960731 0.000000 
50.000000 46.794719 43.702079 40.822856 38.236179 35.993392 34.116290 32.599468 31.415780 30.523462 29.873454 29.415747 29.104084 28.898787 28.767911 28.687130 28.638833 28.610851 28.595132 28.586568 28.582039 28.579714 28.578554 28.577991 28.577724 28.577597 28.577529 28.577474 28.577393 28.577233 28.576902 28.576215 28.574823 28.572068 28.566745 28.556698 28.538169 28.504757 28.445798 28.343867 28.170971 27.882743 27.409541 26.642762 25.413976 23.464835 20.411428 15.733159 8.904771 0.000000 
50.000000 47.800340 45.677981 43.702079 41.926935 40.387787 39.099591 38.058639 37.246304 36.633926 36.187836 35.873718 35.659826 35.518931 35.429110 35.373669 35.340522 35.321318 35.310529 35.304651 35.301543 35.299947 35.299151 35.298765 35.298581 35.298494 35.298446 35.298407 35.298347 35.298230 35.297984 35.297474 35.296438 35.294385 35.290406 35.282872 35.268925 35.243656 35.198795 35.120632 34.986695 34.760352 34.381752 33.751997 32.704208 30.948731 27.968920 22.838990 14.027368 0.000000 
50.000000 48.880500 47.800340 46.794719 45.891270 45.107929 44.452307 43.922517 43.509080 43.197410 42.970372 42.810500 42.701638 42.629928 42.584212 42.555995 42.539124 42.529350 42.523859 42.520867 42.519285 42.518473 42.518067 42.517871 42.517777 42.517732 42.517708 42.517687 42.517656 42.517593 42.517462 42.517190 42.516637 42.515539 42.513407 42.509363 42.501857 42.488217 42.463904 42.421322 42.347845 42.222469 42.009824 41.648679 41.027874 39.930539 37.889947 33.772972 24.440250 0.000000 
50.000000 50.000000 50.000000 50.000000 50.000000 50.000000 50.000000 50.000000 50.000000 50.000000 50.000000 50.000000 50.000000 50.000000 50.000000 50.000000 50.000000 50.000000 50.000000 50.000000 50.000000 50.000000 50.000000 50.000000 50.000000 50.000000 50.000000 50.000000 50.000000 50.000000 50.000000 50.000000 50.000000 50.000000 50.000000 50.000000 50.000000 50.000000 50.000000 50.000000 50.000000 50.000000 50.000000 50.000000 50.000000 50.000000 50.000000 50.000000 50.000000 50.000000 
