50.000000 50.000000 50.000000 50.000000 50.000000 50.000000 50.000000 50.000000 50.000000 50.000000 50.000000 50.000000 50.000000 50.000000 50.000000 50.000000 50.000000 50.000000 50.000000 50.000000 50.000000 50.000000 50.000000 50.000000 50.000000 50.000000 50.000000 50.000000 50.000000 50.000000 50.000000 50.000000 50.000000 50.000000 50.000000 50.000000 50.000000 50.000000 50.000000 50.000000 50.000000 50.000000 50.000000 50.000000 50.000000 50.000000 50.000000 50.000000 50.000000 50.000000 
50.000000 44.324830 39.653835 36.463596 34.631782 33.734500 33.354184 33.212875 33.166316 33.152577 33.148913 33.148024 33.147826 33.147785 33.147778 33.147776 33.147776 33.147776 33.147776 33.147776 33.147776 33.147776 33.147776 33.147776 33.147776 33.147776 33.147776 33.147776 33.147776 33.147776 33.147776 33.147776 33.147776 33.147776 33.147776 33.147776 33.147776 33.147773 33.147760 33.147692 33.147365 33.145910 33.139908 33.116973 33.035713 32.767648 31.935719 29.459085 22.162415 0.000000 
50.000000 39.653835 31.138924 25.324075 21.985816 20.350979 19.658214 19.400880 19.316119 19.291112 19.284447 19.282829 19.282469 19.282395 19.282381 19.282379 19.282379 19.282378 19.282378 19.282378 19.282378 19.282378 19.282378 19.282378 19.282378 19.282378 19.282378 19.282378 19.282378 19.282378 19.282378 19.282378 19.282378 19.282378 19.282378 19.282378 19.282378 19.282374 19.282356 19.282262 19.281816 19.279853 19.271882 19.242115 19.140211 18.821414 17.913024 15.569462 10.194750 0.000000 
50.000000 36.463596 25.324075 17.718107 13.352553 11.215196 10.309764 9.973546 9.862840 9.830191 9.821492 9.819382 9.818913 9.818817 9.818798 9.818795 9.818795 9.818794 9.818794 9.818794 9.818794 9.818794 9.818794 9.818794 9.818794 9.818794 9.818794 9.818794 9.818794 9.818794 9.818794 9.818794 9.818794 9.818794 9.818794 9.818794 9.818794 9.818791 9.818776 9.818697 9.818327 9.816722 9.810311 9.786913 9.709340 9.477476 8.859054 7.411051 4.527877 0.000000 
50.000000 34.631782 21.985816 13.352553 8.398384 5.973447 4.946479 4.565246 4.439759 4.402764 4.392910 4.390521 4.389990 4.389881 4.389860 4.389857 4.389856 4.389856 4.389856 4.389856 4.389856 4.389856 4.389856 4.389856 4.389856 4.389856 4.389856 4.389856 4.389856 4.389856 4.389856 4.389856 4.389856 4.389856 4.389856 4.389856 4.389856 4.389854 4.389844 4.389796 4.389569 4.388594 4.384762 4.371052 4.326794 4.199192 3.875076 3.164402 1.864133 0.000000 
50.000000 33.734500 20.350979 11.215196 5.973447 3.408213 2.322051 1.918934 1.786275 1.747176 1.736764 1.734240 1.733679 1.733564 1.733542 1.733539 1.733538 1.733538 1.733538 1.733538 1.733538 1.733538 1.733538 1.733538 1.733538 1.733538 1.733538 1.733538 1.733538 1.733538 1.733538 1.733538 1.733538 1.733538 1.733538 1.733538 1.733538 1.733537 1.733532 1.733508 1.733396 1.732922 1.731079 1.724595 1.704106 1.646653 1.505856 1.210768 0.698787 0.000000 
50.000000 33.354184 19.658214 10.309764 4.946479 2.322051 1.210961 0.798647 0.662981 0.623001 0.612357 0.609776 0.609203 0.609086 0.609064 0.609060 0.609059 0.609059 0.609059 0.609059 0.609059 0.609059 0.609059 0.609059 0.609059 0.609059 0.609059 0.609059 0.609059 0.609059 0.609059 0.609059 0.609059 0.609059 0.609059 0.609059 0.609059 0.609059 0.609057 0.609047 0.609001 0.608807 0.608063 0.605480 0.597456 0.575427 0.522851 0.416099 0.237211 0.000000 
50.000000 33.212875 19.400880 9.973546 4.565246 1.918934 0.798647 0.382948 0.246178 0.205875 0.195146 0.192545 0.191967 0.191849 0.191827 0.191823 0.191822 0.191822 0.191822 0.191822 0.191822 0.191822 0.191822 0.191822 0.191822 0.191822 0.191822 0.191822 0.191822 0.191822 0.191822 0.191822 0.191822 0.191822 0.191822 0.191822 0.191822 0.191822 0.191821 0.191817 0.191801 0.191733 0.191474 0.190584 0.187855 0.180484 0.163235 0.128999 0.072966 0.000000 
50.000000 33.166316 19.316119 9.862840 4.439759 1.786275 0.662981 0.246178 0.109048 0.068641 0.057884 0.055276 0.054697 0.054579 0.054556 0.054552 0.054552 0.054552 0.054552 0.054552 0.054552 0.054552 0.054552 0.054552 0.054552 0.054552 0.054552 0.054552 0.054552 0.054552 0.054552 0.054552 0.054552 0.054552 0.054552 0.054552 0.054551 0.054551 0.054551 0.054550 0.054545 0.054524 0.054445 0.054174 0.053354 0.051165 0.046118 0.036266 0.020407 0.000000 
50.000000 33.152577 19.291112 9.830191 4.402764 1.747176 0.623001 0.205875 0.068641 0.028203 0.017438 0.014829 0.014249 0.014131 0.014108 0.014104 0.014104 0.014103 0.014103 0.014103 0.014103 0.014103 0.014103 0.014103 0.014103 0.014103 0.014103 0.014103 0.014103 0.014103 0.014103 0.014103 0.014103 0.014103 0.014103 0.014103 0.014103 0.014103 0.014103 0.014103 0.014102 0.014096 0.014074 0.014001 0.013780 0.013196 0.011864 0.009297 0.005212 0.000000 
50.000000 33.148913 19.284447 9.821492 4.392910 1.736764 0.612357 0.195146 0.057884 0.017438 0.006670 0.004061 0.003481 0.003363 0.003340 0.003336 0.003335 0.003335 0.003335 0.003335 0.003335 0.003335 0.003335 0.003335 0.003335 0.003335 0.003335 0.003335 0.003335 0.003335 0.003335 0.003335 0.003335 0.003335 0.003335 0.003335 0.003335 0.003335 0.003335 0.003335 0.003335 0.003333 0.003328 0.003310 0.003256 0.003115 0.002795 0.002185 0.001222 0.000000 
50.000000 33.148024 19.282829 9.819382 4.390521 1.734240 0.609776 0.192545 0.055276 0.014829 0.004061 0.001451 0.000871 0.000753 0.000730 0.000726 0.000726 0.000726 0.000726 0.000726 0.000726 0.000726 0.000726 0.000726 0.000726 0.000726 0.000726 0.000726 0.000726 0.000726 0.000726 0.000726 0.000726 0.000726 0.000726 0.000726 0.000726 0.000726 0.000726 0.000726 0.000725 0.000725 0.000724 0.000720 0.000708 0.000677 0.000606 0.000473 0.000264 0.000000 
50.000000 33.147826 19.282469 9.818913 4.389990 1.733679 0.609203 0.191967 0.054697 0.014249 0.003481 0.000871 0.000292 0.000173 0.000151 0.000147 0.000146 0.000146 0.000146 0.000146 0.000146 0.000146 0.000146 0.000146 0.000146 0.000146 0.000146 0.000146 0.000146 0.000146 0.000146 0.000146 0.000146 0.000146 0.000146 0.000146 0.000146 0.000146 0.000146 0.000146 0.000146 0.000146 0.000146 0.000145 0.000142 0.000136 0.000122 0.000095 0.000053 0.000000 
50.000000 33.147785 19.282395 9.818817 4.389881 1.733564 0.609086 0.191849 0.054579 0.014131 0.003363 0.000753 0.000173 0.000055 0.000032 0.000028 0.000027 0.000027 0.000027 0.000027 0.000027 0.000027 0.000027 0.000027 0.000027 0.000027 0.000027 0.000027 0.000027 0.000027 0.000027 0.000027 0.000027 0.000027 0.000027 0.000027 0.000027 0.000027 0.000027 0.000027 0.000027 0.000027 0.000027 0.000027 0.000027 0.000025 0.000023 0.000018 0.000010 0.000000 
50.000000 33.147778 19.282381 9.818798 4.389860 1.733542 0.609064 0.191827 0.054556 0.014108 0.003340 0.000730 0.000151 0.000032 0.000009 0.000006 0.000005 0.000005 0.000005 0.000005 0.000005 0.000005 0.000005 0.000005 0.000005 0.000005 0.000005 0.000005 0.000005 0.000005 0.000005 0.000005 0.000005 0.000005 0.000005 0.000005 0.000005 0.000005 0.000005 0.000005 0.000005 0.000005 0.000005 0.000005 0.000005 0.000004 0.000004 0.000003 0.000002 0.000000 
50.000000 33.147776 19.282379 9.818795 4.389857 1.733539 0.609060 0.191823 0.054552 0.014104 0.003336 0.000726 0.000147 0.000028 0.000006 0.000002 0.000001 0.000001 0.000001 0.000001 0.000001 0.000001 0.000001 0.000001 0.000001 0.000001 0.000001 0.000001 0.000001 0.000001 0.000001 0.000001 0.000001 0.000001 0.000001 0.000001 0.000001 0.000001 0.000001 0.000001 0.000001 0.000001 0.000001 0.000001 0.000001 0.000001 0.000001 0.000000 0.000000 0.000000 
50.000000 33.147776 19.282379 9.818795 4.389856 1.733538 0.609059 0.191822 0.054552 0.014104 0.003335 0.000726 0.000146 0.000027 0.000005 0.000001 0.000000 0.000000 0.000000 0.000000 0.000000 0.000000 0.000000 0.000000 0.000000 0.000000 0.000000 0.000000 0.000000 0.000000 0.000000 0.000000 0.000000 0.000000 0.000000 0.000000 0.000000 0.000000 0.000000 0.000000 0.000000 0.000000 0.000000 0.000000 0.000000 0.000000 0.000000 0.000000 0.000000 0.000000 
50.000000 33.147776 19.282378 9.818794 4.389856 1.733538 0.609059 0.191822 0.054552 0.014103 0.003335 0.000726 0.000146 0.000027 0.000005 0.000001 0.000000 0.000000 0.000000 0.000000 0.000000 0.000000 0.000000 0.000000 0.000000 0.000000 0.000000 0.000000 0.000000 0.000000 0.000000 0.000000 0.000000 0.000000 0.000000 0.000000 0.000000 0.000000 0.000000 0.000000 0.000000 0.000000 0.000000 0.000000 0.000000 0.000000 0.000000 0.000000 0.000000 0.000000 
50.000000 33.147776 19.282378 9.818794 4.389856 1.733538 0.609059 0.191822 0.054552 0.014103 0.003335 0.000726 0.000146 0.000027 0.000005 0.000001 0.000000 0.000000 0.000000 0.000000 0.000000 0.000000 0.000000 0.000000 0.000000 0.000000 0.000000 0.000000 0.000000 0.000000 0.000000 0.000000 0.000000 0.000000 0.000000 0.000000 0.000000 0.000000 0.000000 0.000000 0.000000 0.000000 0.000000 0.000000 0.000000 0.000000 0.000000 0.000000 0.000000 0.000000 
50.000000 33.147776 19.282378 9.818794 4.389856 1.733538 0.609059 0.191822 0.054552 0.014103 0.003335 0.000726 0.000146 0.000027 0.000005 0.000001 0.000000 0.000000 0.000000 0.000000 0.000000 0.000000 0.000000 0.000000 0.000000 0.000000 0.000000 0.000000 0.000000 0.000000 0.000000 0.000000 0.000000 0.000000 0.000000 0.000000 0.000000 0.000000 0.000000 0.000000 0.000000 0.000000 0.000000 0.000000 0.000000 0.000000 0.000000 0.000000 0.000000 0.000000 
50.000000 33.147776 19.282378 9.818794 4.389856 1.733538 0.609059 0.191822 0.054552 0.014103 0.003335 0.000726 0.000146 0.000027 0.000005 0.000001 0.000000 0.000000 0.000000 0.000000 0.000000 0.000000 0.000000 0.000000 0.000000 0.000000 0.000000 0.000000 0.000000 0.000000 0.000000 0.000000 0.000000 0.000000 0.000000 0.000000 0.000000 0.000000 0.000000 0.000000 0.000000 0.000000 0.000000 0.000000 0.000000 0.000000 0.000000 0.000000 0.000000 0.000000 
50.000000 33.147776 19.282378 9.818794 4.389856 1.733538 0.609059 0.191822 0.054552 0.014103 0.003335 0.000726 0.000146 0.000027 0.000005 0.000001 0.000000 0.000000 0.000000 0.000000 0.000000 0.000000 0.000000 0.000000 0.000000 0.000000 0.000000 0.000000 0.000000 0.000000 0.000000 0.000000 0.000000 0.000000 0.000000 0.000000 0.000000 0.000000 0.000000 0.000000 0.000000 0.000000 0.000000 0.000000 0.000000 0.000000 0.000000 0.000000 0.000000 0.000000 
50.000000 33.147776 19.282378 9.818794 4.389856 1.733538 0.609059 0.191822 0.054552 0.014103 0.003335 0.000726 0.000146 0.000027 0.000005 0.000001 0.000000 0.000000 0.000000 0.000000 0.000000 0.000000 0.000000 0.000000 0.000000 0.000000 0.000000 0.000000 0.000000 0.000000 0.000000 0.000000 0.000000 0.000000 0.000000 0.000000 0.000000 0.000000 0.000000 0.000000 0.000000 0.000000 0.000000 0.000000 0.000000 0.000000 0.000000 0.000000 0.000000 0.000000 
50.000000 33.147776 19.282378 9.818794 4.389856 1.733538 0.609059 0.191822 0.054552 0.014103 0.003335 0.000726 0.000146 0.000027 0.000005 0.000001 0.000000 0.000000 0.000000 0.000000 0.000000 0.000000 0.000000 0.000000 0.000000 0.000000 0.000000 0.000000 0.000000 0.000000 0.000000 0.000000 0.000000 0.000000 0.000000 0.000000 0.000000 0.000000 0.000000 0.000000 0.000000 0.000000 0.000000 0.000000 0.000000 0.000000 0.000000 0.000000 0.000000 0.000000 
50.000000 33.147776 19.282378 9.818794 4.389856 1.733538 0.609059 0.191822 0.054552 0.014103 0.003335 0.000726 0.000146 0.000027 0.000005 0.000001 0.000000 0.000000 0.000000 0.000000 0.000000 0.000000 0.000000 0.000000 0.000000 0.000000 0.000000 0.000000 0.000000 0.000000 0.000000 0.000000 0.000000 0.000000 0.000000 0.000000 0.000000 0.000000 0.000000 0.000000 0.000000 0.000000 0.000000 0.000000 0.000000 0.000000 0.000000 0.000000 0.000000 0.000000 
50.000000 33.147776 19.282378 9.818794 4.389856 1.733538 0.609059 0.191822 0.054552 0.014103 0.003335 0.000726 0.000146 0.000027 0.000005 0.000001 0.000000 0.000000 0.000000 0.000000 0.000000 0.000000 0.000000 0.000000 0.000000 0.000000 0.000000 0.000000 0.000000 0.000000 0.000000 0.000000 0.000000 0.000000 0.000000 0.000000 0.000000 0.000000 0.000000 0.000000 0.000000 0.000000 0.000000 0.000000 0.000000 0.000000 0.000000 0.000000 0.000000 0.000000 
50.000000 33.147776 19.282378 9.818794 4.389856 1.733538 0.609059 0.191822 0.054552 0.014103 0.003335 0.000726 0.000146 0.000027 0.000005 0.000001 0.000000 0.000000 0.000000 0.000000 0.000000 0.000000 0.000000 0.000000 0.000000 0.000000 0.000000 0.000000 0.000000 0.000000 0.000000 0.000000 0.000000 0.000000 0.000000 0.000000 0.000000 0.000000 0.000000 0.000000 0.000000 0.000000 0.000000 0.000000 0.000000 0.000000 0.000000 0.000000 0.000000 0.000000 
50.000000 33.147776 19.282378 9.818794 4.389856 1.733538 0.609059 0.191822 0.054552 0.014103 0.003335 0.000726 0.000146 0.000027 0.000005 0.000001 0.000000 0.000000 0.000000 0.000000 0.000000 0.000000 0.000000 0.000000 0.000000 0.000000 0.000000 0.000000 0.000000 0.000000 0.000000 0.000000 0.000000 0.000000 0.000000 0.000000 0.000000 0.000000 0.000000 0.000000 0.000000 0.000000 0.000000 0.000000 0.000000 0.000000 0.000000 0.000000 0.000000 0.000000 
50.000000 33.147776 19.282378 9.818794 4.389856 1.733538 0.609059 0.191822 0.054552 0.014103 0.003335 0.000726 0.000146 0.000027 0.000005 0.000001 0.000000 0.000000 0.000000 0.000000 0.000000 0.000000 0.000000 0.000000 0.000000 0.000000 0.000000 0.000000 0.000000 0.000000 0.000000 0.000000 0.000000 0.000000 0.000000 0.000000 0.000000 0.000000 0.000000 0.000000 0.000000 0.000000 0.000000 0.000000 0.000000 0.000000 0.000000 0.000000 0.000000 0.000000 
50.000000 33.147776 19.282378 9.818794 4.389856 1.733538 0.609059 0.191822 0.054552 0.014103 0.003335 0.000726 0.000146 0.000027 0.000005 0.000001 0.000000 0.000000 0.000000 0.000000 0.000000 0.000000 0.000000 0.000000 0.000000 0.000000 0.000000 0.000000 0.000000 0.000000 0.000000 0.000000 0.000000 0.000000 0.000000 0.000000 0.000000 0.000000 0.000000 0.000000 0.000000 0.000000 0.000000 0.000000 0.000000 0.000000 0.000000 0.000000 0.000000 0.000000 
50.000000 33.147776 19.282378 9.818794 4.389856 1.733538 0.609059 0.191822 0.054552 0.014103 0.003335 0.000726 0.000146 0.000027 0.000005 0.000001 0.000000 0.000000 0.000000 0.000000 0.000000 0.000000 0.000000 0.000000 0.000000 0.000000 0.000000 0.000000 0.000000 0.000000 0.000000 0.000000 0.000000 0.000000 0.000000 0.000000 0.000000 0.000000 0.000000 0.000000 0.000000 0.000000 0.000000 0.000000 0.000000 0.000000 0.000000 0.000000 0.000000 0.000000 
50.000000 33.147776 19.282378 9.818794 4.389856 1.733538 0.609059 0.191822 0.054552 0.014103 0.003335 0.000726 0.000146 0.000027 0.000005 0.000001 0.000000 0.000000 0.000000 0.000000 0.000000 0.000000 0.000000 0.000000 0.000000 0.000000 0.000000 0.000000 0.000000 0.000000 0.000000 0.000000 0.000000 0.000000 0.000000 0.000000 0.000000 0.000000 0.000000 0.000000 0.000000 0.000000 0.000000 0.000000 0.000000 0.000000 0.000000 0.000000 0.000000 0.000000 
50.000000 33.147776 19.282378 9.818794 4.389856 1.733538 0.609059 0.191822 0.054552 0.014103 0.003335 0.000726 0.000146 0.000027 0.000005 0.000001 0.000000 0.000000 0.000000 0.000000 0.000000 0.000000 0.000000 0.000000 0.000000 0.000000 0.000000 0.000000 0.000000 0.000000 0.000000 0.000000 0.000000 0.000000 0.000000 0.000000 0.000000 0.000000 0.000000 0.000000 0.000000 0.000000 0.000000 0.000000 0.000000 0.000000 0.000000 0.000000 0.000000 0.000000 
50.000000 33.147776 19.282379 9.818795 4.389856 1.733538 0.609059 0.191822 0.054552 0.014104 0.003335 0.000726 0.000146 0.000027 0.000005 0.000001 0.000000 0.000000 0.000000 0.000000 0.000000 0.000000 0.000000 0.000000 0.000000 0.000000 0.000000 0.000000 0.000000 0.000000 0.000000 0.000000 0.000000 0.000000 0.000000 0.000000 0.000000 0.000000 0.000000 0.000000 0.000000 0.000000 0.000000 0.000000 0.000000 0.000000 0.000000 0.000000 0.000000 0.000000 
50.000000 33.147776 19.282379 9.818795 4.389857 1.733539 0.609060 0.191823 0.054552 0.014104 0.003336 0.000726 0.000147 0.000028 0.000006 0.000002 0.000001 0.000001 0.000001 0.000001 0.000001 0.000001 0.000001 0.000001 0.000001 0.000001 0.000001 0.000001 0.000001 0.000001 0.000001 0.000001 0.000001 0.000001 0.000001 0.000001 0.000001 0.000001 0.000001 0.000001 0.000001 0.000001 0.000001 0.000001 0.000001 0.000001 0.000001 0.000000 0.000000 0.000000 
50.000000 33.147778 19.282381 9.818798 4.389860 1.733542 0.609064 0.191827 0.054556 0.014108 0.003340 0.000730 0.000151 0.000032 0.000009 0.000006 0.000005 0.000005 0.000005 0.000005 0.000005 0.000005 0.000005 0.000005 0.000005 0.000005 0.000005 0.000005 0.000005 0.000005 0.000005 0.000005 0.000005 0.000005 0.000005 0.000005 0.000005 0.000005 0.000005 0.000005 0.000005 0.000005 0.000005 0.000005 0.000005 0.000004 0.000004 0.000003 0.000002 0.000000 
50.000000 33.147785 19.282395 9.818817 4.389881 1.733564 0.609086 0.191849 0.054579 0.014131 0.003363 0.000753 0.000173 0.000055 0.000032 0.000028 0.000027 0.000027 0.000027 0.000027 0.000027 0.000027 0.000027 0.000027 0.000027 0.000027 0.000027 0.000027 0.000027 0.000027 0.000027 0.000027 0.000027 0.000027 0.000027 0.000027 0.000027 0.000027 0.000027 0.000027 0.000027 0.000027 0.000027 0.000027 0.000027 0.000025 0.000023 0.000018 0.000010 0.000000 
50.000000 33.147826 19.282469 9.818913 4.389990 1.733679 0.609203 0.191967 0.054697 0.014249 0.003481 0.000871 0.000292 0.000173 0.000151 0.000147 0.000146 0.000146 0.000146 0.000146 0.000146 0.000146 0.000146 0.000146 0.000146 0.000146 0.000146 0.000146 0.000146 0.000146 0.000146 0.000146 0.000146 0.000146 0.000146 0.000146 0.000146 0.000146 0.000146 0.000146 0.000146 0.000146 0.000146 0.000145 0.000142 0.000136 0.000122 0.000095 0.000053 0.000000 
50.000000 33.148024 19.282829 9.819382 4.390521 1.734240 0.609776 0.192545 0.055276 0.014829 0.004061 0.001451 0.000871 0.000753 0.000730 0.000726 0.000726 0.000726 0.000726 0.000726 0.000726 0.000726 0.000726 0.000726 0.000726 0.000726 0.000726 0.000726 0.000726 0.000726 0.000726 0.000726 0.000726 0.000726 0.000726 0.000726 0.000726 0.000726 0.000726 0.000726 0.000725 0.000725 0.000724 0.000720 0.000708 0.000677 0.000606 0.000473 0.000264 0.000000 
50.000000 33.148913 19.284447 9.821492 4.392910 1.736764 0.612357 0.195146 0.057884 0.017438 0.006670 0.004061 0.003481 0.003363 0.003340 0.003336 0.003335 0.003335 0.003335 0.003335 0.003335 0.003335 0.003335 0.003335 0.003335 0.003335 0.003335 0.003335 0.003335 0.003335 0.003335 0.003335 0.003335 0.003335 0.003335 0.003335 0.003335 0.003335 0.003335 0.003335 0.003335 0.003333 0.003328 0.003310 0.003256 0.003115 0.002795 0.002185 0.001222 0.000000 
50.000000 33.152577 19.291112 9.830191 4.402764 1.747176 0.623001 0.205875 0.068641 0.028203 0.017438 0.014829 0.014249 0.014131 0.014108 0.014104 0.014104 0.014103 0.014103 0.014103 0.014103 0.014103 0.014103 0.014103 0.014103 0.014103 0.014103 0.014103 0.014103 0.014103 0.014103 0.014103 0.014103 0.014103 0.014103 0.014103 0.014103 0.014103 0.014103 0.014103 0.014102 0.014096 0.014074 0.014001 0.013780 0.013196 0.011864 0.009297 0.005212 0.000000 
50.000000 33.166316 19.316119 9.862840 4.439759 1.786275 0.662981 0.246178 0.109048 0.068641 0.057884 0.055276 0.054697 0.054579 0.054556 0.054552 0.054552 0.054552 0.054552 0.054552 0.054552 0.054552 0.054552 0.054552 0.054552 0.054552 0.054552 0.054552 0.054552 0.054552 0.054552 0.054552 0.054552 0.054552 0.054552 0.054552 0.054551 0.054551 0.054551 0.054550 0.054545 0.054524 0.054445 0.054174 0.053354 0.051165 0.046118 0.036266 0.020407 0.000000 
50.000000 33.212875 19.400880 9.973546 4.565246 1.918934 0.798647 0.382948 0.246178 0.205875 0.195146 0.192545 0.191967 0.191849 0.191827 0.191823 0.191822 0.191822 0.191822 0.191822 0.191822 0.191822 0.191822 0.191822 0.191822 0.191822 0.191822 0.191822 0.191822 0.191822 0.191822 0.191822 0.191822 0.191822 0.191822 0.191822 0.191822 0.191822 0.191821 0.191817 0.191801 0.191733 0.191474 0.190584 0.187855 0.180484 0.163235 0.128999 0.072966 0.000000 
50.000000 33.354184 19.658214 10.309764 4.946479 2.322051 1.210961 0.798647 0.662981 0.623001 0.612357 0.609776 0.609203 0.609086 0.609064 0.609060 0.609059 0.609059 0.609059 0.609059 0.609059 0.609059 0.609059 0.609059 0.609059 0.609059 0.609059 0.609059 0.609059 0.609059 0.609059 0.609059 0.609059 0.609059 0.609059 0.609059 0.609059 0.609059 0.609057 0.609047 0.609001 0.608807 0.608063 0.605480 0.597456 0.575427 0.522851 0.416099 0.237211 0.000000 
50.000000 33.734500 20.350979 11.215196 5.973447 3.408213 2.322051 1.918934 1.786275 1.747176 1.736764 1.734240 1.733679 1.733564 1.733542 1.733539 1.733538 1.733538 1.733538 1.733538 1.733538 1.733538 1.733538 1.733538 1.733538 1.733538 1.733538 1.733538 1.733538 1.733538 1.733538 1.733538 1.733538 1.733538 1.733538 1.733538 1.733538 1.733537 1.733532 1.733508 1.733396 1.732922 1.731079 1.724595 1.704106 1.646653 1.505856 1.210768 0.698787 0.000000 
50.000000 34.631782 21.985816 13.352553 8.398384 5.973447 4.946479 4.565246 4.439759 4.402764 4.392910 4.390521 4.389990 4.389881 4.389860 4.389857 4.389856 4.389856 4.389856 4.389856 4.389856 4.389856 4.389856 4.389856 4.389856 4.389856 4.389856 4.389856 4.389856 4.389856 4.389856 4.389856 4.389856 4.389856 4.389856 4.389856 4.389856 4.389854 4.389844 4.389796 4.389569 4.388594 4.384762 4.371052 4.326794 4.199192 3.875076 3.164402 1.864133 0.000000 
50.000000 36.463596 25.324075 17.718107 13.352553 11.215196 10.309764 9.973546 9.862840 9.830191 9.821492 9.819382 9.818913 9.818817 9.818798 9.818795 9.818795 9.818794 9.818794 9.818794 9.818794 9.818794 9.818794 9.818794 9.818794 9.818794 9.818794 9.818794 9.818794 9.818794 9.818794 9.818794 9.818794 9.818794 9.818794 9.818794 9.818794 9.818791 9.818776 9.818697 9.818327 9.816722 9.810311 9.786913 9.709340 9.477476 8.859054 7.411051 4.527877 0.000000 
50.000000 39.653835 31.138924 25.324075 21.985816 20.350979 19.658214 19.400880 19.316119 19.291112 19.284447 19.282829 19.282469 19.282395 19.282381 19.282379 19.282379 19.282378 19.282378 19.282378 19.282378 19.282378 19.282378 19.282378 19.282378 19.282378 19.282378 19.282378 19.282378 19.282378 19.282378 19.282378 19.282378 19.282378 19.282378 19.282378 19.282378 19.282374 19.282356 19.282262 19.281816 19.279853 19.271882 19.242115 19.140211 18.821414 17.913024 15.569462 10.194750 0.000000 
50.000000 44.324830 39.653835 36.463596 34.631782 33.734500 33.354184 33.212875 33.166316 33.152577 33.148913 33.148024 33.147826 33.147785 33.147778 33.147776 33.147776 33.147776 33.147776 33.147776 33.147776 33.147776 33.147776 33.147776 33.147776 33.147776 33.147776 33.147776 33.147776 33.147776 33.147776 33.147776 33.147776 33.147776 33.147776 33.147776 33.147776 33.147773 33.147760 33.147692 33.147365 33.145910 33.139908 33.116973 33.035713 32.767648 31.935719 29.459085 22.162415 0.000000 
50.000000 50.000000 50.000000 50.000000 50.000000 50.000000 50.000000 50.000000 50.000000 50.000000 50.000000 50.000000 50.000000 50.000000 50.000000 50.000000 50.000000 50.000000 50.000000 50.000000 50.000000 50.000000 50.000000 50.000000 50.000000 50.000000 50.000000 50.000000 50.000000 50.000000 50.000000 50.000000 50.000000 50.000000 50.000000 50.000000 50.000000 50.000000 50.000000 50.000000 50.000000 50.000000 50.000000 50.000000 50.000000 50.000000 50.000000 50.000000 50.000000 50.000000 
