50.000000 50.000000 50.000000 50.000000 50.000000 50.000000 50.000000 50.000000 50.000000 50.000000 50.000000 50.000000 50.000000 50.000000 50.000000 50.000000 50.000000 50.000000 50.000000 50.000000 50.000000 50.000000 50.000000 50.000000 50.000000 50.000000 50.000000 50.000000 50.000000 50.000000 50.000000 50.000000 50.000000 50.000000 50.000000 50.000000 50.000000 50.000000 50.000000 50.000000 50.000000 50.000000 50.000000 50.000000 50.000000 50.000000 50.000000 50.000000 50.000000 50.000000 
50.000000 47.063259 44.396725 42.196252 40.542982 39.409275 38.697606 38.287301 38.069283 37.962141 37.913274 37.892518 37.884282 37.881220 37.880150 37.879798 37.879688 37.879656 37.879647 37.879644 37.879644 37.879643 37.879643 37.879643 37.879643 37.879643 37.879643 37.879643 37.879643 37.879643 37.879643 37.879643 37.879643 37.879641 37.879634 37.879610 37.879529 37.879263 37.878440 37.876018 37.869231 37.851110 37.804903 37.691903 37.424854 36.807404 35.383363 32.013480 23.531630 0.000000 
50.000000 44.396725 39.309044 35.110669 31.956407 29.793484 28.435793 27.653067 27.237181 27.032811 26.939603 26.900018 26.884311 26.878472 26.876431 26.875759 26.875550 26.875488 26.875471 26.875467 26.875466 26.875465 26.875465 26.875465 26.875465 26.875465 26.875465 26.875465 26.875465 26.875465 26.875465 26.875465 26.875464 26.875461 26.875450 26.875410 26.875272 26.874828 26.873461 26.869458 26.858326 26.828919 26.755065 26.578437 26.175043 25.291842 23.430732 19.654522 12.383245 0.000000 
50.000000 42.196252 35.110669 29.263767 24.871120 21.859164 19.968635 18.878794 18.299772 18.015258 17.885511 17.830412 17.808552 17.800425 17.797586 17.796651 17.796361 17.796275 17.796251 17.796245 17.796243 17.796243 17.796242 17.796242 17.796242 17.796242 17.796242 17.796242 17.796242 17.796242 17.796242 17.796242 17.796241 17.796238 17.796225 17.796180 17.796026 17.795530 17.794012 17.789604 17.777473 17.745868 17.667963 17.486391 17.086511 16.255476 14.631884 11.679937 6.812889 0.000000 
50.000000 40.542982 31.956407 24.871120 19.548332 15.898801 13.608235 12.287886 11.586459 11.241831 11.084686 11.017959 10.991489 10.981650 10.978213 10.977081 10.976729 10.976626 10.976597 10.976589 10.976587 10.976587 10.976586 10.976586 10.976586 10.976586 10.976586 10.976586 10.976586 10.976586 10.976586 10.976586 10.976585 10.976582 10.976571 10.976530 10.976392 10.975950 10.974606 10.970740 10.960220 10.933212 10.867892 10.719413 10.403088 9.774166 8.615644 6.664565 3.735578 0.000000 
50.000000 39.409275 29.793484 21.859164 15.898801 11.812347 9.247727 7.769518 6.984297 6.598535 6.422651 6.347976 6.318356 6.307347 6.303502 6.302236 6.301842 6.301727 6.301694 6.301686 6.301683 6.301683 6.301683 6.301683 6.301683 6.301683 6.301683 6.301683 6.301683 6.301683 6.301683 6.301682 6.301682 6.301679 6.301671 6.301639 6.301534 6.301200 6.300193 6.297319 6.289589 6.270018 6.223520 6.120172 5.906174 5.495712 4.772654 3.618441 1.984421 0.000000 
50.000000 38.697606 28.435793 19.968635 13.608235 9.247727 6.511272 4.934127 4.096414 3.684897 3.497287 3.417641 3.386053 3.374313 3.370213 3.368863 3.368444 3.368320 3.368286 3.368277 3.368274 3.368274 3.368274 3.368274 3.368274 3.368274 3.368274 3.368274 3.368274 3.368274 3.368274 3.368273 3.368273 3.368271 3.368265 3.368245 3.368175 3.367954 3.367294 3.365426 3.360455 3.348030 3.318975 3.255636 3.127554 2.888822 2.482244 1.857356 1.005703 0.000000 
50.000000 38.287301 27.653067 18.878794 12.287886 7.769518 4.934127 3.300045 2.432140 2.005820 1.811473 1.728973 1.696256 1.684098 1.679851 1.678454 1.678020 1.677892 1.677856 1.677846 1.677844 1.677843 1.677843 1.677843 1.677843 1.677843 1.677843 1.677843 1.677843 1.677843 1.677843 1.677843 1.677843 1.677842 1.677838 1.677826 1.677785 1.677655 1.677269 1.676187 1.673334 1.666284 1.650022 1.615152 1.545998 1.419994 1.210831 0.898002 0.482398 0.000000 
50.000000 38.069283 27.237181 18.299772 11.586459 6.984297 4.096414 2.432140 1.548236 1.114075 0.916164 0.832155 0.798841 0.786461 0.782138 0.780716 0.780273 0.780143 0.780107 0.780097 0.780095 0.780094 0.780094 0.780094 0.780094 0.780094 0.780094 0.780094 0.780094 0.780094 0.780094 0.780094 0.780094 0.780093 0.780091 0.780085 0.780063 0.779994 0.779790 0.779223 0.777742 0.774118 0.765856 0.748383 0.714279 0.653247 0.553905 0.408263 0.218174 0.000000 
50.000000 37.962141 27.032811 18.015258 11.241831 6.598535 3.684897 2.005820 1.114075 0.676075 0.476420 0.391673 0.358068 0.345581 0.341220 0.339785 0.339339 0.339208 0.339171 0.339161 0.339159 0.339158 0.339158 0.339158 0.339158 0.339158 0.339158 0.339158 0.339158 0.339158 0.339158 0.339158 0.339158 0.339158 0.339157 0.339153 0.339143 0.339109 0.339012 0.338741 0.338038 0.336333 0.332486 0.324443 0.308947 0.281611 0.237785 0.174485 0.092910 0.000000 
50.000000 37.913274 26.939603 17.885511 11.084686 6.422651 3.497287 1.811473 0.916164 0.476420 0.275974 0.190892 0.157154 0.144618 0.140241 0.138800 0.138352 0.138221 0.138184 0.138174 0.138172 0.138171 0.138171 0.138171 0.138171 0.138171 0.138171 0.138171 0.138171 0.138171 0.138171 0.138171 0.138171 0.138171 0.138170 0.138169 0.138164 0.138149 0.138106 0.137987 0.137680 0.136941 0.135286 0.131861 0.125332 0.113946 0.095907 0.070146 0.037255 0.000000 
50.000000 37.892518 26.900018 17.830412 11.017959 6.347976 3.417641 1.728973 0.832155 0.391673 0.190892 0.105669 0.071876 0.059319 0.054934 0.053492 0.053043 0.052911 0.052874 0.052864 0.052862 0.052861 0.052861 0.052861 0.052861 0.052861 0.052861 0.052861 0.052861 0.052861 0.052861 0.052861 0.052861 0.052861 0.052861 0.052860 0.052858 0.052852 0.052834 0.052786 0.052662 0.052364 0.051704 0.050347 0.047783 0.043353 0.036400 0.026557 0.014078 0.000000 
50.000000 37.884282 26.884311 17.808552 10.991489 6.318356 3.386053 1.696256 0.798841 0.358068 0.157154 0.071876 0.038060 0.025496 0.021108 0.019665 0.019216 0.019084 0.019047 0.019037 0.019034 0.019034 0.019034 0.019034 0.019034 0.019034 0.019034 0.019034 0.019034 0.019034 0.019034 0.019034 0.019034 0.019034 0.019034 0.019033 0.019033 0.019030 0.019024 0.019005 0.018958 0.018847 0.018601 0.018098 0.017156 0.015540 0.013022 0.009483 0.005020 0.000000 
50.000000 37.881220 26.878472 17.800425 10.981650 6.307347 3.374313 1.684098 0.786461 0.345581 0.144618 0.059319 0.025496 0.012928 0.008540 0.007095 0.006647 0.006514 0.006477 0.006468 0.006465 0.006465 0.006464 0.006464 0.006464 0.006464 0.006464 0.006464 0.006464 0.006464 0.006464 0.006464 0.006464 0.006464 0.006464 0.006464 0.006464 0.006463 0.006461 0.006454 0.006438 0.006399 0.006313 0.006138 0.005813 0.005258 0.004400 0.003199 0.001692 0.000000 
50.000000 37.880150 26.876431 17.797586 10.978213 6.303502 3.370213 1.679851 0.782138 0.341220 0.140241 0.054934 0.021108 0.008540 0.004151 0.002706 0.002257 0.002125 0.002088 0.002079 0.002076 0.002076 0.002075 0.002075 0.002075 0.002075 0.002075 0.002075 0.002075 0.002075 0.002075 0.002075 0.002075 0.002075 0.002075 0.002075 0.002075 0.002075 0.002074 0.002072 0.002067 0.002054 0.002025 0.001968 0.001862 0.001683 0.001406 0.001021 0.000540 0.000000 
50.000000 37.879798 26.875759 17.796651 10.977081 6.302236 3.368863 1.678454 0.780716 0.339785 0.138800 0.053492 0.019665 0.007095 0.002706 0.001262 0.000813 0.000681 0.000644 0.000634 0.000632 0.000631 0.000631 0.000631 0.000631 0.000631 0.000631 0.000631 0.000631 0.000631 0.000631 0.000631 0.000631 0.000631 0.000631 0.000631 0.000631 0.000631 0.000631 0.000630 0.000628 0.000624 0.000616 0.000598 0.000565 0.000511 0.000426 0.000309 0.000163 0.000000 
50.000000 37.879688 26.875550 17.796361 10.976729 6.301842 3.368444 1.678020 0.780273 0.339339 0.138352 0.053043 0.019216 0.006647 0.002257 0.000813 0.000364 0.000232 0.000195 0.000185 0.000183 0.000182 0.000182 0.000182 0.000182 0.000182 0.000182 0.000182 0.000182 0.000182 0.000182 0.000182 0.000182 0.000182 0.000182 0.000182 0.000182 0.000182 0.000182 0.000182 0.000181 0.000180 0.000178 0.000172 0.000163 0.000147 0.000123 0.000089 0.000047 0.000000 
50.000000 37.879656 26.875488 17.796275 10.976626 6.301727 3.368320 1.677892 0.780143 0.339208 0.138221 0.052911 0.019084 0.006514 0.002125 0.000681 0.000232 0.000100 0.000063 0.000053 0.000051 0.000050 0.000050 0.000050 0.000050 0.000050 0.000050 0.000050 0.000050 0.000050 0.000050 0.000050 0.000050 0.000050 0.000050 0.000050 0.000050 0.000050 0.000050 0.000050 0.000050 0.000049 0.000049 0.000047 0.000045 0.000040 0.000034 0.000024 0.000013 0.000000 
50.000000 37.879647 26.875471 17.796251 10.976597 6.301694 3.368286 1.677856 0.780107 0.339171 0.138184 0.052874 0.019047 0.006477 0.002088 0.000644 0.000195 0.000063 0.000026 0.000016 0.000014 0.000013 0.000013 0.000013 0.000013 0.000013 0.000013 0.000013 0.000013 0.000013 0.000013 0.000013 0.000013 0.000013 0.000013 0.000013 0.000013 0.000013 0.000013 0.000013 0.000013 0.000013 0.000013 0.000012 0.000012 0.000011 0.000009 0.000006 0.000003 0.000000 
50.000000 37.879644 26.875467 17.796245 10.976589 6.301686 3.368277 1.677846 0.780097 0.339161 0.138174 0.052864 0.019037 0.006468 0.002079 0.000634 0.000185 0.000053 0.000016 0.000007 0.000004 0.000003 0.000003 0.000003 0.000003 0.000003 0.000003 0.000003 0.000003 0.000003 0.000003 0.000003 0.000003 0.000003 0.000003 0.000003 0.000003 0.000003 0.000003 0.000003 0.000003 0.000003 0.000003 0.000003 0.000003 0.000003 0.000002 0.000002 0.000001 0.000000 
50.000000 37.879644 26.875466 17.796243 10.976587 6.301683 3.368274 1.677844 0.780095 0.339159 0.138172 0.052862 0.019034 0.006465 0.002076 0.000632 0.000183 0.000051 0.000014 0.000004 0.000002 0.000001 0.000001 0.000001 0.000001 0.000001 0.000001 0.000001 0.000001 0.000001 0.000001 0.000001 0.000001 0.000001 0.000001 0.000001 0.000001 0.000001 0.000001 0.000001 0.000001 0.000001 0.000001 0.000001 0.000001 0.000001 0.000001 0.000000 0.000000 0.000000 
50.000000 37.879643 26.875465 17.796243 10.976587 6.301683 3.368274 1.677843 0.780094 0.339158 0.138171 0.052861 0.019034 0.006465 0.002076 0.000631 0.000182 0.000050 0.000013 0.000003 0.000001 0.000000 0.000000 0.000000 0.000000 0.000000 0.000000 0.000000 0.000000 0.000000 0.000000 0.000000 0.000000 0.000000 0.000000 0.000000 0.000000 0.000000 0.000000 0.000000 0.000000 0.000000 0.000000 0.000000 0.000000 0.000000 0.000000 0.000000 0.000000 0.000000 
50.000000 37.879643 26.875465 17.796242 10.976586 6.301683 3.368274 1.677843 0.780094 0.339158 0.138171 0.052861 0.019034 0.006464 0.002075 0.000631 0.000182 0.000050 0.000013 0.000003 0.000001 0.000000 0.000000 0.000000 0.000000 0.000000 0.000000 0.000000 0.000000 0.000000 0.000000 0.000000 0.000000 0.000000 0.000000 0.000000 0.000000 0.000000 0.000000 0.000000 0.000000 0.000000 0.000000 0.000000 0.000000 0.000000 0.000000 0.000000 0.000000 0.000000 
50.000000 37.879643 26.875465 17.796242 10.976586 6.301683 3.368274 1.677843 0.780094 0.339158 0.138171 0.052861 0.019034 0.006464 0.002075 0.000631 0.000182 0.000050 0.000013 0.000003 0.000001 0.000000 0.000000 0.000000 0.000000 0.000000 0.000000 0.000000 0.000000 0.000000 0.000000 0.000000 0.000000 0.000000 0.000000 0.000000 0.000000 0.000000 0.000000 0.000000 0.000000 0.000000 0.000000 0.000000 0.000000 0.000000 0.000000 0.000000 0.000000 0.000000 
50.000000 37.879643 26.875465 17.796242 10.976586 6.301683 3.368274 1.677843 0.780094 0.339158 0.138171 0.052861 0.019034 0.006464 0.002075 0.000631 0.000182 0.000050 0.000013 0.000003 0.000001 0.000000 0.000000 0.000000 0.000000 0.000000 0.000000 0.000000 0.000000 0.000000 0.000000 0.000000 0.000000 0.000000 0.000000 0.000000 0.000000 0.000000 0.000000 0.000000 0.000000 0.000000 0.000000 0.000000 0.000000 0.000000 0.000000 0.000000 0.000000 0.000000 
50.000000 37.879643 26.875465 17.796242 10.976586 6.301683 3.368274 1.677843 0.780094 0.339158 0.138171 0.052861 0.019034 0.006464 0.002075 0.000631 0.000182 0.000050 0.000013 0.000003 0.000001 0.000000 0.000000 0.000000 0.000000 0.000000 0.000000 0.000000 0.000000 0.000000 0.000000 0.000000 0.000000 0.000000 0.000000 0.000000 0.000000 0.000000 0.000000 0.000000 0.000000 0.000000 0.000000 0.000000 0.000000 0.000000 0.000000 0.000000 0.000000 0.000000 
50.000000 37.879643 26.875465 17.796242 10.976586 6.301683 3.368274 1.677843 0.780094 0.339158 0.138171 0.052861 0.019034 0.006464 0.002075 0.000631 0.000182 0.000050 0.000013 0.000003 0.000001 0.000000 0.000000 0.000000 0.000000 0.000000 0.000000 0.000000 0.000000 0.000000 0.000000 0.000000 0.000000 0.000000 0.000000 0.000000 0.000000 0.000000 0.000000 0.000000 0.000000 0.000000 0.000000 0.000000 0.000000 0.000000 0.000000 0.000000 0.000000 0.000000 
50.000000 37.879643 26.875465 17.796242 10.976586 6.301683 3.368274 1.677843 0.780094 0.339158 0.138171 0.052861 0.019034 0.006464 0.002075 0.000631 0.000182 0.000050 0.000013 0.000003 0.000001 0.000000 0.000000 0.000000 0.000000 0.000000 0.000000 0.000000 0.000000 0.000000 0.000000 0.000000 0.000000 0.000000 0.000000 0.000000 0.000000 0.000000 0.000000 0.000000 0.000000 0.000000 0.000000 0.000000 0.000000 0.000000 0.000000 0.000000 0.000000 0.000000 
50.000000 37.879643 26.875465 17.796243 10.976587 6.301683 3.368274 1.677843 0.780094 0.339158 0.138171 0.052861 0.019034 0.006465 0.002076 0.000631 0.000182 0.000050 0.000013 0.000003 0.000001 0.000000 0.000000 0.000000 0.000000 0.000000 0.000000 0.000000 0.000000 0.000000 0.000000 0.000000 0.000000 0.000000 0.000000 0.000000 0.000000 0.000000 0.000000 0.000000 0.000000 0.000000 0.000000 0.000000 0.000000 0.000000 0.000000 0.000000 0.000000 0.000000 
50.000000 37.879644 26.875466 17.796243 10.976587 6.301683 3.368274 1.677844 0.780095 0.339159 0.138172 0.052862 0.019034 0.006465 0.002076 0.000632 0.000183 0.000051 0.000014 0.000004 0.000002 0.000001 0.000001 0.000001 0.000001 0.000001 0.000001 0.000001 0.000001 0.000001 0.000001 0.000001 0.000001 0.000001 0.000001 0.000001 0.000001 0.000001 0.000001 0.000001 0.000001 0.000001 0.000001 0.000001 0.000001 0.000001 0.000001 0.000000 0.000000 0.000000 
50.000000 37.879644 26.875467 17.796245 10.976589 6.301686 3.368277 1.677846 0.780097 0.339161 0.138174 0.052864 0.019037 0.006468 0.002079 0.000634 0.000185 0.000053 0.000016 0.000007 0.000004 0.000003 0.000003 0.000003 0.000003 0.000003 0.000003 0.000003 0.000003 0.000003 0.000003 0.000003 0.000003 0.000003 0.000003 0.000003 0.000003 0.000003 0.000003 0.000003 0.000003 0.000003 0.000003 0.000003 0.000003 0.000003 0.000002 0.000002 0.000001 0.000000 
50.000000 37.879647 26.875471 17.796251 10.976597 6.301694 3.368286 1.677856 0.780107 0.339171 0.138184 0.052874 0.019047 0.006477 0.002088 0.000644 0.000195 0.000063 0.000026 0.000016 0.000014 0.000013 0.000013 0.000013 0.000013 0.000013 0.000013 0.000013 0.000013 0.000013 0.000013 0.000013 0.000013 0.000013 0.000013 0.000013 0.000013 0.000013 0.000013 0.000013 0.000013 0.000013 0.000013 0.000012 0.000012 0.000011 0.000009 0.000006 0.000003 0.000000 
50.000000 37.879656 26.875488 17.796275 10.976626 6.301727 3.368320 1.677892 0.780143 0.339208 0.138221 0.052911 0.019084 0.006514 0.002125 0.000681 0.000232 0.000100 0.000063 0.000053 0.000051 0.000050 0.000050 0.000050 0.000050 0.000050 0.000050 0.000050 0.000050 0.000050 0.000050 0.000050 0.000050 0.000050 0.000050 0.000050 0.000050 0.000050 0.000050 0.000050 0.000050 0.000049 0.000049 0.000047 0.000045 0.000040 0.000034 0.000024 0.000013 0.000000 
50.000000 37.879688 26.875550 17.796361 10.976729 6.301842 3.368444 1.678020 0.780273 0.339339 0.138352 0.053043 0.019216 0.006647 0.002257 0.000813 0.000364 0.000232 0.000195 0.000185 0.000183 0.000182 0.000182 0.000182 0.000182 0.000182 0.000182 0.000182 0.000182 0.000182 0.000182 0.000182 0.000182 0.000182 0.000182 0.000182 0.000182 0.000182 0.000182 0.000182 0.000181 0.000180 0.000178 0.000172 0.000163 0.000147 0.000123 0.000089 0.000047 0.000000 
50.000000 37.879798 26.875759 17.796651 10.977081 6.302236 3.368863 1.678454 0.780716 0.339785 0.138800 0.053492 0.019665 0.007095 0.002706 0.001262 0.000813 0.000681 0.000644 0.000634 0.000632 0.000631 0.000631 0.000631 0.000631 0.000631 0.000631 0.000631 0.000631 0.000631 0.000631 0.000631 0.000631 0.000631 0.000631 0.000631 0.000631 0.000631 0.000631 0.000630 0.000628 0.000624 0.000616 0.000598 0.000565 0.000511 0.000426 0.000309 0.000163 0.000000 
50.000000 37.880150 26.876431 17.797586 10.978213 6.303502 3.370213 1.679851 0.782138 0.341220 0.140241 0.054934 0.021108 0.008540 0.004151 0.002706 0.002257 0.002125 0.002088 0.002079 0.002076 0.002076 0.002075 0.002075 0.002075 0.002075 0.002075 0.002075 0.002075 0.002075 0.002075 0.002075 0.002075 0.002075 0.002075 0.002075 0.002075 0.002075 0.002074 0.002072 0.002067 0.002054 0.002025 0.001968 0.001862 0.001683 0.001406 0.001021 0.000540 0.000000 
50.000000 37.881220 26.878472 17.800425 10.981650 6.307347 3.374313 1.684098 0.786461 0.345581 0.144618 0.059319 0.025496 0.012928 0.008540 0.007095 0.006647 0.006514 0.006477 0.006468 0.006465 0.006465 0.006464 0.006464 0.006464 0.006464 0.006464 0.006464 0.006464 0.006464 0.006464 0.006464 0.006464 0.006464 0.006464 0.006464 0.006464 0.006463 0.006461 0.006454 0.006438 0.006399 0.006313 0.006138 0.005813 0.005258 0.004400 0.003199 0.001692 0.000000 
50.000000 37.884282 26.884311 17.808552 10.991489 6.318356 3.386053 1.696256 0.798841 0.358068 0.157154 0.071876 0.038060 0.025496 0.021108 0.019665 0.019216 0.019084 0.019047 0.019037 0.019034 0.019034 0.019034 0.019034 0.019034 0.019034 0.019034 0.019034 0.019034 0.019034 0.019034 0.019034 0.019034 0.019034 0.019034 0.019033 0.019033 0.019030 0.019024 0.019005 0.018958 0.018847 0.018601 0.018098 0.017156 0.015540 0.013022 0.009483 0.005020 0.000000 
50.000000 37.892518 26.900018 17.830412 11.017959 6.347976 3.417641 1.728973 0.832155 0.391673 0.190892 0.105669 0.071876 0.059319 0.054934 0.053492 0.053043 0.052911 0.052874 0.052864 0.052862 0.052861 0.052861 0.052861 0.052861 0.052861 0.052861 0.052861 0.052861 0.052861 0.052861 0.052861 0.052861 0.052861 0.052861 0.052860 0.052858 0.052852 0.052834 0.052786 0.052662 0.052364 0.051704 0.050347 0.047783 0.043353 0.036400 0.026557 0.014078 0.000000 
50.000000 37.913274 26.939603 17.885511 11.084686 6.422651 3.497287 1.811473 0.916164 0.476420 0.275974 0.190892 0.157154 0.144618 0.140241 0.138800 0.138352 0.138221 0.138184 0.138174 0.138172 0.138171 0.138171 0.138171 0.138171 0.138171 0.138171 0.138171 0.138171 0.138171 0.138171 0.138171 0.138171 0.138171 0.138170 0.138169 0.138164 0.138149 0.138106 0.137987 0.137680 0.136941 0.135286 0.131861 0.125332 0.113946 0.095907 0.070146 0.037255 0.000000 
50.000000 37.962141 27.032811 18.015258 11.241831 6.598535 3.684897 2.005820 1.114075 0.676075 0.476420 0.391673 0.358068 0.345581 0.341220 0.339785 0.339339 0.339208 0.339171 0.339161 0.339159 0.339158 0.339158 0.339158 0.339158 0.339158 0.339158 0.339158 0.339158 0.339158 0.339158 0.339158 0.339158 0.339158 0.339157 0.339153 0.339143 0.339109 0.339012 0.338741 0.338038 0.336333 0.332486 0.324443 0.308947 0.281611 0.237785 0.174485 0.092910 0.000000 
50.000000 38.069283 27.237181 18.299772 11.586459 6.984297 4.096414 2.432140 1.548236 1.114075 0.916164 0.832155 0.798841 0.786461 0.782138 0.780716 0.780273 0.780143 0.780107 0.780097 0.780095 0.780094 0.780094 0.780094 0.780094 0.780094 0.780094 0.780094 0.780094 0.780094 0.780094 0.780094 0.780094 0.780093 0.780091 0.780085 0.780063 0.779994 0.779790 0.779223 0.777742 0.774118 0.765856 0.748383 0.714279 0.653247 0.553905 0.408263 0.218174 0.000000 
50.000000 38.287301 27.653067 18.878794 12.287886 7.769518 4.934127 3.300045 2.432140 2.005820 1.811473 1.728973 1.696256 1.684098 1.679851 1.678454 1.678020 1.677892 1.677856 1.677846 1.677844 1.677843 1.677843 1.677843 1.677843 1.677843 1.677843 1.677843 1.677843 1.677843 1.677843 1.677843 1.677843 1.677842 1.677838 1.677826 1.677785 1.677655 1.677269 1.676187 1.673334 1.666284 1.650022 1.615152 1.545998 1.419994 1.210831 0.898002 0.482398 0.000000 
50.000000 38.697606 28.435793 19.968635 13.608235 9.247727 6.511272 4.934127 4.096414 3.684897 3.497287 3.417641 3.386053 3.374313 3.370213 3.368863 3.368444 3.368320 3.368286 3.368277 3.368274 3.368274 3.368274 3.368274 3.368274 3.368274 3.368274 3.368274 3.368274 3.368274 3.368274 3.368273 3.368273 3.368271 3.368265 3.368245 3.368175 3.367954 3.367294 3.365426 3.360455 3.348030 3.318975 3.255636 3.127554 2.888822 2.482244 1.857356 1.005703 0.000000 
50.000000 39.409275 29.793484 21.859164 15.898801 11.812347 9.247727 7.769518 6.984297 6.598535 6.422651 6.347976 6.318356 6.307347 6.303502 6.302236 6.301842 6.301727 6.301694 6.301686 6.301683 6.301683 6.301683 6.301683 6.301683 6.301683 6.301683 6.301683 6.301683 6.301683 6.301683 6.301682 6.301682 6.301679 6.301671 6.301639 6.301534 6.301200 6.300193 6.297319 6.289589 6.270018 6.223520 6.120172 5.906174 5.495712 4.772654 3.618441 1.984421 0.000000 
50.000000 40.542982 31.956407 24.871120 19.548332 15.898801 13.608235 12.287886 11.586459 11.241831 11.084686 11.017959 10.991489 10.981650 10.978213 10.977081 10.976729 10.976626 10.976597 10.976589 10.976587 10.976587 10.976586 10.976586 10.976586 10.976586 10.976586 10.976586 10.976586 10.976586 10.976586 10.976586 10.976585 10.976582 10.976571 10.976530 10.976392 10.975950 10.974606 10.970740 10.960220 10.933212 10.867892 10.719413 10.403088 9.774166 8.615644 6.664565 3.735578 0.000000 
50.000000 42.196252 35.110669 29.263767 24.871120 21.859164 19.968635 18.878794 18.299772 18.015258 17.885511 17.830412 17.808552 17.800425 17.797586 17.796651 17.796361 17.796275 17.796251 17.796245 17.796243 17.796243 17.796242 17.796242 17.796242 17.796242 17.796242 17.796242 17.796242 17.796242 17.796242 17.796242 17.796241 17.796238 17.796225 17.796180 17.796026 17.795530 17.794012 17.789604 17.777473 17.745868 17.667963 17.486391 17.086511 16.255476 14.631884 11.679937 6.812889 0.000000 
50.000000 44.396725 39.309044 35.110669 31.956407 29.793484 28.435793 27.653067 27.237181 27.032811 26.939603 26.900018 26.884311 26.878472 26.876431 26.875759 26.875550 26.875488 26.875471 26.875467 26.875466 26.875465 26.875465 26.875465 26.875465 26.875465 26.875465 26.875465 26.875465 26.875465 26.875465 26.875465 26.875464 26.875461 26.875450 26.875410 26.875272 26.874828 26.873461 26.869458 26.858326 26.828919 26.755065 26.578437 26.175043 25.291842 23.430732 19.654522 12.383245 0.000000 
50.000000 47.063259 44.396725 42.196252 40.542982 39.409275 38.697606 38.287301 38.069283 37.962141 37.913274 37.892518 37.884282 37.881220 37.880150 37.879798 37.879688 37.879656 37.879647 37.879644 37.879644 37.879643 37.879643 37.879643 37.879643 37.879643 37.879643 37.879643 37.879643 37.879643 37.879643 37.879643 37.879643 37.879641 37.879634 37.879610 37.879529 37.879263 37.878440 37.876018 37.869231 37.851110 37.804903 37.691903 37.424854 36.807404 35.383363 32.013480 23.531630 0.000000 
50.000000 50.000000 50.000000 50.000000 50.000000 50.000000 50.000000 50.000000 50.000000 50.000000 50.000000 50.000000 50.000000 50.000000 50.000000 50.000000 50.000000 50.000000 50.000000 50.000000 50.000000 50.000000 50.000000 50.000000 50.000000 50.000000 50.000000 50.000000 50.000000 50.000000 50.000000 50.000000 50.000000 50.000000 50.000000 50.000000 50.000000 50.000000 50.000000 50.000000 50.000000 50.000000 50.000000 50.000000 50.000000 50.000000 50.000000 50.000000 50.000000 50.000000 
