50.000000 50.000000 50.000000 50.000000 50.000000 50.000000 50.000000 50.000000 50.000000 50.000000 50.000000 50.000000 50.000000 50.000000 50.000000 50.000000 50.000000 50.000000 50.000000 50.000000 50.000000 50.000000 50.000000 50.000000 50.000000 50.000000 50.000000 50.000000 50.000000 50.000000 50.000000 50.000000 50.000000 50.000000 50.000000 50.000000 50.000000 50.000000 50.000000 50.000000 50.000000 50.000000 50.000000 50.000000 50.000000 50.000000 50.000000 50.000000 50.000000 50.000000 
50.000000 48.448367 46.972279 45.636261 44.485473 43.541812 42.804794 42.256234 41.866888 41.603178 41.432595 41.327126 41.264742 41.229410 41.210232 41.200246 41.195253 41.192854 41.191745 41.191251 41.191040 41.190952 41.190917 41.190904 41.190899 41.190897 41.190896 41.190895 41.190893 41.190888 41.190874 41.190840 41.190754 41.190549 41.190070 41.188989 41.186624 41.181600 41.171234 41.150431 41.109730 41.031848 40.885414 40.612996 40.106398 39.150166 37.276813 33.349892 24.224184 0.000000 
50.000000 46.972279 44.091973 41.484994 39.239464 37.398107 35.959981 34.889596 34.129886 33.615327 33.282484 33.076694 32.954973 32.886035 32.848616 32.829132 32.819391 32.814710 32.812546 32.811583 32.811171 32.811000 32.810932 32.810905 32.810895 32.810892 32.810890 32.810888 32.810885 32.810875 32.810850 32.810787 32.810631 32.810255 32.809382 32.807415 32.803121 32.794029 32.775348 32.738054 32.665611 32.528359 32.273939 31.810567 30.976913 29.485971 26.819665 22.045987 13.622387 0.000000 
50.000000 45.636261 41.484994 37.727675 34.491315 31.837489 29.764831 28.222187 27.127303 26.385738 25.906064 25.609496 25.434085 25.334741 25.280819 25.252742 25.238705 25.231961 25.228843 25.227456 25.226861 25.226615 25.226517 25.226479 25.226465 25.226459 25.226457 25.226455 25.226450 25.226438 25.226405 25.226323 25.226121 25.225636 25.224512 25.221988 25.216498 25.204930 25.181306 25.134518 25.044562 24.876458 24.570644 24.028083 23.087801 21.495002 18.863838 14.665329 8.359448 0.000000 
50.000000 44.485473 39.239464 34.491315 30.401536 27.047935 24.428780 22.479415 21.095885 20.158838 19.552730 19.178001 18.956364 18.830844 18.762716 18.727243 18.709509 18.700988 18.697050 18.695298 18.694546 18.694235 18.694111 18.694063 18.694045 18.694039 18.694036 18.694033 18.694028 18.694014 18.693979 18.693890 18.693670 18.693145 18.691932 18.689220 18.683349 18.671054 18.646133 18.597237 18.504349 18.333434 18.028732 17.502419 16.622272 15.200768 12.996313 9.753493 5.335307 0.000000 
50.000000 43.541812 37.398107 31.837489 27.047935 23.120565 20.053340 17.770526 16.150365 15.053075 14.343333 13.904543 13.645024 13.498054 13.418286 13.376754 13.355992 13.346016 13.341406 13.339354 13.338475 13.338111 13.337965 13.337909 13.337888 13.337881 13.337877 13.337875 13.337870 13.337857 13.337823 13.337736 13.337525 13.337021 13.335863 13.333283 13.327733 13.316185 13.292971 13.247883 13.163301 13.010094 12.742313 12.291200 11.560283 10.425663 8.749687 6.421194 3.435414 0.000000 
50.000000 42.804794 35.959981 29.764831 24.428780 20.053340 16.636227 14.093047 12.288135 11.065745 10.275105 9.786314 9.497230 9.333523 9.244673 9.198414 9.175290 9.164180 9.159045 9.156760 9.155780 9.155375 9.155213 9.155151 9.155128 9.155119 9.155116 9.155113 9.155109 9.155097 9.155067 9.154992 9.154807 9.154368 9.153362 9.151135 9.146371 9.136529 9.116911 9.079195 9.009310 8.884618 8.670636 8.318113 7.762140 6.926361 5.736748 4.149414 2.191798 0.000000 
50.000000 42.256234 34.889596 28.222187 22.479415 17.770526 14.093047 11.356137 9.413769 8.098313 7.247499 6.721519 6.410450 6.234298 6.138697 6.088925 6.064045 6.052092 6.046568 6.044110 6.043056 6.042620 6.042446 6.042379 6.042354 6.042344 6.042341 6.042339 6.042335 6.042325 6.042301 6.042240 6.042091 6.041738 6.040934 6.039162 6.035393 6.027664 6.012383 5.983296 5.930027 5.836293 5.678068 5.422411 5.028213 4.450684 3.651544 2.615658 1.370820 0.000000 
50.000000 41.866888 34.129886 27.127303 21.095885 16.150365 12.288135 9.413769 7.373884 5.992412 5.098919 4.546568 4.219911 4.034936 3.934549 3.882287 3.856163 3.843613 3.837814 3.835233 3.834127 3.833669 3.833486 3.833416 3.833389 3.833380 3.833376 3.833374 3.833371 3.833364 3.833346 3.833300 3.833188 3.832924 3.832326 3.831013 3.828239 3.822588 3.811506 3.790604 3.752739 3.686942 3.577475 3.403518 3.140271 2.762451 2.250844 1.601527 0.835040 0.000000 
50.000000 41.603178 33.615327 26.385738 20.158838 15.053075 11.065745 8.098313 5.992412 4.566256 3.643879 3.073683 2.736480 2.545537 2.441914 2.387969 2.361005 2.348051 2.342065 2.339402 2.338260 2.337787 2.337599 2.337526 2.337499 2.337489 2.337485 2.337484 2.337481 2.337476 2.337463 2.337431 2.337352 2.337167 2.336750 2.335840 2.333926 2.330053 2.322514 2.308417 2.283128 2.239673 2.168286 2.056435 1.889774 1.654489 1.341177 0.949717 0.493448 0.000000 
50.000000 41.432595 33.282484 25.906064 19.552730 14.343333 10.275105 7.247499 5.098919 3.643879 2.702834 2.121108 1.777091 1.582294 1.476582 1.421550 1.394043 1.380829 1.374722 1.372006 1.370841 1.370359 1.370167 1.370093 1.370065 1.370055 1.370051 1.370050 1.370048 1.370044 1.370036 1.370014 1.369962 1.369841 1.369567 1.368972 1.367728 1.365226 1.360390 1.351417 1.335462 1.308315 1.264203 1.195911 1.095450 0.955494 0.771546 0.544430 0.282164 0.000000 
50.000000 41.327126 33.076694 25.609496 19.178001 13.904543 9.786314 6.721519 4.546568 3.073683 2.121108 1.532260 1.184037 0.986861 0.879859 0.824157 0.796314 0.782940 0.776760 0.774010 0.772831 0.772343 0.772149 0.772074 0.772046 0.772036 0.772032 0.772030 0.772029 0.772027 0.772022 0.772008 0.771975 0.771900 0.771730 0.771362 0.770598 0.769068 0.766130 0.760718 0.751169 0.735062 0.709136 0.669403 0.611572 0.531868 0.428190 0.301347 0.155892 0.000000 
50.000000 41.264742 32.954973 25.434085 18.956364 13.645024 9.497230 6.410450 4.219911 2.736480 1.777091 1.184037 0.833330 0.634748 0.526985 0.470887 0.442847 0.429378 0.423154 0.420385 0.419198 0.418707 0.418511 0.418435 0.418407 0.418397 0.418393 0.418392 0.418391 0.418390 0.418386 0.418378 0.418359 0.418314 0.418214 0.417999 0.417553 0.416665 0.414969 0.411865 0.406427 0.397322 0.382787 0.360701 0.328839 0.285310 0.229155 0.160943 0.083142 0.000000 
50.000000 41.229410 32.886035 25.334741 18.830844 13.498054 9.333523 6.234298 4.034936 2.545537 1.582294 0.986861 0.634748 0.435373 0.327179 0.270858 0.242707 0.229184 0.222935 0.220155 0.218963 0.218471 0.218274 0.218198 0.218170 0.218159 0.218156 0.218154 0.218154 0.218153 0.218151 0.218147 0.218136 0.218110 0.218054 0.217934 0.217687 0.217196 0.216263 0.214566 0.211611 0.206696 0.198905 0.187152 0.170322 0.147495 0.118243 0.082914 0.042786 0.000000 
50.000000 41.210232 32.848616 25.280819 18.762716 13.418286 9.244673 6.138697 3.934549 2.441914 1.476582 0.879859 0.526985 0.327179 0.218753 0.162310 0.134099 0.120547 0.114285 0.111499 0.110305 0.109811 0.109614 0.109538 0.109509 0.109499 0.109495 0.109494 0.109494 0.109493 0.109492 0.109490 0.109484 0.109470 0.109440 0.109376 0.109245 0.108986 0.108497 0.107610 0.106075 0.103536 0.099535 0.093537 0.085002 0.073496 0.058831 0.041201 0.021243 0.000000 
50.000000 41.200246 32.829132 25.252742 18.727243 13.376754 9.198414 6.088925 3.882287 2.387969 1.421550 0.824157 0.470887 0.270858 0.162310 0.105805 0.077562 0.063995 0.057726 0.054937 0.053742 0.053247 0.053050 0.052974 0.052945 0.052935 0.052931 0.052930 0.052930 0.052929 0.052929 0.052928 0.052925 0.052918 0.052902 0.052870 0.052803 0.052673 0.052427 0.051983 0.051219 0.049962 0.047991 0.045052 0.040892 0.035311 0.028230 0.019750 0.010176 0.000000 
50.000000 41.195253 32.819391 25.238705 18.709509 13.355992 9.175290 6.064045 3.856163 2.361005 1.394043 0.796314 0.442847 0.242707 0.134099 0.077562 0.049304 0.035729 0.029457 0.026666 0.025470 0.024975 0.024778 0.024702 0.024673 0.024663 0.024659 0.024658 0.024658 0.024658 0.024657 0.024657 0.024655 0.024652 0.024644 0.024629 0.024596 0.024533 0.024415 0.024202 0.023837 0.023239 0.022306 0.020922 0.018970 0.016364 0.013069 0.009136 0.004704 0.000000 
50.000000 41.192854 32.814710 25.231961 18.700988 13.346016 9.164180 6.052092 3.843613 2.348051 1.380829 0.782940 0.429378 0.229184 0.120547 0.063995 0.035729 0.022152 0.015878 0.013086 0.011890 0.011395 0.011197 0.011121 0.011093 0.011082 0.011079 0.011078 0.011077 0.011077 0.011077 0.011076 0.011076 0.011074 0.011071 0.011063 0.011048 0.011019 0.010964 0.010866 0.010699 0.010426 0.010001 0.009373 0.008492 0.007318 0.005840 0.004079 0.002100 0.000000 
50.000000 41.191745 32.812546 25.228843 18.697050 13.341406 9.159045 6.046568 3.837814 2.342065 1.374722 0.776760 0.423154 0.222935 0.114285 0.057726 0.029457 0.015878 0.009603 0.006811 0.005614 0.005119 0.004922 0.004846 0.004817 0.004807 0.004803 0.004802 0.004802 0.004802 0.004802 0.004801 0.004801 0.004800 0.004799 0.004796 0.004789 0.004776 0.004751 0.004708 0.004634 0.004514 0.004328 0.004053 0.003669 0.003160 0.002520 0.001759 0.000905 0.000000 
50.000000 41.191251 32.811584 25.227456 18.695298 13.339354 9.156760 6.044110 3.835233 2.339402 1.372006 0.774010 0.420385 0.220155 0.111499 0.054937 0.026666 0.013086 0.006811 0.004019 0.002823 0.002328 0.002130 0.002054 0.002025 0.002015 0.002012 0.002010 0.002010 0.002010 0.002010 0.002010 0.002010 0.002009 0.002009 0.002007 0.002004 0.001999 0.001988 0.001970 0.001938 0.001887 0.001809 0.001693 0.001532 0.001318 0.001051 0.000733 0.000377 0.000000 
50.000000 41.191040 32.811171 25.226861 18.694546 13.338475 9.155781 6.043056 3.834127 2.338260 1.370841 0.772831 0.419198 0.218963 0.110305 0.053742 0.025470 0.011890 0.005614 0.002823 0.001626 0.001131 0.000933 0.000857 0.000828 0.000818 0.000815 0.000813 0.000813 0.000813 0.000813 0.000813 0.000813 0.000813 0.000812 0.000812 0.000811 0.000808 0.000804 0.000796 0.000783 0.000763 0.000731 0.000684 0.000618 0.000532 0.000423 0.000295 0.000152 0.000000 
50.000000 41.190952 32.811000 25.226615 18.694235 13.338111 9.155375 6.042620 3.833669 2.337787 1.370359 0.772344 0.418707 0.218471 0.109811 0.053247 0.024976 0.011395 0.005120 0.002328 0.001131 0.000636 0.000438 0.000362 0.000334 0.000323 0.000320 0.000319 0.000318 0.000318 0.000318 0.000318 0.000318 0.000318 0.000318 0.000318 0.000317 0.000316 0.000314 0.000311 0.000306 0.000298 0.000285 0.000267 0.000241 0.000207 0.000165 0.000115 0.000059 0.000000 
50.000000 41.190917 32.810932 25.226517 18.694111 13.337966 9.155214 6.042446 3.833487 2.337599 1.370167 0.772149 0.418511 0.218274 0.109614 0.053050 0.024778 0.011198 0.004922 0.002131 0.000934 0.000439 0.000241 0.000165 0.000136 0.000126 0.000123 0.000121 0.000121 0.000121 0.000121 0.000121 0.000121 0.000121 0.000121 0.000121 0.000120 0.000120 0.000119 0.000118 0.000116 0.000113 0.000108 0.000101 0.000092 0.000079 0.000063 0.000044 0.000022 0.000000 
50.000000 41.190904 32.810906 25.226480 18.694064 13.337911 9.155153 6.042380 3.833417 2.337528 1.370094 0.772075 0.418437 0.218200 0.109539 0.052975 0.024703 0.011123 0.004847 0.002056 0.000859 0.000364 0.000166 0.000090 0.000061 0.000051 0.000048 0.000046 0.000046 0.000046 0.000046 0.000046 0.000046 0.000046 0.000046 0.000046 0.000046 0.000046 0.000045 0.000045 0.000044 0.000043 0.000041 0.000038 0.000035 0.000030 0.000024 0.000017 0.000008 0.000000 
50.000000 41.190900 32.810897 25.226467 18.694049 13.337892 9.155132 6.042358 3.833394 2.337504 1.370070 0.772051 0.418412 0.218175 0.109515 0.052951 0.024679 0.011098 0.004823 0.002031 0.000834 0.000339 0.000141 0.000065 0.000037 0.000026 0.000023 0.000022 0.000021 0.000021 0.000021 0.000021 0.000021 0.000021 0.000021 0.000021 0.000021 0.000021 0.000021 0.000021 0.000020 0.000020 0.000019 0.000018 0.000016 0.000014 0.000011 0.000008 0.000004 0.000000 
50.000000 41.190900 32.810897 25.226467 18.694049 13.337892 9.155132 6.042358 3.833394 2.337504 1.370070 0.772051 0.418412 0.218175 0.109515 0.052951 0.024679 0.011098 0.004823 0.002031 0.000834 0.000339 0.000141 0.000065 0.000037 0.000026 0.000023 0.000022 0.000021 0.000021 0.000021 0.000021 0.000021 0.000021 0.000021 0.000021 0.000021 0.000021 0.000021 0.000021 0.000020 0.000020 0.000019 0.000018 0.000016 0.000014 0.000011 0.000008 0.000004 0.000000 
50.000000 41.190904 32.810906 25.226480 18.694064 13.337911 9.155153 6.042380 3.833417 2.337528 1.370094 0.772075 0.418437 0.218200 0.109539 0.052975 0.024703 0.011123 0.004847 0.002056 0.000859 0.000364 0.000166 0.000090 0.000061 0.000051 0.000048 0.000046 0.000046 0.000046 0.000046 0.000046 0.000046 0.000046 0.000046 0.000046 0.000046 0.000046 0.000045 0.000045 0.000044 0.000043 0.000041 0.000038 0.000035 0.000030 0.000024 0.000017 0.000008 0.000000 
50.000000 41.190917 32.810932 25.226517 18.694111 13.337966 9.155214 6.042446 3.833487 2.337599 1.370167 0.772149 0.418511 0.218274 0.109614 0.053050 0.024778 0.011198 0.004922 0.002131 0.000934 0.000439 0.000241 0.000165 0.000136 0.000126 0.000123 0.000121 0.000121 0.000121 0.000121 0.000121 0.000121 0.000121 0.000121 0.000121 0.000120 0.000120 0.000119 0.000118 0.000116 0.000113 0.000108 0.000101 0.000092 0.000079 0.000063 0.000044 0.000022 0.000000 
50.000000 41.190952 32.811000 25.226615 18.694235 13.338111 9.155375 6.042620 3.833669 2.337787 1.370359 0.772344 0.418707 0.218471 0.109811 0.053247 0.024976 0.011395 0.005120 0.002328 0.001131 0.000636 0.000438 0.000362 0.000334 0.000323 0.000320 0.000319 0.000318 0.000318 0.000318 0.000318 0.000318 0.000318 0.000318 0.000318 0.000317 0.000316 0.000314 0.000311 0.000306 0.000298 0.000285 0.000267 0.000241 0.000207 0.000165 0.000115 0.000059 0.000000 
50.000000 41.191040 32.811171 25.226861 18.694546 13.338475 9.155781 6.043056 3.834127 2.338260 1.370841 0.772831 0.419198 0.218963 0.110305 0.053742 0.025470 0.011890 0.005614 0.002823 0.001626 0.001131 0.000933 0.000857 0.000828 0.000818 0.000815 0.000813 0.000813 0.000813 0.000813 0.000813 0.000813 0.000813 0.000812 0.000812 0.000811 0.000808 0.000804 0.000796 0.000783 0.000763 0.000731 0.000684 0.000618 0.000532 0.000423 0.000295 0.000152 0.000000 
50.000000 41.191251 32.811584 25.227456 18.695298 13.339354 9.156760 6.044110 3.835233 2.339402 1.372006 0.774010 0.420385 0.220155 0.111499 0.054937 0.026666 0.013086 0.006811 0.004019 0.002823 0.002328 0.002130 0.002054 0.002025 0.002015 0.002012 0.002010 0.002010 0.002010 0.002010 0.002010 0.002010 0.002009 0.002009 0.002007 0.002004 0.001999 0.001988 0.001970 0.001938 0.001887 0.001809 0.001693 0.001532 0.001318 0.001051 0.000733 0.000377 0.000000 
50.000000 41.191745 32.812546 25.228843 18.697050 13.341406 9.159045 6.046568 3.837814 2.342065 1.374722 0.776760 0.423154 0.222935 0.114285 0.057726 0.029457 0.015878 0.009603 0.006811 0.005614 0.005119 0.004922 0.004846 0.004817 0.004807 0.004803 0.004802 0.004802 0.004802 0.004802 0.004801 0.004801 0.004800 0.004799 0.004796 0.004789 0.004776 0.004751 0.004708 0.004634 0.004514 0.004328 0.004053 0.003669 0.003160 0.002520 0.001759 0.000905 0.000000 
50.000000 41.192854 32.814710 25.231961 18.700988 13.346016 9.164180 6.052092 3.843613 2.348051 1.380829 0.782940 0.429378 0.229184 0.120547 0.063995 0.035729 0.022152 0.015878 0.013086 0.011890 0.011395 0.011197 0.011121 0.011093 0.011082 0.011079 0.011078 0.011077 0.011077 0.011077 0.011076 0.011076 0.011074 0.011071 0.011063 0.011048 0.011019 0.010964 0.010866 0.010699 0.010426 0.010001 0.009373 0.008492 0.007318 0.005840 0.004079 0.002100 0.000000 
50.000000 41.195253 32.819391 25.238705 18.709509 13.355992 9.175290 6.064045 3.856163 2.361005 1.394043 0.796314 0.442847 0.242707 0.134099 0.077562 0.049304 0.035729 0.029457 0.026666 0.025470 0.024975 0.024778 0.024702 0.024673 0.024663 0.024659 0.024658 0.024658 0.024658 0.024657 0.024657 0.024655 0.024652 0.024644 0.024629 0.024596 0.024533 0.024415 0.024202 0.023837 0.023239 0.022306 0.020922 0.018970 0.016364 0.013069 0.009136 0.004704 0.000000 
50.000000 41.200246 32.829132 25.252742 18.727243 13.376754 9.198414 6.088925 3.882287 2.387969 1.421550 0.824157 0.470887 0.270858 0.162310 0.105805 0.077562 0.063995 0.057726 0.054937 0.053742 0.053247 0.053050 0.052974 0.052945 0.052935 0.052931 0.052930 0.052930 0.052929 0.052929 0.052928 0.052925 0.052918 0.052902 0.052870 0.052803 0.052673 0.052427 0.051983 0.051219 0.049962 0.047991 0.045052 0.040892 0.035311 0.028230 0.019750 0.010176 0.000000 
50.000000 41.210232 32.848616 25.280819 18.762716 13.418286 9.244673 6.138697 3.934549 2.441914 1.476582 0.879859 0.526985 0.327179 0.218753 0.162310 0.134099 0.120547 0.114285 0.111499 0.110305 0.109811 0.109614 0.109538 0.109509 0.109499 0.109495 0.109494 0.109494 0.109493 0.109492 0.109490 0.109484 0.109470 0.109440 0.109376 0.109245 0.108986 0.108497 0.107610 0.106075 0.103536 0.099535 0.093537 0.085002 0.073496 0.058831 0.041201 0.021243 0.000000 
50.000000 41.229410 32.886035 25.334741 18.830844 13.498054 9.333523 6.234298 4.034936 2.545537 1.582294 0.986861 0.634748 0.435373 0.327179 0.270858 0.242707 0.229184 0.222935 0.220155 0.218963 0.218471 0.218274 0.218198 0.218170 0.218159 0.218156 0.218154 0.218154 0.218153 0.218151 0.218147 0.218136 0.218110 0.218054 0.217934 0.217687 0.217196 0.216263 0.214566 0.211611 0.206696 0.198905 0.187152 0.170322 0.147495 0.118243 0.082914 0.042786 0.000000 
50.000000 41.264742 32.954973 25.434085 18.956364 13.645024 9.497230 6.410450 4.219911 2.736480 1.777091 1.184037 0.833330 0.634748 0.526985 0.470887 0.442847 0.429378 0.423154 0.420385 0.419198 0.418707 0.418511 0.418435 0.418407 0.418397 0.418393 0.418392 0.418391 0.418390 0.418386 0.418378 0.418359 0.418314 0.418214 0.417999 0.417553 0.416665 0.414969 0.411865 0.406427 0.397322 0.382787 0.360701 0.328839 0.285310 0.229155 0.160943 0.083142 0.000000 
50.000000 41.327126 33.076694 25.609496 19.178001 13.904543 9.786314 6.721519 4.546568 3.073683 2.121108 1.532260 1.184037 0.986861 0.879859 0.824157 0.796314 0.782940 0.776760 0.774010 0.772831 0.772343 0.772149 0.772074 0.772046 0.772036 0.772032 0.772030 0.772029 0.772027 0.772022 0.772008 0.771975 0.771900 0.771730 0.771362 0.770598 0.769068 0.766130 0.760718 0.751169 0.735062 0.709136 0.669403 0.611572 0.531868 0.428190 0.301347 0.155892 0.000000 
50.000000 41.432595 33.282484 25.906064 19.552730 14.343333 10.275105 7.247499 5.098919 3.643879 2.702834 2.121108 1.777091 1.582294 1.476582 1.421550 1.394043 1.380829 1.374722 1.372006 1.370841 1.370359 1.370167 1.370093 1.370065 1.370055 1.370051 1.370050 1.370048 1.370044 1.370036 1.370014 1.369962 1.369841 1.369567 1.368972 1.367728 1.365226 1.360390 1.351417 1.335462 1.308315 1.264203 1.195911 1.095450 0.955494 0.771546 0.544430 0.282164 0.000000 
50.000000 41.603178 33.615327 26.385738 20.158838 15.053075 11.065745 8.098313 5.992412 4.566256 3.643879 3.073683 2.736480 2.545537 2.441914 2.387969 2.361005 2.348051 2.342065 2.339402 2.338260 2.337787 2.337599 2.337526 2.337499 2.337489 2.337485 2.337484 2.337481 2.337476 2.337463 2.337431 2.337352 2.337167 2.336750 2.335840 2.333926 2.330053 2.322514 2.308417 2.283128 2.239673 2.168286 2.056435 1.889774 1.654489 1.341177 0.949717 0.493448 0.000000 
50.000000 41.866888 34.129886 27.127303 21.095885 16.150365 12.288135 9.413769 7.373884 5.992412 5.098919 4.546568 4.219911 4.034936 3.934549 3.882287 3.856163 3.843613 3.837814 3.835233 3.834127 3.833669 3.833486 3.833416 3.833389 3.833380 3.833376 3.833374 3.833371 3.833364 3.833346 3.833300 3.833188 3.832924 3.832326 3.831013 3.828239 3.822588 3.811506 3.790604 3.752739 3.686942 3.577475 3.403518 3.140271 2.762451 2.250844 1.601527 0.835040 0.000000 
50.000000 42.256234 34.889596 28.222187 22.479415 17.770526 14.093047 11.356137 9.413769 8.098313 7.247499 6.721519 6.410450 6.234298 6.138697 6.088925 6.064045 6.052092 6.046568 6.044110 6.043056 6.042620 6.042446 6.042379 6.042354 6.042344 6.042341 6.042339 6.042335 6.042325 6.042301 6.042240 6.042091 6.041738 6.040934 6.039162 6.035393 6.027664 6.012383 5.983296 5.930027 5.836293 5.678068 5.422411 5.028213 4.450684 3.651544 2.615658 1.370820 0.000000 
50.000000 42.804794 35.959981 29.764831 24.428780 20.053340 16.636227 14.093047 12.288135 11.065745 10.275105 9.786314 9.497230 9.333523 9.244673 9.198414 9.175290 9.164180 9.159045 9.156760 9.155780 9.155375 9.155213 9.155151 9.155128 9.155119 9.155116 9.155113 9.155109 9.155097 9.155067 9.154992 9.154807 9.154368 9.153362 9.151135 9.146371 9.136529 9.116911 9.079195 9.009310 8.884618 8.670636 8.318113 7.762140 6.926361 5.736748 4.149414 2.191798 0.000000 
50.000000 43.541812 37.398107 31.837489 27.047935 23.120565 20.053340 17.770526 16.150365 15.053075 14.343333 13.904543 13.645024 13.498054 13.418286 13.376754 13.355992 13.346016 13.341406 13.339354 13.338475 13.338111 13.337965 13.337909 13.337888 13.337881 13.337877 13.337875 13.337870 13.337857 13.337823 13.337736 13.337525 13.337021 13.335863 13.333283 13.327733 13.316185 13.292971 13.247883 13.163301 13.010094 12.742313 12.291200 11.560283 10.425663 8.749687 6.421194 3.435414 0.000000 
50.000000 44.485473 39.239464 34.491315 30.401536 27.047935 24.428780 22.479415 21.095885 20.158838 19.552730 19.178001 18.956364 18.830844 18.762716 18.727243 18.709509 18.700988 18.697050 18.695298 18.694546 18.694235 18.694111 18.694063 18.694045 18.694039 18.694036 18.694033 18.694028 18.694014 18.693979 18.693890 18.693670 18.693145 18.691932 18.689220 18.683349 18.671054 18.646133 18.597237 18.504349 18.333434 18.028732 17.502419 16.622272 15.200768 12.996313 9.753493 5.335307 0.000000 
50.000000 45.636261 41.484994 37.727675 34.491315 31.837489 29.764831 28.222187 27.127303 26.385738 25.906064 25.609496 25.434085 25.334741 25.280819 25.252742 25.238705 25.231961 25.228843 25.227456 25.226861 25.226615 25.226517 25.226479 25.226465 25.226459 25.226457 25.226455 25.226450 25.226438 25.226405 25.226323 25.226121 25.225636 25.224512 25.221988 25.216498 25.204930 25.181306 25.134518 25.044562 24.876458 24.570644 24.028083 23.087801 21.495002 18.863838 14.665329 8.359448 0.000000 
50.000000 46.972279 44.091973 41.484994 39.239464 37.398107 35.959981 34.889596 34.129886 33.615327 33.282484 33.076694 32.954973 32.886035 32.848616 32.829132 32.819391 32.814710 32.812546 32.811583 32.811171 32.811000 32.810932 32.810905 32.810895 32.810892 32.810890 32.810888 32.810885 32.810875 32.810850 32.810787 32.810631 32.810255 32.809382 32.807415 32.803121 32.794029 32.775348 32.738054 32.665611 32.528359 32.273939 31.810567 30.976913 29.485971 26.819665 22.045987 13.622387 0.000000 
50.000000 48.448367 46.972279 45.636261 44.485473 43.541812 42.804794 42.256234 41.866888 41.603178 41.432595 41.327126 41.264742 41.229410 41.210232 41.200246 41.195253 41.192854 41.191745 41.191251 41.191040 41.190952 41.190917 41.190904 41.190899 41.190897 41.190896 41.190895 41.190893 41.190888 41.190874 41.190840 41.190754 41.190549 41.190070 41.188989 41.186624 41.181600 41.171234 41.150431 41.109730 41.031848 40.885414 40.612996 40.106398 39.150166 37.276813 33.349892 24.224184 0.000000 
50.000000 50.000000 50.000000 50.000000 50.000000 50.000000 50.000000 50.000000 50.000000 50.000000 50.000000 50.000000 50.000000 50.000000 50.000000 50.000000 50.000000 50.000000 50.000000 50.000000 50.000000 50.000000 50.000000 50.000000 50.000000 50.000000 50.000000 50.000000 50.000000 50.000000 50.000000 50.000000 50.000000 50.000000 50.000000 50.000000 50.000000 50.000000 50.000000 50.000000 50.000000 50.000000 50.000000 50.000000 50.000000 50.000000 50.000000 50.000000 50.000000 50.000000 
