50.000000 50.000000 50.000000 50.000000 50.000000 50.000000 50.000000 50.000000 50.000000 50.000000 50.000000 50.000000 50.000000 50.000000 50.000000 50.000000 50.000000 50.000000 50.000000 50.000000 50.000000 50.000000 50.000000 50.000000 50.000000 50.000000 50.000000 50.000000 50.000000 50.000000 50.000000 50.000000 50.000000 50.000000 50.000000 50.000000 50.000000 50.000000 50.000000 50.000000 50.000000 50.000000 50.000000 50.000000 50.000000 50.000000 50.000000 50.000000 50.000000 50.000000 
50.000000 49.011240 48.053171 47.153631 46.335184 45.613505 44.996720 44.485716 44.075238 43.755483 43.513880 43.336765 43.210762 43.123743 43.065389 43.027378 43.003321 42.988522 42.979670 42.974521 42.971605 42.969999 42.969137 42.968685 42.968452 42.968332 42.968262 42.968204 42.968126 42.967987 42.967717 42.967196 42.966202 42.964347 42.960950 42.954854 42.944119 42.925546 42.893930 42.840864 42.752808 42.607792 42.369528 41.976037 41.315708 40.171647 38.077622 33.901549 24.505620 0.000000 
50.000000 48.053171 46.166774 44.395617 42.784133 41.363181 40.148761 39.142621 38.334414 37.704836 37.229135 36.880410 36.632320 36.460987 36.346093 36.271254 36.223888 36.194751 36.177323 36.167184 36.161444 36.158281 36.156583 36.155694 36.155237 36.155000 36.154863 36.154752 36.154604 36.154339 36.153830 36.152846 36.150973 36.147480 36.141097 36.129663 36.109577 36.074932 36.016187 35.918096 35.756446 35.492769 35.065473 34.374233 33.251316 31.407024 28.325648 23.083387 14.151622 0.000000 
50.000000 47.153631 44.395617 41.806093 39.450022 37.372523 35.596988 34.125973 32.944346 32.023886 31.328400 30.818560 30.455849 30.205361 30.037386 29.927973 29.858726 29.816128 29.790649 29.775827 29.767436 29.762812 29.760330 29.759031 29.758363 29.758017 29.757820 29.757663 29.757458 29.757096 29.756401 29.755060 29.752514 29.747775 29.739138 29.723714 29.696723 29.650389 29.572295 29.442898 29.231806 28.892123 28.351808 27.500292 26.167967 24.096425 20.903046 16.069970 9.076009 0.000000 
50.000000 46.335184 42.784133 39.450022 36.416497 33.741651 31.455601 29.561635 28.040271 26.855168 25.959729 25.303312 24.836327 24.513830 24.297568 24.156704 24.067552 24.012710 23.979908 23.960825 23.950023 23.944071 23.940876 23.939203 23.938344 23.937901 23.937652 23.937459 23.937215 23.936789 23.935977 23.934414 23.931453 23.925957 23.915975 23.898222 23.867306 23.814555 23.726307 23.581460 23.347988 22.978102 22.401656 21.517543 20.183622 18.208249 15.353597 11.377109 6.163537 0.000000 
50.000000 45.613505 41.363181 37.372523 33.741651 30.540097 27.803908 25.537018 23.716104 22.297670 21.225938 20.440292 19.881376 19.495396 19.236565 19.067975 18.961277 18.895642 18.856385 18.833548 18.820620 18.813497 18.809674 18.807672 18.806646 18.806119 18.805826 18.805608 18.805343 18.804891 18.804032 18.802385 18.799277 18.793527 18.783123 18.764709 18.732822 18.678787 18.589147 18.443527 18.211803 17.850552 17.298889 16.474296 15.270048 13.558029 11.204556 8.111865 4.297798 0.000000 
50.000000 44.996720 40.148761 35.596988 31.455601 27.803908 24.683024 22.097434 20.020532 18.402702 17.180321 16.284247 15.646779 15.206554 14.911352 14.719074 14.597385 14.522530 14.477759 14.451713 14.436970 14.428847 14.424488 14.422206 14.421037 14.420439 14.420113 14.419881 14.419612 14.419165 14.418324 14.416719 14.413698 14.408133 14.398109 14.380458 14.350081 14.298978 14.214944 14.079870 13.867675 13.542008 13.054087 12.341512 11.329612 9.938058 8.096697 5.774528 3.020683 0.000000 
50.000000 44.485716 39.142621 34.125973 29.561635 25.537018 22.097434 19.247822 16.958857 15.175851 13.828678 12.841134 12.138600 11.653448 11.328122 11.116225 10.982122 10.899632 10.850294 10.821593 10.805347 10.796396 10.791592 10.789079 10.787792 10.787137 10.786787 10.786549 10.786290 10.785874 10.785100 10.783631 10.780879 10.775828 10.766774 10.750916 10.723799 10.678519 10.604713 10.487309 10.305137 10.029614 9.623911 9.043347 8.238129 7.159980 5.774165 4.077148 2.116188 0.000000 
50.000000 44.075238 38.334414 32.944346 28.040271 23.716104 20.020532 16.958857 14.499567 12.583898 11.136502 10.075499 9.320714 8.799484 8.449970 8.222320 8.078250 7.989630 7.936627 7.905793 7.888341 7.878725 7.873565 7.870866 7.869486 7.868787 7.868419 7.868182 7.867943 7.867574 7.866900 7.865628 7.863255 7.858920 7.851185 7.837713 7.814821 7.776878 7.715559 7.618982 7.470849 7.249783 6.929244 6.478524 5.865552 5.062168 4.052223 2.841644 1.467446 0.000000 
50.000000 43.755483 37.704836 32.023886 26.855168 22.297670 18.402702 15.175851 12.583898 10.564906 9.039455 7.921243 7.125769 6.576445 6.208096 5.968182 5.816352 5.722959 5.667103 5.634610 5.616218 5.606086 5.600649 5.597806 5.596353 5.595620 5.595240 5.595009 5.594794 5.594482 5.593922 5.592874 5.590927 5.587386 5.581099 5.570209 5.551819 5.521555 5.473041 5.397341 5.282453 5.113049 4.870714 4.535027 4.085867 3.507180 2.792080 1.948390 1.002675 0.000000 
50.000000 43.513880 37.229135 31.328400 25.959729 21.225938 17.180321 13.828678 11.136502 9.039455 7.455040 6.293616 5.467407 4.896865 4.514291 4.265116 4.107426 4.010430 3.952419 3.918673 3.899573 3.889050 3.883404 3.880452 3.878945 3.878188 3.877801 3.877577 3.877389 3.877133 3.876687 3.875861 3.874335 3.871571 3.866688 3.858274 3.844151 3.821064 3.784338 3.727520 3.642114 3.517520 3.341369 3.100451 2.782411 2.378269 1.885502 1.311039 0.673015 0.000000 
50.000000 43.336765 36.880410 30.818560 25.303312 20.440292 16.284247 12.841134 10.075499 7.921243 6.293616 5.100523 4.251792 3.665702 3.272707 3.016745 2.854763 2.755127 2.695539 2.660876 2.641256 2.630448 2.624649 2.621617 2.620071 2.619296 2.618906 2.618690 2.618525 2.618322 2.617981 2.617356 2.616209 2.614141 2.610504 2.604269 2.593863 2.576961 2.550261 2.509278 2.448202 2.359940 2.236421 2.069303 1.851144 1.577004 1.246265 0.864223 0.442836 0.000000 
50.000000 43.210762 36.632320 30.455849 24.836327 19.881376 15.646779 12.138600 9.320714 7.125769 5.467407 4.251792 3.387046 2.789900 2.389495 2.128709 1.963675 1.862163 1.801453 1.766138 1.746150 1.735138 1.729230 1.726143 1.724568 1.723781 1.723389 1.723181 1.723038 1.722879 1.722626 1.722172 1.721343 1.719855 1.717251 1.712808 1.705433 1.693523 1.674831 1.646342 1.604214 1.543836 1.460081 1.347801 1.202589 1.021773 0.805460 0.557388 0.285216 0.000000 
50.000000 43.123743 36.460987 30.205361 24.513830 19.495396 15.206554 11.653448 8.799484 6.576445 4.896865 3.665702 2.789900 2.185124 1.779604 1.515489 1.348349 1.245543 1.184059 1.148294 1.128051 1.116900 1.110917 1.107791 1.106197 1.105402 1.105010 1.104808 1.104682 1.104559 1.104377 1.104058 1.103480 1.102450 1.100653 1.097602 1.092562 1.084467 1.071839 1.052714 1.024626 0.984663 0.929649 0.856474 0.762573 0.646524 0.508638 0.351411 0.179624 0.000000 
50.000000 43.065389 36.346093 30.037386 24.297568 19.236565 14.911353 11.328122 8.449970 6.208096 4.514292 3.272707 2.389495 1.779604 1.370657 1.104311 0.935760 0.832086 0.770084 0.734018 0.713605 0.702360 0.696327 0.693175 0.691568 0.690769 0.690376 0.690180 0.690067 0.689971 0.689843 0.689626 0.689237 0.688548 0.687352 0.685329 0.682002 0.676687 0.668438 0.656017 0.637887 0.612257 0.577206 0.530895 0.471857 0.399346 0.313672 0.216430 0.110535 0.000000 
50.000000 43.027378 36.271254 29.927974 24.156704 19.067975 14.719074 11.116225 8.222321 5.968182 4.265116 3.016746 2.128709 1.515489 1.104311 0.836513 0.667044 0.562806 0.500467 0.464205 0.443681 0.432374 0.426309 0.423140 0.421525 0.420723 0.420330 0.420138 0.420035 0.419959 0.419869 0.419726 0.419473 0.419027 0.418257 0.416960 0.414836 0.411458 0.406242 0.398428 0.387084 0.371136 0.349452 0.320966 0.284853 0.240729 0.188836 0.130157 0.066428 0.000000 
50.000000 43.003321 36.223889 29.858727 24.067552 18.961278 14.597386 10.982123 8.078251 5.816353 4.107426 2.854763 1.963675 1.348349 0.935760 0.667044 0.496995 0.392400 0.329848 0.293462 0.272868 0.261523 0.255437 0.252257 0.250638 0.249833 0.249441 0.249252 0.249155 0.249093 0.249030 0.248937 0.248778 0.248499 0.248019 0.247213 0.245901 0.243821 0.240623 0.235856 0.228967 0.219332 0.206295 0.189253 0.167752 0.141596 0.110952 0.076409 0.038975 0.000000 
50.000000 42.988522 36.194751 29.816129 24.012711 18.895644 14.522532 10.899633 7.989631 5.722961 4.010431 2.755129 1.862165 1.245545 0.832088 0.562808 0.392401 0.287588 0.224904 0.188442 0.167806 0.156437 0.150338 0.147152 0.145529 0.144723 0.144332 0.144144 0.144052 0.143999 0.143955 0.143895 0.143797 0.143627 0.143338 0.142853 0.142066 0.140824 0.138922 0.136099 0.132036 0.126378 0.118756 0.108835 0.096369 0.081260 0.063616 0.043779 0.022321 0.000000 
50.000000 42.979671 36.177324 29.790652 23.979911 18.856389 14.477763 10.850298 7.936631 5.667107 3.952424 2.695544 1.801458 1.184064 0.770089 0.500472 0.329852 0.224907 0.162146 0.125638 0.104976 0.093593 0.087487 0.084297 0.082672 0.081866 0.081474 0.081288 0.081199 0.081152 0.081119 0.081081 0.081022 0.080922 0.080752 0.080469 0.080011 0.079291 0.078193 0.076567 0.074238 0.071007 0.066671 0.061048 0.054007 0.045500 0.035593 0.024480 0.012476 0.000000 
50.000000 42.974522 36.167187 29.775832 23.960832 18.833555 14.451722 10.821603 7.905804 5.634621 3.918685 2.660887 1.766150 1.148306 0.734030 0.464217 0.293473 0.188453 0.125646 0.089112 0.068434 0.057043 0.050933 0.047740 0.046115 0.045308 0.044917 0.044731 0.044644 0.044601 0.044574 0.044549 0.044514 0.044457 0.044360 0.044200 0.043941 0.043535 0.042919 0.042009 0.040710 0.038914 0.036512 0.033407 0.029531 0.024862 0.019436 0.013360 0.006807 0.000000 
50.000000 42.971610 36.161452 29.767448 23.950039 18.820639 14.436992 10.805370 7.888366 5.616245 3.899600 2.641284 1.746178 1.128080 0.713634 0.443710 0.272896 0.167833 0.105000 0.068451 0.047765 0.036370 0.030257 0.027063 0.025437 0.024630 0.024239 0.024054 0.023967 0.023926 0.023904 0.023887 0.023866 0.023834 0.023780 0.023692 0.023549 0.023327 0.022990 0.022495 0.021789 0.020816 0.019520 0.017848 0.015767 0.013265 0.010364 0.007121 0.003627 0.000000 
50.000000 42.970009 36.158301 29.762841 23.944107 18.813540 14.428896 10.796450 7.878783 5.606146 3.889113 2.630512 1.735203 1.116966 0.702426 0.432441 0.261589 0.156502 0.093655 0.057098 0.036408 0.025010 0.018896 0.015701 0.014075 0.013267 0.012876 0.012692 0.012606 0.012566 0.012546 0.012534 0.012521 0.012503 0.012474 0.012426 0.012350 0.012231 0.012051 0.011787 0.011413 0.010898 0.010214 0.009333 0.008240 0.006929 0.005411 0.003717 0.001893 0.000000 
50.000000 42.969159 36.156628 29.760395 23.940959 18.809772 14.424600 10.791715 7.873697 5.600787 3.883547 2.624794 1.729379 1.111067 0.696478 0.426460 0.255588 0.150488 0.087634 0.051073 0.030380 0.018981 0.012866 0.009671 0.008044 0.007237 0.006846 0.006661 0.006576 0.006537 0.006519 0.006508 0.006500 0.006490 0.006474 0.006449 0.006408 0.006345 0.006251 0.006112 0.005916 0.005646 0.005289 0.004831 0.004262 0.003582 0.002796 0.001920 0.000978 0.000000 
50.000000 42.968735 36.155792 29.759174 23.939386 18.807891 14.422454 10.789351 7.871157 5.598110 3.880767 2.621940 1.726470 1.108122 0.693508 0.423474 0.252592 0.147486 0.084628 0.048065 0.027371 0.015970 0.009855 0.006660 0.005033 0.004226 0.003835 0.003651 0.003565 0.003527 0.003509 0.003500 0.003494 0.003488 0.003479 0.003465 0.003443 0.003409 0.003357 0.003281 0.003175 0.003029 0.002836 0.002589 0.002283 0.001918 0.001497 0.001027 0.000523 0.000000 
50.000000 42.968561 36.155449 29.758672 23.938741 18.807118 14.421573 10.788380 7.870114 5.597012 3.879626 2.620768 1.725276 1.106913 0.692289 0.422248 0.251362 0.146253 0.083394 0.046830 0.026135 0.014735 0.008619 0.005424 0.003797 0.002990 0.002599 0.002415 0.002329 0.002291 0.002274 0.002265 0.002260 0.002256 0.002250 0.002240 0.002226 0.002203 0.002169 0.002120 0.002051 0.001956 0.001830 0.001670 0.001472 0.001236 0.000964 0.000662 0.000337 0.000000 
50.000000 42.968561 36.155449 29.758672 23.938741 18.807118 14.421573 10.788380 7.870114 5.597012 3.879626 2.620768 1.725276 1.106913 0.692289 0.422248 0.251362 0.146253 0.083394 0.046830 0.026135 0.014735 0.008619 0.005424 0.003797 0.002990 0.002599 0.002415 0.002329 0.002291 0.002274 0.002265 0.002260 0.002256 0.002250 0.002240 0.002226 0.002203 0.002169 0.002120 0.002051 0.001956 0.001830 0.001670 0.001472 0.001236 0.000964 0.000662 0.000337 0.000000 
50.000000 42.968735 36.155792 29.759174 23.939386 18.807891 14.422454 10.789351 7.871157 5.598110 3.880767 2.621940 1.726470 1.108122 0.693508 0.423474 0.252592 0.147486 0.084628 0.048065 0.027371 0.015970 0.009855 0.006660 0.005033 0.004226 0.003835 0.003651 0.003565 0.003527 0.003509 0.003500 0.003494 0.003488 0.003479 0.003465 0.003443 0.003409 0.003357 0.003281 0.003175 0.003029 0.002836 0.002589 0.002283 0.001918 0.001497 0.001027 0.000523 0.000000 
50.000000 42.969159 36.156628 29.760395 23.940959 18.809772 14.424600 10.791715 7.873697 5.600787 3.883547 2.624794 1.729379 1.111067 0.696478 0.426460 0.255588 0.150488 0.087634 0.051073 0.030380 0.018981 0.012866 0.009671 0.008044 0.007237 0.006846 0.006661 0.006576 0.006537 0.006519 0.006508 0.006500 0.006490 0.006474 0.006449 0.006408 0.006345 0.006251 0.006112 0.005916 0.005646 0.005289 0.004831 0.004262 0.003582 0.002796 0.001920 0.000978 0.000000 
50.000000 42.970009 36.158301 29.762841 23.944107 18.813540 14.428896 10.796450 7.878783 5.606146 3.889113 2.630512 1.735203 1.116966 0.702426 0.432441 0.261589 0.156502 0.093655 0.057098 0.036408 0.025010 0.018896 0.015701 0.014075 0.013267 0.012876 0.012692 0.012606 0.012566 0.012546 0.012534 0.012521 0.012503 0.012474 0.012426 0.012350 0.012231 0.012051 0.011787 0.011413 0.010898 0.010214 0.009333 0.008240 0.006929 0.005411 0.003717 0.001893 0.000000 
50.000000 42.971610 36.161452 29.767448 23.950039 18.820639 14.436992 10.805370 7.888366 5.616245 3.899600 2.641284 1.746178 1.128080 0.713634 0.443710 0.272896 0.167833 0.105000 0.068451 0.047765 0.036370 0.030257 0.027063 0.025437 0.024630 0.024239 0.024054 0.023967 0.023926 0.023904 0.023887 0.023866 0.023834 0.023780 0.023692 0.023549 0.023327 0.022990 0.022495 0.021789 0.020816 0.019520 0.017848 0.015767 0.013265 0.010364 0.007121 0.003627 0.000000 
50.000000 42.974522 36.167187 29.775832 23.960832 18.833555 14.451722 10.821603 7.905804 5.634621 3.918685 2.660887 1.766150 1.148306 0.734030 0.464217 0.293473 0.188453 0.125646 0.089112 0.068434 0.057043 0.050933 0.047740 0.046115 0.045308 0.044917 0.044731 0.044644 0.044601 0.044574 0.044549 0.044514 0.044457 0.044360 0.044200 0.043941 0.043535 0.042919 0.042009 0.040710 0.038914 0.036512 0.033407 0.029531 0.024862 0.019436 0.013360 0.006807 0.000000 
50.000000 42.979671 36.177324 29.790652 23.979911 18.856389 14.477763 10.850298 7.936631 5.667107 3.952424 2.695544 1.801458 1.184064 0.770089 0.500472 0.329852 0.224907 0.162146 0.125638 0.104976 0.093593 0.087487 0.084297 0.082672 0.081866 0.081474 0.081288 0.081199 0.081152 0.081119 0.081081 0.081022 0.080922 0.080752 0.080469 0.080011 0.079291 0.078193 0.076567 0.074238 0.071007 0.066671 0.061048 0.054007 0.045500 0.035593 0.024480 0.012476 0.000000 
50.000000 42.988522 36.194751 29.816129 24.012711 18.895644 14.522532 10.899633 7.989631 5.722961 4.010431 2.755129 1.862165 1.245545 0.832088 0.562808 0.392401 0.287588 0.224904 0.188442 0.167806 0.156437 0.150338 0.147152 0.145529 0.144723 0.144332 0.144144 0.144052 0.143999 0.143955 0.143895 0.143797 0.143627 0.143338 0.142853 0.142066 0.140824 0.138922 0.136099 0.132036 0.126378 0.118756 0.108835 0.096369 0.081260 0.063616 0.043779 0.022321 0.000000 
50.000000 43.003321 36.223889 29.858727 24.067552 18.961278 14.597386 10.982123 8.078251 5.816353 4.107426 2.854763 1.963675 1.348349 0.935760 0.667044 0.496995 0.392400 0.329848 0.293462 0.272868 0.261523 0.255437 0.252257 0.250638 0.249833 0.249441 0.249252 0.249155 0.249093 0.249030 0.248937 0.248778 0.248499 0.248019 0.247213 0.245901 0.243821 0.240623 0.235856 0.228967 0.219332 0.206295 0.189253 0.167752 0.141596 0.110952 0.076409 0.038975 0.000000 
50.000000 43.027378 36.271254 29.927974 24.156704 19.067975 14.719074 11.116225 8.222321 5.968182 4.265116 3.016746 2.128709 1.515489 1.104311 0.836513 0.667044 0.562806 0.500467 0.464205 0.443681 0.432374 0.426309 0.423140 0.421525 0.420723 0.420330 0.420138 0.420035 0.419959 0.419869 0.419726 0.419473 0.419027 0.418257 0.416960 0.414836 0.411458 0.406242 0.398428 0.387084 0.371136 0.349452 0.320966 0.284853 0.240729 0.188836 0.130157 0.066428 0.000000 
50.000000 43.065389 36.346093 30.037386 24.297568 19.236565 14.911353 11.328122 8.449970 6.208096 4.514292 3.272707 2.389495 1.779604 1.370657 1.104311 0.935760 0.832086 0.770084 0.734018 0.713605 0.702360 0.696327 0.693175 0.691568 0.690769 0.690376 0.690180 0.690067 0.689971 0.689843 0.689626 0.689237 0.688548 0.687352 0.685329 0.682002 0.676687 0.668438 0.656017 0.637887 0.612257 0.577206 0.530895 0.471857 0.399346 0.313672 0.216430 0.110535 0.000000 
50.000000 43.123743 36.460987 30.205361 24.513830 19.495396 15.206554 11.653448 8.799484 6.576445 4.896865 3.665702 2.789900 2.185124 1.779604 1.515489 1.348349 1.245543 1.184059 1.148294 1.128051 1.116900 1.110917 1.107791 1.106197 1.105402 1.105010 1.104808 1.104682 1.104559 1.104377 1.104058 1.103480 1.102450 1.100653 1.097602 1.092562 1.084467 1.071839 1.052714 1.024626 0.984663 0.929649 0.856474 0.762573 0.646524 0.508638 0.351411 0.179624 0.000000 
50.000000 43.210762 36.632320 30.455849 24.836327 19.881376 15.646779 12.138600 9.320714 7.125769 5.467407 4.251792 3.387046 2.789900 2.389495 2.128709 1.963675 1.862163 1.801453 1.766138 1.746150 1.735138 1.729230 1.726143 1.724568 1.723781 1.723389 1.723181 1.723038 1.722879 1.722626 1.722172 1.721343 1.719855 1.717251 1.712808 1.705433 1.693523 1.674831 1.646342 1.604214 1.543836 1.460081 1.347801 1.202589 1.021773 0.805460 0.557388 0.285216 0.000000 
50.000000 43.336765 36.880410 30.818560 25.303312 20.440292 16.284247 12.841134 10.075499 7.921243 6.293616 5.100523 4.251792 3.665702 3.272707 3.016745 2.854763 2.755127 2.695539 2.660876 2.641256 2.630448 2.624649 2.621617 2.620071 2.619296 2.618906 2.618690 2.618525 2.618322 2.617981 2.617356 2.616209 2.614141 2.610504 2.604269 2.593863 2.576961 2.550261 2.509278 2.448202 2.359940 2.236421 2.069303 1.851144 1.577004 1.246265 0.864223 0.442836 0.000000 
50.000000 43.513880 37.229135 31.328400 25.959729 21.225938 17.180321 13.828678 11.136502 9.039455 7.455040 6.293616 5.467407 4.896865 4.514291 4.265116 4.107426 4.010430 3.952419 3.918673 3.899573 3.889050 3.883404 3.880452 3.878945 3.878188 3.877801 3.877577 3.877389 3.877133 3.876687 3.875861 3.874335 3.871571 3.866688 3.858274 3.844151 3.821064 3.784338 3.727520 3.642114 3.517520 3.341369 3.100451 2.782411 2.378269 1.885502 1.311039 0.673015 0.000000 
50.000000 43.755483 37.704836 32.023886 26.855168 22.297670 18.402702 15.175851 12.583898 10.564906 9.039455 7.921243 7.125769 6.576445 6.208096 5.968182 5.816352 5.722959 5.667103 5.634610 5.616218 5.606086 5.600649 5.597806 5.596353 5.595620 5.595240 5.595009 5.594794 5.594482 5.593922 5.592874 5.590927 5.587386 5.581099 5.570209 5.551819 5.521555 5.473041 5.397341 5.282453 5.113049 4.870714 4.535027 4.085867 3.507180 2.792080 1.948390 1.002675 0.000000 
50.000000 44.075238 38.334414 32.944346 28.040271 23.716104 20.020532 16.958857 14.499567 12.583898 11.136502 10.075499 9.320714 8.799484 8.449970 8.222320 8.078250 7.989630 7.936627 7.905793 7.888341 7.878725 7.873565 7.870866 7.869486 7.868787 7.868419 7.868182 7.867943 7.867574 7.866900 7.865628 7.863255 7.858920 7.851185 7.837713 7.814821 7.776878 7.715559 7.618982 7.470849 7.249783 6.929244 6.478524 5.865552 5.062168 4.052223 2.841644 1.467446 0.000000 
50.000000 44.485716 39.142621 34.125973 29.561635 25.537018 22.097434 19.247822 16.958857 15.175851 13.828678 12.841134 12.138600 11.653448 11.328122 11.116225 10.982122 10.899632 10.850294 10.821593 10.805347 10.796396 10.791592 10.789079 10.787792 10.787137 10.786787 10.786549 10.786290 10.785874 10.785100 10.783631 10.780879 10.775828 10.766774 10.750916 10.723799 10.678519 10.604713 10.487309 10.305137 10.029614 9.623911 9.043347 8.238129 7.159980 5.774165 4.077148 2.116188 0.000000 
50.000000 44.996720 40.148761 35.596988 31.455601 27.803908 24.683024 22.097434 20.020532 18.402702 17.180321 16.284247 15.646779 15.206554 14.911352 14.719074 14.597385 14.522530 14.477759 14.451713 14.436970 14.428847 14.424488 14.422206 14.421037 14.420439 14.420113 14.419881 14.419612 14.419165 14.418324 14.416719 14.413698 14.408133 14.398109 14.380458 14.350081 14.298978 14.214944 14.079870 13.867675 13.542008 13.054087 12.341512 11.329612 9.938058 8.096697 5.774528 3.020683 0.000000 
50.000000 45.613505 41.363181 37.372523 33.741651 30.540097 27.803908 25.537018 23.716104 22.297670 21.225938 20.440292 19.881376 19.495396 19.236565 19.067975 18.961277 18.895642 18.856385 18.833548 18.820620 18.813497 18.809674 18.807672 18.806646 18.806119 18.805826 18.805608 18.805343 18.804891 18.804032 18.802385 18.799277 18.793527 18.783123 18.764709 18.732822 18.678787 18.589147 18.443527 18.211803 17.850552 17.298889 16.474296 15.270048 13.558029 11.204556 8.111865 4.297798 0.000000 
50.000000 46.335184 42.784133 39.450022 36.416497 33.741651 31.455601 29.561635 28.040271 26.855168 25.959729 25.303312 24.836327 24.513830 24.297568 24.156704 24.067552 24.012710 23.979908 23.960825 23.950023 23.944071 23.940876 23.939203 23.938344 23.937901 23.937652 23.937459 23.937215 23.936789 23.935977 23.934414 23.931453 23.925957 23.915975 23.898222 23.867306 23.814555 23.726307 23.581460 23.347988 22.978102 22.401656 21.517543 20.183622 18.208249 15.353597 11.377109 6.163537 0.000000 
50.000000 47.153631 44.395617 41.806093 39.450022 37.372523 35.596988 34.125973 32.944346 32.023886 31.328400 30.818560 30.455849 30.205361 30.037386 29.927973 29.858726 29.816128 29.790649 29.775827 29.767436 29.762812 29.760330 29.759031 29.758363 29.758017 29.757820 29.757663 29.757458 29.757096 29.756401 29.755060 29.752514 29.747775 29.739138 29.723714 29.696723 29.650389 29.572295 29.442898 29.231806 28.892123 28.351808 27.500292 26.167967 24.096425 20.903046 16.069970 9.076009 0.000000 
50.000000 48.053171 46.166774 44.395617 42.784133 41.363181 40.148761 39.142621 38.334414 37.704836 37.229135 36.880410 36.632320 36.460987 36.346093 36.271254 36.223888 36.194751 36.177323 36.167184 36.161444 36.158281 36.156583 36.155694 36.155237 36.155000 36.154863 36.154752 36.154604 36.154339 36.153830 36.152846 36.150973 36.147480 36.141097 36.129663 36.109577 36.074932 36.016187 35.918096 35.756446 35.492769 35.065473 34.374233 33.251316 31.407024 28.325648 23.083387 14.151622 0.000000 
50.000000 49.011240 48.053171 47.153631 46.335184 45.613505 44.996720 44.485716 44.075238 43.755483 43.513880 43.336765 43.210762 43.123743 43.065389 43.027378 43.003321 42.988522 42.979670 42.974521 42.971605 42.969999 42.969137 42.968685 42.968452 42.968332 42.968262 42.968204 42.968126 42.967987 42.967717 42.967196 42.966202 42.964347 42.960950 42.954854 42.944119 42.925546 42.893930 42.840864 42.752808 42.607792 42.369528 41.976037 41.315708 40.171647 38.077622 33.901549 24.505620 0.000000 
50.000000 50.000000 50.000000 50.000000 50.000000 50.000000 50.000000 50.000000 50.000000 50.000000 50.000000 50.000000 50.000000 50.000000 50.000000 50.000000 50.000000 50.000000 50.000000 50.000000 50.000000 50.000000 50.000000 50.000000 50.000000 50.000000 50.000000 50.000000 50.000000 50.000000 50.000000 50.000000 50.000000 50.000000 50.000000 50.000000 50.000000 50.000000 50.000000 50.000000 50.000000 50.000000 50.000000 50.000000 50.000000 50.000000 50.000000 50.000000 50.000000 50.000000 
