50.000000 50.000000 50.000000 50.000000 50.000000 50.000000 50.000000 50.000000 50.000000 50.000000 50.000000 50.000000 50.000000 50.000000 50.000000 50.000000 50.000000 50.000000 50.000000 50.000000 50.000000 50.000000 50.000000 50.000000 50.000000 50.000000 50.000000 50.000000 50.000000 50.000000 50.000000 50.000000 50.000000 50.000000 50.000000 50.000000 50.000000 50.000000 50.000000 50.000000 50.000000 50.000000 50.000000 50.000000 50.000000 50.000000 50.000000 50.000000 50.000000 50.000000 
50.000000 48.826004 47.695271 46.646283 45.708847 44.901722 44.232064 43.696529 43.283606 42.976534 42.756213 42.603635 42.501605 42.435693 42.394541 42.369696 42.355185 42.346981 42.342489 42.340106 42.338881 42.338269 42.337973 42.337834 42.337770 42.337740 42.337724 42.337711 42.337689 42.337644 42.337546 42.337338 42.336903 42.336019 42.334260 42.330847 42.324374 42.312370 42.290565 42.251700 42.183543 42.065525 41.862704 41.514224 40.909171 39.830737 37.812020 33.719457 24.413002 0.000000 
50.000000 47.695271 45.475472 43.416155 41.575833 39.991336 38.676706 37.625382 36.814764 36.211948 35.779434 35.479909 35.279615 35.150226 35.069441 35.020670 34.992183 34.976079 34.967261 34.962584 34.960178 34.958978 34.958397 34.958123 34.957997 34.957939 34.957909 34.957883 34.957842 34.957757 34.957575 34.957186 34.956374 34.954725 34.951452 34.945112 34.933119 34.910947 34.870831 34.799698 34.675827 34.463404 34.103393 33.497598 32.479613 30.759899 27.821476 22.737736 13.975814 0.000000 
50.000000 46.646283 43.416155 40.419556 37.741633 35.435978 33.523023 31.993220 30.813679 29.936520 29.307172 28.871339 28.579898 28.391629 28.274084 28.203120 28.161672 28.138240 28.125411 28.118606 28.115105 28.113359 28.112514 28.112116 28.111933 28.111849 28.111805 28.111769 28.111713 28.111599 28.111354 28.110833 28.109748 28.107546 28.103187 28.094772 28.078915 28.049739 27.997269 27.904952 27.745821 27.476629 27.028849 26.294838 25.106813 23.206581 20.209778 15.594679 8.834263 0.000000 
50.000000 45.708847 41.575833 37.741633 34.315195 31.365092 28.917466 26.960094 25.450892 24.328590 23.523366 22.965741 22.592861 22.351987 22.201600 22.110809 22.057782 22.027805 22.011392 22.002686 21.998208 21.995974 21.994893 21.994384 21.994150 21.994043 21.993988 21.993944 21.993880 21.993749 21.993469 21.992875 21.991641 21.989144 21.984218 21.974746 21.956986 21.924503 21.866526 21.765476 21.593375 21.306740 20.839571 20.094219 18.930691 17.157598 14.535052 10.815935 5.878109 0.000000 
50.000000 44.901722 39.991336 35.435978 31.365092 27.860148 24.952203 22.626731 20.833726 19.500391 18.543766 17.881302 17.438324 17.152171 16.973517 16.865664 16.802672 16.767062 16.747566 16.737224 16.731905 16.729252 16.727967 16.727363 16.727085 16.726959 16.726895 16.726847 16.726780 16.726645 16.726357 16.725749 16.724490 16.721950 16.716960 16.707411 16.689606 16.657263 16.600015 16.501257 16.335195 16.063005 15.628240 14.952073 13.930074 12.434402 10.329165 7.511723 3.992552 0.000000 
50.000000 44.232064 38.676706 33.523023 28.917466 24.952203 21.662368 19.031522 17.003084 15.494691 14.412479 13.663057 13.161938 12.838233 12.636137 12.514134 12.442880 12.402599 12.380546 12.368848 12.362833 12.359832 12.358379 12.357696 12.357382 12.357239 12.357169 12.357120 12.357054 12.356926 12.356654 12.356081 12.354899 12.352524 12.347879 12.339033 12.322640 12.293079 12.241207 12.152657 12.005640 11.768370 11.396465 10.831184 10.000131 8.823246 7.228185 5.179108 2.717840 0.000000 
50.000000 43.696529 37.625382 31.993220 26.960094 22.626731 19.031522 16.156495 13.939811 12.291452 11.108834 10.289893 9.742297 9.388574 9.167742 9.034430 8.956573 8.912560 8.888465 8.875683 8.869111 8.865832 8.864245 8.863498 8.863156 8.863001 8.862927 8.862878 8.862818 8.862704 8.862464 8.861960 8.860926 8.858855 8.854823 8.847187 8.833124 8.807950 8.764158 8.690164 8.568800 8.375738 8.078247 7.635057 6.998491 6.120522 4.964371 3.521989 1.833825 0.000000 
50.000000 43.283606 36.814764 30.813679 25.450892 20.833726 17.003084 13.939811 11.578009 9.821757 8.561746 7.689223 7.105807 6.728952 6.493683 6.351657 6.268712 6.221825 6.196156 6.182541 6.175539 6.172047 6.170356 6.169561 6.169197 6.169033 6.168955 6.168908 6.168855 6.168760 6.168560 6.168144 6.167292 6.165594 6.162303 6.156103 6.144756 6.124591 6.089804 6.031598 5.937205 5.789005 5.564073 5.234714 4.770721 4.144152 3.337050 2.351360 1.218081 0.000000 
50.000000 42.976534 36.211948 29.936520 24.328590 19.500391 15.494691 12.291452 9.821757 7.985292 6.667749 5.755397 5.145357 4.751310 4.505312 4.356812 4.270087 4.221063 4.194226 4.179991 4.172671 4.169020 4.167252 4.166421 4.166041 4.165870 4.165792 4.165747 4.165702 4.165625 4.165469 4.165143 4.164479 4.163161 4.160618 4.155854 4.147187 4.131891 4.105714 4.062310 3.992646 3.884552 3.722651 3.489051 3.165197 2.735215 2.190698 1.536121 0.792991 0.000000 
50.000000 42.756213 35.779434 29.307172 23.523366 18.543766 14.412479 11.108834 8.561746 6.667749 5.308942 4.368027 3.738896 3.332523 3.078832 2.925691 2.836257 2.785703 2.758028 2.743349 2.735801 2.732036 2.730213 2.729357 2.728965 2.728789 2.728710 2.728668 2.728631 2.728572 2.728455 2.728212 2.727720 2.726748 2.724880 2.721399 2.715102 2.704062 2.685309 2.654471 2.605439 2.530148 2.418670 2.259822 2.042508 1.757890 1.402220 0.979736 0.504513 0.000000 
50.000000 42.603635 35.479909 28.871339 22.965741 17.881302 13.663057 10.289893 7.689223 5.755397 4.368027 3.407342 2.764998 2.350095 2.091082 1.934730 1.843422 1.791809 1.763555 1.748569 1.740863 1.737019 1.735159 1.734284 1.733885 1.733706 1.733627 1.733587 1.733556 1.733513 1.733429 1.733257 1.732909 1.732224 1.730915 1.728488 1.724121 1.716511 1.703671 1.682719 1.649683 1.599419 1.525735 1.421850 1.281287 1.099215 0.874070 0.609078 0.313070 0.000000 
50.000000 42.501605 35.279615 28.579898 22.592861 17.438324 13.161938 9.742297 7.105807 5.145357 3.738896 2.764998 2.113825 1.693222 1.430653 1.272156 1.179596 1.127276 1.098636 1.083445 1.075634 1.071738 1.069852 1.068965 1.068560 1.068380 1.068300 1.068262 1.068237 1.068206 1.068148 1.068031 1.067796 1.067335 1.066457 1.064837 1.061937 1.056912 1.048488 1.034834 1.013466 0.981216 0.934347 0.868859 0.781061 0.668358 0.530160 0.368669 0.189235 0.000000 
50.000000 42.435693 35.150226 28.391629 22.351987 17.152171 12.838233 9.388574 6.728952 4.751310 3.332523 2.350095 1.693222 1.268940 1.004077 0.844196 0.750828 0.698052 0.669163 0.653839 0.645960 0.642030 0.640128 0.639234 0.638826 0.638644 0.638565 0.638528 0.638507 0.638485 0.638446 0.638370 0.638218 0.637920 0.637356 0.636318 0.634470 0.631285 0.625974 0.617421 0.604123 0.584196 0.555450 0.515592 0.462566 0.395001 0.312714 0.217107 0.111319 0.000000 
50.000000 42.394541 35.069441 28.274084 22.201600 16.973517 12.636137 9.167742 6.493683 4.505312 3.078832 2.091082 1.430653 1.004077 0.737782 0.577038 0.483167 0.430107 0.401061 0.385656 0.377734 0.373783 0.371871 0.370972 0.370562 0.370380 0.370300 0.370265 0.370247 0.370230 0.370206 0.370158 0.370063 0.369878 0.369529 0.368891 0.367759 0.365816 0.362594 0.357433 0.349458 0.337580 0.320555 0.297104 0.266107 0.226854 0.179312 0.124330 0.063694 0.000000 
50.000000 42.369696 35.020670 28.203120 22.110809 16.865664 12.514134 9.034430 6.351657 4.356812 2.925691 1.934730 1.272156 0.844196 0.577038 0.415773 0.321599 0.268367 0.239228 0.223773 0.215826 0.211863 0.209944 0.209043 0.208631 0.208448 0.208369 0.208334 0.208318 0.208306 0.208290 0.208261 0.208204 0.208094 0.207887 0.207508 0.206840 0.205699 0.203814 0.200811 0.196194 0.189355 0.179607 0.166255 0.148703 0.126591 0.099933 0.069218 0.035436 0.000000 
50.000000 42.355185 34.992183 28.161672 22.057782 16.802672 12.442880 8.956573 6.268712 4.270087 2.836257 1.843422 1.179596 0.750828 0.483167 0.321599 0.227248 0.173916 0.144723 0.129239 0.121277 0.117306 0.115384 0.114481 0.114068 0.113885 0.113806 0.113772 0.113757 0.113748 0.113738 0.113720 0.113687 0.113624 0.113505 0.113289 0.112909 0.112261 0.111198 0.109510 0.106926 0.103119 0.097718 0.090355 0.080722 0.068639 0.054127 0.037458 0.019166 0.000000 
50.000000 42.346981 34.976079 28.138240 22.027805 16.767062 12.402599 8.912560 6.221825 4.221064 2.785703 1.791809 1.127277 0.698053 0.430107 0.268368 0.173916 0.120529 0.091304 0.075804 0.067834 0.063859 0.061935 0.061030 0.060618 0.060434 0.060355 0.060322 0.060307 0.060300 0.060293 0.060283 0.060265 0.060229 0.060164 0.060044 0.059835 0.059481 0.058900 0.057983 0.056585 0.054533 0.051634 0.047700 0.042572 0.036164 0.028493 0.019704 0.010077 0.000000 
50.000000 42.342489 34.967262 28.125411 22.011392 16.747566 12.380547 8.888465 6.196157 4.194227 2.758029 1.763556 1.098636 0.669163 0.401062 0.239229 0.144723 0.091305 0.062063 0.046554 0.038579 0.034602 0.032677 0.031772 0.031359 0.031176 0.031097 0.031063 0.031049 0.031043 0.031038 0.031032 0.031022 0.031003 0.030968 0.030905 0.030793 0.030606 0.030299 0.029817 0.029084 0.028013 0.026505 0.024466 0.021817 0.018518 0.014579 0.010076 0.005151 0.000000 
50.000000 42.340106 34.962584 28.118606 22.002686 16.737224 12.368849 8.875684 6.182542 4.179992 2.743350 1.748570 1.083446 0.653840 0.385657 0.223774 0.129240 0.075805 0.046555 0.031041 0.023063 0.019085 0.017159 0.016254 0.015841 0.015658 0.015579 0.015545 0.015532 0.015526 0.015522 0.015519 0.015513 0.015504 0.015485 0.015453 0.015395 0.015299 0.015143 0.014897 0.014525 0.013982 0.013222 0.012196 0.010868 0.009218 0.007252 0.005010 0.002560 0.000000 
50.000000 42.338881 34.960179 28.115107 21.998210 16.731907 12.362835 8.869114 6.175542 4.172674 2.735804 1.740866 1.075637 0.645963 0.377738 0.215830 0.121280 0.067837 0.038582 0.023066 0.015087 0.011108 0.009182 0.008277 0.007864 0.007680 0.007601 0.007568 0.007554 0.007549 0.007546 0.007544 0.007541 0.007536 0.007527 0.007510 0.007482 0.007434 0.007357 0.007235 0.007052 0.006785 0.006413 0.005912 0.005265 0.004463 0.003509 0.002423 0.001238 0.000000 
50.000000 42.338271 34.958981 28.113363 21.995979 16.729258 12.359839 8.865840 6.172054 4.169028 2.732044 1.737028 1.071746 0.642039 0.373792 0.211871 0.117315 0.063867 0.034610 0.019092 0.011113 0.007134 0.005208 0.004303 0.003890 0.003706 0.003627 0.003594 0.003580 0.003575 0.003572 0.003571 0.003569 0.003567 0.003562 0.003554 0.003541 0.003517 0.003480 0.003422 0.003334 0.003207 0.003029 0.002791 0.002484 0.002105 0.001654 0.001142 0.000583 0.000000 
50.000000 42.337977 34.958404 28.112524 21.994906 16.727983 12.358396 8.864264 6.170376 4.167273 2.730235 1.735181 1.069874 0.640150 0.371893 0.209967 0.115406 0.061957 0.032699 0.017180 0.009201 0.005222 0.003295 0.002390 0.001977 0.001794 0.001714 0.001681 0.001668 0.001662 0.001660 0.001659 0.001658 0.001657 0.001654 0.001651 0.001644 0.001633 0.001616 0.001588 0.001547 0.001487 0.001404 0.001293 0.001151 0.000974 0.000766 0.000528 0.000270 0.000000 
50.000000 42.337843 34.958141 28.112141 21.994416 16.727401 12.357739 8.863545 6.169610 4.166473 2.729410 1.734339 1.069020 0.639289 0.371028 0.209098 0.114536 0.061086 0.031827 0.016309 0.008329 0.004350 0.002423 0.001518 0.001105 0.000922 0.000842 0.000809 0.000796 0.000790 0.000788 0.000787 0.000786 0.000786 0.000785 0.000783 0.000780 0.000774 0.000766 0.000753 0.000733 0.000705 0.000665 0.000612 0.000544 0.000461 0.000362 0.000250 0.000127 0.000000 
50.000000 42.337791 34.958040 28.111995 21.994229 16.727178 12.357487 8.863270 6.169317 4.166166 2.729094 1.734016 1.068693 0.638959 0.370696 0.208765 0.114203 0.060752 0.031493 0.015975 0.007995 0.004015 0.002089 0.001184 0.000771 0.000587 0.000508 0.000475 0.000461 0.000456 0.000454 0.000453 0.000453 0.000452 0.000452 0.000450 0.000449 0.000446 0.000441 0.000433 0.000421 0.000405 0.000382 0.000352 0.000312 0.000264 0.000208 0.000143 0.000073 0.000000 
50.000000 42.337791 34.958040 28.111995 21.994229 16.727178 12.357487 8.863270 6.169317 4.166166 2.729094 1.734016 1.068693 0.638959 0.370696 0.208765 0.114203 0.060752 0.031493 0.015975 0.007995 0.004015 0.002089 0.001184 0.000771 0.000587 0.000508 0.000475 0.000461 0.000456 0.000454 0.000453 0.000453 0.000452 0.000452 0.000450 0.000449 0.000446 0.000441 0.000433 0.000421 0.000405 0.000382 0.000352 0.000312 0.000264 0.000208 0.000143 0.000073 0.000000 
50.000000 42.337843 34.958141 28.112141 21.994416 16.727401 12.357739 8.863545 6.169610 4.166473 2.729410 1.734339 1.069020 0.639289 0.371028 0.209098 0.114536 0.061086 0.031827 0.016309 0.008329 0.004350 0.002423 0.001518 0.001105 0.000922 0.000842 0.000809 0.000796 0.000790 0.000788 0.000787 0.000786 0.000786 0.000785 0.000783 0.000780 0.000774 0.000766 0.000753 0.000733 0.000705 0.000665 0.000612 0.000544 0.000461 0.000362 0.000250 0.000127 0.000000 
50.000000 42.337977 34.958404 28.112524 21.994906 16.727983 12.358396 8.864264 6.170376 4.167273 2.730235 1.735181 1.069874 0.640150 0.371893 0.209967 0.115406 0.061957 0.032699 0.017180 0.009201 0.005222 0.003295 0.002390 0.001977 0.001794 0.001714 0.001681 0.001668 0.001662 0.001660 0.001659 0.001658 0.001657 0.001654 0.001651 0.001644 0.001633 0.001616 0.001588 0.001547 0.001487 0.001404 0.001293 0.001151 0.000974 0.000766 0.000528 0.000270 0.000000 
50.000000 42.338271 34.958981 28.113363 21.995979 16.729258 12.359839 8.865840 6.172054 4.169028 2.732044 1.737028 1.071746 0.642039 0.373792 0.211871 0.117315 0.063867 0.034610 0.019092 0.011113 0.007134 0.005208 0.004303 0.003890 0.003706 0.003627 0.003594 0.003580 0.003575 0.003572 0.003571 0.003569 0.003567 0.003562 0.003554 0.003541 0.003517 0.003480 0.003422 0.003334 0.003207 0.003029 0.002791 0.002484 0.002105 0.001654 0.001142 0.000583 0.000000 
50.000000 42.338881 34.960179 28.115107 21.998210 16.731907 12.362835 8.869114 6.175542 4.172674 2.735804 1.740866 1.075637 0.645963 0.377738 0.215830 0.121280 0.067837 0.038582 0.023066 0.015087 0.011108 0.009182 0.008277 0.007864 0.007680 0.007601 0.007568 0.007554 0.007549 0.007546 0.007544 0.007541 0.007536 0.007527 0.007510 0.007482 0.007434 0.007357 0.007235 0.007052 0.006785 0.006413 0.005912 0.005265 0.004463 0.003509 0.002423 0.001238 0.000000 
50.000000 42.340106 34.962584 28.118606 22.002686 16.737224 12.368849 8.875684 6.182542 4.179992 2.743350 1.748570 1.083446 0.653840 0.385657 0.223774 0.129240 0.075805 0.046555 0.031041 0.023063 0.019085 0.017159 0.016254 0.015841 0.015658 0.015579 0.015545 0.015532 0.015526 0.015522 0.015519 0.015513 0.015504 0.015485 0.015453 0.015395 0.015299 0.015143 0.014897 0.014525 0.013982 0.013222 0.012196 0.010868 0.009218 0.007252 0.005010 0.002560 0.000000 
50.000000 42.342489 34.967262 28.125411 22.011392 16.747566 12.380547 8.888465 6.196157 4.194227 2.758029 1.763556 1.098636 0.669163 0.401062 0.239229 0.144723 0.091305 0.062063 0.046554 0.038579 0.034602 0.032677 0.031772 0.031359 0.031176 0.031097 0.031063 0.031049 0.031043 0.031038 0.031032 0.031022 0.031003 0.030968 0.030905 0.030793 0.030606 0.030299 0.029817 0.029084 0.028013 0.026505 0.024466 0.021817 0.018518 0.014579 0.010076 0.005151 0.000000 
50.000000 42.346981 34.976079 28.138240 22.027805 16.767062 12.402599 8.912560 6.221825 4.221064 2.785703 1.791809 1.127277 0.698053 0.430107 0.268368 0.173916 0.120529 0.091304 0.075804 0.067834 0.063859 0.061935 0.061030 0.060618 0.060434 0.060355 0.060322 0.060307 0.060300 0.060293 0.060283 0.060265 0.060229 0.060164 0.060044 0.059835 0.059481 0.058900 0.057983 0.056585 0.054533 0.051634 0.047700 0.042572 0.036164 0.028493 0.019704 0.010077 0.000000 
50.000000 42.355185 34.992183 28.161672 22.057782 16.802672 12.442880 8.956573 6.268712 4.270087 2.836257 1.843422 1.179596 0.750828 0.483167 0.321599 0.227248 0.173916 0.144723 0.129239 0.121277 0.117306 0.115384 0.114481 0.114068 0.113885 0.113806 0.113772 0.113757 0.113748 0.113738 0.113720 0.113687 0.113624 0.113505 0.113289 0.112909 0.112261 0.111198 0.109510 0.106926 0.103119 0.097718 0.090355 0.080722 0.068639 0.054127 0.037458 0.019166 0.000000 
50.000000 42.369696 35.020670 28.203120 22.110809 16.865664 12.514134 9.034430 6.351657 4.356812 2.925691 1.934730 1.272156 0.844196 0.577038 0.415773 0.321599 0.268367 0.239228 0.223773 0.215826 0.211863 0.209944 0.209043 0.208631 0.208448 0.208369 0.208334 0.208318 0.208306 0.208290 0.208261 0.208204 0.208094 0.207887 0.207508 0.206840 0.205699 0.203814 0.200811 0.196194 0.189355 0.179607 0.166255 0.148703 0.126591 0.099933 0.069218 0.035436 0.000000 
50.000000 42.394541 35.069441 28.274084 22.201600 16.973517 12.636137 9.167742 6.493683 4.505312 3.078832 2.091082 1.430653 1.004077 0.737782 0.577038 0.483167 0.430107 0.401061 0.385656 0.377734 0.373783 0.371871 0.370972 0.370562 0.370380 0.370300 0.370265 0.370247 0.370230 0.370206 0.370158 0.370063 0.369878 0.369529 0.368891 0.367759 0.365816 0.362594 0.357433 0.349458 0.337580 0.320555 0.297104 0.266107 0.226854 0.179312 0.124330 0.063694 0.000000 
50.000000 42.435693 35.150226 28.391629 22.351987 17.152171 12.838233 9.388574 6.728952 4.751310 3.332523 2.350095 1.693222 1.268940 1.004077 0.844196 0.750828 0.698052 0.669163 0.653839 0.645960 0.642030 0.640128 0.639234 0.638826 0.638644 0.638565 0.638528 0.638507 0.638485 0.638446 0.638370 0.638218 0.637920 0.637356 0.636318 0.634470 0.631285 0.625974 0.617421 0.604123 0.584196 0.555450 0.515592 0.462566 0.395001 0.312714 0.217107 0.111319 0.000000 
50.000000 42.501605 35.279615 28.579898 22.592861 17.438324 13.161938 9.742297 7.105807 5.145357 3.738896 2.764998 2.113825 1.693222 1.430653 1.272156 1.179596 1.127276 1.098636 1.083445 1.075634 1.071738 1.069852 1.068965 1.068560 1.068380 1.068300 1.068262 1.068237 1.068206 1.068148 1.068031 1.067796 1.067335 1.066457 1.064837 1.061937 1.056912 1.048488 1.034834 1.013466 0.981216 0.934347 0.868859 0.781061 0.668358 0.530160 0.368669 0.189235 0.000000 
50.000000 42.603635 35.479909 28.871339 22.965741 17.881302 13.663057 10.289893 7.689223 5.755397 4.368027 3.407342 2.764998 2.350095 2.091082 1.934730 1.843422 1.791809 1.763555 1.748569 1.740863 1.737019 1.735159 1.734284 1.733885 1.733706 1.733627 1.733587 1.733556 1.733513 1.733429 1.733257 1.732909 1.732224 1.730915 1.728488 1.724121 1.716511 1.703671 1.682719 1.649683 1.599419 1.525735 1.421850 1.281287 1.099215 0.874070 0.609078 0.313070 0.000000 
50.000000 42.756213 35.779434 29.307172 23.523366 18.543766 14.412479 11.108834 8.561746 6.667749 5.308942 4.368027 3.738896 3.332523 3.078832 2.925691 2.836257 2.785703 2.758028 2.743349 2.735801 2.732036 2.730213 2.729357 2.728965 2.728789 2.728710 2.728668 2.728631 2.728572 2.728455 2.728212 2.727720 2.726748 2.724880 2.721399 2.715102 2.704062 2.685309 2.654471 2.605439 2.530148 2.418670 2.259822 2.042508 1.757890 1.402220 0.979736 0.504513 0.000000 
50.000000 42.976534 36.211948 29.936520 24.328590 19.500391 15.494691 12.291452 9.821757 7.985292 6.667749 5.755397 5.145357 4.751310 4.505312 4.356812 4.270087 4.221063 4.194226 4.179991 4.172671 4.169020 4.167252 4.166421 4.166041 4.165870 4.165792 4.165747 4.165702 4.165625 4.165469 4.165143 4.164479 4.163161 4.160618 4.155854 4.147187 4.131891 4.105714 4.062310 3.992646 3.884552 3.722651 3.489051 3.165197 2.735215 2.190698 1.536121 0.792991 0.000000 
50.000000 43.283606 36.814764 30.813679 25.450892 20.833726 17.003084 13.939811 11.578009 9.821757 8.561746 7.689223 7.105807 6.728952 6.493683 6.351657 6.268712 6.221825 6.196156 6.182541 6.175539 6.172047 6.170356 6.169561 6.169197 6.169033 6.168955 6.168908 6.168855 6.168760 6.168560 6.168144 6.167292 6.165594 6.162303 6.156103 6.144756 6.124591 6.089804 6.031598 5.937205 5.789005 5.564073 5.234714 4.770721 4.144152 3.337050 2.351360 1.218081 0.000000 
50.000000 43.696529 37.625382 31.993220 26.960094 22.626731 19.031522 16.156495 13.939811 12.291452 11.108834 10.289893 9.742297 9.388574 9.167742 9.034430 8.956573 8.912560 8.888465 8.875683 8.869111 8.865832 8.864245 8.863498 8.863156 8.863001 8.862927 8.862878 8.862818 8.862704 8.862464 8.861960 8.860926 8.858855 8.854823 8.847187 8.833124 8.807950 8.764158 8.690164 8.568800 8.375738 8.078247 7.635057 6.998491 6.120522 4.964371 3.521989 1.833825 0.000000 
50.000000 44.232064 38.676706 33.523023 28.917466 24.952203 21.662368 19.031522 17.003084 15.494691 14.412479 13.663057 13.161938 12.838233 12.636137 12.514134 12.442880 12.402599 12.380546 12.368848 12.362833 12.359832 12.358379 12.357696 12.357382 12.357239 12.357169 12.357120 12.357054 12.356926 12.356654 12.356081 12.354899 12.352524 12.347879 12.339033 12.322640 12.293079 12.241207 12.152657 12.005640 11.768370 11.396465 10.831184 10.000131 8.823246 7.228185 5.179108 2.717840 0.000000 
50.000000 44.901722 39.991336 35.435978 31.365092 27.860148 24.952203 22.626731 20.833726 19.500391 18.543766 17.881302 17.438324 17.152171 16.973517 16.865664 16.802672 16.767062 16.747566 16.737224 16.731905 16.729252 16.727967 16.727363 16.727085 16.726959 16.726895 16.726847 16.726780 16.726645 16.726357 16.725749 16.724490 16.721950 16.716960 16.707411 16.689606 16.657263 16.600015 16.501257 16.335195 16.063005 15.628240 14.952073 13.930074 12.434402 10.329165 7.511723 3.992552 0.000000 
50.000000 45.708847 41.575833 37.741633 34.315195 31.365092 28.917466 26.960094 25.450892 24.328590 23.523366 22.965741 22.592861 22.351987 22.201600 22.110809 22.057782 22.027805 22.011392 22.002686 21.998208 21.995974 21.994893 21.994384 21.994150 21.994043 21.993988 21.993944 21.993880 21.993749 21.993469 21.992875 21.991641 21.989144 21.984218 21.974746 21.956986 21.924503 21.866526 21.765476 21.593375 21.306740 20.839571 20.094219 18.930691 17.157598 14.535052 10.815935 5.878109 0.000000 
50.000000 46.646283 43.416155 40.419556 37.741633 35.435978 33.523023 31.993220 30.813679 29.936520 29.307172 28.871339 28.579898 28.391629 28.274084 28.203120 28.161672 28.138240 28.125411 28.118606 28.115105 28.113359 28.112514 28.112116 28.111933 28.111849 28.111805 28.111769 28.111713 28.111599 28.111354 28.110833 28.109748 28.107546 28.103187 28.094772 28.078915 28.049739 27.997269 27.904952 27.745821 27.476629 27.028849 26.294838 25.106813 23.206581 20.209778 15.594679 8.834263 0.000000 
50.000000 47.695271 45.475472 43.416155 41.575833 39.991336 38.676706 37.625382 36.814764 36.211948 35.779434 35.479909 35.279615 35.150226 35.069441 35.020670 34.992183 34.976079 34.967261 34.962584 34.960178 34.958978 34.958397 34.958123 34.957997 34.957939 34.957909 34.957883 34.957842 34.957757 34.957575 34.957186 34.956374 34.954725 34.951452 34.945112 34.933119 34.910947 34.870831 34.799698 34.675827 34.463404 34.103393 33.497598 32.479613 30.759899 27.821476 22.737736 13.975814 0.000000 
50.000000 48.826004 47.695271 46.646283 45.708847 44.901722 44.232064 43.696529 43.283606 42.976534 42.756213 42.603635 42.501605 42.435693 42.394541 42.369696 42.355185 42.346981 42.342489 42.340106 42.338881 42.338269 42.337973 42.337834 42.337770 42.337740 42.337724 42.337711 42.337689 42.337644 42.337546 42.337338 42.336903 42.336019 42.334260 42.330847 42.324374 42.312370 42.290565 42.251700 42.183543 42.065525 41.862704 41.514224 40.909171 39.830737 37.812020 33.719457 24.413002 0.000000 
50.000000 50.000000 50.000000 50.000000 50.000000 50.000000 50.000000 50.000000 50.000000 50.000000 50.000000 50.000000 50.000000 50.000000 50.000000 50.000000 50.000000 50.000000 50.000000 50.000000 50.000000 50.000000 50.000000 50.000000 50.000000 50.000000 50.000000 50.000000 50.000000 50.000000 50.000000 50.000000 50.000000 50.000000 50.000000 50.000000 50.000000 50.000000 50.000000 50.000000 50.000000 50.000000 50.000000 50.000000 50.000000 50.000000 50.000000 50.000000 50.000000 50.000000 
