50.000000 50.000000 50.000000 50.000000 50.000000 50.000000 50.000000 50.000000 50.000000 50.000000 50.000000 50.000000 50.000000 50.000000 50.000000 50.000000 50.000000 50.000000 50.000000 50.000000 50.000000 50.000000 50.000000 50.000000 50.000000 50.000000 50.000000 50.000000 50.000000 50.000000 50.000000 50.000000 50.000000 50.000000 50.000000 50.000000 50.000000 50.000000 50.000000 50.000000 50.000000 50.000000 50.000000 50.000000 50.000000 50.000000 50.000000 50.000000 50.000000 50.000000 
50.000000 47.278979 44.789988 42.705867 41.106162 39.978375 39.246344 38.807688 38.564318 38.438932 38.378762 38.351790 38.340463 38.335995 38.334335 38.333753 38.333559 38.333499 38.333480 38.333475 38.333474 38.333473 38.333473 38.333473 38.333473 38.333473 38.333473 38.333473 38.333473 38.333473 38.333473 38.333473 38.333472 38.333468 38.333456 38.333414 38.333281 38.332872 38.331677 38.328345 38.319477 38.296912 38.241887 38.112661 37.818028 37.157391 35.671262 32.219647 23.639489 0.000000 
50.000000 44.789988 40.024284 36.033842 32.970970 30.811709 29.410206 28.570413 28.104509 27.864480 27.749303 27.697675 27.675996 27.667444 27.664267 27.663153 27.662783 27.662666 27.662632 27.662622 27.662619 27.662618 27.662618 27.662618 27.662618 27.662618 27.662618 27.662618 27.662618 27.662618 27.662618 27.662617 27.662616 27.662610 27.662589 27.662518 27.662291 27.661599 27.659587 27.654006 27.639266 27.602156 27.513013 27.308249 26.857020 25.898917 23.930122 20.012142 12.570342 0.000000 
50.000000 42.705867 36.033842 30.447306 26.159475 23.136761 21.174913 19.999419 19.347313 19.011378 18.850192 18.777946 18.747611 18.735647 18.731202 18.729643 18.729126 18.728963 18.728914 18.728901 18.728897 18.728896 18.728896 18.728896 18.728896 18.728896 18.728896 18.728896 18.728895 18.728895 18.728895 18.728895 18.728893 18.728886 18.728862 18.728780 18.728520 18.727731 18.725450 18.719175 18.702773 18.662049 18.566039 18.351145 17.894602 16.974833 15.223653 12.103721 7.034604 0.000000 
50.000000 41.106162 32.970970 26.159475 20.931637 17.246433 14.854737 13.421782 12.626905 12.217454 12.021010 11.932970 11.896007 11.881429 11.876014 11.874116 11.873485 11.873287 11.873228 11.873211 11.873206 11.873205 11.873205 11.873205 11.873205 11.873205 11.873205 11.873205 11.873205 11.873205 11.873205 11.873204 11.873202 11.873196 11.873173 11.873098 11.872858 11.872135 11.870059 11.864401 11.849781 11.814015 11.731304 11.550809 11.180031 10.465819 9.184642 7.072053 3.948772 0.000000 
50.000000 39.978375 30.811709 23.136761 17.246433 13.094419 10.399916 8.785643 7.890252 7.429062 7.207815 7.108668 7.067045 7.050632 7.044536 7.042398 7.041689 7.041466 7.041399 7.041380 7.041375 7.041374 7.041373 7.041373 7.041373 7.041373 7.041373 7.041373 7.041373 7.041373 7.041373 7.041373 7.041371 7.041366 7.041348 7.041288 7.041100 7.040535 7.038924 7.034576 7.023468 6.996683 6.935852 6.806110 6.547210 6.066402 5.242159 3.954690 2.160347 0.000000 
50.000000 39.246344 29.410206 21.174913 14.854737 10.399916 7.509049 5.777236 4.816712 4.322010 4.084704 3.978369 3.933734 3.916133 3.909597 3.907306 3.906545 3.906306 3.906234 3.906214 3.906209 3.906207 3.906207 3.906207 3.906207 3.906207 3.906207 3.906207 3.906207 3.906207 3.906207 3.906206 3.906205 3.906202 3.906189 3.906148 3.906018 3.905629 3.904532 3.901594 3.894171 3.876508 3.837042 3.754524 3.593806 3.303928 2.823767 2.101958 1.133682 0.000000 
50.000000 38.807688 28.570413 19.999419 13.421782 8.785643 5.777236 3.975093 2.975616 2.460881 2.213981 2.103354 2.056920 2.038612 2.031814 2.029430 2.028640 2.028391 2.028316 2.028295 2.028290 2.028288 2.028288 2.028288 2.028288 2.028288 2.028288 2.028288 2.028288 2.028288 2.028288 2.028287 2.028287 2.028284 2.028277 2.028251 2.028170 2.027932 2.027262 2.025485 2.021038 2.010582 1.987547 1.940194 1.849791 1.690478 1.433381 1.057401 0.565801 0.000000 
50.000000 38.564318 28.104509 19.347313 12.626905 7.890252 4.816712 2.975616 1.954574 1.428755 1.176550 1.063551 1.016124 0.997425 0.990482 0.988048 0.987241 0.986987 0.986911 0.986889 0.986883 0.986882 0.986882 0.986881 0.986881 0.986881 0.986881 0.986881 0.986881 0.986881 0.986881 0.986881 0.986881 0.986880 0.986875 0.986861 0.986816 0.986683 0.986313 0.985337 0.982917 0.977287 0.965035 0.940204 0.893570 0.812889 0.685264 0.502352 0.267406 0.000000 
50.000000 38.438932 27.864480 19.011378 12.217454 7.429062 4.322010 2.460881 1.428755 0.897242 0.642313 0.528099 0.480162 0.461263 0.454246 0.451787 0.450971 0.450714 0.450637 0.450615 0.450609 0.450608 0.450607 0.450607 0.450607 0.450607 0.450607 0.450607 0.450607 0.450607 0.450607 0.450607 0.450607 0.450606 0.450604 0.450597 0.450574 0.450506 0.450319 0.449828 0.448621 0.445837 0.439843 0.427839 0.405594 0.367672 0.308604 0.225214 0.119455 0.000000 
50.000000 38.378762 27.749303 18.850192 12.021010 7.207815 4.084704 2.213981 1.176550 0.642313 0.386083 0.271287 0.223108 0.204114 0.197062 0.194590 0.193769 0.193512 0.193434 0.193412 0.193406 0.193405 0.193405 0.193404 0.193404 0.193404 0.193404 0.193404 0.193404 0.193404 0.193404 0.193404 0.193404 0.193404 0.193403 0.193399 0.193389 0.193357 0.193269 0.193042 0.192485 0.191213 0.188496 0.183110 0.173239 0.156609 0.131016 0.095297 0.050417 0.000000 
50.000000 38.351790 27.697675 18.777946 11.932970 7.108668 3.978369 2.103354 1.063551 0.528099 0.271287 0.156232 0.107945 0.088908 0.081840 0.079362 0.078541 0.078282 0.078205 0.078183 0.078177 0.078175 0.078175 0.078175 0.078175 0.078175 0.078175 0.078175 0.078175 0.078175 0.078175 0.078175 0.078175 0.078175 0.078174 0.078173 0.078168 0.078154 0.078116 0.078018 0.077780 0.077239 0.076092 0.073838 0.069743 0.062911 0.052496 0.038088 0.020113 0.000000 
50.000000 38.340463 27.675996 18.747611 11.896007 7.067045 3.933734 2.056920 1.016124 0.480162 0.223108 0.107945 0.059612 0.040558 0.033483 0.031003 0.030181 0.029922 0.029844 0.029822 0.029816 0.029815 0.029814 0.029814 0.029814 0.029814 0.029814 0.029814 0.029814 0.029814 0.029814 0.029814 0.029814 0.029814 0.029814 0.029813 0.029812 0.029806 0.029791 0.029751 0.029656 0.029441 0.028988 0.028104 0.026510 0.023872 0.019880 0.014396 0.007591 0.000000 
50.000000 38.335995 27.667444 18.735647 11.881429 7.050632 3.916133 2.038612 0.997425 0.461263 0.204114 0.088908 0.040558 0.021496 0.014419 0.011938 0.011116 0.010857 0.010779 0.010757 0.010751 0.010750 0.010749 0.010749 0.010749 0.010749 0.010749 0.010749 0.010749 0.010749 0.010749 0.010749 0.010749 0.010749 0.010749 0.010749 0.010748 0.010746 0.010740 0.010725 0.010690 0.010610 0.010442 0.010116 0.009532 0.008571 0.007126 0.005153 0.002714 0.000000 
50.000000 38.334335 27.664267 18.731202 11.876014 7.044536 3.909597 2.031814 0.990482 0.454246 0.197062 0.081840 0.033483 0.014419 0.007341 0.004860 0.004037 0.003778 0.003701 0.003679 0.003673 0.003671 0.003671 0.003671 0.003671 0.003671 0.003671 0.003671 0.003671 0.003671 0.003671 0.003671 0.003671 0.003671 0.003671 0.003671 0.003670 0.003670 0.003668 0.003662 0.003650 0.003622 0.003563 0.003449 0.003247 0.002917 0.002422 0.001749 0.000921 0.000000 
50.000000 38.333753 27.663153 18.729643 11.874116 7.042398 3.907306 2.029430 0.988048 0.451787 0.194590 0.079362 0.031003 0.011938 0.004860 0.002379 0.001556 0.001297 0.001220 0.001198 0.001192 0.001190 0.001190 0.001189 0.001189 0.001189 0.001189 0.001189 0.001189 0.001189 0.001189 0.001189 0.001189 0.001189 0.001189 0.001189 0.001189 0.001189 0.001188 0.001187 0.001182 0.001173 0.001154 0.001116 0.001050 0.000942 0.000782 0.000564 0.000297 0.000000 
50.000000 38.333559 27.662783 18.729126 11.873485 7.041689 3.906545 2.028640 0.987241 0.450971 0.193769 0.078541 0.030181 0.011116 0.004037 0.001556 0.000733 0.000474 0.000396 0.000374 0.000368 0.000367 0.000367 0.000366 0.000366 0.000366 0.000366 0.000366 0.000366 0.000366 0.000366 0.000366 0.000366 0.000366 0.000366 0.000366 0.000366 0.000366 0.000366 0.000366 0.000364 0.000361 0.000355 0.000344 0.000323 0.000290 0.000240 0.000173 0.000091 0.000000 
50.000000 38.333499 27.662666 18.728963 11.873287 7.041466 3.906306 2.028391 0.986987 0.450714 0.193512 0.078282 0.029922 0.010857 0.003778 0.001297 0.000474 0.000215 0.000138 0.000116 0.000110 0.000108 0.000108 0.000108 0.000107 0.000107 0.000107 0.000107 0.000107 0.000107 0.000107 0.000107 0.000107 0.000107 0.000107 0.000107 0.000107 0.000107 0.000107 0.000107 0.000107 0.000106 0.000104 0.000101 0.000095 0.000085 0.000070 0.000051 0.000027 0.000000 
50.000000 38.333480 27.662632 18.728914 11.873228 7.041399 3.906234 2.028316 0.986911 0.450637 0.193434 0.078205 0.029844 0.010779 0.003701 0.001220 0.000396 0.000138 0.000060 0.000038 0.000032 0.000031 0.000030 0.000030 0.000030 0.000030 0.000030 0.000030 0.000030 0.000030 0.000030 0.000030 0.000030 0.000030 0.000030 0.000030 0.000030 0.000030 0.000030 0.000030 0.000030 0.000030 0.000029 0.000028 0.000026 0.000024 0.000020 0.000014 0.000007 0.000000 
50.000000 38.333475 27.662622 18.728901 11.873211 7.041380 3.906214 2.028295 0.986889 0.450615 0.193412 0.078183 0.029822 0.010757 0.003679 0.001198 0.000374 0.000116 0.000038 0.000016 0.000010 0.000009 0.000008 0.000008 0.000008 0.000008 0.000008 0.000008 0.000008 0.000008 0.000008 0.000008 0.000008 0.000008 0.000008 0.000008 0.000008 0.000008 0.000008 0.000008 0.000008 0.000008 0.000008 0.000008 0.000007 0.000006 0.000005 0.000004 0.000002 0.000000 
50.000000 38.333474 27.662619 18.728897 11.873206 7.041375 3.906209 2.028290 0.986883 0.450609 0.193406 0.078177 0.029816 0.010751 0.003673 0.001192 0.000368 0.000110 0.000032 0.000010 0.000004 0.000003 0.000002 0.000002 0.000002 0.000002 0.000002 0.000002 0.000002 0.000002 0.000002 0.000002 0.000002 0.000002 0.000002 0.000002 0.000002 0.000002 0.000002 0.000002 0.000002 0.000002 0.000002 0.000002 0.000002 0.000002 0.000001 0.000001 0.000001 0.000000 
50.000000 38.333473 27.662618 18.728896 11.873205 7.041374 3.906207 2.028288 0.986882 0.450608 0.193405 0.078175 0.029815 0.010750 0.003671 0.001190 0.000367 0.000108 0.000031 0.000009 0.000003 0.000001 0.000001 0.000001 0.000001 0.000001 0.000001 0.000001 0.000001 0.000001 0.000001 0.000001 0.000001 0.000001 0.000001 0.000001 0.000001 0.000001 0.000001 0.000001 0.000001 0.000000 0.000000 0.000000 0.000000 0.000000 0.000000 0.000000 0.000000 0.000000 
50.000000 38.333473 27.662618 18.728896 11.873205 7.041373 3.906207 2.028288 0.986882 0.450607 0.193405 0.078175 0.029814 0.010749 0.003671 0.001190 0.000367 0.000108 0.000030 0.000008 0.000002 0.000001 0.000000 0.000000 0.000000 0.000000 0.000000 0.000000 0.000000 0.000000 0.000000 0.000000 0.000000 0.000000 0.000000 0.000000 0.000000 0.000000 0.000000 0.000000 0.000000 0.000000 0.000000 0.000000 0.000000 0.000000 0.000000 0.000000 0.000000 0.000000 
50.000000 38.333473 27.662618 18.728896 11.873205 7.041373 3.906207 2.028288 0.986881 0.450607 0.193404 0.078175 0.029814 0.010749 0.003671 0.001189 0.000366 0.000108 0.000030 0.000008 0.000002 0.000001 0.000000 0.000000 0.000000 0.000000 0.000000 0.000000 0.000000 0.000000 0.000000 0.000000 0.000000 0.000000 0.000000 0.000000 0.000000 0.000000 0.000000 0.000000 0.000000 0.000000 0.000000 0.000000 0.000000 0.000000 0.000000 0.000000 0.000000 0.000000 
50.000000 38.333473 27.662618 18.728896 11.873205 7.041373 3.906207 2.028288 0.986881 0.450607 0.193404 0.078175 0.029814 0.010749 0.003671 0.001189 0.000366 0.000107 0.000030 0.000008 0.000002 0.000001 0.000000 0.000000 0.000000 0.000000 0.000000 0.000000 0.000000 0.000000 0.000000 0.000000 0.000000 0.000000 0.000000 0.000000 0.000000 0.000000 0.000000 0.000000 0.000000 0.000000 0.000000 0.000000 0.000000 0.000000 0.000000 0.000000 0.000000 0.000000 
50.000000 38.333473 27.662618 18.728896 11.873205 7.041373 3.906207 2.028288 0.986881 0.450607 0.193404 0.078175 0.029814 0.010749 0.003671 0.001189 0.000366 0.000107 0.000030 0.000008 0.000002 0.000001 0.000000 0.000000 0.000000 0.000000 0.000000 0.000000 0.000000 0.000000 0.000000 0.000000 0.000000 0.000000 0.000000 0.000000 0.000000 0.000000 0.000000 0.000000 0.000000 0.000000 0.000000 0.000000 0.000000 0.000000 0.000000 0.000000 0.000000 0.000000 
50.000000 38.333473 27.662618 18.728896 11.873205 7.041373 3.906207 2.028288 0.986881 0.450607 0.193404 0.078175 0.029814 0.010749 0.003671 0.001189 0.000366 0.000108 0.000030 0.000008 0.000002 0.000001 0.000000 0.000000 0.000000 0.000000 0.000000 0.000000 0.000000 0.000000 0.000000 0.000000 0.000000 0.000000 0.000000 0.000000 0.000000 0.000000 0.000000 0.000000 0.000000 0.000000 0.000000 0.000000 0.000000 0.000000 0.000000 0.000000 0.000000 0.000000 
50.000000 38.333473 27.662618 18.728896 11.873205 7.041373 3.906207 2.028288 0.986882 0.450607 0.193405 0.078175 0.029814 0.010749 0.003671 0.001190 0.000367 0.000108 0.000030 0.000008 0.000002 0.000001 0.000000 0.000000 0.000000 0.000000 0.000000 0.000000 0.000000 0.000000 0.000000 0.000000 0.000000 0.000000 0.000000 0.000000 0.000000 0.000000 0.000000 0.000000 0.000000 0.000000 0.000000 0.000000 0.000000 0.000000 0.000000 0.000000 0.000000 0.000000 
50.000000 38.333473 27.662618 18.728896 11.873205 7.041374 3.906207 2.028288 0.986882 0.450608 0.193405 0.078175 0.029815 0.010750 0.003671 0.001190 0.000367 0.000108 0.000031 0.000009 0.000003 0.000001 0.000001 0.000001 0.000001 0.000001 0.000001 0.000001 0.000001 0.000001 0.000001 0.000001 0.000001 0.000001 0.000001 0.000001 0.000001 0.000001 0.000001 0.000001 0.000001 0.000000 0.000000 0.000000 0.000000 0.000000 0.000000 0.000000 0.000000 0.000000 
50.000000 38.333474 27.662619 18.728897 11.873206 7.041375 3.906209 2.028290 0.986883 0.450609 0.193406 0.078177 0.029816 0.010751 0.003673 0.001192 0.000368 0.000110 0.000032 0.000010 0.000004 0.000003 0.000002 0.000002 0.000002 0.000002 0.000002 0.000002 0.000002 0.000002 0.000002 0.000002 0.000002 0.000002 0.000002 0.000002 0.000002 0.000002 0.000002 0.000002 0.000002 0.000002 0.000002 0.000002 0.000002 0.000002 0.000001 0.000001 0.000001 0.000000 
50.000000 38.333475 27.662622 18.728901 11.873211 7.041380 3.906214 2.028295 0.986889 0.450615 0.193412 0.078183 0.029822 0.010757 0.003679 0.001198 0.000374 0.000116 0.000038 0.000016 0.000010 0.000009 0.000008 0.000008 0.000008 0.000008 0.000008 0.000008 0.000008 0.000008 0.000008 0.000008 0.000008 0.000008 0.000008 0.000008 0.000008 0.000008 0.000008 0.000008 0.000008 0.000008 0.000008 0.000008 0.000007 0.000006 0.000005 0.000004 0.000002 0.000000 
50.000000 38.333480 27.662632 18.728914 11.873228 7.041399 3.906234 2.028316 0.986911 0.450637 0.193434 0.078205 0.029844 0.010779 0.003701 0.001220 0.000396 0.000138 0.000060 0.000038 0.000032 0.000031 0.000030 0.000030 0.000030 0.000030 0.000030 0.000030 0.000030 0.000030 0.000030 0.000030 0.000030 0.000030 0.000030 0.000030 0.000030 0.000030 0.000030 0.000030 0.000030 0.000030 0.000029 0.000028 0.000026 0.000024 0.000020 0.000014 0.000007 0.000000 
50.000000 38.333499 27.662666 18.728963 11.873287 7.041466 3.906306 2.028391 0.986987 0.450714 0.193512 0.078282 0.029922 0.010857 0.003778 0.001297 0.000474 0.000215 0.000138 0.000116 0.000110 0.000108 0.000108 0.000108 0.000107 0.000107 0.000107 0.000107 0.000107 0.000107 0.000107 0.000107 0.000107 0.000107 0.000107 0.000107 0.000107 0.000107 0.000107 0.000107 0.000107 0.000106 0.000104 0.000101 0.000095 0.000085 0.000070 0.000051 0.000027 0.000000 
50.000000 38.333559 27.662783 18.729126 11.873485 7.041689 3.906545 2.028640 0.987241 0.450971 0.193769 0.078541 0.030181 0.011116 0.004037 0.001556 0.000733 0.000474 0.000396 0.000374 0.000368 0.000367 0.000367 0.000366 0.000366 0.000366 0.000366 0.000366 0.000366 0.000366 0.000366 0.000366 0.000366 0.000366 0.000366 0.000366 0.000366 0.000366 0.000366 0.000366 0.000364 0.000361 0.000355 0.000344 0.000323 0.000290 0.000240 0.000173 0.000091 0.000000 
50.000000 38.333753 27.663153 18.729643 11.874116 7.042398 3.907306 2.029430 0.988048 0.451787 0.194590 0.079362 0.031003 0.011938 0.004860 0.002379 0.001556 0.001297 0.001220 0.001198 0.001192 0.001190 0.001190 0.001189 0.001189 0.001189 0.001189 0.001189 0.001189 0.001189 0.001189 0.001189 0.001189 0.001189 0.001189 0.001189 0.001189 0.001189 0.001188 0.001187 0.001182 0.001173 0.001154 0.001116 0.001050 0.000942 0.000782 0.000564 0.000297 0.000000 
50.000000 38.334335 27.664267 18.731202 11.876014 7.044536 3.909597 2.031814 0.990482 0.454246 0.197062 0.081840 0.033483 0.014419 0.007341 0.004860 0.004037 0.003778 0.003701 0.003679 0.003673 0.003671 0.003671 0.003671 0.003671 0.003671 0.003671 0.003671 0.003671 0.003671 0.003671 0.003671 0.003671 0.003671 0.003671 0.003671 0.003670 0.003670 0.003668 0.003662 0.003650 0.003622 0.003563 0.003449 0.003247 0.002917 0.002422 0.001749 0.000921 0.000000 
50.000000 38.335995 27.667444 18.735647 11.881429 7.050632 3.916133 2.038612 0.997425 0.461263 0.204114 0.088908 0.040558 0.021496 0.014419 0.011938 0.011116 0.010857 0.010779 0.010757 0.010751 0.010750 0.010749 0.010749 0.010749 0.010749 0.010749 0.010749 0.010749 0.010749 0.010749 0.010749 0.010749 0.010749 0.010749 0.010749 0.010748 0.010746 0.010740 0.010725 0.010690 0.010610 0.010442 0.010116 0.009532 0.008571 0.007126 0.005153 0.002714 0.000000 
50.000000 38.340463 27.675996 18.747611 11.896007 7.067045 3.933734 2.056920 1.016124 0.480162 0.223108 0.107945 0.059612 0.040558 0.033483 0.031003 0.030181 0.029922 0.029844 0.029822 0.029816 0.029815 0.029814 0.029814 0.029814 0.029814 0.029814 0.029814 0.029814 0.029814 0.029814 0.029814 0.029814 0.029814 0.029814 0.029813 0.029812 0.029806 0.029791 0.029751 0.029656 0.029441 0.028988 0.028104 0.026510 0.023872 0.019880 0.014396 0.007591 0.000000 
50.000000 38.351790 27.697675 18.777946 11.932970 7.108668 3.978369 2.103354 1.063551 0.528099 0.271287 0.156232 0.107945 0.088908 0.081840 0.079362 0.078541 0.078282 0.078205 0.078183 0.078177 0.078175 0.078175 0.078175 0.078175 0.078175 0.078175 0.078175 0.078175 0.078175 0.078175 0.078175 0.078175 0.078175 0.078174 0.078173 0.078168 0.078154 0.078116 0.078018 0.077780 0.077239 0.076092 0.073838 0.069743 0.062911 0.052496 0.038088 0.020113 0.000000 
50.000000 38.378762 27.749303 18.850192 12.021010 7.207815 4.084704 2.213981 1.176550 0.642313 0.386083 0.271287 0.223108 0.204114 0.197062 0.194590 0.193769 0.193512 0.193434 0.193412 0.193406 0.193405 0.193405 0.193404 0.193404 0.193404 0.193404 0.193404 0.193404 0.193404 0.193404 0.193404 0.193404 0.193404 0.193403 0.193399 0.193389 0.193357 0.193269 0.193042 0.192485 0.191213 0.188496 0.183110 0.173239 0.156609 0.131016 0.095297 0.050417 0.000000 
50.000000 38.438932 27.864480 19.011378 12.217454 7.429062 4.322010 2.460881 1.428755 0.897242 0.642313 0.528099 0.480162 0.461263 0.454246 0.451787 0.450971 0.450714 0.450637 0.450615 0.450609 0.450608 0.450607 0.450607 0.450607 0.450607 0.450607 0.450607 0.450607 0.450607 0.450607 0.450607 0.450607 0.450606 0.450604 0.450597 0.450574 0.450506 0.450319 0.449828 0.448621 0.445837 0.439843 0.427839 0.405594 0.367672 0.308604 0.225214 0.119455 0.000000 
50.000000 38.564318 28.104509 19.347313 12.626905 7.890252 4.816712 2.975616 1.954574 1.428755 1.176550 1.063551 1.016124 0.997425 0.990482 0.988048 0.987241 0.986987 0.986911 0.986889 0.986883 0.986882 0.986882 0.986881 0.986881 0.986881 0.986881 0.986881 0.986881 0.986881 0.986881 0.986881 0.986881 0.986880 0.986875 0.986861 0.986816 0.986683 0.986313 0.985337 0.982917 0.977287 0.965035 0.940204 0.893570 0.812889 0.685264 0.502352 0.267406 0.000000 
50.000000 38.807688 28.570413 19.999419 13.421782 8.785643 5.777236 3.975093 2.975616 2.460881 2.213981 2.103354 2.056920 2.038612 2.031814 2.029430 2.028640 2.028391 2.028316 2.028295 2.028290 2.028288 2.028288 2.028288 2.028288 2.028288 2.028288 2.028288 2.028288 2.028288 2.028288 2.028287 2.028287 2.028284 2.028277 2.028251 2.028170 2.027932 2.027262 2.025485 2.021038 2.010582 1.987547 1.940194 1.849791 1.690478 1.433381 1.057401 0.565801 0.000000 
50.000000 39.246344 29.410206 21.174913 14.854737 10.399916 7.509049 5.777236 4.816712 4.322010 4.084704 3.978369 3.933734 3.916133 3.909597 3.907306 3.906545 3.906306 3.906234 3.906214 3.906209 3.906207 3.906207 3.906207 3.906207 3.906207 3.906207 3.906207 3.906207 3.906207 3.906207 3.906206 3.906205 3.906202 3.906189 3.906148 3.906018 3.905629 3.904532 3.901594 3.894171 3.876508 3.837042 3.754524 3.593806 3.303928 2.823767 2.101958 1.133682 0.000000 
50.000000 39.978375 30.811709 23.136761 17.246433 13.094419 10.399916 8.785643 7.890252 7.429062 7.207815 7.108668 7.067045 7.050632 7.044536 7.042398 7.041689 7.041466 7.041399 7.041380 7.041375 7.041374 7.041373 7.041373 7.041373 7.041373 7.041373 7.041373 7.041373 7.041373 7.041373 7.041373 7.041371 7.041366 7.041348 7.041288 7.041100 7.040535 7.038924 7.034576 7.023468 6.996683 6.935852 6.806110 6.547210 6.066402 5.242159 3.954690 2.160347 0.000000 
50.000000 41.106162 32.970970 26.159475 20.931637 17.246433 14.854737 13.421782 12.626905 12.217454 12.021010 11.932970 11.896007 11.881429 11.876014 11.874116 11.873485 11.873287 11.873228 11.873211 11.873206 11.873205 11.873205 11.873205 11.873205 11.873205 11.873205 11.873205 11.873205 11.873205 11.873205 11.873204 11.873202 11.873196 11.873173 11.873098 11.872858 11.872135 11.870059 11.864401 11.849781 11.814015 11.731304 11.550809 11.180031 10.465819 9.184642 7.072053 3.948772 0.000000 
50.000000 42.705867 36.033842 30.447306 26.159475 23.136761 21.174913 19.999419 19.347313 19.011378 18.850192 18.777946 18.747611 18.735647 18.731202 18.729643 18.729126 18.728963 18.728914 18.728901 18.728897 18.728896 18.728896 18.728896 18.728896 18.728896 18.728896 18.728896 18.728895 18.728895 18.728895 18.728895 18.728893 18.728886 18.728862 18.728780 18.728520 18.727731 18.725450 18.719175 18.702773 18.662049 18.566039 18.351145 17.894602 16.974833 15.223653 12.103721 7.034604 0.000000 
50.000000 44.789988 40.024284 36.033842 32.970970 30.811709 29.410206 28.570413 28.104509 27.864480 27.749303 27.697675 27.675996 27.667444 27.664267 27.663153 27.662783 27.662666 27.662632 27.662622 27.662619 27.662618 27.662618 27.662618 27.662618 27.662618 27.662618 27.662618 27.662618 27.662618 27.662618 27.662617 27.662616 27.662610 27.662589 27.662518 27.662291 27.661599 27.659587 27.654006 27.639266 27.602156 27.513013 27.308249 26.857020 25.898917 23.930122 20.012142 12.570342 0.000000 
50.000000 47.278979 44.789988 42.705867 41.106162 39.978375 39.246344 38.807688 38.564318 38.438932 38.378762 38.351790 38.340463 38.335995 38.334335 38.333753 38.333559 38.333499 38.333480 38.333475 38.333474 38.333473 38.333473 38.333473 38.333473 38.333473 38.333473 38.333473 38.333473 38.333473 38.333473 38.333473 38.333472 38.333468 38.333456 38.333414 38.333281 38.332872 38.331677 38.328345 38.319477 38.296912 38.241887 38.112661 37.818028 37.157391 35.671262 32.219647 23.639489 0.000000 
50.000000 50.000000 50.000000 50.000000 50.000000 50.000000 50.000000 50.000000 50.000000 50.000000 50.000000 50.000000 50.000000 50.000000 50.000000 50.000000 50.000000 50.000000 50.000000 50.000000 50.000000 50.000000 50.000000 50.000000 50.000000 50.000000 50.000000 50.000000 50.000000 50.000000 50.000000 50.000000 50.000000 50.000000 50.000000 50.000000 50.000000 50.000000 50.000000 50.000000 50.000000 50.000000 50.000000 50.000000 50.000000 50.000000 50.000000 50.000000 50.000000 50.000000 
