50.000000 50.000000 50.000000 50.000000 50.000000 50.000000 50.000000 50.000000 50.000000 50.000000 50.000000 50.000000 50.000000 50.000000 50.000000 50.000000 50.000000 50.000000 50.000000 50.000000 50.000000 50.000000 50.000000 50.000000 50.000000 50.000000 50.000000 50.000000 50.000000 50.000000 50.000000 50.000000 50.000000 50.000000 50.000000 50.000000 50.000000 50.000000 50.000000 50.000000 50.000000 50.000000 50.000000 50.000000 50.000000 50.000000 50.000000 50.000000 50.000000 50.000000 
50.000000 44.718826 40.308021 37.211404 35.364494 34.417083 33.993898 33.827388 33.769071 33.750722 33.745492 33.744133 33.743809 33.743737 33.743723 33.743720 33.743719 33.743719 33.743719 33.743719 33.743719 33.743719 33.743719 33.743719 33.743719 33.743719 33.743719 33.743719 33.743719 33.743719 33.743719 33.743719 33.743719 33.743719 33.743719 33.743719 33.743718 33.743714 33.743691 33.743583 33.743096 33.741063 33.733168 33.704675 33.608909 33.307559 32.409314 29.819470 22.359413 0.000000 
50.000000 40.308021 32.213779 26.531782 23.143364 21.405510 20.629409 20.324105 20.217203 20.183575 20.173995 20.171505 20.170910 20.170780 20.170753 20.170748 20.170747 20.170747 20.170747 20.170747 20.170747 20.170747 20.170747 20.170747 20.170747 20.170747 20.170747 20.170747 20.170747 20.170747 20.170747 20.170747 20.170747 20.170747 20.170747 20.170747 20.170745 20.170739 20.170707 20.170553 20.169870 20.167048 20.156265 20.118235 19.994746 19.626390 18.619201 16.106889 10.488551 0.000000 
50.000000 37.211404 26.531782 19.035903 14.566619 12.274930 11.251760 10.849378 10.708527 10.664235 10.651620 10.648342 10.647560 10.647388 10.647353 10.647347 10.647345 10.647345 10.647345 10.647345 10.647345 10.647345 10.647345 10.647345 10.647345 10.647345 10.647345 10.647345 10.647345 10.647345 10.647345 10.647345 10.647345 10.647345 10.647345 10.647345 10.647344 10.647338 10.647310 10.647176 10.646587 10.644186 10.635166 10.604092 10.506444 10.228440 9.517951 7.912581 4.802090 0.000000 
50.000000 35.364494 23.143364 14.566619 9.453796 6.832693 5.662738 5.202755 5.041788 4.991185 4.976777 4.973035 4.972143 4.971947 4.971907 4.971899 4.971898 4.971897 4.971897 4.971897 4.971897 4.971897 4.971897 4.971897 4.971897 4.971897 4.971897 4.971897 4.971897 4.971897 4.971897 4.971897 4.971897 4.971897 4.971897 4.971897 4.971897 4.971893 4.971874 4.971787 4.971408 4.969879 4.964226 4.945149 4.886840 4.726898 4.338179 3.516974 2.056935 0.000000 
50.000000 34.417083 21.405510 12.274930 6.832693 4.043176 2.798284 2.308940 2.137736 2.083927 2.068610 2.064633 2.063685 2.063477 2.063434 2.063426 2.063425 2.063424 2.063424 2.063424 2.063424 2.063424 2.063424 2.063424 2.063424 2.063424 2.063424 2.063424 2.063424 2.063424 2.063424 2.063424 2.063424 2.063424 2.063424 2.063424 2.063424 2.063422 2.063412 2.063367 2.063169 2.062384 2.059517 2.050008 2.021588 1.945853 1.768486 1.410764 0.808174 0.000000 
50.000000 33.993898 20.629409 11.251760 5.662738 2.798284 1.520101 1.017736 0.842001 0.786776 0.771059 0.766978 0.766006 0.765792 0.765748 0.765740 0.765739 0.765738 0.765738 0.765738 0.765738 0.765738 0.765738 0.765738 0.765738 0.765738 0.765738 0.765738 0.765738 0.765738 0.765738 0.765738 0.765738 0.765738 0.765738 0.765738 0.765738 0.765737 0.765733 0.765713 0.765627 0.765287 0.764061 0.760051 0.748276 0.717589 0.647668 0.511175 0.289223 0.000000 
50.000000 33.827388 20.324105 10.849378 5.202755 2.308940 1.017736 0.510288 0.332788 0.277013 0.261140 0.257020 0.256038 0.255822 0.255778 0.255769 0.255768 0.255768 0.255768 0.255768 0.255768 0.255768 0.255768 0.255768 0.255768 0.255768 0.255768 0.255768 0.255768 0.255768 0.255768 0.255768 0.255768 0.255768 0.255768 0.255768 0.255767 0.255767 0.255765 0.255758 0.255726 0.255598 0.255144 0.253675 0.249423 0.238529 0.214212 0.167840 0.094220 0.000000 
50.000000 33.769071 20.217203 10.708527 5.041788 2.137736 0.842001 0.332788 0.154676 0.098711 0.082785 0.078650 0.077665 0.077448 0.077404 0.077396 0.077394 0.077394 0.077394 0.077394 0.077394 0.077394 0.077394 0.077394 0.077394 0.077394 0.077394 0.077394 0.077394 0.077394 0.077394 0.077394 0.077394 0.077394 0.077394 0.077394 0.077394 0.077394 0.077393 0.077391 0.077380 0.077338 0.077190 0.076714 0.075352 0.071909 0.064341 0.050155 0.028008 0.000000 
50.000000 33.750722 20.183575 10.664235 4.991185 2.083927 0.786776 0.277013 0.098711 0.042687 0.026743 0.022605 0.021619 0.021402 0.021358 0.021349 0.021348 0.021347 0.021347 0.021347 0.021347 0.021347 0.021347 0.021347 0.021347 0.021347 0.021347 0.021347 0.021347 0.021347 0.021347 0.021347 0.021347 0.021347 0.021347 0.021347 0.021347 0.021347 0.021347 0.021346 0.021343 0.021331 0.021288 0.021150 0.020758 0.019777 0.017647 0.013706 0.007626 0.000000 
50.000000 33.745492 20.173995 10.651620 4.976777 2.068610 0.771059 0.261140 0.082785 0.026743 0.010796 0.006656 0.005670 0.005453 0.005408 0.005400 0.005398 0.005398 0.005398 0.005398 0.005398 0.005398 0.005398 0.005398 0.005398 0.005398 0.005398 0.005398 0.005398 0.005398 0.005398 0.005398 0.005398 0.005398 0.005398 0.005398 0.005398 0.005398 0.005398 0.005398 0.005397 0.005394 0.005382 0.005346 0.005244 0.004990 0.004443 0.003441 0.001910 0.000000 
50.000000 33.744133 20.171505 10.648342 4.973035 2.064633 0.766978 0.257020 0.078650 0.022605 0.006656 0.002516 0.001529 0.001312 0.001268 0.001260 0.001258 0.001258 0.001258 0.001258 0.001258 0.001258 0.001258 0.001258 0.001258 0.001258 0.001258 0.001258 0.001258 0.001258 0.001258 0.001258 0.001258 0.001258 0.001258 0.001258 0.001258 0.001258 0.001258 0.001258 0.001258 0.001257 0.001254 0.001245 0.001221 0.001161 0.001032 0.000798 0.000442 0.000000 
50.000000 33.743809 20.170910 10.647560 4.972143 2.063685 0.766006 0.256038 0.077665 0.021619 0.005670 0.001529 0.000543 0.000326 0.000282 0.000273 0.000272 0.000272 0.000271 0.000271 0.000271 0.000271 0.000271 0.000271 0.000271 0.000271 0.000271 0.000271 0.000271 0.000271 0.000271 0.000271 0.000271 0.000271 0.000271 0.000271 0.000271 0.000271 0.000271 0.000271 0.000271 0.000271 0.000271 0.000269 0.000263 0.000250 0.000222 0.000171 0.000095 0.000000 
50.000000 33.743737 20.170780 10.647388 4.971947 2.063477 0.765792 0.255822 0.077448 0.021402 0.005453 0.001312 0.000326 0.000109 0.000065 0.000056 0.000055 0.000055 0.000054 0.000054 0.000054 0.000054 0.000054 0.000054 0.000054 0.000054 0.000054 0.000054 0.000054 0.000054 0.000054 0.000054 0.000054 0.000054 0.000054 0.000054 0.000054 0.000054 0.000054 0.000054 0.000054 0.000054 0.000054 0.000054 0.000053 0.000050 0.000044 0.000034 0.000019 0.000000 
50.000000 33.743723 20.170753 10.647353 4.971907 2.063434 0.765748 0.255778 0.077404 0.021358 0.005408 0.001268 0.000282 0.000065 0.000020 0.000012 0.000011 0.000010 0.000010 0.000010 0.000010 0.000010 0.000010 0.000010 0.000010 0.000010 0.000010 0.000010 0.000010 0.000010 0.000010 0.000010 0.000010 0.000010 0.000010 0.000010 0.000010 0.000010 0.000010 0.000010 0.000010 0.000010 0.000010 0.000010 0.000010 0.000009 0.000008 0.000006 0.000004 0.000000 
50.000000 33.743720 20.170748 10.647347 4.971899 2.063426 0.765740 0.255769 0.077396 0.021349 0.005400 0.001260 0.000273 0.000056 0.000012 0.000004 0.000002 0.000002 0.000002 0.000002 0.000002 0.000002 0.000002 0.000002 0.000002 0.000002 0.000002 0.000002 0.000002 0.000002 0.000002 0.000002 0.000002 0.000002 0.000002 0.000002 0.000002 0.000002 0.000002 0.000002 0.000002 0.000002 0.000002 0.000002 0.000002 0.000002 0.000001 0.000001 0.000001 0.000000 
50.000000 33.743719 20.170747 10.647345 4.971898 2.063425 0.765739 0.255768 0.077394 0.021348 0.005398 0.001258 0.000272 0.000055 0.000011 0.000002 0.000001 0.000000 0.000000 0.000000 0.000000 0.000000 0.000000 0.000000 0.000000 0.000000 0.000000 0.000000 0.000000 0.000000 0.000000 0.000000 0.000000 0.000000 0.000000 0.000000 0.000000 0.000000 0.000000 0.000000 0.000000 0.000000 0.000000 0.000000 0.000000 0.000000 0.000000 0.000000 0.000000 0.000000 
50.000000 33.743719 20.170747 10.647345 4.971897 2.063424 0.765738 0.255768 0.077394 0.021347 0.005398 0.001258 0.000272 0.000055 0.000010 0.000002 0.000000 0.000000 0.000000 0.000000 0.000000 0.000000 0.000000 0.000000 0.000000 0.000000 0.000000 0.000000 0.000000 0.000000 0.000000 0.000000 0.000000 0.000000 0.000000 0.000000 0.000000 0.000000 0.000000 0.000000 0.000000 0.000000 0.000000 0.000000 0.000000 0.000000 0.000000 0.000000 0.000000 0.000000 
50.000000 33.743719 20.170747 10.647345 4.971897 2.063424 0.765738 0.255768 0.077394 0.021347 0.005398 0.001258 0.000271 0.000054 0.000010 0.000002 0.000000 0.000000 0.000000 0.000000 0.000000 0.000000 0.000000 0.000000 0.000000 0.000000 0.000000 0.000000 0.000000 0.000000 0.000000 0.000000 0.000000 0.000000 0.000000 0.000000 0.000000 0.000000 0.000000 0.000000 0.000000 0.000000 0.000000 0.000000 0.000000 0.000000 0.000000 0.000000 0.000000 0.000000 
50.000000 33.743719 20.170747 10.647345 4.971897 2.063424 0.765738 0.255768 0.077394 0.021347 0.005398 0.001258 0.000271 0.000054 0.000010 0.000002 0.000000 0.000000 0.000000 0.000000 0.000000 0.000000 0.000000 0.000000 0.000000 0.000000 0.000000 0.000000 0.000000 0.000000 0.000000 0.000000 0.000000 0.000000 0.000000 0.000000 0.000000 0.000000 0.000000 0.000000 0.000000 0.000000 0.000000 0.000000 0.000000 0.000000 0.000000 0.000000 0.000000 0.000000 
50.000000 33.743719 20.170747 10.647345 4.971897 2.063424 0.765738 0.255768 0.077394 0.021347 0.005398 0.001258 0.000271 0.000054 0.000010 0.000002 0.000000 0.000000 0.000000 0.000000 0.000000 0.000000 0.000000 0.000000 0.000000 0.000000 0.000000 0.000000 0.000000 0.000000 0.000000 0.000000 0.000000 0.000000 0.000000 0.000000 0.000000 0.000000 0.000000 0.000000 0.000000 0.000000 0.000000 0.000000 0.000000 0.000000 0.000000 0.000000 0.000000 0.000000 
50.000000 33.743719 20.170747 10.647345 4.971897 2.063424 0.765738 0.255768 0.077394 0.021347 0.005398 0.001258 0.000271 0.000054 0.000010 0.000002 0.000000 0.000000 0.000000 0.000000 0.000000 0.000000 0.000000 0.000000 0.000000 0.000000 0.000000 0.000000 0.000000 0.000000 0.000000 0.000000 0.000000 0.000000 0.000000 0.000000 0.000000 0.000000 0.000000 0.000000 0.000000 0.000000 0.000000 0.000000 0.000000 0.000000 0.000000 0.000000 0.000000 0.000000 
50.000000 33.743719 20.170747 10.647345 4.971897 2.063424 0.765738 0.255768 0.077394 0.021347 0.005398 0.001258 0.000271 0.000054 0.000010 0.000002 0.000000 0.000000 0.000000 0.000000 0.000000 0.000000 0.000000 0.000000 0.000000 0.000000 0.000000 0.000000 0.000000 0.000000 0.000000 0.000000 0.000000 0.000000 0.000000 0.000000 0.000000 0.000000 0.000000 0.000000 0.000000 0.000000 0.000000 0.000000 0.000000 0.000000 0.000000 0.000000 0.000000 0.000000 
50.000000 33.743719 20.170747 10.647345 4.971897 2.063424 0.765738 0.255768 0.077394 0.021347 0.005398 0.001258 0.000271 0.000054 0.000010 0.000002 0.000000 0.000000 0.000000 0.000000 0.000000 0.000000 0.000000 0.000000 0.000000 0.000000 0.000000 0.000000 0.000000 0.000000 0.000000 0.000000 0.000000 0.000000 0.000000 0.000000 0.000000 0.000000 0.000000 0.000000 0.000000 0.000000 0.000000 0.000000 0.000000 0.000000 0.000000 0.000000 0.000000 0.000000 
50.000000 33.743719 20.170747 10.647345 4.971897 2.063424 0.765738 0.255768 0.077394 0.021347 0.005398 0.001258 0.000271 0.000054 0.000010 0.000002 0.000000 0.000000 0.000000 0.000000 0.000000 0.000000 0.000000 0.000000 0.000000 0.000000 0.000000 0.000000 0.000000 0.000000 0.000000 0.000000 0.000000 0.000000 0.000000 0.000000 0.000000 0.000000 0.000000 0.000000 0.000000 0.000000 0.000000 0.000000 0.000000 0.000000 0.000000 0.000000 0.000000 0.000000 
50.000000 33.743719 20.170747 10.647345 4.971897 2.063424 0.765738 0.255768 0.077394 0.021347 0.005398 0.001258 0.000271 0.000054 0.000010 0.000002 0.000000 0.000000 0.000000 0.000000 0.000000 0.000000 0.000000 0.000000 0.000000 0.000000 0.000000 0.000000 0.000000 0.000000 0.000000 0.000000 0.000000 0.000000 0.000000 0.000000 0.000000 0.000000 0.000000 0.000000 0.000000 0.000000 0.000000 0.000000 0.000000 0.000000 0.000000 0.000000 0.000000 0.000000 
50.000000 33.743719 20.170747 10.647345 4.971897 2.063424 0.765738 0.255768 0.077394 0.021347 0.005398 0.001258 0.000271 0.000054 0.000010 0.000002 0.000000 0.000000 0.000000 0.000000 0.000000 0.000000 0.000000 0.000000 0.000000 0.000000 0.000000 0.000000 0.000000 0.000000 0.000000 0.000000 0.000000 0.000000 0.000000 0.000000 0.000000 0.000000 0.000000 0.000000 0.000000 0.000000 0.000000 0.000000 0.000000 0.000000 0.000000 0.000000 0.000000 0.000000 
50.000000 33.743719 20.170747 10.647345 4.971897 2.063424 0.765738 0.255768 0.077394 0.021347 0.005398 0.001258 0.000271 0.000054 0.000010 0.000002 0.000000 0.000000 0.000000 0.000000 0.000000 0.000000 0.000000 0.000000 0.000000 0.000000 0.000000 0.000000 0.000000 0.000000 0.000000 0.000000 0.000000 0.000000 0.000000 0.000000 0.000000 0.000000 0.000000 0.000000 0.000000 0.000000 0.000000 0.000000 0.000000 0.000000 0.000000 0.000000 0.000000 0.000000 
50.000000 33.743719 20.170747 10.647345 4.971897 2.063424 0.765738 0.255768 0.077394 0.021347 0.005398 0.001258 0.000271 0.000054 0.000010 0.000002 0.000000 0.000000 0.000000 0.000000 0.000000 0.000000 0.000000 0.000000 0.000000 0.000000 0.000000 0.000000 0.000000 0.000000 0.000000 0.000000 0.000000 0.000000 0.000000 0.000000 0.000000 0.000000 0.000000 0.000000 0.000000 0.000000 0.000000 0.000000 0.000000 0.000000 0.000000 0.000000 0.000000 0.000000 
50.000000 33.743719 20.170747 10.647345 4.971897 2.063424 0.765738 0.255768 0.077394 0.021347 0.005398 0.001258 0.000271 0.000054 0.000010 0.000002 0.000000 0.000000 0.000000 0.000000 0.000000 0.000000 0.000000 0.000000 0.000000 0.000000 0.000000 0.000000 0.000000 0.000000 0.000000 0.000000 0.000000 0.000000 0.000000 0.000000 0.000000 0.000000 0.000000 0.000000 0.000000 0.000000 0.000000 0.000000 0.000000 0.000000 0.000000 0.000000 0.000000 0.000000 
50.000000 33.743719 20.170747 10.647345 4.971897 2.063424 0.765738 0.255768 0.077394 0.021347 0.005398 0.001258 0.000271 0.000054 0.000010 0.000002 0.000000 0.000000 0.000000 0.000000 0.000000 0.000000 0.000000 0.000000 0.000000 0.000000 0.000000 0.000000 0.000000 0.000000 0.000000 0.000000 0.000000 0.000000 0.000000 0.000000 0.000000 0.000000 0.000000 0.000000 0.000000 0.000000 0.000000 0.000000 0.000000 0.000000 0.000000 0.000000 0.000000 0.000000 
50.000000 33.743719 20.170747 10.647345 4.971897 2.063424 0.765738 0.255768 0.077394 0.021347 0.005398 0.001258 0.000271 0.000054 0.000010 0.000002 0.000000 0.000000 0.000000 0.000000 0.000000 0.000000 0.000000 0.000000 0.000000 0.000000 0.000000 0.000000 0.000000 0.000000 0.000000 0.000000 0.000000 0.000000 0.000000 0.000000 0.000000 0.000000 0.000000 0.000000 0.000000 0.000000 0.000000 0.000000 0.000000 0.000000 0.000000 0.000000 0.000000 0.000000 
50.000000 33.743719 20.170747 10.647345 4.971897 2.063424 0.765738 0.255768 0.077394 0.021347 0.005398 0.001258 0.000272 0.000055 0.000010 0.000002 0.000000 0.000000 0.000000 0.000000 0.000000 0.000000 0.000000 0.000000 0.000000 0.000000 0.000000 0.000000 0.000000 0.000000 0.000000 0.000000 0.000000 0.000000 0.000000 0.000000 0.000000 0.000000 0.000000 0.000000 0.000000 0.000000 0.000000 0.000000 0.000000 0.000000 0.000000 0.000000 0.000000 0.000000 
50.000000 33.743719 20.170747 10.647345 4.971898 2.063425 0.765739 0.255768 0.077394 0.021348 0.005398 0.001258 0.000272 0.000055 0.000011 0.000002 0.000001 0.000000 0.000000 0.000000 0.000000 0.000000 0.000000 0.000000 0.000000 0.000000 0.000000 0.000000 0.000000 0.000000 0.000000 0.000000 0.000000 0.000000 0.000000 0.000000 0.000000 0.000000 0.000000 0.000000 0.000000 0.000000 0.000000 0.000000 0.000000 0.000000 0.000000 0.000000 0.000000 0.000000 
50.000000 33.743720 20.170748 10.647347 4.971899 2.063426 0.765740 0.255769 0.077396 0.021349 0.005400 0.001260 0.000273 0.000056 0.000012 0.000004 0.000002 0.000002 0.000002 0.000002 0.000002 0.000002 0.000002 0.000002 0.000002 0.000002 0.000002 0.000002 0.000002 0.000002 0.000002 0.000002 0.000002 0.000002 0.000002 0.000002 0.000002 0.000002 0.000002 0.000002 0.000002 0.000002 0.000002 0.000002 0.000002 0.000002 0.000001 0.000001 0.000001 0.000000 
50.000000 33.743723 20.170753 10.647353 4.971907 2.063434 0.765748 0.255778 0.077404 0.021358 0.005408 0.001268 0.000282 0.000065 0.000020 0.000012 0.000011 0.000010 0.000010 0.000010 0.000010 0.000010 0.000010 0.000010 0.000010 0.000010 0.000010 0.000010 0.000010 0.000010 0.000010 0.000010 0.000010 0.000010 0.000010 0.000010 0.000010 0.000010 0.000010 0.000010 0.000010 0.000010 0.000010 0.000010 0.000010 0.000009 0.000008 0.000006 0.000004 0.000000 
50.000000 33.743737 20.170780 10.647388 4.971947 2.063477 0.765792 0.255822 0.077448 0.021402 0.005453 0.001312 0.000326 0.000109 0.000065 0.000056 0.000055 0.000055 0.000054 0.000054 0.000054 0.000054 0.000054 0.000054 0.000054 0.000054 0.000054 0.000054 0.000054 0.000054 0.000054 0.000054 0.000054 0.000054 0.000054 0.000054 0.000054 0.000054 0.000054 0.000054 0.000054 0.000054 0.000054 0.000054 0.000053 0.000050 0.000044 0.000034 0.000019 0.000000 
50.000000 33.743809 20.170910 10.647560 4.972143 2.063685 0.766006 0.256038 0.077665 0.021619 0.005670 0.001529 0.000543 0.000326 0.000282 0.000273 0.000272 0.000272 0.000271 0.000271 0.000271 0.000271 0.000271 0.000271 0.000271 0.000271 0.000271 0.000271 0.000271 0.000271 0.000271 0.000271 0.000271 0.000271 0.000271 0.000271 0.000271 0.000271 0.000271 0.000271 0.000271 0.000271 0.000271 0.000269 0.000263 0.000250 0.000222 0.000171 0.000095 0.000000 
50.000000 33.744133 20.171505 10.648342 4.973035 2.064633 0.766978 0.257020 0.078650 0.022605 0.006656 0.002516 0.001529 0.001312 0.001268 0.001260 0.001258 0.001258 0.001258 0.001258 0.001258 0.001258 0.001258 0.001258 0.001258 0.001258 0.001258 0.001258 0.001258 0.001258 0.001258 0.001258 0.001258 0.001258 0.001258 0.001258 0.001258 0.001258 0.001258 0.001258 0.001258 0.001257 0.001254 0.001245 0.001221 0.001161 0.001032 0.000798 0.000442 0.000000 
50.000000 33.745492 20.173995 10.651620 4.976777 2.068610 0.771059 0.261140 0.082785 0.026743 0.010796 0.006656 0.005670 0.005453 0.005408 0.005400 0.005398 0.005398 0.005398 0.005398 0.005398 0.005398 0.005398 0.005398 0.005398 0.005398 0.005398 0.005398 0.005398 0.005398 0.005398 0.005398 0.005398 0.005398 0.005398 0.005398 0.005398 0.005398 0.005398 0.005398 0.005397 0.005394 0.005382 0.005346 0.005244 0.004990 0.004443 0.003441 0.001910 0.000000 
50.000000 33.750722 20.183575 10.664235 4.991185 2.083927 0.786776 0.277013 0.098711 0.042687 0.026743 0.022605 0.021619 0.021402 0.021358 0.021349 0.021348 0.021347 0.021347 0.021347 0.021347 0.021347 0.021347 0.021347 0.021347 0.021347 0.021347 0.021347 0.021347 0.021347 0.021347 0.021347 0.021347 0.021347 0.021347 0.021347 0.021347 0.021347 0.021347 0.021346 0.021343 0.021331 0.021288 0.021150 0.020758 0.019777 0.017647 0.013706 0.007626 0.000000 
50.000000 33.769071 20.217203 10.708527 5.041788 2.137736 0.842001 0.332788 0.154676 0.098711 0.082785 0.078650 0.077665 0.077448 0.077404 0.077396 0.077394 0.077394 0.077394 0.077394 0.077394 0.077394 0.077394 0.077394 0.077394 0.077394 0.077394 0.077394 0.077394 0.077394 0.077394 0.077394 0.077394 0.077394 0.077394 0.077394 0.077394 0.077394 0.077393 0.077391 0.077380 0.077338 0.077190 0.076714 0.075352 0.071909 0.064341 0.050155 0.028008 0.000000 
50.000000 33.827388 20.324105 10.849378 5.202755 2.308940 1.017736 0.510288 0.332788 0.277013 0.261140 0.257020 0.256038 0.255822 0.255778 0.255769 0.255768 0.255768 0.255768 0.255768 0.255768 0.255768 0.255768 0.255768 0.255768 0.255768 0.255768 0.255768 0.255768 0.255768 0.255768 0.255768 0.255768 0.255768 0.255768 0.255768 0.255767 0.255767 0.255765 0.255758 0.255726 0.255598 0.255144 0.253675 0.249423 0.238529 0.214212 0.167840 0.094220 0.000000 
50.000000 33.993898 20.629409 11.251760 5.662738 2.798284 1.520101 1.017736 0.842001 0.786776 0.771059 0.766978 0.766006 0.765792 0.765748 0.765740 0.765739 0.765738 0.765738 0.765738 0.765738 0.765738 0.765738 0.765738 0.765738 0.765738 0.765738 0.765738 0.765738 0.765738 0.765738 0.765738 0.765738 0.765738 0.765738 0.765738 0.765738 0.765737 0.765733 0.765713 0.765627 0.765287 0.764061 0.760051 0.748276 0.717589 0.647668 0.511175 0.289223 0.000000 
50.000000 34.417083 21.405510 12.274930 6.832693 4.043176 2.798284 2.308940 2.137736 2.083927 2.068610 2.064633 2.063685 2.063477 2.063434 2.063426 2.063425 2.063424 2.063424 2.063424 2.063424 2.063424 2.063424 2.063424 2.063424 2.063424 2.063424 2.063424 2.063424 2.063424 2.063424 2.063424 2.063424 2.063424 2.063424 2.063424 2.063424 2.063422 2.063412 2.063367 2.063169 2.062384 2.059517 2.050008 2.021588 1.945853 1.768486 1.410764 0.808174 0.000000 
50.000000 35.364494 23.143364 14.566619 9.453796 6.832693 5.662738 5.202755 5.041788 4.991185 4.976777 4.973035 4.972143 4.971947 4.971907 4.971899 4.971898 4.971897 4.971897 4.971897 4.971897 4.971897 4.971897 4.971897 4.971897 4.971897 4.971897 4.971897 4.971897 4.971897 4.971897 4.971897 4.971897 4.971897 4.971897 4.971897 4.971897 4.971893 4.971874 4.971787 4.971408 4.969879 4.964226 4.945149 4.886840 4.726898 4.338179 3.516974 2.056935 0.000000 
50.000000 37.211404 26.531782 19.035903 14.566619 12.274930 11.251760 10.849378 10.708527 10.664235 10.651620 10.648342 10.647560 10.647388 10.647353 10.647347 10.647345 10.647345 10.647345 10.647345 10.647345 10.647345 10.647345 10.647345 10.647345 10.647345 10.647345 10.647345 10.647345 10.647345 10.647345 10.647345 10.647345 10.647345 10.647345 10.647345 10.647344 10.647338 10.647310 10.647176 10.646587 10.644186 10.635166 10.604092 10.506444 10.228440 9.517951 7.912581 4.802090 0.000000 
50.000000 40.308021 32.213779 26.531782 23.143364 21.405510 20.629409 20.324105 20.217203 20.183575 20.173995 20.171505 20.170910 20.170780 20.170753 20.170748 20.170747 20.170747 20.170747 20.170747 20.170747 20.170747 20.170747 20.170747 20.170747 20.170747 20.170747 20.170747 20.170747 20.170747 20.170747 20.170747 20.170747 20.170747 20.170747 20.170747 20.170745 20.170739 20.170707 20.170553 20.169870 20.167048 20.156265 20.118235 19.994746 19.626390 18.619201 16.106889 10.488551 0.000000 
50.000000 44.718826 40.308021 37.211404 35.364494 34.417083 33.993898 33.827388 33.769071 33.750722 33.745492 33.744133 33.743809 33.743737 33.743723 33.743720 33.743719 33.743719 33.743719 33.743719 33.743719 33.743719 33.743719 33.743719 33.743719 33.743719 33.743719 33.743719 33.743719 33.743719 33.743719 33.743719 33.743719 33.743719 33.743719 33.743719 33.743718 33.743714 33.743691 33.743583 33.743096 33.741063 33.733168 33.704675 33.608909 33.307559 32.409314 29.819470 22.359413 0.000000 
50.000000 50.000000 50.000000 50.000000 50.000000 50.000000 50.000000 50.000000 50.000000 50.000000 50.000000 50.000000 50.000000 50.000000 50.000000 50.000000 50.000000 50.000000 50.000000 50.000000 50.000000 50.000000 50.000000 50.000000 50.000000 50.000000 50.000000 50.000000 50.000000 50.000000 50.000000 50.000000 50.000000 50.000000 50.000000 50.000000 50.000000 50.000000 50.000000 50.000000 50.000000 50.000000 50.000000 50.000000 50.000000 50.000000 50.000000 50.000000 50.000000 50.000000 
