50.000000 50.000000 50.000000 50.000000 50.000000 50.000000 50.000000 50.000000 50.000000 50.000000 50.000000 50.000000 50.000000 50.000000 50.000000 50.000000 50.000000 50.000000 50.000000 50.000000 50.000000 50.000000 50.000000 50.000000 50.000000 50.000000 50.000000 50.000000 50.000000 50.000000 50.000000 50.000000 50.000000 50.000000 50.000000 50.000000 50.000000 50.000000 50.000000 50.000000 50.000000 50.000000 50.000000 50.000000 50.000000 50.000000 50.000000 50.000000 50.000000 50.000000 
50.000000 48.561907 47.188714 45.936546 44.845948 43.938420 43.216631 42.667709 42.268329 41.990171 41.804603 41.685938 41.613152 41.570295 41.546053 41.532869 41.525971 41.522495 41.520807 41.520016 41.519659 41.519503 41.519437 41.519410 41.519399 41.519395 41.519393 41.519391 41.519387 41.519377 41.519353 41.519294 41.519156 41.518840 41.518136 41.516616 41.513427 41.506917 41.493982 41.468916 41.421439 41.333250 41.171814 40.878527 40.344197 39.352786 37.436850 33.460770 24.280954 0.000000 
50.000000 47.188714 44.504303 42.056483 39.924518 38.150435 36.739451 35.666402 34.885686 34.341941 33.979194 33.747232 33.604953 33.521179 33.473792 33.448023 33.434538 33.427744 33.424444 33.422899 33.422201 33.421896 33.421767 33.421714 33.421693 33.421685 33.421681 33.421677 33.421670 33.421652 33.421608 33.421500 33.421245 33.420663 33.419372 33.416589 33.410763 33.398909 33.375450 33.330231 33.245191 33.088774 32.806461 32.304287 31.419070 29.862717 27.117234 22.252152 13.727944 0.000000 
50.000000 45.936546 42.056483 38.518401 35.436871 32.872637 30.833236 29.282291 28.153885 27.367994 26.843711 26.508459 26.302827 26.181752 26.113268 26.076026 26.056539 26.046720 26.041952 26.039719 26.038710 26.038269 26.038083 26.038007 26.037977 26.037965 26.037959 26.037954 26.037945 26.037921 26.037863 26.037721 26.037388 26.036630 26.034950 26.031341 26.023816 26.008580 25.978610 25.921292 25.814602 25.621037 25.278166 24.684053 23.675266 21.995560 19.259200 14.939248 8.499696 0.000000 
50.000000 44.845948 39.924518 35.436871 31.528330 28.275940 25.689257 23.722131 22.290948 21.294199 20.629259 20.204073 19.943282 19.789735 19.702885 19.655656 19.630944 19.618493 19.612447 19.609615 19.608335 19.607777 19.607541 19.607444 19.607406 19.607391 19.607384 19.607378 19.607368 19.607341 19.607277 19.607120 19.606754 19.605921 19.604083 19.600151 19.591990 19.575567 19.543503 19.482759 19.371039 19.171470 18.825063 18.240731 17.283482 15.764165 13.441310 10.061801 5.493163 0.000000 
50.000000 43.938420 38.150435 32.872637 28.275940 24.450955 21.408909 19.095519 17.412437 16.240272 15.458327 14.958333 14.651666 14.471111 14.368988 14.313455 14.284399 14.269759 14.262651 14.259322 14.257818 14.257161 14.256883 14.256770 14.256725 14.256707 14.256700 14.256693 14.256683 14.256657 14.256593 14.256440 14.256081 14.255268 14.253480 14.249674 14.241821 14.226121 14.195724 14.138720 14.035195 13.853166 13.543434 13.033957 12.225477 10.992458 9.197371 6.731365 3.594223 0.000000 
50.000000 43.216631 36.739451 30.833236 25.689257 21.408909 18.004750 15.416019 13.532646 12.221014 11.346048 10.786587 10.443455 10.241436 10.127175 10.065044 10.032536 10.016158 10.008206 10.004482 10.002799 10.002064 10.001754 10.001627 10.001577 10.001557 10.001549 10.001543 10.001533 10.001510 10.001452 10.001315 10.000994 10.000270 9.998686 9.995330 9.988445 9.974780 9.948546 9.899855 9.812524 9.661284 9.408660 9.002375 8.374952 7.448526 6.149183 4.435165 2.338104 0.000000 
50.000000 42.667709 35.666402 29.282291 23.722131 19.095519 15.416019 12.617941 10.582294 9.164639 8.218967 7.614308 7.243463 7.025134 6.901653 6.834509 6.799380 6.781681 6.773088 6.769065 6.767246 6.766452 6.766117 6.765980 6.765925 6.765904 6.765896 6.765890 6.765881 6.765862 6.765814 6.765700 6.765435 6.764839 6.763541 6.760803 6.755223 6.744227 6.723294 6.684827 6.616647 6.500224 6.308970 6.007359 5.552086 4.897068 4.004125 2.859941 1.495896 0.000000 
50.000000 42.268329 34.885686 28.153885 22.290948 17.412437 13.532646 10.582294 8.435897 6.941139 5.944052 5.306531 4.915540 4.685356 4.555172 4.484386 4.447352 4.428695 4.419637 4.415395 4.413478 4.412641 4.412288 4.412143 4.412086 4.412064 4.412055 4.412050 4.412043 4.412028 4.411991 4.411902 4.411698 4.411240 4.410246 4.408163 4.403940 4.395678 4.380076 4.351676 4.301889 4.217948 4.082070 3.871362 3.559272 3.119479 2.532848 1.796912 0.935079 0.000000 
50.000000 41.990171 34.341941 27.367994 21.294199 16.240272 12.221014 9.164639 6.941139 5.392709 4.359835 3.699445 3.294436 3.056004 2.921158 2.847839 2.809481 2.790157 2.780775 2.776382 2.774396 2.773530 2.773164 2.773014 2.772955 2.772932 2.772923 2.772919 2.772913 2.772902 2.772875 2.772811 2.772663 2.772332 2.771617 2.770127 2.767124 2.761287 2.750349 2.730612 2.696354 2.639250 2.547992 2.408490 2.205077 1.923159 1.553392 1.096750 0.568732 0.000000 
50.000000 41.804603 33.979194 26.843711 20.629259 15.458327 11.346048 8.218967 5.944052 4.359835 3.303105 2.627471 2.213120 1.969191 1.831240 1.756233 1.716993 1.697225 1.687628 1.683134 1.681104 1.680217 1.679843 1.679690 1.679629 1.679606 1.679597 1.679593 1.679589 1.679581 1.679562 1.679518 1.679417 1.679191 1.678706 1.677699 1.675682 1.671785 1.664534 1.651552 1.629224 1.592376 1.534141 1.446193 1.319607 1.146500 0.922418 0.648963 0.335687 0.000000 
50.000000 41.685938 33.747232 26.508459 20.204073 14.958333 10.786587 7.614308 5.306531 3.699445 2.627471 1.942099 1.521780 1.274342 1.134407 1.058324 1.018521 0.998469 0.988735 0.984177 0.982117 0.981218 0.980838 0.980683 0.980622 0.980598 0.980590 0.980586 0.980583 0.980577 0.980565 0.980536 0.980471 0.980325 0.980013 0.979368 0.978082 0.975614 0.971049 0.962938 0.949096 0.926455 0.891015 0.838041 0.762609 0.660569 0.529849 0.371783 0.191957 0.000000 
50.000000 41.613152 33.604953 26.302827 19.943282 14.651666 10.443455 7.243463 4.915540 3.294436 2.213120 1.521780 1.097805 0.848217 0.707069 0.630325 0.590178 0.569953 0.560135 0.555538 0.553460 0.552553 0.552170 0.552014 0.551952 0.551928 0.551919 0.551916 0.551913 0.551910 0.551902 0.551885 0.551844 0.551755 0.551564 0.551171 0.550391 0.548903 0.546166 0.541335 0.533149 0.519862 0.499237 0.468675 0.425544 0.367716 0.294247 0.206044 0.106235 0.000000 
50.000000 41.570295 33.521179 26.181752 19.789735 14.471111 10.241436 7.025134 4.685356 3.056004 1.969191 1.274342 0.848217 0.597365 0.455503 0.378372 0.338022 0.317696 0.307828 0.303208 0.301120 0.300208 0.299824 0.299667 0.299605 0.299581 0.299572 0.299568 0.299566 0.299564 0.299560 0.299549 0.299525 0.299473 0.299362 0.299133 0.298683 0.297826 0.296259 0.293509 0.288880 0.281416 0.269911 0.252991 0.229290 0.197745 0.157936 0.110416 0.056868 0.000000 
50.000000 41.546053 33.473792 26.113268 19.702885 14.368988 10.127175 6.901653 4.555172 2.921158 1.831240 1.134407 0.707069 0.455503 0.313238 0.235888 0.195424 0.175040 0.165145 0.160511 0.158417 0.157503 0.157118 0.156960 0.156898 0.156874 0.156865 0.156862 0.156860 0.156859 0.156856 0.156850 0.156837 0.156808 0.156746 0.156619 0.156370 0.155898 0.155040 0.153541 0.151031 0.147010 0.140849 0.131846 0.119314 0.102734 0.081927 0.057203 0.029437 0.000000 
50.000000 41.532869 33.448023 26.076026 19.655656 14.313455 10.065044 6.834509 4.484386 2.847839 1.756233 1.058324 0.630325 0.378372 0.235888 0.158420 0.117894 0.097479 0.087568 0.082928 0.080831 0.079915 0.079529 0.079371 0.079309 0.079285 0.079276 0.079273 0.079272 0.079271 0.079269 0.079266 0.079259 0.079243 0.079210 0.079143 0.079011 0.078762 0.078311 0.077527 0.076221 0.074140 0.070968 0.066358 0.059975 0.051573 0.041076 0.028651 0.014733 0.000000 
50.000000 41.525971 33.434538 26.056539 19.630944 14.284399 10.032536 6.799380 4.447352 2.809481 1.716993 1.018521 0.590178 0.338022 0.195424 0.117894 0.077335 0.056904 0.046986 0.042342 0.040243 0.039327 0.038940 0.038782 0.038720 0.038696 0.038687 0.038684 0.038683 0.038682 0.038681 0.038679 0.038676 0.038668 0.038651 0.038616 0.038549 0.038423 0.038196 0.037802 0.037149 0.036112 0.034540 0.032266 0.029131 0.025023 0.019909 0.013875 0.007131 0.000000 
50.000000 41.522495 33.427744 26.046720 19.618493 14.269759 10.016158 6.781681 4.428695 2.790157 1.697225 0.998469 0.569953 0.317696 0.175040 0.097479 0.056904 0.036465 0.026542 0.021897 0.019797 0.018880 0.018494 0.018336 0.018273 0.018249 0.018241 0.018237 0.018236 0.018236 0.018235 0.018234 0.018233 0.018229 0.018220 0.018203 0.018171 0.018109 0.017999 0.017809 0.017494 0.016997 0.016246 0.015164 0.013679 0.011739 0.009332 0.006499 0.003339 0.000000 
50.000000 41.520807 33.424444 26.041952 19.612447 14.262651 10.008206 6.773088 4.419637 2.780775 1.687628 0.988735 0.560135 0.307828 0.165145 0.087568 0.046986 0.026543 0.016618 0.011971 0.009871 0.008955 0.008568 0.008410 0.008347 0.008323 0.008315 0.008311 0.008310 0.008310 0.008309 0.008309 0.008308 0.008306 0.008302 0.008294 0.008279 0.008250 0.008199 0.008110 0.007964 0.007734 0.007388 0.006891 0.006212 0.005326 0.004231 0.002945 0.001512 0.000000 
50.000000 41.520016 33.422899 26.039719 19.609615 14.259322 10.004482 6.769065 4.415395 2.776382 1.683135 0.984177 0.555538 0.303208 0.160511 0.082928 0.042342 0.021897 0.011971 0.007324 0.005224 0.004307 0.003920 0.003762 0.003700 0.003676 0.003667 0.003664 0.003663 0.003662 0.003662 0.003662 0.003662 0.003661 0.003659 0.003655 0.003648 0.003635 0.003612 0.003572 0.003507 0.003404 0.003250 0.003030 0.002729 0.002339 0.001857 0.001292 0.000663 0.000000 
50.000000 41.519659 33.422201 26.038710 19.608336 14.257818 10.002799 6.767246 4.413478 2.774397 1.681104 0.982117 0.553460 0.301120 0.158418 0.080831 0.040243 0.019797 0.009871 0.005224 0.003124 0.002207 0.001820 0.001662 0.001600 0.001576 0.001567 0.001564 0.001563 0.001562 0.001562 0.001562 0.001562 0.001561 0.001561 0.001559 0.001556 0.001550 0.001540 0.001523 0.001495 0.001450 0.001384 0.001290 0.001161 0.000994 0.000789 0.000549 0.000282 0.000000 
50.000000 41.519503 33.421896 26.038269 19.607777 14.257161 10.002065 6.766452 4.412641 2.773530 1.680217 0.981218 0.552553 0.300209 0.157504 0.079916 0.039327 0.018881 0.008955 0.004308 0.002207 0.001291 0.000904 0.000746 0.000683 0.000659 0.000650 0.000647 0.000646 0.000646 0.000646 0.000646 0.000645 0.000645 0.000645 0.000644 0.000643 0.000641 0.000636 0.000629 0.000617 0.000599 0.000571 0.000532 0.000479 0.000410 0.000325 0.000226 0.000116 0.000000 
50.000000 41.519437 33.421768 26.038084 19.607542 14.256884 10.001755 6.766118 4.412289 2.773165 1.679844 0.980840 0.552172 0.299825 0.157119 0.079531 0.038942 0.018495 0.008569 0.003922 0.001822 0.000905 0.000518 0.000360 0.000297 0.000273 0.000265 0.000261 0.000260 0.000260 0.000260 0.000260 0.000260 0.000260 0.000259 0.000259 0.000259 0.000258 0.000256 0.000253 0.000248 0.000241 0.000230 0.000214 0.000192 0.000164 0.000130 0.000091 0.000046 0.000000 
50.000000 41.519411 33.421716 26.038009 19.607447 14.256773 10.001631 6.765984 4.412148 2.773019 1.679695 0.980688 0.552019 0.299671 0.156965 0.079376 0.038787 0.018341 0.008415 0.003767 0.001667 0.000750 0.000363 0.000205 0.000143 0.000119 0.000110 0.000107 0.000106 0.000105 0.000105 0.000105 0.000105 0.000105 0.000105 0.000105 0.000105 0.000104 0.000103 0.000102 0.000100 0.000097 0.000093 0.000086 0.000078 0.000066 0.000053 0.000037 0.000019 0.000000 
50.000000 41.519401 33.421698 26.037984 19.607415 14.256735 10.001588 6.765938 4.412099 2.772968 1.679643 0.980636 0.551966 0.299618 0.156912 0.079323 0.038734 0.018287 0.008361 0.003714 0.001613 0.000696 0.000309 0.000151 0.000089 0.000065 0.000056 0.000053 0.000052 0.000052 0.000051 0.000051 0.000051 0.000051 0.000051 0.000051 0.000051 0.000051 0.000051 0.000050 0.000049 0.000048 0.000045 0.000042 0.000038 0.000032 0.000026 0.000018 0.000009 0.000000 
50.000000 41.519401 33.421698 26.037984 19.607415 14.256735 10.001588 6.765938 4.412099 2.772968 1.679643 0.980636 0.551966 0.299618 0.156912 0.079323 0.038734 0.018287 0.008361 0.003714 0.001613 0.000696 0.000309 0.000151 0.000089 0.000065 0.000056 0.000053 0.000052 0.000052 0.000051 0.000051 0.000051 0.000051 0.000051 0.000051 0.000051 0.000051 0.000051 0.000050 0.000049 0.000048 0.000045 0.000042 0.000038 0.000032 0.000026 0.000018 0.000009 0.000000 
50.000000 41.519411 33.421716 26.038009 19.607447 14.256773 10.001631 6.765984 4.412148 2.773019 1.679695 0.980688 0.552019 0.299671 0.156965 0.079376 0.038787 0.018341 0.008415 0.003767 0.001667 0.000750 0.000363 0.000205 0.000143 0.000119 0.000110 0.000107 0.000106 0.000105 0.000105 0.000105 0.000105 0.000105 0.000105 0.000105 0.000105 0.000104 0.000103 0.000102 0.000100 0.000097 0.000093 0.000086 0.000078 0.000066 0.000053 0.000037 0.000019 0.000000 
50.000000 41.519437 33.421768 26.038084 19.607542 14.256884 10.001755 6.766118 4.412289 2.773165 1.679844 0.980840 0.552172 0.299825 0.157119 0.079531 0.038942 0.018495 0.008569 0.003922 0.001822 0.000905 0.000518 0.000360 0.000297 0.000273 0.000265 0.000261 0.000260 0.000260 0.000260 0.000260 0.000260 0.000260 0.000259 0.000259 0.000259 0.000258 0.000256 0.000253 0.000248 0.000241 0.000230 0.000214 0.000192 0.000164 0.000130 0.000091 0.000046 0.000000 
50.000000 41.519503 33.421896 26.038269 19.607777 14.257161 10.002065 6.766452 4.412641 2.773530 1.680217 0.981218 0.552553 0.300209 0.157504 0.079916 0.039327 0.018881 0.008955 0.004308 0.002207 0.001291 0.000904 0.000746 0.000683 0.000659 0.000650 0.000647 0.000646 0.000646 0.000646 0.000646 0.000645 0.000645 0.000645 0.000644 0.000643 0.000641 0.000636 0.000629 0.000617 0.000599 0.000571 0.000532 0.000479 0.000410 0.000325 0.000226 0.000116 0.000000 
50.000000 41.519659 33.422201 26.038710 19.608336 14.257818 10.002799 6.767246 4.413478 2.774397 1.681104 0.982117 0.553460 0.301120 0.158418 0.080831 0.040243 0.019797 0.009871 0.005224 0.003124 0.002207 0.001820 0.001662 0.001600 0.001576 0.001567 0.001564 0.001563 0.001562 0.001562 0.001562 0.001562 0.001561 0.001561 0.001559 0.001556 0.001550 0.001540 0.001523 0.001495 0.001450 0.001384 0.001290 0.001161 0.000994 0.000789 0.000549 0.000282 0.000000 
50.000000 41.520016 33.422899 26.039719 19.609615 14.259322 10.004482 6.769065 4.415395 2.776382 1.683135 0.984177 0.555538 0.303208 0.160511 0.082928 0.042342 0.021897 0.011971 0.007324 0.005224 0.004307 0.003920 0.003762 0.003700 0.003676 0.003667 0.003664 0.003663 0.003662 0.003662 0.003662 0.003662 0.003661 0.003659 0.003655 0.003648 0.003635 0.003612 0.003572 0.003507 0.003404 0.003250 0.003030 0.002729 0.002339 0.001857 0.001292 0.000663 0.000000 
50.000000 41.520807 33.424444 26.041952 19.612447 14.262651 10.008206 6.773088 4.419637 2.780775 1.687628 0.988735 0.560135 0.307828 0.165145 0.087568 0.046986 0.026543 0.016618 0.011971 0.009871 0.008955 0.008568 0.008410 0.008347 0.008323 0.008315 0.008311 0.008310 0.008310 0.008309 0.008309 0.008308 0.008306 0.008302 0.008294 0.008279 0.008250 0.008199 0.008110 0.007964 0.007734 0.007388 0.006891 0.006212 0.005326 0.004231 0.002945 0.001512 0.000000 
50.000000 41.522495 33.427744 26.046720 19.618493 14.269759 10.016158 6.781681 4.428695 2.790157 1.697225 0.998469 0.569953 0.317696 0.175040 0.097479 0.056904 0.036465 0.026542 0.021897 0.019797 0.018880 0.018494 0.018336 0.018273 0.018249 0.018241 0.018237 0.018236 0.018236 0.018235 0.018234 0.018233 0.018229 0.018220 0.018203 0.018171 0.018109 0.017999 0.017809 0.017494 0.016997 0.016246 0.015164 0.013679 0.011739 0.009332 0.006499 0.003339 0.000000 
50.000000 41.525971 33.434538 26.056539 19.630944 14.284399 10.032536 6.799380 4.447352 2.809481 1.716993 1.018521 0.590178 0.338022 0.195424 0.117894 0.077335 0.056904 0.046986 0.042342 0.040243 0.039327 0.038940 0.038782 0.038720 0.038696 0.038687 0.038684 0.038683 0.038682 0.038681 0.038679 0.038676 0.038668 0.038651 0.038616 0.038549 0.038423 0.038196 0.037802 0.037149 0.036112 0.034540 0.032266 0.029131 0.025023 0.019909 0.013875 0.007131 0.000000 
50.000000 41.532869 33.448023 26.076026 19.655656 14.313455 10.065044 6.834509 4.484386 2.847839 1.756233 1.058324 0.630325 0.378372 0.235888 0.158420 0.117894 0.097479 0.087568 0.082928 0.080831 0.079915 0.079529 0.079371 0.079309 0.079285 0.079276 0.079273 0.079272 0.079271 0.079269 0.079266 0.079259 0.079243 0.079210 0.079143 0.079011 0.078762 0.078311 0.077527 0.076221 0.074140 0.070968 0.066358 0.059975 0.051573 0.041076 0.028651 0.014733 0.000000 
50.000000 41.546053 33.473792 26.113268 19.702885 14.368988 10.127175 6.901653 4.555172 2.921158 1.831240 1.134407 0.707069 0.455503 0.313238 0.235888 0.195424 0.175040 0.165145 0.160511 0.158417 0.157503 0.157118 0.156960 0.156898 0.156874 0.156865 0.156862 0.156860 0.156859 0.156856 0.156850 0.156837 0.156808 0.156746 0.156619 0.156370 0.155898 0.155040 0.153541 0.151031 0.147010 0.140849 0.131846 0.119314 0.102734 0.081927 0.057203 0.029437 0.000000 
50.000000 41.570295 33.521179 26.181752 19.789735 14.471111 10.241436 7.025134 4.685356 3.056004 1.969191 1.274342 0.848217 0.597365 0.455503 0.378372 0.338022 0.317696 0.307828 0.303208 0.301120 0.300208 0.299824 0.299667 0.299605 0.299581 0.299572 0.299568 0.299566 0.299564 0.299560 0.299549 0.299525 0.299473 0.299362 0.299133 0.298683 0.297826 0.296259 0.293509 0.288880 0.281416 0.269911 0.252991 0.229290 0.197745 0.157936 0.110416 0.056868 0.000000 
50.000000 41.613152 33.604953 26.302827 19.943282 14.651666 10.443455 7.243463 4.915540 3.294436 2.213120 1.521780 1.097805 0.848217 0.707069 0.630325 0.590178 0.569953 0.560135 0.555538 0.553460 0.552553 0.552170 0.552014 0.551952 0.551928 0.551919 0.551916 0.551913 0.551910 0.551902 0.551885 0.551844 0.551755 0.551564 0.551171 0.550391 0.548903 0.546166 0.541335 0.533149 0.519862 0.499237 0.468675 0.425544 0.367716 0.294247 0.206044 0.106235 0.000000 
50.000000 41.685938 33.747232 26.508459 20.204073 14.958333 10.786587 7.614308 5.306531 3.699445 2.627471 1.942099 1.521780 1.274342 1.134407 1.058324 1.018521 0.998469 0.988735 0.984177 0.982117 0.981218 0.980838 0.980683 0.980622 0.980598 0.980590 0.980586 0.980583 0.980577 0.980565 0.980536 0.980471 0.980325 0.980013 0.979368 0.978082 0.975614 0.971049 0.962938 0.949096 0.926455 0.891015 0.838041 0.762609 0.660569 0.529849 0.371783 0.191957 0.000000 
50.000000 41.804603 33.979194 26.843711 20.629259 15.458327 11.346048 8.218967 5.944052 4.359835 3.303105 2.627471 2.213120 1.969191 1.831240 1.756233 1.716993 1.697225 1.687628 1.683134 1.681104 1.680217 1.679843 1.679690 1.679629 1.679606 1.679597 1.679593 1.679589 1.679581 1.679562 1.679518 1.679417 1.679191 1.678706 1.677699 1.675682 1.671785 1.664534 1.651552 1.629224 1.592376 1.534141 1.446193 1.319607 1.146500 0.922418 0.648963 0.335687 0.000000 
50.000000 41.990171 34.341941 27.367994 21.294199 16.240272 12.221014 9.164639 6.941139 5.392709 4.359835 3.699445 3.294436 3.056004 2.921158 2.847839 2.809481 2.790157 2.780775 2.776382 2.774396 2.773530 2.773164 2.773014 2.772955 2.772932 2.772923 2.772919 2.772913 2.772902 2.772875 2.772811 2.772663 2.772332 2.771617 2.770127 2.767124 2.761287 2.750349 2.730612 2.696354 2.639250 2.547992 2.408490 2.205077 1.923159 1.553392 1.096750 0.568732 0.000000 
50.000000 42.268329 34.885686 28.153885 22.290948 17.412437 13.532646 10.582294 8.435897 6.941139 5.944052 5.306531 4.915540 4.685356 4.555172 4.484386 4.447352 4.428695 4.419637 4.415395 4.413478 4.412641 4.412288 4.412143 4.412086 4.412064 4.412055 4.412050 4.412043 4.412028 4.411991 4.411902 4.411698 4.411240 4.410246 4.408163 4.403940 4.395678 4.380076 4.351676 4.301889 4.217948 4.082070 3.871362 3.559272 3.119479 2.532848 1.796912 0.935079 0.000000 
50.000000 42.667709 35.666402 29.282291 23.722131 19.095519 15.416019 12.617941 10.582294 9.164639 8.218967 7.614308 7.243463 7.025134 6.901653 6.834509 6.799380 6.781681 6.773088 6.769065 6.767246 6.766452 6.766117 6.765980 6.765925 6.765904 6.765896 6.765890 6.765881 6.765862 6.765814 6.765700 6.765435 6.764839 6.763541 6.760803 6.755223 6.744227 6.723294 6.684827 6.616647 6.500224 6.308970 6.007359 5.552086 4.897068 4.004125 2.859941 1.495896 0.000000 
50.000000 43.216631 36.739451 30.833236 25.689257 21.408909 18.004750 15.416019 13.532646 12.221014 11.346048 10.786587 10.443455 10.241436 10.127175 10.065044 10.032536 10.016158 10.008206 10.004482 10.002799 10.002064 10.001754 10.001627 10.001577 10.001557 10.001549 10.001543 10.001533 10.001510 10.001452 10.001315 10.000994 10.000270 9.998686 9.995330 9.988445 9.974780 9.948546 9.899855 9.812524 9.661284 9.408660 9.002375 8.374952 7.448526 6.149183 4.435165 2.338104 0.000000 
50.000000 43.938420 38.150435 32.872637 28.275940 24.450955 21.408909 19.095519 17.412437 16.240272 15.458327 14.958333 14.651666 14.471111 14.368988 14.313455 14.284399 14.269759 14.262651 14.259322 14.257818 14.257161 14.256883 14.256770 14.256725 14.256707 14.256700 14.256693 14.256683 14.256657 14.256593 14.256440 14.256081 14.255268 14.253480 14.249674 14.241821 14.226121 14.195724 14.138720 14.035195 13.853166 13.543434 13.033957 12.225477 10.992458 9.197371 6.731365 3.594223 0.000000 
50.000000 44.845948 39.924518 35.436871 31.528330 28.275940 25.689257 23.722131 22.290948 21.294199 20.629259 20.204073 19.943282 19.789735 19.702885 19.655656 19.630944 19.618493 19.612447 19.609615 19.608335 19.607777 19.607541 19.607444 19.607406 19.607391 19.607384 19.607378 19.607368 19.607341 19.607277 19.607120 19.606754 19.605921 19.604083 19.600151 19.591990 19.575567 19.543503 19.482759 19.371039 19.171470 18.825063 18.240731 17.283482 15.764165 13.441310 10.061801 5.493163 0.000000 
50.000000 45.936546 42.056483 38.518401 35.436871 32.872637 30.833236 29.282291 28.153885 27.367994 26.843711 26.508459 26.302827 26.181752 26.113268 26.076026 26.056539 26.046720 26.041952 26.039719 26.038710 26.038269 26.038083 26.038007 26.037977 26.037965 26.037959 26.037954 26.037945 26.037921 26.037863 26.037721 26.037388 26.036630 26.034950 26.031341 26.023816 26.008580 25.978610 25.921292 25.814602 25.621037 25.278166 24.684053 23.675266 21.995560 19.259200 14.939248 8.499696 0.000000 
50.000000 47.188714 44.504303 42.056483 39.924518 38.150435 36.739451 35.666402 34.885686 34.341941 33.979194 33.747232 33.604953 33.521179 33.473792 33.448023 33.434538 33.427744 33.424444 33.422899 33.422201 33.421896 33.421767 33.421714 33.421693 33.421685 33.421681 33.421677 33.421670 33.421652 33.421608 33.421500 33.421245 33.420663 33.419372 33.416589 33.410763 33.398909 33.375450 33.330231 33.245191 33.088774 32.806461 32.304287 31.419070 29.862717 27.117234 22.252152 13.727944 0.000000 
50.000000 48.561907 47.188714 45.936546 44.845948 43.938420 43.216631 42.667709 42.268329 41.990171 41.804603 41.685938 41.613152 41.570295 41.546053 41.532869 41.525971 41.522495 41.520807 41.520016 41.519659 41.519503 41.519437 41.519410 41.519399 41.519395 41.519393 41.519391 41.519387 41.519377 41.519353 41.519294 41.519156 41.518840 41.518136 41.516616 41.513427 41.506917 41.493982 41.468916 41.421439 41.333250 41.171814 40.878527 40.344197 39.352786 37.436850 33.460770 24.280954 0.000000 
50.000000 50.000000 50.000000 50.000000 50.000000 50.000000 50.000000 50.000000 50.000000 50.000000 50.000000 50.000000 50.000000 50.000000 50.000000 50.000000 50.000000 50.000000 50.000000 50.000000 50.000000 50.000000 50.000000 50.000000 50.000000 50.000000 50.000000 50.000000 50.000000 50.000000 50.000000 50.000000 50.000000 50.000000 50.000000 50.000000 50.000000 50.000000 50.000000 50.000000 50.000000 50.000000 50.000000 50.000000 50.000000 50.000000 50.000000 50.000000 50.000000 50.000000 
