50.000000 50.000000 50.000000 50.000000 50.000000 50.000000 50.000000 50.000000 50.000000 50.000000 50.000000 50.000000 50.000000 50.000000 50.000000 50.000000 50.000000 50.000000 50.000000 50.000000 50.000000 50.000000 50.000000 50.000000 50.000000 50.000000 50.000000 50.000000 50.000000 50.000000 50.000000 50.000000 50.000000 50.000000 50.000000 50.000000 50.000000 50.000000 50.000000 50.000000 50.000000 50.000000 50.000000 50.000000 50.000000 50.000000 50.000000 50.000000 50.000000 50.000000 
50.000000 48.941544 47.918257 46.961805 46.097431 45.342056 44.703632 44.181694 43.768851 43.452832 43.218668 43.050659 42.933899 42.855277 42.803961 42.771485 42.751549 42.739672 42.732803 42.728945 42.726840 42.725723 42.725147 42.724857 42.724714 42.724643 42.724603 42.724570 42.724522 42.724432 42.724248 42.723880 42.723154 42.721752 42.719105 42.714209 42.705343 42.689593 42.662114 42.614932 42.534985 42.400804 42.176570 41.800676 41.161727 40.042820 37.977448 33.832973 24.470772 0.000000 
50.000000 47.918257 45.905684 44.024563 42.324538 40.838893 39.583265 38.556740 37.744779 37.123250 36.662711 36.332282 36.102648 35.948020 35.847097 35.783227 35.744017 35.720659 35.707151 35.699564 35.695423 35.693227 35.692094 35.691524 35.691243 35.691104 35.691026 35.690962 35.690872 35.690700 35.690356 35.689664 35.688300 35.685670 35.680713 35.671564 35.655035 35.625764 35.574896 35.488004 35.341790 35.098740 34.698150 34.040409 32.958192 31.161783 28.134952 22.952842 14.085284 0.000000 
50.000000 46.961805 44.024563 41.279171 38.798083 36.629874 34.797369 33.299228 32.114234 31.207166 30.535051 30.052823 29.717696 29.492035 29.344752 29.251542 29.194322 29.160235 29.140522 29.129450 29.123408 29.120203 29.118549 29.117718 29.117308 29.117106 29.116994 29.116904 29.116780 29.116547 29.116079 29.115142 29.113299 29.109754 29.103085 29.090819 29.068742 29.029832 28.962620 28.848695 28.658929 28.347743 27.844323 27.039088 25.762993 23.757605 20.639585 15.889611 8.984357 0.000000 
50.000000 46.097431 42.324538 38.798083 35.611135 32.826088 30.472258 28.547924 27.025831 25.860732 24.997430 24.378033 23.947584 23.657740 23.468567 23.348848 23.275356 23.231576 23.206258 23.192037 23.184277 23.180161 23.178037 23.176969 23.176444 23.176185 23.176044 23.175935 23.175788 23.175517 23.174975 23.173892 23.171766 23.167689 23.160047 23.146046 23.120970 23.077041 23.001726 22.875266 22.667139 22.331119 21.798521 20.969412 19.702318 17.805568 15.040478 11.162755 6.054611 0.000000 
50.000000 45.342056 40.838893 36.629874 32.826088 29.502002 26.692609 24.395850 22.579191 21.188625 20.158267 19.419018 18.905285 18.559363 18.333593 18.190716 18.103008 18.050760 18.020545 18.003575 17.994315 17.989402 17.986868 17.985594 17.984968 17.984661 17.984497 17.984375 17.984217 17.983932 17.983365 17.982236 17.980029 17.975808 17.967927 17.953559 17.927970 17.883449 17.807754 17.681961 17.477568 17.152837 16.648461 15.883183 14.751001 13.123770 10.866881 7.880701 4.180329 0.000000 
50.000000 44.703632 39.583265 34.797369 30.472258 26.692609 23.498208 20.886710 18.821118 17.240018 16.068493 15.227970 14.643862 14.250559 13.993869 13.831426 13.731709 13.672308 13.637957 13.618664 13.608136 13.602552 13.599671 13.598223 13.597512 13.597165 13.596983 13.596854 13.596697 13.596419 13.595872 13.594785 13.592668 13.588635 13.581139 13.567542 13.543475 13.501906 13.431848 13.316643 13.131837 12.842768 12.402235 11.749104 10.809427 9.502846 7.758281 5.542857 2.902956 0.000000 
50.000000 44.181694 38.556740 33.299228 28.547924 24.395850 20.886710 18.017924 15.748844 14.012000 12.725088 11.801789 11.160165 10.728140 10.446180 10.267749 10.158218 10.092973 10.055243 10.034052 10.022489 10.016356 10.013192 10.011602 10.010823 10.010443 10.010248 10.010118 10.009970 10.009715 10.009220 10.008241 10.006340 10.002735 9.996065 9.984032 9.962866 9.926579 9.865956 9.767294 9.610960 9.369961 9.008962 8.484475 7.747390 6.749403 5.454905 3.858590 2.005124 0.000000 
50.000000 43.768851 37.744779 32.114234 27.025831 22.579191 18.821118 15.748844 13.318833 11.458822 10.080662 9.091907 8.404804 7.942162 7.640225 7.449153 7.331865 7.262000 7.221599 7.198909 7.186528 7.179961 7.176573 7.174872 7.174038 7.173634 7.173430 7.173302 7.173167 7.172947 7.172523 7.171690 7.170079 7.167037 7.161436 7.151386 7.133820 7.103924 7.054401 6.974597 6.849586 6.659417 6.378883 5.978350 5.426354 4.694712 3.766492 2.646039 1.368046 0.000000 
50.000000 43.452832 37.123250 31.207166 25.860732 21.188625 17.240018 14.012000 11.458822 9.504550 8.056561 7.017718 6.295816 5.809747 5.492526 5.291784 5.168562 5.095164 5.052720 5.028883 5.015876 5.008977 5.005419 5.003632 5.002757 5.002335 5.002126 5.002002 5.001884 5.001701 5.001356 5.000682 4.999386 4.996949 4.992483 4.984512 4.970667 4.947269 4.908821 4.847432 4.752275 4.609236 4.401041 4.108181 3.711056 3.193593 2.548237 1.781460 0.917847 0.000000 
50.000000 43.218668 36.662711 30.535051 24.997430 20.158267 16.068493 12.725088 10.080662 8.056561 6.556846 5.480901 4.733225 4.229807 3.901266 3.693365 3.565749 3.489734 3.445778 3.421093 3.407623 3.400479 3.396794 3.394944 3.394038 3.393603 3.393391 3.393272 3.393171 3.393025 3.392756 3.392237 3.391242 3.389380 3.385983 3.379953 3.369541 3.352061 3.323554 3.278423 3.209128 3.106065 2.957794 2.751850 2.476306 2.122164 1.686356 1.174707 0.603736 0.000000 
50.000000 43.050659 36.332282 30.052823 24.378033 19.419018 15.227970 11.801789 9.091907 7.017718 5.480901 4.378348 3.612187 3.096328 2.759672 2.546636 2.415871 2.337981 2.292941 2.267647 2.253846 2.246526 2.242750 2.240855 2.239928 2.239484 2.239270 2.239157 2.239070 2.238957 2.238757 2.238373 2.237643 2.236281 2.233809 2.229442 2.221943 2.209433 2.189174 2.157347 2.108897 2.037506 1.935833 1.796122 1.611264 1.376306 1.090203 0.757386 0.388545 0.000000 
50.000000 42.933899 36.102648 29.717696 23.947584 18.905285 14.643862 11.160165 8.404805 6.295816 4.733225 3.612187 2.833187 2.308687 1.966395 1.749794 1.616842 1.537650 1.491858 1.466142 1.452110 1.444668 1.440829 1.438903 1.437961 1.437511 1.437297 1.437188 1.437114 1.437028 1.436884 1.436612 1.436098 1.435142 1.433415 1.430380 1.425194 1.416593 1.402754 1.381164 1.348547 1.300880 1.233586 1.141956 1.021836 0.870543 0.687864 0.476884 0.244306 0.000000 
50.000000 42.855277 35.948020 29.492035 23.657740 18.559363 14.250559 10.728140 7.942162 5.809747 4.229807 3.096328 2.308687 1.778373 1.432288 1.213290 1.078866 0.998799 0.952500 0.926500 0.912313 0.904789 0.900909 0.898961 0.898010 0.897556 0.897341 0.897236 0.897172 0.897108 0.897007 0.896822 0.896473 0.895828 0.894668 0.892638 0.889187 0.883494 0.874385 0.860266 0.839081 0.808342 0.765274 0.707084 0.631393 0.536770 0.423293 0.292985 0.149934 0.000000 
50.000000 42.803961 35.847097 29.344752 23.468567 18.333593 13.993869 10.446180 7.640225 5.492526 3.901266 2.759672 1.966395 1.432288 1.083729 0.863167 0.727784 0.647146 0.600518 0.574333 0.560045 0.552468 0.548559 0.546598 0.545640 0.545184 0.544970 0.544868 0.544811 0.544762 0.544694 0.544571 0.544343 0.543924 0.543173 0.541865 0.539650 0.536015 0.530230 0.521313 0.508014 0.488839 0.462149 0.426327 0.380034 0.322521 0.253933 0.175533 0.089752 0.000000 
50.000000 42.771485 35.783227 29.251542 23.348849 18.190716 13.831426 10.267749 7.449153 5.291784 3.693365 2.546637 1.749795 1.213290 0.863167 0.641616 0.505627 0.424628 0.377791 0.351489 0.337138 0.329526 0.325601 0.323631 0.322669 0.322211 0.321997 0.321897 0.321846 0.321808 0.321762 0.321684 0.321540 0.321277 0.320808 0.319994 0.318622 0.316379 0.312828 0.307381 0.299302 0.287717 0.271684 0.250287 0.222788 0.188802 0.148457 0.102514 0.052381 0.000000 
50.000000 42.751549 35.744017 29.194322 23.275356 18.103008 13.731709 10.158218 7.331865 5.168563 3.565750 2.415872 1.616843 1.078867 0.727785 0.505627 0.369266 0.288046 0.241082 0.214708 0.200317 0.192685 0.188749 0.186775 0.185810 0.185351 0.185137 0.185039 0.184991 0.184961 0.184930 0.184881 0.184793 0.184634 0.184350 0.183861 0.183039 0.181701 0.179591 0.176370 0.171614 0.164829 0.155484 0.143074 0.127200 0.107667 0.084569 0.058347 0.029796 0.000000 
50.000000 42.739672 35.720660 29.160236 23.231576 18.050761 13.672308 10.092974 7.262001 5.095164 3.489735 2.337982 1.537651 0.998799 0.647147 0.424628 0.288046 0.206694 0.159654 0.133237 0.118824 0.111180 0.107237 0.105259 0.104293 0.103834 0.103620 0.103523 0.103477 0.103452 0.103430 0.103400 0.103348 0.103255 0.103089 0.102804 0.102327 0.101554 0.100340 0.098494 0.095779 0.091923 0.086634 0.079641 0.070733 0.059811 0.046937 0.032360 0.016518 0.000000 
50.000000 42.732804 35.707152 29.140523 23.206259 18.020547 13.637958 10.055244 7.221601 5.052722 3.445780 2.292943 1.491860 0.952502 0.600520 0.377793 0.241083 0.159655 0.112571 0.086130 0.071703 0.064052 0.060106 0.058126 0.057159 0.056699 0.056486 0.056389 0.056345 0.056323 0.056307 0.056288 0.056258 0.056205 0.056111 0.055951 0.055683 0.055250 0.054572 0.053545 0.052041 0.049913 0.047005 0.043175 0.038312 0.032368 0.025382 0.017489 0.008924 0.000000 
50.000000 42.728946 35.699566 29.129453 23.192040 18.003579 13.618668 10.034057 7.198913 5.028888 3.421098 2.267652 1.466147 0.926505 0.574338 0.351494 0.214712 0.133242 0.086133 0.059678 0.045244 0.037588 0.033640 0.031659 0.030692 0.030232 0.030019 0.029922 0.029879 0.029859 0.029847 0.029835 0.029818 0.029788 0.029737 0.029649 0.029503 0.029268 0.028900 0.028346 0.027537 0.026395 0.024841 0.022800 0.020217 0.017068 0.013375 0.009211 0.004698 0.000000 
50.000000 42.726842 35.695427 29.123414 23.184284 17.994323 13.608146 10.022500 7.186539 5.015888 3.407635 2.253858 1.452122 0.912326 0.560058 0.337150 0.200330 0.118836 0.071714 0.045251 0.030813 0.023155 0.019206 0.017225 0.016257 0.015797 0.015584 0.015488 0.015445 0.015425 0.015415 0.015408 0.015398 0.015382 0.015355 0.015308 0.015231 0.015106 0.014913 0.014622 0.014199 0.013603 0.012795 0.011736 0.010399 0.008774 0.006872 0.004731 0.002412 0.000000 
50.000000 42.725728 35.693236 29.120216 23.180178 17.989423 13.602575 10.016381 7.179987 5.009006 3.400508 2.246555 1.444698 0.904820 0.552498 0.329557 0.192716 0.111210 0.064080 0.037614 0.023173 0.015515 0.011565 0.009583 0.008616 0.008156 0.007943 0.007846 0.007804 0.007785 0.007776 0.007771 0.007765 0.007756 0.007742 0.007718 0.007678 0.007614 0.007515 0.007366 0.007150 0.006847 0.006437 0.005901 0.005226 0.004407 0.003450 0.002374 0.001210 0.000000 
50.000000 42.725158 35.692115 29.118581 23.178078 17.986916 13.599726 10.013252 7.176637 5.005486 3.396863 2.242821 1.440901 0.900981 0.548632 0.325674 0.188822 0.107310 0.060177 0.033708 0.019266 0.011607 0.007657 0.005676 0.004708 0.004248 0.004035 0.003938 0.003896 0.003877 0.003869 0.003865 0.003861 0.003857 0.003849 0.003837 0.003817 0.003784 0.003734 0.003659 0.003551 0.003399 0.003194 0.002926 0.002590 0.002183 0.001708 0.001175 0.000599 0.000000 
50.000000 42.724883 35.691575 29.117792 23.177064 17.985707 13.598350 10.011741 7.175020 5.003787 3.395104 2.241018 1.439069 0.899128 0.546766 0.323800 0.186943 0.105428 0.058293 0.031824 0.017381 0.009722 0.005772 0.003790 0.002822 0.002362 0.002149 0.002053 0.002010 0.001992 0.001984 0.001980 0.001978 0.001975 0.001971 0.001965 0.001954 0.001937 0.001911 0.001872 0.001816 0.001738 0.001632 0.001495 0.001322 0.001114 0.000871 0.000599 0.000305 0.000000 
50.000000 42.724773 35.691358 29.117476 23.176658 17.985222 13.597800 10.011137 7.174373 5.003107 3.394400 2.240297 1.438335 0.898387 0.546020 0.323050 0.186191 0.104674 0.057539 0.031069 0.016627 0.008967 0.005017 0.003035 0.002067 0.001607 0.001394 0.001298 0.001256 0.001237 0.001230 0.001226 0.001224 0.001222 0.001220 0.001216 0.001209 0.001198 0.001182 0.001158 0.001123 0.001074 0.001008 0.000923 0.000816 0.000687 0.000537 0.000370 0.000188 0.000000 
50.000000 42.724773 35.691358 29.117476 23.176658 17.985222 13.597800 10.011137 7.174373 5.003107 3.394400 2.240297 1.438335 0.898387 0.546020 0.323050 0.186191 0.104674 0.057539 0.031069 0.016627 0.008967 0.005017 0.003035 0.002067 0.001607 0.001394 0.001298 0.001256 0.001237 0.001230 0.001226 0.001224 0.001222 0.001220 0.001216 0.001209 0.001198 0.001182 0.001158 0.001123 0.001074 0.001008 0.000923 0.000816 0.000687 0.000537 0.000370 0.000188 0.000000 
50.000000 42.724883 35.691575 29.117792 23.177064 17.985707 13.598350 10.011741 7.175020 5.003787 3.395104 2.241018 1.439069 0.899128 0.546766 0.323800 0.186943 0.105428 0.058293 0.031824 0.017381 0.009722 0.005772 0.003790 0.002822 0.002362 0.002149 0.002053 0.002010 0.001992 0.001984 0.001980 0.001978 0.001975 0.001971 0.001965 0.001954 0.001937 0.001911 0.001872 0.001816 0.001738 0.001632 0.001495 0.001322 0.001114 0.000871 0.000599 0.000305 0.000000 
50.000000 42.725158 35.692115 29.118581 23.178078 17.986916 13.599726 10.013252 7.176637 5.005486 3.396863 2.242821 1.440901 0.900981 0.548632 0.325674 0.188822 0.107310 0.060177 0.033708 0.019266 0.011607 0.007657 0.005676 0.004708 0.004248 0.004035 0.003938 0.003896 0.003877 0.003869 0.003865 0.003861 0.003857 0.003849 0.003837 0.003817 0.003784 0.003734 0.003659 0.003551 0.003399 0.003194 0.002926 0.002590 0.002183 0.001708 0.001175 0.000599 0.000000 
50.000000 42.725728 35.693236 29.120216 23.180178 17.989423 13.602575 10.016381 7.179987 5.009006 3.400508 2.246555 1.444698 0.904820 0.552498 0.329557 0.192716 0.111210 0.064080 0.037614 0.023173 0.015515 0.011565 0.009583 0.008616 0.008156 0.007943 0.007846 0.007804 0.007785 0.007776 0.007771 0.007765 0.007756 0.007742 0.007718 0.007678 0.007614 0.007515 0.007366 0.007150 0.006847 0.006437 0.005901 0.005226 0.004407 0.003450 0.002374 0.001210 0.000000 
50.000000 42.726842 35.695427 29.123414 23.184284 17.994323 13.608146 10.022500 7.186539 5.015888 3.407635 2.253858 1.452122 0.912326 0.560058 0.337150 0.200330 0.118836 0.071714 0.045251 0.030813 0.023155 0.019206 0.017225 0.016257 0.015797 0.015584 0.015488 0.015445 0.015425 0.015415 0.015408 0.015398 0.015382 0.015355 0.015308 0.015231 0.015106 0.014913 0.014622 0.014199 0.013603 0.012795 0.011736 0.010399 0.008774 0.006872 0.004731 0.002412 0.000000 
50.000000 42.728946 35.699566 29.129453 23.192040 18.003579 13.618668 10.034057 7.198913 5.028888 3.421098 2.267652 1.466147 0.926505 0.574338 0.351494 0.214712 0.133242 0.086133 0.059678 0.045244 0.037588 0.033640 0.031659 0.030692 0.030232 0.030019 0.029922 0.029879 0.029859 0.029847 0.029835 0.029818 0.029788 0.029737 0.029649 0.029503 0.029268 0.028900 0.028346 0.027537 0.026395 0.024841 0.022800 0.020217 0.017068 0.013375 0.009211 0.004698 0.000000 
50.000000 42.732804 35.707152 29.140523 23.206259 18.020547 13.637958 10.055244 7.221601 5.052722 3.445780 2.292943 1.491860 0.952502 0.600520 0.377793 0.241083 0.159655 0.112571 0.086130 0.071703 0.064052 0.060106 0.058126 0.057159 0.056699 0.056486 0.056389 0.056345 0.056323 0.056307 0.056288 0.056258 0.056205 0.056111 0.055951 0.055683 0.055250 0.054572 0.053545 0.052041 0.049913 0.047005 0.043175 0.038312 0.032368 0.025382 0.017489 0.008924 0.000000 
50.000000 42.739672 35.720660 29.160236 23.231576 18.050761 13.672308 10.092974 7.262001 5.095164 3.489735 2.337982 1.537651 0.998799 0.647147 0.424628 0.288046 0.206694 0.159654 0.133237 0.118824 0.111180 0.107237 0.105259 0.104293 0.103834 0.103620 0.103523 0.103477 0.103452 0.103430 0.103400 0.103348 0.103255 0.103089 0.102804 0.102327 0.101554 0.100340 0.098494 0.095779 0.091923 0.086634 0.079641 0.070733 0.059811 0.046937 0.032360 0.016518 0.000000 
50.000000 42.751549 35.744017 29.194322 23.275356 18.103008 13.731709 10.158218 7.331865 5.168563 3.565750 2.415872 1.616843 1.078867 0.727785 0.505627 0.369266 0.288046 0.241082 0.214708 0.200317 0.192685 0.188749 0.186775 0.185810 0.185351 0.185137 0.185039 0.184991 0.184961 0.184930 0.184881 0.184793 0.184634 0.184350 0.183861 0.183039 0.181701 0.179591 0.176370 0.171614 0.164829 0.155484 0.143074 0.127200 0.107667 0.084569 0.058347 0.029796 0.000000 
50.000000 42.771485 35.783227 29.251542 23.348849 18.190716 13.831426 10.267749 7.449153 5.291784 3.693365 2.546637 1.749795 1.213290 0.863167 0.641616 0.505627 0.424628 0.377791 0.351489 0.337138 0.329526 0.325601 0.323631 0.322669 0.322211 0.321997 0.321897 0.321846 0.321808 0.321762 0.321684 0.321540 0.321277 0.320808 0.319994 0.318622 0.316379 0.312828 0.307381 0.299302 0.287717 0.271684 0.250287 0.222788 0.188802 0.148457 0.102514 0.052381 0.000000 
50.000000 42.803961 35.847097 29.344752 23.468567 18.333593 13.993869 10.446180 7.640225 5.492526 3.901266 2.759672 1.966395 1.432288 1.083729 0.863167 0.727784 0.647146 0.600518 0.574333 0.560045 0.552468 0.548559 0.546598 0.545640 0.545184 0.544970 0.544868 0.544811 0.544762 0.544694 0.544571 0.544343 0.543924 0.543173 0.541865 0.539650 0.536015 0.530230 0.521313 0.508014 0.488839 0.462149 0.426327 0.380034 0.322521 0.253933 0.175533 0.089752 0.000000 
50.000000 42.855277 35.948020 29.492035 23.657740 18.559363 14.250559 10.728140 7.942162 5.809747 4.229807 3.096328 2.308687 1.778373 1.432288 1.213290 1.078866 0.998799 0.952500 0.926500 0.912313 0.904789 0.900909 0.898961 0.898010 0.897556 0.897341 0.897236 0.897172 0.897108 0.897007 0.896822 0.896473 0.895828 0.894668 0.892638 0.889187 0.883494 0.874385 0.860266 0.839081 0.808342 0.765274 0.707084 0.631393 0.536770 0.423293 0.292985 0.149934 0.000000 
50.000000 42.933899 36.102648 29.717696 23.947584 18.905285 14.643862 11.160165 8.404805 6.295816 4.733225 3.612187 2.833187 2.308687 1.966395 1.749794 1.616842 1.537650 1.491858 1.466142 1.452110 1.444668 1.440829 1.438903 1.437961 1.437511 1.437297 1.437188 1.437114 1.437028 1.436884 1.436612 1.436098 1.435142 1.433415 1.430380 1.425194 1.416593 1.402754 1.381164 1.348547 1.300880 1.233586 1.141956 1.021836 0.870543 0.687864 0.476884 0.244306 0.000000 
50.000000 43.050659 36.332282 30.052823 24.378033 19.419018 15.227970 11.801789 9.091907 7.017718 5.480901 4.378348 3.612187 3.096328 2.759672 2.546636 2.415871 2.337981 2.292941 2.267647 2.253846 2.246526 2.242750 2.240855 2.239928 2.239484 2.239270 2.239157 2.239070 2.238957 2.238757 2.238373 2.237643 2.236281 2.233809 2.229442 2.221943 2.209433 2.189174 2.157347 2.108897 2.037506 1.935833 1.796122 1.611264 1.376306 1.090203 0.757386 0.388545 0.000000 
50.000000 43.218668 36.662711 30.535051 24.997430 20.158267 16.068493 12.725088 10.080662 8.056561 6.556846 5.480901 4.733225 4.229807 3.901266 3.693365 3.565749 3.489734 3.445778 3.421093 3.407623 3.400479 3.396794 3.394944 3.394038 3.393603 3.393391 3.393272 3.393171 3.393025 3.392756 3.392237 3.391242 3.389380 3.385983 3.379953 3.369541 3.352061 3.323554 3.278423 3.209128 3.106065 2.957794 2.751850 2.476306 2.122164 1.686356 1.174707 0.603736 0.000000 
50.000000 43.452832 37.123250 31.207166 25.860732 21.188625 17.240018 14.012000 11.458822 9.504550 8.056561 7.017718 6.295816 5.809747 5.492526 5.291784 5.168562 5.095164 5.052720 5.028883 5.015876 5.008977 5.005419 5.003632 5.002757 5.002335 5.002126 5.002002 5.001884 5.001701 5.001356 5.000682 4.999386 4.996949 4.992483 4.984512 4.970667 4.947269 4.908821 4.847432 4.752275 4.609236 4.401041 4.108181 3.711056 3.193593 2.548237 1.781460 0.917847 0.000000 
50.000000 43.768851 37.744779 32.114234 27.025831 22.579191 18.821118 15.748844 13.318833 11.458822 10.080662 9.091907 8.404804 7.942162 7.640225 7.449153 7.331865 7.262000 7.221599 7.198909 7.186528 7.179961 7.176573 7.174872 7.174038 7.173634 7.173430 7.173302 7.173167 7.172947 7.172523 7.171690 7.170079 7.167037 7.161436 7.151386 7.133820 7.103924 7.054401 6.974597 6.849586 6.659417 6.378883 5.978350 5.426354 4.694712 3.766492 2.646039 1.368046 0.000000 
50.000000 44.181694 38.556740 33.299228 28.547924 24.395850 20.886710 18.017924 15.748844 14.012000 12.725088 11.801789 11.160165 10.728140 10.446180 10.267749 10.158218 10.092973 10.055243 10.034052 10.022489 10.016356 10.013192 10.011602 10.010823 10.010443 10.010248 10.010118 10.009970 10.009715 10.009220 10.008241 10.006340 10.002735 9.996065 9.984032 9.962866 9.926579 9.865956 9.767294 9.610960 9.369961 9.008962 8.484475 7.747390 6.749403 5.454905 3.858590 2.005124 0.000000 
50.000000 44.703632 39.583265 34.797369 30.472258 26.692609 23.498208 20.886710 18.821118 17.240018 16.068493 15.227970 14.643862 14.250559 13.993869 13.831426 13.731709 13.672308 13.637957 13.618664 13.608136 13.602552 13.599671 13.598223 13.597512 13.597165 13.596983 13.596854 13.596697 13.596419 13.595872 13.594785 13.592668 13.588635 13.581139 13.567542 13.543475 13.501906 13.431848 13.316643 13.131837 12.842768 12.402235 11.749104 10.809427 9.502846 7.758281 5.542857 2.902956 0.000000 
50.000000 45.342056 40.838893 36.629874 32.826088 29.502002 26.692609 24.395850 22.579191 21.188625 20.158267 19.419018 18.905285 18.559363 18.333593 18.190716 18.103008 18.050760 18.020545 18.003575 17.994315 17.989402 17.986868 17.985594 17.984968 17.984661 17.984497 17.984375 17.984217 17.983932 17.983365 17.982236 17.980029 17.975808 17.967927 17.953559 17.927970 17.883449 17.807754 17.681961 17.477568 17.152837 16.648461 15.883183 14.751001 13.123770 10.866881 7.880701 4.180329 0.000000 
50.000000 46.097431 42.324538 38.798083 35.611135 32.826088 30.472258 28.547924 27.025831 25.860732 24.997430 24.378033 23.947584 23.657740 23.468567 23.348848 23.275356 23.231576 23.206258 23.192037 23.184277 23.180161 23.178037 23.176969 23.176444 23.176185 23.176044 23.175935 23.175788 23.175517 23.174975 23.173892 23.171766 23.167689 23.160047 23.146046 23.120970 23.077041 23.001726 22.875266 22.667139 22.331119 21.798521 20.969412 19.702318 17.805568 15.040478 11.162755 6.054611 0.000000 
50.000000 46.961805 44.024563 41.279171 38.798083 36.629874 34.797369 33.299228 32.114234 31.207166 30.535051 30.052823 29.717696 29.492035 29.344752 29.251542 29.194322 29.160235 29.140522 29.129450 29.123408 29.120203 29.118549 29.117718 29.117308 29.117106 29.116994 29.116904 29.116780 29.116547 29.116079 29.115142 29.113299 29.109754 29.103085 29.090819 29.068742 29.029832 28.962620 28.848695 28.658929 28.347743 27.844323 27.039088 25.762993 23.757605 20.639585 15.889611 8.984357 0.000000 
50.000000 47.918257 45.905684 44.024563 42.324538 40.838893 39.583265 38.556740 37.744779 37.123250 36.662711 36.332282 36.102648 35.948020 35.847097 35.783227 35.744017 35.720659 35.707151 35.699564 35.695423 35.693227 35.692094 35.691524 35.691243 35.691104 35.691026 35.690962 35.690872 35.690700 35.690356 35.689664 35.688300 35.685670 35.680713 35.671564 35.655035 35.625764 35.574896 35.488004 35.341790 35.098740 34.698150 34.040409 32.958192 31.161783 28.134952 22.952842 14.085284 0.000000 
50.000000 48.941544 47.918257 46.961805 46.097431 45.342056 44.703632 44.181694 43.768851 43.452832 43.218668 43.050659 42.933899 42.855277 42.803961 42.771485 42.751549 42.739672 42.732803 42.728945 42.726840 42.725723 42.725147 42.724857 42.724714 42.724643 42.724603 42.724570 42.724522 42.724432 42.724248 42.723880 42.723154 42.721752 42.719105 42.714209 42.705343 42.689593 42.662114 42.614932 42.534985 42.400804 42.176570 41.800676 41.161727 40.042820 37.977448 33.832973 24.470772 0.000000 
50.000000 50.000000 50.000000 50.000000 50.000000 50.000000 50.000000 50.000000 50.000000 50.000000 50.000000 50.000000 50.000000 50.000000 50.000000 50.000000 50.000000 50.000000 50.000000 50.000000 50.000000 50.000000 50.000000 50.000000 50.000000 50.000000 50.000000 50.000000 50.000000 50.000000 50.000000 50.000000 50.000000 50.000000 50.000000 50.000000 50.000000 50.000000 50.000000 50.000000 50.000000 50.000000 50.000000 50.000000 50.000000 50.000000 50.000000 50.000000 50.000000 50.000000 
