50.000000 50.000000 50.000000 50.000000 50.000000 50.000000 50.000000 50.000000 50.000000 50.000000 50.000000 50.000000 50.000000 50.000000 50.000000 50.000000 50.000000 50.000000 50.000000 50.000000 50.000000 50.000000 50.000000 50.000000 50.000000 50.000000 50.000000 50.000000 50.000000 50.000000 50.000000 50.000000 50.000000 50.000000 50.000000 50.000000 50.000000 50.000000 50.000000 50.000000 50.000000 50.000000 50.000000 50.000000 50.000000 50.000000 50.000000 50.000000 50.000000 50.000000 
50.000000 48.396801 46.874247 45.500831 44.323786 43.365008 42.622333 42.074933 41.690744 41.433787 41.269871 41.170049 41.111962 41.079632 41.062405 41.053607 41.049297 41.047270 41.046353 41.045954 41.045787 41.045719 41.045693 41.045683 41.045679 41.045678 41.045677 41.045677 41.045675 41.045672 41.045661 41.045634 41.045565 41.045395 41.044993 41.044066 41.041999 41.037528 41.028149 41.009026 40.971061 40.897440 40.757332 40.493878 39.999379 39.058701 37.204376 33.299601 24.198400 0.000000 
50.000000 46.874247 43.905733 41.227998 38.933135 37.063835 35.615872 34.548637 33.799613 33.298648 32.979079 32.784470 32.671228 32.608201 32.574617 32.557466 32.549064 32.545111 32.543324 32.542546 32.542221 32.542089 32.542038 32.542019 32.542011 32.542009 32.542008 32.542007 32.542004 32.541997 32.541978 32.541928 32.541802 32.541494 32.540761 32.539079 32.535337 32.527270 32.510414 32.476231 32.408854 32.279489 32.036784 31.590007 30.778755 29.316612 26.685539 21.952866 13.574646 0.000000 
50.000000 45.500831 41.227998 37.373726 34.070572 31.379981 29.295868 27.759770 26.681696 25.960667 25.500724 25.220638 25.057660 24.966954 24.918621 24.893939 24.881848 24.876160 24.873588 24.872469 24.872001 24.871811 24.871737 24.871710 24.871700 24.871696 24.871694 24.871693 24.871689 24.871680 24.871656 24.871591 24.871429 24.871033 24.870094 24.867945 24.863183 24.852967 24.831751 24.789066 24.705794 24.548094 24.257734 23.737067 22.826342 21.271540 18.686863 14.542459 8.296455 0.000000 
50.000000 44.323786 38.933135 34.070572 29.903333 26.508938 23.879696 21.941842 20.581829 19.672253 19.092051 18.738739 18.533158 18.418744 18.357780 18.326650 18.311400 18.304226 18.300982 18.299571 18.298980 18.298741 18.298648 18.298613 18.298601 18.298596 18.298594 18.298592 18.298589 18.298579 18.298552 18.298482 18.298308 18.297881 18.296875 18.294581 18.289520 18.278732 18.256492 18.212168 18.126729 17.967408 17.679930 17.178020 16.330817 14.951667 12.799032 9.616523 5.265085 0.000000 
50.000000 43.365008 37.063835 31.379981 26.508938 22.541311 19.468100 17.203062 15.613460 14.550359 13.872243 13.459318 13.219057 13.085346 13.014104 12.977725 12.959905 12.951522 12.947732 12.946084 12.945393 12.945114 12.945006 12.944965 12.944950 12.944944 12.944942 12.944940 12.944937 12.944927 12.944902 12.944835 12.944668 12.944262 12.943309 12.941145 12.936398 12.926347 12.905796 12.865249 12.788066 12.646376 12.395707 11.968839 11.270655 10.178121 8.553639 6.285080 3.365629 0.000000 
50.000000 42.622333 35.615872 29.295868 23.879696 19.468100 16.051055 13.532649 11.765270 10.583303 9.829386 9.370317 9.103214 8.954571 8.875375 8.834936 8.815128 8.805811 8.801598 8.799766 8.798998 8.798688 8.798568 8.798522 8.798506 8.798500 8.798497 8.798496 8.798493 8.798484 8.798462 8.798404 8.798259 8.797909 8.797090 8.795239 8.791204 8.782719 8.765517 8.731919 8.668747 8.554504 8.356049 8.025527 7.499260 6.701676 5.558800 4.025865 2.128455 0.000000 
50.000000 42.074933 34.548637 27.759770 21.941842 17.203062 13.532649 10.827556 8.929200 7.659669 6.849919 6.356867 6.070000 5.910363 5.825312 5.781885 5.760614 5.750610 5.746086 5.744119 5.743295 5.742962 5.742832 5.742784 5.742766 5.742760 5.742757 5.742756 5.742753 5.742746 5.742728 5.742682 5.742567 5.742289 5.741641 5.740184 5.737028 5.730436 5.717184 5.691554 5.643921 5.558962 5.413778 5.176600 4.807355 4.261912 3.502036 2.511854 1.317600 0.000000 
50.000000 41.690744 33.799613 26.681696 20.581829 15.613460 11.765270 8.929200 6.938966 5.608018 4.759113 4.242232 3.941509 3.774166 3.685012 3.639492 3.617197 3.606710 3.601969 3.599907 3.599044 3.598695 3.598559 3.598508 3.598490 3.598483 3.598480 3.598479 3.598477 3.598472 3.598459 3.598424 3.598339 3.598133 3.597657 3.596592 3.594297 3.589538 3.580044 3.561852 3.528403 3.469483 3.370238 3.210767 2.967084 2.614421 2.133603 1.520124 0.793305 0.000000 
50.000000 41.433787 33.298648 25.960667 19.672253 14.550359 10.583303 7.659669 5.608018 4.236021 3.360951 2.828150 2.518171 2.345682 2.253789 2.206871 2.183892 2.173084 2.168198 2.166073 2.165183 2.164824 2.164684 2.164631 2.164612 2.164605 2.164603 2.164601 2.164600 2.164596 2.164587 2.164563 2.164504 2.164362 2.164034 2.163306 2.161744 2.158527 2.152156 2.140051 2.118010 2.079615 2.015748 1.914556 1.762293 1.545524 1.254873 0.889794 0.462726 0.000000 
50.000000 41.269871 32.979079 25.500724 19.092051 13.872243 9.829386 6.849919 4.759113 3.360951 2.469206 1.926261 1.610387 1.434620 1.340982 1.293175 1.269760 1.258748 1.253770 1.251605 1.250698 1.250332 1.250189 1.250136 1.250116 1.250109 1.250107 1.250106 1.250105 1.250102 1.250096 1.250081 1.250042 1.249950 1.249738 1.249269 1.248269 1.246222 1.242195 1.234603 1.220900 1.197261 1.158365 1.097467 1.006993 0.879883 0.711659 0.502848 0.260845 0.000000 
50.000000 41.170049 32.784470 25.220638 18.738739 13.459318 9.370317 6.356867 4.242232 2.828150 1.926261 1.377146 1.057687 0.879928 0.785230 0.736882 0.713203 0.702067 0.697033 0.694843 0.693926 0.693556 0.693412 0.693357 0.693338 0.693331 0.693328 0.693327 0.693327 0.693325 0.693321 0.693312 0.693288 0.693231 0.693102 0.692817 0.692212 0.690980 0.688573 0.684066 0.675994 0.662188 0.639683 0.604800 0.553522 0.482247 0.388886 0.274057 0.141900 0.000000 
50.000000 41.111962 32.671228 25.057660 18.533158 13.219057 9.103214 6.070000 3.941509 2.518171 1.610387 1.057687 0.736144 0.557228 0.461915 0.413253 0.389421 0.378213 0.373146 0.370942 0.370019 0.369647 0.369502 0.369447 0.369427 0.369420 0.369418 0.369417 0.369416 0.369416 0.369413 0.369408 0.369394 0.369361 0.369286 0.369122 0.368775 0.368072 0.366706 0.364165 0.359645 0.351971 0.339564 0.320495 0.292710 0.254426 0.204692 0.143958 0.074434 0.000000 
50.000000 41.079632 32.608201 24.966954 18.418744 13.085346 8.954571 5.910363 3.774166 2.345682 1.434620 0.879928 0.557228 0.377669 0.282014 0.233178 0.209261 0.198012 0.192928 0.190716 0.189790 0.189416 0.189271 0.189216 0.189196 0.189189 0.189187 0.189186 0.189185 0.189185 0.189184 0.189180 0.189173 0.189155 0.189114 0.189024 0.188834 0.188453 0.187715 0.186351 0.183938 0.179869 0.173335 0.163367 0.148948 0.129224 0.103771 0.072864 0.037634 0.000000 
50.000000 41.062405 32.574617 24.918621 18.357780 13.014104 8.875375 5.825312 3.685012 2.253789 1.340982 0.785230 0.461915 0.282014 0.186177 0.137249 0.113286 0.102016 0.096922 0.094707 0.093779 0.093404 0.093258 0.093203 0.093184 0.093176 0.093174 0.093173 0.093173 0.093173 0.093172 0.093170 0.093166 0.093157 0.093135 0.093088 0.092990 0.092793 0.092413 0.091713 0.090483 0.088420 0.085128 0.080135 0.072959 0.063200 0.050675 0.035537 0.018339 0.000000 
50.000000 41.053607 32.557466 24.893939 18.326650 12.977725 8.834936 5.781885 3.639492 2.206871 1.293175 0.736882 0.413253 0.233178 0.137249 0.088274 0.064288 0.053008 0.047909 0.045691 0.044762 0.044387 0.044241 0.044186 0.044166 0.044159 0.044157 0.044156 0.044156 0.044156 0.044155 0.044154 0.044152 0.044148 0.044137 0.044113 0.044065 0.043967 0.043780 0.043437 0.042837 0.041835 0.040245 0.037846 0.034416 0.029775 0.023845 0.016705 0.008614 0.000000 
50.000000 41.049297 32.549064 24.881848 18.311400 12.959905 8.815128 5.760614 3.617197 2.183892 1.269760 0.713203 0.389421 0.209261 0.113286 0.064288 0.040291 0.029005 0.023904 0.021685 0.020756 0.020381 0.020235 0.020180 0.020160 0.020153 0.020150 0.020150 0.020149 0.020149 0.020149 0.020149 0.020148 0.020145 0.020140 0.020129 0.020106 0.020060 0.019972 0.019810 0.019530 0.019063 0.018326 0.017219 0.015642 0.013519 0.010815 0.007570 0.003902 0.000000 
50.000000 41.047270 32.545111 24.876160 18.304226 12.951522 8.805811 5.750610 3.606710 2.173084 1.258748 0.702067 0.378213 0.198012 0.102016 0.053008 0.029005 0.017717 0.012615 0.010396 0.009466 0.009091 0.008945 0.008890 0.008870 0.008863 0.008861 0.008860 0.008860 0.008859 0.008859 0.008859 0.008859 0.008858 0.008855 0.008850 0.008840 0.008819 0.008779 0.008706 0.008580 0.008371 0.008043 0.007551 0.006854 0.005918 0.004731 0.003309 0.001705 0.000000 
50.000000 41.046353 32.543324 24.873588 18.300982 12.947732 8.801598 5.746086 3.601969 2.168198 1.253770 0.697033 0.373146 0.192928 0.096922 0.047909 0.023904 0.012615 0.007512 0.005292 0.004363 0.003988 0.003842 0.003787 0.003767 0.003760 0.003757 0.003756 0.003756 0.003756 0.003756 0.003756 0.003756 0.003755 0.003754 0.003752 0.003747 0.003738 0.003721 0.003689 0.003635 0.003545 0.003404 0.003194 0.002897 0.002500 0.001997 0.001396 0.000719 0.000000 
50.000000 41.045954 32.542546 24.872469 18.299571 12.946084 8.799766 5.744119 3.599907 2.166073 1.251605 0.694843 0.370942 0.190716 0.094707 0.045691 0.021685 0.010396 0.005292 0.003073 0.002143 0.001768 0.001622 0.001567 0.001547 0.001540 0.001538 0.001537 0.001537 0.001537 0.001537 0.001536 0.001536 0.001536 0.001536 0.001535 0.001533 0.001529 0.001522 0.001509 0.001486 0.001449 0.001391 0.001304 0.001182 0.001019 0.000814 0.000569 0.000293 0.000000 
50.000000 41.045787 32.542221 24.872001 18.298980 12.945393 8.798998 5.743295 3.599044 2.165183 1.250698 0.693926 0.370019 0.189790 0.093779 0.044762 0.020756 0.009466 0.004363 0.002144 0.001214 0.000839 0.000692 0.000638 0.000618 0.000611 0.000608 0.000607 0.000607 0.000607 0.000607 0.000607 0.000607 0.000607 0.000607 0.000606 0.000606 0.000604 0.000601 0.000596 0.000587 0.000572 0.000549 0.000514 0.000466 0.000402 0.000320 0.000224 0.000115 0.000000 
50.000000 41.045719 32.542089 24.871811 18.298741 12.945114 8.798689 5.742962 3.598695 2.164824 1.250332 0.693556 0.369647 0.189416 0.093404 0.044387 0.020381 0.009091 0.003988 0.001768 0.000839 0.000463 0.000317 0.000262 0.000242 0.000235 0.000233 0.000232 0.000232 0.000232 0.000232 0.000232 0.000232 0.000232 0.000232 0.000232 0.000231 0.000231 0.000229 0.000227 0.000224 0.000218 0.000209 0.000196 0.000178 0.000153 0.000122 0.000085 0.000044 0.000000 
50.000000 41.045693 32.542038 24.871738 18.298649 12.945006 8.798568 5.742833 3.598560 2.164684 1.250190 0.693412 0.369502 0.189271 0.093259 0.044242 0.020235 0.008945 0.003842 0.001622 0.000693 0.000318 0.000171 0.000116 0.000096 0.000089 0.000087 0.000086 0.000086 0.000086 0.000086 0.000086 0.000086 0.000086 0.000086 0.000086 0.000086 0.000085 0.000085 0.000084 0.000083 0.000081 0.000077 0.000073 0.000066 0.000057 0.000045 0.000031 0.000016 0.000000 
50.000000 41.045683 32.542019 24.871710 18.298614 12.944966 8.798523 5.742785 3.598509 2.164632 1.250137 0.693359 0.369448 0.189217 0.093205 0.044187 0.020181 0.008891 0.003788 0.001568 0.000639 0.000263 0.000117 0.000062 0.000042 0.000035 0.000033 0.000032 0.000032 0.000032 0.000032 0.000032 0.000032 0.000032 0.000032 0.000032 0.000032 0.000032 0.000031 0.000031 0.000031 0.000030 0.000029 0.000027 0.000024 0.000021 0.000017 0.000012 0.000006 0.000000 
50.000000 41.045680 32.542013 24.871701 18.298603 12.944952 8.798509 5.742769 3.598493 2.164615 1.250120 0.693341 0.369431 0.189200 0.093187 0.044170 0.020163 0.008874 0.003770 0.001551 0.000621 0.000246 0.000100 0.000045 0.000025 0.000018 0.000015 0.000014 0.000014 0.000014 0.000014 0.000014 0.000014 0.000014 0.000014 0.000014 0.000014 0.000014 0.000014 0.000014 0.000014 0.000013 0.000013 0.000012 0.000011 0.000009 0.000007 0.000005 0.000003 0.000000 
50.000000 41.045680 32.542013 24.871701 18.298603 12.944952 8.798509 5.742769 3.598493 2.164615 1.250120 0.693341 0.369431 0.189200 0.093187 0.044170 0.020163 0.008874 0.003770 0.001551 0.000621 0.000246 0.000100 0.000045 0.000025 0.000018 0.000015 0.000014 0.000014 0.000014 0.000014 0.000014 0.000014 0.000014 0.000014 0.000014 0.000014 0.000014 0.000014 0.000014 0.000014 0.000013 0.000013 0.000012 0.000011 0.000009 0.000007 0.000005 0.000003 0.000000 
50.000000 41.045683 32.542019 24.871710 18.298614 12.944966 8.798523 5.742785 3.598509 2.164632 1.250137 0.693359 0.369448 0.189217 0.093205 0.044187 0.020181 0.008891 0.003788 0.001568 0.000639 0.000263 0.000117 0.000062 0.000042 0.000035 0.000033 0.000032 0.000032 0.000032 0.000032 0.000032 0.000032 0.000032 0.000032 0.000032 0.000032 0.000032 0.000031 0.000031 0.000031 0.000030 0.000029 0.000027 0.000024 0.000021 0.000017 0.000012 0.000006 0.000000 
50.000000 41.045693 32.542038 24.871738 18.298649 12.945006 8.798568 5.742833 3.598560 2.164684 1.250190 0.693412 0.369502 0.189271 0.093259 0.044242 0.020235 0.008945 0.003842 0.001622 0.000693 0.000318 0.000171 0.000116 0.000096 0.000089 0.000087 0.000086 0.000086 0.000086 0.000086 0.000086 0.000086 0.000086 0.000086 0.000086 0.000086 0.000085 0.000085 0.000084 0.000083 0.000081 0.000077 0.000073 0.000066 0.000057 0.000045 0.000031 0.000016 0.000000 
50.000000 41.045719 32.542089 24.871811 18.298741 12.945114 8.798689 5.742962 3.598695 2.164824 1.250332 0.693556 0.369647 0.189416 0.093404 0.044387 0.020381 0.009091 0.003988 0.001768 0.000839 0.000463 0.000317 0.000262 0.000242 0.000235 0.000233 0.000232 0.000232 0.000232 0.000232 0.000232 0.000232 0.000232 0.000232 0.000232 0.000231 0.000231 0.000229 0.000227 0.000224 0.000218 0.000209 0.000196 0.000178 0.000153 0.000122 0.000085 0.000044 0.000000 
50.000000 41.045787 32.542221 24.872001 18.298980 12.945393 8.798998 5.743295 3.599044 2.165183 1.250698 0.693926 0.370019 0.189790 0.093779 0.044762 0.020756 0.009466 0.004363 0.002144 0.001214 0.000839 0.000692 0.000638 0.000618 0.000611 0.000608 0.000607 0.000607 0.000607 0.000607 0.000607 0.000607 0.000607 0.000607 0.000606 0.000606 0.000604 0.000601 0.000596 0.000587 0.000572 0.000549 0.000514 0.000466 0.000402 0.000320 0.000224 0.000115 0.000000 
50.000000 41.045954 32.542546 24.872469 18.299571 12.946084 8.799766 5.744119 3.599907 2.166073 1.251605 0.694843 0.370942 0.190716 0.094707 0.045691 0.021685 0.010396 0.005292 0.003073 0.002143 0.001768 0.001622 0.001567 0.001547 0.001540 0.001538 0.001537 0.001537 0.001537 0.001537 0.001536 0.001536 0.001536 0.001536 0.001535 0.001533 0.001529 0.001522 0.001509 0.001486 0.001449 0.001391 0.001304 0.001182 0.001019 0.000814 0.000569 0.000293 0.000000 
50.000000 41.046353 32.543324 24.873588 18.300982 12.947732 8.801598 5.746086 3.601969 2.168198 1.253770 0.697033 0.373146 0.192928 0.096922 0.047909 0.023904 0.012615 0.007512 0.005292 0.004363 0.003988 0.003842 0.003787 0.003767 0.003760 0.003757 0.003756 0.003756 0.003756 0.003756 0.003756 0.003756 0.003755 0.003754 0.003752 0.003747 0.003738 0.003721 0.003689 0.003635 0.003545 0.003404 0.003194 0.002897 0.002500 0.001997 0.001396 0.000719 0.000000 
50.000000 41.047270 32.545111 24.876160 18.304226 12.951522 8.805811 5.750610 3.606710 2.173084 1.258748 0.702067 0.378213 0.198012 0.102016 0.053008 0.029005 0.017717 0.012615 0.010396 0.009466 0.009091 0.008945 0.008890 0.008870 0.008863 0.008861 0.008860 0.008860 0.008859 0.008859 0.008859 0.008859 0.008858 0.008855 0.008850 0.008840 0.008819 0.008779 0.008706 0.008580 0.008371 0.008043 0.007551 0.006854 0.005918 0.004731 0.003309 0.001705 0.000000 
50.000000 41.049297 32.549064 24.881848 18.311400 12.959905 8.815128 5.760614 3.617197 2.183892 1.269760 0.713203 0.389421 0.209261 0.113286 0.064288 0.040291 0.029005 0.023904 0.021685 0.020756 0.020381 0.020235 0.020180 0.020160 0.020153 0.020150 0.020150 0.020149 0.020149 0.020149 0.020149 0.020148 0.020145 0.020140 0.020129 0.020106 0.020060 0.019972 0.019810 0.019530 0.019063 0.018326 0.017219 0.015642 0.013519 0.010815 0.007570 0.003902 0.000000 
50.000000 41.053607 32.557466 24.893939 18.326650 12.977725 8.834936 5.781885 3.639492 2.206871 1.293175 0.736882 0.413253 0.233178 0.137249 0.088274 0.064288 0.053008 0.047909 0.045691 0.044762 0.044387 0.044241 0.044186 0.044166 0.044159 0.044157 0.044156 0.044156 0.044156 0.044155 0.044154 0.044152 0.044148 0.044137 0.044113 0.044065 0.043967 0.043780 0.043437 0.042837 0.041835 0.040245 0.037846 0.034416 0.029775 0.023845 0.016705 0.008614 0.000000 
50.000000 41.062405 32.574617 24.918621 18.357780 13.014104 8.875375 5.825312 3.685012 2.253789 1.340982 0.785230 0.461915 0.282014 0.186177 0.137249 0.113286 0.102016 0.096922 0.094707 0.093779 0.093404 0.093258 0.093203 0.093184 0.093176 0.093174 0.093173 0.093173 0.093173 0.093172 0.093170 0.093166 0.093157 0.093135 0.093088 0.092990 0.092793 0.092413 0.091713 0.090483 0.088420 0.085128 0.080135 0.072959 0.063200 0.050675 0.035537 0.018339 0.000000 
50.000000 41.079632 32.608201 24.966954 18.418744 13.085346 8.954571 5.910363 3.774166 2.345682 1.434620 0.879928 0.557228 0.377669 0.282014 0.233178 0.209261 0.198012 0.192928 0.190716 0.189790 0.189416 0.189271 0.189216 0.189196 0.189189 0.189187 0.189186 0.189185 0.189185 0.189184 0.189180 0.189173 0.189155 0.189114 0.189024 0.188834 0.188453 0.187715 0.186351 0.183938 0.179869 0.173335 0.163367 0.148948 0.129224 0.103771 0.072864 0.037634 0.000000 
50.000000 41.111962 32.671228 25.057660 18.533158 13.219057 9.103214 6.070000 3.941509 2.518171 1.610387 1.057687 0.736144 0.557228 0.461915 0.413253 0.389421 0.378213 0.373146 0.370942 0.370019 0.369647 0.369502 0.369447 0.369427 0.369420 0.369418 0.369417 0.369416 0.369416 0.369413 0.369408 0.369394 0.369361 0.369286 0.369122 0.368775 0.368072 0.366706 0.364165 0.359645 0.351971 0.339564 0.320495 0.292710 0.254426 0.204692 0.143958 0.074434 0.000000 
50.000000 41.170049 32.784470 25.220638 18.738739 13.459318 9.370317 6.356867 4.242232 2.828150 1.926261 1.377146 1.057687 0.879928 0.785230 0.736882 0.713203 0.702067 0.697033 0.694843 0.693926 0.693556 0.693412 0.693357 0.693338 0.693331 0.693328 0.693327 0.693327 0.693325 0.693321 0.693312 0.693288 0.693231 0.693102 0.692817 0.692212 0.690980 0.688573 0.684066 0.675994 0.662188 0.639683 0.604800 0.553522 0.482247 0.388886 0.274057 0.141900 0.000000 
50.000000 41.269871 32.979079 25.500724 19.092051 13.872243 9.829386 6.849919 4.759113 3.360951 2.469206 1.926261 1.610387 1.434620 1.340982 1.293175 1.269760 1.258748 1.253770 1.251605 1.250698 1.250332 1.250189 1.250136 1.250116 1.250109 1.250107 1.250106 1.250105 1.250102 1.250096 1.250081 1.250042 1.249950 1.249738 1.249269 1.248269 1.246222 1.242195 1.234603 1.220900 1.197261 1.158365 1.097467 1.006993 0.879883 0.711659 0.502848 0.260845 0.000000 
50.000000 41.433787 33.298648 25.960667 19.672253 14.550359 10.583303 7.659669 5.608018 4.236021 3.360951 2.828150 2.518171 2.345682 2.253789 2.206871 2.183892 2.173084 2.168198 2.166073 2.165183 2.164824 2.164684 2.164631 2.164612 2.164605 2.164603 2.164601 2.164600 2.164596 2.164587 2.164563 2.164504 2.164362 2.164034 2.163306 2.161744 2.158527 2.152156 2.140051 2.118010 2.079615 2.015748 1.914556 1.762293 1.545524 1.254873 0.889794 0.462726 0.000000 
50.000000 41.690744 33.799613 26.681696 20.581829 15.613460 11.765270 8.929200 6.938966 5.608018 4.759113 4.242232 3.941509 3.774166 3.685012 3.639492 3.617197 3.606710 3.601969 3.599907 3.599044 3.598695 3.598559 3.598508 3.598490 3.598483 3.598480 3.598479 3.598477 3.598472 3.598459 3.598424 3.598339 3.598133 3.597657 3.596592 3.594297 3.589538 3.580044 3.561852 3.528403 3.469483 3.370238 3.210767 2.967084 2.614421 2.133603 1.520124 0.793305 0.000000 
50.000000 42.074933 34.548637 27.759770 21.941842 17.203062 13.532649 10.827556 8.929200 7.659669 6.849919 6.356867 6.070000 5.910363 5.825312 5.781885 5.760614 5.750610 5.746086 5.744119 5.743295 5.742962 5.742832 5.742784 5.742766 5.742760 5.742757 5.742756 5.742753 5.742746 5.742728 5.742682 5.742567 5.742289 5.741641 5.740184 5.737028 5.730436 5.717184 5.691554 5.643921 5.558962 5.413778 5.176600 4.807355 4.261912 3.502036 2.511854 1.317600 0.000000 
50.000000 42.622333 35.615872 29.295868 23.879696 19.468100 16.051055 13.532649 11.765270 10.583303 9.829386 9.370317 9.103214 8.954571 8.875375 8.834936 8.815128 8.805811 8.801598 8.799766 8.798998 8.798688 8.798568 8.798522 8.798506 8.798500 8.798497 8.798496 8.798493 8.798484 8.798462 8.798404 8.798259 8.797909 8.797090 8.795239 8.791204 8.782719 8.765517 8.731919 8.668747 8.554504 8.356049 8.025527 7.499260 6.701676 5.558800 4.025865 2.128455 0.000000 
50.000000 43.365008 37.063835 31.379981 26.508938 22.541311 19.468100 17.203062 15.613460 14.550359 13.872243 13.459318 13.219057 13.085346 13.014104 12.977725 12.959905 12.951522 12.947732 12.946084 12.945393 12.945114 12.945006 12.944965 12.944950 12.944944 12.944942 12.944940 12.944937 12.944927 12.944902 12.944835 12.944668 12.944262 12.943309 12.941145 12.936398 12.926347 12.905796 12.865249 12.788066 12.646376 12.395707 11.968839 11.270655 10.178121 8.553639 6.285080 3.365629 0.000000 
50.000000 44.323786 38.933135 34.070572 29.903333 26.508938 23.879696 21.941842 20.581829 19.672253 19.092051 18.738739 18.533158 18.418744 18.357780 18.326650 18.311400 18.304226 18.300982 18.299571 18.298980 18.298741 18.298648 18.298613 18.298601 18.298596 18.298594 18.298592 18.298589 18.298579 18.298552 18.298482 18.298308 18.297881 18.296875 18.294581 18.289520 18.278732 18.256492 18.212168 18.126729 17.967408 17.679930 17.178020 16.330817 14.951667 12.799032 9.616523 5.265085 0.000000 
50.000000 45.500831 41.227998 37.373726 34.070572 31.379981 29.295868 27.759770 26.681696 25.960667 25.500724 25.220638 25.057660 24.966954 24.918621 24.893939 24.881848 24.876160 24.873588 24.872469 24.872001 24.871811 24.871737 24.871710 24.871700 24.871696 24.871694 24.871693 24.871689 24.871680 24.871656 24.871591 24.871429 24.871033 24.870094 24.867945 24.863183 24.852967 24.831751 24.789066 24.705794 24.548094 24.257734 23.737067 22.826342 21.271540 18.686863 14.542459 8.296455 0.000000 
50.000000 46.874247 43.905733 41.227998 38.933135 37.063835 35.615872 34.548637 33.799613 33.298648 32.979079 32.784470 32.671228 32.608201 32.574617 32.557466 32.549064 32.545111 32.543324 32.542546 32.542221 32.542089 32.542038 32.542019 32.542011 32.542009 32.542008 32.542007 32.542004 32.541997 32.541978 32.541928 32.541802 32.541494 32.540761 32.539079 32.535337 32.527270 32.510414 32.476231 32.408854 32.279489 32.036784 31.590007 30.778755 29.316612 26.685539 21.952866 13.574646 0.000000 
50.000000 48.396801 46.874247 45.500831 44.323786 43.365008 42.622333 42.074933 41.690744 41.433787 41.269871 41.170049 41.111962 41.079632 41.062405 41.053607 41.049297 41.047270 41.046353 41.045954 41.045787 41.045719 41.045693 41.045683 41.045679 41.045678 41.045677 41.045677 41.045675 41.045672 41.045661 41.045634 41.045565 41.045395 41.044993 41.044066 41.041999 41.037528 41.028149 41.009026 40.971061 40.897440 40.757332 40.493878 39.999379 39.058701 37.204376 33.299601 24.198400 0.000000 
50.000000 50.000000 50.000000 50.000000 50.000000 50.000000 50.000000 50.000000 50.000000 50.000000 50.000000 50.000000 50.000000 50.000000 50.000000 50.000000 50.000000 50.000000 50.000000 50.000000 50.000000 50.000000 50.000000 50.000000 50.000000 50.000000 50.000000 50.000000 50.000000 50.000000 50.000000 50.000000 50.000000 50.000000 50.000000 50.000000 50.000000 50.000000 50.000000 50.000000 50.000000 50.000000 50.000000 50.000000 50.000000 50.000000 50.000000 50.000000 50.000000 50.000000 
