50.000000 50.000000 50.000000 50.000000 50.000000 50.000000 50.000000 50.000000 50.000000 50.000000 50.000000 50.000000 50.000000 50.000000 50.000000 50.000000 50.000000 50.000000 50.000000 50.000000 50.000000 50.000000 50.000000 50.000000 50.000000 50.000000 50.000000 50.000000 50.000000 50.000000 50.000000 50.000000 50.000000 50.000000 50.000000 50.000000 50.000000 50.000000 50.000000 50.000000 50.000000 50.000000 50.000000 50.000000 50.000000 50.000000 50.000000 50.000000 50.000000 50.000000 
50.000000 48.837154 47.716752 46.676596 45.746046 44.943698 44.276813 43.742361 43.329257 43.021195 42.799477 42.645408 42.542000 42.474931 42.432878 42.407374 42.392407 42.383903 42.379222 42.376726 42.375434 42.374786 42.374471 42.374321 42.374252 42.374220 42.374202 42.374188 42.374164 42.374116 42.374012 42.373792 42.373336 42.372411 42.370582 42.367049 42.360378 42.348056 42.325761 42.286163 42.216951 42.097464 41.892673 41.541639 40.933397 39.851123 37.827949 33.730402 24.418577 0.000000 
50.000000 47.716752 45.516845 43.474503 41.647374 40.071973 38.762554 37.713168 36.902051 36.297182 35.861849 35.559343 35.356306 35.224622 35.142054 35.091980 35.062593 35.045897 35.036707 35.031806 35.029271 35.027999 35.027379 35.027085 35.026949 35.026886 35.026853 35.026824 35.026780 35.026690 35.026496 35.026084 35.025232 35.023507 35.020101 35.013533 35.001166 34.978393 34.937350 34.864834 34.738968 34.523771 34.160034 33.549413 32.525401 30.798429 27.851583 22.758423 13.986350 0.000000 
50.000000 46.676596 43.474503 40.501759 37.842275 35.549204 33.643290 32.115871 30.935269 30.054871 29.421239 28.980943 28.685426 28.493763 28.373589 28.300709 28.257940 28.233639 28.220265 28.213131 28.209442 28.207590 28.206688 28.206261 28.206064 28.205972 28.205924 28.205884 28.205824 28.205703 28.205442 28.204890 28.203749 28.201444 28.196904 28.188178 28.171809 28.141813 28.088078 27.993873 27.832020 27.559040 27.106174 26.365575 25.169321 23.259182 20.250879 15.622920 8.848647 0.000000 
50.000000 45.746046 41.647374 37.842275 34.438160 31.503062 29.063532 27.108481 25.597355 24.470489 23.659478 23.095931 22.717696 22.472387 22.318578 22.225302 22.170563 22.139463 22.122346 22.113217 22.108495 22.106126 22.104972 22.104425 22.104172 22.104056 22.103995 22.103948 22.103878 22.103738 22.103440 22.102810 22.101510 22.098893 22.093755 22.083921 22.065561 22.032122 21.972665 21.869409 21.694127 21.403064 20.929951 20.176900 19.003754 17.219080 14.583094 10.848945 5.894923 0.000000 
50.000000 44.943698 40.071973 35.549204 31.503062 28.014411 25.114811 22.791073 20.994993 19.655645 18.691721 18.021927 17.572387 17.280837 17.098038 16.987183 16.922129 16.885168 16.864827 16.853978 16.848367 16.845551 16.844180 16.843530 16.843230 16.843092 16.843023 16.842970 16.842897 16.842752 16.842446 16.841800 16.840471 16.837805 16.832591 16.822659 16.804222 16.770869 16.712060 16.610973 16.441553 16.164691 15.723651 15.039356 14.007206 12.499308 10.379883 7.546572 4.010302 0.000000 
50.000000 44.276813 38.762554 33.643290 29.063532 25.114811 21.832843 19.202699 17.169806 15.653883 14.562891 13.804811 13.296025 12.966056 12.759171 12.633712 12.560089 12.518261 12.495241 12.482963 12.476614 12.473428 12.471876 12.471141 12.470802 12.470647 12.470570 12.470516 12.470445 12.470307 12.470016 12.469407 12.468157 12.465658 12.460794 12.451575 12.434565 12.404017 12.350622 12.259798 12.109503 11.867670 11.489639 10.916422 10.075455 8.886632 7.277714 5.213141 2.735175 0.000000 
50.000000 43.742361 37.713168 32.115871 27.108481 22.791073 19.202699 16.327026 14.104380 12.446976 11.254176 10.425367 9.869117 9.508372 9.282195 9.145039 9.064554 9.018827 8.993663 8.980242 8.973301 8.969818 8.968122 8.967319 8.966949 8.966780 8.966698 8.966645 8.966579 8.966456 8.966199 8.965662 8.964565 8.962381 8.958150 8.950172 8.935545 8.909469 8.864283 8.788209 8.663846 8.466609 8.163513 7.713060 7.067422 6.178529 5.009698 3.553135 1.849688 0.000000 
50.000000 43.329257 36.902051 30.935269 25.597355 20.994993 17.169806 14.104380 11.735093 9.968359 8.696892 7.813432 7.220513 6.835992 6.594912 6.448721 6.362936 6.314199 6.287379 6.273074 6.265677 6.261965 6.260158 6.259302 6.258908 6.258729 6.258645 6.258593 6.258535 6.258431 6.258217 6.257772 6.256866 6.255070 6.251606 6.245112 6.233278 6.212333 6.176343 6.116339 6.019354 5.867547 5.637771 5.302136 4.830302 4.194291 3.376229 2.378281 1.231793 0.000000 
50.000000 43.021195 36.297182 30.054871 24.470489 19.655645 15.653883 12.446976 9.968359 8.120118 6.790007 5.865810 5.245559 4.843318 4.591132 4.438209 4.348475 4.297495 4.269441 4.254479 4.246742 4.242860 4.240970 4.240075 4.239663 4.239477 4.239390 4.239341 4.239292 4.239209 4.239040 4.238690 4.237982 4.236584 4.233900 4.228894 4.219828 4.203893 4.176728 4.131849 4.060059 3.949006 3.783130 3.544380 3.214092 2.776362 2.222851 1.558214 0.804244 0.000000 
50.000000 42.799477 35.861849 29.421239 23.659478 18.691721 14.562891 11.254176 8.696892 6.790007 5.417705 4.464202 3.824291 3.409305 3.149133 2.991369 2.898795 2.846203 2.817262 2.801828 2.793846 2.789842 2.787892 2.786969 2.786544 2.786353 2.786266 2.786219 2.786178 2.786114 2.785987 2.785726 2.785200 2.784165 2.782187 2.778516 2.771908 2.760368 2.740842 2.708852 2.658158 2.580553 2.465968 2.303093 2.080748 1.790070 1.427366 0.997015 0.513314 0.000000 
50.000000 42.645408 35.559343 28.980943 23.095931 18.021927 13.804811 10.425367 7.813432 5.865810 4.464202 3.490347 2.836782 2.412946 2.147229 1.986104 1.891559 1.837849 1.808292 1.792530 1.784379 1.780289 1.778298 1.777356 1.776923 1.776728 1.776640 1.776596 1.776563 1.776515 1.776423 1.776238 1.775864 1.775133 1.773741 1.771173 1.766572 1.758589 1.745173 1.723360 1.689082 1.637090 1.561084 1.454190 1.309867 1.123266 0.892865 0.621993 0.319648 0.000000 
50.000000 42.542000 35.356306 28.685426 22.717696 17.572387 13.296025 9.869117 7.220513 5.245559 3.824291 2.836782 2.174060 1.744289 1.474853 1.311474 1.215608 1.161148 1.131179 1.115197 1.106932 1.102786 1.100767 1.099812 1.099373 1.099176 1.099088 1.099046 1.099019 1.098984 1.098921 1.098794 1.098540 1.098046 1.097109 1.095388 1.092322 1.087030 1.078193 1.063923 1.041666 1.008180 0.959649 0.892008 0.801519 0.685574 0.543613 0.377913 0.193944 0.000000 
50.000000 42.474931 35.224622 28.493763 22.472387 17.280837 12.966056 9.508372 6.835992 4.843318 3.409305 2.412946 1.744289 1.310672 1.038826 0.873988 0.777266 0.722320 0.692084 0.675960 0.667621 0.663438 0.661401 0.660438 0.659995 0.659797 0.659709 0.659669 0.659646 0.659621 0.659579 0.659496 0.659330 0.659010 0.658405 0.657298 0.655336 0.651968 0.646374 0.637397 0.623490 0.602714 0.572827 0.531490 0.476616 0.406825 0.321954 0.223456 0.114553 0.000000 
50.000000 42.432878 35.142054 28.373589 22.318578 17.098038 12.759171 9.282195 6.594912 4.591132 3.149133 2.147229 1.474853 1.038826 0.765471 0.599719 0.502461 0.447211 0.416808 0.400594 0.392210 0.388004 0.385956 0.384987 0.384542 0.384343 0.384255 0.384216 0.384196 0.384178 0.384151 0.384098 0.383995 0.383795 0.383420 0.382736 0.381528 0.379465 0.376056 0.370617 0.362239 0.349801 0.332023 0.307597 0.275380 0.234658 0.185411 0.128520 0.065829 0.000000 
50.000000 42.407374 35.091980 28.300709 22.225302 16.987183 12.633712 9.145039 6.448721 4.438209 2.991369 1.986104 1.311474 0.873988 0.599719 0.433413 0.335830 0.280396 0.249892 0.233624 0.225212 0.220992 0.218937 0.217966 0.217519 0.217319 0.217232 0.217194 0.217175 0.217162 0.217145 0.217113 0.217051 0.216931 0.216706 0.216299 0.215583 0.214365 0.212362 0.209182 0.204309 0.197115 0.186889 0.172918 0.154592 0.131547 0.103806 0.071879 0.036792 0.000000 
50.000000 42.392407 35.062594 28.257940 22.170563 16.922129 12.560089 9.064554 6.362936 4.348475 2.898795 1.891559 1.215608 0.777266 0.502461 0.335830 0.238058 0.182516 0.151952 0.135653 0.127225 0.122997 0.120938 0.119964 0.119517 0.119317 0.119230 0.119192 0.119175 0.119165 0.119154 0.119135 0.119098 0.119029 0.118900 0.118666 0.118256 0.117563 0.116426 0.114630 0.111891 0.107866 0.102172 0.094431 0.084324 0.071671 0.056496 0.039086 0.019995 0.000000 
50.000000 42.383903 35.045897 28.233639 22.139463 16.885168 12.518261 9.018827 6.314199 4.297496 2.846203 1.837849 1.161148 0.722320 0.447211 0.280396 0.182516 0.126912 0.096315 0.079998 0.071561 0.067328 0.065267 0.064292 0.063844 0.063644 0.063557 0.063520 0.063504 0.063495 0.063488 0.063477 0.063456 0.063418 0.063346 0.063216 0.062990 0.062608 0.061985 0.061004 0.059513 0.057333 0.054262 0.050104 0.044697 0.037953 0.029891 0.020665 0.010567 0.000000 
50.000000 42.379222 35.036708 28.220265 22.122347 16.864827 12.495241 8.993663 6.287379 4.269442 2.817263 1.808293 1.131180 0.692085 0.416808 0.249892 0.151953 0.096316 0.065700 0.049373 0.040931 0.036695 0.034633 0.033658 0.033210 0.033009 0.032922 0.032885 0.032870 0.032862 0.032857 0.032851 0.032840 0.032819 0.032780 0.032711 0.032590 0.032386 0.032056 0.031537 0.030752 0.029607 0.028002 0.025835 0.023028 0.019537 0.015375 0.010623 0.005430 0.000000 
50.000000 42.376726 35.031806 28.213132 22.113218 16.853979 12.482964 8.980243 6.273076 4.254481 2.801829 1.792531 1.115198 0.675961 0.400596 0.233626 0.135655 0.079999 0.049374 0.033042 0.024597 0.020360 0.018297 0.017322 0.016873 0.016673 0.016586 0.016549 0.016534 0.016527 0.016523 0.016519 0.016513 0.016502 0.016482 0.016446 0.016384 0.016279 0.016109 0.015843 0.015442 0.014860 0.014045 0.012949 0.011534 0.009778 0.007691 0.005311 0.002714 0.000000 
50.000000 42.375435 35.029272 28.209443 22.108497 16.848369 12.476617 8.973304 6.265680 4.246746 2.793850 1.784382 1.106936 0.667625 0.392214 0.225216 0.127229 0.071564 0.040934 0.024599 0.016153 0.011915 0.009852 0.008876 0.008428 0.008228 0.008140 0.008104 0.008088 0.008082 0.008079 0.008077 0.008073 0.008068 0.008058 0.008039 0.008008 0.007956 0.007871 0.007739 0.007540 0.007252 0.006851 0.006313 0.005619 0.004761 0.003742 0.002583 0.001320 0.000000 
50.000000 42.374788 35.028002 28.207595 22.106131 16.845558 12.473435 8.969826 6.261974 4.242869 2.789851 1.780299 1.102796 0.663448 0.388014 0.221002 0.123006 0.067338 0.036705 0.020369 0.011921 0.007683 0.005620 0.004644 0.004196 0.003996 0.003909 0.003872 0.003857 0.003850 0.003848 0.003846 0.003844 0.003841 0.003836 0.003828 0.003812 0.003787 0.003746 0.003682 0.003586 0.003448 0.003256 0.002998 0.002667 0.002259 0.001775 0.001225 0.000625 0.000000 
50.000000 42.374475 35.027387 28.206700 22.104986 16.844197 12.471895 8.968143 6.260180 4.240993 2.787915 1.778322 1.100792 0.661426 0.385981 0.218962 0.120963 0.065292 0.034658 0.018321 0.009873 0.005635 0.003571 0.002596 0.002147 0.001947 0.001860 0.001823 0.001808 0.001802 0.001799 0.001798 0.001797 0.001796 0.001793 0.001789 0.001782 0.001770 0.001750 0.001720 0.001675 0.001610 0.001519 0.001398 0.001243 0.001052 0.000827 0.000570 0.000291 0.000000 
50.000000 42.374331 35.027105 28.206289 22.104461 16.843573 12.471189 8.967371 6.259358 4.240133 2.787028 1.777416 1.099873 0.660499 0.385049 0.218027 0.120026 0.064354 0.033719 0.017382 0.008934 0.004696 0.002632 0.001657 0.001208 0.001008 0.000921 0.000884 0.000869 0.000863 0.000860 0.000859 0.000859 0.000858 0.000857 0.000855 0.000851 0.000845 0.000836 0.000821 0.000799 0.000768 0.000725 0.000667 0.000592 0.000501 0.000394 0.000271 0.000139 0.000000 
50.000000 42.374276 35.026996 28.206131 22.104259 16.843333 12.470917 8.967074 6.259041 4.239801 2.786686 1.777067 1.099519 0.660143 0.384690 0.217667 0.119665 0.063993 0.033358 0.017021 0.008573 0.004335 0.002271 0.001295 0.000847 0.000647 0.000560 0.000523 0.000508 0.000502 0.000499 0.000498 0.000498 0.000497 0.000496 0.000495 0.000493 0.000490 0.000484 0.000475 0.000463 0.000444 0.000419 0.000386 0.000342 0.000290 0.000227 0.000157 0.000080 0.000000 
50.000000 42.374276 35.026996 28.206131 22.104259 16.843333 12.470917 8.967074 6.259041 4.239801 2.786686 1.777067 1.099519 0.660143 0.384690 0.217667 0.119665 0.063993 0.033358 0.017021 0.008573 0.004335 0.002271 0.001295 0.000847 0.000647 0.000560 0.000523 0.000508 0.000502 0.000499 0.000498 0.000498 0.000497 0.000496 0.000495 0.000493 0.000490 0.000484 0.000475 0.000463 0.000444 0.000419 0.000386 0.000342 0.000290 0.000227 0.000157 0.000080 0.000000 
50.000000 42.374331 35.027105 28.206289 22.104461 16.843573 12.471189 8.967371 6.259358 4.240133 2.787028 1.777416 1.099873 0.660499 0.385049 0.218027 0.120026 0.064354 0.033719 0.017382 0.008934 0.004696 0.002632 0.001657 0.001208 0.001008 0.000921 0.000884 0.000869 0.000863 0.000860 0.000859 0.000859 0.000858 0.000857 0.000855 0.000851 0.000845 0.000836 0.000821 0.000799 0.000768 0.000725 0.000667 0.000592 0.000501 0.000394 0.000271 0.000139 0.000000 
50.000000 42.374475 35.027387 28.206700 22.104986 16.844197 12.471895 8.968143 6.260180 4.240993 2.787915 1.778322 1.100792 0.661426 0.385981 0.218962 0.120963 0.065292 0.034658 0.018321 0.009873 0.005635 0.003571 0.002596 0.002147 0.001947 0.001860 0.001823 0.001808 0.001802 0.001799 0.001798 0.001797 0.001796 0.001793 0.001789 0.001782 0.001770 0.001750 0.001720 0.001675 0.001610 0.001519 0.001398 0.001243 0.001052 0.000827 0.000570 0.000291 0.000000 
50.000000 42.374788 35.028002 28.207595 22.106131 16.845558 12.473435 8.969826 6.261974 4.242869 2.789851 1.780299 1.102796 0.663448 0.388014 0.221002 0.123006 0.067338 0.036705 0.020369 0.011921 0.007683 0.005620 0.004644 0.004196 0.003996 0.003909 0.003872 0.003857 0.003850 0.003848 0.003846 0.003844 0.003841 0.003836 0.003828 0.003812 0.003787 0.003746 0.003682 0.003586 0.003448 0.003256 0.002998 0.002667 0.002259 0.001775 0.001225 0.000625 0.000000 
50.000000 42.375435 35.029272 28.209443 22.108497 16.848369 12.476617 8.973304 6.265680 4.246746 2.793850 1.784382 1.106936 0.667625 0.392214 0.225216 0.127229 0.071564 0.040934 0.024599 0.016153 0.011915 0.009852 0.008876 0.008428 0.008228 0.008140 0.008104 0.008088 0.008082 0.008079 0.008077 0.008073 0.008068 0.008058 0.008039 0.008008 0.007956 0.007871 0.007739 0.007540 0.007252 0.006851 0.006313 0.005619 0.004761 0.003742 0.002583 0.001320 0.000000 
50.000000 42.376726 35.031806 28.213132 22.113218 16.853979 12.482964 8.980243 6.273076 4.254481 2.801829 1.792531 1.115198 0.675961 0.400596 0.233626 0.135655 0.079999 0.049374 0.033042 0.024597 0.020360 0.018297 0.017322 0.016873 0.016673 0.016586 0.016549 0.016534 0.016527 0.016523 0.016519 0.016513 0.016502 0.016482 0.016446 0.016384 0.016279 0.016109 0.015843 0.015442 0.014860 0.014045 0.012949 0.011534 0.009778 0.007691 0.005311 0.002714 0.000000 
50.000000 42.379222 35.036708 28.220265 22.122347 16.864827 12.495241 8.993663 6.287379 4.269442 2.817263 1.808293 1.131180 0.692085 0.416808 0.249892 0.151953 0.096316 0.065700 0.049373 0.040931 0.036695 0.034633 0.033658 0.033210 0.033009 0.032922 0.032885 0.032870 0.032862 0.032857 0.032851 0.032840 0.032819 0.032780 0.032711 0.032590 0.032386 0.032056 0.031537 0.030752 0.029607 0.028002 0.025835 0.023028 0.019537 0.015375 0.010623 0.005430 0.000000 
50.000000 42.383903 35.045897 28.233639 22.139463 16.885168 12.518261 9.018827 6.314199 4.297496 2.846203 1.837849 1.161148 0.722320 0.447211 0.280396 0.182516 0.126912 0.096315 0.079998 0.071561 0.067328 0.065267 0.064292 0.063844 0.063644 0.063557 0.063520 0.063504 0.063495 0.063488 0.063477 0.063456 0.063418 0.063346 0.063216 0.062990 0.062608 0.061985 0.061004 0.059513 0.057333 0.054262 0.050104 0.044697 0.037953 0.029891 0.020665 0.010567 0.000000 
50.000000 42.392407 35.062594 28.257940 22.170563 16.922129 12.560089 9.064554 6.362936 4.348475 2.898795 1.891559 1.215608 0.777266 0.502461 0.335830 0.238058 0.182516 0.151952 0.135653 0.127225 0.122997 0.120938 0.119964 0.119517 0.119317 0.119230 0.119192 0.119175 0.119165 0.119154 0.119135 0.119098 0.119029 0.118900 0.118666 0.118256 0.117563 0.116426 0.114630 0.111891 0.107866 0.102172 0.094431 0.084324 0.071671 0.056496 0.039086 0.019995 0.000000 
50.000000 42.407374 35.091980 28.300709 22.225302 16.987183 12.633712 9.145039 6.448721 4.438209 2.991369 1.986104 1.311474 0.873988 0.599719 0.433413 0.335830 0.280396 0.249892 0.233624 0.225212 0.220992 0.218937 0.217966 0.217519 0.217319 0.217232 0.217194 0.217175 0.217162 0.217145 0.217113 0.217051 0.216931 0.216706 0.216299 0.215583 0.214365 0.212362 0.209182 0.204309 0.197115 0.186889 0.172918 0.154592 0.131547 0.103806 0.071879 0.036792 0.000000 
50.000000 42.432878 35.142054 28.373589 22.318578 17.098038 12.759171 9.282195 6.594912 4.591132 3.149133 2.147229 1.474853 1.038826 0.765471 0.599719 0.502461 0.447211 0.416808 0.400594 0.392210 0.388004 0.385956 0.384987 0.384542 0.384343 0.384255 0.384216 0.384196 0.384178 0.384151 0.384098 0.383995 0.383795 0.383420 0.382736 0.381528 0.379465 0.376056 0.370617 0.362239 0.349801 0.332023 0.307597 0.275380 0.234658 0.185411 0.128520 0.065829 0.000000 
50.000000 42.474931 35.224622 28.493763 22.472387 17.280837 12.966056 9.508372 6.835992 4.843318 3.409305 2.412946 1.744289 1.310672 1.038826 0.873988 0.777266 0.722320 0.692084 0.675960 0.667621 0.663438 0.661401 0.660438 0.659995 0.659797 0.659709 0.659669 0.659646 0.659621 0.659579 0.659496 0.659330 0.659010 0.658405 0.657298 0.655336 0.651968 0.646374 0.637397 0.623490 0.602714 0.572827 0.531490 0.476616 0.406825 0.321954 0.223456 0.114553 0.000000 
50.000000 42.542000 35.356306 28.685426 22.717696 17.572387 13.296025 9.869117 7.220513 5.245559 3.824291 2.836782 2.174060 1.744289 1.474853 1.311474 1.215608 1.161148 1.131179 1.115197 1.106932 1.102786 1.100767 1.099812 1.099373 1.099176 1.099088 1.099046 1.099019 1.098984 1.098921 1.098794 1.098540 1.098046 1.097109 1.095388 1.092322 1.087030 1.078193 1.063923 1.041666 1.008180 0.959649 0.892008 0.801519 0.685574 0.543613 0.377913 0.193944 0.000000 
50.000000 42.645408 35.559343 28.980943 23.095931 18.021927 13.804811 10.425367 7.813432 5.865810 4.464202 3.490347 2.836782 2.412946 2.147229 1.986104 1.891559 1.837849 1.808292 1.792530 1.784379 1.780289 1.778298 1.777356 1.776923 1.776728 1.776640 1.776596 1.776563 1.776515 1.776423 1.776238 1.775864 1.775133 1.773741 1.771173 1.766572 1.758589 1.745173 1.723360 1.689082 1.637090 1.561084 1.454190 1.309867 1.123266 0.892865 0.621993 0.319648 0.000000 
50.000000 42.799477 35.861849 29.421239 23.659478 18.691721 14.562891 11.254176 8.696892 6.790007 5.417705 4.464202 3.824291 3.409305 3.149133 2.991369 2.898795 2.846203 2.817262 2.801828 2.793846 2.789842 2.787892 2.786969 2.786544 2.786353 2.786266 2.786219 2.786178 2.786114 2.785987 2.785726 2.785200 2.784165 2.782187 2.778516 2.771908 2.760368 2.740842 2.708852 2.658158 2.580553 2.465968 2.303093 2.080748 1.790070 1.427366 0.997015 0.513314 0.000000 
50.000000 43.021195 36.297182 30.054871 24.470489 19.655645 15.653883 12.446976 9.968359 8.120118 6.790007 5.865810 5.245559 4.843318 4.591132 4.438209 4.348475 4.297495 4.269441 4.254479 4.246742 4.242860 4.240970 4.240075 4.239663 4.239477 4.239390 4.239341 4.239292 4.239209 4.239040 4.238690 4.237982 4.236584 4.233900 4.228894 4.219828 4.203893 4.176728 4.131849 4.060059 3.949006 3.783130 3.544380 3.214092 2.776362 2.222851 1.558214 0.804244 0.000000 
50.000000 43.329257 36.902051 30.935269 25.597355 20.994993 17.169806 14.104380 11.735093 9.968359 8.696892 7.813432 7.220513 6.835992 6.594912 6.448721 6.362936 6.314199 6.287379 6.273074 6.265677 6.261965 6.260158 6.259302 6.258908 6.258729 6.258645 6.258593 6.258535 6.258431 6.258217 6.257772 6.256866 6.255070 6.251606 6.245112 6.233278 6.212333 6.176343 6.116339 6.019354 5.867547 5.637771 5.302136 4.830302 4.194291 3.376229 2.378281 1.231793 0.000000 
50.000000 43.742361 37.713168 32.115871 27.108481 22.791073 19.202699 16.327026 14.104380 12.446976 11.254176 10.425367 9.869117 9.508372 9.282195 9.145039 9.064554 9.018827 8.993663 8.980242 8.973301 8.969818 8.968122 8.967319 8.966949 8.966780 8.966698 8.966645 8.966579 8.966456 8.966199 8.965662 8.964565 8.962381 8.958150 8.950172 8.935545 8.909469 8.864283 8.788209 8.663846 8.466609 8.163513 7.713060 7.067422 6.178529 5.009698 3.553135 1.849688 0.000000 
50.000000 44.276813 38.762554 33.643290 29.063532 25.114811 21.832843 19.202699 17.169806 15.653883 14.562891 13.804811 13.296025 12.966056 12.759171 12.633712 12.560089 12.518261 12.495241 12.482963 12.476614 12.473428 12.471876 12.471141 12.470802 12.470647 12.470570 12.470516 12.470445 12.470307 12.470016 12.469407 12.468157 12.465658 12.460794 12.451575 12.434565 12.404017 12.350622 12.259798 12.109503 11.867670 11.489639 10.916422 10.075455 8.886632 7.277714 5.213141 2.735175 0.000000 
50.000000 44.943698 40.071973 35.549204 31.503062 28.014411 25.114811 22.791073 20.994993 19.655645 18.691721 18.021927 17.572387 17.280837 17.098038 16.987183 16.922129 16.885168 16.864827 16.853978 16.848367 16.845551 16.844180 16.843530 16.843230 16.843092 16.843023 16.842970 16.842897 16.842752 16.842446 16.841800 16.840471 16.837805 16.832591 16.822659 16.804222 16.770869 16.712060 16.610973 16.441553 16.164691 15.723651 15.039356 14.007206 12.499308 10.379883 7.546572 4.010302 0.000000 
50.000000 45.746046 41.647374 37.842275 34.438160 31.503062 29.063532 27.108481 25.597355 24.470489 23.659478 23.095931 22.717696 22.472387 22.318578 22.225302 22.170563 22.139463 22.122346 22.113217 22.108495 22.106126 22.104972 22.104425 22.104172 22.104056 22.103995 22.103948 22.103878 22.103738 22.103440 22.102810 22.101510 22.098893 22.093755 22.083921 22.065561 22.032122 21.972665 21.869409 21.694127 21.403064 20.929951 20.176900 19.003754 17.219080 14.583094 10.848945 5.894923 0.000000 
50.000000 46.676596 43.474503 40.501759 37.842275 35.549204 33.643290 32.115871 30.935269 30.054871 29.421239 28.980943 28.685426 28.493763 28.373589 28.300709 28.257940 28.233639 28.220265 28.213131 28.209442 28.207590 28.206688 28.206261 28.206064 28.205972 28.205924 28.205884 28.205824 28.205703 28.205442 28.204890 28.203749 28.201444 28.196904 28.188178 28.171809 28.141813 28.088078 27.993873 27.832020 27.559040 27.106174 26.365575 25.169321 23.259182 20.250879 15.622920 8.848647 0.000000 
50.000000 47.716752 45.516845 43.474503 41.647374 40.071973 38.762554 37.713168 36.902051 36.297182 35.861849 35.559343 35.356306 35.224622 35.142054 35.091980 35.062593 35.045897 35.036707 35.031806 35.029271 35.027999 35.027379 35.027085 35.026949 35.026886 35.026853 35.026824 35.026780 35.026690 35.026496 35.026084 35.025232 35.023507 35.020101 35.013533 35.001166 34.978393 34.937350 34.864834 34.738968 34.523771 34.160034 33.549413 32.525401 30.798429 27.851583 22.758423 13.986350 0.000000 
50.000000 48.837154 47.716752 46.676596 45.746046 44.943698 44.276813 43.742361 43.329257 43.021195 42.799477 42.645408 42.542000 42.474931 42.432878 42.407374 42.392407 42.383903 42.379222 42.376726 42.375434 42.374786 42.374471 42.374321 42.374252 42.374220 42.374202 42.374188 42.374164 42.374116 42.374012 42.373792 42.373336 42.372411 42.370582 42.367049 42.360378 42.348056 42.325761 42.286163 42.216951 42.097464 41.892673 41.541639 40.933397 39.851123 37.827949 33.730402 24.418577 0.000000 
50.000000 50.000000 50.000000 50.000000 50.000000 50.000000 50.000000 50.000000 50.000000 50.000000 50.000000 50.000000 50.000000 50.000000 50.000000 50.000000 50.000000 50.000000 50.000000 50.000000 50.000000 50.000000 50.000000 50.000000 50.000000 50.000000 50.000000 50.000000 50.000000 50.000000 50.000000 50.000000 50.000000 50.000000 50.000000 50.000000 50.000000 50.000000 50.000000 50.000000 50.000000 50.000000 50.000000 50.000000 50.000000 50.000000 50.000000 50.000000 50.000000 50.000000 
