50.000000 50.000000 50.000000 50.000000 50.000000 50.000000 50.000000 50.000000 50.000000 50.000000 50.000000 50.000000 50.000000 50.000000 50.000000 50.000000 50.000000 50.000000 50.000000 50.000000 50.000000 50.000000 50.000000 50.000000 50.000000 50.000000 50.000000 50.000000 50.000000 50.000000 50.000000 50.000000 50.000000 50.000000 50.000000 50.000000 50.000000 50.000000 50.000000 50.000000 50.000000 50.000000 50.000000 50.000000 50.000000 50.000000 50.000000 50.000000 50.000000 50.000000 
50.000000 48.411201 46.901606 45.538591 44.368812 43.414176 42.673005 42.125223 41.739561 41.480710 41.314943 41.213566 41.154306 41.121162 41.103410 41.094295 41.089805 41.087680 41.086713 41.086289 41.086111 41.086038 41.086010 41.085999 41.085995 41.085994 41.085993 41.085992 41.085991 41.085987 41.085975 41.085946 41.085873 41.085694 41.085272 41.084304 41.082158 41.077540 41.067895 41.048318 41.009609 40.934822 40.792977 40.527051 40.029204 39.084208 37.224589 33.313641 24.205600 0.000000 
50.000000 46.901606 43.957677 41.299606 39.018381 37.156725 35.711360 34.643132 33.891060 33.386285 33.063033 32.865347 32.749790 32.685162 32.650546 32.632773 32.624016 32.619873 32.617988 32.617162 32.616814 32.616673 32.616617 32.616596 32.616588 32.616586 32.616584 32.616583 32.616580 32.616573 32.616552 32.616499 32.616365 32.616039 32.615270 32.613513 32.609625 32.601284 32.583937 32.548914 32.480161 32.348641 32.102721 31.651373 30.833927 29.363798 26.722931 21.978839 13.587965 0.000000 
50.000000 45.538591 41.299606 37.472247 34.187527 31.506964 29.425832 27.887745 26.804890 26.078111 25.612698 25.328079 25.161707 25.068662 25.018827 24.993240 24.980635 24.974670 24.971956 24.970768 24.970267 24.970063 24.969983 24.969953 24.969942 24.969938 24.969936 24.969934 24.969931 24.969921 24.969894 24.969825 24.969653 24.969234 24.968247 24.965999 24.961044 24.950468 24.928607 24.884814 24.799729 24.639192 24.344598 23.817909 22.899025 21.333702 18.736123 14.576675 8.314002 0.000000 
50.000000 44.368812 39.018381 34.187527 30.041622 26.658304 24.031602 22.090335 20.723654 19.806398 19.219020 18.859823 18.649863 18.532443 18.469555 18.437268 18.421361 18.413835 18.410411 18.408912 18.408280 18.408023 18.407922 18.407884 18.407870 18.407864 18.407862 18.407860 18.407856 18.407845 18.407817 18.407742 18.407556 18.407104 18.406044 18.403640 18.398366 18.387176 18.364219 18.318664 18.231209 18.068733 17.776547 17.267939 16.411662 15.020811 12.853825 9.654583 5.284604 0.000000 
50.000000 43.414176 37.156725 31.506964 26.658304 22.701543 19.629680 17.359456 15.761217 14.688572 14.001706 13.581680 13.336172 13.198876 13.125345 13.087595 13.068998 13.060198 13.056195 13.054443 13.053704 13.053404 13.053286 13.053241 13.053225 13.053219 13.053216 13.053214 13.053211 13.053200 13.053172 13.053101 13.052923 13.052492 13.051485 13.049212 13.044254 13.033806 13.012545 12.970779 12.891598 12.746783 12.491450 12.057946 11.350771 10.246642 8.607939 6.322798 3.384973 0.000000 
50.000000 42.673005 35.711360 29.425832 24.031602 19.629680 16.212267 13.686712 11.908756 10.715524 9.951459 9.484239 9.211153 9.058440 8.976655 8.934668 8.913985 8.904199 8.899747 8.897799 8.896977 8.896643 8.896512 8.896462 8.896444 8.896438 8.896435 8.896433 8.896430 8.896420 8.896396 8.896334 8.896179 8.895806 8.894939 8.892990 8.888764 8.879920 8.862075 8.827376 8.762398 8.645329 8.442657 8.106133 7.571734 6.763663 5.607923 4.059987 2.145954 0.000000 
50.000000 42.125223 34.643132 27.887745 22.090335 17.359456 13.686712 10.972509 9.061784 7.779476 6.958394 6.456321 6.162873 5.998778 5.910900 5.865787 5.843564 5.833050 5.828268 5.826174 5.825292 5.824933 5.824792 5.824739 5.824719 5.824712 5.824710 5.824708 5.824705 5.824698 5.824678 5.824628 5.824504 5.824207 5.823519 5.821981 5.818664 5.811773 5.797984 5.771433 5.722289 5.634967 5.486254 5.244056 4.868007 4.313788 3.543147 2.540411 1.332246 0.000000 
50.000000 41.739561 33.891060 26.804890 20.723654 15.761217 11.908756 9.061784 7.057630 5.712648 4.851453 4.324865 4.017096 3.844998 3.752837 3.705527 3.682223 3.671197 3.666182 3.663987 3.663062 3.662686 3.662538 3.662482 3.662462 3.662454 3.662452 3.662450 3.662448 3.662442 3.662428 3.662390 3.662298 3.662078 3.661570 3.660442 3.658022 3.653029 3.643117 3.624206 3.589579 3.528815 3.426816 3.263427 3.014433 2.654921 2.165698 1.542419 0.804739 0.000000 
50.000000 41.480710 33.386285 26.078111 19.806398 14.688572 10.715524 7.779476 5.712648 4.325629 3.437534 2.894509 2.577140 2.399678 2.304647 2.255865 2.231836 2.220468 2.215298 2.213035 2.212081 2.211693 2.211541 2.211483 2.211462 2.211454 2.211452 2.211450 2.211449 2.211445 2.211435 2.211408 2.211344 2.211192 2.210841 2.210066 2.208413 2.205025 2.198348 2.185717 2.162814 2.123069 2.057187 1.953126 1.796974 1.575189 1.278383 0.906125 0.471101 0.000000 
50.000000 41.314943 33.063033 25.612698 19.219020 14.001706 9.951459 6.958394 4.851453 3.437534 2.532229 1.978690 1.655182 1.474290 1.377424 1.327701 1.303210 1.291623 1.286353 1.284047 1.283074 1.282679 1.282524 1.282465 1.282444 1.282436 1.282433 1.282432 1.282431 1.282428 1.282422 1.282404 1.282363 1.282263 1.282035 1.281534 1.280472 1.278306 1.274069 1.266114 1.251817 1.227247 1.186961 1.124083 1.030927 0.900355 0.727884 0.514119 0.266625 0.000000 
50.000000 41.213566 32.865347 25.328079 18.859823 13.581680 9.484239 6.456321 4.324865 2.894509 1.978690 1.418729 1.091472 0.908486 0.810501 0.760203 0.735430 0.723710 0.718379 0.716046 0.715063 0.714663 0.714506 0.714447 0.714425 0.714417 0.714415 0.714413 0.714413 0.714411 0.714407 0.714396 0.714370 0.714309 0.714169 0.713863 0.713218 0.711909 0.709364 0.704621 0.696162 0.681749 0.658337 0.622164 0.569136 0.495603 0.399472 0.281410 0.145671 0.000000 
50.000000 41.154306 32.749790 25.161707 18.649863 13.336172 9.211153 6.162873 4.017096 2.577140 1.655182 1.091472 0.762026 0.577819 0.479181 0.428549 0.403610 0.391813 0.386447 0.384098 0.383108 0.382706 0.382548 0.382488 0.382467 0.382459 0.382456 0.382455 0.382454 0.382453 0.382451 0.382445 0.382430 0.382394 0.382313 0.382135 0.381763 0.381013 0.379562 0.376875 0.372116 0.364067 0.351099 0.331233 0.302366 0.262686 0.211239 0.148506 0.076766 0.000000 
50.000000 41.121162 32.685162 25.068662 18.532443 13.198876 9.058440 5.998778 3.844998 2.399678 1.474290 0.908486 0.577819 0.392930 0.293927 0.243108 0.218078 0.206237 0.200852 0.198495 0.197501 0.197097 0.196939 0.196879 0.196857 0.196849 0.196847 0.196846 0.196845 0.196844 0.196843 0.196840 0.196831 0.196811 0.196766 0.196669 0.196465 0.196056 0.195268 0.193818 0.191265 0.186976 0.180113 0.169676 0.154622 0.134077 0.107618 0.075537 0.039004 0.000000 
50.000000 41.103410 32.650546 25.018827 18.469555 13.125345 8.976655 5.910900 3.752837 2.304647 1.377424 0.810501 0.479181 0.293927 0.194730 0.143811 0.118732 0.106868 0.101472 0.099110 0.098115 0.097710 0.097551 0.097491 0.097469 0.097461 0.097459 0.097458 0.097457 0.097457 0.097456 0.097455 0.097450 0.097440 0.097416 0.097365 0.097258 0.097045 0.096638 0.095890 0.094582 0.092396 0.088920 0.083665 0.076133 0.065916 0.052828 0.037033 0.019106 0.000000 
50.000000 41.094295 32.632773 24.993240 18.437268 13.087595 8.934668 5.865787 3.705527 2.255865 1.327701 0.760203 0.428549 0.243108 0.143811 0.092842 0.067737 0.055861 0.050460 0.048096 0.047099 0.046694 0.046536 0.046475 0.046453 0.046446 0.046443 0.046442 0.046442 0.046442 0.046441 0.046440 0.046438 0.046433 0.046421 0.046395 0.046342 0.046236 0.046034 0.045666 0.045024 0.043956 0.042268 0.039730 0.036110 0.031224 0.024994 0.017503 0.009024 0.000000 
50.000000 41.089805 32.624016 24.980635 18.421361 13.068998 8.913985 5.843564 3.682223 2.231836 1.303210 0.735430 0.403610 0.218078 0.118732 0.067737 0.042621 0.030739 0.025335 0.022970 0.021973 0.021568 0.021409 0.021348 0.021326 0.021319 0.021316 0.021315 0.021315 0.021315 0.021314 0.021314 0.021313 0.021310 0.021305 0.021292 0.021267 0.021217 0.021121 0.020947 0.020645 0.020145 0.019357 0.018179 0.016506 0.014258 0.011401 0.007977 0.004111 0.000000 
50.000000 41.087680 32.619873 24.974670 18.413835 13.060198 8.904199 5.833050 3.671197 2.220468 1.291623 0.723710 0.391813 0.206237 0.106868 0.055861 0.030739 0.018854 0.013449 0.011083 0.010086 0.009681 0.009522 0.009462 0.009440 0.009432 0.009429 0.009428 0.009428 0.009428 0.009428 0.009428 0.009427 0.009426 0.009423 0.009418 0.009406 0.009383 0.009339 0.009260 0.009124 0.008899 0.008546 0.008020 0.007276 0.006279 0.005017 0.003508 0.001807 0.000000 
50.000000 41.086713 32.617988 24.971956 18.410411 13.056195 8.899747 5.828268 3.666182 2.215298 1.286353 0.718379 0.386447 0.200852 0.101472 0.050460 0.025335 0.013449 0.008043 0.005677 0.004680 0.004275 0.004116 0.004056 0.004034 0.004026 0.004023 0.004022 0.004022 0.004022 0.004022 0.004022 0.004021 0.004021 0.004020 0.004017 0.004012 0.004002 0.003983 0.003949 0.003889 0.003792 0.003640 0.003413 0.003094 0.002668 0.002131 0.001489 0.000766 0.000000 
50.000000 41.086289 32.617162 24.970768 18.408912 13.054443 8.897799 5.826174 3.663987 2.213035 1.284047 0.716046 0.384098 0.198495 0.099110 0.048096 0.022970 0.011083 0.005677 0.003311 0.002314 0.001909 0.001750 0.001690 0.001668 0.001660 0.001657 0.001656 0.001656 0.001656 0.001656 0.001656 0.001656 0.001655 0.001655 0.001654 0.001652 0.001647 0.001639 0.001625 0.001600 0.001560 0.001496 0.001402 0.001271 0.001095 0.000874 0.000610 0.000314 0.000000 
50.000000 41.086111 32.616814 24.970267 18.408280 13.053704 8.896977 5.825292 3.663062 2.212081 1.283074 0.715063 0.383108 0.197501 0.098115 0.047099 0.021973 0.010086 0.004680 0.002314 0.001317 0.000911 0.000752 0.000692 0.000670 0.000662 0.000660 0.000659 0.000659 0.000658 0.000658 0.000658 0.000658 0.000658 0.000658 0.000658 0.000657 0.000655 0.000652 0.000646 0.000636 0.000620 0.000594 0.000557 0.000504 0.000434 0.000346 0.000242 0.000124 0.000000 
50.000000 41.086038 32.616673 24.970063 18.408023 13.053404 8.896643 5.824933 3.662686 2.211693 1.282679 0.714663 0.382706 0.197097 0.097710 0.046695 0.021568 0.009681 0.004275 0.001909 0.000911 0.000506 0.000347 0.000287 0.000265 0.000257 0.000254 0.000254 0.000253 0.000253 0.000253 0.000253 0.000253 0.000253 0.000253 0.000253 0.000252 0.000252 0.000251 0.000248 0.000244 0.000238 0.000228 0.000214 0.000193 0.000167 0.000133 0.000093 0.000048 0.000000 
50.000000 41.086010 32.616617 24.969984 18.407922 13.053286 8.896512 5.824793 3.662538 2.211541 1.282524 0.714507 0.382549 0.196939 0.097552 0.046536 0.021409 0.009522 0.004116 0.001750 0.000753 0.000347 0.000188 0.000128 0.000106 0.000098 0.000096 0.000095 0.000095 0.000094 0.000094 0.000094 0.000094 0.000094 0.000094 0.000094 0.000094 0.000094 0.000093 0.000093 0.000091 0.000089 0.000085 0.000080 0.000072 0.000062 0.000049 0.000034 0.000018 0.000000 
50.000000 41.085999 32.616597 24.969954 18.407884 13.053242 8.896464 5.824740 3.662483 2.211484 1.282467 0.714448 0.382490 0.196880 0.097493 0.046477 0.021350 0.009463 0.004057 0.001691 0.000693 0.000288 0.000129 0.000069 0.000047 0.000039 0.000036 0.000036 0.000035 0.000035 0.000035 0.000035 0.000035 0.000035 0.000035 0.000035 0.000035 0.000035 0.000035 0.000034 0.000034 0.000033 0.000032 0.000030 0.000027 0.000023 0.000018 0.000013 0.000007 0.000000 
50.000000 41.085996 32.616590 24.969944 18.407872 13.053228 8.896448 5.824723 3.662465 2.211466 1.282448 0.714429 0.382470 0.196861 0.097473 0.046457 0.021330 0.009444 0.004038 0.001672 0.000674 0.000269 0.000110 0.000050 0.000028 0.000020 0.000017 0.000016 0.000016 0.000016 0.000016 0.000016 0.000016 0.000016 0.000016 0.000016 0.000016 0.000016 0.000016 0.000015 0.000015 0.000015 0.000014 0.000013 0.000012 0.000010 0.000008 0.000006 0.000003 0.000000 
50.000000 41.085996 32.616590 24.969944 18.407872 13.053228 8.896448 5.824723 3.662465 2.211466 1.282448 0.714429 0.382470 0.196861 0.097473 0.046457 0.021330 0.009444 0.004038 0.001672 0.000674 0.000269 0.000110 0.000050 0.000028 0.000020 0.000017 0.000016 0.000016 0.000016 0.000016 0.000016 0.000016 0.000016 0.000016 0.000016 0.000016 0.000016 0.000016 0.000015 0.000015 0.000015 0.000014 0.000013 0.000012 0.000010 0.000008 0.000006 0.000003 0.000000 
50.000000 41.085999 32.616597 24.969954 18.407884 13.053242 8.896464 5.824740 3.662483 2.211484 1.282467 0.714448 0.382490 0.196880 0.097493 0.046477 0.021350 0.009463 0.004057 0.001691 0.000693 0.000288 0.000129 0.000069 0.000047 0.000039 0.000036 0.000036 0.000035 0.000035 0.000035 0.000035 0.000035 0.000035 0.000035 0.000035 0.000035 0.000035 0.000035 0.000034 0.000034 0.000033 0.000032 0.000030 0.000027 0.000023 0.000018 0.000013 0.000007 0.000000 
50.000000 41.086010 32.616617 24.969984 18.407922 13.053286 8.896512 5.824793 3.662538 2.211541 1.282524 0.714507 0.382549 0.196939 0.097552 0.046536 0.021409 0.009522 0.004116 0.001750 0.000753 0.000347 0.000188 0.000128 0.000106 0.000098 0.000096 0.000095 0.000095 0.000094 0.000094 0.000094 0.000094 0.000094 0.000094 0.000094 0.000094 0.000094 0.000093 0.000093 0.000091 0.000089 0.000085 0.000080 0.000072 0.000062 0.000049 0.000034 0.000018 0.000000 
50.000000 41.086038 32.616673 24.970063 18.408023 13.053404 8.896643 5.824933 3.662686 2.211693 1.282679 0.714663 0.382706 0.197097 0.097710 0.046695 0.021568 0.009681 0.004275 0.001909 0.000911 0.000506 0.000347 0.000287 0.000265 0.000257 0.000254 0.000254 0.000253 0.000253 0.000253 0.000253 0.000253 0.000253 0.000253 0.000253 0.000252 0.000252 0.000251 0.000248 0.000244 0.000238 0.000228 0.000214 0.000193 0.000167 0.000133 0.000093 0.000048 0.000000 
50.000000 41.086111 32.616814 24.970267 18.408280 13.053704 8.896977 5.825292 3.663062 2.212081 1.283074 0.715063 0.383108 0.197501 0.098115 0.047099 0.021973 0.010086 0.004680 0.002314 0.001317 0.000911 0.000752 0.000692 0.000670 0.000662 0.000660 0.000659 0.000659 0.000658 0.000658 0.000658 0.000658 0.000658 0.000658 0.000658 0.000657 0.000655 0.000652 0.000646 0.000636 0.000620 0.000594 0.000557 0.000504 0.000434 0.000346 0.000242 0.000124 0.000000 
50.000000 41.086289 32.617162 24.970768 18.408912 13.054443 8.897799 5.826174 3.663987 2.213035 1.284047 0.716046 0.384098 0.198495 0.099110 0.048096 0.022970 0.011083 0.005677 0.003311 0.002314 0.001909 0.001750 0.001690 0.001668 0.001660 0.001657 0.001656 0.001656 0.001656 0.001656 0.001656 0.001656 0.001655 0.001655 0.001654 0.001652 0.001647 0.001639 0.001625 0.001600 0.001560 0.001496 0.001402 0.001271 0.001095 0.000874 0.000610 0.000314 0.000000 
50.000000 41.086713 32.617988 24.971956 18.410411 13.056195 8.899747 5.828268 3.666182 2.215298 1.286353 0.718379 0.386447 0.200852 0.101472 0.050460 0.025335 0.013449 0.008043 0.005677 0.004680 0.004275 0.004116 0.004056 0.004034 0.004026 0.004023 0.004022 0.004022 0.004022 0.004022 0.004022 0.004021 0.004021 0.004020 0.004017 0.004012 0.004002 0.003983 0.003949 0.003889 0.003792 0.003640 0.003413 0.003094 0.002668 0.002131 0.001489 0.000766 0.000000 
50.000000 41.087680 32.619873 24.974670 18.413835 13.060198 8.904199 5.833050 3.671197 2.220468 1.291623 0.723710 0.391813 0.206237 0.106868 0.055861 0.030739 0.018854 0.013449 0.011083 0.010086 0.009681 0.009522 0.009462 0.009440 0.009432 0.009429 0.009428 0.009428 0.009428 0.009428 0.009428 0.009427 0.009426 0.009423 0.009418 0.009406 0.009383 0.009339 0.009260 0.009124 0.008899 0.008546 0.008020 0.007276 0.006279 0.005017 0.003508 0.001807 0.000000 
50.000000 41.089805 32.624016 24.980635 18.421361 13.068998 8.913985 5.843564 3.682223 2.231836 1.303210 0.735430 0.403610 0.218078 0.118732 0.067737 0.042621 0.030739 0.025335 0.022970 0.021973 0.021568 0.021409 0.021348 0.021326 0.021319 0.021316 0.021315 0.021315 0.021315 0.021314 0.021314 0.021313 0.021310 0.021305 0.021292 0.021267 0.021217 0.021121 0.020947 0.020645 0.020145 0.019357 0.018179 0.016506 0.014258 0.011401 0.007977 0.004111 0.000000 
50.000000 41.094295 32.632773 24.993240 18.437268 13.087595 8.934668 5.865787 3.705527 2.255865 1.327701 0.760203 0.428549 0.243108 0.143811 0.092842 0.067737 0.055861 0.050460 0.048096 0.047099 0.046694 0.046536 0.046475 0.046453 0.046446 0.046443 0.046442 0.046442 0.046442 0.046441 0.046440 0.046438 0.046433 0.046421 0.046395 0.046342 0.046236 0.046034 0.045666 0.045024 0.043956 0.042268 0.039730 0.036110 0.031224 0.024994 0.017503 0.009024 0.000000 
50.000000 41.103410 32.650546 25.018827 18.469555 13.125345 8.976655 5.910900 3.752837 2.304647 1.377424 0.810501 0.479181 0.293927 0.194730 0.143811 0.118732 0.106868 0.101472 0.099110 0.098115 0.097710 0.097551 0.097491 0.097469 0.097461 0.097459 0.097458 0.097457 0.097457 0.097456 0.097455 0.097450 0.097440 0.097416 0.097365 0.097258 0.097045 0.096638 0.095890 0.094582 0.092396 0.088920 0.083665 0.076133 0.065916 0.052828 0.037033 0.019106 0.000000 
50.000000 41.121162 32.685162 25.068662 18.532443 13.198876 9.058440 5.998778 3.844998 2.399678 1.474290 0.908486 0.577819 0.392930 0.293927 0.243108 0.218078 0.206237 0.200852 0.198495 0.197501 0.197097 0.196939 0.196879 0.196857 0.196849 0.196847 0.196846 0.196845 0.196844 0.196843 0.196840 0.196831 0.196811 0.196766 0.196669 0.196465 0.196056 0.195268 0.193818 0.191265 0.186976 0.180113 0.169676 0.154622 0.134077 0.107618 0.075537 0.039004 0.000000 
50.000000 41.154306 32.749790 25.161707 18.649863 13.336172 9.211153 6.162873 4.017096 2.577140 1.655182 1.091472 0.762026 0.577819 0.479181 0.428549 0.403610 0.391813 0.386447 0.384098 0.383108 0.382706 0.382548 0.382488 0.382467 0.382459 0.382456 0.382455 0.382454 0.382453 0.382451 0.382445 0.382430 0.382394 0.382313 0.382135 0.381763 0.381013 0.379562 0.376875 0.372116 0.364067 0.351099 0.331233 0.302366 0.262686 0.211239 0.148506 0.076766 0.000000 
50.000000 41.213566 32.865347 25.328079 18.859823 13.581680 9.484239 6.456321 4.324865 2.894509 1.978690 1.418729 1.091472 0.908486 0.810501 0.760203 0.735430 0.723710 0.718379 0.716046 0.715063 0.714663 0.714506 0.714447 0.714425 0.714417 0.714415 0.714413 0.714413 0.714411 0.714407 0.714396 0.714370 0.714309 0.714169 0.713863 0.713218 0.711909 0.709364 0.704621 0.696162 0.681749 0.658337 0.622164 0.569136 0.495603 0.399472 0.281410 0.145671 0.000000 
50.000000 41.314943 33.063033 25.612698 19.219020 14.001706 9.951459 6.958394 4.851453 3.437534 2.532229 1.978690 1.655182 1.474290 1.377424 1.327701 1.303210 1.291623 1.286353 1.284047 1.283074 1.282679 1.282524 1.282465 1.282444 1.282436 1.282433 1.282432 1.282431 1.282428 1.282422 1.282404 1.282363 1.282263 1.282035 1.281534 1.280472 1.278306 1.274069 1.266114 1.251817 1.227247 1.186961 1.124083 1.030927 0.900355 0.727884 0.514119 0.266625 0.000000 
50.000000 41.480710 33.386285 26.078111 19.806398 14.688572 10.715524 7.779476 5.712648 4.325629 3.437534 2.894509 2.577140 2.399678 2.304647 2.255865 2.231836 2.220468 2.215298 2.213035 2.212081 2.211693 2.211541 2.211483 2.211462 2.211454 2.211452 2.211450 2.211449 2.211445 2.211435 2.211408 2.211344 2.211192 2.210841 2.210066 2.208413 2.205025 2.198348 2.185717 2.162814 2.123069 2.057187 1.953126 1.796974 1.575189 1.278383 0.906125 0.471101 0.000000 
50.000000 41.739561 33.891060 26.804890 20.723654 15.761217 11.908756 9.061784 7.057630 5.712648 4.851453 4.324865 4.017096 3.844998 3.752837 3.705527 3.682223 3.671197 3.666182 3.663987 3.663062 3.662686 3.662538 3.662482 3.662462 3.662454 3.662452 3.662450 3.662448 3.662442 3.662428 3.662390 3.662298 3.662078 3.661570 3.660442 3.658022 3.653029 3.643117 3.624206 3.589579 3.528815 3.426816 3.263427 3.014433 2.654921 2.165698 1.542419 0.804739 0.000000 
50.000000 42.125223 34.643132 27.887745 22.090335 17.359456 13.686712 10.972509 9.061784 7.779476 6.958394 6.456321 6.162873 5.998778 5.910900 5.865787 5.843564 5.833050 5.828268 5.826174 5.825292 5.824933 5.824792 5.824739 5.824719 5.824712 5.824710 5.824708 5.824705 5.824698 5.824678 5.824628 5.824504 5.824207 5.823519 5.821981 5.818664 5.811773 5.797984 5.771433 5.722289 5.634967 5.486254 5.244056 4.868007 4.313788 3.543147 2.540411 1.332246 0.000000 
50.000000 42.673005 35.711360 29.425832 24.031602 19.629680 16.212267 13.686712 11.908756 10.715524 9.951459 9.484239 9.211153 9.058440 8.976655 8.934668 8.913985 8.904199 8.899747 8.897799 8.896977 8.896643 8.896512 8.896462 8.896444 8.896438 8.896435 8.896433 8.896430 8.896420 8.896396 8.896334 8.896179 8.895806 8.894939 8.892990 8.888764 8.879920 8.862075 8.827376 8.762398 8.645329 8.442657 8.106133 7.571734 6.763663 5.607923 4.059987 2.145954 0.000000 
50.000000 43.414176 37.156725 31.506964 26.658304 22.701543 19.629680 17.359456 15.761217 14.688572 14.001706 13.581680 13.336172 13.198876 13.125345 13.087595 13.068998 13.060198 13.056195 13.054443 13.053704 13.053404 13.053286 13.053241 13.053225 13.053219 13.053216 13.053214 13.053211 13.053200 13.053172 13.053101 13.052923 13.052492 13.051485 13.049212 13.044254 13.033806 13.012545 12.970779 12.891598 12.746783 12.491450 12.057946 11.350771 10.246642 8.607939 6.322798 3.384973 0.000000 
50.000000 44.368812 39.018381 34.187527 30.041622 26.658304 24.031602 22.090335 20.723654 19.806398 19.219020 18.859823 18.649863 18.532443 18.469555 18.437268 18.421361 18.413835 18.410411 18.408912 18.408280 18.408023 18.407922 18.407884 18.407870 18.407864 18.407862 18.407860 18.407856 18.407845 18.407817 18.407742 18.407556 18.407104 18.406044 18.403640 18.398366 18.387176 18.364219 18.318664 18.231209 18.068733 17.776547 17.267939 16.411662 15.020811 12.853825 9.654583 5.284604 0.000000 
50.000000 45.538591 41.299606 37.472247 34.187527 31.506964 29.425832 27.887745 26.804890 26.078111 25.612698 25.328079 25.161707 25.068662 25.018827 24.993240 24.980635 24.974670 24.971956 24.970768 24.970267 24.970063 24.969983 24.969953 24.969942 24.969938 24.969936 24.969934 24.969931 24.969921 24.969894 24.969825 24.969653 24.969234 24.968247 24.965999 24.961044 24.950468 24.928607 24.884814 24.799729 24.639192 24.344598 23.817909 22.899025 21.333702 18.736123 14.576675 8.314002 0.000000 
50.000000 46.901606 43.957677 41.299606 39.018381 37.156725 35.711360 34.643132 33.891060 33.386285 33.063033 32.865347 32.749790 32.685162 32.650546 32.632773 32.624016 32.619873 32.617988 32.617162 32.616814 32.616673 32.616617 32.616596 32.616588 32.616586 32.616584 32.616583 32.616580 32.616573 32.616552 32.616499 32.616365 32.616039 32.615270 32.613513 32.609625 32.601284 32.583937 32.548914 32.480161 32.348641 32.102721 31.651373 30.833927 29.363798 26.722931 21.978839 13.587965 0.000000 
50.000000 48.411201 46.901606 45.538591 44.368812 43.414176 42.673005 42.125223 41.739561 41.480710 41.314943 41.213566 41.154306 41.121162 41.103410 41.094295 41.089805 41.087680 41.086713 41.086289 41.086111 41.086038 41.086010 41.085999 41.085995 41.085994 41.085993 41.085992 41.085991 41.085987 41.085975 41.085946 41.085873 41.085694 41.085272 41.084304 41.082158 41.077540 41.067895 41.048318 41.009609 40.934822 40.792977 40.527051 40.029204 39.084208 37.224589 33.313641 24.205600 0.000000 
50.000000 50.000000 50.000000 50.000000 50.000000 50.000000 50.000000 50.000000 50.000000 50.000000 50.000000 50.000000 50.000000 50.000000 50.000000 50.000000 50.000000 50.000000 50.000000 50.000000 50.000000 50.000000 50.000000 50.000000 50.000000 50.000000 50.000000 50.000000 50.000000 50.000000 50.000000 50.000000 50.000000 50.000000 50.000000 50.000000 50.000000 50.000000 50.000000 50.000000 50.000000 50.000000 50.000000 50.000000 50.000000 50.000000 50.000000 50.000000 50.000000 50.000000 
