50.000000 50.000000 50.000000 50.000000 50.000000 50.000000 50.000000 50.000000 50.000000 50.000000 50.000000 50.000000 50.000000 50.000000 50.000000 50.000000 50.000000 50.000000 50.000000 50.000000 50.000000 50.000000 50.000000 50.000000 50.000000 50.000000 50.000000 50.000000 50.000000 50.000000 50.000000 50.000000 50.000000 50.000000 50.000000 50.000000 50.000000 50.000000 50.000000 50.000000 50.000000 50.000000 50.000000 50.000000 50.000000 50.000000 50.000000 50.000000 50.000000 50.000000 
50.000000 44.423852 39.817371 36.649335 34.812877 33.902900 33.512136 33.364865 33.315603 33.300833 33.296829 33.295840 33.295617 33.295570 33.295561 33.295559 33.295559 33.295559 33.295559 33.295559 33.295559 33.295559 33.295559 33.295559 33.295559 33.295559 33.295559 33.295559 33.295559 33.295559 33.295559 33.295559 33.295559 33.295559 33.295559 33.295559 33.295558 33.295556 33.295540 33.295464 33.295103 33.293522 33.287096 33.262884 33.178218 32.902178 32.054076 29.549436 22.211926 0.000000 
50.000000 39.817371 31.405997 25.621910 22.269532 20.608743 19.895730 19.627078 19.537237 19.510309 19.503012 19.501211 19.500803 19.500718 19.500701 19.500699 19.500698 19.500698 19.500698 19.500698 19.500698 19.500698 19.500698 19.500698 19.500698 19.500698 19.500698 19.500698 19.500698 19.500698 19.500698 19.500698 19.500698 19.500698 19.500698 19.500698 19.500697 19.500693 19.500672 19.500566 19.500070 19.497921 19.489326 19.457679 19.350755 19.020193 18.087930 15.702998 10.267934 0.000000 
50.000000 36.649335 25.621910 18.040065 13.646667 11.470713 10.536802 10.185033 10.067437 10.032201 10.022657 10.020302 10.019769 10.019658 10.019637 10.019633 10.019632 10.019632 10.019632 10.019632 10.019632 10.019632 10.019632 10.019632 10.019632 10.019632 10.019632 10.019632 10.019632 10.019632 10.019632 10.019632 10.019632 10.019632 10.019632 10.019632 10.019631 10.019628 10.019610 10.019520 10.019105 10.017330 10.010349 9.985231 9.903055 9.660392 9.020033 7.533980 4.595259 0.000000 
50.000000 34.812877 22.269532 13.646667 8.651028 6.177391 5.116006 4.716340 4.582775 4.542768 4.531935 4.529263 4.528659 4.528533 4.528508 4.528504 4.528503 4.528503 4.528503 4.528503 4.528503 4.528503 4.528503 4.528503 4.528503 4.528503 4.528503 4.528503 4.528503 4.528503 4.528503 4.528503 4.528503 4.528503 4.528503 4.528503 4.528503 4.528501 4.528489 4.528433 4.528175 4.527085 4.522862 4.507971 4.460550 4.325514 3.986275 3.249338 1.910700 0.000000 
50.000000 33.902900 20.608743 11.470713 6.177391 3.556821 2.432615 2.009387 1.867981 1.825636 1.814172 1.811345 1.810706 1.810573 1.810547 1.810543 1.810542 1.810542 1.810542 1.810542 1.810542 1.810542 1.810542 1.810542 1.810542 1.810542 1.810542 1.810542 1.810542 1.810542 1.810542 1.810542 1.810542 1.810542 1.810542 1.810542 1.810542 1.810541 1.810535 1.810507 1.810378 1.809840 1.807782 1.800647 1.778410 1.716842 1.567658 1.257988 0.724682 0.000000 
50.000000 33.512136 19.895730 10.536802 5.116006 2.432615 1.281601 0.848337 0.703598 0.660261 0.648531 0.645639 0.644985 0.644849 0.644823 0.644818 0.644817 0.644817 0.644817 0.644817 0.644817 0.644817 0.644817 0.644817 0.644817 0.644817 0.644817 0.644817 0.644817 0.644817 0.644817 0.644817 0.644817 0.644817 0.644817 0.644817 0.644817 0.644816 0.644814 0.644802 0.644749 0.644526 0.643683 0.640800 0.631968 0.608035 0.551572 0.438051 0.249252 0.000000 
50.000000 33.364865 19.627078 10.185033 4.716340 2.009387 0.848337 0.411325 0.265344 0.221638 0.209809 0.206893 0.206234 0.206097 0.206070 0.206065 0.206065 0.206065 0.206065 0.206065 0.206065 0.206065 0.206065 0.206065 0.206065 0.206065 0.206065 0.206065 0.206065 0.206065 0.206065 0.206065 0.206065 0.206065 0.206065 0.206065 0.206065 0.206064 0.206063 0.206059 0.206040 0.205960 0.205662 0.204654 0.201605 0.193478 0.174684 0.137752 0.077769 0.000000 
50.000000 33.315603 19.537237 10.067437 4.582775 1.867981 0.703598 0.265344 0.118953 0.075126 0.063264 0.060340 0.059679 0.059542 0.059515 0.059510 0.059509 0.059509 0.059509 0.059509 0.059509 0.059509 0.059509 0.059509 0.059509 0.059509 0.059509 0.059509 0.059509 0.059509 0.059509 0.059509 0.059509 0.059509 0.059509 0.059509 0.059509 0.059509 0.059509 0.059507 0.059501 0.059477 0.059384 0.059072 0.058141 0.055690 0.050107 0.039317 0.022081 0.000000 
50.000000 33.300833 19.510309 10.032201 4.542768 1.825636 0.660261 0.221638 0.075126 0.031263 0.019391 0.016465 0.015804 0.015666 0.015639 0.015634 0.015634 0.015633 0.015633 0.015633 0.015633 0.015633 0.015633 0.015633 0.015633 0.015633 0.015633 0.015633 0.015633 0.015633 0.015633 0.015633 0.015633 0.015633 0.015633 0.015633 0.015633 0.015633 0.015633 0.015633 0.015631 0.015624 0.015599 0.015513 0.015258 0.014593 0.013096 0.010239 0.005730 0.000000 
50.000000 33.296829 19.503012 10.022657 4.531935 1.814172 0.648531 0.209809 0.063264 0.019391 0.007517 0.004590 0.003929 0.003791 0.003765 0.003760 0.003759 0.003759 0.003759 0.003759 0.003759 0.003759 0.003759 0.003759 0.003759 0.003759 0.003759 0.003759 0.003759 0.003759 0.003759 0.003759 0.003759 0.003759 0.003759 0.003759 0.003759 0.003759 0.003759 0.003759 0.003758 0.003757 0.003750 0.003729 0.003665 0.003502 0.003136 0.002446 0.001365 0.000000 
50.000000 33.295840 19.501211 10.020302 4.529263 1.811345 0.645639 0.206893 0.060340 0.016465 0.004590 0.001663 0.001002 0.000864 0.000837 0.000833 0.000832 0.000832 0.000832 0.000832 0.000832 0.000832 0.000832 0.000832 0.000832 0.000832 0.000832 0.000832 0.000832 0.000832 0.000832 0.000832 0.000832 0.000832 0.000832 0.000832 0.000832 0.000832 0.000832 0.000832 0.000832 0.000831 0.000830 0.000825 0.000810 0.000774 0.000692 0.000538 0.000300 0.000000 
50.000000 33.295617 19.500803 10.019769 4.528659 1.810706 0.644985 0.206234 0.059679 0.015804 0.003929 0.001002 0.000340 0.000203 0.000176 0.000171 0.000170 0.000170 0.000170 0.000170 0.000170 0.000170 0.000170 0.000170 0.000170 0.000170 0.000170 0.000170 0.000170 0.000170 0.000170 0.000170 0.000170 0.000170 0.000170 0.000170 0.000170 0.000170 0.000170 0.000170 0.000170 0.000170 0.000170 0.000169 0.000166 0.000158 0.000141 0.000110 0.000061 0.000000 
50.000000 33.295570 19.500718 10.019658 4.528533 1.810573 0.644849 0.206097 0.059542 0.015666 0.003791 0.000864 0.000203 0.000065 0.000038 0.000033 0.000033 0.000032 0.000032 0.000032 0.000032 0.000032 0.000032 0.000032 0.000032 0.000032 0.000032 0.000032 0.000032 0.000032 0.000032 0.000032 0.000032 0.000032 0.000032 0.000032 0.000032 0.000032 0.000032 0.000032 0.000032 0.000032 0.000032 0.000032 0.000032 0.000030 0.000027 0.000021 0.000012 0.000000 
50.000000 33.295561 19.500701 10.019637 4.528508 1.810547 0.644823 0.206070 0.059515 0.015639 0.003765 0.000837 0.000176 0.000038 0.000011 0.000007 0.000006 0.000006 0.000006 0.000006 0.000006 0.000006 0.000006 0.000006 0.000006 0.000006 0.000006 0.000006 0.000006 0.000006 0.000006 0.000006 0.000006 0.000006 0.000006 0.000006 0.000006 0.000006 0.000006 0.000006 0.000006 0.000006 0.000006 0.000006 0.000006 0.000005 0.000005 0.000004 0.000002 0.000000 
50.000000 33.295559 19.500699 10.019633 4.528504 1.810543 0.644818 0.206065 0.059510 0.015634 0.003760 0.000833 0.000171 0.000033 0.000007 0.000002 0.000001 0.000001 0.000001 0.000001 0.000001 0.000001 0.000001 0.000001 0.000001 0.000001 0.000001 0.000001 0.000001 0.000001 0.000001 0.000001 0.000001 0.000001 0.000001 0.000001 0.000001 0.000001 0.000001 0.000001 0.000001 0.000001 0.000001 0.000001 0.000001 0.000001 0.000001 0.000001 0.000000 0.000000 
50.000000 33.295559 19.500698 10.019632 4.528503 1.810542 0.644817 0.206065 0.059509 0.015634 0.003759 0.000832 0.000170 0.000033 0.000006 0.000001 0.000000 0.000000 0.000000 0.000000 0.000000 0.000000 0.000000 0.000000 0.000000 0.000000 0.000000 0.000000 0.000000 0.000000 0.000000 0.000000 0.000000 0.000000 0.000000 0.000000 0.000000 0.000000 0.000000 0.000000 0.000000 0.000000 0.000000 0.000000 0.000000 0.000000 0.000000 0.000000 0.000000 0.000000 
50.000000 33.295559 19.500698 10.019632 4.528503 1.810542 0.644817 0.206065 0.059509 0.015633 0.003759 0.000832 0.000170 0.000032 0.000006 0.000001 0.000000 0.000000 0.000000 0.000000 0.000000 0.000000 0.000000 0.000000 0.000000 0.000000 0.000000 0.000000 0.000000 0.000000 0.000000 0.000000 0.000000 0.000000 0.000000 0.000000 0.000000 0.000000 0.000000 0.000000 0.000000 0.000000 0.000000 0.000000 0.000000 0.000000 0.000000 0.000000 0.000000 0.000000 
50.000000 33.295559 19.500698 10.019632 4.528503 1.810542 0.644817 0.206065 0.059509 0.015633 0.003759 0.000832 0.000170 0.000032 0.000006 0.000001 0.000000 0.000000 0.000000 0.000000 0.000000 0.000000 0.000000 0.000000 0.000000 0.000000 0.000000 0.000000 0.000000 0.000000 0.000000 0.000000 0.000000 0.000000 0.000000 0.000000 0.000000 0.000000 0.000000 0.000000 0.000000 0.000000 0.000000 0.000000 0.000000 0.000000 0.000000 0.000000 0.000000 0.000000 
50.000000 33.295559 19.500698 10.019632 4.528503 1.810542 0.644817 0.206065 0.059509 0.015633 0.003759 0.000832 0.000170 0.000032 0.000006 0.000001 0.000000 0.000000 0.000000 0.000000 0.000000 0.000000 0.000000 0.000000 0.000000 0.000000 0.000000 0.000000 0.000000 0.000000 0.000000 0.000000 0.000000 0.000000 0.000000 0.000000 0.000000 0.000000 0.000000 0.000000 0.000000 0.000000 0.000000 0.000000 0.000000 0.000000 0.000000 0.000000 0.000000 0.000000 
50.000000 33.295559 19.500698 10.019632 4.528503 1.810542 0.644817 0.206065 0.059509 0.015633 0.003759 0.000832 0.000170 0.000032 0.000006 0.000001 0.000000 0.000000 0.000000 0.000000 0.000000 0.000000 0.000000 0.000000 0.000000 0.000000 0.000000 0.000000 0.000000 0.000000 0.000000 0.000000 0.000000 0.000000 0.000000 0.000000 0.000000 0.000000 0.000000 0.000000 0.000000 0.000000 0.000000 0.000000 0.000000 0.000000 0.000000 0.000000 0.000000 0.000000 
50.000000 33.295559 19.500698 10.019632 4.528503 1.810542 0.644817 0.206065 0.059509 0.015633 0.003759 0.000832 0.000170 0.000032 0.000006 0.000001 0.000000 0.000000 0.000000 0.000000 0.000000 0.000000 0.000000 0.000000 0.000000 0.000000 0.000000 0.000000 0.000000 0.000000 0.000000 0.000000 0.000000 0.000000 0.000000 0.000000 0.000000 0.000000 0.000000 0.000000 0.000000 0.000000 0.000000 0.000000 0.000000 0.000000 0.000000 0.000000 0.000000 0.000000 
50.000000 33.295559 19.500698 10.019632 4.528503 1.810542 0.644817 0.206065 0.059509 0.015633 0.003759 0.000832 0.000170 0.000032 0.000006 0.000001 0.000000 0.000000 0.000000 0.000000 0.000000 0.000000 0.000000 0.000000 0.000000 0.000000 0.000000 0.000000 0.000000 0.000000 0.000000 0.000000 0.000000 0.000000 0.000000 0.000000 0.000000 0.000000 0.000000 0.000000 0.000000 0.000000 0.000000 0.000000 0.000000 0.000000 0.000000 0.000000 0.000000 0.000000 
50.000000 33.295559 19.500698 10.019632 4.528503 1.810542 0.644817 0.206065 0.059509 0.015633 0.003759 0.000832 0.000170 0.000032 0.000006 0.000001 0.000000 0.000000 0.000000 0.000000 0.000000 0.000000 0.000000 0.000000 0.000000 0.000000 0.000000 0.000000 0.000000 0.000000 0.000000 0.000000 0.000000 0.000000 0.000000 0.000000 0.000000 0.000000 0.000000 0.000000 0.000000 0.000000 0.000000 0.000000 0.000000 0.000000 0.000000 0.000000 0.000000 0.000000 
50.000000 33.295559 19.500698 10.019632 4.528503 1.810542 0.644817 0.206065 0.059509 0.015633 0.003759 0.000832 0.000170 0.000032 0.000006 0.000001 0.000000 0.000000 0.000000 0.000000 0.000000 0.000000 0.000000 0.000000 0.000000 0.000000 0.000000 0.000000 0.000000 0.000000 0.000000 0.000000 0.000000 0.000000 0.000000 0.000000 0.000000 0.000000 0.000000 0.000000 0.000000 0.000000 0.000000 0.000000 0.000000 0.000000 0.000000 0.000000 0.000000 0.000000 
50.000000 33.295559 19.500698 10.019632 4.528503 1.810542 0.644817 0.206065 0.059509 0.015633 0.003759 0.000832 0.000170 0.000032 0.000006 0.000001 0.000000 0.000000 0.000000 0.000000 0.000000 0.000000 0.000000 0.000000 0.000000 0.000000 0.000000 0.000000 0.000000 0.000000 0.000000 0.000000 0.000000 0.000000 0.000000 0.000000 0.000000 0.000000 0.000000 0.000000 0.000000 0.000000 0.000000 0.000000 0.000000 0.000000 0.000000 0.000000 0.000000 0.000000 
50.000000 33.295559 19.500698 10.019632 4.528503 1.810542 0.644817 0.206065 0.059509 0.015633 0.003759 0.000832 0.000170 0.000032 0.000006 0.000001 0.000000 0.000000 0.000000 0.000000 0.000000 0.000000 0.000000 0.000000 0.000000 0.000000 0.000000 0.000000 0.000000 0.000000 0.000000 0.000000 0.000000 0.000000 0.000000 0.000000 0.000000 0.000000 0.000000 0.000000 0.000000 0.000000 0.000000 0.000000 0.000000 0.000000 0.000000 0.000000 0.000000 0.000000 
50.000000 33.295559 19.500698 10.019632 4.528503 1.810542 0.644817 0.206065 0.059509 0.015633 0.003759 0.000832 0.000170 0.000032 0.000006 0.000001 0.000000 0.000000 0.000000 0.000000 0.000000 0.000000 0.000000 0.000000 0.000000 0.000000 0.000000 0.000000 0.000000 0.000000 0.000000 0.000000 0.000000 0.000000 0.000000 0.000000 0.000000 0.000000 0.000000 0.000000 0.000000 0.000000 0.000000 0.000000 0.000000 0.000000 0.000000 0.000000 0.000000 0.000000 
50.000000 33.295559 19.500698 10.019632 4.528503 1.810542 0.644817 0.206065 0.059509 0.015633 0.003759 0.000832 0.000170 0.000032 0.000006 0.000001 0.000000 0.000000 0.000000 0.000000 0.000000 0.000000 0.000000 0.000000 0.000000 0.000000 0.000000 0.000000 0.000000 0.000000 0.000000 0.000000 0.000000 0.000000 0.000000 0.000000 0.000000 0.000000 0.000000 0.000000 0.000000 0.000000 0.000000 0.000000 0.000000 0.000000 0.000000 0.000000 0.000000 0.000000 
50.000000 33.295559 19.500698 10.019632 4.528503 1.810542 0.644817 0.206065 0.059509 0.015633 0.003759 0.000832 0.000170 0.000032 0.000006 0.000001 0.000000 0.000000 0.000000 0.000000 0.000000 0.000000 0.000000 0.000000 0.000000 0.000000 0.000000 0.000000 0.000000 0.000000 0.000000 0.000000 0.000000 0.000000 0.000000 0.000000 0.000000 0.000000 0.000000 0.000000 0.000000 0.000000 0.000000 0.000000 0.000000 0.000000 0.000000 0.000000 0.000000 0.000000 
50.000000 33.295559 19.500698 10.019632 4.528503 1.810542 0.644817 0.206065 0.059509 0.015633 0.003759 0.000832 0.000170 0.000032 0.000006 0.000001 0.000000 0.000000 0.000000 0.000000 0.000000 0.000000 0.000000 0.000000 0.000000 0.000000 0.000000 0.000000 0.000000 0.000000 0.000000 0.000000 0.000000 0.000000 0.000000 0.000000 0.000000 0.000000 0.000000 0.000000 0.000000 0.000000 0.000000 0.000000 0.000000 0.000000 0.000000 0.000000 0.000000 0.000000 
50.000000 33.295559 19.500698 10.019632 4.528503 1.810542 0.644817 0.206065 0.059509 0.015633 0.003759 0.000832 0.000170 0.000032 0.000006 0.000001 0.000000 0.000000 0.000000 0.000000 0.000000 0.000000 0.000000 0.000000 0.000000 0.000000 0.000000 0.000000 0.000000 0.000000 0.000000 0.000000 0.000000 0.000000 0.000000 0.000000 0.000000 0.000000 0.000000 0.000000 0.000000 0.000000 0.000000 0.000000 0.000000 0.000000 0.000000 0.000000 0.000000 0.000000 
50.000000 33.295559 19.500698 10.019632 4.528503 1.810542 0.644817 0.206065 0.059509 0.015633 0.003759 0.000832 0.000170 0.000032 0.000006 0.000001 0.000000 0.000000 0.000000 0.000000 0.000000 0.000000 0.000000 0.000000 0.000000 0.000000 0.000000 0.000000 0.000000 0.000000 0.000000 0.000000 0.000000 0.000000 0.000000 0.000000 0.000000 0.000000 0.000000 0.000000 0.000000 0.000000 0.000000 0.000000 0.000000 0.000000 0.000000 0.000000 0.000000 0.000000 
50.000000 33.295559 19.500698 10.019632 4.528503 1.810542 0.644817 0.206065 0.059509 0.015634 0.003759 0.000832 0.000170 0.000033 0.000006 0.000001 0.000000 0.000000 0.000000 0.000000 0.000000 0.000000 0.000000 0.000000 0.000000 0.000000 0.000000 0.000000 0.000000 0.000000 0.000000 0.000000 0.000000 0.000000 0.000000 0.000000 0.000000 0.000000 0.000000 0.000000 0.000000 0.000000 0.000000 0.000000 0.000000 0.000000 0.000000 0.000000 0.000000 0.000000 
50.000000 33.295559 19.500699 10.019633 4.528504 1.810543 0.644818 0.206065 0.059510 0.015634 0.003760 0.000833 0.000171 0.000033 0.000007 0.000002 0.000001 0.000001 0.000001 0.000001 0.000001 0.000001 0.000001 0.000001 0.000001 0.000001 0.000001 0.000001 0.000001 0.000001 0.000001 0.000001 0.000001 0.000001 0.000001 0.000001 0.000001 0.000001 0.000001 0.000001 0.000001 0.000001 0.000001 0.000001 0.000001 0.000001 0.000001 0.000001 0.000000 0.000000 
50.000000 33.295561 19.500701 10.019637 4.528508 1.810547 0.644823 0.206070 0.059515 0.015639 0.003765 0.000837 0.000176 0.000038 0.000011 0.000007 0.000006 0.000006 0.000006 0.000006 0.000006 0.000006 0.000006 0.000006 0.000006 0.000006 0.000006 0.000006 0.000006 0.000006 0.000006 0.000006 0.000006 0.000006 0.000006 0.000006 0.000006 0.000006 0.000006 0.000006 0.000006 0.000006 0.000006 0.000006 0.000006 0.000005 0.000005 0.000004 0.000002 0.000000 
50.000000 33.295570 19.500718 10.019658 4.528533 1.810573 0.644849 0.206097 0.059542 0.015666 0.003791 0.000864 0.000203 0.000065 0.000038 0.000033 0.000033 0.000032 0.000032 0.000032 0.000032 0.000032 0.000032 0.000032 0.000032 0.000032 0.000032 0.000032 0.000032 0.000032 0.000032 0.000032 0.000032 0.000032 0.000032 0.000032 0.000032 0.000032 0.000032 0.000032 0.000032 0.000032 0.000032 0.000032 0.000032 0.000030 0.000027 0.000021 0.000012 0.000000 
50.000000 33.295617 19.500803 10.019769 4.528659 1.810706 0.644985 0.206234 0.059679 0.015804 0.003929 0.001002 0.000340 0.000203 0.000176 0.000171 0.000170 0.000170 0.000170 0.000170 0.000170 0.000170 0.000170 0.000170 0.000170 0.000170 0.000170 0.000170 0.000170 0.000170 0.000170 0.000170 0.000170 0.000170 0.000170 0.000170 0.000170 0.000170 0.000170 0.000170 0.000170 0.000170 0.000170 0.000169 0.000166 0.000158 0.000141 0.000110 0.000061 0.000000 
50.000000 33.295840 19.501211 10.020302 4.529263 1.811345 0.645639 0.206893 0.060340 0.016465 0.004590 0.001663 0.001002 0.000864 0.000837 0.000833 0.000832 0.000832 0.000832 0.000832 0.000832 0.000832 0.000832 0.000832 0.000832 0.000832 0.000832 0.000832 0.000832 0.000832 0.000832 0.000832 0.000832 0.000832 0.000832 0.000832 0.000832 0.000832 0.000832 0.000832 0.000832 0.000831 0.000830 0.000825 0.000810 0.000774 0.000692 0.000538 0.000300 0.000000 
50.000000 33.296829 19.503012 10.022657 4.531935 1.814172 0.648531 0.209809 0.063264 0.019391 0.007517 0.004590 0.003929 0.003791 0.003765 0.003760 0.003759 0.003759 0.003759 0.003759 0.003759 0.003759 0.003759 0.003759 0.003759 0.003759 0.003759 0.003759 0.003759 0.003759 0.003759 0.003759 0.003759 0.003759 0.003759 0.003759 0.003759 0.003759 0.003759 0.003759 0.003758 0.003757 0.003750 0.003729 0.003665 0.003502 0.003136 0.002446 0.001365 0.000000 
50.000000 33.300833 19.510309 10.032201 4.542768 1.825636 0.660261 0.221638 0.075126 0.031263 0.019391 0.016465 0.015804 0.015666 0.015639 0.015634 0.015634 0.015633 0.015633 0.015633 0.015633 0.015633 0.015633 0.015633 0.015633 0.015633 0.015633 0.015633 0.015633 0.015633 0.015633 0.015633 0.015633 0.015633 0.015633 0.015633 0.015633 0.015633 0.015633 0.015633 0.015631 0.015624 0.015599 0.015513 0.015258 0.014593 0.013096 0.010239 0.005730 0.000000 
50.000000 33.315603 19.537237 10.067437 4.582775 1.867981 0.703598 0.265344 0.118953 0.075126 0.063264 0.060340 0.059679 0.059542 0.059515 0.059510 0.059509 0.059509 0.059509 0.059509 0.059509 0.059509 0.059509 0.059509 0.059509 0.059509 0.059509 0.059509 0.059509 0.059509 0.059509 0.059509 0.059509 0.059509 0.059509 0.059509 0.059509 0.059509 0.059509 0.059507 0.059501 0.059477 0.059384 0.059072 0.058141 0.055690 0.050107 0.039317 0.022081 0.000000 
50.000000 33.364865 19.627078 10.185033 4.716340 2.009387 0.848337 0.411325 0.265344 0.221638 0.209809 0.206893 0.206234 0.206097 0.206070 0.206065 0.206065 0.206065 0.206065 0.206065 0.206065 0.206065 0.206065 0.206065 0.206065 0.206065 0.206065 0.206065 0.206065 0.206065 0.206065 0.206065 0.206065 0.206065 0.206065 0.206065 0.206065 0.206064 0.206063 0.206059 0.206040 0.205960 0.205662 0.204654 0.201605 0.193478 0.174684 0.137752 0.077769 0.000000 
50.000000 33.512136 19.895730 10.536802 5.116006 2.432615 1.281601 0.848337 0.703598 0.660261 0.648531 0.645639 0.644985 0.644849 0.644823 0.644818 0.644817 0.644817 0.644817 0.644817 0.644817 0.644817 0.644817 0.644817 0.644817 0.644817 0.644817 0.644817 0.644817 0.644817 0.644817 0.644817 0.644817 0.644817 0.644817 0.644817 0.644817 0.644816 0.644814 0.644802 0.644749 0.644526 0.643683 0.640800 0.631968 0.608035 0.551572 0.438051 0.249252 0.000000 
50.000000 33.902900 20.608743 11.470713 6.177391 3.556821 2.432615 2.009387 1.867981 1.825636 1.814172 1.811345 1.810706 1.810573 1.810547 1.810543 1.810542 1.810542 1.810542 1.810542 1.810542 1.810542 1.810542 1.810542 1.810542 1.810542 1.810542 1.810542 1.810542 1.810542 1.810542 1.810542 1.810542 1.810542 1.810542 1.810542 1.810542 1.810541 1.810535 1.810507 1.810378 1.809840 1.807782 1.800647 1.778410 1.716842 1.567658 1.257988 0.724682 0.000000 
50.000000 34.812877 22.269532 13.646667 8.651028 6.177391 5.116006 4.716340 4.582775 4.542768 4.531935 4.529263 4.528659 4.528533 4.528508 4.528504 4.528503 4.528503 4.528503 4.528503 4.528503 4.528503 4.528503 4.528503 4.528503 4.528503 4.528503 4.528503 4.528503 4.528503 4.528503 4.528503 4.528503 4.528503 4.528503 4.528503 4.528503 4.528501 4.528489 4.528433 4.528175 4.527085 4.522862 4.507971 4.460550 4.325514 3.986275 3.249338 1.910700 0.000000 
50.000000 36.649335 25.621910 18.040065 13.646667 11.470713 10.536802 10.185033 10.067437 10.032201 10.022657 10.020302 10.019769 10.019658 10.019637 10.019633 10.019632 10.019632 10.019632 10.019632 10.019632 10.019632 10.019632 10.019632 10.019632 10.019632 10.019632 10.019632 10.019632 10.019632 10.019632 10.019632 10.019632 10.019632 10.019632 10.019632 10.019631 10.019628 10.019610 10.019520 10.019105 10.017330 10.010349 9.985231 9.903055 9.660392 9.020033 7.533980 4.595259 0.000000 
50.000000 39.817371 31.405997 25.621910 22.269532 20.608743 19.895730 19.627078 19.537237 19.510309 19.503012 19.501211 19.500803 19.500718 19.500701 19.500699 19.500698 19.500698 19.500698 19.500698 19.500698 19.500698 19.500698 19.500698 19.500698 19.500698 19.500698 19.500698 19.500698 19.500698 19.500698 19.500698 19.500698 19.500698 19.500698 19.500698 19.500697 19.500693 19.500672 19.500566 19.500070 19.497921 19.489326 19.457679 19.350755 19.020193 18.087930 15.702998 10.267934 0.000000 
50.000000 44.423852 39.817371 36.649335 34.812877 33.902900 33.512136 33.364865 33.315603 33.300833 33.296829 33.295840 33.295617 33.295570 33.295561 33.295559 33.295559 33.295559 33.295559 33.295559 33.295559 33.295559 33.295559 33.295559 33.295559 33.295559 33.295559 33.295559 33.295559 33.295559 33.295559 33.295559 33.295559 33.295559 33.295559 33.295559 33.295558 33.295556 33.295540 33.295464 33.295103 33.293522 33.287096 33.262884 33.178218 32.902178 32.054076 29.549436 22.211926 0.000000 
50.000000 50.000000 50.000000 50.000000 50.000000 50.000000 50.000000 50.000000 50.000000 50.000000 50.000000 50.000000 50.000000 50.000000 50.000000 50.000000 50.000000 50.000000 50.000000 50.000000 50.000000 50.000000 50.000000 50.000000 50.000000 50.000000 50.000000 50.000000 50.000000 50.000000 50.000000 50.000000 50.000000 50.000000 50.000000 50.000000 50.000000 50.000000 50.000000 50.000000 50.000000 50.000000 50.000000 50.000000 50.000000 50.000000 50.000000 50.000000 50.000000 50.000000 
