50.000000 50.000000 50.000000 50.000000 50.000000 50.000000 50.000000 50.000000 50.000000 50.000000 50.000000 50.000000 50.000000 50.000000 50.000000 50.000000 50.000000 50.000000 50.000000 50.000000 50.000000 50.000000 50.000000 50.000000 50.000000 50.000000 50.000000 50.000000 50.000000 50.000000 50.000000 50.000000 50.000000 50.000000 50.000000 50.000000 50.000000 50.000000 50.000000 50.000000 50.000000 50.000000 50.000000 50.000000 50.000000 50.000000 50.000000 50.000000 50.000000 50.000000 
50.000000 48.144554 46.397101 44.846809 43.550653 42.528760 41.768431 41.234043 40.878875 40.655392 40.522095 40.446631 40.406028 40.385237 40.375091 40.370367 40.368265 40.367371 40.367006 40.366863 40.366810 40.366790 40.366784 40.366781 40.366781 40.366780 40.366780 40.366780 40.366780 40.366779 40.366776 40.366767 40.366742 40.366676 40.366500 40.366057 40.364976 40.362431 40.356645 40.343923 40.316835 40.260812 40.147794 39.923962 39.484474 38.616223 36.852250 33.054193 24.072277 0.000000 
50.000000 46.397101 43.003910 39.993576 37.476737 35.492471 34.016112 32.978484 32.288858 31.854932 31.596118 31.449599 31.370766 31.330400 31.310702 31.301531 31.297450 31.295713 31.295005 31.294728 31.294624 31.294587 31.294574 31.294569 31.294568 31.294568 31.294567 31.294567 31.294567 31.294565 31.294559 31.294543 31.294499 31.294379 31.294064 31.293271 31.291342 31.286814 31.276561 31.254142 31.206753 31.109727 30.916800 30.542831 29.832660 28.503599 26.038541 21.501955 13.342908 0.000000 
50.000000 44.846809 39.993576 35.687967 32.088226 29.250242 27.138722 25.654712 24.668433 24.047862 23.677734 23.468204 23.355472 23.297750 23.269585 23.256470 23.250636 23.248153 23.247140 23.246744 23.246596 23.246542 23.246523 23.246517 23.246515 23.246515 23.246514 23.246514 23.246513 23.246511 23.246504 23.246484 23.246428 23.246277 23.245883 23.244893 23.242494 23.236890 23.224280 23.196925 23.139697 23.024136 22.798635 22.372829 21.593799 20.212378 17.843984 13.955035 7.994559 0.000000 
50.000000 43.550653 37.476737 32.088226 27.583171 24.031508 21.389048 19.531928 18.297711 17.521161 17.058016 16.795839 16.654787 16.582567 16.547329 16.530923 16.523624 16.520517 16.519251 16.518756 16.518570 16.518503 16.518479 16.518472 16.518469 16.518468 16.518468 16.518468 16.518467 16.518464 16.518457 16.518436 16.518378 16.518220 16.517811 16.516787 16.514316 16.508582 16.495773 16.468246 16.411343 16.298187 16.081763 15.683767 14.980822 13.791585 11.875848 8.973137 4.934430 0.000000 
50.000000 42.528760 35.492471 29.250242 24.031508 19.917272 16.856322 14.705143 13.275542 12.376087 11.839660 11.536012 11.372655 11.289018 11.248212 11.229214 11.220762 11.217165 11.215699 11.215126 11.214911 11.214833 11.214806 11.214797 11.214794 11.214793 11.214793 11.214792 11.214792 11.214789 11.214783 11.214764 11.214710 11.214566 11.214194 11.213265 11.211037 11.205901 11.194521 11.170308 11.120868 11.024060 10.842462 10.516604 9.958636 9.050685 7.656443 5.659810 3.044287 0.000000 
50.000000 41.768431 34.016112 27.138722 21.389048 16.856322 13.484095 11.114217 9.539322 8.548487 7.957583 7.623111 7.443179 7.351061 7.306118 7.285195 7.275888 7.271927 7.270312 7.269681 7.269444 7.269359 7.269329 7.269319 7.269316 7.269315 7.269314 7.269314 7.269313 7.269312 7.269306 7.269290 7.269246 7.269127 7.268822 7.268064 7.266258 7.262120 7.253028 7.233875 7.195234 7.120672 6.983280 6.742047 6.339719 5.705281 4.765893 3.473282 1.844469 0.000000 
50.000000 41.234043 32.978484 25.654712 19.531928 14.705143 11.114217 8.590706 6.913761 5.858754 5.229602 4.873493 4.681928 4.583858 4.536014 4.513741 4.503834 4.499619 4.497900 4.497228 4.496976 4.496885 4.496853 4.496843 4.496839 4.496838 4.496838 4.496838 4.496837 4.496836 4.496832 4.496820 4.496786 4.496697 4.496468 4.495903 4.494564 4.491519 4.484880 4.471025 4.443389 4.390773 4.295353 4.130937 3.862681 3.450165 2.856077 2.061684 1.086249 0.000000 
50.000000 40.878875 32.288858 24.668433 18.297711 13.275542 9.539322 6.913761 5.169042 4.071426 3.416883 3.046414 2.847131 2.745113 2.695345 2.672178 2.661873 2.657488 2.655701 2.655002 2.654740 2.654645 2.654612 2.654601 2.654598 2.654597 2.654596 2.654596 2.654596 2.654595 2.654592 2.654583 2.654560 2.654498 2.654340 2.653951 2.653035 2.650965 2.646485 2.637220 2.618929 2.584521 2.522988 2.418650 2.251482 1.999524 1.644297 1.179131 0.618063 0.000000 
50.000000 40.655392 31.854932 24.047862 17.521161 12.376087 8.548487 5.858754 4.071426 2.947028 2.276529 1.897038 1.692908 1.588412 1.537436 1.513707 1.503153 1.498662 1.496832 1.496116 1.495848 1.495751 1.495717 1.495706 1.495702 1.495701 1.495701 1.495701 1.495700 1.495700 1.495698 1.495692 1.495677 1.495637 1.495536 1.495287 1.494704 1.493394 1.490579 1.484806 1.473514 1.452497 1.415365 1.353253 1.255219 1.109818 0.908165 0.648179 0.338557 0.000000 
50.000000 40.522095 31.596118 23.677734 17.058016 11.839660 7.957583 5.229602 3.416883 2.276529 1.596527 1.211665 1.004649 0.898678 0.846984 0.822922 0.812219 0.807666 0.805810 0.805084 0.804812 0.804713 0.804679 0.804668 0.804664 0.804663 0.804663 0.804663 0.804662 0.804662 0.804661 0.804658 0.804648 0.804624 0.804563 0.804414 0.804067 0.803291 0.801635 0.798263 0.791723 0.779663 0.758577 0.723708 0.669353 0.589770 0.480809 0.341976 0.178171 0.000000 
50.000000 40.446631 31.449599 23.468204 16.795839 11.536012 7.623111 4.873493 3.046414 1.897038 1.211665 0.823767 0.615122 0.508318 0.456219 0.431968 0.421182 0.416593 0.414722 0.413991 0.413717 0.413618 0.413583 0.413572 0.413568 0.413567 0.413567 0.413567 0.413567 0.413566 0.413566 0.413564 0.413559 0.413545 0.413510 0.413427 0.413232 0.412800 0.411884 0.410029 0.406459 0.399929 0.388613 0.370083 0.341491 0.300067 0.243925 0.173038 0.089987 0.000000 
50.000000 40.406028 31.370766 23.355472 16.654787 11.372655 7.443179 4.681928 2.847131 1.692908 1.004649 0.615122 0.405602 0.298352 0.246035 0.221683 0.210852 0.206244 0.204366 0.203632 0.203356 0.203257 0.203222 0.203211 0.203207 0.203206 0.203205 0.203205 0.203205 0.203205 0.203205 0.203204 0.203201 0.203194 0.203175 0.203131 0.203028 0.202801 0.202322 0.201358 0.199514 0.196166 0.190409 0.181059 0.166754 0.146205 0.118582 0.083952 0.043597 0.000000 
50.000000 40.385237 31.330400 23.297750 16.582567 11.289018 7.351061 4.583858 2.745113 1.588412 0.898678 0.508318 0.298352 0.190873 0.138445 0.114042 0.103188 0.098571 0.096688 0.095953 0.095677 0.095577 0.095542 0.095531 0.095527 0.095526 0.095525 0.095525 0.095525 0.095525 0.095525 0.095525 0.095523 0.095519 0.095510 0.095488 0.095437 0.095324 0.095086 0.094611 0.093708 0.092078 0.089294 0.084803 0.077981 0.068251 0.055256 0.039058 0.020261 0.000000 
50.000000 40.375091 31.310702 23.269585 16.547329 11.248212 7.306118 4.536014 2.695345 1.537436 0.846984 0.456219 0.246035 0.138445 0.085963 0.061535 0.050671 0.046048 0.044164 0.043427 0.043151 0.043051 0.043017 0.043005 0.043001 0.043000 0.043000 0.043000 0.043000 0.043000 0.042999 0.042999 0.042999 0.042997 0.042992 0.042982 0.042957 0.042904 0.042792 0.042570 0.042149 0.041394 0.040111 0.038053 0.034947 0.030542 0.024691 0.017431 0.009034 0.000000 
50.000000 40.370367 31.301531 23.256470 16.530923 11.229214 7.285195 4.513741 2.672178 1.513707 0.822922 0.431968 0.221683 0.114042 0.061535 0.037095 0.026225 0.021600 0.019715 0.018979 0.018702 0.018602 0.018568 0.018556 0.018552 0.018551 0.018551 0.018551 0.018551 0.018551 0.018551 0.018550 0.018550 0.018549 0.018547 0.018543 0.018532 0.018508 0.018458 0.018358 0.018171 0.017838 0.017273 0.016373 0.015020 0.013111 0.010587 0.007466 0.003867 0.000000 
50.000000 40.368265 31.297450 23.250636 16.523624 11.220762 7.275888 4.503834 2.661873 1.503153 0.812219 0.421182 0.210852 0.103188 0.050671 0.026225 0.015353 0.010728 0.008842 0.008105 0.007829 0.007729 0.007694 0.007683 0.007679 0.007678 0.007677 0.007677 0.007677 0.007677 0.007677 0.007677 0.007677 0.007677 0.007676 0.007674 0.007669 0.007659 0.007637 0.007595 0.007516 0.007375 0.007137 0.006760 0.006196 0.005403 0.004359 0.003071 0.001590 0.000000 
50.000000 40.367371 31.295713 23.248153 16.520517 11.217165 7.271927 4.499619 2.657488 1.498662 0.807666 0.416593 0.206244 0.098571 0.046048 0.021600 0.010728 0.006101 0.004216 0.003479 0.003202 0.003102 0.003068 0.003056 0.003052 0.003051 0.003051 0.003051 0.003051 0.003051 0.003051 0.003051 0.003051 0.003051 0.003050 0.003049 0.003047 0.003043 0.003034 0.003017 0.002985 0.002928 0.002832 0.002681 0.002455 0.002139 0.001724 0.001214 0.000628 0.000000 
50.000000 40.367006 31.295005 23.247140 16.519251 11.215699 7.270312 4.497900 2.655701 1.496832 0.805810 0.414722 0.204366 0.096688 0.044164 0.019715 0.008842 0.004216 0.002330 0.001593 0.001317 0.001217 0.001182 0.001171 0.001167 0.001166 0.001165 0.001165 0.001165 0.001165 0.001165 0.001165 0.001165 0.001165 0.001165 0.001165 0.001164 0.001162 0.001159 0.001152 0.001140 0.001117 0.001080 0.001022 0.000936 0.000815 0.000656 0.000462 0.000239 0.000000 
50.000000 40.366863 31.294728 23.246744 16.518756 11.215126 7.269681 4.497228 2.655002 1.496116 0.805084 0.413991 0.203632 0.095953 0.043427 0.018979 0.008105 0.003479 0.001593 0.000856 0.000580 0.000480 0.000445 0.000433 0.000430 0.000429 0.000428 0.000428 0.000428 0.000428 0.000428 0.000428 0.000428 0.000428 0.000428 0.000428 0.000428 0.000427 0.000426 0.000423 0.000419 0.000410 0.000397 0.000375 0.000343 0.000299 0.000240 0.000169 0.000087 0.000000 
50.000000 40.366810 31.294624 23.246596 16.518570 11.214911 7.269444 4.496976 2.654740 1.495848 0.804812 0.413717 0.203356 0.095677 0.043151 0.018702 0.007829 0.003202 0.001317 0.000580 0.000303 0.000203 0.000168 0.000157 0.000153 0.000152 0.000152 0.000151 0.000151 0.000151 0.000151 0.000151 0.000151 0.000151 0.000151 0.000151 0.000151 0.000151 0.000151 0.000150 0.000148 0.000145 0.000140 0.000132 0.000121 0.000105 0.000085 0.000060 0.000031 0.000000 
50.000000 40.366790 31.294587 23.246542 16.518503 11.214833 7.269359 4.496885 2.654645 1.495751 0.804713 0.413618 0.203257 0.095577 0.043051 0.018602 0.007729 0.003102 0.001217 0.000480 0.000203 0.000103 0.000069 0.000057 0.000053 0.000052 0.000052 0.000052 0.000052 0.000052 0.000052 0.000052 0.000052 0.000052 0.000052 0.000052 0.000052 0.000052 0.000051 0.000051 0.000050 0.000049 0.000048 0.000045 0.000041 0.000036 0.000029 0.000020 0.000010 0.000000 
50.000000 40.366784 31.294574 23.246524 16.518479 11.214806 7.269329 4.496853 2.654612 1.495717 0.804679 0.413583 0.203222 0.095542 0.043017 0.018568 0.007694 0.003068 0.001182 0.000445 0.000168 0.000069 0.000034 0.000022 0.000019 0.000018 0.000017 0.000017 0.000017 0.000017 0.000017 0.000017 0.000017 0.000017 0.000017 0.000017 0.000017 0.000017 0.000017 0.000017 0.000017 0.000016 0.000016 0.000015 0.000014 0.000012 0.000009 0.000007 0.000003 0.000000 
50.000000 40.366781 31.294569 23.246517 16.518472 11.214797 7.269319 4.496843 2.654602 1.495706 0.804668 0.413572 0.203211 0.095531 0.043005 0.018556 0.007683 0.003056 0.001171 0.000434 0.000157 0.000057 0.000023 0.000011 0.000007 0.000006 0.000006 0.000006 0.000006 0.000006 0.000006 0.000006 0.000006 0.000006 0.000006 0.000006 0.000006 0.000006 0.000006 0.000005 0.000005 0.000005 0.000005 0.000005 0.000004 0.000004 0.000003 0.000002 0.000001 0.000000 
50.000000 40.366781 31.294568 23.246516 16.518469 11.214794 7.269316 4.496840 2.654598 1.495703 0.804665 0.413569 0.203207 0.095527 0.043002 0.018553 0.007679 0.003053 0.001167 0.000430 0.000154 0.000054 0.000019 0.000008 0.000004 0.000003 0.000002 0.000002 0.000002 0.000002 0.000002 0.000002 0.000002 0.000002 0.000002 0.000002 0.000002 0.000002 0.000002 0.000002 0.000002 0.000002 0.000002 0.000002 0.000002 0.000001 0.000001 0.000001 0.000000 0.000000 
50.000000 40.366781 31.294568 23.246516 16.518469 11.214794 7.269316 4.496840 2.654598 1.495703 0.804665 0.413569 0.203207 0.095527 0.043002 0.018553 0.007679 0.003053 0.001167 0.000430 0.000154 0.000054 0.000019 0.000008 0.000004 0.000003 0.000002 0.000002 0.000002 0.000002 0.000002 0.000002 0.000002 0.000002 0.000002 0.000002 0.000002 0.000002 0.000002 0.000002 0.000002 0.000002 0.000002 0.000002 0.000002 0.000001 0.000001 0.000001 0.000000 0.000000 
50.000000 40.366781 31.294569 23.246517 16.518472 11.214797 7.269319 4.496843 2.654602 1.495706 0.804668 0.413572 0.203211 0.095531 0.043005 0.018556 0.007683 0.003056 0.001171 0.000434 0.000157 0.000057 0.000023 0.000011 0.000007 0.000006 0.000006 0.000006 0.000006 0.000006 0.000006 0.000006 0.000006 0.000006 0.000006 0.000006 0.000006 0.000006 0.000006 0.000005 0.000005 0.000005 0.000005 0.000005 0.000004 0.000004 0.000003 0.000002 0.000001 0.000000 
50.000000 40.366784 31.294574 23.246524 16.518479 11.214806 7.269329 4.496853 2.654612 1.495717 0.804679 0.413583 0.203222 0.095542 0.043017 0.018568 0.007694 0.003068 0.001182 0.000445 0.000168 0.000069 0.000034 0.000022 0.000019 0.000018 0.000017 0.000017 0.000017 0.000017 0.000017 0.000017 0.000017 0.000017 0.000017 0.000017 0.000017 0.000017 0.000017 0.000017 0.000017 0.000016 0.000016 0.000015 0.000014 0.000012 0.000009 0.000007 0.000003 0.000000 
50.000000 40.366790 31.294587 23.246542 16.518503 11.214833 7.269359 4.496885 2.654645 1.495751 0.804713 0.413618 0.203257 0.095577 0.043051 0.018602 0.007729 0.003102 0.001217 0.000480 0.000203 0.000103 0.000069 0.000057 0.000053 0.000052 0.000052 0.000052 0.000052 0.000052 0.000052 0.000052 0.000052 0.000052 0.000052 0.000052 0.000052 0.000052 0.000051 0.000051 0.000050 0.000049 0.000048 0.000045 0.000041 0.000036 0.000029 0.000020 0.000010 0.000000 
50.000000 40.366810 31.294624 23.246596 16.518570 11.214911 7.269444 4.496976 2.654740 1.495848 0.804812 0.413717 0.203356 0.095677 0.043151 0.018702 0.007829 0.003202 0.001317 0.000580 0.000303 0.000203 0.000168 0.000157 0.000153 0.000152 0.000152 0.000151 0.000151 0.000151 0.000151 0.000151 0.000151 0.000151 0.000151 0.000151 0.000151 0.000151 0.000151 0.000150 0.000148 0.000145 0.000140 0.000132 0.000121 0.000105 0.000085 0.000060 0.000031 0.000000 
50.000000 40.366863 31.294728 23.246744 16.518756 11.215126 7.269681 4.497228 2.655002 1.496116 0.805084 0.413991 0.203632 0.095953 0.043427 0.018979 0.008105 0.003479 0.001593 0.000856 0.000580 0.000480 0.000445 0.000433 0.000430 0.000429 0.000428 0.000428 0.000428 0.000428 0.000428 0.000428 0.000428 0.000428 0.000428 0.000428 0.000428 0.000427 0.000426 0.000423 0.000419 0.000410 0.000397 0.000375 0.000343 0.000299 0.000240 0.000169 0.000087 0.000000 
50.000000 40.367006 31.295005 23.247140 16.519251 11.215699 7.270312 4.497900 2.655701 1.496832 0.805810 0.414722 0.204366 0.096688 0.044164 0.019715 0.008842 0.004216 0.002330 0.001593 0.001317 0.001217 0.001182 0.001171 0.001167 0.001166 0.001165 0.001165 0.001165 0.001165 0.001165 0.001165 0.001165 0.001165 0.001165 0.001165 0.001164 0.001162 0.001159 0.001152 0.001140 0.001117 0.001080 0.001022 0.000936 0.000815 0.000656 0.000462 0.000239 0.000000 
50.000000 40.367371 31.295713 23.248153 16.520517 11.217165 7.271927 4.499619 2.657488 1.498662 0.807666 0.416593 0.206244 0.098571 0.046048 0.021600 0.010728 0.006101 0.004216 0.003479 0.003202 0.003102 0.003068 0.003056 0.003052 0.003051 0.003051 0.003051 0.003051 0.003051 0.003051 0.003051 0.003051 0.003051 0.003050 0.003049 0.003047 0.003043 0.003034 0.003017 0.002985 0.002928 0.002832 0.002681 0.002455 0.002139 0.001724 0.001214 0.000628 0.000000 
50.000000 40.368265 31.297450 23.250636 16.523624 11.220762 7.275888 4.503834 2.661873 1.503153 0.812219 0.421182 0.210852 0.103188 0.050671 0.026225 0.015353 0.010728 0.008842 0.008105 0.007829 0.007729 0.007694 0.007683 0.007679 0.007678 0.007677 0.007677 0.007677 0.007677 0.007677 0.007677 0.007677 0.007677 0.007676 0.007674 0.007669 0.007659 0.007637 0.007595 0.007516 0.007375 0.007137 0.006760 0.006196 0.005403 0.004359 0.003071 0.001590 0.000000 
50.000000 40.370367 31.301531 23.256470 16.530923 11.229214 7.285195 4.513741 2.672178 1.513707 0.822922 0.431968 0.221683 0.114042 0.061535 0.037095 0.026225 0.021600 0.019715 0.018979 0.018702 0.018602 0.018568 0.018556 0.018552 0.018551 0.018551 0.018551 0.018551 0.018551 0.018551 0.018550 0.018550 0.018549 0.018547 0.018543 0.018532 0.018508 0.018458 0.018358 0.018171 0.017838 0.017273 0.016373 0.015020 0.013111 0.010587 0.007466 0.003867 0.000000 
50.000000 40.375091 31.310702 23.269585 16.547329 11.248212 7.306118 4.536014 2.695345 1.537436 0.846984 0.456219 0.246035 0.138445 0.085963 0.061535 0.050671 0.046048 0.044164 0.043427 0.043151 0.043051 0.043017 0.043005 0.043001 0.043000 0.043000 0.043000 0.043000 0.043000 0.042999 0.042999 0.042999 0.042997 0.042992 0.042982 0.042957 0.042904 0.042792 0.042570 0.042149 0.041394 0.040111 0.038053 0.034947 0.030542 0.024691 0.017431 0.009034 0.000000 
50.000000 40.385237 31.330400 23.297750 16.582567 11.289018 7.351061 4.583858 2.745113 1.588412 0.898678 0.508318 0.298352 0.190873 0.138445 0.114042 0.103188 0.098571 0.096688 0.095953 0.095677 0.095577 0.095542 0.095531 0.095527 0.095526 0.095525 0.095525 0.095525 0.095525 0.095525 0.095525 0.095523 0.095519 0.095510 0.095488 0.095437 0.095324 0.095086 0.094611 0.093708 0.092078 0.089294 0.084803 0.077981 0.068251 0.055256 0.039058 0.020261 0.000000 
50.000000 40.406028 31.370766 23.355472 16.654787 11.372655 7.443179 4.681928 2.847131 1.692908 1.004649 0.615122 0.405602 0.298352 0.246035 0.221683 0.210852 0.206244 0.204366 0.203632 0.203356 0.203257 0.203222 0.203211 0.203207 0.203206 0.203205 0.203205 0.203205 0.203205 0.203205 0.203204 0.203201 0.203194 0.203175 0.203131 0.203028 0.202801 0.202322 0.201358 0.199514 0.196166 0.190409 0.181059 0.166754 0.146205 0.118582 0.083952 0.043597 0.000000 
50.000000 40.446631 31.449599 23.468204 16.795839 11.536012 7.623111 4.873493 3.046414 1.897038 1.211665 0.823767 0.615122 0.508318 0.456219 0.431968 0.421182 0.416593 0.414722 0.413991 0.413717 0.413618 0.413583 0.413572 0.413568 0.413567 0.413567 0.413567 0.413567 0.413566 0.413566 0.413564 0.413559 0.413545 0.413510 0.413427 0.413232 0.412800 0.411884 0.410029 0.406459 0.399929 0.388613 0.370083 0.341491 0.300067 0.243925 0.173038 0.089987 0.000000 
50.000000 40.522095 31.596118 23.677734 17.058016 11.839660 7.957583 5.229602 3.416883 2.276529 1.596527 1.211665 1.004649 0.898678 0.846984 0.822922 0.812219 0.807666 0.805810 0.805084 0.804812 0.804713 0.804679 0.804668 0.804664 0.804663 0.804663 0.804663 0.804662 0.804662 0.804661 0.804658 0.804648 0.804624 0.804563 0.804414 0.804067 0.803291 0.801635 0.798263 0.791723 0.779663 0.758577 0.723708 0.669353 0.589770 0.480809 0.341976 0.178171 0.000000 
50.000000 40.655392 31.854932 24.047862 17.521161 12.376087 8.548487 5.858754 4.071426 2.947028 2.276529 1.897038 1.692908 1.588412 1.537436 1.513707 1.503153 1.498662 1.496832 1.496116 1.495848 1.495751 1.495717 1.495706 1.495702 1.495701 1.495701 1.495701 1.495700 1.495700 1.495698 1.495692 1.495677 1.495637 1.495536 1.495287 1.494704 1.493394 1.490579 1.484806 1.473514 1.452497 1.415365 1.353253 1.255219 1.109818 0.908165 0.648179 0.338557 0.000000 
50.000000 40.878875 32.288858 24.668433 18.297711 13.275542 9.539322 6.913761 5.169042 4.071426 3.416883 3.046414 2.847131 2.745113 2.695345 2.672178 2.661873 2.657488 2.655701 2.655002 2.654740 2.654645 2.654612 2.654601 2.654598 2.654597 2.654596 2.654596 2.654596 2.654595 2.654592 2.654583 2.654560 2.654498 2.654340 2.653951 2.653035 2.650965 2.646485 2.637220 2.618929 2.584521 2.522988 2.418650 2.251482 1.999524 1.644297 1.179131 0.618063 0.000000 
50.000000 41.234043 32.978484 25.654712 19.531928 14.705143 11.114217 8.590706 6.913761 5.858754 5.229602 4.873493 4.681928 4.583858 4.536014 4.513741 4.503834 4.499619 4.497900 4.497228 4.496976 4.496885 4.496853 4.496843 4.496839 4.496838 4.496838 4.496838 4.496837 4.496836 4.496832 4.496820 4.496786 4.496697 4.496468 4.495903 4.494564 4.491519 4.484880 4.471025 4.443389 4.390773 4.295353 4.130937 3.862681 3.450165 2.856077 2.061684 1.086249 0.000000 
50.000000 41.768431 34.016112 27.138722 21.389048 16.856322 13.484095 11.114217 9.539322 8.548487 7.957583 7.623111 7.443179 7.351061 7.306118 7.285195 7.275888 7.271927 7.270312 7.269681 7.269444 7.269359 7.269329 7.269319 7.269316 7.269315 7.269314 7.269314 7.269313 7.269312 7.269306 7.269290 7.269246 7.269127 7.268822 7.268064 7.266258 7.262120 7.253028 7.233875 7.195234 7.120672 6.983280 6.742047 6.339719 5.705281 4.765893 3.473282 1.844469 0.000000 
50.000000 42.528760 35.492471 29.250242 24.031508 19.917272 16.856322 14.705143 13.275542 12.376087 11.839660 11.536012 11.372655 11.289018 11.248212 11.229214 11.220762 11.217165 11.215699 11.215126 11.214911 11.214833 11.214806 11.214797 11.214794 11.214793 11.214793 11.214792 11.214792 11.214789 11.214783 11.214764 11.214710 11.214566 11.214194 11.213265 11.211037 11.205901 11.194521 11.170308 11.120868 11.024060 10.842462 10.516604 9.958636 9.050685 7.656443 5.659810 3.044287 0.000000 
50.000000 43.550653 37.476737 32.088226 27.583171 24.031508 21.389048 19.531928 18.297711 17.521161 17.058016 16.795839 16.654787 16.582567 16.547329 16.530923 16.523624 16.520517 16.519251 16.518756 16.518570 16.518503 16.518479 16.518472 16.518469 16.518468 16.518468 16.518468 16.518467 16.518464 16.518457 16.518436 16.518378 16.518220 16.517811 16.516787 16.514316 16.508582 16.495773 16.468246 16.411343 16.298187 16.081763 15.683767 14.980822 13.791585 11.875848 8.973137 4.934430 0.000000 
50.000000 44.846809 39.993576 35.687967 32.088226 29.250242 27.138722 25.654712 24.668433 24.047862 23.677734 23.468204 23.355472 23.297750 23.269585 23.256470 23.250636 23.248153 23.247140 23.246744 23.246596 23.246542 23.246523 23.246517 23.246515 23.246515 23.246514 23.246514 23.246513 23.246511 23.246504 23.246484 23.246428 23.246277 23.245883 23.244893 23.242494 23.236890 23.224280 23.196925 23.139697 23.024136 22.798635 22.372829 21.593799 20.212378 17.843984 13.955035 7.994559 0.000000 
50.000000 46.397101 43.003910 39.993576 37.476737 35.492471 34.016112 32.978484 32.288858 31.854932 31.596118 31.449599 31.370766 31.330400 31.310702 31.301531 31.297450 31.295713 31.295005 31.294728 31.294624 31.294587 31.294574 31.294569 31.294568 31.294568 31.294567 31.294567 31.294567 31.294565 31.294559 31.294543 31.294499 31.294379 31.294064 31.293271 31.291342 31.286814 31.276561 31.254142 31.206753 31.109727 30.916800 30.542831 29.832660 28.503599 26.038541 21.501955 13.342908 0.000000 
50.000000 48.144554 46.397101 44.846809 43.550653 42.528760 41.768431 41.234043 40.878875 40.655392 40.522095 40.446631 40.406028 40.385237 40.375091 40.370367 40.368265 40.367371 40.367006 40.366863 40.366810 40.366790 40.366784 40.366781 40.366781 40.366780 40.366780 40.366780 40.366780 40.366779 40.366776 40.366767 40.366742 40.366676 40.366500 40.366057 40.364976 40.362431 40.356645 40.343923 40.316835 40.260812 40.147794 39.923962 39.484474 38.616223 36.852250 33.054193 24.072277 0.000000 
50.000000 50.000000 50.000000 50.000000 50.000000 50.000000 50.000000 50.000000 50.000000 50.000000 50.000000 50.000000 50.000000 50.000000 50.000000 50.000000 50.000000 50.000000 50.000000 50.000000 50.000000 50.000000 50.000000 50.000000 50.000000 50.000000 50.000000 50.000000 50.000000 50.000000 50.000000 50.000000 50.000000 50.000000 50.000000 50.000000 50.000000 50.000000 50.000000 50.000000 50.000000 50.000000 50.000000 50.000000 50.000000 50.000000 50.000000 50.000000 50.000000 50.000000 
