50.000000 50.000000 50.000000 50.000000 50.000000 50.000000 50.000000 50.000000 50.000000 50.000000 50.000000 50.000000 50.000000 50.000000 50.000000 50.000000 50.000000 50.000000 50.000000 50.000000 50.000000 50.000000 50.000000 50.000000 50.000000 50.000000 50.000000 50.000000 50.000000 50.000000 50.000000 50.000000 50.000000 50.000000 50.000000 50.000000 50.000000 50.000000 50.000000 50.000000 50.000000 50.000000 50.000000 50.000000 50.000000 50.000000 50.000000 50.000000 50.000000 50.000000 
50.000000 46.247073 42.934907 40.349691 38.558362 37.450923 36.836605 36.529020 36.389196 36.331161 36.309051 36.301281 36.298751 36.297984 36.297767 36.297710 36.297696 36.297692 36.297691 36.297691 36.297691 36.297691 36.297691 36.297691 36.297691 36.297691 36.297691 36.297691 36.297691 36.297691 36.297691 36.297691 36.297691 36.297691 36.297690 36.297687 36.297673 36.297616 36.297401 36.296637 36.294071 36.285942 36.261639 36.192871 36.007712 35.528555 34.316463 31.239992 23.123536 0.000000 
50.000000 42.934907 36.699688 31.833146 28.461233 26.376782 25.220587 24.641740 24.378629 24.269434 24.227838 24.213222 24.208464 24.207022 24.206614 24.206506 24.206479 24.206473 24.206471 24.206471 24.206471 24.206471 24.206471 24.206471 24.206471 24.206471 24.206471 24.206471 24.206471 24.206471 24.206471 24.206471 24.206471 24.206471 24.206469 24.206464 24.206441 24.206351 24.206012 24.204812 24.200816 24.188296 24.151443 24.049508 23.784359 23.134552 21.631066 18.349844 11.694915 0.000000 
50.000000 40.349691 31.833146 25.186387 20.581348 17.734871 16.156176 15.365904 15.006742 14.857707 14.800943 14.781001 14.774510 14.772543 14.771987 14.771840 14.771803 14.771794 14.771792 14.771792 14.771792 14.771792 14.771792 14.771792 14.771792 14.771792 14.771792 14.771792 14.771792 14.771792 14.771792 14.771792 14.771792 14.771791 14.771790 14.771785 14.771761 14.771668 14.771321 14.770102 14.766083 14.753665 14.717773 14.620967 14.377893 13.811474 12.593194 10.202079 6.033229 0.000000 
50.000000 38.558362 28.461233 20.581348 15.122412 11.748470 9.877464 8.940994 8.515452 8.338901 8.271669 8.248054 8.240368 8.238040 8.237382 8.237208 8.237164 8.237154 8.237152 8.237151 8.237151 8.237151 8.237151 8.237151 8.237151 8.237151 8.237151 8.237151 8.237151 8.237151 8.237151 8.237151 8.237151 8.237151 8.237150 8.237145 8.237126 8.237051 8.236775 8.235812 8.232673 8.223104 8.195942 8.124392 7.950281 7.561206 6.769874 5.326681 3.029808 0.000000 
50.000000 37.450923 26.376782 17.734871 11.748470 8.048870 5.997499 4.970882 4.504440 4.310950 4.237278 4.211405 4.202986 4.200437 4.199716 4.199525 4.199477 4.199466 4.199464 4.199463 4.199463 4.199463 4.199463 4.199463 4.199463 4.199463 4.199463 4.199463 4.199463 4.199463 4.199463 4.199463 4.199463 4.199463 4.199462 4.199459 4.199446 4.199397 4.199214 4.198583 4.196546 4.190416 4.173297 4.129127 4.024435 3.798189 3.356978 2.592423 1.443211 0.000000 
50.000000 36.836605 25.220587 16.156176 9.877464 5.997499 3.846304 2.769835 2.280795 2.077953 2.000731 1.973614 1.964791 1.962120 1.961365 1.961165 1.961115 1.961103 1.961101 1.961100 1.961100 1.961100 1.961100 1.961100 1.961100 1.961100 1.961100 1.961100 1.961100 1.961100 1.961100 1.961100 1.961100 1.961100 1.961100 1.961098 1.961091 1.961062 1.960958 1.960603 1.959466 1.956083 1.946768 1.923152 1.868372 1.753071 1.535209 1.171079 0.643735 0.000000 
50.000000 36.529020 24.641740 15.365904 8.940994 4.970882 2.769835 1.668492 1.168188 0.960691 0.881702 0.853968 0.844944 0.842213 0.841441 0.841236 0.841185 0.841173 0.841171 0.841170 0.841170 0.841170 0.841170 0.841170 0.841170 0.841170 0.841170 0.841170 0.841170 0.841170 0.841170 0.841170 0.841170 0.841170 0.841170 0.841169 0.841165 0.841151 0.841099 0.840923 0.840365 0.838720 0.834246 0.823067 0.797585 0.745052 0.648131 0.490297 0.267381 0.000000 
50.000000 36.389196 24.378629 15.006742 8.515452 4.504440 2.280795 1.168188 0.662789 0.453187 0.373402 0.345389 0.336276 0.333517 0.332737 0.332531 0.332479 0.332467 0.332465 0.332464 0.332464 0.332464 0.332464 0.332464 0.332464 0.332464 0.332464 0.332464 0.332464 0.332464 0.332464 0.332464 0.332464 0.332464 0.332464 0.332463 0.332462 0.332455 0.332432 0.332355 0.332110 0.331394 0.329468 0.324712 0.314024 0.292347 0.253077 0.190332 0.103254 0.000000 
50.000000 36.331161 24.269434 14.857707 8.338901 4.310950 2.077953 0.960691 0.453187 0.242718 0.162605 0.134477 0.125327 0.122558 0.121775 0.121567 0.121516 0.121503 0.121501 0.121500 0.121500 0.121500 0.121500 0.121500 0.121500 0.121500 0.121500 0.121500 0.121500 0.121500 0.121500 0.121500 0.121500 0.121500 0.121500 0.121500 0.121499 0.121497 0.121487 0.121456 0.121359 0.121078 0.120326 0.118488 0.114404 0.106228 0.091623 0.068618 0.037090 0.000000 
50.000000 36.309051 24.227838 14.800943 8.271669 4.237278 2.000731 0.881702 0.373402 0.162605 0.082367 0.054197 0.045033 0.042259 0.041475 0.041267 0.041215 0.041203 0.041200 0.041200 0.041200 0.041200 0.041200 0.041200 0.041200 0.041200 0.041200 0.041200 0.041200 0.041200 0.041200 0.041200 0.041200 0.041200 0.041200 0.041200 0.041199 0.041198 0.041195 0.041184 0.041149 0.041047 0.040779 0.040128 0.038696 0.035857 0.030841 0.023026 0.012414 0.000000 
50.000000 36.301281 24.213222 14.781001 8.248054 4.211405 1.973614 0.853968 0.345389 0.134477 0.054197 0.026011 0.016842 0.014067 0.013282 0.013074 0.013023 0.013010 0.013008 0.013007 0.013007 0.013007 0.013007 0.013007 0.013007 0.013007 0.013007 0.013007 0.013007 0.013007 0.013007 0.013007 0.013007 0.013007 0.013007 0.013007 0.013007 0.013007 0.013005 0.013002 0.012990 0.012957 0.012868 0.012656 0.012192 0.011279 0.009681 0.007211 0.003880 0.000000 
50.000000 36.298751 24.208464 14.774510 8.240368 4.202986 1.964791 0.844944 0.336276 0.125327 0.045033 0.016842 0.007671 0.004896 0.004111 0.003903 0.003851 0.003839 0.003837 0.003836 0.003836 0.003836 0.003836 0.003836 0.003836 0.003836 0.003836 0.003836 0.003836 0.003836 0.003836 0.003836 0.003836 0.003836 0.003836 0.003836 0.003836 0.003836 0.003835 0.003834 0.003831 0.003820 0.003793 0.003729 0.003589 0.003316 0.002842 0.002113 0.001135 0.000000 
50.000000 36.297984 24.207022 14.772543 8.238040 4.200437 1.962120 0.842213 0.333517 0.122558 0.042259 0.014067 0.004896 0.002120 0.001335 0.001127 0.001076 0.001063 0.001061 0.001060 0.001060 0.001060 0.001060 0.001060 0.001060 0.001060 0.001060 0.001060 0.001060 0.001060 0.001060 0.001060 0.001060 0.001060 0.001060 0.001060 0.001060 0.001060 0.001060 0.001059 0.001058 0.001056 0.001048 0.001030 0.000991 0.000914 0.000782 0.000581 0.000312 0.000000 
50.000000 36.297767 24.206614 14.771987 8.237382 4.199716 1.961365 0.841441 0.332737 0.121775 0.041475 0.013282 0.004111 0.001335 0.000551 0.000343 0.000291 0.000279 0.000276 0.000275 0.000275 0.000275 0.000275 0.000275 0.000275 0.000275 0.000275 0.000275 0.000275 0.000275 0.000275 0.000275 0.000275 0.000275 0.000275 0.000275 0.000275 0.000275 0.000275 0.000275 0.000275 0.000274 0.000272 0.000267 0.000257 0.000237 0.000203 0.000150 0.000081 0.000000 
50.000000 36.297710 24.206506 14.771840 8.237208 4.199525 1.961165 0.841236 0.332531 0.121567 0.041267 0.013074 0.003903 0.001127 0.000343 0.000135 0.000083 0.000071 0.000068 0.000068 0.000067 0.000067 0.000067 0.000067 0.000067 0.000067 0.000067 0.000067 0.000067 0.000067 0.000067 0.000067 0.000067 0.000067 0.000067 0.000067 0.000067 0.000067 0.000067 0.000067 0.000067 0.000067 0.000067 0.000065 0.000063 0.000058 0.000049 0.000037 0.000020 0.000000 
50.000000 36.297696 24.206479 14.771803 8.237164 4.199477 1.961115 0.841185 0.332479 0.121516 0.041215 0.013023 0.003851 0.001076 0.000291 0.000083 0.000031 0.000019 0.000016 0.000016 0.000016 0.000016 0.000016 0.000016 0.000016 0.000016 0.000016 0.000016 0.000016 0.000016 0.000016 0.000016 0.000016 0.000016 0.000016 0.000016 0.000016 0.000016 0.000016 0.000016 0.000016 0.000016 0.000015 0.000015 0.000015 0.000013 0.000011 0.000008 0.000005 0.000000 
50.000000 36.297692 24.206473 14.771794 8.237154 4.199466 1.961103 0.841173 0.332467 0.121503 0.041203 0.013010 0.003839 0.001063 0.000279 0.000071 0.000019 0.000007 0.000004 0.000004 0.000003 0.000003 0.000003 0.000003 0.000003 0.000003 0.000003 0.000003 0.000003 0.000003 0.000003 0.000003 0.000003 0.000003 0.000003 0.000003 0.000003 0.000003 0.000003 0.000003 0.000003 0.000003 0.000003 0.000003 0.000003 0.000003 0.000002 0.000002 0.000001 0.000000 
50.000000 36.297691 24.206471 14.771792 8.237152 4.199464 1.961101 0.841171 0.332465 0.121501 0.041200 0.013008 0.003837 0.001061 0.000276 0.000068 0.000016 0.000004 0.000001 0.000001 0.000001 0.000001 0.000001 0.000001 0.000001 0.000001 0.000001 0.000001 0.000001 0.000001 0.000001 0.000001 0.000001 0.000001 0.000001 0.000001 0.000001 0.000001 0.000001 0.000001 0.000001 0.000001 0.000001 0.000001 0.000001 0.000001 0.000001 0.000000 0.000000 0.000000 
50.000000 36.297691 24.206471 14.771792 8.237151 4.199463 1.961100 0.841170 0.332464 0.121500 0.041200 0.013007 0.003836 0.001060 0.000275 0.000068 0.000016 0.000004 0.000001 0.000000 0.000000 0.000000 0.000000 0.000000 0.000000 0.000000 0.000000 0.000000 0.000000 0.000000 0.000000 0.000000 0.000000 0.000000 0.000000 0.000000 0.000000 0.000000 0.000000 0.000000 0.000000 0.000000 0.000000 0.000000 0.000000 0.000000 0.000000 0.000000 0.000000 0.000000 
50.000000 36.297691 24.206471 14.771792 8.237151 4.199463 1.961100 0.841170 0.332464 0.121500 0.041200 0.013007 0.003836 0.001060 0.000275 0.000067 0.000016 0.000003 0.000001 0.000000 0.000000 0.000000 0.000000 0.000000 0.000000 0.000000 0.000000 0.000000 0.000000 0.000000 0.000000 0.000000 0.000000 0.000000 0.000000 0.000000 0.000000 0.000000 0.000000 0.000000 0.000000 0.000000 0.000000 0.000000 0.000000 0.000000 0.000000 0.000000 0.000000 0.000000 
50.000000 36.297691 24.206471 14.771792 8.237151 4.199463 1.961100 0.841170 0.332464 0.121500 0.041200 0.013007 0.003836 0.001060 0.000275 0.000067 0.000016 0.000003 0.000001 0.000000 0.000000 0.000000 0.000000 0.000000 0.000000 0.000000 0.000000 0.000000 0.000000 0.000000 0.000000 0.000000 0.000000 0.000000 0.000000 0.000000 0.000000 0.000000 0.000000 0.000000 0.000000 0.000000 0.000000 0.000000 0.000000 0.000000 0.000000 0.000000 0.000000 0.000000 
50.000000 36.297691 24.206471 14.771792 8.237151 4.199463 1.961100 0.841170 0.332464 0.121500 0.041200 0.013007 0.003836 0.001060 0.000275 0.000067 0.000016 0.000003 0.000001 0.000000 0.000000 0.000000 0.000000 0.000000 0.000000 0.000000 0.000000 0.000000 0.000000 0.000000 0.000000 0.000000 0.000000 0.000000 0.000000 0.000000 0.000000 0.000000 0.000000 0.000000 0.000000 0.000000 0.000000 0.000000 0.000000 0.000000 0.000000 0.000000 0.000000 0.000000 
50.000000 36.297691 24.206471 14.771792 8.237151 4.199463 1.961100 0.841170 0.332464 0.121500 0.041200 0.013007 0.003836 0.001060 0.000275 0.000067 0.000016 0.000003 0.000001 0.000000 0.000000 0.000000 0.000000 0.000000 0.000000 0.000000 0.000000 0.000000 0.000000 0.000000 0.000000 0.000000 0.000000 0.000000 0.000000 0.000000 0.000000 0.000000 0.000000 0.000000 0.000000 0.000000 0.000000 0.000000 0.000000 0.000000 0.000000 0.000000 0.000000 0.000000 
50.000000 36.297691 24.206471 14.771792 8.237151 4.199463 1.961100 0.841170 0.332464 0.121500 0.041200 0.013007 0.003836 0.001060 0.000275 0.000067 0.000016 0.000003 0.000001 0.000000 0.000000 0.000000 0.000000 0.000000 0.000000 0.000000 0.000000 0.000000 0.000000 0.000000 0.000000 0.000000 0.000000 0.000000 0.000000 0.000000 0.000000 0.000000 0.000000 0.000000 0.000000 0.000000 0.000000 0.000000 0.000000 0.000000 0.000000 0.000000 0.000000 0.000000 
50.000000 36.297691 24.206471 14.771792 8.237151 4.199463 1.961100 0.841170 0.332464 0.121500 0.041200 0.013007 0.003836 0.001060 0.000275 0.000067 0.000016 0.000003 0.000001 0.000000 0.000000 0.000000 0.000000 0.000000 0.000000 0.000000 0.000000 0.000000 0.000000 0.000000 0.000000 0.000000 0.000000 0.000000 0.000000 0.000000 0.000000 0.000000 0.000000 0.000000 0.000000 0.000000 0.000000 0.000000 0.000000 0.000000 0.000000 0.000000 0.000000 0.000000 
50.000000 36.297691 24.206471 14.771792 8.237151 4.199463 1.961100 0.841170 0.332464 0.121500 0.041200 0.013007 0.003836 0.001060 0.000275 0.000067 0.000016 0.000003 0.000001 0.000000 0.000000 0.000000 0.000000 0.000000 0.000000 0.000000 0.000000 0.000000 0.000000 0.000000 0.000000 0.000000 0.000000 0.000000 0.000000 0.000000 0.000000 0.000000 0.000000 0.000000 0.000000 0.000000 0.000000 0.000000 0.000000 0.000000 0.000000 0.000000 0.000000 0.000000 
50.000000 36.297691 24.206471 14.771792 8.237151 4.199463 1.961100 0.841170 0.332464 0.121500 0.041200 0.013007 0.003836 0.001060 0.000275 0.000067 0.000016 0.000003 0.000001 0.000000 0.000000 0.000000 0.000000 0.000000 0.000000 0.000000 0.000000 0.000000 0.000000 0.000000 0.000000 0.000000 0.000000 0.000000 0.000000 0.000000 0.000000 0.000000 0.000000 0.000000 0.000000 0.000000 0.000000 0.000000 0.000000 0.000000 0.000000 0.000000 0.000000 0.000000 
50.000000 36.297691 24.206471 14.771792 8.237151 4.199463 1.961100 0.841170 0.332464 0.121500 0.041200 0.013007 0.003836 0.001060 0.000275 0.000067 0.000016 0.000003 0.000001 0.000000 0.000000 0.000000 0.000000 0.000000 0.000000 0.000000 0.000000 0.000000 0.000000 0.000000 0.000000 0.000000 0.000000 0.000000 0.000000 0.000000 0.000000 0.000000 0.000000 0.000000 0.000000 0.000000 0.000000 0.000000 0.000000 0.000000 0.000000 0.000000 0.000000 0.000000 
50.000000 36.297691 24.206471 14.771792 8.237151 4.199463 1.961100 0.841170 0.332464 0.121500 0.041200 0.013007 0.003836 0.001060 0.000275 0.000067 0.000016 0.000003 0.000001 0.000000 0.000000 0.000000 0.000000 0.000000 0.000000 0.000000 0.000000 0.000000 0.000000 0.000000 0.000000 0.000000 0.000000 0.000000 0.000000 0.000000 0.000000 0.000000 0.000000 0.000000 0.000000 0.000000 0.000000 0.000000 0.000000 0.000000 0.000000 0.000000 0.000000 0.000000 
50.000000 36.297691 24.206471 14.771792 8.237151 4.199463 1.961100 0.841170 0.332464 0.121500 0.041200 0.013007 0.003836 0.001060 0.000275 0.000068 0.000016 0.000004 0.000001 0.000000 0.000000 0.000000 0.000000 0.000000 0.000000 0.000000 0.000000 0.000000 0.000000 0.000000 0.000000 0.000000 0.000000 0.000000 0.000000 0.000000 0.000000 0.000000 0.000000 0.000000 0.000000 0.000000 0.000000 0.000000 0.000000 0.000000 0.000000 0.000000 0.000000 0.000000 
50.000000 36.297691 24.206471 14.771792 8.237152 4.199464 1.961101 0.841171 0.332465 0.121501 0.041200 0.013008 0.003837 0.001061 0.000276 0.000068 0.000016 0.000004 0.000001 0.000001 0.000001 0.000001 0.000001 0.000001 0.000001 0.000001 0.000001 0.000001 0.000001 0.000001 0.000001 0.000001 0.000001 0.000001 0.000001 0.000001 0.000001 0.000001 0.000001 0.000001 0.000001 0.000001 0.000001 0.000001 0.000001 0.000001 0.000001 0.000000 0.000000 0.000000 
50.000000 36.297692 24.206473 14.771794 8.237154 4.199466 1.961103 0.841173 0.332467 0.121503 0.041203 0.013010 0.003839 0.001063 0.000279 0.000071 0.000019 0.000007 0.000004 0.000004 0.000003 0.000003 0.000003 0.000003 0.000003 0.000003 0.000003 0.000003 0.000003 0.000003 0.000003 0.000003 0.000003 0.000003 0.000003 0.000003 0.000003 0.000003 0.000003 0.000003 0.000003 0.000003 0.000003 0.000003 0.000003 0.000003 0.000002 0.000002 0.000001 0.000000 
50.000000 36.297696 24.206479 14.771803 8.237164 4.199477 1.961115 0.841185 0.332479 0.121516 0.041215 0.013023 0.003851 0.001076 0.000291 0.000083 0.000031 0.000019 0.000016 0.000016 0.000016 0.000016 0.000016 0.000016 0.000016 0.000016 0.000016 0.000016 0.000016 0.000016 0.000016 0.000016 0.000016 0.000016 0.000016 0.000016 0.000016 0.000016 0.000016 0.000016 0.000016 0.000016 0.000015 0.000015 0.000015 0.000013 0.000011 0.000008 0.000005 0.000000 
50.000000 36.297710 24.206506 14.771840 8.237208 4.199525 1.961165 0.841236 0.332531 0.121567 0.041267 0.013074 0.003903 0.001127 0.000343 0.000135 0.000083 0.000071 0.000068 0.000068 0.000067 0.000067 0.000067 0.000067 0.000067 0.000067 0.000067 0.000067 0.000067 0.000067 0.000067 0.000067 0.000067 0.000067 0.000067 0.000067 0.000067 0.000067 0.000067 0.000067 0.000067 0.000067 0.000067 0.000065 0.000063 0.000058 0.000049 0.000037 0.000020 0.000000 
50.000000 36.297767 24.206614 14.771987 8.237382 4.199716 1.961365 0.841441 0.332737 0.121775 0.041475 0.013282 0.004111 0.001335 0.000551 0.000343 0.000291 0.000279 0.000276 0.000275 0.000275 0.000275 0.000275 0.000275 0.000275 0.000275 0.000275 0.000275 0.000275 0.000275 0.000275 0.000275 0.000275 0.000275 0.000275 0.000275 0.000275 0.000275 0.000275 0.000275 0.000275 0.000274 0.000272 0.000267 0.000257 0.000237 0.000203 0.000150 0.000081 0.000000 
50.000000 36.297984 24.207022 14.772543 8.238040 4.200437 1.962120 0.842213 0.333517 0.122558 0.042259 0.014067 0.004896 0.002120 0.001335 0.001127 0.001076 0.001063 0.001061 0.001060 0.001060 0.001060 0.001060 0.001060 0.001060 0.001060 0.001060 0.001060 0.001060 0.001060 0.001060 0.001060 0.001060 0.001060 0.001060 0.001060 0.001060 0.001060 0.001060 0.001059 0.001058 0.001056 0.001048 0.001030 0.000991 0.000914 0.000782 0.000581 0.000312 0.000000 
50.000000 36.298751 24.208464 14.774510 8.240368 4.202986 1.964791 0.844944 0.336276 0.125327 0.045033 0.016842 0.007671 0.004896 0.004111 0.003903 0.003851 0.003839 0.003837 0.003836 0.003836 0.003836 0.003836 0.003836 0.003836 0.003836 0.003836 0.003836 0.003836 0.003836 0.003836 0.003836 0.003836 0.003836 0.003836 0.003836 0.003836 0.003836 0.003835 0.003834 0.003831 0.003820 0.003793 0.003729 0.003589 0.003316 0.002842 0.002113 0.001135 0.000000 
50.000000 36.301281 24.213222 14.781001 8.248054 4.211405 1.973614 0.853968 0.345389 0.134477 0.054197 0.026011 0.016842 0.014067 0.013282 0.013074 0.013023 0.013010 0.013008 0.013007 0.013007 0.013007 0.013007 0.013007 0.013007 0.013007 0.013007 0.013007 0.013007 0.013007 0.013007 0.013007 0.013007 0.013007 0.013007 0.013007 0.013007 0.013007 0.013005 0.013002 0.012990 0.012957 0.012868 0.012656 0.012192 0.011279 0.009681 0.007211 0.003880 0.000000 
50.000000 36.309051 24.227838 14.800943 8.271669 4.237278 2.000731 0.881702 0.373402 0.162605 0.082367 0.054197 0.045033 0.042259 0.041475 0.041267 0.041215 0.041203 0.041200 0.041200 0.041200 0.041200 0.041200 0.041200 0.041200 0.041200 0.041200 0.041200 0.041200 0.041200 0.041200 0.041200 0.041200 0.041200 0.041200 0.041200 0.041199 0.041198 0.041195 0.041184 0.041149 0.041047 0.040779 0.040128 0.038696 0.035857 0.030841 0.023026 0.012414 0.000000 
50.000000 36.331161 24.269434 14.857707 8.338901 4.310950 2.077953 0.960691 0.453187 0.242718 0.162605 0.134477 0.125327 0.122558 0.121775 0.121567 0.121516 0.121503 0.121501 0.121500 0.121500 0.121500 0.121500 0.121500 0.121500 0.121500 0.121500 0.121500 0.121500 0.121500 0.121500 0.121500 0.121500 0.121500 0.121500 0.121500 0.121499 0.121497 0.121487 0.121456 0.121359 0.121078 0.120326 0.118488 0.114404 0.106228 0.091623 0.068618 0.037090 0.000000 
50.000000 36.389196 24.378629 15.006742 8.515452 4.504440 2.280795 1.168188 0.662789 0.453187 0.373402 0.345389 0.336276 0.333517 0.332737 0.332531 0.332479 0.332467 0.332465 0.332464 0.332464 0.332464 0.332464 0.332464 0.332464 0.332464 0.332464 0.332464 0.332464 0.332464 0.332464 0.332464 0.332464 0.332464 0.332464 0.332463 0.332462 0.332455 0.332432 0.332355 0.332110 0.331394 0.329468 0.324712 0.314024 0.292347 0.253077 0.190332 0.103254 0.000000 
50.000000 36.529020 24.641740 15.365904 8.940994 4.970882 2.769835 1.668492 1.168188 0.960691 0.881702 0.853968 0.844944 0.842213 0.841441 0.841236 0.841185 0.841173 0.841171 0.841170 0.841170 0.841170 0.841170 0.841170 0.841170 0.841170 0.841170 0.841170 0.841170 0.841170 0.841170 0.841170 0.841170 0.841170 0.841170 0.841169 0.841165 0.841151 0.841099 0.840923 0.840365 0.838720 0.834246 0.823067 0.797585 0.745052 0.648131 0.490297 0.267381 0.000000 
50.000000 36.836605 25.220587 16.156176 9.877464 5.997499 3.846304 2.769835 2.280795 2.077953 2.000731 1.973614 1.964791 1.962120 1.961365 1.961165 1.961115 1.961103 1.961101 1.961100 1.961100 1.961100 1.961100 1.961100 1.961100 1.961100 1.961100 1.961100 1.961100 1.961100 1.961100 1.961100 1.961100 1.961100 1.961100 1.961098 1.961091 1.961062 1.960958 1.960603 1.959466 1.956083 1.946768 1.923152 1.868372 1.753071 1.535209 1.171079 0.643735 0.000000 
50.000000 37.450923 26.376782 17.734871 11.748470 8.048870 5.997499 4.970882 4.504440 4.310950 4.237278 4.211405 4.202986 4.200437 4.199716 4.199525 4.199477 4.199466 4.199464 4.199463 4.199463 4.199463 4.199463 4.199463 4.199463 4.199463 4.199463 4.199463 4.199463 4.199463 4.199463 4.199463 4.199463 4.199463 4.199462 4.199459 4.199446 4.199397 4.199214 4.198583 4.196546 4.190416 4.173297 4.129127 4.024435 3.798189 3.356978 2.592423 1.443211 0.000000 
50.000000 38.558362 28.461233 20.581348 15.122412 11.748470 9.877464 8.940994 8.515452 8.338901 8.271669 8.248054 8.240368 8.238040 8.237382 8.237208 8.237164 8.237154 8.237152 8.237151 8.237151 8.237151 8.237151 8.237151 8.237151 8.237151 8.237151 8.237151 8.237151 8.237151 8.237151 8.237151 8.237151 8.237151 8.237150 8.237145 8.237126 8.237051 8.236775 8.235812 8.232673 8.223104 8.195942 8.124392 7.950281 7.561206 6.769874 5.326681 3.029808 0.000000 
50.000000 40.349691 31.833146 25.186387 20.581348 17.734871 16.156176 15.365904 15.006742 14.857707 14.800943 14.781001 14.774510 14.772543 14.771987 14.771840 14.771803 14.771794 14.771792 14.771792 14.771792 14.771792 14.771792 14.771792 14.771792 14.771792 14.771792 14.771792 14.771792 14.771792 14.771792 14.771792 14.771792 14.771791 14.771790 14.771785 14.771761 14.771668 14.771321 14.770102 14.766083 14.753665 14.717773 14.620967 14.377893 13.811474 12.593194 10.202079 6.033229 0.000000 
50.000000 42.934907 36.699688 31.833146 28.461233 26.376782 25.220587 24.641740 24.378629 24.269434 24.227838 24.213222 24.208464 24.207022 24.206614 24.206506 24.206479 24.206473 24.206471 24.206471 24.206471 24.206471 24.206471 24.206471 24.206471 24.206471 24.206471 24.206471 24.206471 24.206471 24.206471 24.206471 24.206471 24.206471 24.206469 24.206464 24.206441 24.206351 24.206012 24.204812 24.200816 24.188296 24.151443 24.049508 23.784359 23.134552 21.631066 18.349844 11.694915 0.000000 
50.000000 46.247073 42.934907 40.349691 38.558362 37.450923 36.836605 36.529020 36.389196 36.331161 36.309051 36.301281 36.298751 36.297984 36.297767 36.297710 36.297696 36.297692 36.297691 36.297691 36.297691 36.297691 36.297691 36.297691 36.297691 36.297691 36.297691 36.297691 36.297691 36.297691 36.297691 36.297691 36.297691 36.297691 36.297690 36.297687 36.297673 36.297616 36.297401 36.296637 36.294071 36.285942 36.261639 36.192871 36.007712 35.528555 34.316463 31.239992 23.123536 0.000000 
50.000000 50.000000 50.000000 50.000000 50.000000 50.000000 50.000000 50.000000 50.000000 50.000000 50.000000 50.000000 50.000000 50.000000 50.000000 50.000000 50.000000 50.000000 50.000000 50.000000 50.000000 50.000000 50.000000 50.000000 50.000000 50.000000 50.000000 50.000000 50.000000 50.000000 50.000000 50.000000 50.000000 50.000000 50.000000 50.000000 50.000000 50.000000 50.000000 50.000000 50.000000 50.000000 50.000000 50.000000 50.000000 50.000000 50.000000 50.000000 50.000000 50.000000 
