50.000000 50.000000 50.000000 50.000000 50.000000 50.000000 50.000000 50.000000 50.000000 50.000000 50.000000 50.000000 50.000000 50.000000 50.000000 50.000000 50.000000 50.000000 50.000000 50.000000 50.000000 50.000000 50.000000 50.000000 50.000000 50.000000 50.000000 50.000000 50.000000 50.000000 50.000000 50.000000 50.000000 50.000000 50.000000 50.000000 50.000000 50.000000 50.000000 50.000000 50.000000 50.000000 50.000000 50.000000 50.000000 50.000000 50.000000 50.000000 50.000000 50.000000 
50.000000 48.762094 47.572285 46.473071 45.496833 44.663199 43.978586 43.437723 43.026526 42.725572 42.513434 42.369355 42.275020 42.215449 42.179147 42.157786 42.145643 42.138971 42.135425 42.133601 42.132692 42.132254 42.132049 42.131955 42.131914 42.131896 42.131886 42.131878 42.131863 42.131832 42.131763 42.131611 42.131283 42.130595 42.129189 42.126389 42.120943 42.110604 42.091404 42.056473 41.994053 41.884098 41.692206 41.357997 40.770897 39.714210 37.720854 33.656755 24.381047 0.000000 
50.000000 47.572285 45.238898 43.083184 41.168646 39.533777 38.191165 37.130467 36.324062 35.733861 35.317839 35.035286 34.850291 34.733468 34.662277 34.620388 34.596577 34.583492 34.576538 34.572961 34.571180 34.570320 34.569918 34.569735 34.569654 34.569618 34.569599 34.569583 34.569557 34.569499 34.569370 34.569086 34.568475 34.567197 34.564590 34.559406 34.549351 34.530318 34.495115 34.431406 34.318356 34.121145 33.781749 33.202878 32.218760 30.540070 27.649490 22.619449 13.915530 0.000000 
50.000000 46.473071 43.083184 39.951420 37.170040 34.794962 32.844475 31.303548 30.132053 29.274652 28.670291 28.259826 27.991085 27.821381 27.717965 27.657115 27.622526 27.603519 27.593418 27.588222 27.585635 27.584386 27.583801 27.583536 27.583418 27.583366 27.583340 27.583318 27.583282 27.583204 27.583032 27.582653 27.581841 27.580145 27.576693 27.569850 27.556630 27.531725 27.485942 27.403727 27.259321 27.010831 26.591107 25.893736 24.751801 22.907402 19.975710 15.433694 8.752218 0.000000 
50.000000 45.496833 41.168646 37.170040 33.618812 30.586363 28.096036 26.128640 24.632934 23.538257 22.766654 22.242610 21.899511 21.682853 21.550827 21.473144 21.428987 21.404723 21.391828 21.385196 21.381892 21.380298 21.379552 21.379214 21.379063 21.378997 21.378964 21.378938 21.378897 21.378809 21.378613 21.378185 21.377269 21.375360 21.371489 21.363846 21.349154 21.321642 21.271445 21.182150 21.027185 20.764641 20.330122 19.627410 18.517521 16.809406 14.262637 10.628576 5.782623 0.000000 
50.000000 44.663199 39.533777 34.794962 30.586363 26.992594 24.041319 21.709787 19.937266 18.640008 17.725625 17.104618 16.698042 16.441305 16.284857 16.192807 16.140484 16.111734 16.096455 16.088597 16.084683 16.082794 16.081911 16.081509 16.081332 16.081254 16.081216 16.081187 16.081144 16.081054 16.080856 16.080422 16.079496 16.077574 16.073691 16.066061 16.051475 16.024350 15.975269 15.888850 15.740776 15.493876 15.093386 14.461983 13.496297 12.068842 10.043161 7.315017 3.892302 0.000000 
50.000000 43.978586 38.191165 32.844475 28.096036 24.041319 20.711531 18.080995 16.081181 14.617593 13.585984 12.885374 12.426689 12.137051 11.960559 11.856717 11.797693 11.765261 11.748026 11.739162 11.734747 11.732617 11.731620 11.731167 11.730967 11.730880 11.730838 11.730809 11.730768 11.730683 11.730498 11.730094 11.729235 11.727459 11.723886 11.716902 11.703632 11.679130 11.635178 11.558595 11.429025 11.216285 10.877626 10.355765 9.579337 8.468626 6.950739 4.988287 2.620589 0.000000 
50.000000 43.437723 37.130467 31.303548 26.128640 21.709787 18.080995 15.214274 13.034928 11.439968 10.315778 9.552303 9.052468 8.736853 8.544535 8.431384 8.367069 8.331732 8.312953 8.303295 8.298485 8.296164 8.295078 8.294585 8.294367 8.294272 8.294228 8.294200 8.294163 8.294089 8.293928 8.293578 8.292836 8.291309 8.288251 8.282304 8.271075 8.250494 8.213891 8.150761 8.045236 7.874443 7.607137 7.203370 6.616401 5.798518 4.712441 3.348717 1.745517 0.000000 
50.000000 43.026526 36.324062 30.132053 24.632934 19.937266 16.081181 13.034928 10.719124 9.024316 7.829765 7.018518 6.487416 6.152064 5.947722 5.827500 5.759167 5.721623 5.701671 5.691411 5.686301 5.683835 5.682682 5.682158 5.681927 5.681826 5.681781 5.681754 5.681722 5.681661 5.681529 5.681244 5.680643 5.679410 5.676952 5.672199 5.663279 5.647047 5.618417 5.569515 5.488687 5.359562 5.160486 4.864897 4.443390 3.868293 3.121222 2.202917 1.142427 0.000000 
50.000000 42.725572 35.733861 29.274652 23.538257 18.640008 14.617593 11.439968 9.024316 7.256455 6.010429 5.164236 4.610263 4.260475 4.047341 3.921948 3.850677 3.811520 3.790712 3.780010 3.774681 3.772110 3.770907 3.770361 3.770120 3.770016 3.769970 3.769944 3.769918 3.769870 3.769768 3.769549 3.769089 3.768148 3.766283 3.762693 3.755997 3.743895 3.722719 3.686871 3.628227 3.535629 3.394732 3.188568 2.899232 2.511071 2.015331 1.415505 0.731520 0.000000 
50.000000 42.513434 35.317839 28.670291 22.766654 17.725625 13.585984 10.315778 7.829765 6.010429 4.728136 3.857323 3.287241 2.927285 2.707959 2.578925 2.505586 2.465293 2.443882 2.432870 2.427387 2.424741 2.423504 2.422942 2.422694 2.422587 2.422541 2.422517 2.422496 2.422460 2.422385 2.422225 2.421891 2.421210 2.419866 2.417292 2.412519 2.403949 2.389062 2.364068 2.323557 2.260250 2.165017 2.027389 1.836775 1.584504 1.266564 0.886433 0.456961 0.000000 
50.000000 42.369355 35.035286 28.259826 22.242610 17.104618 12.885374 9.552303 7.018518 5.164236 3.857323 2.969800 2.388784 2.021929 1.798401 1.666897 1.592155 1.551092 1.529271 1.518050 1.512462 1.509766 1.508505 1.507933 1.507680 1.507572 1.507525 1.507503 1.507486 1.507460 1.507407 1.507296 1.507065 1.506595 1.505673 1.503915 1.500673 1.494885 1.484900 1.468262 1.441517 1.400101 1.338412 1.250196 1.129350 0.971166 0.773884 0.540171 0.277951 0.000000 
50.000000 42.275020 34.850291 27.991085 21.899511 16.698042 12.426689 9.052468 6.487416 4.610263 3.287241 2.388784 1.800615 1.429247 1.202971 1.069852 0.994193 0.952626 0.930538 0.919180 0.913523 0.910794 0.909518 0.908939 0.908683 0.908574 0.908527 0.908506 0.908492 0.908474 0.908439 0.908365 0.908212 0.907903 0.907298 0.906151 0.904045 0.900307 0.893899 0.883292 0.866368 0.840370 0.801975 0.747559 0.673692 0.577869 0.459360 0.319973 0.164417 0.000000 
50.000000 42.215449 34.733468 27.821381 21.682853 16.441305 12.137051 8.736853 6.152064 4.260475 2.927285 2.021929 1.429247 1.055031 0.827023 0.692885 0.616647 0.574763 0.552507 0.541062 0.535362 0.532613 0.531326 0.530743 0.530486 0.530375 0.530329 0.530309 0.530297 0.530284 0.530262 0.530215 0.530118 0.529923 0.529543 0.528826 0.527516 0.525202 0.521256 0.514766 0.504478 0.488785 0.465778 0.433420 0.389829 0.333700 0.264751 0.184117 0.094506 0.000000 
50.000000 42.179147 34.662277 27.717965 21.550827 16.284857 11.960559 8.544535 5.947722 4.047341 2.707959 1.798401 1.202971 0.827023 0.597959 0.463201 0.386612 0.344535 0.322176 0.310678 0.304953 0.302190 0.300898 0.300312 0.300054 0.299943 0.299897 0.299877 0.299867 0.299858 0.299844 0.299815 0.299757 0.299639 0.299410 0.298979 0.298197 0.296820 0.294486 0.290667 0.284648 0.275523 0.262231 0.243657 0.218796 0.186980 0.148115 0.102871 0.052758 0.000000 
50.000000 42.157786 34.620388 27.657115 21.473144 16.192807 11.856717 8.431384 5.827500 3.921948 2.578925 1.666897 1.069852 0.692885 0.463201 0.328079 0.251283 0.209092 0.186674 0.175145 0.169404 0.166634 0.165339 0.164751 0.164492 0.164381 0.164335 0.164316 0.164307 0.164301 0.164292 0.164275 0.164240 0.164172 0.164040 0.163791 0.163341 0.162554 0.161224 0.159059 0.155665 0.150547 0.143133 0.132831 0.119117 0.101655 0.080422 0.055798 0.028597 0.000000 
50.000000 42.145643 34.596577 27.622526 21.428987 16.140484 11.797693 8.367069 5.759167 3.850677 2.505586 1.592155 0.994193 0.616647 0.386612 0.251283 0.174370 0.132115 0.109662 0.098116 0.092366 0.089592 0.088295 0.087706 0.087447 0.087336 0.087290 0.087271 0.087262 0.087258 0.087252 0.087243 0.087223 0.087185 0.087111 0.086973 0.086724 0.086290 0.085560 0.084376 0.082529 0.079757 0.075761 0.070234 0.062911 0.053627 0.042381 0.029379 0.015048 0.000000 
50.000000 42.138971 34.583492 27.603519 21.404723 16.111734 11.765261 8.331732 5.721623 3.811520 2.465293 1.551092 0.952626 0.574763 0.344535 0.209093 0.132115 0.089825 0.067353 0.055797 0.050043 0.047267 0.045968 0.045379 0.045119 0.045009 0.044962 0.044943 0.044936 0.044932 0.044928 0.044923 0.044912 0.044892 0.044852 0.044778 0.044645 0.044414 0.044027 0.043402 0.042431 0.040980 0.038896 0.036026 0.032238 0.027454 0.021678 0.015017 0.007688 0.000000 
50.000000 42.135425 34.576538 27.593418 21.391828 16.096455 11.748026 8.312953 5.701671 3.790712 2.443882 1.529272 0.930539 0.552507 0.322176 0.186674 0.109662 0.067353 0.044872 0.033311 0.027554 0.024777 0.023477 0.022888 0.022628 0.022517 0.022471 0.022452 0.022445 0.022441 0.022439 0.022436 0.022431 0.022420 0.022399 0.022361 0.022293 0.022174 0.021976 0.021657 0.021163 0.020428 0.019376 0.017932 0.016034 0.013643 0.010765 0.007453 0.003814 0.000000 
50.000000 42.133601 34.572961 27.588223 21.385196 16.088597 11.739162 8.303295 5.691411 3.780011 2.432871 1.518051 0.919180 0.541062 0.310679 0.175146 0.098116 0.055798 0.033311 0.021748 0.015990 0.013211 0.011912 0.011322 0.011063 0.010952 0.010906 0.010887 0.010879 0.010876 0.010875 0.010873 0.010870 0.010865 0.010854 0.010835 0.010801 0.010742 0.010644 0.010487 0.010244 0.009883 0.009368 0.008665 0.007742 0.006583 0.005191 0.003592 0.001838 0.000000 
50.000000 42.132692 34.571180 27.585635 21.381893 16.084684 11.734748 8.298486 5.686302 3.774683 2.427389 1.512464 0.913525 0.535364 0.304954 0.169406 0.092368 0.050045 0.027555 0.015991 0.010232 0.007453 0.006154 0.005564 0.005305 0.005194 0.005147 0.005129 0.005121 0.005118 0.005117 0.005116 0.005115 0.005112 0.005107 0.005098 0.005081 0.005053 0.005006 0.004930 0.004814 0.004643 0.004399 0.004066 0.003631 0.003086 0.002432 0.001682 0.000860 0.000000 
50.000000 42.132254 34.570321 27.584388 21.380301 16.082797 11.732620 8.296168 5.683839 3.772114 2.424746 1.509770 0.910799 0.532617 0.302195 0.166639 0.089597 0.047271 0.024781 0.013215 0.007456 0.004678 0.003378 0.002788 0.002529 0.002418 0.002371 0.002353 0.002345 0.002343 0.002341 0.002341 0.002340 0.002339 0.002336 0.002332 0.002324 0.002311 0.002289 0.002254 0.002201 0.002121 0.002009 0.001856 0.001656 0.001407 0.001108 0.000766 0.000392 0.000000 
50.000000 42.132051 34.569921 27.583807 21.379559 16.081919 11.731629 8.295088 5.682692 3.770918 2.423515 1.508516 0.909529 0.531338 0.300910 0.165351 0.088306 0.045980 0.023489 0.011923 0.006164 0.003385 0.002086 0.001496 0.001236 0.001125 0.001079 0.001060 0.001053 0.001050 0.001049 0.001049 0.001048 0.001048 0.001047 0.001045 0.001041 0.001035 0.001025 0.001009 0.000985 0.000949 0.000898 0.000830 0.000740 0.000628 0.000495 0.000342 0.000175 0.000000 
50.000000 42.131960 34.569745 27.583550 21.379232 16.081531 11.731191 8.294611 5.682185 3.770389 2.422971 1.507962 0.908968 0.530773 0.300342 0.164781 0.087736 0.045409 0.022918 0.011352 0.005593 0.002814 0.001515 0.000925 0.000665 0.000554 0.000508 0.000489 0.000482 0.000479 0.000478 0.000478 0.000477 0.000477 0.000477 0.000476 0.000474 0.000471 0.000467 0.000459 0.000448 0.000432 0.000409 0.000377 0.000336 0.000285 0.000225 0.000155 0.000079 0.000000 
50.000000 42.131927 34.569679 27.583454 21.379109 16.081385 11.731028 8.294433 5.681996 3.770192 2.422768 1.507755 0.908759 0.530562 0.300130 0.164568 0.087523 0.045196 0.022705 0.011139 0.005379 0.002601 0.001301 0.000711 0.000452 0.000341 0.000294 0.000276 0.000269 0.000266 0.000265 0.000264 0.000264 0.000264 0.000264 0.000263 0.000262 0.000261 0.000258 0.000254 0.000248 0.000238 0.000226 0.000208 0.000186 0.000157 0.000124 0.000086 0.000044 0.000000 
50.000000 42.131927 34.569679 27.583454 21.379109 16.081385 11.731028 8.294433 5.681996 3.770192 2.422768 1.507755 0.908759 0.530562 0.300130 0.164568 0.087523 0.045196 0.022705 0.011139 0.005379 0.002601 0.001301 0.000711 0.000452 0.000341 0.000294 0.000276 0.000269 0.000266 0.000265 0.000264 0.000264 0.000264 0.000264 0.000263 0.000262 0.000261 0.000258 0.000254 0.000248 0.000238 0.000226 0.000208 0.000186 0.000157 0.000124 0.000086 0.000044 0.000000 
50.000000 42.131960 34.569745 27.583550 21.379232 16.081531 11.731191 8.294611 5.682185 3.770389 2.422971 1.507962 0.908968 0.530773 0.300342 0.164781 0.087736 0.045409 0.022918 0.011352 0.005593 0.002814 0.001515 0.000925 0.000665 0.000554 0.000508 0.000489 0.000482 0.000479 0.000478 0.000478 0.000477 0.000477 0.000477 0.000476 0.000474 0.000471 0.000467 0.000459 0.000448 0.000432 0.000409 0.000377 0.000336 0.000285 0.000225 0.000155 0.000079 0.000000 
50.000000 42.132051 34.569921 27.583807 21.379559 16.081919 11.731629 8.295088 5.682692 3.770918 2.423515 1.508516 0.909529 0.531338 0.300910 0.165351 0.088306 0.045980 0.023489 0.011923 0.006164 0.003385 0.002086 0.001496 0.001236 0.001125 0.001079 0.001060 0.001053 0.001050 0.001049 0.001049 0.001048 0.001048 0.001047 0.001045 0.001041 0.001035 0.001025 0.001009 0.000985 0.000949 0.000898 0.000830 0.000740 0.000628 0.000495 0.000342 0.000175 0.000000 
50.000000 42.132254 34.570321 27.584388 21.380301 16.082797 11.732620 8.296168 5.683839 3.772114 2.424746 1.509770 0.910799 0.532617 0.302195 0.166639 0.089597 0.047271 0.024781 0.013215 0.007456 0.004678 0.003378 0.002788 0.002529 0.002418 0.002371 0.002353 0.002345 0.002343 0.002341 0.002341 0.002340 0.002339 0.002336 0.002332 0.002324 0.002311 0.002289 0.002254 0.002201 0.002121 0.002009 0.001856 0.001656 0.001407 0.001108 0.000766 0.000392 0.000000 
50.000000 42.132692 34.571180 27.585635 21.381893 16.084684 11.734748 8.298486 5.686302 3.774683 2.427389 1.512464 0.913525 0.535364 0.304954 0.169406 0.092368 0.050045 0.027555 0.015991 0.010232 0.007453 0.006154 0.005564 0.005305 0.005194 0.005147 0.005129 0.005121 0.005118 0.005117 0.005116 0.005115 0.005112 0.005107 0.005098 0.005081 0.005053 0.005006 0.004930 0.004814 0.004643 0.004399 0.004066 0.003631 0.003086 0.002432 0.001682 0.000860 0.000000 
50.000000 42.133601 34.572961 27.588223 21.385196 16.088597 11.739162 8.303295 5.691411 3.780011 2.432871 1.518051 0.919180 0.541062 0.310679 0.175146 0.098116 0.055798 0.033311 0.021748 0.015990 0.013211 0.011912 0.011322 0.011063 0.010952 0.010906 0.010887 0.010879 0.010876 0.010875 0.010873 0.010870 0.010865 0.010854 0.010835 0.010801 0.010742 0.010644 0.010487 0.010244 0.009883 0.009368 0.008665 0.007742 0.006583 0.005191 0.003592 0.001838 0.000000 
50.000000 42.135425 34.576538 27.593418 21.391828 16.096455 11.748026 8.312953 5.701671 3.790712 2.443882 1.529272 0.930539 0.552507 0.322176 0.186674 0.109662 0.067353 0.044872 0.033311 0.027554 0.024777 0.023477 0.022888 0.022628 0.022517 0.022471 0.022452 0.022445 0.022441 0.022439 0.022436 0.022431 0.022420 0.022399 0.022361 0.022293 0.022174 0.021976 0.021657 0.021163 0.020428 0.019376 0.017932 0.016034 0.013643 0.010765 0.007453 0.003814 0.000000 
50.000000 42.138971 34.583492 27.603519 21.404723 16.111734 11.765261 8.331732 5.721623 3.811520 2.465293 1.551092 0.952626 0.574763 0.344535 0.209093 0.132115 0.089825 0.067353 0.055797 0.050043 0.047267 0.045968 0.045379 0.045119 0.045009 0.044962 0.044943 0.044936 0.044932 0.044928 0.044923 0.044912 0.044892 0.044852 0.044778 0.044645 0.044414 0.044027 0.043402 0.042431 0.040980 0.038896 0.036026 0.032238 0.027454 0.021678 0.015017 0.007688 0.000000 
50.000000 42.145643 34.596577 27.622526 21.428987 16.140484 11.797693 8.367069 5.759167 3.850677 2.505586 1.592155 0.994193 0.616647 0.386612 0.251283 0.174370 0.132115 0.109662 0.098116 0.092366 0.089592 0.088295 0.087706 0.087447 0.087336 0.087290 0.087271 0.087262 0.087258 0.087252 0.087243 0.087223 0.087185 0.087111 0.086973 0.086724 0.086290 0.085560 0.084376 0.082529 0.079757 0.075761 0.070234 0.062911 0.053627 0.042381 0.029379 0.015048 0.000000 
50.000000 42.157786 34.620388 27.657115 21.473144 16.192807 11.856717 8.431384 5.827500 3.921948 2.578925 1.666897 1.069852 0.692885 0.463201 0.328079 0.251283 0.209092 0.186674 0.175145 0.169404 0.166634 0.165339 0.164751 0.164492 0.164381 0.164335 0.164316 0.164307 0.164301 0.164292 0.164275 0.164240 0.164172 0.164040 0.163791 0.163341 0.162554 0.161224 0.159059 0.155665 0.150547 0.143133 0.132831 0.119117 0.101655 0.080422 0.055798 0.028597 0.000000 
50.000000 42.179147 34.662277 27.717965 21.550827 16.284857 11.960559 8.544535 5.947722 4.047341 2.707959 1.798401 1.202971 0.827023 0.597959 0.463201 0.386612 0.344535 0.322176 0.310678 0.304953 0.302190 0.300898 0.300312 0.300054 0.299943 0.299897 0.299877 0.299867 0.299858 0.299844 0.299815 0.299757 0.299639 0.299410 0.298979 0.298197 0.296820 0.294486 0.290667 0.284648 0.275523 0.262231 0.243657 0.218796 0.186980 0.148115 0.102871 0.052758 0.000000 
50.000000 42.215449 34.733468 27.821381 21.682853 16.441305 12.137051 8.736853 6.152064 4.260475 2.927285 2.021929 1.429247 1.055031 0.827023 0.692885 0.616647 0.574763 0.552507 0.541062 0.535362 0.532613 0.531326 0.530743 0.530486 0.530375 0.530329 0.530309 0.530297 0.530284 0.530262 0.530215 0.530118 0.529923 0.529543 0.528826 0.527516 0.525202 0.521256 0.514766 0.504478 0.488785 0.465778 0.433420 0.389829 0.333700 0.264751 0.184117 0.094506 0.000000 
50.000000 42.275020 34.850291 27.991085 21.899511 16.698042 12.426689 9.052468 6.487416 4.610263 3.287241 2.388784 1.800615 1.429247 1.202971 1.069852 0.994193 0.952626 0.930538 0.919180 0.913523 0.910794 0.909518 0.908939 0.908683 0.908574 0.908527 0.908506 0.908492 0.908474 0.908439 0.908365 0.908212 0.907903 0.907298 0.906151 0.904045 0.900307 0.893899 0.883292 0.866368 0.840370 0.801975 0.747559 0.673692 0.577869 0.459360 0.319973 0.164417 0.000000 
50.000000 42.369355 35.035286 28.259826 22.242610 17.104618 12.885374 9.552303 7.018518 5.164236 3.857323 2.969800 2.388784 2.021929 1.798401 1.666897 1.592155 1.551092 1.529271 1.518050 1.512462 1.509766 1.508505 1.507933 1.507680 1.507572 1.507525 1.507503 1.507486 1.507460 1.507407 1.507296 1.507065 1.506595 1.505673 1.503915 1.500673 1.494885 1.484900 1.468262 1.441517 1.400101 1.338412 1.250196 1.129350 0.971166 0.773884 0.540171 0.277951 0.000000 
50.000000 42.513434 35.317839 28.670291 22.766654 17.725625 13.585984 10.315778 7.829765 6.010429 4.728136 3.857323 3.287241 2.927285 2.707959 2.578925 2.505586 2.465293 2.443882 2.432870 2.427387 2.424741 2.423504 2.422942 2.422694 2.422587 2.422541 2.422517 2.422496 2.422460 2.422385 2.422225 2.421891 2.421210 2.419866 2.417292 2.412519 2.403949 2.389062 2.364068 2.323557 2.260250 2.165017 2.027389 1.836775 1.584504 1.266564 0.886433 0.456961 0.000000 
50.000000 42.725572 35.733861 29.274652 23.538257 18.640008 14.617593 11.439968 9.024316 7.256455 6.010429 5.164236 4.610263 4.260475 4.047341 3.921948 3.850677 3.811520 3.790712 3.780010 3.774681 3.772110 3.770907 3.770361 3.770120 3.770016 3.769970 3.769944 3.769918 3.769870 3.769768 3.769549 3.769089 3.768148 3.766283 3.762693 3.755997 3.743895 3.722719 3.686871 3.628227 3.535629 3.394732 3.188568 2.899232 2.511071 2.015331 1.415505 0.731520 0.000000 
50.000000 43.026526 36.324062 30.132053 24.632934 19.937266 16.081181 13.034928 10.719124 9.024316 7.829765 7.018518 6.487416 6.152064 5.947722 5.827500 5.759167 5.721623 5.701671 5.691411 5.686301 5.683835 5.682682 5.682158 5.681927 5.681826 5.681781 5.681754 5.681722 5.681661 5.681529 5.681244 5.680643 5.679410 5.676952 5.672199 5.663279 5.647047 5.618417 5.569515 5.488687 5.359562 5.160486 4.864897 4.443390 3.868293 3.121222 2.202917 1.142427 0.000000 
50.000000 43.437723 37.130467 31.303548 26.128640 21.709787 18.080995 15.214274 13.034928 11.439968 10.315778 9.552303 9.052468 8.736853 8.544535 8.431384 8.367069 8.331732 8.312953 8.303295 8.298485 8.296164 8.295078 8.294585 8.294367 8.294272 8.294228 8.294200 8.294163 8.294089 8.293928 8.293578 8.292836 8.291309 8.288251 8.282304 8.271075 8.250494 8.213891 8.150761 8.045236 7.874443 7.607137 7.203370 6.616401 5.798518 4.712441 3.348717 1.745517 0.000000 
50.000000 43.978586 38.191165 32.844475 28.096036 24.041319 20.711531 18.080995 16.081181 14.617593 13.585984 12.885374 12.426689 12.137051 11.960559 11.856717 11.797693 11.765261 11.748026 11.739162 11.734747 11.732617 11.731620 11.731167 11.730967 11.730880 11.730838 11.730809 11.730768 11.730683 11.730498 11.730094 11.729235 11.727459 11.723886 11.716902 11.703632 11.679130 11.635178 11.558595 11.429025 11.216285 10.877626 10.355765 9.579337 8.468626 6.950739 4.988287 2.620589 0.000000 
50.000000 44.663199 39.533777 34.794962 30.586363 26.992594 24.041319 21.709787 19.937266 18.640008 17.725625 17.104618 16.698042 16.441305 16.284857 16.192807 16.140484 16.111734 16.096455 16.088597 16.084683 16.082794 16.081911 16.081509 16.081332 16.081254 16.081216 16.081187 16.081144 16.081054 16.080856 16.080422 16.079496 16.077574 16.073691 16.066061 16.051475 16.024350 15.975269 15.888850 15.740776 15.493876 15.093386 14.461983 13.496297 12.068842 10.043161 7.315017 3.892302 0.000000 
50.000000 45.496833 41.168646 37.170040 33.618812 30.586363 28.096036 26.128640 24.632934 23.538257 22.766654 22.242610 21.899511 21.682853 21.550827 21.473144 21.428987 21.404723 21.391828 21.385196 21.381892 21.380298 21.379552 21.379214 21.379063 21.378997 21.378964 21.378938 21.378897 21.378809 21.378613 21.378185 21.377269 21.375360 21.371489 21.363846 21.349154 21.321642 21.271445 21.182150 21.027185 20.764641 20.330122 19.627410 18.517521 16.809406 14.262637 10.628576 5.782623 0.000000 
50.000000 46.473071 43.083184 39.951420 37.170040 34.794962 32.844475 31.303548 30.132053 29.274652 28.670291 28.259826 27.991085 27.821381 27.717965 27.657115 27.622526 27.603519 27.593418 27.588222 27.585635 27.584386 27.583801 27.583536 27.583418 27.583366 27.583340 27.583318 27.583282 27.583204 27.583032 27.582653 27.581841 27.580145 27.576693 27.569850 27.556630 27.531725 27.485942 27.403727 27.259321 27.010831 26.591107 25.893736 24.751801 22.907402 19.975710 15.433694 8.752218 0.000000 
50.000000 47.572285 45.238898 43.083184 41.168646 39.533777 38.191165 37.130467 36.324062 35.733861 35.317839 35.035286 34.850291 34.733468 34.662277 34.620388 34.596577 34.583492 34.576538 34.572961 34.571180 34.570320 34.569918 34.569735 34.569654 34.569618 34.569599 34.569583 34.569557 34.569499 34.569370 34.569086 34.568475 34.567197 34.564590 34.559406 34.549351 34.530318 34.495115 34.431406 34.318356 34.121145 33.781749 33.202878 32.218760 30.540070 27.649490 22.619449 13.915530 0.000000 
50.000000 48.762094 47.572285 46.473071 45.496833 44.663199 43.978586 43.437723 43.026526 42.725572 42.513434 42.369355 42.275020 42.215449 42.179147 42.157786 42.145643 42.138971 42.135425 42.133601 42.132692 42.132254 42.132049 42.131955 42.131914 42.131896 42.131886 42.131878 42.131863 42.131832 42.131763 42.131611 42.131283 42.130595 42.129189 42.126389 42.120943 42.110604 42.091404 42.056473 41.994053 41.884098 41.692206 41.357997 40.770897 39.714210 37.720854 33.656755 24.381047 0.000000 
50.000000 50.000000 50.000000 50.000000 50.000000 50.000000 50.000000 50.000000 50.000000 50.000000 50.000000 50.000000 50.000000 50.000000 50.000000 50.000000 50.000000 50.000000 50.000000 50.000000 50.000000 50.000000 50.000000 50.000000 50.000000 50.000000 50.000000 50.000000 50.000000 50.000000 50.000000 50.000000 50.000000 50.000000 50.000000 50.000000 50.000000 50.000000 50.000000 50.000000 50.000000 50.000000 50.000000 50.000000 50.000000 50.000000 50.000000 50.000000 50.000000 50.000000 
