50.000000 50.000000 50.000000 50.000000 50.000000 50.000000 50.000000 50.000000 50.000000 50.000000 50.000000 50.000000 50.000000 50.000000 50.000000 50.000000 50.000000 50.000000 50.000000 50.000000 50.000000 50.000000 50.000000 50.000000 50.000000 50.000000 50.000000 50.000000 50.000000 50.000000 50.000000 50.000000 50.000000 50.000000 50.000000 50.000000 50.000000 50.000000 50.000000 50.000000 50.000000 50.000000 50.000000 50.000000 50.000000 50.000000 50.000000 50.000000 50.000000 50.000000 
50.000000 48.902120 47.842077 46.853799 45.964068 45.190469 44.540756 44.013572 43.600197 43.286883 43.057266 42.894503 42.782870 42.708762 42.661123 42.631457 42.613554 42.603079 42.597134 42.593860 42.592110 42.591200 42.590741 42.590516 42.590407 42.590355 42.590326 42.590301 42.590265 42.590193 42.590046 42.589743 42.589134 42.587937 42.585635 42.581309 42.573348 42.558995 42.533607 42.489451 42.413746 42.285322 42.068644 41.702345 41.075175 39.970248 37.920913 33.794216 24.451060 0.000000 
50.000000 47.842077 45.758525 43.816029 42.067235 40.546705 39.269679 38.233487 37.420993 36.805172 36.353860 36.033950 35.814539 35.668880 35.575247 35.516941 35.481754 35.461166 35.449482 35.443047 35.439607 35.437820 35.436917 35.436474 35.436261 35.436158 35.436101 35.436054 35.435985 35.435851 35.435574 35.435006 35.433865 35.431624 35.427323 35.419254 35.404444 35.377826 35.330925 35.249778 35.111619 34.879497 34.493253 33.853727 32.793872 31.024004 28.027620 22.879262 14.047861 0.000000 
50.000000 46.853799 43.816029 40.983922 38.434230 36.217348 34.355492 32.844770 31.660196 30.762364 30.104381 29.637977 29.318094 29.105738 28.969232 28.884228 28.832931 28.802917 28.785883 28.776502 28.771486 28.768881 28.767566 28.766920 28.766610 28.766460 28.766379 28.766313 28.766219 28.766037 28.765662 28.764896 28.763359 28.760347 28.754582 28.743801 28.724087 28.688826 28.627069 28.521045 28.342357 28.046201 27.562512 26.782329 25.536990 23.568106 20.491961 15.788410 8.932886 0.000000 
50.000000 45.964068 42.067235 38.434230 35.163515 32.319734 29.931387 27.993475 26.473947 25.322249 24.478225 23.879953 23.469633 23.197241 23.022145 22.913113 22.847315 22.808818 22.786970 22.774938 22.768505 22.765164 22.763477 22.762649 22.762250 22.762059 22.761957 22.761878 22.761767 22.761556 22.761124 22.760242 22.758478 22.755031 22.748456 22.736208 22.713923 22.674303 22.605430 22.488300 22.293255 21.974985 21.465690 20.666166 19.435396 17.581758 14.866124 11.043230 5.993819 0.000000 
50.000000 45.190469 40.546705 36.217348 32.319734 28.930899 26.084804 23.775489 21.964754 20.592353 19.586596 18.873689 18.384752 18.060175 17.851536 17.721619 17.643219 17.597349 17.571317 17.556981 17.549316 17.545335 17.543326 17.542339 17.541865 17.541638 17.541520 17.541431 17.541314 17.541093 17.540645 17.539731 17.537910 17.534363 17.527624 17.515130 17.492526 17.452613 17.383809 17.267996 17.077596 16.771853 16.292402 15.558774 14.465450 12.884338 10.680358 7.752833 4.115294 0.000000 
50.000000 44.540756 39.269679 34.355492 29.931387 26.084804 22.854291 20.233077 18.177800 16.620066 15.478502 14.669341 14.114395 13.746004 13.509204 13.361753 13.272774 13.220715 13.191172 13.174902 13.166204 13.161686 13.159406 13.158286 13.157749 13.157493 13.157362 13.157270 13.157153 13.156940 13.156510 13.155637 13.153903 13.150539 13.144176 13.132438 13.111333 13.074336 13.011115 12.905812 12.734892 12.464665 12.048868 11.427145 10.526031 9.265221 7.573164 5.415952 2.838412 0.000000 
50.000000 44.013572 38.233487 32.844770 27.993475 23.775489 20.233077 17.358812 15.105137 13.397051 12.145315 11.258073 10.649585 10.245656 9.986016 9.824346 9.726787 9.669710 9.637319 9.619482 9.609945 9.604993 9.602493 9.601266 9.600678 9.600399 9.600259 9.600166 9.600057 9.599864 9.599478 9.598698 9.597155 9.594173 9.588559 9.578259 9.559854 9.527830 9.473582 9.384154 9.240767 9.017338 8.679406 8.184209 7.483087 6.527786 5.282257 3.740233 1.944927 0.000000 
50.000000 43.600197 37.420993 31.660196 26.473947 21.964754 18.177800 15.105137 12.695921 10.869965 9.531865 8.583417 7.932961 7.501178 7.223639 7.050825 6.946544 6.885535 6.850913 6.831848 6.821655 6.816362 6.813690 6.812379 6.811751 6.811454 6.811308 6.811217 6.811120 6.810954 6.810627 6.809970 6.808675 6.806184 6.801514 6.792994 6.777866 6.751735 6.707841 6.636190 6.522613 6.347960 6.087799 5.713135 5.192902 4.498962 3.613995 2.541496 1.314875 0.000000 
50.000000 43.286883 36.805172 30.762364 25.322249 20.592353 16.620066 13.397051 10.869965 8.954692 7.551151 6.556330 5.874078 5.421195 5.130096 4.948842 4.839470 4.775482 4.739172 4.719176 4.708486 4.702935 4.700134 4.698759 4.698101 4.697792 4.697642 4.697555 4.697470 4.697334 4.697071 4.696546 4.695515 4.693541 4.689857 4.683173 4.671376 4.651142 4.617426 4.562891 4.477346 4.347352 4.156284 3.885174 3.514756 3.028994 2.420007 1.693553 0.873136 0.000000 
50.000000 43.057266 36.353860 30.104381 24.478225 19.586596 15.478502 12.145315 9.531865 7.551151 6.099668 5.070874 4.365331 3.896993 3.595963 3.408529 3.295428 3.229260 3.191713 3.171037 3.159983 3.154243 3.151347 3.149926 3.149246 3.148927 3.148776 3.148693 3.148621 3.148514 3.148312 3.147912 3.147130 3.145639 3.142871 3.137874 3.129106 3.114167 3.089460 3.049834 2.988260 2.895674 2.761161 2.572690 2.318600 1.989925 1.583336 1.104082 0.567815 0.000000 
50.000000 42.894503 36.033950 29.637977 23.879953 18.873689 14.669341 11.258073 8.583417 6.556330 5.070874 4.018010 3.295966 2.816679 2.508615 2.316803 2.201062 2.133350 2.094927 2.073769 2.062458 2.056585 2.053621 2.052167 2.051472 2.051147 2.050995 2.050916 2.050855 2.050774 2.050625 2.050334 2.049767 2.048691 2.046702 2.043129 2.036896 2.026341 2.009005 1.981414 1.938904 1.875576 1.784491 1.658226 1.489880 1.274523 1.010908 0.703025 0.360896 0.000000 
50.000000 42.782870 35.814539 29.318094 23.469633 18.384752 14.114395 10.649585 7.932961 5.874078 4.365331 3.295966 2.562612 2.075820 1.762936 1.568123 1.450573 1.381804 1.342782 1.321294 1.309806 1.303841 1.300831 1.299355 1.298650 1.298320 1.298168 1.298092 1.298041 1.297980 1.297875 1.297671 1.297278 1.296533 1.295163 1.292714 1.288463 1.281306 1.269626 1.251165 1.222936 1.181226 1.121755 1.040059 0.932139 0.795330 0.629269 0.436713 0.223875 0.000000 
50.000000 42.708762 35.668880 29.105738 23.197241 18.060175 13.746004 10.245656 7.501178 5.421195 3.896993 2.816679 2.075820 1.584051 1.267968 1.071166 0.952417 0.882946 0.843526 0.821819 0.810215 0.804189 0.801149 0.799657 0.798945 0.798614 0.798461 0.798388 0.798344 0.798300 0.798227 0.798090 0.797828 0.797333 0.796426 0.794813 0.792025 0.787357 0.779783 0.767887 0.749818 0.723312 0.685802 0.634671 0.567650 0.483318 0.381651 0.264436 0.135414 0.000000 
50.000000 42.661123 35.575247 28.969232 23.022145 17.851536 13.509204 9.986016 7.223639 5.130096 3.595963 2.508615 1.762936 1.267968 0.949832 0.751752 0.632232 0.562312 0.522636 0.500789 0.489110 0.483046 0.479986 0.478485 0.477768 0.477435 0.477282 0.477212 0.477173 0.477140 0.477091 0.477003 0.476834 0.476517 0.475940 0.474916 0.473155 0.470221 0.465486 0.458089 0.446923 0.430644 0.407757 0.376766 0.336406 0.285937 0.225431 0.155993 0.079814 0.000000 
50.000000 42.631457 35.516941 28.884228 22.913113 17.721619 13.361753 9.824346 7.050825 4.948842 3.408529 2.316803 1.568123 1.071166 0.751752 0.552878 0.432879 0.362679 0.322844 0.300910 0.289184 0.283095 0.280023 0.278516 0.277797 0.277463 0.277311 0.277242 0.277207 0.277182 0.277150 0.277094 0.276989 0.276794 0.276439 0.275813 0.274740 0.272960 0.270101 0.265657 0.258985 0.249311 0.235787 0.217578 0.193995 0.164657 0.129646 0.089618 0.045822 0.000000 
50.000000 42.613554 35.481754 28.832931 22.847315 17.643219 13.272774 9.726788 6.946544 4.839470 3.295428 2.201062 1.450573 0.952417 0.632233 0.432879 0.312591 0.242222 0.202292 0.180305 0.168551 0.162448 0.159369 0.157858 0.157138 0.156803 0.156651 0.156583 0.156550 0.156530 0.156509 0.156475 0.156412 0.156296 0.156086 0.155715 0.155084 0.154040 0.152371 0.149789 0.145929 0.140361 0.132615 0.122235 0.108856 0.092284 0.072584 0.050130 0.025617 0.000000 
50.000000 42.603079 35.461166 28.802917 22.808818 17.597349 13.220716 9.669710 6.885535 4.775483 3.229261 2.133351 1.381805 0.882947 0.562312 0.362679 0.242223 0.171755 0.131769 0.109751 0.097981 0.091869 0.088786 0.087273 0.086552 0.086216 0.086065 0.085997 0.085966 0.085949 0.085935 0.085915 0.085878 0.085811 0.085690 0.085479 0.085119 0.084527 0.083584 0.082131 0.079968 0.076860 0.072556 0.066813 0.059439 0.050340 0.039559 0.027302 0.013945 0.000000 
50.000000 42.597135 35.449482 28.785884 22.786971 17.571318 13.191173 9.637320 6.850914 4.739173 3.191714 2.094929 1.342783 0.843527 0.522637 0.322845 0.202293 0.131770 0.091752 0.069717 0.057938 0.051821 0.048735 0.047222 0.046499 0.046164 0.046012 0.045945 0.045915 0.045900 0.045890 0.045878 0.045857 0.045820 0.045753 0.045636 0.045438 0.045112 0.044596 0.043803 0.042628 0.040945 0.038623 0.035536 0.031587 0.026729 0.020989 0.014477 0.007392 0.000000 
50.000000 42.593861 35.443048 28.776504 22.774940 17.556983 13.174905 9.619485 6.831850 4.719179 3.171040 2.073773 1.321297 0.821822 0.500792 0.300913 0.180308 0.109754 0.069719 0.047675 0.035890 0.029771 0.026684 0.025169 0.024447 0.024111 0.023959 0.023892 0.023863 0.023850 0.023842 0.023834 0.023823 0.023803 0.023767 0.023704 0.023598 0.023425 0.023150 0.022731 0.022111 0.021226 0.020009 0.018397 0.016340 0.013817 0.010843 0.007475 0.003815 0.000000 
50.000000 42.592111 35.439609 28.771490 22.768509 17.549321 13.166210 9.609952 6.821662 4.708494 3.159991 2.062466 1.309814 0.810223 0.489118 0.289192 0.168559 0.097989 0.057944 0.035895 0.024107 0.017987 0.014899 0.013384 0.012661 0.012326 0.012174 0.012107 0.012078 0.012066 0.012059 0.012054 0.012048 0.012037 0.012018 0.011986 0.011931 0.011841 0.011700 0.011484 0.011166 0.010714 0.010095 0.009275 0.008233 0.006958 0.005457 0.003760 0.001919 0.000000 
50.000000 42.591204 35.437826 28.768890 22.765175 17.545349 13.161701 9.605009 6.816379 4.702954 3.154262 2.056604 1.303861 0.804209 0.483065 0.283115 0.162468 0.091889 0.051840 0.029788 0.017999 0.011878 0.008789 0.007274 0.006552 0.006216 0.006064 0.005998 0.005969 0.005957 0.005951 0.005947 0.005944 0.005938 0.005929 0.005912 0.005884 0.005839 0.005768 0.005660 0.005502 0.005277 0.004969 0.004563 0.004048 0.003419 0.002680 0.001846 0.000942 0.000000 
50.000000 42.590749 35.436932 28.767588 22.763505 17.543359 13.159443 9.602534 6.813733 4.700179 3.151393 2.053668 1.300879 0.801197 0.480034 0.280072 0.159417 0.088834 0.048783 0.026729 0.014939 0.008818 0.005729 0.004214 0.003492 0.003156 0.003004 0.002938 0.002909 0.002897 0.002891 0.002889 0.002887 0.002884 0.002879 0.002871 0.002857 0.002835 0.002800 0.002746 0.002669 0.002558 0.002408 0.002210 0.001960 0.001655 0.001296 0.000893 0.000455 0.000000 
50.000000 42.590534 35.436509 28.766972 22.762714 17.542417 13.158374 9.601362 6.812481 4.698865 3.150035 2.052279 1.299468 0.799771 0.478599 0.278631 0.157973 0.087388 0.047336 0.025281 0.013491 0.007370 0.004281 0.002766 0.002043 0.001708 0.001556 0.001489 0.001461 0.001449 0.001443 0.001441 0.001440 0.001438 0.001436 0.001431 0.001424 0.001413 0.001395 0.001368 0.001329 0.001274 0.001199 0.001100 0.000975 0.000822 0.000644 0.000443 0.000226 0.000000 
50.000000 42.590449 35.436343 28.766728 22.762402 17.542045 13.157952 9.600900 6.811987 4.698347 3.149499 2.051730 1.298911 0.799209 0.478033 0.278063 0.157404 0.086818 0.046765 0.024710 0.012920 0.006799 0.003710 0.002195 0.001472 0.001137 0.000985 0.000918 0.000889 0.000877 0.000872 0.000870 0.000869 0.000868 0.000866 0.000864 0.000859 0.000853 0.000842 0.000825 0.000801 0.000768 0.000722 0.000662 0.000587 0.000495 0.000388 0.000267 0.000136 0.000000 
50.000000 42.590449 35.436343 28.766728 22.762402 17.542045 13.157952 9.600900 6.811987 4.698347 3.149499 2.051730 1.298911 0.799209 0.478033 0.278063 0.157404 0.086818 0.046765 0.024710 0.012920 0.006799 0.003710 0.002195 0.001472 0.001137 0.000985 0.000918 0.000889 0.000877 0.000872 0.000870 0.000869 0.000868 0.000866 0.000864 0.000859 0.000853 0.000842 0.000825 0.000801 0.000768 0.000722 0.000662 0.000587 0.000495 0.000388 0.000267 0.000136 0.000000 
50.000000 42.590534 35.436509 28.766972 22.762714 17.542417 13.158374 9.601362 6.812481 4.698865 3.150035 2.052279 1.299468 0.799771 0.478599 0.278631 0.157973 0.087388 0.047336 0.025281 0.013491 0.007370 0.004281 0.002766 0.002043 0.001708 0.001556 0.001489 0.001461 0.001449 0.001443 0.001441 0.001440 0.001438 0.001436 0.001431 0.001424 0.001413 0.001395 0.001368 0.001329 0.001274 0.001199 0.001100 0.000975 0.000822 0.000644 0.000443 0.000226 0.000000 
50.000000 42.590749 35.436932 28.767588 22.763505 17.543359 13.159443 9.602534 6.813733 4.700179 3.151393 2.053668 1.300879 0.801197 0.480034 0.280072 0.159417 0.088834 0.048783 0.026729 0.014939 0.008818 0.005729 0.004214 0.003492 0.003156 0.003004 0.002938 0.002909 0.002897 0.002891 0.002889 0.002887 0.002884 0.002879 0.002871 0.002857 0.002835 0.002800 0.002746 0.002669 0.002558 0.002408 0.002210 0.001960 0.001655 0.001296 0.000893 0.000455 0.000000 
50.000000 42.591204 35.437826 28.768890 22.765175 17.545349 13.161701 9.605009 6.816379 4.702954 3.154262 2.056604 1.303861 0.804209 0.483065 0.283115 0.162468 0.091889 0.051840 0.029788 0.017999 0.011878 0.008789 0.007274 0.006552 0.006216 0.006064 0.005998 0.005969 0.005957 0.005951 0.005947 0.005944 0.005938 0.005929 0.005912 0.005884 0.005839 0.005768 0.005660 0.005502 0.005277 0.004969 0.004563 0.004048 0.003419 0.002680 0.001846 0.000942 0.000000 
50.000000 42.592111 35.439609 28.771490 22.768509 17.549321 13.166210 9.609952 6.821662 4.708494 3.159991 2.062466 1.309814 0.810223 0.489118 0.289192 0.168559 0.097989 0.057944 0.035895 0.024107 0.017987 0.014899 0.013384 0.012661 0.012326 0.012174 0.012107 0.012078 0.012066 0.012059 0.012054 0.012048 0.012037 0.012018 0.011986 0.011931 0.011841 0.011700 0.011484 0.011166 0.010714 0.010095 0.009275 0.008233 0.006958 0.005457 0.003760 0.001919 0.000000 
50.000000 42.593861 35.443048 28.776504 22.774940 17.556983 13.174905 9.619485 6.831850 4.719179 3.171040 2.073773 1.321297 0.821822 0.500792 0.300913 0.180308 0.109754 0.069719 0.047675 0.035890 0.029771 0.026684 0.025169 0.024447 0.024111 0.023959 0.023892 0.023863 0.023850 0.023842 0.023834 0.023823 0.023803 0.023767 0.023704 0.023598 0.023425 0.023150 0.022731 0.022111 0.021226 0.020009 0.018397 0.016340 0.013817 0.010843 0.007475 0.003815 0.000000 
50.000000 42.597135 35.449482 28.785884 22.786971 17.571318 13.191173 9.637320 6.850914 4.739173 3.191714 2.094929 1.342783 0.843527 0.522637 0.322845 0.202293 0.131770 0.091752 0.069717 0.057938 0.051821 0.048735 0.047222 0.046499 0.046164 0.046012 0.045945 0.045915 0.045900 0.045890 0.045878 0.045857 0.045820 0.045753 0.045636 0.045438 0.045112 0.044596 0.043803 0.042628 0.040945 0.038623 0.035536 0.031587 0.026729 0.020989 0.014477 0.007392 0.000000 
50.000000 42.603079 35.461166 28.802917 22.808818 17.597349 13.220716 9.669710 6.885535 4.775483 3.229261 2.133351 1.381805 0.882947 0.562312 0.362679 0.242223 0.171755 0.131769 0.109751 0.097981 0.091869 0.088786 0.087273 0.086552 0.086216 0.086065 0.085997 0.085966 0.085949 0.085935 0.085915 0.085878 0.085811 0.085690 0.085479 0.085119 0.084527 0.083584 0.082131 0.079968 0.076860 0.072556 0.066813 0.059439 0.050340 0.039559 0.027302 0.013945 0.000000 
50.000000 42.613554 35.481754 28.832931 22.847315 17.643219 13.272774 9.726788 6.946544 4.839470 3.295428 2.201062 1.450573 0.952417 0.632233 0.432879 0.312591 0.242222 0.202292 0.180305 0.168551 0.162448 0.159369 0.157858 0.157138 0.156803 0.156651 0.156583 0.156550 0.156530 0.156509 0.156475 0.156412 0.156296 0.156086 0.155715 0.155084 0.154040 0.152371 0.149789 0.145929 0.140361 0.132615 0.122235 0.108856 0.092284 0.072584 0.050130 0.025617 0.000000 
50.000000 42.631457 35.516941 28.884228 22.913113 17.721619 13.361753 9.824346 7.050825 4.948842 3.408529 2.316803 1.568123 1.071166 0.751752 0.552878 0.432879 0.362679 0.322844 0.300910 0.289184 0.283095 0.280023 0.278516 0.277797 0.277463 0.277311 0.277242 0.277207 0.277182 0.277150 0.277094 0.276989 0.276794 0.276439 0.275813 0.274740 0.272960 0.270101 0.265657 0.258985 0.249311 0.235787 0.217578 0.193995 0.164657 0.129646 0.089618 0.045822 0.000000 
50.000000 42.661123 35.575247 28.969232 23.022145 17.851536 13.509204 9.986016 7.223639 5.130096 3.595963 2.508615 1.762936 1.267968 0.949832 0.751752 0.632232 0.562312 0.522636 0.500789 0.489110 0.483046 0.479986 0.478485 0.477768 0.477435 0.477282 0.477212 0.477173 0.477140 0.477091 0.477003 0.476834 0.476517 0.475940 0.474916 0.473155 0.470221 0.465486 0.458089 0.446923 0.430644 0.407757 0.376766 0.336406 0.285937 0.225431 0.155993 0.079814 0.000000 
50.000000 42.708762 35.668880 29.105738 23.197241 18.060175 13.746004 10.245656 7.501178 5.421195 3.896993 2.816679 2.075820 1.584051 1.267968 1.071166 0.952417 0.882946 0.843526 0.821819 0.810215 0.804189 0.801149 0.799657 0.798945 0.798614 0.798461 0.798388 0.798344 0.798300 0.798227 0.798090 0.797828 0.797333 0.796426 0.794813 0.792025 0.787357 0.779783 0.767887 0.749818 0.723312 0.685802 0.634671 0.567650 0.483318 0.381651 0.264436 0.135414 0.000000 
50.000000 42.782870 35.814539 29.318094 23.469633 18.384752 14.114395 10.649585 7.932961 5.874078 4.365331 3.295966 2.562612 2.075820 1.762936 1.568123 1.450573 1.381804 1.342782 1.321294 1.309806 1.303841 1.300831 1.299355 1.298650 1.298320 1.298168 1.298092 1.298041 1.297980 1.297875 1.297671 1.297278 1.296533 1.295163 1.292714 1.288463 1.281306 1.269626 1.251165 1.222936 1.181226 1.121755 1.040059 0.932139 0.795330 0.629269 0.436713 0.223875 0.000000 
50.000000 42.894503 36.033950 29.637977 23.879953 18.873689 14.669341 11.258073 8.583417 6.556330 5.070874 4.018010 3.295966 2.816679 2.508615 2.316803 2.201062 2.133350 2.094927 2.073769 2.062458 2.056585 2.053621 2.052167 2.051472 2.051147 2.050995 2.050916 2.050855 2.050774 2.050625 2.050334 2.049767 2.048691 2.046702 2.043129 2.036896 2.026341 2.009005 1.981414 1.938904 1.875576 1.784491 1.658226 1.489880 1.274523 1.010908 0.703025 0.360896 0.000000 
50.000000 43.057266 36.353860 30.104381 24.478225 19.586596 15.478502 12.145315 9.531865 7.551151 6.099668 5.070874 4.365331 3.896993 3.595963 3.408529 3.295428 3.229260 3.191713 3.171037 3.159983 3.154243 3.151347 3.149926 3.149246 3.148927 3.148776 3.148693 3.148621 3.148514 3.148312 3.147912 3.147130 3.145639 3.142871 3.137874 3.129106 3.114167 3.089460 3.049834 2.988260 2.895674 2.761161 2.572690 2.318600 1.989925 1.583336 1.104082 0.567815 0.000000 
50.000000 43.286883 36.805172 30.762364 25.322249 20.592353 16.620066 13.397051 10.869965 8.954692 7.551151 6.556330 5.874078 5.421195 5.130096 4.948842 4.839470 4.775482 4.739172 4.719176 4.708486 4.702935 4.700134 4.698759 4.698101 4.697792 4.697642 4.697555 4.697470 4.697334 4.697071 4.696546 4.695515 4.693541 4.689857 4.683173 4.671376 4.651142 4.617426 4.562891 4.477346 4.347352 4.156284 3.885174 3.514756 3.028994 2.420007 1.693553 0.873136 0.000000 
50.000000 43.600197 37.420993 31.660196 26.473947 21.964754 18.177800 15.105137 12.695921 10.869965 9.531865 8.583417 7.932961 7.501178 7.223639 7.050825 6.946544 6.885535 6.850913 6.831848 6.821655 6.816362 6.813690 6.812379 6.811751 6.811454 6.811308 6.811217 6.811120 6.810954 6.810627 6.809970 6.808675 6.806184 6.801514 6.792994 6.777866 6.751735 6.707841 6.636190 6.522613 6.347960 6.087799 5.713135 5.192902 4.498962 3.613995 2.541496 1.314875 0.000000 
50.000000 44.013572 38.233487 32.844770 27.993475 23.775489 20.233077 17.358812 15.105137 13.397051 12.145315 11.258073 10.649585 10.245656 9.986016 9.824346 9.726787 9.669710 9.637319 9.619482 9.609945 9.604993 9.602493 9.601266 9.600678 9.600399 9.600259 9.600166 9.600057 9.599864 9.599478 9.598698 9.597155 9.594173 9.588559 9.578259 9.559854 9.527830 9.473582 9.384154 9.240767 9.017338 8.679406 8.184209 7.483087 6.527786 5.282257 3.740233 1.944927 0.000000 
50.000000 44.540756 39.269679 34.355492 29.931387 26.084804 22.854291 20.233077 18.177800 16.620066 15.478502 14.669341 14.114395 13.746004 13.509204 13.361753 13.272774 13.220715 13.191172 13.174902 13.166204 13.161686 13.159406 13.158286 13.157749 13.157493 13.157362 13.157270 13.157153 13.156940 13.156510 13.155637 13.153903 13.150539 13.144176 13.132438 13.111333 13.074336 13.011115 12.905812 12.734892 12.464665 12.048868 11.427145 10.526031 9.265221 7.573164 5.415952 2.838412 0.000000 
50.000000 45.190469 40.546705 36.217348 32.319734 28.930899 26.084804 23.775489 21.964754 20.592353 19.586596 18.873689 18.384752 18.060175 17.851536 17.721619 17.643219 17.597349 17.571317 17.556981 17.549316 17.545335 17.543326 17.542339 17.541865 17.541638 17.541520 17.541431 17.541314 17.541093 17.540645 17.539731 17.537910 17.534363 17.527624 17.515130 17.492526 17.452613 17.383809 17.267996 17.077596 16.771853 16.292402 15.558774 14.465450 12.884338 10.680358 7.752833 4.115294 0.000000 
50.000000 45.964068 42.067235 38.434230 35.163515 32.319734 29.931387 27.993475 26.473947 25.322249 24.478225 23.879953 23.469633 23.197241 23.022145 22.913113 22.847315 22.808818 22.786970 22.774938 22.768505 22.765164 22.763477 22.762649 22.762250 22.762059 22.761957 22.761878 22.761767 22.761556 22.761124 22.760242 22.758478 22.755031 22.748456 22.736208 22.713923 22.674303 22.605430 22.488300 22.293255 21.974985 21.465690 20.666166 19.435396 17.581758 14.866124 11.043230 5.993819 0.000000 
50.000000 46.853799 43.816029 40.983922 38.434230 36.217348 34.355492 32.844770 31.660196 30.762364 30.104381 29.637977 29.318094 29.105738 28.969232 28.884228 28.832931 28.802917 28.785883 28.776502 28.771486 28.768881 28.767566 28.766920 28.766610 28.766460 28.766379 28.766313 28.766219 28.766037 28.765662 28.764896 28.763359 28.760347 28.754582 28.743801 28.724087 28.688826 28.627069 28.521045 28.342357 28.046201 27.562512 26.782329 25.536990 23.568106 20.491961 15.788410 8.932886 0.000000 
50.000000 47.842077 45.758525 43.816029 42.067235 40.546705 39.269679 38.233487 37.420993 36.805172 36.353860 36.033950 35.814539 35.668880 35.575247 35.516941 35.481754 35.461166 35.449482 35.443047 35.439607 35.437820 35.436917 35.436474 35.436261 35.436158 35.436101 35.436054 35.435985 35.435851 35.435574 35.435006 35.433865 35.431624 35.427323 35.419254 35.404444 35.377826 35.330925 35.249778 35.111619 34.879497 34.493253 33.853727 32.793872 31.024004 28.027620 22.879262 14.047861 0.000000 
50.000000 48.902120 47.842077 46.853799 45.964068 45.190469 44.540756 44.013572 43.600197 43.286883 43.057266 42.894503 42.782870 42.708762 42.661123 42.631457 42.613554 42.603079 42.597134 42.593860 42.592110 42.591200 42.590741 42.590516 42.590407 42.590355 42.590326 42.590301 42.590265 42.590193 42.590046 42.589743 42.589134 42.587937 42.585635 42.581309 42.573348 42.558995 42.533607 42.489451 42.413746 42.285322 42.068644 41.702345 41.075175 39.970248 37.920913 33.794216 24.451060 0.000000 
50.000000 50.000000 50.000000 50.000000 50.000000 50.000000 50.000000 50.000000 50.000000 50.000000 50.000000 50.000000 50.000000 50.000000 50.000000 50.000000 50.000000 50.000000 50.000000 50.000000 50.000000 50.000000 50.000000 50.000000 50.000000 50.000000 50.000000 50.000000 50.000000 50.000000 50.000000 50.000000 50.000000 50.000000 50.000000 50.000000 50.000000 50.000000 50.000000 50.000000 50.000000 50.000000 50.000000 50.000000 50.000000 50.000000 50.000000 50.000000 50.000000 50.000000 
