50.000000 50.000000 50.000000 50.000000 50.000000 50.000000 50.000000 50.000000 50.000000 50.000000 50.000000 50.000000 50.000000 50.000000 50.000000 50.000000 50.000000 50.000000 50.000000 50.000000 50.000000 50.000000 50.000000 50.000000 50.000000 50.000000 50.000000 50.000000 50.000000 50.000000 50.000000 50.000000 50.000000 50.000000 50.000000 50.000000 50.000000 50.000000 50.000000 50.000000 50.000000 50.000000 50.000000 50.000000 50.000000 50.000000 50.000000 50.000000 50.000000 50.000000 
50.000000 47.008103 44.296637 42.067432 40.401714 39.267513 38.561564 38.158521 37.946687 37.843815 37.797491 37.778080 37.770486 37.767704 37.766746 37.766436 37.766341 37.766314 37.766306 37.766304 37.766303 37.766303 37.766303 37.766303 37.766303 37.766303 37.766303 37.766303 37.766303 37.766303 37.766303 37.766303 37.766303 37.766301 37.766296 37.766275 37.766202 37.765964 37.765215 37.762981 37.756638 37.739496 37.695294 37.586084 37.325638 36.718747 35.310153 31.960882 23.504051 0.000000 
50.000000 44.296637 39.127898 34.878549 31.703413 29.541511 28.195957 27.427784 27.024063 26.828019 26.739743 26.702756 26.688288 26.682987 26.681163 26.680572 26.680391 26.680338 26.680324 26.680320 26.680319 26.680319 26.680319 26.680319 26.680319 26.680319 26.680319 26.680319 26.680319 26.680319 26.680319 26.680319 26.680318 26.680315 26.680306 26.680271 26.680150 26.679753 26.678513 26.674832 26.664464 26.636743 26.566337 26.396232 26.004205 25.139181 23.304669 19.563949 12.335754 0.000000 
50.000000 42.067432 34.878549 28.968549 24.552738 21.546231 19.675115 18.606975 18.045648 17.773094 17.650379 17.598967 17.578858 17.571491 17.568956 17.568135 17.567883 17.567811 17.567791 17.567785 17.567784 17.567784 17.567784 17.567784 17.567784 17.567784 17.567784 17.567784 17.567784 17.567784 17.567784 17.567783 17.567783 17.567780 17.567769 17.567730 17.567595 17.567154 17.565784 17.561753 17.550516 17.520881 17.447009 17.273069 16.886489 16.076731 14.484274 11.573880 6.757279 0.000000 
50.000000 40.401714 31.703413 24.552738 19.210167 15.572889 13.309368 12.017327 11.338397 11.008774 10.860379 10.798215 10.773903 10.764999 10.761935 10.760942 10.760638 10.760550 10.760526 10.760520 10.760518 10.760518 10.760518 10.760518 10.760518 10.760518 10.760518 10.760518 10.760518 10.760518 10.760518 10.760518 10.760517 10.760514 10.760505 10.760470 10.760349 10.759959 10.758756 10.755245 10.745568 10.720420 10.658910 10.517642 10.213889 9.605083 8.476007 6.564232 3.682967 0.000000 
50.000000 39.267513 29.541511 21.546231 15.572889 11.506412 8.975971 7.531685 6.772823 6.404429 6.238596 6.169136 6.141973 6.132025 6.128603 6.127495 6.127155 6.127057 6.127030 6.127023 6.127021 6.127021 6.127021 6.127021 6.127021 6.127021 6.127021 6.127021 6.127021 6.127021 6.127021 6.127020 6.127020 6.127018 6.127011 6.126984 6.126894 6.126601 6.125706 6.123119 6.116068 6.097998 6.054575 5.957050 5.753206 5.359000 4.659742 3.537307 1.941876 0.000000 
50.000000 38.561564 28.195957 19.675115 13.309368 8.975971 6.279598 4.740710 3.932205 3.539744 3.363094 3.289109 3.260180 3.249587 3.245943 3.244763 3.244401 3.244297 3.244268 3.244261 3.244259 3.244258 3.244258 3.244258 3.244258 3.244258 3.244258 3.244258 3.244258 3.244258 3.244258 3.244258 3.244258 3.244256 3.244252 3.244234 3.244174 3.243983 3.243402 3.241737 3.237247 3.225886 3.199009 3.139799 3.018922 2.791726 2.402045 1.799724 0.975480 0.000000 
50.000000 38.158521 27.427784 18.606975 12.017327 7.531685 4.740710 3.147916 2.311139 1.904980 1.722178 1.645622 1.615691 1.604731 1.600961 1.599740 1.599366 1.599258 1.599229 1.599221 1.599219 1.599218 1.599218 1.599218 1.599218 1.599218 1.599218 1.599218 1.599218 1.599218 1.599218 1.599218 1.599218 1.599217 1.599214 1.599204 1.599169 1.599058 1.598722 1.597768 1.595219 1.588841 1.573958 1.541701 1.477110 1.358417 1.159966 0.861446 0.463227 0.000000 
50.000000 37.946687 27.024063 18.045648 11.338397 6.772823 3.932205 2.311139 1.459544 1.046212 0.860190 0.782289 0.751833 0.740682 0.736847 0.735605 0.735224 0.735114 0.735084 0.735076 0.735074 0.735074 0.735074 0.735074 0.735074 0.735074 0.735074 0.735074 0.735074 0.735074 0.735074 0.735074 0.735074 0.735073 0.735072 0.735066 0.735048 0.734990 0.734815 0.734321 0.733013 0.729772 0.722298 0.706319 0.674825 0.617977 0.524767 0.387321 0.207190 0.000000 
50.000000 37.843815 26.828019 17.773094 11.008774 6.404429 3.539744 1.904980 1.046212 0.629409 0.441830 0.363280 0.332571 0.321328 0.317461 0.316209 0.315826 0.315715 0.315684 0.315676 0.315674 0.315674 0.315674 0.315674 0.315674 0.315674 0.315674 0.315674 0.315674 0.315674 0.315674 0.315674 0.315674 0.315673 0.315673 0.315670 0.315661 0.315633 0.315550 0.315317 0.314704 0.313199 0.309762 0.302497 0.288360 0.263206 0.222579 0.163555 0.087177 0.000000 
50.000000 37.797491 26.739743 17.650379 10.860379 6.238596 3.363094 1.722178 0.860190 0.441830 0.253554 0.174713 0.143891 0.132607 0.128726 0.127469 0.127084 0.126973 0.126943 0.126935 0.126933 0.126932 0.126932 0.126932 0.126932 0.126932 0.126932 0.126932 0.126932 0.126932 0.126932 0.126932 0.126932 0.126932 0.126932 0.126930 0.126926 0.126914 0.126878 0.126777 0.126513 0.125869 0.124410 0.121357 0.115477 0.105134 0.088626 0.064912 0.034510 0.000000 
50.000000 37.778080 26.702756 17.598967 10.798215 6.169136 3.289109 1.645622 0.782289 0.363280 0.174713 0.095752 0.064883 0.053581 0.049694 0.048435 0.048050 0.047939 0.047908 0.047900 0.047898 0.047898 0.047898 0.047898 0.047898 0.047898 0.047898 0.047898 0.047898 0.047898 0.047898 0.047898 0.047898 0.047898 0.047897 0.047897 0.047895 0.047890 0.047876 0.047835 0.047730 0.047474 0.046900 0.045707 0.043429 0.039460 0.033183 0.024244 0.012865 0.000000 
50.000000 37.770486 26.688288 17.578858 10.773903 6.141973 3.260180 1.615691 0.751833 0.332571 0.143891 0.064883 0.033996 0.022687 0.018798 0.017539 0.017153 0.017042 0.017011 0.017003 0.017001 0.017001 0.017000 0.017000 0.017000 0.017000 0.017000 0.017000 0.017000 0.017000 0.017000 0.017000 0.017000 0.017000 0.017000 0.017000 0.017000 0.016998 0.016992 0.016977 0.016938 0.016844 0.016633 0.016197 0.015372 0.013944 0.011704 0.008535 0.004522 0.000000 
50.000000 37.767704 26.682987 17.571491 10.764999 6.132025 3.249587 1.604731 0.740682 0.321328 0.132607 0.053581 0.022687 0.011376 0.007487 0.006227 0.005841 0.005730 0.005699 0.005691 0.005689 0.005689 0.005689 0.005688 0.005688 0.005688 0.005688 0.005688 0.005688 0.005688 0.005688 0.005688 0.005688 0.005688 0.005688 0.005688 0.005688 0.005688 0.005686 0.005680 0.005667 0.005634 0.005561 0.005413 0.005132 0.004649 0.003896 0.002837 0.001502 0.000000 
50.000000 37.766746 26.681163 17.568956 10.761935 6.128603 3.245943 1.600961 0.736847 0.317461 0.128726 0.049694 0.018798 0.007487 0.003597 0.002337 0.001951 0.001840 0.001809 0.001801 0.001799 0.001799 0.001798 0.001798 0.001798 0.001798 0.001798 0.001798 0.001798 0.001798 0.001798 0.001798 0.001798 0.001798 0.001798 0.001798 0.001798 0.001798 0.001797 0.001796 0.001791 0.001781 0.001757 0.001709 0.001619 0.001465 0.001227 0.000892 0.000472 0.000000 
50.000000 37.766436 26.680572 17.568135 10.760942 6.127495 3.244763 1.599740 0.735605 0.316209 0.127469 0.048435 0.017539 0.006227 0.002337 0.001077 0.000691 0.000580 0.000549 0.000541 0.000539 0.000538 0.000538 0.000538 0.000538 0.000538 0.000538 0.000538 0.000538 0.000538 0.000538 0.000538 0.000538 0.000538 0.000538 0.000538 0.000538 0.000538 0.000538 0.000537 0.000536 0.000533 0.000526 0.000511 0.000484 0.000438 0.000366 0.000266 0.000141 0.000000 
50.000000 37.766341 26.680391 17.567883 10.760638 6.127155 3.244401 1.599366 0.735224 0.315826 0.127084 0.048050 0.017153 0.005841 0.001951 0.000691 0.000306 0.000194 0.000163 0.000155 0.000153 0.000153 0.000153 0.000153 0.000153 0.000153 0.000153 0.000153 0.000153 0.000153 0.000153 0.000153 0.000153 0.000153 0.000153 0.000153 0.000153 0.000153 0.000153 0.000153 0.000152 0.000151 0.000149 0.000145 0.000137 0.000124 0.000104 0.000075 0.000040 0.000000 
50.000000 37.766314 26.680338 17.567811 10.760550 6.127057 3.244297 1.599258 0.735114 0.315715 0.126973 0.047939 0.017042 0.005730 0.001840 0.000580 0.000194 0.000083 0.000052 0.000044 0.000042 0.000041 0.000041 0.000041 0.000041 0.000041 0.000041 0.000041 0.000041 0.000041 0.000041 0.000041 0.000041 0.000041 0.000041 0.000041 0.000041 0.000041 0.000041 0.000041 0.000041 0.000041 0.000040 0.000039 0.000037 0.000033 0.000028 0.000020 0.000011 0.000000 
50.000000 37.766306 26.680324 17.567791 10.760526 6.127030 3.244268 1.599229 0.735084 0.315684 0.126943 0.047908 0.017011 0.005699 0.001809 0.000549 0.000163 0.000052 0.000021 0.000013 0.000011 0.000011 0.000011 0.000011 0.000011 0.000011 0.000011 0.000011 0.000011 0.000011 0.000011 0.000011 0.000011 0.000011 0.000011 0.000011 0.000011 0.000011 0.000011 0.000011 0.000011 0.000010 0.000010 0.000010 0.000010 0.000009 0.000007 0.000005 0.000003 0.000000 
50.000000 37.766304 26.680320 17.567785 10.760520 6.127023 3.244261 1.599221 0.735076 0.315676 0.126935 0.047900 0.017003 0.005691 0.001801 0.000541 0.000155 0.000044 0.000013 0.000005 0.000003 0.000003 0.000003 0.000003 0.000003 0.000003 0.000003 0.000003 0.000003 0.000003 0.000003 0.000003 0.000003 0.000003 0.000003 0.000003 0.000003 0.000003 0.000003 0.000003 0.000003 0.000003 0.000003 0.000002 0.000002 0.000002 0.000002 0.000001 0.000001 0.000000 
50.000000 37.766303 26.680319 17.567784 10.760518 6.127021 3.244259 1.599219 0.735074 0.315674 0.126933 0.047898 0.017001 0.005689 0.001799 0.000539 0.000153 0.000042 0.000011 0.000003 0.000001 0.000001 0.000001 0.000001 0.000001 0.000001 0.000001 0.000001 0.000001 0.000001 0.000001 0.000001 0.000001 0.000001 0.000001 0.000001 0.000001 0.000001 0.000001 0.000001 0.000001 0.000001 0.000001 0.000001 0.000001 0.000000 0.000000 0.000000 0.000000 0.000000 
50.000000 37.766303 26.680319 17.567784 10.760518 6.127021 3.244258 1.599218 0.735074 0.315674 0.126932 0.047898 0.017001 0.005689 0.001799 0.000538 0.000153 0.000041 0.000011 0.000003 0.000001 0.000000 0.000000 0.000000 0.000000 0.000000 0.000000 0.000000 0.000000 0.000000 0.000000 0.000000 0.000000 0.000000 0.000000 0.000000 0.000000 0.000000 0.000000 0.000000 0.000000 0.000000 0.000000 0.000000 0.000000 0.000000 0.000000 0.000000 0.000000 0.000000 
50.000000 37.766303 26.680319 17.567784 10.760518 6.127021 3.244258 1.599218 0.735074 0.315674 0.126932 0.047898 0.017000 0.005689 0.001798 0.000538 0.000153 0.000041 0.000011 0.000003 0.000001 0.000000 0.000000 0.000000 0.000000 0.000000 0.000000 0.000000 0.000000 0.000000 0.000000 0.000000 0.000000 0.000000 0.000000 0.000000 0.000000 0.000000 0.000000 0.000000 0.000000 0.000000 0.000000 0.000000 0.000000 0.000000 0.000000 0.000000 0.000000 0.000000 
50.000000 37.766303 26.680319 17.567784 10.760518 6.127021 3.244258 1.599218 0.735074 0.315674 0.126932 0.047898 0.017000 0.005688 0.001798 0.000538 0.000153 0.000041 0.000011 0.000003 0.000001 0.000000 0.000000 0.000000 0.000000 0.000000 0.000000 0.000000 0.000000 0.000000 0.000000 0.000000 0.000000 0.000000 0.000000 0.000000 0.000000 0.000000 0.000000 0.000000 0.000000 0.000000 0.000000 0.000000 0.000000 0.000000 0.000000 0.000000 0.000000 0.000000 
50.000000 37.766303 26.680319 17.567784 10.760518 6.127021 3.244258 1.599218 0.735074 0.315674 0.126932 0.047898 0.017000 0.005688 0.001798 0.000538 0.000153 0.000041 0.000011 0.000003 0.000001 0.000000 0.000000 0.000000 0.000000 0.000000 0.000000 0.000000 0.000000 0.000000 0.000000 0.000000 0.000000 0.000000 0.000000 0.000000 0.000000 0.000000 0.000000 0.000000 0.000000 0.000000 0.000000 0.000000 0.000000 0.000000 0.000000 0.000000 0.000000 0.000000 
50.000000 37.766303 26.680319 17.567784 10.760518 6.127021 3.244258 1.599218 0.735074 0.315674 0.126932 0.047898 0.017000 0.005688 0.001798 0.000538 0.000153 0.000041 0.000011 0.000003 0.000001 0.000000 0.000000 0.000000 0.000000 0.000000 0.000000 0.000000 0.000000 0.000000 0.000000 0.000000 0.000000 0.000000 0.000000 0.000000 0.000000 0.000000 0.000000 0.000000 0.000000 0.000000 0.000000 0.000000 0.000000 0.000000 0.000000 0.000000 0.000000 0.000000 
50.000000 37.766303 26.680319 17.567784 10.760518 6.127021 3.244258 1.599218 0.735074 0.315674 0.126932 0.047898 0.017000 0.005688 0.001798 0.000538 0.000153 0.000041 0.000011 0.000003 0.000001 0.000000 0.000000 0.000000 0.000000 0.000000 0.000000 0.000000 0.000000 0.000000 0.000000 0.000000 0.000000 0.000000 0.000000 0.000000 0.000000 0.000000 0.000000 0.000000 0.000000 0.000000 0.000000 0.000000 0.000000 0.000000 0.000000 0.000000 0.000000 0.000000 
50.000000 37.766303 26.680319 17.567784 10.760518 6.127021 3.244258 1.599218 0.735074 0.315674 0.126932 0.047898 0.017000 0.005689 0.001798 0.000538 0.000153 0.000041 0.000011 0.000003 0.000001 0.000000 0.000000 0.000000 0.000000 0.000000 0.000000 0.000000 0.000000 0.000000 0.000000 0.000000 0.000000 0.000000 0.000000 0.000000 0.000000 0.000000 0.000000 0.000000 0.000000 0.000000 0.000000 0.000000 0.000000 0.000000 0.000000 0.000000 0.000000 0.000000 
50.000000 37.766303 26.680319 17.567784 10.760518 6.127021 3.244258 1.599218 0.735074 0.315674 0.126932 0.047898 0.017001 0.005689 0.001799 0.000538 0.000153 0.000041 0.000011 0.000003 0.000001 0.000000 0.000000 0.000000 0.000000 0.000000 0.000000 0.000000 0.000000 0.000000 0.000000 0.000000 0.000000 0.000000 0.000000 0.000000 0.000000 0.000000 0.000000 0.000000 0.000000 0.000000 0.000000 0.000000 0.000000 0.000000 0.000000 0.000000 0.000000 0.000000 
50.000000 37.766303 26.680319 17.567784 10.760518 6.127021 3.244259 1.599219 0.735074 0.315674 0.126933 0.047898 0.017001 0.005689 0.001799 0.000539 0.000153 0.000042 0.000011 0.000003 0.000001 0.000001 0.000001 0.000001 0.000001 0.000001 0.000001 0.000001 0.000001 0.000001 0.000001 0.000001 0.000001 0.000001 0.000001 0.000001 0.000001 0.000001 0.000001 0.000001 0.000001 0.000001 0.000001 0.000001 0.000001 0.000000 0.000000 0.000000 0.000000 0.000000 
50.000000 37.766304 26.680320 17.567785 10.760520 6.127023 3.244261 1.599221 0.735076 0.315676 0.126935 0.047900 0.017003 0.005691 0.001801 0.000541 0.000155 0.000044 0.000013 0.000005 0.000003 0.000003 0.000003 0.000003 0.000003 0.000003 0.000003 0.000003 0.000003 0.000003 0.000003 0.000003 0.000003 0.000003 0.000003 0.000003 0.000003 0.000003 0.000003 0.000003 0.000003 0.000003 0.000003 0.000002 0.000002 0.000002 0.000002 0.000001 0.000001 0.000000 
50.000000 37.766306 26.680324 17.567791 10.760526 6.127030 3.244268 1.599229 0.735084 0.315684 0.126943 0.047908 0.017011 0.005699 0.001809 0.000549 0.000163 0.000052 0.000021 0.000013 0.000011 0.000011 0.000011 0.000011 0.000011 0.000011 0.000011 0.000011 0.000011 0.000011 0.000011 0.000011 0.000011 0.000011 0.000011 0.000011 0.000011 0.000011 0.000011 0.000011 0.000011 0.000010 0.000010 0.000010 0.000010 0.000009 0.000007 0.000005 0.000003 0.000000 
50.000000 37.766314 26.680338 17.567811 10.760550 6.127057 3.244297 1.599258 0.735114 0.315715 0.126973 0.047939 0.017042 0.005730 0.001840 0.000580 0.000194 0.000083 0.000052 0.000044 0.000042 0.000041 0.000041 0.000041 0.000041 0.000041 0.000041 0.000041 0.000041 0.000041 0.000041 0.000041 0.000041 0.000041 0.000041 0.000041 0.000041 0.000041 0.000041 0.000041 0.000041 0.000041 0.000040 0.000039 0.000037 0.000033 0.000028 0.000020 0.000011 0.000000 
50.000000 37.766341 26.680391 17.567883 10.760638 6.127155 3.244401 1.599366 0.735224 0.315826 0.127084 0.048050 0.017153 0.005841 0.001951 0.000691 0.000306 0.000194 0.000163 0.000155 0.000153 0.000153 0.000153 0.000153 0.000153 0.000153 0.000153 0.000153 0.000153 0.000153 0.000153 0.000153 0.000153 0.000153 0.000153 0.000153 0.000153 0.000153 0.000153 0.000153 0.000152 0.000151 0.000149 0.000145 0.000137 0.000124 0.000104 0.000075 0.000040 0.000000 
50.000000 37.766436 26.680572 17.568135 10.760942 6.127495 3.244763 1.599740 0.735605 0.316209 0.127469 0.048435 0.017539 0.006227 0.002337 0.001077 0.000691 0.000580 0.000549 0.000541 0.000539 0.000538 0.000538 0.000538 0.000538 0.000538 0.000538 0.000538 0.000538 0.000538 0.000538 0.000538 0.000538 0.000538 0.000538 0.000538 0.000538 0.000538 0.000538 0.000537 0.000536 0.000533 0.000526 0.000511 0.000484 0.000438 0.000366 0.000266 0.000141 0.000000 
50.000000 37.766746 26.681163 17.568956 10.761935 6.128603 3.245943 1.600961 0.736847 0.317461 0.128726 0.049694 0.018798 0.007487 0.003597 0.002337 0.001951 0.001840 0.001809 0.001801 0.001799 0.001799 0.001798 0.001798 0.001798 0.001798 0.001798 0.001798 0.001798 0.001798 0.001798 0.001798 0.001798 0.001798 0.001798 0.001798 0.001798 0.001798 0.001797 0.001796 0.001791 0.001781 0.001757 0.001709 0.001619 0.001465 0.001227 0.000892 0.000472 0.000000 
50.000000 37.767704 26.682987 17.571491 10.764999 6.132025 3.249587 1.604731 0.740682 0.321328 0.132607 0.053581 0.022687 0.011376 0.007487 0.006227 0.005841 0.005730 0.005699 0.005691 0.005689 0.005689 0.005689 0.005688 0.005688 0.005688 0.005688 0.005688 0.005688 0.005688 0.005688 0.005688 0.005688 0.005688 0.005688 0.005688 0.005688 0.005688 0.005686 0.005680 0.005667 0.005634 0.005561 0.005413 0.005132 0.004649 0.003896 0.002837 0.001502 0.000000 
50.000000 37.770486 26.688288 17.578858 10.773903 6.141973 3.260180 1.615691 0.751833 0.332571 0.143891 0.064883 0.033996 0.022687 0.018798 0.017539 0.017153 0.017042 0.017011 0.017003 0.017001 0.017001 0.017000 0.017000 0.017000 0.017000 0.017000 0.017000 0.017000 0.017000 0.017000 0.017000 0.017000 0.017000 0.017000 0.017000 0.017000 0.016998 0.016992 0.016977 0.016938 0.016844 0.016633 0.016197 0.015372 0.013944 0.011704 0.008535 0.004522 0.000000 
50.000000 37.778080 26.702756 17.598967 10.798215 6.169136 3.289109 1.645622 0.782289 0.363280 0.174713 0.095752 0.064883 0.053581 0.049694 0.048435 0.048050 0.047939 0.047908 0.047900 0.047898 0.047898 0.047898 0.047898 0.047898 0.047898 0.047898 0.047898 0.047898 0.047898 0.047898 0.047898 0.047898 0.047898 0.047897 0.047897 0.047895 0.047890 0.047876 0.047835 0.047730 0.047474 0.046900 0.045707 0.043429 0.039460 0.033183 0.024244 0.012865 0.000000 
50.000000 37.797491 26.739743 17.650379 10.860379 6.238596 3.363094 1.722178 0.860190 0.441830 0.253554 0.174713 0.143891 0.132607 0.128726 0.127469 0.127084 0.126973 0.126943 0.126935 0.126933 0.126932 0.126932 0.126932 0.126932 0.126932 0.126932 0.126932 0.126932 0.126932 0.126932 0.126932 0.126932 0.126932 0.126932 0.126930 0.126926 0.126914 0.126878 0.126777 0.126513 0.125869 0.124410 0.121357 0.115477 0.105134 0.088626 0.064912 0.034510 0.000000 
50.000000 37.843815 26.828019 17.773094 11.008774 6.404429 3.539744 1.904980 1.046212 0.629409 0.441830 0.363280 0.332571 0.321328 0.317461 0.316209 0.315826 0.315715 0.315684 0.315676 0.315674 0.315674 0.315674 0.315674 0.315674 0.315674 0.315674 0.315674 0.315674 0.315674 0.315674 0.315674 0.315674 0.315673 0.315673 0.315670 0.315661 0.315633 0.315550 0.315317 0.314704 0.313199 0.309762 0.302497 0.288360 0.263206 0.222579 0.163555 0.087177 0.000000 
50.000000 37.946687 27.024063 18.045648 11.338397 6.772823 3.932205 2.311139 1.459544 1.046212 0.860190 0.782289 0.751833 0.740682 0.736847 0.735605 0.735224 0.735114 0.735084 0.735076 0.735074 0.735074 0.735074 0.735074 0.735074 0.735074 0.735074 0.735074 0.735074 0.735074 0.735074 0.735074 0.735074 0.735073 0.735072 0.735066 0.735048 0.734990 0.734815 0.734321 0.733013 0.729772 0.722298 0.706319 0.674825 0.617977 0.524767 0.387321 0.207190 0.000000 
50.000000 38.158521 27.427784 18.606975 12.017327 7.531685 4.740710 3.147916 2.311139 1.904980 1.722178 1.645622 1.615691 1.604731 1.600961 1.599740 1.599366 1.599258 1.599229 1.599221 1.599219 1.599218 1.599218 1.599218 1.599218 1.599218 1.599218 1.599218 1.599218 1.599218 1.599218 1.599218 1.599218 1.599217 1.599214 1.599204 1.599169 1.599058 1.598722 1.597768 1.595219 1.588841 1.573958 1.541701 1.477110 1.358417 1.159966 0.861446 0.463227 0.000000 
50.000000 38.561564 28.195957 19.675115 13.309368 8.975971 6.279598 4.740710 3.932205 3.539744 3.363094 3.289109 3.260180 3.249587 3.245943 3.244763 3.244401 3.244297 3.244268 3.244261 3.244259 3.244258 3.244258 3.244258 3.244258 3.244258 3.244258 3.244258 3.244258 3.244258 3.244258 3.244258 3.244258 3.244256 3.244252 3.244234 3.244174 3.243983 3.243402 3.241737 3.237247 3.225886 3.199009 3.139799 3.018922 2.791726 2.402045 1.799724 0.975480 0.000000 
50.000000 39.267513 29.541511 21.546231 15.572889 11.506412 8.975971 7.531685 6.772823 6.404429 6.238596 6.169136 6.141973 6.132025 6.128603 6.127495 6.127155 6.127057 6.127030 6.127023 6.127021 6.127021 6.127021 6.127021 6.127021 6.127021 6.127021 6.127021 6.127021 6.127021 6.127021 6.127020 6.127020 6.127018 6.127011 6.126984 6.126894 6.126601 6.125706 6.123119 6.116068 6.097998 6.054575 5.957050 5.753206 5.359000 4.659742 3.537307 1.941876 0.000000 
50.000000 40.401714 31.703413 24.552738 19.210167 15.572889 13.309368 12.017327 11.338397 11.008774 10.860379 10.798215 10.773903 10.764999 10.761935 10.760942 10.760638 10.760550 10.760526 10.760520 10.760518 10.760518 10.760518 10.760518 10.760518 10.760518 10.760518 10.760518 10.760518 10.760518 10.760518 10.760518 10.760517 10.760514 10.760505 10.760470 10.760349 10.759959 10.758756 10.755245 10.745568 10.720420 10.658910 10.517642 10.213889 9.605083 8.476007 6.564232 3.682967 0.000000 
50.000000 42.067432 34.878549 28.968549 24.552738 21.546231 19.675115 18.606975 18.045648 17.773094 17.650379 17.598967 17.578858 17.571491 17.568956 17.568135 17.567883 17.567811 17.567791 17.567785 17.567784 17.567784 17.567784 17.567784 17.567784 17.567784 17.567784 17.567784 17.567784 17.567784 17.567784 17.567783 17.567783 17.567780 17.567769 17.567730 17.567595 17.567154 17.565784 17.561753 17.550516 17.520881 17.447009 17.273069 16.886489 16.076731 14.484274 11.573880 6.757279 0.000000 
50.000000 44.296637 39.127898 34.878549 31.703413 29.541511 28.195957 27.427784 27.024063 26.828019 26.739743 26.702756 26.688288 26.682987 26.681163 26.680572 26.680391 26.680338 26.680324 26.680320 26.680319 26.680319 26.680319 26.680319 26.680319 26.680319 26.680319 26.680319 26.680319 26.680319 26.680319 26.680319 26.680318 26.680315 26.680306 26.680271 26.680150 26.679753 26.678513 26.674832 26.664464 26.636743 26.566337 26.396232 26.004205 25.139181 23.304669 19.563949 12.335754 0.000000 
50.000000 47.008103 44.296637 42.067432 40.401714 39.267513 38.561564 38.158521 37.946687 37.843815 37.797491 37.778080 37.770486 37.767704 37.766746 37.766436 37.766341 37.766314 37.766306 37.766304 37.766303 37.766303 37.766303 37.766303 37.766303 37.766303 37.766303 37.766303 37.766303 37.766303 37.766303 37.766303 37.766303 37.766301 37.766296 37.766275 37.766202 37.765964 37.765215 37.762981 37.756638 37.739496 37.695294 37.586084 37.325638 36.718747 35.310153 31.960882 23.504051 0.000000 
50.000000 50.000000 50.000000 50.000000 50.000000 50.000000 50.000000 50.000000 50.000000 50.000000 50.000000 50.000000 50.000000 50.000000 50.000000 50.000000 50.000000 50.000000 50.000000 50.000000 50.000000 50.000000 50.000000 50.000000 50.000000 50.000000 50.000000 50.000000 50.000000 50.000000 50.000000 50.000000 50.000000 50.000000 50.000000 50.000000 50.000000 50.000000 50.000000 50.000000 50.000000 50.000000 50.000000 50.000000 50.000000 50.000000 50.000000 50.000000 50.000000 50.000000 
