50.000000 50.000000 50.000000 50.000000 50.000000 50.000000 50.000000 50.000000 50.000000 50.000000 50.000000 50.000000 50.000000 50.000000 50.000000 50.000000 50.000000 50.000000 50.000000 50.000000 50.000000 50.000000 50.000000 50.000000 50.000000 50.000000 50.000000 50.000000 50.000000 50.000000 50.000000 50.000000 50.000000 50.000000 50.000000 50.000000 50.000000 50.000000 50.000000 50.000000 50.000000 50.000000 50.000000 50.000000 50.000000 50.000000 50.000000 50.000000 50.000000 50.000000 
50.000000 47.469225 45.139214 43.163073 41.617397 40.500667 39.753949 39.290804 39.023700 38.880104 38.807955 38.773990 38.758971 38.752717 38.750259 38.749346 38.749024 38.748916 38.748882 38.748871 38.748868 38.748867 38.748867 38.748867 38.748867 38.748867 38.748867 38.748867 38.748867 38.748867 38.748867 38.748866 38.748865 38.748858 38.748836 38.748768 38.748560 38.747958 38.746286 38.741850 38.730580 38.703133 38.638839 38.493242 38.171773 37.470421 35.927266 32.402070 23.734612 0.000000 
50.000000 45.139214 40.664055 36.868602 33.899963 31.755208 30.321121 29.431669 28.918723 28.642970 28.504428 28.439209 28.410370 28.398363 28.393645 28.391891 28.391273 28.391066 28.391000 28.390980 28.390974 28.390973 28.390972 28.390972 28.390972 28.390972 28.390972 28.390972 28.390972 28.390972 28.390972 28.390971 28.390967 28.390956 28.390919 28.390801 28.390444 28.389413 28.386565 28.379049 28.360101 28.314433 28.209043 27.975580 27.477302 26.447815 24.379029 20.332028 12.737144 0.000000 
50.000000 43.163073 36.868602 31.530249 27.354922 24.338464 22.321592 21.070740 20.349412 19.961656 19.766854 19.675156 19.634612 19.617732 19.611100 19.608634 19.607766 19.607475 19.607383 19.607355 19.607346 19.607344 19.607343 19.607343 19.607343 19.607343 19.607343 19.607343 19.607343 19.607343 19.607343 19.607342 19.607338 19.607325 19.607281 19.607143 19.606726 19.605529 19.602241 19.593634 19.572162 19.521122 19.405527 19.156031 18.642756 17.636901 15.765125 12.489573 7.235807 0.000000 
50.000000 41.617397 33.899963 27.354922 22.235946 18.537891 16.065401 14.532059 13.647881 13.172616 12.933867 12.821492 12.771809 12.751126 12.743000 12.739980 12.738916 12.738560 12.738446 12.738412 12.738402 12.738399 12.738399 12.738398 12.738398 12.738398 12.738398 12.738398 12.738398 12.738398 12.738398 12.738397 12.738393 12.738380 12.738339 12.738208 12.737814 12.736689 12.733624 12.725672 12.706064 12.660147 12.558159 12.343599 11.916962 11.117973 9.718021 7.452148 4.146976 0.000000 
50.000000 40.500667 31.755208 24.338464 18.537891 14.347600 11.546139 9.808878 8.807175 8.268775 7.998330 7.871046 7.814777 7.791354 7.782152 7.778733 7.777528 7.777125 7.776997 7.776958 7.776947 7.776943 7.776943 7.776942 7.776942 7.776942 7.776942 7.776942 7.776942 7.776942 7.776942 7.776941 7.776938 7.776928 7.776893 7.776787 7.776468 7.775562 7.773112 7.766816 7.751473 7.716067 7.638861 7.480175 7.173800 6.620929 5.695708 4.277906 2.328894 0.000000 
50.000000 39.753949 30.321121 22.321592 16.065401 11.546139 8.524872 6.651400 5.571220 4.990676 4.699082 4.561855 4.501194 4.475945 4.466027 4.462341 4.461043 4.460609 4.460471 4.460429 4.460417 4.460413 4.460412 4.460412 4.460412 4.460412 4.460412 4.460412 4.460412 4.460412 4.460412 4.460411 4.460409 4.460401 4.460377 4.460300 4.460072 4.459428 4.457699 4.453297 4.442689 4.418539 4.366746 4.262436 4.065964 3.721802 3.165561 2.345541 1.260707 0.000000 
50.000000 39.290804 29.431669 21.070740 14.532059 9.808878 6.651400 4.693546 3.564769 2.958138 2.653458 2.510082 2.446707 2.420330 2.409969 2.406120 2.404764 2.404310 2.404166 2.404122 2.404109 2.404106 2.404105 2.404105 2.404105 2.404105 2.404105 2.404105 2.404105 2.404105 2.404104 2.404104 2.404103 2.404098 2.404082 2.404032 2.403885 2.403474 2.402377 2.399609 2.393006 2.378157 2.346773 2.284654 2.170017 1.973900 1.665213 1.222625 0.651965 0.000000 
50.000000 39.023700 28.918723 20.349412 13.647881 8.807175 5.571220 3.564769 2.408015 1.786373 1.474168 1.327256 1.262321 1.235297 1.224683 1.220739 1.219350 1.218885 1.218738 1.218693 1.218680 1.218676 1.218675 1.218675 1.218675 1.218675 1.218675 1.218675 1.218675 1.218675 1.218675 1.218674 1.218674 1.218671 1.218661 1.218632 1.218546 1.218307 1.217674 1.216089 1.212342 1.204007 1.186612 1.152681 1.091108 0.987734 0.828290 0.604290 0.320568 0.000000 
50.000000 38.880104 28.642970 19.961656 13.172616 8.268775 4.990676 2.958138 1.786373 1.156682 0.840443 0.691638 0.625868 0.598498 0.587747 0.583753 0.582347 0.581876 0.581727 0.581681 0.581668 0.581664 0.581664 0.581663 0.581663 0.581663 0.581663 0.581663 0.581663 0.581663 0.581663 0.581663 0.581663 0.581661 0.581656 0.581640 0.581594 0.581467 0.581131 0.580297 0.578341 0.574031 0.565132 0.547988 0.517302 0.466552 0.389495 0.282869 0.149523 0.000000 
50.000000 38.807955 28.504428 19.766854 12.933867 7.998330 4.699082 2.653458 1.474168 0.840443 0.522183 0.372430 0.306244 0.278700 0.267882 0.263863 0.262447 0.261974 0.261823 0.261778 0.261764 0.261761 0.261760 0.261759 0.261759 0.261759 0.261759 0.261759 0.261759 0.261759 0.261759 0.261759 0.261759 0.261758 0.261756 0.261748 0.261725 0.261662 0.261498 0.261092 0.260146 0.258078 0.253849 0.245785 0.231514 0.208195 0.173219 0.125378 0.066106 0.000000 
50.000000 38.773990 28.439209 19.675156 12.821492 7.871046 4.561855 2.510082 1.327256 0.691638 0.372430 0.222233 0.155851 0.128226 0.117376 0.113346 0.111926 0.111451 0.111300 0.111254 0.111241 0.111237 0.111236 0.111236 0.111236 0.111236 0.111236 0.111236 0.111236 0.111236 0.111236 0.111236 0.111236 0.111236 0.111234 0.111231 0.111220 0.111192 0.111117 0.110932 0.110506 0.109581 0.107704 0.104156 0.097935 0.087868 0.072915 0.052644 0.027704 0.000000 
50.000000 38.758971 28.410370 19.634612 12.771809 7.814777 4.501194 2.446707 1.262321 0.625868 0.306244 0.155851 0.089383 0.061722 0.050858 0.046823 0.045401 0.044926 0.044775 0.044729 0.044715 0.044712 0.044711 0.044711 0.044710 0.044710 0.044710 0.044710 0.044710 0.044710 0.044710 0.044710 0.044710 0.044710 0.044710 0.044708 0.044704 0.044691 0.044659 0.044581 0.044402 0.044014 0.043233 0.041766 0.039215 0.035119 0.029083 0.020957 0.011013 0.000000 
50.000000 38.752717 28.398363 19.617732 12.751126 7.791354 4.475945 2.420330 1.235297 0.598498 0.278700 0.128226 0.061722 0.034047 0.023177 0.019139 0.017717 0.017242 0.017090 0.017045 0.017031 0.017028 0.017027 0.017026 0.017026 0.017026 0.017026 0.017026 0.017026 0.017026 0.017026 0.017026 0.017026 0.017026 0.017026 0.017025 0.017023 0.017019 0.017006 0.016975 0.016904 0.016751 0.016445 0.015873 0.014886 0.013312 0.011006 0.007918 0.004157 0.000000 
50.000000 38.750259 28.393645 19.611100 12.743000 7.782152 4.466027 2.409969 1.224683 0.587747 0.267882 0.117376 0.050858 0.023177 0.012306 0.008267 0.006845 0.006369 0.006217 0.006172 0.006158 0.006155 0.006154 0.006153 0.006153 0.006153 0.006153 0.006153 0.006153 0.006153 0.006153 0.006153 0.006153 0.006153 0.006153 0.006153 0.006152 0.006150 0.006146 0.006134 0.006107 0.006050 0.005937 0.005727 0.005366 0.004792 0.003957 0.002843 0.001491 0.000000 
50.000000 38.749346 28.391891 19.608634 12.739980 7.778733 4.462341 2.406120 1.220739 0.583753 0.263863 0.113346 0.046823 0.019139 0.008267 0.004228 0.002805 0.002330 0.002178 0.002132 0.002119 0.002115 0.002114 0.002114 0.002114 0.002114 0.002114 0.002114 0.002114 0.002114 0.002114 0.002114 0.002114 0.002114 0.002114 0.002114 0.002114 0.002113 0.002111 0.002107 0.002098 0.002078 0.002038 0.001965 0.001839 0.001641 0.001354 0.000972 0.000509 0.000000 
50.000000 38.749024 28.391273 19.607766 12.738916 7.777528 4.461043 2.404764 1.219350 0.582347 0.262447 0.111926 0.045401 0.017717 0.006845 0.002805 0.001383 0.000907 0.000756 0.000710 0.000696 0.000693 0.000692 0.000692 0.000691 0.000691 0.000691 0.000691 0.000691 0.000691 0.000691 0.000691 0.000691 0.000691 0.000691 0.000691 0.000691 0.000691 0.000691 0.000689 0.000686 0.000679 0.000666 0.000642 0.000600 0.000535 0.000441 0.000316 0.000166 0.000000 
50.000000 38.748916 28.391066 19.607475 12.738560 7.777125 4.460609 2.404310 1.218885 0.581876 0.261974 0.111451 0.044926 0.017242 0.006369 0.002330 0.000907 0.000431 0.000280 0.000234 0.000221 0.000217 0.000216 0.000216 0.000216 0.000216 0.000216 0.000216 0.000216 0.000216 0.000216 0.000216 0.000216 0.000216 0.000216 0.000216 0.000216 0.000216 0.000215 0.000215 0.000214 0.000212 0.000208 0.000200 0.000187 0.000167 0.000137 0.000098 0.000051 0.000000 
50.000000 38.748882 28.391000 19.607383 12.738446 7.776997 4.460471 2.404166 1.218738 0.581727 0.261823 0.111300 0.044775 0.017090 0.006217 0.002178 0.000756 0.000280 0.000129 0.000083 0.000069 0.000066 0.000065 0.000064 0.000064 0.000064 0.000064 0.000064 0.000064 0.000064 0.000064 0.000064 0.000064 0.000064 0.000064 0.000064 0.000064 0.000064 0.000064 0.000064 0.000064 0.000063 0.000062 0.000060 0.000056 0.000050 0.000041 0.000029 0.000015 0.000000 
50.000000 38.748871 28.390980 19.607355 12.738412 7.776958 4.460429 2.404122 1.218693 0.581681 0.261778 0.111254 0.044729 0.017045 0.006172 0.002132 0.000710 0.000234 0.000083 0.000037 0.000023 0.000020 0.000019 0.000018 0.000018 0.000018 0.000018 0.000018 0.000018 0.000018 0.000018 0.000018 0.000018 0.000018 0.000018 0.000018 0.000018 0.000018 0.000018 0.000018 0.000018 0.000018 0.000018 0.000017 0.000016 0.000014 0.000012 0.000008 0.000004 0.000000 
50.000000 38.748868 28.390974 19.607346 12.738402 7.776947 4.460417 2.404109 1.218680 0.581668 0.261764 0.111241 0.044715 0.017031 0.006158 0.002119 0.000696 0.000221 0.000069 0.000023 0.000010 0.000006 0.000005 0.000005 0.000005 0.000005 0.000005 0.000005 0.000005 0.000005 0.000005 0.000005 0.000005 0.000005 0.000005 0.000005 0.000005 0.000005 0.000005 0.000005 0.000005 0.000005 0.000005 0.000005 0.000004 0.000004 0.000003 0.000002 0.000001 0.000000 
50.000000 38.748867 28.390973 19.607344 12.738399 7.776943 4.460413 2.404106 1.218676 0.581664 0.261761 0.111237 0.044712 0.017028 0.006155 0.002115 0.000693 0.000217 0.000066 0.000020 0.000006 0.000003 0.000002 0.000001 0.000001 0.000001 0.000001 0.000001 0.000001 0.000001 0.000001 0.000001 0.000001 0.000001 0.000001 0.000001 0.000001 0.000001 0.000001 0.000001 0.000001 0.000001 0.000001 0.000001 0.000001 0.000001 0.000001 0.000001 0.000000 0.000000 
50.000000 38.748867 28.390972 19.607343 12.738399 7.776943 4.460412 2.404105 1.218675 0.581664 0.261760 0.111236 0.044711 0.017027 0.006154 0.002114 0.000692 0.000216 0.000065 0.000019 0.000005 0.000002 0.000001 0.000000 0.000000 0.000000 0.000000 0.000000 0.000000 0.000000 0.000000 0.000000 0.000000 0.000000 0.000000 0.000000 0.000000 0.000000 0.000000 0.000000 0.000000 0.000000 0.000000 0.000000 0.000000 0.000000 0.000000 0.000000 0.000000 0.000000 
50.000000 38.748867 28.390972 19.607343 12.738398 7.776942 4.460412 2.404105 1.218675 0.581663 0.261759 0.111236 0.044711 0.017026 0.006153 0.002114 0.000692 0.000216 0.000064 0.000018 0.000005 0.000001 0.000000 0.000000 0.000000 0.000000 0.000000 0.000000 0.000000 0.000000 0.000000 0.000000 0.000000 0.000000 0.000000 0.000000 0.000000 0.000000 0.000000 0.000000 0.000000 0.000000 0.000000 0.000000 0.000000 0.000000 0.000000 0.000000 0.000000 0.000000 
50.000000 38.748867 28.390972 19.607343 12.738398 7.776942 4.460412 2.404105 1.218675 0.581663 0.261759 0.111236 0.044710 0.017026 0.006153 0.002114 0.000691 0.000216 0.000064 0.000018 0.000005 0.000001 0.000000 0.000000 0.000000 0.000000 0.000000 0.000000 0.000000 0.000000 0.000000 0.000000 0.000000 0.000000 0.000000 0.000000 0.000000 0.000000 0.000000 0.000000 0.000000 0.000000 0.000000 0.000000 0.000000 0.000000 0.000000 0.000000 0.000000 0.000000 
50.000000 38.748867 28.390972 19.607343 12.738398 7.776942 4.460412 2.404105 1.218675 0.581663 0.261759 0.111236 0.044710 0.017026 0.006153 0.002114 0.000691 0.000216 0.000064 0.000018 0.000005 0.000001 0.000000 0.000000 0.000000 0.000000 0.000000 0.000000 0.000000 0.000000 0.000000 0.000000 0.000000 0.000000 0.000000 0.000000 0.000000 0.000000 0.000000 0.000000 0.000000 0.000000 0.000000 0.000000 0.000000 0.000000 0.000000 0.000000 0.000000 0.000000 
50.000000 38.748867 28.390972 19.607343 12.738398 7.776942 4.460412 2.404105 1.218675 0.581663 0.261759 0.111236 0.044711 0.017026 0.006153 0.002114 0.000692 0.000216 0.000064 0.000018 0.000005 0.000001 0.000000 0.000000 0.000000 0.000000 0.000000 0.000000 0.000000 0.000000 0.000000 0.000000 0.000000 0.000000 0.000000 0.000000 0.000000 0.000000 0.000000 0.000000 0.000000 0.000000 0.000000 0.000000 0.000000 0.000000 0.000000 0.000000 0.000000 0.000000 
50.000000 38.748867 28.390972 19.607343 12.738399 7.776943 4.460412 2.404105 1.218675 0.581664 0.261760 0.111236 0.044711 0.017027 0.006154 0.002114 0.000692 0.000216 0.000065 0.000019 0.000005 0.000002 0.000001 0.000000 0.000000 0.000000 0.000000 0.000000 0.000000 0.000000 0.000000 0.000000 0.000000 0.000000 0.000000 0.000000 0.000000 0.000000 0.000000 0.000000 0.000000 0.000000 0.000000 0.000000 0.000000 0.000000 0.000000 0.000000 0.000000 0.000000 
50.000000 38.748867 28.390973 19.607344 12.738399 7.776943 4.460413 2.404106 1.218676 0.581664 0.261761 0.111237 0.044712 0.017028 0.006155 0.002115 0.000693 0.000217 0.000066 0.000020 0.000006 0.000003 0.000002 0.000001 0.000001 0.000001 0.000001 0.000001 0.000001 0.000001 0.000001 0.000001 0.000001 0.000001 0.000001 0.000001 0.000001 0.000001 0.000001 0.000001 0.000001 0.000001 0.000001 0.000001 0.000001 0.000001 0.000001 0.000001 0.000000 0.000000 
50.000000 38.748868 28.390974 19.607346 12.738402 7.776947 4.460417 2.404109 1.218680 0.581668 0.261764 0.111241 0.044715 0.017031 0.006158 0.002119 0.000696 0.000221 0.000069 0.000023 0.000010 0.000006 0.000005 0.000005 0.000005 0.000005 0.000005 0.000005 0.000005 0.000005 0.000005 0.000005 0.000005 0.000005 0.000005 0.000005 0.000005 0.000005 0.000005 0.000005 0.000005 0.000005 0.000005 0.000005 0.000004 0.000004 0.000003 0.000002 0.000001 0.000000 
50.000000 38.748871 28.390980 19.607355 12.738412 7.776958 4.460429 2.404122 1.218693 0.581681 0.261778 0.111254 0.044729 0.017045 0.006172 0.002132 0.000710 0.000234 0.000083 0.000037 0.000023 0.000020 0.000019 0.000018 0.000018 0.000018 0.000018 0.000018 0.000018 0.000018 0.000018 0.000018 0.000018 0.000018 0.000018 0.000018 0.000018 0.000018 0.000018 0.000018 0.000018 0.000018 0.000018 0.000017 0.000016 0.000014 0.000012 0.000008 0.000004 0.000000 
50.000000 38.748882 28.391000 19.607383 12.738446 7.776997 4.460471 2.404166 1.218738 0.581727 0.261823 0.111300 0.044775 0.017090 0.006217 0.002178 0.000756 0.000280 0.000129 0.000083 0.000069 0.000066 0.000065 0.000064 0.000064 0.000064 0.000064 0.000064 0.000064 0.000064 0.000064 0.000064 0.000064 0.000064 0.000064 0.000064 0.000064 0.000064 0.000064 0.000064 0.000064 0.000063 0.000062 0.000060 0.000056 0.000050 0.000041 0.000029 0.000015 0.000000 
50.000000 38.748916 28.391066 19.607475 12.738560 7.777125 4.460609 2.404310 1.218885 0.581876 0.261974 0.111451 0.044926 0.017242 0.006369 0.002330 0.000907 0.000431 0.000280 0.000234 0.000221 0.000217 0.000216 0.000216 0.000216 0.000216 0.000216 0.000216 0.000216 0.000216 0.000216 0.000216 0.000216 0.000216 0.000216 0.000216 0.000216 0.000216 0.000215 0.000215 0.000214 0.000212 0.000208 0.000200 0.000187 0.000167 0.000137 0.000098 0.000051 0.000000 
50.000000 38.749024 28.391273 19.607766 12.738916 7.777528 4.461043 2.404764 1.219350 0.582347 0.262447 0.111926 0.045401 0.017717 0.006845 0.002805 0.001383 0.000907 0.000756 0.000710 0.000696 0.000693 0.000692 0.000692 0.000691 0.000691 0.000691 0.000691 0.000691 0.000691 0.000691 0.000691 0.000691 0.000691 0.000691 0.000691 0.000691 0.000691 0.000691 0.000689 0.000686 0.000679 0.000666 0.000642 0.000600 0.000535 0.000441 0.000316 0.000166 0.000000 
50.000000 38.749346 28.391891 19.608634 12.739980 7.778733 4.462341 2.406120 1.220739 0.583753 0.263863 0.113346 0.046823 0.019139 0.008267 0.004228 0.002805 0.002330 0.002178 0.002132 0.002119 0.002115 0.002114 0.002114 0.002114 0.002114 0.002114 0.002114 0.002114 0.002114 0.002114 0.002114 0.002114 0.002114 0.002114 0.002114 0.002114 0.002113 0.002111 0.002107 0.002098 0.002078 0.002038 0.001965 0.001839 0.001641 0.001354 0.000972 0.000509 0.000000 
50.000000 38.750259 28.393645 19.611100 12.743000 7.782152 4.466027 2.409969 1.224683 0.587747 0.267882 0.117376 0.050858 0.023177 0.012306 0.008267 0.006845 0.006369 0.006217 0.006172 0.006158 0.006155 0.006154 0.006153 0.006153 0.006153 0.006153 0.006153 0.006153 0.006153 0.006153 0.006153 0.006153 0.006153 0.006153 0.006153 0.006152 0.006150 0.006146 0.006134 0.006107 0.006050 0.005937 0.005727 0.005366 0.004792 0.003957 0.002843 0.001491 0.000000 
50.000000 38.752717 28.398363 19.617732 12.751126 7.791354 4.475945 2.420330 1.235297 0.598498 0.278700 0.128226 0.061722 0.034047 0.023177 0.019139 0.017717 0.017242 0.017090 0.017045 0.017031 0.017028 0.017027 0.017026 0.017026 0.017026 0.017026 0.017026 0.017026 0.017026 0.017026 0.017026 0.017026 0.017026 0.017026 0.017025 0.017023 0.017019 0.017006 0.016975 0.016904 0.016751 0.016445 0.015873 0.014886 0.013312 0.011006 0.007918 0.004157 0.000000 
50.000000 38.758971 28.410370 19.634612 12.771809 7.814777 4.501194 2.446707 1.262321 0.625868 0.306244 0.155851 0.089383 0.061722 0.050858 0.046823 0.045401 0.044926 0.044775 0.044729 0.044715 0.044712 0.044711 0.044711 0.044710 0.044710 0.044710 0.044710 0.044710 0.044710 0.044710 0.044710 0.044710 0.044710 0.044710 0.044708 0.044704 0.044691 0.044659 0.044581 0.044402 0.044014 0.043233 0.041766 0.039215 0.035119 0.029083 0.020957 0.011013 0.000000 
50.000000 38.773990 28.439209 19.675156 12.821492 7.871046 4.561855 2.510082 1.327256 0.691638 0.372430 0.222233 0.155851 0.128226 0.117376 0.113346 0.111926 0.111451 0.111300 0.111254 0.111241 0.111237 0.111236 0.111236 0.111236 0.111236 0.111236 0.111236 0.111236 0.111236 0.111236 0.111236 0.111236 0.111236 0.111234 0.111231 0.111220 0.111192 0.111117 0.110932 0.110506 0.109581 0.107704 0.104156 0.097935 0.087868 0.072915 0.052644 0.027704 0.000000 
50.000000 38.807955 28.504428 19.766854 12.933867 7.998330 4.699082 2.653458 1.474168 0.840443 0.522183 0.372430 0.306244 0.278700 0.267882 0.263863 0.262447 0.261974 0.261823 0.261778 0.261764 0.261761 0.261760 0.261759 0.261759 0.261759 0.261759 0.261759 0.261759 0.261759 0.261759 0.261759 0.261759 0.261758 0.261756 0.261748 0.261725 0.261662 0.261498 0.261092 0.260146 0.258078 0.253849 0.245785 0.231514 0.208195 0.173219 0.125378 0.066106 0.000000 
50.000000 38.880104 28.642970 19.961656 13.172616 8.268775 4.990676 2.958138 1.786373 1.156682 0.840443 0.691638 0.625868 0.598498 0.587747 0.583753 0.582347 0.581876 0.581727 0.581681 0.581668 0.581664 0.581664 0.581663 0.581663 0.581663 0.581663 0.581663 0.581663 0.581663 0.581663 0.581663 0.581663 0.581661 0.581656 0.581640 0.581594 0.581467 0.581131 0.580297 0.578341 0.574031 0.565132 0.547988 0.517302 0.466552 0.389495 0.282869 0.149523 0.000000 
50.000000 39.023700 28.918723 20.349412 13.647881 8.807175 5.571220 3.564769 2.408015 1.786373 1.474168 1.327256 1.262321 1.235297 1.224683 1.220739 1.219350 1.218885 1.218738 1.218693 1.218680 1.218676 1.218675 1.218675 1.218675 1.218675 1.218675 1.218675 1.218675 1.218675 1.218675 1.218674 1.218674 1.218671 1.218661 1.218632 1.218546 1.218307 1.217674 1.216089 1.212342 1.204007 1.186612 1.152681 1.091108 0.987734 0.828290 0.604290 0.320568 0.000000 
50.000000 39.290804 29.431669 21.070740 14.532059 9.808878 6.651400 4.693546 3.564769 2.958138 2.653458 2.510082 2.446707 2.420330 2.409969 2.406120 2.404764 2.404310 2.404166 2.404122 2.404109 2.404106 2.404105 2.404105 2.404105 2.404105 2.404105 2.404105 2.404105 2.404105 2.404104 2.404104 2.404103 2.404098 2.404082 2.404032 2.403885 2.403474 2.402377 2.399609 2.393006 2.378157 2.346773 2.284654 2.170017 1.973900 1.665213 1.222625 0.651965 0.000000 
50.000000 39.753949 30.321121 22.321592 16.065401 11.546139 8.524872 6.651400 5.571220 4.990676 4.699082 4.561855 4.501194 4.475945 4.466027 4.462341 4.461043 4.460609 4.460471 4.460429 4.460417 4.460413 4.460412 4.460412 4.460412 4.460412 4.460412 4.460412 4.460412 4.460412 4.460412 4.460411 4.460409 4.460401 4.460377 4.460300 4.460072 4.459428 4.457699 4.453297 4.442689 4.418539 4.366746 4.262436 4.065964 3.721802 3.165561 2.345541 1.260707 0.000000 
50.000000 40.500667 31.755208 24.338464 18.537891 14.347600 11.546139 9.808878 8.807175 8.268775 7.998330 7.871046 7.814777 7.791354 7.782152 7.778733 7.777528 7.777125 7.776997 7.776958 7.776947 7.776943 7.776943 7.776942 7.776942 7.776942 7.776942 7.776942 7.776942 7.776942 7.776942 7.776941 7.776938 7.776928 7.776893 7.776787 7.776468 7.775562 7.773112 7.766816 7.751473 7.716067 7.638861 7.480175 7.173800 6.620929 5.695708 4.277906 2.328894 0.000000 
50.000000 41.617397 33.899963 27.354922 22.235946 18.537891 16.065401 14.532059 13.647881 13.172616 12.933867 12.821492 12.771809 12.751126 12.743000 12.739980 12.738916 12.738560 12.738446 12.738412 12.738402 12.738399 12.738399 12.738398 12.738398 12.738398 12.738398 12.738398 12.738398 12.738398 12.738398 12.738397 12.738393 12.738380 12.738339 12.738208 12.737814 12.736689 12.733624 12.725672 12.706064 12.660147 12.558159 12.343599 11.916962 11.117973 9.718021 7.452148 4.146976 0.000000 
50.000000 43.163073 36.868602 31.530249 27.354922 24.338464 22.321592 21.070740 20.349412 19.961656 19.766854 19.675156 19.634612 19.617732 19.611100 19.608634 19.607766 19.607475 19.607383 19.607355 19.607346 19.607344 19.607343 19.607343 19.607343 19.607343 19.607343 19.607343 19.607343 19.607343 19.607343 19.607342 19.607338 19.607325 19.607281 19.607143 19.606726 19.605529 19.602241 19.593634 19.572162 19.521122 19.405527 19.156031 18.642756 17.636901 15.765125 12.489573 7.235807 0.000000 
50.000000 45.139214 40.664055 36.868602 33.899963 31.755208 30.321121 29.431669 28.918723 28.642970 28.504428 28.439209 28.410370 28.398363 28.393645 28.391891 28.391273 28.391066 28.391000 28.390980 28.390974 28.390973 28.390972 28.390972 28.390972 28.390972 28.390972 28.390972 28.390972 28.390972 28.390972 28.390971 28.390967 28.390956 28.390919 28.390801 28.390444 28.389413 28.386565 28.379049 28.360101 28.314433 28.209043 27.975580 27.477302 26.447815 24.379029 20.332028 12.737144 0.000000 
50.000000 47.469225 45.139214 43.163073 41.617397 40.500667 39.753949 39.290804 39.023700 38.880104 38.807955 38.773990 38.758971 38.752717 38.750259 38.749346 38.749024 38.748916 38.748882 38.748871 38.748868 38.748867 38.748867 38.748867 38.748867 38.748867 38.748867 38.748867 38.748867 38.748867 38.748867 38.748866 38.748865 38.748858 38.748836 38.748768 38.748560 38.747958 38.746286 38.741850 38.730580 38.703133 38.638839 38.493242 38.171773 37.470421 35.927266 32.402070 23.734612 0.000000 
50.000000 50.000000 50.000000 50.000000 50.000000 50.000000 50.000000 50.000000 50.000000 50.000000 50.000000 50.000000 50.000000 50.000000 50.000000 50.000000 50.000000 50.000000 50.000000 50.000000 50.000000 50.000000 50.000000 50.000000 50.000000 50.000000 50.000000 50.000000 50.000000 50.000000 50.000000 50.000000 50.000000 50.000000 50.000000 50.000000 50.000000 50.000000 50.000000 50.000000 50.000000 50.000000 50.000000 50.000000 50.000000 50.000000 50.000000 50.000000 50.000000 50.000000 
