50.000000 50.000000 50.000000 50.000000 50.000000 50.000000 50.000000 50.000000 50.000000 50.000000 50.000000 50.000000 50.000000 50.000000 50.000000 50.000000 50.000000 50.000000 50.000000 50.000000 50.000000 50.000000 50.000000 50.000000 50.000000 50.000000 50.000000 50.000000 50.000000 50.000000 50.000000 50.000000 50.000000 50.000000 50.000000 50.000000 50.000000 50.000000 50.000000 50.000000 50.000000 50.000000 50.000000 50.000000 50.000000 50.000000 50.000000 50.000000 50.000000 50.000000 
50.000000 47.924443 45.983991 44.287415 42.899359 41.835748 41.071598 40.556180 40.229326 40.034143 39.924209 39.865708 39.836247 39.822181 39.815805 39.813055 39.811926 39.811483 39.811317 39.811258 39.811238 39.811231 39.811229 39.811228 39.811228 39.811228 39.811228 39.811228 39.811228 39.811227 39.811226 39.811223 39.811213 39.811182 39.811095 39.810858 39.810236 39.808662 39.804833 39.795865 39.775601 39.731334 39.637473 39.443123 39.046427 38.236679 36.547954 32.840864 23.962222 0.000000 
50.000000 45.983991 42.229409 38.946721 36.261009 34.203082 32.724587 31.727361 31.094979 30.717356 30.504669 30.391493 30.334498 30.307288 30.294953 30.289634 30.287449 30.286593 30.286273 30.286158 30.286118 30.286105 30.286101 30.286100 30.286100 30.286099 30.286099 30.286099 30.286099 30.286099 30.286097 30.286091 30.286072 30.286018 30.285864 30.285445 30.284348 30.281582 30.274883 30.259277 30.224275 30.148590 29.990436 29.669983 29.037491 27.814628 25.486164 21.114704 13.143128 0.000000 
50.000000 44.287415 38.946721 34.277316 30.457120 27.529948 25.426998 24.008622 23.109197 22.572128 22.269649 22.108698 22.027647 21.988954 21.971414 21.963852 21.960745 21.959528 21.959072 21.958909 21.958853 21.958834 21.958829 21.958827 21.958826 21.958826 21.958826 21.958826 21.958826 21.958825 21.958823 21.958815 21.958792 21.958726 21.958537 21.958025 21.956687 21.953334 21.945261 21.926604 21.885193 21.796879 21.615778 21.258304 20.578458 19.332638 17.138658 13.460558 7.739461 0.000000 
50.000000 42.899359 36.261009 30.457120 25.708844 22.070623 19.456910 17.694096 16.576294 15.908855 15.532967 15.332964 15.232253 15.184177 15.162384 15.152989 15.149130 15.147618 15.147052 15.146849 15.146779 15.146756 15.146749 15.146747 15.146746 15.146746 15.146746 15.146746 15.146746 15.146745 15.146743 15.146735 15.146712 15.146644 15.146454 15.145938 15.144599 15.141261 15.133285 15.115023 15.074967 14.990835 14.821706 14.496499 13.899209 12.854422 11.124482 8.446381 4.662679 0.000000 
50.000000 41.835748 34.203082 27.529948 22.070623 17.887684 14.882730 12.856115 11.571086 10.803829 10.371746 10.141855 10.026099 9.970845 9.945800 9.935003 9.930569 9.928832 9.928181 9.927948 9.927868 9.927842 9.927834 9.927831 9.927830 9.927830 9.927830 9.927830 9.927830 9.927829 9.927827 9.927820 9.927800 9.927740 9.927572 9.927121 9.925954 9.923066 9.916220 9.900698 9.867062 9.797482 9.660255 9.402685 8.943842 8.171414 6.951489 5.165591 2.789321 0.000000 
50.000000 41.071598 32.724587 25.426998 19.456910 14.882730 11.596811 9.380778 7.975699 7.136798 6.664391 6.413058 6.286512 6.226111 6.198735 6.186934 6.182088 6.180189 6.179478 6.179223 6.179136 6.179107 6.179098 6.179095 6.179095 6.179094 6.179094 6.179094 6.179094 6.179093 6.179092 6.179086 6.179070 6.179023 6.178891 6.178538 6.177629 6.175396 6.170145 6.158352 6.133098 6.081599 5.981791 5.798405 5.480045 4.960411 4.168694 3.054604 1.628475 0.000000 
50.000000 40.556180 31.727361 24.008622 17.694096 12.856115 9.380778 7.037074 5.551094 4.663926 4.164358 3.898587 3.764778 3.700914 3.671970 3.659493 3.654370 3.652362 3.651611 3.651342 3.651249 3.651219 3.651209 3.651207 3.651206 3.651205 3.651205 3.651205 3.651205 3.651205 3.651204 3.651200 3.651188 3.651154 3.651060 3.650809 3.650166 3.648597 3.644936 3.636790 3.619536 3.584807 3.518537 3.398987 3.195860 2.872391 2.392844 1.736925 0.918707 0.000000 
50.000000 40.229326 31.094979 23.109197 16.576294 11.571086 7.975699 5.551094 4.013864 3.096127 2.579364 2.304455 2.166050 2.099995 2.070059 2.057156 2.051858 2.049782 2.049005 2.048727 2.048631 2.048600 2.048590 2.048587 2.048586 2.048586 2.048585 2.048585 2.048585 2.048585 2.048584 2.048582 2.048574 2.048552 2.048490 2.048326 2.047909 2.046896 2.044550 2.039375 2.028523 2.006932 1.966287 1.894100 1.773604 1.585460 1.312318 0.946389 0.497992 0.000000 
50.000000 40.034143 30.717356 22.572128 15.908855 10.803829 7.136798 4.663926 3.096127 2.160162 1.633149 1.352794 1.211653 1.144293 1.113768 1.100610 1.095208 1.093092 1.092299 1.092016 1.091918 1.091886 1.091876 1.091873 1.091872 1.091872 1.091872 1.091872 1.091872 1.091872 1.091871 1.091869 1.091865 1.091851 1.091814 1.091714 1.091464 1.090858 1.089466 1.086417 1.080081 1.067604 1.044390 1.003700 0.936767 0.833889 0.686936 0.493080 0.258542 0.000000 
50.000000 39.924209 30.504669 22.269649 15.532967 10.371746 6.664391 4.164358 2.579364 1.633149 1.100373 0.816959 0.674281 0.606189 0.575332 0.562032 0.556572 0.554432 0.553632 0.553345 0.553247 0.553214 0.553204 0.553201 0.553200 0.553200 0.553200 0.553199 0.553199 0.553199 0.553199 0.553198 0.553195 0.553188 0.553167 0.553111 0.552970 0.552633 0.551862 0.550187 0.546732 0.539989 0.527568 0.506039 0.471048 0.417944 0.343045 0.245392 0.128344 0.000000 
50.000000 39.865708 30.391493 22.108698 15.332964 10.141855 6.413058 3.898587 2.304455 1.352794 0.816959 0.531921 0.388427 0.319947 0.288915 0.275539 0.270048 0.267897 0.267091 0.266803 0.266704 0.266671 0.266661 0.266658 0.266657 0.266657 0.266657 0.266657 0.266657 0.266657 0.266656 0.266656 0.266655 0.266650 0.266639 0.266610 0.266536 0.266361 0.265961 0.265097 0.263329 0.259905 0.253651 0.242913 0.225635 0.199679 0.163437 0.116610 0.060875 0.000000 
50.000000 39.836247 30.334498 22.027647 15.232253 10.026099 6.286512 3.764778 2.166050 1.211653 0.674281 0.388427 0.244523 0.175848 0.144728 0.131315 0.125808 0.123650 0.122843 0.122554 0.122455 0.122422 0.122411 0.122408 0.122407 0.122407 0.122407 0.122407 0.122407 0.122407 0.122407 0.122407 0.122406 0.122404 0.122398 0.122384 0.122348 0.122261 0.122066 0.121647 0.120795 0.119154 0.116181 0.111116 0.103033 0.090992 0.074313 0.052916 0.027585 0.000000 
50.000000 39.822181 30.307288 21.988954 15.184177 9.970845 6.226111 3.700914 2.099995 1.144293 0.606189 0.319947 0.175848 0.107081 0.075918 0.062488 0.056973 0.054813 0.054004 0.053715 0.053615 0.053583 0.053572 0.053569 0.053568 0.053568 0.053568 0.053568 0.053568 0.053568 0.053568 0.053568 0.053567 0.053566 0.053564 0.053557 0.053540 0.053500 0.053411 0.053218 0.052830 0.052086 0.050747 0.048482 0.044891 0.039578 0.032267 0.022940 0.011946 0.000000 
50.000000 39.815805 30.294953 21.971414 15.162384 9.945800 6.198735 3.671970 2.070059 1.113768 0.575332 0.288915 0.144728 0.075918 0.044737 0.031298 0.025781 0.023619 0.022810 0.022520 0.022421 0.022388 0.022378 0.022375 0.022374 0.022374 0.022373 0.022373 0.022373 0.022373 0.022373 0.022373 0.022373 0.022373 0.022372 0.022369 0.022361 0.022344 0.022305 0.022221 0.022053 0.021734 0.021161 0.020198 0.018679 0.016446 0.013389 0.009507 0.004947 0.000000 
50.000000 39.813055 30.289634 21.963852 15.152989 9.935003 6.186934 3.659493 2.057156 1.100610 0.562032 0.275539 0.131315 0.062488 0.031298 0.017856 0.012337 0.010175 0.009366 0.009076 0.008976 0.008944 0.008933 0.008930 0.008929 0.008929 0.008929 0.008929 0.008929 0.008929 0.008929 0.008929 0.008929 0.008928 0.008928 0.008927 0.008924 0.008916 0.008900 0.008866 0.008797 0.008666 0.008433 0.008043 0.007431 0.006535 0.005314 0.003770 0.001960 0.000000 
50.000000 39.811926 30.287449 21.960745 15.149130 9.930569 6.182088 3.654370 2.051858 1.095208 0.556572 0.270048 0.125808 0.056973 0.025781 0.012337 0.006817 0.004655 0.003846 0.003556 0.003456 0.003423 0.003413 0.003410 0.003409 0.003409 0.003409 0.003409 0.003409 0.003409 0.003409 0.003409 0.003409 0.003409 0.003408 0.003408 0.003407 0.003404 0.003397 0.003384 0.003357 0.003306 0.003216 0.003065 0.002829 0.002486 0.002020 0.001431 0.000744 0.000000 
50.000000 39.811483 30.286593 21.959528 15.147618 9.928832 6.180189 3.652362 2.049782 1.093092 0.554432 0.267897 0.123650 0.054813 0.023619 0.010175 0.004655 0.002493 0.001683 0.001393 0.001294 0.001261 0.001251 0.001248 0.001247 0.001246 0.001246 0.001246 0.001246 0.001246 0.001246 0.001246 0.001246 0.001246 0.001246 0.001246 0.001246 0.001244 0.001242 0.001237 0.001227 0.001208 0.001174 0.001119 0.001032 0.000906 0.000736 0.000521 0.000271 0.000000 
50.000000 39.811317 30.286273 21.959072 15.147052 9.928181 6.179478 3.651611 2.049005 1.092299 0.553632 0.267091 0.122843 0.054004 0.022810 0.009366 0.003846 0.001683 0.000874 0.000584 0.000484 0.000452 0.000441 0.000438 0.000437 0.000437 0.000437 0.000437 0.000437 0.000437 0.000437 0.000437 0.000437 0.000437 0.000437 0.000437 0.000437 0.000436 0.000435 0.000434 0.000430 0.000423 0.000411 0.000392 0.000361 0.000317 0.000257 0.000182 0.000094 0.000000 
50.000000 39.811258 30.286158 21.958909 15.146849 9.927948 6.179223 3.651342 2.048727 1.092016 0.553345 0.266803 0.122554 0.053715 0.022520 0.009076 0.003556 0.001393 0.000584 0.000294 0.000195 0.000162 0.000151 0.000148 0.000147 0.000147 0.000147 0.000147 0.000147 0.000147 0.000147 0.000147 0.000147 0.000147 0.000147 0.000147 0.000147 0.000147 0.000146 0.000146 0.000145 0.000142 0.000138 0.000132 0.000121 0.000106 0.000086 0.000061 0.000032 0.000000 
50.000000 39.811238 30.286118 21.958853 15.146779 9.927868 6.179136 3.651249 2.048631 1.091918 0.553247 0.266704 0.122455 0.053615 0.022421 0.008976 0.003456 0.001294 0.000484 0.000195 0.000095 0.000062 0.000052 0.000049 0.000048 0.000048 0.000048 0.000048 0.000048 0.000048 0.000048 0.000048 0.000048 0.000048 0.000048 0.000048 0.000048 0.000047 0.000047 0.000047 0.000047 0.000046 0.000045 0.000043 0.000039 0.000034 0.000028 0.000020 0.000010 0.000000 
50.000000 39.811231 30.286105 21.958834 15.146756 9.927842 6.179107 3.651219 2.048600 1.091886 0.553214 0.266671 0.122422 0.053583 0.022388 0.008944 0.003423 0.001261 0.000452 0.000162 0.000062 0.000030 0.000019 0.000016 0.000015 0.000015 0.000015 0.000015 0.000015 0.000015 0.000015 0.000015 0.000015 0.000015 0.000015 0.000015 0.000015 0.000015 0.000015 0.000015 0.000015 0.000014 0.000014 0.000013 0.000012 0.000011 0.000009 0.000006 0.000003 0.000000 
50.000000 39.811229 30.286101 21.958829 15.146749 9.927834 6.179098 3.651209 2.048590 1.091876 0.553204 0.266661 0.122412 0.053572 0.022378 0.008933 0.003413 0.001251 0.000441 0.000151 0.000052 0.000019 0.000009 0.000006 0.000005 0.000005 0.000004 0.000004 0.000004 0.000004 0.000004 0.000004 0.000004 0.000004 0.000004 0.000004 0.000004 0.000004 0.000004 0.000004 0.000004 0.000004 0.000004 0.000004 0.000004 0.000003 0.000003 0.000002 0.000001 0.000000 
50.000000 39.811228 30.286100 21.958827 15.146747 9.927831 6.179095 3.651207 2.048587 1.091873 0.553201 0.266658 0.122408 0.053569 0.022375 0.008930 0.003410 0.001248 0.000438 0.000148 0.000049 0.000016 0.000006 0.000003 0.000002 0.000001 0.000001 0.000001 0.000001 0.000001 0.000001 0.000001 0.000001 0.000001 0.000001 0.000001 0.000001 0.000001 0.000001 0.000001 0.000001 0.000001 0.000001 0.000001 0.000001 0.000001 0.000001 0.000001 0.000000 0.000000 
50.000000 39.811228 30.286100 21.958826 15.146746 9.927830 6.179095 3.651206 2.048586 1.091872 0.553200 0.266657 0.122408 0.053568 0.022374 0.008929 0.003409 0.001247 0.000437 0.000147 0.000048 0.000015 0.000005 0.000002 0.000001 0.000001 0.000000 0.000000 0.000000 0.000000 0.000000 0.000000 0.000000 0.000000 0.000000 0.000000 0.000000 0.000000 0.000000 0.000000 0.000000 0.000000 0.000000 0.000000 0.000000 0.000000 0.000000 0.000000 0.000000 0.000000 
50.000000 39.811228 30.286100 21.958826 15.146746 9.927830 6.179095 3.651206 2.048586 1.091872 0.553200 0.266657 0.122408 0.053568 0.022374 0.008929 0.003409 0.001247 0.000437 0.000147 0.000048 0.000015 0.000005 0.000002 0.000001 0.000001 0.000000 0.000000 0.000000 0.000000 0.000000 0.000000 0.000000 0.000000 0.000000 0.000000 0.000000 0.000000 0.000000 0.000000 0.000000 0.000000 0.000000 0.000000 0.000000 0.000000 0.000000 0.000000 0.000000 0.000000 
50.000000 39.811228 30.286100 21.958827 15.146747 9.927831 6.179095 3.651207 2.048587 1.091873 0.553201 0.266658 0.122408 0.053569 0.022375 0.008930 0.003410 0.001248 0.000438 0.000148 0.000049 0.000016 0.000006 0.000003 0.000002 0.000001 0.000001 0.000001 0.000001 0.000001 0.000001 0.000001 0.000001 0.000001 0.000001 0.000001 0.000001 0.000001 0.000001 0.000001 0.000001 0.000001 0.000001 0.000001 0.000001 0.000001 0.000001 0.000001 0.000000 0.000000 
50.000000 39.811229 30.286101 21.958829 15.146749 9.927834 6.179098 3.651209 2.048590 1.091876 0.553204 0.266661 0.122412 0.053572 0.022378 0.008933 0.003413 0.001251 0.000441 0.000151 0.000052 0.000019 0.000009 0.000006 0.000005 0.000005 0.000004 0.000004 0.000004 0.000004 0.000004 0.000004 0.000004 0.000004 0.000004 0.000004 0.000004 0.000004 0.000004 0.000004 0.000004 0.000004 0.000004 0.000004 0.000004 0.000003 0.000003 0.000002 0.000001 0.000000 
50.000000 39.811231 30.286105 21.958834 15.146756 9.927842 6.179107 3.651219 2.048600 1.091886 0.553214 0.266671 0.122422 0.053583 0.022388 0.008944 0.003423 0.001261 0.000452 0.000162 0.000062 0.000030 0.000019 0.000016 0.000015 0.000015 0.000015 0.000015 0.000015 0.000015 0.000015 0.000015 0.000015 0.000015 0.000015 0.000015 0.000015 0.000015 0.000015 0.000015 0.000015 0.000014 0.000014 0.000013 0.000012 0.000011 0.000009 0.000006 0.000003 0.000000 
50.000000 39.811238 30.286118 21.958853 15.146779 9.927868 6.179136 3.651249 2.048631 1.091918 0.553247 0.266704 0.122455 0.053615 0.022421 0.008976 0.003456 0.001294 0.000484 0.000195 0.000095 0.000062 0.000052 0.000049 0.000048 0.000048 0.000048 0.000048 0.000048 0.000048 0.000048 0.000048 0.000048 0.000048 0.000048 0.000048 0.000048 0.000047 0.000047 0.000047 0.000047 0.000046 0.000045 0.000043 0.000039 0.000034 0.000028 0.000020 0.000010 0.000000 
50.000000 39.811258 30.286158 21.958909 15.146849 9.927948 6.179223 3.651342 2.048727 1.092016 0.553345 0.266803 0.122554 0.053715 0.022520 0.009076 0.003556 0.001393 0.000584 0.000294 0.000195 0.000162 0.000151 0.000148 0.000147 0.000147 0.000147 0.000147 0.000147 0.000147 0.000147 0.000147 0.000147 0.000147 0.000147 0.000147 0.000147 0.000147 0.000146 0.000146 0.000145 0.000142 0.000138 0.000132 0.000121 0.000106 0.000086 0.000061 0.000032 0.000000 
50.000000 39.811317 30.286273 21.959072 15.147052 9.928181 6.179478 3.651611 2.049005 1.092299 0.553632 0.267091 0.122843 0.054004 0.022810 0.009366 0.003846 0.001683 0.000874 0.000584 0.000484 0.000452 0.000441 0.000438 0.000437 0.000437 0.000437 0.000437 0.000437 0.000437 0.000437 0.000437 0.000437 0.000437 0.000437 0.000437 0.000437 0.000436 0.000435 0.000434 0.000430 0.000423 0.000411 0.000392 0.000361 0.000317 0.000257 0.000182 0.000094 0.000000 
50.000000 39.811483 30.286593 21.959528 15.147618 9.928832 6.180189 3.652362 2.049782 1.093092 0.554432 0.267897 0.123650 0.054813 0.023619 0.010175 0.004655 0.002493 0.001683 0.001393 0.001294 0.001261 0.001251 0.001248 0.001247 0.001246 0.001246 0.001246 0.001246 0.001246 0.001246 0.001246 0.001246 0.001246 0.001246 0.001246 0.001246 0.001244 0.001242 0.001237 0.001227 0.001208 0.001174 0.001119 0.001032 0.000906 0.000736 0.000521 0.000271 0.000000 
50.000000 39.811926 30.287449 21.960745 15.149130 9.930569 6.182088 3.654370 2.051858 1.095208 0.556572 0.270048 0.125808 0.056973 0.025781 0.012337 0.006817 0.004655 0.003846 0.003556 0.003456 0.003423 0.003413 0.003410 0.003409 0.003409 0.003409 0.003409 0.003409 0.003409 0.003409 0.003409 0.003409 0.003409 0.003408 0.003408 0.003407 0.003404 0.003397 0.003384 0.003357 0.003306 0.003216 0.003065 0.002829 0.002486 0.002020 0.001431 0.000744 0.000000 
50.000000 39.813055 30.289634 21.963852 15.152989 9.935003 6.186934 3.659493 2.057156 1.100610 0.562032 0.275539 0.131315 0.062488 0.031298 0.017856 0.012337 0.010175 0.009366 0.009076 0.008976 0.008944 0.008933 0.008930 0.008929 0.008929 0.008929 0.008929 0.008929 0.008929 0.008929 0.008929 0.008929 0.008928 0.008928 0.008927 0.008924 0.008916 0.008900 0.008866 0.008797 0.008666 0.008433 0.008043 0.007431 0.006535 0.005314 0.003770 0.001960 0.000000 
50.000000 39.815805 30.294953 21.971414 15.162384 9.945800 6.198735 3.671970 2.070059 1.113768 0.575332 0.288915 0.144728 0.075918 0.044737 0.031298 0.025781 0.023619 0.022810 0.022520 0.022421 0.022388 0.022378 0.022375 0.022374 0.022374 0.022373 0.022373 0.022373 0.022373 0.022373 0.022373 0.022373 0.022373 0.022372 0.022369 0.022361 0.022344 0.022305 0.022221 0.022053 0.021734 0.021161 0.020198 0.018679 0.016446 0.013389 0.009507 0.004947 0.000000 
50.000000 39.822181 30.307288 21.988954 15.184177 9.970845 6.226111 3.700914 2.099995 1.144293 0.606189 0.319947 0.175848 0.107081 0.075918 0.062488 0.056973 0.054813 0.054004 0.053715 0.053615 0.053583 0.053572 0.053569 0.053568 0.053568 0.053568 0.053568 0.053568 0.053568 0.053568 0.053568 0.053567 0.053566 0.053564 0.053557 0.053540 0.053500 0.053411 0.053218 0.052830 0.052086 0.050747 0.048482 0.044891 0.039578 0.032267 0.022940 0.011946 0.000000 
50.000000 39.836247 30.334498 22.027647 15.232253 10.026099 6.286512 3.764778 2.166050 1.211653 0.674281 0.388427 0.244523 0.175848 0.144728 0.131315 0.125808 0.123650 0.122843 0.122554 0.122455 0.122422 0.122411 0.122408 0.122407 0.122407 0.122407 0.122407 0.122407 0.122407 0.122407 0.122407 0.122406 0.122404 0.122398 0.122384 0.122348 0.122261 0.122066 0.121647 0.120795 0.119154 0.116181 0.111116 0.103033 0.090992 0.074313 0.052916 0.027585 0.000000 
50.000000 39.865708 30.391493 22.108698 15.332964 10.141855 6.413058 3.898587 2.304455 1.352794 0.816959 0.531921 0.388427 0.319947 0.288915 0.275539 0.270048 0.267897 0.267091 0.266803 0.266704 0.266671 0.266661 0.266658 0.266657 0.266657 0.266657 0.266657 0.266657 0.266657 0.266656 0.266656 0.266655 0.266650 0.266639 0.266610 0.266536 0.266361 0.265961 0.265097 0.263329 0.259905 0.253651 0.242913 0.225635 0.199679 0.163437 0.116610 0.060875 0.000000 
50.000000 39.924209 30.504669 22.269649 15.532967 10.371746 6.664391 4.164358 2.579364 1.633149 1.100373 0.816959 0.674281 0.606189 0.575332 0.562032 0.556572 0.554432 0.553632 0.553345 0.553247 0.553214 0.553204 0.553201 0.553200 0.553200 0.553200 0.553199 0.553199 0.553199 0.553199 0.553198 0.553195 0.553188 0.553167 0.553111 0.552970 0.552633 0.551862 0.550187 0.546732 0.539989 0.527568 0.506039 0.471048 0.417944 0.343045 0.245392 0.128344 0.000000 
50.000000 40.034143 30.717356 22.572128 15.908855 10.803829 7.136798 4.663926 3.096127 2.160162 1.633149 1.352794 1.211653 1.144293 1.113768 1.100610 1.095208 1.093092 1.092299 1.092016 1.091918 1.091886 1.091876 1.091873 1.091872 1.091872 1.091872 1.091872 1.091872 1.091872 1.091871 1.091869 1.091865 1.091851 1.091814 1.091714 1.091464 1.090858 1.089466 1.086417 1.080081 1.067604 1.044390 1.003700 0.936767 0.833889 0.686936 0.493080 0.258542 0.000000 
50.000000 40.229326 31.094979 23.109197 16.576294 11.571086 7.975699 5.551094 4.013864 3.096127 2.579364 2.304455 2.166050 2.099995 2.070059 2.057156 2.051858 2.049782 2.049005 2.048727 2.048631 2.048600 2.048590 2.048587 2.048586 2.048586 2.048585 2.048585 2.048585 2.048585 2.048584 2.048582 2.048574 2.048552 2.048490 2.048326 2.047909 2.046896 2.044550 2.039375 2.028523 2.006932 1.966287 1.894100 1.773604 1.585460 1.312318 0.946389 0.497992 0.000000 
50.000000 40.556180 31.727361 24.008622 17.694096 12.856115 9.380778 7.037074 5.551094 4.663926 4.164358 3.898587 3.764778 3.700914 3.671970 3.659493 3.654370 3.652362 3.651611 3.651342 3.651249 3.651219 3.651209 3.651207 3.651206 3.651205 3.651205 3.651205 3.651205 3.651205 3.651204 3.651200 3.651188 3.651154 3.651060 3.650809 3.650166 3.648597 3.644936 3.636790 3.619536 3.584807 3.518537 3.398987 3.195860 2.872391 2.392844 1.736925 0.918707 0.000000 
50.000000 41.071598 32.724587 25.426998 19.456910 14.882730 11.596811 9.380778 7.975699 7.136798 6.664391 6.413058 6.286512 6.226111 6.198735 6.186934 6.182088 6.180189 6.179478 6.179223 6.179136 6.179107 6.179098 6.179095 6.179095 6.179094 6.179094 6.179094 6.179094 6.179093 6.179092 6.179086 6.179070 6.179023 6.178891 6.178538 6.177629 6.175396 6.170145 6.158352 6.133098 6.081599 5.981791 5.798405 5.480045 4.960411 4.168694 3.054604 1.628475 0.000000 
50.000000 41.835748 34.203082 27.529948 22.070623 17.887684 14.882730 12.856115 11.571086 10.803829 10.371746 10.141855 10.026099 9.970845 9.945800 9.935003 9.930569 9.928832 9.928181 9.927948 9.927868 9.927842 9.927834 9.927831 9.927830 9.927830 9.927830 9.927830 9.927830 9.927829 9.927827 9.927820 9.927800 9.927740 9.927572 9.927121 9.925954 9.923066 9.916220 9.900698 9.867062 9.797482 9.660255 9.402685 8.943842 8.171414 6.951489 5.165591 2.789321 0.000000 
50.000000 42.899359 36.261009 30.457120 25.708844 22.070623 19.456910 17.694096 16.576294 15.908855 15.532967 15.332964 15.232253 15.184177 15.162384 15.152989 15.149130 15.147618 15.147052 15.146849 15.146779 15.146756 15.146749 15.146747 15.146746 15.146746 15.146746 15.146746 15.146746 15.146745 15.146743 15.146735 15.146712 15.146644 15.146454 15.145938 15.144599 15.141261 15.133285 15.115023 15.074967 14.990835 14.821706 14.496499 13.899209 12.854422 11.124482 8.446381 4.662679 0.000000 
50.000000 44.287415 38.946721 34.277316 30.457120 27.529948 25.426998 24.008622 23.109197 22.572128 22.269649 22.108698 22.027647 21.988954 21.971414 21.963852 21.960745 21.959528 21.959072 21.958909 21.958853 21.958834 21.958829 21.958827 21.958826 21.958826 21.958826 21.958826 21.958826 21.958825 21.958823 21.958815 21.958792 21.958726 21.958537 21.958025 21.956687 21.953334 21.945261 21.926604 21.885193 21.796879 21.615778 21.258304 20.578458 19.332638 17.138658 13.460558 7.739461 0.000000 
50.000000 45.983991 42.229409 38.946721 36.261009 34.203082 32.724587 31.727361 31.094979 30.717356 30.504669 30.391493 30.334498 30.307288 30.294953 30.289634 30.287449 30.286593 30.286273 30.286158 30.286118 30.286105 30.286101 30.286100 30.286100 30.286099 30.286099 30.286099 30.286099 30.286099 30.286097 30.286091 30.286072 30.286018 30.285864 30.285445 30.284348 30.281582 30.274883 30.259277 30.224275 30.148590 29.990436 29.669983 29.037491 27.814628 25.486164 21.114704 13.143128 0.000000 
50.000000 47.924443 45.983991 44.287415 42.899359 41.835748 41.071598 40.556180 40.229326 40.034143 39.924209 39.865708 39.836247 39.822181 39.815805 39.813055 39.811926 39.811483 39.811317 39.811258 39.811238 39.811231 39.811229 39.811228 39.811228 39.811228 39.811228 39.811228 39.811228 39.811227 39.811226 39.811223 39.811213 39.811182 39.811095 39.810858 39.810236 39.808662 39.804833 39.795865 39.775601 39.731334 39.637473 39.443123 39.046427 38.236679 36.547954 32.840864 23.962222 0.000000 
50.000000 50.000000 50.000000 50.000000 50.000000 50.000000 50.000000 50.000000 50.000000 50.000000 50.000000 50.000000 50.000000 50.000000 50.000000 50.000000 50.000000 50.000000 50.000000 50.000000 50.000000 50.000000 50.000000 50.000000 50.000000 50.000000 50.000000 50.000000 50.000000 50.000000 50.000000 50.000000 50.000000 50.000000 50.000000 50.000000 50.000000 50.000000 50.000000 50.000000 50.000000 50.000000 50.000000 50.000000 50.000000 50.000000 50.000000 50.000000 50.000000 50.000000 
