50.000000 50.000000 50.000000 50.000000 50.000000 50.000000 50.000000 50.000000 50.000000 50.000000 50.000000 50.000000 50.000000 50.000000 50.000000 50.000000 50.000000 50.000000 50.000000 50.000000 50.000000 50.000000 50.000000 50.000000 50.000000 50.000000 50.000000 50.000000 50.000000 50.000000 50.000000 50.000000 50.000000 50.000000 50.000000 50.000000 50.000000 50.000000 50.000000 50.000000 50.000000 50.000000 50.000000 50.000000 50.000000 50.000000 50.000000 50.000000 50.000000 50.000000 
50.000000 48.978890 47.990512 47.064453 46.224513 45.486955 44.859854 44.343503 43.931691 43.613493 43.375236 43.202312 43.080622 42.997563 42.942562 42.907213 42.885156 42.871788 42.863917 42.859413 42.856906 42.855549 42.854833 42.854466 42.854280 42.854186 42.854132 42.854088 42.854026 42.853912 42.853686 42.853243 42.852384 42.850756 42.847730 42.842226 42.832404 42.815201 42.785579 42.735333 42.651141 42.511262 42.279618 41.894398 41.244082 40.111767 38.031090 33.869710 24.489445 0.000000 
50.000000 47.990512 46.045440 44.223009 42.570056 41.118589 39.884495 38.868353 38.057936 37.431747 36.962880 36.622581 36.383106 36.219656 36.111419 36.041856 35.998451 35.972146 35.956657 35.947792 35.942859 35.940188 35.938781 35.938058 35.937693 35.937508 35.937403 35.937317 35.937199 35.936984 35.936559 35.935724 35.934108 35.931047 35.925371 35.915063 35.896717 35.864682 35.809738 35.717019 35.562731 35.308842 34.894160 34.218678 33.114840 31.292928 28.236985 23.022720 14.120802 0.000000 
50.000000 47.064453 44.223009 41.560728 39.146031 37.025677 35.222874 33.738466 32.554592 31.639847 30.954921 30.457812 30.107989 29.869224 29.711115 29.609500 29.546095 29.507671 29.485045 29.472097 29.464891 29.460990 29.458935 29.457879 29.457346 29.457077 29.456926 29.456805 29.456642 29.456348 29.455770 29.454635 29.452444 29.448303 29.440645 29.426779 29.402195 29.359472 29.286637 29.164672 28.963766 28.637626 28.114765 27.285053 25.979127 23.938552 20.780364 15.986024 9.033363 0.000000 
50.000000 46.224513 42.570056 39.146031 36.040437 33.313412 30.994802 29.085694 27.563112 26.386663 25.505790 24.866470 24.416573 24.109508 23.906172 23.775492 23.693953 23.644538 23.615442 23.598791 23.589524 23.584508 23.581865 23.580507 23.579823 23.579478 23.579287 23.579139 23.578947 23.578602 23.577929 23.576611 23.574073 23.569290 23.560473 23.544576 23.516526 23.468075 23.386090 23.250093 23.028753 22.674995 22.119335 21.261191 19.958711 18.020219 15.207480 11.277128 6.112746 0.000000 
50.000000 45.486955 41.118589 37.025677 33.313412 30.053679 27.282155 25.000136 23.180154 21.773924 20.721009 19.956831 19.419075 19.052047 18.809007 18.652812 18.555353 18.496291 18.461516 18.441614 18.430539 18.424544 18.421385 18.419763 18.418947 18.418537 18.418313 18.418147 18.417939 18.417574 18.416867 18.415485 18.412834 18.407854 18.398710 18.382302 18.353514 18.304128 18.221260 18.085208 17.866602 17.522789 16.993603 16.197090 15.026840 13.354701 11.046550 8.003749 4.242874 0.000000 
50.000000 44.859854 39.884495 35.222874 30.994802 27.282155 24.125564 21.526503 19.453685 17.852110 16.652939 15.782621 15.170180 14.752183 14.475395 14.297513 14.186524 14.119263 14.079661 14.056998 14.044386 14.037559 14.033962 14.032116 14.031188 14.030723 14.030475 14.030298 14.030089 14.029731 14.029042 14.027704 14.025143 14.020352 14.011594 13.995959 13.968697 13.922268 13.845042 13.719588 13.520581 13.212446 12.747124 12.062782 11.085065 9.733611 7.937821 5.665817 2.965456 0.000000 
50.000000 44.343503 38.868353 33.738466 29.085694 25.000136 21.526503 18.666415 16.385436 14.623038 13.303464 12.345770 11.671850 11.211898 10.907333 10.711601 10.589476 10.515469 10.471895 10.446959 10.433083 10.425572 10.421615 10.419583 10.418564 10.418056 10.417789 10.417609 10.417410 10.417079 10.416450 10.415234 10.412917 10.408599 10.400743 10.386794 10.362626 10.321771 10.254411 10.146115 9.976431 9.717510 9.333207 8.779380 8.006533 6.966359 5.623701 3.974193 2.063885 0.000000 
50.000000 43.931691 38.057936 32.554592 27.563112 23.180154 19.453685 16.385436 13.938463 12.047823 10.632242 9.604879 8.881942 8.388541 8.061831 7.851871 7.720869 7.641484 7.594745 7.567997 7.553113 7.545057 7.540813 7.538635 7.537543 7.537001 7.536722 7.536543 7.536361 7.536071 7.535527 7.534483 7.532501 7.528824 7.522167 7.510410 7.490168 7.456202 7.400674 7.312284 7.175374 6.969231 6.667926 6.241239 5.657365 4.888117 3.916966 2.749094 1.420429 0.000000 
50.000000 43.613493 37.431747 31.639847 26.386663 21.773924 17.852110 14.623038 12.047823 10.058113 8.568367 7.487189 6.726390 6.207154 5.863341 5.642393 5.504537 5.421000 5.371816 5.343670 5.328009 5.319532 5.315066 5.312775 5.311627 5.311060 5.310773 5.310599 5.310437 5.310194 5.309747 5.308893 5.307282 5.304306 5.298942 5.289522 5.273404 5.246549 5.203002 5.134321 5.029056 4.872448 4.646607 4.331529 3.907323 3.357910 2.676081 1.869017 0.962352 0.000000 
50.000000 43.375236 36.962880 30.954921 25.505790 20.721009 16.652939 13.303464 10.632242 8.568367 7.023103 5.901643 5.112506 4.573935 4.217323 3.988151 3.845167 3.758523 3.707510 3.678319 3.662075 3.653284 3.648653 3.646277 3.645088 3.644502 3.644210 3.644043 3.643902 3.643705 3.643353 3.642687 3.641437 3.639137 3.635011 3.627804 3.615545 3.595257 3.562607 3.511552 3.434046 3.319957 3.157349 2.933351 2.635801 2.255697 1.790249 1.245861 0.639903 0.000000 
50.000000 43.202312 36.622581 30.457812 24.866470 19.956831 15.782621 12.345770 9.604879 7.487189 5.901643 4.750957 3.941261 3.388663 3.022767 2.787631 2.640927 2.552030 2.499692 2.469742 2.453077 2.444057 2.439306 2.436869 2.435650 2.435052 2.434757 2.434597 2.434475 2.434321 2.434054 2.433557 2.432627 2.430924 2.427884 2.422600 2.413663 2.398966 2.375479 2.339036 2.284187 2.204205 2.091359 1.937579 1.735571 1.480380 1.171176 0.812843 0.416733 0.000000 
50.000000 43.080622 36.383106 30.107989 24.416573 19.419075 15.170180 11.671850 8.881942 6.726390 5.112506 3.941261 3.117103 2.554640 2.182214 1.942885 1.793565 1.703084 1.649814 1.619331 1.602369 1.593189 1.588354 1.585874 1.584635 1.584028 1.583732 1.583578 1.583472 1.583353 1.583159 1.582801 1.582137 1.580926 1.578774 1.575052 1.568790 1.558551 1.542295 1.517249 1.479841 1.425740 1.350079 1.247912 1.114947 0.948499 0.748517 0.518424 0.265421 0.000000 
50.000000 42.997563 36.219656 29.869224 24.109508 19.052047 14.752183 11.211898 8.388541 6.207154 4.573935 3.388663 2.554640 1.985447 1.608568 1.366378 1.215276 1.123714 1.069809 1.038962 1.021799 1.012509 1.007617 1.005108 1.003854 1.003241 1.002945 1.002796 1.002704 1.002613 1.002475 1.002227 1.001770 1.000942 0.999476 0.996951 0.992724 0.985850 0.975000 0.958390 0.933750 0.898373 0.849273 0.783486 0.698533 0.592982 0.467030 0.322939 0.165160 0.000000 
50.000000 42.942562 36.111419 29.711115 23.906172 18.809007 14.475395 10.907333 8.061831 5.863341 4.217323 3.022767 2.182214 1.608568 1.228742 0.984660 0.832377 0.740101 0.685775 0.654688 0.637391 0.628030 0.623099 0.620571 0.619308 0.618692 0.618396 0.618251 0.618169 0.618099 0.618003 0.617837 0.617534 0.616987 0.616023 0.614371 0.611618 0.607162 0.600167 0.589519 0.573819 0.551421 0.520539 0.479436 0.426706 0.361597 0.284336 0.196356 0.100336 0.000000 
50.000000 42.907213 36.041856 29.609500 23.775493 18.652812 14.297513 10.711602 7.851871 5.642393 3.988151 2.787631 1.942885 1.366379 0.984660 0.739362 0.586322 0.493587 0.438992 0.407750 0.390368 0.380960 0.376005 0.373465 0.372196 0.371577 0.371281 0.371140 0.371065 0.371010 0.370945 0.370836 0.370642 0.370293 0.369681 0.368637 0.366903 0.364111 0.359748 0.353140 0.343451 0.329704 0.310858 0.285919 0.254102 0.215019 0.168856 0.116485 0.059482 0.000000 
50.000000 42.885156 35.998451 29.546096 23.693953 18.555353 14.186524 10.589477 7.720870 5.504538 3.845167 2.640928 1.793566 1.215276 0.832377 0.586322 0.432810 0.339789 0.285025 0.253688 0.236252 0.226815 0.221845 0.219297 0.218025 0.217405 0.217109 0.216970 0.216900 0.216856 0.216810 0.216741 0.216621 0.216406 0.216030 0.215391 0.214335 0.212640 0.210005 0.206031 0.200232 0.192046 0.180878 0.166172 0.147500 0.124663 0.097793 0.067404 0.034400 0.000000 
50.000000 42.871788 35.972146 29.507671 23.644539 18.496292 14.119264 10.515470 7.641485 5.421001 3.758524 2.552031 1.703085 1.123716 0.740102 0.493589 0.339790 0.246597 0.191731 0.160336 0.142867 0.133413 0.128434 0.125881 0.124607 0.123986 0.123691 0.123552 0.123486 0.123449 0.123417 0.123373 0.123300 0.123172 0.122949 0.122570 0.121946 0.120950 0.119406 0.117088 0.113720 0.108985 0.102555 0.094122 0.083459 0.070466 0.055228 0.038039 0.019404 0.000000 
50.000000 42.863918 35.956658 29.485047 23.615444 18.461518 14.079664 10.471898 7.594747 5.371819 3.707513 2.499695 1.649817 1.069812 0.685778 0.438995 0.285028 0.191733 0.136808 0.105378 0.087891 0.078426 0.073442 0.070886 0.069610 0.068989 0.068694 0.068557 0.068492 0.068459 0.068436 0.068409 0.068366 0.068291 0.068162 0.067945 0.067588 0.067019 0.066142 0.064829 0.062929 0.060267 0.056667 0.051963 0.046035 0.038835 0.030413 0.020935 0.010675 0.000000 
50.000000 42.859414 35.947794 29.472100 23.598795 18.441619 14.057004 10.446965 7.568004 5.343678 3.678326 2.469750 1.619339 1.038970 0.654696 0.407758 0.253696 0.160343 0.105383 0.073934 0.056436 0.046965 0.041978 0.039421 0.038144 0.037523 0.037228 0.037091 0.037028 0.036997 0.036979 0.036962 0.036937 0.036894 0.036822 0.036701 0.036503 0.036188 0.035703 0.034981 0.033938 0.032484 0.030522 0.027967 0.024758 0.020870 0.016334 0.011238 0.005729 0.000000 
50.000000 42.856909 35.942865 29.464900 23.589535 18.430552 14.044401 10.433099 7.553131 5.328027 3.662094 2.453096 1.602389 1.021818 0.637411 0.390387 0.236271 0.142886 0.087907 0.056447 0.038943 0.029470 0.024480 0.021922 0.020645 0.020024 0.019729 0.019592 0.019530 0.019501 0.019486 0.019474 0.019460 0.019436 0.019397 0.019331 0.019224 0.019055 0.018794 0.018407 0.017851 0.017077 0.016036 0.014684 0.012990 0.010944 0.008560 0.005887 0.003000 0.000000 
50.000000 42.855556 35.940202 29.461010 23.584534 18.424575 14.037594 10.425610 7.545098 5.319574 3.653328 2.444102 1.593235 1.012555 0.628076 0.381006 0.226862 0.133459 0.078470 0.047004 0.029497 0.020021 0.015031 0.012473 0.011195 0.010574 0.010279 0.010143 0.010081 0.010053 0.010039 0.010031 0.010022 0.010009 0.009988 0.009954 0.009897 0.009808 0.009672 0.009470 0.009180 0.008777 0.008238 0.007539 0.006666 0.005612 0.004388 0.003016 0.001537 0.000000 
50.000000 42.854850 35.938813 29.458981 23.581924 18.421456 14.034043 10.421703 7.540907 5.315165 3.648754 2.439410 1.588460 1.007723 0.623206 0.376113 0.221953 0.128541 0.073547 0.042078 0.024569 0.015093 0.010102 0.007543 0.006266 0.005644 0.005350 0.005213 0.005152 0.005124 0.005111 0.005105 0.005099 0.005092 0.005081 0.005063 0.005034 0.004987 0.004917 0.004813 0.004664 0.004457 0.004181 0.003825 0.003380 0.002844 0.002223 0.001528 0.000778 0.000000 
50.000000 42.854503 35.938130 29.457984 23.580642 18.419923 14.032297 10.419782 7.538847 5.312997 3.646507 2.437104 1.586113 1.005348 0.620813 0.373708 0.219540 0.126124 0.071127 0.039657 0.022147 0.012670 0.007679 0.005121 0.003843 0.003222 0.002927 0.002791 0.002729 0.002702 0.002690 0.002684 0.002680 0.002676 0.002670 0.002660 0.002644 0.002619 0.002582 0.002526 0.002447 0.002338 0.002192 0.002004 0.001770 0.001489 0.001163 0.000799 0.000407 0.000000 
50.000000 42.854362 35.937853 29.457579 23.580121 18.419301 14.031589 10.419003 7.538012 5.312118 3.645595 2.436169 1.585161 1.004385 0.619842 0.372732 0.218562 0.125143 0.070146 0.038675 0.021164 0.011688 0.006697 0.004138 0.002860 0.002239 0.001944 0.001808 0.001746 0.001719 0.001707 0.001701 0.001698 0.001695 0.001691 0.001685 0.001675 0.001659 0.001635 0.001599 0.001549 0.001479 0.001386 0.001267 0.001119 0.000941 0.000735 0.000504 0.000257 0.000000 
50.000000 42.854362 35.937853 29.457579 23.580121 18.419301 14.031589 10.419003 7.538012 5.312118 3.645595 2.436169 1.585161 1.004385 0.619842 0.372732 0.218562 0.125143 0.070146 0.038675 0.021164 0.011688 0.006697 0.004138 0.002860 0.002239 0.001944 0.001808 0.001746 0.001719 0.001707 0.001701 0.001698 0.001695 0.001691 0.001685 0.001675 0.001659 0.001635 0.001599 0.001549 0.001479 0.001386 0.001267 0.001119 0.000941 0.000735 0.000504 0.000257 0.000000 
50.000000 42.854503 35.938130 29.457984 23.580642 18.419923 14.032297 10.419782 7.538847 5.312997 3.646507 2.437104 1.586113 1.005348 0.620813 0.373708 0.219540 0.126124 0.071127 0.039657 0.022147 0.012670 0.007679 0.005121 0.003843 0.003222 0.002927 0.002791 0.002729 0.002702 0.002690 0.002684 0.002680 0.002676 0.002670 0.002660 0.002644 0.002619 0.002582 0.002526 0.002447 0.002338 0.002192 0.002004 0.001770 0.001489 0.001163 0.000799 0.000407 0.000000 
50.000000 42.854850 35.938813 29.458981 23.581924 18.421456 14.034043 10.421703 7.540907 5.315165 3.648754 2.439410 1.588460 1.007723 0.623206 0.376113 0.221953 0.128541 0.073547 0.042078 0.024569 0.015093 0.010102 0.007543 0.006266 0.005644 0.005350 0.005213 0.005152 0.005124 0.005111 0.005105 0.005099 0.005092 0.005081 0.005063 0.005034 0.004987 0.004917 0.004813 0.004664 0.004457 0.004181 0.003825 0.003380 0.002844 0.002223 0.001528 0.000778 0.000000 
50.000000 42.855556 35.940202 29.461010 23.584534 18.424575 14.037594 10.425610 7.545098 5.319574 3.653328 2.444102 1.593235 1.012555 0.628076 0.381006 0.226862 0.133459 0.078470 0.047004 0.029497 0.020021 0.015031 0.012473 0.011195 0.010574 0.010279 0.010143 0.010081 0.010053 0.010039 0.010031 0.010022 0.010009 0.009988 0.009954 0.009897 0.009808 0.009672 0.009470 0.009180 0.008777 0.008238 0.007539 0.006666 0.005612 0.004388 0.003016 0.001537 0.000000 
50.000000 42.856909 35.942865 29.464900 23.589535 18.430552 14.044401 10.433099 7.553131 5.328027 3.662094 2.453096 1.602389 1.021818 0.637411 0.390387 0.236271 0.142886 0.087907 0.056447 0.038943 0.029470 0.024480 0.021922 0.020645 0.020024 0.019729 0.019592 0.019530 0.019501 0.019486 0.019474 0.019460 0.019436 0.019397 0.019331 0.019224 0.019055 0.018794 0.018407 0.017851 0.017077 0.016036 0.014684 0.012990 0.010944 0.008560 0.005887 0.003000 0.000000 
50.000000 42.859414 35.947794 29.472100 23.598795 18.441619 14.057004 10.446965 7.568004 5.343678 3.678326 2.469750 1.619339 1.038970 0.654696 0.407758 0.253696 0.160343 0.105383 0.073934 0.056436 0.046965 0.041978 0.039421 0.038144 0.037523 0.037228 0.037091 0.037028 0.036997 0.036979 0.036962 0.036937 0.036894 0.036822 0.036701 0.036503 0.036188 0.035703 0.034981 0.033938 0.032484 0.030522 0.027967 0.024758 0.020870 0.016334 0.011238 0.005729 0.000000 
50.000000 42.863918 35.956658 29.485047 23.615444 18.461518 14.079664 10.471898 7.594747 5.371819 3.707513 2.499695 1.649817 1.069812 0.685778 0.438995 0.285028 0.191733 0.136808 0.105378 0.087891 0.078426 0.073442 0.070886 0.069610 0.068989 0.068694 0.068557 0.068492 0.068459 0.068436 0.068409 0.068366 0.068291 0.068162 0.067945 0.067588 0.067019 0.066142 0.064829 0.062929 0.060267 0.056667 0.051963 0.046035 0.038835 0.030413 0.020935 0.010675 0.000000 
50.000000 42.871788 35.972146 29.507671 23.644539 18.496292 14.119264 10.515470 7.641485 5.421001 3.758524 2.552031 1.703085 1.123716 0.740102 0.493589 0.339790 0.246597 0.191731 0.160336 0.142867 0.133413 0.128434 0.125881 0.124607 0.123986 0.123691 0.123552 0.123486 0.123449 0.123417 0.123373 0.123300 0.123172 0.122949 0.122570 0.121946 0.120950 0.119406 0.117088 0.113720 0.108985 0.102555 0.094122 0.083459 0.070466 0.055228 0.038039 0.019404 0.000000 
50.000000 42.885156 35.998451 29.546096 23.693953 18.555353 14.186524 10.589477 7.720870 5.504538 3.845167 2.640928 1.793566 1.215276 0.832377 0.586322 0.432810 0.339789 0.285025 0.253688 0.236252 0.226815 0.221845 0.219297 0.218025 0.217405 0.217109 0.216970 0.216900 0.216856 0.216810 0.216741 0.216621 0.216406 0.216030 0.215391 0.214335 0.212640 0.210005 0.206031 0.200232 0.192046 0.180878 0.166172 0.147500 0.124663 0.097793 0.067404 0.034400 0.000000 
50.000000 42.907213 36.041856 29.609500 23.775493 18.652812 14.297513 10.711602 7.851871 5.642393 3.988151 2.787631 1.942885 1.366379 0.984660 0.739362 0.586322 0.493587 0.438992 0.407750 0.390368 0.380960 0.376005 0.373465 0.372196 0.371577 0.371281 0.371140 0.371065 0.371010 0.370945 0.370836 0.370642 0.370293 0.369681 0.368637 0.366903 0.364111 0.359748 0.353140 0.343451 0.329704 0.310858 0.285919 0.254102 0.215019 0.168856 0.116485 0.059482 0.000000 
50.000000 42.942562 36.111419 29.711115 23.906172 18.809007 14.475395 10.907333 8.061831 5.863341 4.217323 3.022767 2.182214 1.608568 1.228742 0.984660 0.832377 0.740101 0.685775 0.654688 0.637391 0.628030 0.623099 0.620571 0.619308 0.618692 0.618396 0.618251 0.618169 0.618099 0.618003 0.617837 0.617534 0.616987 0.616023 0.614371 0.611618 0.607162 0.600167 0.589519 0.573819 0.551421 0.520539 0.479436 0.426706 0.361597 0.284336 0.196356 0.100336 0.000000 
50.000000 42.997563 36.219656 29.869224 24.109508 19.052047 14.752183 11.211898 8.388541 6.207154 4.573935 3.388663 2.554640 1.985447 1.608568 1.366378 1.215276 1.123714 1.069809 1.038962 1.021799 1.012509 1.007617 1.005108 1.003854 1.003241 1.002945 1.002796 1.002704 1.002613 1.002475 1.002227 1.001770 1.000942 0.999476 0.996951 0.992724 0.985850 0.975000 0.958390 0.933750 0.898373 0.849273 0.783486 0.698533 0.592982 0.467030 0.322939 0.165160 0.000000 
50.000000 43.080622 36.383106 30.107989 24.416573 19.419075 15.170180 11.671850 8.881942 6.726390 5.112506 3.941261 3.117103 2.554640 2.182214 1.942885 1.793565 1.703084 1.649814 1.619331 1.602369 1.593189 1.588354 1.585874 1.584635 1.584028 1.583732 1.583578 1.583472 1.583353 1.583159 1.582801 1.582137 1.580926 1.578774 1.575052 1.568790 1.558551 1.542295 1.517249 1.479841 1.425740 1.350079 1.247912 1.114947 0.948499 0.748517 0.518424 0.265421 0.000000 
50.000000 43.202312 36.622581 30.457812 24.866470 19.956831 15.782621 12.345770 9.604879 7.487189 5.901643 4.750957 3.941261 3.388663 3.022767 2.787631 2.640927 2.552030 2.499692 2.469742 2.453077 2.444057 2.439306 2.436869 2.435650 2.435052 2.434757 2.434597 2.434475 2.434321 2.434054 2.433557 2.432627 2.430924 2.427884 2.422600 2.413663 2.398966 2.375479 2.339036 2.284187 2.204205 2.091359 1.937579 1.735571 1.480380 1.171176 0.812843 0.416733 0.000000 
50.000000 43.375236 36.962880 30.954921 25.505790 20.721009 16.652939 13.303464 10.632242 8.568367 7.023103 5.901643 5.112506 4.573935 4.217323 3.988151 3.845167 3.758523 3.707510 3.678319 3.662075 3.653284 3.648653 3.646277 3.645088 3.644502 3.644210 3.644043 3.643902 3.643705 3.643353 3.642687 3.641437 3.639137 3.635011 3.627804 3.615545 3.595257 3.562607 3.511552 3.434046 3.319957 3.157349 2.933351 2.635801 2.255697 1.790249 1.245861 0.639903 0.000000 
50.000000 43.613493 37.431747 31.639847 26.386663 21.773924 17.852110 14.623038 12.047823 10.058113 8.568367 7.487189 6.726390 6.207154 5.863341 5.642393 5.504537 5.421000 5.371816 5.343670 5.328009 5.319532 5.315066 5.312775 5.311627 5.311060 5.310773 5.310599 5.310437 5.310194 5.309747 5.308893 5.307282 5.304306 5.298942 5.289522 5.273404 5.246549 5.203002 5.134321 5.029056 4.872448 4.646607 4.331529 3.907323 3.357910 2.676081 1.869017 0.962352 0.000000 
50.000000 43.931691 38.057936 32.554592 27.563112 23.180154 19.453685 16.385436 13.938463 12.047823 10.632242 9.604879 8.881942 8.388541 8.061831 7.851871 7.720869 7.641484 7.594745 7.567997 7.553113 7.545057 7.540813 7.538635 7.537543 7.537001 7.536722 7.536543 7.536361 7.536071 7.535527 7.534483 7.532501 7.528824 7.522167 7.510410 7.490168 7.456202 7.400674 7.312284 7.175374 6.969231 6.667926 6.241239 5.657365 4.888117 3.916966 2.749094 1.420429 0.000000 
50.000000 44.343503 38.868353 33.738466 29.085694 25.000136 21.526503 18.666415 16.385436 14.623038 13.303464 12.345770 11.671850 11.211898 10.907333 10.711601 10.589476 10.515469 10.471895 10.446959 10.433083 10.425572 10.421615 10.419583 10.418564 10.418056 10.417789 10.417609 10.417410 10.417079 10.416450 10.415234 10.412917 10.408599 10.400743 10.386794 10.362626 10.321771 10.254411 10.146115 9.976431 9.717510 9.333207 8.779380 8.006533 6.966359 5.623701 3.974193 2.063885 0.000000 
50.000000 44.859854 39.884495 35.222874 30.994802 27.282155 24.125564 21.526503 19.453685 17.852110 16.652939 15.782621 15.170180 14.752183 14.475395 14.297513 14.186524 14.119263 14.079661 14.056998 14.044386 14.037559 14.033962 14.032116 14.031188 14.030723 14.030475 14.030298 14.030089 14.029731 14.029042 14.027704 14.025143 14.020352 14.011594 13.995959 13.968697 13.922268 13.845042 13.719588 13.520581 13.212446 12.747124 12.062782 11.085065 9.733611 7.937821 5.665817 2.965456 0.000000 
50.000000 45.486955 41.118589 37.025677 33.313412 30.053679 27.282155 25.000136 23.180154 21.773924 20.721009 19.956831 19.419075 19.052047 18.809007 18.652812 18.555353 18.496291 18.461516 18.441614 18.430539 18.424544 18.421385 18.419763 18.418947 18.418537 18.418313 18.418147 18.417939 18.417574 18.416867 18.415485 18.412834 18.407854 18.398710 18.382302 18.353514 18.304128 18.221260 18.085208 17.866602 17.522789 16.993603 16.197090 15.026840 13.354701 11.046550 8.003749 4.242874 0.000000 
50.000000 46.224513 42.570056 39.146031 36.040437 33.313412 30.994802 29.085694 27.563112 26.386663 25.505790 24.866470 24.416573 24.109508 23.906172 23.775492 23.693953 23.644538 23.615442 23.598791 23.589524 23.584508 23.581865 23.580507 23.579823 23.579478 23.579287 23.579139 23.578947 23.578602 23.577929 23.576611 23.574073 23.569290 23.560473 23.544576 23.516526 23.468075 23.386090 23.250093 23.028753 22.674995 22.119335 21.261191 19.958711 18.020219 15.207480 11.277128 6.112746 0.000000 
50.000000 47.064453 44.223009 41.560728 39.146031 37.025677 35.222874 33.738466 32.554592 31.639847 30.954921 30.457812 30.107989 29.869224 29.711115 29.609500 29.546095 29.507671 29.485045 29.472097 29.464891 29.460990 29.458935 29.457879 29.457346 29.457077 29.456926 29.456805 29.456642 29.456348 29.455770 29.454635 29.452444 29.448303 29.440645 29.426779 29.402195 29.359472 29.286637 29.164672 28.963766 28.637626 28.114765 27.285053 25.979127 23.938552 20.780364 15.986024 9.033363 0.000000 
50.000000 47.990512 46.045440 44.223009 42.570056 41.118589 39.884495 38.868353 38.057936 37.431747 36.962880 36.622581 36.383106 36.219656 36.111419 36.041856 35.998451 35.972146 35.956657 35.947792 35.942859 35.940188 35.938781 35.938058 35.937693 35.937508 35.937403 35.937317 35.937199 35.936984 35.936559 35.935724 35.934108 35.931047 35.925371 35.915063 35.896717 35.864682 35.809738 35.717019 35.562731 35.308842 34.894160 34.218678 33.114840 31.292928 28.236985 23.022720 14.120802 0.000000 
50.000000 48.978890 47.990512 47.064453 46.224513 45.486955 44.859854 44.343503 43.931691 43.613493 43.375236 43.202312 43.080622 42.997563 42.942562 42.907213 42.885156 42.871788 42.863917 42.859413 42.856906 42.855549 42.854833 42.854466 42.854280 42.854186 42.854132 42.854088 42.854026 42.853912 42.853686 42.853243 42.852384 42.850756 42.847730 42.842226 42.832404 42.815201 42.785579 42.735333 42.651141 42.511262 42.279618 41.894398 41.244082 40.111767 38.031090 33.869710 24.489445 0.000000 
50.000000 50.000000 50.000000 50.000000 50.000000 50.000000 50.000000 50.000000 50.000000 50.000000 50.000000 50.000000 50.000000 50.000000 50.000000 50.000000 50.000000 50.000000 50.000000 50.000000 50.000000 50.000000 50.000000 50.000000 50.000000 50.000000 50.000000 50.000000 50.000000 50.000000 50.000000 50.000000 50.000000 50.000000 50.000000 50.000000 50.000000 50.000000 50.000000 50.000000 50.000000 50.000000 50.000000 50.000000 50.000000 50.000000 50.000000 50.000000 50.000000 50.000000 
