50.000000 50.000000 50.000000 50.000000 50.000000 50.000000 50.000000 50.000000 50.000000 50.000000 50.000000 50.000000 50.000000 50.000000 50.000000 50.000000 50.000000 50.000000 50.000000 50.000000 50.000000 50.000000 50.000000 50.000000 50.000000 50.000000 50.000000 50.000000 50.000000 50.000000 50.000000 50.000000 50.000000 50.000000 50.000000 50.000000 50.000000 50.000000 50.000000 50.000000 50.000000 50.000000 50.000000 50.000000 50.000000 50.000000 50.000000 50.000000 50.000000 50.000000 
50.000000 47.288244 44.806944 42.727964 41.130740 40.003358 39.270534 38.830669 38.586171 38.459944 38.399237 38.371960 38.360477 38.355935 38.354243 38.353648 38.353450 38.353387 38.353369 38.353363 38.353362 38.353361 38.353361 38.353361 38.353361 38.353361 38.353361 38.353361 38.353361 38.353361 38.353361 38.353361 38.353360 38.353356 38.353344 38.353301 38.353165 38.352748 38.351534 38.348155 38.339183 38.316404 38.260962 38.130986 37.835102 37.172540 35.683685 32.228518 23.644122 0.000000 
50.000000 44.806944 40.055247 36.074047 33.015460 30.856648 29.453413 28.611177 28.143040 27.901366 27.785143 27.732923 27.710940 27.702247 27.699008 27.697869 27.697490 27.697371 27.697335 27.697324 27.697322 27.697321 27.697321 27.697321 27.697321 27.697321 27.697321 27.697321 27.697321 27.697321 27.697320 27.697320 27.697318 27.697312 27.697290 27.697218 27.696986 27.696281 27.694234 27.688573 27.673652 27.636168 27.546297 27.340224 26.886814 25.925354 23.951799 20.027623 12.578426 0.000000 
50.000000 42.727964 36.074047 30.499187 26.216387 23.193616 21.228896 20.049715 19.394336 19.056020 18.893333 18.820242 18.789476 18.777310 18.772778 18.771184 18.770654 18.770486 18.770436 18.770422 18.770418 18.770417 18.770417 18.770417 18.770417 18.770417 18.770417 18.770417 18.770417 18.770417 18.770416 18.770416 18.770414 18.770407 18.770382 18.770298 18.770032 18.769227 18.766905 18.760534 18.743917 18.702744 18.605864 18.389406 17.930254 17.006468 15.249594 12.122247 7.044279 0.000000 
50.000000 41.130740 33.015460 26.216387 20.993285 17.307024 14.911185 13.473347 12.674266 12.261802 12.063474 11.974380 11.936881 11.922054 11.916532 11.914590 11.913944 11.913740 11.913679 11.913661 11.913656 11.913655 11.913655 11.913655 11.913655 11.913655 11.913655 11.913655 11.913655 11.913655 11.913654 11.913654 11.913652 11.913645 11.913622 11.913544 11.913299 11.912561 11.910445 11.904693 11.889864 11.853662 11.770104 11.588086 11.214767 10.496642 9.209919 7.090106 3.958200 0.000000 
50.000000 40.003358 30.856648 23.193616 17.307024 13.152689 10.452782 8.832566 7.932193 7.467483 7.244052 7.143690 7.101453 7.084754 7.078535 7.076348 7.075621 7.075391 7.075322 7.075302 7.075297 7.075296 7.075295 7.075295 7.075295 7.075295 7.075295 7.075295 7.075295 7.075295 7.075295 7.075295 7.075293 7.075288 7.075269 7.075208 7.075015 7.074437 7.072793 7.068366 7.057083 7.029932 6.968393 6.837375 6.576344 6.092256 5.263362 3.969834 2.168256 0.000000 
50.000000 39.270534 29.453413 21.228896 14.911185 10.452782 7.555408 5.816792 4.850687 4.352085 4.112378 4.004714 3.959408 3.941497 3.934827 3.932483 3.931702 3.931456 3.931382 3.931361 3.931355 3.931354 3.931354 3.931354 3.931353 3.931353 3.931353 3.931353 3.931353 3.931353 3.931353 3.931353 3.931352 3.931348 3.931335 3.931293 3.931159 3.930761 3.929639 3.926643 3.919091 3.901158 3.861167 3.777704 3.615408 3.323099 2.839490 2.113188 1.139548 0.000000 
50.000000 38.830669 28.611177 20.049715 13.473347 8.832566 5.816792 4.007214 3.001729 2.482834 2.233387 2.121355 2.074214 2.055579 2.048640 2.046201 2.045390 2.045134 2.045057 2.045035 2.045029 2.045027 2.045027 2.045027 2.045027 2.045027 2.045027 2.045027 2.045027 2.045027 2.045027 2.045027 2.045026 2.045024 2.045015 2.044989 2.044906 2.044661 2.043975 2.042159 2.037627 2.026990 2.003607 1.955626 1.864173 1.703243 1.443851 1.064880 0.569707 0.000000 
50.000000 38.586171 28.143040 19.394336 12.674266 7.932193 4.850687 3.001729 1.974402 1.444258 1.189414 1.074964 1.026808 1.007772 1.000685 0.998194 0.997365 0.997104 0.997025 0.997003 0.996997 0.996995 0.996995 0.996995 0.996995 0.996995 0.996995 0.996995 0.996995 0.996995 0.996995 0.996994 0.996994 0.996993 0.996988 0.996973 0.996927 0.996790 0.996410 0.995411 0.992940 0.987201 0.974739 0.949529 0.902261 0.820604 0.691592 0.506873 0.269767 0.000000 
50.000000 38.459944 27.901366 19.056020 12.261802 7.467483 4.352085 2.482834 1.444258 0.908323 0.650703 0.535009 0.486332 0.467091 0.459928 0.457410 0.456572 0.456308 0.456229 0.456206 0.456200 0.456198 0.456198 0.456198 0.456198 0.456198 0.456198 0.456198 0.456198 0.456198 0.456198 0.456198 0.456197 0.456197 0.456194 0.456187 0.456163 0.456093 0.455900 0.455397 0.454161 0.451318 0.445208 0.432994 0.410400 0.371938 0.312104 0.227714 0.120761 0.000000 
50.000000 38.399237 27.785143 18.893333 12.063474 7.244052 4.112378 2.233387 1.189414 0.650703 0.391753 0.275465 0.226538 0.207199 0.199999 0.197468 0.196626 0.196361 0.196281 0.196258 0.196252 0.196251 0.196250 0.196250 0.196250 0.196250 0.196250 0.196250 0.196250 0.196250 0.196250 0.196250 0.196250 0.196250 0.196248 0.196245 0.196234 0.196201 0.196111 0.195877 0.195306 0.194003 0.191227 0.185735 0.175686 0.158781 0.132798 0.096570 0.051082 0.000000 
50.000000 38.371960 27.732923 18.820242 11.974380 7.143690 4.004714 2.121355 1.074964 0.535009 0.275465 0.158910 0.109872 0.090489 0.083273 0.080737 0.079893 0.079627 0.079547 0.079524 0.079518 0.079516 0.079516 0.079516 0.079516 0.079516 0.079516 0.079516 0.079516 0.079516 0.079516 0.079516 0.079516 0.079516 0.079515 0.079514 0.079509 0.079494 0.079455 0.079354 0.079109 0.078554 0.077379 0.075075 0.070897 0.063935 0.053336 0.038689 0.020426 0.000000 
50.000000 38.360477 27.710940 18.789476 11.936881 7.101453 3.959408 2.074214 1.026808 0.486332 0.226538 0.109872 0.060787 0.041386 0.034163 0.031624 0.030780 0.030513 0.030433 0.030411 0.030404 0.030403 0.030402 0.030402 0.030402 0.030402 0.030402 0.030402 0.030402 0.030402 0.030402 0.030402 0.030402 0.030402 0.030402 0.030401 0.030399 0.030394 0.030378 0.030337 0.030239 0.030017 0.029553 0.028647 0.027016 0.024321 0.020249 0.014659 0.007729 0.000000 
50.000000 38.355935 27.702247 18.777310 11.922054 7.084754 3.941497 2.055579 1.007772 0.467091 0.207199 0.090489 0.041386 0.021978 0.014752 0.012213 0.011368 0.011101 0.011021 0.010998 0.010992 0.010990 0.010990 0.010990 0.010990 0.010990 0.010990 0.010990 0.010990 0.010990 0.010990 0.010990 0.010990 0.010990 0.010990 0.010990 0.010989 0.010987 0.010981 0.010965 0.010928 0.010846 0.010673 0.010338 0.009739 0.008755 0.007277 0.005261 0.002770 0.000000 
50.000000 38.354243 27.699008 18.772778 11.916532 7.078535 3.934827 2.048640 1.000685 0.459928 0.199999 0.083273 0.034163 0.014752 0.007526 0.004986 0.004141 0.003874 0.003794 0.003771 0.003765 0.003764 0.003763 0.003763 0.003763 0.003763 0.003763 0.003763 0.003763 0.003763 0.003763 0.003763 0.003763 0.003763 0.003763 0.003763 0.003763 0.003762 0.003760 0.003754 0.003741 0.003712 0.003652 0.003535 0.003327 0.002987 0.002480 0.001791 0.000942 0.000000 
50.000000 38.353648 27.697869 18.771184 11.914590 7.076348 3.932483 2.046201 0.998194 0.457410 0.197468 0.080737 0.031624 0.012213 0.004986 0.002446 0.001601 0.001334 0.001254 0.001231 0.001225 0.001223 0.001223 0.001223 0.001223 0.001223 0.001223 0.001223 0.001223 0.001223 0.001223 0.001223 0.001223 0.001223 0.001223 0.001223 0.001223 0.001222 0.001222 0.001220 0.001216 0.001206 0.001186 0.001147 0.001079 0.000968 0.000803 0.000579 0.000304 0.000000 
50.000000 38.353450 27.697490 18.770654 11.913944 7.075621 3.931702 2.045390 0.997365 0.456572 0.196626 0.079893 0.030780 0.011368 0.004141 0.001601 0.000756 0.000489 0.000409 0.000386 0.000380 0.000378 0.000378 0.000378 0.000378 0.000378 0.000378 0.000378 0.000378 0.000378 0.000378 0.000378 0.000378 0.000378 0.000378 0.000378 0.000378 0.000378 0.000377 0.000377 0.000375 0.000372 0.000366 0.000354 0.000333 0.000298 0.000247 0.000178 0.000094 0.000000 
50.000000 38.353387 27.697371 18.770486 11.913740 7.075391 3.931456 2.045134 0.997104 0.456308 0.196361 0.079627 0.030513 0.011101 0.003874 0.001334 0.000489 0.000222 0.000142 0.000120 0.000113 0.000112 0.000111 0.000111 0.000111 0.000111 0.000111 0.000111 0.000111 0.000111 0.000111 0.000111 0.000111 0.000111 0.000111 0.000111 0.000111 0.000111 0.000111 0.000111 0.000110 0.000110 0.000108 0.000104 0.000098 0.000088 0.000073 0.000052 0.000027 0.000000 
50.000000 38.353369 27.697335 18.770436 11.913679 7.075322 3.931382 2.045057 0.997025 0.456229 0.196281 0.079547 0.030433 0.011021 0.003794 0.001254 0.000409 0.000142 0.000062 0.000040 0.000033 0.000032 0.000031 0.000031 0.000031 0.000031 0.000031 0.000031 0.000031 0.000031 0.000031 0.000031 0.000031 0.000031 0.000031 0.000031 0.000031 0.000031 0.000031 0.000031 0.000031 0.000031 0.000030 0.000029 0.000027 0.000025 0.000020 0.000015 0.000008 0.000000 
50.000000 38.353363 27.697324 18.770422 11.913661 7.075302 3.931361 2.045035 0.997003 0.456206 0.196258 0.079524 0.030411 0.010998 0.003771 0.001231 0.000386 0.000120 0.000040 0.000017 0.000011 0.000009 0.000008 0.000008 0.000008 0.000008 0.000008 0.000008 0.000008 0.000008 0.000008 0.000008 0.000008 0.000008 0.000008 0.000008 0.000008 0.000008 0.000008 0.000008 0.000008 0.000008 0.000008 0.000008 0.000007 0.000007 0.000005 0.000004 0.000002 0.000000 
50.000000 38.353362 27.697322 18.770418 11.913656 7.075297 3.931355 2.045029 0.996997 0.456200 0.196252 0.079518 0.030404 0.010992 0.003765 0.001225 0.000380 0.000113 0.000033 0.000011 0.000004 0.000003 0.000002 0.000002 0.000002 0.000002 0.000002 0.000002 0.000002 0.000002 0.000002 0.000002 0.000002 0.000002 0.000002 0.000002 0.000002 0.000002 0.000002 0.000002 0.000002 0.000002 0.000002 0.000002 0.000002 0.000002 0.000001 0.000001 0.000001 0.000000 
50.000000 38.353361 27.697321 18.770417 11.913655 7.075296 3.931354 2.045027 0.996995 0.456198 0.196251 0.079516 0.030403 0.010990 0.003764 0.001223 0.000378 0.000112 0.000032 0.000009 0.000003 0.000001 0.000001 0.000001 0.000001 0.000001 0.000001 0.000001 0.000001 0.000001 0.000001 0.000001 0.000001 0.000001 0.000001 0.000001 0.000001 0.000001 0.000001 0.000001 0.000001 0.000001 0.000001 0.000000 0.000000 0.000000 0.000000 0.000000 0.000000 0.000000 
50.000000 38.353361 27.697321 18.770417 11.913655 7.075295 3.931354 2.045027 0.996995 0.456198 0.196250 0.079516 0.030402 0.010990 0.003763 0.001223 0.000378 0.000111 0.000031 0.000008 0.000002 0.000001 0.000000 0.000000 0.000000 0.000000 0.000000 0.000000 0.000000 0.000000 0.000000 0.000000 0.000000 0.000000 0.000000 0.000000 0.000000 0.000000 0.000000 0.000000 0.000000 0.000000 0.000000 0.000000 0.000000 0.000000 0.000000 0.000000 0.000000 0.000000 
50.000000 38.353361 27.697321 18.770417 11.913655 7.075295 3.931354 2.045027 0.996995 0.456198 0.196250 0.079516 0.030402 0.010990 0.003763 0.001223 0.000378 0.000111 0.000031 0.000008 0.000002 0.000001 0.000000 0.000000 0.000000 0.000000 0.000000 0.000000 0.000000 0.000000 0.000000 0.000000 0.000000 0.000000 0.000000 0.000000 0.000000 0.000000 0.000000 0.000000 0.000000 0.000000 0.000000 0.000000 0.000000 0.000000 0.000000 0.000000 0.000000 0.000000 
50.000000 38.353361 27.697321 18.770417 11.913655 7.075295 3.931353 2.045027 0.996995 0.456198 0.196250 0.079516 0.030402 0.010990 0.003763 0.001223 0.000378 0.000111 0.000031 0.000008 0.000002 0.000001 0.000000 0.000000 0.000000 0.000000 0.000000 0.000000 0.000000 0.000000 0.000000 0.000000 0.000000 0.000000 0.000000 0.000000 0.000000 0.000000 0.000000 0.000000 0.000000 0.000000 0.000000 0.000000 0.000000 0.000000 0.000000 0.000000 0.000000 0.000000 
50.000000 38.353361 27.697321 18.770417 11.913655 7.075295 3.931353 2.045027 0.996995 0.456198 0.196250 0.079516 0.030402 0.010990 0.003763 0.001223 0.000378 0.000111 0.000031 0.000008 0.000002 0.000001 0.000000 0.000000 0.000000 0.000000 0.000000 0.000000 0.000000 0.000000 0.000000 0.000000 0.000000 0.000000 0.000000 0.000000 0.000000 0.000000 0.000000 0.000000 0.000000 0.000000 0.000000 0.000000 0.000000 0.000000 0.000000 0.000000 0.000000 0.000000 
50.000000 38.353361 27.697321 18.770417 11.913655 7.075295 3.931354 2.045027 0.996995 0.456198 0.196250 0.079516 0.030402 0.010990 0.003763 0.001223 0.000378 0.000111 0.000031 0.000008 0.000002 0.000001 0.000000 0.000000 0.000000 0.000000 0.000000 0.000000 0.000000 0.000000 0.000000 0.000000 0.000000 0.000000 0.000000 0.000000 0.000000 0.000000 0.000000 0.000000 0.000000 0.000000 0.000000 0.000000 0.000000 0.000000 0.000000 0.000000 0.000000 0.000000 
50.000000 38.353361 27.697321 18.770417 11.913655 7.075295 3.931354 2.045027 0.996995 0.456198 0.196250 0.079516 0.030402 0.010990 0.003763 0.001223 0.000378 0.000111 0.000031 0.000008 0.000002 0.000001 0.000000 0.000000 0.000000 0.000000 0.000000 0.000000 0.000000 0.000000 0.000000 0.000000 0.000000 0.000000 0.000000 0.000000 0.000000 0.000000 0.000000 0.000000 0.000000 0.000000 0.000000 0.000000 0.000000 0.000000 0.000000 0.000000 0.000000 0.000000 
50.000000 38.353361 27.697321 18.770417 11.913655 7.075296 3.931354 2.045027 0.996995 0.456198 0.196251 0.079516 0.030403 0.010990 0.003764 0.001223 0.000378 0.000112 0.000032 0.000009 0.000003 0.000001 0.000001 0.000001 0.000001 0.000001 0.000001 0.000001 0.000001 0.000001 0.000001 0.000001 0.000001 0.000001 0.000001 0.000001 0.000001 0.000001 0.000001 0.000001 0.000001 0.000001 0.000001 0.000000 0.000000 0.000000 0.000000 0.000000 0.000000 0.000000 
50.000000 38.353362 27.697322 18.770418 11.913656 7.075297 3.931355 2.045029 0.996997 0.456200 0.196252 0.079518 0.030404 0.010992 0.003765 0.001225 0.000380 0.000113 0.000033 0.000011 0.000004 0.000003 0.000002 0.000002 0.000002 0.000002 0.000002 0.000002 0.000002 0.000002 0.000002 0.000002 0.000002 0.000002 0.000002 0.000002 0.000002 0.000002 0.000002 0.000002 0.000002 0.000002 0.000002 0.000002 0.000002 0.000002 0.000001 0.000001 0.000001 0.000000 
50.000000 38.353363 27.697324 18.770422 11.913661 7.075302 3.931361 2.045035 0.997003 0.456206 0.196258 0.079524 0.030411 0.010998 0.003771 0.001231 0.000386 0.000120 0.000040 0.000017 0.000011 0.000009 0.000008 0.000008 0.000008 0.000008 0.000008 0.000008 0.000008 0.000008 0.000008 0.000008 0.000008 0.000008 0.000008 0.000008 0.000008 0.000008 0.000008 0.000008 0.000008 0.000008 0.000008 0.000008 0.000007 0.000007 0.000005 0.000004 0.000002 0.000000 
50.000000 38.353369 27.697335 18.770436 11.913679 7.075322 3.931382 2.045057 0.997025 0.456229 0.196281 0.079547 0.030433 0.011021 0.003794 0.001254 0.000409 0.000142 0.000062 0.000040 0.000033 0.000032 0.000031 0.000031 0.000031 0.000031 0.000031 0.000031 0.000031 0.000031 0.000031 0.000031 0.000031 0.000031 0.000031 0.000031 0.000031 0.000031 0.000031 0.000031 0.000031 0.000031 0.000030 0.000029 0.000027 0.000025 0.000020 0.000015 0.000008 0.000000 
50.000000 38.353387 27.697371 18.770486 11.913740 7.075391 3.931456 2.045134 0.997104 0.456308 0.196361 0.079627 0.030513 0.011101 0.003874 0.001334 0.000489 0.000222 0.000142 0.000120 0.000113 0.000112 0.000111 0.000111 0.000111 0.000111 0.000111 0.000111 0.000111 0.000111 0.000111 0.000111 0.000111 0.000111 0.000111 0.000111 0.000111 0.000111 0.000111 0.000111 0.000110 0.000110 0.000108 0.000104 0.000098 0.000088 0.000073 0.000052 0.000027 0.000000 
50.000000 38.353450 27.697490 18.770654 11.913944 7.075621 3.931702 2.045390 0.997365 0.456572 0.196626 0.079893 0.030780 0.011368 0.004141 0.001601 0.000756 0.000489 0.000409 0.000386 0.000380 0.000378 0.000378 0.000378 0.000378 0.000378 0.000378 0.000378 0.000378 0.000378 0.000378 0.000378 0.000378 0.000378 0.000378 0.000378 0.000378 0.000378 0.000377 0.000377 0.000375 0.000372 0.000366 0.000354 0.000333 0.000298 0.000247 0.000178 0.000094 0.000000 
50.000000 38.353648 27.697869 18.771184 11.914590 7.076348 3.932483 2.046201 0.998194 0.457410 0.197468 0.080737 0.031624 0.012213 0.004986 0.002446 0.001601 0.001334 0.001254 0.001231 0.001225 0.001223 0.001223 0.001223 0.001223 0.001223 0.001223 0.001223 0.001223 0.001223 0.001223 0.001223 0.001223 0.001223 0.001223 0.001223 0.001223 0.001222 0.001222 0.001220 0.001216 0.001206 0.001186 0.001147 0.001079 0.000968 0.000803 0.000579 0.000304 0.000000 
50.000000 38.354243 27.699008 18.772778 11.916532 7.078535 3.934827 2.048640 1.000685 0.459928 0.199999 0.083273 0.034163 0.014752 0.007526 0.004986 0.004141 0.003874 0.003794 0.003771 0.003765 0.003764 0.003763 0.003763 0.003763 0.003763 0.003763 0.003763 0.003763 0.003763 0.003763 0.003763 0.003763 0.003763 0.003763 0.003763 0.003763 0.003762 0.003760 0.003754 0.003741 0.003712 0.003652 0.003535 0.003327 0.002987 0.002480 0.001791 0.000942 0.000000 
50.000000 38.355935 27.702247 18.777310 11.922054 7.084754 3.941497 2.055579 1.007772 0.467091 0.207199 0.090489 0.041386 0.021978 0.014752 0.012213 0.011368 0.011101 0.011021 0.010998 0.010992 0.010990 0.010990 0.010990 0.010990 0.010990 0.010990 0.010990 0.010990 0.010990 0.010990 0.010990 0.010990 0.010990 0.010990 0.010990 0.010989 0.010987 0.010981 0.010965 0.010928 0.010846 0.010673 0.010338 0.009739 0.008755 0.007277 0.005261 0.002770 0.000000 
50.000000 38.360477 27.710940 18.789476 11.936881 7.101453 3.959408 2.074214 1.026808 0.486332 0.226538 0.109872 0.060787 0.041386 0.034163 0.031624 0.030780 0.030513 0.030433 0.030411 0.030404 0.030403 0.030402 0.030402 0.030402 0.030402 0.030402 0.030402 0.030402 0.030402 0.030402 0.030402 0.030402 0.030402 0.030402 0.030401 0.030399 0.030394 0.030378 0.030337 0.030239 0.030017 0.029553 0.028647 0.027016 0.024321 0.020249 0.014659 0.007729 0.000000 
50.000000 38.371960 27.732923 18.820242 11.974380 7.143690 4.004714 2.121355 1.074964 0.535009 0.275465 0.158910 0.109872 0.090489 0.083273 0.080737 0.079893 0.079627 0.079547 0.079524 0.079518 0.079516 0.079516 0.079516 0.079516 0.079516 0.079516 0.079516 0.079516 0.079516 0.079516 0.079516 0.079516 0.079516 0.079515 0.079514 0.079509 0.079494 0.079455 0.079354 0.079109 0.078554 0.077379 0.075075 0.070897 0.063935 0.053336 0.038689 0.020426 0.000000 
50.000000 38.399237 27.785143 18.893333 12.063474 7.244052 4.112378 2.233387 1.189414 0.650703 0.391753 0.275465 0.226538 0.207199 0.199999 0.197468 0.196626 0.196361 0.196281 0.196258 0.196252 0.196251 0.196250 0.196250 0.196250 0.196250 0.196250 0.196250 0.196250 0.196250 0.196250 0.196250 0.196250 0.196250 0.196248 0.196245 0.196234 0.196201 0.196111 0.195877 0.195306 0.194003 0.191227 0.185735 0.175686 0.158781 0.132798 0.096570 0.051082 0.000000 
50.000000 38.459944 27.901366 19.056020 12.261802 7.467483 4.352085 2.482834 1.444258 0.908323 0.650703 0.535009 0.486332 0.467091 0.459928 0.457410 0.456572 0.456308 0.456229 0.456206 0.456200 0.456198 0.456198 0.456198 0.456198 0.456198 0.456198 0.456198 0.456198 0.456198 0.456198 0.456198 0.456197 0.456197 0.456194 0.456187 0.456163 0.456093 0.455900 0.455397 0.454161 0.451318 0.445208 0.432994 0.410400 0.371938 0.312104 0.227714 0.120761 0.000000 
50.000000 38.586171 28.143040 19.394336 12.674266 7.932193 4.850687 3.001729 1.974402 1.444258 1.189414 1.074964 1.026808 1.007772 1.000685 0.998194 0.997365 0.997104 0.997025 0.997003 0.996997 0.996995 0.996995 0.996995 0.996995 0.996995 0.996995 0.996995 0.996995 0.996995 0.996995 0.996994 0.996994 0.996993 0.996988 0.996973 0.996927 0.996790 0.996410 0.995411 0.992940 0.987201 0.974739 0.949529 0.902261 0.820604 0.691592 0.506873 0.269767 0.000000 
50.000000 38.830669 28.611177 20.049715 13.473347 8.832566 5.816792 4.007214 3.001729 2.482834 2.233387 2.121355 2.074214 2.055579 2.048640 2.046201 2.045390 2.045134 2.045057 2.045035 2.045029 2.045027 2.045027 2.045027 2.045027 2.045027 2.045027 2.045027 2.045027 2.045027 2.045027 2.045027 2.045026 2.045024 2.045015 2.044989 2.044906 2.044661 2.043975 2.042159 2.037627 2.026990 2.003607 1.955626 1.864173 1.703243 1.443851 1.064880 0.569707 0.000000 
50.000000 39.270534 29.453413 21.228896 14.911185 10.452782 7.555408 5.816792 4.850687 4.352085 4.112378 4.004714 3.959408 3.941497 3.934827 3.932483 3.931702 3.931456 3.931382 3.931361 3.931355 3.931354 3.931354 3.931354 3.931353 3.931353 3.931353 3.931353 3.931353 3.931353 3.931353 3.931353 3.931352 3.931348 3.931335 3.931293 3.931159 3.930761 3.929639 3.926643 3.919091 3.901158 3.861167 3.777704 3.615408 3.323099 2.839490 2.113188 1.139548 0.000000 
50.000000 40.003358 30.856648 23.193616 17.307024 13.152689 10.452782 8.832566 7.932193 7.467483 7.244052 7.143690 7.101453 7.084754 7.078535 7.076348 7.075621 7.075391 7.075322 7.075302 7.075297 7.075296 7.075295 7.075295 7.075295 7.075295 7.075295 7.075295 7.075295 7.075295 7.075295 7.075295 7.075293 7.075288 7.075269 7.075208 7.075015 7.074437 7.072793 7.068366 7.057083 7.029932 6.968393 6.837375 6.576344 6.092256 5.263362 3.969834 2.168256 0.000000 
50.000000 41.130740 33.015460 26.216387 20.993285 17.307024 14.911185 13.473347 12.674266 12.261802 12.063474 11.974380 11.936881 11.922054 11.916532 11.914590 11.913944 11.913740 11.913679 11.913661 11.913656 11.913655 11.913655 11.913655 11.913655 11.913655 11.913655 11.913655 11.913655 11.913655 11.913654 11.913654 11.913652 11.913645 11.913622 11.913544 11.913299 11.912561 11.910445 11.904693 11.889864 11.853662 11.770104 11.588086 11.214767 10.496642 9.209919 7.090106 3.958200 0.000000 
50.000000 42.727964 36.074047 30.499187 26.216387 23.193616 21.228896 20.049715 19.394336 19.056020 18.893333 18.820242 18.789476 18.777310 18.772778 18.771184 18.770654 18.770486 18.770436 18.770422 18.770418 18.770417 18.770417 18.770417 18.770417 18.770417 18.770417 18.770417 18.770417 18.770417 18.770416 18.770416 18.770414 18.770407 18.770382 18.770298 18.770032 18.769227 18.766905 18.760534 18.743917 18.702744 18.605864 18.389406 17.930254 17.006468 15.249594 12.122247 7.044279 0.000000 
50.000000 44.806944 40.055247 36.074047 33.015460 30.856648 29.453413 28.611177 28.143040 27.901366 27.785143 27.732923 27.710940 27.702247 27.699008 27.697869 27.697490 27.697371 27.697335 27.697324 27.697322 27.697321 27.697321 27.697321 27.697321 27.697321 27.697321 27.697321 27.697321 27.697321 27.697320 27.697320 27.697318 27.697312 27.697290 27.697218 27.696986 27.696281 27.694234 27.688573 27.673652 27.636168 27.546297 27.340224 26.886814 25.925354 23.951799 20.027623 12.578426 0.000000 
50.000000 47.288244 44.806944 42.727964 41.130740 40.003358 39.270534 38.830669 38.586171 38.459944 38.399237 38.371960 38.360477 38.355935 38.354243 38.353648 38.353450 38.353387 38.353369 38.353363 38.353362 38.353361 38.353361 38.353361 38.353361 38.353361 38.353361 38.353361 38.353361 38.353361 38.353361 38.353361 38.353360 38.353356 38.353344 38.353301 38.353165 38.352748 38.351534 38.348155 38.339183 38.316404 38.260962 38.130986 37.835102 37.172540 35.683685 32.228518 23.644122 0.000000 
50.000000 50.000000 50.000000 50.000000 50.000000 50.000000 50.000000 50.000000 50.000000 50.000000 50.000000 50.000000 50.000000 50.000000 50.000000 50.000000 50.000000 50.000000 50.000000 50.000000 50.000000 50.000000 50.000000 50.000000 50.000000 50.000000 50.000000 50.000000 50.000000 50.000000 50.000000 50.000000 50.000000 50.000000 50.000000 50.000000 50.000000 50.000000 50.000000 50.000000 50.000000 50.000000 50.000000 50.000000 50.000000 50.000000 50.000000 50.000000 50.000000 50.000000 
