50.000000 50.000000 50.000000 50.000000 50.000000 50.000000 50.000000 50.000000 50.000000 50.000000 50.000000 50.000000 50.000000 50.000000 50.000000 50.000000 50.000000 50.000000 50.000000 50.000000 50.000000 50.000000 50.000000 50.000000 50.000000 50.000000 50.000000 50.000000 50.000000 50.000000 50.000000 50.000000 50.000000 50.000000 50.000000 50.000000 50.000000 50.000000 50.000000 50.000000 50.000000 50.000000 50.000000 50.000000 50.000000 50.000000 50.000000 50.000000 50.000000 50.000000 
50.000000 48.240910 46.578897 45.094990 43.842541 42.842714 42.087286 41.546634 41.179775 40.943522 40.798970 40.714843 40.668218 40.643580 40.631152 40.625161 40.622397 40.621175 40.620658 40.620447 40.620365 40.620334 40.620322 40.620318 40.620317 40.620317 40.620316 40.620316 40.620316 40.620314 40.620309 40.620296 40.620259 40.620164 40.619924 40.619338 40.617956 40.614805 40.607855 40.593003 40.562205 40.500045 40.377389 40.139211 39.679501 38.784285 36.986327 33.147819 24.120455 0.000000 
50.000000 46.578897 43.346596 40.460690 38.024934 36.080492 34.611363 33.559934 32.846497 32.387057 32.105952 31.942355 31.851688 31.803778 31.779612 31.767961 31.762587 31.760212 31.759205 31.758796 31.758635 31.758575 31.758553 31.758546 31.758543 31.758542 31.758542 31.758541 31.758540 31.758537 31.758528 31.758504 31.758438 31.758267 31.757834 31.756779 31.754299 31.748662 31.736279 31.709963 31.655786 31.547530 31.336968 30.936747 30.189571 28.811164 26.283913 21.673298 13.431077 0.000000 
50.000000 45.094990 40.460690 36.323055 32.830846 30.043078 27.936801 26.429400 25.406585 24.747927 24.344939 24.110416 23.980443 23.911766 23.877126 23.860426 23.852723 23.849319 23.847876 23.847289 23.847059 23.846973 23.846941 23.846930 23.846927 23.846925 23.846925 23.846924 23.846923 23.846919 23.846908 23.846877 23.846794 23.846576 23.846029 23.844701 23.841589 23.834551 23.819186 23.786788 23.720780 23.590689 23.342371 22.882597 22.055682 20.610405 18.161528 14.176777 8.108664 0.000000 
50.000000 43.842541 38.024934 32.830846 28.447026 24.947549 22.303590 20.411424 19.127566 18.300825 17.795014 17.500661 17.337536 17.251344 17.207870 17.186914 17.177247 17.172976 17.171165 17.170429 17.170140 17.170032 17.169993 17.169979 17.169974 17.169973 17.169972 17.169972 17.169970 17.169966 17.169954 17.169921 17.169833 17.169603 17.169028 17.167638 17.164395 17.157105 17.141308 17.108313 17.041885 16.912968 16.671790 16.236940 15.482039 14.223513 12.220442 9.213770 5.058256 0.000000 
50.000000 42.842714 36.080492 30.043078 24.947549 20.879998 17.806901 15.607669 14.115501 13.154647 12.566803 12.224723 12.035155 11.934996 11.884479 11.860128 11.848897 11.843934 11.841831 11.840975 11.840640 11.840514 11.840468 11.840452 11.840447 11.840445 11.840444 11.840444 11.840443 11.840439 11.840428 11.840397 11.840315 11.840102 11.839570 11.838290 11.835321 11.828693 11.814446 11.784984 11.726401 11.614463 11.409100 11.047857 10.439999 9.465510 7.987396 5.890921 3.163213 0.000000 
50.000000 42.087286 34.611363 27.936801 22.303590 17.806901 14.409649 11.978496 10.329013 9.266890 8.617111 8.239003 8.029478 7.918778 7.862948 7.836037 7.823625 7.818141 7.815817 7.814871 7.814502 7.814362 7.814312 7.814294 7.814288 7.814286 7.814286 7.814285 7.814284 7.814281 7.814271 7.814245 7.814176 7.813998 7.813554 7.812491 7.810039 7.804604 7.793016 7.769294 7.722695 7.634959 7.476873 7.204825 6.759044 6.066650 5.054203 3.674616 1.948074 0.000000 
50.000000 41.546634 33.559934 26.429400 20.411424 15.607669 11.978496 9.381429 7.619422 6.484874 5.790808 5.386943 5.163153 5.044921 4.985294 4.956555 4.943300 4.937444 4.934962 4.933952 4.933557 4.933409 4.933355 4.933336 4.933330 4.933328 4.933327 4.933326 4.933325 4.933323 4.933316 4.933296 4.933242 4.933105 4.932766 4.931956 4.930102 4.926018 4.917382 4.899871 4.865865 4.802704 4.690715 4.501623 4.198569 3.739634 3.087028 2.222966 1.169244 0.000000 
50.000000 41.179775 32.846497 25.406585 19.127566 14.115501 10.329013 7.619422 5.781110 4.597459 3.873373 3.452052 3.218597 3.095262 3.033065 3.003087 2.989261 2.983153 2.980565 2.979512 2.979100 2.978945 2.978889 2.978869 2.978863 2.978861 2.978860 2.978859 2.978859 2.978857 2.978852 2.978837 2.978799 2.978702 2.978462 2.977892 2.976593 2.973752 2.967791 2.955812 2.932792 2.890555 2.816718 2.694054 2.501038 2.214598 1.815896 1.298967 0.679731 0.000000 
50.000000 40.943522 32.387057 24.747927 18.300825 13.154647 9.266890 6.484874 4.597459 3.382215 2.638819 2.206272 1.966602 1.839988 1.776138 1.745365 1.731173 1.724903 1.722247 1.721166 1.720743 1.720584 1.720526 1.720506 1.720500 1.720497 1.720497 1.720496 1.720496 1.720494 1.720491 1.720481 1.720456 1.720392 1.720233 1.719859 1.719011 1.717168 1.713328 1.705675 1.691108 1.664667 1.619009 1.544195 1.428246 1.258940 1.027147 0.731271 0.381317 0.000000 
50.000000 40.798970 32.105952 24.344939 17.795014 12.566803 8.617111 5.790808 3.873373 2.638819 1.883623 1.444217 1.200752 1.072135 1.007277 0.976018 0.961603 0.955235 0.952536 0.951439 0.951009 0.950848 0.950789 0.950769 0.950762 0.950760 0.950759 0.950759 0.950758 0.950758 0.950755 0.950749 0.950734 0.950694 0.950596 0.950366 0.949847 0.948725 0.946403 0.941811 0.933144 0.917561 0.890937 0.847817 0.781819 0.686701 0.558151 0.395989 0.205968 0.000000 
50.000000 40.714843 31.942355 24.110416 17.500661 12.224723 8.239003 5.386943 3.452052 2.206272 1.444217 1.000827 0.755157 0.625378 0.559934 0.528394 0.513849 0.507424 0.504701 0.503593 0.503160 0.502997 0.502938 0.502918 0.502911 0.502908 0.502908 0.502907 0.502907 0.502907 0.502905 0.502902 0.502893 0.502869 0.502812 0.502679 0.502380 0.501737 0.500414 0.497814 0.492944 0.484261 0.469561 0.445987 0.410277 0.359353 0.291230 0.206076 0.106989 0.000000 
50.000000 40.668218 31.851688 23.980443 17.337536 12.035155 8.029478 5.163153 3.218597 1.966602 1.200752 0.755157 0.508268 0.377846 0.312078 0.280383 0.265766 0.259309 0.256573 0.255460 0.255025 0.254861 0.254802 0.254781 0.254774 0.254772 0.254771 0.254771 0.254771 0.254770 0.254770 0.254768 0.254763 0.254750 0.254719 0.254646 0.254483 0.254134 0.253420 0.252027 0.249434 0.244845 0.237135 0.224874 0.206462 0.180431 0.145892 0.103025 0.053413 0.000000 
50.000000 40.643580 31.803778 23.911766 17.251344 11.934996 7.918778 5.044921 3.095262 1.839988 1.072135 0.625378 0.377846 0.247085 0.181147 0.149369 0.134715 0.128242 0.125499 0.124383 0.123946 0.123782 0.123723 0.123702 0.123695 0.123693 0.123692 0.123692 0.123692 0.123691 0.123691 0.123690 0.123687 0.123681 0.123664 0.123627 0.123542 0.123363 0.122998 0.122289 0.120977 0.118669 0.114819 0.108739 0.099674 0.086949 0.070177 0.049479 0.025624 0.000000 
50.000000 40.631152 31.779612 23.877126 17.207870 11.884479 7.862948 4.985294 3.033065 1.776138 1.007277 0.559934 0.312078 0.181147 0.115124 0.083305 0.068632 0.062150 0.059403 0.058286 0.057849 0.057685 0.057625 0.057604 0.057597 0.057595 0.057594 0.057594 0.057594 0.057594 0.057594 0.057593 0.057592 0.057588 0.057580 0.057562 0.057520 0.057433 0.057255 0.056911 0.056279 0.055173 0.053338 0.050458 0.046189 0.040233 0.032424 0.022832 0.011814 0.000000 
50.000000 40.625161 31.767961 23.860426 17.186914 11.860128 7.836037 4.956555 3.003087 1.745365 0.976018 0.528394 0.280383 0.149369 0.083305 0.051466 0.036784 0.030298 0.027550 0.026432 0.025995 0.025830 0.025771 0.025750 0.025743 0.025740 0.025740 0.025740 0.025739 0.025739 0.025739 0.025739 0.025738 0.025737 0.025733 0.025724 0.025705 0.025664 0.025582 0.025423 0.025132 0.024625 0.023789 0.022484 0.020559 0.017886 0.014397 0.010128 0.005237 0.000000 
50.000000 40.622397 31.762587 23.852723 17.177247 11.848897 7.823625 4.943300 2.989261 1.731173 0.961603 0.513849 0.265766 0.134715 0.068632 0.036784 0.022098 0.015610 0.012861 0.011743 0.011305 0.011141 0.011081 0.011060 0.011053 0.011051 0.011050 0.011050 0.011050 0.011050 0.011050 0.011050 0.011050 0.011049 0.011047 0.011043 0.011035 0.011016 0.010980 0.010910 0.010782 0.010560 0.010195 0.009628 0.008795 0.007644 0.006147 0.004320 0.002233 0.000000 
50.000000 40.621175 31.760212 23.849319 17.172976 11.843934 7.818141 4.937444 2.983153 1.724903 0.955235 0.507424 0.259309 0.128242 0.062150 0.030298 0.015610 0.009121 0.006372 0.005253 0.004816 0.004652 0.004592 0.004571 0.004564 0.004562 0.004561 0.004561 0.004561 0.004561 0.004561 0.004561 0.004561 0.004560 0.004559 0.004558 0.004554 0.004546 0.004531 0.004501 0.004447 0.004354 0.004201 0.003965 0.003619 0.003143 0.002525 0.001774 0.000916 0.000000 
50.000000 40.620658 31.759205 23.847876 17.171165 11.841831 7.815817 4.934962 2.980565 1.722247 0.952536 0.504701 0.256573 0.125499 0.059403 0.027550 0.012861 0.006372 0.003622 0.002504 0.002067 0.001902 0.001842 0.001822 0.001815 0.001812 0.001812 0.001811 0.001811 0.001811 0.001811 0.001811 0.001811 0.001811 0.001811 0.001810 0.001809 0.001805 0.001799 0.001787 0.001765 0.001728 0.001666 0.001572 0.001434 0.001244 0.000999 0.000701 0.000362 0.000000 
50.000000 40.620447 31.758796 23.847289 17.170429 11.840975 7.814871 4.933952 2.979512 1.721166 0.951439 0.503593 0.255460 0.124383 0.058286 0.026432 0.011743 0.005253 0.002504 0.001385 0.000948 0.000784 0.000724 0.000703 0.000696 0.000694 0.000693 0.000693 0.000693 0.000693 0.000693 0.000693 0.000693 0.000693 0.000693 0.000692 0.000692 0.000690 0.000688 0.000683 0.000675 0.000660 0.000637 0.000600 0.000547 0.000474 0.000381 0.000267 0.000138 0.000000 
50.000000 40.620365 31.758635 23.847059 17.170140 11.840640 7.814502 4.933557 2.979100 1.720743 0.951009 0.503160 0.255025 0.123946 0.057849 0.025995 0.011305 0.004816 0.002067 0.000948 0.000511 0.000346 0.000287 0.000266 0.000259 0.000256 0.000256 0.000255 0.000255 0.000255 0.000255 0.000255 0.000255 0.000255 0.000255 0.000255 0.000255 0.000255 0.000254 0.000252 0.000249 0.000243 0.000234 0.000221 0.000201 0.000174 0.000140 0.000098 0.000051 0.000000 
50.000000 40.620334 31.758575 23.846973 17.170032 11.840514 7.814362 4.933409 2.978945 1.720584 0.950848 0.502997 0.254861 0.123782 0.057685 0.025830 0.011141 0.004652 0.001902 0.000784 0.000346 0.000182 0.000122 0.000101 0.000094 0.000092 0.000091 0.000091 0.000091 0.000091 0.000091 0.000091 0.000091 0.000091 0.000091 0.000091 0.000091 0.000091 0.000090 0.000090 0.000088 0.000086 0.000083 0.000078 0.000071 0.000062 0.000050 0.000035 0.000018 0.000000 
50.000000 40.620322 31.758553 23.846941 17.169993 11.840468 7.814312 4.933355 2.978889 1.720527 0.950789 0.502938 0.254802 0.123723 0.057625 0.025771 0.011081 0.004592 0.001843 0.000724 0.000287 0.000122 0.000062 0.000042 0.000035 0.000032 0.000032 0.000031 0.000031 0.000031 0.000031 0.000031 0.000031 0.000031 0.000031 0.000031 0.000031 0.000031 0.000031 0.000031 0.000030 0.000030 0.000029 0.000027 0.000025 0.000021 0.000017 0.000012 0.000006 0.000000 
50.000000 40.620318 31.758546 23.846931 17.169979 11.840453 7.814295 4.933336 2.978870 1.720507 0.950769 0.502918 0.254781 0.123702 0.057605 0.025750 0.011061 0.004571 0.001822 0.000703 0.000266 0.000101 0.000042 0.000021 0.000014 0.000012 0.000011 0.000011 0.000011 0.000011 0.000011 0.000011 0.000011 0.000011 0.000011 0.000011 0.000011 0.000011 0.000011 0.000011 0.000010 0.000010 0.000010 0.000009 0.000008 0.000007 0.000006 0.000004 0.000002 0.000000 
50.000000 40.620317 31.758543 23.846927 17.169975 11.840448 7.814289 4.933331 2.978864 1.720501 0.950763 0.502912 0.254775 0.123696 0.057598 0.025744 0.011054 0.004565 0.001816 0.000697 0.000260 0.000095 0.000036 0.000015 0.000008 0.000005 0.000005 0.000004 0.000004 0.000004 0.000004 0.000004 0.000004 0.000004 0.000004 0.000004 0.000004 0.000004 0.000004 0.000004 0.000004 0.000004 0.000004 0.000004 0.000003 0.000003 0.000002 0.000002 0.000001 0.000000 
50.000000 40.620317 31.758543 23.846927 17.169975 11.840448 7.814289 4.933331 2.978864 1.720501 0.950763 0.502912 0.254775 0.123696 0.057598 0.025744 0.011054 0.004565 0.001816 0.000697 0.000260 0.000095 0.000036 0.000015 0.000008 0.000005 0.000005 0.000004 0.000004 0.000004 0.000004 0.000004 0.000004 0.000004 0.000004 0.000004 0.000004 0.000004 0.000004 0.000004 0.000004 0.000004 0.000004 0.000004 0.000003 0.000003 0.000002 0.000002 0.000001 0.000000 
50.000000 40.620318 31.758546 23.846931 17.169979 11.840453 7.814295 4.933336 2.978870 1.720507 0.950769 0.502918 0.254781 0.123702 0.057605 0.025750 0.011061 0.004571 0.001822 0.000703 0.000266 0.000101 0.000042 0.000021 0.000014 0.000012 0.000011 0.000011 0.000011 0.000011 0.000011 0.000011 0.000011 0.000011 0.000011 0.000011 0.000011 0.000011 0.000011 0.000011 0.000010 0.000010 0.000010 0.000009 0.000008 0.000007 0.000006 0.000004 0.000002 0.000000 
50.000000 40.620322 31.758553 23.846941 17.169993 11.840468 7.814312 4.933355 2.978889 1.720527 0.950789 0.502938 0.254802 0.123723 0.057625 0.025771 0.011081 0.004592 0.001843 0.000724 0.000287 0.000122 0.000062 0.000042 0.000035 0.000032 0.000032 0.000031 0.000031 0.000031 0.000031 0.000031 0.000031 0.000031 0.000031 0.000031 0.000031 0.000031 0.000031 0.000031 0.000030 0.000030 0.000029 0.000027 0.000025 0.000021 0.000017 0.000012 0.000006 0.000000 
50.000000 40.620334 31.758575 23.846973 17.170032 11.840514 7.814362 4.933409 2.978945 1.720584 0.950848 0.502997 0.254861 0.123782 0.057685 0.025830 0.011141 0.004652 0.001902 0.000784 0.000346 0.000182 0.000122 0.000101 0.000094 0.000092 0.000091 0.000091 0.000091 0.000091 0.000091 0.000091 0.000091 0.000091 0.000091 0.000091 0.000091 0.000091 0.000090 0.000090 0.000088 0.000086 0.000083 0.000078 0.000071 0.000062 0.000050 0.000035 0.000018 0.000000 
50.000000 40.620365 31.758635 23.847059 17.170140 11.840640 7.814502 4.933557 2.979100 1.720743 0.951009 0.503160 0.255025 0.123946 0.057849 0.025995 0.011305 0.004816 0.002067 0.000948 0.000511 0.000346 0.000287 0.000266 0.000259 0.000256 0.000256 0.000255 0.000255 0.000255 0.000255 0.000255 0.000255 0.000255 0.000255 0.000255 0.000255 0.000255 0.000254 0.000252 0.000249 0.000243 0.000234 0.000221 0.000201 0.000174 0.000140 0.000098 0.000051 0.000000 
50.000000 40.620447 31.758796 23.847289 17.170429 11.840975 7.814871 4.933952 2.979512 1.721166 0.951439 0.503593 0.255460 0.124383 0.058286 0.026432 0.011743 0.005253 0.002504 0.001385 0.000948 0.000784 0.000724 0.000703 0.000696 0.000694 0.000693 0.000693 0.000693 0.000693 0.000693 0.000693 0.000693 0.000693 0.000693 0.000692 0.000692 0.000690 0.000688 0.000683 0.000675 0.000660 0.000637 0.000600 0.000547 0.000474 0.000381 0.000267 0.000138 0.000000 
50.000000 40.620658 31.759205 23.847876 17.171165 11.841831 7.815817 4.934962 2.980565 1.722247 0.952536 0.504701 0.256573 0.125499 0.059403 0.027550 0.012861 0.006372 0.003622 0.002504 0.002067 0.001902 0.001842 0.001822 0.001815 0.001812 0.001812 0.001811 0.001811 0.001811 0.001811 0.001811 0.001811 0.001811 0.001811 0.001810 0.001809 0.001805 0.001799 0.001787 0.001765 0.001728 0.001666 0.001572 0.001434 0.001244 0.000999 0.000701 0.000362 0.000000 
50.000000 40.621175 31.760212 23.849319 17.172976 11.843934 7.818141 4.937444 2.983153 1.724903 0.955235 0.507424 0.259309 0.128242 0.062150 0.030298 0.015610 0.009121 0.006372 0.005253 0.004816 0.004652 0.004592 0.004571 0.004564 0.004562 0.004561 0.004561 0.004561 0.004561 0.004561 0.004561 0.004561 0.004560 0.004559 0.004558 0.004554 0.004546 0.004531 0.004501 0.004447 0.004354 0.004201 0.003965 0.003619 0.003143 0.002525 0.001774 0.000916 0.000000 
50.000000 40.622397 31.762587 23.852723 17.177247 11.848897 7.823625 4.943300 2.989261 1.731173 0.961603 0.513849 0.265766 0.134715 0.068632 0.036784 0.022098 0.015610 0.012861 0.011743 0.011305 0.011141 0.011081 0.011060 0.011053 0.011051 0.011050 0.011050 0.011050 0.011050 0.011050 0.011050 0.011050 0.011049 0.011047 0.011043 0.011035 0.011016 0.010980 0.010910 0.010782 0.010560 0.010195 0.009628 0.008795 0.007644 0.006147 0.004320 0.002233 0.000000 
50.000000 40.625161 31.767961 23.860426 17.186914 11.860128 7.836037 4.956555 3.003087 1.745365 0.976018 0.528394 0.280383 0.149369 0.083305 0.051466 0.036784 0.030298 0.027550 0.026432 0.025995 0.025830 0.025771 0.025750 0.025743 0.025740 0.025740 0.025740 0.025739 0.025739 0.025739 0.025739 0.025738 0.025737 0.025733 0.025724 0.025705 0.025664 0.025582 0.025423 0.025132 0.024625 0.023789 0.022484 0.020559 0.017886 0.014397 0.010128 0.005237 0.000000 
50.000000 40.631152 31.779612 23.877126 17.207870 11.884479 7.862948 4.985294 3.033065 1.776138 1.007277 0.559934 0.312078 0.181147 0.115124 0.083305 0.068632 0.062150 0.059403 0.058286 0.057849 0.057685 0.057625 0.057604 0.057597 0.057595 0.057594 0.057594 0.057594 0.057594 0.057594 0.057593 0.057592 0.057588 0.057580 0.057562 0.057520 0.057433 0.057255 0.056911 0.056279 0.055173 0.053338 0.050458 0.046189 0.040233 0.032424 0.022832 0.011814 0.000000 
50.000000 40.643580 31.803778 23.911766 17.251344 11.934996 7.918778 5.044921 3.095262 1.839988 1.072135 0.625378 0.377846 0.247085 0.181147 0.149369 0.134715 0.128242 0.125499 0.124383 0.123946 0.123782 0.123723 0.123702 0.123695 0.123693 0.123692 0.123692 0.123692 0.123691 0.123691 0.123690 0.123687 0.123681 0.123664 0.123627 0.123542 0.123363 0.122998 0.122289 0.120977 0.118669 0.114819 0.108739 0.099674 0.086949 0.070177 0.049479 0.025624 0.000000 
50.000000 40.668218 31.851688 23.980443 17.337536 12.035155 8.029478 5.163153 3.218597 1.966602 1.200752 0.755157 0.508268 0.377846 0.312078 0.280383 0.265766 0.259309 0.256573 0.255460 0.255025 0.254861 0.254802 0.254781 0.254774 0.254772 0.254771 0.254771 0.254771 0.254770 0.254770 0.254768 0.254763 0.254750 0.254719 0.254646 0.254483 0.254134 0.253420 0.252027 0.249434 0.244845 0.237135 0.224874 0.206462 0.180431 0.145892 0.103025 0.053413 0.000000 
50.000000 40.714843 31.942355 24.110416 17.500661 12.224723 8.239003 5.386943 3.452052 2.206272 1.444217 1.000827 0.755157 0.625378 0.559934 0.528394 0.513849 0.507424 0.504701 0.503593 0.503160 0.502997 0.502938 0.502918 0.502911 0.502908 0.502908 0.502907 0.502907 0.502907 0.502905 0.502902 0.502893 0.502869 0.502812 0.502679 0.502380 0.501737 0.500414 0.497814 0.492944 0.484261 0.469561 0.445987 0.410277 0.359353 0.291230 0.206076 0.106989 0.000000 
50.000000 40.798970 32.105952 24.344939 17.795014 12.566803 8.617111 5.790808 3.873373 2.638819 1.883623 1.444217 1.200752 1.072135 1.007277 0.976018 0.961603 0.955235 0.952536 0.951439 0.951009 0.950848 0.950789 0.950769 0.950762 0.950760 0.950759 0.950759 0.950758 0.950758 0.950755 0.950749 0.950734 0.950694 0.950596 0.950366 0.949847 0.948725 0.946403 0.941811 0.933144 0.917561 0.890937 0.847817 0.781819 0.686701 0.558151 0.395989 0.205968 0.000000 
50.000000 40.943522 32.387057 24.747927 18.300825 13.154647 9.266890 6.484874 4.597459 3.382215 2.638819 2.206272 1.966602 1.839988 1.776138 1.745365 1.731173 1.724903 1.722247 1.721166 1.720743 1.720584 1.720526 1.720506 1.720500 1.720497 1.720497 1.720496 1.720496 1.720494 1.720491 1.720481 1.720456 1.720392 1.720233 1.719859 1.719011 1.717168 1.713328 1.705675 1.691108 1.664667 1.619009 1.544195 1.428246 1.258940 1.027147 0.731271 0.381317 0.000000 
50.000000 41.179775 32.846497 25.406585 19.127566 14.115501 10.329013 7.619422 5.781110 4.597459 3.873373 3.452052 3.218597 3.095262 3.033065 3.003087 2.989261 2.983153 2.980565 2.979512 2.979100 2.978945 2.978889 2.978869 2.978863 2.978861 2.978860 2.978859 2.978859 2.978857 2.978852 2.978837 2.978799 2.978702 2.978462 2.977892 2.976593 2.973752 2.967791 2.955812 2.932792 2.890555 2.816718 2.694054 2.501038 2.214598 1.815896 1.298967 0.679731 0.000000 
50.000000 41.546634 33.559934 26.429400 20.411424 15.607669 11.978496 9.381429 7.619422 6.484874 5.790808 5.386943 5.163153 5.044921 4.985294 4.956555 4.943300 4.937444 4.934962 4.933952 4.933557 4.933409 4.933355 4.933336 4.933330 4.933328 4.933327 4.933326 4.933325 4.933323 4.933316 4.933296 4.933242 4.933105 4.932766 4.931956 4.930102 4.926018 4.917382 4.899871 4.865865 4.802704 4.690715 4.501623 4.198569 3.739634 3.087028 2.222966 1.169244 0.000000 
50.000000 42.087286 34.611363 27.936801 22.303590 17.806901 14.409649 11.978496 10.329013 9.266890 8.617111 8.239003 8.029478 7.918778 7.862948 7.836037 7.823625 7.818141 7.815817 7.814871 7.814502 7.814362 7.814312 7.814294 7.814288 7.814286 7.814286 7.814285 7.814284 7.814281 7.814271 7.814245 7.814176 7.813998 7.813554 7.812491 7.810039 7.804604 7.793016 7.769294 7.722695 7.634959 7.476873 7.204825 6.759044 6.066650 5.054203 3.674616 1.948074 0.000000 
50.000000 42.842714 36.080492 30.043078 24.947549 20.879998 17.806901 15.607669 14.115501 13.154647 12.566803 12.224723 12.035155 11.934996 11.884479 11.860128 11.848897 11.843934 11.841831 11.840975 11.840640 11.840514 11.840468 11.840452 11.840447 11.840445 11.840444 11.840444 11.840443 11.840439 11.840428 11.840397 11.840315 11.840102 11.839570 11.838290 11.835321 11.828693 11.814446 11.784984 11.726401 11.614463 11.409100 11.047857 10.439999 9.465510 7.987396 5.890921 3.163213 0.000000 
50.000000 43.842541 38.024934 32.830846 28.447026 24.947549 22.303590 20.411424 19.127566 18.300825 17.795014 17.500661 17.337536 17.251344 17.207870 17.186914 17.177247 17.172976 17.171165 17.170429 17.170140 17.170032 17.169993 17.169979 17.169974 17.169973 17.169972 17.169972 17.169970 17.169966 17.169954 17.169921 17.169833 17.169603 17.169028 17.167638 17.164395 17.157105 17.141308 17.108313 17.041885 16.912968 16.671790 16.236940 15.482039 14.223513 12.220442 9.213770 5.058256 0.000000 
50.000000 45.094990 40.460690 36.323055 32.830846 30.043078 27.936801 26.429400 25.406585 24.747927 24.344939 24.110416 23.980443 23.911766 23.877126 23.860426 23.852723 23.849319 23.847876 23.847289 23.847059 23.846973 23.846941 23.846930 23.846927 23.846925 23.846925 23.846924 23.846923 23.846919 23.846908 23.846877 23.846794 23.846576 23.846029 23.844701 23.841589 23.834551 23.819186 23.786788 23.720780 23.590689 23.342371 22.882597 22.055682 20.610405 18.161528 14.176777 8.108664 0.000000 
50.000000 46.578897 43.346596 40.460690 38.024934 36.080492 34.611363 33.559934 32.846497 32.387057 32.105952 31.942355 31.851688 31.803778 31.779612 31.767961 31.762587 31.760212 31.759205 31.758796 31.758635 31.758575 31.758553 31.758546 31.758543 31.758542 31.758542 31.758541 31.758540 31.758537 31.758528 31.758504 31.758438 31.758267 31.757834 31.756779 31.754299 31.748662 31.736279 31.709963 31.655786 31.547530 31.336968 30.936747 30.189571 28.811164 26.283913 21.673298 13.431077 0.000000 
50.000000 48.240910 46.578897 45.094990 43.842541 42.842714 42.087286 41.546634 41.179775 40.943522 40.798970 40.714843 40.668218 40.643580 40.631152 40.625161 40.622397 40.621175 40.620658 40.620447 40.620365 40.620334 40.620322 40.620318 40.620317 40.620317 40.620316 40.620316 40.620316 40.620314 40.620309 40.620296 40.620259 40.620164 40.619924 40.619338 40.617956 40.614805 40.607855 40.593003 40.562205 40.500045 40.377389 40.139211 39.679501 38.784285 36.986327 33.147819 24.120455 0.000000 
50.000000 50.000000 50.000000 50.000000 50.000000 50.000000 50.000000 50.000000 50.000000 50.000000 50.000000 50.000000 50.000000 50.000000 50.000000 50.000000 50.000000 50.000000 50.000000 50.000000 50.000000 50.000000 50.000000 50.000000 50.000000 50.000000 50.000000 50.000000 50.000000 50.000000 50.000000 50.000000 50.000000 50.000000 50.000000 50.000000 50.000000 50.000000 50.000000 50.000000 50.000000 50.000000 50.000000 50.000000 50.000000 50.000000 50.000000 50.000000 50.000000 50.000000 
