50.000000 50.000000 50.000000 50.000000 50.000000 50.000000 50.000000 50.000000 50.000000 50.000000 50.000000 50.000000 50.000000 50.000000 50.000000 50.000000 50.000000 50.000000 50.000000 50.000000 50.000000 50.000000 50.000000 50.000000 50.000000 50.000000 50.000000 50.000000 50.000000 50.000000 50.000000 50.000000 50.000000 50.000000 50.000000 50.000000 50.000000 50.000000 50.000000 50.000000 50.000000 50.000000 50.000000 50.000000 50.000000 50.000000 50.000000 50.000000 50.000000 50.000000 
50.000000 46.797612 43.916411 41.581290 39.872488 38.739824 38.057221 37.681669 37.492246 37.404285 37.366529 37.351489 37.345909 37.343974 37.343345 37.343153 37.343097 37.343082 37.343078 37.343077 37.343077 37.343077 37.343077 37.343077 37.343077 37.343077 37.343077 37.343077 37.343077 37.343077 37.343077 37.343077 37.343077 37.343076 37.343073 37.343060 37.343015 37.342856 37.342331 37.340682 37.335771 37.321879 37.284513 37.188566 36.951764 36.383455 35.032263 31.760592 23.398806 0.000000 
50.000000 43.916411 38.443045 34.007158 30.761155 28.609664 27.313125 26.599843 26.240095 26.073055 26.001360 25.972803 25.962208 25.958535 25.957341 25.956976 25.956871 25.956842 25.956834 25.956833 25.956832 25.956832 25.956832 25.956832 25.956832 25.956832 25.956832 25.956832 25.956832 25.956832 25.956832 25.956832 25.956832 25.956830 25.956825 25.956804 25.956729 25.956469 25.955610 25.952930 25.945006 25.922837 25.864111 25.716669 25.365050 24.565972 22.829583 19.221522 12.155819 0.000000 
50.000000 41.581290 34.007158 27.868905 23.377396 20.400548 18.606763 17.620007 17.122377 16.891339 16.792185 16.752696 16.738048 16.732970 16.731319 16.730814 16.730669 16.730629 16.730619 16.730616 16.730616 16.730616 16.730615 16.730615 16.730615 16.730615 16.730615 16.730615 16.730615 16.730615 16.730615 16.730615 16.730615 16.730614 16.730608 16.730585 16.730503 16.730219 16.729291 16.726415 16.718002 16.694784 16.634415 16.486682 16.146842 15.413374 13.934453 11.177575 6.549027 0.000000 
50.000000 39.872488 30.761155 23.377396 17.974811 14.394378 12.237066 11.050449 10.452090 10.174318 10.055123 10.007658 9.990053 9.983951 9.981968 9.981362 9.981187 9.981139 9.981127 9.981124 9.981123 9.981123 9.981123 9.981123 9.981123 9.981123 9.981123 9.981123 9.981123 9.981123 9.981123 9.981123 9.981123 9.981121 9.981116 9.981097 9.981025 9.980781 9.979987 9.977549 9.970497 9.951314 9.902359 9.785469 9.525206 8.987406 7.964021 6.195183 3.489033 0.000000 
50.000000 38.739824 28.609664 20.400548 14.394378 10.414203 8.016228 6.697356 6.032377 5.723712 5.591275 5.538544 5.518990 5.512212 5.510010 5.509336 5.509142 5.509090 5.509076 5.509073 5.509072 5.509072 5.509072 5.509072 5.509072 5.509072 5.509072 5.509072 5.509072 5.509072 5.509072 5.509072 5.509071 5.509070 5.509067 5.509052 5.509000 5.508823 5.508252 5.506513 5.501538 5.488188 5.454705 5.376487 5.207101 4.869172 4.253706 3.244613 1.788060 0.000000 
50.000000 38.057221 27.313125 18.606763 12.237066 8.016228 5.473431 4.075017 3.369993 3.042771 2.902386 2.846497 2.825773 2.818591 2.816257 2.815544 2.815339 2.815283 2.815268 2.815265 2.815264 2.815264 2.815264 2.815264 2.815264 2.815264 2.815264 2.815264 2.815264 2.815264 2.815264 2.815263 2.815263 2.815263 2.815260 2.815251 2.815218 2.815107 2.814750 2.813671 2.810618 2.802526 2.782538 2.736715 2.639740 2.451597 2.120081 1.596456 0.868655 0.000000 
50.000000 37.681669 26.599843 17.620007 11.050449 6.697356 4.075017 2.632943 1.905952 1.568559 1.423821 1.366203 1.344840 1.337437 1.335032 1.334297 1.334085 1.334027 1.334012 1.334009 1.334008 1.334008 1.334008 1.334008 1.334008 1.334008 1.334008 1.334008 1.334008 1.334008 1.334008 1.334008 1.334008 1.334007 1.334006 1.334001 1.333982 1.333920 1.333722 1.333129 1.331465 1.327104 1.316471 1.292479 1.242652 1.148090 0.985593 0.735733 0.397157 0.000000 
50.000000 37.492246 26.240095 17.122377 10.452090 6.032377 3.369993 1.905952 1.167919 0.825417 0.678494 0.620009 0.598326 0.590813 0.588372 0.587626 0.587411 0.587352 0.587337 0.587334 0.587333 0.587333 0.587333 0.587333 0.587333 0.587333 0.587333 0.587333 0.587333 0.587333 0.587333 0.587333 0.587333 0.587332 0.587332 0.587329 0.587320 0.587289 0.587190 0.586897 0.586080 0.583960 0.578848 0.567467 0.544188 0.500777 0.427593 0.317258 0.170366 0.000000 
50.000000 37.404285 26.073055 16.891339 10.174318 5.723712 3.042771 1.568559 0.825417 0.480553 0.332621 0.273736 0.251905 0.244341 0.241884 0.241133 0.240917 0.240858 0.240843 0.240839 0.240838 0.240838 0.240838 0.240838 0.240838 0.240838 0.240838 0.240838 0.240838 0.240838 0.240838 0.240838 0.240838 0.240838 0.240837 0.240836 0.240832 0.240818 0.240773 0.240641 0.240276 0.239337 0.237094 0.232153 0.222174 0.203822 0.173338 0.128049 0.068515 0.000000 
50.000000 37.366529 26.001360 16.792185 10.055123 5.591275 2.902386 1.423821 0.678494 0.332621 0.184259 0.125204 0.103310 0.095724 0.093260 0.092507 0.092290 0.092231 0.092216 0.092212 0.092211 0.092211 0.092211 0.092211 0.092211 0.092211 0.092211 0.092211 0.092211 0.092211 0.092211 0.092211 0.092211 0.092211 0.092210 0.092210 0.092208 0.092202 0.092184 0.092129 0.091980 0.091597 0.090692 0.088715 0.084762 0.077573 0.065770 0.048430 0.025846 0.000000 
50.000000 37.351489 25.972803 16.752696 10.007658 5.538544 2.846497 1.366203 0.620009 0.273736 0.125204 0.066081 0.044163 0.036568 0.034101 0.033347 0.033130 0.033071 0.033056 0.033052 0.033051 0.033051 0.033051 0.033051 0.033051 0.033051 0.033051 0.033051 0.033051 0.033051 0.033051 0.033051 0.033051 0.033051 0.033051 0.033051 0.033050 0.033048 0.033041 0.033020 0.032963 0.032819 0.032481 0.031747 0.030293 0.027671 0.023405 0.017193 0.009158 0.000000 
50.000000 37.345909 25.962208 16.738048 9.990053 5.518990 2.825773 1.344840 0.598326 0.251905 0.103310 0.044163 0.022235 0.014637 0.012169 0.011415 0.011198 0.011139 0.011123 0.011120 0.011119 0.011119 0.011119 0.011119 0.011119 0.011119 0.011119 0.011119 0.011119 0.011119 0.011119 0.011119 0.011119 0.011119 0.011119 0.011118 0.011118 0.011117 0.011115 0.011108 0.011088 0.011037 0.010919 0.010666 0.010166 0.009272 0.007828 0.005740 0.003053 0.000000 
50.000000 37.343974 25.958535 16.732970 9.983951 5.512212 2.818591 1.337437 0.590813 0.244341 0.095724 0.036568 0.014637 0.007039 0.004570 0.003816 0.003599 0.003540 0.003524 0.003521 0.003520 0.003520 0.003519 0.003519 0.003519 0.003519 0.003519 0.003519 0.003519 0.003519 0.003519 0.003519 0.003519 0.003519 0.003519 0.003519 0.003519 0.003519 0.003518 0.003516 0.003509 0.003493 0.003454 0.003372 0.003212 0.002926 0.002466 0.001806 0.000959 0.000000 
50.000000 37.343345 25.957341 16.731319 9.981968 5.510010 2.816257 1.335032 0.588372 0.241884 0.093260 0.034101 0.012169 0.004570 0.002102 0.001347 0.001130 0.001071 0.001056 0.001052 0.001051 0.001051 0.001051 0.001051 0.001051 0.001051 0.001051 0.001051 0.001051 0.001051 0.001051 0.001051 0.001051 0.001051 0.001051 0.001051 0.001051 0.001051 0.001050 0.001050 0.001048 0.001043 0.001031 0.001006 0.000957 0.000871 0.000734 0.000536 0.000285 0.000000 
50.000000 37.343153 25.956976 16.730814 9.981362 5.509336 2.815544 1.334297 0.587626 0.241133 0.092507 0.033347 0.011415 0.003816 0.001347 0.000593 0.000376 0.000317 0.000301 0.000298 0.000297 0.000297 0.000297 0.000297 0.000297 0.000297 0.000297 0.000297 0.000297 0.000297 0.000297 0.000297 0.000297 0.000297 0.000297 0.000297 0.000297 0.000297 0.000296 0.000296 0.000296 0.000294 0.000291 0.000284 0.000270 0.000245 0.000206 0.000151 0.000080 0.000000 
50.000000 37.343097 25.956871 16.730669 9.981187 5.509142 2.815339 1.334085 0.587411 0.240917 0.092290 0.033130 0.011198 0.003599 0.001130 0.000376 0.000159 0.000099 0.000084 0.000080 0.000080 0.000079 0.000079 0.000079 0.000079 0.000079 0.000079 0.000079 0.000079 0.000079 0.000079 0.000079 0.000079 0.000079 0.000079 0.000079 0.000079 0.000079 0.000079 0.000079 0.000079 0.000079 0.000078 0.000076 0.000072 0.000066 0.000055 0.000040 0.000021 0.000000 
50.000000 37.343082 25.956842 16.730629 9.981139 5.509090 2.815283 1.334027 0.587352 0.240858 0.092231 0.033071 0.011139 0.003540 0.001071 0.000317 0.000099 0.000040 0.000025 0.000021 0.000020 0.000020 0.000020 0.000020 0.000020 0.000020 0.000020 0.000020 0.000020 0.000020 0.000020 0.000020 0.000020 0.000020 0.000020 0.000020 0.000020 0.000020 0.000020 0.000020 0.000020 0.000020 0.000020 0.000019 0.000018 0.000017 0.000014 0.000010 0.000005 0.000000 
50.000000 37.343078 25.956834 16.730619 9.981127 5.509076 2.815268 1.334012 0.587337 0.240843 0.092216 0.033056 0.011123 0.003524 0.001056 0.000301 0.000084 0.000025 0.000010 0.000006 0.000005 0.000005 0.000005 0.000005 0.000005 0.000005 0.000005 0.000005 0.000005 0.000005 0.000005 0.000005 0.000005 0.000005 0.000005 0.000005 0.000005 0.000005 0.000005 0.000005 0.000005 0.000005 0.000005 0.000005 0.000004 0.000004 0.000003 0.000002 0.000001 0.000000 
50.000000 37.343077 25.956833 16.730616 9.981124 5.509073 2.815265 1.334009 0.587334 0.240839 0.092212 0.033052 0.011120 0.003521 0.001052 0.000298 0.000080 0.000021 0.000006 0.000002 0.000001 0.000001 0.000001 0.000001 0.000001 0.000001 0.000001 0.000001 0.000001 0.000001 0.000001 0.000001 0.000001 0.000001 0.000001 0.000001 0.000001 0.000001 0.000001 0.000001 0.000001 0.000001 0.000001 0.000001 0.000001 0.000001 0.000001 0.000001 0.000000 0.000000 
50.000000 37.343077 25.956832 16.730616 9.981123 5.509072 2.815264 1.334008 0.587333 0.240838 0.092211 0.033051 0.011119 0.003520 0.001051 0.000297 0.000080 0.000020 0.000005 0.000001 0.000000 0.000000 0.000000 0.000000 0.000000 0.000000 0.000000 0.000000 0.000000 0.000000 0.000000 0.000000 0.000000 0.000000 0.000000 0.000000 0.000000 0.000000 0.000000 0.000000 0.000000 0.000000 0.000000 0.000000 0.000000 0.000000 0.000000 0.000000 0.000000 0.000000 
50.000000 37.343077 25.956832 16.730616 9.981123 5.509072 2.815264 1.334008 0.587333 0.240838 0.092211 0.033051 0.011119 0.003520 0.001051 0.000297 0.000079 0.000020 0.000005 0.000001 0.000000 0.000000 0.000000 0.000000 0.000000 0.000000 0.000000 0.000000 0.000000 0.000000 0.000000 0.000000 0.000000 0.000000 0.000000 0.000000 0.000000 0.000000 0.000000 0.000000 0.000000 0.000000 0.000000 0.000000 0.000000 0.000000 0.000000 0.000000 0.000000 0.000000 
50.000000 37.343077 25.956832 16.730615 9.981123 5.509072 2.815264 1.334008 0.587333 0.240838 0.092211 0.033051 0.011119 0.003519 0.001051 0.000297 0.000079 0.000020 0.000005 0.000001 0.000000 0.000000 0.000000 0.000000 0.000000 0.000000 0.000000 0.000000 0.000000 0.000000 0.000000 0.000000 0.000000 0.000000 0.000000 0.000000 0.000000 0.000000 0.000000 0.000000 0.000000 0.000000 0.000000 0.000000 0.000000 0.000000 0.000000 0.000000 0.000000 0.000000 
50.000000 37.343077 25.956832 16.730615 9.981123 5.509072 2.815264 1.334008 0.587333 0.240838 0.092211 0.033051 0.011119 0.003519 0.001051 0.000297 0.000079 0.000020 0.000005 0.000001 0.000000 0.000000 0.000000 0.000000 0.000000 0.000000 0.000000 0.000000 0.000000 0.000000 0.000000 0.000000 0.000000 0.000000 0.000000 0.000000 0.000000 0.000000 0.000000 0.000000 0.000000 0.000000 0.000000 0.000000 0.000000 0.000000 0.000000 0.000000 0.000000 0.000000 
50.000000 37.343077 25.956832 16.730615 9.981123 5.509072 2.815264 1.334008 0.587333 0.240838 0.092211 0.033051 0.011119 0.003519 0.001051 0.000297 0.000079 0.000020 0.000005 0.000001 0.000000 0.000000 0.000000 0.000000 0.000000 0.000000 0.000000 0.000000 0.000000 0.000000 0.000000 0.000000 0.000000 0.000000 0.000000 0.000000 0.000000 0.000000 0.000000 0.000000 0.000000 0.000000 0.000000 0.000000 0.000000 0.000000 0.000000 0.000000 0.000000 0.000000 
50.000000 37.343077 25.956832 16.730615 9.981123 5.509072 2.815264 1.334008 0.587333 0.240838 0.092211 0.033051 0.011119 0.003519 0.001051 0.000297 0.000079 0.000020 0.000005 0.000001 0.000000 0.000000 0.000000 0.000000 0.000000 0.000000 0.000000 0.000000 0.000000 0.000000 0.000000 0.000000 0.000000 0.000000 0.000000 0.000000 0.000000 0.000000 0.000000 0.000000 0.000000 0.000000 0.000000 0.000000 0.000000 0.000000 0.000000 0.000000 0.000000 0.000000 
50.000000 37.343077 25.956832 16.730615 9.981123 5.509072 2.815264 1.334008 0.587333 0.240838 0.092211 0.033051 0.011119 0.003519 0.001051 0.000297 0.000079 0.000020 0.000005 0.000001 0.000000 0.000000 0.000000 0.000000 0.000000 0.000000 0.000000 0.000000 0.000000 0.000000 0.000000 0.000000 0.000000 0.000000 0.000000 0.000000 0.000000 0.000000 0.000000 0.000000 0.000000 0.000000 0.000000 0.000000 0.000000 0.000000 0.000000 0.000000 0.000000 0.000000 
50.000000 37.343077 25.956832 16.730615 9.981123 5.509072 2.815264 1.334008 0.587333 0.240838 0.092211 0.033051 0.011119 0.003519 0.001051 0.000297 0.000079 0.000020 0.000005 0.000001 0.000000 0.000000 0.000000 0.000000 0.000000 0.000000 0.000000 0.000000 0.000000 0.000000 0.000000 0.000000 0.000000 0.000000 0.000000 0.000000 0.000000 0.000000 0.000000 0.000000 0.000000 0.000000 0.000000 0.000000 0.000000 0.000000 0.000000 0.000000 0.000000 0.000000 
50.000000 37.343077 25.956832 16.730616 9.981123 5.509072 2.815264 1.334008 0.587333 0.240838 0.092211 0.033051 0.011119 0.003520 0.001051 0.000297 0.000079 0.000020 0.000005 0.000001 0.000000 0.000000 0.000000 0.000000 0.000000 0.000000 0.000000 0.000000 0.000000 0.000000 0.000000 0.000000 0.000000 0.000000 0.000000 0.000000 0.000000 0.000000 0.000000 0.000000 0.000000 0.000000 0.000000 0.000000 0.000000 0.000000 0.000000 0.000000 0.000000 0.000000 
50.000000 37.343077 25.956832 16.730616 9.981123 5.509072 2.815264 1.334008 0.587333 0.240838 0.092211 0.033051 0.011119 0.003520 0.001051 0.000297 0.000080 0.000020 0.000005 0.000001 0.000000 0.000000 0.000000 0.000000 0.000000 0.000000 0.000000 0.000000 0.000000 0.000000 0.000000 0.000000 0.000000 0.000000 0.000000 0.000000 0.000000 0.000000 0.000000 0.000000 0.000000 0.000000 0.000000 0.000000 0.000000 0.000000 0.000000 0.000000 0.000000 0.000000 
50.000000 37.343077 25.956833 16.730616 9.981124 5.509073 2.815265 1.334009 0.587334 0.240839 0.092212 0.033052 0.011120 0.003521 0.001052 0.000298 0.000080 0.000021 0.000006 0.000002 0.000001 0.000001 0.000001 0.000001 0.000001 0.000001 0.000001 0.000001 0.000001 0.000001 0.000001 0.000001 0.000001 0.000001 0.000001 0.000001 0.000001 0.000001 0.000001 0.000001 0.000001 0.000001 0.000001 0.000001 0.000001 0.000001 0.000001 0.000001 0.000000 0.000000 
50.000000 37.343078 25.956834 16.730619 9.981127 5.509076 2.815268 1.334012 0.587337 0.240843 0.092216 0.033056 0.011123 0.003524 0.001056 0.000301 0.000084 0.000025 0.000010 0.000006 0.000005 0.000005 0.000005 0.000005 0.000005 0.000005 0.000005 0.000005 0.000005 0.000005 0.000005 0.000005 0.000005 0.000005 0.000005 0.000005 0.000005 0.000005 0.000005 0.000005 0.000005 0.000005 0.000005 0.000005 0.000004 0.000004 0.000003 0.000002 0.000001 0.000000 
50.000000 37.343082 25.956842 16.730629 9.981139 5.509090 2.815283 1.334027 0.587352 0.240858 0.092231 0.033071 0.011139 0.003540 0.001071 0.000317 0.000099 0.000040 0.000025 0.000021 0.000020 0.000020 0.000020 0.000020 0.000020 0.000020 0.000020 0.000020 0.000020 0.000020 0.000020 0.000020 0.000020 0.000020 0.000020 0.000020 0.000020 0.000020 0.000020 0.000020 0.000020 0.000020 0.000020 0.000019 0.000018 0.000017 0.000014 0.000010 0.000005 0.000000 
50.000000 37.343097 25.956871 16.730669 9.981187 5.509142 2.815339 1.334085 0.587411 0.240917 0.092290 0.033130 0.011198 0.003599 0.001130 0.000376 0.000159 0.000099 0.000084 0.000080 0.000080 0.000079 0.000079 0.000079 0.000079 0.000079 0.000079 0.000079 0.000079 0.000079 0.000079 0.000079 0.000079 0.000079 0.000079 0.000079 0.000079 0.000079 0.000079 0.000079 0.000079 0.000079 0.000078 0.000076 0.000072 0.000066 0.000055 0.000040 0.000021 0.000000 
50.000000 37.343153 25.956976 16.730814 9.981362 5.509336 2.815544 1.334297 0.587626 0.241133 0.092507 0.033347 0.011415 0.003816 0.001347 0.000593 0.000376 0.000317 0.000301 0.000298 0.000297 0.000297 0.000297 0.000297 0.000297 0.000297 0.000297 0.000297 0.000297 0.000297 0.000297 0.000297 0.000297 0.000297 0.000297 0.000297 0.000297 0.000297 0.000296 0.000296 0.000296 0.000294 0.000291 0.000284 0.000270 0.000245 0.000206 0.000151 0.000080 0.000000 
50.000000 37.343345 25.957341 16.731319 9.981968 5.510010 2.816257 1.335032 0.588372 0.241884 0.093260 0.034101 0.012169 0.004570 0.002102 0.001347 0.001130 0.001071 0.001056 0.001052 0.001051 0.001051 0.001051 0.001051 0.001051 0.001051 0.001051 0.001051 0.001051 0.001051 0.001051 0.001051 0.001051 0.001051 0.001051 0.001051 0.001051 0.001051 0.001050 0.001050 0.001048 0.001043 0.001031 0.001006 0.000957 0.000871 0.000734 0.000536 0.000285 0.000000 
50.000000 37.343974 25.958535 16.732970 9.983951 5.512212 2.818591 1.337437 0.590813 0.244341 0.095724 0.036568 0.014637 0.007039 0.004570 0.003816 0.003599 0.003540 0.003524 0.003521 0.003520 0.003520 0.003519 0.003519 0.003519 0.003519 0.003519 0.003519 0.003519 0.003519 0.003519 0.003519 0.003519 0.003519 0.003519 0.003519 0.003519 0.003519 0.003518 0.003516 0.003509 0.003493 0.003454 0.003372 0.003212 0.002926 0.002466 0.001806 0.000959 0.000000 
50.000000 37.345909 25.962208 16.738048 9.990053 5.518990 2.825773 1.344840 0.598326 0.251905 0.103310 0.044163 0.022235 0.014637 0.012169 0.011415 0.011198 0.011139 0.011123 0.011120 0.011119 0.011119 0.011119 0.011119 0.011119 0.011119 0.011119 0.011119 0.011119 0.011119 0.011119 0.011119 0.011119 0.011119 0.011119 0.011118 0.011118 0.011117 0.011115 0.011108 0.011088 0.011037 0.010919 0.010666 0.010166 0.009272 0.007828 0.005740 0.003053 0.000000 
50.000000 37.351489 25.972803 16.752696 10.007658 5.538544 2.846497 1.366203 0.620009 0.273736 0.125204 0.066081 0.044163 0.036568 0.034101 0.033347 0.033130 0.033071 0.033056 0.033052 0.033051 0.033051 0.033051 0.033051 0.033051 0.033051 0.033051 0.033051 0.033051 0.033051 0.033051 0.033051 0.033051 0.033051 0.033051 0.033051 0.033050 0.033048 0.033041 0.033020 0.032963 0.032819 0.032481 0.031747 0.030293 0.027671 0.023405 0.017193 0.009158 0.000000 
50.000000 37.366529 26.001360 16.792185 10.055123 5.591275 2.902386 1.423821 0.678494 0.332621 0.184259 0.125204 0.103310 0.095724 0.093260 0.092507 0.092290 0.092231 0.092216 0.092212 0.092211 0.092211 0.092211 0.092211 0.092211 0.092211 0.092211 0.092211 0.092211 0.092211 0.092211 0.092211 0.092211 0.092211 0.092210 0.092210 0.092208 0.092202 0.092184 0.092129 0.091980 0.091597 0.090692 0.088715 0.084762 0.077573 0.065770 0.048430 0.025846 0.000000 
50.000000 37.404285 26.073055 16.891339 10.174318 5.723712 3.042771 1.568559 0.825417 0.480553 0.332621 0.273736 0.251905 0.244341 0.241884 0.241133 0.240917 0.240858 0.240843 0.240839 0.240838 0.240838 0.240838 0.240838 0.240838 0.240838 0.240838 0.240838 0.240838 0.240838 0.240838 0.240838 0.240838 0.240838 0.240837 0.240836 0.240832 0.240818 0.240773 0.240641 0.240276 0.239337 0.237094 0.232153 0.222174 0.203822 0.173338 0.128049 0.068515 0.000000 
50.000000 37.492246 26.240095 17.122377 10.452090 6.032377 3.369993 1.905952 1.167919 0.825417 0.678494 0.620009 0.598326 0.590813 0.588372 0.587626 0.587411 0.587352 0.587337 0.587334 0.587333 0.587333 0.587333 0.587333 0.587333 0.587333 0.587333 0.587333 0.587333 0.587333 0.587333 0.587333 0.587333 0.587332 0.587332 0.587329 0.587320 0.587289 0.587190 0.586897 0.586080 0.583960 0.578848 0.567467 0.544188 0.500777 0.427593 0.317258 0.170366 0.000000 
50.000000 37.681669 26.599843 17.620007 11.050449 6.697356 4.075017 2.632943 1.905952 1.568559 1.423821 1.366203 1.344840 1.337437 1.335032 1.334297 1.334085 1.334027 1.334012 1.334009 1.334008 1.334008 1.334008 1.334008 1.334008 1.334008 1.334008 1.334008 1.334008 1.334008 1.334008 1.334008 1.334008 1.334007 1.334006 1.334001 1.333982 1.333920 1.333722 1.333129 1.331465 1.327104 1.316471 1.292479 1.242652 1.148090 0.985593 0.735733 0.397157 0.000000 
50.000000 38.057221 27.313125 18.606763 12.237066 8.016228 5.473431 4.075017 3.369993 3.042771 2.902386 2.846497 2.825773 2.818591 2.816257 2.815544 2.815339 2.815283 2.815268 2.815265 2.815264 2.815264 2.815264 2.815264 2.815264 2.815264 2.815264 2.815264 2.815264 2.815264 2.815264 2.815263 2.815263 2.815263 2.815260 2.815251 2.815218 2.815107 2.814750 2.813671 2.810618 2.802526 2.782538 2.736715 2.639740 2.451597 2.120081 1.596456 0.868655 0.000000 
50.000000 38.739824 28.609664 20.400548 14.394378 10.414203 8.016228 6.697356 6.032377 5.723712 5.591275 5.538544 5.518990 5.512212 5.510010 5.509336 5.509142 5.509090 5.509076 5.509073 5.509072 5.509072 5.509072 5.509072 5.509072 5.509072 5.509072 5.509072 5.509072 5.509072 5.509072 5.509072 5.509071 5.509070 5.509067 5.509052 5.509000 5.508823 5.508252 5.506513 5.501538 5.488188 5.454705 5.376487 5.207101 4.869172 4.253706 3.244613 1.788060 0.000000 
50.000000 39.872488 30.761155 23.377396 17.974811 14.394378 12.237066 11.050449 10.452090 10.174318 10.055123 10.007658 9.990053 9.983951 9.981968 9.981362 9.981187 9.981139 9.981127 9.981124 9.981123 9.981123 9.981123 9.981123 9.981123 9.981123 9.981123 9.981123 9.981123 9.981123 9.981123 9.981123 9.981123 9.981121 9.981116 9.981097 9.981025 9.980781 9.979987 9.977549 9.970497 9.951314 9.902359 9.785469 9.525206 8.987406 7.964021 6.195183 3.489033 0.000000 
50.000000 41.581290 34.007158 27.868905 23.377396 20.400548 18.606763 17.620007 17.122377 16.891339 16.792185 16.752696 16.738048 16.732970 16.731319 16.730814 16.730669 16.730629 16.730619 16.730616 16.730616 16.730616 16.730615 16.730615 16.730615 16.730615 16.730615 16.730615 16.730615 16.730615 16.730615 16.730615 16.730615 16.730614 16.730608 16.730585 16.730503 16.730219 16.729291 16.726415 16.718002 16.694784 16.634415 16.486682 16.146842 15.413374 13.934453 11.177575 6.549027 0.000000 
50.000000 43.916411 38.443045 34.007158 30.761155 28.609664 27.313125 26.599843 26.240095 26.073055 26.001360 25.972803 25.962208 25.958535 25.957341 25.956976 25.956871 25.956842 25.956834 25.956833 25.956832 25.956832 25.956832 25.956832 25.956832 25.956832 25.956832 25.956832 25.956832 25.956832 25.956832 25.956832 25.956832 25.956830 25.956825 25.956804 25.956729 25.956469 25.955610 25.952930 25.945006 25.922837 25.864111 25.716669 25.365050 24.565972 22.829583 19.221522 12.155819 0.000000 
50.000000 46.797612 43.916411 41.581290 39.872488 38.739824 38.057221 37.681669 37.492246 37.404285 37.366529 37.351489 37.345909 37.343974 37.343345 37.343153 37.343097 37.343082 37.343078 37.343077 37.343077 37.343077 37.343077 37.343077 37.343077 37.343077 37.343077 37.343077 37.343077 37.343077 37.343077 37.343077 37.343077 37.343076 37.343073 37.343060 37.343015 37.342856 37.342331 37.340682 37.335771 37.321879 37.284513 37.188566 36.951764 36.383455 35.032263 31.760592 23.398806 0.000000 
50.000000 50.000000 50.000000 50.000000 50.000000 50.000000 50.000000 50.000000 50.000000 50.000000 50.000000 50.000000 50.000000 50.000000 50.000000 50.000000 50.000000 50.000000 50.000000 50.000000 50.000000 50.000000 50.000000 50.000000 50.000000 50.000000 50.000000 50.000000 50.000000 50.000000 50.000000 50.000000 50.000000 50.000000 50.000000 50.000000 50.000000 50.000000 50.000000 50.000000 50.000000 50.000000 50.000000 50.000000 50.000000 50.000000 50.000000 50.000000 50.000000 50.000000 
