50.000000 50.000000 50.000000 50.000000 50.000000 50.000000 50.000000 50.000000 50.000000 50.000000 50.000000 50.000000 50.000000 50.000000 50.000000 50.000000 50.000000 50.000000 50.000000 50.000000 50.000000 50.000000 50.000000 50.000000 50.000000 50.000000 50.000000 50.000000 50.000000 50.000000 50.000000 50.000000 50.000000 50.000000 50.000000 50.000000 50.000000 50.000000 50.000000 50.000000 50.000000 50.000000 50.000000 50.000000 50.000000 50.000000 50.000000 50.000000 50.000000 50.000000 
50.000000 47.725829 45.613822 43.791527 42.329550 41.237709 40.477555 39.983366 39.682802 39.511453 39.419702 39.373463 39.351485 39.341613 39.337415 39.335721 39.335071 39.334834 39.334752 39.334724 39.334716 39.334713 39.334712 39.334712 39.334712 39.334712 39.334712 39.334712 39.334712 39.334712 39.334711 39.334710 39.334705 39.334689 39.334643 39.334506 39.334123 39.333094 39.330438 39.323862 39.308211 39.272333 39.192834 39.021591 38.659770 37.899312 36.275724 32.649018 23.862915 0.000000 
50.000000 45.613822 41.540425 38.025818 35.206179 33.100433 31.634413 30.681349 30.101714 29.771278 29.594346 29.505181 29.462803 29.443769 29.435674 29.432408 29.431155 29.430698 29.430539 29.430486 29.430469 29.430464 29.430463 29.430462 29.430462 29.430462 29.430462 29.430462 29.430462 29.430462 29.430461 29.430458 29.430450 29.430423 29.430341 29.430102 29.429435 29.427646 29.423053 29.411742 29.385021 29.324396 29.192028 28.913065 28.343192 27.208832 24.997330 20.770212 12.964805 0.000000 
50.000000 43.791527 38.025818 33.051112 29.060159 26.079729 24.004813 22.655949 21.835627 21.367999 21.117621 20.991448 20.931483 20.904552 20.893099 20.888479 20.886707 20.886060 20.885835 20.885760 20.885737 20.885729 20.885727 20.885727 20.885726 20.885726 20.885726 20.885726 20.885726 20.885726 20.885725 20.885722 20.885712 20.885679 20.885580 20.885293 20.884495 20.882367 20.876934 20.863662 20.832633 20.763202 20.614435 20.308989 19.707672 18.572846 16.525556 13.028488 7.515803 0.000000 
50.000000 42.329550 35.206179 29.060159 24.129628 20.447628 17.884382 16.218130 15.204833 14.627229 14.317983 14.162155 14.088101 14.054844 14.040702 14.034997 14.032810 14.032012 14.031734 14.031642 14.031612 14.031603 14.031601 14.031600 14.031600 14.031600 14.031600 14.031600 14.031599 14.031599 14.031598 14.031595 14.031585 14.031553 14.031455 14.031174 14.030395 14.028329 14.023095 14.010426 13.981154 13.916640 13.781103 13.509954 12.994262 12.064814 10.487313 7.997347 4.430238 0.000000 
50.000000 41.237709 33.100433 26.079729 20.447628 16.241840 13.314062 11.410927 10.253630 9.593978 9.240826 9.062884 8.978327 8.940355 8.924210 8.917698 8.915201 8.914290 8.913972 8.913867 8.913833 8.913823 8.913820 8.913819 8.913819 8.913819 8.913819 8.913819 8.913819 8.913819 8.913818 8.913815 8.913807 8.913779 8.913696 8.913457 8.912799 8.911067 8.906712 8.896272 8.872438 8.820689 8.713999 8.505574 8.120920 7.453366 6.372058 4.757241 2.577939 0.000000 
50.000000 40.477555 31.634413 24.004813 17.884382 13.314062 10.132635 8.064705 6.807256 6.090553 5.706880 5.513572 5.421718 5.380473 5.362937 5.355864 5.353153 5.352163 5.351819 5.351704 5.351668 5.351657 5.351653 5.351652 5.351652 5.351652 5.351652 5.351652 5.351652 5.351652 5.351651 5.351649 5.351643 5.351622 5.351559 5.351379 5.350885 5.349594 5.346373 5.338725 5.321464 5.284508 5.209610 5.066318 4.808488 4.374428 3.695824 2.721348 1.455964 0.000000 
50.000000 39.983366 30.681349 22.655949 16.218130 11.410927 8.064705 5.889736 4.567251 3.813516 3.410037 3.206760 3.110175 3.066808 3.048370 3.040934 3.038084 3.037044 3.036682 3.036562 3.036523 3.036512 3.036508 3.036507 3.036507 3.036507 3.036507 3.036507 3.036507 3.036507 3.036506 3.036505 3.036500 3.036486 3.036443 3.036320 3.035985 3.035115 3.032961 3.027891 3.016571 2.992640 2.944868 2.855095 2.696928 2.437027 2.041513 1.489321 0.790532 0.000000 
50.000000 39.682802 30.101714 21.835627 15.204833 10.253630 6.807256 4.567251 3.205267 2.429045 2.013545 1.804221 1.704767 1.660113 1.641130 1.633474 1.630540 1.629469 1.629096 1.628972 1.628933 1.628921 1.628918 1.628917 1.628916 1.628916 1.628916 1.628916 1.628916 1.628916 1.628916 1.628915 1.628912 1.628903 1.628876 1.628800 1.628592 1.628056 1.626738 1.623661 1.616856 1.602633 1.574611 1.522747 1.432941 1.288193 1.072424 0.777318 0.410469 0.000000 
50.000000 39.511453 29.771278 21.367999 14.627229 9.593978 6.090553 3.813516 2.429045 1.640028 1.217691 1.004928 0.903844 0.858460 0.839167 0.831386 0.828404 0.827316 0.826938 0.826812 0.826772 0.826759 0.826756 0.826755 0.826755 0.826755 0.826755 0.826755 0.826755 0.826754 0.826754 0.826754 0.826752 0.826747 0.826731 0.826687 0.826569 0.826264 0.825520 0.823795 0.820014 0.812189 0.796944 0.769090 0.721540 0.646074 0.535366 0.386256 0.203242 0.000000 
50.000000 39.419702 29.594346 21.117621 14.317983 9.240826 5.706880 3.410037 2.013545 1.217691 0.791702 0.577104 0.475149 0.429376 0.409918 0.402071 0.399063 0.397966 0.397584 0.397457 0.397417 0.397404 0.397401 0.397400 0.397400 0.397399 0.397399 0.397399 0.397399 0.397399 0.397399 0.397399 0.397398 0.397395 0.397387 0.397364 0.397301 0.397140 0.396750 0.395851 0.393896 0.389885 0.382145 0.368156 0.344554 0.307558 0.253959 0.182604 0.095840 0.000000 
50.000000 39.373463 29.505181 20.991448 14.162155 9.062884 5.513572 3.206760 1.804221 1.004928 0.577104 0.361583 0.259192 0.213223 0.193682 0.185802 0.182782 0.181680 0.181296 0.181169 0.181128 0.181116 0.181112 0.181111 0.181111 0.181111 0.181111 0.181111 0.181111 0.181111 0.181111 0.181111 0.181110 0.181109 0.181105 0.181093 0.181062 0.180983 0.180792 0.180354 0.179409 0.177483 0.173799 0.167199 0.156172 0.139061 0.114514 0.082128 0.043024 0.000000 
50.000000 39.351485 29.462803 20.931483 14.088101 8.978327 5.421718 3.110175 1.704767 0.903844 0.475149 0.259192 0.156594 0.110533 0.090953 0.083057 0.080030 0.078926 0.078542 0.078414 0.078374 0.078361 0.078358 0.078357 0.078356 0.078356 0.078356 0.078356 0.078356 0.078356 0.078356 0.078356 0.078356 0.078355 0.078353 0.078348 0.078334 0.078297 0.078209 0.078009 0.077580 0.076711 0.075060 0.072125 0.067260 0.059773 0.049117 0.035156 0.018391 0.000000 
50.000000 39.341613 29.443769 20.904552 14.054844 8.940355 5.380473 3.066808 1.660113 0.858460 0.429376 0.213223 0.110533 0.064430 0.044832 0.036929 0.033900 0.032795 0.032411 0.032283 0.032242 0.032230 0.032226 0.032225 0.032225 0.032225 0.032225 0.032225 0.032225 0.032225 0.032225 0.032225 0.032225 0.032224 0.032224 0.032221 0.032215 0.032199 0.032161 0.032075 0.031891 0.031521 0.030822 0.029588 0.027556 0.024450 0.020057 0.014334 0.007490 0.000000 
50.000000 39.337415 29.435674 20.893099 14.040702 8.924210 5.362937 3.048370 1.641130 0.839167 0.409918 0.193682 0.090953 0.044832 0.025227 0.017321 0.014291 0.013186 0.012801 0.012673 0.012632 0.012620 0.012616 0.012615 0.012615 0.012615 0.012615 0.012615 0.012615 0.012615 0.012615 0.012615 0.012615 0.012615 0.012615 0.012614 0.012611 0.012604 0.012589 0.012554 0.012480 0.012330 0.012050 0.011558 0.010753 0.009528 0.007806 0.005572 0.002909 0.000000 
50.000000 39.335721 29.432408 20.888479 14.034997 8.917698 5.355864 3.040934 1.633474 0.831386 0.402071 0.185802 0.083057 0.036929 0.017321 0.009414 0.006384 0.005278 0.004893 0.004765 0.004725 0.004712 0.004709 0.004708 0.004707 0.004707 0.004707 0.004707 0.004707 0.004707 0.004707 0.004707 0.004707 0.004707 0.004707 0.004707 0.004706 0.004703 0.004697 0.004684 0.004655 0.004598 0.004492 0.004305 0.004002 0.003542 0.002898 0.002067 0.001078 0.000000 
50.000000 39.335071 29.431155 20.886707 14.032810 8.915201 5.353153 3.038084 1.630540 0.828404 0.399063 0.182782 0.080030 0.033900 0.014291 0.006384 0.003353 0.002247 0.001863 0.001735 0.001694 0.001682 0.001678 0.001677 0.001677 0.001677 0.001677 0.001677 0.001677 0.001677 0.001677 0.001677 0.001677 0.001677 0.001676 0.001676 0.001676 0.001675 0.001673 0.001668 0.001658 0.001637 0.001598 0.001531 0.001422 0.001258 0.001028 0.000733 0.000382 0.000000 
50.000000 39.334834 29.430698 20.886060 14.032012 8.914290 5.352163 3.037044 1.629469 0.827316 0.397966 0.181680 0.078926 0.032795 0.013186 0.005278 0.002247 0.001141 0.000757 0.000629 0.000588 0.000576 0.000572 0.000571 0.000571 0.000571 0.000571 0.000571 0.000571 0.000571 0.000571 0.000571 0.000571 0.000571 0.000571 0.000571 0.000571 0.000570 0.000569 0.000568 0.000564 0.000557 0.000544 0.000521 0.000483 0.000427 0.000349 0.000248 0.000129 0.000000 
50.000000 39.334752 29.430539 20.885835 14.031734 8.913972 5.351819 3.036682 1.629096 0.826938 0.397584 0.181296 0.078542 0.032411 0.012801 0.004893 0.001863 0.000757 0.000372 0.000244 0.000203 0.000191 0.000187 0.000186 0.000186 0.000186 0.000186 0.000186 0.000186 0.000186 0.000186 0.000186 0.000186 0.000186 0.000186 0.000186 0.000186 0.000186 0.000186 0.000185 0.000184 0.000181 0.000177 0.000169 0.000157 0.000139 0.000113 0.000081 0.000042 0.000000 
50.000000 39.334724 29.430486 20.885760 14.031642 8.913867 5.351704 3.036562 1.628972 0.826812 0.397457 0.181169 0.078414 0.032283 0.012673 0.004765 0.001735 0.000629 0.000244 0.000116 0.000075 0.000063 0.000059 0.000058 0.000058 0.000058 0.000058 0.000058 0.000058 0.000058 0.000058 0.000058 0.000058 0.000058 0.000058 0.000058 0.000058 0.000058 0.000058 0.000058 0.000057 0.000057 0.000055 0.000053 0.000049 0.000043 0.000035 0.000025 0.000013 0.000000 
50.000000 39.334716 29.430469 20.885737 14.031612 8.913833 5.351668 3.036523 1.628933 0.826772 0.397417 0.181128 0.078374 0.032242 0.012632 0.004725 0.001694 0.000588 0.000203 0.000075 0.000035 0.000022 0.000019 0.000018 0.000017 0.000017 0.000017 0.000017 0.000017 0.000017 0.000017 0.000017 0.000017 0.000017 0.000017 0.000017 0.000017 0.000017 0.000017 0.000017 0.000017 0.000017 0.000017 0.000016 0.000015 0.000013 0.000011 0.000007 0.000004 0.000000 
50.000000 39.334713 29.430464 20.885729 14.031603 8.913823 5.351657 3.036512 1.628921 0.826759 0.397404 0.181116 0.078361 0.032230 0.012620 0.004712 0.001682 0.000576 0.000191 0.000063 0.000022 0.000010 0.000006 0.000005 0.000005 0.000005 0.000005 0.000005 0.000005 0.000005 0.000005 0.000005 0.000005 0.000005 0.000005 0.000005 0.000005 0.000005 0.000005 0.000005 0.000005 0.000005 0.000005 0.000005 0.000004 0.000004 0.000003 0.000002 0.000001 0.000000 
50.000000 39.334712 29.430463 20.885727 14.031601 8.913820 5.351653 3.036508 1.628918 0.826756 0.397401 0.181112 0.078358 0.032226 0.012616 0.004709 0.001678 0.000572 0.000187 0.000059 0.000019 0.000006 0.000003 0.000002 0.000001 0.000001 0.000001 0.000001 0.000001 0.000001 0.000001 0.000001 0.000001 0.000001 0.000001 0.000001 0.000001 0.000001 0.000001 0.000001 0.000001 0.000001 0.000001 0.000001 0.000001 0.000001 0.000001 0.000001 0.000000 0.000000 
50.000000 39.334712 29.430462 20.885727 14.031600 8.913819 5.351652 3.036507 1.628917 0.826755 0.397400 0.181111 0.078357 0.032225 0.012615 0.004708 0.001677 0.000571 0.000186 0.000058 0.000018 0.000005 0.000002 0.000001 0.000000 0.000000 0.000000 0.000000 0.000000 0.000000 0.000000 0.000000 0.000000 0.000000 0.000000 0.000000 0.000000 0.000000 0.000000 0.000000 0.000000 0.000000 0.000000 0.000000 0.000000 0.000000 0.000000 0.000000 0.000000 0.000000 
50.000000 39.334712 29.430462 20.885726 14.031600 8.913819 5.351652 3.036507 1.628916 0.826755 0.397400 0.181111 0.078356 0.032225 0.012615 0.004707 0.001677 0.000571 0.000186 0.000058 0.000018 0.000005 0.000002 0.000000 0.000000 0.000000 0.000000 0.000000 0.000000 0.000000 0.000000 0.000000 0.000000 0.000000 0.000000 0.000000 0.000000 0.000000 0.000000 0.000000 0.000000 0.000000 0.000000 0.000000 0.000000 0.000000 0.000000 0.000000 0.000000 0.000000 
50.000000 39.334712 29.430462 20.885726 14.031600 8.913819 5.351652 3.036507 1.628916 0.826755 0.397400 0.181111 0.078356 0.032225 0.012615 0.004707 0.001677 0.000571 0.000186 0.000058 0.000018 0.000005 0.000002 0.000000 0.000000 0.000000 0.000000 0.000000 0.000000 0.000000 0.000000 0.000000 0.000000 0.000000 0.000000 0.000000 0.000000 0.000000 0.000000 0.000000 0.000000 0.000000 0.000000 0.000000 0.000000 0.000000 0.000000 0.000000 0.000000 0.000000 
50.000000 39.334712 29.430462 20.885727 14.031600 8.913819 5.351652 3.036507 1.628917 0.826755 0.397400 0.181111 0.078357 0.032225 0.012615 0.004708 0.001677 0.000571 0.000186 0.000058 0.000018 0.000005 0.000002 0.000001 0.000000 0.000000 0.000000 0.000000 0.000000 0.000000 0.000000 0.000000 0.000000 0.000000 0.000000 0.000000 0.000000 0.000000 0.000000 0.000000 0.000000 0.000000 0.000000 0.000000 0.000000 0.000000 0.000000 0.000000 0.000000 0.000000 
50.000000 39.334712 29.430463 20.885727 14.031601 8.913820 5.351653 3.036508 1.628918 0.826756 0.397401 0.181112 0.078358 0.032226 0.012616 0.004709 0.001678 0.000572 0.000187 0.000059 0.000019 0.000006 0.000003 0.000002 0.000001 0.000001 0.000001 0.000001 0.000001 0.000001 0.000001 0.000001 0.000001 0.000001 0.000001 0.000001 0.000001 0.000001 0.000001 0.000001 0.000001 0.000001 0.000001 0.000001 0.000001 0.000001 0.000001 0.000001 0.000000 0.000000 
50.000000 39.334713 29.430464 20.885729 14.031603 8.913823 5.351657 3.036512 1.628921 0.826759 0.397404 0.181116 0.078361 0.032230 0.012620 0.004712 0.001682 0.000576 0.000191 0.000063 0.000022 0.000010 0.000006 0.000005 0.000005 0.000005 0.000005 0.000005 0.000005 0.000005 0.000005 0.000005 0.000005 0.000005 0.000005 0.000005 0.000005 0.000005 0.000005 0.000005 0.000005 0.000005 0.000005 0.000005 0.000004 0.000004 0.000003 0.000002 0.000001 0.000000 
50.000000 39.334716 29.430469 20.885737 14.031612 8.913833 5.351668 3.036523 1.628933 0.826772 0.397417 0.181128 0.078374 0.032242 0.012632 0.004725 0.001694 0.000588 0.000203 0.000075 0.000035 0.000022 0.000019 0.000018 0.000017 0.000017 0.000017 0.000017 0.000017 0.000017 0.000017 0.000017 0.000017 0.000017 0.000017 0.000017 0.000017 0.000017 0.000017 0.000017 0.000017 0.000017 0.000017 0.000016 0.000015 0.000013 0.000011 0.000007 0.000004 0.000000 
50.000000 39.334724 29.430486 20.885760 14.031642 8.913867 5.351704 3.036562 1.628972 0.826812 0.397457 0.181169 0.078414 0.032283 0.012673 0.004765 0.001735 0.000629 0.000244 0.000116 0.000075 0.000063 0.000059 0.000058 0.000058 0.000058 0.000058 0.000058 0.000058 0.000058 0.000058 0.000058 0.000058 0.000058 0.000058 0.000058 0.000058 0.000058 0.000058 0.000058 0.000057 0.000057 0.000055 0.000053 0.000049 0.000043 0.000035 0.000025 0.000013 0.000000 
50.000000 39.334752 29.430539 20.885835 14.031734 8.913972 5.351819 3.036682 1.629096 0.826938 0.397584 0.181296 0.078542 0.032411 0.012801 0.004893 0.001863 0.000757 0.000372 0.000244 0.000203 0.000191 0.000187 0.000186 0.000186 0.000186 0.000186 0.000186 0.000186 0.000186 0.000186 0.000186 0.000186 0.000186 0.000186 0.000186 0.000186 0.000186 0.000186 0.000185 0.000184 0.000181 0.000177 0.000169 0.000157 0.000139 0.000113 0.000081 0.000042 0.000000 
50.000000 39.334834 29.430698 20.886060 14.032012 8.914290 5.352163 3.037044 1.629469 0.827316 0.397966 0.181680 0.078926 0.032795 0.013186 0.005278 0.002247 0.001141 0.000757 0.000629 0.000588 0.000576 0.000572 0.000571 0.000571 0.000571 0.000571 0.000571 0.000571 0.000571 0.000571 0.000571 0.000571 0.000571 0.000571 0.000571 0.000571 0.000570 0.000569 0.000568 0.000564 0.000557 0.000544 0.000521 0.000483 0.000427 0.000349 0.000248 0.000129 0.000000 
50.000000 39.335071 29.431155 20.886707 14.032810 8.915201 5.353153 3.038084 1.630540 0.828404 0.399063 0.182782 0.080030 0.033900 0.014291 0.006384 0.003353 0.002247 0.001863 0.001735 0.001694 0.001682 0.001678 0.001677 0.001677 0.001677 0.001677 0.001677 0.001677 0.001677 0.001677 0.001677 0.001677 0.001677 0.001676 0.001676 0.001676 0.001675 0.001673 0.001668 0.001658 0.001637 0.001598 0.001531 0.001422 0.001258 0.001028 0.000733 0.000382 0.000000 
50.000000 39.335721 29.432408 20.888479 14.034997 8.917698 5.355864 3.040934 1.633474 0.831386 0.402071 0.185802 0.083057 0.036929 0.017321 0.009414 0.006384 0.005278 0.004893 0.004765 0.004725 0.004712 0.004709 0.004708 0.004707 0.004707 0.004707 0.004707 0.004707 0.004707 0.004707 0.004707 0.004707 0.004707 0.004707 0.004707 0.004706 0.004703 0.004697 0.004684 0.004655 0.004598 0.004492 0.004305 0.004002 0.003542 0.002898 0.002067 0.001078 0.000000 
50.000000 39.337415 29.435674 20.893099 14.040702 8.924210 5.362937 3.048370 1.641130 0.839167 0.409918 0.193682 0.090953 0.044832 0.025227 0.017321 0.014291 0.013186 0.012801 0.012673 0.012632 0.012620 0.012616 0.012615 0.012615 0.012615 0.012615 0.012615 0.012615 0.012615 0.012615 0.012615 0.012615 0.012615 0.012615 0.012614 0.012611 0.012604 0.012589 0.012554 0.012480 0.012330 0.012050 0.011558 0.010753 0.009528 0.007806 0.005572 0.002909 0.000000 
50.000000 39.341613 29.443769 20.904552 14.054844 8.940355 5.380473 3.066808 1.660113 0.858460 0.429376 0.213223 0.110533 0.064430 0.044832 0.036929 0.033900 0.032795 0.032411 0.032283 0.032242 0.032230 0.032226 0.032225 0.032225 0.032225 0.032225 0.032225 0.032225 0.032225 0.032225 0.032225 0.032225 0.032224 0.032224 0.032221 0.032215 0.032199 0.032161 0.032075 0.031891 0.031521 0.030822 0.029588 0.027556 0.024450 0.020057 0.014334 0.007490 0.000000 
50.000000 39.351485 29.462803 20.931483 14.088101 8.978327 5.421718 3.110175 1.704767 0.903844 0.475149 0.259192 0.156594 0.110533 0.090953 0.083057 0.080030 0.078926 0.078542 0.078414 0.078374 0.078361 0.078358 0.078357 0.078356 0.078356 0.078356 0.078356 0.078356 0.078356 0.078356 0.078356 0.078356 0.078355 0.078353 0.078348 0.078334 0.078297 0.078209 0.078009 0.077580 0.076711 0.075060 0.072125 0.067260 0.059773 0.049117 0.035156 0.018391 0.000000 
50.000000 39.373463 29.505181 20.991448 14.162155 9.062884 5.513572 3.206760 1.804221 1.004928 0.577104 0.361583 0.259192 0.213223 0.193682 0.185802 0.182782 0.181680 0.181296 0.181169 0.181128 0.181116 0.181112 0.181111 0.181111 0.181111 0.181111 0.181111 0.181111 0.181111 0.181111 0.181111 0.181110 0.181109 0.181105 0.181093 0.181062 0.180983 0.180792 0.180354 0.179409 0.177483 0.173799 0.167199 0.156172 0.139061 0.114514 0.082128 0.043024 0.000000 
50.000000 39.419702 29.594346 21.117621 14.317983 9.240826 5.706880 3.410037 2.013545 1.217691 0.791702 0.577104 0.475149 0.429376 0.409918 0.402071 0.399063 0.397966 0.397584 0.397457 0.397417 0.397404 0.397401 0.397400 0.397400 0.397399 0.397399 0.397399 0.397399 0.397399 0.397399 0.397399 0.397398 0.397395 0.397387 0.397364 0.397301 0.397140 0.396750 0.395851 0.393896 0.389885 0.382145 0.368156 0.344554 0.307558 0.253959 0.182604 0.095840 0.000000 
50.000000 39.511453 29.771278 21.367999 14.627229 9.593978 6.090553 3.813516 2.429045 1.640028 1.217691 1.004928 0.903844 0.858460 0.839167 0.831386 0.828404 0.827316 0.826938 0.826812 0.826772 0.826759 0.826756 0.826755 0.826755 0.826755 0.826755 0.826755 0.826755 0.826754 0.826754 0.826754 0.826752 0.826747 0.826731 0.826687 0.826569 0.826264 0.825520 0.823795 0.820014 0.812189 0.796944 0.769090 0.721540 0.646074 0.535366 0.386256 0.203242 0.000000 
50.000000 39.682802 30.101714 21.835627 15.204833 10.253630 6.807256 4.567251 3.205267 2.429045 2.013545 1.804221 1.704767 1.660113 1.641130 1.633474 1.630540 1.629469 1.629096 1.628972 1.628933 1.628921 1.628918 1.628917 1.628916 1.628916 1.628916 1.628916 1.628916 1.628916 1.628916 1.628915 1.628912 1.628903 1.628876 1.628800 1.628592 1.628056 1.626738 1.623661 1.616856 1.602633 1.574611 1.522747 1.432941 1.288193 1.072424 0.777318 0.410469 0.000000 
50.000000 39.983366 30.681349 22.655949 16.218130 11.410927 8.064705 5.889736 4.567251 3.813516 3.410037 3.206760 3.110175 3.066808 3.048370 3.040934 3.038084 3.037044 3.036682 3.036562 3.036523 3.036512 3.036508 3.036507 3.036507 3.036507 3.036507 3.036507 3.036507 3.036507 3.036506 3.036505 3.036500 3.036486 3.036443 3.036320 3.035985 3.035115 3.032961 3.027891 3.016571 2.992640 2.944868 2.855095 2.696928 2.437027 2.041513 1.489321 0.790532 0.000000 
50.000000 40.477555 31.634413 24.004813 17.884382 13.314062 10.132635 8.064705 6.807256 6.090553 5.706880 5.513572 5.421718 5.380473 5.362937 5.355864 5.353153 5.352163 5.351819 5.351704 5.351668 5.351657 5.351653 5.351652 5.351652 5.351652 5.351652 5.351652 5.351652 5.351652 5.351651 5.351649 5.351643 5.351622 5.351559 5.351379 5.350885 5.349594 5.346373 5.338725 5.321464 5.284508 5.209610 5.066318 4.808488 4.374428 3.695824 2.721348 1.455964 0.000000 
50.000000 41.237709 33.100433 26.079729 20.447628 16.241840 13.314062 11.410927 10.253630 9.593978 9.240826 9.062884 8.978327 8.940355 8.924210 8.917698 8.915201 8.914290 8.913972 8.913867 8.913833 8.913823 8.913820 8.913819 8.913819 8.913819 8.913819 8.913819 8.913819 8.913819 8.913818 8.913815 8.913807 8.913779 8.913696 8.913457 8.912799 8.911067 8.906712 8.896272 8.872438 8.820689 8.713999 8.505574 8.120920 7.453366 6.372058 4.757241 2.577939 0.000000 
50.000000 42.329550 35.206179 29.060159 24.129628 20.447628 17.884382 16.218130 15.204833 14.627229 14.317983 14.162155 14.088101 14.054844 14.040702 14.034997 14.032810 14.032012 14.031734 14.031642 14.031612 14.031603 14.031601 14.031600 14.031600 14.031600 14.031600 14.031600 14.031599 14.031599 14.031598 14.031595 14.031585 14.031553 14.031455 14.031174 14.030395 14.028329 14.023095 14.010426 13.981154 13.916640 13.781103 13.509954 12.994262 12.064814 10.487313 7.997347 4.430238 0.000000 
50.000000 43.791527 38.025818 33.051112 29.060159 26.079729 24.004813 22.655949 21.835627 21.367999 21.117621 20.991448 20.931483 20.904552 20.893099 20.888479 20.886707 20.886060 20.885835 20.885760 20.885737 20.885729 20.885727 20.885727 20.885726 20.885726 20.885726 20.885726 20.885726 20.885726 20.885725 20.885722 20.885712 20.885679 20.885580 20.885293 20.884495 20.882367 20.876934 20.863662 20.832633 20.763202 20.614435 20.308989 19.707672 18.572846 16.525556 13.028488 7.515803 0.000000 
50.000000 45.613822 41.540425 38.025818 35.206179 33.100433 31.634413 30.681349 30.101714 29.771278 29.594346 29.505181 29.462803 29.443769 29.435674 29.432408 29.431155 29.430698 29.430539 29.430486 29.430469 29.430464 29.430463 29.430462 29.430462 29.430462 29.430462 29.430462 29.430462 29.430462 29.430461 29.430458 29.430450 29.430423 29.430341 29.430102 29.429435 29.427646 29.423053 29.411742 29.385021 29.324396 29.192028 28.913065 28.343192 27.208832 24.997330 20.770212 12.964805 0.000000 
50.000000 47.725829 45.613822 43.791527 42.329550 41.237709 40.477555 39.983366 39.682802 39.511453 39.419702 39.373463 39.351485 39.341613 39.337415 39.335721 39.335071 39.334834 39.334752 39.334724 39.334716 39.334713 39.334712 39.334712 39.334712 39.334712 39.334712 39.334712 39.334712 39.334712 39.334711 39.334710 39.334705 39.334689 39.334643 39.334506 39.334123 39.333094 39.330438 39.323862 39.308211 39.272333 39.192834 39.021591 38.659770 37.899312 36.275724 32.649018 23.862915 0.000000 
50.000000 50.000000 50.000000 50.000000 50.000000 50.000000 50.000000 50.000000 50.000000 50.000000 50.000000 50.000000 50.000000 50.000000 50.000000 50.000000 50.000000 50.000000 50.000000 50.000000 50.000000 50.000000 50.000000 50.000000 50.000000 50.000000 50.000000 50.000000 50.000000 50.000000 50.000000 50.000000 50.000000 50.000000 50.000000 50.000000 50.000000 50.000000 50.000000 50.000000 50.000000 50.000000 50.000000 50.000000 50.000000 50.000000 50.000000 50.000000 50.000000 50.000000 
