50.000000 50.000000 50.000000 50.000000 50.000000 50.000000 50.000000 50.000000 50.000000 50.000000 50.000000 50.000000 50.000000 50.000000 50.000000 50.000000 50.000000 50.000000 50.000000 50.000000 50.000000 50.000000 50.000000 50.000000 50.000000 50.000000 50.000000 50.000000 50.000000 50.000000 50.000000 50.000000 50.000000 50.000000 50.000000 50.000000 50.000000 50.000000 50.000000 50.000000 50.000000 50.000000 50.000000 50.000000 50.000000 50.000000 50.000000 50.000000 50.000000 50.000000 
50.000000 48.622869 47.305255 46.098969 45.042066 44.155622 43.443689 42.895954 42.492080 42.206526 42.012819 41.886671 41.807754 41.760295 41.732840 41.717552 41.709350 41.705108 41.702992 41.701973 41.701499 41.701285 41.701192 41.701153 41.701137 41.701130 41.701127 41.701124 41.701118 41.701105 41.701071 41.700993 41.700814 41.700414 41.699547 41.697718 41.693969 41.686480 41.671900 41.644180 41.592592 41.498293 41.328152 41.022984 40.473122 39.462280 37.523087 33.520386 24.311434 0.000000 
50.000000 47.305255 44.726976 42.366545 40.298426 38.563864 37.170785 36.099005 35.308731 34.749981 34.370953 34.124120 33.969704 33.876843 33.823124 33.793210 33.777163 33.768864 33.764724 33.762729 33.761801 33.761384 33.761202 33.761125 33.761094 33.761081 33.761075 33.761069 33.761058 33.761033 33.760971 33.760827 33.760495 33.759758 33.758161 33.754802 33.747930 33.734248 33.707717 33.657542 33.564825 33.396999 33.098430 32.574067 31.659845 30.067204 27.278288 22.363488 13.784869 0.000000 
50.000000 46.098969 42.366545 38.949494 35.955619 33.444625 31.427982 29.876470 28.732477 27.923643 27.374978 27.017677 26.794156 26.659740 26.581983 26.538684 26.515456 26.503445 26.497452 26.494566 26.493223 26.492618 26.492355 26.492244 26.492199 26.492180 26.492171 26.492163 26.492149 26.492115 26.492034 26.491844 26.491409 26.490441 26.488353 26.483974 26.475049 26.457366 26.423287 26.359339 26.242375 26.033542 25.668917 25.045109 23.997505 22.269235 19.474747 15.088257 8.575883 0.000000 
50.000000 45.042066 40.298426 35.955619 32.150656 28.959415 26.396471 24.424680 22.970815 21.942907 21.245645 20.791582 20.507534 20.336722 20.237914 20.182893 20.153378 20.138115 20.130501 20.126833 20.125127 20.124359 20.124025 20.123884 20.123826 20.123802 20.123791 20.123782 20.123766 20.123729 20.123638 20.123427 20.122944 20.121873 20.119571 20.114763 20.105011 20.085808 20.049074 19.980792 19.857395 19.640469 19.269332 18.651241 17.649860 16.075328 13.686384 10.231223 5.579787 0.000000 
50.000000 44.155622 38.563864 33.444625 28.959415 25.197678 22.176588 19.852352 18.138639 16.927034 16.105178 15.569989 15.235197 15.033875 14.917421 14.852574 14.817790 14.799803 14.790830 14.786508 14.784497 14.783592 14.783198 14.783032 14.782964 14.782937 14.782924 14.782915 14.782898 14.782861 14.782771 14.782561 14.782083 14.781029 14.778769 14.774071 14.764596 14.746066 14.710911 14.646228 14.530806 14.331093 13.996164 13.452288 12.598839 11.309555 9.447120 6.904020 3.682500 0.000000 
50.000000 43.443689 37.170785 31.427982 26.396471 22.176588 18.787592 16.180344 14.257989 12.898894 11.977009 11.376694 11.001169 10.775359 10.644742 10.572012 10.532999 10.512826 10.502763 10.497916 10.495661 10.494646 10.494205 10.494019 10.493942 10.493912 10.493898 10.493888 10.493873 10.493839 10.493757 10.493567 10.493135 10.492186 10.490159 10.485969 10.477569 10.461256 10.430573 10.374700 10.276241 10.108459 9.832263 9.393796 8.724300 7.745231 6.382873 4.596718 2.420706 0.000000 
50.000000 42.895954 36.099005 29.876470 24.424680 19.852352 16.180344 13.355403 11.272570 9.800042 8.801232 8.150838 7.743995 7.499358 7.357854 7.279064 7.236802 7.214950 7.204048 7.198799 7.196356 7.195257 7.194779 7.194577 7.194495 7.194462 7.194447 7.194438 7.194425 7.194396 7.194327 7.194167 7.193805 7.193013 7.191330 7.187868 7.180970 7.167670 7.142866 7.098150 7.020287 6.889469 6.677702 6.348081 5.856188 5.155348 4.207553 3.000575 1.567801 0.000000 
50.000000 42.492080 35.308731 28.732477 22.970815 18.138639 14.257989 11.272570 9.071446 7.515312 6.459810 5.772511 5.342593 5.084086 4.934563 4.851309 4.806655 4.783565 4.772048 4.766501 4.763920 4.762759 4.762254 4.762041 4.761954 4.761919 4.761905 4.761896 4.761885 4.761862 4.761808 4.761682 4.761399 4.760781 4.759474 4.756798 4.751501 4.741360 4.722600 4.689101 4.631412 4.535723 4.383101 4.149530 3.807546 3.330346 2.698935 1.911732 0.993787 0.000000 
50.000000 42.206526 34.749981 27.923643 21.942907 16.927034 12.898894 9.800042 7.515312 5.900092 4.804529 4.091157 3.644937 3.376632 3.221445 3.135040 3.088696 3.064733 3.052781 3.047024 3.044346 3.043142 3.042617 3.042397 3.042306 3.042270 3.042255 3.042248 3.042239 3.042222 3.042181 3.042088 3.041879 3.041426 3.040470 3.038525 3.034695 3.027413 3.014045 2.990384 2.950046 2.883900 2.779755 2.622653 2.396228 2.085512 1.681268 1.185155 0.613934 0.000000 
50.000000 42.012819 34.370953 27.374978 21.245645 16.105178 11.977009 8.801232 6.459810 4.804529 3.681809 2.950762 2.493493 2.218550 2.059526 1.970986 1.923497 1.898944 1.886696 1.880798 1.878054 1.876820 1.876283 1.876057 1.875964 1.875927 1.875913 1.875905 1.875899 1.875886 1.875858 1.875793 1.875647 1.875332 1.874672 1.873334 1.870714 1.865765 1.856743 1.840904 1.814145 1.770709 1.703082 1.602309 1.458950 1.264852 1.015639 0.713410 0.368639 0.000000 
50.000000 41.886671 34.124120 27.017677 20.791582 15.569989 11.376694 8.150838 5.772511 4.091157 2.950762 2.208215 1.743759 1.464497 1.302977 1.213049 1.164817 1.139879 1.127440 1.121450 1.118663 1.117410 1.116864 1.116634 1.116540 1.116503 1.116488 1.116482 1.116477 1.116468 1.116449 1.116406 1.116310 1.116102 1.115669 1.114795 1.113093 1.109896 1.104108 1.094019 1.077112 1.049911 1.007972 0.946120 0.859078 0.742508 0.594390 0.416403 0.214771 0.000000 
50.000000 41.807754 33.969704 26.794156 20.507534 15.235197 11.001169 7.743995 5.342593 3.644937 2.493493 1.743759 1.274810 0.992850 0.829771 0.738976 0.690279 0.665102 0.652543 0.646496 0.643682 0.642417 0.641866 0.641634 0.641539 0.641502 0.641487 0.641481 0.641477 0.641471 0.641459 0.641432 0.641371 0.641241 0.640970 0.640427 0.639373 0.637405 0.633863 0.627729 0.617524 0.601234 0.576326 0.539914 0.489132 0.421726 0.336789 0.235456 0.121274 0.000000 
50.000000 41.760295 33.876843 26.659740 20.336722 15.033875 10.775359 7.499358 5.084086 3.376632 2.218550 1.464497 0.992850 0.709269 0.545254 0.453939 0.404963 0.379642 0.367012 0.360930 0.358100 0.356828 0.356274 0.356040 0.355945 0.355907 0.355893 0.355887 0.355884 0.355880 0.355873 0.355856 0.355820 0.355742 0.355580 0.355258 0.354635 0.353477 0.351404 0.347835 0.341937 0.332585 0.318388 0.297790 0.269279 0.231711 0.184691 0.128913 0.066326 0.000000 
50.000000 41.732840 33.823124 26.581983 20.237914 14.917421 10.644742 7.357854 4.934563 3.221445 2.059526 1.302977 0.829771 0.545254 0.380699 0.289083 0.239947 0.214542 0.201870 0.195768 0.192930 0.191653 0.191097 0.190863 0.190768 0.190730 0.190715 0.190710 0.190707 0.190705 0.190700 0.190691 0.190670 0.190625 0.190533 0.190349 0.189997 0.189344 0.188182 0.186192 0.182920 0.177764 0.169986 0.158773 0.143350 0.123151 0.098010 0.068322 0.035122 0.000000 
50.000000 41.717552 33.793210 26.538684 20.182893 14.852574 10.572012 7.279064 4.851309 3.135040 1.970986 1.213049 0.738976 0.453939 0.289083 0.197299 0.148074 0.122623 0.109929 0.103816 0.100972 0.099693 0.099136 0.098902 0.098806 0.098768 0.098754 0.098748 0.098746 0.098744 0.098741 0.098736 0.098725 0.098700 0.098650 0.098550 0.098358 0.098006 0.097380 0.096314 0.094570 0.091836 0.087734 0.081852 0.073806 0.063321 0.050331 0.035049 0.018005 0.000000 
50.000000 41.709350 33.777163 26.515456 20.153378 14.817790 10.532999 7.236802 4.806655 3.088696 1.923497 1.164817 0.690279 0.404963 0.239947 0.148074 0.098800 0.073325 0.060618 0.054499 0.051653 0.050373 0.049815 0.049581 0.049485 0.049447 0.049432 0.049427 0.049425 0.049424 0.049422 0.049419 0.049413 0.049400 0.049374 0.049321 0.049222 0.049038 0.048715 0.048165 0.047270 0.045874 0.043789 0.040814 0.036762 0.031505 0.025015 0.017405 0.008936 0.000000 
50.000000 41.705108 33.768864 26.503445 20.138115 14.799803 10.512826 7.214950 4.783565 3.064733 1.898944 1.139879 0.665102 0.379642 0.214542 0.122623 0.073325 0.047837 0.035124 0.029002 0.026154 0.024873 0.024315 0.024081 0.023985 0.023947 0.023932 0.023927 0.023925 0.023924 0.023923 0.023921 0.023918 0.023912 0.023898 0.023872 0.023822 0.023730 0.023569 0.023296 0.022854 0.022167 0.021144 0.019691 0.017720 0.015171 0.012036 0.008369 0.004295 0.000000 
50.000000 41.702992 33.764724 26.497452 20.130501 14.790830 10.502763 7.204048 4.772048 3.052781 1.886696 1.127440 0.652543 0.367012 0.201870 0.109929 0.060618 0.035124 0.022407 0.016284 0.013435 0.012154 0.011597 0.011362 0.011266 0.011228 0.011213 0.011208 0.011206 0.011205 0.011204 0.011204 0.011202 0.011199 0.011193 0.011180 0.011156 0.011111 0.011034 0.010903 0.010692 0.010366 0.009882 0.009196 0.008269 0.007074 0.005608 0.003897 0.001999 0.000000 
50.000000 41.701973 33.762729 26.494566 20.126833 14.786508 10.497916 7.198799 4.766501 3.047025 1.880798 1.121450 0.646496 0.360930 0.195769 0.103816 0.054499 0.029002 0.016284 0.010160 0.007311 0.006030 0.005472 0.005237 0.005141 0.005103 0.005089 0.005083 0.005081 0.005081 0.005080 0.005080 0.005079 0.005078 0.005075 0.005069 0.005057 0.005037 0.005001 0.004941 0.004843 0.004693 0.004472 0.004159 0.003737 0.003195 0.002531 0.001758 0.000902 0.000000 
50.000000 41.701499 33.761801 26.493223 20.125127 14.784497 10.495661 7.196356 4.763921 3.044347 1.878055 1.118663 0.643683 0.358101 0.192930 0.100972 0.051653 0.026154 0.013436 0.007311 0.004462 0.003181 0.002623 0.002388 0.002292 0.002254 0.002240 0.002234 0.002232 0.002232 0.002231 0.002231 0.002231 0.002230 0.002229 0.002226 0.002221 0.002212 0.002196 0.002169 0.002125 0.002059 0.001961 0.001823 0.001637 0.001399 0.001107 0.000769 0.000394 0.000000 
50.000000 41.701285 33.761384 26.492619 20.124360 14.783593 10.494647 7.195258 4.762760 3.043143 1.876821 1.117411 0.642418 0.356829 0.191654 0.099694 0.050374 0.024874 0.012155 0.006031 0.003181 0.001900 0.001342 0.001107 0.001011 0.000973 0.000959 0.000953 0.000951 0.000951 0.000951 0.000950 0.000950 0.000950 0.000949 0.000948 0.000946 0.000942 0.000935 0.000923 0.000905 0.000876 0.000834 0.000775 0.000695 0.000594 0.000470 0.000326 0.000167 0.000000 
50.000000 41.701193 33.761203 26.492357 20.124027 14.783201 10.494207 7.194781 4.762257 3.042620 1.876286 1.116867 0.641869 0.356277 0.191100 0.099139 0.049818 0.024318 0.011600 0.005475 0.002626 0.001344 0.000786 0.000552 0.000456 0.000418 0.000403 0.000398 0.000396 0.000395 0.000395 0.000395 0.000395 0.000395 0.000394 0.000394 0.000393 0.000391 0.000388 0.000383 0.000375 0.000363 0.000346 0.000321 0.000288 0.000246 0.000195 0.000135 0.000069 0.000000 
50.000000 41.701155 33.761128 26.492248 20.123889 14.783038 10.494025 7.194585 4.762049 3.042405 1.876065 1.116643 0.641642 0.356049 0.190872 0.098910 0.049589 0.024089 0.011370 0.005245 0.002396 0.001115 0.000557 0.000322 0.000226 0.000188 0.000174 0.000168 0.000166 0.000166 0.000165 0.000165 0.000165 0.000165 0.000165 0.000165 0.000164 0.000164 0.000162 0.000160 0.000157 0.000152 0.000145 0.000134 0.000120 0.000103 0.000081 0.000056 0.000029 0.000000 
50.000000 41.701141 33.761102 26.492210 20.123840 14.782981 10.493961 7.194515 4.761975 3.042328 1.875986 1.116563 0.641562 0.355968 0.190791 0.098829 0.049508 0.024008 0.011289 0.005164 0.002315 0.001033 0.000476 0.000241 0.000145 0.000107 0.000092 0.000087 0.000085 0.000084 0.000084 0.000084 0.000084 0.000084 0.000084 0.000084 0.000084 0.000083 0.000082 0.000081 0.000080 0.000077 0.000073 0.000068 0.000061 0.000052 0.000041 0.000029 0.000015 0.000000 
50.000000 41.701141 33.761102 26.492210 20.123840 14.782981 10.493961 7.194515 4.761975 3.042328 1.875986 1.116563 0.641562 0.355968 0.190791 0.098829 0.049508 0.024008 0.011289 0.005164 0.002315 0.001033 0.000476 0.000241 0.000145 0.000107 0.000092 0.000087 0.000085 0.000084 0.000084 0.000084 0.000084 0.000084 0.000084 0.000084 0.000084 0.000083 0.000082 0.000081 0.000080 0.000077 0.000073 0.000068 0.000061 0.000052 0.000041 0.000029 0.000015 0.000000 
50.000000 41.701155 33.761128 26.492248 20.123889 14.783038 10.494025 7.194585 4.762049 3.042405 1.876065 1.116643 0.641642 0.356049 0.190872 0.098910 0.049589 0.024089 0.011370 0.005245 0.002396 0.001115 0.000557 0.000322 0.000226 0.000188 0.000174 0.000168 0.000166 0.000166 0.000165 0.000165 0.000165 0.000165 0.000165 0.000165 0.000164 0.000164 0.000162 0.000160 0.000157 0.000152 0.000145 0.000134 0.000120 0.000103 0.000081 0.000056 0.000029 0.000000 
50.000000 41.701193 33.761203 26.492357 20.124027 14.783201 10.494207 7.194781 4.762257 3.042620 1.876286 1.116867 0.641869 0.356277 0.191100 0.099139 0.049818 0.024318 0.011600 0.005475 0.002626 0.001344 0.000786 0.000552 0.000456 0.000418 0.000403 0.000398 0.000396 0.000395 0.000395 0.000395 0.000395 0.000395 0.000394 0.000394 0.000393 0.000391 0.000388 0.000383 0.000375 0.000363 0.000346 0.000321 0.000288 0.000246 0.000195 0.000135 0.000069 0.000000 
50.000000 41.701285 33.761384 26.492619 20.124360 14.783593 10.494647 7.195258 4.762760 3.043143 1.876821 1.117411 0.642418 0.356829 0.191654 0.099694 0.050374 0.024874 0.012155 0.006031 0.003181 0.001900 0.001342 0.001107 0.001011 0.000973 0.000959 0.000953 0.000951 0.000951 0.000951 0.000950 0.000950 0.000950 0.000949 0.000948 0.000946 0.000942 0.000935 0.000923 0.000905 0.000876 0.000834 0.000775 0.000695 0.000594 0.000470 0.000326 0.000167 0.000000 
50.000000 41.701499 33.761801 26.493223 20.125127 14.784497 10.495661 7.196356 4.763921 3.044347 1.878055 1.118663 0.643683 0.358101 0.192930 0.100972 0.051653 0.026154 0.013436 0.007311 0.004462 0.003181 0.002623 0.002388 0.002292 0.002254 0.002240 0.002234 0.002232 0.002232 0.002231 0.002231 0.002231 0.002230 0.002229 0.002226 0.002221 0.002212 0.002196 0.002169 0.002125 0.002059 0.001961 0.001823 0.001637 0.001399 0.001107 0.000769 0.000394 0.000000 
50.000000 41.701973 33.762729 26.494566 20.126833 14.786508 10.497916 7.198799 4.766501 3.047025 1.880798 1.121450 0.646496 0.360930 0.195769 0.103816 0.054499 0.029002 0.016284 0.010160 0.007311 0.006030 0.005472 0.005237 0.005141 0.005103 0.005089 0.005083 0.005081 0.005081 0.005080 0.005080 0.005079 0.005078 0.005075 0.005069 0.005057 0.005037 0.005001 0.004941 0.004843 0.004693 0.004472 0.004159 0.003737 0.003195 0.002531 0.001758 0.000902 0.000000 
50.000000 41.702992 33.764724 26.497452 20.130501 14.790830 10.502763 7.204048 4.772048 3.052781 1.886696 1.127440 0.652543 0.367012 0.201870 0.109929 0.060618 0.035124 0.022407 0.016284 0.013435 0.012154 0.011597 0.011362 0.011266 0.011228 0.011213 0.011208 0.011206 0.011205 0.011204 0.011204 0.011202 0.011199 0.011193 0.011180 0.011156 0.011111 0.011034 0.010903 0.010692 0.010366 0.009882 0.009196 0.008269 0.007074 0.005608 0.003897 0.001999 0.000000 
50.000000 41.705108 33.768864 26.503445 20.138115 14.799803 10.512826 7.214950 4.783565 3.064733 1.898944 1.139879 0.665102 0.379642 0.214542 0.122623 0.073325 0.047837 0.035124 0.029002 0.026154 0.024873 0.024315 0.024081 0.023985 0.023947 0.023932 0.023927 0.023925 0.023924 0.023923 0.023921 0.023918 0.023912 0.023898 0.023872 0.023822 0.023730 0.023569 0.023296 0.022854 0.022167 0.021144 0.019691 0.017720 0.015171 0.012036 0.008369 0.004295 0.000000 
50.000000 41.709350 33.777163 26.515456 20.153378 14.817790 10.532999 7.236802 4.806655 3.088696 1.923497 1.164817 0.690279 0.404963 0.239947 0.148074 0.098800 0.073325 0.060618 0.054499 0.051653 0.050373 0.049815 0.049581 0.049485 0.049447 0.049432 0.049427 0.049425 0.049424 0.049422 0.049419 0.049413 0.049400 0.049374 0.049321 0.049222 0.049038 0.048715 0.048165 0.047270 0.045874 0.043789 0.040814 0.036762 0.031505 0.025015 0.017405 0.008936 0.000000 
50.000000 41.717552 33.793210 26.538684 20.182893 14.852574 10.572012 7.279064 4.851309 3.135040 1.970986 1.213049 0.738976 0.453939 0.289083 0.197299 0.148074 0.122623 0.109929 0.103816 0.100972 0.099693 0.099136 0.098902 0.098806 0.098768 0.098754 0.098748 0.098746 0.098744 0.098741 0.098736 0.098725 0.098700 0.098650 0.098550 0.098358 0.098006 0.097380 0.096314 0.094570 0.091836 0.087734 0.081852 0.073806 0.063321 0.050331 0.035049 0.018005 0.000000 
50.000000 41.732840 33.823124 26.581983 20.237914 14.917421 10.644742 7.357854 4.934563 3.221445 2.059526 1.302977 0.829771 0.545254 0.380699 0.289083 0.239947 0.214542 0.201870 0.195768 0.192930 0.191653 0.191097 0.190863 0.190768 0.190730 0.190715 0.190710 0.190707 0.190705 0.190700 0.190691 0.190670 0.190625 0.190533 0.190349 0.189997 0.189344 0.188182 0.186192 0.182920 0.177764 0.169986 0.158773 0.143350 0.123151 0.098010 0.068322 0.035122 0.000000 
50.000000 41.760295 33.876843 26.659740 20.336722 15.033875 10.775359 7.499358 5.084086 3.376632 2.218550 1.464497 0.992850 0.709269 0.545254 0.453939 0.404963 0.379642 0.367012 0.360930 0.358100 0.356828 0.356274 0.356040 0.355945 0.355907 0.355893 0.355887 0.355884 0.355880 0.355873 0.355856 0.355820 0.355742 0.355580 0.355258 0.354635 0.353477 0.351404 0.347835 0.341937 0.332585 0.318388 0.297790 0.269279 0.231711 0.184691 0.128913 0.066326 0.000000 
50.000000 41.807754 33.969704 26.794156 20.507534 15.235197 11.001169 7.743995 5.342593 3.644937 2.493493 1.743759 1.274810 0.992850 0.829771 0.738976 0.690279 0.665102 0.652543 0.646496 0.643682 0.642417 0.641866 0.641634 0.641539 0.641502 0.641487 0.641481 0.641477 0.641471 0.641459 0.641432 0.641371 0.641241 0.640970 0.640427 0.639373 0.637405 0.633863 0.627729 0.617524 0.601234 0.576326 0.539914 0.489132 0.421726 0.336789 0.235456 0.121274 0.000000 
50.000000 41.886671 34.124120 27.017677 20.791582 15.569989 11.376694 8.150838 5.772511 4.091157 2.950762 2.208215 1.743759 1.464497 1.302977 1.213049 1.164817 1.139879 1.127440 1.121450 1.118663 1.117410 1.116864 1.116634 1.116540 1.116503 1.116488 1.116482 1.116477 1.116468 1.116449 1.116406 1.116310 1.116102 1.115669 1.114795 1.113093 1.109896 1.104108 1.094019 1.077112 1.049911 1.007972 0.946120 0.859078 0.742508 0.594390 0.416403 0.214771 0.000000 
50.000000 42.012819 34.370953 27.374978 21.245645 16.105178 11.977009 8.801232 6.459810 4.804529 3.681809 2.950762 2.493493 2.218550 2.059526 1.970986 1.923497 1.898944 1.886696 1.880798 1.878054 1.876820 1.876283 1.876057 1.875964 1.875927 1.875913 1.875905 1.875899 1.875886 1.875858 1.875793 1.875647 1.875332 1.874672 1.873334 1.870714 1.865765 1.856743 1.840904 1.814145 1.770709 1.703082 1.602309 1.458950 1.264852 1.015639 0.713410 0.368639 0.000000 
50.000000 42.206526 34.749981 27.923643 21.942907 16.927034 12.898894 9.800042 7.515312 5.900092 4.804529 4.091157 3.644937 3.376632 3.221445 3.135040 3.088696 3.064733 3.052781 3.047024 3.044346 3.043142 3.042617 3.042397 3.042306 3.042270 3.042255 3.042248 3.042239 3.042222 3.042181 3.042088 3.041879 3.041426 3.040470 3.038525 3.034695 3.027413 3.014045 2.990384 2.950046 2.883900 2.779755 2.622653 2.396228 2.085512 1.681268 1.185155 0.613934 0.000000 
50.000000 42.492080 35.308731 28.732477 22.970815 18.138639 14.257989 11.272570 9.071446 7.515312 6.459810 5.772511 5.342593 5.084086 4.934563 4.851309 4.806655 4.783565 4.772048 4.766501 4.763920 4.762759 4.762254 4.762041 4.761954 4.761919 4.761905 4.761896 4.761885 4.761862 4.761808 4.761682 4.761399 4.760781 4.759474 4.756798 4.751501 4.741360 4.722600 4.689101 4.631412 4.535723 4.383101 4.149530 3.807546 3.330346 2.698935 1.911732 0.993787 0.000000 
50.000000 42.895954 36.099005 29.876470 24.424680 19.852352 16.180344 13.355403 11.272570 9.800042 8.801232 8.150838 7.743995 7.499358 7.357854 7.279064 7.236802 7.214950 7.204048 7.198799 7.196356 7.195257 7.194779 7.194577 7.194495 7.194462 7.194447 7.194438 7.194425 7.194396 7.194327 7.194167 7.193805 7.193013 7.191330 7.187868 7.180970 7.167670 7.142866 7.098150 7.020287 6.889469 6.677702 6.348081 5.856188 5.155348 4.207553 3.000575 1.567801 0.000000 
50.000000 43.443689 37.170785 31.427982 26.396471 22.176588 18.787592 16.180344 14.257989 12.898894 11.977009 11.376694 11.001169 10.775359 10.644742 10.572012 10.532999 10.512826 10.502763 10.497916 10.495661 10.494646 10.494205 10.494019 10.493942 10.493912 10.493898 10.493888 10.493873 10.493839 10.493757 10.493567 10.493135 10.492186 10.490159 10.485969 10.477569 10.461256 10.430573 10.374700 10.276241 10.108459 9.832263 9.393796 8.724300 7.745231 6.382873 4.596718 2.420706 0.000000 
50.000000 44.155622 38.563864 33.444625 28.959415 25.197678 22.176588 19.852352 18.138639 16.927034 16.105178 15.569989 15.235197 15.033875 14.917421 14.852574 14.817790 14.799803 14.790830 14.786508 14.784497 14.783592 14.783198 14.783032 14.782964 14.782937 14.782924 14.782915 14.782898 14.782861 14.782771 14.782561 14.782083 14.781029 14.778769 14.774071 14.764596 14.746066 14.710911 14.646228 14.530806 14.331093 13.996164 13.452288 12.598839 11.309555 9.447120 6.904020 3.682500 0.000000 
50.000000 45.042066 40.298426 35.955619 32.150656 28.959415 26.396471 24.424680 22.970815 21.942907 21.245645 20.791582 20.507534 20.336722 20.237914 20.182893 20.153378 20.138115 20.130501 20.126833 20.125127 20.124359 20.124025 20.123884 20.123826 20.123802 20.123791 20.123782 20.123766 20.123729 20.123638 20.123427 20.122944 20.121873 20.119571 20.114763 20.105011 20.085808 20.049074 19.980792 19.857395 19.640469 19.269332 18.651241 17.649860 16.075328 13.686384 10.231223 5.579787 0.000000 
50.000000 46.098969 42.366545 38.949494 35.955619 33.444625 31.427982 29.876470 28.732477 27.923643 27.374978 27.017677 26.794156 26.659740 26.581983 26.538684 26.515456 26.503445 26.497452 26.494566 26.493223 26.492618 26.492355 26.492244 26.492199 26.492180 26.492171 26.492163 26.492149 26.492115 26.492034 26.491844 26.491409 26.490441 26.488353 26.483974 26.475049 26.457366 26.423287 26.359339 26.242375 26.033542 25.668917 25.045109 23.997505 22.269235 19.474747 15.088257 8.575883 0.000000 
50.000000 47.305255 44.726976 42.366545 40.298426 38.563864 37.170785 36.099005 35.308731 34.749981 34.370953 34.124120 33.969704 33.876843 33.823124 33.793210 33.777163 33.768864 33.764724 33.762729 33.761801 33.761384 33.761202 33.761125 33.761094 33.761081 33.761075 33.761069 33.761058 33.761033 33.760971 33.760827 33.760495 33.759758 33.758161 33.754802 33.747930 33.734248 33.707717 33.657542 33.564825 33.396999 33.098430 32.574067 31.659845 30.067204 27.278288 22.363488 13.784869 0.000000 
50.000000 48.622869 47.305255 46.098969 45.042066 44.155622 43.443689 42.895954 42.492080 42.206526 42.012819 41.886671 41.807754 41.760295 41.732840 41.717552 41.709350 41.705108 41.702992 41.701973 41.701499 41.701285 41.701192 41.701153 41.701137 41.701130 41.701127 41.701124 41.701118 41.701105 41.701071 41.700993 41.700814 41.700414 41.699547 41.697718 41.693969 41.686480 41.671900 41.644180 41.592592 41.498293 41.328152 41.022984 40.473122 39.462280 37.523087 33.520386 24.311434 0.000000 
50.000000 50.000000 50.000000 50.000000 50.000000 50.000000 50.000000 50.000000 50.000000 50.000000 50.000000 50.000000 50.000000 50.000000 50.000000 50.000000 50.000000 50.000000 50.000000 50.000000 50.000000 50.000000 50.000000 50.000000 50.000000 50.000000 50.000000 50.000000 50.000000 50.000000 50.000000 50.000000 50.000000 50.000000 50.000000 50.000000 50.000000 50.000000 50.000000 50.000000 50.000000 50.000000 50.000000 50.000000 50.000000 50.000000 50.000000 50.000000 50.000000 50.000000 
