50.000000 50.000000 50.000000 50.000000 50.000000 50.000000 50.000000 50.000000 50.000000 50.000000 50.000000 50.000000 50.000000 50.000000 50.000000 50.000000 50.000000 50.000000 50.000000 50.000000 50.000000 50.000000 50.000000 50.000000 50.000000 50.000000 50.000000 50.000000 50.000000 50.000000 50.000000 50.000000 50.000000 50.000000 50.000000 50.000000 50.000000 50.000000 50.000000 50.000000 50.000000 50.000000 50.000000 50.000000 50.000000 50.000000 50.000000 50.000000 50.000000 50.000000 
50.000000 48.755318 47.559261 46.454762 45.474477 44.638117 43.952012 43.410668 42.999719 42.699455 42.488199 42.345013 42.251473 42.192545 42.156726 42.135707 42.123793 42.117265 42.113807 42.112034 42.111154 42.110731 42.110533 42.110444 42.110404 42.110387 42.110378 42.110370 42.110356 42.110326 42.110260 42.110112 42.109794 42.109124 42.107751 42.105008 42.099662 42.089484 42.070540 42.036002 41.974160 41.865027 41.674257 41.341525 40.756296 39.701889 37.711202 33.650111 24.377659 0.000000 
50.000000 47.559261 45.213875 43.048030 41.125763 39.485727 38.140333 37.078809 36.272979 35.684193 35.269946 34.989177 34.805759 34.690210 34.619975 34.578761 34.555399 34.542601 34.535820 34.532343 34.530617 34.529787 34.529400 34.529225 34.529148 34.529114 34.529096 34.529081 34.529055 34.529000 34.528875 34.528601 34.528008 34.526764 34.524219 34.519144 34.509274 34.490546 34.455827 34.392856 34.280895 34.085230 33.747948 33.171858 32.191263 30.516866 27.631315 22.606938 13.909150 0.000000 
50.000000 46.454762 43.048030 39.902093 37.109965 34.727794 32.773602 31.231741 30.061285 29.206087 28.604409 28.196606 27.930203 27.762378 27.660368 27.600509 27.566579 27.547991 27.538143 27.533094 27.530588 27.529383 27.528821 27.528566 27.528454 27.528404 27.528379 27.528358 27.528324 27.528250 27.528084 27.527718 27.526930 27.525280 27.521912 27.515217 27.502248 27.477757 27.432630 27.351417 27.208489 26.962096 26.545240 25.851643 24.714489 22.875915 19.951047 15.416716 8.743560 0.000000 
50.000000 45.474477 41.125763 37.109965 33.545820 30.504999 28.010507 26.042363 24.548319 23.456702 22.688699 22.168171 21.828134 21.613924 21.483723 21.407322 21.364016 21.340292 21.327723 21.321280 21.318081 21.316543 21.315826 21.315501 21.315358 21.315295 21.315264 21.315239 21.315199 21.315115 21.314927 21.314513 21.313625 21.311770 21.307996 21.300525 21.286124 21.259091 21.209654 21.121521 20.968268 20.708154 20.276959 19.578622 18.474274 16.772910 14.234050 10.608897 5.772588 0.000000 
50.000000 44.638117 39.485727 34.727794 30.504999 26.902260 23.946828 21.615026 19.844943 18.551654 17.641777 17.025100 16.622259 16.368490 16.214246 16.123739 16.072439 16.044336 16.029447 16.021814 16.018025 16.016204 16.015354 16.014970 16.014800 16.014726 16.014690 16.014663 16.014622 16.014536 16.014345 16.013926 16.013030 16.011164 16.007382 15.999931 15.985650 15.959025 15.910737 15.825531 15.679244 15.434883 15.037864 14.411029 13.451130 12.030725 10.013305 7.294464 3.881821 0.000000 
50.000000 43.952012 38.140333 32.773602 28.010507 23.946828 20.613301 17.983212 15.986719 14.528025 13.501794 12.806268 12.351927 12.065720 11.891764 11.789691 11.731838 11.700145 11.683355 11.674748 11.670475 11.668421 11.667463 11.667030 11.666839 11.666756 11.666716 11.666689 11.666649 11.666569 11.666391 11.666001 11.665171 11.663448 11.659974 11.653162 11.640185 11.616165 11.572977 11.497563 11.369716 11.159421 10.824107 10.306651 9.535799 8.431884 6.921959 4.968475 2.610486 0.000000 
50.000000 43.410668 37.078809 31.231741 26.042363 21.615026 17.983212 15.117807 12.942712 11.353547 10.235541 9.477827 8.982870 8.671084 8.481584 8.370393 8.307373 8.272851 8.254562 8.245187 8.240533 8.238296 8.237252 8.236781 8.236573 8.236483 8.236441 8.236414 8.236379 8.236308 8.236154 8.235817 8.235101 8.233622 8.230652 8.224860 8.213896 8.193748 8.157834 8.095757 7.991784 7.823195 7.558903 7.159104 6.577162 5.765403 4.686502 3.330861 1.736411 0.000000 
50.000000 42.999719 36.272979 30.061285 24.548319 19.844943 15.986719 12.942712 10.632066 8.943887 7.756238 6.951337 6.425564 6.094373 5.893082 5.774976 5.708037 5.671369 5.651944 5.641986 5.637044 5.634667 5.633559 5.633058 5.632838 5.632743 5.632700 5.632674 5.632644 5.632586 5.632459 5.632186 5.631607 5.630414 5.628032 5.623410 5.614714 5.598850 5.570805 5.522797 5.443287 5.316033 5.119517 4.827298 4.410060 3.840165 3.099189 2.187749 1.134693 0.000000 
50.000000 42.699455 35.684193 29.206087 23.456702 18.551654 14.528025 11.353547 8.943887 7.183385 5.944873 5.105511 4.557237 4.211877 4.001978 3.878823 3.809025 3.770791 3.750537 3.740154 3.735001 3.732523 3.731368 3.730846 3.730617 3.730518 3.730474 3.730450 3.730425 3.730379 3.730282 3.730072 3.729629 3.728722 3.726916 3.723432 3.716917 3.705111 3.684405 3.649277 3.591693 3.500600 3.361763 3.158310 2.872410 2.488435 1.997599 1.403298 0.725295 0.000000 
50.000000 42.488199 35.269946 28.604409 22.688699 17.641777 13.501794 10.235541 7.756238 5.944873 4.670592 3.806999 3.242905 2.887583 2.671634 2.544931 2.473123 2.433789 2.412952 2.402271 2.396970 2.394421 2.393233 2.392696 2.392460 2.392359 2.392315 2.392292 2.392272 2.392238 2.392166 2.392014 2.391692 2.391037 2.389739 2.387246 2.382611 2.374268 2.359740 2.335296 2.295596 2.233441 2.139784 2.004231 1.816245 1.567178 1.252992 0.877090 0.452197 0.000000 
50.000000 42.345013 34.989177 28.196606 22.168171 17.025100 12.806268 9.477827 6.951337 5.105511 3.806999 2.926994 2.352184 1.990117 1.770071 1.640966 1.567797 1.527719 1.506488 1.495605 1.490204 1.487607 1.486397 1.485849 1.485609 1.485506 1.485462 1.485441 1.485425 1.485400 1.485350 1.485244 1.485022 1.484572 1.483682 1.481984 1.478842 1.473220 1.463497 1.447260 1.421106 1.380531 1.319993 1.233291 1.114363 0.958518 0.763977 0.533350 0.274473 0.000000 
50.000000 42.251473 34.805759 27.930203 21.828134 16.622259 12.351927 8.982870 6.425564 4.557237 3.242905 2.352184 1.770380 1.403911 1.181192 1.050519 0.976463 0.935898 0.914411 0.903396 0.897930 0.895302 0.894077 0.893523 0.893280 0.893176 0.893132 0.893112 0.893099 0.893082 0.893048 0.892978 0.892832 0.892536 0.891954 0.890848 0.888812 0.885190 0.878964 0.868637 0.852126 0.826714 0.789121 0.735762 0.663234 0.569042 0.452446 0.315213 0.161989 0.000000 
50.000000 42.192545 34.690210 27.762378 21.613924 16.368490 12.065720 8.671084 6.094373 4.211877 2.887583 1.990117 1.403911 1.034672 0.810270 0.678612 0.603997 0.563127 0.541478 0.530381 0.524873 0.522226 0.520991 0.520433 0.520189 0.520084 0.520040 0.520021 0.520010 0.519998 0.519977 0.519932 0.519840 0.519654 0.519289 0.518600 0.517336 0.515099 0.511276 0.504972 0.494960 0.479658 0.457188 0.425535 0.382840 0.327800 0.260129 0.180936 0.092883 0.000000 
50.000000 42.156726 34.619975 27.660368 21.483723 16.214246 11.891764 8.481584 5.893082 4.001978 2.671634 1.770071 1.181192 0.810270 0.584847 0.452591 0.377637 0.336582 0.314834 0.303687 0.298155 0.295495 0.294255 0.293695 0.293449 0.293344 0.293300 0.293282 0.293272 0.293264 0.293251 0.293224 0.293168 0.293055 0.292836 0.292424 0.291671 0.290344 0.288088 0.284388 0.278546 0.269672 0.256723 0.238602 0.214315 0.183198 0.145152 0.100832 0.051718 0.000000 
50.000000 42.135707 34.578761 27.600509 21.407322 16.123739 11.789691 8.370393 5.774976 3.878823 2.544931 1.640966 1.050519 0.678612 0.452591 0.319983 0.244831 0.203668 0.181863 0.170686 0.165139 0.162472 0.161229 0.160668 0.160421 0.160316 0.160272 0.160254 0.160246 0.160240 0.160232 0.160216 0.160183 0.160118 0.159992 0.159754 0.159323 0.158565 0.157284 0.155193 0.151907 0.146944 0.139742 0.129718 0.116356 0.099326 0.078597 0.054542 0.027956 0.000000 
50.000000 42.123793 34.555399 27.566579 21.364016 16.072439 11.731838 8.307373 5.708037 3.809025 2.473123 1.567797 0.976463 0.603997 0.377637 0.244831 0.169567 0.128342 0.106505 0.095312 0.089757 0.087086 0.085841 0.085278 0.085031 0.084926 0.084882 0.084865 0.084857 0.084852 0.084847 0.084838 0.084820 0.084784 0.084713 0.084582 0.084344 0.083928 0.083226 0.082086 0.080303 0.077623 0.073751 0.068389 0.061275 0.052247 0.041300 0.028635 0.014669 0.000000 
50.000000 42.117265 34.542601 27.547991 21.340292 16.044336 11.700145 8.272851 5.671369 3.770791 2.433789 1.527719 0.935899 0.563127 0.336582 0.203668 0.128342 0.087083 0.065228 0.054026 0.048466 0.045793 0.044548 0.043985 0.043737 0.043632 0.043589 0.043571 0.043564 0.043560 0.043557 0.043552 0.043542 0.043522 0.043485 0.043414 0.043288 0.043067 0.042696 0.042096 0.041162 0.039762 0.037750 0.034974 0.031306 0.026667 0.021061 0.014592 0.007472 0.000000 
50.000000 42.113807 34.535820 27.538143 21.327723 16.029447 11.683355 8.254562 5.651944 3.750537 2.412952 1.506488 0.914411 0.541478 0.314835 0.181863 0.106505 0.065228 0.043364 0.032157 0.026595 0.023921 0.022675 0.022111 0.021864 0.021759 0.021715 0.021697 0.021690 0.021687 0.021685 0.021682 0.021677 0.021667 0.021647 0.021611 0.021546 0.021433 0.021244 0.020939 0.020465 0.019758 0.018746 0.017354 0.015521 0.013210 0.010425 0.007219 0.003695 0.000000 
50.000000 42.112034 34.532343 27.533094 21.321280 16.021815 11.674748 8.245187 5.641987 3.740155 2.402272 1.495606 0.903397 0.530381 0.303688 0.170687 0.095312 0.054026 0.032157 0.020948 0.015385 0.012710 0.011463 0.010900 0.010653 0.010547 0.010504 0.010486 0.010479 0.010476 0.010475 0.010473 0.010470 0.010465 0.010456 0.010438 0.010405 0.010349 0.010256 0.010106 0.009873 0.009528 0.009034 0.008358 0.007470 0.006353 0.005011 0.003468 0.001774 0.000000 
50.000000 42.111154 34.530618 27.530589 21.318082 16.018027 11.670476 8.240535 5.637045 3.735002 2.396971 1.490205 0.897931 0.524875 0.298156 0.165141 0.089758 0.048468 0.026596 0.015386 0.009822 0.007147 0.005900 0.005337 0.005089 0.004984 0.004940 0.004923 0.004916 0.004913 0.004912 0.004911 0.004910 0.004907 0.004902 0.004894 0.004878 0.004851 0.004807 0.004735 0.004625 0.004461 0.004228 0.003909 0.003491 0.002968 0.002339 0.001618 0.000828 0.000000 
50.000000 42.110731 34.529789 27.529384 21.316545 16.016206 11.668424 8.238299 5.634671 3.732527 2.394425 1.487611 0.895306 0.522230 0.295499 0.162476 0.087090 0.045798 0.023925 0.012713 0.007149 0.004474 0.003228 0.002664 0.002417 0.002311 0.002268 0.002250 0.002243 0.002241 0.002240 0.002239 0.002238 0.002237 0.002235 0.002231 0.002224 0.002211 0.002190 0.002157 0.002106 0.002031 0.001924 0.001778 0.001587 0.001348 0.001062 0.000735 0.000376 0.000000 
50.000000 42.110535 34.529404 27.528826 21.315832 16.015362 11.667472 8.237262 5.633569 3.731379 2.393244 1.486407 0.894088 0.521002 0.294266 0.161240 0.085852 0.044559 0.022685 0.011474 0.005910 0.003234 0.001988 0.001424 0.001177 0.001071 0.001028 0.001010 0.001003 0.001001 0.001000 0.000999 0.000999 0.000998 0.000997 0.000995 0.000992 0.000986 0.000977 0.000962 0.000939 0.000905 0.000857 0.000792 0.000706 0.000600 0.000473 0.000327 0.000167 0.000000 
50.000000 42.110449 34.529234 27.528580 21.315518 16.014990 11.667052 8.236805 5.633084 3.730873 2.392723 1.485877 0.893551 0.520462 0.293723 0.160696 0.085307 0.044013 0.022139 0.010928 0.005364 0.002688 0.001442 0.000878 0.000631 0.000525 0.000482 0.000464 0.000457 0.000455 0.000454 0.000453 0.000453 0.000453 0.000452 0.000451 0.000450 0.000447 0.000443 0.000436 0.000426 0.000410 0.000388 0.000358 0.000320 0.000271 0.000214 0.000148 0.000075 0.000000 
50.000000 42.110416 34.529171 27.528488 21.315401 16.014851 11.666896 8.236635 5.632903 3.730684 2.392529 1.485679 0.893351 0.520260 0.293521 0.160493 0.085103 0.043810 0.021936 0.010724 0.005160 0.002485 0.001238 0.000674 0.000427 0.000322 0.000278 0.000261 0.000254 0.000251 0.000250 0.000250 0.000249 0.000249 0.000249 0.000249 0.000248 0.000246 0.000244 0.000240 0.000234 0.000226 0.000213 0.000197 0.000176 0.000149 0.000117 0.000081 0.000041 0.000000 
50.000000 42.110416 34.529171 27.528488 21.315401 16.014851 11.666896 8.236635 5.632903 3.730684 2.392529 1.485679 0.893351 0.520260 0.293521 0.160493 0.085103 0.043810 0.021936 0.010724 0.005160 0.002485 0.001238 0.000674 0.000427 0.000322 0.000278 0.000261 0.000254 0.000251 0.000250 0.000250 0.000249 0.000249 0.000249 0.000249 0.000248 0.000246 0.000244 0.000240 0.000234 0.000226 0.000213 0.000197 0.000176 0.000149 0.000117 0.000081 0.000041 0.000000 
50.000000 42.110449 34.529234 27.528580 21.315518 16.014990 11.667052 8.236805 5.633084 3.730873 2.392723 1.485877 0.893551 0.520462 0.293723 0.160696 0.085307 0.044013 0.022139 0.010928 0.005364 0.002688 0.001442 0.000878 0.000631 0.000525 0.000482 0.000464 0.000457 0.000455 0.000454 0.000453 0.000453 0.000453 0.000452 0.000451 0.000450 0.000447 0.000443 0.000436 0.000426 0.000410 0.000388 0.000358 0.000320 0.000271 0.000214 0.000148 0.000075 0.000000 
50.000000 42.110535 34.529404 27.528826 21.315832 16.015362 11.667472 8.237262 5.633569 3.731379 2.393244 1.486407 0.894088 0.521002 0.294266 0.161240 0.085852 0.044559 0.022685 0.011474 0.005910 0.003234 0.001988 0.001424 0.001177 0.001071 0.001028 0.001010 0.001003 0.001001 0.001000 0.000999 0.000999 0.000998 0.000997 0.000995 0.000992 0.000986 0.000977 0.000962 0.000939 0.000905 0.000857 0.000792 0.000706 0.000600 0.000473 0.000327 0.000167 0.000000 
50.000000 42.110731 34.529789 27.529384 21.316545 16.016206 11.668424 8.238299 5.634671 3.732527 2.394425 1.487611 0.895306 0.522230 0.295499 0.162476 0.087090 0.045798 0.023925 0.012713 0.007149 0.004474 0.003228 0.002664 0.002417 0.002311 0.002268 0.002250 0.002243 0.002241 0.002240 0.002239 0.002238 0.002237 0.002235 0.002231 0.002224 0.002211 0.002190 0.002157 0.002106 0.002031 0.001924 0.001778 0.001587 0.001348 0.001062 0.000735 0.000376 0.000000 
50.000000 42.111154 34.530618 27.530589 21.318082 16.018027 11.670476 8.240535 5.637045 3.735002 2.396971 1.490205 0.897931 0.524875 0.298156 0.165141 0.089758 0.048468 0.026596 0.015386 0.009822 0.007147 0.005900 0.005337 0.005089 0.004984 0.004940 0.004923 0.004916 0.004913 0.004912 0.004911 0.004910 0.004907 0.004902 0.004894 0.004878 0.004851 0.004807 0.004735 0.004625 0.004461 0.004228 0.003909 0.003491 0.002968 0.002339 0.001618 0.000828 0.000000 
50.000000 42.112034 34.532343 27.533094 21.321280 16.021815 11.674748 8.245187 5.641987 3.740155 2.402272 1.495606 0.903397 0.530381 0.303688 0.170687 0.095312 0.054026 0.032157 0.020948 0.015385 0.012710 0.011463 0.010900 0.010653 0.010547 0.010504 0.010486 0.010479 0.010476 0.010475 0.010473 0.010470 0.010465 0.010456 0.010438 0.010405 0.010349 0.010256 0.010106 0.009873 0.009528 0.009034 0.008358 0.007470 0.006353 0.005011 0.003468 0.001774 0.000000 
50.000000 42.113807 34.535820 27.538143 21.327723 16.029447 11.683355 8.254562 5.651944 3.750537 2.412952 1.506488 0.914411 0.541478 0.314835 0.181863 0.106505 0.065228 0.043364 0.032157 0.026595 0.023921 0.022675 0.022111 0.021864 0.021759 0.021715 0.021697 0.021690 0.021687 0.021685 0.021682 0.021677 0.021667 0.021647 0.021611 0.021546 0.021433 0.021244 0.020939 0.020465 0.019758 0.018746 0.017354 0.015521 0.013210 0.010425 0.007219 0.003695 0.000000 
50.000000 42.117265 34.542601 27.547991 21.340292 16.044336 11.700145 8.272851 5.671369 3.770791 2.433789 1.527719 0.935899 0.563127 0.336582 0.203668 0.128342 0.087083 0.065228 0.054026 0.048466 0.045793 0.044548 0.043985 0.043737 0.043632 0.043589 0.043571 0.043564 0.043560 0.043557 0.043552 0.043542 0.043522 0.043485 0.043414 0.043288 0.043067 0.042696 0.042096 0.041162 0.039762 0.037750 0.034974 0.031306 0.026667 0.021061 0.014592 0.007472 0.000000 
50.000000 42.123793 34.555399 27.566579 21.364016 16.072439 11.731838 8.307373 5.708037 3.809025 2.473123 1.567797 0.976463 0.603997 0.377637 0.244831 0.169567 0.128342 0.106505 0.095312 0.089757 0.087086 0.085841 0.085278 0.085031 0.084926 0.084882 0.084865 0.084857 0.084852 0.084847 0.084838 0.084820 0.084784 0.084713 0.084582 0.084344 0.083928 0.083226 0.082086 0.080303 0.077623 0.073751 0.068389 0.061275 0.052247 0.041300 0.028635 0.014669 0.000000 
50.000000 42.135707 34.578761 27.600509 21.407322 16.123739 11.789691 8.370393 5.774976 3.878823 2.544931 1.640966 1.050519 0.678612 0.452591 0.319983 0.244831 0.203668 0.181863 0.170686 0.165139 0.162472 0.161229 0.160668 0.160421 0.160316 0.160272 0.160254 0.160246 0.160240 0.160232 0.160216 0.160183 0.160118 0.159992 0.159754 0.159323 0.158565 0.157284 0.155193 0.151907 0.146944 0.139742 0.129718 0.116356 0.099326 0.078597 0.054542 0.027956 0.000000 
50.000000 42.156726 34.619975 27.660368 21.483723 16.214246 11.891764 8.481584 5.893082 4.001978 2.671634 1.770071 1.181192 0.810270 0.584847 0.452591 0.377637 0.336582 0.314834 0.303687 0.298155 0.295495 0.294255 0.293695 0.293449 0.293344 0.293300 0.293282 0.293272 0.293264 0.293251 0.293224 0.293168 0.293055 0.292836 0.292424 0.291671 0.290344 0.288088 0.284388 0.278546 0.269672 0.256723 0.238602 0.214315 0.183198 0.145152 0.100832 0.051718 0.000000 
50.000000 42.192545 34.690210 27.762378 21.613924 16.368490 12.065720 8.671084 6.094373 4.211877 2.887583 1.990117 1.403911 1.034672 0.810270 0.678612 0.603997 0.563127 0.541478 0.530381 0.524873 0.522226 0.520991 0.520433 0.520189 0.520084 0.520040 0.520021 0.520010 0.519998 0.519977 0.519932 0.519840 0.519654 0.519289 0.518600 0.517336 0.515099 0.511276 0.504972 0.494960 0.479658 0.457188 0.425535 0.382840 0.327800 0.260129 0.180936 0.092883 0.000000 
50.000000 42.251473 34.805759 27.930203 21.828134 16.622259 12.351927 8.982870 6.425564 4.557237 3.242905 2.352184 1.770380 1.403911 1.181192 1.050519 0.976463 0.935898 0.914411 0.903396 0.897930 0.895302 0.894077 0.893523 0.893280 0.893176 0.893132 0.893112 0.893099 0.893082 0.893048 0.892978 0.892832 0.892536 0.891954 0.890848 0.888812 0.885190 0.878964 0.868637 0.852126 0.826714 0.789121 0.735762 0.663234 0.569042 0.452446 0.315213 0.161989 0.000000 
50.000000 42.345013 34.989177 28.196606 22.168171 17.025100 12.806268 9.477827 6.951337 5.105511 3.806999 2.926994 2.352184 1.990117 1.770071 1.640966 1.567797 1.527719 1.506488 1.495605 1.490204 1.487607 1.486397 1.485849 1.485609 1.485506 1.485462 1.485441 1.485425 1.485400 1.485350 1.485244 1.485022 1.484572 1.483682 1.481984 1.478842 1.473220 1.463497 1.447260 1.421106 1.380531 1.319993 1.233291 1.114363 0.958518 0.763977 0.533350 0.274473 0.000000 
50.000000 42.488199 35.269946 28.604409 22.688699 17.641777 13.501794 10.235541 7.756238 5.944873 4.670592 3.806999 3.242905 2.887583 2.671634 2.544931 2.473123 2.433789 2.412952 2.402271 2.396970 2.394421 2.393233 2.392696 2.392460 2.392359 2.392315 2.392292 2.392272 2.392238 2.392166 2.392014 2.391692 2.391037 2.389739 2.387246 2.382611 2.374268 2.359740 2.335296 2.295596 2.233441 2.139784 2.004231 1.816245 1.567178 1.252992 0.877090 0.452197 0.000000 
50.000000 42.699455 35.684193 29.206087 23.456702 18.551654 14.528025 11.353547 8.943887 7.183385 5.944873 5.105511 4.557237 4.211877 4.001978 3.878823 3.809025 3.770791 3.750537 3.740154 3.735001 3.732523 3.731368 3.730846 3.730617 3.730518 3.730474 3.730450 3.730425 3.730379 3.730282 3.730072 3.729629 3.728722 3.726916 3.723432 3.716917 3.705111 3.684405 3.649277 3.591693 3.500600 3.361763 3.158310 2.872410 2.488435 1.997599 1.403298 0.725295 0.000000 
50.000000 42.999719 36.272979 30.061285 24.548319 19.844943 15.986719 12.942712 10.632066 8.943887 7.756238 6.951337 6.425564 6.094373 5.893082 5.774976 5.708037 5.671369 5.651944 5.641986 5.637044 5.634667 5.633559 5.633058 5.632838 5.632743 5.632700 5.632674 5.632644 5.632586 5.632459 5.632186 5.631607 5.630414 5.628032 5.623410 5.614714 5.598850 5.570805 5.522797 5.443287 5.316033 5.119517 4.827298 4.410060 3.840165 3.099189 2.187749 1.134693 0.000000 
50.000000 43.410668 37.078809 31.231741 26.042363 21.615026 17.983212 15.117807 12.942712 11.353547 10.235541 9.477827 8.982870 8.671084 8.481584 8.370393 8.307373 8.272851 8.254562 8.245187 8.240533 8.238296 8.237252 8.236781 8.236573 8.236483 8.236441 8.236414 8.236379 8.236308 8.236154 8.235817 8.235101 8.233622 8.230652 8.224860 8.213896 8.193748 8.157834 8.095757 7.991784 7.823195 7.558903 7.159104 6.577162 5.765403 4.686502 3.330861 1.736411 0.000000 
50.000000 43.952012 38.140333 32.773602 28.010507 23.946828 20.613301 17.983212 15.986719 14.528025 13.501794 12.806268 12.351927 12.065720 11.891764 11.789691 11.731838 11.700145 11.683355 11.674748 11.670475 11.668421 11.667463 11.667030 11.666839 11.666756 11.666716 11.666689 11.666649 11.666569 11.666391 11.666001 11.665171 11.663448 11.659974 11.653162 11.640185 11.616165 11.572977 11.497563 11.369716 11.159421 10.824107 10.306651 9.535799 8.431884 6.921959 4.968475 2.610486 0.000000 
50.000000 44.638117 39.485727 34.727794 30.504999 26.902260 23.946828 21.615026 19.844943 18.551654 17.641777 17.025100 16.622259 16.368490 16.214246 16.123739 16.072439 16.044336 16.029447 16.021814 16.018025 16.016204 16.015354 16.014970 16.014800 16.014726 16.014690 16.014663 16.014622 16.014536 16.014345 16.013926 16.013030 16.011164 16.007382 15.999931 15.985650 15.959025 15.910737 15.825531 15.679244 15.434883 15.037864 14.411029 13.451130 12.030725 10.013305 7.294464 3.881821 0.000000 
50.000000 45.474477 41.125763 37.109965 33.545820 30.504999 28.010507 26.042363 24.548319 23.456702 22.688699 22.168171 21.828134 21.613924 21.483723 21.407322 21.364016 21.340292 21.327723 21.321280 21.318081 21.316543 21.315826 21.315501 21.315358 21.315295 21.315264 21.315239 21.315199 21.315115 21.314927 21.314513 21.313625 21.311770 21.307996 21.300525 21.286124 21.259091 21.209654 21.121521 20.968268 20.708154 20.276959 19.578622 18.474274 16.772910 14.234050 10.608897 5.772588 0.000000 
50.000000 46.454762 43.048030 39.902093 37.109965 34.727794 32.773602 31.231741 30.061285 29.206087 28.604409 28.196606 27.930203 27.762378 27.660368 27.600509 27.566579 27.547991 27.538143 27.533094 27.530588 27.529383 27.528821 27.528566 27.528454 27.528404 27.528379 27.528358 27.528324 27.528250 27.528084 27.527718 27.526930 27.525280 27.521912 27.515217 27.502248 27.477757 27.432630 27.351417 27.208489 26.962096 26.545240 25.851643 24.714489 22.875915 19.951047 15.416716 8.743560 0.000000 
50.000000 47.559261 45.213875 43.048030 41.125763 39.485727 38.140333 37.078809 36.272979 35.684193 35.269946 34.989177 34.805759 34.690210 34.619975 34.578761 34.555399 34.542601 34.535820 34.532343 34.530617 34.529787 34.529400 34.529225 34.529148 34.529114 34.529096 34.529081 34.529055 34.529000 34.528875 34.528601 34.528008 34.526764 34.524219 34.519144 34.509274 34.490546 34.455827 34.392856 34.280895 34.085230 33.747948 33.171858 32.191263 30.516866 27.631315 22.606938 13.909150 0.000000 
50.000000 48.755318 47.559261 46.454762 45.474477 44.638117 43.952012 43.410668 42.999719 42.699455 42.488199 42.345013 42.251473 42.192545 42.156726 42.135707 42.123793 42.117265 42.113807 42.112034 42.111154 42.110731 42.110533 42.110444 42.110404 42.110387 42.110378 42.110370 42.110356 42.110326 42.110260 42.110112 42.109794 42.109124 42.107751 42.105008 42.099662 42.089484 42.070540 42.036002 41.974160 41.865027 41.674257 41.341525 40.756296 39.701889 37.711202 33.650111 24.377659 0.000000 
50.000000 50.000000 50.000000 50.000000 50.000000 50.000000 50.000000 50.000000 50.000000 50.000000 50.000000 50.000000 50.000000 50.000000 50.000000 50.000000 50.000000 50.000000 50.000000 50.000000 50.000000 50.000000 50.000000 50.000000 50.000000 50.000000 50.000000 50.000000 50.000000 50.000000 50.000000 50.000000 50.000000 50.000000 50.000000 50.000000 50.000000 50.000000 50.000000 50.000000 50.000000 50.000000 50.000000 50.000000 50.000000 50.000000 50.000000 50.000000 50.000000 50.000000 
