50.000000 50.000000 50.000000 50.000000 50.000000 50.000000 50.000000 50.000000 50.000000 50.000000 50.000000 50.000000 50.000000 50.000000 50.000000 50.000000 50.000000 50.000000 50.000000 50.000000 50.000000 50.000000 50.000000 50.000000 50.000000 50.000000 50.000000 50.000000 50.000000 50.000000 50.000000 50.000000 50.000000 50.000000 50.000000 50.000000 50.000000 50.000000 50.000000 50.000000 50.000000 50.000000 50.000000 50.000000 50.000000 50.000000 50.000000 50.000000 50.000000 50.000000 
50.000000 47.591694 45.365219 43.461314 41.953981 40.847608 40.093450 39.615107 39.332186 39.175795 39.094814 39.055442 39.037428 39.029654 39.026484 39.025259 39.024809 39.024653 39.024601 39.024584 39.024579 39.024578 39.024577 39.024577 39.024577 39.024577 39.024577 39.024577 39.024577 39.024577 39.024577 39.024576 39.024573 39.024563 39.024532 39.024437 39.024160 39.023383 39.021301 39.015954 39.002782 38.971607 38.900481 38.743192 38.403090 37.674150 36.093120 32.519802 23.795847 0.000000 
50.000000 45.365219 41.080389 37.416378 34.515599 32.386482 30.935205 30.014720 29.470307 29.169379 29.013560 28.937806 28.903147 28.888192 28.882091 28.879735 28.878871 28.878569 28.878469 28.878438 28.878428 28.878425 28.878425 28.878424 28.878424 28.878424 28.878424 28.878424 28.878424 28.878424 28.878424 28.878422 28.878417 28.878400 28.878346 28.878181 28.877701 28.876363 28.872790 28.863664 28.841354 28.789099 28.671633 28.417502 27.886286 26.808025 24.672276 20.540194 12.845416 0.000000 
50.000000 43.461314 37.416378 32.247351 28.155146 25.151626 23.104395 21.805971 21.038063 20.613618 20.393854 20.287018 20.238141 20.217052 20.208450 20.205128 20.203909 20.203485 20.203344 20.203299 20.203285 20.203282 20.203280 20.203280 20.203280 20.203280 20.203280 20.203280 20.203280 20.203280 20.203279 20.203278 20.203271 20.203251 20.203187 20.202991 20.202425 20.200852 20.196679 20.186106 20.160526 20.101439 19.971086 19.696332 19.142796 18.077317 16.123676 12.744101 7.368194 0.000000 
50.000000 41.953981 34.515599 28.155146 23.119841 19.424245 16.905389 15.307919 14.363202 13.841059 13.570728 13.439318 13.379203 13.353267 13.342689 13.338603 13.337106 13.336584 13.336410 13.336355 13.336339 13.336334 13.336333 13.336332 13.336332 13.336332 13.336332 13.336332 13.336332 13.336332 13.336331 13.336330 13.336324 13.336304 13.336242 13.336053 13.335509 13.334009 13.330056 13.320135 13.296410 13.242425 13.125640 12.885749 12.418726 11.559921 10.077829 7.707574 4.279832 0.000000 
50.000000 40.847608 32.386482 25.151626 19.424245 15.220854 12.356015 10.539211 9.464843 8.871078 8.563687 8.414272 8.345926 8.316441 8.304417 8.299773 8.298071 8.297477 8.297280 8.297218 8.297199 8.297194 8.297192 8.297192 8.297192 8.297191 8.297191 8.297191 8.297191 8.297191 8.297191 8.297189 8.297184 8.297168 8.297116 8.296959 8.296510 8.295278 8.292058 8.284051 8.265131 8.222713 8.132643 7.951928 7.610427 7.005519 6.008829 4.500196 2.444517 0.000000 
50.000000 40.093450 30.935205 23.104395 16.905389 12.356015 9.255493 7.289316 6.126676 5.484164 5.151557 4.989896 4.915954 4.884056 4.871050 4.866027 4.864186 4.863544 4.863331 4.863264 4.863243 4.863237 4.863236 4.863235 4.863235 4.863235 4.863235 4.863235 4.863235 4.863235 4.863235 4.863234 4.863230 4.863218 4.863179 4.863064 4.862735 4.861839 4.859516 4.853792 4.840418 4.810846 4.749102 4.627747 4.404087 4.019641 3.408063 2.517703 1.350258 0.000000 
50.000000 39.615107 30.014720 21.805971 15.307919 10.539211 7.289316 5.228494 4.009944 3.336567 2.988000 2.818592 2.741111 2.707689 2.694062 2.688799 2.686870 2.686198 2.685975 2.685904 2.685883 2.685877 2.685875 2.685875 2.685875 2.685875 2.685875 2.685875 2.685875 2.685874 2.685874 2.685874 2.685871 2.685863 2.685837 2.685761 2.685544 2.684957 2.683445 2.679755 2.671221 2.652584 2.614247 2.540214 2.406568 2.182280 1.834884 1.343087 0.714625 0.000000 
50.000000 39.332186 29.470307 21.038063 14.363202 9.464843 6.126676 4.009944 2.758376 2.066779 1.708796 1.534819 1.455252 1.420931 1.406939 1.401535 1.399555 1.398865 1.398636 1.398564 1.398542 1.398535 1.398533 1.398533 1.398533 1.398533 1.398533 1.398533 1.398533 1.398533 1.398533 1.398532 1.398531 1.398526 1.398510 1.398464 1.398334 1.397983 1.397086 1.394913 1.389937 1.379188 1.357359 1.315830 1.242130 1.120777 0.936625 0.681208 0.360579 0.000000 
50.000000 39.175795 29.169379 20.613618 13.841059 8.871078 5.484164 3.336567 2.066779 1.365134 1.001959 0.825464 0.744749 0.709934 0.695740 0.690259 0.688251 0.687551 0.687318 0.687245 0.687223 0.687216 0.687214 0.687214 0.687214 0.687214 0.687214 0.687214 0.687214 0.687214 0.687214 0.687213 0.687213 0.687210 0.687201 0.687176 0.687104 0.686911 0.686421 0.685243 0.682567 0.676843 0.665346 0.643746 0.605947 0.544649 0.453091 0.328025 0.173014 0.000000 
50.000000 39.094814 29.013560 20.393854 13.570728 8.563687 5.151557 2.988000 1.708796 1.001959 0.636103 0.458310 0.377002 0.341932 0.327635 0.322114 0.320091 0.319386 0.319152 0.319078 0.319056 0.319049 0.319047 0.319047 0.319047 0.319047 0.319047 0.319047 0.319047 0.319047 0.319047 0.319046 0.319046 0.319045 0.319040 0.319027 0.318990 0.318892 0.318644 0.318052 0.316716 0.313882 0.308245 0.297765 0.279636 0.250593 0.207748 0.149896 0.078860 0.000000 
50.000000 39.055442 28.937806 20.287018 13.439318 8.414272 4.989896 2.818592 1.534819 0.825464 0.458310 0.279887 0.198292 0.163099 0.148752 0.143212 0.141182 0.140474 0.140240 0.140165 0.140143 0.140136 0.140134 0.140134 0.140134 0.140134 0.140134 0.140134 0.140134 0.140134 0.140134 0.140134 0.140133 0.140133 0.140131 0.140124 0.140107 0.140060 0.139943 0.139666 0.139043 0.137733 0.135146 0.130381 0.122214 0.109261 0.090339 0.065016 0.034141 0.000000 
50.000000 39.037428 28.903147 20.238141 13.379203 8.345926 4.915954 2.741111 1.455252 0.744749 0.377002 0.198292 0.116566 0.081317 0.066947 0.061399 0.059365 0.058657 0.058422 0.058347 0.058325 0.058318 0.058316 0.058316 0.058316 0.058316 0.058316 0.058316 0.058316 0.058316 0.058316 0.058316 0.058316 0.058315 0.058314 0.058312 0.058304 0.058283 0.058232 0.058110 0.057838 0.057269 0.056154 0.054115 0.050649 0.045195 0.037290 0.026784 0.014045 0.000000 
50.000000 39.029654 28.888192 20.217052 13.353267 8.316441 4.884056 2.707689 1.420931 0.709934 0.341932 0.163099 0.081317 0.046044 0.031664 0.026112 0.024077 0.023369 0.023133 0.023059 0.023036 0.023030 0.023028 0.023027 0.023027 0.023027 0.023027 0.023027 0.023027 0.023027 0.023027 0.023027 0.023027 0.023027 0.023027 0.023025 0.023022 0.023014 0.022992 0.022942 0.022830 0.022598 0.022145 0.021321 0.019931 0.017757 0.014627 0.010490 0.005495 0.000000 
50.000000 39.026484 28.882091 20.208450 13.342689 8.304417 4.871050 2.694062 1.406939 0.695740 0.327635 0.148752 0.066947 0.031664 0.017281 0.011727 0.009692 0.008983 0.008747 0.008673 0.008650 0.008644 0.008642 0.008641 0.008641 0.008641 0.008641 0.008641 0.008641 0.008641 0.008641 0.008641 0.008641 0.008641 0.008641 0.008640 0.008639 0.008636 0.008627 0.008608 0.008564 0.008475 0.008301 0.007986 0.007457 0.006636 0.005459 0.003910 0.002046 0.000000 
50.000000 39.025259 28.879735 20.205128 13.338603 8.299773 4.866027 2.688799 1.401535 0.690259 0.322114 0.143212 0.061399 0.026112 0.011727 0.006172 0.004137 0.003428 0.003192 0.003118 0.003095 0.003089 0.003087 0.003086 0.003086 0.003086 0.003086 0.003086 0.003086 0.003086 0.003086 0.003086 0.003086 0.003086 0.003086 0.003086 0.003086 0.003084 0.003081 0.003074 0.003058 0.003025 0.002962 0.002848 0.002657 0.002362 0.001941 0.001389 0.000726 0.000000 
50.000000 39.024809 28.878871 20.203909 13.337106 8.298071 4.864186 2.686870 1.399555 0.688251 0.320091 0.141182 0.059365 0.024077 0.009692 0.004137 0.002101 0.001392 0.001157 0.001082 0.001060 0.001053 0.001051 0.001051 0.001051 0.001051 0.001051 0.001051 0.001051 0.001051 0.001051 0.001051 0.001051 0.001051 0.001051 0.001051 0.001050 0.001050 0.001049 0.001046 0.001041 0.001029 0.001008 0.000968 0.000903 0.000802 0.000658 0.000471 0.000246 0.000000 
50.000000 39.024653 28.878569 20.203485 13.336584 8.297477 4.863544 2.686198 1.398865 0.687551 0.319386 0.140474 0.058657 0.023369 0.008983 0.003428 0.001392 0.000683 0.000448 0.000373 0.000351 0.000344 0.000342 0.000342 0.000342 0.000342 0.000342 0.000342 0.000342 0.000342 0.000342 0.000342 0.000342 0.000342 0.000341 0.000341 0.000341 0.000341 0.000341 0.000340 0.000338 0.000334 0.000327 0.000314 0.000293 0.000260 0.000213 0.000152 0.000080 0.000000 
50.000000 39.024601 28.878469 20.203344 13.336410 8.297280 4.863331 2.685975 1.398636 0.687318 0.319152 0.140240 0.058422 0.023133 0.008747 0.003192 0.001157 0.000448 0.000212 0.000138 0.000115 0.000109 0.000107 0.000106 0.000106 0.000106 0.000106 0.000106 0.000106 0.000106 0.000106 0.000106 0.000106 0.000106 0.000106 0.000106 0.000106 0.000106 0.000106 0.000106 0.000105 0.000104 0.000102 0.000098 0.000091 0.000081 0.000066 0.000047 0.000025 0.000000 
50.000000 39.024584 28.878438 20.203299 13.336355 8.297218 4.863264 2.685904 1.398564 0.687245 0.319078 0.140165 0.058347 0.023059 0.008673 0.003118 0.001082 0.000373 0.000138 0.000063 0.000041 0.000034 0.000032 0.000032 0.000032 0.000032 0.000032 0.000032 0.000032 0.000032 0.000032 0.000032 0.000032 0.000032 0.000032 0.000032 0.000032 0.000032 0.000032 0.000031 0.000031 0.000031 0.000030 0.000029 0.000027 0.000024 0.000020 0.000014 0.000007 0.000000 
50.000000 39.024579 28.878428 20.203285 13.336339 8.297199 4.863243 2.685883 1.398542 0.687223 0.319056 0.140143 0.058325 0.023036 0.008650 0.003095 0.001060 0.000351 0.000115 0.000041 0.000018 0.000011 0.000010 0.000009 0.000009 0.000009 0.000009 0.000009 0.000009 0.000009 0.000009 0.000009 0.000009 0.000009 0.000009 0.000009 0.000009 0.000009 0.000009 0.000009 0.000009 0.000009 0.000009 0.000008 0.000008 0.000007 0.000006 0.000004 0.000002 0.000000 
50.000000 39.024578 28.878425 20.203282 13.336334 8.297194 4.863237 2.685877 1.398535 0.687216 0.319049 0.140136 0.058318 0.023030 0.008644 0.003089 0.001053 0.000344 0.000109 0.000034 0.000011 0.000005 0.000003 0.000003 0.000003 0.000002 0.000002 0.000002 0.000002 0.000002 0.000002 0.000002 0.000002 0.000002 0.000002 0.000002 0.000002 0.000002 0.000002 0.000002 0.000002 0.000002 0.000002 0.000002 0.000002 0.000002 0.000002 0.000001 0.000001 0.000000 
50.000000 39.024577 28.878425 20.203280 13.336333 8.297192 4.863236 2.685875 1.398533 0.687214 0.319047 0.140134 0.058316 0.023028 0.008642 0.003087 0.001051 0.000342 0.000107 0.000032 0.000010 0.000003 0.000001 0.000001 0.000001 0.000001 0.000001 0.000001 0.000001 0.000001 0.000001 0.000001 0.000001 0.000001 0.000001 0.000001 0.000001 0.000001 0.000001 0.000001 0.000001 0.000001 0.000001 0.000001 0.000001 0.000000 0.000000 0.000000 0.000000 0.000000 
50.000000 39.024577 28.878424 20.203280 13.336332 8.297192 4.863235 2.685875 1.398533 0.687214 0.319047 0.140134 0.058316 0.023027 0.008641 0.003086 0.001051 0.000342 0.000106 0.000032 0.000009 0.000003 0.000001 0.000000 0.000000 0.000000 0.000000 0.000000 0.000000 0.000000 0.000000 0.000000 0.000000 0.000000 0.000000 0.000000 0.000000 0.000000 0.000000 0.000000 0.000000 0.000000 0.000000 0.000000 0.000000 0.000000 0.000000 0.000000 0.000000 0.000000 
50.000000 39.024577 28.878424 20.203280 13.336332 8.297192 4.863235 2.685875 1.398533 0.687214 0.319047 0.140134 0.058316 0.023027 0.008641 0.003086 0.001051 0.000342 0.000106 0.000032 0.000009 0.000003 0.000001 0.000000 0.000000 0.000000 0.000000 0.000000 0.000000 0.000000 0.000000 0.000000 0.000000 0.000000 0.000000 0.000000 0.000000 0.000000 0.000000 0.000000 0.000000 0.000000 0.000000 0.000000 0.000000 0.000000 0.000000 0.000000 0.000000 0.000000 
50.000000 39.024577 28.878424 20.203280 13.336332 8.297192 4.863235 2.685875 1.398533 0.687214 0.319047 0.140134 0.058316 0.023027 0.008641 0.003086 0.001051 0.000342 0.000106 0.000032 0.000009 0.000003 0.000001 0.000000 0.000000 0.000000 0.000000 0.000000 0.000000 0.000000 0.000000 0.000000 0.000000 0.000000 0.000000 0.000000 0.000000 0.000000 0.000000 0.000000 0.000000 0.000000 0.000000 0.000000 0.000000 0.000000 0.000000 0.000000 0.000000 0.000000 
50.000000 39.024577 28.878424 20.203280 13.336332 8.297192 4.863235 2.685875 1.398533 0.687214 0.319047 0.140134 0.058316 0.023027 0.008641 0.003086 0.001051 0.000342 0.000106 0.000032 0.000009 0.000003 0.000001 0.000000 0.000000 0.000000 0.000000 0.000000 0.000000 0.000000 0.000000 0.000000 0.000000 0.000000 0.000000 0.000000 0.000000 0.000000 0.000000 0.000000 0.000000 0.000000 0.000000 0.000000 0.000000 0.000000 0.000000 0.000000 0.000000 0.000000 
50.000000 39.024577 28.878425 20.203280 13.336333 8.297192 4.863236 2.685875 1.398533 0.687214 0.319047 0.140134 0.058316 0.023028 0.008642 0.003087 0.001051 0.000342 0.000107 0.000032 0.000010 0.000003 0.000001 0.000001 0.000001 0.000001 0.000001 0.000001 0.000001 0.000001 0.000001 0.000001 0.000001 0.000001 0.000001 0.000001 0.000001 0.000001 0.000001 0.000001 0.000001 0.000001 0.000001 0.000001 0.000001 0.000000 0.000000 0.000000 0.000000 0.000000 
50.000000 39.024578 28.878425 20.203282 13.336334 8.297194 4.863237 2.685877 1.398535 0.687216 0.319049 0.140136 0.058318 0.023030 0.008644 0.003089 0.001053 0.000344 0.000109 0.000034 0.000011 0.000005 0.000003 0.000003 0.000003 0.000002 0.000002 0.000002 0.000002 0.000002 0.000002 0.000002 0.000002 0.000002 0.000002 0.000002 0.000002 0.000002 0.000002 0.000002 0.000002 0.000002 0.000002 0.000002 0.000002 0.000002 0.000002 0.000001 0.000001 0.000000 
50.000000 39.024579 28.878428 20.203285 13.336339 8.297199 4.863243 2.685883 1.398542 0.687223 0.319056 0.140143 0.058325 0.023036 0.008650 0.003095 0.001060 0.000351 0.000115 0.000041 0.000018 0.000011 0.000010 0.000009 0.000009 0.000009 0.000009 0.000009 0.000009 0.000009 0.000009 0.000009 0.000009 0.000009 0.000009 0.000009 0.000009 0.000009 0.000009 0.000009 0.000009 0.000009 0.000009 0.000008 0.000008 0.000007 0.000006 0.000004 0.000002 0.000000 
50.000000 39.024584 28.878438 20.203299 13.336355 8.297218 4.863264 2.685904 1.398564 0.687245 0.319078 0.140165 0.058347 0.023059 0.008673 0.003118 0.001082 0.000373 0.000138 0.000063 0.000041 0.000034 0.000032 0.000032 0.000032 0.000032 0.000032 0.000032 0.000032 0.000032 0.000032 0.000032 0.000032 0.000032 0.000032 0.000032 0.000032 0.000032 0.000032 0.000031 0.000031 0.000031 0.000030 0.000029 0.000027 0.000024 0.000020 0.000014 0.000007 0.000000 
50.000000 39.024601 28.878469 20.203344 13.336410 8.297280 4.863331 2.685975 1.398636 0.687318 0.319152 0.140240 0.058422 0.023133 0.008747 0.003192 0.001157 0.000448 0.000212 0.000138 0.000115 0.000109 0.000107 0.000106 0.000106 0.000106 0.000106 0.000106 0.000106 0.000106 0.000106 0.000106 0.000106 0.000106 0.000106 0.000106 0.000106 0.000106 0.000106 0.000106 0.000105 0.000104 0.000102 0.000098 0.000091 0.000081 0.000066 0.000047 0.000025 0.000000 
50.000000 39.024653 28.878569 20.203485 13.336584 8.297477 4.863544 2.686198 1.398865 0.687551 0.319386 0.140474 0.058657 0.023369 0.008983 0.003428 0.001392 0.000683 0.000448 0.000373 0.000351 0.000344 0.000342 0.000342 0.000342 0.000342 0.000342 0.000342 0.000342 0.000342 0.000342 0.000342 0.000342 0.000342 0.000341 0.000341 0.000341 0.000341 0.000341 0.000340 0.000338 0.000334 0.000327 0.000314 0.000293 0.000260 0.000213 0.000152 0.000080 0.000000 
50.000000 39.024809 28.878871 20.203909 13.337106 8.298071 4.864186 2.686870 1.399555 0.688251 0.320091 0.141182 0.059365 0.024077 0.009692 0.004137 0.002101 0.001392 0.001157 0.001082 0.001060 0.001053 0.001051 0.001051 0.001051 0.001051 0.001051 0.001051 0.001051 0.001051 0.001051 0.001051 0.001051 0.001051 0.001051 0.001051 0.001050 0.001050 0.001049 0.001046 0.001041 0.001029 0.001008 0.000968 0.000903 0.000802 0.000658 0.000471 0.000246 0.000000 
50.000000 39.025259 28.879735 20.205128 13.338603 8.299773 4.866027 2.688799 1.401535 0.690259 0.322114 0.143212 0.061399 0.026112 0.011727 0.006172 0.004137 0.003428 0.003192 0.003118 0.003095 0.003089 0.003087 0.003086 0.003086 0.003086 0.003086 0.003086 0.003086 0.003086 0.003086 0.003086 0.003086 0.003086 0.003086 0.003086 0.003086 0.003084 0.003081 0.003074 0.003058 0.003025 0.002962 0.002848 0.002657 0.002362 0.001941 0.001389 0.000726 0.000000 
50.000000 39.026484 28.882091 20.208450 13.342689 8.304417 4.871050 2.694062 1.406939 0.695740 0.327635 0.148752 0.066947 0.031664 0.017281 0.011727 0.009692 0.008983 0.008747 0.008673 0.008650 0.008644 0.008642 0.008641 0.008641 0.008641 0.008641 0.008641 0.008641 0.008641 0.008641 0.008641 0.008641 0.008641 0.008641 0.008640 0.008639 0.008636 0.008627 0.008608 0.008564 0.008475 0.008301 0.007986 0.007457 0.006636 0.005459 0.003910 0.002046 0.000000 
50.000000 39.029654 28.888192 20.217052 13.353267 8.316441 4.884056 2.707689 1.420931 0.709934 0.341932 0.163099 0.081317 0.046044 0.031664 0.026112 0.024077 0.023369 0.023133 0.023059 0.023036 0.023030 0.023028 0.023027 0.023027 0.023027 0.023027 0.023027 0.023027 0.023027 0.023027 0.023027 0.023027 0.023027 0.023027 0.023025 0.023022 0.023014 0.022992 0.022942 0.022830 0.022598 0.022145 0.021321 0.019931 0.017757 0.014627 0.010490 0.005495 0.000000 
50.000000 39.037428 28.903147 20.238141 13.379203 8.345926 4.915954 2.741111 1.455252 0.744749 0.377002 0.198292 0.116566 0.081317 0.066947 0.061399 0.059365 0.058657 0.058422 0.058347 0.058325 0.058318 0.058316 0.058316 0.058316 0.058316 0.058316 0.058316 0.058316 0.058316 0.058316 0.058316 0.058316 0.058315 0.058314 0.058312 0.058304 0.058283 0.058232 0.058110 0.057838 0.057269 0.056154 0.054115 0.050649 0.045195 0.037290 0.026784 0.014045 0.000000 
50.000000 39.055442 28.937806 20.287018 13.439318 8.414272 4.989896 2.818592 1.534819 0.825464 0.458310 0.279887 0.198292 0.163099 0.148752 0.143212 0.141182 0.140474 0.140240 0.140165 0.140143 0.140136 0.140134 0.140134 0.140134 0.140134 0.140134 0.140134 0.140134 0.140134 0.140134 0.140134 0.140133 0.140133 0.140131 0.140124 0.140107 0.140060 0.139943 0.139666 0.139043 0.137733 0.135146 0.130381 0.122214 0.109261 0.090339 0.065016 0.034141 0.000000 
50.000000 39.094814 29.013560 20.393854 13.570728 8.563687 5.151557 2.988000 1.708796 1.001959 0.636103 0.458310 0.377002 0.341932 0.327635 0.322114 0.320091 0.319386 0.319152 0.319078 0.319056 0.319049 0.319047 0.319047 0.319047 0.319047 0.319047 0.319047 0.319047 0.319047 0.319047 0.319046 0.319046 0.319045 0.319040 0.319027 0.318990 0.318892 0.318644 0.318052 0.316716 0.313882 0.308245 0.297765 0.279636 0.250593 0.207748 0.149896 0.078860 0.000000 
50.000000 39.175795 29.169379 20.613618 13.841059 8.871078 5.484164 3.336567 2.066779 1.365134 1.001959 0.825464 0.744749 0.709934 0.695740 0.690259 0.688251 0.687551 0.687318 0.687245 0.687223 0.687216 0.687214 0.687214 0.687214 0.687214 0.687214 0.687214 0.687214 0.687214 0.687214 0.687213 0.687213 0.687210 0.687201 0.687176 0.687104 0.686911 0.686421 0.685243 0.682567 0.676843 0.665346 0.643746 0.605947 0.544649 0.453091 0.328025 0.173014 0.000000 
50.000000 39.332186 29.470307 21.038063 14.363202 9.464843 6.126676 4.009944 2.758376 2.066779 1.708796 1.534819 1.455252 1.420931 1.406939 1.401535 1.399555 1.398865 1.398636 1.398564 1.398542 1.398535 1.398533 1.398533 1.398533 1.398533 1.398533 1.398533 1.398533 1.398533 1.398533 1.398532 1.398531 1.398526 1.398510 1.398464 1.398334 1.397983 1.397086 1.394913 1.389937 1.379188 1.357359 1.315830 1.242130 1.120777 0.936625 0.681208 0.360579 0.000000 
50.000000 39.615107 30.014720 21.805971 15.307919 10.539211 7.289316 5.228494 4.009944 3.336567 2.988000 2.818592 2.741111 2.707689 2.694062 2.688799 2.686870 2.686198 2.685975 2.685904 2.685883 2.685877 2.685875 2.685875 2.685875 2.685875 2.685875 2.685875 2.685875 2.685874 2.685874 2.685874 2.685871 2.685863 2.685837 2.685761 2.685544 2.684957 2.683445 2.679755 2.671221 2.652584 2.614247 2.540214 2.406568 2.182280 1.834884 1.343087 0.714625 0.000000 
50.000000 40.093450 30.935205 23.104395 16.905389 12.356015 9.255493 7.289316 6.126676 5.484164 5.151557 4.989896 4.915954 4.884056 4.871050 4.866027 4.864186 4.863544 4.863331 4.863264 4.863243 4.863237 4.863236 4.863235 4.863235 4.863235 4.863235 4.863235 4.863235 4.863235 4.863235 4.863234 4.863230 4.863218 4.863179 4.863064 4.862735 4.861839 4.859516 4.853792 4.840418 4.810846 4.749102 4.627747 4.404087 4.019641 3.408063 2.517703 1.350258 0.000000 
50.000000 40.847608 32.386482 25.151626 19.424245 15.220854 12.356015 10.539211 9.464843 8.871078 8.563687 8.414272 8.345926 8.316441 8.304417 8.299773 8.298071 8.297477 8.297280 8.297218 8.297199 8.297194 8.297192 8.297192 8.297192 8.297191 8.297191 8.297191 8.297191 8.297191 8.297191 8.297189 8.297184 8.297168 8.297116 8.296959 8.296510 8.295278 8.292058 8.284051 8.265131 8.222713 8.132643 7.951928 7.610427 7.005519 6.008829 4.500196 2.444517 0.000000 
50.000000 41.953981 34.515599 28.155146 23.119841 19.424245 16.905389 15.307919 14.363202 13.841059 13.570728 13.439318 13.379203 13.353267 13.342689 13.338603 13.337106 13.336584 13.336410 13.336355 13.336339 13.336334 13.336333 13.336332 13.336332 13.336332 13.336332 13.336332 13.336332 13.336332 13.336331 13.336330 13.336324 13.336304 13.336242 13.336053 13.335509 13.334009 13.330056 13.320135 13.296410 13.242425 13.125640 12.885749 12.418726 11.559921 10.077829 7.707574 4.279832 0.000000 
50.000000 43.461314 37.416378 32.247351 28.155146 25.151626 23.104395 21.805971 21.038063 20.613618 20.393854 20.287018 20.238141 20.217052 20.208450 20.205128 20.203909 20.203485 20.203344 20.203299 20.203285 20.203282 20.203280 20.203280 20.203280 20.203280 20.203280 20.203280 20.203280 20.203280 20.203279 20.203278 20.203271 20.203251 20.203187 20.202991 20.202425 20.200852 20.196679 20.186106 20.160526 20.101439 19.971086 19.696332 19.142796 18.077317 16.123676 12.744101 7.368194 0.000000 
50.000000 45.365219 41.080389 37.416378 34.515599 32.386482 30.935205 30.014720 29.470307 29.169379 29.013560 28.937806 28.903147 28.888192 28.882091 28.879735 28.878871 28.878569 28.878469 28.878438 28.878428 28.878425 28.878425 28.878424 28.878424 28.878424 28.878424 28.878424 28.878424 28.878424 28.878424 28.878422 28.878417 28.878400 28.878346 28.878181 28.877701 28.876363 28.872790 28.863664 28.841354 28.789099 28.671633 28.417502 27.886286 26.808025 24.672276 20.540194 12.845416 0.000000 
50.000000 47.591694 45.365219 43.461314 41.953981 40.847608 40.093450 39.615107 39.332186 39.175795 39.094814 39.055442 39.037428 39.029654 39.026484 39.025259 39.024809 39.024653 39.024601 39.024584 39.024579 39.024578 39.024577 39.024577 39.024577 39.024577 39.024577 39.024577 39.024577 39.024577 39.024577 39.024576 39.024573 39.024563 39.024532 39.024437 39.024160 39.023383 39.021301 39.015954 39.002782 38.971607 38.900481 38.743192 38.403090 37.674150 36.093120 32.519802 23.795847 0.000000 
50.000000 50.000000 50.000000 50.000000 50.000000 50.000000 50.000000 50.000000 50.000000 50.000000 50.000000 50.000000 50.000000 50.000000 50.000000 50.000000 50.000000 50.000000 50.000000 50.000000 50.000000 50.000000 50.000000 50.000000 50.000000 50.000000 50.000000 50.000000 50.000000 50.000000 50.000000 50.000000 50.000000 50.000000 50.000000 50.000000 50.000000 50.000000 50.000000 50.000000 50.000000 50.000000 50.000000 50.000000 50.000000 50.000000 50.000000 50.000000 50.000000 50.000000 
