50.000000 50.000000 50.000000 50.000000 50.000000 50.000000 50.000000 50.000000 50.000000 50.000000 50.000000 50.000000 50.000000 50.000000 50.000000 50.000000 50.000000 50.000000 50.000000 50.000000 50.000000 50.000000 50.000000 50.000000 50.000000 50.000000 50.000000 50.000000 50.000000 50.000000 50.000000 50.000000 50.000000 50.000000 50.000000 50.000000 50.000000 50.000000 50.000000 50.000000 50.000000 50.000000 50.000000 50.000000 50.000000 50.000000 50.000000 50.000000 50.000000 50.000000 
50.000000 48.749451 47.547986 46.438917 45.455137 44.616430 43.929046 43.387300 42.976576 42.676913 42.466424 42.324010 42.231155 42.172779 42.137374 42.116647 42.104927 42.098522 42.095138 42.093408 42.092552 42.092141 42.091950 42.091864 42.091826 42.091810 42.091801 42.091793 42.091780 42.091752 42.091687 42.091543 42.091233 42.090578 42.089234 42.086540 42.081277 42.071237 42.052513 42.018311 41.956965 41.848537 41.658734 41.327276 40.743662 39.691225 37.702847 33.644359 24.374725 0.000000 
50.000000 47.547986 45.192217 43.017614 41.088675 39.444192 38.096417 37.034202 36.228889 35.641339 35.228633 34.949405 34.767346 34.652891 34.583475 34.542836 34.519858 34.507302 34.500667 34.497275 34.495596 34.494791 34.494417 34.494248 34.494174 34.494141 34.494124 34.494110 34.494085 34.494032 34.493911 34.493644 34.493067 34.491852 34.489359 34.484376 34.474664 34.456196 34.421890 34.359552 34.248524 34.054188 33.718725 33.145033 32.167479 30.496790 27.615586 22.596108 13.903627 0.000000 
50.000000 46.438917 43.017614 39.859428 37.058028 34.669755 32.712397 31.169764 30.000233 29.146959 28.547608 28.142105 27.877716 27.711504 27.610699 27.551685 27.518317 27.500083 27.490449 27.485524 27.483086 27.481917 27.481374 27.481129 27.481021 27.480974 27.480950 27.480930 27.480897 27.480825 27.480664 27.480309 27.479542 27.477930 27.474633 27.468064 27.455309 27.431171 27.386603 27.306248 27.164586 26.919995 26.505606 25.815262 24.682231 22.848686 19.929714 15.402028 8.736070 0.000000 
50.000000 45.455137 41.088675 37.058028 33.482746 30.434731 27.936685 25.967940 24.475370 23.386422 22.621539 22.104049 21.766647 21.554539 21.425899 21.350592 21.308012 21.284745 21.272452 21.266167 21.263057 21.261565 21.260872 21.260559 21.260422 21.260362 21.260332 21.260308 21.260270 21.260189 21.260007 21.259605 21.258741 21.256931 21.253239 21.245913 21.231760 21.205136 21.156346 21.069206 20.917420 20.659393 20.231056 19.536485 18.436912 16.741373 14.209342 10.591885 5.763912 0.000000 
50.000000 44.616430 39.444192 34.669755 30.434731 26.824292 23.865326 21.533345 19.765412 18.475580 17.569606 16.956668 16.557042 16.305819 16.153461 16.064270 16.013841 15.986286 15.971727 15.964284 15.960601 15.958835 15.958014 15.957644 15.957481 15.957410 15.957376 15.957350 15.957311 15.957228 15.957043 15.956637 15.955766 15.953946 15.950250 15.942951 15.928928 15.902729 15.855117 15.770947 15.626191 15.384005 14.989968 14.367062 13.412146 11.997818 9.987523 7.276713 3.872768 0.000000 
50.000000 43.929046 38.096417 32.712397 27.936685 23.865326 20.528636 17.898994 15.905419 14.450983 13.429408 12.738270 12.287665 12.004401 11.832614 11.732051 11.675194 11.644127 11.627713 11.619322 11.615169 11.613178 11.612253 11.611836 11.611653 11.611573 11.611535 11.611509 11.611471 11.611394 11.611222 11.610845 11.610038 11.608361 11.604969 11.598303 11.585574 11.561964 11.519427 11.445010 11.318635 11.110436 10.777992 10.264318 9.498264 8.400200 6.897135 4.951384 2.601770 0.000000 
50.000000 43.387300 37.034202 31.169764 25.967940 21.533345 17.898994 15.034794 12.863421 11.279291 10.166637 9.413891 8.923129 8.614626 8.427537 8.318018 8.256098 8.222266 8.204392 8.195254 8.190732 8.188564 8.187557 8.187102 8.186903 8.186817 8.186777 8.186751 8.186718 8.186650 8.186501 8.186175 8.185481 8.184042 8.181146 8.175486 8.164745 8.144966 8.109637 8.048457 7.945809 7.779106 7.517397 7.121002 6.543377 5.736885 4.664158 3.315477 1.728566 0.000000 
50.000000 42.976576 36.228889 30.000233 24.475370 19.765412 15.905419 12.863421 10.557283 8.874857 7.693177 6.893746 6.372554 6.044929 5.846247 5.729944 5.664190 5.628264 5.609283 5.599581 5.594779 5.592477 5.591408 5.590926 5.590714 5.590623 5.590582 5.590558 5.590529 5.590473 5.590351 5.590087 5.589526 5.588368 5.586048 5.581538 5.573032 5.557480 5.529931 5.482683 5.404297 5.278642 5.084315 4.794983 4.381406 3.815977 3.080238 2.174701 1.128039 0.000000 
50.000000 42.676913 35.641339 29.146959 23.386422 18.475580 14.450983 11.279291 8.874857 7.120739 5.888720 5.055244 4.511866 4.170300 3.963166 3.841918 3.773370 3.735918 3.716132 3.706018 3.701012 3.698613 3.697498 3.696995 3.696775 3.696681 3.696639 3.696616 3.696592 3.696549 3.696455 3.696253 3.695824 3.694944 3.693189 3.689795 3.683431 3.671877 3.651569 3.617051 3.560369 3.470560 3.333482 3.132348 2.849389 2.469002 1.982373 1.392815 0.719948 0.000000 
50.000000 42.466424 35.228633 28.547608 22.621539 17.569606 13.429408 10.166637 7.693177 5.888720 4.621358 3.763984 3.205032 2.853680 2.640616 2.515899 2.445390 2.406868 2.386516 2.376113 2.370965 2.368497 2.367351 2.366834 2.366608 2.366511 2.366469 2.366447 2.366428 2.366396 2.366327 2.366180 2.365870 2.365236 2.363976 2.361551 2.357032 2.348880 2.334657 2.310679 2.271668 2.210493 2.118180 1.984398 1.798659 1.552333 1.241360 0.869081 0.448113 0.000000 
50.000000 42.324010 34.949405 28.142105 22.104049 16.956668 12.738270 9.413891 6.893746 5.055244 3.763984 2.890450 2.320969 1.963003 1.745930 1.618868 1.547035 1.507790 1.487056 1.476458 1.471214 1.468700 1.467532 1.467005 1.466775 1.466677 1.466635 1.466615 1.466599 1.466576 1.466528 1.466426 1.466213 1.465777 1.464916 1.463267 1.460209 1.454727 1.445225 1.429327 1.403676 1.363815 1.304254 1.218843 1.101551 0.947702 0.755503 0.527516 0.271497 0.000000 
50.000000 42.231155 34.767346 27.877716 21.766647 16.557042 12.287665 8.923129 6.372554 4.511866 3.205032 2.320969 1.744628 1.382354 1.162671 1.034082 0.961386 0.921670 0.900688 0.889964 0.884656 0.882112 0.880930 0.880398 0.880165 0.880065 0.880023 0.880004 0.879992 0.879976 0.879944 0.879876 0.879736 0.879450 0.878888 0.877816 0.875839 0.872314 0.866242 0.856152 0.839990 0.815075 0.778163 0.725701 0.654313 0.561511 0.446545 0.311150 0.159917 0.000000 
50.000000 42.172779 34.652891 27.711504 21.554539 16.305819 12.004401 8.614626 6.044929 4.170300 2.853680 1.963003 1.382354 1.017374 0.796051 0.666504 0.593267 0.553255 0.532118 0.521313 0.515967 0.513404 0.512213 0.511677 0.511442 0.511342 0.511300 0.511282 0.511272 0.511260 0.511240 0.511197 0.511109 0.510930 0.510578 0.509911 0.508687 0.506515 0.502794 0.496648 0.486868 0.471898 0.449881 0.418827 0.376891 0.322779 0.256195 0.178227 0.091502 0.000000 
50.000000 42.137374 34.583475 27.610699 21.425899 16.153461 11.832614 8.427537 5.846247 3.963166 2.640616 1.745930 1.162671 0.796051 0.573736 0.443608 0.370043 0.329853 0.308621 0.297768 0.292398 0.289824 0.288628 0.288089 0.287853 0.287753 0.287711 0.287693 0.287685 0.287677 0.287664 0.287638 0.287584 0.287477 0.287266 0.286868 0.286140 0.284854 0.282664 0.279065 0.273371 0.264709 0.252051 0.234312 0.210511 0.179986 0.142635 0.099099 0.050834 0.000000 
50.000000 42.116647 34.542836 27.551685 21.350592 16.064270 11.732051 8.318018 5.729944 3.841918 2.515899 1.618868 1.034082 0.666504 0.443608 0.313141 0.239384 0.199089 0.177802 0.166922 0.161537 0.158957 0.157757 0.157217 0.156981 0.156880 0.156839 0.156821 0.156814 0.156808 0.156800 0.156785 0.156754 0.156692 0.156570 0.156342 0.155926 0.155194 0.153952 0.151923 0.148729 0.143895 0.136871 0.127082 0.114020 0.097353 0.077051 0.053477 0.027413 0.000000 
50.000000 42.104927 34.519858 27.518317 21.308012 16.013841 11.675194 8.256098 5.664190 3.773370 2.445390 1.547035 0.961386 0.593267 0.370043 0.239384 0.165520 0.125166 0.103848 0.092951 0.087559 0.084975 0.083774 0.083233 0.082996 0.082895 0.082854 0.082837 0.082830 0.082825 0.082821 0.082812 0.082795 0.082760 0.082693 0.082566 0.082337 0.081936 0.081258 0.080155 0.078426 0.075822 0.072056 0.066833 0.059895 0.051081 0.040386 0.028006 0.014348 0.000000 
50.000000 42.098522 34.507302 27.500083 21.284745 15.986286 11.644127 8.222266 5.628264 3.735918 2.406868 1.507790 0.921670 0.553255 0.329853 0.199089 0.125166 0.084780 0.063445 0.052540 0.047143 0.044557 0.043355 0.042813 0.042576 0.042476 0.042434 0.042417 0.042411 0.042407 0.042404 0.042399 0.042390 0.042371 0.042335 0.042268 0.042147 0.041934 0.041577 0.040998 0.040094 0.038738 0.036786 0.034089 0.030521 0.026004 0.020542 0.014235 0.007289 0.000000 
50.000000 42.095138 34.500667 27.490449 21.272452 15.971727 11.627713 8.204392 5.609284 3.716132 2.386516 1.487056 0.900688 0.532118 0.308621 0.177802 0.103848 0.063445 0.042101 0.031191 0.025793 0.023205 0.022002 0.021461 0.021224 0.021123 0.021082 0.021065 0.021058 0.021055 0.021053 0.021051 0.021046 0.021036 0.021018 0.020983 0.020921 0.020812 0.020630 0.020336 0.019880 0.019197 0.018217 0.016868 0.015090 0.012847 0.010141 0.007023 0.003595 0.000000 
50.000000 42.093408 34.497275 27.485524 21.266167 15.964285 11.619322 8.195255 5.599581 3.706018 2.376114 1.476459 0.889964 0.521314 0.297769 0.166922 0.092952 0.052540 0.031191 0.020279 0.014880 0.012291 0.011089 0.010547 0.010310 0.010209 0.010168 0.010151 0.010145 0.010142 0.010140 0.010139 0.010136 0.010132 0.010122 0.010105 0.010074 0.010021 0.009931 0.009787 0.009564 0.009231 0.008754 0.008101 0.007242 0.006161 0.004860 0.003364 0.001722 0.000000 
50.000000 42.092552 34.495597 27.483087 21.263057 15.960602 11.615170 8.190733 5.594781 3.701014 2.370967 1.471215 0.884658 0.515968 0.292399 0.161539 0.087561 0.047145 0.025794 0.014881 0.009481 0.006892 0.005689 0.005147 0.004910 0.004810 0.004768 0.004751 0.004745 0.004742 0.004741 0.004740 0.004739 0.004737 0.004732 0.004724 0.004709 0.004684 0.004641 0.004572 0.004466 0.004309 0.004085 0.003778 0.003375 0.002870 0.002262 0.001565 0.000801 0.000000 
50.000000 42.092142 34.494793 27.481919 21.261568 15.958837 11.613181 8.188568 5.592481 3.698617 2.368501 1.468704 0.882116 0.513408 0.289828 0.158960 0.084978 0.044560 0.023208 0.012295 0.006894 0.004306 0.003103 0.002561 0.002324 0.002223 0.002182 0.002165 0.002159 0.002156 0.002155 0.002154 0.002154 0.002153 0.002151 0.002147 0.002140 0.002128 0.002108 0.002077 0.002028 0.001956 0.001853 0.001713 0.001530 0.001300 0.001024 0.000708 0.000362 0.000000 
50.000000 42.091952 34.494420 27.481379 21.260878 15.958021 11.612261 8.187566 5.591417 3.697508 2.367361 1.467542 0.880941 0.512223 0.288638 0.157768 0.083784 0.043365 0.022013 0.011099 0.005698 0.003109 0.001907 0.001365 0.001128 0.001027 0.000985 0.000969 0.000962 0.000960 0.000959 0.000958 0.000958 0.000958 0.000957 0.000955 0.000952 0.000946 0.000937 0.000923 0.000901 0.000869 0.000823 0.000760 0.000679 0.000576 0.000454 0.000314 0.000161 0.000000 
50.000000 42.091869 34.494257 27.481142 21.260576 15.957663 11.611857 8.187126 5.590950 3.697021 2.366860 1.467032 0.880424 0.511703 0.288115 0.157244 0.083259 0.042840 0.021487 0.010574 0.005173 0.002584 0.001381 0.000839 0.000602 0.000502 0.000460 0.000443 0.000437 0.000435 0.000434 0.000433 0.000433 0.000433 0.000432 0.000431 0.000430 0.000428 0.000423 0.000417 0.000407 0.000392 0.000371 0.000343 0.000306 0.000260 0.000205 0.000141 0.000072 0.000000 
50.000000 42.091838 34.494196 27.481053 21.260463 15.957529 11.611707 8.186962 5.590776 3.696839 2.366673 1.466842 0.880232 0.511510 0.287921 0.157049 0.083064 0.042645 0.021292 0.010378 0.004977 0.002389 0.001186 0.000644 0.000407 0.000306 0.000265 0.000248 0.000241 0.000239 0.000238 0.000238 0.000238 0.000237 0.000237 0.000237 0.000236 0.000235 0.000232 0.000229 0.000223 0.000215 0.000203 0.000188 0.000167 0.000142 0.000112 0.000077 0.000040 0.000000 
50.000000 42.091838 34.494196 27.481053 21.260463 15.957529 11.611707 8.186962 5.590776 3.696839 2.366673 1.466842 0.880232 0.511510 0.287921 0.157049 0.083064 0.042645 0.021292 0.010378 0.004977 0.002389 0.001186 0.000644 0.000407 0.000306 0.000265 0.000248 0.000241 0.000239 0.000238 0.000238 0.000238 0.000237 0.000237 0.000237 0.000236 0.000235 0.000232 0.000229 0.000223 0.000215 0.000203 0.000188 0.000167 0.000142 0.000112 0.000077 0.000040 0.000000 
50.000000 42.091869 34.494257 27.481142 21.260576 15.957663 11.611857 8.187126 5.590950 3.697021 2.366860 1.467032 0.880424 0.511703 0.288115 0.157244 0.083259 0.042840 0.021487 0.010574 0.005173 0.002584 0.001381 0.000839 0.000602 0.000502 0.000460 0.000443 0.000437 0.000435 0.000434 0.000433 0.000433 0.000433 0.000432 0.000431 0.000430 0.000428 0.000423 0.000417 0.000407 0.000392 0.000371 0.000343 0.000306 0.000260 0.000205 0.000141 0.000072 0.000000 
50.000000 42.091952 34.494420 27.481379 21.260878 15.958021 11.612261 8.187566 5.591417 3.697508 2.367361 1.467542 0.880941 0.512223 0.288638 0.157768 0.083784 0.043365 0.022013 0.011099 0.005698 0.003109 0.001907 0.001365 0.001128 0.001027 0.000985 0.000969 0.000962 0.000960 0.000959 0.000958 0.000958 0.000958 0.000957 0.000955 0.000952 0.000946 0.000937 0.000923 0.000901 0.000869 0.000823 0.000760 0.000679 0.000576 0.000454 0.000314 0.000161 0.000000 
50.000000 42.092142 34.494793 27.481919 21.261568 15.958837 11.613181 8.188568 5.592481 3.698617 2.368501 1.468704 0.882116 0.513408 0.289828 0.158960 0.084978 0.044560 0.023208 0.012295 0.006894 0.004306 0.003103 0.002561 0.002324 0.002223 0.002182 0.002165 0.002159 0.002156 0.002155 0.002154 0.002154 0.002153 0.002151 0.002147 0.002140 0.002128 0.002108 0.002077 0.002028 0.001956 0.001853 0.001713 0.001530 0.001300 0.001024 0.000708 0.000362 0.000000 
50.000000 42.092552 34.495597 27.483087 21.263057 15.960602 11.615170 8.190733 5.594781 3.701014 2.370967 1.471215 0.884658 0.515968 0.292399 0.161539 0.087561 0.047145 0.025794 0.014881 0.009481 0.006892 0.005689 0.005147 0.004910 0.004810 0.004768 0.004751 0.004745 0.004742 0.004741 0.004740 0.004739 0.004737 0.004732 0.004724 0.004709 0.004684 0.004641 0.004572 0.004466 0.004309 0.004085 0.003778 0.003375 0.002870 0.002262 0.001565 0.000801 0.000000 
50.000000 42.093408 34.497275 27.485524 21.266167 15.964285 11.619322 8.195255 5.599581 3.706018 2.376114 1.476459 0.889964 0.521314 0.297769 0.166922 0.092952 0.052540 0.031191 0.020279 0.014880 0.012291 0.011089 0.010547 0.010310 0.010209 0.010168 0.010151 0.010145 0.010142 0.010140 0.010139 0.010136 0.010132 0.010122 0.010105 0.010074 0.010021 0.009931 0.009787 0.009564 0.009231 0.008754 0.008101 0.007242 0.006161 0.004860 0.003364 0.001722 0.000000 
50.000000 42.095138 34.500667 27.490449 21.272452 15.971727 11.627713 8.204392 5.609284 3.716132 2.386516 1.487056 0.900688 0.532118 0.308621 0.177802 0.103848 0.063445 0.042101 0.031191 0.025793 0.023205 0.022002 0.021461 0.021224 0.021123 0.021082 0.021065 0.021058 0.021055 0.021053 0.021051 0.021046 0.021036 0.021018 0.020983 0.020921 0.020812 0.020630 0.020336 0.019880 0.019197 0.018217 0.016868 0.015090 0.012847 0.010141 0.007023 0.003595 0.000000 
50.000000 42.098522 34.507302 27.500083 21.284745 15.986286 11.644127 8.222266 5.628264 3.735918 2.406868 1.507790 0.921670 0.553255 0.329853 0.199089 0.125166 0.084780 0.063445 0.052540 0.047143 0.044557 0.043355 0.042813 0.042576 0.042476 0.042434 0.042417 0.042411 0.042407 0.042404 0.042399 0.042390 0.042371 0.042335 0.042268 0.042147 0.041934 0.041577 0.040998 0.040094 0.038738 0.036786 0.034089 0.030521 0.026004 0.020542 0.014235 0.007289 0.000000 
50.000000 42.104927 34.519858 27.518317 21.308012 16.013841 11.675194 8.256098 5.664190 3.773370 2.445390 1.547035 0.961386 0.593267 0.370043 0.239384 0.165520 0.125166 0.103848 0.092951 0.087559 0.084975 0.083774 0.083233 0.082996 0.082895 0.082854 0.082837 0.082830 0.082825 0.082821 0.082812 0.082795 0.082760 0.082693 0.082566 0.082337 0.081936 0.081258 0.080155 0.078426 0.075822 0.072056 0.066833 0.059895 0.051081 0.040386 0.028006 0.014348 0.000000 
50.000000 42.116647 34.542836 27.551685 21.350592 16.064270 11.732051 8.318018 5.729944 3.841918 2.515899 1.618868 1.034082 0.666504 0.443608 0.313141 0.239384 0.199089 0.177802 0.166922 0.161537 0.158957 0.157757 0.157217 0.156981 0.156880 0.156839 0.156821 0.156814 0.156808 0.156800 0.156785 0.156754 0.156692 0.156570 0.156342 0.155926 0.155194 0.153952 0.151923 0.148729 0.143895 0.136871 0.127082 0.114020 0.097353 0.077051 0.053477 0.027413 0.000000 
50.000000 42.137374 34.583475 27.610699 21.425899 16.153461 11.832614 8.427537 5.846247 3.963166 2.640616 1.745930 1.162671 0.796051 0.573736 0.443608 0.370043 0.329853 0.308621 0.297768 0.292398 0.289824 0.288628 0.288089 0.287853 0.287753 0.287711 0.287693 0.287685 0.287677 0.287664 0.287638 0.287584 0.287477 0.287266 0.286868 0.286140 0.284854 0.282664 0.279065 0.273371 0.264709 0.252051 0.234312 0.210511 0.179986 0.142635 0.099099 0.050834 0.000000 
50.000000 42.172779 34.652891 27.711504 21.554539 16.305819 12.004401 8.614626 6.044929 4.170300 2.853680 1.963003 1.382354 1.017374 0.796051 0.666504 0.593267 0.553255 0.532118 0.521313 0.515967 0.513404 0.512213 0.511677 0.511442 0.511342 0.511300 0.511282 0.511272 0.511260 0.511240 0.511197 0.511109 0.510930 0.510578 0.509911 0.508687 0.506515 0.502794 0.496648 0.486868 0.471898 0.449881 0.418827 0.376891 0.322779 0.256195 0.178227 0.091502 0.000000 
50.000000 42.231155 34.767346 27.877716 21.766647 16.557042 12.287665 8.923129 6.372554 4.511866 3.205032 2.320969 1.744628 1.382354 1.162671 1.034082 0.961386 0.921670 0.900688 0.889964 0.884656 0.882112 0.880930 0.880398 0.880165 0.880065 0.880023 0.880004 0.879992 0.879976 0.879944 0.879876 0.879736 0.879450 0.878888 0.877816 0.875839 0.872314 0.866242 0.856152 0.839990 0.815075 0.778163 0.725701 0.654313 0.561511 0.446545 0.311150 0.159917 0.000000 
50.000000 42.324010 34.949405 28.142105 22.104049 16.956668 12.738270 9.413891 6.893746 5.055244 3.763984 2.890450 2.320969 1.963003 1.745930 1.618868 1.547035 1.507790 1.487056 1.476458 1.471214 1.468700 1.467532 1.467005 1.466775 1.466677 1.466635 1.466615 1.466599 1.466576 1.466528 1.466426 1.466213 1.465777 1.464916 1.463267 1.460209 1.454727 1.445225 1.429327 1.403676 1.363815 1.304254 1.218843 1.101551 0.947702 0.755503 0.527516 0.271497 0.000000 
50.000000 42.466424 35.228633 28.547608 22.621539 17.569606 13.429408 10.166637 7.693177 5.888720 4.621358 3.763984 3.205032 2.853680 2.640616 2.515899 2.445390 2.406868 2.386516 2.376113 2.370965 2.368497 2.367351 2.366834 2.366608 2.366511 2.366469 2.366447 2.366428 2.366396 2.366327 2.366180 2.365870 2.365236 2.363976 2.361551 2.357032 2.348880 2.334657 2.310679 2.271668 2.210493 2.118180 1.984398 1.798659 1.552333 1.241360 0.869081 0.448113 0.000000 
50.000000 42.676913 35.641339 29.146959 23.386422 18.475580 14.450983 11.279291 8.874857 7.120739 5.888720 5.055244 4.511866 4.170300 3.963166 3.841918 3.773370 3.735918 3.716132 3.706018 3.701012 3.698613 3.697498 3.696995 3.696775 3.696681 3.696639 3.696616 3.696592 3.696549 3.696455 3.696253 3.695824 3.694944 3.693189 3.689795 3.683431 3.671877 3.651569 3.617051 3.560369 3.470560 3.333482 3.132348 2.849389 2.469002 1.982373 1.392815 0.719948 0.000000 
50.000000 42.976576 36.228889 30.000233 24.475370 19.765412 15.905419 12.863421 10.557283 8.874857 7.693177 6.893746 6.372554 6.044929 5.846247 5.729944 5.664190 5.628264 5.609283 5.599581 5.594779 5.592477 5.591408 5.590926 5.590714 5.590623 5.590582 5.590558 5.590529 5.590473 5.590351 5.590087 5.589526 5.588368 5.586048 5.581538 5.573032 5.557480 5.529931 5.482683 5.404297 5.278642 5.084315 4.794983 4.381406 3.815977 3.080238 2.174701 1.128039 0.000000 
50.000000 43.387300 37.034202 31.169764 25.967940 21.533345 17.898994 15.034794 12.863421 11.279291 10.166637 9.413891 8.923129 8.614626 8.427537 8.318018 8.256098 8.222266 8.204392 8.195254 8.190732 8.188564 8.187557 8.187102 8.186903 8.186817 8.186777 8.186751 8.186718 8.186650 8.186501 8.186175 8.185481 8.184042 8.181146 8.175486 8.164745 8.144966 8.109637 8.048457 7.945809 7.779106 7.517397 7.121002 6.543377 5.736885 4.664158 3.315477 1.728566 0.000000 
50.000000 43.929046 38.096417 32.712397 27.936685 23.865326 20.528636 17.898994 15.905419 14.450983 13.429408 12.738270 12.287665 12.004401 11.832614 11.732051 11.675194 11.644127 11.627713 11.619322 11.615169 11.613178 11.612253 11.611836 11.611653 11.611573 11.611535 11.611509 11.611471 11.611394 11.611222 11.610845 11.610038 11.608361 11.604969 11.598303 11.585574 11.561964 11.519427 11.445010 11.318635 11.110436 10.777992 10.264318 9.498264 8.400200 6.897135 4.951384 2.601770 0.000000 
50.000000 44.616430 39.444192 34.669755 30.434731 26.824292 23.865326 21.533345 19.765412 18.475580 17.569606 16.956668 16.557042 16.305819 16.153461 16.064270 16.013841 15.986286 15.971727 15.964284 15.960601 15.958835 15.958014 15.957644 15.957481 15.957410 15.957376 15.957350 15.957311 15.957228 15.957043 15.956637 15.955766 15.953946 15.950250 15.942951 15.928928 15.902729 15.855117 15.770947 15.626191 15.384005 14.989968 14.367062 13.412146 11.997818 9.987523 7.276713 3.872768 0.000000 
50.000000 45.455137 41.088675 37.058028 33.482746 30.434731 27.936685 25.967940 24.475370 23.386422 22.621539 22.104049 21.766647 21.554539 21.425899 21.350592 21.308012 21.284745 21.272452 21.266167 21.263057 21.261565 21.260872 21.260559 21.260422 21.260362 21.260332 21.260308 21.260270 21.260189 21.260007 21.259605 21.258741 21.256931 21.253239 21.245913 21.231760 21.205136 21.156346 21.069206 20.917420 20.659393 20.231056 19.536485 18.436912 16.741373 14.209342 10.591885 5.763912 0.000000 
50.000000 46.438917 43.017614 39.859428 37.058028 34.669755 32.712397 31.169764 30.000233 29.146959 28.547608 28.142105 27.877716 27.711504 27.610699 27.551685 27.518317 27.500083 27.490449 27.485524 27.483086 27.481917 27.481374 27.481129 27.481021 27.480974 27.480950 27.480930 27.480897 27.480825 27.480664 27.480309 27.479542 27.477930 27.474633 27.468064 27.455309 27.431171 27.386603 27.306248 27.164586 26.919995 26.505606 25.815262 24.682231 22.848686 19.929714 15.402028 8.736070 0.000000 
50.000000 47.547986 45.192217 43.017614 41.088675 39.444192 38.096417 37.034202 36.228889 35.641339 35.228633 34.949405 34.767346 34.652891 34.583475 34.542836 34.519858 34.507302 34.500667 34.497275 34.495596 34.494791 34.494417 34.494248 34.494174 34.494141 34.494124 34.494110 34.494085 34.494032 34.493911 34.493644 34.493067 34.491852 34.489359 34.484376 34.474664 34.456196 34.421890 34.359552 34.248524 34.054188 33.718725 33.145033 32.167479 30.496790 27.615586 22.596108 13.903627 0.000000 
50.000000 48.749451 47.547986 46.438917 45.455137 44.616430 43.929046 43.387300 42.976576 42.676913 42.466424 42.324010 42.231155 42.172779 42.137374 42.116647 42.104927 42.098522 42.095138 42.093408 42.092552 42.092141 42.091950 42.091864 42.091826 42.091810 42.091801 42.091793 42.091780 42.091752 42.091687 42.091543 42.091233 42.090578 42.089234 42.086540 42.081277 42.071237 42.052513 42.018311 41.956965 41.848537 41.658734 41.327276 40.743662 39.691225 37.702847 33.644359 24.374725 0.000000 
50.000000 50.000000 50.000000 50.000000 50.000000 50.000000 50.000000 50.000000 50.000000 50.000000 50.000000 50.000000 50.000000 50.000000 50.000000 50.000000 50.000000 50.000000 50.000000 50.000000 50.000000 50.000000 50.000000 50.000000 50.000000 50.000000 50.000000 50.000000 50.000000 50.000000 50.000000 50.000000 50.000000 50.000000 50.000000 50.000000 50.000000 50.000000 50.000000 50.000000 50.000000 50.000000 50.000000 50.000000 50.000000 50.000000 50.000000 50.000000 50.000000 50.000000 
