50.000000 50.000000 50.000000 50.000000 50.000000 50.000000 50.000000 50.000000 50.000000 50.000000 50.000000 50.000000 50.000000 50.000000 50.000000 50.000000 50.000000 50.000000 50.000000 50.000000 50.000000 50.000000 50.000000 50.000000 50.000000 50.000000 50.000000 50.000000 50.000000 50.000000 50.000000 50.000000 50.000000 50.000000 50.000000 50.000000 50.000000 50.000000 50.000000 50.000000 50.000000 50.000000 50.000000 50.000000 50.000000 50.000000 50.000000 50.000000 50.000000 50.000000 
50.000000 48.988622 48.009356 47.091256 46.257750 45.524926 44.900878 44.386085 43.974630 43.655930 43.416646 43.242454 43.119469 43.035230 42.979235 42.943103 42.920460 42.906676 42.898522 42.893832 42.891209 42.889781 42.889024 42.888633 42.888435 42.888333 42.888275 42.888227 42.888160 42.888039 42.887801 42.887336 42.886439 42.884745 42.881613 42.875936 42.865848 42.848245 42.818037 42.766959 42.681623 42.540219 42.306604 41.918914 41.265602 40.129766 38.045082 33.879287 24.494311 0.000000 
50.000000 48.009356 46.081916 44.274868 42.634323 41.191947 39.963670 38.950437 38.140597 37.513323 37.042360 36.699512 36.457452 36.291654 36.181445 36.110330 36.065765 36.038636 36.022587 36.013356 36.008193 36.005383 36.003894 36.003125 36.002734 36.002535 36.002421 36.002328 36.002202 36.001973 36.001525 36.000647 35.998958 35.995773 35.989893 35.979259 35.960406 35.927608 35.871548 35.777245 35.620779 35.363985 34.945549 34.265365 33.155822 31.327205 28.263631 23.040958 14.130069 0.000000 
50.000000 47.091256 44.274868 41.634400 39.237231 37.129632 35.334880 33.854352 32.671026 31.754466 31.066307 30.565350 30.211662 29.969406 29.808376 29.704467 29.639353 29.599715 29.576265 29.562779 29.555235 29.551129 29.548954 29.547830 29.547260 29.546970 29.546806 29.546675 29.546501 29.546187 29.545577 29.544383 29.542091 29.537779 29.529839 29.515522 29.490238 29.446460 29.372082 29.247928 29.044011 28.713856 28.185805 27.349593 26.035780 23.985936 20.817200 16.011237 9.046174 0.000000 
50.000000 46.257750 42.634323 39.237231 36.153162 33.441645 31.132628 29.227880 27.705499 26.526327 25.641002 24.996519 24.541502 24.229844 24.022684 23.889008 23.805243 23.754251 23.724085 23.706735 23.697031 23.691750 23.688952 23.687506 23.686774 23.686402 23.686195 23.686035 23.685828 23.685461 23.684749 23.683361 23.680703 23.675716 23.666564 23.650130 23.621248 23.571542 23.487722 23.349122 23.124201 22.765667 22.203834 21.337959 20.026098 18.076581 15.251295 11.307118 6.127983 0.000000 
50.000000 45.524926 41.191947 37.129632 33.441645 30.199175 27.438029 25.160326 23.339868 21.929827 20.871174 20.100520 19.556429 19.183764 18.936055 18.776216 18.676057 18.615086 18.579017 18.558273 18.546670 18.540356 18.537010 18.535282 18.534408 18.533966 18.533723 18.533543 18.533320 18.532931 18.532180 18.530724 18.527943 18.522743 18.513238 18.496250 18.466564 18.415824 18.330975 18.192113 17.969642 17.620674 17.084824 16.279964 15.099587 13.415548 11.093852 8.036125 4.259324 0.000000 
50.000000 44.900878 39.963670 35.334880 31.132628 27.438029 24.291887 21.696609 19.622342 18.015724 16.809492 15.931415 15.311488 14.886884 14.604656 14.422544 14.308430 14.238965 14.197872 14.174239 14.161020 14.153827 14.150016 14.148048 14.147053 14.146552 14.146282 14.146091 14.145865 14.145483 14.144751 14.143337 14.140646 14.135635 14.126514 14.110299 14.082135 14.034348 13.955134 13.826861 13.623976 13.310668 12.838660 12.145944 11.158065 9.794669 7.985287 5.698305 2.981964 0.000000 
50.000000 44.386085 38.950437 33.854352 29.227880 25.160326 21.696609 18.839377 16.555761 14.787005 13.459052 12.492377 11.809908 11.342472 11.031777 10.831300 10.705679 10.629211 10.583975 10.557960 10.543410 10.535491 10.531297 10.529131 10.528038 10.527489 10.527200 10.527004 10.526788 10.526434 10.525765 10.524478 10.522037 10.517511 10.509313 10.494816 10.469796 10.427658 10.358421 10.247463 10.074115 9.810308 9.419689 8.857949 8.075502 7.024046 5.668547 4.004888 2.079481 0.000000 
50.000000 43.974630 38.140597 32.671026 27.705499 23.339868 19.622342 16.555761 14.104839 12.206514 10.781294 9.743824 9.011381 8.509722 8.176284 7.961135 7.826322 7.744260 7.695716 7.667798 7.652184 7.643687 7.639186 7.636863 7.635691 7.635106 7.634803 7.634609 7.634411 7.634099 7.633519 7.632411 7.630319 7.626456 7.619491 7.607243 7.586238 7.551122 7.493913 7.403136 7.262943 7.052420 6.745453 6.311674 5.719194 4.939832 3.957170 2.776612 1.434411 0.000000 
50.000000 43.655930 37.513323 31.754466 26.526327 21.929827 18.015724 14.787005 12.206514 10.207846 8.707304 7.615014 6.843875 6.315720 5.964674 5.738166 5.596238 5.509845 5.458740 5.429350 5.412913 5.403968 5.399231 5.396786 5.395554 5.394941 5.394629 5.394439 5.394263 5.394001 5.393522 5.392615 5.390909 5.387773 5.382148 5.372308 5.355538 5.327700 5.282715 5.211994 5.103923 4.943571 4.712890 4.391749 3.960185 3.402126 2.710454 1.892544 0.974306 0.000000 
50.000000 43.416646 37.042360 31.066307 25.641002 20.871174 16.809492 13.459052 10.781294 8.707304 7.150224 6.016787 5.216607 4.668566 4.304306 4.069275 3.922008 3.832366 3.779340 3.748846 3.731791 3.722511 3.717596 3.715060 3.713783 3.713150 3.712832 3.712650 3.712496 3.712283 3.711905 3.711195 3.709867 3.707437 3.703097 3.695546 3.682754 3.661662 3.627836 3.575112 3.495310 3.378158 3.211589 2.982631 2.679061 2.291880 1.818379 1.265114 0.649687 0.000000 
50.000000 43.242454 36.699512 30.565350 24.996519 20.100520 15.931415 12.492377 9.743824 7.615014 6.016787 4.853407 4.032094 3.469583 3.095710 2.854479 2.703327 2.611323 2.556900 2.525602 2.508099 2.498574 2.493530 2.490928 2.489618 2.488972 2.488651 2.488476 2.488343 2.488175 2.487888 2.487355 2.486364 2.484559 2.481351 2.475797 2.466442 2.451114 2.426703 2.388951 2.332299 2.249912 2.133956 1.976280 1.769545 1.508797 1.193268 0.827964 0.424417 0.000000 
50.000000 43.119469 36.457452 30.211662 24.541502 19.556429 15.311488 11.809908 9.011381 6.843875 5.216607 4.032094 3.195867 2.623146 2.242490 1.996883 1.842992 1.749321 1.693912 1.662049 1.644228 1.634532 1.629396 1.626748 1.625415 1.624759 1.624437 1.624269 1.624153 1.624023 1.623813 1.623428 1.622718 1.621430 1.619152 1.615226 1.608648 1.597933 1.580980 1.554945 1.516175 1.460259 1.382249 1.277140 1.140605 0.969961 0.765202 0.529844 0.271224 0.000000 
50.000000 43.035230 36.291654 29.969406 24.229844 19.183764 14.886884 11.342472 8.509722 6.315720 4.668566 3.469583 2.623146 2.043436 1.658137 1.409536 1.253770 1.158958 1.102875 1.070624 1.052587 1.042773 1.037575 1.034895 1.033547 1.032885 1.032562 1.032399 1.032298 1.032199 1.032049 1.031781 1.031291 1.030406 1.028847 1.026175 1.021718 1.014498 1.003141 0.985812 0.960182 0.923485 0.872676 0.804749 0.717199 0.608596 0.479168 0.331247 0.169382 0.000000 
50.000000 42.979235 36.181445 29.808376 24.022684 18.936055 14.604656 11.031777 8.176284 5.964674 4.304306 3.095710 2.242490 1.658137 1.269753 1.019163 0.862152 0.766583 0.710052 0.677544 0.659363 0.649471 0.644232 0.641530 0.640173 0.639506 0.639184 0.639025 0.638935 0.638859 0.638754 0.638574 0.638247 0.637661 0.636632 0.634876 0.631962 0.627264 0.619913 0.608760 0.592366 0.569042 0.536961 0.494357 0.439805 0.372553 0.292854 0.202186 0.103299 0.000000 
50.000000 42.943103 36.110330 29.704467 23.889008 18.776216 14.422545 10.831300 7.961135 5.738166 4.069275 2.854479 1.996883 1.409536 1.019163 0.767292 0.609478 0.513420 0.456601 0.423927 0.405654 0.395711 0.390446 0.387731 0.386366 0.385698 0.385376 0.385220 0.385138 0.385078 0.385005 0.384887 0.384677 0.384302 0.383646 0.382531 0.380689 0.377732 0.373128 0.366179 0.356019 0.341645 0.321987 0.296030 0.262979 0.222444 0.174628 0.120436 0.061490 0.000000 
50.000000 42.920460 36.065765 29.639353 23.805243 18.676057 14.308431 10.705680 7.826323 5.596238 3.922008 2.703328 1.842993 1.253770 0.862153 0.609478 0.451162 0.354799 0.297799 0.265021 0.246690 0.236716 0.231434 0.228710 0.227342 0.226672 0.226350 0.226197 0.226120 0.226071 0.226021 0.225946 0.225814 0.225582 0.225177 0.224493 0.223365 0.221563 0.218770 0.214572 0.208465 0.199868 0.188169 0.172796 0.153315 0.129527 0.101574 0.069993 0.035716 0.000000 
50.000000 42.906677 36.038637 29.599716 23.754252 18.615087 14.238967 10.629212 7.744261 5.509846 3.832368 2.611325 1.749322 1.158959 0.766584 0.513422 0.354800 0.258251 0.201141 0.168300 0.149934 0.139941 0.134649 0.131920 0.130549 0.129878 0.129557 0.129405 0.129332 0.129290 0.129255 0.129207 0.129128 0.128988 0.128746 0.128339 0.127670 0.126605 0.124962 0.122502 0.118939 0.113943 0.107176 0.098321 0.087145 0.073550 0.057625 0.039680 0.020238 0.000000 
50.000000 42.898522 36.022588 29.576267 23.724087 18.579019 14.197875 10.583978 7.695719 5.458743 3.779344 2.556903 1.693916 1.102878 0.710056 0.456604 0.297802 0.201143 0.143969 0.111091 0.092704 0.082699 0.077401 0.074669 0.073297 0.072626 0.072304 0.072154 0.072083 0.072046 0.072020 0.071990 0.071943 0.071861 0.071721 0.071486 0.071101 0.070491 0.069552 0.068152 0.066132 0.063311 0.059503 0.054540 0.048298 0.040728 0.031885 0.021942 0.011187 0.000000 
50.000000 42.893833 36.013359 29.562783 23.706740 18.558279 14.174246 10.557968 7.667806 5.429359 3.748855 2.525611 1.662057 1.070633 0.677553 0.423936 0.265030 0.168308 0.111096 0.078197 0.059798 0.049787 0.044485 0.041752 0.040379 0.039707 0.039386 0.039236 0.039166 0.039133 0.039112 0.039093 0.039065 0.039019 0.038940 0.038808 0.038593 0.038254 0.037732 0.036958 0.035845 0.034295 0.032210 0.029501 0.026105 0.021997 0.017210 0.011837 0.006033 0.000000 
50.000000 42.891212 36.008200 29.555244 23.697043 18.546685 14.161037 10.543427 7.652203 5.412933 3.731812 2.508120 1.644250 1.052609 0.659385 0.405676 0.246712 0.149955 0.092722 0.059811 0.041405 0.031390 0.026087 0.023353 0.021979 0.021307 0.020986 0.020837 0.020768 0.020736 0.020719 0.020706 0.020689 0.020664 0.020620 0.020549 0.020432 0.020248 0.019967 0.019550 0.018952 0.018123 0.017011 0.015570 0.013769 0.011595 0.009066 0.006233 0.003176 0.000000 
50.000000 42.889789 36.005399 29.551152 23.691778 18.540390 14.153865 10.535534 7.643732 5.404016 3.722560 2.498624 1.634583 1.042824 0.649522 0.395763 0.236767 0.139991 0.082748 0.049830 0.031420 0.021404 0.016100 0.013365 0.011991 0.011319 0.010998 0.010848 0.010780 0.010749 0.010734 0.010724 0.010715 0.010700 0.010677 0.010639 0.010577 0.010480 0.010332 0.010113 0.009800 0.009367 0.008787 0.008038 0.007104 0.005979 0.004673 0.003212 0.001636 0.000000 
50.000000 42.889042 36.003929 29.549005 23.689017 18.537089 14.150104 10.531394 7.639290 5.399339 3.717708 2.493645 1.629513 1.037693 0.644351 0.390565 0.231553 0.134767 0.077517 0.044596 0.026185 0.016167 0.010862 0.008127 0.006753 0.006081 0.005760 0.005611 0.005543 0.005512 0.005498 0.005491 0.005484 0.005477 0.005464 0.005444 0.005412 0.005361 0.005284 0.005171 0.005009 0.004785 0.004487 0.004102 0.003624 0.003048 0.002381 0.001636 0.000833 0.000000 
50.000000 42.888673 36.003204 29.547945 23.687654 18.535458 14.148247 10.529349 7.637096 5.397030 3.715312 2.491186 1.627010 1.035159 0.641797 0.387998 0.228978 0.132187 0.074934 0.042012 0.023599 0.013581 0.008276 0.005541 0.004167 0.003495 0.003174 0.003025 0.002957 0.002927 0.002913 0.002906 0.002902 0.002897 0.002890 0.002879 0.002862 0.002835 0.002793 0.002733 0.002646 0.002527 0.002368 0.002164 0.001911 0.001607 0.001255 0.000862 0.000439 0.000000 
50.000000 42.888523 36.002908 29.547513 23.687098 18.534794 14.147491 10.528517 7.636203 5.396090 3.714337 2.490185 1.625991 1.034128 0.640757 0.386953 0.227930 0.131137 0.073883 0.040959 0.022547 0.012529 0.007223 0.004488 0.003114 0.002442 0.002121 0.001972 0.001904 0.001874 0.001860 0.001854 0.001850 0.001847 0.001842 0.001835 0.001824 0.001806 0.001780 0.001740 0.001685 0.001608 0.001507 0.001377 0.001215 0.001021 0.000797 0.000547 0.000279 0.000000 
50.000000 42.888523 36.002908 29.547513 23.687098 18.534794 14.147491 10.528517 7.636203 5.396090 3.714337 2.490185 1.625991 1.034128 0.640757 0.386953 0.227930 0.131137 0.073883 0.040959 0.022547 0.012529 0.007223 0.004488 0.003114 0.002442 0.002121 0.001972 0.001904 0.001874 0.001860 0.001854 0.001850 0.001847 0.001842 0.001835 0.001824 0.001806 0.001780 0.001740 0.001685 0.001608 0.001507 0.001377 0.001215 0.001021 0.000797 0.000547 0.000279 0.000000 
50.000000 42.888673 36.003204 29.547945 23.687654 18.535458 14.148247 10.529349 7.637096 5.397030 3.715312 2.491186 1.627010 1.035159 0.641797 0.387998 0.228978 0.132187 0.074934 0.042012 0.023599 0.013581 0.008276 0.005541 0.004167 0.003495 0.003174 0.003025 0.002957 0.002927 0.002913 0.002906 0.002902 0.002897 0.002890 0.002879 0.002862 0.002835 0.002793 0.002733 0.002646 0.002527 0.002368 0.002164 0.001911 0.001607 0.001255 0.000862 0.000439 0.000000 
50.000000 42.889042 36.003929 29.549005 23.689017 18.537089 14.150104 10.531394 7.639290 5.399339 3.717708 2.493645 1.629513 1.037693 0.644351 0.390565 0.231553 0.134767 0.077517 0.044596 0.026185 0.016167 0.010862 0.008127 0.006753 0.006081 0.005760 0.005611 0.005543 0.005512 0.005498 0.005491 0.005484 0.005477 0.005464 0.005444 0.005412 0.005361 0.005284 0.005171 0.005009 0.004785 0.004487 0.004102 0.003624 0.003048 0.002381 0.001636 0.000833 0.000000 
50.000000 42.889789 36.005399 29.551152 23.691778 18.540390 14.153865 10.535534 7.643732 5.404016 3.722560 2.498624 1.634583 1.042824 0.649522 0.395763 0.236767 0.139991 0.082748 0.049830 0.031420 0.021404 0.016100 0.013365 0.011991 0.011319 0.010998 0.010848 0.010780 0.010749 0.010734 0.010724 0.010715 0.010700 0.010677 0.010639 0.010577 0.010480 0.010332 0.010113 0.009800 0.009367 0.008787 0.008038 0.007104 0.005979 0.004673 0.003212 0.001636 0.000000 
50.000000 42.891212 36.008200 29.555244 23.697043 18.546685 14.161037 10.543427 7.652203 5.412933 3.731812 2.508120 1.644250 1.052609 0.659385 0.405676 0.246712 0.149955 0.092722 0.059811 0.041405 0.031390 0.026087 0.023353 0.021979 0.021307 0.020986 0.020837 0.020768 0.020736 0.020719 0.020706 0.020689 0.020664 0.020620 0.020549 0.020432 0.020248 0.019967 0.019550 0.018952 0.018123 0.017011 0.015570 0.013769 0.011595 0.009066 0.006233 0.003176 0.000000 
50.000000 42.893833 36.013359 29.562783 23.706740 18.558279 14.174246 10.557968 7.667806 5.429359 3.748855 2.525611 1.662057 1.070633 0.677553 0.423936 0.265030 0.168308 0.111096 0.078197 0.059798 0.049787 0.044485 0.041752 0.040379 0.039707 0.039386 0.039236 0.039166 0.039133 0.039112 0.039093 0.039065 0.039019 0.038940 0.038808 0.038593 0.038254 0.037732 0.036958 0.035845 0.034295 0.032210 0.029501 0.026105 0.021997 0.017210 0.011837 0.006033 0.000000 
50.000000 42.898522 36.022588 29.576267 23.724087 18.579019 14.197875 10.583978 7.695719 5.458743 3.779344 2.556903 1.693916 1.102878 0.710056 0.456604 0.297802 0.201143 0.143969 0.111091 0.092704 0.082699 0.077401 0.074669 0.073297 0.072626 0.072304 0.072154 0.072083 0.072046 0.072020 0.071990 0.071943 0.071861 0.071721 0.071486 0.071101 0.070491 0.069552 0.068152 0.066132 0.063311 0.059503 0.054540 0.048298 0.040728 0.031885 0.021942 0.011187 0.000000 
50.000000 42.906677 36.038637 29.599716 23.754252 18.615087 14.238967 10.629212 7.744261 5.509846 3.832368 2.611325 1.749322 1.158959 0.766584 0.513422 0.354800 0.258251 0.201141 0.168300 0.149934 0.139941 0.134649 0.131920 0.130549 0.129878 0.129557 0.129405 0.129332 0.129290 0.129255 0.129207 0.129128 0.128988 0.128746 0.128339 0.127670 0.126605 0.124962 0.122502 0.118939 0.113943 0.107176 0.098321 0.087145 0.073550 0.057625 0.039680 0.020238 0.000000 
50.000000 42.920460 36.065765 29.639353 23.805243 18.676057 14.308431 10.705680 7.826323 5.596238 3.922008 2.703328 1.842993 1.253770 0.862153 0.609478 0.451162 0.354799 0.297799 0.265021 0.246690 0.236716 0.231434 0.228710 0.227342 0.226672 0.226350 0.226197 0.226120 0.226071 0.226021 0.225946 0.225814 0.225582 0.225177 0.224493 0.223365 0.221563 0.218770 0.214572 0.208465 0.199868 0.188169 0.172796 0.153315 0.129527 0.101574 0.069993 0.035716 0.000000 
50.000000 42.943103 36.110330 29.704467 23.889008 18.776216 14.422545 10.831300 7.961135 5.738166 4.069275 2.854479 1.996883 1.409536 1.019163 0.767292 0.609478 0.513420 0.456601 0.423927 0.405654 0.395711 0.390446 0.387731 0.386366 0.385698 0.385376 0.385220 0.385138 0.385078 0.385005 0.384887 0.384677 0.384302 0.383646 0.382531 0.380689 0.377732 0.373128 0.366179 0.356019 0.341645 0.321987 0.296030 0.262979 0.222444 0.174628 0.120436 0.061490 0.000000 
50.000000 42.979235 36.181445 29.808376 24.022684 18.936055 14.604656 11.031777 8.176284 5.964674 4.304306 3.095710 2.242490 1.658137 1.269753 1.019163 0.862152 0.766583 0.710052 0.677544 0.659363 0.649471 0.644232 0.641530 0.640173 0.639506 0.639184 0.639025 0.638935 0.638859 0.638754 0.638574 0.638247 0.637661 0.636632 0.634876 0.631962 0.627264 0.619913 0.608760 0.592366 0.569042 0.536961 0.494357 0.439805 0.372553 0.292854 0.202186 0.103299 0.000000 
50.000000 43.035230 36.291654 29.969406 24.229844 19.183764 14.886884 11.342472 8.509722 6.315720 4.668566 3.469583 2.623146 2.043436 1.658137 1.409536 1.253770 1.158958 1.102875 1.070624 1.052587 1.042773 1.037575 1.034895 1.033547 1.032885 1.032562 1.032399 1.032298 1.032199 1.032049 1.031781 1.031291 1.030406 1.028847 1.026175 1.021718 1.014498 1.003141 0.985812 0.960182 0.923485 0.872676 0.804749 0.717199 0.608596 0.479168 0.331247 0.169382 0.000000 
50.000000 43.119469 36.457452 30.211662 24.541502 19.556429 15.311488 11.809908 9.011381 6.843875 5.216607 4.032094 3.195867 2.623146 2.242490 1.996883 1.842992 1.749321 1.693912 1.662049 1.644228 1.634532 1.629396 1.626748 1.625415 1.624759 1.624437 1.624269 1.624153 1.624023 1.623813 1.623428 1.622718 1.621430 1.619152 1.615226 1.608648 1.597933 1.580980 1.554945 1.516175 1.460259 1.382249 1.277140 1.140605 0.969961 0.765202 0.529844 0.271224 0.000000 
50.000000 43.242454 36.699512 30.565350 24.996519 20.100520 15.931415 12.492377 9.743824 7.615014 6.016787 4.853407 4.032094 3.469583 3.095710 2.854479 2.703327 2.611323 2.556900 2.525602 2.508099 2.498574 2.493530 2.490928 2.489618 2.488972 2.488651 2.488476 2.488343 2.488175 2.487888 2.487355 2.486364 2.484559 2.481351 2.475797 2.466442 2.451114 2.426703 2.388951 2.332299 2.249912 2.133956 1.976280 1.769545 1.508797 1.193268 0.827964 0.424417 0.000000 
50.000000 43.416646 37.042360 31.066307 25.641002 20.871174 16.809492 13.459052 10.781294 8.707304 7.150224 6.016787 5.216607 4.668566 4.304306 4.069275 3.922008 3.832366 3.779340 3.748846 3.731791 3.722511 3.717596 3.715060 3.713783 3.713150 3.712832 3.712650 3.712496 3.712283 3.711905 3.711195 3.709867 3.707437 3.703097 3.695546 3.682754 3.661662 3.627836 3.575112 3.495310 3.378158 3.211589 2.982631 2.679061 2.291880 1.818379 1.265114 0.649687 0.000000 
50.000000 43.655930 37.513323 31.754466 26.526327 21.929827 18.015724 14.787005 12.206514 10.207846 8.707304 7.615014 6.843875 6.315720 5.964674 5.738166 5.596238 5.509845 5.458740 5.429350 5.412913 5.403968 5.399231 5.396786 5.395554 5.394941 5.394629 5.394439 5.394263 5.394001 5.393522 5.392615 5.390909 5.387773 5.382148 5.372308 5.355538 5.327700 5.282715 5.211994 5.103923 4.943571 4.712890 4.391749 3.960185 3.402126 2.710454 1.892544 0.974306 0.000000 
50.000000 43.974630 38.140597 32.671026 27.705499 23.339868 19.622342 16.555761 14.104839 12.206514 10.781294 9.743824 9.011381 8.509722 8.176284 7.961135 7.826322 7.744260 7.695716 7.667798 7.652184 7.643687 7.639186 7.636863 7.635691 7.635106 7.634803 7.634609 7.634411 7.634099 7.633519 7.632411 7.630319 7.626456 7.619491 7.607243 7.586238 7.551122 7.493913 7.403136 7.262943 7.052420 6.745453 6.311674 5.719194 4.939832 3.957170 2.776612 1.434411 0.000000 
50.000000 44.386085 38.950437 33.854352 29.227880 25.160326 21.696609 18.839377 16.555761 14.787005 13.459052 12.492377 11.809908 11.342472 11.031777 10.831300 10.705679 10.629211 10.583975 10.557960 10.543410 10.535491 10.531297 10.529131 10.528038 10.527489 10.527200 10.527004 10.526788 10.526434 10.525765 10.524478 10.522037 10.517511 10.509313 10.494816 10.469796 10.427658 10.358421 10.247463 10.074115 9.810308 9.419689 8.857949 8.075502 7.024046 5.668547 4.004888 2.079481 0.000000 
50.000000 44.900878 39.963670 35.334880 31.132628 27.438029 24.291887 21.696609 19.622342 18.015724 16.809492 15.931415 15.311488 14.886884 14.604656 14.422544 14.308430 14.238965 14.197872 14.174239 14.161020 14.153827 14.150016 14.148048 14.147053 14.146552 14.146282 14.146091 14.145865 14.145483 14.144751 14.143337 14.140646 14.135635 14.126514 14.110299 14.082135 14.034348 13.955134 13.826861 13.623976 13.310668 12.838660 12.145944 11.158065 9.794669 7.985287 5.698305 2.981964 0.000000 
50.000000 45.524926 41.191947 37.129632 33.441645 30.199175 27.438029 25.160326 23.339868 21.929827 20.871174 20.100520 19.556429 19.183764 18.936055 18.776216 18.676057 18.615086 18.579017 18.558273 18.546670 18.540356 18.537010 18.535282 18.534408 18.533966 18.533723 18.533543 18.533320 18.532931 18.532180 18.530724 18.527943 18.522743 18.513238 18.496250 18.466564 18.415824 18.330975 18.192113 17.969642 17.620674 17.084824 16.279964 15.099587 13.415548 11.093852 8.036125 4.259324 0.000000 
50.000000 46.257750 42.634323 39.237231 36.153162 33.441645 31.132628 29.227880 27.705499 26.526327 25.641002 24.996519 24.541502 24.229844 24.022684 23.889008 23.805243 23.754251 23.724085 23.706735 23.697031 23.691750 23.688952 23.687506 23.686774 23.686402 23.686195 23.686035 23.685828 23.685461 23.684749 23.683361 23.680703 23.675716 23.666564 23.650130 23.621248 23.571542 23.487722 23.349122 23.124201 22.765667 22.203834 21.337959 20.026098 18.076581 15.251295 11.307118 6.127983 0.000000 
50.000000 47.091256 44.274868 41.634400 39.237231 37.129632 35.334880 33.854352 32.671026 31.754466 31.066307 30.565350 30.211662 29.969406 29.808376 29.704467 29.639353 29.599715 29.576265 29.562779 29.555235 29.551129 29.548954 29.547830 29.547260 29.546970 29.546806 29.546675 29.546501 29.546187 29.545577 29.544383 29.542091 29.537779 29.529839 29.515522 29.490238 29.446460 29.372082 29.247928 29.044011 28.713856 28.185805 27.349593 26.035780 23.985936 20.817200 16.011237 9.046174 0.000000 
50.000000 48.009356 46.081916 44.274868 42.634323 41.191947 39.963670 38.950437 38.140597 37.513323 37.042360 36.699512 36.457452 36.291654 36.181445 36.110330 36.065765 36.038636 36.022587 36.013356 36.008193 36.005383 36.003894 36.003125 36.002734 36.002535 36.002421 36.002328 36.002202 36.001973 36.001525 36.000647 35.998958 35.995773 35.989893 35.979259 35.960406 35.927608 35.871548 35.777245 35.620779 35.363985 34.945549 34.265365 33.155822 31.327205 28.263631 23.040958 14.130069 0.000000 
50.000000 48.988622 48.009356 47.091256 46.257750 45.524926 44.900878 44.386085 43.974630 43.655930 43.416646 43.242454 43.119469 43.035230 42.979235 42.943103 42.920460 42.906676 42.898522 42.893832 42.891209 42.889781 42.889024 42.888633 42.888435 42.888333 42.888275 42.888227 42.888160 42.888039 42.887801 42.887336 42.886439 42.884745 42.881613 42.875936 42.865848 42.848245 42.818037 42.766959 42.681623 42.540219 42.306604 41.918914 41.265602 40.129766 38.045082 33.879287 24.494311 0.000000 
50.000000 50.000000 50.000000 50.000000 50.000000 50.000000 50.000000 50.000000 50.000000 50.000000 50.000000 50.000000 50.000000 50.000000 50.000000 50.000000 50.000000 50.000000 50.000000 50.000000 50.000000 50.000000 50.000000 50.000000 50.000000 50.000000 50.000000 50.000000 50.000000 50.000000 50.000000 50.000000 50.000000 50.000000 50.000000 50.000000 50.000000 50.000000 50.000000 50.000000 50.000000 50.000000 50.000000 50.000000 50.000000 50.000000 50.000000 50.000000 50.000000 50.000000 
