50.000000 50.000000 50.000000 50.000000 50.000000 50.000000 50.000000 50.000000 50.000000 50.000000 50.000000 50.000000 50.000000 50.000000 50.000000 50.000000 50.000000 50.000000 50.000000 50.000000 50.000000 50.000000 50.000000 50.000000 50.000000 50.000000 50.000000 50.000000 50.000000 50.000000 50.000000 50.000000 50.000000 50.000000 50.000000 50.000000 50.000000 50.000000 50.000000 50.000000 50.000000 50.000000 50.000000 50.000000 50.000000 50.000000 50.000000 50.000000 50.000000 50.000000 
50.000000 48.478036 47.028758 45.714450 44.579073 43.644469 42.911054 42.362098 41.969943 41.702392 41.527928 41.419110 41.354134 41.316961 41.296566 41.285826 41.280393 41.277749 41.276512 41.275954 41.275711 41.275610 41.275568 41.275552 41.275546 41.275544 41.275543 41.275542 41.275539 41.275533 41.275517 41.275478 41.275381 41.275151 41.274622 41.273441 41.270884 41.265510 41.254528 41.232690 41.190321 41.109873 40.959664 40.681947 40.168249 39.202949 37.318560 33.378846 24.239018 0.000000 
50.000000 47.028758 44.199419 41.633580 39.417065 37.592513 36.160733 35.089063 34.323506 33.801203 33.460623 33.248197 33.121357 33.048792 33.008980 32.988015 32.977409 32.972250 32.969834 32.968745 32.968272 32.968073 32.967992 32.967961 32.967949 32.967944 32.967942 32.967940 32.967936 32.967925 32.967896 32.967823 32.967646 32.967225 32.966258 32.964106 32.959457 32.949715 32.929891 32.890676 32.815140 32.673127 32.411704 31.938499 31.091672 29.583906 26.897124 22.099709 13.649912 0.000000 
50.000000 45.714450 41.633580 37.932781 34.735840 32.104258 30.039197 28.493538 27.389397 26.636104 26.144910 25.838547 25.655621 25.550971 25.493557 25.463324 25.448029 25.440589 25.437106 25.435536 25.434853 25.434567 25.434451 25.434405 25.434388 25.434381 25.434378 25.434376 25.434370 25.434355 25.434318 25.434223 25.433993 25.433448 25.432200 25.429430 25.423471 25.411042 25.385907 25.336576 25.242526 25.068120 24.753036 24.197458 23.239737 21.624664 18.966391 14.736456 8.395890 0.000000 
50.000000 44.579073 39.417065 34.735840 30.691985 27.363291 24.751220 22.796162 21.399587 20.446801 19.825536 19.438055 19.206699 19.074346 19.001736 18.963501 18.944159 18.934751 18.930347 18.928361 18.927497 18.927135 18.926988 18.926931 18.926909 18.926901 18.926897 18.926894 18.926888 18.926872 18.926831 18.926728 18.926476 18.925885 18.924533 18.921545 18.915149 18.901891 18.875277 18.823535 18.726064 18.548091 18.233009 17.692119 16.792442 15.345993 13.111176 9.833158 5.376124 0.000000 
50.000000 43.644469 37.592513 32.104258 27.363291 23.460812 20.398523 18.106525 16.469289 15.352340 14.624048 14.169825 13.898627 13.743485 13.658375 13.613560 13.590890 13.579863 13.574701 13.572374 13.571362 13.570938 13.570766 13.570698 13.570673 13.570663 13.570659 13.570656 13.570650 13.570634 13.570594 13.570494 13.570251 13.569681 13.568384 13.565530 13.559454 13.546944 13.522039 13.474108 13.384945 13.224685 12.946529 12.480846 11.730406 10.570850 8.864521 6.500841 3.476221 0.000000 
50.000000 42.911054 36.160733 30.039197 24.751220 20.398523 16.982992 14.426649 12.600619 11.354896 10.542658 10.036092 9.733650 9.560640 9.465730 9.415757 9.390478 9.378183 9.372428 9.369833 9.368705 9.368231 9.368040 9.367965 9.367936 9.367926 9.367921 9.367918 9.367913 9.367899 9.367863 9.367775 9.367562 9.367062 9.365930 9.363452 9.358208 9.347487 9.326325 9.286010 9.211940 9.080802 8.857337 8.491496 7.917677 7.059102 5.841739 4.222234 2.229108 0.000000 
50.000000 42.362098 35.089063 28.493538 22.796162 18.106525 14.426649 11.672500 9.705210 8.363147 7.488113 6.942396 6.616589 6.430217 6.327981 6.274151 6.246923 6.233680 6.227481 6.224686 6.223471 6.222962 6.222756 6.222675 6.222644 6.222633 6.222628 6.222625 6.222621 6.222609 6.222580 6.222508 6.222335 6.221931 6.221020 6.219035 6.214861 6.206387 6.189800 6.158512 6.101699 6.002507 5.836250 5.569312 5.159996 4.563153 3.740503 2.677359 1.402434 0.000000 
50.000000 41.969943 34.323506 27.389397 21.399587 16.469289 12.600619 9.705210 7.637053 6.226204 5.306342 4.732680 4.390196 4.194291 4.086827 4.030247 4.001628 3.987710 3.981195 3.978258 3.976981 3.976445 3.976229 3.976144 3.976111 3.976100 3.976095 3.976092 3.976089 3.976080 3.976058 3.976003 3.975872 3.975568 3.974885 3.973405 3.970310 3.964071 3.951954 3.929312 3.888643 3.818526 3.702704 3.519817 3.244604 2.851495 2.321276 1.650378 0.860070 0.000000 
50.000000 41.702392 33.801203 26.636104 20.446801 15.352340 11.354896 8.363147 6.226204 4.768456 3.818031 3.225321 2.871473 2.669071 2.558046 2.499593 2.470027 2.455648 2.448918 2.445884 2.444565 2.444012 2.443788 2.443701 2.443667 2.443655 2.443651 2.443648 2.443645 2.443639 2.443623 2.443585 2.443492 2.443277 2.442797 2.441762 2.439610 2.435300 2.426992 2.411601 2.384228 2.337562 2.261448 2.142956 1.967395 1.720737 1.393578 0.986063 0.512071 0.000000 
50.000000 41.527928 33.460623 26.144910 19.825536 14.624048 10.542658 7.488113 5.306342 3.818031 2.847694 2.242576 1.881326 1.674693 1.561351 1.501678 1.471496 1.456818 1.449948 1.446851 1.445505 1.444940 1.444712 1.444622 1.444588 1.444576 1.444571 1.444569 1.444567 1.444563 1.444552 1.444526 1.444464 1.444321 1.444004 1.443321 1.441911 1.439102 1.433727 1.423847 1.406430 1.377029 1.329601 1.256649 1.149941 1.002002 0.808334 0.569947 0.295238 0.000000 
50.000000 41.419110 33.248197 25.838547 19.438055 14.169825 10.036092 6.942396 4.732680 3.225321 2.242576 1.629727 1.263866 1.054599 0.939813 0.879381 0.848816 0.833952 0.826995 0.823858 0.822495 0.821924 0.821692 0.821601 0.821567 0.821555 0.821550 0.821548 0.821547 0.821544 0.821537 0.821521 0.821481 0.821392 0.821192 0.820767 0.819891 0.818159 0.814863 0.808849 0.798329 0.780726 0.752597 0.709768 0.647786 0.562777 0.452640 0.318306 0.164582 0.000000 
50.000000 41.354134 33.121357 25.655621 19.206699 13.898627 9.733650 6.616589 4.390196 2.871473 1.881326 1.263866 0.895256 0.684419 0.568773 0.507888 0.477095 0.462120 0.455111 0.451951 0.450578 0.450002 0.449769 0.449678 0.449643 0.449630 0.449626 0.449624 0.449623 0.449621 0.449617 0.449607 0.449584 0.449530 0.449412 0.449160 0.448644 0.447628 0.445707 0.442224 0.436173 0.426126 0.410201 0.386163 0.351683 0.304809 0.244579 0.171643 0.088625 0.000000 
50.000000 41.316961 33.048792 25.550971 19.074346 13.743485 9.560640 6.430217 4.194291 2.669071 1.674693 1.054599 0.684419 0.472685 0.356547 0.295405 0.264481 0.249443 0.242404 0.239231 0.237852 0.237274 0.237040 0.236948 0.236914 0.236901 0.236896 0.236895 0.236894 0.236893 0.236890 0.236885 0.236871 0.236841 0.236774 0.236632 0.236342 0.235775 0.234708 0.232783 0.229461 0.223981 0.215356 0.202432 0.184031 0.159197 0.127500 0.089335 0.046077 0.000000 
50.000000 41.296566 33.008980 25.493557 19.001736 13.658375 9.465730 6.327981 4.086827 2.558046 1.561351 0.939813 0.568773 0.356547 0.240141 0.178858 0.147863 0.132790 0.125735 0.122555 0.121173 0.120593 0.120358 0.120266 0.120232 0.120219 0.120214 0.120213 0.120212 0.120211 0.120210 0.120207 0.120200 0.120183 0.120147 0.120071 0.119916 0.119613 0.119046 0.118030 0.116284 0.113422 0.108945 0.102278 0.092845 0.080190 0.064127 0.044874 0.023125 0.000000 
50.000000 41.285826 32.988015 25.463324 18.963501 13.613560 9.415757 6.274151 4.030247 2.499593 1.501678 0.879381 0.507888 0.295405 0.178858 0.117500 0.086467 0.071376 0.064313 0.061129 0.059745 0.059165 0.058930 0.058838 0.058803 0.058790 0.058786 0.058784 0.058784 0.058783 0.058783 0.058781 0.058777 0.058769 0.058750 0.058711 0.058631 0.058477 0.058189 0.057674 0.056796 0.055362 0.053131 0.049826 0.045176 0.038968 0.031123 0.021757 0.011204 0.000000 
50.000000 41.280393 32.977409 25.448029 18.944159 13.590890 9.390478 6.246923 4.001628 2.470027 1.471496 0.848816 0.477095 0.264481 0.147863 0.086467 0.055416 0.040316 0.033248 0.030062 0.028678 0.028097 0.027862 0.027770 0.027735 0.027722 0.027718 0.027716 0.027716 0.027715 0.027715 0.027714 0.027712 0.027708 0.027699 0.027680 0.027641 0.027565 0.027425 0.027175 0.026750 0.026060 0.024992 0.023416 0.021209 0.018275 0.014581 0.010184 0.005242 0.000000 
50.000000 41.277749 32.972250 25.440589 18.934751 13.579863 9.378183 6.233680 3.987710 2.455648 1.456818 0.833952 0.462120 0.249443 0.132790 0.071376 0.040316 0.025211 0.018141 0.014955 0.013569 0.012989 0.012753 0.012661 0.012627 0.012614 0.012609 0.012608 0.012607 0.012607 0.012607 0.012606 0.012605 0.012603 0.012599 0.012590 0.012571 0.012536 0.012470 0.012354 0.012157 0.011837 0.011345 0.010621 0.009612 0.008274 0.006596 0.004604 0.002369 0.000000 
50.000000 41.276512 32.969834 25.437106 18.930347 13.574701 9.372428 6.227481 3.981195 2.448918 1.449948 0.826995 0.455111 0.242404 0.125735 0.064313 0.033248 0.018141 0.011071 0.007884 0.006499 0.005918 0.005682 0.005590 0.005555 0.005543 0.005538 0.005537 0.005536 0.005536 0.005536 0.005536 0.005535 0.005534 0.005532 0.005528 0.005520 0.005504 0.005474 0.005422 0.005334 0.005191 0.004973 0.004652 0.004207 0.003619 0.002883 0.002011 0.001034 0.000000 
50.000000 41.275954 32.968745 25.435536 18.928361 13.572374 9.369833 6.224686 3.978258 2.445884 1.446851 0.823858 0.451951 0.239232 0.122555 0.061129 0.030062 0.014955 0.007884 0.004696 0.003311 0.002730 0.002495 0.002403 0.002368 0.002355 0.002351 0.002349 0.002348 0.002348 0.002348 0.002348 0.002348 0.002347 0.002347 0.002345 0.002341 0.002334 0.002321 0.002299 0.002261 0.002200 0.002106 0.001969 0.001780 0.001530 0.001218 0.000849 0.000437 0.000000 
50.000000 41.275711 32.968272 25.434853 18.927497 13.571362 9.368705 6.223471 3.976981 2.444565 1.445505 0.822495 0.450578 0.237853 0.121173 0.059745 0.028678 0.013570 0.006499 0.003311 0.001926 0.001345 0.001109 0.001017 0.000982 0.000970 0.000965 0.000964 0.000963 0.000963 0.000963 0.000963 0.000963 0.000963 0.000962 0.000961 0.000960 0.000957 0.000952 0.000942 0.000926 0.000901 0.000862 0.000806 0.000728 0.000625 0.000498 0.000347 0.000178 0.000000 
50.000000 41.275610 32.968073 25.434567 18.927135 13.570938 9.368232 6.222962 3.976446 2.444013 1.444941 0.821924 0.450002 0.237274 0.120593 0.059165 0.028097 0.012989 0.005918 0.002730 0.001345 0.000764 0.000529 0.000437 0.000402 0.000389 0.000384 0.000383 0.000382 0.000382 0.000382 0.000382 0.000382 0.000382 0.000382 0.000381 0.000381 0.000380 0.000378 0.000374 0.000367 0.000357 0.000342 0.000319 0.000288 0.000248 0.000197 0.000137 0.000070 0.000000 
50.000000 41.275569 32.967993 25.434451 18.926989 13.570766 9.368040 6.222756 3.976229 2.443789 1.444712 0.821693 0.449770 0.237041 0.120359 0.058931 0.027863 0.012754 0.005683 0.002495 0.001110 0.000529 0.000294 0.000202 0.000167 0.000154 0.000150 0.000148 0.000148 0.000147 0.000147 0.000147 0.000147 0.000147 0.000147 0.000147 0.000147 0.000146 0.000146 0.000144 0.000142 0.000138 0.000132 0.000123 0.000111 0.000095 0.000076 0.000053 0.000027 0.000000 
50.000000 41.275553 32.967962 25.434406 18.926933 13.570700 9.367967 6.222677 3.976146 2.443703 1.444625 0.821604 0.449680 0.236951 0.120269 0.058840 0.027772 0.012664 0.005593 0.002405 0.001020 0.000439 0.000203 0.000111 0.000076 0.000064 0.000059 0.000058 0.000057 0.000057 0.000057 0.000057 0.000057 0.000057 0.000057 0.000057 0.000057 0.000056 0.000056 0.000056 0.000055 0.000053 0.000051 0.000047 0.000043 0.000037 0.000029 0.000020 0.000010 0.000000 
50.000000 41.275547 32.967951 25.434391 18.926914 13.570678 9.367942 6.222650 3.976118 2.443674 1.444595 0.821574 0.449650 0.236920 0.120238 0.058810 0.027742 0.012633 0.005562 0.002375 0.000989 0.000408 0.000173 0.000081 0.000046 0.000033 0.000029 0.000027 0.000027 0.000027 0.000027 0.000026 0.000026 0.000026 0.000026 0.000026 0.000026 0.000026 0.000026 0.000026 0.000025 0.000025 0.000024 0.000022 0.000020 0.000017 0.000014 0.000009 0.000005 0.000000 
50.000000 41.275547 32.967951 25.434391 18.926914 13.570678 9.367942 6.222650 3.976118 2.443674 1.444595 0.821574 0.449650 0.236920 0.120238 0.058810 0.027742 0.012633 0.005562 0.002375 0.000989 0.000408 0.000173 0.000081 0.000046 0.000033 0.000029 0.000027 0.000027 0.000027 0.000027 0.000026 0.000026 0.000026 0.000026 0.000026 0.000026 0.000026 0.000026 0.000026 0.000025 0.000025 0.000024 0.000022 0.000020 0.000017 0.000014 0.000009 0.000005 0.000000 
50.000000 41.275553 32.967962 25.434406 18.926933 13.570700 9.367967 6.222677 3.976146 2.443703 1.444625 0.821604 0.449680 0.236951 0.120269 0.058840 0.027772 0.012664 0.005593 0.002405 0.001020 0.000439 0.000203 0.000111 0.000076 0.000064 0.000059 0.000058 0.000057 0.000057 0.000057 0.000057 0.000057 0.000057 0.000057 0.000057 0.000057 0.000056 0.000056 0.000056 0.000055 0.000053 0.000051 0.000047 0.000043 0.000037 0.000029 0.000020 0.000010 0.000000 
50.000000 41.275569 32.967993 25.434451 18.926989 13.570766 9.368040 6.222756 3.976229 2.443789 1.444712 0.821693 0.449770 0.237041 0.120359 0.058931 0.027863 0.012754 0.005683 0.002495 0.001110 0.000529 0.000294 0.000202 0.000167 0.000154 0.000150 0.000148 0.000148 0.000147 0.000147 0.000147 0.000147 0.000147 0.000147 0.000147 0.000147 0.000146 0.000146 0.000144 0.000142 0.000138 0.000132 0.000123 0.000111 0.000095 0.000076 0.000053 0.000027 0.000000 
50.000000 41.275610 32.968073 25.434567 18.927135 13.570938 9.368232 6.222962 3.976446 2.444013 1.444941 0.821924 0.450002 0.237274 0.120593 0.059165 0.028097 0.012989 0.005918 0.002730 0.001345 0.000764 0.000529 0.000437 0.000402 0.000389 0.000384 0.000383 0.000382 0.000382 0.000382 0.000382 0.000382 0.000382 0.000382 0.000381 0.000381 0.000380 0.000378 0.000374 0.000367 0.000357 0.000342 0.000319 0.000288 0.000248 0.000197 0.000137 0.000070 0.000000 
50.000000 41.275711 32.968272 25.434853 18.927497 13.571362 9.368705 6.223471 3.976981 2.444565 1.445505 0.822495 0.450578 0.237853 0.121173 0.059745 0.028678 0.013570 0.006499 0.003311 0.001926 0.001345 0.001109 0.001017 0.000982 0.000970 0.000965 0.000964 0.000963 0.000963 0.000963 0.000963 0.000963 0.000963 0.000962 0.000961 0.000960 0.000957 0.000952 0.000942 0.000926 0.000901 0.000862 0.000806 0.000728 0.000625 0.000498 0.000347 0.000178 0.000000 
50.000000 41.275954 32.968745 25.435536 18.928361 13.572374 9.369833 6.224686 3.978258 2.445884 1.446851 0.823858 0.451951 0.239232 0.122555 0.061129 0.030062 0.014955 0.007884 0.004696 0.003311 0.002730 0.002495 0.002403 0.002368 0.002355 0.002351 0.002349 0.002348 0.002348 0.002348 0.002348 0.002348 0.002347 0.002347 0.002345 0.002341 0.002334 0.002321 0.002299 0.002261 0.002200 0.002106 0.001969 0.001780 0.001530 0.001218 0.000849 0.000437 0.000000 
50.000000 41.276512 32.969834 25.437106 18.930347 13.574701 9.372428 6.227481 3.981195 2.448918 1.449948 0.826995 0.455111 0.242404 0.125735 0.064313 0.033248 0.018141 0.011071 0.007884 0.006499 0.005918 0.005682 0.005590 0.005555 0.005543 0.005538 0.005537 0.005536 0.005536 0.005536 0.005536 0.005535 0.005534 0.005532 0.005528 0.005520 0.005504 0.005474 0.005422 0.005334 0.005191 0.004973 0.004652 0.004207 0.003619 0.002883 0.002011 0.001034 0.000000 
50.000000 41.277749 32.972250 25.440589 18.934751 13.579863 9.378183 6.233680 3.987710 2.455648 1.456818 0.833952 0.462120 0.249443 0.132790 0.071376 0.040316 0.025211 0.018141 0.014955 0.013569 0.012989 0.012753 0.012661 0.012627 0.012614 0.012609 0.012608 0.012607 0.012607 0.012607 0.012606 0.012605 0.012603 0.012599 0.012590 0.012571 0.012536 0.012470 0.012354 0.012157 0.011837 0.011345 0.010621 0.009612 0.008274 0.006596 0.004604 0.002369 0.000000 
50.000000 41.280393 32.977409 25.448029 18.944159 13.590890 9.390478 6.246923 4.001628 2.470027 1.471496 0.848816 0.477095 0.264481 0.147863 0.086467 0.055416 0.040316 0.033248 0.030062 0.028678 0.028097 0.027862 0.027770 0.027735 0.027722 0.027718 0.027716 0.027716 0.027715 0.027715 0.027714 0.027712 0.027708 0.027699 0.027680 0.027641 0.027565 0.027425 0.027175 0.026750 0.026060 0.024992 0.023416 0.021209 0.018275 0.014581 0.010184 0.005242 0.000000 
50.000000 41.285826 32.988015 25.463324 18.963501 13.613560 9.415757 6.274151 4.030247 2.499593 1.501678 0.879381 0.507888 0.295405 0.178858 0.117500 0.086467 0.071376 0.064313 0.061129 0.059745 0.059165 0.058930 0.058838 0.058803 0.058790 0.058786 0.058784 0.058784 0.058783 0.058783 0.058781 0.058777 0.058769 0.058750 0.058711 0.058631 0.058477 0.058189 0.057674 0.056796 0.055362 0.053131 0.049826 0.045176 0.038968 0.031123 0.021757 0.011204 0.000000 
50.000000 41.296566 33.008980 25.493557 19.001736 13.658375 9.465730 6.327981 4.086827 2.558046 1.561351 0.939813 0.568773 0.356547 0.240141 0.178858 0.147863 0.132790 0.125735 0.122555 0.121173 0.120593 0.120358 0.120266 0.120232 0.120219 0.120214 0.120213 0.120212 0.120211 0.120210 0.120207 0.120200 0.120183 0.120147 0.120071 0.119916 0.119613 0.119046 0.118030 0.116284 0.113422 0.108945 0.102278 0.092845 0.080190 0.064127 0.044874 0.023125 0.000000 
50.000000 41.316961 33.048792 25.550971 19.074346 13.743485 9.560640 6.430217 4.194291 2.669071 1.674693 1.054599 0.684419 0.472685 0.356547 0.295405 0.264481 0.249443 0.242404 0.239231 0.237852 0.237274 0.237040 0.236948 0.236914 0.236901 0.236896 0.236895 0.236894 0.236893 0.236890 0.236885 0.236871 0.236841 0.236774 0.236632 0.236342 0.235775 0.234708 0.232783 0.229461 0.223981 0.215356 0.202432 0.184031 0.159197 0.127500 0.089335 0.046077 0.000000 
50.000000 41.354134 33.121357 25.655621 19.206699 13.898627 9.733650 6.616589 4.390196 2.871473 1.881326 1.263866 0.895256 0.684419 0.568773 0.507888 0.477095 0.462120 0.455111 0.451951 0.450578 0.450002 0.449769 0.449678 0.449643 0.449630 0.449626 0.449624 0.449623 0.449621 0.449617 0.449607 0.449584 0.449530 0.449412 0.449160 0.448644 0.447628 0.445707 0.442224 0.436173 0.426126 0.410201 0.386163 0.351683 0.304809 0.244579 0.171643 0.088625 0.000000 
50.000000 41.419110 33.248197 25.838547 19.438055 14.169825 10.036092 6.942396 4.732680 3.225321 2.242576 1.629727 1.263866 1.054599 0.939813 0.879381 0.848816 0.833952 0.826995 0.823858 0.822495 0.821924 0.821692 0.821601 0.821567 0.821555 0.821550 0.821548 0.821547 0.821544 0.821537 0.821521 0.821481 0.821392 0.821192 0.820767 0.819891 0.818159 0.814863 0.808849 0.798329 0.780726 0.752597 0.709768 0.647786 0.562777 0.452640 0.318306 0.164582 0.000000 
50.000000 41.527928 33.460623 26.144910 19.825536 14.624048 10.542658 7.488113 5.306342 3.818031 2.847694 2.242576 1.881326 1.674693 1.561351 1.501678 1.471496 1.456818 1.449948 1.446851 1.445505 1.444940 1.444712 1.444622 1.444588 1.444576 1.444571 1.444569 1.444567 1.444563 1.444552 1.444526 1.444464 1.444321 1.444004 1.443321 1.441911 1.439102 1.433727 1.423847 1.406430 1.377029 1.329601 1.256649 1.149941 1.002002 0.808334 0.569947 0.295238 0.000000 
50.000000 41.702392 33.801203 26.636104 20.446801 15.352340 11.354896 8.363147 6.226204 4.768456 3.818031 3.225321 2.871473 2.669071 2.558046 2.499593 2.470027 2.455648 2.448918 2.445884 2.444565 2.444012 2.443788 2.443701 2.443667 2.443655 2.443651 2.443648 2.443645 2.443639 2.443623 2.443585 2.443492 2.443277 2.442797 2.441762 2.439610 2.435300 2.426992 2.411601 2.384228 2.337562 2.261448 2.142956 1.967395 1.720737 1.393578 0.986063 0.512071 0.000000 
50.000000 41.969943 34.323506 27.389397 21.399587 16.469289 12.600619 9.705210 7.637053 6.226204 5.306342 4.732680 4.390196 4.194291 4.086827 4.030247 4.001628 3.987710 3.981195 3.978258 3.976981 3.976445 3.976229 3.976144 3.976111 3.976100 3.976095 3.976092 3.976089 3.976080 3.976058 3.976003 3.975872 3.975568 3.974885 3.973405 3.970310 3.964071 3.951954 3.929312 3.888643 3.818526 3.702704 3.519817 3.244604 2.851495 2.321276 1.650378 0.860070 0.000000 
50.000000 42.362098 35.089063 28.493538 22.796162 18.106525 14.426649 11.672500 9.705210 8.363147 7.488113 6.942396 6.616589 6.430217 6.327981 6.274151 6.246923 6.233680 6.227481 6.224686 6.223471 6.222962 6.222756 6.222675 6.222644 6.222633 6.222628 6.222625 6.222621 6.222609 6.222580 6.222508 6.222335 6.221931 6.221020 6.219035 6.214861 6.206387 6.189800 6.158512 6.101699 6.002507 5.836250 5.569312 5.159996 4.563153 3.740503 2.677359 1.402434 0.000000 
50.000000 42.911054 36.160733 30.039197 24.751220 20.398523 16.982992 14.426649 12.600619 11.354896 10.542658 10.036092 9.733650 9.560640 9.465730 9.415757 9.390478 9.378183 9.372428 9.369833 9.368705 9.368231 9.368040 9.367965 9.367936 9.367926 9.367921 9.367918 9.367913 9.367899 9.367863 9.367775 9.367562 9.367062 9.365930 9.363452 9.358208 9.347487 9.326325 9.286010 9.211940 9.080802 8.857337 8.491496 7.917677 7.059102 5.841739 4.222234 2.229108 0.000000 
50.000000 43.644469 37.592513 32.104258 27.363291 23.460812 20.398523 18.106525 16.469289 15.352340 14.624048 14.169825 13.898627 13.743485 13.658375 13.613560 13.590890 13.579863 13.574701 13.572374 13.571362 13.570938 13.570766 13.570698 13.570673 13.570663 13.570659 13.570656 13.570650 13.570634 13.570594 13.570494 13.570251 13.569681 13.568384 13.565530 13.559454 13.546944 13.522039 13.474108 13.384945 13.224685 12.946529 12.480846 11.730406 10.570850 8.864521 6.500841 3.476221 0.000000 
50.000000 44.579073 39.417065 34.735840 30.691985 27.363291 24.751220 22.796162 21.399587 20.446801 19.825536 19.438055 19.206699 19.074346 19.001736 18.963501 18.944159 18.934751 18.930347 18.928361 18.927497 18.927135 18.926988 18.926931 18.926909 18.926901 18.926897 18.926894 18.926888 18.926872 18.926831 18.926728 18.926476 18.925885 18.924533 18.921545 18.915149 18.901891 18.875277 18.823535 18.726064 18.548091 18.233009 17.692119 16.792442 15.345993 13.111176 9.833158 5.376124 0.000000 
50.000000 45.714450 41.633580 37.932781 34.735840 32.104258 30.039197 28.493538 27.389397 26.636104 26.144910 25.838547 25.655621 25.550971 25.493557 25.463324 25.448029 25.440589 25.437106 25.435536 25.434853 25.434567 25.434451 25.434405 25.434388 25.434381 25.434378 25.434376 25.434370 25.434355 25.434318 25.434223 25.433993 25.433448 25.432200 25.429430 25.423471 25.411042 25.385907 25.336576 25.242526 25.068120 24.753036 24.197458 23.239737 21.624664 18.966391 14.736456 8.395890 0.000000 
50.000000 47.028758 44.199419 41.633580 39.417065 37.592513 36.160733 35.089063 34.323506 33.801203 33.460623 33.248197 33.121357 33.048792 33.008980 32.988015 32.977409 32.972250 32.969834 32.968745 32.968272 32.968073 32.967992 32.967961 32.967949 32.967944 32.967942 32.967940 32.967936 32.967925 32.967896 32.967823 32.967646 32.967225 32.966258 32.964106 32.959457 32.949715 32.929891 32.890676 32.815140 32.673127 32.411704 31.938499 31.091672 29.583906 26.897124 22.099709 13.649912 0.000000 
50.000000 48.478036 47.028758 45.714450 44.579073 43.644469 42.911054 42.362098 41.969943 41.702392 41.527928 41.419110 41.354134 41.316961 41.296566 41.285826 41.280393 41.277749 41.276512 41.275954 41.275711 41.275610 41.275568 41.275552 41.275546 41.275544 41.275543 41.275542 41.275539 41.275533 41.275517 41.275478 41.275381 41.275151 41.274622 41.273441 41.270884 41.265510 41.254528 41.232690 41.190321 41.109873 40.959664 40.681947 40.168249 39.202949 37.318560 33.378846 24.239018 0.000000 
50.000000 50.000000 50.000000 50.000000 50.000000 50.000000 50.000000 50.000000 50.000000 50.000000 50.000000 50.000000 50.000000 50.000000 50.000000 50.000000 50.000000 50.000000 50.000000 50.000000 50.000000 50.000000 50.000000 50.000000 50.000000 50.000000 50.000000 50.000000 50.000000 50.000000 50.000000 50.000000 50.000000 50.000000 50.000000 50.000000 50.000000 50.000000 50.000000 50.000000 50.000000 50.000000 50.000000 50.000000 50.000000 50.000000 50.000000 50.000000 50.000000 50.000000 
