50.000000 50.000000 50.000000 50.000000 50.000000 50.000000 50.000000 50.000000 50.000000 50.000000 50.000000 50.000000 50.000000 50.000000 50.000000 50.000000 50.000000 50.000000 50.000000 50.000000 50.000000 50.000000 50.000000 50.000000 50.000000 50.000000 50.000000 50.000000 50.000000 50.000000 50.000000 50.000000 50.000000 50.000000 50.000000 50.000000 50.000000 50.000000 50.000000 50.000000 50.000000 50.000000 50.000000 50.000000 50.000000 50.000000 50.000000 50.000000 50.000000 50.000000 
50.000000 47.702865 45.571180 43.734726 42.264729 41.170151 40.410850 39.919302 39.621775 39.453055 39.363232 39.318244 39.297001 39.287525 39.283524 39.281922 39.281312 39.281092 39.281015 39.280990 39.280982 39.280980 39.280979 39.280979 39.280979 39.280979 39.280979 39.280979 39.280979 39.280979 39.280978 39.280977 39.280973 39.280958 39.280915 39.280786 39.280424 39.279444 39.276897 39.270551 39.255357 39.220334 39.142340 38.973576 38.615574 37.860611 36.244390 32.626875 23.851432 0.000000 
50.000000 45.571180 41.461363 37.920769 35.086719 32.976485 31.512657 30.565041 29.991477 29.666234 29.493086 29.406367 29.365421 29.347157 29.339445 29.336358 29.335183 29.334757 29.334610 29.334562 29.334547 29.334542 29.334541 29.334540 29.334540 29.334540 29.334540 29.334540 29.334540 29.334540 29.334539 29.334537 29.334529 29.334504 29.334428 29.334204 29.333573 29.331872 29.327473 29.316572 29.290667 29.231568 29.101886 28.827346 28.264291 27.139740 24.941390 20.730681 12.944305 0.000000 
50.000000 43.734726 37.920769 32.912125 28.903056 25.917974 23.847342 22.506953 21.695688 21.235673 20.990789 20.868148 20.810244 20.784418 20.773514 20.769148 20.767487 20.766885 20.766677 20.766609 20.766587 20.766581 20.766579 20.766578 20.766578 20.766578 20.766578 20.766578 20.766578 20.766578 20.766577 20.766574 20.766565 20.766535 20.766443 20.766175 20.765422 20.763401 20.758210 20.745446 20.715430 20.647895 20.502462 20.202509 19.609659 18.487017 16.456063 12.979379 7.490336 0.000000 
50.000000 42.264729 35.086719 28.903056 23.953576 20.268387 17.712211 16.057581 15.056170 14.488366 14.186119 14.034758 13.963299 13.931429 13.917975 13.912588 13.910539 13.909796 13.909540 13.909456 13.909429 13.909421 13.909419 13.909418 13.909418 13.909418 13.909418 13.909418 13.909418 13.909418 13.909417 13.909414 13.909405 13.909375 13.909285 13.909022 13.908290 13.906334 13.901347 13.889199 13.860965 13.798392 13.666273 13.400755 12.893744 11.976788 10.416039 7.946978 4.404118 0.000000 
50.000000 41.170151 32.976485 25.917974 20.268387 16.062057 13.144508 11.256043 10.113167 9.465187 9.120283 8.947572 8.866039 8.829678 8.814329 8.808184 8.805846 8.805000 8.804708 8.804612 8.804581 8.804572 8.804569 8.804569 8.804568 8.804568 8.804568 8.804568 8.804568 8.804568 8.804567 8.804565 8.804557 8.804532 8.804455 8.804233 8.803617 8.801983 8.797848 8.787874 8.764966 8.714952 8.611315 8.407923 8.031029 7.374644 6.308315 4.712194 2.554578 0.000000 
50.000000 40.410850 31.512657 23.847342 17.712211 13.144508 9.976421 7.925874 6.684968 5.981443 5.606996 5.419502 5.330996 5.291529 5.274869 5.268200 5.265663 5.264745 5.264428 5.264324 5.264291 5.264281 5.264278 5.264277 5.264277 5.264277 5.264277 5.264277 5.264277 5.264276 5.264276 5.264274 5.264268 5.264249 5.264191 5.264024 5.263564 5.262351 5.259306 5.252029 5.235508 5.199939 5.127480 4.988210 4.736585 4.311456 3.644832 2.685311 1.437275 0.000000 
50.000000 39.919302 30.565041 22.506953 16.057581 11.256043 7.925874 5.770498 4.466206 3.726779 3.333242 3.136200 3.043192 3.001719 2.984215 2.977208 2.974543 2.973578 2.973245 2.973135 2.973100 2.973090 2.973087 2.973086 2.973086 2.973086 2.973086 2.973086 2.973086 2.973086 2.973085 2.973084 2.973080 2.973067 2.973027 2.972914 2.972604 2.971790 2.969763 2.964963 2.954178 2.931252 2.885249 2.798394 2.644728 2.391309 2.004491 1.463155 0.776962 0.000000 
50.000000 39.621775 29.991477 21.695688 15.056170 10.113167 6.684968 4.466206 3.123600 2.362480 1.957413 1.754607 1.658882 1.616200 1.598185 1.590975 1.588232 1.587240 1.586897 1.586784 1.586748 1.586738 1.586734 1.586734 1.586733 1.586733 1.586733 1.586733 1.586733 1.586733 1.586733 1.586732 1.586730 1.586721 1.586697 1.586627 1.586435 1.585937 1.584703 1.581804 1.575356 1.561800 1.534953 1.485029 1.398215 1.257778 1.047793 0.759909 0.401440 0.000000 
50.000000 39.453055 29.666234 21.235673 14.488366 9.465187 5.981443 3.726779 2.362480 1.589082 1.177492 0.971426 0.874165 0.830800 0.812498 0.805172 0.802386 0.801378 0.801030 0.800915 0.800879 0.800868 0.800865 0.800864 0.800864 0.800864 0.800864 0.800864 0.800864 0.800863 0.800863 0.800863 0.800861 0.800857 0.800843 0.800803 0.800694 0.800412 0.799719 0.798104 0.794541 0.787124 0.772601 0.745935 0.700221 0.627401 0.520243 0.375567 0.197698 0.000000 
50.000000 39.363232 29.493086 20.990789 14.186119 9.120283 5.606996 3.333242 1.957413 1.177492 0.762438 0.554642 0.456567 0.412839 0.394385 0.386998 0.384189 0.383172 0.382821 0.382706 0.382669 0.382658 0.382655 0.382654 0.382654 0.382654 0.382654 0.382654 0.382654 0.382654 0.382654 0.382653 0.382653 0.382650 0.382643 0.382621 0.382564 0.382416 0.382055 0.381219 0.379388 0.375609 0.368279 0.354967 0.332410 0.296920 0.245343 0.176514 0.092681 0.000000 
50.000000 39.318244 29.406367 20.868148 14.034758 8.947572 5.419502 3.136200 1.754607 0.971426 0.554642 0.345982 0.247500 0.203592 0.185062 0.177645 0.174824 0.173803 0.173451 0.173335 0.173298 0.173287 0.173284 0.173283 0.173283 0.173283 0.173283 0.173283 0.173283 0.173283 0.173283 0.173283 0.173282 0.173281 0.173277 0.173267 0.173239 0.173166 0.172991 0.172586 0.171706 0.169904 0.166437 0.160196 0.149724 0.133411 0.109938 0.078894 0.041347 0.000000 
50.000000 39.297001 29.365421 20.810244 13.963299 8.866039 5.330996 3.043192 1.658882 0.874165 0.456567 0.247500 0.148828 0.104835 0.086269 0.078838 0.076012 0.074989 0.074636 0.074520 0.074483 0.074472 0.074469 0.074468 0.074467 0.074467 0.074467 0.074467 0.074467 0.074467 0.074467 0.074467 0.074467 0.074467 0.074465 0.074460 0.074447 0.074414 0.074334 0.074150 0.073753 0.072945 0.071402 0.068645 0.064056 0.056965 0.046843 0.033549 0.017557 0.000000 
50.000000 39.287525 29.347157 20.784418 13.931429 8.829678 5.291529 3.001719 1.616200 0.830800 0.412839 0.203592 0.104835 0.060804 0.042222 0.034785 0.031957 0.030933 0.030579 0.030463 0.030426 0.030415 0.030412 0.030411 0.030411 0.030411 0.030411 0.030411 0.030411 0.030411 0.030411 0.030411 0.030411 0.030410 0.030410 0.030408 0.030402 0.030388 0.030353 0.030275 0.030106 0.029764 0.029116 0.027965 0.026061 0.023140 0.018996 0.013584 0.007101 0.000000 
50.000000 39.283524 29.339445 20.773514 13.917975 8.814329 5.274869 2.984215 1.598185 0.812498 0.394385 0.185062 0.086269 0.042222 0.023633 0.016194 0.013364 0.012340 0.011987 0.011870 0.011834 0.011822 0.011819 0.011818 0.011818 0.011818 0.011818 0.011818 0.011818 0.011818 0.011818 0.011818 0.011818 0.011818 0.011818 0.011817 0.011814 0.011809 0.011795 0.011763 0.011695 0.011559 0.011300 0.010845 0.010096 0.008953 0.007339 0.005242 0.002738 0.000000 
50.000000 39.281922 29.336358 20.769148 13.912588 8.808184 5.268200 2.977208 1.590975 0.805172 0.386998 0.177645 0.078838 0.034785 0.016194 0.008753 0.005923 0.004899 0.004545 0.004429 0.004392 0.004381 0.004378 0.004377 0.004377 0.004377 0.004377 0.004377 0.004377 0.004377 0.004377 0.004377 0.004377 0.004376 0.004376 0.004376 0.004375 0.004373 0.004368 0.004355 0.004330 0.004278 0.004180 0.004009 0.003729 0.003303 0.002705 0.001930 0.001007 0.000000 
50.000000 39.281312 29.335183 20.767487 13.910539 8.805846 5.265663 2.974543 1.588232 0.802386 0.384189 0.174824 0.076012 0.031957 0.013364 0.005923 0.003093 0.002069 0.001715 0.001599 0.001562 0.001551 0.001548 0.001547 0.001547 0.001547 0.001547 0.001547 0.001547 0.001547 0.001547 0.001547 0.001547 0.001547 0.001547 0.001546 0.001546 0.001545 0.001543 0.001539 0.001530 0.001511 0.001476 0.001415 0.001315 0.001164 0.000952 0.000679 0.000354 0.000000 
50.000000 39.281092 29.334757 20.766885 13.909796 8.805000 5.264745 2.973578 1.587240 0.801378 0.383172 0.173803 0.074989 0.030933 0.012340 0.004899 0.002069 0.001045 0.000691 0.000575 0.000538 0.000527 0.000524 0.000523 0.000522 0.000522 0.000522 0.000522 0.000522 0.000522 0.000522 0.000522 0.000522 0.000522 0.000522 0.000522 0.000522 0.000522 0.000521 0.000520 0.000516 0.000510 0.000498 0.000477 0.000443 0.000392 0.000320 0.000228 0.000119 0.000000 
50.000000 39.281015 29.334610 20.766677 13.909540 8.804708 5.264428 2.973245 1.586897 0.801030 0.382821 0.173451 0.074636 0.030579 0.011987 0.004545 0.001715 0.000691 0.000338 0.000221 0.000184 0.000173 0.000170 0.000169 0.000169 0.000169 0.000169 0.000169 0.000169 0.000169 0.000169 0.000169 0.000169 0.000169 0.000169 0.000169 0.000169 0.000169 0.000168 0.000168 0.000167 0.000165 0.000161 0.000154 0.000143 0.000126 0.000103 0.000074 0.000038 0.000000 
50.000000 39.280990 29.334562 20.766609 13.909456 8.804612 5.264324 2.973135 1.586784 0.800915 0.382706 0.173335 0.074520 0.030463 0.011870 0.004429 0.001599 0.000575 0.000221 0.000104 0.000068 0.000057 0.000053 0.000053 0.000052 0.000052 0.000052 0.000052 0.000052 0.000052 0.000052 0.000052 0.000052 0.000052 0.000052 0.000052 0.000052 0.000052 0.000052 0.000052 0.000052 0.000051 0.000050 0.000048 0.000044 0.000039 0.000032 0.000023 0.000012 0.000000 
50.000000 39.280982 29.334547 20.766587 13.909429 8.804581 5.264291 2.973100 1.586748 0.800879 0.382669 0.173298 0.074483 0.030426 0.011834 0.004392 0.001562 0.000538 0.000184 0.000068 0.000031 0.000020 0.000017 0.000016 0.000016 0.000016 0.000016 0.000016 0.000016 0.000016 0.000016 0.000016 0.000016 0.000016 0.000016 0.000016 0.000016 0.000016 0.000015 0.000015 0.000015 0.000015 0.000015 0.000014 0.000013 0.000012 0.000009 0.000007 0.000004 0.000000 
50.000000 39.280980 29.334542 20.766581 13.909421 8.804572 5.264281 2.973090 1.586738 0.800868 0.382658 0.173287 0.074472 0.030415 0.011822 0.004381 0.001551 0.000527 0.000173 0.000057 0.000020 0.000009 0.000006 0.000005 0.000005 0.000004 0.000004 0.000004 0.000004 0.000004 0.000004 0.000004 0.000004 0.000004 0.000004 0.000004 0.000004 0.000004 0.000004 0.000004 0.000004 0.000004 0.000004 0.000004 0.000004 0.000003 0.000003 0.000002 0.000001 0.000000 
50.000000 39.280979 29.334541 20.766579 13.909419 8.804569 5.264278 2.973087 1.586734 0.800865 0.382655 0.173284 0.074469 0.030412 0.011819 0.004378 0.001548 0.000524 0.000170 0.000053 0.000017 0.000006 0.000002 0.000002 0.000001 0.000001 0.000001 0.000001 0.000001 0.000001 0.000001 0.000001 0.000001 0.000001 0.000001 0.000001 0.000001 0.000001 0.000001 0.000001 0.000001 0.000001 0.000001 0.000001 0.000001 0.000001 0.000001 0.000001 0.000000 0.000000 
50.000000 39.280979 29.334540 20.766578 13.909418 8.804569 5.264277 2.973086 1.586734 0.800864 0.382654 0.173283 0.074468 0.030411 0.011818 0.004377 0.001547 0.000523 0.000169 0.000053 0.000016 0.000005 0.000002 0.000001 0.000000 0.000000 0.000000 0.000000 0.000000 0.000000 0.000000 0.000000 0.000000 0.000000 0.000000 0.000000 0.000000 0.000000 0.000000 0.000000 0.000000 0.000000 0.000000 0.000000 0.000000 0.000000 0.000000 0.000000 0.000000 0.000000 
50.000000 39.280979 29.334540 20.766578 13.909418 8.804568 5.264277 2.973086 1.586733 0.800864 0.382654 0.173283 0.074468 0.030411 0.011818 0.004377 0.001547 0.000522 0.000169 0.000052 0.000016 0.000005 0.000001 0.000000 0.000000 0.000000 0.000000 0.000000 0.000000 0.000000 0.000000 0.000000 0.000000 0.000000 0.000000 0.000000 0.000000 0.000000 0.000000 0.000000 0.000000 0.000000 0.000000 0.000000 0.000000 0.000000 0.000000 0.000000 0.000000 0.000000 
50.000000 39.280979 29.334540 20.766578 13.909418 8.804568 5.264277 2.973086 1.586733 0.800864 0.382654 0.173283 0.074468 0.030411 0.011818 0.004377 0.001547 0.000522 0.000169 0.000052 0.000016 0.000005 0.000001 0.000000 0.000000 0.000000 0.000000 0.000000 0.000000 0.000000 0.000000 0.000000 0.000000 0.000000 0.000000 0.000000 0.000000 0.000000 0.000000 0.000000 0.000000 0.000000 0.000000 0.000000 0.000000 0.000000 0.000000 0.000000 0.000000 0.000000 
50.000000 39.280979 29.334540 20.766578 13.909418 8.804569 5.264277 2.973086 1.586734 0.800864 0.382654 0.173283 0.074468 0.030411 0.011818 0.004377 0.001547 0.000523 0.000169 0.000053 0.000016 0.000005 0.000002 0.000001 0.000000 0.000000 0.000000 0.000000 0.000000 0.000000 0.000000 0.000000 0.000000 0.000000 0.000000 0.000000 0.000000 0.000000 0.000000 0.000000 0.000000 0.000000 0.000000 0.000000 0.000000 0.000000 0.000000 0.000000 0.000000 0.000000 
50.000000 39.280979 29.334541 20.766579 13.909419 8.804569 5.264278 2.973087 1.586734 0.800865 0.382655 0.173284 0.074469 0.030412 0.011819 0.004378 0.001548 0.000524 0.000170 0.000053 0.000017 0.000006 0.000002 0.000002 0.000001 0.000001 0.000001 0.000001 0.000001 0.000001 0.000001 0.000001 0.000001 0.000001 0.000001 0.000001 0.000001 0.000001 0.000001 0.000001 0.000001 0.000001 0.000001 0.000001 0.000001 0.000001 0.000001 0.000001 0.000000 0.000000 
50.000000 39.280980 29.334542 20.766581 13.909421 8.804572 5.264281 2.973090 1.586738 0.800868 0.382658 0.173287 0.074472 0.030415 0.011822 0.004381 0.001551 0.000527 0.000173 0.000057 0.000020 0.000009 0.000006 0.000005 0.000005 0.000004 0.000004 0.000004 0.000004 0.000004 0.000004 0.000004 0.000004 0.000004 0.000004 0.000004 0.000004 0.000004 0.000004 0.000004 0.000004 0.000004 0.000004 0.000004 0.000004 0.000003 0.000003 0.000002 0.000001 0.000000 
50.000000 39.280982 29.334547 20.766587 13.909429 8.804581 5.264291 2.973100 1.586748 0.800879 0.382669 0.173298 0.074483 0.030426 0.011834 0.004392 0.001562 0.000538 0.000184 0.000068 0.000031 0.000020 0.000017 0.000016 0.000016 0.000016 0.000016 0.000016 0.000016 0.000016 0.000016 0.000016 0.000016 0.000016 0.000016 0.000016 0.000016 0.000016 0.000015 0.000015 0.000015 0.000015 0.000015 0.000014 0.000013 0.000012 0.000009 0.000007 0.000004 0.000000 
50.000000 39.280990 29.334562 20.766609 13.909456 8.804612 5.264324 2.973135 1.586784 0.800915 0.382706 0.173335 0.074520 0.030463 0.011870 0.004429 0.001599 0.000575 0.000221 0.000104 0.000068 0.000057 0.000053 0.000053 0.000052 0.000052 0.000052 0.000052 0.000052 0.000052 0.000052 0.000052 0.000052 0.000052 0.000052 0.000052 0.000052 0.000052 0.000052 0.000052 0.000052 0.000051 0.000050 0.000048 0.000044 0.000039 0.000032 0.000023 0.000012 0.000000 
50.000000 39.281015 29.334610 20.766677 13.909540 8.804708 5.264428 2.973245 1.586897 0.801030 0.382821 0.173451 0.074636 0.030579 0.011987 0.004545 0.001715 0.000691 0.000338 0.000221 0.000184 0.000173 0.000170 0.000169 0.000169 0.000169 0.000169 0.000169 0.000169 0.000169 0.000169 0.000169 0.000169 0.000169 0.000169 0.000169 0.000169 0.000169 0.000168 0.000168 0.000167 0.000165 0.000161 0.000154 0.000143 0.000126 0.000103 0.000074 0.000038 0.000000 
50.000000 39.281092 29.334757 20.766885 13.909796 8.805000 5.264745 2.973578 1.587240 0.801378 0.383172 0.173803 0.074989 0.030933 0.012340 0.004899 0.002069 0.001045 0.000691 0.000575 0.000538 0.000527 0.000524 0.000523 0.000522 0.000522 0.000522 0.000522 0.000522 0.000522 0.000522 0.000522 0.000522 0.000522 0.000522 0.000522 0.000522 0.000522 0.000521 0.000520 0.000516 0.000510 0.000498 0.000477 0.000443 0.000392 0.000320 0.000228 0.000119 0.000000 
50.000000 39.281312 29.335183 20.767487 13.910539 8.805846 5.265663 2.974543 1.588232 0.802386 0.384189 0.174824 0.076012 0.031957 0.013364 0.005923 0.003093 0.002069 0.001715 0.001599 0.001562 0.001551 0.001548 0.001547 0.001547 0.001547 0.001547 0.001547 0.001547 0.001547 0.001547 0.001547 0.001547 0.001547 0.001547 0.001546 0.001546 0.001545 0.001543 0.001539 0.001530 0.001511 0.001476 0.001415 0.001315 0.001164 0.000952 0.000679 0.000354 0.000000 
50.000000 39.281922 29.336358 20.769148 13.912588 8.808184 5.268200 2.977208 1.590975 0.805172 0.386998 0.177645 0.078838 0.034785 0.016194 0.008753 0.005923 0.004899 0.004545 0.004429 0.004392 0.004381 0.004378 0.004377 0.004377 0.004377 0.004377 0.004377 0.004377 0.004377 0.004377 0.004377 0.004377 0.004376 0.004376 0.004376 0.004375 0.004373 0.004368 0.004355 0.004330 0.004278 0.004180 0.004009 0.003729 0.003303 0.002705 0.001930 0.001007 0.000000 
50.000000 39.283524 29.339445 20.773514 13.917975 8.814329 5.274869 2.984215 1.598185 0.812498 0.394385 0.185062 0.086269 0.042222 0.023633 0.016194 0.013364 0.012340 0.011987 0.011870 0.011834 0.011822 0.011819 0.011818 0.011818 0.011818 0.011818 0.011818 0.011818 0.011818 0.011818 0.011818 0.011818 0.011818 0.011818 0.011817 0.011814 0.011809 0.011795 0.011763 0.011695 0.011559 0.011300 0.010845 0.010096 0.008953 0.007339 0.005242 0.002738 0.000000 
50.000000 39.287525 29.347157 20.784418 13.931429 8.829678 5.291529 3.001719 1.616200 0.830800 0.412839 0.203592 0.104835 0.060804 0.042222 0.034785 0.031957 0.030933 0.030579 0.030463 0.030426 0.030415 0.030412 0.030411 0.030411 0.030411 0.030411 0.030411 0.030411 0.030411 0.030411 0.030411 0.030411 0.030410 0.030410 0.030408 0.030402 0.030388 0.030353 0.030275 0.030106 0.029764 0.029116 0.027965 0.026061 0.023140 0.018996 0.013584 0.007101 0.000000 
50.000000 39.297001 29.365421 20.810244 13.963299 8.866039 5.330996 3.043192 1.658882 0.874165 0.456567 0.247500 0.148828 0.104835 0.086269 0.078838 0.076012 0.074989 0.074636 0.074520 0.074483 0.074472 0.074469 0.074468 0.074467 0.074467 0.074467 0.074467 0.074467 0.074467 0.074467 0.074467 0.074467 0.074467 0.074465 0.074460 0.074447 0.074414 0.074334 0.074150 0.073753 0.072945 0.071402 0.068645 0.064056 0.056965 0.046843 0.033549 0.017557 0.000000 
50.000000 39.318244 29.406367 20.868148 14.034758 8.947572 5.419502 3.136200 1.754607 0.971426 0.554642 0.345982 0.247500 0.203592 0.185062 0.177645 0.174824 0.173803 0.173451 0.173335 0.173298 0.173287 0.173284 0.173283 0.173283 0.173283 0.173283 0.173283 0.173283 0.173283 0.173283 0.173283 0.173282 0.173281 0.173277 0.173267 0.173239 0.173166 0.172991 0.172586 0.171706 0.169904 0.166437 0.160196 0.149724 0.133411 0.109938 0.078894 0.041347 0.000000 
50.000000 39.363232 29.493086 20.990789 14.186119 9.120283 5.606996 3.333242 1.957413 1.177492 0.762438 0.554642 0.456567 0.412839 0.394385 0.386998 0.384189 0.383172 0.382821 0.382706 0.382669 0.382658 0.382655 0.382654 0.382654 0.382654 0.382654 0.382654 0.382654 0.382654 0.382654 0.382653 0.382653 0.382650 0.382643 0.382621 0.382564 0.382416 0.382055 0.381219 0.379388 0.375609 0.368279 0.354967 0.332410 0.296920 0.245343 0.176514 0.092681 0.000000 
50.000000 39.453055 29.666234 21.235673 14.488366 9.465187 5.981443 3.726779 2.362480 1.589082 1.177492 0.971426 0.874165 0.830800 0.812498 0.805172 0.802386 0.801378 0.801030 0.800915 0.800879 0.800868 0.800865 0.800864 0.800864 0.800864 0.800864 0.800864 0.800864 0.800863 0.800863 0.800863 0.800861 0.800857 0.800843 0.800803 0.800694 0.800412 0.799719 0.798104 0.794541 0.787124 0.772601 0.745935 0.700221 0.627401 0.520243 0.375567 0.197698 0.000000 
50.000000 39.621775 29.991477 21.695688 15.056170 10.113167 6.684968 4.466206 3.123600 2.362480 1.957413 1.754607 1.658882 1.616200 1.598185 1.590975 1.588232 1.587240 1.586897 1.586784 1.586748 1.586738 1.586734 1.586734 1.586733 1.586733 1.586733 1.586733 1.586733 1.586733 1.586733 1.586732 1.586730 1.586721 1.586697 1.586627 1.586435 1.585937 1.584703 1.581804 1.575356 1.561800 1.534953 1.485029 1.398215 1.257778 1.047793 0.759909 0.401440 0.000000 
50.000000 39.919302 30.565041 22.506953 16.057581 11.256043 7.925874 5.770498 4.466206 3.726779 3.333242 3.136200 3.043192 3.001719 2.984215 2.977208 2.974543 2.973578 2.973245 2.973135 2.973100 2.973090 2.973087 2.973086 2.973086 2.973086 2.973086 2.973086 2.973086 2.973086 2.973085 2.973084 2.973080 2.973067 2.973027 2.972914 2.972604 2.971790 2.969763 2.964963 2.954178 2.931252 2.885249 2.798394 2.644728 2.391309 2.004491 1.463155 0.776962 0.000000 
50.000000 40.410850 31.512657 23.847342 17.712211 13.144508 9.976421 7.925874 6.684968 5.981443 5.606996 5.419502 5.330996 5.291529 5.274869 5.268200 5.265663 5.264745 5.264428 5.264324 5.264291 5.264281 5.264278 5.264277 5.264277 5.264277 5.264277 5.264277 5.264277 5.264276 5.264276 5.264274 5.264268 5.264249 5.264191 5.264024 5.263564 5.262351 5.259306 5.252029 5.235508 5.199939 5.127480 4.988210 4.736585 4.311456 3.644832 2.685311 1.437275 0.000000 
50.000000 41.170151 32.976485 25.917974 20.268387 16.062057 13.144508 11.256043 10.113167 9.465187 9.120283 8.947572 8.866039 8.829678 8.814329 8.808184 8.805846 8.805000 8.804708 8.804612 8.804581 8.804572 8.804569 8.804569 8.804568 8.804568 8.804568 8.804568 8.804568 8.804568 8.804567 8.804565 8.804557 8.804532 8.804455 8.804233 8.803617 8.801983 8.797848 8.787874 8.764966 8.714952 8.611315 8.407923 8.031029 7.374644 6.308315 4.712194 2.554578 0.000000 
50.000000 42.264729 35.086719 28.903056 23.953576 20.268387 17.712211 16.057581 15.056170 14.488366 14.186119 14.034758 13.963299 13.931429 13.917975 13.912588 13.910539 13.909796 13.909540 13.909456 13.909429 13.909421 13.909419 13.909418 13.909418 13.909418 13.909418 13.909418 13.909418 13.909418 13.909417 13.909414 13.909405 13.909375 13.909285 13.909022 13.908290 13.906334 13.901347 13.889199 13.860965 13.798392 13.666273 13.400755 12.893744 11.976788 10.416039 7.946978 4.404118 0.000000 
50.000000 43.734726 37.920769 32.912125 28.903056 25.917974 23.847342 22.506953 21.695688 21.235673 20.990789 20.868148 20.810244 20.784418 20.773514 20.769148 20.767487 20.766885 20.766677 20.766609 20.766587 20.766581 20.766579 20.766578 20.766578 20.766578 20.766578 20.766578 20.766578 20.766578 20.766577 20.766574 20.766565 20.766535 20.766443 20.766175 20.765422 20.763401 20.758210 20.745446 20.715430 20.647895 20.502462 20.202509 19.609659 18.487017 16.456063 12.979379 7.490336 0.000000 
50.000000 45.571180 41.461363 37.920769 35.086719 32.976485 31.512657 30.565041 29.991477 29.666234 29.493086 29.406367 29.365421 29.347157 29.339445 29.336358 29.335183 29.334757 29.334610 29.334562 29.334547 29.334542 29.334541 29.334540 29.334540 29.334540 29.334540 29.334540 29.334540 29.334540 29.334539 29.334537 29.334529 29.334504 29.334428 29.334204 29.333573 29.331872 29.327473 29.316572 29.290667 29.231568 29.101886 28.827346 28.264291 27.139740 24.941390 20.730681 12.944305 0.000000 
50.000000 47.702865 45.571180 43.734726 42.264729 41.170151 40.410850 39.919302 39.621775 39.453055 39.363232 39.318244 39.297001 39.287525 39.283524 39.281922 39.281312 39.281092 39.281015 39.280990 39.280982 39.280980 39.280979 39.280979 39.280979 39.280979 39.280979 39.280979 39.280979 39.280979 39.280978 39.280977 39.280973 39.280958 39.280915 39.280786 39.280424 39.279444 39.276897 39.270551 39.255357 39.220334 39.142340 38.973576 38.615574 37.860611 36.244390 32.626875 23.851432 0.000000 
50.000000 50.000000 50.000000 50.000000 50.000000 50.000000 50.000000 50.000000 50.000000 50.000000 50.000000 50.000000 50.000000 50.000000 50.000000 50.000000 50.000000 50.000000 50.000000 50.000000 50.000000 50.000000 50.000000 50.000000 50.000000 50.000000 50.000000 50.000000 50.000000 50.000000 50.000000 50.000000 50.000000 50.000000 50.000000 50.000000 50.000000 50.000000 50.000000 50.000000 50.000000 50.000000 50.000000 50.000000 50.000000 50.000000 50.000000 50.000000 50.000000 50.000000 
