50.000000 50.000000 50.000000 50.000000 50.000000 50.000000 50.000000 50.000000 50.000000 50.000000 50.000000 50.000000 50.000000 50.000000 50.000000 50.000000 50.000000 50.000000 50.000000 50.000000 50.000000 50.000000 50.000000 50.000000 50.000000 50.000000 50.000000 50.000000 50.000000 50.000000 50.000000 50.000000 50.000000 50.000000 50.000000 50.000000 50.000000 50.000000 50.000000 50.000000 50.000000 50.000000 50.000000 50.000000 50.000000 50.000000 50.000000 50.000000 50.000000 50.000000 
50.000000 48.548797 47.163682 45.901725 44.804008 43.892102 43.168351 42.619306 42.220980 41.944451 41.760628 41.643539 41.572020 41.530100 41.506501 41.493732 41.487086 41.483756 41.482148 41.481400 41.481063 41.480917 41.480856 41.480831 41.480821 41.480818 41.480816 41.480814 41.480810 41.480801 41.480779 41.480723 41.480593 41.480292 41.479619 41.478158 41.475077 41.468760 41.456153 41.431622 41.384985 41.298055 41.138429 40.847635 40.316585 39.329303 37.418332 33.447957 24.274398 0.000000 
50.000000 47.163682 44.456533 41.990097 39.844667 38.062401 36.647879 35.574815 34.796324 34.255877 33.896618 33.667783 33.528013 33.446087 33.399968 33.375014 33.362026 33.355518 33.352376 33.350913 33.350256 33.349971 33.349851 33.349802 33.349783 33.349776 33.349772 33.349769 33.349762 33.349745 33.349704 33.349602 33.349362 33.348809 33.347575 33.344902 33.339278 33.327784 33.304935 33.260714 33.177238 33.023168 32.744230 32.246702 31.367600 29.818943 27.082716 22.228267 13.715725 0.000000 
50.000000 45.901725 41.990097 38.426291 35.326329 32.751123 30.707290 29.156839 28.032025 27.251161 26.732093 26.401470 26.199532 26.081168 26.014539 25.978488 25.959724 25.950322 25.945783 25.943669 25.942720 25.942308 25.942135 25.942065 25.942037 25.942026 25.942021 25.942017 25.942008 25.941986 25.941932 25.941799 25.941485 25.940765 25.939161 25.935699 25.928445 25.913687 25.884531 25.828545 25.723940 25.533507 25.195138 24.607223 23.606594 21.937157 19.213146 14.907381 8.483393 0.000000 
50.000000 44.804008 39.844667 35.326329 31.396093 28.131188 25.539995 23.574342 22.148326 21.158379 20.500337 20.081202 19.825207 19.675162 19.590700 19.545002 19.521218 19.509300 19.503547 19.500868 19.499665 19.499143 19.498924 19.498835 19.498800 19.498786 19.498780 19.498775 19.498765 19.498740 19.498680 19.498534 19.498189 19.497399 19.495648 19.491881 19.484026 19.468145 19.437004 19.377766 19.268406 19.072381 18.731071 18.153754 17.205740 15.698047 13.389172 10.025724 5.474706 0.000000 
50.000000 43.892102 38.062401 32.751123 28.131188 24.293376 21.247529 18.937010 17.260833 16.097243 15.323791 14.831157 14.530278 14.353930 14.254665 14.200958 14.173006 14.159001 14.152240 14.149093 14.147679 14.147065 14.146808 14.146704 14.146662 14.146646 14.146639 14.146634 14.146624 14.146600 14.146541 14.146397 14.146060 14.145291 14.143591 14.139953 14.132409 14.117259 14.087795 14.032317 13.931184 13.752745 13.448177 12.945809 12.146688 10.925448 9.144529 6.694801 3.575517 0.000000 
50.000000 43.168351 36.647879 30.707290 25.539995 21.247529 17.840890 15.256720 13.382051 12.080694 11.215684 10.664747 10.328267 10.131058 10.020053 9.959996 9.928741 9.913081 9.905521 9.902002 9.900421 9.899735 9.899448 9.899331 9.899285 9.899267 9.899260 9.899254 9.899245 9.899223 9.899170 9.899042 9.898741 9.898058 9.896556 9.893355 9.886758 9.873602 9.848237 9.800963 9.715854 9.567950 9.320125 8.920445 8.301720 7.386241 6.100066 4.401178 2.320716 0.000000 
50.000000 42.619306 35.574815 29.156839 23.574342 18.937010 15.256720 12.465005 10.439806 9.033981 8.099550 7.504410 7.140943 6.927922 6.808020 6.743152 6.709393 6.692480 6.684315 6.680514 6.678807 6.678066 6.677756 6.677630 6.677580 6.677561 6.677553 6.677548 6.677540 6.677522 6.677478 6.677372 6.677124 6.676564 6.675335 6.672733 6.667400 6.656844 6.636660 6.599416 6.533155 6.419612 6.232502 5.936595 5.488833 4.843271 3.961701 2.830585 1.480877 0.000000 
50.000000 42.220980 34.796324 28.032025 22.148326 17.260833 13.382051 10.439806 8.305442 6.823861 5.839095 5.211910 4.828880 4.604399 4.478050 4.409696 4.374124 4.356302 4.347700 4.343695 4.341897 4.341116 4.340789 4.340656 4.340604 4.340584 4.340576 4.340571 4.340565 4.340551 4.340517 4.340435 4.340244 4.339815 4.338878 4.336903 4.332881 4.324974 4.309978 4.282568 4.234331 4.152721 4.020194 3.814101 3.508088 3.075945 2.498518 1.773156 0.922926 0.000000 
50.000000 41.944451 34.255877 27.251161 21.158379 16.097243 12.080694 9.033981 6.823861 5.289717 4.270030 3.620616 3.224018 2.991591 2.860771 2.790000 2.753172 2.734721 2.725815 2.721669 2.719807 2.718999 2.718661 2.718523 2.718469 2.718448 2.718440 2.718436 2.718431 2.718421 2.718396 2.718337 2.718199 2.717890 2.717219 2.715811 2.712961 2.707395 2.696918 2.677934 2.644858 2.589529 2.500825 2.364840 2.166059 1.889973 1.527221 1.078640 0.559466 0.000000 
50.000000 41.760628 33.896618 26.732093 20.500337 15.323791 11.215684 8.099550 5.839095 4.270030 3.227147 2.562970 2.157362 1.919658 1.785871 1.713496 1.675834 1.656966 1.647858 1.643619 1.641715 1.640889 1.640543 1.640402 1.640347 1.640326 1.640318 1.640314 1.640310 1.640303 1.640286 1.640245 1.640152 1.639942 1.639488 1.638541 1.636633 1.632931 1.626012 1.613574 1.592096 1.556528 1.500133 1.414721 1.291474 1.122571 0.903547 0.635904 0.329006 0.000000 
50.000000 41.643539 33.667783 26.401470 20.081202 14.831157 10.664747 7.504410 5.211910 3.620616 2.562970 1.889397 1.478057 1.236997 1.101323 1.027928 0.989736 0.970602 0.961367 0.957068 0.955138 0.954300 0.953949 0.953807 0.953751 0.953729 0.953721 0.953718 0.953715 0.953710 0.953699 0.953673 0.953612 0.953477 0.953186 0.952582 0.951372 0.949036 0.944699 0.936958 0.923699 0.901932 0.867751 0.816510 0.743362 0.644199 0.516939 0.362848 0.187386 0.000000 
50.000000 41.572020 33.528013 26.199532 19.825207 14.530278 10.328267 7.140943 4.828880 3.224018 2.157362 1.478057 1.063219 0.820113 0.683288 0.609271 0.570756 0.551461 0.542147 0.537813 0.535866 0.535021 0.534667 0.534523 0.534467 0.534446 0.534437 0.534434 0.534432 0.534429 0.534422 0.534406 0.534369 0.534286 0.534109 0.533743 0.533012 0.531610 0.529021 0.524431 0.516623 0.503906 0.484099 0.454664 0.413020 0.357062 0.285845 0.200229 0.103260 0.000000 
50.000000 41.530100 33.446087 26.081168 19.675162 14.353930 10.131058 6.927922 4.604399 2.991591 1.919658 1.236997 0.820113 0.575808 0.438310 0.363930 0.325225 0.305835 0.296477 0.292121 0.290164 0.289316 0.288960 0.288815 0.288759 0.288737 0.288729 0.288726 0.288724 0.288722 0.288718 0.288709 0.288687 0.288639 0.288536 0.288324 0.287904 0.287100 0.285625 0.283025 0.278630 0.271518 0.260522 0.244300 0.221521 0.191136 0.152724 0.106809 0.055023 0.000000 
50.000000 41.506501 33.399968 26.014539 19.590700 14.254665 10.020053 6.808020 4.478050 2.860771 1.785871 1.101323 0.683288 0.438310 0.300433 0.225849 0.187038 0.167596 0.158211 0.153844 0.151882 0.151031 0.150674 0.150529 0.150473 0.150451 0.150443 0.150440 0.150439 0.150437 0.150435 0.150430 0.150417 0.150391 0.150334 0.150217 0.149985 0.149545 0.148741 0.147331 0.144960 0.141147 0.135287 0.126698 0.114711 0.098819 0.078839 0.055066 0.028343 0.000000 
50.000000 41.493732 33.375014 25.978488 19.545002 14.200958 9.959996 6.743152 4.409696 2.790000 1.713496 1.027928 0.609271 0.363930 0.225849 0.151155 0.112287 0.092815 0.083417 0.079043 0.077078 0.076226 0.075869 0.075724 0.075667 0.075645 0.075637 0.075634 0.075633 0.075632 0.075631 0.075628 0.075622 0.075608 0.075577 0.075515 0.075393 0.075162 0.074742 0.074009 0.072781 0.070818 0.067816 0.063441 0.057367 0.049354 0.039326 0.027440 0.014114 0.000000 
50.000000 41.487086 33.362026 25.959724 19.521218 14.173006 9.928741 6.709393 4.374124 2.753172 1.675834 0.989736 0.570756 0.325225 0.187038 0.112287 0.073389 0.053903 0.044497 0.040120 0.038154 0.037301 0.036943 0.036798 0.036741 0.036720 0.036712 0.036709 0.036708 0.036707 0.036707 0.036705 0.036702 0.036694 0.036679 0.036648 0.036586 0.036470 0.036259 0.035892 0.035282 0.034309 0.032830 0.030682 0.027716 0.023818 0.018959 0.013218 0.006795 0.000000 
50.000000 41.483756 33.355518 25.950322 19.509300 14.159001 9.913081 6.692480 4.356302 2.734721 1.656966 0.970602 0.551461 0.305835 0.167596 0.092815 0.053903 0.034409 0.025000 0.020621 0.018654 0.017801 0.017444 0.017298 0.017242 0.017220 0.017212 0.017209 0.017208 0.017207 0.017207 0.017206 0.017205 0.017201 0.017194 0.017178 0.017148 0.017092 0.016990 0.016814 0.016522 0.016058 0.015355 0.014339 0.012941 0.011111 0.008837 0.006156 0.003163 0.000000 
50.000000 41.482148 33.352376 25.945783 19.503547 14.152240 9.905521 6.684315 4.347700 2.725815 1.647858 0.961367 0.542147 0.296477 0.158211 0.083417 0.044498 0.025000 0.015590 0.011210 0.009243 0.008389 0.008032 0.007886 0.007829 0.007808 0.007800 0.007797 0.007796 0.007796 0.007795 0.007795 0.007794 0.007792 0.007789 0.007782 0.007768 0.007742 0.007694 0.007613 0.007478 0.007265 0.006943 0.006479 0.005843 0.005013 0.003984 0.002774 0.001425 0.000000 
50.000000 41.481400 33.350913 25.943669 19.500868 14.149093 9.902002 6.680514 4.343695 2.721669 1.643619 0.957069 0.537813 0.292121 0.153844 0.079043 0.040120 0.020621 0.011210 0.006830 0.004862 0.004009 0.003651 0.003506 0.003449 0.003427 0.003419 0.003416 0.003415 0.003415 0.003415 0.003415 0.003414 0.003414 0.003412 0.003409 0.003402 0.003391 0.003370 0.003333 0.003273 0.003179 0.003036 0.002832 0.002552 0.002188 0.001738 0.001209 0.000621 0.000000 
50.000000 41.481063 33.350256 25.942720 19.499665 14.147679 9.900421 6.678807 4.341897 2.719807 1.641715 0.955138 0.535866 0.290164 0.151882 0.077078 0.038154 0.018655 0.009243 0.004862 0.002895 0.002041 0.001684 0.001538 0.001482 0.001460 0.001452 0.001449 0.001448 0.001448 0.001448 0.001447 0.001447 0.001447 0.001446 0.001445 0.001442 0.001437 0.001428 0.001412 0.001386 0.001346 0.001285 0.001198 0.001079 0.000924 0.000734 0.000510 0.000262 0.000000 
50.000000 41.480917 33.349971 25.942308 19.499143 14.147066 9.899736 6.678067 4.341117 2.719000 1.640890 0.954301 0.535022 0.289316 0.151031 0.076227 0.037301 0.017802 0.008390 0.004009 0.002042 0.001188 0.000830 0.000685 0.000628 0.000607 0.000599 0.000596 0.000595 0.000595 0.000594 0.000594 0.000594 0.000594 0.000594 0.000593 0.000592 0.000590 0.000586 0.000580 0.000569 0.000552 0.000527 0.000491 0.000442 0.000379 0.000300 0.000209 0.000107 0.000000 
50.000000 41.480856 33.349852 25.942136 19.498925 14.146809 9.899449 6.677757 4.340790 2.718662 1.640544 0.953950 0.534669 0.288961 0.150675 0.075870 0.036945 0.017445 0.008033 0.003652 0.001685 0.000831 0.000474 0.000328 0.000272 0.000250 0.000242 0.000239 0.000238 0.000238 0.000238 0.000238 0.000237 0.000237 0.000237 0.000237 0.000237 0.000236 0.000234 0.000232 0.000227 0.000220 0.000210 0.000196 0.000176 0.000151 0.000120 0.000083 0.000043 0.000000 
50.000000 41.480832 33.349804 25.942067 19.498838 14.146707 9.899334 6.677634 4.340660 2.718527 1.640406 0.953811 0.534528 0.288820 0.150534 0.075728 0.036803 0.017303 0.007891 0.003510 0.001543 0.000689 0.000331 0.000186 0.000129 0.000108 0.000100 0.000097 0.000096 0.000095 0.000095 0.000095 0.000095 0.000095 0.000095 0.000095 0.000095 0.000095 0.000094 0.000093 0.000091 0.000088 0.000084 0.000078 0.000071 0.000060 0.000048 0.000033 0.000017 0.000000 
50.000000 41.480824 33.349788 25.942044 19.498808 14.146672 9.899295 6.677591 4.340615 2.718481 1.640359 0.953763 0.534479 0.288771 0.150485 0.075679 0.036754 0.017254 0.007842 0.003461 0.001494 0.000640 0.000282 0.000137 0.000080 0.000059 0.000051 0.000048 0.000047 0.000046 0.000046 0.000046 0.000046 0.000046 0.000046 0.000046 0.000046 0.000046 0.000046 0.000045 0.000044 0.000043 0.000041 0.000038 0.000034 0.000029 0.000023 0.000016 0.000008 0.000000 
50.000000 41.480824 33.349788 25.942044 19.498808 14.146672 9.899295 6.677591 4.340615 2.718481 1.640359 0.953763 0.534479 0.288771 0.150485 0.075679 0.036754 0.017254 0.007842 0.003461 0.001494 0.000640 0.000282 0.000137 0.000080 0.000059 0.000051 0.000048 0.000047 0.000046 0.000046 0.000046 0.000046 0.000046 0.000046 0.000046 0.000046 0.000046 0.000046 0.000045 0.000044 0.000043 0.000041 0.000038 0.000034 0.000029 0.000023 0.000016 0.000008 0.000000 
50.000000 41.480832 33.349804 25.942067 19.498838 14.146707 9.899334 6.677634 4.340660 2.718527 1.640406 0.953811 0.534528 0.288820 0.150534 0.075728 0.036803 0.017303 0.007891 0.003510 0.001543 0.000689 0.000331 0.000186 0.000129 0.000108 0.000100 0.000097 0.000096 0.000095 0.000095 0.000095 0.000095 0.000095 0.000095 0.000095 0.000095 0.000095 0.000094 0.000093 0.000091 0.000088 0.000084 0.000078 0.000071 0.000060 0.000048 0.000033 0.000017 0.000000 
50.000000 41.480856 33.349852 25.942136 19.498925 14.146809 9.899449 6.677757 4.340790 2.718662 1.640544 0.953950 0.534669 0.288961 0.150675 0.075870 0.036945 0.017445 0.008033 0.003652 0.001685 0.000831 0.000474 0.000328 0.000272 0.000250 0.000242 0.000239 0.000238 0.000238 0.000238 0.000238 0.000237 0.000237 0.000237 0.000237 0.000237 0.000236 0.000234 0.000232 0.000227 0.000220 0.000210 0.000196 0.000176 0.000151 0.000120 0.000083 0.000043 0.000000 
50.000000 41.480917 33.349971 25.942308 19.499143 14.147066 9.899736 6.678067 4.341117 2.719000 1.640890 0.954301 0.535022 0.289316 0.151031 0.076227 0.037301 0.017802 0.008390 0.004009 0.002042 0.001188 0.000830 0.000685 0.000628 0.000607 0.000599 0.000596 0.000595 0.000595 0.000594 0.000594 0.000594 0.000594 0.000594 0.000593 0.000592 0.000590 0.000586 0.000580 0.000569 0.000552 0.000527 0.000491 0.000442 0.000379 0.000300 0.000209 0.000107 0.000000 
50.000000 41.481063 33.350256 25.942720 19.499665 14.147679 9.900421 6.678807 4.341897 2.719807 1.641715 0.955138 0.535866 0.290164 0.151882 0.077078 0.038154 0.018655 0.009243 0.004862 0.002895 0.002041 0.001684 0.001538 0.001482 0.001460 0.001452 0.001449 0.001448 0.001448 0.001448 0.001447 0.001447 0.001447 0.001446 0.001445 0.001442 0.001437 0.001428 0.001412 0.001386 0.001346 0.001285 0.001198 0.001079 0.000924 0.000734 0.000510 0.000262 0.000000 
50.000000 41.481400 33.350913 25.943669 19.500868 14.149093 9.902002 6.680514 4.343695 2.721669 1.643619 0.957069 0.537813 0.292121 0.153844 0.079043 0.040120 0.020621 0.011210 0.006830 0.004862 0.004009 0.003651 0.003506 0.003449 0.003427 0.003419 0.003416 0.003415 0.003415 0.003415 0.003415 0.003414 0.003414 0.003412 0.003409 0.003402 0.003391 0.003370 0.003333 0.003273 0.003179 0.003036 0.002832 0.002552 0.002188 0.001738 0.001209 0.000621 0.000000 
50.000000 41.482148 33.352376 25.945783 19.503547 14.152240 9.905521 6.684315 4.347700 2.725815 1.647858 0.961367 0.542147 0.296477 0.158211 0.083417 0.044498 0.025000 0.015590 0.011210 0.009243 0.008389 0.008032 0.007886 0.007829 0.007808 0.007800 0.007797 0.007796 0.007796 0.007795 0.007795 0.007794 0.007792 0.007789 0.007782 0.007768 0.007742 0.007694 0.007613 0.007478 0.007265 0.006943 0.006479 0.005843 0.005013 0.003984 0.002774 0.001425 0.000000 
50.000000 41.483756 33.355518 25.950322 19.509300 14.159001 9.913081 6.692480 4.356302 2.734721 1.656966 0.970602 0.551461 0.305835 0.167596 0.092815 0.053903 0.034409 0.025000 0.020621 0.018654 0.017801 0.017444 0.017298 0.017242 0.017220 0.017212 0.017209 0.017208 0.017207 0.017207 0.017206 0.017205 0.017201 0.017194 0.017178 0.017148 0.017092 0.016990 0.016814 0.016522 0.016058 0.015355 0.014339 0.012941 0.011111 0.008837 0.006156 0.003163 0.000000 
50.000000 41.487086 33.362026 25.959724 19.521218 14.173006 9.928741 6.709393 4.374124 2.753172 1.675834 0.989736 0.570756 0.325225 0.187038 0.112287 0.073389 0.053903 0.044497 0.040120 0.038154 0.037301 0.036943 0.036798 0.036741 0.036720 0.036712 0.036709 0.036708 0.036707 0.036707 0.036705 0.036702 0.036694 0.036679 0.036648 0.036586 0.036470 0.036259 0.035892 0.035282 0.034309 0.032830 0.030682 0.027716 0.023818 0.018959 0.013218 0.006795 0.000000 
50.000000 41.493732 33.375014 25.978488 19.545002 14.200958 9.959996 6.743152 4.409696 2.790000 1.713496 1.027928 0.609271 0.363930 0.225849 0.151155 0.112287 0.092815 0.083417 0.079043 0.077078 0.076226 0.075869 0.075724 0.075667 0.075645 0.075637 0.075634 0.075633 0.075632 0.075631 0.075628 0.075622 0.075608 0.075577 0.075515 0.075393 0.075162 0.074742 0.074009 0.072781 0.070818 0.067816 0.063441 0.057367 0.049354 0.039326 0.027440 0.014114 0.000000 
50.000000 41.506501 33.399968 26.014539 19.590700 14.254665 10.020053 6.808020 4.478050 2.860771 1.785871 1.101323 0.683288 0.438310 0.300433 0.225849 0.187038 0.167596 0.158211 0.153844 0.151882 0.151031 0.150674 0.150529 0.150473 0.150451 0.150443 0.150440 0.150439 0.150437 0.150435 0.150430 0.150417 0.150391 0.150334 0.150217 0.149985 0.149545 0.148741 0.147331 0.144960 0.141147 0.135287 0.126698 0.114711 0.098819 0.078839 0.055066 0.028343 0.000000 
50.000000 41.530100 33.446087 26.081168 19.675162 14.353930 10.131058 6.927922 4.604399 2.991591 1.919658 1.236997 0.820113 0.575808 0.438310 0.363930 0.325225 0.305835 0.296477 0.292121 0.290164 0.289316 0.288960 0.288815 0.288759 0.288737 0.288729 0.288726 0.288724 0.288722 0.288718 0.288709 0.288687 0.288639 0.288536 0.288324 0.287904 0.287100 0.285625 0.283025 0.278630 0.271518 0.260522 0.244300 0.221521 0.191136 0.152724 0.106809 0.055023 0.000000 
50.000000 41.572020 33.528013 26.199532 19.825207 14.530278 10.328267 7.140943 4.828880 3.224018 2.157362 1.478057 1.063219 0.820113 0.683288 0.609271 0.570756 0.551461 0.542147 0.537813 0.535866 0.535021 0.534667 0.534523 0.534467 0.534446 0.534437 0.534434 0.534432 0.534429 0.534422 0.534406 0.534369 0.534286 0.534109 0.533743 0.533012 0.531610 0.529021 0.524431 0.516623 0.503906 0.484099 0.454664 0.413020 0.357062 0.285845 0.200229 0.103260 0.000000 
50.000000 41.643539 33.667783 26.401470 20.081202 14.831157 10.664747 7.504410 5.211910 3.620616 2.562970 1.889397 1.478057 1.236997 1.101323 1.027928 0.989736 0.970602 0.961367 0.957068 0.955138 0.954300 0.953949 0.953807 0.953751 0.953729 0.953721 0.953718 0.953715 0.953710 0.953699 0.953673 0.953612 0.953477 0.953186 0.952582 0.951372 0.949036 0.944699 0.936958 0.923699 0.901932 0.867751 0.816510 0.743362 0.644199 0.516939 0.362848 0.187386 0.000000 
50.000000 41.760628 33.896618 26.732093 20.500337 15.323791 11.215684 8.099550 5.839095 4.270030 3.227147 2.562970 2.157362 1.919658 1.785871 1.713496 1.675834 1.656966 1.647858 1.643619 1.641715 1.640889 1.640543 1.640402 1.640347 1.640326 1.640318 1.640314 1.640310 1.640303 1.640286 1.640245 1.640152 1.639942 1.639488 1.638541 1.636633 1.632931 1.626012 1.613574 1.592096 1.556528 1.500133 1.414721 1.291474 1.122571 0.903547 0.635904 0.329006 0.000000 
50.000000 41.944451 34.255877 27.251161 21.158379 16.097243 12.080694 9.033981 6.823861 5.289717 4.270030 3.620616 3.224018 2.991591 2.860771 2.790000 2.753172 2.734721 2.725815 2.721669 2.719807 2.718999 2.718661 2.718523 2.718469 2.718448 2.718440 2.718436 2.718431 2.718421 2.718396 2.718337 2.718199 2.717890 2.717219 2.715811 2.712961 2.707395 2.696918 2.677934 2.644858 2.589529 2.500825 2.364840 2.166059 1.889973 1.527221 1.078640 0.559466 0.000000 
50.000000 42.220980 34.796324 28.032025 22.148326 17.260833 13.382051 10.439806 8.305442 6.823861 5.839095 5.211910 4.828880 4.604399 4.478050 4.409696 4.374124 4.356302 4.347700 4.343695 4.341897 4.341116 4.340789 4.340656 4.340604 4.340584 4.340576 4.340571 4.340565 4.340551 4.340517 4.340435 4.340244 4.339815 4.338878 4.336903 4.332881 4.324974 4.309978 4.282568 4.234331 4.152721 4.020194 3.814101 3.508088 3.075945 2.498518 1.773156 0.922926 0.000000 
50.000000 42.619306 35.574815 29.156839 23.574342 18.937010 15.256720 12.465005 10.439806 9.033981 8.099550 7.504410 7.140943 6.927922 6.808020 6.743152 6.709393 6.692480 6.684315 6.680514 6.678807 6.678066 6.677756 6.677630 6.677580 6.677561 6.677553 6.677548 6.677540 6.677522 6.677478 6.677372 6.677124 6.676564 6.675335 6.672733 6.667400 6.656844 6.636660 6.599416 6.533155 6.419612 6.232502 5.936595 5.488833 4.843271 3.961701 2.830585 1.480877 0.000000 
50.000000 43.168351 36.647879 30.707290 25.539995 21.247529 17.840890 15.256720 13.382051 12.080694 11.215684 10.664747 10.328267 10.131058 10.020053 9.959996 9.928741 9.913081 9.905521 9.902002 9.900421 9.899735 9.899448 9.899331 9.899285 9.899267 9.899260 9.899254 9.899245 9.899223 9.899170 9.899042 9.898741 9.898058 9.896556 9.893355 9.886758 9.873602 9.848237 9.800963 9.715854 9.567950 9.320125 8.920445 8.301720 7.386241 6.100066 4.401178 2.320716 0.000000 
50.000000 43.892102 38.062401 32.751123 28.131188 24.293376 21.247529 18.937010 17.260833 16.097243 15.323791 14.831157 14.530278 14.353930 14.254665 14.200958 14.173006 14.159001 14.152240 14.149093 14.147679 14.147065 14.146808 14.146704 14.146662 14.146646 14.146639 14.146634 14.146624 14.146600 14.146541 14.146397 14.146060 14.145291 14.143591 14.139953 14.132409 14.117259 14.087795 14.032317 13.931184 13.752745 13.448177 12.945809 12.146688 10.925448 9.144529 6.694801 3.575517 0.000000 
50.000000 44.804008 39.844667 35.326329 31.396093 28.131188 25.539995 23.574342 22.148326 21.158379 20.500337 20.081202 19.825207 19.675162 19.590700 19.545002 19.521218 19.509300 19.503547 19.500868 19.499665 19.499143 19.498924 19.498835 19.498800 19.498786 19.498780 19.498775 19.498765 19.498740 19.498680 19.498534 19.498189 19.497399 19.495648 19.491881 19.484026 19.468145 19.437004 19.377766 19.268406 19.072381 18.731071 18.153754 17.205740 15.698047 13.389172 10.025724 5.474706 0.000000 
50.000000 45.901725 41.990097 38.426291 35.326329 32.751123 30.707290 29.156839 28.032025 27.251161 26.732093 26.401470 26.199532 26.081168 26.014539 25.978488 25.959724 25.950322 25.945783 25.943669 25.942720 25.942308 25.942135 25.942065 25.942037 25.942026 25.942021 25.942017 25.942008 25.941986 25.941932 25.941799 25.941485 25.940765 25.939161 25.935699 25.928445 25.913687 25.884531 25.828545 25.723940 25.533507 25.195138 24.607223 23.606594 21.937157 19.213146 14.907381 8.483393 0.000000 
50.000000 47.163682 44.456533 41.990097 39.844667 38.062401 36.647879 35.574815 34.796324 34.255877 33.896618 33.667783 33.528013 33.446087 33.399968 33.375014 33.362026 33.355518 33.352376 33.350913 33.350256 33.349971 33.349851 33.349802 33.349783 33.349776 33.349772 33.349769 33.349762 33.349745 33.349704 33.349602 33.349362 33.348809 33.347575 33.344902 33.339278 33.327784 33.304935 33.260714 33.177238 33.023168 32.744230 32.246702 31.367600 29.818943 27.082716 22.228267 13.715725 0.000000 
50.000000 48.548797 47.163682 45.901725 44.804008 43.892102 43.168351 42.619306 42.220980 41.944451 41.760628 41.643539 41.572020 41.530100 41.506501 41.493732 41.487086 41.483756 41.482148 41.481400 41.481063 41.480917 41.480856 41.480831 41.480821 41.480818 41.480816 41.480814 41.480810 41.480801 41.480779 41.480723 41.480593 41.480292 41.479619 41.478158 41.475077 41.468760 41.456153 41.431622 41.384985 41.298055 41.138429 40.847635 40.316585 39.329303 37.418332 33.447957 24.274398 0.000000 
50.000000 50.000000 50.000000 50.000000 50.000000 50.000000 50.000000 50.000000 50.000000 50.000000 50.000000 50.000000 50.000000 50.000000 50.000000 50.000000 50.000000 50.000000 50.000000 50.000000 50.000000 50.000000 50.000000 50.000000 50.000000 50.000000 50.000000 50.000000 50.000000 50.000000 50.000000 50.000000 50.000000 50.000000 50.000000 50.000000 50.000000 50.000000 50.000000 50.000000 50.000000 50.000000 50.000000 50.000000 50.000000 50.000000 50.000000 50.000000 50.000000 50.000000 
