50.000000 50.000000 50.000000 50.000000 50.000000 50.000000 50.000000 50.000000 50.000000 50.000000 50.000000 50.000000 50.000000 50.000000 50.000000 50.000000 50.000000 50.000000 50.000000 50.000000 50.000000 50.000000 50.000000 50.000000 50.000000 50.000000 50.000000 50.000000 50.000000 50.000000 50.000000 50.000000 50.000000 50.000000 50.000000 50.000000 50.000000 50.000000 50.000000 50.000000 50.000000 50.000000 50.000000 50.000000 50.000000 50.000000 50.000000 50.000000 50.000000 50.000000 
50.000000 48.546146 47.158622 45.894689 44.795539 43.882754 43.158613 42.609548 42.211439 41.935241 41.751770 41.634998 41.563734 41.522001 41.498530 41.485844 41.479247 41.475946 41.474353 41.473613 41.473281 41.473137 41.473077 41.473052 41.473043 41.473039 41.473037 41.473035 41.473032 41.473023 41.473000 41.472946 41.472817 41.472519 41.471852 41.470403 41.467344 41.461065 41.448522 41.424099 41.377629 41.290951 41.131690 40.841396 40.311007 39.324557 37.414589 33.445367 24.273073 0.000000 
50.000000 47.158622 44.446880 41.976687 39.828545 38.044638 36.629415 35.556358 34.778324 34.238547 33.879992 33.651786 33.512519 33.430962 33.385096 33.360304 33.347414 33.340962 33.337851 33.336404 33.335755 33.335473 33.335356 33.335308 33.335289 33.335282 33.335278 33.335275 33.335268 33.335252 33.335211 33.335110 33.334873 33.334325 33.333103 33.330451 33.324868 33.313444 33.290717 33.246695 33.163531 33.009932 32.731672 32.235077 31.357206 29.810101 27.075742 22.223440 13.713255 0.000000 
50.000000 45.894689 41.976687 38.407693 35.304021 32.726618 30.681908 29.131573 28.007494 27.227650 26.709635 26.379943 26.178745 26.060923 25.994663 25.958848 25.940227 25.930907 25.926413 25.924323 25.923385 25.922979 25.922809 25.922740 25.922712 25.922702 25.922697 25.922692 25.922684 25.922662 25.922608 25.922477 25.922167 25.921454 25.919866 25.916433 25.909231 25.894569 25.865575 25.809854 25.705666 25.515859 25.178394 24.591724 23.592736 21.925367 19.203847 14.900945 8.480100 0.000000 
50.000000 44.795539 39.828545 35.304021 31.369424 28.102016 25.509936 23.544599 22.119640 21.131072 20.474422 20.056504 19.801469 19.652124 19.568137 19.522743 19.499141 19.487329 19.481633 19.478984 19.477796 19.477281 19.477065 19.476978 19.476943 19.476930 19.476924 19.476919 19.476909 19.476885 19.476826 19.476681 19.476340 19.475559 19.473825 19.470091 19.462296 19.446522 19.415564 19.356626 19.247738 19.052421 18.712132 18.136223 17.190066 15.684712 13.378654 10.018444 5.470981 0.000000 
50.000000 43.882754 38.044638 32.726618 28.102016 24.261643 21.215056 18.905141 17.230372 16.068519 15.296780 14.805625 14.505905 14.330397 14.231700 14.178355 14.150622 14.136742 14.130049 14.126937 14.125540 14.124935 14.124682 14.124579 14.124539 14.124523 14.124516 14.124511 14.124501 14.124478 14.124419 14.124278 14.123944 14.123184 14.121502 14.117896 14.110413 14.095372 14.066094 14.010919 13.910262 13.732541 13.429007 12.928063 12.130821 10.911950 9.133881 6.687432 3.571746 0.000000 
50.000000 43.158613 36.629415 30.681908 25.509936 21.215056 17.807949 15.224724 13.351828 12.052550 11.189547 10.640322 10.305174 10.108925 9.998567 9.938922 9.907913 9.892395 9.884912 9.881433 9.879872 9.879195 9.878912 9.878797 9.878752 9.878735 9.878727 9.878722 9.878713 9.878692 9.878640 9.878513 9.878216 9.877541 9.876055 9.872885 9.866344 9.853289 9.828095 9.781103 9.696436 9.549197 9.302332 8.903975 8.286993 7.373713 6.090184 4.394338 2.317217 0.000000 
50.000000 42.609548 35.556358 29.131573 23.544599 18.905141 15.224724 12.434320 10.411246 9.007812 8.075645 7.482417 7.120425 6.908463 6.789273 6.724856 6.691368 6.674609 6.666528 6.662771 6.661085 6.660355 6.660049 6.659925 6.659876 6.659858 6.659850 6.659845 6.659837 6.659820 6.659776 6.659672 6.659427 6.658873 6.657659 6.655082 6.649799 6.639329 6.619293 6.582292 6.516412 6.403443 6.217160 5.922393 5.476134 4.832467 3.953179 2.824686 1.477859 0.000000 
50.000000 42.211439 34.778324 28.007494 22.119640 17.230372 13.351828 10.411246 8.279324 6.800405 5.818120 5.193009 4.811571 4.588227 4.462640 4.394767 4.359484 4.341827 4.333313 4.329355 4.327580 4.326810 4.326488 4.326358 4.326306 4.326287 4.326279 4.326274 4.326268 4.326254 4.326221 4.326140 4.325952 4.325528 4.324602 4.322649 4.318666 4.310829 4.295953 4.268738 4.220809 4.139662 4.007803 3.802630 3.497831 3.067219 2.491635 1.768392 0.920488 0.000000 
50.000000 41.935241 34.238547 27.227650 21.131072 16.068519 12.052550 9.007812 6.800405 5.269145 4.252112 3.604900 3.209983 2.978752 2.848732 2.778466 2.741939 2.723660 2.714847 2.710750 2.708912 2.708115 2.707782 2.707647 2.707594 2.707574 2.707566 2.707561 2.707557 2.707547 2.707522 2.707464 2.707328 2.707023 2.706360 2.704969 2.702149 2.696636 2.686249 2.667414 2.634573 2.579596 2.491400 2.356114 2.158257 1.883335 1.521984 1.075015 0.557612 0.000000 
50.000000 41.751770 33.879992 26.709635 20.474422 15.296780 11.189547 8.075645 5.818120 4.252112 3.212014 2.550133 2.146272 1.909809 1.776849 1.704995 1.667644 1.648952 1.639941 1.635751 1.633872 1.633058 1.632717 1.632579 1.632524 1.632504 1.632496 1.632492 1.632488 1.632481 1.632465 1.632425 1.632332 1.632125 1.631677 1.630742 1.628856 1.625192 1.618338 1.606007 1.584698 1.549382 1.493353 1.408444 1.285861 1.117796 0.899780 0.633297 0.327671 0.000000 
50.000000 41.634998 33.651786 26.379943 20.056504 14.805625 10.640322 7.482417 5.193009 3.604900 2.550133 1.878925 1.469379 1.229589 1.094761 1.021898 0.984023 0.965070 0.955933 0.951685 0.949779 0.948954 0.948608 0.948468 0.948413 0.948392 0.948384 0.948381 0.948378 0.948373 0.948362 0.948336 0.948277 0.948144 0.947857 0.947261 0.946065 0.943755 0.939463 0.931795 0.918650 0.897056 0.863124 0.812227 0.739532 0.640940 0.514368 0.361069 0.186475 0.000000 
50.000000 41.563734 33.512519 26.178745 19.801469 14.505905 10.305174 7.120425 4.811571 3.209983 2.146272 1.469379 1.056366 0.814550 0.678583 0.605107 0.566913 0.547800 0.538586 0.534302 0.532381 0.531548 0.531200 0.531058 0.531003 0.530982 0.530974 0.530971 0.530969 0.530966 0.530959 0.530943 0.530907 0.530825 0.530651 0.530290 0.529569 0.528183 0.525623 0.521080 0.513347 0.500741 0.481096 0.451885 0.410534 0.354947 0.284176 0.199074 0.102669 0.000000 
50.000000 41.522001 33.430962 26.060923 19.652124 14.330397 10.108925 6.908463 4.588227 2.978752 1.909809 1.229589 0.814550 0.571548 0.434917 0.361081 0.322701 0.303495 0.294236 0.289931 0.288001 0.287164 0.286814 0.286672 0.286616 0.286595 0.286587 0.286584 0.286583 0.286581 0.286577 0.286567 0.286546 0.286499 0.286398 0.286189 0.285774 0.284981 0.283524 0.280953 0.276603 0.269561 0.258664 0.242581 0.219984 0.189828 0.151692 0.106094 0.054657 0.000000 
50.000000 41.498530 33.385096 25.994663 19.568137 14.231700 9.998567 6.789273 4.462640 2.848732 1.776849 1.094761 0.678583 0.434917 0.297911 0.223874 0.185389 0.166132 0.156847 0.152531 0.150595 0.149756 0.149405 0.149263 0.149207 0.149186 0.149178 0.149175 0.149174 0.149173 0.149170 0.149165 0.149153 0.149127 0.149071 0.148956 0.148728 0.148294 0.147500 0.146107 0.143763 0.139991 0.134190 0.125682 0.113803 0.098047 0.078230 0.054645 0.028127 0.000000 
50.000000 41.485844 33.360304 25.958848 19.522743 14.178355 9.938922 6.724856 4.394767 2.778466 1.704995 1.021898 0.605107 0.361081 0.223874 0.149728 0.111187 0.091901 0.082603 0.078281 0.076342 0.075502 0.075150 0.075008 0.074952 0.074931 0.074923 0.074920 0.074919 0.074918 0.074917 0.074914 0.074908 0.074894 0.074864 0.074803 0.074683 0.074456 0.074041 0.073317 0.072106 0.070165 0.067197 0.062867 0.056854 0.048918 0.038982 0.027201 0.013992 0.000000 
50.000000 41.479247 33.347414 25.940227 19.499141 14.150622 9.907913 6.691368 4.359484 2.741939 1.667644 0.984023 0.566913 0.322701 0.185389 0.111187 0.072617 0.053316 0.044011 0.039686 0.037745 0.036905 0.036553 0.036410 0.036354 0.036333 0.036325 0.036323 0.036321 0.036321 0.036320 0.036319 0.036315 0.036308 0.036293 0.036262 0.036202 0.036087 0.035880 0.035518 0.034916 0.033956 0.032494 0.030372 0.027438 0.023582 0.018773 0.013089 0.006729 0.000000 
50.000000 41.475946 33.340962 25.930907 19.487329 14.136742 9.892395 6.674609 4.341827 2.723660 1.648952 0.965070 0.547800 0.303495 0.166132 0.091901 0.053316 0.034009 0.024700 0.020373 0.018432 0.017591 0.017239 0.017096 0.017040 0.017019 0.017011 0.017008 0.017007 0.017007 0.017007 0.017006 0.017004 0.017001 0.016993 0.016978 0.016949 0.016894 0.016794 0.016620 0.016332 0.015875 0.015181 0.014178 0.012797 0.010989 0.008740 0.006089 0.003129 0.000000 
50.000000 41.474353 33.337851 25.926413 19.481633 14.130049 9.884912 6.666528 4.333313 2.714847 1.639941 0.955933 0.538586 0.294236 0.156847 0.082603 0.044011 0.024700 0.015390 0.011062 0.009121 0.008280 0.007927 0.007785 0.007729 0.007708 0.007700 0.007697 0.007696 0.007696 0.007695 0.007695 0.007694 0.007693 0.007689 0.007682 0.007668 0.007643 0.007596 0.007516 0.007383 0.007173 0.006856 0.006399 0.005771 0.004952 0.003936 0.002740 0.001408 0.000000 
50.000000 41.473613 33.336404 25.924323 19.478984 14.126937 9.881433 6.662771 4.329355 2.710750 1.635751 0.951685 0.534302 0.289932 0.152531 0.078281 0.039686 0.020373 0.011062 0.006734 0.004792 0.003951 0.003599 0.003456 0.003400 0.003379 0.003371 0.003369 0.003368 0.003367 0.003367 0.003367 0.003366 0.003366 0.003364 0.003361 0.003355 0.003343 0.003323 0.003287 0.003228 0.003135 0.002995 0.002793 0.002518 0.002159 0.001715 0.001193 0.000613 0.000000 
50.000000 41.473281 33.335755 25.923385 19.477796 14.125541 9.879872 6.661085 4.327580 2.708912 1.633872 0.949779 0.532381 0.288001 0.150595 0.076342 0.037746 0.018432 0.009121 0.004792 0.002851 0.002010 0.001657 0.001515 0.001459 0.001437 0.001430 0.001427 0.001426 0.001426 0.001425 0.001425 0.001425 0.001425 0.001424 0.001423 0.001420 0.001415 0.001406 0.001391 0.001365 0.001326 0.001266 0.001180 0.001063 0.000911 0.000723 0.000503 0.000258 0.000000 
50.000000 41.473137 33.335474 25.922979 19.477281 14.124936 9.879196 6.660355 4.326811 2.708116 1.633058 0.948954 0.531549 0.287165 0.149757 0.075503 0.036905 0.017591 0.008280 0.003952 0.002010 0.001169 0.000816 0.000674 0.000618 0.000597 0.000589 0.000586 0.000585 0.000585 0.000585 0.000585 0.000584 0.000584 0.000584 0.000583 0.000582 0.000580 0.000577 0.000570 0.000560 0.000543 0.000518 0.000483 0.000435 0.000373 0.000296 0.000206 0.000106 0.000000 
50.000000 41.473077 33.335356 25.922809 19.477066 14.124683 9.878913 6.660050 4.326489 2.707783 1.632718 0.948609 0.531201 0.286815 0.149407 0.075152 0.036554 0.017240 0.007929 0.003600 0.001659 0.000817 0.000465 0.000322 0.000267 0.000245 0.000238 0.000235 0.000234 0.000233 0.000233 0.000233 0.000233 0.000233 0.000233 0.000233 0.000232 0.000232 0.000230 0.000227 0.000223 0.000217 0.000207 0.000192 0.000173 0.000148 0.000118 0.000082 0.000042 0.000000 
50.000000 41.473053 33.335309 25.922742 19.476981 14.124582 9.878801 6.659929 4.326362 2.707651 1.632583 0.948472 0.531063 0.286676 0.149267 0.075012 0.036415 0.017100 0.007789 0.003460 0.001519 0.000678 0.000325 0.000183 0.000127 0.000105 0.000098 0.000095 0.000094 0.000094 0.000093 0.000093 0.000093 0.000093 0.000093 0.000093 0.000093 0.000093 0.000092 0.000091 0.000089 0.000087 0.000083 0.000077 0.000069 0.000059 0.000047 0.000033 0.000017 0.000000 
50.000000 41.473045 33.335293 25.922718 19.476951 14.124548 9.878762 6.659887 4.326317 2.707605 1.632536 0.948425 0.531015 0.286628 0.149219 0.074964 0.036366 0.017052 0.007741 0.003412 0.001471 0.000629 0.000277 0.000135 0.000079 0.000057 0.000050 0.000047 0.000046 0.000045 0.000045 0.000045 0.000045 0.000045 0.000045 0.000045 0.000045 0.000045 0.000045 0.000044 0.000043 0.000042 0.000040 0.000037 0.000034 0.000029 0.000023 0.000016 0.000008 0.000000 
50.000000 41.473045 33.335293 25.922718 19.476951 14.124548 9.878762 6.659887 4.326317 2.707605 1.632536 0.948425 0.531015 0.286628 0.149219 0.074964 0.036366 0.017052 0.007741 0.003412 0.001471 0.000629 0.000277 0.000135 0.000079 0.000057 0.000050 0.000047 0.000046 0.000045 0.000045 0.000045 0.000045 0.000045 0.000045 0.000045 0.000045 0.000045 0.000045 0.000044 0.000043 0.000042 0.000040 0.000037 0.000034 0.000029 0.000023 0.000016 0.000008 0.000000 
50.000000 41.473053 33.335309 25.922742 19.476981 14.124582 9.878801 6.659929 4.326362 2.707651 1.632583 0.948472 0.531063 0.286676 0.149267 0.075012 0.036415 0.017100 0.007789 0.003460 0.001519 0.000678 0.000325 0.000183 0.000127 0.000105 0.000098 0.000095 0.000094 0.000094 0.000093 0.000093 0.000093 0.000093 0.000093 0.000093 0.000093 0.000093 0.000092 0.000091 0.000089 0.000087 0.000083 0.000077 0.000069 0.000059 0.000047 0.000033 0.000017 0.000000 
50.000000 41.473077 33.335356 25.922809 19.477066 14.124683 9.878913 6.660050 4.326489 2.707783 1.632718 0.948609 0.531201 0.286815 0.149407 0.075152 0.036554 0.017240 0.007929 0.003600 0.001659 0.000817 0.000465 0.000322 0.000267 0.000245 0.000238 0.000235 0.000234 0.000233 0.000233 0.000233 0.000233 0.000233 0.000233 0.000233 0.000232 0.000232 0.000230 0.000227 0.000223 0.000217 0.000207 0.000192 0.000173 0.000148 0.000118 0.000082 0.000042 0.000000 
50.000000 41.473137 33.335474 25.922979 19.477281 14.124936 9.879196 6.660355 4.326811 2.708116 1.633058 0.948954 0.531549 0.287165 0.149757 0.075503 0.036905 0.017591 0.008280 0.003952 0.002010 0.001169 0.000816 0.000674 0.000618 0.000597 0.000589 0.000586 0.000585 0.000585 0.000585 0.000585 0.000584 0.000584 0.000584 0.000583 0.000582 0.000580 0.000577 0.000570 0.000560 0.000543 0.000518 0.000483 0.000435 0.000373 0.000296 0.000206 0.000106 0.000000 
50.000000 41.473281 33.335755 25.923385 19.477796 14.125541 9.879872 6.661085 4.327580 2.708912 1.633872 0.949779 0.532381 0.288001 0.150595 0.076342 0.037746 0.018432 0.009121 0.004792 0.002851 0.002010 0.001657 0.001515 0.001459 0.001437 0.001430 0.001427 0.001426 0.001426 0.001425 0.001425 0.001425 0.001425 0.001424 0.001423 0.001420 0.001415 0.001406 0.001391 0.001365 0.001326 0.001266 0.001180 0.001063 0.000911 0.000723 0.000503 0.000258 0.000000 
50.000000 41.473613 33.336404 25.924323 19.478984 14.126937 9.881433 6.662771 4.329355 2.710750 1.635751 0.951685 0.534302 0.289932 0.152531 0.078281 0.039686 0.020373 0.011062 0.006734 0.004792 0.003951 0.003599 0.003456 0.003400 0.003379 0.003371 0.003369 0.003368 0.003367 0.003367 0.003367 0.003366 0.003366 0.003364 0.003361 0.003355 0.003343 0.003323 0.003287 0.003228 0.003135 0.002995 0.002793 0.002518 0.002159 0.001715 0.001193 0.000613 0.000000 
50.000000 41.474353 33.337851 25.926413 19.481633 14.130049 9.884912 6.666528 4.333313 2.714847 1.639941 0.955933 0.538586 0.294236 0.156847 0.082603 0.044011 0.024700 0.015390 0.011062 0.009121 0.008280 0.007927 0.007785 0.007729 0.007708 0.007700 0.007697 0.007696 0.007696 0.007695 0.007695 0.007694 0.007693 0.007689 0.007682 0.007668 0.007643 0.007596 0.007516 0.007383 0.007173 0.006856 0.006399 0.005771 0.004952 0.003936 0.002740 0.001408 0.000000 
50.000000 41.475946 33.340962 25.930907 19.487329 14.136742 9.892395 6.674609 4.341827 2.723660 1.648952 0.965070 0.547800 0.303495 0.166132 0.091901 0.053316 0.034009 0.024700 0.020373 0.018432 0.017591 0.017239 0.017096 0.017040 0.017019 0.017011 0.017008 0.017007 0.017007 0.017007 0.017006 0.017004 0.017001 0.016993 0.016978 0.016949 0.016894 0.016794 0.016620 0.016332 0.015875 0.015181 0.014178 0.012797 0.010989 0.008740 0.006089 0.003129 0.000000 
50.000000 41.479247 33.347414 25.940227 19.499141 14.150622 9.907913 6.691368 4.359484 2.741939 1.667644 0.984023 0.566913 0.322701 0.185389 0.111187 0.072617 0.053316 0.044011 0.039686 0.037745 0.036905 0.036553 0.036410 0.036354 0.036333 0.036325 0.036323 0.036321 0.036321 0.036320 0.036319 0.036315 0.036308 0.036293 0.036262 0.036202 0.036087 0.035880 0.035518 0.034916 0.033956 0.032494 0.030372 0.027438 0.023582 0.018773 0.013089 0.006729 0.000000 
50.000000 41.485844 33.360304 25.958848 19.522743 14.178355 9.938922 6.724856 4.394767 2.778466 1.704995 1.021898 0.605107 0.361081 0.223874 0.149728 0.111187 0.091901 0.082603 0.078281 0.076342 0.075502 0.075150 0.075008 0.074952 0.074931 0.074923 0.074920 0.074919 0.074918 0.074917 0.074914 0.074908 0.074894 0.074864 0.074803 0.074683 0.074456 0.074041 0.073317 0.072106 0.070165 0.067197 0.062867 0.056854 0.048918 0.038982 0.027201 0.013992 0.000000 
50.000000 41.498530 33.385096 25.994663 19.568137 14.231700 9.998567 6.789273 4.462640 2.848732 1.776849 1.094761 0.678583 0.434917 0.297911 0.223874 0.185389 0.166132 0.156847 0.152531 0.150595 0.149756 0.149405 0.149263 0.149207 0.149186 0.149178 0.149175 0.149174 0.149173 0.149170 0.149165 0.149153 0.149127 0.149071 0.148956 0.148728 0.148294 0.147500 0.146107 0.143763 0.139991 0.134190 0.125682 0.113803 0.098047 0.078230 0.054645 0.028127 0.000000 
50.000000 41.522001 33.430962 26.060923 19.652124 14.330397 10.108925 6.908463 4.588227 2.978752 1.909809 1.229589 0.814550 0.571548 0.434917 0.361081 0.322701 0.303495 0.294236 0.289931 0.288001 0.287164 0.286814 0.286672 0.286616 0.286595 0.286587 0.286584 0.286583 0.286581 0.286577 0.286567 0.286546 0.286499 0.286398 0.286189 0.285774 0.284981 0.283524 0.280953 0.276603 0.269561 0.258664 0.242581 0.219984 0.189828 0.151692 0.106094 0.054657 0.000000 
50.000000 41.563734 33.512519 26.178745 19.801469 14.505905 10.305174 7.120425 4.811571 3.209983 2.146272 1.469379 1.056366 0.814550 0.678583 0.605107 0.566913 0.547800 0.538586 0.534302 0.532381 0.531548 0.531200 0.531058 0.531003 0.530982 0.530974 0.530971 0.530969 0.530966 0.530959 0.530943 0.530907 0.530825 0.530651 0.530290 0.529569 0.528183 0.525623 0.521080 0.513347 0.500741 0.481096 0.451885 0.410534 0.354947 0.284176 0.199074 0.102669 0.000000 
50.000000 41.634998 33.651786 26.379943 20.056504 14.805625 10.640322 7.482417 5.193009 3.604900 2.550133 1.878925 1.469379 1.229589 1.094761 1.021898 0.984023 0.965070 0.955933 0.951685 0.949779 0.948954 0.948608 0.948468 0.948413 0.948392 0.948384 0.948381 0.948378 0.948373 0.948362 0.948336 0.948277 0.948144 0.947857 0.947261 0.946065 0.943755 0.939463 0.931795 0.918650 0.897056 0.863124 0.812227 0.739532 0.640940 0.514368 0.361069 0.186475 0.000000 
50.000000 41.751770 33.879992 26.709635 20.474422 15.296780 11.189547 8.075645 5.818120 4.252112 3.212014 2.550133 2.146272 1.909809 1.776849 1.704995 1.667644 1.648952 1.639941 1.635751 1.633872 1.633058 1.632717 1.632579 1.632524 1.632504 1.632496 1.632492 1.632488 1.632481 1.632465 1.632425 1.632332 1.632125 1.631677 1.630742 1.628856 1.625192 1.618338 1.606007 1.584698 1.549382 1.493353 1.408444 1.285861 1.117796 0.899780 0.633297 0.327671 0.000000 
50.000000 41.935241 34.238547 27.227650 21.131072 16.068519 12.052550 9.007812 6.800405 5.269145 4.252112 3.604900 3.209983 2.978752 2.848732 2.778466 2.741939 2.723660 2.714847 2.710750 2.708912 2.708115 2.707782 2.707647 2.707594 2.707574 2.707566 2.707561 2.707557 2.707547 2.707522 2.707464 2.707328 2.707023 2.706360 2.704969 2.702149 2.696636 2.686249 2.667414 2.634573 2.579596 2.491400 2.356114 2.158257 1.883335 1.521984 1.075015 0.557612 0.000000 
50.000000 42.211439 34.778324 28.007494 22.119640 17.230372 13.351828 10.411246 8.279324 6.800405 5.818120 5.193009 4.811571 4.588227 4.462640 4.394767 4.359484 4.341827 4.333313 4.329355 4.327580 4.326810 4.326488 4.326358 4.326306 4.326287 4.326279 4.326274 4.326268 4.326254 4.326221 4.326140 4.325952 4.325528 4.324602 4.322649 4.318666 4.310829 4.295953 4.268738 4.220809 4.139662 4.007803 3.802630 3.497831 3.067219 2.491635 1.768392 0.920488 0.000000 
50.000000 42.609548 35.556358 29.131573 23.544599 18.905141 15.224724 12.434320 10.411246 9.007812 8.075645 7.482417 7.120425 6.908463 6.789273 6.724856 6.691368 6.674609 6.666528 6.662771 6.661085 6.660355 6.660049 6.659925 6.659876 6.659858 6.659850 6.659845 6.659837 6.659820 6.659776 6.659672 6.659427 6.658873 6.657659 6.655082 6.649799 6.639329 6.619293 6.582292 6.516412 6.403443 6.217160 5.922393 5.476134 4.832467 3.953179 2.824686 1.477859 0.000000 
50.000000 43.158613 36.629415 30.681908 25.509936 21.215056 17.807949 15.224724 13.351828 12.052550 11.189547 10.640322 10.305174 10.108925 9.998567 9.938922 9.907913 9.892395 9.884912 9.881433 9.879872 9.879195 9.878912 9.878797 9.878752 9.878735 9.878727 9.878722 9.878713 9.878692 9.878640 9.878513 9.878216 9.877541 9.876055 9.872885 9.866344 9.853289 9.828095 9.781103 9.696436 9.549197 9.302332 8.903975 8.286993 7.373713 6.090184 4.394338 2.317217 0.000000 
50.000000 43.882754 38.044638 32.726618 28.102016 24.261643 21.215056 18.905141 17.230372 16.068519 15.296780 14.805625 14.505905 14.330397 14.231700 14.178355 14.150622 14.136742 14.130049 14.126937 14.125540 14.124935 14.124682 14.124579 14.124539 14.124523 14.124516 14.124511 14.124501 14.124478 14.124419 14.124278 14.123944 14.123184 14.121502 14.117896 14.110413 14.095372 14.066094 14.010919 13.910262 13.732541 13.429007 12.928063 12.130821 10.911950 9.133881 6.687432 3.571746 0.000000 
50.000000 44.795539 39.828545 35.304021 31.369424 28.102016 25.509936 23.544599 22.119640 21.131072 20.474422 20.056504 19.801469 19.652124 19.568137 19.522743 19.499141 19.487329 19.481633 19.478984 19.477796 19.477281 19.477065 19.476978 19.476943 19.476930 19.476924 19.476919 19.476909 19.476885 19.476826 19.476681 19.476340 19.475559 19.473825 19.470091 19.462296 19.446522 19.415564 19.356626 19.247738 19.052421 18.712132 18.136223 17.190066 15.684712 13.378654 10.018444 5.470981 0.000000 
50.000000 45.894689 41.976687 38.407693 35.304021 32.726618 30.681908 29.131573 28.007494 27.227650 26.709635 26.379943 26.178745 26.060923 25.994663 25.958848 25.940227 25.930907 25.926413 25.924323 25.923385 25.922979 25.922809 25.922740 25.922712 25.922702 25.922697 25.922692 25.922684 25.922662 25.922608 25.922477 25.922167 25.921454 25.919866 25.916433 25.909231 25.894569 25.865575 25.809854 25.705666 25.515859 25.178394 24.591724 23.592736 21.925367 19.203847 14.900945 8.480100 0.000000 
50.000000 47.158622 44.446880 41.976687 39.828545 38.044638 36.629415 35.556358 34.778324 34.238547 33.879992 33.651786 33.512519 33.430962 33.385096 33.360304 33.347414 33.340962 33.337851 33.336404 33.335755 33.335473 33.335356 33.335308 33.335289 33.335282 33.335278 33.335275 33.335268 33.335252 33.335211 33.335110 33.334873 33.334325 33.333103 33.330451 33.324868 33.313444 33.290717 33.246695 33.163531 33.009932 32.731672 32.235077 31.357206 29.810101 27.075742 22.223440 13.713255 0.000000 
50.000000 48.546146 47.158622 45.894689 44.795539 43.882754 43.158613 42.609548 42.211439 41.935241 41.751770 41.634998 41.563734 41.522001 41.498530 41.485844 41.479247 41.475946 41.474353 41.473613 41.473281 41.473137 41.473077 41.473052 41.473043 41.473039 41.473037 41.473035 41.473032 41.473023 41.473000 41.472946 41.472817 41.472519 41.471852 41.470403 41.467344 41.461065 41.448522 41.424099 41.377629 41.290951 41.131690 40.841396 40.311007 39.324557 37.414589 33.445367 24.273073 0.000000 
50.000000 50.000000 50.000000 50.000000 50.000000 50.000000 50.000000 50.000000 50.000000 50.000000 50.000000 50.000000 50.000000 50.000000 50.000000 50.000000 50.000000 50.000000 50.000000 50.000000 50.000000 50.000000 50.000000 50.000000 50.000000 50.000000 50.000000 50.000000 50.000000 50.000000 50.000000 50.000000 50.000000 50.000000 50.000000 50.000000 50.000000 50.000000 50.000000 50.000000 50.000000 50.000000 50.000000 50.000000 50.000000 50.000000 50.000000 50.000000 50.000000 50.000000 
