50.000000 50.000000 50.000000 50.000000 50.000000 50.000000 50.000000 50.000000 50.000000 50.000000 50.000000 50.000000 50.000000 50.000000 50.000000 50.000000 50.000000 50.000000 50.000000 50.000000 50.000000 50.000000 50.000000 50.000000 50.000000 50.000000 50.000000 50.000000 50.000000 50.000000 50.000000 50.000000 50.000000 50.000000 50.000000 50.000000 50.000000 50.000000 50.000000 50.000000 50.000000 50.000000 50.000000 50.000000 50.000000 50.000000 50.000000 50.000000 50.000000 50.000000 
50.000000 48.567085 47.198604 45.950309 44.862536 43.956752 43.235753 42.686893 42.287104 42.008306 41.822047 41.702758 41.629465 41.586233 41.561733 41.548382 41.541381 41.537846 41.536125 41.535317 41.534951 41.534791 41.534723 41.534695 41.534684 41.534680 41.534678 41.534675 41.534671 41.534661 41.534637 41.534576 41.534435 41.534112 41.533396 41.531852 41.528619 41.522032 41.508964 41.483684 41.435872 41.347179 41.185022 40.890745 40.355114 39.362067 37.444166 33.465832 24.283543 0.000000 
50.000000 47.198604 44.523182 42.082731 39.956111 38.185290 36.775734 35.702715 34.921136 34.376094 34.011968 33.778764 33.635484 33.550970 33.503074 33.476975 33.463289 33.456378 33.453015 33.451436 33.450720 33.450407 33.450274 33.450220 33.450198 33.450190 33.450186 33.450182 33.450174 33.450156 33.450110 33.449999 33.449739 33.449145 33.447831 33.445003 33.439095 33.427096 33.403391 33.357771 33.272105 33.114751 32.831094 32.327073 31.439429 29.880026 27.130879 22.261591 13.732773 0.000000 
50.000000 45.950309 42.082731 38.554839 35.480630 32.920775 30.883169 29.332064 28.202262 27.414393 26.888047 26.550956 26.343849 26.221689 26.152460 26.114736 26.094956 26.084968 26.080106 26.077824 26.076790 26.076337 26.076146 26.076067 26.076036 26.076024 26.076018 26.076013 26.076003 26.075978 26.075918 26.075773 26.075433 26.074658 26.072947 26.069279 26.061645 26.046215 26.015916 25.958064 25.850538 25.655722 25.311055 24.714477 23.702449 22.018671 19.277419 14.951852 8.506143 0.000000 
50.000000 44.862536 39.956111 35.480630 31.580713 28.333328 25.748482 23.780820 22.347623 21.348195 20.680526 20.252933 19.990229 19.835277 19.747467 19.699620 19.674532 19.661863 19.655698 19.652804 19.651492 19.650918 19.650675 19.650576 19.650536 19.650520 19.650513 19.650507 19.650496 19.650469 19.650402 19.650242 19.649867 19.649016 19.647143 19.643143 19.634858 19.618216 19.585780 19.524430 19.411764 19.210777 18.862336 18.275210 17.314289 15.790357 13.461958 10.076085 5.500469 0.000000 
50.000000 43.956752 38.185290 32.920775 28.333328 24.513482 21.473005 19.158533 17.472753 16.297209 15.511899 15.008977 14.699999 14.517758 14.414486 14.358215 14.328711 14.313813 14.306562 14.303159 14.301617 14.300942 14.300656 14.300539 14.300492 14.300474 14.300466 14.300460 14.300448 14.300422 14.300356 14.300199 14.299831 14.299000 14.297177 14.293302 14.285322 14.269401 14.238627 14.181008 14.076523 13.893055 13.581259 13.068947 12.256741 11.019039 9.218325 6.745862 3.601639 0.000000 
50.000000 43.235753 36.775734 30.883169 25.748482 21.473005 18.069900 15.479422 13.592641 12.276956 11.398044 10.835191 10.489400 10.285452 10.169882 10.106912 10.073896 10.057225 10.049113 10.045304 10.043579 10.042824 10.042504 10.042373 10.042321 10.042301 10.042292 10.042286 10.042275 10.042251 10.042192 10.042051 10.041722 10.040981 10.039364 10.035944 10.028942 10.015070 9.988486 9.939222 9.850998 9.698419 9.443874 9.034950 8.404058 7.473272 6.168691 4.448661 2.345008 0.000000 
50.000000 42.686893 35.702715 29.332064 23.780820 19.158533 15.479422 12.678886 10.639139 9.216814 8.266683 7.658233 7.284440 7.063981 6.939057 6.870993 6.835308 6.817290 6.808521 6.804406 6.802541 6.801725 6.801379 6.801238 6.801182 6.801160 6.801151 6.801145 6.801136 6.801116 6.801066 6.800949 6.800677 6.800066 6.798739 6.795947 6.790265 6.779090 6.757853 6.718892 6.649940 6.532358 6.339443 6.035548 5.577274 4.918484 4.021008 2.871621 1.501870 0.000000 
50.000000 42.287104 34.921136 28.202262 22.347623 17.472753 13.592641 10.639139 8.488013 6.988048 5.986070 5.344431 4.950256 4.717782 4.586054 4.514284 4.476656 4.457658 4.448413 4.444074 4.442108 4.441247 4.440883 4.440734 4.440675 4.440652 4.440643 4.440637 4.440630 4.440614 4.440576 4.440485 4.440275 4.439805 4.438788 4.436660 4.432355 4.423948 4.408101 4.379300 4.328886 4.244007 4.106781 3.894222 3.579698 3.136846 2.546540 1.806384 0.939925 0.000000 
50.000000 42.008306 34.376094 27.414393 21.348195 16.297209 12.276956 9.216814 6.988048 5.433966 4.395855 3.731089 3.322714 3.081870 2.945402 2.871051 2.832072 2.812391 2.802815 2.798320 2.796284 2.795392 2.795015 2.794861 2.794799 2.794776 2.794766 2.794761 2.794756 2.794744 2.794716 2.794650 2.794497 2.794157 2.793425 2.791901 2.788835 2.782888 2.771762 2.751718 2.716983 2.659162 2.566875 2.425958 2.220686 1.936431 1.563855 1.103989 0.572434 0.000000 
50.000000 41.822047 34.011968 26.888047 20.680526 15.511899 11.398044 8.266683 5.986070 4.395855 3.333621 2.653417 2.235566 1.989137 1.849507 1.773434 1.733553 1.713418 1.703620 1.699022 1.696938 1.696027 1.695641 1.695483 1.695420 1.695396 1.695387 1.695382 1.695378 1.695370 1.695350 1.695305 1.695200 1.694968 1.694470 1.693439 1.691376 1.687399 1.680012 1.666810 1.644136 1.606770 1.547791 1.458822 1.330892 1.156095 0.929983 0.654197 0.338364 0.000000 
50.000000 41.702758 33.778764 26.550956 20.252933 15.008977 10.835191 7.658233 5.344431 3.731089 2.653417 1.963336 1.539422 1.289421 1.147768 1.070596 1.030138 1.009712 0.999773 0.995108 0.992995 0.992070 0.991679 0.991519 0.991455 0.991431 0.991421 0.991417 0.991414 0.991408 0.991396 0.991366 0.991298 0.991148 0.990827 0.990165 0.988849 0.986325 0.981668 0.973405 0.959326 0.936330 0.900380 0.846705 0.770351 0.667153 0.535040 0.375374 0.193794 0.000000 
50.000000 41.629465 33.635484 26.343849 19.990229 14.699999 10.489400 7.284440 4.950256 3.322714 2.235566 1.539422 1.111788 0.859595 0.716702 0.638854 0.598043 0.577439 0.567413 0.562708 0.560576 0.559643 0.559249 0.559087 0.559023 0.558998 0.558989 0.558985 0.558983 0.558979 0.558971 0.558953 0.558911 0.558818 0.558622 0.558218 0.557418 0.555894 0.553097 0.548167 0.539826 0.526308 0.505350 0.474330 0.430598 0.372013 0.297635 0.208388 0.107434 0.000000 
50.000000 41.586233 33.550970 26.221689 19.835277 14.517758 10.285452 7.063981 4.717782 3.081870 1.989137 1.289421 0.859595 0.606111 0.462487 0.384242 0.343223 0.322514 0.312438 0.307709 0.305566 0.304628 0.304232 0.304069 0.304005 0.303980 0.303971 0.303967 0.303965 0.303963 0.303958 0.303947 0.303923 0.303869 0.303754 0.303519 0.303055 0.302176 0.300572 0.297761 0.293035 0.285427 0.273716 0.256510 0.232436 0.200419 0.160045 0.111875 0.057614 0.000000 
50.000000 41.561733 33.503074 26.152460 19.747467 14.414486 10.169882 6.939057 4.586054 2.945402 1.849507 1.147768 0.716702 0.462487 0.318451 0.239981 0.198844 0.178076 0.167971 0.163228 0.161080 0.160139 0.159741 0.159579 0.159514 0.159489 0.159480 0.159476 0.159475 0.159473 0.159471 0.159464 0.159451 0.159420 0.159356 0.159225 0.158969 0.158484 0.157603 0.156068 0.153501 0.149394 0.143111 0.133938 0.121184 0.104324 0.083181 0.058071 0.029880 0.000000 
50.000000 41.548382 33.476975 26.114736 19.699620 14.358215 10.106912 6.870993 4.514284 2.871051 1.773434 1.070596 0.638854 0.384242 0.239981 0.161389 0.120188 0.099388 0.089267 0.084517 0.082365 0.081423 0.081025 0.080862 0.080797 0.080772 0.080763 0.080760 0.080758 0.080757 0.080756 0.080752 0.080745 0.080729 0.080694 0.080625 0.080489 0.080232 0.079769 0.078964 0.077626 0.075496 0.072254 0.067548 0.061038 0.052477 0.041789 0.029144 0.014986 0.000000 
50.000000 41.541381 33.463289 26.094956 19.674532 14.328711 10.073896 6.835308 4.476656 2.832072 1.733553 1.030138 0.598043 0.343223 0.198844 0.120188 0.078954 0.058137 0.048008 0.043254 0.041101 0.040158 0.039759 0.039596 0.039531 0.039507 0.039497 0.039494 0.039493 0.039492 0.039491 0.039489 0.039486 0.039477 0.039460 0.039424 0.039355 0.039224 0.038990 0.038585 0.037914 0.036851 0.035241 0.032914 0.029711 0.025516 0.020298 0.014144 0.007269 0.000000 
50.000000 41.537846 33.456378 26.084968 19.661863 14.313813 10.057225 6.817290 4.457658 2.812391 1.713418 1.009712 0.577439 0.322514 0.178076 0.099388 0.058137 0.037312 0.027178 0.022423 0.020268 0.019325 0.018926 0.018763 0.018698 0.018674 0.018664 0.018661 0.018660 0.018659 0.018659 0.018658 0.018656 0.018652 0.018643 0.018626 0.018592 0.018528 0.018414 0.018218 0.017894 0.017383 0.016612 0.015503 0.013982 0.011996 0.009535 0.006639 0.003410 0.000000 
50.000000 41.536125 33.453015 26.080106 19.655698 14.306562 10.049113 6.808521 4.448413 2.802815 1.703620 0.999773 0.567413 0.312438 0.167971 0.089267 0.048008 0.027178 0.017043 0.012287 0.010132 0.009189 0.008790 0.008626 0.008562 0.008537 0.008527 0.008524 0.008523 0.008522 0.008522 0.008522 0.008521 0.008519 0.008515 0.008506 0.008490 0.008461 0.008407 0.008316 0.008165 0.007928 0.007572 0.007062 0.006364 0.005456 0.004333 0.003016 0.001548 0.000000 
50.000000 41.535317 33.451436 26.077824 19.652804 14.303159 10.045305 6.804406 4.444074 2.798320 1.699022 0.995108 0.562708 0.307709 0.163228 0.084517 0.043254 0.022423 0.012287 0.007530 0.005374 0.004431 0.004032 0.003869 0.003804 0.003779 0.003770 0.003767 0.003766 0.003765 0.003765 0.003765 0.003764 0.003763 0.003761 0.003758 0.003750 0.003737 0.003713 0.003672 0.003604 0.003498 0.003339 0.003112 0.002803 0.002401 0.001906 0.001326 0.000681 0.000000 
50.000000 41.534951 33.450720 26.076790 19.651492 14.301617 10.043579 6.802541 4.442108 2.796284 1.696939 0.992995 0.560576 0.305566 0.161080 0.082365 0.041101 0.020268 0.010132 0.005375 0.003219 0.002276 0.001877 0.001714 0.001649 0.001624 0.001615 0.001612 0.001610 0.001610 0.001610 0.001610 0.001610 0.001609 0.001608 0.001607 0.001603 0.001598 0.001587 0.001569 0.001540 0.001494 0.001426 0.001328 0.001195 0.001023 0.000812 0.000565 0.000290 0.000000 
50.000000 41.534791 33.450407 26.076338 19.650918 14.300942 10.042824 6.801725 4.441248 2.795393 1.696027 0.992071 0.559644 0.304629 0.160140 0.081424 0.040159 0.019326 0.009189 0.004432 0.002277 0.001333 0.000934 0.000771 0.000706 0.000681 0.000672 0.000669 0.000668 0.000667 0.000667 0.000667 0.000667 0.000667 0.000666 0.000666 0.000664 0.000662 0.000657 0.000650 0.000638 0.000618 0.000590 0.000549 0.000494 0.000423 0.000335 0.000233 0.000120 0.000000 
50.000000 41.534723 33.450275 26.076147 19.650676 14.300657 10.042505 6.801381 4.440885 2.795017 1.695642 0.991681 0.559250 0.304234 0.159743 0.081027 0.039761 0.018928 0.008791 0.004034 0.001879 0.000935 0.000536 0.000373 0.000308 0.000283 0.000274 0.000271 0.000270 0.000269 0.000269 0.000269 0.000269 0.000269 0.000269 0.000269 0.000268 0.000267 0.000265 0.000262 0.000257 0.000249 0.000238 0.000221 0.000199 0.000170 0.000135 0.000094 0.000048 0.000000 
50.000000 41.534696 33.450222 26.076070 19.650579 14.300543 10.042377 6.801242 4.440739 2.794866 1.695488 0.991524 0.559092 0.304074 0.159584 0.080867 0.039601 0.018768 0.008631 0.003874 0.001719 0.000775 0.000376 0.000213 0.000148 0.000123 0.000114 0.000111 0.000110 0.000109 0.000109 0.000109 0.000109 0.000109 0.000109 0.000109 0.000109 0.000108 0.000107 0.000106 0.000104 0.000101 0.000096 0.000090 0.000080 0.000069 0.000055 0.000038 0.000019 0.000000 
50.000000 41.534687 33.450203 26.076043 19.650545 14.300503 10.042333 6.801194 4.440688 2.794813 1.695434 0.991469 0.559037 0.304019 0.159528 0.080812 0.039546 0.018713 0.008576 0.003818 0.001663 0.000720 0.000321 0.000158 0.000093 0.000068 0.000059 0.000055 0.000054 0.000054 0.000054 0.000054 0.000054 0.000054 0.000054 0.000053 0.000053 0.000053 0.000053 0.000052 0.000051 0.000050 0.000047 0.000044 0.000039 0.000034 0.000027 0.000019 0.000010 0.000000 
50.000000 41.534687 33.450203 26.076043 19.650545 14.300503 10.042333 6.801194 4.440688 2.794813 1.695434 0.991469 0.559037 0.304019 0.159528 0.080812 0.039546 0.018713 0.008576 0.003818 0.001663 0.000720 0.000321 0.000158 0.000093 0.000068 0.000059 0.000055 0.000054 0.000054 0.000054 0.000054 0.000054 0.000054 0.000054 0.000053 0.000053 0.000053 0.000053 0.000052 0.000051 0.000050 0.000047 0.000044 0.000039 0.000034 0.000027 0.000019 0.000010 0.000000 
50.000000 41.534696 33.450222 26.076070 19.650579 14.300543 10.042377 6.801242 4.440739 2.794866 1.695488 0.991524 0.559092 0.304074 0.159584 0.080867 0.039601 0.018768 0.008631 0.003874 0.001719 0.000775 0.000376 0.000213 0.000148 0.000123 0.000114 0.000111 0.000110 0.000109 0.000109 0.000109 0.000109 0.000109 0.000109 0.000109 0.000109 0.000108 0.000107 0.000106 0.000104 0.000101 0.000096 0.000090 0.000080 0.000069 0.000055 0.000038 0.000019 0.000000 
50.000000 41.534723 33.450275 26.076147 19.650676 14.300657 10.042505 6.801381 4.440885 2.795017 1.695642 0.991681 0.559250 0.304234 0.159743 0.081027 0.039761 0.018928 0.008791 0.004034 0.001879 0.000935 0.000536 0.000373 0.000308 0.000283 0.000274 0.000271 0.000270 0.000269 0.000269 0.000269 0.000269 0.000269 0.000269 0.000269 0.000268 0.000267 0.000265 0.000262 0.000257 0.000249 0.000238 0.000221 0.000199 0.000170 0.000135 0.000094 0.000048 0.000000 
50.000000 41.534791 33.450407 26.076338 19.650918 14.300942 10.042824 6.801725 4.441248 2.795393 1.696027 0.992071 0.559644 0.304629 0.160140 0.081424 0.040159 0.019326 0.009189 0.004432 0.002277 0.001333 0.000934 0.000771 0.000706 0.000681 0.000672 0.000669 0.000668 0.000667 0.000667 0.000667 0.000667 0.000667 0.000666 0.000666 0.000664 0.000662 0.000657 0.000650 0.000638 0.000618 0.000590 0.000549 0.000494 0.000423 0.000335 0.000233 0.000120 0.000000 
50.000000 41.534951 33.450720 26.076790 19.651492 14.301617 10.043579 6.802541 4.442108 2.796284 1.696939 0.992995 0.560576 0.305566 0.161080 0.082365 0.041101 0.020268 0.010132 0.005375 0.003219 0.002276 0.001877 0.001714 0.001649 0.001624 0.001615 0.001612 0.001610 0.001610 0.001610 0.001610 0.001610 0.001609 0.001608 0.001607 0.001603 0.001598 0.001587 0.001569 0.001540 0.001494 0.001426 0.001328 0.001195 0.001023 0.000812 0.000565 0.000290 0.000000 
50.000000 41.535317 33.451436 26.077824 19.652804 14.303159 10.045305 6.804406 4.444074 2.798320 1.699022 0.995108 0.562708 0.307709 0.163228 0.084517 0.043254 0.022423 0.012287 0.007530 0.005374 0.004431 0.004032 0.003869 0.003804 0.003779 0.003770 0.003767 0.003766 0.003765 0.003765 0.003765 0.003764 0.003763 0.003761 0.003758 0.003750 0.003737 0.003713 0.003672 0.003604 0.003498 0.003339 0.003112 0.002803 0.002401 0.001906 0.001326 0.000681 0.000000 
50.000000 41.536125 33.453015 26.080106 19.655698 14.306562 10.049113 6.808521 4.448413 2.802815 1.703620 0.999773 0.567413 0.312438 0.167971 0.089267 0.048008 0.027178 0.017043 0.012287 0.010132 0.009189 0.008790 0.008626 0.008562 0.008537 0.008527 0.008524 0.008523 0.008522 0.008522 0.008522 0.008521 0.008519 0.008515 0.008506 0.008490 0.008461 0.008407 0.008316 0.008165 0.007928 0.007572 0.007062 0.006364 0.005456 0.004333 0.003016 0.001548 0.000000 
50.000000 41.537846 33.456378 26.084968 19.661863 14.313813 10.057225 6.817290 4.457658 2.812391 1.713418 1.009712 0.577439 0.322514 0.178076 0.099388 0.058137 0.037312 0.027178 0.022423 0.020268 0.019325 0.018926 0.018763 0.018698 0.018674 0.018664 0.018661 0.018660 0.018659 0.018659 0.018658 0.018656 0.018652 0.018643 0.018626 0.018592 0.018528 0.018414 0.018218 0.017894 0.017383 0.016612 0.015503 0.013982 0.011996 0.009535 0.006639 0.003410 0.000000 
50.000000 41.541381 33.463289 26.094956 19.674532 14.328711 10.073896 6.835308 4.476656 2.832072 1.733553 1.030138 0.598043 0.343223 0.198844 0.120188 0.078954 0.058137 0.048008 0.043254 0.041101 0.040158 0.039759 0.039596 0.039531 0.039507 0.039497 0.039494 0.039493 0.039492 0.039491 0.039489 0.039486 0.039477 0.039460 0.039424 0.039355 0.039224 0.038990 0.038585 0.037914 0.036851 0.035241 0.032914 0.029711 0.025516 0.020298 0.014144 0.007269 0.000000 
50.000000 41.548382 33.476975 26.114736 19.699620 14.358215 10.106912 6.870993 4.514284 2.871051 1.773434 1.070596 0.638854 0.384242 0.239981 0.161389 0.120188 0.099388 0.089267 0.084517 0.082365 0.081423 0.081025 0.080862 0.080797 0.080772 0.080763 0.080760 0.080758 0.080757 0.080756 0.080752 0.080745 0.080729 0.080694 0.080625 0.080489 0.080232 0.079769 0.078964 0.077626 0.075496 0.072254 0.067548 0.061038 0.052477 0.041789 0.029144 0.014986 0.000000 
50.000000 41.561733 33.503074 26.152460 19.747467 14.414486 10.169882 6.939057 4.586054 2.945402 1.849507 1.147768 0.716702 0.462487 0.318451 0.239981 0.198844 0.178076 0.167971 0.163228 0.161080 0.160139 0.159741 0.159579 0.159514 0.159489 0.159480 0.159476 0.159475 0.159473 0.159471 0.159464 0.159451 0.159420 0.159356 0.159225 0.158969 0.158484 0.157603 0.156068 0.153501 0.149394 0.143111 0.133938 0.121184 0.104324 0.083181 0.058071 0.029880 0.000000 
50.000000 41.586233 33.550970 26.221689 19.835277 14.517758 10.285452 7.063981 4.717782 3.081870 1.989137 1.289421 0.859595 0.606111 0.462487 0.384242 0.343223 0.322514 0.312438 0.307709 0.305566 0.304628 0.304232 0.304069 0.304005 0.303980 0.303971 0.303967 0.303965 0.303963 0.303958 0.303947 0.303923 0.303869 0.303754 0.303519 0.303055 0.302176 0.300572 0.297761 0.293035 0.285427 0.273716 0.256510 0.232436 0.200419 0.160045 0.111875 0.057614 0.000000 
50.000000 41.629465 33.635484 26.343849 19.990229 14.699999 10.489400 7.284440 4.950256 3.322714 2.235566 1.539422 1.111788 0.859595 0.716702 0.638854 0.598043 0.577439 0.567413 0.562708 0.560576 0.559643 0.559249 0.559087 0.559023 0.558998 0.558989 0.558985 0.558983 0.558979 0.558971 0.558953 0.558911 0.558818 0.558622 0.558218 0.557418 0.555894 0.553097 0.548167 0.539826 0.526308 0.505350 0.474330 0.430598 0.372013 0.297635 0.208388 0.107434 0.000000 
50.000000 41.702758 33.778764 26.550956 20.252933 15.008977 10.835191 7.658233 5.344431 3.731089 2.653417 1.963336 1.539422 1.289421 1.147768 1.070596 1.030138 1.009712 0.999773 0.995108 0.992995 0.992070 0.991679 0.991519 0.991455 0.991431 0.991421 0.991417 0.991414 0.991408 0.991396 0.991366 0.991298 0.991148 0.990827 0.990165 0.988849 0.986325 0.981668 0.973405 0.959326 0.936330 0.900380 0.846705 0.770351 0.667153 0.535040 0.375374 0.193794 0.000000 
50.000000 41.822047 34.011968 26.888047 20.680526 15.511899 11.398044 8.266683 5.986070 4.395855 3.333621 2.653417 2.235566 1.989137 1.849507 1.773434 1.733553 1.713418 1.703620 1.699022 1.696938 1.696027 1.695641 1.695483 1.695420 1.695396 1.695387 1.695382 1.695378 1.695370 1.695350 1.695305 1.695200 1.694968 1.694470 1.693439 1.691376 1.687399 1.680012 1.666810 1.644136 1.606770 1.547791 1.458822 1.330892 1.156095 0.929983 0.654197 0.338364 0.000000 
50.000000 42.008306 34.376094 27.414393 21.348195 16.297209 12.276956 9.216814 6.988048 5.433966 4.395855 3.731089 3.322714 3.081870 2.945402 2.871051 2.832072 2.812391 2.802815 2.798320 2.796284 2.795392 2.795015 2.794861 2.794799 2.794776 2.794766 2.794761 2.794756 2.794744 2.794716 2.794650 2.794497 2.794157 2.793425 2.791901 2.788835 2.782888 2.771762 2.751718 2.716983 2.659162 2.566875 2.425958 2.220686 1.936431 1.563855 1.103989 0.572434 0.000000 
50.000000 42.287104 34.921136 28.202262 22.347623 17.472753 13.592641 10.639139 8.488013 6.988048 5.986070 5.344431 4.950256 4.717782 4.586054 4.514284 4.476656 4.457658 4.448413 4.444074 4.442108 4.441247 4.440883 4.440734 4.440675 4.440652 4.440643 4.440637 4.440630 4.440614 4.440576 4.440485 4.440275 4.439805 4.438788 4.436660 4.432355 4.423948 4.408101 4.379300 4.328886 4.244007 4.106781 3.894222 3.579698 3.136846 2.546540 1.806384 0.939925 0.000000 
50.000000 42.686893 35.702715 29.332064 23.780820 19.158533 15.479422 12.678886 10.639139 9.216814 8.266683 7.658233 7.284440 7.063981 6.939057 6.870993 6.835308 6.817290 6.808521 6.804406 6.802541 6.801725 6.801379 6.801238 6.801182 6.801160 6.801151 6.801145 6.801136 6.801116 6.801066 6.800949 6.800677 6.800066 6.798739 6.795947 6.790265 6.779090 6.757853 6.718892 6.649940 6.532358 6.339443 6.035548 5.577274 4.918484 4.021008 2.871621 1.501870 0.000000 
50.000000 43.235753 36.775734 30.883169 25.748482 21.473005 18.069900 15.479422 13.592641 12.276956 11.398044 10.835191 10.489400 10.285452 10.169882 10.106912 10.073896 10.057225 10.049113 10.045304 10.043579 10.042824 10.042504 10.042373 10.042321 10.042301 10.042292 10.042286 10.042275 10.042251 10.042192 10.042051 10.041722 10.040981 10.039364 10.035944 10.028942 10.015070 9.988486 9.939222 9.850998 9.698419 9.443874 9.034950 8.404058 7.473272 6.168691 4.448661 2.345008 0.000000 
50.000000 43.956752 38.185290 32.920775 28.333328 24.513482 21.473005 19.158533 17.472753 16.297209 15.511899 15.008977 14.699999 14.517758 14.414486 14.358215 14.328711 14.313813 14.306562 14.303159 14.301617 14.300942 14.300656 14.300539 14.300492 14.300474 14.300466 14.300460 14.300448 14.300422 14.300356 14.300199 14.299831 14.299000 14.297177 14.293302 14.285322 14.269401 14.238627 14.181008 14.076523 13.893055 13.581259 13.068947 12.256741 11.019039 9.218325 6.745862 3.601639 0.000000 
50.000000 44.862536 39.956111 35.480630 31.580713 28.333328 25.748482 23.780820 22.347623 21.348195 20.680526 20.252933 19.990229 19.835277 19.747467 19.699620 19.674532 19.661863 19.655698 19.652804 19.651492 19.650918 19.650675 19.650576 19.650536 19.650520 19.650513 19.650507 19.650496 19.650469 19.650402 19.650242 19.649867 19.649016 19.647143 19.643143 19.634858 19.618216 19.585780 19.524430 19.411764 19.210777 18.862336 18.275210 17.314289 15.790357 13.461958 10.076085 5.500469 0.000000 
50.000000 45.950309 42.082731 38.554839 35.480630 32.920775 30.883169 29.332064 28.202262 27.414393 26.888047 26.550956 26.343849 26.221689 26.152460 26.114736 26.094956 26.084968 26.080106 26.077824 26.076790 26.076337 26.076146 26.076067 26.076036 26.076024 26.076018 26.076013 26.076003 26.075978 26.075918 26.075773 26.075433 26.074658 26.072947 26.069279 26.061645 26.046215 26.015916 25.958064 25.850538 25.655722 25.311055 24.714477 23.702449 22.018671 19.277419 14.951852 8.506143 0.000000 
50.000000 47.198604 44.523182 42.082731 39.956111 38.185290 36.775734 35.702715 34.921136 34.376094 34.011968 33.778764 33.635484 33.550970 33.503074 33.476975 33.463289 33.456378 33.453015 33.451436 33.450720 33.450407 33.450274 33.450220 33.450198 33.450190 33.450186 33.450182 33.450174 33.450156 33.450110 33.449999 33.449739 33.449145 33.447831 33.445003 33.439095 33.427096 33.403391 33.357771 33.272105 33.114751 32.831094 32.327073 31.439429 29.880026 27.130879 22.261591 13.732773 0.000000 
50.000000 48.567085 47.198604 45.950309 44.862536 43.956752 43.235753 42.686893 42.287104 42.008306 41.822047 41.702758 41.629465 41.586233 41.561733 41.548382 41.541381 41.537846 41.536125 41.535317 41.534951 41.534791 41.534723 41.534695 41.534684 41.534680 41.534678 41.534675 41.534671 41.534661 41.534637 41.534576 41.534435 41.534112 41.533396 41.531852 41.528619 41.522032 41.508964 41.483684 41.435872 41.347179 41.185022 40.890745 40.355114 39.362067 37.444166 33.465832 24.283543 0.000000 
50.000000 50.000000 50.000000 50.000000 50.000000 50.000000 50.000000 50.000000 50.000000 50.000000 50.000000 50.000000 50.000000 50.000000 50.000000 50.000000 50.000000 50.000000 50.000000 50.000000 50.000000 50.000000 50.000000 50.000000 50.000000 50.000000 50.000000 50.000000 50.000000 50.000000 50.000000 50.000000 50.000000 50.000000 50.000000 50.000000 50.000000 50.000000 50.000000 50.000000 50.000000 50.000000 50.000000 50.000000 50.000000 50.000000 50.000000 50.000000 50.000000 50.000000 
