50.000000 50.000000 50.000000 50.000000 50.000000 50.000000 50.000000 50.000000 50.000000 50.000000 50.000000 50.000000 50.000000 50.000000 50.000000 50.000000 50.000000 50.000000 50.000000 50.000000 50.000000 50.000000 50.000000 50.000000 50.000000 50.000000 50.000000 50.000000 50.000000 50.000000 50.000000 50.000000 50.000000 50.000000 50.000000 50.000000 50.000000 50.000000 50.000000 50.000000 50.000000 50.000000 50.000000 50.000000 50.000000 50.000000 50.000000 50.000000 50.000000 50.000000 
50.000000 48.841386 47.724908 46.688110 45.760183 44.959660 44.293841 43.759812 43.346650 43.038218 42.815972 42.661337 42.557402 42.489891 42.447491 42.421733 42.406590 42.397969 42.393215 42.390674 42.389356 42.388694 42.388371 42.388217 42.388146 42.388112 42.388095 42.388079 42.388055 42.388006 42.387900 42.387675 42.387210 42.386270 42.384413 42.380833 42.374085 42.361640 42.339156 42.299276 42.229660 42.109611 41.904066 41.552058 40.942600 39.858866 37.833998 33.734557 24.420693 0.000000 
50.000000 47.724908 45.532558 43.496671 41.674568 40.102644 38.795230 37.746604 36.935317 36.329682 35.893283 35.589644 35.385561 35.252998 35.169744 35.119168 35.089433 35.072506 35.063171 35.058182 35.055596 35.054295 35.053660 35.053359 35.053219 35.053153 35.053119 35.053089 35.053044 35.052951 35.052753 35.052333 35.051464 35.049709 35.046251 35.039595 35.027082 35.004077 34.962676 34.889628 34.762997 34.546736 34.181575 33.569113 32.542803 30.813068 27.863019 22.766279 13.990351 0.000000 
50.000000 46.688110 43.496671 40.533003 37.880549 35.592291 33.689089 32.162612 30.981634 30.100025 29.464774 29.022781 28.725709 28.532746 28.411560 28.337941 28.294659 28.270021 28.256434 28.249172 28.245408 28.243515 28.242590 28.242152 28.241948 28.241853 28.241804 28.241763 28.241701 28.241576 28.241309 28.240746 28.239582 28.237237 28.232626 28.223779 28.207211 28.176898 28.122675 28.027742 27.864844 27.590412 27.135600 26.392485 25.193093 23.279179 20.266501 15.633652 8.854112 0.000000 
50.000000 45.760183 41.674568 37.880549 34.484951 31.555598 29.119194 27.165070 25.653249 24.524671 23.711473 23.145674 22.765393 22.518385 22.363260 22.269024 22.213622 22.182085 22.164693 22.155398 22.150580 22.148157 22.146974 22.146413 22.146152 22.146032 22.145970 22.145921 22.145849 22.145705 22.145399 22.144756 22.143430 22.140765 22.135544 22.125569 22.106977 22.073166 22.013138 21.909031 21.732526 21.439765 20.964376 20.208382 19.031564 17.242476 14.601370 10.861500 5.901317 0.000000 
50.000000 44.959660 40.102644 35.592291 31.555598 28.073195 25.176825 22.853802 21.056594 19.714989 18.748302 18.075719 17.623673 17.330053 17.145659 17.033644 16.967791 16.930305 16.909633 16.898585 16.892859 16.889979 16.888573 16.887906 16.887597 16.887454 16.887382 16.887328 16.887253 16.887104 16.886789 16.886129 16.884773 16.882056 16.876755 16.866674 16.847991 16.814246 16.754834 16.652848 16.482135 16.203478 15.760033 15.072628 14.036598 12.524034 10.399198 7.559841 4.017060 0.000000 
50.000000 44.293841 38.795230 33.689089 29.119194 25.176825 21.897916 19.268100 17.233561 15.714804 14.620485 13.859110 13.347393 13.015021 12.806293 12.679498 12.604957 12.562526 12.539129 12.526623 12.520142 12.516883 12.515292 12.514537 12.514188 12.514027 12.513948 12.513892 12.513818 12.513676 12.513378 12.512754 12.511477 12.508930 12.503980 12.494615 12.477365 12.446434 12.392449 12.300746 12.149188 11.905600 11.525217 10.948958 10.104197 8.910812 7.296604 5.226117 2.741783 0.000000 
50.000000 43.759812 37.746604 32.162612 27.165070 22.853802 19.268100 16.392247 14.167384 12.506571 11.309910 10.477341 9.917783 9.554342 9.326107 9.187464 9.105960 9.059566 9.033984 9.020311 9.013225 9.009662 9.007922 9.007097 9.006715 9.006541 9.006457 9.006401 9.006333 9.006206 9.005942 9.005392 9.004271 9.002042 8.997732 8.989621 8.974774 8.948346 8.902620 8.825741 8.700220 8.501375 8.196123 7.742883 7.093768 6.200693 5.027012 3.565029 1.855746 0.000000 
50.000000 43.346650 36.935317 30.981634 25.653249 21.056594 17.233561 14.167384 11.795302 10.024611 8.748795 7.861166 7.264611 6.877146 6.633827 6.486025 6.399137 6.349680 6.322409 6.307835 6.300281 6.296483 6.294629 6.293750 6.293343 6.293158 6.293071 6.293017 6.292957 6.292850 6.292630 6.292174 6.291247 6.289412 6.285880 6.279270 6.267245 6.245997 6.209538 6.148838 6.050850 5.897651 5.666009 5.327961 4.853116 4.213483 3.391222 2.388581 1.237039 0.000000 
50.000000 43.038218 36.329682 30.100025 24.524671 19.714989 15.714804 12.506571 10.024611 8.171918 6.837032 5.908316 5.284156 4.878767 4.624197 4.469562 4.378659 4.326918 4.298388 4.283140 4.275238 4.271265 4.269325 4.268406 4.267981 4.267788 4.267699 4.267648 4.267597 4.267511 4.267337 4.266978 4.266253 4.264823 4.262083 4.256982 4.247759 4.231574 4.204025 4.158573 4.085959 3.973761 3.806351 3.565617 3.232853 2.792145 2.235181 1.566685 0.808558 0.000000 
50.000000 42.815972 35.893283 29.464774 23.711473 18.748302 14.620485 11.309910 8.748795 6.837032 5.459598 4.501291 3.857251 3.438954 3.176282 3.016729 2.922935 2.869549 2.840113 2.824382 2.816229 2.812130 2.810129 2.809180 2.808742 2.808544 2.808454 2.808406 2.808363 2.808297 2.808166 2.807898 2.807358 2.806298 2.804276 2.800531 2.793800 2.782065 2.762238 2.729799 2.678459 2.599957 2.484169 2.319739 2.095454 1.802442 1.437032 1.003655 0.516696 0.000000 
50.000000 42.661337 35.589644 29.022781 23.145674 18.075719 13.859110 10.477341 7.861166 5.908316 4.501291 3.522405 2.864541 2.437271 2.168966 2.005993 1.910191 1.855662 1.825596 1.809529 1.801202 1.797015 1.794971 1.794003 1.793556 1.793354 1.793263 1.793218 1.793183 1.793134 1.793039 1.792848 1.792464 1.791714 1.790290 1.787666 1.782974 1.774844 1.761203 1.739053 1.704292 1.651627 1.574721 1.466662 1.320886 1.132536 0.900107 0.626968 0.322182 0.000000 
50.000000 42.557402 35.385561 28.725709 22.765393 17.623673 13.347393 9.917783 7.264611 5.284156 3.857251 2.864541 2.197391 1.764094 1.492007 1.326738 1.229587 1.174292 1.143803 1.127510 1.119066 1.114821 1.112749 1.111766 1.111313 1.111110 1.111019 1.110975 1.110946 1.110911 1.110845 1.110714 1.110454 1.109946 1.108986 1.107225 1.104092 1.098696 1.089697 1.075185 1.052582 1.018614 0.969436 0.900959 0.809427 0.692227 0.548811 0.381484 0.195762 0.000000 
50.000000 42.489891 35.252998 28.532746 22.518385 17.330053 13.015021 9.554342 6.877146 4.878767 3.438954 2.437271 1.764094 1.326885 1.052344 0.885585 0.787560 0.731766 0.701004 0.684564 0.676044 0.671761 0.669670 0.668679 0.668222 0.668017 0.667927 0.667885 0.667860 0.667835 0.667791 0.667705 0.667535 0.667205 0.666584 0.665450 0.663443 0.660002 0.654297 0.645154 0.631008 0.609900 0.579568 0.537656 0.482063 0.411408 0.325534 0.225916 0.115806 0.000000 
50.000000 42.447491 35.169744 28.411560 22.363260 17.145659 12.806293 9.326107 6.633827 4.624197 3.176282 2.168966 1.492007 1.052344 0.776263 0.608570 0.509995 0.453890 0.422956 0.406424 0.397857 0.393550 0.391448 0.390451 0.389992 0.389786 0.389695 0.389655 0.389634 0.389615 0.389587 0.389532 0.389426 0.389220 0.388834 0.388132 0.386894 0.384783 0.381301 0.375751 0.367215 0.354558 0.336486 0.311678 0.278985 0.237691 0.187781 0.130149 0.066658 0.000000 
50.000000 42.421733 35.119168 28.337941 22.269024 17.033644 12.679498 9.187464 6.486025 4.469562 3.016729 2.005993 1.326738 0.885585 0.608570 0.440310 0.341403 0.285108 0.254069 0.237482 0.228887 0.224565 0.222456 0.221456 0.220995 0.220789 0.220698 0.220659 0.220639 0.220626 0.220607 0.220574 0.220510 0.220386 0.220155 0.219736 0.219001 0.217753 0.215703 0.212453 0.207480 0.200145 0.189732 0.175518 0.156889 0.133480 0.105316 0.072917 0.037320 0.000000 
50.000000 42.406590 35.089433 28.294660 22.213622 16.967791 12.604957 9.105960 6.399137 4.378659 2.922935 1.910191 1.229588 0.787560 0.509995 0.341403 0.242300 0.185894 0.154794 0.138175 0.129562 0.125232 0.123118 0.122117 0.121655 0.121448 0.121358 0.121319 0.121301 0.121291 0.121279 0.121259 0.121222 0.121150 0.121017 0.120776 0.120354 0.119642 0.118477 0.116638 0.113837 0.109726 0.103917 0.096027 0.085735 0.072857 0.057423 0.039723 0.020320 0.000000 
50.000000 42.397969 35.072506 28.270021 22.182085 16.930305 12.562526 9.059566 6.349681 4.326918 2.869550 1.855663 1.174292 0.731767 0.453890 0.285108 0.185894 0.129426 0.098291 0.081653 0.073031 0.068696 0.066580 0.065577 0.065115 0.064908 0.064818 0.064779 0.064762 0.064754 0.064746 0.064734 0.064713 0.064673 0.064599 0.064465 0.064232 0.063839 0.063199 0.062192 0.060665 0.058434 0.055295 0.051049 0.045532 0.038655 0.030439 0.021042 0.010759 0.000000 
50.000000 42.393215 35.063171 28.256434 22.164694 16.909634 12.539129 9.033984 6.322410 4.298388 2.840114 1.825597 1.143804 0.701004 0.422956 0.254070 0.154795 0.098292 0.067138 0.050489 0.041862 0.037524 0.035407 0.034404 0.033941 0.033734 0.033644 0.033606 0.033589 0.033582 0.033576 0.033570 0.033558 0.033536 0.033496 0.033424 0.033300 0.033090 0.032750 0.032216 0.031410 0.030237 0.028592 0.026375 0.023505 0.019938 0.015689 0.010839 0.005540 0.000000 
50.000000 42.390674 35.058182 28.249173 22.155399 16.898586 12.526625 9.020312 6.307836 4.283142 2.824383 1.809530 1.127511 0.684565 0.406426 0.237484 0.138176 0.081654 0.050490 0.033836 0.025206 0.020867 0.018749 0.017746 0.017283 0.017076 0.016986 0.016948 0.016931 0.016924 0.016920 0.016917 0.016910 0.016899 0.016878 0.016841 0.016776 0.016668 0.016492 0.016218 0.015806 0.015207 0.014371 0.013248 0.011798 0.010000 0.007864 0.005430 0.002774 0.000000 
50.000000 42.389357 35.055597 28.245410 22.150582 16.892861 12.520145 9.013228 6.300285 4.275242 2.816233 1.801206 1.119070 0.676048 0.397861 0.228891 0.129566 0.073035 0.041865 0.025209 0.016577 0.012237 0.010119 0.009115 0.008653 0.008446 0.008355 0.008317 0.008301 0.008294 0.008291 0.008289 0.008285 0.008280 0.008269 0.008250 0.008218 0.008163 0.008076 0.007939 0.007735 0.007438 0.007026 0.006472 0.005760 0.004880 0.003835 0.002647 0.001352 0.000000 
50.000000 42.388696 35.054298 28.243519 22.148163 16.889986 12.516891 9.009670 6.296492 4.271274 2.812139 1.797025 1.114831 0.671771 0.393560 0.224575 0.125242 0.068706 0.037534 0.020876 0.012243 0.007903 0.005785 0.004781 0.004318 0.004111 0.004021 0.003983 0.003967 0.003961 0.003958 0.003956 0.003954 0.003951 0.003946 0.003937 0.003921 0.003895 0.003852 0.003786 0.003687 0.003544 0.003346 0.003081 0.002740 0.002320 0.001823 0.001258 0.000642 0.000000 
50.000000 42.388375 35.053668 28.242602 22.146989 16.888591 12.515312 9.007944 6.294652 4.269350 2.810154 1.794997 1.112774 0.669696 0.391474 0.222482 0.123144 0.066606 0.035433 0.018774 0.010141 0.005801 0.003682 0.002678 0.002216 0.002009 0.001919 0.001880 0.001865 0.001858 0.001855 0.001854 0.001853 0.001852 0.001849 0.001845 0.001837 0.001824 0.001804 0.001773 0.001726 0.001659 0.001565 0.001440 0.001281 0.001084 0.000851 0.000587 0.000300 0.000000 
50.000000 42.388227 35.053379 28.242181 22.146450 16.887950 12.514587 9.007151 6.293807 4.268465 2.809241 1.794065 1.111829 0.668743 0.390515 0.221520 0.122181 0.065641 0.034467 0.017808 0.009175 0.004835 0.002717 0.001712 0.001250 0.001043 0.000953 0.000914 0.000899 0.000892 0.000890 0.000889 0.000888 0.000887 0.000886 0.000884 0.000880 0.000874 0.000864 0.000849 0.000826 0.000794 0.000749 0.000689 0.000612 0.000518 0.000406 0.000280 0.000143 0.000000 
50.000000 42.388170 35.053267 28.242018 22.146242 16.887703 12.514307 9.006845 6.293481 4.268124 2.808890 1.793706 1.111465 0.668375 0.390146 0.221149 0.121809 0.065269 0.034095 0.017436 0.008803 0.004463 0.002344 0.001340 0.000878 0.000671 0.000580 0.000542 0.000526 0.000520 0.000517 0.000516 0.000516 0.000515 0.000515 0.000513 0.000511 0.000507 0.000502 0.000493 0.000479 0.000460 0.000434 0.000399 0.000355 0.000300 0.000235 0.000162 0.000083 0.000000 
50.000000 42.388170 35.053267 28.242018 22.146242 16.887703 12.514307 9.006845 6.293481 4.268124 2.808890 1.793706 1.111465 0.668375 0.390146 0.221149 0.121809 0.065269 0.034095 0.017436 0.008803 0.004463 0.002344 0.001340 0.000878 0.000671 0.000580 0.000542 0.000526 0.000520 0.000517 0.000516 0.000516 0.000515 0.000515 0.000513 0.000511 0.000507 0.000502 0.000493 0.000479 0.000460 0.000434 0.000399 0.000355 0.000300 0.000235 0.000162 0.000083 0.000000 
50.000000 42.388227 35.053379 28.242181 22.146450 16.887950 12.514587 9.007151 6.293807 4.268465 2.809241 1.794065 1.111829 0.668743 0.390515 0.221520 0.122181 0.065641 0.034467 0.017808 0.009175 0.004835 0.002717 0.001712 0.001250 0.001043 0.000953 0.000914 0.000899 0.000892 0.000890 0.000889 0.000888 0.000887 0.000886 0.000884 0.000880 0.000874 0.000864 0.000849 0.000826 0.000794 0.000749 0.000689 0.000612 0.000518 0.000406 0.000280 0.000143 0.000000 
50.000000 42.388375 35.053668 28.242602 22.146989 16.888591 12.515312 9.007944 6.294652 4.269350 2.810154 1.794997 1.112774 0.669696 0.391474 0.222482 0.123144 0.066606 0.035433 0.018774 0.010141 0.005801 0.003682 0.002678 0.002216 0.002009 0.001919 0.001880 0.001865 0.001858 0.001855 0.001854 0.001853 0.001852 0.001849 0.001845 0.001837 0.001824 0.001804 0.001773 0.001726 0.001659 0.001565 0.001440 0.001281 0.001084 0.000851 0.000587 0.000300 0.000000 
50.000000 42.388696 35.054298 28.243519 22.148163 16.889986 12.516891 9.009670 6.296492 4.271274 2.812139 1.797025 1.114831 0.671771 0.393560 0.224575 0.125242 0.068706 0.037534 0.020876 0.012243 0.007903 0.005785 0.004781 0.004318 0.004111 0.004021 0.003983 0.003967 0.003961 0.003958 0.003956 0.003954 0.003951 0.003946 0.003937 0.003921 0.003895 0.003852 0.003786 0.003687 0.003544 0.003346 0.003081 0.002740 0.002320 0.001823 0.001258 0.000642 0.000000 
50.000000 42.389357 35.055597 28.245410 22.150582 16.892861 12.520145 9.013228 6.300285 4.275242 2.816233 1.801206 1.119070 0.676048 0.397861 0.228891 0.129566 0.073035 0.041865 0.025209 0.016577 0.012237 0.010119 0.009115 0.008653 0.008446 0.008355 0.008317 0.008301 0.008294 0.008291 0.008289 0.008285 0.008280 0.008269 0.008250 0.008218 0.008163 0.008076 0.007939 0.007735 0.007438 0.007026 0.006472 0.005760 0.004880 0.003835 0.002647 0.001352 0.000000 
50.000000 42.390674 35.058182 28.249173 22.155399 16.898586 12.526625 9.020312 6.307836 4.283142 2.824383 1.809530 1.127511 0.684565 0.406426 0.237484 0.138176 0.081654 0.050490 0.033836 0.025206 0.020867 0.018749 0.017746 0.017283 0.017076 0.016986 0.016948 0.016931 0.016924 0.016920 0.016917 0.016910 0.016899 0.016878 0.016841 0.016776 0.016668 0.016492 0.016218 0.015806 0.015207 0.014371 0.013248 0.011798 0.010000 0.007864 0.005430 0.002774 0.000000 
50.000000 42.393215 35.063171 28.256434 22.164694 16.909634 12.539129 9.033984 6.322410 4.298388 2.840114 1.825597 1.143804 0.701004 0.422956 0.254070 0.154795 0.098292 0.067138 0.050489 0.041862 0.037524 0.035407 0.034404 0.033941 0.033734 0.033644 0.033606 0.033589 0.033582 0.033576 0.033570 0.033558 0.033536 0.033496 0.033424 0.033300 0.033090 0.032750 0.032216 0.031410 0.030237 0.028592 0.026375 0.023505 0.019938 0.015689 0.010839 0.005540 0.000000 
50.000000 42.397969 35.072506 28.270021 22.182085 16.930305 12.562526 9.059566 6.349681 4.326918 2.869550 1.855663 1.174292 0.731767 0.453890 0.285108 0.185894 0.129426 0.098291 0.081653 0.073031 0.068696 0.066580 0.065577 0.065115 0.064908 0.064818 0.064779 0.064762 0.064754 0.064746 0.064734 0.064713 0.064673 0.064599 0.064465 0.064232 0.063839 0.063199 0.062192 0.060665 0.058434 0.055295 0.051049 0.045532 0.038655 0.030439 0.021042 0.010759 0.000000 
50.000000 42.406590 35.089433 28.294660 22.213622 16.967791 12.604957 9.105960 6.399137 4.378659 2.922935 1.910191 1.229588 0.787560 0.509995 0.341403 0.242300 0.185894 0.154794 0.138175 0.129562 0.125232 0.123118 0.122117 0.121655 0.121448 0.121358 0.121319 0.121301 0.121291 0.121279 0.121259 0.121222 0.121150 0.121017 0.120776 0.120354 0.119642 0.118477 0.116638 0.113837 0.109726 0.103917 0.096027 0.085735 0.072857 0.057423 0.039723 0.020320 0.000000 
50.000000 42.421733 35.119168 28.337941 22.269024 17.033644 12.679498 9.187464 6.486025 4.469562 3.016729 2.005993 1.326738 0.885585 0.608570 0.440310 0.341403 0.285108 0.254069 0.237482 0.228887 0.224565 0.222456 0.221456 0.220995 0.220789 0.220698 0.220659 0.220639 0.220626 0.220607 0.220574 0.220510 0.220386 0.220155 0.219736 0.219001 0.217753 0.215703 0.212453 0.207480 0.200145 0.189732 0.175518 0.156889 0.133480 0.105316 0.072917 0.037320 0.000000 
50.000000 42.447491 35.169744 28.411560 22.363260 17.145659 12.806293 9.326107 6.633827 4.624197 3.176282 2.168966 1.492007 1.052344 0.776263 0.608570 0.509995 0.453890 0.422956 0.406424 0.397857 0.393550 0.391448 0.390451 0.389992 0.389786 0.389695 0.389655 0.389634 0.389615 0.389587 0.389532 0.389426 0.389220 0.388834 0.388132 0.386894 0.384783 0.381301 0.375751 0.367215 0.354558 0.336486 0.311678 0.278985 0.237691 0.187781 0.130149 0.066658 0.000000 
50.000000 42.489891 35.252998 28.532746 22.518385 17.330053 13.015021 9.554342 6.877146 4.878767 3.438954 2.437271 1.764094 1.326885 1.052344 0.885585 0.787560 0.731766 0.701004 0.684564 0.676044 0.671761 0.669670 0.668679 0.668222 0.668017 0.667927 0.667885 0.667860 0.667835 0.667791 0.667705 0.667535 0.667205 0.666584 0.665450 0.663443 0.660002 0.654297 0.645154 0.631008 0.609900 0.579568 0.537656 0.482063 0.411408 0.325534 0.225916 0.115806 0.000000 
50.000000 42.557402 35.385561 28.725709 22.765393 17.623673 13.347393 9.917783 7.264611 5.284156 3.857251 2.864541 2.197391 1.764094 1.492007 1.326738 1.229587 1.174292 1.143803 1.127510 1.119066 1.114821 1.112749 1.111766 1.111313 1.111110 1.111019 1.110975 1.110946 1.110911 1.110845 1.110714 1.110454 1.109946 1.108986 1.107225 1.104092 1.098696 1.089697 1.075185 1.052582 1.018614 0.969436 0.900959 0.809427 0.692227 0.548811 0.381484 0.195762 0.000000 
50.000000 42.661337 35.589644 29.022781 23.145674 18.075719 13.859110 10.477341 7.861166 5.908316 4.501291 3.522405 2.864541 2.437271 2.168966 2.005993 1.910191 1.855662 1.825596 1.809529 1.801202 1.797015 1.794971 1.794003 1.793556 1.793354 1.793263 1.793218 1.793183 1.793134 1.793039 1.792848 1.792464 1.791714 1.790290 1.787666 1.782974 1.774844 1.761203 1.739053 1.704292 1.651627 1.574721 1.466662 1.320886 1.132536 0.900107 0.626968 0.322182 0.000000 
50.000000 42.815972 35.893283 29.464774 23.711473 18.748302 14.620485 11.309910 8.748795 6.837032 5.459598 4.501291 3.857251 3.438954 3.176282 3.016729 2.922935 2.869549 2.840113 2.824382 2.816229 2.812130 2.810129 2.809180 2.808742 2.808544 2.808454 2.808406 2.808363 2.808297 2.808166 2.807898 2.807358 2.806298 2.804276 2.800531 2.793800 2.782065 2.762238 2.729799 2.678459 2.599957 2.484169 2.319739 2.095454 1.802442 1.437032 1.003655 0.516696 0.000000 
50.000000 43.038218 36.329682 30.100025 24.524671 19.714989 15.714804 12.506571 10.024611 8.171918 6.837032 5.908316 5.284156 4.878767 4.624197 4.469562 4.378659 4.326918 4.298388 4.283140 4.275238 4.271265 4.269325 4.268406 4.267981 4.267788 4.267699 4.267648 4.267597 4.267511 4.267337 4.266978 4.266253 4.264823 4.262083 4.256982 4.247759 4.231574 4.204025 4.158573 4.085959 3.973761 3.806351 3.565617 3.232853 2.792145 2.235181 1.566685 0.808558 0.000000 
50.000000 43.346650 36.935317 30.981634 25.653249 21.056594 17.233561 14.167384 11.795302 10.024611 8.748795 7.861166 7.264611 6.877146 6.633827 6.486025 6.399137 6.349680 6.322409 6.307835 6.300281 6.296483 6.294629 6.293750 6.293343 6.293158 6.293071 6.293017 6.292957 6.292850 6.292630 6.292174 6.291247 6.289412 6.285880 6.279270 6.267245 6.245997 6.209538 6.148838 6.050850 5.897651 5.666009 5.327961 4.853116 4.213483 3.391222 2.388581 1.237039 0.000000 
50.000000 43.759812 37.746604 32.162612 27.165070 22.853802 19.268100 16.392247 14.167384 12.506571 11.309910 10.477341 9.917783 9.554342 9.326107 9.187464 9.105960 9.059566 9.033984 9.020311 9.013225 9.009662 9.007922 9.007097 9.006715 9.006541 9.006457 9.006401 9.006333 9.006206 9.005942 9.005392 9.004271 9.002042 8.997732 8.989621 8.974774 8.948346 8.902620 8.825741 8.700220 8.501375 8.196123 7.742883 7.093768 6.200693 5.027012 3.565029 1.855746 0.000000 
50.000000 44.293841 38.795230 33.689089 29.119194 25.176825 21.897916 19.268100 17.233561 15.714804 14.620485 13.859110 13.347393 13.015021 12.806293 12.679498 12.604957 12.562526 12.539129 12.526623 12.520142 12.516883 12.515292 12.514537 12.514188 12.514027 12.513948 12.513892 12.513818 12.513676 12.513378 12.512754 12.511477 12.508930 12.503980 12.494615 12.477365 12.446434 12.392449 12.300746 12.149188 11.905600 11.525217 10.948958 10.104197 8.910812 7.296604 5.226117 2.741783 0.000000 
50.000000 44.959660 40.102644 35.592291 31.555598 28.073195 25.176825 22.853802 21.056594 19.714989 18.748302 18.075719 17.623673 17.330053 17.145659 17.033644 16.967791 16.930305 16.909633 16.898585 16.892859 16.889979 16.888573 16.887906 16.887597 16.887454 16.887382 16.887328 16.887253 16.887104 16.886789 16.886129 16.884773 16.882056 16.876755 16.866674 16.847991 16.814246 16.754834 16.652848 16.482135 16.203478 15.760033 15.072628 14.036598 12.524034 10.399198 7.559841 4.017060 0.000000 
50.000000 45.760183 41.674568 37.880549 34.484951 31.555598 29.119194 27.165070 25.653249 24.524671 23.711473 23.145674 22.765393 22.518385 22.363260 22.269024 22.213622 22.182085 22.164693 22.155398 22.150580 22.148157 22.146974 22.146413 22.146152 22.146032 22.145970 22.145921 22.145849 22.145705 22.145399 22.144756 22.143430 22.140765 22.135544 22.125569 22.106977 22.073166 22.013138 21.909031 21.732526 21.439765 20.964376 20.208382 19.031564 17.242476 14.601370 10.861500 5.901317 0.000000 
50.000000 46.688110 43.496671 40.533003 37.880549 35.592291 33.689089 32.162612 30.981634 30.100025 29.464774 29.022781 28.725709 28.532746 28.411560 28.337941 28.294659 28.270021 28.256434 28.249172 28.245408 28.243515 28.242590 28.242152 28.241948 28.241853 28.241804 28.241763 28.241701 28.241576 28.241309 28.240746 28.239582 28.237237 28.232626 28.223779 28.207211 28.176898 28.122675 28.027742 27.864844 27.590412 27.135600 26.392485 25.193093 23.279179 20.266501 15.633652 8.854112 0.000000 
50.000000 47.724908 45.532558 43.496671 41.674568 40.102644 38.795230 37.746604 36.935317 36.329682 35.893283 35.589644 35.385561 35.252998 35.169744 35.119168 35.089433 35.072506 35.063171 35.058182 35.055596 35.054295 35.053660 35.053359 35.053219 35.053153 35.053119 35.053089 35.053044 35.052951 35.052753 35.052333 35.051464 35.049709 35.046251 35.039595 35.027082 35.004077 34.962676 34.889628 34.762997 34.546736 34.181575 33.569113 32.542803 30.813068 27.863019 22.766279 13.990351 0.000000 
50.000000 48.841386 47.724908 46.688110 45.760183 44.959660 44.293841 43.759812 43.346650 43.038218 42.815972 42.661337 42.557402 42.489891 42.447491 42.421733 42.406590 42.397969 42.393215 42.390674 42.389356 42.388694 42.388371 42.388217 42.388146 42.388112 42.388095 42.388079 42.388055 42.388006 42.387900 42.387675 42.387210 42.386270 42.384413 42.380833 42.374085 42.361640 42.339156 42.299276 42.229660 42.109611 41.904066 41.552058 40.942600 39.858866 37.833998 33.734557 24.420693 0.000000 
50.000000 50.000000 50.000000 50.000000 50.000000 50.000000 50.000000 50.000000 50.000000 50.000000 50.000000 50.000000 50.000000 50.000000 50.000000 50.000000 50.000000 50.000000 50.000000 50.000000 50.000000 50.000000 50.000000 50.000000 50.000000 50.000000 50.000000 50.000000 50.000000 50.000000 50.000000 50.000000 50.000000 50.000000 50.000000 50.000000 50.000000 50.000000 50.000000 50.000000 50.000000 50.000000 50.000000 50.000000 50.000000 50.000000 50.000000 50.000000 50.000000 50.000000 
