50.000000 50.000000 50.000000 50.000000 50.000000 50.000000 50.000000 50.000000 50.000000 50.000000 50.000000 50.000000 50.000000 50.000000 50.000000 50.000000 50.000000 50.000000 50.000000 50.000000 50.000000 50.000000 50.000000 50.000000 50.000000 50.000000 50.000000 50.000000 50.000000 50.000000 50.000000 50.000000 50.000000 50.000000 50.000000 50.000000 50.000000 50.000000 50.000000 50.000000 50.000000 50.000000 50.000000 50.000000 50.000000 50.000000 50.000000 50.000000 50.000000 50.000000 
50.000000 48.670043 47.395598 46.225234 45.195078 44.325789 43.622340 43.076254 42.669406 42.378369 42.178368 42.046261 41.962337 41.911030 41.880825 41.863690 41.854317 41.849370 41.846850 41.845608 41.845017 41.844745 41.844624 41.844571 41.844549 41.844540 41.844535 41.844531 41.844523 41.844505 41.844463 41.844365 41.844145 41.843665 41.842644 41.840533 41.836280 41.827930 41.811930 41.781957 41.726936 41.627608 41.450398 41.135694 40.573494 39.547350 37.589969 33.566558 24.335021 0.000000 
50.000000 47.395598 44.899905 42.608034 40.590730 38.888448 37.510929 36.441567 35.644870 35.074960 34.683319 34.424629 34.260292 34.159824 34.100679 34.067127 34.048774 34.039088 34.034152 34.031721 34.030564 34.030032 34.029794 34.029691 34.029648 34.029630 34.029621 34.029613 34.029598 34.029564 34.029486 34.029304 34.028897 34.028009 34.026126 34.022237 34.014423 33.999128 33.969937 33.915545 33.816398 33.639156 33.327351 32.785130 31.847805 30.226509 27.403534 22.449953 13.829039 0.000000 
50.000000 46.225234 42.608034 39.286255 36.362439 33.895217 31.898706 30.348834 29.194156 28.368175 27.800568 27.425652 27.187484 27.041882 26.956166 26.907542 26.880946 26.866909 26.859756 26.856234 26.854557 26.853785 26.853441 26.853292 26.853229 26.853203 26.853190 26.853179 26.853160 26.853115 26.853011 26.852771 26.852234 26.851065 26.848591 26.843500 26.833309 26.813459 26.775804 26.706186 26.580579 26.359090 25.976672 25.328859 24.250196 22.483404 19.643128 15.204500 8.635265 0.000000 
50.000000 45.195078 40.590730 36.362439 32.640730 29.500239 26.958927 24.986151 23.516418 22.465079 21.742619 21.265426 20.962290 20.776974 20.667880 20.605996 20.572147 20.554283 20.545180 20.540698 20.538564 20.537582 20.537144 20.536954 20.536874 20.536841 20.536825 20.536812 20.536790 20.536740 20.536623 20.536355 20.535755 20.534455 20.531711 20.526089 20.514890 20.493207 20.452384 20.377617 20.244333 20.012929 19.621437 18.975883 17.938970 16.320365 13.879035 10.364221 5.647728 0.000000 
50.000000 44.325789 38.888448 33.895217 29.500239 25.791648 22.790653 20.461057 18.725512 17.484049 16.630951 16.067481 15.709543 15.490729 15.361919 15.288852 15.248888 15.227796 15.217049 15.211758 15.209239 15.208079 15.207562 15.207338 15.207244 15.207205 15.207187 15.207173 15.207150 15.207100 15.206983 15.206714 15.206117 15.204826 15.202114 15.196580 15.185620 15.164543 15.125189 15.053847 14.928272 14.713690 14.357853 13.785771 12.895824 11.561269 9.645021 7.040643 3.752294 0.000000 
50.000000 43.622340 37.510929 31.898706 26.958927 22.790653 19.417715 16.799417 14.848817 13.453541 12.494765 11.861504 11.459242 11.213336 11.068581 10.986471 10.941562 10.917861 10.905785 10.899839 10.897009 10.895706 10.895125 10.894874 10.894768 10.894724 10.894705 10.894691 10.894669 10.894623 10.894515 10.894270 10.893726 10.892553 10.890099 10.885120 10.875317 10.856600 10.821952 10.759789 10.651741 10.469914 10.173970 9.708857 9.004883 7.983044 6.569847 4.725799 2.486647 0.000000 
50.000000 43.076254 36.441567 30.348834 24.986151 20.461057 16.799417 13.957044 11.839537 10.324896 9.284113 8.596701 8.160048 7.893125 7.736001 7.646878 7.598134 7.572410 7.559303 7.552850 7.549779 7.548365 7.547734 7.547462 7.547347 7.547300 7.547279 7.547266 7.547247 7.547207 7.547115 7.546907 7.546447 7.545458 7.543399 7.539243 7.531110 7.515695 7.487402 7.437152 7.350851 7.207672 6.978522 6.625447 6.103204 5.364714 4.372162 3.114217 1.625856 0.000000 
50.000000 42.669406 35.644870 29.194156 23.516418 18.725512 14.848817 11.839537 9.597718 7.994178 6.892326 6.164591 5.702334 5.419765 5.253435 5.159091 5.107493 5.080265 5.066391 5.059561 5.056310 5.054813 5.054145 5.053857 5.053736 5.053686 5.053665 5.053652 5.053637 5.053605 5.053531 5.053366 5.053001 5.052220 5.050603 5.047355 5.041037 5.029148 5.007505 4.969431 4.904766 4.798859 4.631866 4.378903 4.011823 3.503488 2.835066 2.005714 1.041798 0.000000 
50.000000 42.378369 35.074960 28.368175 22.465079 17.484049 13.453541 10.324896 7.994178 6.327071 5.181556 4.424996 3.944436 3.650685 3.477775 3.379701 3.326065 3.297761 3.283339 3.276240 3.272861 3.271305 3.270611 3.270312 3.270186 3.270134 3.270113 3.270101 3.270089 3.270064 3.270009 3.269885 3.269612 3.269032 3.267834 3.265442 3.260816 3.252170 3.236551 3.209320 3.163536 3.089411 2.974045 2.801800 2.555777 2.220746 1.787595 1.258562 0.651434 0.000000 
50.000000 42.178368 34.683319 27.800568 21.742619 16.630951 12.494765 9.284113 6.892326 5.181556 4.006053 3.229697 2.736570 2.435141 2.257715 2.157082 2.102046 2.073004 2.058207 2.050923 2.047456 2.045860 2.045148 2.044841 2.044712 2.044659 2.044638 2.044627 2.044617 2.044599 2.044560 2.044472 2.044279 2.043870 2.043031 2.041362 2.038154 2.032195 2.021508 2.003026 1.972237 1.922894 1.846960 1.734975 1.577105 1.365002 1.094382 0.767774 0.396411 0.000000 
50.000000 42.046261 34.424629 27.425652 21.265426 16.067481 11.861504 8.596701 6.164591 4.424996 3.229697 2.440275 1.938855 1.632360 1.451954 1.349633 1.293674 1.264146 1.249101 1.241696 1.238171 1.236548 1.235824 1.235512 1.235381 1.235327 1.235306 1.235296 1.235288 1.235276 1.235249 1.235189 1.235060 1.234787 1.234227 1.233121 1.231005 1.227098 1.220138 1.208189 1.188444 1.157087 1.109298 1.039553 0.942292 0.813042 0.649848 0.454691 0.234332 0.000000 
50.000000 41.962337 34.260292 27.187484 20.962290 15.709543 11.459242 8.160048 5.702334 3.944436 2.736570 1.938855 1.432171 1.122462 0.940166 0.836773 0.780229 0.750393 0.735191 0.727708 0.724147 0.722507 0.721776 0.721460 0.721328 0.721274 0.721252 0.721243 0.721237 0.721228 0.721211 0.721173 0.721090 0.720916 0.720561 0.719861 0.718530 0.716085 0.711757 0.704375 0.692267 0.673186 0.644353 0.602642 0.545001 0.469083 0.374025 0.261164 0.134407 0.000000 
50.000000 41.911030 34.159824 27.041882 20.776974 15.490729 11.213336 7.893125 5.419765 3.650685 2.435141 1.632360 1.122462 0.810790 0.627340 0.523293 0.466392 0.436368 0.421070 0.413540 0.409957 0.408306 0.407571 0.407253 0.407120 0.407066 0.407044 0.407035 0.407030 0.407025 0.407014 0.406991 0.406940 0.406834 0.406618 0.406196 0.405395 0.403932 0.401355 0.396987 0.389868 0.378728 0.362015 0.338019 0.305110 0.262083 0.208572 0.145401 0.074750 0.000000 
50.000000 41.880825 34.100679 26.956166 20.667880 15.361919 11.068581 7.736001 5.253435 3.477775 2.257715 1.451954 0.940166 0.627340 0.443211 0.338781 0.281670 0.251535 0.236181 0.228624 0.225027 0.223370 0.222632 0.222313 0.222180 0.222126 0.222104 0.222095 0.222091 0.222087 0.222081 0.222067 0.222038 0.221976 0.221850 0.221606 0.221144 0.220305 0.218833 0.216353 0.212333 0.206080 0.196759 0.183461 0.165339 0.141791 0.112666 0.078442 0.040292 0.000000 
50.000000 41.863690 34.067127 26.907542 20.605996 15.288852 10.986471 7.646878 5.159091 3.379701 2.157082 1.349633 0.836773 0.523293 0.338781 0.234132 0.176903 0.146705 0.131320 0.123747 0.120142 0.118483 0.117743 0.117423 0.117290 0.117235 0.117214 0.117205 0.117202 0.117199 0.117195 0.117187 0.117171 0.117136 0.117066 0.116930 0.116675 0.116212 0.115405 0.114051 0.111867 0.108488 0.103479 0.096372 0.086739 0.074284 0.058951 0.041001 0.021046 0.000000 
50.000000 41.854317 34.048774 26.880946 20.572147 15.248888 10.941562 7.598134 5.107493 3.326065 2.102046 1.293674 0.780229 0.466392 0.281670 0.176903 0.119609 0.089377 0.073975 0.066393 0.062784 0.061123 0.060382 0.060062 0.059928 0.059874 0.059852 0.059844 0.059841 0.059839 0.059836 0.059832 0.059823 0.059805 0.059767 0.059695 0.059559 0.059314 0.058887 0.058176 0.057033 0.055273 0.052676 0.049009 0.044061 0.037692 0.029881 0.020765 0.010653 0.000000 
50.000000 41.849370 34.039088 26.866909 20.554283 15.227796 10.917861 7.572410 5.080265 3.297761 2.073004 1.264146 0.750393 0.436368 0.251535 0.146705 0.089377 0.059127 0.043715 0.036129 0.032518 0.030856 0.030115 0.029795 0.029661 0.029606 0.029585 0.029577 0.029573 0.029572 0.029571 0.029568 0.029564 0.029554 0.029535 0.029497 0.029428 0.029303 0.029086 0.028725 0.028148 0.027264 0.025964 0.024136 0.021679 0.018528 0.014675 0.010191 0.005226 0.000000 
50.000000 41.846850 34.034152 26.859756 20.545180 15.217049 10.905785 7.559303 5.066391 3.283339 2.058207 1.249101 0.735191 0.421071 0.236182 0.131320 0.073975 0.043715 0.028299 0.020710 0.017099 0.015436 0.014694 0.014374 0.014240 0.014186 0.014164 0.014156 0.014153 0.014152 0.014151 0.014150 0.014147 0.014142 0.014133 0.014114 0.014080 0.014018 0.013912 0.013736 0.013455 0.013025 0.012396 0.011515 0.010335 0.008825 0.006985 0.004848 0.002485 0.000000 
50.000000 41.845608 34.031721 26.856234 20.540698 15.211758 10.899840 7.552851 5.059561 3.276240 2.050923 1.241696 0.727708 0.413541 0.228624 0.123747 0.066393 0.036129 0.020711 0.013121 0.009509 0.007845 0.007104 0.006784 0.006650 0.006595 0.006574 0.006566 0.006563 0.006561 0.006561 0.006560 0.006559 0.006557 0.006552 0.006543 0.006527 0.006497 0.006447 0.006364 0.006231 0.006030 0.005735 0.005324 0.004775 0.004075 0.003223 0.002236 0.001146 0.000000 
50.000000 41.845018 34.030565 26.854558 20.538565 15.209239 10.897010 7.549780 5.056311 3.272861 2.047457 1.238171 0.724147 0.409957 0.225027 0.120143 0.062785 0.032519 0.017099 0.009509 0.005897 0.004233 0.003492 0.003172 0.003037 0.002983 0.002962 0.002953 0.002950 0.002949 0.002949 0.002948 0.002948 0.002947 0.002945 0.002940 0.002933 0.002919 0.002896 0.002858 0.002798 0.002706 0.002573 0.002387 0.002140 0.001825 0.001443 0.001000 0.000512 0.000000 
50.000000 41.844746 34.030032 26.853786 20.537583 15.208080 10.895707 7.548366 5.054814 3.271307 2.045861 1.236549 0.722508 0.408308 0.223372 0.118484 0.061124 0.030858 0.015437 0.007847 0.004234 0.002571 0.001829 0.001509 0.001375 0.001321 0.001299 0.001291 0.001288 0.001287 0.001286 0.001286 0.001286 0.001285 0.001284 0.001283 0.001279 0.001273 0.001263 0.001246 0.001220 0.001179 0.001121 0.001039 0.000931 0.000794 0.000627 0.000435 0.000223 0.000000 
50.000000 41.844625 34.029795 26.853443 20.537146 15.207565 10.895129 7.547738 5.054150 3.270616 2.045153 1.235829 0.721780 0.407575 0.222637 0.117748 0.060387 0.030120 0.014699 0.007108 0.003496 0.001832 0.001091 0.000771 0.000637 0.000582 0.000561 0.000553 0.000550 0.000548 0.000548 0.000548 0.000548 0.000547 0.000547 0.000546 0.000545 0.000542 0.000538 0.000531 0.000519 0.000502 0.000477 0.000442 0.000396 0.000337 0.000266 0.000184 0.000094 0.000000 
50.000000 41.844574 34.029695 26.853298 20.536962 15.207347 10.894884 7.547473 5.053869 3.270324 2.044853 1.235524 0.721473 0.407266 0.222326 0.117436 0.060075 0.029808 0.014387 0.006797 0.003184 0.001520 0.000779 0.000459 0.000325 0.000270 0.000249 0.000241 0.000238 0.000236 0.000236 0.000236 0.000236 0.000236 0.000235 0.000235 0.000234 0.000233 0.000231 0.000228 0.000223 0.000216 0.000205 0.000190 0.000170 0.000145 0.000114 0.000079 0.000041 0.000000 
50.000000 41.844555 34.029659 26.853246 20.536896 15.207269 10.894796 7.547377 5.053768 3.270218 2.044745 1.235414 0.721362 0.407154 0.222214 0.117324 0.059963 0.029695 0.014275 0.006684 0.003071 0.001408 0.000666 0.000346 0.000212 0.000158 0.000136 0.000128 0.000125 0.000124 0.000123 0.000123 0.000123 0.000123 0.000123 0.000123 0.000123 0.000122 0.000121 0.000119 0.000117 0.000113 0.000107 0.000099 0.000089 0.000075 0.000060 0.000041 0.000021 0.000000 
50.000000 41.844555 34.029659 26.853246 20.536896 15.207269 10.894796 7.547377 5.053768 3.270218 2.044745 1.235414 0.721362 0.407154 0.222214 0.117324 0.059963 0.029695 0.014275 0.006684 0.003071 0.001408 0.000666 0.000346 0.000212 0.000158 0.000136 0.000128 0.000125 0.000124 0.000123 0.000123 0.000123 0.000123 0.000123 0.000123 0.000123 0.000122 0.000121 0.000119 0.000117 0.000113 0.000107 0.000099 0.000089 0.000075 0.000060 0.000041 0.000021 0.000000 
50.000000 41.844574 34.029695 26.853298 20.536962 15.207347 10.894884 7.547473 5.053869 3.270324 2.044853 1.235524 0.721473 0.407266 0.222326 0.117436 0.060075 0.029808 0.014387 0.006797 0.003184 0.001520 0.000779 0.000459 0.000325 0.000270 0.000249 0.000241 0.000238 0.000236 0.000236 0.000236 0.000236 0.000236 0.000235 0.000235 0.000234 0.000233 0.000231 0.000228 0.000223 0.000216 0.000205 0.000190 0.000170 0.000145 0.000114 0.000079 0.000041 0.000000 
50.000000 41.844625 34.029795 26.853443 20.537146 15.207565 10.895129 7.547738 5.054150 3.270616 2.045153 1.235829 0.721780 0.407575 0.222637 0.117748 0.060387 0.030120 0.014699 0.007108 0.003496 0.001832 0.001091 0.000771 0.000637 0.000582 0.000561 0.000553 0.000550 0.000548 0.000548 0.000548 0.000548 0.000547 0.000547 0.000546 0.000545 0.000542 0.000538 0.000531 0.000519 0.000502 0.000477 0.000442 0.000396 0.000337 0.000266 0.000184 0.000094 0.000000 
50.000000 41.844746 34.030032 26.853786 20.537583 15.208080 10.895707 7.548366 5.054814 3.271307 2.045861 1.236549 0.722508 0.408308 0.223372 0.118484 0.061124 0.030858 0.015437 0.007847 0.004234 0.002571 0.001829 0.001509 0.001375 0.001321 0.001299 0.001291 0.001288 0.001287 0.001286 0.001286 0.001286 0.001285 0.001284 0.001283 0.001279 0.001273 0.001263 0.001246 0.001220 0.001179 0.001121 0.001039 0.000931 0.000794 0.000627 0.000435 0.000223 0.000000 
50.000000 41.845018 34.030565 26.854558 20.538565 15.209239 10.897010 7.549780 5.056311 3.272861 2.047457 1.238171 0.724147 0.409957 0.225027 0.120143 0.062785 0.032519 0.017099 0.009509 0.005897 0.004233 0.003492 0.003172 0.003037 0.002983 0.002962 0.002953 0.002950 0.002949 0.002949 0.002948 0.002948 0.002947 0.002945 0.002940 0.002933 0.002919 0.002896 0.002858 0.002798 0.002706 0.002573 0.002387 0.002140 0.001825 0.001443 0.001000 0.000512 0.000000 
50.000000 41.845608 34.031721 26.856234 20.540698 15.211758 10.899840 7.552851 5.059561 3.276240 2.050923 1.241696 0.727708 0.413541 0.228624 0.123747 0.066393 0.036129 0.020711 0.013121 0.009509 0.007845 0.007104 0.006784 0.006650 0.006595 0.006574 0.006566 0.006563 0.006561 0.006561 0.006560 0.006559 0.006557 0.006552 0.006543 0.006527 0.006497 0.006447 0.006364 0.006231 0.006030 0.005735 0.005324 0.004775 0.004075 0.003223 0.002236 0.001146 0.000000 
50.000000 41.846850 34.034152 26.859756 20.545180 15.217049 10.905785 7.559303 5.066391 3.283339 2.058207 1.249101 0.735191 0.421071 0.236182 0.131320 0.073975 0.043715 0.028299 0.020710 0.017099 0.015436 0.014694 0.014374 0.014240 0.014186 0.014164 0.014156 0.014153 0.014152 0.014151 0.014150 0.014147 0.014142 0.014133 0.014114 0.014080 0.014018 0.013912 0.013736 0.013455 0.013025 0.012396 0.011515 0.010335 0.008825 0.006985 0.004848 0.002485 0.000000 
50.000000 41.849370 34.039088 26.866909 20.554283 15.227796 10.917861 7.572410 5.080265 3.297761 2.073004 1.264146 0.750393 0.436368 0.251535 0.146705 0.089377 0.059127 0.043715 0.036129 0.032518 0.030856 0.030115 0.029795 0.029661 0.029606 0.029585 0.029577 0.029573 0.029572 0.029571 0.029568 0.029564 0.029554 0.029535 0.029497 0.029428 0.029303 0.029086 0.028725 0.028148 0.027264 0.025964 0.024136 0.021679 0.018528 0.014675 0.010191 0.005226 0.000000 
50.000000 41.854317 34.048774 26.880946 20.572147 15.248888 10.941562 7.598134 5.107493 3.326065 2.102046 1.293674 0.780229 0.466392 0.281670 0.176903 0.119609 0.089377 0.073975 0.066393 0.062784 0.061123 0.060382 0.060062 0.059928 0.059874 0.059852 0.059844 0.059841 0.059839 0.059836 0.059832 0.059823 0.059805 0.059767 0.059695 0.059559 0.059314 0.058887 0.058176 0.057033 0.055273 0.052676 0.049009 0.044061 0.037692 0.029881 0.020765 0.010653 0.000000 
50.000000 41.863690 34.067127 26.907542 20.605996 15.288852 10.986471 7.646878 5.159091 3.379701 2.157082 1.349633 0.836773 0.523293 0.338781 0.234132 0.176903 0.146705 0.131320 0.123747 0.120142 0.118483 0.117743 0.117423 0.117290 0.117235 0.117214 0.117205 0.117202 0.117199 0.117195 0.117187 0.117171 0.117136 0.117066 0.116930 0.116675 0.116212 0.115405 0.114051 0.111867 0.108488 0.103479 0.096372 0.086739 0.074284 0.058951 0.041001 0.021046 0.000000 
50.000000 41.880825 34.100679 26.956166 20.667880 15.361919 11.068581 7.736001 5.253435 3.477775 2.257715 1.451954 0.940166 0.627340 0.443211 0.338781 0.281670 0.251535 0.236181 0.228624 0.225027 0.223370 0.222632 0.222313 0.222180 0.222126 0.222104 0.222095 0.222091 0.222087 0.222081 0.222067 0.222038 0.221976 0.221850 0.221606 0.221144 0.220305 0.218833 0.216353 0.212333 0.206080 0.196759 0.183461 0.165339 0.141791 0.112666 0.078442 0.040292 0.000000 
50.000000 41.911030 34.159824 27.041882 20.776974 15.490729 11.213336 7.893125 5.419765 3.650685 2.435141 1.632360 1.122462 0.810790 0.627340 0.523293 0.466392 0.436368 0.421070 0.413540 0.409957 0.408306 0.407571 0.407253 0.407120 0.407066 0.407044 0.407035 0.407030 0.407025 0.407014 0.406991 0.406940 0.406834 0.406618 0.406196 0.405395 0.403932 0.401355 0.396987 0.389868 0.378728 0.362015 0.338019 0.305110 0.262083 0.208572 0.145401 0.074750 0.000000 
50.000000 41.962337 34.260292 27.187484 20.962290 15.709543 11.459242 8.160048 5.702334 3.944436 2.736570 1.938855 1.432171 1.122462 0.940166 0.836773 0.780229 0.750393 0.735191 0.727708 0.724147 0.722507 0.721776 0.721460 0.721328 0.721274 0.721252 0.721243 0.721237 0.721228 0.721211 0.721173 0.721090 0.720916 0.720561 0.719861 0.718530 0.716085 0.711757 0.704375 0.692267 0.673186 0.644353 0.602642 0.545001 0.469083 0.374025 0.261164 0.134407 0.000000 
50.000000 42.046261 34.424629 27.425652 21.265426 16.067481 11.861504 8.596701 6.164591 4.424996 3.229697 2.440275 1.938855 1.632360 1.451954 1.349633 1.293674 1.264146 1.249101 1.241696 1.238171 1.236548 1.235824 1.235512 1.235381 1.235327 1.235306 1.235296 1.235288 1.235276 1.235249 1.235189 1.235060 1.234787 1.234227 1.233121 1.231005 1.227098 1.220138 1.208189 1.188444 1.157087 1.109298 1.039553 0.942292 0.813042 0.649848 0.454691 0.234332 0.000000 
50.000000 42.178368 34.683319 27.800568 21.742619 16.630951 12.494765 9.284113 6.892326 5.181556 4.006053 3.229697 2.736570 2.435141 2.257715 2.157082 2.102046 2.073004 2.058207 2.050923 2.047456 2.045860 2.045148 2.044841 2.044712 2.044659 2.044638 2.044627 2.044617 2.044599 2.044560 2.044472 2.044279 2.043870 2.043031 2.041362 2.038154 2.032195 2.021508 2.003026 1.972237 1.922894 1.846960 1.734975 1.577105 1.365002 1.094382 0.767774 0.396411 0.000000 
50.000000 42.378369 35.074960 28.368175 22.465079 17.484049 13.453541 10.324896 7.994178 6.327071 5.181556 4.424996 3.944436 3.650685 3.477775 3.379701 3.326065 3.297761 3.283339 3.276240 3.272861 3.271305 3.270611 3.270312 3.270186 3.270134 3.270113 3.270101 3.270089 3.270064 3.270009 3.269885 3.269612 3.269032 3.267834 3.265442 3.260816 3.252170 3.236551 3.209320 3.163536 3.089411 2.974045 2.801800 2.555777 2.220746 1.787595 1.258562 0.651434 0.000000 
50.000000 42.669406 35.644870 29.194156 23.516418 18.725512 14.848817 11.839537 9.597718 7.994178 6.892326 6.164591 5.702334 5.419765 5.253435 5.159091 5.107493 5.080265 5.066391 5.059561 5.056310 5.054813 5.054145 5.053857 5.053736 5.053686 5.053665 5.053652 5.053637 5.053605 5.053531 5.053366 5.053001 5.052220 5.050603 5.047355 5.041037 5.029148 5.007505 4.969431 4.904766 4.798859 4.631866 4.378903 4.011823 3.503488 2.835066 2.005714 1.041798 0.000000 
50.000000 43.076254 36.441567 30.348834 24.986151 20.461057 16.799417 13.957044 11.839537 10.324896 9.284113 8.596701 8.160048 7.893125 7.736001 7.646878 7.598134 7.572410 7.559303 7.552850 7.549779 7.548365 7.547734 7.547462 7.547347 7.547300 7.547279 7.547266 7.547247 7.547207 7.547115 7.546907 7.546447 7.545458 7.543399 7.539243 7.531110 7.515695 7.487402 7.437152 7.350851 7.207672 6.978522 6.625447 6.103204 5.364714 4.372162 3.114217 1.625856 0.000000 
50.000000 43.622340 37.510929 31.898706 26.958927 22.790653 19.417715 16.799417 14.848817 13.453541 12.494765 11.861504 11.459242 11.213336 11.068581 10.986471 10.941562 10.917861 10.905785 10.899839 10.897009 10.895706 10.895125 10.894874 10.894768 10.894724 10.894705 10.894691 10.894669 10.894623 10.894515 10.894270 10.893726 10.892553 10.890099 10.885120 10.875317 10.856600 10.821952 10.759789 10.651741 10.469914 10.173970 9.708857 9.004883 7.983044 6.569847 4.725799 2.486647 0.000000 
50.000000 44.325789 38.888448 33.895217 29.500239 25.791648 22.790653 20.461057 18.725512 17.484049 16.630951 16.067481 15.709543 15.490729 15.361919 15.288852 15.248888 15.227796 15.217049 15.211758 15.209239 15.208079 15.207562 15.207338 15.207244 15.207205 15.207187 15.207173 15.207150 15.207100 15.206983 15.206714 15.206117 15.204826 15.202114 15.196580 15.185620 15.164543 15.125189 15.053847 14.928272 14.713690 14.357853 13.785771 12.895824 11.561269 9.645021 7.040643 3.752294 0.000000 
50.000000 45.195078 40.590730 36.362439 32.640730 29.500239 26.958927 24.986151 23.516418 22.465079 21.742619 21.265426 20.962290 20.776974 20.667880 20.605996 20.572147 20.554283 20.545180 20.540698 20.538564 20.537582 20.537144 20.536954 20.536874 20.536841 20.536825 20.536812 20.536790 20.536740 20.536623 20.536355 20.535755 20.534455 20.531711 20.526089 20.514890 20.493207 20.452384 20.377617 20.244333 20.012929 19.621437 18.975883 17.938970 16.320365 13.879035 10.364221 5.647728 0.000000 
50.000000 46.225234 42.608034 39.286255 36.362439 33.895217 31.898706 30.348834 29.194156 28.368175 27.800568 27.425652 27.187484 27.041882 26.956166 26.907542 26.880946 26.866909 26.859756 26.856234 26.854557 26.853785 26.853441 26.853292 26.853229 26.853203 26.853190 26.853179 26.853160 26.853115 26.853011 26.852771 26.852234 26.851065 26.848591 26.843500 26.833309 26.813459 26.775804 26.706186 26.580579 26.359090 25.976672 25.328859 24.250196 22.483404 19.643128 15.204500 8.635265 0.000000 
50.000000 47.395598 44.899905 42.608034 40.590730 38.888448 37.510929 36.441567 35.644870 35.074960 34.683319 34.424629 34.260292 34.159824 34.100679 34.067127 34.048774 34.039088 34.034152 34.031721 34.030564 34.030032 34.029794 34.029691 34.029648 34.029630 34.029621 34.029613 34.029598 34.029564 34.029486 34.029304 34.028897 34.028009 34.026126 34.022237 34.014423 33.999128 33.969937 33.915545 33.816398 33.639156 33.327351 32.785130 31.847805 30.226509 27.403534 22.449953 13.829039 0.000000 
50.000000 48.670043 47.395598 46.225234 45.195078 44.325789 43.622340 43.076254 42.669406 42.378369 42.178368 42.046261 41.962337 41.911030 41.880825 41.863690 41.854317 41.849370 41.846850 41.845608 41.845017 41.844745 41.844624 41.844571 41.844549 41.844540 41.844535 41.844531 41.844523 41.844505 41.844463 41.844365 41.844145 41.843665 41.842644 41.840533 41.836280 41.827930 41.811930 41.781957 41.726936 41.627608 41.450398 41.135694 40.573494 39.547350 37.589969 33.566558 24.335021 0.000000 
50.000000 50.000000 50.000000 50.000000 50.000000 50.000000 50.000000 50.000000 50.000000 50.000000 50.000000 50.000000 50.000000 50.000000 50.000000 50.000000 50.000000 50.000000 50.000000 50.000000 50.000000 50.000000 50.000000 50.000000 50.000000 50.000000 50.000000 50.000000 50.000000 50.000000 50.000000 50.000000 50.000000 50.000000 50.000000 50.000000 50.000000 50.000000 50.000000 50.000000 50.000000 50.000000 50.000000 50.000000 50.000000 50.000000 50.000000 50.000000 50.000000 50.000000 
