50.000000 50.000000 50.000000 50.000000 50.000000 50.000000 50.000000 50.000000 50.000000 50.000000 50.000000 50.000000 50.000000 50.000000 50.000000 50.000000 50.000000 50.000000 50.000000 50.000000 50.000000 50.000000 50.000000 50.000000 50.000000 50.000000 50.000000 50.000000 50.000000 50.000000 50.000000 50.000000 50.000000 50.000000 50.000000 50.000000 50.000000 50.000000 50.000000 50.000000 50.000000 50.000000 50.000000 50.000000 50.000000 50.000000 50.000000 50.000000 50.000000 50.000000 
50.000000 48.390316 46.861932 45.483843 44.303543 43.342920 42.599587 42.052373 41.668856 41.412753 41.249667 41.150539 41.092974 41.061005 41.044009 41.035351 41.031120 41.029134 41.028239 41.027851 41.027689 41.027623 41.027598 41.027588 41.027585 41.027584 41.027583 41.027582 41.027581 41.027577 41.027567 41.027541 41.027474 41.027308 41.026914 41.026005 41.023973 41.019567 41.010304 40.991382 40.953749 40.880645 40.741313 40.478964 39.985965 39.047224 37.195278 33.293280 24.195158 0.000000 
50.000000 46.861932 43.882359 41.195795 38.894826 37.022123 35.573028 34.506268 33.758631 33.259385 32.941468 32.748233 32.636020 32.573702 32.540572 32.523695 32.515447 32.511578 32.509833 32.509076 32.508760 32.508632 32.508583 32.508564 32.508558 32.508555 32.508554 32.508553 32.508550 32.508544 32.508525 32.508477 32.508354 32.508053 32.507337 32.505688 32.502009 32.494063 32.477422 32.443611 32.376845 32.248438 32.007165 31.562432 30.753954 29.295392 26.668718 21.941179 13.568651 0.000000 
50.000000 45.483843 41.195795 37.329446 34.018045 31.322999 29.237597 27.702435 26.626535 25.908097 25.450607 25.172544 25.011073 24.921403 24.873732 24.849448 24.837581 24.832014 24.829503 24.828414 24.827959 24.827776 24.827705 24.827678 24.827669 24.827665 24.827664 24.827662 24.827659 24.827650 24.827626 24.827564 24.827406 24.827020 24.826102 24.823996 24.819318 24.809260 24.788329 24.746132 24.663663 24.507224 24.218750 23.700773 22.793698 21.243610 18.664723 14.527076 8.288565 0.000000 
50.000000 44.303543 38.894826 34.018045 29.841275 26.441970 23.811654 21.875385 20.518398 19.612282 19.035295 18.684609 18.480973 18.367889 18.307773 18.277150 18.262186 18.255166 18.252001 18.250628 18.250054 18.249823 18.249733 18.249700 18.249687 18.249683 18.249681 18.249680 18.249676 18.249666 18.249641 18.249573 18.249403 18.248988 18.248005 18.245758 18.240791 18.230178 18.208255 18.164473 18.079926 17.922005 17.636622 17.137699 16.294551 14.920638 12.774435 9.599433 5.256319 0.000000 
50.000000 43.342920 37.022123 31.322999 26.441970 22.469544 19.395805 17.133157 15.547469 14.488663 13.814465 13.404707 13.166776 13.034651 12.964416 12.928639 12.911158 12.902957 12.899259 12.897655 12.896985 12.896715 12.896610 12.896571 12.896557 12.896551 12.896549 12.896548 12.896544 12.896535 12.896510 12.896446 12.896284 12.895889 12.894959 12.892841 12.888187 12.878309 12.858071 12.818061 12.741760 12.601455 12.352858 11.928945 11.234772 10.147419 8.529301 6.268170 3.356956 0.000000 
50.000000 42.599587 35.573028 29.237597 23.811654 19.395805 15.979012 13.463882 11.701288 10.524386 9.775010 9.319573 9.055127 8.908283 8.830226 8.790465 8.771039 8.761926 8.757817 8.756034 8.755290 8.754990 8.754874 8.754830 8.754814 8.754809 8.754807 8.754805 8.754802 8.754794 8.754772 8.754716 8.754576 8.754236 8.753437 8.751629 8.747677 8.739348 8.722428 8.689315 8.626939 8.513945 8.317361 7.989506 7.466860 6.673955 5.536824 4.010596 2.120623 0.000000 
50.000000 42.052373 34.506268 27.702435 21.875385 17.133157 13.463882 10.762945 8.870177 7.606385 6.801704 6.312669 6.028722 5.871054 5.787246 5.744559 5.723703 5.713919 5.709508 5.707595 5.706796 5.706474 5.706349 5.706302 5.706285 5.706279 5.706277 5.706276 5.706273 5.706266 5.706249 5.706205 5.706093 5.705823 5.705192 5.703771 5.700684 5.694223 5.681206 5.655980 5.609012 5.525096 5.381472 5.146521 4.780300 4.238762 3.483684 2.499103 1.311060 0.000000 
50.000000 41.668856 33.758631 26.626535 20.518398 15.547469 11.701288 8.870177 6.886222 5.561572 4.718160 4.205600 3.908002 3.742759 3.654927 3.610191 3.588335 3.578082 3.573460 3.571455 3.570618 3.570281 3.570150 3.570101 3.570083 3.570077 3.570075 3.570073 3.570072 3.570067 3.570054 3.570021 3.569938 3.569739 3.569276 3.568239 3.565998 3.561340 3.552029 3.534151 3.501219 3.443111 3.345081 3.187343 2.946014 2.596393 2.119310 1.510193 0.788211 0.000000 
50.000000 41.412753 33.259385 25.908097 19.612282 14.488663 10.524386 7.606385 5.561572 4.196312 3.327060 2.798807 2.492105 2.321811 2.231296 2.185195 2.162673 2.152108 2.147345 2.145279 2.144417 2.144069 2.143934 2.143884 2.143866 2.143859 2.143857 2.143856 2.143854 2.143851 2.143842 2.143819 2.143762 2.143624 2.143307 2.142598 2.141076 2.137932 2.131695 2.119819 2.098156 2.060353 1.997374 1.897447 1.746903 1.532356 1.244433 0.882540 0.459005 0.000000 
50.000000 41.249667 32.941468 25.450607 19.035295 13.814465 9.775010 6.801704 4.718160 3.327060 2.441370 1.903135 1.590643 1.417137 1.324918 1.277949 1.255004 1.244241 1.239389 1.237284 1.236405 1.236052 1.235914 1.235863 1.235844 1.235837 1.235835 1.235834 1.235833 1.235831 1.235825 1.235810 1.235773 1.235684 1.235479 1.235023 1.234051 1.232054 1.228119 1.220685 1.207241 1.184009 1.145724 1.085695 0.996404 0.870822 0.704475 0.497857 0.258284 0.000000 
50.000000 41.150539 32.748233 25.172544 18.684609 13.404707 9.319573 6.312669 4.205600 2.798807 1.903135 1.358842 1.042836 0.867382 0.774128 0.726634 0.703431 0.692548 0.687642 0.685514 0.684626 0.684268 0.684129 0.684077 0.684058 0.684052 0.684049 0.684048 0.684048 0.684046 0.684043 0.684033 0.684011 0.683956 0.683831 0.683555 0.682968 0.681769 0.679421 0.675016 0.667113 0.653571 0.631463 0.597146 0.546636 0.476355 0.384215 0.270810 0.140235 0.000000 
50.000000 41.092974 32.636020 25.011073 18.480973 13.166776 9.055127 6.028722 3.908002 2.492105 1.590643 1.042836 0.724793 0.548210 0.454356 0.406557 0.383206 0.372254 0.367316 0.365175 0.364281 0.363921 0.363781 0.363728 0.363709 0.363703 0.363700 0.363700 0.363699 0.363698 0.363696 0.363691 0.363677 0.363646 0.363574 0.363415 0.363079 0.362396 0.361067 0.358589 0.354172 0.346662 0.334498 0.315778 0.288467 0.250795 0.201813 0.141957 0.073407 0.000000 
50.000000 41.061005 32.573702 24.921403 18.367889 13.034651 8.908283 5.871054 3.742759 2.321811 1.417137 0.867382 0.548210 0.371001 0.276815 0.228847 0.205414 0.194423 0.189468 0.187319 0.186422 0.186061 0.185921 0.185868 0.185849 0.185842 0.185840 0.185839 0.185839 0.185838 0.185837 0.185834 0.185827 0.185809 0.185770 0.185683 0.185500 0.185131 0.184414 0.183087 0.180735 0.176761 0.170370 0.160606 0.146464 0.127098 0.102085 0.071693 0.037033 0.000000 
50.000000 41.044009 32.540572 24.873732 18.307773 12.964416 8.830226 5.787246 3.654927 2.231296 1.324918 0.774128 0.454356 0.276815 0.182454 0.134397 0.110920 0.099908 0.094944 0.092792 0.091893 0.091531 0.091390 0.091337 0.091318 0.091312 0.091309 0.091309 0.091308 0.091308 0.091307 0.091306 0.091302 0.091293 0.091272 0.091227 0.091132 0.090941 0.090573 0.089894 0.088698 0.086688 0.083475 0.078597 0.071574 0.062015 0.049736 0.034885 0.018004 0.000000 
50.000000 41.035351 32.523695 24.849448 18.277150 12.928639 8.790465 5.744559 3.610191 2.185195 1.277949 0.726634 0.406557 0.228847 0.134397 0.086294 0.062795 0.051773 0.046804 0.044649 0.043750 0.043387 0.043247 0.043194 0.043175 0.043168 0.043166 0.043165 0.043165 0.043165 0.043164 0.043164 0.043162 0.043157 0.043147 0.043124 0.043078 0.042983 0.042803 0.042470 0.041888 0.040915 0.039367 0.037028 0.033680 0.029145 0.023346 0.016358 0.008436 0.000000 
50.000000 41.031120 32.515447 24.837581 18.262186 12.911158 8.771039 5.723703 3.588335 2.162673 1.255004 0.703431 0.383206 0.205414 0.110920 0.062795 0.039285 0.028258 0.023287 0.021132 0.020231 0.019869 0.019728 0.019676 0.019656 0.019650 0.019647 0.019647 0.019646 0.019646 0.019646 0.019646 0.019645 0.019643 0.019638 0.019627 0.019605 0.019560 0.019475 0.019320 0.019048 0.018596 0.017880 0.016803 0.015269 0.013199 0.010562 0.007394 0.003811 0.000000 
50.000000 41.029134 32.511578 24.832014 18.255166 12.902957 8.761926 5.713919 3.578082 2.152108 1.244241 0.692548 0.372254 0.194423 0.099908 0.051773 0.028258 0.017229 0.012257 0.010101 0.009200 0.008838 0.008697 0.008644 0.008625 0.008619 0.008616 0.008616 0.008615 0.008615 0.008615 0.008615 0.008615 0.008614 0.008611 0.008606 0.008596 0.008576 0.008538 0.008468 0.008346 0.008144 0.007826 0.007350 0.006673 0.005763 0.004608 0.003224 0.001661 0.000000 
50.000000 41.028239 32.509833 24.829503 18.252001 12.899259 8.757817 5.709508 3.573460 2.147345 1.239389 0.687642 0.367316 0.189468 0.094944 0.046804 0.023287 0.012257 0.007285 0.005128 0.004228 0.003865 0.003724 0.003672 0.003652 0.003646 0.003643 0.003643 0.003642 0.003642 0.003642 0.003642 0.003642 0.003642 0.003641 0.003639 0.003634 0.003625 0.003609 0.003579 0.003526 0.003440 0.003304 0.003100 0.002813 0.002428 0.001940 0.001356 0.000698 0.000000 
50.000000 41.027851 32.509076 24.828414 18.250628 12.897655 8.756034 5.707595 3.571456 2.145279 1.237284 0.685514 0.365175 0.187319 0.092792 0.044649 0.021132 0.010101 0.005128 0.002972 0.002071 0.001708 0.001568 0.001515 0.001496 0.001489 0.001487 0.001486 0.001486 0.001486 0.001486 0.001486 0.001486 0.001485 0.001485 0.001484 0.001482 0.001479 0.001472 0.001459 0.001437 0.001402 0.001346 0.001262 0.001144 0.000987 0.000788 0.000551 0.000284 0.000000 
50.000000 41.027689 32.508760 24.827959 18.250054 12.896985 8.755290 5.706796 3.570618 2.144417 1.236405 0.684626 0.364281 0.186422 0.091893 0.043750 0.020231 0.009200 0.004228 0.002071 0.001170 0.000808 0.000667 0.000614 0.000595 0.000589 0.000586 0.000586 0.000585 0.000585 0.000585 0.000585 0.000585 0.000585 0.000585 0.000585 0.000584 0.000582 0.000580 0.000575 0.000566 0.000552 0.000529 0.000496 0.000450 0.000388 0.000309 0.000216 0.000111 0.000000 
50.000000 41.027623 32.508632 24.827776 18.249823 12.896715 8.754990 5.706474 3.570281 2.144069 1.236052 0.684268 0.363921 0.186061 0.091531 0.043388 0.019869 0.008838 0.003865 0.001709 0.000808 0.000445 0.000305 0.000252 0.000233 0.000226 0.000224 0.000223 0.000223 0.000223 0.000223 0.000223 0.000223 0.000223 0.000223 0.000223 0.000222 0.000222 0.000221 0.000219 0.000215 0.000210 0.000201 0.000189 0.000171 0.000147 0.000117 0.000082 0.000042 0.000000 
50.000000 41.027598 32.508583 24.827705 18.249734 12.896610 8.754874 5.706349 3.570151 2.143935 1.235915 0.684129 0.363781 0.185921 0.091391 0.043247 0.019729 0.008697 0.003725 0.001568 0.000667 0.000305 0.000164 0.000111 0.000092 0.000086 0.000083 0.000083 0.000082 0.000082 0.000082 0.000082 0.000082 0.000082 0.000082 0.000082 0.000082 0.000082 0.000081 0.000081 0.000079 0.000077 0.000074 0.000070 0.000063 0.000054 0.000043 0.000030 0.000016 0.000000 
50.000000 41.027589 32.508565 24.827679 18.249700 12.896572 8.754831 5.706303 3.570102 2.143885 1.235864 0.684078 0.363729 0.185869 0.091339 0.043195 0.019677 0.008645 0.003673 0.001516 0.000615 0.000253 0.000112 0.000059 0.000040 0.000034 0.000031 0.000031 0.000030 0.000030 0.000030 0.000030 0.000030 0.000030 0.000030 0.000030 0.000030 0.000030 0.000030 0.000030 0.000029 0.000028 0.000027 0.000026 0.000023 0.000020 0.000016 0.000011 0.000006 0.000000 
50.000000 41.027586 32.508559 24.827670 18.249690 12.896559 8.754817 5.706288 3.570087 2.143869 1.235847 0.684062 0.363713 0.185852 0.091322 0.043178 0.019660 0.008629 0.003656 0.001499 0.000599 0.000236 0.000095 0.000043 0.000023 0.000017 0.000015 0.000014 0.000014 0.000013 0.000013 0.000013 0.000013 0.000013 0.000013 0.000013 0.000013 0.000013 0.000013 0.000013 0.000013 0.000013 0.000012 0.000011 0.000010 0.000009 0.000007 0.000005 0.000003 0.000000 
50.000000 41.027586 32.508559 24.827670 18.249690 12.896559 8.754817 5.706288 3.570087 2.143869 1.235847 0.684062 0.363713 0.185852 0.091322 0.043178 0.019660 0.008629 0.003656 0.001499 0.000599 0.000236 0.000095 0.000043 0.000023 0.000017 0.000015 0.000014 0.000014 0.000013 0.000013 0.000013 0.000013 0.000013 0.000013 0.000013 0.000013 0.000013 0.000013 0.000013 0.000013 0.000013 0.000012 0.000011 0.000010 0.000009 0.000007 0.000005 0.000003 0.000000 
50.000000 41.027589 32.508565 24.827679 18.249700 12.896572 8.754831 5.706303 3.570102 2.143885 1.235864 0.684078 0.363729 0.185869 0.091339 0.043195 0.019677 0.008645 0.003673 0.001516 0.000615 0.000253 0.000112 0.000059 0.000040 0.000034 0.000031 0.000031 0.000030 0.000030 0.000030 0.000030 0.000030 0.000030 0.000030 0.000030 0.000030 0.000030 0.000030 0.000030 0.000029 0.000028 0.000027 0.000026 0.000023 0.000020 0.000016 0.000011 0.000006 0.000000 
50.000000 41.027598 32.508583 24.827705 18.249734 12.896610 8.754874 5.706349 3.570151 2.143935 1.235915 0.684129 0.363781 0.185921 0.091391 0.043247 0.019729 0.008697 0.003725 0.001568 0.000667 0.000305 0.000164 0.000111 0.000092 0.000086 0.000083 0.000083 0.000082 0.000082 0.000082 0.000082 0.000082 0.000082 0.000082 0.000082 0.000082 0.000082 0.000081 0.000081 0.000079 0.000077 0.000074 0.000070 0.000063 0.000054 0.000043 0.000030 0.000016 0.000000 
50.000000 41.027623 32.508632 24.827776 18.249823 12.896715 8.754990 5.706474 3.570281 2.144069 1.236052 0.684268 0.363921 0.186061 0.091531 0.043388 0.019869 0.008838 0.003865 0.001709 0.000808 0.000445 0.000305 0.000252 0.000233 0.000226 0.000224 0.000223 0.000223 0.000223 0.000223 0.000223 0.000223 0.000223 0.000223 0.000223 0.000222 0.000222 0.000221 0.000219 0.000215 0.000210 0.000201 0.000189 0.000171 0.000147 0.000117 0.000082 0.000042 0.000000 
50.000000 41.027689 32.508760 24.827959 18.250054 12.896985 8.755290 5.706796 3.570618 2.144417 1.236405 0.684626 0.364281 0.186422 0.091893 0.043750 0.020231 0.009200 0.004228 0.002071 0.001170 0.000808 0.000667 0.000614 0.000595 0.000589 0.000586 0.000586 0.000585 0.000585 0.000585 0.000585 0.000585 0.000585 0.000585 0.000585 0.000584 0.000582 0.000580 0.000575 0.000566 0.000552 0.000529 0.000496 0.000450 0.000388 0.000309 0.000216 0.000111 0.000000 
50.000000 41.027851 32.509076 24.828414 18.250628 12.897655 8.756034 5.707595 3.571456 2.145279 1.237284 0.685514 0.365175 0.187319 0.092792 0.044649 0.021132 0.010101 0.005128 0.002972 0.002071 0.001708 0.001568 0.001515 0.001496 0.001489 0.001487 0.001486 0.001486 0.001486 0.001486 0.001486 0.001486 0.001485 0.001485 0.001484 0.001482 0.001479 0.001472 0.001459 0.001437 0.001402 0.001346 0.001262 0.001144 0.000987 0.000788 0.000551 0.000284 0.000000 
50.000000 41.028239 32.509833 24.829503 18.252001 12.899259 8.757817 5.709508 3.573460 2.147345 1.239389 0.687642 0.367316 0.189468 0.094944 0.046804 0.023287 0.012257 0.007285 0.005128 0.004228 0.003865 0.003724 0.003672 0.003652 0.003646 0.003643 0.003643 0.003642 0.003642 0.003642 0.003642 0.003642 0.003642 0.003641 0.003639 0.003634 0.003625 0.003609 0.003579 0.003526 0.003440 0.003304 0.003100 0.002813 0.002428 0.001940 0.001356 0.000698 0.000000 
50.000000 41.029134 32.511578 24.832014 18.255166 12.902957 8.761926 5.713919 3.578082 2.152108 1.244241 0.692548 0.372254 0.194423 0.099908 0.051773 0.028258 0.017229 0.012257 0.010101 0.009200 0.008838 0.008697 0.008644 0.008625 0.008619 0.008616 0.008616 0.008615 0.008615 0.008615 0.008615 0.008615 0.008614 0.008611 0.008606 0.008596 0.008576 0.008538 0.008468 0.008346 0.008144 0.007826 0.007350 0.006673 0.005763 0.004608 0.003224 0.001661 0.000000 
50.000000 41.031120 32.515447 24.837581 18.262186 12.911158 8.771039 5.723703 3.588335 2.162673 1.255004 0.703431 0.383206 0.205414 0.110920 0.062795 0.039285 0.028258 0.023287 0.021132 0.020231 0.019869 0.019728 0.019676 0.019656 0.019650 0.019647 0.019647 0.019646 0.019646 0.019646 0.019646 0.019645 0.019643 0.019638 0.019627 0.019605 0.019560 0.019475 0.019320 0.019048 0.018596 0.017880 0.016803 0.015269 0.013199 0.010562 0.007394 0.003811 0.000000 
50.000000 41.035351 32.523695 24.849448 18.277150 12.928639 8.790465 5.744559 3.610191 2.185195 1.277949 0.726634 0.406557 0.228847 0.134397 0.086294 0.062795 0.051773 0.046804 0.044649 0.043750 0.043387 0.043247 0.043194 0.043175 0.043168 0.043166 0.043165 0.043165 0.043165 0.043164 0.043164 0.043162 0.043157 0.043147 0.043124 0.043078 0.042983 0.042803 0.042470 0.041888 0.040915 0.039367 0.037028 0.033680 0.029145 0.023346 0.016358 0.008436 0.000000 
50.000000 41.044009 32.540572 24.873732 18.307773 12.964416 8.830226 5.787246 3.654927 2.231296 1.324918 0.774128 0.454356 0.276815 0.182454 0.134397 0.110920 0.099908 0.094944 0.092792 0.091893 0.091531 0.091390 0.091337 0.091318 0.091312 0.091309 0.091309 0.091308 0.091308 0.091307 0.091306 0.091302 0.091293 0.091272 0.091227 0.091132 0.090941 0.090573 0.089894 0.088698 0.086688 0.083475 0.078597 0.071574 0.062015 0.049736 0.034885 0.018004 0.000000 
50.000000 41.061005 32.573702 24.921403 18.367889 13.034651 8.908283 5.871054 3.742759 2.321811 1.417137 0.867382 0.548210 0.371001 0.276815 0.228847 0.205414 0.194423 0.189468 0.187319 0.186422 0.186061 0.185921 0.185868 0.185849 0.185842 0.185840 0.185839 0.185839 0.185838 0.185837 0.185834 0.185827 0.185809 0.185770 0.185683 0.185500 0.185131 0.184414 0.183087 0.180735 0.176761 0.170370 0.160606 0.146464 0.127098 0.102085 0.071693 0.037033 0.000000 
50.000000 41.092974 32.636020 25.011073 18.480973 13.166776 9.055127 6.028722 3.908002 2.492105 1.590643 1.042836 0.724793 0.548210 0.454356 0.406557 0.383206 0.372254 0.367316 0.365175 0.364281 0.363921 0.363781 0.363728 0.363709 0.363703 0.363700 0.363700 0.363699 0.363698 0.363696 0.363691 0.363677 0.363646 0.363574 0.363415 0.363079 0.362396 0.361067 0.358589 0.354172 0.346662 0.334498 0.315778 0.288467 0.250795 0.201813 0.141957 0.073407 0.000000 
50.000000 41.150539 32.748233 25.172544 18.684609 13.404707 9.319573 6.312669 4.205600 2.798807 1.903135 1.358842 1.042836 0.867382 0.774128 0.726634 0.703431 0.692548 0.687642 0.685514 0.684626 0.684268 0.684129 0.684077 0.684058 0.684052 0.684049 0.684048 0.684048 0.684046 0.684043 0.684033 0.684011 0.683956 0.683831 0.683555 0.682968 0.681769 0.679421 0.675016 0.667113 0.653571 0.631463 0.597146 0.546636 0.476355 0.384215 0.270810 0.140235 0.000000 
50.000000 41.249667 32.941468 25.450607 19.035295 13.814465 9.775010 6.801704 4.718160 3.327060 2.441370 1.903135 1.590643 1.417137 1.324918 1.277949 1.255004 1.244241 1.239389 1.237284 1.236405 1.236052 1.235914 1.235863 1.235844 1.235837 1.235835 1.235834 1.235833 1.235831 1.235825 1.235810 1.235773 1.235684 1.235479 1.235023 1.234051 1.232054 1.228119 1.220685 1.207241 1.184009 1.145724 1.085695 0.996404 0.870822 0.704475 0.497857 0.258284 0.000000 
50.000000 41.412753 33.259385 25.908097 19.612282 14.488663 10.524386 7.606385 5.561572 4.196312 3.327060 2.798807 2.492105 2.321811 2.231296 2.185195 2.162673 2.152108 2.147345 2.145279 2.144417 2.144069 2.143934 2.143884 2.143866 2.143859 2.143857 2.143856 2.143854 2.143851 2.143842 2.143819 2.143762 2.143624 2.143307 2.142598 2.141076 2.137932 2.131695 2.119819 2.098156 2.060353 1.997374 1.897447 1.746903 1.532356 1.244433 0.882540 0.459005 0.000000 
50.000000 41.668856 33.758631 26.626535 20.518398 15.547469 11.701288 8.870177 6.886222 5.561572 4.718160 4.205600 3.908002 3.742759 3.654927 3.610191 3.588335 3.578082 3.573460 3.571455 3.570618 3.570281 3.570150 3.570101 3.570083 3.570077 3.570075 3.570073 3.570072 3.570067 3.570054 3.570021 3.569938 3.569739 3.569276 3.568239 3.565998 3.561340 3.552029 3.534151 3.501219 3.443111 3.345081 3.187343 2.946014 2.596393 2.119310 1.510193 0.788211 0.000000 
50.000000 42.052373 34.506268 27.702435 21.875385 17.133157 13.463882 10.762945 8.870177 7.606385 6.801704 6.312669 6.028722 5.871054 5.787246 5.744559 5.723703 5.713919 5.709508 5.707595 5.706796 5.706474 5.706349 5.706302 5.706285 5.706279 5.706277 5.706276 5.706273 5.706266 5.706249 5.706205 5.706093 5.705823 5.705192 5.703771 5.700684 5.694223 5.681206 5.655980 5.609012 5.525096 5.381472 5.146521 4.780300 4.238762 3.483684 2.499103 1.311060 0.000000 
50.000000 42.599587 35.573028 29.237597 23.811654 19.395805 15.979012 13.463882 11.701288 10.524386 9.775010 9.319573 9.055127 8.908283 8.830226 8.790465 8.771039 8.761926 8.757817 8.756034 8.755290 8.754990 8.754874 8.754830 8.754814 8.754809 8.754807 8.754805 8.754802 8.754794 8.754772 8.754716 8.754576 8.754236 8.753437 8.751629 8.747677 8.739348 8.722428 8.689315 8.626939 8.513945 8.317361 7.989506 7.466860 6.673955 5.536824 4.010596 2.120623 0.000000 
50.000000 43.342920 37.022123 31.322999 26.441970 22.469544 19.395805 17.133157 15.547469 14.488663 13.814465 13.404707 13.166776 13.034651 12.964416 12.928639 12.911158 12.902957 12.899259 12.897655 12.896985 12.896715 12.896610 12.896571 12.896557 12.896551 12.896549 12.896548 12.896544 12.896535 12.896510 12.896446 12.896284 12.895889 12.894959 12.892841 12.888187 12.878309 12.858071 12.818061 12.741760 12.601455 12.352858 11.928945 11.234772 10.147419 8.529301 6.268170 3.356956 0.000000 
50.000000 44.303543 38.894826 34.018045 29.841275 26.441970 23.811654 21.875385 20.518398 19.612282 19.035295 18.684609 18.480973 18.367889 18.307773 18.277150 18.262186 18.255166 18.252001 18.250628 18.250054 18.249823 18.249733 18.249700 18.249687 18.249683 18.249681 18.249680 18.249676 18.249666 18.249641 18.249573 18.249403 18.248988 18.248005 18.245758 18.240791 18.230178 18.208255 18.164473 18.079926 17.922005 17.636622 17.137699 16.294551 14.920638 12.774435 9.599433 5.256319 0.000000 
50.000000 45.483843 41.195795 37.329446 34.018045 31.322999 29.237597 27.702435 26.626535 25.908097 25.450607 25.172544 25.011073 24.921403 24.873732 24.849448 24.837581 24.832014 24.829503 24.828414 24.827959 24.827776 24.827705 24.827678 24.827669 24.827665 24.827664 24.827662 24.827659 24.827650 24.827626 24.827564 24.827406 24.827020 24.826102 24.823996 24.819318 24.809260 24.788329 24.746132 24.663663 24.507224 24.218750 23.700773 22.793698 21.243610 18.664723 14.527076 8.288565 0.000000 
50.000000 46.861932 43.882359 41.195795 38.894826 37.022123 35.573028 34.506268 33.758631 33.259385 32.941468 32.748233 32.636020 32.573702 32.540572 32.523695 32.515447 32.511578 32.509833 32.509076 32.508760 32.508632 32.508583 32.508564 32.508558 32.508555 32.508554 32.508553 32.508550 32.508544 32.508525 32.508477 32.508354 32.508053 32.507337 32.505688 32.502009 32.494063 32.477422 32.443611 32.376845 32.248438 32.007165 31.562432 30.753954 29.295392 26.668718 21.941179 13.568651 0.000000 
50.000000 48.390316 46.861932 45.483843 44.303543 43.342920 42.599587 42.052373 41.668856 41.412753 41.249667 41.150539 41.092974 41.061005 41.044009 41.035351 41.031120 41.029134 41.028239 41.027851 41.027689 41.027623 41.027598 41.027588 41.027585 41.027584 41.027583 41.027582 41.027581 41.027577 41.027567 41.027541 41.027474 41.027308 41.026914 41.026005 41.023973 41.019567 41.010304 40.991382 40.953749 40.880645 40.741313 40.478964 39.985965 39.047224 37.195278 33.293280 24.195158 0.000000 
50.000000 50.000000 50.000000 50.000000 50.000000 50.000000 50.000000 50.000000 50.000000 50.000000 50.000000 50.000000 50.000000 50.000000 50.000000 50.000000 50.000000 50.000000 50.000000 50.000000 50.000000 50.000000 50.000000 50.000000 50.000000 50.000000 50.000000 50.000000 50.000000 50.000000 50.000000 50.000000 50.000000 50.000000 50.000000 50.000000 50.000000 50.000000 50.000000 50.000000 50.000000 50.000000 50.000000 50.000000 50.000000 50.000000 50.000000 50.000000 50.000000 50.000000 
