50.000000 50.000000 50.000000 50.000000 50.000000 50.000000 50.000000 50.000000 50.000000 50.000000 50.000000 50.000000 50.000000 50.000000 50.000000 50.000000 50.000000 50.000000 50.000000 50.000000 50.000000 50.000000 50.000000 50.000000 50.000000 50.000000 50.000000 50.000000 50.000000 50.000000 50.000000 50.000000 50.000000 50.000000 50.000000 50.000000 50.000000 50.000000 50.000000 50.000000 50.000000 50.000000 50.000000 50.000000 50.000000 50.000000 50.000000 50.000000 50.000000 50.000000 
50.000000 48.870170 47.780409 46.766528 45.856573 45.068638 44.410262 43.879295 43.465883 43.155036 42.929248 42.770759 42.663209 42.592626 42.547807 42.520258 42.503861 42.494405 42.489119 42.486253 42.484746 42.483976 42.483594 42.483410 42.483323 42.483282 42.483259 42.483240 42.483211 42.483152 42.483028 42.482770 42.482241 42.481187 42.479132 42.475216 42.467919 42.454605 42.430789 42.388939 42.316503 42.192557 41.981811 41.623103 41.005316 39.911590 37.875162 33.762824 24.435085 0.000000 
50.000000 47.780409 45.639537 43.647736 41.860102 40.312185 39.018791 37.975697 37.163545 36.552885 36.109326 35.797977 35.586699 35.448040 35.359994 35.305877 35.273666 35.255090 35.244706 35.239076 35.236116 35.234604 35.233854 35.233492 35.233321 35.233240 35.233196 35.233160 35.233104 35.232994 35.232762 35.232277 35.231289 35.229319 35.225485 35.218194 35.204642 35.179992 35.136072 35.059295 34.927329 34.703694 34.328692 33.703551 32.661479 30.912837 27.940914 22.819769 14.017585 0.000000 
50.000000 46.766528 43.647736 40.746113 38.141922 35.886953 34.002773 32.483231 31.300123 30.410545 29.764395 29.310843 29.003071 28.801086 28.672830 28.593999 28.547078 28.520019 28.504893 28.496693 28.492381 28.490178 28.489086 28.488559 28.488311 28.488193 28.488130 28.488079 28.488004 28.487855 28.487541 28.486890 28.485562 28.482922 28.477797 28.468083 28.450094 28.417531 28.359862 28.259829 28.089633 27.805116 27.336843 26.576386 25.355432 23.415656 20.373056 15.706823 8.891366 0.000000 
50.000000 45.856573 41.860102 38.141922 34.804886 31.915357 29.500972 27.553843 26.037829 24.897948 24.069995 23.488836 23.094475 22.835667 22.671332 22.570327 22.510207 22.475538 22.456158 22.445653 22.440127 22.437306 22.435907 22.435231 22.434913 22.434763 22.434685 22.434623 22.434535 22.434363 22.434003 22.433256 22.431738 22.428728 22.422905 22.411912 22.391655 22.355208 22.291143 22.181059 21.996001 21.691420 21.200254 20.423934 19.221845 17.402443 14.726266 10.947265 5.944983 0.000000 
50.000000 45.068638 40.312185 35.886953 31.915357 28.476380 25.602913 23.285565 21.481316 20.124724 19.139374 18.447742 17.978422 17.670424 17.474858 17.354658 17.283116 17.241859 17.218798 17.206297 17.199722 17.196365 17.194700 17.193897 17.193518 17.193341 17.193250 17.193181 17.193088 17.192909 17.192537 17.191767 17.190208 17.187126 17.181187 17.170028 17.149582 17.113045 17.049356 16.941039 16.761267 16.470089 16.009931 15.300993 14.238190 12.693512 10.531520 7.650706 4.063323 0.000000 
50.000000 44.410262 39.018791 34.002773 29.500972 25.602913 22.345876 19.719213 17.674153 16.136515 15.019674 14.235756 13.703821 13.354736 13.133085 12.996855 12.915772 12.869015 12.842879 12.828712 12.821261 12.817457 12.815570 12.814660 12.814232 12.814032 12.813931 12.813860 12.813769 12.813597 12.813242 12.812511 12.811035 12.808130 12.802555 12.792133 12.773154 12.739486 12.681307 12.583396 12.422954 12.167088 11.770314 11.172938 10.301920 9.077038 7.426387 5.315239 2.787159 0.000000 
50.000000 43.879295 37.975697 32.483231 27.553843 23.285565 19.719213 16.843121 14.603882 12.920262 11.697403 10.839081 10.256665 9.874458 9.631779 9.482628 9.393856 9.342666 9.314054 9.298544 9.290387 9.286222 9.284157 9.283161 9.282693 9.282475 9.282368 9.282297 9.282212 9.282057 9.281741 9.281093 9.279788 9.277231 9.272346 9.263263 9.246827 9.217882 9.168301 9.085713 8.952023 8.741885 8.421560 7.948898 7.275634 6.353589 5.146388 3.647005 1.897484 0.000000 
50.000000 43.465883 37.163545 31.300123 26.037829 21.481316 17.674153 14.603882 12.213483 10.416226 9.110845 8.194611 7.572908 7.164924 6.905883 6.746678 6.651923 6.597285 6.566745 6.550191 6.541484 6.537040 6.534836 6.533773 6.533274 6.533043 6.532931 6.532862 6.532787 6.532655 6.532390 6.531848 6.530762 6.528641 6.524610 6.517156 6.503750 6.480315 6.440506 6.374844 6.269756 6.106742 5.861997 5.507065 5.011227 4.346409 3.495008 2.459851 1.273326 0.000000 
50.000000 43.155036 36.552885 30.410545 24.897948 20.124724 16.136515 12.920262 10.416226 8.533547 7.166137 6.206376 5.555146 5.127791 4.856454 4.689695 4.590446 4.533216 4.501229 4.483891 4.474772 4.470117 4.467809 4.466696 4.466174 4.465933 4.465819 4.465753 4.465688 4.465582 4.465370 4.464940 4.464084 4.462418 4.459266 4.453468 4.443105 4.425115 4.394799 4.345251 4.266774 4.146470 3.968239 3.713560 3.363457 2.901947 2.320912 1.625557 0.838533 0.000000 
50.000000 42.929248 36.109326 29.764395 24.069995 19.139374 15.019674 11.697403 9.110845 7.166137 5.753686 4.762322 4.089656 3.648240 3.367978 3.195736 3.093226 3.034116 3.001079 2.983171 2.973754 2.968946 2.966562 2.965413 2.964874 2.964626 2.964511 2.964448 2.964394 2.964311 2.964150 2.963826 2.963183 2.961937 2.959591 2.955298 2.947669 2.934513 2.912508 2.876843 2.820886 2.736001 2.611690 2.436278 2.198335 1.888937 1.504566 1.050032 0.540309 0.000000 
50.000000 42.770759 35.797977 29.310843 23.488836 18.447742 14.235756 10.839081 8.194611 6.206376 4.762322 3.748786 3.061082 2.609801 2.323279 2.147192 2.042395 1.981967 1.948194 1.929887 1.920260 1.915345 1.912909 1.911735 1.911184 1.910931 1.910815 1.910756 1.910711 1.910648 1.910531 1.910298 1.909837 1.908947 1.907279 1.904242 1.898874 1.889674 1.874393 1.849815 1.811576 1.754105 1.670780 1.554449 1.398385 1.197693 0.950981 0.661904 0.339969 0.000000 
50.000000 42.663209 35.586699 29.003071 23.094475 17.978422 13.703821 10.256665 7.572908 5.555146 4.089656 3.061082 2.363179 1.905209 1.614443 1.435750 1.329402 1.268081 1.233808 1.215232 1.205462 1.200475 1.198003 1.196811 1.196253 1.195997 1.195881 1.195825 1.195787 1.195741 1.195659 1.195498 1.195181 1.194572 1.193436 1.191378 1.187758 1.181589 1.171407 1.155143 1.130031 1.092593 1.038783 0.964335 0.865377 0.739267 0.585540 0.406707 0.208604 0.000000 
50.000000 42.592626 35.448040 28.801086 22.835667 17.670424 13.354736 9.874458 7.164924 5.127791 3.648240 2.609801 1.905209 1.442854 1.149305 0.968902 0.861538 0.799632 0.765032 0.746278 0.736416 0.731382 0.728886 0.727683 0.727119 0.726862 0.726746 0.726692 0.726659 0.726626 0.726571 0.726464 0.726255 0.725855 0.725112 0.723772 0.721427 0.717451 0.710927 0.700570 0.684686 0.661174 0.627632 0.581582 0.520842 0.444012 0.350992 0.243398 0.124707 0.000000 
50.000000 42.547807 35.359994 28.672830 22.671332 17.474858 13.133085 9.631779 6.905883 4.856454 3.367978 2.323279 1.614443 1.149305 0.853990 0.672504 0.564495 0.502217 0.467410 0.448545 0.438623 0.433559 0.431048 0.429838 0.429272 0.429013 0.428897 0.428844 0.428816 0.428792 0.428755 0.428687 0.428554 0.428302 0.427835 0.426995 0.425533 0.423066 0.419038 0.412680 0.402986 0.388727 0.368516 0.340951 0.304829 0.259420 0.204747 0.141800 0.072591 0.000000 
50.000000 42.520259 35.305877 28.593999 22.570327 17.354658 12.996855 9.482628 6.746678 4.689695 3.195736 2.147193 1.435750 0.968902 0.672504 0.490352 0.381947 0.319442 0.284508 0.265573 0.255616 0.250533 0.248013 0.246799 0.246230 0.245971 0.245855 0.245803 0.245778 0.245760 0.245736 0.245694 0.245612 0.245459 0.245176 0.244669 0.243790 0.242313 0.239914 0.236145 0.230429 0.222068 0.210283 0.194300 0.173471 0.147422 0.116202 0.080393 0.041127 0.000000 
50.000000 42.503861 35.273666 28.547078 22.510207 17.283116 12.915772 9.393856 6.651923 4.590446 3.093226 2.042395 1.329402 0.861538 0.564495 0.381947 0.273308 0.210667 0.175657 0.156682 0.146703 0.141609 0.139083 0.137867 0.137297 0.137037 0.136922 0.136871 0.136847 0.136833 0.136818 0.136792 0.136744 0.136654 0.136488 0.136193 0.135683 0.134829 0.133448 0.131289 0.128029 0.123282 0.116626 0.107642 0.095989 0.081479 0.064156 0.044347 0.022674 0.000000 
50.000000 42.494405 35.255090 28.520019 22.475538 17.241859 12.869015 9.342667 6.597285 4.533217 3.034116 1.981968 1.268081 0.799632 0.502218 0.319442 0.210667 0.147948 0.112895 0.093896 0.083905 0.078805 0.076276 0.075058 0.074487 0.074228 0.074112 0.074062 0.074039 0.074027 0.074017 0.074002 0.073975 0.073923 0.073830 0.073664 0.073378 0.072900 0.072131 0.070934 0.069133 0.066523 0.062879 0.057980 0.051651 0.043800 0.034457 0.023801 0.012164 0.000000 
50.000000 42.489119 35.244706 28.504893 22.456159 17.218798 12.842880 9.314054 6.566745 4.501230 3.001079 1.948194 1.233809 0.765033 0.467411 0.284508 0.175658 0.112896 0.077818 0.058806 0.048808 0.043704 0.041174 0.039955 0.039384 0.039124 0.039009 0.038958 0.038937 0.038926 0.038919 0.038910 0.038895 0.038867 0.038816 0.038725 0.038570 0.038312 0.037897 0.037254 0.036290 0.034899 0.032962 0.030370 0.027032 0.022903 0.018004 0.012429 0.006349 0.000000 
50.000000 42.486253 35.239077 28.496694 22.445654 17.206298 12.828714 9.298546 6.550193 4.483893 2.983173 1.929889 1.215234 0.746280 0.448547 0.265575 0.156684 0.093898 0.058807 0.039788 0.029786 0.024680 0.022149 0.020930 0.020359 0.020099 0.019983 0.019933 0.019912 0.019903 0.019897 0.019892 0.019883 0.019868 0.019841 0.019794 0.019712 0.019577 0.019360 0.019025 0.018525 0.017805 0.016806 0.015473 0.013762 0.011652 0.009154 0.006316 0.003226 0.000000 
50.000000 42.484747 35.236117 28.492383 22.440130 17.199726 12.821265 9.290391 6.541489 4.474777 2.973759 1.920266 1.205468 0.736422 0.438629 0.255621 0.146708 0.083910 0.048812 0.029789 0.019786 0.014679 0.012147 0.010928 0.010357 0.010097 0.009981 0.009931 0.009910 0.009901 0.009897 0.009893 0.009889 0.009881 0.009867 0.009843 0.009801 0.009732 0.009622 0.009453 0.009201 0.008839 0.008339 0.007673 0.006820 0.005771 0.004531 0.003125 0.001595 0.000000 
50.000000 42.483978 35.234608 28.490185 22.437314 17.196374 12.817467 9.286234 6.537052 4.470130 2.968959 1.915359 1.200489 0.731396 0.433573 0.250547 0.141623 0.078818 0.043717 0.024692 0.014688 0.009580 0.007049 0.005829 0.005258 0.004998 0.004882 0.004832 0.004811 0.004803 0.004799 0.004796 0.004794 0.004790 0.004783 0.004771 0.004750 0.004716 0.004662 0.004579 0.004455 0.004278 0.004034 0.003710 0.003295 0.002787 0.002187 0.001508 0.000770 0.000000 
50.000000 42.483600 35.233865 28.489102 22.435927 17.194724 12.815597 9.284186 6.534867 4.467841 2.966595 1.912943 1.198037 0.728920 0.431083 0.248048 0.139118 0.076311 0.041208 0.022182 0.012177 0.007069 0.004537 0.003318 0.002746 0.002486 0.002371 0.002321 0.002300 0.002292 0.002288 0.002286 0.002285 0.002282 0.002279 0.002273 0.002263 0.002247 0.002220 0.002180 0.002121 0.002036 0.001919 0.001763 0.001566 0.001324 0.001038 0.000716 0.000365 0.000000 
50.000000 42.483424 35.233518 28.488597 22.435280 17.193954 12.814725 9.283232 6.533848 4.466775 2.965494 1.911817 1.196895 0.727767 0.429922 0.246883 0.137951 0.075142 0.040039 0.021012 0.011007 0.005899 0.003367 0.002148 0.001576 0.001316 0.001201 0.001151 0.001130 0.001122 0.001118 0.001116 0.001115 0.001114 0.001113 0.001110 0.001105 0.001096 0.001083 0.001064 0.001034 0.000992 0.000935 0.000859 0.000762 0.000644 0.000505 0.000348 0.000178 0.000000 
50.000000 42.483355 35.233383 28.488401 22.435028 17.193655 12.814385 9.282860 6.533451 4.466359 2.965065 1.911378 1.196449 0.727317 0.429470 0.246429 0.137497 0.074687 0.039583 0.020557 0.010551 0.005444 0.002911 0.001692 0.001120 0.000860 0.000745 0.000695 0.000674 0.000666 0.000662 0.000661 0.000660 0.000659 0.000658 0.000656 0.000653 0.000648 0.000641 0.000629 0.000611 0.000586 0.000552 0.000507 0.000450 0.000380 0.000298 0.000205 0.000105 0.000000 
50.000000 42.483355 35.233383 28.488401 22.435028 17.193655 12.814385 9.282860 6.533451 4.466359 2.965065 1.911378 1.196449 0.727317 0.429470 0.246429 0.137497 0.074687 0.039583 0.020557 0.010551 0.005444 0.002911 0.001692 0.001120 0.000860 0.000745 0.000695 0.000674 0.000666 0.000662 0.000661 0.000660 0.000659 0.000658 0.000656 0.000653 0.000648 0.000641 0.000629 0.000611 0.000586 0.000552 0.000507 0.000450 0.000380 0.000298 0.000205 0.000105 0.000000 
50.000000 42.483424 35.233518 28.488597 22.435280 17.193954 12.814725 9.283232 6.533848 4.466775 2.965494 1.911817 1.196895 0.727767 0.429922 0.246883 0.137951 0.075142 0.040039 0.021012 0.011007 0.005899 0.003367 0.002148 0.001576 0.001316 0.001201 0.001151 0.001130 0.001122 0.001118 0.001116 0.001115 0.001114 0.001113 0.001110 0.001105 0.001096 0.001083 0.001064 0.001034 0.000992 0.000935 0.000859 0.000762 0.000644 0.000505 0.000348 0.000178 0.000000 
50.000000 42.483600 35.233865 28.489102 22.435927 17.194724 12.815597 9.284186 6.534867 4.467841 2.966595 1.912943 1.198037 0.728920 0.431083 0.248048 0.139118 0.076311 0.041208 0.022182 0.012177 0.007069 0.004537 0.003318 0.002746 0.002486 0.002371 0.002321 0.002300 0.002292 0.002288 0.002286 0.002285 0.002282 0.002279 0.002273 0.002263 0.002247 0.002220 0.002180 0.002121 0.002036 0.001919 0.001763 0.001566 0.001324 0.001038 0.000716 0.000365 0.000000 
50.000000 42.483978 35.234608 28.490185 22.437314 17.196374 12.817467 9.286234 6.537052 4.470130 2.968959 1.915359 1.200489 0.731396 0.433573 0.250547 0.141623 0.078818 0.043717 0.024692 0.014688 0.009580 0.007049 0.005829 0.005258 0.004998 0.004882 0.004832 0.004811 0.004803 0.004799 0.004796 0.004794 0.004790 0.004783 0.004771 0.004750 0.004716 0.004662 0.004579 0.004455 0.004278 0.004034 0.003710 0.003295 0.002787 0.002187 0.001508 0.000770 0.000000 
50.000000 42.484747 35.236117 28.492383 22.440130 17.199726 12.821265 9.290391 6.541489 4.474777 2.973759 1.920266 1.205468 0.736422 0.438629 0.255621 0.146708 0.083910 0.048812 0.029789 0.019786 0.014679 0.012147 0.010928 0.010357 0.010097 0.009981 0.009931 0.009910 0.009901 0.009897 0.009893 0.009889 0.009881 0.009867 0.009843 0.009801 0.009732 0.009622 0.009453 0.009201 0.008839 0.008339 0.007673 0.006820 0.005771 0.004531 0.003125 0.001595 0.000000 
50.000000 42.486253 35.239077 28.496694 22.445654 17.206298 12.828714 9.298546 6.550193 4.483893 2.983173 1.929889 1.215234 0.746280 0.448547 0.265575 0.156684 0.093898 0.058807 0.039788 0.029786 0.024680 0.022149 0.020930 0.020359 0.020099 0.019983 0.019933 0.019912 0.019903 0.019897 0.019892 0.019883 0.019868 0.019841 0.019794 0.019712 0.019577 0.019360 0.019025 0.018525 0.017805 0.016806 0.015473 0.013762 0.011652 0.009154 0.006316 0.003226 0.000000 
50.000000 42.489119 35.244706 28.504893 22.456159 17.218798 12.842880 9.314054 6.566745 4.501230 3.001079 1.948194 1.233809 0.765033 0.467411 0.284508 0.175658 0.112896 0.077818 0.058806 0.048808 0.043704 0.041174 0.039955 0.039384 0.039124 0.039009 0.038958 0.038937 0.038926 0.038919 0.038910 0.038895 0.038867 0.038816 0.038725 0.038570 0.038312 0.037897 0.037254 0.036290 0.034899 0.032962 0.030370 0.027032 0.022903 0.018004 0.012429 0.006349 0.000000 
50.000000 42.494405 35.255090 28.520019 22.475538 17.241859 12.869015 9.342667 6.597285 4.533217 3.034116 1.981968 1.268081 0.799632 0.502218 0.319442 0.210667 0.147948 0.112895 0.093896 0.083905 0.078805 0.076276 0.075058 0.074487 0.074228 0.074112 0.074062 0.074039 0.074027 0.074017 0.074002 0.073975 0.073923 0.073830 0.073664 0.073378 0.072900 0.072131 0.070934 0.069133 0.066523 0.062879 0.057980 0.051651 0.043800 0.034457 0.023801 0.012164 0.000000 
50.000000 42.503861 35.273666 28.547078 22.510207 17.283116 12.915772 9.393856 6.651923 4.590446 3.093226 2.042395 1.329402 0.861538 0.564495 0.381947 0.273308 0.210667 0.175657 0.156682 0.146703 0.141609 0.139083 0.137867 0.137297 0.137037 0.136922 0.136871 0.136847 0.136833 0.136818 0.136792 0.136744 0.136654 0.136488 0.136193 0.135683 0.134829 0.133448 0.131289 0.128029 0.123282 0.116626 0.107642 0.095989 0.081479 0.064156 0.044347 0.022674 0.000000 
50.000000 42.520259 35.305877 28.593999 22.570327 17.354658 12.996855 9.482628 6.746678 4.689695 3.195736 2.147193 1.435750 0.968902 0.672504 0.490352 0.381947 0.319442 0.284508 0.265573 0.255616 0.250533 0.248013 0.246799 0.246230 0.245971 0.245855 0.245803 0.245778 0.245760 0.245736 0.245694 0.245612 0.245459 0.245176 0.244669 0.243790 0.242313 0.239914 0.236145 0.230429 0.222068 0.210283 0.194300 0.173471 0.147422 0.116202 0.080393 0.041127 0.000000 
50.000000 42.547807 35.359994 28.672830 22.671332 17.474858 13.133085 9.631779 6.905883 4.856454 3.367978 2.323279 1.614443 1.149305 0.853990 0.672504 0.564495 0.502217 0.467410 0.448545 0.438623 0.433559 0.431048 0.429838 0.429272 0.429013 0.428897 0.428844 0.428816 0.428792 0.428755 0.428687 0.428554 0.428302 0.427835 0.426995 0.425533 0.423066 0.419038 0.412680 0.402986 0.388727 0.368516 0.340951 0.304829 0.259420 0.204747 0.141800 0.072591 0.000000 
50.000000 42.592626 35.448040 28.801086 22.835667 17.670424 13.354736 9.874458 7.164924 5.127791 3.648240 2.609801 1.905209 1.442854 1.149305 0.968902 0.861538 0.799632 0.765032 0.746278 0.736416 0.731382 0.728886 0.727683 0.727119 0.726862 0.726746 0.726692 0.726659 0.726626 0.726571 0.726464 0.726255 0.725855 0.725112 0.723772 0.721427 0.717451 0.710927 0.700570 0.684686 0.661174 0.627632 0.581582 0.520842 0.444012 0.350992 0.243398 0.124707 0.000000 
50.000000 42.663209 35.586699 29.003071 23.094475 17.978422 13.703821 10.256665 7.572908 5.555146 4.089656 3.061082 2.363179 1.905209 1.614443 1.435750 1.329402 1.268081 1.233808 1.215232 1.205462 1.200475 1.198003 1.196811 1.196253 1.195997 1.195881 1.195825 1.195787 1.195741 1.195659 1.195498 1.195181 1.194572 1.193436 1.191378 1.187758 1.181589 1.171407 1.155143 1.130031 1.092593 1.038783 0.964335 0.865377 0.739267 0.585540 0.406707 0.208604 0.000000 
50.000000 42.770759 35.797977 29.310843 23.488836 18.447742 14.235756 10.839081 8.194611 6.206376 4.762322 3.748786 3.061082 2.609801 2.323279 2.147192 2.042395 1.981967 1.948194 1.929887 1.920260 1.915345 1.912909 1.911735 1.911184 1.910931 1.910815 1.910756 1.910711 1.910648 1.910531 1.910298 1.909837 1.908947 1.907279 1.904242 1.898874 1.889674 1.874393 1.849815 1.811576 1.754105 1.670780 1.554449 1.398385 1.197693 0.950981 0.661904 0.339969 0.000000 
50.000000 42.929248 36.109326 29.764395 24.069995 19.139374 15.019674 11.697403 9.110845 7.166137 5.753686 4.762322 4.089656 3.648240 3.367978 3.195736 3.093226 3.034116 3.001079 2.983171 2.973754 2.968946 2.966562 2.965413 2.964874 2.964626 2.964511 2.964448 2.964394 2.964311 2.964150 2.963826 2.963183 2.961937 2.959591 2.955298 2.947669 2.934513 2.912508 2.876843 2.820886 2.736001 2.611690 2.436278 2.198335 1.888937 1.504566 1.050032 0.540309 0.000000 
50.000000 43.155036 36.552885 30.410545 24.897948 20.124724 16.136515 12.920262 10.416226 8.533547 7.166137 6.206376 5.555146 5.127791 4.856454 4.689695 4.590446 4.533216 4.501229 4.483891 4.474772 4.470117 4.467809 4.466696 4.466174 4.465933 4.465819 4.465753 4.465688 4.465582 4.465370 4.464940 4.464084 4.462418 4.459266 4.453468 4.443105 4.425115 4.394799 4.345251 4.266774 4.146470 3.968239 3.713560 3.363457 2.901947 2.320912 1.625557 0.838533 0.000000 
50.000000 43.465883 37.163545 31.300123 26.037829 21.481316 17.674153 14.603882 12.213483 10.416226 9.110845 8.194611 7.572908 7.164924 6.905883 6.746678 6.651923 6.597285 6.566745 6.550191 6.541484 6.537040 6.534836 6.533773 6.533274 6.533043 6.532931 6.532862 6.532787 6.532655 6.532390 6.531848 6.530762 6.528641 6.524610 6.517156 6.503750 6.480315 6.440506 6.374844 6.269756 6.106742 5.861997 5.507065 5.011227 4.346409 3.495008 2.459851 1.273326 0.000000 
50.000000 43.879295 37.975697 32.483231 27.553843 23.285565 19.719213 16.843121 14.603882 12.920262 11.697403 10.839081 10.256665 9.874458 9.631779 9.482628 9.393856 9.342666 9.314054 9.298544 9.290387 9.286222 9.284157 9.283161 9.282693 9.282475 9.282368 9.282297 9.282212 9.282057 9.281741 9.281093 9.279788 9.277231 9.272346 9.263263 9.246827 9.217882 9.168301 9.085713 8.952023 8.741885 8.421560 7.948898 7.275634 6.353589 5.146388 3.647005 1.897484 0.000000 
50.000000 44.410262 39.018791 34.002773 29.500972 25.602913 22.345876 19.719213 17.674153 16.136515 15.019674 14.235756 13.703821 13.354736 13.133085 12.996855 12.915772 12.869015 12.842879 12.828712 12.821261 12.817457 12.815570 12.814660 12.814232 12.814032 12.813931 12.813860 12.813769 12.813597 12.813242 12.812511 12.811035 12.808130 12.802555 12.792133 12.773154 12.739486 12.681307 12.583396 12.422954 12.167088 11.770314 11.172938 10.301920 9.077038 7.426387 5.315239 2.787159 0.000000 
50.000000 45.068638 40.312185 35.886953 31.915357 28.476380 25.602913 23.285565 21.481316 20.124724 19.139374 18.447742 17.978422 17.670424 17.474858 17.354658 17.283116 17.241859 17.218798 17.206297 17.199722 17.196365 17.194700 17.193897 17.193518 17.193341 17.193250 17.193181 17.193088 17.192909 17.192537 17.191767 17.190208 17.187126 17.181187 17.170028 17.149582 17.113045 17.049356 16.941039 16.761267 16.470089 16.009931 15.300993 14.238190 12.693512 10.531520 7.650706 4.063323 0.000000 
50.000000 45.856573 41.860102 38.141922 34.804886 31.915357 29.500972 27.553843 26.037829 24.897948 24.069995 23.488836 23.094475 22.835667 22.671332 22.570327 22.510207 22.475538 22.456158 22.445653 22.440127 22.437306 22.435907 22.435231 22.434913 22.434763 22.434685 22.434623 22.434535 22.434363 22.434003 22.433256 22.431738 22.428728 22.422905 22.411912 22.391655 22.355208 22.291143 22.181059 21.996001 21.691420 21.200254 20.423934 19.221845 17.402443 14.726266 10.947265 5.944983 0.000000 
50.000000 46.766528 43.647736 40.746113 38.141922 35.886953 34.002773 32.483231 31.300123 30.410545 29.764395 29.310843 29.003071 28.801086 28.672830 28.593999 28.547078 28.520019 28.504893 28.496693 28.492381 28.490178 28.489086 28.488559 28.488311 28.488193 28.488130 28.488079 28.488004 28.487855 28.487541 28.486890 28.485562 28.482922 28.477797 28.468083 28.450094 28.417531 28.359862 28.259829 28.089633 27.805116 27.336843 26.576386 25.355432 23.415656 20.373056 15.706823 8.891366 0.000000 
50.000000 47.780409 45.639537 43.647736 41.860102 40.312185 39.018791 37.975697 37.163545 36.552885 36.109326 35.797977 35.586699 35.448040 35.359994 35.305877 35.273666 35.255090 35.244706 35.239076 35.236116 35.234604 35.233854 35.233492 35.233321 35.233240 35.233196 35.233160 35.233104 35.232994 35.232762 35.232277 35.231289 35.229319 35.225485 35.218194 35.204642 35.179992 35.136072 35.059295 34.927329 34.703694 34.328692 33.703551 32.661479 30.912837 27.940914 22.819769 14.017585 0.000000 
50.000000 48.870170 47.780409 46.766528 45.856573 45.068638 44.410262 43.879295 43.465883 43.155036 42.929248 42.770759 42.663209 42.592626 42.547807 42.520258 42.503861 42.494405 42.489119 42.486253 42.484746 42.483976 42.483594 42.483410 42.483323 42.483282 42.483259 42.483240 42.483211 42.483152 42.483028 42.482770 42.482241 42.481187 42.479132 42.475216 42.467919 42.454605 42.430789 42.388939 42.316503 42.192557 41.981811 41.623103 41.005316 39.911590 37.875162 33.762824 24.435085 0.000000 
50.000000 50.000000 50.000000 50.000000 50.000000 50.000000 50.000000 50.000000 50.000000 50.000000 50.000000 50.000000 50.000000 50.000000 50.000000 50.000000 50.000000 50.000000 50.000000 50.000000 50.000000 50.000000 50.000000 50.000000 50.000000 50.000000 50.000000 50.000000 50.000000 50.000000 50.000000 50.000000 50.000000 50.000000 50.000000 50.000000 50.000000 50.000000 50.000000 50.000000 50.000000 50.000000 50.000000 50.000000 50.000000 50.000000 50.000000 50.000000 50.000000 50.000000 
