50.000000 50.000000 50.000000 50.000000 50.000000 50.000000 50.000000 50.000000 50.000000 50.000000 50.000000 50.000000 50.000000 50.000000 50.000000 50.000000 50.000000 50.000000 50.000000 50.000000 50.000000 50.000000 50.000000 50.000000 50.000000 50.000000 50.000000 50.000000 50.000000 50.000000 50.000000 50.000000 50.000000 50.000000 50.000000 50.000000 50.000000 50.000000 50.000000 50.000000 50.000000 50.000000 50.000000 50.000000 50.000000 50.000000 50.000000 50.000000 50.000000 50.000000 
50.000000 48.907396 47.852265 46.868230 45.981866 45.210672 44.562431 44.035911 43.622576 43.308877 43.078639 42.915172 42.802859 42.728157 42.680038 42.650010 42.631846 42.621193 42.615132 42.611785 42.609991 42.609056 42.608583 42.608350 42.608237 42.608182 42.608152 42.608127 42.608089 42.608015 42.607863 42.607553 42.606929 42.605707 42.603362 42.598963 42.590886 42.576355 42.550696 42.506147 42.429889 42.300709 42.083035 41.715467 41.086734 39.979947 37.928473 33.799401 24.453698 0.000000 
50.000000 47.852265 45.778194 43.843877 42.101554 40.585621 39.311381 38.276408 37.463923 36.847294 36.394725 36.073404 35.852635 35.705797 35.611215 35.552189 35.516488 35.495548 35.483635 35.477056 35.473529 35.471692 35.470762 35.470304 35.470082 35.469975 35.469916 35.469867 35.469796 35.469657 35.469372 35.468788 35.467620 35.465330 35.460947 35.452742 35.437712 35.410754 35.363342 35.281449 35.142239 34.908685 34.520552 33.878618 32.815798 31.042401 28.041960 22.889097 14.052864 0.000000 
50.000000 46.868230 43.843877 41.023313 38.482714 36.272236 34.414191 32.905042 31.720321 30.821189 30.161284 29.692759 29.370855 29.156750 29.018840 28.932777 28.880721 28.850191 28.832820 28.823229 28.818086 28.815408 28.814052 28.813384 28.813061 28.812905 28.812821 28.812752 28.812655 28.812466 28.812081 28.811293 28.809718 28.806640 28.800763 28.789793 28.769779 28.734051 28.671591 28.564544 28.384412 28.086288 27.600006 26.816515 25.567104 23.593373 20.511656 15.801917 8.939758 0.000000 
50.000000 45.981866 42.101554 38.482714 35.223083 32.387014 30.003131 28.066892 26.546904 25.393334 24.546693 23.945593 23.532606 23.257923 23.080995 22.970584 22.903802 22.864635 22.842351 22.830046 22.823449 22.820014 22.818274 22.817417 22.817004 22.816805 22.816698 22.816616 22.816501 22.816283 22.815837 22.814931 22.813122 22.809597 22.802889 22.790420 22.767781 22.727609 22.657909 22.539572 22.342826 22.022237 21.509884 20.706463 19.470893 17.611541 14.889340 11.059152 6.001920 0.000000 
50.000000 45.210672 40.585621 36.272236 32.387014 29.006657 26.165283 23.857476 22.045812 20.670890 19.661800 18.945373 18.453154 18.125778 17.914911 17.783322 17.703733 17.657054 17.630498 17.615834 17.607972 17.603878 17.601806 17.600784 17.600293 17.600056 17.599932 17.599840 17.599718 17.599490 17.599027 17.598087 17.596218 17.592588 17.585707 17.572977 17.549995 17.509495 17.439808 17.322706 17.130493 16.822274 16.339562 15.601775 14.503328 12.916121 10.705132 7.769823 4.123938 0.000000 
50.000000 44.562431 39.311381 34.414191 30.003131 26.165283 22.939382 20.319273 18.262464 16.701509 15.555896 14.742550 14.183750 13.812095 13.572711 13.423329 13.332978 13.279990 13.249844 13.233198 13.224275 13.219627 13.217275 13.216116 13.215558 13.215292 13.215154 13.215058 13.214937 13.214716 13.214272 13.213373 13.211592 13.208146 13.201641 13.189671 13.168192 13.130614 13.066519 12.959943 12.787227 12.514552 12.095527 11.469691 10.563509 9.296667 7.597676 5.432763 2.846964 0.000000 
50.000000 44.035911 38.276408 32.905042 28.066892 23.857476 20.319273 17.445530 15.189635 13.477604 12.221128 11.329082 10.716220 10.308615 10.046078 9.882251 9.783165 9.725055 9.691995 9.673741 9.663956 9.658859 9.656280 9.655010 9.654399 9.654108 9.653962 9.653864 9.653751 9.653551 9.653151 9.652348 9.650761 9.647703 9.641957 9.631441 9.612689 9.580126 9.525065 9.434454 9.289399 9.063696 8.722765 8.223746 7.517914 6.557008 5.305036 3.755856 1.952875 0.000000 
50.000000 43.622576 37.463923 31.720321 26.546904 22.045812 18.262464 15.189635 12.777475 10.946870 9.603385 8.649577 7.994290 7.558475 7.277772 7.102612 6.996673 6.934545 6.899199 6.879684 6.869222 6.863774 6.861017 6.859659 6.859007 6.858698 6.858545 6.858450 6.858348 6.858176 6.857837 6.857159 6.855826 6.853267 6.848483 6.839773 6.824339 6.797733 6.753125 6.680435 6.565390 6.388738 6.125939 5.747912 5.223537 4.524667 3.634032 2.555239 1.321866 0.000000 
50.000000 43.308877 36.847294 30.821189 25.393334 20.670890 16.701509 13.477604 10.946870 9.026295 7.616794 6.616128 5.928657 5.471442 5.176960 4.993204 4.882068 4.816893 4.779815 4.759343 4.748369 4.742654 4.739762 4.738338 4.737655 4.737332 4.737176 4.737084 4.736996 4.736854 4.736582 4.736039 4.734976 4.732945 4.729165 4.722322 4.710270 4.689639 4.655325 4.599920 4.513148 4.381480 4.188205 3.914281 3.540397 3.050509 2.436778 1.705055 0.878988 0.000000 
50.000000 43.078639 36.394725 30.161284 24.546693 19.661800 15.555896 12.221128 9.603385 7.616794 6.158857 5.123813 4.412732 3.939819 3.635231 3.445171 3.330223 3.262814 3.224466 3.203293 3.191943 3.186033 3.183042 3.181569 3.180863 3.180531 3.180372 3.180285 3.180210 3.180099 3.179889 3.179475 3.178667 3.177131 3.174287 3.169162 3.160191 3.144934 3.119750 3.079428 3.016874 2.922951 2.786674 2.595954 2.339094 2.007122 1.596740 1.113275 0.572492 0.000000 
50.000000 42.915172 36.073404 29.692759 23.945593 18.945373 14.742550 11.329082 8.649577 6.616128 5.123813 4.064372 3.336537 2.852486 2.540727 2.346194 2.228543 2.159549 2.120300 2.098630 2.087014 2.080965 2.077904 2.076397 2.075675 2.075336 2.075177 2.075094 2.075030 2.074945 2.074790 2.074488 2.073902 2.072792 2.070744 2.067074 2.060685 2.049887 2.032186 2.004063 1.960803 1.896451 1.804017 1.676031 1.505565 1.287685 1.021168 0.710062 0.364476 0.000000 
50.000000 42.802859 35.852635 29.370855 23.532606 18.453154 14.183750 10.716220 7.994290 5.928657 4.412732 3.336537 2.597196 2.105497 1.788815 1.591212 1.471706 1.401624 1.361757 1.339746 1.327947 1.321803 1.318694 1.317164 1.316431 1.316087 1.315928 1.315848 1.315795 1.315731 1.315621 1.315410 1.315002 1.314232 1.312819 1.310298 1.305933 1.298598 1.286649 1.267798 1.239019 1.196557 1.136095 1.053136 0.943659 0.804996 0.636804 0.441881 0.226504 0.000000 
50.000000 42.728157 35.705797 29.156750 23.257923 18.125778 13.812095 10.308615 7.558475 5.471442 3.939819 2.852486 2.105497 1.608715 1.288762 1.089119 0.968380 0.897576 0.857297 0.835060 0.823140 0.816932 0.813791 0.812246 0.811506 0.811160 0.811000 0.810923 0.810877 0.810830 0.810755 0.810612 0.810339 0.809827 0.808890 0.807226 0.804358 0.799564 0.791801 0.779629 0.761172 0.734135 0.695925 0.643903 0.575782 0.490143 0.386971 0.268085 0.137270 0.000000 
50.000000 42.680038 35.611215 29.018840 23.080995 17.914911 13.572711 10.046078 7.277772 5.176960 3.635231 2.540727 1.788815 1.288762 0.966703 0.765747 0.644214 0.572946 0.532403 0.510020 0.498022 0.491774 0.488613 0.487057 0.486312 0.485965 0.485805 0.485731 0.485690 0.485655 0.485605 0.485512 0.485336 0.485008 0.484409 0.483351 0.481536 0.478517 0.473653 0.466069 0.454638 0.438000 0.414637 0.383040 0.341934 0.290575 0.229047 0.158473 0.081075 0.000000 
50.000000 42.650010 35.552189 28.932777 22.970584 17.783322 13.423329 9.882251 7.102612 4.993204 3.445171 2.346194 1.591212 1.089119 0.765747 0.563973 0.441946 0.370388 0.329681 0.307207 0.295160 0.288887 0.285713 0.284151 0.283403 0.283054 0.282895 0.282822 0.282786 0.282759 0.282726 0.282667 0.282558 0.282355 0.281987 0.281338 0.280229 0.278393 0.275450 0.270884 0.264039 0.254129 0.240294 0.221688 0.197616 0.167695 0.132014 0.091242 0.046648 0.000000 
50.000000 42.631846 35.516488 28.880721 22.903802 17.703733 13.332978 9.783165 6.996673 4.882068 3.330224 2.228543 1.471706 0.968380 0.644215 0.441946 0.319620 0.247887 0.207081 0.184552 0.172476 0.166188 0.163006 0.161440 0.160691 0.160341 0.160182 0.160111 0.160076 0.160055 0.160033 0.159997 0.159932 0.159810 0.159592 0.159207 0.158553 0.157474 0.155752 0.153092 0.149123 0.143406 0.135463 0.124833 0.111144 0.094205 0.074081 0.051157 0.026140 0.000000 
50.000000 42.621193 35.495548 28.850191 22.864635 17.657055 13.279990 9.725055 6.934545 4.816893 3.262814 2.159550 1.401625 0.897576 0.572946 0.370388 0.247887 0.176052 0.135187 0.112626 0.100533 0.094236 0.091049 0.089482 0.088731 0.088382 0.088223 0.088152 0.088119 0.088102 0.088086 0.088065 0.088027 0.087957 0.087831 0.087611 0.087237 0.086624 0.085648 0.084148 0.081918 0.078719 0.074295 0.068399 0.060837 0.051513 0.040473 0.027929 0.014264 0.000000 
50.000000 42.615132 35.483635 28.832821 22.842351 17.630498 13.249845 9.691996 6.899200 4.779816 3.224467 2.120301 1.361758 0.857299 0.532404 0.329682 0.207082 0.135188 0.094290 0.071711 0.059608 0.053306 0.050117 0.048548 0.047797 0.047447 0.047288 0.047218 0.047186 0.047171 0.047160 0.047147 0.047125 0.047086 0.047016 0.046894 0.046688 0.046350 0.045814 0.044993 0.043778 0.042042 0.039649 0.036472 0.032412 0.027421 0.021528 0.014847 0.007580 0.000000 
50.000000 42.611786 35.477057 28.823230 22.830048 17.615836 13.233201 9.673744 6.879687 4.759346 3.203296 2.098633 1.339749 0.835063 0.510023 0.307210 0.184555 0.112629 0.071713 0.049124 0.037016 0.030711 0.027520 0.025951 0.025199 0.024850 0.024691 0.024620 0.024590 0.024575 0.024567 0.024559 0.024547 0.024526 0.024488 0.024422 0.024312 0.024131 0.023846 0.023411 0.022768 0.021853 0.020596 0.018932 0.016812 0.014213 0.011151 0.007686 0.003923 0.000000 
50.000000 42.609992 35.473532 28.818090 22.823454 17.607978 13.224281 9.663963 6.869230 4.748377 3.191951 2.087022 1.327955 0.823148 0.498030 0.295168 0.172484 0.100541 0.059615 0.037021 0.024909 0.018603 0.015412 0.013842 0.013090 0.012740 0.012582 0.012511 0.012481 0.012468 0.012461 0.012456 0.012449 0.012437 0.012418 0.012383 0.012326 0.012232 0.012085 0.011861 0.011530 0.011061 0.010419 0.009571 0.008494 0.007176 0.005627 0.003877 0.001978 0.000000 
50.000000 42.609060 35.471699 28.815417 22.820026 17.603892 13.219643 9.658877 6.863793 4.742674 3.186053 2.080985 1.321824 0.816953 0.491795 0.288908 0.166209 0.094256 0.053326 0.030729 0.018616 0.012309 0.009117 0.007547 0.006795 0.006445 0.006287 0.006216 0.006186 0.006173 0.006167 0.006163 0.006159 0.006154 0.006143 0.006126 0.006097 0.006050 0.005976 0.005863 0.005698 0.005463 0.005144 0.004722 0.004188 0.003537 0.002772 0.001909 0.000974 0.000000 
50.000000 42.608591 35.470778 28.814075 22.818303 17.601840 13.217314 9.656322 6.861062 4.739809 3.183090 2.077953 1.318744 0.813842 0.488664 0.285764 0.163057 0.091100 0.050167 0.027568 0.015455 0.009147 0.005955 0.004385 0.003633 0.003283 0.003125 0.003055 0.003024 0.003012 0.003006 0.003003 0.003001 0.002998 0.002993 0.002984 0.002969 0.002946 0.002909 0.002854 0.002772 0.002657 0.002501 0.002295 0.002034 0.001717 0.001345 0.000926 0.000472 0.000000 
50.000000 42.608369 35.470341 28.813437 22.817486 17.600866 13.216208 9.655110 6.859766 4.738450 3.181684 2.076514 1.317283 0.812366 0.487178 0.284272 0.161561 0.089602 0.048668 0.026069 0.013955 0.007647 0.004455 0.002885 0.002133 0.001783 0.001624 0.001554 0.001524 0.001511 0.001506 0.001503 0.001502 0.001500 0.001497 0.001493 0.001486 0.001474 0.001455 0.001427 0.001386 0.001328 0.001249 0.001146 0.001015 0.000856 0.000671 0.000462 0.000235 0.000000 
50.000000 42.608281 35.470168 28.813186 22.817163 17.600481 13.215771 9.654631 6.859254 4.737912 3.181129 2.075946 1.316705 0.811782 0.486590 0.283682 0.160970 0.089010 0.048076 0.025476 0.013362 0.007054 0.003862 0.002292 0.001540 0.001190 0.001032 0.000961 0.000931 0.000919 0.000913 0.000911 0.000910 0.000908 0.000907 0.000904 0.000899 0.000892 0.000881 0.000863 0.000838 0.000803 0.000755 0.000692 0.000613 0.000517 0.000405 0.000279 0.000142 0.000000 
50.000000 42.608281 35.470168 28.813186 22.817163 17.600481 13.215771 9.654631 6.859254 4.737912 3.181129 2.075946 1.316705 0.811782 0.486590 0.283682 0.160970 0.089010 0.048076 0.025476 0.013362 0.007054 0.003862 0.002292 0.001540 0.001190 0.001032 0.000961 0.000931 0.000919 0.000913 0.000911 0.000910 0.000908 0.000907 0.000904 0.000899 0.000892 0.000881 0.000863 0.000838 0.000803 0.000755 0.000692 0.000613 0.000517 0.000405 0.000279 0.000142 0.000000 
50.000000 42.608369 35.470341 28.813437 22.817486 17.600866 13.216208 9.655110 6.859766 4.738450 3.181684 2.076514 1.317283 0.812366 0.487178 0.284272 0.161561 0.089602 0.048668 0.026069 0.013955 0.007647 0.004455 0.002885 0.002133 0.001783 0.001624 0.001554 0.001524 0.001511 0.001506 0.001503 0.001502 0.001500 0.001497 0.001493 0.001486 0.001474 0.001455 0.001427 0.001386 0.001328 0.001249 0.001146 0.001015 0.000856 0.000671 0.000462 0.000235 0.000000 
50.000000 42.608591 35.470778 28.814075 22.818303 17.601840 13.217314 9.656322 6.861062 4.739809 3.183090 2.077953 1.318744 0.813842 0.488664 0.285764 0.163057 0.091100 0.050167 0.027568 0.015455 0.009147 0.005955 0.004385 0.003633 0.003283 0.003125 0.003055 0.003024 0.003012 0.003006 0.003003 0.003001 0.002998 0.002993 0.002984 0.002969 0.002946 0.002909 0.002854 0.002772 0.002657 0.002501 0.002295 0.002034 0.001717 0.001345 0.000926 0.000472 0.000000 
50.000000 42.609060 35.471699 28.815417 22.820026 17.603892 13.219643 9.658877 6.863793 4.742674 3.186053 2.080985 1.321824 0.816953 0.491795 0.288908 0.166209 0.094256 0.053326 0.030729 0.018616 0.012309 0.009117 0.007547 0.006795 0.006445 0.006287 0.006216 0.006186 0.006173 0.006167 0.006163 0.006159 0.006154 0.006143 0.006126 0.006097 0.006050 0.005976 0.005863 0.005698 0.005463 0.005144 0.004722 0.004188 0.003537 0.002772 0.001909 0.000974 0.000000 
50.000000 42.609992 35.473532 28.818090 22.823454 17.607978 13.224281 9.663963 6.869230 4.748377 3.191951 2.087022 1.327955 0.823148 0.498030 0.295168 0.172484 0.100541 0.059615 0.037021 0.024909 0.018603 0.015412 0.013842 0.013090 0.012740 0.012582 0.012511 0.012481 0.012468 0.012461 0.012456 0.012449 0.012437 0.012418 0.012383 0.012326 0.012232 0.012085 0.011861 0.011530 0.011061 0.010419 0.009571 0.008494 0.007176 0.005627 0.003877 0.001978 0.000000 
50.000000 42.611786 35.477057 28.823230 22.830048 17.615836 13.233201 9.673744 6.879687 4.759346 3.203296 2.098633 1.339749 0.835063 0.510023 0.307210 0.184555 0.112629 0.071713 0.049124 0.037016 0.030711 0.027520 0.025951 0.025199 0.024850 0.024691 0.024620 0.024590 0.024575 0.024567 0.024559 0.024547 0.024526 0.024488 0.024422 0.024312 0.024131 0.023846 0.023411 0.022768 0.021853 0.020596 0.018932 0.016812 0.014213 0.011151 0.007686 0.003923 0.000000 
50.000000 42.615132 35.483635 28.832821 22.842351 17.630498 13.249845 9.691996 6.899200 4.779816 3.224467 2.120301 1.361758 0.857299 0.532404 0.329682 0.207082 0.135188 0.094290 0.071711 0.059608 0.053306 0.050117 0.048548 0.047797 0.047447 0.047288 0.047218 0.047186 0.047171 0.047160 0.047147 0.047125 0.047086 0.047016 0.046894 0.046688 0.046350 0.045814 0.044993 0.043778 0.042042 0.039649 0.036472 0.032412 0.027421 0.021528 0.014847 0.007580 0.000000 
50.000000 42.621193 35.495548 28.850191 22.864635 17.657055 13.279990 9.725055 6.934545 4.816893 3.262814 2.159550 1.401625 0.897576 0.572946 0.370388 0.247887 0.176052 0.135187 0.112626 0.100533 0.094236 0.091049 0.089482 0.088731 0.088382 0.088223 0.088152 0.088119 0.088102 0.088086 0.088065 0.088027 0.087957 0.087831 0.087611 0.087237 0.086624 0.085648 0.084148 0.081918 0.078719 0.074295 0.068399 0.060837 0.051513 0.040473 0.027929 0.014264 0.000000 
50.000000 42.631846 35.516488 28.880721 22.903802 17.703733 13.332978 9.783165 6.996673 4.882068 3.330224 2.228543 1.471706 0.968380 0.644215 0.441946 0.319620 0.247887 0.207081 0.184552 0.172476 0.166188 0.163006 0.161440 0.160691 0.160341 0.160182 0.160111 0.160076 0.160055 0.160033 0.159997 0.159932 0.159810 0.159592 0.159207 0.158553 0.157474 0.155752 0.153092 0.149123 0.143406 0.135463 0.124833 0.111144 0.094205 0.074081 0.051157 0.026140 0.000000 
50.000000 42.650010 35.552189 28.932777 22.970584 17.783322 13.423329 9.882251 7.102612 4.993204 3.445171 2.346194 1.591212 1.089119 0.765747 0.563973 0.441946 0.370388 0.329681 0.307207 0.295160 0.288887 0.285713 0.284151 0.283403 0.283054 0.282895 0.282822 0.282786 0.282759 0.282726 0.282667 0.282558 0.282355 0.281987 0.281338 0.280229 0.278393 0.275450 0.270884 0.264039 0.254129 0.240294 0.221688 0.197616 0.167695 0.132014 0.091242 0.046648 0.000000 
50.000000 42.680038 35.611215 29.018840 23.080995 17.914911 13.572711 10.046078 7.277772 5.176960 3.635231 2.540727 1.788815 1.288762 0.966703 0.765747 0.644214 0.572946 0.532403 0.510020 0.498022 0.491774 0.488613 0.487057 0.486312 0.485965 0.485805 0.485731 0.485690 0.485655 0.485605 0.485512 0.485336 0.485008 0.484409 0.483351 0.481536 0.478517 0.473653 0.466069 0.454638 0.438000 0.414637 0.383040 0.341934 0.290575 0.229047 0.158473 0.081075 0.000000 
50.000000 42.728157 35.705797 29.156750 23.257923 18.125778 13.812095 10.308615 7.558475 5.471442 3.939819 2.852486 2.105497 1.608715 1.288762 1.089119 0.968380 0.897576 0.857297 0.835060 0.823140 0.816932 0.813791 0.812246 0.811506 0.811160 0.811000 0.810923 0.810877 0.810830 0.810755 0.810612 0.810339 0.809827 0.808890 0.807226 0.804358 0.799564 0.791801 0.779629 0.761172 0.734135 0.695925 0.643903 0.575782 0.490143 0.386971 0.268085 0.137270 0.000000 
50.000000 42.802859 35.852635 29.370855 23.532606 18.453154 14.183750 10.716220 7.994290 5.928657 4.412732 3.336537 2.597196 2.105497 1.788815 1.591212 1.471706 1.401624 1.361757 1.339746 1.327947 1.321803 1.318694 1.317164 1.316431 1.316087 1.315928 1.315848 1.315795 1.315731 1.315621 1.315410 1.315002 1.314232 1.312819 1.310298 1.305933 1.298598 1.286649 1.267798 1.239019 1.196557 1.136095 1.053136 0.943659 0.804996 0.636804 0.441881 0.226504 0.000000 
50.000000 42.915172 36.073404 29.692759 23.945593 18.945373 14.742550 11.329082 8.649577 6.616128 5.123813 4.064372 3.336537 2.852486 2.540727 2.346194 2.228543 2.159549 2.120300 2.098630 2.087014 2.080965 2.077904 2.076397 2.075675 2.075336 2.075177 2.075094 2.075030 2.074945 2.074790 2.074488 2.073902 2.072792 2.070744 2.067074 2.060685 2.049887 2.032186 2.004063 1.960803 1.896451 1.804017 1.676031 1.505565 1.287685 1.021168 0.710062 0.364476 0.000000 
50.000000 43.078639 36.394725 30.161284 24.546693 19.661800 15.555896 12.221128 9.603385 7.616794 6.158857 5.123813 4.412732 3.939819 3.635231 3.445171 3.330223 3.262814 3.224466 3.203293 3.191943 3.186033 3.183042 3.181569 3.180863 3.180531 3.180372 3.180285 3.180210 3.180099 3.179889 3.179475 3.178667 3.177131 3.174287 3.169162 3.160191 3.144934 3.119750 3.079428 3.016874 2.922951 2.786674 2.595954 2.339094 2.007122 1.596740 1.113275 0.572492 0.000000 
50.000000 43.308877 36.847294 30.821189 25.393334 20.670890 16.701509 13.477604 10.946870 9.026295 7.616794 6.616128 5.928657 5.471442 5.176960 4.993204 4.882068 4.816893 4.779815 4.759343 4.748369 4.742654 4.739762 4.738338 4.737655 4.737332 4.737176 4.737084 4.736996 4.736854 4.736582 4.736039 4.734976 4.732945 4.729165 4.722322 4.710270 4.689639 4.655325 4.599920 4.513148 4.381480 4.188205 3.914281 3.540397 3.050509 2.436778 1.705055 0.878988 0.000000 
50.000000 43.622576 37.463923 31.720321 26.546904 22.045812 18.262464 15.189635 12.777475 10.946870 9.603385 8.649577 7.994290 7.558475 7.277772 7.102612 6.996673 6.934545 6.899199 6.879684 6.869222 6.863774 6.861017 6.859659 6.859007 6.858698 6.858545 6.858450 6.858348 6.858176 6.857837 6.857159 6.855826 6.853267 6.848483 6.839773 6.824339 6.797733 6.753125 6.680435 6.565390 6.388738 6.125939 5.747912 5.223537 4.524667 3.634032 2.555239 1.321866 0.000000 
50.000000 44.035911 38.276408 32.905042 28.066892 23.857476 20.319273 17.445530 15.189635 13.477604 12.221128 11.329082 10.716220 10.308615 10.046078 9.882251 9.783165 9.725055 9.691995 9.673741 9.663956 9.658859 9.656280 9.655010 9.654399 9.654108 9.653962 9.653864 9.653751 9.653551 9.653151 9.652348 9.650761 9.647703 9.641957 9.631441 9.612689 9.580126 9.525065 9.434454 9.289399 9.063696 8.722765 8.223746 7.517914 6.557008 5.305036 3.755856 1.952875 0.000000 
50.000000 44.562431 39.311381 34.414191 30.003131 26.165283 22.939382 20.319273 18.262464 16.701509 15.555896 14.742550 14.183750 13.812095 13.572711 13.423329 13.332978 13.279990 13.249844 13.233198 13.224275 13.219627 13.217275 13.216116 13.215558 13.215292 13.215154 13.215058 13.214937 13.214716 13.214272 13.213373 13.211592 13.208146 13.201641 13.189671 13.168192 13.130614 13.066519 12.959943 12.787227 12.514552 12.095527 11.469691 10.563509 9.296667 7.597676 5.432763 2.846964 0.000000 
50.000000 45.210672 40.585621 36.272236 32.387014 29.006657 26.165283 23.857476 22.045812 20.670890 19.661800 18.945373 18.453154 18.125778 17.914911 17.783322 17.703733 17.657054 17.630498 17.615834 17.607972 17.603878 17.601806 17.600784 17.600293 17.600056 17.599932 17.599840 17.599718 17.599490 17.599027 17.598087 17.596218 17.592588 17.585707 17.572977 17.549995 17.509495 17.439808 17.322706 17.130493 16.822274 16.339562 15.601775 14.503328 12.916121 10.705132 7.769823 4.123938 0.000000 
50.000000 45.981866 42.101554 38.482714 35.223083 32.387014 30.003131 28.066892 26.546904 25.393334 24.546693 23.945593 23.532606 23.257923 23.080995 22.970584 22.903802 22.864635 22.842351 22.830046 22.823449 22.820014 22.818274 22.817417 22.817004 22.816805 22.816698 22.816616 22.816501 22.816283 22.815837 22.814931 22.813122 22.809597 22.802889 22.790420 22.767781 22.727609 22.657909 22.539572 22.342826 22.022237 21.509884 20.706463 19.470893 17.611541 14.889340 11.059152 6.001920 0.000000 
50.000000 46.868230 43.843877 41.023313 38.482714 36.272236 34.414191 32.905042 31.720321 30.821189 30.161284 29.692759 29.370855 29.156750 29.018840 28.932777 28.880721 28.850191 28.832820 28.823229 28.818086 28.815408 28.814052 28.813384 28.813061 28.812905 28.812821 28.812752 28.812655 28.812466 28.812081 28.811293 28.809718 28.806640 28.800763 28.789793 28.769779 28.734051 28.671591 28.564544 28.384412 28.086288 27.600006 26.816515 25.567104 23.593373 20.511656 15.801917 8.939758 0.000000 
50.000000 47.852265 45.778194 43.843877 42.101554 40.585621 39.311381 38.276408 37.463923 36.847294 36.394725 36.073404 35.852635 35.705797 35.611215 35.552189 35.516488 35.495548 35.483635 35.477056 35.473529 35.471692 35.470762 35.470304 35.470082 35.469975 35.469916 35.469867 35.469796 35.469657 35.469372 35.468788 35.467620 35.465330 35.460947 35.452742 35.437712 35.410754 35.363342 35.281449 35.142239 34.908685 34.520552 33.878618 32.815798 31.042401 28.041960 22.889097 14.052864 0.000000 
50.000000 48.907396 47.852265 46.868230 45.981866 45.210672 44.562431 44.035911 43.622576 43.308877 43.078639 42.915172 42.802859 42.728157 42.680038 42.650010 42.631846 42.621193 42.615132 42.611785 42.609991 42.609056 42.608583 42.608350 42.608237 42.608182 42.608152 42.608127 42.608089 42.608015 42.607863 42.607553 42.606929 42.605707 42.603362 42.598963 42.590886 42.576355 42.550696 42.506147 42.429889 42.300709 42.083035 41.715467 41.086734 39.979947 37.928473 33.799401 24.453698 0.000000 
50.000000 50.000000 50.000000 50.000000 50.000000 50.000000 50.000000 50.000000 50.000000 50.000000 50.000000 50.000000 50.000000 50.000000 50.000000 50.000000 50.000000 50.000000 50.000000 50.000000 50.000000 50.000000 50.000000 50.000000 50.000000 50.000000 50.000000 50.000000 50.000000 50.000000 50.000000 50.000000 50.000000 50.000000 50.000000 50.000000 50.000000 50.000000 50.000000 50.000000 50.000000 50.000000 50.000000 50.000000 50.000000 50.000000 50.000000 50.000000 50.000000 50.000000 
