50.000000 50.000000 50.000000 50.000000 50.000000 50.000000 50.000000 50.000000 50.000000 50.000000 50.000000 50.000000 50.000000 50.000000 50.000000 50.000000 50.000000 50.000000 50.000000 50.000000 50.000000 50.000000 50.000000 50.000000 50.000000 50.000000 50.000000 50.000000 50.000000 50.000000 50.000000 50.000000 50.000000 50.000000 50.000000 50.000000 50.000000 50.000000 50.000000 50.000000 50.000000 50.000000 50.000000 50.000000 50.000000 50.000000 50.000000 50.000000 50.000000 50.000000 
50.000000 47.916295 45.968756 44.266906 42.875652 41.810716 41.046601 40.531988 40.206207 40.012038 39.902904 39.844960 39.815849 39.801987 39.795719 39.793023 39.791920 39.791488 39.791327 39.791270 39.791250 39.791243 39.791241 39.791241 39.791241 39.791241 39.791241 39.791240 39.791240 39.791240 39.791239 39.791236 39.791226 39.791196 39.791111 39.790880 39.790270 39.788723 39.784952 39.776098 39.756049 39.712165 39.618943 39.425603 39.030405 38.222744 36.536741 32.832980 23.958147 0.000000 
50.000000 45.968756 42.200957 38.908500 36.216956 34.156736 32.678506 31.682970 31.052747 30.677135 30.466025 30.353941 30.297632 30.270817 30.258694 30.253481 30.251346 30.250512 30.250200 30.250089 30.250051 30.250039 30.250035 30.250033 30.250033 30.250033 30.250033 30.250033 30.250033 30.250032 30.250030 30.250025 30.250007 30.249954 30.249804 30.249395 30.248320 30.245604 30.239009 30.223608 30.188994 30.113998 29.956999 29.638368 29.008579 27.789480 25.465930 21.100479 13.135775 0.000000 
50.000000 44.266906 38.908500 34.226147 30.398434 27.468595 25.366449 23.950766 23.054595 22.520497 22.220320 22.060955 21.980896 21.942773 21.925538 21.918128 21.915092 21.913907 21.913464 21.913306 21.913252 21.913234 21.913228 21.913227 21.913226 21.913226 21.913226 21.913226 21.913226 21.913225 21.913223 21.913216 21.913194 21.913129 21.912945 21.912445 21.911136 21.907845 21.899903 21.881507 21.840585 21.753142 21.573501 21.218330 20.541901 19.300840 17.113073 13.442570 7.730164 0.000000 
50.000000 42.875652 36.216956 30.398434 25.642011 22.001390 19.389334 17.630309 16.516834 15.853253 15.480321 15.282339 15.182885 15.135530 15.114122 15.104917 15.101148 15.099675 15.099126 15.098929 15.098862 15.098840 15.098833 15.098831 15.098830 15.098830 15.098830 15.098830 15.098830 15.098829 15.098827 15.098820 15.098797 15.098732 15.098546 15.098043 15.096734 15.093461 15.085624 15.067635 15.028093 14.944876 14.777279 14.454492 13.860792 12.821005 11.097594 8.427477 4.652908 0.000000 
50.000000 41.810716 34.156736 27.468595 22.001390 17.816831 14.814601 12.792893 11.513188 10.750575 10.322007 10.094502 9.980223 9.925812 9.901216 9.890641 9.886311 9.884620 9.883988 9.883763 9.883686 9.883660 9.883652 9.883650 9.883649 9.883649 9.883649 9.883649 9.883649 9.883648 9.883646 9.883639 9.883620 9.883562 9.883399 9.882959 9.881820 9.878992 9.872273 9.857003 9.823841 9.755104 9.619289 9.363949 8.908415 8.140598 6.926693 5.148157 2.780310 0.000000 
50.000000 41.046601 32.678506 25.366449 19.389334 14.814601 11.532533 9.322457 7.923572 7.089972 6.621534 6.372876 6.247978 6.188515 6.161636 6.150081 6.145350 6.143502 6.142812 6.142566 6.142481 6.142454 6.142445 6.142442 6.142442 6.142441 6.142441 6.142441 6.142441 6.142441 6.142439 6.142434 6.142418 6.142372 6.142245 6.141901 6.141015 6.138832 6.133685 6.122102 6.097240 6.046440 5.947803 5.766267 5.450651 4.934842 4.148119 3.040137 1.620998 0.000000 
50.000000 40.531988 31.682970 23.950766 17.630309 12.792893 9.322457 6.985608 5.506532 4.625181 4.129929 3.867049 3.735014 3.672157 3.643745 3.631532 3.626531 3.624578 3.623849 3.623589 3.623500 3.623470 3.623461 3.623458 3.623458 3.623457 3.623457 3.623457 3.623457 3.623457 3.623456 3.623452 3.623441 3.623408 3.623317 3.623073 3.622447 3.620916 3.617334 3.609346 3.592389 3.558188 3.492804 3.374654 3.173604 2.853030 2.377265 1.725971 0.913045 0.000000 
50.000000 40.206207 31.052747 23.054595 16.516834 11.513188 7.923572 5.506532 3.976744 3.065203 2.553004 2.281139 2.144597 2.079596 2.050216 2.037588 2.032418 2.030398 2.029644 2.029375 2.029283 2.029253 2.029243 2.029241 2.029240 2.029240 2.029239 2.029239 2.029239 2.029239 2.029238 2.029236 2.029228 2.029207 2.029147 2.028988 2.028583 2.027596 2.025306 2.020241 2.009595 1.988372 1.948344 1.877132 1.758084 1.571958 1.301453 0.938749 0.494043 0.000000 
50.000000 40.012038 30.677135 22.520497 15.853253 10.750575 7.089972 4.625181 3.065203 2.135694 1.613413 1.336204 1.196982 1.130708 1.100754 1.087879 1.082608 1.080549 1.079781 1.079506 1.079413 1.079382 1.079372 1.079369 1.079368 1.079368 1.079368 1.079368 1.079368 1.079368 1.079367 1.079366 1.079361 1.079348 1.079312 1.079216 1.078973 1.078384 1.077027 1.074050 1.067847 1.055608 1.032792 0.992732 0.926734 0.825160 0.679911 0.488141 0.255989 0.000000 
50.000000 39.902904 30.466025 22.220320 15.480321 10.322007 6.621534 4.129929 2.553004 1.613413 1.085477 0.805272 0.664548 0.597560 0.567284 0.554271 0.548944 0.546863 0.546087 0.545809 0.545714 0.545683 0.545673 0.545671 0.545670 0.545669 0.545669 0.545669 0.545669 0.545669 0.545669 0.545668 0.545666 0.545658 0.545638 0.545584 0.545448 0.545121 0.544372 0.542739 0.539364 0.532763 0.520583 0.499433 0.465005 0.412686 0.338814 0.242416 0.126806 0.000000 
50.000000 39.844960 30.353941 22.060955 15.282339 10.094502 6.372876 3.867049 2.281139 1.336204 0.805272 0.523480 0.381961 0.314595 0.284150 0.271064 0.265706 0.263614 0.262833 0.262554 0.262459 0.262428 0.262418 0.262415 0.262414 0.262414 0.262414 0.262414 0.262414 0.262414 0.262413 0.262413 0.262412 0.262408 0.262397 0.262369 0.262298 0.262128 0.261740 0.260900 0.259177 0.255833 0.249715 0.239190 0.222229 0.196716 0.161052 0.114932 0.060008 0.000000 
50.000000 39.815849 30.297632 21.980896 15.182885 9.980223 6.247978 3.735014 2.144597 1.196982 0.664548 0.381961 0.240044 0.172490 0.141959 0.128836 0.123464 0.121366 0.120583 0.120303 0.120208 0.120176 0.120166 0.120163 0.120163 0.120162 0.120162 0.120162 0.120162 0.120162 0.120162 0.120162 0.120161 0.120159 0.120154 0.120140 0.120105 0.120022 0.119833 0.119427 0.118598 0.117000 0.114098 0.109146 0.101230 0.089423 0.073051 0.052028 0.027126 0.000000 
50.000000 39.801987 30.270817 21.942773 15.135530 9.925812 6.188515 3.672157 2.079596 1.130708 0.597560 0.314595 0.172490 0.104846 0.074274 0.061135 0.055755 0.053654 0.052870 0.052591 0.052495 0.052463 0.052453 0.052450 0.052450 0.052449 0.052449 0.052449 0.052449 0.052449 0.052449 0.052449 0.052449 0.052448 0.052445 0.052439 0.052423 0.052384 0.052298 0.052112 0.051735 0.051013 0.049709 0.047500 0.043992 0.038796 0.031638 0.022498 0.011717 0.000000 
50.000000 39.795719 30.258694 21.925538 15.114122 9.901216 6.161636 3.643745 2.050216 1.100754 0.567284 0.284150 0.141959 0.074274 0.043685 0.030537 0.025155 0.023053 0.022268 0.021988 0.021893 0.021861 0.021851 0.021848 0.021847 0.021847 0.021847 0.021847 0.021847 0.021847 0.021847 0.021847 0.021847 0.021846 0.021845 0.021842 0.021835 0.021819 0.021781 0.021700 0.021538 0.021228 0.020672 0.019735 0.018257 0.016078 0.013093 0.009299 0.004839 0.000000 
50.000000 39.793023 30.253481 21.918128 15.104917 9.890641 6.150081 3.631532 2.037588 1.087879 0.554271 0.271064 0.128836 0.061135 0.030537 0.017387 0.012003 0.009900 0.009116 0.008836 0.008740 0.008708 0.008698 0.008695 0.008694 0.008694 0.008694 0.008694 0.008694 0.008694 0.008694 0.008694 0.008694 0.008694 0.008693 0.008692 0.008689 0.008682 0.008667 0.008634 0.008567 0.008441 0.008215 0.007837 0.007243 0.006371 0.005182 0.003677 0.001912 0.000000 
50.000000 39.791920 30.251346 21.915092 15.101148 9.886311 6.145350 3.626531 2.032418 1.082608 0.548944 0.265706 0.123464 0.055755 0.025155 0.012003 0.006619 0.004516 0.003731 0.003451 0.003355 0.003324 0.003314 0.003311 0.003310 0.003310 0.003309 0.003309 0.003309 0.003309 0.003309 0.003309 0.003309 0.003309 0.003309 0.003309 0.003308 0.003305 0.003299 0.003286 0.003260 0.003211 0.003123 0.002978 0.002750 0.002416 0.001964 0.001392 0.000723 0.000000 
50.000000 39.791488 30.250512 21.913907 15.099675 9.884620 6.143502 3.624578 2.030398 1.080549 0.546863 0.263614 0.121366 0.053654 0.023053 0.009900 0.004516 0.002413 0.001628 0.001348 0.001252 0.001221 0.001211 0.001208 0.001207 0.001206 0.001206 0.001206 0.001206 0.001206 0.001206 0.001206 0.001206 0.001206 0.001206 0.001206 0.001206 0.001205 0.001202 0.001198 0.001188 0.001170 0.001137 0.001084 0.001000 0.000878 0.000713 0.000505 0.000262 0.000000 
50.000000 39.791327 30.250200 21.913464 15.099126 9.883988 6.142812 3.623849 2.029644 1.079781 0.546087 0.262833 0.120583 0.052870 0.022268 0.009116 0.003731 0.001628 0.000843 0.000563 0.000467 0.000436 0.000426 0.000423 0.000422 0.000422 0.000422 0.000422 0.000422 0.000422 0.000422 0.000422 0.000422 0.000422 0.000422 0.000422 0.000421 0.000421 0.000420 0.000418 0.000415 0.000409 0.000397 0.000378 0.000349 0.000306 0.000248 0.000176 0.000091 0.000000 
50.000000 39.791270 30.250089 21.913306 15.098929 9.883763 6.142566 3.623589 2.029375 1.079506 0.545809 0.262554 0.120303 0.052591 0.021988 0.008836 0.003451 0.001348 0.000563 0.000283 0.000187 0.000156 0.000146 0.000143 0.000142 0.000142 0.000141 0.000141 0.000141 0.000141 0.000141 0.000141 0.000141 0.000141 0.000141 0.000141 0.000141 0.000141 0.000141 0.000140 0.000139 0.000137 0.000133 0.000127 0.000117 0.000102 0.000083 0.000059 0.000031 0.000000 
50.000000 39.791250 30.250051 21.913252 15.098862 9.883686 6.142481 3.623500 2.029283 1.079413 0.545714 0.262459 0.120208 0.052495 0.021893 0.008740 0.003355 0.001252 0.000467 0.000187 0.000091 0.000060 0.000050 0.000047 0.000046 0.000046 0.000046 0.000046 0.000046 0.000046 0.000046 0.000046 0.000046 0.000046 0.000046 0.000046 0.000046 0.000046 0.000045 0.000045 0.000045 0.000044 0.000043 0.000041 0.000038 0.000033 0.000027 0.000019 0.000010 0.000000 
50.000000 39.791243 30.250039 21.913234 15.098840 9.883660 6.142454 3.623470 2.029253 1.079382 0.545683 0.262428 0.120176 0.052463 0.021861 0.008708 0.003324 0.001221 0.000436 0.000156 0.000060 0.000028 0.000018 0.000015 0.000014 0.000014 0.000014 0.000014 0.000014 0.000014 0.000014 0.000014 0.000014 0.000014 0.000014 0.000014 0.000014 0.000014 0.000014 0.000014 0.000014 0.000014 0.000013 0.000013 0.000012 0.000010 0.000008 0.000006 0.000003 0.000000 
50.000000 39.791241 30.250035 21.913228 15.098833 9.883652 6.142445 3.623461 2.029244 1.079372 0.545673 0.262418 0.120166 0.052453 0.021851 0.008698 0.003314 0.001211 0.000426 0.000146 0.000050 0.000018 0.000008 0.000005 0.000005 0.000004 0.000004 0.000004 0.000004 0.000004 0.000004 0.000004 0.000004 0.000004 0.000004 0.000004 0.000004 0.000004 0.000004 0.000004 0.000004 0.000004 0.000004 0.000004 0.000003 0.000003 0.000002 0.000002 0.000001 0.000000 
50.000000 39.791241 30.250033 21.913227 15.098831 9.883650 6.142442 3.623458 2.029241 1.079369 0.545671 0.262415 0.120163 0.052451 0.021848 0.008695 0.003311 0.001208 0.000423 0.000143 0.000047 0.000015 0.000005 0.000002 0.000002 0.000001 0.000001 0.000001 0.000001 0.000001 0.000001 0.000001 0.000001 0.000001 0.000001 0.000001 0.000001 0.000001 0.000001 0.000001 0.000001 0.000001 0.000001 0.000001 0.000001 0.000001 0.000001 0.000001 0.000000 0.000000 
50.000000 39.791241 30.250033 21.913226 15.098830 9.883649 6.142442 3.623458 2.029240 1.079368 0.545670 0.262414 0.120163 0.052450 0.021847 0.008695 0.003310 0.001207 0.000422 0.000142 0.000046 0.000015 0.000005 0.000002 0.000001 0.000001 0.000000 0.000000 0.000000 0.000000 0.000000 0.000000 0.000000 0.000000 0.000000 0.000000 0.000000 0.000000 0.000000 0.000000 0.000000 0.000000 0.000000 0.000000 0.000000 0.000000 0.000000 0.000000 0.000000 0.000000 
50.000000 39.791241 30.250033 21.913226 15.098830 9.883649 6.142442 3.623458 2.029240 1.079368 0.545670 0.262414 0.120163 0.052450 0.021847 0.008695 0.003310 0.001207 0.000422 0.000142 0.000046 0.000015 0.000005 0.000002 0.000001 0.000001 0.000000 0.000000 0.000000 0.000000 0.000000 0.000000 0.000000 0.000000 0.000000 0.000000 0.000000 0.000000 0.000000 0.000000 0.000000 0.000000 0.000000 0.000000 0.000000 0.000000 0.000000 0.000000 0.000000 0.000000 
50.000000 39.791241 30.250033 21.913227 15.098831 9.883650 6.142442 3.623458 2.029241 1.079369 0.545671 0.262415 0.120163 0.052451 0.021848 0.008695 0.003311 0.001208 0.000423 0.000143 0.000047 0.000015 0.000005 0.000002 0.000002 0.000001 0.000001 0.000001 0.000001 0.000001 0.000001 0.000001 0.000001 0.000001 0.000001 0.000001 0.000001 0.000001 0.000001 0.000001 0.000001 0.000001 0.000001 0.000001 0.000001 0.000001 0.000001 0.000001 0.000000 0.000000 
50.000000 39.791241 30.250035 21.913228 15.098833 9.883652 6.142445 3.623461 2.029244 1.079372 0.545673 0.262418 0.120166 0.052453 0.021851 0.008698 0.003314 0.001211 0.000426 0.000146 0.000050 0.000018 0.000008 0.000005 0.000005 0.000004 0.000004 0.000004 0.000004 0.000004 0.000004 0.000004 0.000004 0.000004 0.000004 0.000004 0.000004 0.000004 0.000004 0.000004 0.000004 0.000004 0.000004 0.000004 0.000003 0.000003 0.000002 0.000002 0.000001 0.000000 
50.000000 39.791243 30.250039 21.913234 15.098840 9.883660 6.142454 3.623470 2.029253 1.079382 0.545683 0.262428 0.120176 0.052463 0.021861 0.008708 0.003324 0.001221 0.000436 0.000156 0.000060 0.000028 0.000018 0.000015 0.000014 0.000014 0.000014 0.000014 0.000014 0.000014 0.000014 0.000014 0.000014 0.000014 0.000014 0.000014 0.000014 0.000014 0.000014 0.000014 0.000014 0.000014 0.000013 0.000013 0.000012 0.000010 0.000008 0.000006 0.000003 0.000000 
50.000000 39.791250 30.250051 21.913252 15.098862 9.883686 6.142481 3.623500 2.029283 1.079413 0.545714 0.262459 0.120208 0.052495 0.021893 0.008740 0.003355 0.001252 0.000467 0.000187 0.000091 0.000060 0.000050 0.000047 0.000046 0.000046 0.000046 0.000046 0.000046 0.000046 0.000046 0.000046 0.000046 0.000046 0.000046 0.000046 0.000046 0.000046 0.000045 0.000045 0.000045 0.000044 0.000043 0.000041 0.000038 0.000033 0.000027 0.000019 0.000010 0.000000 
50.000000 39.791270 30.250089 21.913306 15.098929 9.883763 6.142566 3.623589 2.029375 1.079506 0.545809 0.262554 0.120303 0.052591 0.021988 0.008836 0.003451 0.001348 0.000563 0.000283 0.000187 0.000156 0.000146 0.000143 0.000142 0.000142 0.000141 0.000141 0.000141 0.000141 0.000141 0.000141 0.000141 0.000141 0.000141 0.000141 0.000141 0.000141 0.000141 0.000140 0.000139 0.000137 0.000133 0.000127 0.000117 0.000102 0.000083 0.000059 0.000031 0.000000 
50.000000 39.791327 30.250200 21.913464 15.099126 9.883988 6.142812 3.623849 2.029644 1.079781 0.546087 0.262833 0.120583 0.052870 0.022268 0.009116 0.003731 0.001628 0.000843 0.000563 0.000467 0.000436 0.000426 0.000423 0.000422 0.000422 0.000422 0.000422 0.000422 0.000422 0.000422 0.000422 0.000422 0.000422 0.000422 0.000422 0.000421 0.000421 0.000420 0.000418 0.000415 0.000409 0.000397 0.000378 0.000349 0.000306 0.000248 0.000176 0.000091 0.000000 
50.000000 39.791488 30.250512 21.913907 15.099675 9.884620 6.143502 3.624578 2.030398 1.080549 0.546863 0.263614 0.121366 0.053654 0.023053 0.009900 0.004516 0.002413 0.001628 0.001348 0.001252 0.001221 0.001211 0.001208 0.001207 0.001206 0.001206 0.001206 0.001206 0.001206 0.001206 0.001206 0.001206 0.001206 0.001206 0.001206 0.001206 0.001205 0.001202 0.001198 0.001188 0.001170 0.001137 0.001084 0.001000 0.000878 0.000713 0.000505 0.000262 0.000000 
50.000000 39.791920 30.251346 21.915092 15.101148 9.886311 6.145350 3.626531 2.032418 1.082608 0.548944 0.265706 0.123464 0.055755 0.025155 0.012003 0.006619 0.004516 0.003731 0.003451 0.003355 0.003324 0.003314 0.003311 0.003310 0.003310 0.003309 0.003309 0.003309 0.003309 0.003309 0.003309 0.003309 0.003309 0.003309 0.003309 0.003308 0.003305 0.003299 0.003286 0.003260 0.003211 0.003123 0.002978 0.002750 0.002416 0.001964 0.001392 0.000723 0.000000 
50.000000 39.793023 30.253481 21.918128 15.104917 9.890641 6.150081 3.631532 2.037588 1.087879 0.554271 0.271064 0.128836 0.061135 0.030537 0.017387 0.012003 0.009900 0.009116 0.008836 0.008740 0.008708 0.008698 0.008695 0.008694 0.008694 0.008694 0.008694 0.008694 0.008694 0.008694 0.008694 0.008694 0.008694 0.008693 0.008692 0.008689 0.008682 0.008667 0.008634 0.008567 0.008441 0.008215 0.007837 0.007243 0.006371 0.005182 0.003677 0.001912 0.000000 
50.000000 39.795719 30.258694 21.925538 15.114122 9.901216 6.161636 3.643745 2.050216 1.100754 0.567284 0.284150 0.141959 0.074274 0.043685 0.030537 0.025155 0.023053 0.022268 0.021988 0.021893 0.021861 0.021851 0.021848 0.021847 0.021847 0.021847 0.021847 0.021847 0.021847 0.021847 0.021847 0.021847 0.021846 0.021845 0.021842 0.021835 0.021819 0.021781 0.021700 0.021538 0.021228 0.020672 0.019735 0.018257 0.016078 0.013093 0.009299 0.004839 0.000000 
50.000000 39.801987 30.270817 21.942773 15.135530 9.925812 6.188515 3.672157 2.079596 1.130708 0.597560 0.314595 0.172490 0.104846 0.074274 0.061135 0.055755 0.053654 0.052870 0.052591 0.052495 0.052463 0.052453 0.052450 0.052450 0.052449 0.052449 0.052449 0.052449 0.052449 0.052449 0.052449 0.052449 0.052448 0.052445 0.052439 0.052423 0.052384 0.052298 0.052112 0.051735 0.051013 0.049709 0.047500 0.043992 0.038796 0.031638 0.022498 0.011717 0.000000 
50.000000 39.815849 30.297632 21.980896 15.182885 9.980223 6.247978 3.735014 2.144597 1.196982 0.664548 0.381961 0.240044 0.172490 0.141959 0.128836 0.123464 0.121366 0.120583 0.120303 0.120208 0.120176 0.120166 0.120163 0.120163 0.120162 0.120162 0.120162 0.120162 0.120162 0.120162 0.120162 0.120161 0.120159 0.120154 0.120140 0.120105 0.120022 0.119833 0.119427 0.118598 0.117000 0.114098 0.109146 0.101230 0.089423 0.073051 0.052028 0.027126 0.000000 
50.000000 39.844960 30.353941 22.060955 15.282339 10.094502 6.372876 3.867049 2.281139 1.336204 0.805272 0.523480 0.381961 0.314595 0.284150 0.271064 0.265706 0.263614 0.262833 0.262554 0.262459 0.262428 0.262418 0.262415 0.262414 0.262414 0.262414 0.262414 0.262414 0.262414 0.262413 0.262413 0.262412 0.262408 0.262397 0.262369 0.262298 0.262128 0.261740 0.260900 0.259177 0.255833 0.249715 0.239190 0.222229 0.196716 0.161052 0.114932 0.060008 0.000000 
50.000000 39.902904 30.466025 22.220320 15.480321 10.322007 6.621534 4.129929 2.553004 1.613413 1.085477 0.805272 0.664548 0.597560 0.567284 0.554271 0.548944 0.546863 0.546087 0.545809 0.545714 0.545683 0.545673 0.545671 0.545670 0.545669 0.545669 0.545669 0.545669 0.545669 0.545669 0.545668 0.545666 0.545658 0.545638 0.545584 0.545448 0.545121 0.544372 0.542739 0.539364 0.532763 0.520583 0.499433 0.465005 0.412686 0.338814 0.242416 0.126806 0.000000 
50.000000 40.012038 30.677135 22.520497 15.853253 10.750575 7.089972 4.625181 3.065203 2.135694 1.613413 1.336204 1.196982 1.130708 1.100754 1.087879 1.082608 1.080549 1.079781 1.079506 1.079413 1.079382 1.079372 1.079369 1.079368 1.079368 1.079368 1.079368 1.079368 1.079368 1.079367 1.079366 1.079361 1.079348 1.079312 1.079216 1.078973 1.078384 1.077027 1.074050 1.067847 1.055608 1.032792 0.992732 0.926734 0.825160 0.679911 0.488141 0.255989 0.000000 
50.000000 40.206207 31.052747 23.054595 16.516834 11.513188 7.923572 5.506532 3.976744 3.065203 2.553004 2.281139 2.144597 2.079596 2.050216 2.037588 2.032418 2.030398 2.029644 2.029375 2.029283 2.029253 2.029243 2.029241 2.029240 2.029240 2.029239 2.029239 2.029239 2.029239 2.029238 2.029236 2.029228 2.029207 2.029147 2.028988 2.028583 2.027596 2.025306 2.020241 2.009595 1.988372 1.948344 1.877132 1.758084 1.571958 1.301453 0.938749 0.494043 0.000000 
50.000000 40.531988 31.682970 23.950766 17.630309 12.792893 9.322457 6.985608 5.506532 4.625181 4.129929 3.867049 3.735014 3.672157 3.643745 3.631532 3.626531 3.624578 3.623849 3.623589 3.623500 3.623470 3.623461 3.623458 3.623458 3.623457 3.623457 3.623457 3.623457 3.623457 3.623456 3.623452 3.623441 3.623408 3.623317 3.623073 3.622447 3.620916 3.617334 3.609346 3.592389 3.558188 3.492804 3.374654 3.173604 2.853030 2.377265 1.725971 0.913045 0.000000 
50.000000 41.046601 32.678506 25.366449 19.389334 14.814601 11.532533 9.322457 7.923572 7.089972 6.621534 6.372876 6.247978 6.188515 6.161636 6.150081 6.145350 6.143502 6.142812 6.142566 6.142481 6.142454 6.142445 6.142442 6.142442 6.142441 6.142441 6.142441 6.142441 6.142441 6.142439 6.142434 6.142418 6.142372 6.142245 6.141901 6.141015 6.138832 6.133685 6.122102 6.097240 6.046440 5.947803 5.766267 5.450651 4.934842 4.148119 3.040137 1.620998 0.000000 
50.000000 41.810716 34.156736 27.468595 22.001390 17.816831 14.814601 12.792893 11.513188 10.750575 10.322007 10.094502 9.980223 9.925812 9.901216 9.890641 9.886311 9.884620 9.883988 9.883763 9.883686 9.883660 9.883652 9.883650 9.883649 9.883649 9.883649 9.883649 9.883649 9.883648 9.883646 9.883639 9.883620 9.883562 9.883399 9.882959 9.881820 9.878992 9.872273 9.857003 9.823841 9.755104 9.619289 9.363949 8.908415 8.140598 6.926693 5.148157 2.780310 0.000000 
50.000000 42.875652 36.216956 30.398434 25.642011 22.001390 19.389334 17.630309 16.516834 15.853253 15.480321 15.282339 15.182885 15.135530 15.114122 15.104917 15.101148 15.099675 15.099126 15.098929 15.098862 15.098840 15.098833 15.098831 15.098830 15.098830 15.098830 15.098830 15.098830 15.098829 15.098827 15.098820 15.098797 15.098732 15.098546 15.098043 15.096734 15.093461 15.085624 15.067635 15.028093 14.944876 14.777279 14.454492 13.860792 12.821005 11.097594 8.427477 4.652908 0.000000 
50.000000 44.266906 38.908500 34.226147 30.398434 27.468595 25.366449 23.950766 23.054595 22.520497 22.220320 22.060955 21.980896 21.942773 21.925538 21.918128 21.915092 21.913907 21.913464 21.913306 21.913252 21.913234 21.913228 21.913227 21.913226 21.913226 21.913226 21.913226 21.913226 21.913225 21.913223 21.913216 21.913194 21.913129 21.912945 21.912445 21.911136 21.907845 21.899903 21.881507 21.840585 21.753142 21.573501 21.218330 20.541901 19.300840 17.113073 13.442570 7.730164 0.000000 
50.000000 45.968756 42.200957 38.908500 36.216956 34.156736 32.678506 31.682970 31.052747 30.677135 30.466025 30.353941 30.297632 30.270817 30.258694 30.253481 30.251346 30.250512 30.250200 30.250089 30.250051 30.250039 30.250035 30.250033 30.250033 30.250033 30.250033 30.250033 30.250033 30.250032 30.250030 30.250025 30.250007 30.249954 30.249804 30.249395 30.248320 30.245604 30.239009 30.223608 30.188994 30.113998 29.956999 29.638368 29.008579 27.789480 25.465930 21.100479 13.135775 0.000000 
50.000000 47.916295 45.968756 44.266906 42.875652 41.810716 41.046601 40.531988 40.206207 40.012038 39.902904 39.844960 39.815849 39.801987 39.795719 39.793023 39.791920 39.791488 39.791327 39.791270 39.791250 39.791243 39.791241 39.791241 39.791241 39.791241 39.791241 39.791240 39.791240 39.791240 39.791239 39.791236 39.791226 39.791196 39.791111 39.790880 39.790270 39.788723 39.784952 39.776098 39.756049 39.712165 39.618943 39.425603 39.030405 38.222744 36.536741 32.832980 23.958147 0.000000 
50.000000 50.000000 50.000000 50.000000 50.000000 50.000000 50.000000 50.000000 50.000000 50.000000 50.000000 50.000000 50.000000 50.000000 50.000000 50.000000 50.000000 50.000000 50.000000 50.000000 50.000000 50.000000 50.000000 50.000000 50.000000 50.000000 50.000000 50.000000 50.000000 50.000000 50.000000 50.000000 50.000000 50.000000 50.000000 50.000000 50.000000 50.000000 50.000000 50.000000 50.000000 50.000000 50.000000 50.000000 50.000000 50.000000 50.000000 50.000000 50.000000 50.000000 
