50.000000 50.000000 50.000000 50.000000 50.000000 50.000000 50.000000 50.000000 50.000000 50.000000 50.000000 50.000000 50.000000 50.000000 50.000000 50.000000 50.000000 50.000000 50.000000 50.000000 50.000000 50.000000 50.000000 50.000000 50.000000 50.000000 50.000000 50.000000 50.000000 50.000000 50.000000 50.000000 50.000000 50.000000 50.000000 50.000000 50.000000 50.000000 50.000000 50.000000 50.000000 50.000000 50.000000 50.000000 50.000000 50.000000 50.000000 50.000000 50.000000 50.000000 
50.000000 48.637019 47.332339 46.136789 45.087847 44.206471 43.497002 42.949692 42.544878 42.257655 42.062058 41.934137 41.853742 41.805156 41.776901 41.761080 41.752543 41.748101 41.745871 41.744789 41.744283 41.744053 41.743952 41.743910 41.743892 41.743885 41.743881 41.743878 41.743871 41.743856 41.743821 41.743737 41.743546 41.743124 41.742213 41.740305 41.736411 41.728674 41.713682 41.685305 41.632712 41.536933 41.364703 41.056706 40.503173 39.487765 37.543134 33.534232 24.318509 0.000000 
50.000000 47.332339 44.778790 42.438836 40.385830 38.660793 37.272221 36.201031 35.408736 34.846592 34.463778 34.213419 34.056076 33.960987 33.905691 33.874727 33.858019 33.849327 33.844962 33.842846 33.841855 33.841405 33.841208 33.841125 33.841090 33.841076 33.841069 33.841063 33.841051 33.841023 33.840957 33.840802 33.840450 33.839670 33.837992 33.834483 33.827341 33.813194 33.785893 33.734490 33.639891 33.469296 33.166819 32.637163 31.716072 30.114889 27.315799 22.389395 13.798107 0.000000 
50.000000 46.136789 42.438836 39.050214 36.077147 33.579043 31.568202 30.016985 28.869653 28.055614 27.501269 27.138733 26.910892 26.773201 26.693132 26.648297 26.624105 26.611519 26.605199 26.602135 26.600700 26.600050 26.599764 26.599643 26.599593 26.599573 26.599563 26.599554 26.599538 26.599502 26.599414 26.599210 26.598747 26.597723 26.595526 26.590945 26.581658 26.563352 26.528239 26.462641 26.343151 26.130601 25.760730 25.129818 24.072992 22.333255 19.525107 15.123038 8.593655 0.000000 
50.000000 45.087847 40.385830 36.077147 32.296869 29.120531 26.563769 24.591432 23.132643 22.097637 21.392827 20.931896 20.642222 20.467167 20.365372 20.308372 20.277618 20.261617 20.253584 20.249689 20.247864 20.247038 20.246675 20.246521 20.246458 20.246431 20.246419 20.246409 20.246391 20.246350 20.246253 20.246025 20.245510 20.244376 20.241949 20.236910 20.226746 20.206831 20.168917 20.098753 19.972471 19.751302 19.374174 18.747971 17.736061 16.148435 13.743893 10.270941 5.600082 0.000000 
50.000000 44.206471 38.660793 33.579043 29.120531 25.374342 22.358914 20.032780 18.312336 17.091704 16.260503 15.716924 15.375317 15.168881 15.048841 14.981627 14.945362 14.926495 14.917023 14.912431 14.910279 14.909305 14.908877 14.908696 14.908621 14.908590 14.908576 14.908565 14.908547 14.908506 14.908409 14.908183 14.907673 14.906552 14.904165 14.899231 14.889334 14.870074 14.833711 14.767099 14.648723 14.444663 14.103596 13.551409 12.687171 11.384470 9.506051 6.944721 3.703298 0.000000 
50.000000 43.497002 37.272221 31.568202 26.563769 22.358914 18.974326 16.363449 14.432432 13.062423 12.129518 11.519440 11.136050 10.904371 10.769654 10.694225 10.653528 10.632356 10.621726 10.616573 10.614160 10.613066 10.612587 10.612383 10.612299 10.612265 10.612250 10.612239 10.612222 10.612184 10.612096 10.611890 10.611428 10.610416 10.608270 10.603858 10.595060 10.578061 10.546240 10.488551 10.387310 10.215434 9.933458 9.487163 8.807506 7.815798 6.438385 4.635058 2.440297 0.000000 
50.000000 42.949692 36.201031 30.016985 24.591432 20.032780 16.363449 13.532956 11.439538 9.954334 8.943005 8.281653 7.866050 7.614910 7.468882 7.387120 7.343009 7.320060 7.308539 7.302955 7.300338 7.299153 7.298634 7.298413 7.298322 7.298285 7.298269 7.298259 7.298244 7.298212 7.298137 7.297964 7.297575 7.296729 7.294941 7.291284 7.284037 7.270136 7.244334 7.198026 7.117724 6.983315 6.766478 6.429991 5.929185 5.217258 4.256255 3.034212 1.584990 0.000000 
50.000000 42.544878 35.408736 28.869653 23.132643 18.312336 14.432432 11.439538 9.226040 7.655666 6.586359 5.887105 5.447693 5.182171 5.027783 4.941343 4.894709 4.870449 4.858270 4.852366 4.849601 4.848348 4.847799 4.847566 4.847470 4.847431 4.847414 4.847405 4.847393 4.847367 4.847308 4.847171 4.846866 4.846203 4.844810 4.841974 4.836390 4.825753 4.806172 4.771363 4.711665 4.613020 4.456223 4.216998 3.867673 3.381342 2.739052 1.939440 1.007945 0.000000 
50.000000 42.257655 34.846592 28.055614 22.097637 17.091704 13.062423 9.954334 7.655666 6.024889 4.914468 4.188341 3.732049 3.456333 3.296020 3.206265 3.157843 3.132653 3.120008 3.113879 3.111008 3.109707 3.109137 3.108895 3.108795 3.108755 3.108738 3.108730 3.108720 3.108701 3.108656 3.108555 3.108329 3.107840 3.106818 3.104748 3.100696 3.093029 3.079023 3.054343 3.012444 2.944001 2.836610 2.675113 2.442981 2.125166 1.712463 1.206701 0.624943 0.000000 
50.000000 42.062058 34.463778 27.501269 21.392827 16.260503 12.129518 8.943005 6.586359 4.914468 3.776067 3.031653 2.563876 2.281224 2.116881 2.024872 1.975235 1.949413 1.936451 1.930168 1.927225 1.925892 1.925308 1.925060 1.924957 1.924917 1.924900 1.924892 1.924884 1.924870 1.924839 1.924768 1.924610 1.924269 1.923559 1.922130 1.919346 1.914113 1.904622 1.888033 1.860125 1.814996 1.744979 1.640967 1.493404 1.294074 1.038628 0.729288 0.376753 0.000000 
50.000000 41.934137 34.213419 27.138733 20.931896 15.716924 11.519440 8.281653 5.887105 4.188341 3.031653 2.275288 1.800007 1.512825 1.345850 1.252369 1.201938 1.175704 1.162535 1.156152 1.153162 1.151808 1.151214 1.150962 1.150858 1.150817 1.150800 1.150793 1.150787 1.150778 1.150757 1.150709 1.150604 1.150378 1.149911 1.148973 1.147156 1.143761 1.137644 1.127030 1.109318 1.080933 1.037320 0.973200 0.883213 0.762979 0.610494 0.427526 0.220455 0.000000 
50.000000 41.853742 34.056076 26.910892 20.642222 15.375317 11.136050 7.866050 5.447693 3.732049 2.563876 1.800007 1.320016 1.029989 0.861363 0.766958 0.716029 0.689536 0.676238 0.669792 0.666773 0.665405 0.664806 0.664551 0.664447 0.664405 0.664388 0.664381 0.664377 0.664370 0.664357 0.664327 0.664260 0.664118 0.663824 0.663238 0.662108 0.660008 0.656246 0.649762 0.639020 0.621940 0.595915 0.557989 0.505242 0.435391 0.347540 0.242881 0.125068 0.000000 
50.000000 41.805156 33.960987 26.773201 20.467167 15.168881 10.904371 7.614910 5.182171 3.456333 2.281224 1.512825 1.029989 0.738246 0.568623 0.473661 0.422432 0.395783 0.382407 0.375923 0.372886 0.371510 0.370907 0.370651 0.370546 0.370504 0.370488 0.370481 0.370477 0.370473 0.370465 0.370446 0.370406 0.370321 0.370145 0.369795 0.369123 0.367881 0.365669 0.361877 0.355637 0.345781 0.330873 0.309311 0.279547 0.240421 0.191543 0.133646 0.068745 0.000000 
50.000000 41.776901 33.905691 26.693132 20.365372 15.048841 10.769654 7.468882 5.027783 3.296020 2.116881 1.345850 0.861363 0.568623 0.398422 0.303135 0.251732 0.224993 0.211571 0.205065 0.202018 0.200638 0.200033 0.199776 0.199671 0.199629 0.199612 0.199606 0.199603 0.199600 0.199595 0.199584 0.199561 0.199512 0.199411 0.199211 0.198829 0.198125 0.196878 0.194752 0.191272 0.185809 0.177598 0.165796 0.149610 0.128461 0.102187 0.071208 0.036597 0.000000 
50.000000 41.761080 33.874727 26.648297 20.308372 14.981627 10.694225 7.387120 4.941343 3.206265 2.024872 1.252369 0.766958 0.473661 0.303135 0.207668 0.156168 0.129378 0.115931 0.109413 0.106360 0.104977 0.104371 0.104114 0.104008 0.103966 0.103949 0.103943 0.103940 0.103938 0.103936 0.103930 0.103917 0.103890 0.103834 0.103724 0.103516 0.103133 0.102458 0.101312 0.099447 0.096534 0.092179 0.085954 0.077462 0.066423 0.052771 0.036735 0.018866 0.000000 
50.000000 41.752543 33.858019 26.624105 20.277618 14.945362 10.653528 7.343009 4.894709 3.157843 1.975235 1.201938 0.716029 0.422432 0.251732 0.156168 0.104615 0.077798 0.064337 0.057813 0.054757 0.053372 0.052766 0.052508 0.052402 0.052360 0.052344 0.052337 0.052335 0.052334 0.052332 0.052329 0.052322 0.052307 0.052278 0.052220 0.052111 0.051911 0.051559 0.050966 0.050003 0.048507 0.046280 0.043112 0.038810 0.033242 0.026382 0.018350 0.009419 0.000000 
50.000000 41.748101 33.849327 26.611519 20.261617 14.926495 10.632356 7.320060 4.870449 3.132653 1.949413 1.175704 0.689536 0.395783 0.224993 0.129378 0.077798 0.050967 0.037499 0.030971 0.027913 0.026529 0.025922 0.025664 0.025558 0.025516 0.025499 0.025493 0.025491 0.025490 0.025489 0.025487 0.025484 0.025476 0.025461 0.025432 0.025377 0.025276 0.025100 0.024803 0.024325 0.023583 0.022485 0.020928 0.018822 0.016107 0.012772 0.008877 0.004554 0.000000 
50.000000 41.745871 33.844962 26.605199 20.253584 14.917023 10.621726 7.308539 4.858270 3.120008 1.936451 1.162535 0.676238 0.382407 0.211571 0.115931 0.064337 0.037499 0.024028 0.017498 0.014440 0.013054 0.012447 0.012189 0.012083 0.012041 0.012025 0.012019 0.012016 0.012015 0.012015 0.012014 0.012012 0.012009 0.012001 0.011987 0.011960 0.011911 0.011826 0.011683 0.011454 0.011099 0.010575 0.009836 0.008839 0.007558 0.005989 0.004160 0.002134 0.000000 
50.000000 41.744789 33.842846 26.602135 20.249689 14.912431 10.616574 7.302955 4.852366 3.113879 1.930168 1.156152 0.669792 0.375923 0.205066 0.109413 0.057813 0.030971 0.017498 0.010968 0.007909 0.006523 0.005916 0.005658 0.005552 0.005510 0.005494 0.005488 0.005485 0.005484 0.005484 0.005484 0.005483 0.005481 0.005478 0.005471 0.005458 0.005435 0.005396 0.005329 0.005223 0.005059 0.004818 0.004478 0.004022 0.003436 0.002721 0.001889 0.000969 0.000000 
50.000000 41.744283 33.841855 26.600700 20.247865 14.910279 10.614160 7.300339 4.849601 3.111008 1.927225 1.153162 0.666773 0.372886 0.202019 0.106360 0.054757 0.027914 0.014440 0.007909 0.004850 0.003464 0.002857 0.002599 0.002493 0.002451 0.002435 0.002429 0.002426 0.002426 0.002425 0.002425 0.002425 0.002424 0.002422 0.002419 0.002413 0.002403 0.002385 0.002355 0.002308 0.002234 0.002127 0.001976 0.001773 0.001514 0.001199 0.000832 0.000426 0.000000 
50.000000 41.744053 33.841406 26.600050 20.247038 14.909305 10.613067 7.299154 4.848349 3.109708 1.925893 1.151809 0.665406 0.371511 0.200639 0.104978 0.053374 0.026530 0.013055 0.006524 0.003465 0.002080 0.001472 0.001215 0.001109 0.001066 0.001050 0.001044 0.001042 0.001041 0.001041 0.001040 0.001040 0.001040 0.001039 0.001038 0.001035 0.001031 0.001023 0.001010 0.000989 0.000957 0.000911 0.000846 0.000759 0.000648 0.000512 0.000355 0.000182 0.000000 
50.000000 41.743953 33.841210 26.599766 20.246677 14.908880 10.612589 7.298637 4.847802 3.109140 1.925311 1.151218 0.664809 0.370911 0.200036 0.104374 0.052769 0.025925 0.012451 0.005919 0.002860 0.001475 0.000867 0.000610 0.000504 0.000461 0.000445 0.000439 0.000437 0.000436 0.000435 0.000435 0.000435 0.000435 0.000435 0.000434 0.000433 0.000431 0.000428 0.000422 0.000414 0.000400 0.000381 0.000353 0.000317 0.000270 0.000214 0.000148 0.000076 0.000000 
50.000000 41.743911 33.841128 26.599648 20.246527 14.908703 10.612391 7.298421 4.847574 3.108904 1.925069 1.150972 0.664561 0.370661 0.199786 0.104123 0.052518 0.025674 0.012199 0.005668 0.002609 0.001223 0.000616 0.000358 0.000252 0.000210 0.000193 0.000187 0.000185 0.000184 0.000184 0.000184 0.000184 0.000184 0.000184 0.000183 0.000183 0.000182 0.000181 0.000178 0.000174 0.000169 0.000160 0.000149 0.000133 0.000114 0.000090 0.000062 0.000032 0.000000 
50.000000 41.743896 33.841099 26.599606 20.246474 14.908640 10.612320 7.298345 4.847493 3.108820 1.924983 1.150884 0.664472 0.370572 0.199697 0.104034 0.052428 0.025584 0.012109 0.005578 0.002519 0.001133 0.000526 0.000268 0.000162 0.000120 0.000104 0.000098 0.000095 0.000095 0.000094 0.000094 0.000094 0.000094 0.000094 0.000094 0.000094 0.000093 0.000092 0.000091 0.000089 0.000086 0.000082 0.000076 0.000068 0.000058 0.000046 0.000032 0.000016 0.000000 
50.000000 41.743896 33.841099 26.599606 20.246474 14.908640 10.612320 7.298345 4.847493 3.108820 1.924983 1.150884 0.664472 0.370572 0.199697 0.104034 0.052428 0.025584 0.012109 0.005578 0.002519 0.001133 0.000526 0.000268 0.000162 0.000120 0.000104 0.000098 0.000095 0.000095 0.000094 0.000094 0.000094 0.000094 0.000094 0.000094 0.000094 0.000093 0.000092 0.000091 0.000089 0.000086 0.000082 0.000076 0.000068 0.000058 0.000046 0.000032 0.000016 0.000000 
50.000000 41.743911 33.841128 26.599648 20.246527 14.908703 10.612391 7.298421 4.847574 3.108904 1.925069 1.150972 0.664561 0.370661 0.199786 0.104123 0.052518 0.025674 0.012199 0.005668 0.002609 0.001223 0.000616 0.000358 0.000252 0.000210 0.000193 0.000187 0.000185 0.000184 0.000184 0.000184 0.000184 0.000184 0.000184 0.000183 0.000183 0.000182 0.000181 0.000178 0.000174 0.000169 0.000160 0.000149 0.000133 0.000114 0.000090 0.000062 0.000032 0.000000 
50.000000 41.743953 33.841210 26.599766 20.246677 14.908880 10.612589 7.298637 4.847802 3.109140 1.925311 1.151218 0.664809 0.370911 0.200036 0.104374 0.052769 0.025925 0.012451 0.005919 0.002860 0.001475 0.000867 0.000610 0.000504 0.000461 0.000445 0.000439 0.000437 0.000436 0.000435 0.000435 0.000435 0.000435 0.000435 0.000434 0.000433 0.000431 0.000428 0.000422 0.000414 0.000400 0.000381 0.000353 0.000317 0.000270 0.000214 0.000148 0.000076 0.000000 
50.000000 41.744053 33.841406 26.600050 20.247038 14.909305 10.613067 7.299154 4.848349 3.109708 1.925893 1.151809 0.665406 0.371511 0.200639 0.104978 0.053374 0.026530 0.013055 0.006524 0.003465 0.002080 0.001472 0.001215 0.001109 0.001066 0.001050 0.001044 0.001042 0.001041 0.001041 0.001040 0.001040 0.001040 0.001039 0.001038 0.001035 0.001031 0.001023 0.001010 0.000989 0.000957 0.000911 0.000846 0.000759 0.000648 0.000512 0.000355 0.000182 0.000000 
50.000000 41.744283 33.841855 26.600700 20.247865 14.910279 10.614160 7.300339 4.849601 3.111008 1.927225 1.153162 0.666773 0.372886 0.202019 0.106360 0.054757 0.027914 0.014440 0.007909 0.004850 0.003464 0.002857 0.002599 0.002493 0.002451 0.002435 0.002429 0.002426 0.002426 0.002425 0.002425 0.002425 0.002424 0.002422 0.002419 0.002413 0.002403 0.002385 0.002355 0.002308 0.002234 0.002127 0.001976 0.001773 0.001514 0.001199 0.000832 0.000426 0.000000 
50.000000 41.744789 33.842846 26.602135 20.249689 14.912431 10.616574 7.302955 4.852366 3.113879 1.930168 1.156152 0.669792 0.375923 0.205066 0.109413 0.057813 0.030971 0.017498 0.010968 0.007909 0.006523 0.005916 0.005658 0.005552 0.005510 0.005494 0.005488 0.005485 0.005484 0.005484 0.005484 0.005483 0.005481 0.005478 0.005471 0.005458 0.005435 0.005396 0.005329 0.005223 0.005059 0.004818 0.004478 0.004022 0.003436 0.002721 0.001889 0.000969 0.000000 
50.000000 41.745871 33.844962 26.605199 20.253584 14.917023 10.621726 7.308539 4.858270 3.120008 1.936451 1.162535 0.676238 0.382407 0.211571 0.115931 0.064337 0.037499 0.024028 0.017498 0.014440 0.013054 0.012447 0.012189 0.012083 0.012041 0.012025 0.012019 0.012016 0.012015 0.012015 0.012014 0.012012 0.012009 0.012001 0.011987 0.011960 0.011911 0.011826 0.011683 0.011454 0.011099 0.010575 0.009836 0.008839 0.007558 0.005989 0.004160 0.002134 0.000000 
50.000000 41.748101 33.849327 26.611519 20.261617 14.926495 10.632356 7.320060 4.870449 3.132653 1.949413 1.175704 0.689536 0.395783 0.224993 0.129378 0.077798 0.050967 0.037499 0.030971 0.027913 0.026529 0.025922 0.025664 0.025558 0.025516 0.025499 0.025493 0.025491 0.025490 0.025489 0.025487 0.025484 0.025476 0.025461 0.025432 0.025377 0.025276 0.025100 0.024803 0.024325 0.023583 0.022485 0.020928 0.018822 0.016107 0.012772 0.008877 0.004554 0.000000 
50.000000 41.752543 33.858019 26.624105 20.277618 14.945362 10.653528 7.343009 4.894709 3.157843 1.975235 1.201938 0.716029 0.422432 0.251732 0.156168 0.104615 0.077798 0.064337 0.057813 0.054757 0.053372 0.052766 0.052508 0.052402 0.052360 0.052344 0.052337 0.052335 0.052334 0.052332 0.052329 0.052322 0.052307 0.052278 0.052220 0.052111 0.051911 0.051559 0.050966 0.050003 0.048507 0.046280 0.043112 0.038810 0.033242 0.026382 0.018350 0.009419 0.000000 
50.000000 41.761080 33.874727 26.648297 20.308372 14.981627 10.694225 7.387120 4.941343 3.206265 2.024872 1.252369 0.766958 0.473661 0.303135 0.207668 0.156168 0.129378 0.115931 0.109413 0.106360 0.104977 0.104371 0.104114 0.104008 0.103966 0.103949 0.103943 0.103940 0.103938 0.103936 0.103930 0.103917 0.103890 0.103834 0.103724 0.103516 0.103133 0.102458 0.101312 0.099447 0.096534 0.092179 0.085954 0.077462 0.066423 0.052771 0.036735 0.018866 0.000000 
50.000000 41.776901 33.905691 26.693132 20.365372 15.048841 10.769654 7.468882 5.027783 3.296020 2.116881 1.345850 0.861363 0.568623 0.398422 0.303135 0.251732 0.224993 0.211571 0.205065 0.202018 0.200638 0.200033 0.199776 0.199671 0.199629 0.199612 0.199606 0.199603 0.199600 0.199595 0.199584 0.199561 0.199512 0.199411 0.199211 0.198829 0.198125 0.196878 0.194752 0.191272 0.185809 0.177598 0.165796 0.149610 0.128461 0.102187 0.071208 0.036597 0.000000 
50.000000 41.805156 33.960987 26.773201 20.467167 15.168881 10.904371 7.614910 5.182171 3.456333 2.281224 1.512825 1.029989 0.738246 0.568623 0.473661 0.422432 0.395783 0.382407 0.375923 0.372886 0.371510 0.370907 0.370651 0.370546 0.370504 0.370488 0.370481 0.370477 0.370473 0.370465 0.370446 0.370406 0.370321 0.370145 0.369795 0.369123 0.367881 0.365669 0.361877 0.355637 0.345781 0.330873 0.309311 0.279547 0.240421 0.191543 0.133646 0.068745 0.000000 
50.000000 41.853742 34.056076 26.910892 20.642222 15.375317 11.136050 7.866050 5.447693 3.732049 2.563876 1.800007 1.320016 1.029989 0.861363 0.766958 0.716029 0.689536 0.676238 0.669792 0.666773 0.665405 0.664806 0.664551 0.664447 0.664405 0.664388 0.664381 0.664377 0.664370 0.664357 0.664327 0.664260 0.664118 0.663824 0.663238 0.662108 0.660008 0.656246 0.649762 0.639020 0.621940 0.595915 0.557989 0.505242 0.435391 0.347540 0.242881 0.125068 0.000000 
50.000000 41.934137 34.213419 27.138733 20.931896 15.716924 11.519440 8.281653 5.887105 4.188341 3.031653 2.275288 1.800007 1.512825 1.345850 1.252369 1.201938 1.175704 1.162535 1.156152 1.153162 1.151808 1.151214 1.150962 1.150858 1.150817 1.150800 1.150793 1.150787 1.150778 1.150757 1.150709 1.150604 1.150378 1.149911 1.148973 1.147156 1.143761 1.137644 1.127030 1.109318 1.080933 1.037320 0.973200 0.883213 0.762979 0.610494 0.427526 0.220455 0.000000 
50.000000 42.062058 34.463778 27.501269 21.392827 16.260503 12.129518 8.943005 6.586359 4.914468 3.776067 3.031653 2.563876 2.281224 2.116881 2.024872 1.975235 1.949413 1.936451 1.930168 1.927225 1.925892 1.925308 1.925060 1.924957 1.924917 1.924900 1.924892 1.924884 1.924870 1.924839 1.924768 1.924610 1.924269 1.923559 1.922130 1.919346 1.914113 1.904622 1.888033 1.860125 1.814996 1.744979 1.640967 1.493404 1.294074 1.038628 0.729288 0.376753 0.000000 
50.000000 42.257655 34.846592 28.055614 22.097637 17.091704 13.062423 9.954334 7.655666 6.024889 4.914468 4.188341 3.732049 3.456333 3.296020 3.206265 3.157843 3.132653 3.120008 3.113879 3.111008 3.109707 3.109137 3.108895 3.108795 3.108755 3.108738 3.108730 3.108720 3.108701 3.108656 3.108555 3.108329 3.107840 3.106818 3.104748 3.100696 3.093029 3.079023 3.054343 3.012444 2.944001 2.836610 2.675113 2.442981 2.125166 1.712463 1.206701 0.624943 0.000000 
50.000000 42.544878 35.408736 28.869653 23.132643 18.312336 14.432432 11.439538 9.226040 7.655666 6.586359 5.887105 5.447693 5.182171 5.027783 4.941343 4.894709 4.870449 4.858270 4.852366 4.849601 4.848348 4.847799 4.847566 4.847470 4.847431 4.847414 4.847405 4.847393 4.847367 4.847308 4.847171 4.846866 4.846203 4.844810 4.841974 4.836390 4.825753 4.806172 4.771363 4.711665 4.613020 4.456223 4.216998 3.867673 3.381342 2.739052 1.939440 1.007945 0.000000 
50.000000 42.949692 36.201031 30.016985 24.591432 20.032780 16.363449 13.532956 11.439538 9.954334 8.943005 8.281653 7.866050 7.614910 7.468882 7.387120 7.343009 7.320060 7.308539 7.302955 7.300338 7.299153 7.298634 7.298413 7.298322 7.298285 7.298269 7.298259 7.298244 7.298212 7.298137 7.297964 7.297575 7.296729 7.294941 7.291284 7.284037 7.270136 7.244334 7.198026 7.117724 6.983315 6.766478 6.429991 5.929185 5.217258 4.256255 3.034212 1.584990 0.000000 
50.000000 43.497002 37.272221 31.568202 26.563769 22.358914 18.974326 16.363449 14.432432 13.062423 12.129518 11.519440 11.136050 10.904371 10.769654 10.694225 10.653528 10.632356 10.621726 10.616573 10.614160 10.613066 10.612587 10.612383 10.612299 10.612265 10.612250 10.612239 10.612222 10.612184 10.612096 10.611890 10.611428 10.610416 10.608270 10.603858 10.595060 10.578061 10.546240 10.488551 10.387310 10.215434 9.933458 9.487163 8.807506 7.815798 6.438385 4.635058 2.440297 0.000000 
50.000000 44.206471 38.660793 33.579043 29.120531 25.374342 22.358914 20.032780 18.312336 17.091704 16.260503 15.716924 15.375317 15.168881 15.048841 14.981627 14.945362 14.926495 14.917023 14.912431 14.910279 14.909305 14.908877 14.908696 14.908621 14.908590 14.908576 14.908565 14.908547 14.908506 14.908409 14.908183 14.907673 14.906552 14.904165 14.899231 14.889334 14.870074 14.833711 14.767099 14.648723 14.444663 14.103596 13.551409 12.687171 11.384470 9.506051 6.944721 3.703298 0.000000 
50.000000 45.087847 40.385830 36.077147 32.296869 29.120531 26.563769 24.591432 23.132643 22.097637 21.392827 20.931896 20.642222 20.467167 20.365372 20.308372 20.277618 20.261617 20.253584 20.249689 20.247864 20.247038 20.246675 20.246521 20.246458 20.246431 20.246419 20.246409 20.246391 20.246350 20.246253 20.246025 20.245510 20.244376 20.241949 20.236910 20.226746 20.206831 20.168917 20.098753 19.972471 19.751302 19.374174 18.747971 17.736061 16.148435 13.743893 10.270941 5.600082 0.000000 
50.000000 46.136789 42.438836 39.050214 36.077147 33.579043 31.568202 30.016985 28.869653 28.055614 27.501269 27.138733 26.910892 26.773201 26.693132 26.648297 26.624105 26.611519 26.605199 26.602135 26.600700 26.600050 26.599764 26.599643 26.599593 26.599573 26.599563 26.599554 26.599538 26.599502 26.599414 26.599210 26.598747 26.597723 26.595526 26.590945 26.581658 26.563352 26.528239 26.462641 26.343151 26.130601 25.760730 25.129818 24.072992 22.333255 19.525107 15.123038 8.593655 0.000000 
50.000000 47.332339 44.778790 42.438836 40.385830 38.660793 37.272221 36.201031 35.408736 34.846592 34.463778 34.213419 34.056076 33.960987 33.905691 33.874727 33.858019 33.849327 33.844962 33.842846 33.841855 33.841405 33.841208 33.841125 33.841090 33.841076 33.841069 33.841063 33.841051 33.841023 33.840957 33.840802 33.840450 33.839670 33.837992 33.834483 33.827341 33.813194 33.785893 33.734490 33.639891 33.469296 33.166819 32.637163 31.716072 30.114889 27.315799 22.389395 13.798107 0.000000 
50.000000 48.637019 47.332339 46.136789 45.087847 44.206471 43.497002 42.949692 42.544878 42.257655 42.062058 41.934137 41.853742 41.805156 41.776901 41.761080 41.752543 41.748101 41.745871 41.744789 41.744283 41.744053 41.743952 41.743910 41.743892 41.743885 41.743881 41.743878 41.743871 41.743856 41.743821 41.743737 41.743546 41.743124 41.742213 41.740305 41.736411 41.728674 41.713682 41.685305 41.632712 41.536933 41.364703 41.056706 40.503173 39.487765 37.543134 33.534232 24.318509 0.000000 
50.000000 50.000000 50.000000 50.000000 50.000000 50.000000 50.000000 50.000000 50.000000 50.000000 50.000000 50.000000 50.000000 50.000000 50.000000 50.000000 50.000000 50.000000 50.000000 50.000000 50.000000 50.000000 50.000000 50.000000 50.000000 50.000000 50.000000 50.000000 50.000000 50.000000 50.000000 50.000000 50.000000 50.000000 50.000000 50.000000 50.000000 50.000000 50.000000 50.000000 50.000000 50.000000 50.000000 50.000000 50.000000 50.000000 50.000000 50.000000 50.000000 50.000000 
