50.000000 50.000000 50.000000 50.000000 50.000000 50.000000 50.000000 50.000000 50.000000 50.000000 50.000000 50.000000 50.000000 50.000000 50.000000 50.000000 50.000000 50.000000 50.000000 50.000000 50.000000 50.000000 50.000000 50.000000 50.000000 50.000000 50.000000 50.000000 50.000000 50.000000 50.000000 50.000000 50.000000 50.000000 50.000000 50.000000 50.000000 50.000000 50.000000 50.000000 50.000000 50.000000 50.000000 50.000000 50.000000 50.000000 50.000000 50.000000 50.000000 50.000000 
50.000000 48.966290 47.966125 47.029786 46.181556 45.437927 44.806936 44.288632 43.876412 43.558905 43.322004 43.150730 43.030710 42.949165 42.895429 42.861073 42.839753 42.826907 42.819389 42.815114 42.812750 42.811479 42.810814 42.810475 42.810305 42.810220 42.810171 42.810131 42.810074 42.809968 42.809758 42.809342 42.808531 42.806982 42.804090 42.798799 42.789311 42.772613 42.743733 42.694543 42.611808 42.473879 42.244763 41.862715 41.216257 40.088484 38.012983 33.857313 24.483145 0.000000 
50.000000 47.966125 45.998251 44.155959 42.487030 41.023907 39.782409 38.762626 37.951571 37.326869 36.860762 36.523778 36.287638 36.127199 36.021474 35.953879 35.911933 35.886659 35.871868 35.863456 35.858806 35.856306 35.854998 35.854330 35.853997 35.853828 35.853734 35.853656 35.853548 35.853349 35.852953 35.852169 35.850643 35.847735 35.842313 35.832412 35.814701 35.783627 35.730095 35.639385 35.487871 35.237693 34.827821 34.158378 33.061883 31.248614 28.202522 22.999125 14.108812 0.000000 
50.000000 47.029786 44.155959 41.465533 39.028284 36.891592 35.078558 33.589314 32.404891 31.492611 30.811938 30.319832 29.974992 29.740701 29.586311 29.487603 29.426350 29.389444 29.367845 29.355562 29.348771 29.345121 29.343210 29.342236 29.341749 29.341504 29.341368 29.341259 29.341110 29.340838 29.340300 29.339236 29.337170 29.333241 29.325932 29.312629 29.288921 29.247525 29.176639 29.057450 28.860375 28.539360 28.023142 27.201770 25.905985 23.877348 20.732766 15.953437 9.016803 0.000000 
50.000000 46.181556 42.487030 39.028284 35.895023 33.148160 30.817388 28.902878 27.380240 26.207465 25.332436 24.699821 24.256523 23.955340 23.756874 23.629985 23.551247 23.503806 23.476041 23.460252 23.451524 23.446831 23.444376 23.443124 23.442499 23.442186 23.442014 23.441880 23.441704 23.441387 23.440761 23.439527 23.437137 23.432605 23.424204 23.408974 23.381966 23.335091 23.255422 23.122721 22.905931 22.558261 22.010492 21.162256 19.871822 17.947512 15.150936 11.238416 6.093072 0.000000 
50.000000 45.437927 41.023907 36.891592 33.148160 29.866382 27.081737 24.794426 22.975305 21.574179 20.528783 19.773004 19.243405 18.883593 18.646494 18.494909 18.400845 18.344172 18.311005 18.292144 18.281717 18.276112 18.273179 18.271684 18.270938 18.270566 18.270365 18.270215 18.270026 18.269690 18.269034 18.267743 18.265251 18.260541 18.251846 18.236156 18.208491 18.160804 18.080430 17.947931 17.734228 17.396977 16.876294 16.090458 14.933191 13.276338 10.985607 7.962025 4.221670 0.000000 
50.000000 44.806936 39.782409 35.078558 30.817388 27.081737 23.911989 21.308368 19.237697 17.642835 16.452899 15.592633 14.989822 14.580274 14.310405 14.137870 14.030809 13.966305 13.928556 13.907090 13.895223 13.888843 13.885506 13.883805 13.882957 13.882536 13.882312 13.882154 13.881964 13.881635 13.880998 13.879750 13.877349 13.872829 13.864520 13.849605 13.823466 13.778738 13.704009 13.582112 13.388015 13.086450 12.629643 11.955994 10.991279 9.655132 7.876788 5.624031 2.944221 0.000000 
50.000000 44.288632 38.762626 33.589314 28.902878 24.794426 21.308368 18.444949 16.167676 14.413699 13.105059 12.158985 11.496054 11.045665 10.748888 10.559153 10.441420 10.370487 10.328977 10.305372 10.292323 10.285309 10.281639 10.279769 10.278838 10.278378 10.278138 10.277976 10.277796 10.277494 10.276913 10.275783 10.273616 10.269553 10.262120 10.248850 10.225740 10.186488 10.121481 10.016538 9.851481 9.598751 9.222474 8.678724 7.918132 6.892386 5.566172 3.934806 2.043869 0.000000 
50.000000 43.876412 37.951571 32.404891 27.380240 22.975305 19.237697 16.167676 13.726109 11.845608 10.442580 9.428279 8.717547 8.234689 7.916520 7.713112 7.586897 7.510854 7.466354 7.441050 7.427062 7.419543 7.415609 7.413606 7.412609 7.412118 7.411867 7.411707 7.411543 7.411278 7.410779 7.409811 7.407963 7.404514 7.398234 7.387083 7.367788 7.335254 7.281831 7.196437 7.063663 6.863055 6.568924 6.151247 5.578328 4.821979 3.865531 2.713879 1.402533 0.000000 
50.000000 43.558905 37.326869 31.492611 26.207465 21.574179 17.642835 14.413699 11.845608 9.867672 8.391961 7.325124 6.577589 6.069731 5.735095 5.521161 5.388416 5.308441 5.261640 5.235028 5.220317 5.212409 5.208273 5.206166 5.205119 5.204606 5.204348 5.204193 5.204047 5.203826 5.203417 5.202629 5.201132 5.198350 5.193308 5.184405 5.169093 5.143458 5.101703 5.035575 4.933836 4.781945 4.562219 4.254819 3.839951 3.301534 2.632236 1.838998 0.947096 0.000000 
50.000000 43.322004 36.860762 30.811938 25.332436 20.528783 16.452899 13.105059 10.442580 8.391961 6.862034 5.756013 4.981027 4.454526 4.107609 3.885826 3.748213 3.665306 3.616790 3.589202 3.573953 3.565756 3.561469 3.559286 3.558201 3.557672 3.557409 3.557260 3.557134 3.556956 3.556635 3.556023 3.554865 3.552724 3.548860 3.542074 3.530472 3.511179 3.479991 3.431017 3.356386 3.246143 3.088522 2.870787 2.580852 2.209715 1.754488 1.221377 0.627461 0.000000 
50.000000 43.150730 36.523778 30.319832 24.699821 19.773004 15.592633 12.158985 9.428279 7.325124 5.756013 4.621672 3.826849 3.286877 2.931086 2.703633 2.562502 2.477477 2.427723 2.399431 2.383793 2.375387 2.370991 2.368752 2.367641 2.367100 2.366836 2.366693 2.366584 2.366445 2.366203 2.365748 2.364891 2.363312 2.360477 2.355522 2.347099 2.333180 2.310836 2.276021 2.223421 2.146448 2.037504 1.888623 1.692574 1.444399 1.143193 0.793684 0.406997 0.000000 
50.000000 43.030710 36.287638 29.974992 24.256523 19.243405 14.989822 11.496054 8.717547 6.577589 4.981027 3.826849 3.018133 2.468725 2.106720 1.875296 1.731703 1.645196 1.594574 1.565790 1.549880 1.541327 1.536855 1.534578 1.533448 1.532899 1.532634 1.532497 1.532403 1.532297 1.532121 1.531795 1.531186 1.530068 1.528070 1.524596 1.518720 1.509066 1.493670 1.469848 1.434131 1.382293 1.309566 1.211084 1.082601 0.921431 0.727466 0.504011 0.258096 0.000000 
50.000000 42.949165 36.127199 29.740701 23.955340 18.883593 14.580274 11.045665 8.234689 6.069731 4.454526 3.286877 2.468725 1.912911 1.546687 1.312568 1.167303 1.079789 1.028579 0.999460 0.983365 0.974714 0.970190 0.967886 0.966744 0.966190 0.965925 0.965793 0.965711 0.965630 0.965506 0.965281 0.964864 0.964103 0.962748 0.960403 0.956455 0.950005 0.939778 0.924054 0.900639 0.866901 0.819925 0.756808 0.675102 0.573374 0.451780 0.312498 0.159854 0.000000 
50.000000 42.895429 36.021474 29.586311 23.756874 18.646494 14.310405 10.748888 7.916521 5.735095 4.107609 2.931086 2.106720 1.546687 1.177685 0.941791 0.795426 0.707250 0.655652 0.626313 0.610097 0.601380 0.596822 0.594502 0.593351 0.592794 0.592529 0.592400 0.592328 0.592266 0.592181 0.592031 0.591755 0.591256 0.590370 0.588843 0.586284 0.582125 0.575564 0.565535 0.550690 0.529437 0.500039 0.460800 0.410338 0.347900 0.273683 0.189062 0.096630 0.000000 
50.000000 42.861073 35.953879 29.487603 23.629986 18.494909 14.137871 10.559153 7.713112 5.521161 3.885826 2.703633 1.875297 1.312568 0.941791 0.704763 0.557696 0.469096 0.417251 0.387772 0.371478 0.362720 0.358140 0.355809 0.354653 0.354094 0.353829 0.353703 0.353637 0.353589 0.353531 0.353434 0.353258 0.352941 0.352382 0.351421 0.349820 0.347227 0.343156 0.336966 0.327853 0.314878 0.297033 0.273351 0.243063 0.205782 0.161671 0.111566 0.056982 0.000000 
50.000000 42.839753 35.911933 29.426350 23.551247 18.400846 14.030809 10.441420 7.586897 5.388416 3.748213 2.562502 1.731704 1.167303 0.795426 0.557696 0.410192 0.321331 0.269333 0.239767 0.223425 0.214641 0.210047 0.207709 0.206550 0.205990 0.205725 0.205601 0.205540 0.205501 0.205461 0.205400 0.205291 0.205097 0.204755 0.204171 0.203201 0.201636 0.199191 0.195490 0.190066 0.182383 0.171867 0.157981 0.140305 0.118642 0.093110 0.064198 0.032771 0.000000 
50.000000 42.826907 35.886659 29.389444 23.503806 18.344173 13.966306 10.370488 7.510855 5.308442 3.665307 2.477478 1.645197 1.079790 0.707251 0.469097 0.321332 0.232312 0.180222 0.150603 0.134233 0.125433 0.120831 0.118489 0.117329 0.116768 0.116503 0.116380 0.116322 0.116289 0.116261 0.116223 0.116158 0.116042 0.115841 0.115497 0.114927 0.114012 0.112589 0.110442 0.107311 0.102893 0.096873 0.088958 0.078922 0.066670 0.052275 0.036017 0.018377 0.000000 
50.000000 42.819390 35.871869 29.367846 23.476043 18.311007 13.928558 10.328979 7.466357 5.261643 3.616792 2.427725 1.594577 1.028582 0.655655 0.417254 0.269335 0.180224 0.128079 0.098430 0.082043 0.073234 0.068628 0.066283 0.065121 0.064560 0.064296 0.064174 0.064117 0.064088 0.064068 0.064044 0.064006 0.063939 0.063823 0.063627 0.063303 0.062785 0.061980 0.060772 0.059016 0.056548 0.053198 0.048810 0.043265 0.036517 0.028611 0.019701 0.010048 0.000000 
50.000000 42.815115 35.863458 29.355565 23.460256 18.292148 13.907095 10.305378 7.441056 5.235034 3.589209 2.399438 1.565797 0.999467 0.626320 0.387779 0.239773 0.150609 0.098435 0.068768 0.052371 0.043557 0.038948 0.036602 0.035440 0.034878 0.034614 0.034492 0.034437 0.034410 0.034394 0.034379 0.034357 0.034320 0.034256 0.034147 0.033968 0.033682 0.033241 0.032581 0.031624 0.030283 0.028470 0.026102 0.023119 0.019499 0.015267 0.010507 0.005357 0.000000 
50.000000 42.812753 35.858811 29.348779 23.451533 18.281728 13.895236 10.292337 7.427077 5.220333 3.573969 2.383810 1.549896 0.983382 0.610114 0.371495 0.223441 0.134248 0.082057 0.052381 0.035978 0.027161 0.022551 0.020204 0.019042 0.018480 0.018216 0.018095 0.018040 0.018015 0.018001 0.017991 0.017978 0.017958 0.017923 0.017865 0.017769 0.017616 0.017381 0.017029 0.016522 0.015813 0.014858 0.013613 0.012049 0.010156 0.007948 0.005467 0.002787 0.000000 
50.000000 42.811485 35.856318 29.345138 23.446854 18.276138 13.888874 10.285342 7.419578 5.212446 3.565794 2.375426 1.541367 0.974754 0.601421 0.362760 0.214681 0.125472 0.073272 0.043591 0.027185 0.018367 0.013756 0.011409 0.010246 0.009684 0.009420 0.009299 0.009244 0.009220 0.009208 0.009201 0.009193 0.009182 0.009164 0.009133 0.009083 0.009003 0.008881 0.008699 0.008436 0.008071 0.007579 0.006940 0.006139 0.005172 0.004045 0.002782 0.001418 0.000000 
50.000000 42.810829 35.855026 29.343251 23.444429 18.273241 13.885577 10.281716 7.415692 5.208359 3.561558 2.371082 1.536947 0.970283 0.596916 0.358234 0.210141 0.120925 0.068719 0.039036 0.022629 0.013810 0.009198 0.006851 0.005688 0.005127 0.004862 0.004741 0.004687 0.004663 0.004652 0.004646 0.004641 0.004635 0.004626 0.004610 0.004584 0.004543 0.004480 0.004387 0.004253 0.004067 0.003817 0.003494 0.003089 0.002601 0.002033 0.001398 0.000712 0.000000 
50.000000 42.810508 35.854395 29.342330 23.443244 18.271826 13.883966 10.279946 7.413794 5.206363 3.559489 2.368960 1.534788 0.968099 0.594716 0.356023 0.207924 0.118704 0.066496 0.036811 0.020403 0.011584 0.006972 0.004625 0.003462 0.002900 0.002636 0.002515 0.002461 0.002437 0.002426 0.002421 0.002418 0.002414 0.002409 0.002401 0.002387 0.002365 0.002332 0.002283 0.002212 0.002115 0.001984 0.001815 0.001604 0.001350 0.001055 0.000725 0.000369 0.000000 
50.000000 42.810378 35.854140 29.341957 23.442765 18.271255 13.883316 10.279230 7.413027 5.205557 3.558653 2.368103 1.533917 0.967217 0.593827 0.355130 0.207028 0.117807 0.065598 0.035912 0.019504 0.010685 0.006073 0.003726 0.002563 0.002001 0.001737 0.001616 0.001562 0.001538 0.001528 0.001523 0.001520 0.001518 0.001514 0.001509 0.001500 0.001486 0.001465 0.001434 0.001389 0.001327 0.001245 0.001138 0.001006 0.000846 0.000661 0.000454 0.000231 0.000000 
50.000000 42.810378 35.854140 29.341957 23.442765 18.271255 13.883316 10.279230 7.413027 5.205557 3.558653 2.368103 1.533917 0.967217 0.593827 0.355130 0.207028 0.117807 0.065598 0.035912 0.019504 0.010685 0.006073 0.003726 0.002563 0.002001 0.001737 0.001616 0.001562 0.001538 0.001528 0.001523 0.001520 0.001518 0.001514 0.001509 0.001500 0.001486 0.001465 0.001434 0.001389 0.001327 0.001245 0.001138 0.001006 0.000846 0.000661 0.000454 0.000231 0.000000 
50.000000 42.810508 35.854395 29.342330 23.443244 18.271826 13.883966 10.279946 7.413794 5.206363 3.559489 2.368960 1.534788 0.968099 0.594716 0.356023 0.207924 0.118704 0.066496 0.036811 0.020403 0.011584 0.006972 0.004625 0.003462 0.002900 0.002636 0.002515 0.002461 0.002437 0.002426 0.002421 0.002418 0.002414 0.002409 0.002401 0.002387 0.002365 0.002332 0.002283 0.002212 0.002115 0.001984 0.001815 0.001604 0.001350 0.001055 0.000725 0.000369 0.000000 
50.000000 42.810829 35.855026 29.343251 23.444429 18.273241 13.885577 10.281716 7.415692 5.208359 3.561558 2.371082 1.536947 0.970283 0.596916 0.358234 0.210141 0.120925 0.068719 0.039036 0.022629 0.013810 0.009198 0.006851 0.005688 0.005127 0.004862 0.004741 0.004687 0.004663 0.004652 0.004646 0.004641 0.004635 0.004626 0.004610 0.004584 0.004543 0.004480 0.004387 0.004253 0.004067 0.003817 0.003494 0.003089 0.002601 0.002033 0.001398 0.000712 0.000000 
50.000000 42.811485 35.856318 29.345138 23.446854 18.276138 13.888874 10.285342 7.419578 5.212446 3.565794 2.375426 1.541367 0.974754 0.601421 0.362760 0.214681 0.125472 0.073272 0.043591 0.027185 0.018367 0.013756 0.011409 0.010246 0.009684 0.009420 0.009299 0.009244 0.009220 0.009208 0.009201 0.009193 0.009182 0.009164 0.009133 0.009083 0.009003 0.008881 0.008699 0.008436 0.008071 0.007579 0.006940 0.006139 0.005172 0.004045 0.002782 0.001418 0.000000 
50.000000 42.812753 35.858811 29.348779 23.451533 18.281728 13.895236 10.292337 7.427077 5.220333 3.573969 2.383810 1.549896 0.983382 0.610114 0.371495 0.223441 0.134248 0.082057 0.052381 0.035978 0.027161 0.022551 0.020204 0.019042 0.018480 0.018216 0.018095 0.018040 0.018015 0.018001 0.017991 0.017978 0.017958 0.017923 0.017865 0.017769 0.017616 0.017381 0.017029 0.016522 0.015813 0.014858 0.013613 0.012049 0.010156 0.007948 0.005467 0.002787 0.000000 
50.000000 42.815115 35.863458 29.355565 23.460256 18.292148 13.907095 10.305378 7.441056 5.235034 3.589209 2.399438 1.565797 0.999467 0.626320 0.387779 0.239773 0.150609 0.098435 0.068768 0.052371 0.043557 0.038948 0.036602 0.035440 0.034878 0.034614 0.034492 0.034437 0.034410 0.034394 0.034379 0.034357 0.034320 0.034256 0.034147 0.033968 0.033682 0.033241 0.032581 0.031624 0.030283 0.028470 0.026102 0.023119 0.019499 0.015267 0.010507 0.005357 0.000000 
50.000000 42.819390 35.871869 29.367846 23.476043 18.311007 13.928558 10.328979 7.466357 5.261643 3.616792 2.427725 1.594577 1.028582 0.655655 0.417254 0.269335 0.180224 0.128079 0.098430 0.082043 0.073234 0.068628 0.066283 0.065121 0.064560 0.064296 0.064174 0.064117 0.064088 0.064068 0.064044 0.064006 0.063939 0.063823 0.063627 0.063303 0.062785 0.061980 0.060772 0.059016 0.056548 0.053198 0.048810 0.043265 0.036517 0.028611 0.019701 0.010048 0.000000 
50.000000 42.826907 35.886659 29.389444 23.503806 18.344173 13.966306 10.370488 7.510855 5.308442 3.665307 2.477478 1.645197 1.079790 0.707251 0.469097 0.321332 0.232312 0.180222 0.150603 0.134233 0.125433 0.120831 0.118489 0.117329 0.116768 0.116503 0.116380 0.116322 0.116289 0.116261 0.116223 0.116158 0.116042 0.115841 0.115497 0.114927 0.114012 0.112589 0.110442 0.107311 0.102893 0.096873 0.088958 0.078922 0.066670 0.052275 0.036017 0.018377 0.000000 
50.000000 42.839753 35.911933 29.426350 23.551247 18.400846 14.030809 10.441420 7.586897 5.388416 3.748213 2.562502 1.731704 1.167303 0.795426 0.557696 0.410192 0.321331 0.269333 0.239767 0.223425 0.214641 0.210047 0.207709 0.206550 0.205990 0.205725 0.205601 0.205540 0.205501 0.205461 0.205400 0.205291 0.205097 0.204755 0.204171 0.203201 0.201636 0.199191 0.195490 0.190066 0.182383 0.171867 0.157981 0.140305 0.118642 0.093110 0.064198 0.032771 0.000000 
50.000000 42.861073 35.953879 29.487603 23.629986 18.494909 14.137871 10.559153 7.713112 5.521161 3.885826 2.703633 1.875297 1.312568 0.941791 0.704763 0.557696 0.469096 0.417251 0.387772 0.371478 0.362720 0.358140 0.355809 0.354653 0.354094 0.353829 0.353703 0.353637 0.353589 0.353531 0.353434 0.353258 0.352941 0.352382 0.351421 0.349820 0.347227 0.343156 0.336966 0.327853 0.314878 0.297033 0.273351 0.243063 0.205782 0.161671 0.111566 0.056982 0.000000 
50.000000 42.895429 36.021474 29.586311 23.756874 18.646494 14.310405 10.748888 7.916521 5.735095 4.107609 2.931086 2.106720 1.546687 1.177685 0.941791 0.795426 0.707250 0.655652 0.626313 0.610097 0.601380 0.596822 0.594502 0.593351 0.592794 0.592529 0.592400 0.592328 0.592266 0.592181 0.592031 0.591755 0.591256 0.590370 0.588843 0.586284 0.582125 0.575564 0.565535 0.550690 0.529437 0.500039 0.460800 0.410338 0.347900 0.273683 0.189062 0.096630 0.000000 
50.000000 42.949165 36.127199 29.740701 23.955340 18.883593 14.580274 11.045665 8.234689 6.069731 4.454526 3.286877 2.468725 1.912911 1.546687 1.312568 1.167303 1.079789 1.028579 0.999460 0.983365 0.974714 0.970190 0.967886 0.966744 0.966190 0.965925 0.965793 0.965711 0.965630 0.965506 0.965281 0.964864 0.964103 0.962748 0.960403 0.956455 0.950005 0.939778 0.924054 0.900639 0.866901 0.819925 0.756808 0.675102 0.573374 0.451780 0.312498 0.159854 0.000000 
50.000000 43.030710 36.287638 29.974992 24.256523 19.243405 14.989822 11.496054 8.717547 6.577589 4.981027 3.826849 3.018133 2.468725 2.106720 1.875296 1.731703 1.645196 1.594574 1.565790 1.549880 1.541327 1.536855 1.534578 1.533448 1.532899 1.532634 1.532497 1.532403 1.532297 1.532121 1.531795 1.531186 1.530068 1.528070 1.524596 1.518720 1.509066 1.493670 1.469848 1.434131 1.382293 1.309566 1.211084 1.082601 0.921431 0.727466 0.504011 0.258096 0.000000 
50.000000 43.150730 36.523778 30.319832 24.699821 19.773004 15.592633 12.158985 9.428279 7.325124 5.756013 4.621672 3.826849 3.286877 2.931086 2.703633 2.562502 2.477477 2.427723 2.399431 2.383793 2.375387 2.370991 2.368752 2.367641 2.367100 2.366836 2.366693 2.366584 2.366445 2.366203 2.365748 2.364891 2.363312 2.360477 2.355522 2.347099 2.333180 2.310836 2.276021 2.223421 2.146448 2.037504 1.888623 1.692574 1.444399 1.143193 0.793684 0.406997 0.000000 
50.000000 43.322004 36.860762 30.811938 25.332436 20.528783 16.452899 13.105059 10.442580 8.391961 6.862034 5.756013 4.981027 4.454526 4.107609 3.885826 3.748213 3.665306 3.616790 3.589202 3.573953 3.565756 3.561469 3.559286 3.558201 3.557672 3.557409 3.557260 3.557134 3.556956 3.556635 3.556023 3.554865 3.552724 3.548860 3.542074 3.530472 3.511179 3.479991 3.431017 3.356386 3.246143 3.088522 2.870787 2.580852 2.209715 1.754488 1.221377 0.627461 0.000000 
50.000000 43.558905 37.326869 31.492611 26.207465 21.574179 17.642835 14.413699 11.845608 9.867672 8.391961 7.325124 6.577589 6.069731 5.735095 5.521161 5.388416 5.308441 5.261640 5.235028 5.220317 5.212409 5.208273 5.206166 5.205119 5.204606 5.204348 5.204193 5.204047 5.203826 5.203417 5.202629 5.201132 5.198350 5.193308 5.184405 5.169093 5.143458 5.101703 5.035575 4.933836 4.781945 4.562219 4.254819 3.839951 3.301534 2.632236 1.838998 0.947096 0.000000 
50.000000 43.876412 37.951571 32.404891 27.380240 22.975305 19.237697 16.167676 13.726109 11.845608 10.442580 9.428279 8.717547 8.234689 7.916520 7.713112 7.586897 7.510854 7.466354 7.441050 7.427062 7.419543 7.415609 7.413606 7.412609 7.412118 7.411867 7.411707 7.411543 7.411278 7.410779 7.409811 7.407963 7.404514 7.398234 7.387083 7.367788 7.335254 7.281831 7.196437 7.063663 6.863055 6.568924 6.151247 5.578328 4.821979 3.865531 2.713879 1.402533 0.000000 
50.000000 44.288632 38.762626 33.589314 28.902878 24.794426 21.308368 18.444949 16.167676 14.413699 13.105059 12.158985 11.496054 11.045665 10.748888 10.559153 10.441420 10.370487 10.328977 10.305372 10.292323 10.285309 10.281639 10.279769 10.278838 10.278378 10.278138 10.277976 10.277796 10.277494 10.276913 10.275783 10.273616 10.269553 10.262120 10.248850 10.225740 10.186488 10.121481 10.016538 9.851481 9.598751 9.222474 8.678724 7.918132 6.892386 5.566172 3.934806 2.043869 0.000000 
50.000000 44.806936 39.782409 35.078558 30.817388 27.081737 23.911989 21.308368 19.237697 17.642835 16.452899 15.592633 14.989822 14.580274 14.310405 14.137870 14.030809 13.966305 13.928556 13.907090 13.895223 13.888843 13.885506 13.883805 13.882957 13.882536 13.882312 13.882154 13.881964 13.881635 13.880998 13.879750 13.877349 13.872829 13.864520 13.849605 13.823466 13.778738 13.704009 13.582112 13.388015 13.086450 12.629643 11.955994 10.991279 9.655132 7.876788 5.624031 2.944221 0.000000 
50.000000 45.437927 41.023907 36.891592 33.148160 29.866382 27.081737 24.794426 22.975305 21.574179 20.528783 19.773004 19.243405 18.883593 18.646494 18.494909 18.400845 18.344172 18.311005 18.292144 18.281717 18.276112 18.273179 18.271684 18.270938 18.270566 18.270365 18.270215 18.270026 18.269690 18.269034 18.267743 18.265251 18.260541 18.251846 18.236156 18.208491 18.160804 18.080430 17.947931 17.734228 17.396977 16.876294 16.090458 14.933191 13.276338 10.985607 7.962025 4.221670 0.000000 
50.000000 46.181556 42.487030 39.028284 35.895023 33.148160 30.817388 28.902878 27.380240 26.207465 25.332436 24.699821 24.256523 23.955340 23.756874 23.629985 23.551247 23.503806 23.476041 23.460252 23.451524 23.446831 23.444376 23.443124 23.442499 23.442186 23.442014 23.441880 23.441704 23.441387 23.440761 23.439527 23.437137 23.432605 23.424204 23.408974 23.381966 23.335091 23.255422 23.122721 22.905931 22.558261 22.010492 21.162256 19.871822 17.947512 15.150936 11.238416 6.093072 0.000000 
50.000000 47.029786 44.155959 41.465533 39.028284 36.891592 35.078558 33.589314 32.404891 31.492611 30.811938 30.319832 29.974992 29.740701 29.586311 29.487603 29.426350 29.389444 29.367845 29.355562 29.348771 29.345121 29.343210 29.342236 29.341749 29.341504 29.341368 29.341259 29.341110 29.340838 29.340300 29.339236 29.337170 29.333241 29.325932 29.312629 29.288921 29.247525 29.176639 29.057450 28.860375 28.539360 28.023142 27.201770 25.905985 23.877348 20.732766 15.953437 9.016803 0.000000 
50.000000 47.966125 45.998251 44.155959 42.487030 41.023907 39.782409 38.762626 37.951571 37.326869 36.860762 36.523778 36.287638 36.127199 36.021474 35.953879 35.911933 35.886659 35.871868 35.863456 35.858806 35.856306 35.854998 35.854330 35.853997 35.853828 35.853734 35.853656 35.853548 35.853349 35.852953 35.852169 35.850643 35.847735 35.842313 35.832412 35.814701 35.783627 35.730095 35.639385 35.487871 35.237693 34.827821 34.158378 33.061883 31.248614 28.202522 22.999125 14.108812 0.000000 
50.000000 48.966290 47.966125 47.029786 46.181556 45.437927 44.806936 44.288632 43.876412 43.558905 43.322004 43.150730 43.030710 42.949165 42.895429 42.861073 42.839753 42.826907 42.819389 42.815114 42.812750 42.811479 42.810814 42.810475 42.810305 42.810220 42.810171 42.810131 42.810074 42.809968 42.809758 42.809342 42.808531 42.806982 42.804090 42.798799 42.789311 42.772613 42.743733 42.694543 42.611808 42.473879 42.244763 41.862715 41.216257 40.088484 38.012983 33.857313 24.483145 0.000000 
50.000000 50.000000 50.000000 50.000000 50.000000 50.000000 50.000000 50.000000 50.000000 50.000000 50.000000 50.000000 50.000000 50.000000 50.000000 50.000000 50.000000 50.000000 50.000000 50.000000 50.000000 50.000000 50.000000 50.000000 50.000000 50.000000 50.000000 50.000000 50.000000 50.000000 50.000000 50.000000 50.000000 50.000000 50.000000 50.000000 50.000000 50.000000 50.000000 50.000000 50.000000 50.000000 50.000000 50.000000 50.000000 50.000000 50.000000 50.000000 50.000000 50.000000 
