50.000000 50.000000 50.000000 50.000000 50.000000 50.000000 50.000000 50.000000 50.000000 50.000000 50.000000 50.000000 50.000000 50.000000 50.000000 50.000000 50.000000 50.000000 50.000000 50.000000 50.000000 50.000000 50.000000 50.000000 50.000000 50.000000 50.000000 50.000000 50.000000 50.000000 50.000000 50.000000 50.000000 50.000000 50.000000 50.000000 50.000000 50.000000 50.000000 50.000000 50.000000 50.000000 50.000000 50.000000 50.000000 50.000000 50.000000 50.000000 50.000000 50.000000 
50.000000 48.851418 47.744247 46.715421 45.793731 44.997561 44.334298 43.801299 43.388020 43.078727 42.855238 42.699260 42.594072 42.525501 42.482271 42.455902 42.440331 42.431428 42.426495 42.423845 42.422464 42.421766 42.421424 42.421260 42.421184 42.421148 42.421128 42.421112 42.421086 42.421033 42.420921 42.420686 42.420200 42.419221 42.417297 42.413604 42.406669 42.393929 42.370989 42.330434 42.259847 42.138455 41.931112 41.576784 40.964436 39.877229 37.848340 33.744408 24.425709 0.000000 
50.000000 47.744247 45.569822 43.549266 41.739121 40.175493 38.872889 37.826119 37.014473 36.407048 35.968136 35.661811 35.455235 35.320570 35.235672 35.183886 35.153309 35.135824 35.126136 35.120932 35.118221 35.116850 35.116178 35.115856 35.115706 35.115636 35.115598 35.115567 35.115518 35.115419 35.115210 35.114768 35.113860 35.112033 35.108448 35.101578 35.088712 35.065147 35.022886 34.948559 34.820094 34.601292 34.232731 33.615880 32.584103 30.847801 27.890146 22.784911 13.999839 0.000000 
50.000000 46.715421 43.549266 40.607161 37.971440 35.694675 33.797988 32.273822 31.092017 30.207576 29.568503 29.122486 28.821707 28.625634 28.502023 28.426624 28.382105 28.356648 28.342543 28.334967 28.331020 28.329024 28.328045 28.327577 28.327359 28.327257 28.327203 28.327159 28.327092 28.326959 28.326677 28.326084 28.324866 28.322422 28.317638 28.308499 28.291449 28.260370 28.204971 28.108292 27.942886 27.664981 27.205522 26.456409 25.249545 23.326656 20.303580 15.659120 8.867081 0.000000 
50.000000 45.793731 41.739121 37.971440 34.596126 31.680506 29.251624 27.299801 25.786412 24.653828 23.835461 23.264317 22.879162 22.628088 22.469804 22.373257 22.316252 22.283655 22.265594 22.255894 22.250840 22.248285 22.247031 22.246432 22.246153 22.246023 22.245956 22.245903 22.245826 22.245672 22.245349 22.244671 22.243281 22.240501 22.235078 22.224759 22.205603 22.170897 22.109492 22.003340 21.823901 21.527074 21.046245 20.283226 19.097661 17.298063 14.644784 10.891320 5.916501 0.000000 
50.000000 44.997561 40.175493 35.694675 31.680506 28.213054 25.324481 23.003272 21.203486 19.856582 18.883364 18.204157 17.746134 17.447564 17.259339 17.144532 17.076746 17.037985 17.016509 17.004975 16.998966 16.995928 16.994437 16.993725 16.993394 16.993240 16.993161 16.993103 16.993022 16.992863 16.992530 16.991833 16.990409 16.987571 16.982056 16.971611 16.952332 16.917639 16.856771 16.752622 16.578806 16.295847 15.846647 15.151812 14.106527 12.582845 10.445130 7.591390 4.033125 0.000000 
50.000000 44.334298 38.872889 33.797988 29.251624 25.324481 22.052982 19.424081 17.385739 15.860323 14.758133 13.988925 13.470217 13.132093 12.918937 12.788924 12.712162 12.668269 12.643951 12.630890 12.624086 12.620646 12.618958 12.618152 12.617777 12.617604 12.617517 12.617456 12.617377 12.617225 12.616909 12.616249 12.614907 12.612240 12.607080 12.597360 12.579527 12.547668 12.492257 12.398437 12.243840 11.996042 11.610024 11.026491 10.172669 8.968398 7.341579 5.257009 2.757514 0.000000 
50.000000 43.801299 37.826119 32.273822 27.299801 23.003272 19.424081 16.547948 14.317934 12.649095 11.443288 10.601779 10.034323 9.664427 9.431246 9.289021 9.205050 9.157037 9.130436 9.116149 9.108707 9.104944 9.103098 9.102217 9.101807 9.101619 9.101527 9.101466 9.101393 9.101257 9.100976 9.100394 9.099212 9.096873 9.092371 9.083934 9.068551 9.041273 8.994238 8.915416 8.787107 8.584397 8.273974 7.814057 7.156624 6.253556 5.068299 3.593388 1.870187 0.000000 
50.000000 43.388020 37.014473 31.092017 25.786412 21.203486 17.385739 14.317934 11.939328 10.159308 8.873182 7.975631 7.370393 6.975875 6.727176 6.575488 6.485932 6.434726 6.406357 6.391121 6.383184 6.379172 6.377203 6.376263 6.375827 6.375627 6.375532 6.375473 6.375408 6.375293 6.375058 6.374574 6.373594 6.371665 6.367966 6.361074 6.348585 6.326599 6.289006 6.226621 6.126215 5.969664 5.733537 5.389698 4.907639 4.259338 3.427036 2.413181 1.249565 0.000000 
50.000000 43.078727 36.407048 30.207576 24.653828 19.856582 15.860323 12.649095 10.159308 8.296103 6.949889 6.010414 5.376914 4.963979 4.703673 4.544910 4.451177 4.397584 4.367893 4.351947 4.343641 4.339442 4.337381 4.336399 4.335942 4.335734 4.335637 4.335581 4.335525 4.335433 4.335247 4.334865 4.334096 4.332588 4.329711 4.324377 4.314772 4.297980 4.269497 4.222657 4.148052 4.033093 3.861988 3.616483 3.277776 2.829927 2.264690 1.586954 0.818880 0.000000 
50.000000 42.855238 35.968136 29.568503 23.835461 18.883364 14.758133 11.443288 8.873182 6.949889 5.560271 4.590516 3.936606 3.510371 3.241686 3.077814 2.981067 2.925750 2.895105 2.878647 2.870074 2.865741 2.863614 2.862600 2.862129 2.861915 2.861817 2.861764 2.861718 2.861646 2.861506 2.861219 2.860645 2.859524 2.857395 2.853467 2.846436 2.834224 2.813664 2.780135 2.727231 2.646562 2.527872 2.359695 2.130742 1.832120 1.460212 1.019577 0.524804 0.000000 
50.000000 42.699260 35.661811 29.122486 23.264317 18.204157 13.988925 10.601779 7.975631 6.010414 4.590516 3.599639 2.931492 2.495983 2.221454 2.054019 1.955170 1.898653 1.867343 1.850528 1.841769 1.837342 1.835169 1.834133 1.833653 1.833435 1.833336 1.833286 1.833248 1.833194 1.833093 1.832887 1.832478 1.831682 1.830178 1.827416 1.822499 1.814012 1.799820 1.776852 1.740917 1.686625 1.607540 1.496667 1.347386 1.154824 0.917515 0.638926 0.328271 0.000000 
50.000000 42.594072 35.455235 28.821707 22.879162 17.746134 13.470217 10.034323 7.370393 5.376914 3.936606 2.931492 2.253751 1.811991 1.533524 1.363690 1.263425 1.206099 1.174341 1.157286 1.148402 1.143912 1.141708 1.140658 1.140170 1.139950 1.139851 1.139803 1.139772 1.139733 1.139662 1.139521 1.139242 1.138701 1.137683 1.135824 1.132529 1.126876 1.117481 1.102382 1.078934 1.043795 0.993050 0.922549 0.828495 0.708265 0.561337 0.390088 0.200144 0.000000 
50.000000 42.525501 35.320570 28.625634 22.628088 17.447564 13.132093 9.664427 6.975875 4.963979 3.510371 2.495983 1.811991 1.366160 1.085129 0.913732 0.812545 0.754692 0.722643 0.705432 0.696466 0.691935 0.689711 0.688651 0.688160 0.687938 0.687839 0.687793 0.687766 0.687738 0.687691 0.687598 0.687415 0.687063 0.686402 0.685199 0.683080 0.679462 0.673484 0.663935 0.649206 0.627290 0.595876 0.552566 0.495232 0.422484 0.334186 0.231858 0.118832 0.000000 
50.000000 42.482271 35.235672 28.502023 22.469804 17.259339 12.918937 9.431246 6.727176 4.703673 3.241686 2.221454 1.533524 1.085129 0.802483 0.630101 0.528334 0.470150 0.437917 0.420607 0.411591 0.407034 0.404797 0.403731 0.403237 0.403014 0.402916 0.402871 0.402848 0.402827 0.402796 0.402737 0.402622 0.402401 0.401989 0.401241 0.399930 0.397701 0.394038 0.388219 0.379296 0.366102 0.347312 0.321577 0.287728 0.245045 0.193525 0.134094 0.068667 0.000000 
50.000000 42.455902 35.183886 28.426624 22.373257 17.144532 12.788924 9.289021 6.575488 4.544910 3.077814 2.054019 1.363690 0.913732 0.630101 0.457121 0.355000 0.296614 0.264269 0.246899 0.237852 0.233279 0.231035 0.229965 0.229469 0.229246 0.229147 0.229104 0.229083 0.229068 0.229048 0.229011 0.228942 0.228808 0.228560 0.228113 0.227330 0.226007 0.223841 0.220419 0.215199 0.207522 0.196650 0.181844 0.162476 0.138179 0.108986 0.075438 0.038604 0.000000 
50.000000 42.440331 35.153309 28.382105 22.316252 17.076746 12.712162 9.205051 6.485932 4.451177 2.981067 1.955170 1.263425 0.812545 0.528334 0.355000 0.252671 0.194166 0.161756 0.144350 0.135284 0.130702 0.128454 0.127382 0.126885 0.126661 0.126563 0.126520 0.126500 0.126488 0.126476 0.126454 0.126413 0.126336 0.126192 0.125933 0.125483 0.124724 0.123488 0.121543 0.118590 0.114268 0.108177 0.099922 0.089175 0.075751 0.059683 0.041276 0.021110 0.000000 
50.000000 42.431428 35.135824 28.356648 22.283655 17.037985 12.668269 9.157037 6.434726 4.397584 2.925751 1.898653 1.206099 0.754693 0.470150 0.296614 0.194166 0.135593 0.103145 0.085720 0.076643 0.072056 0.069805 0.068731 0.068234 0.068010 0.067912 0.067870 0.067851 0.067841 0.067833 0.067820 0.067797 0.067753 0.067673 0.067528 0.067278 0.066857 0.066175 0.065106 0.063489 0.061132 0.057826 0.053363 0.047576 0.040374 0.031782 0.021964 0.011228 0.000000 
50.000000 42.426495 35.126136 28.342543 22.265595 17.016510 12.643951 9.130437 6.406358 4.367894 2.895106 1.867343 1.174342 0.722644 0.437918 0.264270 0.161756 0.103146 0.070677 0.053240 0.044158 0.039568 0.037315 0.036241 0.035744 0.035520 0.035421 0.035379 0.035361 0.035353 0.035347 0.035339 0.035327 0.035303 0.035259 0.035181 0.035047 0.034821 0.034457 0.033887 0.033030 0.031784 0.030044 0.027702 0.024677 0.020924 0.016459 0.011368 0.005809 0.000000 
50.000000 42.423845 35.120933 28.334967 22.255895 17.004976 12.630891 9.116151 6.391122 4.351949 2.878649 1.850529 1.157288 0.705433 0.420609 0.246901 0.144352 0.085721 0.053241 0.035799 0.026714 0.022122 0.019868 0.018794 0.018296 0.018072 0.017974 0.017932 0.017914 0.017906 0.017902 0.017898 0.017891 0.017878 0.017855 0.017815 0.017744 0.017627 0.017439 0.017145 0.016704 0.016065 0.015176 0.013984 0.012447 0.010547 0.008291 0.005723 0.002924 0.000000 
50.000000 42.422465 35.118222 28.331022 22.250843 16.998969 12.624089 9.108710 6.383188 4.343645 2.870079 1.841773 1.148407 0.696471 0.411595 0.237856 0.135289 0.076648 0.044162 0.026716 0.017630 0.013037 0.010783 0.009709 0.009211 0.008987 0.008888 0.008847 0.008829 0.008821 0.008818 0.008815 0.008811 0.008805 0.008793 0.008773 0.008737 0.008678 0.008584 0.008437 0.008216 0.007899 0.007457 0.006867 0.006109 0.005173 0.004064 0.002804 0.001432 0.000000 
50.000000 42.421768 35.116854 28.329029 22.248292 16.995936 12.620655 9.104954 6.379182 4.339453 2.865752 1.837353 1.143923 0.691946 0.407045 0.233290 0.130714 0.072067 0.039579 0.022131 0.013044 0.008450 0.006196 0.005122 0.004624 0.004400 0.004302 0.004260 0.004243 0.004235 0.004232 0.004230 0.004228 0.004225 0.004219 0.004209 0.004192 0.004163 0.004117 0.004045 0.003938 0.003784 0.003571 0.003287 0.002922 0.002473 0.001942 0.001340 0.000684 0.000000 
50.000000 42.421428 35.116187 28.328058 22.247048 16.994457 12.618980 9.103122 6.377228 4.337408 2.863642 1.835197 1.141737 0.689740 0.404826 0.231064 0.128482 0.069833 0.037343 0.019895 0.010807 0.006214 0.003960 0.002885 0.002388 0.002163 0.002065 0.002023 0.002006 0.001999 0.001996 0.001994 0.001993 0.001991 0.001989 0.001984 0.001975 0.001961 0.001939 0.001905 0.001854 0.001781 0.001680 0.001545 0.001373 0.001162 0.000912 0.000629 0.000321 0.000000 
50.000000 42.421271 35.115878 28.327609 22.246473 16.993774 12.618206 9.102276 6.376326 4.336464 2.862668 1.834202 1.140727 0.688721 0.403802 0.230036 0.127452 0.068802 0.036311 0.018863 0.009775 0.005181 0.002927 0.001853 0.001355 0.001131 0.001033 0.000991 0.000973 0.000966 0.000963 0.000962 0.000961 0.000960 0.000959 0.000956 0.000952 0.000946 0.000935 0.000918 0.000893 0.000858 0.000809 0.000744 0.000660 0.000558 0.000438 0.000302 0.000154 0.000000 
50.000000 42.421211 35.115759 28.327435 22.246251 16.993509 12.617907 9.101949 6.375977 4.336099 2.862291 1.833817 1.140337 0.688327 0.403405 0.229638 0.127054 0.068403 0.035912 0.018464 0.009375 0.004782 0.002528 0.001453 0.000955 0.000731 0.000633 0.000591 0.000574 0.000567 0.000564 0.000563 0.000562 0.000561 0.000561 0.000559 0.000557 0.000553 0.000546 0.000536 0.000522 0.000501 0.000472 0.000434 0.000385 0.000326 0.000255 0.000176 0.000090 0.000000 
50.000000 42.421211 35.115759 28.327435 22.246251 16.993509 12.617907 9.101949 6.375977 4.336099 2.862291 1.833817 1.140337 0.688327 0.403405 0.229638 0.127054 0.068403 0.035912 0.018464 0.009375 0.004782 0.002528 0.001453 0.000955 0.000731 0.000633 0.000591 0.000574 0.000567 0.000564 0.000563 0.000562 0.000561 0.000561 0.000559 0.000557 0.000553 0.000546 0.000536 0.000522 0.000501 0.000472 0.000434 0.000385 0.000326 0.000255 0.000176 0.000090 0.000000 
50.000000 42.421271 35.115878 28.327609 22.246473 16.993774 12.618206 9.102276 6.376326 4.336464 2.862668 1.834202 1.140727 0.688721 0.403802 0.230036 0.127452 0.068802 0.036311 0.018863 0.009775 0.005181 0.002927 0.001853 0.001355 0.001131 0.001033 0.000991 0.000973 0.000966 0.000963 0.000962 0.000961 0.000960 0.000959 0.000956 0.000952 0.000946 0.000935 0.000918 0.000893 0.000858 0.000809 0.000744 0.000660 0.000558 0.000438 0.000302 0.000154 0.000000 
50.000000 42.421428 35.116187 28.328058 22.247048 16.994457 12.618980 9.103122 6.377228 4.337408 2.863642 1.835197 1.141737 0.689740 0.404826 0.231064 0.128482 0.069833 0.037343 0.019895 0.010807 0.006214 0.003960 0.002885 0.002388 0.002163 0.002065 0.002023 0.002006 0.001999 0.001996 0.001994 0.001993 0.001991 0.001989 0.001984 0.001975 0.001961 0.001939 0.001905 0.001854 0.001781 0.001680 0.001545 0.001373 0.001162 0.000912 0.000629 0.000321 0.000000 
50.000000 42.421768 35.116854 28.329029 22.248292 16.995936 12.620655 9.104954 6.379182 4.339453 2.865752 1.837353 1.143923 0.691946 0.407045 0.233290 0.130714 0.072067 0.039579 0.022131 0.013044 0.008450 0.006196 0.005122 0.004624 0.004400 0.004302 0.004260 0.004243 0.004235 0.004232 0.004230 0.004228 0.004225 0.004219 0.004209 0.004192 0.004163 0.004117 0.004045 0.003938 0.003784 0.003571 0.003287 0.002922 0.002473 0.001942 0.001340 0.000684 0.000000 
50.000000 42.422465 35.118222 28.331022 22.250843 16.998969 12.624089 9.108710 6.383188 4.343645 2.870079 1.841773 1.148407 0.696471 0.411595 0.237856 0.135289 0.076648 0.044162 0.026716 0.017630 0.013037 0.010783 0.009709 0.009211 0.008987 0.008888 0.008847 0.008829 0.008821 0.008818 0.008815 0.008811 0.008805 0.008793 0.008773 0.008737 0.008678 0.008584 0.008437 0.008216 0.007899 0.007457 0.006867 0.006109 0.005173 0.004064 0.002804 0.001432 0.000000 
50.000000 42.423845 35.120933 28.334967 22.255895 17.004976 12.630891 9.116151 6.391122 4.351949 2.878649 1.850529 1.157288 0.705433 0.420609 0.246901 0.144352 0.085721 0.053241 0.035799 0.026714 0.022122 0.019868 0.018794 0.018296 0.018072 0.017974 0.017932 0.017914 0.017906 0.017902 0.017898 0.017891 0.017878 0.017855 0.017815 0.017744 0.017627 0.017439 0.017145 0.016704 0.016065 0.015176 0.013984 0.012447 0.010547 0.008291 0.005723 0.002924 0.000000 
50.000000 42.426495 35.126136 28.342543 22.265595 17.016510 12.643951 9.130437 6.406358 4.367894 2.895106 1.867343 1.174342 0.722644 0.437918 0.264270 0.161756 0.103146 0.070677 0.053240 0.044158 0.039568 0.037315 0.036241 0.035744 0.035520 0.035421 0.035379 0.035361 0.035353 0.035347 0.035339 0.035327 0.035303 0.035259 0.035181 0.035047 0.034821 0.034457 0.033887 0.033030 0.031784 0.030044 0.027702 0.024677 0.020924 0.016459 0.011368 0.005809 0.000000 
50.000000 42.431428 35.135824 28.356648 22.283655 17.037985 12.668269 9.157037 6.434726 4.397584 2.925751 1.898653 1.206099 0.754693 0.470150 0.296614 0.194166 0.135593 0.103145 0.085720 0.076643 0.072056 0.069805 0.068731 0.068234 0.068010 0.067912 0.067870 0.067851 0.067841 0.067833 0.067820 0.067797 0.067753 0.067673 0.067528 0.067278 0.066857 0.066175 0.065106 0.063489 0.061132 0.057826 0.053363 0.047576 0.040374 0.031782 0.021964 0.011228 0.000000 
50.000000 42.440331 35.153309 28.382105 22.316252 17.076746 12.712162 9.205051 6.485932 4.451177 2.981067 1.955170 1.263425 0.812545 0.528334 0.355000 0.252671 0.194166 0.161756 0.144350 0.135284 0.130702 0.128454 0.127382 0.126885 0.126661 0.126563 0.126520 0.126500 0.126488 0.126476 0.126454 0.126413 0.126336 0.126192 0.125933 0.125483 0.124724 0.123488 0.121543 0.118590 0.114268 0.108177 0.099922 0.089175 0.075751 0.059683 0.041276 0.021110 0.000000 
50.000000 42.455902 35.183886 28.426624 22.373257 17.144532 12.788924 9.289021 6.575488 4.544910 3.077814 2.054019 1.363690 0.913732 0.630101 0.457121 0.355000 0.296614 0.264269 0.246899 0.237852 0.233279 0.231035 0.229965 0.229469 0.229246 0.229147 0.229104 0.229083 0.229068 0.229048 0.229011 0.228942 0.228808 0.228560 0.228113 0.227330 0.226007 0.223841 0.220419 0.215199 0.207522 0.196650 0.181844 0.162476 0.138179 0.108986 0.075438 0.038604 0.000000 
50.000000 42.482271 35.235672 28.502023 22.469804 17.259339 12.918937 9.431246 6.727176 4.703673 3.241686 2.221454 1.533524 1.085129 0.802483 0.630101 0.528334 0.470150 0.437917 0.420607 0.411591 0.407034 0.404797 0.403731 0.403237 0.403014 0.402916 0.402871 0.402848 0.402827 0.402796 0.402737 0.402622 0.402401 0.401989 0.401241 0.399930 0.397701 0.394038 0.388219 0.379296 0.366102 0.347312 0.321577 0.287728 0.245045 0.193525 0.134094 0.068667 0.000000 
50.000000 42.525501 35.320570 28.625634 22.628088 17.447564 13.132093 9.664427 6.975875 4.963979 3.510371 2.495983 1.811991 1.366160 1.085129 0.913732 0.812545 0.754692 0.722643 0.705432 0.696466 0.691935 0.689711 0.688651 0.688160 0.687938 0.687839 0.687793 0.687766 0.687738 0.687691 0.687598 0.687415 0.687063 0.686402 0.685199 0.683080 0.679462 0.673484 0.663935 0.649206 0.627290 0.595876 0.552566 0.495232 0.422484 0.334186 0.231858 0.118832 0.000000 
50.000000 42.594072 35.455235 28.821707 22.879162 17.746134 13.470217 10.034323 7.370393 5.376914 3.936606 2.931492 2.253751 1.811991 1.533524 1.363690 1.263425 1.206099 1.174341 1.157286 1.148402 1.143912 1.141708 1.140658 1.140170 1.139950 1.139851 1.139803 1.139772 1.139733 1.139662 1.139521 1.139242 1.138701 1.137683 1.135824 1.132529 1.126876 1.117481 1.102382 1.078934 1.043795 0.993050 0.922549 0.828495 0.708265 0.561337 0.390088 0.200144 0.000000 
50.000000 42.699260 35.661811 29.122486 23.264317 18.204157 13.988925 10.601779 7.975631 6.010414 4.590516 3.599639 2.931492 2.495983 2.221454 2.054019 1.955170 1.898653 1.867343 1.850528 1.841769 1.837342 1.835169 1.834133 1.833653 1.833435 1.833336 1.833286 1.833248 1.833194 1.833093 1.832887 1.832478 1.831682 1.830178 1.827416 1.822499 1.814012 1.799820 1.776852 1.740917 1.686625 1.607540 1.496667 1.347386 1.154824 0.917515 0.638926 0.328271 0.000000 
50.000000 42.855238 35.968136 29.568503 23.835461 18.883364 14.758133 11.443288 8.873182 6.949889 5.560271 4.590516 3.936606 3.510371 3.241686 3.077814 2.981067 2.925750 2.895105 2.878647 2.870074 2.865741 2.863614 2.862600 2.862129 2.861915 2.861817 2.861764 2.861718 2.861646 2.861506 2.861219 2.860645 2.859524 2.857395 2.853467 2.846436 2.834224 2.813664 2.780135 2.727231 2.646562 2.527872 2.359695 2.130742 1.832120 1.460212 1.019577 0.524804 0.000000 
50.000000 43.078727 36.407048 30.207576 24.653828 19.856582 15.860323 12.649095 10.159308 8.296103 6.949889 6.010414 5.376914 4.963979 4.703673 4.544910 4.451177 4.397584 4.367893 4.351947 4.343641 4.339442 4.337381 4.336399 4.335942 4.335734 4.335637 4.335581 4.335525 4.335433 4.335247 4.334865 4.334096 4.332588 4.329711 4.324377 4.314772 4.297980 4.269497 4.222657 4.148052 4.033093 3.861988 3.616483 3.277776 2.829927 2.264690 1.586954 0.818880 0.000000 
50.000000 43.388020 37.014473 31.092017 25.786412 21.203486 17.385739 14.317934 11.939328 10.159308 8.873182 7.975631 7.370393 6.975875 6.727176 6.575488 6.485932 6.434726 6.406357 6.391121 6.383184 6.379172 6.377203 6.376263 6.375827 6.375627 6.375532 6.375473 6.375408 6.375293 6.375058 6.374574 6.373594 6.371665 6.367966 6.361074 6.348585 6.326599 6.289006 6.226621 6.126215 5.969664 5.733537 5.389698 4.907639 4.259338 3.427036 2.413181 1.249565 0.000000 
50.000000 43.801299 37.826119 32.273822 27.299801 23.003272 19.424081 16.547948 14.317934 12.649095 11.443288 10.601779 10.034323 9.664427 9.431246 9.289021 9.205050 9.157037 9.130436 9.116149 9.108707 9.104944 9.103098 9.102217 9.101807 9.101619 9.101527 9.101466 9.101393 9.101257 9.100976 9.100394 9.099212 9.096873 9.092371 9.083934 9.068551 9.041273 8.994238 8.915416 8.787107 8.584397 8.273974 7.814057 7.156624 6.253556 5.068299 3.593388 1.870187 0.000000 
50.000000 44.334298 38.872889 33.797988 29.251624 25.324481 22.052982 19.424081 17.385739 15.860323 14.758133 13.988925 13.470217 13.132093 12.918937 12.788924 12.712162 12.668269 12.643951 12.630890 12.624086 12.620646 12.618958 12.618152 12.617777 12.617604 12.617517 12.617456 12.617377 12.617225 12.616909 12.616249 12.614907 12.612240 12.607080 12.597360 12.579527 12.547668 12.492257 12.398437 12.243840 11.996042 11.610024 11.026491 10.172669 8.968398 7.341579 5.257009 2.757514 0.000000 
50.000000 44.997561 40.175493 35.694675 31.680506 28.213054 25.324481 23.003272 21.203486 19.856582 18.883364 18.204157 17.746134 17.447564 17.259339 17.144532 17.076746 17.037985 17.016509 17.004975 16.998966 16.995928 16.994437 16.993725 16.993394 16.993240 16.993161 16.993103 16.993022 16.992863 16.992530 16.991833 16.990409 16.987571 16.982056 16.971611 16.952332 16.917639 16.856771 16.752622 16.578806 16.295847 15.846647 15.151812 14.106527 12.582845 10.445130 7.591390 4.033125 0.000000 
50.000000 45.793731 41.739121 37.971440 34.596126 31.680506 29.251624 27.299801 25.786412 24.653828 23.835461 23.264317 22.879162 22.628088 22.469804 22.373257 22.316252 22.283655 22.265594 22.255894 22.250840 22.248285 22.247031 22.246432 22.246153 22.246023 22.245956 22.245903 22.245826 22.245672 22.245349 22.244671 22.243281 22.240501 22.235078 22.224759 22.205603 22.170897 22.109492 22.003340 21.823901 21.527074 21.046245 20.283226 19.097661 17.298063 14.644784 10.891320 5.916501 0.000000 
50.000000 46.715421 43.549266 40.607161 37.971440 35.694675 33.797988 32.273822 31.092017 30.207576 29.568503 29.122486 28.821707 28.625634 28.502023 28.426624 28.382105 28.356648 28.342543 28.334967 28.331020 28.329024 28.328045 28.327577 28.327359 28.327257 28.327203 28.327159 28.327092 28.326959 28.326677 28.326084 28.324866 28.322422 28.317638 28.308499 28.291449 28.260370 28.204971 28.108292 27.942886 27.664981 27.205522 26.456409 25.249545 23.326656 20.303580 15.659120 8.867081 0.000000 
50.000000 47.744247 45.569822 43.549266 41.739121 40.175493 38.872889 37.826119 37.014473 36.407048 35.968136 35.661811 35.455235 35.320570 35.235672 35.183886 35.153309 35.135824 35.126136 35.120932 35.118221 35.116850 35.116178 35.115856 35.115706 35.115636 35.115598 35.115567 35.115518 35.115419 35.115210 35.114768 35.113860 35.112033 35.108448 35.101578 35.088712 35.065147 35.022886 34.948559 34.820094 34.601292 34.232731 33.615880 32.584103 30.847801 27.890146 22.784911 13.999839 0.000000 
50.000000 48.851418 47.744247 46.715421 45.793731 44.997561 44.334298 43.801299 43.388020 43.078727 42.855238 42.699260 42.594072 42.525501 42.482271 42.455902 42.440331 42.431428 42.426495 42.423845 42.422464 42.421766 42.421424 42.421260 42.421184 42.421148 42.421128 42.421112 42.421086 42.421033 42.420921 42.420686 42.420200 42.419221 42.417297 42.413604 42.406669 42.393929 42.370989 42.330434 42.259847 42.138455 41.931112 41.576784 40.964436 39.877229 37.848340 33.744408 24.425709 0.000000 
50.000000 50.000000 50.000000 50.000000 50.000000 50.000000 50.000000 50.000000 50.000000 50.000000 50.000000 50.000000 50.000000 50.000000 50.000000 50.000000 50.000000 50.000000 50.000000 50.000000 50.000000 50.000000 50.000000 50.000000 50.000000 50.000000 50.000000 50.000000 50.000000 50.000000 50.000000 50.000000 50.000000 50.000000 50.000000 50.000000 50.000000 50.000000 50.000000 50.000000 50.000000 50.000000 50.000000 50.000000 50.000000 50.000000 50.000000 50.000000 50.000000 50.000000 
