50.000000 50.000000 50.000000 50.000000 50.000000 50.000000 50.000000 50.000000 50.000000 50.000000 50.000000 50.000000 50.000000 50.000000 50.000000 50.000000 50.000000 50.000000 50.000000 50.000000 50.000000 50.000000 50.000000 50.000000 50.000000 50.000000 50.000000 50.000000 50.000000 50.000000 50.000000 50.000000 50.000000 50.000000 50.000000 50.000000 50.000000 50.000000 50.000000 50.000000 50.000000 50.000000 50.000000 50.000000 50.000000 50.000000 50.000000 50.000000 50.000000 50.000000 
50.000000 47.738747 45.637823 43.823527 42.366109 41.275852 40.515252 40.019592 39.717319 39.544479 39.451628 39.404670 39.382268 39.372166 39.367852 39.366104 39.365431 39.365184 39.365098 39.365069 39.365060 39.365057 39.365056 39.365056 39.365056 39.365056 39.365056 39.365056 39.365056 39.365056 39.365055 39.365054 39.365049 39.365033 39.364984 39.364842 39.364447 39.363389 39.360670 39.353962 39.338047 39.301678 39.221319 39.048665 38.684677 37.921109 36.293363 32.661477 23.869374 0.000000 
50.000000 45.637823 41.584952 38.085039 35.273602 33.170471 31.703282 30.747180 30.164125 29.830742 29.651651 29.561082 29.517876 29.498394 29.490075 29.486704 29.485406 29.484930 29.484764 29.484708 29.484690 29.484685 29.484683 29.484683 29.484683 29.484683 29.484683 29.484683 29.484683 29.484682 29.484681 29.484679 29.484670 29.484642 29.484556 29.484309 29.483619 29.481780 29.477074 29.465525 29.438334 29.376832 29.242928 28.961443 28.387698 27.247783 25.028850 20.792476 12.976347 0.000000 
50.000000 43.823527 38.085039 33.129545 29.148928 26.171246 24.094008 22.740409 21.914980 21.443031 21.189515 21.061314 21.000159 20.972585 20.960811 20.956041 20.954204 20.953530 20.953295 20.953216 20.953191 20.953183 20.953181 20.953180 20.953180 20.953180 20.953180 20.953180 20.953180 20.953179 20.953178 20.953175 20.953164 20.953130 20.953027 20.952729 20.951904 20.949712 20.944139 20.930571 20.898958 20.828437 20.677760 20.369178 19.763044 18.621308 16.564773 13.056189 7.530164 0.000000 
50.000000 42.366109 35.273602 29.148928 24.229243 20.549200 17.982080 16.309323 15.289318 14.706146 14.392902 14.234506 14.158951 14.124887 14.110343 14.104451 14.102182 14.101350 14.101059 14.100962 14.100931 14.100922 14.100919 14.100918 14.100918 14.100918 14.100918 14.100918 14.100918 14.100917 14.100916 14.100913 14.100902 14.100868 14.100767 14.100474 14.099667 14.097536 14.092158 14.079186 14.049314 13.983679 13.846181 13.571812 13.051171 12.114622 10.527620 8.025819 4.444999 0.000000 
50.000000 41.275852 33.170471 26.171246 20.549200 16.343897 13.410473 11.499112 10.333666 9.667378 9.309508 9.128558 9.042251 9.003343 8.986731 8.980002 8.977411 8.976461 8.976129 8.976018 8.975982 8.975971 8.975968 8.975967 8.975967 8.975967 8.975967 8.975967 8.975967 8.975967 8.975966 8.975963 8.975954 8.975925 8.975838 8.975589 8.974906 8.973116 8.968632 8.957920 8.933549 8.880797 8.772349 8.561038 8.171948 7.498029 6.408202 4.782774 2.591176 0.000000 
50.000000 40.515252 31.703282 24.094008 17.982080 13.410473 10.221644 8.143950 6.877141 6.152940 5.763986 5.567331 5.473539 5.431259 5.413209 5.405898 5.403083 5.402051 5.401690 5.401569 5.401531 5.401519 5.401516 5.401515 5.401514 5.401514 5.401514 5.401514 5.401514 5.401514 5.401513 5.401511 5.401504 5.401482 5.401416 5.401228 5.400715 5.399377 5.396052 5.388187 5.370495 5.332736 5.256429 5.110822 4.849435 4.410268 3.724830 2.741839 1.466587 0.000000 
50.000000 40.019592 30.747180 22.740409 16.309323 11.499112 8.143950 5.957956 4.625170 3.863283 3.454110 3.247242 3.148585 3.104114 3.085130 3.077441 3.074481 3.073396 3.073016 3.072889 3.072849 3.072836 3.072833 3.072832 3.072832 3.072831 3.072831 3.072831 3.072831 3.072831 3.072831 3.072829 3.072824 3.072809 3.072764 3.072635 3.072286 3.071382 3.069153 3.063925 3.052292 3.027776 2.978978 2.887520 2.726763 2.463142 2.062649 1.504252 0.798273 0.000000 
50.000000 39.717319 30.164125 21.914980 15.289318 10.333666 6.877141 4.625170 3.252199 2.467370 2.045891 1.832810 1.731194 1.685392 1.665840 1.657922 1.654873 1.653756 1.653365 1.653235 1.653193 1.653180 1.653176 1.653175 1.653175 1.653175 1.653175 1.653175 1.653175 1.653175 1.653175 1.653174 1.653171 1.653161 1.653132 1.653052 1.652835 1.652276 1.650908 1.647726 1.640713 1.626100 1.597394 1.544405 1.452870 1.305638 1.086544 0.787293 0.415641 0.000000 
50.000000 39.544479 29.830742 21.443031 14.706146 9.667378 6.152940 3.863283 2.467370 1.669445 1.240946 1.024322 0.921020 0.874459 0.854584 0.846535 0.843437 0.842301 0.841904 0.841771 0.841729 0.841716 0.841712 0.841711 0.841711 0.841711 0.841710 0.841710 0.841710 0.841710 0.841710 0.841710 0.841708 0.841702 0.841686 0.841640 0.841515 0.841197 0.840421 0.838632 0.834723 0.826657 0.810992 0.782444 0.733829 0.656832 0.544074 0.392408 0.206432 0.000000 
50.000000 39.451628 29.651651 21.189515 14.392902 9.309508 5.763986 3.454110 2.045891 1.240946 0.808684 0.590163 0.485958 0.438991 0.418943 0.410825 0.407699 0.406554 0.406153 0.406019 0.405977 0.405964 0.405960 0.405959 0.405958 0.405958 0.405958 0.405958 0.405958 0.405958 0.405958 0.405958 0.405957 0.405954 0.405945 0.405920 0.405854 0.405685 0.405277 0.404342 0.402314 0.398165 0.390185 0.375799 0.351588 0.313716 0.258944 0.186126 0.097666 0.000000 
50.000000 39.404670 29.561082 21.061314 14.234506 9.128558 5.567331 3.247242 1.832810 1.024322 0.590163 0.370684 0.266025 0.218853 0.198719 0.190565 0.187426 0.186276 0.185874 0.185739 0.185696 0.185683 0.185679 0.185678 0.185678 0.185678 0.185678 0.185678 0.185678 0.185678 0.185678 0.185678 0.185677 0.185676 0.185671 0.185659 0.185626 0.185543 0.185342 0.184885 0.183901 0.181902 0.178089 0.171279 0.159927 0.142348 0.117175 0.084008 0.043999 0.000000 
50.000000 39.382268 29.517876 21.000159 14.158951 9.042251 5.473539 3.148585 1.731194 0.921020 0.485958 0.266025 0.161149 0.113881 0.093705 0.085535 0.082389 0.081236 0.080833 0.080699 0.080656 0.080643 0.080639 0.080638 0.080637 0.080637 0.080637 0.080637 0.080637 0.080637 0.080637 0.080637 0.080637 0.080636 0.080634 0.080628 0.080613 0.080575 0.080482 0.080272 0.079824 0.078918 0.077203 0.074162 0.069136 0.061415 0.050446 0.036096 0.018878 0.000000 
50.000000 39.372166 29.498394 20.972585 14.124887 9.003343 5.431259 3.104114 1.685392 0.874459 0.438991 0.218853 0.113881 0.066569 0.046375 0.038197 0.035048 0.033895 0.033491 0.033357 0.033313 0.033300 0.033296 0.033295 0.033295 0.033295 0.033295 0.033295 0.033295 0.033295 0.033295 0.033295 0.033295 0.033294 0.033294 0.033291 0.033284 0.033268 0.033227 0.033137 0.032944 0.032557 0.031828 0.030544 0.028436 0.025220 0.020681 0.014775 0.007719 0.000000 
50.000000 39.367852 29.490075 20.960811 14.110343 8.986731 5.413209 3.085130 1.665840 0.854584 0.418943 0.198719 0.093705 0.046375 0.026173 0.017991 0.014842 0.013688 0.013284 0.013150 0.013107 0.013093 0.013089 0.013088 0.013088 0.013088 0.013088 0.013088 0.013088 0.013088 0.013088 0.013088 0.013088 0.013088 0.013087 0.013086 0.013084 0.013077 0.013060 0.013023 0.012945 0.012788 0.012495 0.011981 0.011142 0.009869 0.008082 0.005767 0.003010 0.000000 
50.000000 39.366104 29.486704 20.956041 14.104451 8.980002 5.405898 3.077441 1.657922 0.846535 0.410825 0.190565 0.085535 0.038197 0.017991 0.009809 0.006659 0.005505 0.005101 0.004966 0.004923 0.004910 0.004906 0.004905 0.004905 0.004905 0.004905 0.004905 0.004905 0.004905 0.004905 0.004905 0.004905 0.004905 0.004904 0.004904 0.004903 0.004900 0.004894 0.004880 0.004849 0.004789 0.004677 0.004482 0.004164 0.003684 0.003014 0.002148 0.001121 0.000000 
50.000000 39.365431 29.485406 20.954204 14.102182 8.977411 5.403083 3.074481 1.654873 0.843437 0.407699 0.187426 0.082389 0.035048 0.014842 0.006659 0.003509 0.002355 0.001951 0.001816 0.001773 0.001760 0.001756 0.001755 0.001755 0.001755 0.001755 0.001755 0.001755 0.001755 0.001755 0.001755 0.001755 0.001755 0.001755 0.001754 0.001754 0.001753 0.001751 0.001745 0.001734 0.001712 0.001672 0.001601 0.001486 0.001314 0.001074 0.000765 0.000399 0.000000 
50.000000 39.365184 29.484930 20.953530 14.101350 8.976461 5.402051 3.073396 1.653756 0.842301 0.406554 0.186276 0.081236 0.033895 0.013688 0.005505 0.002355 0.001200 0.000796 0.000662 0.000619 0.000605 0.000602 0.000600 0.000600 0.000600 0.000600 0.000600 0.000600 0.000600 0.000600 0.000600 0.000600 0.000600 0.000600 0.000600 0.000600 0.000599 0.000599 0.000597 0.000593 0.000585 0.000571 0.000547 0.000507 0.000448 0.000366 0.000260 0.000136 0.000000 
50.000000 39.365098 29.484764 20.953295 14.101059 8.976129 5.401690 3.073016 1.653365 0.841904 0.406153 0.185874 0.080833 0.033491 0.013284 0.005101 0.001951 0.000796 0.000393 0.000258 0.000215 0.000202 0.000198 0.000197 0.000197 0.000196 0.000196 0.000196 0.000196 0.000196 0.000196 0.000196 0.000196 0.000196 0.000196 0.000196 0.000196 0.000196 0.000196 0.000195 0.000194 0.000191 0.000187 0.000179 0.000166 0.000146 0.000119 0.000085 0.000044 0.000000 
50.000000 39.365069 29.484708 20.953216 14.100962 8.976018 5.401569 3.072889 1.653235 0.841771 0.406019 0.185739 0.080699 0.033357 0.013150 0.004966 0.001816 0.000662 0.000258 0.000123 0.000080 0.000067 0.000063 0.000062 0.000062 0.000062 0.000062 0.000062 0.000062 0.000062 0.000062 0.000062 0.000062 0.000062 0.000062 0.000062 0.000062 0.000062 0.000061 0.000061 0.000061 0.000060 0.000059 0.000056 0.000052 0.000046 0.000037 0.000027 0.000014 0.000000 
50.000000 39.365060 29.484690 20.953191 14.100931 8.975982 5.401531 3.072849 1.653193 0.841729 0.405977 0.185696 0.080656 0.033313 0.013107 0.004923 0.001773 0.000619 0.000215 0.000080 0.000037 0.000024 0.000020 0.000019 0.000019 0.000019 0.000019 0.000019 0.000019 0.000019 0.000019 0.000019 0.000019 0.000019 0.000019 0.000019 0.000019 0.000019 0.000018 0.000018 0.000018 0.000018 0.000018 0.000017 0.000016 0.000014 0.000011 0.000008 0.000004 0.000000 
50.000000 39.365057 29.484685 20.953183 14.100922 8.975971 5.401519 3.072836 1.653180 0.841716 0.405964 0.185683 0.080643 0.033300 0.013093 0.004910 0.001760 0.000605 0.000202 0.000067 0.000024 0.000011 0.000007 0.000006 0.000005 0.000005 0.000005 0.000005 0.000005 0.000005 0.000005 0.000005 0.000005 0.000005 0.000005 0.000005 0.000005 0.000005 0.000005 0.000005 0.000005 0.000005 0.000005 0.000005 0.000005 0.000004 0.000003 0.000002 0.000001 0.000000 
50.000000 39.365056 29.484683 20.953181 14.100919 8.975968 5.401516 3.072833 1.653176 0.841712 0.405960 0.185679 0.080639 0.033296 0.013089 0.004906 0.001756 0.000602 0.000198 0.000063 0.000020 0.000007 0.000003 0.000002 0.000002 0.000002 0.000001 0.000001 0.000001 0.000001 0.000001 0.000001 0.000001 0.000001 0.000001 0.000001 0.000001 0.000001 0.000001 0.000001 0.000001 0.000001 0.000001 0.000001 0.000001 0.000001 0.000001 0.000001 0.000000 0.000000 
50.000000 39.365056 29.484683 20.953180 14.100918 8.975967 5.401515 3.072832 1.653175 0.841711 0.405959 0.185678 0.080638 0.033295 0.013088 0.004905 0.001755 0.000600 0.000197 0.000062 0.000019 0.000006 0.000002 0.000001 0.000001 0.000000 0.000000 0.000000 0.000000 0.000000 0.000000 0.000000 0.000000 0.000000 0.000000 0.000000 0.000000 0.000000 0.000000 0.000000 0.000000 0.000000 0.000000 0.000000 0.000000 0.000000 0.000000 0.000000 0.000000 0.000000 
50.000000 39.365056 29.484683 20.953180 14.100918 8.975967 5.401514 3.072832 1.653175 0.841711 0.405958 0.185678 0.080637 0.033295 0.013088 0.004905 0.001755 0.000600 0.000197 0.000062 0.000019 0.000005 0.000002 0.000001 0.000000 0.000000 0.000000 0.000000 0.000000 0.000000 0.000000 0.000000 0.000000 0.000000 0.000000 0.000000 0.000000 0.000000 0.000000 0.000000 0.000000 0.000000 0.000000 0.000000 0.000000 0.000000 0.000000 0.000000 0.000000 0.000000 
50.000000 39.365056 29.484683 20.953180 14.100918 8.975967 5.401514 3.072832 1.653175 0.841711 0.405958 0.185678 0.080637 0.033295 0.013088 0.004905 0.001755 0.000600 0.000197 0.000062 0.000019 0.000005 0.000002 0.000001 0.000000 0.000000 0.000000 0.000000 0.000000 0.000000 0.000000 0.000000 0.000000 0.000000 0.000000 0.000000 0.000000 0.000000 0.000000 0.000000 0.000000 0.000000 0.000000 0.000000 0.000000 0.000000 0.000000 0.000000 0.000000 0.000000 
50.000000 39.365056 29.484683 20.953180 14.100918 8.975967 5.401515 3.072832 1.653175 0.841711 0.405959 0.185678 0.080638 0.033295 0.013088 0.004905 0.001755 0.000600 0.000197 0.000062 0.000019 0.000006 0.000002 0.000001 0.000001 0.000000 0.000000 0.000000 0.000000 0.000000 0.000000 0.000000 0.000000 0.000000 0.000000 0.000000 0.000000 0.000000 0.000000 0.000000 0.000000 0.000000 0.000000 0.000000 0.000000 0.000000 0.000000 0.000000 0.000000 0.000000 
50.000000 39.365056 29.484683 20.953181 14.100919 8.975968 5.401516 3.072833 1.653176 0.841712 0.405960 0.185679 0.080639 0.033296 0.013089 0.004906 0.001756 0.000602 0.000198 0.000063 0.000020 0.000007 0.000003 0.000002 0.000002 0.000002 0.000001 0.000001 0.000001 0.000001 0.000001 0.000001 0.000001 0.000001 0.000001 0.000001 0.000001 0.000001 0.000001 0.000001 0.000001 0.000001 0.000001 0.000001 0.000001 0.000001 0.000001 0.000001 0.000000 0.000000 
50.000000 39.365057 29.484685 20.953183 14.100922 8.975971 5.401519 3.072836 1.653180 0.841716 0.405964 0.185683 0.080643 0.033300 0.013093 0.004910 0.001760 0.000605 0.000202 0.000067 0.000024 0.000011 0.000007 0.000006 0.000005 0.000005 0.000005 0.000005 0.000005 0.000005 0.000005 0.000005 0.000005 0.000005 0.000005 0.000005 0.000005 0.000005 0.000005 0.000005 0.000005 0.000005 0.000005 0.000005 0.000005 0.000004 0.000003 0.000002 0.000001 0.000000 
50.000000 39.365060 29.484690 20.953191 14.100931 8.975982 5.401531 3.072849 1.653193 0.841729 0.405977 0.185696 0.080656 0.033313 0.013107 0.004923 0.001773 0.000619 0.000215 0.000080 0.000037 0.000024 0.000020 0.000019 0.000019 0.000019 0.000019 0.000019 0.000019 0.000019 0.000019 0.000019 0.000019 0.000019 0.000019 0.000019 0.000019 0.000019 0.000018 0.000018 0.000018 0.000018 0.000018 0.000017 0.000016 0.000014 0.000011 0.000008 0.000004 0.000000 
50.000000 39.365069 29.484708 20.953216 14.100962 8.976018 5.401569 3.072889 1.653235 0.841771 0.406019 0.185739 0.080699 0.033357 0.013150 0.004966 0.001816 0.000662 0.000258 0.000123 0.000080 0.000067 0.000063 0.000062 0.000062 0.000062 0.000062 0.000062 0.000062 0.000062 0.000062 0.000062 0.000062 0.000062 0.000062 0.000062 0.000062 0.000062 0.000061 0.000061 0.000061 0.000060 0.000059 0.000056 0.000052 0.000046 0.000037 0.000027 0.000014 0.000000 
50.000000 39.365098 29.484764 20.953295 14.101059 8.976129 5.401690 3.073016 1.653365 0.841904 0.406153 0.185874 0.080833 0.033491 0.013284 0.005101 0.001951 0.000796 0.000393 0.000258 0.000215 0.000202 0.000198 0.000197 0.000197 0.000196 0.000196 0.000196 0.000196 0.000196 0.000196 0.000196 0.000196 0.000196 0.000196 0.000196 0.000196 0.000196 0.000196 0.000195 0.000194 0.000191 0.000187 0.000179 0.000166 0.000146 0.000119 0.000085 0.000044 0.000000 
50.000000 39.365184 29.484930 20.953530 14.101350 8.976461 5.402051 3.073396 1.653756 0.842301 0.406554 0.186276 0.081236 0.033895 0.013688 0.005505 0.002355 0.001200 0.000796 0.000662 0.000619 0.000605 0.000602 0.000600 0.000600 0.000600 0.000600 0.000600 0.000600 0.000600 0.000600 0.000600 0.000600 0.000600 0.000600 0.000600 0.000600 0.000599 0.000599 0.000597 0.000593 0.000585 0.000571 0.000547 0.000507 0.000448 0.000366 0.000260 0.000136 0.000000 
50.000000 39.365431 29.485406 20.954204 14.102182 8.977411 5.403083 3.074481 1.654873 0.843437 0.407699 0.187426 0.082389 0.035048 0.014842 0.006659 0.003509 0.002355 0.001951 0.001816 0.001773 0.001760 0.001756 0.001755 0.001755 0.001755 0.001755 0.001755 0.001755 0.001755 0.001755 0.001755 0.001755 0.001755 0.001755 0.001754 0.001754 0.001753 0.001751 0.001745 0.001734 0.001712 0.001672 0.001601 0.001486 0.001314 0.001074 0.000765 0.000399 0.000000 
50.000000 39.366104 29.486704 20.956041 14.104451 8.980002 5.405898 3.077441 1.657922 0.846535 0.410825 0.190565 0.085535 0.038197 0.017991 0.009809 0.006659 0.005505 0.005101 0.004966 0.004923 0.004910 0.004906 0.004905 0.004905 0.004905 0.004905 0.004905 0.004905 0.004905 0.004905 0.004905 0.004905 0.004905 0.004904 0.004904 0.004903 0.004900 0.004894 0.004880 0.004849 0.004789 0.004677 0.004482 0.004164 0.003684 0.003014 0.002148 0.001121 0.000000 
50.000000 39.367852 29.490075 20.960811 14.110343 8.986731 5.413209 3.085130 1.665840 0.854584 0.418943 0.198719 0.093705 0.046375 0.026173 0.017991 0.014842 0.013688 0.013284 0.013150 0.013107 0.013093 0.013089 0.013088 0.013088 0.013088 0.013088 0.013088 0.013088 0.013088 0.013088 0.013088 0.013088 0.013088 0.013087 0.013086 0.013084 0.013077 0.013060 0.013023 0.012945 0.012788 0.012495 0.011981 0.011142 0.009869 0.008082 0.005767 0.003010 0.000000 
50.000000 39.372166 29.498394 20.972585 14.124887 9.003343 5.431259 3.104114 1.685392 0.874459 0.438991 0.218853 0.113881 0.066569 0.046375 0.038197 0.035048 0.033895 0.033491 0.033357 0.033313 0.033300 0.033296 0.033295 0.033295 0.033295 0.033295 0.033295 0.033295 0.033295 0.033295 0.033295 0.033295 0.033294 0.033294 0.033291 0.033284 0.033268 0.033227 0.033137 0.032944 0.032557 0.031828 0.030544 0.028436 0.025220 0.020681 0.014775 0.007719 0.000000 
50.000000 39.382268 29.517876 21.000159 14.158951 9.042251 5.473539 3.148585 1.731194 0.921020 0.485958 0.266025 0.161149 0.113881 0.093705 0.085535 0.082389 0.081236 0.080833 0.080699 0.080656 0.080643 0.080639 0.080638 0.080637 0.080637 0.080637 0.080637 0.080637 0.080637 0.080637 0.080637 0.080637 0.080636 0.080634 0.080628 0.080613 0.080575 0.080482 0.080272 0.079824 0.078918 0.077203 0.074162 0.069136 0.061415 0.050446 0.036096 0.018878 0.000000 
50.000000 39.404670 29.561082 21.061314 14.234506 9.128558 5.567331 3.247242 1.832810 1.024322 0.590163 0.370684 0.266025 0.218853 0.198719 0.190565 0.187426 0.186276 0.185874 0.185739 0.185696 0.185683 0.185679 0.185678 0.185678 0.185678 0.185678 0.185678 0.185678 0.185678 0.185678 0.185678 0.185677 0.185676 0.185671 0.185659 0.185626 0.185543 0.185342 0.184885 0.183901 0.181902 0.178089 0.171279 0.159927 0.142348 0.117175 0.084008 0.043999 0.000000 
50.000000 39.451628 29.651651 21.189515 14.392902 9.309508 5.763986 3.454110 2.045891 1.240946 0.808684 0.590163 0.485958 0.438991 0.418943 0.410825 0.407699 0.406554 0.406153 0.406019 0.405977 0.405964 0.405960 0.405959 0.405958 0.405958 0.405958 0.405958 0.405958 0.405958 0.405958 0.405958 0.405957 0.405954 0.405945 0.405920 0.405854 0.405685 0.405277 0.404342 0.402314 0.398165 0.390185 0.375799 0.351588 0.313716 0.258944 0.186126 0.097666 0.000000 
50.000000 39.544479 29.830742 21.443031 14.706146 9.667378 6.152940 3.863283 2.467370 1.669445 1.240946 1.024322 0.921020 0.874459 0.854584 0.846535 0.843437 0.842301 0.841904 0.841771 0.841729 0.841716 0.841712 0.841711 0.841711 0.841711 0.841710 0.841710 0.841710 0.841710 0.841710 0.841710 0.841708 0.841702 0.841686 0.841640 0.841515 0.841197 0.840421 0.838632 0.834723 0.826657 0.810992 0.782444 0.733829 0.656832 0.544074 0.392408 0.206432 0.000000 
50.000000 39.717319 30.164125 21.914980 15.289318 10.333666 6.877141 4.625170 3.252199 2.467370 2.045891 1.832810 1.731194 1.685392 1.665840 1.657922 1.654873 1.653756 1.653365 1.653235 1.653193 1.653180 1.653176 1.653175 1.653175 1.653175 1.653175 1.653175 1.653175 1.653175 1.653175 1.653174 1.653171 1.653161 1.653132 1.653052 1.652835 1.652276 1.650908 1.647726 1.640713 1.626100 1.597394 1.544405 1.452870 1.305638 1.086544 0.787293 0.415641 0.000000 
50.000000 40.019592 30.747180 22.740409 16.309323 11.499112 8.143950 5.957956 4.625170 3.863283 3.454110 3.247242 3.148585 3.104114 3.085130 3.077441 3.074481 3.073396 3.073016 3.072889 3.072849 3.072836 3.072833 3.072832 3.072832 3.072831 3.072831 3.072831 3.072831 3.072831 3.072831 3.072829 3.072824 3.072809 3.072764 3.072635 3.072286 3.071382 3.069153 3.063925 3.052292 3.027776 2.978978 2.887520 2.726763 2.463142 2.062649 1.504252 0.798273 0.000000 
50.000000 40.515252 31.703282 24.094008 17.982080 13.410473 10.221644 8.143950 6.877141 6.152940 5.763986 5.567331 5.473539 5.431259 5.413209 5.405898 5.403083 5.402051 5.401690 5.401569 5.401531 5.401519 5.401516 5.401515 5.401514 5.401514 5.401514 5.401514 5.401514 5.401514 5.401513 5.401511 5.401504 5.401482 5.401416 5.401228 5.400715 5.399377 5.396052 5.388187 5.370495 5.332736 5.256429 5.110822 4.849435 4.410268 3.724830 2.741839 1.466587 0.000000 
50.000000 41.275852 33.170471 26.171246 20.549200 16.343897 13.410473 11.499112 10.333666 9.667378 9.309508 9.128558 9.042251 9.003343 8.986731 8.980002 8.977411 8.976461 8.976129 8.976018 8.975982 8.975971 8.975968 8.975967 8.975967 8.975967 8.975967 8.975967 8.975967 8.975967 8.975966 8.975963 8.975954 8.975925 8.975838 8.975589 8.974906 8.973116 8.968632 8.957920 8.933549 8.880797 8.772349 8.561038 8.171948 7.498029 6.408202 4.782774 2.591176 0.000000 
50.000000 42.366109 35.273602 29.148928 24.229243 20.549200 17.982080 16.309323 15.289318 14.706146 14.392902 14.234506 14.158951 14.124887 14.110343 14.104451 14.102182 14.101350 14.101059 14.100962 14.100931 14.100922 14.100919 14.100918 14.100918 14.100918 14.100918 14.100918 14.100918 14.100917 14.100916 14.100913 14.100902 14.100868 14.100767 14.100474 14.099667 14.097536 14.092158 14.079186 14.049314 13.983679 13.846181 13.571812 13.051171 12.114622 10.527620 8.025819 4.444999 0.000000 
50.000000 43.823527 38.085039 33.129545 29.148928 26.171246 24.094008 22.740409 21.914980 21.443031 21.189515 21.061314 21.000159 20.972585 20.960811 20.956041 20.954204 20.953530 20.953295 20.953216 20.953191 20.953183 20.953181 20.953180 20.953180 20.953180 20.953180 20.953180 20.953180 20.953179 20.953178 20.953175 20.953164 20.953130 20.953027 20.952729 20.951904 20.949712 20.944139 20.930571 20.898958 20.828437 20.677760 20.369178 19.763044 18.621308 16.564773 13.056189 7.530164 0.000000 
50.000000 45.637823 41.584952 38.085039 35.273602 33.170471 31.703282 30.747180 30.164125 29.830742 29.651651 29.561082 29.517876 29.498394 29.490075 29.486704 29.485406 29.484930 29.484764 29.484708 29.484690 29.484685 29.484683 29.484683 29.484683 29.484683 29.484683 29.484683 29.484683 29.484682 29.484681 29.484679 29.484670 29.484642 29.484556 29.484309 29.483619 29.481780 29.477074 29.465525 29.438334 29.376832 29.242928 28.961443 28.387698 27.247783 25.028850 20.792476 12.976347 0.000000 
50.000000 47.738747 45.637823 43.823527 42.366109 41.275852 40.515252 40.019592 39.717319 39.544479 39.451628 39.404670 39.382268 39.372166 39.367852 39.366104 39.365431 39.365184 39.365098 39.365069 39.365060 39.365057 39.365056 39.365056 39.365056 39.365056 39.365056 39.365056 39.365056 39.365056 39.365055 39.365054 39.365049 39.365033 39.364984 39.364842 39.364447 39.363389 39.360670 39.353962 39.338047 39.301678 39.221319 39.048665 38.684677 37.921109 36.293363 32.661477 23.869374 0.000000 
50.000000 50.000000 50.000000 50.000000 50.000000 50.000000 50.000000 50.000000 50.000000 50.000000 50.000000 50.000000 50.000000 50.000000 50.000000 50.000000 50.000000 50.000000 50.000000 50.000000 50.000000 50.000000 50.000000 50.000000 50.000000 50.000000 50.000000 50.000000 50.000000 50.000000 50.000000 50.000000 50.000000 50.000000 50.000000 50.000000 50.000000 50.000000 50.000000 50.000000 50.000000 50.000000 50.000000 50.000000 50.000000 50.000000 50.000000 50.000000 50.000000 50.000000 
