50.000000 50.000000 50.000000 50.000000 50.000000 50.000000 50.000000 50.000000 50.000000 50.000000 50.000000 50.000000 50.000000 50.000000 50.000000 50.000000 50.000000 50.000000 50.000000 50.000000 50.000000 50.000000 50.000000 50.000000 50.000000 50.000000 50.000000 50.000000 50.000000 50.000000 50.000000 50.000000 50.000000 50.000000 50.000000 50.000000 50.000000 50.000000 50.000000 50.000000 50.000000 50.000000 50.000000 50.000000 50.000000 50.000000 50.000000 50.000000 50.000000 50.000000 
50.000000 46.944990 44.182342 41.920763 40.241401 39.107108 38.407922 38.013168 37.808252 37.710078 37.666506 37.648526 37.641604 37.639110 37.638267 37.637998 37.637917 37.637894 37.637888 37.637887 37.637886 37.637886 37.637886 37.637886 37.637886 37.637886 37.637886 37.637886 37.637886 37.637886 37.637886 37.637886 37.637886 37.637884 37.637880 37.637862 37.637799 37.637588 37.636915 37.634877 37.629005 37.612915 37.570893 37.465854 37.212751 36.617710 35.226584 31.900755 23.472495 0.000000 
50.000000 44.182342 38.921483 34.614882 31.417057 29.257224 27.925948 27.174359 26.784234 26.597339 26.514395 26.480171 26.466997 26.462250 26.460645 26.460134 26.459980 26.459936 26.459924 26.459921 26.459921 26.459920 26.459920 26.459920 26.459920 26.459920 26.459920 26.459920 26.459920 26.459920 26.459920 26.459920 26.459920 26.459918 26.459910 26.459880 26.459775 26.459426 26.458316 26.454971 26.445410 26.419493 26.352827 26.189877 25.810448 24.965760 23.161225 19.460741 12.281587 0.000000 
50.000000 41.920763 34.614882 28.634374 24.193790 21.194750 19.346323 18.302849 17.761260 17.501827 17.386702 17.339205 17.320923 17.314337 17.312110 17.311401 17.311188 17.311127 17.311111 17.311107 17.311106 17.311105 17.311105 17.311105 17.311105 17.311105 17.311105 17.311105 17.311105 17.311105 17.311105 17.311105 17.311104 17.311102 17.311093 17.311060 17.310944 17.310558 17.309340 17.305699 17.295400 17.267863 17.198342 17.032730 16.660815 15.874733 14.317187 11.453658 6.694180 0.000000 
50.000000 40.241401 31.417057 24.193790 18.830702 15.208855 12.976734 11.716764 11.062870 10.749674 10.610707 10.553379 10.531317 10.523370 10.520683 10.519827 10.519570 10.519497 10.519478 10.519472 10.519471 10.519471 10.519471 10.519471 10.519471 10.519471 10.519471 10.519471 10.519471 10.519471 10.519471 10.519471 10.519470 10.519468 10.519460 10.519431 10.519328 10.518989 10.517928 10.514782 10.505985 10.482804 10.425374 10.291918 10.001930 9.415351 8.319056 6.451297 3.623691 0.000000 
50.000000 39.107108 29.257224 21.194750 15.208855 11.166655 8.675654 7.269672 6.540069 6.190646 6.035622 5.971678 5.947072 5.938210 5.935214 5.934260 5.933973 5.933892 5.933870 5.933864 5.933863 5.933863 5.933862 5.933862 5.933862 5.933862 5.933862 5.933862 5.933862 5.933862 5.933862 5.933862 5.933862 5.933860 5.933854 5.933832 5.933756 5.933504 5.932723 5.930427 5.924079 5.907582 5.867423 5.776150 5.583328 5.206926 4.533935 3.446776 1.894357 0.000000 
50.000000 38.407922 27.925948 19.346323 12.976734 8.675654 6.025286 4.529459 3.753297 3.381608 3.216720 3.148714 3.122548 3.113125 3.109940 3.108926 3.108621 3.108535 3.108511 3.108505 3.108504 3.108503 3.108503 3.108503 3.108503 3.108503 3.108503 3.108503 3.108503 3.108503 3.108503 3.108503 3.108503 3.108502 3.108498 3.108484 3.108434 3.108271 3.107770 3.106309 3.102311 3.092052 3.067465 3.012643 2.899504 2.684816 2.313594 1.736070 0.942067 0.000000 
50.000000 38.013168 27.174359 18.302849 11.716764 7.269672 4.529459 2.983011 2.180631 1.796412 1.625978 1.555690 1.528647 1.518910 1.515618 1.514571 1.514256 1.514167 1.514143 1.514136 1.514135 1.514135 1.514134 1.514134 1.514134 1.514134 1.514134 1.514134 1.514134 1.514134 1.514134 1.514134 1.514134 1.514134 1.514131 1.514123 1.514094 1.514001 1.513715 1.512888 1.510646 1.504957 1.491506 1.461995 1.402249 1.291390 1.104507 0.821532 0.442274 0.000000 
50.000000 37.808252 26.784234 17.761260 11.062870 6.540069 3.753297 2.180631 1.364681 0.973981 0.800681 0.729215 0.701720 0.691821 0.688474 0.687410 0.687090 0.686999 0.686974 0.686968 0.686967 0.686966 0.686966 0.686966 0.686966 0.686966 0.686966 0.686966 0.686966 0.686966 0.686966 0.686966 0.686966 0.686966 0.686964 0.686960 0.686945 0.686897 0.686750 0.686328 0.685192 0.682340 0.675674 0.661245 0.632487 0.580066 0.493396 0.364741 0.195337 0.000000 
50.000000 37.710078 26.597339 17.501827 10.749674 6.190646 3.381608 1.796412 0.973981 0.580190 0.405523 0.333495 0.305786 0.295809 0.292437 0.291364 0.291042 0.290950 0.290925 0.290919 0.290918 0.290917 0.290917 0.290917 0.290917 0.290917 0.290917 0.290917 0.290917 0.290917 0.290917 0.290917 0.290917 0.290917 0.290916 0.290914 0.290907 0.290884 0.290816 0.290619 0.290095 0.288789 0.285766 0.279297 0.266567 0.243689 0.206428 0.151929 0.081073 0.000000 
50.000000 37.666506 26.514395 17.386702 10.610707 6.035622 3.216720 1.625978 0.800681 0.405523 0.230253 0.157977 0.130173 0.120163 0.116779 0.115702 0.115379 0.115287 0.115262 0.115256 0.115254 0.115254 0.115254 0.115254 0.115254 0.115254 0.115254 0.115254 0.115254 0.115254 0.115254 0.115254 0.115254 0.115254 0.115254 0.115253 0.115250 0.115240 0.115210 0.115126 0.114904 0.114353 0.113090 0.110411 0.105194 0.095925 0.081003 0.059424 0.031629 0.000000 
50.000000 37.648526 26.480171 17.339205 10.553379 5.971678 3.148714 1.555690 0.729215 0.333495 0.157977 0.085600 0.057758 0.047733 0.044345 0.043267 0.042943 0.042851 0.042826 0.042820 0.042818 0.042818 0.042818 0.042818 0.042818 0.042818 0.042818 0.042818 0.042818 0.042818 0.042818 0.042818 0.042818 0.042818 0.042817 0.042817 0.042816 0.042812 0.042800 0.042767 0.042680 0.042465 0.041975 0.040944 0.038955 0.035452 0.029865 0.021855 0.011611 0.000000 
50.000000 37.641604 26.466997 17.320923 10.531317 5.947072 3.122548 1.528647 0.701720 0.305786 0.130173 0.057758 0.029900 0.019870 0.016480 0.015401 0.015077 0.014985 0.014960 0.014954 0.014953 0.014952 0.014952 0.014952 0.014952 0.014952 0.014952 0.014952 0.014952 0.014952 0.014952 0.014952 0.014952 0.014952 0.014952 0.014952 0.014951 0.014950 0.014946 0.014934 0.014902 0.014823 0.014646 0.014276 0.013567 0.012328 0.010365 0.007571 0.004016 0.000000 
50.000000 37.639110 26.462250 17.314337 10.523370 5.938210 3.113125 1.518910 0.691821 0.295809 0.120163 0.047733 0.019870 0.009838 0.006448 0.005369 0.005045 0.004953 0.004928 0.004921 0.004920 0.004920 0.004919 0.004919 0.004919 0.004919 0.004919 0.004919 0.004919 0.004919 0.004919 0.004919 0.004919 0.004919 0.004919 0.004919 0.004919 0.004919 0.004917 0.004913 0.004902 0.004876 0.004816 0.004691 0.004454 0.004042 0.003393 0.002475 0.001311 0.000000 
50.000000 37.638267 26.460645 17.312110 10.520683 5.935214 3.109940 1.515618 0.688474 0.292437 0.116779 0.044345 0.016480 0.006448 0.003057 0.001978 0.001654 0.001562 0.001537 0.001530 0.001529 0.001529 0.001528 0.001528 0.001528 0.001528 0.001528 0.001528 0.001528 0.001528 0.001528 0.001528 0.001528 0.001528 0.001528 0.001528 0.001528 0.001528 0.001528 0.001526 0.001523 0.001514 0.001495 0.001456 0.001381 0.001252 0.001050 0.000765 0.000405 0.000000 
50.000000 37.637998 26.460134 17.311401 10.519827 5.934260 3.108926 1.514571 0.687410 0.291364 0.115702 0.043267 0.015401 0.005369 0.001978 0.000899 0.000575 0.000483 0.000458 0.000451 0.000450 0.000450 0.000449 0.000449 0.000449 0.000449 0.000449 0.000449 0.000449 0.000449 0.000449 0.000449 0.000449 0.000449 0.000449 0.000449 0.000449 0.000449 0.000449 0.000449 0.000448 0.000445 0.000439 0.000428 0.000406 0.000367 0.000308 0.000224 0.000118 0.000000 
50.000000 37.637917 26.459980 17.311188 10.519570 5.933973 3.108621 1.514256 0.687090 0.291042 0.115379 0.042943 0.015077 0.005045 0.001654 0.000575 0.000251 0.000159 0.000134 0.000127 0.000126 0.000125 0.000125 0.000125 0.000125 0.000125 0.000125 0.000125 0.000125 0.000125 0.000125 0.000125 0.000125 0.000125 0.000125 0.000125 0.000125 0.000125 0.000125 0.000125 0.000125 0.000124 0.000123 0.000119 0.000113 0.000102 0.000086 0.000062 0.000033 0.000000 
50.000000 37.637894 26.459936 17.311127 10.519497 5.933892 3.108535 1.514167 0.686999 0.290950 0.115287 0.042851 0.014985 0.004953 0.001562 0.000483 0.000159 0.000066 0.000042 0.000035 0.000034 0.000033 0.000033 0.000033 0.000033 0.000033 0.000033 0.000033 0.000033 0.000033 0.000033 0.000033 0.000033 0.000033 0.000033 0.000033 0.000033 0.000033 0.000033 0.000033 0.000033 0.000033 0.000032 0.000032 0.000030 0.000027 0.000023 0.000016 0.000009 0.000000 
50.000000 37.637888 26.459924 17.311111 10.519478 5.933870 3.108511 1.514143 0.686974 0.290925 0.115262 0.042826 0.014960 0.004928 0.001537 0.000458 0.000134 0.000042 0.000017 0.000010 0.000009 0.000008 0.000008 0.000008 0.000008 0.000008 0.000008 0.000008 0.000008 0.000008 0.000008 0.000008 0.000008 0.000008 0.000008 0.000008 0.000008 0.000008 0.000008 0.000008 0.000008 0.000008 0.000008 0.000008 0.000008 0.000007 0.000006 0.000004 0.000002 0.000000 
50.000000 37.637887 26.459921 17.311107 10.519472 5.933864 3.108505 1.514136 0.686968 0.290919 0.115256 0.042820 0.014954 0.004921 0.001530 0.000451 0.000127 0.000035 0.000010 0.000004 0.000002 0.000002 0.000002 0.000002 0.000002 0.000002 0.000002 0.000002 0.000002 0.000002 0.000002 0.000002 0.000002 0.000002 0.000002 0.000002 0.000002 0.000002 0.000002 0.000002 0.000002 0.000002 0.000002 0.000002 0.000002 0.000002 0.000001 0.000001 0.000001 0.000000 
50.000000 37.637886 26.459921 17.311106 10.519471 5.933863 3.108504 1.514135 0.686967 0.290918 0.115254 0.042818 0.014953 0.004920 0.001529 0.000450 0.000126 0.000034 0.000009 0.000002 0.000001 0.000001 0.000000 0.000000 0.000000 0.000000 0.000000 0.000000 0.000000 0.000000 0.000000 0.000000 0.000000 0.000000 0.000000 0.000000 0.000000 0.000000 0.000000 0.000000 0.000000 0.000000 0.000000 0.000000 0.000000 0.000000 0.000000 0.000000 0.000000 0.000000 
50.000000 37.637886 26.459920 17.311105 10.519471 5.933863 3.108503 1.514135 0.686966 0.290917 0.115254 0.042818 0.014952 0.004920 0.001529 0.000450 0.000125 0.000033 0.000008 0.000002 0.000001 0.000000 0.000000 0.000000 0.000000 0.000000 0.000000 0.000000 0.000000 0.000000 0.000000 0.000000 0.000000 0.000000 0.000000 0.000000 0.000000 0.000000 0.000000 0.000000 0.000000 0.000000 0.000000 0.000000 0.000000 0.000000 0.000000 0.000000 0.000000 0.000000 
50.000000 37.637886 26.459920 17.311105 10.519471 5.933862 3.108503 1.514134 0.686966 0.290917 0.115254 0.042818 0.014952 0.004919 0.001528 0.000449 0.000125 0.000033 0.000008 0.000002 0.000000 0.000000 0.000000 0.000000 0.000000 0.000000 0.000000 0.000000 0.000000 0.000000 0.000000 0.000000 0.000000 0.000000 0.000000 0.000000 0.000000 0.000000 0.000000 0.000000 0.000000 0.000000 0.000000 0.000000 0.000000 0.000000 0.000000 0.000000 0.000000 0.000000 
50.000000 37.637886 26.459920 17.311105 10.519471 5.933862 3.108503 1.514134 0.686966 0.290917 0.115254 0.042818 0.014952 0.004919 0.001528 0.000449 0.000125 0.000033 0.000008 0.000002 0.000000 0.000000 0.000000 0.000000 0.000000 0.000000 0.000000 0.000000 0.000000 0.000000 0.000000 0.000000 0.000000 0.000000 0.000000 0.000000 0.000000 0.000000 0.000000 0.000000 0.000000 0.000000 0.000000 0.000000 0.000000 0.000000 0.000000 0.000000 0.000000 0.000000 
50.000000 37.637886 26.459920 17.311105 10.519471 5.933862 3.108503 1.514134 0.686966 0.290917 0.115254 0.042818 0.014952 0.004919 0.001528 0.000449 0.000125 0.000033 0.000008 0.000002 0.000000 0.000000 0.000000 0.000000 0.000000 0.000000 0.000000 0.000000 0.000000 0.000000 0.000000 0.000000 0.000000 0.000000 0.000000 0.000000 0.000000 0.000000 0.000000 0.000000 0.000000 0.000000 0.000000 0.000000 0.000000 0.000000 0.000000 0.000000 0.000000 0.000000 
50.000000 37.637886 26.459920 17.311105 10.519471 5.933862 3.108503 1.514134 0.686966 0.290917 0.115254 0.042818 0.014952 0.004919 0.001528 0.000449 0.000125 0.000033 0.000008 0.000002 0.000000 0.000000 0.000000 0.000000 0.000000 0.000000 0.000000 0.000000 0.000000 0.000000 0.000000 0.000000 0.000000 0.000000 0.000000 0.000000 0.000000 0.000000 0.000000 0.000000 0.000000 0.000000 0.000000 0.000000 0.000000 0.000000 0.000000 0.000000 0.000000 0.000000 
50.000000 37.637886 26.459920 17.311105 10.519471 5.933862 3.108503 1.514134 0.686966 0.290917 0.115254 0.042818 0.014952 0.004919 0.001528 0.000449 0.000125 0.000033 0.000008 0.000002 0.000000 0.000000 0.000000 0.000000 0.000000 0.000000 0.000000 0.000000 0.000000 0.000000 0.000000 0.000000 0.000000 0.000000 0.000000 0.000000 0.000000 0.000000 0.000000 0.000000 0.000000 0.000000 0.000000 0.000000 0.000000 0.000000 0.000000 0.000000 0.000000 0.000000 
50.000000 37.637886 26.459920 17.311105 10.519471 5.933862 3.108503 1.514134 0.686966 0.290917 0.115254 0.042818 0.014952 0.004919 0.001528 0.000449 0.000125 0.000033 0.000008 0.000002 0.000000 0.000000 0.000000 0.000000 0.000000 0.000000 0.000000 0.000000 0.000000 0.000000 0.000000 0.000000 0.000000 0.000000 0.000000 0.000000 0.000000 0.000000 0.000000 0.000000 0.000000 0.000000 0.000000 0.000000 0.000000 0.000000 0.000000 0.000000 0.000000 0.000000 
50.000000 37.637886 26.459920 17.311105 10.519471 5.933863 3.108503 1.514135 0.686966 0.290917 0.115254 0.042818 0.014952 0.004920 0.001529 0.000450 0.000125 0.000033 0.000008 0.000002 0.000001 0.000000 0.000000 0.000000 0.000000 0.000000 0.000000 0.000000 0.000000 0.000000 0.000000 0.000000 0.000000 0.000000 0.000000 0.000000 0.000000 0.000000 0.000000 0.000000 0.000000 0.000000 0.000000 0.000000 0.000000 0.000000 0.000000 0.000000 0.000000 0.000000 
50.000000 37.637886 26.459921 17.311106 10.519471 5.933863 3.108504 1.514135 0.686967 0.290918 0.115254 0.042818 0.014953 0.004920 0.001529 0.000450 0.000126 0.000034 0.000009 0.000002 0.000001 0.000001 0.000000 0.000000 0.000000 0.000000 0.000000 0.000000 0.000000 0.000000 0.000000 0.000000 0.000000 0.000000 0.000000 0.000000 0.000000 0.000000 0.000000 0.000000 0.000000 0.000000 0.000000 0.000000 0.000000 0.000000 0.000000 0.000000 0.000000 0.000000 
50.000000 37.637887 26.459921 17.311107 10.519472 5.933864 3.108505 1.514136 0.686968 0.290919 0.115256 0.042820 0.014954 0.004921 0.001530 0.000451 0.000127 0.000035 0.000010 0.000004 0.000002 0.000002 0.000002 0.000002 0.000002 0.000002 0.000002 0.000002 0.000002 0.000002 0.000002 0.000002 0.000002 0.000002 0.000002 0.000002 0.000002 0.000002 0.000002 0.000002 0.000002 0.000002 0.000002 0.000002 0.000002 0.000002 0.000001 0.000001 0.000001 0.000000 
50.000000 37.637888 26.459924 17.311111 10.519478 5.933870 3.108511 1.514143 0.686974 0.290925 0.115262 0.042826 0.014960 0.004928 0.001537 0.000458 0.000134 0.000042 0.000017 0.000010 0.000009 0.000008 0.000008 0.000008 0.000008 0.000008 0.000008 0.000008 0.000008 0.000008 0.000008 0.000008 0.000008 0.000008 0.000008 0.000008 0.000008 0.000008 0.000008 0.000008 0.000008 0.000008 0.000008 0.000008 0.000008 0.000007 0.000006 0.000004 0.000002 0.000000 
50.000000 37.637894 26.459936 17.311127 10.519497 5.933892 3.108535 1.514167 0.686999 0.290950 0.115287 0.042851 0.014985 0.004953 0.001562 0.000483 0.000159 0.000066 0.000042 0.000035 0.000034 0.000033 0.000033 0.000033 0.000033 0.000033 0.000033 0.000033 0.000033 0.000033 0.000033 0.000033 0.000033 0.000033 0.000033 0.000033 0.000033 0.000033 0.000033 0.000033 0.000033 0.000033 0.000032 0.000032 0.000030 0.000027 0.000023 0.000016 0.000009 0.000000 
50.000000 37.637917 26.459980 17.311188 10.519570 5.933973 3.108621 1.514256 0.687090 0.291042 0.115379 0.042943 0.015077 0.005045 0.001654 0.000575 0.000251 0.000159 0.000134 0.000127 0.000126 0.000125 0.000125 0.000125 0.000125 0.000125 0.000125 0.000125 0.000125 0.000125 0.000125 0.000125 0.000125 0.000125 0.000125 0.000125 0.000125 0.000125 0.000125 0.000125 0.000125 0.000124 0.000123 0.000119 0.000113 0.000102 0.000086 0.000062 0.000033 0.000000 
50.000000 37.637998 26.460134 17.311401 10.519827 5.934260 3.108926 1.514571 0.687410 0.291364 0.115702 0.043267 0.015401 0.005369 0.001978 0.000899 0.000575 0.000483 0.000458 0.000451 0.000450 0.000450 0.000449 0.000449 0.000449 0.000449 0.000449 0.000449 0.000449 0.000449 0.000449 0.000449 0.000449 0.000449 0.000449 0.000449 0.000449 0.000449 0.000449 0.000449 0.000448 0.000445 0.000439 0.000428 0.000406 0.000367 0.000308 0.000224 0.000118 0.000000 
50.000000 37.638267 26.460645 17.312110 10.520683 5.935214 3.109940 1.515618 0.688474 0.292437 0.116779 0.044345 0.016480 0.006448 0.003057 0.001978 0.001654 0.001562 0.001537 0.001530 0.001529 0.001529 0.001528 0.001528 0.001528 0.001528 0.001528 0.001528 0.001528 0.001528 0.001528 0.001528 0.001528 0.001528 0.001528 0.001528 0.001528 0.001528 0.001528 0.001526 0.001523 0.001514 0.001495 0.001456 0.001381 0.001252 0.001050 0.000765 0.000405 0.000000 
50.000000 37.639110 26.462250 17.314337 10.523370 5.938210 3.113125 1.518910 0.691821 0.295809 0.120163 0.047733 0.019870 0.009838 0.006448 0.005369 0.005045 0.004953 0.004928 0.004921 0.004920 0.004920 0.004919 0.004919 0.004919 0.004919 0.004919 0.004919 0.004919 0.004919 0.004919 0.004919 0.004919 0.004919 0.004919 0.004919 0.004919 0.004919 0.004917 0.004913 0.004902 0.004876 0.004816 0.004691 0.004454 0.004042 0.003393 0.002475 0.001311 0.000000 
50.000000 37.641604 26.466997 17.320923 10.531317 5.947072 3.122548 1.528647 0.701720 0.305786 0.130173 0.057758 0.029900 0.019870 0.016480 0.015401 0.015077 0.014985 0.014960 0.014954 0.014953 0.014952 0.014952 0.014952 0.014952 0.014952 0.014952 0.014952 0.014952 0.014952 0.014952 0.014952 0.014952 0.014952 0.014952 0.014952 0.014951 0.014950 0.014946 0.014934 0.014902 0.014823 0.014646 0.014276 0.013567 0.012328 0.010365 0.007571 0.004016 0.000000 
50.000000 37.648526 26.480171 17.339205 10.553379 5.971678 3.148714 1.555690 0.729215 0.333495 0.157977 0.085600 0.057758 0.047733 0.044345 0.043267 0.042943 0.042851 0.042826 0.042820 0.042818 0.042818 0.042818 0.042818 0.042818 0.042818 0.042818 0.042818 0.042818 0.042818 0.042818 0.042818 0.042818 0.042818 0.042817 0.042817 0.042816 0.042812 0.042800 0.042767 0.042680 0.042465 0.041975 0.040944 0.038955 0.035452 0.029865 0.021855 0.011611 0.000000 
50.000000 37.666506 26.514395 17.386702 10.610707 6.035622 3.216720 1.625978 0.800681 0.405523 0.230253 0.157977 0.130173 0.120163 0.116779 0.115702 0.115379 0.115287 0.115262 0.115256 0.115254 0.115254 0.115254 0.115254 0.115254 0.115254 0.115254 0.115254 0.115254 0.115254 0.115254 0.115254 0.115254 0.115254 0.115254 0.115253 0.115250 0.115240 0.115210 0.115126 0.114904 0.114353 0.113090 0.110411 0.105194 0.095925 0.081003 0.059424 0.031629 0.000000 
50.000000 37.710078 26.597339 17.501827 10.749674 6.190646 3.381608 1.796412 0.973981 0.580190 0.405523 0.333495 0.305786 0.295809 0.292437 0.291364 0.291042 0.290950 0.290925 0.290919 0.290918 0.290917 0.290917 0.290917 0.290917 0.290917 0.290917 0.290917 0.290917 0.290917 0.290917 0.290917 0.290917 0.290917 0.290916 0.290914 0.290907 0.290884 0.290816 0.290619 0.290095 0.288789 0.285766 0.279297 0.266567 0.243689 0.206428 0.151929 0.081073 0.000000 
50.000000 37.808252 26.784234 17.761260 11.062870 6.540069 3.753297 2.180631 1.364681 0.973981 0.800681 0.729215 0.701720 0.691821 0.688474 0.687410 0.687090 0.686999 0.686974 0.686968 0.686967 0.686966 0.686966 0.686966 0.686966 0.686966 0.686966 0.686966 0.686966 0.686966 0.686966 0.686966 0.686966 0.686966 0.686964 0.686960 0.686945 0.686897 0.686750 0.686328 0.685192 0.682340 0.675674 0.661245 0.632487 0.580066 0.493396 0.364741 0.195337 0.000000 
50.000000 38.013168 27.174359 18.302849 11.716764 7.269672 4.529459 2.983011 2.180631 1.796412 1.625978 1.555690 1.528647 1.518910 1.515618 1.514571 1.514256 1.514167 1.514143 1.514136 1.514135 1.514135 1.514134 1.514134 1.514134 1.514134 1.514134 1.514134 1.514134 1.514134 1.514134 1.514134 1.514134 1.514134 1.514131 1.514123 1.514094 1.514001 1.513715 1.512888 1.510646 1.504957 1.491506 1.461995 1.402249 1.291390 1.104507 0.821532 0.442274 0.000000 
50.000000 38.407922 27.925948 19.346323 12.976734 8.675654 6.025286 4.529459 3.753297 3.381608 3.216720 3.148714 3.122548 3.113125 3.109940 3.108926 3.108621 3.108535 3.108511 3.108505 3.108504 3.108503 3.108503 3.108503 3.108503 3.108503 3.108503 3.108503 3.108503 3.108503 3.108503 3.108503 3.108503 3.108502 3.108498 3.108484 3.108434 3.108271 3.107770 3.106309 3.102311 3.092052 3.067465 3.012643 2.899504 2.684816 2.313594 1.736070 0.942067 0.000000 
50.000000 39.107108 29.257224 21.194750 15.208855 11.166655 8.675654 7.269672 6.540069 6.190646 6.035622 5.971678 5.947072 5.938210 5.935214 5.934260 5.933973 5.933892 5.933870 5.933864 5.933863 5.933863 5.933862 5.933862 5.933862 5.933862 5.933862 5.933862 5.933862 5.933862 5.933862 5.933862 5.933862 5.933860 5.933854 5.933832 5.933756 5.933504 5.932723 5.930427 5.924079 5.907582 5.867423 5.776150 5.583328 5.206926 4.533935 3.446776 1.894357 0.000000 
50.000000 40.241401 31.417057 24.193790 18.830702 15.208855 12.976734 11.716764 11.062870 10.749674 10.610707 10.553379 10.531317 10.523370 10.520683 10.519827 10.519570 10.519497 10.519478 10.519472 10.519471 10.519471 10.519471 10.519471 10.519471 10.519471 10.519471 10.519471 10.519471 10.519471 10.519471 10.519471 10.519470 10.519468 10.519460 10.519431 10.519328 10.518989 10.517928 10.514782 10.505985 10.482804 10.425374 10.291918 10.001930 9.415351 8.319056 6.451297 3.623691 0.000000 
50.000000 41.920763 34.614882 28.634374 24.193790 21.194750 19.346323 18.302849 17.761260 17.501827 17.386702 17.339205 17.320923 17.314337 17.312110 17.311401 17.311188 17.311127 17.311111 17.311107 17.311106 17.311105 17.311105 17.311105 17.311105 17.311105 17.311105 17.311105 17.311105 17.311105 17.311105 17.311105 17.311104 17.311102 17.311093 17.311060 17.310944 17.310558 17.309340 17.305699 17.295400 17.267863 17.198342 17.032730 16.660815 15.874733 14.317187 11.453658 6.694180 0.000000 
50.000000 44.182342 38.921483 34.614882 31.417057 29.257224 27.925948 27.174359 26.784234 26.597339 26.514395 26.480171 26.466997 26.462250 26.460645 26.460134 26.459980 26.459936 26.459924 26.459921 26.459921 26.459920 26.459920 26.459920 26.459920 26.459920 26.459920 26.459920 26.459920 26.459920 26.459920 26.459920 26.459920 26.459918 26.459910 26.459880 26.459775 26.459426 26.458316 26.454971 26.445410 26.419493 26.352827 26.189877 25.810448 24.965760 23.161225 19.460741 12.281587 0.000000 
50.000000 46.944990 44.182342 41.920763 40.241401 39.107108 38.407922 38.013168 37.808252 37.710078 37.666506 37.648526 37.641604 37.639110 37.638267 37.637998 37.637917 37.637894 37.637888 37.637887 37.637886 37.637886 37.637886 37.637886 37.637886 37.637886 37.637886 37.637886 37.637886 37.637886 37.637886 37.637886 37.637886 37.637884 37.637880 37.637862 37.637799 37.637588 37.636915 37.634877 37.629005 37.612915 37.570893 37.465854 37.212751 36.617710 35.226584 31.900755 23.472495 0.000000 
50.000000 50.000000 50.000000 50.000000 50.000000 50.000000 50.000000 50.000000 50.000000 50.000000 50.000000 50.000000 50.000000 50.000000 50.000000 50.000000 50.000000 50.000000 50.000000 50.000000 50.000000 50.000000 50.000000 50.000000 50.000000 50.000000 50.000000 50.000000 50.000000 50.000000 50.000000 50.000000 50.000000 50.000000 50.000000 50.000000 50.000000 50.000000 50.000000 50.000000 50.000000 50.000000 50.000000 50.000000 50.000000 50.000000 50.000000 50.000000 50.000000 50.000000 
