50.000000 50.000000 50.000000 50.000000 50.000000 50.000000 50.000000 50.000000 50.000000 50.000000 50.000000 50.000000 50.000000 50.000000 50.000000 50.000000 50.000000 50.000000 50.000000 50.000000 50.000000 50.000000 50.000000 50.000000 50.000000 50.000000 50.000000 50.000000 50.000000 50.000000 50.000000 50.000000 50.000000 50.000000 50.000000 50.000000 50.000000 50.000000 50.000000 50.000000 50.000000 50.000000 50.000000 50.000000 50.000000 50.000000 50.000000 50.000000 50.000000 50.000000 
50.000000 49.012467 48.055549 47.157018 46.339393 45.618324 45.001939 44.491148 44.080729 43.760921 43.519195 43.341923 43.215756 43.128585 43.070100 43.031985 43.007849 42.992993 42.984102 42.978926 42.975994 42.974377 42.973509 42.973054 42.972819 42.972697 42.972627 42.972569 42.972490 42.972349 42.972078 42.971553 42.970554 42.968689 42.965278 42.959158 42.948387 42.929760 42.898065 42.844890 42.756683 42.611469 42.372950 41.979142 41.318429 40.173921 38.079388 33.902757 24.506233 0.000000 
50.000000 48.055549 46.171381 44.402177 42.792278 41.372500 40.158845 39.153104 38.344997 37.715303 37.239351 36.890309 36.641891 36.470255 36.355102 36.280057 36.232535 36.203284 36.185778 36.175587 36.169815 36.166632 36.164922 36.164026 36.163564 36.163325 36.163187 36.163075 36.162925 36.162659 36.162146 36.161156 36.159272 36.155762 36.149350 36.137871 36.117716 36.082967 36.024073 35.925773 35.763836 35.499781 35.071998 34.380153 33.256506 31.411360 28.329015 23.085691 14.152792 0.000000 
50.000000 47.157018 44.402177 41.815426 39.461599 37.385751 35.611280 34.140800 32.959283 32.038624 31.342749 30.832429 30.469228 30.218289 30.049931 29.940212 29.870734 29.827970 29.802377 29.787478 29.779038 29.774385 29.771885 29.770575 29.769901 29.769553 29.769353 29.769195 29.768988 29.768623 29.767923 29.766574 29.764013 29.759250 29.750573 29.735087 29.708000 29.661523 29.583222 29.453535 29.242045 28.901838 28.360850 27.508495 26.175159 24.102433 20.907713 16.073161 9.077630 0.000000 
50.000000 46.339393 42.792278 39.461599 36.430837 33.758005 31.473228 29.579874 28.058587 26.873179 25.977201 25.320139 24.852503 24.529412 24.312647 24.171384 24.081931 24.026873 23.993922 23.974740 23.963875 23.957884 23.954666 23.952980 23.952113 23.951666 23.951414 23.951220 23.950973 23.950545 23.949726 23.948153 23.945174 23.939650 23.929620 23.911793 23.880763 23.827841 23.739346 23.594152 23.360207 22.989695 22.412445 21.527332 20.192204 18.215418 15.359165 11.380918 6.165471 0.000000 
50.000000 45.618324 41.372500 37.385751 33.758005 30.558703 27.823901 25.557630 23.736718 22.317848 21.245417 20.458960 19.899237 19.512526 19.253081 19.084005 18.976941 18.911044 18.871607 18.848650 18.835646 18.828476 18.824625 18.822608 18.821572 18.821040 18.820745 18.820525 18.820257 18.819801 18.818936 18.817278 18.814150 18.808369 18.797914 18.779419 18.747409 18.693189 18.603282 18.457285 18.225048 17.863119 17.310585 16.484907 15.279351 13.565801 11.210592 8.115993 4.299895 0.000000 
50.000000 45.001939 40.158845 35.611280 31.473228 27.823901 24.704427 22.119399 20.042384 18.423967 17.200721 16.303673 15.665248 15.224166 14.928247 14.735403 14.613291 14.538132 14.493153 14.466970 14.452139 14.443962 14.439571 14.437271 14.436091 14.435488 14.435158 14.434924 14.434653 14.434202 14.433354 14.431737 14.428698 14.423101 14.413025 14.395293 14.364791 14.313502 14.229198 14.093745 13.881033 13.554681 13.065882 12.352214 11.338994 9.945897 8.102785 5.778692 3.022798 0.000000 
50.000000 44.491148 39.153104 34.140800 29.579874 25.557630 22.119399 19.270241 16.981018 15.197261 13.849056 12.860380 12.156751 11.670625 11.344490 11.131957 10.997380 10.914550 10.864980 10.836125 10.819782 10.810771 10.805932 10.803399 10.802100 10.801439 10.801085 10.800844 10.800583 10.800163 10.799384 10.797904 10.795134 10.790053 10.780949 10.765015 10.737778 10.692321 10.618259 10.500495 10.317831 10.041658 9.635121 9.053517 8.247045 7.167429 5.779950 4.081105 2.118198 0.000000 
50.000000 44.080729 38.344997 32.959283 28.058587 23.736718 20.042384 16.981018 14.521307 12.604719 11.156130 10.093849 9.337843 8.815536 8.465131 8.236786 8.092197 8.003207 7.949951 7.918952 7.901393 7.891713 7.886515 7.883794 7.882401 7.881695 7.881323 7.881084 7.880842 7.880470 7.879791 7.878509 7.876120 7.871757 7.863978 7.850437 7.827437 7.789335 7.727784 7.630883 7.482306 7.260653 6.939360 6.487703 5.873600 5.068891 4.057445 2.845216 1.469260 0.000000 
50.000000 43.760921 37.715303 32.038624 26.873179 22.317848 18.423967 15.197261 12.604719 10.584645 9.057851 7.938230 7.141423 6.590934 6.221626 5.980965 5.828580 5.734792 5.678667 5.645996 5.627493 5.617291 5.611813 5.608947 5.607481 5.606741 5.606357 5.606123 5.605906 5.605591 5.605026 5.603970 5.602009 5.598445 5.592120 5.581170 5.562687 5.532285 5.483573 5.407592 5.292322 5.122413 4.879429 4.542935 4.092800 3.512972 2.796579 1.951467 1.004238 0.000000 
50.000000 43.519195 37.239351 31.342749 25.977201 21.245417 17.200721 13.849056 11.156130 9.057851 7.471960 6.309011 5.481376 4.909594 4.526005 4.276040 4.117766 4.020355 3.962061 3.928130 3.908912 3.898317 3.892628 3.889652 3.888131 3.887366 3.886976 3.886749 3.886558 3.886300 3.885850 3.885017 3.883480 3.880697 3.875782 3.867319 3.853119 3.829919 3.793029 3.735980 3.650258 3.525247 3.348561 3.106976 2.788132 2.383049 1.889215 1.313578 0.674305 0.000000 
50.000000 43.341923 36.890309 30.832429 25.320139 20.458960 16.303673 12.860380 10.093849 7.938230 6.309011 5.114298 4.264064 3.676673 3.282617 3.025833 2.863243 2.763176 2.703295 2.668439 2.648698 2.637815 2.631972 2.628915 2.627354 2.626572 2.626178 2.625959 2.625793 2.625587 2.625243 2.624613 2.623456 2.621373 2.617711 2.611437 2.600971 2.583979 2.557149 2.515982 2.454657 2.366065 2.242121 2.074475 1.855679 1.580793 1.249208 0.866236 0.443858 0.000000 
50.000000 43.215756 36.641891 30.469228 24.852503 19.899237 15.665248 12.156751 9.337843 7.141423 5.481376 4.264064 3.397752 2.799258 2.397756 2.136122 1.970462 1.868508 1.807496 1.771984 1.751871 1.740783 1.734830 1.731717 1.730128 1.729333 1.728937 1.728727 1.728581 1.728421 1.728166 1.727707 1.726871 1.725372 1.722748 1.718276 1.710854 1.698876 1.680085 1.651457 1.609138 1.548508 1.464429 1.351746 1.206048 1.024663 0.807705 0.558923 0.285996 0.000000 
50.000000 43.128585 36.470255 30.218289 24.529412 19.512526 15.224166 11.670625 8.815536 6.590934 4.909594 3.676673 2.799258 2.193097 1.786453 1.521472 1.353692 1.250434 1.188644 1.152678 1.132308 1.121079 1.115050 1.111897 1.110289 1.109487 1.109090 1.108886 1.108758 1.108634 1.108450 1.108128 1.107545 1.106506 1.104695 1.101622 1.096548 1.088404 1.075702 1.056474 1.028246 0.988098 0.932847 0.859375 0.765117 0.648649 0.510289 0.352540 0.180198 0.000000 
50.000000 43.070100 36.355102 30.049931 24.312647 19.253081 14.928247 11.344490 8.465131 6.221626 4.526005 3.282617 2.397756 1.786454 1.376363 1.109137 0.939937 0.835805 0.773492 0.737222 0.716681 0.705357 0.699278 0.696099 0.694478 0.693670 0.693273 0.693075 0.692960 0.692864 0.692734 0.692514 0.692122 0.691427 0.690220 0.688182 0.684832 0.679480 0.671180 0.658686 0.640457 0.614695 0.579475 0.532954 0.473662 0.400854 0.314844 0.217231 0.110942 0.000000 
50.000000 43.031985 36.280057 29.940212 24.171384 19.084005 14.735403 11.131958 8.236786 5.980966 4.276041 3.025834 2.136123 1.521472 1.109137 0.840448 0.670324 0.565623 0.502970 0.466502 0.445849 0.434463 0.428351 0.425155 0.423526 0.422715 0.422319 0.422124 0.422019 0.421943 0.421852 0.421707 0.421452 0.421002 0.420225 0.418917 0.416777 0.413375 0.408123 0.400259 0.388846 0.372809 0.351009 0.322378 0.286091 0.241764 0.189640 0.130707 0.066707 0.000000 
50.000000 43.007849 36.232535 29.870735 24.081932 18.976942 14.613291 10.997380 8.092198 5.828581 4.117767 2.863244 1.970463 1.353693 0.939938 0.670324 0.499615 0.394555 0.331686 0.295093 0.274369 0.262945 0.256812 0.253605 0.251971 0.251158 0.250762 0.250570 0.250472 0.250409 0.250346 0.250252 0.250090 0.249809 0.249324 0.248512 0.247188 0.245092 0.241871 0.237070 0.230137 0.220441 0.207328 0.190191 0.168573 0.142282 0.111485 0.076773 0.039160 0.000000 
50.000000 42.992993 36.203285 29.827971 24.026874 18.911046 14.538134 10.914552 8.003209 5.734794 4.020357 2.763178 1.868510 1.250436 0.835807 0.565625 0.394556 0.289274 0.226274 0.189604 0.168837 0.157388 0.151243 0.148029 0.146391 0.145577 0.145182 0.144992 0.144899 0.144845 0.144800 0.144740 0.144640 0.144469 0.144176 0.143687 0.142893 0.141641 0.139724 0.136879 0.132787 0.127091 0.119420 0.109437 0.096897 0.081701 0.063959 0.044013 0.022440 0.000000 
50.000000 42.984103 36.185780 29.802379 23.993925 18.871610 14.493156 10.864984 7.949956 5.678671 3.962066 2.703299 1.807501 1.188649 0.773497 0.502975 0.331690 0.226277 0.163197 0.126482 0.105688 0.094225 0.088072 0.084855 0.083215 0.082401 0.082005 0.081817 0.081726 0.081679 0.081645 0.081606 0.081547 0.081445 0.081274 0.080988 0.080526 0.079800 0.078692 0.077053 0.074706 0.071451 0.067084 0.061423 0.054335 0.045775 0.035807 0.024626 0.012550 0.000000 
50.000000 42.978928 36.175591 29.787483 23.974747 18.848658 14.466979 10.836135 7.918962 5.646008 3.928141 2.668451 1.771996 1.152690 0.737235 0.466515 0.295105 0.189615 0.126489 0.089747 0.068938 0.057467 0.051309 0.048090 0.046449 0.045634 0.045239 0.045051 0.044963 0.044919 0.044892 0.044867 0.044831 0.044773 0.044675 0.044513 0.044252 0.043842 0.043220 0.042303 0.040993 0.039182 0.036762 0.033634 0.029730 0.025027 0.019565 0.013448 0.006852 0.000000 
50.000000 42.975998 36.169823 29.779051 23.963891 18.835665 14.452161 10.819806 7.901419 5.627519 3.908939 2.648726 1.751900 1.132337 0.716710 0.445878 0.274398 0.168864 0.105712 0.068955 0.048138 0.036662 0.030502 0.027281 0.025640 0.024825 0.024429 0.024242 0.024155 0.024113 0.024091 0.024073 0.024052 0.024020 0.023965 0.023876 0.023732 0.023507 0.023167 0.022667 0.021955 0.020974 0.019666 0.017981 0.015883 0.013362 0.010440 0.007173 0.003653 0.000000 
50.000000 42.974387 36.166651 29.774413 23.957921 18.828520 14.444012 10.810826 7.891772 5.617353 3.898380 2.637880 1.740849 1.121146 0.705424 0.434531 0.263012 0.157454 0.094288 0.057523 0.036701 0.025222 0.019061 0.015839 0.014198 0.013382 0.012987 0.012800 0.012713 0.012673 0.012653 0.012641 0.012628 0.012609 0.012580 0.012532 0.012454 0.012334 0.012152 0.011886 0.011508 0.010988 0.010297 0.009410 0.008307 0.006985 0.005454 0.003746 0.001908 0.000000 
50.000000 42.973532 36.164967 29.771950 23.954750 18.824725 14.439684 10.806056 7.886648 5.611953 3.892772 2.632119 1.734980 1.115202 0.699430 0.428504 0.256965 0.151394 0.088221 0.051451 0.030627 0.019147 0.012985 0.009763 0.008121 0.007306 0.006911 0.006724 0.006637 0.006598 0.006579 0.006569 0.006561 0.006550 0.006534 0.006509 0.006468 0.006404 0.006308 0.006168 0.005969 0.005697 0.005336 0.004874 0.004300 0.003614 0.002821 0.001937 0.000986 0.000000 
50.000000 42.973104 36.164125 29.770720 23.953165 18.822829 14.437522 10.803674 7.884088 5.609255 3.889971 2.629242 1.732048 1.112233 0.696436 0.425494 0.253944 0.148367 0.085190 0.048418 0.027592 0.016112 0.009949 0.006727 0.005085 0.004270 0.003875 0.003688 0.003602 0.003563 0.003545 0.003536 0.003530 0.003524 0.003515 0.003500 0.003478 0.003443 0.003391 0.003314 0.003206 0.003059 0.002864 0.002614 0.002305 0.001937 0.001511 0.001037 0.000528 0.000000 
50.000000 42.972929 36.163779 29.770214 23.952515 18.822050 14.436633 10.802695 7.883036 5.608147 3.888820 2.628060 1.730844 1.111013 0.695206 0.424257 0.252703 0.147124 0.083945 0.047172 0.026346 0.014865 0.008703 0.005480 0.003838 0.003023 0.002628 0.002441 0.002355 0.002316 0.002298 0.002290 0.002285 0.002281 0.002274 0.002265 0.002250 0.002227 0.002193 0.002143 0.002073 0.001977 0.001850 0.001688 0.001488 0.001249 0.000975 0.000669 0.000340 0.000000 
50.000000 42.972929 36.163779 29.770214 23.952515 18.822050 14.436633 10.802695 7.883036 5.608147 3.888820 2.628060 1.730844 1.111013 0.695206 0.424257 0.252703 0.147124 0.083945 0.047172 0.026346 0.014865 0.008703 0.005480 0.003838 0.003023 0.002628 0.002441 0.002355 0.002316 0.002298 0.002290 0.002285 0.002281 0.002274 0.002265 0.002250 0.002227 0.002193 0.002143 0.002073 0.001977 0.001850 0.001688 0.001488 0.001249 0.000975 0.000669 0.000340 0.000000 
50.000000 42.973104 36.164125 29.770720 23.953165 18.822829 14.437522 10.803674 7.884088 5.609255 3.889971 2.629242 1.732048 1.112233 0.696436 0.425494 0.253944 0.148367 0.085190 0.048418 0.027592 0.016112 0.009949 0.006727 0.005085 0.004270 0.003875 0.003688 0.003602 0.003563 0.003545 0.003536 0.003530 0.003524 0.003515 0.003500 0.003478 0.003443 0.003391 0.003314 0.003206 0.003059 0.002864 0.002614 0.002305 0.001937 0.001511 0.001037 0.000528 0.000000 
50.000000 42.973532 36.164967 29.771950 23.954750 18.824725 14.439684 10.806056 7.886648 5.611953 3.892772 2.632119 1.734980 1.115202 0.699430 0.428504 0.256965 0.151394 0.088221 0.051451 0.030627 0.019147 0.012985 0.009763 0.008121 0.007306 0.006911 0.006724 0.006637 0.006598 0.006579 0.006569 0.006561 0.006550 0.006534 0.006509 0.006468 0.006404 0.006308 0.006168 0.005969 0.005697 0.005336 0.004874 0.004300 0.003614 0.002821 0.001937 0.000986 0.000000 
50.000000 42.974387 36.166651 29.774413 23.957921 18.828520 14.444012 10.810826 7.891772 5.617353 3.898380 2.637880 1.740849 1.121146 0.705424 0.434531 0.263012 0.157454 0.094288 0.057523 0.036701 0.025222 0.019061 0.015839 0.014198 0.013382 0.012987 0.012800 0.012713 0.012673 0.012653 0.012641 0.012628 0.012609 0.012580 0.012532 0.012454 0.012334 0.012152 0.011886 0.011508 0.010988 0.010297 0.009410 0.008307 0.006985 0.005454 0.003746 0.001908 0.000000 
50.000000 42.975998 36.169823 29.779051 23.963891 18.835665 14.452161 10.819806 7.901419 5.627519 3.908939 2.648726 1.751900 1.132337 0.716710 0.445878 0.274398 0.168864 0.105712 0.068955 0.048138 0.036662 0.030502 0.027281 0.025640 0.024825 0.024429 0.024242 0.024155 0.024113 0.024091 0.024073 0.024052 0.024020 0.023965 0.023876 0.023732 0.023507 0.023167 0.022667 0.021955 0.020974 0.019666 0.017981 0.015883 0.013362 0.010440 0.007173 0.003653 0.000000 
50.000000 42.978928 36.175591 29.787483 23.974747 18.848658 14.466979 10.836135 7.918962 5.646008 3.928141 2.668451 1.771996 1.152690 0.737235 0.466515 0.295105 0.189615 0.126489 0.089747 0.068938 0.057467 0.051309 0.048090 0.046449 0.045634 0.045239 0.045051 0.044963 0.044919 0.044892 0.044867 0.044831 0.044773 0.044675 0.044513 0.044252 0.043842 0.043220 0.042303 0.040993 0.039182 0.036762 0.033634 0.029730 0.025027 0.019565 0.013448 0.006852 0.000000 
50.000000 42.984103 36.185780 29.802379 23.993925 18.871610 14.493156 10.864984 7.949956 5.678671 3.962066 2.703299 1.807501 1.188649 0.773497 0.502975 0.331690 0.226277 0.163197 0.126482 0.105688 0.094225 0.088072 0.084855 0.083215 0.082401 0.082005 0.081817 0.081726 0.081679 0.081645 0.081606 0.081547 0.081445 0.081274 0.080988 0.080526 0.079800 0.078692 0.077053 0.074706 0.071451 0.067084 0.061423 0.054335 0.045775 0.035807 0.024626 0.012550 0.000000 
50.000000 42.992993 36.203285 29.827971 24.026874 18.911046 14.538134 10.914552 8.003209 5.734794 4.020357 2.763178 1.868510 1.250436 0.835807 0.565625 0.394556 0.289274 0.226274 0.189604 0.168837 0.157388 0.151243 0.148029 0.146391 0.145577 0.145182 0.144992 0.144899 0.144845 0.144800 0.144740 0.144640 0.144469 0.144176 0.143687 0.142893 0.141641 0.139724 0.136879 0.132787 0.127091 0.119420 0.109437 0.096897 0.081701 0.063959 0.044013 0.022440 0.000000 
50.000000 43.007849 36.232535 29.870735 24.081932 18.976942 14.613291 10.997380 8.092198 5.828581 4.117767 2.863244 1.970463 1.353693 0.939938 0.670324 0.499615 0.394555 0.331686 0.295093 0.274369 0.262945 0.256812 0.253605 0.251971 0.251158 0.250762 0.250570 0.250472 0.250409 0.250346 0.250252 0.250090 0.249809 0.249324 0.248512 0.247188 0.245092 0.241871 0.237070 0.230137 0.220441 0.207328 0.190191 0.168573 0.142282 0.111485 0.076773 0.039160 0.000000 
50.000000 43.031985 36.280057 29.940212 24.171384 19.084005 14.735403 11.131958 8.236786 5.980966 4.276041 3.025834 2.136123 1.521472 1.109137 0.840448 0.670324 0.565623 0.502970 0.466502 0.445849 0.434463 0.428351 0.425155 0.423526 0.422715 0.422319 0.422124 0.422019 0.421943 0.421852 0.421707 0.421452 0.421002 0.420225 0.418917 0.416777 0.413375 0.408123 0.400259 0.388846 0.372809 0.351009 0.322378 0.286091 0.241764 0.189640 0.130707 0.066707 0.000000 
50.000000 43.070100 36.355102 30.049931 24.312647 19.253081 14.928247 11.344490 8.465131 6.221626 4.526005 3.282617 2.397756 1.786454 1.376363 1.109137 0.939937 0.835805 0.773492 0.737222 0.716681 0.705357 0.699278 0.696099 0.694478 0.693670 0.693273 0.693075 0.692960 0.692864 0.692734 0.692514 0.692122 0.691427 0.690220 0.688182 0.684832 0.679480 0.671180 0.658686 0.640457 0.614695 0.579475 0.532954 0.473662 0.400854 0.314844 0.217231 0.110942 0.000000 
50.000000 43.128585 36.470255 30.218289 24.529412 19.512526 15.224166 11.670625 8.815536 6.590934 4.909594 3.676673 2.799258 2.193097 1.786453 1.521472 1.353692 1.250434 1.188644 1.152678 1.132308 1.121079 1.115050 1.111897 1.110289 1.109487 1.109090 1.108886 1.108758 1.108634 1.108450 1.108128 1.107545 1.106506 1.104695 1.101622 1.096548 1.088404 1.075702 1.056474 1.028246 0.988098 0.932847 0.859375 0.765117 0.648649 0.510289 0.352540 0.180198 0.000000 
50.000000 43.215756 36.641891 30.469228 24.852503 19.899237 15.665248 12.156751 9.337843 7.141423 5.481376 4.264064 3.397752 2.799258 2.397756 2.136122 1.970462 1.868508 1.807496 1.771984 1.751871 1.740783 1.734830 1.731717 1.730128 1.729333 1.728937 1.728727 1.728581 1.728421 1.728166 1.727707 1.726871 1.725372 1.722748 1.718276 1.710854 1.698876 1.680085 1.651457 1.609138 1.548508 1.464429 1.351746 1.206048 1.024663 0.807705 0.558923 0.285996 0.000000 
50.000000 43.341923 36.890309 30.832429 25.320139 20.458960 16.303673 12.860380 10.093849 7.938230 6.309011 5.114298 4.264064 3.676673 3.282617 3.025833 2.863243 2.763176 2.703295 2.668439 2.648698 2.637815 2.631972 2.628915 2.627354 2.626572 2.626178 2.625959 2.625793 2.625587 2.625243 2.624613 2.623456 2.621373 2.617711 2.611437 2.600971 2.583979 2.557149 2.515982 2.454657 2.366065 2.242121 2.074475 1.855679 1.580793 1.249208 0.866236 0.443858 0.000000 
50.000000 43.519195 37.239351 31.342749 25.977201 21.245417 17.200721 13.849056 11.156130 9.057851 7.471960 6.309011 5.481376 4.909594 4.526005 4.276040 4.117766 4.020355 3.962061 3.928130 3.908912 3.898317 3.892628 3.889652 3.888131 3.887366 3.886976 3.886749 3.886558 3.886300 3.885850 3.885017 3.883480 3.880697 3.875782 3.867319 3.853119 3.829919 3.793029 3.735980 3.650258 3.525247 3.348561 3.106976 2.788132 2.383049 1.889215 1.313578 0.674305 0.000000 
50.000000 43.760921 37.715303 32.038624 26.873179 22.317848 18.423967 15.197261 12.604719 10.584645 9.057851 7.938230 7.141423 6.590934 6.221626 5.980965 5.828580 5.734792 5.678667 5.645996 5.627493 5.617291 5.611813 5.608947 5.607481 5.606741 5.606357 5.606123 5.605906 5.605591 5.605026 5.603970 5.602009 5.598445 5.592120 5.581170 5.562687 5.532285 5.483573 5.407592 5.292322 5.122413 4.879429 4.542935 4.092800 3.512972 2.796579 1.951467 1.004238 0.000000 
50.000000 44.080729 38.344997 32.959283 28.058587 23.736718 20.042384 16.981018 14.521307 12.604719 11.156130 10.093849 9.337843 8.815536 8.465131 8.236786 8.092197 8.003207 7.949951 7.918952 7.901393 7.891713 7.886515 7.883794 7.882401 7.881695 7.881323 7.881084 7.880842 7.880470 7.879791 7.878509 7.876120 7.871757 7.863978 7.850437 7.827437 7.789335 7.727784 7.630883 7.482306 7.260653 6.939360 6.487703 5.873600 5.068891 4.057445 2.845216 1.469260 0.000000 
50.000000 44.491148 39.153104 34.140800 29.579874 25.557630 22.119399 19.270241 16.981018 15.197261 13.849056 12.860380 12.156751 11.670625 11.344490 11.131957 10.997380 10.914550 10.864980 10.836125 10.819782 10.810771 10.805932 10.803399 10.802100 10.801439 10.801085 10.800844 10.800583 10.800163 10.799384 10.797904 10.795134 10.790053 10.780949 10.765015 10.737778 10.692321 10.618259 10.500495 10.317831 10.041658 9.635121 9.053517 8.247045 7.167429 5.779950 4.081105 2.118198 0.000000 
50.000000 45.001939 40.158845 35.611280 31.473228 27.823901 24.704427 22.119399 20.042384 18.423967 17.200721 16.303673 15.665248 15.224166 14.928247 14.735403 14.613291 14.538132 14.493153 14.466970 14.452139 14.443962 14.439571 14.437271 14.436091 14.435488 14.435158 14.434924 14.434653 14.434202 14.433354 14.431737 14.428698 14.423101 14.413025 14.395293 14.364791 14.313502 14.229198 14.093745 13.881033 13.554681 13.065882 12.352214 11.338994 9.945897 8.102785 5.778692 3.022798 0.000000 
50.000000 45.618324 41.372500 37.385751 33.758005 30.558703 27.823901 25.557630 23.736718 22.317848 21.245417 20.458960 19.899237 19.512526 19.253081 19.084005 18.976941 18.911044 18.871607 18.848650 18.835646 18.828476 18.824625 18.822608 18.821572 18.821040 18.820745 18.820525 18.820257 18.819801 18.818936 18.817278 18.814150 18.808369 18.797914 18.779419 18.747409 18.693189 18.603282 18.457285 18.225048 17.863119 17.310585 16.484907 15.279351 13.565801 11.210592 8.115993 4.299895 0.000000 
50.000000 46.339393 42.792278 39.461599 36.430837 33.758005 31.473228 29.579874 28.058587 26.873179 25.977201 25.320139 24.852503 24.529412 24.312647 24.171384 24.081931 24.026873 23.993922 23.974740 23.963875 23.957884 23.954666 23.952980 23.952113 23.951666 23.951414 23.951220 23.950973 23.950545 23.949726 23.948153 23.945174 23.939650 23.929620 23.911793 23.880763 23.827841 23.739346 23.594152 23.360207 22.989695 22.412445 21.527332 20.192204 18.215418 15.359165 11.380918 6.165471 0.000000 
50.000000 47.157018 44.402177 41.815426 39.461599 37.385751 35.611280 34.140800 32.959283 32.038624 31.342749 30.832429 30.469228 30.218289 30.049931 29.940212 29.870734 29.827970 29.802377 29.787478 29.779038 29.774385 29.771885 29.770575 29.769901 29.769553 29.769353 29.769195 29.768988 29.768623 29.767923 29.766574 29.764013 29.759250 29.750573 29.735087 29.708000 29.661523 29.583222 29.453535 29.242045 28.901838 28.360850 27.508495 26.175159 24.102433 20.907713 16.073161 9.077630 0.000000 
50.000000 48.055549 46.171381 44.402177 42.792278 41.372500 40.158845 39.153104 38.344997 37.715303 37.239351 36.890309 36.641891 36.470255 36.355102 36.280057 36.232535 36.203284 36.185778 36.175587 36.169815 36.166632 36.164922 36.164026 36.163564 36.163325 36.163187 36.163075 36.162925 36.162659 36.162146 36.161156 36.159272 36.155762 36.149350 36.137871 36.117716 36.082967 36.024073 35.925773 35.763836 35.499781 35.071998 34.380153 33.256506 31.411360 28.329015 23.085691 14.152792 0.000000 
50.000000 49.012467 48.055549 47.157018 46.339393 45.618324 45.001939 44.491148 44.080729 43.760921 43.519195 43.341923 43.215756 43.128585 43.070100 43.031985 43.007849 42.992993 42.984102 42.978926 42.975994 42.974377 42.973509 42.973054 42.972819 42.972697 42.972627 42.972569 42.972490 42.972349 42.972078 42.971553 42.970554 42.968689 42.965278 42.959158 42.948387 42.929760 42.898065 42.844890 42.756683 42.611469 42.372950 41.979142 41.318429 40.173921 38.079388 33.902757 24.506233 0.000000 
50.000000 50.000000 50.000000 50.000000 50.000000 50.000000 50.000000 50.000000 50.000000 50.000000 50.000000 50.000000 50.000000 50.000000 50.000000 50.000000 50.000000 50.000000 50.000000 50.000000 50.000000 50.000000 50.000000 50.000000 50.000000 50.000000 50.000000 50.000000 50.000000 50.000000 50.000000 50.000000 50.000000 50.000000 50.000000 50.000000 50.000000 50.000000 50.000000 50.000000 50.000000 50.000000 50.000000 50.000000 50.000000 50.000000 50.000000 50.000000 50.000000 50.000000 
