50.000000 50.000000 50.000000 50.000000 50.000000 50.000000 50.000000 50.000000 50.000000 50.000000 50.000000 50.000000 50.000000 50.000000 50.000000 50.000000 50.000000 50.000000 50.000000 50.000000 50.000000 50.000000 50.000000 50.000000 50.000000 50.000000 50.000000 50.000000 50.000000 50.000000 50.000000 50.000000 50.000000 50.000000 50.000000 50.000000 50.000000 50.000000 50.000000 50.000000 50.000000 50.000000 50.000000 50.000000 50.000000 50.000000 50.000000 50.000000 50.000000 50.000000 
50.000000 48.604763 47.270618 46.050642 44.983629 44.090797 43.375809 42.827613 42.425001 42.141610 41.950322 41.826424 41.749367 41.703318 41.676857 41.662225 41.654434 41.650435 41.648457 41.647512 41.647076 41.646881 41.646797 41.646762 41.646748 41.646742 41.646739 41.646737 41.646732 41.646719 41.646689 41.646617 41.646451 41.646078 41.645263 41.643533 41.639959 41.632777 41.618706 41.591804 41.541474 41.449034 41.281529 40.979940 40.434739 39.429708 37.497452 33.502674 24.302382 0.000000 
50.000000 47.270618 44.660748 42.274220 40.186926 38.440371 37.041720 35.969351 35.181775 34.627419 34.253233 34.010873 33.860142 33.770066 33.718305 33.689685 33.674445 33.666624 33.662754 33.660905 33.660053 33.659672 33.659508 33.659440 33.659412 33.659401 33.659395 33.659390 33.659380 33.659358 33.659302 33.659169 33.658863 33.658175 33.656677 33.653500 33.646958 33.633847 33.608270 33.559623 33.469258 33.304907 33.011265 32.493594 31.588086 30.006309 27.230361 22.330374 13.767944 0.000000 
50.000000 46.050642 42.274220 38.820978 35.800734 33.273540 31.249763 29.698113 28.558550 27.756448 27.215042 26.864377 26.646291 26.515966 26.441079 26.399671 26.377623 26.366309 26.360710 26.358035 26.356802 26.356252 26.356014 26.355915 26.355875 26.355858 26.355851 26.355844 26.355831 26.355801 26.355727 26.355553 26.355151 26.354251 26.352294 26.348160 26.339677 26.322761 26.289959 26.228058 26.114248 25.910074 25.552053 24.937218 23.901295 22.187591 19.410489 15.043859 8.553190 0.000000 
50.000000 44.983629 40.186926 35.800734 31.964540 28.754624 26.184144 24.213353 22.765982 21.747237 21.059611 20.614248 20.337273 20.171760 20.076654 20.024068 19.996068 19.981701 19.974591 19.971195 19.969628 19.968930 19.968628 19.968502 19.968451 19.968431 19.968421 19.968413 19.968399 19.968365 19.968283 19.968090 19.967645 19.966652 19.964499 19.959970 19.950722 19.932391 19.897113 19.831165 19.711360 19.499744 19.136133 18.528267 17.540201 15.982270 13.613143 10.180618 5.553921 0.000000 
50.000000 44.090797 38.440371 33.273540 28.754624 24.973473 21.945583 19.624124 17.919242 16.719265 15.909326 15.384753 15.058524 14.863581 14.751569 14.689636 14.656660 14.639739 14.631366 14.627367 14.625522 14.624700 14.624345 14.624197 14.624137 14.624112 14.624102 14.624093 14.624079 14.624045 14.623964 14.623773 14.623334 14.622358 14.620251 14.615838 14.606878 14.589239 14.555572 14.493273 14.381523 14.187237 13.859999 13.326576 12.486736 11.214423 9.372245 6.852286 3.656058 0.000000 
50.000000 43.375809 37.041720 31.249763 26.184144 21.945583 18.551444 15.949217 14.038168 12.693102 11.785252 11.197277 10.831626 10.613131 10.487589 10.418177 10.381220 10.362258 10.352874 10.348393 10.346326 10.345404 10.345006 10.344840 10.344773 10.344746 10.344734 10.344726 10.344713 10.344682 10.344609 10.344436 10.344041 10.343165 10.341282 10.337359 10.329441 10.313966 10.284679 10.231045 10.136033 9.973346 9.704373 9.275722 8.619007 7.655877 6.312545 4.548126 2.395869 0.000000 
50.000000 42.827613 35.969351 29.698113 24.213353 19.624124 15.949217 13.131768 11.062691 9.606425 8.623537 7.986977 7.591120 7.354582 7.218676 7.143535 7.103530 7.083003 7.072846 7.067996 7.065758 7.064761 7.064330 7.064151 7.064078 7.064049 7.064037 7.064029 7.064017 7.063991 7.063929 7.063785 7.063455 7.062727 7.061169 7.057941 7.051464 7.038895 7.015312 6.972552 6.897703 6.771338 6.565884 6.244844 5.764125 5.077220 4.146060 2.958087 1.546085 0.000000 
50.000000 42.425001 35.181775 28.558550 22.765982 17.919242 14.038168 11.062691 8.877592 7.339691 6.301723 5.629503 5.211479 4.961701 4.818190 4.738848 4.696606 4.674933 4.664208 4.659087 4.656725 4.655671 4.655217 4.655028 4.654951 4.654920 4.654908 4.654900 4.654891 4.654870 4.654822 4.654709 4.654452 4.653886 4.652682 4.650198 4.645247 4.635704 4.617945 4.586050 4.530832 4.438796 4.291353 4.064822 3.732005 3.266238 2.648476 1.876867 0.975967 0.000000 
50.000000 42.141610 34.627419 27.756448 21.747237 16.719265 12.693102 9.606425 7.339691 5.744356 4.667641 3.970338 3.536725 3.277636 3.128779 3.046483 3.002669 2.980190 2.969068 2.963756 2.961306 2.960214 2.959743 2.959546 2.959467 2.959435 2.959423 2.959416 2.959408 2.959393 2.959357 2.959274 2.959085 2.958672 2.957796 2.955999 2.952437 2.945618 2.933024 2.910604 2.872178 2.808859 2.708722 2.557069 2.337741 2.035877 1.642200 1.158161 0.600136 0.000000 
50.000000 41.950322 34.253233 27.215042 21.059611 15.909326 11.785252 8.623537 6.301723 4.667641 3.564789 2.850569 2.406442 2.141076 1.988616 1.904328 1.859456 1.836434 1.825042 1.819603 1.817094 1.815975 1.815493 1.815292 1.815210 1.815178 1.815165 1.815159 1.815153 1.815143 1.815117 1.815059 1.814929 1.814644 1.814041 1.812812 1.810388 1.805778 1.797324 1.782394 1.757037 1.715673 1.650985 1.554207 1.416053 1.228446 0.986983 0.693610 0.358518 0.000000 
50.000000 41.826424 34.010873 26.864377 20.614248 15.384753 11.197277 7.986977 5.629503 3.970338 2.850569 2.125402 1.674472 1.405046 1.250254 1.164679 1.119121 1.095748 1.084184 1.078661 1.076114 1.074979 1.074489 1.074285 1.074202 1.074170 1.074157 1.074151 1.074147 1.074139 1.074123 1.074085 1.073999 1.073812 1.073419 1.072621 1.071055 1.068094 1.062701 1.053245 1.037314 1.011558 0.971665 0.912598 0.829182 0.717135 0.574418 0.402603 0.207717 0.000000 
50.000000 41.749367 33.860142 26.646291 20.337273 15.058524 10.831626 7.591120 5.211479 3.536725 2.406442 1.674472 1.219317 0.947368 0.791129 0.704754 0.658772 0.635181 0.623509 0.617935 0.615364 0.614218 0.613724 0.613518 0.613435 0.613402 0.613389 0.613384 0.613380 0.613376 0.613365 0.613341 0.613287 0.613171 0.612927 0.612433 0.611470 0.609659 0.606378 0.600664 0.591107 0.575774 0.552225 0.517660 0.469285 0.404882 0.323531 0.226294 0.116591 0.000000 
50.000000 41.703318 33.770066 26.515966 20.171760 14.863581 10.613131 7.354582 4.961701 3.277636 2.141076 1.405046 0.947368 0.673913 0.516810 0.429959 0.383723 0.360003 0.348266 0.342662 0.340077 0.338925 0.338428 0.338221 0.338137 0.338104 0.338091 0.338086 0.338083 0.338080 0.338074 0.338059 0.338027 0.337958 0.337814 0.337522 0.336957 0.335898 0.333991 0.330688 0.325199 0.316454 0.303118 0.283690 0.256703 0.221038 0.176289 0.123108 0.063359 0.000000 
50.000000 41.676857 33.718305 26.441079 20.076654 14.751569 10.487589 7.218676 4.818190 3.128779 1.988616 1.250254 0.791129 0.516810 0.359212 0.272087 0.225706 0.201911 0.190138 0.184516 0.181923 0.180767 0.180269 0.180061 0.179977 0.179944 0.179931 0.179926 0.179924 0.179922 0.179918 0.179910 0.179892 0.179852 0.179770 0.179606 0.179288 0.178695 0.177633 0.175804 0.172781 0.167992 0.160735 0.150230 0.135731 0.116684 0.092919 0.064805 0.033324 0.000000 
50.000000 41.662225 33.689685 26.399671 20.024068 14.689636 10.418177 7.143535 4.738848 3.046483 1.904328 1.164679 0.704754 0.429959 0.272087 0.184812 0.138350 0.114514 0.102721 0.097089 0.094492 0.093334 0.092835 0.092626 0.092542 0.092509 0.092497 0.092492 0.092490 0.092488 0.092486 0.092482 0.092472 0.092450 0.092406 0.092317 0.092146 0.091828 0.091260 0.090287 0.088687 0.086166 0.082366 0.076896 0.069385 0.059569 0.047377 0.033008 0.016962 0.000000 
50.000000 41.654434 33.674445 26.377623 19.996068 14.656660 10.381220 7.103530 4.696606 3.002669 1.859456 1.119121 0.658772 0.383723 0.225706 0.138350 0.091846 0.067988 0.056184 0.050547 0.047948 0.046789 0.046289 0.046081 0.045996 0.045963 0.045951 0.045946 0.045944 0.045943 0.045942 0.045939 0.045934 0.045923 0.045900 0.045854 0.045765 0.045601 0.045310 0.044812 0.043997 0.042719 0.040803 0.038056 0.034302 0.029416 0.023371 0.016269 0.008356 0.000000 
50.000000 41.650435 33.666624 26.366309 19.981701 14.639739 10.362258 7.083003 4.674933 2.980190 1.836434 1.095748 0.635181 0.360003 0.201911 0.114514 0.067988 0.044119 0.032310 0.026670 0.024069 0.022910 0.022410 0.022201 0.022117 0.022084 0.022071 0.022067 0.022065 0.022064 0.022063 0.022062 0.022060 0.022054 0.022042 0.022019 0.021975 0.021894 0.021750 0.021505 0.021105 0.020481 0.019548 0.018217 0.016405 0.014056 0.011158 0.007761 0.003984 0.000000 
50.000000 41.648457 33.662754 26.360710 19.974591 14.631366 10.352874 7.072846 4.664208 2.969068 1.825042 1.084184 0.623509 0.348266 0.190138 0.102721 0.056184 0.032310 0.020497 0.014857 0.012255 0.011095 0.010595 0.010387 0.010302 0.010269 0.010257 0.010252 0.010250 0.010250 0.010249 0.010249 0.010247 0.010245 0.010239 0.010228 0.010207 0.010168 0.010099 0.009983 0.009794 0.009500 0.009062 0.008439 0.007593 0.006501 0.005157 0.003585 0.001840 0.000000 
50.000000 41.647512 33.660905 26.358035 19.971195 14.627367 10.348393 7.067996 4.659087 2.963756 1.819603 1.078661 0.617935 0.342662 0.184516 0.097089 0.050547 0.026670 0.014857 0.009215 0.006614 0.005454 0.004954 0.004745 0.004661 0.004628 0.004615 0.004610 0.004609 0.004608 0.004608 0.004608 0.004607 0.004606 0.004603 0.004598 0.004588 0.004570 0.004539 0.004485 0.004399 0.004265 0.004066 0.003784 0.003403 0.002911 0.002308 0.001604 0.000823 0.000000 
50.000000 41.647076 33.660053 26.356802 19.969628 14.625522 10.346326 7.065758 4.656725 2.961306 1.817094 1.076115 0.615365 0.340077 0.181923 0.094492 0.047948 0.024070 0.012255 0.006614 0.004012 0.002852 0.002352 0.002143 0.002059 0.002026 0.002013 0.002009 0.002007 0.002006 0.002006 0.002006 0.002006 0.002005 0.002004 0.002002 0.001997 0.001989 0.001975 0.001952 0.001914 0.001855 0.001767 0.001644 0.001478 0.001263 0.001001 0.000695 0.000357 0.000000 
50.000000 41.646881 33.659673 26.356252 19.968930 14.624700 10.345405 7.064761 4.655672 2.960215 1.815976 1.074980 0.614219 0.338926 0.180768 0.093335 0.046790 0.022911 0.011096 0.005455 0.002853 0.001693 0.001193 0.000984 0.000900 0.000867 0.000854 0.000849 0.000848 0.000847 0.000847 0.000847 0.000847 0.000846 0.000846 0.000845 0.000843 0.000840 0.000834 0.000824 0.000807 0.000782 0.000745 0.000693 0.000622 0.000532 0.000421 0.000292 0.000150 0.000000 
50.000000 41.646798 33.659509 26.356015 19.968630 14.624347 10.345008 7.064333 4.655220 2.959745 1.815495 1.074492 0.613727 0.338430 0.180271 0.092837 0.046292 0.022413 0.010598 0.004956 0.002354 0.001194 0.000694 0.000486 0.000401 0.000368 0.000356 0.000351 0.000349 0.000349 0.000348 0.000348 0.000348 0.000348 0.000348 0.000348 0.000347 0.000345 0.000343 0.000339 0.000332 0.000321 0.000306 0.000284 0.000255 0.000218 0.000173 0.000120 0.000061 0.000000 
50.000000 41.646764 33.659442 26.355919 19.968507 14.624202 10.344846 7.064157 4.655034 2.959553 1.815299 1.074292 0.613525 0.338228 0.180068 0.092634 0.046088 0.022209 0.010394 0.004752 0.002150 0.000990 0.000490 0.000281 0.000197 0.000164 0.000151 0.000147 0.000145 0.000145 0.000144 0.000144 0.000144 0.000144 0.000144 0.000144 0.000144 0.000143 0.000142 0.000140 0.000137 0.000133 0.000127 0.000118 0.000106 0.000090 0.000071 0.000050 0.000025 0.000000 
50.000000 41.646751 33.659419 26.355885 19.968464 14.624151 10.344789 7.064095 4.654969 2.959485 1.815229 1.074222 0.613454 0.338156 0.179996 0.092562 0.046016 0.022137 0.010322 0.004680 0.002078 0.000918 0.000418 0.000210 0.000125 0.000092 0.000080 0.000075 0.000073 0.000073 0.000073 0.000073 0.000072 0.000072 0.000072 0.000072 0.000072 0.000072 0.000071 0.000070 0.000069 0.000067 0.000064 0.000059 0.000053 0.000045 0.000036 0.000025 0.000013 0.000000 
50.000000 41.646751 33.659419 26.355885 19.968464 14.624151 10.344789 7.064095 4.654969 2.959485 1.815229 1.074222 0.613454 0.338156 0.179996 0.092562 0.046016 0.022137 0.010322 0.004680 0.002078 0.000918 0.000418 0.000210 0.000125 0.000092 0.000080 0.000075 0.000073 0.000073 0.000073 0.000073 0.000072 0.000072 0.000072 0.000072 0.000072 0.000072 0.000071 0.000070 0.000069 0.000067 0.000064 0.000059 0.000053 0.000045 0.000036 0.000025 0.000013 0.000000 
50.000000 41.646764 33.659442 26.355919 19.968507 14.624202 10.344846 7.064157 4.655034 2.959553 1.815299 1.074292 0.613525 0.338228 0.180068 0.092634 0.046088 0.022209 0.010394 0.004752 0.002150 0.000990 0.000490 0.000281 0.000197 0.000164 0.000151 0.000147 0.000145 0.000145 0.000144 0.000144 0.000144 0.000144 0.000144 0.000144 0.000144 0.000143 0.000142 0.000140 0.000137 0.000133 0.000127 0.000118 0.000106 0.000090 0.000071 0.000050 0.000025 0.000000 
50.000000 41.646798 33.659509 26.356015 19.968630 14.624347 10.345008 7.064333 4.655220 2.959745 1.815495 1.074492 0.613727 0.338430 0.180271 0.092837 0.046292 0.022413 0.010598 0.004956 0.002354 0.001194 0.000694 0.000486 0.000401 0.000368 0.000356 0.000351 0.000349 0.000349 0.000348 0.000348 0.000348 0.000348 0.000348 0.000348 0.000347 0.000345 0.000343 0.000339 0.000332 0.000321 0.000306 0.000284 0.000255 0.000218 0.000173 0.000120 0.000061 0.000000 
50.000000 41.646881 33.659673 26.356252 19.968930 14.624700 10.345405 7.064761 4.655672 2.960215 1.815976 1.074980 0.614219 0.338926 0.180768 0.093335 0.046790 0.022911 0.011096 0.005455 0.002853 0.001693 0.001193 0.000984 0.000900 0.000867 0.000854 0.000849 0.000848 0.000847 0.000847 0.000847 0.000847 0.000846 0.000846 0.000845 0.000843 0.000840 0.000834 0.000824 0.000807 0.000782 0.000745 0.000693 0.000622 0.000532 0.000421 0.000292 0.000150 0.000000 
50.000000 41.647076 33.660053 26.356802 19.969628 14.625522 10.346326 7.065758 4.656725 2.961306 1.817094 1.076115 0.615365 0.340077 0.181923 0.094492 0.047948 0.024070 0.012255 0.006614 0.004012 0.002852 0.002352 0.002143 0.002059 0.002026 0.002013 0.002009 0.002007 0.002006 0.002006 0.002006 0.002006 0.002005 0.002004 0.002002 0.001997 0.001989 0.001975 0.001952 0.001914 0.001855 0.001767 0.001644 0.001478 0.001263 0.001001 0.000695 0.000357 0.000000 
50.000000 41.647512 33.660905 26.358035 19.971195 14.627367 10.348393 7.067996 4.659087 2.963756 1.819603 1.078661 0.617935 0.342662 0.184516 0.097089 0.050547 0.026670 0.014857 0.009215 0.006614 0.005454 0.004954 0.004745 0.004661 0.004628 0.004615 0.004610 0.004609 0.004608 0.004608 0.004608 0.004607 0.004606 0.004603 0.004598 0.004588 0.004570 0.004539 0.004485 0.004399 0.004265 0.004066 0.003784 0.003403 0.002911 0.002308 0.001604 0.000823 0.000000 
50.000000 41.648457 33.662754 26.360710 19.974591 14.631366 10.352874 7.072846 4.664208 2.969068 1.825042 1.084184 0.623509 0.348266 0.190138 0.102721 0.056184 0.032310 0.020497 0.014857 0.012255 0.011095 0.010595 0.010387 0.010302 0.010269 0.010257 0.010252 0.010250 0.010250 0.010249 0.010249 0.010247 0.010245 0.010239 0.010228 0.010207 0.010168 0.010099 0.009983 0.009794 0.009500 0.009062 0.008439 0.007593 0.006501 0.005157 0.003585 0.001840 0.000000 
50.000000 41.650435 33.666624 26.366309 19.981701 14.639739 10.362258 7.083003 4.674933 2.980190 1.836434 1.095748 0.635181 0.360003 0.201911 0.114514 0.067988 0.044119 0.032310 0.026670 0.024069 0.022910 0.022410 0.022201 0.022117 0.022084 0.022071 0.022067 0.022065 0.022064 0.022063 0.022062 0.022060 0.022054 0.022042 0.022019 0.021975 0.021894 0.021750 0.021505 0.021105 0.020481 0.019548 0.018217 0.016405 0.014056 0.011158 0.007761 0.003984 0.000000 
50.000000 41.654434 33.674445 26.377623 19.996068 14.656660 10.381220 7.103530 4.696606 3.002669 1.859456 1.119121 0.658772 0.383723 0.225706 0.138350 0.091846 0.067988 0.056184 0.050547 0.047948 0.046789 0.046289 0.046081 0.045996 0.045963 0.045951 0.045946 0.045944 0.045943 0.045942 0.045939 0.045934 0.045923 0.045900 0.045854 0.045765 0.045601 0.045310 0.044812 0.043997 0.042719 0.040803 0.038056 0.034302 0.029416 0.023371 0.016269 0.008356 0.000000 
50.000000 41.662225 33.689685 26.399671 20.024068 14.689636 10.418177 7.143535 4.738848 3.046483 1.904328 1.164679 0.704754 0.429959 0.272087 0.184812 0.138350 0.114514 0.102721 0.097089 0.094492 0.093334 0.092835 0.092626 0.092542 0.092509 0.092497 0.092492 0.092490 0.092488 0.092486 0.092482 0.092472 0.092450 0.092406 0.092317 0.092146 0.091828 0.091260 0.090287 0.088687 0.086166 0.082366 0.076896 0.069385 0.059569 0.047377 0.033008 0.016962 0.000000 
50.000000 41.676857 33.718305 26.441079 20.076654 14.751569 10.487589 7.218676 4.818190 3.128779 1.988616 1.250254 0.791129 0.516810 0.359212 0.272087 0.225706 0.201911 0.190138 0.184516 0.181923 0.180767 0.180269 0.180061 0.179977 0.179944 0.179931 0.179926 0.179924 0.179922 0.179918 0.179910 0.179892 0.179852 0.179770 0.179606 0.179288 0.178695 0.177633 0.175804 0.172781 0.167992 0.160735 0.150230 0.135731 0.116684 0.092919 0.064805 0.033324 0.000000 
50.000000 41.703318 33.770066 26.515966 20.171760 14.863581 10.613131 7.354582 4.961701 3.277636 2.141076 1.405046 0.947368 0.673913 0.516810 0.429959 0.383723 0.360003 0.348266 0.342662 0.340077 0.338925 0.338428 0.338221 0.338137 0.338104 0.338091 0.338086 0.338083 0.338080 0.338074 0.338059 0.338027 0.337958 0.337814 0.337522 0.336957 0.335898 0.333991 0.330688 0.325199 0.316454 0.303118 0.283690 0.256703 0.221038 0.176289 0.123108 0.063359 0.000000 
50.000000 41.749367 33.860142 26.646291 20.337273 15.058524 10.831626 7.591120 5.211479 3.536725 2.406442 1.674472 1.219317 0.947368 0.791129 0.704754 0.658772 0.635181 0.623509 0.617935 0.615364 0.614218 0.613724 0.613518 0.613435 0.613402 0.613389 0.613384 0.613380 0.613376 0.613365 0.613341 0.613287 0.613171 0.612927 0.612433 0.611470 0.609659 0.606378 0.600664 0.591107 0.575774 0.552225 0.517660 0.469285 0.404882 0.323531 0.226294 0.116591 0.000000 
50.000000 41.826424 34.010873 26.864377 20.614248 15.384753 11.197277 7.986977 5.629503 3.970338 2.850569 2.125402 1.674472 1.405046 1.250254 1.164679 1.119121 1.095748 1.084184 1.078661 1.076114 1.074979 1.074489 1.074285 1.074202 1.074170 1.074157 1.074151 1.074147 1.074139 1.074123 1.074085 1.073999 1.073812 1.073419 1.072621 1.071055 1.068094 1.062701 1.053245 1.037314 1.011558 0.971665 0.912598 0.829182 0.717135 0.574418 0.402603 0.207717 0.000000 
50.000000 41.950322 34.253233 27.215042 21.059611 15.909326 11.785252 8.623537 6.301723 4.667641 3.564789 2.850569 2.406442 2.141076 1.988616 1.904328 1.859456 1.836434 1.825042 1.819603 1.817094 1.815975 1.815493 1.815292 1.815210 1.815178 1.815165 1.815159 1.815153 1.815143 1.815117 1.815059 1.814929 1.814644 1.814041 1.812812 1.810388 1.805778 1.797324 1.782394 1.757037 1.715673 1.650985 1.554207 1.416053 1.228446 0.986983 0.693610 0.358518 0.000000 
50.000000 42.141610 34.627419 27.756448 21.747237 16.719265 12.693102 9.606425 7.339691 5.744356 4.667641 3.970338 3.536725 3.277636 3.128779 3.046483 3.002669 2.980190 2.969068 2.963756 2.961306 2.960214 2.959743 2.959546 2.959467 2.959435 2.959423 2.959416 2.959408 2.959393 2.959357 2.959274 2.959085 2.958672 2.957796 2.955999 2.952437 2.945618 2.933024 2.910604 2.872178 2.808859 2.708722 2.557069 2.337741 2.035877 1.642200 1.158161 0.600136 0.000000 
50.000000 42.425001 35.181775 28.558550 22.765982 17.919242 14.038168 11.062691 8.877592 7.339691 6.301723 5.629503 5.211479 4.961701 4.818190 4.738848 4.696606 4.674933 4.664208 4.659087 4.656725 4.655671 4.655217 4.655028 4.654951 4.654920 4.654908 4.654900 4.654891 4.654870 4.654822 4.654709 4.654452 4.653886 4.652682 4.650198 4.645247 4.635704 4.617945 4.586050 4.530832 4.438796 4.291353 4.064822 3.732005 3.266238 2.648476 1.876867 0.975967 0.000000 
50.000000 42.827613 35.969351 29.698113 24.213353 19.624124 15.949217 13.131768 11.062691 9.606425 8.623537 7.986977 7.591120 7.354582 7.218676 7.143535 7.103530 7.083003 7.072846 7.067996 7.065758 7.064761 7.064330 7.064151 7.064078 7.064049 7.064037 7.064029 7.064017 7.063991 7.063929 7.063785 7.063455 7.062727 7.061169 7.057941 7.051464 7.038895 7.015312 6.972552 6.897703 6.771338 6.565884 6.244844 5.764125 5.077220 4.146060 2.958087 1.546085 0.000000 
50.000000 43.375809 37.041720 31.249763 26.184144 21.945583 18.551444 15.949217 14.038168 12.693102 11.785252 11.197277 10.831626 10.613131 10.487589 10.418177 10.381220 10.362258 10.352874 10.348393 10.346326 10.345404 10.345006 10.344840 10.344773 10.344746 10.344734 10.344726 10.344713 10.344682 10.344609 10.344436 10.344041 10.343165 10.341282 10.337359 10.329441 10.313966 10.284679 10.231045 10.136033 9.973346 9.704373 9.275722 8.619007 7.655877 6.312545 4.548126 2.395869 0.000000 
50.000000 44.090797 38.440371 33.273540 28.754624 24.973473 21.945583 19.624124 17.919242 16.719265 15.909326 15.384753 15.058524 14.863581 14.751569 14.689636 14.656660 14.639739 14.631366 14.627367 14.625522 14.624700 14.624345 14.624197 14.624137 14.624112 14.624102 14.624093 14.624079 14.624045 14.623964 14.623773 14.623334 14.622358 14.620251 14.615838 14.606878 14.589239 14.555572 14.493273 14.381523 14.187237 13.859999 13.326576 12.486736 11.214423 9.372245 6.852286 3.656058 0.000000 
50.000000 44.983629 40.186926 35.800734 31.964540 28.754624 26.184144 24.213353 22.765982 21.747237 21.059611 20.614248 20.337273 20.171760 20.076654 20.024068 19.996068 19.981701 19.974591 19.971195 19.969628 19.968930 19.968628 19.968502 19.968451 19.968431 19.968421 19.968413 19.968399 19.968365 19.968283 19.968090 19.967645 19.966652 19.964499 19.959970 19.950722 19.932391 19.897113 19.831165 19.711360 19.499744 19.136133 18.528267 17.540201 15.982270 13.613143 10.180618 5.553921 0.000000 
50.000000 46.050642 42.274220 38.820978 35.800734 33.273540 31.249763 29.698113 28.558550 27.756448 27.215042 26.864377 26.646291 26.515966 26.441079 26.399671 26.377623 26.366309 26.360710 26.358035 26.356802 26.356252 26.356014 26.355915 26.355875 26.355858 26.355851 26.355844 26.355831 26.355801 26.355727 26.355553 26.355151 26.354251 26.352294 26.348160 26.339677 26.322761 26.289959 26.228058 26.114248 25.910074 25.552053 24.937218 23.901295 22.187591 19.410489 15.043859 8.553190 0.000000 
50.000000 47.270618 44.660748 42.274220 40.186926 38.440371 37.041720 35.969351 35.181775 34.627419 34.253233 34.010873 33.860142 33.770066 33.718305 33.689685 33.674445 33.666624 33.662754 33.660905 33.660053 33.659672 33.659508 33.659440 33.659412 33.659401 33.659395 33.659390 33.659380 33.659358 33.659302 33.659169 33.658863 33.658175 33.656677 33.653500 33.646958 33.633847 33.608270 33.559623 33.469258 33.304907 33.011265 32.493594 31.588086 30.006309 27.230361 22.330374 13.767944 0.000000 
50.000000 48.604763 47.270618 46.050642 44.983629 44.090797 43.375809 42.827613 42.425001 42.141610 41.950322 41.826424 41.749367 41.703318 41.676857 41.662225 41.654434 41.650435 41.648457 41.647512 41.647076 41.646881 41.646797 41.646762 41.646748 41.646742 41.646739 41.646737 41.646732 41.646719 41.646689 41.646617 41.646451 41.646078 41.645263 41.643533 41.639959 41.632777 41.618706 41.591804 41.541474 41.449034 41.281529 40.979940 40.434739 39.429708 37.497452 33.502674 24.302382 0.000000 
50.000000 50.000000 50.000000 50.000000 50.000000 50.000000 50.000000 50.000000 50.000000 50.000000 50.000000 50.000000 50.000000 50.000000 50.000000 50.000000 50.000000 50.000000 50.000000 50.000000 50.000000 50.000000 50.000000 50.000000 50.000000 50.000000 50.000000 50.000000 50.000000 50.000000 50.000000 50.000000 50.000000 50.000000 50.000000 50.000000 50.000000 50.000000 50.000000 50.000000 50.000000 50.000000 50.000000 50.000000 50.000000 50.000000 50.000000 50.000000 50.000000 50.000000 
