50.000000 50.000000 50.000000 50.000000 50.000000 50.000000 50.000000 50.000000 50.000000 50.000000 50.000000 50.000000 50.000000 50.000000 50.000000 50.000000 50.000000 50.000000 50.000000 50.000000 50.000000 50.000000 50.000000 50.000000 50.000000 50.000000 50.000000 50.000000 50.000000 50.000000 50.000000 50.000000 50.000000 50.000000 50.000000 50.000000 50.000000 50.000000 50.000000 50.000000 50.000000 50.000000 50.000000 50.000000 50.000000 50.000000 50.000000 50.000000 50.000000 50.000000 
50.000000 42.556850 36.831992 33.376661 31.695463 31.018732 30.788256 30.720589 30.703196 30.699231 30.698421 30.698271 30.698246 30.698242 30.698241 30.698241 30.698241 30.698241 30.698241 30.698241 30.698241 30.698241 30.698241 30.698241 30.698241 30.698241 30.698241 30.698241 30.698241 30.698241 30.698241 30.698241 30.698241 30.698241 30.698241 30.698241 30.698241 30.698241 30.698239 30.698229 30.698167 30.697811 30.695930 30.686856 30.646904 30.486351 29.894812 27.871117 21.278425 0.000000 
50.000000 36.831992 26.705511 20.595245 17.623391 16.427655 16.020615 15.901170 15.870484 15.863493 15.862065 15.861802 15.861757 15.861751 15.861750 15.861749 15.861749 15.861749 15.861749 15.861749 15.861749 15.861749 15.861749 15.861749 15.861749 15.861749 15.861749 15.861749 15.861749 15.861749 15.861749 15.861749 15.861749 15.861749 15.861749 15.861749 15.861749 15.861749 15.861747 15.861735 15.861661 15.861238 15.859044 15.848694 15.804600 15.636152 15.063705 13.352756 8.960876 0.000000 
50.000000 33.376661 20.595245 12.885460 9.137210 7.629820 7.116964 6.966554 6.927935 6.919142 6.917348 6.917017 6.916961 6.916952 6.916951 6.916951 6.916951 6.916951 6.916951 6.916951 6.916951 6.916951 6.916951 6.916951 6.916951 6.916951 6.916951 6.916951 6.916951 6.916951 6.916951 6.916951 6.916951 6.916951 6.916951 6.916951 6.916951 6.916951 6.916949 6.916941 6.916890 6.916600 6.915117 6.908264 6.879892 6.775844 6.442730 5.531540 3.481849 0.000000 
50.000000 31.695463 17.623391 9.137210 5.012855 3.354842 2.790976 2.625679 2.583258 2.573604 2.571635 2.571272 2.571211 2.571201 2.571200 2.571200 2.571200 2.571200 2.571200 2.571200 2.571200 2.571200 2.571200 2.571200 2.571200 2.571200 2.571200 2.571200 2.571200 2.571200 2.571200 2.571200 2.571200 2.571200 2.571200 2.571200 2.571200 2.571200 2.571199 2.571195 2.571169 2.571026 2.570303 2.567017 2.553716 2.506427 2.361366 1.987239 1.209112 0.000000 
50.000000 31.018732 16.427655 7.629820 3.354842 1.636672 1.052493 0.881287 0.837362 0.827368 0.825330 0.824955 0.824891 0.824882 0.824880 0.824880 0.824880 0.824880 0.824880 0.824880 0.824880 0.824880 0.824880 0.824880 0.824880 0.824880 0.824880 0.824880 0.824880 0.824880 0.824880 0.824880 0.824880 0.824880 0.824880 0.824880 0.824880 0.824880 0.824880 0.824878 0.824868 0.824813 0.824535 0.823290 0.818336 0.801126 0.749928 0.623055 0.371828 0.000000 
50.000000 30.788256 16.020615 7.116964 2.790976 1.052493 0.461478 0.288290 0.243862 0.233756 0.231695 0.231315 0.231251 0.231241 0.231240 0.231240 0.231240 0.231240 0.231240 0.231240 0.231240 0.231240 0.231240 0.231240 0.231240 0.231240 0.231240 0.231240 0.231240 0.231240 0.231240 0.231240 0.231240 0.231240 0.231240 0.231240 0.231240 0.231240 0.231240 0.231239 0.231236 0.231218 0.231130 0.230739 0.229203 0.223959 0.208700 0.171921 0.101400 0.000000 
50.000000 30.720589 15.901170 6.966554 2.625679 0.881287 0.288290 0.114530 0.069957 0.059818 0.057751 0.057370 0.057306 0.057296 0.057295 0.057295 0.057295 0.057295 0.057295 0.057295 0.057295 0.057295 0.057295 0.057295 0.057295 0.057295 0.057295 0.057295 0.057295 0.057295 0.057295 0.057295 0.057295 0.057295 0.057295 0.057295 0.057295 0.057295 0.057295 0.057294 0.057294 0.057289 0.057265 0.057160 0.056752 0.055376 0.051436 0.042126 0.024659 0.000000 
50.000000 30.703196 15.870484 6.927935 2.583258 0.837362 0.243862 0.069957 0.025348 0.015201 0.013133 0.012751 0.012687 0.012677 0.012676 0.012676 0.012675 0.012675 0.012675 0.012675 0.012675 0.012675 0.012675 0.012675 0.012675 0.012675 0.012675 0.012675 0.012675 0.012675 0.012675 0.012675 0.012675 0.012675 0.012675 0.012675 0.012675 0.012675 0.012675 0.012675 0.012675 0.012674 0.012668 0.012644 0.012549 0.012232 0.011335 0.009246 0.005385 0.000000 
50.000000 30.699231 15.863493 6.919142 2.573604 0.827368 0.233756 0.059818 0.015201 0.005053 0.002983 0.002602 0.002538 0.002528 0.002527 0.002526 0.002526 0.002526 0.002526 0.002526 0.002526 0.002526 0.002526 0.002526 0.002526 0.002526 0.002526 0.002526 0.002526 0.002526 0.002526 0.002526 0.002526 0.002526 0.002526 0.002526 0.002526 0.002526 0.002526 0.002526 0.002526 0.002526 0.002525 0.002520 0.002500 0.002435 0.002253 0.001832 0.001063 0.000000 
50.000000 30.698421 15.862065 6.917348 2.571635 0.825330 0.231695 0.057751 0.013133 0.002983 0.000914 0.000533 0.000469 0.000459 0.000457 0.000457 0.000457 0.000457 0.000457 0.000457 0.000457 0.000457 0.000457 0.000457 0.000457 0.000457 0.000457 0.000457 0.000457 0.000457 0.000457 0.000457 0.000457 0.000457 0.000457 0.000457 0.000457 0.000457 0.000457 0.000457 0.000457 0.000457 0.000457 0.000456 0.000452 0.000440 0.000407 0.000330 0.000191 0.000000 
50.000000 30.698271 15.861802 6.917017 2.571272 0.824955 0.231315 0.057370 0.012751 0.002602 0.000533 0.000151 0.000087 0.000077 0.000076 0.000076 0.000076 0.000076 0.000076 0.000076 0.000076 0.000076 0.000076 0.000076 0.000076 0.000076 0.000076 0.000076 0.000076 0.000076 0.000076 0.000076 0.000076 0.000076 0.000076 0.000076 0.000076 0.000076 0.000076 0.000076 0.000076 0.000076 0.000076 0.000075 0.000075 0.000073 0.000067 0.000054 0.000031 0.000000 
50.000000 30.698246 15.861757 6.916961 2.571211 0.824891 0.231251 0.057306 0.012687 0.002538 0.000469 0.000087 0.000023 0.000013 0.000012 0.000012 0.000012 0.000012 0.000012 0.000012 0.000012 0.000012 0.000012 0.000012 0.000012 0.000012 0.000012 0.000012 0.000012 0.000012 0.000012 0.000012 0.000012 0.000012 0.000012 0.000012 0.000012 0.000012 0.000012 0.000012 0.000012 0.000012 0.000011 0.000011 0.000011 0.000011 0.000010 0.000008 0.000005 0.000000 
50.000000 30.698242 15.861751 6.916952 2.571201 0.824882 0.231241 0.057296 0.012677 0.002528 0.000459 0.000077 0.000013 0.000003 0.000002 0.000002 0.000002 0.000002 0.000002 0.000002 0.000002 0.000002 0.000002 0.000002 0.000002 0.000002 0.000002 0.000002 0.000002 0.000002 0.000002 0.000002 0.000002 0.000002 0.000002 0.000002 0.000002 0.000002 0.000002 0.000002 0.000002 0.000002 0.000002 0.000002 0.000002 0.000002 0.000001 0.000001 0.000001 0.000000 
50.000000 30.698241 15.861750 6.916951 2.571200 0.824880 0.231240 0.057295 0.012676 0.002527 0.000457 0.000076 0.000012 0.000002 0.000000 0.000000 0.000000 0.000000 0.000000 0.000000 0.000000 0.000000 0.000000 0.000000 0.000000 0.000000 0.000000 0.000000 0.000000 0.000000 0.000000 0.000000 0.000000 0.000000 0.000000 0.000000 0.000000 0.000000 0.000000 0.000000 0.000000 0.000000 0.000000 0.000000 0.000000 0.000000 0.000000 0.000000 0.000000 0.000000 
50.000000 30.698241 15.861749 6.916951 2.571200 0.824880 0.231240 0.057295 0.012676 0.002526 0.000457 0.000076 0.000012 0.000002 0.000000 0.000000 0.000000 0.000000 0.000000 0.000000 0.000000 0.000000 0.000000 0.000000 0.000000 0.000000 0.000000 0.000000 0.000000 0.000000 0.000000 0.000000 0.000000 0.000000 0.000000 0.000000 0.000000 0.000000 0.000000 0.000000 0.000000 0.000000 0.000000 0.000000 0.000000 0.000000 0.000000 0.000000 0.000000 0.000000 
50.000000 30.698241 15.861749 6.916951 2.571200 0.824880 0.231240 0.057295 0.012675 0.002526 0.000457 0.000076 0.000012 0.000002 0.000000 0.000000 0.000000 0.000000 0.000000 0.000000 0.000000 0.000000 0.000000 0.000000 0.000000 0.000000 0.000000 0.000000 0.000000 0.000000 0.000000 0.000000 0.000000 0.000000 0.000000 0.000000 0.000000 0.000000 0.000000 0.000000 0.000000 0.000000 0.000000 0.000000 0.000000 0.000000 0.000000 0.000000 0.000000 0.000000 
50.000000 30.698241 15.861749 6.916951 2.571200 0.824880 0.231240 0.057295 0.012675 0.002526 0.000457 0.000076 0.000012 0.000002 0.000000 0.000000 0.000000 0.000000 0.000000 0.000000 0.000000 0.000000 0.000000 0.000000 0.000000 0.000000 0.000000 0.000000 0.000000 0.000000 0.000000 0.000000 0.000000 0.000000 0.000000 0.000000 0.000000 0.000000 0.000000 0.000000 0.000000 0.000000 0.000000 0.000000 0.000000 0.000000 0.000000 0.000000 0.000000 0.000000 
50.000000 30.698241 15.861749 6.916951 2.571200 0.824880 0.231240 0.057295 0.012675 0.002526 0.000457 0.000076 0.000012 0.000002 0.000000 0.000000 0.000000 0.000000 0.000000 0.000000 0.000000 0.000000 0.000000 0.000000 0.000000 0.000000 0.000000 0.000000 0.000000 0.000000 0.000000 0.000000 0.000000 0.000000 0.000000 0.000000 0.000000 0.000000 0.000000 0.000000 0.000000 0.000000 0.000000 0.000000 0.000000 0.000000 0.000000 0.000000 0.000000 0.000000 
50.000000 30.698241 15.861749 6.916951 2.571200 0.824880 0.231240 0.057295 0.012675 0.002526 0.000457 0.000076 0.000012 0.000002 0.000000 0.000000 0.000000 0.000000 0.000000 0.000000 0.000000 0.000000 0.000000 0.000000 0.000000 0.000000 0.000000 0.000000 0.000000 0.000000 0.000000 0.000000 0.000000 0.000000 0.000000 0.000000 0.000000 0.000000 0.000000 0.000000 0.000000 0.000000 0.000000 0.000000 0.000000 0.000000 0.000000 0.000000 0.000000 0.000000 
50.000000 30.698241 15.861749 6.916951 2.571200 0.824880 0.231240 0.057295 0.012675 0.002526 0.000457 0.000076 0.000012 0.000002 0.000000 0.000000 0.000000 0.000000 0.000000 0.000000 0.000000 0.000000 0.000000 0.000000 0.000000 0.000000 0.000000 0.000000 0.000000 0.000000 0.000000 0.000000 0.000000 0.000000 0.000000 0.000000 0.000000 0.000000 0.000000 0.000000 0.000000 0.000000 0.000000 0.000000 0.000000 0.000000 0.000000 0.000000 0.000000 0.000000 
50.000000 30.698241 15.861749 6.916951 2.571200 0.824880 0.231240 0.057295 0.012675 0.002526 0.000457 0.000076 0.000012 0.000002 0.000000 0.000000 0.000000 0.000000 0.000000 0.000000 0.000000 0.000000 0.000000 0.000000 0.000000 0.000000 0.000000 0.000000 0.000000 0.000000 0.000000 0.000000 0.000000 0.000000 0.000000 0.000000 0.000000 0.000000 0.000000 0.000000 0.000000 0.000000 0.000000 0.000000 0.000000 0.000000 0.000000 0.000000 0.000000 0.000000 
50.000000 30.698241 15.861749 6.916951 2.571200 0.824880 0.231240 0.057295 0.012675 0.002526 0.000457 0.000076 0.000012 0.000002 0.000000 0.000000 0.000000 0.000000 0.000000 0.000000 0.000000 0.000000 0.000000 0.000000 0.000000 0.000000 0.000000 0.000000 0.000000 0.000000 0.000000 0.000000 0.000000 0.000000 0.000000 0.000000 0.000000 0.000000 0.000000 0.000000 0.000000 0.000000 0.000000 0.000000 0.000000 0.000000 0.000000 0.000000 0.000000 0.000000 
50.000000 30.698241 15.861749 6.916951 2.571200 0.824880 0.231240 0.057295 0.012675 0.002526 0.000457 0.000076 0.000012 0.000002 0.000000 0.000000 0.000000 0.000000 0.000000 0.000000 0.000000 0.000000 0.000000 0.000000 0.000000 0.000000 0.000000 0.000000 0.000000 0.000000 0.000000 0.000000 0.000000 0.000000 0.000000 0.000000 0.000000 0.000000 0.000000 0.000000 0.000000 0.000000 0.000000 0.000000 0.000000 0.000000 0.000000 0.000000 0.000000 0.000000 
50.000000 30.698241 15.861749 6.916951 2.571200 0.824880 0.231240 0.057295 0.012675 0.002526 0.000457 0.000076 0.000012 0.000002 0.000000 0.000000 0.000000 0.000000 0.000000 0.000000 0.000000 0.000000 0.000000 0.000000 0.000000 0.000000 0.000000 0.000000 0.000000 0.000000 0.000000 0.000000 0.000000 0.000000 0.000000 0.000000 0.000000 0.000000 0.000000 0.000000 0.000000 0.000000 0.000000 0.000000 0.000000 0.000000 0.000000 0.000000 0.000000 0.000000 
50.000000 30.698241 15.861749 6.916951 2.571200 0.824880 0.231240 0.057295 0.012675 0.002526 0.000457 0.000076 0.000012 0.000002 0.000000 0.000000 0.000000 0.000000 0.000000 0.000000 0.000000 0.000000 0.000000 0.000000 0.000000 0.000000 0.000000 0.000000 0.000000 0.000000 0.000000 0.000000 0.000000 0.000000 0.000000 0.000000 0.000000 0.000000 0.000000 0.000000 0.000000 0.000000 0.000000 0.000000 0.000000 0.000000 0.000000 0.000000 0.000000 0.000000 
50.000000 30.698241 15.861749 6.916951 2.571200 0.824880 0.231240 0.057295 0.012675 0.002526 0.000457 0.000076 0.000012 0.000002 0.000000 0.000000 0.000000 0.000000 0.000000 0.000000 0.000000 0.000000 0.000000 0.000000 0.000000 0.000000 0.000000 0.000000 0.000000 0.000000 0.000000 0.000000 0.000000 0.000000 0.000000 0.000000 0.000000 0.000000 0.000000 0.000000 0.000000 0.000000 0.000000 0.000000 0.000000 0.000000 0.000000 0.000000 0.000000 0.000000 
50.000000 30.698241 15.861749 6.916951 2.571200 0.824880 0.231240 0.057295 0.012675 0.002526 0.000457 0.000076 0.000012 0.000002 0.000000 0.000000 0.000000 0.000000 0.000000 0.000000 0.000000 0.000000 0.000000 0.000000 0.000000 0.000000 0.000000 0.000000 0.000000 0.000000 0.000000 0.000000 0.000000 0.000000 0.000000 0.000000 0.000000 0.000000 0.000000 0.000000 0.000000 0.000000 0.000000 0.000000 0.000000 0.000000 0.000000 0.000000 0.000000 0.000000 
50.000000 30.698241 15.861749 6.916951 2.571200 0.824880 0.231240 0.057295 0.012675 0.002526 0.000457 0.000076 0.000012 0.000002 0.000000 0.000000 0.000000 0.000000 0.000000 0.000000 0.000000 0.000000 0.000000 0.000000 0.000000 0.000000 0.000000 0.000000 0.000000 0.000000 0.000000 0.000000 0.000000 0.000000 0.000000 0.000000 0.000000 0.000000 0.000000 0.000000 0.000000 0.000000 0.000000 0.000000 0.000000 0.000000 0.000000 0.000000 0.000000 0.000000 
50.000000 30.698241 15.861749 6.916951 2.571200 0.824880 0.231240 0.057295 0.012675 0.002526 0.000457 0.000076 0.000012 0.000002 0.000000 0.000000 0.000000 0.000000 0.000000 0.000000 0.000000 0.000000 0.000000 0.000000 0.000000 0.000000 0.000000 0.000000 0.000000 0.000000 0.000000 0.000000 0.000000 0.000000 0.000000 0.000000 0.000000 0.000000 0.000000 0.000000 0.000000 0.000000 0.000000 0.000000 0.000000 0.000000 0.000000 0.000000 0.000000 0.000000 
50.000000 30.698241 15.861749 6.916951 2.571200 0.824880 0.231240 0.057295 0.012675 0.002526 0.000457 0.000076 0.000012 0.000002 0.000000 0.000000 0.000000 0.000000 0.000000 0.000000 0.000000 0.000000 0.000000 0.000000 0.000000 0.000000 0.000000 0.000000 0.000000 0.000000 0.000000 0.000000 0.000000 0.000000 0.000000 0.000000 0.000000 0.000000 0.000000 0.000000 0.000000 0.000000 0.000000 0.000000 0.000000 0.000000 0.000000 0.000000 0.000000 0.000000 
50.000000 30.698241 15.861749 6.916951 2.571200 0.824880 0.231240 0.057295 0.012675 0.002526 0.000457 0.000076 0.000012 0.000002 0.000000 0.000000 0.000000 0.000000 0.000000 0.000000 0.000000 0.000000 0.000000 0.000000 0.000000 0.000000 0.000000 0.000000 0.000000 0.000000 0.000000 0.000000 0.000000 0.000000 0.000000 0.000000 0.000000 0.000000 0.000000 0.000000 0.000000 0.000000 0.000000 0.000000 0.000000 0.000000 0.000000 0.000000 0.000000 0.000000 
50.000000 30.698241 15.861749 6.916951 2.571200 0.824880 0.231240 0.057295 0.012675 0.002526 0.000457 0.000076 0.000012 0.000002 0.000000 0.000000 0.000000 0.000000 0.000000 0.000000 0.000000 0.000000 0.000000 0.000000 0.000000 0.000000 0.000000 0.000000 0.000000 0.000000 0.000000 0.000000 0.000000 0.000000 0.000000 0.000000 0.000000 0.000000 0.000000 0.000000 0.000000 0.000000 0.000000 0.000000 0.000000 0.000000 0.000000 0.000000 0.000000 0.000000 
50.000000 30.698241 15.861749 6.916951 2.571200 0.824880 0.231240 0.057295 0.012675 0.002526 0.000457 0.000076 0.000012 0.000002 0.000000 0.000000 0.000000 0.000000 0.000000 0.000000 0.000000 0.000000 0.000000 0.000000 0.000000 0.000000 0.000000 0.000000 0.000000 0.000000 0.000000 0.000000 0.000000 0.000000 0.000000 0.000000 0.000000 0.000000 0.000000 0.000000 0.000000 0.000000 0.000000 0.000000 0.000000 0.000000 0.000000 0.000000 0.000000 0.000000 
50.000000 30.698241 15.861749 6.916951 2.571200 0.824880 0.231240 0.057295 0.012676 0.002526 0.000457 0.000076 0.000012 0.000002 0.000000 0.000000 0.000000 0.000000 0.000000 0.000000 0.000000 0.000000 0.000000 0.000000 0.000000 0.000000 0.000000 0.000000 0.000000 0.000000 0.000000 0.000000 0.000000 0.000000 0.000000 0.000000 0.000000 0.000000 0.000000 0.000000 0.000000 0.000000 0.000000 0.000000 0.000000 0.000000 0.000000 0.000000 0.000000 0.000000 
50.000000 30.698241 15.861750 6.916951 2.571200 0.824880 0.231240 0.057295 0.012676 0.002527 0.000457 0.000076 0.000012 0.000002 0.000000 0.000000 0.000000 0.000000 0.000000 0.000000 0.000000 0.000000 0.000000 0.000000 0.000000 0.000000 0.000000 0.000000 0.000000 0.000000 0.000000 0.000000 0.000000 0.000000 0.000000 0.000000 0.000000 0.000000 0.000000 0.000000 0.000000 0.000000 0.000000 0.000000 0.000000 0.000000 0.000000 0.000000 0.000000 0.000000 
50.000000 30.698242 15.861751 6.916952 2.571201 0.824882 0.231241 0.057296 0.012677 0.002528 0.000459 0.000077 0.000013 0.000003 0.000002 0.000002 0.000002 0.000002 0.000002 0.000002 0.000002 0.000002 0.000002 0.000002 0.000002 0.000002 0.000002 0.000002 0.000002 0.000002 0.000002 0.000002 0.000002 0.000002 0.000002 0.000002 0.000002 0.000002 0.000002 0.000002 0.000002 0.000002 0.000002 0.000002 0.000002 0.000002 0.000001 0.000001 0.000001 0.000000 
50.000000 30.698246 15.861757 6.916961 2.571211 0.824891 0.231251 0.057306 0.012687 0.002538 0.000469 0.000087 0.000023 0.000013 0.000012 0.000012 0.000012 0.000012 0.000012 0.000012 0.000012 0.000012 0.000012 0.000012 0.000012 0.000012 0.000012 0.000012 0.000012 0.000012 0.000012 0.000012 0.000012 0.000012 0.000012 0.000012 0.000012 0.000012 0.000012 0.000012 0.000012 0.000012 0.000011 0.000011 0.000011 0.000011 0.000010 0.000008 0.000005 0.000000 
50.000000 30.698271 15.861802 6.917017 2.571272 0.824955 0.231315 0.057370 0.012751 0.002602 0.000533 0.000151 0.000087 0.000077 0.000076 0.000076 0.000076 0.000076 0.000076 0.000076 0.000076 0.000076 0.000076 0.000076 0.000076 0.000076 0.000076 0.000076 0.000076 0.000076 0.000076 0.000076 0.000076 0.000076 0.000076 0.000076 0.000076 0.000076 0.000076 0.000076 0.000076 0.000076 0.000076 0.000075 0.000075 0.000073 0.000067 0.000054 0.000031 0.000000 
50.000000 30.698421 15.862065 6.917348 2.571635 0.825330 0.231695 0.057751 0.013133 0.002983 0.000914 0.000533 0.000469 0.000459 0.000457 0.000457 0.000457 0.000457 0.000457 0.000457 0.000457 0.000457 0.000457 0.000457 0.000457 0.000457 0.000457 0.000457 0.000457 0.000457 0.000457 0.000457 0.000457 0.000457 0.000457 0.000457 0.000457 0.000457 0.000457 0.000457 0.000457 0.000457 0.000457 0.000456 0.000452 0.000440 0.000407 0.000330 0.000191 0.000000 
50.000000 30.699231 15.863493 6.919142 2.573604 0.827368 0.233756 0.059818 0.015201 0.005053 0.002983 0.002602 0.002538 0.002528 0.002527 0.002526 0.002526 0.002526 0.002526 0.002526 0.002526 0.002526 0.002526 0.002526 0.002526 0.002526 0.002526 0.002526 0.002526 0.002526 0.002526 0.002526 0.002526 0.002526 0.002526 0.002526 0.002526 0.002526 0.002526 0.002526 0.002526 0.002526 0.002525 0.002520 0.002500 0.002435 0.002253 0.001832 0.001063 0.000000 
50.000000 30.703196 15.870484 6.927935 2.583258 0.837362 0.243862 0.069957 0.025348 0.015201 0.013133 0.012751 0.012687 0.012677 0.012676 0.012676 0.012675 0.012675 0.012675 0.012675 0.012675 0.012675 0.012675 0.012675 0.012675 0.012675 0.012675 0.012675 0.012675 0.012675 0.012675 0.012675 0.012675 0.012675 0.012675 0.012675 0.012675 0.012675 0.012675 0.012675 0.012675 0.012674 0.012668 0.012644 0.012549 0.012232 0.011335 0.009246 0.005385 0.000000 
50.000000 30.720589 15.901170 6.966554 2.625679 0.881287 0.288290 0.114530 0.069957 0.059818 0.057751 0.057370 0.057306 0.057296 0.057295 0.057295 0.057295 0.057295 0.057295 0.057295 0.057295 0.057295 0.057295 0.057295 0.057295 0.057295 0.057295 0.057295 0.057295 0.057295 0.057295 0.057295 0.057295 0.057295 0.057295 0.057295 0.057295 0.057295 0.057295 0.057294 0.057294 0.057289 0.057265 0.057160 0.056752 0.055376 0.051436 0.042126 0.024659 0.000000 
50.000000 30.788256 16.020615 7.116964 2.790976 1.052493 0.461478 0.288290 0.243862 0.233756 0.231695 0.231315 0.231251 0.231241 0.231240 0.231240 0.231240 0.231240 0.231240 0.231240 0.231240 0.231240 0.231240 0.231240 0.231240 0.231240 0.231240 0.231240 0.231240 0.231240 0.231240 0.231240 0.231240 0.231240 0.231240 0.231240 0.231240 0.231240 0.231240 0.231239 0.231236 0.231218 0.231130 0.230739 0.229203 0.223959 0.208700 0.171921 0.101400 0.000000 
50.000000 31.018732 16.427655 7.629820 3.354842 1.636672 1.052493 0.881287 0.837362 0.827368 0.825330 0.824955 0.824891 0.824882 0.824880 0.824880 0.824880 0.824880 0.824880 0.824880 0.824880 0.824880 0.824880 0.824880 0.824880 0.824880 0.824880 0.824880 0.824880 0.824880 0.824880 0.824880 0.824880 0.824880 0.824880 0.824880 0.824880 0.824880 0.824880 0.824878 0.824868 0.824813 0.824535 0.823290 0.818336 0.801126 0.749928 0.623055 0.371828 0.000000 
50.000000 31.695463 17.623391 9.137210 5.012855 3.354842 2.790976 2.625679 2.583258 2.573604 2.571635 2.571272 2.571211 2.571201 2.571200 2.571200 2.571200 2.571200 2.571200 2.571200 2.571200 2.571200 2.571200 2.571200 2.571200 2.571200 2.571200 2.571200 2.571200 2.571200 2.571200 2.571200 2.571200 2.571200 2.571200 2.571200 2.571200 2.571200 2.571199 2.571195 2.571169 2.571026 2.570303 2.567017 2.553716 2.506427 2.361366 1.987239 1.209112 0.000000 
50.000000 33.376661 20.595245 12.885460 9.137210 7.629820 7.116964 6.966554 6.927935 6.919142 6.917348 6.917017 6.916961 6.916952 6.916951 6.916951 6.916951 6.916951 6.916951 6.916951 6.916951 6.916951 6.916951 6.916951 6.916951 6.916951 6.916951 6.916951 6.916951 6.916951 6.916951 6.916951 6.916951 6.916951 6.916951 6.916951 6.916951 6.916951 6.916949 6.916941 6.916890 6.916600 6.915117 6.908264 6.879892 6.775844 6.442730 5.531540 3.481849 0.000000 
50.000000 36.831992 26.705511 20.595245 17.623391 16.427655 16.020615 15.901170 15.870484 15.863493 15.862065 15.861802 15.861757 15.861751 15.861750 15.861749 15.861749 15.861749 15.861749 15.861749 15.861749 15.861749 15.861749 15.861749 15.861749 15.861749 15.861749 15.861749 15.861749 15.861749 15.861749 15.861749 15.861749 15.861749 15.861749 15.861749 15.861749 15.861749 15.861747 15.861735 15.861661 15.861238 15.859044 15.848694 15.804600 15.636152 15.063705 13.352756 8.960876 0.000000 
50.000000 42.556850 36.831992 33.376661 31.695463 31.018732 30.788256 30.720589 30.703196 30.699231 30.698421 30.698271 30.698246 30.698242 30.698241 30.698241 30.698241 30.698241 30.698241 30.698241 30.698241 30.698241 30.698241 30.698241 30.698241 30.698241 30.698241 30.698241 30.698241 30.698241 30.698241 30.698241 30.698241 30.698241 30.698241 30.698241 30.698241 30.698241 30.698239 30.698229 30.698167 30.697811 30.695930 30.686856 30.646904 30.486351 29.894812 27.871117 21.278425 0.000000 
50.000000 50.000000 50.000000 50.000000 50.000000 50.000000 50.000000 50.000000 50.000000 50.000000 50.000000 50.000000 50.000000 50.000000 50.000000 50.000000 50.000000 50.000000 50.000000 50.000000 50.000000 50.000000 50.000000 50.000000 50.000000 50.000000 50.000000 50.000000 50.000000 50.000000 50.000000 50.000000 50.000000 50.000000 50.000000 50.000000 50.000000 50.000000 50.000000 50.000000 50.000000 50.000000 50.000000 50.000000 50.000000 50.000000 50.000000 50.000000 50.000000 50.000000 
