50.000000 50.000000 50.000000 50.000000 50.000000 50.000000 50.000000 50.000000 50.000000 50.000000 50.000000 50.000000 50.000000 50.000000 50.000000 50.000000 50.000000 50.000000 50.000000 50.000000 50.000000 50.000000 50.000000 50.000000 50.000000 50.000000 50.000000 50.000000 50.000000 50.000000 50.000000 50.000000 50.000000 50.000000 50.000000 50.000000 50.000000 50.000000 50.000000 50.000000 50.000000 50.000000 50.000000 50.000000 50.000000 50.000000 50.000000 50.000000 50.000000 50.000000 
50.000000 47.883050 45.906641 44.183378 42.779230 41.709036 40.945187 40.433924 40.112530 39.922467 39.816549 39.760827 39.733106 39.720040 39.714196 39.711712 39.710706 39.710318 39.710175 39.710124 39.710107 39.710101 39.710100 39.710099 39.710099 39.710099 39.710099 39.710099 39.710099 39.710099 39.710098 39.710095 39.710086 39.710060 39.709983 39.709772 39.709210 39.707771 39.704225 39.695822 39.676626 39.634264 39.543607 39.354330 38.965182 38.165973 36.491036 32.800830 23.941525 0.000000 
50.000000 45.906641 42.085046 38.752956 36.037929 33.968655 32.491735 31.503214 30.881816 30.514348 30.309569 30.201842 30.148249 30.122991 30.111694 30.106891 30.104947 30.104196 30.103920 30.103822 30.103789 30.103778 30.103775 30.103774 30.103774 30.103774 30.103774 30.103774 30.103773 30.103773 30.103771 30.103766 30.103751 30.103704 30.103569 30.103197 30.102208 30.099685 30.093496 30.078908 30.045830 29.973578 29.821200 29.509892 28.891008 27.687145 25.383540 21.042523 13.105811 0.000000 
50.000000 44.183378 38.752956 34.018158 30.160244 27.219966 25.121426 23.716885 22.833999 22.311914 22.020984 21.867942 21.791808 21.755929 21.739882 21.733060 21.730299 21.729233 21.728840 21.728701 21.728654 21.728639 21.728635 21.728633 21.728633 21.728633 21.728633 21.728632 21.728632 21.728632 21.728630 21.728624 21.728604 21.728547 21.728382 21.727929 21.726729 21.723680 21.716251 21.698879 21.659895 21.575914 21.402103 21.056173 20.393506 19.171673 17.009079 13.369416 7.692342 0.000000 
50.000000 42.779230 36.037929 30.160244 25.371189 21.721335 19.116430 17.373039 16.277196 15.629209 15.268137 15.078206 14.983727 14.939203 14.919292 14.910828 14.907402 14.906080 14.905592 14.905420 14.905362 14.905343 14.905338 14.905336 14.905335 14.905335 14.905335 14.905335 14.905335 14.905334 14.905332 14.905326 14.905307 14.905249 14.905083 14.904629 14.903434 14.900416 14.893114 14.876198 14.838686 14.759095 14.597608 14.284504 13.705227 12.685595 10.988570 8.350784 4.613256 0.000000 
50.000000 41.709036 33.968655 27.219966 21.721335 17.530800 14.540103 12.538585 11.280542 10.536678 10.122201 9.904191 9.795750 9.744650 9.721800 9.712086 9.708155 9.706638 9.706078 9.705881 9.705815 9.705793 9.705786 9.705784 9.705784 9.705783 9.705783 9.705783 9.705783 9.705783 9.705781 9.705775 9.705758 9.705707 9.705563 9.705168 9.704134 9.701539 9.695312 9.681026 9.649729 9.584323 9.454120 9.207679 8.765400 8.016108 6.826460 5.077647 2.743854 0.000000 
50.000000 40.945187 32.491735 25.121426 19.116430 14.540103 11.274173 9.088531 7.714813 6.902588 6.450043 6.212022 6.093633 6.037850 6.012906 6.002304 5.998013 5.996357 5.995746 5.995531 5.995459 5.995435 5.995428 5.995426 5.995425 5.995425 5.995425 5.995425 5.995424 5.995424 5.995423 5.995418 5.995405 5.995365 5.995252 5.994945 5.994146 5.992155 5.987415 5.976644 5.953321 5.905272 5.811271 5.637086 5.332425 4.831926 4.065253 2.981843 1.590857 0.000000 
50.000000 40.433924 31.503214 23.716885 17.373039 12.538585 9.088531 6.779741 5.328674 4.470749 3.992763 3.741371 3.616339 3.557428 3.531087 3.519892 3.515361 3.513613 3.512968 3.512741 3.512664 3.512639 3.512632 3.512629 3.512629 3.512628 3.512628 3.512628 3.512628 3.512628 3.512627 3.512624 3.512614 3.512586 3.512506 3.512290 3.511730 3.510343 3.507067 3.499690 3.483892 3.451763 3.389871 3.277260 3.084465 2.775431 2.314782 1.682014 0.890317 0.000000 
50.000000 40.112530 30.881816 22.833999 16.277196 11.280542 7.714813 5.328674 3.829036 2.942423 2.448471 2.188692 2.059493 1.998621 1.971405 1.959838 1.955158 1.953351 1.952686 1.952451 1.952372 1.952346 1.952338 1.952336 1.952335 1.952335 1.952335 1.952335 1.952335 1.952334 1.952334 1.952332 1.952325 1.952307 1.952255 1.952115 1.951755 1.950868 1.948789 1.944148 1.934305 1.914518 1.876911 1.809541 1.696219 1.518100 1.258085 0.908239 0.478267 0.000000 
50.000000 39.922467 30.514348 22.311914 15.629209 10.536678 6.902588 4.470749 2.942423 2.038871 1.535494 1.270766 1.139110 1.077083 1.049351 1.037565 1.032796 1.030956 1.030278 1.030039 1.029958 1.029932 1.029924 1.029921 1.029920 1.029920 1.029920 1.029920 1.029920 1.029920 1.029920 1.029918 1.029915 1.029903 1.029872 1.029789 1.029574 1.029050 1.027829 1.025123 1.019435 1.008118 0.986858 0.949267 0.886949 0.790523 0.652019 0.468518 0.245842 0.000000 
50.000000 39.816549 30.309569 22.020984 15.268137 10.122201 6.450043 3.992763 2.448471 1.535494 1.026876 0.759398 0.626376 0.563707 0.535689 0.523782 0.518963 0.517104 0.516419 0.516177 0.516096 0.516069 0.516061 0.516059 0.516058 0.516058 0.516058 0.516058 0.516058 0.516058 0.516057 0.516057 0.516055 0.516048 0.516031 0.515985 0.515866 0.515577 0.514909 0.513438 0.510371 0.504323 0.493072 0.473399 0.441175 0.391938 0.322105 0.230661 0.120727 0.000000 
50.000000 39.760827 30.201842 21.867942 15.078206 9.904191 6.212022 3.741371 2.188692 1.270766 0.759398 0.490475 0.356738 0.293732 0.265564 0.253593 0.248750 0.246880 0.246192 0.245949 0.245867 0.245840 0.245832 0.245829 0.245829 0.245829 0.245829 0.245829 0.245829 0.245828 0.245828 0.245828 0.245827 0.245824 0.245815 0.245790 0.245729 0.245580 0.245238 0.244489 0.242938 0.239902 0.234305 0.224607 0.208879 0.185092 0.151691 0.108346 0.056602 0.000000 
50.000000 39.733106 30.148249 21.791808 14.983727 9.795750 6.093633 3.616339 2.059493 1.139110 0.626376 0.356738 0.222645 0.159473 0.131230 0.119228 0.114372 0.112498 0.111807 0.111564 0.111481 0.111455 0.111447 0.111444 0.111443 0.111443 0.111443 0.111443 0.111443 0.111443 0.111443 0.111443 0.111442 0.111441 0.111436 0.111424 0.111395 0.111323 0.111158 0.110799 0.110060 0.108624 0.105996 0.101478 0.094211 0.083311 0.068128 0.048564 0.025335 0.000000 
50.000000 39.720040 30.122991 21.755929 14.939203 9.744650 6.037850 3.557428 1.998621 1.077083 0.563707 0.293732 0.159473 0.096222 0.067945 0.055928 0.051065 0.049189 0.048498 0.048254 0.048172 0.048145 0.048137 0.048134 0.048134 0.048133 0.048133 0.048133 0.048133 0.048133 0.048133 0.048133 0.048133 0.048132 0.048130 0.048125 0.048111 0.048078 0.048003 0.047841 0.047509 0.046866 0.045698 0.043703 0.040517 0.035770 0.029200 0.020782 0.010830 0.000000 
50.000000 39.714196 30.111694 21.739882 14.919292 9.721800 6.012906 3.531087 1.971405 1.049351 0.535689 0.265564 0.131230 0.067945 0.039652 0.027629 0.022764 0.020886 0.020194 0.019951 0.019868 0.019842 0.019833 0.019831 0.019830 0.019830 0.019830 0.019830 0.019830 0.019830 0.019830 0.019830 0.019830 0.019829 0.019828 0.019826 0.019820 0.019806 0.019774 0.019704 0.019563 0.019290 0.018797 0.017961 0.016632 0.014663 0.011953 0.008497 0.004424 0.000000 
50.000000 39.711712 30.106891 21.733060 14.910828 9.712086 6.002304 3.519892 1.959838 1.037565 0.523782 0.253593 0.119228 0.055928 0.027629 0.015602 0.010736 0.008858 0.008166 0.007923 0.007840 0.007813 0.007805 0.007803 0.007802 0.007802 0.007802 0.007802 0.007802 0.007802 0.007802 0.007802 0.007802 0.007802 0.007801 0.007800 0.007798 0.007792 0.007779 0.007751 0.007693 0.007583 0.007386 0.007052 0.006523 0.005745 0.004678 0.003322 0.001728 0.000000 
50.000000 39.710706 30.104947 21.730299 14.907402 9.708155 5.998013 3.515361 1.955158 1.032796 0.518963 0.248750 0.114372 0.051065 0.022764 0.010736 0.005870 0.003992 0.003300 0.003056 0.002973 0.002947 0.002938 0.002936 0.002935 0.002935 0.002935 0.002935 0.002935 0.002935 0.002935 0.002935 0.002935 0.002935 0.002935 0.002934 0.002933 0.002931 0.002926 0.002915 0.002893 0.002851 0.002775 0.002648 0.002448 0.002154 0.001752 0.001243 0.000646 0.000000 
50.000000 39.710318 30.104196 21.729233 14.906080 9.706638 5.996357 3.513613 1.953351 1.030956 0.517104 0.246880 0.112498 0.049189 0.020886 0.008858 0.003992 0.002114 0.001422 0.001178 0.001095 0.001069 0.001060 0.001058 0.001057 0.001057 0.001057 0.001057 0.001057 0.001057 0.001057 0.001057 0.001057 0.001057 0.001057 0.001057 0.001056 0.001055 0.001054 0.001050 0.001041 0.001026 0.000998 0.000952 0.000879 0.000773 0.000629 0.000446 0.000232 0.000000 
50.000000 39.710175 30.103920 21.728840 14.905592 9.706078 5.995746 3.512968 1.952686 1.030278 0.516419 0.246192 0.111807 0.048498 0.020194 0.008166 0.003300 0.001422 0.000730 0.000486 0.000403 0.000377 0.000368 0.000366 0.000365 0.000365 0.000365 0.000365 0.000365 0.000365 0.000365 0.000365 0.000365 0.000365 0.000365 0.000365 0.000365 0.000364 0.000364 0.000362 0.000359 0.000354 0.000344 0.000328 0.000303 0.000266 0.000216 0.000153 0.000080 0.000000 
50.000000 39.710124 30.103822 21.728701 14.905420 9.705881 5.995531 3.512741 1.952451 1.030039 0.516177 0.245949 0.111564 0.048254 0.019951 0.007923 0.003056 0.001178 0.000486 0.000242 0.000159 0.000133 0.000124 0.000122 0.000121 0.000121 0.000121 0.000121 0.000121 0.000121 0.000121 0.000121 0.000121 0.000121 0.000121 0.000121 0.000121 0.000121 0.000120 0.000120 0.000119 0.000117 0.000114 0.000109 0.000100 0.000088 0.000071 0.000051 0.000026 0.000000 
50.000000 39.710107 30.103789 21.728654 14.905362 9.705815 5.995459 3.512664 1.952372 1.029958 0.516096 0.245867 0.111481 0.048172 0.019868 0.007840 0.002973 0.001095 0.000403 0.000159 0.000077 0.000050 0.000042 0.000039 0.000039 0.000039 0.000038 0.000038 0.000038 0.000038 0.000038 0.000038 0.000038 0.000038 0.000038 0.000038 0.000038 0.000038 0.000038 0.000038 0.000038 0.000037 0.000036 0.000035 0.000032 0.000028 0.000023 0.000016 0.000008 0.000000 
50.000000 39.710101 30.103778 21.728639 14.905343 9.705793 5.995435 3.512639 1.952346 1.029932 0.516069 0.245840 0.111455 0.048145 0.019842 0.007813 0.002947 0.001069 0.000377 0.000133 0.000050 0.000024 0.000015 0.000013 0.000012 0.000012 0.000012 0.000012 0.000012 0.000012 0.000012 0.000012 0.000012 0.000012 0.000012 0.000012 0.000012 0.000012 0.000012 0.000012 0.000012 0.000011 0.000011 0.000011 0.000010 0.000009 0.000007 0.000005 0.000003 0.000000 
50.000000 39.710100 30.103775 21.728635 14.905338 9.705786 5.995428 3.512632 1.952338 1.029924 0.516061 0.245832 0.111447 0.048137 0.019833 0.007805 0.002938 0.001060 0.000368 0.000124 0.000042 0.000015 0.000007 0.000004 0.000004 0.000004 0.000003 0.000003 0.000003 0.000003 0.000003 0.000003 0.000003 0.000003 0.000003 0.000003 0.000003 0.000003 0.000003 0.000003 0.000003 0.000003 0.000003 0.000003 0.000003 0.000003 0.000002 0.000001 0.000001 0.000000 
50.000000 39.710099 30.103774 21.728633 14.905336 9.705784 5.995426 3.512629 1.952336 1.029921 0.516059 0.245830 0.111444 0.048134 0.019831 0.007803 0.002936 0.001058 0.000366 0.000122 0.000039 0.000013 0.000004 0.000002 0.000001 0.000001 0.000001 0.000001 0.000001 0.000001 0.000001 0.000001 0.000001 0.000001 0.000001 0.000001 0.000001 0.000001 0.000001 0.000001 0.000001 0.000001 0.000001 0.000001 0.000001 0.000001 0.000001 0.000000 0.000000 0.000000 
50.000000 39.710099 30.103774 21.728633 14.905335 9.705784 5.995425 3.512629 1.952335 1.029920 0.516058 0.245829 0.111443 0.048134 0.019830 0.007802 0.002935 0.001057 0.000365 0.000121 0.000039 0.000012 0.000004 0.000001 0.000001 0.000000 0.000000 0.000000 0.000000 0.000000 0.000000 0.000000 0.000000 0.000000 0.000000 0.000000 0.000000 0.000000 0.000000 0.000000 0.000000 0.000000 0.000000 0.000000 0.000000 0.000000 0.000000 0.000000 0.000000 0.000000 
50.000000 39.710099 30.103774 21.728633 14.905335 9.705784 5.995425 3.512629 1.952335 1.029920 0.516058 0.245829 0.111443 0.048134 0.019830 0.007802 0.002935 0.001057 0.000365 0.000121 0.000039 0.000012 0.000004 0.000001 0.000001 0.000000 0.000000 0.000000 0.000000 0.000000 0.000000 0.000000 0.000000 0.000000 0.000000 0.000000 0.000000 0.000000 0.000000 0.000000 0.000000 0.000000 0.000000 0.000000 0.000000 0.000000 0.000000 0.000000 0.000000 0.000000 
50.000000 39.710099 30.103774 21.728633 14.905336 9.705784 5.995426 3.512629 1.952336 1.029921 0.516059 0.245830 0.111444 0.048134 0.019831 0.007803 0.002936 0.001058 0.000366 0.000122 0.000039 0.000013 0.000004 0.000002 0.000001 0.000001 0.000001 0.000001 0.000001 0.000001 0.000001 0.000001 0.000001 0.000001 0.000001 0.000001 0.000001 0.000001 0.000001 0.000001 0.000001 0.000001 0.000001 0.000001 0.000001 0.000001 0.000001 0.000000 0.000000 0.000000 
50.000000 39.710100 30.103775 21.728635 14.905338 9.705786 5.995428 3.512632 1.952338 1.029924 0.516061 0.245832 0.111447 0.048137 0.019833 0.007805 0.002938 0.001060 0.000368 0.000124 0.000042 0.000015 0.000007 0.000004 0.000004 0.000004 0.000003 0.000003 0.000003 0.000003 0.000003 0.000003 0.000003 0.000003 0.000003 0.000003 0.000003 0.000003 0.000003 0.000003 0.000003 0.000003 0.000003 0.000003 0.000003 0.000003 0.000002 0.000001 0.000001 0.000000 
50.000000 39.710101 30.103778 21.728639 14.905343 9.705793 5.995435 3.512639 1.952346 1.029932 0.516069 0.245840 0.111455 0.048145 0.019842 0.007813 0.002947 0.001069 0.000377 0.000133 0.000050 0.000024 0.000015 0.000013 0.000012 0.000012 0.000012 0.000012 0.000012 0.000012 0.000012 0.000012 0.000012 0.000012 0.000012 0.000012 0.000012 0.000012 0.000012 0.000012 0.000012 0.000011 0.000011 0.000011 0.000010 0.000009 0.000007 0.000005 0.000003 0.000000 
50.000000 39.710107 30.103789 21.728654 14.905362 9.705815 5.995459 3.512664 1.952372 1.029958 0.516096 0.245867 0.111481 0.048172 0.019868 0.007840 0.002973 0.001095 0.000403 0.000159 0.000077 0.000050 0.000042 0.000039 0.000039 0.000039 0.000038 0.000038 0.000038 0.000038 0.000038 0.000038 0.000038 0.000038 0.000038 0.000038 0.000038 0.000038 0.000038 0.000038 0.000038 0.000037 0.000036 0.000035 0.000032 0.000028 0.000023 0.000016 0.000008 0.000000 
50.000000 39.710124 30.103822 21.728701 14.905420 9.705881 5.995531 3.512741 1.952451 1.030039 0.516177 0.245949 0.111564 0.048254 0.019951 0.007923 0.003056 0.001178 0.000486 0.000242 0.000159 0.000133 0.000124 0.000122 0.000121 0.000121 0.000121 0.000121 0.000121 0.000121 0.000121 0.000121 0.000121 0.000121 0.000121 0.000121 0.000121 0.000121 0.000120 0.000120 0.000119 0.000117 0.000114 0.000109 0.000100 0.000088 0.000071 0.000051 0.000026 0.000000 
50.000000 39.710175 30.103920 21.728840 14.905592 9.706078 5.995746 3.512968 1.952686 1.030278 0.516419 0.246192 0.111807 0.048498 0.020194 0.008166 0.003300 0.001422 0.000730 0.000486 0.000403 0.000377 0.000368 0.000366 0.000365 0.000365 0.000365 0.000365 0.000365 0.000365 0.000365 0.000365 0.000365 0.000365 0.000365 0.000365 0.000365 0.000364 0.000364 0.000362 0.000359 0.000354 0.000344 0.000328 0.000303 0.000266 0.000216 0.000153 0.000080 0.000000 
50.000000 39.710318 30.104196 21.729233 14.906080 9.706638 5.996357 3.513613 1.953351 1.030956 0.517104 0.246880 0.112498 0.049189 0.020886 0.008858 0.003992 0.002114 0.001422 0.001178 0.001095 0.001069 0.001060 0.001058 0.001057 0.001057 0.001057 0.001057 0.001057 0.001057 0.001057 0.001057 0.001057 0.001057 0.001057 0.001057 0.001056 0.001055 0.001054 0.001050 0.001041 0.001026 0.000998 0.000952 0.000879 0.000773 0.000629 0.000446 0.000232 0.000000 
50.000000 39.710706 30.104947 21.730299 14.907402 9.708155 5.998013 3.515361 1.955158 1.032796 0.518963 0.248750 0.114372 0.051065 0.022764 0.010736 0.005870 0.003992 0.003300 0.003056 0.002973 0.002947 0.002938 0.002936 0.002935 0.002935 0.002935 0.002935 0.002935 0.002935 0.002935 0.002935 0.002935 0.002935 0.002935 0.002934 0.002933 0.002931 0.002926 0.002915 0.002893 0.002851 0.002775 0.002648 0.002448 0.002154 0.001752 0.001243 0.000646 0.000000 
50.000000 39.711712 30.106891 21.733060 14.910828 9.712086 6.002304 3.519892 1.959838 1.037565 0.523782 0.253593 0.119228 0.055928 0.027629 0.015602 0.010736 0.008858 0.008166 0.007923 0.007840 0.007813 0.007805 0.007803 0.007802 0.007802 0.007802 0.007802 0.007802 0.007802 0.007802 0.007802 0.007802 0.007802 0.007801 0.007800 0.007798 0.007792 0.007779 0.007751 0.007693 0.007583 0.007386 0.007052 0.006523 0.005745 0.004678 0.003322 0.001728 0.000000 
50.000000 39.714196 30.111694 21.739882 14.919292 9.721800 6.012906 3.531087 1.971405 1.049351 0.535689 0.265564 0.131230 0.067945 0.039652 0.027629 0.022764 0.020886 0.020194 0.019951 0.019868 0.019842 0.019833 0.019831 0.019830 0.019830 0.019830 0.019830 0.019830 0.019830 0.019830 0.019830 0.019830 0.019829 0.019828 0.019826 0.019820 0.019806 0.019774 0.019704 0.019563 0.019290 0.018797 0.017961 0.016632 0.014663 0.011953 0.008497 0.004424 0.000000 
50.000000 39.720040 30.122991 21.755929 14.939203 9.744650 6.037850 3.557428 1.998621 1.077083 0.563707 0.293732 0.159473 0.096222 0.067945 0.055928 0.051065 0.049189 0.048498 0.048254 0.048172 0.048145 0.048137 0.048134 0.048134 0.048133 0.048133 0.048133 0.048133 0.048133 0.048133 0.048133 0.048133 0.048132 0.048130 0.048125 0.048111 0.048078 0.048003 0.047841 0.047509 0.046866 0.045698 0.043703 0.040517 0.035770 0.029200 0.020782 0.010830 0.000000 
50.000000 39.733106 30.148249 21.791808 14.983727 9.795750 6.093633 3.616339 2.059493 1.139110 0.626376 0.356738 0.222645 0.159473 0.131230 0.119228 0.114372 0.112498 0.111807 0.111564 0.111481 0.111455 0.111447 0.111444 0.111443 0.111443 0.111443 0.111443 0.111443 0.111443 0.111443 0.111443 0.111442 0.111441 0.111436 0.111424 0.111395 0.111323 0.111158 0.110799 0.110060 0.108624 0.105996 0.101478 0.094211 0.083311 0.068128 0.048564 0.025335 0.000000 
50.000000 39.760827 30.201842 21.867942 15.078206 9.904191 6.212022 3.741371 2.188692 1.270766 0.759398 0.490475 0.356738 0.293732 0.265564 0.253593 0.248750 0.246880 0.246192 0.245949 0.245867 0.245840 0.245832 0.245829 0.245829 0.245829 0.245829 0.245829 0.245829 0.245828 0.245828 0.245828 0.245827 0.245824 0.245815 0.245790 0.245729 0.245580 0.245238 0.244489 0.242938 0.239902 0.234305 0.224607 0.208879 0.185092 0.151691 0.108346 0.056602 0.000000 
50.000000 39.816549 30.309569 22.020984 15.268137 10.122201 6.450043 3.992763 2.448471 1.535494 1.026876 0.759398 0.626376 0.563707 0.535689 0.523782 0.518963 0.517104 0.516419 0.516177 0.516096 0.516069 0.516061 0.516059 0.516058 0.516058 0.516058 0.516058 0.516058 0.516058 0.516057 0.516057 0.516055 0.516048 0.516031 0.515985 0.515866 0.515577 0.514909 0.513438 0.510371 0.504323 0.493072 0.473399 0.441175 0.391938 0.322105 0.230661 0.120727 0.000000 
50.000000 39.922467 30.514348 22.311914 15.629209 10.536678 6.902588 4.470749 2.942423 2.038871 1.535494 1.270766 1.139110 1.077083 1.049351 1.037565 1.032796 1.030956 1.030278 1.030039 1.029958 1.029932 1.029924 1.029921 1.029920 1.029920 1.029920 1.029920 1.029920 1.029920 1.029920 1.029918 1.029915 1.029903 1.029872 1.029789 1.029574 1.029050 1.027829 1.025123 1.019435 1.008118 0.986858 0.949267 0.886949 0.790523 0.652019 0.468518 0.245842 0.000000 
50.000000 40.112530 30.881816 22.833999 16.277196 11.280542 7.714813 5.328674 3.829036 2.942423 2.448471 2.188692 2.059493 1.998621 1.971405 1.959838 1.955158 1.953351 1.952686 1.952451 1.952372 1.952346 1.952338 1.952336 1.952335 1.952335 1.952335 1.952335 1.952335 1.952334 1.952334 1.952332 1.952325 1.952307 1.952255 1.952115 1.951755 1.950868 1.948789 1.944148 1.934305 1.914518 1.876911 1.809541 1.696219 1.518100 1.258085 0.908239 0.478267 0.000000 
50.000000 40.433924 31.503214 23.716885 17.373039 12.538585 9.088531 6.779741 5.328674 4.470749 3.992763 3.741371 3.616339 3.557428 3.531087 3.519892 3.515361 3.513613 3.512968 3.512741 3.512664 3.512639 3.512632 3.512629 3.512629 3.512628 3.512628 3.512628 3.512628 3.512628 3.512627 3.512624 3.512614 3.512586 3.512506 3.512290 3.511730 3.510343 3.507067 3.499690 3.483892 3.451763 3.389871 3.277260 3.084465 2.775431 2.314782 1.682014 0.890317 0.000000 
50.000000 40.945187 32.491735 25.121426 19.116430 14.540103 11.274173 9.088531 7.714813 6.902588 6.450043 6.212022 6.093633 6.037850 6.012906 6.002304 5.998013 5.996357 5.995746 5.995531 5.995459 5.995435 5.995428 5.995426 5.995425 5.995425 5.995425 5.995425 5.995424 5.995424 5.995423 5.995418 5.995405 5.995365 5.995252 5.994945 5.994146 5.992155 5.987415 5.976644 5.953321 5.905272 5.811271 5.637086 5.332425 4.831926 4.065253 2.981843 1.590857 0.000000 
50.000000 41.709036 33.968655 27.219966 21.721335 17.530800 14.540103 12.538585 11.280542 10.536678 10.122201 9.904191 9.795750 9.744650 9.721800 9.712086 9.708155 9.706638 9.706078 9.705881 9.705815 9.705793 9.705786 9.705784 9.705784 9.705783 9.705783 9.705783 9.705783 9.705783 9.705781 9.705775 9.705758 9.705707 9.705563 9.705168 9.704134 9.701539 9.695312 9.681026 9.649729 9.584323 9.454120 9.207679 8.765400 8.016108 6.826460 5.077647 2.743854 0.000000 
50.000000 42.779230 36.037929 30.160244 25.371189 21.721335 19.116430 17.373039 16.277196 15.629209 15.268137 15.078206 14.983727 14.939203 14.919292 14.910828 14.907402 14.906080 14.905592 14.905420 14.905362 14.905343 14.905338 14.905336 14.905335 14.905335 14.905335 14.905335 14.905335 14.905334 14.905332 14.905326 14.905307 14.905249 14.905083 14.904629 14.903434 14.900416 14.893114 14.876198 14.838686 14.759095 14.597608 14.284504 13.705227 12.685595 10.988570 8.350784 4.613256 0.000000 
50.000000 44.183378 38.752956 34.018158 30.160244 27.219966 25.121426 23.716885 22.833999 22.311914 22.020984 21.867942 21.791808 21.755929 21.739882 21.733060 21.730299 21.729233 21.728840 21.728701 21.728654 21.728639 21.728635 21.728633 21.728633 21.728633 21.728633 21.728632 21.728632 21.728632 21.728630 21.728624 21.728604 21.728547 21.728382 21.727929 21.726729 21.723680 21.716251 21.698879 21.659895 21.575914 21.402103 21.056173 20.393506 19.171673 17.009079 13.369416 7.692342 0.000000 
50.000000 45.906641 42.085046 38.752956 36.037929 33.968655 32.491735 31.503214 30.881816 30.514348 30.309569 30.201842 30.148249 30.122991 30.111694 30.106891 30.104947 30.104196 30.103920 30.103822 30.103789 30.103778 30.103775 30.103774 30.103774 30.103774 30.103774 30.103774 30.103773 30.103773 30.103771 30.103766 30.103751 30.103704 30.103569 30.103197 30.102208 30.099685 30.093496 30.078908 30.045830 29.973578 29.821200 29.509892 28.891008 27.687145 25.383540 21.042523 13.105811 0.000000 
50.000000 47.883050 45.906641 44.183378 42.779230 41.709036 40.945187 40.433924 40.112530 39.922467 39.816549 39.760827 39.733106 39.720040 39.714196 39.711712 39.710706 39.710318 39.710175 39.710124 39.710107 39.710101 39.710100 39.710099 39.710099 39.710099 39.710099 39.710099 39.710099 39.710099 39.710098 39.710095 39.710086 39.710060 39.709983 39.709772 39.709210 39.707771 39.704225 39.695822 39.676626 39.634264 39.543607 39.354330 38.965182 38.165973 36.491036 32.800830 23.941525 0.000000 
50.000000 50.000000 50.000000 50.000000 50.000000 50.000000 50.000000 50.000000 50.000000 50.000000 50.000000 50.000000 50.000000 50.000000 50.000000 50.000000 50.000000 50.000000 50.000000 50.000000 50.000000 50.000000 50.000000 50.000000 50.000000 50.000000 50.000000 50.000000 50.000000 50.000000 50.000000 50.000000 50.000000 50.000000 50.000000 50.000000 50.000000 50.000000 50.000000 50.000000 50.000000 50.000000 50.000000 50.000000 50.000000 50.000000 50.000000 50.000000 50.000000 50.000000 
