50.000000 50.000000 50.000000 50.000000 50.000000 50.000000 50.000000 50.000000 50.000000 50.000000 50.000000 50.000000 50.000000 50.000000 50.000000 50.000000 50.000000 50.000000 50.000000 50.000000 50.000000 50.000000 50.000000 50.000000 50.000000 50.000000 50.000000 50.000000 50.000000 50.000000 50.000000 50.000000 50.000000 50.000000 50.000000 50.000000 50.000000 50.000000 50.000000 50.000000 50.000000 50.000000 50.000000 50.000000 50.000000 50.000000 50.000000 50.000000 50.000000 50.000000 
50.000000 48.956121 47.946450 47.001833 46.146948 45.398463 44.764385 44.244555 43.832051 43.515135 43.279347 43.109412 42.990735 42.910399 42.857668 42.824095 42.803354 42.790915 42.783671 42.779572 42.777318 42.776113 42.775486 42.775168 42.775010 42.774931 42.774886 42.774849 42.774796 42.774697 42.774498 42.774103 42.773327 42.771841 42.769052 42.763928 42.754700 42.738399 42.710103 42.661749 42.580171 42.443795 42.216698 41.837192 41.193830 40.069709 37.998376 33.847310 24.478061 0.000000 
50.000000 47.946450 45.960194 44.101918 42.420166 40.947729 39.700358 38.677740 37.866258 37.242820 36.778978 36.444682 36.211222 36.053187 35.949457 35.883415 35.842614 35.818145 35.803894 35.795832 35.791398 35.789027 35.787794 35.787169 35.786858 35.786702 35.786615 35.786543 35.786443 35.786256 35.785882 35.785137 35.783680 35.780890 35.775664 35.766080 35.748864 35.718545 35.666124 35.577004 35.427691 35.180467 34.774436 34.109827 33.019222 31.212900 28.174737 22.980097 14.099140 0.000000 
50.000000 47.001833 44.101918 41.388855 38.933518 36.783784 34.962649 33.469654 32.284916 31.374720 30.697532 30.209478 29.868641 29.637922 29.486485 29.390069 29.330504 29.294782 29.273978 29.262208 29.255735 29.252275 29.250474 29.249562 29.249108 29.248882 29.248756 29.248655 29.248517 29.248262 29.247754 29.246744 29.244773 29.241006 29.233968 29.221101 29.198078 29.157723 29.088371 28.971374 28.777337 28.460398 27.949479 27.134777 25.847120 23.828068 20.694427 15.927181 9.003457 0.000000 
50.000000 46.146948 42.420166 38.933518 35.778092 33.015413 30.675034 28.756363 27.233846 26.064152 25.193904 24.566714 24.128714 23.832226 23.637621 23.513724 23.437181 23.391278 23.364545 23.349421 23.341104 23.336657 23.334344 23.333171 23.332589 23.332300 23.332141 23.332018 23.331855 23.331558 23.330968 23.329798 23.327521 23.323182 23.315101 23.300389 23.274193 23.228552 23.150703 23.020603 22.807417 22.464583 21.923100 21.082776 19.801984 17.889046 15.105450 11.207265 6.077239 0.000000 
50.000000 45.398463 40.947729 36.783784 33.015413 29.716093 26.921115 24.629771 22.811540 21.414670 20.375412 19.626422 19.103369 18.749310 18.516921 18.368968 18.277566 18.222753 18.190832 18.172771 18.162841 18.157531 18.154769 18.153369 18.152675 18.152331 18.152146 18.152008 18.151833 18.151519 18.150901 18.149680 18.147309 18.142807 18.134456 18.119324 18.092532 18.046173 17.967756 17.838055 17.628229 17.296180 16.782262 16.004939 14.858046 13.213429 10.936665 7.928507 4.204633 0.000000 
50.000000 44.764385 39.700358 34.962649 30.675034 26.921115 23.741047 21.134018 19.065299 17.476002 16.293589 15.441438 14.846348 14.443532 14.179144 14.010821 13.906836 13.844478 13.808163 13.787618 13.776320 13.770280 13.767139 13.765547 13.764758 13.764369 13.764164 13.764018 13.763843 13.763536 13.762937 13.761759 13.759478 13.755165 13.747201 13.732842 13.707576 13.664175 13.591402 13.472301 13.282078 12.985712 12.535665 11.870524 10.916176 9.592258 7.827872 5.590531 2.927193 0.000000 
50.000000 44.244555 38.677740 33.469654 28.756363 24.629771 21.134018 18.268208 15.994158 14.247130 12.947380 12.010674 11.356544 10.913768 10.623157 10.438142 10.323846 10.255306 10.215391 10.192810 10.180393 10.173755 10.170302 10.168553 10.167687 10.167262 10.167042 10.166894 10.166728 10.166446 10.165902 10.164837 10.162783 10.158916 10.151806 10.139059 10.116769 10.078764 10.015597 9.913282 9.751867 9.504026 9.134104 8.598354 7.847510 6.833263 5.520175 3.903304 2.027857 0.000000 
50.000000 43.832051 37.866258 32.284916 27.233846 22.811540 19.065299 15.994158 13.557193 11.685022 10.292181 9.288396 8.587431 8.112959 7.801547 7.603293 7.480820 7.407377 7.364608 7.340412 7.327108 7.319996 7.316297 7.314423 7.313497 7.313044 7.312813 7.312668 7.312516 7.312271 7.311804 7.310894 7.309148 7.305872 7.299881 7.289196 7.270631 7.239209 7.187425 7.104374 6.974847 6.778596 6.490132 6.079586 5.515360 4.769263 3.824517 2.685791 1.388256 0.000000 
50.000000 43.515135 37.242820 31.374720 26.064152 21.414670 17.476002 14.247130 11.685022 9.716727 8.252385 7.197081 6.460147 5.961333 5.633949 5.425529 5.296778 5.219572 5.174612 5.149177 5.135191 5.127715 5.123827 5.121858 5.120885 5.120412 5.120175 5.120034 5.119900 5.119696 5.119314 5.118575 5.117165 5.114530 5.109733 5.101226 5.086535 5.061844 5.021481 4.957344 4.858363 4.710175 4.495262 4.193923 3.786441 3.256736 2.597383 1.815129 0.934964 0.000000 
50.000000 43.279347 36.778978 30.697532 25.193904 20.375412 16.293589 12.947380 10.292181 8.252385 6.734861 5.641240 4.877555 4.360640 4.021380 3.805401 3.671982 3.591978 3.545389 3.519033 3.504542 3.496795 3.492766 3.490727 3.489720 3.489231 3.488991 3.488855 3.488740 3.488576 3.488278 3.487706 3.486618 3.484596 3.480932 3.474467 3.463370 3.444844 3.414787 3.367431 3.295041 3.187807 3.034098 2.821288 2.537357 2.173301 1.726158 1.201974 0.617599 0.000000 
50.000000 43.109412 36.444682 30.209478 24.566714 19.626422 15.441438 12.010674 9.288396 7.197081 5.641240 4.520014 3.737058 3.207104 2.859289 2.637867 2.501087 2.419068 2.371307 2.344287 2.329432 2.321490 2.317361 2.315270 2.314239 2.313740 2.313498 2.313368 2.313269 2.313141 2.312917 2.312493 2.311690 2.310205 2.307525 2.302821 2.294791 2.281469 2.260007 2.226453 2.175600 2.100972 1.995077 1.850036 1.658666 1.416011 1.121107 0.778558 0.399308 0.000000 
50.000000 42.990735 36.211222 29.868641 24.128714 19.103369 14.846348 11.356544 8.587431 6.460147 4.877555 3.737058 2.940652 2.401597 2.047812 1.822591 1.683466 1.600041 1.551461 1.523980 1.508870 1.500793 1.496593 1.494467 1.493419 1.492913 1.492670 1.492545 1.492460 1.492363 1.492201 1.491898 1.491330 1.490282 1.488400 1.485113 1.479532 1.470326 1.455589 1.432711 1.398303 1.348222 1.277779 1.182174 1.057196 0.900162 0.710918 0.492677 0.252336 0.000000 
50.000000 42.910399 36.053187 29.637922 23.832226 18.749310 14.443532 10.913768 8.112959 5.961333 4.360640 3.207104 2.401597 1.856385 1.498561 1.270771 1.130060 1.045684 0.996552 0.968758 0.953476 0.945307 0.941060 0.938910 0.937850 0.937340 0.937097 0.936977 0.936903 0.936829 0.936715 0.936507 0.936120 0.935409 0.934138 0.931928 0.928192 0.922065 0.912313 0.897270 0.874798 0.842327 0.796999 0.735956 0.656778 0.558033 0.439844 0.304323 0.155698 0.000000 
50.000000 42.857668 35.949457 29.486485 23.637621 18.516921 14.179144 10.623157 7.801547 5.633949 4.021380 2.859289 2.047812 1.498561 1.138090 0.908614 0.766863 0.681864 0.632369 0.604370 0.588976 0.580747 0.576468 0.574303 0.573236 0.572723 0.572480 0.572363 0.572297 0.572242 0.572163 0.572025 0.571771 0.571306 0.570478 0.569045 0.566634 0.562699 0.556469 0.546913 0.532724 0.512351 0.484098 0.446301 0.397597 0.337232 0.265383 0.183378 0.093740 0.000000 
50.000000 42.824095 35.883415 29.390069 23.513724 18.368969 14.010821 10.438142 7.603293 5.425529 3.805401 2.637867 1.822591 1.270771 0.908614 0.678067 0.535654 0.450259 0.400534 0.372404 0.356939 0.348672 0.344373 0.342198 0.341126 0.340611 0.340369 0.340254 0.340194 0.340151 0.340098 0.340009 0.339847 0.339554 0.339034 0.338136 0.336633 0.334191 0.330342 0.324469 0.315796 0.303412 0.286335 0.263621 0.234513 0.198623 0.156101 0.107751 0.055043 0.000000 
50.000000 42.803354 35.842614 29.330504 23.437181 18.277567 13.906837 10.323846 7.480820 5.296779 3.671983 2.501087 1.683466 1.130060 0.766863 0.535655 0.392834 0.307194 0.257327 0.229117 0.213607 0.205316 0.201005 0.198824 0.197749 0.197233 0.196991 0.196878 0.196823 0.196788 0.196752 0.196696 0.196596 0.196417 0.196101 0.195558 0.194651 0.193184 0.190883 0.187387 0.182249 0.174948 0.164931 0.151672 0.134760 0.114000 0.089498 0.061724 0.031513 0.000000 
50.000000 42.790916 35.818145 29.294782 23.391279 18.222754 13.844479 10.255306 7.407378 5.219572 3.591979 2.419069 1.600042 1.045685 0.681865 0.450260 0.307195 0.221409 0.171456 0.143198 0.127662 0.119357 0.115039 0.112854 0.111778 0.111261 0.111019 0.110907 0.110854 0.110825 0.110800 0.110765 0.110706 0.110600 0.110414 0.110096 0.109566 0.108713 0.107379 0.105362 0.102409 0.098231 0.092524 0.085001 0.075446 0.063759 0.050010 0.034466 0.017588 0.000000 
50.000000 42.783672 35.803895 29.273979 23.364547 18.190833 13.808165 10.215393 7.364610 5.174614 3.545392 2.371309 1.551464 0.996554 0.632372 0.400536 0.257329 0.171458 0.121455 0.093169 0.077618 0.069305 0.064982 0.062795 0.061718 0.061201 0.060959 0.060848 0.060797 0.060771 0.060753 0.060731 0.060697 0.060636 0.060530 0.060349 0.060049 0.059568 0.058818 0.057688 0.056041 0.053719 0.050558 0.046408 0.041155 0.034750 0.027236 0.018759 0.009569 0.000000 
50.000000 42.779573 35.795834 29.262210 23.349424 18.172775 13.787622 10.192815 7.340417 5.149182 3.519039 2.344293 1.523986 0.968764 0.604376 0.372410 0.229122 0.143203 0.093173 0.064871 0.049311 0.040993 0.036669 0.034480 0.033403 0.032886 0.032644 0.032533 0.032483 0.032459 0.032445 0.032431 0.032411 0.032377 0.032319 0.032219 0.032054 0.031791 0.031382 0.030767 0.029874 0.028619 0.026917 0.024690 0.021878 0.018460 0.014459 0.009954 0.005076 0.000000 
50.000000 42.777321 35.791403 29.255742 23.341112 18.162851 13.776332 10.180405 7.327121 5.135205 3.504556 2.329446 1.508885 0.953491 0.588991 0.356954 0.213622 0.127676 0.077631 0.049320 0.033755 0.025435 0.021109 0.018920 0.017842 0.017325 0.017083 0.016972 0.016923 0.016900 0.016888 0.016879 0.016868 0.016850 0.016818 0.016765 0.016677 0.016536 0.016319 0.015994 0.015523 0.014864 0.013971 0.012807 0.011341 0.009563 0.007486 0.005151 0.002626 0.000000 
50.000000 42.776119 35.789038 29.252290 23.336677 18.157555 13.770307 10.173784 7.320027 5.127748 3.496829 2.321525 1.500828 0.945343 0.580783 0.348708 0.205352 0.119392 0.069339 0.041024 0.025456 0.017135 0.012808 0.010619 0.009540 0.009023 0.008781 0.008671 0.008622 0.008600 0.008589 0.008583 0.008576 0.008566 0.008550 0.008522 0.008476 0.008403 0.008291 0.008123 0.007881 0.007543 0.007086 0.006492 0.005746 0.004842 0.003789 0.002606 0.001328 0.000000 
50.000000 42.775499 35.787820 29.250511 23.334391 18.154825 13.767202 10.170372 7.316371 5.123905 3.492847 2.317443 1.496676 0.941144 0.576553 0.344458 0.201090 0.115123 0.065065 0.036748 0.021179 0.012857 0.008530 0.006340 0.005262 0.004745 0.004503 0.004393 0.004343 0.004322 0.004312 0.004307 0.004303 0.004297 0.004289 0.004274 0.004251 0.004214 0.004157 0.004071 0.003949 0.003777 0.003547 0.003248 0.002873 0.002420 0.001893 0.001302 0.000663 0.000000 
50.000000 42.775198 35.787227 29.249646 23.333280 18.153498 13.765693 10.168713 7.314594 5.122036 3.490911 2.315458 1.494658 0.939103 0.574497 0.342392 0.199019 0.113048 0.062988 0.034670 0.019100 0.010778 0.006450 0.004261 0.003183 0.002665 0.002423 0.002313 0.002264 0.002243 0.002233 0.002229 0.002226 0.002223 0.002218 0.002211 0.002198 0.002179 0.002149 0.002104 0.002040 0.001951 0.001831 0.001676 0.001481 0.001247 0.000975 0.000670 0.000342 0.000000 
50.000000 42.775077 35.786989 29.249298 23.332833 18.152965 13.765086 10.168046 7.313879 5.121285 3.490132 2.314660 1.493846 0.938281 0.573669 0.341561 0.198185 0.112213 0.062153 0.033833 0.018264 0.009941 0.005614 0.003424 0.002346 0.001829 0.001587 0.001477 0.001428 0.001406 0.001397 0.001393 0.001390 0.001388 0.001385 0.001380 0.001372 0.001360 0.001341 0.001313 0.001273 0.001216 0.001141 0.001044 0.000923 0.000777 0.000607 0.000417 0.000212 0.000000 
50.000000 42.775077 35.786989 29.249298 23.332833 18.152965 13.765086 10.168046 7.313879 5.121285 3.490132 2.314660 1.493846 0.938281 0.573669 0.341561 0.198185 0.112213 0.062153 0.033833 0.018264 0.009941 0.005614 0.003424 0.002346 0.001829 0.001587 0.001477 0.001428 0.001406 0.001397 0.001393 0.001390 0.001388 0.001385 0.001380 0.001372 0.001360 0.001341 0.001313 0.001273 0.001216 0.001141 0.001044 0.000923 0.000777 0.000607 0.000417 0.000212 0.000000 
50.000000 42.775198 35.787227 29.249646 23.333280 18.153498 13.765693 10.168713 7.314594 5.122036 3.490911 2.315458 1.494658 0.939103 0.574497 0.342392 0.199019 0.113048 0.062988 0.034670 0.019100 0.010778 0.006450 0.004261 0.003183 0.002665 0.002423 0.002313 0.002264 0.002243 0.002233 0.002229 0.002226 0.002223 0.002218 0.002211 0.002198 0.002179 0.002149 0.002104 0.002040 0.001951 0.001831 0.001676 0.001481 0.001247 0.000975 0.000670 0.000342 0.000000 
50.000000 42.775499 35.787820 29.250511 23.334391 18.154825 13.767202 10.170372 7.316371 5.123905 3.492847 2.317443 1.496676 0.941144 0.576553 0.344458 0.201090 0.115123 0.065065 0.036748 0.021179 0.012857 0.008530 0.006340 0.005262 0.004745 0.004503 0.004393 0.004343 0.004322 0.004312 0.004307 0.004303 0.004297 0.004289 0.004274 0.004251 0.004214 0.004157 0.004071 0.003949 0.003777 0.003547 0.003248 0.002873 0.002420 0.001893 0.001302 0.000663 0.000000 
50.000000 42.776119 35.789038 29.252290 23.336677 18.157555 13.770307 10.173784 7.320027 5.127748 3.496829 2.321525 1.500828 0.945343 0.580783 0.348708 0.205352 0.119392 0.069339 0.041024 0.025456 0.017135 0.012808 0.010619 0.009540 0.009023 0.008781 0.008671 0.008622 0.008600 0.008589 0.008583 0.008576 0.008566 0.008550 0.008522 0.008476 0.008403 0.008291 0.008123 0.007881 0.007543 0.007086 0.006492 0.005746 0.004842 0.003789 0.002606 0.001328 0.000000 
50.000000 42.777321 35.791403 29.255742 23.341112 18.162851 13.776332 10.180405 7.327121 5.135205 3.504556 2.329446 1.508885 0.953491 0.588991 0.356954 0.213622 0.127676 0.077631 0.049320 0.033755 0.025435 0.021109 0.018920 0.017842 0.017325 0.017083 0.016972 0.016923 0.016900 0.016888 0.016879 0.016868 0.016850 0.016818 0.016765 0.016677 0.016536 0.016319 0.015994 0.015523 0.014864 0.013971 0.012807 0.011341 0.009563 0.007486 0.005151 0.002626 0.000000 
50.000000 42.779573 35.795834 29.262210 23.349424 18.172775 13.787622 10.192815 7.340417 5.149182 3.519039 2.344293 1.523986 0.968764 0.604376 0.372410 0.229122 0.143203 0.093173 0.064871 0.049311 0.040993 0.036669 0.034480 0.033403 0.032886 0.032644 0.032533 0.032483 0.032459 0.032445 0.032431 0.032411 0.032377 0.032319 0.032219 0.032054 0.031791 0.031382 0.030767 0.029874 0.028619 0.026917 0.024690 0.021878 0.018460 0.014459 0.009954 0.005076 0.000000 
50.000000 42.783672 35.803895 29.273979 23.364547 18.190833 13.808165 10.215393 7.364610 5.174614 3.545392 2.371309 1.551464 0.996554 0.632372 0.400536 0.257329 0.171458 0.121455 0.093169 0.077618 0.069305 0.064982 0.062795 0.061718 0.061201 0.060959 0.060848 0.060797 0.060771 0.060753 0.060731 0.060697 0.060636 0.060530 0.060349 0.060049 0.059568 0.058818 0.057688 0.056041 0.053719 0.050558 0.046408 0.041155 0.034750 0.027236 0.018759 0.009569 0.000000 
50.000000 42.790916 35.818145 29.294782 23.391279 18.222754 13.844479 10.255306 7.407378 5.219572 3.591979 2.419069 1.600042 1.045685 0.681865 0.450260 0.307195 0.221409 0.171456 0.143198 0.127662 0.119357 0.115039 0.112854 0.111778 0.111261 0.111019 0.110907 0.110854 0.110825 0.110800 0.110765 0.110706 0.110600 0.110414 0.110096 0.109566 0.108713 0.107379 0.105362 0.102409 0.098231 0.092524 0.085001 0.075446 0.063759 0.050010 0.034466 0.017588 0.000000 
50.000000 42.803354 35.842614 29.330504 23.437181 18.277567 13.906837 10.323846 7.480820 5.296779 3.671983 2.501087 1.683466 1.130060 0.766863 0.535655 0.392834 0.307194 0.257327 0.229117 0.213607 0.205316 0.201005 0.198824 0.197749 0.197233 0.196991 0.196878 0.196823 0.196788 0.196752 0.196696 0.196596 0.196417 0.196101 0.195558 0.194651 0.193184 0.190883 0.187387 0.182249 0.174948 0.164931 0.151672 0.134760 0.114000 0.089498 0.061724 0.031513 0.000000 
50.000000 42.824095 35.883415 29.390069 23.513724 18.368969 14.010821 10.438142 7.603293 5.425529 3.805401 2.637867 1.822591 1.270771 0.908614 0.678067 0.535654 0.450259 0.400534 0.372404 0.356939 0.348672 0.344373 0.342198 0.341126 0.340611 0.340369 0.340254 0.340194 0.340151 0.340098 0.340009 0.339847 0.339554 0.339034 0.338136 0.336633 0.334191 0.330342 0.324469 0.315796 0.303412 0.286335 0.263621 0.234513 0.198623 0.156101 0.107751 0.055043 0.000000 
50.000000 42.857668 35.949457 29.486485 23.637621 18.516921 14.179144 10.623157 7.801547 5.633949 4.021380 2.859289 2.047812 1.498561 1.138090 0.908614 0.766863 0.681864 0.632369 0.604370 0.588976 0.580747 0.576468 0.574303 0.573236 0.572723 0.572480 0.572363 0.572297 0.572242 0.572163 0.572025 0.571771 0.571306 0.570478 0.569045 0.566634 0.562699 0.556469 0.546913 0.532724 0.512351 0.484098 0.446301 0.397597 0.337232 0.265383 0.183378 0.093740 0.000000 
50.000000 42.910399 36.053187 29.637922 23.832226 18.749310 14.443532 10.913768 8.112959 5.961333 4.360640 3.207104 2.401597 1.856385 1.498561 1.270771 1.130060 1.045684 0.996552 0.968758 0.953476 0.945307 0.941060 0.938910 0.937850 0.937340 0.937097 0.936977 0.936903 0.936829 0.936715 0.936507 0.936120 0.935409 0.934138 0.931928 0.928192 0.922065 0.912313 0.897270 0.874798 0.842327 0.796999 0.735956 0.656778 0.558033 0.439844 0.304323 0.155698 0.000000 
50.000000 42.990735 36.211222 29.868641 24.128714 19.103369 14.846348 11.356544 8.587431 6.460147 4.877555 3.737058 2.940652 2.401597 2.047812 1.822591 1.683466 1.600041 1.551461 1.523980 1.508870 1.500793 1.496593 1.494467 1.493419 1.492913 1.492670 1.492545 1.492460 1.492363 1.492201 1.491898 1.491330 1.490282 1.488400 1.485113 1.479532 1.470326 1.455589 1.432711 1.398303 1.348222 1.277779 1.182174 1.057196 0.900162 0.710918 0.492677 0.252336 0.000000 
50.000000 43.109412 36.444682 30.209478 24.566714 19.626422 15.441438 12.010674 9.288396 7.197081 5.641240 4.520014 3.737058 3.207104 2.859289 2.637867 2.501087 2.419068 2.371307 2.344287 2.329432 2.321490 2.317361 2.315270 2.314239 2.313740 2.313498 2.313368 2.313269 2.313141 2.312917 2.312493 2.311690 2.310205 2.307525 2.302821 2.294791 2.281469 2.260007 2.226453 2.175600 2.100972 1.995077 1.850036 1.658666 1.416011 1.121107 0.778558 0.399308 0.000000 
50.000000 43.279347 36.778978 30.697532 25.193904 20.375412 16.293589 12.947380 10.292181 8.252385 6.734861 5.641240 4.877555 4.360640 4.021380 3.805401 3.671982 3.591978 3.545389 3.519033 3.504542 3.496795 3.492766 3.490727 3.489720 3.489231 3.488991 3.488855 3.488740 3.488576 3.488278 3.487706 3.486618 3.484596 3.480932 3.474467 3.463370 3.444844 3.414787 3.367431 3.295041 3.187807 3.034098 2.821288 2.537357 2.173301 1.726158 1.201974 0.617599 0.000000 
50.000000 43.515135 37.242820 31.374720 26.064152 21.414670 17.476002 14.247130 11.685022 9.716727 8.252385 7.197081 6.460147 5.961333 5.633949 5.425529 5.296778 5.219572 5.174612 5.149177 5.135191 5.127715 5.123827 5.121858 5.120885 5.120412 5.120175 5.120034 5.119900 5.119696 5.119314 5.118575 5.117165 5.114530 5.109733 5.101226 5.086535 5.061844 5.021481 4.957344 4.858363 4.710175 4.495262 4.193923 3.786441 3.256736 2.597383 1.815129 0.934964 0.000000 
50.000000 43.832051 37.866258 32.284916 27.233846 22.811540 19.065299 15.994158 13.557193 11.685022 10.292181 9.288396 8.587431 8.112959 7.801547 7.603293 7.480820 7.407377 7.364608 7.340412 7.327108 7.319996 7.316297 7.314423 7.313497 7.313044 7.312813 7.312668 7.312516 7.312271 7.311804 7.310894 7.309148 7.305872 7.299881 7.289196 7.270631 7.239209 7.187425 7.104374 6.974847 6.778596 6.490132 6.079586 5.515360 4.769263 3.824517 2.685791 1.388256 0.000000 
50.000000 44.244555 38.677740 33.469654 28.756363 24.629771 21.134018 18.268208 15.994158 14.247130 12.947380 12.010674 11.356544 10.913768 10.623157 10.438142 10.323846 10.255306 10.215391 10.192810 10.180393 10.173755 10.170302 10.168553 10.167687 10.167262 10.167042 10.166894 10.166728 10.166446 10.165902 10.164837 10.162783 10.158916 10.151806 10.139059 10.116769 10.078764 10.015597 9.913282 9.751867 9.504026 9.134104 8.598354 7.847510 6.833263 5.520175 3.903304 2.027857 0.000000 
50.000000 44.764385 39.700358 34.962649 30.675034 26.921115 23.741047 21.134018 19.065299 17.476002 16.293589 15.441438 14.846348 14.443532 14.179144 14.010821 13.906836 13.844478 13.808163 13.787618 13.776320 13.770280 13.767139 13.765547 13.764758 13.764369 13.764164 13.764018 13.763843 13.763536 13.762937 13.761759 13.759478 13.755165 13.747201 13.732842 13.707576 13.664175 13.591402 13.472301 13.282078 12.985712 12.535665 11.870524 10.916176 9.592258 7.827872 5.590531 2.927193 0.000000 
50.000000 45.398463 40.947729 36.783784 33.015413 29.716093 26.921115 24.629771 22.811540 21.414670 20.375412 19.626422 19.103369 18.749310 18.516921 18.368968 18.277566 18.222753 18.190832 18.172771 18.162841 18.157531 18.154769 18.153369 18.152675 18.152331 18.152146 18.152008 18.151833 18.151519 18.150901 18.149680 18.147309 18.142807 18.134456 18.119324 18.092532 18.046173 17.967756 17.838055 17.628229 17.296180 16.782262 16.004939 14.858046 13.213429 10.936665 7.928507 4.204633 0.000000 
50.000000 46.146948 42.420166 38.933518 35.778092 33.015413 30.675034 28.756363 27.233846 26.064152 25.193904 24.566714 24.128714 23.832226 23.637621 23.513724 23.437181 23.391278 23.364545 23.349421 23.341104 23.336657 23.334344 23.333171 23.332589 23.332300 23.332141 23.332018 23.331855 23.331558 23.330968 23.329798 23.327521 23.323182 23.315101 23.300389 23.274193 23.228552 23.150703 23.020603 22.807417 22.464583 21.923100 21.082776 19.801984 17.889046 15.105450 11.207265 6.077239 0.000000 
50.000000 47.001833 44.101918 41.388855 38.933518 36.783784 34.962649 33.469654 32.284916 31.374720 30.697532 30.209478 29.868641 29.637922 29.486485 29.390069 29.330504 29.294782 29.273978 29.262208 29.255735 29.252275 29.250474 29.249562 29.249108 29.248882 29.248756 29.248655 29.248517 29.248262 29.247754 29.246744 29.244773 29.241006 29.233968 29.221101 29.198078 29.157723 29.088371 28.971374 28.777337 28.460398 27.949479 27.134777 25.847120 23.828068 20.694427 15.927181 9.003457 0.000000 
50.000000 47.946450 45.960194 44.101918 42.420166 40.947729 39.700358 38.677740 37.866258 37.242820 36.778978 36.444682 36.211222 36.053187 35.949457 35.883415 35.842614 35.818145 35.803894 35.795832 35.791398 35.789027 35.787794 35.787169 35.786858 35.786702 35.786615 35.786543 35.786443 35.786256 35.785882 35.785137 35.783680 35.780890 35.775664 35.766080 35.748864 35.718545 35.666124 35.577004 35.427691 35.180467 34.774436 34.109827 33.019222 31.212900 28.174737 22.980097 14.099140 0.000000 
50.000000 48.956121 47.946450 47.001833 46.146948 45.398463 44.764385 44.244555 43.832051 43.515135 43.279347 43.109412 42.990735 42.910399 42.857668 42.824095 42.803354 42.790915 42.783671 42.779572 42.777318 42.776113 42.775486 42.775168 42.775010 42.774931 42.774886 42.774849 42.774796 42.774697 42.774498 42.774103 42.773327 42.771841 42.769052 42.763928 42.754700 42.738399 42.710103 42.661749 42.580171 42.443795 42.216698 41.837192 41.193830 40.069709 37.998376 33.847310 24.478061 0.000000 
50.000000 50.000000 50.000000 50.000000 50.000000 50.000000 50.000000 50.000000 50.000000 50.000000 50.000000 50.000000 50.000000 50.000000 50.000000 50.000000 50.000000 50.000000 50.000000 50.000000 50.000000 50.000000 50.000000 50.000000 50.000000 50.000000 50.000000 50.000000 50.000000 50.000000 50.000000 50.000000 50.000000 50.000000 50.000000 50.000000 50.000000 50.000000 50.000000 50.000000 50.000000 50.000000 50.000000 50.000000 50.000000 50.000000 50.000000 50.000000 50.000000 50.000000 
