50.000000 50.000000 50.000000 50.000000 50.000000 50.000000 50.000000 50.000000 50.000000 50.000000 50.000000 50.000000 50.000000 50.000000 50.000000 50.000000 50.000000 50.000000 50.000000 50.000000 50.000000 50.000000 50.000000 50.000000 50.000000 50.000000 50.000000 50.000000 50.000000 50.000000 50.000000 50.000000 50.000000 50.000000 50.000000 50.000000 50.000000 50.000000 50.000000 50.000000 50.000000 50.000000 50.000000 50.000000 50.000000 50.000000 50.000000 50.000000 50.000000 50.000000 
50.000000 46.939120 44.171725 41.907162 40.226564 39.092286 38.393740 37.999755 37.795475 37.697728 37.654403 37.636551 37.629688 37.627220 37.626386 37.626121 37.626041 37.626019 37.626013 37.626011 37.626011 37.626011 37.626010 37.626010 37.626010 37.626010 37.626010 37.626010 37.626010 37.626010 37.626010 37.626010 37.626010 37.626009 37.626004 37.625987 37.625924 37.625716 37.625050 37.623029 37.617199 37.601203 37.559378 37.454718 37.202287 36.608335 35.218822 31.895167 23.469560 0.000000 
50.000000 44.171725 38.902332 34.590465 31.390593 29.231000 27.901072 27.151021 26.762142 26.576078 26.493613 26.459636 26.446576 26.441878 26.440291 26.439787 26.439635 26.439592 26.439581 26.439578 26.439577 26.439577 26.439577 26.439577 26.439577 26.439577 26.439577 26.439577 26.439577 26.439577 26.439577 26.439577 26.439576 26.439574 26.439566 26.439537 26.439434 26.439088 26.437990 26.434674 26.425185 26.399429 26.333100 26.170800 25.792521 24.949699 23.147927 19.451166 12.276558 0.000000 
50.000000 41.907162 34.590465 28.603491 24.160694 21.162414 19.316121 18.274930 17.735149 17.476907 17.362464 17.315315 17.297194 17.290677 17.288476 17.287776 17.287566 17.287507 17.287491 17.287487 17.287486 17.287485 17.287485 17.287485 17.287485 17.287485 17.287485 17.287485 17.287485 17.287485 17.287485 17.287485 17.287485 17.287482 17.287473 17.287441 17.287326 17.286945 17.285740 17.282133 17.271917 17.244568 17.175437 17.010578 16.639999 15.856083 14.301745 11.442538 6.688340 0.000000 
50.000000 40.226564 31.390593 24.160694 18.795811 15.175473 12.946294 11.689288 11.037685 10.725977 10.587856 10.530958 10.509094 10.501230 10.498576 10.497732 10.497479 10.497407 10.497388 10.497383 10.497381 10.497381 10.497381 10.497381 10.497381 10.497381 10.497381 10.497381 10.497381 10.497381 10.497381 10.497381 10.497380 10.497378 10.497371 10.497342 10.497241 10.496906 10.495857 10.492743 10.484023 10.461017 10.403952 10.271200 9.982459 9.397906 8.304611 6.440894 3.618228 0.000000 
50.000000 39.092286 29.231000 21.162414 15.175473 11.135604 8.648286 7.245837 6.518907 6.171201 6.017145 5.953691 5.929310 5.920543 5.917583 5.916643 5.916361 5.916280 5.916259 5.916253 5.916252 5.916252 5.916252 5.916252 5.916252 5.916252 5.916252 5.916252 5.916252 5.916252 5.916252 5.916252 5.916251 5.916250 5.916244 5.916222 5.916147 5.915899 5.915127 5.912857 5.906570 5.890212 5.850343 5.759631 5.567802 5.193014 4.522415 3.438479 1.889999 0.000000 
50.000000 38.393740 27.901072 19.316121 12.946294 8.648286 6.002201 4.510340 3.737127 3.367316 3.203481 3.136006 3.110082 3.100761 3.097615 3.096616 3.096316 3.096231 3.096208 3.096202 3.096200 3.096200 3.096200 3.096200 3.096200 3.096200 3.096200 3.096200 3.096200 3.096200 3.096200 3.096200 3.096200 3.096199 3.096195 3.096181 3.096132 3.095972 3.095477 3.094034 3.090078 3.079916 3.055532 3.001101 2.888656 2.675094 2.305543 1.730272 0.939022 0.000000 
50.000000 37.999755 27.151021 18.274930 11.689288 7.245837 4.510340 2.968152 2.168906 1.786668 1.617340 1.547607 1.520819 1.511188 1.507937 1.506904 1.506595 1.506507 1.506483 1.506477 1.506476 1.506475 1.506475 1.506475 1.506475 1.506475 1.506475 1.506475 1.506475 1.506475 1.506475 1.506475 1.506475 1.506474 1.506472 1.506464 1.506436 1.506344 1.506062 1.505246 1.503030 1.497402 1.484076 1.454808 1.395494 1.285336 1.099493 0.817921 0.440377 0.000000 
50.000000 37.795475 26.762142 17.735149 11.037685 6.518907 3.737127 2.168906 1.356200 0.967542 0.795379 0.724483 0.697249 0.687458 0.684153 0.683104 0.682789 0.682700 0.682676 0.682669 0.682668 0.682668 0.682667 0.682667 0.682667 0.682667 0.682667 0.682667 0.682667 0.682667 0.682667 0.682667 0.682667 0.682667 0.682666 0.682662 0.682647 0.682600 0.682455 0.682039 0.680918 0.678100 0.671504 0.657211 0.628695 0.576667 0.490581 0.362713 0.194271 0.000000 
50.000000 37.697728 26.576078 17.476907 10.725977 6.171201 3.367316 1.786668 0.967542 0.575826 0.402313 0.330863 0.303416 0.293550 0.290220 0.289162 0.288845 0.288755 0.288731 0.288725 0.288723 0.288723 0.288723 0.288723 0.288723 0.288723 0.288723 0.288723 0.288723 0.288723 0.288723 0.288723 0.288723 0.288722 0.288722 0.288720 0.288713 0.288691 0.288623 0.288430 0.287913 0.286624 0.283637 0.277237 0.264631 0.241953 0.204990 0.150893 0.080529 0.000000 
50.000000 37.654403 26.493613 17.362464 10.587856 6.017145 3.203481 1.617340 0.795379 0.402313 0.228204 0.156510 0.128971 0.119071 0.115730 0.114668 0.114350 0.114260 0.114236 0.114229 0.114228 0.114228 0.114227 0.114227 0.114227 0.114227 0.114227 0.114227 0.114227 0.114227 0.114227 0.114227 0.114227 0.114227 0.114227 0.114226 0.114223 0.114214 0.114185 0.114102 0.113883 0.113341 0.112094 0.109447 0.104288 0.095113 0.080331 0.058939 0.031374 0.000000 
50.000000 37.636551 26.459636 17.315315 10.530958 5.953691 3.136006 1.547607 0.724483 0.330863 0.156510 0.084716 0.057139 0.047225 0.043879 0.042817 0.042498 0.042408 0.042383 0.042377 0.042375 0.042375 0.042375 0.042375 0.042375 0.042375 0.042375 0.042375 0.042375 0.042375 0.042375 0.042375 0.042375 0.042375 0.042375 0.042375 0.042373 0.042370 0.042358 0.042326 0.042240 0.042028 0.041545 0.040529 0.038564 0.035102 0.029575 0.021646 0.011501 0.000000 
50.000000 37.629688 26.446576 17.297194 10.509094 5.929310 3.110082 1.520819 0.697249 0.303416 0.128971 0.057139 0.029547 0.019628 0.016280 0.015217 0.014898 0.014808 0.014783 0.014777 0.014776 0.014775 0.014775 0.014775 0.014775 0.014775 0.014775 0.014775 0.014775 0.014775 0.014775 0.014775 0.014775 0.014775 0.014775 0.014775 0.014775 0.014773 0.014769 0.014757 0.014726 0.014649 0.014475 0.014110 0.013411 0.012188 0.010249 0.007487 0.003972 0.000000 
50.000000 37.627220 26.441878 17.290677 10.501230 5.920543 3.100761 1.511188 0.687458 0.293550 0.119071 0.047225 0.019628 0.009707 0.006359 0.005296 0.004977 0.004886 0.004862 0.004856 0.004854 0.004854 0.004854 0.004854 0.004854 0.004854 0.004854 0.004854 0.004854 0.004854 0.004854 0.004854 0.004854 0.004854 0.004854 0.004854 0.004853 0.004853 0.004852 0.004847 0.004837 0.004811 0.004752 0.004629 0.004396 0.003990 0.003350 0.002444 0.001295 0.000000 
50.000000 37.626386 26.440291 17.288476 10.498576 5.917583 3.097615 1.507937 0.684153 0.290220 0.115730 0.043879 0.016280 0.006359 0.003011 0.001948 0.001629 0.001538 0.001514 0.001508 0.001506 0.001506 0.001506 0.001506 0.001506 0.001506 0.001506 0.001506 0.001506 0.001506 0.001506 0.001506 0.001506 0.001506 0.001506 0.001506 0.001506 0.001505 0.001505 0.001504 0.001500 0.001492 0.001473 0.001435 0.001361 0.001234 0.001035 0.000754 0.000399 0.000000 
50.000000 37.626121 26.439787 17.287776 10.497732 5.916643 3.096616 1.506904 0.683104 0.289162 0.114668 0.042817 0.015217 0.005296 0.001948 0.000884 0.000565 0.000475 0.000450 0.000444 0.000442 0.000442 0.000442 0.000442 0.000442 0.000442 0.000442 0.000442 0.000442 0.000442 0.000442 0.000442 0.000442 0.000442 0.000442 0.000442 0.000442 0.000442 0.000442 0.000441 0.000440 0.000438 0.000432 0.000421 0.000399 0.000361 0.000303 0.000220 0.000117 0.000000 
50.000000 37.626041 26.439635 17.287566 10.497479 5.916361 3.096316 1.506595 0.682789 0.288845 0.114350 0.042498 0.014898 0.004977 0.001629 0.000565 0.000246 0.000156 0.000131 0.000125 0.000123 0.000123 0.000123 0.000123 0.000123 0.000123 0.000123 0.000123 0.000123 0.000123 0.000123 0.000123 0.000123 0.000123 0.000123 0.000123 0.000123 0.000123 0.000123 0.000123 0.000123 0.000122 0.000120 0.000117 0.000111 0.000100 0.000084 0.000061 0.000032 0.000000 
50.000000 37.626019 26.439592 17.287507 10.497407 5.916280 3.096231 1.506507 0.682700 0.288755 0.114260 0.042408 0.014808 0.004886 0.001538 0.000475 0.000156 0.000065 0.000041 0.000035 0.000033 0.000033 0.000033 0.000033 0.000033 0.000033 0.000033 0.000033 0.000033 0.000033 0.000033 0.000033 0.000033 0.000033 0.000033 0.000033 0.000033 0.000033 0.000033 0.000032 0.000032 0.000032 0.000032 0.000031 0.000029 0.000027 0.000022 0.000016 0.000009 0.000000 
50.000000 37.626013 26.439581 17.287491 10.497388 5.916259 3.096208 1.506483 0.682676 0.288731 0.114236 0.042383 0.014783 0.004862 0.001514 0.000450 0.000131 0.000041 0.000016 0.000010 0.000009 0.000008 0.000008 0.000008 0.000008 0.000008 0.000008 0.000008 0.000008 0.000008 0.000008 0.000008 0.000008 0.000008 0.000008 0.000008 0.000008 0.000008 0.000008 0.000008 0.000008 0.000008 0.000008 0.000008 0.000007 0.000007 0.000006 0.000004 0.000002 0.000000 
50.000000 37.626011 26.439578 17.287487 10.497383 5.916253 3.096202 1.506477 0.682669 0.288725 0.114229 0.042377 0.014777 0.004856 0.001508 0.000444 0.000125 0.000035 0.000010 0.000004 0.000002 0.000002 0.000002 0.000002 0.000002 0.000002 0.000002 0.000002 0.000002 0.000002 0.000002 0.000002 0.000002 0.000002 0.000002 0.000002 0.000002 0.000002 0.000002 0.000002 0.000002 0.000002 0.000002 0.000002 0.000002 0.000002 0.000001 0.000001 0.000001 0.000000 
50.000000 37.626011 26.439577 17.287486 10.497381 5.916252 3.096200 1.506476 0.682668 0.288723 0.114228 0.042375 0.014776 0.004854 0.001506 0.000442 0.000123 0.000033 0.000009 0.000002 0.000001 0.000001 0.000000 0.000000 0.000000 0.000000 0.000000 0.000000 0.000000 0.000000 0.000000 0.000000 0.000000 0.000000 0.000000 0.000000 0.000000 0.000000 0.000000 0.000000 0.000000 0.000000 0.000000 0.000000 0.000000 0.000000 0.000000 0.000000 0.000000 0.000000 
50.000000 37.626011 26.439577 17.287485 10.497381 5.916252 3.096200 1.506475 0.682668 0.288723 0.114228 0.042375 0.014775 0.004854 0.001506 0.000442 0.000123 0.000033 0.000008 0.000002 0.000001 0.000000 0.000000 0.000000 0.000000 0.000000 0.000000 0.000000 0.000000 0.000000 0.000000 0.000000 0.000000 0.000000 0.000000 0.000000 0.000000 0.000000 0.000000 0.000000 0.000000 0.000000 0.000000 0.000000 0.000000 0.000000 0.000000 0.000000 0.000000 0.000000 
50.000000 37.626010 26.439577 17.287485 10.497381 5.916252 3.096200 1.506475 0.682667 0.288723 0.114227 0.042375 0.014775 0.004854 0.001506 0.000442 0.000123 0.000033 0.000008 0.000002 0.000000 0.000000 0.000000 0.000000 0.000000 0.000000 0.000000 0.000000 0.000000 0.000000 0.000000 0.000000 0.000000 0.000000 0.000000 0.000000 0.000000 0.000000 0.000000 0.000000 0.000000 0.000000 0.000000 0.000000 0.000000 0.000000 0.000000 0.000000 0.000000 0.000000 
50.000000 37.626010 26.439577 17.287485 10.497381 5.916252 3.096200 1.506475 0.682667 0.288723 0.114227 0.042375 0.014775 0.004854 0.001506 0.000442 0.000123 0.000033 0.000008 0.000002 0.000000 0.000000 0.000000 0.000000 0.000000 0.000000 0.000000 0.000000 0.000000 0.000000 0.000000 0.000000 0.000000 0.000000 0.000000 0.000000 0.000000 0.000000 0.000000 0.000000 0.000000 0.000000 0.000000 0.000000 0.000000 0.000000 0.000000 0.000000 0.000000 0.000000 
50.000000 37.626010 26.439577 17.287485 10.497381 5.916252 3.096200 1.506475 0.682667 0.288723 0.114227 0.042375 0.014775 0.004854 0.001506 0.000442 0.000123 0.000033 0.000008 0.000002 0.000000 0.000000 0.000000 0.000000 0.000000 0.000000 0.000000 0.000000 0.000000 0.000000 0.000000 0.000000 0.000000 0.000000 0.000000 0.000000 0.000000 0.000000 0.000000 0.000000 0.000000 0.000000 0.000000 0.000000 0.000000 0.000000 0.000000 0.000000 0.000000 0.000000 
50.000000 37.626010 26.439577 17.287485 10.497381 5.916252 3.096200 1.506475 0.682667 0.288723 0.114227 0.042375 0.014775 0.004854 0.001506 0.000442 0.000123 0.000033 0.000008 0.000002 0.000000 0.000000 0.000000 0.000000 0.000000 0.000000 0.000000 0.000000 0.000000 0.000000 0.000000 0.000000 0.000000 0.000000 0.000000 0.000000 0.000000 0.000000 0.000000 0.000000 0.000000 0.000000 0.000000 0.000000 0.000000 0.000000 0.000000 0.000000 0.000000 0.000000 
50.000000 37.626010 26.439577 17.287485 10.497381 5.916252 3.096200 1.506475 0.682667 0.288723 0.114227 0.042375 0.014775 0.004854 0.001506 0.000442 0.000123 0.000033 0.000008 0.000002 0.000000 0.000000 0.000000 0.000000 0.000000 0.000000 0.000000 0.000000 0.000000 0.000000 0.000000 0.000000 0.000000 0.000000 0.000000 0.000000 0.000000 0.000000 0.000000 0.000000 0.000000 0.000000 0.000000 0.000000 0.000000 0.000000 0.000000 0.000000 0.000000 0.000000 
50.000000 37.626010 26.439577 17.287485 10.497381 5.916252 3.096200 1.506475 0.682667 0.288723 0.114227 0.042375 0.014775 0.004854 0.001506 0.000442 0.000123 0.000033 0.000008 0.000002 0.000000 0.000000 0.000000 0.000000 0.000000 0.000000 0.000000 0.000000 0.000000 0.000000 0.000000 0.000000 0.000000 0.000000 0.000000 0.000000 0.000000 0.000000 0.000000 0.000000 0.000000 0.000000 0.000000 0.000000 0.000000 0.000000 0.000000 0.000000 0.000000 0.000000 
50.000000 37.626011 26.439577 17.287485 10.497381 5.916252 3.096200 1.506475 0.682668 0.288723 0.114228 0.042375 0.014775 0.004854 0.001506 0.000442 0.000123 0.000033 0.000008 0.000002 0.000001 0.000000 0.000000 0.000000 0.000000 0.000000 0.000000 0.000000 0.000000 0.000000 0.000000 0.000000 0.000000 0.000000 0.000000 0.000000 0.000000 0.000000 0.000000 0.000000 0.000000 0.000000 0.000000 0.000000 0.000000 0.000000 0.000000 0.000000 0.000000 0.000000 
50.000000 37.626011 26.439577 17.287486 10.497381 5.916252 3.096200 1.506476 0.682668 0.288723 0.114228 0.042375 0.014776 0.004854 0.001506 0.000442 0.000123 0.000033 0.000009 0.000002 0.000001 0.000001 0.000000 0.000000 0.000000 0.000000 0.000000 0.000000 0.000000 0.000000 0.000000 0.000000 0.000000 0.000000 0.000000 0.000000 0.000000 0.000000 0.000000 0.000000 0.000000 0.000000 0.000000 0.000000 0.000000 0.000000 0.000000 0.000000 0.000000 0.000000 
50.000000 37.626011 26.439578 17.287487 10.497383 5.916253 3.096202 1.506477 0.682669 0.288725 0.114229 0.042377 0.014777 0.004856 0.001508 0.000444 0.000125 0.000035 0.000010 0.000004 0.000002 0.000002 0.000002 0.000002 0.000002 0.000002 0.000002 0.000002 0.000002 0.000002 0.000002 0.000002 0.000002 0.000002 0.000002 0.000002 0.000002 0.000002 0.000002 0.000002 0.000002 0.000002 0.000002 0.000002 0.000002 0.000002 0.000001 0.000001 0.000001 0.000000 
50.000000 37.626013 26.439581 17.287491 10.497388 5.916259 3.096208 1.506483 0.682676 0.288731 0.114236 0.042383 0.014783 0.004862 0.001514 0.000450 0.000131 0.000041 0.000016 0.000010 0.000009 0.000008 0.000008 0.000008 0.000008 0.000008 0.000008 0.000008 0.000008 0.000008 0.000008 0.000008 0.000008 0.000008 0.000008 0.000008 0.000008 0.000008 0.000008 0.000008 0.000008 0.000008 0.000008 0.000008 0.000007 0.000007 0.000006 0.000004 0.000002 0.000000 
50.000000 37.626019 26.439592 17.287507 10.497407 5.916280 3.096231 1.506507 0.682700 0.288755 0.114260 0.042408 0.014808 0.004886 0.001538 0.000475 0.000156 0.000065 0.000041 0.000035 0.000033 0.000033 0.000033 0.000033 0.000033 0.000033 0.000033 0.000033 0.000033 0.000033 0.000033 0.000033 0.000033 0.000033 0.000033 0.000033 0.000033 0.000033 0.000033 0.000032 0.000032 0.000032 0.000032 0.000031 0.000029 0.000027 0.000022 0.000016 0.000009 0.000000 
50.000000 37.626041 26.439635 17.287566 10.497479 5.916361 3.096316 1.506595 0.682789 0.288845 0.114350 0.042498 0.014898 0.004977 0.001629 0.000565 0.000246 0.000156 0.000131 0.000125 0.000123 0.000123 0.000123 0.000123 0.000123 0.000123 0.000123 0.000123 0.000123 0.000123 0.000123 0.000123 0.000123 0.000123 0.000123 0.000123 0.000123 0.000123 0.000123 0.000123 0.000123 0.000122 0.000120 0.000117 0.000111 0.000100 0.000084 0.000061 0.000032 0.000000 
50.000000 37.626121 26.439787 17.287776 10.497732 5.916643 3.096616 1.506904 0.683104 0.289162 0.114668 0.042817 0.015217 0.005296 0.001948 0.000884 0.000565 0.000475 0.000450 0.000444 0.000442 0.000442 0.000442 0.000442 0.000442 0.000442 0.000442 0.000442 0.000442 0.000442 0.000442 0.000442 0.000442 0.000442 0.000442 0.000442 0.000442 0.000442 0.000442 0.000441 0.000440 0.000438 0.000432 0.000421 0.000399 0.000361 0.000303 0.000220 0.000117 0.000000 
50.000000 37.626386 26.440291 17.288476 10.498576 5.917583 3.097615 1.507937 0.684153 0.290220 0.115730 0.043879 0.016280 0.006359 0.003011 0.001948 0.001629 0.001538 0.001514 0.001508 0.001506 0.001506 0.001506 0.001506 0.001506 0.001506 0.001506 0.001506 0.001506 0.001506 0.001506 0.001506 0.001506 0.001506 0.001506 0.001506 0.001506 0.001505 0.001505 0.001504 0.001500 0.001492 0.001473 0.001435 0.001361 0.001234 0.001035 0.000754 0.000399 0.000000 
50.000000 37.627220 26.441878 17.290677 10.501230 5.920543 3.100761 1.511188 0.687458 0.293550 0.119071 0.047225 0.019628 0.009707 0.006359 0.005296 0.004977 0.004886 0.004862 0.004856 0.004854 0.004854 0.004854 0.004854 0.004854 0.004854 0.004854 0.004854 0.004854 0.004854 0.004854 0.004854 0.004854 0.004854 0.004854 0.004854 0.004853 0.004853 0.004852 0.004847 0.004837 0.004811 0.004752 0.004629 0.004396 0.003990 0.003350 0.002444 0.001295 0.000000 
50.000000 37.629688 26.446576 17.297194 10.509094 5.929310 3.110082 1.520819 0.697249 0.303416 0.128971 0.057139 0.029547 0.019628 0.016280 0.015217 0.014898 0.014808 0.014783 0.014777 0.014776 0.014775 0.014775 0.014775 0.014775 0.014775 0.014775 0.014775 0.014775 0.014775 0.014775 0.014775 0.014775 0.014775 0.014775 0.014775 0.014775 0.014773 0.014769 0.014757 0.014726 0.014649 0.014475 0.014110 0.013411 0.012188 0.010249 0.007487 0.003972 0.000000 
50.000000 37.636551 26.459636 17.315315 10.530958 5.953691 3.136006 1.547607 0.724483 0.330863 0.156510 0.084716 0.057139 0.047225 0.043879 0.042817 0.042498 0.042408 0.042383 0.042377 0.042375 0.042375 0.042375 0.042375 0.042375 0.042375 0.042375 0.042375 0.042375 0.042375 0.042375 0.042375 0.042375 0.042375 0.042375 0.042375 0.042373 0.042370 0.042358 0.042326 0.042240 0.042028 0.041545 0.040529 0.038564 0.035102 0.029575 0.021646 0.011501 0.000000 
50.000000 37.654403 26.493613 17.362464 10.587856 6.017145 3.203481 1.617340 0.795379 0.402313 0.228204 0.156510 0.128971 0.119071 0.115730 0.114668 0.114350 0.114260 0.114236 0.114229 0.114228 0.114228 0.114227 0.114227 0.114227 0.114227 0.114227 0.114227 0.114227 0.114227 0.114227 0.114227 0.114227 0.114227 0.114227 0.114226 0.114223 0.114214 0.114185 0.114102 0.113883 0.113341 0.112094 0.109447 0.104288 0.095113 0.080331 0.058939 0.031374 0.000000 
50.000000 37.697728 26.576078 17.476907 10.725977 6.171201 3.367316 1.786668 0.967542 0.575826 0.402313 0.330863 0.303416 0.293550 0.290220 0.289162 0.288845 0.288755 0.288731 0.288725 0.288723 0.288723 0.288723 0.288723 0.288723 0.288723 0.288723 0.288723 0.288723 0.288723 0.288723 0.288723 0.288723 0.288722 0.288722 0.288720 0.288713 0.288691 0.288623 0.288430 0.287913 0.286624 0.283637 0.277237 0.264631 0.241953 0.204990 0.150893 0.080529 0.000000 
50.000000 37.795475 26.762142 17.735149 11.037685 6.518907 3.737127 2.168906 1.356200 0.967542 0.795379 0.724483 0.697249 0.687458 0.684153 0.683104 0.682789 0.682700 0.682676 0.682669 0.682668 0.682668 0.682667 0.682667 0.682667 0.682667 0.682667 0.682667 0.682667 0.682667 0.682667 0.682667 0.682667 0.682667 0.682666 0.682662 0.682647 0.682600 0.682455 0.682039 0.680918 0.678100 0.671504 0.657211 0.628695 0.576667 0.490581 0.362713 0.194271 0.000000 
50.000000 37.999755 27.151021 18.274930 11.689288 7.245837 4.510340 2.968152 2.168906 1.786668 1.617340 1.547607 1.520819 1.511188 1.507937 1.506904 1.506595 1.506507 1.506483 1.506477 1.506476 1.506475 1.506475 1.506475 1.506475 1.506475 1.506475 1.506475 1.506475 1.506475 1.506475 1.506475 1.506475 1.506474 1.506472 1.506464 1.506436 1.506344 1.506062 1.505246 1.503030 1.497402 1.484076 1.454808 1.395494 1.285336 1.099493 0.817921 0.440377 0.000000 
50.000000 38.393740 27.901072 19.316121 12.946294 8.648286 6.002201 4.510340 3.737127 3.367316 3.203481 3.136006 3.110082 3.100761 3.097615 3.096616 3.096316 3.096231 3.096208 3.096202 3.096200 3.096200 3.096200 3.096200 3.096200 3.096200 3.096200 3.096200 3.096200 3.096200 3.096200 3.096200 3.096200 3.096199 3.096195 3.096181 3.096132 3.095972 3.095477 3.094034 3.090078 3.079916 3.055532 3.001101 2.888656 2.675094 2.305543 1.730272 0.939022 0.000000 
50.000000 39.092286 29.231000 21.162414 15.175473 11.135604 8.648286 7.245837 6.518907 6.171201 6.017145 5.953691 5.929310 5.920543 5.917583 5.916643 5.916361 5.916280 5.916259 5.916253 5.916252 5.916252 5.916252 5.916252 5.916252 5.916252 5.916252 5.916252 5.916252 5.916252 5.916252 5.916252 5.916251 5.916250 5.916244 5.916222 5.916147 5.915899 5.915127 5.912857 5.906570 5.890212 5.850343 5.759631 5.567802 5.193014 4.522415 3.438479 1.889999 0.000000 
50.000000 40.226564 31.390593 24.160694 18.795811 15.175473 12.946294 11.689288 11.037685 10.725977 10.587856 10.530958 10.509094 10.501230 10.498576 10.497732 10.497479 10.497407 10.497388 10.497383 10.497381 10.497381 10.497381 10.497381 10.497381 10.497381 10.497381 10.497381 10.497381 10.497381 10.497381 10.497381 10.497380 10.497378 10.497371 10.497342 10.497241 10.496906 10.495857 10.492743 10.484023 10.461017 10.403952 10.271200 9.982459 9.397906 8.304611 6.440894 3.618228 0.000000 
50.000000 41.907162 34.590465 28.603491 24.160694 21.162414 19.316121 18.274930 17.735149 17.476907 17.362464 17.315315 17.297194 17.290677 17.288476 17.287776 17.287566 17.287507 17.287491 17.287487 17.287486 17.287485 17.287485 17.287485 17.287485 17.287485 17.287485 17.287485 17.287485 17.287485 17.287485 17.287485 17.287485 17.287482 17.287473 17.287441 17.287326 17.286945 17.285740 17.282133 17.271917 17.244568 17.175437 17.010578 16.639999 15.856083 14.301745 11.442538 6.688340 0.000000 
50.000000 44.171725 38.902332 34.590465 31.390593 29.231000 27.901072 27.151021 26.762142 26.576078 26.493613 26.459636 26.446576 26.441878 26.440291 26.439787 26.439635 26.439592 26.439581 26.439578 26.439577 26.439577 26.439577 26.439577 26.439577 26.439577 26.439577 26.439577 26.439577 26.439577 26.439577 26.439577 26.439576 26.439574 26.439566 26.439537 26.439434 26.439088 26.437990 26.434674 26.425185 26.399429 26.333100 26.170800 25.792521 24.949699 23.147927 19.451166 12.276558 0.000000 
50.000000 46.939120 44.171725 41.907162 40.226564 39.092286 38.393740 37.999755 37.795475 37.697728 37.654403 37.636551 37.629688 37.627220 37.626386 37.626121 37.626041 37.626019 37.626013 37.626011 37.626011 37.626011 37.626010 37.626010 37.626010 37.626010 37.626010 37.626010 37.626010 37.626010 37.626010 37.626010 37.626010 37.626009 37.626004 37.625987 37.625924 37.625716 37.625050 37.623029 37.617199 37.601203 37.559378 37.454718 37.202287 36.608335 35.218822 31.895167 23.469560 0.000000 
50.000000 50.000000 50.000000 50.000000 50.000000 50.000000 50.000000 50.000000 50.000000 50.000000 50.000000 50.000000 50.000000 50.000000 50.000000 50.000000 50.000000 50.000000 50.000000 50.000000 50.000000 50.000000 50.000000 50.000000 50.000000 50.000000 50.000000 50.000000 50.000000 50.000000 50.000000 50.000000 50.000000 50.000000 50.000000 50.000000 50.000000 50.000000 50.000000 50.000000 50.000000 50.000000 50.000000 50.000000 50.000000 50.000000 50.000000 50.000000 50.000000 50.000000 
