50.000000 50.000000 50.000000 50.000000 50.000000 50.000000 50.000000 50.000000 50.000000 50.000000 50.000000 50.000000 50.000000 50.000000 50.000000 50.000000 50.000000 50.000000 50.000000 50.000000 50.000000 50.000000 50.000000 50.000000 50.000000 50.000000 50.000000 50.000000 50.000000 50.000000 50.000000 50.000000 50.000000 50.000000 50.000000 50.000000 50.000000 50.000000 50.000000 50.000000 50.000000 50.000000 50.000000 50.000000 50.000000 50.000000 50.000000 50.000000 50.000000 50.000000 
50.000000 48.535445 47.138200 45.866303 44.761382 43.845074 43.119381 42.570256 42.173034 41.898175 41.716127 41.600628 41.530384 41.489398 41.466438 41.454079 41.447681 41.444492 41.442962 41.442254 41.441938 41.441801 41.441745 41.441722 41.441713 41.441709 41.441707 41.441706 41.441702 41.441694 41.441673 41.441621 41.441498 41.441212 41.440569 41.439166 41.436192 41.430065 41.417782 41.393785 41.347986 41.262319 41.104516 40.816237 40.288507 39.305411 37.399484 33.434911 24.267723 0.000000 
50.000000 47.138200 44.407927 41.922597 39.763548 37.973062 36.555049 35.482060 34.705892 34.168827 33.813113 33.587435 33.450183 33.370103 33.325242 33.301093 33.288592 33.282363 33.279373 33.277989 33.277371 33.277105 33.276994 33.276949 33.276932 33.276925 33.276922 33.276919 33.276912 33.276897 33.276858 33.276763 33.276536 33.276011 33.274833 33.272267 33.266842 33.255702 33.233458 33.190230 33.108315 32.956599 32.681056 32.188213 31.315295 29.774437 27.047606 22.203964 13.703289 0.000000 
50.000000 45.866303 41.922597 38.332704 35.214120 32.627913 30.579729 29.029912 27.908835 27.133121 26.619349 26.293398 26.095166 25.979508 25.914718 25.879842 25.861788 25.852792 25.848474 25.846476 25.845584 25.845200 25.845039 25.844975 25.844949 25.844940 25.844935 25.844931 25.844923 25.844903 25.844852 25.844727 25.844431 25.843748 25.842219 25.838900 25.831910 25.817624 25.789275 25.734612 25.632088 25.444790 25.110945 24.529274 23.536886 21.877842 19.166352 14.874991 8.466819 0.000000 
50.000000 44.761382 39.763548 35.214120 31.262000 27.984577 25.389001 23.425009 22.004353 21.021364 20.370322 19.957291 19.706105 19.559554 19.477460 19.433271 19.410396 19.398998 19.393528 19.390997 19.389867 19.389379 19.389176 19.389095 19.389063 19.389050 19.389044 19.389040 19.389031 19.389008 19.388952 19.388815 19.388490 19.387743 19.386075 19.382470 19.374914 19.359566 19.329336 19.271593 19.164585 18.972103 18.635906 18.065646 17.126946 15.631000 13.336278 9.989111 5.455971 0.000000 
50.000000 43.845074 37.973062 32.627913 27.984577 24.133977 21.084507 18.777098 17.108058 15.953227 15.188387 14.703172 14.408093 14.235938 14.139504 14.087598 14.060728 14.047341 14.040916 14.037943 14.036616 14.036044 14.035805 14.035709 14.035672 14.035657 14.035651 14.035646 14.035637 14.035615 14.035560 14.035426 14.035109 14.034382 14.032767 14.029292 14.022051 14.007439 13.978897 13.924930 13.826174 13.651319 13.351921 12.856690 12.066989 10.857631 9.091027 6.657767 3.556566 0.000000 
50.000000 43.119381 36.555049 30.579729 25.389001 21.084507 17.675617 15.096290 13.230590 11.939713 11.084788 10.542435 10.212617 10.020199 9.912418 9.854405 9.824376 9.809415 9.802235 9.798912 9.797429 9.796790 9.796524 9.796416 9.796374 9.796358 9.796351 9.796346 9.796338 9.796318 9.796269 9.796150 9.795868 9.795224 9.793800 9.790750 9.784433 9.771777 9.747265 9.701392 9.618487 9.473904 9.230872 8.837809 8.227817 7.323356 6.050454 4.366836 2.303144 0.000000 
50.000000 42.570256 35.482060 29.029912 23.425009 18.777098 15.096290 12.311254 10.296795 8.903015 7.979960 7.394399 7.038314 6.830577 6.714218 6.651590 6.619173 6.603023 6.595272 6.591686 6.590085 6.589395 6.589108 6.588992 6.588946 6.588929 6.588922 6.588917 6.588910 6.588894 6.588853 6.588755 6.588523 6.587996 6.586835 6.584363 6.579272 6.569144 6.549695 6.513657 6.449293 6.338610 6.155627 5.865418 5.425177 4.789104 3.918967 2.801004 1.465740 0.000000 
50.000000 42.173034 34.705892 27.908835 22.004353 17.108058 13.230590 10.296795 8.174766 6.706587 5.734277 5.117483 4.742414 4.523607 4.401050 4.335088 4.300947 4.283937 4.275775 4.271998 4.270313 4.269586 4.269283 4.269161 4.269114 4.269095 4.269088 4.269084 4.269078 4.269066 4.269034 4.268958 4.268781 4.268378 4.267496 4.265626 4.261798 4.254237 4.239833 4.213395 4.166688 4.087383 3.958185 3.756687 3.456739 3.032250 2.464045 1.749293 0.910715 0.000000 
50.000000 41.898175 34.168827 27.133121 21.021364 15.953227 11.939713 8.903015 6.706587 5.186955 4.180586 3.542199 3.154006 2.927548 2.800708 2.732443 2.697110 2.679508 2.671061 2.667153 2.665408 2.664656 2.664343 2.664217 2.664168 2.664149 2.664142 2.664138 2.664134 2.664124 2.664101 2.664047 2.663919 2.663630 2.663000 2.661672 2.658969 2.653666 2.643638 2.625392 2.593478 2.539899 2.453722 2.321226 2.127053 1.856780 1.501033 1.060512 0.550190 0.000000 
50.000000 41.716127 33.813113 26.619349 20.370322 15.188387 11.084788 7.979960 5.734277 4.180586 3.151677 2.499000 2.102124 1.870605 1.740933 1.671144 1.635024 1.617029 1.608394 1.604400 1.602616 1.601848 1.601528 1.601399 1.601348 1.601329 1.601322 1.601319 1.601315 1.601309 1.601293 1.601256 1.601169 1.600974 1.600550 1.599659 1.597858 1.594344 1.587747 1.575838 1.555194 1.520882 1.466302 1.383396 1.263457 1.098729 0.884737 0.622883 0.322342 0.000000 
50.000000 41.600628 33.587435 26.293398 19.957291 14.703172 10.542435 7.394399 5.117483 3.542199 2.499000 1.837267 1.434888 1.200162 1.068696 0.997943 0.961324 0.943081 0.934328 0.930278 0.928470 0.927691 0.927367 0.927236 0.927185 0.927165 0.927158 0.927155 0.927153 0.927148 0.927138 0.927114 0.927058 0.926933 0.926663 0.926097 0.924959 0.922751 0.918633 0.911253 0.898561 0.877650 0.844704 0.795170 0.724275 0.627956 0.504123 0.353977 0.182846 0.000000 
50.000000 41.530384 33.450183 26.095166 19.706105 14.408093 10.212617 7.038314 4.742414 3.154006 2.102124 1.434888 1.029168 0.792495 0.659939 0.588601 0.551679 0.533286 0.524460 0.520377 0.518554 0.517769 0.517442 0.517310 0.517258 0.517239 0.517232 0.517229 0.517227 0.517224 0.517218 0.517203 0.517169 0.517093 0.516929 0.516588 0.515903 0.514584 0.512137 0.507780 0.500340 0.488176 0.469169 0.440840 0.400655 0.346539 0.277542 0.194482 0.100319 0.000000 
50.000000 41.489398 33.370103 25.979508 19.559554 14.235938 10.020199 6.830577 4.523607 2.927548 1.870605 1.200162 0.792495 0.554687 0.421497 0.349818 0.312719 0.294239 0.285371 0.281269 0.279437 0.278648 0.278320 0.278187 0.278135 0.278116 0.278109 0.278106 0.278105 0.278103 0.278099 0.278090 0.278071 0.278027 0.277932 0.277735 0.277343 0.276591 0.275204 0.272747 0.268578 0.261808 0.251305 0.235766 0.213888 0.184640 0.147598 0.103260 0.053207 0.000000 
50.000000 41.466438 33.325242 25.914718 19.477460 14.139504 9.912418 6.714218 4.401050 2.800708 1.740933 1.068696 0.659939 0.421497 0.287953 0.216083 0.178886 0.160357 0.151465 0.147352 0.145516 0.144725 0.144395 0.144263 0.144211 0.144191 0.144184 0.144181 0.144180 0.144179 0.144177 0.144172 0.144161 0.144137 0.144084 0.143976 0.143762 0.143352 0.142599 0.141273 0.139036 0.135425 0.129855 0.121668 0.110212 0.094990 0.075818 0.052975 0.027273 0.000000 
50.000000 41.454079 33.301093 25.879842 19.433271 14.087598 9.854405 6.651590 4.335088 2.732443 1.671144 0.997943 0.588601 0.349818 0.216083 0.144111 0.106861 0.088305 0.079402 0.075282 0.073444 0.072651 0.072321 0.072189 0.072137 0.072117 0.072110 0.072107 0.072106 0.072106 0.072104 0.072102 0.072096 0.072083 0.072055 0.071999 0.071886 0.071672 0.071281 0.070595 0.069443 0.067593 0.064755 0.060605 0.054831 0.047196 0.037623 0.026261 0.013510 0.000000 
50.000000 41.447681 33.288592 25.861788 19.410396 14.060728 9.824376 6.619173 4.300947 2.697110 1.635024 0.961324 0.551679 0.312720 0.178886 0.106861 0.069584 0.051015 0.042105 0.037982 0.036143 0.035350 0.035019 0.034886 0.034834 0.034815 0.034808 0.034805 0.034804 0.034804 0.034803 0.034802 0.034799 0.034792 0.034778 0.034749 0.034693 0.034586 0.034391 0.034050 0.033480 0.032568 0.031177 0.029152 0.026347 0.022653 0.018040 0.012581 0.006469 0.000000 
50.000000 41.444492 33.282363 25.852792 19.398998 14.047341 9.809415 6.603023 4.283937 2.679508 1.617029 0.943081 0.533286 0.294239 0.160357 0.088306 0.051015 0.032439 0.023525 0.019402 0.017561 0.016768 0.016438 0.016305 0.016253 0.016233 0.016226 0.016223 0.016222 0.016222 0.016222 0.016221 0.016220 0.016216 0.016210 0.016196 0.016168 0.016117 0.016023 0.015860 0.015589 0.015157 0.014500 0.013547 0.012232 0.010508 0.008361 0.005827 0.002995 0.000000 
50.000000 41.442962 33.279373 25.848474 19.393528 14.040916 9.802235 6.595272 4.275775 2.671061 1.608394 0.934328 0.524460 0.285371 0.151465 0.079402 0.042105 0.023525 0.014610 0.010486 0.008645 0.007852 0.007521 0.007388 0.007336 0.007317 0.007309 0.007307 0.007306 0.007306 0.007305 0.007305 0.007304 0.007303 0.007300 0.007293 0.007281 0.007257 0.007213 0.007139 0.007014 0.006817 0.006517 0.006085 0.005490 0.004713 0.003747 0.002610 0.001341 0.000000 
50.000000 41.442254 33.277989 25.846476 19.390997 14.037943 9.798912 6.591686 4.271998 2.667153 1.604400 0.930278 0.520377 0.281269 0.147352 0.075282 0.037983 0.019402 0.010486 0.006361 0.004520 0.003727 0.003396 0.003263 0.003211 0.003192 0.003185 0.003182 0.003181 0.003181 0.003181 0.003181 0.003180 0.003180 0.003178 0.003175 0.003170 0.003159 0.003140 0.003106 0.003051 0.002964 0.002833 0.002643 0.002383 0.002044 0.001625 0.001131 0.000581 0.000000 
50.000000 41.441938 33.277371 25.845584 19.389867 14.036616 9.797429 6.590085 4.270313 2.665408 1.602617 0.928470 0.518554 0.279438 0.145516 0.073444 0.036143 0.017561 0.008645 0.004520 0.002679 0.001886 0.001555 0.001422 0.001370 0.001351 0.001344 0.001341 0.001340 0.001340 0.001340 0.001340 0.001340 0.001339 0.001339 0.001337 0.001335 0.001330 0.001322 0.001308 0.001284 0.001247 0.001191 0.001111 0.001001 0.000858 0.000682 0.000474 0.000244 0.000000 
50.000000 41.441801 33.277105 25.845200 19.389380 14.036044 9.796790 6.589395 4.269586 2.664657 1.601848 0.927691 0.517769 0.278649 0.144725 0.072652 0.035350 0.016768 0.007852 0.003727 0.001886 0.001093 0.000762 0.000629 0.000577 0.000558 0.000550 0.000548 0.000547 0.000547 0.000547 0.000547 0.000546 0.000546 0.000546 0.000546 0.000545 0.000543 0.000539 0.000533 0.000524 0.000508 0.000485 0.000452 0.000408 0.000349 0.000277 0.000193 0.000099 0.000000 
50.000000 41.441745 33.276995 25.845040 19.389177 14.035806 9.796525 6.589109 4.269284 2.664344 1.601529 0.927368 0.517443 0.278321 0.144397 0.072323 0.035021 0.016439 0.007523 0.003398 0.001557 0.000763 0.000433 0.000299 0.000248 0.000228 0.000221 0.000218 0.000217 0.000217 0.000217 0.000217 0.000217 0.000217 0.000217 0.000217 0.000216 0.000215 0.000214 0.000212 0.000208 0.000202 0.000192 0.000179 0.000161 0.000138 0.000110 0.000076 0.000039 0.000000 
50.000000 41.441722 33.276951 25.844977 19.389097 14.035712 9.796419 6.588995 4.269165 2.664221 1.601402 0.927240 0.517314 0.278191 0.144266 0.072192 0.034890 0.016308 0.007392 0.003267 0.001426 0.000632 0.000302 0.000169 0.000117 0.000097 0.000090 0.000088 0.000087 0.000087 0.000086 0.000086 0.000086 0.000086 0.000086 0.000086 0.000086 0.000086 0.000085 0.000084 0.000083 0.000080 0.000077 0.000071 0.000064 0.000055 0.000044 0.000030 0.000016 0.000000 
50.000000 41.441715 33.276936 25.844955 19.389070 14.035680 9.796383 6.588956 4.269124 2.664178 1.601359 0.927196 0.517269 0.278146 0.144222 0.072148 0.034845 0.016264 0.007347 0.003222 0.001381 0.000588 0.000257 0.000124 0.000072 0.000053 0.000045 0.000043 0.000042 0.000042 0.000042 0.000042 0.000042 0.000042 0.000042 0.000042 0.000041 0.000041 0.000041 0.000041 0.000040 0.000039 0.000037 0.000034 0.000031 0.000026 0.000021 0.000015 0.000007 0.000000 
50.000000 41.441715 33.276936 25.844955 19.389070 14.035680 9.796383 6.588956 4.269124 2.664178 1.601359 0.927196 0.517269 0.278146 0.144222 0.072148 0.034845 0.016264 0.007347 0.003222 0.001381 0.000588 0.000257 0.000124 0.000072 0.000053 0.000045 0.000043 0.000042 0.000042 0.000042 0.000042 0.000042 0.000042 0.000042 0.000042 0.000041 0.000041 0.000041 0.000041 0.000040 0.000039 0.000037 0.000034 0.000031 0.000026 0.000021 0.000015 0.000007 0.000000 
50.000000 41.441722 33.276951 25.844977 19.389097 14.035712 9.796419 6.588995 4.269165 2.664221 1.601402 0.927240 0.517314 0.278191 0.144266 0.072192 0.034890 0.016308 0.007392 0.003267 0.001426 0.000632 0.000302 0.000169 0.000117 0.000097 0.000090 0.000088 0.000087 0.000087 0.000086 0.000086 0.000086 0.000086 0.000086 0.000086 0.000086 0.000086 0.000085 0.000084 0.000083 0.000080 0.000077 0.000071 0.000064 0.000055 0.000044 0.000030 0.000016 0.000000 
50.000000 41.441745 33.276995 25.845040 19.389177 14.035806 9.796525 6.589109 4.269284 2.664344 1.601529 0.927368 0.517443 0.278321 0.144397 0.072323 0.035021 0.016439 0.007523 0.003398 0.001557 0.000763 0.000433 0.000299 0.000248 0.000228 0.000221 0.000218 0.000217 0.000217 0.000217 0.000217 0.000217 0.000217 0.000217 0.000217 0.000216 0.000215 0.000214 0.000212 0.000208 0.000202 0.000192 0.000179 0.000161 0.000138 0.000110 0.000076 0.000039 0.000000 
50.000000 41.441801 33.277105 25.845200 19.389380 14.036044 9.796790 6.589395 4.269586 2.664657 1.601848 0.927691 0.517769 0.278649 0.144725 0.072652 0.035350 0.016768 0.007852 0.003727 0.001886 0.001093 0.000762 0.000629 0.000577 0.000558 0.000550 0.000548 0.000547 0.000547 0.000547 0.000547 0.000546 0.000546 0.000546 0.000546 0.000545 0.000543 0.000539 0.000533 0.000524 0.000508 0.000485 0.000452 0.000408 0.000349 0.000277 0.000193 0.000099 0.000000 
50.000000 41.441938 33.277371 25.845584 19.389867 14.036616 9.797429 6.590085 4.270313 2.665408 1.602617 0.928470 0.518554 0.279438 0.145516 0.073444 0.036143 0.017561 0.008645 0.004520 0.002679 0.001886 0.001555 0.001422 0.001370 0.001351 0.001344 0.001341 0.001340 0.001340 0.001340 0.001340 0.001340 0.001339 0.001339 0.001337 0.001335 0.001330 0.001322 0.001308 0.001284 0.001247 0.001191 0.001111 0.001001 0.000858 0.000682 0.000474 0.000244 0.000000 
50.000000 41.442254 33.277989 25.846476 19.390997 14.037943 9.798912 6.591686 4.271998 2.667153 1.604400 0.930278 0.520377 0.281269 0.147352 0.075282 0.037983 0.019402 0.010486 0.006361 0.004520 0.003727 0.003396 0.003263 0.003211 0.003192 0.003185 0.003182 0.003181 0.003181 0.003181 0.003181 0.003180 0.003180 0.003178 0.003175 0.003170 0.003159 0.003140 0.003106 0.003051 0.002964 0.002833 0.002643 0.002383 0.002044 0.001625 0.001131 0.000581 0.000000 
50.000000 41.442962 33.279373 25.848474 19.393528 14.040916 9.802235 6.595272 4.275775 2.671061 1.608394 0.934328 0.524460 0.285371 0.151465 0.079402 0.042105 0.023525 0.014610 0.010486 0.008645 0.007852 0.007521 0.007388 0.007336 0.007317 0.007309 0.007307 0.007306 0.007306 0.007305 0.007305 0.007304 0.007303 0.007300 0.007293 0.007281 0.007257 0.007213 0.007139 0.007014 0.006817 0.006517 0.006085 0.005490 0.004713 0.003747 0.002610 0.001341 0.000000 
50.000000 41.444492 33.282363 25.852792 19.398998 14.047341 9.809415 6.603023 4.283937 2.679508 1.617029 0.943081 0.533286 0.294239 0.160357 0.088306 0.051015 0.032439 0.023525 0.019402 0.017561 0.016768 0.016438 0.016305 0.016253 0.016233 0.016226 0.016223 0.016222 0.016222 0.016222 0.016221 0.016220 0.016216 0.016210 0.016196 0.016168 0.016117 0.016023 0.015860 0.015589 0.015157 0.014500 0.013547 0.012232 0.010508 0.008361 0.005827 0.002995 0.000000 
50.000000 41.447681 33.288592 25.861788 19.410396 14.060728 9.824376 6.619173 4.300947 2.697110 1.635024 0.961324 0.551679 0.312720 0.178886 0.106861 0.069584 0.051015 0.042105 0.037982 0.036143 0.035350 0.035019 0.034886 0.034834 0.034815 0.034808 0.034805 0.034804 0.034804 0.034803 0.034802 0.034799 0.034792 0.034778 0.034749 0.034693 0.034586 0.034391 0.034050 0.033480 0.032568 0.031177 0.029152 0.026347 0.022653 0.018040 0.012581 0.006469 0.000000 
50.000000 41.454079 33.301093 25.879842 19.433271 14.087598 9.854405 6.651590 4.335088 2.732443 1.671144 0.997943 0.588601 0.349818 0.216083 0.144111 0.106861 0.088305 0.079402 0.075282 0.073444 0.072651 0.072321 0.072189 0.072137 0.072117 0.072110 0.072107 0.072106 0.072106 0.072104 0.072102 0.072096 0.072083 0.072055 0.071999 0.071886 0.071672 0.071281 0.070595 0.069443 0.067593 0.064755 0.060605 0.054831 0.047196 0.037623 0.026261 0.013510 0.000000 
50.000000 41.466438 33.325242 25.914718 19.477460 14.139504 9.912418 6.714218 4.401050 2.800708 1.740933 1.068696 0.659939 0.421497 0.287953 0.216083 0.178886 0.160357 0.151465 0.147352 0.145516 0.144725 0.144395 0.144263 0.144211 0.144191 0.144184 0.144181 0.144180 0.144179 0.144177 0.144172 0.144161 0.144137 0.144084 0.143976 0.143762 0.143352 0.142599 0.141273 0.139036 0.135425 0.129855 0.121668 0.110212 0.094990 0.075818 0.052975 0.027273 0.000000 
50.000000 41.489398 33.370103 25.979508 19.559554 14.235938 10.020199 6.830577 4.523607 2.927548 1.870605 1.200162 0.792495 0.554687 0.421497 0.349818 0.312719 0.294239 0.285371 0.281269 0.279437 0.278648 0.278320 0.278187 0.278135 0.278116 0.278109 0.278106 0.278105 0.278103 0.278099 0.278090 0.278071 0.278027 0.277932 0.277735 0.277343 0.276591 0.275204 0.272747 0.268578 0.261808 0.251305 0.235766 0.213888 0.184640 0.147598 0.103260 0.053207 0.000000 
50.000000 41.530384 33.450183 26.095166 19.706105 14.408093 10.212617 7.038314 4.742414 3.154006 2.102124 1.434888 1.029168 0.792495 0.659939 0.588601 0.551679 0.533286 0.524460 0.520377 0.518554 0.517769 0.517442 0.517310 0.517258 0.517239 0.517232 0.517229 0.517227 0.517224 0.517218 0.517203 0.517169 0.517093 0.516929 0.516588 0.515903 0.514584 0.512137 0.507780 0.500340 0.488176 0.469169 0.440840 0.400655 0.346539 0.277542 0.194482 0.100319 0.000000 
50.000000 41.600628 33.587435 26.293398 19.957291 14.703172 10.542435 7.394399 5.117483 3.542199 2.499000 1.837267 1.434888 1.200162 1.068696 0.997943 0.961324 0.943081 0.934328 0.930278 0.928470 0.927691 0.927367 0.927236 0.927185 0.927165 0.927158 0.927155 0.927153 0.927148 0.927138 0.927114 0.927058 0.926933 0.926663 0.926097 0.924959 0.922751 0.918633 0.911253 0.898561 0.877650 0.844704 0.795170 0.724275 0.627956 0.504123 0.353977 0.182846 0.000000 
50.000000 41.716127 33.813113 26.619349 20.370322 15.188387 11.084788 7.979960 5.734277 4.180586 3.151677 2.499000 2.102124 1.870605 1.740933 1.671144 1.635024 1.617029 1.608394 1.604400 1.602616 1.601848 1.601528 1.601399 1.601348 1.601329 1.601322 1.601319 1.601315 1.601309 1.601293 1.601256 1.601169 1.600974 1.600550 1.599659 1.597858 1.594344 1.587747 1.575838 1.555194 1.520882 1.466302 1.383396 1.263457 1.098729 0.884737 0.622883 0.322342 0.000000 
50.000000 41.898175 34.168827 27.133121 21.021364 15.953227 11.939713 8.903015 6.706587 5.186955 4.180586 3.542199 3.154006 2.927548 2.800708 2.732443 2.697110 2.679508 2.671061 2.667153 2.665408 2.664656 2.664343 2.664217 2.664168 2.664149 2.664142 2.664138 2.664134 2.664124 2.664101 2.664047 2.663919 2.663630 2.663000 2.661672 2.658969 2.653666 2.643638 2.625392 2.593478 2.539899 2.453722 2.321226 2.127053 1.856780 1.501033 1.060512 0.550190 0.000000 
50.000000 42.173034 34.705892 27.908835 22.004353 17.108058 13.230590 10.296795 8.174766 6.706587 5.734277 5.117483 4.742414 4.523607 4.401050 4.335088 4.300947 4.283937 4.275775 4.271998 4.270313 4.269586 4.269283 4.269161 4.269114 4.269095 4.269088 4.269084 4.269078 4.269066 4.269034 4.268958 4.268781 4.268378 4.267496 4.265626 4.261798 4.254237 4.239833 4.213395 4.166688 4.087383 3.958185 3.756687 3.456739 3.032250 2.464045 1.749293 0.910715 0.000000 
50.000000 42.570256 35.482060 29.029912 23.425009 18.777098 15.096290 12.311254 10.296795 8.903015 7.979960 7.394399 7.038314 6.830577 6.714218 6.651590 6.619173 6.603023 6.595272 6.591686 6.590085 6.589395 6.589108 6.588992 6.588946 6.588929 6.588922 6.588917 6.588910 6.588894 6.588853 6.588755 6.588523 6.587996 6.586835 6.584363 6.579272 6.569144 6.549695 6.513657 6.449293 6.338610 6.155627 5.865418 5.425177 4.789104 3.918967 2.801004 1.465740 0.000000 
50.000000 43.119381 36.555049 30.579729 25.389001 21.084507 17.675617 15.096290 13.230590 11.939713 11.084788 10.542435 10.212617 10.020199 9.912418 9.854405 9.824376 9.809415 9.802235 9.798912 9.797429 9.796790 9.796524 9.796416 9.796374 9.796358 9.796351 9.796346 9.796338 9.796318 9.796269 9.796150 9.795868 9.795224 9.793800 9.790750 9.784433 9.771777 9.747265 9.701392 9.618487 9.473904 9.230872 8.837809 8.227817 7.323356 6.050454 4.366836 2.303144 0.000000 
50.000000 43.845074 37.973062 32.627913 27.984577 24.133977 21.084507 18.777098 17.108058 15.953227 15.188387 14.703172 14.408093 14.235938 14.139504 14.087598 14.060728 14.047341 14.040916 14.037943 14.036616 14.036044 14.035805 14.035709 14.035672 14.035657 14.035651 14.035646 14.035637 14.035615 14.035560 14.035426 14.035109 14.034382 14.032767 14.029292 14.022051 14.007439 13.978897 13.924930 13.826174 13.651319 13.351921 12.856690 12.066989 10.857631 9.091027 6.657767 3.556566 0.000000 
50.000000 44.761382 39.763548 35.214120 31.262000 27.984577 25.389001 23.425009 22.004353 21.021364 20.370322 19.957291 19.706105 19.559554 19.477460 19.433271 19.410396 19.398998 19.393528 19.390997 19.389867 19.389379 19.389176 19.389095 19.389063 19.389050 19.389044 19.389040 19.389031 19.389008 19.388952 19.388815 19.388490 19.387743 19.386075 19.382470 19.374914 19.359566 19.329336 19.271593 19.164585 18.972103 18.635906 18.065646 17.126946 15.631000 13.336278 9.989111 5.455971 0.000000 
50.000000 45.866303 41.922597 38.332704 35.214120 32.627913 30.579729 29.029912 27.908835 27.133121 26.619349 26.293398 26.095166 25.979508 25.914718 25.879842 25.861788 25.852792 25.848474 25.846476 25.845584 25.845200 25.845039 25.844975 25.844949 25.844940 25.844935 25.844931 25.844923 25.844903 25.844852 25.844727 25.844431 25.843748 25.842219 25.838900 25.831910 25.817624 25.789275 25.734612 25.632088 25.444790 25.110945 24.529274 23.536886 21.877842 19.166352 14.874991 8.466819 0.000000 
50.000000 47.138200 44.407927 41.922597 39.763548 37.973062 36.555049 35.482060 34.705892 34.168827 33.813113 33.587435 33.450183 33.370103 33.325242 33.301093 33.288592 33.282363 33.279373 33.277989 33.277371 33.277105 33.276994 33.276949 33.276932 33.276925 33.276922 33.276919 33.276912 33.276897 33.276858 33.276763 33.276536 33.276011 33.274833 33.272267 33.266842 33.255702 33.233458 33.190230 33.108315 32.956599 32.681056 32.188213 31.315295 29.774437 27.047606 22.203964 13.703289 0.000000 
50.000000 48.535445 47.138200 45.866303 44.761382 43.845074 43.119381 42.570256 42.173034 41.898175 41.716127 41.600628 41.530384 41.489398 41.466438 41.454079 41.447681 41.444492 41.442962 41.442254 41.441938 41.441801 41.441745 41.441722 41.441713 41.441709 41.441707 41.441706 41.441702 41.441694 41.441673 41.441621 41.441498 41.441212 41.440569 41.439166 41.436192 41.430065 41.417782 41.393785 41.347986 41.262319 41.104516 40.816237 40.288507 39.305411 37.399484 33.434911 24.267723 0.000000 
50.000000 50.000000 50.000000 50.000000 50.000000 50.000000 50.000000 50.000000 50.000000 50.000000 50.000000 50.000000 50.000000 50.000000 50.000000 50.000000 50.000000 50.000000 50.000000 50.000000 50.000000 50.000000 50.000000 50.000000 50.000000 50.000000 50.000000 50.000000 50.000000 50.000000 50.000000 50.000000 50.000000 50.000000 50.000000 50.000000 50.000000 50.000000 50.000000 50.000000 50.000000 50.000000 50.000000 50.000000 50.000000 50.000000 50.000000 50.000000 50.000000 50.000000 
