50.000000 50.000000 50.000000 50.000000 50.000000 50.000000 50.000000 50.000000 50.000000 50.000000 50.000000 50.000000 50.000000 50.000000 50.000000 50.000000 50.000000 50.000000 50.000000 50.000000 50.000000 50.000000 50.000000 50.000000 50.000000 50.000000 50.000000 50.000000 50.000000 50.000000 50.000000 50.000000 50.000000 50.000000 50.000000 50.000000 50.000000 50.000000 50.000000 50.000000 50.000000 50.000000 50.000000 50.000000 50.000000 50.000000 50.000000 50.000000 50.000000 50.000000 
50.000000 47.974608 46.077876 44.413989 43.045931 41.990817 41.226710 40.706481 40.373046 40.171561 40.056599 39.994563 39.962852 39.947473 39.940384 39.937275 39.935974 39.935455 39.935257 39.935185 39.935159 39.935151 39.935148 39.935147 39.935147 39.935147 39.935147 39.935147 39.935147 39.935146 39.935145 39.935141 39.935128 39.935092 39.934990 39.934717 39.934012 39.932257 39.928054 39.918347 39.896705 39.850009 39.752104 39.551414 39.145364 38.322651 36.617063 32.889416 23.987304 0.000000 
50.000000 46.077876 42.404908 39.182856 36.533687 34.490539 33.010924 32.003568 31.357926 30.967792 30.745196 30.625081 30.563684 30.533908 30.520184 30.514164 30.511647 30.510642 30.510259 30.510118 30.510069 30.510053 30.510048 30.510046 30.510045 30.510045 30.510045 30.510045 30.510045 30.510044 30.510042 30.510034 30.510012 30.509947 30.509766 30.509283 30.508036 30.504944 30.497568 30.480627 30.443136 30.363060 30.197601 29.865691 29.216295 27.970002 25.611065 21.202454 13.188459 0.000000 
50.000000 44.413989 39.182856 34.593968 30.821035 27.911243 25.804061 24.369477 23.450037 22.894476 22.577504 22.406469 22.319047 22.276651 22.257112 22.248542 22.244958 22.243527 22.242982 22.242782 22.242712 22.242689 22.242681 22.242679 22.242678 22.242678 22.242678 22.242678 22.242677 22.242676 22.242673 22.242664 22.242636 22.242556 22.242333 22.241739 22.240212 22.236446 22.227516 22.207168 22.162603 22.068727 21.878368 21.506375 20.805106 19.529590 17.296984 13.571791 7.796925 0.000000 
50.000000 43.045931 36.533687 30.821035 26.124228 22.501994 19.878949 18.093215 16.948758 16.257260 15.862745 15.649879 15.541081 15.488320 15.464006 15.453342 15.448883 15.447103 15.446424 15.446175 15.446089 15.446059 15.446050 15.446047 15.446046 15.446046 15.446046 15.446046 15.446045 15.446044 15.446041 15.446032 15.446003 15.445921 15.445695 15.445093 15.443555 15.439782 15.430903 15.410860 15.367480 15.277486 15.098599 14.758087 14.138212 13.062114 11.291444 8.563684 4.723280 0.000000 
50.000000 41.990817 34.490539 27.911243 22.501994 18.330409 15.309633 13.253197 11.935298 11.139036 10.684772 10.439679 10.314416 10.253674 10.225684 10.213407 10.208275 10.206226 10.205444 10.205159 10.205059 10.205025 10.205014 10.205011 10.205010 10.205009 10.205009 10.205009 10.205009 10.205008 10.205005 10.204997 10.204971 10.204899 10.204698 10.204166 10.202816 10.199526 10.191844 10.174674 10.137964 10.062959 9.916699 9.644960 9.165204 8.363782 7.106136 5.274244 2.845453 0.000000 
50.000000 41.226710 33.010924 25.804061 19.878949 15.309633 12.000939 9.748569 8.305156 7.433094 6.935608 6.667208 6.530040 6.463529 6.432882 6.419441 6.413822 6.411579 6.410724 6.410411 6.410302 6.410265 6.410253 6.410249 6.410248 6.410248 6.410248 6.410248 6.410247 6.410247 6.410245 6.410238 6.410217 6.410159 6.410000 6.409580 6.408519 6.405951 6.400003 6.386839 6.359023 6.303003 6.195667 6.000469 5.664674 5.120861 4.297685 3.145234 1.675297 0.000000 
50.000000 40.706481 32.003568 24.369477 18.093215 13.253197 9.748569 7.362887 5.834092 4.910478 4.383605 4.099362 3.954104 3.883674 3.851223 3.836991 3.831042 3.828668 3.827762 3.827431 3.827315 3.827276 3.827263 3.827259 3.827258 3.827258 3.827258 3.827258 3.827258 3.827257 3.827256 3.827251 3.827236 3.827194 3.827078 3.826777 3.826018 3.824195 3.820004 3.810815 3.791612 3.753443 3.681443 3.552902 3.336498 2.994616 2.491109 1.805968 0.954377 0.000000 
50.000000 40.373046 31.357926 23.450037 16.948758 11.935298 8.305156 5.834092 4.250625 3.294011 2.748330 2.453951 2.303519 2.230584 2.196979 2.182243 2.176082 2.173624 2.172686 2.172343 2.172224 2.172183 2.172170 2.172166 2.172165 2.172165 2.172164 2.172164 2.172164 2.172164 2.172163 2.172160 2.172150 2.172122 2.172045 2.171846 2.171347 2.170156 2.167440 2.161534 2.149315 2.125312 2.080648 2.002152 1.872340 1.671272 1.381310 0.994866 0.523037 0.000000 
50.000000 40.171561 30.967792 22.894476 16.257260 11.139036 7.433094 4.910478 3.294011 2.317483 1.760456 1.459965 1.306414 1.231969 1.197669 1.182629 1.176342 1.173833 1.172875 1.172526 1.172404 1.172362 1.172349 1.172345 1.172344 1.172343 1.172343 1.172343 1.172343 1.172343 1.172342 1.172340 1.172334 1.172317 1.172270 1.172148 1.171844 1.171123 1.169489 1.165966 1.158741 1.144696 1.118866 1.074071 1.001073 0.889780 0.731874 0.524657 0.274856 0.000000 
50.000000 40.056599 30.745196 22.577504 15.862745 10.684772 6.935608 4.383605 2.748330 1.760456 1.196968 0.892997 0.737671 0.662367 0.627673 0.612459 0.606100 0.603562 0.602594 0.602241 0.602117 0.602075 0.602062 0.602058 0.602056 0.602056 0.602056 0.602056 0.602056 0.602056 0.602055 0.602054 0.602051 0.602041 0.602014 0.601944 0.601772 0.601364 0.600448 0.598484 0.594490 0.586796 0.572790 0.548769 0.510097 0.451885 0.370336 0.264569 0.138252 0.000000 
50.000000 39.994563 30.625081 22.406469 15.649879 10.439679 6.667208 4.099362 2.453951 1.459965 0.892997 0.587153 0.430872 0.355105 0.320199 0.304893 0.298495 0.295942 0.294968 0.294612 0.294487 0.294446 0.294432 0.294428 0.294427 0.294426 0.294426 0.294426 0.294426 0.294426 0.294426 0.294425 0.294423 0.294418 0.294403 0.294366 0.294275 0.294059 0.293577 0.292550 0.290476 0.286511 0.279358 0.267205 0.247834 0.218976 0.178953 0.127513 0.066509 0.000000 
50.000000 39.962852 30.563684 22.319047 15.541081 10.314416 6.530040 3.954104 2.303519 1.306414 0.737671 0.430872 0.274104 0.198102 0.163088 0.147734 0.141316 0.138755 0.137779 0.137422 0.137297 0.137255 0.137241 0.137237 0.137236 0.137236 0.137235 0.137235 0.137235 0.137235 0.137235 0.137235 0.137234 0.137231 0.137224 0.137205 0.137159 0.137052 0.136813 0.136307 0.135291 0.133363 0.129910 0.124089 0.114890 0.101299 0.082601 0.058740 0.030595 0.000000 
50.000000 39.947473 30.533908 22.276651 15.488320 10.253674 6.463529 3.883674 2.230584 1.231969 0.662367 0.355105 0.198102 0.121987 0.086920 0.071543 0.065116 0.062552 0.061573 0.061216 0.061091 0.061049 0.061035 0.061031 0.061030 0.061029 0.061029 0.061029 0.061029 0.061029 0.061029 0.061029 0.061029 0.061027 0.061024 0.061015 0.060993 0.060943 0.060831 0.060595 0.060125 0.059237 0.057656 0.055011 0.050858 0.044766 0.036439 0.025872 0.013461 0.000000 
50.000000 39.940384 30.520184 22.257112 15.464006 10.225684 6.432882 3.851223 2.196979 1.197669 0.627673 0.320199 0.163088 0.086920 0.051829 0.036442 0.030011 0.027444 0.026465 0.026108 0.025983 0.025941 0.025927 0.025923 0.025921 0.025921 0.025921 0.025921 0.025921 0.025921 0.025921 0.025921 0.025921 0.025920 0.025919 0.025915 0.025905 0.025882 0.025833 0.025729 0.025522 0.025134 0.024446 0.023302 0.021517 0.018914 0.015374 0.010902 0.005667 0.000000 
50.000000 39.937275 30.514164 22.248542 15.453342 10.213407 6.419441 3.836991 2.182243 1.182629 0.612459 0.304893 0.147734 0.071543 0.036442 0.021051 0.014617 0.012050 0.011071 0.010713 0.010588 0.010546 0.010532 0.010528 0.010527 0.010527 0.010526 0.010526 0.010526 0.010526 0.010526 0.010526 0.010526 0.010526 0.010525 0.010524 0.010520 0.010510 0.010489 0.010445 0.010359 0.010197 0.009913 0.009441 0.008709 0.007647 0.006208 0.004398 0.002285 0.000000 
50.000000 39.935974 30.511647 22.244958 15.448883 10.208275 6.413822 3.831042 2.176082 1.176342 0.606100 0.298495 0.141316 0.065116 0.030011 0.014617 0.008183 0.005616 0.004636 0.004279 0.004153 0.004111 0.004098 0.004093 0.004092 0.004092 0.004092 0.004092 0.004092 0.004092 0.004092 0.004092 0.004092 0.004092 0.004091 0.004091 0.004089 0.004085 0.004077 0.004059 0.004025 0.003961 0.003848 0.003663 0.003376 0.002961 0.002402 0.001700 0.000883 0.000000 
50.000000 39.935455 30.510642 22.243527 15.447103 10.206226 6.411579 3.828668 2.173624 1.173833 0.603562 0.295942 0.138755 0.062552 0.027444 0.012050 0.005616 0.003048 0.002069 0.001711 0.001586 0.001544 0.001530 0.001526 0.001525 0.001524 0.001524 0.001524 0.001524 0.001524 0.001524 0.001524 0.001524 0.001524 0.001524 0.001524 0.001523 0.001522 0.001518 0.001512 0.001499 0.001474 0.001432 0.001362 0.001254 0.001099 0.000891 0.000630 0.000327 0.000000 
50.000000 39.935257 30.510259 22.242982 15.446424 10.205444 6.410724 3.827762 2.172686 1.172875 0.602594 0.294968 0.137779 0.061573 0.026465 0.011071 0.004636 0.002069 0.001089 0.000731 0.000606 0.000564 0.000551 0.000546 0.000545 0.000545 0.000545 0.000545 0.000545 0.000545 0.000545 0.000545 0.000545 0.000545 0.000545 0.000544 0.000544 0.000544 0.000542 0.000540 0.000535 0.000526 0.000511 0.000486 0.000447 0.000392 0.000317 0.000224 0.000116 0.000000 
50.000000 39.935185 30.510118 22.242782 15.446175 10.205159 6.410411 3.827431 2.172343 1.172526 0.602241 0.294612 0.137422 0.061216 0.026108 0.010713 0.004279 0.001711 0.000731 0.000374 0.000249 0.000206 0.000193 0.000189 0.000187 0.000187 0.000187 0.000187 0.000187 0.000187 0.000187 0.000187 0.000187 0.000187 0.000187 0.000187 0.000187 0.000187 0.000186 0.000185 0.000184 0.000181 0.000175 0.000167 0.000153 0.000134 0.000109 0.000077 0.000040 0.000000 
50.000000 39.935159 30.510069 22.242712 15.446089 10.205059 6.410302 3.827315 2.172224 1.172404 0.602117 0.294487 0.137297 0.061091 0.025983 0.010588 0.004153 0.001586 0.000606 0.000249 0.000123 0.000081 0.000068 0.000063 0.000062 0.000062 0.000062 0.000062 0.000062 0.000062 0.000062 0.000062 0.000062 0.000062 0.000062 0.000062 0.000062 0.000062 0.000061 0.000061 0.000061 0.000060 0.000058 0.000055 0.000050 0.000044 0.000036 0.000025 0.000013 0.000000 
50.000000 39.935151 30.510053 22.242689 15.446059 10.205025 6.410265 3.827276 2.172183 1.172362 0.602075 0.294446 0.137255 0.061049 0.025941 0.010546 0.004111 0.001544 0.000564 0.000206 0.000081 0.000039 0.000026 0.000021 0.000020 0.000020 0.000020 0.000020 0.000020 0.000020 0.000020 0.000020 0.000020 0.000020 0.000020 0.000020 0.000020 0.000020 0.000019 0.000019 0.000019 0.000019 0.000018 0.000017 0.000016 0.000014 0.000011 0.000008 0.000004 0.000000 
50.000000 39.935148 30.510048 22.242681 15.446050 10.205014 6.410253 3.827263 2.172170 1.172349 0.602062 0.294432 0.137241 0.061035 0.025927 0.010532 0.004098 0.001530 0.000551 0.000193 0.000068 0.000026 0.000012 0.000008 0.000006 0.000006 0.000006 0.000006 0.000006 0.000006 0.000006 0.000006 0.000006 0.000006 0.000006 0.000006 0.000006 0.000006 0.000006 0.000006 0.000006 0.000006 0.000006 0.000005 0.000005 0.000004 0.000003 0.000002 0.000001 0.000000 
50.000000 39.935147 30.510046 22.242679 15.446047 10.205011 6.410249 3.827260 2.172166 1.172345 0.602058 0.294428 0.137237 0.061031 0.025923 0.010528 0.004093 0.001526 0.000546 0.000189 0.000063 0.000021 0.000008 0.000004 0.000002 0.000002 0.000002 0.000002 0.000002 0.000002 0.000002 0.000002 0.000002 0.000002 0.000002 0.000002 0.000002 0.000002 0.000002 0.000002 0.000002 0.000002 0.000002 0.000002 0.000001 0.000001 0.000001 0.000001 0.000000 0.000000 
50.000000 39.935147 30.510045 22.242678 15.446046 10.205010 6.410248 3.827258 2.172165 1.172344 0.602056 0.294427 0.137236 0.061030 0.025922 0.010527 0.004092 0.001525 0.000545 0.000188 0.000062 0.000020 0.000007 0.000002 0.000001 0.000001 0.000001 0.000001 0.000001 0.000001 0.000001 0.000001 0.000001 0.000001 0.000001 0.000001 0.000001 0.000001 0.000001 0.000001 0.000001 0.000001 0.000001 0.000001 0.000001 0.000000 0.000000 0.000000 0.000000 0.000000 
50.000000 39.935147 30.510045 22.242678 15.446046 10.205010 6.410248 3.827258 2.172165 1.172344 0.602056 0.294427 0.137236 0.061030 0.025922 0.010527 0.004092 0.001525 0.000545 0.000188 0.000062 0.000020 0.000007 0.000002 0.000001 0.000001 0.000001 0.000001 0.000001 0.000001 0.000001 0.000001 0.000001 0.000001 0.000001 0.000001 0.000001 0.000001 0.000001 0.000001 0.000001 0.000001 0.000001 0.000001 0.000001 0.000000 0.000000 0.000000 0.000000 0.000000 
50.000000 39.935147 30.510046 22.242679 15.446047 10.205011 6.410249 3.827260 2.172166 1.172345 0.602058 0.294428 0.137237 0.061031 0.025923 0.010528 0.004093 0.001526 0.000546 0.000189 0.000063 0.000021 0.000008 0.000004 0.000002 0.000002 0.000002 0.000002 0.000002 0.000002 0.000002 0.000002 0.000002 0.000002 0.000002 0.000002 0.000002 0.000002 0.000002 0.000002 0.000002 0.000002 0.000002 0.000002 0.000001 0.000001 0.000001 0.000001 0.000000 0.000000 
50.000000 39.935148 30.510048 22.242681 15.446050 10.205014 6.410253 3.827263 2.172170 1.172349 0.602062 0.294432 0.137241 0.061035 0.025927 0.010532 0.004098 0.001530 0.000551 0.000193 0.000068 0.000026 0.000012 0.000008 0.000006 0.000006 0.000006 0.000006 0.000006 0.000006 0.000006 0.000006 0.000006 0.000006 0.000006 0.000006 0.000006 0.000006 0.000006 0.000006 0.000006 0.000006 0.000006 0.000005 0.000005 0.000004 0.000003 0.000002 0.000001 0.000000 
50.000000 39.935151 30.510053 22.242689 15.446059 10.205025 6.410265 3.827276 2.172183 1.172362 0.602075 0.294446 0.137255 0.061049 0.025941 0.010546 0.004111 0.001544 0.000564 0.000206 0.000081 0.000039 0.000026 0.000021 0.000020 0.000020 0.000020 0.000020 0.000020 0.000020 0.000020 0.000020 0.000020 0.000020 0.000020 0.000020 0.000020 0.000020 0.000019 0.000019 0.000019 0.000019 0.000018 0.000017 0.000016 0.000014 0.000011 0.000008 0.000004 0.000000 
50.000000 39.935159 30.510069 22.242712 15.446089 10.205059 6.410302 3.827315 2.172224 1.172404 0.602117 0.294487 0.137297 0.061091 0.025983 0.010588 0.004153 0.001586 0.000606 0.000249 0.000123 0.000081 0.000068 0.000063 0.000062 0.000062 0.000062 0.000062 0.000062 0.000062 0.000062 0.000062 0.000062 0.000062 0.000062 0.000062 0.000062 0.000062 0.000061 0.000061 0.000061 0.000060 0.000058 0.000055 0.000050 0.000044 0.000036 0.000025 0.000013 0.000000 
50.000000 39.935185 30.510118 22.242782 15.446175 10.205159 6.410411 3.827431 2.172343 1.172526 0.602241 0.294612 0.137422 0.061216 0.026108 0.010713 0.004279 0.001711 0.000731 0.000374 0.000249 0.000206 0.000193 0.000189 0.000187 0.000187 0.000187 0.000187 0.000187 0.000187 0.000187 0.000187 0.000187 0.000187 0.000187 0.000187 0.000187 0.000187 0.000186 0.000185 0.000184 0.000181 0.000175 0.000167 0.000153 0.000134 0.000109 0.000077 0.000040 0.000000 
50.000000 39.935257 30.510259 22.242982 15.446424 10.205444 6.410724 3.827762 2.172686 1.172875 0.602594 0.294968 0.137779 0.061573 0.026465 0.011071 0.004636 0.002069 0.001089 0.000731 0.000606 0.000564 0.000551 0.000546 0.000545 0.000545 0.000545 0.000545 0.000545 0.000545 0.000545 0.000545 0.000545 0.000545 0.000545 0.000544 0.000544 0.000544 0.000542 0.000540 0.000535 0.000526 0.000511 0.000486 0.000447 0.000392 0.000317 0.000224 0.000116 0.000000 
50.000000 39.935455 30.510642 22.243527 15.447103 10.206226 6.411579 3.828668 2.173624 1.173833 0.603562 0.295942 0.138755 0.062552 0.027444 0.012050 0.005616 0.003048 0.002069 0.001711 0.001586 0.001544 0.001530 0.001526 0.001525 0.001524 0.001524 0.001524 0.001524 0.001524 0.001524 0.001524 0.001524 0.001524 0.001524 0.001524 0.001523 0.001522 0.001518 0.001512 0.001499 0.001474 0.001432 0.001362 0.001254 0.001099 0.000891 0.000630 0.000327 0.000000 
50.000000 39.935974 30.511647 22.244958 15.448883 10.208275 6.413822 3.831042 2.176082 1.176342 0.606100 0.298495 0.141316 0.065116 0.030011 0.014617 0.008183 0.005616 0.004636 0.004279 0.004153 0.004111 0.004098 0.004093 0.004092 0.004092 0.004092 0.004092 0.004092 0.004092 0.004092 0.004092 0.004092 0.004092 0.004091 0.004091 0.004089 0.004085 0.004077 0.004059 0.004025 0.003961 0.003848 0.003663 0.003376 0.002961 0.002402 0.001700 0.000883 0.000000 
50.000000 39.937275 30.514164 22.248542 15.453342 10.213407 6.419441 3.836991 2.182243 1.182629 0.612459 0.304893 0.147734 0.071543 0.036442 0.021051 0.014617 0.012050 0.011071 0.010713 0.010588 0.010546 0.010532 0.010528 0.010527 0.010527 0.010526 0.010526 0.010526 0.010526 0.010526 0.010526 0.010526 0.010526 0.010525 0.010524 0.010520 0.010510 0.010489 0.010445 0.010359 0.010197 0.009913 0.009441 0.008709 0.007647 0.006208 0.004398 0.002285 0.000000 
50.000000 39.940384 30.520184 22.257112 15.464006 10.225684 6.432882 3.851223 2.196979 1.197669 0.627673 0.320199 0.163088 0.086920 0.051829 0.036442 0.030011 0.027444 0.026465 0.026108 0.025983 0.025941 0.025927 0.025923 0.025921 0.025921 0.025921 0.025921 0.025921 0.025921 0.025921 0.025921 0.025921 0.025920 0.025919 0.025915 0.025905 0.025882 0.025833 0.025729 0.025522 0.025134 0.024446 0.023302 0.021517 0.018914 0.015374 0.010902 0.005667 0.000000 
50.000000 39.947473 30.533908 22.276651 15.488320 10.253674 6.463529 3.883674 2.230584 1.231969 0.662367 0.355105 0.198102 0.121987 0.086920 0.071543 0.065116 0.062552 0.061573 0.061216 0.061091 0.061049 0.061035 0.061031 0.061030 0.061029 0.061029 0.061029 0.061029 0.061029 0.061029 0.061029 0.061029 0.061027 0.061024 0.061015 0.060993 0.060943 0.060831 0.060595 0.060125 0.059237 0.057656 0.055011 0.050858 0.044766 0.036439 0.025872 0.013461 0.000000 
50.000000 39.962852 30.563684 22.319047 15.541081 10.314416 6.530040 3.954104 2.303519 1.306414 0.737671 0.430872 0.274104 0.198102 0.163088 0.147734 0.141316 0.138755 0.137779 0.137422 0.137297 0.137255 0.137241 0.137237 0.137236 0.137236 0.137235 0.137235 0.137235 0.137235 0.137235 0.137235 0.137234 0.137231 0.137224 0.137205 0.137159 0.137052 0.136813 0.136307 0.135291 0.133363 0.129910 0.124089 0.114890 0.101299 0.082601 0.058740 0.030595 0.000000 
50.000000 39.994563 30.625081 22.406469 15.649879 10.439679 6.667208 4.099362 2.453951 1.459965 0.892997 0.587153 0.430872 0.355105 0.320199 0.304893 0.298495 0.295942 0.294968 0.294612 0.294487 0.294446 0.294432 0.294428 0.294427 0.294426 0.294426 0.294426 0.294426 0.294426 0.294426 0.294425 0.294423 0.294418 0.294403 0.294366 0.294275 0.294059 0.293577 0.292550 0.290476 0.286511 0.279358 0.267205 0.247834 0.218976 0.178953 0.127513 0.066509 0.000000 
50.000000 40.056599 30.745196 22.577504 15.862745 10.684772 6.935608 4.383605 2.748330 1.760456 1.196968 0.892997 0.737671 0.662367 0.627673 0.612459 0.606100 0.603562 0.602594 0.602241 0.602117 0.602075 0.602062 0.602058 0.602056 0.602056 0.602056 0.602056 0.602056 0.602056 0.602055 0.602054 0.602051 0.602041 0.602014 0.601944 0.601772 0.601364 0.600448 0.598484 0.594490 0.586796 0.572790 0.548769 0.510097 0.451885 0.370336 0.264569 0.138252 0.000000 
50.000000 40.171561 30.967792 22.894476 16.257260 11.139036 7.433094 4.910478 3.294011 2.317483 1.760456 1.459965 1.306414 1.231969 1.197669 1.182629 1.176342 1.173833 1.172875 1.172526 1.172404 1.172362 1.172349 1.172345 1.172344 1.172343 1.172343 1.172343 1.172343 1.172343 1.172342 1.172340 1.172334 1.172317 1.172270 1.172148 1.171844 1.171123 1.169489 1.165966 1.158741 1.144696 1.118866 1.074071 1.001073 0.889780 0.731874 0.524657 0.274856 0.000000 
50.000000 40.373046 31.357926 23.450037 16.948758 11.935298 8.305156 5.834092 4.250625 3.294011 2.748330 2.453951 2.303519 2.230584 2.196979 2.182243 2.176082 2.173624 2.172686 2.172343 2.172224 2.172183 2.172170 2.172166 2.172165 2.172165 2.172164 2.172164 2.172164 2.172164 2.172163 2.172160 2.172150 2.172122 2.172045 2.171846 2.171347 2.170156 2.167440 2.161534 2.149315 2.125312 2.080648 2.002152 1.872340 1.671272 1.381310 0.994866 0.523037 0.000000 
50.000000 40.706481 32.003568 24.369477 18.093215 13.253197 9.748569 7.362887 5.834092 4.910478 4.383605 4.099362 3.954104 3.883674 3.851223 3.836991 3.831042 3.828668 3.827762 3.827431 3.827315 3.827276 3.827263 3.827259 3.827258 3.827258 3.827258 3.827258 3.827258 3.827257 3.827256 3.827251 3.827236 3.827194 3.827078 3.826777 3.826018 3.824195 3.820004 3.810815 3.791612 3.753443 3.681443 3.552902 3.336498 2.994616 2.491109 1.805968 0.954377 0.000000 
50.000000 41.226710 33.010924 25.804061 19.878949 15.309633 12.000939 9.748569 8.305156 7.433094 6.935608 6.667208 6.530040 6.463529 6.432882 6.419441 6.413822 6.411579 6.410724 6.410411 6.410302 6.410265 6.410253 6.410249 6.410248 6.410248 6.410248 6.410248 6.410247 6.410247 6.410245 6.410238 6.410217 6.410159 6.410000 6.409580 6.408519 6.405951 6.400003 6.386839 6.359023 6.303003 6.195667 6.000469 5.664674 5.120861 4.297685 3.145234 1.675297 0.000000 
50.000000 41.990817 34.490539 27.911243 22.501994 18.330409 15.309633 13.253197 11.935298 11.139036 10.684772 10.439679 10.314416 10.253674 10.225684 10.213407 10.208275 10.206226 10.205444 10.205159 10.205059 10.205025 10.205014 10.205011 10.205010 10.205009 10.205009 10.205009 10.205009 10.205008 10.205005 10.204997 10.204971 10.204899 10.204698 10.204166 10.202816 10.199526 10.191844 10.174674 10.137964 10.062959 9.916699 9.644960 9.165204 8.363782 7.106136 5.274244 2.845453 0.000000 
50.000000 43.045931 36.533687 30.821035 26.124228 22.501994 19.878949 18.093215 16.948758 16.257260 15.862745 15.649879 15.541081 15.488320 15.464006 15.453342 15.448883 15.447103 15.446424 15.446175 15.446089 15.446059 15.446050 15.446047 15.446046 15.446046 15.446046 15.446046 15.446045 15.446044 15.446041 15.446032 15.446003 15.445921 15.445695 15.445093 15.443555 15.439782 15.430903 15.410860 15.367480 15.277486 15.098599 14.758087 14.138212 13.062114 11.291444 8.563684 4.723280 0.000000 
50.000000 44.413989 39.182856 34.593968 30.821035 27.911243 25.804061 24.369477 23.450037 22.894476 22.577504 22.406469 22.319047 22.276651 22.257112 22.248542 22.244958 22.243527 22.242982 22.242782 22.242712 22.242689 22.242681 22.242679 22.242678 22.242678 22.242678 22.242678 22.242677 22.242676 22.242673 22.242664 22.242636 22.242556 22.242333 22.241739 22.240212 22.236446 22.227516 22.207168 22.162603 22.068727 21.878368 21.506375 20.805106 19.529590 17.296984 13.571791 7.796925 0.000000 
50.000000 46.077876 42.404908 39.182856 36.533687 34.490539 33.010924 32.003568 31.357926 30.967792 30.745196 30.625081 30.563684 30.533908 30.520184 30.514164 30.511647 30.510642 30.510259 30.510118 30.510069 30.510053 30.510048 30.510046 30.510045 30.510045 30.510045 30.510045 30.510045 30.510044 30.510042 30.510034 30.510012 30.509947 30.509766 30.509283 30.508036 30.504944 30.497568 30.480627 30.443136 30.363060 30.197601 29.865691 29.216295 27.970002 25.611065 21.202454 13.188459 0.000000 
50.000000 47.974608 46.077876 44.413989 43.045931 41.990817 41.226710 40.706481 40.373046 40.171561 40.056599 39.994563 39.962852 39.947473 39.940384 39.937275 39.935974 39.935455 39.935257 39.935185 39.935159 39.935151 39.935148 39.935147 39.935147 39.935147 39.935147 39.935147 39.935147 39.935146 39.935145 39.935141 39.935128 39.935092 39.934990 39.934717 39.934012 39.932257 39.928054 39.918347 39.896705 39.850009 39.752104 39.551414 39.145364 38.322651 36.617063 32.889416 23.987304 0.000000 
50.000000 50.000000 50.000000 50.000000 50.000000 50.000000 50.000000 50.000000 50.000000 50.000000 50.000000 50.000000 50.000000 50.000000 50.000000 50.000000 50.000000 50.000000 50.000000 50.000000 50.000000 50.000000 50.000000 50.000000 50.000000 50.000000 50.000000 50.000000 50.000000 50.000000 50.000000 50.000000 50.000000 50.000000 50.000000 50.000000 50.000000 50.000000 50.000000 50.000000 50.000000 50.000000 50.000000 50.000000 50.000000 50.000000 50.000000 50.000000 50.000000 50.000000 
