50.000000 50.000000 50.000000 50.000000 50.000000 50.000000 50.000000 50.000000 50.000000 50.000000 50.000000 50.000000 50.000000 50.000000 50.000000 50.000000 50.000000 50.000000 50.000000 50.000000 50.000000 50.000000 50.000000 50.000000 50.000000 50.000000 50.000000 50.000000 50.000000 50.000000 50.000000 50.000000 50.000000 50.000000 50.000000 50.000000 50.000000 50.000000 50.000000 50.000000 50.000000 50.000000 50.000000 50.000000 50.000000 50.000000 50.000000 50.000000 50.000000 50.000000 
50.000000 47.951151 46.033957 44.354737 42.977260 41.918101 41.153917 40.635906 40.305542 40.107017 39.994427 39.934068 39.903429 39.888678 39.881932 39.878996 39.877779 39.877297 39.877115 39.877049 39.877026 39.877018 39.877016 39.877015 39.877015 39.877015 39.877015 39.877015 39.877015 39.877014 39.877013 39.877009 39.876998 39.876964 39.876870 39.876614 39.875949 39.874282 39.870258 39.860904 39.839919 39.794375 39.698384 39.500685 39.099037 38.282413 36.584731 32.866708 23.975576 0.000000 
50.000000 46.033957 42.322771 39.072262 36.405866 34.355666 32.876464 31.873786 31.234334 30.850077 30.632159 30.515335 30.456036 30.427488 30.414432 30.408751 30.406395 30.405463 30.405110 30.404983 30.404938 30.404923 30.404919 30.404917 30.404917 30.404917 30.404917 30.404917 30.404916 30.404916 30.404914 30.404907 30.404886 30.404827 30.404659 30.404207 30.403032 30.400098 30.393047 30.376744 30.340439 30.262449 30.100448 29.773947 29.132513 27.897231 25.552590 21.161386 13.167248 0.000000 
50.000000 44.354737 39.072262 34.445552 30.650305 27.732179 25.626820 24.199735 23.289647 22.742777 22.432650 22.266399 22.182014 22.141391 22.122814 22.114731 22.111379 22.110052 22.109551 22.109369 22.109306 22.109285 22.109278 22.109276 22.109276 22.109276 22.109275 22.109275 22.109275 22.109274 22.109272 22.109263 22.109238 22.109164 22.108958 22.108404 22.106969 22.103402 22.094884 22.075345 22.032285 21.941053 21.755083 21.389952 20.698784 19.437240 17.222776 13.519673 7.770006 0.000000 
50.000000 42.977260 36.405866 30.650305 25.929149 22.299178 19.680308 17.905202 16.773211 16.093027 15.707314 15.500554 15.395612 15.345096 15.321996 15.311945 15.307777 15.306128 15.305505 15.305279 15.305201 15.305174 15.305166 15.305164 15.305163 15.305163 15.305162 15.305162 15.305162 15.305161 15.305159 15.305150 15.305124 15.305049 15.304840 15.304280 15.302839 15.299276 15.290832 15.271643 15.229851 15.142649 14.968394 14.635128 14.025918 12.964575 11.213065 8.508635 4.694847 0.000000 
50.000000 41.918101 34.355666 27.732179 22.299178 18.121985 15.108403 13.065823 11.763313 10.980701 10.536925 10.299052 10.178324 10.120213 10.093641 10.082081 10.077288 10.075391 10.074674 10.074414 10.074324 10.074294 10.074284 10.074281 10.074281 10.074280 10.074280 10.074280 10.074280 10.074279 10.074277 10.074269 10.074246 10.074180 10.073995 10.073503 10.072242 10.069146 10.061868 10.045490 10.010251 9.937835 9.795871 9.530853 9.060992 8.273260 7.033395 5.223153 2.819065 0.000000 
50.000000 41.153917 32.876464 25.626820 19.680308 15.108403 11.810152 9.574700 8.149251 7.292808 6.807187 6.546898 6.414801 6.351220 6.322149 6.309501 6.304258 6.302184 6.301399 6.301115 6.301017 6.300984 6.300973 6.300970 6.300969 6.300969 6.300969 6.300969 6.300968 6.300968 6.300966 6.300960 6.300942 6.300889 6.300743 6.300356 6.299369 6.296963 6.291352 6.278849 6.252262 6.198405 6.094658 5.905076 5.577550 5.045180 4.236868 3.102517 1.653233 0.000000 
50.000000 40.635906 31.873786 24.199735 17.905202 13.065823 9.574700 7.208593 5.699883 4.793448 4.279501 4.004042 3.864252 3.796972 3.766211 3.752829 3.747282 3.745087 3.744257 3.743957 3.743853 3.743818 3.743807 3.743803 3.743802 3.743802 3.743802 3.743802 3.743802 3.743801 3.743800 3.743795 3.743782 3.743744 3.743639 3.743362 3.742661 3.740961 3.737027 3.728342 3.710077 3.673557 3.604297 3.480042 3.269952 2.936808 2.444652 1.773338 0.937523 0.000000 
50.000000 40.305542 31.234334 23.289647 16.773211 11.763313 8.149251 5.699883 4.138126 3.199848 2.667865 2.382748 2.238063 2.168430 2.136595 2.122746 2.117006 2.114735 2.113876 2.113565 2.113457 2.113421 2.113410 2.113406 2.113405 2.113405 2.113405 2.113405 2.113405 2.113404 2.113403 2.113401 2.113392 2.113367 2.113297 2.113115 2.112657 2.111553 2.109016 2.103465 2.091905 2.069063 2.026326 1.950847 1.825478 1.630562 1.348593 0.971885 0.511167 0.000000 
50.000000 40.107017 30.850077 22.742777 16.093027 10.980701 7.292808 4.793448 3.199848 2.242462 1.699659 1.408752 1.261132 1.190089 1.157610 1.143482 1.137626 1.135309 1.134433 1.134116 1.134006 1.133970 1.133958 1.133954 1.133953 1.133953 1.133953 1.133953 1.133953 1.133952 1.133952 1.133950 1.133945 1.133929 1.133887 1.133776 1.133498 1.132834 1.131318 1.128025 1.121231 1.107943 1.083371 1.040546 0.970450 0.863176 0.710492 0.509638 0.267098 0.000000 
50.000000 39.994427 30.632159 22.432650 15.707314 10.536925 6.807187 4.279501 2.667865 1.699659 1.150731 0.856547 0.707268 0.635428 0.602585 0.588300 0.582378 0.580035 0.579150 0.578829 0.578718 0.578681 0.578669 0.578665 0.578664 0.578664 0.578664 0.578664 0.578664 0.578664 0.578663 0.578662 0.578659 0.578650 0.578626 0.578564 0.578407 0.578034 0.577189 0.575366 0.571634 0.564400 0.551160 0.528339 0.491435 0.435671 0.357304 0.255415 0.133523 0.000000 
50.000000 39.934068 30.515335 22.266399 15.500554 10.299052 6.546898 4.004042 2.382748 1.408752 0.856547 0.560611 0.410445 0.338178 0.305141 0.290771 0.284815 0.282459 0.281568 0.281245 0.281133 0.281096 0.281084 0.281081 0.281080 0.281079 0.281079 0.281079 0.281079 0.281079 0.281079 0.281078 0.281077 0.281072 0.281059 0.281026 0.280943 0.280747 0.280305 0.279358 0.277434 0.273732 0.267015 0.255546 0.237184 0.209722 0.171515 0.122288 0.063810 0.000000 
50.000000 39.903429 30.456036 22.182014 15.395612 10.178324 6.414801 3.864252 2.238063 1.261132 0.707268 0.410445 0.259830 0.187348 0.154213 0.139800 0.133826 0.131463 0.130569 0.130246 0.130134 0.130097 0.130085 0.130081 0.130080 0.130080 0.130079 0.130079 0.130079 0.130079 0.130079 0.130079 0.130078 0.130076 0.130069 0.130053 0.130012 0.129915 0.129697 0.129234 0.128298 0.126511 0.123291 0.117837 0.109178 0.096336 0.078612 0.055938 0.029147 0.000000 
50.000000 39.888678 30.427488 22.141391 15.345096 10.120213 6.351220 3.796972 2.168430 1.190089 0.635428 0.338178 0.187348 0.114763 0.081581 0.067148 0.061165 0.058799 0.057904 0.057580 0.057468 0.057430 0.057418 0.057415 0.057414 0.057413 0.057413 0.057413 0.057413 0.057413 0.057413 0.057413 0.057413 0.057412 0.057408 0.057401 0.057381 0.057336 0.057235 0.057021 0.056591 0.055774 0.054311 0.051851 0.047971 0.042257 0.034422 0.024456 0.012729 0.000000 
50.000000 39.881932 30.414432 22.122814 15.321996 10.093641 6.322149 3.766211 2.136595 1.157610 0.602585 0.305141 0.154213 0.081581 0.048377 0.033935 0.027948 0.025580 0.024685 0.024361 0.024249 0.024211 0.024199 0.024196 0.024195 0.024194 0.024194 0.024194 0.024194 0.024194 0.024194 0.024194 0.024194 0.024193 0.024192 0.024189 0.024180 0.024160 0.024116 0.024022 0.023834 0.023480 0.022849 0.021793 0.020138 0.017715 0.014410 0.010225 0.005317 0.000000 
50.000000 39.878996 30.408751 22.114731 15.311945 10.082081 6.309501 3.752829 2.122746 1.143482 0.588300 0.290771 0.139800 0.067148 0.033935 0.019488 0.013501 0.011132 0.010236 0.009912 0.009800 0.009762 0.009750 0.009747 0.009746 0.009745 0.009745 0.009745 0.009745 0.009745 0.009745 0.009745 0.009745 0.009745 0.009744 0.009743 0.009739 0.009731 0.009712 0.009673 0.009595 0.009449 0.009190 0.008758 0.008085 0.007104 0.005772 0.004092 0.002126 0.000000 
50.000000 39.877779 30.406395 22.111379 15.307777 10.077288 6.304258 3.747282 2.117006 1.137626 0.582378 0.284815 0.133826 0.061165 0.027948 0.013501 0.007512 0.005143 0.004247 0.003923 0.003811 0.003773 0.003761 0.003758 0.003757 0.003756 0.003756 0.003756 0.003756 0.003756 0.003756 0.003756 0.003756 0.003756 0.003756 0.003755 0.003754 0.003750 0.003743 0.003728 0.003697 0.003639 0.003538 0.003369 0.003108 0.002728 0.002215 0.001569 0.000815 0.000000 
50.000000 39.877297 30.405463 22.110052 15.306128 10.075391 6.302184 3.745087 2.114735 1.135309 0.580035 0.282459 0.131463 0.058799 0.025580 0.011132 0.005143 0.002774 0.001878 0.001554 0.001442 0.001404 0.001392 0.001388 0.001387 0.001387 0.001387 0.001387 0.001387 0.001387 0.001387 0.001387 0.001387 0.001387 0.001387 0.001387 0.001386 0.001385 0.001382 0.001376 0.001365 0.001343 0.001305 0.001242 0.001145 0.001004 0.000815 0.000577 0.000299 0.000000 
50.000000 39.877115 30.405110 22.109551 15.305505 10.074674 6.301399 3.744257 2.113876 1.134433 0.579150 0.281568 0.130569 0.057904 0.024685 0.010236 0.004247 0.001878 0.000982 0.000658 0.000546 0.000508 0.000496 0.000493 0.000492 0.000491 0.000491 0.000491 0.000491 0.000491 0.000491 0.000491 0.000491 0.000491 0.000491 0.000491 0.000491 0.000490 0.000489 0.000487 0.000483 0.000475 0.000462 0.000439 0.000405 0.000355 0.000287 0.000203 0.000106 0.000000 
50.000000 39.877049 30.404983 22.109369 15.305279 10.074414 6.301115 3.743957 2.113565 1.134116 0.578829 0.281245 0.130246 0.057580 0.024361 0.009912 0.003923 0.001554 0.000658 0.000334 0.000222 0.000184 0.000172 0.000169 0.000167 0.000167 0.000167 0.000167 0.000167 0.000167 0.000167 0.000167 0.000167 0.000167 0.000167 0.000167 0.000167 0.000167 0.000166 0.000166 0.000164 0.000162 0.000157 0.000149 0.000137 0.000120 0.000097 0.000069 0.000036 0.000000 
50.000000 39.877026 30.404938 22.109306 15.305201 10.074324 6.301017 3.743853 2.113457 1.134006 0.578718 0.281133 0.130134 0.057468 0.024249 0.009800 0.003811 0.001442 0.000546 0.000222 0.000109 0.000072 0.000060 0.000056 0.000055 0.000055 0.000055 0.000055 0.000055 0.000055 0.000055 0.000055 0.000055 0.000055 0.000055 0.000055 0.000055 0.000054 0.000054 0.000054 0.000054 0.000053 0.000051 0.000049 0.000045 0.000039 0.000032 0.000022 0.000012 0.000000 
50.000000 39.877018 30.404923 22.109285 15.305174 10.074294 6.300984 3.743818 2.113421 1.133970 0.578681 0.281096 0.130097 0.057430 0.024211 0.009762 0.003773 0.001404 0.000508 0.000184 0.000072 0.000034 0.000022 0.000019 0.000018 0.000017 0.000017 0.000017 0.000017 0.000017 0.000017 0.000017 0.000017 0.000017 0.000017 0.000017 0.000017 0.000017 0.000017 0.000017 0.000017 0.000017 0.000016 0.000015 0.000014 0.000012 0.000010 0.000007 0.000004 0.000000 
50.000000 39.877016 30.404919 22.109278 15.305166 10.074284 6.300973 3.743807 2.113410 1.133958 0.578669 0.281084 0.130085 0.057418 0.024199 0.009750 0.003761 0.001392 0.000496 0.000172 0.000060 0.000022 0.000010 0.000007 0.000006 0.000005 0.000005 0.000005 0.000005 0.000005 0.000005 0.000005 0.000005 0.000005 0.000005 0.000005 0.000005 0.000005 0.000005 0.000005 0.000005 0.000005 0.000005 0.000005 0.000004 0.000004 0.000003 0.000002 0.000001 0.000000 
50.000000 39.877015 30.404917 22.109276 15.305164 10.074281 6.300970 3.743803 2.113406 1.133954 0.578665 0.281081 0.130081 0.057415 0.024196 0.009747 0.003758 0.001388 0.000493 0.000169 0.000056 0.000019 0.000007 0.000003 0.000002 0.000002 0.000002 0.000002 0.000002 0.000002 0.000002 0.000002 0.000002 0.000002 0.000002 0.000002 0.000002 0.000002 0.000002 0.000002 0.000002 0.000001 0.000001 0.000001 0.000001 0.000001 0.000001 0.000001 0.000000 0.000000 
50.000000 39.877015 30.404917 22.109276 15.305163 10.074281 6.300969 3.743802 2.113405 1.133953 0.578664 0.281080 0.130080 0.057414 0.024195 0.009746 0.003757 0.001387 0.000492 0.000168 0.000055 0.000018 0.000006 0.000002 0.000001 0.000001 0.000001 0.000001 0.000001 0.000001 0.000001 0.000001 0.000001 0.000001 0.000001 0.000001 0.000001 0.000001 0.000001 0.000001 0.000001 0.000001 0.000001 0.000000 0.000000 0.000000 0.000000 0.000000 0.000000 0.000000 
50.000000 39.877015 30.404917 22.109276 15.305163 10.074281 6.300969 3.743802 2.113405 1.133953 0.578664 0.281080 0.130080 0.057414 0.024195 0.009746 0.003757 0.001387 0.000492 0.000168 0.000055 0.000018 0.000006 0.000002 0.000001 0.000001 0.000001 0.000001 0.000001 0.000001 0.000001 0.000001 0.000001 0.000001 0.000001 0.000001 0.000001 0.000001 0.000001 0.000001 0.000001 0.000001 0.000001 0.000000 0.000000 0.000000 0.000000 0.000000 0.000000 0.000000 
50.000000 39.877015 30.404917 22.109276 15.305164 10.074281 6.300970 3.743803 2.113406 1.133954 0.578665 0.281081 0.130081 0.057415 0.024196 0.009747 0.003758 0.001388 0.000493 0.000169 0.000056 0.000019 0.000007 0.000003 0.000002 0.000002 0.000002 0.000002 0.000002 0.000002 0.000002 0.000002 0.000002 0.000002 0.000002 0.000002 0.000002 0.000002 0.000002 0.000002 0.000002 0.000001 0.000001 0.000001 0.000001 0.000001 0.000001 0.000001 0.000000 0.000000 
50.000000 39.877016 30.404919 22.109278 15.305166 10.074284 6.300973 3.743807 2.113410 1.133958 0.578669 0.281084 0.130085 0.057418 0.024199 0.009750 0.003761 0.001392 0.000496 0.000172 0.000060 0.000022 0.000010 0.000007 0.000006 0.000005 0.000005 0.000005 0.000005 0.000005 0.000005 0.000005 0.000005 0.000005 0.000005 0.000005 0.000005 0.000005 0.000005 0.000005 0.000005 0.000005 0.000005 0.000005 0.000004 0.000004 0.000003 0.000002 0.000001 0.000000 
50.000000 39.877018 30.404923 22.109285 15.305174 10.074294 6.300984 3.743818 2.113421 1.133970 0.578681 0.281096 0.130097 0.057430 0.024211 0.009762 0.003773 0.001404 0.000508 0.000184 0.000072 0.000034 0.000022 0.000019 0.000018 0.000017 0.000017 0.000017 0.000017 0.000017 0.000017 0.000017 0.000017 0.000017 0.000017 0.000017 0.000017 0.000017 0.000017 0.000017 0.000017 0.000017 0.000016 0.000015 0.000014 0.000012 0.000010 0.000007 0.000004 0.000000 
50.000000 39.877026 30.404938 22.109306 15.305201 10.074324 6.301017 3.743853 2.113457 1.134006 0.578718 0.281133 0.130134 0.057468 0.024249 0.009800 0.003811 0.001442 0.000546 0.000222 0.000109 0.000072 0.000060 0.000056 0.000055 0.000055 0.000055 0.000055 0.000055 0.000055 0.000055 0.000055 0.000055 0.000055 0.000055 0.000055 0.000055 0.000054 0.000054 0.000054 0.000054 0.000053 0.000051 0.000049 0.000045 0.000039 0.000032 0.000022 0.000012 0.000000 
50.000000 39.877049 30.404983 22.109369 15.305279 10.074414 6.301115 3.743957 2.113565 1.134116 0.578829 0.281245 0.130246 0.057580 0.024361 0.009912 0.003923 0.001554 0.000658 0.000334 0.000222 0.000184 0.000172 0.000169 0.000167 0.000167 0.000167 0.000167 0.000167 0.000167 0.000167 0.000167 0.000167 0.000167 0.000167 0.000167 0.000167 0.000167 0.000166 0.000166 0.000164 0.000162 0.000157 0.000149 0.000137 0.000120 0.000097 0.000069 0.000036 0.000000 
50.000000 39.877115 30.405110 22.109551 15.305505 10.074674 6.301399 3.744257 2.113876 1.134433 0.579150 0.281568 0.130569 0.057904 0.024685 0.010236 0.004247 0.001878 0.000982 0.000658 0.000546 0.000508 0.000496 0.000493 0.000492 0.000491 0.000491 0.000491 0.000491 0.000491 0.000491 0.000491 0.000491 0.000491 0.000491 0.000491 0.000491 0.000490 0.000489 0.000487 0.000483 0.000475 0.000462 0.000439 0.000405 0.000355 0.000287 0.000203 0.000106 0.000000 
50.000000 39.877297 30.405463 22.110052 15.306128 10.075391 6.302184 3.745087 2.114735 1.135309 0.580035 0.282459 0.131463 0.058799 0.025580 0.011132 0.005143 0.002774 0.001878 0.001554 0.001442 0.001404 0.001392 0.001388 0.001387 0.001387 0.001387 0.001387 0.001387 0.001387 0.001387 0.001387 0.001387 0.001387 0.001387 0.001387 0.001386 0.001385 0.001382 0.001376 0.001365 0.001343 0.001305 0.001242 0.001145 0.001004 0.000815 0.000577 0.000299 0.000000 
50.000000 39.877779 30.406395 22.111379 15.307777 10.077288 6.304258 3.747282 2.117006 1.137626 0.582378 0.284815 0.133826 0.061165 0.027948 0.013501 0.007512 0.005143 0.004247 0.003923 0.003811 0.003773 0.003761 0.003758 0.003757 0.003756 0.003756 0.003756 0.003756 0.003756 0.003756 0.003756 0.003756 0.003756 0.003756 0.003755 0.003754 0.003750 0.003743 0.003728 0.003697 0.003639 0.003538 0.003369 0.003108 0.002728 0.002215 0.001569 0.000815 0.000000 
50.000000 39.878996 30.408751 22.114731 15.311945 10.082081 6.309501 3.752829 2.122746 1.143482 0.588300 0.290771 0.139800 0.067148 0.033935 0.019488 0.013501 0.011132 0.010236 0.009912 0.009800 0.009762 0.009750 0.009747 0.009746 0.009745 0.009745 0.009745 0.009745 0.009745 0.009745 0.009745 0.009745 0.009745 0.009744 0.009743 0.009739 0.009731 0.009712 0.009673 0.009595 0.009449 0.009190 0.008758 0.008085 0.007104 0.005772 0.004092 0.002126 0.000000 
50.000000 39.881932 30.414432 22.122814 15.321996 10.093641 6.322149 3.766211 2.136595 1.157610 0.602585 0.305141 0.154213 0.081581 0.048377 0.033935 0.027948 0.025580 0.024685 0.024361 0.024249 0.024211 0.024199 0.024196 0.024195 0.024194 0.024194 0.024194 0.024194 0.024194 0.024194 0.024194 0.024194 0.024193 0.024192 0.024189 0.024180 0.024160 0.024116 0.024022 0.023834 0.023480 0.022849 0.021793 0.020138 0.017715 0.014410 0.010225 0.005317 0.000000 
50.000000 39.888678 30.427488 22.141391 15.345096 10.120213 6.351220 3.796972 2.168430 1.190089 0.635428 0.338178 0.187348 0.114763 0.081581 0.067148 0.061165 0.058799 0.057904 0.057580 0.057468 0.057430 0.057418 0.057415 0.057414 0.057413 0.057413 0.057413 0.057413 0.057413 0.057413 0.057413 0.057413 0.057412 0.057408 0.057401 0.057381 0.057336 0.057235 0.057021 0.056591 0.055774 0.054311 0.051851 0.047971 0.042257 0.034422 0.024456 0.012729 0.000000 
50.000000 39.903429 30.456036 22.182014 15.395612 10.178324 6.414801 3.864252 2.238063 1.261132 0.707268 0.410445 0.259830 0.187348 0.154213 0.139800 0.133826 0.131463 0.130569 0.130246 0.130134 0.130097 0.130085 0.130081 0.130080 0.130080 0.130079 0.130079 0.130079 0.130079 0.130079 0.130079 0.130078 0.130076 0.130069 0.130053 0.130012 0.129915 0.129697 0.129234 0.128298 0.126511 0.123291 0.117837 0.109178 0.096336 0.078612 0.055938 0.029147 0.000000 
50.000000 39.934068 30.515335 22.266399 15.500554 10.299052 6.546898 4.004042 2.382748 1.408752 0.856547 0.560611 0.410445 0.338178 0.305141 0.290771 0.284815 0.282459 0.281568 0.281245 0.281133 0.281096 0.281084 0.281081 0.281080 0.281079 0.281079 0.281079 0.281079 0.281079 0.281079 0.281078 0.281077 0.281072 0.281059 0.281026 0.280943 0.280747 0.280305 0.279358 0.277434 0.273732 0.267015 0.255546 0.237184 0.209722 0.171515 0.122288 0.063810 0.000000 
50.000000 39.994427 30.632159 22.432650 15.707314 10.536925 6.807187 4.279501 2.667865 1.699659 1.150731 0.856547 0.707268 0.635428 0.602585 0.588300 0.582378 0.580035 0.579150 0.578829 0.578718 0.578681 0.578669 0.578665 0.578664 0.578664 0.578664 0.578664 0.578664 0.578664 0.578663 0.578662 0.578659 0.578650 0.578626 0.578564 0.578407 0.578034 0.577189 0.575366 0.571634 0.564400 0.551160 0.528339 0.491435 0.435671 0.357304 0.255415 0.133523 0.000000 
50.000000 40.107017 30.850077 22.742777 16.093027 10.980701 7.292808 4.793448 3.199848 2.242462 1.699659 1.408752 1.261132 1.190089 1.157610 1.143482 1.137626 1.135309 1.134433 1.134116 1.134006 1.133970 1.133958 1.133954 1.133953 1.133953 1.133953 1.133953 1.133953 1.133952 1.133952 1.133950 1.133945 1.133929 1.133887 1.133776 1.133498 1.132834 1.131318 1.128025 1.121231 1.107943 1.083371 1.040546 0.970450 0.863176 0.710492 0.509638 0.267098 0.000000 
50.000000 40.305542 31.234334 23.289647 16.773211 11.763313 8.149251 5.699883 4.138126 3.199848 2.667865 2.382748 2.238063 2.168430 2.136595 2.122746 2.117006 2.114735 2.113876 2.113565 2.113457 2.113421 2.113410 2.113406 2.113405 2.113405 2.113405 2.113405 2.113405 2.113404 2.113403 2.113401 2.113392 2.113367 2.113297 2.113115 2.112657 2.111553 2.109016 2.103465 2.091905 2.069063 2.026326 1.950847 1.825478 1.630562 1.348593 0.971885 0.511167 0.000000 
50.000000 40.635906 31.873786 24.199735 17.905202 13.065823 9.574700 7.208593 5.699883 4.793448 4.279501 4.004042 3.864252 3.796972 3.766211 3.752829 3.747282 3.745087 3.744257 3.743957 3.743853 3.743818 3.743807 3.743803 3.743802 3.743802 3.743802 3.743802 3.743802 3.743801 3.743800 3.743795 3.743782 3.743744 3.743639 3.743362 3.742661 3.740961 3.737027 3.728342 3.710077 3.673557 3.604297 3.480042 3.269952 2.936808 2.444652 1.773338 0.937523 0.000000 
50.000000 41.153917 32.876464 25.626820 19.680308 15.108403 11.810152 9.574700 8.149251 7.292808 6.807187 6.546898 6.414801 6.351220 6.322149 6.309501 6.304258 6.302184 6.301399 6.301115 6.301017 6.300984 6.300973 6.300970 6.300969 6.300969 6.300969 6.300969 6.300968 6.300968 6.300966 6.300960 6.300942 6.300889 6.300743 6.300356 6.299369 6.296963 6.291352 6.278849 6.252262 6.198405 6.094658 5.905076 5.577550 5.045180 4.236868 3.102517 1.653233 0.000000 
50.000000 41.918101 34.355666 27.732179 22.299178 18.121985 15.108403 13.065823 11.763313 10.980701 10.536925 10.299052 10.178324 10.120213 10.093641 10.082081 10.077288 10.075391 10.074674 10.074414 10.074324 10.074294 10.074284 10.074281 10.074281 10.074280 10.074280 10.074280 10.074280 10.074279 10.074277 10.074269 10.074246 10.074180 10.073995 10.073503 10.072242 10.069146 10.061868 10.045490 10.010251 9.937835 9.795871 9.530853 9.060992 8.273260 7.033395 5.223153 2.819065 0.000000 
50.000000 42.977260 36.405866 30.650305 25.929149 22.299178 19.680308 17.905202 16.773211 16.093027 15.707314 15.500554 15.395612 15.345096 15.321996 15.311945 15.307777 15.306128 15.305505 15.305279 15.305201 15.305174 15.305166 15.305164 15.305163 15.305163 15.305162 15.305162 15.305162 15.305161 15.305159 15.305150 15.305124 15.305049 15.304840 15.304280 15.302839 15.299276 15.290832 15.271643 15.229851 15.142649 14.968394 14.635128 14.025918 12.964575 11.213065 8.508635 4.694847 0.000000 
50.000000 44.354737 39.072262 34.445552 30.650305 27.732179 25.626820 24.199735 23.289647 22.742777 22.432650 22.266399 22.182014 22.141391 22.122814 22.114731 22.111379 22.110052 22.109551 22.109369 22.109306 22.109285 22.109278 22.109276 22.109276 22.109276 22.109275 22.109275 22.109275 22.109274 22.109272 22.109263 22.109238 22.109164 22.108958 22.108404 22.106969 22.103402 22.094884 22.075345 22.032285 21.941053 21.755083 21.389952 20.698784 19.437240 17.222776 13.519673 7.770006 0.000000 
50.000000 46.033957 42.322771 39.072262 36.405866 34.355666 32.876464 31.873786 31.234334 30.850077 30.632159 30.515335 30.456036 30.427488 30.414432 30.408751 30.406395 30.405463 30.405110 30.404983 30.404938 30.404923 30.404919 30.404917 30.404917 30.404917 30.404917 30.404917 30.404916 30.404916 30.404914 30.404907 30.404886 30.404827 30.404659 30.404207 30.403032 30.400098 30.393047 30.376744 30.340439 30.262449 30.100448 29.773947 29.132513 27.897231 25.552590 21.161386 13.167248 0.000000 
50.000000 47.951151 46.033957 44.354737 42.977260 41.918101 41.153917 40.635906 40.305542 40.107017 39.994427 39.934068 39.903429 39.888678 39.881932 39.878996 39.877779 39.877297 39.877115 39.877049 39.877026 39.877018 39.877016 39.877015 39.877015 39.877015 39.877015 39.877015 39.877015 39.877014 39.877013 39.877009 39.876998 39.876964 39.876870 39.876614 39.875949 39.874282 39.870258 39.860904 39.839919 39.794375 39.698384 39.500685 39.099037 38.282413 36.584731 32.866708 23.975576 0.000000 
50.000000 50.000000 50.000000 50.000000 50.000000 50.000000 50.000000 50.000000 50.000000 50.000000 50.000000 50.000000 50.000000 50.000000 50.000000 50.000000 50.000000 50.000000 50.000000 50.000000 50.000000 50.000000 50.000000 50.000000 50.000000 50.000000 50.000000 50.000000 50.000000 50.000000 50.000000 50.000000 50.000000 50.000000 50.000000 50.000000 50.000000 50.000000 50.000000 50.000000 50.000000 50.000000 50.000000 50.000000 50.000000 50.000000 50.000000 50.000000 50.000000 50.000000 
