50.000000 50.000000 50.000000 50.000000 50.000000 50.000000 50.000000 50.000000 50.000000 50.000000 50.000000 50.000000 50.000000 50.000000 50.000000 50.000000 50.000000 50.000000 50.000000 50.000000 50.000000 50.000000 50.000000 50.000000 50.000000 50.000000 50.000000 50.000000 50.000000 50.000000 50.000000 50.000000 50.000000 50.000000 50.000000 50.000000 50.000000 50.000000 50.000000 50.000000 50.000000 50.000000 50.000000 50.000000 50.000000 50.000000 50.000000 50.000000 50.000000 50.000000 
50.000000 48.127092 46.364218 44.802049 43.498204 42.472570 41.711577 41.178472 40.825481 40.604296 40.472973 40.398997 40.359405 40.339246 40.329467 40.324942 40.322942 40.322096 40.321754 40.321621 40.321571 40.321553 40.321547 40.321545 40.321544 40.321544 40.321544 40.321544 40.321544 40.321543 40.321540 40.321532 40.321509 40.321446 40.321280 40.320859 40.319825 40.317376 40.311778 40.299407 40.272939 40.217959 40.106601 39.885271 39.449347 38.585892 36.828009 33.037242 24.063546 0.000000 
50.000000 46.364218 42.942046 39.909505 37.378448 35.387479 33.910248 32.875405 32.190201 31.760857 31.505950 31.362359 31.285512 31.246384 31.227404 31.218621 31.214739 31.213098 31.212433 31.212175 31.212079 31.212044 31.212033 31.212029 31.212027 31.212027 31.212027 31.212027 31.212026 31.212024 31.212019 31.212005 31.211963 31.211851 31.211554 31.210800 31.208956 31.204603 31.194693 31.172914 31.126657 31.031534 30.841635 30.472230 29.768563 28.448254 25.994308 21.471023 13.326976 0.000000 
50.000000 44.802049 39.909505 35.574031 31.955540 29.109216 26.997375 25.517997 24.538473 23.924727 23.560346 23.355094 23.245250 23.189323 23.162196 23.149644 23.144095 23.141750 23.140800 23.140431 23.140293 23.140244 23.140227 23.140222 23.140220 23.140219 23.140219 23.140219 23.140218 23.140216 23.140210 23.140191 23.140139 23.139998 23.139627 23.138687 23.136398 23.131020 23.118851 23.092319 23.036549 22.923436 22.701834 22.281906 21.511250 20.141100 17.787016 13.915197 7.974040 0.000000 
50.000000 43.498204 37.378448 31.955540 27.429506 23.869364 21.227956 19.377653 18.152566 17.384978 16.929279 16.672596 16.535234 16.465299 16.431379 16.415684 16.408747 16.405814 16.404626 16.404165 16.403994 16.403932 16.403911 16.403904 16.403902 16.403901 16.403901 16.403900 16.403900 16.403897 16.403891 16.403872 16.403817 16.403670 16.403285 16.402316 16.399963 16.394472 16.382139 16.355499 16.300165 16.189648 15.977425 15.585762 14.891843 13.714753 11.814440 8.930194 4.912312 0.000000 
50.000000 42.472570 35.387479 29.109216 23.869364 19.747812 16.689943 14.547965 13.129802 12.241273 11.713791 11.416689 11.257702 11.176762 11.137506 11.119342 11.111315 11.107921 11.106547 11.106014 11.105815 11.105744 11.105719 11.105711 11.105708 11.105708 11.105707 11.105707 11.105706 11.105704 11.105698 11.105681 11.105631 11.105497 11.105147 11.104271 11.102156 11.097251 11.086323 11.062953 11.015007 10.920710 10.743111 10.423281 9.873906 8.977521 7.597966 5.618916 3.023223 0.000000 
50.000000 41.711577 33.910248 26.997375 21.227956 16.689943 13.323167 10.964868 9.403532 8.425332 7.844639 7.517578 7.342567 7.253474 7.210265 7.190274 7.181439 7.177704 7.176192 7.175605 7.175386 7.175308 7.175281 7.175272 7.175269 7.175268 7.175268 7.175268 7.175267 7.175265 7.175260 7.175246 7.175205 7.175095 7.174809 7.174097 7.172387 7.168448 7.159746 7.141319 7.103965 7.031566 6.897620 6.661583 6.266662 5.642194 4.715470 3.438019 1.826306 0.000000 
50.000000 41.178472 32.875405 25.517997 19.377653 14.547965 10.964868 8.455107 6.793540 5.752576 5.134646 4.786625 4.600406 4.505611 4.459638 4.438370 4.428971 4.424998 4.423389 4.422765 4.422532 4.422449 4.422420 4.422411 4.422408 4.422407 4.422407 4.422406 4.422406 4.422405 4.422401 4.422390 4.422359 4.422277 4.422064 4.421534 4.420272 4.417383 4.411052 4.397772 4.371153 4.320248 4.227554 4.067249 3.804854 3.400228 2.816163 2.033770 1.071871 0.000000 
50.000000 40.825481 32.190201 24.538473 18.152566 13.129802 9.403532 6.793540 5.065657 3.983176 3.340619 2.978740 2.785113 2.686549 2.638751 2.616639 2.606868 2.602738 2.601066 2.600417 2.600175 2.600088 2.600058 2.600049 2.600045 2.600044 2.600044 2.600044 2.600044 2.600043 2.600040 2.600032 2.600011 2.599954 2.599807 2.599445 2.598584 2.596629 2.592374 2.583530 2.565983 2.532829 2.473292 2.371966 2.209093 1.962918 1.615037 1.158667 0.607522 0.000000 
50.000000 40.604296 31.760857 23.924727 17.384978 12.241273 8.425332 5.752576 3.983176 2.874708 2.216741 1.846193 1.647932 1.547013 1.498074 1.475435 1.465431 1.461203 1.459491 1.458827 1.458579 1.458491 1.458460 1.458450 1.458447 1.458446 1.458445 1.458445 1.458445 1.458444 1.458443 1.458438 1.458424 1.458387 1.458293 1.458062 1.457517 1.456285 1.453625 1.448138 1.437354 1.417193 1.381423 1.321367 1.226265 1.084813 0.888178 0.634200 0.331357 0.000000 
50.000000 40.472973 31.505950 23.560346 16.929279 11.713791 7.844639 5.134646 3.340619 2.216741 1.549639 1.173952 0.972947 0.870632 0.821018 0.798067 0.787925 0.783639 0.781904 0.781230 0.780979 0.780890 0.780859 0.780848 0.780845 0.780844 0.780844 0.780844 0.780843 0.780843 0.780842 0.780839 0.780831 0.780809 0.780753 0.780615 0.780292 0.779566 0.778008 0.774819 0.768603 0.757089 0.736874 0.703319 0.650838 0.573780 0.468027 0.333036 0.173566 0.000000 
50.000000 40.398997 31.362359 23.355094 16.672596 11.416689 7.517578 4.786625 2.978740 1.846193 1.173952 0.795377 0.592828 0.489730 0.439737 0.416611 0.406392 0.402073 0.400325 0.399646 0.399393 0.399303 0.399271 0.399261 0.399258 0.399257 0.399256 0.399256 0.399256 0.399256 0.399255 0.399254 0.399249 0.399237 0.399205 0.399128 0.398948 0.398546 0.397688 0.395944 0.392568 0.386366 0.375573 0.357832 0.330366 0.290458 0.236243 0.167666 0.087219 0.000000 
50.000000 40.359405 31.285512 23.245250 16.535234 11.257702 7.342567 4.600406 2.785113 1.647932 0.972947 0.592828 0.389456 0.285940 0.235744 0.212525 0.202264 0.197928 0.196173 0.195492 0.195238 0.195147 0.195116 0.195105 0.195102 0.195101 0.195101 0.195100 0.195100 0.195100 0.195100 0.195099 0.195097 0.195090 0.195073 0.195033 0.194938 0.194728 0.194282 0.193380 0.191647 0.188484 0.183023 0.174119 0.160452 0.140762 0.114230 0.080908 0.042029 0.000000 
50.000000 40.339246 31.246384 23.189323 16.465299 11.176762 7.253474 4.505611 2.686549 1.547013 0.870632 0.489730 0.285940 0.182211 0.131913 0.108646 0.098365 0.094020 0.092261 0.091578 0.091324 0.091233 0.091202 0.091191 0.091188 0.091187 0.091186 0.091186 0.091186 0.091186 0.091186 0.091186 0.091184 0.091181 0.091173 0.091153 0.091106 0.091002 0.090782 0.090340 0.089496 0.087965 0.085339 0.081087 0.074606 0.065336 0.052926 0.037428 0.019421 0.000000 
50.000000 40.329467 31.227404 23.162196 16.431379 11.137506 7.210265 4.459638 2.638751 1.498074 0.821018 0.439737 0.235744 0.131913 0.081565 0.058275 0.047984 0.043634 0.041874 0.041191 0.040936 0.040845 0.040814 0.040803 0.040800 0.040799 0.040799 0.040798 0.040798 0.040798 0.040798 0.040798 0.040797 0.040796 0.040792 0.040782 0.040760 0.040711 0.040609 0.040403 0.040012 0.039307 0.038104 0.036168 0.033235 0.029063 0.023509 0.016604 0.008608 0.000000 
50.000000 40.324942 31.218621 23.149644 16.415684 11.119342 7.190274 4.438370 2.616639 1.475435 0.798067 0.416611 0.212525 0.108646 0.058275 0.034975 0.024679 0.020328 0.018566 0.017883 0.017628 0.017537 0.017505 0.017495 0.017492 0.017491 0.017490 0.017490 0.017490 0.017490 0.017490 0.017490 0.017490 0.017489 0.017487 0.017483 0.017473 0.017451 0.017406 0.017314 0.017142 0.016832 0.016306 0.015464 0.014195 0.012398 0.010017 0.007068 0.003662 0.000000 
50.000000 40.322942 31.214739 23.144095 16.408747 11.111315 7.181439 4.428971 2.606868 1.465431 0.787925 0.406392 0.202264 0.098365 0.047984 0.024679 0.014381 0.010029 0.008267 0.007584 0.007329 0.007238 0.007206 0.007196 0.007193 0.007192 0.007191 0.007191 0.007191 0.007191 0.007191 0.007191 0.007191 0.007191 0.007190 0.007188 0.007184 0.007174 0.007155 0.007117 0.007044 0.006914 0.006694 0.006344 0.005818 0.005076 0.004097 0.002889 0.001496 0.000000 
50.000000 40.322096 31.213098 23.141750 16.405814 11.107921 7.177704 4.424998 2.602738 1.461203 0.783639 0.402073 0.197928 0.094020 0.043634 0.020328 0.010029 0.005676 0.003915 0.003231 0.002976 0.002885 0.002854 0.002843 0.002840 0.002839 0.002838 0.002838 0.002838 0.002838 0.002838 0.002838 0.002838 0.002838 0.002838 0.002837 0.002835 0.002832 0.002824 0.002808 0.002779 0.002727 0.002639 0.002499 0.002290 0.001997 0.001610 0.001134 0.000587 0.000000 
50.000000 40.321754 31.212433 23.140800 16.404626 11.106547 7.176192 4.423389 2.601066 1.459491 0.781904 0.400325 0.196173 0.092261 0.041874 0.018566 0.008267 0.003915 0.002153 0.001469 0.001214 0.001123 0.001092 0.001081 0.001078 0.001077 0.001077 0.001077 0.001076 0.001076 0.001076 0.001076 0.001076 0.001076 0.001076 0.001076 0.001075 0.001074 0.001071 0.001065 0.001053 0.001033 0.001000 0.000946 0.000866 0.000755 0.000608 0.000428 0.000222 0.000000 
50.000000 40.321621 31.212175 23.140431 16.404165 11.106014 7.175605 4.422765 2.600417 1.458827 0.781230 0.399646 0.195492 0.091578 0.041191 0.017883 0.007584 0.003231 0.001469 0.000785 0.000531 0.000439 0.000408 0.000397 0.000394 0.000393 0.000393 0.000393 0.000393 0.000393 0.000393 0.000393 0.000393 0.000393 0.000393 0.000393 0.000392 0.000392 0.000391 0.000388 0.000384 0.000377 0.000364 0.000345 0.000315 0.000275 0.000221 0.000156 0.000081 0.000000 
50.000000 40.321571 31.212079 23.140293 16.403994 11.105815 7.175386 4.422532 2.600175 1.458579 0.780979 0.399393 0.195238 0.091324 0.040936 0.017628 0.007329 0.002976 0.001214 0.000531 0.000276 0.000185 0.000153 0.000143 0.000139 0.000138 0.000138 0.000138 0.000138 0.000138 0.000138 0.000138 0.000138 0.000138 0.000138 0.000138 0.000138 0.000138 0.000137 0.000136 0.000135 0.000132 0.000128 0.000121 0.000111 0.000096 0.000077 0.000055 0.000028 0.000000 
50.000000 40.321553 31.212044 23.140244 16.403932 11.105744 7.175308 4.422449 2.600088 1.458491 0.780890 0.399303 0.195147 0.091233 0.040845 0.017537 0.007238 0.002885 0.001123 0.000439 0.000185 0.000093 0.000062 0.000051 0.000048 0.000047 0.000047 0.000047 0.000047 0.000047 0.000047 0.000047 0.000047 0.000047 0.000047 0.000047 0.000047 0.000047 0.000046 0.000046 0.000046 0.000045 0.000043 0.000041 0.000037 0.000033 0.000026 0.000018 0.000010 0.000000 
50.000000 40.321547 31.212033 23.140227 16.403911 11.105719 7.175281 4.422420 2.600058 1.458460 0.780859 0.399272 0.195116 0.091202 0.040814 0.017505 0.007206 0.002854 0.001092 0.000408 0.000153 0.000062 0.000031 0.000020 0.000017 0.000016 0.000015 0.000015 0.000015 0.000015 0.000015 0.000015 0.000015 0.000015 0.000015 0.000015 0.000015 0.000015 0.000015 0.000015 0.000015 0.000015 0.000014 0.000013 0.000012 0.000011 0.000009 0.000006 0.000003 0.000000 
50.000000 40.321545 31.212029 23.140222 16.403904 11.105711 7.175272 4.422411 2.600049 1.458450 0.780848 0.399261 0.195105 0.091191 0.040803 0.017495 0.007196 0.002843 0.001081 0.000398 0.000143 0.000052 0.000020 0.000010 0.000006 0.000005 0.000005 0.000005 0.000005 0.000005 0.000005 0.000005 0.000005 0.000005 0.000005 0.000005 0.000005 0.000005 0.000005 0.000005 0.000005 0.000005 0.000005 0.000004 0.000004 0.000003 0.000003 0.000002 0.000001 0.000000 
50.000000 40.321545 31.212027 23.140220 16.403902 11.105709 7.175270 4.422408 2.600046 1.458447 0.780845 0.399258 0.195102 0.091188 0.040800 0.017492 0.007193 0.002840 0.001078 0.000395 0.000140 0.000049 0.000017 0.000007 0.000003 0.000002 0.000002 0.000002 0.000002 0.000002 0.000002 0.000002 0.000002 0.000002 0.000002 0.000002 0.000002 0.000002 0.000002 0.000002 0.000002 0.000002 0.000002 0.000002 0.000002 0.000001 0.000001 0.000001 0.000000 0.000000 
50.000000 40.321545 31.212027 23.140220 16.403902 11.105709 7.175270 4.422408 2.600046 1.458447 0.780845 0.399258 0.195102 0.091188 0.040800 0.017492 0.007193 0.002840 0.001078 0.000395 0.000140 0.000049 0.000017 0.000007 0.000003 0.000002 0.000002 0.000002 0.000002 0.000002 0.000002 0.000002 0.000002 0.000002 0.000002 0.000002 0.000002 0.000002 0.000002 0.000002 0.000002 0.000002 0.000002 0.000002 0.000002 0.000001 0.000001 0.000001 0.000000 0.000000 
50.000000 40.321545 31.212029 23.140222 16.403904 11.105711 7.175272 4.422411 2.600049 1.458450 0.780848 0.399261 0.195105 0.091191 0.040803 0.017495 0.007196 0.002843 0.001081 0.000398 0.000143 0.000052 0.000020 0.000010 0.000006 0.000005 0.000005 0.000005 0.000005 0.000005 0.000005 0.000005 0.000005 0.000005 0.000005 0.000005 0.000005 0.000005 0.000005 0.000005 0.000005 0.000005 0.000005 0.000004 0.000004 0.000003 0.000003 0.000002 0.000001 0.000000 
50.000000 40.321547 31.212033 23.140227 16.403911 11.105719 7.175281 4.422420 2.600058 1.458460 0.780859 0.399272 0.195116 0.091202 0.040814 0.017505 0.007206 0.002854 0.001092 0.000408 0.000153 0.000062 0.000031 0.000020 0.000017 0.000016 0.000015 0.000015 0.000015 0.000015 0.000015 0.000015 0.000015 0.000015 0.000015 0.000015 0.000015 0.000015 0.000015 0.000015 0.000015 0.000015 0.000014 0.000013 0.000012 0.000011 0.000009 0.000006 0.000003 0.000000 
50.000000 40.321553 31.212044 23.140244 16.403932 11.105744 7.175308 4.422449 2.600088 1.458491 0.780890 0.399303 0.195147 0.091233 0.040845 0.017537 0.007238 0.002885 0.001123 0.000439 0.000185 0.000093 0.000062 0.000051 0.000048 0.000047 0.000047 0.000047 0.000047 0.000047 0.000047 0.000047 0.000047 0.000047 0.000047 0.000047 0.000047 0.000047 0.000046 0.000046 0.000046 0.000045 0.000043 0.000041 0.000037 0.000033 0.000026 0.000018 0.000010 0.000000 
50.000000 40.321571 31.212079 23.140293 16.403994 11.105815 7.175386 4.422532 2.600175 1.458579 0.780979 0.399393 0.195238 0.091324 0.040936 0.017628 0.007329 0.002976 0.001214 0.000531 0.000276 0.000185 0.000153 0.000143 0.000139 0.000138 0.000138 0.000138 0.000138 0.000138 0.000138 0.000138 0.000138 0.000138 0.000138 0.000138 0.000138 0.000138 0.000137 0.000136 0.000135 0.000132 0.000128 0.000121 0.000111 0.000096 0.000077 0.000055 0.000028 0.000000 
50.000000 40.321621 31.212175 23.140431 16.404165 11.106014 7.175605 4.422765 2.600417 1.458827 0.781230 0.399646 0.195492 0.091578 0.041191 0.017883 0.007584 0.003231 0.001469 0.000785 0.000531 0.000439 0.000408 0.000397 0.000394 0.000393 0.000393 0.000393 0.000393 0.000393 0.000393 0.000393 0.000393 0.000393 0.000393 0.000393 0.000392 0.000392 0.000391 0.000388 0.000384 0.000377 0.000364 0.000345 0.000315 0.000275 0.000221 0.000156 0.000081 0.000000 
50.000000 40.321754 31.212433 23.140800 16.404626 11.106547 7.176192 4.423389 2.601066 1.459491 0.781904 0.400325 0.196173 0.092261 0.041874 0.018566 0.008267 0.003915 0.002153 0.001469 0.001214 0.001123 0.001092 0.001081 0.001078 0.001077 0.001077 0.001077 0.001076 0.001076 0.001076 0.001076 0.001076 0.001076 0.001076 0.001076 0.001075 0.001074 0.001071 0.001065 0.001053 0.001033 0.001000 0.000946 0.000866 0.000755 0.000608 0.000428 0.000222 0.000000 
50.000000 40.322096 31.213098 23.141750 16.405814 11.107921 7.177704 4.424998 2.602738 1.461203 0.783639 0.402073 0.197928 0.094020 0.043634 0.020328 0.010029 0.005676 0.003915 0.003231 0.002976 0.002885 0.002854 0.002843 0.002840 0.002839 0.002838 0.002838 0.002838 0.002838 0.002838 0.002838 0.002838 0.002838 0.002838 0.002837 0.002835 0.002832 0.002824 0.002808 0.002779 0.002727 0.002639 0.002499 0.002290 0.001997 0.001610 0.001134 0.000587 0.000000 
50.000000 40.322942 31.214739 23.144095 16.408747 11.111315 7.181439 4.428971 2.606868 1.465431 0.787925 0.406392 0.202264 0.098365 0.047984 0.024679 0.014381 0.010029 0.008267 0.007584 0.007329 0.007238 0.007206 0.007196 0.007193 0.007192 0.007191 0.007191 0.007191 0.007191 0.007191 0.007191 0.007191 0.007191 0.007190 0.007188 0.007184 0.007174 0.007155 0.007117 0.007044 0.006914 0.006694 0.006344 0.005818 0.005076 0.004097 0.002889 0.001496 0.000000 
50.000000 40.324942 31.218621 23.149644 16.415684 11.119342 7.190274 4.438370 2.616639 1.475435 0.798067 0.416611 0.212525 0.108646 0.058275 0.034975 0.024679 0.020328 0.018566 0.017883 0.017628 0.017537 0.017505 0.017495 0.017492 0.017491 0.017490 0.017490 0.017490 0.017490 0.017490 0.017490 0.017490 0.017489 0.017487 0.017483 0.017473 0.017451 0.017406 0.017314 0.017142 0.016832 0.016306 0.015464 0.014195 0.012398 0.010017 0.007068 0.003662 0.000000 
50.000000 40.329467 31.227404 23.162196 16.431379 11.137506 7.210265 4.459638 2.638751 1.498074 0.821018 0.439737 0.235744 0.131913 0.081565 0.058275 0.047984 0.043634 0.041874 0.041191 0.040936 0.040845 0.040814 0.040803 0.040800 0.040799 0.040799 0.040798 0.040798 0.040798 0.040798 0.040798 0.040797 0.040796 0.040792 0.040782 0.040760 0.040711 0.040609 0.040403 0.040012 0.039307 0.038104 0.036168 0.033235 0.029063 0.023509 0.016604 0.008608 0.000000 
50.000000 40.339246 31.246384 23.189323 16.465299 11.176762 7.253474 4.505611 2.686549 1.547013 0.870632 0.489730 0.285940 0.182211 0.131913 0.108646 0.098365 0.094020 0.092261 0.091578 0.091324 0.091233 0.091202 0.091191 0.091188 0.091187 0.091186 0.091186 0.091186 0.091186 0.091186 0.091186 0.091184 0.091181 0.091173 0.091153 0.091106 0.091002 0.090782 0.090340 0.089496 0.087965 0.085339 0.081087 0.074606 0.065336 0.052926 0.037428 0.019421 0.000000 
50.000000 40.359405 31.285512 23.245250 16.535234 11.257702 7.342567 4.600406 2.785113 1.647932 0.972947 0.592828 0.389456 0.285940 0.235744 0.212525 0.202264 0.197928 0.196173 0.195492 0.195238 0.195147 0.195116 0.195105 0.195102 0.195101 0.195101 0.195100 0.195100 0.195100 0.195100 0.195099 0.195097 0.195090 0.195073 0.195033 0.194938 0.194728 0.194282 0.193380 0.191647 0.188484 0.183023 0.174119 0.160452 0.140762 0.114230 0.080908 0.042029 0.000000 
50.000000 40.398997 31.362359 23.355094 16.672596 11.416689 7.517578 4.786625 2.978740 1.846193 1.173952 0.795377 0.592828 0.489730 0.439737 0.416611 0.406392 0.402073 0.400325 0.399646 0.399393 0.399303 0.399271 0.399261 0.399258 0.399257 0.399256 0.399256 0.399256 0.399256 0.399255 0.399254 0.399249 0.399237 0.399205 0.399128 0.398948 0.398546 0.397688 0.395944 0.392568 0.386366 0.375573 0.357832 0.330366 0.290458 0.236243 0.167666 0.087219 0.000000 
50.000000 40.472973 31.505950 23.560346 16.929279 11.713791 7.844639 5.134646 3.340619 2.216741 1.549639 1.173952 0.972947 0.870632 0.821018 0.798067 0.787925 0.783639 0.781904 0.781230 0.780979 0.780890 0.780859 0.780848 0.780845 0.780844 0.780844 0.780844 0.780843 0.780843 0.780842 0.780839 0.780831 0.780809 0.780753 0.780615 0.780292 0.779566 0.778008 0.774819 0.768603 0.757089 0.736874 0.703319 0.650838 0.573780 0.468027 0.333036 0.173566 0.000000 
50.000000 40.604296 31.760857 23.924727 17.384978 12.241273 8.425332 5.752576 3.983176 2.874708 2.216741 1.846193 1.647932 1.547013 1.498074 1.475435 1.465431 1.461203 1.459491 1.458827 1.458579 1.458491 1.458460 1.458450 1.458447 1.458446 1.458445 1.458445 1.458445 1.458444 1.458443 1.458438 1.458424 1.458387 1.458293 1.458062 1.457517 1.456285 1.453625 1.448138 1.437354 1.417193 1.381423 1.321367 1.226265 1.084813 0.888178 0.634200 0.331357 0.000000 
50.000000 40.825481 32.190201 24.538473 18.152566 13.129802 9.403532 6.793540 5.065657 3.983176 3.340619 2.978740 2.785113 2.686549 2.638751 2.616639 2.606868 2.602738 2.601066 2.600417 2.600175 2.600088 2.600058 2.600049 2.600045 2.600044 2.600044 2.600044 2.600044 2.600043 2.600040 2.600032 2.600011 2.599954 2.599807 2.599445 2.598584 2.596629 2.592374 2.583530 2.565983 2.532829 2.473292 2.371966 2.209093 1.962918 1.615037 1.158667 0.607522 0.000000 
50.000000 41.178472 32.875405 25.517997 19.377653 14.547965 10.964868 8.455107 6.793540 5.752576 5.134646 4.786625 4.600406 4.505611 4.459638 4.438370 4.428971 4.424998 4.423389 4.422765 4.422532 4.422449 4.422420 4.422411 4.422408 4.422407 4.422407 4.422406 4.422406 4.422405 4.422401 4.422390 4.422359 4.422277 4.422064 4.421534 4.420272 4.417383 4.411052 4.397772 4.371153 4.320248 4.227554 4.067249 3.804854 3.400228 2.816163 2.033770 1.071871 0.000000 
50.000000 41.711577 33.910248 26.997375 21.227956 16.689943 13.323167 10.964868 9.403532 8.425332 7.844639 7.517578 7.342567 7.253474 7.210265 7.190274 7.181439 7.177704 7.176192 7.175605 7.175386 7.175308 7.175281 7.175272 7.175269 7.175268 7.175268 7.175268 7.175267 7.175265 7.175260 7.175246 7.175205 7.175095 7.174809 7.174097 7.172387 7.168448 7.159746 7.141319 7.103965 7.031566 6.897620 6.661583 6.266662 5.642194 4.715470 3.438019 1.826306 0.000000 
50.000000 42.472570 35.387479 29.109216 23.869364 19.747812 16.689943 14.547965 13.129802 12.241273 11.713791 11.416689 11.257702 11.176762 11.137506 11.119342 11.111315 11.107921 11.106547 11.106014 11.105815 11.105744 11.105719 11.105711 11.105708 11.105708 11.105707 11.105707 11.105706 11.105704 11.105698 11.105681 11.105631 11.105497 11.105147 11.104271 11.102156 11.097251 11.086323 11.062953 11.015007 10.920710 10.743111 10.423281 9.873906 8.977521 7.597966 5.618916 3.023223 0.000000 
50.000000 43.498204 37.378448 31.955540 27.429506 23.869364 21.227956 19.377653 18.152566 17.384978 16.929279 16.672596 16.535234 16.465299 16.431379 16.415684 16.408747 16.405814 16.404626 16.404165 16.403994 16.403932 16.403911 16.403904 16.403902 16.403901 16.403901 16.403900 16.403900 16.403897 16.403891 16.403872 16.403817 16.403670 16.403285 16.402316 16.399963 16.394472 16.382139 16.355499 16.300165 16.189648 15.977425 15.585762 14.891843 13.714753 11.814440 8.930194 4.912312 0.000000 
50.000000 44.802049 39.909505 35.574031 31.955540 29.109216 26.997375 25.517997 24.538473 23.924727 23.560346 23.355094 23.245250 23.189323 23.162196 23.149644 23.144095 23.141750 23.140800 23.140431 23.140293 23.140244 23.140227 23.140222 23.140220 23.140219 23.140219 23.140219 23.140218 23.140216 23.140210 23.140191 23.140139 23.139998 23.139627 23.138687 23.136398 23.131020 23.118851 23.092319 23.036549 22.923436 22.701834 22.281906 21.511250 20.141100 17.787016 13.915197 7.974040 0.000000 
50.000000 46.364218 42.942046 39.909505 37.378448 35.387479 33.910248 32.875405 32.190201 31.760857 31.505950 31.362359 31.285512 31.246384 31.227404 31.218621 31.214739 31.213098 31.212433 31.212175 31.212079 31.212044 31.212033 31.212029 31.212027 31.212027 31.212027 31.212027 31.212026 31.212024 31.212019 31.212005 31.211963 31.211851 31.211554 31.210800 31.208956 31.204603 31.194693 31.172914 31.126657 31.031534 30.841635 30.472230 29.768563 28.448254 25.994308 21.471023 13.326976 0.000000 
50.000000 48.127092 46.364218 44.802049 43.498204 42.472570 41.711577 41.178472 40.825481 40.604296 40.472973 40.398997 40.359405 40.339246 40.329467 40.324942 40.322942 40.322096 40.321754 40.321621 40.321571 40.321553 40.321547 40.321545 40.321544 40.321544 40.321544 40.321544 40.321544 40.321543 40.321540 40.321532 40.321509 40.321446 40.321280 40.320859 40.319825 40.317376 40.311778 40.299407 40.272939 40.217959 40.106601 39.885271 39.449347 38.585892 36.828009 33.037242 24.063546 0.000000 
50.000000 50.000000 50.000000 50.000000 50.000000 50.000000 50.000000 50.000000 50.000000 50.000000 50.000000 50.000000 50.000000 50.000000 50.000000 50.000000 50.000000 50.000000 50.000000 50.000000 50.000000 50.000000 50.000000 50.000000 50.000000 50.000000 50.000000 50.000000 50.000000 50.000000 50.000000 50.000000 50.000000 50.000000 50.000000 50.000000 50.000000 50.000000 50.000000 50.000000 50.000000 50.000000 50.000000 50.000000 50.000000 50.000000 50.000000 50.000000 50.000000 50.000000 
