50.000000 50.000000 50.000000 50.000000 50.000000 50.000000 50.000000 50.000000 50.000000 50.000000 50.000000 50.000000 50.000000 50.000000 50.000000 50.000000 50.000000 50.000000 50.000000 50.000000 50.000000 50.000000 50.000000 50.000000 50.000000 50.000000 50.000000 50.000000 50.000000 50.000000 50.000000 50.000000 50.000000 50.000000 50.000000 50.000000 50.000000 50.000000 50.000000 50.000000 50.000000 50.000000 50.000000 50.000000 50.000000 50.000000 50.000000 50.000000 50.000000 50.000000 
50.000000 48.922192 47.880851 46.908744 46.031867 45.267473 44.623424 44.098829 43.685656 43.370915 43.138957 42.973517 42.859285 42.782901 42.733417 42.702349 42.683436 42.672268 42.665869 42.662310 42.660386 42.659377 42.658861 42.658605 42.658480 42.658419 42.658385 42.658356 42.658315 42.658234 42.658069 42.657735 42.657069 42.655772 42.653300 42.648693 42.640284 42.625236 42.598805 42.553134 42.475299 42.343976 42.123484 41.752332 41.119193 40.007171 37.949686 33.813946 24.461096 0.000000 
50.000000 47.880851 45.833402 43.922080 42.197999 40.695078 39.428779 38.397346 37.584988 36.966165 36.510104 36.184829 35.960237 35.810056 35.712767 35.651684 35.614499 35.592543 35.579962 35.572964 35.569183 35.567198 35.566185 35.565681 35.565436 35.565315 35.565249 35.565194 35.565115 35.564963 35.564653 35.564025 35.562776 35.560345 35.555722 35.547121 35.531459 35.503523 35.454644 35.370622 35.228421 34.990799 34.597317 33.948582 32.877400 31.094068 28.082219 22.916701 14.066905 0.000000 
50.000000 46.908744 43.922080 41.133993 38.619042 36.426707 34.579542 33.074985 31.889999 30.987327 30.322078 29.847608 29.520003 29.300942 29.159031 29.069933 29.015695 28.983669 28.965319 28.955112 28.949597 28.946702 28.945224 28.944490 28.944132 28.943957 28.943862 28.943785 28.943677 28.943470 28.943051 28.942202 28.940516 28.937244 28.931036 28.919523 28.898640 28.861567 28.797092 28.687118 28.502874 28.199161 27.705526 26.912687 25.651782 23.664394 20.566996 15.839862 8.959058 0.000000 
50.000000 46.031867 42.197999 38.619042 35.390707 32.576510 30.205402 28.274091 26.753004 25.594311 24.740388 24.131356 23.710843 23.429661 23.247509 23.133146 23.063530 23.022424 22.998871 22.985770 22.978692 22.974976 22.973080 22.972137 22.971679 22.971456 22.971336 22.971242 22.971115 22.970875 22.970390 22.969411 22.967471 22.963717 22.956619 22.943509 22.919845 22.878088 22.806009 22.684219 22.482621 22.155436 21.634407 20.819954 19.570821 17.695353 14.954647 11.103931 6.024697 0.000000 
50.000000 45.267473 40.695078 36.426707 32.576510 29.220239 26.392419 24.089122 22.275073 20.893226 19.874855 19.148542 18.647057 18.311735 18.094513 17.958135 17.875117 17.826099 17.798013 17.782391 17.773951 17.769521 17.767259 17.766136 17.765590 17.765325 17.765185 17.765081 17.764945 17.764693 17.764188 17.763171 17.761162 17.757287 17.749990 17.736575 17.712498 17.670303 17.598075 17.477284 17.279886 16.964619 16.472636 15.723060 14.610120 13.005689 10.774925 7.817678 4.148280 0.000000 
50.000000 44.623424 39.428779 34.579542 30.205402 26.392419 23.179815 20.563123 18.502264 16.932424 15.775519 14.950411 14.380720 13.999795 13.753036 13.598115 13.503812 13.448131 13.416228 13.398483 13.388896 13.383864 13.381295 13.380019 13.379400 13.379101 13.378946 13.378836 13.378701 13.378457 13.377971 13.376995 13.375076 13.371387 13.364470 13.351821 13.329257 13.290000 13.223386 13.113155 12.935302 12.655640 12.227428 11.589907 10.669359 9.385448 7.666855 5.480197 2.871092 0.000000 
50.000000 44.098829 38.397346 33.074985 28.274091 24.089122 20.563123 17.691188 15.429323 13.706383 12.436662 11.531105 10.905875 10.487819 10.217011 10.046993 9.943502 9.882397 9.847388 9.827914 9.817395 9.811872 9.809054 9.807654 9.806976 9.806649 9.806484 9.806373 9.806246 9.806024 9.805585 9.804710 9.802994 9.799710 9.793581 9.782433 9.762672 9.728545 9.671140 9.577126 9.427287 9.195080 8.845594 8.335695 7.616486 6.639684 5.369459 3.800028 1.975344 0.000000 
50.000000 43.685656 37.584988 31.889999 26.753004 22.275073 18.502264 15.429323 13.009168 11.165670 9.807117 8.838216 8.169259 7.721971 7.432231 7.250330 7.139607 7.074234 7.036779 7.015946 7.004692 6.998784 6.995770 6.994273 6.993547 6.993200 6.993027 6.992919 6.992804 6.992613 6.992239 6.991498 6.990051 6.987293 6.982171 6.972904 6.956581 6.928597 6.881923 6.806232 6.686970 6.504584 6.234243 5.846624 5.310454 4.597568 3.690839 2.594189 1.341679 0.000000 
50.000000 43.370915 36.966165 30.987327 25.594311 20.893226 16.932424 13.706383 11.165670 9.230356 7.804153 6.787015 6.084762 5.615217 5.311063 5.120116 5.003888 4.935265 4.895949 4.874081 4.862268 4.856068 4.852904 4.851333 4.850572 4.850210 4.850033 4.849928 4.849828 4.849670 4.849368 4.848772 4.847614 4.845416 4.841353 4.834043 4.821244 4.799457 4.763410 4.705489 4.615178 4.478699 4.279095 3.997122 3.613340 3.111690 2.484452 1.737744 0.895616 0.000000 
50.000000 43.138957 36.510104 30.322078 24.740388 19.874855 15.775519 12.436662 9.807117 7.804153 6.328110 5.275435 4.548654 4.062714 3.747944 3.550335 3.430053 3.359038 3.318352 3.295722 3.283498 3.277082 3.273808 3.272183 3.271396 3.271023 3.270843 3.270743 3.270658 3.270533 3.270299 3.269842 3.268959 3.267289 3.264217 3.258719 3.249149 3.232967 3.206394 3.164055 3.098665 3.000886 2.859537 2.662364 2.397571 2.056169 1.634960 1.139482 0.585823 0.000000 
50.000000 42.973517 36.184829 29.847608 24.131356 19.148542 14.950411 11.531105 8.838216 6.787015 5.275435 4.197426 3.453159 2.955533 2.633196 2.430839 2.307668 2.234948 2.193286 2.170114 2.157597 2.151027 2.147675 2.146011 2.145206 2.144826 2.144645 2.144549 2.144477 2.144381 2.144208 2.143873 2.143228 2.142015 2.139793 2.135836 2.128988 2.117480 2.098713 2.069042 2.023605 1.956293 1.859964 1.727025 1.550467 1.325347 1.050516 0.730185 0.374712 0.000000 
50.000000 42.859285 35.960237 29.520003 23.710843 18.647057 14.380720 10.905875 8.169259 6.084762 4.548654 3.453159 2.696827 2.191137 1.863579 1.657946 1.532782 1.458887 1.416551 1.393005 1.380286 1.373610 1.370204 1.368514 1.367697 1.367311 1.367129 1.367038 1.366977 1.366904 1.366781 1.366545 1.366094 1.365249 1.363707 1.360975 1.356272 1.348413 1.335680 1.315688 1.285305 1.240662 1.177330 1.090720 0.976754 0.832756 0.658436 0.456714 0.234049 0.000000 
50.000000 42.782901 35.810056 29.300942 23.429661 18.311735 13.999795 10.487819 7.721971 5.615217 4.062714 2.955533 2.191137 1.680058 1.349012 1.141190 1.014696 0.940015 0.897230 0.873434 0.860580 0.853834 0.850392 0.848683 0.847858 0.847469 0.847288 0.847200 0.847147 0.847093 0.847007 0.846848 0.846544 0.845978 0.844950 0.843136 0.840029 0.834865 0.826545 0.813565 0.793972 0.765390 0.725147 0.670538 0.599236 0.509816 0.402301 0.278597 0.142617 0.000000 
50.000000 42.733417 35.712767 29.159031 23.247509 18.094513 13.753036 10.217011 7.432231 5.311063 3.747944 2.633196 1.863579 1.349012 1.015708 0.806470 0.679115 0.603926 0.560850 0.536892 0.523951 0.517159 0.513693 0.511974 0.511143 0.510752 0.510571 0.510486 0.510439 0.510398 0.510341 0.510236 0.510039 0.509674 0.509014 0.507854 0.505876 0.502604 0.497360 0.489226 0.477020 0.459327 0.434578 0.401216 0.357939 0.304000 0.239508 0.165646 0.084724 0.000000 
50.000000 42.702349 35.651684 29.069933 23.133146 17.958135 13.598115 10.046994 7.250330 5.120116 3.550335 2.430839 1.657946 1.141191 0.806470 0.596344 0.468448 0.392940 0.349682 0.325624 0.312628 0.305807 0.302327 0.300600 0.299766 0.299374 0.299193 0.299109 0.299067 0.299036 0.298997 0.298931 0.298808 0.298581 0.298172 0.297456 0.296240 0.294238 0.291046 0.286118 0.278763 0.268160 0.253412 0.233645 0.208145 0.176527 0.138897 0.095962 0.049049 0.000000 
50.000000 42.683436 35.614499 29.015695 23.063530 17.875117 13.503812 9.943502 7.139608 5.003888 3.430053 2.307669 1.532783 1.014696 0.679115 0.468448 0.340224 0.264523 0.221154 0.197033 0.184004 0.177166 0.173677 0.171946 0.171110 0.170717 0.170536 0.170454 0.170415 0.170390 0.170364 0.170323 0.170249 0.170112 0.169868 0.169441 0.168719 0.167534 0.165654 0.162764 0.158472 0.152314 0.143792 0.132425 0.117830 0.099813 0.078451 0.054154 0.027664 0.000000 
50.000000 42.672268 35.592543 28.983670 23.022424 17.826100 13.448131 9.882398 7.074234 4.935265 3.359038 2.234949 1.458887 0.940016 0.603926 0.392941 0.264523 0.188708 0.145273 0.121117 0.108068 0.101219 0.097725 0.095992 0.095155 0.094761 0.094581 0.094499 0.094461 0.094441 0.094423 0.094398 0.094355 0.094275 0.094134 0.093887 0.093472 0.092794 0.091722 0.090080 0.087652 0.084184 0.079404 0.073056 0.064938 0.054953 0.043154 0.029767 0.015199 0.000000 
50.000000 42.665869 35.579962 28.965320 22.998872 17.798015 13.416229 9.847389 7.036780 4.895950 3.318353 2.193288 1.416553 0.897232 0.560851 0.349684 0.221155 0.145274 0.101803 0.077625 0.064565 0.057711 0.054214 0.052479 0.051641 0.051247 0.051067 0.050986 0.050949 0.050931 0.050919 0.050904 0.050879 0.050834 0.050754 0.050617 0.050386 0.050010 0.049417 0.048512 0.047180 0.045284 0.042680 0.039235 0.034845 0.029462 0.023119 0.015937 0.008135 0.000000 
50.000000 42.662310 35.572965 28.955113 22.985772 17.782394 13.398486 9.827918 7.015949 4.874085 3.295726 2.170118 1.393009 0.873438 0.536896 0.325627 0.197037 0.121120 0.077628 0.053439 0.040373 0.033515 0.030016 0.028280 0.027442 0.027048 0.026868 0.026787 0.026752 0.026735 0.026725 0.026716 0.026702 0.026677 0.026634 0.026560 0.026435 0.026232 0.025914 0.025431 0.024721 0.023714 0.022336 0.020518 0.018208 0.015385 0.012064 0.008313 0.004241 0.000000 
50.000000 42.660388 35.569186 28.949601 22.978698 17.773958 13.388904 9.817403 7.004701 4.862278 3.283508 2.157607 1.380296 0.860590 0.523961 0.312638 0.184014 0.108078 0.064574 0.040379 0.027310 0.020450 0.016950 0.015214 0.014376 0.013982 0.013802 0.013721 0.013686 0.013670 0.013662 0.013656 0.013648 0.013635 0.013612 0.013573 0.013507 0.013402 0.013236 0.012985 0.012617 0.012097 0.011387 0.010454 0.009271 0.007829 0.006136 0.004226 0.002156 0.000000 
50.000000 42.659381 35.567205 28.946713 22.974990 17.769537 13.383882 9.811893 6.998806 4.856091 3.277105 2.151051 1.373635 0.853858 0.517184 0.305832 0.177191 0.101244 0.057734 0.033536 0.020465 0.013605 0.010104 0.008368 0.007530 0.007136 0.006955 0.006875 0.006840 0.006824 0.006817 0.006813 0.006808 0.006801 0.006790 0.006770 0.006736 0.006683 0.006598 0.006471 0.006286 0.006024 0.005668 0.005200 0.004609 0.003890 0.003047 0.002098 0.001070 0.000000 
50.000000 42.658871 35.566203 28.945250 22.973114 17.767299 13.381340 9.809104 6.995822 4.852959 3.273864 2.147733 1.370263 0.850451 0.513753 0.302386 0.173737 0.097785 0.054272 0.030072 0.017000 0.010139 0.006639 0.004902 0.004064 0.003670 0.003490 0.003409 0.003374 0.003359 0.003353 0.003349 0.003346 0.003343 0.003337 0.003327 0.003310 0.003283 0.003241 0.003178 0.003085 0.002956 0.002780 0.002549 0.002258 0.001905 0.001492 0.001027 0.000523 0.000000 
50.000000 42.658627 35.565723 28.944551 22.972216 17.766229 13.380125 9.807770 6.994396 4.851462 3.272315 2.146146 1.368651 0.848822 0.512113 0.300740 0.172086 0.096131 0.052617 0.028416 0.015344 0.008483 0.004983 0.003246 0.002407 0.002013 0.001833 0.001753 0.001718 0.001703 0.001697 0.001694 0.001692 0.001690 0.001686 0.001681 0.001673 0.001659 0.001637 0.001605 0.001558 0.001492 0.001402 0.001285 0.001138 0.000960 0.000751 0.000517 0.000263 0.000000 
50.000000 42.658530 35.565533 28.944273 22.971860 17.765804 13.379642 9.807240 6.993829 4.850867 3.271700 2.145516 1.368010 0.848175 0.511461 0.300085 0.171430 0.095474 0.051960 0.027759 0.014686 0.007825 0.004325 0.002588 0.001749 0.001355 0.001175 0.001095 0.001060 0.001045 0.001039 0.001036 0.001034 0.001033 0.001031 0.001027 0.001022 0.001014 0.001000 0.000980 0.000951 0.000911 0.000856 0.000784 0.000694 0.000585 0.000458 0.000315 0.000160 0.000000 
50.000000 42.658530 35.565533 28.944273 22.971860 17.765804 13.379642 9.807240 6.993829 4.850867 3.271700 2.145516 1.368010 0.848175 0.511461 0.300085 0.171430 0.095474 0.051960 0.027759 0.014686 0.007825 0.004325 0.002588 0.001749 0.001355 0.001175 0.001095 0.001060 0.001045 0.001039 0.001036 0.001034 0.001033 0.001031 0.001027 0.001022 0.001014 0.001000 0.000980 0.000951 0.000911 0.000856 0.000784 0.000694 0.000585 0.000458 0.000315 0.000160 0.000000 
50.000000 42.658627 35.565723 28.944551 22.972216 17.766229 13.380125 9.807770 6.994396 4.851462 3.272315 2.146146 1.368651 0.848822 0.512113 0.300740 0.172086 0.096131 0.052617 0.028416 0.015344 0.008483 0.004983 0.003246 0.002407 0.002013 0.001833 0.001753 0.001718 0.001703 0.001697 0.001694 0.001692 0.001690 0.001686 0.001681 0.001673 0.001659 0.001637 0.001605 0.001558 0.001492 0.001402 0.001285 0.001138 0.000960 0.000751 0.000517 0.000263 0.000000 
50.000000 42.658871 35.566203 28.945250 22.973114 17.767299 13.381340 9.809104 6.995822 4.852959 3.273864 2.147733 1.370263 0.850451 0.513753 0.302386 0.173737 0.097785 0.054272 0.030072 0.017000 0.010139 0.006639 0.004902 0.004064 0.003670 0.003490 0.003409 0.003374 0.003359 0.003353 0.003349 0.003346 0.003343 0.003337 0.003327 0.003310 0.003283 0.003241 0.003178 0.003085 0.002956 0.002780 0.002549 0.002258 0.001905 0.001492 0.001027 0.000523 0.000000 
50.000000 42.659381 35.567205 28.946713 22.974990 17.769537 13.383882 9.811893 6.998806 4.856091 3.277105 2.151051 1.373635 0.853858 0.517184 0.305832 0.177191 0.101244 0.057734 0.033536 0.020465 0.013605 0.010104 0.008368 0.007530 0.007136 0.006955 0.006875 0.006840 0.006824 0.006817 0.006813 0.006808 0.006801 0.006790 0.006770 0.006736 0.006683 0.006598 0.006471 0.006286 0.006024 0.005668 0.005200 0.004609 0.003890 0.003047 0.002098 0.001070 0.000000 
50.000000 42.660388 35.569186 28.949601 22.978698 17.773958 13.388904 9.817403 7.004701 4.862278 3.283508 2.157607 1.380296 0.860590 0.523961 0.312638 0.184014 0.108078 0.064574 0.040379 0.027310 0.020450 0.016950 0.015214 0.014376 0.013982 0.013802 0.013721 0.013686 0.013670 0.013662 0.013656 0.013648 0.013635 0.013612 0.013573 0.013507 0.013402 0.013236 0.012985 0.012617 0.012097 0.011387 0.010454 0.009271 0.007829 0.006136 0.004226 0.002156 0.000000 
50.000000 42.662310 35.572965 28.955113 22.985772 17.782394 13.398486 9.827918 7.015949 4.874085 3.295726 2.170118 1.393009 0.873438 0.536896 0.325627 0.197037 0.121120 0.077628 0.053439 0.040373 0.033515 0.030016 0.028280 0.027442 0.027048 0.026868 0.026787 0.026752 0.026735 0.026725 0.026716 0.026702 0.026677 0.026634 0.026560 0.026435 0.026232 0.025914 0.025431 0.024721 0.023714 0.022336 0.020518 0.018208 0.015385 0.012064 0.008313 0.004241 0.000000 
50.000000 42.665869 35.579962 28.965320 22.998872 17.798015 13.416229 9.847389 7.036780 4.895950 3.318353 2.193288 1.416553 0.897232 0.560851 0.349684 0.221155 0.145274 0.101803 0.077625 0.064565 0.057711 0.054214 0.052479 0.051641 0.051247 0.051067 0.050986 0.050949 0.050931 0.050919 0.050904 0.050879 0.050834 0.050754 0.050617 0.050386 0.050010 0.049417 0.048512 0.047180 0.045284 0.042680 0.039235 0.034845 0.029462 0.023119 0.015937 0.008135 0.000000 
50.000000 42.672268 35.592543 28.983670 23.022424 17.826100 13.448131 9.882398 7.074234 4.935265 3.359038 2.234949 1.458887 0.940016 0.603926 0.392941 0.264523 0.188708 0.145273 0.121117 0.108068 0.101219 0.097725 0.095992 0.095155 0.094761 0.094581 0.094499 0.094461 0.094441 0.094423 0.094398 0.094355 0.094275 0.094134 0.093887 0.093472 0.092794 0.091722 0.090080 0.087652 0.084184 0.079404 0.073056 0.064938 0.054953 0.043154 0.029767 0.015199 0.000000 
50.000000 42.683436 35.614499 29.015695 23.063530 17.875117 13.503812 9.943502 7.139608 5.003888 3.430053 2.307669 1.532783 1.014696 0.679115 0.468448 0.340224 0.264523 0.221154 0.197033 0.184004 0.177166 0.173677 0.171946 0.171110 0.170717 0.170536 0.170454 0.170415 0.170390 0.170364 0.170323 0.170249 0.170112 0.169868 0.169441 0.168719 0.167534 0.165654 0.162764 0.158472 0.152314 0.143792 0.132425 0.117830 0.099813 0.078451 0.054154 0.027664 0.000000 
50.000000 42.702349 35.651684 29.069933 23.133146 17.958135 13.598115 10.046994 7.250330 5.120116 3.550335 2.430839 1.657946 1.141191 0.806470 0.596344 0.468448 0.392940 0.349682 0.325624 0.312628 0.305807 0.302327 0.300600 0.299766 0.299374 0.299193 0.299109 0.299067 0.299036 0.298997 0.298931 0.298808 0.298581 0.298172 0.297456 0.296240 0.294238 0.291046 0.286118 0.278763 0.268160 0.253412 0.233645 0.208145 0.176527 0.138897 0.095962 0.049049 0.000000 
50.000000 42.733417 35.712767 29.159031 23.247509 18.094513 13.753036 10.217011 7.432231 5.311063 3.747944 2.633196 1.863579 1.349012 1.015708 0.806470 0.679115 0.603926 0.560850 0.536892 0.523951 0.517159 0.513693 0.511974 0.511143 0.510752 0.510571 0.510486 0.510439 0.510398 0.510341 0.510236 0.510039 0.509674 0.509014 0.507854 0.505876 0.502604 0.497360 0.489226 0.477020 0.459327 0.434578 0.401216 0.357939 0.304000 0.239508 0.165646 0.084724 0.000000 
50.000000 42.782901 35.810056 29.300942 23.429661 18.311735 13.999795 10.487819 7.721971 5.615217 4.062714 2.955533 2.191137 1.680058 1.349012 1.141190 1.014696 0.940015 0.897230 0.873434 0.860580 0.853834 0.850392 0.848683 0.847858 0.847469 0.847288 0.847200 0.847147 0.847093 0.847007 0.846848 0.846544 0.845978 0.844950 0.843136 0.840029 0.834865 0.826545 0.813565 0.793972 0.765390 0.725147 0.670538 0.599236 0.509816 0.402301 0.278597 0.142617 0.000000 
50.000000 42.859285 35.960237 29.520003 23.710843 18.647057 14.380720 10.905875 8.169259 6.084762 4.548654 3.453159 2.696827 2.191137 1.863579 1.657946 1.532782 1.458887 1.416551 1.393005 1.380286 1.373610 1.370204 1.368514 1.367697 1.367311 1.367129 1.367038 1.366977 1.366904 1.366781 1.366545 1.366094 1.365249 1.363707 1.360975 1.356272 1.348413 1.335680 1.315688 1.285305 1.240662 1.177330 1.090720 0.976754 0.832756 0.658436 0.456714 0.234049 0.000000 
50.000000 42.973517 36.184829 29.847608 24.131356 19.148542 14.950411 11.531105 8.838216 6.787015 5.275435 4.197426 3.453159 2.955533 2.633196 2.430839 2.307668 2.234948 2.193286 2.170114 2.157597 2.151027 2.147675 2.146011 2.145206 2.144826 2.144645 2.144549 2.144477 2.144381 2.144208 2.143873 2.143228 2.142015 2.139793 2.135836 2.128988 2.117480 2.098713 2.069042 2.023605 1.956293 1.859964 1.727025 1.550467 1.325347 1.050516 0.730185 0.374712 0.000000 
50.000000 43.138957 36.510104 30.322078 24.740388 19.874855 15.775519 12.436662 9.807117 7.804153 6.328110 5.275435 4.548654 4.062714 3.747944 3.550335 3.430053 3.359038 3.318352 3.295722 3.283498 3.277082 3.273808 3.272183 3.271396 3.271023 3.270843 3.270743 3.270658 3.270533 3.270299 3.269842 3.268959 3.267289 3.264217 3.258719 3.249149 3.232967 3.206394 3.164055 3.098665 3.000886 2.859537 2.662364 2.397571 2.056169 1.634960 1.139482 0.585823 0.000000 
50.000000 43.370915 36.966165 30.987327 25.594311 20.893226 16.932424 13.706383 11.165670 9.230356 7.804153 6.787015 6.084762 5.615217 5.311063 5.120116 5.003888 4.935265 4.895949 4.874081 4.862268 4.856068 4.852904 4.851333 4.850572 4.850210 4.850033 4.849928 4.849828 4.849670 4.849368 4.848772 4.847614 4.845416 4.841353 4.834043 4.821244 4.799457 4.763410 4.705489 4.615178 4.478699 4.279095 3.997122 3.613340 3.111690 2.484452 1.737744 0.895616 0.000000 
50.000000 43.685656 37.584988 31.889999 26.753004 22.275073 18.502264 15.429323 13.009168 11.165670 9.807117 8.838216 8.169259 7.721971 7.432231 7.250330 7.139607 7.074234 7.036779 7.015946 7.004692 6.998784 6.995770 6.994273 6.993547 6.993200 6.993027 6.992919 6.992804 6.992613 6.992239 6.991498 6.990051 6.987293 6.982171 6.972904 6.956581 6.928597 6.881923 6.806232 6.686970 6.504584 6.234243 5.846624 5.310454 4.597568 3.690839 2.594189 1.341679 0.000000 
50.000000 44.098829 38.397346 33.074985 28.274091 24.089122 20.563123 17.691188 15.429323 13.706383 12.436662 11.531105 10.905875 10.487819 10.217011 10.046993 9.943502 9.882397 9.847388 9.827914 9.817395 9.811872 9.809054 9.807654 9.806976 9.806649 9.806484 9.806373 9.806246 9.806024 9.805585 9.804710 9.802994 9.799710 9.793581 9.782433 9.762672 9.728545 9.671140 9.577126 9.427287 9.195080 8.845594 8.335695 7.616486 6.639684 5.369459 3.800028 1.975344 0.000000 
50.000000 44.623424 39.428779 34.579542 30.205402 26.392419 23.179815 20.563123 18.502264 16.932424 15.775519 14.950411 14.380720 13.999795 13.753036 13.598115 13.503812 13.448131 13.416228 13.398483 13.388896 13.383864 13.381295 13.380019 13.379400 13.379101 13.378946 13.378836 13.378701 13.378457 13.377971 13.376995 13.375076 13.371387 13.364470 13.351821 13.329257 13.290000 13.223386 13.113155 12.935302 12.655640 12.227428 11.589907 10.669359 9.385448 7.666855 5.480197 2.871092 0.000000 
50.000000 45.267473 40.695078 36.426707 32.576510 29.220239 26.392419 24.089122 22.275073 20.893226 19.874855 19.148542 18.647057 18.311735 18.094513 17.958135 17.875117 17.826099 17.798013 17.782391 17.773951 17.769521 17.767259 17.766136 17.765590 17.765325 17.765185 17.765081 17.764945 17.764693 17.764188 17.763171 17.761162 17.757287 17.749990 17.736575 17.712498 17.670303 17.598075 17.477284 17.279886 16.964619 16.472636 15.723060 14.610120 13.005689 10.774925 7.817678 4.148280 0.000000 
50.000000 46.031867 42.197999 38.619042 35.390707 32.576510 30.205402 28.274091 26.753004 25.594311 24.740388 24.131356 23.710843 23.429661 23.247509 23.133146 23.063530 23.022424 22.998871 22.985770 22.978692 22.974976 22.973080 22.972137 22.971679 22.971456 22.971336 22.971242 22.971115 22.970875 22.970390 22.969411 22.967471 22.963717 22.956619 22.943509 22.919845 22.878088 22.806009 22.684219 22.482621 22.155436 21.634407 20.819954 19.570821 17.695353 14.954647 11.103931 6.024697 0.000000 
50.000000 46.908744 43.922080 41.133993 38.619042 36.426707 34.579542 33.074985 31.889999 30.987327 30.322078 29.847608 29.520003 29.300942 29.159031 29.069933 29.015695 28.983669 28.965319 28.955112 28.949597 28.946702 28.945224 28.944490 28.944132 28.943957 28.943862 28.943785 28.943677 28.943470 28.943051 28.942202 28.940516 28.937244 28.931036 28.919523 28.898640 28.861567 28.797092 28.687118 28.502874 28.199161 27.705526 26.912687 25.651782 23.664394 20.566996 15.839862 8.959058 0.000000 
50.000000 47.880851 45.833402 43.922080 42.197999 40.695078 39.428779 38.397346 37.584988 36.966165 36.510104 36.184829 35.960237 35.810056 35.712767 35.651684 35.614499 35.592543 35.579962 35.572964 35.569183 35.567198 35.566185 35.565681 35.565436 35.565315 35.565249 35.565194 35.565115 35.564963 35.564653 35.564025 35.562776 35.560345 35.555722 35.547121 35.531459 35.503523 35.454644 35.370622 35.228421 34.990799 34.597317 33.948582 32.877400 31.094068 28.082219 22.916701 14.066905 0.000000 
50.000000 48.922192 47.880851 46.908744 46.031867 45.267473 44.623424 44.098829 43.685656 43.370915 43.138957 42.973517 42.859285 42.782901 42.733417 42.702349 42.683436 42.672268 42.665869 42.662310 42.660386 42.659377 42.658861 42.658605 42.658480 42.658419 42.658385 42.658356 42.658315 42.658234 42.658069 42.657735 42.657069 42.655772 42.653300 42.648693 42.640284 42.625236 42.598805 42.553134 42.475299 42.343976 42.123484 41.752332 41.119193 40.007171 37.949686 33.813946 24.461096 0.000000 
50.000000 50.000000 50.000000 50.000000 50.000000 50.000000 50.000000 50.000000 50.000000 50.000000 50.000000 50.000000 50.000000 50.000000 50.000000 50.000000 50.000000 50.000000 50.000000 50.000000 50.000000 50.000000 50.000000 50.000000 50.000000 50.000000 50.000000 50.000000 50.000000 50.000000 50.000000 50.000000 50.000000 50.000000 50.000000 50.000000 50.000000 50.000000 50.000000 50.000000 50.000000 50.000000 50.000000 50.000000 50.000000 50.000000 50.000000 50.000000 50.000000 50.000000 
