50.000000 50.000000 50.000000 50.000000 50.000000 50.000000 50.000000 50.000000 50.000000 50.000000 50.000000 50.000000 50.000000 50.000000 50.000000 50.000000 50.000000 50.000000 50.000000 50.000000 50.000000 50.000000 50.000000 50.000000 50.000000 50.000000 50.000000 50.000000 50.000000 50.000000 50.000000 50.000000 50.000000 50.000000 50.000000 50.000000 50.000000 50.000000 50.000000 50.000000 50.000000 50.000000 50.000000 50.000000 50.000000 50.000000 50.000000 50.000000 50.000000 50.000000 
50.000000 48.621676 47.302974 46.095784 45.038213 44.151345 43.439207 42.891439 42.487646 42.202233 42.008686 41.882687 41.803893 41.756528 41.729140 41.713895 41.705721 41.701496 41.699389 41.698375 41.697903 41.697691 41.697599 41.697560 41.697544 41.697538 41.697534 41.697531 41.697526 41.697512 41.697479 41.697401 41.697223 41.696824 41.695961 41.694139 41.690401 41.682933 41.668387 41.640722 41.589218 41.495043 41.325077 41.020145 40.470592 39.460133 37.521398 33.519219 24.310838 0.000000 
50.000000 47.302974 44.722612 42.360458 40.291071 38.555713 37.162260 36.090436 35.300335 34.741872 34.363163 34.116626 33.962455 33.869780 33.816192 33.786365 33.770372 33.762106 33.757984 33.756000 33.755077 33.754662 33.754481 33.754405 33.754374 33.754361 33.754355 33.754349 33.754339 33.754313 33.754252 33.754108 33.753779 33.753044 33.751454 33.748108 33.741258 33.727614 33.701148 33.651075 33.558515 33.390920 33.092678 32.568758 31.655112 30.063189 27.275129 22.361306 13.783754 0.000000 
50.000000 46.095784 42.360458 38.941018 35.945398 33.433326 31.416203 29.864674 28.720967 27.912574 27.364387 27.007526 26.784366 26.650223 26.572658 26.529486 26.506338 26.494373 26.488408 26.485536 26.484200 26.483600 26.483338 26.483228 26.483183 26.483165 26.483156 26.483148 26.483134 26.483100 26.483020 26.482831 26.482397 26.481435 26.479355 26.474993 26.466098 26.448467 26.414473 26.350662 26.233908 26.025385 25.661199 25.037987 23.991155 22.263849 19.470509 15.085329 8.574386 0.000000 
50.000000 45.038213 40.291071 35.945398 32.138365 28.945881 26.382428 24.410692 22.957248 21.929941 21.233314 20.779827 20.496249 20.325791 20.227231 20.172373 20.142961 20.127758 20.120178 20.116529 20.114832 20.114069 20.113737 20.113598 20.113540 20.113517 20.113506 20.113497 20.113481 20.113444 20.113354 20.113143 20.112663 20.111598 20.109306 20.104517 20.094799 20.075655 20.039019 19.970893 19.847735 19.631163 19.260527 18.643114 17.642616 16.069183 13.681549 10.227883 5.578079 0.000000 
50.000000 44.151345 38.555713 33.433326 28.945881 25.182849 22.161295 19.837230 18.124092 16.913250 16.092180 15.557694 15.223472 15.022576 14.906418 14.841768 14.807106 14.789191 14.780259 14.775959 14.773959 14.773060 14.772669 14.772504 14.772437 14.772409 14.772397 14.772387 14.772371 14.772334 14.772245 14.772036 14.771561 14.770512 14.768262 14.763584 14.754144 14.735674 14.700619 14.636096 14.520920 14.321569 13.987152 13.443970 12.591424 11.303265 9.442171 6.900601 3.680753 0.000000 
50.000000 43.439207 37.162260 31.416203 26.382428 22.161295 18.771943 16.165013 14.243395 12.885222 11.964264 11.364766 10.989899 10.764577 10.634300 10.561793 10.522919 10.502828 10.492811 10.487989 10.485747 10.484739 10.484300 10.484116 10.484040 10.484010 10.483996 10.483987 10.483972 10.483937 10.483856 10.483667 10.483238 10.482294 10.480277 10.476105 10.467737 10.451481 10.420892 10.365169 10.266941 10.099499 9.823786 9.385972 8.717325 7.739313 6.378217 4.593502 2.419062 0.000000 
50.000000 42.891439 36.090436 29.864674 24.410692 19.837230 16.165013 13.340553 11.258618 9.787160 8.789402 8.139925 7.733814 7.489718 7.348589 7.270045 7.227935 7.206172 7.195322 7.190099 7.187671 7.186579 7.186104 7.185904 7.185822 7.185789 7.185775 7.185766 7.185753 7.185724 7.185656 7.185497 7.185137 7.184349 7.182675 7.179228 7.172359 7.159108 7.134387 7.089803 7.012142 6.881622 6.670276 6.341228 5.850078 5.150165 4.203475 2.997758 1.566362 0.000000 
50.000000 42.487646 35.300335 28.720967 22.957248 18.124092 14.243395 11.258618 9.058543 7.503609 6.449267 5.762969 5.333843 5.075919 4.926799 4.843809 4.799317 4.776324 4.764860 4.759343 4.756777 4.755624 4.755122 4.754911 4.754824 4.754790 4.754775 4.754767 4.754756 4.754733 4.754679 4.754554 4.754273 4.753658 4.752358 4.749696 4.744422 4.734321 4.715629 4.682238 4.624715 4.529271 4.376996 4.143896 3.802523 3.326085 2.695582 1.909416 0.992603 0.000000 
50.000000 42.202233 34.741872 27.912574 21.929941 16.913250 12.885222 9.787160 7.503609 5.889700 4.795384 4.083079 3.637699 3.370010 3.215248 3.129120 3.082947 3.059085 3.047188 3.041463 3.038800 3.037603 3.037083 3.036864 3.036774 3.036738 3.036724 3.036716 3.036707 3.036690 3.036650 3.036558 3.036350 3.035899 3.034949 3.033014 3.029203 3.021952 3.008636 2.985059 2.944850 2.878894 2.775018 2.618281 2.392331 2.082206 1.678666 1.183358 0.613015 0.000000 
50.000000 42.008686 34.363163 27.364387 21.233314 16.092180 11.964264 8.789402 6.449267 4.795384 3.673979 2.944050 2.487658 2.213355 2.054771 1.966517 1.919206 1.894756 1.882567 1.876700 1.873973 1.872746 1.872213 1.871989 1.871897 1.871860 1.871846 1.871839 1.871832 1.871820 1.871792 1.871727 1.871582 1.871269 1.870613 1.869282 1.866676 1.861750 1.852767 1.836989 1.810325 1.767028 1.699599 1.599094 1.456084 1.262421 1.013726 0.712089 0.367964 0.000000 
50.000000 41.882687 34.116626 27.007526 20.779827 15.557694 11.364766 8.139925 5.762969 4.083079 2.944050 2.202659 1.739104 1.460500 1.299432 1.209797 1.161746 1.136914 1.124535 1.118577 1.115806 1.114561 1.114019 1.113791 1.113698 1.113661 1.113647 1.113640 1.113635 1.113627 1.113608 1.113565 1.113470 1.113263 1.112833 1.111964 1.110272 1.107091 1.101329 1.091283 1.074442 1.047340 1.005538 0.943874 0.857076 0.740809 0.593053 0.415479 0.214299 0.000000 
50.000000 41.803893 33.962455 26.784366 20.496249 15.223472 10.989899 7.733814 5.333843 3.637699 2.487658 1.739104 1.271076 0.989785 0.827166 0.736668 0.688155 0.663085 0.650587 0.644572 0.641775 0.640518 0.639972 0.639741 0.639647 0.639610 0.639596 0.639589 0.639586 0.639580 0.639568 0.639541 0.639481 0.639351 0.639083 0.638543 0.637495 0.635538 0.632013 0.625908 0.615747 0.599522 0.574705 0.538418 0.487798 0.420595 0.335899 0.234841 0.120959 0.000000 
50.000000 41.756528 33.869780 26.650223 20.325791 15.022576 10.764577 7.489718 5.075919 3.370010 2.213355 1.460500 0.989785 0.706882 0.543332 0.452317 0.403527 0.378314 0.365745 0.359695 0.356883 0.355618 0.355069 0.354837 0.354743 0.354705 0.354691 0.354685 0.354682 0.354678 0.354671 0.354654 0.354618 0.354541 0.354381 0.354060 0.353441 0.352290 0.350228 0.346678 0.340807 0.331497 0.317359 0.296840 0.268432 0.230992 0.184125 0.128522 0.066126 0.000000 
50.000000 41.729140 33.816192 26.572658 20.227231 14.906418 10.634300 7.348589 4.926799 3.215248 2.054771 1.299432 0.827166 0.543332 0.379243 0.287930 0.238980 0.213685 0.201075 0.195006 0.192184 0.190915 0.190364 0.190131 0.190037 0.189999 0.189985 0.189979 0.189976 0.189974 0.189970 0.189960 0.189940 0.189895 0.189804 0.189622 0.189272 0.188623 0.187468 0.185488 0.182234 0.177103 0.169361 0.158195 0.142835 0.122714 0.097666 0.068085 0.035000 0.000000 
50.000000 41.713895 33.786365 26.529486 20.172373 14.841768 10.561793 7.270045 4.843809 3.129120 1.966517 1.209797 0.736668 0.452317 0.287930 0.196451 0.147412 0.122071 0.109438 0.103358 0.100531 0.099260 0.098708 0.098475 0.098380 0.098343 0.098328 0.098323 0.098320 0.098319 0.098316 0.098311 0.098300 0.098275 0.098225 0.098126 0.097936 0.097586 0.096964 0.095904 0.094170 0.091451 0.087369 0.081516 0.073506 0.063067 0.050131 0.034911 0.017934 0.000000 
50.000000 41.705721 33.770372 26.506338 20.142961 14.807106 10.522919 7.227935 4.799317 3.082947 1.919206 1.161746 0.688155 0.403527 0.238980 0.147412 0.098326 0.072960 0.060315 0.054229 0.051400 0.050128 0.049575 0.049342 0.049247 0.049209 0.049195 0.049189 0.049187 0.049186 0.049185 0.049182 0.049176 0.049163 0.049137 0.049085 0.048986 0.048804 0.048482 0.047937 0.047047 0.045659 0.043586 0.040626 0.036594 0.031362 0.024903 0.017328 0.008897 0.000000 
50.000000 41.701496 33.762106 26.494374 20.127758 14.789191 10.502828 7.206172 4.776324 3.059085 1.894756 1.136914 0.663085 0.378314 0.213685 0.122071 0.072960 0.047582 0.034931 0.028842 0.026011 0.024738 0.024185 0.023952 0.023857 0.023819 0.023805 0.023799 0.023797 0.023796 0.023796 0.023794 0.023791 0.023785 0.023771 0.023745 0.023696 0.023605 0.023445 0.023174 0.022734 0.022051 0.021035 0.019590 0.017630 0.015095 0.011976 0.008327 0.004273 0.000000 
50.000000 41.699389 33.757984 26.488408 20.120178 14.780259 10.492811 7.195322 4.764860 3.047188 1.882567 1.124535 0.650587 0.365745 0.201075 0.109438 0.060315 0.034931 0.022276 0.016186 0.013354 0.012081 0.011528 0.011295 0.011200 0.011162 0.011148 0.011142 0.011140 0.011139 0.011139 0.011138 0.011137 0.011133 0.011127 0.011114 0.011090 0.011047 0.010970 0.010840 0.010631 0.010306 0.009825 0.009144 0.008222 0.007035 0.005577 0.003875 0.001988 0.000000 
50.000000 41.698375 33.756000 26.485536 20.116529 14.775959 10.487989 7.190099 4.759343 3.041463 1.876701 1.118577 0.644572 0.359696 0.195006 0.103358 0.054230 0.028842 0.016186 0.010095 0.007263 0.005990 0.005436 0.005203 0.005108 0.005070 0.005056 0.005051 0.005049 0.005048 0.005048 0.005047 0.005046 0.005045 0.005042 0.005036 0.005025 0.005005 0.004969 0.004909 0.004813 0.004664 0.004444 0.004133 0.003714 0.003175 0.002516 0.001747 0.000896 0.000000 
50.000000 41.697903 33.755077 26.484200 20.114833 14.773959 10.485747 7.187671 4.756777 3.038801 1.873973 1.115807 0.641776 0.356883 0.192184 0.100531 0.051400 0.026011 0.013354 0.007263 0.004431 0.003158 0.002604 0.002371 0.002276 0.002238 0.002224 0.002219 0.002217 0.002216 0.002216 0.002215 0.002215 0.002214 0.002213 0.002210 0.002205 0.002196 0.002180 0.002154 0.002111 0.002045 0.001947 0.001810 0.001626 0.001389 0.001100 0.000764 0.000392 0.000000 
50.000000 41.697691 33.754662 26.483600 20.114070 14.773061 10.484740 7.186580 4.755624 3.037604 1.872747 1.114562 0.640519 0.355620 0.190916 0.099261 0.050129 0.024739 0.012082 0.005991 0.003159 0.001885 0.001332 0.001099 0.001004 0.000966 0.000952 0.000946 0.000944 0.000944 0.000943 0.000943 0.000943 0.000943 0.000942 0.000941 0.000939 0.000935 0.000928 0.000916 0.000898 0.000870 0.000828 0.000769 0.000690 0.000590 0.000467 0.000324 0.000166 0.000000 
50.000000 41.697600 33.754482 26.483340 20.113739 14.772671 10.484303 7.186107 4.755125 3.037086 1.872216 1.114022 0.639974 0.355072 0.190367 0.098711 0.049578 0.024188 0.011531 0.005439 0.002607 0.001334 0.000780 0.000547 0.000452 0.000414 0.000400 0.000394 0.000393 0.000392 0.000392 0.000392 0.000391 0.000391 0.000391 0.000391 0.000390 0.000388 0.000385 0.000380 0.000372 0.000361 0.000343 0.000319 0.000286 0.000244 0.000193 0.000134 0.000069 0.000000 
50.000000 41.697562 33.754408 26.483232 20.113603 14.772510 10.484123 7.185911 4.754918 3.036871 1.871997 1.113800 0.639750 0.354845 0.190140 0.098483 0.049350 0.023960 0.011303 0.005211 0.002379 0.001106 0.000552 0.000319 0.000224 0.000187 0.000172 0.000167 0.000165 0.000164 0.000164 0.000164 0.000164 0.000164 0.000164 0.000163 0.000163 0.000162 0.000161 0.000159 0.000156 0.000151 0.000143 0.000133 0.000119 0.000102 0.000081 0.000056 0.000029 0.000000 
50.000000 41.697548 33.754382 26.483194 20.113554 14.772453 10.484059 7.185842 4.754845 3.036796 1.871919 1.113721 0.639670 0.354765 0.190059 0.098403 0.049270 0.023880 0.011222 0.005131 0.002298 0.001025 0.000472 0.000239 0.000143 0.000106 0.000091 0.000086 0.000084 0.000083 0.000083 0.000083 0.000083 0.000083 0.000083 0.000083 0.000083 0.000082 0.000082 0.000081 0.000079 0.000076 0.000073 0.000067 0.000060 0.000052 0.000041 0.000028 0.000014 0.000000 
50.000000 41.697548 33.754382 26.483194 20.113554 14.772453 10.484059 7.185842 4.754845 3.036796 1.871919 1.113721 0.639670 0.354765 0.190059 0.098403 0.049270 0.023880 0.011222 0.005131 0.002298 0.001025 0.000472 0.000239 0.000143 0.000106 0.000091 0.000086 0.000084 0.000083 0.000083 0.000083 0.000083 0.000083 0.000083 0.000083 0.000083 0.000082 0.000082 0.000081 0.000079 0.000076 0.000073 0.000067 0.000060 0.000052 0.000041 0.000028 0.000014 0.000000 
50.000000 41.697562 33.754408 26.483232 20.113603 14.772510 10.484123 7.185911 4.754918 3.036871 1.871997 1.113800 0.639750 0.354845 0.190140 0.098483 0.049350 0.023960 0.011303 0.005211 0.002379 0.001106 0.000552 0.000319 0.000224 0.000187 0.000172 0.000167 0.000165 0.000164 0.000164 0.000164 0.000164 0.000164 0.000164 0.000163 0.000163 0.000162 0.000161 0.000159 0.000156 0.000151 0.000143 0.000133 0.000119 0.000102 0.000081 0.000056 0.000029 0.000000 
50.000000 41.697600 33.754482 26.483340 20.113739 14.772671 10.484303 7.186107 4.755125 3.037086 1.872216 1.114022 0.639974 0.355072 0.190367 0.098711 0.049578 0.024188 0.011531 0.005439 0.002607 0.001334 0.000780 0.000547 0.000452 0.000414 0.000400 0.000394 0.000393 0.000392 0.000392 0.000392 0.000391 0.000391 0.000391 0.000391 0.000390 0.000388 0.000385 0.000380 0.000372 0.000361 0.000343 0.000319 0.000286 0.000244 0.000193 0.000134 0.000069 0.000000 
50.000000 41.697691 33.754662 26.483600 20.114070 14.773061 10.484740 7.186580 4.755624 3.037604 1.872747 1.114562 0.640519 0.355620 0.190916 0.099261 0.050129 0.024739 0.012082 0.005991 0.003159 0.001885 0.001332 0.001099 0.001004 0.000966 0.000952 0.000946 0.000944 0.000944 0.000943 0.000943 0.000943 0.000943 0.000942 0.000941 0.000939 0.000935 0.000928 0.000916 0.000898 0.000870 0.000828 0.000769 0.000690 0.000590 0.000467 0.000324 0.000166 0.000000 
50.000000 41.697903 33.755077 26.484200 20.114833 14.773959 10.485747 7.187671 4.756777 3.038801 1.873973 1.115807 0.641776 0.356883 0.192184 0.100531 0.051400 0.026011 0.013354 0.007263 0.004431 0.003158 0.002604 0.002371 0.002276 0.002238 0.002224 0.002219 0.002217 0.002216 0.002216 0.002215 0.002215 0.002214 0.002213 0.002210 0.002205 0.002196 0.002180 0.002154 0.002111 0.002045 0.001947 0.001810 0.001626 0.001389 0.001100 0.000764 0.000392 0.000000 
50.000000 41.698375 33.756000 26.485536 20.116529 14.775959 10.487989 7.190099 4.759343 3.041463 1.876701 1.118577 0.644572 0.359696 0.195006 0.103358 0.054230 0.028842 0.016186 0.010095 0.007263 0.005990 0.005436 0.005203 0.005108 0.005070 0.005056 0.005051 0.005049 0.005048 0.005048 0.005047 0.005046 0.005045 0.005042 0.005036 0.005025 0.005005 0.004969 0.004909 0.004813 0.004664 0.004444 0.004133 0.003714 0.003175 0.002516 0.001747 0.000896 0.000000 
50.000000 41.699389 33.757984 26.488408 20.120178 14.780259 10.492811 7.195322 4.764860 3.047188 1.882567 1.124535 0.650587 0.365745 0.201075 0.109438 0.060315 0.034931 0.022276 0.016186 0.013354 0.012081 0.011528 0.011295 0.011200 0.011162 0.011148 0.011142 0.011140 0.011139 0.011139 0.011138 0.011137 0.011133 0.011127 0.011114 0.011090 0.011047 0.010970 0.010840 0.010631 0.010306 0.009825 0.009144 0.008222 0.007035 0.005577 0.003875 0.001988 0.000000 
50.000000 41.701496 33.762106 26.494374 20.127758 14.789191 10.502828 7.206172 4.776324 3.059085 1.894756 1.136914 0.663085 0.378314 0.213685 0.122071 0.072960 0.047582 0.034931 0.028842 0.026011 0.024738 0.024185 0.023952 0.023857 0.023819 0.023805 0.023799 0.023797 0.023796 0.023796 0.023794 0.023791 0.023785 0.023771 0.023745 0.023696 0.023605 0.023445 0.023174 0.022734 0.022051 0.021035 0.019590 0.017630 0.015095 0.011976 0.008327 0.004273 0.000000 
50.000000 41.705721 33.770372 26.506338 20.142961 14.807106 10.522919 7.227935 4.799317 3.082947 1.919206 1.161746 0.688155 0.403527 0.238980 0.147412 0.098326 0.072960 0.060315 0.054229 0.051400 0.050128 0.049575 0.049342 0.049247 0.049209 0.049195 0.049189 0.049187 0.049186 0.049185 0.049182 0.049176 0.049163 0.049137 0.049085 0.048986 0.048804 0.048482 0.047937 0.047047 0.045659 0.043586 0.040626 0.036594 0.031362 0.024903 0.017328 0.008897 0.000000 
50.000000 41.713895 33.786365 26.529486 20.172373 14.841768 10.561793 7.270045 4.843809 3.129120 1.966517 1.209797 0.736668 0.452317 0.287930 0.196451 0.147412 0.122071 0.109438 0.103358 0.100531 0.099260 0.098708 0.098475 0.098380 0.098343 0.098328 0.098323 0.098320 0.098319 0.098316 0.098311 0.098300 0.098275 0.098225 0.098126 0.097936 0.097586 0.096964 0.095904 0.094170 0.091451 0.087369 0.081516 0.073506 0.063067 0.050131 0.034911 0.017934 0.000000 
50.000000 41.729140 33.816192 26.572658 20.227231 14.906418 10.634300 7.348589 4.926799 3.215248 2.054771 1.299432 0.827166 0.543332 0.379243 0.287930 0.238980 0.213685 0.201075 0.195006 0.192184 0.190915 0.190364 0.190131 0.190037 0.189999 0.189985 0.189979 0.189976 0.189974 0.189970 0.189960 0.189940 0.189895 0.189804 0.189622 0.189272 0.188623 0.187468 0.185488 0.182234 0.177103 0.169361 0.158195 0.142835 0.122714 0.097666 0.068085 0.035000 0.000000 
50.000000 41.756528 33.869780 26.650223 20.325791 15.022576 10.764577 7.489718 5.075919 3.370010 2.213355 1.460500 0.989785 0.706882 0.543332 0.452317 0.403527 0.378314 0.365745 0.359695 0.356883 0.355618 0.355069 0.354837 0.354743 0.354705 0.354691 0.354685 0.354682 0.354678 0.354671 0.354654 0.354618 0.354541 0.354381 0.354060 0.353441 0.352290 0.350228 0.346678 0.340807 0.331497 0.317359 0.296840 0.268432 0.230992 0.184125 0.128522 0.066126 0.000000 
50.000000 41.803893 33.962455 26.784366 20.496249 15.223472 10.989899 7.733814 5.333843 3.637699 2.487658 1.739104 1.271076 0.989785 0.827166 0.736668 0.688155 0.663085 0.650587 0.644572 0.641775 0.640518 0.639972 0.639741 0.639647 0.639610 0.639596 0.639589 0.639586 0.639580 0.639568 0.639541 0.639481 0.639351 0.639083 0.638543 0.637495 0.635538 0.632013 0.625908 0.615747 0.599522 0.574705 0.538418 0.487798 0.420595 0.335899 0.234841 0.120959 0.000000 
50.000000 41.882687 34.116626 27.007526 20.779827 15.557694 11.364766 8.139925 5.762969 4.083079 2.944050 2.202659 1.739104 1.460500 1.299432 1.209797 1.161746 1.136914 1.124535 1.118577 1.115806 1.114561 1.114019 1.113791 1.113698 1.113661 1.113647 1.113640 1.113635 1.113627 1.113608 1.113565 1.113470 1.113263 1.112833 1.111964 1.110272 1.107091 1.101329 1.091283 1.074442 1.047340 1.005538 0.943874 0.857076 0.740809 0.593053 0.415479 0.214299 0.000000 
50.000000 42.008686 34.363163 27.364387 21.233314 16.092180 11.964264 8.789402 6.449267 4.795384 3.673979 2.944050 2.487658 2.213355 2.054771 1.966517 1.919206 1.894756 1.882567 1.876700 1.873973 1.872746 1.872213 1.871989 1.871897 1.871860 1.871846 1.871839 1.871832 1.871820 1.871792 1.871727 1.871582 1.871269 1.870613 1.869282 1.866676 1.861750 1.852767 1.836989 1.810325 1.767028 1.699599 1.599094 1.456084 1.262421 1.013726 0.712089 0.367964 0.000000 
50.000000 42.202233 34.741872 27.912574 21.929941 16.913250 12.885222 9.787160 7.503609 5.889700 4.795384 4.083079 3.637699 3.370010 3.215248 3.129120 3.082947 3.059085 3.047188 3.041463 3.038800 3.037603 3.037083 3.036864 3.036774 3.036738 3.036724 3.036716 3.036707 3.036690 3.036650 3.036558 3.036350 3.035899 3.034949 3.033014 3.029203 3.021952 3.008636 2.985059 2.944850 2.878894 2.775018 2.618281 2.392331 2.082206 1.678666 1.183358 0.613015 0.000000 
50.000000 42.487646 35.300335 28.720967 22.957248 18.124092 14.243395 11.258618 9.058543 7.503609 6.449267 5.762969 5.333843 5.075919 4.926799 4.843809 4.799317 4.776324 4.764860 4.759343 4.756777 4.755624 4.755122 4.754911 4.754824 4.754790 4.754775 4.754767 4.754756 4.754733 4.754679 4.754554 4.754273 4.753658 4.752358 4.749696 4.744422 4.734321 4.715629 4.682238 4.624715 4.529271 4.376996 4.143896 3.802523 3.326085 2.695582 1.909416 0.992603 0.000000 
50.000000 42.891439 36.090436 29.864674 24.410692 19.837230 16.165013 13.340553 11.258618 9.787160 8.789402 8.139925 7.733814 7.489718 7.348589 7.270045 7.227935 7.206172 7.195322 7.190099 7.187671 7.186579 7.186104 7.185904 7.185822 7.185789 7.185775 7.185766 7.185753 7.185724 7.185656 7.185497 7.185137 7.184349 7.182675 7.179228 7.172359 7.159108 7.134387 7.089803 7.012142 6.881622 6.670276 6.341228 5.850078 5.150165 4.203475 2.997758 1.566362 0.000000 
50.000000 43.439207 37.162260 31.416203 26.382428 22.161295 18.771943 16.165013 14.243395 12.885222 11.964264 11.364766 10.989899 10.764577 10.634300 10.561793 10.522919 10.502828 10.492811 10.487989 10.485747 10.484739 10.484300 10.484116 10.484040 10.484010 10.483996 10.483987 10.483972 10.483937 10.483856 10.483667 10.483238 10.482294 10.480277 10.476105 10.467737 10.451481 10.420892 10.365169 10.266941 10.099499 9.823786 9.385972 8.717325 7.739313 6.378217 4.593502 2.419062 0.000000 
50.000000 44.151345 38.555713 33.433326 28.945881 25.182849 22.161295 19.837230 18.124092 16.913250 16.092180 15.557694 15.223472 15.022576 14.906418 14.841768 14.807106 14.789191 14.780259 14.775959 14.773959 14.773060 14.772669 14.772504 14.772437 14.772409 14.772397 14.772387 14.772371 14.772334 14.772245 14.772036 14.771561 14.770512 14.768262 14.763584 14.754144 14.735674 14.700619 14.636096 14.520920 14.321569 13.987152 13.443970 12.591424 11.303265 9.442171 6.900601 3.680753 0.000000 
50.000000 45.038213 40.291071 35.945398 32.138365 28.945881 26.382428 24.410692 22.957248 21.929941 21.233314 20.779827 20.496249 20.325791 20.227231 20.172373 20.142961 20.127758 20.120178 20.116529 20.114832 20.114069 20.113737 20.113598 20.113540 20.113517 20.113506 20.113497 20.113481 20.113444 20.113354 20.113143 20.112663 20.111598 20.109306 20.104517 20.094799 20.075655 20.039019 19.970893 19.847735 19.631163 19.260527 18.643114 17.642616 16.069183 13.681549 10.227883 5.578079 0.000000 
50.000000 46.095784 42.360458 38.941018 35.945398 33.433326 31.416203 29.864674 28.720967 27.912574 27.364387 27.007526 26.784366 26.650223 26.572658 26.529486 26.506338 26.494373 26.488408 26.485536 26.484200 26.483600 26.483338 26.483228 26.483183 26.483165 26.483156 26.483148 26.483134 26.483100 26.483020 26.482831 26.482397 26.481435 26.479355 26.474993 26.466098 26.448467 26.414473 26.350662 26.233908 26.025385 25.661199 25.037987 23.991155 22.263849 19.470509 15.085329 8.574386 0.000000 
50.000000 47.302974 44.722612 42.360458 40.291071 38.555713 37.162260 36.090436 35.300335 34.741872 34.363163 34.116626 33.962455 33.869780 33.816192 33.786365 33.770372 33.762106 33.757984 33.756000 33.755077 33.754662 33.754481 33.754405 33.754374 33.754361 33.754355 33.754349 33.754339 33.754313 33.754252 33.754108 33.753779 33.753044 33.751454 33.748108 33.741258 33.727614 33.701148 33.651075 33.558515 33.390920 33.092678 32.568758 31.655112 30.063189 27.275129 22.361306 13.783754 0.000000 
50.000000 48.621676 47.302974 46.095784 45.038213 44.151345 43.439207 42.891439 42.487646 42.202233 42.008686 41.882687 41.803893 41.756528 41.729140 41.713895 41.705721 41.701496 41.699389 41.698375 41.697903 41.697691 41.697599 41.697560 41.697544 41.697538 41.697534 41.697531 41.697526 41.697512 41.697479 41.697401 41.697223 41.696824 41.695961 41.694139 41.690401 41.682933 41.668387 41.640722 41.589218 41.495043 41.325077 41.020145 40.470592 39.460133 37.521398 33.519219 24.310838 0.000000 
50.000000 50.000000 50.000000 50.000000 50.000000 50.000000 50.000000 50.000000 50.000000 50.000000 50.000000 50.000000 50.000000 50.000000 50.000000 50.000000 50.000000 50.000000 50.000000 50.000000 50.000000 50.000000 50.000000 50.000000 50.000000 50.000000 50.000000 50.000000 50.000000 50.000000 50.000000 50.000000 50.000000 50.000000 50.000000 50.000000 50.000000 50.000000 50.000000 50.000000 50.000000 50.000000 50.000000 50.000000 50.000000 50.000000 50.000000 50.000000 50.000000 50.000000 
