50.000000 50.000000 50.000000 50.000000 50.000000 50.000000 50.000000 50.000000 50.000000 50.000000 50.000000 50.000000 50.000000 50.000000 50.000000 50.000000 50.000000 50.000000 50.000000 50.000000 50.000000 50.000000 50.000000 50.000000 50.000000 50.000000 50.000000 50.000000 50.000000 50.000000 50.000000 50.000000 50.000000 50.000000 50.000000 50.000000 50.000000 50.000000 50.000000 50.000000 50.000000 50.000000 50.000000 50.000000 50.000000 50.000000 50.000000 50.000000 50.000000 50.000000 
50.000000 44.984271 40.754056 37.728728 35.877214 34.896973 34.443016 34.257167 34.189250 34.166903 34.160230 34.158410 34.157954 34.157848 34.157826 34.157821 34.157820 34.157820 34.157820 34.157820 34.157820 34.157820 34.157820 34.157820 34.157820 34.157820 34.157820 34.157820 34.157820 34.157820 34.157820 34.157820 34.157820 34.157820 34.157820 34.157820 34.157819 34.157812 34.157779 34.157629 34.156988 34.154428 34.144899 34.111845 34.004732 33.678465 32.732455 30.063615 22.492135 0.000000 
50.000000 40.754056 32.956483 27.380376 23.968195 22.161969 21.325640 20.983314 20.858240 20.817094 20.804813 20.801463 20.800624 20.800429 20.800387 20.800379 20.800377 20.800377 20.800377 20.800377 20.800377 20.800377 20.800377 20.800377 20.800377 20.800377 20.800377 20.800377 20.800377 20.800377 20.800377 20.800377 20.800377 20.800377 20.800377 20.800377 20.800375 20.800365 20.800318 20.800102 20.799185 20.795565 20.782305 20.737355 20.596642 20.190438 19.110659 16.478241 10.690441 0.000000 
50.000000 37.728728 27.380376 19.981047 15.453920 13.057982 11.948856 11.494984 11.329201 11.274679 11.258409 11.253973 11.252862 11.252604 11.252549 11.252538 11.252536 11.252536 11.252536 11.252535 11.252535 11.252535 11.252535 11.252535 11.252535 11.252535 11.252535 11.252535 11.252535 11.252535 11.252535 11.252535 11.252535 11.252535 11.252535 11.252535 11.252533 11.252525 11.252482 11.252289 11.251477 11.248313 11.236923 11.199222 11.085059 10.770734 9.990524 8.269717 4.996274 0.000000 
50.000000 35.877214 23.968195 15.453920 10.245467 7.489482 6.213971 5.692140 5.501585 5.438933 5.420243 5.415149 5.413873 5.413578 5.413514 5.413502 5.413499 5.413499 5.413499 5.413499 5.413499 5.413499 5.413499 5.413499 5.413499 5.413499 5.413499 5.413499 5.413499 5.413499 5.413499 5.413499 5.413499 5.413499 5.413499 5.413498 5.413497 5.413491 5.413462 5.413332 5.412792 5.410711 5.403338 5.379448 5.309126 5.122733 4.683187 3.777756 2.198749 0.000000 
50.000000 34.896973 22.161969 13.057982 7.489482 4.543439 3.180207 2.622597 2.419019 2.352100 2.332141 2.326703 2.325341 2.325026 2.324958 2.324945 2.324942 2.324942 2.324942 2.324942 2.324942 2.324942 2.324942 2.324942 2.324942 2.324942 2.324942 2.324942 2.324942 2.324942 2.324942 2.324942 2.324942 2.324942 2.324942 2.324941 2.324941 2.324937 2.324922 2.324851 2.324559 2.323449 2.319571 2.307227 2.271719 2.180356 1.972923 1.565327 0.892241 0.000000 
50.000000 34.443016 21.325640 11.948856 6.213971 3.180207 1.776546 1.202472 0.992911 0.924036 0.903496 0.897901 0.896500 0.896176 0.896106 0.896092 0.896089 0.896089 0.896089 0.896089 0.896089 0.896089 0.896089 0.896089 0.896089 0.896089 0.896089 0.896089 0.896089 0.896089 0.896089 0.896089 0.896089 0.896089 0.896089 0.896089 0.896088 0.896087 0.896080 0.896047 0.895915 0.895415 0.893688 0.888273 0.872980 0.834523 0.749635 0.588285 0.331172 0.000000 
50.000000 34.257167 20.983314 11.494984 5.692140 2.622597 1.202472 0.621705 0.409717 0.340049 0.319275 0.313616 0.312199 0.311871 0.311801 0.311787 0.311784 0.311784 0.311784 0.311783 0.311783 0.311783 0.311783 0.311783 0.311783 0.311783 0.311783 0.311783 0.311783 0.311783 0.311783 0.311783 0.311783 0.311783 0.311783 0.311783 0.311783 0.311783 0.311780 0.311767 0.311715 0.311520 0.310852 0.308783 0.303026 0.288802 0.258061 0.201009 0.112267 0.000000 
50.000000 34.189250 20.858240 11.329201 5.501585 2.419019 0.992911 0.409717 0.196850 0.126896 0.106037 0.100356 0.098933 0.098604 0.098533 0.098519 0.098516 0.098516 0.098516 0.098516 0.098516 0.098516 0.098516 0.098516 0.098516 0.098516 0.098516 0.098516 0.098516 0.098516 0.098516 0.098516 0.098516 0.098516 0.098516 0.098516 0.098516 0.098516 0.098515 0.098510 0.098492 0.098425 0.098197 0.097496 0.095569 0.090874 0.080888 0.062675 0.034822 0.000000 
50.000000 34.166903 20.817094 11.274679 5.438933 2.352100 0.924036 0.340049 0.126896 0.056849 0.035963 0.030274 0.028849 0.028520 0.028449 0.028435 0.028432 0.028432 0.028432 0.028432 0.028432 0.028432 0.028432 0.028432 0.028432 0.028432 0.028432 0.028432 0.028432 0.028432 0.028432 0.028432 0.028432 0.028432 0.028432 0.028432 0.028432 0.028432 0.028431 0.028430 0.028424 0.028404 0.028334 0.028121 0.027540 0.026141 0.023202 0.017910 0.009914 0.000000 
50.000000 34.160230 20.804813 11.258409 5.420243 2.332141 0.903496 0.319275 0.106037 0.035963 0.015069 0.009378 0.007953 0.007623 0.007552 0.007538 0.007536 0.007535 0.007535 0.007535 0.007535 0.007535 0.007535 0.007535 0.007535 0.007535 0.007535 0.007535 0.007535 0.007535 0.007535 0.007535 0.007535 0.007535 0.007535 0.007535 0.007535 0.007535 0.007535 0.007535 0.007533 0.007527 0.007508 0.007449 0.007290 0.006910 0.006120 0.004711 0.002601 0.000000 
50.000000 34.158410 20.801463 11.253973 5.415149 2.326703 0.897901 0.313616 0.100356 0.030274 0.009378 0.003686 0.002261 0.001931 0.001860 0.001846 0.001843 0.001843 0.001843 0.001843 0.001843 0.001843 0.001843 0.001843 0.001843 0.001843 0.001843 0.001843 0.001843 0.001843 0.001843 0.001843 0.001843 0.001843 0.001843 0.001843 0.001843 0.001843 0.001843 0.001843 0.001842 0.001841 0.001836 0.001821 0.001781 0.001687 0.001491 0.001146 0.000631 0.000000 
50.000000 34.157954 20.800624 11.252862 5.413873 2.325341 0.896500 0.312199 0.098933 0.028849 0.007953 0.002261 0.000836 0.000506 0.000435 0.000421 0.000418 0.000418 0.000418 0.000418 0.000418 0.000418 0.000418 0.000418 0.000418 0.000418 0.000418 0.000418 0.000418 0.000418 0.000418 0.000418 0.000418 0.000418 0.000418 0.000418 0.000418 0.000418 0.000418 0.000418 0.000418 0.000417 0.000416 0.000413 0.000404 0.000382 0.000337 0.000259 0.000142 0.000000 
50.000000 34.157848 20.800429 11.252604 5.413578 2.325026 0.896176 0.311871 0.098604 0.028520 0.007623 0.001931 0.000506 0.000176 0.000106 0.000091 0.000089 0.000088 0.000088 0.000088 0.000088 0.000088 0.000088 0.000088 0.000088 0.000088 0.000088 0.000088 0.000088 0.000088 0.000088 0.000088 0.000088 0.000088 0.000088 0.000088 0.000088 0.000088 0.000088 0.000088 0.000088 0.000088 0.000088 0.000087 0.000085 0.000081 0.000071 0.000054 0.000030 0.000000 
50.000000 34.157826 20.800387 11.252549 5.413514 2.324958 0.896106 0.311801 0.098533 0.028449 0.007552 0.001860 0.000435 0.000106 0.000035 0.000021 0.000018 0.000017 0.000017 0.000017 0.000017 0.000017 0.000017 0.000017 0.000017 0.000017 0.000017 0.000017 0.000017 0.000017 0.000017 0.000017 0.000017 0.000017 0.000017 0.000017 0.000017 0.000017 0.000017 0.000017 0.000017 0.000017 0.000017 0.000017 0.000017 0.000016 0.000014 0.000011 0.000006 0.000000 
50.000000 34.157821 20.800379 11.252538 5.413502 2.324945 0.896092 0.311787 0.098519 0.028435 0.007538 0.001846 0.000421 0.000091 0.000021 0.000006 0.000004 0.000003 0.000003 0.000003 0.000003 0.000003 0.000003 0.000003 0.000003 0.000003 0.000003 0.000003 0.000003 0.000003 0.000003 0.000003 0.000003 0.000003 0.000003 0.000003 0.000003 0.000003 0.000003 0.000003 0.000003 0.000003 0.000003 0.000003 0.000003 0.000003 0.000003 0.000002 0.000001 0.000000 
50.000000 34.157820 20.800377 11.252536 5.413499 2.324942 0.896089 0.311784 0.098516 0.028432 0.007536 0.001843 0.000418 0.000089 0.000018 0.000004 0.000001 0.000001 0.000001 0.000001 0.000001 0.000001 0.000001 0.000001 0.000001 0.000001 0.000001 0.000001 0.000001 0.000001 0.000001 0.000001 0.000001 0.000001 0.000001 0.000001 0.000001 0.000001 0.000001 0.000001 0.000001 0.000001 0.000001 0.000001 0.000001 0.000001 0.000000 0.000000 0.000000 0.000000 
50.000000 34.157820 20.800377 11.252536 5.413499 2.324942 0.896089 0.311784 0.098516 0.028432 0.007535 0.001843 0.000418 0.000088 0.000017 0.000003 0.000001 0.000000 0.000000 0.000000 0.000000 0.000000 0.000000 0.000000 0.000000 0.000000 0.000000 0.000000 0.000000 0.000000 0.000000 0.000000 0.000000 0.000000 0.000000 0.000000 0.000000 0.000000 0.000000 0.000000 0.000000 0.000000 0.000000 0.000000 0.000000 0.000000 0.000000 0.000000 0.000000 0.000000 
50.000000 34.157820 20.800377 11.252536 5.413499 2.324942 0.896089 0.311784 0.098516 0.028432 0.007535 0.001843 0.000418 0.000088 0.000017 0.000003 0.000001 0.000000 0.000000 0.000000 0.000000 0.000000 0.000000 0.000000 0.000000 0.000000 0.000000 0.000000 0.000000 0.000000 0.000000 0.000000 0.000000 0.000000 0.000000 0.000000 0.000000 0.000000 0.000000 0.000000 0.000000 0.000000 0.000000 0.000000 0.000000 0.000000 0.000000 0.000000 0.000000 0.000000 
50.000000 34.157820 20.800377 11.252535 5.413499 2.324942 0.896089 0.311783 0.098516 0.028432 0.007535 0.001843 0.000418 0.000088 0.000017 0.000003 0.000001 0.000000 0.000000 0.000000 0.000000 0.000000 0.000000 0.000000 0.000000 0.000000 0.000000 0.000000 0.000000 0.000000 0.000000 0.000000 0.000000 0.000000 0.000000 0.000000 0.000000 0.000000 0.000000 0.000000 0.000000 0.000000 0.000000 0.000000 0.000000 0.000000 0.000000 0.000000 0.000000 0.000000 
50.000000 34.157820 20.800377 11.252535 5.413499 2.324942 0.896089 0.311783 0.098516 0.028432 0.007535 0.001843 0.000418 0.000088 0.000017 0.000003 0.000001 0.000000 0.000000 0.000000 0.000000 0.000000 0.000000 0.000000 0.000000 0.000000 0.000000 0.000000 0.000000 0.000000 0.000000 0.000000 0.000000 0.000000 0.000000 0.000000 0.000000 0.000000 0.000000 0.000000 0.000000 0.000000 0.000000 0.000000 0.000000 0.000000 0.000000 0.000000 0.000000 0.000000 
50.000000 34.157820 20.800377 11.252535 5.413499 2.324942 0.896089 0.311783 0.098516 0.028432 0.007535 0.001843 0.000418 0.000088 0.000017 0.000003 0.000001 0.000000 0.000000 0.000000 0.000000 0.000000 0.000000 0.000000 0.000000 0.000000 0.000000 0.000000 0.000000 0.000000 0.000000 0.000000 0.000000 0.000000 0.000000 0.000000 0.000000 0.000000 0.000000 0.000000 0.000000 0.000000 0.000000 0.000000 0.000000 0.000000 0.000000 0.000000 0.000000 0.000000 
50.000000 34.157820 20.800377 11.252535 5.413499 2.324942 0.896089 0.311783 0.098516 0.028432 0.007535 0.001843 0.000418 0.000088 0.000017 0.000003 0.000001 0.000000 0.000000 0.000000 0.000000 0.000000 0.000000 0.000000 0.000000 0.000000 0.000000 0.000000 0.000000 0.000000 0.000000 0.000000 0.000000 0.000000 0.000000 0.000000 0.000000 0.000000 0.000000 0.000000 0.000000 0.000000 0.000000 0.000000 0.000000 0.000000 0.000000 0.000000 0.000000 0.000000 
50.000000 34.157820 20.800377 11.252535 5.413499 2.324942 0.896089 0.311783 0.098516 0.028432 0.007535 0.001843 0.000418 0.000088 0.000017 0.000003 0.000001 0.000000 0.000000 0.000000 0.000000 0.000000 0.000000 0.000000 0.000000 0.000000 0.000000 0.000000 0.000000 0.000000 0.000000 0.000000 0.000000 0.000000 0.000000 0.000000 0.000000 0.000000 0.000000 0.000000 0.000000 0.000000 0.000000 0.000000 0.000000 0.000000 0.000000 0.000000 0.000000 0.000000 
50.000000 34.157820 20.800377 11.252535 5.413499 2.324942 0.896089 0.311783 0.098516 0.028432 0.007535 0.001843 0.000418 0.000088 0.000017 0.000003 0.000001 0.000000 0.000000 0.000000 0.000000 0.000000 0.000000 0.000000 0.000000 0.000000 0.000000 0.000000 0.000000 0.000000 0.000000 0.000000 0.000000 0.000000 0.000000 0.000000 0.000000 0.000000 0.000000 0.000000 0.000000 0.000000 0.000000 0.000000 0.000000 0.000000 0.000000 0.000000 0.000000 0.000000 
50.000000 34.157820 20.800377 11.252535 5.413499 2.324942 0.896089 0.311783 0.098516 0.028432 0.007535 0.001843 0.000418 0.000088 0.000017 0.000003 0.000001 0.000000 0.000000 0.000000 0.000000 0.000000 0.000000 0.000000 0.000000 0.000000 0.000000 0.000000 0.000000 0.000000 0.000000 0.000000 0.000000 0.000000 0.000000 0.000000 0.000000 0.000000 0.000000 0.000000 0.000000 0.000000 0.000000 0.000000 0.000000 0.000000 0.000000 0.000000 0.000000 0.000000 
50.000000 34.157820 20.800377 11.252535 5.413499 2.324942 0.896089 0.311783 0.098516 0.028432 0.007535 0.001843 0.000418 0.000088 0.000017 0.000003 0.000001 0.000000 0.000000 0.000000 0.000000 0.000000 0.000000 0.000000 0.000000 0.000000 0.000000 0.000000 0.000000 0.000000 0.000000 0.000000 0.000000 0.000000 0.000000 0.000000 0.000000 0.000000 0.000000 0.000000 0.000000 0.000000 0.000000 0.000000 0.000000 0.000000 0.000000 0.000000 0.000000 0.000000 
50.000000 34.157820 20.800377 11.252535 5.413499 2.324942 0.896089 0.311783 0.098516 0.028432 0.007535 0.001843 0.000418 0.000088 0.000017 0.000003 0.000001 0.000000 0.000000 0.000000 0.000000 0.000000 0.000000 0.000000 0.000000 0.000000 0.000000 0.000000 0.000000 0.000000 0.000000 0.000000 0.000000 0.000000 0.000000 0.000000 0.000000 0.000000 0.000000 0.000000 0.000000 0.000000 0.000000 0.000000 0.000000 0.000000 0.000000 0.000000 0.000000 0.000000 
50.000000 34.157820 20.800377 11.252535 5.413499 2.324942 0.896089 0.311783 0.098516 0.028432 0.007535 0.001843 0.000418 0.000088 0.000017 0.000003 0.000001 0.000000 0.000000 0.000000 0.000000 0.000000 0.000000 0.000000 0.000000 0.000000 0.000000 0.000000 0.000000 0.000000 0.000000 0.000000 0.000000 0.000000 0.000000 0.000000 0.000000 0.000000 0.000000 0.000000 0.000000 0.000000 0.000000 0.000000 0.000000 0.000000 0.000000 0.000000 0.000000 0.000000 
50.000000 34.157820 20.800377 11.252535 5.413499 2.324942 0.896089 0.311783 0.098516 0.028432 0.007535 0.001843 0.000418 0.000088 0.000017 0.000003 0.000001 0.000000 0.000000 0.000000 0.000000 0.000000 0.000000 0.000000 0.000000 0.000000 0.000000 0.000000 0.000000 0.000000 0.000000 0.000000 0.000000 0.000000 0.000000 0.000000 0.000000 0.000000 0.000000 0.000000 0.000000 0.000000 0.000000 0.000000 0.000000 0.000000 0.000000 0.000000 0.000000 0.000000 
50.000000 34.157820 20.800377 11.252535 5.413499 2.324942 0.896089 0.311783 0.098516 0.028432 0.007535 0.001843 0.000418 0.000088 0.000017 0.000003 0.000001 0.000000 0.000000 0.000000 0.000000 0.000000 0.000000 0.000000 0.000000 0.000000 0.000000 0.000000 0.000000 0.000000 0.000000 0.000000 0.000000 0.000000 0.000000 0.000000 0.000000 0.000000 0.000000 0.000000 0.000000 0.000000 0.000000 0.000000 0.000000 0.000000 0.000000 0.000000 0.000000 0.000000 
50.000000 34.157820 20.800377 11.252536 5.413499 2.324942 0.896089 0.311784 0.098516 0.028432 0.007535 0.001843 0.000418 0.000088 0.000017 0.000003 0.000001 0.000000 0.000000 0.000000 0.000000 0.000000 0.000000 0.000000 0.000000 0.000000 0.000000 0.000000 0.000000 0.000000 0.000000 0.000000 0.000000 0.000000 0.000000 0.000000 0.000000 0.000000 0.000000 0.000000 0.000000 0.000000 0.000000 0.000000 0.000000 0.000000 0.000000 0.000000 0.000000 0.000000 
50.000000 34.157820 20.800377 11.252536 5.413499 2.324942 0.896089 0.311784 0.098516 0.028432 0.007535 0.001843 0.000418 0.000088 0.000017 0.000003 0.000001 0.000000 0.000000 0.000000 0.000000 0.000000 0.000000 0.000000 0.000000 0.000000 0.000000 0.000000 0.000000 0.000000 0.000000 0.000000 0.000000 0.000000 0.000000 0.000000 0.000000 0.000000 0.000000 0.000000 0.000000 0.000000 0.000000 0.000000 0.000000 0.000000 0.000000 0.000000 0.000000 0.000000 
50.000000 34.157820 20.800377 11.252536 5.413499 2.324942 0.896089 0.311784 0.098516 0.028432 0.007536 0.001843 0.000418 0.000089 0.000018 0.000004 0.000001 0.000001 0.000001 0.000001 0.000001 0.000001 0.000001 0.000001 0.000001 0.000001 0.000001 0.000001 0.000001 0.000001 0.000001 0.000001 0.000001 0.000001 0.000001 0.000001 0.000001 0.000001 0.000001 0.000001 0.000001 0.000001 0.000001 0.000001 0.000001 0.000001 0.000000 0.000000 0.000000 0.000000 
50.000000 34.157821 20.800379 11.252538 5.413502 2.324945 0.896092 0.311787 0.098519 0.028435 0.007538 0.001846 0.000421 0.000091 0.000021 0.000006 0.000004 0.000003 0.000003 0.000003 0.000003 0.000003 0.000003 0.000003 0.000003 0.000003 0.000003 0.000003 0.000003 0.000003 0.000003 0.000003 0.000003 0.000003 0.000003 0.000003 0.000003 0.000003 0.000003 0.000003 0.000003 0.000003 0.000003 0.000003 0.000003 0.000003 0.000003 0.000002 0.000001 0.000000 
50.000000 34.157826 20.800387 11.252549 5.413514 2.324958 0.896106 0.311801 0.098533 0.028449 0.007552 0.001860 0.000435 0.000106 0.000035 0.000021 0.000018 0.000017 0.000017 0.000017 0.000017 0.000017 0.000017 0.000017 0.000017 0.000017 0.000017 0.000017 0.000017 0.000017 0.000017 0.000017 0.000017 0.000017 0.000017 0.000017 0.000017 0.000017 0.000017 0.000017 0.000017 0.000017 0.000017 0.000017 0.000017 0.000016 0.000014 0.000011 0.000006 0.000000 
50.000000 34.157848 20.800429 11.252604 5.413578 2.325026 0.896176 0.311871 0.098604 0.028520 0.007623 0.001931 0.000506 0.000176 0.000106 0.000091 0.000089 0.000088 0.000088 0.000088 0.000088 0.000088 0.000088 0.000088 0.000088 0.000088 0.000088 0.000088 0.000088 0.000088 0.000088 0.000088 0.000088 0.000088 0.000088 0.000088 0.000088 0.000088 0.000088 0.000088 0.000088 0.000088 0.000088 0.000087 0.000085 0.000081 0.000071 0.000054 0.000030 0.000000 
50.000000 34.157954 20.800624 11.252862 5.413873 2.325341 0.896500 0.312199 0.098933 0.028849 0.007953 0.002261 0.000836 0.000506 0.000435 0.000421 0.000418 0.000418 0.000418 0.000418 0.000418 0.000418 0.000418 0.000418 0.000418 0.000418 0.000418 0.000418 0.000418 0.000418 0.000418 0.000418 0.000418 0.000418 0.000418 0.000418 0.000418 0.000418 0.000418 0.000418 0.000418 0.000417 0.000416 0.000413 0.000404 0.000382 0.000337 0.000259 0.000142 0.000000 
50.000000 34.158410 20.801463 11.253973 5.415149 2.326703 0.897901 0.313616 0.100356 0.030274 0.009378 0.003686 0.002261 0.001931 0.001860 0.001846 0.001843 0.001843 0.001843 0.001843 0.001843 0.001843 0.001843 0.001843 0.001843 0.001843 0.001843 0.001843 0.001843 0.001843 0.001843 0.001843 0.001843 0.001843 0.001843 0.001843 0.001843 0.001843 0.001843 0.001843 0.001842 0.001841 0.001836 0.001821 0.001781 0.001687 0.001491 0.001146 0.000631 0.000000 
50.000000 34.160230 20.804813 11.258409 5.420243 2.332141 0.903496 0.319275 0.106037 0.035963 0.015069 0.009378 0.007953 0.007623 0.007552 0.007538 0.007536 0.007535 0.007535 0.007535 0.007535 0.007535 0.007535 0.007535 0.007535 0.007535 0.007535 0.007535 0.007535 0.007535 0.007535 0.007535 0.007535 0.007535 0.007535 0.007535 0.007535 0.007535 0.007535 0.007535 0.007533 0.007527 0.007508 0.007449 0.007290 0.006910 0.006120 0.004711 0.002601 0.000000 
50.000000 34.166903 20.817094 11.274679 5.438933 2.352100 0.924036 0.340049 0.126896 0.056849 0.035963 0.030274 0.028849 0.028520 0.028449 0.028435 0.028432 0.028432 0.028432 0.028432 0.028432 0.028432 0.028432 0.028432 0.028432 0.028432 0.028432 0.028432 0.028432 0.028432 0.028432 0.028432 0.028432 0.028432 0.028432 0.028432 0.028432 0.028432 0.028431 0.028430 0.028424 0.028404 0.028334 0.028121 0.027540 0.026141 0.023202 0.017910 0.009914 0.000000 
50.000000 34.189250 20.858240 11.329201 5.501585 2.419019 0.992911 0.409717 0.196850 0.126896 0.106037 0.100356 0.098933 0.098604 0.098533 0.098519 0.098516 0.098516 0.098516 0.098516 0.098516 0.098516 0.098516 0.098516 0.098516 0.098516 0.098516 0.098516 0.098516 0.098516 0.098516 0.098516 0.098516 0.098516 0.098516 0.098516 0.098516 0.098516 0.098515 0.098510 0.098492 0.098425 0.098197 0.097496 0.095569 0.090874 0.080888 0.062675 0.034822 0.000000 
50.000000 34.257167 20.983314 11.494984 5.692140 2.622597 1.202472 0.621705 0.409717 0.340049 0.319275 0.313616 0.312199 0.311871 0.311801 0.311787 0.311784 0.311784 0.311784 0.311783 0.311783 0.311783 0.311783 0.311783 0.311783 0.311783 0.311783 0.311783 0.311783 0.311783 0.311783 0.311783 0.311783 0.311783 0.311783 0.311783 0.311783 0.311783 0.311780 0.311767 0.311715 0.311520 0.310852 0.308783 0.303026 0.288802 0.258061 0.201009 0.112267 0.000000 
50.000000 34.443016 21.325640 11.948856 6.213971 3.180207 1.776546 1.202472 0.992911 0.924036 0.903496 0.897901 0.896500 0.896176 0.896106 0.896092 0.896089 0.896089 0.896089 0.896089 0.896089 0.896089 0.896089 0.896089 0.896089 0.896089 0.896089 0.896089 0.896089 0.896089 0.896089 0.896089 0.896089 0.896089 0.896089 0.896089 0.896088 0.896087 0.896080 0.896047 0.895915 0.895415 0.893688 0.888273 0.872980 0.834523 0.749635 0.588285 0.331172 0.000000 
50.000000 34.896973 22.161969 13.057982 7.489482 4.543439 3.180207 2.622597 2.419019 2.352100 2.332141 2.326703 2.325341 2.325026 2.324958 2.324945 2.324942 2.324942 2.324942 2.324942 2.324942 2.324942 2.324942 2.324942 2.324942 2.324942 2.324942 2.324942 2.324942 2.324942 2.324942 2.324942 2.324942 2.324942 2.324942 2.324941 2.324941 2.324937 2.324922 2.324851 2.324559 2.323449 2.319571 2.307227 2.271719 2.180356 1.972923 1.565327 0.892241 0.000000 
50.000000 35.877214 23.968195 15.453920 10.245467 7.489482 6.213971 5.692140 5.501585 5.438933 5.420243 5.415149 5.413873 5.413578 5.413514 5.413502 5.413499 5.413499 5.413499 5.413499 5.413499 5.413499 5.413499 5.413499 5.413499 5.413499 5.413499 5.413499 5.413499 5.413499 5.413499 5.413499 5.413499 5.413499 5.413499 5.413498 5.413497 5.413491 5.413462 5.413332 5.412792 5.410711 5.403338 5.379448 5.309126 5.122733 4.683187 3.777756 2.198749 0.000000 
50.000000 37.728728 27.380376 19.981047 15.453920 13.057982 11.948856 11.494984 11.329201 11.274679 11.258409 11.253973 11.252862 11.252604 11.252549 11.252538 11.252536 11.252536 11.252536 11.252535 11.252535 11.252535 11.252535 11.252535 11.252535 11.252535 11.252535 11.252535 11.252535 11.252535 11.252535 11.252535 11.252535 11.252535 11.252535 11.252535 11.252533 11.252525 11.252482 11.252289 11.251477 11.248313 11.236923 11.199222 11.085059 10.770734 9.990524 8.269717 4.996274 0.000000 
50.000000 40.754056 32.956483 27.380376 23.968195 22.161969 21.325640 20.983314 20.858240 20.817094 20.804813 20.801463 20.800624 20.800429 20.800387 20.800379 20.800377 20.800377 20.800377 20.800377 20.800377 20.800377 20.800377 20.800377 20.800377 20.800377 20.800377 20.800377 20.800377 20.800377 20.800377 20.800377 20.800377 20.800377 20.800377 20.800377 20.800375 20.800365 20.800318 20.800102 20.799185 20.795565 20.782305 20.737355 20.596642 20.190438 19.110659 16.478241 10.690441 0.000000 
50.000000 44.984271 40.754056 37.728728 35.877214 34.896973 34.443016 34.257167 34.189250 34.166903 34.160230 34.158410 34.157954 34.157848 34.157826 34.157821 34.157820 34.157820 34.157820 34.157820 34.157820 34.157820 34.157820 34.157820 34.157820 34.157820 34.157820 34.157820 34.157820 34.157820 34.157820 34.157820 34.157820 34.157820 34.157820 34.157820 34.157819 34.157812 34.157779 34.157629 34.156988 34.154428 34.144899 34.111845 34.004732 33.678465 32.732455 30.063615 22.492135 0.000000 
50.000000 50.000000 50.000000 50.000000 50.000000 50.000000 50.000000 50.000000 50.000000 50.000000 50.000000 50.000000 50.000000 50.000000 50.000000 50.000000 50.000000 50.000000 50.000000 50.000000 50.000000 50.000000 50.000000 50.000000 50.000000 50.000000 50.000000 50.000000 50.000000 50.000000 50.000000 50.000000 50.000000 50.000000 50.000000 50.000000 50.000000 50.000000 50.000000 50.000000 50.000000 50.000000 50.000000 50.000000 50.000000 50.000000 50.000000 50.000000 50.000000 50.000000 
