50.000000 50.000000 50.000000 50.000000 50.000000 50.000000 50.000000 50.000000 50.000000 50.000000 50.000000 50.000000 50.000000 50.000000 50.000000 50.000000 50.000000 50.000000 50.000000 50.000000 50.000000 50.000000 50.000000 50.000000 50.000000 50.000000 50.000000 50.000000 50.000000 50.000000 50.000000 50.000000 50.000000 50.000000 50.000000 50.000000 50.000000 50.000000 50.000000 50.000000 50.000000 50.000000 50.000000 50.000000 50.000000 50.000000 50.000000 50.000000 50.000000 50.000000 
50.000000 48.278943 46.650815 45.193512 43.958917 42.968480 42.215591 41.672880 41.301587 41.060270 40.911117 40.823353 40.774135 40.747799 40.734337 40.727756 40.724676 40.723294 40.722700 40.722454 40.722356 40.722318 40.722305 40.722300 40.722298 40.722297 40.722297 40.722297 40.722296 40.722294 40.722288 40.722272 40.722230 40.722120 40.721848 40.721194 40.719670 40.716240 40.708764 40.692972 40.660567 40.595794 40.469102 40.225000 39.757043 38.850947 37.039396 33.184815 24.139472 0.000000 
50.000000 46.650815 43.482473 40.646569 38.244064 36.316702 34.851612 33.795529 33.073025 32.603448 32.313216 32.142442 32.046673 31.995428 31.969235 31.956431 31.950438 31.947749 31.946592 31.946113 31.945923 31.945850 31.945823 31.945814 31.945811 31.945809 31.945809 31.945808 31.945807 31.945803 31.945793 31.945764 31.945687 31.945489 31.944997 31.943817 31.941076 31.934927 31.921581 31.893537 31.836410 31.723358 31.505383 31.094284 30.331966 28.933580 26.381368 21.741237 13.466000 0.000000 
50.000000 45.193512 40.646569 36.576733 33.128901 30.362974 28.260472 26.744946 25.708138 25.034298 24.617827 24.372778 24.235359 24.161831 24.124248 24.105877 24.097279 24.093422 24.091762 24.091075 24.090802 24.090698 24.090659 24.090645 24.090641 24.090639 24.090638 24.090638 24.090636 24.090631 24.090618 24.090581 24.090483 24.090231 24.089608 24.088115 24.084665 24.076961 24.060342 24.025698 23.955851 23.819519 23.561556 23.087626 22.241006 20.769730 18.288366 14.265201 8.154115 0.000000 
50.000000 43.958917 38.244064 33.128901 28.795545 25.319275 22.676853 20.772179 19.469174 18.622348 18.098975 17.791035 17.618354 17.525961 17.478738 17.455655 17.444852 17.440006 17.437920 17.437058 17.436715 17.436583 17.436535 17.436518 17.436512 17.436510 17.436509 17.436508 17.436506 17.436501 17.436487 17.436448 17.436343 17.436077 17.435418 17.433848 17.430235 17.422217 17.405051 17.369600 17.298975 17.163235 16.911510 16.461182 15.684732 14.397772 12.359172 9.310484 5.107970 0.000000 
50.000000 42.968480 36.316702 30.362974 25.319275 21.273220 18.197742 15.980964 14.464483 13.478946 12.869862 12.511504 12.310558 12.203045 12.148096 12.121238 12.108669 12.103031 12.100604 12.099601 12.099202 12.099049 12.098993 12.098973 12.098966 12.098963 12.098963 12.098962 12.098960 12.098955 12.098942 12.098905 12.098807 12.098558 12.097945 12.096491 12.093165 12.085831 12.070256 12.038414 11.975763 11.857210 11.641620 11.265367 10.636610 9.634543 8.121968 5.984736 3.211438 0.000000 
50.000000 42.215591 34.851612 28.260472 22.676853 18.197742 14.793152 12.339207 10.660524 9.569604 8.895413 8.498761 8.276350 8.157357 8.096544 8.066820 8.052911 8.046672 8.043987 8.042876 8.042435 8.042266 8.042204 8.042182 8.042174 8.042171 8.042170 8.042170 8.042168 8.042164 8.042153 8.042121 8.042038 8.041828 8.041313 8.040097 8.037330 8.031273 8.018517 7.992698 7.942515 7.848951 7.681853 7.396576 6.932375 6.215671 5.172845 3.757328 1.990591 0.000000 
50.000000 41.672880 33.795529 26.744946 20.772179 15.980964 12.339207 9.714372 7.918829 6.751997 6.030913 5.606686 5.368821 5.241564 5.176530 5.144745 5.129872 5.123201 5.120329 5.119142 5.118670 5.118490 5.118423 5.118399 5.118391 5.118388 5.118387 5.118387 5.118386 5.118382 5.118373 5.118349 5.118284 5.118122 5.117725 5.116791 5.114681 5.110093 5.100509 5.081297 5.044383 4.976490 4.857186 4.657354 4.339344 3.860669 3.183390 2.290146 1.203778 0.000000 
50.000000 41.301587 33.073025 25.708138 19.469174 14.464483 10.660524 7.918829 6.043386 4.824660 4.071524 3.628454 3.380030 3.247129 3.179213 3.146020 3.130489 3.123523 3.120525 3.119285 3.118792 3.118604 3.118534 3.118509 3.118501 3.118498 3.118497 3.118497 3.118496 3.118493 3.118487 3.118469 3.118423 3.118306 3.118022 3.117359 3.115868 3.112647 3.105972 3.092711 3.067498 3.021693 2.942339 2.811573 2.607274 2.305939 1.888619 1.349667 0.705793 0.000000 
50.000000 41.060270 32.603448 25.034298 18.622348 13.478946 9.569604 6.751997 4.824660 3.572234 2.798290 2.342988 2.087712 1.951150 1.881364 1.847258 1.831300 1.824143 1.821063 1.819789 1.819283 1.819089 1.819018 1.818993 1.818984 1.818981 1.818980 1.818980 1.818979 1.818977 1.818973 1.818961 1.818930 1.818852 1.818663 1.818223 1.817239 1.815129 1.810786 1.802230 1.786117 1.757162 1.707614 1.627089 1.503182 1.323373 1.078447 0.767038 0.399703 0.000000 
50.000000 40.911117 32.313216 24.617827 18.098975 12.869862 8.895413 6.030913 4.071524 2.798290 2.011500 1.548648 1.289145 1.150324 1.079385 1.044717 1.028496 1.021221 1.018090 1.016796 1.016281 1.016084 1.016012 1.015986 1.015977 1.015974 1.015973 1.015973 1.015972 1.015971 1.015968 1.015961 1.015941 1.015892 1.015774 1.015501 1.014892 1.013593 1.010939 1.005750 0.996060 0.978814 0.949616 0.902714 0.831449 0.729375 0.592129 0.419679 0.218145 0.000000 
50.000000 40.823353 32.142442 24.372778 17.791035 12.511504 8.498761 5.606686 3.628454 2.342988 1.548648 1.081361 0.819375 0.679227 0.607612 0.572614 0.556238 0.548894 0.545734 0.544427 0.543908 0.543709 0.543636 0.543610 0.543601 0.543598 0.543597 0.543597 0.543596 0.543596 0.543594 0.543590 0.543578 0.543549 0.543480 0.543319 0.542964 0.542211 0.540681 0.537709 0.532202 0.522482 0.506177 0.480244 0.441248 0.385984 0.312435 0.220861 0.114589 0.000000 
50.000000 40.774135 32.046673 24.235359 17.618354 12.310558 8.276350 5.368821 3.380030 2.087712 1.289145 0.819375 0.555999 0.415109 0.343115 0.307932 0.291471 0.284088 0.280911 0.279598 0.279076 0.278876 0.278803 0.278776 0.278767 0.278764 0.278763 0.278763 0.278763 0.278762 0.278762 0.278759 0.278752 0.278736 0.278698 0.278609 0.278413 0.278000 0.277164 0.275552 0.272584 0.267383 0.258728 0.245077 0.224727 0.196137 0.158398 0.111746 0.057895 0.000000 
50.000000 40.747799 31.995428 24.161831 17.525961 12.203045 8.157357 5.241564 3.247129 1.951150 1.150324 0.679227 0.415109 0.273823 0.201627 0.166346 0.149838 0.142435 0.139250 0.137933 0.137409 0.137209 0.137135 0.137108 0.137099 0.137096 0.137096 0.137095 0.137095 0.137095 0.137094 0.137093 0.137090 0.137081 0.137061 0.137014 0.136911 0.136696 0.136263 0.135432 0.133910 0.131262 0.126883 0.120027 0.109880 0.095726 0.077166 0.054352 0.028129 0.000000 
50.000000 40.734337 31.969235 24.124248 17.478738 12.148096 8.096544 5.176530 3.179213 1.881364 1.079385 0.607612 0.343115 0.201627 0.129328 0.093997 0.077466 0.070052 0.066862 0.065543 0.065019 0.064818 0.064744 0.064718 0.064709 0.064706 0.064705 0.064705 0.064705 0.064704 0.064704 0.064703 0.064702 0.064697 0.064687 0.064664 0.064613 0.064506 0.064292 0.063884 0.063141 0.061854 0.059739 0.056447 0.051605 0.044890 0.036133 0.025418 0.013144 0.000000 
50.000000 40.727756 31.956431 24.105877 17.455655 12.121238 8.066820 5.144745 3.146020 1.847258 1.044717 0.572614 0.307932 0.166346 0.093997 0.058641 0.042099 0.034680 0.031488 0.030168 0.029643 0.029443 0.029369 0.029342 0.029333 0.029330 0.029329 0.029329 0.029329 0.029329 0.029329 0.029328 0.029327 0.029325 0.029321 0.029309 0.029285 0.029235 0.029134 0.028943 0.028596 0.027998 0.027021 0.025507 0.023293 0.020237 0.016270 0.011433 0.005908 0.000000 
50.000000 40.724676 31.950438 24.097279 17.444852 12.108669 8.052911 5.129872 3.130489 1.831300 1.028496 0.556238 0.291471 0.149838 0.077466 0.042099 0.025551 0.018130 0.014937 0.013617 0.013092 0.012891 0.012817 0.012791 0.012782 0.012779 0.012778 0.012777 0.012777 0.012777 0.012777 0.012777 0.012777 0.012776 0.012773 0.012768 0.012757 0.012735 0.012689 0.012604 0.012449 0.012183 0.011750 0.011083 0.010111 0.008776 0.007048 0.004949 0.002556 0.000000 
50.000000 40.723294 31.947749 24.093422 17.440006 12.103031 8.046672 5.123201 3.123523 1.824143 1.021221 0.548894 0.284088 0.142435 0.070052 0.034680 0.018130 0.010708 0.007514 0.006194 0.005669 0.005468 0.005394 0.005368 0.005359 0.005356 0.005355 0.005355 0.005354 0.005354 0.005354 0.005354 0.005354 0.005354 0.005353 0.005351 0.005346 0.005336 0.005316 0.005280 0.005213 0.005100 0.004916 0.004634 0.004224 0.003663 0.002940 0.002063 0.001065 0.000000 
50.000000 40.722700 31.946592 24.091762 17.437920 12.100604 8.043987 5.120329 3.120525 1.821063 1.018090 0.545734 0.280911 0.139250 0.066862 0.031488 0.014937 0.007514 0.004320 0.003000 0.002475 0.002274 0.002200 0.002174 0.002165 0.002162 0.002161 0.002160 0.002160 0.002160 0.002160 0.002160 0.002160 0.002160 0.002159 0.002159 0.002157 0.002152 0.002144 0.002129 0.002102 0.002056 0.001981 0.001866 0.001700 0.001473 0.001181 0.000828 0.000427 0.000000 
50.000000 40.722454 31.946113 24.091075 17.437058 12.099601 8.042876 5.119142 3.119285 1.819789 1.016796 0.544427 0.279598 0.137933 0.065543 0.030168 0.013617 0.006194 0.003000 0.001679 0.001154 0.000953 0.000879 0.000853 0.000844 0.000841 0.000840 0.000840 0.000840 0.000840 0.000840 0.000840 0.000840 0.000840 0.000839 0.000839 0.000838 0.000837 0.000833 0.000827 0.000817 0.000798 0.000769 0.000724 0.000659 0.000571 0.000457 0.000321 0.000165 0.000000 
50.000000 40.722356 31.945923 24.090802 17.436715 12.099202 8.042435 5.118670 3.118792 1.819283 1.016281 0.543908 0.279076 0.137409 0.065019 0.029643 0.013092 0.005669 0.002475 0.001154 0.000629 0.000429 0.000354 0.000328 0.000319 0.000316 0.000315 0.000315 0.000315 0.000315 0.000315 0.000315 0.000315 0.000315 0.000315 0.000314 0.000314 0.000314 0.000312 0.000310 0.000306 0.000299 0.000288 0.000271 0.000247 0.000213 0.000171 0.000120 0.000062 0.000000 
50.000000 40.722318 31.945850 24.090698 17.436583 12.099049 8.042266 5.118490 3.118604 1.819089 1.016084 0.543709 0.278876 0.137209 0.064818 0.029443 0.012891 0.005468 0.002274 0.000953 0.000429 0.000228 0.000154 0.000127 0.000118 0.000115 0.000114 0.000114 0.000114 0.000114 0.000114 0.000114 0.000114 0.000114 0.000114 0.000114 0.000114 0.000113 0.000113 0.000112 0.000111 0.000108 0.000104 0.000098 0.000089 0.000077 0.000062 0.000043 0.000022 0.000000 
50.000000 40.722305 31.945823 24.090659 17.436535 12.098993 8.042204 5.118423 3.118534 1.819018 1.016012 0.543636 0.278803 0.137135 0.064744 0.029369 0.012817 0.005394 0.002200 0.000880 0.000355 0.000154 0.000080 0.000053 0.000044 0.000041 0.000040 0.000040 0.000040 0.000040 0.000040 0.000040 0.000040 0.000040 0.000040 0.000040 0.000040 0.000040 0.000040 0.000039 0.000039 0.000038 0.000036 0.000034 0.000031 0.000027 0.000022 0.000015 0.000008 0.000000 
50.000000 40.722300 31.945814 24.090646 17.436518 12.098973 8.042182 5.118400 3.118510 1.818993 1.015986 0.543610 0.278777 0.137109 0.064718 0.029343 0.012791 0.005368 0.002174 0.000853 0.000329 0.000128 0.000054 0.000027 0.000018 0.000015 0.000014 0.000014 0.000014 0.000014 0.000014 0.000014 0.000014 0.000014 0.000014 0.000014 0.000014 0.000014 0.000014 0.000014 0.000013 0.000013 0.000013 0.000012 0.000011 0.000009 0.000007 0.000005 0.000003 0.000000 
50.000000 40.722298 31.945811 24.090641 17.436513 12.098967 8.042175 5.118392 3.118502 1.818985 1.015978 0.543602 0.278769 0.137101 0.064710 0.029335 0.012783 0.005360 0.002166 0.000845 0.000320 0.000120 0.000046 0.000019 0.000010 0.000007 0.000006 0.000006 0.000006 0.000006 0.000006 0.000006 0.000006 0.000006 0.000006 0.000006 0.000006 0.000006 0.000006 0.000006 0.000006 0.000005 0.000005 0.000005 0.000004 0.000004 0.000003 0.000002 0.000001 0.000000 
50.000000 40.722298 31.945811 24.090641 17.436513 12.098967 8.042175 5.118392 3.118502 1.818985 1.015978 0.543602 0.278769 0.137101 0.064710 0.029335 0.012783 0.005360 0.002166 0.000845 0.000320 0.000120 0.000046 0.000019 0.000010 0.000007 0.000006 0.000006 0.000006 0.000006 0.000006 0.000006 0.000006 0.000006 0.000006 0.000006 0.000006 0.000006 0.000006 0.000006 0.000006 0.000005 0.000005 0.000005 0.000004 0.000004 0.000003 0.000002 0.000001 0.000000 
50.000000 40.722300 31.945814 24.090646 17.436518 12.098973 8.042182 5.118400 3.118510 1.818993 1.015986 0.543610 0.278777 0.137109 0.064718 0.029343 0.012791 0.005368 0.002174 0.000853 0.000329 0.000128 0.000054 0.000027 0.000018 0.000015 0.000014 0.000014 0.000014 0.000014 0.000014 0.000014 0.000014 0.000014 0.000014 0.000014 0.000014 0.000014 0.000014 0.000014 0.000013 0.000013 0.000013 0.000012 0.000011 0.000009 0.000007 0.000005 0.000003 0.000000 
50.000000 40.722305 31.945823 24.090659 17.436535 12.098993 8.042204 5.118423 3.118534 1.819018 1.016012 0.543636 0.278803 0.137135 0.064744 0.029369 0.012817 0.005394 0.002200 0.000880 0.000355 0.000154 0.000080 0.000053 0.000044 0.000041 0.000040 0.000040 0.000040 0.000040 0.000040 0.000040 0.000040 0.000040 0.000040 0.000040 0.000040 0.000040 0.000040 0.000039 0.000039 0.000038 0.000036 0.000034 0.000031 0.000027 0.000022 0.000015 0.000008 0.000000 
50.000000 40.722318 31.945850 24.090698 17.436583 12.099049 8.042266 5.118490 3.118604 1.819089 1.016084 0.543709 0.278876 0.137209 0.064818 0.029443 0.012891 0.005468 0.002274 0.000953 0.000429 0.000228 0.000154 0.000127 0.000118 0.000115 0.000114 0.000114 0.000114 0.000114 0.000114 0.000114 0.000114 0.000114 0.000114 0.000114 0.000114 0.000113 0.000113 0.000112 0.000111 0.000108 0.000104 0.000098 0.000089 0.000077 0.000062 0.000043 0.000022 0.000000 
50.000000 40.722356 31.945923 24.090802 17.436715 12.099202 8.042435 5.118670 3.118792 1.819283 1.016281 0.543908 0.279076 0.137409 0.065019 0.029643 0.013092 0.005669 0.002475 0.001154 0.000629 0.000429 0.000354 0.000328 0.000319 0.000316 0.000315 0.000315 0.000315 0.000315 0.000315 0.000315 0.000315 0.000315 0.000315 0.000314 0.000314 0.000314 0.000312 0.000310 0.000306 0.000299 0.000288 0.000271 0.000247 0.000213 0.000171 0.000120 0.000062 0.000000 
50.000000 40.722454 31.946113 24.091075 17.437058 12.099601 8.042876 5.119142 3.119285 1.819789 1.016796 0.544427 0.279598 0.137933 0.065543 0.030168 0.013617 0.006194 0.003000 0.001679 0.001154 0.000953 0.000879 0.000853 0.000844 0.000841 0.000840 0.000840 0.000840 0.000840 0.000840 0.000840 0.000840 0.000840 0.000839 0.000839 0.000838 0.000837 0.000833 0.000827 0.000817 0.000798 0.000769 0.000724 0.000659 0.000571 0.000457 0.000321 0.000165 0.000000 
50.000000 40.722700 31.946592 24.091762 17.437920 12.100604 8.043987 5.120329 3.120525 1.821063 1.018090 0.545734 0.280911 0.139250 0.066862 0.031488 0.014937 0.007514 0.004320 0.003000 0.002475 0.002274 0.002200 0.002174 0.002165 0.002162 0.002161 0.002160 0.002160 0.002160 0.002160 0.002160 0.002160 0.002160 0.002159 0.002159 0.002157 0.002152 0.002144 0.002129 0.002102 0.002056 0.001981 0.001866 0.001700 0.001473 0.001181 0.000828 0.000427 0.000000 
50.000000 40.723294 31.947749 24.093422 17.440006 12.103031 8.046672 5.123201 3.123523 1.824143 1.021221 0.548894 0.284088 0.142435 0.070052 0.034680 0.018130 0.010708 0.007514 0.006194 0.005669 0.005468 0.005394 0.005368 0.005359 0.005356 0.005355 0.005355 0.005354 0.005354 0.005354 0.005354 0.005354 0.005354 0.005353 0.005351 0.005346 0.005336 0.005316 0.005280 0.005213 0.005100 0.004916 0.004634 0.004224 0.003663 0.002940 0.002063 0.001065 0.000000 
50.000000 40.724676 31.950438 24.097279 17.444852 12.108669 8.052911 5.129872 3.130489 1.831300 1.028496 0.556238 0.291471 0.149838 0.077466 0.042099 0.025551 0.018130 0.014937 0.013617 0.013092 0.012891 0.012817 0.012791 0.012782 0.012779 0.012778 0.012777 0.012777 0.012777 0.012777 0.012777 0.012777 0.012776 0.012773 0.012768 0.012757 0.012735 0.012689 0.012604 0.012449 0.012183 0.011750 0.011083 0.010111 0.008776 0.007048 0.004949 0.002556 0.000000 
50.000000 40.727756 31.956431 24.105877 17.455655 12.121238 8.066820 5.144745 3.146020 1.847258 1.044717 0.572614 0.307932 0.166346 0.093997 0.058641 0.042099 0.034680 0.031488 0.030168 0.029643 0.029443 0.029369 0.029342 0.029333 0.029330 0.029329 0.029329 0.029329 0.029329 0.029329 0.029328 0.029327 0.029325 0.029321 0.029309 0.029285 0.029235 0.029134 0.028943 0.028596 0.027998 0.027021 0.025507 0.023293 0.020237 0.016270 0.011433 0.005908 0.000000 
50.000000 40.734337 31.969235 24.124248 17.478738 12.148096 8.096544 5.176530 3.179213 1.881364 1.079385 0.607612 0.343115 0.201627 0.129328 0.093997 0.077466 0.070052 0.066862 0.065543 0.065019 0.064818 0.064744 0.064718 0.064709 0.064706 0.064705 0.064705 0.064705 0.064704 0.064704 0.064703 0.064702 0.064697 0.064687 0.064664 0.064613 0.064506 0.064292 0.063884 0.063141 0.061854 0.059739 0.056447 0.051605 0.044890 0.036133 0.025418 0.013144 0.000000 
50.000000 40.747799 31.995428 24.161831 17.525961 12.203045 8.157357 5.241564 3.247129 1.951150 1.150324 0.679227 0.415109 0.273823 0.201627 0.166346 0.149838 0.142435 0.139250 0.137933 0.137409 0.137209 0.137135 0.137108 0.137099 0.137096 0.137096 0.137095 0.137095 0.137095 0.137094 0.137093 0.137090 0.137081 0.137061 0.137014 0.136911 0.136696 0.136263 0.135432 0.133910 0.131262 0.126883 0.120027 0.109880 0.095726 0.077166 0.054352 0.028129 0.000000 
50.000000 40.774135 32.046673 24.235359 17.618354 12.310558 8.276350 5.368821 3.380030 2.087712 1.289145 0.819375 0.555999 0.415109 0.343115 0.307932 0.291471 0.284088 0.280911 0.279598 0.279076 0.278876 0.278803 0.278776 0.278767 0.278764 0.278763 0.278763 0.278763 0.278762 0.278762 0.278759 0.278752 0.278736 0.278698 0.278609 0.278413 0.278000 0.277164 0.275552 0.272584 0.267383 0.258728 0.245077 0.224727 0.196137 0.158398 0.111746 0.057895 0.000000 
50.000000 40.823353 32.142442 24.372778 17.791035 12.511504 8.498761 5.606686 3.628454 2.342988 1.548648 1.081361 0.819375 0.679227 0.607612 0.572614 0.556238 0.548894 0.545734 0.544427 0.543908 0.543709 0.543636 0.543610 0.543601 0.543598 0.543597 0.543597 0.543596 0.543596 0.543594 0.543590 0.543578 0.543549 0.543480 0.543319 0.542964 0.542211 0.540681 0.537709 0.532202 0.522482 0.506177 0.480244 0.441248 0.385984 0.312435 0.220861 0.114589 0.000000 
50.000000 40.911117 32.313216 24.617827 18.098975 12.869862 8.895413 6.030913 4.071524 2.798290 2.011500 1.548648 1.289145 1.150324 1.079385 1.044717 1.028496 1.021221 1.018090 1.016796 1.016281 1.016084 1.016012 1.015986 1.015977 1.015974 1.015973 1.015973 1.015972 1.015971 1.015968 1.015961 1.015941 1.015892 1.015774 1.015501 1.014892 1.013593 1.010939 1.005750 0.996060 0.978814 0.949616 0.902714 0.831449 0.729375 0.592129 0.419679 0.218145 0.000000 
50.000000 41.060270 32.603448 25.034298 18.622348 13.478946 9.569604 6.751997 4.824660 3.572234 2.798290 2.342988 2.087712 1.951150 1.881364 1.847258 1.831300 1.824143 1.821063 1.819789 1.819283 1.819089 1.819018 1.818993 1.818984 1.818981 1.818980 1.818980 1.818979 1.818977 1.818973 1.818961 1.818930 1.818852 1.818663 1.818223 1.817239 1.815129 1.810786 1.802230 1.786117 1.757162 1.707614 1.627089 1.503182 1.323373 1.078447 0.767038 0.399703 0.000000 
50.000000 41.301587 33.073025 25.708138 19.469174 14.464483 10.660524 7.918829 6.043386 4.824660 4.071524 3.628454 3.380030 3.247129 3.179213 3.146020 3.130489 3.123523 3.120525 3.119285 3.118792 3.118604 3.118534 3.118509 3.118501 3.118498 3.118497 3.118497 3.118496 3.118493 3.118487 3.118469 3.118423 3.118306 3.118022 3.117359 3.115868 3.112647 3.105972 3.092711 3.067498 3.021693 2.942339 2.811573 2.607274 2.305939 1.888619 1.349667 0.705793 0.000000 
50.000000 41.672880 33.795529 26.744946 20.772179 15.980964 12.339207 9.714372 7.918829 6.751997 6.030913 5.606686 5.368821 5.241564 5.176530 5.144745 5.129872 5.123201 5.120329 5.119142 5.118670 5.118490 5.118423 5.118399 5.118391 5.118388 5.118387 5.118387 5.118386 5.118382 5.118373 5.118349 5.118284 5.118122 5.117725 5.116791 5.114681 5.110093 5.100509 5.081297 5.044383 4.976490 4.857186 4.657354 4.339344 3.860669 3.183390 2.290146 1.203778 0.000000 
50.000000 42.215591 34.851612 28.260472 22.676853 18.197742 14.793152 12.339207 10.660524 9.569604 8.895413 8.498761 8.276350 8.157357 8.096544 8.066820 8.052911 8.046672 8.043987 8.042876 8.042435 8.042266 8.042204 8.042182 8.042174 8.042171 8.042170 8.042170 8.042168 8.042164 8.042153 8.042121 8.042038 8.041828 8.041313 8.040097 8.037330 8.031273 8.018517 7.992698 7.942515 7.848951 7.681853 7.396576 6.932375 6.215671 5.172845 3.757328 1.990591 0.000000 
50.000000 42.968480 36.316702 30.362974 25.319275 21.273220 18.197742 15.980964 14.464483 13.478946 12.869862 12.511504 12.310558 12.203045 12.148096 12.121238 12.108669 12.103031 12.100604 12.099601 12.099202 12.099049 12.098993 12.098973 12.098966 12.098963 12.098963 12.098962 12.098960 12.098955 12.098942 12.098905 12.098807 12.098558 12.097945 12.096491 12.093165 12.085831 12.070256 12.038414 11.975763 11.857210 11.641620 11.265367 10.636610 9.634543 8.121968 5.984736 3.211438 0.000000 
50.000000 43.958917 38.244064 33.128901 28.795545 25.319275 22.676853 20.772179 19.469174 18.622348 18.098975 17.791035 17.618354 17.525961 17.478738 17.455655 17.444852 17.440006 17.437920 17.437058 17.436715 17.436583 17.436535 17.436518 17.436512 17.436510 17.436509 17.436508 17.436506 17.436501 17.436487 17.436448 17.436343 17.436077 17.435418 17.433848 17.430235 17.422217 17.405051 17.369600 17.298975 17.163235 16.911510 16.461182 15.684732 14.397772 12.359172 9.310484 5.107970 0.000000 
50.000000 45.193512 40.646569 36.576733 33.128901 30.362974 28.260472 26.744946 25.708138 25.034298 24.617827 24.372778 24.235359 24.161831 24.124248 24.105877 24.097279 24.093422 24.091762 24.091075 24.090802 24.090698 24.090659 24.090645 24.090641 24.090639 24.090638 24.090638 24.090636 24.090631 24.090618 24.090581 24.090483 24.090231 24.089608 24.088115 24.084665 24.076961 24.060342 24.025698 23.955851 23.819519 23.561556 23.087626 22.241006 20.769730 18.288366 14.265201 8.154115 0.000000 
50.000000 46.650815 43.482473 40.646569 38.244064 36.316702 34.851612 33.795529 33.073025 32.603448 32.313216 32.142442 32.046673 31.995428 31.969235 31.956431 31.950438 31.947749 31.946592 31.946113 31.945923 31.945850 31.945823 31.945814 31.945811 31.945809 31.945809 31.945808 31.945807 31.945803 31.945793 31.945764 31.945687 31.945489 31.944997 31.943817 31.941076 31.934927 31.921581 31.893537 31.836410 31.723358 31.505383 31.094284 30.331966 28.933580 26.381368 21.741237 13.466000 0.000000 
50.000000 48.278943 46.650815 45.193512 43.958917 42.968480 42.215591 41.672880 41.301587 41.060270 40.911117 40.823353 40.774135 40.747799 40.734337 40.727756 40.724676 40.723294 40.722700 40.722454 40.722356 40.722318 40.722305 40.722300 40.722298 40.722297 40.722297 40.722297 40.722296 40.722294 40.722288 40.722272 40.722230 40.722120 40.721848 40.721194 40.719670 40.716240 40.708764 40.692972 40.660567 40.595794 40.469102 40.225000 39.757043 38.850947 37.039396 33.184815 24.139472 0.000000 
50.000000 50.000000 50.000000 50.000000 50.000000 50.000000 50.000000 50.000000 50.000000 50.000000 50.000000 50.000000 50.000000 50.000000 50.000000 50.000000 50.000000 50.000000 50.000000 50.000000 50.000000 50.000000 50.000000 50.000000 50.000000 50.000000 50.000000 50.000000 50.000000 50.000000 50.000000 50.000000 50.000000 50.000000 50.000000 50.000000 50.000000 50.000000 50.000000 50.000000 50.000000 50.000000 50.000000 50.000000 50.000000 50.000000 50.000000 50.000000 50.000000 50.000000 
