50.000000 50.000000 50.000000 50.000000 50.000000 50.000000 50.000000 50.000000 50.000000 50.000000 50.000000 50.000000 50.000000 50.000000 50.000000 50.000000 50.000000 50.000000 50.000000 50.000000 50.000000 50.000000 50.000000 50.000000 50.000000 50.000000 50.000000 50.000000 50.000000 50.000000 50.000000 50.000000 50.000000 50.000000 50.000000 50.000000 50.000000 50.000000 50.000000 50.000000 50.000000 50.000000 50.000000 50.000000 50.000000 50.000000 50.000000 50.000000 50.000000 50.000000 
50.000000 47.355775 44.930689 42.889543 41.310858 40.186833 39.448457 38.999822 38.747011 38.614517 38.549755 38.520149 38.507457 38.502340 38.500396 38.499699 38.499461 38.499385 38.499361 38.499355 38.499353 38.499352 38.499352 38.499352 38.499352 38.499352 38.499352 38.499352 38.499352 38.499352 38.499352 38.499352 38.499350 38.499346 38.499330 38.499279 38.499120 38.498642 38.497275 38.493537 38.483772 38.459357 38.400774 38.265188 37.960019 37.283252 35.774365 32.293217 23.677888 0.000000 
50.000000 44.930689 40.281523 36.368462 33.342037 31.187273 29.771840 28.911855 28.427264 28.173307 28.049181 27.992439 27.968115 27.958311 27.954586 27.953249 27.952794 27.952647 27.952602 27.952589 27.952586 27.952585 27.952584 27.952584 27.952584 27.952584 27.952584 27.952584 27.952584 27.952584 27.952584 27.952584 27.952581 27.952574 27.952547 27.952460 27.952188 27.951377 27.949063 27.942773 27.926466 27.886125 27.790764 27.574885 27.105242 26.118947 24.110367 20.140762 12.637472 0.000000 
50.000000 42.889543 36.368462 30.879971 26.635199 23.613100 21.628013 20.421982 19.742435 19.386331 19.212290 19.132737 19.098636 19.084892 19.079671 19.077797 19.077160 19.076955 19.076892 19.076873 19.076868 19.076867 19.076866 19.076866 19.076866 19.076866 19.076866 19.076866 19.076866 19.076866 19.076866 19.076865 19.076863 19.076854 19.076823 19.076722 19.076408 19.075475 19.072833 19.065709 19.047429 19.002830 18.899364 18.671139 18.192504 17.238908 15.439986 12.258095 7.115178 0.000000 
50.000000 41.310858 33.342037 26.635199 21.448332 17.755658 15.330225 13.856751 13.026567 12.591557 12.378968 12.281804 12.240157 12.223374 12.216999 12.214711 12.213933 12.213682 12.213605 12.213583 12.213576 12.213575 12.213574 12.213574 12.213574 12.213574 12.213574 12.213574 12.213574 12.213574 12.213574 12.213573 12.213571 12.213562 12.213534 12.213439 12.213147 12.212284 12.209856 12.203368 12.186914 12.147363 12.057365 11.863838 11.471460 10.724166 9.396291 7.223090 4.027605 0.000000 
50.000000 40.186833 31.187273 23.613100 17.755658 13.585765 10.847028 9.183320 8.246020 7.754919 7.514938 7.405263 7.358259 7.339318 7.332124 7.329542 7.328665 7.328382 7.328295 7.328270 7.328263 7.328261 7.328261 7.328261 7.328261 7.328261 7.328261 7.328261 7.328261 7.328261 7.328260 7.328260 7.328258 7.328251 7.328228 7.328152 7.327920 7.327237 7.325330 7.320284 7.307634 7.277662 7.210697 7.069980 6.792883 6.284198 5.420595 4.082031 2.226814 0.000000 
50.000000 39.448457 29.771840 21.628013 15.330225 10.847028 7.902658 6.114133 5.106575 4.578699 4.320767 4.202897 4.152386 4.132033 4.124303 4.121530 4.120587 4.120283 4.120190 4.120163 4.120155 4.120153 4.120153 4.120153 4.120153 4.120153 4.120153 4.120153 4.120153 4.120153 4.120153 4.120152 4.120151 4.120146 4.120129 4.120076 4.119913 4.119438 4.118120 4.114663 4.106093 4.086058 4.042023 3.951329 3.777048 3.466387 2.956875 2.196954 1.183269 0.000000 
50.000000 38.999822 28.911855 20.421982 13.856751 9.183320 6.114133 4.249873 3.199704 2.649534 2.380724 2.257892 2.205257 2.184051 2.175997 2.173108 2.172126 2.171809 2.171712 2.171684 2.171676 2.171674 2.171673 2.171673 2.171673 2.171673 2.171673 2.171673 2.171673 2.171673 2.171673 2.171673 2.171672 2.171669 2.171658 2.171625 2.171523 2.171226 2.170409 2.168285 2.163071 2.151028 2.124936 2.072109 1.972623 1.799385 1.522618 1.121092 0.599047 0.000000 
50.000000 38.747011 28.427264 19.742435 13.026567 8.246020 5.106575 3.199704 2.125571 1.562870 1.287950 1.162332 1.108505 1.086820 1.078585 1.075631 1.074627 1.074303 1.074204 1.074175 1.074167 1.074165 1.074164 1.074164 1.074164 1.074164 1.074164 1.074164 1.074164 1.074164 1.074164 1.074164 1.074164 1.074162 1.074156 1.074137 1.074078 1.073910 1.073451 1.072265 1.069380 1.062786 1.048676 1.020517 0.968357 0.879204 0.739605 0.541139 0.287654 0.000000 
50.000000 38.614517 28.173307 19.386331 12.591557 7.754919 4.578699 2.649534 1.562870 0.993620 0.715508 0.588435 0.533988 0.512053 0.503723 0.500735 0.499720 0.499393 0.499292 0.499263 0.499255 0.499253 0.499252 0.499252 0.499252 0.499252 0.499252 0.499252 0.499252 0.499252 0.499252 0.499252 0.499252 0.499251 0.499247 0.499237 0.499207 0.499120 0.498883 0.498276 0.496810 0.493491 0.486463 0.472606 0.447285 0.404642 0.338902 0.246841 0.130745 0.000000 
50.000000 38.549755 28.049181 19.212290 12.378968 7.514938 4.320767 2.380724 1.287950 0.715508 0.435842 0.308062 0.253312 0.231256 0.222880 0.219876 0.218855 0.218526 0.218425 0.218396 0.218387 0.218385 0.218385 0.218385 0.218384 0.218384 0.218384 0.218384 0.218384 0.218384 0.218384 0.218384 0.218384 0.218384 0.218382 0.218377 0.218363 0.218321 0.218208 0.217921 0.217232 0.215685 0.212439 0.206103 0.194654 0.175600 0.146581 0.106408 0.056218 0.000000 
50.000000 38.520149 27.992439 19.132737 12.281804 7.405263 4.202897 2.257892 1.162332 0.588435 0.308062 0.179959 0.125072 0.102961 0.094565 0.091553 0.090529 0.090199 0.090098 0.090069 0.090061 0.090058 0.090058 0.090058 0.090058 0.090058 0.090058 0.090058 0.090058 0.090058 0.090058 0.090058 0.090058 0.090057 0.090057 0.090055 0.090048 0.090030 0.089980 0.089853 0.089552 0.088881 0.087483 0.084777 0.079933 0.071948 0.059904 0.043377 0.022874 0.000000 
50.000000 38.507457 27.968115 19.098636 12.240157 7.358259 4.152386 2.205257 1.108505 0.533988 0.253312 0.125072 0.070126 0.047991 0.039587 0.036571 0.035547 0.035217 0.035116 0.035086 0.035078 0.035076 0.035075 0.035075 0.035075 0.035075 0.035075 0.035075 0.035075 0.035075 0.035075 0.035075 0.035075 0.035075 0.035074 0.035073 0.035071 0.035063 0.035043 0.034991 0.034868 0.034595 0.034031 0.032948 0.031022 0.027874 0.023161 0.016738 0.008814 0.000000 
50.000000 38.502340 27.958311 19.084892 12.223374 7.339318 4.132033 2.184051 1.086820 0.512053 0.231256 0.102961 0.047991 0.025847 0.017439 0.014422 0.013398 0.013067 0.012966 0.012936 0.012928 0.012926 0.012925 0.012925 0.012925 0.012925 0.012925 0.012925 0.012925 0.012925 0.012925 0.012925 0.012925 0.012925 0.012925 0.012925 0.012924 0.012921 0.012913 0.012893 0.012846 0.012742 0.012528 0.012120 0.011399 0.010227 0.008484 0.006122 0.003220 0.000000 
50.000000 38.500396 27.954586 19.079671 12.216999 7.332124 4.124303 2.175997 1.078585 0.503723 0.222880 0.094565 0.039587 0.017439 0.009029 0.006012 0.004987 0.004657 0.004555 0.004526 0.004518 0.004515 0.004515 0.004515 0.004515 0.004515 0.004515 0.004515 0.004515 0.004515 0.004515 0.004515 0.004515 0.004515 0.004515 0.004515 0.004514 0.004513 0.004510 0.004503 0.004486 0.004449 0.004372 0.004227 0.003972 0.003559 0.002949 0.002125 0.001117 0.000000 
50.000000 38.499699 27.953249 19.077797 12.214711 7.329542 4.121530 2.173108 1.075631 0.500735 0.219876 0.091553 0.036571 0.014422 0.006012 0.002995 0.001970 0.001639 0.001538 0.001509 0.001500 0.001498 0.001498 0.001498 0.001497 0.001497 0.001497 0.001497 0.001497 0.001497 0.001497 0.001497 0.001497 0.001497 0.001497 0.001497 0.001497 0.001497 0.001496 0.001493 0.001488 0.001475 0.001449 0.001400 0.001315 0.001177 0.000974 0.000701 0.000368 0.000000 
50.000000 38.499461 27.952794 19.077160 12.213933 7.328665 4.120587 2.172126 1.074627 0.499720 0.218855 0.090529 0.035547 0.013398 0.004987 0.001970 0.000945 0.000614 0.000513 0.000484 0.000475 0.000473 0.000473 0.000473 0.000472 0.000472 0.000472 0.000472 0.000472 0.000472 0.000472 0.000472 0.000472 0.000472 0.000472 0.000472 0.000472 0.000472 0.000472 0.000471 0.000469 0.000465 0.000457 0.000441 0.000414 0.000370 0.000306 0.000220 0.000116 0.000000 
50.000000 38.499385 27.952647 19.076955 12.213682 7.328382 4.120283 2.171809 1.074303 0.499393 0.218526 0.090199 0.035217 0.013067 0.004657 0.001639 0.000614 0.000284 0.000183 0.000153 0.000145 0.000143 0.000142 0.000142 0.000142 0.000142 0.000142 0.000142 0.000142 0.000142 0.000142 0.000142 0.000142 0.000142 0.000142 0.000142 0.000142 0.000142 0.000142 0.000142 0.000141 0.000140 0.000137 0.000133 0.000124 0.000111 0.000092 0.000066 0.000035 0.000000 
50.000000 38.499361 27.952602 19.076892 12.213605 7.328295 4.120190 2.171712 1.074204 0.499292 0.218425 0.090098 0.035116 0.012966 0.004555 0.001538 0.000513 0.000183 0.000081 0.000052 0.000044 0.000041 0.000041 0.000041 0.000041 0.000041 0.000041 0.000041 0.000041 0.000041 0.000041 0.000041 0.000041 0.000041 0.000041 0.000041 0.000041 0.000041 0.000041 0.000041 0.000040 0.000040 0.000039 0.000038 0.000036 0.000032 0.000026 0.000019 0.000010 0.000000 
50.000000 38.499355 27.952589 19.076873 12.213583 7.328270 4.120163 2.171684 1.074175 0.499263 0.218396 0.090069 0.035086 0.012936 0.004526 0.001509 0.000484 0.000153 0.000052 0.000022 0.000014 0.000012 0.000011 0.000011 0.000011 0.000011 0.000011 0.000011 0.000011 0.000011 0.000011 0.000011 0.000011 0.000011 0.000011 0.000011 0.000011 0.000011 0.000011 0.000011 0.000011 0.000011 0.000011 0.000010 0.000010 0.000009 0.000007 0.000005 0.000003 0.000000 
50.000000 38.499353 27.952586 19.076868 12.213576 7.328263 4.120155 2.171676 1.074167 0.499255 0.218387 0.090061 0.035078 0.012928 0.004518 0.001500 0.000475 0.000145 0.000044 0.000014 0.000006 0.000004 0.000003 0.000003 0.000003 0.000003 0.000003 0.000003 0.000003 0.000003 0.000003 0.000003 0.000003 0.000003 0.000003 0.000003 0.000003 0.000003 0.000003 0.000003 0.000003 0.000003 0.000003 0.000003 0.000003 0.000002 0.000002 0.000001 0.000001 0.000000 
50.000000 38.499352 27.952585 19.076867 12.213575 7.328261 4.120153 2.171674 1.074165 0.499253 0.218385 0.090058 0.035076 0.012926 0.004515 0.001498 0.000473 0.000143 0.000041 0.000012 0.000004 0.000001 0.000001 0.000001 0.000001 0.000001 0.000001 0.000001 0.000001 0.000001 0.000001 0.000001 0.000001 0.000001 0.000001 0.000001 0.000001 0.000001 0.000001 0.000001 0.000001 0.000001 0.000001 0.000001 0.000001 0.000001 0.000000 0.000000 0.000000 0.000000 
50.000000 38.499352 27.952584 19.076866 12.213574 7.328261 4.120153 2.171673 1.074164 0.499252 0.218385 0.090058 0.035075 0.012925 0.004515 0.001498 0.000473 0.000142 0.000041 0.000011 0.000003 0.000001 0.000000 0.000000 0.000000 0.000000 0.000000 0.000000 0.000000 0.000000 0.000000 0.000000 0.000000 0.000000 0.000000 0.000000 0.000000 0.000000 0.000000 0.000000 0.000000 0.000000 0.000000 0.000000 0.000000 0.000000 0.000000 0.000000 0.000000 0.000000 
50.000000 38.499352 27.952584 19.076866 12.213574 7.328261 4.120153 2.171673 1.074164 0.499252 0.218385 0.090058 0.035075 0.012925 0.004515 0.001498 0.000473 0.000142 0.000041 0.000011 0.000003 0.000001 0.000000 0.000000 0.000000 0.000000 0.000000 0.000000 0.000000 0.000000 0.000000 0.000000 0.000000 0.000000 0.000000 0.000000 0.000000 0.000000 0.000000 0.000000 0.000000 0.000000 0.000000 0.000000 0.000000 0.000000 0.000000 0.000000 0.000000 0.000000 
50.000000 38.499352 27.952584 19.076866 12.213574 7.328261 4.120153 2.171673 1.074164 0.499252 0.218384 0.090058 0.035075 0.012925 0.004515 0.001497 0.000472 0.000142 0.000041 0.000011 0.000003 0.000001 0.000000 0.000000 0.000000 0.000000 0.000000 0.000000 0.000000 0.000000 0.000000 0.000000 0.000000 0.000000 0.000000 0.000000 0.000000 0.000000 0.000000 0.000000 0.000000 0.000000 0.000000 0.000000 0.000000 0.000000 0.000000 0.000000 0.000000 0.000000 
50.000000 38.499352 27.952584 19.076866 12.213574 7.328261 4.120153 2.171673 1.074164 0.499252 0.218384 0.090058 0.035075 0.012925 0.004515 0.001497 0.000472 0.000142 0.000041 0.000011 0.000003 0.000001 0.000000 0.000000 0.000000 0.000000 0.000000 0.000000 0.000000 0.000000 0.000000 0.000000 0.000000 0.000000 0.000000 0.000000 0.000000 0.000000 0.000000 0.000000 0.000000 0.000000 0.000000 0.000000 0.000000 0.000000 0.000000 0.000000 0.000000 0.000000 
50.000000 38.499352 27.952584 19.076866 12.213574 7.328261 4.120153 2.171673 1.074164 0.499252 0.218385 0.090058 0.035075 0.012925 0.004515 0.001498 0.000473 0.000142 0.000041 0.000011 0.000003 0.000001 0.000000 0.000000 0.000000 0.000000 0.000000 0.000000 0.000000 0.000000 0.000000 0.000000 0.000000 0.000000 0.000000 0.000000 0.000000 0.000000 0.000000 0.000000 0.000000 0.000000 0.000000 0.000000 0.000000 0.000000 0.000000 0.000000 0.000000 0.000000 
50.000000 38.499352 27.952584 19.076866 12.213574 7.328261 4.120153 2.171673 1.074164 0.499252 0.218385 0.090058 0.035075 0.012925 0.004515 0.001498 0.000473 0.000142 0.000041 0.000011 0.000003 0.000001 0.000000 0.000000 0.000000 0.000000 0.000000 0.000000 0.000000 0.000000 0.000000 0.000000 0.000000 0.000000 0.000000 0.000000 0.000000 0.000000 0.000000 0.000000 0.000000 0.000000 0.000000 0.000000 0.000000 0.000000 0.000000 0.000000 0.000000 0.000000 
50.000000 38.499352 27.952585 19.076867 12.213575 7.328261 4.120153 2.171674 1.074165 0.499253 0.218385 0.090058 0.035076 0.012926 0.004515 0.001498 0.000473 0.000143 0.000041 0.000012 0.000004 0.000001 0.000001 0.000001 0.000001 0.000001 0.000001 0.000001 0.000001 0.000001 0.000001 0.000001 0.000001 0.000001 0.000001 0.000001 0.000001 0.000001 0.000001 0.000001 0.000001 0.000001 0.000001 0.000001 0.000001 0.000001 0.000000 0.000000 0.000000 0.000000 
50.000000 38.499353 27.952586 19.076868 12.213576 7.328263 4.120155 2.171676 1.074167 0.499255 0.218387 0.090061 0.035078 0.012928 0.004518 0.001500 0.000475 0.000145 0.000044 0.000014 0.000006 0.000004 0.000003 0.000003 0.000003 0.000003 0.000003 0.000003 0.000003 0.000003 0.000003 0.000003 0.000003 0.000003 0.000003 0.000003 0.000003 0.000003 0.000003 0.000003 0.000003 0.000003 0.000003 0.000003 0.000003 0.000002 0.000002 0.000001 0.000001 0.000000 
50.000000 38.499355 27.952589 19.076873 12.213583 7.328270 4.120163 2.171684 1.074175 0.499263 0.218396 0.090069 0.035086 0.012936 0.004526 0.001509 0.000484 0.000153 0.000052 0.000022 0.000014 0.000012 0.000011 0.000011 0.000011 0.000011 0.000011 0.000011 0.000011 0.000011 0.000011 0.000011 0.000011 0.000011 0.000011 0.000011 0.000011 0.000011 0.000011 0.000011 0.000011 0.000011 0.000011 0.000010 0.000010 0.000009 0.000007 0.000005 0.000003 0.000000 
50.000000 38.499361 27.952602 19.076892 12.213605 7.328295 4.120190 2.171712 1.074204 0.499292 0.218425 0.090098 0.035116 0.012966 0.004555 0.001538 0.000513 0.000183 0.000081 0.000052 0.000044 0.000041 0.000041 0.000041 0.000041 0.000041 0.000041 0.000041 0.000041 0.000041 0.000041 0.000041 0.000041 0.000041 0.000041 0.000041 0.000041 0.000041 0.000041 0.000041 0.000040 0.000040 0.000039 0.000038 0.000036 0.000032 0.000026 0.000019 0.000010 0.000000 
50.000000 38.499385 27.952647 19.076955 12.213682 7.328382 4.120283 2.171809 1.074303 0.499393 0.218526 0.090199 0.035217 0.013067 0.004657 0.001639 0.000614 0.000284 0.000183 0.000153 0.000145 0.000143 0.000142 0.000142 0.000142 0.000142 0.000142 0.000142 0.000142 0.000142 0.000142 0.000142 0.000142 0.000142 0.000142 0.000142 0.000142 0.000142 0.000142 0.000142 0.000141 0.000140 0.000137 0.000133 0.000124 0.000111 0.000092 0.000066 0.000035 0.000000 
50.000000 38.499461 27.952794 19.077160 12.213933 7.328665 4.120587 2.172126 1.074627 0.499720 0.218855 0.090529 0.035547 0.013398 0.004987 0.001970 0.000945 0.000614 0.000513 0.000484 0.000475 0.000473 0.000473 0.000473 0.000472 0.000472 0.000472 0.000472 0.000472 0.000472 0.000472 0.000472 0.000472 0.000472 0.000472 0.000472 0.000472 0.000472 0.000472 0.000471 0.000469 0.000465 0.000457 0.000441 0.000414 0.000370 0.000306 0.000220 0.000116 0.000000 
50.000000 38.499699 27.953249 19.077797 12.214711 7.329542 4.121530 2.173108 1.075631 0.500735 0.219876 0.091553 0.036571 0.014422 0.006012 0.002995 0.001970 0.001639 0.001538 0.001509 0.001500 0.001498 0.001498 0.001498 0.001497 0.001497 0.001497 0.001497 0.001497 0.001497 0.001497 0.001497 0.001497 0.001497 0.001497 0.001497 0.001497 0.001497 0.001496 0.001493 0.001488 0.001475 0.001449 0.001400 0.001315 0.001177 0.000974 0.000701 0.000368 0.000000 
50.000000 38.500396 27.954586 19.079671 12.216999 7.332124 4.124303 2.175997 1.078585 0.503723 0.222880 0.094565 0.039587 0.017439 0.009029 0.006012 0.004987 0.004657 0.004555 0.004526 0.004518 0.004515 0.004515 0.004515 0.004515 0.004515 0.004515 0.004515 0.004515 0.004515 0.004515 0.004515 0.004515 0.004515 0.004515 0.004515 0.004514 0.004513 0.004510 0.004503 0.004486 0.004449 0.004372 0.004227 0.003972 0.003559 0.002949 0.002125 0.001117 0.000000 
50.000000 38.502340 27.958311 19.084892 12.223374 7.339318 4.132033 2.184051 1.086820 0.512053 0.231256 0.102961 0.047991 0.025847 0.017439 0.014422 0.013398 0.013067 0.012966 0.012936 0.012928 0.012926 0.012925 0.012925 0.012925 0.012925 0.012925 0.012925 0.012925 0.012925 0.012925 0.012925 0.012925 0.012925 0.012925 0.012925 0.012924 0.012921 0.012913 0.012893 0.012846 0.012742 0.012528 0.012120 0.011399 0.010227 0.008484 0.006122 0.003220 0.000000 
50.000000 38.507457 27.968115 19.098636 12.240157 7.358259 4.152386 2.205257 1.108505 0.533988 0.253312 0.125072 0.070126 0.047991 0.039587 0.036571 0.035547 0.035217 0.035116 0.035086 0.035078 0.035076 0.035075 0.035075 0.035075 0.035075 0.035075 0.035075 0.035075 0.035075 0.035075 0.035075 0.035075 0.035075 0.035074 0.035073 0.035071 0.035063 0.035043 0.034991 0.034868 0.034595 0.034031 0.032948 0.031022 0.027874 0.023161 0.016738 0.008814 0.000000 
50.000000 38.520149 27.992439 19.132737 12.281804 7.405263 4.202897 2.257892 1.162332 0.588435 0.308062 0.179959 0.125072 0.102961 0.094565 0.091553 0.090529 0.090199 0.090098 0.090069 0.090061 0.090058 0.090058 0.090058 0.090058 0.090058 0.090058 0.090058 0.090058 0.090058 0.090058 0.090058 0.090058 0.090057 0.090057 0.090055 0.090048 0.090030 0.089980 0.089853 0.089552 0.088881 0.087483 0.084777 0.079933 0.071948 0.059904 0.043377 0.022874 0.000000 
50.000000 38.549755 28.049181 19.212290 12.378968 7.514938 4.320767 2.380724 1.287950 0.715508 0.435842 0.308062 0.253312 0.231256 0.222880 0.219876 0.218855 0.218526 0.218425 0.218396 0.218387 0.218385 0.218385 0.218385 0.218384 0.218384 0.218384 0.218384 0.218384 0.218384 0.218384 0.218384 0.218384 0.218384 0.218382 0.218377 0.218363 0.218321 0.218208 0.217921 0.217232 0.215685 0.212439 0.206103 0.194654 0.175600 0.146581 0.106408 0.056218 0.000000 
50.000000 38.614517 28.173307 19.386331 12.591557 7.754919 4.578699 2.649534 1.562870 0.993620 0.715508 0.588435 0.533988 0.512053 0.503723 0.500735 0.499720 0.499393 0.499292 0.499263 0.499255 0.499253 0.499252 0.499252 0.499252 0.499252 0.499252 0.499252 0.499252 0.499252 0.499252 0.499252 0.499252 0.499251 0.499247 0.499237 0.499207 0.499120 0.498883 0.498276 0.496810 0.493491 0.486463 0.472606 0.447285 0.404642 0.338902 0.246841 0.130745 0.000000 
50.000000 38.747011 28.427264 19.742435 13.026567 8.246020 5.106575 3.199704 2.125571 1.562870 1.287950 1.162332 1.108505 1.086820 1.078585 1.075631 1.074627 1.074303 1.074204 1.074175 1.074167 1.074165 1.074164 1.074164 1.074164 1.074164 1.074164 1.074164 1.074164 1.074164 1.074164 1.074164 1.074164 1.074162 1.074156 1.074137 1.074078 1.073910 1.073451 1.072265 1.069380 1.062786 1.048676 1.020517 0.968357 0.879204 0.739605 0.541139 0.287654 0.000000 
50.000000 38.999822 28.911855 20.421982 13.856751 9.183320 6.114133 4.249873 3.199704 2.649534 2.380724 2.257892 2.205257 2.184051 2.175997 2.173108 2.172126 2.171809 2.171712 2.171684 2.171676 2.171674 2.171673 2.171673 2.171673 2.171673 2.171673 2.171673 2.171673 2.171673 2.171673 2.171673 2.171672 2.171669 2.171658 2.171625 2.171523 2.171226 2.170409 2.168285 2.163071 2.151028 2.124936 2.072109 1.972623 1.799385 1.522618 1.121092 0.599047 0.000000 
50.000000 39.448457 29.771840 21.628013 15.330225 10.847028 7.902658 6.114133 5.106575 4.578699 4.320767 4.202897 4.152386 4.132033 4.124303 4.121530 4.120587 4.120283 4.120190 4.120163 4.120155 4.120153 4.120153 4.120153 4.120153 4.120153 4.120153 4.120153 4.120153 4.120153 4.120153 4.120152 4.120151 4.120146 4.120129 4.120076 4.119913 4.119438 4.118120 4.114663 4.106093 4.086058 4.042023 3.951329 3.777048 3.466387 2.956875 2.196954 1.183269 0.000000 
50.000000 40.186833 31.187273 23.613100 17.755658 13.585765 10.847028 9.183320 8.246020 7.754919 7.514938 7.405263 7.358259 7.339318 7.332124 7.329542 7.328665 7.328382 7.328295 7.328270 7.328263 7.328261 7.328261 7.328261 7.328261 7.328261 7.328261 7.328261 7.328261 7.328261 7.328260 7.328260 7.328258 7.328251 7.328228 7.328152 7.327920 7.327237 7.325330 7.320284 7.307634 7.277662 7.210697 7.069980 6.792883 6.284198 5.420595 4.082031 2.226814 0.000000 
50.000000 41.310858 33.342037 26.635199 21.448332 17.755658 15.330225 13.856751 13.026567 12.591557 12.378968 12.281804 12.240157 12.223374 12.216999 12.214711 12.213933 12.213682 12.213605 12.213583 12.213576 12.213575 12.213574 12.213574 12.213574 12.213574 12.213574 12.213574 12.213574 12.213574 12.213574 12.213573 12.213571 12.213562 12.213534 12.213439 12.213147 12.212284 12.209856 12.203368 12.186914 12.147363 12.057365 11.863838 11.471460 10.724166 9.396291 7.223090 4.027605 0.000000 
50.000000 42.889543 36.368462 30.879971 26.635199 23.613100 21.628013 20.421982 19.742435 19.386331 19.212290 19.132737 19.098636 19.084892 19.079671 19.077797 19.077160 19.076955 19.076892 19.076873 19.076868 19.076867 19.076866 19.076866 19.076866 19.076866 19.076866 19.076866 19.076866 19.076866 19.076866 19.076865 19.076863 19.076854 19.076823 19.076722 19.076408 19.075475 19.072833 19.065709 19.047429 19.002830 18.899364 18.671139 18.192504 17.238908 15.439986 12.258095 7.115178 0.000000 
50.000000 44.930689 40.281523 36.368462 33.342037 31.187273 29.771840 28.911855 28.427264 28.173307 28.049181 27.992439 27.968115 27.958311 27.954586 27.953249 27.952794 27.952647 27.952602 27.952589 27.952586 27.952585 27.952584 27.952584 27.952584 27.952584 27.952584 27.952584 27.952584 27.952584 27.952584 27.952584 27.952581 27.952574 27.952547 27.952460 27.952188 27.951377 27.949063 27.942773 27.926466 27.886125 27.790764 27.574885 27.105242 26.118947 24.110367 20.140762 12.637472 0.000000 
50.000000 47.355775 44.930689 42.889543 41.310858 40.186833 39.448457 38.999822 38.747011 38.614517 38.549755 38.520149 38.507457 38.502340 38.500396 38.499699 38.499461 38.499385 38.499361 38.499355 38.499353 38.499352 38.499352 38.499352 38.499352 38.499352 38.499352 38.499352 38.499352 38.499352 38.499352 38.499352 38.499350 38.499346 38.499330 38.499279 38.499120 38.498642 38.497275 38.493537 38.483772 38.459357 38.400774 38.265188 37.960019 37.283252 35.774365 32.293217 23.677888 0.000000 
50.000000 50.000000 50.000000 50.000000 50.000000 50.000000 50.000000 50.000000 50.000000 50.000000 50.000000 50.000000 50.000000 50.000000 50.000000 50.000000 50.000000 50.000000 50.000000 50.000000 50.000000 50.000000 50.000000 50.000000 50.000000 50.000000 50.000000 50.000000 50.000000 50.000000 50.000000 50.000000 50.000000 50.000000 50.000000 50.000000 50.000000 50.000000 50.000000 50.000000 50.000000 50.000000 50.000000 50.000000 50.000000 50.000000 50.000000 50.000000 50.000000 50.000000 
