50.000000 50.000000 50.000000 50.000000 50.000000 50.000000 50.000000 50.000000 50.000000 50.000000 50.000000 50.000000 50.000000 50.000000 50.000000 50.000000 50.000000 50.000000 50.000000 50.000000 50.000000 50.000000 50.000000 50.000000 50.000000 50.000000 50.000000 50.000000 50.000000 50.000000 50.000000 50.000000 50.000000 50.000000 50.000000 50.000000 50.000000 50.000000 50.000000 50.000000 50.000000 50.000000 50.000000 50.000000 50.000000 50.000000 50.000000 50.000000 50.000000 50.000000 
50.000000 49.000059 48.031507 47.122781 46.296871 45.569657 44.949252 44.436346 44.025359 43.706105 43.465636 43.289962 43.165452 43.079814 43.022635 42.985563 42.962215 42.947926 42.939426 42.934509 42.931741 42.930226 42.929418 42.928997 42.928782 42.928671 42.928607 42.928555 42.928483 42.928352 42.928099 42.927606 42.926662 42.924888 42.921625 42.915740 42.905330 42.887243 42.856331 42.804258 42.717558 42.574339 42.338385 41.947772 41.290922 40.150935 38.061532 33.890543 24.500029 0.000000 
50.000000 48.031507 46.124809 44.335885 42.709995 41.278400 40.057071 39.047366 38.238300 37.609822 37.136439 36.790611 36.545505 36.376922 36.264362 36.191384 36.145422 36.117294 36.100561 36.090882 36.085435 36.082451 36.080860 36.080032 36.079610 36.079392 36.079267 36.079165 36.079028 36.078782 36.078304 36.077374 36.075595 36.072258 36.066128 36.055098 36.035631 36.001912 35.944510 35.848311 35.689245 35.428994 35.006102 34.320350 33.204064 31.367537 28.294974 23.062405 14.140964 0.000000 
50.000000 47.122781 44.335885 41.721133 39.344682 37.252222 35.467099 33.991294 32.808751 31.890162 31.198265 30.692804 30.334561 30.088163 29.923649 29.816987 29.749812 29.708702 29.684246 29.670099 29.662138 29.657778 29.655453 29.654243 29.653626 29.653309 29.653129 29.652985 29.652796 29.652459 29.651807 29.650542 29.648125 29.643602 29.635316 29.620451 29.594317 29.549265 29.473031 29.346255 29.138741 28.803803 28.269586 27.425669 26.102529 24.041741 20.860567 16.040911 9.061249 0.000000 
50.000000 46.296871 42.709995 39.344682 36.286079 33.592995 31.295472 29.396062 27.874097 26.691855 25.801375 25.150844 24.689788 24.372676 24.160951 24.023681 23.937230 23.884324 23.852852 23.834646 23.824401 23.818790 23.815798 23.814242 23.813448 23.813042 23.812814 23.812638 23.812413 23.812018 23.811257 23.809783 23.806976 23.801738 23.792176 23.775088 23.745195 23.693972 23.607942 23.466218 23.237014 22.872785 22.303609 21.428559 20.105589 18.143040 15.302941 11.342457 6.145936 0.000000 
50.000000 45.569657 41.278400 37.252222 33.592995 30.371073 27.622400 25.350026 23.529222 22.114854 21.049541 20.271295 19.719725 19.340364 19.087078 18.922865 18.819446 18.756157 18.718509 18.696730 18.684475 18.677764 18.674185 18.672324 18.671376 18.670892 18.670626 18.670428 18.670184 18.669764 18.668961 18.667411 18.664469 18.658998 18.649049 18.631355 18.600576 18.548196 18.460958 18.318719 18.091617 17.736491 17.192703 16.377925 15.185536 13.487405 11.149694 8.074335 4.278736 0.000000 
50.000000 44.949252 40.057071 35.467099 31.295472 27.622400 24.488858 21.898320 19.822591 18.210213 16.995767 16.108582 15.479809 15.047353 14.758622 14.571430 14.453541 14.381398 14.338483 14.313658 14.299690 14.292040 14.287961 14.285840 14.284761 14.284213 14.283916 14.283705 14.283459 14.283045 14.282260 14.280752 14.277899 14.272615 14.263049 14.246123 14.216861 14.167426 14.085811 13.954143 13.746603 13.427105 12.947117 12.244429 11.244475 9.866912 8.041429 5.736721 3.001480 0.000000 
50.000000 44.436346 39.047366 33.991294 29.396062 25.350026 21.898320 19.044767 16.758307 14.982252 13.644534 12.667305 11.974722 11.498384 11.180359 10.974176 10.844330 10.764871 10.717604 10.690263 10.674878 10.666453 10.661961 10.659626 10.658439 10.657839 10.657520 10.657304 10.657068 10.656684 10.655963 10.654587 10.651994 10.647210 10.638590 10.623420 10.597361 10.553663 10.482153 10.367981 10.190226 9.920558 9.522384 8.951203 8.157323 7.092453 5.721708 4.041264 2.097961 0.000000 
50.000000 44.025359 38.238300 32.808751 27.874097 23.529222 19.822591 16.758307 14.303011 12.395822 10.959348 9.909984 9.166286 8.654798 8.313308 8.091916 7.952493 7.867174 7.816423 7.787067 7.770548 7.761503 7.756680 7.754174 7.752901 7.752261 7.751926 7.751711 7.751494 7.751155 7.750529 7.749341 7.747111 7.743016 7.735672 7.722820 7.700881 7.664364 7.605112 7.511448 7.367295 7.151505 6.837749 6.395485 5.792730 5.001313 4.004948 2.809305 1.451020 0.000000 
50.000000 43.706105 37.609822 31.890162 26.691855 22.114854 18.210213 14.982252 12.395822 10.386788 8.873617 7.768235 6.984843 6.446061 6.086352 5.853151 5.706294 5.616426 5.562970 5.532050 5.514651 5.505124 5.500045 5.497407 5.496067 5.495397 5.495052 5.494842 5.494648 5.494361 5.493843 5.492867 5.491044 5.487709 5.481758 5.471401 5.453831 5.424792 5.378056 5.304860 5.193394 5.028528 4.792025 4.463610 4.023237 3.454841 2.751421 1.920577 0.988548 0.000000 
50.000000 43.465636 37.136439 31.198265 25.801375 21.049541 16.995767 13.644534 10.959348 8.873617 7.302691 6.155127 5.341848 4.782515 4.409091 4.167000 4.014546 3.921256 3.865763 3.833666 3.815605 3.805716 3.800444 3.797706 3.796317 3.795624 3.795274 3.795071 3.794901 3.794667 3.794256 3.793490 3.792065 3.789472 3.784865 3.776890 3.763441 3.741363 3.706101 3.651345 3.568757 3.447900 3.276553 3.041624 2.730822 2.335156 1.852011 1.288128 0.661378 0.000000 
50.000000 43.289962 36.790611 30.692804 25.150844 20.271295 16.108582 12.667305 9.909984 7.768235 6.155127 4.976758 4.141653 3.567315 3.183876 2.935295 2.778755 2.682966 2.625988 2.593031 2.574487 2.564334 2.558921 2.556110 2.554686 2.553977 2.553623 2.553429 2.553280 2.553095 2.552782 2.552205 2.551138 2.549204 2.545786 2.539898 2.530026 2.513921 2.488379 2.449026 2.390179 2.304872 2.185152 2.022771 1.810337 1.542902 1.219773 0.846100 0.433631 0.000000 
50.000000 43.165452 36.545505 30.334561 24.689788 19.719725 15.479809 11.974722 9.166286 6.984843 5.341848 4.141653 3.291087 2.706119 2.315586 2.062409 1.902975 1.805416 1.747386 1.713821 1.694935 1.684595 1.679083 1.676220 1.674771 1.674052 1.673696 1.673508 1.673380 1.673236 1.673005 1.672587 1.671819 1.670433 1.667995 1.663817 1.656847 1.645544 1.627733 1.600485 1.560052 1.501923 1.421060 1.312384 1.171529 0.995816 0.785296 0.543594 0.278209 0.000000 
50.000000 43.079814 36.376922 30.088163 24.372676 19.340364 15.047353 11.498384 8.654798 6.446061 4.782515 3.567315 2.706119 2.113843 1.718434 1.462098 1.300676 1.201900 1.143148 1.109165 1.090044 1.079575 1.073995 1.071097 1.069631 1.068904 1.068548 1.068367 1.068254 1.068143 1.067978 1.067685 1.067153 1.066197 1.064522 1.061664 1.056922 1.049272 1.037289 1.019074 0.992230 0.953916 0.901024 0.830492 0.739788 0.627482 0.493845 0.341291 0.174484 0.000000 
50.000000 43.022635 36.264362 29.923649 24.160951 19.087078 14.758622 11.180359 8.313308 6.086352 4.409091 3.183876 2.315586 1.718434 1.319772 1.061327 0.898579 0.798993 0.739758 0.705496 0.686219 0.675665 0.670038 0.667118 0.665639 0.664909 0.664553 0.664376 0.664275 0.664189 0.664073 0.663875 0.663519 0.662883 0.661772 0.659886 0.656770 0.651769 0.643978 0.632201 0.614951 0.590488 0.556939 0.512499 0.455724 0.385864 0.303198 0.209264 0.106895 0.000000 
50.000000 42.985563 36.191384 29.816987 24.023681 18.922865 14.571430 10.974177 8.091916 5.853152 4.167001 2.935295 2.062409 1.462098 1.061328 0.801518 0.637910 0.537798 0.478251 0.443809 0.424431 0.413821 0.408165 0.405229 0.403744 0.403010 0.402655 0.402482 0.402389 0.402322 0.402241 0.402111 0.401880 0.401471 0.400759 0.399556 0.397576 0.394414 0.389510 0.382136 0.371394 0.356245 0.335587 0.308381 0.273816 0.231506 0.181671 0.125255 0.063938 0.000000 
50.000000 42.962215 36.145422 29.749812 23.937230 18.819446 14.453541 10.844331 7.952494 5.706294 4.014547 2.778756 1.902976 1.300677 0.898580 0.637911 0.473763 0.373321 0.313577 0.279022 0.259580 0.248934 0.243260 0.240315 0.238825 0.238090 0.237734 0.237564 0.237477 0.237422 0.237366 0.237283 0.237138 0.236883 0.236442 0.235698 0.234481 0.232543 0.229552 0.225076 0.218586 0.209478 0.197121 0.180927 0.160449 0.135492 0.106210 0.073165 0.037327 0.000000 
50.000000 42.947926 36.117295 29.708702 23.884325 18.756158 14.381399 10.764872 7.867176 5.616428 3.921257 2.682967 1.805417 1.201902 0.798994 0.537800 0.373322 0.272677 0.212813 0.178189 0.158708 0.148041 0.142356 0.139405 0.137912 0.137176 0.136821 0.136652 0.136570 0.136523 0.136483 0.136430 0.136341 0.136187 0.135922 0.135477 0.134751 0.133601 0.131831 0.129194 0.125386 0.120066 0.112879 0.103501 0.091690 0.077350 0.060579 0.041701 0.021265 0.000000 
50.000000 42.939427 36.100563 29.684248 23.852854 18.718511 14.338486 10.717607 7.816427 5.562974 3.865768 2.625992 1.747390 1.143152 0.739762 0.478255 0.313581 0.212816 0.152881 0.118215 0.098711 0.088032 0.082340 0.079385 0.077891 0.077154 0.076799 0.076632 0.076552 0.076510 0.076481 0.076447 0.076394 0.076304 0.076149 0.075891 0.075471 0.074808 0.073791 0.072282 0.070111 0.067090 0.063024 0.057737 0.051103 0.043073 0.033708 0.023190 0.011821 0.000000 
50.000000 42.934510 36.090885 29.670104 23.834652 18.696737 14.313666 10.690271 7.787076 5.532059 3.833676 2.593041 1.713831 1.109175 0.705507 0.443820 0.279032 0.178198 0.118222 0.083532 0.064015 0.053328 0.047632 0.044676 0.043180 0.042443 0.042089 0.041922 0.041843 0.041805 0.041782 0.041760 0.041729 0.041677 0.041590 0.041444 0.041208 0.040837 0.040269 0.039429 0.038226 0.036556 0.034317 0.031414 0.027783 0.023401 0.018301 0.012584 0.006412 0.000000 
50.000000 42.931745 36.085442 29.662149 23.824415 18.684492 14.299708 10.674899 7.770570 5.514674 3.815629 2.574512 1.694960 1.090069 0.686244 0.424456 0.259604 0.158731 0.098732 0.064029 0.044504 0.033814 0.028116 0.025158 0.023662 0.022925 0.022570 0.022404 0.022327 0.022290 0.022271 0.022256 0.022237 0.022208 0.022160 0.022080 0.021951 0.021749 0.021441 0.020986 0.020336 0.019437 0.018235 0.016682 0.014744 0.012410 0.009700 0.006667 0.003397 0.000000 
50.000000 42.930235 36.082469 29.657804 23.818823 18.677803 14.292084 10.666501 7.761554 5.505178 3.805772 2.564391 1.684652 1.079634 0.675723 0.413879 0.248993 0.148099 0.088087 0.053377 0.033848 0.023155 0.017456 0.014497 0.013001 0.012264 0.011909 0.011743 0.011666 0.011631 0.011614 0.011603 0.011592 0.011576 0.011550 0.011507 0.011438 0.011331 0.011167 0.010927 0.010584 0.010111 0.009481 0.008669 0.007657 0.006441 0.005032 0.003457 0.001761 0.000000 
50.000000 42.929438 36.080900 29.655511 23.815872 18.674273 14.288060 10.662070 7.756797 5.500168 3.800571 2.559051 1.679214 1.074128 0.670172 0.408299 0.243395 0.142489 0.082471 0.047757 0.028225 0.017532 0.011832 0.008873 0.007377 0.006639 0.006285 0.006119 0.006042 0.006008 0.005992 0.005983 0.005976 0.005967 0.005953 0.005930 0.005894 0.005838 0.005752 0.005626 0.005448 0.005202 0.004876 0.004455 0.003933 0.003307 0.002583 0.001774 0.000903 0.000000 
50.000000 42.929042 36.080121 29.654372 23.814406 18.672520 14.286063 10.659870 7.754435 5.497680 3.797988 2.556399 1.676514 1.071394 0.667416 0.405529 0.240615 0.139704 0.079682 0.044966 0.025434 0.014739 0.009039 0.006080 0.004584 0.003847 0.003492 0.003326 0.003250 0.003216 0.003200 0.003192 0.003187 0.003182 0.003174 0.003162 0.003142 0.003111 0.003065 0.002997 0.002901 0.002769 0.002594 0.002369 0.002091 0.001757 0.001371 0.000942 0.000479 0.000000 
50.000000 42.928880 36.079802 29.653906 23.813807 18.671803 14.285246 10.658970 7.753469 5.496662 3.796932 2.555315 1.675410 1.070276 0.666289 0.404396 0.239478 0.138565 0.078542 0.043825 0.024292 0.013598 0.007897 0.004938 0.003442 0.002705 0.002350 0.002184 0.002108 0.002074 0.002059 0.002051 0.002047 0.002043 0.002038 0.002030 0.002017 0.001997 0.001967 0.001923 0.001861 0.001775 0.001662 0.001518 0.001339 0.001125 0.000878 0.000602 0.000307 0.000000 
50.000000 42.928880 36.079802 29.653906 23.813807 18.671803 14.285246 10.658970 7.753469 5.496662 3.796932 2.555315 1.675410 1.070276 0.666289 0.404396 0.239478 0.138565 0.078542 0.043825 0.024292 0.013598 0.007897 0.004938 0.003442 0.002705 0.002350 0.002184 0.002108 0.002074 0.002059 0.002051 0.002047 0.002043 0.002038 0.002030 0.002017 0.001997 0.001967 0.001923 0.001861 0.001775 0.001662 0.001518 0.001339 0.001125 0.000878 0.000602 0.000307 0.000000 
50.000000 42.929042 36.080121 29.654372 23.814406 18.672520 14.286063 10.659870 7.754435 5.497680 3.797988 2.556399 1.676514 1.071394 0.667416 0.405529 0.240615 0.139704 0.079682 0.044966 0.025434 0.014739 0.009039 0.006080 0.004584 0.003847 0.003492 0.003326 0.003250 0.003216 0.003200 0.003192 0.003187 0.003182 0.003174 0.003162 0.003142 0.003111 0.003065 0.002997 0.002901 0.002769 0.002594 0.002369 0.002091 0.001757 0.001371 0.000942 0.000479 0.000000 
50.000000 42.929438 36.080900 29.655511 23.815872 18.674273 14.288060 10.662070 7.756797 5.500168 3.800571 2.559051 1.679214 1.074128 0.670172 0.408299 0.243395 0.142489 0.082471 0.047757 0.028225 0.017532 0.011832 0.008873 0.007377 0.006639 0.006285 0.006119 0.006042 0.006008 0.005992 0.005983 0.005976 0.005967 0.005953 0.005930 0.005894 0.005838 0.005752 0.005626 0.005448 0.005202 0.004876 0.004455 0.003933 0.003307 0.002583 0.001774 0.000903 0.000000 
50.000000 42.930235 36.082469 29.657804 23.818823 18.677803 14.292084 10.666501 7.761554 5.505178 3.805772 2.564391 1.684652 1.079634 0.675723 0.413879 0.248993 0.148099 0.088087 0.053377 0.033848 0.023155 0.017456 0.014497 0.013001 0.012264 0.011909 0.011743 0.011666 0.011631 0.011614 0.011603 0.011592 0.011576 0.011550 0.011507 0.011438 0.011331 0.011167 0.010927 0.010584 0.010111 0.009481 0.008669 0.007657 0.006441 0.005032 0.003457 0.001761 0.000000 
50.000000 42.931745 36.085442 29.662149 23.824415 18.684492 14.299708 10.674899 7.770570 5.514674 3.815629 2.574512 1.694960 1.090069 0.686244 0.424456 0.259604 0.158731 0.098732 0.064029 0.044504 0.033814 0.028116 0.025158 0.023662 0.022925 0.022570 0.022404 0.022327 0.022290 0.022271 0.022256 0.022237 0.022208 0.022160 0.022080 0.021951 0.021749 0.021441 0.020986 0.020336 0.019437 0.018235 0.016682 0.014744 0.012410 0.009700 0.006667 0.003397 0.000000 
50.000000 42.934510 36.090885 29.670104 23.834652 18.696737 14.313666 10.690271 7.787076 5.532059 3.833676 2.593041 1.713831 1.109175 0.705507 0.443820 0.279032 0.178198 0.118222 0.083532 0.064015 0.053328 0.047632 0.044676 0.043180 0.042443 0.042089 0.041922 0.041843 0.041805 0.041782 0.041760 0.041729 0.041677 0.041590 0.041444 0.041208 0.040837 0.040269 0.039429 0.038226 0.036556 0.034317 0.031414 0.027783 0.023401 0.018301 0.012584 0.006412 0.000000 
50.000000 42.939427 36.100563 29.684248 23.852854 18.718511 14.338486 10.717607 7.816427 5.562974 3.865768 2.625992 1.747390 1.143152 0.739762 0.478255 0.313581 0.212816 0.152881 0.118215 0.098711 0.088032 0.082340 0.079385 0.077891 0.077154 0.076799 0.076632 0.076552 0.076510 0.076481 0.076447 0.076394 0.076304 0.076149 0.075891 0.075471 0.074808 0.073791 0.072282 0.070111 0.067090 0.063024 0.057737 0.051103 0.043073 0.033708 0.023190 0.011821 0.000000 
50.000000 42.947926 36.117295 29.708702 23.884325 18.756158 14.381399 10.764872 7.867176 5.616428 3.921257 2.682967 1.805417 1.201902 0.798994 0.537800 0.373322 0.272677 0.212813 0.178189 0.158708 0.148041 0.142356 0.139405 0.137912 0.137176 0.136821 0.136652 0.136570 0.136523 0.136483 0.136430 0.136341 0.136187 0.135922 0.135477 0.134751 0.133601 0.131831 0.129194 0.125386 0.120066 0.112879 0.103501 0.091690 0.077350 0.060579 0.041701 0.021265 0.000000 
50.000000 42.962215 36.145422 29.749812 23.937230 18.819446 14.453541 10.844331 7.952494 5.706294 4.014547 2.778756 1.902976 1.300677 0.898580 0.637911 0.473763 0.373321 0.313577 0.279022 0.259580 0.248934 0.243260 0.240315 0.238825 0.238090 0.237734 0.237564 0.237477 0.237422 0.237366 0.237283 0.237138 0.236883 0.236442 0.235698 0.234481 0.232543 0.229552 0.225076 0.218586 0.209478 0.197121 0.180927 0.160449 0.135492 0.106210 0.073165 0.037327 0.000000 
50.000000 42.985563 36.191384 29.816987 24.023681 18.922865 14.571430 10.974177 8.091916 5.853152 4.167001 2.935295 2.062409 1.462098 1.061328 0.801518 0.637910 0.537798 0.478251 0.443809 0.424431 0.413821 0.408165 0.405229 0.403744 0.403010 0.402655 0.402482 0.402389 0.402322 0.402241 0.402111 0.401880 0.401471 0.400759 0.399556 0.397576 0.394414 0.389510 0.382136 0.371394 0.356245 0.335587 0.308381 0.273816 0.231506 0.181671 0.125255 0.063938 0.000000 
50.000000 43.022635 36.264362 29.923649 24.160951 19.087078 14.758622 11.180359 8.313308 6.086352 4.409091 3.183876 2.315586 1.718434 1.319772 1.061327 0.898579 0.798993 0.739758 0.705496 0.686219 0.675665 0.670038 0.667118 0.665639 0.664909 0.664553 0.664376 0.664275 0.664189 0.664073 0.663875 0.663519 0.662883 0.661772 0.659886 0.656770 0.651769 0.643978 0.632201 0.614951 0.590488 0.556939 0.512499 0.455724 0.385864 0.303198 0.209264 0.106895 0.000000 
50.000000 43.079814 36.376922 30.088163 24.372676 19.340364 15.047353 11.498384 8.654798 6.446061 4.782515 3.567315 2.706119 2.113843 1.718434 1.462098 1.300676 1.201900 1.143148 1.109165 1.090044 1.079575 1.073995 1.071097 1.069631 1.068904 1.068548 1.068367 1.068254 1.068143 1.067978 1.067685 1.067153 1.066197 1.064522 1.061664 1.056922 1.049272 1.037289 1.019074 0.992230 0.953916 0.901024 0.830492 0.739788 0.627482 0.493845 0.341291 0.174484 0.000000 
50.000000 43.165452 36.545505 30.334561 24.689788 19.719725 15.479809 11.974722 9.166286 6.984843 5.341848 4.141653 3.291087 2.706119 2.315586 2.062409 1.902975 1.805416 1.747386 1.713821 1.694935 1.684595 1.679083 1.676220 1.674771 1.674052 1.673696 1.673508 1.673380 1.673236 1.673005 1.672587 1.671819 1.670433 1.667995 1.663817 1.656847 1.645544 1.627733 1.600485 1.560052 1.501923 1.421060 1.312384 1.171529 0.995816 0.785296 0.543594 0.278209 0.000000 
50.000000 43.289962 36.790611 30.692804 25.150844 20.271295 16.108582 12.667305 9.909984 7.768235 6.155127 4.976758 4.141653 3.567315 3.183876 2.935295 2.778755 2.682966 2.625988 2.593031 2.574487 2.564334 2.558921 2.556110 2.554686 2.553977 2.553623 2.553429 2.553280 2.553095 2.552782 2.552205 2.551138 2.549204 2.545786 2.539898 2.530026 2.513921 2.488379 2.449026 2.390179 2.304872 2.185152 2.022771 1.810337 1.542902 1.219773 0.846100 0.433631 0.000000 
50.000000 43.465636 37.136439 31.198265 25.801375 21.049541 16.995767 13.644534 10.959348 8.873617 7.302691 6.155127 5.341848 4.782515 4.409091 4.167000 4.014546 3.921256 3.865763 3.833666 3.815605 3.805716 3.800444 3.797706 3.796317 3.795624 3.795274 3.795071 3.794901 3.794667 3.794256 3.793490 3.792065 3.789472 3.784865 3.776890 3.763441 3.741363 3.706101 3.651345 3.568757 3.447900 3.276553 3.041624 2.730822 2.335156 1.852011 1.288128 0.661378 0.000000 
50.000000 43.706105 37.609822 31.890162 26.691855 22.114854 18.210213 14.982252 12.395822 10.386788 8.873617 7.768235 6.984843 6.446061 6.086352 5.853151 5.706294 5.616426 5.562970 5.532050 5.514651 5.505124 5.500045 5.497407 5.496067 5.495397 5.495052 5.494842 5.494648 5.494361 5.493843 5.492867 5.491044 5.487709 5.481758 5.471401 5.453831 5.424792 5.378056 5.304860 5.193394 5.028528 4.792025 4.463610 4.023237 3.454841 2.751421 1.920577 0.988548 0.000000 
50.000000 44.025359 38.238300 32.808751 27.874097 23.529222 19.822591 16.758307 14.303011 12.395822 10.959348 9.909984 9.166286 8.654798 8.313308 8.091916 7.952493 7.867174 7.816423 7.787067 7.770548 7.761503 7.756680 7.754174 7.752901 7.752261 7.751926 7.751711 7.751494 7.751155 7.750529 7.749341 7.747111 7.743016 7.735672 7.722820 7.700881 7.664364 7.605112 7.511448 7.367295 7.151505 6.837749 6.395485 5.792730 5.001313 4.004948 2.809305 1.451020 0.000000 
50.000000 44.436346 39.047366 33.991294 29.396062 25.350026 21.898320 19.044767 16.758307 14.982252 13.644534 12.667305 11.974722 11.498384 11.180359 10.974176 10.844330 10.764871 10.717604 10.690263 10.674878 10.666453 10.661961 10.659626 10.658439 10.657839 10.657520 10.657304 10.657068 10.656684 10.655963 10.654587 10.651994 10.647210 10.638590 10.623420 10.597361 10.553663 10.482153 10.367981 10.190226 9.920558 9.522384 8.951203 8.157323 7.092453 5.721708 4.041264 2.097961 0.000000 
50.000000 44.949252 40.057071 35.467099 31.295472 27.622400 24.488858 21.898320 19.822591 18.210213 16.995767 16.108582 15.479809 15.047353 14.758622 14.571430 14.453541 14.381398 14.338483 14.313658 14.299690 14.292040 14.287961 14.285840 14.284761 14.284213 14.283916 14.283705 14.283459 14.283045 14.282260 14.280752 14.277899 14.272615 14.263049 14.246123 14.216861 14.167426 14.085811 13.954143 13.746603 13.427105 12.947117 12.244429 11.244475 9.866912 8.041429 5.736721 3.001480 0.000000 
50.000000 45.569657 41.278400 37.252222 33.592995 30.371073 27.622400 25.350026 23.529222 22.114854 21.049541 20.271295 19.719725 19.340364 19.087078 18.922865 18.819446 18.756157 18.718509 18.696730 18.684475 18.677764 18.674185 18.672324 18.671376 18.670892 18.670626 18.670428 18.670184 18.669764 18.668961 18.667411 18.664469 18.658998 18.649049 18.631355 18.600576 18.548196 18.460958 18.318719 18.091617 17.736491 17.192703 16.377925 15.185536 13.487405 11.149694 8.074335 4.278736 0.000000 
50.000000 46.296871 42.709995 39.344682 36.286079 33.592995 31.295472 29.396062 27.874097 26.691855 25.801375 25.150844 24.689788 24.372676 24.160951 24.023681 23.937230 23.884324 23.852852 23.834646 23.824401 23.818790 23.815798 23.814242 23.813448 23.813042 23.812814 23.812638 23.812413 23.812018 23.811257 23.809783 23.806976 23.801738 23.792176 23.775088 23.745195 23.693972 23.607942 23.466218 23.237014 22.872785 22.303609 21.428559 20.105589 18.143040 15.302941 11.342457 6.145936 0.000000 
50.000000 47.122781 44.335885 41.721133 39.344682 37.252222 35.467099 33.991294 32.808751 31.890162 31.198265 30.692804 30.334561 30.088163 29.923649 29.816987 29.749812 29.708702 29.684246 29.670099 29.662138 29.657778 29.655453 29.654243 29.653626 29.653309 29.653129 29.652985 29.652796 29.652459 29.651807 29.650542 29.648125 29.643602 29.635316 29.620451 29.594317 29.549265 29.473031 29.346255 29.138741 28.803803 28.269586 27.425669 26.102529 24.041741 20.860567 16.040911 9.061249 0.000000 
50.000000 48.031507 46.124809 44.335885 42.709995 41.278400 40.057071 39.047366 38.238300 37.609822 37.136439 36.790611 36.545505 36.376922 36.264362 36.191384 36.145422 36.117294 36.100561 36.090882 36.085435 36.082451 36.080860 36.080032 36.079610 36.079392 36.079267 36.079165 36.079028 36.078782 36.078304 36.077374 36.075595 36.072258 36.066128 36.055098 36.035631 36.001912 35.944510 35.848311 35.689245 35.428994 35.006102 34.320350 33.204064 31.367537 28.294974 23.062405 14.140964 0.000000 
50.000000 49.000059 48.031507 47.122781 46.296871 45.569657 44.949252 44.436346 44.025359 43.706105 43.465636 43.289962 43.165452 43.079814 43.022635 42.985563 42.962215 42.947926 42.939426 42.934509 42.931741 42.930226 42.929418 42.928997 42.928782 42.928671 42.928607 42.928555 42.928483 42.928352 42.928099 42.927606 42.926662 42.924888 42.921625 42.915740 42.905330 42.887243 42.856331 42.804258 42.717558 42.574339 42.338385 41.947772 41.290922 40.150935 38.061532 33.890543 24.500029 0.000000 
50.000000 50.000000 50.000000 50.000000 50.000000 50.000000 50.000000 50.000000 50.000000 50.000000 50.000000 50.000000 50.000000 50.000000 50.000000 50.000000 50.000000 50.000000 50.000000 50.000000 50.000000 50.000000 50.000000 50.000000 50.000000 50.000000 50.000000 50.000000 50.000000 50.000000 50.000000 50.000000 50.000000 50.000000 50.000000 50.000000 50.000000 50.000000 50.000000 50.000000 50.000000 50.000000 50.000000 50.000000 50.000000 50.000000 50.000000 50.000000 50.000000 50.000000 
