50.000000 50.000000 50.000000 50.000000 50.000000 50.000000 50.000000 50.000000 50.000000 50.000000 50.000000 50.000000 50.000000 50.000000 50.000000 50.000000 50.000000 50.000000 50.000000 50.000000 50.000000 50.000000 50.000000 50.000000 50.000000 50.000000 50.000000 50.000000 50.000000 50.000000 50.000000 50.000000 50.000000 50.000000 50.000000 50.000000 50.000000 50.000000 50.000000 50.000000 50.000000 50.000000 50.000000 50.000000 50.000000 50.000000 50.000000 50.000000 50.000000 50.000000 
50.000000 47.816275 45.782085 44.016312 42.586972 41.506948 40.744193 40.239950 39.927400 39.745433 39.645740 39.594247 39.569124 39.557525 39.552448 39.550337 39.549503 39.549188 39.549075 39.549036 39.549023 39.549019 39.549018 39.549017 39.549017 39.549017 39.549017 39.549017 39.549017 39.549017 39.549016 39.549014 39.549007 39.548986 39.548925 39.548749 39.548272 39.547024 39.543890 39.536321 39.518724 39.479255 39.393526 39.212142 38.834856 38.052350 36.399418 32.736304 23.908137 0.000000 
50.000000 45.782085 41.853017 38.442421 35.681677 33.595658 32.122454 31.148565 30.544923 30.193490 30.000959 29.901516 29.853001 29.830602 29.820798 29.816723 29.815111 29.814503 29.814285 29.814210 29.814185 29.814177 29.814175 29.814174 29.814174 29.814174 29.814174 29.814174 29.814174 29.814173 29.814172 29.814168 29.814156 29.814119 29.814010 29.813702 29.812866 29.810688 29.805238 29.792149 29.761945 29.694893 29.551373 29.254253 28.656693 27.482858 25.218816 20.926508 13.045781 0.000000 
50.000000 44.016312 38.442421 33.604102 29.687733 26.728585 24.638806 23.257360 22.401132 21.902665 21.629592 21.488556 21.419752 21.387988 21.374085 21.368306 21.366021 21.365159 21.364849 21.364743 21.364708 21.364697 21.364693 21.364692 21.364692 21.364692 21.364692 21.364692 21.364692 21.364691 21.364690 21.364685 21.364671 21.364625 21.364493 21.364120 21.363112 21.360496 21.353995 21.338505 21.303132 21.225682 21.063000 20.734896 20.099023 18.914926 16.802051 13.223605 7.616893 0.000000 
50.000000 42.586972 35.681677 29.687733 24.836040 21.170268 18.581545 16.870333 15.809759 15.192357 14.854145 14.679476 14.594269 14.554934 14.537719 14.530564 14.527734 14.526668 14.526284 14.526152 14.526109 14.526095 14.526091 14.526090 14.526090 14.526089 14.526089 14.526089 14.526089 14.526089 14.526087 14.526083 14.526068 14.526023 14.525891 14.525521 14.524525 14.521957 14.515621 14.500665 14.466912 14.394123 14.244228 13.949694 13.398334 12.418020 10.772808 8.198819 4.534622 0.000000 
50.000000 41.506948 33.595658 26.728585 21.170268 16.970709 14.005131 12.044884 10.830018 10.122830 9.735455 9.535407 9.437825 9.392781 9.373069 9.364876 9.361636 9.360415 9.359976 9.359825 9.359776 9.359760 9.359755 9.359754 9.359753 9.359753 9.359753 9.359753 9.359753 9.359753 9.359751 9.359747 9.359735 9.359695 9.359581 9.359263 9.358410 9.356226 9.350879 9.338379 9.310507 9.251303 9.131672 8.902167 8.485355 7.771934 6.629562 4.938965 2.672092 0.000000 
50.000000 40.744193 32.122454 24.638806 18.581545 14.005131 10.773534 8.637530 7.313794 6.543268 6.121221 5.903279 5.796975 5.747908 5.726437 5.717513 5.713985 5.712655 5.712177 5.712013 5.711959 5.711942 5.711936 5.711935 5.711935 5.711934 5.711934 5.711934 5.711934 5.711934 5.711933 5.711930 5.711920 5.711890 5.711802 5.711557 5.710906 5.709251 5.705230 5.695920 5.675401 5.632428 5.547082 5.386767 5.102963 4.631850 3.903910 2.868201 1.532051 0.000000 
50.000000 40.239950 31.148565 23.257360 16.870333 12.044884 8.637530 6.385429 4.989797 4.177456 3.732524 3.502776 3.390720 3.339001 3.316370 3.306965 3.303246 3.301845 3.301341 3.301168 3.301111 3.301093 3.301088 3.301086 3.301086 3.301086 3.301086 3.301086 3.301085 3.301085 3.301085 3.301082 3.301075 3.301054 3.300993 3.300823 3.300373 3.299236 3.296496 3.290208 3.276498 3.248154 3.192715 3.090448 2.913213 2.626105 2.194359 1.597192 0.846424 0.000000 
50.000000 39.927400 30.544923 22.401132 15.809759 10.830018 7.313794 4.989797 3.549654 2.711432 2.252343 2.015293 1.899681 1.846322 1.822975 1.813273 1.809437 1.807992 1.807472 1.807294 1.807235 1.807217 1.807211 1.807209 1.807209 1.807209 1.807209 1.807209 1.807209 1.807208 1.807208 1.807207 1.807202 1.807188 1.807149 1.807041 1.806756 1.806041 1.804328 1.800432 1.792021 1.774827 1.741643 1.681365 1.578714 1.415636 1.175450 0.850031 0.448145 0.000000 
50.000000 39.745433 30.193490 21.902665 15.192357 10.122830 6.543268 4.177456 2.711432 1.858169 1.390854 1.149564 1.031887 0.977577 0.953815 0.943940 0.940036 0.938566 0.938037 0.937855 0.937795 0.937777 0.937771 0.937769 0.937769 0.937769 0.937769 0.937769 0.937768 0.937768 0.937768 0.937767 0.937765 0.937757 0.937733 0.937670 0.937503 0.937087 0.936098 0.933865 0.929085 0.919412 0.900957 0.867867 0.812322 0.725445 0.599533 0.431545 0.226709 0.000000 
50.000000 39.645740 30.000959 21.629592 14.854145 9.735455 6.121221 3.732524 2.252343 1.390854 0.919042 0.675435 0.556631 0.501802 0.477813 0.467844 0.463904 0.462419 0.461885 0.461702 0.461641 0.461622 0.461617 0.461615 0.461614 0.461614 0.461614 0.461614 0.461614 0.461614 0.461614 0.461614 0.461612 0.461608 0.461595 0.461560 0.461470 0.461245 0.460713 0.459521 0.456989 0.451911 0.442317 0.425301 0.397076 0.353480 0.291087 0.208810 0.109419 0.000000 
50.000000 39.594247 29.901516 21.488556 14.679476 9.535407 5.903279 3.502776 2.015293 1.149564 0.675435 0.430635 0.311250 0.256154 0.232049 0.222032 0.218072 0.216580 0.216044 0.215860 0.215799 0.215780 0.215774 0.215772 0.215772 0.215772 0.215772 0.215772 0.215772 0.215772 0.215772 0.215771 0.215771 0.215768 0.215762 0.215744 0.215698 0.215585 0.215317 0.214722 0.213466 0.210965 0.206281 0.198049 0.184528 0.163855 0.134561 0.096278 0.050357 0.000000 
50.000000 39.569124 29.853001 21.419752 14.594269 9.437825 5.796975 3.390720 1.899681 1.031887 0.556631 0.311250 0.191583 0.136357 0.112195 0.102155 0.098186 0.096691 0.096153 0.095969 0.095908 0.095889 0.095883 0.095881 0.095881 0.095881 0.095881 0.095881 0.095881 0.095881 0.095881 0.095880 0.095880 0.095879 0.095876 0.095867 0.095845 0.095792 0.095665 0.095386 0.094800 0.093640 0.091484 0.087725 0.081600 0.072312 0.059256 0.042313 0.022100 0.000000 
50.000000 39.557525 29.830602 21.387988 14.554934 9.392781 5.747908 3.339001 1.846322 0.977577 0.501802 0.256154 0.136357 0.081072 0.056884 0.046833 0.042860 0.041363 0.040825 0.040640 0.040579 0.040560 0.040554 0.040552 0.040552 0.040552 0.040552 0.040552 0.040552 0.040552 0.040552 0.040552 0.040552 0.040551 0.040550 0.040546 0.040536 0.040512 0.040456 0.040332 0.040074 0.039566 0.038628 0.037002 0.034371 0.030410 0.024876 0.017736 0.009253 0.000000 
50.000000 39.552448 29.820798 21.374085 14.537719 9.373069 5.726437 3.316370 1.822975 0.953815 0.477813 0.232049 0.112195 0.056884 0.032684 0.022629 0.018654 0.017157 0.016618 0.016433 0.016372 0.016353 0.016347 0.016345 0.016345 0.016345 0.016345 0.016345 0.016345 0.016345 0.016345 0.016345 0.016345 0.016344 0.016344 0.016342 0.016338 0.016328 0.016304 0.016252 0.016145 0.015934 0.015547 0.014880 0.013806 0.012199 0.009965 0.007096 0.003699 0.000000 
50.000000 39.550337 29.816723 21.368306 14.530564 9.364876 5.717513 3.306965 1.813273 0.943940 0.467844 0.222032 0.102155 0.046833 0.022629 0.012572 0.008596 0.007098 0.006560 0.006374 0.006314 0.006294 0.006289 0.006287 0.006286 0.006286 0.006286 0.006286 0.006286 0.006286 0.006286 0.006286 0.006286 0.006286 0.006286 0.006285 0.006284 0.006279 0.006270 0.006249 0.006207 0.006124 0.005972 0.005712 0.005294 0.004673 0.003813 0.002712 0.001413 0.000000 
50.000000 39.549503 29.815111 21.366021 14.527734 9.361636 5.713985 3.303246 1.809437 0.940036 0.463904 0.218072 0.098186 0.042860 0.018654 0.008596 0.004620 0.003122 0.002583 0.002398 0.002337 0.002318 0.002312 0.002311 0.002310 0.002310 0.002310 0.002310 0.002310 0.002310 0.002310 0.002310 0.002310 0.002310 0.002310 0.002310 0.002309 0.002307 0.002304 0.002296 0.002280 0.002249 0.002192 0.002095 0.001941 0.001711 0.001395 0.000992 0.000516 0.000000 
50.000000 39.549188 29.814503 21.365159 14.526668 9.360415 5.712655 3.301845 1.807992 0.938566 0.462419 0.216580 0.096691 0.041363 0.017157 0.007098 0.003122 0.001624 0.001085 0.000900 0.000839 0.000820 0.000814 0.000813 0.000812 0.000812 0.000812 0.000812 0.000812 0.000812 0.000812 0.000812 0.000812 0.000812 0.000812 0.000812 0.000812 0.000811 0.000810 0.000807 0.000801 0.000790 0.000770 0.000735 0.000681 0.000600 0.000489 0.000347 0.000181 0.000000 
50.000000 39.549075 29.814285 21.364849 14.526284 9.359976 5.712177 3.301341 1.807472 0.938037 0.461885 0.216044 0.096153 0.040825 0.016618 0.006560 0.002583 0.001085 0.000547 0.000362 0.000301 0.000282 0.000276 0.000274 0.000274 0.000273 0.000273 0.000273 0.000273 0.000273 0.000273 0.000273 0.000273 0.000273 0.000273 0.000273 0.000273 0.000273 0.000273 0.000272 0.000270 0.000266 0.000259 0.000247 0.000229 0.000201 0.000164 0.000116 0.000061 0.000000 
50.000000 39.549036 29.814210 21.364743 14.526152 9.359825 5.712013 3.301168 1.807294 0.937855 0.461702 0.215860 0.095969 0.040640 0.016433 0.006374 0.002398 0.000900 0.000362 0.000177 0.000116 0.000096 0.000091 0.000089 0.000088 0.000088 0.000088 0.000088 0.000088 0.000088 0.000088 0.000088 0.000088 0.000088 0.000088 0.000088 0.000088 0.000088 0.000088 0.000088 0.000087 0.000086 0.000084 0.000080 0.000074 0.000065 0.000053 0.000037 0.000019 0.000000 
50.000000 39.549023 29.814185 21.364708 14.526109 9.359776 5.711959 3.301111 1.807235 0.937795 0.461641 0.215799 0.095908 0.040579 0.016372 0.006314 0.002337 0.000839 0.000301 0.000116 0.000055 0.000036 0.000030 0.000028 0.000028 0.000027 0.000027 0.000027 0.000027 0.000027 0.000027 0.000027 0.000027 0.000027 0.000027 0.000027 0.000027 0.000027 0.000027 0.000027 0.000027 0.000027 0.000026 0.000025 0.000023 0.000020 0.000016 0.000012 0.000006 0.000000 
50.000000 39.549019 29.814177 21.364697 14.526095 9.359760 5.711942 3.301093 1.807217 0.937777 0.461622 0.215780 0.095889 0.040560 0.016353 0.006294 0.002318 0.000820 0.000282 0.000096 0.000036 0.000016 0.000010 0.000009 0.000008 0.000008 0.000008 0.000008 0.000008 0.000008 0.000008 0.000008 0.000008 0.000008 0.000008 0.000008 0.000008 0.000008 0.000008 0.000008 0.000008 0.000008 0.000008 0.000007 0.000007 0.000006 0.000005 0.000003 0.000002 0.000000 
50.000000 39.549018 29.814175 21.364693 14.526091 9.359755 5.711936 3.301088 1.807211 0.937771 0.461617 0.215774 0.095883 0.040554 0.016347 0.006289 0.002312 0.000814 0.000276 0.000091 0.000030 0.000010 0.000005 0.000003 0.000003 0.000002 0.000002 0.000002 0.000002 0.000002 0.000002 0.000002 0.000002 0.000002 0.000002 0.000002 0.000002 0.000002 0.000002 0.000002 0.000002 0.000002 0.000002 0.000002 0.000002 0.000002 0.000001 0.000001 0.000001 0.000000 
50.000000 39.549017 29.814174 21.364692 14.526090 9.359754 5.711935 3.301086 1.807209 0.937769 0.461615 0.215772 0.095881 0.040553 0.016345 0.006287 0.002311 0.000813 0.000274 0.000089 0.000028 0.000009 0.000003 0.000001 0.000001 0.000001 0.000001 0.000001 0.000001 0.000001 0.000001 0.000001 0.000001 0.000001 0.000001 0.000001 0.000001 0.000001 0.000001 0.000001 0.000001 0.000001 0.000001 0.000001 0.000001 0.000000 0.000000 0.000000 0.000000 0.000000 
50.000000 39.549017 29.814174 21.364692 14.526090 9.359753 5.711935 3.301086 1.807209 0.937769 0.461614 0.215772 0.095881 0.040552 0.016345 0.006286 0.002310 0.000812 0.000274 0.000088 0.000028 0.000008 0.000003 0.000001 0.000000 0.000000 0.000000 0.000000 0.000000 0.000000 0.000000 0.000000 0.000000 0.000000 0.000000 0.000000 0.000000 0.000000 0.000000 0.000000 0.000000 0.000000 0.000000 0.000000 0.000000 0.000000 0.000000 0.000000 0.000000 0.000000 
50.000000 39.549017 29.814174 21.364692 14.526090 9.359753 5.711935 3.301086 1.807209 0.937769 0.461614 0.215772 0.095881 0.040552 0.016345 0.006286 0.002310 0.000812 0.000274 0.000088 0.000028 0.000008 0.000003 0.000001 0.000000 0.000000 0.000000 0.000000 0.000000 0.000000 0.000000 0.000000 0.000000 0.000000 0.000000 0.000000 0.000000 0.000000 0.000000 0.000000 0.000000 0.000000 0.000000 0.000000 0.000000 0.000000 0.000000 0.000000 0.000000 0.000000 
50.000000 39.549017 29.814174 21.364692 14.526090 9.359754 5.711935 3.301086 1.807209 0.937769 0.461615 0.215772 0.095881 0.040553 0.016345 0.006287 0.002311 0.000813 0.000274 0.000089 0.000028 0.000009 0.000003 0.000001 0.000001 0.000001 0.000001 0.000001 0.000001 0.000001 0.000001 0.000001 0.000001 0.000001 0.000001 0.000001 0.000001 0.000001 0.000001 0.000001 0.000001 0.000001 0.000001 0.000001 0.000001 0.000000 0.000000 0.000000 0.000000 0.000000 
50.000000 39.549018 29.814175 21.364693 14.526091 9.359755 5.711936 3.301088 1.807211 0.937771 0.461617 0.215774 0.095883 0.040554 0.016347 0.006289 0.002312 0.000814 0.000276 0.000091 0.000030 0.000010 0.000005 0.000003 0.000003 0.000002 0.000002 0.000002 0.000002 0.000002 0.000002 0.000002 0.000002 0.000002 0.000002 0.000002 0.000002 0.000002 0.000002 0.000002 0.000002 0.000002 0.000002 0.000002 0.000002 0.000002 0.000001 0.000001 0.000001 0.000000 
50.000000 39.549019 29.814177 21.364697 14.526095 9.359760 5.711942 3.301093 1.807217 0.937777 0.461622 0.215780 0.095889 0.040560 0.016353 0.006294 0.002318 0.000820 0.000282 0.000096 0.000036 0.000016 0.000010 0.000009 0.000008 0.000008 0.000008 0.000008 0.000008 0.000008 0.000008 0.000008 0.000008 0.000008 0.000008 0.000008 0.000008 0.000008 0.000008 0.000008 0.000008 0.000008 0.000008 0.000007 0.000007 0.000006 0.000005 0.000003 0.000002 0.000000 
50.000000 39.549023 29.814185 21.364708 14.526109 9.359776 5.711959 3.301111 1.807235 0.937795 0.461641 0.215799 0.095908 0.040579 0.016372 0.006314 0.002337 0.000839 0.000301 0.000116 0.000055 0.000036 0.000030 0.000028 0.000028 0.000027 0.000027 0.000027 0.000027 0.000027 0.000027 0.000027 0.000027 0.000027 0.000027 0.000027 0.000027 0.000027 0.000027 0.000027 0.000027 0.000027 0.000026 0.000025 0.000023 0.000020 0.000016 0.000012 0.000006 0.000000 
50.000000 39.549036 29.814210 21.364743 14.526152 9.359825 5.712013 3.301168 1.807294 0.937855 0.461702 0.215860 0.095969 0.040640 0.016433 0.006374 0.002398 0.000900 0.000362 0.000177 0.000116 0.000096 0.000091 0.000089 0.000088 0.000088 0.000088 0.000088 0.000088 0.000088 0.000088 0.000088 0.000088 0.000088 0.000088 0.000088 0.000088 0.000088 0.000088 0.000088 0.000087 0.000086 0.000084 0.000080 0.000074 0.000065 0.000053 0.000037 0.000019 0.000000 
50.000000 39.549075 29.814285 21.364849 14.526284 9.359976 5.712177 3.301341 1.807472 0.938037 0.461885 0.216044 0.096153 0.040825 0.016618 0.006560 0.002583 0.001085 0.000547 0.000362 0.000301 0.000282 0.000276 0.000274 0.000274 0.000273 0.000273 0.000273 0.000273 0.000273 0.000273 0.000273 0.000273 0.000273 0.000273 0.000273 0.000273 0.000273 0.000273 0.000272 0.000270 0.000266 0.000259 0.000247 0.000229 0.000201 0.000164 0.000116 0.000061 0.000000 
50.000000 39.549188 29.814503 21.365159 14.526668 9.360415 5.712655 3.301845 1.807992 0.938566 0.462419 0.216580 0.096691 0.041363 0.017157 0.007098 0.003122 0.001624 0.001085 0.000900 0.000839 0.000820 0.000814 0.000813 0.000812 0.000812 0.000812 0.000812 0.000812 0.000812 0.000812 0.000812 0.000812 0.000812 0.000812 0.000812 0.000812 0.000811 0.000810 0.000807 0.000801 0.000790 0.000770 0.000735 0.000681 0.000600 0.000489 0.000347 0.000181 0.000000 
50.000000 39.549503 29.815111 21.366021 14.527734 9.361636 5.713985 3.303246 1.809437 0.940036 0.463904 0.218072 0.098186 0.042860 0.018654 0.008596 0.004620 0.003122 0.002583 0.002398 0.002337 0.002318 0.002312 0.002311 0.002310 0.002310 0.002310 0.002310 0.002310 0.002310 0.002310 0.002310 0.002310 0.002310 0.002310 0.002310 0.002309 0.002307 0.002304 0.002296 0.002280 0.002249 0.002192 0.002095 0.001941 0.001711 0.001395 0.000992 0.000516 0.000000 
50.000000 39.550337 29.816723 21.368306 14.530564 9.364876 5.717513 3.306965 1.813273 0.943940 0.467844 0.222032 0.102155 0.046833 0.022629 0.012572 0.008596 0.007098 0.006560 0.006374 0.006314 0.006294 0.006289 0.006287 0.006286 0.006286 0.006286 0.006286 0.006286 0.006286 0.006286 0.006286 0.006286 0.006286 0.006286 0.006285 0.006284 0.006279 0.006270 0.006249 0.006207 0.006124 0.005972 0.005712 0.005294 0.004673 0.003813 0.002712 0.001413 0.000000 
50.000000 39.552448 29.820798 21.374085 14.537719 9.373069 5.726437 3.316370 1.822975 0.953815 0.477813 0.232049 0.112195 0.056884 0.032684 0.022629 0.018654 0.017157 0.016618 0.016433 0.016372 0.016353 0.016347 0.016345 0.016345 0.016345 0.016345 0.016345 0.016345 0.016345 0.016345 0.016345 0.016345 0.016344 0.016344 0.016342 0.016338 0.016328 0.016304 0.016252 0.016145 0.015934 0.015547 0.014880 0.013806 0.012199 0.009965 0.007096 0.003699 0.000000 
50.000000 39.557525 29.830602 21.387988 14.554934 9.392781 5.747908 3.339001 1.846322 0.977577 0.501802 0.256154 0.136357 0.081072 0.056884 0.046833 0.042860 0.041363 0.040825 0.040640 0.040579 0.040560 0.040554 0.040552 0.040552 0.040552 0.040552 0.040552 0.040552 0.040552 0.040552 0.040552 0.040552 0.040551 0.040550 0.040546 0.040536 0.040512 0.040456 0.040332 0.040074 0.039566 0.038628 0.037002 0.034371 0.030410 0.024876 0.017736 0.009253 0.000000 
50.000000 39.569124 29.853001 21.419752 14.594269 9.437825 5.796975 3.390720 1.899681 1.031887 0.556631 0.311250 0.191583 0.136357 0.112195 0.102155 0.098186 0.096691 0.096153 0.095969 0.095908 0.095889 0.095883 0.095881 0.095881 0.095881 0.095881 0.095881 0.095881 0.095881 0.095881 0.095880 0.095880 0.095879 0.095876 0.095867 0.095845 0.095792 0.095665 0.095386 0.094800 0.093640 0.091484 0.087725 0.081600 0.072312 0.059256 0.042313 0.022100 0.000000 
50.000000 39.594247 29.901516 21.488556 14.679476 9.535407 5.903279 3.502776 2.015293 1.149564 0.675435 0.430635 0.311250 0.256154 0.232049 0.222032 0.218072 0.216580 0.216044 0.215860 0.215799 0.215780 0.215774 0.215772 0.215772 0.215772 0.215772 0.215772 0.215772 0.215772 0.215772 0.215771 0.215771 0.215768 0.215762 0.215744 0.215698 0.215585 0.215317 0.214722 0.213466 0.210965 0.206281 0.198049 0.184528 0.163855 0.134561 0.096278 0.050357 0.000000 
50.000000 39.645740 30.000959 21.629592 14.854145 9.735455 6.121221 3.732524 2.252343 1.390854 0.919042 0.675435 0.556631 0.501802 0.477813 0.467844 0.463904 0.462419 0.461885 0.461702 0.461641 0.461622 0.461617 0.461615 0.461614 0.461614 0.461614 0.461614 0.461614 0.461614 0.461614 0.461614 0.461612 0.461608 0.461595 0.461560 0.461470 0.461245 0.460713 0.459521 0.456989 0.451911 0.442317 0.425301 0.397076 0.353480 0.291087 0.208810 0.109419 0.000000 
50.000000 39.745433 30.193490 21.902665 15.192357 10.122830 6.543268 4.177456 2.711432 1.858169 1.390854 1.149564 1.031887 0.977577 0.953815 0.943940 0.940036 0.938566 0.938037 0.937855 0.937795 0.937777 0.937771 0.937769 0.937769 0.937769 0.937769 0.937769 0.937768 0.937768 0.937768 0.937767 0.937765 0.937757 0.937733 0.937670 0.937503 0.937087 0.936098 0.933865 0.929085 0.919412 0.900957 0.867867 0.812322 0.725445 0.599533 0.431545 0.226709 0.000000 
50.000000 39.927400 30.544923 22.401132 15.809759 10.830018 7.313794 4.989797 3.549654 2.711432 2.252343 2.015293 1.899681 1.846322 1.822975 1.813273 1.809437 1.807992 1.807472 1.807294 1.807235 1.807217 1.807211 1.807209 1.807209 1.807209 1.807209 1.807209 1.807209 1.807208 1.807208 1.807207 1.807202 1.807188 1.807149 1.807041 1.806756 1.806041 1.804328 1.800432 1.792021 1.774827 1.741643 1.681365 1.578714 1.415636 1.175450 0.850031 0.448145 0.000000 
50.000000 40.239950 31.148565 23.257360 16.870333 12.044884 8.637530 6.385429 4.989797 4.177456 3.732524 3.502776 3.390720 3.339001 3.316370 3.306965 3.303246 3.301845 3.301341 3.301168 3.301111 3.301093 3.301088 3.301086 3.301086 3.301086 3.301086 3.301086 3.301085 3.301085 3.301085 3.301082 3.301075 3.301054 3.300993 3.300823 3.300373 3.299236 3.296496 3.290208 3.276498 3.248154 3.192715 3.090448 2.913213 2.626105 2.194359 1.597192 0.846424 0.000000 
50.000000 40.744193 32.122454 24.638806 18.581545 14.005131 10.773534 8.637530 7.313794 6.543268 6.121221 5.903279 5.796975 5.747908 5.726437 5.717513 5.713985 5.712655 5.712177 5.712013 5.711959 5.711942 5.711936 5.711935 5.711935 5.711934 5.711934 5.711934 5.711934 5.711934 5.711933 5.711930 5.711920 5.711890 5.711802 5.711557 5.710906 5.709251 5.705230 5.695920 5.675401 5.632428 5.547082 5.386767 5.102963 4.631850 3.903910 2.868201 1.532051 0.000000 
50.000000 41.506948 33.595658 26.728585 21.170268 16.970709 14.005131 12.044884 10.830018 10.122830 9.735455 9.535407 9.437825 9.392781 9.373069 9.364876 9.361636 9.360415 9.359976 9.359825 9.359776 9.359760 9.359755 9.359754 9.359753 9.359753 9.359753 9.359753 9.359753 9.359753 9.359751 9.359747 9.359735 9.359695 9.359581 9.359263 9.358410 9.356226 9.350879 9.338379 9.310507 9.251303 9.131672 8.902167 8.485355 7.771934 6.629562 4.938965 2.672092 0.000000 
50.000000 42.586972 35.681677 29.687733 24.836040 21.170268 18.581545 16.870333 15.809759 15.192357 14.854145 14.679476 14.594269 14.554934 14.537719 14.530564 14.527734 14.526668 14.526284 14.526152 14.526109 14.526095 14.526091 14.526090 14.526090 14.526089 14.526089 14.526089 14.526089 14.526089 14.526087 14.526083 14.526068 14.526023 14.525891 14.525521 14.524525 14.521957 14.515621 14.500665 14.466912 14.394123 14.244228 13.949694 13.398334 12.418020 10.772808 8.198819 4.534622 0.000000 
50.000000 44.016312 38.442421 33.604102 29.687733 26.728585 24.638806 23.257360 22.401132 21.902665 21.629592 21.488556 21.419752 21.387988 21.374085 21.368306 21.366021 21.365159 21.364849 21.364743 21.364708 21.364697 21.364693 21.364692 21.364692 21.364692 21.364692 21.364692 21.364692 21.364691 21.364690 21.364685 21.364671 21.364625 21.364493 21.364120 21.363112 21.360496 21.353995 21.338505 21.303132 21.225682 21.063000 20.734896 20.099023 18.914926 16.802051 13.223605 7.616893 0.000000 
50.000000 45.782085 41.853017 38.442421 35.681677 33.595658 32.122454 31.148565 30.544923 30.193490 30.000959 29.901516 29.853001 29.830602 29.820798 29.816723 29.815111 29.814503 29.814285 29.814210 29.814185 29.814177 29.814175 29.814174 29.814174 29.814174 29.814174 29.814174 29.814174 29.814173 29.814172 29.814168 29.814156 29.814119 29.814010 29.813702 29.812866 29.810688 29.805238 29.792149 29.761945 29.694893 29.551373 29.254253 28.656693 27.482858 25.218816 20.926508 13.045781 0.000000 
50.000000 47.816275 45.782085 44.016312 42.586972 41.506948 40.744193 40.239950 39.927400 39.745433 39.645740 39.594247 39.569124 39.557525 39.552448 39.550337 39.549503 39.549188 39.549075 39.549036 39.549023 39.549019 39.549018 39.549017 39.549017 39.549017 39.549017 39.549017 39.549017 39.549017 39.549016 39.549014 39.549007 39.548986 39.548925 39.548749 39.548272 39.547024 39.543890 39.536321 39.518724 39.479255 39.393526 39.212142 38.834856 38.052350 36.399418 32.736304 23.908137 0.000000 
50.000000 50.000000 50.000000 50.000000 50.000000 50.000000 50.000000 50.000000 50.000000 50.000000 50.000000 50.000000 50.000000 50.000000 50.000000 50.000000 50.000000 50.000000 50.000000 50.000000 50.000000 50.000000 50.000000 50.000000 50.000000 50.000000 50.000000 50.000000 50.000000 50.000000 50.000000 50.000000 50.000000 50.000000 50.000000 50.000000 50.000000 50.000000 50.000000 50.000000 50.000000 50.000000 50.000000 50.000000 50.000000 50.000000 50.000000 50.000000 50.000000 50.000000 
