50.000000 50.000000 50.000000 50.000000 50.000000 50.000000 50.000000 50.000000 50.000000 50.000000 50.000000 50.000000 50.000000 50.000000 50.000000 50.000000 50.000000 50.000000 50.000000 50.000000 50.000000 50.000000 50.000000 50.000000 50.000000 50.000000 50.000000 50.000000 50.000000 50.000000 50.000000 50.000000 50.000000 50.000000 50.000000 50.000000 50.000000 50.000000 50.000000 50.000000 50.000000 50.000000 50.000000 50.000000 50.000000 50.000000 50.000000 50.000000 50.000000 50.000000 
50.000000 38.628059 31.184651 27.751073 26.557157 26.228190 26.153698 26.139455 26.137107 26.136768 26.136725 26.136720 26.136719 26.136719 26.136719 26.136719 26.136719 26.136719 26.136719 26.136719 26.136719 26.136719 26.136719 26.136719 26.136719 26.136719 26.136719 26.136719 26.136719 26.136719 26.136719 26.136719 26.136719 26.136719 26.136719 26.136719 26.136719 26.136719 26.136719 26.136719 26.136716 26.136693 26.136499 26.135076 26.125719 26.071107 25.789599 24.508710 19.314029 0.000000 
50.000000 31.184651 18.876182 13.203429 11.233018 10.690739 10.568098 10.544680 10.540825 10.540269 10.540198 10.540190 10.540189 10.540189 10.540189 10.540189 10.540189 10.540189 10.540189 10.540189 10.540189 10.540189 10.540189 10.540189 10.540189 10.540189 10.540189 10.540189 10.540189 10.540189 10.540189 10.540189 10.540189 10.540189 10.540189 10.540189 10.540189 10.540189 10.540189 10.540189 10.540187 10.540166 10.539998 10.538789 10.531053 10.487815 10.279860 9.438091 6.675941 0.000000 
50.000000 27.751073 13.203429 6.503701 4.178665 3.539420 3.395001 3.367453 3.362924 3.362272 3.362188 3.362179 3.362178 3.362178 3.362178 3.362178 3.362178 3.362178 3.362178 3.362178 3.362178 3.362178 3.362178 3.362178 3.362178 3.362178 3.362178 3.362178 3.362178 3.362178 3.362178 3.362178 3.362178 3.362178 3.362178 3.362178 3.362178 3.362178 3.362178 3.362178 3.362176 3.362167 3.362088 3.361528 3.358022 3.339026 3.251851 2.923569 1.961475 0.000000 
50.000000 26.557157 11.233018 4.178665 1.731793 1.059420 0.907605 0.878664 0.873908 0.873224 0.873136 0.873126 0.873125 0.873125 0.873125 0.873125 0.873125 0.873125 0.873125 0.873125 0.873125 0.873125 0.873125 0.873125 0.873125 0.873125 0.873125 0.873125 0.873125 0.873125 0.873125 0.873125 0.873125 0.873125 0.873125 0.873125 0.873125 0.873125 0.873125 0.873125 0.873125 0.873121 0.873096 0.872915 0.871802 0.865896 0.839639 0.745203 0.486050 0.000000 
50.000000 26.228190 10.690739 3.539420 1.059420 0.378095 0.224294 0.194981 0.190166 0.189473 0.189384 0.189374 0.189373 0.189373 0.189373 0.189373 0.189373 0.189373 0.189373 0.189373 0.189373 0.189373 0.189373 0.189373 0.189373 0.189373 0.189373 0.189373 0.189373 0.189373 0.189373 0.189373 0.189373 0.189373 0.189373 0.189373 0.189373 0.189373 0.189373 0.189373 0.189373 0.189372 0.189366 0.189321 0.189048 0.187618 0.181397 0.159685 0.102470 0.000000 
50.000000 26.153698 10.568098 3.395001 0.907605 0.224294 0.070055 0.040661 0.035833 0.035138 0.035049 0.035039 0.035038 0.035038 0.035038 0.035038 0.035038 0.035038 0.035038 0.035038 0.035038 0.035038 0.035038 0.035038 0.035038 0.035038 0.035038 0.035038 0.035038 0.035038 0.035038 0.035038 0.035038 0.035038 0.035038 0.035038 0.035038 0.035038 0.035038 0.035038 0.035038 0.035038 0.035037 0.035028 0.034973 0.034689 0.033473 0.029310 0.018622 0.000000 
50.000000 26.139455 10.544680 3.367453 0.878664 0.194981 0.040661 0.011252 0.006422 0.005727 0.005638 0.005628 0.005627 0.005626 0.005626 0.005626 0.005626 0.005626 0.005626 0.005626 0.005626 0.005626 0.005626 0.005626 0.005626 0.005626 0.005626 0.005626 0.005626 0.005626 0.005626 0.005626 0.005626 0.005626 0.005626 0.005626 0.005626 0.005626 0.005626 0.005626 0.005626 0.005626 0.005626 0.005625 0.005615 0.005568 0.005365 0.004682 0.002956 0.000000 
50.000000 26.137107 10.540825 3.362924 0.873908 0.190166 0.035833 0.006422 0.001591 0.000895 0.000807 0.000796 0.000795 0.000795 0.000795 0.000795 0.000795 0.000795 0.000795 0.000795 0.000795 0.000795 0.000795 0.000795 0.000795 0.000795 0.000795 0.000795 0.000795 0.000795 0.000795 0.000795 0.000795 0.000795 0.000795 0.000795 0.000795 0.000795 0.000795 0.000795 0.000795 0.000795 0.000795 0.000795 0.000794 0.000787 0.000757 0.000659 0.000415 0.000000 
50.000000 26.136768 10.540269 3.362272 0.873224 0.189473 0.035138 0.005727 0.000895 0.000200 0.000111 0.000101 0.000100 0.000100 0.000100 0.000100 0.000100 0.000100 0.000100 0.000100 0.000100 0.000100 0.000100 0.000100 0.000100 0.000100 0.000100 0.000100 0.000100 0.000100 0.000100 0.000100 0.000100 0.000100 0.000100 0.000100 0.000100 0.000100 0.000100 0.000100 0.000100 0.000100 0.000100 0.000100 0.000100 0.000099 0.000095 0.000083 0.000052 0.000000 
50.000000 26.136725 10.540198 3.362188 0.873136 0.189384 0.035049 0.005638 0.000807 0.000111 0.000023 0.000012 0.000011 0.000011 0.000011 0.000011 0.000011 0.000011 0.000011 0.000011 0.000011 0.000011 0.000011 0.000011 0.000011 0.000011 0.000011 0.000011 0.000011 0.000011 0.000011 0.000011 0.000011 0.000011 0.000011 0.000011 0.000011 0.000011 0.000011 0.000011 0.000011 0.000011 0.000011 0.000011 0.000011 0.000011 0.000011 0.000009 0.000006 0.000000 
50.000000 26.136720 10.540190 3.362179 0.873126 0.189374 0.035039 0.005628 0.000796 0.000101 0.000012 0.000002 0.000001 0.000001 0.000001 0.000001 0.000001 0.000001 0.000001 0.000001 0.000001 0.000001 0.000001 0.000001 0.000001 0.000001 0.000001 0.000001 0.000001 0.000001 0.000001 0.000001 0.000001 0.000001 0.000001 0.000001 0.000001 0.000001 0.000001 0.000001 0.000001 0.000001 0.000001 0.000001 0.000001 0.000001 0.000001 0.000001 0.000001 0.000000 
50.000000 26.136719 10.540189 3.362178 0.873125 0.189373 0.035038 0.005627 0.000795 0.000100 0.000011 0.000001 0.000000 0.000000 0.000000 0.000000 0.000000 0.000000 0.000000 0.000000 0.000000 0.000000 0.000000 0.000000 0.000000 0.000000 0.000000 0.000000 0.000000 0.000000 0.000000 0.000000 0.000000 0.000000 0.000000 0.000000 0.000000 0.000000 0.000000 0.000000 0.000000 0.000000 0.000000 0.000000 0.000000 0.000000 0.000000 0.000000 0.000000 0.000000 
50.000000 26.136719 10.540189 3.362178 0.873125 0.189373 0.035038 0.005626 0.000795 0.000100 0.000011 0.000001 0.000000 0.000000 0.000000 0.000000 0.000000 0.000000 0.000000 0.000000 0.000000 0.000000 0.000000 0.000000 0.000000 0.000000 0.000000 0.000000 0.000000 0.000000 0.000000 0.000000 0.000000 0.000000 0.000000 0.000000 0.000000 0.000000 0.000000 0.000000 0.000000 0.000000 0.000000 0.000000 0.000000 0.000000 0.000000 0.000000 0.000000 0.000000 
50.000000 26.136719 10.540189 3.362178 0.873125 0.189373 0.035038 0.005626 0.000795 0.000100 0.000011 0.000001 0.000000 0.000000 0.000000 0.000000 0.000000 0.000000 0.000000 0.000000 0.000000 0.000000 0.000000 0.000000 0.000000 0.000000 0.000000 0.000000 0.000000 0.000000 0.000000 0.000000 0.000000 0.000000 0.000000 0.000000 0.000000 0.000000 0.000000 0.000000 0.000000 0.000000 0.000000 0.000000 0.000000 0.000000 0.000000 0.000000 0.000000 0.000000 
50.000000 26.136719 10.540189 3.362178 0.873125 0.189373 0.035038 0.005626 0.000795 0.000100 0.000011 0.000001 0.000000 0.000000 0.000000 0.000000 0.000000 0.000000 0.000000 0.000000 0.000000 0.000000 0.000000 0.000000 0.000000 0.000000 0.000000 0.000000 0.000000 0.000000 0.000000 0.000000 0.000000 0.000000 0.000000 0.000000 0.000000 0.000000 0.000000 0.000000 0.000000 0.000000 0.000000 0.000000 0.000000 0.000000 0.000000 0.000000 0.000000 0.000000 
50.000000 26.136719 10.540189 3.362178 0.873125 0.189373 0.035038 0.005626 0.000795 0.000100 0.000011 0.000001 0.000000 0.000000 0.000000 0.000000 0.000000 0.000000 0.000000 0.000000 0.000000 0.000000 0.000000 0.000000 0.000000 0.000000 0.000000 0.000000 0.000000 0.000000 0.000000 0.000000 0.000000 0.000000 0.000000 0.000000 0.000000 0.000000 0.000000 0.000000 0.000000 0.000000 0.000000 0.000000 0.000000 0.000000 0.000000 0.000000 0.000000 0.000000 
50.000000 26.136719 10.540189 3.362178 0.873125 0.189373 0.035038 0.005626 0.000795 0.000100 0.000011 0.000001 0.000000 0.000000 0.000000 0.000000 0.000000 0.000000 0.000000 0.000000 0.000000 0.000000 0.000000 0.000000 0.000000 0.000000 0.000000 0.000000 0.000000 0.000000 0.000000 0.000000 0.000000 0.000000 0.000000 0.000000 0.000000 0.000000 0.000000 0.000000 0.000000 0.000000 0.000000 0.000000 0.000000 0.000000 0.000000 0.000000 0.000000 0.000000 
50.000000 26.136719 10.540189 3.362178 0.873125 0.189373 0.035038 0.005626 0.000795 0.000100 0.000011 0.000001 0.000000 0.000000 0.000000 0.000000 0.000000 0.000000 0.000000 0.000000 0.000000 0.000000 0.000000 0.000000 0.000000 0.000000 0.000000 0.000000 0.000000 0.000000 0.000000 0.000000 0.000000 0.000000 0.000000 0.000000 0.000000 0.000000 0.000000 0.000000 0.000000 0.000000 0.000000 0.000000 0.000000 0.000000 0.000000 0.000000 0.000000 0.000000 
50.000000 26.136719 10.540189 3.362178 0.873125 0.189373 0.035038 0.005626 0.000795 0.000100 0.000011 0.000001 0.000000 0.000000 0.000000 0.000000 0.000000 0.000000 0.000000 0.000000 0.000000 0.000000 0.000000 0.000000 0.000000 0.000000 0.000000 0.000000 0.000000 0.000000 0.000000 0.000000 0.000000 0.000000 0.000000 0.000000 0.000000 0.000000 0.000000 0.000000 0.000000 0.000000 0.000000 0.000000 0.000000 0.000000 0.000000 0.000000 0.000000 0.000000 
50.000000 26.136719 10.540189 3.362178 0.873125 0.189373 0.035038 0.005626 0.000795 0.000100 0.000011 0.000001 0.000000 0.000000 0.000000 0.000000 0.000000 0.000000 0.000000 0.000000 0.000000 0.000000 0.000000 0.000000 0.000000 0.000000 0.000000 0.000000 0.000000 0.000000 0.000000 0.000000 0.000000 0.000000 0.000000 0.000000 0.000000 0.000000 0.000000 0.000000 0.000000 0.000000 0.000000 0.000000 0.000000 0.000000 0.000000 0.000000 0.000000 0.000000 
50.000000 26.136719 10.540189 3.362178 0.873125 0.189373 0.035038 0.005626 0.000795 0.000100 0.000011 0.000001 0.000000 0.000000 0.000000 0.000000 0.000000 0.000000 0.000000 0.000000 0.000000 0.000000 0.000000 0.000000 0.000000 0.000000 0.000000 0.000000 0.000000 0.000000 0.000000 0.000000 0.000000 0.000000 0.000000 0.000000 0.000000 0.000000 0.000000 0.000000 0.000000 0.000000 0.000000 0.000000 0.000000 0.000000 0.000000 0.000000 0.000000 0.000000 
50.000000 26.136719 10.540189 3.362178 0.873125 0.189373 0.035038 0.005626 0.000795 0.000100 0.000011 0.000001 0.000000 0.000000 0.000000 0.000000 0.000000 0.000000 0.000000 0.000000 0.000000 0.000000 0.000000 0.000000 0.000000 0.000000 0.000000 0.000000 0.000000 0.000000 0.000000 0.000000 0.000000 0.000000 0.000000 0.000000 0.000000 0.000000 0.000000 0.000000 0.000000 0.000000 0.000000 0.000000 0.000000 0.000000 0.000000 0.000000 0.000000 0.000000 
50.000000 26.136719 10.540189 3.362178 0.873125 0.189373 0.035038 0.005626 0.000795 0.000100 0.000011 0.000001 0.000000 0.000000 0.000000 0.000000 0.000000 0.000000 0.000000 0.000000 0.000000 0.000000 0.000000 0.000000 0.000000 0.000000 0.000000 0.000000 0.000000 0.000000 0.000000 0.000000 0.000000 0.000000 0.000000 0.000000 0.000000 0.000000 0.000000 0.000000 0.000000 0.000000 0.000000 0.000000 0.000000 0.000000 0.000000 0.000000 0.000000 0.000000 
50.000000 26.136719 10.540189 3.362178 0.873125 0.189373 0.035038 0.005626 0.000795 0.000100 0.000011 0.000001 0.000000 0.000000 0.000000 0.000000 0.000000 0.000000 0.000000 0.000000 0.000000 0.000000 0.000000 0.000000 0.000000 0.000000 0.000000 0.000000 0.000000 0.000000 0.000000 0.000000 0.000000 0.000000 0.000000 0.000000 0.000000 0.000000 0.000000 0.000000 0.000000 0.000000 0.000000 0.000000 0.000000 0.000000 0.000000 0.000000 0.000000 0.000000 
50.000000 26.136719 10.540189 3.362178 0.873125 0.189373 0.035038 0.005626 0.000795 0.000100 0.000011 0.000001 0.000000 0.000000 0.000000 0.000000 0.000000 0.000000 0.000000 0.000000 0.000000 0.000000 0.000000 0.000000 0.000000 0.000000 0.000000 0.000000 0.000000 0.000000 0.000000 0.000000 0.000000 0.000000 0.000000 0.000000 0.000000 0.000000 0.000000 0.000000 0.000000 0.000000 0.000000 0.000000 0.000000 0.000000 0.000000 0.000000 0.000000 0.000000 
50.000000 26.136719 10.540189 3.362178 0.873125 0.189373 0.035038 0.005626 0.000795 0.000100 0.000011 0.000001 0.000000 0.000000 0.000000 0.000000 0.000000 0.000000 0.000000 0.000000 0.000000 0.000000 0.000000 0.000000 0.000000 0.000000 0.000000 0.000000 0.000000 0.000000 0.000000 0.000000 0.000000 0.000000 0.000000 0.000000 0.000000 0.000000 0.000000 0.000000 0.000000 0.000000 0.000000 0.000000 0.000000 0.000000 0.000000 0.000000 0.000000 0.000000 
50.000000 26.136719 10.540189 3.362178 0.873125 0.189373 0.035038 0.005626 0.000795 0.000100 0.000011 0.000001 0.000000 0.000000 0.000000 0.000000 0.000000 0.000000 0.000000 0.000000 0.000000 0.000000 0.000000 0.000000 0.000000 0.000000 0.000000 0.000000 0.000000 0.000000 0.000000 0.000000 0.000000 0.000000 0.000000 0.000000 0.000000 0.000000 0.000000 0.000000 0.000000 0.000000 0.000000 0.000000 0.000000 0.000000 0.000000 0.000000 0.000000 0.000000 
50.000000 26.136719 10.540189 3.362178 0.873125 0.189373 0.035038 0.005626 0.000795 0.000100 0.000011 0.000001 0.000000 0.000000 0.000000 0.000000 0.000000 0.000000 0.000000 0.000000 0.000000 0.000000 0.000000 0.000000 0.000000 0.000000 0.000000 0.000000 0.000000 0.000000 0.000000 0.000000 0.000000 0.000000 0.000000 0.000000 0.000000 0.000000 0.000000 0.000000 0.000000 0.000000 0.000000 0.000000 0.000000 0.000000 0.000000 0.000000 0.000000 0.000000 
50.000000 26.136719 10.540189 3.362178 0.873125 0.189373 0.035038 0.005626 0.000795 0.000100 0.000011 0.000001 0.000000 0.000000 0.000000 0.000000 0.000000 0.000000 0.000000 0.000000 0.000000 0.000000 0.000000 0.000000 0.000000 0.000000 0.000000 0.000000 0.000000 0.000000 0.000000 0.000000 0.000000 0.000000 0.000000 0.000000 0.000000 0.000000 0.000000 0.000000 0.000000 0.000000 0.000000 0.000000 0.000000 0.000000 0.000000 0.000000 0.000000 0.000000 
50.000000 26.136719 10.540189 3.362178 0.873125 0.189373 0.035038 0.005626 0.000795 0.000100 0.000011 0.000001 0.000000 0.000000 0.000000 0.000000 0.000000 0.000000 0.000000 0.000000 0.000000 0.000000 0.000000 0.000000 0.000000 0.000000 0.000000 0.000000 0.000000 0.000000 0.000000 0.000000 0.000000 0.000000 0.000000 0.000000 0.000000 0.000000 0.000000 0.000000 0.000000 0.000000 0.000000 0.000000 0.000000 0.000000 0.000000 0.000000 0.000000 0.000000 
50.000000 26.136719 10.540189 3.362178 0.873125 0.189373 0.035038 0.005626 0.000795 0.000100 0.000011 0.000001 0.000000 0.000000 0.000000 0.000000 0.000000 0.000000 0.000000 0.000000 0.000000 0.000000 0.000000 0.000000 0.000000 0.000000 0.000000 0.000000 0.000000 0.000000 0.000000 0.000000 0.000000 0.000000 0.000000 0.000000 0.000000 0.000000 0.000000 0.000000 0.000000 0.000000 0.000000 0.000000 0.000000 0.000000 0.000000 0.000000 0.000000 0.000000 
50.000000 26.136719 10.540189 3.362178 0.873125 0.189373 0.035038 0.005626 0.000795 0.000100 0.000011 0.000001 0.000000 0.000000 0.000000 0.000000 0.000000 0.000000 0.000000 0.000000 0.000000 0.000000 0.000000 0.000000 0.000000 0.000000 0.000000 0.000000 0.000000 0.000000 0.000000 0.000000 0.000000 0.000000 0.000000 0.000000 0.000000 0.000000 0.000000 0.000000 0.000000 0.000000 0.000000 0.000000 0.000000 0.000000 0.000000 0.000000 0.000000 0.000000 
50.000000 26.136719 10.540189 3.362178 0.873125 0.189373 0.035038 0.005626 0.000795 0.000100 0.000011 0.000001 0.000000 0.000000 0.000000 0.000000 0.000000 0.000000 0.000000 0.000000 0.000000 0.000000 0.000000 0.000000 0.000000 0.000000 0.000000 0.000000 0.000000 0.000000 0.000000 0.000000 0.000000 0.000000 0.000000 0.000000 0.000000 0.000000 0.000000 0.000000 0.000000 0.000000 0.000000 0.000000 0.000000 0.000000 0.000000 0.000000 0.000000 0.000000 
50.000000 26.136719 10.540189 3.362178 0.873125 0.189373 0.035038 0.005626 0.000795 0.000100 0.000011 0.000001 0.000000 0.000000 0.000000 0.000000 0.000000 0.000000 0.000000 0.000000 0.000000 0.000000 0.000000 0.000000 0.000000 0.000000 0.000000 0.000000 0.000000 0.000000 0.000000 0.000000 0.000000 0.000000 0.000000 0.000000 0.000000 0.000000 0.000000 0.000000 0.000000 0.000000 0.000000 0.000000 0.000000 0.000000 0.000000 0.000000 0.000000 0.000000 
50.000000 26.136719 10.540189 3.362178 0.873125 0.189373 0.035038 0.005626 0.000795 0.000100 0.000011 0.000001 0.000000 0.000000 0.000000 0.000000 0.000000 0.000000 0.000000 0.000000 0.000000 0.000000 0.000000 0.000000 0.000000 0.000000 0.000000 0.000000 0.000000 0.000000 0.000000 0.000000 0.000000 0.000000 0.000000 0.000000 0.000000 0.000000 0.000000 0.000000 0.000000 0.000000 0.000000 0.000000 0.000000 0.000000 0.000000 0.000000 0.000000 0.000000 
50.000000 26.136719 10.540189 3.362178 0.873125 0.189373 0.035038 0.005626 0.000795 0.000100 0.000011 0.000001 0.000000 0.000000 0.000000 0.000000 0.000000 0.000000 0.000000 0.000000 0.000000 0.000000 0.000000 0.000000 0.000000 0.000000 0.000000 0.000000 0.000000 0.000000 0.000000 0.000000 0.000000 0.000000 0.000000 0.000000 0.000000 0.000000 0.000000 0.000000 0.000000 0.000000 0.000000 0.000000 0.000000 0.000000 0.000000 0.000000 0.000000 0.000000 
50.000000 26.136719 10.540189 3.362178 0.873125 0.189373 0.035038 0.005627 0.000795 0.000100 0.000011 0.000001 0.000000 0.000000 0.000000 0.000000 0.000000 0.000000 0.000000 0.000000 0.000000 0.000000 0.000000 0.000000 0.000000 0.000000 0.000000 0.000000 0.000000 0.000000 0.000000 0.000000 0.000000 0.000000 0.000000 0.000000 0.000000 0.000000 0.000000 0.000000 0.000000 0.000000 0.000000 0.000000 0.000000 0.000000 0.000000 0.000000 0.000000 0.000000 
50.000000 26.136720 10.540190 3.362179 0.873126 0.189374 0.035039 0.005628 0.000796 0.000101 0.000012 0.000002 0.000001 0.000001 0.000001 0.000001 0.000001 0.000001 0.000001 0.000001 0.000001 0.000001 0.000001 0.000001 0.000001 0.000001 0.000001 0.000001 0.000001 0.000001 0.000001 0.000001 0.000001 0.000001 0.000001 0.000001 0.000001 0.000001 0.000001 0.000001 0.000001 0.000001 0.000001 0.000001 0.000001 0.000001 0.000001 0.000001 0.000001 0.000000 
50.000000 26.136725 10.540198 3.362188 0.873136 0.189384 0.035049 0.005638 0.000807 0.000111 0.000023 0.000012 0.000011 0.000011 0.000011 0.000011 0.000011 0.000011 0.000011 0.000011 0.000011 0.000011 0.000011 0.000011 0.000011 0.000011 0.000011 0.000011 0.000011 0.000011 0.000011 0.000011 0.000011 0.000011 0.000011 0.000011 0.000011 0.000011 0.000011 0.000011 0.000011 0.000011 0.000011 0.000011 0.000011 0.000011 0.000011 0.000009 0.000006 0.000000 
50.000000 26.136768 10.540269 3.362272 0.873224 0.189473 0.035138 0.005727 0.000895 0.000200 0.000111 0.000101 0.000100 0.000100 0.000100 0.000100 0.000100 0.000100 0.000100 0.000100 0.000100 0.000100 0.000100 0.000100 0.000100 0.000100 0.000100 0.000100 0.000100 0.000100 0.000100 0.000100 0.000100 0.000100 0.000100 0.000100 0.000100 0.000100 0.000100 0.000100 0.000100 0.000100 0.000100 0.000100 0.000100 0.000099 0.000095 0.000083 0.000052 0.000000 
50.000000 26.137107 10.540825 3.362924 0.873908 0.190166 0.035833 0.006422 0.001591 0.000895 0.000807 0.000796 0.000795 0.000795 0.000795 0.000795 0.000795 0.000795 0.000795 0.000795 0.000795 0.000795 0.000795 0.000795 0.000795 0.000795 0.000795 0.000795 0.000795 0.000795 0.000795 0.000795 0.000795 0.000795 0.000795 0.000795 0.000795 0.000795 0.000795 0.000795 0.000795 0.000795 0.000795 0.000795 0.000794 0.000787 0.000757 0.000659 0.000415 0.000000 
50.000000 26.139455 10.544680 3.367453 0.878664 0.194981 0.040661 0.011252 0.006422 0.005727 0.005638 0.005628 0.005627 0.005626 0.005626 0.005626 0.005626 0.005626 0.005626 0.005626 0.005626 0.005626 0.005626 0.005626 0.005626 0.005626 0.005626 0.005626 0.005626 0.005626 0.005626 0.005626 0.005626 0.005626 0.005626 0.005626 0.005626 0.005626 0.005626 0.005626 0.005626 0.005626 0.005626 0.005625 0.005615 0.005568 0.005365 0.004682 0.002956 0.000000 
50.000000 26.153698 10.568098 3.395001 0.907605 0.224294 0.070055 0.040661 0.035833 0.035138 0.035049 0.035039 0.035038 0.035038 0.035038 0.035038 0.035038 0.035038 0.035038 0.035038 0.035038 0.035038 0.035038 0.035038 0.035038 0.035038 0.035038 0.035038 0.035038 0.035038 0.035038 0.035038 0.035038 0.035038 0.035038 0.035038 0.035038 0.035038 0.035038 0.035038 0.035038 0.035038 0.035037 0.035028 0.034973 0.034689 0.033473 0.029310 0.018622 0.000000 
50.000000 26.228190 10.690739 3.539420 1.059420 0.378095 0.224294 0.194981 0.190166 0.189473 0.189384 0.189374 0.189373 0.189373 0.189373 0.189373 0.189373 0.189373 0.189373 0.189373 0.189373 0.189373 0.189373 0.189373 0.189373 0.189373 0.189373 0.189373 0.189373 0.189373 0.189373 0.189373 0.189373 0.189373 0.189373 0.189373 0.189373 0.189373 0.189373 0.189373 0.189373 0.189372 0.189366 0.189321 0.189048 0.187618 0.181397 0.159685 0.102470 0.000000 
50.000000 26.557157 11.233018 4.178665 1.731793 1.059420 0.907605 0.878664 0.873908 0.873224 0.873136 0.873126 0.873125 0.873125 0.873125 0.873125 0.873125 0.873125 0.873125 0.873125 0.873125 0.873125 0.873125 0.873125 0.873125 0.873125 0.873125 0.873125 0.873125 0.873125 0.873125 0.873125 0.873125 0.873125 0.873125 0.873125 0.873125 0.873125 0.873125 0.873125 0.873125 0.873121 0.873096 0.872915 0.871802 0.865896 0.839639 0.745203 0.486050 0.000000 
50.000000 27.751073 13.203429 6.503701 4.178665 3.539420 3.395001 3.367453 3.362924 3.362272 3.362188 3.362179 3.362178 3.362178 3.362178 3.362178 3.362178 3.362178 3.362178 3.362178 3.362178 3.362178 3.362178 3.362178 3.362178 3.362178 3.362178 3.362178 3.362178 3.362178 3.362178 3.362178 3.362178 3.362178 3.362178 3.362178 3.362178 3.362178 3.362178 3.362178 3.362176 3.362167 3.362088 3.361528 3.358022 3.339026 3.251851 2.923569 1.961475 0.000000 
50.000000 31.184651 18.876182 13.203429 11.233018 10.690739 10.568098 10.544680 10.540825 10.540269 10.540198 10.540190 10.540189 10.540189 10.540189 10.540189 10.540189 10.540189 10.540189 10.540189 10.540189 10.540189 10.540189 10.540189 10.540189 10.540189 10.540189 10.540189 10.540189 10.540189 10.540189 10.540189 10.540189 10.540189 10.540189 10.540189 10.540189 10.540189 10.540189 10.540189 10.540187 10.540166 10.539998 10.538789 10.531053 10.487815 10.279860 9.438091 6.675941 0.000000 
50.000000 38.628059 31.184651 27.751073 26.557157 26.228190 26.153698 26.139455 26.137107 26.136768 26.136725 26.136720 26.136719 26.136719 26.136719 26.136719 26.136719 26.136719 26.136719 26.136719 26.136719 26.136719 26.136719 26.136719 26.136719 26.136719 26.136719 26.136719 26.136719 26.136719 26.136719 26.136719 26.136719 26.136719 26.136719 26.136719 26.136719 26.136719 26.136719 26.136719 26.136716 26.136693 26.136499 26.135076 26.125719 26.071107 25.789599 24.508710 19.314029 0.000000 
50.000000 50.000000 50.000000 50.000000 50.000000 50.000000 50.000000 50.000000 50.000000 50.000000 50.000000 50.000000 50.000000 50.000000 50.000000 50.000000 50.000000 50.000000 50.000000 50.000000 50.000000 50.000000 50.000000 50.000000 50.000000 50.000000 50.000000 50.000000 50.000000 50.000000 50.000000 50.000000 50.000000 50.000000 50.000000 50.000000 50.000000 50.000000 50.000000 50.000000 50.000000 50.000000 50.000000 50.000000 50.000000 50.000000 50.000000 50.000000 50.000000 50.000000 
