50.000000 50.000000 50.000000 50.000000 50.000000 50.000000 50.000000 50.000000 50.000000 50.000000 50.000000 50.000000 50.000000 50.000000 50.000000 50.000000 50.000000 50.000000 50.000000 50.000000 50.000000 50.000000 50.000000 50.000000 50.000000 50.000000 50.000000 50.000000 50.000000 50.000000 50.000000 50.000000 50.000000 50.000000 50.000000 50.000000 50.000000 50.000000 50.000000 50.000000 50.000000 50.000000 50.000000 50.000000 50.000000 50.000000 50.000000 50.000000 50.000000 50.000000 
50.000000 46.255888 42.950475 40.368968 38.578646 37.470604 36.855146 36.546535 36.406016 36.347591 36.325292 36.317440 36.314878 36.314100 36.313880 36.313821 36.313807 36.313803 36.313802 36.313802 36.313802 36.313802 36.313802 36.313802 36.313802 36.313802 36.313802 36.313802 36.313802 36.313802 36.313802 36.313802 36.313802 36.313802 36.313801 36.313798 36.313783 36.313725 36.313507 36.312734 36.310142 36.301945 36.277476 36.208344 36.022462 35.542000 34.327800 31.248291 23.127944 0.000000 
50.000000 42.950475 36.727062 31.866790 28.496280 26.410387 25.251877 24.671012 24.406555 24.296610 24.254651 24.239879 24.235060 24.233597 24.233183 24.233072 24.233045 24.233038 24.233037 24.233037 24.233036 24.233036 24.233036 24.233036 24.233036 24.233036 24.233036 24.233036 24.233036 24.233036 24.233036 24.233036 24.233036 24.233036 24.233035 24.233029 24.233006 24.232914 24.232570 24.231355 24.227316 24.214683 24.177557 24.075024 23.808681 23.156725 21.649764 18.363531 11.702184 0.000000 
50.000000 40.368968 31.866790 25.227221 20.623143 17.774104 16.191917 15.398725 15.037649 14.887559 14.830288 14.810128 14.803553 14.801557 14.800991 14.800841 14.800803 14.800795 14.800793 14.800792 14.800792 14.800792 14.800792 14.800792 14.800792 14.800792 14.800792 14.800792 14.800792 14.800792 14.800792 14.800792 14.800792 14.800792 14.800790 14.800785 14.800761 14.800666 14.800313 14.799078 14.795013 14.782471 14.746282 14.648824 14.404448 13.835683 12.613611 10.217026 6.041168 0.000000 
50.000000 38.578646 28.496280 20.623143 15.164112 11.786367 9.910796 8.970651 8.542745 8.364903 8.297054 8.273176 8.265389 8.263026 8.262356 8.262178 8.262134 8.262123 8.262121 8.262121 8.262121 8.262120 8.262120 8.262120 8.262120 8.262120 8.262120 8.262120 8.262120 8.262120 8.262120 8.262120 8.262120 8.262120 8.262119 8.262114 8.262095 8.262019 8.261738 8.260761 8.257581 8.247907 8.220490 8.148380 7.973149 7.582056 6.787460 5.339555 3.036647 0.000000 
50.000000 37.470604 26.410387 17.774104 11.786367 8.081835 6.025034 4.994175 4.525044 4.330097 4.255735 4.229568 4.221036 4.218448 4.217714 4.217520 4.217471 4.217459 4.217457 4.217456 4.217456 4.217456 4.217456 4.217456 4.217456 4.217456 4.217456 4.217456 4.217456 4.217456 4.217456 4.217456 4.217456 4.217456 4.217455 4.217452 4.217439 4.217388 4.217202 4.216561 4.214495 4.208290 4.190988 4.146415 4.040917 3.813218 3.369656 2.601706 1.448142 0.000000 
50.000000 36.855146 25.251877 16.191917 9.910796 6.025034 3.867799 2.786706 2.294767 2.090367 2.012407 1.984979 1.976036 1.973324 1.972555 1.972351 1.972300 1.972288 1.972285 1.972285 1.972284 1.972284 1.972284 1.972284 1.972284 1.972284 1.972284 1.972284 1.972284 1.972284 1.972284 1.972284 1.972284 1.972284 1.972284 1.972282 1.972275 1.972246 1.972140 1.971778 1.970623 1.967193 1.957765 1.933899 1.878620 1.762417 1.543094 1.176853 0.646802 0.000000 
50.000000 36.546535 24.671012 15.398725 8.970651 4.994175 2.786706 1.680513 1.177188 0.968073 0.888322 0.860265 0.851119 0.848345 0.847559 0.847350 0.847298 0.847286 0.847283 0.847282 0.847282 0.847282 0.847282 0.847282 0.847282 0.847282 0.847282 0.847282 0.847282 0.847282 0.847282 0.847282 0.847282 0.847282 0.847282 0.847281 0.847277 0.847263 0.847210 0.847030 0.846462 0.844792 0.840257 0.828941 0.803187 0.750161 0.652443 0.493454 0.269059 0.000000 
50.000000 36.406016 24.406555 15.037649 8.542745 4.525044 2.294767 1.177188 0.668705 0.457456 0.376895 0.348555 0.339317 0.336514 0.335721 0.335510 0.335457 0.335445 0.335442 0.335441 0.335441 0.335441 0.335441 0.335441 0.335441 0.335441 0.335441 0.335441 0.335441 0.335441 0.335441 0.335441 0.335441 0.335441 0.335441 0.335441 0.335439 0.335433 0.335409 0.335330 0.335080 0.334352 0.332396 0.327574 0.316754 0.294837 0.255178 0.191871 0.104071 0.000000 
50.000000 36.347591 24.296610 14.887559 8.364903 4.330097 2.090367 0.968073 0.457456 0.245326 0.164430 0.135974 0.126698 0.123884 0.123087 0.122875 0.122823 0.122810 0.122807 0.122807 0.122807 0.122807 0.122807 0.122807 0.122807 0.122807 0.122807 0.122807 0.122807 0.122807 0.122807 0.122807 0.122807 0.122807 0.122807 0.122806 0.122806 0.122803 0.122794 0.122762 0.122663 0.122376 0.121611 0.119744 0.115602 0.107321 0.092546 0.069294 0.037449 0.000000 
50.000000 36.325292 24.254651 14.830288 8.297054 4.255735 2.012407 0.888322 0.376895 0.164430 0.083409 0.054908 0.045617 0.042800 0.042001 0.041790 0.041737 0.041724 0.041721 0.041721 0.041721 0.041721 0.041721 0.041721 0.041721 0.041721 0.041721 0.041721 0.041721 0.041721 0.041721 0.041721 0.041721 0.041721 0.041721 0.041721 0.041720 0.041719 0.041716 0.041704 0.041668 0.041565 0.041291 0.040629 0.039174 0.036293 0.031210 0.023296 0.012557 0.000000 
50.000000 36.317440 24.239879 14.810128 8.273176 4.229568 1.984979 0.860265 0.348555 0.135974 0.054908 0.026391 0.017096 0.014277 0.013478 0.013266 0.013213 0.013201 0.013198 0.013197 0.013197 0.013197 0.013197 0.013197 0.013197 0.013197 0.013197 0.013197 0.013197 0.013197 0.013197 0.013197 0.013197 0.013197 0.013197 0.013197 0.013197 0.013197 0.013196 0.013192 0.013180 0.013146 0.013055 0.012839 0.012366 0.011438 0.009815 0.007309 0.003932 0.000000 
50.000000 36.314878 24.235060 14.803553 8.265389 4.221036 1.976036 0.851119 0.339317 0.126698 0.045617 0.017096 0.007799 0.004980 0.004181 0.003969 0.003916 0.003903 0.003901 0.003900 0.003900 0.003900 0.003900 0.003900 0.003900 0.003900 0.003900 0.003900 0.003900 0.003900 0.003900 0.003900 0.003900 0.003900 0.003900 0.003900 0.003900 0.003900 0.003899 0.003898 0.003894 0.003884 0.003856 0.003791 0.003648 0.003370 0.002887 0.002146 0.001153 0.000000 
50.000000 36.314100 24.233597 14.801557 8.263026 4.218448 1.973324 0.848345 0.336514 0.123884 0.042800 0.014277 0.004980 0.002160 0.001361 0.001149 0.001096 0.001083 0.001081 0.001080 0.001080 0.001080 0.001080 0.001080 0.001080 0.001080 0.001080 0.001080 0.001080 0.001080 0.001080 0.001080 0.001080 0.001080 0.001080 0.001080 0.001080 0.001080 0.001080 0.001079 0.001078 0.001075 0.001068 0.001049 0.001009 0.000931 0.000796 0.000591 0.000317 0.000000 
50.000000 36.313880 24.233183 14.800991 8.262356 4.217714 1.972555 0.847559 0.335721 0.123087 0.042001 0.013478 0.004181 0.001361 0.000562 0.000350 0.000297 0.000285 0.000282 0.000281 0.000281 0.000281 0.000281 0.000281 0.000281 0.000281 0.000281 0.000281 0.000281 0.000281 0.000281 0.000281 0.000281 0.000281 0.000281 0.000281 0.000281 0.000281 0.000281 0.000281 0.000281 0.000280 0.000278 0.000273 0.000262 0.000242 0.000207 0.000153 0.000082 0.000000 
50.000000 36.313821 24.233072 14.800841 8.262178 4.217520 1.972351 0.847350 0.335510 0.122875 0.041790 0.013266 0.003969 0.001149 0.000350 0.000138 0.000085 0.000072 0.000070 0.000069 0.000069 0.000069 0.000069 0.000069 0.000069 0.000069 0.000069 0.000069 0.000069 0.000069 0.000069 0.000069 0.000069 0.000069 0.000069 0.000069 0.000069 0.000069 0.000069 0.000069 0.000069 0.000069 0.000068 0.000067 0.000064 0.000059 0.000051 0.000037 0.000020 0.000000 
50.000000 36.313807 24.233045 14.800803 8.262134 4.217471 1.972300 0.847298 0.335457 0.122823 0.041737 0.013213 0.003916 0.001096 0.000297 0.000085 0.000032 0.000019 0.000017 0.000016 0.000016 0.000016 0.000016 0.000016 0.000016 0.000016 0.000016 0.000016 0.000016 0.000016 0.000016 0.000016 0.000016 0.000016 0.000016 0.000016 0.000016 0.000016 0.000016 0.000016 0.000016 0.000016 0.000016 0.000015 0.000015 0.000014 0.000012 0.000009 0.000005 0.000000 
50.000000 36.313803 24.233038 14.800795 8.262123 4.217459 1.972288 0.847286 0.335445 0.122810 0.041724 0.013201 0.003903 0.001083 0.000285 0.000072 0.000019 0.000007 0.000004 0.000004 0.000004 0.000004 0.000004 0.000004 0.000004 0.000004 0.000004 0.000004 0.000004 0.000004 0.000004 0.000004 0.000004 0.000004 0.000004 0.000004 0.000004 0.000004 0.000004 0.000004 0.000003 0.000003 0.000003 0.000003 0.000003 0.000003 0.000003 0.000002 0.000001 0.000000 
50.000000 36.313802 24.233037 14.800793 8.262121 4.217457 1.972285 0.847283 0.335442 0.122807 0.041721 0.013198 0.003901 0.001081 0.000282 0.000070 0.000017 0.000004 0.000001 0.000001 0.000001 0.000001 0.000001 0.000001 0.000001 0.000001 0.000001 0.000001 0.000001 0.000001 0.000001 0.000001 0.000001 0.000001 0.000001 0.000001 0.000001 0.000001 0.000001 0.000001 0.000001 0.000001 0.000001 0.000001 0.000001 0.000001 0.000001 0.000000 0.000000 0.000000 
50.000000 36.313802 24.233037 14.800792 8.262121 4.217456 1.972285 0.847282 0.335441 0.122807 0.041721 0.013197 0.003900 0.001080 0.000281 0.000069 0.000016 0.000004 0.000001 0.000000 0.000000 0.000000 0.000000 0.000000 0.000000 0.000000 0.000000 0.000000 0.000000 0.000000 0.000000 0.000000 0.000000 0.000000 0.000000 0.000000 0.000000 0.000000 0.000000 0.000000 0.000000 0.000000 0.000000 0.000000 0.000000 0.000000 0.000000 0.000000 0.000000 0.000000 
50.000000 36.313802 24.233036 14.800792 8.262121 4.217456 1.972284 0.847282 0.335441 0.122807 0.041721 0.013197 0.003900 0.001080 0.000281 0.000069 0.000016 0.000004 0.000001 0.000000 0.000000 0.000000 0.000000 0.000000 0.000000 0.000000 0.000000 0.000000 0.000000 0.000000 0.000000 0.000000 0.000000 0.000000 0.000000 0.000000 0.000000 0.000000 0.000000 0.000000 0.000000 0.000000 0.000000 0.000000 0.000000 0.000000 0.000000 0.000000 0.000000 0.000000 
50.000000 36.313802 24.233036 14.800792 8.262120 4.217456 1.972284 0.847282 0.335441 0.122807 0.041721 0.013197 0.003900 0.001080 0.000281 0.000069 0.000016 0.000004 0.000001 0.000000 0.000000 0.000000 0.000000 0.000000 0.000000 0.000000 0.000000 0.000000 0.000000 0.000000 0.000000 0.000000 0.000000 0.000000 0.000000 0.000000 0.000000 0.000000 0.000000 0.000000 0.000000 0.000000 0.000000 0.000000 0.000000 0.000000 0.000000 0.000000 0.000000 0.000000 
50.000000 36.313802 24.233036 14.800792 8.262120 4.217456 1.972284 0.847282 0.335441 0.122807 0.041721 0.013197 0.003900 0.001080 0.000281 0.000069 0.000016 0.000004 0.000001 0.000000 0.000000 0.000000 0.000000 0.000000 0.000000 0.000000 0.000000 0.000000 0.000000 0.000000 0.000000 0.000000 0.000000 0.000000 0.000000 0.000000 0.000000 0.000000 0.000000 0.000000 0.000000 0.000000 0.000000 0.000000 0.000000 0.000000 0.000000 0.000000 0.000000 0.000000 
50.000000 36.313802 24.233036 14.800792 8.262120 4.217456 1.972284 0.847282 0.335441 0.122807 0.041721 0.013197 0.003900 0.001080 0.000281 0.000069 0.000016 0.000004 0.000001 0.000000 0.000000 0.000000 0.000000 0.000000 0.000000 0.000000 0.000000 0.000000 0.000000 0.000000 0.000000 0.000000 0.000000 0.000000 0.000000 0.000000 0.000000 0.000000 0.000000 0.000000 0.000000 0.000000 0.000000 0.000000 0.000000 0.000000 0.000000 0.000000 0.000000 0.000000 
50.000000 36.313802 24.233036 14.800792 8.262120 4.217456 1.972284 0.847282 0.335441 0.122807 0.041721 0.013197 0.003900 0.001080 0.000281 0.000069 0.000016 0.000004 0.000001 0.000000 0.000000 0.000000 0.000000 0.000000 0.000000 0.000000 0.000000 0.000000 0.000000 0.000000 0.000000 0.000000 0.000000 0.000000 0.000000 0.000000 0.000000 0.000000 0.000000 0.000000 0.000000 0.000000 0.000000 0.000000 0.000000 0.000000 0.000000 0.000000 0.000000 0.000000 
50.000000 36.313802 24.233036 14.800792 8.262120 4.217456 1.972284 0.847282 0.335441 0.122807 0.041721 0.013197 0.003900 0.001080 0.000281 0.000069 0.000016 0.000004 0.000001 0.000000 0.000000 0.000000 0.000000 0.000000 0.000000 0.000000 0.000000 0.000000 0.000000 0.000000 0.000000 0.000000 0.000000 0.000000 0.000000 0.000000 0.000000 0.000000 0.000000 0.000000 0.000000 0.000000 0.000000 0.000000 0.000000 0.000000 0.000000 0.000000 0.000000 0.000000 
50.000000 36.313802 24.233036 14.800792 8.262120 4.217456 1.972284 0.847282 0.335441 0.122807 0.041721 0.013197 0.003900 0.001080 0.000281 0.000069 0.000016 0.000004 0.000001 0.000000 0.000000 0.000000 0.000000 0.000000 0.000000 0.000000 0.000000 0.000000 0.000000 0.000000 0.000000 0.000000 0.000000 0.000000 0.000000 0.000000 0.000000 0.000000 0.000000 0.000000 0.000000 0.000000 0.000000 0.000000 0.000000 0.000000 0.000000 0.000000 0.000000 0.000000 
50.000000 36.313802 24.233036 14.800792 8.262120 4.217456 1.972284 0.847282 0.335441 0.122807 0.041721 0.013197 0.003900 0.001080 0.000281 0.000069 0.000016 0.000004 0.000001 0.000000 0.000000 0.000000 0.000000 0.000000 0.000000 0.000000 0.000000 0.000000 0.000000 0.000000 0.000000 0.000000 0.000000 0.000000 0.000000 0.000000 0.000000 0.000000 0.000000 0.000000 0.000000 0.000000 0.000000 0.000000 0.000000 0.000000 0.000000 0.000000 0.000000 0.000000 
50.000000 36.313802 24.233036 14.800792 8.262120 4.217456 1.972284 0.847282 0.335441 0.122807 0.041721 0.013197 0.003900 0.001080 0.000281 0.000069 0.000016 0.000004 0.000001 0.000000 0.000000 0.000000 0.000000 0.000000 0.000000 0.000000 0.000000 0.000000 0.000000 0.000000 0.000000 0.000000 0.000000 0.000000 0.000000 0.000000 0.000000 0.000000 0.000000 0.000000 0.000000 0.000000 0.000000 0.000000 0.000000 0.000000 0.000000 0.000000 0.000000 0.000000 
50.000000 36.313802 24.233036 14.800792 8.262121 4.217456 1.972284 0.847282 0.335441 0.122807 0.041721 0.013197 0.003900 0.001080 0.000281 0.000069 0.000016 0.000004 0.000001 0.000000 0.000000 0.000000 0.000000 0.000000 0.000000 0.000000 0.000000 0.000000 0.000000 0.000000 0.000000 0.000000 0.000000 0.000000 0.000000 0.000000 0.000000 0.000000 0.000000 0.000000 0.000000 0.000000 0.000000 0.000000 0.000000 0.000000 0.000000 0.000000 0.000000 0.000000 
50.000000 36.313802 24.233037 14.800792 8.262121 4.217456 1.972285 0.847282 0.335441 0.122807 0.041721 0.013197 0.003900 0.001080 0.000281 0.000069 0.000016 0.000004 0.000001 0.000000 0.000000 0.000000 0.000000 0.000000 0.000000 0.000000 0.000000 0.000000 0.000000 0.000000 0.000000 0.000000 0.000000 0.000000 0.000000 0.000000 0.000000 0.000000 0.000000 0.000000 0.000000 0.000000 0.000000 0.000000 0.000000 0.000000 0.000000 0.000000 0.000000 0.000000 
50.000000 36.313802 24.233037 14.800793 8.262121 4.217457 1.972285 0.847283 0.335442 0.122807 0.041721 0.013198 0.003901 0.001081 0.000282 0.000070 0.000017 0.000004 0.000001 0.000001 0.000001 0.000001 0.000001 0.000001 0.000001 0.000001 0.000001 0.000001 0.000001 0.000001 0.000001 0.000001 0.000001 0.000001 0.000001 0.000001 0.000001 0.000001 0.000001 0.000001 0.000001 0.000001 0.000001 0.000001 0.000001 0.000001 0.000001 0.000000 0.000000 0.000000 
50.000000 36.313803 24.233038 14.800795 8.262123 4.217459 1.972288 0.847286 0.335445 0.122810 0.041724 0.013201 0.003903 0.001083 0.000285 0.000072 0.000019 0.000007 0.000004 0.000004 0.000004 0.000004 0.000004 0.000004 0.000004 0.000004 0.000004 0.000004 0.000004 0.000004 0.000004 0.000004 0.000004 0.000004 0.000004 0.000004 0.000004 0.000004 0.000004 0.000004 0.000003 0.000003 0.000003 0.000003 0.000003 0.000003 0.000003 0.000002 0.000001 0.000000 
50.000000 36.313807 24.233045 14.800803 8.262134 4.217471 1.972300 0.847298 0.335457 0.122823 0.041737 0.013213 0.003916 0.001096 0.000297 0.000085 0.000032 0.000019 0.000017 0.000016 0.000016 0.000016 0.000016 0.000016 0.000016 0.000016 0.000016 0.000016 0.000016 0.000016 0.000016 0.000016 0.000016 0.000016 0.000016 0.000016 0.000016 0.000016 0.000016 0.000016 0.000016 0.000016 0.000016 0.000015 0.000015 0.000014 0.000012 0.000009 0.000005 0.000000 
50.000000 36.313821 24.233072 14.800841 8.262178 4.217520 1.972351 0.847350 0.335510 0.122875 0.041790 0.013266 0.003969 0.001149 0.000350 0.000138 0.000085 0.000072 0.000070 0.000069 0.000069 0.000069 0.000069 0.000069 0.000069 0.000069 0.000069 0.000069 0.000069 0.000069 0.000069 0.000069 0.000069 0.000069 0.000069 0.000069 0.000069 0.000069 0.000069 0.000069 0.000069 0.000069 0.000068 0.000067 0.000064 0.000059 0.000051 0.000037 0.000020 0.000000 
50.000000 36.313880 24.233183 14.800991 8.262356 4.217714 1.972555 0.847559 0.335721 0.123087 0.042001 0.013478 0.004181 0.001361 0.000562 0.000350 0.000297 0.000285 0.000282 0.000281 0.000281 0.000281 0.000281 0.000281 0.000281 0.000281 0.000281 0.000281 0.000281 0.000281 0.000281 0.000281 0.000281 0.000281 0.000281 0.000281 0.000281 0.000281 0.000281 0.000281 0.000281 0.000280 0.000278 0.000273 0.000262 0.000242 0.000207 0.000153 0.000082 0.000000 
50.000000 36.314100 24.233597 14.801557 8.263026 4.218448 1.973324 0.848345 0.336514 0.123884 0.042800 0.014277 0.004980 0.002160 0.001361 0.001149 0.001096 0.001083 0.001081 0.001080 0.001080 0.001080 0.001080 0.001080 0.001080 0.001080 0.001080 0.001080 0.001080 0.001080 0.001080 0.001080 0.001080 0.001080 0.001080 0.001080 0.001080 0.001080 0.001080 0.001079 0.001078 0.001075 0.001068 0.001049 0.001009 0.000931 0.000796 0.000591 0.000317 0.000000 
50.000000 36.314878 24.235060 14.803553 8.265389 4.221036 1.976036 0.851119 0.339317 0.126698 0.045617 0.017096 0.007799 0.004980 0.004181 0.003969 0.003916 0.003903 0.003901 0.003900 0.003900 0.003900 0.003900 0.003900 0.003900 0.003900 0.003900 0.003900 0.003900 0.003900 0.003900 0.003900 0.003900 0.003900 0.003900 0.003900 0.003900 0.003900 0.003899 0.003898 0.003894 0.003884 0.003856 0.003791 0.003648 0.003370 0.002887 0.002146 0.001153 0.000000 
50.000000 36.317440 24.239879 14.810128 8.273176 4.229568 1.984979 0.860265 0.348555 0.135974 0.054908 0.026391 0.017096 0.014277 0.013478 0.013266 0.013213 0.013201 0.013198 0.013197 0.013197 0.013197 0.013197 0.013197 0.013197 0.013197 0.013197 0.013197 0.013197 0.013197 0.013197 0.013197 0.013197 0.013197 0.013197 0.013197 0.013197 0.013197 0.013196 0.013192 0.013180 0.013146 0.013055 0.012839 0.012366 0.011438 0.009815 0.007309 0.003932 0.000000 
50.000000 36.325292 24.254651 14.830288 8.297054 4.255735 2.012407 0.888322 0.376895 0.164430 0.083409 0.054908 0.045617 0.042800 0.042001 0.041790 0.041737 0.041724 0.041721 0.041721 0.041721 0.041721 0.041721 0.041721 0.041721 0.041721 0.041721 0.041721 0.041721 0.041721 0.041721 0.041721 0.041721 0.041721 0.041721 0.041721 0.041720 0.041719 0.041716 0.041704 0.041668 0.041565 0.041291 0.040629 0.039174 0.036293 0.031210 0.023296 0.012557 0.000000 
50.000000 36.347591 24.296610 14.887559 8.364903 4.330097 2.090367 0.968073 0.457456 0.245326 0.164430 0.135974 0.126698 0.123884 0.123087 0.122875 0.122823 0.122810 0.122807 0.122807 0.122807 0.122807 0.122807 0.122807 0.122807 0.122807 0.122807 0.122807 0.122807 0.122807 0.122807 0.122807 0.122807 0.122807 0.122807 0.122806 0.122806 0.122803 0.122794 0.122762 0.122663 0.122376 0.121611 0.119744 0.115602 0.107321 0.092546 0.069294 0.037449 0.000000 
50.000000 36.406016 24.406555 15.037649 8.542745 4.525044 2.294767 1.177188 0.668705 0.457456 0.376895 0.348555 0.339317 0.336514 0.335721 0.335510 0.335457 0.335445 0.335442 0.335441 0.335441 0.335441 0.335441 0.335441 0.335441 0.335441 0.335441 0.335441 0.335441 0.335441 0.335441 0.335441 0.335441 0.335441 0.335441 0.335441 0.335439 0.335433 0.335409 0.335330 0.335080 0.334352 0.332396 0.327574 0.316754 0.294837 0.255178 0.191871 0.104071 0.000000 
50.000000 36.546535 24.671012 15.398725 8.970651 4.994175 2.786706 1.680513 1.177188 0.968073 0.888322 0.860265 0.851119 0.848345 0.847559 0.847350 0.847298 0.847286 0.847283 0.847282 0.847282 0.847282 0.847282 0.847282 0.847282 0.847282 0.847282 0.847282 0.847282 0.847282 0.847282 0.847282 0.847282 0.847282 0.847282 0.847281 0.847277 0.847263 0.847210 0.847030 0.846462 0.844792 0.840257 0.828941 0.803187 0.750161 0.652443 0.493454 0.269059 0.000000 
50.000000 36.855146 25.251877 16.191917 9.910796 6.025034 3.867799 2.786706 2.294767 2.090367 2.012407 1.984979 1.976036 1.973324 1.972555 1.972351 1.972300 1.972288 1.972285 1.972285 1.972284 1.972284 1.972284 1.972284 1.972284 1.972284 1.972284 1.972284 1.972284 1.972284 1.972284 1.972284 1.972284 1.972284 1.972284 1.972282 1.972275 1.972246 1.972140 1.971778 1.970623 1.967193 1.957765 1.933899 1.878620 1.762417 1.543094 1.176853 0.646802 0.000000 
50.000000 37.470604 26.410387 17.774104 11.786367 8.081835 6.025034 4.994175 4.525044 4.330097 4.255735 4.229568 4.221036 4.218448 4.217714 4.217520 4.217471 4.217459 4.217457 4.217456 4.217456 4.217456 4.217456 4.217456 4.217456 4.217456 4.217456 4.217456 4.217456 4.217456 4.217456 4.217456 4.217456 4.217456 4.217455 4.217452 4.217439 4.217388 4.217202 4.216561 4.214495 4.208290 4.190988 4.146415 4.040917 3.813218 3.369656 2.601706 1.448142 0.000000 
50.000000 38.578646 28.496280 20.623143 15.164112 11.786367 9.910796 8.970651 8.542745 8.364903 8.297054 8.273176 8.265389 8.263026 8.262356 8.262178 8.262134 8.262123 8.262121 8.262121 8.262121 8.262120 8.262120 8.262120 8.262120 8.262120 8.262120 8.262120 8.262120 8.262120 8.262120 8.262120 8.262120 8.262120 8.262119 8.262114 8.262095 8.262019 8.261738 8.260761 8.257581 8.247907 8.220490 8.148380 7.973149 7.582056 6.787460 5.339555 3.036647 0.000000 
50.000000 40.368968 31.866790 25.227221 20.623143 17.774104 16.191917 15.398725 15.037649 14.887559 14.830288 14.810128 14.803553 14.801557 14.800991 14.800841 14.800803 14.800795 14.800793 14.800792 14.800792 14.800792 14.800792 14.800792 14.800792 14.800792 14.800792 14.800792 14.800792 14.800792 14.800792 14.800792 14.800792 14.800792 14.800790 14.800785 14.800761 14.800666 14.800313 14.799078 14.795013 14.782471 14.746282 14.648824 14.404448 13.835683 12.613611 10.217026 6.041168 0.000000 
50.000000 42.950475 36.727062 31.866790 28.496280 26.410387 25.251877 24.671012 24.406555 24.296610 24.254651 24.239879 24.235060 24.233597 24.233183 24.233072 24.233045 24.233038 24.233037 24.233037 24.233036 24.233036 24.233036 24.233036 24.233036 24.233036 24.233036 24.233036 24.233036 24.233036 24.233036 24.233036 24.233036 24.233036 24.233035 24.233029 24.233006 24.232914 24.232570 24.231355 24.227316 24.214683 24.177557 24.075024 23.808681 23.156725 21.649764 18.363531 11.702184 0.000000 
50.000000 46.255888 42.950475 40.368968 38.578646 37.470604 36.855146 36.546535 36.406016 36.347591 36.325292 36.317440 36.314878 36.314100 36.313880 36.313821 36.313807 36.313803 36.313802 36.313802 36.313802 36.313802 36.313802 36.313802 36.313802 36.313802 36.313802 36.313802 36.313802 36.313802 36.313802 36.313802 36.313802 36.313802 36.313801 36.313798 36.313783 36.313725 36.313507 36.312734 36.310142 36.301945 36.277476 36.208344 36.022462 35.542000 34.327800 31.248291 23.127944 0.000000 
50.000000 50.000000 50.000000 50.000000 50.000000 50.000000 50.000000 50.000000 50.000000 50.000000 50.000000 50.000000 50.000000 50.000000 50.000000 50.000000 50.000000 50.000000 50.000000 50.000000 50.000000 50.000000 50.000000 50.000000 50.000000 50.000000 50.000000 50.000000 50.000000 50.000000 50.000000 50.000000 50.000000 50.000000 50.000000 50.000000 50.000000 50.000000 50.000000 50.000000 50.000000 50.000000 50.000000 50.000000 50.000000 50.000000 50.000000 50.000000 50.000000 50.000000 
