50.000000 50.000000 50.000000 50.000000 50.000000 50.000000 50.000000 50.000000 50.000000 50.000000 50.000000 50.000000 50.000000 50.000000 50.000000 50.000000 50.000000 50.000000 50.000000 50.000000 50.000000 50.000000 50.000000 50.000000 50.000000 50.000000 50.000000 50.000000 50.000000 50.000000 50.000000 50.000000 50.000000 50.000000 50.000000 50.000000 50.000000 50.000000 50.000000 50.000000 50.000000 50.000000 50.000000 50.000000 50.000000 50.000000 50.000000 50.000000 50.000000 50.000000 
50.000000 47.854526 45.853401 44.111897 42.696872 41.622361 40.858890 40.350580 40.032961 39.846381 39.743160 39.689283 39.662702 39.650284 39.644781 39.642464 39.641535 39.641180 39.641051 39.641006 39.640991 39.640986 39.640984 39.640984 39.640984 39.640984 39.640984 39.640984 39.640984 39.640983 39.640983 39.640980 39.640972 39.640948 39.640878 39.640683 39.640159 39.638805 39.635442 39.627406 39.608911 39.567811 39.479295 39.293433 38.909400 38.117370 36.451869 32.773258 23.927263 0.000000 
50.000000 45.853401 41.985801 38.619996 35.885205 33.808545 32.333040 31.350684 30.736869 30.376304 30.176833 30.072720 30.021356 29.997362 29.986729 29.982252 29.980457 29.979772 29.979521 29.979434 29.979405 29.979396 29.979393 29.979392 29.979392 29.979392 29.979392 29.979391 29.979391 29.979391 29.979390 29.979385 29.979371 29.979329 29.979206 29.978863 29.977942 29.975573 29.969712 29.955785 29.923968 29.853987 29.705461 29.400298 28.790616 27.599674 25.313050 20.992900 13.080143 0.000000 
50.000000 44.111897 38.619996 33.840681 29.957438 27.008762 24.913723 23.518935 22.647445 22.135535 21.852349 21.704547 21.631633 21.597572 21.582480 21.576125 21.573578 21.572605 21.572250 21.572126 21.572085 21.572071 21.572067 21.572066 21.572066 21.572066 21.572066 21.572066 21.572066 21.572065 21.572063 21.572058 21.572041 21.571989 21.571839 21.571422 21.570308 21.567453 21.560436 21.543895 21.506498 21.425375 21.256410 20.918213 20.267129 19.061559 16.920340 13.306947 7.660028 0.000000 
50.000000 42.696872 35.885205 29.957438 25.141156 21.484079 18.885798 17.156033 16.075285 15.440485 15.089334 14.906069 14.815665 14.773437 14.754726 14.746848 14.743691 14.742485 14.742045 14.741892 14.741840 14.741824 14.741819 14.741817 14.741817 14.741817 14.741817 14.741817 14.741817 14.741816 14.741814 14.741809 14.741792 14.741740 14.741589 14.741173 14.740068 14.737251 14.730380 14.714331 14.678475 14.601867 14.445439 14.140409 13.573227 12.570578 10.895879 8.285531 4.579502 0.000000 
50.000000 41.622361 33.808545 27.008762 21.484079 17.289212 14.308936 12.324939 11.085399 10.357364 9.954660 9.744500 9.640835 9.592416 9.570963 9.561932 9.558313 9.556930 9.556426 9.556250 9.556191 9.556172 9.556167 9.556165 9.556164 9.556164 9.556164 9.556164 9.556164 9.556164 9.556162 9.556157 9.556142 9.556097 9.555966 9.555606 9.554653 9.552243 9.546409 9.532916 9.503132 9.440453 9.314877 9.075821 8.644606 7.910853 6.741633 5.017928 2.712962 0.000000 
50.000000 40.858890 32.333040 24.913723 18.885798 14.308936 11.057369 8.892849 7.540580 6.746371 6.307084 6.077846 5.964776 5.911968 5.888572 5.878723 5.874777 5.873269 5.872719 5.872527 5.872463 5.872443 5.872437 5.872435 5.872434 5.872434 5.872434 5.872434 5.872434 5.872434 5.872432 5.872429 5.872417 5.872381 5.872280 5.872001 5.871270 5.869430 5.865012 5.854892 5.832812 5.787002 5.696802 5.528684 5.233115 4.745389 3.995509 2.932742 1.565457 0.000000 
50.000000 40.350580 31.350684 23.518935 17.156033 12.324939 8.892849 6.608231 5.180983 4.342771 3.879167 3.637249 3.517932 3.462209 3.437523 3.427132 3.422968 3.421378 3.420798 3.420596 3.420528 3.420506 3.420500 3.420498 3.420497 3.420497 3.420497 3.420497 3.420497 3.420497 3.420496 3.420493 3.420485 3.420460 3.420388 3.420193 3.419683 3.418409 3.415374 3.408485 3.393616 3.363162 3.304115 3.196047 3.010061 2.710594 2.262525 1.645223 0.871285 0.000000 
50.000000 40.032961 30.736869 22.647445 16.075285 11.085399 7.540580 5.180983 3.706938 2.841271 2.362498 2.112675 1.989464 1.931924 1.906435 1.895706 1.891408 1.889766 1.889167 1.888958 1.888889 1.888866 1.888859 1.888857 1.888857 1.888857 1.888857 1.888856 1.888856 1.888856 1.888856 1.888854 1.888848 1.888832 1.888786 1.888661 1.888335 1.887526 1.885613 1.881306 1.872103 1.853469 1.817821 1.753578 1.644946 1.473418 1.222070 0.882882 0.465149 0.000000 
50.000000 39.846381 30.376304 22.135535 15.440485 10.357364 6.746371 4.342771 2.841271 1.959501 1.471835 1.217380 1.091887 1.033284 1.007325 0.996398 0.992021 0.990349 0.989739 0.989526 0.989455 0.989433 0.989426 0.989424 0.989423 0.989423 0.989423 0.989423 0.989423 0.989423 0.989422 0.989421 0.989418 0.989408 0.989381 0.989306 0.989114 0.988639 0.987523 0.985030 0.979750 0.969168 0.949155 0.913559 0.854232 0.762010 0.629036 0.452336 0.237470 0.000000 
50.000000 39.743160 30.176833 21.852349 15.089334 9.954660 6.307084 3.879167 2.362498 1.471835 0.979261 0.722248 0.595498 0.536309 0.510090 0.499055 0.494634 0.492945 0.492330 0.492115 0.492043 0.492020 0.492013 0.492011 0.492010 0.492010 0.492010 0.492010 0.492010 0.492010 0.492010 0.492009 0.492008 0.492002 0.491987 0.491946 0.491840 0.491581 0.490975 0.489630 0.486805 0.481192 0.470682 0.452193 0.421743 0.375003 0.308454 0.221049 0.115754 0.000000 
50.000000 39.689283 30.072720 21.704547 14.906069 9.744500 6.077846 3.637249 2.112675 1.217380 0.722248 0.463906 0.336501 0.277006 0.250653 0.239561 0.235118 0.233421 0.232802 0.232586 0.232514 0.232491 0.232484 0.232482 0.232481 0.232481 0.232481 0.232481 0.232481 0.232481 0.232481 0.232480 0.232479 0.232477 0.232469 0.232448 0.232393 0.232261 0.231953 0.231274 0.229856 0.227062 0.221875 0.212834 0.198091 0.175689 0.144111 0.103009 0.053841 0.000000 
50.000000 39.662702 30.021356 21.631633 14.815665 9.640835 5.964776 3.517932 1.989464 1.091887 0.595498 0.336501 0.208774 0.149130 0.122710 0.111591 0.107136 0.105435 0.104814 0.104598 0.104526 0.104503 0.104496 0.104494 0.104493 0.104493 0.104493 0.104493 0.104493 0.104493 0.104493 0.104492 0.104492 0.104491 0.104487 0.104477 0.104450 0.104387 0.104240 0.103917 0.103248 0.101938 0.099523 0.095346 0.088592 0.078413 0.064180 0.045784 0.023896 0.000000 
50.000000 39.650284 29.997362 21.597572 14.773437 9.592416 5.911968 3.462209 1.931924 1.033284 0.536309 0.277006 0.149130 0.089416 0.062966 0.051833 0.047374 0.045670 0.045049 0.044833 0.044760 0.044737 0.044730 0.044728 0.044727 0.044727 0.044727 0.044727 0.044727 0.044727 0.044727 0.044727 0.044727 0.044726 0.044725 0.044720 0.044708 0.044679 0.044613 0.044468 0.044170 0.043589 0.042526 0.040698 0.037762 0.033369 0.027264 0.019419 0.010125 0.000000 
50.000000 39.644781 29.986729 21.582480 14.754726 9.570963 5.888572 3.437523 1.906435 1.007325 0.510090 0.250653 0.122710 0.062966 0.036503 0.025364 0.020902 0.019198 0.018577 0.018360 0.018288 0.018264 0.018257 0.018255 0.018255 0.018255 0.018254 0.018254 0.018254 0.018254 0.018254 0.018254 0.018254 0.018254 0.018253 0.018251 0.018246 0.018234 0.018206 0.018144 0.018018 0.017774 0.017330 0.016570 0.015357 0.013552 0.011058 0.007866 0.004098 0.000000 
50.000000 39.642464 29.982252 21.576125 14.746848 9.561932 5.878723 3.427132 1.895706 0.996398 0.499055 0.239561 0.111591 0.051833 0.025364 0.014224 0.009761 0.008056 0.007435 0.007218 0.007146 0.007122 0.007115 0.007113 0.007113 0.007112 0.007112 0.007112 0.007112 0.007112 0.007112 0.007112 0.007112 0.007112 0.007112 0.007111 0.007109 0.007104 0.007093 0.007068 0.007017 0.006920 0.006743 0.006443 0.005966 0.005259 0.004286 0.003046 0.001586 0.000000 
50.000000 39.641535 29.980457 21.573578 14.743691 9.558313 5.874777 3.422968 1.891408 0.992021 0.494634 0.235118 0.107136 0.047374 0.020902 0.009761 0.005297 0.003593 0.002971 0.002754 0.002682 0.002659 0.002652 0.002650 0.002649 0.002649 0.002649 0.002649 0.002649 0.002649 0.002649 0.002649 0.002649 0.002649 0.002649 0.002648 0.002647 0.002645 0.002641 0.002632 0.002612 0.002575 0.002509 0.002395 0.002216 0.001952 0.001589 0.001128 0.000587 0.000000 
50.000000 39.641180 29.979772 21.572605 14.742485 9.556930 5.873269 3.421378 1.889766 0.990349 0.492945 0.233421 0.105435 0.045670 0.019198 0.008056 0.003593 0.001888 0.001266 0.001050 0.000977 0.000954 0.000947 0.000945 0.000944 0.000944 0.000944 0.000944 0.000944 0.000944 0.000944 0.000944 0.000944 0.000944 0.000944 0.000944 0.000944 0.000943 0.000941 0.000938 0.000931 0.000917 0.000893 0.000852 0.000788 0.000694 0.000564 0.000400 0.000208 0.000000 
50.000000 39.641051 29.979521 21.572250 14.742045 9.556426 5.872719 3.420798 1.889167 0.989739 0.492330 0.232802 0.104814 0.045049 0.018577 0.007435 0.002971 0.001266 0.000645 0.000428 0.000356 0.000332 0.000325 0.000323 0.000323 0.000322 0.000322 0.000322 0.000322 0.000322 0.000322 0.000322 0.000322 0.000322 0.000322 0.000322 0.000322 0.000322 0.000321 0.000320 0.000318 0.000313 0.000305 0.000291 0.000269 0.000236 0.000192 0.000136 0.000071 0.000000 
50.000000 39.641006 29.979434 21.572126 14.741892 9.556250 5.872527 3.420596 1.888958 0.989526 0.492115 0.232586 0.104598 0.044833 0.018360 0.007218 0.002754 0.001050 0.000428 0.000211 0.000139 0.000116 0.000109 0.000106 0.000106 0.000106 0.000106 0.000106 0.000106 0.000106 0.000106 0.000106 0.000106 0.000106 0.000106 0.000106 0.000106 0.000105 0.000105 0.000105 0.000104 0.000103 0.000100 0.000095 0.000088 0.000077 0.000063 0.000044 0.000023 0.000000 
50.000000 39.640991 29.979405 21.572085 14.741840 9.556191 5.872463 3.420528 1.888889 0.989455 0.492043 0.232514 0.104526 0.044760 0.018288 0.007146 0.002682 0.000977 0.000356 0.000139 0.000066 0.000043 0.000036 0.000034 0.000033 0.000033 0.000033 0.000033 0.000033 0.000033 0.000033 0.000033 0.000033 0.000033 0.000033 0.000033 0.000033 0.000033 0.000033 0.000033 0.000033 0.000032 0.000031 0.000030 0.000028 0.000024 0.000020 0.000014 0.000007 0.000000 
50.000000 39.640986 29.979396 21.572071 14.741824 9.556172 5.872443 3.420506 1.888866 0.989433 0.492020 0.232491 0.104503 0.044737 0.018264 0.007122 0.002659 0.000954 0.000332 0.000116 0.000043 0.000020 0.000013 0.000011 0.000010 0.000010 0.000010 0.000010 0.000010 0.000010 0.000010 0.000010 0.000010 0.000010 0.000010 0.000010 0.000010 0.000010 0.000010 0.000010 0.000010 0.000010 0.000009 0.000009 0.000008 0.000007 0.000006 0.000004 0.000002 0.000000 
50.000000 39.640984 29.979393 21.572067 14.741819 9.556167 5.872437 3.420500 1.888859 0.989426 0.492013 0.232484 0.104496 0.044730 0.018257 0.007115 0.002652 0.000947 0.000325 0.000109 0.000036 0.000013 0.000006 0.000004 0.000003 0.000003 0.000003 0.000003 0.000003 0.000003 0.000003 0.000003 0.000003 0.000003 0.000003 0.000003 0.000003 0.000003 0.000003 0.000003 0.000003 0.000003 0.000003 0.000003 0.000002 0.000002 0.000002 0.000001 0.000001 0.000000 
50.000000 39.640984 29.979392 21.572066 14.741818 9.556165 5.872435 3.420498 1.888857 0.989424 0.492011 0.232482 0.104494 0.044728 0.018255 0.007113 0.002650 0.000945 0.000323 0.000106 0.000034 0.000011 0.000004 0.000002 0.000001 0.000001 0.000001 0.000001 0.000001 0.000001 0.000001 0.000001 0.000001 0.000001 0.000001 0.000001 0.000001 0.000001 0.000001 0.000001 0.000001 0.000001 0.000001 0.000001 0.000001 0.000001 0.000000 0.000000 0.000000 0.000000 
50.000000 39.640984 29.979392 21.572066 14.741817 9.556165 5.872434 3.420497 1.888857 0.989423 0.492010 0.232481 0.104493 0.044728 0.018255 0.007113 0.002649 0.000944 0.000323 0.000106 0.000034 0.000010 0.000003 0.000001 0.000001 0.000000 0.000000 0.000000 0.000000 0.000000 0.000000 0.000000 0.000000 0.000000 0.000000 0.000000 0.000000 0.000000 0.000000 0.000000 0.000000 0.000000 0.000000 0.000000 0.000000 0.000000 0.000000 0.000000 0.000000 0.000000 
50.000000 39.640984 29.979392 21.572066 14.741817 9.556165 5.872434 3.420497 1.888857 0.989423 0.492010 0.232481 0.104493 0.044728 0.018255 0.007113 0.002649 0.000944 0.000323 0.000106 0.000034 0.000010 0.000003 0.000001 0.000001 0.000000 0.000000 0.000000 0.000000 0.000000 0.000000 0.000000 0.000000 0.000000 0.000000 0.000000 0.000000 0.000000 0.000000 0.000000 0.000000 0.000000 0.000000 0.000000 0.000000 0.000000 0.000000 0.000000 0.000000 0.000000 
50.000000 39.640984 29.979392 21.572066 14.741818 9.556165 5.872435 3.420498 1.888857 0.989424 0.492011 0.232482 0.104494 0.044728 0.018255 0.007113 0.002650 0.000945 0.000323 0.000106 0.000034 0.000011 0.000004 0.000002 0.000001 0.000001 0.000001 0.000001 0.000001 0.000001 0.000001 0.000001 0.000001 0.000001 0.000001 0.000001 0.000001 0.000001 0.000001 0.000001 0.000001 0.000001 0.000001 0.000001 0.000001 0.000001 0.000000 0.000000 0.000000 0.000000 
50.000000 39.640984 29.979393 21.572067 14.741819 9.556167 5.872437 3.420500 1.888859 0.989426 0.492013 0.232484 0.104496 0.044730 0.018257 0.007115 0.002652 0.000947 0.000325 0.000109 0.000036 0.000013 0.000006 0.000004 0.000003 0.000003 0.000003 0.000003 0.000003 0.000003 0.000003 0.000003 0.000003 0.000003 0.000003 0.000003 0.000003 0.000003 0.000003 0.000003 0.000003 0.000003 0.000003 0.000003 0.000002 0.000002 0.000002 0.000001 0.000001 0.000000 
50.000000 39.640986 29.979396 21.572071 14.741824 9.556172 5.872443 3.420506 1.888866 0.989433 0.492020 0.232491 0.104503 0.044737 0.018264 0.007122 0.002659 0.000954 0.000332 0.000116 0.000043 0.000020 0.000013 0.000011 0.000010 0.000010 0.000010 0.000010 0.000010 0.000010 0.000010 0.000010 0.000010 0.000010 0.000010 0.000010 0.000010 0.000010 0.000010 0.000010 0.000010 0.000010 0.000009 0.000009 0.000008 0.000007 0.000006 0.000004 0.000002 0.000000 
50.000000 39.640991 29.979405 21.572085 14.741840 9.556191 5.872463 3.420528 1.888889 0.989455 0.492043 0.232514 0.104526 0.044760 0.018288 0.007146 0.002682 0.000977 0.000356 0.000139 0.000066 0.000043 0.000036 0.000034 0.000033 0.000033 0.000033 0.000033 0.000033 0.000033 0.000033 0.000033 0.000033 0.000033 0.000033 0.000033 0.000033 0.000033 0.000033 0.000033 0.000033 0.000032 0.000031 0.000030 0.000028 0.000024 0.000020 0.000014 0.000007 0.000000 
50.000000 39.641006 29.979434 21.572126 14.741892 9.556250 5.872527 3.420596 1.888958 0.989526 0.492115 0.232586 0.104598 0.044833 0.018360 0.007218 0.002754 0.001050 0.000428 0.000211 0.000139 0.000116 0.000109 0.000106 0.000106 0.000106 0.000106 0.000106 0.000106 0.000106 0.000106 0.000106 0.000106 0.000106 0.000106 0.000106 0.000106 0.000105 0.000105 0.000105 0.000104 0.000103 0.000100 0.000095 0.000088 0.000077 0.000063 0.000044 0.000023 0.000000 
50.000000 39.641051 29.979521 21.572250 14.742045 9.556426 5.872719 3.420798 1.889167 0.989739 0.492330 0.232802 0.104814 0.045049 0.018577 0.007435 0.002971 0.001266 0.000645 0.000428 0.000356 0.000332 0.000325 0.000323 0.000323 0.000322 0.000322 0.000322 0.000322 0.000322 0.000322 0.000322 0.000322 0.000322 0.000322 0.000322 0.000322 0.000322 0.000321 0.000320 0.000318 0.000313 0.000305 0.000291 0.000269 0.000236 0.000192 0.000136 0.000071 0.000000 
50.000000 39.641180 29.979772 21.572605 14.742485 9.556930 5.873269 3.421378 1.889766 0.990349 0.492945 0.233421 0.105435 0.045670 0.019198 0.008056 0.003593 0.001888 0.001266 0.001050 0.000977 0.000954 0.000947 0.000945 0.000944 0.000944 0.000944 0.000944 0.000944 0.000944 0.000944 0.000944 0.000944 0.000944 0.000944 0.000944 0.000944 0.000943 0.000941 0.000938 0.000931 0.000917 0.000893 0.000852 0.000788 0.000694 0.000564 0.000400 0.000208 0.000000 
50.000000 39.641535 29.980457 21.573578 14.743691 9.558313 5.874777 3.422968 1.891408 0.992021 0.494634 0.235118 0.107136 0.047374 0.020902 0.009761 0.005297 0.003593 0.002971 0.002754 0.002682 0.002659 0.002652 0.002650 0.002649 0.002649 0.002649 0.002649 0.002649 0.002649 0.002649 0.002649 0.002649 0.002649 0.002649 0.002648 0.002647 0.002645 0.002641 0.002632 0.002612 0.002575 0.002509 0.002395 0.002216 0.001952 0.001589 0.001128 0.000587 0.000000 
50.000000 39.642464 29.982252 21.576125 14.746848 9.561932 5.878723 3.427132 1.895706 0.996398 0.499055 0.239561 0.111591 0.051833 0.025364 0.014224 0.009761 0.008056 0.007435 0.007218 0.007146 0.007122 0.007115 0.007113 0.007113 0.007112 0.007112 0.007112 0.007112 0.007112 0.007112 0.007112 0.007112 0.007112 0.007112 0.007111 0.007109 0.007104 0.007093 0.007068 0.007017 0.006920 0.006743 0.006443 0.005966 0.005259 0.004286 0.003046 0.001586 0.000000 
50.000000 39.644781 29.986729 21.582480 14.754726 9.570963 5.888572 3.437523 1.906435 1.007325 0.510090 0.250653 0.122710 0.062966 0.036503 0.025364 0.020902 0.019198 0.018577 0.018360 0.018288 0.018264 0.018257 0.018255 0.018255 0.018255 0.018254 0.018254 0.018254 0.018254 0.018254 0.018254 0.018254 0.018254 0.018253 0.018251 0.018246 0.018234 0.018206 0.018144 0.018018 0.017774 0.017330 0.016570 0.015357 0.013552 0.011058 0.007866 0.004098 0.000000 
50.000000 39.650284 29.997362 21.597572 14.773437 9.592416 5.911968 3.462209 1.931924 1.033284 0.536309 0.277006 0.149130 0.089416 0.062966 0.051833 0.047374 0.045670 0.045049 0.044833 0.044760 0.044737 0.044730 0.044728 0.044727 0.044727 0.044727 0.044727 0.044727 0.044727 0.044727 0.044727 0.044727 0.044726 0.044725 0.044720 0.044708 0.044679 0.044613 0.044468 0.044170 0.043589 0.042526 0.040698 0.037762 0.033369 0.027264 0.019419 0.010125 0.000000 
50.000000 39.662702 30.021356 21.631633 14.815665 9.640835 5.964776 3.517932 1.989464 1.091887 0.595498 0.336501 0.208774 0.149130 0.122710 0.111591 0.107136 0.105435 0.104814 0.104598 0.104526 0.104503 0.104496 0.104494 0.104493 0.104493 0.104493 0.104493 0.104493 0.104493 0.104493 0.104492 0.104492 0.104491 0.104487 0.104477 0.104450 0.104387 0.104240 0.103917 0.103248 0.101938 0.099523 0.095346 0.088592 0.078413 0.064180 0.045784 0.023896 0.000000 
50.000000 39.689283 30.072720 21.704547 14.906069 9.744500 6.077846 3.637249 2.112675 1.217380 0.722248 0.463906 0.336501 0.277006 0.250653 0.239561 0.235118 0.233421 0.232802 0.232586 0.232514 0.232491 0.232484 0.232482 0.232481 0.232481 0.232481 0.232481 0.232481 0.232481 0.232481 0.232480 0.232479 0.232477 0.232469 0.232448 0.232393 0.232261 0.231953 0.231274 0.229856 0.227062 0.221875 0.212834 0.198091 0.175689 0.144111 0.103009 0.053841 0.000000 
50.000000 39.743160 30.176833 21.852349 15.089334 9.954660 6.307084 3.879167 2.362498 1.471835 0.979261 0.722248 0.595498 0.536309 0.510090 0.499055 0.494634 0.492945 0.492330 0.492115 0.492043 0.492020 0.492013 0.492011 0.492010 0.492010 0.492010 0.492010 0.492010 0.492010 0.492010 0.492009 0.492008 0.492002 0.491987 0.491946 0.491840 0.491581 0.490975 0.489630 0.486805 0.481192 0.470682 0.452193 0.421743 0.375003 0.308454 0.221049 0.115754 0.000000 
50.000000 39.846381 30.376304 22.135535 15.440485 10.357364 6.746371 4.342771 2.841271 1.959501 1.471835 1.217380 1.091887 1.033284 1.007325 0.996398 0.992021 0.990349 0.989739 0.989526 0.989455 0.989433 0.989426 0.989424 0.989423 0.989423 0.989423 0.989423 0.989423 0.989423 0.989422 0.989421 0.989418 0.989408 0.989381 0.989306 0.989114 0.988639 0.987523 0.985030 0.979750 0.969168 0.949155 0.913559 0.854232 0.762010 0.629036 0.452336 0.237470 0.000000 
50.000000 40.032961 30.736869 22.647445 16.075285 11.085399 7.540580 5.180983 3.706938 2.841271 2.362498 2.112675 1.989464 1.931924 1.906435 1.895706 1.891408 1.889766 1.889167 1.888958 1.888889 1.888866 1.888859 1.888857 1.888857 1.888857 1.888857 1.888856 1.888856 1.888856 1.888856 1.888854 1.888848 1.888832 1.888786 1.888661 1.888335 1.887526 1.885613 1.881306 1.872103 1.853469 1.817821 1.753578 1.644946 1.473418 1.222070 0.882882 0.465149 0.000000 
50.000000 40.350580 31.350684 23.518935 17.156033 12.324939 8.892849 6.608231 5.180983 4.342771 3.879167 3.637249 3.517932 3.462209 3.437523 3.427132 3.422968 3.421378 3.420798 3.420596 3.420528 3.420506 3.420500 3.420498 3.420497 3.420497 3.420497 3.420497 3.420497 3.420497 3.420496 3.420493 3.420485 3.420460 3.420388 3.420193 3.419683 3.418409 3.415374 3.408485 3.393616 3.363162 3.304115 3.196047 3.010061 2.710594 2.262525 1.645223 0.871285 0.000000 
50.000000 40.858890 32.333040 24.913723 18.885798 14.308936 11.057369 8.892849 7.540580 6.746371 6.307084 6.077846 5.964776 5.911968 5.888572 5.878723 5.874777 5.873269 5.872719 5.872527 5.872463 5.872443 5.872437 5.872435 5.872434 5.872434 5.872434 5.872434 5.872434 5.872434 5.872432 5.872429 5.872417 5.872381 5.872280 5.872001 5.871270 5.869430 5.865012 5.854892 5.832812 5.787002 5.696802 5.528684 5.233115 4.745389 3.995509 2.932742 1.565457 0.000000 
50.000000 41.622361 33.808545 27.008762 21.484079 17.289212 14.308936 12.324939 11.085399 10.357364 9.954660 9.744500 9.640835 9.592416 9.570963 9.561932 9.558313 9.556930 9.556426 9.556250 9.556191 9.556172 9.556167 9.556165 9.556164 9.556164 9.556164 9.556164 9.556164 9.556164 9.556162 9.556157 9.556142 9.556097 9.555966 9.555606 9.554653 9.552243 9.546409 9.532916 9.503132 9.440453 9.314877 9.075821 8.644606 7.910853 6.741633 5.017928 2.712962 0.000000 
50.000000 42.696872 35.885205 29.957438 25.141156 21.484079 18.885798 17.156033 16.075285 15.440485 15.089334 14.906069 14.815665 14.773437 14.754726 14.746848 14.743691 14.742485 14.742045 14.741892 14.741840 14.741824 14.741819 14.741817 14.741817 14.741817 14.741817 14.741817 14.741817 14.741816 14.741814 14.741809 14.741792 14.741740 14.741589 14.741173 14.740068 14.737251 14.730380 14.714331 14.678475 14.601867 14.445439 14.140409 13.573227 12.570578 10.895879 8.285531 4.579502 0.000000 
50.000000 44.111897 38.619996 33.840681 29.957438 27.008762 24.913723 23.518935 22.647445 22.135535 21.852349 21.704547 21.631633 21.597572 21.582480 21.576125 21.573578 21.572605 21.572250 21.572126 21.572085 21.572071 21.572067 21.572066 21.572066 21.572066 21.572066 21.572066 21.572066 21.572065 21.572063 21.572058 21.572041 21.571989 21.571839 21.571422 21.570308 21.567453 21.560436 21.543895 21.506498 21.425375 21.256410 20.918213 20.267129 19.061559 16.920340 13.306947 7.660028 0.000000 
50.000000 45.853401 41.985801 38.619996 35.885205 33.808545 32.333040 31.350684 30.736869 30.376304 30.176833 30.072720 30.021356 29.997362 29.986729 29.982252 29.980457 29.979772 29.979521 29.979434 29.979405 29.979396 29.979393 29.979392 29.979392 29.979392 29.979392 29.979391 29.979391 29.979391 29.979390 29.979385 29.979371 29.979329 29.979206 29.978863 29.977942 29.975573 29.969712 29.955785 29.923968 29.853987 29.705461 29.400298 28.790616 27.599674 25.313050 20.992900 13.080143 0.000000 
50.000000 47.854526 45.853401 44.111897 42.696872 41.622361 40.858890 40.350580 40.032961 39.846381 39.743160 39.689283 39.662702 39.650284 39.644781 39.642464 39.641535 39.641180 39.641051 39.641006 39.640991 39.640986 39.640984 39.640984 39.640984 39.640984 39.640984 39.640984 39.640984 39.640983 39.640983 39.640980 39.640972 39.640948 39.640878 39.640683 39.640159 39.638805 39.635442 39.627406 39.608911 39.567811 39.479295 39.293433 38.909400 38.117370 36.451869 32.773258 23.927263 0.000000 
50.000000 50.000000 50.000000 50.000000 50.000000 50.000000 50.000000 50.000000 50.000000 50.000000 50.000000 50.000000 50.000000 50.000000 50.000000 50.000000 50.000000 50.000000 50.000000 50.000000 50.000000 50.000000 50.000000 50.000000 50.000000 50.000000 50.000000 50.000000 50.000000 50.000000 50.000000 50.000000 50.000000 50.000000 50.000000 50.000000 50.000000 50.000000 50.000000 50.000000 50.000000 50.000000 50.000000 50.000000 50.000000 50.000000 50.000000 50.000000 50.000000 50.000000 
