50.000000 50.000000 50.000000 50.000000 50.000000 50.000000 50.000000 50.000000 50.000000 50.000000 50.000000 50.000000 50.000000 50.000000 50.000000 50.000000 50.000000 50.000000 50.000000 50.000000 50.000000 50.000000 50.000000 50.000000 50.000000 50.000000 50.000000 50.000000 50.000000 50.000000 50.000000 50.000000 50.000000 50.000000 50.000000 50.000000 50.000000 50.000000 50.000000 50.000000 50.000000 50.000000 50.000000 50.000000 50.000000 50.000000 50.000000 50.000000 50.000000 50.000000 
50.000000 48.981503 47.995572 47.071649 46.233433 45.497144 44.870858 44.354921 43.943201 43.624865 43.386332 43.213066 43.091028 43.007654 42.952387 42.916829 42.894616 42.881138 42.873192 42.868638 42.866101 42.864725 42.863999 42.863625 42.863436 42.863340 42.863285 42.863239 42.863176 42.863060 42.862832 42.862383 42.861514 42.859868 42.856814 42.851264 42.841371 42.824062 42.794284 42.743816 42.659318 42.519031 42.286860 41.900978 41.249858 40.116599 38.034847 33.872281 24.490752 0.000000 
50.000000 47.995572 46.055233 44.236929 42.587303 41.138270 39.905729 38.890360 38.080091 37.453605 36.984172 36.643187 36.403019 36.238940 36.130177 36.060200 36.016486 35.989962 35.974324 35.965363 35.960369 35.957661 35.956233 35.955497 35.955126 35.954937 35.954830 35.954742 35.954622 35.954403 35.953972 35.953125 35.951490 35.948396 35.942667 35.932272 35.913791 35.881553 35.826312 35.733170 35.578300 35.323634 34.907947 34.231206 33.125839 31.302129 28.244138 23.027616 14.123290 0.000000 
50.000000 47.071649 44.236929 41.580500 39.170501 37.053561 35.252906 33.769528 32.585791 31.670550 30.984752 30.486608 30.135748 29.896049 29.737159 29.634933 29.571073 29.532326 29.509482 29.496391 29.489096 29.485141 29.483054 29.481980 29.481438 29.481163 29.481009 29.480885 29.480720 29.480420 29.479834 29.478683 29.476466 29.472280 29.464547 29.450561 29.425791 29.382787 29.309541 29.186992 28.985282 28.658069 28.133819 27.302367 25.994328 23.951267 20.790250 15.992791 9.036802 0.000000 
50.000000 46.233433 42.587303 39.170501 36.070674 33.347798 31.031747 29.123793 27.601252 26.424062 25.541987 24.901279 24.450010 24.141715 23.937358 23.805879 23.723747 23.673913 23.644534 23.627698 23.618316 23.613230 23.610546 23.609165 23.608469 23.608117 23.607921 23.607770 23.607574 23.607223 23.606540 23.605204 23.602634 23.597797 23.588891 23.572852 23.544581 23.495796 23.413322 23.276631 23.054335 22.699301 22.141990 21.281777 19.976784 18.035337 15.219234 11.285174 6.116834 0.000000 
50.000000 45.497144 41.138270 37.053561 33.347798 30.092680 27.323922 25.043042 23.222917 21.815652 20.761189 19.995271 19.455817 19.087281 18.842994 18.685827 18.587650 18.528081 18.492963 18.472838 18.461624 18.455544 18.452337 18.450687 18.449855 18.449437 18.449208 18.449038 18.448827 18.448455 18.447737 18.446335 18.443650 18.438612 18.429372 18.412810 18.383784 18.334038 18.250642 18.113842 17.894204 17.549015 17.018047 16.219301 15.046340 13.371014 11.059233 8.012431 4.247285 0.000000 
50.000000 44.870858 39.905729 35.252906 31.031747 27.323922 24.170113 21.572045 19.498820 17.895878 16.694805 15.822402 15.207955 14.788190 14.509950 14.330941 14.219120 14.151274 14.111277 14.088357 14.075585 14.068662 14.065008 14.063130 14.062184 14.061711 14.061456 14.061276 14.061063 14.060698 14.059998 14.058640 14.056045 14.051195 14.042342 14.026553 13.999051 13.952262 13.874507 13.748302 13.548261 13.238745 12.771637 12.085056 11.104621 9.749970 7.950540 5.674523 2.969880 0.000000 
50.000000 44.354921 38.890360 33.769528 29.123793 25.043042 21.572045 18.712700 16.430993 14.666875 13.345045 12.384939 11.708729 11.246775 10.940573 10.743578 10.620523 10.545862 10.501848 10.476626 10.462572 10.454954 10.450934 10.448868 10.447829 10.447310 10.447037 10.446853 10.446650 10.446313 10.445673 10.444439 10.442089 10.437716 10.429770 10.415676 10.391282 10.350087 10.282227 10.173223 10.002563 9.742339 9.356350 8.800408 8.024995 6.981803 5.635709 3.982413 2.068062 0.000000 
50.000000 43.943201 38.080091 32.585791 27.601252 23.222917 19.498820 16.430993 13.982939 12.090223 10.672048 9.641973 8.916489 8.420881 8.092375 7.881032 7.749017 7.668922 7.621704 7.594647 7.579571 7.571398 7.567087 7.564871 7.563758 7.563205 7.562919 7.562737 7.562550 7.562254 7.561701 7.560640 7.558629 7.554903 7.548164 7.536278 7.515834 7.481562 7.425589 7.336564 7.198780 6.991470 6.688655 6.260075 5.673902 4.901950 3.927722 2.756457 1.424170 0.000000 
50.000000 43.624865 37.453605 31.670550 26.424062 21.815652 17.895878 14.666875 12.090223 10.098095 8.605446 7.521287 6.757719 6.236100 5.890357 5.667927 5.528989 5.444694 5.395001 5.366526 5.350660 5.342060 5.337523 5.335192 5.334022 5.333443 5.333149 5.332971 5.332805 5.332557 5.332102 5.331234 5.329598 5.326580 5.321147 5.311616 5.295326 5.268210 5.224281 5.155058 5.049048 4.891443 4.664312 4.347617 3.921448 3.369727 2.685268 1.875305 0.965547 0.000000 
50.000000 43.386332 36.984172 30.984752 25.541987 20.761189 16.694805 13.345045 10.672048 8.605446 7.057007 5.932335 5.140241 4.599139 4.240487 4.009756 3.865633 3.778193 3.726648 3.697111 3.680654 3.671734 3.667028 3.664611 3.663398 3.662801 3.662502 3.662331 3.662186 3.661985 3.661626 3.660949 3.659678 3.657344 3.653162 3.645864 3.633464 3.612963 3.580002 3.528503 3.450388 3.335484 3.171822 2.946503 2.647348 2.265356 1.797759 1.251002 0.642516 0.000000 
50.000000 43.213066 36.643187 30.486608 24.901279 19.995271 15.822402 12.384939 9.641973 7.521287 5.932335 4.778245 3.965440 3.410194 3.042170 2.805412 2.657526 2.567805 2.514914 2.484608 2.467722 2.458569 2.453741 2.451261 2.450018 2.449408 2.449106 2.448942 2.448817 2.448659 2.448387 2.447880 2.446935 2.445205 2.442121 2.436766 2.427718 2.412854 2.389123 2.352333 2.297006 2.216384 2.102712 1.947895 1.744629 1.487957 1.177067 0.816875 0.418783 0.000000 
50.000000 43.091028 36.403019 30.135748 24.450010 19.455817 15.207955 11.708729 8.916489 6.757719 5.140241 3.965440 3.138053 2.572851 2.198230 1.957230 1.806696 1.715368 1.661532 1.630684 1.613496 1.604180 1.599266 1.596742 1.595478 1.594858 1.594556 1.594398 1.594290 1.594168 1.593969 1.593604 1.592928 1.591697 1.589512 1.585736 1.579391 1.569027 1.552586 1.527278 1.489509 1.434927 1.358642 1.255693 1.121779 0.954214 0.752961 0.521466 0.266967 0.000000 
50.000000 43.007654 36.238940 29.896049 24.141715 19.087281 14.788190 11.246775 8.420881 6.236100 4.599140 3.410194 2.572851 2.000849 1.621725 1.377829 1.225487 1.133064 1.078582 1.047364 1.029971 1.020543 1.015571 1.013017 1.011738 1.011113 1.010810 1.010657 1.010563 1.010470 1.010328 1.010075 1.009610 1.008766 1.007276 1.004712 1.000425 0.993460 0.982476 0.965675 0.940774 0.905047 0.855493 0.789139 0.703497 0.597134 0.470258 0.325149 0.166283 0.000000 
50.000000 42.952387 36.130177 29.737160 23.937358 18.842994 14.509950 10.940573 8.092375 5.890357 4.240487 3.042170 2.198230 1.621725 1.239618 0.993804 0.840265 0.747116 0.692206 0.660744 0.643214 0.633713 0.628701 0.626128 0.624840 0.624210 0.623908 0.623759 0.623675 0.623604 0.623505 0.623335 0.623026 0.622469 0.621489 0.619809 0.617013 0.612494 0.605405 0.594624 0.578740 0.556098 0.524897 0.483397 0.430184 0.364506 0.286598 0.197904 0.101123 0.000000 
50.000000 42.916829 36.060200 29.634933 23.805879 18.685828 14.330941 10.743578 7.881033 5.667928 4.009756 2.805412 1.957230 1.377829 0.993804 0.746757 0.592449 0.498833 0.443649 0.412029 0.394412 0.384863 0.379827 0.377241 0.375947 0.375315 0.375013 0.374867 0.374791 0.374735 0.374667 0.374556 0.374358 0.374002 0.373379 0.372316 0.370554 0.367718 0.363292 0.356594 0.346780 0.332868 0.313808 0.288599 0.256455 0.216988 0.170386 0.117533 0.060015 0.000000 
50.000000 42.894616 36.016486 29.571073 23.723747 18.587650 14.219120 10.620523 7.749018 5.528989 3.865633 2.657527 1.806696 1.225488 0.840265 0.592449 0.437661 0.343754 0.288398 0.256681 0.239009 0.229431 0.224379 0.221785 0.220487 0.219854 0.219552 0.219408 0.219337 0.219291 0.219245 0.219174 0.219051 0.218831 0.218448 0.217797 0.216722 0.214999 0.212322 0.208290 0.202410 0.194115 0.182807 0.167925 0.149039 0.125951 0.098794 0.068089 0.034748 0.000000 
50.000000 42.881138 35.989962 29.532327 23.673914 18.528082 14.151275 10.545863 7.668923 5.444695 3.778195 2.567806 1.715370 1.133065 0.747117 0.498834 0.343755 0.249672 0.194212 0.162435 0.144730 0.135134 0.130073 0.127474 0.126174 0.125540 0.125239 0.125097 0.125028 0.124990 0.124957 0.124913 0.124838 0.124707 0.124479 0.124092 0.123457 0.122443 0.120873 0.118518 0.115098 0.110295 0.103775 0.095232 0.084433 0.071281 0.055861 0.038472 0.019625 0.000000 
50.000000 42.873192 35.974325 29.509484 23.644536 18.492965 14.111280 10.501850 7.621707 5.395004 3.726651 2.514918 1.661535 1.078585 0.692210 0.443652 0.288401 0.194215 0.138694 0.106882 0.089157 0.079551 0.074484 0.071882 0.070581 0.069947 0.069645 0.069504 0.069438 0.069404 0.069380 0.069352 0.069308 0.069231 0.069100 0.068878 0.068513 0.067934 0.067040 0.065705 0.063773 0.061070 0.057415 0.052642 0.046632 0.039334 0.030802 0.021201 0.010810 0.000000 
50.000000 42.868639 35.965365 29.496395 23.627702 18.472843 14.088363 10.476633 7.594654 5.366534 3.697119 2.484616 1.630692 1.047372 0.660752 0.412037 0.256688 0.162442 0.106887 0.075055 0.057319 0.047706 0.042636 0.040033 0.038731 0.038097 0.037795 0.037655 0.037590 0.037559 0.037540 0.037522 0.037496 0.037453 0.037379 0.037255 0.037052 0.036731 0.036237 0.035501 0.034440 0.032960 0.030966 0.028371 0.025112 0.021167 0.016565 0.011396 0.005809 0.000000 
50.000000 42.866104 35.960375 29.489105 23.618327 18.461637 14.075600 10.462588 7.579588 5.350679 3.680673 2.467742 1.613516 1.029991 0.643234 0.394432 0.239028 0.144749 0.089174 0.057331 0.039589 0.029973 0.024902 0.022297 0.020995 0.020360 0.020059 0.019919 0.019855 0.019825 0.019809 0.019797 0.019782 0.019758 0.019718 0.019651 0.019541 0.019368 0.019102 0.018707 0.018140 0.017352 0.016292 0.014917 0.013195 0.011115 0.008693 0.005978 0.003046 0.000000 
50.000000 42.864732 35.957676 29.485162 23.613256 18.455576 14.068697 10.454993 7.571440 5.342104 3.671779 2.458616 1.604227 1.020591 0.633760 0.384911 0.229478 0.135181 0.079595 0.047746 0.030001 0.020383 0.015311 0.012706 0.011403 0.010769 0.010467 0.010328 0.010264 0.010235 0.010221 0.010212 0.010203 0.010190 0.010169 0.010133 0.010075 0.009984 0.009845 0.009638 0.009342 0.008932 0.008382 0.007670 0.006781 0.005709 0.004463 0.003068 0.001563 0.000000 
50.000000 42.864015 35.956265 29.483102 23.610607 18.452409 14.065091 10.451024 7.567183 5.337624 3.667133 2.453848 1.599374 1.015680 0.628811 0.379937 0.224489 0.130183 0.074592 0.042739 0.024992 0.015374 0.010301 0.007696 0.006393 0.005758 0.005457 0.005317 0.005254 0.005225 0.005212 0.005205 0.005200 0.005193 0.005181 0.005162 0.005132 0.005085 0.005013 0.004906 0.004754 0.004543 0.004261 0.003897 0.003444 0.002898 0.002264 0.001556 0.000793 0.000000 
50.000000 42.863663 35.955571 29.482088 23.609303 18.450851 14.063316 10.449072 7.565088 5.335420 3.664846 2.451502 1.596986 1.013264 0.626376 0.377490 0.222034 0.127723 0.072129 0.040275 0.022528 0.012909 0.007835 0.005230 0.003927 0.003293 0.002991 0.002852 0.002788 0.002760 0.002748 0.002742 0.002738 0.002733 0.002727 0.002717 0.002701 0.002675 0.002637 0.002580 0.002499 0.002387 0.002238 0.002046 0.001807 0.001520 0.001187 0.000815 0.000415 0.000000 
50.000000 42.863519 35.955289 29.481676 23.608773 18.450218 14.062595 10.448278 7.564238 5.334524 3.663917 2.450549 1.596017 1.012282 0.625387 0.376496 0.221037 0.126724 0.071129 0.039275 0.021527 0.011907 0.006834 0.004229 0.002926 0.002291 0.001990 0.001850 0.001787 0.001759 0.001747 0.001741 0.001738 0.001735 0.001731 0.001724 0.001714 0.001697 0.001672 0.001636 0.001584 0.001513 0.001418 0.001296 0.001144 0.000962 0.000751 0.000516 0.000263 0.000000 
50.000000 42.863519 35.955289 29.481676 23.608773 18.450218 14.062595 10.448278 7.564238 5.334524 3.663917 2.450549 1.596017 1.012282 0.625387 0.376496 0.221037 0.126724 0.071129 0.039275 0.021527 0.011907 0.006834 0.004229 0.002926 0.002291 0.001990 0.001850 0.001787 0.001759 0.001747 0.001741 0.001738 0.001735 0.001731 0.001724 0.001714 0.001697 0.001672 0.001636 0.001584 0.001513 0.001418 0.001296 0.001144 0.000962 0.000751 0.000516 0.000263 0.000000 
50.000000 42.863663 35.955571 29.482088 23.609303 18.450851 14.063316 10.449072 7.565088 5.335420 3.664846 2.451502 1.596986 1.013264 0.626376 0.377490 0.222034 0.127723 0.072129 0.040275 0.022528 0.012909 0.007835 0.005230 0.003927 0.003293 0.002991 0.002852 0.002788 0.002760 0.002748 0.002742 0.002738 0.002733 0.002727 0.002717 0.002701 0.002675 0.002637 0.002580 0.002499 0.002387 0.002238 0.002046 0.001807 0.001520 0.001187 0.000815 0.000415 0.000000 
50.000000 42.864015 35.956265 29.483102 23.610607 18.452409 14.065091 10.451024 7.567183 5.337624 3.667133 2.453848 1.599374 1.015680 0.628811 0.379937 0.224489 0.130183 0.074592 0.042739 0.024992 0.015374 0.010301 0.007696 0.006393 0.005758 0.005457 0.005317 0.005254 0.005225 0.005212 0.005205 0.005200 0.005193 0.005181 0.005162 0.005132 0.005085 0.005013 0.004906 0.004754 0.004543 0.004261 0.003897 0.003444 0.002898 0.002264 0.001556 0.000793 0.000000 
50.000000 42.864732 35.957676 29.485162 23.613256 18.455576 14.068697 10.454993 7.571440 5.342104 3.671779 2.458616 1.604227 1.020591 0.633760 0.384911 0.229478 0.135181 0.079595 0.047746 0.030001 0.020383 0.015311 0.012706 0.011403 0.010769 0.010467 0.010328 0.010264 0.010235 0.010221 0.010212 0.010203 0.010190 0.010169 0.010133 0.010075 0.009984 0.009845 0.009638 0.009342 0.008932 0.008382 0.007670 0.006781 0.005709 0.004463 0.003068 0.001563 0.000000 
50.000000 42.866104 35.960375 29.489105 23.618327 18.461637 14.075600 10.462588 7.579588 5.350679 3.680673 2.467742 1.613516 1.029991 0.643234 0.394432 0.239028 0.144749 0.089174 0.057331 0.039589 0.029973 0.024902 0.022297 0.020995 0.020360 0.020059 0.019919 0.019855 0.019825 0.019809 0.019797 0.019782 0.019758 0.019718 0.019651 0.019541 0.019368 0.019102 0.018707 0.018140 0.017352 0.016292 0.014917 0.013195 0.011115 0.008693 0.005978 0.003046 0.000000 
50.000000 42.868639 35.965365 29.496395 23.627702 18.472843 14.088363 10.476633 7.594654 5.366534 3.697119 2.484616 1.630692 1.047372 0.660752 0.412037 0.256688 0.162442 0.106887 0.075055 0.057319 0.047706 0.042636 0.040033 0.038731 0.038097 0.037795 0.037655 0.037590 0.037559 0.037540 0.037522 0.037496 0.037453 0.037379 0.037255 0.037052 0.036731 0.036237 0.035501 0.034440 0.032960 0.030966 0.028371 0.025112 0.021167 0.016565 0.011396 0.005809 0.000000 
50.000000 42.873192 35.974325 29.509484 23.644536 18.492965 14.111280 10.501850 7.621707 5.395004 3.726651 2.514918 1.661535 1.078585 0.692210 0.443652 0.288401 0.194215 0.138694 0.106882 0.089157 0.079551 0.074484 0.071882 0.070581 0.069947 0.069645 0.069504 0.069438 0.069404 0.069380 0.069352 0.069308 0.069231 0.069100 0.068878 0.068513 0.067934 0.067040 0.065705 0.063773 0.061070 0.057415 0.052642 0.046632 0.039334 0.030802 0.021201 0.010810 0.000000 
50.000000 42.881138 35.989962 29.532327 23.673914 18.528082 14.151275 10.545863 7.668923 5.444695 3.778195 2.567806 1.715370 1.133065 0.747117 0.498834 0.343755 0.249672 0.194212 0.162435 0.144730 0.135134 0.130073 0.127474 0.126174 0.125540 0.125239 0.125097 0.125028 0.124990 0.124957 0.124913 0.124838 0.124707 0.124479 0.124092 0.123457 0.122443 0.120873 0.118518 0.115098 0.110295 0.103775 0.095232 0.084433 0.071281 0.055861 0.038472 0.019625 0.000000 
50.000000 42.894616 36.016486 29.571073 23.723747 18.587650 14.219120 10.620523 7.749018 5.528989 3.865633 2.657527 1.806696 1.225488 0.840265 0.592449 0.437661 0.343754 0.288398 0.256681 0.239009 0.229431 0.224379 0.221785 0.220487 0.219854 0.219552 0.219408 0.219337 0.219291 0.219245 0.219174 0.219051 0.218831 0.218448 0.217797 0.216722 0.214999 0.212322 0.208290 0.202410 0.194115 0.182807 0.167925 0.149039 0.125951 0.098794 0.068089 0.034748 0.000000 
50.000000 42.916829 36.060200 29.634933 23.805879 18.685828 14.330941 10.743578 7.881033 5.667928 4.009756 2.805412 1.957230 1.377829 0.993804 0.746757 0.592449 0.498833 0.443649 0.412029 0.394412 0.384863 0.379827 0.377241 0.375947 0.375315 0.375013 0.374867 0.374791 0.374735 0.374667 0.374556 0.374358 0.374002 0.373379 0.372316 0.370554 0.367718 0.363292 0.356594 0.346780 0.332868 0.313808 0.288599 0.256455 0.216988 0.170386 0.117533 0.060015 0.000000 
50.000000 42.952387 36.130177 29.737160 23.937358 18.842994 14.509950 10.940573 8.092375 5.890357 4.240487 3.042170 2.198230 1.621725 1.239618 0.993804 0.840265 0.747116 0.692206 0.660744 0.643214 0.633713 0.628701 0.626128 0.624840 0.624210 0.623908 0.623759 0.623675 0.623604 0.623505 0.623335 0.623026 0.622469 0.621489 0.619809 0.617013 0.612494 0.605405 0.594624 0.578740 0.556098 0.524897 0.483397 0.430184 0.364506 0.286598 0.197904 0.101123 0.000000 
50.000000 43.007654 36.238940 29.896049 24.141715 19.087281 14.788190 11.246775 8.420881 6.236100 4.599140 3.410194 2.572851 2.000849 1.621725 1.377829 1.225487 1.133064 1.078582 1.047364 1.029971 1.020543 1.015571 1.013017 1.011738 1.011113 1.010810 1.010657 1.010563 1.010470 1.010328 1.010075 1.009610 1.008766 1.007276 1.004712 1.000425 0.993460 0.982476 0.965675 0.940774 0.905047 0.855493 0.789139 0.703497 0.597134 0.470258 0.325149 0.166283 0.000000 
50.000000 43.091028 36.403019 30.135748 24.450010 19.455817 15.207955 11.708729 8.916489 6.757719 5.140241 3.965440 3.138053 2.572851 2.198230 1.957230 1.806696 1.715368 1.661532 1.630684 1.613496 1.604180 1.599266 1.596742 1.595478 1.594858 1.594556 1.594398 1.594290 1.594168 1.593969 1.593604 1.592928 1.591697 1.589512 1.585736 1.579391 1.569027 1.552586 1.527278 1.489509 1.434927 1.358642 1.255693 1.121779 0.954214 0.752961 0.521466 0.266967 0.000000 
50.000000 43.213066 36.643187 30.486608 24.901279 19.995271 15.822402 12.384939 9.641973 7.521287 5.932335 4.778245 3.965440 3.410194 3.042170 2.805412 2.657526 2.567805 2.514914 2.484608 2.467722 2.458569 2.453741 2.451261 2.450018 2.449408 2.449106 2.448942 2.448817 2.448659 2.448387 2.447880 2.446935 2.445205 2.442121 2.436766 2.427718 2.412854 2.389123 2.352333 2.297006 2.216384 2.102712 1.947895 1.744629 1.487957 1.177067 0.816875 0.418783 0.000000 
50.000000 43.386332 36.984172 30.984752 25.541987 20.761189 16.694805 13.345045 10.672048 8.605446 7.057007 5.932335 5.140241 4.599139 4.240487 4.009756 3.865633 3.778193 3.726648 3.697111 3.680654 3.671734 3.667028 3.664611 3.663398 3.662801 3.662502 3.662331 3.662186 3.661985 3.661626 3.660949 3.659678 3.657344 3.653162 3.645864 3.633464 3.612963 3.580002 3.528503 3.450388 3.335484 3.171822 2.946503 2.647348 2.265356 1.797759 1.251002 0.642516 0.000000 
50.000000 43.624865 37.453605 31.670550 26.424062 21.815652 17.895878 14.666875 12.090223 10.098095 8.605446 7.521287 6.757719 6.236100 5.890357 5.667927 5.528989 5.444694 5.395001 5.366526 5.350660 5.342060 5.337523 5.335192 5.334022 5.333443 5.333149 5.332971 5.332805 5.332557 5.332102 5.331234 5.329598 5.326580 5.321147 5.311616 5.295326 5.268210 5.224281 5.155058 5.049048 4.891443 4.664312 4.347617 3.921448 3.369727 2.685268 1.875305 0.965547 0.000000 
50.000000 43.943201 38.080091 32.585791 27.601252 23.222917 19.498820 16.430993 13.982939 12.090223 10.672048 9.641973 8.916489 8.420881 8.092375 7.881032 7.749017 7.668922 7.621704 7.594647 7.579571 7.571398 7.567087 7.564871 7.563758 7.563205 7.562919 7.562737 7.562550 7.562254 7.561701 7.560640 7.558629 7.554903 7.548164 7.536278 7.515834 7.481562 7.425589 7.336564 7.198780 6.991470 6.688655 6.260075 5.673902 4.901950 3.927722 2.756457 1.424170 0.000000 
50.000000 44.354921 38.890360 33.769528 29.123793 25.043042 21.572045 18.712700 16.430993 14.666875 13.345045 12.384939 11.708729 11.246775 10.940573 10.743578 10.620523 10.545862 10.501848 10.476626 10.462572 10.454954 10.450934 10.448868 10.447829 10.447310 10.447037 10.446853 10.446650 10.446313 10.445673 10.444439 10.442089 10.437716 10.429770 10.415676 10.391282 10.350087 10.282227 10.173223 10.002563 9.742339 9.356350 8.800408 8.024995 6.981803 5.635709 3.982413 2.068062 0.000000 
50.000000 44.870858 39.905729 35.252906 31.031747 27.323922 24.170113 21.572045 19.498820 17.895878 16.694805 15.822402 15.207955 14.788190 14.509950 14.330941 14.219120 14.151274 14.111277 14.088357 14.075585 14.068662 14.065008 14.063130 14.062184 14.061711 14.061456 14.061276 14.061063 14.060698 14.059998 14.058640 14.056045 14.051195 14.042342 14.026553 13.999051 13.952262 13.874507 13.748302 13.548261 13.238745 12.771637 12.085056 11.104621 9.749970 7.950540 5.674523 2.969880 0.000000 
50.000000 45.497144 41.138270 37.053561 33.347798 30.092680 27.323922 25.043042 23.222917 21.815652 20.761189 19.995271 19.455817 19.087281 18.842994 18.685827 18.587650 18.528081 18.492963 18.472838 18.461624 18.455544 18.452337 18.450687 18.449855 18.449437 18.449208 18.449038 18.448827 18.448455 18.447737 18.446335 18.443650 18.438612 18.429372 18.412810 18.383784 18.334038 18.250642 18.113842 17.894204 17.549015 17.018047 16.219301 15.046340 13.371014 11.059233 8.012431 4.247285 0.000000 
50.000000 46.233433 42.587303 39.170501 36.070674 33.347798 31.031747 29.123793 27.601252 26.424062 25.541987 24.901279 24.450010 24.141715 23.937358 23.805879 23.723747 23.673913 23.644534 23.627698 23.618316 23.613230 23.610546 23.609165 23.608469 23.608117 23.607921 23.607770 23.607574 23.607223 23.606540 23.605204 23.602634 23.597797 23.588891 23.572852 23.544581 23.495796 23.413322 23.276631 23.054335 22.699301 22.141990 21.281777 19.976784 18.035337 15.219234 11.285174 6.116834 0.000000 
50.000000 47.071649 44.236929 41.580500 39.170501 37.053561 35.252906 33.769528 32.585791 31.670550 30.984752 30.486608 30.135748 29.896049 29.737159 29.634933 29.571073 29.532326 29.509482 29.496391 29.489096 29.485141 29.483054 29.481980 29.481438 29.481163 29.481009 29.480885 29.480720 29.480420 29.479834 29.478683 29.476466 29.472280 29.464547 29.450561 29.425791 29.382787 29.309541 29.186992 28.985282 28.658069 28.133819 27.302367 25.994328 23.951267 20.790250 15.992791 9.036802 0.000000 
50.000000 47.995572 46.055233 44.236929 42.587303 41.138270 39.905729 38.890360 38.080091 37.453605 36.984172 36.643187 36.403019 36.238940 36.130177 36.060200 36.016486 35.989962 35.974324 35.965363 35.960369 35.957661 35.956233 35.955497 35.955126 35.954937 35.954830 35.954742 35.954622 35.954403 35.953972 35.953125 35.951490 35.948396 35.942667 35.932272 35.913791 35.881553 35.826312 35.733170 35.578300 35.323634 34.907947 34.231206 33.125839 31.302129 28.244138 23.027616 14.123290 0.000000 
50.000000 48.981503 47.995572 47.071649 46.233433 45.497144 44.870858 44.354921 43.943201 43.624865 43.386332 43.213066 43.091028 43.007654 42.952387 42.916829 42.894616 42.881138 42.873192 42.868638 42.866101 42.864725 42.863999 42.863625 42.863436 42.863340 42.863285 42.863239 42.863176 42.863060 42.862832 42.862383 42.861514 42.859868 42.856814 42.851264 42.841371 42.824062 42.794284 42.743816 42.659318 42.519031 42.286860 41.900978 41.249858 40.116599 38.034847 33.872281 24.490752 0.000000 
50.000000 50.000000 50.000000 50.000000 50.000000 50.000000 50.000000 50.000000 50.000000 50.000000 50.000000 50.000000 50.000000 50.000000 50.000000 50.000000 50.000000 50.000000 50.000000 50.000000 50.000000 50.000000 50.000000 50.000000 50.000000 50.000000 50.000000 50.000000 50.000000 50.000000 50.000000 50.000000 50.000000 50.000000 50.000000 50.000000 50.000000 50.000000 50.000000 50.000000 50.000000 50.000000 50.000000 50.000000 50.000000 50.000000 50.000000 50.000000 50.000000 50.000000 
