50.000000 50.000000 50.000000 50.000000 50.000000 50.000000 50.000000 50.000000 50.000000 50.000000 50.000000 50.000000 50.000000 50.000000 50.000000 50.000000 50.000000 50.000000 50.000000 50.000000 50.000000 50.000000 50.000000 50.000000 50.000000 50.000000 50.000000 50.000000 50.000000 50.000000 50.000000 50.000000 50.000000 50.000000 50.000000 50.000000 50.000000 50.000000 50.000000 50.000000 50.000000 50.000000 50.000000 50.000000 50.000000 50.000000 50.000000 50.000000 50.000000 50.000000 
50.000000 39.299361 32.092868 28.615332 27.338519 26.964938 26.874776 26.856354 26.853103 26.852599 26.852530 26.852521 26.852520 26.852520 26.852520 26.852520 26.852520 26.852520 26.852520 26.852520 26.852520 26.852520 26.852520 26.852520 26.852520 26.852520 26.852520 26.852520 26.852520 26.852520 26.852520 26.852520 26.852520 26.852520 26.852520 26.852520 26.852520 26.852520 26.852520 26.852520 26.852515 26.852479 26.852200 26.850277 26.838399 26.773037 26.453772 25.067448 19.649681 0.000000 
50.000000 32.092868 20.038792 14.226456 12.094379 11.471201 11.320966 11.290305 11.284900 11.284064 11.283949 11.283935 11.283934 11.283933 11.283933 11.283933 11.283933 11.283933 11.283933 11.283933 11.283933 11.283933 11.283933 11.283933 11.283933 11.283933 11.283933 11.283933 11.283933 11.283933 11.283933 11.283933 11.283933 11.283933 11.283933 11.283933 11.283933 11.283933 11.283933 11.283933 11.283929 11.283895 11.283641 11.281922 11.271607 11.217319 10.970394 10.019396 7.025420 0.000000 
50.000000 28.615332 14.226456 7.292987 4.751739 4.009641 3.830908 3.794468 3.788051 3.787060 3.786924 3.786907 3.786905 3.786905 3.786905 3.786905 3.786905 3.786905 3.786905 3.786905 3.786905 3.786905 3.786905 3.786905 3.786905 3.786905 3.786905 3.786905 3.786905 3.786905 3.786905 3.786905 3.786905 3.786905 3.786905 3.786905 3.786905 3.786905 3.786905 3.786905 3.786902 3.786885 3.786759 3.785915 3.780963 3.755741 3.646494 3.256063 2.161560 0.000000 
50.000000 27.338519 12.094379 4.751739 2.061828 1.276737 1.087757 1.049250 1.042473 1.041427 1.041283 1.041265 1.041263 1.041263 1.041263 1.041263 1.041263 1.041263 1.041263 1.041263 1.041263 1.041263 1.041263 1.041263 1.041263 1.041263 1.041263 1.041263 1.041263 1.041263 1.041263 1.041263 1.041263 1.041263 1.041263 1.041263 1.041263 1.041263 1.041263 1.041263 1.041262 1.041257 1.041213 1.040923 1.039248 1.030914 0.995999 0.877059 0.565482 0.000000 
50.000000 26.964938 11.471201 4.009641 1.276737 0.479281 0.287370 0.248276 0.241398 0.240336 0.240190 0.240172 0.240170 0.240170 0.240170 0.240170 0.240170 0.240170 0.240170 0.240170 0.240170 0.240170 0.240170 0.240170 0.240170 0.240170 0.240170 0.240170 0.240170 0.240170 0.240170 0.240170 0.240170 0.240170 0.240170 0.240170 0.240170 0.240170 0.240170 0.240170 0.240170 0.240168 0.240156 0.240079 0.239640 0.237489 0.228677 0.199595 0.126539 0.000000 
50.000000 26.874776 11.320966 3.830908 1.087757 0.287370 0.094770 0.055538 0.048636 0.047571 0.047425 0.047407 0.047405 0.047405 0.047404 0.047404 0.047404 0.047404 0.047404 0.047404 0.047404 0.047404 0.047404 0.047404 0.047404 0.047404 0.047404 0.047404 0.047404 0.047404 0.047404 0.047404 0.047404 0.047404 0.047404 0.047404 0.047404 0.047404 0.047404 0.047404 0.047404 0.047404 0.047402 0.047385 0.047291 0.046834 0.044993 0.039044 0.024499 0.000000 
50.000000 26.856354 11.290305 3.794468 1.049250 0.248276 0.055538 0.016279 0.009372 0.008306 0.008160 0.008142 0.008140 0.008140 0.008140 0.008140 0.008140 0.008140 0.008140 0.008140 0.008140 0.008140 0.008140 0.008140 0.008140 0.008140 0.008140 0.008140 0.008140 0.008140 0.008140 0.008140 0.008140 0.008140 0.008140 0.008140 0.008140 0.008140 0.008140 0.008140 0.008140 0.008140 0.008139 0.008136 0.008119 0.008037 0.007709 0.006664 0.004154 0.000000 
50.000000 26.853103 11.284900 3.788051 1.042473 0.241398 0.048636 0.009372 0.002465 0.001399 0.001253 0.001235 0.001233 0.001233 0.001233 0.001233 0.001233 0.001233 0.001233 0.001233 0.001233 0.001233 0.001233 0.001233 0.001233 0.001233 0.001233 0.001233 0.001233 0.001233 0.001233 0.001233 0.001233 0.001233 0.001233 0.001233 0.001233 0.001233 0.001233 0.001233 0.001233 0.001233 0.001233 0.001232 0.001229 0.001217 0.001166 0.001005 0.000624 0.000000 
50.000000 26.852599 11.284064 3.787060 1.041427 0.240336 0.047571 0.008306 0.001399 0.000333 0.000187 0.000169 0.000167 0.000166 0.000166 0.000166 0.000166 0.000166 0.000166 0.000166 0.000166 0.000166 0.000166 0.000166 0.000166 0.000166 0.000166 0.000166 0.000166 0.000166 0.000166 0.000166 0.000166 0.000166 0.000166 0.000166 0.000166 0.000166 0.000166 0.000166 0.000166 0.000166 0.000166 0.000166 0.000166 0.000164 0.000157 0.000135 0.000084 0.000000 
50.000000 26.852530 11.283949 3.786924 1.041283 0.240190 0.047425 0.008160 0.001253 0.000187 0.000040 0.000022 0.000020 0.000020 0.000020 0.000020 0.000020 0.000020 0.000020 0.000020 0.000020 0.000020 0.000020 0.000020 0.000020 0.000020 0.000020 0.000020 0.000020 0.000020 0.000020 0.000020 0.000020 0.000020 0.000020 0.000020 0.000020 0.000020 0.000020 0.000020 0.000020 0.000020 0.000020 0.000020 0.000020 0.000020 0.000019 0.000016 0.000010 0.000000 
50.000000 26.852521 11.283935 3.786907 1.041265 0.240172 0.047407 0.008142 0.001235 0.000169 0.000022 0.000004 0.000002 0.000002 0.000002 0.000002 0.000002 0.000002 0.000002 0.000002 0.000002 0.000002 0.000002 0.000002 0.000002 0.000002 0.000002 0.000002 0.000002 0.000002 0.000002 0.000002 0.000002 0.000002 0.000002 0.000002 0.000002 0.000002 0.000002 0.000002 0.000002 0.000002 0.000002 0.000002 0.000002 0.000002 0.000002 0.000002 0.000001 0.000000 
50.000000 26.852520 11.283934 3.786905 1.041263 0.240170 0.047405 0.008140 0.001233 0.000167 0.000020 0.000002 0.000000 0.000000 0.000000 0.000000 0.000000 0.000000 0.000000 0.000000 0.000000 0.000000 0.000000 0.000000 0.000000 0.000000 0.000000 0.000000 0.000000 0.000000 0.000000 0.000000 0.000000 0.000000 0.000000 0.000000 0.000000 0.000000 0.000000 0.000000 0.000000 0.000000 0.000000 0.000000 0.000000 0.000000 0.000000 0.000000 0.000000 0.000000 
50.000000 26.852520 11.283933 3.786905 1.041263 0.240170 0.047405 0.008140 0.001233 0.000166 0.000020 0.000002 0.000000 0.000000 0.000000 0.000000 0.000000 0.000000 0.000000 0.000000 0.000000 0.000000 0.000000 0.000000 0.000000 0.000000 0.000000 0.000000 0.000000 0.000000 0.000000 0.000000 0.000000 0.000000 0.000000 0.000000 0.000000 0.000000 0.000000 0.000000 0.000000 0.000000 0.000000 0.000000 0.000000 0.000000 0.000000 0.000000 0.000000 0.000000 
50.000000 26.852520 11.283933 3.786905 1.041263 0.240170 0.047404 0.008140 0.001233 0.000166 0.000020 0.000002 0.000000 0.000000 0.000000 0.000000 0.000000 0.000000 0.000000 0.000000 0.000000 0.000000 0.000000 0.000000 0.000000 0.000000 0.000000 0.000000 0.000000 0.000000 0.000000 0.000000 0.000000 0.000000 0.000000 0.000000 0.000000 0.000000 0.000000 0.000000 0.000000 0.000000 0.000000 0.000000 0.000000 0.000000 0.000000 0.000000 0.000000 0.000000 
50.000000 26.852520 11.283933 3.786905 1.041263 0.240170 0.047404 0.008140 0.001233 0.000166 0.000020 0.000002 0.000000 0.000000 0.000000 0.000000 0.000000 0.000000 0.000000 0.000000 0.000000 0.000000 0.000000 0.000000 0.000000 0.000000 0.000000 0.000000 0.000000 0.000000 0.000000 0.000000 0.000000 0.000000 0.000000 0.000000 0.000000 0.000000 0.000000 0.000000 0.000000 0.000000 0.000000 0.000000 0.000000 0.000000 0.000000 0.000000 0.000000 0.000000 
50.000000 26.852520 11.283933 3.786905 1.041263 0.240170 0.047404 0.008140 0.001233 0.000166 0.000020 0.000002 0.000000 0.000000 0.000000 0.000000 0.000000 0.000000 0.000000 0.000000 0.000000 0.000000 0.000000 0.000000 0.000000 0.000000 0.000000 0.000000 0.000000 0.000000 0.000000 0.000000 0.000000 0.000000 0.000000 0.000000 0.000000 0.000000 0.000000 0.000000 0.000000 0.000000 0.000000 0.000000 0.000000 0.000000 0.000000 0.000000 0.000000 0.000000 
50.000000 26.852520 11.283933 3.786905 1.041263 0.240170 0.047404 0.008140 0.001233 0.000166 0.000020 0.000002 0.000000 0.000000 0.000000 0.000000 0.000000 0.000000 0.000000 0.000000 0.000000 0.000000 0.000000 0.000000 0.000000 0.000000 0.000000 0.000000 0.000000 0.000000 0.000000 0.000000 0.000000 0.000000 0.000000 0.000000 0.000000 0.000000 0.000000 0.000000 0.000000 0.000000 0.000000 0.000000 0.000000 0.000000 0.000000 0.000000 0.000000 0.000000 
50.000000 26.852520 11.283933 3.786905 1.041263 0.240170 0.047404 0.008140 0.001233 0.000166 0.000020 0.000002 0.000000 0.000000 0.000000 0.000000 0.000000 0.000000 0.000000 0.000000 0.000000 0.000000 0.000000 0.000000 0.000000 0.000000 0.000000 0.000000 0.000000 0.000000 0.000000 0.000000 0.000000 0.000000 0.000000 0.000000 0.000000 0.000000 0.000000 0.000000 0.000000 0.000000 0.000000 0.000000 0.000000 0.000000 0.000000 0.000000 0.000000 0.000000 
50.000000 26.852520 11.283933 3.786905 1.041263 0.240170 0.047404 0.008140 0.001233 0.000166 0.000020 0.000002 0.000000 0.000000 0.000000 0.000000 0.000000 0.000000 0.000000 0.000000 0.000000 0.000000 0.000000 0.000000 0.000000 0.000000 0.000000 0.000000 0.000000 0.000000 0.000000 0.000000 0.000000 0.000000 0.000000 0.000000 0.000000 0.000000 0.000000 0.000000 0.000000 0.000000 0.000000 0.000000 0.000000 0.000000 0.000000 0.000000 0.000000 0.000000 
50.000000 26.852520 11.283933 3.786905 1.041263 0.240170 0.047404 0.008140 0.001233 0.000166 0.000020 0.000002 0.000000 0.000000 0.000000 0.000000 0.000000 0.000000 0.000000 0.000000 0.000000 0.000000 0.000000 0.000000 0.000000 0.000000 0.000000 0.000000 0.000000 0.000000 0.000000 0.000000 0.000000 0.000000 0.000000 0.000000 0.000000 0.000000 0.000000 0.000000 0.000000 0.000000 0.000000 0.000000 0.000000 0.000000 0.000000 0.000000 0.000000 0.000000 
50.000000 26.852520 11.283933 3.786905 1.041263 0.240170 0.047404 0.008140 0.001233 0.000166 0.000020 0.000002 0.000000 0.000000 0.000000 0.000000 0.000000 0.000000 0.000000 0.000000 0.000000 0.000000 0.000000 0.000000 0.000000 0.000000 0.000000 0.000000 0.000000 0.000000 0.000000 0.000000 0.000000 0.000000 0.000000 0.000000 0.000000 0.000000 0.000000 0.000000 0.000000 0.000000 0.000000 0.000000 0.000000 0.000000 0.000000 0.000000 0.000000 0.000000 
50.000000 26.852520 11.283933 3.786905 1.041263 0.240170 0.047404 0.008140 0.001233 0.000166 0.000020 0.000002 0.000000 0.000000 0.000000 0.000000 0.000000 0.000000 0.000000 0.000000 0.000000 0.000000 0.000000 0.000000 0.000000 0.000000 0.000000 0.000000 0.000000 0.000000 0.000000 0.000000 0.000000 0.000000 0.000000 0.000000 0.000000 0.000000 0.000000 0.000000 0.000000 0.000000 0.000000 0.000000 0.000000 0.000000 0.000000 0.000000 0.000000 0.000000 
50.000000 26.852520 11.283933 3.786905 1.041263 0.240170 0.047404 0.008140 0.001233 0.000166 0.000020 0.000002 0.000000 0.000000 0.000000 0.000000 0.000000 0.000000 0.000000 0.000000 0.000000 0.000000 0.000000 0.000000 0.000000 0.000000 0.000000 0.000000 0.000000 0.000000 0.000000 0.000000 0.000000 0.000000 0.000000 0.000000 0.000000 0.000000 0.000000 0.000000 0.000000 0.000000 0.000000 0.000000 0.000000 0.000000 0.000000 0.000000 0.000000 0.000000 
50.000000 26.852520 11.283933 3.786905 1.041263 0.240170 0.047404 0.008140 0.001233 0.000166 0.000020 0.000002 0.000000 0.000000 0.000000 0.000000 0.000000 0.000000 0.000000 0.000000 0.000000 0.000000 0.000000 0.000000 0.000000 0.000000 0.000000 0.000000 0.000000 0.000000 0.000000 0.000000 0.000000 0.000000 0.000000 0.000000 0.000000 0.000000 0.000000 0.000000 0.000000 0.000000 0.000000 0.000000 0.000000 0.000000 0.000000 0.000000 0.000000 0.000000 
50.000000 26.852520 11.283933 3.786905 1.041263 0.240170 0.047404 0.008140 0.001233 0.000166 0.000020 0.000002 0.000000 0.000000 0.000000 0.000000 0.000000 0.000000 0.000000 0.000000 0.000000 0.000000 0.000000 0.000000 0.000000 0.000000 0.000000 0.000000 0.000000 0.000000 0.000000 0.000000 0.000000 0.000000 0.000000 0.000000 0.000000 0.000000 0.000000 0.000000 0.000000 0.000000 0.000000 0.000000 0.000000 0.000000 0.000000 0.000000 0.000000 0.000000 
50.000000 26.852520 11.283933 3.786905 1.041263 0.240170 0.047404 0.008140 0.001233 0.000166 0.000020 0.000002 0.000000 0.000000 0.000000 0.000000 0.000000 0.000000 0.000000 0.000000 0.000000 0.000000 0.000000 0.000000 0.000000 0.000000 0.000000 0.000000 0.000000 0.000000 0.000000 0.000000 0.000000 0.000000 0.000000 0.000000 0.000000 0.000000 0.000000 0.000000 0.000000 0.000000 0.000000 0.000000 0.000000 0.000000 0.000000 0.000000 0.000000 0.000000 
50.000000 26.852520 11.283933 3.786905 1.041263 0.240170 0.047404 0.008140 0.001233 0.000166 0.000020 0.000002 0.000000 0.000000 0.000000 0.000000 0.000000 0.000000 0.000000 0.000000 0.000000 0.000000 0.000000 0.000000 0.000000 0.000000 0.000000 0.000000 0.000000 0.000000 0.000000 0.000000 0.000000 0.000000 0.000000 0.000000 0.000000 0.000000 0.000000 0.000000 0.000000 0.000000 0.000000 0.000000 0.000000 0.000000 0.000000 0.000000 0.000000 0.000000 
50.000000 26.852520 11.283933 3.786905 1.041263 0.240170 0.047404 0.008140 0.001233 0.000166 0.000020 0.000002 0.000000 0.000000 0.000000 0.000000 0.000000 0.000000 0.000000 0.000000 0.000000 0.000000 0.000000 0.000000 0.000000 0.000000 0.000000 0.000000 0.000000 0.000000 0.000000 0.000000 0.000000 0.000000 0.000000 0.000000 0.000000 0.000000 0.000000 0.000000 0.000000 0.000000 0.000000 0.000000 0.000000 0.000000 0.000000 0.000000 0.000000 0.000000 
50.000000 26.852520 11.283933 3.786905 1.041263 0.240170 0.047404 0.008140 0.001233 0.000166 0.000020 0.000002 0.000000 0.000000 0.000000 0.000000 0.000000 0.000000 0.000000 0.000000 0.000000 0.000000 0.000000 0.000000 0.000000 0.000000 0.000000 0.000000 0.000000 0.000000 0.000000 0.000000 0.000000 0.000000 0.000000 0.000000 0.000000 0.000000 0.000000 0.000000 0.000000 0.000000 0.000000 0.000000 0.000000 0.000000 0.000000 0.000000 0.000000 0.000000 
50.000000 26.852520 11.283933 3.786905 1.041263 0.240170 0.047404 0.008140 0.001233 0.000166 0.000020 0.000002 0.000000 0.000000 0.000000 0.000000 0.000000 0.000000 0.000000 0.000000 0.000000 0.000000 0.000000 0.000000 0.000000 0.000000 0.000000 0.000000 0.000000 0.000000 0.000000 0.000000 0.000000 0.000000 0.000000 0.000000 0.000000 0.000000 0.000000 0.000000 0.000000 0.000000 0.000000 0.000000 0.000000 0.000000 0.000000 0.000000 0.000000 0.000000 
50.000000 26.852520 11.283933 3.786905 1.041263 0.240170 0.047404 0.008140 0.001233 0.000166 0.000020 0.000002 0.000000 0.000000 0.000000 0.000000 0.000000 0.000000 0.000000 0.000000 0.000000 0.000000 0.000000 0.000000 0.000000 0.000000 0.000000 0.000000 0.000000 0.000000 0.000000 0.000000 0.000000 0.000000 0.000000 0.000000 0.000000 0.000000 0.000000 0.000000 0.000000 0.000000 0.000000 0.000000 0.000000 0.000000 0.000000 0.000000 0.000000 0.000000 
50.000000 26.852520 11.283933 3.786905 1.041263 0.240170 0.047404 0.008140 0.001233 0.000166 0.000020 0.000002 0.000000 0.000000 0.000000 0.000000 0.000000 0.000000 0.000000 0.000000 0.000000 0.000000 0.000000 0.000000 0.000000 0.000000 0.000000 0.000000 0.000000 0.000000 0.000000 0.000000 0.000000 0.000000 0.000000 0.000000 0.000000 0.000000 0.000000 0.000000 0.000000 0.000000 0.000000 0.000000 0.000000 0.000000 0.000000 0.000000 0.000000 0.000000 
50.000000 26.852520 11.283933 3.786905 1.041263 0.240170 0.047404 0.008140 0.001233 0.000166 0.000020 0.000002 0.000000 0.000000 0.000000 0.000000 0.000000 0.000000 0.000000 0.000000 0.000000 0.000000 0.000000 0.000000 0.000000 0.000000 0.000000 0.000000 0.000000 0.000000 0.000000 0.000000 0.000000 0.000000 0.000000 0.000000 0.000000 0.000000 0.000000 0.000000 0.000000 0.000000 0.000000 0.000000 0.000000 0.000000 0.000000 0.000000 0.000000 0.000000 
50.000000 26.852520 11.283933 3.786905 1.041263 0.240170 0.047404 0.008140 0.001233 0.000166 0.000020 0.000002 0.000000 0.000000 0.000000 0.000000 0.000000 0.000000 0.000000 0.000000 0.000000 0.000000 0.000000 0.000000 0.000000 0.000000 0.000000 0.000000 0.000000 0.000000 0.000000 0.000000 0.000000 0.000000 0.000000 0.000000 0.000000 0.000000 0.000000 0.000000 0.000000 0.000000 0.000000 0.000000 0.000000 0.000000 0.000000 0.000000 0.000000 0.000000 
50.000000 26.852520 11.283933 3.786905 1.041263 0.240170 0.047404 0.008140 0.001233 0.000166 0.000020 0.000002 0.000000 0.000000 0.000000 0.000000 0.000000 0.000000 0.000000 0.000000 0.000000 0.000000 0.000000 0.000000 0.000000 0.000000 0.000000 0.000000 0.000000 0.000000 0.000000 0.000000 0.000000 0.000000 0.000000 0.000000 0.000000 0.000000 0.000000 0.000000 0.000000 0.000000 0.000000 0.000000 0.000000 0.000000 0.000000 0.000000 0.000000 0.000000 
50.000000 26.852520 11.283933 3.786905 1.041263 0.240170 0.047405 0.008140 0.001233 0.000166 0.000020 0.000002 0.000000 0.000000 0.000000 0.000000 0.000000 0.000000 0.000000 0.000000 0.000000 0.000000 0.000000 0.000000 0.000000 0.000000 0.000000 0.000000 0.000000 0.000000 0.000000 0.000000 0.000000 0.000000 0.000000 0.000000 0.000000 0.000000 0.000000 0.000000 0.000000 0.000000 0.000000 0.000000 0.000000 0.000000 0.000000 0.000000 0.000000 0.000000 
50.000000 26.852520 11.283934 3.786905 1.041263 0.240170 0.047405 0.008140 0.001233 0.000167 0.000020 0.000002 0.000000 0.000000 0.000000 0.000000 0.000000 0.000000 0.000000 0.000000 0.000000 0.000000 0.000000 0.000000 0.000000 0.000000 0.000000 0.000000 0.000000 0.000000 0.000000 0.000000 0.000000 0.000000 0.000000 0.000000 0.000000 0.000000 0.000000 0.000000 0.000000 0.000000 0.000000 0.000000 0.000000 0.000000 0.000000 0.000000 0.000000 0.000000 
50.000000 26.852521 11.283935 3.786907 1.041265 0.240172 0.047407 0.008142 0.001235 0.000169 0.000022 0.000004 0.000002 0.000002 0.000002 0.000002 0.000002 0.000002 0.000002 0.000002 0.000002 0.000002 0.000002 0.000002 0.000002 0.000002 0.000002 0.000002 0.000002 0.000002 0.000002 0.000002 0.000002 0.000002 0.000002 0.000002 0.000002 0.000002 0.000002 0.000002 0.000002 0.000002 0.000002 0.000002 0.000002 0.000002 0.000002 0.000002 0.000001 0.000000 
50.000000 26.852530 11.283949 3.786924 1.041283 0.240190 0.047425 0.008160 0.001253 0.000187 0.000040 0.000022 0.000020 0.000020 0.000020 0.000020 0.000020 0.000020 0.000020 0.000020 0.000020 0.000020 0.000020 0.000020 0.000020 0.000020 0.000020 0.000020 0.000020 0.000020 0.000020 0.000020 0.000020 0.000020 0.000020 0.000020 0.000020 0.000020 0.000020 0.000020 0.000020 0.000020 0.000020 0.000020 0.000020 0.000020 0.000019 0.000016 0.000010 0.000000 
50.000000 26.852599 11.284064 3.787060 1.041427 0.240336 0.047571 0.008306 0.001399 0.000333 0.000187 0.000169 0.000167 0.000166 0.000166 0.000166 0.000166 0.000166 0.000166 0.000166 0.000166 0.000166 0.000166 0.000166 0.000166 0.000166 0.000166 0.000166 0.000166 0.000166 0.000166 0.000166 0.000166 0.000166 0.000166 0.000166 0.000166 0.000166 0.000166 0.000166 0.000166 0.000166 0.000166 0.000166 0.000166 0.000164 0.000157 0.000135 0.000084 0.000000 
50.000000 26.853103 11.284900 3.788051 1.042473 0.241398 0.048636 0.009372 0.002465 0.001399 0.001253 0.001235 0.001233 0.001233 0.001233 0.001233 0.001233 0.001233 0.001233 0.001233 0.001233 0.001233 0.001233 0.001233 0.001233 0.001233 0.001233 0.001233 0.001233 0.001233 0.001233 0.001233 0.001233 0.001233 0.001233 0.001233 0.001233 0.001233 0.001233 0.001233 0.001233 0.001233 0.001233 0.001232 0.001229 0.001217 0.001166 0.001005 0.000624 0.000000 
50.000000 26.856354 11.290305 3.794468 1.049250 0.248276 0.055538 0.016279 0.009372 0.008306 0.008160 0.008142 0.008140 0.008140 0.008140 0.008140 0.008140 0.008140 0.008140 0.008140 0.008140 0.008140 0.008140 0.008140 0.008140 0.008140 0.008140 0.008140 0.008140 0.008140 0.008140 0.008140 0.008140 0.008140 0.008140 0.008140 0.008140 0.008140 0.008140 0.008140 0.008140 0.008140 0.008139 0.008136 0.008119 0.008037 0.007709 0.006664 0.004154 0.000000 
50.000000 26.874776 11.320966 3.830908 1.087757 0.287370 0.094770 0.055538 0.048636 0.047571 0.047425 0.047407 0.047405 0.047405 0.047404 0.047404 0.047404 0.047404 0.047404 0.047404 0.047404 0.047404 0.047404 0.047404 0.047404 0.047404 0.047404 0.047404 0.047404 0.047404 0.047404 0.047404 0.047404 0.047404 0.047404 0.047404 0.047404 0.047404 0.047404 0.047404 0.047404 0.047404 0.047402 0.047385 0.047291 0.046834 0.044993 0.039044 0.024499 0.000000 
50.000000 26.964938 11.471201 4.009641 1.276737 0.479281 0.287370 0.248276 0.241398 0.240336 0.240190 0.240172 0.240170 0.240170 0.240170 0.240170 0.240170 0.240170 0.240170 0.240170 0.240170 0.240170 0.240170 0.240170 0.240170 0.240170 0.240170 0.240170 0.240170 0.240170 0.240170 0.240170 0.240170 0.240170 0.240170 0.240170 0.240170 0.240170 0.240170 0.240170 0.240170 0.240168 0.240156 0.240079 0.239640 0.237489 0.228677 0.199595 0.126539 0.000000 
50.000000 27.338519 12.094379 4.751739 2.061828 1.276737 1.087757 1.049250 1.042473 1.041427 1.041283 1.041265 1.041263 1.041263 1.041263 1.041263 1.041263 1.041263 1.041263 1.041263 1.041263 1.041263 1.041263 1.041263 1.041263 1.041263 1.041263 1.041263 1.041263 1.041263 1.041263 1.041263 1.041263 1.041263 1.041263 1.041263 1.041263 1.041263 1.041263 1.041263 1.041262 1.041257 1.041213 1.040923 1.039248 1.030914 0.995999 0.877059 0.565482 0.000000 
50.000000 28.615332 14.226456 7.292987 4.751739 4.009641 3.830908 3.794468 3.788051 3.787060 3.786924 3.786907 3.786905 3.786905 3.786905 3.786905 3.786905 3.786905 3.786905 3.786905 3.786905 3.786905 3.786905 3.786905 3.786905 3.786905 3.786905 3.786905 3.786905 3.786905 3.786905 3.786905 3.786905 3.786905 3.786905 3.786905 3.786905 3.786905 3.786905 3.786905 3.786902 3.786885 3.786759 3.785915 3.780963 3.755741 3.646494 3.256063 2.161560 0.000000 
50.000000 32.092868 20.038792 14.226456 12.094379 11.471201 11.320966 11.290305 11.284900 11.284064 11.283949 11.283935 11.283934 11.283933 11.283933 11.283933 11.283933 11.283933 11.283933 11.283933 11.283933 11.283933 11.283933 11.283933 11.283933 11.283933 11.283933 11.283933 11.283933 11.283933 11.283933 11.283933 11.283933 11.283933 11.283933 11.283933 11.283933 11.283933 11.283933 11.283933 11.283929 11.283895 11.283641 11.281922 11.271607 11.217319 10.970394 10.019396 7.025420 0.000000 
50.000000 39.299361 32.092868 28.615332 27.338519 26.964938 26.874776 26.856354 26.853103 26.852599 26.852530 26.852521 26.852520 26.852520 26.852520 26.852520 26.852520 26.852520 26.852520 26.852520 26.852520 26.852520 26.852520 26.852520 26.852520 26.852520 26.852520 26.852520 26.852520 26.852520 26.852520 26.852520 26.852520 26.852520 26.852520 26.852520 26.852520 26.852520 26.852520 26.852520 26.852515 26.852479 26.852200 26.850277 26.838399 26.773037 26.453772 25.067448 19.649681 0.000000 
50.000000 50.000000 50.000000 50.000000 50.000000 50.000000 50.000000 50.000000 50.000000 50.000000 50.000000 50.000000 50.000000 50.000000 50.000000 50.000000 50.000000 50.000000 50.000000 50.000000 50.000000 50.000000 50.000000 50.000000 50.000000 50.000000 50.000000 50.000000 50.000000 50.000000 50.000000 50.000000 50.000000 50.000000 50.000000 50.000000 50.000000 50.000000 50.000000 50.000000 50.000000 50.000000 50.000000 50.000000 50.000000 50.000000 50.000000 50.000000 50.000000 50.000000 
