50.000000 50.000000 50.000000 50.000000 50.000000 50.000000 50.000000 50.000000 50.000000 50.000000 50.000000 50.000000 50.000000 50.000000 50.000000 50.000000 50.000000 50.000000 50.000000 50.000000 50.000000 50.000000 50.000000 50.000000 50.000000 50.000000 50.000000 50.000000 50.000000 50.000000 50.000000 50.000000 50.000000 50.000000 50.000000 50.000000 50.000000 50.000000 50.000000 50.000000 50.000000 50.000000 50.000000 50.000000 50.000000 50.000000 50.000000 50.000000 50.000000 50.000000 
50.000000 48.010048 46.144296 44.503733 43.150135 42.101375 41.337581 40.814112 40.476062 40.270066 40.151445 40.086797 40.053400 40.037020 40.029381 40.025988 40.024552 40.023970 40.023746 40.023662 40.023633 40.023623 40.023619 40.023618 40.023618 40.023618 40.023618 40.023618 40.023618 40.023617 40.023616 40.023611 40.023596 40.023555 40.023441 40.023139 40.022369 40.020474 40.015983 40.005715 39.983041 39.934544 39.833673 39.628372 39.215575 38.383574 36.665972 32.923741 24.005024 0.000000 
50.000000 46.144296 42.529252 39.350545 36.727874 34.695863 33.216002 32.201790 31.546834 31.147736 30.917923 30.792678 30.727977 30.696245 30.681448 30.674876 30.672093 30.670967 30.670532 30.670370 30.670313 30.670294 30.670287 30.670285 30.670285 30.670284 30.670284 30.670284 30.670284 30.670283 30.670280 30.670271 30.670246 30.670172 30.669969 30.669433 30.668069 30.664723 30.656825 30.638870 30.599509 30.516173 30.345341 30.005082 29.343468 28.080351 25.699654 21.264626 13.220556 0.000000 
50.000000 44.503733 39.350545 34.819384 31.080883 28.184387 26.074985 24.629354 23.695822 23.126989 22.799448 22.620949 22.528741 22.483520 22.462432 22.453068 22.449102 22.447498 22.446878 22.446648 22.446566 22.446539 22.446529 22.446527 22.446526 22.446525 22.446525 22.446525 22.446525 22.446524 22.446520 22.446509 22.446477 22.446386 22.446135 22.445474 22.443798 22.439708 22.430115 22.408478 22.361535 22.263513 22.066321 21.683710 20.966898 19.669981 17.409692 13.650891 7.837761 0.000000 
50.000000 43.150135 36.727874 31.080883 26.421818 22.812164 20.183461 18.381990 17.218708 16.509906 16.101784 15.879381 15.764498 15.708160 15.681890 15.670225 15.665285 15.663287 15.662514 15.662228 15.662126 15.662091 15.662080 15.662076 15.662075 15.662075 15.662075 15.662075 15.662074 15.662073 15.662069 15.662058 15.662025 15.661931 15.661676 15.661003 15.659306 15.655191 15.645611 15.624202 15.578305 15.483919 15.297793 14.946031 14.309686 13.210909 11.410902 8.647522 4.766561 0.000000 
50.000000 42.101375 34.695863 28.184387 22.812164 18.650073 15.619142 13.542085 12.200892 11.383720 10.913220 10.656836 10.524407 10.459467 10.429188 10.415743 10.410050 10.407748 10.406857 10.406527 10.406410 10.406370 10.406357 10.406353 10.406352 10.406351 10.406351 10.406351 10.406351 10.406350 10.406346 10.406336 10.406307 10.406223 10.405995 10.405398 10.403900 10.400291 10.391957 10.373515 10.334460 10.255364 10.102361 9.820140 9.325037 8.502479 7.217489 5.352395 2.885800 0.000000 
50.000000 41.337581 33.216002 26.074985 20.183461 15.619142 12.295385 10.017728 8.547055 7.651027 7.135147 6.854047 6.708859 6.637666 6.604473 6.589736 6.583495 6.580972 6.579996 6.579634 6.579506 6.579462 6.579448 6.579443 6.579442 6.579441 6.579441 6.579441 6.579441 6.579440 6.579437 6.579429 6.579405 6.579338 6.579155 6.578681 6.577496 6.574661 6.568165 6.553934 6.524149 6.464695 6.351696 6.147692 5.799002 5.237430 4.391275 3.210920 1.709208 0.000000 
50.000000 40.814112 32.201790 24.629354 18.381990 13.542085 10.017728 7.602673 6.043333 5.093316 4.546374 4.248361 4.094444 4.018974 3.983789 3.968167 3.961553 3.958879 3.957844 3.957461 3.957325 3.957279 3.957264 3.957259 3.957257 3.957257 3.957257 3.957257 3.957256 3.957256 3.957254 3.957248 3.957230 3.957181 3.957048 3.956705 3.955851 3.953823 3.949212 3.939204 3.918491 3.877685 3.801337 3.666032 3.439724 3.084197 2.563033 1.856449 0.980439 0.000000 
50.000000 40.476062 31.546834 23.695822 17.218708 12.200892 8.547055 6.043333 4.426785 3.441944 2.874971 2.566054 2.406511 2.328286 2.291818 2.275628 2.268773 2.266001 2.264930 2.264533 2.264392 2.264344 2.264328 2.264323 2.264321 2.264321 2.264321 2.264321 2.264320 2.264320 2.264319 2.264315 2.264303 2.264270 2.264181 2.263952 2.263386 2.262050 2.259037 2.252551 2.239263 2.213393 2.165648 2.082360 1.945528 1.734789 1.432310 1.030662 0.541518 0.000000 
50.000000 40.270066 31.147736 23.126989 16.509906 11.383720 7.651027 5.093316 3.441944 2.435909 1.856750 1.541201 1.378238 1.298339 1.261091 1.244556 1.237555 1.234724 1.233630 1.233224 1.233080 1.233031 1.233015 1.233010 1.233008 1.233008 1.233008 1.233008 1.233008 1.233007 1.233007 1.233004 1.232997 1.232976 1.232921 1.232779 1.232432 1.231616 1.229787 1.225882 1.217955 1.202681 1.174825 1.126878 1.049260 0.931601 0.765454 0.548227 0.287025 0.000000 
50.000000 40.151445 30.917923 22.799448 16.101784 10.913220 7.135147 4.546374 2.874971 1.856750 1.270584 0.951226 0.786298 0.705437 0.667742 0.651008 0.643924 0.641059 0.639952 0.639541 0.639396 0.639346 0.639330 0.639325 0.639323 0.639323 0.639323 0.639322 0.639322 0.639322 0.639322 0.639320 0.639316 0.639304 0.639272 0.639191 0.638991 0.638526 0.637489 0.635292 0.630867 0.622420 0.607169 0.581213 0.539705 0.477582 0.390970 0.279053 0.145730 0.000000 
50.000000 40.086797 30.792678 22.620949 15.879381 10.656836 6.854047 4.248361 2.566054 1.541201 0.951226 0.629795 0.463800 0.382416 0.344478 0.327637 0.320507 0.317624 0.316509 0.316097 0.315950 0.315900 0.315884 0.315878 0.315877 0.315876 0.315876 0.315876 0.315876 0.315876 0.315876 0.315875 0.315873 0.315866 0.315849 0.315805 0.315698 0.315449 0.314897 0.313736 0.311415 0.307017 0.299148 0.285882 0.264879 0.233771 0.190834 0.135853 0.070815 0.000000 
50.000000 40.053400 30.727977 22.528741 15.764498 10.524407 6.708859 4.094444 2.406511 1.378238 0.786298 0.463800 0.297254 0.215602 0.177539 0.160642 0.153489 0.150597 0.149478 0.149064 0.148917 0.148867 0.148850 0.148845 0.148844 0.148843 0.148843 0.148843 0.148843 0.148843 0.148843 0.148842 0.148841 0.148838 0.148829 0.148807 0.148753 0.148627 0.148351 0.147772 0.146623 0.144461 0.140621 0.134198 0.124116 0.109307 0.089033 0.063255 0.032926 0.000000 
50.000000 40.037020 30.696245 22.483520 15.708160 10.459467 6.637666 4.018974 2.328286 1.298339 0.705437 0.382416 0.215602 0.133818 0.095694 0.078770 0.071606 0.068709 0.067589 0.067174 0.067027 0.066976 0.066960 0.066955 0.066953 0.066953 0.066953 0.066953 0.066952 0.066952 0.066952 0.066952 0.066952 0.066950 0.066946 0.066935 0.066909 0.066850 0.066719 0.066446 0.065907 0.064900 0.063123 0.060170 0.055567 0.048853 0.039722 0.028177 0.014651 0.000000 
50.000000 40.029381 30.681448 22.462432 15.681890 10.429188 6.604473 3.983789 2.291818 1.261091 0.667742 0.344478 0.177539 0.095694 0.057541 0.040605 0.033435 0.030536 0.029415 0.029000 0.028853 0.028803 0.028786 0.028781 0.028779 0.028779 0.028779 0.028779 0.028779 0.028779 0.028779 0.028779 0.028778 0.028778 0.028776 0.028771 0.028759 0.028732 0.028673 0.028552 0.028312 0.027866 0.027084 0.025792 0.023790 0.020886 0.016958 0.012014 0.006241 0.000000 
50.000000 40.025988 30.674876 22.453068 15.670225 10.415743 6.589736 3.968167 2.275628 1.244556 0.651008 0.327637 0.160642 0.078770 0.040605 0.023663 0.016491 0.013591 0.012470 0.012055 0.011907 0.011857 0.011840 0.011835 0.011834 0.011833 0.011833 0.011833 0.011833 0.011833 0.011833 0.011833 0.011833 0.011833 0.011832 0.011830 0.011825 0.011813 0.011788 0.011736 0.011635 0.011447 0.011119 0.010580 0.009749 0.008549 0.006933 0.004907 0.002547 0.000000 
50.000000 40.024552 30.672093 22.449102 15.665285 10.410050 6.583495 3.961553 2.268773 1.237555 0.643924 0.320507 0.153489 0.071606 0.033435 0.016491 0.009318 0.006418 0.005296 0.004881 0.004733 0.004683 0.004667 0.004661 0.004660 0.004659 0.004659 0.004659 0.004659 0.004659 0.004659 0.004659 0.004659 0.004659 0.004659 0.004658 0.004656 0.004651 0.004641 0.004620 0.004579 0.004503 0.004372 0.004157 0.003827 0.003353 0.002717 0.001921 0.000997 0.000000 
50.000000 40.023970 30.670967 22.447498 15.663287 10.407748 6.580972 3.958879 2.266001 1.234724 0.641059 0.317624 0.150597 0.068709 0.030536 0.013591 0.006418 0.003517 0.002396 0.001980 0.001833 0.001783 0.001766 0.001761 0.001759 0.001759 0.001759 0.001759 0.001759 0.001759 0.001759 0.001759 0.001759 0.001759 0.001758 0.001758 0.001757 0.001755 0.001752 0.001743 0.001728 0.001699 0.001648 0.001566 0.001441 0.001262 0.001021 0.000722 0.000374 0.000000 
50.000000 40.023746 30.670532 22.446878 15.662514 10.406857 6.579996 3.957844 2.264930 1.233630 0.639952 0.316509 0.149478 0.067589 0.029415 0.012470 0.005296 0.002396 0.001274 0.000859 0.000711 0.000661 0.000644 0.000639 0.000638 0.000637 0.000637 0.000637 0.000637 0.000637 0.000637 0.000637 0.000637 0.000637 0.000637 0.000637 0.000637 0.000636 0.000634 0.000631 0.000626 0.000615 0.000597 0.000567 0.000521 0.000456 0.000369 0.000260 0.000135 0.000000 
50.000000 40.023662 30.670370 22.446648 15.662228 10.406527 6.579634 3.957461 2.264533 1.233224 0.639541 0.316097 0.149064 0.067174 0.029000 0.012055 0.004881 0.001980 0.000859 0.000443 0.000296 0.000246 0.000229 0.000224 0.000222 0.000222 0.000222 0.000222 0.000222 0.000222 0.000222 0.000222 0.000222 0.000222 0.000222 0.000222 0.000222 0.000221 0.000221 0.000220 0.000218 0.000214 0.000207 0.000197 0.000181 0.000158 0.000128 0.000090 0.000047 0.000000 
50.000000 40.023633 30.670313 22.446566 15.662126 10.406410 6.579506 3.957325 2.264392 1.233080 0.639396 0.315950 0.148917 0.067027 0.028853 0.011907 0.004733 0.001833 0.000711 0.000296 0.000148 0.000098 0.000082 0.000076 0.000075 0.000074 0.000074 0.000074 0.000074 0.000074 0.000074 0.000074 0.000074 0.000074 0.000074 0.000074 0.000074 0.000074 0.000074 0.000074 0.000073 0.000072 0.000069 0.000066 0.000060 0.000053 0.000043 0.000030 0.000016 0.000000 
50.000000 40.023623 30.670294 22.446539 15.662091 10.406370 6.579462 3.957279 2.264344 1.233031 0.639346 0.315900 0.148867 0.066976 0.028803 0.011857 0.004683 0.001783 0.000661 0.000246 0.000098 0.000048 0.000031 0.000026 0.000025 0.000024 0.000024 0.000024 0.000024 0.000024 0.000024 0.000024 0.000024 0.000024 0.000024 0.000024 0.000024 0.000024 0.000024 0.000024 0.000023 0.000023 0.000022 0.000021 0.000019 0.000017 0.000014 0.000010 0.000005 0.000000 
50.000000 40.023619 30.670287 22.446529 15.662080 10.406357 6.579448 3.957264 2.264328 1.233015 0.639330 0.315884 0.148850 0.066960 0.028786 0.011840 0.004667 0.001766 0.000644 0.000229 0.000082 0.000031 0.000015 0.000010 0.000008 0.000008 0.000007 0.000007 0.000007 0.000007 0.000007 0.000007 0.000007 0.000007 0.000007 0.000007 0.000007 0.000007 0.000007 0.000007 0.000007 0.000007 0.000007 0.000007 0.000006 0.000005 0.000004 0.000003 0.000002 0.000000 
50.000000 40.023618 30.670285 22.446527 15.662076 10.406353 6.579443 3.957259 2.264323 1.233010 0.639325 0.315878 0.148845 0.066955 0.028781 0.011835 0.004661 0.001761 0.000639 0.000224 0.000076 0.000026 0.000010 0.000004 0.000003 0.000002 0.000002 0.000002 0.000002 0.000002 0.000002 0.000002 0.000002 0.000002 0.000002 0.000002 0.000002 0.000002 0.000002 0.000002 0.000002 0.000002 0.000002 0.000002 0.000002 0.000002 0.000001 0.000001 0.000000 0.000000 
50.000000 40.023618 30.670285 22.446526 15.662075 10.406352 6.579442 3.957258 2.264321 1.233009 0.639323 0.315877 0.148844 0.066953 0.028780 0.011834 0.004660 0.001759 0.000638 0.000223 0.000075 0.000025 0.000008 0.000003 0.000001 0.000001 0.000001 0.000001 0.000001 0.000001 0.000001 0.000001 0.000001 0.000001 0.000001 0.000001 0.000001 0.000001 0.000001 0.000001 0.000001 0.000001 0.000001 0.000001 0.000001 0.000001 0.000000 0.000000 0.000000 0.000000 
50.000000 40.023618 30.670285 22.446526 15.662075 10.406352 6.579442 3.957258 2.264321 1.233009 0.639323 0.315877 0.148844 0.066953 0.028780 0.011834 0.004660 0.001759 0.000638 0.000223 0.000075 0.000025 0.000008 0.000003 0.000001 0.000001 0.000001 0.000001 0.000001 0.000001 0.000001 0.000001 0.000001 0.000001 0.000001 0.000001 0.000001 0.000001 0.000001 0.000001 0.000001 0.000001 0.000001 0.000001 0.000001 0.000001 0.000000 0.000000 0.000000 0.000000 
50.000000 40.023618 30.670285 22.446527 15.662076 10.406353 6.579443 3.957259 2.264323 1.233010 0.639325 0.315878 0.148845 0.066955 0.028781 0.011835 0.004661 0.001761 0.000639 0.000224 0.000076 0.000026 0.000010 0.000004 0.000003 0.000002 0.000002 0.000002 0.000002 0.000002 0.000002 0.000002 0.000002 0.000002 0.000002 0.000002 0.000002 0.000002 0.000002 0.000002 0.000002 0.000002 0.000002 0.000002 0.000002 0.000002 0.000001 0.000001 0.000000 0.000000 
50.000000 40.023619 30.670287 22.446529 15.662080 10.406357 6.579448 3.957264 2.264328 1.233015 0.639330 0.315884 0.148850 0.066960 0.028786 0.011840 0.004667 0.001766 0.000644 0.000229 0.000082 0.000031 0.000015 0.000010 0.000008 0.000008 0.000007 0.000007 0.000007 0.000007 0.000007 0.000007 0.000007 0.000007 0.000007 0.000007 0.000007 0.000007 0.000007 0.000007 0.000007 0.000007 0.000007 0.000007 0.000006 0.000005 0.000004 0.000003 0.000002 0.000000 
50.000000 40.023623 30.670294 22.446539 15.662091 10.406370 6.579462 3.957279 2.264344 1.233031 0.639346 0.315900 0.148867 0.066976 0.028803 0.011857 0.004683 0.001783 0.000661 0.000246 0.000098 0.000048 0.000031 0.000026 0.000025 0.000024 0.000024 0.000024 0.000024 0.000024 0.000024 0.000024 0.000024 0.000024 0.000024 0.000024 0.000024 0.000024 0.000024 0.000024 0.000023 0.000023 0.000022 0.000021 0.000019 0.000017 0.000014 0.000010 0.000005 0.000000 
50.000000 40.023633 30.670313 22.446566 15.662126 10.406410 6.579506 3.957325 2.264392 1.233080 0.639396 0.315950 0.148917 0.067027 0.028853 0.011907 0.004733 0.001833 0.000711 0.000296 0.000148 0.000098 0.000082 0.000076 0.000075 0.000074 0.000074 0.000074 0.000074 0.000074 0.000074 0.000074 0.000074 0.000074 0.000074 0.000074 0.000074 0.000074 0.000074 0.000074 0.000073 0.000072 0.000069 0.000066 0.000060 0.000053 0.000043 0.000030 0.000016 0.000000 
50.000000 40.023662 30.670370 22.446648 15.662228 10.406527 6.579634 3.957461 2.264533 1.233224 0.639541 0.316097 0.149064 0.067174 0.029000 0.012055 0.004881 0.001980 0.000859 0.000443 0.000296 0.000246 0.000229 0.000224 0.000222 0.000222 0.000222 0.000222 0.000222 0.000222 0.000222 0.000222 0.000222 0.000222 0.000222 0.000222 0.000222 0.000221 0.000221 0.000220 0.000218 0.000214 0.000207 0.000197 0.000181 0.000158 0.000128 0.000090 0.000047 0.000000 
50.000000 40.023746 30.670532 22.446878 15.662514 10.406857 6.579996 3.957844 2.264930 1.233630 0.639952 0.316509 0.149478 0.067589 0.029415 0.012470 0.005296 0.002396 0.001274 0.000859 0.000711 0.000661 0.000644 0.000639 0.000638 0.000637 0.000637 0.000637 0.000637 0.000637 0.000637 0.000637 0.000637 0.000637 0.000637 0.000637 0.000637 0.000636 0.000634 0.000631 0.000626 0.000615 0.000597 0.000567 0.000521 0.000456 0.000369 0.000260 0.000135 0.000000 
50.000000 40.023970 30.670967 22.447498 15.663287 10.407748 6.580972 3.958879 2.266001 1.234724 0.641059 0.317624 0.150597 0.068709 0.030536 0.013591 0.006418 0.003517 0.002396 0.001980 0.001833 0.001783 0.001766 0.001761 0.001759 0.001759 0.001759 0.001759 0.001759 0.001759 0.001759 0.001759 0.001759 0.001759 0.001758 0.001758 0.001757 0.001755 0.001752 0.001743 0.001728 0.001699 0.001648 0.001566 0.001441 0.001262 0.001021 0.000722 0.000374 0.000000 
50.000000 40.024552 30.672093 22.449102 15.665285 10.410050 6.583495 3.961553 2.268773 1.237555 0.643924 0.320507 0.153489 0.071606 0.033435 0.016491 0.009318 0.006418 0.005296 0.004881 0.004733 0.004683 0.004667 0.004661 0.004660 0.004659 0.004659 0.004659 0.004659 0.004659 0.004659 0.004659 0.004659 0.004659 0.004659 0.004658 0.004656 0.004651 0.004641 0.004620 0.004579 0.004503 0.004372 0.004157 0.003827 0.003353 0.002717 0.001921 0.000997 0.000000 
50.000000 40.025988 30.674876 22.453068 15.670225 10.415743 6.589736 3.968167 2.275628 1.244556 0.651008 0.327637 0.160642 0.078770 0.040605 0.023663 0.016491 0.013591 0.012470 0.012055 0.011907 0.011857 0.011840 0.011835 0.011834 0.011833 0.011833 0.011833 0.011833 0.011833 0.011833 0.011833 0.011833 0.011833 0.011832 0.011830 0.011825 0.011813 0.011788 0.011736 0.011635 0.011447 0.011119 0.010580 0.009749 0.008549 0.006933 0.004907 0.002547 0.000000 
50.000000 40.029381 30.681448 22.462432 15.681890 10.429188 6.604473 3.983789 2.291818 1.261091 0.667742 0.344478 0.177539 0.095694 0.057541 0.040605 0.033435 0.030536 0.029415 0.029000 0.028853 0.028803 0.028786 0.028781 0.028779 0.028779 0.028779 0.028779 0.028779 0.028779 0.028779 0.028779 0.028778 0.028778 0.028776 0.028771 0.028759 0.028732 0.028673 0.028552 0.028312 0.027866 0.027084 0.025792 0.023790 0.020886 0.016958 0.012014 0.006241 0.000000 
50.000000 40.037020 30.696245 22.483520 15.708160 10.459467 6.637666 4.018974 2.328286 1.298339 0.705437 0.382416 0.215602 0.133818 0.095694 0.078770 0.071606 0.068709 0.067589 0.067174 0.067027 0.066976 0.066960 0.066955 0.066953 0.066953 0.066953 0.066953 0.066952 0.066952 0.066952 0.066952 0.066952 0.066950 0.066946 0.066935 0.066909 0.066850 0.066719 0.066446 0.065907 0.064900 0.063123 0.060170 0.055567 0.048853 0.039722 0.028177 0.014651 0.000000 
50.000000 40.053400 30.727977 22.528741 15.764498 10.524407 6.708859 4.094444 2.406511 1.378238 0.786298 0.463800 0.297254 0.215602 0.177539 0.160642 0.153489 0.150597 0.149478 0.149064 0.148917 0.148867 0.148850 0.148845 0.148844 0.148843 0.148843 0.148843 0.148843 0.148843 0.148843 0.148842 0.148841 0.148838 0.148829 0.148807 0.148753 0.148627 0.148351 0.147772 0.146623 0.144461 0.140621 0.134198 0.124116 0.109307 0.089033 0.063255 0.032926 0.000000 
50.000000 40.086797 30.792678 22.620949 15.879381 10.656836 6.854047 4.248361 2.566054 1.541201 0.951226 0.629795 0.463800 0.382416 0.344478 0.327637 0.320507 0.317624 0.316509 0.316097 0.315950 0.315900 0.315884 0.315878 0.315877 0.315876 0.315876 0.315876 0.315876 0.315876 0.315876 0.315875 0.315873 0.315866 0.315849 0.315805 0.315698 0.315449 0.314897 0.313736 0.311415 0.307017 0.299148 0.285882 0.264879 0.233771 0.190834 0.135853 0.070815 0.000000 
50.000000 40.151445 30.917923 22.799448 16.101784 10.913220 7.135147 4.546374 2.874971 1.856750 1.270584 0.951226 0.786298 0.705437 0.667742 0.651008 0.643924 0.641059 0.639952 0.639541 0.639396 0.639346 0.639330 0.639325 0.639323 0.639323 0.639323 0.639322 0.639322 0.639322 0.639322 0.639320 0.639316 0.639304 0.639272 0.639191 0.638991 0.638526 0.637489 0.635292 0.630867 0.622420 0.607169 0.581213 0.539705 0.477582 0.390970 0.279053 0.145730 0.000000 
50.000000 40.270066 31.147736 23.126989 16.509906 11.383720 7.651027 5.093316 3.441944 2.435909 1.856750 1.541201 1.378238 1.298339 1.261091 1.244556 1.237555 1.234724 1.233630 1.233224 1.233080 1.233031 1.233015 1.233010 1.233008 1.233008 1.233008 1.233008 1.233008 1.233007 1.233007 1.233004 1.232997 1.232976 1.232921 1.232779 1.232432 1.231616 1.229787 1.225882 1.217955 1.202681 1.174825 1.126878 1.049260 0.931601 0.765454 0.548227 0.287025 0.000000 
50.000000 40.476062 31.546834 23.695822 17.218708 12.200892 8.547055 6.043333 4.426785 3.441944 2.874971 2.566054 2.406511 2.328286 2.291818 2.275628 2.268773 2.266001 2.264930 2.264533 2.264392 2.264344 2.264328 2.264323 2.264321 2.264321 2.264321 2.264321 2.264320 2.264320 2.264319 2.264315 2.264303 2.264270 2.264181 2.263952 2.263386 2.262050 2.259037 2.252551 2.239263 2.213393 2.165648 2.082360 1.945528 1.734789 1.432310 1.030662 0.541518 0.000000 
50.000000 40.814112 32.201790 24.629354 18.381990 13.542085 10.017728 7.602673 6.043333 5.093316 4.546374 4.248361 4.094444 4.018974 3.983789 3.968167 3.961553 3.958879 3.957844 3.957461 3.957325 3.957279 3.957264 3.957259 3.957257 3.957257 3.957257 3.957257 3.957256 3.957256 3.957254 3.957248 3.957230 3.957181 3.957048 3.956705 3.955851 3.953823 3.949212 3.939204 3.918491 3.877685 3.801337 3.666032 3.439724 3.084197 2.563033 1.856449 0.980439 0.000000 
50.000000 41.337581 33.216002 26.074985 20.183461 15.619142 12.295385 10.017728 8.547055 7.651027 7.135147 6.854047 6.708859 6.637666 6.604473 6.589736 6.583495 6.580972 6.579996 6.579634 6.579506 6.579462 6.579448 6.579443 6.579442 6.579441 6.579441 6.579441 6.579441 6.579440 6.579437 6.579429 6.579405 6.579338 6.579155 6.578681 6.577496 6.574661 6.568165 6.553934 6.524149 6.464695 6.351696 6.147692 5.799002 5.237430 4.391275 3.210920 1.709208 0.000000 
50.000000 42.101375 34.695863 28.184387 22.812164 18.650073 15.619142 13.542085 12.200892 11.383720 10.913220 10.656836 10.524407 10.459467 10.429188 10.415743 10.410050 10.407748 10.406857 10.406527 10.406410 10.406370 10.406357 10.406353 10.406352 10.406351 10.406351 10.406351 10.406351 10.406350 10.406346 10.406336 10.406307 10.406223 10.405995 10.405398 10.403900 10.400291 10.391957 10.373515 10.334460 10.255364 10.102361 9.820140 9.325037 8.502479 7.217489 5.352395 2.885800 0.000000 
50.000000 43.150135 36.727874 31.080883 26.421818 22.812164 20.183461 18.381990 17.218708 16.509906 16.101784 15.879381 15.764498 15.708160 15.681890 15.670225 15.665285 15.663287 15.662514 15.662228 15.662126 15.662091 15.662080 15.662076 15.662075 15.662075 15.662075 15.662075 15.662074 15.662073 15.662069 15.662058 15.662025 15.661931 15.661676 15.661003 15.659306 15.655191 15.645611 15.624202 15.578305 15.483919 15.297793 14.946031 14.309686 13.210909 11.410902 8.647522 4.766561 0.000000 
50.000000 44.503733 39.350545 34.819384 31.080883 28.184387 26.074985 24.629354 23.695822 23.126989 22.799448 22.620949 22.528741 22.483520 22.462432 22.453068 22.449102 22.447498 22.446878 22.446648 22.446566 22.446539 22.446529 22.446527 22.446526 22.446525 22.446525 22.446525 22.446525 22.446524 22.446520 22.446509 22.446477 22.446386 22.446135 22.445474 22.443798 22.439708 22.430115 22.408478 22.361535 22.263513 22.066321 21.683710 20.966898 19.669981 17.409692 13.650891 7.837761 0.000000 
50.000000 46.144296 42.529252 39.350545 36.727874 34.695863 33.216002 32.201790 31.546834 31.147736 30.917923 30.792678 30.727977 30.696245 30.681448 30.674876 30.672093 30.670967 30.670532 30.670370 30.670313 30.670294 30.670287 30.670285 30.670285 30.670284 30.670284 30.670284 30.670284 30.670283 30.670280 30.670271 30.670246 30.670172 30.669969 30.669433 30.668069 30.664723 30.656825 30.638870 30.599509 30.516173 30.345341 30.005082 29.343468 28.080351 25.699654 21.264626 13.220556 0.000000 
50.000000 48.010048 46.144296 44.503733 43.150135 42.101375 41.337581 40.814112 40.476062 40.270066 40.151445 40.086797 40.053400 40.037020 40.029381 40.025988 40.024552 40.023970 40.023746 40.023662 40.023633 40.023623 40.023619 40.023618 40.023618 40.023618 40.023618 40.023618 40.023618 40.023617 40.023616 40.023611 40.023596 40.023555 40.023441 40.023139 40.022369 40.020474 40.015983 40.005715 39.983041 39.934544 39.833673 39.628372 39.215575 38.383574 36.665972 32.923741 24.005024 0.000000 
50.000000 50.000000 50.000000 50.000000 50.000000 50.000000 50.000000 50.000000 50.000000 50.000000 50.000000 50.000000 50.000000 50.000000 50.000000 50.000000 50.000000 50.000000 50.000000 50.000000 50.000000 50.000000 50.000000 50.000000 50.000000 50.000000 50.000000 50.000000 50.000000 50.000000 50.000000 50.000000 50.000000 50.000000 50.000000 50.000000 50.000000 50.000000 50.000000 50.000000 50.000000 50.000000 50.000000 50.000000 50.000000 50.000000 50.000000 50.000000 50.000000 50.000000 
