50.000000 50.000000 50.000000 50.000000 50.000000 50.000000 50.000000 50.000000 50.000000 50.000000 50.000000 50.000000 50.000000 50.000000 50.000000 50.000000 50.000000 50.000000 50.000000 50.000000 50.000000 50.000000 50.000000 50.000000 50.000000 50.000000 50.000000 50.000000 50.000000 50.000000 50.000000 50.000000 50.000000 50.000000 50.000000 50.000000 50.000000 50.000000 50.000000 50.000000 50.000000 50.000000 50.000000 50.000000 50.000000 50.000000 50.000000 50.000000 50.000000 50.000000 
50.000000 48.721323 47.493962 46.363062 45.362659 44.512871 43.819534 43.276016 42.866492 42.569788 42.362989 42.224261 42.134640 42.078854 42.045376 42.025996 42.015166 42.009320 42.006271 42.004733 42.003983 42.003628 42.003465 42.003393 42.003362 42.003348 42.003341 42.003335 42.003324 42.003300 42.003244 42.003119 42.002844 42.002258 42.001039 41.998568 41.993689 41.984285 41.966576 41.933939 41.874915 41.769806 41.584566 41.259145 40.683211 39.640164 37.662821 33.616789 24.360661 0.000000 
50.000000 47.493962 45.088500 42.872090 40.911441 39.245979 37.887144 36.821936 36.019338 35.437851 35.032565 34.760686 34.585048 34.475721 34.410113 34.372131 34.350907 34.339453 34.333478 34.330464 34.328992 34.328297 34.327978 34.327837 34.327776 34.327749 34.327736 34.327724 34.327703 34.327658 34.327554 34.327322 34.326812 34.325725 34.323468 34.318905 34.309915 34.292642 34.260246 34.200851 34.094191 33.906096 33.579217 33.016880 32.053771 30.400746 27.540297 22.544250 13.877173 0.000000 
50.000000 46.363062 42.872090 39.655492 36.810078 34.393069 32.421064 30.875194 29.710442 28.866579 28.278428 27.883880 27.629000 27.470349 27.375142 27.320027 27.289229 27.272607 27.263937 27.259564 27.257429 27.256420 27.255958 27.255753 27.255664 27.255625 27.255606 27.255590 27.255562 27.255502 27.255364 27.255055 27.254379 27.252941 27.249964 27.243963 27.232185 27.209665 27.167684 27.091314 26.955567 26.719428 26.316663 25.641697 24.528230 22.718608 19.827746 15.331793 8.700241 0.000000 
50.000000 45.362659 40.911441 36.810078 33.182015 30.100209 27.585822 25.614791 24.129710 23.053781 22.303896 21.800858 21.475896 21.273627 21.152246 21.081980 21.042717 21.021527 21.010474 21.004899 21.002177 21.000891 21.000302 21.000041 20.999927 20.999878 20.999855 20.999835 20.999804 20.999736 20.999580 20.999232 20.998473 20.996864 20.993541 20.986873 20.973848 20.949094 20.903294 20.820760 20.675809 20.427551 20.012649 19.335853 18.258894 16.591007 14.091470 10.510695 5.722495 0.000000 
50.000000 44.512871 39.245979 34.393069 30.100209 26.453724 23.478650 21.146509 19.389368 18.116349 17.229111 16.633943 16.249473 16.010166 15.866563 15.783434 15.736985 15.711916 15.698841 15.692246 15.689027 15.687505 15.686808 15.686499 15.686365 15.686308 15.686280 15.686260 15.686227 15.686158 15.686001 15.685650 15.684889 15.683278 15.679966 15.673350 15.660502 15.636248 15.591747 15.512369 15.374726 15.142706 14.762650 14.158243 13.226862 11.841315 9.864839 7.192208 3.829660 0.000000 
50.000000 43.819534 37.887144 32.421064 27.585822 23.478650 20.127743 17.501015 15.521943 14.088158 13.088888 12.418579 11.985576 11.716067 11.554343 11.460726 11.408417 11.380187 11.365464 11.358037 11.354412 11.352699 11.351915 11.351566 11.351416 11.351351 11.351321 11.351300 11.351270 11.351205 11.351059 11.350736 11.350035 11.348557 11.345534 11.339523 11.327921 11.306178 11.266625 11.196807 11.077258 10.878815 10.559790 10.063871 9.320407 8.249969 6.779367 4.870264 2.560389 0.000000 
50.000000 43.276016 36.821936 30.875194 25.614791 21.146509 17.501015 14.643395 12.490386 10.930610 9.843547 9.114359 8.643330 8.350158 8.174239 8.072407 8.015509 7.984804 7.968789 7.960711 7.956769 7.954906 7.954053 7.953674 7.953510 7.953441 7.953409 7.953389 7.953361 7.953305 7.953180 7.952902 7.952302 7.951042 7.948477 7.943404 7.933673 7.915567 7.882914 7.825857 7.729329 7.571373 7.321698 6.941225 6.383859 5.602142 4.558531 3.242719 1.691450 0.000000 
50.000000 42.866492 36.019338 29.710442 24.129710 19.389368 15.521943 12.490386 10.206355 8.551679 7.398494 6.624964 6.125300 5.814312 5.627705 5.519689 5.459337 5.426768 5.409782 5.401215 5.397034 5.395058 5.394153 5.393751 5.393578 5.393504 5.393472 5.393452 5.393429 5.393383 5.393282 5.393058 5.392576 5.391570 5.389529 5.385514 5.377860 5.363721 5.338431 5.294664 5.221445 5.103177 4.919013 4.643128 4.246662 3.702159 2.991014 2.113242 1.096686 0.000000 
50.000000 42.569788 35.437851 28.866579 23.053781 18.116349 14.088158 10.930610 8.551679 6.828272 5.627203 4.821565 4.301169 3.977283 3.782940 3.670448 3.607596 3.573679 3.555990 3.547069 3.542715 3.540657 3.539715 3.539297 3.539116 3.539040 3.539007 3.538989 3.538970 3.538935 3.538857 3.538687 3.538322 3.537563 3.536031 3.533032 3.527350 3.516924 3.498422 3.466687 3.414136 3.330233 3.201280 3.010899 2.741623 2.377972 1.911012 1.343660 0.694873 0.000000 
50.000000 42.362989 35.032565 28.278428 22.303896 17.229111 13.088888 9.843547 7.398494 5.627203 4.392776 3.564774 3.029938 2.697069 2.497340 2.381732 2.317140 2.282285 2.264107 2.254939 2.250465 2.248351 2.247382 2.246953 2.246767 2.246690 2.246656 2.246640 2.246624 2.246598 2.246542 2.246419 2.246158 2.245615 2.244524 2.242401 2.238399 2.231104 2.218252 2.196388 2.160516 2.103829 2.017690 1.892081 1.716742 1.483136 1.187114 0.831715 0.429051 0.000000 
50.000000 42.224261 34.760686 27.883880 21.800858 16.633943 12.418579 9.114359 6.624964 4.821565 3.564774 2.721778 2.177263 1.838375 1.635036 1.517340 1.451583 1.416099 1.397594 1.388261 1.383706 1.381554 1.380568 1.380131 1.379942 1.379863 1.379830 1.379814 1.379802 1.379784 1.379745 1.379661 1.379482 1.379113 1.378374 1.376943 1.374259 1.369397 1.360889 1.346522 1.323144 1.286533 1.231445 1.151954 1.042197 0.897564 0.716196 0.500440 0.257685 0.000000 
50.000000 42.134640 34.585048 27.629000 21.475896 16.249473 11.985576 8.643330 6.125300 4.301169 3.029938 2.177263 1.626502 1.283729 1.078060 0.959018 0.892509 0.856620 0.837903 0.828464 0.823857 0.821680 0.820684 0.820242 0.820051 0.819971 0.819938 0.819923 0.819914 0.819901 0.819875 0.819820 0.819703 0.819464 0.818986 0.818065 0.816347 0.813251 0.807866 0.798834 0.784245 0.761579 0.727763 0.679398 0.613224 0.526802 0.419335 0.292406 0.150355 0.000000 
50.000000 42.078854 34.475721 27.470349 21.273627 16.010166 11.716067 8.350158 5.814312 3.977283 2.697069 1.838375 1.283729 0.938539 0.731423 0.611543 0.544567 0.508427 0.489579 0.480073 0.475434 0.473243 0.472239 0.471794 0.471602 0.471521 0.471488 0.471474 0.471466 0.471458 0.471441 0.471407 0.471334 0.471185 0.470890 0.470323 0.469270 0.467381 0.464115 0.458671 0.449933 0.436452 0.416486 0.388146 0.349665 0.299779 0.238164 0.165806 0.085165 0.000000 
50.000000 42.045376 34.410113 27.375142 21.152246 15.866563 11.554343 8.174239 5.627705 3.782940 2.497340 1.635036 1.078060 0.731423 0.523439 0.403058 0.335802 0.299510 0.280584 0.271039 0.266381 0.264180 0.263172 0.262725 0.262532 0.262452 0.262419 0.262405 0.262398 0.262392 0.262382 0.262362 0.262318 0.262230 0.262055 0.261720 0.261100 0.259995 0.258093 0.254939 0.249907 0.242191 0.230835 0.214820 0.193213 0.165374 0.131179 0.091207 0.046808 0.000000 
50.000000 42.025996 34.372131 27.320027 21.081980 15.783434 11.460726 8.072407 5.519689 3.670448 2.381732 1.517340 0.959018 0.611543 0.403058 0.282386 0.214969 0.178590 0.159618 0.150051 0.145381 0.143175 0.142165 0.141717 0.141524 0.141443 0.141410 0.141397 0.141391 0.141386 0.141380 0.141368 0.141343 0.141293 0.141193 0.141003 0.140653 0.140031 0.138966 0.137208 0.134417 0.130160 0.123930 0.115192 0.103468 0.088439 0.070063 0.048663 0.024957 0.000000 
50.000000 42.015166 34.350907 27.289229 21.042717 15.736985 11.408417 8.015509 5.459337 3.607596 2.317140 1.451583 0.892509 0.544567 0.335802 0.214969 0.147461 0.111034 0.092037 0.082456 0.077781 0.075572 0.074560 0.074111 0.073918 0.073837 0.073805 0.073791 0.073786 0.073783 0.073779 0.073772 0.073758 0.073731 0.073676 0.073572 0.073382 0.073045 0.072470 0.071526 0.070033 0.067767 0.064467 0.059860 0.053707 0.045854 0.036288 0.025183 0.012908 0.000000 
50.000000 42.009320 34.339453 27.272607 21.021527 15.711916 11.380187 7.984804 5.426768 3.573679 2.282285 1.416099 0.856620 0.508427 0.299510 0.178590 0.111034 0.074580 0.055570 0.045982 0.041304 0.039093 0.038081 0.037631 0.037438 0.037357 0.037324 0.037311 0.037306 0.037303 0.037301 0.037298 0.037290 0.037275 0.037247 0.037192 0.037092 0.036916 0.036617 0.036128 0.035357 0.034192 0.032502 0.030153 0.027028 0.023053 0.018228 0.012641 0.006476 0.000000 
50.000000 42.006271 34.333478 27.263937 21.010474 15.698841 11.365464 7.968789 5.409782 3.555990 2.264107 1.397594 0.837903 0.489579 0.280584 0.159619 0.092037 0.055570 0.036552 0.026961 0.022281 0.020069 0.019057 0.018607 0.018414 0.018333 0.018300 0.018287 0.018282 0.018280 0.018278 0.018276 0.018272 0.018265 0.018250 0.018223 0.018172 0.018083 0.017933 0.017688 0.017304 0.016724 0.015887 0.014728 0.013191 0.011242 0.008882 0.006156 0.003153 0.000000 
50.000000 42.004734 34.330464 27.259564 21.004899 15.692246 11.358037 7.960712 5.401215 3.547069 2.254939 1.388261 0.828464 0.480074 0.271039 0.150051 0.082457 0.045983 0.026961 0.017369 0.012687 0.010475 0.009463 0.009013 0.008820 0.008739 0.008706 0.008693 0.008688 0.008686 0.008685 0.008684 0.008682 0.008678 0.008671 0.008657 0.008633 0.008590 0.008517 0.008398 0.008212 0.007934 0.007532 0.006978 0.006245 0.005319 0.004200 0.002909 0.001490 0.000000 
50.000000 42.003983 34.328993 27.257429 21.002178 15.689027 11.354413 7.956770 5.397035 3.542716 2.250466 1.383707 0.823858 0.475436 0.266382 0.145382 0.077782 0.041305 0.022282 0.012688 0.008006 0.005794 0.004781 0.004332 0.004138 0.004057 0.004025 0.004012 0.004007 0.004005 0.004004 0.004003 0.004002 0.004000 0.003997 0.003991 0.003979 0.003959 0.003924 0.003869 0.003782 0.003652 0.003466 0.003209 0.002870 0.002443 0.001928 0.001335 0.000683 0.000000 
50.000000 42.003628 34.328298 27.256421 21.000893 15.687507 11.352701 7.954908 5.395060 3.540660 2.248353 1.381557 0.821683 0.473245 0.264183 0.143178 0.075575 0.039096 0.020072 0.010478 0.005796 0.003583 0.002571 0.002121 0.001928 0.001847 0.001814 0.001801 0.001796 0.001794 0.001793 0.001793 0.001792 0.001792 0.001790 0.001787 0.001782 0.001773 0.001757 0.001732 0.001692 0.001634 0.001550 0.001434 0.001282 0.001091 0.000860 0.000595 0.000305 0.000000 
50.000000 42.003467 34.327981 27.255962 21.000307 15.686814 11.351921 7.954059 5.394160 3.539722 2.247390 1.380576 0.820692 0.472247 0.263180 0.142173 0.074568 0.038088 0.019064 0.009470 0.004788 0.002576 0.001563 0.001113 0.000920 0.000839 0.000806 0.000793 0.000788 0.000786 0.000786 0.000785 0.000785 0.000785 0.000784 0.000783 0.000780 0.000776 0.000769 0.000758 0.000741 0.000715 0.000678 0.000627 0.000560 0.000476 0.000376 0.000260 0.000133 0.000000 
50.000000 42.003397 34.327844 27.255762 21.000053 15.686514 11.351583 7.953692 5.393770 3.539316 2.246973 1.380151 0.820262 0.471814 0.262746 0.141737 0.074132 0.037652 0.018628 0.009034 0.004351 0.002139 0.001126 0.000677 0.000483 0.000402 0.000370 0.000357 0.000352 0.000350 0.000349 0.000349 0.000349 0.000348 0.000348 0.000348 0.000346 0.000345 0.000341 0.000336 0.000329 0.000317 0.000300 0.000278 0.000248 0.000211 0.000166 0.000115 0.000059 0.000000 
50.000000 42.003371 34.327793 27.255689 20.999960 15.686403 11.351458 7.953556 5.393626 3.539167 2.246819 1.379995 0.820104 0.471655 0.262586 0.141577 0.073972 0.037492 0.018467 0.008873 0.004191 0.001978 0.000966 0.000516 0.000323 0.000242 0.000209 0.000196 0.000191 0.000189 0.000188 0.000188 0.000188 0.000188 0.000188 0.000187 0.000187 0.000186 0.000184 0.000181 0.000177 0.000171 0.000162 0.000150 0.000134 0.000113 0.000089 0.000062 0.000032 0.000000 
50.000000 42.003371 34.327793 27.255689 20.999960 15.686403 11.351458 7.953556 5.393626 3.539167 2.246819 1.379995 0.820104 0.471655 0.262586 0.141577 0.073972 0.037492 0.018467 0.008873 0.004191 0.001978 0.000966 0.000516 0.000323 0.000242 0.000209 0.000196 0.000191 0.000189 0.000188 0.000188 0.000188 0.000188 0.000188 0.000187 0.000187 0.000186 0.000184 0.000181 0.000177 0.000171 0.000162 0.000150 0.000134 0.000113 0.000089 0.000062 0.000032 0.000000 
50.000000 42.003397 34.327844 27.255762 21.000053 15.686514 11.351583 7.953692 5.393770 3.539316 2.246973 1.380151 0.820262 0.471814 0.262746 0.141737 0.074132 0.037652 0.018628 0.009034 0.004351 0.002139 0.001126 0.000677 0.000483 0.000402 0.000370 0.000357 0.000352 0.000350 0.000349 0.000349 0.000349 0.000348 0.000348 0.000348 0.000346 0.000345 0.000341 0.000336 0.000329 0.000317 0.000300 0.000278 0.000248 0.000211 0.000166 0.000115 0.000059 0.000000 
50.000000 42.003467 34.327981 27.255962 21.000307 15.686814 11.351921 7.954059 5.394160 3.539722 2.247390 1.380576 0.820692 0.472247 0.263180 0.142173 0.074568 0.038088 0.019064 0.009470 0.004788 0.002576 0.001563 0.001113 0.000920 0.000839 0.000806 0.000793 0.000788 0.000786 0.000786 0.000785 0.000785 0.000785 0.000784 0.000783 0.000780 0.000776 0.000769 0.000758 0.000741 0.000715 0.000678 0.000627 0.000560 0.000476 0.000376 0.000260 0.000133 0.000000 
50.000000 42.003628 34.328298 27.256421 21.000893 15.687507 11.352701 7.954908 5.395060 3.540660 2.248353 1.381557 0.821683 0.473245 0.264183 0.143178 0.075575 0.039096 0.020072 0.010478 0.005796 0.003583 0.002571 0.002121 0.001928 0.001847 0.001814 0.001801 0.001796 0.001794 0.001793 0.001793 0.001792 0.001792 0.001790 0.001787 0.001782 0.001773 0.001757 0.001732 0.001692 0.001634 0.001550 0.001434 0.001282 0.001091 0.000860 0.000595 0.000305 0.000000 
50.000000 42.003983 34.328993 27.257429 21.002178 15.689027 11.354413 7.956770 5.397035 3.542716 2.250466 1.383707 0.823858 0.475436 0.266382 0.145382 0.077782 0.041305 0.022282 0.012688 0.008006 0.005794 0.004781 0.004332 0.004138 0.004057 0.004025 0.004012 0.004007 0.004005 0.004004 0.004003 0.004002 0.004000 0.003997 0.003991 0.003979 0.003959 0.003924 0.003869 0.003782 0.003652 0.003466 0.003209 0.002870 0.002443 0.001928 0.001335 0.000683 0.000000 
50.000000 42.004734 34.330464 27.259564 21.004899 15.692246 11.358037 7.960712 5.401215 3.547069 2.254939 1.388261 0.828464 0.480074 0.271039 0.150051 0.082457 0.045983 0.026961 0.017369 0.012687 0.010475 0.009463 0.009013 0.008820 0.008739 0.008706 0.008693 0.008688 0.008686 0.008685 0.008684 0.008682 0.008678 0.008671 0.008657 0.008633 0.008590 0.008517 0.008398 0.008212 0.007934 0.007532 0.006978 0.006245 0.005319 0.004200 0.002909 0.001490 0.000000 
50.000000 42.006271 34.333478 27.263937 21.010474 15.698841 11.365464 7.968789 5.409782 3.555990 2.264107 1.397594 0.837903 0.489579 0.280584 0.159619 0.092037 0.055570 0.036552 0.026961 0.022281 0.020069 0.019057 0.018607 0.018414 0.018333 0.018300 0.018287 0.018282 0.018280 0.018278 0.018276 0.018272 0.018265 0.018250 0.018223 0.018172 0.018083 0.017933 0.017688 0.017304 0.016724 0.015887 0.014728 0.013191 0.011242 0.008882 0.006156 0.003153 0.000000 
50.000000 42.009320 34.339453 27.272607 21.021527 15.711916 11.380187 7.984804 5.426768 3.573679 2.282285 1.416099 0.856620 0.508427 0.299510 0.178590 0.111034 0.074580 0.055570 0.045982 0.041304 0.039093 0.038081 0.037631 0.037438 0.037357 0.037324 0.037311 0.037306 0.037303 0.037301 0.037298 0.037290 0.037275 0.037247 0.037192 0.037092 0.036916 0.036617 0.036128 0.035357 0.034192 0.032502 0.030153 0.027028 0.023053 0.018228 0.012641 0.006476 0.000000 
50.000000 42.015166 34.350907 27.289229 21.042717 15.736985 11.408417 8.015509 5.459337 3.607596 2.317140 1.451583 0.892509 0.544567 0.335802 0.214969 0.147461 0.111034 0.092037 0.082456 0.077781 0.075572 0.074560 0.074111 0.073918 0.073837 0.073805 0.073791 0.073786 0.073783 0.073779 0.073772 0.073758 0.073731 0.073676 0.073572 0.073382 0.073045 0.072470 0.071526 0.070033 0.067767 0.064467 0.059860 0.053707 0.045854 0.036288 0.025183 0.012908 0.000000 
50.000000 42.025996 34.372131 27.320027 21.081980 15.783434 11.460726 8.072407 5.519689 3.670448 2.381732 1.517340 0.959018 0.611543 0.403058 0.282386 0.214969 0.178590 0.159618 0.150051 0.145381 0.143175 0.142165 0.141717 0.141524 0.141443 0.141410 0.141397 0.141391 0.141386 0.141380 0.141368 0.141343 0.141293 0.141193 0.141003 0.140653 0.140031 0.138966 0.137208 0.134417 0.130160 0.123930 0.115192 0.103468 0.088439 0.070063 0.048663 0.024957 0.000000 
50.000000 42.045376 34.410113 27.375142 21.152246 15.866563 11.554343 8.174239 5.627705 3.782940 2.497340 1.635036 1.078060 0.731423 0.523439 0.403058 0.335802 0.299510 0.280584 0.271039 0.266381 0.264180 0.263172 0.262725 0.262532 0.262452 0.262419 0.262405 0.262398 0.262392 0.262382 0.262362 0.262318 0.262230 0.262055 0.261720 0.261100 0.259995 0.258093 0.254939 0.249907 0.242191 0.230835 0.214820 0.193213 0.165374 0.131179 0.091207 0.046808 0.000000 
50.000000 42.078854 34.475721 27.470349 21.273627 16.010166 11.716067 8.350158 5.814312 3.977283 2.697069 1.838375 1.283729 0.938539 0.731423 0.611543 0.544567 0.508427 0.489579 0.480073 0.475434 0.473243 0.472239 0.471794 0.471602 0.471521 0.471488 0.471474 0.471466 0.471458 0.471441 0.471407 0.471334 0.471185 0.470890 0.470323 0.469270 0.467381 0.464115 0.458671 0.449933 0.436452 0.416486 0.388146 0.349665 0.299779 0.238164 0.165806 0.085165 0.000000 
50.000000 42.134640 34.585048 27.629000 21.475896 16.249473 11.985576 8.643330 6.125300 4.301169 3.029938 2.177263 1.626502 1.283729 1.078060 0.959018 0.892509 0.856620 0.837903 0.828464 0.823857 0.821680 0.820684 0.820242 0.820051 0.819971 0.819938 0.819923 0.819914 0.819901 0.819875 0.819820 0.819703 0.819464 0.818986 0.818065 0.816347 0.813251 0.807866 0.798834 0.784245 0.761579 0.727763 0.679398 0.613224 0.526802 0.419335 0.292406 0.150355 0.000000 
50.000000 42.224261 34.760686 27.883880 21.800858 16.633943 12.418579 9.114359 6.624964 4.821565 3.564774 2.721778 2.177263 1.838375 1.635036 1.517340 1.451583 1.416099 1.397594 1.388261 1.383706 1.381554 1.380568 1.380131 1.379942 1.379863 1.379830 1.379814 1.379802 1.379784 1.379745 1.379661 1.379482 1.379113 1.378374 1.376943 1.374259 1.369397 1.360889 1.346522 1.323144 1.286533 1.231445 1.151954 1.042197 0.897564 0.716196 0.500440 0.257685 0.000000 
50.000000 42.362989 35.032565 28.278428 22.303896 17.229111 13.088888 9.843547 7.398494 5.627203 4.392776 3.564774 3.029938 2.697069 2.497340 2.381732 2.317140 2.282285 2.264107 2.254939 2.250465 2.248351 2.247382 2.246953 2.246767 2.246690 2.246656 2.246640 2.246624 2.246598 2.246542 2.246419 2.246158 2.245615 2.244524 2.242401 2.238399 2.231104 2.218252 2.196388 2.160516 2.103829 2.017690 1.892081 1.716742 1.483136 1.187114 0.831715 0.429051 0.000000 
50.000000 42.569788 35.437851 28.866579 23.053781 18.116349 14.088158 10.930610 8.551679 6.828272 5.627203 4.821565 4.301169 3.977283 3.782940 3.670448 3.607596 3.573679 3.555990 3.547069 3.542715 3.540657 3.539715 3.539297 3.539116 3.539040 3.539007 3.538989 3.538970 3.538935 3.538857 3.538687 3.538322 3.537563 3.536031 3.533032 3.527350 3.516924 3.498422 3.466687 3.414136 3.330233 3.201280 3.010899 2.741623 2.377972 1.911012 1.343660 0.694873 0.000000 
50.000000 42.866492 36.019338 29.710442 24.129710 19.389368 15.521943 12.490386 10.206355 8.551679 7.398494 6.624964 6.125300 5.814312 5.627705 5.519689 5.459337 5.426768 5.409782 5.401215 5.397034 5.395058 5.394153 5.393751 5.393578 5.393504 5.393472 5.393452 5.393429 5.393383 5.393282 5.393058 5.392576 5.391570 5.389529 5.385514 5.377860 5.363721 5.338431 5.294664 5.221445 5.103177 4.919013 4.643128 4.246662 3.702159 2.991014 2.113242 1.096686 0.000000 
50.000000 43.276016 36.821936 30.875194 25.614791 21.146509 17.501015 14.643395 12.490386 10.930610 9.843547 9.114359 8.643330 8.350158 8.174239 8.072407 8.015509 7.984804 7.968789 7.960711 7.956769 7.954906 7.954053 7.953674 7.953510 7.953441 7.953409 7.953389 7.953361 7.953305 7.953180 7.952902 7.952302 7.951042 7.948477 7.943404 7.933673 7.915567 7.882914 7.825857 7.729329 7.571373 7.321698 6.941225 6.383859 5.602142 4.558531 3.242719 1.691450 0.000000 
50.000000 43.819534 37.887144 32.421064 27.585822 23.478650 20.127743 17.501015 15.521943 14.088158 13.088888 12.418579 11.985576 11.716067 11.554343 11.460726 11.408417 11.380187 11.365464 11.358037 11.354412 11.352699 11.351915 11.351566 11.351416 11.351351 11.351321 11.351300 11.351270 11.351205 11.351059 11.350736 11.350035 11.348557 11.345534 11.339523 11.327921 11.306178 11.266625 11.196807 11.077258 10.878815 10.559790 10.063871 9.320407 8.249969 6.779367 4.870264 2.560389 0.000000 
50.000000 44.512871 39.245979 34.393069 30.100209 26.453724 23.478650 21.146509 19.389368 18.116349 17.229111 16.633943 16.249473 16.010166 15.866563 15.783434 15.736985 15.711916 15.698841 15.692246 15.689027 15.687505 15.686808 15.686499 15.686365 15.686308 15.686280 15.686260 15.686227 15.686158 15.686001 15.685650 15.684889 15.683278 15.679966 15.673350 15.660502 15.636248 15.591747 15.512369 15.374726 15.142706 14.762650 14.158243 13.226862 11.841315 9.864839 7.192208 3.829660 0.000000 
50.000000 45.362659 40.911441 36.810078 33.182015 30.100209 27.585822 25.614791 24.129710 23.053781 22.303896 21.800858 21.475896 21.273627 21.152246 21.081980 21.042717 21.021527 21.010474 21.004899 21.002177 21.000891 21.000302 21.000041 20.999927 20.999878 20.999855 20.999835 20.999804 20.999736 20.999580 20.999232 20.998473 20.996864 20.993541 20.986873 20.973848 20.949094 20.903294 20.820760 20.675809 20.427551 20.012649 19.335853 18.258894 16.591007 14.091470 10.510695 5.722495 0.000000 
50.000000 46.363062 42.872090 39.655492 36.810078 34.393069 32.421064 30.875194 29.710442 28.866579 28.278428 27.883880 27.629000 27.470349 27.375142 27.320027 27.289229 27.272607 27.263937 27.259564 27.257429 27.256420 27.255958 27.255753 27.255664 27.255625 27.255606 27.255590 27.255562 27.255502 27.255364 27.255055 27.254379 27.252941 27.249964 27.243963 27.232185 27.209665 27.167684 27.091314 26.955567 26.719428 26.316663 25.641697 24.528230 22.718608 19.827746 15.331793 8.700241 0.000000 
50.000000 47.493962 45.088500 42.872090 40.911441 39.245979 37.887144 36.821936 36.019338 35.437851 35.032565 34.760686 34.585048 34.475721 34.410113 34.372131 34.350907 34.339453 34.333478 34.330464 34.328992 34.328297 34.327978 34.327837 34.327776 34.327749 34.327736 34.327724 34.327703 34.327658 34.327554 34.327322 34.326812 34.325725 34.323468 34.318905 34.309915 34.292642 34.260246 34.200851 34.094191 33.906096 33.579217 33.016880 32.053771 30.400746 27.540297 22.544250 13.877173 0.000000 
50.000000 48.721323 47.493962 46.363062 45.362659 44.512871 43.819534 43.276016 42.866492 42.569788 42.362989 42.224261 42.134640 42.078854 42.045376 42.025996 42.015166 42.009320 42.006271 42.004733 42.003983 42.003628 42.003465 42.003393 42.003362 42.003348 42.003341 42.003335 42.003324 42.003300 42.003244 42.003119 42.002844 42.002258 42.001039 41.998568 41.993689 41.984285 41.966576 41.933939 41.874915 41.769806 41.584566 41.259145 40.683211 39.640164 37.662821 33.616789 24.360661 0.000000 
50.000000 50.000000 50.000000 50.000000 50.000000 50.000000 50.000000 50.000000 50.000000 50.000000 50.000000 50.000000 50.000000 50.000000 50.000000 50.000000 50.000000 50.000000 50.000000 50.000000 50.000000 50.000000 50.000000 50.000000 50.000000 50.000000 50.000000 50.000000 50.000000 50.000000 50.000000 50.000000 50.000000 50.000000 50.000000 50.000000 50.000000 50.000000 50.000000 50.000000 50.000000 50.000000 50.000000 50.000000 50.000000 50.000000 50.000000 50.000000 50.000000 50.000000 
