50.000000 50.000000 50.000000 50.000000 50.000000 50.000000 50.000000 50.000000 50.000000 50.000000 50.000000 50.000000 50.000000 50.000000 50.000000 50.000000 50.000000 50.000000 50.000000 50.000000 50.000000 50.000000 50.000000 50.000000 50.000000 50.000000 50.000000 50.000000 50.000000 50.000000 50.000000 50.000000 50.000000 50.000000 50.000000 50.000000 50.000000 50.000000 50.000000 50.000000 50.000000 50.000000 50.000000 50.000000 50.000000 50.000000 50.000000 50.000000 50.000000 50.000000 
50.000000 45.294799 41.281284 38.348227 36.497913 35.480963 34.989278 34.778175 34.696980 34.668780 34.659872 34.657296 34.656610 34.656441 34.656402 34.656394 34.656392 34.656392 34.656392 34.656392 34.656392 34.656392 34.656392 34.656392 34.656392 34.656392 34.656392 34.656392 34.656392 34.656392 34.656392 34.656392 34.656392 34.656392 34.656392 34.656392 34.656389 34.656378 34.656327 34.656107 34.655217 34.651847 34.639927 34.600508 34.478237 34.119979 33.114723 30.350605 22.647399 0.000000 
50.000000 41.281284 33.844541 28.410201 24.982310 23.098547 22.187902 21.796984 21.646655 21.594453 21.577966 21.573199 21.571931 21.571618 21.571547 21.571531 21.571528 21.571528 21.571528 21.571528 21.571528 21.571528 21.571528 21.571528 21.571528 21.571528 21.571528 21.571528 21.571528 21.571528 21.571528 21.571528 21.571528 21.571528 21.571528 21.571527 21.571524 21.571507 21.571432 21.571107 21.569806 21.564938 21.547988 21.493212 21.329085 20.873439 19.702055 16.922271 10.930679 0.000000 
50.000000 38.348227 28.410201 21.148778 16.569024 14.052696 12.836497 12.314528 12.113850 12.044181 12.022183 12.015825 12.014133 12.013717 12.013622 12.013601 12.013597 12.013596 12.013596 12.013596 12.013596 12.013596 12.013596 12.013596 12.013596 12.013596 12.013596 12.013596 12.013596 12.013596 12.013596 12.013596 12.013596 12.013596 12.013596 12.013595 12.013592 12.013577 12.013507 12.013208 12.012019 12.007628 11.992611 11.945239 11.808015 11.444954 10.574389 8.708147 5.233504 0.000000 
50.000000 36.497913 24.982310 16.569024 11.263529 8.348945 6.940539 6.336211 6.103924 6.023302 5.997853 5.990499 5.988543 5.988062 5.987952 5.987928 5.987923 5.987922 5.987922 5.987922 5.987922 5.987922 5.987922 5.987922 5.987922 5.987922 5.987922 5.987922 5.987922 5.987922 5.987922 5.987922 5.987922 5.987922 5.987922 5.987922 5.987919 5.987908 5.987859 5.987650 5.986827 5.983825 5.973728 5.942566 5.854883 5.631764 5.124070 4.108871 2.377934 0.000000 
50.000000 35.480963 23.098547 14.052696 8.348945 5.216019 3.702348 3.052969 2.803414 2.716816 2.689486 2.681591 2.679491 2.678974 2.678856 2.678831 2.678826 2.678825 2.678825 2.678825 2.678825 2.678825 2.678825 2.678825 2.678825 2.678825 2.678825 2.678825 2.678825 2.678825 2.678825 2.678825 2.678825 2.678825 2.678825 2.678824 2.678823 2.678817 2.678789 2.678670 2.678206 2.676532 2.670985 2.654181 2.608009 2.494063 2.244681 1.769463 1.002725 0.000000 
50.000000 34.989278 22.187902 12.836497 6.940539 3.702348 2.137992 1.466950 1.209104 1.119641 1.091411 1.083257 1.081089 1.080556 1.080434 1.080408 1.080402 1.080401 1.080401 1.080401 1.080401 1.080401 1.080401 1.080401 1.080401 1.080401 1.080401 1.080401 1.080401 1.080401 1.080401 1.080401 1.080401 1.080401 1.080401 1.080401 1.080400 1.080397 1.080384 1.080326 1.080105 1.079314 1.076724 1.068996 1.048168 0.997973 0.891258 0.694689 0.388770 0.000000 
50.000000 34.778175 21.796984 12.314528 6.336211 3.052969 1.466950 0.786663 0.525285 0.434604 0.405991 0.397728 0.395531 0.394990 0.394867 0.394840 0.394835 0.394834 0.394834 0.394834 0.394834 0.394834 0.394834 0.394834 0.394834 0.394834 0.394834 0.394834 0.394834 0.394834 0.394834 0.394834 0.394834 0.394834 0.394834 0.394834 0.394833 0.394832 0.394826 0.394803 0.394711 0.394386 0.393332 0.390226 0.381984 0.362483 0.321917 0.248996 0.138248 0.000000 
50.000000 34.696980 21.646655 12.113850 6.103924 2.803414 1.209104 0.525285 0.262558 0.171414 0.142656 0.134351 0.132143 0.131600 0.131476 0.131449 0.131444 0.131443 0.131443 0.131443 0.131443 0.131443 0.131443 0.131443 0.131443 0.131443 0.131443 0.131443 0.131443 0.131443 0.131443 0.131443 0.131443 0.131443 0.131443 0.131443 0.131443 0.131442 0.131440 0.131431 0.131398 0.131279 0.130899 0.129790 0.126881 0.120099 0.106221 0.081718 0.045134 0.000000 
50.000000 34.668780 21.594453 12.044181 6.023302 2.716816 1.119641 0.434604 0.171414 0.080109 0.051302 0.042983 0.040771 0.040227 0.040103 0.040076 0.040071 0.040070 0.040070 0.040070 0.040070 0.040070 0.040070 0.040070 0.040070 0.040070 0.040070 0.040070 0.040070 0.040070 0.040070 0.040070 0.040070 0.040070 0.040070 0.040070 0.040070 0.040069 0.040069 0.040066 0.040055 0.040016 0.039893 0.039536 0.038610 0.036475 0.032162 0.024646 0.013563 0.000000 
50.000000 34.659872 21.577966 12.022183 5.997853 2.689486 1.091411 0.405991 0.142656 0.051302 0.022480 0.014156 0.011943 0.011399 0.011274 0.011247 0.011242 0.011241 0.011241 0.011241 0.011241 0.011241 0.011241 0.011241 0.011241 0.011241 0.011241 0.011241 0.011241 0.011241 0.011241 0.011241 0.011241 0.011241 0.011241 0.011241 0.011241 0.011241 0.011241 0.011240 0.011237 0.011225 0.011189 0.011085 0.010816 0.010203 0.008975 0.006858 0.003764 0.000000 
50.000000 34.657296 21.573199 12.015825 5.990499 2.681591 1.083257 0.397728 0.134351 0.042983 0.014156 0.005831 0.003618 0.003073 0.002949 0.002922 0.002917 0.002916 0.002916 0.002916 0.002916 0.002916 0.002916 0.002916 0.002916 0.002916 0.002916 0.002916 0.002916 0.002916 0.002916 0.002916 0.002916 0.002916 0.002916 0.002916 0.002916 0.002915 0.002915 0.002915 0.002914 0.002911 0.002901 0.002874 0.002802 0.002640 0.002318 0.001768 0.000968 0.000000 
50.000000 34.656610 21.571931 12.014133 5.988543 2.679491 1.081089 0.395531 0.132143 0.040771 0.011943 0.003618 0.001404 0.000860 0.000735 0.000709 0.000703 0.000702 0.000702 0.000702 0.000702 0.000702 0.000702 0.000702 0.000702 0.000702 0.000702 0.000702 0.000702 0.000702 0.000702 0.000702 0.000702 0.000702 0.000702 0.000702 0.000702 0.000702 0.000702 0.000702 0.000702 0.000701 0.000699 0.000692 0.000674 0.000635 0.000557 0.000424 0.000232 0.000000 
50.000000 34.656441 21.571618 12.013717 5.988062 2.678974 1.080556 0.394990 0.131600 0.040227 0.011399 0.003073 0.000860 0.000315 0.000191 0.000164 0.000159 0.000158 0.000158 0.000158 0.000158 0.000158 0.000158 0.000158 0.000158 0.000158 0.000158 0.000158 0.000158 0.000158 0.000158 0.000158 0.000158 0.000158 0.000158 0.000158 0.000158 0.000158 0.000158 0.000158 0.000158 0.000157 0.000157 0.000155 0.000151 0.000142 0.000125 0.000095 0.000052 0.000000 
50.000000 34.656402 21.571547 12.013622 5.987952 2.678856 1.080434 0.394867 0.131476 0.040103 0.011274 0.002949 0.000735 0.000191 0.000066 0.000040 0.000034 0.000033 0.000033 0.000033 0.000033 0.000033 0.000033 0.000033 0.000033 0.000033 0.000033 0.000033 0.000033 0.000033 0.000033 0.000033 0.000033 0.000033 0.000033 0.000033 0.000033 0.000033 0.000033 0.000033 0.000033 0.000033 0.000033 0.000033 0.000032 0.000030 0.000026 0.000020 0.000011 0.000000 
50.000000 34.656394 21.571531 12.013601 5.987928 2.678831 1.080408 0.394840 0.131449 0.040076 0.011247 0.002922 0.000709 0.000164 0.000040 0.000013 0.000008 0.000007 0.000007 0.000007 0.000007 0.000007 0.000007 0.000007 0.000007 0.000007 0.000007 0.000007 0.000007 0.000007 0.000007 0.000007 0.000007 0.000007 0.000007 0.000007 0.000007 0.000007 0.000007 0.000007 0.000007 0.000007 0.000006 0.000006 0.000006 0.000006 0.000005 0.000004 0.000002 0.000000 
50.000000 34.656392 21.571528 12.013597 5.987923 2.678826 1.080402 0.394835 0.131444 0.040071 0.011242 0.002917 0.000703 0.000159 0.000034 0.000008 0.000002 0.000001 0.000001 0.000001 0.000001 0.000001 0.000001 0.000001 0.000001 0.000001 0.000001 0.000001 0.000001 0.000001 0.000001 0.000001 0.000001 0.000001 0.000001 0.000001 0.000001 0.000001 0.000001 0.000001 0.000001 0.000001 0.000001 0.000001 0.000001 0.000001 0.000001 0.000001 0.000000 0.000000 
50.000000 34.656392 21.571528 12.013596 5.987922 2.678825 1.080401 0.394834 0.131443 0.040070 0.011241 0.002916 0.000702 0.000158 0.000033 0.000007 0.000001 0.000000 0.000000 0.000000 0.000000 0.000000 0.000000 0.000000 0.000000 0.000000 0.000000 0.000000 0.000000 0.000000 0.000000 0.000000 0.000000 0.000000 0.000000 0.000000 0.000000 0.000000 0.000000 0.000000 0.000000 0.000000 0.000000 0.000000 0.000000 0.000000 0.000000 0.000000 0.000000 0.000000 
50.000000 34.656392 21.571528 12.013596 5.987922 2.678825 1.080401 0.394834 0.131443 0.040070 0.011241 0.002916 0.000702 0.000158 0.000033 0.000007 0.000001 0.000000 0.000000 0.000000 0.000000 0.000000 0.000000 0.000000 0.000000 0.000000 0.000000 0.000000 0.000000 0.000000 0.000000 0.000000 0.000000 0.000000 0.000000 0.000000 0.000000 0.000000 0.000000 0.000000 0.000000 0.000000 0.000000 0.000000 0.000000 0.000000 0.000000 0.000000 0.000000 0.000000 
50.000000 34.656392 21.571528 12.013596 5.987922 2.678825 1.080401 0.394834 0.131443 0.040070 0.011241 0.002916 0.000702 0.000158 0.000033 0.000007 0.000001 0.000000 0.000000 0.000000 0.000000 0.000000 0.000000 0.000000 0.000000 0.000000 0.000000 0.000000 0.000000 0.000000 0.000000 0.000000 0.000000 0.000000 0.000000 0.000000 0.000000 0.000000 0.000000 0.000000 0.000000 0.000000 0.000000 0.000000 0.000000 0.000000 0.000000 0.000000 0.000000 0.000000 
50.000000 34.656392 21.571528 12.013596 5.987922 2.678825 1.080401 0.394834 0.131443 0.040070 0.011241 0.002916 0.000702 0.000158 0.000033 0.000007 0.000001 0.000000 0.000000 0.000000 0.000000 0.000000 0.000000 0.000000 0.000000 0.000000 0.000000 0.000000 0.000000 0.000000 0.000000 0.000000 0.000000 0.000000 0.000000 0.000000 0.000000 0.000000 0.000000 0.000000 0.000000 0.000000 0.000000 0.000000 0.000000 0.000000 0.000000 0.000000 0.000000 0.000000 
50.000000 34.656392 21.571528 12.013596 5.987922 2.678825 1.080401 0.394834 0.131443 0.040070 0.011241 0.002916 0.000702 0.000158 0.000033 0.000007 0.000001 0.000000 0.000000 0.000000 0.000000 0.000000 0.000000 0.000000 0.000000 0.000000 0.000000 0.000000 0.000000 0.000000 0.000000 0.000000 0.000000 0.000000 0.000000 0.000000 0.000000 0.000000 0.000000 0.000000 0.000000 0.000000 0.000000 0.000000 0.000000 0.000000 0.000000 0.000000 0.000000 0.000000 
50.000000 34.656392 21.571528 12.013596 5.987922 2.678825 1.080401 0.394834 0.131443 0.040070 0.011241 0.002916 0.000702 0.000158 0.000033 0.000007 0.000001 0.000000 0.000000 0.000000 0.000000 0.000000 0.000000 0.000000 0.000000 0.000000 0.000000 0.000000 0.000000 0.000000 0.000000 0.000000 0.000000 0.000000 0.000000 0.000000 0.000000 0.000000 0.000000 0.000000 0.000000 0.000000 0.000000 0.000000 0.000000 0.000000 0.000000 0.000000 0.000000 0.000000 
50.000000 34.656392 21.571528 12.013596 5.987922 2.678825 1.080401 0.394834 0.131443 0.040070 0.011241 0.002916 0.000702 0.000158 0.000033 0.000007 0.000001 0.000000 0.000000 0.000000 0.000000 0.000000 0.000000 0.000000 0.000000 0.000000 0.000000 0.000000 0.000000 0.000000 0.000000 0.000000 0.000000 0.000000 0.000000 0.000000 0.000000 0.000000 0.000000 0.000000 0.000000 0.000000 0.000000 0.000000 0.000000 0.000000 0.000000 0.000000 0.000000 0.000000 
50.000000 34.656392 21.571528 12.013596 5.987922 2.678825 1.080401 0.394834 0.131443 0.040070 0.011241 0.002916 0.000702 0.000158 0.000033 0.000007 0.000001 0.000000 0.000000 0.000000 0.000000 0.000000 0.000000 0.000000 0.000000 0.000000 0.000000 0.000000 0.000000 0.000000 0.000000 0.000000 0.000000 0.000000 0.000000 0.000000 0.000000 0.000000 0.000000 0.000000 0.000000 0.000000 0.000000 0.000000 0.000000 0.000000 0.000000 0.000000 0.000000 0.000000 
50.000000 34.656392 21.571528 12.013596 5.987922 2.678825 1.080401 0.394834 0.131443 0.040070 0.011241 0.002916 0.000702 0.000158 0.000033 0.000007 0.000001 0.000000 0.000000 0.000000 0.000000 0.000000 0.000000 0.000000 0.000000 0.000000 0.000000 0.000000 0.000000 0.000000 0.000000 0.000000 0.000000 0.000000 0.000000 0.000000 0.000000 0.000000 0.000000 0.000000 0.000000 0.000000 0.000000 0.000000 0.000000 0.000000 0.000000 0.000000 0.000000 0.000000 
50.000000 34.656392 21.571528 12.013596 5.987922 2.678825 1.080401 0.394834 0.131443 0.040070 0.011241 0.002916 0.000702 0.000158 0.000033 0.000007 0.000001 0.000000 0.000000 0.000000 0.000000 0.000000 0.000000 0.000000 0.000000 0.000000 0.000000 0.000000 0.000000 0.000000 0.000000 0.000000 0.000000 0.000000 0.000000 0.000000 0.000000 0.000000 0.000000 0.000000 0.000000 0.000000 0.000000 0.000000 0.000000 0.000000 0.000000 0.000000 0.000000 0.000000 
50.000000 34.656392 21.571528 12.013596 5.987922 2.678825 1.080401 0.394834 0.131443 0.040070 0.011241 0.002916 0.000702 0.000158 0.000033 0.000007 0.000001 0.000000 0.000000 0.000000 0.000000 0.000000 0.000000 0.000000 0.000000 0.000000 0.000000 0.000000 0.000000 0.000000 0.000000 0.000000 0.000000 0.000000 0.000000 0.000000 0.000000 0.000000 0.000000 0.000000 0.000000 0.000000 0.000000 0.000000 0.000000 0.000000 0.000000 0.000000 0.000000 0.000000 
50.000000 34.656392 21.571528 12.013596 5.987922 2.678825 1.080401 0.394834 0.131443 0.040070 0.011241 0.002916 0.000702 0.000158 0.000033 0.000007 0.000001 0.000000 0.000000 0.000000 0.000000 0.000000 0.000000 0.000000 0.000000 0.000000 0.000000 0.000000 0.000000 0.000000 0.000000 0.000000 0.000000 0.000000 0.000000 0.000000 0.000000 0.000000 0.000000 0.000000 0.000000 0.000000 0.000000 0.000000 0.000000 0.000000 0.000000 0.000000 0.000000 0.000000 
50.000000 34.656392 21.571528 12.013596 5.987922 2.678825 1.080401 0.394834 0.131443 0.040070 0.011241 0.002916 0.000702 0.000158 0.000033 0.000007 0.000001 0.000000 0.000000 0.000000 0.000000 0.000000 0.000000 0.000000 0.000000 0.000000 0.000000 0.000000 0.000000 0.000000 0.000000 0.000000 0.000000 0.000000 0.000000 0.000000 0.000000 0.000000 0.000000 0.000000 0.000000 0.000000 0.000000 0.000000 0.000000 0.000000 0.000000 0.000000 0.000000 0.000000 
50.000000 34.656392 21.571528 12.013596 5.987922 2.678825 1.080401 0.394834 0.131443 0.040070 0.011241 0.002916 0.000702 0.000158 0.000033 0.000007 0.000001 0.000000 0.000000 0.000000 0.000000 0.000000 0.000000 0.000000 0.000000 0.000000 0.000000 0.000000 0.000000 0.000000 0.000000 0.000000 0.000000 0.000000 0.000000 0.000000 0.000000 0.000000 0.000000 0.000000 0.000000 0.000000 0.000000 0.000000 0.000000 0.000000 0.000000 0.000000 0.000000 0.000000 
50.000000 34.656392 21.571528 12.013596 5.987922 2.678825 1.080401 0.394834 0.131443 0.040070 0.011241 0.002916 0.000702 0.000158 0.000033 0.000007 0.000001 0.000000 0.000000 0.000000 0.000000 0.000000 0.000000 0.000000 0.000000 0.000000 0.000000 0.000000 0.000000 0.000000 0.000000 0.000000 0.000000 0.000000 0.000000 0.000000 0.000000 0.000000 0.000000 0.000000 0.000000 0.000000 0.000000 0.000000 0.000000 0.000000 0.000000 0.000000 0.000000 0.000000 
50.000000 34.656392 21.571528 12.013596 5.987922 2.678825 1.080401 0.394834 0.131443 0.040070 0.011241 0.002916 0.000702 0.000158 0.000033 0.000007 0.000001 0.000000 0.000000 0.000000 0.000000 0.000000 0.000000 0.000000 0.000000 0.000000 0.000000 0.000000 0.000000 0.000000 0.000000 0.000000 0.000000 0.000000 0.000000 0.000000 0.000000 0.000000 0.000000 0.000000 0.000000 0.000000 0.000000 0.000000 0.000000 0.000000 0.000000 0.000000 0.000000 0.000000 
50.000000 34.656392 21.571528 12.013597 5.987923 2.678826 1.080402 0.394835 0.131444 0.040071 0.011242 0.002917 0.000703 0.000159 0.000034 0.000008 0.000002 0.000001 0.000001 0.000001 0.000001 0.000001 0.000001 0.000001 0.000001 0.000001 0.000001 0.000001 0.000001 0.000001 0.000001 0.000001 0.000001 0.000001 0.000001 0.000001 0.000001 0.000001 0.000001 0.000001 0.000001 0.000001 0.000001 0.000001 0.000001 0.000001 0.000001 0.000001 0.000000 0.000000 
50.000000 34.656394 21.571531 12.013601 5.987928 2.678831 1.080408 0.394840 0.131449 0.040076 0.011247 0.002922 0.000709 0.000164 0.000040 0.000013 0.000008 0.000007 0.000007 0.000007 0.000007 0.000007 0.000007 0.000007 0.000007 0.000007 0.000007 0.000007 0.000007 0.000007 0.000007 0.000007 0.000007 0.000007 0.000007 0.000007 0.000007 0.000007 0.000007 0.000007 0.000007 0.000007 0.000006 0.000006 0.000006 0.000006 0.000005 0.000004 0.000002 0.000000 
50.000000 34.656402 21.571547 12.013622 5.987952 2.678856 1.080434 0.394867 0.131476 0.040103 0.011274 0.002949 0.000735 0.000191 0.000066 0.000040 0.000034 0.000033 0.000033 0.000033 0.000033 0.000033 0.000033 0.000033 0.000033 0.000033 0.000033 0.000033 0.000033 0.000033 0.000033 0.000033 0.000033 0.000033 0.000033 0.000033 0.000033 0.000033 0.000033 0.000033 0.000033 0.000033 0.000033 0.000033 0.000032 0.000030 0.000026 0.000020 0.000011 0.000000 
50.000000 34.656441 21.571618 12.013717 5.988062 2.678974 1.080556 0.394990 0.131600 0.040227 0.011399 0.003073 0.000860 0.000315 0.000191 0.000164 0.000159 0.000158 0.000158 0.000158 0.000158 0.000158 0.000158 0.000158 0.000158 0.000158 0.000158 0.000158 0.000158 0.000158 0.000158 0.000158 0.000158 0.000158 0.000158 0.000158 0.000158 0.000158 0.000158 0.000158 0.000158 0.000157 0.000157 0.000155 0.000151 0.000142 0.000125 0.000095 0.000052 0.000000 
50.000000 34.656610 21.571931 12.014133 5.988543 2.679491 1.081089 0.395531 0.132143 0.040771 0.011943 0.003618 0.001404 0.000860 0.000735 0.000709 0.000703 0.000702 0.000702 0.000702 0.000702 0.000702 0.000702 0.000702 0.000702 0.000702 0.000702 0.000702 0.000702 0.000702 0.000702 0.000702 0.000702 0.000702 0.000702 0.000702 0.000702 0.000702 0.000702 0.000702 0.000702 0.000701 0.000699 0.000692 0.000674 0.000635 0.000557 0.000424 0.000232 0.000000 
50.000000 34.657296 21.573199 12.015825 5.990499 2.681591 1.083257 0.397728 0.134351 0.042983 0.014156 0.005831 0.003618 0.003073 0.002949 0.002922 0.002917 0.002916 0.002916 0.002916 0.002916 0.002916 0.002916 0.002916 0.002916 0.002916 0.002916 0.002916 0.002916 0.002916 0.002916 0.002916 0.002916 0.002916 0.002916 0.002916 0.002916 0.002915 0.002915 0.002915 0.002914 0.002911 0.002901 0.002874 0.002802 0.002640 0.002318 0.001768 0.000968 0.000000 
50.000000 34.659872 21.577966 12.022183 5.997853 2.689486 1.091411 0.405991 0.142656 0.051302 0.022480 0.014156 0.011943 0.011399 0.011274 0.011247 0.011242 0.011241 0.011241 0.011241 0.011241 0.011241 0.011241 0.011241 0.011241 0.011241 0.011241 0.011241 0.011241 0.011241 0.011241 0.011241 0.011241 0.011241 0.011241 0.011241 0.011241 0.011241 0.011241 0.011240 0.011237 0.011225 0.011189 0.011085 0.010816 0.010203 0.008975 0.006858 0.003764 0.000000 
50.000000 34.668780 21.594453 12.044181 6.023302 2.716816 1.119641 0.434604 0.171414 0.080109 0.051302 0.042983 0.040771 0.040227 0.040103 0.040076 0.040071 0.040070 0.040070 0.040070 0.040070 0.040070 0.040070 0.040070 0.040070 0.040070 0.040070 0.040070 0.040070 0.040070 0.040070 0.040070 0.040070 0.040070 0.040070 0.040070 0.040070 0.040069 0.040069 0.040066 0.040055 0.040016 0.039893 0.039536 0.038610 0.036475 0.032162 0.024646 0.013563 0.000000 
50.000000 34.696980 21.646655 12.113850 6.103924 2.803414 1.209104 0.525285 0.262558 0.171414 0.142656 0.134351 0.132143 0.131600 0.131476 0.131449 0.131444 0.131443 0.131443 0.131443 0.131443 0.131443 0.131443 0.131443 0.131443 0.131443 0.131443 0.131443 0.131443 0.131443 0.131443 0.131443 0.131443 0.131443 0.131443 0.131443 0.131443 0.131442 0.131440 0.131431 0.131398 0.131279 0.130899 0.129790 0.126881 0.120099 0.106221 0.081718 0.045134 0.000000 
50.000000 34.778175 21.796984 12.314528 6.336211 3.052969 1.466950 0.786663 0.525285 0.434604 0.405991 0.397728 0.395531 0.394990 0.394867 0.394840 0.394835 0.394834 0.394834 0.394834 0.394834 0.394834 0.394834 0.394834 0.394834 0.394834 0.394834 0.394834 0.394834 0.394834 0.394834 0.394834 0.394834 0.394834 0.394834 0.394834 0.394833 0.394832 0.394826 0.394803 0.394711 0.394386 0.393332 0.390226 0.381984 0.362483 0.321917 0.248996 0.138248 0.000000 
50.000000 34.989278 22.187902 12.836497 6.940539 3.702348 2.137992 1.466950 1.209104 1.119641 1.091411 1.083257 1.081089 1.080556 1.080434 1.080408 1.080402 1.080401 1.080401 1.080401 1.080401 1.080401 1.080401 1.080401 1.080401 1.080401 1.080401 1.080401 1.080401 1.080401 1.080401 1.080401 1.080401 1.080401 1.080401 1.080401 1.080400 1.080397 1.080384 1.080326 1.080105 1.079314 1.076724 1.068996 1.048168 0.997973 0.891258 0.694689 0.388770 0.000000 
50.000000 35.480963 23.098547 14.052696 8.348945 5.216019 3.702348 3.052969 2.803414 2.716816 2.689486 2.681591 2.679491 2.678974 2.678856 2.678831 2.678826 2.678825 2.678825 2.678825 2.678825 2.678825 2.678825 2.678825 2.678825 2.678825 2.678825 2.678825 2.678825 2.678825 2.678825 2.678825 2.678825 2.678825 2.678825 2.678824 2.678823 2.678817 2.678789 2.678670 2.678206 2.676532 2.670985 2.654181 2.608009 2.494063 2.244681 1.769463 1.002725 0.000000 
50.000000 36.497913 24.982310 16.569024 11.263529 8.348945 6.940539 6.336211 6.103924 6.023302 5.997853 5.990499 5.988543 5.988062 5.987952 5.987928 5.987923 5.987922 5.987922 5.987922 5.987922 5.987922 5.987922 5.987922 5.987922 5.987922 5.987922 5.987922 5.987922 5.987922 5.987922 5.987922 5.987922 5.987922 5.987922 5.987922 5.987919 5.987908 5.987859 5.987650 5.986827 5.983825 5.973728 5.942566 5.854883 5.631764 5.124070 4.108871 2.377934 0.000000 
50.000000 38.348227 28.410201 21.148778 16.569024 14.052696 12.836497 12.314528 12.113850 12.044181 12.022183 12.015825 12.014133 12.013717 12.013622 12.013601 12.013597 12.013596 12.013596 12.013596 12.013596 12.013596 12.013596 12.013596 12.013596 12.013596 12.013596 12.013596 12.013596 12.013596 12.013596 12.013596 12.013596 12.013596 12.013596 12.013595 12.013592 12.013577 12.013507 12.013208 12.012019 12.007628 11.992611 11.945239 11.808015 11.444954 10.574389 8.708147 5.233504 0.000000 
50.000000 41.281284 33.844541 28.410201 24.982310 23.098547 22.187902 21.796984 21.646655 21.594453 21.577966 21.573199 21.571931 21.571618 21.571547 21.571531 21.571528 21.571528 21.571528 21.571528 21.571528 21.571528 21.571528 21.571528 21.571528 21.571528 21.571528 21.571528 21.571528 21.571528 21.571528 21.571528 21.571528 21.571528 21.571528 21.571527 21.571524 21.571507 21.571432 21.571107 21.569806 21.564938 21.547988 21.493212 21.329085 20.873439 19.702055 16.922271 10.930679 0.000000 
50.000000 45.294799 41.281284 38.348227 36.497913 35.480963 34.989278 34.778175 34.696980 34.668780 34.659872 34.657296 34.656610 34.656441 34.656402 34.656394 34.656392 34.656392 34.656392 34.656392 34.656392 34.656392 34.656392 34.656392 34.656392 34.656392 34.656392 34.656392 34.656392 34.656392 34.656392 34.656392 34.656392 34.656392 34.656392 34.656392 34.656389 34.656378 34.656327 34.656107 34.655217 34.651847 34.639927 34.600508 34.478237 34.119979 33.114723 30.350605 22.647399 0.000000 
50.000000 50.000000 50.000000 50.000000 50.000000 50.000000 50.000000 50.000000 50.000000 50.000000 50.000000 50.000000 50.000000 50.000000 50.000000 50.000000 50.000000 50.000000 50.000000 50.000000 50.000000 50.000000 50.000000 50.000000 50.000000 50.000000 50.000000 50.000000 50.000000 50.000000 50.000000 50.000000 50.000000 50.000000 50.000000 50.000000 50.000000 50.000000 50.000000 50.000000 50.000000 50.000000 50.000000 50.000000 50.000000 50.000000 50.000000 50.000000 50.000000 50.000000 
