50.000000 50.000000 50.000000 50.000000 50.000000 50.000000 50.000000 50.000000 50.000000 50.000000 50.000000 50.000000 50.000000 50.000000 50.000000 50.000000 50.000000 50.000000 50.000000 50.000000 50.000000 50.000000 50.000000 50.000000 50.000000 50.000000 50.000000 50.000000 50.000000 50.000000 50.000000 50.000000 50.000000 50.000000 50.000000 50.000000 50.000000 50.000000 50.000000 50.000000 50.000000 50.000000 50.000000 50.000000 50.000000 50.000000 50.000000 50.000000 50.000000 50.000000 
50.000000 48.862093 47.764830 46.744504 45.829482 45.037984 44.377485 43.845626 43.432258 43.122071 42.897269 42.739861 42.633332 42.563621 42.519492 42.492457 42.476421 42.467207 42.462076 42.459305 42.457854 42.457116 42.456751 42.456576 42.456494 42.456455 42.456434 42.456416 42.456388 42.456332 42.456214 42.455965 42.455456 42.454435 42.452437 42.448619 42.441480 42.428416 42.404982 42.363695 42.292062 42.169222 41.959949 41.603134 40.987696 39.896783 37.863606 33.754891 24.431046 0.000000 
50.000000 47.764830 45.609498 43.605294 41.807938 40.253221 38.955824 37.911113 37.099152 36.489868 36.048302 35.739118 35.529872 35.392944 35.306266 35.253164 35.221666 35.203568 35.193490 35.188048 35.185197 35.183748 35.183032 35.182688 35.182527 35.182451 35.182410 35.182375 35.182323 35.182218 35.181996 35.181530 35.180577 35.178670 35.174946 35.167839 35.154587 35.130410 35.087213 35.011501 34.881055 34.659516 34.287302 33.665746 32.628121 30.884805 27.919035 22.804749 14.009939 0.000000 
50.000000 46.744504 43.605294 40.686205 38.068392 35.803984 33.914364 32.392781 31.210195 30.322805 29.679692 29.229386 28.924637 28.725215 28.598977 28.521642 28.475770 28.449412 28.434735 28.426810 28.422658 28.420548 28.419506 28.419005 28.418770 28.418659 28.418601 28.418553 28.418481 28.418339 28.418040 28.417414 28.416135 28.413581 28.408606 28.399144 28.381566 28.349651 28.292971 28.194397 28.026282 27.744632 27.280176 26.524627 25.309762 23.377277 20.343102 15.686259 8.880898 0.000000 
50.000000 45.829482 41.807938 38.068392 34.714810 31.813974 29.393274 27.444060 25.929127 24.792357 23.968521 23.391679 23.001299 22.745844 22.584139 22.485077 22.426318 22.392556 22.373756 22.363605 22.358288 22.355584 22.354250 22.353609 22.353308 22.353167 22.353093 22.353035 22.352952 22.352788 22.352445 22.351728 22.350267 22.347359 22.341711 22.331014 22.311239 22.275552 22.212648 22.104275 21.921659 21.620443 21.133757 20.363194 19.168250 17.357405 14.691114 10.923133 5.932699 0.000000 
50.000000 45.037984 40.253221 35.803984 31.813974 28.362646 25.482587 23.163499 21.361115 20.008661 19.028524 18.342250 17.877817 17.573907 17.381533 17.263684 17.193783 17.153620 17.131255 17.119180 17.112855 17.109639 17.108052 17.107289 17.106932 17.106765 17.106680 17.106616 17.106528 17.106358 17.106003 17.105266 17.103766 17.100792 17.095039 17.084194 17.064259 17.028528 16.966071 16.859570 16.682388 16.394779 15.939374 15.236545 14.181323 12.645723 10.494222 7.625100 4.050288 0.000000 
50.000000 44.377485 38.955824 33.914364 29.393274 25.482587 22.219222 19.591509 17.549280 16.016870 14.906329 14.128757 13.602546 13.258216 13.040258 12.906739 12.827545 12.782043 12.756706 12.743027 12.735861 12.732219 12.730420 12.729557 12.729152 12.728964 12.728870 12.728804 12.728717 12.728555 12.728217 12.727518 12.726101 12.723300 12.717909 12.707795 12.689319 12.656443 12.599473 12.503346 12.345448 12.093089 11.700985 11.109611 10.246042 9.030080 7.389737 5.290078 2.774351 0.000000 
50.000000 43.845626 37.911113 32.392781 27.444060 23.163499 19.591509 16.715309 14.479978 12.802688 11.587167 10.736102 10.160162 9.783298 9.544750 9.398620 9.311947 9.262150 9.234421 9.219451 9.211609 9.207623 9.205655 9.204710 9.204268 9.204064 9.203963 9.203897 9.203817 9.203671 9.203371 9.202752 9.201501 9.199041 9.194325 9.185526 9.169552 9.141338 9.092870 9.011926 8.880581 8.673676 8.357654 7.890525 7.224126 6.310303 5.112604 3.623811 1.885677 0.000000 
50.000000 43.432258 37.099152 31.210195 25.929127 21.361115 17.549280 14.479978 12.094593 10.304727 9.007637 8.099472 7.484899 7.082761 6.828220 6.672295 6.579814 6.526680 6.497095 6.481122 6.472756 6.468503 6.466403 6.465396 6.464925 6.464707 6.464603 6.464539 6.464468 6.464344 6.464092 6.463576 6.462537 6.460501 6.456617 6.449410 6.436407 6.413607 6.374769 6.310539 6.207495 6.047296 5.806302 5.456192 4.966336 4.308684 3.465563 2.439637 1.263035 0.000000 
50.000000 43.122071 36.489868 30.322805 24.792357 20.008661 16.016870 12.802688 10.304727 8.430408 7.072130 6.121135 5.477585 5.056493 4.789958 4.626688 4.529852 4.474218 4.443240 4.426516 4.417757 4.413304 4.411106 4.410051 4.409558 4.409332 4.409225 4.409164 4.409103 4.409003 4.408803 4.408395 4.407577 4.405981 4.402950 4.397358 4.387328 4.369864 4.340352 4.291989 4.215204 4.097232 3.922107 3.671421 3.326273 2.870698 2.296523 1.608813 0.830009 0.000000 
50.000000 42.897269 36.048302 29.679692 23.968521 19.028524 14.906329 11.587167 9.007637 7.072130 5.669523 4.687501 4.022963 3.588142 3.312921 3.144332 3.044344 2.986898 2.954913 2.937645 2.928601 2.924004 2.921734 2.920646 2.920137 2.919905 2.919797 2.919739 2.919688 2.919610 2.919458 2.919151 2.918539 2.917348 2.915098 2.910967 2.903601 2.890861 2.869490 2.834762 2.780141 2.697098 2.575241 2.402983 2.168955 1.864246 1.485294 1.036801 0.533574 0.000000 
50.000000 42.739861 35.739118 29.229386 23.391679 18.342250 14.128757 10.736102 8.099472 6.121135 4.687501 3.683764 3.004538 2.560111 2.278812 2.106503 2.004309 1.945598 1.912908 1.895260 1.886017 1.881318 1.878999 1.877887 1.877367 1.877130 1.877022 1.876967 1.876925 1.876866 1.876756 1.876536 1.876097 1.875249 1.873654 1.870739 1.865570 1.856684 1.841882 1.818011 1.780783 1.724703 1.643232 1.529285 1.376180 1.179032 0.936415 0.651904 0.334879 0.000000 
50.000000 42.633332 35.529872 28.924637 23.001299 17.877817 13.602546 10.160162 7.484899 5.477585 4.022963 3.004538 2.315378 1.864454 1.579046 1.404222 1.300537 1.240969 1.207803 1.189898 1.180521 1.175754 1.173401 1.172272 1.171746 1.171506 1.171398 1.171345 1.171310 1.171267 1.171191 1.171039 1.170738 1.170160 1.169077 1.167106 1.163630 1.157689 1.147854 1.132102 1.107721 1.071292 1.018824 0.946103 0.849288 0.725746 0.574986 0.399461 0.204916 0.000000 
50.000000 42.563621 35.392944 28.725215 22.745844 17.573907 13.258216 9.783298 7.082761 5.056493 3.588142 2.560111 1.864454 1.409282 1.121188 0.944719 0.840059 0.779932 0.746455 0.728382 0.718917 0.714106 0.711731 0.710592 0.710061 0.709819 0.709711 0.709661 0.709631 0.709600 0.709548 0.709447 0.709250 0.708871 0.708165 0.706886 0.704641 0.700824 0.694541 0.684540 0.669164 0.646354 0.613745 0.568897 0.509648 0.434605 0.343649 0.238357 0.122141 0.000000 
50.000000 42.519492 35.306266 28.598977 22.584139 17.381533 13.040258 9.544750 6.828220 4.789958 3.312921 2.278812 1.579046 1.121188 0.831394 0.653885 0.548610 0.488130 0.454456 0.436277 0.426756 0.421916 0.419528 0.418382 0.417848 0.417605 0.417497 0.417448 0.417422 0.417400 0.417366 0.417301 0.417177 0.416939 0.416496 0.415697 0.414302 0.411940 0.408074 0.401954 0.392600 0.378810 0.359224 0.332463 0.297339 0.253125 0.199834 0.138426 0.070873 0.000000 
50.000000 42.492457 35.253164 28.521642 22.485077 17.263684 12.906739 9.398620 6.672295 4.626688 3.144332 2.106503 1.404222 0.944719 0.653885 0.475740 0.370088 0.309391 0.275597 0.257353 0.247798 0.242942 0.240545 0.239395 0.238859 0.238616 0.238508 0.238460 0.238437 0.238420 0.238398 0.238358 0.238282 0.238138 0.237870 0.237390 0.236554 0.235145 0.232849 0.229234 0.223737 0.215678 0.204296 0.188831 0.168644 0.143365 0.113036 0.078219 0.040020 0.000000 
50.000000 42.476421 35.221666 28.475770 22.426318 17.193783 12.827545 9.311947 6.579814 4.529852 3.044344 2.004309 1.300537 0.840059 0.548610 0.370088 0.264212 0.203387 0.169522 0.151240 0.141665 0.136798 0.134396 0.133244 0.132707 0.132464 0.132356 0.132308 0.132287 0.132273 0.132259 0.132235 0.132191 0.132106 0.131950 0.131672 0.131188 0.130377 0.129060 0.126996 0.123872 0.119313 0.112907 0.104245 0.092991 0.078959 0.062188 0.042996 0.021986 0.000000 
50.000000 42.467207 35.203568 28.449412 22.392556 17.153620 12.782044 9.262150 6.526681 4.474218 2.986899 1.945598 1.240969 0.779933 0.488130 0.309391 0.203388 0.142489 0.108583 0.090279 0.080693 0.075820 0.073415 0.072262 0.071724 0.071480 0.071372 0.071326 0.071305 0.071294 0.071285 0.071271 0.071245 0.071197 0.071110 0.070953 0.070683 0.070231 0.069501 0.068360 0.066641 0.064144 0.060649 0.055943 0.049854 0.042289 0.033278 0.022991 0.011751 0.000000 
50.000000 42.462076 35.193490 28.434735 22.373756 17.131256 12.756707 9.234422 6.497096 4.443241 2.954914 1.912909 1.207804 0.746456 0.454456 0.275598 0.169523 0.108584 0.074655 0.056338 0.046746 0.041870 0.039463 0.038309 0.037771 0.037527 0.037419 0.037373 0.037353 0.037343 0.037337 0.037328 0.037314 0.037288 0.037240 0.037156 0.037010 0.036766 0.036374 0.035763 0.034847 0.033520 0.031671 0.029190 0.025990 0.022028 0.017321 0.011960 0.006111 0.000000 
50.000000 42.459305 35.188048 28.426810 22.363606 17.119181 12.743028 9.219452 6.481124 4.426518 2.937647 1.895261 1.189900 0.728384 0.436278 0.257355 0.151242 0.090280 0.056339 0.038016 0.028420 0.023543 0.021135 0.019981 0.019442 0.019198 0.019091 0.019044 0.019025 0.019016 0.019011 0.019006 0.018998 0.018984 0.018959 0.018915 0.018838 0.018711 0.018507 0.018190 0.017717 0.017033 0.016083 0.014813 0.013179 0.011162 0.008771 0.006053 0.003092 0.000000 
50.000000 42.457855 35.185199 28.422661 22.358291 17.112858 12.735865 9.211614 6.472760 4.417761 2.928606 1.886022 1.180526 0.718922 0.426761 0.247803 0.141670 0.080697 0.046750 0.028423 0.018825 0.013947 0.011539 0.010384 0.009846 0.009602 0.009494 0.009448 0.009429 0.009420 0.009416 0.009413 0.009409 0.009402 0.009389 0.009366 0.009327 0.009263 0.009160 0.009001 0.008763 0.008421 0.007947 0.007314 0.006504 0.005505 0.004324 0.002983 0.001523 0.000000 
50.000000 42.457118 35.183752 28.420554 22.355592 17.109648 12.732228 9.207634 6.468514 4.413316 2.924016 1.881331 1.175767 0.714119 0.421929 0.242955 0.136811 0.075833 0.041882 0.023554 0.013955 0.009076 0.006668 0.005513 0.004975 0.004731 0.004623 0.004577 0.004557 0.004549 0.004546 0.004543 0.004541 0.004537 0.004531 0.004520 0.004501 0.004469 0.004418 0.004340 0.004224 0.004058 0.003827 0.003521 0.003129 0.002647 0.002078 0.001433 0.000731 0.000000 
50.000000 42.456757 35.183042 28.419520 22.354268 17.108074 12.730445 9.205682 6.466432 4.411135 2.921765 1.879030 1.173433 0.711763 0.419560 0.240577 0.134428 0.073447 0.039495 0.021165 0.011566 0.006687 0.004279 0.003124 0.002585 0.002341 0.002234 0.002188 0.002168 0.002160 0.002157 0.002155 0.002154 0.002152 0.002149 0.002143 0.002134 0.002119 0.002094 0.002057 0.002001 0.001922 0.001812 0.001666 0.001480 0.001251 0.000982 0.000677 0.000345 0.000000 
50.000000 42.456589 35.182713 28.419040 22.353654 17.107343 12.729617 9.204776 6.465465 4.410124 2.920720 1.877963 1.172349 0.710670 0.418460 0.239473 0.133322 0.072340 0.038387 0.020057 0.010458 0.005578 0.003170 0.002015 0.001477 0.001233 0.001125 0.001079 0.001060 0.001052 0.001048 0.001047 0.001046 0.001045 0.001043 0.001041 0.001036 0.001029 0.001017 0.000998 0.000971 0.000932 0.000878 0.000807 0.000717 0.000606 0.000475 0.000327 0.000167 0.000000 
50.000000 42.456524 35.182585 28.418854 22.353415 17.107059 12.729295 9.204424 6.465090 4.409730 2.920315 1.877548 1.171929 0.710245 0.418033 0.239044 0.132893 0.071910 0.037956 0.019626 0.010027 0.005148 0.002739 0.001584 0.001046 0.000802 0.000694 0.000648 0.000629 0.000621 0.000618 0.000616 0.000616 0.000615 0.000614 0.000612 0.000610 0.000605 0.000598 0.000587 0.000571 0.000548 0.000516 0.000474 0.000421 0.000355 0.000279 0.000192 0.000098 0.000000 
50.000000 42.456524 35.182585 28.418854 22.353415 17.107059 12.729295 9.204424 6.465090 4.409730 2.920315 1.877548 1.171929 0.710245 0.418033 0.239044 0.132893 0.071910 0.037956 0.019626 0.010027 0.005148 0.002739 0.001584 0.001046 0.000802 0.000694 0.000648 0.000629 0.000621 0.000618 0.000616 0.000616 0.000615 0.000614 0.000612 0.000610 0.000605 0.000598 0.000587 0.000571 0.000548 0.000516 0.000474 0.000421 0.000355 0.000279 0.000192 0.000098 0.000000 
50.000000 42.456589 35.182713 28.419040 22.353654 17.107343 12.729617 9.204776 6.465465 4.410124 2.920720 1.877963 1.172349 0.710670 0.418460 0.239473 0.133322 0.072340 0.038387 0.020057 0.010458 0.005578 0.003170 0.002015 0.001477 0.001233 0.001125 0.001079 0.001060 0.001052 0.001048 0.001047 0.001046 0.001045 0.001043 0.001041 0.001036 0.001029 0.001017 0.000998 0.000971 0.000932 0.000878 0.000807 0.000717 0.000606 0.000475 0.000327 0.000167 0.000000 
50.000000 42.456757 35.183042 28.419520 22.354268 17.108074 12.730445 9.205682 6.466432 4.411135 2.921765 1.879030 1.173433 0.711763 0.419560 0.240577 0.134428 0.073447 0.039495 0.021165 0.011566 0.006687 0.004279 0.003124 0.002585 0.002341 0.002234 0.002188 0.002168 0.002160 0.002157 0.002155 0.002154 0.002152 0.002149 0.002143 0.002134 0.002119 0.002094 0.002057 0.002001 0.001922 0.001812 0.001666 0.001480 0.001251 0.000982 0.000677 0.000345 0.000000 
50.000000 42.457118 35.183752 28.420554 22.355592 17.109648 12.732228 9.207634 6.468514 4.413316 2.924016 1.881331 1.175767 0.714119 0.421929 0.242955 0.136811 0.075833 0.041882 0.023554 0.013955 0.009076 0.006668 0.005513 0.004975 0.004731 0.004623 0.004577 0.004557 0.004549 0.004546 0.004543 0.004541 0.004537 0.004531 0.004520 0.004501 0.004469 0.004418 0.004340 0.004224 0.004058 0.003827 0.003521 0.003129 0.002647 0.002078 0.001433 0.000731 0.000000 
50.000000 42.457855 35.185199 28.422661 22.358291 17.112858 12.735865 9.211614 6.472760 4.417761 2.928606 1.886022 1.180526 0.718922 0.426761 0.247803 0.141670 0.080697 0.046750 0.028423 0.018825 0.013947 0.011539 0.010384 0.009846 0.009602 0.009494 0.009448 0.009429 0.009420 0.009416 0.009413 0.009409 0.009402 0.009389 0.009366 0.009327 0.009263 0.009160 0.009001 0.008763 0.008421 0.007947 0.007314 0.006504 0.005505 0.004324 0.002983 0.001523 0.000000 
50.000000 42.459305 35.188048 28.426810 22.363606 17.119181 12.743028 9.219452 6.481124 4.426518 2.937647 1.895261 1.189900 0.728384 0.436278 0.257355 0.151242 0.090280 0.056339 0.038016 0.028420 0.023543 0.021135 0.019981 0.019442 0.019198 0.019091 0.019044 0.019025 0.019016 0.019011 0.019006 0.018998 0.018984 0.018959 0.018915 0.018838 0.018711 0.018507 0.018190 0.017717 0.017033 0.016083 0.014813 0.013179 0.011162 0.008771 0.006053 0.003092 0.000000 
50.000000 42.462076 35.193490 28.434735 22.373756 17.131256 12.756707 9.234422 6.497096 4.443241 2.954914 1.912909 1.207804 0.746456 0.454456 0.275598 0.169523 0.108584 0.074655 0.056338 0.046746 0.041870 0.039463 0.038309 0.037771 0.037527 0.037419 0.037373 0.037353 0.037343 0.037337 0.037328 0.037314 0.037288 0.037240 0.037156 0.037010 0.036766 0.036374 0.035763 0.034847 0.033520 0.031671 0.029190 0.025990 0.022028 0.017321 0.011960 0.006111 0.000000 
50.000000 42.467207 35.203568 28.449412 22.392556 17.153620 12.782044 9.262150 6.526681 4.474218 2.986899 1.945598 1.240969 0.779933 0.488130 0.309391 0.203388 0.142489 0.108583 0.090279 0.080693 0.075820 0.073415 0.072262 0.071724 0.071480 0.071372 0.071326 0.071305 0.071294 0.071285 0.071271 0.071245 0.071197 0.071110 0.070953 0.070683 0.070231 0.069501 0.068360 0.066641 0.064144 0.060649 0.055943 0.049854 0.042289 0.033278 0.022991 0.011751 0.000000 
50.000000 42.476421 35.221666 28.475770 22.426318 17.193783 12.827545 9.311947 6.579814 4.529852 3.044344 2.004309 1.300537 0.840059 0.548610 0.370088 0.264212 0.203387 0.169522 0.151240 0.141665 0.136798 0.134396 0.133244 0.132707 0.132464 0.132356 0.132308 0.132287 0.132273 0.132259 0.132235 0.132191 0.132106 0.131950 0.131672 0.131188 0.130377 0.129060 0.126996 0.123872 0.119313 0.112907 0.104245 0.092991 0.078959 0.062188 0.042996 0.021986 0.000000 
50.000000 42.492457 35.253164 28.521642 22.485077 17.263684 12.906739 9.398620 6.672295 4.626688 3.144332 2.106503 1.404222 0.944719 0.653885 0.475740 0.370088 0.309391 0.275597 0.257353 0.247798 0.242942 0.240545 0.239395 0.238859 0.238616 0.238508 0.238460 0.238437 0.238420 0.238398 0.238358 0.238282 0.238138 0.237870 0.237390 0.236554 0.235145 0.232849 0.229234 0.223737 0.215678 0.204296 0.188831 0.168644 0.143365 0.113036 0.078219 0.040020 0.000000 
50.000000 42.519492 35.306266 28.598977 22.584139 17.381533 13.040258 9.544750 6.828220 4.789958 3.312921 2.278812 1.579046 1.121188 0.831394 0.653885 0.548610 0.488130 0.454456 0.436277 0.426756 0.421916 0.419528 0.418382 0.417848 0.417605 0.417497 0.417448 0.417422 0.417400 0.417366 0.417301 0.417177 0.416939 0.416496 0.415697 0.414302 0.411940 0.408074 0.401954 0.392600 0.378810 0.359224 0.332463 0.297339 0.253125 0.199834 0.138426 0.070873 0.000000 
50.000000 42.563621 35.392944 28.725215 22.745844 17.573907 13.258216 9.783298 7.082761 5.056493 3.588142 2.560111 1.864454 1.409282 1.121188 0.944719 0.840059 0.779932 0.746455 0.728382 0.718917 0.714106 0.711731 0.710592 0.710061 0.709819 0.709711 0.709661 0.709631 0.709600 0.709548 0.709447 0.709250 0.708871 0.708165 0.706886 0.704641 0.700824 0.694541 0.684540 0.669164 0.646354 0.613745 0.568897 0.509648 0.434605 0.343649 0.238357 0.122141 0.000000 
50.000000 42.633332 35.529872 28.924637 23.001299 17.877817 13.602546 10.160162 7.484899 5.477585 4.022963 3.004538 2.315378 1.864454 1.579046 1.404222 1.300537 1.240969 1.207803 1.189898 1.180521 1.175754 1.173401 1.172272 1.171746 1.171506 1.171398 1.171345 1.171310 1.171267 1.171191 1.171039 1.170738 1.170160 1.169077 1.167106 1.163630 1.157689 1.147854 1.132102 1.107721 1.071292 1.018824 0.946103 0.849288 0.725746 0.574986 0.399461 0.204916 0.000000 
50.000000 42.739861 35.739118 29.229386 23.391679 18.342250 14.128757 10.736102 8.099472 6.121135 4.687501 3.683764 3.004538 2.560111 2.278812 2.106503 2.004309 1.945598 1.912908 1.895260 1.886017 1.881318 1.878999 1.877887 1.877367 1.877130 1.877022 1.876967 1.876925 1.876866 1.876756 1.876536 1.876097 1.875249 1.873654 1.870739 1.865570 1.856684 1.841882 1.818011 1.780783 1.724703 1.643232 1.529285 1.376180 1.179032 0.936415 0.651904 0.334879 0.000000 
50.000000 42.897269 36.048302 29.679692 23.968521 19.028524 14.906329 11.587167 9.007637 7.072130 5.669523 4.687501 4.022963 3.588142 3.312921 3.144332 3.044344 2.986898 2.954913 2.937645 2.928601 2.924004 2.921734 2.920646 2.920137 2.919905 2.919797 2.919739 2.919688 2.919610 2.919458 2.919151 2.918539 2.917348 2.915098 2.910967 2.903601 2.890861 2.869490 2.834762 2.780141 2.697098 2.575241 2.402983 2.168955 1.864246 1.485294 1.036801 0.533574 0.000000 
50.000000 43.122071 36.489868 30.322805 24.792357 20.008661 16.016870 12.802688 10.304727 8.430408 7.072130 6.121135 5.477585 5.056493 4.789958 4.626688 4.529852 4.474218 4.443240 4.426516 4.417757 4.413304 4.411106 4.410051 4.409558 4.409332 4.409225 4.409164 4.409103 4.409003 4.408803 4.408395 4.407577 4.405981 4.402950 4.397358 4.387328 4.369864 4.340352 4.291989 4.215204 4.097232 3.922107 3.671421 3.326273 2.870698 2.296523 1.608813 0.830009 0.000000 
50.000000 43.432258 37.099152 31.210195 25.929127 21.361115 17.549280 14.479978 12.094593 10.304727 9.007637 8.099472 7.484899 7.082761 6.828220 6.672295 6.579814 6.526680 6.497095 6.481122 6.472756 6.468503 6.466403 6.465396 6.464925 6.464707 6.464603 6.464539 6.464468 6.464344 6.464092 6.463576 6.462537 6.460501 6.456617 6.449410 6.436407 6.413607 6.374769 6.310539 6.207495 6.047296 5.806302 5.456192 4.966336 4.308684 3.465563 2.439637 1.263035 0.000000 
50.000000 43.845626 37.911113 32.392781 27.444060 23.163499 19.591509 16.715309 14.479978 12.802688 11.587167 10.736102 10.160162 9.783298 9.544750 9.398620 9.311947 9.262150 9.234421 9.219451 9.211609 9.207623 9.205655 9.204710 9.204268 9.204064 9.203963 9.203897 9.203817 9.203671 9.203371 9.202752 9.201501 9.199041 9.194325 9.185526 9.169552 9.141338 9.092870 9.011926 8.880581 8.673676 8.357654 7.890525 7.224126 6.310303 5.112604 3.623811 1.885677 0.000000 
50.000000 44.377485 38.955824 33.914364 29.393274 25.482587 22.219222 19.591509 17.549280 16.016870 14.906329 14.128757 13.602546 13.258216 13.040258 12.906739 12.827545 12.782043 12.756706 12.743027 12.735861 12.732219 12.730420 12.729557 12.729152 12.728964 12.728870 12.728804 12.728717 12.728555 12.728217 12.727518 12.726101 12.723300 12.717909 12.707795 12.689319 12.656443 12.599473 12.503346 12.345448 12.093089 11.700985 11.109611 10.246042 9.030080 7.389737 5.290078 2.774351 0.000000 
50.000000 45.037984 40.253221 35.803984 31.813974 28.362646 25.482587 23.163499 21.361115 20.008661 19.028524 18.342250 17.877817 17.573907 17.381533 17.263684 17.193783 17.153620 17.131255 17.119180 17.112855 17.109639 17.108052 17.107289 17.106932 17.106765 17.106680 17.106616 17.106528 17.106358 17.106003 17.105266 17.103766 17.100792 17.095039 17.084194 17.064259 17.028528 16.966071 16.859570 16.682388 16.394779 15.939374 15.236545 14.181323 12.645723 10.494222 7.625100 4.050288 0.000000 
50.000000 45.829482 41.807938 38.068392 34.714810 31.813974 29.393274 27.444060 25.929127 24.792357 23.968521 23.391679 23.001299 22.745844 22.584139 22.485077 22.426318 22.392556 22.373756 22.363605 22.358288 22.355584 22.354250 22.353609 22.353308 22.353167 22.353093 22.353035 22.352952 22.352788 22.352445 22.351728 22.350267 22.347359 22.341711 22.331014 22.311239 22.275552 22.212648 22.104275 21.921659 21.620443 21.133757 20.363194 19.168250 17.357405 14.691114 10.923133 5.932699 0.000000 
50.000000 46.744504 43.605294 40.686205 38.068392 35.803984 33.914364 32.392781 31.210195 30.322805 29.679692 29.229386 28.924637 28.725215 28.598977 28.521642 28.475770 28.449412 28.434735 28.426810 28.422658 28.420548 28.419506 28.419005 28.418770 28.418659 28.418601 28.418553 28.418481 28.418339 28.418040 28.417414 28.416135 28.413581 28.408606 28.399144 28.381566 28.349651 28.292971 28.194397 28.026282 27.744632 27.280176 26.524627 25.309762 23.377277 20.343102 15.686259 8.880898 0.000000 
50.000000 47.764830 45.609498 43.605294 41.807938 40.253221 38.955824 37.911113 37.099152 36.489868 36.048302 35.739118 35.529872 35.392944 35.306266 35.253164 35.221666 35.203568 35.193490 35.188048 35.185197 35.183748 35.183032 35.182688 35.182527 35.182451 35.182410 35.182375 35.182323 35.182218 35.181996 35.181530 35.180577 35.178670 35.174946 35.167839 35.154587 35.130410 35.087213 35.011501 34.881055 34.659516 34.287302 33.665746 32.628121 30.884805 27.919035 22.804749 14.009939 0.000000 
50.000000 48.862093 47.764830 46.744504 45.829482 45.037984 44.377485 43.845626 43.432258 43.122071 42.897269 42.739861 42.633332 42.563621 42.519492 42.492457 42.476421 42.467207 42.462076 42.459305 42.457854 42.457116 42.456751 42.456576 42.456494 42.456455 42.456434 42.456416 42.456388 42.456332 42.456214 42.455965 42.455456 42.454435 42.452437 42.448619 42.441480 42.428416 42.404982 42.363695 42.292062 42.169222 41.959949 41.603134 40.987696 39.896783 37.863606 33.754891 24.431046 0.000000 
50.000000 50.000000 50.000000 50.000000 50.000000 50.000000 50.000000 50.000000 50.000000 50.000000 50.000000 50.000000 50.000000 50.000000 50.000000 50.000000 50.000000 50.000000 50.000000 50.000000 50.000000 50.000000 50.000000 50.000000 50.000000 50.000000 50.000000 50.000000 50.000000 50.000000 50.000000 50.000000 50.000000 50.000000 50.000000 50.000000 50.000000 50.000000 50.000000 50.000000 50.000000 50.000000 50.000000 50.000000 50.000000 50.000000 50.000000 50.000000 50.000000 50.000000 
