50.000000 50.000000 50.000000 50.000000 50.000000 50.000000 50.000000 50.000000 50.000000 50.000000 50.000000 50.000000 50.000000 50.000000 50.000000 50.000000 50.000000 50.000000 50.000000 50.000000 50.000000 50.000000 50.000000 50.000000 50.000000 50.000000 50.000000 50.000000 50.000000 50.000000 50.000000 50.000000 50.000000 50.000000 50.000000 50.000000 50.000000 50.000000 50.000000 50.000000 50.000000 50.000000 50.000000 50.000000 50.000000 50.000000 50.000000 50.000000 50.000000 50.000000 
50.000000 48.648590 47.354496 46.167751 45.125358 44.248176 43.540774 42.993855 42.588302 42.299729 42.102588 41.973208 41.891589 41.842063 41.813139 41.796869 41.788047 41.783435 41.781107 41.779972 41.779437 41.779193 41.779086 41.779040 41.779021 41.779013 41.779009 41.779005 41.778999 41.778983 41.778945 41.778856 41.778656 41.778214 41.777266 41.775289 41.771273 41.763327 41.747989 41.719064 41.665632 41.568625 41.394667 41.084337 40.527783 39.508626 37.559537 33.545557 24.324295 0.000000 
50.000000 47.354496 44.821197 42.498045 40.457479 38.740331 37.355547 36.284924 35.491036 34.926145 34.540237 34.286975 34.127206 34.030262 33.973643 33.941795 33.924528 33.915500 33.910943 33.908722 33.907675 33.907198 33.906988 33.906898 33.906861 33.906845 33.906837 33.906830 33.906818 33.906788 33.906718 33.906554 33.906183 33.905367 33.903620 33.899983 33.892612 33.878074 33.850126 33.797695 33.701527 33.528633 33.222920 32.688896 31.762149 30.153947 27.346510 22.410599 13.808940 0.000000 
50.000000 46.167751 42.498045 39.132765 36.176846 33.689435 31.683488 30.132636 28.982658 28.164400 27.605408 27.238560 27.007139 26.866719 26.784712 26.738582 26.713573 26.700496 26.693896 26.690679 26.689164 26.688473 26.688168 26.688038 26.687984 26.687962 26.687951 26.687941 26.687924 26.687885 26.687792 26.687576 26.687088 26.686016 26.683726 26.678972 26.669378 26.650546 26.614563 26.547584 26.425987 26.210347 25.836128 25.199345 24.134919 22.385748 19.566383 15.151535 8.608214 0.000000 
50.000000 45.125358 40.457479 36.176846 32.416936 29.252988 26.701475 24.728850 23.266137 22.225369 21.514379 21.047786 20.753448 20.574855 20.470555 20.411888 20.380082 20.363451 20.355058 20.350967 20.349040 20.348162 20.347774 20.347609 20.347540 20.347512 20.347498 20.347487 20.347468 20.347424 20.347320 20.347079 20.346536 20.345346 20.342813 20.337577 20.327062 20.306545 20.267636 20.195893 20.067202 19.842500 19.460401 18.827484 17.806883 16.208468 13.791098 10.303532 5.616732 0.000000 
50.000000 44.248176 38.740331 33.689435 29.252988 25.519763 22.509196 20.181693 18.455858 17.227887 16.389026 15.838526 15.491264 15.280563 15.157515 15.088303 15.050782 15.031163 15.021262 15.016436 15.014163 15.013127 15.012670 15.012475 15.012394 15.012360 15.012345 15.012333 15.012314 15.012270 15.012166 15.011926 15.011387 15.010209 15.007713 15.002577 14.992320 14.972442 14.935058 14.866827 14.745977 14.538291 14.192120 13.633042 12.759882 11.446105 9.554516 6.978182 3.720393 0.000000 
50.000000 43.540774 37.355547 31.683488 26.701475 22.509196 19.128470 16.514824 14.576841 13.197944 12.255997 11.637859 11.247938 11.011359 10.873201 10.795493 10.753366 10.731340 10.720224 10.714807 10.712255 10.711092 10.710579 10.710360 10.710269 10.710231 10.710215 10.710203 10.710185 10.710144 10.710049 10.709831 10.709341 10.708276 10.706027 10.701424 10.692286 10.674704 10.641920 10.582702 10.479127 10.303828 10.017035 9.564235 8.876154 7.873991 6.484143 4.666651 2.456437 0.000000 
50.000000 42.993855 36.284924 30.132636 24.728850 20.181693 16.514824 13.679993 11.578034 10.082490 9.060876 8.390470 7.967588 7.711016 7.561185 7.476914 7.431231 7.407345 7.395292 7.389417 7.386650 7.385389 7.384833 7.384596 7.384497 7.384457 7.384439 7.384428 7.384412 7.384377 7.384297 7.384112 7.383700 7.382806 7.380928 7.377103 7.369558 7.355144 7.328495 7.280843 7.198489 7.061070 6.839996 6.497788 5.989573 5.268449 4.296508 3.062004 1.599188 0.000000 
50.000000 42.588302 35.491036 28.982658 23.266137 18.455858 14.576841 11.578034 9.354520 7.772511 6.691851 5.982711 5.535404 5.264017 5.105540 5.016407 4.968089 4.942827 4.930080 4.923867 4.920940 4.919607 4.919019 4.918768 4.918664 4.918621 4.918603 4.918593 4.918580 4.918552 4.918488 4.918342 4.918017 4.917315 4.915847 4.912873 4.907043 4.895983 4.875703 4.839783 4.778391 4.677260 4.516964 4.273013 3.917567 3.423637 2.772310 1.962403 1.019677 0.000000 
50.000000 42.299729 34.926145 28.164400 22.225369 17.227887 13.197944 10.082490 7.772511 6.129006 5.006354 4.269669 3.804996 3.523079 3.358455 3.265867 3.215677 3.189437 3.176196 3.169743 3.166703 3.165319 3.164708 3.164447 3.164339 3.164295 3.164277 3.164267 3.164257 3.164236 3.164188 3.164079 3.163838 3.163319 3.162238 3.160061 3.155816 3.147820 3.133269 3.107724 3.064503 2.994121 2.884001 2.718817 2.481910 2.158167 1.738413 1.224618 0.634097 0.000000 
50.000000 42.102588 34.540237 27.605408 21.514379 16.389026 12.255997 9.060876 6.691851 5.006354 3.855032 3.099544 2.623017 2.333912 2.165094 2.070149 2.018683 1.991776 1.978198 1.971582 1.968465 1.967045 1.966419 1.966151 1.966041 1.965996 1.965978 1.965969 1.965960 1.965945 1.965911 1.965835 1.965665 1.965302 1.964549 1.963040 1.960115 1.954638 1.944745 1.927516 1.898630 1.852068 1.780033 1.673295 1.522199 1.318486 1.057824 0.742542 0.383524 0.000000 
50.000000 41.973208 34.286975 27.238560 21.047786 15.838526 11.637859 8.390470 5.982711 4.269669 3.099544 2.331725 1.847426 1.553610 1.382043 1.285553 1.233250 1.205906 1.192109 1.185384 1.182217 1.180774 1.180138 1.179866 1.179754 1.179709 1.179690 1.179682 1.179676 1.179665 1.179642 1.179591 1.179478 1.179237 1.178739 1.177745 1.175829 1.172263 1.165862 1.154799 1.136400 1.107007 1.061975 0.995938 0.903468 0.780150 0.623997 0.436849 0.225218 0.000000 
50.000000 41.891589 34.127206 27.007139 20.753448 15.491264 11.247938 7.967588 5.535404 3.804996 2.623017 1.847426 1.358230 1.061445 0.888146 0.790683 0.737853 0.710234 0.696298 0.689506 0.686307 0.684850 0.684207 0.683933 0.683819 0.683774 0.683756 0.683748 0.683743 0.683736 0.683721 0.683688 0.683617 0.683464 0.683150 0.682526 0.681330 0.679115 0.675164 0.668378 0.657176 0.639421 0.612444 0.573234 0.518822 0.446903 0.356593 0.249132 0.128262 0.000000 
50.000000 41.842063 34.030262 26.866719 20.574855 15.280563 11.011359 7.711016 5.264017 3.523079 2.333912 1.553610 1.061445 0.762861 0.588513 0.490460 0.437312 0.409526 0.395506 0.388673 0.385455 0.383989 0.383343 0.383067 0.382953 0.382907 0.382889 0.382881 0.382877 0.382872 0.382863 0.382843 0.382800 0.382708 0.382519 0.382145 0.381431 0.380115 0.377781 0.373797 0.367262 0.356975 0.341458 0.319073 0.288243 0.247793 0.197341 0.137649 0.070790 0.000000 
50.000000 41.813139 33.973643 26.784712 20.470555 15.157515 10.873201 7.561185 5.105540 3.358455 2.165094 1.382043 0.888146 0.588513 0.413553 0.315157 0.261822 0.233939 0.219871 0.213014 0.209785 0.208314 0.207665 0.207388 0.207274 0.207227 0.207209 0.207202 0.207199 0.207196 0.207190 0.207179 0.207153 0.207100 0.206991 0.206777 0.206368 0.205620 0.204298 0.202054 0.198394 0.192667 0.184082 0.171777 0.154938 0.132978 0.105740 0.073661 0.037850 0.000000 
50.000000 41.796869 33.941795 26.738582 20.411888 15.088303 10.795493 7.476914 5.016407 3.265867 2.070149 1.285553 0.790683 0.490460 0.315157 0.216568 0.163129 0.135192 0.121095 0.114226 0.110990 0.109516 0.108866 0.108589 0.108474 0.108428 0.108410 0.108403 0.108400 0.108397 0.108394 0.108388 0.108374 0.108344 0.108284 0.108166 0.107942 0.107533 0.106814 0.105599 0.103628 0.100560 0.095986 0.089466 0.080590 0.069075 0.054857 0.038175 0.019602 0.000000 
50.000000 41.788047 33.924528 26.713573 20.380082 15.050782 10.753366 7.431231 4.968089 3.215677 2.018683 1.233250 0.737853 0.437312 0.261822 0.163129 0.109633 0.081667 0.067555 0.060679 0.057440 0.055964 0.055313 0.055036 0.054921 0.054875 0.054857 0.054850 0.054847 0.054845 0.054843 0.054840 0.054832 0.054817 0.054785 0.054722 0.054604 0.054389 0.054013 0.053381 0.052358 0.050775 0.048425 0.045090 0.040573 0.034737 0.027558 0.019161 0.009833 0.000000 
50.000000 41.783435 33.915500 26.700496 20.363452 15.031163 10.731340 7.407345 4.942827 3.189437 1.991776 1.205906 0.710234 0.409526 0.233939 0.135192 0.081667 0.053685 0.039566 0.032685 0.029444 0.027968 0.027317 0.027039 0.026924 0.026878 0.026860 0.026853 0.026850 0.026849 0.026848 0.026846 0.026842 0.026834 0.026818 0.026786 0.026726 0.026618 0.026428 0.026111 0.025599 0.024811 0.023645 0.021999 0.019776 0.016916 0.013408 0.009316 0.004779 0.000000 
50.000000 41.781107 33.910943 26.693896 20.355058 15.021262 10.720224 7.395292 4.930080 3.176196 1.978198 1.192109 0.696298 0.395506 0.219871 0.121095 0.067555 0.039566 0.025443 0.018560 0.015319 0.013842 0.013191 0.012913 0.012798 0.012752 0.012734 0.012727 0.012724 0.012723 0.012722 0.012722 0.012720 0.012716 0.012708 0.012692 0.012663 0.012610 0.012518 0.012364 0.012117 0.011738 0.011180 0.010394 0.009336 0.007979 0.006320 0.004389 0.002250 0.000000 
50.000000 41.779972 33.908722 26.690679 20.350967 15.016437 10.714807 7.389417 4.923867 3.169743 1.971582 1.185385 0.689506 0.388674 0.213014 0.114226 0.060679 0.032685 0.018560 0.011677 0.008435 0.006958 0.006307 0.006029 0.005914 0.005868 0.005850 0.005843 0.005840 0.005839 0.005839 0.005838 0.005837 0.005835 0.005832 0.005824 0.005810 0.005786 0.005742 0.005670 0.005555 0.005379 0.005121 0.004758 0.004271 0.003647 0.002887 0.002004 0.001027 0.000000 
50.000000 41.779437 33.907675 26.689164 20.349040 15.014163 10.712255 7.386650 4.920941 3.166704 1.968465 1.182218 0.686308 0.385456 0.209785 0.110990 0.057440 0.029445 0.015319 0.008435 0.005193 0.003716 0.003065 0.002787 0.002672 0.002625 0.002607 0.002601 0.002598 0.002597 0.002597 0.002596 0.002596 0.002595 0.002593 0.002590 0.002584 0.002572 0.002553 0.002520 0.002468 0.002389 0.002273 0.002111 0.001894 0.001617 0.001279 0.000887 0.000455 0.000000 
50.000000 41.779194 33.907199 26.688474 20.348163 15.013128 10.711093 7.385390 4.919608 3.165320 1.967046 1.180776 0.684851 0.383991 0.208315 0.109517 0.055965 0.027969 0.013843 0.006959 0.003717 0.002240 0.001588 0.001310 0.001195 0.001149 0.001131 0.001124 0.001122 0.001121 0.001121 0.001120 0.001120 0.001120 0.001119 0.001118 0.001115 0.001110 0.001101 0.001087 0.001064 0.001030 0.000979 0.000909 0.000815 0.000695 0.000550 0.000381 0.000195 0.000000 
50.000000 41.779087 33.906989 26.688170 20.347777 15.012673 10.710582 7.384836 4.919023 3.164712 1.966422 1.180142 0.684211 0.383347 0.207669 0.108870 0.055317 0.027321 0.013195 0.006311 0.003068 0.001591 0.000940 0.000662 0.000547 0.000500 0.000482 0.000476 0.000473 0.000472 0.000472 0.000472 0.000472 0.000471 0.000471 0.000471 0.000469 0.000467 0.000464 0.000457 0.000448 0.000433 0.000412 0.000382 0.000342 0.000292 0.000231 0.000160 0.000082 0.000000 
50.000000 41.779042 33.906902 26.688043 20.347615 15.012483 10.710368 7.384605 4.918778 3.164457 1.966162 1.179877 0.683944 0.383077 0.207399 0.108599 0.055046 0.027050 0.012923 0.006039 0.002797 0.001320 0.000668 0.000390 0.000275 0.000229 0.000211 0.000204 0.000202 0.000201 0.000201 0.000201 0.000200 0.000200 0.000200 0.000200 0.000199 0.000199 0.000197 0.000194 0.000190 0.000184 0.000175 0.000162 0.000145 0.000124 0.000098 0.000068 0.000035 0.000000 
50.000000 41.779026 33.906870 26.687998 20.347558 15.012415 10.710292 7.384522 4.918690 3.164366 1.966068 1.179782 0.683848 0.382981 0.207302 0.108502 0.054949 0.026953 0.012826 0.005942 0.002700 0.001223 0.000571 0.000293 0.000178 0.000132 0.000114 0.000107 0.000105 0.000104 0.000104 0.000103 0.000103 0.000103 0.000103 0.000103 0.000103 0.000102 0.000102 0.000100 0.000098 0.000095 0.000090 0.000083 0.000075 0.000064 0.000050 0.000035 0.000018 0.000000 
50.000000 41.779026 33.906870 26.687998 20.347558 15.012415 10.710292 7.384522 4.918690 3.164366 1.966068 1.179782 0.683848 0.382981 0.207302 0.108502 0.054949 0.026953 0.012826 0.005942 0.002700 0.001223 0.000571 0.000293 0.000178 0.000132 0.000114 0.000107 0.000105 0.000104 0.000104 0.000103 0.000103 0.000103 0.000103 0.000103 0.000103 0.000102 0.000102 0.000100 0.000098 0.000095 0.000090 0.000083 0.000075 0.000064 0.000050 0.000035 0.000018 0.000000 
50.000000 41.779042 33.906902 26.688043 20.347615 15.012483 10.710368 7.384605 4.918778 3.164457 1.966162 1.179877 0.683944 0.383077 0.207399 0.108599 0.055046 0.027050 0.012923 0.006039 0.002797 0.001320 0.000668 0.000390 0.000275 0.000229 0.000211 0.000204 0.000202 0.000201 0.000201 0.000201 0.000200 0.000200 0.000200 0.000200 0.000199 0.000199 0.000197 0.000194 0.000190 0.000184 0.000175 0.000162 0.000145 0.000124 0.000098 0.000068 0.000035 0.000000 
50.000000 41.779087 33.906989 26.688170 20.347777 15.012673 10.710582 7.384836 4.919023 3.164712 1.966422 1.180142 0.684211 0.383347 0.207669 0.108870 0.055317 0.027321 0.013195 0.006311 0.003068 0.001591 0.000940 0.000662 0.000547 0.000500 0.000482 0.000476 0.000473 0.000472 0.000472 0.000472 0.000472 0.000471 0.000471 0.000471 0.000469 0.000467 0.000464 0.000457 0.000448 0.000433 0.000412 0.000382 0.000342 0.000292 0.000231 0.000160 0.000082 0.000000 
50.000000 41.779194 33.907199 26.688474 20.348163 15.013128 10.711093 7.385390 4.919608 3.165320 1.967046 1.180776 0.684851 0.383991 0.208315 0.109517 0.055965 0.027969 0.013843 0.006959 0.003717 0.002240 0.001588 0.001310 0.001195 0.001149 0.001131 0.001124 0.001122 0.001121 0.001121 0.001120 0.001120 0.001120 0.001119 0.001118 0.001115 0.001110 0.001101 0.001087 0.001064 0.001030 0.000979 0.000909 0.000815 0.000695 0.000550 0.000381 0.000195 0.000000 
50.000000 41.779437 33.907675 26.689164 20.349040 15.014163 10.712255 7.386650 4.920941 3.166704 1.968465 1.182218 0.686308 0.385456 0.209785 0.110990 0.057440 0.029445 0.015319 0.008435 0.005193 0.003716 0.003065 0.002787 0.002672 0.002625 0.002607 0.002601 0.002598 0.002597 0.002597 0.002596 0.002596 0.002595 0.002593 0.002590 0.002584 0.002572 0.002553 0.002520 0.002468 0.002389 0.002273 0.002111 0.001894 0.001617 0.001279 0.000887 0.000455 0.000000 
50.000000 41.779972 33.908722 26.690679 20.350967 15.016437 10.714807 7.389417 4.923867 3.169743 1.971582 1.185385 0.689506 0.388674 0.213014 0.114226 0.060679 0.032685 0.018560 0.011677 0.008435 0.006958 0.006307 0.006029 0.005914 0.005868 0.005850 0.005843 0.005840 0.005839 0.005839 0.005838 0.005837 0.005835 0.005832 0.005824 0.005810 0.005786 0.005742 0.005670 0.005555 0.005379 0.005121 0.004758 0.004271 0.003647 0.002887 0.002004 0.001027 0.000000 
50.000000 41.781107 33.910943 26.693896 20.355058 15.021262 10.720224 7.395292 4.930080 3.176196 1.978198 1.192109 0.696298 0.395506 0.219871 0.121095 0.067555 0.039566 0.025443 0.018560 0.015319 0.013842 0.013191 0.012913 0.012798 0.012752 0.012734 0.012727 0.012724 0.012723 0.012722 0.012722 0.012720 0.012716 0.012708 0.012692 0.012663 0.012610 0.012518 0.012364 0.012117 0.011738 0.011180 0.010394 0.009336 0.007979 0.006320 0.004389 0.002250 0.000000 
50.000000 41.783435 33.915500 26.700496 20.363452 15.031163 10.731340 7.407345 4.942827 3.189437 1.991776 1.205906 0.710234 0.409526 0.233939 0.135192 0.081667 0.053685 0.039566 0.032685 0.029444 0.027968 0.027317 0.027039 0.026924 0.026878 0.026860 0.026853 0.026850 0.026849 0.026848 0.026846 0.026842 0.026834 0.026818 0.026786 0.026726 0.026618 0.026428 0.026111 0.025599 0.024811 0.023645 0.021999 0.019776 0.016916 0.013408 0.009316 0.004779 0.000000 
50.000000 41.788047 33.924528 26.713573 20.380082 15.050782 10.753366 7.431231 4.968089 3.215677 2.018683 1.233250 0.737853 0.437312 0.261822 0.163129 0.109633 0.081667 0.067555 0.060679 0.057440 0.055964 0.055313 0.055036 0.054921 0.054875 0.054857 0.054850 0.054847 0.054845 0.054843 0.054840 0.054832 0.054817 0.054785 0.054722 0.054604 0.054389 0.054013 0.053381 0.052358 0.050775 0.048425 0.045090 0.040573 0.034737 0.027558 0.019161 0.009833 0.000000 
50.000000 41.796869 33.941795 26.738582 20.411888 15.088303 10.795493 7.476914 5.016407 3.265867 2.070149 1.285553 0.790683 0.490460 0.315157 0.216568 0.163129 0.135192 0.121095 0.114226 0.110990 0.109516 0.108866 0.108589 0.108474 0.108428 0.108410 0.108403 0.108400 0.108397 0.108394 0.108388 0.108374 0.108344 0.108284 0.108166 0.107942 0.107533 0.106814 0.105599 0.103628 0.100560 0.095986 0.089466 0.080590 0.069075 0.054857 0.038175 0.019602 0.000000 
50.000000 41.813139 33.973643 26.784712 20.470555 15.157515 10.873201 7.561185 5.105540 3.358455 2.165094 1.382043 0.888146 0.588513 0.413553 0.315157 0.261822 0.233939 0.219871 0.213014 0.209785 0.208314 0.207665 0.207388 0.207274 0.207227 0.207209 0.207202 0.207199 0.207196 0.207190 0.207179 0.207153 0.207100 0.206991 0.206777 0.206368 0.205620 0.204298 0.202054 0.198394 0.192667 0.184082 0.171777 0.154938 0.132978 0.105740 0.073661 0.037850 0.000000 
50.000000 41.842063 34.030262 26.866719 20.574855 15.280563 11.011359 7.711016 5.264017 3.523079 2.333912 1.553610 1.061445 0.762861 0.588513 0.490460 0.437312 0.409526 0.395506 0.388673 0.385455 0.383989 0.383343 0.383067 0.382953 0.382907 0.382889 0.382881 0.382877 0.382872 0.382863 0.382843 0.382800 0.382708 0.382519 0.382145 0.381431 0.380115 0.377781 0.373797 0.367262 0.356975 0.341458 0.319073 0.288243 0.247793 0.197341 0.137649 0.070790 0.000000 
50.000000 41.891589 34.127206 27.007139 20.753448 15.491264 11.247938 7.967588 5.535404 3.804996 2.623017 1.847426 1.358230 1.061445 0.888146 0.790683 0.737853 0.710234 0.696298 0.689506 0.686307 0.684850 0.684207 0.683933 0.683819 0.683774 0.683756 0.683748 0.683743 0.683736 0.683721 0.683688 0.683617 0.683464 0.683150 0.682526 0.681330 0.679115 0.675164 0.668378 0.657176 0.639421 0.612444 0.573234 0.518822 0.446903 0.356593 0.249132 0.128262 0.000000 
50.000000 41.973208 34.286975 27.238560 21.047786 15.838526 11.637859 8.390470 5.982711 4.269669 3.099544 2.331725 1.847426 1.553610 1.382043 1.285553 1.233250 1.205906 1.192109 1.185384 1.182217 1.180774 1.180138 1.179866 1.179754 1.179709 1.179690 1.179682 1.179676 1.179665 1.179642 1.179591 1.179478 1.179237 1.178739 1.177745 1.175829 1.172263 1.165862 1.154799 1.136400 1.107007 1.061975 0.995938 0.903468 0.780150 0.623997 0.436849 0.225218 0.000000 
50.000000 42.102588 34.540237 27.605408 21.514379 16.389026 12.255997 9.060876 6.691851 5.006354 3.855032 3.099544 2.623017 2.333912 2.165094 2.070149 2.018683 1.991776 1.978198 1.971582 1.968465 1.967045 1.966419 1.966151 1.966041 1.965996 1.965978 1.965969 1.965960 1.965945 1.965911 1.965835 1.965665 1.965302 1.964549 1.963040 1.960115 1.954638 1.944745 1.927516 1.898630 1.852068 1.780033 1.673295 1.522199 1.318486 1.057824 0.742542 0.383524 0.000000 
50.000000 42.299729 34.926145 28.164400 22.225369 17.227887 13.197944 10.082490 7.772511 6.129006 5.006354 4.269669 3.804996 3.523079 3.358455 3.265867 3.215677 3.189437 3.176196 3.169743 3.166703 3.165319 3.164708 3.164447 3.164339 3.164295 3.164277 3.164267 3.164257 3.164236 3.164188 3.164079 3.163838 3.163319 3.162238 3.160061 3.155816 3.147820 3.133269 3.107724 3.064503 2.994121 2.884001 2.718817 2.481910 2.158167 1.738413 1.224618 0.634097 0.000000 
50.000000 42.588302 35.491036 28.982658 23.266137 18.455858 14.576841 11.578034 9.354520 7.772511 6.691851 5.982711 5.535404 5.264017 5.105540 5.016407 4.968089 4.942827 4.930080 4.923867 4.920940 4.919607 4.919019 4.918768 4.918664 4.918621 4.918603 4.918593 4.918580 4.918552 4.918488 4.918342 4.918017 4.917315 4.915847 4.912873 4.907043 4.895983 4.875703 4.839783 4.778391 4.677260 4.516964 4.273013 3.917567 3.423637 2.772310 1.962403 1.019677 0.000000 
50.000000 42.993855 36.284924 30.132636 24.728850 20.181693 16.514824 13.679993 11.578034 10.082490 9.060876 8.390470 7.967588 7.711016 7.561185 7.476914 7.431231 7.407345 7.395292 7.389417 7.386650 7.385389 7.384833 7.384596 7.384497 7.384457 7.384439 7.384428 7.384412 7.384377 7.384297 7.384112 7.383700 7.382806 7.380928 7.377103 7.369558 7.355144 7.328495 7.280843 7.198489 7.061070 6.839996 6.497788 5.989573 5.268449 4.296508 3.062004 1.599188 0.000000 
50.000000 43.540774 37.355547 31.683488 26.701475 22.509196 19.128470 16.514824 14.576841 13.197944 12.255997 11.637859 11.247938 11.011359 10.873201 10.795493 10.753366 10.731340 10.720224 10.714807 10.712255 10.711092 10.710579 10.710360 10.710269 10.710231 10.710215 10.710203 10.710185 10.710144 10.710049 10.709831 10.709341 10.708276 10.706027 10.701424 10.692286 10.674704 10.641920 10.582702 10.479127 10.303828 10.017035 9.564235 8.876154 7.873991 6.484143 4.666651 2.456437 0.000000 
50.000000 44.248176 38.740331 33.689435 29.252988 25.519763 22.509196 20.181693 18.455858 17.227887 16.389026 15.838526 15.491264 15.280563 15.157515 15.088303 15.050782 15.031163 15.021262 15.016436 15.014163 15.013127 15.012670 15.012475 15.012394 15.012360 15.012345 15.012333 15.012314 15.012270 15.012166 15.011926 15.011387 15.010209 15.007713 15.002577 14.992320 14.972442 14.935058 14.866827 14.745977 14.538291 14.192120 13.633042 12.759882 11.446105 9.554516 6.978182 3.720393 0.000000 
50.000000 45.125358 40.457479 36.176846 32.416936 29.252988 26.701475 24.728850 23.266137 22.225369 21.514379 21.047786 20.753448 20.574855 20.470555 20.411888 20.380082 20.363451 20.355058 20.350967 20.349040 20.348162 20.347774 20.347609 20.347540 20.347512 20.347498 20.347487 20.347468 20.347424 20.347320 20.347079 20.346536 20.345346 20.342813 20.337577 20.327062 20.306545 20.267636 20.195893 20.067202 19.842500 19.460401 18.827484 17.806883 16.208468 13.791098 10.303532 5.616732 0.000000 
50.000000 46.167751 42.498045 39.132765 36.176846 33.689435 31.683488 30.132636 28.982658 28.164400 27.605408 27.238560 27.007139 26.866719 26.784712 26.738582 26.713573 26.700496 26.693896 26.690679 26.689164 26.688473 26.688168 26.688038 26.687984 26.687962 26.687951 26.687941 26.687924 26.687885 26.687792 26.687576 26.687088 26.686016 26.683726 26.678972 26.669378 26.650546 26.614563 26.547584 26.425987 26.210347 25.836128 25.199345 24.134919 22.385748 19.566383 15.151535 8.608214 0.000000 
50.000000 47.354496 44.821197 42.498045 40.457479 38.740331 37.355547 36.284924 35.491036 34.926145 34.540237 34.286975 34.127206 34.030262 33.973643 33.941795 33.924528 33.915500 33.910943 33.908722 33.907675 33.907198 33.906988 33.906898 33.906861 33.906845 33.906837 33.906830 33.906818 33.906788 33.906718 33.906554 33.906183 33.905367 33.903620 33.899983 33.892612 33.878074 33.850126 33.797695 33.701527 33.528633 33.222920 32.688896 31.762149 30.153947 27.346510 22.410599 13.808940 0.000000 
50.000000 48.648590 47.354496 46.167751 45.125358 44.248176 43.540774 42.993855 42.588302 42.299729 42.102588 41.973208 41.891589 41.842063 41.813139 41.796869 41.788047 41.783435 41.781107 41.779972 41.779437 41.779193 41.779086 41.779040 41.779021 41.779013 41.779009 41.779005 41.778999 41.778983 41.778945 41.778856 41.778656 41.778214 41.777266 41.775289 41.771273 41.763327 41.747989 41.719064 41.665632 41.568625 41.394667 41.084337 40.527783 39.508626 37.559537 33.545557 24.324295 0.000000 
50.000000 50.000000 50.000000 50.000000 50.000000 50.000000 50.000000 50.000000 50.000000 50.000000 50.000000 50.000000 50.000000 50.000000 50.000000 50.000000 50.000000 50.000000 50.000000 50.000000 50.000000 50.000000 50.000000 50.000000 50.000000 50.000000 50.000000 50.000000 50.000000 50.000000 50.000000 50.000000 50.000000 50.000000 50.000000 50.000000 50.000000 50.000000 50.000000 50.000000 50.000000 50.000000 50.000000 50.000000 50.000000 50.000000 50.000000 50.000000 50.000000 50.000000 
