50.000000 50.000000 50.000000 50.000000 50.000000 50.000000 50.000000 50.000000 50.000000 50.000000 50.000000 50.000000 50.000000 50.000000 50.000000 50.000000 50.000000 50.000000 50.000000 50.000000 50.000000 50.000000 50.000000 50.000000 50.000000 50.000000 50.000000 50.000000 50.000000 50.000000 50.000000 50.000000 50.000000 50.000000 50.000000 50.000000 50.000000 50.000000 50.000000 50.000000 50.000000 50.000000 50.000000 50.000000 50.000000 50.000000 50.000000 50.000000 50.000000 50.000000 
50.000000 48.779183 47.605146 46.519296 45.553322 44.726633 44.045864 43.506283 43.094513 42.791854 42.577502 42.431161 42.334805 42.273587 42.236039 42.213794 42.201057 42.194004 42.190227 42.188267 42.187283 42.186804 42.186578 42.186474 42.186427 42.186407 42.186396 42.186386 42.186370 42.186336 42.186260 42.186094 42.185741 42.185005 42.183513 42.180561 42.174858 42.164098 42.144235 42.108294 42.044391 41.932337 41.737584 41.399619 40.807772 39.745315 37.745208 33.673515 24.389592 0.000000 
50.000000 47.605146 45.302060 43.171971 41.277046 39.655354 38.319914 37.261440 36.453691 35.859984 35.439505 35.152438 34.963425 34.843341 34.769687 34.726052 34.701067 34.687234 34.679824 34.675981 34.674050 34.673110 34.672667 34.672463 34.672372 34.672331 34.672310 34.672292 34.672262 34.672198 34.672056 34.671747 34.671089 34.669721 34.666951 34.661480 34.650941 34.631116 34.594664 34.529052 34.413207 34.212041 33.867254 33.281305 32.288244 30.598680 27.695380 22.651030 13.931631 0.000000 
50.000000 46.519296 43.171971 40.076089 37.322001 34.965040 33.024126 31.485760 30.311800 29.448928 28.837825 28.420621 28.145923 27.971403 27.864363 27.800949 27.764640 27.744537 27.733768 27.728183 27.725378 27.724012 27.723368 27.723072 27.722939 27.722880 27.722850 27.722825 27.722784 27.722699 27.722509 27.722097 27.721220 27.719401 27.715728 27.708496 27.694619 27.668639 27.621158 27.536358 27.388157 27.134296 26.707249 26.000265 24.846183 22.987014 20.038044 15.476591 8.774088 0.000000 
50.000000 45.553322 41.277046 37.322001 33.803618 30.792585 28.313069 26.347821 24.848112 23.745822 22.965166 22.432212 22.081308 21.858375 21.721643 21.640639 21.594260 21.568582 21.554827 21.547694 21.544111 21.542367 21.541543 21.541165 21.540996 21.540921 21.540883 21.540853 21.540807 21.540709 21.540494 21.540027 21.539035 21.536984 21.532856 21.524763 21.509307 21.480548 21.428381 21.336087 21.176718 20.907940 20.464923 19.751054 18.627067 16.901809 14.334987 10.678366 5.808008 0.000000 
50.000000 44.726633 39.655354 34.965040 30.792585 27.221817 24.281393 21.950852 20.172399 18.865246 17.939516 17.307528 16.891424 16.627074 16.464942 16.368892 16.313899 16.283453 16.267144 16.258687 16.254439 16.252370 16.251394 16.250946 16.250746 16.250657 16.250614 16.250581 16.250533 16.250433 16.250214 16.249739 16.248734 16.246663 16.242511 16.234410 16.219027 16.190597 16.139456 16.049900 15.897219 15.643798 15.234418 14.591343 13.610908 12.165518 10.118858 7.367110 3.918861 0.000000 
50.000000 44.045864 38.319914 33.024126 28.313069 24.281393 20.961449 18.330131 16.322174 14.846354 13.801187 13.087672 12.617897 12.319454 12.136417 12.027984 11.965902 11.931532 11.913122 11.903575 11.898780 11.896445 11.895343 11.894838 11.894612 11.894513 11.894465 11.894431 11.894385 11.894290 11.894085 11.893642 11.892707 11.890787 11.886955 11.879516 11.865476 11.839714 11.793773 11.714160 11.580141 11.361103 11.013858 10.480725 9.690049 8.562015 7.023861 5.038609 2.646245 0.000000 
50.000000 43.506283 37.261440 31.485760 26.347821 21.950852 18.330131 15.460449 13.270621 11.661148 10.521344 9.743233 9.230937 8.905487 8.705889 8.587648 8.519953 8.482475 8.462401 8.451991 8.446763 8.444218 8.443016 8.442465 8.442220 8.442111 8.442061 8.442028 8.441986 8.441903 8.441723 8.441338 8.440527 8.438871 8.435579 8.429221 8.417297 8.395578 8.357179 8.291312 8.181769 8.005287 7.730225 7.316273 6.716433 5.882898 4.778511 3.394186 1.768699 0.000000 
50.000000 43.094513 36.453691 30.311800 24.848112 20.172399 16.322174 13.270621 10.942032 9.230593 8.018594 7.191210 6.646482 6.300434 6.088207 5.962487 5.890512 5.850665 5.829323 5.818256 5.812697 5.809991 5.808714 5.808129 5.807868 5.807753 5.807701 5.807669 5.807633 5.807564 5.807417 5.807102 5.806442 5.805099 5.802442 5.797340 5.787827 5.770626 5.740468 5.689235 5.604986 5.471016 5.265334 4.961071 4.528601 3.940172 3.177504 2.241650 1.162175 0.000000 
50.000000 42.791854 35.859984 29.448928 23.745822 18.865246 14.846354 11.661148 9.230593 7.444233 6.179191 5.315607 4.747054 4.385877 4.164375 4.033163 3.958045 3.916459 3.894185 3.882636 3.876835 3.874011 3.872678 3.872068 3.871795 3.871677 3.871623 3.871594 3.871563 3.871509 3.871395 3.871151 3.870644 3.869615 3.867588 3.863717 3.856543 3.843660 3.821250 3.783522 3.722116 3.625608 3.479379 3.266213 2.968028 2.569104 2.060771 1.446777 0.747463 0.000000 
50.000000 42.577502 35.439505 28.837825 22.965166 17.939516 13.801187 10.521344 8.018594 6.179191 4.876598 3.987392 3.401976 3.030092 2.802027 2.666929 2.589587 2.546772 2.523840 2.511949 2.505977 2.503070 2.501697 2.501069 2.500789 2.500667 2.500613 2.500586 2.500561 2.500520 2.500435 2.500257 2.499886 2.499137 2.497670 2.494880 2.489741 2.480571 2.464736 2.438299 2.395668 2.329359 2.230031 2.087027 1.889616 1.629079 1.301467 0.910454 0.469208 0.000000 
50.000000 42.431161 35.152438 28.420621 22.432212 17.307528 13.087672 9.743233 7.191210 5.315607 3.987392 3.080702 2.483783 2.104595 1.872053 1.734305 1.655447 1.611793 1.588412 1.576289 1.570200 1.567236 1.565837 1.565196 1.564911 1.564787 1.564733 1.564707 1.564687 1.564657 1.564598 1.564473 1.564215 1.563696 1.562683 1.560767 1.557256 1.551030 1.540351 1.522656 1.494358 1.450743 1.386054 1.293899 1.168072 1.003831 0.799462 0.557774 0.286926 0.000000 
50.000000 42.334805 34.963425 28.145923 22.081308 16.891424 12.617897 9.230937 6.646482 4.747054 3.401976 2.483783 1.879294 1.495302 1.259816 1.120325 1.040470 0.996265 0.972589 0.960312 0.954147 0.951146 0.949729 0.949080 0.948792 0.948667 0.948613 0.948588 0.948572 0.948551 0.948511 0.948427 0.948256 0.947912 0.947244 0.945986 0.943692 0.939647 0.932753 0.921406 0.903394 0.875855 0.835359 0.778183 0.700827 0.600759 0.477285 0.332309 0.170706 0.000000 
50.000000 42.273587 34.843341 27.971403 21.858375 16.627074 12.319454 8.905487 6.300434 4.385877 3.030092 2.104595 1.495302 1.108259 0.870905 0.730309 0.649821 0.605266 0.581403 0.569030 0.562815 0.559791 0.558363 0.557709 0.557418 0.557292 0.557239 0.557215 0.557201 0.557187 0.557161 0.557107 0.556998 0.556780 0.556358 0.555566 0.554130 0.551610 0.547338 0.540351 0.529334 0.512606 0.488190 0.453979 0.408046 0.349067 0.276785 0.192399 0.098729 0.000000 
50.000000 42.236039 34.769687 27.864363 21.721643 16.464942 12.136417 8.705889 6.088207 4.164375 2.802027 1.872053 1.259816 0.870905 0.632406 0.491132 0.410258 0.365488 0.341510 0.329078 0.322834 0.319795 0.318360 0.317703 0.317411 0.317285 0.317231 0.317208 0.317197 0.317186 0.317170 0.317137 0.317070 0.316937 0.316681 0.316203 0.315339 0.313830 0.311286 0.307147 0.300658 0.290868 0.276667 0.256900 0.230531 0.196880 0.155867 0.108207 0.055478 0.000000 
50.000000 42.213794 34.726052 27.800949 21.640639 16.368892 12.027984 8.587648 5.962487 4.033163 2.666929 1.734305 1.120325 0.730309 0.491132 0.349458 0.268354 0.223458 0.199412 0.186945 0.180684 0.177636 0.176197 0.175539 0.175246 0.175119 0.175066 0.175043 0.175033 0.175025 0.175015 0.174995 0.174956 0.174878 0.174729 0.174451 0.173951 0.173082 0.171622 0.169260 0.165575 0.160045 0.152069 0.141028 0.126381 0.107783 0.085221 0.059101 0.030281 0.000000 
50.000000 42.201057 34.701067 27.764640 21.594260 16.313899 11.965902 8.519953 5.890512 3.958045 2.589587 1.655447 1.040470 0.649821 0.410258 0.268354 0.187120 0.142151 0.118067 0.105579 0.099308 0.096255 0.094815 0.094155 0.093861 0.093734 0.093681 0.093659 0.093649 0.093644 0.093637 0.093626 0.093604 0.093560 0.093476 0.093320 0.093042 0.092559 0.091751 0.090450 0.088430 0.085413 0.081082 0.075115 0.067236 0.057276 0.045239 0.031346 0.016051 0.000000 
50.000000 42.194004 34.687234 27.744537 21.568582 16.283453 11.931533 8.482475 5.850666 3.916459 2.546772 1.611793 0.996265 0.605266 0.365488 0.223458 0.142151 0.097143 0.073037 0.060539 0.054262 0.051206 0.049764 0.049104 0.048810 0.048683 0.048630 0.048608 0.048599 0.048594 0.048590 0.048584 0.048572 0.048548 0.048502 0.048418 0.048268 0.048010 0.047578 0.046886 0.045816 0.044224 0.041948 0.038826 0.034720 0.029548 0.023317 0.016145 0.008264 0.000000 
50.000000 42.190227 34.679824 27.733768 21.554827 16.267144 11.913122 8.462401 5.829323 3.894186 2.523840 1.588412 0.972589 0.581403 0.341511 0.199413 0.118067 0.073037 0.048920 0.036416 0.030136 0.027079 0.025636 0.024976 0.024682 0.024555 0.024502 0.024480 0.024471 0.024467 0.024464 0.024460 0.024454 0.024441 0.024418 0.024374 0.024296 0.024162 0.023939 0.023583 0.023035 0.022221 0.021064 0.019481 0.017406 0.014801 0.011671 0.008077 0.004132 0.000000 
50.000000 42.188267 34.675981 27.728184 21.547695 16.258687 11.903576 8.451992 5.818256 3.882637 2.511950 1.576289 0.960313 0.569030 0.329079 0.186946 0.105580 0.060539 0.036416 0.023909 0.017627 0.014570 0.013127 0.012466 0.012172 0.012045 0.011992 0.011970 0.011961 0.011957 0.011955 0.011953 0.011950 0.011944 0.011932 0.011910 0.011870 0.011803 0.011692 0.011515 0.011242 0.010840 0.010269 0.009491 0.008474 0.007201 0.005675 0.003925 0.002007 0.000000 
50.000000 42.187284 34.674051 27.725379 21.544112 16.254440 11.898781 8.446765 5.812699 3.876837 2.505979 1.570202 0.954149 0.562817 0.322836 0.180686 0.099310 0.054264 0.030138 0.017629 0.011346 0.008288 0.006845 0.006184 0.005890 0.005763 0.005710 0.005688 0.005680 0.005676 0.005674 0.005673 0.005671 0.005668 0.005662 0.005652 0.005633 0.005600 0.005546 0.005461 0.005330 0.005137 0.004864 0.004493 0.004009 0.003404 0.002681 0.001854 0.000948 0.000000 
50.000000 42.186805 34.673112 27.724015 21.542370 16.252374 11.896450 8.444222 5.809996 3.874016 2.503075 1.567241 0.951151 0.559796 0.319800 0.177641 0.096261 0.051212 0.027084 0.014574 0.008292 0.005234 0.003790 0.003129 0.002835 0.002709 0.002655 0.002633 0.002625 0.002621 0.002620 0.002619 0.002618 0.002617 0.002614 0.002609 0.002600 0.002584 0.002559 0.002519 0.002458 0.002368 0.002241 0.002069 0.001845 0.001566 0.001233 0.000852 0.000436 0.000000 
50.000000 42.186580 34.672671 27.723374 21.541551 16.251404 11.895354 8.443028 5.808726 3.872691 2.501711 1.565851 0.949743 0.558377 0.318374 0.176211 0.094828 0.049778 0.025650 0.013140 0.006857 0.003799 0.002356 0.001695 0.001401 0.001274 0.001220 0.001199 0.001190 0.001187 0.001185 0.001185 0.001184 0.001183 0.001182 0.001180 0.001176 0.001169 0.001157 0.001139 0.001111 0.001070 0.001012 0.000934 0.000832 0.000706 0.000556 0.000384 0.000196 0.000000 
50.000000 42.186480 34.672475 27.723088 21.541186 16.250971 11.894866 8.442496 5.808161 3.872101 2.501103 1.565231 0.949116 0.557744 0.317739 0.175574 0.094190 0.049139 0.025011 0.012501 0.006218 0.003160 0.001716 0.001055 0.000761 0.000634 0.000581 0.000559 0.000551 0.000547 0.000546 0.000546 0.000545 0.000545 0.000544 0.000543 0.000541 0.000538 0.000532 0.000524 0.000511 0.000492 0.000465 0.000429 0.000382 0.000324 0.000255 0.000176 0.000090 0.000000 
50.000000 42.186442 34.672401 27.722981 21.541049 16.250808 11.894682 8.442295 5.807948 3.871879 2.500874 1.564998 0.948879 0.557506 0.317500 0.175334 0.093950 0.048899 0.024770 0.012260 0.005977 0.002919 0.001476 0.000815 0.000521 0.000394 0.000340 0.000319 0.000310 0.000307 0.000305 0.000305 0.000305 0.000304 0.000304 0.000303 0.000302 0.000300 0.000297 0.000293 0.000285 0.000275 0.000260 0.000239 0.000213 0.000181 0.000142 0.000098 0.000050 0.000000 
50.000000 42.186442 34.672401 27.722981 21.541049 16.250808 11.894682 8.442295 5.807948 3.871879 2.500874 1.564998 0.948879 0.557506 0.317500 0.175334 0.093950 0.048899 0.024770 0.012260 0.005977 0.002919 0.001476 0.000815 0.000521 0.000394 0.000340 0.000319 0.000310 0.000307 0.000305 0.000305 0.000305 0.000304 0.000304 0.000303 0.000302 0.000300 0.000297 0.000293 0.000285 0.000275 0.000260 0.000239 0.000213 0.000181 0.000142 0.000098 0.000050 0.000000 
50.000000 42.186480 34.672475 27.723088 21.541186 16.250971 11.894866 8.442496 5.808161 3.872101 2.501103 1.565231 0.949116 0.557744 0.317739 0.175574 0.094190 0.049139 0.025011 0.012501 0.006218 0.003160 0.001716 0.001055 0.000761 0.000634 0.000581 0.000559 0.000551 0.000547 0.000546 0.000546 0.000545 0.000545 0.000544 0.000543 0.000541 0.000538 0.000532 0.000524 0.000511 0.000492 0.000465 0.000429 0.000382 0.000324 0.000255 0.000176 0.000090 0.000000 
50.000000 42.186580 34.672671 27.723374 21.541551 16.251404 11.895354 8.443028 5.808726 3.872691 2.501711 1.565851 0.949743 0.558377 0.318374 0.176211 0.094828 0.049778 0.025650 0.013140 0.006857 0.003799 0.002356 0.001695 0.001401 0.001274 0.001220 0.001199 0.001190 0.001187 0.001185 0.001185 0.001184 0.001183 0.001182 0.001180 0.001176 0.001169 0.001157 0.001139 0.001111 0.001070 0.001012 0.000934 0.000832 0.000706 0.000556 0.000384 0.000196 0.000000 
50.000000 42.186805 34.673112 27.724015 21.542370 16.252374 11.896450 8.444222 5.809996 3.874016 2.503075 1.567241 0.951151 0.559796 0.319800 0.177641 0.096261 0.051212 0.027084 0.014574 0.008292 0.005234 0.003790 0.003129 0.002835 0.002709 0.002655 0.002633 0.002625 0.002621 0.002620 0.002619 0.002618 0.002617 0.002614 0.002609 0.002600 0.002584 0.002559 0.002519 0.002458 0.002368 0.002241 0.002069 0.001845 0.001566 0.001233 0.000852 0.000436 0.000000 
50.000000 42.187284 34.674051 27.725379 21.544112 16.254440 11.898781 8.446765 5.812699 3.876837 2.505979 1.570202 0.954149 0.562817 0.322836 0.180686 0.099310 0.054264 0.030138 0.017629 0.011346 0.008288 0.006845 0.006184 0.005890 0.005763 0.005710 0.005688 0.005680 0.005676 0.005674 0.005673 0.005671 0.005668 0.005662 0.005652 0.005633 0.005600 0.005546 0.005461 0.005330 0.005137 0.004864 0.004493 0.004009 0.003404 0.002681 0.001854 0.000948 0.000000 
50.000000 42.188267 34.675981 27.728184 21.547695 16.258687 11.903576 8.451992 5.818256 3.882637 2.511950 1.576289 0.960313 0.569030 0.329079 0.186946 0.105580 0.060539 0.036416 0.023909 0.017627 0.014570 0.013127 0.012466 0.012172 0.012045 0.011992 0.011970 0.011961 0.011957 0.011955 0.011953 0.011950 0.011944 0.011932 0.011910 0.011870 0.011803 0.011692 0.011515 0.011242 0.010840 0.010269 0.009491 0.008474 0.007201 0.005675 0.003925 0.002007 0.000000 
50.000000 42.190227 34.679824 27.733768 21.554827 16.267144 11.913122 8.462401 5.829323 3.894186 2.523840 1.588412 0.972589 0.581403 0.341511 0.199413 0.118067 0.073037 0.048920 0.036416 0.030136 0.027079 0.025636 0.024976 0.024682 0.024555 0.024502 0.024480 0.024471 0.024467 0.024464 0.024460 0.024454 0.024441 0.024418 0.024374 0.024296 0.024162 0.023939 0.023583 0.023035 0.022221 0.021064 0.019481 0.017406 0.014801 0.011671 0.008077 0.004132 0.000000 
50.000000 42.194004 34.687234 27.744537 21.568582 16.283453 11.931533 8.482475 5.850666 3.916459 2.546772 1.611793 0.996265 0.605266 0.365488 0.223458 0.142151 0.097143 0.073037 0.060539 0.054262 0.051206 0.049764 0.049104 0.048810 0.048683 0.048630 0.048608 0.048599 0.048594 0.048590 0.048584 0.048572 0.048548 0.048502 0.048418 0.048268 0.048010 0.047578 0.046886 0.045816 0.044224 0.041948 0.038826 0.034720 0.029548 0.023317 0.016145 0.008264 0.000000 
50.000000 42.201057 34.701067 27.764640 21.594260 16.313899 11.965902 8.519953 5.890512 3.958045 2.589587 1.655447 1.040470 0.649821 0.410258 0.268354 0.187120 0.142151 0.118067 0.105579 0.099308 0.096255 0.094815 0.094155 0.093861 0.093734 0.093681 0.093659 0.093649 0.093644 0.093637 0.093626 0.093604 0.093560 0.093476 0.093320 0.093042 0.092559 0.091751 0.090450 0.088430 0.085413 0.081082 0.075115 0.067236 0.057276 0.045239 0.031346 0.016051 0.000000 
50.000000 42.213794 34.726052 27.800949 21.640639 16.368892 12.027984 8.587648 5.962487 4.033163 2.666929 1.734305 1.120325 0.730309 0.491132 0.349458 0.268354 0.223458 0.199412 0.186945 0.180684 0.177636 0.176197 0.175539 0.175246 0.175119 0.175066 0.175043 0.175033 0.175025 0.175015 0.174995 0.174956 0.174878 0.174729 0.174451 0.173951 0.173082 0.171622 0.169260 0.165575 0.160045 0.152069 0.141028 0.126381 0.107783 0.085221 0.059101 0.030281 0.000000 
50.000000 42.236039 34.769687 27.864363 21.721643 16.464942 12.136417 8.705889 6.088207 4.164375 2.802027 1.872053 1.259816 0.870905 0.632406 0.491132 0.410258 0.365488 0.341510 0.329078 0.322834 0.319795 0.318360 0.317703 0.317411 0.317285 0.317231 0.317208 0.317197 0.317186 0.317170 0.317137 0.317070 0.316937 0.316681 0.316203 0.315339 0.313830 0.311286 0.307147 0.300658 0.290868 0.276667 0.256900 0.230531 0.196880 0.155867 0.108207 0.055478 0.000000 
50.000000 42.273587 34.843341 27.971403 21.858375 16.627074 12.319454 8.905487 6.300434 4.385877 3.030092 2.104595 1.495302 1.108259 0.870905 0.730309 0.649821 0.605266 0.581403 0.569030 0.562815 0.559791 0.558363 0.557709 0.557418 0.557292 0.557239 0.557215 0.557201 0.557187 0.557161 0.557107 0.556998 0.556780 0.556358 0.555566 0.554130 0.551610 0.547338 0.540351 0.529334 0.512606 0.488190 0.453979 0.408046 0.349067 0.276785 0.192399 0.098729 0.000000 
50.000000 42.334805 34.963425 28.145923 22.081308 16.891424 12.617897 9.230937 6.646482 4.747054 3.401976 2.483783 1.879294 1.495302 1.259816 1.120325 1.040470 0.996265 0.972589 0.960312 0.954147 0.951146 0.949729 0.949080 0.948792 0.948667 0.948613 0.948588 0.948572 0.948551 0.948511 0.948427 0.948256 0.947912 0.947244 0.945986 0.943692 0.939647 0.932753 0.921406 0.903394 0.875855 0.835359 0.778183 0.700827 0.600759 0.477285 0.332309 0.170706 0.000000 
50.000000 42.431161 35.152438 28.420621 22.432212 17.307528 13.087672 9.743233 7.191210 5.315607 3.987392 3.080702 2.483783 2.104595 1.872053 1.734305 1.655447 1.611793 1.588412 1.576289 1.570200 1.567236 1.565837 1.565196 1.564911 1.564787 1.564733 1.564707 1.564687 1.564657 1.564598 1.564473 1.564215 1.563696 1.562683 1.560767 1.557256 1.551030 1.540351 1.522656 1.494358 1.450743 1.386054 1.293899 1.168072 1.003831 0.799462 0.557774 0.286926 0.000000 
50.000000 42.577502 35.439505 28.837825 22.965166 17.939516 13.801187 10.521344 8.018594 6.179191 4.876598 3.987392 3.401976 3.030092 2.802027 2.666929 2.589587 2.546772 2.523840 2.511949 2.505977 2.503070 2.501697 2.501069 2.500789 2.500667 2.500613 2.500586 2.500561 2.500520 2.500435 2.500257 2.499886 2.499137 2.497670 2.494880 2.489741 2.480571 2.464736 2.438299 2.395668 2.329359 2.230031 2.087027 1.889616 1.629079 1.301467 0.910454 0.469208 0.000000 
50.000000 42.791854 35.859984 29.448928 23.745822 18.865246 14.846354 11.661148 9.230593 7.444233 6.179191 5.315607 4.747054 4.385877 4.164375 4.033163 3.958045 3.916459 3.894185 3.882636 3.876835 3.874011 3.872678 3.872068 3.871795 3.871677 3.871623 3.871594 3.871563 3.871509 3.871395 3.871151 3.870644 3.869615 3.867588 3.863717 3.856543 3.843660 3.821250 3.783522 3.722116 3.625608 3.479379 3.266213 2.968028 2.569104 2.060771 1.446777 0.747463 0.000000 
50.000000 43.094513 36.453691 30.311800 24.848112 20.172399 16.322174 13.270621 10.942032 9.230593 8.018594 7.191210 6.646482 6.300434 6.088207 5.962487 5.890512 5.850665 5.829323 5.818256 5.812697 5.809991 5.808714 5.808129 5.807868 5.807753 5.807701 5.807669 5.807633 5.807564 5.807417 5.807102 5.806442 5.805099 5.802442 5.797340 5.787827 5.770626 5.740468 5.689235 5.604986 5.471016 5.265334 4.961071 4.528601 3.940172 3.177504 2.241650 1.162175 0.000000 
50.000000 43.506283 37.261440 31.485760 26.347821 21.950852 18.330131 15.460449 13.270621 11.661148 10.521344 9.743233 9.230937 8.905487 8.705889 8.587648 8.519953 8.482475 8.462401 8.451991 8.446763 8.444218 8.443016 8.442465 8.442220 8.442111 8.442061 8.442028 8.441986 8.441903 8.441723 8.441338 8.440527 8.438871 8.435579 8.429221 8.417297 8.395578 8.357179 8.291312 8.181769 8.005287 7.730225 7.316273 6.716433 5.882898 4.778511 3.394186 1.768699 0.000000 
50.000000 44.045864 38.319914 33.024126 28.313069 24.281393 20.961449 18.330131 16.322174 14.846354 13.801187 13.087672 12.617897 12.319454 12.136417 12.027984 11.965902 11.931532 11.913122 11.903575 11.898780 11.896445 11.895343 11.894838 11.894612 11.894513 11.894465 11.894431 11.894385 11.894290 11.894085 11.893642 11.892707 11.890787 11.886955 11.879516 11.865476 11.839714 11.793773 11.714160 11.580141 11.361103 11.013858 10.480725 9.690049 8.562015 7.023861 5.038609 2.646245 0.000000 
50.000000 44.726633 39.655354 34.965040 30.792585 27.221817 24.281393 21.950852 20.172399 18.865246 17.939516 17.307528 16.891424 16.627074 16.464942 16.368892 16.313899 16.283453 16.267144 16.258687 16.254439 16.252370 16.251394 16.250946 16.250746 16.250657 16.250614 16.250581 16.250533 16.250433 16.250214 16.249739 16.248734 16.246663 16.242511 16.234410 16.219027 16.190597 16.139456 16.049900 15.897219 15.643798 15.234418 14.591343 13.610908 12.165518 10.118858 7.367110 3.918861 0.000000 
50.000000 45.553322 41.277046 37.322001 33.803618 30.792585 28.313069 26.347821 24.848112 23.745822 22.965166 22.432212 22.081308 21.858375 21.721643 21.640639 21.594260 21.568582 21.554827 21.547694 21.544111 21.542367 21.541543 21.541165 21.540996 21.540921 21.540883 21.540853 21.540807 21.540709 21.540494 21.540027 21.539035 21.536984 21.532856 21.524763 21.509307 21.480548 21.428381 21.336087 21.176718 20.907940 20.464923 19.751054 18.627067 16.901809 14.334987 10.678366 5.808008 0.000000 
50.000000 46.519296 43.171971 40.076089 37.322001 34.965040 33.024126 31.485760 30.311800 29.448928 28.837825 28.420621 28.145923 27.971403 27.864363 27.800949 27.764640 27.744537 27.733768 27.728183 27.725378 27.724012 27.723368 27.723072 27.722939 27.722880 27.722850 27.722825 27.722784 27.722699 27.722509 27.722097 27.721220 27.719401 27.715728 27.708496 27.694619 27.668639 27.621158 27.536358 27.388157 27.134296 26.707249 26.000265 24.846183 22.987014 20.038044 15.476591 8.774088 0.000000 
50.000000 47.605146 45.302060 43.171971 41.277046 39.655354 38.319914 37.261440 36.453691 35.859984 35.439505 35.152438 34.963425 34.843341 34.769687 34.726052 34.701067 34.687234 34.679824 34.675981 34.674050 34.673110 34.672667 34.672463 34.672372 34.672331 34.672310 34.672292 34.672262 34.672198 34.672056 34.671747 34.671089 34.669721 34.666951 34.661480 34.650941 34.631116 34.594664 34.529052 34.413207 34.212041 33.867254 33.281305 32.288244 30.598680 27.695380 22.651030 13.931631 0.000000 
50.000000 48.779183 47.605146 46.519296 45.553322 44.726633 44.045864 43.506283 43.094513 42.791854 42.577502 42.431161 42.334805 42.273587 42.236039 42.213794 42.201057 42.194004 42.190227 42.188267 42.187283 42.186804 42.186578 42.186474 42.186427 42.186407 42.186396 42.186386 42.186370 42.186336 42.186260 42.186094 42.185741 42.185005 42.183513 42.180561 42.174858 42.164098 42.144235 42.108294 42.044391 41.932337 41.737584 41.399619 40.807772 39.745315 37.745208 33.673515 24.389592 0.000000 
50.000000 50.000000 50.000000 50.000000 50.000000 50.000000 50.000000 50.000000 50.000000 50.000000 50.000000 50.000000 50.000000 50.000000 50.000000 50.000000 50.000000 50.000000 50.000000 50.000000 50.000000 50.000000 50.000000 50.000000 50.000000 50.000000 50.000000 50.000000 50.000000 50.000000 50.000000 50.000000 50.000000 50.000000 50.000000 50.000000 50.000000 50.000000 50.000000 50.000000 50.000000 50.000000 50.000000 50.000000 50.000000 50.000000 50.000000 50.000000 50.000000 50.000000 
