50.000000 50.000000 50.000000 50.000000 50.000000 50.000000 50.000000 50.000000 50.000000 50.000000 50.000000 50.000000 50.000000 50.000000 50.000000 50.000000 50.000000 50.000000 50.000000 50.000000 50.000000 50.000000 50.000000 50.000000 50.000000 50.000000 50.000000 50.000000 50.000000 50.000000 50.000000 50.000000 50.000000 50.000000 50.000000 50.000000 50.000000 50.000000 50.000000 50.000000 50.000000 50.000000 50.000000 50.000000 50.000000 50.000000 50.000000 50.000000 50.000000 50.000000 
50.000000 46.584835 43.534848 41.098540 39.352926 38.226746 37.569625 37.221183 37.052462 36.977504 36.946809 36.935174 36.931076 36.929728 36.929314 36.929194 36.929162 36.929153 36.929151 36.929151 36.929151 36.929151 36.929151 36.929151 36.929151 36.929151 36.929151 36.929151 36.929151 36.929151 36.929151 36.929151 36.929151 36.929150 36.929148 36.929141 36.929112 36.929006 36.928637 36.927417 36.923608 36.912343 36.880750 36.796473 36.581259 36.049330 34.753740 31.558828 23.292417 0.000000 
50.000000 43.534848 37.761084 33.149169 29.844864 27.713206 26.469468 25.810013 25.490721 25.348879 25.290802 25.268790 25.261036 25.258488 25.257704 25.257477 25.257416 25.257400 25.257396 25.257395 25.257395 25.257395 25.257395 25.257395 25.257395 25.257395 25.257395 25.257395 25.257395 25.257395 25.257395 25.257395 25.257395 25.257394 25.257391 25.257379 25.257332 25.257160 25.256564 25.254608 25.248546 25.230809 25.181833 25.054101 24.738949 24.001332 22.358892 18.880542 11.976020 0.000000 
50.000000 41.098540 33.149169 26.799691 22.250733 19.316344 17.604395 16.696776 16.257376 16.062201 15.982297 15.952016 15.941351 15.937846 15.936769 15.936457 15.936373 15.936351 15.936346 15.936344 15.936344 15.936344 15.936344 15.936344 15.936344 15.936344 15.936344 15.936344 15.936344 15.936344 15.936344 15.936344 15.936344 15.936343 15.936340 15.936327 15.936276 15.936093 15.935462 15.933407 15.927103 15.908912 15.859602 15.734234 15.435781 14.772088 13.399846 10.790277 6.344800 0.000000 
50.000000 39.352926 29.844864 22.250733 16.810417 13.301328 11.254294 10.169145 9.643863 9.410572 9.315076 9.278892 9.266149 9.261963 9.260676 9.260304 9.260203 9.260177 9.260171 9.260170 9.260169 9.260169 9.260169 9.260169 9.260169 9.260169 9.260169 9.260169 9.260169 9.260169 9.260169 9.260169 9.260169 9.260168 9.260166 9.260154 9.260112 9.259959 9.259433 9.257738 9.252596 9.237967 9.199035 9.102422 8.879700 8.405208 7.478645 5.843532 3.303596 0.000000 
50.000000 38.226746 27.713206 19.316344 13.301328 9.421850 7.158957 5.959504 5.378960 5.121158 5.015643 4.975668 4.961593 4.956969 4.955548 4.955137 4.955026 4.954997 4.954990 4.954989 4.954988 4.954988 4.954988 4.954988 4.954988 4.954988 4.954988 4.954988 4.954988 4.954988 4.954988 4.954988 4.954988 4.954988 4.954986 4.954978 4.954948 4.954840 4.954475 4.953304 4.949793 4.939935 4.914140 4.851485 4.710925 4.421629 3.880563 2.974257 1.645487 0.000000 
50.000000 37.569625 26.469468 17.604395 11.254294 7.158957 4.770333 3.504345 2.891656 2.619607 2.508272 2.466097 2.451249 2.446373 2.444874 2.444441 2.444323 2.444293 2.444286 2.444284 2.444284 2.444284 2.444284 2.444284 2.444284 2.444284 2.444284 2.444284 2.444284 2.444284 2.444284 2.444284 2.444283 2.444283 2.444282 2.444277 2.444259 2.444194 2.443974 2.443275 2.441198 2.435437 2.420586 2.385166 2.307472 2.151872 1.870161 1.415367 0.773152 0.000000 
50.000000 37.221183 25.810013 16.696776 10.169145 5.959504 3.504345 2.203174 1.573499 1.293928 1.179525 1.136191 1.120936 1.115926 1.114386 1.113942 1.113821 1.113790 1.113782 1.113781 1.113780 1.113780 1.113780 1.113780 1.113780 1.113780 1.113780 1.113780 1.113780 1.113780 1.113780 1.113780 1.113780 1.113780 1.113779 1.113777 1.113767 1.113732 1.113615 1.113246 1.112159 1.109177 1.101587 1.083760 1.045365 0.970110 0.837174 0.628181 0.340433 0.000000 
50.000000 37.052462 25.490721 16.257376 9.643863 5.378960 2.891656 1.573499 0.935631 0.652436 0.536555 0.492664 0.477214 0.472140 0.470581 0.470131 0.470008 0.469977 0.469969 0.469967 0.469967 0.469967 0.469967 0.469967 0.469967 0.469967 0.469967 0.469967 0.469967 0.469967 0.469967 0.469967 0.469967 0.469967 0.469967 0.469965 0.469961 0.469944 0.469888 0.469714 0.469203 0.467816 0.464321 0.456219 0.439026 0.405896 0.348464 0.259912 0.140119 0.000000 
50.000000 36.977504 25.348879 16.062201 9.410572 5.121158 2.619607 1.293928 0.652436 0.367640 0.251107 0.206970 0.191433 0.186332 0.184764 0.184311 0.184188 0.184156 0.184149 0.184147 0.184146 0.184146 0.184146 0.184146 0.184146 0.184146 0.184146 0.184146 0.184146 0.184146 0.184146 0.184146 0.184146 0.184146 0.184146 0.184146 0.184144 0.184136 0.184112 0.184037 0.183820 0.183233 0.181769 0.178409 0.171366 0.157976 0.135098 0.100334 0.053895 0.000000 
50.000000 36.946809 25.290802 15.982297 9.315076 5.015643 2.508272 1.179525 0.536555 0.251107 0.134308 0.090071 0.074500 0.069387 0.067816 0.067362 0.067239 0.067207 0.067199 0.067198 0.067197 0.067197 0.067197 0.067197 0.067197 0.067197 0.067197 0.067197 0.067197 0.067197 0.067197 0.067197 0.067197 0.067197 0.067197 0.067197 0.067196 0.067193 0.067184 0.067154 0.067069 0.066842 0.066279 0.064998 0.062339 0.057338 0.048890 0.036194 0.019392 0.000000 
50.000000 36.935174 25.268790 15.952016 9.278892 4.975668 2.466097 1.136191 0.492664 0.206970 0.090071 0.045797 0.030212 0.025095 0.023522 0.023068 0.022945 0.022913 0.022906 0.022904 0.022903 0.022903 0.022903 0.022903 0.022903 0.022903 0.022903 0.022903 0.022903 0.022903 0.022903 0.022903 0.022903 0.022903 0.022903 0.022903 0.022903 0.022902 0.022898 0.022888 0.022857 0.022776 0.022576 0.022124 0.021193 0.019459 0.016554 0.012226 0.006538 0.000000 
50.000000 36.931076 25.261036 15.941351 9.266149 4.961593 2.451249 1.120936 0.477214 0.191433 0.074500 0.030212 0.014623 0.009505 0.007931 0.007477 0.007354 0.007322 0.007314 0.007313 0.007312 0.007312 0.007312 0.007312 0.007312 0.007312 0.007312 0.007312 0.007312 0.007312 0.007312 0.007312 0.007312 0.007312 0.007312 0.007312 0.007312 0.007312 0.007311 0.007307 0.007297 0.007270 0.007204 0.007056 0.006752 0.006191 0.005257 0.003876 0.002070 0.000000 
50.000000 36.929728 25.258488 15.937846 9.261963 4.956969 2.446373 1.115926 0.472140 0.186332 0.069387 0.025095 0.009505 0.004386 0.002812 0.002358 0.002235 0.002203 0.002195 0.002193 0.002193 0.002193 0.002193 0.002193 0.002193 0.002193 0.002193 0.002193 0.002193 0.002193 0.002193 0.002193 0.002193 0.002193 0.002193 0.002193 0.002193 0.002193 0.002192 0.002191 0.002188 0.002180 0.002159 0.002114 0.002021 0.001851 0.001570 0.001156 0.000616 0.000000 
50.000000 36.929314 25.257704 15.936769 9.260676 4.955548 2.444874 1.114386 0.470581 0.184764 0.067816 0.023522 0.007931 0.002812 0.001239 0.000784 0.000661 0.000629 0.000622 0.000620 0.000619 0.000619 0.000619 0.000619 0.000619 0.000619 0.000619 0.000619 0.000619 0.000619 0.000619 0.000619 0.000619 0.000619 0.000619 0.000619 0.000619 0.000619 0.000619 0.000619 0.000618 0.000616 0.000610 0.000597 0.000570 0.000522 0.000442 0.000325 0.000173 0.000000 
50.000000 36.929194 25.257477 15.936457 9.260304 4.955137 2.444441 1.113942 0.470131 0.184311 0.067362 0.023068 0.007477 0.002358 0.000784 0.000330 0.000207 0.000175 0.000167 0.000166 0.000165 0.000165 0.000165 0.000165 0.000165 0.000165 0.000165 0.000165 0.000165 0.000165 0.000165 0.000165 0.000165 0.000165 0.000165 0.000165 0.000165 0.000165 0.000165 0.000165 0.000165 0.000164 0.000163 0.000159 0.000152 0.000139 0.000117 0.000086 0.000046 0.000000 
50.000000 36.929162 25.257416 15.936373 9.260203 4.955026 2.444323 1.113821 0.470008 0.184188 0.067239 0.022945 0.007354 0.002235 0.000661 0.000207 0.000083 0.000052 0.000044 0.000042 0.000042 0.000042 0.000042 0.000042 0.000042 0.000042 0.000042 0.000042 0.000042 0.000042 0.000042 0.000042 0.000042 0.000042 0.000042 0.000042 0.000042 0.000042 0.000042 0.000042 0.000042 0.000041 0.000041 0.000040 0.000038 0.000035 0.000030 0.000022 0.000012 0.000000 
50.000000 36.929153 25.257400 15.936351 9.260177 4.954997 2.444293 1.113790 0.469977 0.184156 0.067207 0.022913 0.007322 0.002203 0.000629 0.000175 0.000052 0.000020 0.000012 0.000010 0.000010 0.000010 0.000010 0.000010 0.000010 0.000010 0.000010 0.000010 0.000010 0.000010 0.000010 0.000010 0.000010 0.000010 0.000010 0.000010 0.000010 0.000010 0.000010 0.000010 0.000010 0.000010 0.000010 0.000010 0.000009 0.000008 0.000007 0.000005 0.000003 0.000000 
50.000000 36.929151 25.257396 15.936346 9.260171 4.954990 2.444286 1.113782 0.469969 0.184149 0.067199 0.022906 0.007314 0.002195 0.000622 0.000167 0.000044 0.000012 0.000005 0.000003 0.000002 0.000002 0.000002 0.000002 0.000002 0.000002 0.000002 0.000002 0.000002 0.000002 0.000002 0.000002 0.000002 0.000002 0.000002 0.000002 0.000002 0.000002 0.000002 0.000002 0.000002 0.000002 0.000002 0.000002 0.000002 0.000002 0.000002 0.000001 0.000001 0.000000 
50.000000 36.929151 25.257395 15.936344 9.260170 4.954989 2.444284 1.113781 0.469967 0.184147 0.067198 0.022904 0.007313 0.002193 0.000620 0.000166 0.000042 0.000010 0.000003 0.000001 0.000001 0.000001 0.000000 0.000000 0.000000 0.000000 0.000000 0.000000 0.000000 0.000000 0.000000 0.000000 0.000000 0.000000 0.000000 0.000000 0.000000 0.000000 0.000000 0.000000 0.000000 0.000000 0.000000 0.000000 0.000000 0.000000 0.000000 0.000000 0.000000 0.000000 
50.000000 36.929151 25.257395 15.936344 9.260169 4.954988 2.444284 1.113780 0.469967 0.184146 0.067197 0.022903 0.007312 0.002193 0.000619 0.000165 0.000042 0.000010 0.000002 0.000001 0.000000 0.000000 0.000000 0.000000 0.000000 0.000000 0.000000 0.000000 0.000000 0.000000 0.000000 0.000000 0.000000 0.000000 0.000000 0.000000 0.000000 0.000000 0.000000 0.000000 0.000000 0.000000 0.000000 0.000000 0.000000 0.000000 0.000000 0.000000 0.000000 0.000000 
50.000000 36.929151 25.257395 15.936344 9.260169 4.954988 2.444284 1.113780 0.469967 0.184146 0.067197 0.022903 0.007312 0.002193 0.000619 0.000165 0.000042 0.000010 0.000002 0.000001 0.000000 0.000000 0.000000 0.000000 0.000000 0.000000 0.000000 0.000000 0.000000 0.000000 0.000000 0.000000 0.000000 0.000000 0.000000 0.000000 0.000000 0.000000 0.000000 0.000000 0.000000 0.000000 0.000000 0.000000 0.000000 0.000000 0.000000 0.000000 0.000000 0.000000 
50.000000 36.929151 25.257395 15.936344 9.260169 4.954988 2.444284 1.113780 0.469967 0.184146 0.067197 0.022903 0.007312 0.002193 0.000619 0.000165 0.000042 0.000010 0.000002 0.000000 0.000000 0.000000 0.000000 0.000000 0.000000 0.000000 0.000000 0.000000 0.000000 0.000000 0.000000 0.000000 0.000000 0.000000 0.000000 0.000000 0.000000 0.000000 0.000000 0.000000 0.000000 0.000000 0.000000 0.000000 0.000000 0.000000 0.000000 0.000000 0.000000 0.000000 
50.000000 36.929151 25.257395 15.936344 9.260169 4.954988 2.444284 1.113780 0.469967 0.184146 0.067197 0.022903 0.007312 0.002193 0.000619 0.000165 0.000042 0.000010 0.000002 0.000000 0.000000 0.000000 0.000000 0.000000 0.000000 0.000000 0.000000 0.000000 0.000000 0.000000 0.000000 0.000000 0.000000 0.000000 0.000000 0.000000 0.000000 0.000000 0.000000 0.000000 0.000000 0.000000 0.000000 0.000000 0.000000 0.000000 0.000000 0.000000 0.000000 0.000000 
50.000000 36.929151 25.257395 15.936344 9.260169 4.954988 2.444284 1.113780 0.469967 0.184146 0.067197 0.022903 0.007312 0.002193 0.000619 0.000165 0.000042 0.000010 0.000002 0.000000 0.000000 0.000000 0.000000 0.000000 0.000000 0.000000 0.000000 0.000000 0.000000 0.000000 0.000000 0.000000 0.000000 0.000000 0.000000 0.000000 0.000000 0.000000 0.000000 0.000000 0.000000 0.000000 0.000000 0.000000 0.000000 0.000000 0.000000 0.000000 0.000000 0.000000 
50.000000 36.929151 25.257395 15.936344 9.260169 4.954988 2.444284 1.113780 0.469967 0.184146 0.067197 0.022903 0.007312 0.002193 0.000619 0.000165 0.000042 0.000010 0.000002 0.000000 0.000000 0.000000 0.000000 0.000000 0.000000 0.000000 0.000000 0.000000 0.000000 0.000000 0.000000 0.000000 0.000000 0.000000 0.000000 0.000000 0.000000 0.000000 0.000000 0.000000 0.000000 0.000000 0.000000 0.000000 0.000000 0.000000 0.000000 0.000000 0.000000 0.000000 
50.000000 36.929151 25.257395 15.936344 9.260169 4.954988 2.444284 1.113780 0.469967 0.184146 0.067197 0.022903 0.007312 0.002193 0.000619 0.000165 0.000042 0.000010 0.000002 0.000000 0.000000 0.000000 0.000000 0.000000 0.000000 0.000000 0.000000 0.000000 0.000000 0.000000 0.000000 0.000000 0.000000 0.000000 0.000000 0.000000 0.000000 0.000000 0.000000 0.000000 0.000000 0.000000 0.000000 0.000000 0.000000 0.000000 0.000000 0.000000 0.000000 0.000000 
50.000000 36.929151 25.257395 15.936344 9.260169 4.954988 2.444284 1.113780 0.469967 0.184146 0.067197 0.022903 0.007312 0.002193 0.000619 0.000165 0.000042 0.000010 0.000002 0.000000 0.000000 0.000000 0.000000 0.000000 0.000000 0.000000 0.000000 0.000000 0.000000 0.000000 0.000000 0.000000 0.000000 0.000000 0.000000 0.000000 0.000000 0.000000 0.000000 0.000000 0.000000 0.000000 0.000000 0.000000 0.000000 0.000000 0.000000 0.000000 0.000000 0.000000 
50.000000 36.929151 25.257395 15.936344 9.260169 4.954988 2.444284 1.113780 0.469967 0.184146 0.067197 0.022903 0.007312 0.002193 0.000619 0.000165 0.000042 0.000010 0.000002 0.000001 0.000000 0.000000 0.000000 0.000000 0.000000 0.000000 0.000000 0.000000 0.000000 0.000000 0.000000 0.000000 0.000000 0.000000 0.000000 0.000000 0.000000 0.000000 0.000000 0.000000 0.000000 0.000000 0.000000 0.000000 0.000000 0.000000 0.000000 0.000000 0.000000 0.000000 
50.000000 36.929151 25.257395 15.936344 9.260169 4.954988 2.444284 1.113780 0.469967 0.184146 0.067197 0.022903 0.007312 0.002193 0.000619 0.000165 0.000042 0.000010 0.000002 0.000001 0.000000 0.000000 0.000000 0.000000 0.000000 0.000000 0.000000 0.000000 0.000000 0.000000 0.000000 0.000000 0.000000 0.000000 0.000000 0.000000 0.000000 0.000000 0.000000 0.000000 0.000000 0.000000 0.000000 0.000000 0.000000 0.000000 0.000000 0.000000 0.000000 0.000000 
50.000000 36.929151 25.257395 15.936344 9.260170 4.954989 2.444284 1.113781 0.469967 0.184147 0.067198 0.022904 0.007313 0.002193 0.000620 0.000166 0.000042 0.000010 0.000003 0.000001 0.000001 0.000001 0.000000 0.000000 0.000000 0.000000 0.000000 0.000000 0.000000 0.000000 0.000000 0.000000 0.000000 0.000000 0.000000 0.000000 0.000000 0.000000 0.000000 0.000000 0.000000 0.000000 0.000000 0.000000 0.000000 0.000000 0.000000 0.000000 0.000000 0.000000 
50.000000 36.929151 25.257396 15.936346 9.260171 4.954990 2.444286 1.113782 0.469969 0.184149 0.067199 0.022906 0.007314 0.002195 0.000622 0.000167 0.000044 0.000012 0.000005 0.000003 0.000002 0.000002 0.000002 0.000002 0.000002 0.000002 0.000002 0.000002 0.000002 0.000002 0.000002 0.000002 0.000002 0.000002 0.000002 0.000002 0.000002 0.000002 0.000002 0.000002 0.000002 0.000002 0.000002 0.000002 0.000002 0.000002 0.000002 0.000001 0.000001 0.000000 
50.000000 36.929153 25.257400 15.936351 9.260177 4.954997 2.444293 1.113790 0.469977 0.184156 0.067207 0.022913 0.007322 0.002203 0.000629 0.000175 0.000052 0.000020 0.000012 0.000010 0.000010 0.000010 0.000010 0.000010 0.000010 0.000010 0.000010 0.000010 0.000010 0.000010 0.000010 0.000010 0.000010 0.000010 0.000010 0.000010 0.000010 0.000010 0.000010 0.000010 0.000010 0.000010 0.000010 0.000010 0.000009 0.000008 0.000007 0.000005 0.000003 0.000000 
50.000000 36.929162 25.257416 15.936373 9.260203 4.955026 2.444323 1.113821 0.470008 0.184188 0.067239 0.022945 0.007354 0.002235 0.000661 0.000207 0.000083 0.000052 0.000044 0.000042 0.000042 0.000042 0.000042 0.000042 0.000042 0.000042 0.000042 0.000042 0.000042 0.000042 0.000042 0.000042 0.000042 0.000042 0.000042 0.000042 0.000042 0.000042 0.000042 0.000042 0.000042 0.000041 0.000041 0.000040 0.000038 0.000035 0.000030 0.000022 0.000012 0.000000 
50.000000 36.929194 25.257477 15.936457 9.260304 4.955137 2.444441 1.113942 0.470131 0.184311 0.067362 0.023068 0.007477 0.002358 0.000784 0.000330 0.000207 0.000175 0.000167 0.000166 0.000165 0.000165 0.000165 0.000165 0.000165 0.000165 0.000165 0.000165 0.000165 0.000165 0.000165 0.000165 0.000165 0.000165 0.000165 0.000165 0.000165 0.000165 0.000165 0.000165 0.000165 0.000164 0.000163 0.000159 0.000152 0.000139 0.000117 0.000086 0.000046 0.000000 
50.000000 36.929314 25.257704 15.936769 9.260676 4.955548 2.444874 1.114386 0.470581 0.184764 0.067816 0.023522 0.007931 0.002812 0.001239 0.000784 0.000661 0.000629 0.000622 0.000620 0.000619 0.000619 0.000619 0.000619 0.000619 0.000619 0.000619 0.000619 0.000619 0.000619 0.000619 0.000619 0.000619 0.000619 0.000619 0.000619 0.000619 0.000619 0.000619 0.000619 0.000618 0.000616 0.000610 0.000597 0.000570 0.000522 0.000442 0.000325 0.000173 0.000000 
50.000000 36.929728 25.258488 15.937846 9.261963 4.956969 2.446373 1.115926 0.472140 0.186332 0.069387 0.025095 0.009505 0.004386 0.002812 0.002358 0.002235 0.002203 0.002195 0.002193 0.002193 0.002193 0.002193 0.002193 0.002193 0.002193 0.002193 0.002193 0.002193 0.002193 0.002193 0.002193 0.002193 0.002193 0.002193 0.002193 0.002193 0.002193 0.002192 0.002191 0.002188 0.002180 0.002159 0.002114 0.002021 0.001851 0.001570 0.001156 0.000616 0.000000 
50.000000 36.931076 25.261036 15.941351 9.266149 4.961593 2.451249 1.120936 0.477214 0.191433 0.074500 0.030212 0.014623 0.009505 0.007931 0.007477 0.007354 0.007322 0.007314 0.007313 0.007312 0.007312 0.007312 0.007312 0.007312 0.007312 0.007312 0.007312 0.007312 0.007312 0.007312 0.007312 0.007312 0.007312 0.007312 0.007312 0.007312 0.007312 0.007311 0.007307 0.007297 0.007270 0.007204 0.007056 0.006752 0.006191 0.005257 0.003876 0.002070 0.000000 
50.000000 36.935174 25.268790 15.952016 9.278892 4.975668 2.466097 1.136191 0.492664 0.206970 0.090071 0.045797 0.030212 0.025095 0.023522 0.023068 0.022945 0.022913 0.022906 0.022904 0.022903 0.022903 0.022903 0.022903 0.022903 0.022903 0.022903 0.022903 0.022903 0.022903 0.022903 0.022903 0.022903 0.022903 0.022903 0.022903 0.022903 0.022902 0.022898 0.022888 0.022857 0.022776 0.022576 0.022124 0.021193 0.019459 0.016554 0.012226 0.006538 0.000000 
50.000000 36.946809 25.290802 15.982297 9.315076 5.015643 2.508272 1.179525 0.536555 0.251107 0.134308 0.090071 0.074500 0.069387 0.067816 0.067362 0.067239 0.067207 0.067199 0.067198 0.067197 0.067197 0.067197 0.067197 0.067197 0.067197 0.067197 0.067197 0.067197 0.067197 0.067197 0.067197 0.067197 0.067197 0.067197 0.067197 0.067196 0.067193 0.067184 0.067154 0.067069 0.066842 0.066279 0.064998 0.062339 0.057338 0.048890 0.036194 0.019392 0.000000 
50.000000 36.977504 25.348879 16.062201 9.410572 5.121158 2.619607 1.293928 0.652436 0.367640 0.251107 0.206970 0.191433 0.186332 0.184764 0.184311 0.184188 0.184156 0.184149 0.184147 0.184146 0.184146 0.184146 0.184146 0.184146 0.184146 0.184146 0.184146 0.184146 0.184146 0.184146 0.184146 0.184146 0.184146 0.184146 0.184146 0.184144 0.184136 0.184112 0.184037 0.183820 0.183233 0.181769 0.178409 0.171366 0.157976 0.135098 0.100334 0.053895 0.000000 
50.000000 37.052462 25.490721 16.257376 9.643863 5.378960 2.891656 1.573499 0.935631 0.652436 0.536555 0.492664 0.477214 0.472140 0.470581 0.470131 0.470008 0.469977 0.469969 0.469967 0.469967 0.469967 0.469967 0.469967 0.469967 0.469967 0.469967 0.469967 0.469967 0.469967 0.469967 0.469967 0.469967 0.469967 0.469967 0.469965 0.469961 0.469944 0.469888 0.469714 0.469203 0.467816 0.464321 0.456219 0.439026 0.405896 0.348464 0.259912 0.140119 0.000000 
50.000000 37.221183 25.810013 16.696776 10.169145 5.959504 3.504345 2.203174 1.573499 1.293928 1.179525 1.136191 1.120936 1.115926 1.114386 1.113942 1.113821 1.113790 1.113782 1.113781 1.113780 1.113780 1.113780 1.113780 1.113780 1.113780 1.113780 1.113780 1.113780 1.113780 1.113780 1.113780 1.113780 1.113780 1.113779 1.113777 1.113767 1.113732 1.113615 1.113246 1.112159 1.109177 1.101587 1.083760 1.045365 0.970110 0.837174 0.628181 0.340433 0.000000 
50.000000 37.569625 26.469468 17.604395 11.254294 7.158957 4.770333 3.504345 2.891656 2.619607 2.508272 2.466097 2.451249 2.446373 2.444874 2.444441 2.444323 2.444293 2.444286 2.444284 2.444284 2.444284 2.444284 2.444284 2.444284 2.444284 2.444284 2.444284 2.444284 2.444284 2.444284 2.444284 2.444283 2.444283 2.444282 2.444277 2.444259 2.444194 2.443974 2.443275 2.441198 2.435437 2.420586 2.385166 2.307472 2.151872 1.870161 1.415367 0.773152 0.000000 
50.000000 38.226746 27.713206 19.316344 13.301328 9.421850 7.158957 5.959504 5.378960 5.121158 5.015643 4.975668 4.961593 4.956969 4.955548 4.955137 4.955026 4.954997 4.954990 4.954989 4.954988 4.954988 4.954988 4.954988 4.954988 4.954988 4.954988 4.954988 4.954988 4.954988 4.954988 4.954988 4.954988 4.954988 4.954986 4.954978 4.954948 4.954840 4.954475 4.953304 4.949793 4.939935 4.914140 4.851485 4.710925 4.421629 3.880563 2.974257 1.645487 0.000000 
50.000000 39.352926 29.844864 22.250733 16.810417 13.301328 11.254294 10.169145 9.643863 9.410572 9.315076 9.278892 9.266149 9.261963 9.260676 9.260304 9.260203 9.260177 9.260171 9.260170 9.260169 9.260169 9.260169 9.260169 9.260169 9.260169 9.260169 9.260169 9.260169 9.260169 9.260169 9.260169 9.260169 9.260168 9.260166 9.260154 9.260112 9.259959 9.259433 9.257738 9.252596 9.237967 9.199035 9.102422 8.879700 8.405208 7.478645 5.843532 3.303596 0.000000 
50.000000 41.098540 33.149169 26.799691 22.250733 19.316344 17.604395 16.696776 16.257376 16.062201 15.982297 15.952016 15.941351 15.937846 15.936769 15.936457 15.936373 15.936351 15.936346 15.936344 15.936344 15.936344 15.936344 15.936344 15.936344 15.936344 15.936344 15.936344 15.936344 15.936344 15.936344 15.936344 15.936344 15.936343 15.936340 15.936327 15.936276 15.936093 15.935462 15.933407 15.927103 15.908912 15.859602 15.734234 15.435781 14.772088 13.399846 10.790277 6.344800 0.000000 
50.000000 43.534848 37.761084 33.149169 29.844864 27.713206 26.469468 25.810013 25.490721 25.348879 25.290802 25.268790 25.261036 25.258488 25.257704 25.257477 25.257416 25.257400 25.257396 25.257395 25.257395 25.257395 25.257395 25.257395 25.257395 25.257395 25.257395 25.257395 25.257395 25.257395 25.257395 25.257395 25.257395 25.257394 25.257391 25.257379 25.257332 25.257160 25.256564 25.254608 25.248546 25.230809 25.181833 25.054101 24.738949 24.001332 22.358892 18.880542 11.976020 0.000000 
50.000000 46.584835 43.534848 41.098540 39.352926 38.226746 37.569625 37.221183 37.052462 36.977504 36.946809 36.935174 36.931076 36.929728 36.929314 36.929194 36.929162 36.929153 36.929151 36.929151 36.929151 36.929151 36.929151 36.929151 36.929151 36.929151 36.929151 36.929151 36.929151 36.929151 36.929151 36.929151 36.929151 36.929150 36.929148 36.929141 36.929112 36.929006 36.928637 36.927417 36.923608 36.912343 36.880750 36.796473 36.581259 36.049330 34.753740 31.558828 23.292417 0.000000 
50.000000 50.000000 50.000000 50.000000 50.000000 50.000000 50.000000 50.000000 50.000000 50.000000 50.000000 50.000000 50.000000 50.000000 50.000000 50.000000 50.000000 50.000000 50.000000 50.000000 50.000000 50.000000 50.000000 50.000000 50.000000 50.000000 50.000000 50.000000 50.000000 50.000000 50.000000 50.000000 50.000000 50.000000 50.000000 50.000000 50.000000 50.000000 50.000000 50.000000 50.000000 50.000000 50.000000 50.000000 50.000000 50.000000 50.000000 50.000000 50.000000 50.000000 
