50.000000 50.000000 50.000000 50.000000 50.000000 50.000000 50.000000 50.000000 50.000000 50.000000 50.000000 50.000000 50.000000 50.000000 50.000000 50.000000 50.000000 50.000000 50.000000 50.000000 50.000000 50.000000 50.000000 50.000000 50.000000 50.000000 50.000000 50.000000 50.000000 50.000000 50.000000 50.000000 50.000000 50.000000 50.000000 50.000000 50.000000 50.000000 50.000000 50.000000 50.000000 50.000000 50.000000 50.000000 50.000000 50.000000 50.000000 50.000000 50.000000 50.000000 
50.000000 48.271469 46.636674 45.174125 43.935993 42.943681 42.190264 41.647938 41.277508 41.037186 40.888944 40.801905 40.753206 40.727212 40.713960 40.707499 40.704484 40.703135 40.702557 40.702318 40.702223 40.702187 40.702174 40.702169 40.702168 40.702167 40.702167 40.702167 40.702166 40.702164 40.702158 40.702143 40.702102 40.701995 40.701730 40.701089 40.699595 40.696221 40.688852 40.673249 40.641167 40.576917 40.451028 40.208103 39.741778 38.837832 37.028960 33.177543 24.135734 0.000000 
50.000000 46.636674 43.455742 40.609971 38.200876 36.270095 34.804155 33.748949 33.028210 32.560626 32.272202 32.102858 32.008112 31.957540 31.931757 31.919189 31.913323 31.910699 31.909573 31.909109 31.908925 31.908855 31.908829 31.908820 31.908817 31.908816 31.908815 31.908815 31.908813 31.908810 31.908800 31.908772 31.908697 31.908505 31.908025 31.906870 31.904183 31.898139 31.884987 31.857292 31.800758 31.688665 31.472168 31.063231 30.303913 28.909477 26.362189 21.727871 13.459131 0.000000 
50.000000 45.174125 40.609971 36.526744 33.070103 30.299791 28.196467 26.682485 25.648405 24.977552 24.563753 24.320803 24.184877 24.112327 24.075342 24.057312 24.048898 24.045134 24.043519 24.042853 24.042589 24.042489 24.042452 24.042439 24.042434 24.042432 24.042432 24.042431 24.042430 24.042425 24.042412 24.042376 24.042281 24.042037 24.041429 24.039971 24.036590 24.029022 24.012657 23.978467 23.909392 23.774311 23.518273 23.047160 22.204449 20.738318 18.263372 14.247783 8.145164 0.000000 
50.000000 43.935993 38.200876 33.070103 28.726710 25.245760 22.602936 20.700656 19.401389 18.558520 18.038630 17.733400 17.562637 17.471495 17.425033 17.402384 17.391815 17.387088 17.385059 17.384223 17.383892 17.383765 17.383719 17.383702 17.383696 17.383695 17.383694 17.383693 17.383691 17.383686 17.383673 17.383635 17.383534 17.383275 17.382633 17.381100 17.377564 17.369695 17.352807 17.317852 17.248074 17.113703 16.864087 16.416845 15.644677 14.363355 12.331785 9.291399 5.098162 0.000000 
50.000000 42.943681 36.270095 30.299791 25.245760 21.195338 18.120214 15.906815 14.395090 13.414421 12.809553 12.454444 12.255782 12.149754 12.095706 12.069360 12.057066 12.051568 12.049208 12.048236 12.047850 12.047703 12.047649 12.047630 12.047623 12.047621 12.047620 12.047620 12.047618 12.047613 12.047600 12.047565 12.047470 12.047229 12.046633 12.045215 12.041962 12.034773 12.019468 11.988109 11.926280 11.809057 11.595518 11.222263 10.597669 9.601083 8.095342 5.966181 3.201902 0.000000 
50.000000 42.190264 34.804155 28.196467 22.602936 18.120214 14.716946 12.267411 10.594450 9.509216 8.839874 8.446927 8.227105 8.109788 8.049987 8.020839 8.007238 8.001155 7.998545 7.997469 7.997043 7.996880 7.996820 7.996799 7.996792 7.996790 7.996789 7.996788 7.996787 7.996783 7.996772 7.996741 7.996661 7.996458 7.995958 7.994773 7.992072 7.986142 7.973625 7.948233 7.898775 7.806387 7.641100 7.358473 6.897951 6.186091 5.149307 3.740924 1.982161 0.000000 
50.000000 41.647938 33.748949 26.682485 20.700656 15.906815 12.267411 9.647969 7.859010 6.698559 5.982847 5.562691 5.327656 5.202224 5.138289 5.107128 5.092587 5.086085 5.083295 5.082145 5.081689 5.081515 5.081451 5.081429 5.081421 5.081418 5.081418 5.081417 5.081416 5.081413 5.081404 5.081381 5.081319 5.081161 5.080776 5.079869 5.077811 5.073327 5.063938 5.045073 5.008749 4.941814 4.823985 4.626311 4.311298 3.836568 3.164212 2.276781 1.196909 0.000000 
50.000000 41.277508 33.028210 25.648405 19.401389 14.395090 10.594450 7.859010 5.990867 4.779081 4.031726 3.593007 3.347595 3.216630 3.149877 3.117343 3.102163 3.095374 3.092462 3.091261 3.090786 3.090604 3.090537 3.090514 3.090506 3.090503 3.090502 3.090502 3.090501 3.090499 3.090492 3.090475 3.090431 3.090318 3.090043 3.089400 3.087949 3.084806 3.078278 3.065279 3.040514 2.995433 2.917196 2.788063 2.586033 2.287686 1.874094 1.339545 0.700591 0.000000 
50.000000 41.037186 32.560626 24.977552 18.558520 13.414421 9.509216 6.698559 4.779081 3.534019 2.766159 2.315413 2.063279 1.928730 1.860152 1.826730 1.811136 1.804162 1.801170 1.799937 1.799449 1.799263 1.799194 1.799170 1.799161 1.799159 1.799158 1.799157 1.799157 1.799155 1.799151 1.799140 1.799110 1.799034 1.798852 1.798426 1.797471 1.795416 1.791176 1.782806 1.767010 1.738567 1.689810 1.610441 1.488141 1.310446 1.068160 0.759869 0.396019 0.000000 
50.000000 40.888944 32.272202 24.563753 18.038630 12.809553 8.839874 5.982847 4.031726 2.766159 1.985665 1.527510 1.271237 1.134482 1.064782 1.030812 1.014964 1.007877 1.004836 1.003583 1.003087 1.002897 1.002828 1.002803 1.002794 1.002792 1.002791 1.002790 1.002790 1.002789 1.002786 1.002779 1.002760 1.002713 1.002599 1.002335 1.001745 1.000483 0.997898 0.992832 0.983353 0.966447 0.937774 0.891641 0.821444 0.720777 0.585286 0.414910 0.215695 0.000000 
50.000000 40.801905 32.102858 24.320803 17.733400 12.454444 8.446927 5.562691 3.593007 2.315413 1.527510 1.065012 0.806314 0.668266 0.597908 0.563619 0.547621 0.540468 0.537399 0.536134 0.535633 0.535442 0.535371 0.535346 0.535338 0.535335 0.535334 0.535334 0.535334 0.535333 0.535331 0.535327 0.535316 0.535288 0.535221 0.535067 0.534724 0.533993 0.532506 0.529612 0.524236 0.514730 0.498753 0.473302 0.434976 0.380594 0.308145 0.217871 0.113052 0.000000 
50.000000 40.753206 32.008112 24.184877 17.562637 12.255782 8.227105 5.327656 3.347595 2.063279 1.271237 0.806314 0.546260 0.407492 0.336766 0.302299 0.286218 0.279027 0.275942 0.274671 0.274167 0.273975 0.273905 0.273880 0.273871 0.273868 0.273867 0.273867 0.273867 0.273866 0.273865 0.273863 0.273857 0.273841 0.273804 0.273719 0.273530 0.273130 0.272320 0.270753 0.267863 0.262789 0.254329 0.240963 0.221010 0.192942 0.155856 0.109973 0.056985 0.000000 
50.000000 40.727212 31.957540 24.112327 17.471495 12.149754 8.109788 5.202224 3.216630 1.928730 1.134482 0.668266 0.407492 0.268339 0.197418 0.162855 0.146730 0.139520 0.136427 0.135152 0.134647 0.134454 0.134383 0.134358 0.134350 0.134347 0.134346 0.134346 0.134346 0.134345 0.134345 0.134344 0.134340 0.134332 0.134313 0.134268 0.134169 0.133962 0.133543 0.132737 0.131259 0.128681 0.124413 0.117716 0.107792 0.093931 0.075737 0.053356 0.027617 0.000000 
50.000000 40.713960 31.931757 24.075342 17.425033 12.095706 8.049987 5.138289 3.149877 1.860152 1.064782 0.597908 0.336766 0.197418 0.126398 0.091787 0.075640 0.068420 0.065322 0.064045 0.063540 0.063347 0.063276 0.063251 0.063242 0.063239 0.063238 0.063238 0.063238 0.063238 0.063238 0.063237 0.063235 0.063231 0.063221 0.063199 0.063150 0.063048 0.062841 0.062447 0.061727 0.060477 0.058421 0.055214 0.050491 0.043933 0.035371 0.024887 0.012871 0.000000 
50.000000 40.707499 31.919189 24.057312 17.402384 12.069360 8.020839 5.107128 3.117343 1.826730 1.030812 0.563619 0.302299 0.162855 0.091787 0.057153 0.040994 0.033769 0.030670 0.029392 0.028886 0.028693 0.028622 0.028597 0.028588 0.028586 0.028585 0.028584 0.028584 0.028584 0.028584 0.028584 0.028583 0.028581 0.028576 0.028566 0.028543 0.028494 0.028397 0.028213 0.027878 0.027299 0.026352 0.024882 0.022727 0.019751 0.015883 0.011164 0.005769 0.000000 
50.000000 40.704484 31.913323 24.048898 17.391815 12.057066 8.007238 5.092587 3.102163 1.811136 1.014964 0.547621 0.286218 0.146730 0.075640 0.040994 0.024831 0.017604 0.014503 0.013225 0.012719 0.012526 0.012455 0.012430 0.012421 0.012418 0.012417 0.012417 0.012417 0.012417 0.012417 0.012417 0.012416 0.012415 0.012413 0.012409 0.012398 0.012376 0.012333 0.012250 0.012101 0.011845 0.011426 0.010780 0.009837 0.008540 0.006861 0.004818 0.002489 0.000000 
50.000000 40.703135 31.910699 24.045134 17.387088 12.051568 8.001155 5.086085 3.095374 1.804162 1.007877 0.540468 0.279027 0.139520 0.068420 0.033769 0.017604 0.010375 0.007274 0.005996 0.005490 0.005297 0.005226 0.005201 0.005192 0.005189 0.005188 0.005188 0.005188 0.005188 0.005188 0.005188 0.005188 0.005187 0.005186 0.005184 0.005180 0.005170 0.005152 0.005116 0.005053 0.004944 0.004766 0.004494 0.004097 0.003554 0.002853 0.002002 0.001034 0.000000 
50.000000 40.702557 31.909573 24.043519 17.385059 12.049208 7.998545 5.083295 3.092462 1.801170 1.004836 0.537399 0.275942 0.136427 0.065322 0.030670 0.014503 0.007274 0.004173 0.002895 0.002388 0.002195 0.002124 0.002099 0.002091 0.002088 0.002087 0.002087 0.002086 0.002086 0.002086 0.002086 0.002086 0.002086 0.002086 0.002085 0.002083 0.002079 0.002071 0.002057 0.002031 0.001986 0.001914 0.001804 0.001644 0.001425 0.001143 0.000801 0.000414 0.000000 
50.000000 40.702318 31.909109 24.042853 17.384223 12.048236 7.997469 5.082145 3.091261 1.799937 1.003583 0.536134 0.274671 0.135152 0.064045 0.029392 0.013225 0.005996 0.002895 0.001617 0.001110 0.000917 0.000846 0.000821 0.000813 0.000810 0.000809 0.000809 0.000808 0.000808 0.000808 0.000808 0.000808 0.000808 0.000808 0.000808 0.000807 0.000806 0.000802 0.000797 0.000786 0.000769 0.000741 0.000698 0.000635 0.000550 0.000441 0.000309 0.000160 0.000000 
50.000000 40.702223 31.908925 24.042589 17.383892 12.047850 7.997043 5.081689 3.090786 1.799449 1.003087 0.535633 0.274167 0.134647 0.063540 0.028886 0.012719 0.005490 0.002388 0.001110 0.000604 0.000411 0.000340 0.000315 0.000306 0.000303 0.000302 0.000302 0.000302 0.000302 0.000302 0.000302 0.000302 0.000302 0.000302 0.000302 0.000302 0.000301 0.000300 0.000298 0.000294 0.000287 0.000276 0.000260 0.000237 0.000205 0.000164 0.000115 0.000059 0.000000 
50.000000 40.702187 31.908855 24.042489 17.383765 12.047703 7.996880 5.081515 3.090604 1.799263 1.002897 0.535442 0.273975 0.134454 0.063347 0.028693 0.012526 0.005297 0.002195 0.000917 0.000411 0.000218 0.000147 0.000122 0.000113 0.000110 0.000109 0.000109 0.000109 0.000109 0.000109 0.000109 0.000109 0.000109 0.000109 0.000109 0.000109 0.000109 0.000108 0.000107 0.000106 0.000103 0.000100 0.000094 0.000085 0.000074 0.000059 0.000041 0.000021 0.000000 
50.000000 40.702174 31.908829 24.042452 17.383719 12.047649 7.996821 5.081452 3.090538 1.799194 1.002828 0.535371 0.273905 0.134384 0.063276 0.028622 0.012455 0.005226 0.002124 0.000846 0.000340 0.000147 0.000076 0.000051 0.000042 0.000039 0.000038 0.000038 0.000038 0.000038 0.000038 0.000038 0.000038 0.000038 0.000038 0.000038 0.000038 0.000038 0.000038 0.000037 0.000037 0.000036 0.000035 0.000033 0.000030 0.000026 0.000021 0.000014 0.000007 0.000000 
50.000000 40.702169 31.908820 24.042439 17.383702 12.047630 7.996800 5.081429 3.090514 1.799170 1.002803 0.535347 0.273880 0.134359 0.063251 0.028597 0.012430 0.005201 0.002100 0.000822 0.000315 0.000122 0.000051 0.000026 0.000017 0.000014 0.000014 0.000013 0.000013 0.000013 0.000013 0.000013 0.000013 0.000013 0.000013 0.000013 0.000013 0.000013 0.000013 0.000013 0.000013 0.000012 0.000012 0.000011 0.000010 0.000009 0.000007 0.000005 0.000003 0.000000 
50.000000 40.702168 31.908817 24.042435 17.383697 12.047624 7.996793 5.081422 3.090507 1.799163 1.002796 0.535339 0.273872 0.134351 0.063243 0.028590 0.012422 0.005193 0.002092 0.000814 0.000307 0.000114 0.000043 0.000018 0.000010 0.000007 0.000006 0.000006 0.000005 0.000005 0.000005 0.000005 0.000005 0.000005 0.000005 0.000005 0.000005 0.000005 0.000005 0.000005 0.000005 0.000005 0.000005 0.000005 0.000004 0.000004 0.000003 0.000002 0.000001 0.000000 
50.000000 40.702168 31.908817 24.042435 17.383697 12.047624 7.996793 5.081422 3.090507 1.799163 1.002796 0.535339 0.273872 0.134351 0.063243 0.028590 0.012422 0.005193 0.002092 0.000814 0.000307 0.000114 0.000043 0.000018 0.000010 0.000007 0.000006 0.000006 0.000005 0.000005 0.000005 0.000005 0.000005 0.000005 0.000005 0.000005 0.000005 0.000005 0.000005 0.000005 0.000005 0.000005 0.000005 0.000005 0.000004 0.000004 0.000003 0.000002 0.000001 0.000000 
50.000000 40.702169 31.908820 24.042439 17.383702 12.047630 7.996800 5.081429 3.090514 1.799170 1.002803 0.535347 0.273880 0.134359 0.063251 0.028597 0.012430 0.005201 0.002100 0.000822 0.000315 0.000122 0.000051 0.000026 0.000017 0.000014 0.000014 0.000013 0.000013 0.000013 0.000013 0.000013 0.000013 0.000013 0.000013 0.000013 0.000013 0.000013 0.000013 0.000013 0.000013 0.000012 0.000012 0.000011 0.000010 0.000009 0.000007 0.000005 0.000003 0.000000 
50.000000 40.702174 31.908829 24.042452 17.383719 12.047649 7.996821 5.081452 3.090538 1.799194 1.002828 0.535371 0.273905 0.134384 0.063276 0.028622 0.012455 0.005226 0.002124 0.000846 0.000340 0.000147 0.000076 0.000051 0.000042 0.000039 0.000038 0.000038 0.000038 0.000038 0.000038 0.000038 0.000038 0.000038 0.000038 0.000038 0.000038 0.000038 0.000038 0.000037 0.000037 0.000036 0.000035 0.000033 0.000030 0.000026 0.000021 0.000014 0.000007 0.000000 
50.000000 40.702187 31.908855 24.042489 17.383765 12.047703 7.996880 5.081515 3.090604 1.799263 1.002897 0.535442 0.273975 0.134454 0.063347 0.028693 0.012526 0.005297 0.002195 0.000917 0.000411 0.000218 0.000147 0.000122 0.000113 0.000110 0.000109 0.000109 0.000109 0.000109 0.000109 0.000109 0.000109 0.000109 0.000109 0.000109 0.000109 0.000109 0.000108 0.000107 0.000106 0.000103 0.000100 0.000094 0.000085 0.000074 0.000059 0.000041 0.000021 0.000000 
50.000000 40.702223 31.908925 24.042589 17.383892 12.047850 7.997043 5.081689 3.090786 1.799449 1.003087 0.535633 0.274167 0.134647 0.063540 0.028886 0.012719 0.005490 0.002388 0.001110 0.000604 0.000411 0.000340 0.000315 0.000306 0.000303 0.000302 0.000302 0.000302 0.000302 0.000302 0.000302 0.000302 0.000302 0.000302 0.000302 0.000302 0.000301 0.000300 0.000298 0.000294 0.000287 0.000276 0.000260 0.000237 0.000205 0.000164 0.000115 0.000059 0.000000 
50.000000 40.702318 31.909109 24.042853 17.384223 12.048236 7.997469 5.082145 3.091261 1.799937 1.003583 0.536134 0.274671 0.135152 0.064045 0.029392 0.013225 0.005996 0.002895 0.001617 0.001110 0.000917 0.000846 0.000821 0.000813 0.000810 0.000809 0.000809 0.000808 0.000808 0.000808 0.000808 0.000808 0.000808 0.000808 0.000808 0.000807 0.000806 0.000802 0.000797 0.000786 0.000769 0.000741 0.000698 0.000635 0.000550 0.000441 0.000309 0.000160 0.000000 
50.000000 40.702557 31.909573 24.043519 17.385059 12.049208 7.998545 5.083295 3.092462 1.801170 1.004836 0.537399 0.275942 0.136427 0.065322 0.030670 0.014503 0.007274 0.004173 0.002895 0.002388 0.002195 0.002124 0.002099 0.002091 0.002088 0.002087 0.002087 0.002086 0.002086 0.002086 0.002086 0.002086 0.002086 0.002086 0.002085 0.002083 0.002079 0.002071 0.002057 0.002031 0.001986 0.001914 0.001804 0.001644 0.001425 0.001143 0.000801 0.000414 0.000000 
50.000000 40.703135 31.910699 24.045134 17.387088 12.051568 8.001155 5.086085 3.095374 1.804162 1.007877 0.540468 0.279027 0.139520 0.068420 0.033769 0.017604 0.010375 0.007274 0.005996 0.005490 0.005297 0.005226 0.005201 0.005192 0.005189 0.005188 0.005188 0.005188 0.005188 0.005188 0.005188 0.005188 0.005187 0.005186 0.005184 0.005180 0.005170 0.005152 0.005116 0.005053 0.004944 0.004766 0.004494 0.004097 0.003554 0.002853 0.002002 0.001034 0.000000 
50.000000 40.704484 31.913323 24.048898 17.391815 12.057066 8.007238 5.092587 3.102163 1.811136 1.014964 0.547621 0.286218 0.146730 0.075640 0.040994 0.024831 0.017604 0.014503 0.013225 0.012719 0.012526 0.012455 0.012430 0.012421 0.012418 0.012417 0.012417 0.012417 0.012417 0.012417 0.012417 0.012416 0.012415 0.012413 0.012409 0.012398 0.012376 0.012333 0.012250 0.012101 0.011845 0.011426 0.010780 0.009837 0.008540 0.006861 0.004818 0.002489 0.000000 
50.000000 40.707499 31.919189 24.057312 17.402384 12.069360 8.020839 5.107128 3.117343 1.826730 1.030812 0.563619 0.302299 0.162855 0.091787 0.057153 0.040994 0.033769 0.030670 0.029392 0.028886 0.028693 0.028622 0.028597 0.028588 0.028586 0.028585 0.028584 0.028584 0.028584 0.028584 0.028584 0.028583 0.028581 0.028576 0.028566 0.028543 0.028494 0.028397 0.028213 0.027878 0.027299 0.026352 0.024882 0.022727 0.019751 0.015883 0.011164 0.005769 0.000000 
50.000000 40.713960 31.931757 24.075342 17.425033 12.095706 8.049987 5.138289 3.149877 1.860152 1.064782 0.597908 0.336766 0.197418 0.126398 0.091787 0.075640 0.068420 0.065322 0.064045 0.063540 0.063347 0.063276 0.063251 0.063242 0.063239 0.063238 0.063238 0.063238 0.063238 0.063238 0.063237 0.063235 0.063231 0.063221 0.063199 0.063150 0.063048 0.062841 0.062447 0.061727 0.060477 0.058421 0.055214 0.050491 0.043933 0.035371 0.024887 0.012871 0.000000 
50.000000 40.727212 31.957540 24.112327 17.471495 12.149754 8.109788 5.202224 3.216630 1.928730 1.134482 0.668266 0.407492 0.268339 0.197418 0.162855 0.146730 0.139520 0.136427 0.135152 0.134647 0.134454 0.134383 0.134358 0.134350 0.134347 0.134346 0.134346 0.134346 0.134345 0.134345 0.134344 0.134340 0.134332 0.134313 0.134268 0.134169 0.133962 0.133543 0.132737 0.131259 0.128681 0.124413 0.117716 0.107792 0.093931 0.075737 0.053356 0.027617 0.000000 
50.000000 40.753206 32.008112 24.184877 17.562637 12.255782 8.227105 5.327656 3.347595 2.063279 1.271237 0.806314 0.546260 0.407492 0.336766 0.302299 0.286218 0.279027 0.275942 0.274671 0.274167 0.273975 0.273905 0.273880 0.273871 0.273868 0.273867 0.273867 0.273867 0.273866 0.273865 0.273863 0.273857 0.273841 0.273804 0.273719 0.273530 0.273130 0.272320 0.270753 0.267863 0.262789 0.254329 0.240963 0.221010 0.192942 0.155856 0.109973 0.056985 0.000000 
50.000000 40.801905 32.102858 24.320803 17.733400 12.454444 8.446927 5.562691 3.593007 2.315413 1.527510 1.065012 0.806314 0.668266 0.597908 0.563619 0.547621 0.540468 0.537399 0.536134 0.535633 0.535442 0.535371 0.535346 0.535338 0.535335 0.535334 0.535334 0.535334 0.535333 0.535331 0.535327 0.535316 0.535288 0.535221 0.535067 0.534724 0.533993 0.532506 0.529612 0.524236 0.514730 0.498753 0.473302 0.434976 0.380594 0.308145 0.217871 0.113052 0.000000 
50.000000 40.888944 32.272202 24.563753 18.038630 12.809553 8.839874 5.982847 4.031726 2.766159 1.985665 1.527510 1.271237 1.134482 1.064782 1.030812 1.014964 1.007877 1.004836 1.003583 1.003087 1.002897 1.002828 1.002803 1.002794 1.002792 1.002791 1.002790 1.002790 1.002789 1.002786 1.002779 1.002760 1.002713 1.002599 1.002335 1.001745 1.000483 0.997898 0.992832 0.983353 0.966447 0.937774 0.891641 0.821444 0.720777 0.585286 0.414910 0.215695 0.000000 
50.000000 41.037186 32.560626 24.977552 18.558520 13.414421 9.509216 6.698559 4.779081 3.534019 2.766159 2.315413 2.063279 1.928730 1.860152 1.826730 1.811136 1.804162 1.801170 1.799937 1.799449 1.799263 1.799194 1.799170 1.799161 1.799159 1.799158 1.799157 1.799157 1.799155 1.799151 1.799140 1.799110 1.799034 1.798852 1.798426 1.797471 1.795416 1.791176 1.782806 1.767010 1.738567 1.689810 1.610441 1.488141 1.310446 1.068160 0.759869 0.396019 0.000000 
50.000000 41.277508 33.028210 25.648405 19.401389 14.395090 10.594450 7.859010 5.990867 4.779081 4.031726 3.593007 3.347595 3.216630 3.149877 3.117343 3.102163 3.095374 3.092462 3.091261 3.090786 3.090604 3.090537 3.090514 3.090506 3.090503 3.090502 3.090502 3.090501 3.090499 3.090492 3.090475 3.090431 3.090318 3.090043 3.089400 3.087949 3.084806 3.078278 3.065279 3.040514 2.995433 2.917196 2.788063 2.586033 2.287686 1.874094 1.339545 0.700591 0.000000 
50.000000 41.647938 33.748949 26.682485 20.700656 15.906815 12.267411 9.647969 7.859010 6.698559 5.982847 5.562691 5.327656 5.202224 5.138289 5.107128 5.092587 5.086085 5.083295 5.082145 5.081689 5.081515 5.081451 5.081429 5.081421 5.081418 5.081418 5.081417 5.081416 5.081413 5.081404 5.081381 5.081319 5.081161 5.080776 5.079869 5.077811 5.073327 5.063938 5.045073 5.008749 4.941814 4.823985 4.626311 4.311298 3.836568 3.164212 2.276781 1.196909 0.000000 
50.000000 42.190264 34.804155 28.196467 22.602936 18.120214 14.716946 12.267411 10.594450 9.509216 8.839874 8.446927 8.227105 8.109788 8.049987 8.020839 8.007238 8.001155 7.998545 7.997469 7.997043 7.996880 7.996820 7.996799 7.996792 7.996790 7.996789 7.996788 7.996787 7.996783 7.996772 7.996741 7.996661 7.996458 7.995958 7.994773 7.992072 7.986142 7.973625 7.948233 7.898775 7.806387 7.641100 7.358473 6.897951 6.186091 5.149307 3.740924 1.982161 0.000000 
50.000000 42.943681 36.270095 30.299791 25.245760 21.195338 18.120214 15.906815 14.395090 13.414421 12.809553 12.454444 12.255782 12.149754 12.095706 12.069360 12.057066 12.051568 12.049208 12.048236 12.047850 12.047703 12.047649 12.047630 12.047623 12.047621 12.047620 12.047620 12.047618 12.047613 12.047600 12.047565 12.047470 12.047229 12.046633 12.045215 12.041962 12.034773 12.019468 11.988109 11.926280 11.809057 11.595518 11.222263 10.597669 9.601083 8.095342 5.966181 3.201902 0.000000 
50.000000 43.935993 38.200876 33.070103 28.726710 25.245760 22.602936 20.700656 19.401389 18.558520 18.038630 17.733400 17.562637 17.471495 17.425033 17.402384 17.391815 17.387088 17.385059 17.384223 17.383892 17.383765 17.383719 17.383702 17.383696 17.383695 17.383694 17.383693 17.383691 17.383686 17.383673 17.383635 17.383534 17.383275 17.382633 17.381100 17.377564 17.369695 17.352807 17.317852 17.248074 17.113703 16.864087 16.416845 15.644677 14.363355 12.331785 9.291399 5.098162 0.000000 
50.000000 45.174125 40.609971 36.526744 33.070103 30.299791 28.196467 26.682485 25.648405 24.977552 24.563753 24.320803 24.184877 24.112327 24.075342 24.057312 24.048898 24.045134 24.043519 24.042853 24.042589 24.042489 24.042452 24.042439 24.042434 24.042432 24.042432 24.042431 24.042430 24.042425 24.042412 24.042376 24.042281 24.042037 24.041429 24.039971 24.036590 24.029022 24.012657 23.978467 23.909392 23.774311 23.518273 23.047160 22.204449 20.738318 18.263372 14.247783 8.145164 0.000000 
50.000000 46.636674 43.455742 40.609971 38.200876 36.270095 34.804155 33.748949 33.028210 32.560626 32.272202 32.102858 32.008112 31.957540 31.931757 31.919189 31.913323 31.910699 31.909573 31.909109 31.908925 31.908855 31.908829 31.908820 31.908817 31.908816 31.908815 31.908815 31.908813 31.908810 31.908800 31.908772 31.908697 31.908505 31.908025 31.906870 31.904183 31.898139 31.884987 31.857292 31.800758 31.688665 31.472168 31.063231 30.303913 28.909477 26.362189 21.727871 13.459131 0.000000 
50.000000 48.271469 46.636674 45.174125 43.935993 42.943681 42.190264 41.647938 41.277508 41.037186 40.888944 40.801905 40.753206 40.727212 40.713960 40.707499 40.704484 40.703135 40.702557 40.702318 40.702223 40.702187 40.702174 40.702169 40.702168 40.702167 40.702167 40.702167 40.702166 40.702164 40.702158 40.702143 40.702102 40.701995 40.701730 40.701089 40.699595 40.696221 40.688852 40.673249 40.641167 40.576917 40.451028 40.208103 39.741778 38.837832 37.028960 33.177543 24.135734 0.000000 
50.000000 50.000000 50.000000 50.000000 50.000000 50.000000 50.000000 50.000000 50.000000 50.000000 50.000000 50.000000 50.000000 50.000000 50.000000 50.000000 50.000000 50.000000 50.000000 50.000000 50.000000 50.000000 50.000000 50.000000 50.000000 50.000000 50.000000 50.000000 50.000000 50.000000 50.000000 50.000000 50.000000 50.000000 50.000000 50.000000 50.000000 50.000000 50.000000 50.000000 50.000000 50.000000 50.000000 50.000000 50.000000 50.000000 50.000000 50.000000 50.000000 50.000000 
