50.000000 50.000000 50.000000 50.000000 50.000000 50.000000 50.000000 50.000000 50.000000 50.000000 50.000000 50.000000 50.000000 50.000000 50.000000 50.000000 50.000000 50.000000 50.000000 50.000000 50.000000 50.000000 50.000000 50.000000 50.000000 50.000000 50.000000 50.000000 50.000000 50.000000 50.000000 50.000000 50.000000 50.000000 50.000000 50.000000 50.000000 50.000000 50.000000 50.000000 50.000000 50.000000 50.000000 50.000000 50.000000 50.000000 50.000000 50.000000 50.000000 50.000000 
50.000000 44.094167 39.275182 36.036545 34.217547 33.349947 32.993098 32.864772 32.823933 32.812311 32.809326 32.808629 32.808480 32.808451 32.808446 32.808445 32.808445 32.808445 32.808445 32.808445 32.808445 32.808445 32.808445 32.808445 32.808445 32.808445 32.808445 32.808445 32.808445 32.808445 32.808445 32.808445 32.808445 32.808445 32.808445 32.808444 32.808444 32.808442 32.808433 32.808380 32.808120 32.806919 32.801793 32.781556 32.707669 32.457236 31.661741 29.249207 22.047084 0.000000 
50.000000 39.275182 30.524725 24.644761 21.342897 19.768395 19.120969 18.888215 18.814166 18.793100 18.787692 18.786429 18.786159 18.786106 18.786097 18.786095 18.786095 18.786095 18.786095 18.786095 18.786095 18.786095 18.786095 18.786095 18.786095 18.786095 18.786095 18.786095 18.786095 18.786095 18.786095 18.786095 18.786095 18.786095 18.786095 18.786095 18.786094 18.786092 18.786078 18.786008 18.785658 18.784065 18.777369 18.751535 18.660387 18.367336 17.512191 15.262363 10.025976 0.000000 
50.000000 36.036545 24.644761 16.991303 12.694598 10.646307 9.804343 9.501761 9.405535 9.378170 9.371148 9.369509 9.369159 9.369090 9.369077 9.369075 9.369075 9.369075 9.369075 9.369075 9.369075 9.369075 9.369075 9.369075 9.369075 9.369075 9.369075 9.369075 9.369075 9.369075 9.369075 9.369075 9.369075 9.369075 9.369075 9.369075 9.369074 9.369072 9.369061 9.369003 9.368721 9.367447 9.362184 9.342333 9.274470 9.065882 8.495651 7.132570 4.374805 0.000000 
50.000000 34.217547 21.342897 12.694598 7.840458 5.527049 4.576391 4.234859 4.126283 4.095418 4.087500 4.085653 4.085259 4.085181 4.085167 4.085164 4.085164 4.085164 4.085164 4.085164 4.085164 4.085164 4.085164 4.085164 4.085164 4.085164 4.085164 4.085164 4.085164 4.085164 4.085164 4.085164 4.085164 4.085164 4.085164 4.085164 4.085164 4.085163 4.085156 4.085121 4.084952 4.084201 4.081139 4.069816 4.032107 3.920229 3.628716 2.975561 1.760311 0.000000 
50.000000 33.349947 19.768395 10.646307 5.527049 3.087752 2.085577 1.725619 1.611214 1.578700 1.570362 1.568417 1.568002 1.567920 1.567905 1.567903 1.567902 1.567902 1.567902 1.567902 1.567902 1.567902 1.567902 1.567902 1.567902 1.567902 1.567902 1.567902 1.567902 1.567902 1.567902 1.567902 1.567902 1.567902 1.567902 1.567902 1.567902 1.567902 1.567898 1.567882 1.567801 1.567446 1.566019 1.560823 1.543876 1.494941 1.371837 1.108008 0.642277 0.000000 
50.000000 32.993098 19.120969 9.804343 4.576391 2.085577 1.062362 0.694897 0.578122 0.544939 0.536431 0.534447 0.534023 0.533940 0.533925 0.533922 0.533922 0.533922 0.533922 0.533922 0.533922 0.533922 0.533922 0.533922 0.533922 0.533922 0.533922 0.533922 0.533922 0.533922 0.533922 0.533922 0.533922 0.533922 0.533922 0.533922 0.533922 0.533922 0.533920 0.533914 0.533882 0.533742 0.533184 0.531181 0.524754 0.506575 0.462010 0.369434 0.211542 0.000000 
50.000000 32.864772 18.888215 9.501761 4.234859 1.725619 0.694897 0.324759 0.207143 0.173723 0.165155 0.163157 0.162730 0.162647 0.162631 0.162629 0.162628 0.162628 0.162628 0.162628 0.162628 0.162628 0.162628 0.162628 0.162628 0.162628 0.162628 0.162628 0.162628 0.162628 0.162628 0.162628 0.162628 0.162628 0.162628 0.162628 0.162628 0.162628 0.162628 0.162625 0.162615 0.162567 0.162380 0.161713 0.159600 0.153719 0.139577 0.110846 0.062978 0.000000 
50.000000 32.823933 18.814166 9.405535 4.126283 1.611214 0.578122 0.207143 0.089263 0.055769 0.047182 0.045180 0.044752 0.044668 0.044653 0.044650 0.044650 0.044650 0.044650 0.044650 0.044650 0.044650 0.044650 0.044650 0.044650 0.044650 0.044650 0.044650 0.044650 0.044650 0.044650 0.044650 0.044650 0.044650 0.044650 0.044650 0.044650 0.044650 0.044649 0.044649 0.044646 0.044631 0.044576 0.044381 0.043768 0.042082 0.038087 0.030102 0.017014 0.000000 
50.000000 32.812311 18.793100 9.378170 4.095418 1.578700 0.544939 0.173723 0.055769 0.022254 0.013662 0.011658 0.011231 0.011147 0.011131 0.011129 0.011128 0.011128 0.011128 0.011128 0.011128 0.011128 0.011128 0.011128 0.011128 0.011128 0.011128 0.011128 0.011128 0.011128 0.011128 0.011128 0.011128 0.011128 0.011128 0.011128 0.011128 0.011128 0.011128 0.011128 0.011127 0.011123 0.011109 0.011058 0.010899 0.010465 0.009449 0.007442 0.004191 0.000000 
50.000000 32.809326 18.787692 9.371148 4.087500 1.570362 0.536431 0.165155 0.047182 0.013662 0.005068 0.003064 0.002637 0.002552 0.002537 0.002535 0.002534 0.002534 0.002534 0.002534 0.002534 0.002534 0.002534 0.002534 0.002534 0.002534 0.002534 0.002534 0.002534 0.002534 0.002534 0.002534 0.002534 0.002534 0.002534 0.002534 0.002534 0.002534 0.002534 0.002534 0.002534 0.002533 0.002529 0.002517 0.002480 0.002379 0.002144 0.001684 0.000946 0.000000 
50.000000 32.808629 18.786429 9.369509 4.085653 1.568417 0.534447 0.163157 0.045180 0.011658 0.003064 0.001061 0.000633 0.000549 0.000533 0.000531 0.000530 0.000530 0.000530 0.000530 0.000530 0.000530 0.000530 0.000530 0.000530 0.000530 0.000530 0.000530 0.000530 0.000530 0.000530 0.000530 0.000530 0.000530 0.000530 0.000530 0.000530 0.000530 0.000530 0.000530 0.000530 0.000530 0.000529 0.000527 0.000519 0.000497 0.000447 0.000351 0.000197 0.000000 
50.000000 32.808480 18.786159 9.369159 4.085259 1.568002 0.534023 0.162730 0.044752 0.011231 0.002637 0.000633 0.000205 0.000121 0.000106 0.000103 0.000103 0.000103 0.000103 0.000103 0.000103 0.000103 0.000103 0.000103 0.000103 0.000103 0.000103 0.000103 0.000103 0.000103 0.000103 0.000103 0.000103 0.000103 0.000103 0.000103 0.000103 0.000103 0.000103 0.000102 0.000102 0.000102 0.000102 0.000102 0.000100 0.000096 0.000086 0.000068 0.000038 0.000000 
50.000000 32.808451 18.786106 9.369090 4.085181 1.567920 0.533940 0.162647 0.044668 0.011147 0.002552 0.000549 0.000121 0.000037 0.000021 0.000019 0.000018 0.000018 0.000018 0.000018 0.000018 0.000018 0.000018 0.000018 0.000018 0.000018 0.000018 0.000018 0.000018 0.000018 0.000018 0.000018 0.000018 0.000018 0.000018 0.000018 0.000018 0.000018 0.000018 0.000018 0.000018 0.000018 0.000018 0.000018 0.000018 0.000017 0.000015 0.000012 0.000007 0.000000 
50.000000 32.808446 18.786097 9.369077 4.085167 1.567905 0.533925 0.162631 0.044653 0.011131 0.002537 0.000533 0.000106 0.000021 0.000006 0.000004 0.000003 0.000003 0.000003 0.000003 0.000003 0.000003 0.000003 0.000003 0.000003 0.000003 0.000003 0.000003 0.000003 0.000003 0.000003 0.000003 0.000003 0.000003 0.000003 0.000003 0.000003 0.000003 0.000003 0.000003 0.000003 0.000003 0.000003 0.000003 0.000003 0.000003 0.000003 0.000002 0.000001 0.000000 
50.000000 32.808445 18.786095 9.369075 4.085164 1.567903 0.533922 0.162629 0.044650 0.011129 0.002535 0.000531 0.000103 0.000019 0.000004 0.000001 0.000001 0.000000 0.000000 0.000000 0.000000 0.000000 0.000000 0.000000 0.000000 0.000000 0.000000 0.000000 0.000000 0.000000 0.000000 0.000000 0.000000 0.000000 0.000000 0.000000 0.000000 0.000000 0.000000 0.000000 0.000000 0.000000 0.000000 0.000000 0.000000 0.000000 0.000000 0.000000 0.000000 0.000000 
50.000000 32.808445 18.786095 9.369075 4.085164 1.567902 0.533922 0.162628 0.044650 0.011128 0.002534 0.000530 0.000103 0.000018 0.000003 0.000001 0.000000 0.000000 0.000000 0.000000 0.000000 0.000000 0.000000 0.000000 0.000000 0.000000 0.000000 0.000000 0.000000 0.000000 0.000000 0.000000 0.000000 0.000000 0.000000 0.000000 0.000000 0.000000 0.000000 0.000000 0.000000 0.000000 0.000000 0.000000 0.000000 0.000000 0.000000 0.000000 0.000000 0.000000 
50.000000 32.808445 18.786095 9.369075 4.085164 1.567902 0.533922 0.162628 0.044650 0.011128 0.002534 0.000530 0.000103 0.000018 0.000003 0.000000 0.000000 0.000000 0.000000 0.000000 0.000000 0.000000 0.000000 0.000000 0.000000 0.000000 0.000000 0.000000 0.000000 0.000000 0.000000 0.000000 0.000000 0.000000 0.000000 0.000000 0.000000 0.000000 0.000000 0.000000 0.000000 0.000000 0.000000 0.000000 0.000000 0.000000 0.000000 0.000000 0.000000 0.000000 
50.000000 32.808445 18.786095 9.369075 4.085164 1.567902 0.533922 0.162628 0.044650 0.011128 0.002534 0.000530 0.000103 0.000018 0.000003 0.000000 0.000000 0.000000 0.000000 0.000000 0.000000 0.000000 0.000000 0.000000 0.000000 0.000000 0.000000 0.000000 0.000000 0.000000 0.000000 0.000000 0.000000 0.000000 0.000000 0.000000 0.000000 0.000000 0.000000 0.000000 0.000000 0.000000 0.000000 0.000000 0.000000 0.000000 0.000000 0.000000 0.000000 0.000000 
50.000000 32.808445 18.786095 9.369075 4.085164 1.567902 0.533922 0.162628 0.044650 0.011128 0.002534 0.000530 0.000103 0.000018 0.000003 0.000000 0.000000 0.000000 0.000000 0.000000 0.000000 0.000000 0.000000 0.000000 0.000000 0.000000 0.000000 0.000000 0.000000 0.000000 0.000000 0.000000 0.000000 0.000000 0.000000 0.000000 0.000000 0.000000 0.000000 0.000000 0.000000 0.000000 0.000000 0.000000 0.000000 0.000000 0.000000 0.000000 0.000000 0.000000 
50.000000 32.808445 18.786095 9.369075 4.085164 1.567902 0.533922 0.162628 0.044650 0.011128 0.002534 0.000530 0.000103 0.000018 0.000003 0.000000 0.000000 0.000000 0.000000 0.000000 0.000000 0.000000 0.000000 0.000000 0.000000 0.000000 0.000000 0.000000 0.000000 0.000000 0.000000 0.000000 0.000000 0.000000 0.000000 0.000000 0.000000 0.000000 0.000000 0.000000 0.000000 0.000000 0.000000 0.000000 0.000000 0.000000 0.000000 0.000000 0.000000 0.000000 
50.000000 32.808445 18.786095 9.369075 4.085164 1.567902 0.533922 0.162628 0.044650 0.011128 0.002534 0.000530 0.000103 0.000018 0.000003 0.000000 0.000000 0.000000 0.000000 0.000000 0.000000 0.000000 0.000000 0.000000 0.000000 0.000000 0.000000 0.000000 0.000000 0.000000 0.000000 0.000000 0.000000 0.000000 0.000000 0.000000 0.000000 0.000000 0.000000 0.000000 0.000000 0.000000 0.000000 0.000000 0.000000 0.000000 0.000000 0.000000 0.000000 0.000000 
50.000000 32.808445 18.786095 9.369075 4.085164 1.567902 0.533922 0.162628 0.044650 0.011128 0.002534 0.000530 0.000103 0.000018 0.000003 0.000000 0.000000 0.000000 0.000000 0.000000 0.000000 0.000000 0.000000 0.000000 0.000000 0.000000 0.000000 0.000000 0.000000 0.000000 0.000000 0.000000 0.000000 0.000000 0.000000 0.000000 0.000000 0.000000 0.000000 0.000000 0.000000 0.000000 0.000000 0.000000 0.000000 0.000000 0.000000 0.000000 0.000000 0.000000 
50.000000 32.808445 18.786095 9.369075 4.085164 1.567902 0.533922 0.162628 0.044650 0.011128 0.002534 0.000530 0.000103 0.000018 0.000003 0.000000 0.000000 0.000000 0.000000 0.000000 0.000000 0.000000 0.000000 0.000000 0.000000 0.000000 0.000000 0.000000 0.000000 0.000000 0.000000 0.000000 0.000000 0.000000 0.000000 0.000000 0.000000 0.000000 0.000000 0.000000 0.000000 0.000000 0.000000 0.000000 0.000000 0.000000 0.000000 0.000000 0.000000 0.000000 
50.000000 32.808445 18.786095 9.369075 4.085164 1.567902 0.533922 0.162628 0.044650 0.011128 0.002534 0.000530 0.000103 0.000018 0.000003 0.000000 0.000000 0.000000 0.000000 0.000000 0.000000 0.000000 0.000000 0.000000 0.000000 0.000000 0.000000 0.000000 0.000000 0.000000 0.000000 0.000000 0.000000 0.000000 0.000000 0.000000 0.000000 0.000000 0.000000 0.000000 0.000000 0.000000 0.000000 0.000000 0.000000 0.000000 0.000000 0.000000 0.000000 0.000000 
50.000000 32.808445 18.786095 9.369075 4.085164 1.567902 0.533922 0.162628 0.044650 0.011128 0.002534 0.000530 0.000103 0.000018 0.000003 0.000000 0.000000 0.000000 0.000000 0.000000 0.000000 0.000000 0.000000 0.000000 0.000000 0.000000 0.000000 0.000000 0.000000 0.000000 0.000000 0.000000 0.000000 0.000000 0.000000 0.000000 0.000000 0.000000 0.000000 0.000000 0.000000 0.000000 0.000000 0.000000 0.000000 0.000000 0.000000 0.000000 0.000000 0.000000 
50.000000 32.808445 18.786095 9.369075 4.085164 1.567902 0.533922 0.162628 0.044650 0.011128 0.002534 0.000530 0.000103 0.000018 0.000003 0.000000 0.000000 0.000000 0.000000 0.000000 0.000000 0.000000 0.000000 0.000000 0.000000 0.000000 0.000000 0.000000 0.000000 0.000000 0.000000 0.000000 0.000000 0.000000 0.000000 0.000000 0.000000 0.000000 0.000000 0.000000 0.000000 0.000000 0.000000 0.000000 0.000000 0.000000 0.000000 0.000000 0.000000 0.000000 
50.000000 32.808445 18.786095 9.369075 4.085164 1.567902 0.533922 0.162628 0.044650 0.011128 0.002534 0.000530 0.000103 0.000018 0.000003 0.000000 0.000000 0.000000 0.000000 0.000000 0.000000 0.000000 0.000000 0.000000 0.000000 0.000000 0.000000 0.000000 0.000000 0.000000 0.000000 0.000000 0.000000 0.000000 0.000000 0.000000 0.000000 0.000000 0.000000 0.000000 0.000000 0.000000 0.000000 0.000000 0.000000 0.000000 0.000000 0.000000 0.000000 0.000000 
50.000000 32.808445 18.786095 9.369075 4.085164 1.567902 0.533922 0.162628 0.044650 0.011128 0.002534 0.000530 0.000103 0.000018 0.000003 0.000000 0.000000 0.000000 0.000000 0.000000 0.000000 0.000000 0.000000 0.000000 0.000000 0.000000 0.000000 0.000000 0.000000 0.000000 0.000000 0.000000 0.000000 0.000000 0.000000 0.000000 0.000000 0.000000 0.000000 0.000000 0.000000 0.000000 0.000000 0.000000 0.000000 0.000000 0.000000 0.000000 0.000000 0.000000 
50.000000 32.808445 18.786095 9.369075 4.085164 1.567902 0.533922 0.162628 0.044650 0.011128 0.002534 0.000530 0.000103 0.000018 0.000003 0.000000 0.000000 0.000000 0.000000 0.000000 0.000000 0.000000 0.000000 0.000000 0.000000 0.000000 0.000000 0.000000 0.000000 0.000000 0.000000 0.000000 0.000000 0.000000 0.000000 0.000000 0.000000 0.000000 0.000000 0.000000 0.000000 0.000000 0.000000 0.000000 0.000000 0.000000 0.000000 0.000000 0.000000 0.000000 
50.000000 32.808445 18.786095 9.369075 4.085164 1.567902 0.533922 0.162628 0.044650 0.011128 0.002534 0.000530 0.000103 0.000018 0.000003 0.000000 0.000000 0.000000 0.000000 0.000000 0.000000 0.000000 0.000000 0.000000 0.000000 0.000000 0.000000 0.000000 0.000000 0.000000 0.000000 0.000000 0.000000 0.000000 0.000000 0.000000 0.000000 0.000000 0.000000 0.000000 0.000000 0.000000 0.000000 0.000000 0.000000 0.000000 0.000000 0.000000 0.000000 0.000000 
50.000000 32.808445 18.786095 9.369075 4.085164 1.567902 0.533922 0.162628 0.044650 0.011128 0.002534 0.000530 0.000103 0.000018 0.000003 0.000000 0.000000 0.000000 0.000000 0.000000 0.000000 0.000000 0.000000 0.000000 0.000000 0.000000 0.000000 0.000000 0.000000 0.000000 0.000000 0.000000 0.000000 0.000000 0.000000 0.000000 0.000000 0.000000 0.000000 0.000000 0.000000 0.000000 0.000000 0.000000 0.000000 0.000000 0.000000 0.000000 0.000000 0.000000 
50.000000 32.808445 18.786095 9.369075 4.085164 1.567902 0.533922 0.162628 0.044650 0.011128 0.002534 0.000530 0.000103 0.000018 0.000003 0.000000 0.000000 0.000000 0.000000 0.000000 0.000000 0.000000 0.000000 0.000000 0.000000 0.000000 0.000000 0.000000 0.000000 0.000000 0.000000 0.000000 0.000000 0.000000 0.000000 0.000000 0.000000 0.000000 0.000000 0.000000 0.000000 0.000000 0.000000 0.000000 0.000000 0.000000 0.000000 0.000000 0.000000 0.000000 
50.000000 32.808445 18.786095 9.369075 4.085164 1.567902 0.533922 0.162628 0.044650 0.011128 0.002534 0.000530 0.000103 0.000018 0.000003 0.000001 0.000000 0.000000 0.000000 0.000000 0.000000 0.000000 0.000000 0.000000 0.000000 0.000000 0.000000 0.000000 0.000000 0.000000 0.000000 0.000000 0.000000 0.000000 0.000000 0.000000 0.000000 0.000000 0.000000 0.000000 0.000000 0.000000 0.000000 0.000000 0.000000 0.000000 0.000000 0.000000 0.000000 0.000000 
50.000000 32.808445 18.786095 9.369075 4.085164 1.567903 0.533922 0.162629 0.044650 0.011129 0.002535 0.000531 0.000103 0.000019 0.000004 0.000001 0.000001 0.000000 0.000000 0.000000 0.000000 0.000000 0.000000 0.000000 0.000000 0.000000 0.000000 0.000000 0.000000 0.000000 0.000000 0.000000 0.000000 0.000000 0.000000 0.000000 0.000000 0.000000 0.000000 0.000000 0.000000 0.000000 0.000000 0.000000 0.000000 0.000000 0.000000 0.000000 0.000000 0.000000 
50.000000 32.808446 18.786097 9.369077 4.085167 1.567905 0.533925 0.162631 0.044653 0.011131 0.002537 0.000533 0.000106 0.000021 0.000006 0.000004 0.000003 0.000003 0.000003 0.000003 0.000003 0.000003 0.000003 0.000003 0.000003 0.000003 0.000003 0.000003 0.000003 0.000003 0.000003 0.000003 0.000003 0.000003 0.000003 0.000003 0.000003 0.000003 0.000003 0.000003 0.000003 0.000003 0.000003 0.000003 0.000003 0.000003 0.000003 0.000002 0.000001 0.000000 
50.000000 32.808451 18.786106 9.369090 4.085181 1.567920 0.533940 0.162647 0.044668 0.011147 0.002552 0.000549 0.000121 0.000037 0.000021 0.000019 0.000018 0.000018 0.000018 0.000018 0.000018 0.000018 0.000018 0.000018 0.000018 0.000018 0.000018 0.000018 0.000018 0.000018 0.000018 0.000018 0.000018 0.000018 0.000018 0.000018 0.000018 0.000018 0.000018 0.000018 0.000018 0.000018 0.000018 0.000018 0.000018 0.000017 0.000015 0.000012 0.000007 0.000000 
50.000000 32.808480 18.786159 9.369159 4.085259 1.568002 0.534023 0.162730 0.044752 0.011231 0.002637 0.000633 0.000205 0.000121 0.000106 0.000103 0.000103 0.000103 0.000103 0.000103 0.000103 0.000103 0.000103 0.000103 0.000103 0.000103 0.000103 0.000103 0.000103 0.000103 0.000103 0.000103 0.000103 0.000103 0.000103 0.000103 0.000103 0.000103 0.000103 0.000102 0.000102 0.000102 0.000102 0.000102 0.000100 0.000096 0.000086 0.000068 0.000038 0.000000 
50.000000 32.808629 18.786429 9.369509 4.085653 1.568417 0.534447 0.163157 0.045180 0.011658 0.003064 0.001061 0.000633 0.000549 0.000533 0.000531 0.000530 0.000530 0.000530 0.000530 0.000530 0.000530 0.000530 0.000530 0.000530 0.000530 0.000530 0.000530 0.000530 0.000530 0.000530 0.000530 0.000530 0.000530 0.000530 0.000530 0.000530 0.000530 0.000530 0.000530 0.000530 0.000530 0.000529 0.000527 0.000519 0.000497 0.000447 0.000351 0.000197 0.000000 
50.000000 32.809326 18.787692 9.371148 4.087500 1.570362 0.536431 0.165155 0.047182 0.013662 0.005068 0.003064 0.002637 0.002552 0.002537 0.002535 0.002534 0.002534 0.002534 0.002534 0.002534 0.002534 0.002534 0.002534 0.002534 0.002534 0.002534 0.002534 0.002534 0.002534 0.002534 0.002534 0.002534 0.002534 0.002534 0.002534 0.002534 0.002534 0.002534 0.002534 0.002534 0.002533 0.002529 0.002517 0.002480 0.002379 0.002144 0.001684 0.000946 0.000000 
50.000000 32.812311 18.793100 9.378170 4.095418 1.578700 0.544939 0.173723 0.055769 0.022254 0.013662 0.011658 0.011231 0.011147 0.011131 0.011129 0.011128 0.011128 0.011128 0.011128 0.011128 0.011128 0.011128 0.011128 0.011128 0.011128 0.011128 0.011128 0.011128 0.011128 0.011128 0.011128 0.011128 0.011128 0.011128 0.011128 0.011128 0.011128 0.011128 0.011128 0.011127 0.011123 0.011109 0.011058 0.010899 0.010465 0.009449 0.007442 0.004191 0.000000 
50.000000 32.823933 18.814166 9.405535 4.126283 1.611214 0.578122 0.207143 0.089263 0.055769 0.047182 0.045180 0.044752 0.044668 0.044653 0.044650 0.044650 0.044650 0.044650 0.044650 0.044650 0.044650 0.044650 0.044650 0.044650 0.044650 0.044650 0.044650 0.044650 0.044650 0.044650 0.044650 0.044650 0.044650 0.044650 0.044650 0.044650 0.044650 0.044649 0.044649 0.044646 0.044631 0.044576 0.044381 0.043768 0.042082 0.038087 0.030102 0.017014 0.000000 
50.000000 32.864772 18.888215 9.501761 4.234859 1.725619 0.694897 0.324759 0.207143 0.173723 0.165155 0.163157 0.162730 0.162647 0.162631 0.162629 0.162628 0.162628 0.162628 0.162628 0.162628 0.162628 0.162628 0.162628 0.162628 0.162628 0.162628 0.162628 0.162628 0.162628 0.162628 0.162628 0.162628 0.162628 0.162628 0.162628 0.162628 0.162628 0.162628 0.162625 0.162615 0.162567 0.162380 0.161713 0.159600 0.153719 0.139577 0.110846 0.062978 0.000000 
50.000000 32.993098 19.120969 9.804343 4.576391 2.085577 1.062362 0.694897 0.578122 0.544939 0.536431 0.534447 0.534023 0.533940 0.533925 0.533922 0.533922 0.533922 0.533922 0.533922 0.533922 0.533922 0.533922 0.533922 0.533922 0.533922 0.533922 0.533922 0.533922 0.533922 0.533922 0.533922 0.533922 0.533922 0.533922 0.533922 0.533922 0.533922 0.533920 0.533914 0.533882 0.533742 0.533184 0.531181 0.524754 0.506575 0.462010 0.369434 0.211542 0.000000 
50.000000 33.349947 19.768395 10.646307 5.527049 3.087752 2.085577 1.725619 1.611214 1.578700 1.570362 1.568417 1.568002 1.567920 1.567905 1.567903 1.567902 1.567902 1.567902 1.567902 1.567902 1.567902 1.567902 1.567902 1.567902 1.567902 1.567902 1.567902 1.567902 1.567902 1.567902 1.567902 1.567902 1.567902 1.567902 1.567902 1.567902 1.567902 1.567898 1.567882 1.567801 1.567446 1.566019 1.560823 1.543876 1.494941 1.371837 1.108008 0.642277 0.000000 
50.000000 34.217547 21.342897 12.694598 7.840458 5.527049 4.576391 4.234859 4.126283 4.095418 4.087500 4.085653 4.085259 4.085181 4.085167 4.085164 4.085164 4.085164 4.085164 4.085164 4.085164 4.085164 4.085164 4.085164 4.085164 4.085164 4.085164 4.085164 4.085164 4.085164 4.085164 4.085164 4.085164 4.085164 4.085164 4.085164 4.085164 4.085163 4.085156 4.085121 4.084952 4.084201 4.081139 4.069816 4.032107 3.920229 3.628716 2.975561 1.760311 0.000000 
50.000000 36.036545 24.644761 16.991303 12.694598 10.646307 9.804343 9.501761 9.405535 9.378170 9.371148 9.369509 9.369159 9.369090 9.369077 9.369075 9.369075 9.369075 9.369075 9.369075 9.369075 9.369075 9.369075 9.369075 9.369075 9.369075 9.369075 9.369075 9.369075 9.369075 9.369075 9.369075 9.369075 9.369075 9.369075 9.369075 9.369074 9.369072 9.369061 9.369003 9.368721 9.367447 9.362184 9.342333 9.274470 9.065882 8.495651 7.132570 4.374805 0.000000 
50.000000 39.275182 30.524725 24.644761 21.342897 19.768395 19.120969 18.888215 18.814166 18.793100 18.787692 18.786429 18.786159 18.786106 18.786097 18.786095 18.786095 18.786095 18.786095 18.786095 18.786095 18.786095 18.786095 18.786095 18.786095 18.786095 18.786095 18.786095 18.786095 18.786095 18.786095 18.786095 18.786095 18.786095 18.786095 18.786095 18.786094 18.786092 18.786078 18.786008 18.785658 18.784065 18.777369 18.751535 18.660387 18.367336 17.512191 15.262363 10.025976 0.000000 
50.000000 44.094167 39.275182 36.036545 34.217547 33.349947 32.993098 32.864772 32.823933 32.812311 32.809326 32.808629 32.808480 32.808451 32.808446 32.808445 32.808445 32.808445 32.808445 32.808445 32.808445 32.808445 32.808445 32.808445 32.808445 32.808445 32.808445 32.808445 32.808445 32.808445 32.808445 32.808445 32.808445 32.808445 32.808445 32.808444 32.808444 32.808442 32.808433 32.808380 32.808120 32.806919 32.801793 32.781556 32.707669 32.457236 31.661741 29.249207 22.047084 0.000000 
50.000000 50.000000 50.000000 50.000000 50.000000 50.000000 50.000000 50.000000 50.000000 50.000000 50.000000 50.000000 50.000000 50.000000 50.000000 50.000000 50.000000 50.000000 50.000000 50.000000 50.000000 50.000000 50.000000 50.000000 50.000000 50.000000 50.000000 50.000000 50.000000 50.000000 50.000000 50.000000 50.000000 50.000000 50.000000 50.000000 50.000000 50.000000 50.000000 50.000000 50.000000 50.000000 50.000000 50.000000 50.000000 50.000000 50.000000 50.000000 50.000000 50.000000 
