50.000000 50.000000 50.000000 50.000000 50.000000 50.000000 50.000000 50.000000 50.000000 50.000000 50.000000 50.000000 50.000000 50.000000 50.000000 50.000000 50.000000 50.000000 50.000000 50.000000 50.000000 50.000000 50.000000 50.000000 50.000000 50.000000 50.000000 50.000000 50.000000 50.000000 50.000000 50.000000 50.000000 50.000000 50.000000 50.000000 50.000000 50.000000 50.000000 50.000000 50.000000 50.000000 50.000000 50.000000 50.000000 50.000000 50.000000 50.000000 50.000000 50.000000 
50.000000 43.041339 37.587036 34.181742 32.449451 31.714911 31.449974 31.367275 31.344607 31.339085 31.337877 31.337637 31.337594 31.337587 31.337586 31.337586 31.337586 31.337586 31.337586 31.337586 31.337586 31.337586 31.337586 31.337586 31.337586 31.337586 31.337586 31.337586 31.337586 31.337586 31.337586 31.337586 31.337586 31.337586 31.337586 31.337586 31.337586 31.337585 31.337583 31.337566 31.337470 31.336953 31.334395 31.322779 31.274450 31.090049 30.440895 28.301556 21.520670 0.000000 
50.000000 37.587036 27.858828 21.786621 18.698619 17.389698 16.917783 16.770540 16.730200 16.720377 16.718230 16.717804 16.717727 16.717714 16.717712 16.717712 16.717712 16.717712 16.717712 16.717712 16.717712 16.717712 16.717712 16.717712 16.717712 16.717712 16.717712 16.717712 16.717712 16.717712 16.717712 16.717712 16.717712 16.717712 16.717712 16.717712 16.717712 16.717712 16.717708 16.717688 16.717568 16.716933 16.713840 16.700106 16.644847 16.444568 15.795111 13.929414 9.285481 0.000000 
50.000000 34.181742 21.786621 14.051864 10.119792 8.453798 7.853427 7.666197 7.614930 7.602453 7.599726 7.599187 7.599089 7.599073 7.599070 7.599070 7.599070 7.599070 7.599070 7.599070 7.599070 7.599070 7.599070 7.599070 7.599070 7.599070 7.599070 7.599070 7.599070 7.599070 7.599070 7.599070 7.599070 7.599070 7.599070 7.599070 7.599070 7.599070 7.599067 7.599052 7.598965 7.598508 7.596317 7.586791 7.549578 7.420271 7.025932 5.991510 3.740847 0.000000 
50.000000 32.449451 18.698619 10.119792 5.759916 3.913305 3.248100 3.040737 2.983981 2.970175 2.967159 2.966562 2.966454 2.966437 2.966434 2.966434 2.966433 2.966433 2.966433 2.966433 2.966433 2.966433 2.966433 2.966433 2.966433 2.966433 2.966433 2.966433 2.966433 2.966433 2.966433 2.966433 2.966433 2.966433 2.966433 2.966433 2.966433 2.966433 2.966432 2.966424 2.966378 2.966140 2.965012 2.960193 2.941808 2.879958 2.699521 2.254051 1.359402 0.000000 
50.000000 31.714911 17.389698 8.453798 3.913305 1.990616 1.298174 1.082376 1.023328 1.008967 1.005832 1.005211 1.005099 1.005081 1.005078 1.005077 1.005077 1.005077 1.005077 1.005077 1.005077 1.005077 1.005077 1.005077 1.005077 1.005077 1.005077 1.005077 1.005077 1.005077 1.005077 1.005077 1.005077 1.005077 1.005077 1.005077 1.005077 1.005077 1.005077 1.005073 1.005054 1.004956 1.004497 1.002560 0.995308 0.971497 0.904221 0.744851 0.440461 0.000000 
50.000000 31.449974 16.917783 7.853427 3.248100 1.298174 0.596007 0.377208 0.317346 0.302790 0.299612 0.298983 0.298870 0.298851 0.298848 0.298848 0.298848 0.298848 0.298848 0.298848 0.298848 0.298848 0.298848 0.298848 0.298848 0.298848 0.298848 0.298848 0.298848 0.298848 0.298848 0.298848 0.298848 0.298848 0.298848 0.298848 0.298848 0.298848 0.298847 0.298846 0.298840 0.298806 0.298651 0.298004 0.295613 0.287907 0.266636 0.217678 0.127195 0.000000 
50.000000 31.367275 16.770540 7.666197 3.040737 1.082376 0.377208 0.157485 0.097373 0.082757 0.079566 0.078935 0.078821 0.078803 0.078800 0.078799 0.078799 0.078799 0.078799 0.078799 0.078799 0.078799 0.078799 0.078799 0.078799 0.078799 0.078799 0.078799 0.078799 0.078799 0.078799 0.078799 0.078799 0.078799 0.078799 0.078799 0.078799 0.078799 0.078799 0.078799 0.078797 0.078787 0.078742 0.078557 0.077880 0.075725 0.069880 0.056700 0.032879 0.000000 
50.000000 31.344607 16.730200 7.614930 2.983981 1.023328 0.317346 0.097373 0.037195 0.022563 0.019369 0.018737 0.018623 0.018604 0.018601 0.018601 0.018601 0.018601 0.018601 0.018601 0.018601 0.018601 0.018601 0.018601 0.018601 0.018601 0.018601 0.018601 0.018601 0.018601 0.018601 0.018601 0.018601 0.018601 0.018601 0.018601 0.018601 0.018601 0.018601 0.018600 0.018600 0.018597 0.018586 0.018540 0.018371 0.017841 0.016422 0.013267 0.007654 0.000000 
50.000000 31.339085 16.720377 7.602453 2.970175 1.008967 0.302790 0.082757 0.022563 0.007927 0.004732 0.004100 0.003986 0.003967 0.003964 0.003964 0.003964 0.003964 0.003964 0.003964 0.003964 0.003964 0.003964 0.003964 0.003964 0.003964 0.003964 0.003964 0.003964 0.003964 0.003964 0.003964 0.003964 0.003964 0.003964 0.003964 0.003964 0.003964 0.003964 0.003964 0.003964 0.003963 0.003961 0.003950 0.003913 0.003797 0.003488 0.002809 0.001615 0.000000 
50.000000 31.337877 16.718230 7.599726 2.967159 1.005832 0.299612 0.079566 0.019369 0.004732 0.001537 0.000905 0.000791 0.000772 0.000769 0.000768 0.000768 0.000768 0.000768 0.000768 0.000768 0.000768 0.000768 0.000768 0.000768 0.000768 0.000768 0.000768 0.000768 0.000768 0.000768 0.000768 0.000768 0.000768 0.000768 0.000768 0.000768 0.000768 0.000768 0.000768 0.000768 0.000768 0.000768 0.000766 0.000758 0.000735 0.000674 0.000542 0.000311 0.000000 
50.000000 31.337637 16.717804 7.599187 2.966562 1.005211 0.298983 0.078935 0.018737 0.004100 0.000905 0.000273 0.000159 0.000140 0.000137 0.000136 0.000136 0.000136 0.000136 0.000136 0.000136 0.000136 0.000136 0.000136 0.000136 0.000136 0.000136 0.000136 0.000136 0.000136 0.000136 0.000136 0.000136 0.000136 0.000136 0.000136 0.000136 0.000136 0.000136 0.000136 0.000136 0.000136 0.000136 0.000136 0.000134 0.000130 0.000119 0.000096 0.000055 0.000000 
50.000000 31.337594 16.717727 7.599089 2.966454 1.005099 0.298870 0.078821 0.018623 0.003986 0.000791 0.000159 0.000045 0.000026 0.000023 0.000022 0.000022 0.000022 0.000022 0.000022 0.000022 0.000022 0.000022 0.000022 0.000022 0.000022 0.000022 0.000022 0.000022 0.000022 0.000022 0.000022 0.000022 0.000022 0.000022 0.000022 0.000022 0.000022 0.000022 0.000022 0.000022 0.000022 0.000022 0.000022 0.000022 0.000021 0.000019 0.000016 0.000009 0.000000 
50.000000 31.337587 16.717714 7.599073 2.966437 1.005081 0.298851 0.078803 0.018604 0.003967 0.000772 0.000140 0.000026 0.000007 0.000004 0.000003 0.000003 0.000003 0.000003 0.000003 0.000003 0.000003 0.000003 0.000003 0.000003 0.000003 0.000003 0.000003 0.000003 0.000003 0.000003 0.000003 0.000003 0.000003 0.000003 0.000003 0.000003 0.000003 0.000003 0.000003 0.000003 0.000003 0.000003 0.000003 0.000003 0.000003 0.000003 0.000002 0.000001 0.000000 
50.000000 31.337586 16.717712 7.599070 2.966434 1.005078 0.298848 0.078800 0.018601 0.003964 0.000769 0.000137 0.000023 0.000004 0.000001 0.000001 0.000000 0.000000 0.000000 0.000000 0.000000 0.000000 0.000000 0.000000 0.000000 0.000000 0.000000 0.000000 0.000000 0.000000 0.000000 0.000000 0.000000 0.000000 0.000000 0.000000 0.000000 0.000000 0.000000 0.000000 0.000000 0.000000 0.000000 0.000000 0.000000 0.000000 0.000000 0.000000 0.000000 0.000000 
50.000000 31.337586 16.717712 7.599070 2.966434 1.005077 0.298848 0.078799 0.018601 0.003964 0.000768 0.000136 0.000022 0.000003 0.000001 0.000000 0.000000 0.000000 0.000000 0.000000 0.000000 0.000000 0.000000 0.000000 0.000000 0.000000 0.000000 0.000000 0.000000 0.000000 0.000000 0.000000 0.000000 0.000000 0.000000 0.000000 0.000000 0.000000 0.000000 0.000000 0.000000 0.000000 0.000000 0.000000 0.000000 0.000000 0.000000 0.000000 0.000000 0.000000 
50.000000 31.337586 16.717712 7.599070 2.966433 1.005077 0.298848 0.078799 0.018601 0.003964 0.000768 0.000136 0.000022 0.000003 0.000000 0.000000 0.000000 0.000000 0.000000 0.000000 0.000000 0.000000 0.000000 0.000000 0.000000 0.000000 0.000000 0.000000 0.000000 0.000000 0.000000 0.000000 0.000000 0.000000 0.000000 0.000000 0.000000 0.000000 0.000000 0.000000 0.000000 0.000000 0.000000 0.000000 0.000000 0.000000 0.000000 0.000000 0.000000 0.000000 
50.000000 31.337586 16.717712 7.599070 2.966433 1.005077 0.298848 0.078799 0.018601 0.003964 0.000768 0.000136 0.000022 0.000003 0.000000 0.000000 0.000000 0.000000 0.000000 0.000000 0.000000 0.000000 0.000000 0.000000 0.000000 0.000000 0.000000 0.000000 0.000000 0.000000 0.000000 0.000000 0.000000 0.000000 0.000000 0.000000 0.000000 0.000000 0.000000 0.000000 0.000000 0.000000 0.000000 0.000000 0.000000 0.000000 0.000000 0.000000 0.000000 0.000000 
50.000000 31.337586 16.717712 7.599070 2.966433 1.005077 0.298848 0.078799 0.018601 0.003964 0.000768 0.000136 0.000022 0.000003 0.000000 0.000000 0.000000 0.000000 0.000000 0.000000 0.000000 0.000000 0.000000 0.000000 0.000000 0.000000 0.000000 0.000000 0.000000 0.000000 0.000000 0.000000 0.000000 0.000000 0.000000 0.000000 0.000000 0.000000 0.000000 0.000000 0.000000 0.000000 0.000000 0.000000 0.000000 0.000000 0.000000 0.000000 0.000000 0.000000 
50.000000 31.337586 16.717712 7.599070 2.966433 1.005077 0.298848 0.078799 0.018601 0.003964 0.000768 0.000136 0.000022 0.000003 0.000000 0.000000 0.000000 0.000000 0.000000 0.000000 0.000000 0.000000 0.000000 0.000000 0.000000 0.000000 0.000000 0.000000 0.000000 0.000000 0.000000 0.000000 0.000000 0.000000 0.000000 0.000000 0.000000 0.000000 0.000000 0.000000 0.000000 0.000000 0.000000 0.000000 0.000000 0.000000 0.000000 0.000000 0.000000 0.000000 
50.000000 31.337586 16.717712 7.599070 2.966433 1.005077 0.298848 0.078799 0.018601 0.003964 0.000768 0.000136 0.000022 0.000003 0.000000 0.000000 0.000000 0.000000 0.000000 0.000000 0.000000 0.000000 0.000000 0.000000 0.000000 0.000000 0.000000 0.000000 0.000000 0.000000 0.000000 0.000000 0.000000 0.000000 0.000000 0.000000 0.000000 0.000000 0.000000 0.000000 0.000000 0.000000 0.000000 0.000000 0.000000 0.000000 0.000000 0.000000 0.000000 0.000000 
50.000000 31.337586 16.717712 7.599070 2.966433 1.005077 0.298848 0.078799 0.018601 0.003964 0.000768 0.000136 0.000022 0.000003 0.000000 0.000000 0.000000 0.000000 0.000000 0.000000 0.000000 0.000000 0.000000 0.000000 0.000000 0.000000 0.000000 0.000000 0.000000 0.000000 0.000000 0.000000 0.000000 0.000000 0.000000 0.000000 0.000000 0.000000 0.000000 0.000000 0.000000 0.000000 0.000000 0.000000 0.000000 0.000000 0.000000 0.000000 0.000000 0.000000 
50.000000 31.337586 16.717712 7.599070 2.966433 1.005077 0.298848 0.078799 0.018601 0.003964 0.000768 0.000136 0.000022 0.000003 0.000000 0.000000 0.000000 0.000000 0.000000 0.000000 0.000000 0.000000 0.000000 0.000000 0.000000 0.000000 0.000000 0.000000 0.000000 0.000000 0.000000 0.000000 0.000000 0.000000 0.000000 0.000000 0.000000 0.000000 0.000000 0.000000 0.000000 0.000000 0.000000 0.000000 0.000000 0.000000 0.000000 0.000000 0.000000 0.000000 
50.000000 31.337586 16.717712 7.599070 2.966433 1.005077 0.298848 0.078799 0.018601 0.003964 0.000768 0.000136 0.000022 0.000003 0.000000 0.000000 0.000000 0.000000 0.000000 0.000000 0.000000 0.000000 0.000000 0.000000 0.000000 0.000000 0.000000 0.000000 0.000000 0.000000 0.000000 0.000000 0.000000 0.000000 0.000000 0.000000 0.000000 0.000000 0.000000 0.000000 0.000000 0.000000 0.000000 0.000000 0.000000 0.000000 0.000000 0.000000 0.000000 0.000000 
50.000000 31.337586 16.717712 7.599070 2.966433 1.005077 0.298848 0.078799 0.018601 0.003964 0.000768 0.000136 0.000022 0.000003 0.000000 0.000000 0.000000 0.000000 0.000000 0.000000 0.000000 0.000000 0.000000 0.000000 0.000000 0.000000 0.000000 0.000000 0.000000 0.000000 0.000000 0.000000 0.000000 0.000000 0.000000 0.000000 0.000000 0.000000 0.000000 0.000000 0.000000 0.000000 0.000000 0.000000 0.000000 0.000000 0.000000 0.000000 0.000000 0.000000 
50.000000 31.337586 16.717712 7.599070 2.966433 1.005077 0.298848 0.078799 0.018601 0.003964 0.000768 0.000136 0.000022 0.000003 0.000000 0.000000 0.000000 0.000000 0.000000 0.000000 0.000000 0.000000 0.000000 0.000000 0.000000 0.000000 0.000000 0.000000 0.000000 0.000000 0.000000 0.000000 0.000000 0.000000 0.000000 0.000000 0.000000 0.000000 0.000000 0.000000 0.000000 0.000000 0.000000 0.000000 0.000000 0.000000 0.000000 0.000000 0.000000 0.000000 
50.000000 31.337586 16.717712 7.599070 2.966433 1.005077 0.298848 0.078799 0.018601 0.003964 0.000768 0.000136 0.000022 0.000003 0.000000 0.000000 0.000000 0.000000 0.000000 0.000000 0.000000 0.000000 0.000000 0.000000 0.000000 0.000000 0.000000 0.000000 0.000000 0.000000 0.000000 0.000000 0.000000 0.000000 0.000000 0.000000 0.000000 0.000000 0.000000 0.000000 0.000000 0.000000 0.000000 0.000000 0.000000 0.000000 0.000000 0.000000 0.000000 0.000000 
50.000000 31.337586 16.717712 7.599070 2.966433 1.005077 0.298848 0.078799 0.018601 0.003964 0.000768 0.000136 0.000022 0.000003 0.000000 0.000000 0.000000 0.000000 0.000000 0.000000 0.000000 0.000000 0.000000 0.000000 0.000000 0.000000 0.000000 0.000000 0.000000 0.000000 0.000000 0.000000 0.000000 0.000000 0.000000 0.000000 0.000000 0.000000 0.000000 0.000000 0.000000 0.000000 0.000000 0.000000 0.000000 0.000000 0.000000 0.000000 0.000000 0.000000 
50.000000 31.337586 16.717712 7.599070 2.966433 1.005077 0.298848 0.078799 0.018601 0.003964 0.000768 0.000136 0.000022 0.000003 0.000000 0.000000 0.000000 0.000000 0.000000 0.000000 0.000000 0.000000 0.000000 0.000000 0.000000 0.000000 0.000000 0.000000 0.000000 0.000000 0.000000 0.000000 0.000000 0.000000 0.000000 0.000000 0.000000 0.000000 0.000000 0.000000 0.000000 0.000000 0.000000 0.000000 0.000000 0.000000 0.000000 0.000000 0.000000 0.000000 
50.000000 31.337586 16.717712 7.599070 2.966433 1.005077 0.298848 0.078799 0.018601 0.003964 0.000768 0.000136 0.000022 0.000003 0.000000 0.000000 0.000000 0.000000 0.000000 0.000000 0.000000 0.000000 0.000000 0.000000 0.000000 0.000000 0.000000 0.000000 0.000000 0.000000 0.000000 0.000000 0.000000 0.000000 0.000000 0.000000 0.000000 0.000000 0.000000 0.000000 0.000000 0.000000 0.000000 0.000000 0.000000 0.000000 0.000000 0.000000 0.000000 0.000000 
50.000000 31.337586 16.717712 7.599070 2.966433 1.005077 0.298848 0.078799 0.018601 0.003964 0.000768 0.000136 0.000022 0.000003 0.000000 0.000000 0.000000 0.000000 0.000000 0.000000 0.000000 0.000000 0.000000 0.000000 0.000000 0.000000 0.000000 0.000000 0.000000 0.000000 0.000000 0.000000 0.000000 0.000000 0.000000 0.000000 0.000000 0.000000 0.000000 0.000000 0.000000 0.000000 0.000000 0.000000 0.000000 0.000000 0.000000 0.000000 0.000000 0.000000 
50.000000 31.337586 16.717712 7.599070 2.966433 1.005077 0.298848 0.078799 0.018601 0.003964 0.000768 0.000136 0.000022 0.000003 0.000000 0.000000 0.000000 0.000000 0.000000 0.000000 0.000000 0.000000 0.000000 0.000000 0.000000 0.000000 0.000000 0.000000 0.000000 0.000000 0.000000 0.000000 0.000000 0.000000 0.000000 0.000000 0.000000 0.000000 0.000000 0.000000 0.000000 0.000000 0.000000 0.000000 0.000000 0.000000 0.000000 0.000000 0.000000 0.000000 
50.000000 31.337586 16.717712 7.599070 2.966433 1.005077 0.298848 0.078799 0.018601 0.003964 0.000768 0.000136 0.000022 0.000003 0.000000 0.000000 0.000000 0.000000 0.000000 0.000000 0.000000 0.000000 0.000000 0.000000 0.000000 0.000000 0.000000 0.000000 0.000000 0.000000 0.000000 0.000000 0.000000 0.000000 0.000000 0.000000 0.000000 0.000000 0.000000 0.000000 0.000000 0.000000 0.000000 0.000000 0.000000 0.000000 0.000000 0.000000 0.000000 0.000000 
50.000000 31.337586 16.717712 7.599070 2.966433 1.005077 0.298848 0.078799 0.018601 0.003964 0.000768 0.000136 0.000022 0.000003 0.000000 0.000000 0.000000 0.000000 0.000000 0.000000 0.000000 0.000000 0.000000 0.000000 0.000000 0.000000 0.000000 0.000000 0.000000 0.000000 0.000000 0.000000 0.000000 0.000000 0.000000 0.000000 0.000000 0.000000 0.000000 0.000000 0.000000 0.000000 0.000000 0.000000 0.000000 0.000000 0.000000 0.000000 0.000000 0.000000 
50.000000 31.337586 16.717712 7.599070 2.966434 1.005077 0.298848 0.078799 0.018601 0.003964 0.000768 0.000136 0.000022 0.000003 0.000001 0.000000 0.000000 0.000000 0.000000 0.000000 0.000000 0.000000 0.000000 0.000000 0.000000 0.000000 0.000000 0.000000 0.000000 0.000000 0.000000 0.000000 0.000000 0.000000 0.000000 0.000000 0.000000 0.000000 0.000000 0.000000 0.000000 0.000000 0.000000 0.000000 0.000000 0.000000 0.000000 0.000000 0.000000 0.000000 
50.000000 31.337586 16.717712 7.599070 2.966434 1.005078 0.298848 0.078800 0.018601 0.003964 0.000769 0.000137 0.000023 0.000004 0.000001 0.000001 0.000000 0.000000 0.000000 0.000000 0.000000 0.000000 0.000000 0.000000 0.000000 0.000000 0.000000 0.000000 0.000000 0.000000 0.000000 0.000000 0.000000 0.000000 0.000000 0.000000 0.000000 0.000000 0.000000 0.000000 0.000000 0.000000 0.000000 0.000000 0.000000 0.000000 0.000000 0.000000 0.000000 0.000000 
50.000000 31.337587 16.717714 7.599073 2.966437 1.005081 0.298851 0.078803 0.018604 0.003967 0.000772 0.000140 0.000026 0.000007 0.000004 0.000003 0.000003 0.000003 0.000003 0.000003 0.000003 0.000003 0.000003 0.000003 0.000003 0.000003 0.000003 0.000003 0.000003 0.000003 0.000003 0.000003 0.000003 0.000003 0.000003 0.000003 0.000003 0.000003 0.000003 0.000003 0.000003 0.000003 0.000003 0.000003 0.000003 0.000003 0.000003 0.000002 0.000001 0.000000 
50.000000 31.337594 16.717727 7.599089 2.966454 1.005099 0.298870 0.078821 0.018623 0.003986 0.000791 0.000159 0.000045 0.000026 0.000023 0.000022 0.000022 0.000022 0.000022 0.000022 0.000022 0.000022 0.000022 0.000022 0.000022 0.000022 0.000022 0.000022 0.000022 0.000022 0.000022 0.000022 0.000022 0.000022 0.000022 0.000022 0.000022 0.000022 0.000022 0.000022 0.000022 0.000022 0.000022 0.000022 0.000022 0.000021 0.000019 0.000016 0.000009 0.000000 
50.000000 31.337637 16.717804 7.599187 2.966562 1.005211 0.298983 0.078935 0.018737 0.004100 0.000905 0.000273 0.000159 0.000140 0.000137 0.000136 0.000136 0.000136 0.000136 0.000136 0.000136 0.000136 0.000136 0.000136 0.000136 0.000136 0.000136 0.000136 0.000136 0.000136 0.000136 0.000136 0.000136 0.000136 0.000136 0.000136 0.000136 0.000136 0.000136 0.000136 0.000136 0.000136 0.000136 0.000136 0.000134 0.000130 0.000119 0.000096 0.000055 0.000000 
50.000000 31.337877 16.718230 7.599726 2.967159 1.005832 0.299612 0.079566 0.019369 0.004732 0.001537 0.000905 0.000791 0.000772 0.000769 0.000768 0.000768 0.000768 0.000768 0.000768 0.000768 0.000768 0.000768 0.000768 0.000768 0.000768 0.000768 0.000768 0.000768 0.000768 0.000768 0.000768 0.000768 0.000768 0.000768 0.000768 0.000768 0.000768 0.000768 0.000768 0.000768 0.000768 0.000768 0.000766 0.000758 0.000735 0.000674 0.000542 0.000311 0.000000 
50.000000 31.339085 16.720377 7.602453 2.970175 1.008967 0.302790 0.082757 0.022563 0.007927 0.004732 0.004100 0.003986 0.003967 0.003964 0.003964 0.003964 0.003964 0.003964 0.003964 0.003964 0.003964 0.003964 0.003964 0.003964 0.003964 0.003964 0.003964 0.003964 0.003964 0.003964 0.003964 0.003964 0.003964 0.003964 0.003964 0.003964 0.003964 0.003964 0.003964 0.003964 0.003963 0.003961 0.003950 0.003913 0.003797 0.003488 0.002809 0.001615 0.000000 
50.000000 31.344607 16.730200 7.614930 2.983981 1.023328 0.317346 0.097373 0.037195 0.022563 0.019369 0.018737 0.018623 0.018604 0.018601 0.018601 0.018601 0.018601 0.018601 0.018601 0.018601 0.018601 0.018601 0.018601 0.018601 0.018601 0.018601 0.018601 0.018601 0.018601 0.018601 0.018601 0.018601 0.018601 0.018601 0.018601 0.018601 0.018601 0.018601 0.018600 0.018600 0.018597 0.018586 0.018540 0.018371 0.017841 0.016422 0.013267 0.007654 0.000000 
50.000000 31.367275 16.770540 7.666197 3.040737 1.082376 0.377208 0.157485 0.097373 0.082757 0.079566 0.078935 0.078821 0.078803 0.078800 0.078799 0.078799 0.078799 0.078799 0.078799 0.078799 0.078799 0.078799 0.078799 0.078799 0.078799 0.078799 0.078799 0.078799 0.078799 0.078799 0.078799 0.078799 0.078799 0.078799 0.078799 0.078799 0.078799 0.078799 0.078799 0.078797 0.078787 0.078742 0.078557 0.077880 0.075725 0.069880 0.056700 0.032879 0.000000 
50.000000 31.449974 16.917783 7.853427 3.248100 1.298174 0.596007 0.377208 0.317346 0.302790 0.299612 0.298983 0.298870 0.298851 0.298848 0.298848 0.298848 0.298848 0.298848 0.298848 0.298848 0.298848 0.298848 0.298848 0.298848 0.298848 0.298848 0.298848 0.298848 0.298848 0.298848 0.298848 0.298848 0.298848 0.298848 0.298848 0.298848 0.298848 0.298847 0.298846 0.298840 0.298806 0.298651 0.298004 0.295613 0.287907 0.266636 0.217678 0.127195 0.000000 
50.000000 31.714911 17.389698 8.453798 3.913305 1.990616 1.298174 1.082376 1.023328 1.008967 1.005832 1.005211 1.005099 1.005081 1.005078 1.005077 1.005077 1.005077 1.005077 1.005077 1.005077 1.005077 1.005077 1.005077 1.005077 1.005077 1.005077 1.005077 1.005077 1.005077 1.005077 1.005077 1.005077 1.005077 1.005077 1.005077 1.005077 1.005077 1.005077 1.005073 1.005054 1.004956 1.004497 1.002560 0.995308 0.971497 0.904221 0.744851 0.440461 0.000000 
50.000000 32.449451 18.698619 10.119792 5.759916 3.913305 3.248100 3.040737 2.983981 2.970175 2.967159 2.966562 2.966454 2.966437 2.966434 2.966434 2.966433 2.966433 2.966433 2.966433 2.966433 2.966433 2.966433 2.966433 2.966433 2.966433 2.966433 2.966433 2.966433 2.966433 2.966433 2.966433 2.966433 2.966433 2.966433 2.966433 2.966433 2.966433 2.966432 2.966424 2.966378 2.966140 2.965012 2.960193 2.941808 2.879958 2.699521 2.254051 1.359402 0.000000 
50.000000 34.181742 21.786621 14.051864 10.119792 8.453798 7.853427 7.666197 7.614930 7.602453 7.599726 7.599187 7.599089 7.599073 7.599070 7.599070 7.599070 7.599070 7.599070 7.599070 7.599070 7.599070 7.599070 7.599070 7.599070 7.599070 7.599070 7.599070 7.599070 7.599070 7.599070 7.599070 7.599070 7.599070 7.599070 7.599070 7.599070 7.599070 7.599067 7.599052 7.598965 7.598508 7.596317 7.586791 7.549578 7.420271 7.025932 5.991510 3.740847 0.000000 
50.000000 37.587036 27.858828 21.786621 18.698619 17.389698 16.917783 16.770540 16.730200 16.720377 16.718230 16.717804 16.717727 16.717714 16.717712 16.717712 16.717712 16.717712 16.717712 16.717712 16.717712 16.717712 16.717712 16.717712 16.717712 16.717712 16.717712 16.717712 16.717712 16.717712 16.717712 16.717712 16.717712 16.717712 16.717712 16.717712 16.717712 16.717712 16.717708 16.717688 16.717568 16.716933 16.713840 16.700106 16.644847 16.444568 15.795111 13.929414 9.285481 0.000000 
50.000000 43.041339 37.587036 34.181742 32.449451 31.714911 31.449974 31.367275 31.344607 31.339085 31.337877 31.337637 31.337594 31.337587 31.337586 31.337586 31.337586 31.337586 31.337586 31.337586 31.337586 31.337586 31.337586 31.337586 31.337586 31.337586 31.337586 31.337586 31.337586 31.337586 31.337586 31.337586 31.337586 31.337586 31.337586 31.337586 31.337586 31.337585 31.337583 31.337566 31.337470 31.336953 31.334395 31.322779 31.274450 31.090049 30.440895 28.301556 21.520670 0.000000 
50.000000 50.000000 50.000000 50.000000 50.000000 50.000000 50.000000 50.000000 50.000000 50.000000 50.000000 50.000000 50.000000 50.000000 50.000000 50.000000 50.000000 50.000000 50.000000 50.000000 50.000000 50.000000 50.000000 50.000000 50.000000 50.000000 50.000000 50.000000 50.000000 50.000000 50.000000 50.000000 50.000000 50.000000 50.000000 50.000000 50.000000 50.000000 50.000000 50.000000 50.000000 50.000000 50.000000 50.000000 50.000000 50.000000 50.000000 50.000000 50.000000 50.000000 
