50.000000 50.000000 50.000000 50.000000 50.000000 50.000000 50.000000 50.000000 50.000000 50.000000 50.000000 50.000000 50.000000 50.000000 50.000000 50.000000 50.000000 50.000000 50.000000 50.000000 50.000000 50.000000 50.000000 50.000000 50.000000 50.000000 50.000000 50.000000 50.000000 50.000000 50.000000 50.000000 50.000000 50.000000 50.000000 50.000000 50.000000 50.000000 50.000000 50.000000 50.000000 50.000000 50.000000 50.000000 50.000000 50.000000 50.000000 50.000000 50.000000 50.000000 
50.000000 48.681062 47.416722 46.254802 45.230980 44.365805 43.664450 43.118846 42.711372 42.419090 42.217623 42.084105 41.998979 41.946735 41.915852 41.898256 41.888588 41.883460 41.880834 41.879534 41.878912 41.878624 41.878495 41.878439 41.878415 41.878405 41.878400 41.878395 41.878387 41.878367 41.878322 41.878219 41.877989 41.877487 41.876427 41.874244 41.869864 41.861298 41.844945 41.814420 41.758562 41.658021 41.479117 41.162140 40.597018 39.567265 37.605611 33.577349 24.340531 0.000000 
50.000000 47.416722 44.940379 42.664641 40.659387 38.964864 37.591202 36.522595 35.724531 35.152080 34.757498 34.495999 34.329278 34.226960 34.166476 34.132015 34.113079 34.103037 34.097895 34.095349 34.094131 34.093567 34.093314 34.093204 34.093157 34.093137 34.093127 34.093119 34.093103 34.093067 34.092984 34.092792 34.092365 34.091438 34.089480 34.085455 34.077403 34.061703 34.031853 33.976423 33.875709 33.696191 33.381208 32.834727 31.891921 30.263857 27.432869 22.470189 13.839372 0.000000 
50.000000 46.254802 42.664641 39.365323 36.458155 34.001490 32.010011 30.460798 29.303814 28.473918 27.901889 27.522795 27.281104 27.132777 27.045097 26.995142 26.967693 26.953136 26.945681 26.941992 26.940226 26.939408 26.939041 26.938882 26.938814 26.938786 26.938772 26.938760 26.938739 26.938691 26.938581 26.938327 26.937763 26.936541 26.933967 26.928693 26.918181 26.897786 26.859242 26.788226 26.660508 26.435951 26.049250 25.395697 24.309648 22.533736 19.682661 15.231772 8.649190 0.000000 
50.000000 45.230980 40.659387 36.458155 32.756292 29.628098 27.092267 25.119611 23.646405 22.589698 21.861342 21.378654 21.070922 20.882068 20.770434 20.706833 20.671886 20.653353 20.643862 20.639165 20.636917 20.635876 20.635409 20.635206 20.635120 20.635084 20.635067 20.635053 20.635029 20.634975 20.634851 20.634567 20.633937 20.632575 20.629717 20.623885 20.612317 20.590009 20.548165 20.471795 20.336087 20.101162 19.704755 19.052611 18.007220 16.378146 13.924419 10.395529 5.663715 0.000000 
50.000000 44.365805 38.964864 34.001490 29.628098 25.932467 22.936677 20.606236 18.865853 17.617521 16.757096 16.186895 15.823376 15.600291 15.468425 15.393298 15.352019 15.330130 15.318920 15.313372 15.310717 15.309487 15.308936 15.308696 15.308595 15.308552 15.308533 15.308517 15.308493 15.308439 15.308314 15.308030 15.307401 15.306047 15.303216 15.297466 15.286126 15.264404 15.223998 15.151002 15.022927 14.804713 14.443807 13.864927 12.966234 11.620879 9.691842 7.072943 3.768787 0.000000 
50.000000 43.664450 37.591202 32.010011 27.092267 22.936677 19.568061 16.947626 14.990699 13.587067 12.619616 11.978500 11.569779 11.318958 11.170701 11.086239 11.039831 11.015222 11.002620 10.996384 10.993399 10.992017 10.991397 10.991128 10.991014 10.990967 10.990945 10.990930 10.990907 10.990857 10.990742 10.990482 10.989907 10.988675 10.986109 10.980924 10.970760 10.951431 10.915784 10.852052 10.741631 10.556355 10.255597 9.784030 9.071750 8.039656 6.614314 4.756475 2.502310 0.000000 
50.000000 43.118846 36.522595 30.460798 25.119611 20.606236 16.947626 14.101638 11.976297 10.451889 9.401211 8.704954 8.261088 7.988706 7.827708 7.735989 7.685595 7.658874 7.645190 7.638418 7.635178 7.633677 7.633004 7.632712 7.632589 7.632537 7.632514 7.632500 7.632479 7.632437 7.632338 7.632117 7.631629 7.630588 7.628430 7.624092 7.615640 7.599683 7.570506 7.518866 7.430464 7.284231 7.050819 6.692028 6.162429 5.414856 4.411548 3.141387 1.639730 0.000000 
50.000000 42.711372 35.724531 29.303814 23.646405 18.865853 14.990699 11.976297 9.725215 8.110641 6.997834 6.260418 5.790322 5.501849 5.331344 5.234211 5.180843 5.152546 5.138055 5.130885 5.127453 5.125865 5.125152 5.124842 5.124712 5.124658 5.124634 5.124621 5.124603 5.124569 5.124490 5.124314 5.123926 5.123102 5.121402 5.118003 5.111420 5.099079 5.076700 5.037470 4.971056 4.862607 4.692066 4.434344 4.061140 3.545243 2.867863 2.028340 1.053351 0.000000 
50.000000 42.419090 35.152080 28.473918 22.589698 17.617521 13.587067 10.451889 8.110641 6.431416 5.274067 4.507146 4.018248 3.718243 3.540925 3.439912 3.384415 3.354989 3.339920 3.332464 3.328896 3.327244 3.326503 3.326181 3.326046 3.325990 3.325966 3.325953 3.325939 3.325913 3.325854 3.325721 3.325431 3.324816 3.323553 3.321042 3.316208 3.307206 3.291010 3.262868 3.215708 3.139584 3.021425 2.845436 2.594593 2.253610 1.813410 1.276371 0.660528 0.000000 
50.000000 42.217623 34.757498 27.901889 21.861342 16.757096 12.619616 9.401211 6.997834 5.274067 4.086031 3.298786 2.796940 2.488993 2.306984 2.203301 2.146337 2.116134 2.100668 2.093015 2.089353 2.087658 2.086898 2.086567 2.086428 2.086371 2.086347 2.086335 2.086324 2.086305 2.086263 2.086168 2.085962 2.085528 2.084640 2.082883 2.079519 2.073295 2.062177 2.043016 2.011199 1.960364 1.882345 1.767564 1.606095 1.389547 1.113662 0.781075 0.403203 0.000000 
50.000000 42.084105 34.495999 27.522795 21.378654 16.186895 11.978500 8.704954 6.260418 4.507146 3.298786 2.498082 1.987661 1.674457 1.489342 1.383892 1.325958 1.295241 1.279512 1.271729 1.268005 1.266281 1.265508 1.265172 1.265030 1.264972 1.264949 1.264938 1.264929 1.264916 1.264887 1.264823 1.264684 1.264392 1.263799 1.262629 1.260403 1.256308 1.249041 1.236610 1.216136 1.183718 1.134448 1.062716 0.962897 0.830489 0.663553 0.464146 0.239159 0.000000 
50.000000 41.998979 34.329278 27.281104 21.070922 15.823376 11.569779 8.261088 5.790322 4.018248 2.796940 1.987661 1.471778 1.155226 0.968134 0.861559 0.803008 0.771963 0.756067 0.748202 0.744438 0.742696 0.741914 0.741575 0.741432 0.741373 0.741350 0.741339 0.741333 0.741323 0.741304 0.741263 0.741174 0.740987 0.740609 0.739867 0.738461 0.735889 0.731353 0.723645 0.711042 0.691243 0.661405 0.618348 0.558972 0.480913 0.383318 0.267575 0.137681 0.000000 
50.000000 41.946735 34.226960 27.132777 20.882068 15.600291 11.318958 7.988706 5.501849 3.718243 2.488993 1.674457 1.155226 0.836621 0.648318 0.541053 0.482123 0.450879 0.434880 0.426964 0.423176 0.421423 0.420636 0.420295 0.420151 0.420092 0.420068 0.420058 0.420053 0.420047 0.420035 0.420010 0.419955 0.419841 0.419610 0.419160 0.418311 0.416765 0.414054 0.409475 0.402036 0.390430 0.373066 0.348198 0.314165 0.269751 0.214595 0.149557 0.076871 0.000000 
50.000000 41.915852 34.166476 27.045097 20.770434 15.468425 11.170701 7.827708 5.331344 3.540925 2.306984 1.489342 0.968134 0.648318 0.459299 0.351628 0.292475 0.261112 0.245053 0.237107 0.233305 0.231545 0.230755 0.230413 0.230268 0.230209 0.230185 0.230176 0.230171 0.230167 0.230160 0.230145 0.230113 0.230046 0.229911 0.229650 0.229158 0.228267 0.226713 0.224101 0.219883 0.213341 0.203616 0.189777 0.170958 0.146549 0.116404 0.081020 0.041608 0.000000 
50.000000 41.898256 34.132015 26.995142 20.706833 15.393298 11.086239 7.735989 5.234211 3.439912 2.203301 1.383892 0.861559 0.541053 0.351628 0.243724 0.184445 0.153015 0.136922 0.128959 0.125148 0.123384 0.122593 0.122250 0.122105 0.122046 0.122022 0.122013 0.122009 0.122006 0.122002 0.121993 0.121975 0.121938 0.121862 0.121716 0.121443 0.120950 0.120093 0.118661 0.116359 0.112809 0.107559 0.100130 0.090082 0.077116 0.061175 0.042536 0.021829 0.000000 
50.000000 41.888588 34.113079 26.967693 20.671886 15.352019 11.039831 7.685595 5.180843 3.384415 2.146337 1.325958 0.803008 0.482123 0.292475 0.184445 0.125095 0.093628 0.077516 0.069544 0.065730 0.063963 0.063172 0.062828 0.062683 0.062624 0.062600 0.062591 0.062587 0.062585 0.062582 0.062578 0.062568 0.062548 0.062507 0.062429 0.062283 0.062020 0.061566 0.060809 0.059599 0.057741 0.055007 0.051156 0.045972 0.039310 0.031152 0.021642 0.011100 0.000000 
50.000000 41.883460 34.103037 26.953136 20.653353 15.330130 11.015222 7.658874 5.152546 3.354989 2.116134 1.295241 0.771963 0.450879 0.261112 0.153015 0.093628 0.062142 0.046020 0.038043 0.034226 0.032459 0.031666 0.031322 0.031177 0.031118 0.031095 0.031086 0.031082 0.031080 0.031079 0.031076 0.031071 0.031060 0.031039 0.030999 0.030924 0.030789 0.030557 0.030172 0.029558 0.028620 0.027244 0.025315 0.022728 0.019416 0.015373 0.010672 0.005472 0.000000 
50.000000 41.880834 34.097895 26.945681 20.643862 15.318920 11.002620 7.645190 5.138055 3.339920 2.100668 1.279512 0.756067 0.434880 0.245053 0.136922 0.077517 0.046020 0.029893 0.021914 0.018095 0.016328 0.015535 0.015191 0.015046 0.014987 0.014963 0.014954 0.014951 0.014949 0.014948 0.014947 0.014944 0.014939 0.014928 0.014908 0.014871 0.014804 0.014690 0.014500 0.014200 0.013742 0.013073 0.012139 0.010889 0.009295 0.007354 0.005102 0.002615 0.000000 
50.000000 41.879534 34.095349 26.941992 20.639165 15.313372 10.996384 7.638419 5.130885 3.332464 2.093016 1.271730 0.748202 0.426964 0.237107 0.128959 0.069544 0.038043 0.021914 0.013933 0.010114 0.008346 0.007553 0.007209 0.007064 0.007005 0.006981 0.006972 0.006969 0.006967 0.006967 0.006966 0.006965 0.006962 0.006957 0.006947 0.006930 0.006898 0.006843 0.006753 0.006611 0.006395 0.006080 0.005642 0.005058 0.004314 0.003411 0.002366 0.001212 0.000000 
50.000000 41.878912 34.094131 26.940226 20.636918 15.310717 10.993400 7.635178 5.127454 3.328897 2.089354 1.268006 0.744439 0.423177 0.233306 0.125149 0.065730 0.034227 0.018096 0.010115 0.006296 0.004527 0.003735 0.003390 0.003245 0.003186 0.003163 0.003153 0.003150 0.003149 0.003148 0.003148 0.003147 0.003146 0.003144 0.003139 0.003131 0.003116 0.003091 0.003050 0.002985 0.002886 0.002743 0.002543 0.002279 0.001943 0.001535 0.001064 0.000545 0.000000 
50.000000 41.878624 34.093567 26.939409 20.635877 15.309489 10.992019 7.633679 5.125866 3.327246 2.087660 1.266283 0.742697 0.421424 0.231546 0.123386 0.063965 0.032461 0.016329 0.008348 0.004529 0.002760 0.001968 0.001623 0.001478 0.001419 0.001395 0.001386 0.001383 0.001382 0.001381 0.001381 0.001381 0.001380 0.001379 0.001377 0.001373 0.001367 0.001356 0.001337 0.001308 0.001264 0.001201 0.001113 0.000997 0.000850 0.000671 0.000465 0.000238 0.000000 
50.000000 41.878496 34.093315 26.939044 20.635413 15.308940 10.991402 7.633009 5.125157 3.326508 2.086903 1.265513 0.741919 0.420642 0.230761 0.122599 0.063177 0.031672 0.015540 0.007558 0.003739 0.001971 0.001178 0.000834 0.000689 0.000630 0.000606 0.000597 0.000594 0.000592 0.000592 0.000592 0.000592 0.000591 0.000591 0.000590 0.000588 0.000585 0.000581 0.000573 0.000560 0.000541 0.000514 0.000476 0.000426 0.000363 0.000287 0.000199 0.000102 0.000000 
50.000000 41.878441 34.093208 26.938889 20.635215 15.308707 10.991140 7.632724 5.124856 3.326195 2.086581 1.265186 0.741589 0.420309 0.230427 0.122264 0.062842 0.031337 0.015205 0.007223 0.003404 0.001636 0.000843 0.000499 0.000353 0.000294 0.000271 0.000262 0.000258 0.000257 0.000257 0.000256 0.000256 0.000256 0.000256 0.000256 0.000255 0.000254 0.000252 0.000248 0.000243 0.000234 0.000222 0.000206 0.000184 0.000157 0.000124 0.000086 0.000044 0.000000 
50.000000 41.878421 34.093170 26.938833 20.635144 15.308622 10.991045 7.632621 5.124746 3.326081 2.086465 1.265067 0.741469 0.420188 0.230306 0.122143 0.062721 0.031215 0.015084 0.007102 0.003282 0.001514 0.000721 0.000377 0.000232 0.000173 0.000149 0.000140 0.000137 0.000136 0.000135 0.000135 0.000135 0.000135 0.000135 0.000134 0.000134 0.000133 0.000132 0.000130 0.000128 0.000123 0.000117 0.000108 0.000097 0.000082 0.000065 0.000045 0.000023 0.000000 
50.000000 41.878421 34.093170 26.938833 20.635144 15.308622 10.991045 7.632621 5.124746 3.326081 2.086465 1.265067 0.741469 0.420188 0.230306 0.122143 0.062721 0.031215 0.015084 0.007102 0.003282 0.001514 0.000721 0.000377 0.000232 0.000173 0.000149 0.000140 0.000137 0.000136 0.000135 0.000135 0.000135 0.000135 0.000135 0.000134 0.000134 0.000133 0.000132 0.000130 0.000128 0.000123 0.000117 0.000108 0.000097 0.000082 0.000065 0.000045 0.000023 0.000000 
50.000000 41.878441 34.093208 26.938889 20.635215 15.308707 10.991140 7.632724 5.124856 3.326195 2.086581 1.265186 0.741589 0.420309 0.230427 0.122264 0.062842 0.031337 0.015205 0.007223 0.003404 0.001636 0.000843 0.000499 0.000353 0.000294 0.000271 0.000262 0.000258 0.000257 0.000257 0.000256 0.000256 0.000256 0.000256 0.000256 0.000255 0.000254 0.000252 0.000248 0.000243 0.000234 0.000222 0.000206 0.000184 0.000157 0.000124 0.000086 0.000044 0.000000 
50.000000 41.878496 34.093315 26.939044 20.635413 15.308940 10.991402 7.633009 5.125157 3.326508 2.086903 1.265513 0.741919 0.420642 0.230761 0.122599 0.063177 0.031672 0.015540 0.007558 0.003739 0.001971 0.001178 0.000834 0.000689 0.000630 0.000606 0.000597 0.000594 0.000592 0.000592 0.000592 0.000592 0.000591 0.000591 0.000590 0.000588 0.000585 0.000581 0.000573 0.000560 0.000541 0.000514 0.000476 0.000426 0.000363 0.000287 0.000199 0.000102 0.000000 
50.000000 41.878624 34.093567 26.939409 20.635877 15.309489 10.992019 7.633679 5.125866 3.327246 2.087660 1.266283 0.742697 0.421424 0.231546 0.123386 0.063965 0.032461 0.016329 0.008348 0.004529 0.002760 0.001968 0.001623 0.001478 0.001419 0.001395 0.001386 0.001383 0.001382 0.001381 0.001381 0.001381 0.001380 0.001379 0.001377 0.001373 0.001367 0.001356 0.001337 0.001308 0.001264 0.001201 0.001113 0.000997 0.000850 0.000671 0.000465 0.000238 0.000000 
50.000000 41.878912 34.094131 26.940226 20.636918 15.310717 10.993400 7.635178 5.127454 3.328897 2.089354 1.268006 0.744439 0.423177 0.233306 0.125149 0.065730 0.034227 0.018096 0.010115 0.006296 0.004527 0.003735 0.003390 0.003245 0.003186 0.003163 0.003153 0.003150 0.003149 0.003148 0.003148 0.003147 0.003146 0.003144 0.003139 0.003131 0.003116 0.003091 0.003050 0.002985 0.002886 0.002743 0.002543 0.002279 0.001943 0.001535 0.001064 0.000545 0.000000 
50.000000 41.879534 34.095349 26.941992 20.639165 15.313372 10.996384 7.638419 5.130885 3.332464 2.093016 1.271730 0.748202 0.426964 0.237107 0.128959 0.069544 0.038043 0.021914 0.013933 0.010114 0.008346 0.007553 0.007209 0.007064 0.007005 0.006981 0.006972 0.006969 0.006967 0.006967 0.006966 0.006965 0.006962 0.006957 0.006947 0.006930 0.006898 0.006843 0.006753 0.006611 0.006395 0.006080 0.005642 0.005058 0.004314 0.003411 0.002366 0.001212 0.000000 
50.000000 41.880834 34.097895 26.945681 20.643862 15.318920 11.002620 7.645190 5.138055 3.339920 2.100668 1.279512 0.756067 0.434880 0.245053 0.136922 0.077517 0.046020 0.029893 0.021914 0.018095 0.016328 0.015535 0.015191 0.015046 0.014987 0.014963 0.014954 0.014951 0.014949 0.014948 0.014947 0.014944 0.014939 0.014928 0.014908 0.014871 0.014804 0.014690 0.014500 0.014200 0.013742 0.013073 0.012139 0.010889 0.009295 0.007354 0.005102 0.002615 0.000000 
50.000000 41.883460 34.103037 26.953136 20.653353 15.330130 11.015222 7.658874 5.152546 3.354989 2.116134 1.295241 0.771963 0.450879 0.261112 0.153015 0.093628 0.062142 0.046020 0.038043 0.034226 0.032459 0.031666 0.031322 0.031177 0.031118 0.031095 0.031086 0.031082 0.031080 0.031079 0.031076 0.031071 0.031060 0.031039 0.030999 0.030924 0.030789 0.030557 0.030172 0.029558 0.028620 0.027244 0.025315 0.022728 0.019416 0.015373 0.010672 0.005472 0.000000 
50.000000 41.888588 34.113079 26.967693 20.671886 15.352019 11.039831 7.685595 5.180843 3.384415 2.146337 1.325958 0.803008 0.482123 0.292475 0.184445 0.125095 0.093628 0.077516 0.069544 0.065730 0.063963 0.063172 0.062828 0.062683 0.062624 0.062600 0.062591 0.062587 0.062585 0.062582 0.062578 0.062568 0.062548 0.062507 0.062429 0.062283 0.062020 0.061566 0.060809 0.059599 0.057741 0.055007 0.051156 0.045972 0.039310 0.031152 0.021642 0.011100 0.000000 
50.000000 41.898256 34.132015 26.995142 20.706833 15.393298 11.086239 7.735989 5.234211 3.439912 2.203301 1.383892 0.861559 0.541053 0.351628 0.243724 0.184445 0.153015 0.136922 0.128959 0.125148 0.123384 0.122593 0.122250 0.122105 0.122046 0.122022 0.122013 0.122009 0.122006 0.122002 0.121993 0.121975 0.121938 0.121862 0.121716 0.121443 0.120950 0.120093 0.118661 0.116359 0.112809 0.107559 0.100130 0.090082 0.077116 0.061175 0.042536 0.021829 0.000000 
50.000000 41.915852 34.166476 27.045097 20.770434 15.468425 11.170701 7.827708 5.331344 3.540925 2.306984 1.489342 0.968134 0.648318 0.459299 0.351628 0.292475 0.261112 0.245053 0.237107 0.233305 0.231545 0.230755 0.230413 0.230268 0.230209 0.230185 0.230176 0.230171 0.230167 0.230160 0.230145 0.230113 0.230046 0.229911 0.229650 0.229158 0.228267 0.226713 0.224101 0.219883 0.213341 0.203616 0.189777 0.170958 0.146549 0.116404 0.081020 0.041608 0.000000 
50.000000 41.946735 34.226960 27.132777 20.882068 15.600291 11.318958 7.988706 5.501849 3.718243 2.488993 1.674457 1.155226 0.836621 0.648318 0.541053 0.482123 0.450879 0.434880 0.426964 0.423176 0.421423 0.420636 0.420295 0.420151 0.420092 0.420068 0.420058 0.420053 0.420047 0.420035 0.420010 0.419955 0.419841 0.419610 0.419160 0.418311 0.416765 0.414054 0.409475 0.402036 0.390430 0.373066 0.348198 0.314165 0.269751 0.214595 0.149557 0.076871 0.000000 
50.000000 41.998979 34.329278 27.281104 21.070922 15.823376 11.569779 8.261088 5.790322 4.018248 2.796940 1.987661 1.471778 1.155226 0.968134 0.861559 0.803008 0.771963 0.756067 0.748202 0.744438 0.742696 0.741914 0.741575 0.741432 0.741373 0.741350 0.741339 0.741333 0.741323 0.741304 0.741263 0.741174 0.740987 0.740609 0.739867 0.738461 0.735889 0.731353 0.723645 0.711042 0.691243 0.661405 0.618348 0.558972 0.480913 0.383318 0.267575 0.137681 0.000000 
50.000000 42.084105 34.495999 27.522795 21.378654 16.186895 11.978500 8.704954 6.260418 4.507146 3.298786 2.498082 1.987661 1.674457 1.489342 1.383892 1.325958 1.295241 1.279512 1.271729 1.268005 1.266281 1.265508 1.265172 1.265030 1.264972 1.264949 1.264938 1.264929 1.264916 1.264887 1.264823 1.264684 1.264392 1.263799 1.262629 1.260403 1.256308 1.249041 1.236610 1.216136 1.183718 1.134448 1.062716 0.962897 0.830489 0.663553 0.464146 0.239159 0.000000 
50.000000 42.217623 34.757498 27.901889 21.861342 16.757096 12.619616 9.401211 6.997834 5.274067 4.086031 3.298786 2.796940 2.488993 2.306984 2.203301 2.146337 2.116134 2.100668 2.093015 2.089353 2.087658 2.086898 2.086567 2.086428 2.086371 2.086347 2.086335 2.086324 2.086305 2.086263 2.086168 2.085962 2.085528 2.084640 2.082883 2.079519 2.073295 2.062177 2.043016 2.011199 1.960364 1.882345 1.767564 1.606095 1.389547 1.113662 0.781075 0.403203 0.000000 
50.000000 42.419090 35.152080 28.473918 22.589698 17.617521 13.587067 10.451889 8.110641 6.431416 5.274067 4.507146 4.018248 3.718243 3.540925 3.439912 3.384415 3.354989 3.339920 3.332464 3.328896 3.327244 3.326503 3.326181 3.326046 3.325990 3.325966 3.325953 3.325939 3.325913 3.325854 3.325721 3.325431 3.324816 3.323553 3.321042 3.316208 3.307206 3.291010 3.262868 3.215708 3.139584 3.021425 2.845436 2.594593 2.253610 1.813410 1.276371 0.660528 0.000000 
50.000000 42.711372 35.724531 29.303814 23.646405 18.865853 14.990699 11.976297 9.725215 8.110641 6.997834 6.260418 5.790322 5.501849 5.331344 5.234211 5.180843 5.152546 5.138055 5.130885 5.127453 5.125865 5.125152 5.124842 5.124712 5.124658 5.124634 5.124621 5.124603 5.124569 5.124490 5.124314 5.123926 5.123102 5.121402 5.118003 5.111420 5.099079 5.076700 5.037470 4.971056 4.862607 4.692066 4.434344 4.061140 3.545243 2.867863 2.028340 1.053351 0.000000 
50.000000 43.118846 36.522595 30.460798 25.119611 20.606236 16.947626 14.101638 11.976297 10.451889 9.401211 8.704954 8.261088 7.988706 7.827708 7.735989 7.685595 7.658874 7.645190 7.638418 7.635178 7.633677 7.633004 7.632712 7.632589 7.632537 7.632514 7.632500 7.632479 7.632437 7.632338 7.632117 7.631629 7.630588 7.628430 7.624092 7.615640 7.599683 7.570506 7.518866 7.430464 7.284231 7.050819 6.692028 6.162429 5.414856 4.411548 3.141387 1.639730 0.000000 
50.000000 43.664450 37.591202 32.010011 27.092267 22.936677 19.568061 16.947626 14.990699 13.587067 12.619616 11.978500 11.569779 11.318958 11.170701 11.086239 11.039831 11.015222 11.002620 10.996384 10.993399 10.992017 10.991397 10.991128 10.991014 10.990967 10.990945 10.990930 10.990907 10.990857 10.990742 10.990482 10.989907 10.988675 10.986109 10.980924 10.970760 10.951431 10.915784 10.852052 10.741631 10.556355 10.255597 9.784030 9.071750 8.039656 6.614314 4.756475 2.502310 0.000000 
50.000000 44.365805 38.964864 34.001490 29.628098 25.932467 22.936677 20.606236 18.865853 17.617521 16.757096 16.186895 15.823376 15.600291 15.468425 15.393298 15.352019 15.330130 15.318920 15.313372 15.310717 15.309487 15.308936 15.308696 15.308595 15.308552 15.308533 15.308517 15.308493 15.308439 15.308314 15.308030 15.307401 15.306047 15.303216 15.297466 15.286126 15.264404 15.223998 15.151002 15.022927 14.804713 14.443807 13.864927 12.966234 11.620879 9.691842 7.072943 3.768787 0.000000 
50.000000 45.230980 40.659387 36.458155 32.756292 29.628098 27.092267 25.119611 23.646405 22.589698 21.861342 21.378654 21.070922 20.882068 20.770434 20.706833 20.671886 20.653353 20.643862 20.639165 20.636917 20.635876 20.635409 20.635206 20.635120 20.635084 20.635067 20.635053 20.635029 20.634975 20.634851 20.634567 20.633937 20.632575 20.629717 20.623885 20.612317 20.590009 20.548165 20.471795 20.336087 20.101162 19.704755 19.052611 18.007220 16.378146 13.924419 10.395529 5.663715 0.000000 
50.000000 46.254802 42.664641 39.365323 36.458155 34.001490 32.010011 30.460798 29.303814 28.473918 27.901889 27.522795 27.281104 27.132777 27.045097 26.995142 26.967693 26.953136 26.945681 26.941992 26.940226 26.939408 26.939041 26.938882 26.938814 26.938786 26.938772 26.938760 26.938739 26.938691 26.938581 26.938327 26.937763 26.936541 26.933967 26.928693 26.918181 26.897786 26.859242 26.788226 26.660508 26.435951 26.049250 25.395697 24.309648 22.533736 19.682661 15.231772 8.649190 0.000000 
50.000000 47.416722 44.940379 42.664641 40.659387 38.964864 37.591202 36.522595 35.724531 35.152080 34.757498 34.495999 34.329278 34.226960 34.166476 34.132015 34.113079 34.103037 34.097895 34.095349 34.094131 34.093567 34.093314 34.093204 34.093157 34.093137 34.093127 34.093119 34.093103 34.093067 34.092984 34.092792 34.092365 34.091438 34.089480 34.085455 34.077403 34.061703 34.031853 33.976423 33.875709 33.696191 33.381208 32.834727 31.891921 30.263857 27.432869 22.470189 13.839372 0.000000 
50.000000 48.681062 47.416722 46.254802 45.230980 44.365805 43.664450 43.118846 42.711372 42.419090 42.217623 42.084105 41.998979 41.946735 41.915852 41.898256 41.888588 41.883460 41.880834 41.879534 41.878912 41.878624 41.878495 41.878439 41.878415 41.878405 41.878400 41.878395 41.878387 41.878367 41.878322 41.878219 41.877989 41.877487 41.876427 41.874244 41.869864 41.861298 41.844945 41.814420 41.758562 41.658021 41.479117 41.162140 40.597018 39.567265 37.605611 33.577349 24.340531 0.000000 
50.000000 50.000000 50.000000 50.000000 50.000000 50.000000 50.000000 50.000000 50.000000 50.000000 50.000000 50.000000 50.000000 50.000000 50.000000 50.000000 50.000000 50.000000 50.000000 50.000000 50.000000 50.000000 50.000000 50.000000 50.000000 50.000000 50.000000 50.000000 50.000000 50.000000 50.000000 50.000000 50.000000 50.000000 50.000000 50.000000 50.000000 50.000000 50.000000 50.000000 50.000000 50.000000 50.000000 50.000000 50.000000 50.000000 50.000000 50.000000 50.000000 50.000000 
