50.000000 50.000000 50.000000 50.000000 50.000000 50.000000 50.000000 50.000000 50.000000 50.000000 50.000000 50.000000 50.000000 50.000000 50.000000 50.000000 50.000000 50.000000 50.000000 50.000000 50.000000 50.000000 50.000000 50.000000 50.000000 50.000000 50.000000 50.000000 50.000000 50.000000 50.000000 50.000000 50.000000 50.000000 50.000000 50.000000 50.000000 50.000000 50.000000 50.000000 50.000000 50.000000 50.000000 50.000000 50.000000 50.000000 50.000000 50.000000 50.000000 50.000000 
50.000000 46.835772 43.985138 41.668785 39.967287 38.833963 38.146970 37.766473 37.573128 37.482622 37.443437 37.427687 37.421787 37.419721 37.419043 37.418833 37.418772 37.418755 37.418751 37.418750 37.418749 37.418749 37.418749 37.418749 37.418749 37.418749 37.418749 37.418749 37.418749 37.418749 37.418749 37.418749 37.418749 37.418748 37.418745 37.418731 37.418681 37.418511 37.417951 37.416210 37.411067 37.396639 37.358122 37.259905 37.018993 36.443886 35.082467 31.796852 23.417886 0.000000 
50.000000 43.985138 38.566446 34.163449 30.929289 28.775186 27.469485 26.746351 26.378922 26.206939 26.132484 26.102558 26.091350 26.087426 26.086137 26.085739 26.085623 26.085591 26.085582 26.085580 26.085580 26.085580 26.085580 26.085580 26.085580 26.085580 26.085580 26.085580 26.085580 26.085580 26.085580 26.085580 26.085579 26.085578 26.085572 26.085549 26.085467 26.085186 26.084269 26.081431 26.073114 26.050033 25.989352 25.838049 25.479440 24.668798 22.915010 19.283223 12.188287 0.000000 
50.000000 41.668785 34.163449 28.065125 23.585895 20.602693 18.794564 17.793254 17.284529 17.046431 16.943365 16.901944 16.886433 16.881002 16.879219 16.878668 16.878508 16.878463 16.878452 16.878449 16.878448 16.878448 16.878448 16.878448 16.878448 16.878448 16.878448 16.878448 16.878448 16.878448 16.878448 16.878448 16.878448 16.878446 16.878439 16.878414 16.878325 16.878018 16.877022 16.873965 16.865102 16.840838 16.778227 16.626065 16.278202 15.531461 14.032563 11.248439 6.586318 0.000000 
50.000000 39.967287 30.929289 23.585895 18.192441 14.600602 12.423753 11.218365 10.606019 10.319456 10.195426 10.145586 10.126924 10.120392 10.118247 10.117584 10.117391 10.117338 10.117324 10.117321 10.117320 10.117320 10.117320 10.117320 10.117320 10.117320 10.117320 10.117320 10.117320 10.117320 10.117320 10.117320 10.117319 10.117318 10.117312 10.117290 10.117212 10.116946 10.116091 10.113487 10.106021 10.085876 10.034859 9.913894 9.646245 9.096220 8.054434 6.260491 3.523401 0.000000 
50.000000 38.833963 28.775186 20.602693 14.600602 10.603697 8.181546 6.840448 6.159228 5.840469 5.702519 5.647093 5.626343 5.619080 5.616695 5.615959 5.615744 5.615685 5.615670 5.615666 5.615665 5.615665 5.615665 5.615665 5.615665 5.615665 5.615665 5.615665 5.615665 5.615665 5.615665 5.615665 5.615665 5.615663 5.615659 5.615643 5.615586 5.615392 5.614772 5.612904 5.607606 5.593506 5.558412 5.477009 5.301848 4.954357 4.324491 3.295747 1.814971 0.000000 
50.000000 38.146970 27.469485 18.794564 12.423753 8.181546 5.610913 4.187711 3.464847 3.126632 2.980278 2.921480 2.899470 2.891767 2.889239 2.888458 2.888231 2.888168 2.888152 2.888148 2.888147 2.888146 2.888146 2.888146 2.888146 2.888146 2.888146 2.888146 2.888146 2.888146 2.888146 2.888146 2.888146 2.888145 2.888143 2.888132 2.888096 2.887973 2.887583 2.886417 2.883143 2.874540 2.853453 2.805456 2.704537 2.509860 2.168499 1.631435 0.887065 0.000000 
50.000000 37.766473 26.746351 17.793254 11.218365 6.840448 4.187711 2.719137 1.973274 1.624324 1.473334 1.412679 1.389976 1.382031 1.379423 1.378618 1.378383 1.378319 1.378302 1.378298 1.378297 1.378297 1.378297 1.378297 1.378297 1.378297 1.378297 1.378297 1.378297 1.378297 1.378297 1.378297 1.378296 1.378296 1.378294 1.378289 1.378268 1.378199 1.377981 1.377335 1.375538 1.370867 1.359568 1.334257 1.282036 1.183506 1.015028 0.756999 0.408350 0.000000 
50.000000 37.573128 26.378922 17.284529 10.606019 6.159228 3.464847 1.973274 1.215764 0.861379 0.708046 0.646453 0.623399 0.615332 0.612685 0.611867 0.611629 0.611564 0.611547 0.611542 0.611541 0.611541 0.611541 0.611541 0.611541 0.611541 0.611541 0.611541 0.611541 0.611541 0.611541 0.611541 0.611541 0.611541 0.611540 0.611537 0.611526 0.611492 0.611382 0.611060 0.610171 0.607882 0.602408 0.590306 0.565722 0.520142 0.443690 0.328889 0.176489 0.000000 
50.000000 37.482622 26.206939 17.046431 10.319456 5.840469 3.126632 1.624324 0.861379 0.504463 0.350038 0.288008 0.264792 0.256668 0.254002 0.253179 0.252939 0.252873 0.252856 0.252852 0.252851 0.252851 0.252851 0.252851 0.252851 0.252851 0.252851 0.252851 0.252851 0.252851 0.252851 0.252851 0.252851 0.252851 0.252850 0.252849 0.252844 0.252828 0.252778 0.252632 0.252231 0.251208 0.248786 0.243489 0.232863 0.213435 0.181329 0.133824 0.071555 0.000000 
50.000000 37.443437 26.132484 16.943365 10.195426 5.702519 2.980278 1.473334 0.708046 0.350038 0.195144 0.132926 0.109640 0.101492 0.098818 0.097993 0.097752 0.097686 0.097669 0.097664 0.097663 0.097663 0.097663 0.097663 0.097663 0.097663 0.097663 0.097663 0.097663 0.097663 0.097663 0.097663 0.097663 0.097663 0.097663 0.097662 0.097660 0.097654 0.097633 0.097572 0.097406 0.096986 0.095999 0.093861 0.089615 0.081939 0.069400 0.051053 0.027227 0.000000 
50.000000 37.427687 26.102558 16.901944 10.145586 5.647093 2.921480 1.412679 0.646453 0.288008 0.132926 0.070634 0.047320 0.039162 0.036485 0.035659 0.035418 0.035352 0.035334 0.035330 0.035329 0.035329 0.035329 0.035329 0.035329 0.035329 0.035329 0.035329 0.035329 0.035329 0.035329 0.035329 0.035329 0.035329 0.035329 0.035328 0.035328 0.035325 0.035317 0.035294 0.035230 0.035071 0.034698 0.033897 0.032320 0.029495 0.024922 0.018289 0.009735 0.000000 
50.000000 37.421787 26.091350 16.886433 10.126924 5.626343 2.899470 1.389976 0.623399 0.264792 0.109640 0.047320 0.023996 0.015834 0.013156 0.012329 0.012088 0.012022 0.012005 0.012001 0.012000 0.011999 0.011999 0.011999 0.011999 0.011999 0.011999 0.011999 0.011999 0.011999 0.011999 0.011999 0.011999 0.011999 0.011999 0.011999 0.011999 0.011998 0.011995 0.011987 0.011964 0.011908 0.011777 0.011497 0.010951 0.009978 0.008415 0.006164 0.003276 0.000000 
50.000000 37.419721 26.087426 16.881002 10.120392 5.619080 2.891767 1.382031 0.615332 0.256668 0.101492 0.039162 0.015834 0.007672 0.004993 0.004166 0.003925 0.003859 0.003842 0.003837 0.003836 0.003836 0.003836 0.003836 0.003836 0.003836 0.003836 0.003836 0.003836 0.003836 0.003836 0.003836 0.003836 0.003836 0.003836 0.003836 0.003836 0.003836 0.003835 0.003832 0.003824 0.003806 0.003763 0.003671 0.003494 0.003179 0.002678 0.001958 0.001040 0.000000 
50.000000 37.419043 26.086137 16.879219 10.118247 5.616695 2.889239 1.379423 0.612685 0.254002 0.098818 0.036485 0.013156 0.004993 0.002314 0.001487 0.001246 0.001180 0.001163 0.001158 0.001157 0.001157 0.001157 0.001157 0.001157 0.001157 0.001157 0.001157 0.001157 0.001157 0.001157 0.001157 0.001157 0.001157 0.001157 0.001157 0.001157 0.001157 0.001157 0.001156 0.001153 0.001148 0.001134 0.001106 0.001052 0.000956 0.000805 0.000588 0.000312 0.000000 
50.000000 37.418833 26.085739 16.878668 10.117584 5.615959 2.888458 1.378618 0.611867 0.253179 0.097993 0.035659 0.012329 0.004166 0.001487 0.000660 0.000419 0.000353 0.000336 0.000331 0.000330 0.000330 0.000330 0.000330 0.000330 0.000330 0.000330 0.000330 0.000330 0.000330 0.000330 0.000330 0.000330 0.000330 0.000330 0.000330 0.000330 0.000330 0.000330 0.000330 0.000329 0.000327 0.000323 0.000315 0.000300 0.000272 0.000229 0.000167 0.000089 0.000000 
50.000000 37.418772 26.085623 16.878508 10.117391 5.615744 2.888231 1.378383 0.611629 0.252939 0.097752 0.035418 0.012088 0.003925 0.001246 0.000419 0.000178 0.000112 0.000095 0.000091 0.000090 0.000089 0.000089 0.000089 0.000089 0.000089 0.000089 0.000089 0.000089 0.000089 0.000089 0.000089 0.000089 0.000089 0.000089 0.000089 0.000089 0.000089 0.000089 0.000089 0.000089 0.000088 0.000087 0.000085 0.000081 0.000073 0.000062 0.000045 0.000024 0.000000 
50.000000 37.418755 26.085591 16.878463 10.117338 5.615685 2.888168 1.378319 0.611564 0.252873 0.097686 0.035352 0.012022 0.003859 0.001180 0.000353 0.000112 0.000046 0.000028 0.000024 0.000023 0.000023 0.000023 0.000023 0.000023 0.000023 0.000023 0.000023 0.000023 0.000023 0.000023 0.000023 0.000023 0.000023 0.000023 0.000023 0.000023 0.000023 0.000023 0.000023 0.000023 0.000023 0.000022 0.000022 0.000021 0.000019 0.000016 0.000012 0.000006 0.000000 
50.000000 37.418751 26.085582 16.878452 10.117324 5.615670 2.888152 1.378302 0.611547 0.252856 0.097669 0.035334 0.012005 0.003842 0.001163 0.000336 0.000095 0.000028 0.000011 0.000007 0.000006 0.000006 0.000006 0.000006 0.000006 0.000006 0.000006 0.000006 0.000006 0.000006 0.000006 0.000006 0.000006 0.000006 0.000006 0.000006 0.000006 0.000006 0.000006 0.000006 0.000006 0.000006 0.000005 0.000005 0.000005 0.000005 0.000004 0.000003 0.000001 0.000000 
50.000000 37.418750 26.085580 16.878449 10.117321 5.615666 2.888148 1.378298 0.611542 0.252852 0.097664 0.035330 0.012001 0.003837 0.001158 0.000331 0.000091 0.000024 0.000007 0.000003 0.000002 0.000001 0.000001 0.000001 0.000001 0.000001 0.000001 0.000001 0.000001 0.000001 0.000001 0.000001 0.000001 0.000001 0.000001 0.000001 0.000001 0.000001 0.000001 0.000001 0.000001 0.000001 0.000001 0.000001 0.000001 0.000001 0.000001 0.000001 0.000000 0.000000 
50.000000 37.418749 26.085580 16.878448 10.117320 5.615665 2.888147 1.378297 0.611541 0.252851 0.097663 0.035329 0.012000 0.003836 0.001157 0.000330 0.000090 0.000023 0.000006 0.000002 0.000001 0.000000 0.000000 0.000000 0.000000 0.000000 0.000000 0.000000 0.000000 0.000000 0.000000 0.000000 0.000000 0.000000 0.000000 0.000000 0.000000 0.000000 0.000000 0.000000 0.000000 0.000000 0.000000 0.000000 0.000000 0.000000 0.000000 0.000000 0.000000 0.000000 
50.000000 37.418749 26.085580 16.878448 10.117320 5.615665 2.888146 1.378297 0.611541 0.252851 0.097663 0.035329 0.011999 0.003836 0.001157 0.000330 0.000089 0.000023 0.000006 0.000001 0.000000 0.000000 0.000000 0.000000 0.000000 0.000000 0.000000 0.000000 0.000000 0.000000 0.000000 0.000000 0.000000 0.000000 0.000000 0.000000 0.000000 0.000000 0.000000 0.000000 0.000000 0.000000 0.000000 0.000000 0.000000 0.000000 0.000000 0.000000 0.000000 0.000000 
50.000000 37.418749 26.085580 16.878448 10.117320 5.615665 2.888146 1.378297 0.611541 0.252851 0.097663 0.035329 0.011999 0.003836 0.001157 0.000330 0.000089 0.000023 0.000006 0.000001 0.000000 0.000000 0.000000 0.000000 0.000000 0.000000 0.000000 0.000000 0.000000 0.000000 0.000000 0.000000 0.000000 0.000000 0.000000 0.000000 0.000000 0.000000 0.000000 0.000000 0.000000 0.000000 0.000000 0.000000 0.000000 0.000000 0.000000 0.000000 0.000000 0.000000 
50.000000 37.418749 26.085580 16.878448 10.117320 5.615665 2.888146 1.378297 0.611541 0.252851 0.097663 0.035329 0.011999 0.003836 0.001157 0.000330 0.000089 0.000023 0.000006 0.000001 0.000000 0.000000 0.000000 0.000000 0.000000 0.000000 0.000000 0.000000 0.000000 0.000000 0.000000 0.000000 0.000000 0.000000 0.000000 0.000000 0.000000 0.000000 0.000000 0.000000 0.000000 0.000000 0.000000 0.000000 0.000000 0.000000 0.000000 0.000000 0.000000 0.000000 
50.000000 37.418749 26.085580 16.878448 10.117320 5.615665 2.888146 1.378297 0.611541 0.252851 0.097663 0.035329 0.011999 0.003836 0.001157 0.000330 0.000089 0.000023 0.000006 0.000001 0.000000 0.000000 0.000000 0.000000 0.000000 0.000000 0.000000 0.000000 0.000000 0.000000 0.000000 0.000000 0.000000 0.000000 0.000000 0.000000 0.000000 0.000000 0.000000 0.000000 0.000000 0.000000 0.000000 0.000000 0.000000 0.000000 0.000000 0.000000 0.000000 0.000000 
50.000000 37.418749 26.085580 16.878448 10.117320 5.615665 2.888146 1.378297 0.611541 0.252851 0.097663 0.035329 0.011999 0.003836 0.001157 0.000330 0.000089 0.000023 0.000006 0.000001 0.000000 0.000000 0.000000 0.000000 0.000000 0.000000 0.000000 0.000000 0.000000 0.000000 0.000000 0.000000 0.000000 0.000000 0.000000 0.000000 0.000000 0.000000 0.000000 0.000000 0.000000 0.000000 0.000000 0.000000 0.000000 0.000000 0.000000 0.000000 0.000000 0.000000 
50.000000 37.418749 26.085580 16.878448 10.117320 5.615665 2.888146 1.378297 0.611541 0.252851 0.097663 0.035329 0.011999 0.003836 0.001157 0.000330 0.000089 0.000023 0.000006 0.000001 0.000000 0.000000 0.000000 0.000000 0.000000 0.000000 0.000000 0.000000 0.000000 0.000000 0.000000 0.000000 0.000000 0.000000 0.000000 0.000000 0.000000 0.000000 0.000000 0.000000 0.000000 0.000000 0.000000 0.000000 0.000000 0.000000 0.000000 0.000000 0.000000 0.000000 
50.000000 37.418749 26.085580 16.878448 10.117320 5.615665 2.888146 1.378297 0.611541 0.252851 0.097663 0.035329 0.011999 0.003836 0.001157 0.000330 0.000089 0.000023 0.000006 0.000001 0.000000 0.000000 0.000000 0.000000 0.000000 0.000000 0.000000 0.000000 0.000000 0.000000 0.000000 0.000000 0.000000 0.000000 0.000000 0.000000 0.000000 0.000000 0.000000 0.000000 0.000000 0.000000 0.000000 0.000000 0.000000 0.000000 0.000000 0.000000 0.000000 0.000000 
50.000000 37.418749 26.085580 16.878448 10.117320 5.615665 2.888146 1.378297 0.611541 0.252851 0.097663 0.035329 0.011999 0.003836 0.001157 0.000330 0.000089 0.000023 0.000006 0.000001 0.000000 0.000000 0.000000 0.000000 0.000000 0.000000 0.000000 0.000000 0.000000 0.000000 0.000000 0.000000 0.000000 0.000000 0.000000 0.000000 0.000000 0.000000 0.000000 0.000000 0.000000 0.000000 0.000000 0.000000 0.000000 0.000000 0.000000 0.000000 0.000000 0.000000 
50.000000 37.418749 26.085580 16.878448 10.117320 5.615665 2.888147 1.378297 0.611541 0.252851 0.097663 0.035329 0.012000 0.003836 0.001157 0.000330 0.000090 0.000023 0.000006 0.000002 0.000001 0.000000 0.000000 0.000000 0.000000 0.000000 0.000000 0.000000 0.000000 0.000000 0.000000 0.000000 0.000000 0.000000 0.000000 0.000000 0.000000 0.000000 0.000000 0.000000 0.000000 0.000000 0.000000 0.000000 0.000000 0.000000 0.000000 0.000000 0.000000 0.000000 
50.000000 37.418750 26.085580 16.878449 10.117321 5.615666 2.888148 1.378298 0.611542 0.252852 0.097664 0.035330 0.012001 0.003837 0.001158 0.000331 0.000091 0.000024 0.000007 0.000003 0.000002 0.000001 0.000001 0.000001 0.000001 0.000001 0.000001 0.000001 0.000001 0.000001 0.000001 0.000001 0.000001 0.000001 0.000001 0.000001 0.000001 0.000001 0.000001 0.000001 0.000001 0.000001 0.000001 0.000001 0.000001 0.000001 0.000001 0.000001 0.000000 0.000000 
50.000000 37.418751 26.085582 16.878452 10.117324 5.615670 2.888152 1.378302 0.611547 0.252856 0.097669 0.035334 0.012005 0.003842 0.001163 0.000336 0.000095 0.000028 0.000011 0.000007 0.000006 0.000006 0.000006 0.000006 0.000006 0.000006 0.000006 0.000006 0.000006 0.000006 0.000006 0.000006 0.000006 0.000006 0.000006 0.000006 0.000006 0.000006 0.000006 0.000006 0.000006 0.000006 0.000005 0.000005 0.000005 0.000005 0.000004 0.000003 0.000001 0.000000 
50.000000 37.418755 26.085591 16.878463 10.117338 5.615685 2.888168 1.378319 0.611564 0.252873 0.097686 0.035352 0.012022 0.003859 0.001180 0.000353 0.000112 0.000046 0.000028 0.000024 0.000023 0.000023 0.000023 0.000023 0.000023 0.000023 0.000023 0.000023 0.000023 0.000023 0.000023 0.000023 0.000023 0.000023 0.000023 0.000023 0.000023 0.000023 0.000023 0.000023 0.000023 0.000023 0.000022 0.000022 0.000021 0.000019 0.000016 0.000012 0.000006 0.000000 
50.000000 37.418772 26.085623 16.878508 10.117391 5.615744 2.888231 1.378383 0.611629 0.252939 0.097752 0.035418 0.012088 0.003925 0.001246 0.000419 0.000178 0.000112 0.000095 0.000091 0.000090 0.000089 0.000089 0.000089 0.000089 0.000089 0.000089 0.000089 0.000089 0.000089 0.000089 0.000089 0.000089 0.000089 0.000089 0.000089 0.000089 0.000089 0.000089 0.000089 0.000089 0.000088 0.000087 0.000085 0.000081 0.000073 0.000062 0.000045 0.000024 0.000000 
50.000000 37.418833 26.085739 16.878668 10.117584 5.615959 2.888458 1.378618 0.611867 0.253179 0.097993 0.035659 0.012329 0.004166 0.001487 0.000660 0.000419 0.000353 0.000336 0.000331 0.000330 0.000330 0.000330 0.000330 0.000330 0.000330 0.000330 0.000330 0.000330 0.000330 0.000330 0.000330 0.000330 0.000330 0.000330 0.000330 0.000330 0.000330 0.000330 0.000330 0.000329 0.000327 0.000323 0.000315 0.000300 0.000272 0.000229 0.000167 0.000089 0.000000 
50.000000 37.419043 26.086137 16.879219 10.118247 5.616695 2.889239 1.379423 0.612685 0.254002 0.098818 0.036485 0.013156 0.004993 0.002314 0.001487 0.001246 0.001180 0.001163 0.001158 0.001157 0.001157 0.001157 0.001157 0.001157 0.001157 0.001157 0.001157 0.001157 0.001157 0.001157 0.001157 0.001157 0.001157 0.001157 0.001157 0.001157 0.001157 0.001157 0.001156 0.001153 0.001148 0.001134 0.001106 0.001052 0.000956 0.000805 0.000588 0.000312 0.000000 
50.000000 37.419721 26.087426 16.881002 10.120392 5.619080 2.891767 1.382031 0.615332 0.256668 0.101492 0.039162 0.015834 0.007672 0.004993 0.004166 0.003925 0.003859 0.003842 0.003837 0.003836 0.003836 0.003836 0.003836 0.003836 0.003836 0.003836 0.003836 0.003836 0.003836 0.003836 0.003836 0.003836 0.003836 0.003836 0.003836 0.003836 0.003836 0.003835 0.003832 0.003824 0.003806 0.003763 0.003671 0.003494 0.003179 0.002678 0.001958 0.001040 0.000000 
50.000000 37.421787 26.091350 16.886433 10.126924 5.626343 2.899470 1.389976 0.623399 0.264792 0.109640 0.047320 0.023996 0.015834 0.013156 0.012329 0.012088 0.012022 0.012005 0.012001 0.012000 0.011999 0.011999 0.011999 0.011999 0.011999 0.011999 0.011999 0.011999 0.011999 0.011999 0.011999 0.011999 0.011999 0.011999 0.011999 0.011999 0.011998 0.011995 0.011987 0.011964 0.011908 0.011777 0.011497 0.010951 0.009978 0.008415 0.006164 0.003276 0.000000 
50.000000 37.427687 26.102558 16.901944 10.145586 5.647093 2.921480 1.412679 0.646453 0.288008 0.132926 0.070634 0.047320 0.039162 0.036485 0.035659 0.035418 0.035352 0.035334 0.035330 0.035329 0.035329 0.035329 0.035329 0.035329 0.035329 0.035329 0.035329 0.035329 0.035329 0.035329 0.035329 0.035329 0.035329 0.035329 0.035328 0.035328 0.035325 0.035317 0.035294 0.035230 0.035071 0.034698 0.033897 0.032320 0.029495 0.024922 0.018289 0.009735 0.000000 
50.000000 37.443437 26.132484 16.943365 10.195426 5.702519 2.980278 1.473334 0.708046 0.350038 0.195144 0.132926 0.109640 0.101492 0.098818 0.097993 0.097752 0.097686 0.097669 0.097664 0.097663 0.097663 0.097663 0.097663 0.097663 0.097663 0.097663 0.097663 0.097663 0.097663 0.097663 0.097663 0.097663 0.097663 0.097663 0.097662 0.097660 0.097654 0.097633 0.097572 0.097406 0.096986 0.095999 0.093861 0.089615 0.081939 0.069400 0.051053 0.027227 0.000000 
50.000000 37.482622 26.206939 17.046431 10.319456 5.840469 3.126632 1.624324 0.861379 0.504463 0.350038 0.288008 0.264792 0.256668 0.254002 0.253179 0.252939 0.252873 0.252856 0.252852 0.252851 0.252851 0.252851 0.252851 0.252851 0.252851 0.252851 0.252851 0.252851 0.252851 0.252851 0.252851 0.252851 0.252851 0.252850 0.252849 0.252844 0.252828 0.252778 0.252632 0.252231 0.251208 0.248786 0.243489 0.232863 0.213435 0.181329 0.133824 0.071555 0.000000 
50.000000 37.573128 26.378922 17.284529 10.606019 6.159228 3.464847 1.973274 1.215764 0.861379 0.708046 0.646453 0.623399 0.615332 0.612685 0.611867 0.611629 0.611564 0.611547 0.611542 0.611541 0.611541 0.611541 0.611541 0.611541 0.611541 0.611541 0.611541 0.611541 0.611541 0.611541 0.611541 0.611541 0.611541 0.611540 0.611537 0.611526 0.611492 0.611382 0.611060 0.610171 0.607882 0.602408 0.590306 0.565722 0.520142 0.443690 0.328889 0.176489 0.000000 
50.000000 37.766473 26.746351 17.793254 11.218365 6.840448 4.187711 2.719137 1.973274 1.624324 1.473334 1.412679 1.389976 1.382031 1.379423 1.378618 1.378383 1.378319 1.378302 1.378298 1.378297 1.378297 1.378297 1.378297 1.378297 1.378297 1.378297 1.378297 1.378297 1.378297 1.378297 1.378297 1.378296 1.378296 1.378294 1.378289 1.378268 1.378199 1.377981 1.377335 1.375538 1.370867 1.359568 1.334257 1.282036 1.183506 1.015028 0.756999 0.408350 0.000000 
50.000000 38.146970 27.469485 18.794564 12.423753 8.181546 5.610913 4.187711 3.464847 3.126632 2.980278 2.921480 2.899470 2.891767 2.889239 2.888458 2.888231 2.888168 2.888152 2.888148 2.888147 2.888146 2.888146 2.888146 2.888146 2.888146 2.888146 2.888146 2.888146 2.888146 2.888146 2.888146 2.888146 2.888145 2.888143 2.888132 2.888096 2.887973 2.887583 2.886417 2.883143 2.874540 2.853453 2.805456 2.704537 2.509860 2.168499 1.631435 0.887065 0.000000 
50.000000 38.833963 28.775186 20.602693 14.600602 10.603697 8.181546 6.840448 6.159228 5.840469 5.702519 5.647093 5.626343 5.619080 5.616695 5.615959 5.615744 5.615685 5.615670 5.615666 5.615665 5.615665 5.615665 5.615665 5.615665 5.615665 5.615665 5.615665 5.615665 5.615665 5.615665 5.615665 5.615665 5.615663 5.615659 5.615643 5.615586 5.615392 5.614772 5.612904 5.607606 5.593506 5.558412 5.477009 5.301848 4.954357 4.324491 3.295747 1.814971 0.000000 
50.000000 39.967287 30.929289 23.585895 18.192441 14.600602 12.423753 11.218365 10.606019 10.319456 10.195426 10.145586 10.126924 10.120392 10.118247 10.117584 10.117391 10.117338 10.117324 10.117321 10.117320 10.117320 10.117320 10.117320 10.117320 10.117320 10.117320 10.117320 10.117320 10.117320 10.117320 10.117320 10.117319 10.117318 10.117312 10.117290 10.117212 10.116946 10.116091 10.113487 10.106021 10.085876 10.034859 9.913894 9.646245 9.096220 8.054434 6.260491 3.523401 0.000000 
50.000000 41.668785 34.163449 28.065125 23.585895 20.602693 18.794564 17.793254 17.284529 17.046431 16.943365 16.901944 16.886433 16.881002 16.879219 16.878668 16.878508 16.878463 16.878452 16.878449 16.878448 16.878448 16.878448 16.878448 16.878448 16.878448 16.878448 16.878448 16.878448 16.878448 16.878448 16.878448 16.878448 16.878446 16.878439 16.878414 16.878325 16.878018 16.877022 16.873965 16.865102 16.840838 16.778227 16.626065 16.278202 15.531461 14.032563 11.248439 6.586318 0.000000 
50.000000 43.985138 38.566446 34.163449 30.929289 28.775186 27.469485 26.746351 26.378922 26.206939 26.132484 26.102558 26.091350 26.087426 26.086137 26.085739 26.085623 26.085591 26.085582 26.085580 26.085580 26.085580 26.085580 26.085580 26.085580 26.085580 26.085580 26.085580 26.085580 26.085580 26.085580 26.085580 26.085579 26.085578 26.085572 26.085549 26.085467 26.085186 26.084269 26.081431 26.073114 26.050033 25.989352 25.838049 25.479440 24.668798 22.915010 19.283223 12.188287 0.000000 
50.000000 46.835772 43.985138 41.668785 39.967287 38.833963 38.146970 37.766473 37.573128 37.482622 37.443437 37.427687 37.421787 37.419721 37.419043 37.418833 37.418772 37.418755 37.418751 37.418750 37.418749 37.418749 37.418749 37.418749 37.418749 37.418749 37.418749 37.418749 37.418749 37.418749 37.418749 37.418749 37.418749 37.418748 37.418745 37.418731 37.418681 37.418511 37.417951 37.416210 37.411067 37.396639 37.358122 37.259905 37.018993 36.443886 35.082467 31.796852 23.417886 0.000000 
50.000000 50.000000 50.000000 50.000000 50.000000 50.000000 50.000000 50.000000 50.000000 50.000000 50.000000 50.000000 50.000000 50.000000 50.000000 50.000000 50.000000 50.000000 50.000000 50.000000 50.000000 50.000000 50.000000 50.000000 50.000000 50.000000 50.000000 50.000000 50.000000 50.000000 50.000000 50.000000 50.000000 50.000000 50.000000 50.000000 50.000000 50.000000 50.000000 50.000000 50.000000 50.000000 50.000000 50.000000 50.000000 50.000000 50.000000 50.000000 50.000000 50.000000 
