50.000000 50.000000 50.000000 50.000000 50.000000 50.000000 50.000000 50.000000 50.000000 50.000000 50.000000 50.000000 50.000000 50.000000 50.000000 50.000000 50.000000 50.000000 50.000000 50.000000 50.000000 50.000000 50.000000 50.000000 50.000000 50.000000 50.000000 50.000000 50.000000 50.000000 50.000000 50.000000 50.000000 50.000000 50.000000 50.000000 50.000000 50.000000 50.000000 50.000000 50.000000 50.000000 50.000000 50.000000 50.000000 50.000000 50.000000 50.000000 50.000000 50.000000 
50.000000 48.913363 47.863792 46.884563 46.002017 45.233555 44.586993 44.061238 43.647959 43.333834 43.102899 42.938635 42.825550 42.750172 42.701507 42.671063 42.652601 42.641743 42.635548 42.632117 42.630271 42.629307 42.628817 42.628575 42.628458 42.628400 42.628369 42.628342 42.628303 42.628226 42.628069 42.627749 42.627109 42.625857 42.623462 42.618980 42.610771 42.596034 42.570066 42.525068 42.448178 42.318139 42.099333 41.730323 41.099817 39.990922 37.937026 33.805266 24.456681 0.000000 
50.000000 47.863792 45.800452 43.875398 42.140416 40.629710 39.358649 38.325082 37.512630 36.895103 36.441119 36.118203 35.895896 35.747716 35.652049 35.592201 35.555908 35.534564 35.522386 35.515641 35.512014 35.510119 35.509156 35.508680 35.508449 35.508337 35.508275 35.508224 35.508149 35.508005 35.507711 35.507110 35.505909 35.503564 35.499085 35.490723 35.475442 35.448093 35.400095 35.317351 35.176942 34.941756 34.551475 33.906807 32.840623 31.063226 28.058189 22.900226 14.058525 0.000000 
50.000000 46.884563 43.875398 41.067913 38.537632 36.334439 34.480748 32.973418 31.788564 30.887986 30.225917 29.754994 29.430795 29.214702 29.075189 28.987914 28.934988 28.903862 28.886103 28.876268 28.870978 28.868215 28.866811 28.866117 28.865780 28.865617 28.865528 28.865457 28.865355 28.865159 28.864760 28.863949 28.862330 28.859175 28.853167 28.841981 28.821621 28.785357 28.722093 28.613874 28.432096 28.131730 27.642496 26.855249 25.601216 23.621988 20.533957 15.817209 8.947537 0.000000 
50.000000 46.002017 42.140416 38.537632 35.290586 32.463294 30.084518 28.150224 26.629760 25.474101 24.624512 24.020213 23.604199 23.326908 23.147888 23.035898 22.967986 22.928048 22.905261 22.892641 22.885854 22.882308 22.880507 22.879616 22.879186 22.878977 22.878865 22.878778 22.878658 22.878432 22.877971 22.877036 22.875176 22.871560 22.864697 22.851973 22.828927 22.788123 22.717473 22.597756 22.399068 22.075835 21.560001 20.752150 19.511127 17.645293 14.915643 11.077190 6.011095 0.000000 
50.000000 45.233555 40.629710 36.334439 32.463294 29.092596 26.256633 23.950594 22.137929 20.760188 19.747344 19.026931 18.530986 18.200422 17.987011 17.853510 17.772554 17.724945 17.697782 17.682739 17.674649 17.670422 17.668275 17.667214 17.666701 17.666454 17.666324 17.666227 17.666099 17.665862 17.665382 17.664412 17.662488 17.658761 17.651715 17.638713 17.615296 17.574121 17.503420 17.384845 17.190557 16.879516 16.393086 15.650567 14.546298 12.952167 10.733224 7.789087 4.133738 0.000000 
50.000000 44.586993 39.358649 34.480748 30.084518 26.256633 23.036030 20.417242 18.358756 16.794190 15.644012 14.825926 14.262748 13.887375 13.645040 13.493446 13.401520 13.347461 13.316618 13.299538 13.290352 13.285553 13.283116 13.281912 13.281330 13.281050 13.280906 13.280805 13.280678 13.280449 13.279988 13.279059 13.277223 13.273681 13.267013 13.254774 13.232864 13.194618 13.129519 13.021483 12.846715 12.571243 12.148538 11.518015 10.606066 9.332368 7.625499 5.451842 2.856670 0.000000 
50.000000 44.061238 38.325082 32.973418 28.150224 23.950594 20.417242 17.544167 15.285818 13.569360 12.307533 11.410045 10.792213 10.380417 10.114571 9.948273 9.847432 9.788131 9.754298 9.735562 9.725487 9.720223 9.717550 9.716229 9.715591 9.715287 9.715133 9.715030 9.714912 9.714703 9.714288 9.713456 9.711819 9.708671 9.702774 9.692008 9.672855 9.639670 9.583677 9.491708 9.344743 9.116439 8.772084 8.268705 7.557508 6.590224 5.330922 3.773607 1.961905 0.000000 
50.000000 43.647959 37.512630 31.788564 26.629760 22.137929 18.358756 15.285818 12.870387 11.034556 9.684988 8.725103 8.064325 7.623911 7.339594 7.161743 7.053899 6.990481 6.954299 6.934263 6.923489 6.917860 6.915001 6.913589 6.912908 6.912584 6.912424 6.912323 6.912217 6.912037 6.911685 6.910982 6.909604 6.906967 6.902049 6.893118 6.877332 6.850179 6.804749 6.730863 6.614136 6.435194 6.169379 5.787513 5.258413 4.553924 3.656834 2.570875 1.329820 0.000000 
50.000000 43.333834 36.895103 30.887986 25.474101 20.760188 16.794190 13.569360 11.034556 9.108013 7.691773 6.684478 5.991071 5.528916 5.230566 5.043941 4.930777 4.864232 4.826267 4.805244 4.793939 4.788033 4.785034 4.783552 4.782839 4.782501 4.782336 4.782240 4.782147 4.781999 4.781715 4.781151 4.780051 4.777954 4.774063 4.767035 4.754687 4.733597 4.698595 4.642189 4.554007 4.420420 4.224617 3.947475 3.569631 3.075033 2.455891 1.718162 0.885656 0.000000 
50.000000 43.102899 36.441119 30.225917 24.624512 19.747344 15.644012 12.307533 9.684988 7.691773 6.226535 5.184398 4.467015 3.988884 3.680225 3.487153 3.370083 3.301241 3.261966 3.240218 3.228523 3.222414 3.219312 3.217779 3.217042 3.216694 3.216527 3.216435 3.216356 3.216239 3.216020 3.215589 3.214752 3.213163 3.210229 3.204957 3.195749 3.180126 3.154390 3.113267 3.049584 2.954125 2.815825 2.622529 2.362499 2.026756 1.612043 1.123769 0.577831 0.000000 
50.000000 42.938635 36.118203 29.754994 24.020213 19.026931 14.825926 11.410045 8.725103 6.684478 5.184398 4.117490 3.383061 2.893574 2.577587 2.379934 2.260086 2.189613 2.149407 2.127144 2.115172 2.108919 2.105743 2.104175 2.103421 2.103065 2.102898 2.102810 2.102743 2.102654 2.102492 2.102177 2.101568 2.100417 2.098301 2.094518 2.087947 2.076869 2.058745 2.030008 1.985883 1.920354 1.826368 1.696408 1.523511 1.302740 1.032901 0.718108 0.368569 0.000000 
50.000000 42.825550 35.895896 29.430795 23.604199 18.530986 14.262748 10.792213 8.064325 5.991071 4.467015 3.383061 2.636904 2.139603 1.818576 1.617771 1.496013 1.424417 1.383572 1.360955 1.348793 1.342440 1.339214 1.337621 1.336855 1.336496 1.336328 1.336244 1.336187 1.336120 1.336005 1.335784 1.335359 1.334560 1.333096 1.330492 1.325994 1.318452 1.306193 1.286889 1.257474 1.214146 1.152543 1.068131 0.956866 0.816075 0.645439 0.447803 0.229516 0.000000 
50.000000 42.750172 35.747716 29.214702 23.326908 18.200422 13.887375 10.380417 7.623911 5.528916 3.988884 2.893574 2.139603 1.637098 1.312713 1.109810 0.986781 0.914438 0.873167 0.850313 0.838025 0.831606 0.828347 0.826737 0.825964 0.825601 0.825433 0.825352 0.825304 0.825254 0.825174 0.825025 0.824740 0.824207 0.823234 0.821511 0.818549 0.813609 0.805626 0.793135 0.774228 0.746579 0.707562 0.654512 0.585126 0.497981 0.393080 0.272275 0.139401 0.000000 
50.000000 42.701507 35.652049 29.075189 23.147888 17.987011 13.645040 10.114571 7.339594 5.230566 3.680225 2.577587 1.818576 1.312713 0.986163 0.781905 0.658056 0.585232 0.543686 0.520681 0.508311 0.501849 0.498568 0.496948 0.496170 0.495806 0.495638 0.495559 0.495516 0.495479 0.495426 0.495328 0.495145 0.494802 0.494179 0.493081 0.491202 0.488083 0.483069 0.475268 0.463531 0.446475 0.422564 0.390266 0.348298 0.295915 0.233208 0.161327 0.082527 0.000000 
50.000000 42.671063 35.592202 28.987914 23.035898 17.853510 13.493446 9.948273 7.161743 5.043941 3.487153 2.379934 1.617771 1.109810 0.781905 0.576802 0.452441 0.379315 0.337598 0.314498 0.302077 0.295588 0.292294 0.290668 0.289887 0.289521 0.289353 0.289276 0.289238 0.289209 0.289174 0.289112 0.288998 0.288785 0.288401 0.287726 0.286575 0.284674 0.281633 0.276924 0.269878 0.259694 0.245498 0.226433 0.201795 0.171201 0.134747 0.093116 0.047601 0.000000 
50.000000 42.652601 35.555908 28.934988 22.967986 17.772554 13.401520 9.847432 7.053899 4.930777 3.370083 2.260086 1.496013 0.986781 0.658056 0.452441 0.327769 0.254461 0.212640 0.189483 0.177031 0.170526 0.167224 0.165594 0.164811 0.164444 0.164277 0.164201 0.164165 0.164143 0.164119 0.164081 0.164012 0.163885 0.163656 0.163255 0.162574 0.161454 0.159670 0.156919 0.152823 0.146933 0.138761 0.127840 0.113793 0.096426 0.075813 0.052345 0.026744 0.000000 
50.000000 42.641743 35.534565 28.903863 22.928048 17.724945 13.347462 9.788132 6.990481 4.864233 3.301242 2.189613 1.424418 0.914438 0.585232 0.379315 0.254461 0.181046 0.139164 0.115973 0.103503 0.096989 0.093682 0.092050 0.091266 0.090899 0.090732 0.090656 0.090622 0.090603 0.090587 0.090564 0.090524 0.090450 0.090318 0.090088 0.089698 0.089060 0.088046 0.086490 0.084182 0.080878 0.076314 0.070239 0.062458 0.052873 0.041533 0.028656 0.014634 0.000000 
50.000000 42.635548 35.522386 28.886104 22.905262 17.697783 13.316619 9.754299 6.954300 4.826269 3.261968 2.149409 1.383574 0.873168 0.543687 0.337599 0.212641 0.139165 0.097248 0.074038 0.061558 0.055039 0.051729 0.050095 0.049310 0.048943 0.048776 0.048701 0.048668 0.048652 0.048640 0.048626 0.048603 0.048562 0.048488 0.048360 0.048144 0.047791 0.047233 0.046380 0.045119 0.043320 0.040844 0.037562 0.033371 0.028226 0.022156 0.015277 0.007799 0.000000 
50.000000 42.632117 35.515642 28.876269 22.892643 17.682741 13.299541 9.735565 6.934266 4.805247 3.240221 2.127147 1.360958 0.850317 0.520684 0.314501 0.189486 0.115976 0.074040 0.050819 0.038333 0.031811 0.028500 0.026865 0.026080 0.025713 0.025546 0.025472 0.025439 0.025424 0.025415 0.025406 0.025394 0.025371 0.025331 0.025262 0.025146 0.024957 0.024659 0.024205 0.023536 0.022585 0.021280 0.019556 0.017361 0.014674 0.011510 0.007933 0.004048 0.000000 
50.000000 42.630273 35.512017 28.870982 22.885859 17.674655 13.290359 9.725494 6.923497 4.793947 3.228532 2.115181 1.348802 0.838034 0.508320 0.302086 0.177040 0.103512 0.061566 0.038339 0.025850 0.019326 0.016014 0.014379 0.013594 0.013227 0.013060 0.012985 0.012953 0.012939 0.012931 0.012926 0.012919 0.012907 0.012886 0.012850 0.012789 0.012691 0.012536 0.012301 0.011956 0.011468 0.010799 0.009918 0.008799 0.007432 0.005827 0.004014 0.002048 0.000000 
50.000000 42.629311 35.510126 28.868225 22.882321 17.670437 13.285571 9.720242 6.917879 4.788054 3.222435 2.108940 1.342462 0.831628 0.501871 0.295611 0.170549 0.097012 0.055060 0.031830 0.019340 0.012815 0.009503 0.007867 0.007082 0.006715 0.006548 0.006474 0.006442 0.006428 0.006421 0.006417 0.006413 0.006407 0.006396 0.006378 0.006347 0.006297 0.006219 0.006101 0.005928 0.005683 0.005349 0.004909 0.004353 0.003675 0.002880 0.001983 0.001012 0.000000 
50.000000 42.628826 35.509173 28.866835 22.880538 17.668312 13.283157 9.717595 6.915049 4.785084 3.219363 2.105796 1.339268 0.828401 0.498622 0.292349 0.167278 0.093736 0.051782 0.028551 0.016060 0.009535 0.006222 0.004586 0.003801 0.003434 0.003267 0.003193 0.003161 0.003147 0.003141 0.003138 0.003135 0.003132 0.003127 0.003117 0.003102 0.003077 0.003039 0.002980 0.002894 0.002774 0.002609 0.002394 0.002122 0.001790 0.001402 0.000965 0.000492 0.000000 
50.000000 42.628595 35.508719 28.866173 22.879689 17.667300 13.282009 9.716335 6.913702 4.783671 3.217901 2.104299 1.337747 0.826864 0.497076 0.290796 0.165722 0.092178 0.050222 0.026990 0.014499 0.007973 0.004661 0.003025 0.002240 0.001873 0.001705 0.001631 0.001599 0.001586 0.001580 0.001577 0.001576 0.001574 0.001571 0.001566 0.001558 0.001546 0.001526 0.001496 0.001453 0.001391 0.001309 0.001200 0.001063 0.000896 0.000702 0.000483 0.000246 0.000000 
50.000000 42.628504 35.508539 28.865911 22.879353 17.666900 13.281554 9.715836 6.913169 4.783111 3.217322 2.103707 1.337145 0.826256 0.496464 0.290181 0.165106 0.091560 0.049604 0.026372 0.013880 0.007355 0.004042 0.002407 0.001621 0.001254 0.001087 0.001013 0.000981 0.000968 0.000962 0.000959 0.000958 0.000957 0.000955 0.000952 0.000947 0.000939 0.000927 0.000909 0.000882 0.000845 0.000794 0.000728 0.000644 0.000543 0.000425 0.000293 0.000149 0.000000 
50.000000 42.628504 35.508539 28.865911 22.879353 17.666900 13.281554 9.715836 6.913169 4.783111 3.217322 2.103707 1.337145 0.826256 0.496464 0.290181 0.165106 0.091560 0.049604 0.026372 0.013880 0.007355 0.004042 0.002407 0.001621 0.001254 0.001087 0.001013 0.000981 0.000968 0.000962 0.000959 0.000958 0.000957 0.000955 0.000952 0.000947 0.000939 0.000927 0.000909 0.000882 0.000845 0.000794 0.000728 0.000644 0.000543 0.000425 0.000293 0.000149 0.000000 
50.000000 42.628595 35.508719 28.866173 22.879689 17.667300 13.282009 9.716335 6.913702 4.783671 3.217901 2.104299 1.337747 0.826864 0.497076 0.290796 0.165722 0.092178 0.050222 0.026990 0.014499 0.007973 0.004661 0.003025 0.002240 0.001873 0.001705 0.001631 0.001599 0.001586 0.001580 0.001577 0.001576 0.001574 0.001571 0.001566 0.001558 0.001546 0.001526 0.001496 0.001453 0.001391 0.001309 0.001200 0.001063 0.000896 0.000702 0.000483 0.000246 0.000000 
50.000000 42.628826 35.509173 28.866835 22.880538 17.668312 13.283157 9.717595 6.915049 4.785084 3.219363 2.105796 1.339268 0.828401 0.498622 0.292349 0.167278 0.093736 0.051782 0.028551 0.016060 0.009535 0.006222 0.004586 0.003801 0.003434 0.003267 0.003193 0.003161 0.003147 0.003141 0.003138 0.003135 0.003132 0.003127 0.003117 0.003102 0.003077 0.003039 0.002980 0.002894 0.002774 0.002609 0.002394 0.002122 0.001790 0.001402 0.000965 0.000492 0.000000 
50.000000 42.629311 35.510126 28.868225 22.882321 17.670437 13.285571 9.720242 6.917879 4.788054 3.222435 2.108940 1.342462 0.831628 0.501871 0.295611 0.170549 0.097012 0.055060 0.031830 0.019340 0.012815 0.009503 0.007867 0.007082 0.006715 0.006548 0.006474 0.006442 0.006428 0.006421 0.006417 0.006413 0.006407 0.006396 0.006378 0.006347 0.006297 0.006219 0.006101 0.005928 0.005683 0.005349 0.004909 0.004353 0.003675 0.002880 0.001983 0.001012 0.000000 
50.000000 42.630273 35.512017 28.870982 22.885859 17.674655 13.290359 9.725494 6.923497 4.793947 3.228532 2.115181 1.348802 0.838034 0.508320 0.302086 0.177040 0.103512 0.061566 0.038339 0.025850 0.019326 0.016014 0.014379 0.013594 0.013227 0.013060 0.012985 0.012953 0.012939 0.012931 0.012926 0.012919 0.012907 0.012886 0.012850 0.012789 0.012691 0.012536 0.012301 0.011956 0.011468 0.010799 0.009918 0.008799 0.007432 0.005827 0.004014 0.002048 0.000000 
50.000000 42.632117 35.515642 28.876269 22.892643 17.682741 13.299541 9.735565 6.934266 4.805247 3.240221 2.127147 1.360958 0.850317 0.520684 0.314501 0.189486 0.115976 0.074040 0.050819 0.038333 0.031811 0.028500 0.026865 0.026080 0.025713 0.025546 0.025472 0.025439 0.025424 0.025415 0.025406 0.025394 0.025371 0.025331 0.025262 0.025146 0.024957 0.024659 0.024205 0.023536 0.022585 0.021280 0.019556 0.017361 0.014674 0.011510 0.007933 0.004048 0.000000 
50.000000 42.635548 35.522386 28.886104 22.905262 17.697783 13.316619 9.754299 6.954300 4.826269 3.261968 2.149409 1.383574 0.873168 0.543687 0.337599 0.212641 0.139165 0.097248 0.074038 0.061558 0.055039 0.051729 0.050095 0.049310 0.048943 0.048776 0.048701 0.048668 0.048652 0.048640 0.048626 0.048603 0.048562 0.048488 0.048360 0.048144 0.047791 0.047233 0.046380 0.045119 0.043320 0.040844 0.037562 0.033371 0.028226 0.022156 0.015277 0.007799 0.000000 
50.000000 42.641743 35.534565 28.903863 22.928048 17.724945 13.347462 9.788132 6.990481 4.864233 3.301242 2.189613 1.424418 0.914438 0.585232 0.379315 0.254461 0.181046 0.139164 0.115973 0.103503 0.096989 0.093682 0.092050 0.091266 0.090899 0.090732 0.090656 0.090622 0.090603 0.090587 0.090564 0.090524 0.090450 0.090318 0.090088 0.089698 0.089060 0.088046 0.086490 0.084182 0.080878 0.076314 0.070239 0.062458 0.052873 0.041533 0.028656 0.014634 0.000000 
50.000000 42.652601 35.555908 28.934988 22.967986 17.772554 13.401520 9.847432 7.053899 4.930777 3.370083 2.260086 1.496013 0.986781 0.658056 0.452441 0.327769 0.254461 0.212640 0.189483 0.177031 0.170526 0.167224 0.165594 0.164811 0.164444 0.164277 0.164201 0.164165 0.164143 0.164119 0.164081 0.164012 0.163885 0.163656 0.163255 0.162574 0.161454 0.159670 0.156919 0.152823 0.146933 0.138761 0.127840 0.113793 0.096426 0.075813 0.052345 0.026744 0.000000 
50.000000 42.671063 35.592202 28.987914 23.035898 17.853510 13.493446 9.948273 7.161743 5.043941 3.487153 2.379934 1.617771 1.109810 0.781905 0.576802 0.452441 0.379315 0.337598 0.314498 0.302077 0.295588 0.292294 0.290668 0.289887 0.289521 0.289353 0.289276 0.289238 0.289209 0.289174 0.289112 0.288998 0.288785 0.288401 0.287726 0.286575 0.284674 0.281633 0.276924 0.269878 0.259694 0.245498 0.226433 0.201795 0.171201 0.134747 0.093116 0.047601 0.000000 
50.000000 42.701507 35.652049 29.075189 23.147888 17.987011 13.645040 10.114571 7.339594 5.230566 3.680225 2.577587 1.818576 1.312713 0.986163 0.781905 0.658056 0.585232 0.543686 0.520681 0.508311 0.501849 0.498568 0.496948 0.496170 0.495806 0.495638 0.495559 0.495516 0.495479 0.495426 0.495328 0.495145 0.494802 0.494179 0.493081 0.491202 0.488083 0.483069 0.475268 0.463531 0.446475 0.422564 0.390266 0.348298 0.295915 0.233208 0.161327 0.082527 0.000000 
50.000000 42.750172 35.747716 29.214702 23.326908 18.200422 13.887375 10.380417 7.623911 5.528916 3.988884 2.893574 2.139603 1.637098 1.312713 1.109810 0.986781 0.914438 0.873167 0.850313 0.838025 0.831606 0.828347 0.826737 0.825964 0.825601 0.825433 0.825352 0.825304 0.825254 0.825174 0.825025 0.824740 0.824207 0.823234 0.821511 0.818549 0.813609 0.805626 0.793135 0.774228 0.746579 0.707562 0.654512 0.585126 0.497981 0.393080 0.272275 0.139401 0.000000 
50.000000 42.825550 35.895896 29.430795 23.604199 18.530986 14.262748 10.792213 8.064325 5.991071 4.467015 3.383061 2.636904 2.139603 1.818576 1.617771 1.496013 1.424417 1.383572 1.360955 1.348793 1.342440 1.339214 1.337621 1.336855 1.336496 1.336328 1.336244 1.336187 1.336120 1.336005 1.335784 1.335359 1.334560 1.333096 1.330492 1.325994 1.318452 1.306193 1.286889 1.257474 1.214146 1.152543 1.068131 0.956866 0.816075 0.645439 0.447803 0.229516 0.000000 
50.000000 42.938635 36.118203 29.754994 24.020213 19.026931 14.825926 11.410045 8.725103 6.684478 5.184398 4.117490 3.383061 2.893574 2.577587 2.379934 2.260086 2.189613 2.149407 2.127144 2.115172 2.108919 2.105743 2.104175 2.103421 2.103065 2.102898 2.102810 2.102743 2.102654 2.102492 2.102177 2.101568 2.100417 2.098301 2.094518 2.087947 2.076869 2.058745 2.030008 1.985883 1.920354 1.826368 1.696408 1.523511 1.302740 1.032901 0.718108 0.368569 0.000000 
50.000000 43.102899 36.441119 30.225917 24.624512 19.747344 15.644012 12.307533 9.684988 7.691773 6.226535 5.184398 4.467015 3.988884 3.680225 3.487153 3.370083 3.301241 3.261966 3.240218 3.228523 3.222414 3.219312 3.217779 3.217042 3.216694 3.216527 3.216435 3.216356 3.216239 3.216020 3.215589 3.214752 3.213163 3.210229 3.204957 3.195749 3.180126 3.154390 3.113267 3.049584 2.954125 2.815825 2.622529 2.362499 2.026756 1.612043 1.123769 0.577831 0.000000 
50.000000 43.333834 36.895103 30.887986 25.474101 20.760188 16.794190 13.569360 11.034556 9.108013 7.691773 6.684478 5.991071 5.528916 5.230566 5.043941 4.930777 4.864232 4.826267 4.805244 4.793939 4.788033 4.785034 4.783552 4.782839 4.782501 4.782336 4.782240 4.782147 4.781999 4.781715 4.781151 4.780051 4.777954 4.774063 4.767035 4.754687 4.733597 4.698595 4.642189 4.554007 4.420420 4.224617 3.947475 3.569631 3.075033 2.455891 1.718162 0.885656 0.000000 
50.000000 43.647959 37.512630 31.788564 26.629760 22.137929 18.358756 15.285818 12.870387 11.034556 9.684988 8.725103 8.064325 7.623911 7.339594 7.161743 7.053899 6.990481 6.954299 6.934263 6.923489 6.917860 6.915001 6.913589 6.912908 6.912584 6.912424 6.912323 6.912217 6.912037 6.911685 6.910982 6.909604 6.906967 6.902049 6.893118 6.877332 6.850179 6.804749 6.730863 6.614136 6.435194 6.169379 5.787513 5.258413 4.553924 3.656834 2.570875 1.329820 0.000000 
50.000000 44.061238 38.325082 32.973418 28.150224 23.950594 20.417242 17.544167 15.285818 13.569360 12.307533 11.410045 10.792213 10.380417 10.114571 9.948273 9.847432 9.788131 9.754298 9.735562 9.725487 9.720223 9.717550 9.716229 9.715591 9.715287 9.715133 9.715030 9.714912 9.714703 9.714288 9.713456 9.711819 9.708671 9.702774 9.692008 9.672855 9.639670 9.583677 9.491708 9.344743 9.116439 8.772084 8.268705 7.557508 6.590224 5.330922 3.773607 1.961905 0.000000 
50.000000 44.586993 39.358649 34.480748 30.084518 26.256633 23.036030 20.417242 18.358756 16.794190 15.644012 14.825926 14.262748 13.887375 13.645040 13.493446 13.401520 13.347461 13.316618 13.299538 13.290352 13.285553 13.283116 13.281912 13.281330 13.281050 13.280906 13.280805 13.280678 13.280449 13.279988 13.279059 13.277223 13.273681 13.267013 13.254774 13.232864 13.194618 13.129519 13.021483 12.846715 12.571243 12.148538 11.518015 10.606066 9.332368 7.625499 5.451842 2.856670 0.000000 
50.000000 45.233555 40.629710 36.334439 32.463294 29.092596 26.256633 23.950594 22.137929 20.760188 19.747344 19.026931 18.530986 18.200422 17.987011 17.853510 17.772554 17.724945 17.697782 17.682739 17.674649 17.670422 17.668275 17.667214 17.666701 17.666454 17.666324 17.666227 17.666099 17.665862 17.665382 17.664412 17.662488 17.658761 17.651715 17.638713 17.615296 17.574121 17.503420 17.384845 17.190557 16.879516 16.393086 15.650567 14.546298 12.952167 10.733224 7.789087 4.133738 0.000000 
50.000000 46.002017 42.140416 38.537632 35.290586 32.463294 30.084518 28.150224 26.629760 25.474101 24.624512 24.020213 23.604199 23.326908 23.147888 23.035898 22.967986 22.928048 22.905261 22.892641 22.885854 22.882308 22.880507 22.879616 22.879186 22.878977 22.878865 22.878778 22.878658 22.878432 22.877971 22.877036 22.875176 22.871560 22.864697 22.851973 22.828927 22.788123 22.717473 22.597756 22.399068 22.075835 21.560001 20.752150 19.511127 17.645293 14.915643 11.077190 6.011095 0.000000 
50.000000 46.884563 43.875398 41.067913 38.537632 36.334439 34.480748 32.973418 31.788564 30.887986 30.225917 29.754994 29.430795 29.214702 29.075189 28.987914 28.934988 28.903862 28.886103 28.876268 28.870978 28.868215 28.866811 28.866117 28.865780 28.865617 28.865528 28.865457 28.865355 28.865159 28.864760 28.863949 28.862330 28.859175 28.853167 28.841981 28.821621 28.785357 28.722093 28.613874 28.432096 28.131730 27.642496 26.855249 25.601216 23.621988 20.533957 15.817209 8.947537 0.000000 
50.000000 47.863792 45.800452 43.875398 42.140416 40.629710 39.358649 38.325082 37.512630 36.895103 36.441119 36.118203 35.895896 35.747716 35.652049 35.592201 35.555908 35.534564 35.522386 35.515641 35.512014 35.510119 35.509156 35.508680 35.508449 35.508337 35.508275 35.508224 35.508149 35.508005 35.507711 35.507110 35.505909 35.503564 35.499085 35.490723 35.475442 35.448093 35.400095 35.317351 35.176942 34.941756 34.551475 33.906807 32.840623 31.063226 28.058189 22.900226 14.058525 0.000000 
50.000000 48.913363 47.863792 46.884563 46.002017 45.233555 44.586993 44.061238 43.647959 43.333834 43.102899 42.938635 42.825550 42.750172 42.701507 42.671063 42.652601 42.641743 42.635548 42.632117 42.630271 42.629307 42.628817 42.628575 42.628458 42.628400 42.628369 42.628342 42.628303 42.628226 42.628069 42.627749 42.627109 42.625857 42.623462 42.618980 42.610771 42.596034 42.570066 42.525068 42.448178 42.318139 42.099333 41.730323 41.099817 39.990922 37.937026 33.805266 24.456681 0.000000 
50.000000 50.000000 50.000000 50.000000 50.000000 50.000000 50.000000 50.000000 50.000000 50.000000 50.000000 50.000000 50.000000 50.000000 50.000000 50.000000 50.000000 50.000000 50.000000 50.000000 50.000000 50.000000 50.000000 50.000000 50.000000 50.000000 50.000000 50.000000 50.000000 50.000000 50.000000 50.000000 50.000000 50.000000 50.000000 50.000000 50.000000 50.000000 50.000000 50.000000 50.000000 50.000000 50.000000 50.000000 50.000000 50.000000 50.000000 50.000000 50.000000 50.000000 
