50.000000 50.000000 50.000000 50.000000 50.000000 50.000000 50.000000 50.000000 50.000000 50.000000 50.000000 50.000000 50.000000 50.000000 50.000000 50.000000 50.000000 50.000000 50.000000 50.000000 50.000000 50.000000 50.000000 50.000000 50.000000 50.000000 50.000000 50.000000 50.000000 50.000000 50.000000 50.000000 50.000000 50.000000 50.000000 50.000000 50.000000 50.000000 50.000000 50.000000 50.000000 50.000000 50.000000 50.000000 50.000000 50.000000 50.000000 50.000000 50.000000 50.000000 
50.000000 41.448147 35.154457 31.637301 30.087757 29.531394 29.364129 29.321102 29.311465 29.309560 29.309223 29.309170 29.309162 29.309161 29.309161 29.309161 29.309161 29.309161 29.309161 29.309161 29.309161 29.309161 29.309161 29.309161 29.309161 29.309161 29.309161 29.309161 29.309161 29.309161 29.309161 29.309161 29.309161 29.309161 29.309161 29.309161 29.309161 29.309161 29.309160 29.309157 29.309133 29.308975 29.308020 29.302773 29.276651 29.159099 28.680255 26.899356 20.724073 0.000000 
50.000000 35.154457 24.231632 18.130104 15.443410 14.479345 14.189702 14.115247 14.098585 14.095293 14.094711 14.094619 14.094606 14.094604 14.094604 14.094604 14.094604 14.094604 14.094604 14.094604 14.094604 14.094604 14.094604 14.094604 14.094604 14.094604 14.094604 14.094604 14.094604 14.094604 14.094604 14.094604 14.094604 14.094604 14.094604 14.094604 14.094604 14.094603 14.094603 14.094599 14.094573 14.094401 14.093376 14.087865 14.061290 13.947386 13.518064 12.115816 8.255100 0.000000 
50.000000 31.637301 18.130104 10.588215 7.269121 6.078885 5.721536 5.629743 5.609216 5.605164 5.604449 5.604335 5.604319 5.604317 5.604316 5.604316 5.604316 5.604316 5.604316 5.604316 5.604316 5.604316 5.604316 5.604316 5.604316 5.604316 5.604316 5.604316 5.604316 5.604316 5.604316 5.604316 5.604316 5.604316 5.604316 5.604316 5.604316 5.604316 5.604316 5.604314 5.604297 5.604191 5.603569 5.600282 5.584846 5.521151 5.294107 4.612040 2.957047 0.000000 
50.000000 30.087757 15.443410 7.269121 3.673135 2.384182 1.997383 1.898076 1.875880 1.871500 1.870729 1.870606 1.870588 1.870586 1.870585 1.870585 1.870585 1.870585 1.870585 1.870585 1.870585 1.870585 1.870585 1.870585 1.870585 1.870585 1.870585 1.870585 1.870585 1.870585 1.870585 1.870585 1.870585 1.870585 1.870585 1.870585 1.870585 1.870585 1.870585 1.870584 1.870577 1.870531 1.870262 1.868862 1.862418 1.836567 1.747970 1.496023 0.928658 0.000000 
50.000000 29.531394 14.479345 6.078885 2.384182 1.060161 0.662941 0.560987 0.538206 0.533711 0.532920 0.532794 0.532776 0.532773 0.532773 0.532773 0.532773 0.532773 0.532773 0.532773 0.532773 0.532773 0.532773 0.532773 0.532773 0.532773 0.532773 0.532773 0.532773 0.532773 0.532773 0.532773 0.532773 0.532773 0.532773 0.532773 0.532773 0.532773 0.532773 0.532772 0.532770 0.532754 0.532663 0.532197 0.530081 0.521763 0.494038 0.418055 0.254742 0.000000 
50.000000 29.364129 14.189702 5.721536 1.997383 0.662941 0.262637 0.159903 0.136950 0.132423 0.131625 0.131498 0.131480 0.131477 0.131477 0.131477 0.131477 0.131477 0.131477 0.131477 0.131477 0.131477 0.131477 0.131477 0.131477 0.131477 0.131477 0.131477 0.131477 0.131477 0.131477 0.131477 0.131477 0.131477 0.131477 0.131477 0.131477 0.131477 0.131477 0.131477 0.131476 0.131472 0.131447 0.131319 0.130744 0.128521 0.121254 0.101837 0.061356 0.000000 
50.000000 29.321102 14.115247 5.629743 1.898076 0.560987 0.159903 0.056972 0.033976 0.029440 0.028641 0.028514 0.028496 0.028493 0.028493 0.028493 0.028493 0.028493 0.028493 0.028493 0.028493 0.028493 0.028493 0.028493 0.028493 0.028493 0.028493 0.028493 0.028493 0.028493 0.028493 0.028493 0.028493 0.028493 0.028493 0.028493 0.028493 0.028493 0.028493 0.028493 0.028493 0.028492 0.028486 0.028456 0.028323 0.027814 0.026175 0.021871 0.013082 0.000000 
50.000000 29.311465 14.098585 5.609216 1.875880 0.538206 0.136950 0.033976 0.010971 0.006433 0.005634 0.005507 0.005488 0.005486 0.005486 0.005486 0.005486 0.005486 0.005486 0.005486 0.005486 0.005486 0.005486 0.005486 0.005486 0.005486 0.005486 0.005486 0.005486 0.005486 0.005486 0.005486 0.005486 0.005486 0.005486 0.005486 0.005486 0.005486 0.005486 0.005486 0.005486 0.005485 0.005484 0.005478 0.005451 0.005350 0.005025 0.004184 0.002490 0.000000 
50.000000 29.309560 14.095293 5.605164 1.871500 0.533711 0.132423 0.029440 0.006433 0.001895 0.001096 0.000969 0.000950 0.000948 0.000948 0.000948 0.000948 0.000948 0.000948 0.000948 0.000948 0.000948 0.000948 0.000948 0.000948 0.000948 0.000948 0.000948 0.000948 0.000948 0.000948 0.000948 0.000948 0.000948 0.000948 0.000948 0.000948 0.000948 0.000948 0.000948 0.000948 0.000948 0.000947 0.000946 0.000941 0.000923 0.000866 0.000720 0.000427 0.000000 
50.000000 29.309223 14.094711 5.604449 1.870729 0.532920 0.131625 0.028641 0.005634 0.001096 0.000296 0.000169 0.000151 0.000148 0.000148 0.000148 0.000148 0.000148 0.000148 0.000148 0.000148 0.000148 0.000148 0.000148 0.000148 0.000148 0.000148 0.000148 0.000148 0.000148 0.000148 0.000148 0.000148 0.000148 0.000148 0.000148 0.000148 0.000148 0.000148 0.000148 0.000148 0.000148 0.000148 0.000148 0.000147 0.000144 0.000135 0.000112 0.000066 0.000000 
50.000000 29.309170 14.094619 5.604335 1.870606 0.532794 0.131498 0.028514 0.005507 0.000969 0.000169 0.000042 0.000024 0.000021 0.000021 0.000021 0.000021 0.000021 0.000021 0.000021 0.000021 0.000021 0.000021 0.000021 0.000021 0.000021 0.000021 0.000021 0.000021 0.000021 0.000021 0.000021 0.000021 0.000021 0.000021 0.000021 0.000021 0.000021 0.000021 0.000021 0.000021 0.000021 0.000021 0.000021 0.000021 0.000021 0.000019 0.000016 0.000009 0.000000 
50.000000 29.309162 14.094606 5.604319 1.870588 0.532776 0.131480 0.028496 0.005488 0.000950 0.000151 0.000024 0.000006 0.000003 0.000003 0.000003 0.000003 0.000003 0.000003 0.000003 0.000003 0.000003 0.000003 0.000003 0.000003 0.000003 0.000003 0.000003 0.000003 0.000003 0.000003 0.000003 0.000003 0.000003 0.000003 0.000003 0.000003 0.000003 0.000003 0.000003 0.000003 0.000003 0.000003 0.000003 0.000003 0.000003 0.000003 0.000002 0.000001 0.000000 
50.000000 29.309161 14.094604 5.604317 1.870586 0.532773 0.131477 0.028493 0.005486 0.000948 0.000148 0.000021 0.000003 0.000001 0.000000 0.000000 0.000000 0.000000 0.000000 0.000000 0.000000 0.000000 0.000000 0.000000 0.000000 0.000000 0.000000 0.000000 0.000000 0.000000 0.000000 0.000000 0.000000 0.000000 0.000000 0.000000 0.000000 0.000000 0.000000 0.000000 0.000000 0.000000 0.000000 0.000000 0.000000 0.000000 0.000000 0.000000 0.000000 0.000000 
50.000000 29.309161 14.094604 5.604316 1.870585 0.532773 0.131477 0.028493 0.005486 0.000948 0.000148 0.000021 0.000003 0.000000 0.000000 0.000000 0.000000 0.000000 0.000000 0.000000 0.000000 0.000000 0.000000 0.000000 0.000000 0.000000 0.000000 0.000000 0.000000 0.000000 0.000000 0.000000 0.000000 0.000000 0.000000 0.000000 0.000000 0.000000 0.000000 0.000000 0.000000 0.000000 0.000000 0.000000 0.000000 0.000000 0.000000 0.000000 0.000000 0.000000 
50.000000 29.309161 14.094604 5.604316 1.870585 0.532773 0.131477 0.028493 0.005486 0.000948 0.000148 0.000021 0.000003 0.000000 0.000000 0.000000 0.000000 0.000000 0.000000 0.000000 0.000000 0.000000 0.000000 0.000000 0.000000 0.000000 0.000000 0.000000 0.000000 0.000000 0.000000 0.000000 0.000000 0.000000 0.000000 0.000000 0.000000 0.000000 0.000000 0.000000 0.000000 0.000000 0.000000 0.000000 0.000000 0.000000 0.000000 0.000000 0.000000 0.000000 
50.000000 29.309161 14.094604 5.604316 1.870585 0.532773 0.131477 0.028493 0.005486 0.000948 0.000148 0.000021 0.000003 0.000000 0.000000 0.000000 0.000000 0.000000 0.000000 0.000000 0.000000 0.000000 0.000000 0.000000 0.000000 0.000000 0.000000 0.000000 0.000000 0.000000 0.000000 0.000000 0.000000 0.000000 0.000000 0.000000 0.000000 0.000000 0.000000 0.000000 0.000000 0.000000 0.000000 0.000000 0.000000 0.000000 0.000000 0.000000 0.000000 0.000000 
50.000000 29.309161 14.094604 5.604316 1.870585 0.532773 0.131477 0.028493 0.005486 0.000948 0.000148 0.000021 0.000003 0.000000 0.000000 0.000000 0.000000 0.000000 0.000000 0.000000 0.000000 0.000000 0.000000 0.000000 0.000000 0.000000 0.000000 0.000000 0.000000 0.000000 0.000000 0.000000 0.000000 0.000000 0.000000 0.000000 0.000000 0.000000 0.000000 0.000000 0.000000 0.000000 0.000000 0.000000 0.000000 0.000000 0.000000 0.000000 0.000000 0.000000 
50.000000 29.309161 14.094604 5.604316 1.870585 0.532773 0.131477 0.028493 0.005486 0.000948 0.000148 0.000021 0.000003 0.000000 0.000000 0.000000 0.000000 0.000000 0.000000 0.000000 0.000000 0.000000 0.000000 0.000000 0.000000 0.000000 0.000000 0.000000 0.000000 0.000000 0.000000 0.000000 0.000000 0.000000 0.000000 0.000000 0.000000 0.000000 0.000000 0.000000 0.000000 0.000000 0.000000 0.000000 0.000000 0.000000 0.000000 0.000000 0.000000 0.000000 
50.000000 29.309161 14.094604 5.604316 1.870585 0.532773 0.131477 0.028493 0.005486 0.000948 0.000148 0.000021 0.000003 0.000000 0.000000 0.000000 0.000000 0.000000 0.000000 0.000000 0.000000 0.000000 0.000000 0.000000 0.000000 0.000000 0.000000 0.000000 0.000000 0.000000 0.000000 0.000000 0.000000 0.000000 0.000000 0.000000 0.000000 0.000000 0.000000 0.000000 0.000000 0.000000 0.000000 0.000000 0.000000 0.000000 0.000000 0.000000 0.000000 0.000000 
50.000000 29.309161 14.094604 5.604316 1.870585 0.532773 0.131477 0.028493 0.005486 0.000948 0.000148 0.000021 0.000003 0.000000 0.000000 0.000000 0.000000 0.000000 0.000000 0.000000 0.000000 0.000000 0.000000 0.000000 0.000000 0.000000 0.000000 0.000000 0.000000 0.000000 0.000000 0.000000 0.000000 0.000000 0.000000 0.000000 0.000000 0.000000 0.000000 0.000000 0.000000 0.000000 0.000000 0.000000 0.000000 0.000000 0.000000 0.000000 0.000000 0.000000 
50.000000 29.309161 14.094604 5.604316 1.870585 0.532773 0.131477 0.028493 0.005486 0.000948 0.000148 0.000021 0.000003 0.000000 0.000000 0.000000 0.000000 0.000000 0.000000 0.000000 0.000000 0.000000 0.000000 0.000000 0.000000 0.000000 0.000000 0.000000 0.000000 0.000000 0.000000 0.000000 0.000000 0.000000 0.000000 0.000000 0.000000 0.000000 0.000000 0.000000 0.000000 0.000000 0.000000 0.000000 0.000000 0.000000 0.000000 0.000000 0.000000 0.000000 
50.000000 29.309161 14.094604 5.604316 1.870585 0.532773 0.131477 0.028493 0.005486 0.000948 0.000148 0.000021 0.000003 0.000000 0.000000 0.000000 0.000000 0.000000 0.000000 0.000000 0.000000 0.000000 0.000000 0.000000 0.000000 0.000000 0.000000 0.000000 0.000000 0.000000 0.000000 0.000000 0.000000 0.000000 0.000000 0.000000 0.000000 0.000000 0.000000 0.000000 0.000000 0.000000 0.000000 0.000000 0.000000 0.000000 0.000000 0.000000 0.000000 0.000000 
50.000000 29.309161 14.094604 5.604316 1.870585 0.532773 0.131477 0.028493 0.005486 0.000948 0.000148 0.000021 0.000003 0.000000 0.000000 0.000000 0.000000 0.000000 0.000000 0.000000 0.000000 0.000000 0.000000 0.000000 0.000000 0.000000 0.000000 0.000000 0.000000 0.000000 0.000000 0.000000 0.000000 0.000000 0.000000 0.000000 0.000000 0.000000 0.000000 0.000000 0.000000 0.000000 0.000000 0.000000 0.000000 0.000000 0.000000 0.000000 0.000000 0.000000 
50.000000 29.309161 14.094604 5.604316 1.870585 0.532773 0.131477 0.028493 0.005486 0.000948 0.000148 0.000021 0.000003 0.000000 0.000000 0.000000 0.000000 0.000000 0.000000 0.000000 0.000000 0.000000 0.000000 0.000000 0.000000 0.000000 0.000000 0.000000 0.000000 0.000000 0.000000 0.000000 0.000000 0.000000 0.000000 0.000000 0.000000 0.000000 0.000000 0.000000 0.000000 0.000000 0.000000 0.000000 0.000000 0.000000 0.000000 0.000000 0.000000 0.000000 
50.000000 29.309161 14.094604 5.604316 1.870585 0.532773 0.131477 0.028493 0.005486 0.000948 0.000148 0.000021 0.000003 0.000000 0.000000 0.000000 0.000000 0.000000 0.000000 0.000000 0.000000 0.000000 0.000000 0.000000 0.000000 0.000000 0.000000 0.000000 0.000000 0.000000 0.000000 0.000000 0.000000 0.000000 0.000000 0.000000 0.000000 0.000000 0.000000 0.000000 0.000000 0.000000 0.000000 0.000000 0.000000 0.000000 0.000000 0.000000 0.000000 0.000000 
50.000000 29.309161 14.094604 5.604316 1.870585 0.532773 0.131477 0.028493 0.005486 0.000948 0.000148 0.000021 0.000003 0.000000 0.000000 0.000000 0.000000 0.000000 0.000000 0.000000 0.000000 0.000000 0.000000 0.000000 0.000000 0.000000 0.000000 0.000000 0.000000 0.000000 0.000000 0.000000 0.000000 0.000000 0.000000 0.000000 0.000000 0.000000 0.000000 0.000000 0.000000 0.000000 0.000000 0.000000 0.000000 0.000000 0.000000 0.000000 0.000000 0.000000 
50.000000 29.309161 14.094604 5.604316 1.870585 0.532773 0.131477 0.028493 0.005486 0.000948 0.000148 0.000021 0.000003 0.000000 0.000000 0.000000 0.000000 0.000000 0.000000 0.000000 0.000000 0.000000 0.000000 0.000000 0.000000 0.000000 0.000000 0.000000 0.000000 0.000000 0.000000 0.000000 0.000000 0.000000 0.000000 0.000000 0.000000 0.000000 0.000000 0.000000 0.000000 0.000000 0.000000 0.000000 0.000000 0.000000 0.000000 0.000000 0.000000 0.000000 
50.000000 29.309161 14.094604 5.604316 1.870585 0.532773 0.131477 0.028493 0.005486 0.000948 0.000148 0.000021 0.000003 0.000000 0.000000 0.000000 0.000000 0.000000 0.000000 0.000000 0.000000 0.000000 0.000000 0.000000 0.000000 0.000000 0.000000 0.000000 0.000000 0.000000 0.000000 0.000000 0.000000 0.000000 0.000000 0.000000 0.000000 0.000000 0.000000 0.000000 0.000000 0.000000 0.000000 0.000000 0.000000 0.000000 0.000000 0.000000 0.000000 0.000000 
50.000000 29.309161 14.094604 5.604316 1.870585 0.532773 0.131477 0.028493 0.005486 0.000948 0.000148 0.000021 0.000003 0.000000 0.000000 0.000000 0.000000 0.000000 0.000000 0.000000 0.000000 0.000000 0.000000 0.000000 0.000000 0.000000 0.000000 0.000000 0.000000 0.000000 0.000000 0.000000 0.000000 0.000000 0.000000 0.000000 0.000000 0.000000 0.000000 0.000000 0.000000 0.000000 0.000000 0.000000 0.000000 0.000000 0.000000 0.000000 0.000000 0.000000 
50.000000 29.309161 14.094604 5.604316 1.870585 0.532773 0.131477 0.028493 0.005486 0.000948 0.000148 0.000021 0.000003 0.000000 0.000000 0.000000 0.000000 0.000000 0.000000 0.000000 0.000000 0.000000 0.000000 0.000000 0.000000 0.000000 0.000000 0.000000 0.000000 0.000000 0.000000 0.000000 0.000000 0.000000 0.000000 0.000000 0.000000 0.000000 0.000000 0.000000 0.000000 0.000000 0.000000 0.000000 0.000000 0.000000 0.000000 0.000000 0.000000 0.000000 
50.000000 29.309161 14.094604 5.604316 1.870585 0.532773 0.131477 0.028493 0.005486 0.000948 0.000148 0.000021 0.000003 0.000000 0.000000 0.000000 0.000000 0.000000 0.000000 0.000000 0.000000 0.000000 0.000000 0.000000 0.000000 0.000000 0.000000 0.000000 0.000000 0.000000 0.000000 0.000000 0.000000 0.000000 0.000000 0.000000 0.000000 0.000000 0.000000 0.000000 0.000000 0.000000 0.000000 0.000000 0.000000 0.000000 0.000000 0.000000 0.000000 0.000000 
50.000000 29.309161 14.094604 5.604316 1.870585 0.532773 0.131477 0.028493 0.005486 0.000948 0.000148 0.000021 0.000003 0.000000 0.000000 0.000000 0.000000 0.000000 0.000000 0.000000 0.000000 0.000000 0.000000 0.000000 0.000000 0.000000 0.000000 0.000000 0.000000 0.000000 0.000000 0.000000 0.000000 0.000000 0.000000 0.000000 0.000000 0.000000 0.000000 0.000000 0.000000 0.000000 0.000000 0.000000 0.000000 0.000000 0.000000 0.000000 0.000000 0.000000 
50.000000 29.309161 14.094604 5.604316 1.870585 0.532773 0.131477 0.028493 0.005486 0.000948 0.000148 0.000021 0.000003 0.000000 0.000000 0.000000 0.000000 0.000000 0.000000 0.000000 0.000000 0.000000 0.000000 0.000000 0.000000 0.000000 0.000000 0.000000 0.000000 0.000000 0.000000 0.000000 0.000000 0.000000 0.000000 0.000000 0.000000 0.000000 0.000000 0.000000 0.000000 0.000000 0.000000 0.000000 0.000000 0.000000 0.000000 0.000000 0.000000 0.000000 
50.000000 29.309161 14.094604 5.604316 1.870585 0.532773 0.131477 0.028493 0.005486 0.000948 0.000148 0.000021 0.000003 0.000000 0.000000 0.000000 0.000000 0.000000 0.000000 0.000000 0.000000 0.000000 0.000000 0.000000 0.000000 0.000000 0.000000 0.000000 0.000000 0.000000 0.000000 0.000000 0.000000 0.000000 0.000000 0.000000 0.000000 0.000000 0.000000 0.000000 0.000000 0.000000 0.000000 0.000000 0.000000 0.000000 0.000000 0.000000 0.000000 0.000000 
50.000000 29.309161 14.094604 5.604316 1.870585 0.532773 0.131477 0.028493 0.005486 0.000948 0.000148 0.000021 0.000003 0.000000 0.000000 0.000000 0.000000 0.000000 0.000000 0.000000 0.000000 0.000000 0.000000 0.000000 0.000000 0.000000 0.000000 0.000000 0.000000 0.000000 0.000000 0.000000 0.000000 0.000000 0.000000 0.000000 0.000000 0.000000 0.000000 0.000000 0.000000 0.000000 0.000000 0.000000 0.000000 0.000000 0.000000 0.000000 0.000000 0.000000 
50.000000 29.309161 14.094604 5.604317 1.870586 0.532773 0.131477 0.028493 0.005486 0.000948 0.000148 0.000021 0.000003 0.000001 0.000000 0.000000 0.000000 0.000000 0.000000 0.000000 0.000000 0.000000 0.000000 0.000000 0.000000 0.000000 0.000000 0.000000 0.000000 0.000000 0.000000 0.000000 0.000000 0.000000 0.000000 0.000000 0.000000 0.000000 0.000000 0.000000 0.000000 0.000000 0.000000 0.000000 0.000000 0.000000 0.000000 0.000000 0.000000 0.000000 
50.000000 29.309162 14.094606 5.604319 1.870588 0.532776 0.131480 0.028496 0.005488 0.000950 0.000151 0.000024 0.000006 0.000003 0.000003 0.000003 0.000003 0.000003 0.000003 0.000003 0.000003 0.000003 0.000003 0.000003 0.000003 0.000003 0.000003 0.000003 0.000003 0.000003 0.000003 0.000003 0.000003 0.000003 0.000003 0.000003 0.000003 0.000003 0.000003 0.000003 0.000003 0.000003 0.000003 0.000003 0.000003 0.000003 0.000003 0.000002 0.000001 0.000000 
50.000000 29.309170 14.094619 5.604335 1.870606 0.532794 0.131498 0.028514 0.005507 0.000969 0.000169 0.000042 0.000024 0.000021 0.000021 0.000021 0.000021 0.000021 0.000021 0.000021 0.000021 0.000021 0.000021 0.000021 0.000021 0.000021 0.000021 0.000021 0.000021 0.000021 0.000021 0.000021 0.000021 0.000021 0.000021 0.000021 0.000021 0.000021 0.000021 0.000021 0.000021 0.000021 0.000021 0.000021 0.000021 0.000021 0.000019 0.000016 0.000009 0.000000 
50.000000 29.309223 14.094711 5.604449 1.870729 0.532920 0.131625 0.028641 0.005634 0.001096 0.000296 0.000169 0.000151 0.000148 0.000148 0.000148 0.000148 0.000148 0.000148 0.000148 0.000148 0.000148 0.000148 0.000148 0.000148 0.000148 0.000148 0.000148 0.000148 0.000148 0.000148 0.000148 0.000148 0.000148 0.000148 0.000148 0.000148 0.000148 0.000148 0.000148 0.000148 0.000148 0.000148 0.000148 0.000147 0.000144 0.000135 0.000112 0.000066 0.000000 
50.000000 29.309560 14.095293 5.605164 1.871500 0.533711 0.132423 0.029440 0.006433 0.001895 0.001096 0.000969 0.000950 0.000948 0.000948 0.000948 0.000948 0.000948 0.000948 0.000948 0.000948 0.000948 0.000948 0.000948 0.000948 0.000948 0.000948 0.000948 0.000948 0.000948 0.000948 0.000948 0.000948 0.000948 0.000948 0.000948 0.000948 0.000948 0.000948 0.000948 0.000948 0.000948 0.000947 0.000946 0.000941 0.000923 0.000866 0.000720 0.000427 0.000000 
50.000000 29.311465 14.098585 5.609216 1.875880 0.538206 0.136950 0.033976 0.010971 0.006433 0.005634 0.005507 0.005488 0.005486 0.005486 0.005486 0.005486 0.005486 0.005486 0.005486 0.005486 0.005486 0.005486 0.005486 0.005486 0.005486 0.005486 0.005486 0.005486 0.005486 0.005486 0.005486 0.005486 0.005486 0.005486 0.005486 0.005486 0.005486 0.005486 0.005486 0.005486 0.005485 0.005484 0.005478 0.005451 0.005350 0.005025 0.004184 0.002490 0.000000 
50.000000 29.321102 14.115247 5.629743 1.898076 0.560987 0.159903 0.056972 0.033976 0.029440 0.028641 0.028514 0.028496 0.028493 0.028493 0.028493 0.028493 0.028493 0.028493 0.028493 0.028493 0.028493 0.028493 0.028493 0.028493 0.028493 0.028493 0.028493 0.028493 0.028493 0.028493 0.028493 0.028493 0.028493 0.028493 0.028493 0.028493 0.028493 0.028493 0.028493 0.028493 0.028492 0.028486 0.028456 0.028323 0.027814 0.026175 0.021871 0.013082 0.000000 
50.000000 29.364129 14.189702 5.721536 1.997383 0.662941 0.262637 0.159903 0.136950 0.132423 0.131625 0.131498 0.131480 0.131477 0.131477 0.131477 0.131477 0.131477 0.131477 0.131477 0.131477 0.131477 0.131477 0.131477 0.131477 0.131477 0.131477 0.131477 0.131477 0.131477 0.131477 0.131477 0.131477 0.131477 0.131477 0.131477 0.131477 0.131477 0.131477 0.131477 0.131476 0.131472 0.131447 0.131319 0.130744 0.128521 0.121254 0.101837 0.061356 0.000000 
50.000000 29.531394 14.479345 6.078885 2.384182 1.060161 0.662941 0.560987 0.538206 0.533711 0.532920 0.532794 0.532776 0.532773 0.532773 0.532773 0.532773 0.532773 0.532773 0.532773 0.532773 0.532773 0.532773 0.532773 0.532773 0.532773 0.532773 0.532773 0.532773 0.532773 0.532773 0.532773 0.532773 0.532773 0.532773 0.532773 0.532773 0.532773 0.532773 0.532772 0.532770 0.532754 0.532663 0.532197 0.530081 0.521763 0.494038 0.418055 0.254742 0.000000 
50.000000 30.087757 15.443410 7.269121 3.673135 2.384182 1.997383 1.898076 1.875880 1.871500 1.870729 1.870606 1.870588 1.870586 1.870585 1.870585 1.870585 1.870585 1.870585 1.870585 1.870585 1.870585 1.870585 1.870585 1.870585 1.870585 1.870585 1.870585 1.870585 1.870585 1.870585 1.870585 1.870585 1.870585 1.870585 1.870585 1.870585 1.870585 1.870585 1.870584 1.870577 1.870531 1.870262 1.868862 1.862418 1.836567 1.747970 1.496023 0.928658 0.000000 
50.000000 31.637301 18.130104 10.588215 7.269121 6.078885 5.721536 5.629743 5.609216 5.605164 5.604449 5.604335 5.604319 5.604317 5.604316 5.604316 5.604316 5.604316 5.604316 5.604316 5.604316 5.604316 5.604316 5.604316 5.604316 5.604316 5.604316 5.604316 5.604316 5.604316 5.604316 5.604316 5.604316 5.604316 5.604316 5.604316 5.604316 5.604316 5.604316 5.604314 5.604297 5.604191 5.603569 5.600282 5.584846 5.521151 5.294107 4.612040 2.957047 0.000000 
50.000000 35.154457 24.231632 18.130104 15.443410 14.479345 14.189702 14.115247 14.098585 14.095293 14.094711 14.094619 14.094606 14.094604 14.094604 14.094604 14.094604 14.094604 14.094604 14.094604 14.094604 14.094604 14.094604 14.094604 14.094604 14.094604 14.094604 14.094604 14.094604 14.094604 14.094604 14.094604 14.094604 14.094604 14.094604 14.094604 14.094604 14.094603 14.094603 14.094599 14.094573 14.094401 14.093376 14.087865 14.061290 13.947386 13.518064 12.115816 8.255100 0.000000 
50.000000 41.448147 35.154457 31.637301 30.087757 29.531394 29.364129 29.321102 29.311465 29.309560 29.309223 29.309170 29.309162 29.309161 29.309161 29.309161 29.309161 29.309161 29.309161 29.309161 29.309161 29.309161 29.309161 29.309161 29.309161 29.309161 29.309161 29.309161 29.309161 29.309161 29.309161 29.309161 29.309161 29.309161 29.309161 29.309161 29.309161 29.309161 29.309160 29.309157 29.309133 29.308975 29.308020 29.302773 29.276651 29.159099 28.680255 26.899356 20.724073 0.000000 
50.000000 50.000000 50.000000 50.000000 50.000000 50.000000 50.000000 50.000000 50.000000 50.000000 50.000000 50.000000 50.000000 50.000000 50.000000 50.000000 50.000000 50.000000 50.000000 50.000000 50.000000 50.000000 50.000000 50.000000 50.000000 50.000000 50.000000 50.000000 50.000000 50.000000 50.000000 50.000000 50.000000 50.000000 50.000000 50.000000 50.000000 50.000000 50.000000 50.000000 50.000000 50.000000 50.000000 50.000000 50.000000 50.000000 50.000000 50.000000 50.000000 50.000000 
