50.000000 50.000000 50.000000 50.000000 50.000000 50.000000 50.000000 50.000000 50.000000 50.000000 50.000000 50.000000 50.000000 50.000000 50.000000 50.000000 50.000000 50.000000 50.000000 50.000000 50.000000 50.000000 50.000000 50.000000 50.000000 50.000000 50.000000 50.000000 50.000000 50.000000 50.000000 50.000000 50.000000 50.000000 50.000000 50.000000 50.000000 50.000000 50.000000 50.000000 50.000000 50.000000 50.000000 50.000000 50.000000 50.000000 50.000000 50.000000 50.000000 50.000000 
50.000000 48.417518 46.913613 45.555171 44.388596 43.435797 42.695304 42.147368 41.761068 41.501387 41.334806 41.232742 41.172960 41.139453 41.121466 41.112209 41.107636 41.105467 41.104477 41.104043 41.103859 41.103784 41.103755 41.103744 41.103739 41.103738 41.103737 41.103736 41.103735 41.103730 41.103719 41.103689 41.103614 41.103431 41.102999 41.102013 41.099831 41.095147 41.085383 41.065603 41.026563 40.951259 40.808645 40.541627 40.042303 39.095407 37.233460 33.319801 24.208759 0.000000 
50.000000 46.913613 43.980481 41.331060 39.055852 37.197588 35.753398 34.684762 33.931369 33.424925 33.100051 32.901005 32.784419 32.719076 32.683998 32.665945 32.657028 32.652798 32.650868 32.650021 32.649663 32.649517 32.649459 32.649437 32.649429 32.649426 32.649425 32.649424 32.649421 32.649413 32.649392 32.649337 32.649199 32.648866 32.648080 32.646289 32.642334 32.633871 32.616304 32.580905 32.511539 32.379063 32.131719 31.678350 30.858171 29.384525 26.739350 21.990241 13.593812 0.000000 
50.000000 45.555171 41.331060 37.515546 34.238968 31.562862 29.483090 27.944169 26.859237 26.129939 25.662116 25.375491 25.207612 25.113523 25.063015 25.037021 25.024183 25.018092 25.015314 25.014094 25.013578 25.013368 25.013285 25.013254 25.013242 25.013238 25.013236 25.013234 25.013230 25.013220 25.013192 25.013122 25.012944 25.012515 25.011506 25.009213 25.004172 24.993433 24.971282 24.926995 24.841101 24.679303 24.382832 23.853479 22.930992 21.361032 18.757773 14.591710 8.321711 0.000000 
50.000000 44.388596 39.055852 34.238968 30.102494 26.724113 24.098592 22.155875 20.786292 19.865668 19.275127 18.913325 18.701419 18.582657 18.518907 18.486099 18.469895 18.462208 18.458702 18.457163 18.456512 18.456246 18.456142 18.456102 18.456088 18.456082 18.456080 18.456078 18.456074 18.456063 18.456033 18.455956 18.455764 18.455301 18.454216 18.451762 18.446391 18.435022 18.411742 18.365636 18.277281 18.113401 17.819125 17.307551 16.447262 15.051247 12.877936 9.671327 5.293189 0.000000 
50.000000 43.435797 37.197588 31.562862 26.724113 22.772209 19.701016 17.428570 15.826566 14.749733 14.059007 13.635837 13.387995 13.249098 13.174541 13.136173 13.117224 13.108235 13.104135 13.102335 13.101574 13.101264 13.101141 13.101095 13.101078 13.101072 13.101069 13.101067 13.101063 13.101052 13.101023 13.100950 13.100766 13.100324 13.099293 13.096971 13.091917 13.081289 13.059708 13.017396 12.937322 12.791115 12.533707 12.097260 11.386104 10.276851 8.631870 6.339416 3.393494 0.000000 
50.000000 42.695304 35.753398 29.483090 24.098592 19.701016 16.283525 13.754890 11.972315 10.774135 10.005592 9.534760 9.259011 9.104479 9.021533 8.978849 8.957770 8.947770 8.943209 8.941207 8.940361 8.940016 8.939880 8.939828 8.939809 8.939802 8.939800 8.939798 8.939794 8.939784 8.939759 8.939695 8.939535 8.939152 8.938263 8.936269 8.931956 8.922950 8.904816 8.869622 8.803835 8.685505 8.480953 8.141763 7.603756 6.791041 5.629611 4.075049 2.153677 0.000000 
50.000000 42.147368 34.684762 27.944169 22.155875 17.428570 13.754890 11.036743 9.120610 7.832685 7.006597 6.500525 6.204146 6.038058 5.948912 5.903038 5.880385 5.869639 5.864738 5.862587 5.861677 5.861307 5.861161 5.861105 5.861085 5.861078 5.861075 5.861073 5.861070 5.861062 5.861042 5.860990 5.860862 5.860556 5.859850 5.858274 5.854885 5.847858 5.833826 5.806860 5.757039 5.668660 5.518371 5.273937 4.894863 4.336749 3.561337 2.553043 1.338723 0.000000 
50.000000 41.761068 33.931369 26.859237 20.786292 15.826566 11.972315 9.120610 7.110361 5.759204 4.892577 4.361683 4.050775 3.876550 3.783039 3.734921 3.711160 3.699890 3.694749 3.692493 3.691539 3.691150 3.690997 3.690939 3.690918 3.690910 3.690907 3.690906 3.690903 3.690897 3.690882 3.690844 3.690748 3.690521 3.689999 3.688841 3.686365 3.681266 3.671164 3.651929 3.616772 3.555181 3.451950 3.286811 3.035451 2.672891 2.179935 1.552306 0.809808 0.000000 
50.000000 41.501387 33.424925 26.129939 19.865668 14.749733 10.774135 7.832685 5.759204 4.365569 3.471714 2.924151 2.603489 2.423801 2.327361 2.277737 2.253233 2.241610 2.236310 2.233983 2.232999 2.232598 2.232441 2.232381 2.232359 2.232351 2.232348 2.232347 2.232345 2.232341 2.232330 2.232303 2.232237 2.232079 2.231718 2.230921 2.229227 2.225761 2.218944 2.206076 2.182784 2.142432 2.075645 1.970300 1.812410 1.588387 1.288839 0.913386 0.474825 0.000000 
50.000000 41.334806 33.100051 25.662116 19.275127 14.059007 10.005592 7.006597 4.892577 3.471714 2.560409 2.002165 1.675254 1.492068 1.393752 1.343164 1.318185 1.306336 1.300933 1.298562 1.297559 1.297150 1.296989 1.296928 1.296906 1.296898 1.296895 1.296894 1.296892 1.296890 1.296883 1.296865 1.296821 1.296718 1.296484 1.295968 1.294876 1.292657 1.288323 1.280205 1.265638 1.240648 1.199737 1.135970 1.041611 0.909491 0.735122 0.519146 0.269203 0.000000 
50.000000 41.232742 32.901005 25.375491 18.913325 13.635837 9.534760 6.500525 4.361683 2.924151 2.002165 1.437385 1.106651 0.921325 0.821862 0.770685 0.745415 0.733429 0.727963 0.725564 0.724550 0.724136 0.723974 0.723912 0.723889 0.723881 0.723878 0.723877 0.723876 0.723874 0.723870 0.723859 0.723832 0.723768 0.723624 0.723308 0.722644 0.721300 0.718693 0.713842 0.705206 0.690519 0.666698 0.629944 0.576129 0.501582 0.404209 0.284700 0.147359 0.000000 
50.000000 41.172960 32.784419 25.207612 18.701419 13.387995 9.259011 6.204146 4.050775 2.603489 1.675254 1.106651 0.773680 0.587104 0.486970 0.435449 0.410009 0.397942 0.392440 0.390025 0.389004 0.388588 0.388424 0.388362 0.388339 0.388331 0.388328 0.388327 0.388326 0.388325 0.388322 0.388316 0.388300 0.388263 0.388179 0.387996 0.387612 0.386840 0.385350 0.382597 0.377728 0.369509 0.356288 0.336061 0.306706 0.266397 0.214179 0.150548 0.077813 0.000000 
50.000000 41.139453 32.719076 25.113523 18.582657 13.249098 9.104479 6.038058 3.876550 2.423801 1.492068 0.921325 0.587104 0.399827 0.299319 0.247605 0.222070 0.209959 0.204436 0.202012 0.200987 0.200569 0.200405 0.200343 0.200320 0.200312 0.200309 0.200308 0.200307 0.200307 0.200305 0.200302 0.200293 0.200272 0.200226 0.200125 0.199914 0.199492 0.198681 0.197192 0.194574 0.190185 0.183173 0.172523 0.157181 0.136266 0.109352 0.076741 0.039622 0.000000 
50.000000 41.121466 32.683998 25.063015 18.518907 13.174541 9.021533 5.948912 3.783039 2.327361 1.393752 0.821862 0.486970 0.299319 0.198610 0.146793 0.121207 0.109072 0.103538 0.101109 0.100083 0.099664 0.099499 0.099437 0.099414 0.099406 0.099403 0.099402 0.099402 0.099401 0.099400 0.099398 0.099394 0.099383 0.099358 0.099305 0.099195 0.098975 0.098554 0.097785 0.096440 0.094198 0.090638 0.085264 0.077570 0.067145 0.053802 0.037709 0.019453 0.000000 
50.000000 41.112209 32.665945 25.037021 18.486099 13.136173 8.978849 5.903038 3.734921 2.277737 1.343164 0.770685 0.435449 0.247605 0.146793 0.094923 0.069311 0.057163 0.051624 0.049193 0.048165 0.047746 0.047581 0.047518 0.047496 0.047487 0.047485 0.047484 0.047483 0.047483 0.047483 0.047482 0.047479 0.047474 0.047461 0.047435 0.047379 0.047270 0.047061 0.046681 0.046019 0.044922 0.043189 0.040586 0.036880 0.031882 0.025515 0.017865 0.009210 0.000000 
50.000000 41.107636 32.657028 25.024183 18.469895 13.117224 8.957770 5.880385 3.711160 2.253233 1.318185 0.745415 0.410009 0.222070 0.121207 0.069311 0.043686 0.031533 0.025991 0.023558 0.022530 0.022111 0.021946 0.021883 0.021860 0.021852 0.021849 0.021848 0.021848 0.021848 0.021848 0.021847 0.021846 0.021843 0.021837 0.021824 0.021798 0.021746 0.021646 0.021466 0.021154 0.020639 0.019829 0.018618 0.016900 0.014595 0.011668 0.008163 0.004206 0.000000 
50.000000 41.105467 32.652798 25.018092 18.462208 13.108235 8.947770 5.869639 3.699890 2.241610 1.306336 0.733429 0.397942 0.209959 0.109072 0.057163 0.031533 0.019377 0.013833 0.011400 0.010371 0.009952 0.009787 0.009725 0.009702 0.009693 0.009691 0.009690 0.009689 0.009689 0.009689 0.009689 0.009688 0.009687 0.009684 0.009678 0.009666 0.009642 0.009597 0.009515 0.009374 0.009141 0.008777 0.008235 0.007469 0.006444 0.005148 0.003599 0.001853 0.000000 
50.000000 41.104477 32.650868 25.015314 18.458702 13.104135 8.943209 5.864738 3.694749 2.236310 1.300933 0.727963 0.392440 0.204436 0.103538 0.051624 0.025991 0.013833 0.008289 0.005855 0.004827 0.004407 0.004242 0.004180 0.004157 0.004149 0.004146 0.004145 0.004145 0.004144 0.004144 0.004144 0.004144 0.004144 0.004142 0.004140 0.004134 0.004124 0.004104 0.004068 0.004007 0.003906 0.003748 0.003514 0.003185 0.002746 0.002192 0.001532 0.000788 0.000000 
50.000000 41.104043 32.650021 25.014094 18.457163 13.102335 8.941207 5.862587 3.692493 2.233983 1.298562 0.725564 0.390025 0.202012 0.101109 0.049193 0.023558 0.011400 0.005855 0.003422 0.002393 0.001974 0.001809 0.001746 0.001723 0.001715 0.001712 0.001711 0.001711 0.001711 0.001711 0.001711 0.001711 0.001711 0.001710 0.001709 0.001707 0.001702 0.001694 0.001679 0.001653 0.001611 0.001545 0.001448 0.001312 0.001130 0.000901 0.000630 0.000324 0.000000 
50.000000 41.103859 32.649663 25.013578 18.456512 13.101574 8.940361 5.861678 3.691539 2.232999 1.297559 0.724550 0.389004 0.200987 0.100083 0.048165 0.022530 0.010371 0.004827 0.002393 0.001365 0.000945 0.000780 0.000718 0.000695 0.000687 0.000684 0.000683 0.000682 0.000682 0.000682 0.000682 0.000682 0.000682 0.000682 0.000681 0.000681 0.000679 0.000675 0.000669 0.000659 0.000642 0.000615 0.000576 0.000522 0.000449 0.000358 0.000250 0.000129 0.000000 
50.000000 41.103784 32.649517 25.013368 18.456246 13.101264 8.940016 5.861307 3.691150 2.232599 1.297150 0.724136 0.388588 0.200570 0.099664 0.047746 0.022111 0.009952 0.004408 0.001974 0.000945 0.000526 0.000361 0.000298 0.000275 0.000267 0.000264 0.000264 0.000263 0.000263 0.000263 0.000263 0.000263 0.000263 0.000263 0.000263 0.000262 0.000262 0.000260 0.000258 0.000254 0.000247 0.000237 0.000222 0.000201 0.000173 0.000138 0.000096 0.000049 0.000000 
50.000000 41.103755 32.649459 25.013285 18.456142 13.101142 8.939880 5.861161 3.690998 2.232441 1.296990 0.723974 0.388424 0.200406 0.099500 0.047582 0.021946 0.009788 0.004243 0.001809 0.000781 0.000361 0.000196 0.000134 0.000111 0.000103 0.000100 0.000099 0.000099 0.000099 0.000098 0.000098 0.000098 0.000098 0.000098 0.000098 0.000098 0.000098 0.000097 0.000097 0.000095 0.000092 0.000089 0.000083 0.000075 0.000065 0.000051 0.000036 0.000018 0.000000 
50.000000 41.103744 32.649438 25.013254 18.456103 13.101096 8.939829 5.861107 3.690940 2.232382 1.296930 0.723913 0.388363 0.200344 0.099438 0.047520 0.021885 0.009726 0.004181 0.001748 0.000719 0.000300 0.000135 0.000072 0.000049 0.000041 0.000038 0.000037 0.000037 0.000037 0.000037 0.000037 0.000037 0.000037 0.000037 0.000037 0.000037 0.000037 0.000036 0.000036 0.000035 0.000034 0.000033 0.000031 0.000028 0.000024 0.000019 0.000013 0.000007 0.000000 
50.000000 41.103740 32.649431 25.013244 18.456090 13.101081 8.939813 5.861089 3.690922 2.232363 1.296910 0.723893 0.388343 0.200324 0.099418 0.047500 0.021864 0.009706 0.004161 0.001728 0.000699 0.000279 0.000115 0.000052 0.000029 0.000021 0.000018 0.000017 0.000017 0.000017 0.000017 0.000017 0.000017 0.000017 0.000017 0.000017 0.000016 0.000016 0.000016 0.000016 0.000016 0.000016 0.000015 0.000014 0.000013 0.000011 0.000009 0.000006 0.000003 0.000000 
50.000000 41.103740 32.649431 25.013244 18.456090 13.101081 8.939813 5.861089 3.690922 2.232363 1.296910 0.723893 0.388343 0.200324 0.099418 0.047500 0.021864 0.009706 0.004161 0.001728 0.000699 0.000279 0.000115 0.000052 0.000029 0.000021 0.000018 0.000017 0.000017 0.000017 0.000017 0.000017 0.000017 0.000017 0.000017 0.000017 0.000016 0.000016 0.000016 0.000016 0.000016 0.000016 0.000015 0.000014 0.000013 0.000011 0.000009 0.000006 0.000003 0.000000 
50.000000 41.103744 32.649438 25.013254 18.456103 13.101096 8.939829 5.861107 3.690940 2.232382 1.296930 0.723913 0.388363 0.200344 0.099438 0.047520 0.021885 0.009726 0.004181 0.001748 0.000719 0.000300 0.000135 0.000072 0.000049 0.000041 0.000038 0.000037 0.000037 0.000037 0.000037 0.000037 0.000037 0.000037 0.000037 0.000037 0.000037 0.000037 0.000036 0.000036 0.000035 0.000034 0.000033 0.000031 0.000028 0.000024 0.000019 0.000013 0.000007 0.000000 
50.000000 41.103755 32.649459 25.013285 18.456142 13.101142 8.939880 5.861161 3.690998 2.232441 1.296990 0.723974 0.388424 0.200406 0.099500 0.047582 0.021946 0.009788 0.004243 0.001809 0.000781 0.000361 0.000196 0.000134 0.000111 0.000103 0.000100 0.000099 0.000099 0.000099 0.000098 0.000098 0.000098 0.000098 0.000098 0.000098 0.000098 0.000098 0.000097 0.000097 0.000095 0.000092 0.000089 0.000083 0.000075 0.000065 0.000051 0.000036 0.000018 0.000000 
50.000000 41.103784 32.649517 25.013368 18.456246 13.101264 8.940016 5.861307 3.691150 2.232599 1.297150 0.724136 0.388588 0.200570 0.099664 0.047746 0.022111 0.009952 0.004408 0.001974 0.000945 0.000526 0.000361 0.000298 0.000275 0.000267 0.000264 0.000264 0.000263 0.000263 0.000263 0.000263 0.000263 0.000263 0.000263 0.000263 0.000262 0.000262 0.000260 0.000258 0.000254 0.000247 0.000237 0.000222 0.000201 0.000173 0.000138 0.000096 0.000049 0.000000 
50.000000 41.103859 32.649663 25.013578 18.456512 13.101574 8.940361 5.861678 3.691539 2.232999 1.297559 0.724550 0.389004 0.200987 0.100083 0.048165 0.022530 0.010371 0.004827 0.002393 0.001365 0.000945 0.000780 0.000718 0.000695 0.000687 0.000684 0.000683 0.000682 0.000682 0.000682 0.000682 0.000682 0.000682 0.000682 0.000681 0.000681 0.000679 0.000675 0.000669 0.000659 0.000642 0.000615 0.000576 0.000522 0.000449 0.000358 0.000250 0.000129 0.000000 
50.000000 41.104043 32.650021 25.014094 18.457163 13.102335 8.941207 5.862587 3.692493 2.233983 1.298562 0.725564 0.390025 0.202012 0.101109 0.049193 0.023558 0.011400 0.005855 0.003422 0.002393 0.001974 0.001809 0.001746 0.001723 0.001715 0.001712 0.001711 0.001711 0.001711 0.001711 0.001711 0.001711 0.001711 0.001710 0.001709 0.001707 0.001702 0.001694 0.001679 0.001653 0.001611 0.001545 0.001448 0.001312 0.001130 0.000901 0.000630 0.000324 0.000000 
50.000000 41.104477 32.650868 25.015314 18.458702 13.104135 8.943209 5.864738 3.694749 2.236310 1.300933 0.727963 0.392440 0.204436 0.103538 0.051624 0.025991 0.013833 0.008289 0.005855 0.004827 0.004407 0.004242 0.004180 0.004157 0.004149 0.004146 0.004145 0.004145 0.004144 0.004144 0.004144 0.004144 0.004144 0.004142 0.004140 0.004134 0.004124 0.004104 0.004068 0.004007 0.003906 0.003748 0.003514 0.003185 0.002746 0.002192 0.001532 0.000788 0.000000 
50.000000 41.105467 32.652798 25.018092 18.462208 13.108235 8.947770 5.869639 3.699890 2.241610 1.306336 0.733429 0.397942 0.209959 0.109072 0.057163 0.031533 0.019377 0.013833 0.011400 0.010371 0.009952 0.009787 0.009725 0.009702 0.009693 0.009691 0.009690 0.009689 0.009689 0.009689 0.009689 0.009688 0.009687 0.009684 0.009678 0.009666 0.009642 0.009597 0.009515 0.009374 0.009141 0.008777 0.008235 0.007469 0.006444 0.005148 0.003599 0.001853 0.000000 
50.000000 41.107636 32.657028 25.024183 18.469895 13.117224 8.957770 5.880385 3.711160 2.253233 1.318185 0.745415 0.410009 0.222070 0.121207 0.069311 0.043686 0.031533 0.025991 0.023558 0.022530 0.022111 0.021946 0.021883 0.021860 0.021852 0.021849 0.021848 0.021848 0.021848 0.021848 0.021847 0.021846 0.021843 0.021837 0.021824 0.021798 0.021746 0.021646 0.021466 0.021154 0.020639 0.019829 0.018618 0.016900 0.014595 0.011668 0.008163 0.004206 0.000000 
50.000000 41.112209 32.665945 25.037021 18.486099 13.136173 8.978849 5.903038 3.734921 2.277737 1.343164 0.770685 0.435449 0.247605 0.146793 0.094923 0.069311 0.057163 0.051624 0.049193 0.048165 0.047746 0.047581 0.047518 0.047496 0.047487 0.047485 0.047484 0.047483 0.047483 0.047483 0.047482 0.047479 0.047474 0.047461 0.047435 0.047379 0.047270 0.047061 0.046681 0.046019 0.044922 0.043189 0.040586 0.036880 0.031882 0.025515 0.017865 0.009210 0.000000 
50.000000 41.121466 32.683998 25.063015 18.518907 13.174541 9.021533 5.948912 3.783039 2.327361 1.393752 0.821862 0.486970 0.299319 0.198610 0.146793 0.121207 0.109072 0.103538 0.101109 0.100083 0.099664 0.099499 0.099437 0.099414 0.099406 0.099403 0.099402 0.099402 0.099401 0.099400 0.099398 0.099394 0.099383 0.099358 0.099305 0.099195 0.098975 0.098554 0.097785 0.096440 0.094198 0.090638 0.085264 0.077570 0.067145 0.053802 0.037709 0.019453 0.000000 
50.000000 41.139453 32.719076 25.113523 18.582657 13.249098 9.104479 6.038058 3.876550 2.423801 1.492068 0.921325 0.587104 0.399827 0.299319 0.247605 0.222070 0.209959 0.204436 0.202012 0.200987 0.200569 0.200405 0.200343 0.200320 0.200312 0.200309 0.200308 0.200307 0.200307 0.200305 0.200302 0.200293 0.200272 0.200226 0.200125 0.199914 0.199492 0.198681 0.197192 0.194574 0.190185 0.183173 0.172523 0.157181 0.136266 0.109352 0.076741 0.039622 0.000000 
50.000000 41.172960 32.784419 25.207612 18.701419 13.387995 9.259011 6.204146 4.050775 2.603489 1.675254 1.106651 0.773680 0.587104 0.486970 0.435449 0.410009 0.397942 0.392440 0.390025 0.389004 0.388588 0.388424 0.388362 0.388339 0.388331 0.388328 0.388327 0.388326 0.388325 0.388322 0.388316 0.388300 0.388263 0.388179 0.387996 0.387612 0.386840 0.385350 0.382597 0.377728 0.369509 0.356288 0.336061 0.306706 0.266397 0.214179 0.150548 0.077813 0.000000 
50.000000 41.232742 32.901005 25.375491 18.913325 13.635837 9.534760 6.500525 4.361683 2.924151 2.002165 1.437385 1.106651 0.921325 0.821862 0.770685 0.745415 0.733429 0.727963 0.725564 0.724550 0.724136 0.723974 0.723912 0.723889 0.723881 0.723878 0.723877 0.723876 0.723874 0.723870 0.723859 0.723832 0.723768 0.723624 0.723308 0.722644 0.721300 0.718693 0.713842 0.705206 0.690519 0.666698 0.629944 0.576129 0.501582 0.404209 0.284700 0.147359 0.000000 
50.000000 41.334806 33.100051 25.662116 19.275127 14.059007 10.005592 7.006597 4.892577 3.471714 2.560409 2.002165 1.675254 1.492068 1.393752 1.343164 1.318185 1.306336 1.300933 1.298562 1.297559 1.297150 1.296989 1.296928 1.296906 1.296898 1.296895 1.296894 1.296892 1.296890 1.296883 1.296865 1.296821 1.296718 1.296484 1.295968 1.294876 1.292657 1.288323 1.280205 1.265638 1.240648 1.199737 1.135970 1.041611 0.909491 0.735122 0.519146 0.269203 0.000000 
50.000000 41.501387 33.424925 26.129939 19.865668 14.749733 10.774135 7.832685 5.759204 4.365569 3.471714 2.924151 2.603489 2.423801 2.327361 2.277737 2.253233 2.241610 2.236310 2.233983 2.232999 2.232598 2.232441 2.232381 2.232359 2.232351 2.232348 2.232347 2.232345 2.232341 2.232330 2.232303 2.232237 2.232079 2.231718 2.230921 2.229227 2.225761 2.218944 2.206076 2.182784 2.142432 2.075645 1.970300 1.812410 1.588387 1.288839 0.913386 0.474825 0.000000 
50.000000 41.761068 33.931369 26.859237 20.786292 15.826566 11.972315 9.120610 7.110361 5.759204 4.892577 4.361683 4.050775 3.876550 3.783039 3.734921 3.711160 3.699890 3.694749 3.692493 3.691539 3.691150 3.690997 3.690939 3.690918 3.690910 3.690907 3.690906 3.690903 3.690897 3.690882 3.690844 3.690748 3.690521 3.689999 3.688841 3.686365 3.681266 3.671164 3.651929 3.616772 3.555181 3.451950 3.286811 3.035451 2.672891 2.179935 1.552306 0.809808 0.000000 
50.000000 42.147368 34.684762 27.944169 22.155875 17.428570 13.754890 11.036743 9.120610 7.832685 7.006597 6.500525 6.204146 6.038058 5.948912 5.903038 5.880385 5.869639 5.864738 5.862587 5.861677 5.861307 5.861161 5.861105 5.861085 5.861078 5.861075 5.861073 5.861070 5.861062 5.861042 5.860990 5.860862 5.860556 5.859850 5.858274 5.854885 5.847858 5.833826 5.806860 5.757039 5.668660 5.518371 5.273937 4.894863 4.336749 3.561337 2.553043 1.338723 0.000000 
50.000000 42.695304 35.753398 29.483090 24.098592 19.701016 16.283525 13.754890 11.972315 10.774135 10.005592 9.534760 9.259011 9.104479 9.021533 8.978849 8.957770 8.947770 8.943209 8.941207 8.940361 8.940016 8.939880 8.939828 8.939809 8.939802 8.939800 8.939798 8.939794 8.939784 8.939759 8.939695 8.939535 8.939152 8.938263 8.936269 8.931956 8.922950 8.904816 8.869622 8.803835 8.685505 8.480953 8.141763 7.603756 6.791041 5.629611 4.075049 2.153677 0.000000 
50.000000 43.435797 37.197588 31.562862 26.724113 22.772209 19.701016 17.428570 15.826566 14.749733 14.059007 13.635837 13.387995 13.249098 13.174541 13.136173 13.117224 13.108235 13.104135 13.102335 13.101574 13.101264 13.101141 13.101095 13.101078 13.101072 13.101069 13.101067 13.101063 13.101052 13.101023 13.100950 13.100766 13.100324 13.099293 13.096971 13.091917 13.081289 13.059708 13.017396 12.937322 12.791115 12.533707 12.097260 11.386104 10.276851 8.631870 6.339416 3.393494 0.000000 
50.000000 44.388596 39.055852 34.238968 30.102494 26.724113 24.098592 22.155875 20.786292 19.865668 19.275127 18.913325 18.701419 18.582657 18.518907 18.486099 18.469895 18.462208 18.458702 18.457163 18.456512 18.456246 18.456142 18.456102 18.456088 18.456082 18.456080 18.456078 18.456074 18.456063 18.456033 18.455956 18.455764 18.455301 18.454216 18.451762 18.446391 18.435022 18.411742 18.365636 18.277281 18.113401 17.819125 17.307551 16.447262 15.051247 12.877936 9.671327 5.293189 0.000000 
50.000000 45.555171 41.331060 37.515546 34.238968 31.562862 29.483090 27.944169 26.859237 26.129939 25.662116 25.375491 25.207612 25.113523 25.063015 25.037021 25.024183 25.018092 25.015314 25.014094 25.013578 25.013368 25.013285 25.013254 25.013242 25.013238 25.013236 25.013234 25.013230 25.013220 25.013192 25.013122 25.012944 25.012515 25.011506 25.009213 25.004172 24.993433 24.971282 24.926995 24.841101 24.679303 24.382832 23.853479 22.930992 21.361032 18.757773 14.591710 8.321711 0.000000 
50.000000 46.913613 43.980481 41.331060 39.055852 37.197588 35.753398 34.684762 33.931369 33.424925 33.100051 32.901005 32.784419 32.719076 32.683998 32.665945 32.657028 32.652798 32.650868 32.650021 32.649663 32.649517 32.649459 32.649437 32.649429 32.649426 32.649425 32.649424 32.649421 32.649413 32.649392 32.649337 32.649199 32.648866 32.648080 32.646289 32.642334 32.633871 32.616304 32.580905 32.511539 32.379063 32.131719 31.678350 30.858171 29.384525 26.739350 21.990241 13.593812 0.000000 
50.000000 48.417518 46.913613 45.555171 44.388596 43.435797 42.695304 42.147368 41.761068 41.501387 41.334806 41.232742 41.172960 41.139453 41.121466 41.112209 41.107636 41.105467 41.104477 41.104043 41.103859 41.103784 41.103755 41.103744 41.103739 41.103738 41.103737 41.103736 41.103735 41.103730 41.103719 41.103689 41.103614 41.103431 41.102999 41.102013 41.099831 41.095147 41.085383 41.065603 41.026563 40.951259 40.808645 40.541627 40.042303 39.095407 37.233460 33.319801 24.208759 0.000000 
50.000000 50.000000 50.000000 50.000000 50.000000 50.000000 50.000000 50.000000 50.000000 50.000000 50.000000 50.000000 50.000000 50.000000 50.000000 50.000000 50.000000 50.000000 50.000000 50.000000 50.000000 50.000000 50.000000 50.000000 50.000000 50.000000 50.000000 50.000000 50.000000 50.000000 50.000000 50.000000 50.000000 50.000000 50.000000 50.000000 50.000000 50.000000 50.000000 50.000000 50.000000 50.000000 50.000000 50.000000 50.000000 50.000000 50.000000 50.000000 50.000000 50.000000 
