50.000000 50.000000 50.000000 50.000000 50.000000 50.000000 50.000000 50.000000 50.000000 50.000000 50.000000 50.000000 50.000000 50.000000 50.000000 50.000000 50.000000 50.000000 50.000000 50.000000 50.000000 50.000000 50.000000 50.000000 50.000000 50.000000 50.000000 50.000000 50.000000 50.000000 50.000000 50.000000 50.000000 50.000000 50.000000 50.000000 50.000000 50.000000 50.000000 50.000000 50.000000 50.000000 50.000000 50.000000 50.000000 50.000000 50.000000 50.000000 50.000000 50.000000 
50.000000 48.153163 46.413321 44.868901 43.576562 42.556544 41.796566 41.261562 40.905325 40.680708 40.546429 40.470223 40.429113 40.408003 40.397672 40.392846 40.390692 40.389772 40.389396 40.389248 40.389193 40.389173 40.389166 40.389163 40.389162 40.389162 40.389162 40.389162 40.389162 40.389161 40.389157 40.389148 40.389123 40.389054 40.388873 40.388419 40.387314 40.384721 40.378839 40.365941 40.338541 40.281996 40.168151 39.943074 39.501817 38.631191 36.864208 33.062553 24.076582 0.000000 
50.000000 46.413321 43.034439 40.035092 37.525316 35.544412 34.068531 33.029561 32.337765 31.901574 31.640818 31.492837 31.413008 31.372017 31.351956 31.342587 31.338405 31.336619 31.335888 31.335601 31.335493 31.335454 31.335440 31.335436 31.335434 31.335434 31.335434 31.335433 31.335433 31.335431 31.335425 31.335409 31.335363 31.335239 31.334915 31.334102 31.332129 31.327511 31.317085 31.294344 31.246385 31.148408 30.953969 30.577728 29.864329 28.530931 26.060376 21.517219 13.350768 0.000000 
50.000000 44.868901 40.035092 35.744272 32.153858 29.320070 27.208778 25.722526 24.732929 24.108984 23.735998 23.524331 23.410149 23.351521 23.322830 23.309429 23.303449 23.300894 23.299850 23.299440 23.299285 23.299229 23.299210 23.299203 23.299201 23.299200 23.299200 23.299200 23.299199 23.299196 23.299189 23.299168 23.299111 23.298955 23.298549 23.297533 23.295077 23.289359 23.276524 23.248754 23.190793 23.074004 22.846555 22.417821 21.634628 20.247617 17.872136 13.974716 8.004694 0.000000 
50.000000 43.576562 37.525316 32.153858 27.659257 24.111882 21.468989 19.608557 18.369853 17.588866 17.122018 16.857095 16.714189 16.640816 16.604910 16.588141 16.580657 16.577461 16.576153 16.575640 16.575447 16.575377 16.575353 16.575344 16.575342 16.575341 16.575341 16.575340 16.575339 16.575337 16.575329 16.575308 16.575247 16.575084 16.574663 16.573610 16.571079 16.565220 16.552170 16.524195 16.466501 16.352021 16.133494 15.732338 15.024900 13.829628 11.906241 8.994385 4.945371 0.000000 
50.000000 42.556544 35.544412 29.320070 24.111882 20.001380 16.939007 14.783343 13.348110 12.443245 11.902365 11.595443 11.429890 11.344892 11.303299 11.283875 11.275206 11.271505 11.269990 11.269396 11.269173 11.269091 11.269063 11.269054 11.269051 11.269050 11.269049 11.269049 11.269048 11.269046 11.269039 11.269019 11.268963 11.268814 11.268430 11.267474 11.265189 11.259934 11.248324 11.223684 11.173490 11.075419 10.891816 10.562944 10.000690 9.086983 7.685442 5.680083 3.054726 0.000000 
50.000000 41.796566 34.068531 27.208778 21.468989 16.939007 13.564191 11.188653 9.607075 8.609976 8.013987 7.675806 7.493399 7.399752 7.353929 7.332531 7.322982 7.318904 7.317237 7.316582 7.316336 7.316246 7.316215 7.316205 7.316201 7.316200 7.316200 7.316200 7.316199 7.316197 7.316191 7.316175 7.316129 7.316006 7.315690 7.314909 7.313053 7.308813 7.299523 7.280001 7.240709 7.165056 7.025932 6.782095 6.376064 5.736651 4.790957 3.490803 1.853492 0.000000 
50.000000 41.261562 33.029561 25.722526 19.608557 14.783343 11.188653 8.658406 6.973872 5.911897 5.277152 4.916992 4.722738 4.623013 4.574218 4.551433 4.541265 4.536924 4.535148 4.534452 4.534189 4.534094 4.534061 4.534050 4.534046 4.534045 4.534045 4.534045 4.534044 4.534043 4.534038 4.534026 4.533991 4.533898 4.533661 4.533078 4.531700 4.528573 4.521777 4.507630 4.479478 4.425997 4.329203 4.162721 3.891527 3.475063 2.875970 2.075592 1.093411 0.000000 
50.000000 40.905325 32.337765 24.732929 18.369853 13.348110 9.607075 6.973872 5.220835 4.115704 3.455182 3.080408 2.878279 2.774514 2.723745 2.700038 2.689460 2.684944 2.683097 2.682372 2.682099 2.682000 2.681966 2.681954 2.681951 2.681949 2.681949 2.681949 2.681948 2.681947 2.681944 2.681935 2.681911 2.681847 2.681682 2.681280 2.680335 2.678205 2.673610 2.664131 2.645460 2.610417 2.547875 2.442019 2.272691 2.017832 1.658925 1.189357 0.623329 0.000000 
50.000000 40.680708 31.901574 24.108984 17.588866 12.443245 8.609976 5.911897 4.115704 2.983390 2.306636 1.922663 1.715577 1.609271 1.557260 1.532974 1.522138 1.517512 1.515619 1.514877 1.514597 1.514496 1.514461 1.514449 1.514445 1.514444 1.514444 1.514443 1.514443 1.514442 1.514440 1.514435 1.514419 1.514377 1.514271 1.514013 1.513410 1.512060 1.509167 1.503247 1.491695 1.470243 1.432420 1.369268 1.269755 1.122365 0.918191 0.655189 0.342167 0.000000 
50.000000 40.546429 31.640818 23.735998 17.122018 11.902365 8.013987 5.277152 3.455182 2.306636 1.620193 1.230729 1.020687 0.912865 0.860113 0.835483 0.824493 0.819801 0.817882 0.817129 0.816846 0.816743 0.816707 0.816695 0.816691 0.816690 0.816690 0.816689 0.816689 0.816689 0.816688 0.816684 0.816675 0.816649 0.816586 0.816431 0.816071 0.815269 0.813563 0.810097 0.803390 0.791051 0.769522 0.733986 0.678681 0.597823 0.487244 0.346475 0.180488 0.000000 
50.000000 40.470223 31.492837 23.524331 16.857095 11.595443 7.675806 4.916992 3.080408 1.922663 1.230729 0.838156 0.626438 0.517759 0.464588 0.439762 0.428685 0.423956 0.422022 0.421264 0.420978 0.420875 0.420838 0.420826 0.420822 0.420821 0.420821 0.420821 0.420821 0.420820 0.420820 0.420818 0.420812 0.420798 0.420762 0.420674 0.420472 0.420025 0.419078 0.417167 0.413496 0.406798 0.395216 0.376283 0.347119 0.304925 0.247807 0.175753 0.091385 0.000000 
50.000000 40.429113 31.413008 23.410149 16.714189 11.429890 7.493399 4.722738 2.878279 1.715577 1.020687 0.626438 0.413820 0.304679 0.251283 0.226352 0.215228 0.210480 0.208538 0.207776 0.207489 0.207385 0.207349 0.207336 0.207333 0.207331 0.207331 0.207331 0.207331 0.207331 0.207330 0.207329 0.207326 0.207318 0.207299 0.207253 0.207146 0.206910 0.206413 0.205417 0.203517 0.200073 0.194165 0.184586 0.169955 0.148969 0.120791 0.085496 0.044392 0.000000 
50.000000 40.408003 31.372017 23.351521 16.640816 11.344892 7.399752 4.623013 2.774514 1.609271 0.912865 0.517759 0.304679 0.195302 0.141790 0.116806 0.105658 0.100899 0.098953 0.098190 0.097902 0.097798 0.097762 0.097749 0.097746 0.097744 0.097744 0.097744 0.097744 0.097744 0.097743 0.097743 0.097741 0.097738 0.097728 0.097704 0.097651 0.097533 0.097287 0.096794 0.095861 0.094179 0.091313 0.086700 0.079703 0.069737 0.056444 0.039889 0.020689 0.000000 
50.000000 40.397672 31.351956 23.322830 16.604910 11.303299 7.353929 4.574218 2.723745 1.557260 0.860113 0.464588 0.251283 0.141790 0.088223 0.063212 0.052053 0.047289 0.045341 0.044577 0.044289 0.044184 0.044148 0.044136 0.044132 0.044131 0.044130 0.044130 0.044130 0.044130 0.044130 0.044130 0.044129 0.044127 0.044123 0.044111 0.044086 0.044030 0.043914 0.043683 0.043246 0.042465 0.041140 0.039020 0.035825 0.031300 0.025297 0.017855 0.009253 0.000000 
50.000000 40.392846 31.342587 23.309429 16.588141 11.283875 7.332531 4.551433 2.700038 1.532974 0.835483 0.439762 0.226352 0.116806 0.063212 0.038189 0.027025 0.022258 0.020309 0.019545 0.019257 0.019152 0.019116 0.019104 0.019100 0.019099 0.019098 0.019098 0.019098 0.019098 0.019098 0.019098 0.019097 0.019097 0.019095 0.019089 0.019078 0.019053 0.019000 0.018897 0.018703 0.018356 0.017772 0.016841 0.015445 0.013478 0.010880 0.007671 0.003973 0.000000 
50.000000 40.390692 31.338405 23.303449 16.580657 11.275206 7.322982 4.541265 2.689460 1.522138 0.824493 0.428685 0.215228 0.105658 0.052053 0.027025 0.015858 0.011091 0.009141 0.008376 0.008088 0.007984 0.007947 0.007935 0.007931 0.007930 0.007930 0.007929 0.007929 0.007929 0.007929 0.007929 0.007929 0.007929 0.007928 0.007926 0.007921 0.007910 0.007887 0.007843 0.007761 0.007614 0.007367 0.006976 0.006392 0.005572 0.004494 0.003166 0.001639 0.000000 
50.000000 40.389772 31.336619 23.300894 16.577461 11.271505 7.318904 4.536924 2.684944 1.517512 0.819801 0.423956 0.210480 0.100899 0.047289 0.022258 0.011091 0.006323 0.004373 0.003608 0.003320 0.003216 0.003179 0.003167 0.003163 0.003162 0.003162 0.003162 0.003162 0.003162 0.003162 0.003162 0.003161 0.003161 0.003161 0.003160 0.003158 0.003154 0.003144 0.003126 0.003093 0.003033 0.002933 0.002776 0.002542 0.002214 0.001784 0.001256 0.000650 0.000000 
50.000000 40.389396 31.335888 23.299850 16.576153 11.269990 7.317237 4.535148 2.683097 1.515619 0.817882 0.422022 0.208538 0.098953 0.045341 0.020309 0.009141 0.004373 0.002423 0.001658 0.001370 0.001266 0.001230 0.001217 0.001213 0.001212 0.001212 0.001212 0.001212 0.001212 0.001212 0.001212 0.001212 0.001212 0.001211 0.001211 0.001210 0.001208 0.001205 0.001198 0.001185 0.001161 0.001123 0.001062 0.000972 0.000846 0.000681 0.000479 0.000248 0.000000 
50.000000 40.389248 31.335601 23.299440 16.575640 11.269396 7.316582 4.534452 2.682372 1.514877 0.817129 0.421264 0.207776 0.098190 0.044577 0.019545 0.008376 0.003608 0.001658 0.000894 0.000605 0.000501 0.000465 0.000452 0.000449 0.000447 0.000447 0.000447 0.000447 0.000447 0.000447 0.000447 0.000447 0.000447 0.000447 0.000447 0.000446 0.000446 0.000444 0.000442 0.000437 0.000428 0.000414 0.000391 0.000358 0.000311 0.000250 0.000176 0.000091 0.000000 
50.000000 40.389193 31.335493 23.299285 16.575447 11.269173 7.316336 4.534189 2.682099 1.514597 0.816846 0.420978 0.207489 0.097902 0.044289 0.019257 0.008088 0.003320 0.001370 0.000605 0.000317 0.000213 0.000177 0.000164 0.000160 0.000159 0.000159 0.000159 0.000159 0.000159 0.000159 0.000159 0.000159 0.000159 0.000159 0.000159 0.000158 0.000158 0.000158 0.000157 0.000155 0.000152 0.000147 0.000139 0.000127 0.000110 0.000089 0.000062 0.000032 0.000000 
50.000000 40.389173 31.335454 23.299229 16.575377 11.269091 7.316246 4.534094 2.682000 1.514496 0.816743 0.420875 0.207385 0.097798 0.044184 0.019152 0.007984 0.003216 0.001266 0.000501 0.000213 0.000109 0.000072 0.000060 0.000056 0.000055 0.000054 0.000054 0.000054 0.000054 0.000054 0.000054 0.000054 0.000054 0.000054 0.000054 0.000054 0.000054 0.000054 0.000054 0.000053 0.000052 0.000050 0.000047 0.000043 0.000038 0.000030 0.000021 0.000011 0.000000 
50.000000 40.389166 31.335440 23.299210 16.575353 11.269063 7.316215 4.534061 2.681966 1.514461 0.816707 0.420838 0.207349 0.097762 0.044148 0.019116 0.007947 0.003180 0.001230 0.000465 0.000177 0.000072 0.000036 0.000024 0.000020 0.000018 0.000018 0.000018 0.000018 0.000018 0.000018 0.000018 0.000018 0.000018 0.000018 0.000018 0.000018 0.000018 0.000018 0.000018 0.000018 0.000017 0.000017 0.000016 0.000014 0.000012 0.000010 0.000007 0.000004 0.000000 
50.000000 40.389163 31.335436 23.299203 16.575344 11.269054 7.316205 4.534050 2.681954 1.514449 0.816695 0.420826 0.207337 0.097750 0.044136 0.019104 0.007935 0.003167 0.001218 0.000453 0.000164 0.000060 0.000024 0.000012 0.000008 0.000006 0.000006 0.000006 0.000006 0.000006 0.000006 0.000006 0.000006 0.000006 0.000006 0.000006 0.000006 0.000006 0.000006 0.000006 0.000006 0.000006 0.000005 0.000005 0.000005 0.000004 0.000003 0.000002 0.000001 0.000000 
50.000000 40.389163 31.335434 23.299201 16.575342 11.269051 7.316202 4.534047 2.681951 1.514446 0.816692 0.420823 0.207333 0.097746 0.044132 0.019100 0.007932 0.003164 0.001214 0.000449 0.000161 0.000057 0.000020 0.000008 0.000004 0.000003 0.000002 0.000002 0.000002 0.000002 0.000002 0.000002 0.000002 0.000002 0.000002 0.000002 0.000002 0.000002 0.000002 0.000002 0.000002 0.000002 0.000002 0.000002 0.000002 0.000002 0.000001 0.000001 0.000000 0.000000 
50.000000 40.389163 31.335434 23.299201 16.575342 11.269051 7.316202 4.534047 2.681951 1.514446 0.816692 0.420823 0.207333 0.097746 0.044132 0.019100 0.007932 0.003164 0.001214 0.000449 0.000161 0.000057 0.000020 0.000008 0.000004 0.000003 0.000002 0.000002 0.000002 0.000002 0.000002 0.000002 0.000002 0.000002 0.000002 0.000002 0.000002 0.000002 0.000002 0.000002 0.000002 0.000002 0.000002 0.000002 0.000002 0.000002 0.000001 0.000001 0.000000 0.000000 
50.000000 40.389163 31.335436 23.299203 16.575344 11.269054 7.316205 4.534050 2.681954 1.514449 0.816695 0.420826 0.207337 0.097750 0.044136 0.019104 0.007935 0.003167 0.001218 0.000453 0.000164 0.000060 0.000024 0.000012 0.000008 0.000006 0.000006 0.000006 0.000006 0.000006 0.000006 0.000006 0.000006 0.000006 0.000006 0.000006 0.000006 0.000006 0.000006 0.000006 0.000006 0.000006 0.000005 0.000005 0.000005 0.000004 0.000003 0.000002 0.000001 0.000000 
50.000000 40.389166 31.335440 23.299210 16.575353 11.269063 7.316215 4.534061 2.681966 1.514461 0.816707 0.420838 0.207349 0.097762 0.044148 0.019116 0.007947 0.003180 0.001230 0.000465 0.000177 0.000072 0.000036 0.000024 0.000020 0.000018 0.000018 0.000018 0.000018 0.000018 0.000018 0.000018 0.000018 0.000018 0.000018 0.000018 0.000018 0.000018 0.000018 0.000018 0.000018 0.000017 0.000017 0.000016 0.000014 0.000012 0.000010 0.000007 0.000004 0.000000 
50.000000 40.389173 31.335454 23.299229 16.575377 11.269091 7.316246 4.534094 2.682000 1.514496 0.816743 0.420875 0.207385 0.097798 0.044184 0.019152 0.007984 0.003216 0.001266 0.000501 0.000213 0.000109 0.000072 0.000060 0.000056 0.000055 0.000054 0.000054 0.000054 0.000054 0.000054 0.000054 0.000054 0.000054 0.000054 0.000054 0.000054 0.000054 0.000054 0.000054 0.000053 0.000052 0.000050 0.000047 0.000043 0.000038 0.000030 0.000021 0.000011 0.000000 
50.000000 40.389193 31.335493 23.299285 16.575447 11.269173 7.316336 4.534189 2.682099 1.514597 0.816846 0.420978 0.207489 0.097902 0.044289 0.019257 0.008088 0.003320 0.001370 0.000605 0.000317 0.000213 0.000177 0.000164 0.000160 0.000159 0.000159 0.000159 0.000159 0.000159 0.000159 0.000159 0.000159 0.000159 0.000159 0.000159 0.000158 0.000158 0.000158 0.000157 0.000155 0.000152 0.000147 0.000139 0.000127 0.000110 0.000089 0.000062 0.000032 0.000000 
50.000000 40.389248 31.335601 23.299440 16.575640 11.269396 7.316582 4.534452 2.682372 1.514877 0.817129 0.421264 0.207776 0.098190 0.044577 0.019545 0.008376 0.003608 0.001658 0.000894 0.000605 0.000501 0.000465 0.000452 0.000449 0.000447 0.000447 0.000447 0.000447 0.000447 0.000447 0.000447 0.000447 0.000447 0.000447 0.000447 0.000446 0.000446 0.000444 0.000442 0.000437 0.000428 0.000414 0.000391 0.000358 0.000311 0.000250 0.000176 0.000091 0.000000 
50.000000 40.389396 31.335888 23.299850 16.576153 11.269990 7.317237 4.535148 2.683097 1.515619 0.817882 0.422022 0.208538 0.098953 0.045341 0.020309 0.009141 0.004373 0.002423 0.001658 0.001370 0.001266 0.001230 0.001217 0.001213 0.001212 0.001212 0.001212 0.001212 0.001212 0.001212 0.001212 0.001212 0.001212 0.001211 0.001211 0.001210 0.001208 0.001205 0.001198 0.001185 0.001161 0.001123 0.001062 0.000972 0.000846 0.000681 0.000479 0.000248 0.000000 
50.000000 40.389772 31.336619 23.300894 16.577461 11.271505 7.318904 4.536924 2.684944 1.517512 0.819801 0.423956 0.210480 0.100899 0.047289 0.022258 0.011091 0.006323 0.004373 0.003608 0.003320 0.003216 0.003179 0.003167 0.003163 0.003162 0.003162 0.003162 0.003162 0.003162 0.003162 0.003162 0.003161 0.003161 0.003161 0.003160 0.003158 0.003154 0.003144 0.003126 0.003093 0.003033 0.002933 0.002776 0.002542 0.002214 0.001784 0.001256 0.000650 0.000000 
50.000000 40.390692 31.338405 23.303449 16.580657 11.275206 7.322982 4.541265 2.689460 1.522138 0.824493 0.428685 0.215228 0.105658 0.052053 0.027025 0.015858 0.011091 0.009141 0.008376 0.008088 0.007984 0.007947 0.007935 0.007931 0.007930 0.007930 0.007929 0.007929 0.007929 0.007929 0.007929 0.007929 0.007929 0.007928 0.007926 0.007921 0.007910 0.007887 0.007843 0.007761 0.007614 0.007367 0.006976 0.006392 0.005572 0.004494 0.003166 0.001639 0.000000 
50.000000 40.392846 31.342587 23.309429 16.588141 11.283875 7.332531 4.551433 2.700038 1.532974 0.835483 0.439762 0.226352 0.116806 0.063212 0.038189 0.027025 0.022258 0.020309 0.019545 0.019257 0.019152 0.019116 0.019104 0.019100 0.019099 0.019098 0.019098 0.019098 0.019098 0.019098 0.019098 0.019097 0.019097 0.019095 0.019089 0.019078 0.019053 0.019000 0.018897 0.018703 0.018356 0.017772 0.016841 0.015445 0.013478 0.010880 0.007671 0.003973 0.000000 
50.000000 40.397672 31.351956 23.322830 16.604910 11.303299 7.353929 4.574218 2.723745 1.557260 0.860113 0.464588 0.251283 0.141790 0.088223 0.063212 0.052053 0.047289 0.045341 0.044577 0.044289 0.044184 0.044148 0.044136 0.044132 0.044131 0.044130 0.044130 0.044130 0.044130 0.044130 0.044130 0.044129 0.044127 0.044123 0.044111 0.044086 0.044030 0.043914 0.043683 0.043246 0.042465 0.041140 0.039020 0.035825 0.031300 0.025297 0.017855 0.009253 0.000000 
50.000000 40.408003 31.372017 23.351521 16.640816 11.344892 7.399752 4.623013 2.774514 1.609271 0.912865 0.517759 0.304679 0.195302 0.141790 0.116806 0.105658 0.100899 0.098953 0.098190 0.097902 0.097798 0.097762 0.097749 0.097746 0.097744 0.097744 0.097744 0.097744 0.097744 0.097743 0.097743 0.097741 0.097738 0.097728 0.097704 0.097651 0.097533 0.097287 0.096794 0.095861 0.094179 0.091313 0.086700 0.079703 0.069737 0.056444 0.039889 0.020689 0.000000 
50.000000 40.429113 31.413008 23.410149 16.714189 11.429890 7.493399 4.722738 2.878279 1.715577 1.020687 0.626438 0.413820 0.304679 0.251283 0.226352 0.215228 0.210480 0.208538 0.207776 0.207489 0.207385 0.207349 0.207336 0.207333 0.207331 0.207331 0.207331 0.207331 0.207331 0.207330 0.207329 0.207326 0.207318 0.207299 0.207253 0.207146 0.206910 0.206413 0.205417 0.203517 0.200073 0.194165 0.184586 0.169955 0.148969 0.120791 0.085496 0.044392 0.000000 
50.000000 40.470223 31.492837 23.524331 16.857095 11.595443 7.675806 4.916992 3.080408 1.922663 1.230729 0.838156 0.626438 0.517759 0.464588 0.439762 0.428685 0.423956 0.422022 0.421264 0.420978 0.420875 0.420838 0.420826 0.420822 0.420821 0.420821 0.420821 0.420821 0.420820 0.420820 0.420818 0.420812 0.420798 0.420762 0.420674 0.420472 0.420025 0.419078 0.417167 0.413496 0.406798 0.395216 0.376283 0.347119 0.304925 0.247807 0.175753 0.091385 0.000000 
50.000000 40.546429 31.640818 23.735998 17.122018 11.902365 8.013987 5.277152 3.455182 2.306636 1.620193 1.230729 1.020687 0.912865 0.860113 0.835483 0.824493 0.819801 0.817882 0.817129 0.816846 0.816743 0.816707 0.816695 0.816691 0.816690 0.816690 0.816689 0.816689 0.816689 0.816688 0.816684 0.816675 0.816649 0.816586 0.816431 0.816071 0.815269 0.813563 0.810097 0.803390 0.791051 0.769522 0.733986 0.678681 0.597823 0.487244 0.346475 0.180488 0.000000 
50.000000 40.680708 31.901574 24.108984 17.588866 12.443245 8.609976 5.911897 4.115704 2.983390 2.306636 1.922663 1.715577 1.609271 1.557260 1.532974 1.522138 1.517512 1.515619 1.514877 1.514597 1.514496 1.514461 1.514449 1.514445 1.514444 1.514444 1.514443 1.514443 1.514442 1.514440 1.514435 1.514419 1.514377 1.514271 1.514013 1.513410 1.512060 1.509167 1.503247 1.491695 1.470243 1.432420 1.369268 1.269755 1.122365 0.918191 0.655189 0.342167 0.000000 
50.000000 40.905325 32.337765 24.732929 18.369853 13.348110 9.607075 6.973872 5.220835 4.115704 3.455182 3.080408 2.878279 2.774514 2.723745 2.700038 2.689460 2.684944 2.683097 2.682372 2.682099 2.682000 2.681966 2.681954 2.681951 2.681949 2.681949 2.681949 2.681948 2.681947 2.681944 2.681935 2.681911 2.681847 2.681682 2.681280 2.680335 2.678205 2.673610 2.664131 2.645460 2.610417 2.547875 2.442019 2.272691 2.017832 1.658925 1.189357 0.623329 0.000000 
50.000000 41.261562 33.029561 25.722526 19.608557 14.783343 11.188653 8.658406 6.973872 5.911897 5.277152 4.916992 4.722738 4.623013 4.574218 4.551433 4.541265 4.536924 4.535148 4.534452 4.534189 4.534094 4.534061 4.534050 4.534046 4.534045 4.534045 4.534045 4.534044 4.534043 4.534038 4.534026 4.533991 4.533898 4.533661 4.533078 4.531700 4.528573 4.521777 4.507630 4.479478 4.425997 4.329203 4.162721 3.891527 3.475063 2.875970 2.075592 1.093411 0.000000 
50.000000 41.796566 34.068531 27.208778 21.468989 16.939007 13.564191 11.188653 9.607075 8.609976 8.013987 7.675806 7.493399 7.399752 7.353929 7.332531 7.322982 7.318904 7.317237 7.316582 7.316336 7.316246 7.316215 7.316205 7.316201 7.316200 7.316200 7.316200 7.316199 7.316197 7.316191 7.316175 7.316129 7.316006 7.315690 7.314909 7.313053 7.308813 7.299523 7.280001 7.240709 7.165056 7.025932 6.782095 6.376064 5.736651 4.790957 3.490803 1.853492 0.000000 
50.000000 42.556544 35.544412 29.320070 24.111882 20.001380 16.939007 14.783343 13.348110 12.443245 11.902365 11.595443 11.429890 11.344892 11.303299 11.283875 11.275206 11.271505 11.269990 11.269396 11.269173 11.269091 11.269063 11.269054 11.269051 11.269050 11.269049 11.269049 11.269048 11.269046 11.269039 11.269019 11.268963 11.268814 11.268430 11.267474 11.265189 11.259934 11.248324 11.223684 11.173490 11.075419 10.891816 10.562944 10.000690 9.086983 7.685442 5.680083 3.054726 0.000000 
50.000000 43.576562 37.525316 32.153858 27.659257 24.111882 21.468989 19.608557 18.369853 17.588866 17.122018 16.857095 16.714189 16.640816 16.604910 16.588141 16.580657 16.577461 16.576153 16.575640 16.575447 16.575377 16.575353 16.575344 16.575342 16.575341 16.575341 16.575340 16.575339 16.575337 16.575329 16.575308 16.575247 16.575084 16.574663 16.573610 16.571079 16.565220 16.552170 16.524195 16.466501 16.352021 16.133494 15.732338 15.024900 13.829628 11.906241 8.994385 4.945371 0.000000 
50.000000 44.868901 40.035092 35.744272 32.153858 29.320070 27.208778 25.722526 24.732929 24.108984 23.735998 23.524331 23.410149 23.351521 23.322830 23.309429 23.303449 23.300894 23.299850 23.299440 23.299285 23.299229 23.299210 23.299203 23.299201 23.299200 23.299200 23.299200 23.299199 23.299196 23.299189 23.299168 23.299111 23.298955 23.298549 23.297533 23.295077 23.289359 23.276524 23.248754 23.190793 23.074004 22.846555 22.417821 21.634628 20.247617 17.872136 13.974716 8.004694 0.000000 
50.000000 46.413321 43.034439 40.035092 37.525316 35.544412 34.068531 33.029561 32.337765 31.901574 31.640818 31.492837 31.413008 31.372017 31.351956 31.342587 31.338405 31.336619 31.335888 31.335601 31.335493 31.335454 31.335440 31.335436 31.335434 31.335434 31.335434 31.335433 31.335433 31.335431 31.335425 31.335409 31.335363 31.335239 31.334915 31.334102 31.332129 31.327511 31.317085 31.294344 31.246385 31.148408 30.953969 30.577728 29.864329 28.530931 26.060376 21.517219 13.350768 0.000000 
50.000000 48.153163 46.413321 44.868901 43.576562 42.556544 41.796566 41.261562 40.905325 40.680708 40.546429 40.470223 40.429113 40.408003 40.397672 40.392846 40.390692 40.389772 40.389396 40.389248 40.389193 40.389173 40.389166 40.389163 40.389162 40.389162 40.389162 40.389162 40.389162 40.389161 40.389157 40.389148 40.389123 40.389054 40.388873 40.388419 40.387314 40.384721 40.378839 40.365941 40.338541 40.281996 40.168151 39.943074 39.501817 38.631191 36.864208 33.062553 24.076582 0.000000 
50.000000 50.000000 50.000000 50.000000 50.000000 50.000000 50.000000 50.000000 50.000000 50.000000 50.000000 50.000000 50.000000 50.000000 50.000000 50.000000 50.000000 50.000000 50.000000 50.000000 50.000000 50.000000 50.000000 50.000000 50.000000 50.000000 50.000000 50.000000 50.000000 50.000000 50.000000 50.000000 50.000000 50.000000 50.000000 50.000000 50.000000 50.000000 50.000000 50.000000 50.000000 50.000000 50.000000 50.000000 50.000000 50.000000 50.000000 50.000000 50.000000 50.000000 
