50.000000 50.000000 50.000000 50.000000 50.000000 50.000000 50.000000 50.000000 50.000000 50.000000 50.000000 50.000000 50.000000 50.000000 50.000000 50.000000 50.000000 50.000000 50.000000 50.000000 50.000000 50.000000 50.000000 50.000000 50.000000 50.000000 50.000000 50.000000 50.000000 50.000000 50.000000 50.000000 50.000000 50.000000 50.000000 50.000000 50.000000 50.000000 50.000000 50.000000 50.000000 50.000000 50.000000 50.000000 50.000000 50.000000 50.000000 50.000000 50.000000 50.000000 
50.000000 48.885984 47.810925 46.809695 45.909714 45.128828 44.474686 43.945539 43.532104 43.220006 42.992308 42.831702 42.722141 42.649827 42.603630 42.575051 42.557924 42.547976 42.542374 42.539312 42.537689 42.536853 42.536435 42.536232 42.536135 42.536088 42.536062 42.536041 42.536008 42.535943 42.535808 42.535529 42.534962 42.533839 42.531666 42.527552 42.519934 42.506116 42.481534 42.438559 42.364523 42.238382 42.024721 41.662276 41.039862 39.940606 37.897800 33.778360 24.442992 0.000000 
50.000000 47.810925 45.698402 43.730957 41.962471 40.428012 39.142612 38.102832 37.290428 36.677157 36.229732 35.914144 35.698858 35.556766 35.465990 35.409834 35.376181 35.356634 35.345625 35.339610 35.336421 35.334778 35.333957 35.333557 35.333366 35.333275 35.333225 35.333184 35.333122 35.333000 35.332747 35.332223 35.331162 35.329062 35.325004 35.317338 35.303177 35.277572 35.232203 35.153293 35.018298 34.790503 34.409979 33.777760 32.726923 30.967807 27.983799 22.849201 14.032565 0.000000 
50.000000 46.809695 43.730957 40.863657 38.286320 36.050051 34.176761 32.661434 31.477479 30.583734 29.931689 29.471776 29.158038 28.950967 28.818680 28.736846 28.687804 28.659320 28.643277 28.634513 28.629865 28.627472 28.626275 28.625692 28.625414 28.625281 28.625210 28.625153 28.625068 28.624904 28.624562 28.623855 28.622428 28.619610 28.614179 28.603950 28.585127 28.551256 28.491601 28.388647 28.214300 27.924081 27.448241 26.678083 25.445120 23.490989 20.431829 15.747158 8.911895 0.000000 
50.000000 45.909714 41.962471 38.286320 34.981937 32.114847 29.713137 27.770375 26.252468 25.106636 24.270685 23.681060 23.278841 23.013374 22.843784 22.738874 22.676004 22.639488 22.618923 22.607687 22.601730 22.598662 22.597127 22.596380 22.596025 22.595855 22.595766 22.595696 22.595598 22.595407 22.595013 22.594202 22.592568 22.589349 22.583165 22.571568 22.550332 22.512348 22.445948 22.332432 22.142498 21.831217 21.331160 20.543440 19.327239 17.490968 14.795331 10.994665 5.969108 0.000000 
50.000000 45.128828 40.428012 36.050051 32.114847 28.700431 25.840252 23.526647 21.719007 20.354476 19.358979 18.656830 18.177856 17.861733 17.659786 17.534862 17.459998 17.416517 17.392029 17.378651 17.371557 17.367905 17.366078 17.365189 17.364766 17.364565 17.364461 17.364384 17.364279 17.364081 17.363673 17.362835 17.361151 17.357848 17.351525 17.339725 17.318238 17.280068 17.213898 17.101934 16.916979 16.618680 16.149073 15.428019 14.350216 12.787608 10.604932 7.701089 4.088965 0.000000 
50.000000 44.474686 39.142612 34.176761 29.713137 25.840252 22.596044 19.971814 17.921498 16.373793 15.244673 14.448285 13.905033 13.546492 13.317449 13.175766 13.090861 13.041548 13.013777 12.998605 12.990561 12.986419 12.984347 12.983339 12.982860 12.982634 12.982519 12.982438 12.982335 12.982144 12.981754 12.980956 12.979357 12.976233 12.970281 12.959228 12.939226 12.903950 12.843328 12.741827 12.576282 12.313405 11.907327 11.298022 10.412234 9.169697 7.498678 5.364853 2.812410 0.000000 
50.000000 43.945539 38.102832 32.661434 27.770375 23.526647 19.971814 17.096344 14.849752 13.153902 11.916717 11.044120 10.448889 10.056048 9.805098 9.649866 9.556843 9.502816 9.472391 9.455769 9.446956 9.442419 9.440149 9.439045 9.438521 9.438274 9.438152 9.438071 9.437975 9.437802 9.437453 9.436743 9.435325 9.432566 9.427333 9.417667 9.400285 9.369856 9.318017 9.232112 9.093708 8.877094 8.548172 8.064487 7.377574 6.439215 5.213193 3.692853 1.920819 0.000000 
50.000000 43.532104 37.290428 31.477479 26.252468 21.719007 17.921498 14.849752 12.449831 10.638256 9.316661 8.384538 7.748712 7.329084 7.061026 6.895214 6.795852 6.738145 6.705648 6.687895 6.678482 6.673636 6.671212 6.670033 6.669474 6.669212 6.669085 6.669006 6.668920 6.668773 6.668478 6.667882 6.666697 6.664401 6.660066 6.652102 6.637870 6.613137 6.571357 6.502797 6.393590 6.224915 5.972658 5.608093 5.100326 4.421250 3.553398 2.499925 1.293722 0.000000 
50.000000 43.220006 36.677157 30.583734 25.106636 20.354476 16.373793 13.153902 10.638256 8.739345 7.354048 6.377008 5.710550 5.270711 4.989746 4.815953 4.711811 4.651328 4.617268 4.598662 4.588797 4.583718 4.581178 4.579942 4.579357 4.579084 4.578954 4.578878 4.578804 4.578684 4.578448 4.577974 4.577035 4.575223 4.571818 4.565598 4.554549 4.535481 4.503528 4.451572 4.369673 4.244667 4.060194 3.797511 3.437497 2.964139 2.369434 1.658858 0.855482 0.000000 
50.000000 42.992308 36.229732 29.931689 24.270685 19.358979 15.244673 11.916717 9.316661 7.354048 5.922292 4.912495 4.223700 3.769125 3.478750 3.299138 3.191511 3.129005 3.093807 3.074579 3.064384 3.059136 3.056511 3.055234 3.054630 3.054349 3.054217 3.054145 3.054083 3.053989 3.053809 3.053449 3.052741 3.051379 3.048833 3.044205 3.036033 3.022022 2.998719 2.961146 2.902477 2.813864 2.684605 2.502846 2.257045 1.938253 1.543042 1.076439 0.553749 0.000000 
50.000000 42.831702 35.914144 29.471776 23.681060 18.656830 14.448285 11.044120 8.384538 6.377008 4.912495 3.879603 3.175061 2.710098 2.413091 2.229379 2.119296 2.055365 2.019364 1.999698 1.989271 1.983903 1.981219 1.979914 1.979296 1.979010 1.978877 1.978809 1.978756 1.978685 1.978554 1.978293 1.977782 1.976805 1.974985 1.971694 1.965914 1.956067 1.939801 1.913776 1.873480 1.813181 1.726102 1.604957 1.442932 1.235112 0.980176 0.681941 0.350168 0.000000 
50.000000 42.722141 35.698858 29.158038 23.278841 18.177856 13.905033 10.448889 7.748712 5.710550 4.223700 3.175061 2.459783 1.987739 1.686211 1.499705 1.387948 1.323046 1.286498 1.266534 1.255949 1.250500 1.247775 1.246450 1.245823 1.245534 1.245401 1.245336 1.245292 1.245239 1.245146 1.244965 1.244613 1.243940 1.242694 1.240450 1.236531 1.229892 1.218994 1.201678 1.175069 1.135575 1.079034 1.001084 0.897788 0.766493 0.606782 0.421286 0.216025 0.000000 
50.000000 42.649827 35.556766 28.950967 23.013374 17.861733 13.546492 10.056048 7.329084 5.270711 3.769125 2.710098 1.987739 1.511025 1.206516 1.018167 0.905307 0.839764 0.802856 0.782695 0.772006 0.766504 0.763752 0.762414 0.761782 0.761490 0.761357 0.761294 0.761257 0.761218 0.761155 0.761034 0.760800 0.760356 0.759536 0.758067 0.755512 0.751208 0.744184 0.733092 0.716162 0.691213 0.655763 0.607266 0.543495 0.463041 0.365839 0.253588 0.129894 0.000000 
50.000000 42.603630 35.465990 28.818680 22.843784 17.659786 13.317449 9.805098 7.061026 4.989746 3.478750 2.413091 1.686211 1.206516 0.900104 0.710579 0.597015 0.531064 0.493926 0.473640 0.462885 0.457348 0.454579 0.453233 0.452597 0.452303 0.452171 0.452110 0.452077 0.452048 0.452006 0.451929 0.451779 0.451497 0.450978 0.450052 0.448449 0.445761 0.441397 0.434545 0.424149 0.408924 0.387430 0.358221 0.320061 0.272215 0.214730 0.148652 0.076078 0.000000 
50.000000 42.575051 35.409834 28.736846 22.738874 17.534862 13.175766 9.649866 6.895214 4.815953 3.299138 2.229379 1.499705 1.018167 0.710579 0.520327 0.406328 0.340125 0.302845 0.282481 0.271685 0.266127 0.263348 0.261997 0.261358 0.261064 0.260932 0.260872 0.260842 0.260821 0.260794 0.260745 0.260653 0.260480 0.260164 0.259601 0.258631 0.257011 0.254394 0.250305 0.244135 0.235148 0.222533 0.205485 0.183336 0.155709 0.122668 0.084831 0.043385 0.000000 
50.000000 42.557924 35.376181 28.687805 22.676004 17.459998 13.090861 9.556843 6.795852 4.711811 3.191511 2.119296 1.387948 0.905307 0.597015 0.406328 0.292069 0.225715 0.188350 0.167940 0.157119 0.151549 0.148763 0.147409 0.146769 0.146475 0.146342 0.146284 0.146256 0.146239 0.146221 0.146192 0.146137 0.146035 0.145848 0.145518 0.144951 0.144008 0.142491 0.140132 0.136588 0.131452 0.124277 0.114628 0.102151 0.086655 0.068194 0.047119 0.024085 0.000000 
50.000000 42.547976 35.356634 28.659320 22.639488 17.416517 13.041549 9.502816 6.738146 4.651328 3.129006 2.055365 1.323046 0.839764 0.531064 0.340125 0.225715 0.159273 0.121859 0.101422 0.090587 0.085010 0.082220 0.080865 0.080224 0.079929 0.079797 0.079739 0.079712 0.079698 0.079686 0.079669 0.079637 0.079579 0.079472 0.079285 0.078965 0.078434 0.077583 0.076265 0.074294 0.071449 0.067491 0.062192 0.055366 0.046921 0.036892 0.025472 0.013014 0.000000 
50.000000 42.542374 35.345625 28.643278 22.618923 17.392030 13.013778 9.472392 6.705649 4.617269 3.093808 2.019365 1.286499 0.802857 0.493927 0.302846 0.188351 0.121860 0.084419 0.063967 0.053124 0.047542 0.044751 0.043394 0.042753 0.042458 0.042326 0.042268 0.042242 0.042230 0.042221 0.042211 0.042193 0.042161 0.042102 0.042000 0.041824 0.041535 0.041073 0.040359 0.039296 0.037768 0.035649 0.032823 0.029196 0.024722 0.019423 0.013403 0.006845 0.000000 
50.000000 42.539313 35.339611 28.634514 22.607689 17.378653 12.998607 9.455771 6.687897 4.598664 3.074581 1.999700 1.266536 0.782698 0.473642 0.282484 0.167943 0.101424 0.063968 0.043508 0.032661 0.027077 0.024284 0.022927 0.022285 0.021990 0.021858 0.021800 0.021776 0.021764 0.021758 0.021751 0.021742 0.021724 0.021693 0.021638 0.021546 0.021393 0.021149 0.020775 0.020218 0.019421 0.018320 0.016856 0.014982 0.012677 0.009953 0.006865 0.003505 0.000000 
50.000000 42.537690 35.336423 28.629868 22.601733 17.371562 12.990566 9.446962 6.678488 4.588803 3.064390 1.989278 1.255956 0.772013 0.462891 0.271692 0.157126 0.090594 0.053129 0.032665 0.021815 0.016230 0.013437 0.012079 0.011438 0.011143 0.011011 0.010953 0.010928 0.010917 0.010912 0.010908 0.010903 0.010894 0.010877 0.010849 0.010802 0.010723 0.010599 0.010408 0.010125 0.009721 0.009165 0.008427 0.007485 0.006330 0.004967 0.003424 0.001748 0.000000 
50.000000 42.536856 35.334783 28.627479 22.598672 17.367916 12.986432 9.442433 6.673651 4.583733 3.059151 1.983920 1.250517 0.766520 0.457364 0.266144 0.151566 0.085026 0.047558 0.027091 0.016240 0.010654 0.007861 0.006503 0.005861 0.005566 0.005434 0.005377 0.005352 0.005342 0.005337 0.005334 0.005331 0.005326 0.005318 0.005304 0.005280 0.005241 0.005179 0.005085 0.004945 0.004745 0.004472 0.004109 0.003648 0.003083 0.002418 0.001667 0.000850 0.000000 
50.000000 42.536442 35.333969 28.626293 22.597151 17.366106 12.984378 9.440183 6.671248 4.581216 3.056550 1.981259 1.247815 0.763793 0.454620 0.263389 0.148804 0.082261 0.044791 0.024323 0.013471 0.007885 0.005092 0.003734 0.003092 0.002797 0.002665 0.002608 0.002583 0.002573 0.002568 0.002566 0.002564 0.002562 0.002558 0.002551 0.002539 0.002520 0.002490 0.002444 0.002376 0.002279 0.002147 0.001972 0.001750 0.001478 0.001159 0.000798 0.000407 0.000000 
50.000000 42.536247 35.333587 28.625736 22.596437 17.365255 12.983414 9.439127 6.670120 4.580033 3.055328 1.980009 1.246547 0.762512 0.453331 0.262095 0.147508 0.080963 0.043492 0.023023 0.012171 0.006585 0.003791 0.002434 0.001792 0.001497 0.001365 0.001307 0.001283 0.001273 0.001268 0.001267 0.001265 0.001264 0.001262 0.001258 0.001252 0.001243 0.001228 0.001205 0.001171 0.001123 0.001057 0.000970 0.000861 0.000727 0.000570 0.000392 0.000200 0.000000 
50.000000 42.536171 35.333437 28.625517 22.596157 17.364922 12.983036 9.438713 6.669678 4.579570 3.054849 1.979519 1.246050 0.762010 0.452826 0.261588 0.146999 0.080454 0.042982 0.022513 0.011662 0.006075 0.003282 0.001924 0.001282 0.000987 0.000855 0.000798 0.000773 0.000763 0.000759 0.000757 0.000756 0.000755 0.000754 0.000752 0.000748 0.000742 0.000733 0.000719 0.000699 0.000670 0.000630 0.000579 0.000513 0.000433 0.000339 0.000234 0.000119 0.000000 
50.000000 42.536171 35.333437 28.625517 22.596157 17.364922 12.983036 9.438713 6.669678 4.579570 3.054849 1.979519 1.246050 0.762010 0.452826 0.261588 0.146999 0.080454 0.042982 0.022513 0.011662 0.006075 0.003282 0.001924 0.001282 0.000987 0.000855 0.000798 0.000773 0.000763 0.000759 0.000757 0.000756 0.000755 0.000754 0.000752 0.000748 0.000742 0.000733 0.000719 0.000699 0.000670 0.000630 0.000579 0.000513 0.000433 0.000339 0.000234 0.000119 0.000000 
50.000000 42.536247 35.333587 28.625736 22.596437 17.365255 12.983414 9.439127 6.670120 4.580033 3.055328 1.980009 1.246547 0.762512 0.453331 0.262095 0.147508 0.080963 0.043492 0.023023 0.012171 0.006585 0.003791 0.002434 0.001792 0.001497 0.001365 0.001307 0.001283 0.001273 0.001268 0.001267 0.001265 0.001264 0.001262 0.001258 0.001252 0.001243 0.001228 0.001205 0.001171 0.001123 0.001057 0.000970 0.000861 0.000727 0.000570 0.000392 0.000200 0.000000 
50.000000 42.536442 35.333969 28.626293 22.597151 17.366106 12.984378 9.440183 6.671248 4.581216 3.056550 1.981259 1.247815 0.763793 0.454620 0.263389 0.148804 0.082261 0.044791 0.024323 0.013471 0.007885 0.005092 0.003734 0.003092 0.002797 0.002665 0.002608 0.002583 0.002573 0.002568 0.002566 0.002564 0.002562 0.002558 0.002551 0.002539 0.002520 0.002490 0.002444 0.002376 0.002279 0.002147 0.001972 0.001750 0.001478 0.001159 0.000798 0.000407 0.000000 
50.000000 42.536856 35.334783 28.627479 22.598672 17.367916 12.986432 9.442433 6.673651 4.583733 3.059151 1.983920 1.250517 0.766520 0.457364 0.266144 0.151566 0.085026 0.047558 0.027091 0.016240 0.010654 0.007861 0.006503 0.005861 0.005566 0.005434 0.005377 0.005352 0.005342 0.005337 0.005334 0.005331 0.005326 0.005318 0.005304 0.005280 0.005241 0.005179 0.005085 0.004945 0.004745 0.004472 0.004109 0.003648 0.003083 0.002418 0.001667 0.000850 0.000000 
50.000000 42.537690 35.336423 28.629868 22.601733 17.371562 12.990566 9.446962 6.678488 4.588803 3.064390 1.989278 1.255956 0.772013 0.462891 0.271692 0.157126 0.090594 0.053129 0.032665 0.021815 0.016230 0.013437 0.012079 0.011438 0.011143 0.011011 0.010953 0.010928 0.010917 0.010912 0.010908 0.010903 0.010894 0.010877 0.010849 0.010802 0.010723 0.010599 0.010408 0.010125 0.009721 0.009165 0.008427 0.007485 0.006330 0.004967 0.003424 0.001748 0.000000 
50.000000 42.539313 35.339611 28.634514 22.607689 17.378653 12.998607 9.455771 6.687897 4.598664 3.074581 1.999700 1.266536 0.782698 0.473642 0.282484 0.167943 0.101424 0.063968 0.043508 0.032661 0.027077 0.024284 0.022927 0.022285 0.021990 0.021858 0.021800 0.021776 0.021764 0.021758 0.021751 0.021742 0.021724 0.021693 0.021638 0.021546 0.021393 0.021149 0.020775 0.020218 0.019421 0.018320 0.016856 0.014982 0.012677 0.009953 0.006865 0.003505 0.000000 
50.000000 42.542374 35.345625 28.643278 22.618923 17.392030 13.013778 9.472392 6.705649 4.617269 3.093808 2.019365 1.286499 0.802857 0.493927 0.302846 0.188351 0.121860 0.084419 0.063967 0.053124 0.047542 0.044751 0.043394 0.042753 0.042458 0.042326 0.042268 0.042242 0.042230 0.042221 0.042211 0.042193 0.042161 0.042102 0.042000 0.041824 0.041535 0.041073 0.040359 0.039296 0.037768 0.035649 0.032823 0.029196 0.024722 0.019423 0.013403 0.006845 0.000000 
50.000000 42.547976 35.356634 28.659320 22.639488 17.416517 13.041549 9.502816 6.738146 4.651328 3.129006 2.055365 1.323046 0.839764 0.531064 0.340125 0.225715 0.159273 0.121859 0.101422 0.090587 0.085010 0.082220 0.080865 0.080224 0.079929 0.079797 0.079739 0.079712 0.079698 0.079686 0.079669 0.079637 0.079579 0.079472 0.079285 0.078965 0.078434 0.077583 0.076265 0.074294 0.071449 0.067491 0.062192 0.055366 0.046921 0.036892 0.025472 0.013014 0.000000 
50.000000 42.557924 35.376181 28.687805 22.676004 17.459998 13.090861 9.556843 6.795852 4.711811 3.191511 2.119296 1.387948 0.905307 0.597015 0.406328 0.292069 0.225715 0.188350 0.167940 0.157119 0.151549 0.148763 0.147409 0.146769 0.146475 0.146342 0.146284 0.146256 0.146239 0.146221 0.146192 0.146137 0.146035 0.145848 0.145518 0.144951 0.144008 0.142491 0.140132 0.136588 0.131452 0.124277 0.114628 0.102151 0.086655 0.068194 0.047119 0.024085 0.000000 
50.000000 42.575051 35.409834 28.736846 22.738874 17.534862 13.175766 9.649866 6.895214 4.815953 3.299138 2.229379 1.499705 1.018167 0.710579 0.520327 0.406328 0.340125 0.302845 0.282481 0.271685 0.266127 0.263348 0.261997 0.261358 0.261064 0.260932 0.260872 0.260842 0.260821 0.260794 0.260745 0.260653 0.260480 0.260164 0.259601 0.258631 0.257011 0.254394 0.250305 0.244135 0.235148 0.222533 0.205485 0.183336 0.155709 0.122668 0.084831 0.043385 0.000000 
50.000000 42.603630 35.465990 28.818680 22.843784 17.659786 13.317449 9.805098 7.061026 4.989746 3.478750 2.413091 1.686211 1.206516 0.900104 0.710579 0.597015 0.531064 0.493926 0.473640 0.462885 0.457348 0.454579 0.453233 0.452597 0.452303 0.452171 0.452110 0.452077 0.452048 0.452006 0.451929 0.451779 0.451497 0.450978 0.450052 0.448449 0.445761 0.441397 0.434545 0.424149 0.408924 0.387430 0.358221 0.320061 0.272215 0.214730 0.148652 0.076078 0.000000 
50.000000 42.649827 35.556766 28.950967 23.013374 17.861733 13.546492 10.056048 7.329084 5.270711 3.769125 2.710098 1.987739 1.511025 1.206516 1.018167 0.905307 0.839764 0.802856 0.782695 0.772006 0.766504 0.763752 0.762414 0.761782 0.761490 0.761357 0.761294 0.761257 0.761218 0.761155 0.761034 0.760800 0.760356 0.759536 0.758067 0.755512 0.751208 0.744184 0.733092 0.716162 0.691213 0.655763 0.607266 0.543495 0.463041 0.365839 0.253588 0.129894 0.000000 
50.000000 42.722141 35.698858 29.158038 23.278841 18.177856 13.905033 10.448889 7.748712 5.710550 4.223700 3.175061 2.459783 1.987739 1.686211 1.499705 1.387948 1.323046 1.286498 1.266534 1.255949 1.250500 1.247775 1.246450 1.245823 1.245534 1.245401 1.245336 1.245292 1.245239 1.245146 1.244965 1.244613 1.243940 1.242694 1.240450 1.236531 1.229892 1.218994 1.201678 1.175069 1.135575 1.079034 1.001084 0.897788 0.766493 0.606782 0.421286 0.216025 0.000000 
50.000000 42.831702 35.914144 29.471776 23.681060 18.656830 14.448285 11.044120 8.384538 6.377008 4.912495 3.879603 3.175061 2.710098 2.413091 2.229379 2.119296 2.055365 2.019364 1.999698 1.989271 1.983903 1.981219 1.979914 1.979296 1.979010 1.978877 1.978809 1.978756 1.978685 1.978554 1.978293 1.977782 1.976805 1.974985 1.971694 1.965914 1.956067 1.939801 1.913776 1.873480 1.813181 1.726102 1.604957 1.442932 1.235112 0.980176 0.681941 0.350168 0.000000 
50.000000 42.992308 36.229732 29.931689 24.270685 19.358979 15.244673 11.916717 9.316661 7.354048 5.922292 4.912495 4.223700 3.769125 3.478750 3.299138 3.191511 3.129005 3.093807 3.074579 3.064384 3.059136 3.056511 3.055234 3.054630 3.054349 3.054217 3.054145 3.054083 3.053989 3.053809 3.053449 3.052741 3.051379 3.048833 3.044205 3.036033 3.022022 2.998719 2.961146 2.902477 2.813864 2.684605 2.502846 2.257045 1.938253 1.543042 1.076439 0.553749 0.000000 
50.000000 43.220006 36.677157 30.583734 25.106636 20.354476 16.373793 13.153902 10.638256 8.739345 7.354048 6.377008 5.710550 5.270711 4.989746 4.815953 4.711811 4.651328 4.617268 4.598662 4.588797 4.583718 4.581178 4.579942 4.579357 4.579084 4.578954 4.578878 4.578804 4.578684 4.578448 4.577974 4.577035 4.575223 4.571818 4.565598 4.554549 4.535481 4.503528 4.451572 4.369673 4.244667 4.060194 3.797511 3.437497 2.964139 2.369434 1.658858 0.855482 0.000000 
50.000000 43.532104 37.290428 31.477479 26.252468 21.719007 17.921498 14.849752 12.449831 10.638256 9.316661 8.384538 7.748712 7.329084 7.061026 6.895214 6.795852 6.738145 6.705648 6.687895 6.678482 6.673636 6.671212 6.670033 6.669474 6.669212 6.669085 6.669006 6.668920 6.668773 6.668478 6.667882 6.666697 6.664401 6.660066 6.652102 6.637870 6.613137 6.571357 6.502797 6.393590 6.224915 5.972658 5.608093 5.100326 4.421250 3.553398 2.499925 1.293722 0.000000 
50.000000 43.945539 38.102832 32.661434 27.770375 23.526647 19.971814 17.096344 14.849752 13.153902 11.916717 11.044120 10.448889 10.056048 9.805098 9.649866 9.556843 9.502816 9.472391 9.455769 9.446956 9.442419 9.440149 9.439045 9.438521 9.438274 9.438152 9.438071 9.437975 9.437802 9.437453 9.436743 9.435325 9.432566 9.427333 9.417667 9.400285 9.369856 9.318017 9.232112 9.093708 8.877094 8.548172 8.064487 7.377574 6.439215 5.213193 3.692853 1.920819 0.000000 
50.000000 44.474686 39.142612 34.176761 29.713137 25.840252 22.596044 19.971814 17.921498 16.373793 15.244673 14.448285 13.905033 13.546492 13.317449 13.175766 13.090861 13.041548 13.013777 12.998605 12.990561 12.986419 12.984347 12.983339 12.982860 12.982634 12.982519 12.982438 12.982335 12.982144 12.981754 12.980956 12.979357 12.976233 12.970281 12.959228 12.939226 12.903950 12.843328 12.741827 12.576282 12.313405 11.907327 11.298022 10.412234 9.169697 7.498678 5.364853 2.812410 0.000000 
50.000000 45.128828 40.428012 36.050051 32.114847 28.700431 25.840252 23.526647 21.719007 20.354476 19.358979 18.656830 18.177856 17.861733 17.659786 17.534862 17.459998 17.416517 17.392029 17.378651 17.371557 17.367905 17.366078 17.365189 17.364766 17.364565 17.364461 17.364384 17.364279 17.364081 17.363673 17.362835 17.361151 17.357848 17.351525 17.339725 17.318238 17.280068 17.213898 17.101934 16.916979 16.618680 16.149073 15.428019 14.350216 12.787608 10.604932 7.701089 4.088965 0.000000 
50.000000 45.909714 41.962471 38.286320 34.981937 32.114847 29.713137 27.770375 26.252468 25.106636 24.270685 23.681060 23.278841 23.013374 22.843784 22.738874 22.676004 22.639488 22.618923 22.607687 22.601730 22.598662 22.597127 22.596380 22.596025 22.595855 22.595766 22.595696 22.595598 22.595407 22.595013 22.594202 22.592568 22.589349 22.583165 22.571568 22.550332 22.512348 22.445948 22.332432 22.142498 21.831217 21.331160 20.543440 19.327239 17.490968 14.795331 10.994665 5.969108 0.000000 
50.000000 46.809695 43.730957 40.863657 38.286320 36.050051 34.176761 32.661434 31.477479 30.583734 29.931689 29.471776 29.158038 28.950967 28.818680 28.736846 28.687804 28.659320 28.643277 28.634513 28.629865 28.627472 28.626275 28.625692 28.625414 28.625281 28.625210 28.625153 28.625068 28.624904 28.624562 28.623855 28.622428 28.619610 28.614179 28.603950 28.585127 28.551256 28.491601 28.388647 28.214300 27.924081 27.448241 26.678083 25.445120 23.490989 20.431829 15.747158 8.911895 0.000000 
50.000000 47.810925 45.698402 43.730957 41.962471 40.428012 39.142612 38.102832 37.290428 36.677157 36.229732 35.914144 35.698858 35.556766 35.465990 35.409834 35.376181 35.356634 35.345625 35.339610 35.336421 35.334778 35.333957 35.333557 35.333366 35.333275 35.333225 35.333184 35.333122 35.333000 35.332747 35.332223 35.331162 35.329062 35.325004 35.317338 35.303177 35.277572 35.232203 35.153293 35.018298 34.790503 34.409979 33.777760 32.726923 30.967807 27.983799 22.849201 14.032565 0.000000 
50.000000 48.885984 47.810925 46.809695 45.909714 45.128828 44.474686 43.945539 43.532104 43.220006 42.992308 42.831702 42.722141 42.649827 42.603630 42.575051 42.557924 42.547976 42.542374 42.539312 42.537689 42.536853 42.536435 42.536232 42.536135 42.536088 42.536062 42.536041 42.536008 42.535943 42.535808 42.535529 42.534962 42.533839 42.531666 42.527552 42.519934 42.506116 42.481534 42.438559 42.364523 42.238382 42.024721 41.662276 41.039862 39.940606 37.897800 33.778360 24.442992 0.000000 
50.000000 50.000000 50.000000 50.000000 50.000000 50.000000 50.000000 50.000000 50.000000 50.000000 50.000000 50.000000 50.000000 50.000000 50.000000 50.000000 50.000000 50.000000 50.000000 50.000000 50.000000 50.000000 50.000000 50.000000 50.000000 50.000000 50.000000 50.000000 50.000000 50.000000 50.000000 50.000000 50.000000 50.000000 50.000000 50.000000 50.000000 50.000000 50.000000 50.000000 50.000000 50.000000 50.000000 50.000000 50.000000 50.000000 50.000000 50.000000 50.000000 50.000000 
