50.000000 50.000000 50.000000 50.000000 50.000000 50.000000 50.000000 50.000000 50.000000 50.000000 50.000000 50.000000 50.000000 50.000000 50.000000 50.000000 50.000000 50.000000 50.000000 50.000000 50.000000 50.000000 50.000000 50.000000 50.000000 50.000000 50.000000 50.000000 50.000000 50.000000 50.000000 50.000000 50.000000 50.000000 50.000000 50.000000 50.000000 50.000000 50.000000 50.000000 50.000000 50.000000 50.000000 50.000000 50.000000 50.000000 50.000000 50.000000 50.000000 50.000000 
50.000000 47.874573 45.890813 44.162116 42.754717 41.683222 40.919471 40.409078 40.088805 39.899782 39.794671 39.739503 39.712125 39.699256 39.693516 39.691082 39.690100 39.689722 39.689583 39.689534 39.689517 39.689512 39.689510 39.689510 39.689510 39.689510 39.689510 39.689510 39.689510 39.689509 39.689509 39.689506 39.689497 39.689472 39.689397 39.689191 39.688641 39.687227 39.683737 39.675445 39.656460 39.614477 39.524462 39.336207 38.948586 38.151518 36.479391 32.792634 23.937286 0.000000 
50.000000 45.890813 42.055531 38.713393 35.992455 33.920949 32.444422 31.457719 30.838575 30.473166 30.269977 30.163335 30.110414 30.085539 30.074443 30.069740 30.067841 30.067111 30.066842 30.066748 30.066716 30.066706 30.066703 30.066702 30.066701 30.066701 30.066701 30.066701 30.066701 30.066701 30.066699 30.066694 30.066679 30.066634 30.066503 30.066139 30.065171 30.062695 30.056605 30.042217 30.009519 29.937950 29.786727 29.477259 28.861125 27.661116 25.362571 21.027765 13.098179 0.000000 
50.000000 44.162116 38.713393 33.965318 30.099820 27.156992 25.059455 23.657794 22.778295 22.259248 21.970637 21.819170 21.744007 21.708678 21.692921 21.686242 21.683546 21.682509 21.682127 21.681993 21.681948 21.681934 21.681929 21.681928 21.681927 21.681927 21.681927 21.681927 21.681927 21.681927 21.681925 21.681919 21.681900 21.681844 21.681684 21.681242 21.680068 21.677079 21.669775 21.652654 21.614149 21.531028 21.358672 21.015059 20.355856 19.138879 16.982659 13.350822 7.682725 0.000000 
50.000000 42.754717 35.992455 30.099820 25.302599 21.650531 19.047549 17.308188 16.216835 15.572786 15.214687 15.026760 14.933510 14.889682 14.870135 14.861850 14.858506 14.857220 14.856747 14.856581 14.856525 14.856506 14.856501 14.856499 14.856499 14.856499 14.856499 14.856498 14.856498 14.856498 14.856496 14.856490 14.856471 14.856415 14.856254 14.855812 14.854644 14.851687 14.844516 14.827863 14.790851 14.712159 14.552192 14.241511 13.665855 12.651300 10.960941 8.331338 4.603199 0.000000 
50.000000 41.683222 33.920949 27.156992 21.650531 17.458634 14.470984 12.474655 11.222119 10.482985 10.072038 9.856389 9.749389 9.699101 9.676675 9.667170 9.663334 9.661858 9.661316 9.661125 9.661061 9.661040 9.661034 9.661032 9.661032 9.661031 9.661031 9.661031 9.661031 9.661031 9.661029 9.661024 9.661007 9.660958 9.660818 9.660433 9.659424 9.656886 9.650778 9.636733 9.605893 9.541310 9.412501 9.168278 8.729317 7.984676 6.801137 5.059823 2.734636 0.000000 
50.000000 40.919471 32.444422 25.059455 19.047549 14.470984 11.209274 9.029895 7.662566 6.855727 6.407159 6.171780 6.054998 6.000115 5.975642 5.965270 5.961085 5.959474 5.958882 5.958674 5.958604 5.958582 5.958575 5.958573 5.958572 5.958572 5.958572 5.958572 5.958572 5.958571 5.958570 5.958566 5.958553 5.958514 5.958405 5.958107 5.957329 5.955384 5.950742 5.940168 5.917223 5.869850 5.776996 5.604637 5.302706 4.806038 4.044396 2.967163 1.583264 0.000000 
50.000000 40.409078 31.457719 23.657794 17.308188 12.474655 9.029895 6.728281 5.284314 4.432285 3.958614 3.710075 3.586769 3.528823 3.502986 3.492036 3.487618 3.485918 3.485294 3.485074 3.485000 3.484976 3.484969 3.484967 3.484966 3.484966 3.484966 3.484966 3.484966 3.484965 3.484965 3.484962 3.484952 3.484925 3.484848 3.484638 3.484093 3.482741 3.479538 3.472310 3.456794 3.425173 3.364140 3.252899 3.062154 2.755996 2.299122 1.670992 0.884616 0.000000 
50.000000 40.088805 30.838575 22.778295 16.216835 11.222119 7.662566 5.284314 3.792309 2.911964 2.422568 2.165788 2.038398 1.978536 1.951846 1.940535 1.935971 1.934215 1.933570 1.933343 1.933267 1.933242 1.933235 1.933233 1.933232 1.933232 1.933232 1.933232 1.933232 1.933231 1.933231 1.933229 1.933223 1.933205 1.933155 1.933020 1.932670 1.931807 1.929779 1.925240 1.915591 1.896155 1.859141 1.792716 1.680809 1.504676 1.247268 0.900625 0.474329 0.000000 
50.000000 39.899782 30.473166 22.259248 15.572786 10.482985 6.855727 4.432285 2.911964 2.014932 1.516274 1.254640 1.124847 1.063858 1.036665 1.025142 1.020493 1.018704 1.018047 1.017816 1.017738 1.017713 1.017706 1.017703 1.017703 1.017702 1.017702 1.017702 1.017702 1.017702 1.017702 1.017701 1.017697 1.017686 1.017656 1.017576 1.017368 1.016859 1.015670 1.013029 1.007466 0.996373 0.975491 0.938504 0.877091 0.781935 0.645099 0.463646 0.243322 0.000000 
50.000000 39.794671 30.269977 21.970637 15.214687 10.072038 6.407159 3.958614 2.422568 1.516274 1.012475 0.748149 0.617023 0.555410 0.527939 0.516298 0.511602 0.509795 0.509131 0.508898 0.508820 0.508794 0.508786 0.508784 0.508783 0.508783 0.508783 0.508783 0.508783 0.508783 0.508783 0.508782 0.508780 0.508774 0.508757 0.508713 0.508598 0.508318 0.507669 0.506237 0.503244 0.497329 0.486304 0.466990 0.435304 0.386824 0.317984 0.227760 0.119226 0.000000 
50.000000 39.739503 30.163335 21.819170 15.026760 9.856389 6.171780 3.710075 2.165788 1.254640 0.748149 0.482415 0.350592 0.288651 0.261036 0.249333 0.244612 0.242796 0.242129 0.241895 0.241816 0.241790 0.241782 0.241780 0.241779 0.241779 0.241779 0.241779 0.241779 0.241779 0.241779 0.241779 0.241777 0.241774 0.241766 0.241742 0.241683 0.241539 0.241208 0.240480 0.238970 0.236009 0.230536 0.221039 0.205610 0.182244 0.149395 0.106730 0.055766 0.000000 
50.000000 39.712125 30.110414 21.744007 14.933510 9.749389 6.054998 3.586769 2.038398 1.124847 0.617023 0.350592 0.218424 0.156322 0.128635 0.116902 0.112169 0.110348 0.109679 0.109444 0.109365 0.109339 0.109331 0.109329 0.109328 0.109328 0.109328 0.109328 0.109328 0.109328 0.109328 0.109328 0.109327 0.109326 0.109321 0.109310 0.109281 0.109212 0.109053 0.108705 0.107988 0.106590 0.104027 0.099614 0.092503 0.081823 0.066929 0.047720 0.024898 0.000000 
50.000000 39.699256 30.085539 21.708678 14.889682 9.699101 6.000115 3.528823 1.978536 1.063858 0.555410 0.288651 0.156322 0.094144 0.066423 0.054676 0.049938 0.048115 0.047445 0.047209 0.047130 0.047105 0.047097 0.047094 0.047094 0.047094 0.047093 0.047093 0.047093 0.047093 0.047093 0.047093 0.047093 0.047092 0.047090 0.047085 0.047072 0.047041 0.046968 0.046812 0.046490 0.045866 0.044730 0.042787 0.039677 0.035038 0.028610 0.020367 0.010615 0.000000 
50.000000 39.693516 30.074443 21.692921 14.870135 9.676675 5.975642 3.502986 1.951846 1.036665 0.527939 0.261036 0.128635 0.066423 0.038687 0.026934 0.022193 0.020369 0.019699 0.019463 0.019384 0.019358 0.019351 0.019348 0.019348 0.019347 0.019347 0.019347 0.019347 0.019347 0.019347 0.019347 0.019347 0.019347 0.019346 0.019344 0.019338 0.019324 0.019293 0.019226 0.019090 0.018826 0.018348 0.017535 0.016242 0.014324 0.011680 0.008304 0.004324 0.000000 
50.000000 39.691082 30.069740 21.686242 14.861850 9.667170 5.965270 3.492036 1.940535 1.025142 0.516298 0.249333 0.116902 0.054676 0.026934 0.015179 0.010436 0.008612 0.007941 0.007706 0.007627 0.007601 0.007593 0.007591 0.007590 0.007590 0.007590 0.007590 0.007590 0.007590 0.007590 0.007590 0.007590 0.007590 0.007589 0.007588 0.007586 0.007580 0.007568 0.007541 0.007486 0.007380 0.007188 0.006865 0.006352 0.005596 0.004558 0.003237 0.001685 0.000000 
50.000000 39.690100 30.067841 21.683546 14.858506 9.663334 5.961085 3.487618 1.935971 1.020493 0.511602 0.244612 0.112169 0.049938 0.022193 0.010436 0.005693 0.003868 0.003198 0.002963 0.002883 0.002858 0.002850 0.002848 0.002847 0.002847 0.002847 0.002847 0.002847 0.002847 0.002847 0.002847 0.002847 0.002847 0.002846 0.002846 0.002845 0.002843 0.002838 0.002828 0.002806 0.002766 0.002693 0.002570 0.002376 0.002091 0.001702 0.001208 0.000628 0.000000 
50.000000 39.689722 30.067111 21.682509 14.857220 9.661858 5.959474 3.485918 1.934215 1.018704 0.509795 0.242796 0.110348 0.048115 0.020369 0.008612 0.003868 0.002044 0.001374 0.001138 0.001059 0.001033 0.001025 0.001023 0.001022 0.001022 0.001022 0.001022 0.001022 0.001022 0.001022 0.001022 0.001022 0.001022 0.001022 0.001022 0.001021 0.001021 0.001019 0.001015 0.001007 0.000992 0.000966 0.000921 0.000851 0.000749 0.000609 0.000432 0.000224 0.000000 
50.000000 39.689583 30.066842 21.682127 14.856747 9.661316 5.958882 3.485294 1.933570 1.018047 0.509131 0.242129 0.109679 0.047445 0.019699 0.007941 0.003198 0.001374 0.000703 0.000468 0.000388 0.000363 0.000355 0.000353 0.000352 0.000352 0.000352 0.000352 0.000352 0.000352 0.000352 0.000352 0.000352 0.000352 0.000352 0.000352 0.000351 0.000351 0.000350 0.000349 0.000346 0.000341 0.000332 0.000317 0.000292 0.000257 0.000209 0.000148 0.000077 0.000000 
50.000000 39.689534 30.066748 21.681993 14.856581 9.661125 5.958674 3.485074 1.933343 1.017816 0.508898 0.241895 0.109444 0.047209 0.019463 0.007706 0.002963 0.001138 0.000468 0.000232 0.000153 0.000127 0.000119 0.000117 0.000116 0.000116 0.000116 0.000116 0.000116 0.000116 0.000116 0.000116 0.000116 0.000116 0.000116 0.000116 0.000116 0.000116 0.000116 0.000115 0.000114 0.000113 0.000110 0.000104 0.000096 0.000085 0.000069 0.000049 0.000025 0.000000 
50.000000 39.689517 30.066716 21.681948 14.856525 9.661061 5.958604 3.485000 1.933267 1.017738 0.508820 0.241816 0.109365 0.047130 0.019384 0.007627 0.002883 0.001059 0.000388 0.000153 0.000074 0.000048 0.000040 0.000038 0.000037 0.000037 0.000037 0.000037 0.000037 0.000037 0.000037 0.000037 0.000037 0.000037 0.000037 0.000037 0.000037 0.000037 0.000037 0.000037 0.000036 0.000036 0.000035 0.000033 0.000031 0.000027 0.000022 0.000015 0.000008 0.000000 
50.000000 39.689512 30.066706 21.681934 14.856506 9.661040 5.958582 3.484976 1.933242 1.017713 0.508794 0.241790 0.109339 0.047105 0.019358 0.007601 0.002858 0.001033 0.000363 0.000127 0.000048 0.000022 0.000015 0.000012 0.000011 0.000011 0.000011 0.000011 0.000011 0.000011 0.000011 0.000011 0.000011 0.000011 0.000011 0.000011 0.000011 0.000011 0.000011 0.000011 0.000011 0.000011 0.000011 0.000010 0.000009 0.000008 0.000007 0.000005 0.000002 0.000000 
50.000000 39.689510 30.066703 21.681929 14.856501 9.661034 5.958575 3.484969 1.933235 1.017706 0.508786 0.241782 0.109331 0.047097 0.019351 0.007593 0.002850 0.001025 0.000355 0.000119 0.000040 0.000015 0.000007 0.000004 0.000004 0.000003 0.000003 0.000003 0.000003 0.000003 0.000003 0.000003 0.000003 0.000003 0.000003 0.000003 0.000003 0.000003 0.000003 0.000003 0.000003 0.000003 0.000003 0.000003 0.000003 0.000002 0.000002 0.000001 0.000001 0.000000 
50.000000 39.689510 30.066702 21.681928 14.856499 9.661032 5.958573 3.484967 1.933233 1.017703 0.508784 0.241780 0.109329 0.047094 0.019348 0.007591 0.002848 0.001023 0.000353 0.000117 0.000038 0.000012 0.000004 0.000002 0.000001 0.000001 0.000001 0.000001 0.000001 0.000001 0.000001 0.000001 0.000001 0.000001 0.000001 0.000001 0.000001 0.000001 0.000001 0.000001 0.000001 0.000001 0.000001 0.000001 0.000001 0.000001 0.000001 0.000000 0.000000 0.000000 
50.000000 39.689510 30.066701 21.681928 14.856499 9.661032 5.958572 3.484966 1.933232 1.017703 0.508783 0.241779 0.109328 0.047094 0.019348 0.007590 0.002847 0.001022 0.000352 0.000116 0.000037 0.000012 0.000004 0.000001 0.000001 0.000000 0.000000 0.000000 0.000000 0.000000 0.000000 0.000000 0.000000 0.000000 0.000000 0.000000 0.000000 0.000000 0.000000 0.000000 0.000000 0.000000 0.000000 0.000000 0.000000 0.000000 0.000000 0.000000 0.000000 0.000000 
50.000000 39.689510 30.066701 21.681928 14.856499 9.661032 5.958572 3.484966 1.933232 1.017703 0.508783 0.241779 0.109328 0.047094 0.019348 0.007590 0.002847 0.001022 0.000352 0.000116 0.000037 0.000012 0.000004 0.000001 0.000001 0.000000 0.000000 0.000000 0.000000 0.000000 0.000000 0.000000 0.000000 0.000000 0.000000 0.000000 0.000000 0.000000 0.000000 0.000000 0.000000 0.000000 0.000000 0.000000 0.000000 0.000000 0.000000 0.000000 0.000000 0.000000 
50.000000 39.689510 30.066702 21.681928 14.856499 9.661032 5.958573 3.484967 1.933233 1.017703 0.508784 0.241780 0.109329 0.047094 0.019348 0.007591 0.002848 0.001023 0.000353 0.000117 0.000038 0.000012 0.000004 0.000002 0.000001 0.000001 0.000001 0.000001 0.000001 0.000001 0.000001 0.000001 0.000001 0.000001 0.000001 0.000001 0.000001 0.000001 0.000001 0.000001 0.000001 0.000001 0.000001 0.000001 0.000001 0.000001 0.000001 0.000000 0.000000 0.000000 
50.000000 39.689510 30.066703 21.681929 14.856501 9.661034 5.958575 3.484969 1.933235 1.017706 0.508786 0.241782 0.109331 0.047097 0.019351 0.007593 0.002850 0.001025 0.000355 0.000119 0.000040 0.000015 0.000007 0.000004 0.000004 0.000003 0.000003 0.000003 0.000003 0.000003 0.000003 0.000003 0.000003 0.000003 0.000003 0.000003 0.000003 0.000003 0.000003 0.000003 0.000003 0.000003 0.000003 0.000003 0.000003 0.000002 0.000002 0.000001 0.000001 0.000000 
50.000000 39.689512 30.066706 21.681934 14.856506 9.661040 5.958582 3.484976 1.933242 1.017713 0.508794 0.241790 0.109339 0.047105 0.019358 0.007601 0.002858 0.001033 0.000363 0.000127 0.000048 0.000022 0.000015 0.000012 0.000011 0.000011 0.000011 0.000011 0.000011 0.000011 0.000011 0.000011 0.000011 0.000011 0.000011 0.000011 0.000011 0.000011 0.000011 0.000011 0.000011 0.000011 0.000011 0.000010 0.000009 0.000008 0.000007 0.000005 0.000002 0.000000 
50.000000 39.689517 30.066716 21.681948 14.856525 9.661061 5.958604 3.485000 1.933267 1.017738 0.508820 0.241816 0.109365 0.047130 0.019384 0.007627 0.002883 0.001059 0.000388 0.000153 0.000074 0.000048 0.000040 0.000038 0.000037 0.000037 0.000037 0.000037 0.000037 0.000037 0.000037 0.000037 0.000037 0.000037 0.000037 0.000037 0.000037 0.000037 0.000037 0.000037 0.000036 0.000036 0.000035 0.000033 0.000031 0.000027 0.000022 0.000015 0.000008 0.000000 
50.000000 39.689534 30.066748 21.681993 14.856581 9.661125 5.958674 3.485074 1.933343 1.017816 0.508898 0.241895 0.109444 0.047209 0.019463 0.007706 0.002963 0.001138 0.000468 0.000232 0.000153 0.000127 0.000119 0.000117 0.000116 0.000116 0.000116 0.000116 0.000116 0.000116 0.000116 0.000116 0.000116 0.000116 0.000116 0.000116 0.000116 0.000116 0.000116 0.000115 0.000114 0.000113 0.000110 0.000104 0.000096 0.000085 0.000069 0.000049 0.000025 0.000000 
50.000000 39.689583 30.066842 21.682127 14.856747 9.661316 5.958882 3.485294 1.933570 1.018047 0.509131 0.242129 0.109679 0.047445 0.019699 0.007941 0.003198 0.001374 0.000703 0.000468 0.000388 0.000363 0.000355 0.000353 0.000352 0.000352 0.000352 0.000352 0.000352 0.000352 0.000352 0.000352 0.000352 0.000352 0.000352 0.000352 0.000351 0.000351 0.000350 0.000349 0.000346 0.000341 0.000332 0.000317 0.000292 0.000257 0.000209 0.000148 0.000077 0.000000 
50.000000 39.689722 30.067111 21.682509 14.857220 9.661858 5.959474 3.485918 1.934215 1.018704 0.509795 0.242796 0.110348 0.048115 0.020369 0.008612 0.003868 0.002044 0.001374 0.001138 0.001059 0.001033 0.001025 0.001023 0.001022 0.001022 0.001022 0.001022 0.001022 0.001022 0.001022 0.001022 0.001022 0.001022 0.001022 0.001022 0.001021 0.001021 0.001019 0.001015 0.001007 0.000992 0.000966 0.000921 0.000851 0.000749 0.000609 0.000432 0.000224 0.000000 
50.000000 39.690100 30.067841 21.683546 14.858506 9.663334 5.961085 3.487618 1.935971 1.020493 0.511602 0.244612 0.112169 0.049938 0.022193 0.010436 0.005693 0.003868 0.003198 0.002963 0.002883 0.002858 0.002850 0.002848 0.002847 0.002847 0.002847 0.002847 0.002847 0.002847 0.002847 0.002847 0.002847 0.002847 0.002846 0.002846 0.002845 0.002843 0.002838 0.002828 0.002806 0.002766 0.002693 0.002570 0.002376 0.002091 0.001702 0.001208 0.000628 0.000000 
50.000000 39.691082 30.069740 21.686242 14.861850 9.667170 5.965270 3.492036 1.940535 1.025142 0.516298 0.249333 0.116902 0.054676 0.026934 0.015179 0.010436 0.008612 0.007941 0.007706 0.007627 0.007601 0.007593 0.007591 0.007590 0.007590 0.007590 0.007590 0.007590 0.007590 0.007590 0.007590 0.007590 0.007590 0.007589 0.007588 0.007586 0.007580 0.007568 0.007541 0.007486 0.007380 0.007188 0.006865 0.006352 0.005596 0.004558 0.003237 0.001685 0.000000 
50.000000 39.693516 30.074443 21.692921 14.870135 9.676675 5.975642 3.502986 1.951846 1.036665 0.527939 0.261036 0.128635 0.066423 0.038687 0.026934 0.022193 0.020369 0.019699 0.019463 0.019384 0.019358 0.019351 0.019348 0.019348 0.019347 0.019347 0.019347 0.019347 0.019347 0.019347 0.019347 0.019347 0.019347 0.019346 0.019344 0.019338 0.019324 0.019293 0.019226 0.019090 0.018826 0.018348 0.017535 0.016242 0.014324 0.011680 0.008304 0.004324 0.000000 
50.000000 39.699256 30.085539 21.708678 14.889682 9.699101 6.000115 3.528823 1.978536 1.063858 0.555410 0.288651 0.156322 0.094144 0.066423 0.054676 0.049938 0.048115 0.047445 0.047209 0.047130 0.047105 0.047097 0.047094 0.047094 0.047094 0.047093 0.047093 0.047093 0.047093 0.047093 0.047093 0.047093 0.047092 0.047090 0.047085 0.047072 0.047041 0.046968 0.046812 0.046490 0.045866 0.044730 0.042787 0.039677 0.035038 0.028610 0.020367 0.010615 0.000000 
50.000000 39.712125 30.110414 21.744007 14.933510 9.749389 6.054998 3.586769 2.038398 1.124847 0.617023 0.350592 0.218424 0.156322 0.128635 0.116902 0.112169 0.110348 0.109679 0.109444 0.109365 0.109339 0.109331 0.109329 0.109328 0.109328 0.109328 0.109328 0.109328 0.109328 0.109328 0.109328 0.109327 0.109326 0.109321 0.109310 0.109281 0.109212 0.109053 0.108705 0.107988 0.106590 0.104027 0.099614 0.092503 0.081823 0.066929 0.047720 0.024898 0.000000 
50.000000 39.739503 30.163335 21.819170 15.026760 9.856389 6.171780 3.710075 2.165788 1.254640 0.748149 0.482415 0.350592 0.288651 0.261036 0.249333 0.244612 0.242796 0.242129 0.241895 0.241816 0.241790 0.241782 0.241780 0.241779 0.241779 0.241779 0.241779 0.241779 0.241779 0.241779 0.241779 0.241777 0.241774 0.241766 0.241742 0.241683 0.241539 0.241208 0.240480 0.238970 0.236009 0.230536 0.221039 0.205610 0.182244 0.149395 0.106730 0.055766 0.000000 
50.000000 39.794671 30.269977 21.970637 15.214687 10.072038 6.407159 3.958614 2.422568 1.516274 1.012475 0.748149 0.617023 0.555410 0.527939 0.516298 0.511602 0.509795 0.509131 0.508898 0.508820 0.508794 0.508786 0.508784 0.508783 0.508783 0.508783 0.508783 0.508783 0.508783 0.508783 0.508782 0.508780 0.508774 0.508757 0.508713 0.508598 0.508318 0.507669 0.506237 0.503244 0.497329 0.486304 0.466990 0.435304 0.386824 0.317984 0.227760 0.119226 0.000000 
50.000000 39.899782 30.473166 22.259248 15.572786 10.482985 6.855727 4.432285 2.911964 2.014932 1.516274 1.254640 1.124847 1.063858 1.036665 1.025142 1.020493 1.018704 1.018047 1.017816 1.017738 1.017713 1.017706 1.017703 1.017703 1.017702 1.017702 1.017702 1.017702 1.017702 1.017702 1.017701 1.017697 1.017686 1.017656 1.017576 1.017368 1.016859 1.015670 1.013029 1.007466 0.996373 0.975491 0.938504 0.877091 0.781935 0.645099 0.463646 0.243322 0.000000 
50.000000 40.088805 30.838575 22.778295 16.216835 11.222119 7.662566 5.284314 3.792309 2.911964 2.422568 2.165788 2.038398 1.978536 1.951846 1.940535 1.935971 1.934215 1.933570 1.933343 1.933267 1.933242 1.933235 1.933233 1.933232 1.933232 1.933232 1.933232 1.933232 1.933231 1.933231 1.933229 1.933223 1.933205 1.933155 1.933020 1.932670 1.931807 1.929779 1.925240 1.915591 1.896155 1.859141 1.792716 1.680809 1.504676 1.247268 0.900625 0.474329 0.000000 
50.000000 40.409078 31.457719 23.657794 17.308188 12.474655 9.029895 6.728281 5.284314 4.432285 3.958614 3.710075 3.586769 3.528823 3.502986 3.492036 3.487618 3.485918 3.485294 3.485074 3.485000 3.484976 3.484969 3.484967 3.484966 3.484966 3.484966 3.484966 3.484966 3.484965 3.484965 3.484962 3.484952 3.484925 3.484848 3.484638 3.484093 3.482741 3.479538 3.472310 3.456794 3.425173 3.364140 3.252899 3.062154 2.755996 2.299122 1.670992 0.884616 0.000000 
50.000000 40.919471 32.444422 25.059455 19.047549 14.470984 11.209274 9.029895 7.662566 6.855727 6.407159 6.171780 6.054998 6.000115 5.975642 5.965270 5.961085 5.959474 5.958882 5.958674 5.958604 5.958582 5.958575 5.958573 5.958572 5.958572 5.958572 5.958572 5.958572 5.958571 5.958570 5.958566 5.958553 5.958514 5.958405 5.958107 5.957329 5.955384 5.950742 5.940168 5.917223 5.869850 5.776996 5.604637 5.302706 4.806038 4.044396 2.967163 1.583264 0.000000 
50.000000 41.683222 33.920949 27.156992 21.650531 17.458634 14.470984 12.474655 11.222119 10.482985 10.072038 9.856389 9.749389 9.699101 9.676675 9.667170 9.663334 9.661858 9.661316 9.661125 9.661061 9.661040 9.661034 9.661032 9.661032 9.661031 9.661031 9.661031 9.661031 9.661031 9.661029 9.661024 9.661007 9.660958 9.660818 9.660433 9.659424 9.656886 9.650778 9.636733 9.605893 9.541310 9.412501 9.168278 8.729317 7.984676 6.801137 5.059823 2.734636 0.000000 
50.000000 42.754717 35.992455 30.099820 25.302599 21.650531 19.047549 17.308188 16.216835 15.572786 15.214687 15.026760 14.933510 14.889682 14.870135 14.861850 14.858506 14.857220 14.856747 14.856581 14.856525 14.856506 14.856501 14.856499 14.856499 14.856499 14.856499 14.856498 14.856498 14.856498 14.856496 14.856490 14.856471 14.856415 14.856254 14.855812 14.854644 14.851687 14.844516 14.827863 14.790851 14.712159 14.552192 14.241511 13.665855 12.651300 10.960941 8.331338 4.603199 0.000000 
50.000000 44.162116 38.713393 33.965318 30.099820 27.156992 25.059455 23.657794 22.778295 22.259248 21.970637 21.819170 21.744007 21.708678 21.692921 21.686242 21.683546 21.682509 21.682127 21.681993 21.681948 21.681934 21.681929 21.681928 21.681927 21.681927 21.681927 21.681927 21.681927 21.681927 21.681925 21.681919 21.681900 21.681844 21.681684 21.681242 21.680068 21.677079 21.669775 21.652654 21.614149 21.531028 21.358672 21.015059 20.355856 19.138879 16.982659 13.350822 7.682725 0.000000 
50.000000 45.890813 42.055531 38.713393 35.992455 33.920949 32.444422 31.457719 30.838575 30.473166 30.269977 30.163335 30.110414 30.085539 30.074443 30.069740 30.067841 30.067111 30.066842 30.066748 30.066716 30.066706 30.066703 30.066702 30.066701 30.066701 30.066701 30.066701 30.066701 30.066701 30.066699 30.066694 30.066679 30.066634 30.066503 30.066139 30.065171 30.062695 30.056605 30.042217 30.009519 29.937950 29.786727 29.477259 28.861125 27.661116 25.362571 21.027765 13.098179 0.000000 
50.000000 47.874573 45.890813 44.162116 42.754717 41.683222 40.919471 40.409078 40.088805 39.899782 39.794671 39.739503 39.712125 39.699256 39.693516 39.691082 39.690100 39.689722 39.689583 39.689534 39.689517 39.689512 39.689510 39.689510 39.689510 39.689510 39.689510 39.689510 39.689510 39.689509 39.689509 39.689506 39.689497 39.689472 39.689397 39.689191 39.688641 39.687227 39.683737 39.675445 39.656460 39.614477 39.524462 39.336207 38.948586 38.151518 36.479391 32.792634 23.937286 0.000000 
50.000000 50.000000 50.000000 50.000000 50.000000 50.000000 50.000000 50.000000 50.000000 50.000000 50.000000 50.000000 50.000000 50.000000 50.000000 50.000000 50.000000 50.000000 50.000000 50.000000 50.000000 50.000000 50.000000 50.000000 50.000000 50.000000 50.000000 50.000000 50.000000 50.000000 50.000000 50.000000 50.000000 50.000000 50.000000 50.000000 50.000000 50.000000 50.000000 50.000000 50.000000 50.000000 50.000000 50.000000 50.000000 50.000000 50.000000 50.000000 50.000000 50.000000 
