50.000000 50.000000 50.000000 50.000000 50.000000 50.000000 50.000000 50.000000 50.000000 50.000000 50.000000 50.000000 50.000000 50.000000 50.000000 50.000000 50.000000 50.000000 50.000000 50.000000 50.000000 50.000000 50.000000 50.000000 50.000000 50.000000 50.000000 50.000000 50.000000 50.000000 50.000000 50.000000 50.000000 50.000000 50.000000 50.000000 50.000000 50.000000 50.000000 50.000000 50.000000 50.000000 50.000000 50.000000 50.000000 50.000000 50.000000 50.000000 50.000000 50.000000 
50.000000 48.493876 47.058933 45.756274 44.629215 43.699558 42.968173 42.419089 42.025486 41.755901 41.579354 41.468718 41.402322 41.364130 41.343056 41.331891 41.326207 41.323424 41.322112 41.321516 41.321255 41.321145 41.321100 41.321082 41.321075 41.321072 41.321071 41.321070 41.321067 41.321061 41.321044 41.321001 41.320897 41.320653 41.320095 41.318857 41.316191 41.310619 41.299294 41.276881 41.233593 41.151739 40.999474 40.718883 40.201352 39.231176 37.340868 33.394310 24.246938 0.000000 
50.000000 47.058933 44.256868 41.713123 39.512288 37.696929 36.268750 35.196558 34.427977 33.901569 33.556834 33.340804 33.211159 33.136587 33.095438 33.073638 33.062540 33.057105 33.054544 33.053380 33.052871 33.052655 33.052567 33.052533 33.052519 33.052514 33.052512 33.052510 33.052505 33.052493 33.052461 33.052383 33.052193 33.051746 33.050725 33.048466 33.043615 33.033506 33.013044 32.972762 32.895519 32.750895 32.485652 32.007110 31.153164 29.636339 26.938564 22.128434 13.664624 0.000000 
50.000000 45.756274 41.713123 38.042720 34.867123 32.247750 30.187054 28.640022 27.531074 26.771555 26.274167 25.962482 25.775435 25.667847 25.608481 25.577031 25.561020 25.553180 25.549484 25.547806 25.547071 25.546761 25.546634 25.546584 25.546564 25.546557 25.546554 25.546551 25.546545 25.546529 25.546488 25.546386 25.546139 25.545559 25.544240 25.541328 25.535101 25.522186 25.496204 25.445458 25.349144 25.171275 24.851124 24.288468 23.321305 21.694216 19.021360 14.774560 8.415405 0.000000 
50.000000 44.629215 39.512288 34.867123 30.848197 27.533240 24.925346 22.967542 21.564163 20.603005 19.973581 19.579165 19.342474 19.206334 19.131217 19.091423 19.071164 19.061244 19.056569 19.054446 19.053516 19.053123 19.052962 19.052899 19.052875 19.052866 19.052862 19.052858 19.052851 19.052834 19.052789 19.052677 19.052408 19.051776 19.050344 19.047198 19.040502 19.026698 18.999133 18.945802 18.845790 18.663929 18.343159 17.794320 16.884041 15.424098 13.172907 9.875949 5.398040 0.000000 
50.000000 43.699558 37.696929 32.247750 27.533240 23.644578 20.585388 18.288819 16.642638 15.515209 14.776916 14.314291 14.036674 13.876999 13.788898 13.742227 13.718468 13.706835 13.701352 13.698863 13.697772 13.697312 13.697123 13.697049 13.697021 13.697010 13.697005 13.697002 13.696995 13.696978 13.696934 13.696826 13.696564 13.695955 13.694577 13.691564 13.685187 13.672130 13.646272 13.596748 13.505037 13.340878 13.057018 12.583363 11.822289 10.649199 8.926445 6.543765 3.498205 0.000000 
50.000000 42.968173 36.268750 30.187054 24.925346 20.585388 17.171209 14.608187 12.771045 11.512857 10.688956 10.172700 9.862908 9.684732 9.586426 9.534351 9.507842 9.494863 9.488745 9.485968 9.484751 9.484237 9.484027 9.483945 9.483913 9.483901 9.483896 9.483893 9.483886 9.483871 9.483832 9.483736 9.483506 9.482970 9.481764 9.479141 9.473620 9.462398 9.440361 9.398585 9.322177 9.187461 8.958762 8.585605 8.002025 7.131026 5.898586 4.261640 2.249290 0.000000 
50.000000 42.419089 35.196558 28.640022 22.967542 18.288819 14.608187 11.845180 9.864727 8.508417 7.620283 7.063791 6.729864 6.537812 6.431853 6.375725 6.347154 6.333166 6.326573 6.323580 6.322269 6.321715 6.321489 6.321400 6.321366 6.321353 6.321348 6.321345 6.321339 6.321327 6.321295 6.321217 6.321029 6.320594 6.319620 6.317512 6.313103 6.304202 6.286871 6.254340 6.195538 6.093301 5.922590 5.649425 5.231801 4.624383 3.788898 2.710906 1.419616 0.000000 
50.000000 42.025486 34.427977 27.531074 21.564163 16.642638 12.771045 9.864727 7.781585 6.354976 5.420827 4.835515 4.484303 4.282315 4.170877 4.111849 4.081802 4.067092 4.060159 4.057012 4.055633 4.055051 4.054813 4.054719 4.054684 4.054670 4.054665 4.054662 4.054658 4.054648 4.054624 4.054564 4.054422 4.054093 4.053360 4.051782 4.048500 4.041921 4.029213 4.005583 3.963331 3.890793 3.771426 3.583584 3.301760 2.900234 2.359799 1.677082 0.873747 0.000000 
50.000000 41.755901 33.901569 26.771555 20.603005 15.515209 11.512857 8.508417 6.354976 4.880246 3.914604 3.309571 2.946532 2.737747 2.622562 2.561550 2.530495 2.515291 2.508126 2.504873 2.503449 2.502847 2.502601 2.502504 2.502467 2.502453 2.502448 2.502445 2.502442 2.502435 2.502418 2.502375 2.502274 2.502041 2.501523 2.500415 2.498123 2.493559 2.484810 2.468680 2.440123 2.391645 2.312880 2.190680 2.010172 1.757216 1.422411 1.006050 0.522308 0.000000 
50.000000 41.579354 33.556834 26.274167 19.973581 14.776916 10.688956 7.620283 5.420827 3.914604 2.928354 2.310418 1.939644 1.726413 1.608779 1.546470 1.514755 1.499229 1.491912 1.488590 1.487136 1.486521 1.486270 1.486172 1.486134 1.486120 1.486114 1.486112 1.486110 1.486105 1.486093 1.486064 1.485996 1.485841 1.485497 1.484762 1.483253 1.480266 1.474579 1.464177 1.445924 1.415244 1.365943 1.290372 1.180169 1.027779 0.828709 0.584072 0.302473 0.000000 
50.000000 41.468718 33.340804 25.962482 19.579165 14.314291 10.172700 7.063791 4.835515 3.309571 2.310418 1.684406 1.308790 1.092778 0.973610 0.910491 0.878364 0.862636 0.855225 0.851860 0.850386 0.849764 0.849510 0.849410 0.849371 0.849357 0.849352 0.849350 0.849348 0.849345 0.849337 0.849319 0.849276 0.849178 0.848961 0.848501 0.847559 0.845707 0.842203 0.835839 0.824761 0.806302 0.776920 0.732339 0.668019 0.580032 0.466278 0.327761 0.169424 0.000000 
50.000000 41.402322 33.211159 25.775435 19.342474 14.036674 9.862908 6.729864 4.484303 2.946532 1.939644 1.308790 0.930273 0.712594 0.592508 0.528903 0.496530 0.480681 0.473213 0.469822 0.468338 0.467710 0.467454 0.467353 0.467315 0.467301 0.467295 0.467293 0.467292 0.467290 0.467285 0.467274 0.467248 0.467189 0.467060 0.466786 0.466228 0.465137 0.463083 0.459378 0.452973 0.442382 0.425662 0.400510 0.364544 0.315777 0.253249 0.177653 0.091703 0.000000 
50.000000 41.364130 33.136587 25.667847 19.206334 13.876999 9.684732 6.537812 4.282315 2.737747 1.726413 1.092778 0.712594 0.493959 0.373346 0.309462 0.276946 0.261029 0.253528 0.250122 0.248631 0.248002 0.247744 0.247643 0.247604 0.247590 0.247585 0.247583 0.247582 0.247581 0.247578 0.247572 0.247557 0.247523 0.247449 0.247294 0.246979 0.246366 0.245219 0.243160 0.239624 0.233815 0.224709 0.211112 0.191812 0.165833 0.132746 0.092971 0.047939 0.000000 
50.000000 41.343056 33.095438 25.608481 19.131217 13.788898 9.586426 6.431853 4.170877 2.622562 1.608779 0.973610 0.592508 0.373346 0.252442 0.188405 0.155812 0.139856 0.132338 0.128924 0.127429 0.126798 0.126540 0.126438 0.126400 0.126385 0.126380 0.126378 0.126378 0.126377 0.126375 0.126372 0.126364 0.126345 0.126305 0.126221 0.126052 0.125723 0.125110 0.124016 0.122147 0.119096 0.114341 0.107286 0.097334 0.084019 0.067153 0.046972 0.024200 0.000000 
50.000000 41.331891 33.073638 25.577031 19.091423 13.742227 9.534351 6.375725 4.111849 2.561550 1.546470 0.910491 0.528903 0.309462 0.188405 0.124287 0.091652 0.075677 0.068149 0.064731 0.063234 0.062602 0.062344 0.062242 0.062203 0.062189 0.062184 0.062182 0.062181 0.062181 0.062180 0.062178 0.062174 0.062164 0.062144 0.062100 0.062013 0.061844 0.061530 0.060973 0.060027 0.058489 0.056105 0.052586 0.047650 0.041078 0.032792 0.022913 0.011797 0.000000 
50.000000 41.326207 33.062540 25.561020 19.071164 13.718468 9.507842 6.347154 4.081802 2.530495 1.514755 0.878364 0.496530 0.276946 0.155812 0.091652 0.058997 0.043011 0.035478 0.032058 0.030561 0.029928 0.029670 0.029568 0.029529 0.029515 0.029510 0.029508 0.029507 0.029507 0.029506 0.029505 0.029503 0.029498 0.029488 0.029467 0.029423 0.029340 0.029186 0.028914 0.028454 0.027709 0.026560 0.024872 0.022514 0.019387 0.015461 0.010794 0.005554 0.000000 
50.000000 41.323424 33.057105 25.553180 19.061244 13.706835 9.494863 6.333166 4.067092 2.515291 1.499229 0.862636 0.480681 0.261029 0.139856 0.075677 0.043011 0.027020 0.019485 0.016064 0.014566 0.013933 0.013675 0.013573 0.013534 0.013520 0.013515 0.013513 0.013512 0.013512 0.013512 0.013511 0.013510 0.013508 0.013503 0.013493 0.013472 0.013433 0.013360 0.013233 0.013017 0.012670 0.012137 0.011357 0.010271 0.008837 0.007041 0.004912 0.002526 0.000000 
50.000000 41.322112 33.054544 25.549484 19.056569 13.701352 9.488745 6.326573 4.060159 2.508126 1.491912 0.855225 0.473213 0.253528 0.132338 0.068149 0.035478 0.019485 0.011948 0.008527 0.007029 0.006396 0.006137 0.006036 0.005997 0.005982 0.005977 0.005975 0.005975 0.005975 0.005974 0.005974 0.005974 0.005973 0.005970 0.005966 0.005956 0.005939 0.005906 0.005848 0.005751 0.005595 0.005357 0.005009 0.004527 0.003892 0.003099 0.002161 0.001111 0.000000 
50.000000 41.321516 33.053380 25.547806 19.054446 13.698863 9.485968 6.323580 4.057012 2.504873 1.488590 0.851860 0.469822 0.250122 0.128924 0.064731 0.032058 0.016064 0.008527 0.005105 0.003607 0.002974 0.002715 0.002614 0.002575 0.002560 0.002555 0.002553 0.002553 0.002553 0.002552 0.002552 0.002552 0.002552 0.002551 0.002549 0.002544 0.002537 0.002522 0.002497 0.002455 0.002388 0.002285 0.002135 0.001928 0.001657 0.001318 0.000919 0.000472 0.000000 
50.000000 41.321255 33.052871 25.547071 19.053516 13.697772 9.484751 6.322269 4.055633 2.503449 1.487136 0.850386 0.468338 0.248632 0.127429 0.063234 0.030561 0.014566 0.007029 0.003607 0.002109 0.001476 0.001217 0.001115 0.001077 0.001062 0.001057 0.001055 0.001055 0.001054 0.001054 0.001054 0.001054 0.001054 0.001054 0.001053 0.001051 0.001048 0.001042 0.001031 0.001013 0.000985 0.000942 0.000880 0.000795 0.000682 0.000543 0.000378 0.000194 0.000000 
50.000000 41.321145 33.052655 25.546761 19.053123 13.697312 9.484237 6.321715 4.055051 2.502847 1.486522 0.849764 0.467711 0.248002 0.126798 0.062602 0.029928 0.013933 0.006396 0.002974 0.001476 0.000843 0.000585 0.000483 0.000444 0.000429 0.000424 0.000422 0.000422 0.000422 0.000422 0.000422 0.000421 0.000421 0.000421 0.000421 0.000420 0.000419 0.000416 0.000412 0.000405 0.000394 0.000376 0.000351 0.000317 0.000272 0.000216 0.000151 0.000077 0.000000 
50.000000 41.321100 33.052568 25.546634 19.052963 13.697124 9.484028 6.321490 4.054814 2.502602 1.486271 0.849511 0.467455 0.247745 0.126541 0.062345 0.029671 0.013676 0.006138 0.002716 0.001218 0.000585 0.000327 0.000225 0.000186 0.000172 0.000167 0.000165 0.000164 0.000164 0.000164 0.000164 0.000164 0.000164 0.000164 0.000164 0.000163 0.000163 0.000162 0.000160 0.000157 0.000153 0.000146 0.000136 0.000123 0.000106 0.000084 0.000058 0.000030 0.000000 
50.000000 41.321082 33.052534 25.546585 19.052901 13.697051 9.483947 6.321402 4.054722 2.502507 1.486174 0.849412 0.467356 0.247646 0.126441 0.062245 0.029571 0.013576 0.006038 0.002616 0.001118 0.000485 0.000227 0.000125 0.000086 0.000072 0.000066 0.000065 0.000064 0.000064 0.000064 0.000064 0.000064 0.000064 0.000064 0.000064 0.000064 0.000063 0.000063 0.000062 0.000061 0.000059 0.000057 0.000053 0.000048 0.000041 0.000033 0.000023 0.000012 0.000000 
50.000000 41.321076 33.052522 25.546568 19.052880 13.697027 9.483919 6.321373 4.054691 2.502475 1.486141 0.849379 0.467323 0.247612 0.126407 0.062211 0.029537 0.013542 0.006005 0.002582 0.001084 0.000451 0.000193 0.000091 0.000052 0.000038 0.000033 0.000031 0.000030 0.000030 0.000030 0.000030 0.000030 0.000030 0.000030 0.000030 0.000030 0.000030 0.000030 0.000029 0.000029 0.000028 0.000027 0.000025 0.000022 0.000019 0.000015 0.000011 0.000005 0.000000 
50.000000 41.321076 33.052522 25.546568 19.052880 13.697027 9.483919 6.321373 4.054691 2.502475 1.486141 0.849379 0.467323 0.247612 0.126407 0.062211 0.029537 0.013542 0.006005 0.002582 0.001084 0.000451 0.000193 0.000091 0.000052 0.000038 0.000033 0.000031 0.000030 0.000030 0.000030 0.000030 0.000030 0.000030 0.000030 0.000030 0.000030 0.000030 0.000030 0.000029 0.000029 0.000028 0.000027 0.000025 0.000022 0.000019 0.000015 0.000011 0.000005 0.000000 
50.000000 41.321082 33.052534 25.546585 19.052901 13.697051 9.483947 6.321402 4.054722 2.502507 1.486174 0.849412 0.467356 0.247646 0.126441 0.062245 0.029571 0.013576 0.006038 0.002616 0.001118 0.000485 0.000227 0.000125 0.000086 0.000072 0.000066 0.000065 0.000064 0.000064 0.000064 0.000064 0.000064 0.000064 0.000064 0.000064 0.000064 0.000063 0.000063 0.000062 0.000061 0.000059 0.000057 0.000053 0.000048 0.000041 0.000033 0.000023 0.000012 0.000000 
50.000000 41.321100 33.052568 25.546634 19.052963 13.697124 9.484028 6.321490 4.054814 2.502602 1.486271 0.849511 0.467455 0.247745 0.126541 0.062345 0.029671 0.013676 0.006138 0.002716 0.001218 0.000585 0.000327 0.000225 0.000186 0.000172 0.000167 0.000165 0.000164 0.000164 0.000164 0.000164 0.000164 0.000164 0.000164 0.000164 0.000163 0.000163 0.000162 0.000160 0.000157 0.000153 0.000146 0.000136 0.000123 0.000106 0.000084 0.000058 0.000030 0.000000 
50.000000 41.321145 33.052655 25.546761 19.053123 13.697312 9.484237 6.321715 4.055051 2.502847 1.486522 0.849764 0.467711 0.248002 0.126798 0.062602 0.029928 0.013933 0.006396 0.002974 0.001476 0.000843 0.000585 0.000483 0.000444 0.000429 0.000424 0.000422 0.000422 0.000422 0.000422 0.000422 0.000421 0.000421 0.000421 0.000421 0.000420 0.000419 0.000416 0.000412 0.000405 0.000394 0.000376 0.000351 0.000317 0.000272 0.000216 0.000151 0.000077 0.000000 
50.000000 41.321255 33.052871 25.547071 19.053516 13.697772 9.484751 6.322269 4.055633 2.503449 1.487136 0.850386 0.468338 0.248632 0.127429 0.063234 0.030561 0.014566 0.007029 0.003607 0.002109 0.001476 0.001217 0.001115 0.001077 0.001062 0.001057 0.001055 0.001055 0.001054 0.001054 0.001054 0.001054 0.001054 0.001054 0.001053 0.001051 0.001048 0.001042 0.001031 0.001013 0.000985 0.000942 0.000880 0.000795 0.000682 0.000543 0.000378 0.000194 0.000000 
50.000000 41.321516 33.053380 25.547806 19.054446 13.698863 9.485968 6.323580 4.057012 2.504873 1.488590 0.851860 0.469822 0.250122 0.128924 0.064731 0.032058 0.016064 0.008527 0.005105 0.003607 0.002974 0.002715 0.002614 0.002575 0.002560 0.002555 0.002553 0.002553 0.002553 0.002552 0.002552 0.002552 0.002552 0.002551 0.002549 0.002544 0.002537 0.002522 0.002497 0.002455 0.002388 0.002285 0.002135 0.001928 0.001657 0.001318 0.000919 0.000472 0.000000 
50.000000 41.322112 33.054544 25.549484 19.056569 13.701352 9.488745 6.326573 4.060159 2.508126 1.491912 0.855225 0.473213 0.253528 0.132338 0.068149 0.035478 0.019485 0.011948 0.008527 0.007029 0.006396 0.006137 0.006036 0.005997 0.005982 0.005977 0.005975 0.005975 0.005975 0.005974 0.005974 0.005974 0.005973 0.005970 0.005966 0.005956 0.005939 0.005906 0.005848 0.005751 0.005595 0.005357 0.005009 0.004527 0.003892 0.003099 0.002161 0.001111 0.000000 
50.000000 41.323424 33.057105 25.553180 19.061244 13.706835 9.494863 6.333166 4.067092 2.515291 1.499229 0.862636 0.480681 0.261029 0.139856 0.075677 0.043011 0.027020 0.019485 0.016064 0.014566 0.013933 0.013675 0.013573 0.013534 0.013520 0.013515 0.013513 0.013512 0.013512 0.013512 0.013511 0.013510 0.013508 0.013503 0.013493 0.013472 0.013433 0.013360 0.013233 0.013017 0.012670 0.012137 0.011357 0.010271 0.008837 0.007041 0.004912 0.002526 0.000000 
50.000000 41.326207 33.062540 25.561020 19.071164 13.718468 9.507842 6.347154 4.081802 2.530495 1.514755 0.878364 0.496530 0.276946 0.155812 0.091652 0.058997 0.043011 0.035478 0.032058 0.030561 0.029928 0.029670 0.029568 0.029529 0.029515 0.029510 0.029508 0.029507 0.029507 0.029506 0.029505 0.029503 0.029498 0.029488 0.029467 0.029423 0.029340 0.029186 0.028914 0.028454 0.027709 0.026560 0.024872 0.022514 0.019387 0.015461 0.010794 0.005554 0.000000 
50.000000 41.331891 33.073638 25.577031 19.091423 13.742227 9.534351 6.375725 4.111849 2.561550 1.546470 0.910491 0.528903 0.309462 0.188405 0.124287 0.091652 0.075677 0.068149 0.064731 0.063234 0.062602 0.062344 0.062242 0.062203 0.062189 0.062184 0.062182 0.062181 0.062181 0.062180 0.062178 0.062174 0.062164 0.062144 0.062100 0.062013 0.061844 0.061530 0.060973 0.060027 0.058489 0.056105 0.052586 0.047650 0.041078 0.032792 0.022913 0.011797 0.000000 
50.000000 41.343056 33.095438 25.608481 19.131217 13.788898 9.586426 6.431853 4.170877 2.622562 1.608779 0.973610 0.592508 0.373346 0.252442 0.188405 0.155812 0.139856 0.132338 0.128924 0.127429 0.126798 0.126540 0.126438 0.126400 0.126385 0.126380 0.126378 0.126378 0.126377 0.126375 0.126372 0.126364 0.126345 0.126305 0.126221 0.126052 0.125723 0.125110 0.124016 0.122147 0.119096 0.114341 0.107286 0.097334 0.084019 0.067153 0.046972 0.024200 0.000000 
50.000000 41.364130 33.136587 25.667847 19.206334 13.876999 9.684732 6.537812 4.282315 2.737747 1.726413 1.092778 0.712594 0.493959 0.373346 0.309462 0.276946 0.261029 0.253528 0.250122 0.248631 0.248002 0.247744 0.247643 0.247604 0.247590 0.247585 0.247583 0.247582 0.247581 0.247578 0.247572 0.247557 0.247523 0.247449 0.247294 0.246979 0.246366 0.245219 0.243160 0.239624 0.233815 0.224709 0.211112 0.191812 0.165833 0.132746 0.092971 0.047939 0.000000 
50.000000 41.402322 33.211159 25.775435 19.342474 14.036674 9.862908 6.729864 4.484303 2.946532 1.939644 1.308790 0.930273 0.712594 0.592508 0.528903 0.496530 0.480681 0.473213 0.469822 0.468338 0.467710 0.467454 0.467353 0.467315 0.467301 0.467295 0.467293 0.467292 0.467290 0.467285 0.467274 0.467248 0.467189 0.467060 0.466786 0.466228 0.465137 0.463083 0.459378 0.452973 0.442382 0.425662 0.400510 0.364544 0.315777 0.253249 0.177653 0.091703 0.000000 
50.000000 41.468718 33.340804 25.962482 19.579165 14.314291 10.172700 7.063791 4.835515 3.309571 2.310418 1.684406 1.308790 1.092778 0.973610 0.910491 0.878364 0.862636 0.855225 0.851860 0.850386 0.849764 0.849510 0.849410 0.849371 0.849357 0.849352 0.849350 0.849348 0.849345 0.849337 0.849319 0.849276 0.849178 0.848961 0.848501 0.847559 0.845707 0.842203 0.835839 0.824761 0.806302 0.776920 0.732339 0.668019 0.580032 0.466278 0.327761 0.169424 0.000000 
50.000000 41.579354 33.556834 26.274167 19.973581 14.776916 10.688956 7.620283 5.420827 3.914604 2.928354 2.310418 1.939644 1.726413 1.608779 1.546470 1.514755 1.499229 1.491912 1.488590 1.487136 1.486521 1.486270 1.486172 1.486134 1.486120 1.486114 1.486112 1.486110 1.486105 1.486093 1.486064 1.485996 1.485841 1.485497 1.484762 1.483253 1.480266 1.474579 1.464177 1.445924 1.415244 1.365943 1.290372 1.180169 1.027779 0.828709 0.584072 0.302473 0.000000 
50.000000 41.755901 33.901569 26.771555 20.603005 15.515209 11.512857 8.508417 6.354976 4.880246 3.914604 3.309571 2.946532 2.737747 2.622562 2.561550 2.530495 2.515291 2.508126 2.504873 2.503449 2.502847 2.502601 2.502504 2.502467 2.502453 2.502448 2.502445 2.502442 2.502435 2.502418 2.502375 2.502274 2.502041 2.501523 2.500415 2.498123 2.493559 2.484810 2.468680 2.440123 2.391645 2.312880 2.190680 2.010172 1.757216 1.422411 1.006050 0.522308 0.000000 
50.000000 42.025486 34.427977 27.531074 21.564163 16.642638 12.771045 9.864727 7.781585 6.354976 5.420827 4.835515 4.484303 4.282315 4.170877 4.111849 4.081802 4.067092 4.060159 4.057012 4.055633 4.055051 4.054813 4.054719 4.054684 4.054670 4.054665 4.054662 4.054658 4.054648 4.054624 4.054564 4.054422 4.054093 4.053360 4.051782 4.048500 4.041921 4.029213 4.005583 3.963331 3.890793 3.771426 3.583584 3.301760 2.900234 2.359799 1.677082 0.873747 0.000000 
50.000000 42.419089 35.196558 28.640022 22.967542 18.288819 14.608187 11.845180 9.864727 8.508417 7.620283 7.063791 6.729864 6.537812 6.431853 6.375725 6.347154 6.333166 6.326573 6.323580 6.322269 6.321715 6.321489 6.321400 6.321366 6.321353 6.321348 6.321345 6.321339 6.321327 6.321295 6.321217 6.321029 6.320594 6.319620 6.317512 6.313103 6.304202 6.286871 6.254340 6.195538 6.093301 5.922590 5.649425 5.231801 4.624383 3.788898 2.710906 1.419616 0.000000 
50.000000 42.968173 36.268750 30.187054 24.925346 20.585388 17.171209 14.608187 12.771045 11.512857 10.688956 10.172700 9.862908 9.684732 9.586426 9.534351 9.507842 9.494863 9.488745 9.485968 9.484751 9.484237 9.484027 9.483945 9.483913 9.483901 9.483896 9.483893 9.483886 9.483871 9.483832 9.483736 9.483506 9.482970 9.481764 9.479141 9.473620 9.462398 9.440361 9.398585 9.322177 9.187461 8.958762 8.585605 8.002025 7.131026 5.898586 4.261640 2.249290 0.000000 
50.000000 43.699558 37.696929 32.247750 27.533240 23.644578 20.585388 18.288819 16.642638 15.515209 14.776916 14.314291 14.036674 13.876999 13.788898 13.742227 13.718468 13.706835 13.701352 13.698863 13.697772 13.697312 13.697123 13.697049 13.697021 13.697010 13.697005 13.697002 13.696995 13.696978 13.696934 13.696826 13.696564 13.695955 13.694577 13.691564 13.685187 13.672130 13.646272 13.596748 13.505037 13.340878 13.057018 12.583363 11.822289 10.649199 8.926445 6.543765 3.498205 0.000000 
50.000000 44.629215 39.512288 34.867123 30.848197 27.533240 24.925346 22.967542 21.564163 20.603005 19.973581 19.579165 19.342474 19.206334 19.131217 19.091423 19.071164 19.061244 19.056569 19.054446 19.053516 19.053123 19.052962 19.052899 19.052875 19.052866 19.052862 19.052858 19.052851 19.052834 19.052789 19.052677 19.052408 19.051776 19.050344 19.047198 19.040502 19.026698 18.999133 18.945802 18.845790 18.663929 18.343159 17.794320 16.884041 15.424098 13.172907 9.875949 5.398040 0.000000 
50.000000 45.756274 41.713123 38.042720 34.867123 32.247750 30.187054 28.640022 27.531074 26.771555 26.274167 25.962482 25.775435 25.667847 25.608481 25.577031 25.561020 25.553180 25.549484 25.547806 25.547071 25.546761 25.546634 25.546584 25.546564 25.546557 25.546554 25.546551 25.546545 25.546529 25.546488 25.546386 25.546139 25.545559 25.544240 25.541328 25.535101 25.522186 25.496204 25.445458 25.349144 25.171275 24.851124 24.288468 23.321305 21.694216 19.021360 14.774560 8.415405 0.000000 
50.000000 47.058933 44.256868 41.713123 39.512288 37.696929 36.268750 35.196558 34.427977 33.901569 33.556834 33.340804 33.211159 33.136587 33.095438 33.073638 33.062540 33.057105 33.054544 33.053380 33.052871 33.052655 33.052567 33.052533 33.052519 33.052514 33.052512 33.052510 33.052505 33.052493 33.052461 33.052383 33.052193 33.051746 33.050725 33.048466 33.043615 33.033506 33.013044 32.972762 32.895519 32.750895 32.485652 32.007110 31.153164 29.636339 26.938564 22.128434 13.664624 0.000000 
50.000000 48.493876 47.058933 45.756274 44.629215 43.699558 42.968173 42.419089 42.025486 41.755901 41.579354 41.468718 41.402322 41.364130 41.343056 41.331891 41.326207 41.323424 41.322112 41.321516 41.321255 41.321145 41.321100 41.321082 41.321075 41.321072 41.321071 41.321070 41.321067 41.321061 41.321044 41.321001 41.320897 41.320653 41.320095 41.318857 41.316191 41.310619 41.299294 41.276881 41.233593 41.151739 40.999474 40.718883 40.201352 39.231176 37.340868 33.394310 24.246938 0.000000 
50.000000 50.000000 50.000000 50.000000 50.000000 50.000000 50.000000 50.000000 50.000000 50.000000 50.000000 50.000000 50.000000 50.000000 50.000000 50.000000 50.000000 50.000000 50.000000 50.000000 50.000000 50.000000 50.000000 50.000000 50.000000 50.000000 50.000000 50.000000 50.000000 50.000000 50.000000 50.000000 50.000000 50.000000 50.000000 50.000000 50.000000 50.000000 50.000000 50.000000 50.000000 50.000000 50.000000 50.000000 50.000000 50.000000 50.000000 50.000000 50.000000 50.000000 
