50.000000 50.000000 50.000000 50.000000 50.000000 50.000000 50.000000 50.000000 50.000000 50.000000 50.000000 50.000000 50.000000 50.000000 50.000000 50.000000 50.000000 50.000000 50.000000 50.000000 50.000000 50.000000 50.000000 50.000000 50.000000 50.000000 50.000000 50.000000 50.000000 50.000000 50.000000 50.000000 50.000000 50.000000 50.000000 50.000000 50.000000 50.000000 50.000000 50.000000 50.000000 50.000000 50.000000 50.000000 50.000000 50.000000 50.000000 50.000000 50.000000 50.000000 
50.000000 49.020971 48.072032 47.180503 46.368582 45.651761 45.038173 44.528872 44.118879 43.798720 43.556150 43.377791 43.250486 43.162255 43.102863 43.064020 43.039331 43.024074 43.014905 43.009544 43.006493 43.004803 43.003891 43.003411 43.003162 43.003032 43.002956 43.002894 43.002810 43.002662 43.002377 43.001830 43.000792 42.998862 42.995344 42.989058 42.978032 42.959025 42.926782 42.872838 42.783583 42.636985 42.396692 42.000677 41.337305 40.189688 38.091631 33.911130 24.510485 0.000000 
50.000000 48.072032 46.203322 44.447667 42.848783 41.437176 40.228864 39.225923 38.418546 37.788075 37.310396 36.959166 36.708472 36.534728 36.417772 36.341282 36.292663 36.262619 36.244564 36.234007 36.228001 36.224673 36.222877 36.221931 36.221441 36.221185 36.221037 36.220917 36.220758 36.220477 36.219940 36.218905 36.216947 36.213312 36.206699 36.194902 36.174260 36.138788 36.078848 35.979081 35.815145 35.548450 35.117283 34.421230 33.292511 31.441434 28.352368 23.101661 14.160902 0.000000 
50.000000 47.180503 44.447667 41.880167 39.541935 37.477585 35.710540 34.243834 33.063126 32.141129 31.442577 30.928945 30.562337 30.308259 30.137228 30.025373 29.954276 29.910342 29.883939 29.868503 29.859719 29.854853 29.852227 29.850843 29.850128 29.849756 29.849542 29.849372 29.849152 29.848767 29.848032 29.846622 29.843958 29.839022 29.830066 29.814140 29.786378 29.738898 29.659147 29.527426 29.313167 28.969301 28.423622 27.565434 26.225066 24.144120 20.940084 16.095299 9.088872 0.000000 
50.000000 46.368582 42.848783 39.541935 36.530382 33.871586 31.595712 29.706669 28.185984 26.998509 26.098824 25.437306 24.965146 24.637918 24.417648 24.273591 24.182028 24.125447 24.091445 24.071565 24.060253 24.053987 24.050605 24.048824 24.047903 24.047426 24.047155 24.046947 24.046684 24.046231 24.045371 24.043725 24.040623 24.034893 24.024530 24.006177 23.974342 23.920222 23.829997 23.682375 23.445123 23.070243 22.487392 21.595315 20.251792 18.265191 15.397815 11.407349 6.178894 0.000000 
50.000000 45.651761 41.437176 37.477585 33.871586 30.687982 27.962895 25.701002 23.880181 22.458345 21.381103 20.589038 20.023705 19.631906 19.368174 19.195695 19.086067 19.018324 18.977614 18.953813 18.940271 18.932768 18.928720 18.926588 18.925487 18.924919 18.924602 18.924366 18.924080 18.923597 18.922687 18.920951 18.917689 18.911684 18.900868 18.881803 18.848920 18.793401 18.701616 18.552986 18.317163 17.950495 17.391886 16.558654 15.343991 13.619794 11.252519 8.144666 4.314456 0.000000 
50.000000 45.038173 40.228864 35.710540 31.595712 27.962895 24.853305 22.272278 20.194567 18.572142 17.342935 16.439142 15.794069 15.347012 15.046087 14.849285 14.724200 14.646906 14.600457 14.573301 14.557850 14.549291 14.544672 14.542241 14.540987 14.540342 14.539988 14.539736 14.539446 14.538968 14.538074 14.536379 14.533204 14.527382 14.516941 14.498634 14.467251 14.414651 14.328453 14.190342 13.974010 13.642875 13.147945 12.426653 11.404241 10.000396 8.145105 5.807634 3.037496 0.000000 
50.000000 44.528872 39.225923 34.243834 29.706669 25.701002 22.272278 19.426378 17.135460 15.346560 13.991237 12.994723 12.283479 11.790567 11.458780 11.241798 11.103887 11.018670 10.967460 10.937521 10.920487 10.911051 10.905959 10.903279 10.901899 10.901192 10.900811 10.900552 10.900273 10.899827 10.899003 10.897448 10.894549 10.889254 10.879803 10.863322 10.835248 10.788544 10.712681 10.592388 10.406282 10.125559 9.713189 9.124333 8.309116 7.219277 5.820212 4.108639 2.132180 0.000000 
50.000000 44.118879 38.418546 33.063126 28.185984 23.880181 20.194567 17.135460 14.672928 12.750035 11.293205 10.222067 9.457568 8.927755 8.571133 8.337912 8.189681 8.098089 8.043048 8.010871 7.992563 7.982422 7.976950 7.974071 7.972589 7.971834 7.971434 7.971176 7.970917 7.970521 7.969801 7.968452 7.965946 7.961390 7.953297 7.939262 7.915506 7.876278 7.813099 7.713914 7.562227 7.336464 7.009901 6.551692 5.929687 5.115741 4.093825 2.870096 1.481895 0.000000 
50.000000 43.798720 37.788075 32.141129 26.998509 22.458345 18.572142 15.346560 12.750035 10.722524 9.186446 8.057049 7.250977 6.692358 6.316351 6.070455 5.914171 5.817603 5.759573 5.725649 5.706347 5.695656 5.689887 5.686853 5.685293 5.684502 5.684089 5.683836 5.683603 5.683266 5.682667 5.681551 5.679490 5.675759 5.669164 5.657788 5.638653 5.607280 5.557164 5.479214 5.361262 5.187808 4.940278 4.598132 4.141182 3.553386 2.827961 1.972929 1.015137 0.000000 
50.000000 43.556150 37.310396 31.442577 26.098824 21.381103 17.342935 13.991237 11.293205 9.186446 7.590338 6.416814 5.579255 4.998820 4.608132 4.352638 4.190256 4.089921 4.029628 3.994381 3.974327 3.963220 3.957227 3.954076 3.952457 3.951638 3.951218 3.950973 3.950767 3.950490 3.950012 3.949130 3.947509 3.944589 3.939451 3.930636 3.915897 3.891895 3.853845 3.795169 3.707231 3.579291 3.398849 3.152593 2.828117 2.416449 1.915151 1.331315 0.683313 0.000000 
50.000000 43.377791 36.959166 30.928945 25.437306 20.589038 16.439142 12.994723 10.222067 8.057049 6.416814 5.210855 4.350151 3.753683 3.352206 3.089659 2.922795 2.819693 2.757738 2.721519 2.700913 2.689499 2.683342 2.680104 2.678443 2.677605 2.677181 2.676944 2.676764 2.676543 2.676176 2.675507 2.674284 2.672092 2.668253 2.661700 2.650806 2.633177 2.605427 2.562969 2.499885 2.408967 2.282043 2.110689 1.887422 1.607309 1.269798 0.880318 0.451009 0.000000 
50.000000 43.250486 36.708472 30.562337 24.965146 20.023705 15.794069 12.283479 9.457568 7.250977 5.579255 4.350151 3.472936 2.865029 2.455855 2.188277 2.018217 1.913141 1.850000 1.813089 1.792089 1.780457 1.774183 1.770884 1.769192 1.768341 1.767915 1.767687 1.767529 1.767356 1.767083 1.766594 1.765707 1.764125 1.761366 1.756681 1.748933 1.736468 1.716974 1.687359 1.643696 1.581290 1.494934 1.379418 1.230304 1.044924 0.823439 0.569684 0.291460 0.000000 
50.000000 43.162255 36.534728 30.308259 24.637918 19.631906 15.347012 11.790567 8.927755 6.692358 4.998820 3.753683 2.865029 2.249198 1.834693 1.563631 1.391358 1.284914 1.220953 1.183562 1.162289 1.150507 1.144151 1.140810 1.139097 1.138238 1.137811 1.137590 1.137451 1.137316 1.137118 1.136774 1.136154 1.135053 1.133143 1.129913 1.124599 1.116096 1.102877 1.082923 1.053705 1.012249 0.955320 0.879761 0.782986 0.663576 0.521881 0.360467 0.184224 0.000000 
50.000000 43.102863 36.417772 30.137228 24.417648 19.368174 15.046087 11.458780 8.571133 6.316351 4.608132 3.352206 2.455855 1.834693 1.416603 1.143197 0.969435 0.862072 0.797559 0.759845 0.738390 0.726506 0.720095 0.716726 0.714999 0.714134 0.713707 0.713492 0.713367 0.713262 0.713122 0.712886 0.712468 0.711729 0.710452 0.708301 0.704780 0.699174 0.690506 0.677496 0.658563 0.631871 0.595458 0.547453 0.486371 0.411471 0.323088 0.222869 0.113805 0.000000 
50.000000 43.064020 36.341282 30.025373 24.273592 19.195695 14.849286 11.241798 8.337912 6.070455 4.352639 3.089659 2.188278 1.563631 1.143197 0.868260 0.693525 0.585562 0.520688 0.482764 0.461188 0.449238 0.442792 0.439405 0.437669 0.436800 0.436373 0.436162 0.436048 0.435964 0.435866 0.435710 0.435436 0.434956 0.434130 0.432746 0.430489 0.426912 0.421407 0.413188 0.401292 0.384615 0.361995 0.332345 0.294828 0.249062 0.195307 0.134583 0.068676 0.000000 
50.000000 43.039331 36.292663 29.954276 24.182028 19.086067 14.724200 11.103888 8.189682 5.914172 4.190257 2.922796 2.018218 1.391359 0.969436 0.693526 0.518173 0.409829 0.344726 0.306668 0.285017 0.273025 0.266556 0.263157 0.261415 0.260544 0.260118 0.259910 0.259803 0.259734 0.259665 0.259564 0.259390 0.259088 0.258571 0.257708 0.256306 0.254094 0.250705 0.245668 0.238413 0.228293 0.214634 0.196819 0.174384 0.147136 0.115254 0.079351 0.040469 0.000000 
50.000000 43.024074 36.262620 29.910343 24.125449 19.018326 14.646908 11.018672 8.098091 5.817605 4.089923 2.819695 1.913143 1.284917 0.862074 0.585564 0.409830 0.301250 0.236006 0.197866 0.176167 0.164150 0.157667 0.154261 0.152515 0.151643 0.151217 0.151011 0.150910 0.150851 0.150801 0.150736 0.150629 0.150445 0.150131 0.149609 0.148765 0.147438 0.145413 0.142416 0.138117 0.132147 0.124125 0.113706 0.100638 0.084827 0.066386 0.045673 0.023283 0.000000 
50.000000 43.014905 36.244565 29.883942 24.091448 18.977618 14.600461 10.967465 8.043053 5.759579 4.029634 2.757743 1.850006 1.220959 0.797564 0.520693 0.344731 0.236009 0.170680 0.132491 0.110764 0.098731 0.092240 0.088829 0.087082 0.086209 0.085783 0.085579 0.085480 0.085428 0.085391 0.085349 0.085284 0.085175 0.084990 0.084684 0.084190 0.083417 0.082242 0.080509 0.078033 0.074607 0.070021 0.064087 0.056671 0.047726 0.037322 0.025662 0.013076 0.000000 
50.000000 43.009546 36.234011 29.868509 24.071572 18.953822 14.573311 10.937532 8.010883 5.725661 3.994394 2.721532 1.813102 1.183575 0.759859 0.482777 0.306681 0.197877 0.132499 0.094280 0.072537 0.060495 0.053999 0.050586 0.048837 0.047964 0.047538 0.047335 0.047238 0.047190 0.047161 0.047133 0.047094 0.047031 0.046925 0.046751 0.046471 0.046033 0.045370 0.044395 0.043007 0.041093 0.038540 0.035247 0.031144 0.026209 0.020482 0.014076 0.007170 0.000000 
50.000000 43.006498 36.228010 29.859733 24.060271 18.940292 14.557874 10.920513 7.992591 5.706377 3.974358 2.700944 1.792120 1.162321 0.738422 0.461220 0.285048 0.176198 0.110791 0.072556 0.050804 0.038756 0.032258 0.028843 0.027094 0.026220 0.025795 0.025592 0.025496 0.025451 0.025426 0.025407 0.025384 0.025348 0.025289 0.025192 0.025037 0.024796 0.024432 0.023898 0.023140 0.022098 0.020712 0.018930 0.016715 0.014057 0.010980 0.007542 0.003841 0.000000 
50.000000 43.004814 36.224695 29.854885 24.054027 18.932817 14.549346 10.911111 7.982486 5.695723 3.963290 2.689571 1.780530 1.150581 0.726580 0.449313 0.273099 0.164222 0.098800 0.060556 0.038799 0.026748 0.020248 0.016833 0.015083 0.014210 0.013784 0.013581 0.013487 0.013443 0.013421 0.013406 0.013392 0.013372 0.013340 0.013287 0.013204 0.013074 0.012878 0.012593 0.012188 0.011634 0.010898 0.009955 0.008785 0.007384 0.005764 0.003958 0.002015 0.000000 
50.000000 43.003916 36.222926 29.852298 24.050696 18.928828 14.544796 10.906095 7.977095 5.690040 3.957385 2.683503 1.774347 1.144317 0.720262 0.442960 0.266723 0.157833 0.092403 0.054154 0.032394 0.020342 0.013841 0.010425 0.008676 0.007802 0.007376 0.007174 0.007080 0.007036 0.007016 0.007004 0.006995 0.006984 0.006966 0.006938 0.006893 0.006824 0.006721 0.006569 0.006356 0.006064 0.005678 0.005183 0.004572 0.003841 0.002997 0.002057 0.001047 0.000000 
50.000000 43.003465 36.222038 29.851000 24.049025 18.926828 14.542513 10.903578 7.974390 5.687188 3.954422 2.680460 1.771245 1.141175 0.717093 0.439773 0.263525 0.154628 0.089194 0.050942 0.029181 0.017128 0.010627 0.007211 0.005461 0.004588 0.004162 0.003960 0.003866 0.003823 0.003803 0.003793 0.003786 0.003779 0.003769 0.003754 0.003729 0.003691 0.003634 0.003551 0.003435 0.003275 0.003065 0.002797 0.002466 0.002070 0.001615 0.001108 0.000564 0.000000 
50.000000 43.003280 36.221672 29.850465 24.048336 18.926003 14.541572 10.902541 7.973276 5.686014 3.953202 2.679205 1.769967 1.139880 0.715788 0.438460 0.262208 0.153308 0.087872 0.049619 0.027857 0.015804 0.009303 0.005887 0.004137 0.003263 0.002838 0.002635 0.002542 0.002499 0.002479 0.002470 0.002464 0.002459 0.002452 0.002442 0.002426 0.002401 0.002363 0.002309 0.002232 0.002128 0.001991 0.001816 0.001600 0.001343 0.001047 0.000718 0.000366 0.000000 
50.000000 43.003280 36.221672 29.850465 24.048336 18.926003 14.541572 10.902541 7.973276 5.686014 3.953202 2.679205 1.769967 1.139880 0.715788 0.438460 0.262208 0.153308 0.087872 0.049619 0.027857 0.015804 0.009303 0.005887 0.004137 0.003263 0.002838 0.002635 0.002542 0.002499 0.002479 0.002470 0.002464 0.002459 0.002452 0.002442 0.002426 0.002401 0.002363 0.002309 0.002232 0.002128 0.001991 0.001816 0.001600 0.001343 0.001047 0.000718 0.000366 0.000000 
50.000000 43.003465 36.222038 29.851000 24.049025 18.926828 14.542513 10.903578 7.974390 5.687188 3.954422 2.680460 1.771245 1.141175 0.717093 0.439773 0.263525 0.154628 0.089194 0.050942 0.029181 0.017128 0.010627 0.007211 0.005461 0.004588 0.004162 0.003960 0.003866 0.003823 0.003803 0.003793 0.003786 0.003779 0.003769 0.003754 0.003729 0.003691 0.003634 0.003551 0.003435 0.003275 0.003065 0.002797 0.002466 0.002070 0.001615 0.001108 0.000564 0.000000 
50.000000 43.003916 36.222926 29.852298 24.050696 18.928828 14.544796 10.906095 7.977095 5.690040 3.957385 2.683503 1.774347 1.144317 0.720262 0.442960 0.266723 0.157833 0.092403 0.054154 0.032394 0.020342 0.013841 0.010425 0.008676 0.007802 0.007376 0.007174 0.007080 0.007036 0.007016 0.007004 0.006995 0.006984 0.006966 0.006938 0.006893 0.006824 0.006721 0.006569 0.006356 0.006064 0.005678 0.005183 0.004572 0.003841 0.002997 0.002057 0.001047 0.000000 
50.000000 43.004814 36.224695 29.854885 24.054027 18.932817 14.549346 10.911111 7.982486 5.695723 3.963290 2.689571 1.780530 1.150581 0.726580 0.449313 0.273099 0.164222 0.098800 0.060556 0.038799 0.026748 0.020248 0.016833 0.015083 0.014210 0.013784 0.013581 0.013487 0.013443 0.013421 0.013406 0.013392 0.013372 0.013340 0.013287 0.013204 0.013074 0.012878 0.012593 0.012188 0.011634 0.010898 0.009955 0.008785 0.007384 0.005764 0.003958 0.002015 0.000000 
50.000000 43.006498 36.228010 29.859733 24.060271 18.940292 14.557874 10.920513 7.992591 5.706377 3.974358 2.700944 1.792120 1.162321 0.738422 0.461220 0.285048 0.176198 0.110791 0.072556 0.050804 0.038756 0.032258 0.028843 0.027094 0.026220 0.025795 0.025592 0.025496 0.025451 0.025426 0.025407 0.025384 0.025348 0.025289 0.025192 0.025037 0.024796 0.024432 0.023898 0.023140 0.022098 0.020712 0.018930 0.016715 0.014057 0.010980 0.007542 0.003841 0.000000 
50.000000 43.009546 36.234011 29.868509 24.071572 18.953822 14.573311 10.937532 8.010883 5.725661 3.994394 2.721532 1.813102 1.183575 0.759859 0.482777 0.306681 0.197877 0.132499 0.094280 0.072537 0.060495 0.053999 0.050586 0.048837 0.047964 0.047538 0.047335 0.047238 0.047190 0.047161 0.047133 0.047094 0.047031 0.046925 0.046751 0.046471 0.046033 0.045370 0.044395 0.043007 0.041093 0.038540 0.035247 0.031144 0.026209 0.020482 0.014076 0.007170 0.000000 
50.000000 43.014905 36.244565 29.883942 24.091448 18.977618 14.600461 10.967465 8.043053 5.759579 4.029634 2.757743 1.850006 1.220959 0.797564 0.520693 0.344731 0.236009 0.170680 0.132491 0.110764 0.098731 0.092240 0.088829 0.087082 0.086209 0.085783 0.085579 0.085480 0.085428 0.085391 0.085349 0.085284 0.085175 0.084990 0.084684 0.084190 0.083417 0.082242 0.080509 0.078033 0.074607 0.070021 0.064087 0.056671 0.047726 0.037322 0.025662 0.013076 0.000000 
50.000000 43.024074 36.262620 29.910343 24.125449 19.018326 14.646908 11.018672 8.098091 5.817605 4.089923 2.819695 1.913143 1.284917 0.862074 0.585564 0.409830 0.301250 0.236006 0.197866 0.176167 0.164150 0.157667 0.154261 0.152515 0.151643 0.151217 0.151011 0.150910 0.150851 0.150801 0.150736 0.150629 0.150445 0.150131 0.149609 0.148765 0.147438 0.145413 0.142416 0.138117 0.132147 0.124125 0.113706 0.100638 0.084827 0.066386 0.045673 0.023283 0.000000 
50.000000 43.039331 36.292663 29.954276 24.182028 19.086067 14.724200 11.103888 8.189682 5.914172 4.190257 2.922796 2.018218 1.391359 0.969436 0.693526 0.518173 0.409829 0.344726 0.306668 0.285017 0.273025 0.266556 0.263157 0.261415 0.260544 0.260118 0.259910 0.259803 0.259734 0.259665 0.259564 0.259390 0.259088 0.258571 0.257708 0.256306 0.254094 0.250705 0.245668 0.238413 0.228293 0.214634 0.196819 0.174384 0.147136 0.115254 0.079351 0.040469 0.000000 
50.000000 43.064020 36.341282 30.025373 24.273592 19.195695 14.849286 11.241798 8.337912 6.070455 4.352639 3.089659 2.188278 1.563631 1.143197 0.868260 0.693525 0.585562 0.520688 0.482764 0.461188 0.449238 0.442792 0.439405 0.437669 0.436800 0.436373 0.436162 0.436048 0.435964 0.435866 0.435710 0.435436 0.434956 0.434130 0.432746 0.430489 0.426912 0.421407 0.413188 0.401292 0.384615 0.361995 0.332345 0.294828 0.249062 0.195307 0.134583 0.068676 0.000000 
50.000000 43.102863 36.417772 30.137228 24.417648 19.368174 15.046087 11.458780 8.571133 6.316351 4.608132 3.352206 2.455855 1.834693 1.416603 1.143197 0.969435 0.862072 0.797559 0.759845 0.738390 0.726506 0.720095 0.716726 0.714999 0.714134 0.713707 0.713492 0.713367 0.713262 0.713122 0.712886 0.712468 0.711729 0.710452 0.708301 0.704780 0.699174 0.690506 0.677496 0.658563 0.631871 0.595458 0.547453 0.486371 0.411471 0.323088 0.222869 0.113805 0.000000 
50.000000 43.162255 36.534728 30.308259 24.637918 19.631906 15.347012 11.790567 8.927755 6.692358 4.998820 3.753683 2.865029 2.249198 1.834693 1.563631 1.391358 1.284914 1.220953 1.183562 1.162289 1.150507 1.144151 1.140810 1.139097 1.138238 1.137811 1.137590 1.137451 1.137316 1.137118 1.136774 1.136154 1.135053 1.133143 1.129913 1.124599 1.116096 1.102877 1.082923 1.053705 1.012249 0.955320 0.879761 0.782986 0.663576 0.521881 0.360467 0.184224 0.000000 
50.000000 43.250486 36.708472 30.562337 24.965146 20.023705 15.794069 12.283479 9.457568 7.250977 5.579255 4.350151 3.472936 2.865029 2.455855 2.188277 2.018217 1.913141 1.850000 1.813089 1.792089 1.780457 1.774183 1.770884 1.769192 1.768341 1.767915 1.767687 1.767529 1.767356 1.767083 1.766594 1.765707 1.764125 1.761366 1.756681 1.748933 1.736468 1.716974 1.687359 1.643696 1.581290 1.494934 1.379418 1.230304 1.044924 0.823439 0.569684 0.291460 0.000000 
50.000000 43.377791 36.959166 30.928945 25.437306 20.589038 16.439142 12.994723 10.222067 8.057049 6.416814 5.210855 4.350151 3.753683 3.352206 3.089659 2.922795 2.819693 2.757738 2.721519 2.700913 2.689499 2.683342 2.680104 2.678443 2.677605 2.677181 2.676944 2.676764 2.676543 2.676176 2.675507 2.674284 2.672092 2.668253 2.661700 2.650806 2.633177 2.605427 2.562969 2.499885 2.408967 2.282043 2.110689 1.887422 1.607309 1.269798 0.880318 0.451009 0.000000 
50.000000 43.556150 37.310396 31.442577 26.098824 21.381103 17.342935 13.991237 11.293205 9.186446 7.590338 6.416814 5.579255 4.998820 4.608132 4.352638 4.190256 4.089921 4.029628 3.994381 3.974327 3.963220 3.957227 3.954076 3.952457 3.951638 3.951218 3.950973 3.950767 3.950490 3.950012 3.949130 3.947509 3.944589 3.939451 3.930636 3.915897 3.891895 3.853845 3.795169 3.707231 3.579291 3.398849 3.152593 2.828117 2.416449 1.915151 1.331315 0.683313 0.000000 
50.000000 43.798720 37.788075 32.141129 26.998509 22.458345 18.572142 15.346560 12.750035 10.722524 9.186446 8.057049 7.250977 6.692358 6.316351 6.070455 5.914171 5.817603 5.759573 5.725649 5.706347 5.695656 5.689887 5.686853 5.685293 5.684502 5.684089 5.683836 5.683603 5.683266 5.682667 5.681551 5.679490 5.675759 5.669164 5.657788 5.638653 5.607280 5.557164 5.479214 5.361262 5.187808 4.940278 4.598132 4.141182 3.553386 2.827961 1.972929 1.015137 0.000000 
50.000000 44.118879 38.418546 33.063126 28.185984 23.880181 20.194567 17.135460 14.672928 12.750035 11.293205 10.222067 9.457568 8.927755 8.571133 8.337912 8.189681 8.098089 8.043048 8.010871 7.992563 7.982422 7.976950 7.974071 7.972589 7.971834 7.971434 7.971176 7.970917 7.970521 7.969801 7.968452 7.965946 7.961390 7.953297 7.939262 7.915506 7.876278 7.813099 7.713914 7.562227 7.336464 7.009901 6.551692 5.929687 5.115741 4.093825 2.870096 1.481895 0.000000 
50.000000 44.528872 39.225923 34.243834 29.706669 25.701002 22.272278 19.426378 17.135460 15.346560 13.991237 12.994723 12.283479 11.790567 11.458780 11.241798 11.103887 11.018670 10.967460 10.937521 10.920487 10.911051 10.905959 10.903279 10.901899 10.901192 10.900811 10.900552 10.900273 10.899827 10.899003 10.897448 10.894549 10.889254 10.879803 10.863322 10.835248 10.788544 10.712681 10.592388 10.406282 10.125559 9.713189 9.124333 8.309116 7.219277 5.820212 4.108639 2.132180 0.000000 
50.000000 45.038173 40.228864 35.710540 31.595712 27.962895 24.853305 22.272278 20.194567 18.572142 17.342935 16.439142 15.794069 15.347012 15.046087 14.849285 14.724200 14.646906 14.600457 14.573301 14.557850 14.549291 14.544672 14.542241 14.540987 14.540342 14.539988 14.539736 14.539446 14.538968 14.538074 14.536379 14.533204 14.527382 14.516941 14.498634 14.467251 14.414651 14.328453 14.190342 13.974010 13.642875 13.147945 12.426653 11.404241 10.000396 8.145105 5.807634 3.037496 0.000000 
50.000000 45.651761 41.437176 37.477585 33.871586 30.687982 27.962895 25.701002 23.880181 22.458345 21.381103 20.589038 20.023705 19.631906 19.368174 19.195695 19.086067 19.018324 18.977614 18.953813 18.940271 18.932768 18.928720 18.926588 18.925487 18.924919 18.924602 18.924366 18.924080 18.923597 18.922687 18.920951 18.917689 18.911684 18.900868 18.881803 18.848920 18.793401 18.701616 18.552986 18.317163 17.950495 17.391886 16.558654 15.343991 13.619794 11.252519 8.144666 4.314456 0.000000 
50.000000 46.368582 42.848783 39.541935 36.530382 33.871586 31.595712 29.706669 28.185984 26.998509 26.098824 25.437306 24.965146 24.637918 24.417648 24.273591 24.182028 24.125447 24.091445 24.071565 24.060253 24.053987 24.050605 24.048824 24.047903 24.047426 24.047155 24.046947 24.046684 24.046231 24.045371 24.043725 24.040623 24.034893 24.024530 24.006177 23.974342 23.920222 23.829997 23.682375 23.445123 23.070243 22.487392 21.595315 20.251792 18.265191 15.397815 11.407349 6.178894 0.000000 
50.000000 47.180503 44.447667 41.880167 39.541935 37.477585 35.710540 34.243834 33.063126 32.141129 31.442577 30.928945 30.562337 30.308259 30.137228 30.025373 29.954276 29.910342 29.883939 29.868503 29.859719 29.854853 29.852227 29.850843 29.850128 29.849756 29.849542 29.849372 29.849152 29.848767 29.848032 29.846622 29.843958 29.839022 29.830066 29.814140 29.786378 29.738898 29.659147 29.527426 29.313167 28.969301 28.423622 27.565434 26.225066 24.144120 20.940084 16.095299 9.088872 0.000000 
50.000000 48.072032 46.203322 44.447667 42.848783 41.437176 40.228864 39.225923 38.418546 37.788075 37.310396 36.959166 36.708472 36.534728 36.417772 36.341282 36.292663 36.262619 36.244564 36.234007 36.228001 36.224673 36.222877 36.221931 36.221441 36.221185 36.221037 36.220917 36.220758 36.220477 36.219940 36.218905 36.216947 36.213312 36.206699 36.194902 36.174260 36.138788 36.078848 35.979081 35.815145 35.548450 35.117283 34.421230 33.292511 31.441434 28.352368 23.101661 14.160902 0.000000 
50.000000 49.020971 48.072032 47.180503 46.368582 45.651761 45.038173 44.528872 44.118879 43.798720 43.556150 43.377791 43.250486 43.162255 43.102863 43.064020 43.039331 43.024074 43.014905 43.009544 43.006493 43.004803 43.003891 43.003411 43.003162 43.003032 43.002956 43.002894 43.002810 43.002662 43.002377 43.001830 43.000792 42.998862 42.995344 42.989058 42.978032 42.959025 42.926782 42.872838 42.783583 42.636985 42.396692 42.000677 41.337305 40.189688 38.091631 33.911130 24.510485 0.000000 
50.000000 50.000000 50.000000 50.000000 50.000000 50.000000 50.000000 50.000000 50.000000 50.000000 50.000000 50.000000 50.000000 50.000000 50.000000 50.000000 50.000000 50.000000 50.000000 50.000000 50.000000 50.000000 50.000000 50.000000 50.000000 50.000000 50.000000 50.000000 50.000000 50.000000 50.000000 50.000000 50.000000 50.000000 50.000000 50.000000 50.000000 50.000000 50.000000 50.000000 50.000000 50.000000 50.000000 50.000000 50.000000 50.000000 50.000000 50.000000 50.000000 50.000000 
