50.000000 50.000000 50.000000 50.000000 50.000000 50.000000 50.000000 50.000000 50.000000 50.000000 50.000000 50.000000 50.000000 50.000000 50.000000 50.000000 50.000000 50.000000 50.000000 50.000000 50.000000 50.000000 50.000000 50.000000 50.000000 50.000000 50.000000 50.000000 50.000000 50.000000 50.000000 50.000000 50.000000 50.000000 50.000000 50.000000 50.000000 50.000000 50.000000 50.000000 50.000000 50.000000 50.000000 50.000000 50.000000 50.000000 50.000000 50.000000 50.000000 50.000000 
50.000000 48.293700 46.678743 45.231824 44.004249 43.017563 42.265755 41.722313 41.349333 41.106050 40.955089 40.865881 40.815622 40.788597 40.774712 40.767887 40.764675 40.763226 40.762598 40.762336 40.762232 40.762191 40.762176 40.762171 40.762169 40.762169 40.762168 40.762168 40.762167 40.762165 40.762159 40.762142 40.762097 40.761981 40.761695 40.761012 40.759429 40.755884 40.748194 40.732020 40.698968 40.633151 40.504855 40.258413 39.787215 38.876862 37.060010 33.199176 24.146850 0.000000 
50.000000 46.678743 43.535287 40.718919 38.329510 36.408988 34.945653 33.887896 33.161934 32.688419 32.394599 32.220973 32.123156 32.070559 32.043535 32.030253 32.024002 32.021180 32.019959 32.019450 32.019247 32.019168 32.019139 32.019129 32.019125 32.019124 32.019123 32.019123 32.019121 32.019117 32.019106 32.019075 32.018993 32.018784 32.018267 32.017033 32.014185 32.007824 31.994083 31.965338 31.907021 31.792049 31.571126 31.155725 30.387448 28.981234 26.419273 21.767644 13.479568 0.000000 
50.000000 45.231824 40.718919 36.675620 33.245306 30.488171 28.387407 26.868913 25.826754 25.147011 24.725232 24.475997 24.335588 24.260090 24.221302 24.202238 24.193265 24.189216 24.187463 24.186733 24.186441 24.186329 24.186287 24.186272 24.186267 24.186265 24.186264 24.186263 24.186261 24.186256 24.186242 24.186202 24.186098 24.185832 24.185176 24.183614 24.180022 24.172042 24.154909 24.119351 24.047953 23.909117 23.647309 23.167769 22.313376 20.831889 18.337810 14.299646 8.171814 0.000000 
50.000000 44.004249 38.329510 33.245306 28.931936 25.465083 22.823601 20.914295 19.603946 18.749296 18.219004 17.905655 17.729131 17.634219 17.585457 17.561493 17.550214 17.545124 17.542920 17.542003 17.541636 17.541494 17.541442 17.541423 17.541416 17.541414 17.541413 17.541412 17.541410 17.541405 17.541389 17.541347 17.541236 17.540953 17.540259 17.538613 17.534845 17.526525 17.508795 17.472341 17.400015 17.261530 17.005588 16.549105 15.764130 14.465968 12.413417 9.348276 5.127387 0.000000 
50.000000 43.017563 36.408988 30.488171 25.465083 21.427856 18.351845 16.128501 14.602665 13.607494 12.990030 12.625183 12.419656 12.309152 12.252383 12.224484 12.211354 12.205429 12.202864 12.201796 12.201369 12.201204 12.201143 12.201121 12.201114 12.201111 12.201110 12.201109 12.201107 12.201102 12.201088 12.201048 12.200943 12.200679 12.200031 12.198503 12.195026 12.187398 12.171275 12.138457 12.074151 11.952925 11.733230 11.350985 10.713928 9.700954 8.174794 6.021540 3.230348 0.000000 
50.000000 42.265755 34.945653 28.387407 22.823601 18.351845 14.944823 12.482276 10.792321 9.690141 9.006301 8.602248 8.374642 8.252274 8.189411 8.158519 8.143980 8.137421 8.134580 8.133398 8.132926 8.132743 8.132676 8.132651 8.132643 8.132640 8.132639 8.132638 8.132637 8.132632 8.132620 8.132586 8.132497 8.132273 8.131727 8.130446 8.127546 8.121228 8.107987 8.081305 8.029657 7.933726 7.762994 7.472411 7.000860 6.274496 5.219638 3.789928 2.007342 0.000000 
50.000000 41.722313 33.887896 26.868913 20.914295 16.128501 12.482276 9.846890 8.038364 6.858882 6.127103 5.694737 5.451191 5.320257 5.252996 5.219945 5.204391 5.197373 5.194334 5.193070 5.192564 5.192369 5.192297 5.192271 5.192262 5.192259 5.192258 5.192257 5.192256 5.192252 5.192242 5.192216 5.192147 5.191973 5.191551 5.190564 5.188345 5.183545 5.173565 5.153649 5.115539 5.045716 4.923445 4.719282 4.395270 3.908708 3.221604 2.316770 1.217458 0.000000 
50.000000 41.349333 33.161934 25.826754 19.603946 14.602665 10.792321 8.038364 6.148507 4.916012 4.151361 3.699585 3.445114 3.308310 3.238036 3.203505 3.187256 3.179925 3.176750 3.175429 3.174901 3.174697 3.174622 3.174595 3.174585 3.174582 3.174581 3.174581 3.174580 3.174577 3.174570 3.174551 3.174501 3.174375 3.174073 3.173369 3.171796 3.168414 3.161438 3.147643 3.121524 3.074254 2.992648 2.858595 2.649740 2.342417 1.917637 1.369885 0.716182 0.000000 
50.000000 41.106050 32.688419 25.147011 18.749296 13.607494 9.690141 6.858882 4.916012 3.648967 2.862897 2.398477 2.136890 1.996264 1.924029 1.888535 1.871833 1.864298 1.861035 1.859678 1.859135 1.858926 1.858848 1.858820 1.858811 1.858808 1.858806 1.858806 1.858805 1.858803 1.858799 1.858786 1.858752 1.858668 1.858465 1.857997 1.856955 1.854730 1.850174 1.841239 1.824483 1.794488 1.743343 1.660484 1.533343 1.349281 1.099058 0.781398 0.407082 0.000000 
50.000000 40.955089 32.394599 24.725232 18.219004 12.990030 9.006301 6.127103 4.151361 2.862897 2.063551 1.591297 1.325301 1.182308 1.108859 1.072770 1.055787 1.048126 1.044809 1.043429 1.042877 1.042664 1.042585 1.042557 1.042547 1.042544 1.042543 1.042542 1.042542 1.042541 1.042538 1.042529 1.042508 1.042455 1.042328 1.042035 1.041388 1.040014 1.037218 1.031776 1.021657 1.003718 0.973454 0.924997 0.851573 0.746663 0.605882 0.429261 0.223069 0.000000 
50.000000 40.865881 32.220973 24.475997 17.905655 12.625183 8.602248 5.694737 3.699585 2.398477 1.591297 1.114419 0.845823 0.701434 0.627269 0.590829 0.573681 0.565946 0.562597 0.561203 0.560646 0.560431 0.560351 0.560323 0.560313 0.560310 0.560309 0.560308 0.560308 0.560307 0.560305 0.560300 0.560288 0.560256 0.560181 0.560009 0.559630 0.558829 0.557209 0.554079 0.548303 0.538147 0.521172 0.494261 0.453908 0.396860 0.321088 0.226890 0.117687 0.000000 
50.000000 40.815622 32.123156 24.335588 17.729131 12.419656 8.374642 5.451191 3.445114 2.136890 1.325301 0.845823 0.575765 0.430592 0.356025 0.319386 0.302147 0.294370 0.291002 0.289602 0.289041 0.288825 0.288745 0.288716 0.288706 0.288703 0.288702 0.288702 0.288701 0.288701 0.288700 0.288697 0.288690 0.288672 0.288630 0.288534 0.288324 0.287882 0.286994 0.285287 0.282159 0.276700 0.267647 0.253414 0.232258 0.202606 0.163545 0.115332 0.059738 0.000000 
50.000000 40.788597 32.070559 24.260090 17.634219 12.309152 8.252274 5.320257 3.308310 1.996264 1.182308 0.701434 0.430592 0.284998 0.210215 0.173471 0.156182 0.148382 0.145005 0.143600 0.143038 0.142822 0.142742 0.142713 0.142703 0.142699 0.142698 0.142698 0.142698 0.142698 0.142697 0.142696 0.142692 0.142682 0.142660 0.142609 0.142499 0.142268 0.141805 0.140920 0.139309 0.136514 0.131912 0.124728 0.114126 0.099374 0.080068 0.056374 0.029168 0.000000 
50.000000 40.774712 32.043535 24.221302 17.585457 12.252383 8.189411 5.252996 3.238036 1.924029 1.108859 0.627269 0.356025 0.210215 0.135321 0.098523 0.081209 0.073398 0.070016 0.068609 0.068046 0.067829 0.067749 0.067720 0.067710 0.067707 0.067706 0.067705 0.067705 0.067705 0.067705 0.067704 0.067702 0.067697 0.067686 0.067661 0.067605 0.067490 0.067260 0.066824 0.066032 0.064667 0.062432 0.058965 0.053879 0.046844 0.037688 0.026502 0.013700 0.000000 
50.000000 40.767887 32.030253 24.202238 17.561493 12.224484 8.158519 5.219945 3.203505 1.888535 1.072770 0.590829 0.319386 0.173471 0.098523 0.061699 0.044372 0.036555 0.033171 0.031763 0.031200 0.030983 0.030902 0.030873 0.030864 0.030860 0.030859 0.030859 0.030859 0.030859 0.030858 0.030858 0.030857 0.030855 0.030849 0.030837 0.030811 0.030756 0.030647 0.030441 0.030070 0.029433 0.028394 0.026791 0.024453 0.021234 0.017063 0.011986 0.006192 0.000000 
50.000000 40.764675 32.024002 24.193265 17.550214 12.211354 8.143980 5.204391 3.187256 1.871833 1.055787 0.573681 0.302147 0.156182 0.081209 0.044372 0.027039 0.019220 0.015834 0.014426 0.013862 0.013645 0.013565 0.013536 0.013526 0.013523 0.013522 0.013521 0.013521 0.013521 0.013521 0.013521 0.013520 0.013519 0.013517 0.013511 0.013499 0.013474 0.013425 0.013332 0.013165 0.012880 0.012418 0.011707 0.010675 0.009260 0.007434 0.005218 0.002694 0.000000 
50.000000 40.763226 32.021180 24.189216 17.545124 12.205429 8.137421 5.197373 3.179925 1.864298 1.048126 0.565946 0.294370 0.148382 0.073398 0.036555 0.019220 0.011399 0.008013 0.006605 0.006041 0.005824 0.005744 0.005715 0.005705 0.005701 0.005700 0.005700 0.005700 0.005700 0.005700 0.005700 0.005700 0.005699 0.005698 0.005696 0.005690 0.005680 0.005658 0.005618 0.005546 0.005424 0.005226 0.004924 0.004486 0.003888 0.003119 0.002187 0.001129 0.000000 
50.000000 40.762598 32.019959 24.187463 17.542920 12.202864 8.134580 5.194334 3.176750 1.861035 1.044809 0.562597 0.291002 0.145005 0.070016 0.033171 0.015834 0.008013 0.004627 0.003219 0.002655 0.002438 0.002357 0.002329 0.002319 0.002315 0.002314 0.002314 0.002314 0.002314 0.002314 0.002314 0.002314 0.002313 0.002313 0.002312 0.002310 0.002305 0.002296 0.002280 0.002250 0.002200 0.002118 0.001995 0.001816 0.001573 0.001261 0.000884 0.000456 0.000000 
50.000000 40.762336 32.019450 24.186733 17.542003 12.201796 8.133398 5.193070 3.175429 1.859678 1.043429 0.561203 0.289602 0.143600 0.068609 0.031763 0.014426 0.006605 0.003219 0.001810 0.001246 0.001029 0.000949 0.000920 0.000910 0.000907 0.000905 0.000905 0.000905 0.000905 0.000905 0.000905 0.000905 0.000905 0.000905 0.000904 0.000903 0.000902 0.000898 0.000891 0.000880 0.000860 0.000828 0.000779 0.000709 0.000613 0.000491 0.000344 0.000178 0.000000 
50.000000 40.762232 32.019247 24.186441 17.541636 12.201369 8.132926 5.192564 3.174901 1.859135 1.042877 0.560646 0.289041 0.143038 0.068046 0.031200 0.013862 0.006041 0.002655 0.001246 0.000683 0.000466 0.000385 0.000356 0.000346 0.000343 0.000342 0.000342 0.000341 0.000341 0.000341 0.000341 0.000341 0.000341 0.000341 0.000341 0.000341 0.000340 0.000339 0.000336 0.000332 0.000324 0.000312 0.000293 0.000267 0.000231 0.000185 0.000129 0.000067 0.000000 
50.000000 40.762191 32.019168 24.186329 17.541494 12.201204 8.132743 5.192369 3.174697 1.858926 1.042664 0.560431 0.288825 0.142822 0.067829 0.030983 0.013645 0.005824 0.002438 0.001029 0.000466 0.000249 0.000168 0.000139 0.000129 0.000126 0.000125 0.000124 0.000124 0.000124 0.000124 0.000124 0.000124 0.000124 0.000124 0.000124 0.000124 0.000124 0.000123 0.000122 0.000121 0.000118 0.000113 0.000107 0.000097 0.000084 0.000067 0.000047 0.000024 0.000000 
50.000000 40.762177 32.019139 24.186287 17.541442 12.201143 8.132676 5.192297 3.174622 1.858848 1.042585 0.560352 0.288745 0.142742 0.067749 0.030902 0.013565 0.005744 0.002358 0.000949 0.000385 0.000168 0.000088 0.000059 0.000049 0.000045 0.000044 0.000044 0.000044 0.000044 0.000044 0.000044 0.000044 0.000044 0.000044 0.000044 0.000044 0.000044 0.000044 0.000043 0.000043 0.000042 0.000040 0.000038 0.000034 0.000030 0.000024 0.000017 0.000009 0.000000 
50.000000 40.762171 32.019129 24.186272 17.541423 12.201122 8.132652 5.192271 3.174595 1.858821 1.042557 0.560323 0.288717 0.142713 0.067721 0.030874 0.013536 0.005715 0.002329 0.000920 0.000357 0.000140 0.000059 0.000030 0.000020 0.000017 0.000016 0.000015 0.000015 0.000015 0.000015 0.000015 0.000015 0.000015 0.000015 0.000015 0.000015 0.000015 0.000015 0.000015 0.000015 0.000015 0.000014 0.000013 0.000012 0.000010 0.000008 0.000006 0.000003 0.000000 
50.000000 40.762170 32.019126 24.186267 17.541417 12.201115 8.132644 5.192263 3.174587 1.858812 1.042549 0.560315 0.288708 0.142704 0.067712 0.030865 0.013528 0.005706 0.002320 0.000911 0.000348 0.000131 0.000050 0.000021 0.000011 0.000008 0.000007 0.000007 0.000006 0.000006 0.000006 0.000006 0.000006 0.000006 0.000006 0.000006 0.000006 0.000006 0.000006 0.000006 0.000006 0.000006 0.000006 0.000006 0.000005 0.000004 0.000003 0.000002 0.000001 0.000000 
50.000000 40.762170 32.019126 24.186267 17.541417 12.201115 8.132644 5.192263 3.174587 1.858812 1.042549 0.560315 0.288708 0.142704 0.067712 0.030865 0.013528 0.005706 0.002320 0.000911 0.000348 0.000131 0.000050 0.000021 0.000011 0.000008 0.000007 0.000007 0.000006 0.000006 0.000006 0.000006 0.000006 0.000006 0.000006 0.000006 0.000006 0.000006 0.000006 0.000006 0.000006 0.000006 0.000006 0.000006 0.000005 0.000004 0.000003 0.000002 0.000001 0.000000 
50.000000 40.762171 32.019129 24.186272 17.541423 12.201122 8.132652 5.192271 3.174595 1.858821 1.042557 0.560323 0.288717 0.142713 0.067721 0.030874 0.013536 0.005715 0.002329 0.000920 0.000357 0.000140 0.000059 0.000030 0.000020 0.000017 0.000016 0.000015 0.000015 0.000015 0.000015 0.000015 0.000015 0.000015 0.000015 0.000015 0.000015 0.000015 0.000015 0.000015 0.000015 0.000015 0.000014 0.000013 0.000012 0.000010 0.000008 0.000006 0.000003 0.000000 
50.000000 40.762177 32.019139 24.186287 17.541442 12.201143 8.132676 5.192297 3.174622 1.858848 1.042585 0.560352 0.288745 0.142742 0.067749 0.030902 0.013565 0.005744 0.002358 0.000949 0.000385 0.000168 0.000088 0.000059 0.000049 0.000045 0.000044 0.000044 0.000044 0.000044 0.000044 0.000044 0.000044 0.000044 0.000044 0.000044 0.000044 0.000044 0.000044 0.000043 0.000043 0.000042 0.000040 0.000038 0.000034 0.000030 0.000024 0.000017 0.000009 0.000000 
50.000000 40.762191 32.019168 24.186329 17.541494 12.201204 8.132743 5.192369 3.174697 1.858926 1.042664 0.560431 0.288825 0.142822 0.067829 0.030983 0.013645 0.005824 0.002438 0.001029 0.000466 0.000249 0.000168 0.000139 0.000129 0.000126 0.000125 0.000124 0.000124 0.000124 0.000124 0.000124 0.000124 0.000124 0.000124 0.000124 0.000124 0.000124 0.000123 0.000122 0.000121 0.000118 0.000113 0.000107 0.000097 0.000084 0.000067 0.000047 0.000024 0.000000 
50.000000 40.762232 32.019247 24.186441 17.541636 12.201369 8.132926 5.192564 3.174901 1.859135 1.042877 0.560646 0.289041 0.143038 0.068046 0.031200 0.013862 0.006041 0.002655 0.001246 0.000683 0.000466 0.000385 0.000356 0.000346 0.000343 0.000342 0.000342 0.000341 0.000341 0.000341 0.000341 0.000341 0.000341 0.000341 0.000341 0.000341 0.000340 0.000339 0.000336 0.000332 0.000324 0.000312 0.000293 0.000267 0.000231 0.000185 0.000129 0.000067 0.000000 
50.000000 40.762336 32.019450 24.186733 17.542003 12.201796 8.133398 5.193070 3.175429 1.859678 1.043429 0.561203 0.289602 0.143600 0.068609 0.031763 0.014426 0.006605 0.003219 0.001810 0.001246 0.001029 0.000949 0.000920 0.000910 0.000907 0.000905 0.000905 0.000905 0.000905 0.000905 0.000905 0.000905 0.000905 0.000905 0.000904 0.000903 0.000902 0.000898 0.000891 0.000880 0.000860 0.000828 0.000779 0.000709 0.000613 0.000491 0.000344 0.000178 0.000000 
50.000000 40.762598 32.019959 24.187463 17.542920 12.202864 8.134580 5.194334 3.176750 1.861035 1.044809 0.562597 0.291002 0.145005 0.070016 0.033171 0.015834 0.008013 0.004627 0.003219 0.002655 0.002438 0.002357 0.002329 0.002319 0.002315 0.002314 0.002314 0.002314 0.002314 0.002314 0.002314 0.002314 0.002313 0.002313 0.002312 0.002310 0.002305 0.002296 0.002280 0.002250 0.002200 0.002118 0.001995 0.001816 0.001573 0.001261 0.000884 0.000456 0.000000 
50.000000 40.763226 32.021180 24.189216 17.545124 12.205429 8.137421 5.197373 3.179925 1.864298 1.048126 0.565946 0.294370 0.148382 0.073398 0.036555 0.019220 0.011399 0.008013 0.006605 0.006041 0.005824 0.005744 0.005715 0.005705 0.005701 0.005700 0.005700 0.005700 0.005700 0.005700 0.005700 0.005700 0.005699 0.005698 0.005696 0.005690 0.005680 0.005658 0.005618 0.005546 0.005424 0.005226 0.004924 0.004486 0.003888 0.003119 0.002187 0.001129 0.000000 
50.000000 40.764675 32.024002 24.193265 17.550214 12.211354 8.143980 5.204391 3.187256 1.871833 1.055787 0.573681 0.302147 0.156182 0.081209 0.044372 0.027039 0.019220 0.015834 0.014426 0.013862 0.013645 0.013565 0.013536 0.013526 0.013523 0.013522 0.013521 0.013521 0.013521 0.013521 0.013521 0.013520 0.013519 0.013517 0.013511 0.013499 0.013474 0.013425 0.013332 0.013165 0.012880 0.012418 0.011707 0.010675 0.009260 0.007434 0.005218 0.002694 0.000000 
50.000000 40.767887 32.030253 24.202238 17.561493 12.224484 8.158519 5.219945 3.203505 1.888535 1.072770 0.590829 0.319386 0.173471 0.098523 0.061699 0.044372 0.036555 0.033171 0.031763 0.031200 0.030983 0.030902 0.030873 0.030864 0.030860 0.030859 0.030859 0.030859 0.030859 0.030858 0.030858 0.030857 0.030855 0.030849 0.030837 0.030811 0.030756 0.030647 0.030441 0.030070 0.029433 0.028394 0.026791 0.024453 0.021234 0.017063 0.011986 0.006192 0.000000 
50.000000 40.774712 32.043535 24.221302 17.585457 12.252383 8.189411 5.252996 3.238036 1.924029 1.108859 0.627269 0.356025 0.210215 0.135321 0.098523 0.081209 0.073398 0.070016 0.068609 0.068046 0.067829 0.067749 0.067720 0.067710 0.067707 0.067706 0.067705 0.067705 0.067705 0.067705 0.067704 0.067702 0.067697 0.067686 0.067661 0.067605 0.067490 0.067260 0.066824 0.066032 0.064667 0.062432 0.058965 0.053879 0.046844 0.037688 0.026502 0.013700 0.000000 
50.000000 40.788597 32.070559 24.260090 17.634219 12.309152 8.252274 5.320257 3.308310 1.996264 1.182308 0.701434 0.430592 0.284998 0.210215 0.173471 0.156182 0.148382 0.145005 0.143600 0.143038 0.142822 0.142742 0.142713 0.142703 0.142699 0.142698 0.142698 0.142698 0.142698 0.142697 0.142696 0.142692 0.142682 0.142660 0.142609 0.142499 0.142268 0.141805 0.140920 0.139309 0.136514 0.131912 0.124728 0.114126 0.099374 0.080068 0.056374 0.029168 0.000000 
50.000000 40.815622 32.123156 24.335588 17.729131 12.419656 8.374642 5.451191 3.445114 2.136890 1.325301 0.845823 0.575765 0.430592 0.356025 0.319386 0.302147 0.294370 0.291002 0.289602 0.289041 0.288825 0.288745 0.288716 0.288706 0.288703 0.288702 0.288702 0.288701 0.288701 0.288700 0.288697 0.288690 0.288672 0.288630 0.288534 0.288324 0.287882 0.286994 0.285287 0.282159 0.276700 0.267647 0.253414 0.232258 0.202606 0.163545 0.115332 0.059738 0.000000 
50.000000 40.865881 32.220973 24.475997 17.905655 12.625183 8.602248 5.694737 3.699585 2.398477 1.591297 1.114419 0.845823 0.701434 0.627269 0.590829 0.573681 0.565946 0.562597 0.561203 0.560646 0.560431 0.560351 0.560323 0.560313 0.560310 0.560309 0.560308 0.560308 0.560307 0.560305 0.560300 0.560288 0.560256 0.560181 0.560009 0.559630 0.558829 0.557209 0.554079 0.548303 0.538147 0.521172 0.494261 0.453908 0.396860 0.321088 0.226890 0.117687 0.000000 
50.000000 40.955089 32.394599 24.725232 18.219004 12.990030 9.006301 6.127103 4.151361 2.862897 2.063551 1.591297 1.325301 1.182308 1.108859 1.072770 1.055787 1.048126 1.044809 1.043429 1.042877 1.042664 1.042585 1.042557 1.042547 1.042544 1.042543 1.042542 1.042542 1.042541 1.042538 1.042529 1.042508 1.042455 1.042328 1.042035 1.041388 1.040014 1.037218 1.031776 1.021657 1.003718 0.973454 0.924997 0.851573 0.746663 0.605882 0.429261 0.223069 0.000000 
50.000000 41.106050 32.688419 25.147011 18.749296 13.607494 9.690141 6.858882 4.916012 3.648967 2.862897 2.398477 2.136890 1.996264 1.924029 1.888535 1.871833 1.864298 1.861035 1.859678 1.859135 1.858926 1.858848 1.858820 1.858811 1.858808 1.858806 1.858806 1.858805 1.858803 1.858799 1.858786 1.858752 1.858668 1.858465 1.857997 1.856955 1.854730 1.850174 1.841239 1.824483 1.794488 1.743343 1.660484 1.533343 1.349281 1.099058 0.781398 0.407082 0.000000 
50.000000 41.349333 33.161934 25.826754 19.603946 14.602665 10.792321 8.038364 6.148507 4.916012 4.151361 3.699585 3.445114 3.308310 3.238036 3.203505 3.187256 3.179925 3.176750 3.175429 3.174901 3.174697 3.174622 3.174595 3.174585 3.174582 3.174581 3.174581 3.174580 3.174577 3.174570 3.174551 3.174501 3.174375 3.174073 3.173369 3.171796 3.168414 3.161438 3.147643 3.121524 3.074254 2.992648 2.858595 2.649740 2.342417 1.917637 1.369885 0.716182 0.000000 
50.000000 41.722313 33.887896 26.868913 20.914295 16.128501 12.482276 9.846890 8.038364 6.858882 6.127103 5.694737 5.451191 5.320257 5.252996 5.219945 5.204391 5.197373 5.194334 5.193070 5.192564 5.192369 5.192297 5.192271 5.192262 5.192259 5.192258 5.192257 5.192256 5.192252 5.192242 5.192216 5.192147 5.191973 5.191551 5.190564 5.188345 5.183545 5.173565 5.153649 5.115539 5.045716 4.923445 4.719282 4.395270 3.908708 3.221604 2.316770 1.217458 0.000000 
50.000000 42.265755 34.945653 28.387407 22.823601 18.351845 14.944823 12.482276 10.792321 9.690141 9.006301 8.602248 8.374642 8.252274 8.189411 8.158519 8.143980 8.137421 8.134580 8.133398 8.132926 8.132743 8.132676 8.132651 8.132643 8.132640 8.132639 8.132638 8.132637 8.132632 8.132620 8.132586 8.132497 8.132273 8.131727 8.130446 8.127546 8.121228 8.107987 8.081305 8.029657 7.933726 7.762994 7.472411 7.000860 6.274496 5.219638 3.789928 2.007342 0.000000 
50.000000 43.017563 36.408988 30.488171 25.465083 21.427856 18.351845 16.128501 14.602665 13.607494 12.990030 12.625183 12.419656 12.309152 12.252383 12.224484 12.211354 12.205429 12.202864 12.201796 12.201369 12.201204 12.201143 12.201121 12.201114 12.201111 12.201110 12.201109 12.201107 12.201102 12.201088 12.201048 12.200943 12.200679 12.200031 12.198503 12.195026 12.187398 12.171275 12.138457 12.074151 11.952925 11.733230 11.350985 10.713928 9.700954 8.174794 6.021540 3.230348 0.000000 
50.000000 44.004249 38.329510 33.245306 28.931936 25.465083 22.823601 20.914295 19.603946 18.749296 18.219004 17.905655 17.729131 17.634219 17.585457 17.561493 17.550214 17.545124 17.542920 17.542003 17.541636 17.541494 17.541442 17.541423 17.541416 17.541414 17.541413 17.541412 17.541410 17.541405 17.541389 17.541347 17.541236 17.540953 17.540259 17.538613 17.534845 17.526525 17.508795 17.472341 17.400015 17.261530 17.005588 16.549105 15.764130 14.465968 12.413417 9.348276 5.127387 0.000000 
50.000000 45.231824 40.718919 36.675620 33.245306 30.488171 28.387407 26.868913 25.826754 25.147011 24.725232 24.475997 24.335588 24.260090 24.221302 24.202238 24.193265 24.189216 24.187463 24.186733 24.186441 24.186329 24.186287 24.186272 24.186267 24.186265 24.186264 24.186263 24.186261 24.186256 24.186242 24.186202 24.186098 24.185832 24.185176 24.183614 24.180022 24.172042 24.154909 24.119351 24.047953 23.909117 23.647309 23.167769 22.313376 20.831889 18.337810 14.299646 8.171814 0.000000 
50.000000 46.678743 43.535287 40.718919 38.329510 36.408988 34.945653 33.887896 33.161934 32.688419 32.394599 32.220973 32.123156 32.070559 32.043535 32.030253 32.024002 32.021180 32.019959 32.019450 32.019247 32.019168 32.019139 32.019129 32.019125 32.019124 32.019123 32.019123 32.019121 32.019117 32.019106 32.019075 32.018993 32.018784 32.018267 32.017033 32.014185 32.007824 31.994083 31.965338 31.907021 31.792049 31.571126 31.155725 30.387448 28.981234 26.419273 21.767644 13.479568 0.000000 
50.000000 48.293700 46.678743 45.231824 44.004249 43.017563 42.265755 41.722313 41.349333 41.106050 40.955089 40.865881 40.815622 40.788597 40.774712 40.767887 40.764675 40.763226 40.762598 40.762336 40.762232 40.762191 40.762176 40.762171 40.762169 40.762169 40.762168 40.762168 40.762167 40.762165 40.762159 40.762142 40.762097 40.761981 40.761695 40.761012 40.759429 40.755884 40.748194 40.732020 40.698968 40.633151 40.504855 40.258413 39.787215 38.876862 37.060010 33.199176 24.146850 0.000000 
50.000000 50.000000 50.000000 50.000000 50.000000 50.000000 50.000000 50.000000 50.000000 50.000000 50.000000 50.000000 50.000000 50.000000 50.000000 50.000000 50.000000 50.000000 50.000000 50.000000 50.000000 50.000000 50.000000 50.000000 50.000000 50.000000 50.000000 50.000000 50.000000 50.000000 50.000000 50.000000 50.000000 50.000000 50.000000 50.000000 50.000000 50.000000 50.000000 50.000000 50.000000 50.000000 50.000000 50.000000 50.000000 50.000000 50.000000 50.000000 50.000000 50.000000 
