50.000000 50.000000 50.000000 50.000000 50.000000 50.000000 50.000000 50.000000 50.000000 50.000000 50.000000 50.000000 50.000000 50.000000 50.000000 50.000000 50.000000 50.000000 50.000000 50.000000 50.000000 50.000000 50.000000 50.000000 50.000000 50.000000 50.000000 50.000000 50.000000 50.000000 50.000000 50.000000 50.000000 50.000000 50.000000 50.000000 50.000000 50.000000 50.000000 50.000000 50.000000 50.000000 50.000000 50.000000 50.000000 50.000000 50.000000 50.000000 50.000000 50.000000 
50.000000 48.237014 46.571535 45.084916 43.830657 42.829891 42.074222 41.533795 41.167397 40.931662 40.787577 40.703815 40.657448 40.632979 40.620652 40.614718 40.611985 40.610778 40.610268 40.610061 40.609980 40.609949 40.609938 40.609934 40.609933 40.609933 40.609932 40.609932 40.609932 40.609930 40.609925 40.609912 40.609876 40.609783 40.609545 40.608966 40.607598 40.604474 40.597575 40.582816 40.552178 40.490279 40.368030 40.130450 39.671576 38.777466 36.980895 33.144031 24.118507 0.000000 
50.000000 46.571535 43.332697 40.441698 38.002576 36.056428 34.586925 33.535999 32.823502 32.365100 32.084919 31.922044 31.831885 31.784305 31.760337 31.748799 31.743484 31.741139 31.740146 31.739743 31.739586 31.739527 31.739505 31.739498 31.739495 31.739494 31.739494 31.739494 31.739493 31.739490 31.739481 31.739457 31.739392 31.739223 31.738796 31.737754 31.735299 31.729712 31.717423 31.691277 31.637394 31.529617 31.319800 30.920676 30.175034 28.798656 26.273949 21.666348 13.427504 0.000000 
50.000000 45.084916 40.441698 36.297166 32.800474 30.010534 27.903926 26.397395 25.376029 24.718922 24.317300 24.083834 23.954602 23.886405 23.852052 23.835515 23.827898 23.824537 23.823115 23.822537 23.822312 23.822227 23.822196 23.822185 23.822182 23.822181 23.822180 23.822180 23.822178 23.822174 23.822164 23.822133 23.822051 23.821837 23.821297 23.819985 23.816905 23.809932 23.794689 23.762513 23.696886 23.567418 23.320067 22.861718 22.036795 20.594155 18.148583 14.167749 8.104021 0.000000 
50.000000 43.830657 38.002576 32.800474 28.411569 24.909799 22.265753 20.374914 19.093034 18.268343 17.764308 17.471318 17.309144 17.223564 17.180458 17.159708 17.150150 17.145934 17.144149 17.143424 17.143141 17.143035 17.142997 17.142983 17.142979 17.142977 17.142976 17.142976 17.142974 17.142970 17.142959 17.142927 17.142840 17.142614 17.142046 17.140673 17.137466 17.130247 17.114584 17.081830 17.015817 16.887579 16.647456 16.214161 15.461433 14.205784 12.206318 9.203919 5.053190 0.000000 
50.000000 42.829891 36.056428 30.010534 24.909799 20.840147 17.767374 15.569989 14.080326 13.121987 12.536289 12.195840 12.007404 11.907970 11.857887 11.833779 11.822676 11.817778 11.815705 11.814863 11.814534 11.814411 11.814366 11.814351 11.814345 11.814344 11.814343 11.814342 11.814341 11.814337 11.814326 11.814296 11.814215 11.814006 11.813481 11.812218 11.809284 11.802724 11.788606 11.759377 11.701196 11.589914 11.385571 11.025830 10.420073 9.448367 7.973739 5.881394 3.158315 0.000000 
50.000000 42.074222 34.586925 27.903926 22.265753 17.767374 14.370959 11.942188 10.295707 9.236514 8.589199 8.212947 8.004702 7.894820 7.839477 7.812839 7.800571 7.795158 7.792868 7.791938 7.791575 7.791439 7.791389 7.791372 7.791366 7.791364 7.791364 7.791363 7.791362 7.791359 7.791349 7.791324 7.791256 7.791081 7.790643 7.789595 7.787174 7.781798 7.770324 7.746806 7.700559 7.613400 7.456208 7.185479 6.741544 6.051593 5.042208 3.666249 1.943772 0.000000 
50.000000 41.533795 33.535999 26.397395 20.374914 15.569989 11.942188 9.348010 7.589442 6.458174 5.766832 5.365003 5.142610 5.025267 4.966168 4.937723 4.924624 4.918845 4.916400 4.915407 4.915019 4.914874 4.914821 4.914803 4.914796 4.914794 4.914794 4.914793 4.914792 4.914790 4.914783 4.914763 4.914711 4.914576 4.914242 4.913444 4.911614 4.907578 4.899034 4.881689 4.847967 4.785271 4.674005 4.485980 4.184418 3.727459 3.077328 2.216200 1.165765 0.000000 
50.000000 41.167397 32.823502 25.376029 19.093034 14.080326 10.295707 7.589442 5.754931 4.574838 3.853677 3.434529 3.202558 3.080164 3.018525 2.988858 2.975196 2.969170 2.966620 2.965584 2.965180 2.965028 2.964973 2.964954 2.964948 2.964945 2.964945 2.964944 2.964944 2.964942 2.964937 2.964923 2.964885 2.964790 2.964553 2.963992 2.962712 2.959907 2.954015 2.942160 2.919354 2.877465 2.804171 2.682307 2.490412 2.205454 1.808611 1.293885 0.677118 0.000000 
50.000000 40.931662 32.365100 24.718922 18.268343 13.121987 9.236514 6.458174 4.574838 3.363362 2.623038 2.192762 1.954638 1.829002 1.765731 1.735280 1.721258 1.715072 1.712456 1.711393 1.710978 1.710822 1.710765 1.710746 1.710739 1.710737 1.710736 1.710736 1.710735 1.710734 1.710731 1.710722 1.710697 1.710633 1.710478 1.710110 1.709275 1.707457 1.703665 1.696099 1.681681 1.655485 1.610207 1.535955 1.420791 1.252526 1.022036 0.727706 0.379484 0.000000 
50.000000 40.787577 32.084919 24.317300 17.764308 12.536289 8.589199 5.766832 3.853677 2.623038 1.871016 1.433949 1.192072 1.064458 1.000192 0.969263 0.955021 0.948738 0.946081 0.945001 0.944580 0.944422 0.944364 0.944344 0.944338 0.944335 0.944335 0.944334 0.944334 0.944333 0.944331 0.944325 0.944310 0.944271 0.944175 0.943949 0.943438 0.942333 0.940043 0.935508 0.926939 0.911517 0.885143 0.842392 0.776911 0.682478 0.554786 0.393642 0.204761 0.000000 
50.000000 40.703815 31.922044 24.083834 17.471318 12.195840 8.212947 5.365003 3.434529 2.192762 1.433949 0.992941 0.748886 0.620125 0.555282 0.524076 0.509707 0.503368 0.500687 0.499598 0.499173 0.499013 0.498955 0.498935 0.498928 0.498926 0.498925 0.498925 0.498925 0.498924 0.498923 0.498920 0.498911 0.498888 0.498832 0.498701 0.498407 0.497774 0.496471 0.493907 0.489097 0.480514 0.465969 0.442624 0.407234 0.356735 0.289144 0.204621 0.106240 0.000000 
50.000000 40.657448 31.831885 23.954602 17.309144 12.007404 8.004702 5.142610 3.202558 1.954638 1.192072 0.748886 0.503627 0.374233 0.309072 0.277713 0.263273 0.256904 0.254209 0.253115 0.252688 0.252527 0.252469 0.252449 0.252442 0.252440 0.252439 0.252439 0.252439 0.252439 0.252438 0.252436 0.252431 0.252418 0.252388 0.252316 0.252156 0.251814 0.251112 0.249739 0.247182 0.242650 0.235032 0.222905 0.204680 0.178897 0.144670 0.102173 0.052974 0.000000 
50.000000 40.632979 31.784305 23.886405 17.223564 11.907970 7.894820 5.025267 3.080164 1.829002 1.064458 0.620125 0.374233 0.244505 0.179176 0.147737 0.133260 0.126874 0.124173 0.123076 0.122648 0.122487 0.122429 0.122408 0.122402 0.122399 0.122399 0.122398 0.122398 0.122398 0.122398 0.122397 0.122394 0.122388 0.122372 0.122335 0.122252 0.122076 0.121718 0.121020 0.119728 0.117452 0.113652 0.107647 0.098686 0.086098 0.069499 0.049006 0.025381 0.000000 
50.000000 40.620652 31.760337 23.852052 17.180458 11.857887 7.839477 4.966168 3.018525 1.765731 1.000192 0.555282 0.309072 0.179176 0.113764 0.082284 0.067789 0.061395 0.058690 0.057592 0.057163 0.057002 0.056944 0.056923 0.056916 0.056914 0.056913 0.056913 0.056913 0.056913 0.056913 0.056912 0.056911 0.056908 0.056900 0.056882 0.056841 0.056755 0.056581 0.056243 0.055621 0.054532 0.052724 0.049882 0.045669 0.039785 0.032068 0.022583 0.011686 0.000000 
50.000000 40.614718 31.748799 23.835515 17.159708 11.833779 7.812839 4.937723 2.988858 1.735280 0.969263 0.524076 0.277713 0.147737 0.082284 0.050785 0.036281 0.029883 0.027177 0.026078 0.025648 0.025487 0.025429 0.025409 0.025402 0.025400 0.025399 0.025399 0.025399 0.025399 0.025398 0.025398 0.025398 0.025396 0.025392 0.025384 0.025365 0.025325 0.025244 0.025088 0.024802 0.024304 0.023482 0.022195 0.020298 0.017661 0.014218 0.010003 0.005173 0.000000 
50.000000 40.611985 31.743484 23.827898 17.150150 11.822676 7.800571 4.924624 2.975196 1.721258 0.955021 0.509707 0.263273 0.133260 0.067789 0.036281 0.021772 0.015373 0.012666 0.011566 0.011137 0.010976 0.010918 0.010897 0.010891 0.010888 0.010888 0.010887 0.010887 0.010887 0.010887 0.010887 0.010887 0.010886 0.010885 0.010881 0.010872 0.010855 0.010819 0.010750 0.010624 0.010406 0.010048 0.009490 0.008671 0.007537 0.006061 0.004261 0.002202 0.000000 
50.000000 40.610778 31.741139 23.824537 17.145934 11.817778 7.795158 4.918845 2.969170 1.715072 0.948738 0.503368 0.256904 0.126874 0.061395 0.029883 0.015373 0.008973 0.006265 0.005166 0.004737 0.004575 0.004517 0.004497 0.004490 0.004488 0.004487 0.004487 0.004487 0.004487 0.004487 0.004487 0.004486 0.004486 0.004485 0.004484 0.004480 0.004473 0.004457 0.004428 0.004376 0.004284 0.004134 0.003902 0.003563 0.003094 0.002486 0.001746 0.000902 0.000000 
50.000000 40.610268 31.740146 23.823115 17.144149 11.815705 7.792868 4.916400 2.966620 1.712456 0.946081 0.500687 0.254209 0.124173 0.058690 0.027177 0.012666 0.006265 0.003558 0.002458 0.002029 0.001868 0.001809 0.001789 0.001782 0.001780 0.001779 0.001779 0.001779 0.001779 0.001779 0.001779 0.001779 0.001779 0.001778 0.001778 0.001776 0.001773 0.001767 0.001755 0.001734 0.001697 0.001637 0.001544 0.001409 0.001223 0.000982 0.000689 0.000356 0.000000 
50.000000 40.610061 31.739743 23.822537 17.143424 11.814863 7.791938 4.915407 2.965584 1.711393 0.945001 0.499598 0.253115 0.123076 0.057592 0.026078 0.011566 0.005166 0.002458 0.001359 0.000929 0.000768 0.000710 0.000689 0.000683 0.000680 0.000680 0.000679 0.000679 0.000679 0.000679 0.000679 0.000679 0.000679 0.000679 0.000679 0.000678 0.000677 0.000675 0.000670 0.000662 0.000648 0.000624 0.000589 0.000537 0.000466 0.000374 0.000262 0.000135 0.000000 
50.000000 40.609980 31.739586 23.822312 17.143141 11.814534 7.791575 4.915019 2.965180 1.710978 0.944580 0.499173 0.252688 0.122648 0.057163 0.025648 0.011137 0.004737 0.002029 0.000929 0.000500 0.000339 0.000280 0.000260 0.000253 0.000251 0.000250 0.000250 0.000250 0.000250 0.000250 0.000250 0.000250 0.000250 0.000250 0.000250 0.000250 0.000249 0.000248 0.000247 0.000243 0.000238 0.000230 0.000216 0.000197 0.000171 0.000137 0.000096 0.000050 0.000000 
50.000000 40.609949 31.739527 23.822227 17.143035 11.814411 7.791439 4.914874 2.965028 1.710822 0.944422 0.499013 0.252527 0.122487 0.057002 0.025487 0.010976 0.004575 0.001868 0.000768 0.000339 0.000178 0.000119 0.000099 0.000092 0.000090 0.000089 0.000089 0.000089 0.000089 0.000089 0.000089 0.000089 0.000089 0.000089 0.000089 0.000089 0.000088 0.000088 0.000088 0.000086 0.000085 0.000081 0.000077 0.000070 0.000061 0.000049 0.000034 0.000018 0.000000 
50.000000 40.609938 31.739505 23.822196 17.142997 11.814366 7.791389 4.914821 2.964973 1.710766 0.944364 0.498955 0.252469 0.122429 0.056944 0.025429 0.010918 0.004517 0.001809 0.000710 0.000281 0.000119 0.000061 0.000041 0.000034 0.000032 0.000031 0.000031 0.000031 0.000031 0.000031 0.000031 0.000031 0.000031 0.000030 0.000030 0.000030 0.000030 0.000030 0.000030 0.000030 0.000029 0.000028 0.000026 0.000024 0.000021 0.000017 0.000012 0.000006 0.000000 
50.000000 40.609934 31.739498 23.822186 17.142983 11.814351 7.791372 4.914803 2.964954 1.710746 0.944345 0.498935 0.252449 0.122409 0.056924 0.025409 0.010898 0.004497 0.001789 0.000690 0.000260 0.000099 0.000041 0.000020 0.000014 0.000011 0.000011 0.000010 0.000010 0.000010 0.000010 0.000010 0.000010 0.000010 0.000010 0.000010 0.000010 0.000010 0.000010 0.000010 0.000010 0.000010 0.000010 0.000009 0.000008 0.000007 0.000006 0.000004 0.000002 0.000000 
50.000000 40.609933 31.739496 23.822182 17.142979 11.814346 7.791367 4.914797 2.964948 1.710740 0.944339 0.498929 0.252443 0.122403 0.056917 0.025403 0.010892 0.004491 0.001783 0.000684 0.000254 0.000093 0.000035 0.000014 0.000007 0.000005 0.000005 0.000004 0.000004 0.000004 0.000004 0.000004 0.000004 0.000004 0.000004 0.000004 0.000004 0.000004 0.000004 0.000004 0.000004 0.000004 0.000004 0.000004 0.000003 0.000003 0.000002 0.000002 0.000001 0.000000 
50.000000 40.609933 31.739496 23.822182 17.142979 11.814346 7.791367 4.914797 2.964948 1.710740 0.944339 0.498929 0.252443 0.122403 0.056917 0.025403 0.010892 0.004491 0.001783 0.000684 0.000254 0.000093 0.000035 0.000014 0.000007 0.000005 0.000005 0.000004 0.000004 0.000004 0.000004 0.000004 0.000004 0.000004 0.000004 0.000004 0.000004 0.000004 0.000004 0.000004 0.000004 0.000004 0.000004 0.000004 0.000003 0.000003 0.000002 0.000002 0.000001 0.000000 
50.000000 40.609934 31.739498 23.822186 17.142983 11.814351 7.791372 4.914803 2.964954 1.710746 0.944345 0.498935 0.252449 0.122409 0.056924 0.025409 0.010898 0.004497 0.001789 0.000690 0.000260 0.000099 0.000041 0.000020 0.000014 0.000011 0.000011 0.000010 0.000010 0.000010 0.000010 0.000010 0.000010 0.000010 0.000010 0.000010 0.000010 0.000010 0.000010 0.000010 0.000010 0.000010 0.000010 0.000009 0.000008 0.000007 0.000006 0.000004 0.000002 0.000000 
50.000000 40.609938 31.739505 23.822196 17.142997 11.814366 7.791389 4.914821 2.964973 1.710766 0.944364 0.498955 0.252469 0.122429 0.056944 0.025429 0.010918 0.004517 0.001809 0.000710 0.000281 0.000119 0.000061 0.000041 0.000034 0.000032 0.000031 0.000031 0.000031 0.000031 0.000031 0.000031 0.000031 0.000031 0.000030 0.000030 0.000030 0.000030 0.000030 0.000030 0.000030 0.000029 0.000028 0.000026 0.000024 0.000021 0.000017 0.000012 0.000006 0.000000 
50.000000 40.609949 31.739527 23.822227 17.143035 11.814411 7.791439 4.914874 2.965028 1.710822 0.944422 0.499013 0.252527 0.122487 0.057002 0.025487 0.010976 0.004575 0.001868 0.000768 0.000339 0.000178 0.000119 0.000099 0.000092 0.000090 0.000089 0.000089 0.000089 0.000089 0.000089 0.000089 0.000089 0.000089 0.000089 0.000089 0.000089 0.000088 0.000088 0.000088 0.000086 0.000085 0.000081 0.000077 0.000070 0.000061 0.000049 0.000034 0.000018 0.000000 
50.000000 40.609980 31.739586 23.822312 17.143141 11.814534 7.791575 4.915019 2.965180 1.710978 0.944580 0.499173 0.252688 0.122648 0.057163 0.025648 0.011137 0.004737 0.002029 0.000929 0.000500 0.000339 0.000280 0.000260 0.000253 0.000251 0.000250 0.000250 0.000250 0.000250 0.000250 0.000250 0.000250 0.000250 0.000250 0.000250 0.000250 0.000249 0.000248 0.000247 0.000243 0.000238 0.000230 0.000216 0.000197 0.000171 0.000137 0.000096 0.000050 0.000000 
50.000000 40.610061 31.739743 23.822537 17.143424 11.814863 7.791938 4.915407 2.965584 1.711393 0.945001 0.499598 0.253115 0.123076 0.057592 0.026078 0.011566 0.005166 0.002458 0.001359 0.000929 0.000768 0.000710 0.000689 0.000683 0.000680 0.000680 0.000679 0.000679 0.000679 0.000679 0.000679 0.000679 0.000679 0.000679 0.000679 0.000678 0.000677 0.000675 0.000670 0.000662 0.000648 0.000624 0.000589 0.000537 0.000466 0.000374 0.000262 0.000135 0.000000 
50.000000 40.610268 31.740146 23.823115 17.144149 11.815705 7.792868 4.916400 2.966620 1.712456 0.946081 0.500687 0.254209 0.124173 0.058690 0.027177 0.012666 0.006265 0.003558 0.002458 0.002029 0.001868 0.001809 0.001789 0.001782 0.001780 0.001779 0.001779 0.001779 0.001779 0.001779 0.001779 0.001779 0.001779 0.001778 0.001778 0.001776 0.001773 0.001767 0.001755 0.001734 0.001697 0.001637 0.001544 0.001409 0.001223 0.000982 0.000689 0.000356 0.000000 
50.000000 40.610778 31.741139 23.824537 17.145934 11.817778 7.795158 4.918845 2.969170 1.715072 0.948738 0.503368 0.256904 0.126874 0.061395 0.029883 0.015373 0.008973 0.006265 0.005166 0.004737 0.004575 0.004517 0.004497 0.004490 0.004488 0.004487 0.004487 0.004487 0.004487 0.004487 0.004487 0.004486 0.004486 0.004485 0.004484 0.004480 0.004473 0.004457 0.004428 0.004376 0.004284 0.004134 0.003902 0.003563 0.003094 0.002486 0.001746 0.000902 0.000000 
50.000000 40.611985 31.743484 23.827898 17.150150 11.822676 7.800571 4.924624 2.975196 1.721258 0.955021 0.509707 0.263273 0.133260 0.067789 0.036281 0.021772 0.015373 0.012666 0.011566 0.011137 0.010976 0.010918 0.010897 0.010891 0.010888 0.010888 0.010887 0.010887 0.010887 0.010887 0.010887 0.010887 0.010886 0.010885 0.010881 0.010872 0.010855 0.010819 0.010750 0.010624 0.010406 0.010048 0.009490 0.008671 0.007537 0.006061 0.004261 0.002202 0.000000 
50.000000 40.614718 31.748799 23.835515 17.159708 11.833779 7.812839 4.937723 2.988858 1.735280 0.969263 0.524076 0.277713 0.147737 0.082284 0.050785 0.036281 0.029883 0.027177 0.026078 0.025648 0.025487 0.025429 0.025409 0.025402 0.025400 0.025399 0.025399 0.025399 0.025399 0.025398 0.025398 0.025398 0.025396 0.025392 0.025384 0.025365 0.025325 0.025244 0.025088 0.024802 0.024304 0.023482 0.022195 0.020298 0.017661 0.014218 0.010003 0.005173 0.000000 
50.000000 40.620652 31.760337 23.852052 17.180458 11.857887 7.839477 4.966168 3.018525 1.765731 1.000192 0.555282 0.309072 0.179176 0.113764 0.082284 0.067789 0.061395 0.058690 0.057592 0.057163 0.057002 0.056944 0.056923 0.056916 0.056914 0.056913 0.056913 0.056913 0.056913 0.056913 0.056912 0.056911 0.056908 0.056900 0.056882 0.056841 0.056755 0.056581 0.056243 0.055621 0.054532 0.052724 0.049882 0.045669 0.039785 0.032068 0.022583 0.011686 0.000000 
50.000000 40.632979 31.784305 23.886405 17.223564 11.907970 7.894820 5.025267 3.080164 1.829002 1.064458 0.620125 0.374233 0.244505 0.179176 0.147737 0.133260 0.126874 0.124173 0.123076 0.122648 0.122487 0.122429 0.122408 0.122402 0.122399 0.122399 0.122398 0.122398 0.122398 0.122398 0.122397 0.122394 0.122388 0.122372 0.122335 0.122252 0.122076 0.121718 0.121020 0.119728 0.117452 0.113652 0.107647 0.098686 0.086098 0.069499 0.049006 0.025381 0.000000 
50.000000 40.657448 31.831885 23.954602 17.309144 12.007404 8.004702 5.142610 3.202558 1.954638 1.192072 0.748886 0.503627 0.374233 0.309072 0.277713 0.263273 0.256904 0.254209 0.253115 0.252688 0.252527 0.252469 0.252449 0.252442 0.252440 0.252439 0.252439 0.252439 0.252439 0.252438 0.252436 0.252431 0.252418 0.252388 0.252316 0.252156 0.251814 0.251112 0.249739 0.247182 0.242650 0.235032 0.222905 0.204680 0.178897 0.144670 0.102173 0.052974 0.000000 
50.000000 40.703815 31.922044 24.083834 17.471318 12.195840 8.212947 5.365003 3.434529 2.192762 1.433949 0.992941 0.748886 0.620125 0.555282 0.524076 0.509707 0.503368 0.500687 0.499598 0.499173 0.499013 0.498955 0.498935 0.498928 0.498926 0.498925 0.498925 0.498925 0.498924 0.498923 0.498920 0.498911 0.498888 0.498832 0.498701 0.498407 0.497774 0.496471 0.493907 0.489097 0.480514 0.465969 0.442624 0.407234 0.356735 0.289144 0.204621 0.106240 0.000000 
50.000000 40.787577 32.084919 24.317300 17.764308 12.536289 8.589199 5.766832 3.853677 2.623038 1.871016 1.433949 1.192072 1.064458 1.000192 0.969263 0.955021 0.948738 0.946081 0.945001 0.944580 0.944422 0.944364 0.944344 0.944338 0.944335 0.944335 0.944334 0.944334 0.944333 0.944331 0.944325 0.944310 0.944271 0.944175 0.943949 0.943438 0.942333 0.940043 0.935508 0.926939 0.911517 0.885143 0.842392 0.776911 0.682478 0.554786 0.393642 0.204761 0.000000 
50.000000 40.931662 32.365100 24.718922 18.268343 13.121987 9.236514 6.458174 4.574838 3.363362 2.623038 2.192762 1.954638 1.829002 1.765731 1.735280 1.721258 1.715072 1.712456 1.711393 1.710978 1.710822 1.710765 1.710746 1.710739 1.710737 1.710736 1.710736 1.710735 1.710734 1.710731 1.710722 1.710697 1.710633 1.710478 1.710110 1.709275 1.707457 1.703665 1.696099 1.681681 1.655485 1.610207 1.535955 1.420791 1.252526 1.022036 0.727706 0.379484 0.000000 
50.000000 41.167397 32.823502 25.376029 19.093034 14.080326 10.295707 7.589442 5.754931 4.574838 3.853677 3.434529 3.202558 3.080164 3.018525 2.988858 2.975196 2.969170 2.966620 2.965584 2.965180 2.965028 2.964973 2.964954 2.964948 2.964945 2.964945 2.964944 2.964944 2.964942 2.964937 2.964923 2.964885 2.964790 2.964553 2.963992 2.962712 2.959907 2.954015 2.942160 2.919354 2.877465 2.804171 2.682307 2.490412 2.205454 1.808611 1.293885 0.677118 0.000000 
50.000000 41.533795 33.535999 26.397395 20.374914 15.569989 11.942188 9.348010 7.589442 6.458174 5.766832 5.365003 5.142610 5.025267 4.966168 4.937723 4.924624 4.918845 4.916400 4.915407 4.915019 4.914874 4.914821 4.914803 4.914796 4.914794 4.914794 4.914793 4.914792 4.914790 4.914783 4.914763 4.914711 4.914576 4.914242 4.913444 4.911614 4.907578 4.899034 4.881689 4.847967 4.785271 4.674005 4.485980 4.184418 3.727459 3.077328 2.216200 1.165765 0.000000 
50.000000 42.074222 34.586925 27.903926 22.265753 17.767374 14.370959 11.942188 10.295707 9.236514 8.589199 8.212947 8.004702 7.894820 7.839477 7.812839 7.800571 7.795158 7.792868 7.791938 7.791575 7.791439 7.791389 7.791372 7.791366 7.791364 7.791364 7.791363 7.791362 7.791359 7.791349 7.791324 7.791256 7.791081 7.790643 7.789595 7.787174 7.781798 7.770324 7.746806 7.700559 7.613400 7.456208 7.185479 6.741544 6.051593 5.042208 3.666249 1.943772 0.000000 
50.000000 42.829891 36.056428 30.010534 24.909799 20.840147 17.767374 15.569989 14.080326 13.121987 12.536289 12.195840 12.007404 11.907970 11.857887 11.833779 11.822676 11.817778 11.815705 11.814863 11.814534 11.814411 11.814366 11.814351 11.814345 11.814344 11.814343 11.814342 11.814341 11.814337 11.814326 11.814296 11.814215 11.814006 11.813481 11.812218 11.809284 11.802724 11.788606 11.759377 11.701196 11.589914 11.385571 11.025830 10.420073 9.448367 7.973739 5.881394 3.158315 0.000000 
50.000000 43.830657 38.002576 32.800474 28.411569 24.909799 22.265753 20.374914 19.093034 18.268343 17.764308 17.471318 17.309144 17.223564 17.180458 17.159708 17.150150 17.145934 17.144149 17.143424 17.143141 17.143035 17.142997 17.142983 17.142979 17.142977 17.142976 17.142976 17.142974 17.142970 17.142959 17.142927 17.142840 17.142614 17.142046 17.140673 17.137466 17.130247 17.114584 17.081830 17.015817 16.887579 16.647456 16.214161 15.461433 14.205784 12.206318 9.203919 5.053190 0.000000 
50.000000 45.084916 40.441698 36.297166 32.800474 30.010534 27.903926 26.397395 25.376029 24.718922 24.317300 24.083834 23.954602 23.886405 23.852052 23.835515 23.827898 23.824537 23.823115 23.822537 23.822312 23.822227 23.822196 23.822185 23.822182 23.822181 23.822180 23.822180 23.822178 23.822174 23.822164 23.822133 23.822051 23.821837 23.821297 23.819985 23.816905 23.809932 23.794689 23.762513 23.696886 23.567418 23.320067 22.861718 22.036795 20.594155 18.148583 14.167749 8.104021 0.000000 
50.000000 46.571535 43.332697 40.441698 38.002576 36.056428 34.586925 33.535999 32.823502 32.365100 32.084919 31.922044 31.831885 31.784305 31.760337 31.748799 31.743484 31.741139 31.740146 31.739743 31.739586 31.739527 31.739505 31.739498 31.739495 31.739494 31.739494 31.739494 31.739493 31.739490 31.739481 31.739457 31.739392 31.739223 31.738796 31.737754 31.735299 31.729712 31.717423 31.691277 31.637394 31.529617 31.319800 30.920676 30.175034 28.798656 26.273949 21.666348 13.427504 0.000000 
50.000000 48.237014 46.571535 45.084916 43.830657 42.829891 42.074222 41.533795 41.167397 40.931662 40.787577 40.703815 40.657448 40.632979 40.620652 40.614718 40.611985 40.610778 40.610268 40.610061 40.609980 40.609949 40.609938 40.609934 40.609933 40.609933 40.609932 40.609932 40.609932 40.609930 40.609925 40.609912 40.609876 40.609783 40.609545 40.608966 40.607598 40.604474 40.597575 40.582816 40.552178 40.490279 40.368030 40.130450 39.671576 38.777466 36.980895 33.144031 24.118507 0.000000 
50.000000 50.000000 50.000000 50.000000 50.000000 50.000000 50.000000 50.000000 50.000000 50.000000 50.000000 50.000000 50.000000 50.000000 50.000000 50.000000 50.000000 50.000000 50.000000 50.000000 50.000000 50.000000 50.000000 50.000000 50.000000 50.000000 50.000000 50.000000 50.000000 50.000000 50.000000 50.000000 50.000000 50.000000 50.000000 50.000000 50.000000 50.000000 50.000000 50.000000 50.000000 50.000000 50.000000 50.000000 50.000000 50.000000 50.000000 50.000000 50.000000 50.000000 
