50.000000 50.000000 50.000000 50.000000 50.000000 50.000000 50.000000 50.000000 50.000000 50.000000 50.000000 50.000000 50.000000 50.000000 50.000000 50.000000 50.000000 50.000000 50.000000 50.000000 50.000000 50.000000 50.000000 50.000000 50.000000 50.000000 50.000000 50.000000 50.000000 50.000000 50.000000 50.000000 50.000000 50.000000 50.000000 50.000000 50.000000 50.000000 50.000000 50.000000 50.000000 50.000000 50.000000 50.000000 50.000000 50.000000 50.000000 50.000000 50.000000 50.000000 
50.000000 42.886936 37.344934 33.922014 32.205418 31.489606 31.236152 31.158586 31.137763 31.132797 31.131735 31.131529 31.131493 31.131487 31.131486 31.131486 31.131486 31.131486 31.131486 31.131486 31.131486 31.131486 31.131486 31.131486 31.131486 31.131486 31.131486 31.131486 31.131486 31.131486 31.131486 31.131486 31.131486 31.131486 31.131486 31.131486 31.131486 31.131485 31.131483 31.131469 31.131386 31.130927 31.128610 31.117879 31.072409 30.895998 30.265815 28.163993 21.443468 0.000000 
50.000000 37.344934 27.486359 21.398904 18.347050 17.074933 16.624698 16.486973 16.450017 16.441209 16.439326 16.438961 16.438897 16.438886 16.438885 16.438884 16.438884 16.438884 16.438884 16.438884 16.438884 16.438884 16.438884 16.438884 16.438884 16.438884 16.438884 16.438884 16.438884 16.438884 16.438884 16.438884 16.438884 16.438884 16.438884 16.438884 16.438884 16.438884 16.438881 16.438864 16.438761 16.438204 16.435434 16.422890 16.371482 16.181979 15.558146 13.743180 9.180941 0.000000 
50.000000 33.922014 21.398904 13.668367 9.794242 8.180090 7.609079 7.434501 7.387682 7.376530 7.374147 7.373685 7.373604 7.373591 7.373589 7.373588 7.373588 7.373588 7.373588 7.373588 7.373588 7.373588 7.373588 7.373588 7.373588 7.373588 7.373588 7.373588 7.373588 7.373588 7.373588 7.373588 7.373588 7.373588 7.373588 7.373588 7.373588 7.373588 7.373586 7.373574 7.373500 7.373105 7.371172 7.362600 7.328481 7.207850 6.834183 5.840758 3.656199 0.000000 
50.000000 32.205418 18.347050 9.794242 5.509352 3.724694 3.093616 2.900754 2.849055 2.836746 2.834117 2.833608 2.833518 2.833504 2.833502 2.833501 2.833501 2.833501 2.833501 2.833501 2.833501 2.833501 2.833501 2.833501 2.833501 2.833501 2.833501 2.833501 2.833501 2.833501 2.833501 2.833501 2.833501 2.833501 2.833501 2.833501 2.833501 2.833501 2.833500 2.833493 2.833455 2.833253 2.832275 2.828012 2.811438 2.754676 2.586392 2.165071 1.309421 0.000000 
50.000000 31.489606 17.074933 8.180090 3.724694 1.869434 1.213551 1.013161 0.959458 0.946676 0.943946 0.943419 0.943325 0.943310 0.943308 0.943308 0.943308 0.943308 0.943308 0.943308 0.943308 0.943308 0.943308 0.943308 0.943308 0.943308 0.943308 0.943308 0.943308 0.943308 0.943308 0.943308 0.943308 0.943308 0.943308 0.943308 0.943308 0.943308 0.943307 0.943305 0.943289 0.943207 0.942817 0.941136 0.934717 0.913257 0.851609 0.703451 0.417196 0.000000 
50.000000 31.236152 16.624698 7.609079 3.093616 1.213551 0.548979 0.345961 0.291560 0.278614 0.275850 0.275315 0.275221 0.275206 0.275203 0.275203 0.275203 0.275203 0.275203 0.275203 0.275203 0.275203 0.275203 0.275203 0.275203 0.275203 0.275203 0.275203 0.275203 0.275203 0.275203 0.275203 0.275203 0.275203 0.275203 0.275203 0.275203 0.275203 0.275203 0.275202 0.275197 0.275170 0.275040 0.274489 0.272415 0.265603 0.246479 0.201808 0.118273 0.000000 
50.000000 31.158586 16.486973 7.434501 2.900754 1.013161 0.345961 0.142150 0.087540 0.074545 0.071770 0.071234 0.071139 0.071124 0.071122 0.071121 0.071121 0.071121 0.071121 0.071121 0.071121 0.071121 0.071121 0.071121 0.071121 0.071121 0.071121 0.071121 0.071121 0.071121 0.071121 0.071121 0.071121 0.071121 0.071121 0.071121 0.071121 0.071121 0.071121 0.071121 0.071119 0.071112 0.071075 0.070921 0.070345 0.068479 0.063329 0.051539 0.029976 0.000000 
50.000000 31.137763 16.450017 7.387682 2.849055 0.959458 0.291560 0.087540 0.032875 0.019867 0.017090 0.016553 0.016458 0.016443 0.016440 0.016440 0.016440 0.016440 0.016440 0.016440 0.016440 0.016440 0.016440 0.016440 0.016440 0.016440 0.016440 0.016440 0.016440 0.016440 0.016440 0.016440 0.016440 0.016440 0.016440 0.016440 0.016440 0.016440 0.016440 0.016440 0.016440 0.016438 0.016429 0.016391 0.016251 0.015801 0.014576 0.011813 0.006836 0.000000 
50.000000 31.132797 16.441209 7.376530 2.836746 0.946676 0.278614 0.074545 0.019867 0.006857 0.004078 0.003541 0.003446 0.003431 0.003429 0.003428 0.003428 0.003428 0.003428 0.003428 0.003428 0.003428 0.003428 0.003428 0.003428 0.003428 0.003428 0.003428 0.003428 0.003428 0.003428 0.003428 0.003428 0.003428 0.003428 0.003428 0.003428 0.003428 0.003428 0.003428 0.003428 0.003428 0.003426 0.003418 0.003387 0.003291 0.003030 0.002448 0.001412 0.000000 
50.000000 31.131735 16.439326 7.374147 2.834117 0.943946 0.275850 0.071770 0.017090 0.004078 0.001300 0.000763 0.000668 0.000653 0.000650 0.000650 0.000650 0.000650 0.000650 0.000650 0.000650 0.000650 0.000650 0.000650 0.000650 0.000650 0.000650 0.000650 0.000650 0.000650 0.000650 0.000650 0.000650 0.000650 0.000650 0.000650 0.000650 0.000650 0.000650 0.000650 0.000650 0.000650 0.000649 0.000648 0.000642 0.000623 0.000573 0.000462 0.000266 0.000000 
50.000000 31.131529 16.438961 7.373685 2.833608 0.943419 0.275315 0.071234 0.016553 0.003541 0.000763 0.000225 0.000131 0.000115 0.000113 0.000113 0.000113 0.000113 0.000113 0.000113 0.000113 0.000113 0.000113 0.000113 0.000113 0.000113 0.000113 0.000113 0.000113 0.000113 0.000113 0.000113 0.000113 0.000113 0.000113 0.000113 0.000113 0.000113 0.000113 0.000113 0.000113 0.000113 0.000113 0.000112 0.000111 0.000108 0.000099 0.000080 0.000046 0.000000 
50.000000 31.131493 16.438897 7.373604 2.833518 0.943325 0.275221 0.071139 0.016458 0.003446 0.000668 0.000131 0.000036 0.000021 0.000018 0.000018 0.000018 0.000018 0.000018 0.000018 0.000018 0.000018 0.000018 0.000018 0.000018 0.000018 0.000018 0.000018 0.000018 0.000018 0.000018 0.000018 0.000018 0.000018 0.000018 0.000018 0.000018 0.000018 0.000018 0.000018 0.000018 0.000018 0.000018 0.000018 0.000018 0.000017 0.000016 0.000013 0.000007 0.000000 
50.000000 31.131487 16.438886 7.373591 2.833504 0.943310 0.275206 0.071124 0.016443 0.003431 0.000653 0.000115 0.000021 0.000005 0.000003 0.000003 0.000003 0.000003 0.000003 0.000003 0.000003 0.000003 0.000003 0.000003 0.000003 0.000003 0.000003 0.000003 0.000003 0.000003 0.000003 0.000003 0.000003 0.000003 0.000003 0.000003 0.000003 0.000003 0.000003 0.000003 0.000003 0.000003 0.000003 0.000003 0.000003 0.000003 0.000002 0.000002 0.000001 0.000000 
50.000000 31.131486 16.438885 7.373589 2.833502 0.943308 0.275203 0.071122 0.016440 0.003429 0.000650 0.000113 0.000018 0.000003 0.000001 0.000000 0.000000 0.000000 0.000000 0.000000 0.000000 0.000000 0.000000 0.000000 0.000000 0.000000 0.000000 0.000000 0.000000 0.000000 0.000000 0.000000 0.000000 0.000000 0.000000 0.000000 0.000000 0.000000 0.000000 0.000000 0.000000 0.000000 0.000000 0.000000 0.000000 0.000000 0.000000 0.000000 0.000000 0.000000 
50.000000 31.131486 16.438884 7.373588 2.833501 0.943308 0.275203 0.071121 0.016440 0.003428 0.000650 0.000113 0.000018 0.000003 0.000000 0.000000 0.000000 0.000000 0.000000 0.000000 0.000000 0.000000 0.000000 0.000000 0.000000 0.000000 0.000000 0.000000 0.000000 0.000000 0.000000 0.000000 0.000000 0.000000 0.000000 0.000000 0.000000 0.000000 0.000000 0.000000 0.000000 0.000000 0.000000 0.000000 0.000000 0.000000 0.000000 0.000000 0.000000 0.000000 
50.000000 31.131486 16.438884 7.373588 2.833501 0.943308 0.275203 0.071121 0.016440 0.003428 0.000650 0.000113 0.000018 0.000003 0.000000 0.000000 0.000000 0.000000 0.000000 0.000000 0.000000 0.000000 0.000000 0.000000 0.000000 0.000000 0.000000 0.000000 0.000000 0.000000 0.000000 0.000000 0.000000 0.000000 0.000000 0.000000 0.000000 0.000000 0.000000 0.000000 0.000000 0.000000 0.000000 0.000000 0.000000 0.000000 0.000000 0.000000 0.000000 0.000000 
50.000000 31.131486 16.438884 7.373588 2.833501 0.943308 0.275203 0.071121 0.016440 0.003428 0.000650 0.000113 0.000018 0.000003 0.000000 0.000000 0.000000 0.000000 0.000000 0.000000 0.000000 0.000000 0.000000 0.000000 0.000000 0.000000 0.000000 0.000000 0.000000 0.000000 0.000000 0.000000 0.000000 0.000000 0.000000 0.000000 0.000000 0.000000 0.000000 0.000000 0.000000 0.000000 0.000000 0.000000 0.000000 0.000000 0.000000 0.000000 0.000000 0.000000 
50.000000 31.131486 16.438884 7.373588 2.833501 0.943308 0.275203 0.071121 0.016440 0.003428 0.000650 0.000113 0.000018 0.000003 0.000000 0.000000 0.000000 0.000000 0.000000 0.000000 0.000000 0.000000 0.000000 0.000000 0.000000 0.000000 0.000000 0.000000 0.000000 0.000000 0.000000 0.000000 0.000000 0.000000 0.000000 0.000000 0.000000 0.000000 0.000000 0.000000 0.000000 0.000000 0.000000 0.000000 0.000000 0.000000 0.000000 0.000000 0.000000 0.000000 
50.000000 31.131486 16.438884 7.373588 2.833501 0.943308 0.275203 0.071121 0.016440 0.003428 0.000650 0.000113 0.000018 0.000003 0.000000 0.000000 0.000000 0.000000 0.000000 0.000000 0.000000 0.000000 0.000000 0.000000 0.000000 0.000000 0.000000 0.000000 0.000000 0.000000 0.000000 0.000000 0.000000 0.000000 0.000000 0.000000 0.000000 0.000000 0.000000 0.000000 0.000000 0.000000 0.000000 0.000000 0.000000 0.000000 0.000000 0.000000 0.000000 0.000000 
50.000000 31.131486 16.438884 7.373588 2.833501 0.943308 0.275203 0.071121 0.016440 0.003428 0.000650 0.000113 0.000018 0.000003 0.000000 0.000000 0.000000 0.000000 0.000000 0.000000 0.000000 0.000000 0.000000 0.000000 0.000000 0.000000 0.000000 0.000000 0.000000 0.000000 0.000000 0.000000 0.000000 0.000000 0.000000 0.000000 0.000000 0.000000 0.000000 0.000000 0.000000 0.000000 0.000000 0.000000 0.000000 0.000000 0.000000 0.000000 0.000000 0.000000 
50.000000 31.131486 16.438884 7.373588 2.833501 0.943308 0.275203 0.071121 0.016440 0.003428 0.000650 0.000113 0.000018 0.000003 0.000000 0.000000 0.000000 0.000000 0.000000 0.000000 0.000000 0.000000 0.000000 0.000000 0.000000 0.000000 0.000000 0.000000 0.000000 0.000000 0.000000 0.000000 0.000000 0.000000 0.000000 0.000000 0.000000 0.000000 0.000000 0.000000 0.000000 0.000000 0.000000 0.000000 0.000000 0.000000 0.000000 0.000000 0.000000 0.000000 
50.000000 31.131486 16.438884 7.373588 2.833501 0.943308 0.275203 0.071121 0.016440 0.003428 0.000650 0.000113 0.000018 0.000003 0.000000 0.000000 0.000000 0.000000 0.000000 0.000000 0.000000 0.000000 0.000000 0.000000 0.000000 0.000000 0.000000 0.000000 0.000000 0.000000 0.000000 0.000000 0.000000 0.000000 0.000000 0.000000 0.000000 0.000000 0.000000 0.000000 0.000000 0.000000 0.000000 0.000000 0.000000 0.000000 0.000000 0.000000 0.000000 0.000000 
50.000000 31.131486 16.438884 7.373588 2.833501 0.943308 0.275203 0.071121 0.016440 0.003428 0.000650 0.000113 0.000018 0.000003 0.000000 0.000000 0.000000 0.000000 0.000000 0.000000 0.000000 0.000000 0.000000 0.000000 0.000000 0.000000 0.000000 0.000000 0.000000 0.000000 0.000000 0.000000 0.000000 0.000000 0.000000 0.000000 0.000000 0.000000 0.000000 0.000000 0.000000 0.000000 0.000000 0.000000 0.000000 0.000000 0.000000 0.000000 0.000000 0.000000 
50.000000 31.131486 16.438884 7.373588 2.833501 0.943308 0.275203 0.071121 0.016440 0.003428 0.000650 0.000113 0.000018 0.000003 0.000000 0.000000 0.000000 0.000000 0.000000 0.000000 0.000000 0.000000 0.000000 0.000000 0.000000 0.000000 0.000000 0.000000 0.000000 0.000000 0.000000 0.000000 0.000000 0.000000 0.000000 0.000000 0.000000 0.000000 0.000000 0.000000 0.000000 0.000000 0.000000 0.000000 0.000000 0.000000 0.000000 0.000000 0.000000 0.000000 
50.000000 31.131486 16.438884 7.373588 2.833501 0.943308 0.275203 0.071121 0.016440 0.003428 0.000650 0.000113 0.000018 0.000003 0.000000 0.000000 0.000000 0.000000 0.000000 0.000000 0.000000 0.000000 0.000000 0.000000 0.000000 0.000000 0.000000 0.000000 0.000000 0.000000 0.000000 0.000000 0.000000 0.000000 0.000000 0.000000 0.000000 0.000000 0.000000 0.000000 0.000000 0.000000 0.000000 0.000000 0.000000 0.000000 0.000000 0.000000 0.000000 0.000000 
50.000000 31.131486 16.438884 7.373588 2.833501 0.943308 0.275203 0.071121 0.016440 0.003428 0.000650 0.000113 0.000018 0.000003 0.000000 0.000000 0.000000 0.000000 0.000000 0.000000 0.000000 0.000000 0.000000 0.000000 0.000000 0.000000 0.000000 0.000000 0.000000 0.000000 0.000000 0.000000 0.000000 0.000000 0.000000 0.000000 0.000000 0.000000 0.000000 0.000000 0.000000 0.000000 0.000000 0.000000 0.000000 0.000000 0.000000 0.000000 0.000000 0.000000 
50.000000 31.131486 16.438884 7.373588 2.833501 0.943308 0.275203 0.071121 0.016440 0.003428 0.000650 0.000113 0.000018 0.000003 0.000000 0.000000 0.000000 0.000000 0.000000 0.000000 0.000000 0.000000 0.000000 0.000000 0.000000 0.000000 0.000000 0.000000 0.000000 0.000000 0.000000 0.000000 0.000000 0.000000 0.000000 0.000000 0.000000 0.000000 0.000000 0.000000 0.000000 0.000000 0.000000 0.000000 0.000000 0.000000 0.000000 0.000000 0.000000 0.000000 
50.000000 31.131486 16.438884 7.373588 2.833501 0.943308 0.275203 0.071121 0.016440 0.003428 0.000650 0.000113 0.000018 0.000003 0.000000 0.000000 0.000000 0.000000 0.000000 0.000000 0.000000 0.000000 0.000000 0.000000 0.000000 0.000000 0.000000 0.000000 0.000000 0.000000 0.000000 0.000000 0.000000 0.000000 0.000000 0.000000 0.000000 0.000000 0.000000 0.000000 0.000000 0.000000 0.000000 0.000000 0.000000 0.000000 0.000000 0.000000 0.000000 0.000000 
50.000000 31.131486 16.438884 7.373588 2.833501 0.943308 0.275203 0.071121 0.016440 0.003428 0.000650 0.000113 0.000018 0.000003 0.000000 0.000000 0.000000 0.000000 0.000000 0.000000 0.000000 0.000000 0.000000 0.000000 0.000000 0.000000 0.000000 0.000000 0.000000 0.000000 0.000000 0.000000 0.000000 0.000000 0.000000 0.000000 0.000000 0.000000 0.000000 0.000000 0.000000 0.000000 0.000000 0.000000 0.000000 0.000000 0.000000 0.000000 0.000000 0.000000 
50.000000 31.131486 16.438884 7.373588 2.833501 0.943308 0.275203 0.071121 0.016440 0.003428 0.000650 0.000113 0.000018 0.000003 0.000000 0.000000 0.000000 0.000000 0.000000 0.000000 0.000000 0.000000 0.000000 0.000000 0.000000 0.000000 0.000000 0.000000 0.000000 0.000000 0.000000 0.000000 0.000000 0.000000 0.000000 0.000000 0.000000 0.000000 0.000000 0.000000 0.000000 0.000000 0.000000 0.000000 0.000000 0.000000 0.000000 0.000000 0.000000 0.000000 
50.000000 31.131486 16.438884 7.373588 2.833501 0.943308 0.275203 0.071121 0.016440 0.003428 0.000650 0.000113 0.000018 0.000003 0.000000 0.000000 0.000000 0.000000 0.000000 0.000000 0.000000 0.000000 0.000000 0.000000 0.000000 0.000000 0.000000 0.000000 0.000000 0.000000 0.000000 0.000000 0.000000 0.000000 0.000000 0.000000 0.000000 0.000000 0.000000 0.000000 0.000000 0.000000 0.000000 0.000000 0.000000 0.000000 0.000000 0.000000 0.000000 0.000000 
50.000000 31.131486 16.438884 7.373588 2.833501 0.943308 0.275203 0.071121 0.016440 0.003428 0.000650 0.000113 0.000018 0.000003 0.000000 0.000000 0.000000 0.000000 0.000000 0.000000 0.000000 0.000000 0.000000 0.000000 0.000000 0.000000 0.000000 0.000000 0.000000 0.000000 0.000000 0.000000 0.000000 0.000000 0.000000 0.000000 0.000000 0.000000 0.000000 0.000000 0.000000 0.000000 0.000000 0.000000 0.000000 0.000000 0.000000 0.000000 0.000000 0.000000 
50.000000 31.131486 16.438884 7.373588 2.833501 0.943308 0.275203 0.071121 0.016440 0.003428 0.000650 0.000113 0.000018 0.000003 0.000000 0.000000 0.000000 0.000000 0.000000 0.000000 0.000000 0.000000 0.000000 0.000000 0.000000 0.000000 0.000000 0.000000 0.000000 0.000000 0.000000 0.000000 0.000000 0.000000 0.000000 0.000000 0.000000 0.000000 0.000000 0.000000 0.000000 0.000000 0.000000 0.000000 0.000000 0.000000 0.000000 0.000000 0.000000 0.000000 
50.000000 31.131486 16.438884 7.373588 2.833501 0.943308 0.275203 0.071121 0.016440 0.003428 0.000650 0.000113 0.000018 0.000003 0.000000 0.000000 0.000000 0.000000 0.000000 0.000000 0.000000 0.000000 0.000000 0.000000 0.000000 0.000000 0.000000 0.000000 0.000000 0.000000 0.000000 0.000000 0.000000 0.000000 0.000000 0.000000 0.000000 0.000000 0.000000 0.000000 0.000000 0.000000 0.000000 0.000000 0.000000 0.000000 0.000000 0.000000 0.000000 0.000000 
50.000000 31.131486 16.438885 7.373589 2.833502 0.943308 0.275203 0.071122 0.016440 0.003429 0.000650 0.000113 0.000018 0.000003 0.000001 0.000000 0.000000 0.000000 0.000000 0.000000 0.000000 0.000000 0.000000 0.000000 0.000000 0.000000 0.000000 0.000000 0.000000 0.000000 0.000000 0.000000 0.000000 0.000000 0.000000 0.000000 0.000000 0.000000 0.000000 0.000000 0.000000 0.000000 0.000000 0.000000 0.000000 0.000000 0.000000 0.000000 0.000000 0.000000 
50.000000 31.131487 16.438886 7.373591 2.833504 0.943310 0.275206 0.071124 0.016443 0.003431 0.000653 0.000115 0.000021 0.000005 0.000003 0.000003 0.000003 0.000003 0.000003 0.000003 0.000003 0.000003 0.000003 0.000003 0.000003 0.000003 0.000003 0.000003 0.000003 0.000003 0.000003 0.000003 0.000003 0.000003 0.000003 0.000003 0.000003 0.000003 0.000003 0.000003 0.000003 0.000003 0.000003 0.000003 0.000003 0.000003 0.000002 0.000002 0.000001 0.000000 
50.000000 31.131493 16.438897 7.373604 2.833518 0.943325 0.275221 0.071139 0.016458 0.003446 0.000668 0.000131 0.000036 0.000021 0.000018 0.000018 0.000018 0.000018 0.000018 0.000018 0.000018 0.000018 0.000018 0.000018 0.000018 0.000018 0.000018 0.000018 0.000018 0.000018 0.000018 0.000018 0.000018 0.000018 0.000018 0.000018 0.000018 0.000018 0.000018 0.000018 0.000018 0.000018 0.000018 0.000018 0.000018 0.000017 0.000016 0.000013 0.000007 0.000000 
50.000000 31.131529 16.438961 7.373685 2.833608 0.943419 0.275315 0.071234 0.016553 0.003541 0.000763 0.000225 0.000131 0.000115 0.000113 0.000113 0.000113 0.000113 0.000113 0.000113 0.000113 0.000113 0.000113 0.000113 0.000113 0.000113 0.000113 0.000113 0.000113 0.000113 0.000113 0.000113 0.000113 0.000113 0.000113 0.000113 0.000113 0.000113 0.000113 0.000113 0.000113 0.000113 0.000113 0.000112 0.000111 0.000108 0.000099 0.000080 0.000046 0.000000 
50.000000 31.131735 16.439326 7.374147 2.834117 0.943946 0.275850 0.071770 0.017090 0.004078 0.001300 0.000763 0.000668 0.000653 0.000650 0.000650 0.000650 0.000650 0.000650 0.000650 0.000650 0.000650 0.000650 0.000650 0.000650 0.000650 0.000650 0.000650 0.000650 0.000650 0.000650 0.000650 0.000650 0.000650 0.000650 0.000650 0.000650 0.000650 0.000650 0.000650 0.000650 0.000650 0.000649 0.000648 0.000642 0.000623 0.000573 0.000462 0.000266 0.000000 
50.000000 31.132797 16.441209 7.376530 2.836746 0.946676 0.278614 0.074545 0.019867 0.006857 0.004078 0.003541 0.003446 0.003431 0.003429 0.003428 0.003428 0.003428 0.003428 0.003428 0.003428 0.003428 0.003428 0.003428 0.003428 0.003428 0.003428 0.003428 0.003428 0.003428 0.003428 0.003428 0.003428 0.003428 0.003428 0.003428 0.003428 0.003428 0.003428 0.003428 0.003428 0.003428 0.003426 0.003418 0.003387 0.003291 0.003030 0.002448 0.001412 0.000000 
50.000000 31.137763 16.450017 7.387682 2.849055 0.959458 0.291560 0.087540 0.032875 0.019867 0.017090 0.016553 0.016458 0.016443 0.016440 0.016440 0.016440 0.016440 0.016440 0.016440 0.016440 0.016440 0.016440 0.016440 0.016440 0.016440 0.016440 0.016440 0.016440 0.016440 0.016440 0.016440 0.016440 0.016440 0.016440 0.016440 0.016440 0.016440 0.016440 0.016440 0.016440 0.016438 0.016429 0.016391 0.016251 0.015801 0.014576 0.011813 0.006836 0.000000 
50.000000 31.158586 16.486973 7.434501 2.900754 1.013161 0.345961 0.142150 0.087540 0.074545 0.071770 0.071234 0.071139 0.071124 0.071122 0.071121 0.071121 0.071121 0.071121 0.071121 0.071121 0.071121 0.071121 0.071121 0.071121 0.071121 0.071121 0.071121 0.071121 0.071121 0.071121 0.071121 0.071121 0.071121 0.071121 0.071121 0.071121 0.071121 0.071121 0.071121 0.071119 0.071112 0.071075 0.070921 0.070345 0.068479 0.063329 0.051539 0.029976 0.000000 
50.000000 31.236152 16.624698 7.609079 3.093616 1.213551 0.548979 0.345961 0.291560 0.278614 0.275850 0.275315 0.275221 0.275206 0.275203 0.275203 0.275203 0.275203 0.275203 0.275203 0.275203 0.275203 0.275203 0.275203 0.275203 0.275203 0.275203 0.275203 0.275203 0.275203 0.275203 0.275203 0.275203 0.275203 0.275203 0.275203 0.275203 0.275203 0.275203 0.275202 0.275197 0.275170 0.275040 0.274489 0.272415 0.265603 0.246479 0.201808 0.118273 0.000000 
50.000000 31.489606 17.074933 8.180090 3.724694 1.869434 1.213551 1.013161 0.959458 0.946676 0.943946 0.943419 0.943325 0.943310 0.943308 0.943308 0.943308 0.943308 0.943308 0.943308 0.943308 0.943308 0.943308 0.943308 0.943308 0.943308 0.943308 0.943308 0.943308 0.943308 0.943308 0.943308 0.943308 0.943308 0.943308 0.943308 0.943308 0.943308 0.943307 0.943305 0.943289 0.943207 0.942817 0.941136 0.934717 0.913257 0.851609 0.703451 0.417196 0.000000 
50.000000 32.205418 18.347050 9.794242 5.509352 3.724694 3.093616 2.900754 2.849055 2.836746 2.834117 2.833608 2.833518 2.833504 2.833502 2.833501 2.833501 2.833501 2.833501 2.833501 2.833501 2.833501 2.833501 2.833501 2.833501 2.833501 2.833501 2.833501 2.833501 2.833501 2.833501 2.833501 2.833501 2.833501 2.833501 2.833501 2.833501 2.833501 2.833500 2.833493 2.833455 2.833253 2.832275 2.828012 2.811438 2.754676 2.586392 2.165071 1.309421 0.000000 
50.000000 33.922014 21.398904 13.668367 9.794242 8.180090 7.609079 7.434501 7.387682 7.376530 7.374147 7.373685 7.373604 7.373591 7.373589 7.373588 7.373588 7.373588 7.373588 7.373588 7.373588 7.373588 7.373588 7.373588 7.373588 7.373588 7.373588 7.373588 7.373588 7.373588 7.373588 7.373588 7.373588 7.373588 7.373588 7.373588 7.373588 7.373588 7.373586 7.373574 7.373500 7.373105 7.371172 7.362600 7.328481 7.207850 6.834183 5.840758 3.656199 0.000000 
50.000000 37.344934 27.486359 21.398904 18.347050 17.074933 16.624698 16.486973 16.450017 16.441209 16.439326 16.438961 16.438897 16.438886 16.438885 16.438884 16.438884 16.438884 16.438884 16.438884 16.438884 16.438884 16.438884 16.438884 16.438884 16.438884 16.438884 16.438884 16.438884 16.438884 16.438884 16.438884 16.438884 16.438884 16.438884 16.438884 16.438884 16.438884 16.438881 16.438864 16.438761 16.438204 16.435434 16.422890 16.371482 16.181979 15.558146 13.743180 9.180941 0.000000 
50.000000 42.886936 37.344934 33.922014 32.205418 31.489606 31.236152 31.158586 31.137763 31.132797 31.131735 31.131529 31.131493 31.131487 31.131486 31.131486 31.131486 31.131486 31.131486 31.131486 31.131486 31.131486 31.131486 31.131486 31.131486 31.131486 31.131486 31.131486 31.131486 31.131486 31.131486 31.131486 31.131486 31.131486 31.131486 31.131486 31.131486 31.131485 31.131483 31.131469 31.131386 31.130927 31.128610 31.117879 31.072409 30.895998 30.265815 28.163993 21.443468 0.000000 
50.000000 50.000000 50.000000 50.000000 50.000000 50.000000 50.000000 50.000000 50.000000 50.000000 50.000000 50.000000 50.000000 50.000000 50.000000 50.000000 50.000000 50.000000 50.000000 50.000000 50.000000 50.000000 50.000000 50.000000 50.000000 50.000000 50.000000 50.000000 50.000000 50.000000 50.000000 50.000000 50.000000 50.000000 50.000000 50.000000 50.000000 50.000000 50.000000 50.000000 50.000000 50.000000 50.000000 50.000000 50.000000 50.000000 50.000000 50.000000 50.000000 50.000000 
