50.000000 50.000000 50.000000 50.000000 50.000000 50.000000 50.000000 50.000000 50.000000 50.000000 50.000000 50.000000 50.000000 50.000000 50.000000 50.000000 50.000000 50.000000 50.000000 50.000000 50.000000 50.000000 50.000000 50.000000 50.000000 50.000000 50.000000 50.000000 50.000000 50.000000 50.000000 50.000000 50.000000 50.000000 50.000000 50.000000 50.000000 50.000000 50.000000 50.000000 50.000000 50.000000 50.000000 50.000000 50.000000 50.000000 50.000000 50.000000 50.000000 50.000000 
50.000000 48.976263 47.985427 47.057222 46.215550 45.476721 44.848803 44.332039 43.920136 43.602079 43.364103 43.191522 43.070180 42.987439 42.932703 42.897563 42.875661 42.862404 42.854608 42.850152 42.847676 42.846337 42.845633 42.845271 42.845089 42.844997 42.844944 42.844901 42.844840 42.844727 42.844506 42.844068 42.843219 42.841608 42.838611 42.833151 42.823400 42.806303 42.776838 42.726814 42.642928 42.503458 42.272344 41.887787 41.238277 40.106911 38.027314 33.867125 24.488131 0.000000 
50.000000 47.985427 46.035598 44.209021 42.552729 41.098822 39.863172 38.846259 38.035699 37.409813 36.941516 36.601907 36.363129 36.200309 36.092600 36.023451 35.980354 35.954267 35.938926 35.930158 35.925285 35.922651 35.921265 35.920554 35.920196 35.920015 35.919912 35.919828 35.919712 35.919500 35.919081 35.918257 35.916660 35.913632 35.908010 35.897789 35.879576 35.847744 35.793098 35.700801 35.547096 35.293985 34.880311 34.206093 33.103790 31.283683 28.229796 23.017799 14.118302 0.000000 
50.000000 47.057222 44.209021 41.540863 39.121451 36.997675 35.192720 33.707287 32.523284 31.609042 30.924997 30.428929 30.080147 29.842319 29.684991 29.583988 29.521038 29.482934 29.460527 29.447720 29.440603 29.436755 29.434731 29.433693 29.433170 29.432906 29.432758 29.432640 29.432480 29.432190 29.431621 29.430501 29.428337 29.424241 29.416657 29.402911 29.378512 29.336069 29.263645 29.142264 28.942163 28.617099 28.095630 27.267664 25.963859 23.925778 20.770431 15.979225 9.029908 0.000000 
50.000000 46.215550 42.552729 39.121451 36.010071 33.278887 30.957717 29.047460 27.524848 26.349151 25.469489 24.831565 24.383047 24.077215 23.874902 23.745021 23.664072 23.615075 23.586262 23.569794 23.560642 23.555695 23.553093 23.551758 23.551087 23.550749 23.550562 23.550417 23.550228 23.549889 23.549226 23.547926 23.545420 23.540690 23.531962 23.516206 23.488377 23.440258 23.358762 23.223459 23.003075 22.650596 22.096591 21.240522 19.940562 18.005035 15.195674 11.269046 6.108639 0.000000 
50.000000 45.476721 41.098822 36.997675 33.278887 30.014529 27.240240 24.957090 23.137266 21.732085 20.680729 19.918300 19.382249 19.016734 18.774942 18.619718 18.522976 18.464420 18.429986 18.410306 18.399369 18.393458 18.390347 18.388752 18.387952 18.387550 18.387331 18.387168 18.386965 18.386606 18.385909 18.384548 18.381930 18.377008 18.367960 18.351704 18.323154 18.274127 18.191785 18.056482 17.838907 17.496473 16.969071 16.174796 15.007265 13.338324 11.033816 7.995032 4.238444 0.000000 
50.000000 44.848803 39.863172 35.192720 30.957717 27.240240 24.080872 21.480829 19.408434 17.808241 16.610987 15.742764 15.132337 14.716111 14.440778 14.264023 14.153863 14.087186 14.047978 14.025569 14.013117 14.006386 14.002844 14.001029 14.000118 13.999663 13.999420 13.999248 13.999043 13.998691 13.998013 13.996694 13.994167 13.989434 13.980772 13.965290 13.938266 13.892197 13.815498 13.690795 13.492822 13.186068 12.722534 12.040436 11.065444 9.717196 7.925057 5.657079 2.961016 0.000000 
50.000000 44.332039 38.846259 33.707287 29.047460 24.957090 21.480829 18.620012 16.339780 14.579120 13.261818 12.306547 11.634926 11.176980 10.874052 10.679584 10.558387 10.485031 10.441896 10.417243 10.403543 10.396139 10.392243 10.390247 10.389246 10.388749 10.388488 10.388312 10.388117 10.387792 10.387174 10.385976 10.383691 10.379428 10.371662 10.357857 10.333913 10.293398 10.226536 10.118948 9.950239 9.692622 9.310006 8.758295 7.988019 6.950870 5.611658 3.965948 2.059695 0.000000 
50.000000 43.920136 38.035699 32.523284 27.524848 23.137266 19.408434 16.339780 13.893906 12.005363 10.592392 9.567756 8.847373 8.356183 8.031270 7.822691 7.692701 7.614025 7.567761 7.541321 7.526628 7.518687 7.514510 7.512369 7.511298 7.510767 7.510494 7.510320 7.510141 7.509856 7.509322 7.508294 7.506341 7.502713 7.496136 7.484508 7.464467 7.430805 7.375723 7.287967 7.151930 6.946953 6.647158 6.222366 5.640793 4.874252 3.906185 2.741714 1.416679 0.000000 
50.000000 43.602079 37.409813 31.609042 26.349151 21.732085 17.808241 14.579120 12.005363 10.018092 8.531267 7.453083 6.695061 6.178214 5.836331 5.616862 5.480087 5.397305 5.348627 5.320808 5.305350 5.296995 5.292600 5.290349 5.289223 5.288667 5.288386 5.288217 5.288058 5.287820 5.287381 5.286542 5.284955 5.282020 5.276726 5.267416 5.251469 5.224873 5.181706 5.113565 5.009046 4.853433 4.628881 4.315419 3.893177 3.346076 2.666878 1.862717 0.959151 0.000000 
50.000000 43.364103 36.941516 30.924997 25.469489 20.680729 16.610987 13.261818 10.592392 8.531267 6.989198 5.870963 5.084790 4.548753 4.194181 3.966568 3.824720 3.738868 3.688386 3.659536 3.643506 3.634841 3.630284 3.627950 3.626783 3.626210 3.625924 3.625762 3.625623 3.625431 3.625085 3.624431 3.623201 3.620934 3.616865 3.609748 3.597629 3.577553 3.545213 3.494599 3.417702 3.304426 3.142870 2.920193 2.624247 2.246030 1.782732 1.240715 0.637289 0.000000 
50.000000 43.191522 36.601907 30.428929 24.831565 19.918300 15.742764 12.306547 9.567756 7.453083 5.870963 4.723693 3.917113 3.367167 3.003398 2.769884 2.624359 2.536283 2.484494 2.454898 2.438452 2.429564 2.424889 2.422495 2.421299 2.420714 2.420426 2.420269 2.420150 2.419999 2.419738 2.419249 2.418335 2.416659 2.413663 2.408449 2.399622 2.385091 2.361847 2.325750 2.271378 2.192032 2.080012 1.927266 1.726515 1.472803 1.165285 0.808809 0.414684 0.000000 
50.000000 43.070180 36.363129 30.080147 24.383047 19.382249 15.132337 11.634926 8.847373 6.695061 5.084790 3.917113 3.096192 2.536472 2.166240 1.928580 1.780472 1.690834 1.638127 1.608006 1.591269 1.582224 1.577466 1.575030 1.573814 1.573220 1.572931 1.572781 1.572678 1.572562 1.572371 1.572020 1.571368 1.570177 1.568058 1.564389 1.558210 1.548096 1.532023 1.507237 1.470188 1.416567 1.341528 1.240140 1.108122 0.942789 0.744078 0.515384 0.263877 0.000000 
50.000000 42.987439 36.200309 29.842319 24.077215 19.016734 14.716111 11.176980 8.356183 6.178214 4.548753 3.367167 2.536472 1.970091 1.595456 1.354970 1.205103 1.114400 1.061068 1.030589 1.013655 1.004502 0.999689 0.997224 0.995994 0.995395 0.995105 0.994960 0.994870 0.994781 0.994646 0.994403 0.993955 0.993141 0.991699 0.989212 0.985045 0.978262 0.967545 0.951124 0.926745 0.891716 0.843066 0.777845 0.693580 0.588838 0.463807 0.320733 0.164039 0.000000 
50.000000 42.932703 36.092600 29.684991 23.874902 18.774942 14.440778 10.874052 8.031270 5.836331 4.194181 3.003398 2.166240 1.595456 1.217910 0.975557 0.824526 0.733120 0.679375 0.648661 0.631595 0.622372 0.617521 0.615038 0.613799 0.613196 0.612907 0.612765 0.612685 0.612617 0.612524 0.612361 0.612064 0.611527 0.610580 0.608955 0.606244 0.601852 0.594949 0.584433 0.568916 0.546762 0.516194 0.475488 0.423239 0.358696 0.282080 0.194811 0.099552 0.000000 
50.000000 42.897563 36.023451 29.583988 23.745021 18.619718 14.264023 10.679584 7.822691 5.616862 3.966568 2.769884 1.928580 1.354970 0.975557 0.732006 0.580230 0.488373 0.434362 0.403497 0.386347 0.377079 0.372204 0.369709 0.368465 0.367859 0.367570 0.367432 0.367359 0.367306 0.367242 0.367136 0.366945 0.366604 0.366003 0.364977 0.363271 0.360522 0.356222 0.349703 0.340137 0.326555 0.307923 0.283251 0.251759 0.213059 0.167331 0.115441 0.058952 0.000000 
50.000000 42.875661 35.980354 29.521038 23.664072 18.522976 14.153863 10.558388 7.692702 5.480088 3.824720 2.624359 1.780472 1.205103 0.824527 0.580230 0.427990 0.335852 0.281677 0.250717 0.233515 0.224218 0.219329 0.216827 0.215579 0.214972 0.214683 0.214547 0.214479 0.214436 0.214392 0.214324 0.214206 0.213996 0.213627 0.213000 0.211962 0.210296 0.207701 0.203786 0.198068 0.189989 0.178960 0.164429 0.145969 0.123382 0.096797 0.066722 0.034054 0.000000 
50.000000 42.862404 35.954267 29.482935 23.615076 18.464421 14.087187 10.485032 7.614026 5.397306 3.738869 2.536284 1.690835 1.114401 0.733122 0.488374 0.335853 0.243545 0.189270 0.158254 0.141020 0.131707 0.126809 0.124301 0.123051 0.122444 0.122155 0.122020 0.121955 0.121919 0.121888 0.121846 0.121775 0.121649 0.121430 0.121059 0.120447 0.119469 0.117951 0.115670 0.112352 0.107685 0.101343 0.093021 0.082492 0.069657 0.054598 0.037608 0.019185 0.000000 
50.000000 42.854609 35.938927 29.460528 23.586264 18.429988 14.047980 10.441898 7.567763 5.348630 3.688389 2.484497 1.638130 1.061071 0.679378 0.434365 0.281679 0.189272 0.134939 0.103889 0.086637 0.077313 0.072410 0.069900 0.068648 0.068040 0.067752 0.067618 0.067555 0.067523 0.067501 0.067474 0.067432 0.067359 0.067233 0.067020 0.066671 0.066113 0.065251 0.063961 0.062091 0.059472 0.055925 0.051289 0.045443 0.038339 0.030028 0.020671 0.010541 0.000000 
50.000000 42.850153 35.930160 29.447723 23.569798 18.410311 14.025575 10.417249 7.541327 5.320815 3.659544 2.454905 1.608013 1.030597 0.648669 0.403505 0.250724 0.158261 0.103893 0.072825 0.055562 0.046233 0.041327 0.038815 0.037563 0.036955 0.036667 0.036533 0.036471 0.036442 0.036424 0.036407 0.036383 0.036342 0.036271 0.036153 0.035959 0.035650 0.035175 0.034466 0.033442 0.032012 0.030082 0.027568 0.024407 0.020577 0.016106 0.011081 0.005649 0.000000 
50.000000 42.847679 35.925291 29.440611 23.560653 18.399382 14.013131 10.403559 7.526645 5.305367 3.643524 2.438471 1.591288 1.013673 0.631614 0.386366 0.233534 0.141038 0.086653 0.055573 0.038305 0.028972 0.024064 0.021552 0.020300 0.019691 0.019403 0.019270 0.019209 0.019181 0.019166 0.019155 0.019141 0.019118 0.019080 0.019016 0.018911 0.018745 0.018490 0.018111 0.017565 0.016805 0.015783 0.014454 0.012788 0.010775 0.008429 0.005797 0.002954 0.000000 
50.000000 42.846344 35.922665 29.436775 23.555720 18.393487 14.006419 10.396176 7.518726 5.297036 3.634884 2.429608 1.582268 1.004547 0.622417 0.377124 0.224263 0.131751 0.077355 0.046270 0.028999 0.019664 0.014756 0.012243 0.010990 0.010382 0.010094 0.009961 0.009900 0.009873 0.009860 0.009852 0.009843 0.009831 0.009810 0.009777 0.009721 0.009634 0.009501 0.009303 0.009019 0.008625 0.008096 0.007410 0.006552 0.005518 0.004314 0.002966 0.001511 0.000000 
50.000000 42.845649 35.921296 29.434776 23.553151 18.390416 14.002923 10.392329 7.514601 5.292696 3.630383 2.424990 1.577569 0.999792 0.617626 0.372309 0.219434 0.126913 0.072512 0.041424 0.024151 0.014815 0.009906 0.007393 0.006140 0.005532 0.005244 0.005111 0.005051 0.005024 0.005012 0.005005 0.005000 0.004993 0.004982 0.004965 0.004936 0.004891 0.004822 0.004721 0.004575 0.004373 0.004103 0.003753 0.003317 0.002792 0.002182 0.001500 0.000764 0.000000 
50.000000 42.845307 35.920624 29.433795 23.551889 18.388909 14.001206 10.390441 7.512576 5.290566 3.628174 2.422724 1.575263 0.997459 0.615274 0.369946 0.217063 0.124538 0.070135 0.039045 0.021771 0.012435 0.007526 0.005013 0.003760 0.003152 0.002864 0.002731 0.002671 0.002644 0.002632 0.002627 0.002623 0.002619 0.002613 0.002603 0.002588 0.002564 0.002528 0.002473 0.002396 0.002290 0.002147 0.001963 0.001734 0.001459 0.001140 0.000783 0.000399 0.000000 
50.000000 42.845169 35.920352 29.433397 23.551378 18.388298 14.000510 10.389675 7.511755 5.289702 3.627278 2.421805 1.574328 0.996513 0.614321 0.368988 0.216103 0.123575 0.069171 0.038081 0.020807 0.011471 0.006561 0.004048 0.002795 0.002187 0.001899 0.001766 0.001706 0.001680 0.001668 0.001663 0.001659 0.001657 0.001653 0.001646 0.001637 0.001621 0.001598 0.001563 0.001514 0.001446 0.001356 0.001239 0.001094 0.000920 0.000718 0.000494 0.000251 0.000000 
50.000000 42.845169 35.920352 29.433397 23.551378 18.388298 14.000510 10.389675 7.511755 5.289702 3.627278 2.421805 1.574328 0.996513 0.614321 0.368988 0.216103 0.123575 0.069171 0.038081 0.020807 0.011471 0.006561 0.004048 0.002795 0.002187 0.001899 0.001766 0.001706 0.001680 0.001668 0.001663 0.001659 0.001657 0.001653 0.001646 0.001637 0.001621 0.001598 0.001563 0.001514 0.001446 0.001356 0.001239 0.001094 0.000920 0.000718 0.000494 0.000251 0.000000 
50.000000 42.845307 35.920624 29.433795 23.551889 18.388909 14.001206 10.390441 7.512576 5.290566 3.628174 2.422724 1.575263 0.997459 0.615274 0.369946 0.217063 0.124538 0.070135 0.039045 0.021771 0.012435 0.007526 0.005013 0.003760 0.003152 0.002864 0.002731 0.002671 0.002644 0.002632 0.002627 0.002623 0.002619 0.002613 0.002603 0.002588 0.002564 0.002528 0.002473 0.002396 0.002290 0.002147 0.001963 0.001734 0.001459 0.001140 0.000783 0.000399 0.000000 
50.000000 42.845649 35.921296 29.434776 23.553151 18.390416 14.002923 10.392329 7.514601 5.292696 3.630383 2.424990 1.577569 0.999792 0.617626 0.372309 0.219434 0.126913 0.072512 0.041424 0.024151 0.014815 0.009906 0.007393 0.006140 0.005532 0.005244 0.005111 0.005051 0.005024 0.005012 0.005005 0.005000 0.004993 0.004982 0.004965 0.004936 0.004891 0.004822 0.004721 0.004575 0.004373 0.004103 0.003753 0.003317 0.002792 0.002182 0.001500 0.000764 0.000000 
50.000000 42.846344 35.922665 29.436775 23.555720 18.393487 14.006419 10.396176 7.518726 5.297036 3.634884 2.429608 1.582268 1.004547 0.622417 0.377124 0.224263 0.131751 0.077355 0.046270 0.028999 0.019664 0.014756 0.012243 0.010990 0.010382 0.010094 0.009961 0.009900 0.009873 0.009860 0.009852 0.009843 0.009831 0.009810 0.009777 0.009721 0.009634 0.009501 0.009303 0.009019 0.008625 0.008096 0.007410 0.006552 0.005518 0.004314 0.002966 0.001511 0.000000 
50.000000 42.847679 35.925291 29.440611 23.560653 18.399382 14.013131 10.403559 7.526645 5.305367 3.643524 2.438471 1.591288 1.013673 0.631614 0.386366 0.233534 0.141038 0.086653 0.055573 0.038305 0.028972 0.024064 0.021552 0.020300 0.019691 0.019403 0.019270 0.019209 0.019181 0.019166 0.019155 0.019141 0.019118 0.019080 0.019016 0.018911 0.018745 0.018490 0.018111 0.017565 0.016805 0.015783 0.014454 0.012788 0.010775 0.008429 0.005797 0.002954 0.000000 
50.000000 42.850153 35.930160 29.447723 23.569798 18.410311 14.025575 10.417249 7.541327 5.320815 3.659544 2.454905 1.608013 1.030597 0.648669 0.403505 0.250724 0.158261 0.103893 0.072825 0.055562 0.046233 0.041327 0.038815 0.037563 0.036955 0.036667 0.036533 0.036471 0.036442 0.036424 0.036407 0.036383 0.036342 0.036271 0.036153 0.035959 0.035650 0.035175 0.034466 0.033442 0.032012 0.030082 0.027568 0.024407 0.020577 0.016106 0.011081 0.005649 0.000000 
50.000000 42.854609 35.938927 29.460528 23.586264 18.429988 14.047980 10.441898 7.567763 5.348630 3.688389 2.484497 1.638130 1.061071 0.679378 0.434365 0.281679 0.189272 0.134939 0.103889 0.086637 0.077313 0.072410 0.069900 0.068648 0.068040 0.067752 0.067618 0.067555 0.067523 0.067501 0.067474 0.067432 0.067359 0.067233 0.067020 0.066671 0.066113 0.065251 0.063961 0.062091 0.059472 0.055925 0.051289 0.045443 0.038339 0.030028 0.020671 0.010541 0.000000 
50.000000 42.862404 35.954267 29.482935 23.615076 18.464421 14.087187 10.485032 7.614026 5.397306 3.738869 2.536284 1.690835 1.114401 0.733122 0.488374 0.335853 0.243545 0.189270 0.158254 0.141020 0.131707 0.126809 0.124301 0.123051 0.122444 0.122155 0.122020 0.121955 0.121919 0.121888 0.121846 0.121775 0.121649 0.121430 0.121059 0.120447 0.119469 0.117951 0.115670 0.112352 0.107685 0.101343 0.093021 0.082492 0.069657 0.054598 0.037608 0.019185 0.000000 
50.000000 42.875661 35.980354 29.521038 23.664072 18.522976 14.153863 10.558388 7.692702 5.480088 3.824720 2.624359 1.780472 1.205103 0.824527 0.580230 0.427990 0.335852 0.281677 0.250717 0.233515 0.224218 0.219329 0.216827 0.215579 0.214972 0.214683 0.214547 0.214479 0.214436 0.214392 0.214324 0.214206 0.213996 0.213627 0.213000 0.211962 0.210296 0.207701 0.203786 0.198068 0.189989 0.178960 0.164429 0.145969 0.123382 0.096797 0.066722 0.034054 0.000000 
50.000000 42.897563 36.023451 29.583988 23.745021 18.619718 14.264023 10.679584 7.822691 5.616862 3.966568 2.769884 1.928580 1.354970 0.975557 0.732006 0.580230 0.488373 0.434362 0.403497 0.386347 0.377079 0.372204 0.369709 0.368465 0.367859 0.367570 0.367432 0.367359 0.367306 0.367242 0.367136 0.366945 0.366604 0.366003 0.364977 0.363271 0.360522 0.356222 0.349703 0.340137 0.326555 0.307923 0.283251 0.251759 0.213059 0.167331 0.115441 0.058952 0.000000 
50.000000 42.932703 36.092600 29.684991 23.874902 18.774942 14.440778 10.874052 8.031270 5.836331 4.194181 3.003398 2.166240 1.595456 1.217910 0.975557 0.824526 0.733120 0.679375 0.648661 0.631595 0.622372 0.617521 0.615038 0.613799 0.613196 0.612907 0.612765 0.612685 0.612617 0.612524 0.612361 0.612064 0.611527 0.610580 0.608955 0.606244 0.601852 0.594949 0.584433 0.568916 0.546762 0.516194 0.475488 0.423239 0.358696 0.282080 0.194811 0.099552 0.000000 
50.000000 42.987439 36.200309 29.842319 24.077215 19.016734 14.716111 11.176980 8.356183 6.178214 4.548753 3.367167 2.536472 1.970091 1.595456 1.354970 1.205103 1.114400 1.061068 1.030589 1.013655 1.004502 0.999689 0.997224 0.995994 0.995395 0.995105 0.994960 0.994870 0.994781 0.994646 0.994403 0.993955 0.993141 0.991699 0.989212 0.985045 0.978262 0.967545 0.951124 0.926745 0.891716 0.843066 0.777845 0.693580 0.588838 0.463807 0.320733 0.164039 0.000000 
50.000000 43.070180 36.363129 30.080147 24.383047 19.382249 15.132337 11.634926 8.847373 6.695061 5.084790 3.917113 3.096192 2.536472 2.166240 1.928580 1.780472 1.690834 1.638127 1.608006 1.591269 1.582224 1.577466 1.575030 1.573814 1.573220 1.572931 1.572781 1.572678 1.572562 1.572371 1.572020 1.571368 1.570177 1.568058 1.564389 1.558210 1.548096 1.532023 1.507237 1.470188 1.416567 1.341528 1.240140 1.108122 0.942789 0.744078 0.515384 0.263877 0.000000 
50.000000 43.191522 36.601907 30.428929 24.831565 19.918300 15.742764 12.306547 9.567756 7.453083 5.870963 4.723693 3.917113 3.367167 3.003398 2.769884 2.624359 2.536283 2.484494 2.454898 2.438452 2.429564 2.424889 2.422495 2.421299 2.420714 2.420426 2.420269 2.420150 2.419999 2.419738 2.419249 2.418335 2.416659 2.413663 2.408449 2.399622 2.385091 2.361847 2.325750 2.271378 2.192032 2.080012 1.927266 1.726515 1.472803 1.165285 0.808809 0.414684 0.000000 
50.000000 43.364103 36.941516 30.924997 25.469489 20.680729 16.610987 13.261818 10.592392 8.531267 6.989198 5.870963 5.084790 4.548753 4.194181 3.966568 3.824720 3.738868 3.688386 3.659536 3.643506 3.634841 3.630284 3.627950 3.626783 3.626210 3.625924 3.625762 3.625623 3.625431 3.625085 3.624431 3.623201 3.620934 3.616865 3.609748 3.597629 3.577553 3.545213 3.494599 3.417702 3.304426 3.142870 2.920193 2.624247 2.246030 1.782732 1.240715 0.637289 0.000000 
50.000000 43.602079 37.409813 31.609042 26.349151 21.732085 17.808241 14.579120 12.005363 10.018092 8.531267 7.453083 6.695061 6.178214 5.836331 5.616862 5.480087 5.397305 5.348627 5.320808 5.305350 5.296995 5.292600 5.290349 5.289223 5.288667 5.288386 5.288217 5.288058 5.287820 5.287381 5.286542 5.284955 5.282020 5.276726 5.267416 5.251469 5.224873 5.181706 5.113565 5.009046 4.853433 4.628881 4.315419 3.893177 3.346076 2.666878 1.862717 0.959151 0.000000 
50.000000 43.920136 38.035699 32.523284 27.524848 23.137266 19.408434 16.339780 13.893906 12.005363 10.592392 9.567756 8.847373 8.356183 8.031270 7.822691 7.692701 7.614025 7.567761 7.541321 7.526628 7.518687 7.514510 7.512369 7.511298 7.510767 7.510494 7.510320 7.510141 7.509856 7.509322 7.508294 7.506341 7.502713 7.496136 7.484508 7.464467 7.430805 7.375723 7.287967 7.151930 6.946953 6.647158 6.222366 5.640793 4.874252 3.906185 2.741714 1.416679 0.000000 
50.000000 44.332039 38.846259 33.707287 29.047460 24.957090 21.480829 18.620012 16.339780 14.579120 13.261818 12.306547 11.634926 11.176980 10.874052 10.679584 10.558387 10.485031 10.441896 10.417243 10.403543 10.396139 10.392243 10.390247 10.389246 10.388749 10.388488 10.388312 10.388117 10.387792 10.387174 10.385976 10.383691 10.379428 10.371662 10.357857 10.333913 10.293398 10.226536 10.118948 9.950239 9.692622 9.310006 8.758295 7.988019 6.950870 5.611658 3.965948 2.059695 0.000000 
50.000000 44.848803 39.863172 35.192720 30.957717 27.240240 24.080872 21.480829 19.408434 17.808241 16.610987 15.742764 15.132337 14.716111 14.440778 14.264023 14.153863 14.087186 14.047978 14.025569 14.013117 14.006386 14.002844 14.001029 14.000118 13.999663 13.999420 13.999248 13.999043 13.998691 13.998013 13.996694 13.994167 13.989434 13.980772 13.965290 13.938266 13.892197 13.815498 13.690795 13.492822 13.186068 12.722534 12.040436 11.065444 9.717196 7.925057 5.657079 2.961016 0.000000 
50.000000 45.476721 41.098822 36.997675 33.278887 30.014529 27.240240 24.957090 23.137266 21.732085 20.680729 19.918300 19.382249 19.016734 18.774942 18.619718 18.522976 18.464420 18.429986 18.410306 18.399369 18.393458 18.390347 18.388752 18.387952 18.387550 18.387331 18.387168 18.386965 18.386606 18.385909 18.384548 18.381930 18.377008 18.367960 18.351704 18.323154 18.274127 18.191785 18.056482 17.838907 17.496473 16.969071 16.174796 15.007265 13.338324 11.033816 7.995032 4.238444 0.000000 
50.000000 46.215550 42.552729 39.121451 36.010071 33.278887 30.957717 29.047460 27.524848 26.349151 25.469489 24.831565 24.383047 24.077215 23.874902 23.745021 23.664072 23.615075 23.586262 23.569794 23.560642 23.555695 23.553093 23.551758 23.551087 23.550749 23.550562 23.550417 23.550228 23.549889 23.549226 23.547926 23.545420 23.540690 23.531962 23.516206 23.488377 23.440258 23.358762 23.223459 23.003075 22.650596 22.096591 21.240522 19.940562 18.005035 15.195674 11.269046 6.108639 0.000000 
50.000000 47.057222 44.209021 41.540863 39.121451 36.997675 35.192720 33.707287 32.523284 31.609042 30.924997 30.428929 30.080147 29.842319 29.684991 29.583988 29.521038 29.482934 29.460527 29.447720 29.440603 29.436755 29.434731 29.433693 29.433170 29.432906 29.432758 29.432640 29.432480 29.432190 29.431621 29.430501 29.428337 29.424241 29.416657 29.402911 29.378512 29.336069 29.263645 29.142264 28.942163 28.617099 28.095630 27.267664 25.963859 23.925778 20.770431 15.979225 9.029908 0.000000 
50.000000 47.985427 46.035598 44.209021 42.552729 41.098822 39.863172 38.846259 38.035699 37.409813 36.941516 36.601907 36.363129 36.200309 36.092600 36.023451 35.980354 35.954267 35.938926 35.930158 35.925285 35.922651 35.921265 35.920554 35.920196 35.920015 35.919912 35.919828 35.919712 35.919500 35.919081 35.918257 35.916660 35.913632 35.908010 35.897789 35.879576 35.847744 35.793098 35.700801 35.547096 35.293985 34.880311 34.206093 33.103790 31.283683 28.229796 23.017799 14.118302 0.000000 
50.000000 48.976263 47.985427 47.057222 46.215550 45.476721 44.848803 44.332039 43.920136 43.602079 43.364103 43.191522 43.070180 42.987439 42.932703 42.897563 42.875661 42.862404 42.854608 42.850152 42.847676 42.846337 42.845633 42.845271 42.845089 42.844997 42.844944 42.844901 42.844840 42.844727 42.844506 42.844068 42.843219 42.841608 42.838611 42.833151 42.823400 42.806303 42.776838 42.726814 42.642928 42.503458 42.272344 41.887787 41.238277 40.106911 38.027314 33.867125 24.488131 0.000000 
50.000000 50.000000 50.000000 50.000000 50.000000 50.000000 50.000000 50.000000 50.000000 50.000000 50.000000 50.000000 50.000000 50.000000 50.000000 50.000000 50.000000 50.000000 50.000000 50.000000 50.000000 50.000000 50.000000 50.000000 50.000000 50.000000 50.000000 50.000000 50.000000 50.000000 50.000000 50.000000 50.000000 50.000000 50.000000 50.000000 50.000000 50.000000 50.000000 50.000000 50.000000 50.000000 50.000000 50.000000 50.000000 50.000000 50.000000 50.000000 50.000000 50.000000 
