50.000000 50.000000 50.000000 50.000000 50.000000 50.000000 50.000000 50.000000 50.000000 50.000000 50.000000 50.000000 50.000000 50.000000 50.000000 50.000000 50.000000 50.000000 50.000000 50.000000 50.000000 50.000000 50.000000 50.000000 50.000000 50.000000 50.000000 50.000000 50.000000 50.000000 50.000000 50.000000 50.000000 50.000000 50.000000 50.000000 50.000000 50.000000 50.000000 50.000000 50.000000 50.000000 50.000000 50.000000 50.000000 50.000000 50.000000 50.000000 50.000000 50.000000 
50.000000 48.777308 47.601539 46.514220 45.547116 44.719659 44.038463 43.498736 43.087025 42.784551 42.570442 42.424349 42.328216 42.267180 42.229771 42.207624 42.194954 42.187944 42.184193 42.182249 42.181273 42.180799 42.180575 42.180472 42.180426 42.180406 42.180395 42.180385 42.180370 42.180336 42.180261 42.180097 42.179746 42.179016 42.177533 42.174598 42.168925 42.158212 42.138422 42.102594 42.038855 41.927034 41.732597 41.395046 40.803722 39.741899 37.742534 33.671676 24.388654 0.000000 
50.000000 47.601539 45.295125 43.162219 41.265132 39.641984 38.305746 37.247018 36.439409 35.846082 35.426091 35.139521 34.950951 34.831228 34.757849 34.714408 34.689555 34.675806 34.668447 34.664634 34.662721 34.661790 34.661351 34.661150 34.661060 34.661019 34.660999 34.660981 34.660951 34.660888 34.660748 34.660442 34.659789 34.658431 34.655679 34.650241 34.639756 34.620020 34.583707 34.518306 34.402771 34.202044 33.857853 33.272685 32.280609 30.592242 27.690340 22.647562 13.929863 0.000000 
50.000000 46.514220 43.162219 40.062389 37.305293 34.946328 33.004347 31.465685 30.291985 29.429707 28.819342 28.402879 28.128840 27.954853 27.848216 27.785088 27.748972 27.728992 27.718299 27.712758 27.709978 27.708625 27.707987 27.707695 27.707565 27.707506 27.707476 27.707451 27.707412 27.707327 27.707140 27.706731 27.705861 27.704056 27.700408 27.693220 27.679416 27.653557 27.606266 27.521754 27.373974 27.120708 26.694471 25.988548 24.835805 22.978263 20.031194 15.471878 8.771686 0.000000 
50.000000 45.547116 41.265132 37.305293 33.783287 30.769882 28.289158 26.323656 24.824372 23.722910 22.943246 22.411273 22.061231 21.838994 21.702785 21.622152 21.576022 21.550504 21.536846 21.529769 21.526218 21.524491 21.523676 21.523303 21.523136 21.523062 21.523025 21.522995 21.522949 21.522853 21.522640 21.522177 21.521193 21.519159 21.515060 21.507018 21.491648 21.463028 21.411081 21.319121 21.160242 20.892155 20.450079 19.737443 18.615012 16.891643 14.327030 10.672891 5.805217 0.000000 
50.000000 44.719659 39.641984 34.946328 30.769882 27.196563 24.254922 21.924251 20.146433 18.840358 17.915872 17.285093 16.870042 16.606536 16.445037 16.349434 16.294741 16.264485 16.248293 16.239903 16.235693 16.233645 16.232680 16.232237 16.232040 16.231952 16.231909 16.231877 16.231829 16.231730 16.231514 16.231043 16.230047 16.227994 16.223873 16.215825 16.200531 16.172247 16.121336 16.032131 15.879962 15.627265 15.218871 14.577087 13.598281 12.154870 10.110523 7.361375 3.915937 0.000000 
50.000000 44.038463 38.305746 33.004347 28.289158 24.254922 20.933869 18.302613 16.295532 14.821047 13.777367 13.065274 12.596725 12.299260 12.116951 12.009031 11.947292 11.913141 11.894863 11.885393 11.880641 11.878330 11.877240 11.876741 11.876518 11.876420 11.876373 11.876340 11.876294 11.876201 11.875998 11.875559 11.874633 11.872729 11.868927 11.861539 11.847585 11.821965 11.776247 11.696973 11.563449 11.345111 10.998819 10.466935 9.677835 8.551715 7.015799 5.033062 2.643417 0.000000 
50.000000 43.498736 37.247018 31.465685 26.323656 21.924251 18.302613 15.433230 13.244535 11.636647 10.498558 9.722060 9.211143 8.886785 8.687998 8.570326 8.503010 8.465773 8.445845 8.435521 8.430340 8.427821 8.426632 8.426088 8.425846 8.425739 8.425689 8.425657 8.425615 8.425533 8.425356 8.424975 8.424172 8.422530 8.419265 8.412954 8.401108 8.379517 8.341319 8.275759 8.166663 7.990815 7.716615 7.303794 6.705380 5.873577 4.771214 3.389166 1.766140 0.000000 
50.000000 43.087025 36.439409 30.291985 24.824372 20.146433 16.295532 13.244535 10.917333 9.207713 7.997631 7.172027 6.628807 6.283948 6.072599 5.947494 5.875928 5.836341 5.815155 5.804180 5.798672 5.795994 5.794731 5.794153 5.793895 5.793782 5.793731 5.793700 5.793664 5.793596 5.793450 5.793139 5.792486 5.791155 5.788521 5.783458 5.774013 5.756921 5.726934 5.675963 5.592096 5.458666 5.253720 4.950421 4.519168 3.932217 3.171277 2.237366 1.159991 0.000000 
50.000000 42.784551 35.846082 29.429707 23.722910 18.840358 14.821047 11.636647 9.207713 7.423378 6.160427 5.298763 4.731825 4.371914 4.151345 4.020784 3.946097 3.904785 3.882677 3.871224 3.865477 3.862682 3.861364 3.860761 3.860492 3.860375 3.860323 3.860293 3.860263 3.860210 3.860097 3.859856 3.859354 3.858335 3.856327 3.852488 3.845368 3.832573 3.810302 3.772786 3.711689 3.615617 3.469984 3.257598 2.960397 2.562668 2.055733 1.443311 0.745696 0.000000 
50.000000 42.570442 35.426091 28.819342 22.943246 17.915872 13.777367 10.498558 7.997631 6.160427 4.860069 3.972894 3.389178 3.018619 2.791529 2.657110 2.580217 2.537686 2.514926 2.503135 2.497219 2.494341 2.492985 2.492364 2.492088 2.491967 2.491915 2.491887 2.491863 2.491823 2.491739 2.491563 2.491196 2.490455 2.489002 2.486237 2.481139 2.472037 2.456309 2.430035 2.387642 2.321669 2.222799 2.080395 1.883741 1.624125 1.297589 0.907785 0.467848 0.000000 
50.000000 42.424349 35.139521 28.402879 22.411273 17.285093 13.065274 9.722060 7.172027 5.298763 3.972894 3.068322 2.473165 2.095349 1.863813 1.726764 1.648369 1.605007 1.581802 1.569781 1.563749 1.560816 1.559433 1.558800 1.558519 1.558397 1.558344 1.558318 1.558298 1.558269 1.558210 1.558087 1.557832 1.557319 1.556316 1.554418 1.550938 1.544761 1.534161 1.516585 1.488462 1.445094 1.380742 1.289027 1.163757 1.000192 0.796613 0.555814 0.285927 0.000000 
50.000000 42.328216 34.950951 28.128840 22.061231 16.870042 12.596725 9.211143 6.628807 4.731825 3.389178 2.473165 1.870487 1.487898 1.253440 1.114663 1.035280 0.991372 0.967876 0.955704 0.949596 0.946626 0.945226 0.944585 0.944300 0.944177 0.944124 0.944100 0.944084 0.944063 0.944023 0.943941 0.943772 0.943432 0.942771 0.941525 0.939253 0.935243 0.928404 0.917141 0.899252 0.871887 0.831626 0.774760 0.697795 0.598203 0.475283 0.330932 0.170004 0.000000 
50.000000 42.267180 34.831228 27.954853 21.838994 16.606536 12.299260 8.886785 6.283948 4.371914 3.018619 2.095349 1.487898 1.102283 0.865972 0.726099 0.646089 0.601836 0.578154 0.565886 0.559731 0.556738 0.555326 0.554681 0.554394 0.554270 0.554217 0.554193 0.554180 0.554166 0.554140 0.554087 0.553979 0.553764 0.553347 0.552564 0.551142 0.548645 0.544411 0.537480 0.526545 0.509935 0.485677 0.451674 0.406005 0.347346 0.275437 0.191472 0.098256 0.000000 
50.000000 42.229771 34.757849 27.848216 21.702785 16.445037 12.116951 8.687998 6.072600 4.151345 2.791529 1.863813 1.253440 0.865972 0.628527 0.487983 0.407590 0.363124 0.339330 0.327003 0.320819 0.317811 0.316393 0.315744 0.315456 0.315331 0.315279 0.315256 0.315245 0.315235 0.315218 0.315186 0.315120 0.314989 0.314736 0.314263 0.313409 0.311915 0.309395 0.305292 0.298857 0.289141 0.275044 0.255411 0.229213 0.195768 0.154996 0.107608 0.055173 0.000000 
50.000000 42.207624 34.714408 27.785088 21.622153 16.349434 12.009031 8.570326 5.947494 4.020784 2.657110 1.726764 1.114663 0.726099 0.487983 0.347042 0.266423 0.221832 0.197971 0.185610 0.179408 0.176392 0.174970 0.174319 0.174030 0.173906 0.173853 0.173831 0.173821 0.173813 0.173803 0.173784 0.173745 0.173669 0.173521 0.173247 0.172753 0.171892 0.170448 0.168108 0.164456 0.158973 0.151061 0.140104 0.125562 0.107093 0.084680 0.058729 0.030091 0.000000 
50.000000 42.194954 34.689555 27.748972 21.576022 16.294741 11.947292 8.503010 5.875928 3.946097 2.580217 1.648369 1.035280 0.646090 0.407590 0.266423 0.185674 0.141012 0.117112 0.104732 0.098520 0.095499 0.094075 0.093423 0.093134 0.093009 0.092957 0.092935 0.092925 0.092920 0.092913 0.092902 0.092880 0.092837 0.092755 0.092601 0.092326 0.091848 0.091050 0.089762 0.087762 0.084772 0.080480 0.074563 0.066747 0.056864 0.044916 0.031124 0.015938 0.000000 
50.000000 42.187944 34.675806 27.728992 21.550504 16.264485 11.913141 8.465774 5.836341 3.904785 2.537686 1.605007 0.991372 0.601836 0.363124 0.221832 0.141012 0.096311 0.072390 0.059998 0.053781 0.050758 0.049332 0.048680 0.048390 0.048265 0.048213 0.048191 0.048182 0.048178 0.048174 0.048167 0.048155 0.048132 0.048087 0.048004 0.047856 0.047601 0.047175 0.046490 0.045431 0.043855 0.041601 0.038508 0.034438 0.029310 0.023131 0.016017 0.008198 0.000000 
50.000000 42.184193 34.668447 27.718299 21.536846 16.248293 11.894863 8.445846 5.815155 3.882677 2.514926 1.581802 0.967876 0.578154 0.339330 0.197971 0.117113 0.072390 0.048458 0.036061 0.029841 0.026816 0.025390 0.024737 0.024447 0.024322 0.024270 0.024248 0.024240 0.024236 0.024233 0.024229 0.024223 0.024211 0.024187 0.024144 0.024067 0.023935 0.023715 0.023363 0.022821 0.022017 0.020871 0.019304 0.017250 0.014669 0.011568 0.008006 0.004096 0.000000 
50.000000 42.182249 34.664634 27.712759 21.529770 16.239904 11.885394 8.435522 5.804180 3.871224 2.503136 1.569782 0.955704 0.565887 0.327004 0.185611 0.104733 0.059999 0.036061 0.023661 0.017439 0.014414 0.012987 0.012335 0.012045 0.011920 0.011867 0.011846 0.011837 0.011834 0.011832 0.011830 0.011826 0.011820 0.011808 0.011787 0.011748 0.011682 0.011572 0.011397 0.011128 0.010731 0.010166 0.009397 0.008391 0.007130 0.005619 0.003887 0.001988 0.000000 
50.000000 42.181273 34.662721 27.709979 21.526219 16.235694 11.880643 8.430342 5.798674 3.865479 2.497220 1.563751 0.949598 0.559733 0.320821 0.179410 0.098522 0.053783 0.029842 0.017441 0.011218 0.008192 0.006765 0.006113 0.005823 0.005698 0.005645 0.005624 0.005615 0.005612 0.005610 0.005609 0.005607 0.005604 0.005599 0.005588 0.005569 0.005537 0.005484 0.005400 0.005270 0.005080 0.004810 0.004444 0.003965 0.003368 0.002653 0.001834 0.000938 0.000000 
50.000000 42.180799 34.661792 27.708628 21.524494 16.233649 11.878334 8.427825 5.795999 3.862687 2.494346 1.560821 0.946631 0.556743 0.317816 0.176397 0.095505 0.050763 0.026821 0.014418 0.008196 0.005170 0.003743 0.003090 0.002800 0.002675 0.002622 0.002601 0.002593 0.002589 0.002588 0.002587 0.002586 0.002585 0.002582 0.002577 0.002568 0.002553 0.002528 0.002489 0.002428 0.002340 0.002214 0.002044 0.001823 0.001548 0.001219 0.000842 0.000431 0.000000 
50.000000 42.180577 34.661355 27.707994 21.523684 16.232689 11.877251 8.426644 5.794743 3.861377 2.492998 1.559446 0.945239 0.555340 0.316407 0.174984 0.094089 0.049346 0.025403 0.013000 0.006777 0.003751 0.002324 0.001671 0.001382 0.001256 0.001204 0.001183 0.001174 0.001171 0.001170 0.001169 0.001168 0.001168 0.001166 0.001164 0.001160 0.001153 0.001142 0.001124 0.001096 0.001056 0.000999 0.000922 0.000822 0.000697 0.000549 0.000379 0.000194 0.000000 
50.000000 42.180478 34.661161 27.707711 21.523324 16.232262 11.876769 8.426118 5.794184 3.860793 2.492397 1.558834 0.944619 0.554715 0.315779 0.174354 0.093458 0.048715 0.024772 0.012369 0.006146 0.003120 0.001693 0.001040 0.000750 0.000625 0.000573 0.000551 0.000543 0.000539 0.000538 0.000538 0.000537 0.000537 0.000536 0.000535 0.000533 0.000530 0.000525 0.000516 0.000504 0.000485 0.000459 0.000423 0.000377 0.000320 0.000251 0.000174 0.000089 0.000000 
50.000000 42.180441 34.661088 27.707605 21.523188 16.232101 11.876587 8.425920 5.793974 3.860574 2.492172 1.558604 0.944386 0.554480 0.315543 0.174118 0.093221 0.048478 0.024535 0.012132 0.005908 0.002882 0.001455 0.000803 0.000513 0.000388 0.000335 0.000314 0.000305 0.000302 0.000301 0.000300 0.000300 0.000300 0.000299 0.000299 0.000298 0.000296 0.000293 0.000288 0.000281 0.000270 0.000256 0.000236 0.000210 0.000178 0.000140 0.000097 0.000049 0.000000 
50.000000 42.180441 34.661088 27.707605 21.523188 16.232101 11.876587 8.425920 5.793974 3.860574 2.492172 1.558604 0.944386 0.554480 0.315543 0.174118 0.093221 0.048478 0.024535 0.012132 0.005908 0.002882 0.001455 0.000803 0.000513 0.000388 0.000335 0.000314 0.000305 0.000302 0.000301 0.000300 0.000300 0.000300 0.000299 0.000299 0.000298 0.000296 0.000293 0.000288 0.000281 0.000270 0.000256 0.000236 0.000210 0.000178 0.000140 0.000097 0.000049 0.000000 
50.000000 42.180478 34.661161 27.707711 21.523324 16.232262 11.876769 8.426118 5.794184 3.860793 2.492397 1.558834 0.944619 0.554715 0.315779 0.174354 0.093458 0.048715 0.024772 0.012369 0.006146 0.003120 0.001693 0.001040 0.000750 0.000625 0.000573 0.000551 0.000543 0.000539 0.000538 0.000538 0.000537 0.000537 0.000536 0.000535 0.000533 0.000530 0.000525 0.000516 0.000504 0.000485 0.000459 0.000423 0.000377 0.000320 0.000251 0.000174 0.000089 0.000000 
50.000000 42.180577 34.661355 27.707994 21.523684 16.232689 11.877251 8.426644 5.794743 3.861377 2.492998 1.559446 0.945239 0.555340 0.316407 0.174984 0.094089 0.049346 0.025403 0.013000 0.006777 0.003751 0.002324 0.001671 0.001382 0.001256 0.001204 0.001183 0.001174 0.001171 0.001170 0.001169 0.001168 0.001168 0.001166 0.001164 0.001160 0.001153 0.001142 0.001124 0.001096 0.001056 0.000999 0.000922 0.000822 0.000697 0.000549 0.000379 0.000194 0.000000 
50.000000 42.180799 34.661792 27.708628 21.524494 16.233649 11.878334 8.427825 5.795999 3.862687 2.494346 1.560821 0.946631 0.556743 0.317816 0.176397 0.095505 0.050763 0.026821 0.014418 0.008196 0.005170 0.003743 0.003090 0.002800 0.002675 0.002622 0.002601 0.002593 0.002589 0.002588 0.002587 0.002586 0.002585 0.002582 0.002577 0.002568 0.002553 0.002528 0.002489 0.002428 0.002340 0.002214 0.002044 0.001823 0.001548 0.001219 0.000842 0.000431 0.000000 
50.000000 42.181273 34.662721 27.709979 21.526219 16.235694 11.880643 8.430342 5.798674 3.865479 2.497220 1.563751 0.949598 0.559733 0.320821 0.179410 0.098522 0.053783 0.029842 0.017441 0.011218 0.008192 0.006765 0.006113 0.005823 0.005698 0.005645 0.005624 0.005615 0.005612 0.005610 0.005609 0.005607 0.005604 0.005599 0.005588 0.005569 0.005537 0.005484 0.005400 0.005270 0.005080 0.004810 0.004444 0.003965 0.003368 0.002653 0.001834 0.000938 0.000000 
50.000000 42.182249 34.664634 27.712759 21.529770 16.239904 11.885394 8.435522 5.804180 3.871224 2.503136 1.569782 0.955704 0.565887 0.327004 0.185611 0.104733 0.059999 0.036061 0.023661 0.017439 0.014414 0.012987 0.012335 0.012045 0.011920 0.011867 0.011846 0.011837 0.011834 0.011832 0.011830 0.011826 0.011820 0.011808 0.011787 0.011748 0.011682 0.011572 0.011397 0.011128 0.010731 0.010166 0.009397 0.008391 0.007130 0.005619 0.003887 0.001988 0.000000 
50.000000 42.184193 34.668447 27.718299 21.536846 16.248293 11.894863 8.445846 5.815155 3.882677 2.514926 1.581802 0.967876 0.578154 0.339330 0.197971 0.117113 0.072390 0.048458 0.036061 0.029841 0.026816 0.025390 0.024737 0.024447 0.024322 0.024270 0.024248 0.024240 0.024236 0.024233 0.024229 0.024223 0.024211 0.024187 0.024144 0.024067 0.023935 0.023715 0.023363 0.022821 0.022017 0.020871 0.019304 0.017250 0.014669 0.011568 0.008006 0.004096 0.000000 
50.000000 42.187944 34.675806 27.728992 21.550504 16.264485 11.913141 8.465774 5.836341 3.904785 2.537686 1.605007 0.991372 0.601836 0.363124 0.221832 0.141012 0.096311 0.072390 0.059998 0.053781 0.050758 0.049332 0.048680 0.048390 0.048265 0.048213 0.048191 0.048182 0.048178 0.048174 0.048167 0.048155 0.048132 0.048087 0.048004 0.047856 0.047601 0.047175 0.046490 0.045431 0.043855 0.041601 0.038508 0.034438 0.029310 0.023131 0.016017 0.008198 0.000000 
50.000000 42.194954 34.689555 27.748972 21.576022 16.294741 11.947292 8.503010 5.875928 3.946097 2.580217 1.648369 1.035280 0.646090 0.407590 0.266423 0.185674 0.141012 0.117112 0.104732 0.098520 0.095499 0.094075 0.093423 0.093134 0.093009 0.092957 0.092935 0.092925 0.092920 0.092913 0.092902 0.092880 0.092837 0.092755 0.092601 0.092326 0.091848 0.091050 0.089762 0.087762 0.084772 0.080480 0.074563 0.066747 0.056864 0.044916 0.031124 0.015938 0.000000 
50.000000 42.207624 34.714408 27.785088 21.622153 16.349434 12.009031 8.570326 5.947494 4.020784 2.657110 1.726764 1.114663 0.726099 0.487983 0.347042 0.266423 0.221832 0.197971 0.185610 0.179408 0.176392 0.174970 0.174319 0.174030 0.173906 0.173853 0.173831 0.173821 0.173813 0.173803 0.173784 0.173745 0.173669 0.173521 0.173247 0.172753 0.171892 0.170448 0.168108 0.164456 0.158973 0.151061 0.140104 0.125562 0.107093 0.084680 0.058729 0.030091 0.000000 
50.000000 42.229771 34.757849 27.848216 21.702785 16.445037 12.116951 8.687998 6.072600 4.151345 2.791529 1.863813 1.253440 0.865972 0.628527 0.487983 0.407590 0.363124 0.339330 0.327003 0.320819 0.317811 0.316393 0.315744 0.315456 0.315331 0.315279 0.315256 0.315245 0.315235 0.315218 0.315186 0.315120 0.314989 0.314736 0.314263 0.313409 0.311915 0.309395 0.305292 0.298857 0.289141 0.275044 0.255411 0.229213 0.195768 0.154996 0.107608 0.055173 0.000000 
50.000000 42.267180 34.831228 27.954853 21.838994 16.606536 12.299260 8.886785 6.283948 4.371914 3.018619 2.095349 1.487898 1.102283 0.865972 0.726099 0.646089 0.601836 0.578154 0.565886 0.559731 0.556738 0.555326 0.554681 0.554394 0.554270 0.554217 0.554193 0.554180 0.554166 0.554140 0.554087 0.553979 0.553764 0.553347 0.552564 0.551142 0.548645 0.544411 0.537480 0.526545 0.509935 0.485677 0.451674 0.406005 0.347346 0.275437 0.191472 0.098256 0.000000 
50.000000 42.328216 34.950951 28.128840 22.061231 16.870042 12.596725 9.211143 6.628807 4.731825 3.389178 2.473165 1.870487 1.487898 1.253440 1.114663 1.035280 0.991372 0.967876 0.955704 0.949596 0.946626 0.945226 0.944585 0.944300 0.944177 0.944124 0.944100 0.944084 0.944063 0.944023 0.943941 0.943772 0.943432 0.942771 0.941525 0.939253 0.935243 0.928404 0.917141 0.899252 0.871887 0.831626 0.774760 0.697795 0.598203 0.475283 0.330932 0.170004 0.000000 
50.000000 42.424349 35.139521 28.402879 22.411273 17.285093 13.065274 9.722060 7.172027 5.298763 3.972894 3.068322 2.473165 2.095349 1.863813 1.726764 1.648369 1.605007 1.581802 1.569781 1.563749 1.560816 1.559433 1.558800 1.558519 1.558397 1.558344 1.558318 1.558298 1.558269 1.558210 1.558087 1.557832 1.557319 1.556316 1.554418 1.550938 1.544761 1.534161 1.516585 1.488462 1.445094 1.380742 1.289027 1.163757 1.000192 0.796613 0.555814 0.285927 0.000000 
50.000000 42.570442 35.426091 28.819342 22.943246 17.915872 13.777367 10.498558 7.997631 6.160427 4.860069 3.972894 3.389178 3.018619 2.791529 2.657110 2.580217 2.537686 2.514926 2.503135 2.497219 2.494341 2.492985 2.492364 2.492088 2.491967 2.491915 2.491887 2.491863 2.491823 2.491739 2.491563 2.491196 2.490455 2.489002 2.486237 2.481139 2.472037 2.456309 2.430035 2.387642 2.321669 2.222799 2.080395 1.883741 1.624125 1.297589 0.907785 0.467848 0.000000 
50.000000 42.784551 35.846082 29.429707 23.722910 18.840358 14.821047 11.636647 9.207713 7.423378 6.160427 5.298763 4.731825 4.371914 4.151345 4.020784 3.946097 3.904785 3.882677 3.871224 3.865477 3.862682 3.861364 3.860761 3.860492 3.860375 3.860323 3.860293 3.860263 3.860210 3.860097 3.859856 3.859354 3.858335 3.856327 3.852488 3.845368 3.832573 3.810302 3.772786 3.711689 3.615617 3.469984 3.257598 2.960397 2.562668 2.055733 1.443311 0.745696 0.000000 
50.000000 43.087025 36.439409 30.291985 24.824372 20.146433 16.295532 13.244535 10.917333 9.207713 7.997631 7.172027 6.628807 6.283948 6.072599 5.947494 5.875928 5.836341 5.815155 5.804180 5.798672 5.795994 5.794731 5.794153 5.793895 5.793782 5.793731 5.793700 5.793664 5.793596 5.793450 5.793139 5.792486 5.791155 5.788521 5.783458 5.774013 5.756921 5.726934 5.675963 5.592096 5.458666 5.253720 4.950421 4.519168 3.932217 3.171277 2.237366 1.159991 0.000000 
50.000000 43.498736 37.247018 31.465685 26.323656 21.924251 18.302613 15.433230 13.244535 11.636647 10.498558 9.722060 9.211143 8.886785 8.687998 8.570326 8.503010 8.465773 8.445845 8.435521 8.430340 8.427821 8.426632 8.426088 8.425846 8.425739 8.425689 8.425657 8.425615 8.425533 8.425356 8.424975 8.424172 8.422530 8.419265 8.412954 8.401108 8.379517 8.341319 8.275759 8.166663 7.990815 7.716615 7.303794 6.705380 5.873577 4.771214 3.389166 1.766140 0.000000 
50.000000 44.038463 38.305746 33.004347 28.289158 24.254922 20.933869 18.302613 16.295532 14.821047 13.777367 13.065274 12.596725 12.299260 12.116951 12.009031 11.947292 11.913141 11.894863 11.885393 11.880641 11.878330 11.877240 11.876741 11.876518 11.876420 11.876373 11.876340 11.876294 11.876201 11.875998 11.875559 11.874633 11.872729 11.868927 11.861539 11.847585 11.821965 11.776247 11.696973 11.563449 11.345111 10.998819 10.466935 9.677835 8.551715 7.015799 5.033062 2.643417 0.000000 
50.000000 44.719659 39.641984 34.946328 30.769882 27.196563 24.254922 21.924251 20.146433 18.840358 17.915872 17.285093 16.870042 16.606536 16.445037 16.349434 16.294741 16.264485 16.248293 16.239903 16.235693 16.233645 16.232680 16.232237 16.232040 16.231952 16.231909 16.231877 16.231829 16.231730 16.231514 16.231043 16.230047 16.227994 16.223873 16.215825 16.200531 16.172247 16.121336 16.032131 15.879962 15.627265 15.218871 14.577087 13.598281 12.154870 10.110523 7.361375 3.915937 0.000000 
50.000000 45.547116 41.265132 37.305293 33.783287 30.769882 28.289158 26.323656 24.824372 23.722910 22.943246 22.411273 22.061231 21.838994 21.702785 21.622152 21.576022 21.550504 21.536846 21.529769 21.526218 21.524491 21.523676 21.523303 21.523136 21.523062 21.523025 21.522995 21.522949 21.522853 21.522640 21.522177 21.521193 21.519159 21.515060 21.507018 21.491648 21.463028 21.411081 21.319121 21.160242 20.892155 20.450079 19.737443 18.615012 16.891643 14.327030 10.672891 5.805217 0.000000 
50.000000 46.514220 43.162219 40.062389 37.305293 34.946328 33.004347 31.465685 30.291985 29.429707 28.819342 28.402879 28.128840 27.954853 27.848216 27.785088 27.748972 27.728992 27.718299 27.712758 27.709978 27.708625 27.707987 27.707695 27.707565 27.707506 27.707476 27.707451 27.707412 27.707327 27.707140 27.706731 27.705861 27.704056 27.700408 27.693220 27.679416 27.653557 27.606266 27.521754 27.373974 27.120708 26.694471 25.988548 24.835805 22.978263 20.031194 15.471878 8.771686 0.000000 
50.000000 47.601539 45.295125 43.162219 41.265132 39.641984 38.305746 37.247018 36.439409 35.846082 35.426091 35.139521 34.950951 34.831228 34.757849 34.714408 34.689555 34.675806 34.668447 34.664634 34.662721 34.661790 34.661351 34.661150 34.661060 34.661019 34.660999 34.660981 34.660951 34.660888 34.660748 34.660442 34.659789 34.658431 34.655679 34.650241 34.639756 34.620020 34.583707 34.518306 34.402771 34.202044 33.857853 33.272685 32.280609 30.592242 27.690340 22.647562 13.929863 0.000000 
50.000000 48.777308 47.601539 46.514220 45.547116 44.719659 44.038463 43.498736 43.087025 42.784551 42.570442 42.424349 42.328216 42.267180 42.229771 42.207624 42.194954 42.187944 42.184193 42.182249 42.181273 42.180799 42.180575 42.180472 42.180426 42.180406 42.180395 42.180385 42.180370 42.180336 42.180261 42.180097 42.179746 42.179016 42.177533 42.174598 42.168925 42.158212 42.138422 42.102594 42.038855 41.927034 41.732597 41.395046 40.803722 39.741899 37.742534 33.671676 24.388654 0.000000 
50.000000 50.000000 50.000000 50.000000 50.000000 50.000000 50.000000 50.000000 50.000000 50.000000 50.000000 50.000000 50.000000 50.000000 50.000000 50.000000 50.000000 50.000000 50.000000 50.000000 50.000000 50.000000 50.000000 50.000000 50.000000 50.000000 50.000000 50.000000 50.000000 50.000000 50.000000 50.000000 50.000000 50.000000 50.000000 50.000000 50.000000 50.000000 50.000000 50.000000 50.000000 50.000000 50.000000 50.000000 50.000000 50.000000 50.000000 50.000000 50.000000 50.000000 
