50.000000 50.000000 50.000000 50.000000 50.000000 50.000000 50.000000 50.000000 50.000000 50.000000 50.000000 50.000000 50.000000 50.000000 50.000000 50.000000 50.000000 50.000000 50.000000 50.000000 50.000000 50.000000 50.000000 50.000000 50.000000 50.000000 50.000000 50.000000 50.000000 50.000000 50.000000 50.000000 50.000000 50.000000 50.000000 50.000000 50.000000 50.000000 50.000000 50.000000 50.000000 50.000000 50.000000 50.000000 50.000000 50.000000 50.000000 50.000000 50.000000 50.000000 
50.000000 47.902570 45.943105 44.232395 42.835789 41.768653 41.004624 40.491382 40.167411 39.974943 39.867145 39.810129 39.781599 39.768071 39.761982 39.759376 39.758314 39.757901 39.757747 39.757693 39.757674 39.757668 39.757666 39.757666 39.757665 39.757665 39.757665 39.757665 39.757665 39.757665 39.757664 39.757661 39.757651 39.757623 39.757542 39.757319 39.756729 39.755228 39.751552 39.742887 39.723195 39.679945 39.587792 39.396140 39.003452 38.199291 36.517865 32.819706 23.951285 0.000000 
50.000000 45.943105 42.153074 38.844211 36.142914 34.078897 32.601163 31.608500 30.981919 30.609681 30.401203 30.290937 30.235765 30.209604 30.197829 30.192790 30.190736 30.189937 30.189641 30.189535 30.189499 30.189488 30.189484 30.189483 30.189482 30.189482 30.189482 30.189482 30.189482 30.189482 30.189480 30.189474 30.189457 30.189407 30.189264 30.188870 30.187832 30.185197 30.178773 30.163714 30.129743 30.055892 29.900818 29.585232 28.959969 27.747182 25.431886 21.076537 13.123399 0.000000 
50.000000 44.232395 38.844211 34.140134 30.299864 27.365629 25.264909 23.853795 22.963108 22.433989 22.137659 21.980933 21.902517 21.865337 21.848603 21.841441 21.838522 21.837388 21.836966 21.836816 21.836766 21.836749 21.836744 21.836742 21.836742 21.836741 21.836741 21.836741 21.836741 21.836741 21.836738 21.836732 21.836711 21.836649 21.836474 21.835993 21.834730 21.831542 21.823816 21.805850 21.765740 21.679744 21.502533 21.151208 20.480495 19.247408 17.070067 13.412325 7.714529 0.000000 
50.000000 42.835789 36.142914 30.299864 25.529851 21.885311 19.276131 17.523527 16.417335 15.760220 15.392223 15.197603 15.100232 15.054067 15.033290 15.024399 15.020776 15.019367 15.018844 15.018658 15.018595 15.018574 15.018568 15.018566 15.018565 15.018565 15.018565 15.018565 15.018565 15.018564 15.018562 15.018555 15.018534 15.018472 15.018295 15.017813 15.016552 15.013387 15.005775 14.988238 14.949547 14.867847 14.702801 14.384047 13.796345 12.764925 11.052456 8.395732 4.636498 0.000000 
50.000000 41.768653 34.078897 27.365629 21.885311 17.698162 14.700612 12.687207 11.416456 10.661622 10.238920 10.015380 9.903547 9.850529 9.826669 9.816459 9.812298 9.810681 9.810080 9.809867 9.809794 9.809771 9.809763 9.809761 9.809760 9.809760 9.809760 9.809760 9.809760 9.809759 9.809757 9.809751 9.809733 9.809678 9.809523 9.809102 9.808008 9.805279 9.798767 9.783912 9.751533 9.684191 9.550722 9.299095 8.849081 8.088966 6.885134 5.118929 2.765201 0.000000 
50.000000 41.004624 32.601163 25.264909 19.276131 14.700612 11.425125 9.225110 7.836636 7.011909 6.550091 6.305876 6.183707 6.125792 6.099729 6.088578 6.084034 6.082268 6.081612 6.081379 6.081300 6.081274 6.081266 6.081263 6.081262 6.081262 6.081262 6.081262 6.081262 6.081261 6.081260 6.081255 6.081240 6.081197 6.081076 6.080748 6.079899 6.077797 6.072823 6.061582 6.037368 5.987722 5.891027 5.712562 5.401516 4.892084 4.113701 3.015931 1.608484 0.000000 
50.000000 40.491382 31.608500 23.853795 17.523527 12.687207 9.225110 6.899829 5.432347 4.560725 4.072667 3.814589 3.685491 3.624294 3.596756 3.584974 3.580174 3.578308 3.577615 3.577369 3.577285 3.577258 3.577249 3.577247 3.577246 3.577246 3.577245 3.577245 3.577245 3.577245 3.577244 3.577240 3.577230 3.577199 3.577113 3.576881 3.576283 3.574813 3.571361 3.563632 3.547163 3.513833 3.449914 3.334084 3.136484 2.820726 2.351261 1.707682 0.903590 0.000000 
50.000000 40.167411 30.981919 22.963108 16.417335 11.416456 7.836636 5.432347 3.915047 3.013864 2.509271 2.242459 2.108997 2.045734 2.017268 2.005090 2.000128 1.998199 1.997483 1.997229 1.997142 1.997114 1.997105 1.997102 1.997102 1.997101 1.997101 1.997101 1.997101 1.997101 1.997100 1.997098 1.997091 1.997071 1.997015 1.996864 1.996478 1.995534 1.993333 1.988447 1.978141 1.957523 1.918513 1.848914 1.732264 1.549488 1.283364 0.926026 0.487465 0.000000 
50.000000 39.974943 30.609681 22.433989 15.760220 10.661622 7.011909 4.560725 3.013864 2.095145 1.580747 1.308758 1.172711 1.108224 1.079209 1.066795 1.061738 1.059772 1.059042 1.058783 1.058695 1.058666 1.058657 1.058655 1.058654 1.058654 1.058653 1.058653 1.058653 1.058653 1.058653 1.058651 1.058647 1.058635 1.058601 1.058510 1.058280 1.057719 1.056419 1.053557 1.047573 1.035723 1.013563 0.974542 0.910089 0.810674 0.668249 0.479938 0.251748 0.000000 
50.000000 39.867145 30.401203 22.137659 15.392223 10.238920 6.550091 4.072667 2.509271 1.580747 1.060868 0.785987 0.648495 0.583325 0.554004 0.541459 0.536349 0.534362 0.533625 0.533363 0.533274 0.533245 0.533236 0.533233 0.533232 0.533232 0.533232 0.533232 0.533232 0.533232 0.533231 0.533231 0.533228 0.533221 0.533202 0.533152 0.533023 0.532713 0.531998 0.530434 0.527190 0.520823 0.509036 0.488509 0.455009 0.403986 0.331809 0.237490 0.124258 0.000000 
50.000000 39.810129 30.290937 21.980933 15.197603 10.015380 6.305876 3.814589 2.242459 1.308758 0.785987 0.509579 0.371327 0.305797 0.276314 0.263700 0.258562 0.256565 0.255823 0.255560 0.255470 0.255441 0.255432 0.255429 0.255428 0.255428 0.255428 0.255428 0.255428 0.255428 0.255428 0.255427 0.255426 0.255422 0.255412 0.255386 0.255319 0.255158 0.254790 0.253989 0.252339 0.249126 0.243228 0.233054 0.216613 0.191828 0.157116 0.112164 0.058577 0.000000 
50.000000 39.781599 30.235765 21.902517 15.100232 9.903547 6.183707 3.685491 2.108997 1.172711 0.648495 0.371327 0.232694 0.166985 0.137421 0.124774 0.119621 0.117618 0.116875 0.116611 0.116521 0.116492 0.116483 0.116480 0.116479 0.116479 0.116479 0.116479 0.116479 0.116479 0.116479 0.116478 0.116478 0.116476 0.116471 0.116458 0.116425 0.116347 0.116168 0.115782 0.114992 0.113463 0.110678 0.105910 0.098269 0.086845 0.070975 0.050568 0.026371 0.000000 
50.000000 39.768071 30.209604 21.865337 15.054067 9.850529 6.125792 3.624294 2.045734 1.108224 0.583325 0.305797 0.166985 0.101191 0.071589 0.058926 0.053766 0.051761 0.051017 0.050753 0.050663 0.050633 0.050624 0.050621 0.050621 0.050620 0.050620 0.050620 0.050620 0.050620 0.050620 0.050620 0.050620 0.050619 0.050617 0.050611 0.050596 0.050560 0.050478 0.050302 0.049944 0.049256 0.048011 0.045892 0.042521 0.037516 0.030607 0.021772 0.011342 0.000000 
50.000000 39.761982 30.197829 21.848603 15.033290 9.826669 6.099729 3.596756 2.017268 1.079209 0.554004 0.276314 0.137421 0.071589 0.041970 0.029299 0.024137 0.022131 0.021386 0.021122 0.021032 0.021002 0.020993 0.020990 0.020990 0.020989 0.020989 0.020989 0.020989 0.020989 0.020989 0.020989 0.020989 0.020989 0.020988 0.020985 0.020979 0.020963 0.020928 0.020852 0.020698 0.020405 0.019876 0.018982 0.017567 0.015478 0.012610 0.008959 0.004663 0.000000 
50.000000 39.759376 30.192790 21.841441 15.024399 9.816459 6.088578 3.584974 2.005090 1.066795 0.541459 0.263700 0.124774 0.058926 0.029299 0.016626 0.011462 0.009455 0.008710 0.008446 0.008356 0.008327 0.008317 0.008315 0.008314 0.008314 0.008313 0.008313 0.008313 0.008313 0.008313 0.008313 0.008313 0.008313 0.008313 0.008312 0.008309 0.008303 0.008288 0.008257 0.008194 0.008075 0.007862 0.007502 0.006936 0.006105 0.004968 0.003526 0.001834 0.000000 
50.000000 39.758314 30.190736 21.838522 15.020776 9.812298 6.084034 3.580174 2.000128 1.061738 0.536349 0.258562 0.119621 0.053766 0.024137 0.011462 0.006298 0.004291 0.003546 0.003282 0.003192 0.003162 0.003153 0.003150 0.003149 0.003149 0.003149 0.003149 0.003149 0.003149 0.003149 0.003149 0.003149 0.003149 0.003149 0.003148 0.003147 0.003145 0.003139 0.003127 0.003103 0.003057 0.002974 0.002837 0.002620 0.002304 0.001873 0.001328 0.000691 0.000000 
50.000000 39.757901 30.189937 21.837388 15.019367 9.810681 6.082268 3.578308 1.998199 1.059772 0.534362 0.256565 0.117618 0.051761 0.022131 0.009455 0.004291 0.002284 0.001539 0.001275 0.001185 0.001155 0.001146 0.001143 0.001142 0.001142 0.001142 0.001142 0.001142 0.001142 0.001142 0.001142 0.001142 0.001142 0.001142 0.001142 0.001142 0.001141 0.001138 0.001134 0.001125 0.001108 0.001078 0.001027 0.000948 0.000833 0.000677 0.000480 0.000249 0.000000 
50.000000 39.757747 30.189641 21.836966 15.018844 9.810080 6.081612 3.577615 1.997483 1.059042 0.533625 0.255823 0.116875 0.051017 0.021386 0.008710 0.003546 0.001539 0.000794 0.000530 0.000440 0.000410 0.000401 0.000398 0.000397 0.000397 0.000397 0.000397 0.000397 0.000397 0.000397 0.000397 0.000397 0.000397 0.000397 0.000397 0.000397 0.000397 0.000396 0.000394 0.000391 0.000385 0.000374 0.000357 0.000329 0.000289 0.000235 0.000166 0.000086 0.000000 
50.000000 39.757693 30.189535 21.836816 15.018658 9.809867 6.081379 3.577369 1.997229 1.058783 0.533363 0.255560 0.116611 0.050753 0.021122 0.008446 0.003282 0.001275 0.000530 0.000265 0.000175 0.000146 0.000136 0.000134 0.000133 0.000133 0.000133 0.000133 0.000133 0.000133 0.000133 0.000133 0.000133 0.000133 0.000132 0.000132 0.000132 0.000132 0.000132 0.000132 0.000130 0.000128 0.000125 0.000119 0.000110 0.000096 0.000078 0.000055 0.000029 0.000000 
50.000000 39.757674 30.189499 21.836766 15.018595 9.809794 6.081300 3.577285 1.997142 1.058695 0.533274 0.255470 0.116521 0.050663 0.021032 0.008356 0.003192 0.001185 0.000440 0.000175 0.000085 0.000056 0.000046 0.000044 0.000043 0.000043 0.000043 0.000042 0.000042 0.000042 0.000042 0.000042 0.000042 0.000042 0.000042 0.000042 0.000042 0.000042 0.000042 0.000042 0.000042 0.000041 0.000040 0.000038 0.000035 0.000031 0.000025 0.000018 0.000009 0.000000 
50.000000 39.757668 30.189488 21.836749 15.018574 9.809771 6.081274 3.577258 1.997114 1.058666 0.533245 0.255441 0.116492 0.050633 0.021002 0.008327 0.003162 0.001155 0.000410 0.000146 0.000056 0.000026 0.000017 0.000014 0.000013 0.000013 0.000013 0.000013 0.000013 0.000013 0.000013 0.000013 0.000013 0.000013 0.000013 0.000013 0.000013 0.000013 0.000013 0.000013 0.000013 0.000013 0.000012 0.000012 0.000011 0.000009 0.000008 0.000005 0.000003 0.000000 
50.000000 39.757666 30.189484 21.836744 15.018568 9.809763 6.081266 3.577249 1.997105 1.058657 0.533236 0.255432 0.116483 0.050624 0.020993 0.008317 0.003153 0.001146 0.000401 0.000136 0.000046 0.000017 0.000008 0.000005 0.000004 0.000004 0.000004 0.000004 0.000004 0.000004 0.000004 0.000004 0.000004 0.000004 0.000004 0.000004 0.000004 0.000004 0.000004 0.000004 0.000004 0.000004 0.000004 0.000003 0.000003 0.000003 0.000002 0.000002 0.000001 0.000000 
50.000000 39.757666 30.189483 21.836742 15.018566 9.809761 6.081263 3.577247 1.997102 1.058655 0.533233 0.255429 0.116480 0.050621 0.020990 0.008315 0.003150 0.001143 0.000398 0.000134 0.000044 0.000014 0.000005 0.000002 0.000001 0.000001 0.000001 0.000001 0.000001 0.000001 0.000001 0.000001 0.000001 0.000001 0.000001 0.000001 0.000001 0.000001 0.000001 0.000001 0.000001 0.000001 0.000001 0.000001 0.000001 0.000001 0.000001 0.000000 0.000000 0.000000 
50.000000 39.757665 30.189482 21.836742 15.018565 9.809761 6.081262 3.577246 1.997102 1.058654 0.533232 0.255428 0.116479 0.050621 0.020990 0.008314 0.003149 0.001143 0.000397 0.000133 0.000043 0.000013 0.000004 0.000002 0.000001 0.000000 0.000000 0.000000 0.000000 0.000000 0.000000 0.000000 0.000000 0.000000 0.000000 0.000000 0.000000 0.000000 0.000000 0.000000 0.000000 0.000000 0.000000 0.000000 0.000000 0.000000 0.000000 0.000000 0.000000 0.000000 
50.000000 39.757665 30.189482 21.836742 15.018565 9.809761 6.081262 3.577246 1.997102 1.058654 0.533232 0.255428 0.116479 0.050621 0.020990 0.008314 0.003149 0.001143 0.000397 0.000133 0.000043 0.000013 0.000004 0.000002 0.000001 0.000000 0.000000 0.000000 0.000000 0.000000 0.000000 0.000000 0.000000 0.000000 0.000000 0.000000 0.000000 0.000000 0.000000 0.000000 0.000000 0.000000 0.000000 0.000000 0.000000 0.000000 0.000000 0.000000 0.000000 0.000000 
50.000000 39.757666 30.189483 21.836742 15.018566 9.809761 6.081263 3.577247 1.997102 1.058655 0.533233 0.255429 0.116480 0.050621 0.020990 0.008315 0.003150 0.001143 0.000398 0.000134 0.000044 0.000014 0.000005 0.000002 0.000001 0.000001 0.000001 0.000001 0.000001 0.000001 0.000001 0.000001 0.000001 0.000001 0.000001 0.000001 0.000001 0.000001 0.000001 0.000001 0.000001 0.000001 0.000001 0.000001 0.000001 0.000001 0.000001 0.000000 0.000000 0.000000 
50.000000 39.757666 30.189484 21.836744 15.018568 9.809763 6.081266 3.577249 1.997105 1.058657 0.533236 0.255432 0.116483 0.050624 0.020993 0.008317 0.003153 0.001146 0.000401 0.000136 0.000046 0.000017 0.000008 0.000005 0.000004 0.000004 0.000004 0.000004 0.000004 0.000004 0.000004 0.000004 0.000004 0.000004 0.000004 0.000004 0.000004 0.000004 0.000004 0.000004 0.000004 0.000004 0.000004 0.000003 0.000003 0.000003 0.000002 0.000002 0.000001 0.000000 
50.000000 39.757668 30.189488 21.836749 15.018574 9.809771 6.081274 3.577258 1.997114 1.058666 0.533245 0.255441 0.116492 0.050633 0.021002 0.008327 0.003162 0.001155 0.000410 0.000146 0.000056 0.000026 0.000017 0.000014 0.000013 0.000013 0.000013 0.000013 0.000013 0.000013 0.000013 0.000013 0.000013 0.000013 0.000013 0.000013 0.000013 0.000013 0.000013 0.000013 0.000013 0.000013 0.000012 0.000012 0.000011 0.000009 0.000008 0.000005 0.000003 0.000000 
50.000000 39.757674 30.189499 21.836766 15.018595 9.809794 6.081300 3.577285 1.997142 1.058695 0.533274 0.255470 0.116521 0.050663 0.021032 0.008356 0.003192 0.001185 0.000440 0.000175 0.000085 0.000056 0.000046 0.000044 0.000043 0.000043 0.000043 0.000042 0.000042 0.000042 0.000042 0.000042 0.000042 0.000042 0.000042 0.000042 0.000042 0.000042 0.000042 0.000042 0.000042 0.000041 0.000040 0.000038 0.000035 0.000031 0.000025 0.000018 0.000009 0.000000 
50.000000 39.757693 30.189535 21.836816 15.018658 9.809867 6.081379 3.577369 1.997229 1.058783 0.533363 0.255560 0.116611 0.050753 0.021122 0.008446 0.003282 0.001275 0.000530 0.000265 0.000175 0.000146 0.000136 0.000134 0.000133 0.000133 0.000133 0.000133 0.000133 0.000133 0.000133 0.000133 0.000133 0.000133 0.000132 0.000132 0.000132 0.000132 0.000132 0.000132 0.000130 0.000128 0.000125 0.000119 0.000110 0.000096 0.000078 0.000055 0.000029 0.000000 
50.000000 39.757747 30.189641 21.836966 15.018844 9.810080 6.081612 3.577615 1.997483 1.059042 0.533625 0.255823 0.116875 0.051017 0.021386 0.008710 0.003546 0.001539 0.000794 0.000530 0.000440 0.000410 0.000401 0.000398 0.000397 0.000397 0.000397 0.000397 0.000397 0.000397 0.000397 0.000397 0.000397 0.000397 0.000397 0.000397 0.000397 0.000397 0.000396 0.000394 0.000391 0.000385 0.000374 0.000357 0.000329 0.000289 0.000235 0.000166 0.000086 0.000000 
50.000000 39.757901 30.189937 21.837388 15.019367 9.810681 6.082268 3.578308 1.998199 1.059772 0.534362 0.256565 0.117618 0.051761 0.022131 0.009455 0.004291 0.002284 0.001539 0.001275 0.001185 0.001155 0.001146 0.001143 0.001142 0.001142 0.001142 0.001142 0.001142 0.001142 0.001142 0.001142 0.001142 0.001142 0.001142 0.001142 0.001142 0.001141 0.001138 0.001134 0.001125 0.001108 0.001078 0.001027 0.000948 0.000833 0.000677 0.000480 0.000249 0.000000 
50.000000 39.758314 30.190736 21.838522 15.020776 9.812298 6.084034 3.580174 2.000128 1.061738 0.536349 0.258562 0.119621 0.053766 0.024137 0.011462 0.006298 0.004291 0.003546 0.003282 0.003192 0.003162 0.003153 0.003150 0.003149 0.003149 0.003149 0.003149 0.003149 0.003149 0.003149 0.003149 0.003149 0.003149 0.003149 0.003148 0.003147 0.003145 0.003139 0.003127 0.003103 0.003057 0.002974 0.002837 0.002620 0.002304 0.001873 0.001328 0.000691 0.000000 
50.000000 39.759376 30.192790 21.841441 15.024399 9.816459 6.088578 3.584974 2.005090 1.066795 0.541459 0.263700 0.124774 0.058926 0.029299 0.016626 0.011462 0.009455 0.008710 0.008446 0.008356 0.008327 0.008317 0.008315 0.008314 0.008314 0.008313 0.008313 0.008313 0.008313 0.008313 0.008313 0.008313 0.008313 0.008313 0.008312 0.008309 0.008303 0.008288 0.008257 0.008194 0.008075 0.007862 0.007502 0.006936 0.006105 0.004968 0.003526 0.001834 0.000000 
50.000000 39.761982 30.197829 21.848603 15.033290 9.826669 6.099729 3.596756 2.017268 1.079209 0.554004 0.276314 0.137421 0.071589 0.041970 0.029299 0.024137 0.022131 0.021386 0.021122 0.021032 0.021002 0.020993 0.020990 0.020990 0.020989 0.020989 0.020989 0.020989 0.020989 0.020989 0.020989 0.020989 0.020989 0.020988 0.020985 0.020979 0.020963 0.020928 0.020852 0.020698 0.020405 0.019876 0.018982 0.017567 0.015478 0.012610 0.008959 0.004663 0.000000 
50.000000 39.768071 30.209604 21.865337 15.054067 9.850529 6.125792 3.624294 2.045734 1.108224 0.583325 0.305797 0.166985 0.101191 0.071589 0.058926 0.053766 0.051761 0.051017 0.050753 0.050663 0.050633 0.050624 0.050621 0.050621 0.050620 0.050620 0.050620 0.050620 0.050620 0.050620 0.050620 0.050620 0.050619 0.050617 0.050611 0.050596 0.050560 0.050478 0.050302 0.049944 0.049256 0.048011 0.045892 0.042521 0.037516 0.030607 0.021772 0.011342 0.000000 
50.000000 39.781599 30.235765 21.902517 15.100232 9.903547 6.183707 3.685491 2.108997 1.172711 0.648495 0.371327 0.232694 0.166985 0.137421 0.124774 0.119621 0.117618 0.116875 0.116611 0.116521 0.116492 0.116483 0.116480 0.116479 0.116479 0.116479 0.116479 0.116479 0.116479 0.116479 0.116478 0.116478 0.116476 0.116471 0.116458 0.116425 0.116347 0.116168 0.115782 0.114992 0.113463 0.110678 0.105910 0.098269 0.086845 0.070975 0.050568 0.026371 0.000000 
50.000000 39.810129 30.290937 21.980933 15.197603 10.015380 6.305876 3.814589 2.242459 1.308758 0.785987 0.509579 0.371327 0.305797 0.276314 0.263700 0.258562 0.256565 0.255823 0.255560 0.255470 0.255441 0.255432 0.255429 0.255428 0.255428 0.255428 0.255428 0.255428 0.255428 0.255428 0.255427 0.255426 0.255422 0.255412 0.255386 0.255319 0.255158 0.254790 0.253989 0.252339 0.249126 0.243228 0.233054 0.216613 0.191828 0.157116 0.112164 0.058577 0.000000 
50.000000 39.867145 30.401203 22.137659 15.392223 10.238920 6.550091 4.072667 2.509271 1.580747 1.060868 0.785987 0.648495 0.583325 0.554004 0.541459 0.536349 0.534362 0.533625 0.533363 0.533274 0.533245 0.533236 0.533233 0.533232 0.533232 0.533232 0.533232 0.533232 0.533232 0.533231 0.533231 0.533228 0.533221 0.533202 0.533152 0.533023 0.532713 0.531998 0.530434 0.527190 0.520823 0.509036 0.488509 0.455009 0.403986 0.331809 0.237490 0.124258 0.000000 
50.000000 39.974943 30.609681 22.433989 15.760220 10.661622 7.011909 4.560725 3.013864 2.095145 1.580747 1.308758 1.172711 1.108224 1.079209 1.066795 1.061738 1.059772 1.059042 1.058783 1.058695 1.058666 1.058657 1.058655 1.058654 1.058654 1.058653 1.058653 1.058653 1.058653 1.058653 1.058651 1.058647 1.058635 1.058601 1.058510 1.058280 1.057719 1.056419 1.053557 1.047573 1.035723 1.013563 0.974542 0.910089 0.810674 0.668249 0.479938 0.251748 0.000000 
50.000000 40.167411 30.981919 22.963108 16.417335 11.416456 7.836636 5.432347 3.915047 3.013864 2.509271 2.242459 2.108997 2.045734 2.017268 2.005090 2.000128 1.998199 1.997483 1.997229 1.997142 1.997114 1.997105 1.997102 1.997102 1.997101 1.997101 1.997101 1.997101 1.997101 1.997100 1.997098 1.997091 1.997071 1.997015 1.996864 1.996478 1.995534 1.993333 1.988447 1.978141 1.957523 1.918513 1.848914 1.732264 1.549488 1.283364 0.926026 0.487465 0.000000 
50.000000 40.491382 31.608500 23.853795 17.523527 12.687207 9.225110 6.899829 5.432347 4.560725 4.072667 3.814589 3.685491 3.624294 3.596756 3.584974 3.580174 3.578308 3.577615 3.577369 3.577285 3.577258 3.577249 3.577247 3.577246 3.577246 3.577245 3.577245 3.577245 3.577245 3.577244 3.577240 3.577230 3.577199 3.577113 3.576881 3.576283 3.574813 3.571361 3.563632 3.547163 3.513833 3.449914 3.334084 3.136484 2.820726 2.351261 1.707682 0.903590 0.000000 
50.000000 41.004624 32.601163 25.264909 19.276131 14.700612 11.425125 9.225110 7.836636 7.011909 6.550091 6.305876 6.183707 6.125792 6.099729 6.088578 6.084034 6.082268 6.081612 6.081379 6.081300 6.081274 6.081266 6.081263 6.081262 6.081262 6.081262 6.081262 6.081262 6.081261 6.081260 6.081255 6.081240 6.081197 6.081076 6.080748 6.079899 6.077797 6.072823 6.061582 6.037368 5.987722 5.891027 5.712562 5.401516 4.892084 4.113701 3.015931 1.608484 0.000000 
50.000000 41.768653 34.078897 27.365629 21.885311 17.698162 14.700612 12.687207 11.416456 10.661622 10.238920 10.015380 9.903547 9.850529 9.826669 9.816459 9.812298 9.810681 9.810080 9.809867 9.809794 9.809771 9.809763 9.809761 9.809760 9.809760 9.809760 9.809760 9.809760 9.809759 9.809757 9.809751 9.809733 9.809678 9.809523 9.809102 9.808008 9.805279 9.798767 9.783912 9.751533 9.684191 9.550722 9.299095 8.849081 8.088966 6.885134 5.118929 2.765201 0.000000 
50.000000 42.835789 36.142914 30.299864 25.529851 21.885311 19.276131 17.523527 16.417335 15.760220 15.392223 15.197603 15.100232 15.054067 15.033290 15.024399 15.020776 15.019367 15.018844 15.018658 15.018595 15.018574 15.018568 15.018566 15.018565 15.018565 15.018565 15.018565 15.018565 15.018564 15.018562 15.018555 15.018534 15.018472 15.018295 15.017813 15.016552 15.013387 15.005775 14.988238 14.949547 14.867847 14.702801 14.384047 13.796345 12.764925 11.052456 8.395732 4.636498 0.000000 
50.000000 44.232395 38.844211 34.140134 30.299864 27.365629 25.264909 23.853795 22.963108 22.433989 22.137659 21.980933 21.902517 21.865337 21.848603 21.841441 21.838522 21.837388 21.836966 21.836816 21.836766 21.836749 21.836744 21.836742 21.836742 21.836741 21.836741 21.836741 21.836741 21.836741 21.836738 21.836732 21.836711 21.836649 21.836474 21.835993 21.834730 21.831542 21.823816 21.805850 21.765740 21.679744 21.502533 21.151208 20.480495 19.247408 17.070067 13.412325 7.714529 0.000000 
50.000000 45.943105 42.153074 38.844211 36.142914 34.078897 32.601163 31.608500 30.981919 30.609681 30.401203 30.290937 30.235765 30.209604 30.197829 30.192790 30.190736 30.189937 30.189641 30.189535 30.189499 30.189488 30.189484 30.189483 30.189482 30.189482 30.189482 30.189482 30.189482 30.189482 30.189480 30.189474 30.189457 30.189407 30.189264 30.188870 30.187832 30.185197 30.178773 30.163714 30.129743 30.055892 29.900818 29.585232 28.959969 27.747182 25.431886 21.076537 13.123399 0.000000 
50.000000 47.902570 45.943105 44.232395 42.835789 41.768653 41.004624 40.491382 40.167411 39.974943 39.867145 39.810129 39.781599 39.768071 39.761982 39.759376 39.758314 39.757901 39.757747 39.757693 39.757674 39.757668 39.757666 39.757666 39.757665 39.757665 39.757665 39.757665 39.757665 39.757665 39.757664 39.757661 39.757651 39.757623 39.757542 39.757319 39.756729 39.755228 39.751552 39.742887 39.723195 39.679945 39.587792 39.396140 39.003452 38.199291 36.517865 32.819706 23.951285 0.000000 
50.000000 50.000000 50.000000 50.000000 50.000000 50.000000 50.000000 50.000000 50.000000 50.000000 50.000000 50.000000 50.000000 50.000000 50.000000 50.000000 50.000000 50.000000 50.000000 50.000000 50.000000 50.000000 50.000000 50.000000 50.000000 50.000000 50.000000 50.000000 50.000000 50.000000 50.000000 50.000000 50.000000 50.000000 50.000000 50.000000 50.000000 50.000000 50.000000 50.000000 50.000000 50.000000 50.000000 50.000000 50.000000 50.000000 50.000000 50.000000 50.000000 50.000000 
