50.000000 50.000000 50.000000 50.000000 50.000000 50.000000 50.000000 50.000000 50.000000 50.000000 50.000000 50.000000 50.000000 50.000000 50.000000 50.000000 50.000000 50.000000 50.000000 50.000000 50.000000 50.000000 50.000000 50.000000 50.000000 50.000000 50.000000 50.000000 50.000000 50.000000 50.000000 50.000000 50.000000 50.000000 50.000000 50.000000 50.000000 50.000000 50.000000 50.000000 50.000000 50.000000 50.000000 50.000000 50.000000 50.000000 50.000000 50.000000 50.000000 50.000000 
50.000000 48.881287 47.801859 46.796867 45.893915 45.110925 44.455515 43.925817 43.512380 43.200648 42.973514 42.813537 42.704575 42.632779 42.586994 42.558725 42.541818 42.532019 42.526512 42.523510 42.521922 42.521107 42.520700 42.520502 42.520408 42.520363 42.520338 42.520318 42.520286 42.520223 42.520091 42.519818 42.519263 42.518161 42.516024 42.511970 42.504448 42.490782 42.466431 42.423793 42.350236 42.224751 42.011960 41.650629 41.029594 39.931983 37.891074 33.773745 24.440643 0.000000 
50.000000 47.801859 45.680910 43.706220 41.932031 40.393554 39.105757 38.064973 37.252627 36.640119 36.193838 35.879508 35.665417 35.524351 35.434393 35.378850 35.345631 35.326377 35.315558 35.309660 35.306541 35.304938 35.304139 35.303750 35.303566 35.303477 35.303430 35.303390 35.303330 35.303212 35.302965 35.302453 35.301414 35.299354 35.295363 35.287811 35.273834 35.248517 35.203583 35.125313 34.991225 34.764674 34.385799 33.755691 32.707465 30.951467 27.971054 22.840455 14.028114 0.000000 
50.000000 46.796867 43.706220 40.828707 38.243368 36.001514 34.124956 32.608346 31.424619 30.532095 29.881794 29.423771 29.111811 28.906260 28.775182 28.694250 28.645847 28.617794 28.602029 28.593436 28.588891 28.586556 28.585391 28.584825 28.584556 28.584428 28.584360 28.584304 28.584223 28.584063 28.583730 28.583040 28.581643 28.578880 28.573541 28.563468 28.544897 28.511420 28.452362 28.350285 28.177181 27.888668 27.415088 26.647826 25.418442 23.468585 20.414354 15.735166 8.905793 0.000000 
50.000000 45.893915 41.932031 38.243368 34.929250 32.055453 29.649934 27.705836 26.188460 25.044376 24.210791 23.623683 23.223807 22.960331 22.792316 22.688580 22.626539 22.590582 22.570376 22.559362 22.553536 22.550544 22.549051 22.548326 22.547982 22.547819 22.547733 22.547665 22.547570 22.547385 22.547002 22.546210 22.544611 22.541456 22.535382 22.523968 22.503028 22.465507 22.399810 22.287324 22.098852 21.789576 21.292177 20.507861 19.295869 17.464625 14.774782 10.980564 5.961932 0.000000 
50.000000 45.110925 40.393554 36.001514 32.055453 28.633689 25.769510 23.454745 21.648076 20.285881 19.293389 18.594367 18.118273 17.804580 17.604546 17.481043 17.407181 17.364372 17.340317 17.327205 17.320270 17.316708 17.314931 17.314068 17.313659 17.313465 17.313365 17.313291 17.313190 17.312997 17.312600 17.311783 17.310137 17.306901 17.300696 17.289089 17.267917 17.230240 17.164817 17.053949 16.870549 16.574384 16.107604 15.390170 14.316844 12.759584 10.583072 7.686088 4.081332 0.000000 
50.000000 44.455515 39.105757 34.124956 29.649934 25.769510 22.521430 19.896424 17.847629 16.302890 15.177410 14.384732 13.844857 13.489145 13.262319 13.122276 13.038524 12.989984 12.962709 12.947843 12.939979 12.935941 12.933926 12.932948 12.932484 12.932266 12.932156 12.932078 12.931979 12.931794 12.931414 12.930637 12.929076 12.926019 12.920181 12.909320 12.889627 12.854837 12.794951 12.694530 12.530518 12.269744 11.866452 11.260715 10.379340 9.142073 7.477131 5.350067 2.804886 0.000000 
50.000000 43.925817 38.064973 32.608346 27.705836 23.454745 19.896424 17.020712 14.776263 13.084021 11.851086 10.982737 10.391333 10.001674 9.753206 9.599804 9.508063 9.454895 9.425019 9.408736 9.400123 9.395700 9.393493 9.392422 9.391915 9.391678 9.391560 9.391482 9.391389 9.391222 9.390884 9.390192 9.388809 9.386111 9.380984 9.371496 9.354400 9.324420 9.273262 9.188356 9.051370 8.836700 8.510356 8.029972 7.347142 6.413659 5.193258 3.679174 1.913857 0.000000 
50.000000 43.512380 37.252627 31.424619 26.188460 21.648076 17.847629 14.776263 12.379128 10.571784 9.255002 8.327611 7.696002 7.279861 7.014509 6.850686 6.752715 6.695937 6.664033 6.646645 6.637448 6.632725 6.630368 6.629225 6.628684 6.628432 6.628310 6.628234 6.628151 6.628009 6.627723 6.627144 6.625989 6.623747 6.619504 6.611696 6.597714 6.573374 6.532190 6.464503 6.356537 6.189564 5.939562 5.577886 5.073692 4.398883 3.535951 2.487952 1.287629 0.000000 
50.000000 43.200648 36.640119 30.532095 25.044376 20.285881 16.302890 13.084021 10.571784 8.677675 7.297692 6.325800 5.663891 5.227792 4.949718 4.778043 4.675378 4.615880 4.582449 4.564229 4.554592 4.549642 4.547173 4.545976 4.545410 4.545147 4.545022 4.544949 4.544878 4.544762 4.544534 4.544073 4.543160 4.541392 4.538065 4.531973 4.521133 4.502391 4.470934 4.419705 4.338838 4.215248 4.032652 3.772372 3.415331 2.945524 2.354914 1.648894 0.850411 0.000000 
50.000000 42.973514 36.193838 29.881794 24.210791 19.293389 15.177410 11.851086 9.255002 7.297692 5.871674 4.867372 4.183397 3.732765 3.445428 3.268036 3.161954 3.100476 3.065934 3.047108 3.037151 3.032037 3.029486 3.028249 3.027665 3.027395 3.027268 3.027199 3.027139 3.027048 3.026874 3.026526 3.025837 3.024511 3.022026 3.017500 3.009493 2.995742 2.972833 2.935837 2.877987 2.790498 2.662730 2.482880 2.239440 1.923468 1.531509 1.068524 0.549721 0.000000 
50.000000 42.813537 35.879508 29.423771 23.623683 18.594367 14.384732 10.982737 8.327611 6.325800 4.867372 3.840252 3.140745 2.679883 2.386026 2.204611 2.096125 2.033255 1.997930 1.978678 1.968496 1.963267 1.960658 1.959394 1.958797 1.958521 1.958393 1.958328 1.958278 1.958209 1.958082 1.957830 1.957335 1.956384 1.954611 1.951397 1.945743 1.936093 1.920126 1.894539 1.854866 1.795421 1.709475 1.589781 1.429550 1.223874 0.971409 0.675925 0.347106 0.000000 
50.000000 42.704575 35.665417 29.111811 23.223807 18.118273 13.844857 10.391333 7.696002 5.663891 4.183397 3.140745 2.430663 1.962839 1.664546 1.480394 1.370271 1.306453 1.270597 1.251055 1.240720 1.235412 1.232765 1.231481 1.230875 1.230596 1.230469 1.230406 1.230364 1.230314 1.230224 1.230049 1.229708 1.229055 1.227842 1.225655 1.221828 1.215332 1.204652 1.187655 1.161500 1.122628 1.066913 0.990020 0.888033 0.758300 0.600391 0.416900 0.213793 0.000000 
50.000000 42.632779 35.524351 28.906260 22.960331 17.804580 13.489145 10.001674 7.279861 5.227792 3.732765 2.679883 1.962839 1.490431 1.189217 1.003262 0.892063 0.827622 0.791415 0.771683 0.761247 0.755888 0.753215 0.751919 0.751307 0.751026 0.750899 0.750838 0.750802 0.750766 0.750705 0.750588 0.750362 0.749931 0.749135 0.747706 0.745215 0.741012 0.734140 0.723272 0.706659 0.682146 0.647274 0.599517 0.536663 0.457303 0.361363 0.250517 0.128331 0.000000 
50.000000 42.586994 35.434393 28.775182 22.792316 17.604546 13.262319 9.753206 7.014509 4.949718 3.445428 2.386026 1.664546 1.189217 0.886141 0.699039 0.587154 0.522316 0.485887 0.466033 0.455533 0.450141 0.447451 0.446147 0.445532 0.445250 0.445123 0.445064 0.445033 0.445006 0.444965 0.444890 0.444746 0.444473 0.443970 0.443071 0.441511 0.438891 0.434629 0.427928 0.417745 0.402814 0.381710 0.352999 0.315457 0.268348 0.211714 0.146582 0.075025 0.000000 
50.000000 42.558725 35.378850 28.694250 22.688580 17.481043 13.122276 9.599804 6.850686 4.778043 3.268036 2.204612 1.480394 1.003262 0.699039 0.511229 0.398921 0.333838 0.297272 0.277343 0.266803 0.261391 0.258691 0.257383 0.256766 0.256483 0.256355 0.256298 0.256270 0.256249 0.256223 0.256176 0.256088 0.255921 0.255615 0.255069 0.254127 0.252551 0.250001 0.246010 0.239978 0.231182 0.218819 0.202095 0.180347 0.153198 0.120710 0.083487 0.042702 0.000000 
50.000000 42.541818 35.345631 28.645848 22.626539 17.407181 13.038524 9.508063 6.752715 4.675378 3.161954 2.096125 1.370271 0.892063 0.587154 0.398921 0.286361 0.221132 0.184483 0.164510 0.153946 0.148522 0.145816 0.144505 0.143886 0.143603 0.143476 0.143419 0.143393 0.143377 0.143360 0.143331 0.143279 0.143180 0.143001 0.142681 0.142132 0.141216 0.139741 0.137443 0.133986 0.128969 0.121952 0.112506 0.100279 0.085083 0.066968 0.046277 0.023657 0.000000 
50.000000 42.532019 35.326377 28.617794 22.590582 17.364372 12.989985 9.454895 6.695937 4.615880 3.100477 2.033255 1.306454 0.827622 0.522316 0.333839 0.221132 0.155818 0.119122 0.099123 0.088546 0.083115 0.080406 0.079092 0.078473 0.078189 0.078062 0.078007 0.077982 0.077968 0.077957 0.077940 0.077910 0.077853 0.077751 0.077571 0.077261 0.076746 0.075921 0.074640 0.072721 0.069948 0.066086 0.060909 0.054235 0.045971 0.036151 0.024964 0.012755 0.000000 
50.000000 42.526512 35.315558 28.602029 22.570376 17.340318 12.962710 9.425020 6.664034 4.582450 3.065935 1.997931 1.270598 0.791416 0.485888 0.297273 0.184484 0.119123 0.082400 0.062386 0.051802 0.046367 0.043656 0.042341 0.041722 0.041438 0.041311 0.041255 0.041231 0.041219 0.041211 0.041201 0.041184 0.041153 0.041097 0.040998 0.040829 0.040549 0.040102 0.039410 0.038378 0.036891 0.034829 0.032074 0.028535 0.024167 0.018990 0.013105 0.006694 0.000000 
50.000000 42.523510 35.309661 28.593437 22.559363 17.327207 12.947845 9.408738 6.646647 4.564231 3.047110 1.978681 1.251058 0.771686 0.466035 0.277346 0.164512 0.099125 0.062388 0.042367 0.031778 0.026341 0.023628 0.022314 0.021694 0.021410 0.021283 0.021228 0.021204 0.021193 0.021187 0.021181 0.021172 0.021155 0.021125 0.021073 0.020983 0.020836 0.020601 0.020238 0.019699 0.018926 0.017856 0.016432 0.014609 0.012363 0.009709 0.006697 0.003419 0.000000 
50.000000 42.521923 35.306542 28.588893 22.553540 17.320274 12.939984 9.400128 6.637453 4.554597 3.037157 1.968502 1.240726 0.761253 0.455539 0.266810 0.153953 0.088552 0.051807 0.031782 0.021191 0.015752 0.013040 0.011725 0.011105 0.010821 0.010694 0.010639 0.010615 0.010605 0.010600 0.010596 0.010591 0.010582 0.010567 0.010540 0.010494 0.010418 0.010299 0.010114 0.009841 0.009450 0.008911 0.008195 0.007281 0.006158 0.004833 0.003332 0.001701 0.000000 
50.000000 42.521109 35.304943 28.586563 22.550553 17.316719 12.935953 9.395713 6.632739 4.549657 3.032052 1.963282 1.235428 0.755903 0.450157 0.261407 0.148538 0.083130 0.046382 0.026354 0.015762 0.010323 0.007610 0.006295 0.005675 0.005391 0.005264 0.005209 0.005185 0.005175 0.005171 0.005168 0.005165 0.005161 0.005153 0.005140 0.005117 0.005079 0.005020 0.004929 0.004794 0.004601 0.004337 0.003986 0.003540 0.002992 0.002347 0.001618 0.000826 0.000000 
50.000000 42.520706 35.304151 28.585408 22.549073 17.314957 12.933956 9.393525 6.630403 4.547210 3.029524 1.960696 1.232803 0.753253 0.447490 0.258731 0.145855 0.080445 0.043694 0.023665 0.013073 0.007633 0.004920 0.003605 0.002985 0.002701 0.002574 0.002519 0.002495 0.002486 0.002482 0.002479 0.002478 0.002475 0.002472 0.002465 0.002454 0.002435 0.002406 0.002362 0.002297 0.002204 0.002076 0.001907 0.001693 0.001430 0.001122 0.000773 0.000394 0.000000 
50.000000 42.520517 35.303779 28.584867 22.548380 17.314132 12.933020 9.392500 6.629308 4.546063 3.028339 1.959485 1.231573 0.752012 0.446241 0.257477 0.144599 0.079186 0.042435 0.022406 0.011813 0.006373 0.003660 0.002345 0.001725 0.001441 0.001314 0.001259 0.001235 0.001226 0.001222 0.001220 0.001219 0.001217 0.001215 0.001212 0.001207 0.001197 0.001183 0.001161 0.001128 0.001082 0.001019 0.000936 0.000830 0.000701 0.000550 0.000379 0.000193 0.000000 
50.000000 42.520443 35.303634 28.584656 22.548108 17.313809 12.932654 9.392099 6.628880 4.545614 3.027875 1.959011 1.231092 0.751526 0.445752 0.256986 0.144107 0.078694 0.041942 0.021913 0.011320 0.005880 0.003167 0.001852 0.001232 0.000948 0.000821 0.000766 0.000742 0.000733 0.000729 0.000727 0.000726 0.000725 0.000724 0.000722 0.000719 0.000713 0.000704 0.000691 0.000671 0.000644 0.000606 0.000556 0.000493 0.000416 0.000326 0.000225 0.000115 0.000000 
50.000000 42.520443 35.303634 28.584656 22.548108 17.313809 12.932654 9.392099 6.628880 4.545614 3.027875 1.959011 1.231092 0.751526 0.445752 0.256986 0.144107 0.078694 0.041942 0.021913 0.011320 0.005880 0.003167 0.001852 0.001232 0.000948 0.000821 0.000766 0.000742 0.000733 0.000729 0.000727 0.000726 0.000725 0.000724 0.000722 0.000719 0.000713 0.000704 0.000691 0.000671 0.000644 0.000606 0.000556 0.000493 0.000416 0.000326 0.000225 0.000115 0.000000 
50.000000 42.520517 35.303779 28.584867 22.548380 17.314132 12.933020 9.392500 6.629308 4.546063 3.028339 1.959485 1.231573 0.752012 0.446241 0.257477 0.144599 0.079186 0.042435 0.022406 0.011813 0.006373 0.003660 0.002345 0.001725 0.001441 0.001314 0.001259 0.001235 0.001226 0.001222 0.001220 0.001219 0.001217 0.001215 0.001212 0.001207 0.001197 0.001183 0.001161 0.001128 0.001082 0.001019 0.000936 0.000830 0.000701 0.000550 0.000379 0.000193 0.000000 
50.000000 42.520706 35.304151 28.585408 22.549073 17.314957 12.933956 9.393525 6.630403 4.547210 3.029524 1.960696 1.232803 0.753253 0.447490 0.258731 0.145855 0.080445 0.043694 0.023665 0.013073 0.007633 0.004920 0.003605 0.002985 0.002701 0.002574 0.002519 0.002495 0.002486 0.002482 0.002479 0.002478 0.002475 0.002472 0.002465 0.002454 0.002435 0.002406 0.002362 0.002297 0.002204 0.002076 0.001907 0.001693 0.001430 0.001122 0.000773 0.000394 0.000000 
50.000000 42.521109 35.304943 28.586563 22.550553 17.316719 12.935953 9.395713 6.632739 4.549657 3.032052 1.963282 1.235428 0.755903 0.450157 0.261407 0.148538 0.083130 0.046382 0.026354 0.015762 0.010323 0.007610 0.006295 0.005675 0.005391 0.005264 0.005209 0.005185 0.005175 0.005171 0.005168 0.005165 0.005161 0.005153 0.005140 0.005117 0.005079 0.005020 0.004929 0.004794 0.004601 0.004337 0.003986 0.003540 0.002992 0.002347 0.001618 0.000826 0.000000 
50.000000 42.521923 35.306542 28.588893 22.553540 17.320274 12.939984 9.400128 6.637453 4.554597 3.037157 1.968502 1.240726 0.761253 0.455539 0.266810 0.153953 0.088552 0.051807 0.031782 0.021191 0.015752 0.013040 0.011725 0.011105 0.010821 0.010694 0.010639 0.010615 0.010605 0.010600 0.010596 0.010591 0.010582 0.010567 0.010540 0.010494 0.010418 0.010299 0.010114 0.009841 0.009450 0.008911 0.008195 0.007281 0.006158 0.004833 0.003332 0.001701 0.000000 
50.000000 42.523510 35.309661 28.593437 22.559363 17.327207 12.947845 9.408738 6.646647 4.564231 3.047110 1.978681 1.251058 0.771686 0.466035 0.277346 0.164512 0.099125 0.062388 0.042367 0.031778 0.026341 0.023628 0.022314 0.021694 0.021410 0.021283 0.021228 0.021204 0.021193 0.021187 0.021181 0.021172 0.021155 0.021125 0.021073 0.020983 0.020836 0.020601 0.020238 0.019699 0.018926 0.017856 0.016432 0.014609 0.012363 0.009709 0.006697 0.003419 0.000000 
50.000000 42.526512 35.315558 28.602029 22.570376 17.340318 12.962710 9.425020 6.664034 4.582450 3.065935 1.997931 1.270598 0.791416 0.485888 0.297273 0.184484 0.119123 0.082400 0.062386 0.051802 0.046367 0.043656 0.042341 0.041722 0.041438 0.041311 0.041255 0.041231 0.041219 0.041211 0.041201 0.041184 0.041153 0.041097 0.040998 0.040829 0.040549 0.040102 0.039410 0.038378 0.036891 0.034829 0.032074 0.028535 0.024167 0.018990 0.013105 0.006694 0.000000 
50.000000 42.532019 35.326377 28.617794 22.590582 17.364372 12.989985 9.454895 6.695937 4.615880 3.100477 2.033255 1.306454 0.827622 0.522316 0.333839 0.221132 0.155818 0.119122 0.099123 0.088546 0.083115 0.080406 0.079092 0.078473 0.078189 0.078062 0.078007 0.077982 0.077968 0.077957 0.077940 0.077910 0.077853 0.077751 0.077571 0.077261 0.076746 0.075921 0.074640 0.072721 0.069948 0.066086 0.060909 0.054235 0.045971 0.036151 0.024964 0.012755 0.000000 
50.000000 42.541818 35.345631 28.645848 22.626539 17.407181 13.038524 9.508063 6.752715 4.675378 3.161954 2.096125 1.370271 0.892063 0.587154 0.398921 0.286361 0.221132 0.184483 0.164510 0.153946 0.148522 0.145816 0.144505 0.143886 0.143603 0.143476 0.143419 0.143393 0.143377 0.143360 0.143331 0.143279 0.143180 0.143001 0.142681 0.142132 0.141216 0.139741 0.137443 0.133986 0.128969 0.121952 0.112506 0.100279 0.085083 0.066968 0.046277 0.023657 0.000000 
50.000000 42.558725 35.378850 28.694250 22.688580 17.481043 13.122276 9.599804 6.850686 4.778043 3.268036 2.204612 1.480394 1.003262 0.699039 0.511229 0.398921 0.333838 0.297272 0.277343 0.266803 0.261391 0.258691 0.257383 0.256766 0.256483 0.256355 0.256298 0.256270 0.256249 0.256223 0.256176 0.256088 0.255921 0.255615 0.255069 0.254127 0.252551 0.250001 0.246010 0.239978 0.231182 0.218819 0.202095 0.180347 0.153198 0.120710 0.083487 0.042702 0.000000 
50.000000 42.586994 35.434393 28.775182 22.792316 17.604546 13.262319 9.753206 7.014509 4.949718 3.445428 2.386026 1.664546 1.189217 0.886141 0.699039 0.587154 0.522316 0.485887 0.466033 0.455533 0.450141 0.447451 0.446147 0.445532 0.445250 0.445123 0.445064 0.445033 0.445006 0.444965 0.444890 0.444746 0.444473 0.443970 0.443071 0.441511 0.438891 0.434629 0.427928 0.417745 0.402814 0.381710 0.352999 0.315457 0.268348 0.211714 0.146582 0.075025 0.000000 
50.000000 42.632779 35.524351 28.906260 22.960331 17.804580 13.489145 10.001674 7.279861 5.227792 3.732765 2.679883 1.962839 1.490431 1.189217 1.003262 0.892063 0.827622 0.791415 0.771683 0.761247 0.755888 0.753215 0.751919 0.751307 0.751026 0.750899 0.750838 0.750802 0.750766 0.750705 0.750588 0.750362 0.749931 0.749135 0.747706 0.745215 0.741012 0.734140 0.723272 0.706659 0.682146 0.647274 0.599517 0.536663 0.457303 0.361363 0.250517 0.128331 0.000000 
50.000000 42.704575 35.665417 29.111811 23.223807 18.118273 13.844857 10.391333 7.696002 5.663891 4.183397 3.140745 2.430663 1.962839 1.664546 1.480394 1.370271 1.306453 1.270597 1.251055 1.240720 1.235412 1.232765 1.231481 1.230875 1.230596 1.230469 1.230406 1.230364 1.230314 1.230224 1.230049 1.229708 1.229055 1.227842 1.225655 1.221828 1.215332 1.204652 1.187655 1.161500 1.122628 1.066913 0.990020 0.888033 0.758300 0.600391 0.416900 0.213793 0.000000 
50.000000 42.813537 35.879508 29.423771 23.623683 18.594367 14.384732 10.982737 8.327611 6.325800 4.867372 3.840252 3.140745 2.679883 2.386026 2.204611 2.096125 2.033255 1.997930 1.978678 1.968496 1.963267 1.960658 1.959394 1.958797 1.958521 1.958393 1.958328 1.958278 1.958209 1.958082 1.957830 1.957335 1.956384 1.954611 1.951397 1.945743 1.936093 1.920126 1.894539 1.854866 1.795421 1.709475 1.589781 1.429550 1.223874 0.971409 0.675925 0.347106 0.000000 
50.000000 42.973514 36.193838 29.881794 24.210791 19.293389 15.177410 11.851086 9.255002 7.297692 5.871674 4.867372 4.183397 3.732765 3.445428 3.268036 3.161954 3.100476 3.065934 3.047108 3.037151 3.032037 3.029486 3.028249 3.027665 3.027395 3.027268 3.027199 3.027139 3.027048 3.026874 3.026526 3.025837 3.024511 3.022026 3.017500 3.009493 2.995742 2.972833 2.935837 2.877987 2.790498 2.662730 2.482880 2.239440 1.923468 1.531509 1.068524 0.549721 0.000000 
50.000000 43.200648 36.640119 30.532095 25.044376 20.285881 16.302890 13.084021 10.571784 8.677675 7.297692 6.325800 5.663891 5.227792 4.949718 4.778043 4.675378 4.615880 4.582449 4.564229 4.554592 4.549642 4.547173 4.545976 4.545410 4.545147 4.545022 4.544949 4.544878 4.544762 4.544534 4.544073 4.543160 4.541392 4.538065 4.531973 4.521133 4.502391 4.470934 4.419705 4.338838 4.215248 4.032652 3.772372 3.415331 2.945524 2.354914 1.648894 0.850411 0.000000 
50.000000 43.512380 37.252627 31.424619 26.188460 21.648076 17.847629 14.776263 12.379128 10.571784 9.255002 8.327611 7.696002 7.279861 7.014509 6.850686 6.752715 6.695937 6.664033 6.646645 6.637448 6.632725 6.630368 6.629225 6.628684 6.628432 6.628310 6.628234 6.628151 6.628009 6.627723 6.627144 6.625989 6.623747 6.619504 6.611696 6.597714 6.573374 6.532190 6.464503 6.356537 6.189564 5.939562 5.577886 5.073692 4.398883 3.535951 2.487952 1.287629 0.000000 
50.000000 43.925817 38.064973 32.608346 27.705836 23.454745 19.896424 17.020712 14.776263 13.084021 11.851086 10.982737 10.391333 10.001674 9.753206 9.599804 9.508063 9.454895 9.425019 9.408736 9.400123 9.395700 9.393493 9.392422 9.391915 9.391678 9.391560 9.391482 9.391389 9.391222 9.390884 9.390192 9.388809 9.386111 9.380984 9.371496 9.354400 9.324420 9.273262 9.188356 9.051370 8.836700 8.510356 8.029972 7.347142 6.413659 5.193258 3.679174 1.913857 0.000000 
50.000000 44.455515 39.105757 34.124956 29.649934 25.769510 22.521430 19.896424 17.847629 16.302890 15.177410 14.384732 13.844857 13.489145 13.262319 13.122276 13.038524 12.989984 12.962709 12.947843 12.939979 12.935941 12.933926 12.932948 12.932484 12.932266 12.932156 12.932078 12.931979 12.931794 12.931414 12.930637 12.929076 12.926019 12.920181 12.909320 12.889627 12.854837 12.794951 12.694530 12.530518 12.269744 11.866452 11.260715 10.379340 9.142073 7.477131 5.350067 2.804886 0.000000 
50.000000 45.110925 40.393554 36.001514 32.055453 28.633689 25.769510 23.454745 21.648076 20.285881 19.293389 18.594367 18.118273 17.804580 17.604546 17.481043 17.407181 17.364372 17.340317 17.327205 17.320270 17.316708 17.314931 17.314068 17.313659 17.313465 17.313365 17.313291 17.313190 17.312997 17.312600 17.311783 17.310137 17.306901 17.300696 17.289089 17.267917 17.230240 17.164817 17.053949 16.870549 16.574384 16.107604 15.390170 14.316844 12.759584 10.583072 7.686088 4.081332 0.000000 
50.000000 45.893915 41.932031 38.243368 34.929250 32.055453 29.649934 27.705836 26.188460 25.044376 24.210791 23.623683 23.223807 22.960331 22.792316 22.688580 22.626539 22.590582 22.570376 22.559362 22.553536 22.550544 22.549051 22.548326 22.547982 22.547819 22.547733 22.547665 22.547570 22.547385 22.547002 22.546210 22.544611 22.541456 22.535382 22.523968 22.503028 22.465507 22.399810 22.287324 22.098852 21.789576 21.292177 20.507861 19.295869 17.464625 14.774782 10.980564 5.961932 0.000000 
50.000000 46.796867 43.706220 40.828707 38.243368 36.001514 34.124956 32.608346 31.424619 30.532095 29.881794 29.423771 29.111811 28.906260 28.775182 28.694250 28.645847 28.617794 28.602029 28.593436 28.588891 28.586556 28.585391 28.584825 28.584556 28.584428 28.584360 28.584304 28.584223 28.584063 28.583730 28.583040 28.581643 28.578880 28.573541 28.563468 28.544897 28.511420 28.452362 28.350285 28.177181 27.888668 27.415088 26.647826 25.418442 23.468585 20.414354 15.735166 8.905793 0.000000 
50.000000 47.801859 45.680910 43.706220 41.932031 40.393554 39.105757 38.064973 37.252627 36.640119 36.193838 35.879508 35.665417 35.524351 35.434393 35.378850 35.345631 35.326377 35.315558 35.309660 35.306541 35.304938 35.304139 35.303750 35.303566 35.303477 35.303430 35.303390 35.303330 35.303212 35.302965 35.302453 35.301414 35.299354 35.295363 35.287811 35.273834 35.248517 35.203583 35.125313 34.991225 34.764674 34.385799 33.755691 32.707465 30.951467 27.971054 22.840455 14.028114 0.000000 
50.000000 48.881287 47.801859 46.796867 45.893915 45.110925 44.455515 43.925817 43.512380 43.200648 42.973514 42.813537 42.704575 42.632779 42.586994 42.558725 42.541818 42.532019 42.526512 42.523510 42.521922 42.521107 42.520700 42.520502 42.520408 42.520363 42.520338 42.520318 42.520286 42.520223 42.520091 42.519818 42.519263 42.518161 42.516024 42.511970 42.504448 42.490782 42.466431 42.423793 42.350236 42.224751 42.011960 41.650629 41.029594 39.931983 37.891074 33.773745 24.440643 0.000000 
50.000000 50.000000 50.000000 50.000000 50.000000 50.000000 50.000000 50.000000 50.000000 50.000000 50.000000 50.000000 50.000000 50.000000 50.000000 50.000000 50.000000 50.000000 50.000000 50.000000 50.000000 50.000000 50.000000 50.000000 50.000000 50.000000 50.000000 50.000000 50.000000 50.000000 50.000000 50.000000 50.000000 50.000000 50.000000 50.000000 50.000000 50.000000 50.000000 50.000000 50.000000 50.000000 50.000000 50.000000 50.000000 50.000000 50.000000 50.000000 50.000000 50.000000 
