50.000000 50.000000 50.000000 50.000000 50.000000 50.000000 50.000000 50.000000 50.000000 50.000000 50.000000 50.000000 50.000000 50.000000 50.000000 50.000000 50.000000 50.000000 50.000000 50.000000 50.000000 50.000000 50.000000 50.000000 50.000000 50.000000 50.000000 50.000000 50.000000 50.000000 50.000000 50.000000 50.000000 50.000000 50.000000 50.000000 50.000000 50.000000 50.000000 50.000000 50.000000 50.000000 50.000000 50.000000 50.000000 50.000000 50.000000 50.000000 50.000000 50.000000 
50.000000 48.890643 47.819917 46.822422 45.925392 45.146600 44.493725 43.965134 43.551707 43.239252 43.010997 42.849768 42.739610 42.666782 42.620172 42.591283 42.573935 42.563838 42.558139 42.555017 42.553358 42.552502 42.552072 42.551863 42.551762 42.551714 42.551688 42.551665 42.551632 42.551565 42.551427 42.551140 42.550562 42.549418 42.547208 42.543034 42.535318 42.521349 42.496537 42.453224 42.378711 42.251914 42.037387 41.673833 41.050050 39.949160 37.904471 33.782938 24.445321 0.000000 
50.000000 47.819917 45.715753 43.755501 41.992684 40.462225 39.179220 38.140455 37.328007 36.713987 36.265434 35.948598 35.732125 35.589009 35.497416 35.440647 35.406557 35.386715 35.375515 35.369382 35.366122 35.364439 35.363595 35.363183 35.362986 35.362892 35.362840 35.362797 35.362734 35.362608 35.362348 35.361812 35.360728 35.358589 35.354462 35.346682 35.332337 35.306444 35.260637 35.181089 35.045188 34.816152 34.433985 33.799665 32.746233 30.984019 27.996444 22.857876 14.036980 0.000000 
50.000000 46.822422 43.755501 40.898343 38.328961 36.098258 34.228235 32.714205 31.530046 30.635104 29.981336 29.519549 29.204043 28.995456 28.861962 28.779224 28.729541 28.700622 28.684300 28.675361 28.670610 28.668158 28.666928 28.666327 28.666041 28.665903 28.665829 28.665769 28.665682 28.665513 28.665162 28.664439 28.662981 28.660108 28.654582 28.644197 28.625122 28.590855 28.530600 28.426770 28.251180 27.959260 27.481168 26.708129 25.471605 23.513226 20.449172 15.759057 8.917951 0.000000 
50.000000 45.925392 41.992684 38.328961 35.034262 32.173858 29.775961 27.834558 26.316150 25.168603 24.330311 23.738191 23.333642 23.066189 22.895024 22.788939 22.725237 22.688159 22.667231 22.655771 22.649680 22.646536 22.644959 22.644189 22.643822 22.643646 22.643553 22.643481 22.643379 22.643183 22.642778 22.641947 22.640276 22.636994 22.630699 22.618918 22.597385 22.558935 22.491831 22.377283 22.185887 21.872605 21.369899 20.578789 19.358399 17.517131 14.815735 11.008664 5.976232 0.000000 
50.000000 45.146600 40.462225 36.098258 32.173858 28.766773 25.910606 23.598189 21.789617 20.422789 19.424320 18.719068 18.237230 17.918683 17.714823 17.588475 17.512606 17.468448 17.443524 17.429876 17.422622 17.418877 17.416999 17.416083 17.415646 17.415438 17.415330 17.415250 17.415142 17.414937 17.414518 17.413659 17.411936 17.408564 17.402125 17.390128 17.368325 17.329659 17.262740 17.149678 16.963168 16.662739 16.190310 15.465648 14.383387 12.815459 10.626653 7.715992 4.096549 0.000000 
50.000000 44.493725 39.179220 34.228235 29.775961 25.910606 22.670287 20.046873 17.995082 16.444456 15.311734 14.511663 13.965050 13.603686 13.372426 13.229099 13.143037 13.092946 13.064674 13.049193 13.040965 13.036718 13.034588 13.033548 13.033053 13.032819 13.032700 13.032616 13.032509 13.032312 13.031910 13.031092 13.029455 13.026264 13.020196 13.008950 12.988635 12.952870 12.891510 12.788925 12.621847 12.356869 11.948008 11.335144 10.444957 9.197172 7.520106 5.379555 2.819892 0.000000 
50.000000 43.965134 38.140455 32.714205 27.834558 23.598189 20.046873 17.171691 14.923009 13.223601 11.982208 11.105390 10.506351 10.110333 9.856900 9.699834 9.605523 9.550632 9.519651 9.502688 9.493671 9.489018 9.486684 9.485546 9.485004 9.484749 9.484621 9.484537 9.484437 9.484259 9.483900 9.483170 9.481717 9.478896 9.473555 9.463711 9.446039 9.415158 9.362635 9.275728 9.135903 8.917343 8.585845 8.098865 7.407879 6.464660 5.233038 3.706470 1.927748 0.000000 
50.000000 43.551707 37.328007 31.530046 26.316150 21.789617 17.995082 14.923009 12.520360 10.704609 9.378244 8.441420 7.801392 7.378284 7.107518 6.939712 6.838953 6.780311 6.747214 6.729092 6.719460 6.714489 6.711996 6.710780 6.710202 6.709930 6.709798 6.709716 6.709627 6.709474 6.709171 6.708558 6.707342 6.704991 6.700562 6.692442 6.677957 6.652828 6.610448 6.541010 6.430559 6.260180 6.005666 5.638213 5.126879 4.443545 3.570786 2.511855 1.299793 0.000000 
50.000000 43.239252 36.713987 30.635104 25.168603 20.422789 16.444456 13.223601 10.704609 8.800953 7.410388 6.428229 5.757238 5.313665 5.029807 4.853890 4.748263 4.686788 4.652093 4.633095 4.622999 4.617788 4.615175 4.613901 4.613295 4.613012 4.612877 4.612798 4.612721 4.612597 4.612353 4.611865 4.610900 4.609043 4.605560 4.599209 4.587949 4.568552 4.536099 4.483412 4.400476 4.274051 4.087698 3.822609 3.459622 2.982716 2.383923 1.668800 0.860541 0.000000 
50.000000 43.010997 36.265434 29.981336 24.330311 19.424320 15.311734 11.982208 9.378244 7.410388 5.972939 4.957676 4.264076 3.805563 3.512147 3.330309 3.221128 3.157586 3.121725 3.102089 3.091654 3.086268 3.083567 3.082251 3.081626 3.081334 3.081197 3.081122 3.081057 3.080960 3.080773 3.080403 3.079674 3.078276 3.075668 3.070936 3.062596 3.048324 3.024624 2.986469 2.926976 2.837234 2.706480 2.522808 2.274643 1.953028 1.554566 1.084346 0.557773 0.000000 
50.000000 42.849768 35.948598 29.519549 23.738191 18.719068 14.511663 11.105390 8.441420 6.428229 4.957676 3.919041 3.209480 2.740420 2.440258 2.254241 2.142553 2.077552 2.040868 2.020782 2.010107 2.004598 2.001836 2.000489 1.999850 1.999554 1.999415 1.999344 1.999290 1.999216 1.999079 1.998810 1.998284 1.997279 1.995412 1.992042 1.986135 1.976088 1.959521 1.933052 1.892130 1.830972 1.742755 1.620153 1.456328 1.246360 0.988949 0.687961 0.353231 0.000000 
50.000000 42.739610 35.732125 29.204043 23.333642 18.237230 13.965050 10.506351 7.801392 5.757238 4.264076 3.209480 2.489020 2.012758 1.707991 1.519122 1.405722 1.339726 1.302480 1.282087 1.271249 1.265656 1.262852 1.261485 1.260836 1.260536 1.260398 1.260330 1.260284 1.260229 1.260133 1.259945 1.259581 1.258889 1.257608 1.255307 1.251295 1.244510 1.233392 1.215753 1.188686 1.148565 1.091193 1.012180 0.907570 0.774707 0.613188 0.425682 0.218262 0.000000 
50.000000 42.666782 35.589009 28.995456 23.066189 17.918683 13.603686 10.110333 7.378284 5.313665 3.805563 2.740420 2.012758 1.531740 1.223930 1.033177 0.918647 0.851993 0.814377 0.793781 0.782836 0.777187 0.774355 0.772975 0.772320 0.772017 0.771879 0.771814 0.771774 0.771734 0.771668 0.771543 0.771301 0.770843 0.769999 0.768489 0.765870 0.761464 0.754285 0.742967 0.725716 0.700327 0.664294 0.615051 0.550359 0.468804 0.370334 0.256673 0.131463 0.000000 
50.000000 42.620172 35.497416 28.861962 22.895024 17.714823 13.372426 9.856900 7.107518 5.029807 3.512147 2.440258 1.707991 1.223930 0.914176 0.722218 0.606965 0.539892 0.502039 0.481313 0.470299 0.464615 0.461765 0.460376 0.459718 0.459413 0.459275 0.459212 0.459177 0.459148 0.459104 0.459023 0.458868 0.458576 0.458041 0.457088 0.455441 0.452684 0.448216 0.441211 0.430598 0.415076 0.393190 0.363477 0.324695 0.276106 0.217765 0.150734 0.077138 0.000000 
50.000000 42.591283 35.440647 28.779224 22.788939 17.588475 13.229099 9.699834 6.939712 4.853890 3.330309 2.254241 1.519122 1.033177 0.722218 0.529515 0.413815 0.346481 0.308481 0.287676 0.276619 0.270913 0.268052 0.266658 0.265997 0.265692 0.265554 0.265492 0.265461 0.265438 0.265410 0.265359 0.265264 0.265085 0.264758 0.264177 0.263178 0.261514 0.258829 0.254641 0.248330 0.239150 0.226279 0.208904 0.186350 0.158240 0.124642 0.086185 0.044075 0.000000 
50.000000 42.573936 35.406557 28.729541 22.725237 17.512606 13.143037 9.605523 6.838953 4.748263 3.221128 2.142553 1.405722 0.918647 0.606965 0.413815 0.297846 0.230357 0.192269 0.171416 0.160334 0.154615 0.151747 0.150350 0.149687 0.149382 0.149244 0.149183 0.149154 0.149136 0.149117 0.149086 0.149029 0.148923 0.148730 0.148389 0.147804 0.146833 0.145274 0.142852 0.139220 0.133963 0.126627 0.116773 0.104042 0.088243 0.069433 0.047969 0.024517 0.000000 
50.000000 42.563838 35.386715 28.700623 22.688159 17.468448 13.092946 9.550632 6.780311 4.686788 3.157587 2.077552 1.339726 0.851994 0.539892 0.346481 0.230357 0.162777 0.124638 0.103757 0.092660 0.086933 0.084062 0.082663 0.082000 0.081694 0.081556 0.081495 0.081468 0.081453 0.081440 0.081422 0.081389 0.081328 0.081218 0.081024 0.080693 0.080145 0.079269 0.077913 0.075888 0.072970 0.068915 0.063491 0.056512 0.047883 0.037642 0.025987 0.013276 0.000000 
50.000000 42.558139 35.375516 28.684300 22.667232 17.443525 13.064675 9.519652 6.747215 4.652094 3.121726 2.040869 1.302481 0.814378 0.502040 0.308482 0.192270 0.124639 0.086472 0.065575 0.054469 0.048738 0.045865 0.044465 0.043801 0.043495 0.043357 0.043297 0.043270 0.043257 0.043248 0.043237 0.043219 0.043185 0.043124 0.043018 0.042836 0.042537 0.042060 0.041324 0.040230 0.038658 0.036483 0.033584 0.029866 0.025285 0.019862 0.013704 0.006998 0.000000 
50.000000 42.555018 35.369383 28.675363 22.655773 17.429878 13.049195 9.502690 6.729094 4.633098 3.102092 2.020785 1.282090 0.793784 0.481316 0.287679 0.171418 0.103759 0.065576 0.044671 0.033561 0.027827 0.024953 0.023552 0.022888 0.022582 0.022445 0.022384 0.022358 0.022346 0.022339 0.022333 0.022322 0.022304 0.022272 0.022215 0.022119 0.021960 0.021708 0.021321 0.020747 0.019926 0.018792 0.017287 0.015362 0.012996 0.010202 0.007036 0.003592 0.000000 
50.000000 42.553359 35.366124 28.670614 22.649684 17.422626 13.040970 9.493677 6.719466 4.623005 3.091660 2.010114 1.271256 0.782843 0.470306 0.276626 0.160340 0.092667 0.054475 0.033565 0.022453 0.016718 0.013843 0.012442 0.011778 0.011472 0.011334 0.011274 0.011248 0.011237 0.011231 0.011227 0.011221 0.011212 0.011195 0.011166 0.011116 0.011034 0.010905 0.010708 0.010415 0.009998 0.009424 0.008663 0.007694 0.006505 0.005104 0.003518 0.001796 0.000000 
50.000000 42.552505 35.364445 28.668166 22.646546 17.418889 13.036731 9.489032 6.714504 4.617804 3.086285 2.004615 1.265674 0.777205 0.464633 0.270931 0.154632 0.086950 0.048755 0.027842 0.016729 0.010993 0.008118 0.006717 0.006053 0.005746 0.005609 0.005549 0.005523 0.005512 0.005507 0.005504 0.005501 0.005496 0.005488 0.005473 0.005448 0.005407 0.005343 0.005244 0.005099 0.004893 0.004610 0.004235 0.003759 0.003177 0.002491 0.001717 0.000876 0.000000 
50.000000 42.552079 35.363608 28.666947 22.644983 17.417029 13.034621 9.486720 6.712034 4.615215 3.083608 2.001878 1.262894 0.774398 0.461808 0.268095 0.151790 0.084105 0.045907 0.024993 0.013879 0.008144 0.005268 0.003866 0.003202 0.002896 0.002759 0.002699 0.002673 0.002662 0.002658 0.002655 0.002653 0.002651 0.002647 0.002639 0.002627 0.002607 0.002575 0.002527 0.002457 0.002356 0.002219 0.002038 0.001808 0.001527 0.001197 0.000824 0.000421 0.000000 
50.000000 42.551879 35.363215 28.666373 22.644248 17.416153 13.033627 9.485631 6.710871 4.613996 3.082349 2.000589 1.261586 0.773077 0.460479 0.266761 0.150453 0.082766 0.044567 0.023652 0.012538 0.006802 0.003927 0.002525 0.001861 0.001555 0.001417 0.001357 0.001332 0.001321 0.001317 0.001315 0.001313 0.001312 0.001310 0.001306 0.001300 0.001290 0.001274 0.001250 0.001214 0.001164 0.001096 0.001006 0.000892 0.000753 0.000590 0.000406 0.000207 0.000000 
50.000000 42.551800 35.363060 28.666148 22.643959 17.415809 13.033237 9.485204 6.710414 4.613517 3.081854 2.000083 1.261072 0.772558 0.459957 0.266237 0.149927 0.082240 0.044040 0.023126 0.012011 0.006276 0.003400 0.001998 0.001334 0.001028 0.000891 0.000831 0.000805 0.000794 0.000790 0.000788 0.000787 0.000786 0.000785 0.000782 0.000779 0.000773 0.000763 0.000748 0.000727 0.000697 0.000656 0.000602 0.000533 0.000450 0.000352 0.000243 0.000124 0.000000 
50.000000 42.551800 35.363060 28.666148 22.643959 17.415809 13.033237 9.485204 6.710414 4.613517 3.081854 2.000083 1.261072 0.772558 0.459957 0.266237 0.149927 0.082240 0.044040 0.023126 0.012011 0.006276 0.003400 0.001998 0.001334 0.001028 0.000891 0.000831 0.000805 0.000794 0.000790 0.000788 0.000787 0.000786 0.000785 0.000782 0.000779 0.000773 0.000763 0.000748 0.000727 0.000697 0.000656 0.000602 0.000533 0.000450 0.000352 0.000243 0.000124 0.000000 
50.000000 42.551879 35.363215 28.666373 22.644248 17.416153 13.033627 9.485631 6.710871 4.613996 3.082349 2.000589 1.261586 0.773077 0.460479 0.266761 0.150453 0.082766 0.044567 0.023652 0.012538 0.006802 0.003927 0.002525 0.001861 0.001555 0.001417 0.001357 0.001332 0.001321 0.001317 0.001315 0.001313 0.001312 0.001310 0.001306 0.001300 0.001290 0.001274 0.001250 0.001214 0.001164 0.001096 0.001006 0.000892 0.000753 0.000590 0.000406 0.000207 0.000000 
50.000000 42.552079 35.363608 28.666947 22.644983 17.417029 13.034621 9.486720 6.712034 4.615215 3.083608 2.001878 1.262894 0.774398 0.461808 0.268095 0.151790 0.084105 0.045907 0.024993 0.013879 0.008144 0.005268 0.003866 0.003202 0.002896 0.002759 0.002699 0.002673 0.002662 0.002658 0.002655 0.002653 0.002651 0.002647 0.002639 0.002627 0.002607 0.002575 0.002527 0.002457 0.002356 0.002219 0.002038 0.001808 0.001527 0.001197 0.000824 0.000421 0.000000 
50.000000 42.552505 35.364445 28.668166 22.646546 17.418889 13.036731 9.489032 6.714504 4.617804 3.086285 2.004615 1.265674 0.777205 0.464633 0.270931 0.154632 0.086950 0.048755 0.027842 0.016729 0.010993 0.008118 0.006717 0.006053 0.005746 0.005609 0.005549 0.005523 0.005512 0.005507 0.005504 0.005501 0.005496 0.005488 0.005473 0.005448 0.005407 0.005343 0.005244 0.005099 0.004893 0.004610 0.004235 0.003759 0.003177 0.002491 0.001717 0.000876 0.000000 
50.000000 42.553359 35.366124 28.670614 22.649684 17.422626 13.040970 9.493677 6.719466 4.623005 3.091660 2.010114 1.271256 0.782843 0.470306 0.276626 0.160340 0.092667 0.054475 0.033565 0.022453 0.016718 0.013843 0.012442 0.011778 0.011472 0.011334 0.011274 0.011248 0.011237 0.011231 0.011227 0.011221 0.011212 0.011195 0.011166 0.011116 0.011034 0.010905 0.010708 0.010415 0.009998 0.009424 0.008663 0.007694 0.006505 0.005104 0.003518 0.001796 0.000000 
50.000000 42.555018 35.369383 28.675363 22.655773 17.429878 13.049195 9.502690 6.729094 4.633098 3.102092 2.020785 1.282090 0.793784 0.481316 0.287679 0.171418 0.103759 0.065576 0.044671 0.033561 0.027827 0.024953 0.023552 0.022888 0.022582 0.022445 0.022384 0.022358 0.022346 0.022339 0.022333 0.022322 0.022304 0.022272 0.022215 0.022119 0.021960 0.021708 0.021321 0.020747 0.019926 0.018792 0.017287 0.015362 0.012996 0.010202 0.007036 0.003592 0.000000 
50.000000 42.558139 35.375516 28.684300 22.667232 17.443525 13.064675 9.519652 6.747215 4.652094 3.121726 2.040869 1.302481 0.814378 0.502040 0.308482 0.192270 0.124639 0.086472 0.065575 0.054469 0.048738 0.045865 0.044465 0.043801 0.043495 0.043357 0.043297 0.043270 0.043257 0.043248 0.043237 0.043219 0.043185 0.043124 0.043018 0.042836 0.042537 0.042060 0.041324 0.040230 0.038658 0.036483 0.033584 0.029866 0.025285 0.019862 0.013704 0.006998 0.000000 
50.000000 42.563838 35.386715 28.700623 22.688159 17.468448 13.092946 9.550632 6.780311 4.686788 3.157587 2.077552 1.339726 0.851994 0.539892 0.346481 0.230357 0.162777 0.124638 0.103757 0.092660 0.086933 0.084062 0.082663 0.082000 0.081694 0.081556 0.081495 0.081468 0.081453 0.081440 0.081422 0.081389 0.081328 0.081218 0.081024 0.080693 0.080145 0.079269 0.077913 0.075888 0.072970 0.068915 0.063491 0.056512 0.047883 0.037642 0.025987 0.013276 0.000000 
50.000000 42.573936 35.406557 28.729541 22.725237 17.512606 13.143037 9.605523 6.838953 4.748263 3.221128 2.142553 1.405722 0.918647 0.606965 0.413815 0.297846 0.230357 0.192269 0.171416 0.160334 0.154615 0.151747 0.150350 0.149687 0.149382 0.149244 0.149183 0.149154 0.149136 0.149117 0.149086 0.149029 0.148923 0.148730 0.148389 0.147804 0.146833 0.145274 0.142852 0.139220 0.133963 0.126627 0.116773 0.104042 0.088243 0.069433 0.047969 0.024517 0.000000 
50.000000 42.591283 35.440647 28.779224 22.788939 17.588475 13.229099 9.699834 6.939712 4.853890 3.330309 2.254241 1.519122 1.033177 0.722218 0.529515 0.413815 0.346481 0.308481 0.287676 0.276619 0.270913 0.268052 0.266658 0.265997 0.265692 0.265554 0.265492 0.265461 0.265438 0.265410 0.265359 0.265264 0.265085 0.264758 0.264177 0.263178 0.261514 0.258829 0.254641 0.248330 0.239150 0.226279 0.208904 0.186350 0.158240 0.124642 0.086185 0.044075 0.000000 
50.000000 42.620172 35.497416 28.861962 22.895024 17.714823 13.372426 9.856900 7.107518 5.029807 3.512147 2.440258 1.707991 1.223930 0.914176 0.722218 0.606965 0.539892 0.502039 0.481313 0.470299 0.464615 0.461765 0.460376 0.459718 0.459413 0.459275 0.459212 0.459177 0.459148 0.459104 0.459023 0.458868 0.458576 0.458041 0.457088 0.455441 0.452684 0.448216 0.441211 0.430598 0.415076 0.393190 0.363477 0.324695 0.276106 0.217765 0.150734 0.077138 0.000000 
50.000000 42.666782 35.589009 28.995456 23.066189 17.918683 13.603686 10.110333 7.378284 5.313665 3.805563 2.740420 2.012758 1.531740 1.223930 1.033177 0.918647 0.851993 0.814377 0.793781 0.782836 0.777187 0.774355 0.772975 0.772320 0.772017 0.771879 0.771814 0.771774 0.771734 0.771668 0.771543 0.771301 0.770843 0.769999 0.768489 0.765870 0.761464 0.754285 0.742967 0.725716 0.700327 0.664294 0.615051 0.550359 0.468804 0.370334 0.256673 0.131463 0.000000 
50.000000 42.739610 35.732125 29.204043 23.333642 18.237230 13.965050 10.506351 7.801392 5.757238 4.264076 3.209480 2.489020 2.012758 1.707991 1.519122 1.405722 1.339726 1.302480 1.282087 1.271249 1.265656 1.262852 1.261485 1.260836 1.260536 1.260398 1.260330 1.260284 1.260229 1.260133 1.259945 1.259581 1.258889 1.257608 1.255307 1.251295 1.244510 1.233392 1.215753 1.188686 1.148565 1.091193 1.012180 0.907570 0.774707 0.613188 0.425682 0.218262 0.000000 
50.000000 42.849768 35.948598 29.519549 23.738191 18.719068 14.511663 11.105390 8.441420 6.428229 4.957676 3.919041 3.209480 2.740420 2.440258 2.254241 2.142553 2.077552 2.040868 2.020782 2.010107 2.004598 2.001836 2.000489 1.999850 1.999554 1.999415 1.999344 1.999290 1.999216 1.999079 1.998810 1.998284 1.997279 1.995412 1.992042 1.986135 1.976088 1.959521 1.933052 1.892130 1.830972 1.742755 1.620153 1.456328 1.246360 0.988949 0.687961 0.353231 0.000000 
50.000000 43.010997 36.265434 29.981336 24.330311 19.424320 15.311734 11.982208 9.378244 7.410388 5.972939 4.957676 4.264076 3.805563 3.512147 3.330309 3.221128 3.157586 3.121725 3.102089 3.091654 3.086268 3.083567 3.082251 3.081626 3.081334 3.081197 3.081122 3.081057 3.080960 3.080773 3.080403 3.079674 3.078276 3.075668 3.070936 3.062596 3.048324 3.024624 2.986469 2.926976 2.837234 2.706480 2.522808 2.274643 1.953028 1.554566 1.084346 0.557773 0.000000 
50.000000 43.239252 36.713987 30.635104 25.168603 20.422789 16.444456 13.223601 10.704609 8.800953 7.410388 6.428229 5.757238 5.313665 5.029807 4.853890 4.748263 4.686788 4.652093 4.633095 4.622999 4.617788 4.615175 4.613901 4.613295 4.613012 4.612877 4.612798 4.612721 4.612597 4.612353 4.611865 4.610900 4.609043 4.605560 4.599209 4.587949 4.568552 4.536099 4.483412 4.400476 4.274051 4.087698 3.822609 3.459622 2.982716 2.383923 1.668800 0.860541 0.000000 
50.000000 43.551707 37.328007 31.530046 26.316150 21.789617 17.995082 14.923009 12.520360 10.704609 9.378244 8.441420 7.801392 7.378284 7.107518 6.939712 6.838953 6.780311 6.747214 6.729092 6.719460 6.714489 6.711996 6.710780 6.710202 6.709930 6.709798 6.709716 6.709627 6.709474 6.709171 6.708558 6.707342 6.704991 6.700562 6.692442 6.677957 6.652828 6.610448 6.541010 6.430559 6.260180 6.005666 5.638213 5.126879 4.443545 3.570786 2.511855 1.299793 0.000000 
50.000000 43.965134 38.140455 32.714205 27.834558 23.598189 20.046873 17.171691 14.923009 13.223601 11.982208 11.105390 10.506351 10.110333 9.856900 9.699834 9.605523 9.550632 9.519651 9.502688 9.493671 9.489018 9.486684 9.485546 9.485004 9.484749 9.484621 9.484537 9.484437 9.484259 9.483900 9.483170 9.481717 9.478896 9.473555 9.463711 9.446039 9.415158 9.362635 9.275728 9.135903 8.917343 8.585845 8.098865 7.407879 6.464660 5.233038 3.706470 1.927748 0.000000 
50.000000 44.493725 39.179220 34.228235 29.775961 25.910606 22.670287 20.046873 17.995082 16.444456 15.311734 14.511663 13.965050 13.603686 13.372426 13.229099 13.143037 13.092946 13.064674 13.049193 13.040965 13.036718 13.034588 13.033548 13.033053 13.032819 13.032700 13.032616 13.032509 13.032312 13.031910 13.031092 13.029455 13.026264 13.020196 13.008950 12.988635 12.952870 12.891510 12.788925 12.621847 12.356869 11.948008 11.335144 10.444957 9.197172 7.520106 5.379555 2.819892 0.000000 
50.000000 45.146600 40.462225 36.098258 32.173858 28.766773 25.910606 23.598189 21.789617 20.422789 19.424320 18.719068 18.237230 17.918683 17.714823 17.588475 17.512606 17.468448 17.443524 17.429876 17.422622 17.418877 17.416999 17.416083 17.415646 17.415438 17.415330 17.415250 17.415142 17.414937 17.414518 17.413659 17.411936 17.408564 17.402125 17.390128 17.368325 17.329659 17.262740 17.149678 16.963168 16.662739 16.190310 15.465648 14.383387 12.815459 10.626653 7.715992 4.096549 0.000000 
50.000000 45.925392 41.992684 38.328961 35.034262 32.173858 29.775961 27.834558 26.316150 25.168603 24.330311 23.738191 23.333642 23.066189 22.895024 22.788939 22.725237 22.688159 22.667231 22.655771 22.649680 22.646536 22.644959 22.644189 22.643822 22.643646 22.643553 22.643481 22.643379 22.643183 22.642778 22.641947 22.640276 22.636994 22.630699 22.618918 22.597385 22.558935 22.491831 22.377283 22.185887 21.872605 21.369899 20.578789 19.358399 17.517131 14.815735 11.008664 5.976232 0.000000 
50.000000 46.822422 43.755501 40.898343 38.328961 36.098258 34.228235 32.714205 31.530046 30.635104 29.981336 29.519549 29.204043 28.995456 28.861962 28.779224 28.729541 28.700622 28.684300 28.675361 28.670610 28.668158 28.666928 28.666327 28.666041 28.665903 28.665829 28.665769 28.665682 28.665513 28.665162 28.664439 28.662981 28.660108 28.654582 28.644197 28.625122 28.590855 28.530600 28.426770 28.251180 27.959260 27.481168 26.708129 25.471605 23.513226 20.449172 15.759057 8.917951 0.000000 
50.000000 47.819917 45.715753 43.755501 41.992684 40.462225 39.179220 38.140455 37.328007 36.713987 36.265434 35.948598 35.732125 35.589009 35.497416 35.440647 35.406557 35.386715 35.375515 35.369382 35.366122 35.364439 35.363595 35.363183 35.362986 35.362892 35.362840 35.362797 35.362734 35.362608 35.362348 35.361812 35.360728 35.358589 35.354462 35.346682 35.332337 35.306444 35.260637 35.181089 35.045188 34.816152 34.433985 33.799665 32.746233 30.984019 27.996444 22.857876 14.036980 0.000000 
50.000000 48.890643 47.819917 46.822422 45.925392 45.146600 44.493725 43.965134 43.551707 43.239252 43.010997 42.849768 42.739610 42.666782 42.620172 42.591283 42.573935 42.563838 42.558139 42.555017 42.553358 42.552502 42.552072 42.551863 42.551762 42.551714 42.551688 42.551665 42.551632 42.551565 42.551427 42.551140 42.550562 42.549418 42.547208 42.543034 42.535318 42.521349 42.496537 42.453224 42.378711 42.251914 42.037387 41.673833 41.050050 39.949160 37.904471 33.782938 24.445321 0.000000 
50.000000 50.000000 50.000000 50.000000 50.000000 50.000000 50.000000 50.000000 50.000000 50.000000 50.000000 50.000000 50.000000 50.000000 50.000000 50.000000 50.000000 50.000000 50.000000 50.000000 50.000000 50.000000 50.000000 50.000000 50.000000 50.000000 50.000000 50.000000 50.000000 50.000000 50.000000 50.000000 50.000000 50.000000 50.000000 50.000000 50.000000 50.000000 50.000000 50.000000 50.000000 50.000000 50.000000 50.000000 50.000000 50.000000 50.000000 50.000000 50.000000 50.000000 
