50.000000 50.000000 50.000000 50.000000 50.000000 50.000000 50.000000 50.000000 50.000000 50.000000 50.000000 50.000000 50.000000 50.000000 50.000000 50.000000 50.000000 50.000000 50.000000 50.000000 50.000000 50.000000 50.000000 50.000000 50.000000 50.000000 50.000000 50.000000 50.000000 50.000000 50.000000 50.000000 50.000000 50.000000 50.000000 50.000000 50.000000 50.000000 50.000000 50.000000 50.000000 50.000000 50.000000 50.000000 50.000000 50.000000 50.000000 50.000000 50.000000 50.000000 
50.000000 48.901363 47.840614 46.851726 45.961512 45.187569 44.537646 44.010367 43.596987 43.283729 43.054201 42.891539 42.780005 42.705981 42.658410 42.628797 42.610931 42.600481 42.594553 42.591289 42.589545 42.588639 42.588182 42.587958 42.587850 42.587797 42.587769 42.587744 42.587708 42.587637 42.587490 42.587188 42.586582 42.585388 42.583093 42.578776 42.570832 42.556505 42.531154 42.487055 42.411430 42.283113 42.066578 41.700461 41.073515 39.968855 37.919827 33.793472 24.450681 0.000000 
50.000000 47.840614 45.755700 43.812031 42.062308 40.541119 39.263695 38.227330 37.414837 36.799132 36.348001 36.028295 35.809078 35.663588 35.570091 35.511887 35.476774 35.456236 35.444584 35.438170 35.434741 35.432962 35.432063 35.431622 35.431410 35.431307 35.431251 35.431205 35.431136 35.431002 35.430727 35.430161 35.429023 35.426789 35.422500 35.414451 35.399671 35.373102 35.326274 35.245234 35.107225 34.875308 34.489335 33.850154 32.790724 31.021363 28.025560 22.877850 14.047142 0.000000 
50.000000 46.851726 43.812031 40.978266 38.427271 36.209471 34.347071 32.836126 31.651575 30.753931 30.096225 29.630127 29.310533 29.098427 28.962121 28.877269 28.826080 28.796140 28.779154 28.769803 28.764805 28.762210 28.760901 28.760258 28.759949 28.759800 28.759719 28.759654 28.759560 28.759379 28.759006 28.758243 28.756711 28.753709 28.747960 28.737205 28.717534 28.682339 28.620683 28.514806 28.336323 28.040449 27.557132 26.777422 25.532667 23.564478 20.489133 15.786470 8.931899 0.000000 
50.000000 45.961512 42.062308 38.427271 35.154967 32.310082 29.921097 27.982949 26.463489 25.312062 24.468415 23.870550 23.460611 23.188548 23.013713 22.904878 22.839221 22.800819 22.779033 22.767039 22.760629 22.757302 22.755623 22.754798 22.754402 22.754212 22.754110 22.754031 22.753921 22.753712 22.753281 22.752403 22.750645 22.747209 22.740653 22.728436 22.706202 22.666660 22.597906 22.480948 22.286146 21.968208 21.459350 20.660385 19.430303 17.577483 14.862792 11.040945 5.992657 0.000000 
50.000000 45.187569 40.541119 36.209471 32.310082 28.920034 26.073265 23.763738 21.953140 20.581102 19.575825 18.863424 18.374957 18.050782 17.842461 17.712782 17.634551 17.588796 17.562839 17.548549 17.540912 17.536948 17.534947 17.533965 17.533494 17.533268 17.533150 17.533063 17.532946 17.532726 17.532280 17.531370 17.529555 17.526020 17.519301 17.506841 17.484291 17.444461 17.375784 17.260154 17.070014 16.764624 16.285640 15.552607 14.460017 12.879779 10.676804 7.750395 4.114054 0.000000 
50.000000 44.537646 39.263695 34.347071 29.921097 26.073265 22.842095 20.220727 18.165673 16.608405 15.467423 14.658863 14.104470 13.736546 13.500115 13.352940 13.264156 13.212229 13.182772 13.166555 13.157888 13.153389 13.151120 13.150005 13.149471 13.149217 13.149086 13.148994 13.148879 13.148667 13.148238 13.147369 13.145642 13.142290 13.135946 13.124242 13.103189 13.066275 13.003179 12.898058 12.727394 12.457516 12.042181 11.421047 10.520658 9.260712 7.569649 5.413541 2.837185 0.000000 
50.000000 44.010367 38.227330 32.836126 27.982949 23.763738 20.220727 17.346393 15.093040 13.385523 12.134469 11.247916 10.640055 10.236652 9.977426 9.816063 9.718722 9.661792 9.629496 9.611718 9.602217 9.597284 9.594796 9.593575 9.592990 9.592713 9.592573 9.592481 9.592373 9.592181 9.591796 9.591020 9.589483 9.586512 9.580916 9.570647 9.552292 9.520345 9.466212 9.376953 9.233804 9.010700 8.673196 8.178546 7.478097 6.523599 5.278993 3.737995 1.943788 0.000000 
50.000000 43.596987 37.414837 31.651575 26.463489 21.953140 18.165673 15.093040 12.684251 10.858965 9.521639 8.573960 7.924196 7.492990 7.215902 7.043424 6.939379 6.878528 6.844010 6.825008 6.814853 6.809582 6.806922 6.805618 6.804993 6.804698 6.804553 6.804463 6.804366 6.804201 6.803876 6.803222 6.801932 6.799450 6.794797 6.786304 6.771220 6.745155 6.701363 6.629861 6.516492 6.342125 6.082341 5.708157 5.188516 4.495281 3.611126 2.539528 1.313874 0.000000 
50.000000 43.283729 36.799132 30.753931 25.312062 20.581102 16.608405 13.385523 10.858965 8.944455 7.541771 6.547788 5.866284 5.414020 5.123404 4.942507 4.833386 4.769568 4.733366 4.713438 4.702788 4.697260 4.694472 4.693104 4.692449 4.692142 4.691993 4.691906 4.691822 4.691687 4.691426 4.690903 4.689877 4.687910 4.684240 4.677578 4.665818 4.645640 4.612009 4.557598 4.472228 4.342473 4.151719 3.881011 3.511089 3.025916 2.417608 1.691907 0.872299 0.000000 
50.000000 43.054201 36.348001 30.096225 24.468415 19.575825 15.467423 12.134469 9.521639 7.541771 6.091214 5.063317 4.358567 3.890883 3.590361 3.403301 3.290463 3.224472 3.187039 3.166433 3.155421 3.149705 3.146822 3.145408 3.144732 3.144416 3.144265 3.144182 3.144111 3.144005 3.143804 3.143406 3.142628 3.141143 3.138386 3.133407 3.124668 3.109774 3.085134 3.045607 2.984173 2.891778 2.757516 2.569365 2.315671 1.987467 1.581420 1.102767 0.567146 0.000000 
50.000000 42.891539 36.028295 29.630127 23.870550 18.863424 14.658863 11.247916 8.573960 6.547788 5.063317 4.011396 3.290182 2.811575 2.504039 2.312614 2.197145 2.129616 2.091310 2.070225 2.058957 2.053108 2.050158 2.048711 2.048020 2.047697 2.047546 2.047467 2.047407 2.047326 2.047179 2.046889 2.046325 2.045254 2.043273 2.039714 2.033503 2.022982 2.005698 1.978183 1.935779 1.872597 1.781704 1.655684 1.487640 1.272644 1.009443 0.702020 0.360385 0.000000 
50.000000 42.780005 35.809078 29.310533 23.460611 18.374957 14.104470 10.640055 7.924196 5.866284 4.358567 3.290182 2.557684 2.071594 1.759251 1.564836 1.447565 1.378982 1.340079 1.318666 1.307222 1.301283 1.298287 1.296818 1.296116 1.295789 1.295638 1.295562 1.295512 1.295451 1.295347 1.295144 1.294753 1.294012 1.292648 1.290209 1.285974 1.278842 1.267199 1.248794 1.220644 1.179041 1.119710 1.038194 0.930497 0.793951 0.628194 0.435976 0.223500 0.000000 
50.000000 42.705981 35.663588 29.098427 23.188548 18.050782 13.736546 10.236652 7.492990 5.414020 3.890883 2.811575 2.071594 1.580540 1.265010 1.068613 0.950147 0.880866 0.841567 0.819936 0.808376 0.802376 0.799350 0.797866 0.797158 0.796828 0.796677 0.796604 0.796561 0.796517 0.796445 0.796309 0.796047 0.795555 0.794653 0.793046 0.790270 0.785620 0.778072 0.766215 0.748202 0.721771 0.684360 0.633356 0.566491 0.482346 0.380893 0.263916 0.135149 0.000000 
50.000000 42.658410 35.570091 28.962121 23.013713 17.842461 13.500115 9.977426 7.215902 5.123404 3.590361 2.504039 1.759251 1.265010 0.947434 0.749764 0.630531 0.560802 0.521249 0.499478 0.487844 0.481805 0.478760 0.477266 0.476554 0.476222 0.476071 0.476001 0.475963 0.475930 0.475881 0.475793 0.475625 0.475311 0.474736 0.473717 0.471964 0.469042 0.464325 0.456955 0.445826 0.429598 0.406779 0.375873 0.335620 0.285277 0.224916 0.155640 0.079634 0.000000 
50.000000 42.628797 35.511887 28.877269 22.904878 17.712782 13.352940 9.816063 7.043424 4.942507 3.403301 2.312614 1.564836 1.068613 0.749764 0.551303 0.431593 0.361585 0.321875 0.300017 0.288336 0.282274 0.279216 0.277717 0.277002 0.276669 0.276518 0.276449 0.276415 0.276390 0.276358 0.276303 0.276199 0.276005 0.275652 0.275028 0.273961 0.272189 0.269341 0.264915 0.258267 0.248627 0.235147 0.216994 0.193480 0.164225 0.129309 0.089387 0.045704 0.000000 
50.000000 42.610931 35.476774 28.826080 22.839221 17.634551 13.264156 9.718723 6.939379 4.833386 3.290464 2.197145 1.447565 0.950147 0.630531 0.431593 0.311595 0.241420 0.201614 0.179704 0.167995 0.161918 0.158854 0.157351 0.156634 0.156301 0.156150 0.156082 0.156050 0.156031 0.156010 0.155976 0.155913 0.155798 0.155588 0.155220 0.154592 0.153553 0.151892 0.149320 0.145476 0.139929 0.132210 0.121867 0.108531 0.092012 0.072371 0.049985 0.025543 0.000000 
50.000000 42.600481 35.456236 28.796140 22.800819 17.588796 13.212230 9.661792 6.878529 4.769568 3.224473 2.129616 1.378983 0.880866 0.560802 0.361586 0.241420 0.171147 0.131285 0.109345 0.097620 0.091535 0.088466 0.086961 0.086243 0.085910 0.085759 0.085692 0.085661 0.085645 0.085631 0.085610 0.085574 0.085507 0.085388 0.085177 0.084820 0.084231 0.083292 0.081845 0.079692 0.076597 0.072310 0.066588 0.059241 0.050174 0.039429 0.027213 0.013900 0.000000 
50.000000 42.594553 35.444585 28.779154 22.779034 17.562840 13.182772 9.629497 6.844011 4.733367 3.187040 2.091311 1.340081 0.841568 0.521250 0.321876 0.201615 0.131286 0.091394 0.069436 0.057702 0.051612 0.048540 0.047034 0.046316 0.045983 0.045832 0.045765 0.045735 0.045721 0.045711 0.045699 0.045678 0.045641 0.045574 0.045458 0.045261 0.044938 0.044424 0.043635 0.042465 0.040790 0.038478 0.035404 0.031471 0.026631 0.020912 0.014425 0.007365 0.000000 
50.000000 42.591290 35.438171 28.769804 22.767041 17.548551 13.166557 9.611720 6.825011 4.713441 3.166436 2.070228 1.318669 0.819939 0.499481 0.300020 0.179707 0.109347 0.069438 0.047470 0.035731 0.029638 0.026565 0.025059 0.024340 0.024007 0.023856 0.023790 0.023761 0.023747 0.023740 0.023732 0.023721 0.023701 0.023665 0.023602 0.023497 0.023325 0.023052 0.022635 0.022018 0.021138 0.019927 0.018322 0.016274 0.013762 0.010799 0.007445 0.003800 0.000000 
50.000000 42.589546 35.434744 28.764808 22.760634 17.540917 13.157894 9.602223 6.814860 4.702795 3.155429 2.058965 1.307230 0.808384 0.487852 0.288344 0.168003 0.097628 0.057709 0.035736 0.023994 0.017900 0.014827 0.013320 0.012601 0.012268 0.012117 0.012050 0.012022 0.012009 0.012003 0.011998 0.011992 0.011981 0.011962 0.011930 0.011875 0.011786 0.011646 0.011431 0.011115 0.010666 0.010049 0.009234 0.008196 0.006927 0.005433 0.003744 0.001910 0.000000 
50.000000 42.588642 35.432968 28.762219 22.757313 17.536961 13.153404 9.597301 6.809599 4.697278 3.149724 2.053127 1.301302 0.802396 0.481825 0.282293 0.161938 0.091554 0.051630 0.029655 0.017912 0.011817 0.008743 0.007236 0.006517 0.006184 0.006033 0.005967 0.005938 0.005926 0.005920 0.005917 0.005913 0.005908 0.005898 0.005882 0.005855 0.005810 0.005739 0.005632 0.005474 0.005251 0.004944 0.004541 0.004028 0.003403 0.002667 0.001837 0.000937 0.000000 
50.000000 42.588190 35.432078 28.760922 22.755650 17.534980 13.151156 9.594836 6.806965 4.694516 3.146868 2.050205 1.298334 0.799398 0.478808 0.279264 0.158902 0.088513 0.048587 0.026611 0.014867 0.008772 0.005698 0.004190 0.003472 0.003138 0.002987 0.002921 0.002893 0.002881 0.002875 0.002873 0.002871 0.002868 0.002863 0.002855 0.002841 0.002819 0.002784 0.002731 0.002654 0.002545 0.002395 0.002199 0.001949 0.001646 0.001290 0.000888 0.000453 0.000000 
50.000000 42.587976 35.431657 28.760309 22.754863 17.534042 13.150092 9.593670 6.805719 4.693209 3.145517 2.048822 1.296930 0.797979 0.477380 0.277831 0.157465 0.087075 0.047147 0.025170 0.013426 0.007331 0.004257 0.002749 0.002031 0.001697 0.001546 0.001480 0.001452 0.001440 0.001435 0.001432 0.001431 0.001429 0.001427 0.001423 0.001416 0.001404 0.001387 0.001360 0.001321 0.001266 0.001191 0.001093 0.000969 0.000818 0.000640 0.000441 0.000225 0.000000 
50.000000 42.587891 35.431491 28.760067 22.754553 17.533673 13.149673 9.593210 6.805227 4.692694 3.144984 2.048277 1.296376 0.797420 0.476817 0.277266 0.156899 0.086508 0.046580 0.024602 0.012858 0.006763 0.003689 0.002181 0.001463 0.001129 0.000978 0.000912 0.000884 0.000872 0.000867 0.000865 0.000863 0.000862 0.000861 0.000858 0.000854 0.000847 0.000836 0.000820 0.000796 0.000763 0.000718 0.000658 0.000583 0.000492 0.000385 0.000265 0.000135 0.000000 
50.000000 42.587891 35.431491 28.760067 22.754553 17.533673 13.149673 9.593210 6.805227 4.692694 3.144984 2.048277 1.296376 0.797420 0.476817 0.277266 0.156899 0.086508 0.046580 0.024602 0.012858 0.006763 0.003689 0.002181 0.001463 0.001129 0.000978 0.000912 0.000884 0.000872 0.000867 0.000865 0.000863 0.000862 0.000861 0.000858 0.000854 0.000847 0.000836 0.000820 0.000796 0.000763 0.000718 0.000658 0.000583 0.000492 0.000385 0.000265 0.000135 0.000000 
50.000000 42.587976 35.431657 28.760309 22.754863 17.534042 13.150092 9.593670 6.805719 4.693209 3.145517 2.048822 1.296930 0.797979 0.477380 0.277831 0.157465 0.087075 0.047147 0.025170 0.013426 0.007331 0.004257 0.002749 0.002031 0.001697 0.001546 0.001480 0.001452 0.001440 0.001435 0.001432 0.001431 0.001429 0.001427 0.001423 0.001416 0.001404 0.001387 0.001360 0.001321 0.001266 0.001191 0.001093 0.000969 0.000818 0.000640 0.000441 0.000225 0.000000 
50.000000 42.588190 35.432078 28.760922 22.755650 17.534980 13.151156 9.594836 6.806965 4.694516 3.146868 2.050205 1.298334 0.799398 0.478808 0.279264 0.158902 0.088513 0.048587 0.026611 0.014867 0.008772 0.005698 0.004190 0.003472 0.003138 0.002987 0.002921 0.002893 0.002881 0.002875 0.002873 0.002871 0.002868 0.002863 0.002855 0.002841 0.002819 0.002784 0.002731 0.002654 0.002545 0.002395 0.002199 0.001949 0.001646 0.001290 0.000888 0.000453 0.000000 
50.000000 42.588642 35.432968 28.762219 22.757313 17.536961 13.153404 9.597301 6.809599 4.697278 3.149724 2.053127 1.301302 0.802396 0.481825 0.282293 0.161938 0.091554 0.051630 0.029655 0.017912 0.011817 0.008743 0.007236 0.006517 0.006184 0.006033 0.005967 0.005938 0.005926 0.005920 0.005917 0.005913 0.005908 0.005898 0.005882 0.005855 0.005810 0.005739 0.005632 0.005474 0.005251 0.004944 0.004541 0.004028 0.003403 0.002667 0.001837 0.000937 0.000000 
50.000000 42.589546 35.434744 28.764808 22.760634 17.540917 13.157894 9.602223 6.814860 4.702795 3.155429 2.058965 1.307230 0.808384 0.487852 0.288344 0.168003 0.097628 0.057709 0.035736 0.023994 0.017900 0.014827 0.013320 0.012601 0.012268 0.012117 0.012050 0.012022 0.012009 0.012003 0.011998 0.011992 0.011981 0.011962 0.011930 0.011875 0.011786 0.011646 0.011431 0.011115 0.010666 0.010049 0.009234 0.008196 0.006927 0.005433 0.003744 0.001910 0.000000 
50.000000 42.591290 35.438171 28.769804 22.767041 17.548551 13.166557 9.611720 6.825011 4.713441 3.166436 2.070228 1.318669 0.819939 0.499481 0.300020 0.179707 0.109347 0.069438 0.047470 0.035731 0.029638 0.026565 0.025059 0.024340 0.024007 0.023856 0.023790 0.023761 0.023747 0.023740 0.023732 0.023721 0.023701 0.023665 0.023602 0.023497 0.023325 0.023052 0.022635 0.022018 0.021138 0.019927 0.018322 0.016274 0.013762 0.010799 0.007445 0.003800 0.000000 
50.000000 42.594553 35.444585 28.779154 22.779034 17.562840 13.182772 9.629497 6.844011 4.733367 3.187040 2.091311 1.340081 0.841568 0.521250 0.321876 0.201615 0.131286 0.091394 0.069436 0.057702 0.051612 0.048540 0.047034 0.046316 0.045983 0.045832 0.045765 0.045735 0.045721 0.045711 0.045699 0.045678 0.045641 0.045574 0.045458 0.045261 0.044938 0.044424 0.043635 0.042465 0.040790 0.038478 0.035404 0.031471 0.026631 0.020912 0.014425 0.007365 0.000000 
50.000000 42.600481 35.456236 28.796140 22.800819 17.588796 13.212230 9.661792 6.878529 4.769568 3.224473 2.129616 1.378983 0.880866 0.560802 0.361586 0.241420 0.171147 0.131285 0.109345 0.097620 0.091535 0.088466 0.086961 0.086243 0.085910 0.085759 0.085692 0.085661 0.085645 0.085631 0.085610 0.085574 0.085507 0.085388 0.085177 0.084820 0.084231 0.083292 0.081845 0.079692 0.076597 0.072310 0.066588 0.059241 0.050174 0.039429 0.027213 0.013900 0.000000 
50.000000 42.610931 35.476774 28.826080 22.839221 17.634551 13.264156 9.718723 6.939379 4.833386 3.290464 2.197145 1.447565 0.950147 0.630531 0.431593 0.311595 0.241420 0.201614 0.179704 0.167995 0.161918 0.158854 0.157351 0.156634 0.156301 0.156150 0.156082 0.156050 0.156031 0.156010 0.155976 0.155913 0.155798 0.155588 0.155220 0.154592 0.153553 0.151892 0.149320 0.145476 0.139929 0.132210 0.121867 0.108531 0.092012 0.072371 0.049985 0.025543 0.000000 
50.000000 42.628797 35.511887 28.877269 22.904878 17.712782 13.352940 9.816063 7.043424 4.942507 3.403301 2.312614 1.564836 1.068613 0.749764 0.551303 0.431593 0.361585 0.321875 0.300017 0.288336 0.282274 0.279216 0.277717 0.277002 0.276669 0.276518 0.276449 0.276415 0.276390 0.276358 0.276303 0.276199 0.276005 0.275652 0.275028 0.273961 0.272189 0.269341 0.264915 0.258267 0.248627 0.235147 0.216994 0.193480 0.164225 0.129309 0.089387 0.045704 0.000000 
50.000000 42.658410 35.570091 28.962121 23.013713 17.842461 13.500115 9.977426 7.215902 5.123404 3.590361 2.504039 1.759251 1.265010 0.947434 0.749764 0.630531 0.560802 0.521249 0.499478 0.487844 0.481805 0.478760 0.477266 0.476554 0.476222 0.476071 0.476001 0.475963 0.475930 0.475881 0.475793 0.475625 0.475311 0.474736 0.473717 0.471964 0.469042 0.464325 0.456955 0.445826 0.429598 0.406779 0.375873 0.335620 0.285277 0.224916 0.155640 0.079634 0.000000 
50.000000 42.705981 35.663588 29.098427 23.188548 18.050782 13.736546 10.236652 7.492990 5.414020 3.890883 2.811575 2.071594 1.580540 1.265010 1.068613 0.950147 0.880866 0.841567 0.819936 0.808376 0.802376 0.799350 0.797866 0.797158 0.796828 0.796677 0.796604 0.796561 0.796517 0.796445 0.796309 0.796047 0.795555 0.794653 0.793046 0.790270 0.785620 0.778072 0.766215 0.748202 0.721771 0.684360 0.633356 0.566491 0.482346 0.380893 0.263916 0.135149 0.000000 
50.000000 42.780005 35.809078 29.310533 23.460611 18.374957 14.104470 10.640055 7.924196 5.866284 4.358567 3.290182 2.557684 2.071594 1.759251 1.564836 1.447565 1.378982 1.340079 1.318666 1.307222 1.301283 1.298287 1.296818 1.296116 1.295789 1.295638 1.295562 1.295512 1.295451 1.295347 1.295144 1.294753 1.294012 1.292648 1.290209 1.285974 1.278842 1.267199 1.248794 1.220644 1.179041 1.119710 1.038194 0.930497 0.793951 0.628194 0.435976 0.223500 0.000000 
50.000000 42.891539 36.028295 29.630127 23.870550 18.863424 14.658863 11.247916 8.573960 6.547788 5.063317 4.011396 3.290182 2.811575 2.504039 2.312614 2.197145 2.129616 2.091310 2.070225 2.058957 2.053108 2.050158 2.048711 2.048020 2.047697 2.047546 2.047467 2.047407 2.047326 2.047179 2.046889 2.046325 2.045254 2.043273 2.039714 2.033503 2.022982 2.005698 1.978183 1.935779 1.872597 1.781704 1.655684 1.487640 1.272644 1.009443 0.702020 0.360385 0.000000 
50.000000 43.054201 36.348001 30.096225 24.468415 19.575825 15.467423 12.134469 9.521639 7.541771 6.091214 5.063317 4.358567 3.890883 3.590361 3.403301 3.290463 3.224472 3.187039 3.166433 3.155421 3.149705 3.146822 3.145408 3.144732 3.144416 3.144265 3.144182 3.144111 3.144005 3.143804 3.143406 3.142628 3.141143 3.138386 3.133407 3.124668 3.109774 3.085134 3.045607 2.984173 2.891778 2.757516 2.569365 2.315671 1.987467 1.581420 1.102767 0.567146 0.000000 
50.000000 43.283729 36.799132 30.753931 25.312062 20.581102 16.608405 13.385523 10.858965 8.944455 7.541771 6.547788 5.866284 5.414020 5.123404 4.942507 4.833386 4.769568 4.733366 4.713438 4.702788 4.697260 4.694472 4.693104 4.692449 4.692142 4.691993 4.691906 4.691822 4.691687 4.691426 4.690903 4.689877 4.687910 4.684240 4.677578 4.665818 4.645640 4.612009 4.557598 4.472228 4.342473 4.151719 3.881011 3.511089 3.025916 2.417608 1.691907 0.872299 0.000000 
50.000000 43.596987 37.414837 31.651575 26.463489 21.953140 18.165673 15.093040 12.684251 10.858965 9.521639 8.573960 7.924196 7.492990 7.215902 7.043424 6.939379 6.878528 6.844010 6.825008 6.814853 6.809582 6.806922 6.805618 6.804993 6.804698 6.804553 6.804463 6.804366 6.804201 6.803876 6.803222 6.801932 6.799450 6.794797 6.786304 6.771220 6.745155 6.701363 6.629861 6.516492 6.342125 6.082341 5.708157 5.188516 4.495281 3.611126 2.539528 1.313874 0.000000 
50.000000 44.010367 38.227330 32.836126 27.982949 23.763738 20.220727 17.346393 15.093040 13.385523 12.134469 11.247916 10.640055 10.236652 9.977426 9.816063 9.718722 9.661792 9.629496 9.611718 9.602217 9.597284 9.594796 9.593575 9.592990 9.592713 9.592573 9.592481 9.592373 9.592181 9.591796 9.591020 9.589483 9.586512 9.580916 9.570647 9.552292 9.520345 9.466212 9.376953 9.233804 9.010700 8.673196 8.178546 7.478097 6.523599 5.278993 3.737995 1.943788 0.000000 
50.000000 44.537646 39.263695 34.347071 29.921097 26.073265 22.842095 20.220727 18.165673 16.608405 15.467423 14.658863 14.104470 13.736546 13.500115 13.352940 13.264156 13.212229 13.182772 13.166555 13.157888 13.153389 13.151120 13.150005 13.149471 13.149217 13.149086 13.148994 13.148879 13.148667 13.148238 13.147369 13.145642 13.142290 13.135946 13.124242 13.103189 13.066275 13.003179 12.898058 12.727394 12.457516 12.042181 11.421047 10.520658 9.260712 7.569649 5.413541 2.837185 0.000000 
50.000000 45.187569 40.541119 36.209471 32.310082 28.920034 26.073265 23.763738 21.953140 20.581102 19.575825 18.863424 18.374957 18.050782 17.842461 17.712782 17.634551 17.588796 17.562839 17.548549 17.540912 17.536948 17.534947 17.533965 17.533494 17.533268 17.533150 17.533063 17.532946 17.532726 17.532280 17.531370 17.529555 17.526020 17.519301 17.506841 17.484291 17.444461 17.375784 17.260154 17.070014 16.764624 16.285640 15.552607 14.460017 12.879779 10.676804 7.750395 4.114054 0.000000 
50.000000 45.961512 42.062308 38.427271 35.154967 32.310082 29.921097 27.982949 26.463489 25.312062 24.468415 23.870550 23.460611 23.188548 23.013713 22.904878 22.839221 22.800819 22.779033 22.767039 22.760629 22.757302 22.755623 22.754798 22.754402 22.754212 22.754110 22.754031 22.753921 22.753712 22.753281 22.752403 22.750645 22.747209 22.740653 22.728436 22.706202 22.666660 22.597906 22.480948 22.286146 21.968208 21.459350 20.660385 19.430303 17.577483 14.862792 11.040945 5.992657 0.000000 
50.000000 46.851726 43.812031 40.978266 38.427271 36.209471 34.347071 32.836126 31.651575 30.753931 30.096225 29.630127 29.310533 29.098427 28.962121 28.877269 28.826080 28.796140 28.779154 28.769803 28.764805 28.762210 28.760901 28.760258 28.759949 28.759800 28.759719 28.759654 28.759560 28.759379 28.759006 28.758243 28.756711 28.753709 28.747960 28.737205 28.717534 28.682339 28.620683 28.514806 28.336323 28.040449 27.557132 26.777422 25.532667 23.564478 20.489133 15.786470 8.931899 0.000000 
50.000000 47.840614 45.755700 43.812031 42.062308 40.541119 39.263695 38.227330 37.414837 36.799132 36.348001 36.028295 35.809078 35.663588 35.570091 35.511887 35.476774 35.456236 35.444584 35.438170 35.434741 35.432962 35.432063 35.431622 35.431410 35.431307 35.431251 35.431205 35.431136 35.431002 35.430727 35.430161 35.429023 35.426789 35.422500 35.414451 35.399671 35.373102 35.326274 35.245234 35.107225 34.875308 34.489335 33.850154 32.790724 31.021363 28.025560 22.877850 14.047142 0.000000 
50.000000 48.901363 47.840614 46.851726 45.961512 45.187569 44.537646 44.010367 43.596987 43.283729 43.054201 42.891539 42.780005 42.705981 42.658410 42.628797 42.610931 42.600481 42.594553 42.591289 42.589545 42.588639 42.588182 42.587958 42.587850 42.587797 42.587769 42.587744 42.587708 42.587637 42.587490 42.587188 42.586582 42.585388 42.583093 42.578776 42.570832 42.556505 42.531154 42.487055 42.411430 42.283113 42.066578 41.700461 41.073515 39.968855 37.919827 33.793472 24.450681 0.000000 
50.000000 50.000000 50.000000 50.000000 50.000000 50.000000 50.000000 50.000000 50.000000 50.000000 50.000000 50.000000 50.000000 50.000000 50.000000 50.000000 50.000000 50.000000 50.000000 50.000000 50.000000 50.000000 50.000000 50.000000 50.000000 50.000000 50.000000 50.000000 50.000000 50.000000 50.000000 50.000000 50.000000 50.000000 50.000000 50.000000 50.000000 50.000000 50.000000 50.000000 50.000000 50.000000 50.000000 50.000000 50.000000 50.000000 50.000000 50.000000 50.000000 50.000000 
