50.000000 50.000000 50.000000 50.000000 50.000000 50.000000 50.000000 50.000000 50.000000 50.000000 50.000000 50.000000 50.000000 50.000000 50.000000 50.000000 50.000000 50.000000 50.000000 50.000000 50.000000 50.000000 50.000000 50.000000 50.000000 50.000000 50.000000 50.000000 50.000000 50.000000 50.000000 50.000000 50.000000 50.000000 50.000000 50.000000 50.000000 50.000000 50.000000 50.000000 50.000000 50.000000 50.000000 50.000000 50.000000 50.000000 50.000000 50.000000 50.000000 50.000000 
50.000000 48.894495 47.827354 46.832950 45.938366 45.161311 44.509492 43.981367 43.567952 43.255205 43.026491 42.864747 42.754096 42.680839 42.633886 42.604738 42.587206 42.576984 42.571203 42.568031 42.566342 42.565468 42.565029 42.564814 42.564711 42.564661 42.564634 42.564611 42.564576 42.564508 42.564367 42.564075 42.563487 42.562325 42.560085 42.555860 42.548063 42.533966 42.508962 42.465368 42.390457 42.263117 42.047870 41.683397 41.058479 39.956236 37.909989 33.786723 24.447248 0.000000 
50.000000 47.827354 45.730106 43.775808 42.017689 40.490551 39.209541 38.171627 37.359154 36.744523 36.295041 35.977173 35.759715 35.615749 35.523476 35.466195 35.431740 35.411651 35.400291 35.394058 35.390738 35.389021 35.388158 35.387736 35.387533 35.387436 35.387383 35.387339 35.387273 35.387145 35.386880 35.386333 35.385230 35.383057 35.378873 35.370997 35.356497 35.330363 35.284192 35.204111 35.067456 34.837390 34.453859 33.817796 32.762213 30.997434 28.006904 22.865053 14.040631 0.000000 
50.000000 46.832950 43.775808 40.927048 38.364261 36.138180 34.270880 32.757942 31.573630 30.677708 30.022521 29.559184 29.242212 29.032365 28.897866 28.814374 28.764154 28.734872 28.718315 28.709230 28.704392 28.701889 28.700631 28.700016 28.699721 28.699579 28.699503 28.699442 28.699352 28.699179 28.698820 28.698082 28.696598 28.693680 28.688075 28.677558 28.658271 28.623674 28.562919 28.458358 28.281734 27.988399 27.508436 26.733006 25.493531 23.531632 20.463524 15.768904 8.922961 0.000000 
50.000000 45.938366 42.017689 38.364261 35.077592 32.222744 29.828028 27.887774 26.368972 25.220019 24.379798 23.785614 23.379132 23.110029 22.937553 22.830486 22.766088 22.728539 22.707307 22.695658 22.689454 22.686245 22.684632 22.683843 22.683466 22.683285 22.683189 22.683115 22.683010 22.682809 22.682395 22.681548 22.679846 22.676509 22.670122 22.658186 22.636403 22.597565 22.529872 22.414464 22.221851 21.906904 21.401995 20.608072 19.384207 17.538796 14.832630 11.020255 5.982130 0.000000 
50.000000 45.161311 40.490551 36.138180 32.222744 28.821755 25.968938 23.657535 21.848216 20.479504 19.478583 18.770763 18.286548 17.965987 17.760533 17.632997 17.556287 17.511561 17.486271 17.472395 17.465006 17.461184 17.459263 17.458323 17.457874 17.457660 17.457549 17.457466 17.457355 17.457145 17.456716 17.455839 17.454084 17.450654 17.444116 17.431954 17.409885 17.370806 17.303260 17.189282 17.001475 16.699273 16.224499 15.496840 14.410878 12.838537 10.644649 7.728338 4.102832 0.000000 
50.000000 44.509492 39.209541 34.270880 29.828028 25.968938 22.731876 20.109169 18.056185 16.503159 15.367463 14.564344 14.014942 13.651231 13.418124 13.273425 13.186393 13.135650 13.106958 13.091216 13.082833 13.078497 13.076318 13.075252 13.074743 13.074502 13.074379 13.074292 13.074182 13.073980 13.073569 13.072733 13.071064 13.067816 13.061650 13.050241 13.029665 12.993491 12.931512 12.828024 12.659665 12.392937 11.981762 11.365938 10.472098 9.219956 7.537873 5.391744 2.826095 0.000000 
50.000000 43.981367 38.171627 32.757942 27.887774 23.657535 20.109169 17.234262 14.983880 13.281544 12.036675 11.156363 10.554162 10.155503 9.900001 9.741403 9.646013 9.590398 9.558951 9.541699 9.532511 9.527759 9.525371 9.524204 9.523647 9.523384 9.523252 9.523165 9.523062 9.522879 9.522511 9.521765 9.520283 9.517408 9.511977 9.501982 9.484068 9.452808 9.399712 9.311967 9.170957 8.950775 8.617131 8.127408 7.433036 6.485779 5.249506 3.717768 1.933497 0.000000 
50.000000 43.567952 37.359154 31.573630 26.368972 21.848216 18.056185 14.983880 12.579001 10.759812 9.429505 8.488786 7.845270 7.419266 7.146242 6.976771 6.874843 6.815416 6.781815 6.763381 6.753564 6.748488 6.745936 6.744689 6.744095 6.743815 6.743678 6.743593 6.743501 6.743345 6.743033 6.742406 6.741164 6.738767 6.734259 6.726006 6.711309 6.685848 6.642966 6.572793 6.461302 6.289501 6.033105 5.663248 5.148943 4.462068 3.585230 2.521765 1.304836 0.000000 
50.000000 43.255205 36.744523 30.677708 25.220019 20.479504 16.503159 13.281544 10.759812 8.852244 7.457323 6.470922 5.796166 5.349486 5.063215 4.885523 4.778653 4.716346 4.681116 4.661790 4.651498 4.646175 4.643500 4.642193 4.641571 4.641279 4.641139 4.641057 4.640978 4.640850 4.640600 4.640100 4.639113 4.637217 4.633669 4.627208 4.615770 4.596096 4.563225 4.509925 4.426122 4.298510 4.110587 3.843493 3.478028 2.998168 2.395973 1.677067 0.864748 0.000000 
50.000000 43.026491 36.295041 30.022521 24.379798 19.478583 15.367463 12.036675 9.429505 7.457323 6.015165 4.995371 4.297779 3.835987 3.540035 3.356336 3.245854 3.181443 3.145024 3.125045 3.114406 3.108904 3.106139 3.104788 3.104145 3.103845 3.103703 3.103626 3.103558 3.103458 3.103267 3.102886 3.102140 3.100712 3.098051 3.093232 3.084751 3.070258 3.046225 3.007582 2.947398 2.856712 2.724708 2.539440 2.289301 1.965334 1.564163 1.090930 0.561123 0.000000 
50.000000 42.864747 35.977173 29.559184 23.785614 18.770763 14.564344 11.156363 8.488786 6.470922 4.995371 3.951972 3.238240 2.765768 2.462974 2.275031 2.161998 2.096099 2.058840 2.038401 2.027517 2.021888 2.019060 2.017678 2.017020 2.016715 2.016572 2.016498 2.016442 2.016365 2.016225 2.015948 2.015409 2.014381 2.012474 2.009037 2.003022 1.992808 1.975986 1.949146 1.907698 1.845820 1.756650 1.632831 1.467503 1.255741 0.996264 0.692980 0.355785 0.000000 
50.000000 42.754096 35.759715 29.242212 23.379132 18.286548 14.014942 10.554162 7.845270 5.796166 4.297779 3.238240 2.513471 2.033698 1.726228 1.535383 1.420606 1.353692 1.315859 1.295105 1.284053 1.278338 1.275466 1.274064 1.273397 1.273087 1.272944 1.272873 1.272826 1.272769 1.272670 1.272477 1.272103 1.271394 1.270084 1.267734 1.263643 1.256736 1.245432 1.227521 1.200070 1.159423 1.101354 1.021451 0.915742 0.781567 0.618538 0.429352 0.220130 0.000000 
50.000000 42.680839 35.615749 29.032365 23.110029 17.965987 13.651231 10.155503 7.419266 5.349486 3.835987 2.765768 2.033698 1.549094 1.238530 1.045767 0.929837 0.862251 0.824038 0.803076 0.791914 0.786142 0.783241 0.781825 0.781151 0.780839 0.780696 0.780628 0.780587 0.780546 0.780478 0.780349 0.780100 0.779630 0.778765 0.777222 0.774547 0.770055 0.762745 0.751236 0.733715 0.707957 0.671435 0.621566 0.556101 0.473625 0.374094 0.259252 0.132776 0.000000 
50.000000 42.633886 35.523476 28.897866 22.937553 17.760533 13.418124 9.900001 7.146242 5.063215 3.540035 2.462974 1.726228 1.238530 0.925986 0.731994 0.615326 0.547309 0.508854 0.487759 0.476526 0.470717 0.467798 0.466373 0.465695 0.465382 0.465239 0.465173 0.465137 0.465106 0.465061 0.464978 0.464818 0.464518 0.463969 0.462993 0.461309 0.458494 0.453938 0.446804 0.436008 0.420236 0.398019 0.367883 0.328578 0.279367 0.220308 0.152479 0.078026 0.000000 
50.000000 42.604739 35.466195 28.814374 22.830486 17.632997 13.273425 9.741403 6.976771 4.885523 3.356336 2.275031 1.535383 1.045767 0.731994 0.537240 0.420114 0.351832 0.313226 0.292048 0.280771 0.274940 0.272009 0.270578 0.269898 0.269584 0.269441 0.269377 0.269344 0.269321 0.269291 0.269239 0.269141 0.268956 0.268620 0.268025 0.267002 0.265299 0.262557 0.258285 0.251855 0.242512 0.229426 0.211775 0.188881 0.160365 0.126299 0.087322 0.044653 0.000000 
50.000000 42.587206 35.431740 28.764154 22.766088 17.556287 13.186394 9.646013 6.874843 4.778653 3.245855 2.161998 1.420606 0.929837 0.615326 0.420114 0.302713 0.234271 0.195574 0.174347 0.163044 0.157199 0.154262 0.152828 0.152146 0.151831 0.151689 0.151625 0.151595 0.151577 0.151557 0.151525 0.151466 0.151357 0.151158 0.150807 0.150207 0.149213 0.147617 0.145143 0.141436 0.136076 0.128605 0.118578 0.105633 0.089579 0.070474 0.048683 0.024881 0.000000 
50.000000 42.576984 35.411651 28.734873 22.728540 17.511561 13.135650 9.590398 6.815417 4.716346 3.181443 2.096100 1.353692 0.862251 0.547310 0.351832 0.234271 0.165735 0.126986 0.105730 0.094411 0.088558 0.085618 0.084181 0.083499 0.083184 0.083041 0.082978 0.082950 0.082934 0.082921 0.082902 0.082868 0.082805 0.082692 0.082492 0.082152 0.081589 0.080691 0.079303 0.077233 0.074252 0.070116 0.064587 0.057478 0.048694 0.038275 0.026421 0.013497 0.000000 
50.000000 42.571203 35.400291 28.718315 22.707308 17.486271 13.106958 9.558952 6.781816 4.681117 3.145025 2.058841 1.315860 0.824039 0.508855 0.313227 0.195575 0.126987 0.088208 0.066936 0.055609 0.049751 0.046808 0.045371 0.044688 0.044372 0.044230 0.044168 0.044140 0.044127 0.044117 0.044106 0.044087 0.044052 0.043989 0.043879 0.043692 0.043384 0.042894 0.042140 0.041019 0.039411 0.037187 0.034227 0.030433 0.025761 0.020233 0.013959 0.007128 0.000000 
50.000000 42.568032 35.394059 28.709231 22.695660 17.472397 13.091218 9.541701 6.763384 4.661792 3.125048 2.038404 1.295108 0.803079 0.487762 0.292051 0.174350 0.105732 0.066938 0.045657 0.034325 0.028465 0.025520 0.024082 0.023399 0.023084 0.022942 0.022879 0.022852 0.022840 0.022833 0.022826 0.022815 0.022796 0.022762 0.022704 0.022604 0.022441 0.022182 0.021784 0.021195 0.020353 0.019192 0.017651 0.015683 0.013266 0.010413 0.007180 0.003665 0.000000 
50.000000 42.566343 35.390741 28.704395 22.689458 17.465011 13.082838 9.532517 6.753571 4.651505 3.114413 2.027524 1.284061 0.791921 0.476533 0.280778 0.163051 0.094418 0.055615 0.034329 0.022995 0.017133 0.014188 0.012750 0.012067 0.011751 0.011609 0.011547 0.011520 0.011508 0.011502 0.011498 0.011492 0.011482 0.011465 0.011434 0.011383 0.011299 0.011166 0.010962 0.010661 0.010233 0.009644 0.008864 0.007871 0.006653 0.005220 0.003598 0.001836 0.000000 
50.000000 42.565471 35.389027 28.701897 22.686255 17.461196 13.078511 9.527774 6.748504 4.646192 3.108921 2.021906 1.278356 0.786160 0.470735 0.274958 0.157217 0.088576 0.049769 0.028480 0.017144 0.011282 0.008337 0.006899 0.006216 0.005900 0.005758 0.005696 0.005669 0.005657 0.005652 0.005649 0.005646 0.005641 0.005632 0.005616 0.005591 0.005548 0.005482 0.005380 0.005231 0.005018 0.004727 0.004343 0.003854 0.003256 0.002553 0.001759 0.000897 0.000000 
50.000000 42.565036 35.388172 28.700651 22.684658 17.459293 13.076352 9.525408 6.745976 4.643542 3.106182 2.019103 1.275510 0.783286 0.467843 0.272054 0.154307 0.085662 0.046852 0.025562 0.014226 0.008364 0.005418 0.003980 0.003297 0.002981 0.002839 0.002777 0.002750 0.002739 0.002734 0.002731 0.002729 0.002727 0.002722 0.002715 0.002702 0.002681 0.002649 0.002599 0.002526 0.002422 0.002281 0.002094 0.001857 0.001569 0.001229 0.000847 0.000432 0.000000 
50.000000 42.564831 35.387769 28.700063 22.683904 17.458395 13.075334 9.524293 6.744784 4.642292 3.104890 2.017781 1.274169 0.781930 0.466479 0.270685 0.152934 0.084288 0.045477 0.024187 0.012850 0.006988 0.004042 0.002603 0.001920 0.001604 0.001462 0.001400 0.001374 0.001363 0.001358 0.001356 0.001354 0.001353 0.001351 0.001347 0.001340 0.001330 0.001313 0.001288 0.001252 0.001200 0.001129 0.001036 0.000919 0.000776 0.000608 0.000418 0.000213 0.000000 
50.000000 42.564750 35.387610 28.699832 22.683608 17.458042 13.074933 9.523854 6.744315 4.641801 3.104382 2.017262 1.273641 0.781397 0.465943 0.270147 0.152395 0.083748 0.044936 0.023646 0.012309 0.006446 0.003501 0.002062 0.001379 0.001063 0.000921 0.000859 0.000832 0.000821 0.000817 0.000815 0.000814 0.000813 0.000811 0.000809 0.000805 0.000798 0.000788 0.000773 0.000751 0.000720 0.000677 0.000621 0.000551 0.000465 0.000364 0.000250 0.000128 0.000000 
50.000000 42.564750 35.387610 28.699832 22.683608 17.458042 13.074933 9.523854 6.744315 4.641801 3.104382 2.017262 1.273641 0.781397 0.465943 0.270147 0.152395 0.083748 0.044936 0.023646 0.012309 0.006446 0.003501 0.002062 0.001379 0.001063 0.000921 0.000859 0.000832 0.000821 0.000817 0.000815 0.000814 0.000813 0.000811 0.000809 0.000805 0.000798 0.000788 0.000773 0.000751 0.000720 0.000677 0.000621 0.000551 0.000465 0.000364 0.000250 0.000128 0.000000 
50.000000 42.564831 35.387769 28.700063 22.683904 17.458395 13.075334 9.524293 6.744784 4.642292 3.104890 2.017781 1.274169 0.781930 0.466479 0.270685 0.152934 0.084288 0.045477 0.024187 0.012850 0.006988 0.004042 0.002603 0.001920 0.001604 0.001462 0.001400 0.001374 0.001363 0.001358 0.001356 0.001354 0.001353 0.001351 0.001347 0.001340 0.001330 0.001313 0.001288 0.001252 0.001200 0.001129 0.001036 0.000919 0.000776 0.000608 0.000418 0.000213 0.000000 
50.000000 42.565036 35.388172 28.700651 22.684658 17.459293 13.076352 9.525408 6.745976 4.643542 3.106182 2.019103 1.275510 0.783286 0.467843 0.272054 0.154307 0.085662 0.046852 0.025562 0.014226 0.008364 0.005418 0.003980 0.003297 0.002981 0.002839 0.002777 0.002750 0.002739 0.002734 0.002731 0.002729 0.002727 0.002722 0.002715 0.002702 0.002681 0.002649 0.002599 0.002526 0.002422 0.002281 0.002094 0.001857 0.001569 0.001229 0.000847 0.000432 0.000000 
50.000000 42.565471 35.389027 28.701897 22.686255 17.461196 13.078511 9.527774 6.748504 4.646192 3.108921 2.021906 1.278356 0.786160 0.470735 0.274958 0.157217 0.088576 0.049769 0.028480 0.017144 0.011282 0.008337 0.006899 0.006216 0.005900 0.005758 0.005696 0.005669 0.005657 0.005652 0.005649 0.005646 0.005641 0.005632 0.005616 0.005591 0.005548 0.005482 0.005380 0.005231 0.005018 0.004727 0.004343 0.003854 0.003256 0.002553 0.001759 0.000897 0.000000 
50.000000 42.566343 35.390741 28.704395 22.689458 17.465011 13.082838 9.532517 6.753571 4.651505 3.114413 2.027524 1.284061 0.791921 0.476533 0.280778 0.163051 0.094418 0.055615 0.034329 0.022995 0.017133 0.014188 0.012750 0.012067 0.011751 0.011609 0.011547 0.011520 0.011508 0.011502 0.011498 0.011492 0.011482 0.011465 0.011434 0.011383 0.011299 0.011166 0.010962 0.010661 0.010233 0.009644 0.008864 0.007871 0.006653 0.005220 0.003598 0.001836 0.000000 
50.000000 42.568032 35.394059 28.709231 22.695660 17.472397 13.091218 9.541701 6.763384 4.661792 3.125048 2.038404 1.295108 0.803079 0.487762 0.292051 0.174350 0.105732 0.066938 0.045657 0.034325 0.028465 0.025520 0.024082 0.023399 0.023084 0.022942 0.022879 0.022852 0.022840 0.022833 0.022826 0.022815 0.022796 0.022762 0.022704 0.022604 0.022441 0.022182 0.021784 0.021195 0.020353 0.019192 0.017651 0.015683 0.013266 0.010413 0.007180 0.003665 0.000000 
50.000000 42.571203 35.400291 28.718315 22.707308 17.486271 13.106958 9.558952 6.781816 4.681117 3.145025 2.058841 1.315860 0.824039 0.508855 0.313227 0.195575 0.126987 0.088208 0.066936 0.055609 0.049751 0.046808 0.045371 0.044688 0.044372 0.044230 0.044168 0.044140 0.044127 0.044117 0.044106 0.044087 0.044052 0.043989 0.043879 0.043692 0.043384 0.042894 0.042140 0.041019 0.039411 0.037187 0.034227 0.030433 0.025761 0.020233 0.013959 0.007128 0.000000 
50.000000 42.576984 35.411651 28.734873 22.728540 17.511561 13.135650 9.590398 6.815417 4.716346 3.181443 2.096100 1.353692 0.862251 0.547310 0.351832 0.234271 0.165735 0.126986 0.105730 0.094411 0.088558 0.085618 0.084181 0.083499 0.083184 0.083041 0.082978 0.082950 0.082934 0.082921 0.082902 0.082868 0.082805 0.082692 0.082492 0.082152 0.081589 0.080691 0.079303 0.077233 0.074252 0.070116 0.064587 0.057478 0.048694 0.038275 0.026421 0.013497 0.000000 
50.000000 42.587206 35.431740 28.764154 22.766088 17.556287 13.186394 9.646013 6.874843 4.778653 3.245855 2.161998 1.420606 0.929837 0.615326 0.420114 0.302713 0.234271 0.195574 0.174347 0.163044 0.157199 0.154262 0.152828 0.152146 0.151831 0.151689 0.151625 0.151595 0.151577 0.151557 0.151525 0.151466 0.151357 0.151158 0.150807 0.150207 0.149213 0.147617 0.145143 0.141436 0.136076 0.128605 0.118578 0.105633 0.089579 0.070474 0.048683 0.024881 0.000000 
50.000000 42.604739 35.466195 28.814374 22.830486 17.632997 13.273425 9.741403 6.976771 4.885523 3.356336 2.275031 1.535383 1.045767 0.731994 0.537240 0.420114 0.351832 0.313226 0.292048 0.280771 0.274940 0.272009 0.270578 0.269898 0.269584 0.269441 0.269377 0.269344 0.269321 0.269291 0.269239 0.269141 0.268956 0.268620 0.268025 0.267002 0.265299 0.262557 0.258285 0.251855 0.242512 0.229426 0.211775 0.188881 0.160365 0.126299 0.087322 0.044653 0.000000 
50.000000 42.633886 35.523476 28.897866 22.937553 17.760533 13.418124 9.900001 7.146242 5.063215 3.540035 2.462974 1.726228 1.238530 0.925986 0.731994 0.615326 0.547309 0.508854 0.487759 0.476526 0.470717 0.467798 0.466373 0.465695 0.465382 0.465239 0.465173 0.465137 0.465106 0.465061 0.464978 0.464818 0.464518 0.463969 0.462993 0.461309 0.458494 0.453938 0.446804 0.436008 0.420236 0.398019 0.367883 0.328578 0.279367 0.220308 0.152479 0.078026 0.000000 
50.000000 42.680839 35.615749 29.032365 23.110029 17.965987 13.651231 10.155503 7.419266 5.349486 3.835987 2.765768 2.033698 1.549094 1.238530 1.045767 0.929837 0.862251 0.824038 0.803076 0.791914 0.786142 0.783241 0.781825 0.781151 0.780839 0.780696 0.780628 0.780587 0.780546 0.780478 0.780349 0.780100 0.779630 0.778765 0.777222 0.774547 0.770055 0.762745 0.751236 0.733715 0.707957 0.671435 0.621566 0.556101 0.473625 0.374094 0.259252 0.132776 0.000000 
50.000000 42.754096 35.759715 29.242212 23.379132 18.286548 14.014942 10.554162 7.845270 5.796166 4.297779 3.238240 2.513471 2.033698 1.726228 1.535383 1.420606 1.353692 1.315859 1.295105 1.284053 1.278338 1.275466 1.274064 1.273397 1.273087 1.272944 1.272873 1.272826 1.272769 1.272670 1.272477 1.272103 1.271394 1.270084 1.267734 1.263643 1.256736 1.245432 1.227521 1.200070 1.159423 1.101354 1.021451 0.915742 0.781567 0.618538 0.429352 0.220130 0.000000 
50.000000 42.864747 35.977173 29.559184 23.785614 18.770763 14.564344 11.156363 8.488786 6.470922 4.995371 3.951972 3.238240 2.765768 2.462974 2.275031 2.161998 2.096099 2.058840 2.038401 2.027517 2.021888 2.019060 2.017678 2.017020 2.016715 2.016572 2.016498 2.016442 2.016365 2.016225 2.015948 2.015409 2.014381 2.012474 2.009037 2.003022 1.992808 1.975986 1.949146 1.907698 1.845820 1.756650 1.632831 1.467503 1.255741 0.996264 0.692980 0.355785 0.000000 
50.000000 43.026491 36.295041 30.022521 24.379798 19.478583 15.367463 12.036675 9.429505 7.457323 6.015165 4.995371 4.297779 3.835987 3.540035 3.356336 3.245854 3.181443 3.145024 3.125045 3.114406 3.108904 3.106139 3.104788 3.104145 3.103845 3.103703 3.103626 3.103558 3.103458 3.103267 3.102886 3.102140 3.100712 3.098051 3.093232 3.084751 3.070258 3.046225 3.007582 2.947398 2.856712 2.724708 2.539440 2.289301 1.965334 1.564163 1.090930 0.561123 0.000000 
50.000000 43.255205 36.744523 30.677708 25.220019 20.479504 16.503159 13.281544 10.759812 8.852244 7.457323 6.470922 5.796166 5.349486 5.063215 4.885523 4.778653 4.716346 4.681116 4.661790 4.651498 4.646175 4.643500 4.642193 4.641571 4.641279 4.641139 4.641057 4.640978 4.640850 4.640600 4.640100 4.639113 4.637217 4.633669 4.627208 4.615770 4.596096 4.563225 4.509925 4.426122 4.298510 4.110587 3.843493 3.478028 2.998168 2.395973 1.677067 0.864748 0.000000 
50.000000 43.567952 37.359154 31.573630 26.368972 21.848216 18.056185 14.983880 12.579001 10.759812 9.429505 8.488786 7.845270 7.419266 7.146242 6.976771 6.874843 6.815416 6.781815 6.763381 6.753564 6.748488 6.745936 6.744689 6.744095 6.743815 6.743678 6.743593 6.743501 6.743345 6.743033 6.742406 6.741164 6.738767 6.734259 6.726006 6.711309 6.685848 6.642966 6.572793 6.461302 6.289501 6.033105 5.663248 5.148943 4.462068 3.585230 2.521765 1.304836 0.000000 
50.000000 43.981367 38.171627 32.757942 27.887774 23.657535 20.109169 17.234262 14.983880 13.281544 12.036675 11.156363 10.554162 10.155503 9.900001 9.741403 9.646013 9.590398 9.558951 9.541699 9.532511 9.527759 9.525371 9.524204 9.523647 9.523384 9.523252 9.523165 9.523062 9.522879 9.522511 9.521765 9.520283 9.517408 9.511977 9.501982 9.484068 9.452808 9.399712 9.311967 9.170957 8.950775 8.617131 8.127408 7.433036 6.485779 5.249506 3.717768 1.933497 0.000000 
50.000000 44.509492 39.209541 34.270880 29.828028 25.968938 22.731876 20.109169 18.056185 16.503159 15.367463 14.564344 14.014942 13.651231 13.418124 13.273425 13.186393 13.135650 13.106958 13.091216 13.082833 13.078497 13.076318 13.075252 13.074743 13.074502 13.074379 13.074292 13.074182 13.073980 13.073569 13.072733 13.071064 13.067816 13.061650 13.050241 13.029665 12.993491 12.931512 12.828024 12.659665 12.392937 11.981762 11.365938 10.472098 9.219956 7.537873 5.391744 2.826095 0.000000 
50.000000 45.161311 40.490551 36.138180 32.222744 28.821755 25.968938 23.657535 21.848216 20.479504 19.478583 18.770763 18.286548 17.965987 17.760533 17.632997 17.556287 17.511561 17.486271 17.472395 17.465006 17.461184 17.459263 17.458323 17.457874 17.457660 17.457549 17.457466 17.457355 17.457145 17.456716 17.455839 17.454084 17.450654 17.444116 17.431954 17.409885 17.370806 17.303260 17.189282 17.001475 16.699273 16.224499 15.496840 14.410878 12.838537 10.644649 7.728338 4.102832 0.000000 
50.000000 45.938366 42.017689 38.364261 35.077592 32.222744 29.828028 27.887774 26.368972 25.220019 24.379798 23.785614 23.379132 23.110029 22.937553 22.830486 22.766088 22.728539 22.707307 22.695658 22.689454 22.686245 22.684632 22.683843 22.683466 22.683285 22.683189 22.683115 22.683010 22.682809 22.682395 22.681548 22.679846 22.676509 22.670122 22.658186 22.636403 22.597565 22.529872 22.414464 22.221851 21.906904 21.401995 20.608072 19.384207 17.538796 14.832630 11.020255 5.982130 0.000000 
50.000000 46.832950 43.775808 40.927048 38.364261 36.138180 34.270880 32.757942 31.573630 30.677708 30.022521 29.559184 29.242212 29.032365 28.897866 28.814374 28.764154 28.734872 28.718315 28.709230 28.704392 28.701889 28.700631 28.700016 28.699721 28.699579 28.699503 28.699442 28.699352 28.699179 28.698820 28.698082 28.696598 28.693680 28.688075 28.677558 28.658271 28.623674 28.562919 28.458358 28.281734 27.988399 27.508436 26.733006 25.493531 23.531632 20.463524 15.768904 8.922961 0.000000 
50.000000 47.827354 45.730106 43.775808 42.017689 40.490551 39.209541 38.171627 37.359154 36.744523 36.295041 35.977173 35.759715 35.615749 35.523476 35.466195 35.431740 35.411651 35.400291 35.394058 35.390738 35.389021 35.388158 35.387736 35.387533 35.387436 35.387383 35.387339 35.387273 35.387145 35.386880 35.386333 35.385230 35.383057 35.378873 35.370997 35.356497 35.330363 35.284192 35.204111 35.067456 34.837390 34.453859 33.817796 32.762213 30.997434 28.006904 22.865053 14.040631 0.000000 
50.000000 48.894495 47.827354 46.832950 45.938366 45.161311 44.509492 43.981367 43.567952 43.255205 43.026491 42.864747 42.754096 42.680839 42.633886 42.604738 42.587206 42.576984 42.571203 42.568031 42.566342 42.565468 42.565029 42.564814 42.564711 42.564661 42.564634 42.564611 42.564576 42.564508 42.564367 42.564075 42.563487 42.562325 42.560085 42.555860 42.548063 42.533966 42.508962 42.465368 42.390457 42.263117 42.047870 41.683397 41.058479 39.956236 37.909989 33.786723 24.447248 0.000000 
50.000000 50.000000 50.000000 50.000000 50.000000 50.000000 50.000000 50.000000 50.000000 50.000000 50.000000 50.000000 50.000000 50.000000 50.000000 50.000000 50.000000 50.000000 50.000000 50.000000 50.000000 50.000000 50.000000 50.000000 50.000000 50.000000 50.000000 50.000000 50.000000 50.000000 50.000000 50.000000 50.000000 50.000000 50.000000 50.000000 50.000000 50.000000 50.000000 50.000000 50.000000 50.000000 50.000000 50.000000 50.000000 50.000000 50.000000 50.000000 50.000000 50.000000 
