50.000000 50.000000 50.000000 50.000000 50.000000 50.000000 50.000000 50.000000 50.000000 50.000000 50.000000 50.000000 50.000000 50.000000 50.000000 50.000000 50.000000 50.000000 50.000000 50.000000 50.000000 50.000000 50.000000 50.000000 50.000000 50.000000 50.000000 50.000000 50.000000 50.000000 50.000000 50.000000 50.000000 50.000000 50.000000 50.000000 50.000000 50.000000 50.000000 50.000000 50.000000 50.000000 50.000000 50.000000 50.000000 50.000000 50.000000 50.000000 50.000000 50.000000 
50.000000 48.706779 47.466048 46.323912 45.314998 44.459588 43.763287 43.218955 42.810128 42.514997 42.310119 42.173282 42.085303 42.030820 41.998301 41.979584 41.969188 41.963613 41.960724 41.959277 41.958575 41.958246 41.958096 41.958030 41.958002 41.957990 41.957984 41.957978 41.957968 41.957946 41.957894 41.957777 41.957520 41.956966 41.955807 41.953444 41.948752 41.939660 41.922454 41.890596 41.832737 41.729302 41.546377 41.224034 40.652029 39.613805 37.642144 33.602539 24.353390 0.000000 
50.000000 47.466048 45.034947 42.797037 40.820168 39.144078 37.779752 36.713199 35.912153 35.333884 34.932456 34.664346 34.491967 34.385216 34.321503 34.284831 34.264463 34.253539 34.247879 34.245044 34.243670 34.243025 34.242732 34.242603 34.242547 34.242523 34.242511 34.242501 34.242482 34.242440 34.242345 34.242128 34.241649 34.240623 34.238480 34.234119 34.225480 34.208793 34.177342 34.119412 34.014940 33.829991 33.507462 32.950906 31.995182 30.351217 27.501445 22.517474 13.863509 0.000000 
50.000000 46.323912 42.797037 39.550436 36.682546 34.251014 32.271774 30.724525 29.562456 28.723575 28.141239 27.752306 27.502247 27.347393 27.254970 27.201775 27.172230 27.156385 27.148175 27.144063 27.142069 27.141134 27.140709 27.140522 27.140441 27.140407 27.140389 27.140375 27.140350 27.140295 27.140167 27.139880 27.139247 27.137891 27.135066 27.129339 27.118036 27.096308 27.055604 26.981215 26.848426 26.616539 26.219654 25.552504 24.449020 22.651647 19.775218 15.295592 8.681768 0.000000 
50.000000 45.314998 40.820168 36.682546 33.027588 29.928759 27.406364 25.434527 23.953585 22.884524 22.142411 21.646772 21.328114 21.130780 21.013007 20.945221 20.907573 20.887384 20.876923 20.871682 20.869143 20.867951 20.867410 20.867171 20.867068 20.867024 20.867003 20.866986 20.866958 20.866895 20.866752 20.866428 20.865719 20.864204 20.861058 20.854704 20.842227 20.818386 20.774058 20.693807 20.552267 20.308911 19.900789 19.233004 18.167556 16.513794 14.030900 10.468951 5.701194 0.000000 
50.000000 44.459588 39.144078 34.251014 29.928759 26.264192 23.281321 20.949538 19.198279 17.934099 17.056552 16.470469 16.093668 15.860334 15.721077 15.640928 15.596414 15.572544 15.560175 15.553980 15.550977 15.549568 15.548928 15.548646 15.548525 15.548473 15.548449 15.548431 15.548401 15.548338 15.548194 15.547869 15.547158 15.545645 15.542516 15.536228 15.523946 15.500640 15.457665 15.380656 15.246550 15.019616 14.646593 14.051535 13.132096 11.761202 9.801994 7.148896 3.807558 0.000000 
50.000000 43.763287 37.779752 32.271774 27.406364 23.281321 19.923664 17.298929 15.327675 13.904708 12.916952 12.257276 11.833168 11.570544 11.413810 11.323604 11.273506 11.246642 11.232723 11.225750 11.222371 11.220786 11.220066 11.219748 11.219612 11.219554 11.219528 11.219509 11.219482 11.219423 11.219289 11.218990 11.218337 11.216954 11.214105 11.208407 11.197347 11.176509 11.138415 11.070861 10.954694 10.761113 10.448812 9.961832 9.229786 8.173360 6.719270 4.828846 2.539253 0.000000 
50.000000 43.218955 36.713199 30.724525 25.434527 20.949538 17.298929 14.445218 12.302025 10.754962 9.681082 8.963899 8.502829 8.217323 8.046935 7.948873 7.894415 7.865212 7.850082 7.842503 7.838830 7.837107 7.836324 7.835979 7.835831 7.835769 7.835741 7.835723 7.835698 7.835647 7.835533 7.835277 7.834720 7.833544 7.831134 7.826341 7.817093 7.799795 7.768444 7.713407 7.619898 7.466283 7.222609 6.850117 6.302945 5.533738 4.504870 3.205737 1.672578 0.000000 
50.000000 42.810128 35.912153 29.562456 23.953585 19.198279 15.327675 12.302025 10.029727 8.389493 7.250955 6.490603 6.001789 5.699108 5.518475 5.414519 5.356787 5.325831 5.309792 5.301758 5.297865 5.296039 5.295209 5.294844 5.294687 5.294622 5.294593 5.294576 5.294555 5.294513 5.294421 5.294215 5.293770 5.292834 5.290923 5.287143 5.279895 5.266435 5.242238 5.200168 5.129485 5.014863 4.835742 4.566562 4.178663 3.644673 2.945917 2.082161 1.080826 0.000000 
50.000000 42.514997 35.333884 28.723575 22.884524 17.934099 13.904708 10.754962 8.389493 6.682024 5.496832 4.705335 4.196506 3.881437 3.693414 3.585207 3.525117 3.492895 3.476202 3.467841 3.463789 3.461888 3.461025 3.460644 3.460481 3.460413 3.460384 3.460368 3.460351 3.460319 3.460249 3.460093 3.459758 3.459054 3.457626 3.454813 3.449453 3.439567 3.421933 3.391547 3.341012 3.260008 3.135064 2.950014 2.687549 2.332257 1.875149 1.318943 0.682260 0.000000 
50.000000 42.310119 34.932456 28.141239 22.142411 17.056552 12.916952 9.681082 7.250955 5.496832 4.279270 3.466166 2.943453 2.619792 2.426644 2.315490 2.253764 2.220667 2.203519 2.194931 2.190769 2.188817 2.187930 2.187539 2.187372 2.187303 2.187273 2.187258 2.187245 2.187222 2.187171 2.187059 2.186819 2.186318 2.185306 2.183323 2.179564 2.172677 2.160480 2.139635 2.105285 2.050786 1.967675 1.846091 1.675896 1.448604 1.160024 0.813044 0.419523 0.000000 
50.000000 42.173282 34.664346 27.752306 21.646772 16.470469 12.257276 8.963899 6.490603 4.705335 3.466166 2.638641 2.106663 1.777269 1.580703 1.467583 1.404766 1.371083 1.353634 1.344894 1.340659 1.338672 1.337770 1.337372 1.337202 1.337132 1.337102 1.337088 1.337078 1.337061 1.337026 1.336950 1.336787 1.336448 1.335765 1.334435 1.331927 1.327357 1.319320 1.305685 1.283402 1.248365 1.195455 1.118860 1.012804 0.872714 0.696702 0.487004 0.250828 0.000000 
50.000000 42.085303 34.491967 27.502247 21.328114 16.093668 11.833168 8.502829 6.001789 4.196506 2.943453 2.106663 1.568734 1.235658 1.036896 0.922514 0.858997 0.824939 0.807296 0.798459 0.794177 0.792168 0.791256 0.790854 0.790682 0.790611 0.790581 0.790568 0.790560 0.790548 0.790526 0.790476 0.790370 0.790151 0.789712 0.788860 0.787262 0.784367 0.779306 0.770777 0.756939 0.735355 0.703034 0.656659 0.593028 0.509728 0.405939 0.283174 0.145644 0.000000 
50.000000 42.030820 34.385216 27.347393 21.130780 15.860334 11.570544 8.217323 5.699108 3.881437 2.619792 1.777269 1.235658 0.900304 0.700184 0.585022 0.521072 0.486782 0.469019 0.460122 0.455811 0.453789 0.452870 0.452465 0.452292 0.452221 0.452191 0.452179 0.452172 0.452164 0.452150 0.452119 0.452053 0.451918 0.451648 0.451126 0.450152 0.448396 0.445342 0.440228 0.431984 0.419213 0.400230 0.373198 0.336388 0.288554 0.229357 0.159736 0.082068 0.000000 
50.000000 41.998301 34.321503 27.254970 21.013007 15.721077 11.413810 8.046935 5.518475 3.693414 2.426644 1.580703 1.036896 0.700184 0.499256 0.383628 0.319420 0.284992 0.267157 0.258225 0.253896 0.251866 0.250944 0.250538 0.250364 0.250292 0.250263 0.250251 0.250245 0.250240 0.250231 0.250212 0.250173 0.250093 0.249934 0.249628 0.249058 0.248036 0.246268 0.243322 0.238600 0.231331 0.220594 0.205403 0.184849 0.158302 0.125631 0.087383 0.044857 0.000000 
50.000000 41.979584 34.284831 27.201775 20.945221 15.640928 11.323604 7.948873 5.414519 3.585207 2.315491 1.467583 0.922514 0.585022 0.383628 0.267733 0.203377 0.168870 0.150994 0.142041 0.137702 0.135668 0.134743 0.134336 0.134162 0.134090 0.134061 0.134049 0.134044 0.134040 0.134035 0.134024 0.134002 0.133957 0.133866 0.133694 0.133374 0.132802 0.131817 0.130185 0.127582 0.123595 0.117739 0.109499 0.098411 0.084163 0.066708 0.046351 0.023777 0.000000 
50.000000 41.969188 34.264463 27.172230 20.907573 15.596414 11.273506 7.894415 5.356787 3.525117 2.253764 1.404766 0.858997 0.521072 0.319420 0.203377 0.138938 0.104388 0.086489 0.077524 0.073180 0.071143 0.070217 0.069810 0.069636 0.069563 0.069534 0.069523 0.069518 0.069515 0.069512 0.069506 0.069494 0.069469 0.069420 0.069326 0.069153 0.068846 0.068318 0.067446 0.066062 0.063953 0.060870 0.056553 0.050769 0.043370 0.034339 0.023839 0.012222 0.000000 
50.000000 41.963613 34.253539 27.156385 20.887384 15.572544 11.246642 7.865212 5.325831 3.492895 2.220667 1.371083 0.824940 0.486782 0.284993 0.168870 0.104388 0.069814 0.051903 0.042932 0.038585 0.036547 0.035620 0.035212 0.035038 0.034966 0.034937 0.034925 0.034921 0.034918 0.034917 0.034913 0.034907 0.034894 0.034868 0.034819 0.034729 0.034569 0.034296 0.033847 0.033138 0.032060 0.030492 0.028304 0.025386 0.021665 0.017139 0.011890 0.006093 0.000000 
50.000000 41.960724 34.247879 27.148175 20.876923 15.560175 11.232723 7.850082 5.309792 3.476202 2.203520 1.353634 0.807296 0.469019 0.267158 0.150994 0.086489 0.051903 0.033985 0.025012 0.020663 0.018624 0.017697 0.017289 0.017115 0.017043 0.017014 0.017002 0.016998 0.016996 0.016995 0.016993 0.016990 0.016983 0.016970 0.016945 0.016900 0.016820 0.016684 0.016461 0.016109 0.015577 0.014805 0.013733 0.012307 0.010494 0.008296 0.005752 0.002946 0.000000 
50.000000 41.959277 34.245044 27.144063 20.871682 15.553980 11.225750 7.842503 5.301759 3.467841 2.194931 1.344894 0.798459 0.460122 0.258225 0.142041 0.077524 0.042932 0.025012 0.016036 0.011687 0.009648 0.008721 0.008313 0.008138 0.008066 0.008037 0.008026 0.008021 0.008020 0.008019 0.008018 0.008016 0.008013 0.008006 0.007994 0.007973 0.007934 0.007868 0.007761 0.007592 0.007338 0.006971 0.006461 0.005786 0.004931 0.003895 0.002700 0.001382 0.000000 
50.000000 41.958575 34.243670 27.142070 20.869143 15.550978 11.222372 7.838831 5.297866 3.463790 2.190770 1.340660 0.794178 0.455812 0.253897 0.137703 0.073181 0.038586 0.020664 0.011688 0.007339 0.005299 0.004372 0.003964 0.003789 0.003717 0.003688 0.003677 0.003672 0.003671 0.003670 0.003669 0.003669 0.003667 0.003664 0.003658 0.003648 0.003630 0.003599 0.003549 0.003471 0.003354 0.003184 0.002950 0.002640 0.002249 0.001775 0.001230 0.000630 0.000000 
50.000000 41.958246 34.243026 27.141135 20.867953 15.549570 11.220788 7.837109 5.296042 3.461891 2.188820 1.338675 0.792171 0.453791 0.251869 0.135670 0.071145 0.036549 0.018626 0.009650 0.005300 0.003260 0.002333 0.001925 0.001751 0.001679 0.001650 0.001638 0.001634 0.001632 0.001632 0.001631 0.001631 0.001630 0.001629 0.001626 0.001621 0.001613 0.001599 0.001577 0.001542 0.001489 0.001413 0.001308 0.001170 0.000996 0.000786 0.000544 0.000279 0.000000 
50.000000 41.958098 34.242734 27.140712 20.867414 15.548933 11.220071 7.836330 5.295216 3.461031 2.187937 1.337776 0.791262 0.452877 0.250951 0.134750 0.070224 0.035627 0.017704 0.008727 0.004378 0.002338 0.001411 0.001003 0.000828 0.000756 0.000727 0.000716 0.000711 0.000710 0.000709 0.000709 0.000709 0.000708 0.000708 0.000706 0.000704 0.000701 0.000695 0.000685 0.000669 0.000646 0.000613 0.000567 0.000507 0.000432 0.000341 0.000236 0.000121 0.000000 
50.000000 41.958034 34.242609 27.140530 20.867182 15.548659 11.219763 7.835995 5.294860 3.460661 2.187557 1.337390 0.790872 0.452483 0.250556 0.134354 0.069828 0.035230 0.017307 0.008331 0.003981 0.001941 0.001014 0.000606 0.000431 0.000359 0.000330 0.000319 0.000314 0.000313 0.000312 0.000312 0.000312 0.000312 0.000311 0.000311 0.000310 0.000308 0.000306 0.000301 0.000294 0.000284 0.000269 0.000249 0.000223 0.000189 0.000149 0.000103 0.000053 0.000000 
50.000000 41.958010 34.242563 27.140464 20.867097 15.548559 11.219650 7.835872 5.294730 3.460526 2.187418 1.337249 0.790729 0.452339 0.250411 0.134209 0.069683 0.035085 0.017162 0.008185 0.003836 0.001796 0.000869 0.000461 0.000286 0.000214 0.000185 0.000174 0.000169 0.000168 0.000167 0.000167 0.000167 0.000167 0.000166 0.000166 0.000166 0.000165 0.000163 0.000161 0.000157 0.000152 0.000144 0.000133 0.000119 0.000101 0.000080 0.000055 0.000028 0.000000 
50.000000 41.958010 34.242563 27.140464 20.867097 15.548559 11.219650 7.835872 5.294730 3.460526 2.187418 1.337249 0.790729 0.452339 0.250411 0.134209 0.069683 0.035085 0.017162 0.008185 0.003836 0.001796 0.000869 0.000461 0.000286 0.000214 0.000185 0.000174 0.000169 0.000168 0.000167 0.000167 0.000167 0.000167 0.000166 0.000166 0.000166 0.000165 0.000163 0.000161 0.000157 0.000152 0.000144 0.000133 0.000119 0.000101 0.000080 0.000055 0.000028 0.000000 
50.000000 41.958034 34.242609 27.140530 20.867182 15.548659 11.219763 7.835995 5.294860 3.460661 2.187557 1.337390 0.790872 0.452483 0.250556 0.134354 0.069828 0.035230 0.017307 0.008331 0.003981 0.001941 0.001014 0.000606 0.000431 0.000359 0.000330 0.000319 0.000314 0.000313 0.000312 0.000312 0.000312 0.000312 0.000311 0.000311 0.000310 0.000308 0.000306 0.000301 0.000294 0.000284 0.000269 0.000249 0.000223 0.000189 0.000149 0.000103 0.000053 0.000000 
50.000000 41.958098 34.242734 27.140712 20.867414 15.548933 11.220071 7.836330 5.295216 3.461031 2.187937 1.337776 0.791262 0.452877 0.250951 0.134750 0.070224 0.035627 0.017704 0.008727 0.004378 0.002338 0.001411 0.001003 0.000828 0.000756 0.000727 0.000716 0.000711 0.000710 0.000709 0.000709 0.000709 0.000708 0.000708 0.000706 0.000704 0.000701 0.000695 0.000685 0.000669 0.000646 0.000613 0.000567 0.000507 0.000432 0.000341 0.000236 0.000121 0.000000 
50.000000 41.958246 34.243026 27.141135 20.867953 15.549570 11.220788 7.837109 5.296042 3.461891 2.188820 1.338675 0.792171 0.453791 0.251869 0.135670 0.071145 0.036549 0.018626 0.009650 0.005300 0.003260 0.002333 0.001925 0.001751 0.001679 0.001650 0.001638 0.001634 0.001632 0.001632 0.001631 0.001631 0.001630 0.001629 0.001626 0.001621 0.001613 0.001599 0.001577 0.001542 0.001489 0.001413 0.001308 0.001170 0.000996 0.000786 0.000544 0.000279 0.000000 
50.000000 41.958575 34.243670 27.142070 20.869143 15.550978 11.222372 7.838831 5.297866 3.463790 2.190770 1.340660 0.794178 0.455812 0.253897 0.137703 0.073181 0.038586 0.020664 0.011688 0.007339 0.005299 0.004372 0.003964 0.003789 0.003717 0.003688 0.003677 0.003672 0.003671 0.003670 0.003669 0.003669 0.003667 0.003664 0.003658 0.003648 0.003630 0.003599 0.003549 0.003471 0.003354 0.003184 0.002950 0.002640 0.002249 0.001775 0.001230 0.000630 0.000000 
50.000000 41.959277 34.245044 27.144063 20.871682 15.553980 11.225750 7.842503 5.301759 3.467841 2.194931 1.344894 0.798459 0.460122 0.258225 0.142041 0.077524 0.042932 0.025012 0.016036 0.011687 0.009648 0.008721 0.008313 0.008138 0.008066 0.008037 0.008026 0.008021 0.008020 0.008019 0.008018 0.008016 0.008013 0.008006 0.007994 0.007973 0.007934 0.007868 0.007761 0.007592 0.007338 0.006971 0.006461 0.005786 0.004931 0.003895 0.002700 0.001382 0.000000 
50.000000 41.960724 34.247879 27.148175 20.876923 15.560175 11.232723 7.850082 5.309792 3.476202 2.203520 1.353634 0.807296 0.469019 0.267158 0.150994 0.086489 0.051903 0.033985 0.025012 0.020663 0.018624 0.017697 0.017289 0.017115 0.017043 0.017014 0.017002 0.016998 0.016996 0.016995 0.016993 0.016990 0.016983 0.016970 0.016945 0.016900 0.016820 0.016684 0.016461 0.016109 0.015577 0.014805 0.013733 0.012307 0.010494 0.008296 0.005752 0.002946 0.000000 
50.000000 41.963613 34.253539 27.156385 20.887384 15.572544 11.246642 7.865212 5.325831 3.492895 2.220667 1.371083 0.824940 0.486782 0.284993 0.168870 0.104388 0.069814 0.051903 0.042932 0.038585 0.036547 0.035620 0.035212 0.035038 0.034966 0.034937 0.034925 0.034921 0.034918 0.034917 0.034913 0.034907 0.034894 0.034868 0.034819 0.034729 0.034569 0.034296 0.033847 0.033138 0.032060 0.030492 0.028304 0.025386 0.021665 0.017139 0.011890 0.006093 0.000000 
50.000000 41.969188 34.264463 27.172230 20.907573 15.596414 11.273506 7.894415 5.356787 3.525117 2.253764 1.404766 0.858997 0.521072 0.319420 0.203377 0.138938 0.104388 0.086489 0.077524 0.073180 0.071143 0.070217 0.069810 0.069636 0.069563 0.069534 0.069523 0.069518 0.069515 0.069512 0.069506 0.069494 0.069469 0.069420 0.069326 0.069153 0.068846 0.068318 0.067446 0.066062 0.063953 0.060870 0.056553 0.050769 0.043370 0.034339 0.023839 0.012222 0.000000 
50.000000 41.979584 34.284831 27.201775 20.945221 15.640928 11.323604 7.948873 5.414519 3.585207 2.315491 1.467583 0.922514 0.585022 0.383628 0.267733 0.203377 0.168870 0.150994 0.142041 0.137702 0.135668 0.134743 0.134336 0.134162 0.134090 0.134061 0.134049 0.134044 0.134040 0.134035 0.134024 0.134002 0.133957 0.133866 0.133694 0.133374 0.132802 0.131817 0.130185 0.127582 0.123595 0.117739 0.109499 0.098411 0.084163 0.066708 0.046351 0.023777 0.000000 
50.000000 41.998301 34.321503 27.254970 21.013007 15.721077 11.413810 8.046935 5.518475 3.693414 2.426644 1.580703 1.036896 0.700184 0.499256 0.383628 0.319420 0.284992 0.267157 0.258225 0.253896 0.251866 0.250944 0.250538 0.250364 0.250292 0.250263 0.250251 0.250245 0.250240 0.250231 0.250212 0.250173 0.250093 0.249934 0.249628 0.249058 0.248036 0.246268 0.243322 0.238600 0.231331 0.220594 0.205403 0.184849 0.158302 0.125631 0.087383 0.044857 0.000000 
50.000000 42.030820 34.385216 27.347393 21.130780 15.860334 11.570544 8.217323 5.699108 3.881437 2.619792 1.777269 1.235658 0.900304 0.700184 0.585022 0.521072 0.486782 0.469019 0.460122 0.455811 0.453789 0.452870 0.452465 0.452292 0.452221 0.452191 0.452179 0.452172 0.452164 0.452150 0.452119 0.452053 0.451918 0.451648 0.451126 0.450152 0.448396 0.445342 0.440228 0.431984 0.419213 0.400230 0.373198 0.336388 0.288554 0.229357 0.159736 0.082068 0.000000 
50.000000 42.085303 34.491967 27.502247 21.328114 16.093668 11.833168 8.502829 6.001789 4.196506 2.943453 2.106663 1.568734 1.235658 1.036896 0.922514 0.858997 0.824939 0.807296 0.798459 0.794177 0.792168 0.791256 0.790854 0.790682 0.790611 0.790581 0.790568 0.790560 0.790548 0.790526 0.790476 0.790370 0.790151 0.789712 0.788860 0.787262 0.784367 0.779306 0.770777 0.756939 0.735355 0.703034 0.656659 0.593028 0.509728 0.405939 0.283174 0.145644 0.000000 
50.000000 42.173282 34.664346 27.752306 21.646772 16.470469 12.257276 8.963899 6.490603 4.705335 3.466166 2.638641 2.106663 1.777269 1.580703 1.467583 1.404766 1.371083 1.353634 1.344894 1.340659 1.338672 1.337770 1.337372 1.337202 1.337132 1.337102 1.337088 1.337078 1.337061 1.337026 1.336950 1.336787 1.336448 1.335765 1.334435 1.331927 1.327357 1.319320 1.305685 1.283402 1.248365 1.195455 1.118860 1.012804 0.872714 0.696702 0.487004 0.250828 0.000000 
50.000000 42.310119 34.932456 28.141239 22.142411 17.056552 12.916952 9.681082 7.250955 5.496832 4.279270 3.466166 2.943453 2.619792 2.426644 2.315490 2.253764 2.220667 2.203519 2.194931 2.190769 2.188817 2.187930 2.187539 2.187372 2.187303 2.187273 2.187258 2.187245 2.187222 2.187171 2.187059 2.186819 2.186318 2.185306 2.183323 2.179564 2.172677 2.160480 2.139635 2.105285 2.050786 1.967675 1.846091 1.675896 1.448604 1.160024 0.813044 0.419523 0.000000 
50.000000 42.514997 35.333884 28.723575 22.884524 17.934099 13.904708 10.754962 8.389493 6.682024 5.496832 4.705335 4.196506 3.881437 3.693414 3.585207 3.525117 3.492895 3.476202 3.467841 3.463789 3.461888 3.461025 3.460644 3.460481 3.460413 3.460384 3.460368 3.460351 3.460319 3.460249 3.460093 3.459758 3.459054 3.457626 3.454813 3.449453 3.439567 3.421933 3.391547 3.341012 3.260008 3.135064 2.950014 2.687549 2.332257 1.875149 1.318943 0.682260 0.000000 
50.000000 42.810128 35.912153 29.562456 23.953585 19.198279 15.327675 12.302025 10.029727 8.389493 7.250955 6.490603 6.001789 5.699108 5.518475 5.414519 5.356787 5.325831 5.309792 5.301758 5.297865 5.296039 5.295209 5.294844 5.294687 5.294622 5.294593 5.294576 5.294555 5.294513 5.294421 5.294215 5.293770 5.292834 5.290923 5.287143 5.279895 5.266435 5.242238 5.200168 5.129485 5.014863 4.835742 4.566562 4.178663 3.644673 2.945917 2.082161 1.080826 0.000000 
50.000000 43.218955 36.713199 30.724525 25.434527 20.949538 17.298929 14.445218 12.302025 10.754962 9.681082 8.963899 8.502829 8.217323 8.046935 7.948873 7.894415 7.865212 7.850082 7.842503 7.838830 7.837107 7.836324 7.835979 7.835831 7.835769 7.835741 7.835723 7.835698 7.835647 7.835533 7.835277 7.834720 7.833544 7.831134 7.826341 7.817093 7.799795 7.768444 7.713407 7.619898 7.466283 7.222609 6.850117 6.302945 5.533738 4.504870 3.205737 1.672578 0.000000 
50.000000 43.763287 37.779752 32.271774 27.406364 23.281321 19.923664 17.298929 15.327675 13.904708 12.916952 12.257276 11.833168 11.570544 11.413810 11.323604 11.273506 11.246642 11.232723 11.225750 11.222371 11.220786 11.220066 11.219748 11.219612 11.219554 11.219528 11.219509 11.219482 11.219423 11.219289 11.218990 11.218337 11.216954 11.214105 11.208407 11.197347 11.176509 11.138415 11.070861 10.954694 10.761113 10.448812 9.961832 9.229786 8.173360 6.719270 4.828846 2.539253 0.000000 
50.000000 44.459588 39.144078 34.251014 29.928759 26.264192 23.281321 20.949538 19.198279 17.934099 17.056552 16.470469 16.093668 15.860334 15.721077 15.640928 15.596414 15.572544 15.560175 15.553980 15.550977 15.549568 15.548928 15.548646 15.548525 15.548473 15.548449 15.548431 15.548401 15.548338 15.548194 15.547869 15.547158 15.545645 15.542516 15.536228 15.523946 15.500640 15.457665 15.380656 15.246550 15.019616 14.646593 14.051535 13.132096 11.761202 9.801994 7.148896 3.807558 0.000000 
50.000000 45.314998 40.820168 36.682546 33.027588 29.928759 27.406364 25.434527 23.953585 22.884524 22.142411 21.646772 21.328114 21.130780 21.013007 20.945221 20.907573 20.887384 20.876923 20.871682 20.869143 20.867951 20.867410 20.867171 20.867068 20.867024 20.867003 20.866986 20.866958 20.866895 20.866752 20.866428 20.865719 20.864204 20.861058 20.854704 20.842227 20.818386 20.774058 20.693807 20.552267 20.308911 19.900789 19.233004 18.167556 16.513794 14.030900 10.468951 5.701194 0.000000 
50.000000 46.323912 42.797037 39.550436 36.682546 34.251014 32.271774 30.724525 29.562456 28.723575 28.141239 27.752306 27.502247 27.347393 27.254970 27.201775 27.172230 27.156385 27.148175 27.144063 27.142069 27.141134 27.140709 27.140522 27.140441 27.140407 27.140389 27.140375 27.140350 27.140295 27.140167 27.139880 27.139247 27.137891 27.135066 27.129339 27.118036 27.096308 27.055604 26.981215 26.848426 26.616539 26.219654 25.552504 24.449020 22.651647 19.775218 15.295592 8.681768 0.000000 
50.000000 47.466048 45.034947 42.797037 40.820168 39.144078 37.779752 36.713199 35.912153 35.333884 34.932456 34.664346 34.491967 34.385216 34.321503 34.284831 34.264463 34.253539 34.247879 34.245044 34.243670 34.243025 34.242732 34.242603 34.242547 34.242523 34.242511 34.242501 34.242482 34.242440 34.242345 34.242128 34.241649 34.240623 34.238480 34.234119 34.225480 34.208793 34.177342 34.119412 34.014940 33.829991 33.507462 32.950906 31.995182 30.351217 27.501445 22.517474 13.863509 0.000000 
50.000000 48.706779 47.466048 46.323912 45.314998 44.459588 43.763287 43.218955 42.810128 42.514997 42.310119 42.173282 42.085303 42.030820 41.998301 41.979584 41.969188 41.963613 41.960724 41.959277 41.958575 41.958246 41.958096 41.958030 41.958002 41.957990 41.957984 41.957978 41.957968 41.957946 41.957894 41.957777 41.957520 41.956966 41.955807 41.953444 41.948752 41.939660 41.922454 41.890596 41.832737 41.729302 41.546377 41.224034 40.652029 39.613805 37.642144 33.602539 24.353390 0.000000 
50.000000 50.000000 50.000000 50.000000 50.000000 50.000000 50.000000 50.000000 50.000000 50.000000 50.000000 50.000000 50.000000 50.000000 50.000000 50.000000 50.000000 50.000000 50.000000 50.000000 50.000000 50.000000 50.000000 50.000000 50.000000 50.000000 50.000000 50.000000 50.000000 50.000000 50.000000 50.000000 50.000000 50.000000 50.000000 50.000000 50.000000 50.000000 50.000000 50.000000 50.000000 50.000000 50.000000 50.000000 50.000000 50.000000 50.000000 50.000000 50.000000 50.000000 
