50.000000 50.000000 50.000000 50.000000 50.000000 50.000000 50.000000 50.000000 50.000000 50.000000 50.000000 50.000000 50.000000 50.000000 50.000000 50.000000 50.000000 50.000000 50.000000 50.000000 50.000000 50.000000 50.000000 50.000000 50.000000 50.000000 50.000000 50.000000 50.000000 50.000000 50.000000 50.000000 50.000000 50.000000 50.000000 50.000000 50.000000 50.000000 50.000000 50.000000 50.000000 50.000000 50.000000 50.000000 50.000000 50.000000 50.000000 50.000000 50.000000 50.000000 
50.000000 48.503785 47.077819 45.782467 44.660645 43.734121 43.004045 42.454913 42.060423 41.789572 41.611717 41.499934 41.432637 41.393795 41.372285 41.360846 41.354999 41.352124 41.350763 41.350142 41.349869 41.349753 41.349706 41.349687 41.349679 41.349677 41.349675 41.349674 41.349671 41.349664 41.349646 41.349602 41.349494 41.349240 41.348663 41.347387 41.344651 41.338952 41.327406 41.304625 41.260752 41.178006 41.024439 40.742035 40.222091 39.248851 37.354832 33.403985 24.251893 0.000000 
50.000000 47.077819 44.292839 41.762962 39.572004 37.762476 36.336625 35.264167 34.493731 33.964766 33.617423 33.399118 33.267692 33.191839 33.149833 33.127494 33.116076 33.110462 33.107804 33.106591 33.106058 33.105831 33.105739 33.105702 33.105687 33.105682 33.105679 33.105677 33.105672 33.105659 33.105626 33.105544 33.105346 33.104881 33.103825 33.101496 33.096515 33.086169 33.065296 33.024331 32.946000 32.799717 32.532056 32.050144 31.191714 29.669194 26.964519 22.146420 13.673833 0.000000 
50.000000 45.782467 41.762962 38.111654 34.949515 32.337900 30.280046 28.732242 27.620337 26.856937 26.355660 26.040614 25.850949 25.741484 25.680867 25.648631 25.632154 25.624053 25.620218 25.618468 25.617699 25.617372 25.617238 25.617185 25.617164 25.617156 25.617153 25.617149 25.617143 25.617126 25.617083 25.616976 25.616718 25.616115 25.614749 25.611745 25.605344 25.592116 25.565588 25.513936 25.416177 25.236106 24.912744 24.345612 23.372495 21.737844 19.055827 14.798443 8.427635 0.000000 
50.000000 44.660645 39.572004 34.949515 30.946332 27.640126 25.034989 23.075574 21.667999 20.701617 20.067065 19.668266 19.428185 19.289626 19.212899 19.172097 19.151243 19.140990 19.136136 19.133922 19.132948 19.132535 19.132365 19.132298 19.132272 19.132262 19.132257 19.132254 19.132246 19.132228 19.132180 19.132063 19.131781 19.131124 19.129640 19.126390 19.119498 19.105341 19.077164 19.022813 18.921177 18.736840 18.412458 17.858588 16.941613 15.473166 13.211671 9.902810 5.411794 0.000000 
50.000000 43.734121 37.762476 32.337900 27.640126 23.760300 20.703215 18.403908 16.752194 15.618218 14.873636 14.405696 14.123999 13.961426 13.871404 13.823533 13.799067 13.787038 13.781344 13.778747 13.777604 13.777119 13.776920 13.776841 13.776811 13.776799 13.776794 13.776790 13.776783 13.776765 13.776719 13.776605 13.776331 13.775695 13.774265 13.771148 13.764575 13.751163 13.724690 13.674141 13.580799 13.414152 13.126663 12.647953 11.880150 10.698513 8.965405 6.570762 3.512030 0.000000 
50.000000 43.004045 36.336625 30.280046 25.034989 20.703215 17.290066 14.722993 12.878962 11.612977 10.781734 10.259344 9.944876 9.763396 9.662907 9.609472 9.582163 9.568737 9.562382 9.559483 9.558208 9.557666 9.557444 9.557356 9.557322 9.557310 9.557304 9.557300 9.557294 9.557278 9.557236 9.557135 9.556894 9.556334 9.555079 9.552360 9.546660 9.535111 9.512508 9.469791 9.391883 9.254878 9.022842 8.645033 8.055263 7.176401 5.934434 4.286481 2.262010 0.000000 
50.000000 42.454913 35.264167 28.732242 23.075574 18.403908 14.722993 11.954572 9.965938 8.600706 7.704318 7.141000 6.801903 6.606215 6.497862 6.440247 6.410803 6.396327 6.389476 6.386351 6.384976 6.384392 6.384153 6.384058 6.384022 6.384008 6.384002 6.383999 6.383993 6.383980 6.383946 6.383863 6.383666 6.383211 6.382195 6.380005 6.375443 6.366264 6.348450 6.315116 6.255034 6.150845 5.977286 5.700151 5.277245 4.663116 3.819498 2.732111 1.430474 0.000000 
50.000000 42.060423 34.493731 27.620337 21.667999 16.752194 12.878962 9.965938 7.873467 6.436974 5.493815 4.901118 4.544345 4.338461 4.224465 4.163852 4.132876 4.117648 4.110440 4.107153 4.105707 4.105093 4.104842 4.104742 4.104703 4.104689 4.104683 4.104680 4.104676 4.104665 4.104639 4.104576 4.104426 4.104081 4.103315 4.101672 4.098268 4.091467 4.078374 4.054103 4.010830 3.936734 3.815094 3.624084 3.338042 2.931159 2.384231 1.694014 0.882417 0.000000 
50.000000 41.789572 33.964766 26.856937 20.701617 15.618218 11.612977 8.600706 6.436974 4.951582 3.976335 3.363485 2.994587 2.781712 2.663847 2.601179 2.569153 2.553409 2.545958 2.542559 2.541065 2.540430 2.540170 2.540067 2.540027 2.540012 2.540006 2.540004 2.540000 2.539993 2.539974 2.539929 2.539822 2.539577 2.539034 2.537877 2.535494 2.530764 2.521725 2.505114 2.475791 2.426144 2.345672 2.221094 2.037419 1.780440 1.440760 1.018766 0.528820 0.000000 
50.000000 41.611717 33.617423 26.355660 20.067065 14.873636 10.781734 7.704318 5.493815 3.976335 2.980033 2.353962 1.977113 1.759652 1.639251 1.575235 1.542522 1.526440 1.518829 1.515358 1.513831 1.513183 1.512917 1.512812 1.512771 1.512756 1.512750 1.512748 1.512745 1.512740 1.512728 1.512697 1.512625 1.512461 1.512099 1.511330 1.509756 1.506651 1.500759 1.490017 1.471220 1.439712 1.389202 1.311943 1.199495 1.044253 0.841725 0.593091 0.307092 0.000000 
50.000000 41.499934 33.399118 26.040614 19.668266 14.405696 10.259344 7.141000 4.901118 3.363485 2.353962 1.719590 1.337749 1.117411 0.995418 0.930557 0.897412 0.881119 0.873408 0.869891 0.868344 0.867688 0.867418 0.867312 0.867271 0.867255 0.867250 0.867247 0.867245 0.867242 0.867234 0.867214 0.867169 0.867064 0.866836 0.866353 0.865368 0.863436 0.859795 0.853203 0.841759 0.822744 0.792550 0.746835 0.681006 0.591102 0.475025 0.333823 0.172529 0.000000 
50.000000 41.432637 33.267692 25.850949 19.428185 14.123999 9.944876 6.801903 4.544345 2.994587 1.977113 1.337749 0.952907 0.730839 0.607890 0.542521 0.509117 0.492697 0.484925 0.481381 0.479823 0.479161 0.478889 0.478782 0.478741 0.478725 0.478720 0.478717 0.478716 0.478714 0.478709 0.478697 0.478669 0.478607 0.478470 0.478181 0.477595 0.476453 0.474312 0.470462 0.463824 0.452878 0.435639 0.409765 0.372836 0.322844 0.258833 0.181523 0.093685 0.000000 
50.000000 41.393795 33.191839 25.741484 19.289626 13.961426 9.763396 6.606215 4.338461 2.781712 1.759652 1.117411 0.730839 0.507774 0.384275 0.318614 0.285060 0.268567 0.260761 0.257201 0.255635 0.254970 0.254698 0.254590 0.254548 0.254533 0.254527 0.254525 0.254524 0.254523 0.254520 0.254513 0.254497 0.254461 0.254383 0.254219 0.253887 0.253243 0.252043 0.249896 0.246218 0.240193 0.230773 0.216736 0.196852 0.170129 0.136140 0.095324 0.049144 0.000000 
50.000000 41.372285 33.149833 25.680867 19.212899 13.871404 9.662907 6.497862 4.224465 2.663847 1.639251 0.995418 0.607890 0.384275 0.260471 0.194648 0.161012 0.144478 0.136653 0.133085 0.131515 0.130849 0.130576 0.130467 0.130426 0.130410 0.130405 0.130403 0.130402 0.130401 0.130399 0.130396 0.130387 0.130367 0.130324 0.130235 0.130056 0.129709 0.129066 0.127921 0.125970 0.122793 0.117856 0.110547 0.100256 0.086510 0.069122 0.048336 0.024898 0.000000 
50.000000 41.360846 33.127494 25.648631 19.172097 13.823533 9.609472 6.440247 4.163852 2.601179 1.575235 0.930557 0.542521 0.318614 0.194648 0.128739 0.095060 0.078505 0.070669 0.067096 0.065525 0.064858 0.064584 0.064476 0.064434 0.064419 0.064413 0.064411 0.064410 0.064410 0.064409 0.064407 0.064402 0.064392 0.064370 0.064323 0.064231 0.064052 0.063721 0.063136 0.062144 0.060537 0.058052 0.054393 0.049269 0.042458 0.033882 0.023669 0.012184 0.000000 
50.000000 41.354999 33.116076 25.632154 19.151243 13.799067 9.582163 6.410803 4.132876 2.569153 1.542522 0.897412 0.509117 0.285060 0.161012 0.095060 0.061359 0.044792 0.036952 0.033376 0.031804 0.031136 0.030862 0.030754 0.030712 0.030697 0.030691 0.030689 0.030689 0.030688 0.030688 0.030687 0.030684 0.030679 0.030668 0.030645 0.030599 0.030511 0.030348 0.030061 0.029576 0.028795 0.027592 0.025829 0.023372 0.020119 0.016039 0.011195 0.005759 0.000000 
50.000000 41.352124 33.110462 25.624053 19.140990 13.787038 9.568737 6.396327 4.117648 2.553409 1.526440 0.881119 0.492697 0.268567 0.144478 0.078505 0.044792 0.028220 0.020378 0.016801 0.015228 0.014560 0.014286 0.014178 0.014136 0.014121 0.014115 0.014113 0.014112 0.014112 0.014112 0.014111 0.014110 0.014108 0.014102 0.014091 0.014069 0.014028 0.013951 0.013815 0.013588 0.013222 0.012662 0.011843 0.010707 0.009209 0.007335 0.005116 0.002631 0.000000 
50.000000 41.350763 33.107804 25.620218 19.136136 13.781344 9.562382 6.389476 4.110440 2.545958 1.518829 0.873408 0.484925 0.260761 0.136653 0.070669 0.036952 0.020378 0.012534 0.008956 0.007383 0.006715 0.006441 0.006333 0.006291 0.006276 0.006270 0.006268 0.006267 0.006267 0.006267 0.006267 0.006266 0.006265 0.006263 0.006258 0.006248 0.006228 0.006193 0.006132 0.006029 0.005864 0.005613 0.005246 0.004739 0.004073 0.003242 0.002260 0.001162 0.000000 
50.000000 41.350142 33.106591 25.618468 19.133922 13.778747 9.559483 6.386351 4.107153 2.542559 1.515358 0.869891 0.481381 0.257201 0.133085 0.067096 0.033376 0.016801 0.008956 0.005379 0.003806 0.003138 0.002864 0.002755 0.002713 0.002698 0.002692 0.002691 0.002690 0.002690 0.002690 0.002689 0.002689 0.002689 0.002688 0.002685 0.002681 0.002672 0.002657 0.002630 0.002585 0.002514 0.002405 0.002246 0.002028 0.001742 0.001386 0.000965 0.000496 0.000000 
50.000000 41.349869 33.106058 25.617699 19.132948 13.777604 9.558208 6.384976 4.105707 2.541065 1.513831 0.868344 0.479823 0.255635 0.131515 0.065525 0.031804 0.015228 0.007383 0.003806 0.002232 0.001564 0.001290 0.001182 0.001140 0.001125 0.001119 0.001117 0.001116 0.001116 0.001116 0.001116 0.001116 0.001116 0.001115 0.001114 0.001112 0.001109 0.001102 0.001091 0.001072 0.001042 0.000996 0.000930 0.000840 0.000721 0.000573 0.000399 0.000205 0.000000 
50.000000 41.349753 33.105832 25.617372 19.132535 13.777119 9.557667 6.384393 4.105094 2.540430 1.513183 0.867688 0.479161 0.254971 0.130849 0.064858 0.031137 0.014560 0.006715 0.003138 0.001564 0.000896 0.000623 0.000514 0.000472 0.000457 0.000451 0.000449 0.000449 0.000448 0.000448 0.000448 0.000448 0.000448 0.000448 0.000448 0.000447 0.000445 0.000443 0.000438 0.000430 0.000418 0.000400 0.000373 0.000337 0.000289 0.000229 0.000160 0.000082 0.000000 
50.000000 41.349706 33.105739 25.617238 19.132366 13.776921 9.557445 6.384154 4.104842 2.540171 1.512918 0.867419 0.478890 0.254699 0.130577 0.064585 0.030863 0.014287 0.006442 0.002865 0.001291 0.000623 0.000349 0.000241 0.000199 0.000184 0.000178 0.000176 0.000175 0.000175 0.000175 0.000175 0.000175 0.000175 0.000175 0.000175 0.000175 0.000174 0.000173 0.000171 0.000168 0.000163 0.000156 0.000146 0.000131 0.000113 0.000089 0.000062 0.000032 0.000000 
50.000000 41.349687 33.105703 25.617186 19.132300 13.776843 9.557359 6.384061 4.104744 2.540069 1.512814 0.867314 0.478785 0.254593 0.130470 0.064479 0.030757 0.014181 0.006336 0.002758 0.001185 0.000517 0.000243 0.000134 0.000092 0.000077 0.000071 0.000069 0.000069 0.000069 0.000069 0.000069 0.000068 0.000068 0.000068 0.000068 0.000068 0.000068 0.000068 0.000067 0.000066 0.000064 0.000061 0.000057 0.000051 0.000044 0.000035 0.000024 0.000012 0.000000 
50.000000 41.349681 33.105690 25.617168 19.132277 13.776817 9.557329 6.384029 4.104711 2.540035 1.512779 0.867279 0.478749 0.254557 0.130434 0.064442 0.030721 0.014145 0.006300 0.002722 0.001148 0.000480 0.000207 0.000098 0.000056 0.000041 0.000035 0.000033 0.000033 0.000033 0.000032 0.000032 0.000032 0.000032 0.000032 0.000032 0.000032 0.000032 0.000032 0.000032 0.000031 0.000030 0.000029 0.000027 0.000024 0.000021 0.000016 0.000011 0.000006 0.000000 
50.000000 41.349681 33.105690 25.617168 19.132277 13.776817 9.557329 6.384029 4.104711 2.540035 1.512779 0.867279 0.478749 0.254557 0.130434 0.064442 0.030721 0.014145 0.006300 0.002722 0.001148 0.000480 0.000207 0.000098 0.000056 0.000041 0.000035 0.000033 0.000033 0.000033 0.000032 0.000032 0.000032 0.000032 0.000032 0.000032 0.000032 0.000032 0.000032 0.000032 0.000031 0.000030 0.000029 0.000027 0.000024 0.000021 0.000016 0.000011 0.000006 0.000000 
50.000000 41.349687 33.105703 25.617186 19.132300 13.776843 9.557359 6.384061 4.104744 2.540069 1.512814 0.867314 0.478785 0.254593 0.130470 0.064479 0.030757 0.014181 0.006336 0.002758 0.001185 0.000517 0.000243 0.000134 0.000092 0.000077 0.000071 0.000069 0.000069 0.000069 0.000069 0.000069 0.000068 0.000068 0.000068 0.000068 0.000068 0.000068 0.000068 0.000067 0.000066 0.000064 0.000061 0.000057 0.000051 0.000044 0.000035 0.000024 0.000012 0.000000 
50.000000 41.349706 33.105739 25.617238 19.132366 13.776921 9.557445 6.384154 4.104842 2.540171 1.512918 0.867419 0.478890 0.254699 0.130577 0.064585 0.030863 0.014287 0.006442 0.002865 0.001291 0.000623 0.000349 0.000241 0.000199 0.000184 0.000178 0.000176 0.000175 0.000175 0.000175 0.000175 0.000175 0.000175 0.000175 0.000175 0.000175 0.000174 0.000173 0.000171 0.000168 0.000163 0.000156 0.000146 0.000131 0.000113 0.000089 0.000062 0.000032 0.000000 
50.000000 41.349753 33.105832 25.617372 19.132535 13.777119 9.557667 6.384393 4.105094 2.540430 1.513183 0.867688 0.479161 0.254971 0.130849 0.064858 0.031137 0.014560 0.006715 0.003138 0.001564 0.000896 0.000623 0.000514 0.000472 0.000457 0.000451 0.000449 0.000449 0.000448 0.000448 0.000448 0.000448 0.000448 0.000448 0.000448 0.000447 0.000445 0.000443 0.000438 0.000430 0.000418 0.000400 0.000373 0.000337 0.000289 0.000229 0.000160 0.000082 0.000000 
50.000000 41.349869 33.106058 25.617699 19.132948 13.777604 9.558208 6.384976 4.105707 2.541065 1.513831 0.868344 0.479823 0.255635 0.131515 0.065525 0.031804 0.015228 0.007383 0.003806 0.002232 0.001564 0.001290 0.001182 0.001140 0.001125 0.001119 0.001117 0.001116 0.001116 0.001116 0.001116 0.001116 0.001116 0.001115 0.001114 0.001112 0.001109 0.001102 0.001091 0.001072 0.001042 0.000996 0.000930 0.000840 0.000721 0.000573 0.000399 0.000205 0.000000 
50.000000 41.350142 33.106591 25.618468 19.133922 13.778747 9.559483 6.386351 4.107153 2.542559 1.515358 0.869891 0.481381 0.257201 0.133085 0.067096 0.033376 0.016801 0.008956 0.005379 0.003806 0.003138 0.002864 0.002755 0.002713 0.002698 0.002692 0.002691 0.002690 0.002690 0.002690 0.002689 0.002689 0.002689 0.002688 0.002685 0.002681 0.002672 0.002657 0.002630 0.002585 0.002514 0.002405 0.002246 0.002028 0.001742 0.001386 0.000965 0.000496 0.000000 
50.000000 41.350763 33.107804 25.620218 19.136136 13.781344 9.562382 6.389476 4.110440 2.545958 1.518829 0.873408 0.484925 0.260761 0.136653 0.070669 0.036952 0.020378 0.012534 0.008956 0.007383 0.006715 0.006441 0.006333 0.006291 0.006276 0.006270 0.006268 0.006267 0.006267 0.006267 0.006267 0.006266 0.006265 0.006263 0.006258 0.006248 0.006228 0.006193 0.006132 0.006029 0.005864 0.005613 0.005246 0.004739 0.004073 0.003242 0.002260 0.001162 0.000000 
50.000000 41.352124 33.110462 25.624053 19.140990 13.787038 9.568737 6.396327 4.117648 2.553409 1.526440 0.881119 0.492697 0.268567 0.144478 0.078505 0.044792 0.028220 0.020378 0.016801 0.015228 0.014560 0.014286 0.014178 0.014136 0.014121 0.014115 0.014113 0.014112 0.014112 0.014112 0.014111 0.014110 0.014108 0.014102 0.014091 0.014069 0.014028 0.013951 0.013815 0.013588 0.013222 0.012662 0.011843 0.010707 0.009209 0.007335 0.005116 0.002631 0.000000 
50.000000 41.354999 33.116076 25.632154 19.151243 13.799067 9.582163 6.410803 4.132876 2.569153 1.542522 0.897412 0.509117 0.285060 0.161012 0.095060 0.061359 0.044792 0.036952 0.033376 0.031804 0.031136 0.030862 0.030754 0.030712 0.030697 0.030691 0.030689 0.030689 0.030688 0.030688 0.030687 0.030684 0.030679 0.030668 0.030645 0.030599 0.030511 0.030348 0.030061 0.029576 0.028795 0.027592 0.025829 0.023372 0.020119 0.016039 0.011195 0.005759 0.000000 
50.000000 41.360846 33.127494 25.648631 19.172097 13.823533 9.609472 6.440247 4.163852 2.601179 1.575235 0.930557 0.542521 0.318614 0.194648 0.128739 0.095060 0.078505 0.070669 0.067096 0.065525 0.064858 0.064584 0.064476 0.064434 0.064419 0.064413 0.064411 0.064410 0.064410 0.064409 0.064407 0.064402 0.064392 0.064370 0.064323 0.064231 0.064052 0.063721 0.063136 0.062144 0.060537 0.058052 0.054393 0.049269 0.042458 0.033882 0.023669 0.012184 0.000000 
50.000000 41.372285 33.149833 25.680867 19.212899 13.871404 9.662907 6.497862 4.224465 2.663847 1.639251 0.995418 0.607890 0.384275 0.260471 0.194648 0.161012 0.144478 0.136653 0.133085 0.131515 0.130849 0.130576 0.130467 0.130426 0.130410 0.130405 0.130403 0.130402 0.130401 0.130399 0.130396 0.130387 0.130367 0.130324 0.130235 0.130056 0.129709 0.129066 0.127921 0.125970 0.122793 0.117856 0.110547 0.100256 0.086510 0.069122 0.048336 0.024898 0.000000 
50.000000 41.393795 33.191839 25.741484 19.289626 13.961426 9.763396 6.606215 4.338461 2.781712 1.759652 1.117411 0.730839 0.507774 0.384275 0.318614 0.285060 0.268567 0.260761 0.257201 0.255635 0.254970 0.254698 0.254590 0.254548 0.254533 0.254527 0.254525 0.254524 0.254523 0.254520 0.254513 0.254497 0.254461 0.254383 0.254219 0.253887 0.253243 0.252043 0.249896 0.246218 0.240193 0.230773 0.216736 0.196852 0.170129 0.136140 0.095324 0.049144 0.000000 
50.000000 41.432637 33.267692 25.850949 19.428185 14.123999 9.944876 6.801903 4.544345 2.994587 1.977113 1.337749 0.952907 0.730839 0.607890 0.542521 0.509117 0.492697 0.484925 0.481381 0.479823 0.479161 0.478889 0.478782 0.478741 0.478725 0.478720 0.478717 0.478716 0.478714 0.478709 0.478697 0.478669 0.478607 0.478470 0.478181 0.477595 0.476453 0.474312 0.470462 0.463824 0.452878 0.435639 0.409765 0.372836 0.322844 0.258833 0.181523 0.093685 0.000000 
50.000000 41.499934 33.399118 26.040614 19.668266 14.405696 10.259344 7.141000 4.901118 3.363485 2.353962 1.719590 1.337749 1.117411 0.995418 0.930557 0.897412 0.881119 0.873408 0.869891 0.868344 0.867688 0.867418 0.867312 0.867271 0.867255 0.867250 0.867247 0.867245 0.867242 0.867234 0.867214 0.867169 0.867064 0.866836 0.866353 0.865368 0.863436 0.859795 0.853203 0.841759 0.822744 0.792550 0.746835 0.681006 0.591102 0.475025 0.333823 0.172529 0.000000 
50.000000 41.611717 33.617423 26.355660 20.067065 14.873636 10.781734 7.704318 5.493815 3.976335 2.980033 2.353962 1.977113 1.759652 1.639251 1.575235 1.542522 1.526440 1.518829 1.515358 1.513831 1.513183 1.512917 1.512812 1.512771 1.512756 1.512750 1.512748 1.512745 1.512740 1.512728 1.512697 1.512625 1.512461 1.512099 1.511330 1.509756 1.506651 1.500759 1.490017 1.471220 1.439712 1.389202 1.311943 1.199495 1.044253 0.841725 0.593091 0.307092 0.000000 
50.000000 41.789572 33.964766 26.856937 20.701617 15.618218 11.612977 8.600706 6.436974 4.951582 3.976335 3.363485 2.994587 2.781712 2.663847 2.601179 2.569153 2.553409 2.545958 2.542559 2.541065 2.540430 2.540170 2.540067 2.540027 2.540012 2.540006 2.540004 2.540000 2.539993 2.539974 2.539929 2.539822 2.539577 2.539034 2.537877 2.535494 2.530764 2.521725 2.505114 2.475791 2.426144 2.345672 2.221094 2.037419 1.780440 1.440760 1.018766 0.528820 0.000000 
50.000000 42.060423 34.493731 27.620337 21.667999 16.752194 12.878962 9.965938 7.873467 6.436974 5.493815 4.901118 4.544345 4.338461 4.224465 4.163852 4.132876 4.117648 4.110440 4.107153 4.105707 4.105093 4.104842 4.104742 4.104703 4.104689 4.104683 4.104680 4.104676 4.104665 4.104639 4.104576 4.104426 4.104081 4.103315 4.101672 4.098268 4.091467 4.078374 4.054103 4.010830 3.936734 3.815094 3.624084 3.338042 2.931159 2.384231 1.694014 0.882417 0.000000 
50.000000 42.454913 35.264167 28.732242 23.075574 18.403908 14.722993 11.954572 9.965938 8.600706 7.704318 7.141000 6.801903 6.606215 6.497862 6.440247 6.410803 6.396327 6.389476 6.386351 6.384976 6.384392 6.384153 6.384058 6.384022 6.384008 6.384002 6.383999 6.383993 6.383980 6.383946 6.383863 6.383666 6.383211 6.382195 6.380005 6.375443 6.366264 6.348450 6.315116 6.255034 6.150845 5.977286 5.700151 5.277245 4.663116 3.819498 2.732111 1.430474 0.000000 
50.000000 43.004045 36.336625 30.280046 25.034989 20.703215 17.290066 14.722993 12.878962 11.612977 10.781734 10.259344 9.944876 9.763396 9.662907 9.609472 9.582163 9.568737 9.562382 9.559483 9.558208 9.557666 9.557444 9.557356 9.557322 9.557310 9.557304 9.557300 9.557294 9.557278 9.557236 9.557135 9.556894 9.556334 9.555079 9.552360 9.546660 9.535111 9.512508 9.469791 9.391883 9.254878 9.022842 8.645033 8.055263 7.176401 5.934434 4.286481 2.262010 0.000000 
50.000000 43.734121 37.762476 32.337900 27.640126 23.760300 20.703215 18.403908 16.752194 15.618218 14.873636 14.405696 14.123999 13.961426 13.871404 13.823533 13.799067 13.787038 13.781344 13.778747 13.777604 13.777119 13.776920 13.776841 13.776811 13.776799 13.776794 13.776790 13.776783 13.776765 13.776719 13.776605 13.776331 13.775695 13.774265 13.771148 13.764575 13.751163 13.724690 13.674141 13.580799 13.414152 13.126663 12.647953 11.880150 10.698513 8.965405 6.570762 3.512030 0.000000 
50.000000 44.660645 39.572004 34.949515 30.946332 27.640126 25.034989 23.075574 21.667999 20.701617 20.067065 19.668266 19.428185 19.289626 19.212899 19.172097 19.151243 19.140990 19.136136 19.133922 19.132948 19.132535 19.132365 19.132298 19.132272 19.132262 19.132257 19.132254 19.132246 19.132228 19.132180 19.132063 19.131781 19.131124 19.129640 19.126390 19.119498 19.105341 19.077164 19.022813 18.921177 18.736840 18.412458 17.858588 16.941613 15.473166 13.211671 9.902810 5.411794 0.000000 
50.000000 45.782467 41.762962 38.111654 34.949515 32.337900 30.280046 28.732242 27.620337 26.856937 26.355660 26.040614 25.850949 25.741484 25.680867 25.648631 25.632154 25.624053 25.620218 25.618468 25.617699 25.617372 25.617238 25.617185 25.617164 25.617156 25.617153 25.617149 25.617143 25.617126 25.617083 25.616976 25.616718 25.616115 25.614749 25.611745 25.605344 25.592116 25.565588 25.513936 25.416177 25.236106 24.912744 24.345612 23.372495 21.737844 19.055827 14.798443 8.427635 0.000000 
50.000000 47.077819 44.292839 41.762962 39.572004 37.762476 36.336625 35.264167 34.493731 33.964766 33.617423 33.399118 33.267692 33.191839 33.149833 33.127494 33.116076 33.110462 33.107804 33.106591 33.106058 33.105831 33.105739 33.105702 33.105687 33.105682 33.105679 33.105677 33.105672 33.105659 33.105626 33.105544 33.105346 33.104881 33.103825 33.101496 33.096515 33.086169 33.065296 33.024331 32.946000 32.799717 32.532056 32.050144 31.191714 29.669194 26.964519 22.146420 13.673833 0.000000 
50.000000 48.503785 47.077819 45.782467 44.660645 43.734121 43.004045 42.454913 42.060423 41.789572 41.611717 41.499934 41.432637 41.393795 41.372285 41.360846 41.354999 41.352124 41.350763 41.350142 41.349869 41.349753 41.349706 41.349687 41.349679 41.349677 41.349675 41.349674 41.349671 41.349664 41.349646 41.349602 41.349494 41.349240 41.348663 41.347387 41.344651 41.338952 41.327406 41.304625 41.260752 41.178006 41.024439 40.742035 40.222091 39.248851 37.354832 33.403985 24.251893 0.000000 
50.000000 50.000000 50.000000 50.000000 50.000000 50.000000 50.000000 50.000000 50.000000 50.000000 50.000000 50.000000 50.000000 50.000000 50.000000 50.000000 50.000000 50.000000 50.000000 50.000000 50.000000 50.000000 50.000000 50.000000 50.000000 50.000000 50.000000 50.000000 50.000000 50.000000 50.000000 50.000000 50.000000 50.000000 50.000000 50.000000 50.000000 50.000000 50.000000 50.000000 50.000000 50.000000 50.000000 50.000000 50.000000 50.000000 50.000000 50.000000 50.000000 50.000000 
