50.000000 50.000000 50.000000 50.000000 50.000000 50.000000 50.000000 50.000000 50.000000 50.000000 50.000000 50.000000 50.000000 50.000000 50.000000 50.000000 50.000000 50.000000 50.000000 50.000000 50.000000 50.000000 50.000000 50.000000 50.000000 50.000000 50.000000 50.000000 50.000000 50.000000 50.000000 50.000000 50.000000 50.000000 50.000000 50.000000 50.000000 50.000000 50.000000 50.000000 50.000000 50.000000 50.000000 50.000000 50.000000 50.000000 50.000000 50.000000 50.000000 50.000000 
50.000000 45.195638 41.112285 38.148695 36.297171 35.291695 34.812244 34.609525 34.532831 34.506656 34.498536 34.496232 34.495631 34.495486 34.495453 34.495446 34.495445 34.495445 34.495445 34.495445 34.495445 34.495445 34.495445 34.495445 34.495445 34.495445 34.495445 34.495445 34.495445 34.495445 34.495445 34.495445 34.495445 34.495445 34.495444 34.495444 34.495442 34.495433 34.495389 34.495194 34.494393 34.491308 34.480216 34.442963 34.325771 33.978079 32.992150 30.258798 22.597819 0.000000 
50.000000 41.112285 33.558690 28.076915 24.652510 22.793127 21.906638 21.531881 21.390128 21.341756 21.326756 21.322500 21.321389 21.321121 21.321061 21.321048 21.321046 21.321045 21.321045 21.321045 21.321045 21.321045 21.321045 21.321045 21.321045 21.321045 21.321045 21.321045 21.321045 21.321045 21.321045 21.321045 21.321045 21.321045 21.321045 21.321045 21.321042 21.321028 21.320963 21.320678 21.319516 21.315090 21.299424 21.248013 21.091779 20.652565 19.511248 16.779345 10.853486 0.000000 
50.000000 38.148695 28.076915 20.768406 16.203523 13.725330 12.544058 12.044800 11.856000 11.791591 11.771622 11.765959 11.764481 11.764124 11.764044 11.764028 11.764024 11.764024 11.764024 11.764024 11.764024 11.764024 11.764024 11.764024 11.764024 11.764024 11.764024 11.764024 11.764024 11.764024 11.764024 11.764024 11.764024 11.764024 11.764024 11.764023 11.764020 11.764008 11.763948 11.763688 11.762636 11.758684 11.744942 11.700912 11.571536 11.224827 10.384203 8.565667 5.156545 0.000000 
50.000000 36.297171 24.652510 16.203523 10.927065 8.063084 6.698203 6.121474 5.903432 5.829066 5.806017 5.799482 5.797777 5.797366 5.797273 5.797254 5.797250 5.797250 5.797250 5.797250 5.797250 5.797250 5.797250 5.797250 5.797250 5.797250 5.797250 5.797250 5.797250 5.797250 5.797250 5.797250 5.797250 5.797250 5.797249 5.797249 5.797247 5.797238 5.797197 5.797017 5.796298 5.793630 5.784501 5.755883 5.674179 5.463533 4.978696 3.999945 2.319091 0.000000 
50.000000 35.291695 22.793127 13.725330 8.063084 4.990148 3.525930 2.907340 2.673519 2.593788 2.569081 2.562077 2.560251 2.559810 2.559711 2.559691 2.559687 2.559686 2.559686 2.559686 2.559686 2.559686 2.559686 2.559686 2.559686 2.559686 2.559686 2.559686 2.559686 2.559686 2.559686 2.559686 2.559686 2.559686 2.559686 2.559686 2.559685 2.559679 2.559656 2.559555 2.559156 2.557689 2.552744 2.537521 2.495074 2.388905 2.153794 1.701349 0.965924 0.000000 
50.000000 34.812244 21.906638 12.544058 6.698203 3.525930 2.014548 1.376112 1.134821 1.052555 1.027066 1.019842 1.017958 1.017503 1.017402 1.017380 1.017376 1.017375 1.017375 1.017375 1.017375 1.017375 1.017375 1.017375 1.017375 1.017375 1.017375 1.017375 1.017375 1.017375 1.017375 1.017375 1.017375 1.017375 1.017375 1.017375 1.017375 1.017372 1.017361 1.017313 1.017125 1.016443 1.014169 1.007274 0.988409 0.942320 0.843146 0.658625 0.369282 0.000000 
50.000000 34.609525 21.531881 12.044800 6.121474 2.907340 1.376112 0.729339 0.484915 0.401587 0.375771 0.368455 0.366547 0.366087 0.365984 0.365963 0.365959 0.365958 0.365958 0.365958 0.365958 0.365958 0.365958 0.365958 0.365958 0.365958 0.365958 0.365958 0.365958 0.365958 0.365958 0.365958 0.365958 0.365958 0.365958 0.365958 0.365957 0.365956 0.365952 0.365932 0.365856 0.365580 0.364669 0.361944 0.354597 0.336973 0.299858 0.232457 0.129309 0.000000 
50.000000 34.532831 21.390128 11.856000 5.903432 2.673519 1.134821 0.484915 0.239315 0.155590 0.129652 0.122302 0.120386 0.119923 0.119820 0.119798 0.119794 0.119793 0.119793 0.119793 0.119793 0.119793 0.119793 0.119793 0.119793 0.119793 0.119793 0.119793 0.119793 0.119793 0.119793 0.119793 0.119793 0.119793 0.119793 0.119793 0.119793 0.119793 0.119791 0.119784 0.119756 0.119658 0.119335 0.118378 0.115829 0.109802 0.097316 0.075039 0.041523 0.000000 
50.000000 34.506656 21.341756 11.791591 5.829066 2.593788 1.052555 0.401587 0.155590 0.071731 0.045752 0.038390 0.036471 0.036008 0.035904 0.035883 0.035878 0.035878 0.035877 0.035877 0.035877 0.035877 0.035877 0.035877 0.035877 0.035877 0.035877 0.035877 0.035877 0.035877 0.035877 0.035877 0.035877 0.035877 0.035877 0.035877 0.035877 0.035877 0.035877 0.035874 0.035866 0.035834 0.035731 0.035429 0.034632 0.032768 0.028955 0.022240 0.012262 0.000000 
50.000000 34.498536 21.326756 11.771622 5.806017 2.569081 1.027066 0.375771 0.129652 0.045752 0.019761 0.012395 0.010475 0.010012 0.009908 0.009886 0.009882 0.009881 0.009881 0.009881 0.009881 0.009881 0.009881 0.009881 0.009881 0.009881 0.009881 0.009881 0.009881 0.009881 0.009881 0.009881 0.009881 0.009881 0.009881 0.009881 0.009881 0.009881 0.009881 0.009880 0.009878 0.009869 0.009839 0.009752 0.009526 0.009000 0.007934 0.006077 0.003342 0.000000 
50.000000 34.496232 21.322500 11.765959 5.799482 2.562077 1.019842 0.368455 0.122302 0.038390 0.012395 0.005029 0.003108 0.002645 0.002541 0.002520 0.002516 0.002515 0.002515 0.002515 0.002515 0.002515 0.002515 0.002515 0.002515 0.002515 0.002515 0.002515 0.002515 0.002515 0.002515 0.002515 0.002515 0.002515 0.002515 0.002515 0.002515 0.002515 0.002515 0.002514 0.002514 0.002511 0.002503 0.002481 0.002422 0.002285 0.002011 0.001537 0.000844 0.000000 
50.000000 34.495631 21.321389 11.764481 5.797777 2.560251 1.017958 0.366547 0.120386 0.036471 0.010475 0.003108 0.001188 0.000725 0.000621 0.000599 0.000595 0.000594 0.000594 0.000594 0.000594 0.000594 0.000594 0.000594 0.000594 0.000594 0.000594 0.000594 0.000594 0.000594 0.000594 0.000594 0.000594 0.000594 0.000594 0.000594 0.000594 0.000594 0.000594 0.000594 0.000594 0.000593 0.000591 0.000586 0.000571 0.000539 0.000474 0.000361 0.000198 0.000000 
50.000000 34.495486 21.321121 11.764124 5.797366 2.559810 1.017503 0.366087 0.119923 0.036008 0.010012 0.002645 0.000725 0.000261 0.000158 0.000136 0.000132 0.000131 0.000131 0.000131 0.000131 0.000131 0.000131 0.000131 0.000131 0.000131 0.000131 0.000131 0.000131 0.000131 0.000131 0.000131 0.000131 0.000131 0.000131 0.000131 0.000131 0.000131 0.000131 0.000131 0.000131 0.000130 0.000130 0.000129 0.000126 0.000118 0.000104 0.000079 0.000043 0.000000 
50.000000 34.495453 21.321061 11.764044 5.797273 2.559711 1.017402 0.365984 0.119820 0.035904 0.009908 0.002541 0.000621 0.000158 0.000054 0.000032 0.000028 0.000027 0.000027 0.000027 0.000027 0.000027 0.000027 0.000027 0.000027 0.000027 0.000027 0.000027 0.000027 0.000027 0.000027 0.000027 0.000027 0.000027 0.000027 0.000027 0.000027 0.000027 0.000027 0.000027 0.000027 0.000027 0.000027 0.000027 0.000026 0.000024 0.000021 0.000016 0.000009 0.000000 
50.000000 34.495446 21.321048 11.764028 5.797254 2.559691 1.017380 0.365963 0.119798 0.035883 0.009886 0.002520 0.000599 0.000136 0.000032 0.000010 0.000006 0.000005 0.000005 0.000005 0.000005 0.000005 0.000005 0.000005 0.000005 0.000005 0.000005 0.000005 0.000005 0.000005 0.000005 0.000005 0.000005 0.000005 0.000005 0.000005 0.000005 0.000005 0.000005 0.000005 0.000005 0.000005 0.000005 0.000005 0.000005 0.000005 0.000004 0.000003 0.000002 0.000000 
50.000000 34.495445 21.321046 11.764024 5.797250 2.559687 1.017376 0.365959 0.119794 0.035878 0.009882 0.002516 0.000595 0.000132 0.000028 0.000006 0.000002 0.000001 0.000001 0.000001 0.000001 0.000001 0.000001 0.000001 0.000001 0.000001 0.000001 0.000001 0.000001 0.000001 0.000001 0.000001 0.000001 0.000001 0.000001 0.000001 0.000001 0.000001 0.000001 0.000001 0.000001 0.000001 0.000001 0.000001 0.000001 0.000001 0.000001 0.000001 0.000000 0.000000 
50.000000 34.495445 21.321045 11.764024 5.797250 2.559686 1.017375 0.365958 0.119793 0.035878 0.009881 0.002515 0.000594 0.000131 0.000027 0.000005 0.000001 0.000000 0.000000 0.000000 0.000000 0.000000 0.000000 0.000000 0.000000 0.000000 0.000000 0.000000 0.000000 0.000000 0.000000 0.000000 0.000000 0.000000 0.000000 0.000000 0.000000 0.000000 0.000000 0.000000 0.000000 0.000000 0.000000 0.000000 0.000000 0.000000 0.000000 0.000000 0.000000 0.000000 
50.000000 34.495445 21.321045 11.764024 5.797250 2.559686 1.017375 0.365958 0.119793 0.035877 0.009881 0.002515 0.000594 0.000131 0.000027 0.000005 0.000001 0.000000 0.000000 0.000000 0.000000 0.000000 0.000000 0.000000 0.000000 0.000000 0.000000 0.000000 0.000000 0.000000 0.000000 0.000000 0.000000 0.000000 0.000000 0.000000 0.000000 0.000000 0.000000 0.000000 0.000000 0.000000 0.000000 0.000000 0.000000 0.000000 0.000000 0.000000 0.000000 0.000000 
50.000000 34.495445 21.321045 11.764024 5.797250 2.559686 1.017375 0.365958 0.119793 0.035877 0.009881 0.002515 0.000594 0.000131 0.000027 0.000005 0.000001 0.000000 0.000000 0.000000 0.000000 0.000000 0.000000 0.000000 0.000000 0.000000 0.000000 0.000000 0.000000 0.000000 0.000000 0.000000 0.000000 0.000000 0.000000 0.000000 0.000000 0.000000 0.000000 0.000000 0.000000 0.000000 0.000000 0.000000 0.000000 0.000000 0.000000 0.000000 0.000000 0.000000 
50.000000 34.495445 21.321045 11.764024 5.797250 2.559686 1.017375 0.365958 0.119793 0.035877 0.009881 0.002515 0.000594 0.000131 0.000027 0.000005 0.000001 0.000000 0.000000 0.000000 0.000000 0.000000 0.000000 0.000000 0.000000 0.000000 0.000000 0.000000 0.000000 0.000000 0.000000 0.000000 0.000000 0.000000 0.000000 0.000000 0.000000 0.000000 0.000000 0.000000 0.000000 0.000000 0.000000 0.000000 0.000000 0.000000 0.000000 0.000000 0.000000 0.000000 
50.000000 34.495445 21.321045 11.764024 5.797250 2.559686 1.017375 0.365958 0.119793 0.035877 0.009881 0.002515 0.000594 0.000131 0.000027 0.000005 0.000001 0.000000 0.000000 0.000000 0.000000 0.000000 0.000000 0.000000 0.000000 0.000000 0.000000 0.000000 0.000000 0.000000 0.000000 0.000000 0.000000 0.000000 0.000000 0.000000 0.000000 0.000000 0.000000 0.000000 0.000000 0.000000 0.000000 0.000000 0.000000 0.000000 0.000000 0.000000 0.000000 0.000000 
50.000000 34.495445 21.321045 11.764024 5.797250 2.559686 1.017375 0.365958 0.119793 0.035877 0.009881 0.002515 0.000594 0.000131 0.000027 0.000005 0.000001 0.000000 0.000000 0.000000 0.000000 0.000000 0.000000 0.000000 0.000000 0.000000 0.000000 0.000000 0.000000 0.000000 0.000000 0.000000 0.000000 0.000000 0.000000 0.000000 0.000000 0.000000 0.000000 0.000000 0.000000 0.000000 0.000000 0.000000 0.000000 0.000000 0.000000 0.000000 0.000000 0.000000 
50.000000 34.495445 21.321045 11.764024 5.797250 2.559686 1.017375 0.365958 0.119793 0.035877 0.009881 0.002515 0.000594 0.000131 0.000027 0.000005 0.000001 0.000000 0.000000 0.000000 0.000000 0.000000 0.000000 0.000000 0.000000 0.000000 0.000000 0.000000 0.000000 0.000000 0.000000 0.000000 0.000000 0.000000 0.000000 0.000000 0.000000 0.000000 0.000000 0.000000 0.000000 0.000000 0.000000 0.000000 0.000000 0.000000 0.000000 0.000000 0.000000 0.000000 
50.000000 34.495445 21.321045 11.764024 5.797250 2.559686 1.017375 0.365958 0.119793 0.035877 0.009881 0.002515 0.000594 0.000131 0.000027 0.000005 0.000001 0.000000 0.000000 0.000000 0.000000 0.000000 0.000000 0.000000 0.000000 0.000000 0.000000 0.000000 0.000000 0.000000 0.000000 0.000000 0.000000 0.000000 0.000000 0.000000 0.000000 0.000000 0.000000 0.000000 0.000000 0.000000 0.000000 0.000000 0.000000 0.000000 0.000000 0.000000 0.000000 0.000000 
50.000000 34.495445 21.321045 11.764024 5.797250 2.559686 1.017375 0.365958 0.119793 0.035877 0.009881 0.002515 0.000594 0.000131 0.000027 0.000005 0.000001 0.000000 0.000000 0.000000 0.000000 0.000000 0.000000 0.000000 0.000000 0.000000 0.000000 0.000000 0.000000 0.000000 0.000000 0.000000 0.000000 0.000000 0.000000 0.000000 0.000000 0.000000 0.000000 0.000000 0.000000 0.000000 0.000000 0.000000 0.000000 0.000000 0.000000 0.000000 0.000000 0.000000 
50.000000 34.495445 21.321045 11.764024 5.797250 2.559686 1.017375 0.365958 0.119793 0.035877 0.009881 0.002515 0.000594 0.000131 0.000027 0.000005 0.000001 0.000000 0.000000 0.000000 0.000000 0.000000 0.000000 0.000000 0.000000 0.000000 0.000000 0.000000 0.000000 0.000000 0.000000 0.000000 0.000000 0.000000 0.000000 0.000000 0.000000 0.000000 0.000000 0.000000 0.000000 0.000000 0.000000 0.000000 0.000000 0.000000 0.000000 0.000000 0.000000 0.000000 
50.000000 34.495445 21.321045 11.764024 5.797250 2.559686 1.017375 0.365958 0.119793 0.035877 0.009881 0.002515 0.000594 0.000131 0.000027 0.000005 0.000001 0.000000 0.000000 0.000000 0.000000 0.000000 0.000000 0.000000 0.000000 0.000000 0.000000 0.000000 0.000000 0.000000 0.000000 0.000000 0.000000 0.000000 0.000000 0.000000 0.000000 0.000000 0.000000 0.000000 0.000000 0.000000 0.000000 0.000000 0.000000 0.000000 0.000000 0.000000 0.000000 0.000000 
50.000000 34.495445 21.321045 11.764024 5.797250 2.559686 1.017375 0.365958 0.119793 0.035877 0.009881 0.002515 0.000594 0.000131 0.000027 0.000005 0.000001 0.000000 0.000000 0.000000 0.000000 0.000000 0.000000 0.000000 0.000000 0.000000 0.000000 0.000000 0.000000 0.000000 0.000000 0.000000 0.000000 0.000000 0.000000 0.000000 0.000000 0.000000 0.000000 0.000000 0.000000 0.000000 0.000000 0.000000 0.000000 0.000000 0.000000 0.000000 0.000000 0.000000 
50.000000 34.495445 21.321045 11.764024 5.797250 2.559686 1.017375 0.365958 0.119793 0.035877 0.009881 0.002515 0.000594 0.000131 0.000027 0.000005 0.000001 0.000000 0.000000 0.000000 0.000000 0.000000 0.000000 0.000000 0.000000 0.000000 0.000000 0.000000 0.000000 0.000000 0.000000 0.000000 0.000000 0.000000 0.000000 0.000000 0.000000 0.000000 0.000000 0.000000 0.000000 0.000000 0.000000 0.000000 0.000000 0.000000 0.000000 0.000000 0.000000 0.000000 
50.000000 34.495445 21.321045 11.764024 5.797250 2.559686 1.017375 0.365958 0.119793 0.035877 0.009881 0.002515 0.000594 0.000131 0.000027 0.000005 0.000001 0.000000 0.000000 0.000000 0.000000 0.000000 0.000000 0.000000 0.000000 0.000000 0.000000 0.000000 0.000000 0.000000 0.000000 0.000000 0.000000 0.000000 0.000000 0.000000 0.000000 0.000000 0.000000 0.000000 0.000000 0.000000 0.000000 0.000000 0.000000 0.000000 0.000000 0.000000 0.000000 0.000000 
50.000000 34.495445 21.321045 11.764024 5.797250 2.559686 1.017375 0.365958 0.119793 0.035877 0.009881 0.002515 0.000594 0.000131 0.000027 0.000005 0.000001 0.000000 0.000000 0.000000 0.000000 0.000000 0.000000 0.000000 0.000000 0.000000 0.000000 0.000000 0.000000 0.000000 0.000000 0.000000 0.000000 0.000000 0.000000 0.000000 0.000000 0.000000 0.000000 0.000000 0.000000 0.000000 0.000000 0.000000 0.000000 0.000000 0.000000 0.000000 0.000000 0.000000 
50.000000 34.495445 21.321045 11.764024 5.797250 2.559686 1.017375 0.365958 0.119793 0.035878 0.009881 0.002515 0.000594 0.000131 0.000027 0.000005 0.000001 0.000000 0.000000 0.000000 0.000000 0.000000 0.000000 0.000000 0.000000 0.000000 0.000000 0.000000 0.000000 0.000000 0.000000 0.000000 0.000000 0.000000 0.000000 0.000000 0.000000 0.000000 0.000000 0.000000 0.000000 0.000000 0.000000 0.000000 0.000000 0.000000 0.000000 0.000000 0.000000 0.000000 
50.000000 34.495445 21.321046 11.764024 5.797250 2.559687 1.017376 0.365959 0.119794 0.035878 0.009882 0.002516 0.000595 0.000132 0.000028 0.000006 0.000002 0.000001 0.000001 0.000001 0.000001 0.000001 0.000001 0.000001 0.000001 0.000001 0.000001 0.000001 0.000001 0.000001 0.000001 0.000001 0.000001 0.000001 0.000001 0.000001 0.000001 0.000001 0.000001 0.000001 0.000001 0.000001 0.000001 0.000001 0.000001 0.000001 0.000001 0.000001 0.000000 0.000000 
50.000000 34.495446 21.321048 11.764028 5.797254 2.559691 1.017380 0.365963 0.119798 0.035883 0.009886 0.002520 0.000599 0.000136 0.000032 0.000010 0.000006 0.000005 0.000005 0.000005 0.000005 0.000005 0.000005 0.000005 0.000005 0.000005 0.000005 0.000005 0.000005 0.000005 0.000005 0.000005 0.000005 0.000005 0.000005 0.000005 0.000005 0.000005 0.000005 0.000005 0.000005 0.000005 0.000005 0.000005 0.000005 0.000005 0.000004 0.000003 0.000002 0.000000 
50.000000 34.495453 21.321061 11.764044 5.797273 2.559711 1.017402 0.365984 0.119820 0.035904 0.009908 0.002541 0.000621 0.000158 0.000054 0.000032 0.000028 0.000027 0.000027 0.000027 0.000027 0.000027 0.000027 0.000027 0.000027 0.000027 0.000027 0.000027 0.000027 0.000027 0.000027 0.000027 0.000027 0.000027 0.000027 0.000027 0.000027 0.000027 0.000027 0.000027 0.000027 0.000027 0.000027 0.000027 0.000026 0.000024 0.000021 0.000016 0.000009 0.000000 
50.000000 34.495486 21.321121 11.764124 5.797366 2.559810 1.017503 0.366087 0.119923 0.036008 0.010012 0.002645 0.000725 0.000261 0.000158 0.000136 0.000132 0.000131 0.000131 0.000131 0.000131 0.000131 0.000131 0.000131 0.000131 0.000131 0.000131 0.000131 0.000131 0.000131 0.000131 0.000131 0.000131 0.000131 0.000131 0.000131 0.000131 0.000131 0.000131 0.000131 0.000131 0.000130 0.000130 0.000129 0.000126 0.000118 0.000104 0.000079 0.000043 0.000000 
50.000000 34.495631 21.321389 11.764481 5.797777 2.560251 1.017958 0.366547 0.120386 0.036471 0.010475 0.003108 0.001188 0.000725 0.000621 0.000599 0.000595 0.000594 0.000594 0.000594 0.000594 0.000594 0.000594 0.000594 0.000594 0.000594 0.000594 0.000594 0.000594 0.000594 0.000594 0.000594 0.000594 0.000594 0.000594 0.000594 0.000594 0.000594 0.000594 0.000594 0.000594 0.000593 0.000591 0.000586 0.000571 0.000539 0.000474 0.000361 0.000198 0.000000 
50.000000 34.496232 21.322500 11.765959 5.799482 2.562077 1.019842 0.368455 0.122302 0.038390 0.012395 0.005029 0.003108 0.002645 0.002541 0.002520 0.002516 0.002515 0.002515 0.002515 0.002515 0.002515 0.002515 0.002515 0.002515 0.002515 0.002515 0.002515 0.002515 0.002515 0.002515 0.002515 0.002515 0.002515 0.002515 0.002515 0.002515 0.002515 0.002515 0.002514 0.002514 0.002511 0.002503 0.002481 0.002422 0.002285 0.002011 0.001537 0.000844 0.000000 
50.000000 34.498536 21.326756 11.771622 5.806017 2.569081 1.027066 0.375771 0.129652 0.045752 0.019761 0.012395 0.010475 0.010012 0.009908 0.009886 0.009882 0.009881 0.009881 0.009881 0.009881 0.009881 0.009881 0.009881 0.009881 0.009881 0.009881 0.009881 0.009881 0.009881 0.009881 0.009881 0.009881 0.009881 0.009881 0.009881 0.009881 0.009881 0.009881 0.009880 0.009878 0.009869 0.009839 0.009752 0.009526 0.009000 0.007934 0.006077 0.003342 0.000000 
50.000000 34.506656 21.341756 11.791591 5.829066 2.593788 1.052555 0.401587 0.155590 0.071731 0.045752 0.038390 0.036471 0.036008 0.035904 0.035883 0.035878 0.035878 0.035877 0.035877 0.035877 0.035877 0.035877 0.035877 0.035877 0.035877 0.035877 0.035877 0.035877 0.035877 0.035877 0.035877 0.035877 0.035877 0.035877 0.035877 0.035877 0.035877 0.035877 0.035874 0.035866 0.035834 0.035731 0.035429 0.034632 0.032768 0.028955 0.022240 0.012262 0.000000 
50.000000 34.532831 21.390128 11.856000 5.903432 2.673519 1.134821 0.484915 0.239315 0.155590 0.129652 0.122302 0.120386 0.119923 0.119820 0.119798 0.119794 0.119793 0.119793 0.119793 0.119793 0.119793 0.119793 0.119793 0.119793 0.119793 0.119793 0.119793 0.119793 0.119793 0.119793 0.119793 0.119793 0.119793 0.119793 0.119793 0.119793 0.119793 0.119791 0.119784 0.119756 0.119658 0.119335 0.118378 0.115829 0.109802 0.097316 0.075039 0.041523 0.000000 
50.000000 34.609525 21.531881 12.044800 6.121474 2.907340 1.376112 0.729339 0.484915 0.401587 0.375771 0.368455 0.366547 0.366087 0.365984 0.365963 0.365959 0.365958 0.365958 0.365958 0.365958 0.365958 0.365958 0.365958 0.365958 0.365958 0.365958 0.365958 0.365958 0.365958 0.365958 0.365958 0.365958 0.365958 0.365958 0.365958 0.365957 0.365956 0.365952 0.365932 0.365856 0.365580 0.364669 0.361944 0.354597 0.336973 0.299858 0.232457 0.129309 0.000000 
50.000000 34.812244 21.906638 12.544058 6.698203 3.525930 2.014548 1.376112 1.134821 1.052555 1.027066 1.019842 1.017958 1.017503 1.017402 1.017380 1.017376 1.017375 1.017375 1.017375 1.017375 1.017375 1.017375 1.017375 1.017375 1.017375 1.017375 1.017375 1.017375 1.017375 1.017375 1.017375 1.017375 1.017375 1.017375 1.017375 1.017375 1.017372 1.017361 1.017313 1.017125 1.016443 1.014169 1.007274 0.988409 0.942320 0.843146 0.658625 0.369282 0.000000 
50.000000 35.291695 22.793127 13.725330 8.063084 4.990148 3.525930 2.907340 2.673519 2.593788 2.569081 2.562077 2.560251 2.559810 2.559711 2.559691 2.559687 2.559686 2.559686 2.559686 2.559686 2.559686 2.559686 2.559686 2.559686 2.559686 2.559686 2.559686 2.559686 2.559686 2.559686 2.559686 2.559686 2.559686 2.559686 2.559686 2.559685 2.559679 2.559656 2.559555 2.559156 2.557689 2.552744 2.537521 2.495074 2.388905 2.153794 1.701349 0.965924 0.000000 
50.000000 36.297171 24.652510 16.203523 10.927065 8.063084 6.698203 6.121474 5.903432 5.829066 5.806017 5.799482 5.797777 5.797366 5.797273 5.797254 5.797250 5.797250 5.797250 5.797250 5.797250 5.797250 5.797250 5.797250 5.797250 5.797250 5.797250 5.797250 5.797250 5.797250 5.797250 5.797250 5.797250 5.797250 5.797249 5.797249 5.797247 5.797238 5.797197 5.797017 5.796298 5.793630 5.784501 5.755883 5.674179 5.463533 4.978696 3.999945 2.319091 0.000000 
50.000000 38.148695 28.076915 20.768406 16.203523 13.725330 12.544058 12.044800 11.856000 11.791591 11.771622 11.765959 11.764481 11.764124 11.764044 11.764028 11.764024 11.764024 11.764024 11.764024 11.764024 11.764024 11.764024 11.764024 11.764024 11.764024 11.764024 11.764024 11.764024 11.764024 11.764024 11.764024 11.764024 11.764024 11.764024 11.764023 11.764020 11.764008 11.763948 11.763688 11.762636 11.758684 11.744942 11.700912 11.571536 11.224827 10.384203 8.565667 5.156545 0.000000 
50.000000 41.112285 33.558690 28.076915 24.652510 22.793127 21.906638 21.531881 21.390128 21.341756 21.326756 21.322500 21.321389 21.321121 21.321061 21.321048 21.321046 21.321045 21.321045 21.321045 21.321045 21.321045 21.321045 21.321045 21.321045 21.321045 21.321045 21.321045 21.321045 21.321045 21.321045 21.321045 21.321045 21.321045 21.321045 21.321045 21.321042 21.321028 21.320963 21.320678 21.319516 21.315090 21.299424 21.248013 21.091779 20.652565 19.511248 16.779345 10.853486 0.000000 
50.000000 45.195638 41.112285 38.148695 36.297171 35.291695 34.812244 34.609525 34.532831 34.506656 34.498536 34.496232 34.495631 34.495486 34.495453 34.495446 34.495445 34.495445 34.495445 34.495445 34.495445 34.495445 34.495445 34.495445 34.495445 34.495445 34.495445 34.495445 34.495445 34.495445 34.495445 34.495445 34.495445 34.495445 34.495444 34.495444 34.495442 34.495433 34.495389 34.495194 34.494393 34.491308 34.480216 34.442963 34.325771 33.978079 32.992150 30.258798 22.597819 0.000000 
50.000000 50.000000 50.000000 50.000000 50.000000 50.000000 50.000000 50.000000 50.000000 50.000000 50.000000 50.000000 50.000000 50.000000 50.000000 50.000000 50.000000 50.000000 50.000000 50.000000 50.000000 50.000000 50.000000 50.000000 50.000000 50.000000 50.000000 50.000000 50.000000 50.000000 50.000000 50.000000 50.000000 50.000000 50.000000 50.000000 50.000000 50.000000 50.000000 50.000000 50.000000 50.000000 50.000000 50.000000 50.000000 50.000000 50.000000 50.000000 50.000000 50.000000 
