50.000000 50.000000 50.000000 50.000000 50.000000 50.000000 50.000000 50.000000 50.000000 50.000000 50.000000 50.000000 50.000000 50.000000 50.000000 50.000000 50.000000 50.000000 50.000000 50.000000 50.000000 50.000000 50.000000 50.000000 50.000000 50.000000 50.000000 50.000000 50.000000 50.000000 50.000000 50.000000 50.000000 50.000000 50.000000 50.000000 50.000000 50.000000 50.000000 50.000000 50.000000 50.000000 50.000000 50.000000 50.000000 50.000000 50.000000 50.000000 50.000000 50.000000 
50.000000 48.445336 46.966513 45.628285 44.475936 43.531364 42.793993 42.245485 41.856432 41.593117 41.422929 41.317798 41.255674 41.220525 41.201467 41.191555 41.186605 41.184229 41.183133 41.182645 41.182437 41.182350 41.182316 41.182303 41.182298 41.182296 41.182295 41.182294 41.182292 41.182287 41.182274 41.182240 41.182155 41.181952 41.181478 41.180407 41.178061 41.173071 41.162766 41.142066 41.101531 41.023907 40.877852 40.605970 40.100091 39.144781 37.272551 33.346935 24.222668 0.000000 
50.000000 46.966513 44.081010 41.469846 39.221378 37.378335 35.939589 34.869358 34.110258 33.596494 33.264437 33.059317 32.938108 32.869532 32.832349 32.813010 32.803353 32.798719 32.796579 32.795629 32.795221 32.795053 32.794986 32.794960 32.794951 32.794947 32.794945 32.794944 32.794940 32.794931 32.794907 32.794844 32.794690 32.794318 32.793454 32.791506 32.787246 32.778218 32.759649 32.722546 32.650411 32.513637 32.259921 31.797542 30.965221 29.475988 26.811765 22.040505 13.619578 0.000000 
50.000000 45.628285 41.469846 37.706784 34.466439 31.810385 29.736994 28.194689 27.100768 26.360406 25.881902 25.586322 25.411663 25.312847 25.259270 25.231405 25.217491 25.210813 25.207731 25.206361 25.205774 25.205532 25.205436 25.205398 25.205384 25.205379 25.205377 25.205375 25.205370 25.205358 25.205326 25.205245 25.205045 25.204566 25.203454 25.200954 25.195510 25.184026 25.160552 25.114015 25.024467 24.856994 24.552110 24.010862 23.072343 21.481802 18.853392 14.658081 8.355734 0.000000 
50.000000 44.475936 39.221378 34.466439 30.372025 27.015939 24.396114 22.447370 21.065193 20.129758 19.525188 19.151743 18.931079 18.806239 18.738553 18.703351 18.685774 18.677339 18.673446 18.671715 18.670974 18.670668 18.670546 18.670499 18.670481 18.670475 18.670472 18.670470 18.670465 18.670451 18.670417 18.670329 18.670112 18.669593 18.668394 18.665708 18.659888 18.647687 18.622932 18.574318 18.481886 18.311675 18.008014 17.483168 16.604992 15.186012 12.984636 9.745390 5.331155 0.000000 
50.000000 43.531364 37.378335 31.810385 27.015939 23.086098 20.018432 17.736600 16.118205 15.022925 14.315064 13.877827 13.619476 13.473318 13.394077 13.352868 13.332291 13.322417 13.317859 13.315834 13.314967 13.314608 13.314466 13.314410 13.314390 13.314382 13.314379 13.314377 13.314372 13.314359 13.314325 13.314241 13.314032 13.313535 13.312389 13.309837 13.304337 13.292883 13.269835 13.225028 13.140900 12.988395 12.721651 12.272001 11.543049 10.410947 8.738042 6.413114 3.431273 0.000000 
50.000000 42.793993 35.939589 29.736994 24.396114 20.018432 16.601225 14.059437 12.256703 11.036694 10.248241 9.761238 9.473489 9.310705 9.222453 9.176558 9.153643 9.142647 9.137572 9.135317 9.134351 9.133952 9.133793 9.133732 9.133709 9.133700 9.133697 9.133695 9.133690 9.133679 9.133649 9.133575 9.133393 9.132960 9.131966 9.129764 9.125045 9.115289 9.095822 9.058362 8.988891 8.864838 8.651802 8.300613 7.746430 6.912946 5.726132 4.142048 2.188022 0.000000 
50.000000 42.245485 34.869358 28.194689 22.447370 17.736600 14.059437 11.324332 9.384528 8.071784 7.223420 6.699424 6.389826 6.214687 6.119740 6.070365 6.045713 6.033884 6.028425 6.025999 6.024960 6.024531 6.024360 6.024294 6.024270 6.024261 6.024257 6.024255 6.024251 6.024242 6.024218 6.024158 6.024011 6.023663 6.022869 6.021118 6.017388 6.009731 5.994578 5.965706 5.912786 5.819593 5.662166 5.407634 5.014948 4.439356 3.642579 2.609437 1.367632 0.000000 
50.000000 41.856432 34.110258 27.100768 21.065193 16.118205 12.256703 9.384528 7.347545 5.969062 5.078234 4.528022 4.202943 4.019052 3.919362 3.867523 3.841641 3.829223 3.823491 3.820945 3.819854 3.819404 3.819224 3.819155 3.819130 3.819120 3.819117 3.819115 3.819112 3.819105 3.819087 3.819041 3.818931 3.818671 3.818081 3.816785 3.814041 3.808447 3.797465 3.776734 3.739144 3.673772 3.564935 3.391864 3.129810 2.753518 2.243774 1.596621 0.832526 0.000000 
50.000000 41.593117 33.596494 26.360406 20.129758 15.022925 11.036694 8.071784 5.969062 4.546116 3.626570 3.058633 2.723089 2.533281 2.430387 2.376882 2.350170 2.337353 2.331439 2.328810 2.327685 2.327220 2.327035 2.326964 2.326937 2.326927 2.326924 2.326922 2.326920 2.326915 2.326902 2.326870 2.326793 2.326611 2.326200 2.325301 2.323410 2.319579 2.312115 2.298143 2.273058 2.229918 2.158997 2.047802 1.882025 1.647872 1.335939 0.946082 0.491586 0.000000 
50.000000 41.422929 33.264437 25.881902 19.525188 14.315064 10.248241 7.223420 5.078234 3.626570 2.688480 2.109098 1.766798 1.573173 1.468211 1.413632 1.386384 1.373311 1.367278 1.364597 1.363449 1.362975 1.362786 1.362714 1.362686 1.362677 1.362673 1.362672 1.362670 1.362667 1.362658 1.362637 1.362586 1.362466 1.362196 1.361610 1.360382 1.357909 1.353125 1.344240 1.328427 1.301500 1.257714 1.189880 1.090036 0.950870 0.767886 0.541891 0.280863 0.000000 
50.000000 41.317798 33.059317 25.586322 19.151743 13.877827 9.761238 6.699424 4.528022 3.058633 2.109098 1.522655 1.176188 0.980208 0.873971 0.818730 0.791152 0.777921 0.771815 0.769102 0.767940 0.767460 0.767269 0.767195 0.767168 0.767158 0.767155 0.767153 0.767152 0.767150 0.767144 0.767131 0.767099 0.767025 0.766857 0.766495 0.765741 0.764231 0.761327 0.755973 0.746518 0.730557 0.704846 0.665416 0.607992 0.528811 0.425770 0.299668 0.155031 0.000000 
50.000000 41.255674 32.938108 25.411663 18.931079 13.619476 9.473489 6.389826 4.202943 2.723089 1.766798 1.176188 0.827262 0.629893 0.522904 0.467273 0.439500 0.426176 0.420027 0.417295 0.416125 0.415642 0.415449 0.415375 0.415348 0.415338 0.415334 0.415333 0.415332 0.415330 0.415327 0.415319 0.415300 0.415256 0.415158 0.414946 0.414506 0.413631 0.411957 0.408889 0.403509 0.394496 0.380096 0.358200 0.326593 0.283392 0.227637 0.159890 0.082603 0.000000 
50.000000 41.220525 32.869532 25.312847 18.806239 13.473318 9.310705 6.214687 4.019052 2.533281 1.573173 0.980208 0.629893 0.431739 0.324326 0.268475 0.240592 0.227215 0.221042 0.218299 0.217125 0.216640 0.216447 0.216372 0.216344 0.216334 0.216331 0.216330 0.216329 0.216328 0.216326 0.216322 0.216311 0.216287 0.216232 0.216113 0.215870 0.215386 0.214466 0.212791 0.209871 0.205010 0.197299 0.185659 0.168982 0.146350 0.117337 0.082285 0.042464 0.000000 
50.000000 41.201467 32.832349 25.259270 18.738553 13.394077 9.222453 6.119740 3.919362 2.430387 1.468211 0.873971 0.522904 0.324326 0.216683 0.160713 0.132771 0.119365 0.113179 0.110430 0.109254 0.108768 0.108574 0.108499 0.108472 0.108462 0.108458 0.108457 0.108456 0.108456 0.108455 0.108452 0.108447 0.108434 0.108404 0.108341 0.108212 0.107958 0.107475 0.106601 0.105085 0.102577 0.098622 0.092689 0.084241 0.072845 0.058316 0.040843 0.021059 0.000000 
50.000000 41.191555 32.813010 25.231405 18.703351 13.352868 9.176558 6.070365 3.867523 2.376882 1.413632 0.818730 0.467273 0.268475 0.160713 0.104680 0.076708 0.063288 0.057095 0.054343 0.053165 0.052678 0.052485 0.052410 0.052382 0.052372 0.052369 0.052367 0.052367 0.052367 0.052366 0.052365 0.052362 0.052355 0.052340 0.052308 0.052243 0.052115 0.051873 0.051436 0.050682 0.049442 0.047495 0.044592 0.040478 0.034958 0.027951 0.019556 0.010076 0.000000 
50.000000 41.186605 32.803353 25.217491 18.685774 13.332291 9.153643 6.045713 3.841641 2.350170 1.386384 0.791152 0.439500 0.240592 0.132771 0.076708 0.048720 0.035292 0.029096 0.026343 0.025164 0.024677 0.024483 0.024409 0.024381 0.024371 0.024367 0.024366 0.024366 0.024366 0.024365 0.024365 0.024363 0.024360 0.024353 0.024337 0.024306 0.024244 0.024127 0.023918 0.023559 0.022969 0.022049 0.020683 0.018756 0.016181 0.012924 0.009035 0.004653 0.000000 
50.000000 41.184229 32.798719 25.210813 18.677339 13.322417 9.142647 6.033884 3.829223 2.337353 1.373311 0.777921 0.426176 0.227215 0.119365 0.063288 0.035292 0.021862 0.015663 0.012910 0.011731 0.011244 0.011050 0.010975 0.010947 0.010937 0.010934 0.010932 0.010932 0.010932 0.010932 0.010931 0.010931 0.010929 0.010926 0.010919 0.010904 0.010875 0.010821 0.010725 0.010561 0.010292 0.009873 0.009254 0.008385 0.007227 0.005768 0.004029 0.002074 0.000000 
50.000000 41.183133 32.796579 25.207731 18.673446 13.317859 9.137572 6.028425 3.823491 2.331439 1.367278 0.771815 0.420027 0.221042 0.113179 0.057095 0.029096 0.015663 0.009465 0.006711 0.005531 0.005044 0.004850 0.004776 0.004748 0.004738 0.004734 0.004733 0.004733 0.004733 0.004732 0.004732 0.004732 0.004731 0.004730 0.004727 0.004720 0.004707 0.004683 0.004641 0.004568 0.004450 0.004267 0.003997 0.003619 0.003117 0.002486 0.001735 0.000893 0.000000 
50.000000 41.182645 32.795629 25.206361 18.671715 13.315834 9.135317 6.025999 3.820945 2.328810 1.364597 0.769102 0.417295 0.218299 0.110430 0.054343 0.026343 0.012910 0.006711 0.003956 0.002777 0.002290 0.002096 0.002021 0.001993 0.001983 0.001980 0.001979 0.001978 0.001978 0.001978 0.001978 0.001978 0.001978 0.001977 0.001976 0.001973 0.001967 0.001957 0.001939 0.001908 0.001858 0.001781 0.001667 0.001509 0.001298 0.001035 0.000722 0.000371 0.000000 
50.000000 41.182437 32.795221 25.205774 18.670974 13.314967 9.134351 6.024960 3.819854 2.327685 1.363449 0.767940 0.416125 0.217125 0.109254 0.053165 0.025164 0.011731 0.005531 0.002777 0.001598 0.001111 0.000917 0.000842 0.000814 0.000804 0.000801 0.000800 0.000799 0.000799 0.000799 0.000799 0.000799 0.000799 0.000798 0.000798 0.000797 0.000794 0.000790 0.000783 0.000770 0.000750 0.000718 0.000672 0.000608 0.000523 0.000417 0.000291 0.000149 0.000000 
50.000000 41.182350 32.795053 25.205532 18.670668 13.314608 9.133952 6.024531 3.819404 2.327220 1.362975 0.767460 0.415642 0.216640 0.108768 0.052679 0.024678 0.011244 0.005045 0.002290 0.001111 0.000624 0.000430 0.000355 0.000327 0.000317 0.000314 0.000313 0.000312 0.000312 0.000312 0.000312 0.000312 0.000312 0.000312 0.000312 0.000311 0.000310 0.000309 0.000306 0.000301 0.000293 0.000280 0.000262 0.000237 0.000204 0.000162 0.000113 0.000058 0.000000 
50.000000 41.182316 32.794986 25.205436 18.670546 13.314466 9.133793 6.024361 3.819225 2.327036 1.362787 0.767270 0.415450 0.216447 0.108575 0.052485 0.024484 0.011050 0.004851 0.002097 0.000917 0.000430 0.000236 0.000162 0.000134 0.000124 0.000120 0.000119 0.000119 0.000118 0.000118 0.000118 0.000118 0.000118 0.000118 0.000118 0.000118 0.000118 0.000117 0.000116 0.000114 0.000111 0.000106 0.000099 0.000090 0.000077 0.000061 0.000043 0.000022 0.000000 
50.000000 41.182303 32.794961 25.205399 18.670500 13.314412 9.133733 6.024296 3.819157 2.326965 1.362715 0.767197 0.415377 0.216374 0.108501 0.052412 0.024411 0.010977 0.004777 0.002023 0.000844 0.000357 0.000163 0.000088 0.000060 0.000050 0.000047 0.000045 0.000045 0.000045 0.000045 0.000045 0.000045 0.000045 0.000045 0.000045 0.000045 0.000045 0.000044 0.000044 0.000043 0.000042 0.000040 0.000038 0.000034 0.000029 0.000023 0.000016 0.000008 0.000000 
50.000000 41.182299 32.794953 25.205387 18.670485 13.314394 9.133713 6.024274 3.819134 2.326942 1.362692 0.767173 0.415353 0.216350 0.108477 0.052387 0.024386 0.010952 0.004753 0.001999 0.000819 0.000332 0.000138 0.000064 0.000036 0.000026 0.000022 0.000021 0.000021 0.000021 0.000021 0.000021 0.000021 0.000021 0.000021 0.000020 0.000020 0.000020 0.000020 0.000020 0.000020 0.000019 0.000018 0.000017 0.000016 0.000013 0.000011 0.000007 0.000004 0.000000 
50.000000 41.182299 32.794953 25.205387 18.670485 13.314394 9.133713 6.024274 3.819134 2.326942 1.362692 0.767173 0.415353 0.216350 0.108477 0.052387 0.024386 0.010952 0.004753 0.001999 0.000819 0.000332 0.000138 0.000064 0.000036 0.000026 0.000022 0.000021 0.000021 0.000021 0.000021 0.000021 0.000021 0.000021 0.000021 0.000020 0.000020 0.000020 0.000020 0.000020 0.000020 0.000019 0.000018 0.000017 0.000016 0.000013 0.000011 0.000007 0.000004 0.000000 
50.000000 41.182303 32.794961 25.205399 18.670500 13.314412 9.133733 6.024296 3.819157 2.326965 1.362715 0.767197 0.415377 0.216374 0.108501 0.052412 0.024411 0.010977 0.004777 0.002023 0.000844 0.000357 0.000163 0.000088 0.000060 0.000050 0.000047 0.000045 0.000045 0.000045 0.000045 0.000045 0.000045 0.000045 0.000045 0.000045 0.000045 0.000045 0.000044 0.000044 0.000043 0.000042 0.000040 0.000038 0.000034 0.000029 0.000023 0.000016 0.000008 0.000000 
50.000000 41.182316 32.794986 25.205436 18.670546 13.314466 9.133793 6.024361 3.819225 2.327036 1.362787 0.767270 0.415450 0.216447 0.108575 0.052485 0.024484 0.011050 0.004851 0.002097 0.000917 0.000430 0.000236 0.000162 0.000134 0.000124 0.000120 0.000119 0.000119 0.000118 0.000118 0.000118 0.000118 0.000118 0.000118 0.000118 0.000118 0.000118 0.000117 0.000116 0.000114 0.000111 0.000106 0.000099 0.000090 0.000077 0.000061 0.000043 0.000022 0.000000 
50.000000 41.182350 32.795053 25.205532 18.670668 13.314608 9.133952 6.024531 3.819404 2.327220 1.362975 0.767460 0.415642 0.216640 0.108768 0.052679 0.024678 0.011244 0.005045 0.002290 0.001111 0.000624 0.000430 0.000355 0.000327 0.000317 0.000314 0.000313 0.000312 0.000312 0.000312 0.000312 0.000312 0.000312 0.000312 0.000312 0.000311 0.000310 0.000309 0.000306 0.000301 0.000293 0.000280 0.000262 0.000237 0.000204 0.000162 0.000113 0.000058 0.000000 
50.000000 41.182437 32.795221 25.205774 18.670974 13.314967 9.134351 6.024960 3.819854 2.327685 1.363449 0.767940 0.416125 0.217125 0.109254 0.053165 0.025164 0.011731 0.005531 0.002777 0.001598 0.001111 0.000917 0.000842 0.000814 0.000804 0.000801 0.000800 0.000799 0.000799 0.000799 0.000799 0.000799 0.000799 0.000798 0.000798 0.000797 0.000794 0.000790 0.000783 0.000770 0.000750 0.000718 0.000672 0.000608 0.000523 0.000417 0.000291 0.000149 0.000000 
50.000000 41.182645 32.795629 25.206361 18.671715 13.315834 9.135317 6.025999 3.820945 2.328810 1.364597 0.769102 0.417295 0.218299 0.110430 0.054343 0.026343 0.012910 0.006711 0.003956 0.002777 0.002290 0.002096 0.002021 0.001993 0.001983 0.001980 0.001979 0.001978 0.001978 0.001978 0.001978 0.001978 0.001978 0.001977 0.001976 0.001973 0.001967 0.001957 0.001939 0.001908 0.001858 0.001781 0.001667 0.001509 0.001298 0.001035 0.000722 0.000371 0.000000 
50.000000 41.183133 32.796579 25.207731 18.673446 13.317859 9.137572 6.028425 3.823491 2.331439 1.367278 0.771815 0.420027 0.221042 0.113179 0.057095 0.029096 0.015663 0.009465 0.006711 0.005531 0.005044 0.004850 0.004776 0.004748 0.004738 0.004734 0.004733 0.004733 0.004733 0.004732 0.004732 0.004732 0.004731 0.004730 0.004727 0.004720 0.004707 0.004683 0.004641 0.004568 0.004450 0.004267 0.003997 0.003619 0.003117 0.002486 0.001735 0.000893 0.000000 
50.000000 41.184229 32.798719 25.210813 18.677339 13.322417 9.142647 6.033884 3.829223 2.337353 1.373311 0.777921 0.426176 0.227215 0.119365 0.063288 0.035292 0.021862 0.015663 0.012910 0.011731 0.011244 0.011050 0.010975 0.010947 0.010937 0.010934 0.010932 0.010932 0.010932 0.010932 0.010931 0.010931 0.010929 0.010926 0.010919 0.010904 0.010875 0.010821 0.010725 0.010561 0.010292 0.009873 0.009254 0.008385 0.007227 0.005768 0.004029 0.002074 0.000000 
50.000000 41.186605 32.803353 25.217491 18.685774 13.332291 9.153643 6.045713 3.841641 2.350170 1.386384 0.791152 0.439500 0.240592 0.132771 0.076708 0.048720 0.035292 0.029096 0.026343 0.025164 0.024677 0.024483 0.024409 0.024381 0.024371 0.024367 0.024366 0.024366 0.024366 0.024365 0.024365 0.024363 0.024360 0.024353 0.024337 0.024306 0.024244 0.024127 0.023918 0.023559 0.022969 0.022049 0.020683 0.018756 0.016181 0.012924 0.009035 0.004653 0.000000 
50.000000 41.191555 32.813010 25.231405 18.703351 13.352868 9.176558 6.070365 3.867523 2.376882 1.413632 0.818730 0.467273 0.268475 0.160713 0.104680 0.076708 0.063288 0.057095 0.054343 0.053165 0.052678 0.052485 0.052410 0.052382 0.052372 0.052369 0.052367 0.052367 0.052367 0.052366 0.052365 0.052362 0.052355 0.052340 0.052308 0.052243 0.052115 0.051873 0.051436 0.050682 0.049442 0.047495 0.044592 0.040478 0.034958 0.027951 0.019556 0.010076 0.000000 
50.000000 41.201467 32.832349 25.259270 18.738553 13.394077 9.222453 6.119740 3.919362 2.430387 1.468211 0.873971 0.522904 0.324326 0.216683 0.160713 0.132771 0.119365 0.113179 0.110430 0.109254 0.108768 0.108574 0.108499 0.108472 0.108462 0.108458 0.108457 0.108456 0.108456 0.108455 0.108452 0.108447 0.108434 0.108404 0.108341 0.108212 0.107958 0.107475 0.106601 0.105085 0.102577 0.098622 0.092689 0.084241 0.072845 0.058316 0.040843 0.021059 0.000000 
50.000000 41.220525 32.869532 25.312847 18.806239 13.473318 9.310705 6.214687 4.019052 2.533281 1.573173 0.980208 0.629893 0.431739 0.324326 0.268475 0.240592 0.227215 0.221042 0.218299 0.217125 0.216640 0.216447 0.216372 0.216344 0.216334 0.216331 0.216330 0.216329 0.216328 0.216326 0.216322 0.216311 0.216287 0.216232 0.216113 0.215870 0.215386 0.214466 0.212791 0.209871 0.205010 0.197299 0.185659 0.168982 0.146350 0.117337 0.082285 0.042464 0.000000 
50.000000 41.255674 32.938108 25.411663 18.931079 13.619476 9.473489 6.389826 4.202943 2.723089 1.766798 1.176188 0.827262 0.629893 0.522904 0.467273 0.439500 0.426176 0.420027 0.417295 0.416125 0.415642 0.415449 0.415375 0.415348 0.415338 0.415334 0.415333 0.415332 0.415330 0.415327 0.415319 0.415300 0.415256 0.415158 0.414946 0.414506 0.413631 0.411957 0.408889 0.403509 0.394496 0.380096 0.358200 0.326593 0.283392 0.227637 0.159890 0.082603 0.000000 
50.000000 41.317798 33.059317 25.586322 19.151743 13.877827 9.761238 6.699424 4.528022 3.058633 2.109098 1.522655 1.176188 0.980208 0.873971 0.818730 0.791152 0.777921 0.771815 0.769102 0.767940 0.767460 0.767269 0.767195 0.767168 0.767158 0.767155 0.767153 0.767152 0.767150 0.767144 0.767131 0.767099 0.767025 0.766857 0.766495 0.765741 0.764231 0.761327 0.755973 0.746518 0.730557 0.704846 0.665416 0.607992 0.528811 0.425770 0.299668 0.155031 0.000000 
50.000000 41.422929 33.264437 25.881902 19.525188 14.315064 10.248241 7.223420 5.078234 3.626570 2.688480 2.109098 1.766798 1.573173 1.468211 1.413632 1.386384 1.373311 1.367278 1.364597 1.363449 1.362975 1.362786 1.362714 1.362686 1.362677 1.362673 1.362672 1.362670 1.362667 1.362658 1.362637 1.362586 1.362466 1.362196 1.361610 1.360382 1.357909 1.353125 1.344240 1.328427 1.301500 1.257714 1.189880 1.090036 0.950870 0.767886 0.541891 0.280863 0.000000 
50.000000 41.593117 33.596494 26.360406 20.129758 15.022925 11.036694 8.071784 5.969062 4.546116 3.626570 3.058633 2.723089 2.533281 2.430387 2.376882 2.350170 2.337353 2.331439 2.328810 2.327685 2.327220 2.327035 2.326964 2.326937 2.326927 2.326924 2.326922 2.326920 2.326915 2.326902 2.326870 2.326793 2.326611 2.326200 2.325301 2.323410 2.319579 2.312115 2.298143 2.273058 2.229918 2.158997 2.047802 1.882025 1.647872 1.335939 0.946082 0.491586 0.000000 
50.000000 41.856432 34.110258 27.100768 21.065193 16.118205 12.256703 9.384528 7.347545 5.969062 5.078234 4.528022 4.202943 4.019052 3.919362 3.867523 3.841641 3.829223 3.823491 3.820945 3.819854 3.819404 3.819224 3.819155 3.819130 3.819120 3.819117 3.819115 3.819112 3.819105 3.819087 3.819041 3.818931 3.818671 3.818081 3.816785 3.814041 3.808447 3.797465 3.776734 3.739144 3.673772 3.564935 3.391864 3.129810 2.753518 2.243774 1.596621 0.832526 0.000000 
50.000000 42.245485 34.869358 28.194689 22.447370 17.736600 14.059437 11.324332 9.384528 8.071784 7.223420 6.699424 6.389826 6.214687 6.119740 6.070365 6.045713 6.033884 6.028425 6.025999 6.024960 6.024531 6.024360 6.024294 6.024270 6.024261 6.024257 6.024255 6.024251 6.024242 6.024218 6.024158 6.024011 6.023663 6.022869 6.021118 6.017388 6.009731 5.994578 5.965706 5.912786 5.819593 5.662166 5.407634 5.014948 4.439356 3.642579 2.609437 1.367632 0.000000 
50.000000 42.793993 35.939589 29.736994 24.396114 20.018432 16.601225 14.059437 12.256703 11.036694 10.248241 9.761238 9.473489 9.310705 9.222453 9.176558 9.153643 9.142647 9.137572 9.135317 9.134351 9.133952 9.133793 9.133732 9.133709 9.133700 9.133697 9.133695 9.133690 9.133679 9.133649 9.133575 9.133393 9.132960 9.131966 9.129764 9.125045 9.115289 9.095822 9.058362 8.988891 8.864838 8.651802 8.300613 7.746430 6.912946 5.726132 4.142048 2.188022 0.000000 
50.000000 43.531364 37.378335 31.810385 27.015939 23.086098 20.018432 17.736600 16.118205 15.022925 14.315064 13.877827 13.619476 13.473318 13.394077 13.352868 13.332291 13.322417 13.317859 13.315834 13.314967 13.314608 13.314466 13.314410 13.314390 13.314382 13.314379 13.314377 13.314372 13.314359 13.314325 13.314241 13.314032 13.313535 13.312389 13.309837 13.304337 13.292883 13.269835 13.225028 13.140900 12.988395 12.721651 12.272001 11.543049 10.410947 8.738042 6.413114 3.431273 0.000000 
50.000000 44.475936 39.221378 34.466439 30.372025 27.015939 24.396114 22.447370 21.065193 20.129758 19.525188 19.151743 18.931079 18.806239 18.738553 18.703351 18.685774 18.677339 18.673446 18.671715 18.670974 18.670668 18.670546 18.670499 18.670481 18.670475 18.670472 18.670470 18.670465 18.670451 18.670417 18.670329 18.670112 18.669593 18.668394 18.665708 18.659888 18.647687 18.622932 18.574318 18.481886 18.311675 18.008014 17.483168 16.604992 15.186012 12.984636 9.745390 5.331155 0.000000 
50.000000 45.628285 41.469846 37.706784 34.466439 31.810385 29.736994 28.194689 27.100768 26.360406 25.881902 25.586322 25.411663 25.312847 25.259270 25.231405 25.217491 25.210813 25.207731 25.206361 25.205774 25.205532 25.205436 25.205398 25.205384 25.205379 25.205377 25.205375 25.205370 25.205358 25.205326 25.205245 25.205045 25.204566 25.203454 25.200954 25.195510 25.184026 25.160552 25.114015 25.024467 24.856994 24.552110 24.010862 23.072343 21.481802 18.853392 14.658081 8.355734 0.000000 
50.000000 46.966513 44.081010 41.469846 39.221378 37.378335 35.939589 34.869358 34.110258 33.596494 33.264437 33.059317 32.938108 32.869532 32.832349 32.813010 32.803353 32.798719 32.796579 32.795629 32.795221 32.795053 32.794986 32.794960 32.794951 32.794947 32.794945 32.794944 32.794940 32.794931 32.794907 32.794844 32.794690 32.794318 32.793454 32.791506 32.787246 32.778218 32.759649 32.722546 32.650411 32.513637 32.259921 31.797542 30.965221 29.475988 26.811765 22.040505 13.619578 0.000000 
50.000000 48.445336 46.966513 45.628285 44.475936 43.531364 42.793993 42.245485 41.856432 41.593117 41.422929 41.317798 41.255674 41.220525 41.201467 41.191555 41.186605 41.184229 41.183133 41.182645 41.182437 41.182350 41.182316 41.182303 41.182298 41.182296 41.182295 41.182294 41.182292 41.182287 41.182274 41.182240 41.182155 41.181952 41.181478 41.180407 41.178061 41.173071 41.162766 41.142066 41.101531 41.023907 40.877852 40.605970 40.100091 39.144781 37.272551 33.346935 24.222668 0.000000 
50.000000 50.000000 50.000000 50.000000 50.000000 50.000000 50.000000 50.000000 50.000000 50.000000 50.000000 50.000000 50.000000 50.000000 50.000000 50.000000 50.000000 50.000000 50.000000 50.000000 50.000000 50.000000 50.000000 50.000000 50.000000 50.000000 50.000000 50.000000 50.000000 50.000000 50.000000 50.000000 50.000000 50.000000 50.000000 50.000000 50.000000 50.000000 50.000000 50.000000 50.000000 50.000000 50.000000 50.000000 50.000000 50.000000 50.000000 50.000000 50.000000 50.000000 
