50.000000 50.000000 50.000000 50.000000 50.000000 50.000000 50.000000 50.000000 50.000000 50.000000 50.000000 50.000000 50.000000 50.000000 50.000000 50.000000 50.000000 50.000000 50.000000 50.000000 50.000000 50.000000 50.000000 50.000000 50.000000 50.000000 50.000000 50.000000 50.000000 50.000000 50.000000 50.000000 50.000000 50.000000 50.000000 50.000000 50.000000 50.000000 50.000000 50.000000 50.000000 50.000000 50.000000 50.000000 50.000000 50.000000 50.000000 50.000000 50.000000 50.000000 
50.000000 48.113779 46.339159 44.767967 43.458306 42.429871 41.668416 41.136319 40.784998 40.565560 40.435730 40.362870 40.324033 40.304344 40.294836 40.290457 40.288530 40.287720 40.287394 40.287268 40.287221 40.287204 40.287199 40.287197 40.287196 40.287196 40.287196 40.287196 40.287195 40.287195 40.287192 40.287184 40.287163 40.287103 40.286944 40.286538 40.285538 40.283160 40.277701 40.265591 40.239587 40.185387 40.075278 39.855835 39.422608 38.562793 36.809538 33.024321 24.056889 0.000000 
50.000000 46.339159 42.894927 39.845525 37.303725 35.307749 33.829940 32.797274 32.115460 31.689600 31.437643 31.296251 31.220886 31.182677 31.164227 31.155730 31.151992 31.150420 31.149786 31.149542 31.149451 31.149419 31.149408 31.149404 31.149403 31.149403 31.149402 31.149402 31.149402 31.149400 31.149396 31.149382 31.149343 31.149235 31.148951 31.148226 31.146445 31.142221 31.132565 31.111260 31.065847 30.972148 30.784525 30.418561 29.719812 28.406137 25.960630 21.447463 13.314839 0.000000 
50.000000 44.767967 39.845525 35.487400 31.854762 29.002232 26.890270 25.414499 24.440148 23.831585 23.471543 23.269501 23.161813 23.107219 23.080857 23.068717 23.063377 23.061130 23.060226 23.059876 23.059747 23.059701 23.059685 23.059680 23.059678 23.059677 23.059677 23.059677 23.059676 23.059674 23.059669 23.059651 23.059602 23.059467 23.059113 23.058210 23.056001 23.050788 23.038946 23.013024 22.958339 22.847058 22.628382 22.212879 21.448547 20.086929 17.743700 13.884895 7.958429 0.000000 
50.000000 43.458306 37.303725 31.854762 27.312934 23.746522 21.106070 19.261052 18.042946 17.282161 16.832078 16.579517 16.444906 16.376667 16.343718 16.328545 16.321871 16.319064 16.317933 16.317497 16.317335 16.317277 16.317257 16.317251 16.317249 16.317248 16.317248 16.317248 16.317247 16.317245 16.317239 16.317221 16.317170 16.317030 16.316663 16.315733 16.313467 16.308153 16.296170 16.270187 16.216020 16.107472 15.898396 15.511494 14.824378 13.656467 11.767833 8.897589 4.895514 0.000000 
50.000000 42.429871 35.307749 29.002232 23.746522 19.619620 16.564271 14.429399 13.019972 12.139726 11.618987 11.326791 11.171063 11.092121 11.054007 11.036456 11.028737 11.025490 11.024182 11.023678 11.023490 11.023424 11.023401 11.023393 11.023391 11.023390 11.023390 11.023390 11.023389 11.023387 11.023382 11.023365 11.023318 11.023191 11.022858 11.022019 11.019986 11.015250 11.004655 10.981908 10.935070 10.842642 10.668032 10.352723 9.809810 8.922144 7.553684 5.587937 3.007263 0.000000 
50.000000 41.668416 33.829940 26.890270 21.106070 16.564271 13.201829 10.852446 9.301447 8.332817 7.759814 7.438304 7.266960 7.180107 7.138175 7.118867 7.110375 7.106804 7.105366 7.104810 7.104605 7.104531 7.104506 7.104498 7.104495 7.104495 7.104494 7.104494 7.104493 7.104492 7.104487 7.104474 7.104435 7.104331 7.104060 7.103380 7.101740 7.097946 7.089530 7.071638 7.035235 6.964443 6.833065 6.600914 6.211548 5.594576 4.677392 3.411379 1.812582 0.000000 
50.000000 41.136319 32.797274 25.414499 19.261052 14.429399 10.852446 8.353243 6.703384 5.673046 5.063561 4.721594 4.539355 4.446983 4.402389 4.381855 4.372825 4.369028 4.367499 4.366908 4.366689 4.366612 4.366585 4.366576 4.366573 4.366572 4.366572 4.366572 4.366571 4.366570 4.366567 4.366557 4.366528 4.366450 4.366248 4.365744 4.364537 4.361763 4.355656 4.342798 4.316929 4.267291 4.176621 4.019381 3.761368 3.362655 2.786117 2.012749 1.061041 0.000000 
50.000000 40.784998 32.115460 24.440148 18.042946 13.019972 9.301447 6.703384 4.988304 3.917264 3.283721 2.928267 2.738847 2.642839 2.596491 2.575151 2.565767 2.561820 2.560231 2.559618 2.559391 2.559310 2.559282 2.559273 2.559270 2.559269 2.559269 2.559268 2.559268 2.559267 2.559265 2.559258 2.559238 2.559184 2.559046 2.558702 2.557881 2.556009 2.551919 2.543382 2.526383 2.494152 2.436093 2.337004 2.177330 1.935474 1.593090 1.143312 0.599611 0.000000 
50.000000 40.565560 31.689600 23.831585 17.282161 12.139726 8.332817 5.673046 3.917264 2.820831 2.172281 1.808417 1.614521 1.516247 1.468806 1.446964 1.437359 1.433320 1.431694 1.431066 1.430834 1.430751 1.430722 1.430713 1.430710 1.430709 1.430709 1.430709 1.430708 1.430708 1.430706 1.430702 1.430689 1.430655 1.430566 1.430348 1.429830 1.428655 1.426106 1.420828 1.410415 1.390882 1.356117 1.297582 1.204656 1.066141 0.873245 0.623753 0.325974 0.000000 
50.000000 40.435730 31.437643 23.471543 16.832078 11.618987 7.759814 5.063561 3.283721 2.172281 1.514867 1.146036 0.949497 0.849886 0.801801 0.779662 0.769927 0.765834 0.764186 0.763549 0.763314 0.763230 0.763201 0.763191 0.763188 0.763187 0.763187 0.763187 0.763187 0.763187 0.763186 0.763183 0.763175 0.763155 0.763102 0.762972 0.762667 0.761977 0.760490 0.757433 0.751453 0.740339 0.720763 0.688176 0.637079 0.561891 0.458519 0.326383 0.170139 0.000000 
50.000000 40.362870 31.296251 23.269501 16.579517 11.326791 7.438304 4.721594 2.928267 1.808417 1.146036 0.774424 0.576405 0.476046 0.427600 0.405295 0.395488 0.391364 0.389704 0.389063 0.388825 0.388740 0.388711 0.388702 0.388699 0.388698 0.388698 0.388698 0.388697 0.388697 0.388697 0.388695 0.388691 0.388679 0.388650 0.388578 0.388408 0.388028 0.387212 0.385546 0.382312 0.376348 0.365937 0.348775 0.322136 0.283346 0.230556 0.163686 0.085169 0.000000 
50.000000 40.324033 31.220886 23.161813 16.444906 11.171063 7.266960 4.539355 2.738847 1.614521 0.949497 0.576405 0.377600 0.276843 0.228205 0.205813 0.195967 0.191827 0.190160 0.189516 0.189278 0.189193 0.189164 0.189154 0.189151 0.189150 0.189150 0.189150 0.189150 0.189150 0.189149 0.189149 0.189146 0.189140 0.189125 0.189087 0.188998 0.188800 0.188378 0.187521 0.185866 0.182838 0.177592 0.169014 0.155813 0.136753 0.111024 0.078665 0.040873 0.000000 
50.000000 40.304344 31.182677 23.107219 16.376667 11.092121 7.180107 4.446983 2.642839 1.516247 0.849886 0.476046 0.276843 0.175884 0.127150 0.104713 0.094848 0.090699 0.089029 0.088384 0.088145 0.088060 0.088031 0.088022 0.088019 0.088018 0.088017 0.088017 0.088017 0.088017 0.088017 0.088017 0.088015 0.088012 0.088005 0.087986 0.087942 0.087844 0.087637 0.087219 0.086417 0.084958 0.082446 0.078368 0.072135 0.063200 0.051218 0.036233 0.018805 0.000000 
50.000000 40.294836 31.164227 23.080857 16.343718 11.054007 7.138175 4.402389 2.596491 1.468806 0.801801 0.427600 0.228205 0.127150 0.078369 0.055911 0.046036 0.041884 0.040212 0.039567 0.039328 0.039243 0.039213 0.039204 0.039201 0.039200 0.039200 0.039199 0.039199 0.039199 0.039199 0.039199 0.039199 0.039197 0.039194 0.039185 0.039164 0.039118 0.039022 0.038828 0.038459 0.037790 0.036644 0.034796 0.031988 0.027985 0.022647 0.016001 0.008297 0.000000 
50.000000 40.290457 31.155730 23.068717 16.328545 11.036456 7.118867 4.381855 2.575151 1.446964 0.779662 0.405295 0.205813 0.104713 0.055911 0.033443 0.023564 0.019410 0.017738 0.017092 0.016853 0.016767 0.016738 0.016729 0.016726 0.016725 0.016724 0.016724 0.016724 0.016724 0.016724 0.016724 0.016724 0.016723 0.016722 0.016718 0.016708 0.016688 0.016646 0.016560 0.016398 0.016105 0.015607 0.014807 0.013597 0.011882 0.009604 0.006779 0.003513 0.000000 
50.000000 40.288530 31.151992 23.063377 16.321871 11.028737 7.110375 4.372825 2.565767 1.437359 0.769927 0.395488 0.195967 0.094848 0.046036 0.023564 0.013683 0.009528 0.007855 0.007210 0.006970 0.006885 0.006856 0.006846 0.006843 0.006842 0.006842 0.006842 0.006842 0.006842 0.006842 0.006842 0.006842 0.006842 0.006841 0.006839 0.006835 0.006827 0.006809 0.006773 0.006705 0.006582 0.006375 0.006044 0.005545 0.004841 0.003909 0.002757 0.001428 0.000000 
50.000000 40.287720 31.150420 23.061130 16.319064 11.025490 7.106804 4.369028 2.561820 1.433320 0.765834 0.391364 0.191827 0.090699 0.041884 0.019410 0.009528 0.005373 0.003700 0.003054 0.002815 0.002730 0.002701 0.002691 0.002688 0.002687 0.002687 0.002687 0.002687 0.002687 0.002687 0.002687 0.002687 0.002686 0.002686 0.002686 0.002684 0.002680 0.002673 0.002659 0.002631 0.002583 0.002500 0.002369 0.002172 0.001894 0.001528 0.001077 0.000558 0.000000 
50.000000 40.287394 31.149786 23.060226 16.317933 11.024182 7.105366 4.367499 2.560231 1.431694 0.764186 0.389704 0.190160 0.089029 0.040212 0.017738 0.007855 0.003700 0.002027 0.001381 0.001142 0.001057 0.001028 0.001018 0.001015 0.001014 0.001014 0.001014 0.001014 0.001014 0.001014 0.001014 0.001014 0.001014 0.001013 0.001013 0.001013 0.001011 0.001008 0.001003 0.000992 0.000974 0.000942 0.000892 0.000817 0.000712 0.000574 0.000405 0.000209 0.000000 
50.000000 40.287268 31.149542 23.059876 16.317497 11.023678 7.104810 4.366908 2.559618 1.431066 0.763549 0.389063 0.189516 0.088384 0.039567 0.017092 0.007210 0.003054 0.001381 0.000735 0.000496 0.000411 0.000382 0.000372 0.000369 0.000368 0.000368 0.000368 0.000368 0.000368 0.000368 0.000368 0.000368 0.000368 0.000368 0.000368 0.000367 0.000367 0.000366 0.000364 0.000360 0.000353 0.000341 0.000323 0.000296 0.000258 0.000208 0.000146 0.000076 0.000000 
50.000000 40.287221 31.149451 23.059747 16.317335 11.023490 7.104605 4.366689 2.559391 1.430834 0.763314 0.388825 0.189278 0.088145 0.039328 0.016853 0.006970 0.002815 0.001142 0.000496 0.000257 0.000172 0.000142 0.000133 0.000130 0.000129 0.000129 0.000128 0.000128 0.000128 0.000128 0.000128 0.000128 0.000128 0.000128 0.000128 0.000128 0.000128 0.000128 0.000127 0.000126 0.000123 0.000119 0.000113 0.000103 0.000090 0.000072 0.000051 0.000026 0.000000 
50.000000 40.287204 31.149419 23.059701 16.317277 11.023424 7.104531 4.366612 2.559310 1.430751 0.763230 0.388740 0.189193 0.088060 0.039243 0.016767 0.006885 0.002730 0.001057 0.000411 0.000172 0.000086 0.000057 0.000048 0.000045 0.000044 0.000043 0.000043 0.000043 0.000043 0.000043 0.000043 0.000043 0.000043 0.000043 0.000043 0.000043 0.000043 0.000043 0.000043 0.000042 0.000041 0.000040 0.000038 0.000035 0.000030 0.000024 0.000017 0.000009 0.000000 
50.000000 40.287199 31.149408 23.059685 16.317257 11.023401 7.104506 4.366585 2.559282 1.430722 0.763201 0.388712 0.189164 0.088031 0.039213 0.016738 0.006856 0.002701 0.001028 0.000382 0.000142 0.000057 0.000028 0.000018 0.000015 0.000014 0.000014 0.000014 0.000014 0.000014 0.000014 0.000014 0.000014 0.000014 0.000014 0.000014 0.000014 0.000014 0.000014 0.000014 0.000014 0.000013 0.000013 0.000012 0.000011 0.000010 0.000008 0.000006 0.000003 0.000000 
50.000000 40.287197 31.149404 23.059680 16.317251 11.023393 7.104498 4.366576 2.559273 1.430713 0.763191 0.388702 0.189154 0.088022 0.039204 0.016729 0.006847 0.002691 0.001018 0.000372 0.000133 0.000048 0.000019 0.000009 0.000006 0.000005 0.000005 0.000005 0.000005 0.000005 0.000005 0.000005 0.000005 0.000005 0.000005 0.000005 0.000004 0.000004 0.000004 0.000004 0.000004 0.000004 0.000004 0.000004 0.000004 0.000003 0.000003 0.000002 0.000001 0.000000 
50.000000 40.287196 31.149403 23.059678 16.317249 11.023391 7.104496 4.366574 2.559270 1.430710 0.763189 0.388699 0.189152 0.088019 0.039201 0.016726 0.006844 0.002688 0.001015 0.000369 0.000130 0.000045 0.000016 0.000006 0.000003 0.000002 0.000002 0.000002 0.000002 0.000002 0.000002 0.000002 0.000002 0.000002 0.000002 0.000002 0.000002 0.000002 0.000002 0.000002 0.000002 0.000002 0.000002 0.000002 0.000001 0.000001 0.000001 0.000001 0.000000 0.000000 
50.000000 40.287196 31.149403 23.059678 16.317249 11.023391 7.104496 4.366574 2.559270 1.430710 0.763189 0.388699 0.189152 0.088019 0.039201 0.016726 0.006844 0.002688 0.001015 0.000369 0.000130 0.000045 0.000016 0.000006 0.000003 0.000002 0.000002 0.000002 0.000002 0.000002 0.000002 0.000002 0.000002 0.000002 0.000002 0.000002 0.000002 0.000002 0.000002 0.000002 0.000002 0.000002 0.000002 0.000002 0.000001 0.000001 0.000001 0.000001 0.000000 0.000000 
50.000000 40.287197 31.149404 23.059680 16.317251 11.023393 7.104498 4.366576 2.559273 1.430713 0.763191 0.388702 0.189154 0.088022 0.039204 0.016729 0.006847 0.002691 0.001018 0.000372 0.000133 0.000048 0.000019 0.000009 0.000006 0.000005 0.000005 0.000005 0.000005 0.000005 0.000005 0.000005 0.000005 0.000005 0.000005 0.000005 0.000004 0.000004 0.000004 0.000004 0.000004 0.000004 0.000004 0.000004 0.000004 0.000003 0.000003 0.000002 0.000001 0.000000 
50.000000 40.287199 31.149408 23.059685 16.317257 11.023401 7.104506 4.366585 2.559282 1.430722 0.763201 0.388712 0.189164 0.088031 0.039213 0.016738 0.006856 0.002701 0.001028 0.000382 0.000142 0.000057 0.000028 0.000018 0.000015 0.000014 0.000014 0.000014 0.000014 0.000014 0.000014 0.000014 0.000014 0.000014 0.000014 0.000014 0.000014 0.000014 0.000014 0.000014 0.000014 0.000013 0.000013 0.000012 0.000011 0.000010 0.000008 0.000006 0.000003 0.000000 
50.000000 40.287204 31.149419 23.059701 16.317277 11.023424 7.104531 4.366612 2.559310 1.430751 0.763230 0.388740 0.189193 0.088060 0.039243 0.016767 0.006885 0.002730 0.001057 0.000411 0.000172 0.000086 0.000057 0.000048 0.000045 0.000044 0.000043 0.000043 0.000043 0.000043 0.000043 0.000043 0.000043 0.000043 0.000043 0.000043 0.000043 0.000043 0.000043 0.000043 0.000042 0.000041 0.000040 0.000038 0.000035 0.000030 0.000024 0.000017 0.000009 0.000000 
50.000000 40.287221 31.149451 23.059747 16.317335 11.023490 7.104605 4.366689 2.559391 1.430834 0.763314 0.388825 0.189278 0.088145 0.039328 0.016853 0.006970 0.002815 0.001142 0.000496 0.000257 0.000172 0.000142 0.000133 0.000130 0.000129 0.000129 0.000128 0.000128 0.000128 0.000128 0.000128 0.000128 0.000128 0.000128 0.000128 0.000128 0.000128 0.000128 0.000127 0.000126 0.000123 0.000119 0.000113 0.000103 0.000090 0.000072 0.000051 0.000026 0.000000 
50.000000 40.287268 31.149542 23.059876 16.317497 11.023678 7.104810 4.366908 2.559618 1.431066 0.763549 0.389063 0.189516 0.088384 0.039567 0.017092 0.007210 0.003054 0.001381 0.000735 0.000496 0.000411 0.000382 0.000372 0.000369 0.000368 0.000368 0.000368 0.000368 0.000368 0.000368 0.000368 0.000368 0.000368 0.000368 0.000368 0.000367 0.000367 0.000366 0.000364 0.000360 0.000353 0.000341 0.000323 0.000296 0.000258 0.000208 0.000146 0.000076 0.000000 
50.000000 40.287394 31.149786 23.060226 16.317933 11.024182 7.105366 4.367499 2.560231 1.431694 0.764186 0.389704 0.190160 0.089029 0.040212 0.017738 0.007855 0.003700 0.002027 0.001381 0.001142 0.001057 0.001028 0.001018 0.001015 0.001014 0.001014 0.001014 0.001014 0.001014 0.001014 0.001014 0.001014 0.001014 0.001013 0.001013 0.001013 0.001011 0.001008 0.001003 0.000992 0.000974 0.000942 0.000892 0.000817 0.000712 0.000574 0.000405 0.000209 0.000000 
50.000000 40.287720 31.150420 23.061130 16.319064 11.025490 7.106804 4.369028 2.561820 1.433320 0.765834 0.391364 0.191827 0.090699 0.041884 0.019410 0.009528 0.005373 0.003700 0.003054 0.002815 0.002730 0.002701 0.002691 0.002688 0.002687 0.002687 0.002687 0.002687 0.002687 0.002687 0.002687 0.002687 0.002686 0.002686 0.002686 0.002684 0.002680 0.002673 0.002659 0.002631 0.002583 0.002500 0.002369 0.002172 0.001894 0.001528 0.001077 0.000558 0.000000 
50.000000 40.288530 31.151992 23.063377 16.321871 11.028737 7.110375 4.372825 2.565767 1.437359 0.769927 0.395488 0.195967 0.094848 0.046036 0.023564 0.013683 0.009528 0.007855 0.007210 0.006970 0.006885 0.006856 0.006846 0.006843 0.006842 0.006842 0.006842 0.006842 0.006842 0.006842 0.006842 0.006842 0.006842 0.006841 0.006839 0.006835 0.006827 0.006809 0.006773 0.006705 0.006582 0.006375 0.006044 0.005545 0.004841 0.003909 0.002757 0.001428 0.000000 
50.000000 40.290457 31.155730 23.068717 16.328545 11.036456 7.118867 4.381855 2.575151 1.446964 0.779662 0.405295 0.205813 0.104713 0.055911 0.033443 0.023564 0.019410 0.017738 0.017092 0.016853 0.016767 0.016738 0.016729 0.016726 0.016725 0.016724 0.016724 0.016724 0.016724 0.016724 0.016724 0.016724 0.016723 0.016722 0.016718 0.016708 0.016688 0.016646 0.016560 0.016398 0.016105 0.015607 0.014807 0.013597 0.011882 0.009604 0.006779 0.003513 0.000000 
50.000000 40.294836 31.164227 23.080857 16.343718 11.054007 7.138175 4.402389 2.596491 1.468806 0.801801 0.427600 0.228205 0.127150 0.078369 0.055911 0.046036 0.041884 0.040212 0.039567 0.039328 0.039243 0.039213 0.039204 0.039201 0.039200 0.039200 0.039199 0.039199 0.039199 0.039199 0.039199 0.039199 0.039197 0.039194 0.039185 0.039164 0.039118 0.039022 0.038828 0.038459 0.037790 0.036644 0.034796 0.031988 0.027985 0.022647 0.016001 0.008297 0.000000 
50.000000 40.304344 31.182677 23.107219 16.376667 11.092121 7.180107 4.446983 2.642839 1.516247 0.849886 0.476046 0.276843 0.175884 0.127150 0.104713 0.094848 0.090699 0.089029 0.088384 0.088145 0.088060 0.088031 0.088022 0.088019 0.088018 0.088017 0.088017 0.088017 0.088017 0.088017 0.088017 0.088015 0.088012 0.088005 0.087986 0.087942 0.087844 0.087637 0.087219 0.086417 0.084958 0.082446 0.078368 0.072135 0.063200 0.051218 0.036233 0.018805 0.000000 
50.000000 40.324033 31.220886 23.161813 16.444906 11.171063 7.266960 4.539355 2.738847 1.614521 0.949497 0.576405 0.377600 0.276843 0.228205 0.205813 0.195967 0.191827 0.190160 0.189516 0.189278 0.189193 0.189164 0.189154 0.189151 0.189150 0.189150 0.189150 0.189150 0.189150 0.189149 0.189149 0.189146 0.189140 0.189125 0.189087 0.188998 0.188800 0.188378 0.187521 0.185866 0.182838 0.177592 0.169014 0.155813 0.136753 0.111024 0.078665 0.040873 0.000000 
50.000000 40.362870 31.296251 23.269501 16.579517 11.326791 7.438304 4.721594 2.928267 1.808417 1.146036 0.774424 0.576405 0.476046 0.427600 0.405295 0.395488 0.391364 0.389704 0.389063 0.388825 0.388740 0.388711 0.388702 0.388699 0.388698 0.388698 0.388698 0.388697 0.388697 0.388697 0.388695 0.388691 0.388679 0.388650 0.388578 0.388408 0.388028 0.387212 0.385546 0.382312 0.376348 0.365937 0.348775 0.322136 0.283346 0.230556 0.163686 0.085169 0.000000 
50.000000 40.435730 31.437643 23.471543 16.832078 11.618987 7.759814 5.063561 3.283721 2.172281 1.514867 1.146036 0.949497 0.849886 0.801801 0.779662 0.769927 0.765834 0.764186 0.763549 0.763314 0.763230 0.763201 0.763191 0.763188 0.763187 0.763187 0.763187 0.763187 0.763187 0.763186 0.763183 0.763175 0.763155 0.763102 0.762972 0.762667 0.761977 0.760490 0.757433 0.751453 0.740339 0.720763 0.688176 0.637079 0.561891 0.458519 0.326383 0.170139 0.000000 
50.000000 40.565560 31.689600 23.831585 17.282161 12.139726 8.332817 5.673046 3.917264 2.820831 2.172281 1.808417 1.614521 1.516247 1.468806 1.446964 1.437359 1.433320 1.431694 1.431066 1.430834 1.430751 1.430722 1.430713 1.430710 1.430709 1.430709 1.430709 1.430708 1.430708 1.430706 1.430702 1.430689 1.430655 1.430566 1.430348 1.429830 1.428655 1.426106 1.420828 1.410415 1.390882 1.356117 1.297582 1.204656 1.066141 0.873245 0.623753 0.325974 0.000000 
50.000000 40.784998 32.115460 24.440148 18.042946 13.019972 9.301447 6.703384 4.988304 3.917264 3.283721 2.928267 2.738847 2.642839 2.596491 2.575151 2.565767 2.561820 2.560231 2.559618 2.559391 2.559310 2.559282 2.559273 2.559270 2.559269 2.559269 2.559268 2.559268 2.559267 2.559265 2.559258 2.559238 2.559184 2.559046 2.558702 2.557881 2.556009 2.551919 2.543382 2.526383 2.494152 2.436093 2.337004 2.177330 1.935474 1.593090 1.143312 0.599611 0.000000 
50.000000 41.136319 32.797274 25.414499 19.261052 14.429399 10.852446 8.353243 6.703384 5.673046 5.063561 4.721594 4.539355 4.446983 4.402389 4.381855 4.372825 4.369028 4.367499 4.366908 4.366689 4.366612 4.366585 4.366576 4.366573 4.366572 4.366572 4.366572 4.366571 4.366570 4.366567 4.366557 4.366528 4.366450 4.366248 4.365744 4.364537 4.361763 4.355656 4.342798 4.316929 4.267291 4.176621 4.019381 3.761368 3.362655 2.786117 2.012749 1.061041 0.000000 
50.000000 41.668416 33.829940 26.890270 21.106070 16.564271 13.201829 10.852446 9.301447 8.332817 7.759814 7.438304 7.266960 7.180107 7.138175 7.118867 7.110375 7.106804 7.105366 7.104810 7.104605 7.104531 7.104506 7.104498 7.104495 7.104495 7.104494 7.104494 7.104493 7.104492 7.104487 7.104474 7.104435 7.104331 7.104060 7.103380 7.101740 7.097946 7.089530 7.071638 7.035235 6.964443 6.833065 6.600914 6.211548 5.594576 4.677392 3.411379 1.812582 0.000000 
50.000000 42.429871 35.307749 29.002232 23.746522 19.619620 16.564271 14.429399 13.019972 12.139726 11.618987 11.326791 11.171063 11.092121 11.054007 11.036456 11.028737 11.025490 11.024182 11.023678 11.023490 11.023424 11.023401 11.023393 11.023391 11.023390 11.023390 11.023390 11.023389 11.023387 11.023382 11.023365 11.023318 11.023191 11.022858 11.022019 11.019986 11.015250 11.004655 10.981908 10.935070 10.842642 10.668032 10.352723 9.809810 8.922144 7.553684 5.587937 3.007263 0.000000 
50.000000 43.458306 37.303725 31.854762 27.312934 23.746522 21.106070 19.261052 18.042946 17.282161 16.832078 16.579517 16.444906 16.376667 16.343718 16.328545 16.321871 16.319064 16.317933 16.317497 16.317335 16.317277 16.317257 16.317251 16.317249 16.317248 16.317248 16.317248 16.317247 16.317245 16.317239 16.317221 16.317170 16.317030 16.316663 16.315733 16.313467 16.308153 16.296170 16.270187 16.216020 16.107472 15.898396 15.511494 14.824378 13.656467 11.767833 8.897589 4.895514 0.000000 
50.000000 44.767967 39.845525 35.487400 31.854762 29.002232 26.890270 25.414499 24.440148 23.831585 23.471543 23.269501 23.161813 23.107219 23.080857 23.068717 23.063377 23.061130 23.060226 23.059876 23.059747 23.059701 23.059685 23.059680 23.059678 23.059677 23.059677 23.059677 23.059676 23.059674 23.059669 23.059651 23.059602 23.059467 23.059113 23.058210 23.056001 23.050788 23.038946 23.013024 22.958339 22.847058 22.628382 22.212879 21.448547 20.086929 17.743700 13.884895 7.958429 0.000000 
50.000000 46.339159 42.894927 39.845525 37.303725 35.307749 33.829940 32.797274 32.115460 31.689600 31.437643 31.296251 31.220886 31.182677 31.164227 31.155730 31.151992 31.150420 31.149786 31.149542 31.149451 31.149419 31.149408 31.149404 31.149403 31.149403 31.149402 31.149402 31.149402 31.149400 31.149396 31.149382 31.149343 31.149235 31.148951 31.148226 31.146445 31.142221 31.132565 31.111260 31.065847 30.972148 30.784525 30.418561 29.719812 28.406137 25.960630 21.447463 13.314839 0.000000 
50.000000 48.113779 46.339159 44.767967 43.458306 42.429871 41.668416 41.136319 40.784998 40.565560 40.435730 40.362870 40.324033 40.304344 40.294836 40.290457 40.288530 40.287720 40.287394 40.287268 40.287221 40.287204 40.287199 40.287197 40.287196 40.287196 40.287196 40.287196 40.287195 40.287195 40.287192 40.287184 40.287163 40.287103 40.286944 40.286538 40.285538 40.283160 40.277701 40.265591 40.239587 40.185387 40.075278 39.855835 39.422608 38.562793 36.809538 33.024321 24.056889 0.000000 
50.000000 50.000000 50.000000 50.000000 50.000000 50.000000 50.000000 50.000000 50.000000 50.000000 50.000000 50.000000 50.000000 50.000000 50.000000 50.000000 50.000000 50.000000 50.000000 50.000000 50.000000 50.000000 50.000000 50.000000 50.000000 50.000000 50.000000 50.000000 50.000000 50.000000 50.000000 50.000000 50.000000 50.000000 50.000000 50.000000 50.000000 50.000000 50.000000 50.000000 50.000000 50.000000 50.000000 50.000000 50.000000 50.000000 50.000000 50.000000 50.000000 50.000000 
