50.000000 50.000000 50.000000 50.000000 50.000000 50.000000 50.000000 50.000000 50.000000 50.000000 50.000000 50.000000 50.000000 50.000000 50.000000 50.000000 50.000000 50.000000 50.000000 50.000000 50.000000 50.000000 50.000000 50.000000 50.000000 50.000000 50.000000 50.000000 50.000000 50.000000 50.000000 50.000000 50.000000 50.000000 50.000000 50.000000 50.000000 50.000000 50.000000 50.000000 50.000000 50.000000 50.000000 50.000000 50.000000 50.000000 50.000000 50.000000 50.000000 50.000000 
50.000000 47.535796 45.261948 43.324805 41.799616 40.688184 39.937205 39.465727 39.190069 39.039621 38.962786 38.925978 38.909398 38.902360 38.899538 38.898467 38.898081 38.897949 38.897906 38.897893 38.897889 38.897888 38.897888 38.897887 38.897887 38.897887 38.897887 38.897887 38.897887 38.897887 38.897887 38.897886 38.897884 38.897876 38.897850 38.897768 38.897525 38.896834 38.894951 38.890041 38.877776 38.848365 38.780449 38.628615 38.297155 37.580945 36.017317 32.466037 23.767898 0.000000 
50.000000 45.261948 40.889926 37.165338 34.232866 32.095964 30.652124 29.745679 29.215727 28.926501 28.778796 28.708041 28.676171 28.662643 28.657218 28.655160 28.654419 28.654165 28.654082 28.654057 28.654049 28.654047 28.654046 28.654046 28.654046 28.654046 28.654046 28.654046 28.654046 28.654046 28.654046 28.654045 28.654040 28.654026 28.653981 28.653839 28.653421 28.652233 28.649012 28.640662 28.619958 28.570825 28.459041 28.214570 27.698658 26.642941 24.538013 20.444963 12.795911 0.000000 
50.000000 43.324805 37.165338 31.918081 27.786860 24.776514 22.742587 21.465737 20.719263 20.311890 20.103860 20.004213 19.959333 19.940283 19.932645 19.929746 19.928703 19.928346 19.928230 19.928194 19.928183 19.928180 19.928179 19.928179 19.928179 19.928179 19.928179 19.928179 19.928179 19.928179 19.928178 19.928177 19.928172 19.928155 19.928101 19.927934 19.927442 19.926054 19.922312 19.912689 19.889077 19.833815 19.710426 19.447511 18.912735 17.874894 15.959040 12.627325 7.307489 0.000000 
50.000000 41.799616 34.232866 27.786860 22.711989 19.014152 16.515832 14.947525 14.030711 13.530410 13.274942 13.152580 13.097474 13.074085 13.064709 13.061150 13.059870 13.059432 13.059289 13.059245 13.059231 13.059228 13.059227 13.059226 13.059226 13.059226 13.059226 13.059226 13.059226 13.059226 13.059226 13.059224 13.059220 13.059203 13.059152 13.058992 13.058523 13.057208 13.053689 13.044723 13.022978 12.972843 12.863067 12.635095 12.186963 11.355994 9.911966 7.589924 4.218671 0.000000 
50.000000 40.688184 32.095964 24.776514 19.014152 14.815524 11.978988 10.198462 9.157647 8.589715 8.299734 8.160852 8.098310 8.071768 8.061129 8.057091 8.055638 8.055141 8.054979 8.054929 8.054914 8.054910 8.054909 8.054909 8.054909 8.054909 8.054909 8.054909 8.054908 8.054908 8.054908 8.054907 8.054903 8.054890 8.054847 8.054715 8.054331 8.053261 8.050419 8.043246 8.026055 7.986999 7.903051 7.732753 7.407762 6.827189 5.863779 4.397306 2.391028 0.000000 
50.000000 39.937205 30.652124 22.742587 16.515832 11.978988 8.914086 6.990304 5.865810 5.252255 4.938999 4.788980 4.721429 4.692763 4.681273 4.676913 4.675344 4.674808 4.674633 4.674579 4.674563 4.674558 4.674557 4.674556 4.674556 4.674556 4.674556 4.674556 4.674556 4.674556 4.674556 4.674555 4.674552 4.674542 4.674511 4.674415 4.674137 4.673367 4.671337 4.666261 4.654231 4.627273 4.570293 4.457043 4.246236 3.880736 3.295076 2.437554 1.308590 0.000000 
50.000000 39.465727 29.745679 21.465737 14.947525 10.198462 6.990304 4.976685 3.799733 3.157588 2.829753 2.672761 2.602075 2.572080 2.560058 2.555497 2.553856 2.553295 2.553112 2.553055 2.553038 2.553033 2.553032 2.553032 2.553032 2.553032 2.553032 2.553032 2.553032 2.553032 2.553031 2.553031 2.553029 2.553022 2.553002 2.552939 2.552758 2.552259 2.550954 2.547718 2.540128 2.523330 2.488342 2.420011 2.295410 2.084459 1.755311 1.286638 0.685278 0.000000 
50.000000 39.190069 29.215727 20.719263 14.030711 9.157647 5.865810 3.799733 2.592162 1.933336 1.597000 1.435943 1.363430 1.332662 1.320331 1.315653 1.313969 1.313394 1.313206 1.313148 1.313131 1.313126 1.313124 1.313124 1.313124 1.313124 1.313124 1.313124 1.313124 1.313124 1.313124 1.313123 1.313122 1.313118 1.313106 1.313069 1.312961 1.312667 1.311902 1.310021 1.305650 1.296081 1.276403 1.238537 1.170648 1.057869 0.885448 0.644902 0.341703 0.000000 
50.000000 39.039621 28.926501 20.311890 13.530410 8.589715 5.252255 3.157588 1.933336 1.265428 0.924464 0.761197 0.687691 0.656503 0.644003 0.639262 0.637555 0.636972 0.636782 0.636723 0.636706 0.636701 0.636699 0.636699 0.636699 0.636699 0.636699 0.636699 0.636699 0.636699 0.636699 0.636699 0.636698 0.636696 0.636689 0.636669 0.636610 0.636450 0.636038 0.635032 0.632714 0.627686 0.617459 0.598024 0.563660 0.507432 0.422813 0.306543 0.161845 0.000000 
50.000000 38.962786 28.778796 20.103860 13.274942 8.299734 4.938999 2.829753 1.597000 0.924464 0.581145 0.416753 0.342742 0.311340 0.298755 0.293981 0.292264 0.291676 0.291485 0.291426 0.291408 0.291403 0.291402 0.291401 0.291401 0.291401 0.291401 0.291401 0.291401 0.291401 0.291401 0.291401 0.291401 0.291400 0.291396 0.291386 0.291356 0.291276 0.291071 0.290572 0.289432 0.286978 0.282035 0.272739 0.256488 0.230219 0.191171 0.138135 0.072745 0.000000 
50.000000 38.925978 28.708041 20.004213 13.152580 8.160852 4.788980 2.672761 1.435943 0.761197 0.416753 0.251825 0.177573 0.146069 0.133444 0.128654 0.126931 0.126342 0.126150 0.126091 0.126073 0.126068 0.126067 0.126066 0.126066 0.126066 0.126066 0.126066 0.126066 0.126066 0.126066 0.126066 0.126066 0.126065 0.126064 0.126059 0.126045 0.126008 0.125912 0.125682 0.125159 0.124041 0.121808 0.117643 0.110432 0.098890 0.081900 0.059029 0.031028 0.000000 
50.000000 38.909398 28.676171 19.959333 13.097474 8.098310 4.721429 2.602075 1.363430 0.687691 0.342742 0.177573 0.103213 0.071664 0.059020 0.054224 0.052498 0.051908 0.051716 0.051657 0.051639 0.051634 0.051633 0.051632 0.051632 0.051632 0.051632 0.051632 0.051632 0.051632 0.051632 0.051632 0.051632 0.051632 0.051631 0.051629 0.051623 0.051607 0.051565 0.051466 0.051241 0.050764 0.049816 0.048062 0.045050 0.040266 0.033279 0.023938 0.012565 0.000000 
50.000000 38.902360 28.662643 19.940283 13.074085 8.071768 4.692763 2.572080 1.332662 0.656503 0.311340 0.146069 0.071664 0.040095 0.027444 0.022645 0.020918 0.020328 0.020136 0.020076 0.020058 0.020053 0.020052 0.020051 0.020051 0.020051 0.020051 0.020051 0.020051 0.020051 0.020051 0.020051 0.020051 0.020051 0.020051 0.020050 0.020047 0.020041 0.020024 0.019984 0.019893 0.019701 0.019322 0.018626 0.017437 0.015562 0.012840 0.009222 0.004835 0.000000 
50.000000 38.899538 28.657218 19.932645 13.064709 8.061129 4.681273 2.560058 1.320331 0.644003 0.298755 0.133444 0.059020 0.027444 0.014790 0.009990 0.008263 0.007672 0.007480 0.007420 0.007402 0.007397 0.007396 0.007396 0.007395 0.007395 0.007395 0.007395 0.007395 0.007395 0.007395 0.007395 0.007395 0.007395 0.007395 0.007395 0.007394 0.007391 0.007385 0.007369 0.007335 0.007262 0.007119 0.006857 0.006413 0.005717 0.004711 0.003379 0.001770 0.000000 
50.000000 38.898467 28.655160 19.929746 13.061150 8.057091 4.676913 2.555497 1.315653 0.639262 0.293981 0.128654 0.054224 0.022645 0.009990 0.005189 0.003462 0.002871 0.002679 0.002619 0.002601 0.002596 0.002595 0.002595 0.002595 0.002595 0.002595 0.002595 0.002595 0.002595 0.002595 0.002595 0.002595 0.002595 0.002595 0.002594 0.002594 0.002593 0.002591 0.002585 0.002573 0.002547 0.002495 0.002402 0.002245 0.001999 0.001645 0.001179 0.000617 0.000000 
50.000000 38.898081 28.654419 19.928703 13.059870 8.055638 4.675344 2.553856 1.313969 0.637555 0.292264 0.126931 0.052498 0.020918 0.008263 0.003462 0.001734 0.001144 0.000952 0.000892 0.000874 0.000869 0.000868 0.000867 0.000867 0.000867 0.000867 0.000867 0.000867 0.000867 0.000867 0.000867 0.000867 0.000867 0.000867 0.000867 0.000867 0.000867 0.000866 0.000864 0.000860 0.000851 0.000833 0.000802 0.000749 0.000666 0.000548 0.000392 0.000205 0.000000 
50.000000 38.897949 28.654165 19.928346 13.059432 8.055141 4.674808 2.553295 1.313394 0.636972 0.291676 0.126342 0.051908 0.020328 0.007672 0.002871 0.001144 0.000553 0.000361 0.000301 0.000283 0.000278 0.000277 0.000277 0.000277 0.000277 0.000277 0.000277 0.000277 0.000277 0.000277 0.000277 0.000277 0.000277 0.000277 0.000277 0.000277 0.000276 0.000276 0.000276 0.000274 0.000271 0.000266 0.000255 0.000238 0.000212 0.000174 0.000125 0.000065 0.000000 
50.000000 38.897906 28.654082 19.928230 13.059289 8.054979 4.674633 2.553112 1.313206 0.636782 0.291485 0.126150 0.051716 0.020136 0.007480 0.002679 0.000952 0.000361 0.000169 0.000109 0.000091 0.000086 0.000085 0.000084 0.000084 0.000084 0.000084 0.000084 0.000084 0.000084 0.000084 0.000084 0.000084 0.000084 0.000084 0.000084 0.000084 0.000084 0.000084 0.000084 0.000084 0.000083 0.000081 0.000078 0.000073 0.000064 0.000053 0.000038 0.000020 0.000000 
50.000000 38.897893 28.654057 19.928194 13.059245 8.054929 4.674579 2.553055 1.313148 0.636723 0.291426 0.126091 0.051657 0.020076 0.007420 0.002619 0.000892 0.000301 0.000109 0.000049 0.000031 0.000026 0.000025 0.000025 0.000025 0.000025 0.000025 0.000025 0.000025 0.000025 0.000025 0.000025 0.000025 0.000025 0.000025 0.000025 0.000025 0.000025 0.000025 0.000024 0.000024 0.000024 0.000024 0.000023 0.000021 0.000019 0.000015 0.000011 0.000006 0.000000 
50.000000 38.897889 28.654049 19.928183 13.059231 8.054914 4.674563 2.553038 1.313131 0.636706 0.291408 0.126073 0.051639 0.020058 0.007402 0.002601 0.000874 0.000283 0.000091 0.000031 0.000014 0.000009 0.000007 0.000007 0.000007 0.000007 0.000007 0.000007 0.000007 0.000007 0.000007 0.000007 0.000007 0.000007 0.000007 0.000007 0.000007 0.000007 0.000007 0.000007 0.000007 0.000007 0.000007 0.000006 0.000006 0.000005 0.000004 0.000003 0.000002 0.000000 
50.000000 38.897888 28.654047 19.928180 13.059228 8.054910 4.674558 2.553033 1.313126 0.636701 0.291403 0.126068 0.051634 0.020053 0.007397 0.002596 0.000869 0.000278 0.000086 0.000026 0.000009 0.000004 0.000002 0.000002 0.000002 0.000002 0.000002 0.000002 0.000002 0.000002 0.000002 0.000002 0.000002 0.000002 0.000002 0.000002 0.000002 0.000002 0.000002 0.000002 0.000002 0.000002 0.000002 0.000002 0.000002 0.000001 0.000001 0.000001 0.000000 0.000000 
50.000000 38.897888 28.654046 19.928179 13.059227 8.054909 4.674557 2.553032 1.313124 0.636699 0.291402 0.126067 0.051633 0.020052 0.007396 0.002595 0.000868 0.000277 0.000085 0.000025 0.000007 0.000002 0.000001 0.000001 0.000001 0.000000 0.000000 0.000000 0.000000 0.000000 0.000000 0.000000 0.000000 0.000000 0.000000 0.000000 0.000000 0.000000 0.000000 0.000000 0.000000 0.000000 0.000000 0.000000 0.000000 0.000000 0.000000 0.000000 0.000000 0.000000 
50.000000 38.897887 28.654046 19.928179 13.059226 8.054909 4.674556 2.553032 1.313124 0.636699 0.291401 0.126066 0.051632 0.020051 0.007396 0.002595 0.000867 0.000277 0.000084 0.000025 0.000007 0.000002 0.000001 0.000000 0.000000 0.000000 0.000000 0.000000 0.000000 0.000000 0.000000 0.000000 0.000000 0.000000 0.000000 0.000000 0.000000 0.000000 0.000000 0.000000 0.000000 0.000000 0.000000 0.000000 0.000000 0.000000 0.000000 0.000000 0.000000 0.000000 
50.000000 38.897887 28.654046 19.928179 13.059226 8.054909 4.674556 2.553032 1.313124 0.636699 0.291401 0.126066 0.051632 0.020051 0.007395 0.002595 0.000867 0.000277 0.000084 0.000025 0.000007 0.000002 0.000001 0.000000 0.000000 0.000000 0.000000 0.000000 0.000000 0.000000 0.000000 0.000000 0.000000 0.000000 0.000000 0.000000 0.000000 0.000000 0.000000 0.000000 0.000000 0.000000 0.000000 0.000000 0.000000 0.000000 0.000000 0.000000 0.000000 0.000000 
50.000000 38.897887 28.654046 19.928179 13.059226 8.054909 4.674556 2.553032 1.313124 0.636699 0.291401 0.126066 0.051632 0.020051 0.007395 0.002595 0.000867 0.000277 0.000084 0.000025 0.000007 0.000002 0.000001 0.000000 0.000000 0.000000 0.000000 0.000000 0.000000 0.000000 0.000000 0.000000 0.000000 0.000000 0.000000 0.000000 0.000000 0.000000 0.000000 0.000000 0.000000 0.000000 0.000000 0.000000 0.000000 0.000000 0.000000 0.000000 0.000000 0.000000 
50.000000 38.897887 28.654046 19.928179 13.059226 8.054909 4.674556 2.553032 1.313124 0.636699 0.291401 0.126066 0.051632 0.020051 0.007396 0.002595 0.000867 0.000277 0.000084 0.000025 0.000007 0.000002 0.000001 0.000000 0.000000 0.000000 0.000000 0.000000 0.000000 0.000000 0.000000 0.000000 0.000000 0.000000 0.000000 0.000000 0.000000 0.000000 0.000000 0.000000 0.000000 0.000000 0.000000 0.000000 0.000000 0.000000 0.000000 0.000000 0.000000 0.000000 
50.000000 38.897888 28.654046 19.928179 13.059227 8.054909 4.674557 2.553032 1.313124 0.636699 0.291402 0.126067 0.051633 0.020052 0.007396 0.002595 0.000868 0.000277 0.000085 0.000025 0.000007 0.000002 0.000001 0.000001 0.000001 0.000000 0.000000 0.000000 0.000000 0.000000 0.000000 0.000000 0.000000 0.000000 0.000000 0.000000 0.000000 0.000000 0.000000 0.000000 0.000000 0.000000 0.000000 0.000000 0.000000 0.000000 0.000000 0.000000 0.000000 0.000000 
50.000000 38.897888 28.654047 19.928180 13.059228 8.054910 4.674558 2.553033 1.313126 0.636701 0.291403 0.126068 0.051634 0.020053 0.007397 0.002596 0.000869 0.000278 0.000086 0.000026 0.000009 0.000004 0.000002 0.000002 0.000002 0.000002 0.000002 0.000002 0.000002 0.000002 0.000002 0.000002 0.000002 0.000002 0.000002 0.000002 0.000002 0.000002 0.000002 0.000002 0.000002 0.000002 0.000002 0.000002 0.000002 0.000001 0.000001 0.000001 0.000000 0.000000 
50.000000 38.897889 28.654049 19.928183 13.059231 8.054914 4.674563 2.553038 1.313131 0.636706 0.291408 0.126073 0.051639 0.020058 0.007402 0.002601 0.000874 0.000283 0.000091 0.000031 0.000014 0.000009 0.000007 0.000007 0.000007 0.000007 0.000007 0.000007 0.000007 0.000007 0.000007 0.000007 0.000007 0.000007 0.000007 0.000007 0.000007 0.000007 0.000007 0.000007 0.000007 0.000007 0.000007 0.000006 0.000006 0.000005 0.000004 0.000003 0.000002 0.000000 
50.000000 38.897893 28.654057 19.928194 13.059245 8.054929 4.674579 2.553055 1.313148 0.636723 0.291426 0.126091 0.051657 0.020076 0.007420 0.002619 0.000892 0.000301 0.000109 0.000049 0.000031 0.000026 0.000025 0.000025 0.000025 0.000025 0.000025 0.000025 0.000025 0.000025 0.000025 0.000025 0.000025 0.000025 0.000025 0.000025 0.000025 0.000025 0.000025 0.000024 0.000024 0.000024 0.000024 0.000023 0.000021 0.000019 0.000015 0.000011 0.000006 0.000000 
50.000000 38.897906 28.654082 19.928230 13.059289 8.054979 4.674633 2.553112 1.313206 0.636782 0.291485 0.126150 0.051716 0.020136 0.007480 0.002679 0.000952 0.000361 0.000169 0.000109 0.000091 0.000086 0.000085 0.000084 0.000084 0.000084 0.000084 0.000084 0.000084 0.000084 0.000084 0.000084 0.000084 0.000084 0.000084 0.000084 0.000084 0.000084 0.000084 0.000084 0.000084 0.000083 0.000081 0.000078 0.000073 0.000064 0.000053 0.000038 0.000020 0.000000 
50.000000 38.897949 28.654165 19.928346 13.059432 8.055141 4.674808 2.553295 1.313394 0.636972 0.291676 0.126342 0.051908 0.020328 0.007672 0.002871 0.001144 0.000553 0.000361 0.000301 0.000283 0.000278 0.000277 0.000277 0.000277 0.000277 0.000277 0.000277 0.000277 0.000277 0.000277 0.000277 0.000277 0.000277 0.000277 0.000277 0.000277 0.000276 0.000276 0.000276 0.000274 0.000271 0.000266 0.000255 0.000238 0.000212 0.000174 0.000125 0.000065 0.000000 
50.000000 38.898081 28.654419 19.928703 13.059870 8.055638 4.675344 2.553856 1.313969 0.637555 0.292264 0.126931 0.052498 0.020918 0.008263 0.003462 0.001734 0.001144 0.000952 0.000892 0.000874 0.000869 0.000868 0.000867 0.000867 0.000867 0.000867 0.000867 0.000867 0.000867 0.000867 0.000867 0.000867 0.000867 0.000867 0.000867 0.000867 0.000867 0.000866 0.000864 0.000860 0.000851 0.000833 0.000802 0.000749 0.000666 0.000548 0.000392 0.000205 0.000000 
50.000000 38.898467 28.655160 19.929746 13.061150 8.057091 4.676913 2.555497 1.315653 0.639262 0.293981 0.128654 0.054224 0.022645 0.009990 0.005189 0.003462 0.002871 0.002679 0.002619 0.002601 0.002596 0.002595 0.002595 0.002595 0.002595 0.002595 0.002595 0.002595 0.002595 0.002595 0.002595 0.002595 0.002595 0.002595 0.002594 0.002594 0.002593 0.002591 0.002585 0.002573 0.002547 0.002495 0.002402 0.002245 0.001999 0.001645 0.001179 0.000617 0.000000 
50.000000 38.899538 28.657218 19.932645 13.064709 8.061129 4.681273 2.560058 1.320331 0.644003 0.298755 0.133444 0.059020 0.027444 0.014790 0.009990 0.008263 0.007672 0.007480 0.007420 0.007402 0.007397 0.007396 0.007396 0.007395 0.007395 0.007395 0.007395 0.007395 0.007395 0.007395 0.007395 0.007395 0.007395 0.007395 0.007395 0.007394 0.007391 0.007385 0.007369 0.007335 0.007262 0.007119 0.006857 0.006413 0.005717 0.004711 0.003379 0.001770 0.000000 
50.000000 38.902360 28.662643 19.940283 13.074085 8.071768 4.692763 2.572080 1.332662 0.656503 0.311340 0.146069 0.071664 0.040095 0.027444 0.022645 0.020918 0.020328 0.020136 0.020076 0.020058 0.020053 0.020052 0.020051 0.020051 0.020051 0.020051 0.020051 0.020051 0.020051 0.020051 0.020051 0.020051 0.020051 0.020051 0.020050 0.020047 0.020041 0.020024 0.019984 0.019893 0.019701 0.019322 0.018626 0.017437 0.015562 0.012840 0.009222 0.004835 0.000000 
50.000000 38.909398 28.676171 19.959333 13.097474 8.098310 4.721429 2.602075 1.363430 0.687691 0.342742 0.177573 0.103213 0.071664 0.059020 0.054224 0.052498 0.051908 0.051716 0.051657 0.051639 0.051634 0.051633 0.051632 0.051632 0.051632 0.051632 0.051632 0.051632 0.051632 0.051632 0.051632 0.051632 0.051632 0.051631 0.051629 0.051623 0.051607 0.051565 0.051466 0.051241 0.050764 0.049816 0.048062 0.045050 0.040266 0.033279 0.023938 0.012565 0.000000 
50.000000 38.925978 28.708041 20.004213 13.152580 8.160852 4.788980 2.672761 1.435943 0.761197 0.416753 0.251825 0.177573 0.146069 0.133444 0.128654 0.126931 0.126342 0.126150 0.126091 0.126073 0.126068 0.126067 0.126066 0.126066 0.126066 0.126066 0.126066 0.126066 0.126066 0.126066 0.126066 0.126066 0.126065 0.126064 0.126059 0.126045 0.126008 0.125912 0.125682 0.125159 0.124041 0.121808 0.117643 0.110432 0.098890 0.081900 0.059029 0.031028 0.000000 
50.000000 38.962786 28.778796 20.103860 13.274942 8.299734 4.938999 2.829753 1.597000 0.924464 0.581145 0.416753 0.342742 0.311340 0.298755 0.293981 0.292264 0.291676 0.291485 0.291426 0.291408 0.291403 0.291402 0.291401 0.291401 0.291401 0.291401 0.291401 0.291401 0.291401 0.291401 0.291401 0.291401 0.291400 0.291396 0.291386 0.291356 0.291276 0.291071 0.290572 0.289432 0.286978 0.282035 0.272739 0.256488 0.230219 0.191171 0.138135 0.072745 0.000000 
50.000000 39.039621 28.926501 20.311890 13.530410 8.589715 5.252255 3.157588 1.933336 1.265428 0.924464 0.761197 0.687691 0.656503 0.644003 0.639262 0.637555 0.636972 0.636782 0.636723 0.636706 0.636701 0.636699 0.636699 0.636699 0.636699 0.636699 0.636699 0.636699 0.636699 0.636699 0.636699 0.636698 0.636696 0.636689 0.636669 0.636610 0.636450 0.636038 0.635032 0.632714 0.627686 0.617459 0.598024 0.563660 0.507432 0.422813 0.306543 0.161845 0.000000 
50.000000 39.190069 29.215727 20.719263 14.030711 9.157647 5.865810 3.799733 2.592162 1.933336 1.597000 1.435943 1.363430 1.332662 1.320331 1.315653 1.313969 1.313394 1.313206 1.313148 1.313131 1.313126 1.313124 1.313124 1.313124 1.313124 1.313124 1.313124 1.313124 1.313124 1.313124 1.313123 1.313122 1.313118 1.313106 1.313069 1.312961 1.312667 1.311902 1.310021 1.305650 1.296081 1.276403 1.238537 1.170648 1.057869 0.885448 0.644902 0.341703 0.000000 
50.000000 39.465727 29.745679 21.465737 14.947525 10.198462 6.990304 4.976685 3.799733 3.157588 2.829753 2.672761 2.602075 2.572080 2.560058 2.555497 2.553856 2.553295 2.553112 2.553055 2.553038 2.553033 2.553032 2.553032 2.553032 2.553032 2.553032 2.553032 2.553032 2.553032 2.553031 2.553031 2.553029 2.553022 2.553002 2.552939 2.552758 2.552259 2.550954 2.547718 2.540128 2.523330 2.488342 2.420011 2.295410 2.084459 1.755311 1.286638 0.685278 0.000000 
50.000000 39.937205 30.652124 22.742587 16.515832 11.978988 8.914086 6.990304 5.865810 5.252255 4.938999 4.788980 4.721429 4.692763 4.681273 4.676913 4.675344 4.674808 4.674633 4.674579 4.674563 4.674558 4.674557 4.674556 4.674556 4.674556 4.674556 4.674556 4.674556 4.674556 4.674556 4.674555 4.674552 4.674542 4.674511 4.674415 4.674137 4.673367 4.671337 4.666261 4.654231 4.627273 4.570293 4.457043 4.246236 3.880736 3.295076 2.437554 1.308590 0.000000 
50.000000 40.688184 32.095964 24.776514 19.014152 14.815524 11.978988 10.198462 9.157647 8.589715 8.299734 8.160852 8.098310 8.071768 8.061129 8.057091 8.055638 8.055141 8.054979 8.054929 8.054914 8.054910 8.054909 8.054909 8.054909 8.054909 8.054909 8.054909 8.054908 8.054908 8.054908 8.054907 8.054903 8.054890 8.054847 8.054715 8.054331 8.053261 8.050419 8.043246 8.026055 7.986999 7.903051 7.732753 7.407762 6.827189 5.863779 4.397306 2.391028 0.000000 
50.000000 41.799616 34.232866 27.786860 22.711989 19.014152 16.515832 14.947525 14.030711 13.530410 13.274942 13.152580 13.097474 13.074085 13.064709 13.061150 13.059870 13.059432 13.059289 13.059245 13.059231 13.059228 13.059227 13.059226 13.059226 13.059226 13.059226 13.059226 13.059226 13.059226 13.059226 13.059224 13.059220 13.059203 13.059152 13.058992 13.058523 13.057208 13.053689 13.044723 13.022978 12.972843 12.863067 12.635095 12.186963 11.355994 9.911966 7.589924 4.218671 0.000000 
50.000000 43.324805 37.165338 31.918081 27.786860 24.776514 22.742587 21.465737 20.719263 20.311890 20.103860 20.004213 19.959333 19.940283 19.932645 19.929746 19.928703 19.928346 19.928230 19.928194 19.928183 19.928180 19.928179 19.928179 19.928179 19.928179 19.928179 19.928179 19.928179 19.928179 19.928178 19.928177 19.928172 19.928155 19.928101 19.927934 19.927442 19.926054 19.922312 19.912689 19.889077 19.833815 19.710426 19.447511 18.912735 17.874894 15.959040 12.627325 7.307489 0.000000 
50.000000 45.261948 40.889926 37.165338 34.232866 32.095964 30.652124 29.745679 29.215727 28.926501 28.778796 28.708041 28.676171 28.662643 28.657218 28.655160 28.654419 28.654165 28.654082 28.654057 28.654049 28.654047 28.654046 28.654046 28.654046 28.654046 28.654046 28.654046 28.654046 28.654046 28.654046 28.654045 28.654040 28.654026 28.653981 28.653839 28.653421 28.652233 28.649012 28.640662 28.619958 28.570825 28.459041 28.214570 27.698658 26.642941 24.538013 20.444963 12.795911 0.000000 
50.000000 47.535796 45.261948 43.324805 41.799616 40.688184 39.937205 39.465727 39.190069 39.039621 38.962786 38.925978 38.909398 38.902360 38.899538 38.898467 38.898081 38.897949 38.897906 38.897893 38.897889 38.897888 38.897888 38.897887 38.897887 38.897887 38.897887 38.897887 38.897887 38.897887 38.897887 38.897886 38.897884 38.897876 38.897850 38.897768 38.897525 38.896834 38.894951 38.890041 38.877776 38.848365 38.780449 38.628615 38.297155 37.580945 36.017317 32.466037 23.767898 0.000000 
50.000000 50.000000 50.000000 50.000000 50.000000 50.000000 50.000000 50.000000 50.000000 50.000000 50.000000 50.000000 50.000000 50.000000 50.000000 50.000000 50.000000 50.000000 50.000000 50.000000 50.000000 50.000000 50.000000 50.000000 50.000000 50.000000 50.000000 50.000000 50.000000 50.000000 50.000000 50.000000 50.000000 50.000000 50.000000 50.000000 50.000000 50.000000 50.000000 50.000000 50.000000 50.000000 50.000000 50.000000 50.000000 50.000000 50.000000 50.000000 50.000000 50.000000 
