50.000000 50.000000 50.000000 50.000000 50.000000 50.000000 50.000000 50.000000 50.000000 50.000000 50.000000 50.000000 50.000000 50.000000 50.000000 50.000000 50.000000 50.000000 50.000000 50.000000 50.000000 50.000000 50.000000 50.000000 50.000000 50.000000 50.000000 50.000000 50.000000 50.000000 50.000000 50.000000 50.000000 50.000000 50.000000 50.000000 50.000000 50.000000 50.000000 50.000000 50.000000 50.000000 50.000000 50.000000 50.000000 50.000000 50.000000 50.000000 50.000000 50.000000 
50.000000 46.061638 42.608528 39.947464 38.137101 37.043586 36.453371 36.166838 36.040911 35.990505 35.972022 35.965782 35.963833 35.963267 35.963114 35.963075 35.963066 35.963064 35.963063 35.963063 35.963063 35.963063 35.963063 35.963063 35.963063 35.963063 35.963063 35.963063 35.963063 35.963063 35.963063 35.963063 35.963063 35.963063 35.963063 35.963060 35.963050 35.963010 35.962849 35.962254 35.960179 35.953363 35.932274 35.870688 35.700086 35.247509 34.078887 31.065701 23.030819 0.000000 
50.000000 42.608528 36.127914 31.133979 27.736735 25.684851 24.577467 24.039916 23.803698 23.709155 23.674494 23.662793 23.659138 23.658077 23.657790 23.657717 23.657700 23.657696 23.657695 23.657695 23.657695 23.657695 23.657695 23.657695 23.657695 23.657695 23.657695 23.657695 23.657695 23.657695 23.657695 23.657695 23.657695 23.657695 23.657694 23.657690 23.657675 23.657611 23.657360 23.656438 23.653245 23.642874 23.611285 23.521119 23.279826 22.673595 21.241390 18.063957 11.542827 0.000000 
50.000000 39.947464 31.133979 24.342745 19.723240 16.933430 15.427983 14.697307 14.376274 14.247806 14.200716 14.184822 14.179859 14.178418 14.178029 14.177930 14.177906 14.177901 14.177900 14.177899 14.177899 14.177899 14.177899 14.177899 14.177899 14.177899 14.177899 14.177899 14.177899 14.177899 14.177899 14.177899 14.177899 14.177899 14.177898 14.177895 14.177879 14.177814 14.177562 14.176643 14.173491 14.163391 14.133185 14.049098 13.831815 13.312528 12.171373 9.892589 5.868576 0.000000 
50.000000 38.137101 27.736735 19.723240 14.272832 10.981602 9.205820 8.344067 7.965506 7.814045 7.758537 7.739806 7.733958 7.732261 7.731801 7.731685 7.731657 7.731651 7.731650 7.731650 7.731649 7.731649 7.731649 7.731649 7.731649 7.731649 7.731649 7.731649 7.731649 7.731649 7.731649 7.731649 7.731649 7.731649 7.731649 7.731646 7.731633 7.731583 7.731387 7.730678 7.728273 7.720671 7.698336 7.637591 7.485404 7.136416 6.410712 5.063140 2.889592 0.000000 
50.000000 37.043586 25.684851 16.933430 10.981602 7.387960 5.449246 4.508553 4.095377 3.930092 3.869528 3.849094 3.842716 3.840865 3.840365 3.840238 3.840208 3.840201 3.840199 3.840199 3.840199 3.840199 3.840199 3.840199 3.840199 3.840199 3.840199 3.840199 3.840199 3.840199 3.840199 3.840199 3.840199 3.840199 3.840198 3.840197 3.840189 3.840156 3.840030 3.839578 3.838060 3.833323 3.819624 3.783114 3.693980 3.496198 3.101614 2.405026 1.343500 0.000000 
50.000000 36.453371 24.577467 15.427983 9.205820 5.449246 3.422819 2.439668 2.007892 1.835187 1.771913 1.750567 1.743905 1.741972 1.741449 1.741317 1.741285 1.741278 1.741277 1.741276 1.741276 1.741276 1.741276 1.741276 1.741276 1.741276 1.741276 1.741276 1.741276 1.741276 1.741276 1.741276 1.741276 1.741276 1.741276 1.741275 1.741271 1.741252 1.741183 1.740936 1.740115 1.737580 1.730351 1.711409 1.666132 1.568229 1.378886 1.056348 0.582683 0.000000 
50.000000 36.166838 24.039916 14.697307 8.344067 4.508553 2.439668 1.435986 0.995226 0.818941 0.754361 0.732576 0.725777 0.723806 0.723272 0.723137 0.723105 0.723098 0.723096 0.723096 0.723096 0.723096 0.723096 0.723096 0.723096 0.723096 0.723096 0.723096 0.723096 0.723096 0.723096 0.723096 0.723096 0.723096 0.723096 0.723095 0.723093 0.723084 0.723051 0.722933 0.722543 0.721352 0.717993 0.709317 0.688929 0.645731 0.564122 0.428631 0.234564 0.000000 
50.000000 36.040911 23.803698 14.376274 7.965506 4.095377 2.007892 0.995226 0.550538 0.372691 0.307542 0.285566 0.278708 0.276719 0.276181 0.276045 0.276013 0.276005 0.276004 0.276003 0.276003 0.276003 0.276003 0.276003 0.276003 0.276003 0.276003 0.276003 0.276003 0.276003 0.276003 0.276003 0.276003 0.276003 0.276003 0.276003 0.276002 0.275998 0.275984 0.275934 0.275769 0.275269 0.273874 0.270311 0.262054 0.244835 0.212883 0.160824 0.087548 0.000000 
50.000000 35.990505 23.709155 14.247806 7.814045 3.930092 1.835187 0.818941 0.372691 0.194224 0.128848 0.106797 0.099915 0.097920 0.097380 0.097243 0.097211 0.097203 0.097202 0.097202 0.097202 0.097202 0.097202 0.097202 0.097202 0.097202 0.097202 0.097202 0.097202 0.097202 0.097202 0.097202 0.097202 0.097202 0.097201 0.097201 0.097201 0.097200 0.097194 0.097175 0.097112 0.096923 0.096398 0.095072 0.092032 0.085772 0.074315 0.055910 0.030326 0.000000 
50.000000 35.972022 23.674494 14.200716 7.758537 3.869528 1.771913 0.754361 0.307542 0.128848 0.063390 0.041312 0.034422 0.032424 0.031883 0.031746 0.031714 0.031706 0.031705 0.031704 0.031704 0.031704 0.031704 0.031704 0.031704 0.031704 0.031704 0.031704 0.031704 0.031704 0.031704 0.031704 0.031704 0.031704 0.031704 0.031704 0.031704 0.031704 0.031702 0.031695 0.031673 0.031608 0.031428 0.030976 0.029951 0.027860 0.024074 0.018056 0.009768 0.000000 
50.000000 35.965782 23.662793 14.184822 7.739806 3.849094 1.750567 0.732576 0.285566 0.106797 0.041312 0.019224 0.012331 0.010332 0.009792 0.009655 0.009622 0.009615 0.009613 0.009613 0.009613 0.009613 0.009613 0.009613 0.009613 0.009613 0.009613 0.009613 0.009613 0.009613 0.009613 0.009613 0.009613 0.009613 0.009613 0.009613 0.009613 0.009613 0.009612 0.009610 0.009603 0.009582 0.009525 0.009384 0.009064 0.008419 0.007260 0.005432 0.002933 0.000000 
50.000000 35.963833 23.659138 14.179859 7.733958 3.842716 1.743905 0.725777 0.278708 0.099915 0.034422 0.012331 0.005438 0.003439 0.002898 0.002761 0.002728 0.002721 0.002719 0.002719 0.002719 0.002719 0.002719 0.002719 0.002719 0.002719 0.002719 0.002719 0.002719 0.002719 0.002719 0.002719 0.002719 0.002719 0.002719 0.002719 0.002719 0.002719 0.002719 0.002718 0.002716 0.002710 0.002693 0.002652 0.002560 0.002375 0.002045 0.001527 0.000823 0.000000 
50.000000 35.963267 23.658077 14.178418 7.732261 3.840865 1.741972 0.723806 0.276719 0.097920 0.032424 0.010332 0.003439 0.001439 0.000899 0.000762 0.000729 0.000722 0.000720 0.000720 0.000720 0.000720 0.000720 0.000720 0.000720 0.000720 0.000720 0.000720 0.000720 0.000720 0.000720 0.000720 0.000720 0.000720 0.000720 0.000720 0.000720 0.000720 0.000720 0.000719 0.000719 0.000717 0.000713 0.000702 0.000677 0.000627 0.000539 0.000402 0.000217 0.000000 
50.000000 35.963114 23.657790 14.178029 7.731801 3.840365 1.741449 0.723272 0.276181 0.097380 0.031883 0.009792 0.002898 0.000899 0.000358 0.000221 0.000188 0.000181 0.000179 0.000179 0.000179 0.000179 0.000179 0.000179 0.000179 0.000179 0.000179 0.000179 0.000179 0.000179 0.000179 0.000179 0.000179 0.000179 0.000179 0.000179 0.000179 0.000179 0.000179 0.000179 0.000179 0.000178 0.000177 0.000174 0.000168 0.000156 0.000134 0.000100 0.000054 0.000000 
50.000000 35.963075 23.657717 14.177930 7.731685 3.840238 1.741317 0.723137 0.276045 0.097243 0.031746 0.009655 0.002761 0.000762 0.000221 0.000084 0.000051 0.000044 0.000042 0.000042 0.000042 0.000042 0.000042 0.000042 0.000042 0.000042 0.000042 0.000042 0.000042 0.000042 0.000042 0.000042 0.000042 0.000042 0.000042 0.000042 0.000042 0.000042 0.000042 0.000042 0.000042 0.000042 0.000041 0.000041 0.000039 0.000036 0.000031 0.000023 0.000012 0.000000 
50.000000 35.963066 23.657700 14.177906 7.731657 3.840208 1.741285 0.723105 0.276013 0.097211 0.031714 0.009622 0.002728 0.000729 0.000188 0.000051 0.000018 0.000011 0.000010 0.000009 0.000009 0.000009 0.000009 0.000009 0.000009 0.000009 0.000009 0.000009 0.000009 0.000009 0.000009 0.000009 0.000009 0.000009 0.000009 0.000009 0.000009 0.000009 0.000009 0.000009 0.000009 0.000009 0.000009 0.000009 0.000009 0.000008 0.000007 0.000005 0.000003 0.000000 
50.000000 35.963064 23.657696 14.177901 7.731651 3.840201 1.741278 0.723098 0.276005 0.097203 0.031706 0.009615 0.002721 0.000722 0.000181 0.000044 0.000011 0.000004 0.000002 0.000002 0.000002 0.000002 0.000002 0.000002 0.000002 0.000002 0.000002 0.000002 0.000002 0.000002 0.000002 0.000002 0.000002 0.000002 0.000002 0.000002 0.000002 0.000002 0.000002 0.000002 0.000002 0.000002 0.000002 0.000002 0.000002 0.000002 0.000001 0.000001 0.000001 0.000000 
50.000000 35.963063 23.657695 14.177900 7.731650 3.840199 1.741277 0.723096 0.276004 0.097202 0.031705 0.009613 0.002719 0.000720 0.000179 0.000042 0.000010 0.000002 0.000001 0.000000 0.000000 0.000000 0.000000 0.000000 0.000000 0.000000 0.000000 0.000000 0.000000 0.000000 0.000000 0.000000 0.000000 0.000000 0.000000 0.000000 0.000000 0.000000 0.000000 0.000000 0.000000 0.000000 0.000000 0.000000 0.000000 0.000000 0.000000 0.000000 0.000000 0.000000 
50.000000 35.963063 23.657695 14.177899 7.731650 3.840199 1.741276 0.723096 0.276003 0.097202 0.031704 0.009613 0.002719 0.000720 0.000179 0.000042 0.000009 0.000002 0.000000 0.000000 0.000000 0.000000 0.000000 0.000000 0.000000 0.000000 0.000000 0.000000 0.000000 0.000000 0.000000 0.000000 0.000000 0.000000 0.000000 0.000000 0.000000 0.000000 0.000000 0.000000 0.000000 0.000000 0.000000 0.000000 0.000000 0.000000 0.000000 0.000000 0.000000 0.000000 
50.000000 35.963063 23.657695 14.177899 7.731649 3.840199 1.741276 0.723096 0.276003 0.097202 0.031704 0.009613 0.002719 0.000720 0.000179 0.000042 0.000009 0.000002 0.000000 0.000000 0.000000 0.000000 0.000000 0.000000 0.000000 0.000000 0.000000 0.000000 0.000000 0.000000 0.000000 0.000000 0.000000 0.000000 0.000000 0.000000 0.000000 0.000000 0.000000 0.000000 0.000000 0.000000 0.000000 0.000000 0.000000 0.000000 0.000000 0.000000 0.000000 0.000000 
50.000000 35.963063 23.657695 14.177899 7.731649 3.840199 1.741276 0.723096 0.276003 0.097202 0.031704 0.009613 0.002719 0.000720 0.000179 0.000042 0.000009 0.000002 0.000000 0.000000 0.000000 0.000000 0.000000 0.000000 0.000000 0.000000 0.000000 0.000000 0.000000 0.000000 0.000000 0.000000 0.000000 0.000000 0.000000 0.000000 0.000000 0.000000 0.000000 0.000000 0.000000 0.000000 0.000000 0.000000 0.000000 0.000000 0.000000 0.000000 0.000000 0.000000 
50.000000 35.963063 23.657695 14.177899 7.731649 3.840199 1.741276 0.723096 0.276003 0.097202 0.031704 0.009613 0.002719 0.000720 0.000179 0.000042 0.000009 0.000002 0.000000 0.000000 0.000000 0.000000 0.000000 0.000000 0.000000 0.000000 0.000000 0.000000 0.000000 0.000000 0.000000 0.000000 0.000000 0.000000 0.000000 0.000000 0.000000 0.000000 0.000000 0.000000 0.000000 0.000000 0.000000 0.000000 0.000000 0.000000 0.000000 0.000000 0.000000 0.000000 
50.000000 35.963063 23.657695 14.177899 7.731649 3.840199 1.741276 0.723096 0.276003 0.097202 0.031704 0.009613 0.002719 0.000720 0.000179 0.000042 0.000009 0.000002 0.000000 0.000000 0.000000 0.000000 0.000000 0.000000 0.000000 0.000000 0.000000 0.000000 0.000000 0.000000 0.000000 0.000000 0.000000 0.000000 0.000000 0.000000 0.000000 0.000000 0.000000 0.000000 0.000000 0.000000 0.000000 0.000000 0.000000 0.000000 0.000000 0.000000 0.000000 0.000000 
50.000000 35.963063 23.657695 14.177899 7.731649 3.840199 1.741276 0.723096 0.276003 0.097202 0.031704 0.009613 0.002719 0.000720 0.000179 0.000042 0.000009 0.000002 0.000000 0.000000 0.000000 0.000000 0.000000 0.000000 0.000000 0.000000 0.000000 0.000000 0.000000 0.000000 0.000000 0.000000 0.000000 0.000000 0.000000 0.000000 0.000000 0.000000 0.000000 0.000000 0.000000 0.000000 0.000000 0.000000 0.000000 0.000000 0.000000 0.000000 0.000000 0.000000 
50.000000 35.963063 23.657695 14.177899 7.731649 3.840199 1.741276 0.723096 0.276003 0.097202 0.031704 0.009613 0.002719 0.000720 0.000179 0.000042 0.000009 0.000002 0.000000 0.000000 0.000000 0.000000 0.000000 0.000000 0.000000 0.000000 0.000000 0.000000 0.000000 0.000000 0.000000 0.000000 0.000000 0.000000 0.000000 0.000000 0.000000 0.000000 0.000000 0.000000 0.000000 0.000000 0.000000 0.000000 0.000000 0.000000 0.000000 0.000000 0.000000 0.000000 
50.000000 35.963063 23.657695 14.177899 7.731649 3.840199 1.741276 0.723096 0.276003 0.097202 0.031704 0.009613 0.002719 0.000720 0.000179 0.000042 0.000009 0.000002 0.000000 0.000000 0.000000 0.000000 0.000000 0.000000 0.000000 0.000000 0.000000 0.000000 0.000000 0.000000 0.000000 0.000000 0.000000 0.000000 0.000000 0.000000 0.000000 0.000000 0.000000 0.000000 0.000000 0.000000 0.000000 0.000000 0.000000 0.000000 0.000000 0.000000 0.000000 0.000000 
50.000000 35.963063 23.657695 14.177899 7.731649 3.840199 1.741276 0.723096 0.276003 0.097202 0.031704 0.009613 0.002719 0.000720 0.000179 0.000042 0.000009 0.000002 0.000000 0.000000 0.000000 0.000000 0.000000 0.000000 0.000000 0.000000 0.000000 0.000000 0.000000 0.000000 0.000000 0.000000 0.000000 0.000000 0.000000 0.000000 0.000000 0.000000 0.000000 0.000000 0.000000 0.000000 0.000000 0.000000 0.000000 0.000000 0.000000 0.000000 0.000000 0.000000 
50.000000 35.963063 23.657695 14.177899 7.731649 3.840199 1.741276 0.723096 0.276003 0.097202 0.031704 0.009613 0.002719 0.000720 0.000179 0.000042 0.000009 0.000002 0.000000 0.000000 0.000000 0.000000 0.000000 0.000000 0.000000 0.000000 0.000000 0.000000 0.000000 0.000000 0.000000 0.000000 0.000000 0.000000 0.000000 0.000000 0.000000 0.000000 0.000000 0.000000 0.000000 0.000000 0.000000 0.000000 0.000000 0.000000 0.000000 0.000000 0.000000 0.000000 
50.000000 35.963063 23.657695 14.177899 7.731649 3.840199 1.741276 0.723096 0.276003 0.097202 0.031704 0.009613 0.002719 0.000720 0.000179 0.000042 0.000009 0.000002 0.000000 0.000000 0.000000 0.000000 0.000000 0.000000 0.000000 0.000000 0.000000 0.000000 0.000000 0.000000 0.000000 0.000000 0.000000 0.000000 0.000000 0.000000 0.000000 0.000000 0.000000 0.000000 0.000000 0.000000 0.000000 0.000000 0.000000 0.000000 0.000000 0.000000 0.000000 0.000000 
50.000000 35.963063 23.657695 14.177899 7.731650 3.840199 1.741276 0.723096 0.276003 0.097202 0.031704 0.009613 0.002719 0.000720 0.000179 0.000042 0.000009 0.000002 0.000000 0.000000 0.000000 0.000000 0.000000 0.000000 0.000000 0.000000 0.000000 0.000000 0.000000 0.000000 0.000000 0.000000 0.000000 0.000000 0.000000 0.000000 0.000000 0.000000 0.000000 0.000000 0.000000 0.000000 0.000000 0.000000 0.000000 0.000000 0.000000 0.000000 0.000000 0.000000 
50.000000 35.963063 23.657695 14.177900 7.731650 3.840199 1.741277 0.723096 0.276004 0.097202 0.031705 0.009613 0.002719 0.000720 0.000179 0.000042 0.000010 0.000002 0.000001 0.000000 0.000000 0.000000 0.000000 0.000000 0.000000 0.000000 0.000000 0.000000 0.000000 0.000000 0.000000 0.000000 0.000000 0.000000 0.000000 0.000000 0.000000 0.000000 0.000000 0.000000 0.000000 0.000000 0.000000 0.000000 0.000000 0.000000 0.000000 0.000000 0.000000 0.000000 
50.000000 35.963064 23.657696 14.177901 7.731651 3.840201 1.741278 0.723098 0.276005 0.097203 0.031706 0.009615 0.002721 0.000722 0.000181 0.000044 0.000011 0.000004 0.000002 0.000002 0.000002 0.000002 0.000002 0.000002 0.000002 0.000002 0.000002 0.000002 0.000002 0.000002 0.000002 0.000002 0.000002 0.000002 0.000002 0.000002 0.000002 0.000002 0.000002 0.000002 0.000002 0.000002 0.000002 0.000002 0.000002 0.000002 0.000001 0.000001 0.000001 0.000000 
50.000000 35.963066 23.657700 14.177906 7.731657 3.840208 1.741285 0.723105 0.276013 0.097211 0.031714 0.009622 0.002728 0.000729 0.000188 0.000051 0.000018 0.000011 0.000010 0.000009 0.000009 0.000009 0.000009 0.000009 0.000009 0.000009 0.000009 0.000009 0.000009 0.000009 0.000009 0.000009 0.000009 0.000009 0.000009 0.000009 0.000009 0.000009 0.000009 0.000009 0.000009 0.000009 0.000009 0.000009 0.000009 0.000008 0.000007 0.000005 0.000003 0.000000 
50.000000 35.963075 23.657717 14.177930 7.731685 3.840238 1.741317 0.723137 0.276045 0.097243 0.031746 0.009655 0.002761 0.000762 0.000221 0.000084 0.000051 0.000044 0.000042 0.000042 0.000042 0.000042 0.000042 0.000042 0.000042 0.000042 0.000042 0.000042 0.000042 0.000042 0.000042 0.000042 0.000042 0.000042 0.000042 0.000042 0.000042 0.000042 0.000042 0.000042 0.000042 0.000042 0.000041 0.000041 0.000039 0.000036 0.000031 0.000023 0.000012 0.000000 
50.000000 35.963114 23.657790 14.178029 7.731801 3.840365 1.741449 0.723272 0.276181 0.097380 0.031883 0.009792 0.002898 0.000899 0.000358 0.000221 0.000188 0.000181 0.000179 0.000179 0.000179 0.000179 0.000179 0.000179 0.000179 0.000179 0.000179 0.000179 0.000179 0.000179 0.000179 0.000179 0.000179 0.000179 0.000179 0.000179 0.000179 0.000179 0.000179 0.000179 0.000179 0.000178 0.000177 0.000174 0.000168 0.000156 0.000134 0.000100 0.000054 0.000000 
50.000000 35.963267 23.658077 14.178418 7.732261 3.840865 1.741972 0.723806 0.276719 0.097920 0.032424 0.010332 0.003439 0.001439 0.000899 0.000762 0.000729 0.000722 0.000720 0.000720 0.000720 0.000720 0.000720 0.000720 0.000720 0.000720 0.000720 0.000720 0.000720 0.000720 0.000720 0.000720 0.000720 0.000720 0.000720 0.000720 0.000720 0.000720 0.000720 0.000719 0.000719 0.000717 0.000713 0.000702 0.000677 0.000627 0.000539 0.000402 0.000217 0.000000 
50.000000 35.963833 23.659138 14.179859 7.733958 3.842716 1.743905 0.725777 0.278708 0.099915 0.034422 0.012331 0.005438 0.003439 0.002898 0.002761 0.002728 0.002721 0.002719 0.002719 0.002719 0.002719 0.002719 0.002719 0.002719 0.002719 0.002719 0.002719 0.002719 0.002719 0.002719 0.002719 0.002719 0.002719 0.002719 0.002719 0.002719 0.002719 0.002719 0.002718 0.002716 0.002710 0.002693 0.002652 0.002560 0.002375 0.002045 0.001527 0.000823 0.000000 
50.000000 35.965782 23.662793 14.184822 7.739806 3.849094 1.750567 0.732576 0.285566 0.106797 0.041312 0.019224 0.012331 0.010332 0.009792 0.009655 0.009622 0.009615 0.009613 0.009613 0.009613 0.009613 0.009613 0.009613 0.009613 0.009613 0.009613 0.009613 0.009613 0.009613 0.009613 0.009613 0.009613 0.009613 0.009613 0.009613 0.009613 0.009613 0.009612 0.009610 0.009603 0.009582 0.009525 0.009384 0.009064 0.008419 0.007260 0.005432 0.002933 0.000000 
50.000000 35.972022 23.674494 14.200716 7.758537 3.869528 1.771913 0.754361 0.307542 0.128848 0.063390 0.041312 0.034422 0.032424 0.031883 0.031746 0.031714 0.031706 0.031705 0.031704 0.031704 0.031704 0.031704 0.031704 0.031704 0.031704 0.031704 0.031704 0.031704 0.031704 0.031704 0.031704 0.031704 0.031704 0.031704 0.031704 0.031704 0.031704 0.031702 0.031695 0.031673 0.031608 0.031428 0.030976 0.029951 0.027860 0.024074 0.018056 0.009768 0.000000 
50.000000 35.990505 23.709155 14.247806 7.814045 3.930092 1.835187 0.818941 0.372691 0.194224 0.128848 0.106797 0.099915 0.097920 0.097380 0.097243 0.097211 0.097203 0.097202 0.097202 0.097202 0.097202 0.097202 0.097202 0.097202 0.097202 0.097202 0.097202 0.097202 0.097202 0.097202 0.097202 0.097202 0.097202 0.097201 0.097201 0.097201 0.097200 0.097194 0.097175 0.097112 0.096923 0.096398 0.095072 0.092032 0.085772 0.074315 0.055910 0.030326 0.000000 
50.000000 36.040911 23.803698 14.376274 7.965506 4.095377 2.007892 0.995226 0.550538 0.372691 0.307542 0.285566 0.278708 0.276719 0.276181 0.276045 0.276013 0.276005 0.276004 0.276003 0.276003 0.276003 0.276003 0.276003 0.276003 0.276003 0.276003 0.276003 0.276003 0.276003 0.276003 0.276003 0.276003 0.276003 0.276003 0.276003 0.276002 0.275998 0.275984 0.275934 0.275769 0.275269 0.273874 0.270311 0.262054 0.244835 0.212883 0.160824 0.087548 0.000000 
50.000000 36.166838 24.039916 14.697307 8.344067 4.508553 2.439668 1.435986 0.995226 0.818941 0.754361 0.732576 0.725777 0.723806 0.723272 0.723137 0.723105 0.723098 0.723096 0.723096 0.723096 0.723096 0.723096 0.723096 0.723096 0.723096 0.723096 0.723096 0.723096 0.723096 0.723096 0.723096 0.723096 0.723096 0.723096 0.723095 0.723093 0.723084 0.723051 0.722933 0.722543 0.721352 0.717993 0.709317 0.688929 0.645731 0.564122 0.428631 0.234564 0.000000 
50.000000 36.453371 24.577467 15.427983 9.205820 5.449246 3.422819 2.439668 2.007892 1.835187 1.771913 1.750567 1.743905 1.741972 1.741449 1.741317 1.741285 1.741278 1.741277 1.741276 1.741276 1.741276 1.741276 1.741276 1.741276 1.741276 1.741276 1.741276 1.741276 1.741276 1.741276 1.741276 1.741276 1.741276 1.741276 1.741275 1.741271 1.741252 1.741183 1.740936 1.740115 1.737580 1.730351 1.711409 1.666132 1.568229 1.378886 1.056348 0.582683 0.000000 
50.000000 37.043586 25.684851 16.933430 10.981602 7.387960 5.449246 4.508553 4.095377 3.930092 3.869528 3.849094 3.842716 3.840865 3.840365 3.840238 3.840208 3.840201 3.840199 3.840199 3.840199 3.840199 3.840199 3.840199 3.840199 3.840199 3.840199 3.840199 3.840199 3.840199 3.840199 3.840199 3.840199 3.840199 3.840198 3.840197 3.840189 3.840156 3.840030 3.839578 3.838060 3.833323 3.819624 3.783114 3.693980 3.496198 3.101614 2.405026 1.343500 0.000000 
50.000000 38.137101 27.736735 19.723240 14.272832 10.981602 9.205820 8.344067 7.965506 7.814045 7.758537 7.739806 7.733958 7.732261 7.731801 7.731685 7.731657 7.731651 7.731650 7.731650 7.731649 7.731649 7.731649 7.731649 7.731649 7.731649 7.731649 7.731649 7.731649 7.731649 7.731649 7.731649 7.731649 7.731649 7.731649 7.731646 7.731633 7.731583 7.731387 7.730678 7.728273 7.720671 7.698336 7.637591 7.485404 7.136416 6.410712 5.063140 2.889592 0.000000 
50.000000 39.947464 31.133979 24.342745 19.723240 16.933430 15.427983 14.697307 14.376274 14.247806 14.200716 14.184822 14.179859 14.178418 14.178029 14.177930 14.177906 14.177901 14.177900 14.177899 14.177899 14.177899 14.177899 14.177899 14.177899 14.177899 14.177899 14.177899 14.177899 14.177899 14.177899 14.177899 14.177899 14.177899 14.177898 14.177895 14.177879 14.177814 14.177562 14.176643 14.173491 14.163391 14.133185 14.049098 13.831815 13.312528 12.171373 9.892589 5.868576 0.000000 
50.000000 42.608528 36.127914 31.133979 27.736735 25.684851 24.577467 24.039916 23.803698 23.709155 23.674494 23.662793 23.659138 23.658077 23.657790 23.657717 23.657700 23.657696 23.657695 23.657695 23.657695 23.657695 23.657695 23.657695 23.657695 23.657695 23.657695 23.657695 23.657695 23.657695 23.657695 23.657695 23.657695 23.657695 23.657694 23.657690 23.657675 23.657611 23.657360 23.656438 23.653245 23.642874 23.611285 23.521119 23.279826 22.673595 21.241390 18.063957 11.542827 0.000000 
50.000000 46.061638 42.608528 39.947464 38.137101 37.043586 36.453371 36.166838 36.040911 35.990505 35.972022 35.965782 35.963833 35.963267 35.963114 35.963075 35.963066 35.963064 35.963063 35.963063 35.963063 35.963063 35.963063 35.963063 35.963063 35.963063 35.963063 35.963063 35.963063 35.963063 35.963063 35.963063 35.963063 35.963063 35.963063 35.963060 35.963050 35.963010 35.962849 35.962254 35.960179 35.953363 35.932274 35.870688 35.700086 35.247509 34.078887 31.065701 23.030819 0.000000 
50.000000 50.000000 50.000000 50.000000 50.000000 50.000000 50.000000 50.000000 50.000000 50.000000 50.000000 50.000000 50.000000 50.000000 50.000000 50.000000 50.000000 50.000000 50.000000 50.000000 50.000000 50.000000 50.000000 50.000000 50.000000 50.000000 50.000000 50.000000 50.000000 50.000000 50.000000 50.000000 50.000000 50.000000 50.000000 50.000000 50.000000 50.000000 50.000000 50.000000 50.000000 50.000000 50.000000 50.000000 50.000000 50.000000 50.000000 50.000000 50.000000 50.000000 
