50.000000 50.000000 50.000000 50.000000 50.000000 50.000000 50.000000 50.000000 50.000000 50.000000 50.000000 50.000000 50.000000 50.000000 50.000000 50.000000 50.000000 50.000000 50.000000 50.000000 50.000000 50.000000 50.000000 50.000000 50.000000 50.000000 50.000000 50.000000 50.000000 50.000000 50.000000 50.000000 50.000000 50.000000 50.000000 50.000000 50.000000 50.000000 50.000000 50.000000 50.000000 50.000000 50.000000 50.000000 50.000000 50.000000 50.000000 50.000000 50.000000 50.000000 
50.000000 45.856967 42.250752 39.510657 37.683838 36.608125 36.044611 35.780065 35.667979 35.624833 35.609652 35.604742 35.603275 35.602868 35.602763 35.602738 35.602732 35.602731 35.602731 35.602730 35.602730 35.602730 35.602730 35.602730 35.602730 35.602730 35.602730 35.602730 35.602730 35.602730 35.602730 35.602730 35.602730 35.602730 35.602730 35.602729 35.602722 35.602694 35.602576 35.602123 35.600476 35.594848 35.576784 35.522199 35.366245 34.941192 33.818690 30.873950 22.928484 0.000000 
50.000000 42.250752 35.505756 30.380987 26.964548 24.952976 23.899319 23.404729 23.195202 23.114560 23.086189 23.077015 23.074274 23.073514 23.073317 23.073270 23.073259 23.073257 23.073256 23.073256 23.073256 23.073256 23.073256 23.073256 23.073256 23.073256 23.073256 23.073256 23.073256 23.073256 23.073256 23.073256 23.073256 23.073256 23.073256 23.073253 23.073243 23.073199 23.073019 23.072325 23.069825 23.061378 23.034688 22.955864 22.738312 22.176706 20.819292 17.752878 11.376802 0.000000 
50.000000 39.510657 30.380987 23.444845 18.821303 16.099332 14.673776 14.004724 13.721338 13.612289 13.573933 13.561532 13.557828 13.556801 13.556536 13.556471 13.556457 13.556454 13.556453 13.556453 13.556453 13.556453 13.556453 13.556453 13.556453 13.556453 13.556453 13.556453 13.556453 13.556453 13.556453 13.556453 13.556453 13.556453 13.556453 13.556450 13.556440 13.556396 13.556219 13.555541 13.553123 13.545064 13.520055 13.448007 13.255941 12.784072 11.722423 9.561695 5.691967 0.000000 
50.000000 37.683838 26.964548 18.821303 13.393680 10.198748 8.525744 7.740693 7.408236 7.280329 7.235349 7.220810 7.216468 7.215265 7.214954 7.214879 7.214862 7.214858 7.214857 7.214857 7.214857 7.214857 7.214857 7.214857 7.214857 7.214857 7.214857 7.214857 7.214857 7.214857 7.214857 7.214857 7.214857 7.214857 7.214857 7.214855 7.214847 7.214814 7.214679 7.214171 7.212373 7.206462 7.188435 7.137680 7.006431 6.696840 6.037231 4.787842 2.742646 0.000000 
50.000000 36.608125 24.952976 16.099332 10.198748 6.725801 4.907458 4.054334 3.693106 3.554155 3.505299 3.489510 3.484796 3.483490 3.483153 3.483071 3.483053 3.483049 3.483048 3.483048 3.483048 3.483048 3.483048 3.483048 3.483048 3.483048 3.483048 3.483048 3.483048 3.483048 3.483048 3.483048 3.483048 3.483048 3.483048 3.483047 3.483042 3.483021 3.482937 3.482622 3.481522 3.477948 3.467216 3.437592 3.362901 3.192317 2.843392 2.214663 1.241881 0.000000 
50.000000 36.044611 23.899319 14.673776 8.525744 4.907458 3.013204 2.124561 1.748339 1.603638 1.552768 1.536330 1.531423 1.530063 1.529712 1.529627 1.529608 1.529604 1.529603 1.529603 1.529603 1.529603 1.529603 1.529603 1.529603 1.529603 1.529603 1.529603 1.529603 1.529603 1.529603 1.529603 1.529603 1.529603 1.529603 1.529602 1.529600 1.529588 1.529544 1.529378 1.528803 1.526953 1.521475 1.506602 1.469867 1.388064 1.225769 0.943454 0.522412 0.000000 
50.000000 35.780065 23.404729 14.004724 7.740693 4.054334 2.124561 1.219317 0.836096 0.688715 0.636907 0.620167 0.615171 0.613787 0.613429 0.613343 0.613323 0.613319 0.613318 0.613318 0.613318 0.613318 0.613318 0.613318 0.613318 0.613318 0.613318 0.613318 0.613318 0.613318 0.613318 0.613318 0.613318 0.613318 0.613318 0.613318 0.613317 0.613311 0.613291 0.613214 0.612951 0.612113 0.609659 0.603086 0.587118 0.552258 0.484669 0.370042 0.203281 0.000000 
50.000000 35.667979 23.195202 13.721338 7.408236 3.693106 1.748339 0.836096 0.449928 0.301420 0.249218 0.232352 0.227318 0.225923 0.225563 0.225476 0.225457 0.225453 0.225452 0.225451 0.225451 0.225451 0.225451 0.225451 0.225451 0.225451 0.225451 0.225451 0.225451 0.225451 0.225451 0.225451 0.225451 0.225451 0.225451 0.225451 0.225451 0.225449 0.225440 0.225409 0.225302 0.224964 0.223983 0.221385 0.215158 0.201774 0.176274 0.133824 0.073131 0.000000 
50.000000 35.624833 23.114560 13.612289 7.280329 3.554155 1.603638 0.688715 0.301420 0.152482 0.100130 0.083216 0.078167 0.076769 0.076408 0.076321 0.076301 0.076297 0.076296 0.076296 0.076296 0.076296 0.076296 0.076296 0.076296 0.076296 0.076296 0.076296 0.076296 0.076296 0.076296 0.076296 0.076296 0.076296 0.076296 0.076296 0.076295 0.076295 0.076291 0.076280 0.076241 0.076118 0.075764 0.074835 0.072633 0.067956 0.059166 0.044735 0.024358 0.000000 
50.000000 35.609652 23.086189 13.573933 7.235349 3.505299 1.552768 0.636907 0.249218 0.100130 0.047725 0.030795 0.025741 0.024342 0.023980 0.023893 0.023873 0.023869 0.023868 0.023868 0.023868 0.023868 0.023868 0.023868 0.023868 0.023868 0.023868 0.023868 0.023868 0.023868 0.023868 0.023868 0.023868 0.023868 0.023868 0.023868 0.023868 0.023868 0.023867 0.023863 0.023850 0.023809 0.023693 0.023390 0.022677 0.021179 0.018391 0.013864 0.007529 0.000000 
50.000000 35.604742 23.077015 13.561532 7.220810 3.489510 1.536330 0.620167 0.232352 0.083216 0.030795 0.013859 0.008804 0.007403 0.007042 0.006955 0.006935 0.006931 0.006930 0.006930 0.006930 0.006930 0.006930 0.006930 0.006930 0.006930 0.006930 0.006930 0.006930 0.006930 0.006930 0.006930 0.006930 0.006930 0.006930 0.006930 0.006930 0.006930 0.006929 0.006928 0.006924 0.006912 0.006877 0.006786 0.006573 0.006130 0.005313 0.003996 0.002166 0.000000 
50.000000 35.603275 23.074274 13.557828 7.216468 3.484796 1.531423 0.615171 0.227318 0.078167 0.025741 0.008804 0.003748 0.002348 0.001987 0.001899 0.001879 0.001875 0.001874 0.001874 0.001874 0.001874 0.001874 0.001874 0.001874 0.001874 0.001874 0.001874 0.001874 0.001874 0.001874 0.001874 0.001874 0.001874 0.001874 0.001874 0.001874 0.001874 0.001874 0.001874 0.001873 0.001869 0.001859 0.001834 0.001776 0.001654 0.001431 0.001075 0.000582 0.000000 
50.000000 35.602868 23.073514 13.556801 7.215265 3.483490 1.530063 0.613787 0.225923 0.076769 0.024342 0.007403 0.002348 0.000948 0.000586 0.000499 0.000479 0.000475 0.000474 0.000474 0.000474 0.000474 0.000474 0.000474 0.000474 0.000474 0.000474 0.000474 0.000474 0.000474 0.000474 0.000474 0.000474 0.000474 0.000474 0.000474 0.000474 0.000474 0.000474 0.000474 0.000473 0.000473 0.000470 0.000463 0.000448 0.000417 0.000361 0.000270 0.000146 0.000000 
50.000000 35.602763 23.073317 13.556536 7.214954 3.483153 1.529712 0.613429 0.225563 0.076408 0.023980 0.007042 0.001987 0.000586 0.000225 0.000137 0.000118 0.000113 0.000113 0.000112 0.000112 0.000112 0.000112 0.000112 0.000112 0.000112 0.000112 0.000112 0.000112 0.000112 0.000112 0.000112 0.000112 0.000112 0.000112 0.000112 0.000112 0.000112 0.000112 0.000112 0.000112 0.000112 0.000111 0.000110 0.000106 0.000099 0.000085 0.000064 0.000035 0.000000 
50.000000 35.602738 23.073270 13.556471 7.214879 3.483071 1.529627 0.613343 0.225476 0.076321 0.023893 0.006955 0.001899 0.000499 0.000137 0.000050 0.000030 0.000026 0.000025 0.000025 0.000025 0.000025 0.000025 0.000025 0.000025 0.000025 0.000025 0.000025 0.000025 0.000025 0.000025 0.000025 0.000025 0.000025 0.000025 0.000025 0.000025 0.000025 0.000025 0.000025 0.000025 0.000025 0.000025 0.000024 0.000024 0.000022 0.000019 0.000014 0.000008 0.000000 
50.000000 35.602732 23.073259 13.556457 7.214862 3.483053 1.529608 0.613323 0.225457 0.076301 0.023873 0.006935 0.001879 0.000479 0.000118 0.000030 0.000011 0.000006 0.000005 0.000005 0.000005 0.000005 0.000005 0.000005 0.000005 0.000005 0.000005 0.000005 0.000005 0.000005 0.000005 0.000005 0.000005 0.000005 0.000005 0.000005 0.000005 0.000005 0.000005 0.000005 0.000005 0.000005 0.000005 0.000005 0.000005 0.000005 0.000004 0.000003 0.000002 0.000000 
50.000000 35.602731 23.073257 13.556454 7.214858 3.483049 1.529604 0.613319 0.225453 0.076297 0.023869 0.006931 0.001875 0.000475 0.000113 0.000026 0.000006 0.000002 0.000001 0.000001 0.000001 0.000001 0.000001 0.000001 0.000001 0.000001 0.000001 0.000001 0.000001 0.000001 0.000001 0.000001 0.000001 0.000001 0.000001 0.000001 0.000001 0.000001 0.000001 0.000001 0.000001 0.000001 0.000001 0.000001 0.000001 0.000001 0.000001 0.000001 0.000000 0.000000 
50.000000 35.602731 23.073256 13.556453 7.214857 3.483048 1.529603 0.613318 0.225452 0.076296 0.023868 0.006930 0.001874 0.000474 0.000113 0.000025 0.000005 0.000001 0.000000 0.000000 0.000000 0.000000 0.000000 0.000000 0.000000 0.000000 0.000000 0.000000 0.000000 0.000000 0.000000 0.000000 0.000000 0.000000 0.000000 0.000000 0.000000 0.000000 0.000000 0.000000 0.000000 0.000000 0.000000 0.000000 0.000000 0.000000 0.000000 0.000000 0.000000 0.000000 
50.000000 35.602730 23.073256 13.556453 7.214857 3.483048 1.529603 0.613318 0.225451 0.076296 0.023868 0.006930 0.001874 0.000474 0.000112 0.000025 0.000005 0.000001 0.000000 0.000000 0.000000 0.000000 0.000000 0.000000 0.000000 0.000000 0.000000 0.000000 0.000000 0.000000 0.000000 0.000000 0.000000 0.000000 0.000000 0.000000 0.000000 0.000000 0.000000 0.000000 0.000000 0.000000 0.000000 0.000000 0.000000 0.000000 0.000000 0.000000 0.000000 0.000000 
50.000000 35.602730 23.073256 13.556453 7.214857 3.483048 1.529603 0.613318 0.225451 0.076296 0.023868 0.006930 0.001874 0.000474 0.000112 0.000025 0.000005 0.000001 0.000000 0.000000 0.000000 0.000000 0.000000 0.000000 0.000000 0.000000 0.000000 0.000000 0.000000 0.000000 0.000000 0.000000 0.000000 0.000000 0.000000 0.000000 0.000000 0.000000 0.000000 0.000000 0.000000 0.000000 0.000000 0.000000 0.000000 0.000000 0.000000 0.000000 0.000000 0.000000 
50.000000 35.602730 23.073256 13.556453 7.214857 3.483048 1.529603 0.613318 0.225451 0.076296 0.023868 0.006930 0.001874 0.000474 0.000112 0.000025 0.000005 0.000001 0.000000 0.000000 0.000000 0.000000 0.000000 0.000000 0.000000 0.000000 0.000000 0.000000 0.000000 0.000000 0.000000 0.000000 0.000000 0.000000 0.000000 0.000000 0.000000 0.000000 0.000000 0.000000 0.000000 0.000000 0.000000 0.000000 0.000000 0.000000 0.000000 0.000000 0.000000 0.000000 
50.000000 35.602730 23.073256 13.556453 7.214857 3.483048 1.529603 0.613318 0.225451 0.076296 0.023868 0.006930 0.001874 0.000474 0.000112 0.000025 0.000005 0.000001 0.000000 0.000000 0.000000 0.000000 0.000000 0.000000 0.000000 0.000000 0.000000 0.000000 0.000000 0.000000 0.000000 0.000000 0.000000 0.000000 0.000000 0.000000 0.000000 0.000000 0.000000 0.000000 0.000000 0.000000 0.000000 0.000000 0.000000 0.000000 0.000000 0.000000 0.000000 0.000000 
50.000000 35.602730 23.073256 13.556453 7.214857 3.483048 1.529603 0.613318 0.225451 0.076296 0.023868 0.006930 0.001874 0.000474 0.000112 0.000025 0.000005 0.000001 0.000000 0.000000 0.000000 0.000000 0.000000 0.000000 0.000000 0.000000 0.000000 0.000000 0.000000 0.000000 0.000000 0.000000 0.000000 0.000000 0.000000 0.000000 0.000000 0.000000 0.000000 0.000000 0.000000 0.000000 0.000000 0.000000 0.000000 0.000000 0.000000 0.000000 0.000000 0.000000 
50.000000 35.602730 23.073256 13.556453 7.214857 3.483048 1.529603 0.613318 0.225451 0.076296 0.023868 0.006930 0.001874 0.000474 0.000112 0.000025 0.000005 0.000001 0.000000 0.000000 0.000000 0.000000 0.000000 0.000000 0.000000 0.000000 0.000000 0.000000 0.000000 0.000000 0.000000 0.000000 0.000000 0.000000 0.000000 0.000000 0.000000 0.000000 0.000000 0.000000 0.000000 0.000000 0.000000 0.000000 0.000000 0.000000 0.000000 0.000000 0.000000 0.000000 
50.000000 35.602730 23.073256 13.556453 7.214857 3.483048 1.529603 0.613318 0.225451 0.076296 0.023868 0.006930 0.001874 0.000474 0.000112 0.000025 0.000005 0.000001 0.000000 0.000000 0.000000 0.000000 0.000000 0.000000 0.000000 0.000000 0.000000 0.000000 0.000000 0.000000 0.000000 0.000000 0.000000 0.000000 0.000000 0.000000 0.000000 0.000000 0.000000 0.000000 0.000000 0.000000 0.000000 0.000000 0.000000 0.000000 0.000000 0.000000 0.000000 0.000000 
50.000000 35.602730 23.073256 13.556453 7.214857 3.483048 1.529603 0.613318 0.225451 0.076296 0.023868 0.006930 0.001874 0.000474 0.000112 0.000025 0.000005 0.000001 0.000000 0.000000 0.000000 0.000000 0.000000 0.000000 0.000000 0.000000 0.000000 0.000000 0.000000 0.000000 0.000000 0.000000 0.000000 0.000000 0.000000 0.000000 0.000000 0.000000 0.000000 0.000000 0.000000 0.000000 0.000000 0.000000 0.000000 0.000000 0.000000 0.000000 0.000000 0.000000 
50.000000 35.602730 23.073256 13.556453 7.214857 3.483048 1.529603 0.613318 0.225451 0.076296 0.023868 0.006930 0.001874 0.000474 0.000112 0.000025 0.000005 0.000001 0.000000 0.000000 0.000000 0.000000 0.000000 0.000000 0.000000 0.000000 0.000000 0.000000 0.000000 0.000000 0.000000 0.000000 0.000000 0.000000 0.000000 0.000000 0.000000 0.000000 0.000000 0.000000 0.000000 0.000000 0.000000 0.000000 0.000000 0.000000 0.000000 0.000000 0.000000 0.000000 
50.000000 35.602730 23.073256 13.556453 7.214857 3.483048 1.529603 0.613318 0.225451 0.076296 0.023868 0.006930 0.001874 0.000474 0.000112 0.000025 0.000005 0.000001 0.000000 0.000000 0.000000 0.000000 0.000000 0.000000 0.000000 0.000000 0.000000 0.000000 0.000000 0.000000 0.000000 0.000000 0.000000 0.000000 0.000000 0.000000 0.000000 0.000000 0.000000 0.000000 0.000000 0.000000 0.000000 0.000000 0.000000 0.000000 0.000000 0.000000 0.000000 0.000000 
50.000000 35.602730 23.073256 13.556453 7.214857 3.483048 1.529603 0.613318 0.225451 0.076296 0.023868 0.006930 0.001874 0.000474 0.000112 0.000025 0.000005 0.000001 0.000000 0.000000 0.000000 0.000000 0.000000 0.000000 0.000000 0.000000 0.000000 0.000000 0.000000 0.000000 0.000000 0.000000 0.000000 0.000000 0.000000 0.000000 0.000000 0.000000 0.000000 0.000000 0.000000 0.000000 0.000000 0.000000 0.000000 0.000000 0.000000 0.000000 0.000000 0.000000 
50.000000 35.602730 23.073256 13.556453 7.214857 3.483048 1.529603 0.613318 0.225451 0.076296 0.023868 0.006930 0.001874 0.000474 0.000112 0.000025 0.000005 0.000001 0.000000 0.000000 0.000000 0.000000 0.000000 0.000000 0.000000 0.000000 0.000000 0.000000 0.000000 0.000000 0.000000 0.000000 0.000000 0.000000 0.000000 0.000000 0.000000 0.000000 0.000000 0.000000 0.000000 0.000000 0.000000 0.000000 0.000000 0.000000 0.000000 0.000000 0.000000 0.000000 
50.000000 35.602731 23.073256 13.556453 7.214857 3.483048 1.529603 0.613318 0.225452 0.076296 0.023868 0.006930 0.001874 0.000474 0.000113 0.000025 0.000005 0.000001 0.000000 0.000000 0.000000 0.000000 0.000000 0.000000 0.000000 0.000000 0.000000 0.000000 0.000000 0.000000 0.000000 0.000000 0.000000 0.000000 0.000000 0.000000 0.000000 0.000000 0.000000 0.000000 0.000000 0.000000 0.000000 0.000000 0.000000 0.000000 0.000000 0.000000 0.000000 0.000000 
50.000000 35.602731 23.073257 13.556454 7.214858 3.483049 1.529604 0.613319 0.225453 0.076297 0.023869 0.006931 0.001875 0.000475 0.000113 0.000026 0.000006 0.000002 0.000001 0.000001 0.000001 0.000001 0.000001 0.000001 0.000001 0.000001 0.000001 0.000001 0.000001 0.000001 0.000001 0.000001 0.000001 0.000001 0.000001 0.000001 0.000001 0.000001 0.000001 0.000001 0.000001 0.000001 0.000001 0.000001 0.000001 0.000001 0.000001 0.000001 0.000000 0.000000 
50.000000 35.602732 23.073259 13.556457 7.214862 3.483053 1.529608 0.613323 0.225457 0.076301 0.023873 0.006935 0.001879 0.000479 0.000118 0.000030 0.000011 0.000006 0.000005 0.000005 0.000005 0.000005 0.000005 0.000005 0.000005 0.000005 0.000005 0.000005 0.000005 0.000005 0.000005 0.000005 0.000005 0.000005 0.000005 0.000005 0.000005 0.000005 0.000005 0.000005 0.000005 0.000005 0.000005 0.000005 0.000005 0.000005 0.000004 0.000003 0.000002 0.000000 
50.000000 35.602738 23.073270 13.556471 7.214879 3.483071 1.529627 0.613343 0.225476 0.076321 0.023893 0.006955 0.001899 0.000499 0.000137 0.000050 0.000030 0.000026 0.000025 0.000025 0.000025 0.000025 0.000025 0.000025 0.000025 0.000025 0.000025 0.000025 0.000025 0.000025 0.000025 0.000025 0.000025 0.000025 0.000025 0.000025 0.000025 0.000025 0.000025 0.000025 0.000025 0.000025 0.000025 0.000024 0.000024 0.000022 0.000019 0.000014 0.000008 0.000000 
50.000000 35.602763 23.073317 13.556536 7.214954 3.483153 1.529712 0.613429 0.225563 0.076408 0.023980 0.007042 0.001987 0.000586 0.000225 0.000137 0.000118 0.000113 0.000113 0.000112 0.000112 0.000112 0.000112 0.000112 0.000112 0.000112 0.000112 0.000112 0.000112 0.000112 0.000112 0.000112 0.000112 0.000112 0.000112 0.000112 0.000112 0.000112 0.000112 0.000112 0.000112 0.000112 0.000111 0.000110 0.000106 0.000099 0.000085 0.000064 0.000035 0.000000 
50.000000 35.602868 23.073514 13.556801 7.215265 3.483490 1.530063 0.613787 0.225923 0.076769 0.024342 0.007403 0.002348 0.000948 0.000586 0.000499 0.000479 0.000475 0.000474 0.000474 0.000474 0.000474 0.000474 0.000474 0.000474 0.000474 0.000474 0.000474 0.000474 0.000474 0.000474 0.000474 0.000474 0.000474 0.000474 0.000474 0.000474 0.000474 0.000474 0.000474 0.000473 0.000473 0.000470 0.000463 0.000448 0.000417 0.000361 0.000270 0.000146 0.000000 
50.000000 35.603275 23.074274 13.557828 7.216468 3.484796 1.531423 0.615171 0.227318 0.078167 0.025741 0.008804 0.003748 0.002348 0.001987 0.001899 0.001879 0.001875 0.001874 0.001874 0.001874 0.001874 0.001874 0.001874 0.001874 0.001874 0.001874 0.001874 0.001874 0.001874 0.001874 0.001874 0.001874 0.001874 0.001874 0.001874 0.001874 0.001874 0.001874 0.001874 0.001873 0.001869 0.001859 0.001834 0.001776 0.001654 0.001431 0.001075 0.000582 0.000000 
50.000000 35.604742 23.077015 13.561532 7.220810 3.489510 1.536330 0.620167 0.232352 0.083216 0.030795 0.013859 0.008804 0.007403 0.007042 0.006955 0.006935 0.006931 0.006930 0.006930 0.006930 0.006930 0.006930 0.006930 0.006930 0.006930 0.006930 0.006930 0.006930 0.006930 0.006930 0.006930 0.006930 0.006930 0.006930 0.006930 0.006930 0.006930 0.006929 0.006928 0.006924 0.006912 0.006877 0.006786 0.006573 0.006130 0.005313 0.003996 0.002166 0.000000 
50.000000 35.609652 23.086189 13.573933 7.235349 3.505299 1.552768 0.636907 0.249218 0.100130 0.047725 0.030795 0.025741 0.024342 0.023980 0.023893 0.023873 0.023869 0.023868 0.023868 0.023868 0.023868 0.023868 0.023868 0.023868 0.023868 0.023868 0.023868 0.023868 0.023868 0.023868 0.023868 0.023868 0.023868 0.023868 0.023868 0.023868 0.023868 0.023867 0.023863 0.023850 0.023809 0.023693 0.023390 0.022677 0.021179 0.018391 0.013864 0.007529 0.000000 
50.000000 35.624833 23.114560 13.612289 7.280329 3.554155 1.603638 0.688715 0.301420 0.152482 0.100130 0.083216 0.078167 0.076769 0.076408 0.076321 0.076301 0.076297 0.076296 0.076296 0.076296 0.076296 0.076296 0.076296 0.076296 0.076296 0.076296 0.076296 0.076296 0.076296 0.076296 0.076296 0.076296 0.076296 0.076296 0.076296 0.076295 0.076295 0.076291 0.076280 0.076241 0.076118 0.075764 0.074835 0.072633 0.067956 0.059166 0.044735 0.024358 0.000000 
50.000000 35.667979 23.195202 13.721338 7.408236 3.693106 1.748339 0.836096 0.449928 0.301420 0.249218 0.232352 0.227318 0.225923 0.225563 0.225476 0.225457 0.225453 0.225452 0.225451 0.225451 0.225451 0.225451 0.225451 0.225451 0.225451 0.225451 0.225451 0.225451 0.225451 0.225451 0.225451 0.225451 0.225451 0.225451 0.225451 0.225451 0.225449 0.225440 0.225409 0.225302 0.224964 0.223983 0.221385 0.215158 0.201774 0.176274 0.133824 0.073131 0.000000 
50.000000 35.780065 23.404729 14.004724 7.740693 4.054334 2.124561 1.219317 0.836096 0.688715 0.636907 0.620167 0.615171 0.613787 0.613429 0.613343 0.613323 0.613319 0.613318 0.613318 0.613318 0.613318 0.613318 0.613318 0.613318 0.613318 0.613318 0.613318 0.613318 0.613318 0.613318 0.613318 0.613318 0.613318 0.613318 0.613318 0.613317 0.613311 0.613291 0.613214 0.612951 0.612113 0.609659 0.603086 0.587118 0.552258 0.484669 0.370042 0.203281 0.000000 
50.000000 36.044611 23.899319 14.673776 8.525744 4.907458 3.013204 2.124561 1.748339 1.603638 1.552768 1.536330 1.531423 1.530063 1.529712 1.529627 1.529608 1.529604 1.529603 1.529603 1.529603 1.529603 1.529603 1.529603 1.529603 1.529603 1.529603 1.529603 1.529603 1.529603 1.529603 1.529603 1.529603 1.529603 1.529603 1.529602 1.529600 1.529588 1.529544 1.529378 1.528803 1.526953 1.521475 1.506602 1.469867 1.388064 1.225769 0.943454 0.522412 0.000000 
50.000000 36.608125 24.952976 16.099332 10.198748 6.725801 4.907458 4.054334 3.693106 3.554155 3.505299 3.489510 3.484796 3.483490 3.483153 3.483071 3.483053 3.483049 3.483048 3.483048 3.483048 3.483048 3.483048 3.483048 3.483048 3.483048 3.483048 3.483048 3.483048 3.483048 3.483048 3.483048 3.483048 3.483048 3.483048 3.483047 3.483042 3.483021 3.482937 3.482622 3.481522 3.477948 3.467216 3.437592 3.362901 3.192317 2.843392 2.214663 1.241881 0.000000 
50.000000 37.683838 26.964548 18.821303 13.393680 10.198748 8.525744 7.740693 7.408236 7.280329 7.235349 7.220810 7.216468 7.215265 7.214954 7.214879 7.214862 7.214858 7.214857 7.214857 7.214857 7.214857 7.214857 7.214857 7.214857 7.214857 7.214857 7.214857 7.214857 7.214857 7.214857 7.214857 7.214857 7.214857 7.214857 7.214855 7.214847 7.214814 7.214679 7.214171 7.212373 7.206462 7.188435 7.137680 7.006431 6.696840 6.037231 4.787842 2.742646 0.000000 
50.000000 39.510657 30.380987 23.444845 18.821303 16.099332 14.673776 14.004724 13.721338 13.612289 13.573933 13.561532 13.557828 13.556801 13.556536 13.556471 13.556457 13.556454 13.556453 13.556453 13.556453 13.556453 13.556453 13.556453 13.556453 13.556453 13.556453 13.556453 13.556453 13.556453 13.556453 13.556453 13.556453 13.556453 13.556453 13.556450 13.556440 13.556396 13.556219 13.555541 13.553123 13.545064 13.520055 13.448007 13.255941 12.784072 11.722423 9.561695 5.691967 0.000000 
50.000000 42.250752 35.505756 30.380987 26.964548 24.952976 23.899319 23.404729 23.195202 23.114560 23.086189 23.077015 23.074274 23.073514 23.073317 23.073270 23.073259 23.073257 23.073256 23.073256 23.073256 23.073256 23.073256 23.073256 23.073256 23.073256 23.073256 23.073256 23.073256 23.073256 23.073256 23.073256 23.073256 23.073256 23.073256 23.073253 23.073243 23.073199 23.073019 23.072325 23.069825 23.061378 23.034688 22.955864 22.738312 22.176706 20.819292 17.752878 11.376802 0.000000 
50.000000 45.856967 42.250752 39.510657 37.683838 36.608125 36.044611 35.780065 35.667979 35.624833 35.609652 35.604742 35.603275 35.602868 35.602763 35.602738 35.602732 35.602731 35.602731 35.602730 35.602730 35.602730 35.602730 35.602730 35.602730 35.602730 35.602730 35.602730 35.602730 35.602730 35.602730 35.602730 35.602730 35.602730 35.602730 35.602729 35.602722 35.602694 35.602576 35.602123 35.600476 35.594848 35.576784 35.522199 35.366245 34.941192 33.818690 30.873950 22.928484 0.000000 
50.000000 50.000000 50.000000 50.000000 50.000000 50.000000 50.000000 50.000000 50.000000 50.000000 50.000000 50.000000 50.000000 50.000000 50.000000 50.000000 50.000000 50.000000 50.000000 50.000000 50.000000 50.000000 50.000000 50.000000 50.000000 50.000000 50.000000 50.000000 50.000000 50.000000 50.000000 50.000000 50.000000 50.000000 50.000000 50.000000 50.000000 50.000000 50.000000 50.000000 50.000000 50.000000 50.000000 50.000000 50.000000 50.000000 50.000000 50.000000 50.000000 50.000000 
