50.000000 50.000000 50.000000 50.000000 50.000000 50.000000 50.000000 50.000000 50.000000 50.000000 50.000000 50.000000 50.000000 50.000000 50.000000 50.000000 50.000000 50.000000 50.000000 50.000000 50.000000 50.000000 50.000000 50.000000 50.000000 50.000000 50.000000 50.000000 50.000000 50.000000 50.000000 50.000000 50.000000 50.000000 50.000000 50.000000 50.000000 50.000000 50.000000 50.000000 50.000000 50.000000 50.000000 50.000000 50.000000 50.000000 50.000000 50.000000 50.000000 50.000000 
50.000000 47.283619 44.798480 42.716932 41.118468 39.990882 39.258453 38.819191 38.575257 38.449450 38.389012 38.361887 38.350482 38.345978 38.344302 38.343713 38.343517 38.343456 38.343437 38.343432 38.343430 38.343430 38.343430 38.343430 38.343430 38.343430 38.343430 38.343430 38.343430 38.343430 38.343430 38.343430 38.343429 38.343425 38.343413 38.343370 38.343235 38.342823 38.341618 38.338263 38.329343 38.306671 38.251437 38.121836 37.826578 37.164977 35.677483 32.224090 23.641810 0.000000 
50.000000 44.798480 40.039789 36.053973 32.993243 30.834204 29.431832 28.590815 28.123794 27.882942 27.767242 27.715318 27.693488 27.684865 27.681658 27.680531 27.680157 27.680038 27.680003 27.679993 27.679990 27.679990 27.679989 27.679989 27.679989 27.679989 27.679989 27.679989 27.679989 27.679989 27.679989 27.679989 27.679987 27.679981 27.679960 27.679888 27.679659 27.678960 27.676931 27.671310 27.656479 27.619183 27.529675 27.324257 26.871937 25.912154 23.940977 20.019895 12.574390 0.000000 
50.000000 42.716932 36.053973 30.473280 26.187963 23.165216 21.201927 20.024587 19.370842 19.033717 18.871780 18.799113 18.768563 18.756498 18.752010 18.750434 18.749910 18.749745 18.749695 18.749681 18.749677 18.749676 18.749676 18.749676 18.749676 18.749676 18.749676 18.749676 18.749676 18.749676 18.749676 18.749675 18.749673 18.749666 18.749641 18.749559 18.749296 18.748499 18.746198 18.739875 18.723365 18.682417 18.585972 18.370296 17.912449 16.990670 15.236640 12.112996 7.039448 0.000000 
50.000000 41.118468 32.993243 26.187963 20.962490 17.276751 14.882978 13.447577 12.650597 12.239639 12.042254 11.953687 11.916457 11.901755 11.896287 11.894366 11.893728 11.893527 11.893467 11.893450 11.893445 11.893444 11.893443 11.893443 11.893443 11.893443 11.893443 11.893443 11.893443 11.893443 11.893443 11.893443 11.893441 11.893434 11.893411 11.893335 11.893092 11.892362 11.890266 11.884561 11.869837 11.833853 11.750719 11.569463 11.197414 10.481245 9.197293 7.081089 3.953491 0.000000 
50.000000 39.990882 30.834204 23.165216 17.276751 13.123569 10.426358 8.809109 7.911225 7.448275 7.225937 7.126183 7.084254 7.067698 7.061541 7.059379 7.058660 7.058434 7.058366 7.058347 7.058342 7.058340 7.058340 7.058340 7.058340 7.058340 7.058340 7.058340 7.058340 7.058340 7.058340 7.058339 7.058338 7.058333 7.058314 7.058254 7.058063 7.057491 7.055865 7.051477 7.040281 7.013314 6.952129 6.821750 6.561785 6.079337 5.252767 3.962267 2.164305 0.000000 
50.000000 39.258453 29.431832 21.201927 14.882978 10.426358 7.532230 5.797011 4.833695 4.337043 4.098538 3.991539 3.946569 3.928814 3.922211 3.919893 3.919123 3.918880 3.918807 3.918787 3.918781 3.918780 3.918779 3.918779 3.918779 3.918779 3.918779 3.918779 3.918779 3.918779 3.918779 3.918779 3.918778 3.918774 3.918761 3.918719 3.918587 3.918194 3.917085 3.914118 3.906631 3.888833 3.849104 3.766115 3.604608 3.313515 2.831631 2.107575 1.136616 0.000000 
50.000000 38.819191 28.590815 20.024587 13.447577 8.809109 5.797011 3.991147 2.988664 2.471849 2.223677 2.112348 2.065562 2.047091 2.040222 2.037811 2.037010 2.036758 2.036682 2.036661 2.036655 2.036653 2.036653 2.036653 2.036653 2.036653 2.036653 2.036653 2.036653 2.036653 2.036653 2.036652 2.036652 2.036650 2.036642 2.036615 2.036534 2.036292 2.035614 2.033818 2.029328 2.018782 1.995573 1.947907 1.856980 1.696858 1.438615 1.061140 0.567754 0.000000 
50.000000 38.575257 28.123794 19.370842 12.650597 7.911225 4.833695 2.988664 1.964478 1.436497 1.182974 1.069250 1.021460 1.002593 0.995578 0.993116 0.992298 0.992040 0.991963 0.991941 0.991935 0.991933 0.991933 0.991933 0.991933 0.991933 0.991933 0.991933 0.991933 0.991933 0.991933 0.991933 0.991932 0.991931 0.991926 0.991912 0.991866 0.991731 0.991356 0.990369 0.987923 0.982239 0.969882 0.944862 0.897912 0.816744 0.688426 0.504611 0.268586 0.000000 
50.000000 38.449450 27.882942 19.033717 12.239639 7.448275 4.337043 2.471849 1.436497 0.902774 0.646501 0.531548 0.483242 0.464172 0.457082 0.454594 0.453767 0.453506 0.453428 0.453406 0.453400 0.453399 0.453398 0.453398 0.453398 0.453398 0.453398 0.453398 0.453398 0.453398 0.453398 0.453398 0.453398 0.453397 0.453395 0.453387 0.453364 0.453295 0.453105 0.452608 0.451387 0.448573 0.442521 0.430413 0.407994 0.369802 0.310352 0.226463 0.120107 0.000000 
50.000000 38.389012 27.767242 18.871780 12.042254 7.225937 4.098538 2.223677 1.182974 0.646501 0.388912 0.273371 0.224819 0.205653 0.198527 0.196026 0.195195 0.194933 0.194855 0.194832 0.194826 0.194825 0.194824 0.194824 0.194824 0.194824 0.194824 0.194824 0.194824 0.194824 0.194824 0.194824 0.194824 0.194824 0.194823 0.194819 0.194808 0.194776 0.194687 0.194456 0.193893 0.192605 0.189859 0.184420 0.174460 0.157693 0.131906 0.095932 0.050749 0.000000 
50.000000 38.361887 27.715318 18.799113 11.953687 7.126183 3.991539 2.112348 1.069250 0.531548 0.273371 0.157568 0.108905 0.089696 0.082555 0.080048 0.079215 0.078953 0.078874 0.078852 0.078846 0.078844 0.078844 0.078843 0.078843 0.078843 0.078843 0.078843 0.078843 0.078843 0.078843 0.078843 0.078843 0.078843 0.078843 0.078841 0.078836 0.078822 0.078784 0.078684 0.078443 0.077894 0.076734 0.074455 0.070319 0.063422 0.052915 0.038388 0.020269 0.000000 
50.000000 38.350482 27.693488 18.768563 11.916457 7.084254 3.946569 2.065562 1.021460 0.483242 0.224819 0.108905 0.060197 0.040970 0.033822 0.031313 0.030479 0.030217 0.030138 0.030115 0.030109 0.030108 0.030107 0.030107 0.030107 0.030107 0.030107 0.030107 0.030107 0.030107 0.030107 0.030107 0.030107 0.030107 0.030107 0.030106 0.030104 0.030099 0.030083 0.030043 0.029946 0.029728 0.029269 0.028374 0.026763 0.024096 0.020064 0.014527 0.007660 0.000000 
50.000000 38.345978 27.684865 18.756498 11.901755 7.067698 3.928814 2.047091 1.002593 0.464172 0.205653 0.089696 0.040970 0.021736 0.014585 0.012075 0.011241 0.010978 0.010900 0.010877 0.010871 0.010870 0.010869 0.010869 0.010869 0.010869 0.010869 0.010869 0.010869 0.010869 0.010869 0.010869 0.010869 0.010869 0.010869 0.010869 0.010868 0.010866 0.010860 0.010845 0.010809 0.010727 0.010557 0.010226 0.009635 0.008662 0.007202 0.005207 0.002742 0.000000 
50.000000 38.344302 27.681658 18.752010 11.896287 7.061541 3.922211 2.040222 0.995578 0.457082 0.198527 0.082555 0.033822 0.014585 0.007433 0.004923 0.004089 0.003826 0.003747 0.003725 0.003719 0.003717 0.003717 0.003717 0.003717 0.003717 0.003717 0.003717 0.003717 0.003717 0.003717 0.003717 0.003717 0.003717 0.003717 0.003717 0.003716 0.003716 0.003713 0.003708 0.003695 0.003667 0.003607 0.003492 0.003287 0.002952 0.002451 0.001770 0.000931 0.000000 
50.000000 38.343713 27.680531 18.750434 11.894366 7.059379 3.919893 2.037811 0.993116 0.454594 0.196026 0.080048 0.031313 0.012075 0.004923 0.002412 0.001578 0.001315 0.001237 0.001214 0.001208 0.001207 0.001206 0.001206 0.001206 0.001206 0.001206 0.001206 0.001206 0.001206 0.001206 0.001206 0.001206 0.001206 0.001206 0.001206 0.001206 0.001206 0.001205 0.001203 0.001199 0.001189 0.001170 0.001132 0.001065 0.000955 0.000792 0.000572 0.000301 0.000000 
50.000000 38.343517 27.680157 18.749910 11.893728 7.058660 3.919123 2.037010 0.992298 0.453767 0.195195 0.079215 0.030479 0.011241 0.004089 0.001578 0.000744 0.000481 0.000403 0.000380 0.000374 0.000373 0.000372 0.000372 0.000372 0.000372 0.000372 0.000372 0.000372 0.000372 0.000372 0.000372 0.000372 0.000372 0.000372 0.000372 0.000372 0.000372 0.000372 0.000371 0.000370 0.000367 0.000361 0.000349 0.000328 0.000294 0.000244 0.000176 0.000092 0.000000 
50.000000 38.343456 27.680038 18.749745 11.893527 7.058434 3.918880 2.036758 0.992040 0.453506 0.194933 0.078953 0.030217 0.010978 0.003826 0.001315 0.000481 0.000219 0.000140 0.000118 0.000111 0.000110 0.000109 0.000109 0.000109 0.000109 0.000109 0.000109 0.000109 0.000109 0.000109 0.000109 0.000109 0.000109 0.000109 0.000109 0.000109 0.000109 0.000109 0.000109 0.000109 0.000108 0.000106 0.000102 0.000096 0.000086 0.000071 0.000051 0.000027 0.000000 
50.000000 38.343437 27.680003 18.749695 11.893467 7.058366 3.918807 2.036682 0.991963 0.453428 0.194855 0.078874 0.030138 0.010900 0.003747 0.001237 0.000403 0.000140 0.000061 0.000039 0.000033 0.000031 0.000031 0.000031 0.000031 0.000031 0.000031 0.000031 0.000031 0.000031 0.000031 0.000031 0.000031 0.000031 0.000031 0.000031 0.000031 0.000031 0.000031 0.000031 0.000030 0.000030 0.000030 0.000029 0.000027 0.000024 0.000020 0.000014 0.000008 0.000000 
50.000000 38.343432 27.679993 18.749681 11.893450 7.058347 3.918787 2.036661 0.991941 0.453406 0.194832 0.078852 0.030115 0.010877 0.003725 0.001214 0.000380 0.000118 0.000039 0.000016 0.000010 0.000009 0.000008 0.000008 0.000008 0.000008 0.000008 0.000008 0.000008 0.000008 0.000008 0.000008 0.000008 0.000008 0.000008 0.000008 0.000008 0.000008 0.000008 0.000008 0.000008 0.000008 0.000008 0.000008 0.000007 0.000006 0.000005 0.000004 0.000002 0.000000 
50.000000 38.343430 27.679990 18.749677 11.893445 7.058342 3.918781 2.036655 0.991935 0.453400 0.194826 0.078846 0.030109 0.010871 0.003719 0.001208 0.000374 0.000111 0.000033 0.000010 0.000004 0.000003 0.000002 0.000002 0.000002 0.000002 0.000002 0.000002 0.000002 0.000002 0.000002 0.000002 0.000002 0.000002 0.000002 0.000002 0.000002 0.000002 0.000002 0.000002 0.000002 0.000002 0.000002 0.000002 0.000002 0.000002 0.000001 0.000001 0.000001 0.000000 
50.000000 38.343430 27.679990 18.749676 11.893444 7.058340 3.918780 2.036653 0.991933 0.453399 0.194825 0.078844 0.030108 0.010870 0.003717 0.001207 0.000373 0.000110 0.000031 0.000009 0.000003 0.000001 0.000001 0.000001 0.000001 0.000001 0.000001 0.000001 0.000001 0.000001 0.000001 0.000001 0.000001 0.000001 0.000001 0.000001 0.000001 0.000001 0.000001 0.000001 0.000001 0.000001 0.000000 0.000000 0.000000 0.000000 0.000000 0.000000 0.000000 0.000000 
50.000000 38.343430 27.679989 18.749676 11.893443 7.058340 3.918779 2.036653 0.991933 0.453398 0.194824 0.078844 0.030107 0.010869 0.003717 0.001206 0.000372 0.000109 0.000031 0.000008 0.000002 0.000001 0.000000 0.000000 0.000000 0.000000 0.000000 0.000000 0.000000 0.000000 0.000000 0.000000 0.000000 0.000000 0.000000 0.000000 0.000000 0.000000 0.000000 0.000000 0.000000 0.000000 0.000000 0.000000 0.000000 0.000000 0.000000 0.000000 0.000000 0.000000 
50.000000 38.343430 27.679989 18.749676 11.893443 7.058340 3.918779 2.036653 0.991933 0.453398 0.194824 0.078843 0.030107 0.010869 0.003717 0.001206 0.000372 0.000109 0.000031 0.000008 0.000002 0.000001 0.000000 0.000000 0.000000 0.000000 0.000000 0.000000 0.000000 0.000000 0.000000 0.000000 0.000000 0.000000 0.000000 0.000000 0.000000 0.000000 0.000000 0.000000 0.000000 0.000000 0.000000 0.000000 0.000000 0.000000 0.000000 0.000000 0.000000 0.000000 
50.000000 38.343430 27.679989 18.749676 11.893443 7.058340 3.918779 2.036653 0.991933 0.453398 0.194824 0.078843 0.030107 0.010869 0.003717 0.001206 0.000372 0.000109 0.000031 0.000008 0.000002 0.000001 0.000000 0.000000 0.000000 0.000000 0.000000 0.000000 0.000000 0.000000 0.000000 0.000000 0.000000 0.000000 0.000000 0.000000 0.000000 0.000000 0.000000 0.000000 0.000000 0.000000 0.000000 0.000000 0.000000 0.000000 0.000000 0.000000 0.000000 0.000000 
50.000000 38.343430 27.679989 18.749676 11.893443 7.058340 3.918779 2.036653 0.991933 0.453398 0.194824 0.078843 0.030107 0.010869 0.003717 0.001206 0.000372 0.000109 0.000031 0.000008 0.000002 0.000001 0.000000 0.000000 0.000000 0.000000 0.000000 0.000000 0.000000 0.000000 0.000000 0.000000 0.000000 0.000000 0.000000 0.000000 0.000000 0.000000 0.000000 0.000000 0.000000 0.000000 0.000000 0.000000 0.000000 0.000000 0.000000 0.000000 0.000000 0.000000 
50.000000 38.343430 27.679989 18.749676 11.893443 7.058340 3.918779 2.036653 0.991933 0.453398 0.194824 0.078843 0.030107 0.010869 0.003717 0.001206 0.000372 0.000109 0.000031 0.000008 0.000002 0.000001 0.000000 0.000000 0.000000 0.000000 0.000000 0.000000 0.000000 0.000000 0.000000 0.000000 0.000000 0.000000 0.000000 0.000000 0.000000 0.000000 0.000000 0.000000 0.000000 0.000000 0.000000 0.000000 0.000000 0.000000 0.000000 0.000000 0.000000 0.000000 
50.000000 38.343430 27.679989 18.749676 11.893443 7.058340 3.918779 2.036653 0.991933 0.453398 0.194824 0.078844 0.030107 0.010869 0.003717 0.001206 0.000372 0.000109 0.000031 0.000008 0.000002 0.000001 0.000000 0.000000 0.000000 0.000000 0.000000 0.000000 0.000000 0.000000 0.000000 0.000000 0.000000 0.000000 0.000000 0.000000 0.000000 0.000000 0.000000 0.000000 0.000000 0.000000 0.000000 0.000000 0.000000 0.000000 0.000000 0.000000 0.000000 0.000000 
50.000000 38.343430 27.679990 18.749676 11.893444 7.058340 3.918780 2.036653 0.991933 0.453399 0.194825 0.078844 0.030108 0.010870 0.003717 0.001207 0.000373 0.000110 0.000031 0.000009 0.000003 0.000001 0.000001 0.000001 0.000001 0.000001 0.000001 0.000001 0.000001 0.000001 0.000001 0.000001 0.000001 0.000001 0.000001 0.000001 0.000001 0.000001 0.000001 0.000001 0.000001 0.000001 0.000000 0.000000 0.000000 0.000000 0.000000 0.000000 0.000000 0.000000 
50.000000 38.343430 27.679990 18.749677 11.893445 7.058342 3.918781 2.036655 0.991935 0.453400 0.194826 0.078846 0.030109 0.010871 0.003719 0.001208 0.000374 0.000111 0.000033 0.000010 0.000004 0.000003 0.000002 0.000002 0.000002 0.000002 0.000002 0.000002 0.000002 0.000002 0.000002 0.000002 0.000002 0.000002 0.000002 0.000002 0.000002 0.000002 0.000002 0.000002 0.000002 0.000002 0.000002 0.000002 0.000002 0.000002 0.000001 0.000001 0.000001 0.000000 
50.000000 38.343432 27.679993 18.749681 11.893450 7.058347 3.918787 2.036661 0.991941 0.453406 0.194832 0.078852 0.030115 0.010877 0.003725 0.001214 0.000380 0.000118 0.000039 0.000016 0.000010 0.000009 0.000008 0.000008 0.000008 0.000008 0.000008 0.000008 0.000008 0.000008 0.000008 0.000008 0.000008 0.000008 0.000008 0.000008 0.000008 0.000008 0.000008 0.000008 0.000008 0.000008 0.000008 0.000008 0.000007 0.000006 0.000005 0.000004 0.000002 0.000000 
50.000000 38.343437 27.680003 18.749695 11.893467 7.058366 3.918807 2.036682 0.991963 0.453428 0.194855 0.078874 0.030138 0.010900 0.003747 0.001237 0.000403 0.000140 0.000061 0.000039 0.000033 0.000031 0.000031 0.000031 0.000031 0.000031 0.000031 0.000031 0.000031 0.000031 0.000031 0.000031 0.000031 0.000031 0.000031 0.000031 0.000031 0.000031 0.000031 0.000031 0.000030 0.000030 0.000030 0.000029 0.000027 0.000024 0.000020 0.000014 0.000008 0.000000 
50.000000 38.343456 27.680038 18.749745 11.893527 7.058434 3.918880 2.036758 0.992040 0.453506 0.194933 0.078953 0.030217 0.010978 0.003826 0.001315 0.000481 0.000219 0.000140 0.000118 0.000111 0.000110 0.000109 0.000109 0.000109 0.000109 0.000109 0.000109 0.000109 0.000109 0.000109 0.000109 0.000109 0.000109 0.000109 0.000109 0.000109 0.000109 0.000109 0.000109 0.000109 0.000108 0.000106 0.000102 0.000096 0.000086 0.000071 0.000051 0.000027 0.000000 
50.000000 38.343517 27.680157 18.749910 11.893728 7.058660 3.919123 2.037010 0.992298 0.453767 0.195195 0.079215 0.030479 0.011241 0.004089 0.001578 0.000744 0.000481 0.000403 0.000380 0.000374 0.000373 0.000372 0.000372 0.000372 0.000372 0.000372 0.000372 0.000372 0.000372 0.000372 0.000372 0.000372 0.000372 0.000372 0.000372 0.000372 0.000372 0.000372 0.000371 0.000370 0.000367 0.000361 0.000349 0.000328 0.000294 0.000244 0.000176 0.000092 0.000000 
50.000000 38.343713 27.680531 18.750434 11.894366 7.059379 3.919893 2.037811 0.993116 0.454594 0.196026 0.080048 0.031313 0.012075 0.004923 0.002412 0.001578 0.001315 0.001237 0.001214 0.001208 0.001207 0.001206 0.001206 0.001206 0.001206 0.001206 0.001206 0.001206 0.001206 0.001206 0.001206 0.001206 0.001206 0.001206 0.001206 0.001206 0.001206 0.001205 0.001203 0.001199 0.001189 0.001170 0.001132 0.001065 0.000955 0.000792 0.000572 0.000301 0.000000 
50.000000 38.344302 27.681658 18.752010 11.896287 7.061541 3.922211 2.040222 0.995578 0.457082 0.198527 0.082555 0.033822 0.014585 0.007433 0.004923 0.004089 0.003826 0.003747 0.003725 0.003719 0.003717 0.003717 0.003717 0.003717 0.003717 0.003717 0.003717 0.003717 0.003717 0.003717 0.003717 0.003717 0.003717 0.003717 0.003717 0.003716 0.003716 0.003713 0.003708 0.003695 0.003667 0.003607 0.003492 0.003287 0.002952 0.002451 0.001770 0.000931 0.000000 
50.000000 38.345978 27.684865 18.756498 11.901755 7.067698 3.928814 2.047091 1.002593 0.464172 0.205653 0.089696 0.040970 0.021736 0.014585 0.012075 0.011241 0.010978 0.010900 0.010877 0.010871 0.010870 0.010869 0.010869 0.010869 0.010869 0.010869 0.010869 0.010869 0.010869 0.010869 0.010869 0.010869 0.010869 0.010869 0.010869 0.010868 0.010866 0.010860 0.010845 0.010809 0.010727 0.010557 0.010226 0.009635 0.008662 0.007202 0.005207 0.002742 0.000000 
50.000000 38.350482 27.693488 18.768563 11.916457 7.084254 3.946569 2.065562 1.021460 0.483242 0.224819 0.108905 0.060197 0.040970 0.033822 0.031313 0.030479 0.030217 0.030138 0.030115 0.030109 0.030108 0.030107 0.030107 0.030107 0.030107 0.030107 0.030107 0.030107 0.030107 0.030107 0.030107 0.030107 0.030107 0.030107 0.030106 0.030104 0.030099 0.030083 0.030043 0.029946 0.029728 0.029269 0.028374 0.026763 0.024096 0.020064 0.014527 0.007660 0.000000 
50.000000 38.361887 27.715318 18.799113 11.953687 7.126183 3.991539 2.112348 1.069250 0.531548 0.273371 0.157568 0.108905 0.089696 0.082555 0.080048 0.079215 0.078953 0.078874 0.078852 0.078846 0.078844 0.078844 0.078843 0.078843 0.078843 0.078843 0.078843 0.078843 0.078843 0.078843 0.078843 0.078843 0.078843 0.078843 0.078841 0.078836 0.078822 0.078784 0.078684 0.078443 0.077894 0.076734 0.074455 0.070319 0.063422 0.052915 0.038388 0.020269 0.000000 
50.000000 38.389012 27.767242 18.871780 12.042254 7.225937 4.098538 2.223677 1.182974 0.646501 0.388912 0.273371 0.224819 0.205653 0.198527 0.196026 0.195195 0.194933 0.194855 0.194832 0.194826 0.194825 0.194824 0.194824 0.194824 0.194824 0.194824 0.194824 0.194824 0.194824 0.194824 0.194824 0.194824 0.194824 0.194823 0.194819 0.194808 0.194776 0.194687 0.194456 0.193893 0.192605 0.189859 0.184420 0.174460 0.157693 0.131906 0.095932 0.050749 0.000000 
50.000000 38.449450 27.882942 19.033717 12.239639 7.448275 4.337043 2.471849 1.436497 0.902774 0.646501 0.531548 0.483242 0.464172 0.457082 0.454594 0.453767 0.453506 0.453428 0.453406 0.453400 0.453399 0.453398 0.453398 0.453398 0.453398 0.453398 0.453398 0.453398 0.453398 0.453398 0.453398 0.453398 0.453397 0.453395 0.453387 0.453364 0.453295 0.453105 0.452608 0.451387 0.448573 0.442521 0.430413 0.407994 0.369802 0.310352 0.226463 0.120107 0.000000 
50.000000 38.575257 28.123794 19.370842 12.650597 7.911225 4.833695 2.988664 1.964478 1.436497 1.182974 1.069250 1.021460 1.002593 0.995578 0.993116 0.992298 0.992040 0.991963 0.991941 0.991935 0.991933 0.991933 0.991933 0.991933 0.991933 0.991933 0.991933 0.991933 0.991933 0.991933 0.991933 0.991932 0.991931 0.991926 0.991912 0.991866 0.991731 0.991356 0.990369 0.987923 0.982239 0.969882 0.944862 0.897912 0.816744 0.688426 0.504611 0.268586 0.000000 
50.000000 38.819191 28.590815 20.024587 13.447577 8.809109 5.797011 3.991147 2.988664 2.471849 2.223677 2.112348 2.065562 2.047091 2.040222 2.037811 2.037010 2.036758 2.036682 2.036661 2.036655 2.036653 2.036653 2.036653 2.036653 2.036653 2.036653 2.036653 2.036653 2.036653 2.036653 2.036652 2.036652 2.036650 2.036642 2.036615 2.036534 2.036292 2.035614 2.033818 2.029328 2.018782 1.995573 1.947907 1.856980 1.696858 1.438615 1.061140 0.567754 0.000000 
50.000000 39.258453 29.431832 21.201927 14.882978 10.426358 7.532230 5.797011 4.833695 4.337043 4.098538 3.991539 3.946569 3.928814 3.922211 3.919893 3.919123 3.918880 3.918807 3.918787 3.918781 3.918780 3.918779 3.918779 3.918779 3.918779 3.918779 3.918779 3.918779 3.918779 3.918779 3.918779 3.918778 3.918774 3.918761 3.918719 3.918587 3.918194 3.917085 3.914118 3.906631 3.888833 3.849104 3.766115 3.604608 3.313515 2.831631 2.107575 1.136616 0.000000 
50.000000 39.990882 30.834204 23.165216 17.276751 13.123569 10.426358 8.809109 7.911225 7.448275 7.225937 7.126183 7.084254 7.067698 7.061541 7.059379 7.058660 7.058434 7.058366 7.058347 7.058342 7.058340 7.058340 7.058340 7.058340 7.058340 7.058340 7.058340 7.058340 7.058340 7.058340 7.058339 7.058338 7.058333 7.058314 7.058254 7.058063 7.057491 7.055865 7.051477 7.040281 7.013314 6.952129 6.821750 6.561785 6.079337 5.252767 3.962267 2.164305 0.000000 
50.000000 41.118468 32.993243 26.187963 20.962490 17.276751 14.882978 13.447577 12.650597 12.239639 12.042254 11.953687 11.916457 11.901755 11.896287 11.894366 11.893728 11.893527 11.893467 11.893450 11.893445 11.893444 11.893443 11.893443 11.893443 11.893443 11.893443 11.893443 11.893443 11.893443 11.893443 11.893443 11.893441 11.893434 11.893411 11.893335 11.893092 11.892362 11.890266 11.884561 11.869837 11.833853 11.750719 11.569463 11.197414 10.481245 9.197293 7.081089 3.953491 0.000000 
50.000000 42.716932 36.053973 30.473280 26.187963 23.165216 21.201927 20.024587 19.370842 19.033717 18.871780 18.799113 18.768563 18.756498 18.752010 18.750434 18.749910 18.749745 18.749695 18.749681 18.749677 18.749676 18.749676 18.749676 18.749676 18.749676 18.749676 18.749676 18.749676 18.749676 18.749676 18.749675 18.749673 18.749666 18.749641 18.749559 18.749296 18.748499 18.746198 18.739875 18.723365 18.682417 18.585972 18.370296 17.912449 16.990670 15.236640 12.112996 7.039448 0.000000 
50.000000 44.798480 40.039789 36.053973 32.993243 30.834204 29.431832 28.590815 28.123794 27.882942 27.767242 27.715318 27.693488 27.684865 27.681658 27.680531 27.680157 27.680038 27.680003 27.679993 27.679990 27.679990 27.679989 27.679989 27.679989 27.679989 27.679989 27.679989 27.679989 27.679989 27.679989 27.679989 27.679987 27.679981 27.679960 27.679888 27.679659 27.678960 27.676931 27.671310 27.656479 27.619183 27.529675 27.324257 26.871937 25.912154 23.940977 20.019895 12.574390 0.000000 
50.000000 47.283619 44.798480 42.716932 41.118468 39.990882 39.258453 38.819191 38.575257 38.449450 38.389012 38.361887 38.350482 38.345978 38.344302 38.343713 38.343517 38.343456 38.343437 38.343432 38.343430 38.343430 38.343430 38.343430 38.343430 38.343430 38.343430 38.343430 38.343430 38.343430 38.343430 38.343430 38.343429 38.343425 38.343413 38.343370 38.343235 38.342823 38.341618 38.338263 38.329343 38.306671 38.251437 38.121836 37.826578 37.164977 35.677483 32.224090 23.641810 0.000000 
50.000000 50.000000 50.000000 50.000000 50.000000 50.000000 50.000000 50.000000 50.000000 50.000000 50.000000 50.000000 50.000000 50.000000 50.000000 50.000000 50.000000 50.000000 50.000000 50.000000 50.000000 50.000000 50.000000 50.000000 50.000000 50.000000 50.000000 50.000000 50.000000 50.000000 50.000000 50.000000 50.000000 50.000000 50.000000 50.000000 50.000000 50.000000 50.000000 50.000000 50.000000 50.000000 50.000000 50.000000 50.000000 50.000000 50.000000 50.000000 50.000000 50.000000 
