50.000000 50.000000 50.000000 50.000000 50.000000 50.000000 50.000000 50.000000 50.000000 50.000000 50.000000 50.000000 50.000000 50.000000 50.000000 50.000000 50.000000 50.000000 50.000000 50.000000 50.000000 50.000000 50.000000 50.000000 50.000000 50.000000 50.000000 50.000000 50.000000 50.000000 50.000000 50.000000 50.000000 50.000000 50.000000 50.000000 50.000000 50.000000 50.000000 50.000000 50.000000 50.000000 50.000000 50.000000 50.000000 50.000000 50.000000 50.000000 50.000000 50.000000 
50.000000 48.140219 46.388936 44.835691 43.537619 42.514791 41.754291 41.220218 40.865588 40.642677 40.509871 40.434779 40.394429 40.373797 40.363744 40.359070 40.356994 40.356111 40.355752 40.355612 40.355560 40.355541 40.355534 40.355532 40.355531 40.355531 40.355531 40.355531 40.355530 40.355529 40.355526 40.355518 40.355494 40.355428 40.355255 40.354817 40.353748 40.351227 40.345488 40.332855 40.305922 40.250160 40.137556 39.914348 39.475747 38.608690 36.846230 33.049985 24.070110 0.000000 
50.000000 46.388936 42.988546 39.972689 37.452306 35.466362 33.989775 32.952831 32.264300 31.831513 31.573672 31.427885 31.349549 31.309494 31.289977 31.280904 31.276873 31.275161 31.274464 31.274191 31.274090 31.274053 31.274040 31.274036 31.274034 31.274034 31.274034 31.274034 31.274033 31.274031 31.274026 31.274010 31.273967 31.273848 31.273538 31.272755 31.270847 31.266364 31.256197 31.233939 31.186833 31.090283 30.898113 30.525282 29.816732 28.489849 26.027553 21.494273 13.338951 0.000000 
50.000000 44.835691 39.972689 35.659650 32.055233 29.215157 27.103541 25.620670 24.636064 24.017190 23.648495 23.440034 23.328026 23.270754 23.242850 23.229878 23.224116 23.221668 23.220671 23.220282 23.220136 23.220084 23.220065 23.220059 23.220057 23.220057 23.220057 23.220056 23.220056 23.220053 23.220047 23.220027 23.219972 23.219824 23.219436 23.218458 23.216086 23.210540 23.198040 23.170892 23.114030 22.999082 22.774555 22.350216 21.573273 20.194659 17.829825 13.945136 7.989461 0.000000 
50.000000 43.537619 37.452306 32.055233 27.544942 23.991147 21.348927 19.493486 18.261533 17.487212 17.025924 16.765120 16.624993 16.553347 16.518441 16.502214 16.495006 16.491944 16.490698 16.490211 16.490029 16.489963 16.489940 16.489933 16.489930 16.489929 16.489929 16.489929 16.489928 16.489926 16.489919 16.489898 16.489841 16.489686 16.489283 16.488273 16.485832 16.480159 16.467470 16.440166 16.383656 16.271162 16.055788 15.659374 14.958681 13.772471 11.860574 8.962458 4.928930 0.000000 
50.000000 42.514791 35.466362 29.215157 23.991147 19.875063 16.814854 14.665946 13.239182 12.342446 11.808251 11.506239 11.343977 11.261018 11.220602 11.201815 11.193470 11.189925 11.188482 11.187919 11.187708 11.187632 11.187606 11.187597 11.187594 11.187593 11.187593 11.187593 11.187592 11.187590 11.187583 11.187565 11.187512 11.187371 11.187004 11.186088 11.183889 11.178811 11.167545 11.143545 11.094480 10.998301 10.817705 10.493354 9.937532 9.032466 7.641884 5.649631 3.039044 0.000000 
50.000000 41.754291 33.989775 27.103541 21.348927 16.814854 13.443955 11.076939 9.505410 8.517720 7.929364 7.596746 7.418048 7.326689 7.282183 7.261496 7.252308 7.248405 7.246816 7.246196 7.245964 7.245880 7.245851 7.245842 7.245838 7.245837 7.245837 7.245837 7.245836 7.245834 7.245829 7.245813 7.245770 7.245654 7.245353 7.244607 7.242825 7.238738 7.229744 7.210774 7.172457 7.098438 6.961909 6.721977 6.321500 5.689552 4.753325 3.464493 1.839943 0.000000 
50.000000 41.220218 32.952831 25.620670 19.493486 14.665946 11.076939 8.556830 6.883705 5.832196 5.205845 4.851759 4.661535 4.564288 4.516916 4.494897 4.485119 4.480964 4.479274 4.478614 4.478367 4.478278 4.478247 4.478237 4.478234 4.478232 4.478232 4.478232 4.478231 4.478230 4.478226 4.478214 4.478181 4.478094 4.477869 4.477313 4.475994 4.472988 4.466427 4.452717 4.425337 4.373151 4.278415 4.115030 3.848241 3.437698 2.846114 2.054718 1.082661 0.000000 
50.000000 40.865588 32.264300 24.636064 18.261533 13.239182 9.505410 6.883705 5.143171 4.049325 3.397775 3.029456 2.831591 2.730442 2.681171 2.658270 2.648100 2.643780 2.642022 2.641336 2.641079 2.640987 2.640955 2.640944 2.640940 2.640939 2.640939 2.640939 2.640938 2.640937 2.640935 2.640926 2.640904 2.640843 2.640688 2.640306 2.639404 2.637362 2.632940 2.623781 2.605677 2.571585 2.510554 2.406972 2.240881 1.990371 1.636983 1.174016 0.615429 0.000000 
50.000000 40.642677 31.831513 24.017190 17.487212 12.342446 8.517720 5.832196 4.049325 2.928897 2.261528 1.884276 1.681618 1.578022 1.527560 1.504106 1.493692 1.489267 1.487467 1.486765 1.486502 1.486407 1.486374 1.486363 1.486359 1.486358 1.486358 1.486358 1.486358 1.486357 1.486355 1.486350 1.486335 1.486296 1.486196 1.485952 1.485378 1.484088 1.481313 1.475612 1.464448 1.443648 1.406858 1.345263 1.247966 1.103555 0.903160 0.644679 0.336755 0.000000 
50.000000 40.509871 31.573672 23.648495 17.025924 11.808251 7.929364 5.205845 3.397775 2.261528 1.584749 1.202184 0.996677 0.891626 0.840456 0.816674 0.806114 0.801628 0.799803 0.799091 0.798824 0.798728 0.798695 0.798684 0.798680 0.798679 0.798679 0.798678 0.798678 0.798678 0.798677 0.798673 0.798665 0.798641 0.798581 0.798435 0.798094 0.797331 0.795700 0.792374 0.785916 0.773994 0.753127 0.718590 0.664706 0.585758 0.477603 0.339733 0.177016 0.000000 
50.000000 40.434779 31.427885 23.440034 16.765120 11.506239 7.596746 4.851759 3.029456 1.884276 1.202184 0.816621 0.609506 0.503635 0.452066 0.428100 0.417458 0.412937 0.411098 0.410380 0.410111 0.410014 0.409981 0.409969 0.409966 0.409965 0.409964 0.409964 0.409964 0.409964 0.409963 0.409961 0.409956 0.409943 0.409909 0.409827 0.409637 0.409212 0.408311 0.406484 0.402963 0.396516 0.385333 0.367002 0.338694 0.297651 0.241994 0.171688 0.089291 0.000000 
50.000000 40.394429 31.349549 23.328026 16.624993 11.343977 7.418048 4.661535 2.831591 1.681618 0.996677 0.609506 0.401529 0.295218 0.243436 0.219371 0.208685 0.204146 0.202299 0.201578 0.201308 0.201211 0.201177 0.201166 0.201162 0.201161 0.201161 0.201161 0.201161 0.201161 0.201160 0.201159 0.201156 0.201149 0.201131 0.201088 0.200987 0.200765 0.200294 0.199346 0.197530 0.194229 0.188547 0.179310 0.165166 0.144834 0.117486 0.083186 0.043202 0.000000 
50.000000 40.373797 31.309494 23.270754 16.553347 11.261018 7.326689 4.564288 2.730442 1.578022 0.891626 0.503635 0.295218 0.188683 0.136793 0.112676 0.101968 0.097420 0.095569 0.094847 0.094576 0.094479 0.094445 0.094434 0.094430 0.094429 0.094429 0.094428 0.094428 0.094428 0.094428 0.094428 0.094426 0.094423 0.094414 0.094392 0.094342 0.094231 0.093998 0.093532 0.092644 0.091039 0.088295 0.083864 0.077129 0.067515 0.054668 0.038646 0.020049 0.000000 
50.000000 40.363744 31.289977 23.242850 16.518441 11.220602 7.282183 4.516916 2.681171 1.527560 0.840456 0.452066 0.243436 0.136793 0.084849 0.060708 0.049989 0.045436 0.043583 0.042860 0.042590 0.042492 0.042458 0.042447 0.042443 0.042442 0.042442 0.042442 0.042442 0.042442 0.042442 0.042441 0.042441 0.042439 0.042435 0.042424 0.042401 0.042348 0.042239 0.042021 0.041608 0.040865 0.039603 0.037576 0.034514 0.030168 0.024392 0.017222 0.008927 0.000000 
50.000000 40.359070 31.280904 23.229878 16.502214 11.201815 7.261496 4.494897 2.658270 1.504106 0.816674 0.428100 0.219371 0.112676 0.060708 0.036556 0.025832 0.021277 0.019423 0.018700 0.018429 0.018332 0.018298 0.018287 0.018283 0.018282 0.018281 0.018281 0.018281 0.018281 0.018281 0.018281 0.018281 0.018280 0.018278 0.018273 0.018263 0.018239 0.018190 0.018093 0.017910 0.017582 0.017028 0.016142 0.014811 0.012930 0.010442 0.007365 0.003815 0.000000 
50.000000 40.356994 31.276873 23.224116 16.495006 11.193470 7.252308 4.485119 2.648100 1.493692 0.806114 0.417458 0.208685 0.101968 0.049989 0.025832 0.015106 0.010550 0.008696 0.007972 0.007701 0.007604 0.007570 0.007559 0.007555 0.007554 0.007554 0.007553 0.007553 0.007553 0.007553 0.007553 0.007553 0.007553 0.007552 0.007550 0.007545 0.007535 0.007515 0.007473 0.007396 0.007257 0.007025 0.006654 0.006100 0.005320 0.004292 0.003025 0.001566 0.000000 
50.000000 40.356111 31.275161 23.221668 16.491944 11.189925 7.248405 4.480964 2.643780 1.489267 0.801628 0.412937 0.204146 0.097420 0.045436 0.021277 0.010550 0.005993 0.004139 0.003416 0.003144 0.003047 0.003013 0.003002 0.002998 0.002997 0.002997 0.002997 0.002997 0.002997 0.002997 0.002997 0.002996 0.002996 0.002996 0.002995 0.002993 0.002989 0.002981 0.002964 0.002932 0.002877 0.002783 0.002635 0.002413 0.002103 0.001695 0.001194 0.000618 0.000000 
50.000000 40.355752 31.274464 23.220671 16.490698 11.188482 7.246816 4.479274 2.642022 1.487467 0.799803 0.411098 0.202299 0.095569 0.043583 0.019423 0.008696 0.004139 0.002285 0.001561 0.001290 0.001193 0.001159 0.001148 0.001144 0.001143 0.001143 0.001143 0.001142 0.001142 0.001142 0.001142 0.001142 0.001142 0.001142 0.001142 0.001141 0.001140 0.001136 0.001130 0.001118 0.001096 0.001060 0.001003 0.000918 0.000799 0.000644 0.000453 0.000234 0.000000 
50.000000 40.355612 31.274191 23.220282 16.490211 11.187919 7.246196 4.478614 2.641336 1.486765 0.799091 0.410380 0.201578 0.094847 0.042860 0.018700 0.007972 0.003416 0.001561 0.000838 0.000567 0.000469 0.000436 0.000424 0.000421 0.000419 0.000419 0.000419 0.000419 0.000419 0.000419 0.000419 0.000419 0.000419 0.000419 0.000419 0.000419 0.000418 0.000417 0.000414 0.000410 0.000402 0.000388 0.000367 0.000336 0.000292 0.000235 0.000166 0.000086 0.000000 
50.000000 40.355560 31.274090 23.220136 16.490029 11.187708 7.245964 4.478367 2.641079 1.486502 0.798824 0.410111 0.201308 0.094576 0.042590 0.018429 0.007701 0.003145 0.001290 0.000567 0.000296 0.000198 0.000165 0.000153 0.000150 0.000148 0.000148 0.000148 0.000148 0.000148 0.000148 0.000148 0.000148 0.000148 0.000148 0.000148 0.000148 0.000148 0.000147 0.000146 0.000145 0.000142 0.000137 0.000130 0.000118 0.000103 0.000083 0.000058 0.000030 0.000000 
50.000000 40.355541 31.274053 23.220084 16.489963 11.187632 7.245880 4.478278 2.640987 1.486407 0.798728 0.410014 0.201211 0.094479 0.042492 0.018332 0.007604 0.003047 0.001193 0.000469 0.000198 0.000101 0.000067 0.000056 0.000052 0.000051 0.000051 0.000050 0.000050 0.000050 0.000050 0.000050 0.000050 0.000050 0.000050 0.000050 0.000050 0.000050 0.000050 0.000050 0.000049 0.000048 0.000047 0.000044 0.000040 0.000035 0.000028 0.000020 0.000010 0.000000 
50.000000 40.355534 31.274040 23.220066 16.489940 11.187606 7.245851 4.478247 2.640955 1.486374 0.798695 0.409981 0.201177 0.094445 0.042458 0.018298 0.007570 0.003013 0.001159 0.000436 0.000165 0.000067 0.000033 0.000022 0.000018 0.000017 0.000017 0.000017 0.000017 0.000017 0.000017 0.000017 0.000017 0.000017 0.000017 0.000017 0.000017 0.000017 0.000016 0.000016 0.000016 0.000016 0.000015 0.000014 0.000013 0.000011 0.000009 0.000006 0.000003 0.000000 
50.000000 40.355532 31.274036 23.220059 16.489933 11.187597 7.245842 4.478237 2.640944 1.486363 0.798684 0.409970 0.201166 0.094434 0.042447 0.018287 0.007559 0.003002 0.001148 0.000424 0.000153 0.000056 0.000022 0.000011 0.000007 0.000006 0.000006 0.000005 0.000005 0.000005 0.000005 0.000005 0.000005 0.000005 0.000005 0.000005 0.000005 0.000005 0.000005 0.000005 0.000005 0.000005 0.000005 0.000005 0.000004 0.000004 0.000003 0.000002 0.000001 0.000000 
50.000000 40.355531 31.274035 23.220058 16.489931 11.187595 7.245839 4.478234 2.640941 1.486360 0.798680 0.409966 0.201163 0.094430 0.042444 0.018283 0.007556 0.002999 0.001145 0.000421 0.000150 0.000052 0.000019 0.000007 0.000004 0.000003 0.000002 0.000002 0.000002 0.000002 0.000002 0.000002 0.000002 0.000002 0.000002 0.000002 0.000002 0.000002 0.000002 0.000002 0.000002 0.000002 0.000002 0.000002 0.000002 0.000001 0.000001 0.000001 0.000000 0.000000 
50.000000 40.355531 31.274035 23.220058 16.489931 11.187595 7.245839 4.478234 2.640941 1.486360 0.798680 0.409966 0.201163 0.094430 0.042444 0.018283 0.007556 0.002999 0.001145 0.000421 0.000150 0.000052 0.000019 0.000007 0.000004 0.000003 0.000002 0.000002 0.000002 0.000002 0.000002 0.000002 0.000002 0.000002 0.000002 0.000002 0.000002 0.000002 0.000002 0.000002 0.000002 0.000002 0.000002 0.000002 0.000002 0.000001 0.000001 0.000001 0.000000 0.000000 
50.000000 40.355532 31.274036 23.220059 16.489933 11.187597 7.245842 4.478237 2.640944 1.486363 0.798684 0.409970 0.201166 0.094434 0.042447 0.018287 0.007559 0.003002 0.001148 0.000424 0.000153 0.000056 0.000022 0.000011 0.000007 0.000006 0.000006 0.000005 0.000005 0.000005 0.000005 0.000005 0.000005 0.000005 0.000005 0.000005 0.000005 0.000005 0.000005 0.000005 0.000005 0.000005 0.000005 0.000005 0.000004 0.000004 0.000003 0.000002 0.000001 0.000000 
50.000000 40.355534 31.274040 23.220066 16.489940 11.187606 7.245851 4.478247 2.640955 1.486374 0.798695 0.409981 0.201177 0.094445 0.042458 0.018298 0.007570 0.003013 0.001159 0.000436 0.000165 0.000067 0.000033 0.000022 0.000018 0.000017 0.000017 0.000017 0.000017 0.000017 0.000017 0.000017 0.000017 0.000017 0.000017 0.000017 0.000017 0.000017 0.000016 0.000016 0.000016 0.000016 0.000015 0.000014 0.000013 0.000011 0.000009 0.000006 0.000003 0.000000 
50.000000 40.355541 31.274053 23.220084 16.489963 11.187632 7.245880 4.478278 2.640987 1.486407 0.798728 0.410014 0.201211 0.094479 0.042492 0.018332 0.007604 0.003047 0.001193 0.000469 0.000198 0.000101 0.000067 0.000056 0.000052 0.000051 0.000051 0.000050 0.000050 0.000050 0.000050 0.000050 0.000050 0.000050 0.000050 0.000050 0.000050 0.000050 0.000050 0.000050 0.000049 0.000048 0.000047 0.000044 0.000040 0.000035 0.000028 0.000020 0.000010 0.000000 
50.000000 40.355560 31.274090 23.220136 16.490029 11.187708 7.245964 4.478367 2.641079 1.486502 0.798824 0.410111 0.201308 0.094576 0.042590 0.018429 0.007701 0.003145 0.001290 0.000567 0.000296 0.000198 0.000165 0.000153 0.000150 0.000148 0.000148 0.000148 0.000148 0.000148 0.000148 0.000148 0.000148 0.000148 0.000148 0.000148 0.000148 0.000148 0.000147 0.000146 0.000145 0.000142 0.000137 0.000130 0.000118 0.000103 0.000083 0.000058 0.000030 0.000000 
50.000000 40.355612 31.274191 23.220282 16.490211 11.187919 7.246196 4.478614 2.641336 1.486765 0.799091 0.410380 0.201578 0.094847 0.042860 0.018700 0.007972 0.003416 0.001561 0.000838 0.000567 0.000469 0.000436 0.000424 0.000421 0.000419 0.000419 0.000419 0.000419 0.000419 0.000419 0.000419 0.000419 0.000419 0.000419 0.000419 0.000419 0.000418 0.000417 0.000414 0.000410 0.000402 0.000388 0.000367 0.000336 0.000292 0.000235 0.000166 0.000086 0.000000 
50.000000 40.355752 31.274464 23.220671 16.490698 11.188482 7.246816 4.479274 2.642022 1.487467 0.799803 0.411098 0.202299 0.095569 0.043583 0.019423 0.008696 0.004139 0.002285 0.001561 0.001290 0.001193 0.001159 0.001148 0.001144 0.001143 0.001143 0.001143 0.001142 0.001142 0.001142 0.001142 0.001142 0.001142 0.001142 0.001142 0.001141 0.001140 0.001136 0.001130 0.001118 0.001096 0.001060 0.001003 0.000918 0.000799 0.000644 0.000453 0.000234 0.000000 
50.000000 40.356111 31.275161 23.221668 16.491944 11.189925 7.248405 4.480964 2.643780 1.489267 0.801628 0.412937 0.204146 0.097420 0.045436 0.021277 0.010550 0.005993 0.004139 0.003416 0.003144 0.003047 0.003013 0.003002 0.002998 0.002997 0.002997 0.002997 0.002997 0.002997 0.002997 0.002997 0.002996 0.002996 0.002996 0.002995 0.002993 0.002989 0.002981 0.002964 0.002932 0.002877 0.002783 0.002635 0.002413 0.002103 0.001695 0.001194 0.000618 0.000000 
50.000000 40.356994 31.276873 23.224116 16.495006 11.193470 7.252308 4.485119 2.648100 1.493692 0.806114 0.417458 0.208685 0.101968 0.049989 0.025832 0.015106 0.010550 0.008696 0.007972 0.007701 0.007604 0.007570 0.007559 0.007555 0.007554 0.007554 0.007553 0.007553 0.007553 0.007553 0.007553 0.007553 0.007553 0.007552 0.007550 0.007545 0.007535 0.007515 0.007473 0.007396 0.007257 0.007025 0.006654 0.006100 0.005320 0.004292 0.003025 0.001566 0.000000 
50.000000 40.359070 31.280904 23.229878 16.502214 11.201815 7.261496 4.494897 2.658270 1.504106 0.816674 0.428100 0.219371 0.112676 0.060708 0.036556 0.025832 0.021277 0.019423 0.018700 0.018429 0.018332 0.018298 0.018287 0.018283 0.018282 0.018281 0.018281 0.018281 0.018281 0.018281 0.018281 0.018281 0.018280 0.018278 0.018273 0.018263 0.018239 0.018190 0.018093 0.017910 0.017582 0.017028 0.016142 0.014811 0.012930 0.010442 0.007365 0.003815 0.000000 
50.000000 40.363744 31.289977 23.242850 16.518441 11.220602 7.282183 4.516916 2.681171 1.527560 0.840456 0.452066 0.243436 0.136793 0.084849 0.060708 0.049989 0.045436 0.043583 0.042860 0.042590 0.042492 0.042458 0.042447 0.042443 0.042442 0.042442 0.042442 0.042442 0.042442 0.042442 0.042441 0.042441 0.042439 0.042435 0.042424 0.042401 0.042348 0.042239 0.042021 0.041608 0.040865 0.039603 0.037576 0.034514 0.030168 0.024392 0.017222 0.008927 0.000000 
50.000000 40.373797 31.309494 23.270754 16.553347 11.261018 7.326689 4.564288 2.730442 1.578022 0.891626 0.503635 0.295218 0.188683 0.136793 0.112676 0.101968 0.097420 0.095569 0.094847 0.094576 0.094479 0.094445 0.094434 0.094430 0.094429 0.094429 0.094428 0.094428 0.094428 0.094428 0.094428 0.094426 0.094423 0.094414 0.094392 0.094342 0.094231 0.093998 0.093532 0.092644 0.091039 0.088295 0.083864 0.077129 0.067515 0.054668 0.038646 0.020049 0.000000 
50.000000 40.394429 31.349549 23.328026 16.624993 11.343977 7.418048 4.661535 2.831591 1.681618 0.996677 0.609506 0.401529 0.295218 0.243436 0.219371 0.208685 0.204146 0.202299 0.201578 0.201308 0.201211 0.201177 0.201166 0.201162 0.201161 0.201161 0.201161 0.201161 0.201161 0.201160 0.201159 0.201156 0.201149 0.201131 0.201088 0.200987 0.200765 0.200294 0.199346 0.197530 0.194229 0.188547 0.179310 0.165166 0.144834 0.117486 0.083186 0.043202 0.000000 
50.000000 40.434779 31.427885 23.440034 16.765120 11.506239 7.596746 4.851759 3.029456 1.884276 1.202184 0.816621 0.609506 0.503635 0.452066 0.428100 0.417458 0.412937 0.411098 0.410380 0.410111 0.410014 0.409981 0.409969 0.409966 0.409965 0.409964 0.409964 0.409964 0.409964 0.409963 0.409961 0.409956 0.409943 0.409909 0.409827 0.409637 0.409212 0.408311 0.406484 0.402963 0.396516 0.385333 0.367002 0.338694 0.297651 0.241994 0.171688 0.089291 0.000000 
50.000000 40.509871 31.573672 23.648495 17.025924 11.808251 7.929364 5.205845 3.397775 2.261528 1.584749 1.202184 0.996677 0.891626 0.840456 0.816674 0.806114 0.801628 0.799803 0.799091 0.798824 0.798728 0.798695 0.798684 0.798680 0.798679 0.798679 0.798678 0.798678 0.798678 0.798677 0.798673 0.798665 0.798641 0.798581 0.798435 0.798094 0.797331 0.795700 0.792374 0.785916 0.773994 0.753127 0.718590 0.664706 0.585758 0.477603 0.339733 0.177016 0.000000 
50.000000 40.642677 31.831513 24.017190 17.487212 12.342446 8.517720 5.832196 4.049325 2.928897 2.261528 1.884276 1.681618 1.578022 1.527560 1.504106 1.493692 1.489267 1.487467 1.486765 1.486502 1.486407 1.486374 1.486363 1.486359 1.486358 1.486358 1.486358 1.486358 1.486357 1.486355 1.486350 1.486335 1.486296 1.486196 1.485952 1.485378 1.484088 1.481313 1.475612 1.464448 1.443648 1.406858 1.345263 1.247966 1.103555 0.903160 0.644679 0.336755 0.000000 
50.000000 40.865588 32.264300 24.636064 18.261533 13.239182 9.505410 6.883705 5.143171 4.049325 3.397775 3.029456 2.831591 2.730442 2.681171 2.658270 2.648100 2.643780 2.642022 2.641336 2.641079 2.640987 2.640955 2.640944 2.640940 2.640939 2.640939 2.640939 2.640938 2.640937 2.640935 2.640926 2.640904 2.640843 2.640688 2.640306 2.639404 2.637362 2.632940 2.623781 2.605677 2.571585 2.510554 2.406972 2.240881 1.990371 1.636983 1.174016 0.615429 0.000000 
50.000000 41.220218 32.952831 25.620670 19.493486 14.665946 11.076939 8.556830 6.883705 5.832196 5.205845 4.851759 4.661535 4.564288 4.516916 4.494897 4.485119 4.480964 4.479274 4.478614 4.478367 4.478278 4.478247 4.478237 4.478234 4.478232 4.478232 4.478232 4.478231 4.478230 4.478226 4.478214 4.478181 4.478094 4.477869 4.477313 4.475994 4.472988 4.466427 4.452717 4.425337 4.373151 4.278415 4.115030 3.848241 3.437698 2.846114 2.054718 1.082661 0.000000 
50.000000 41.754291 33.989775 27.103541 21.348927 16.814854 13.443955 11.076939 9.505410 8.517720 7.929364 7.596746 7.418048 7.326689 7.282183 7.261496 7.252308 7.248405 7.246816 7.246196 7.245964 7.245880 7.245851 7.245842 7.245838 7.245837 7.245837 7.245837 7.245836 7.245834 7.245829 7.245813 7.245770 7.245654 7.245353 7.244607 7.242825 7.238738 7.229744 7.210774 7.172457 7.098438 6.961909 6.721977 6.321500 5.689552 4.753325 3.464493 1.839943 0.000000 
50.000000 42.514791 35.466362 29.215157 23.991147 19.875063 16.814854 14.665946 13.239182 12.342446 11.808251 11.506239 11.343977 11.261018 11.220602 11.201815 11.193470 11.189925 11.188482 11.187919 11.187708 11.187632 11.187606 11.187597 11.187594 11.187593 11.187593 11.187593 11.187592 11.187590 11.187583 11.187565 11.187512 11.187371 11.187004 11.186088 11.183889 11.178811 11.167545 11.143545 11.094480 10.998301 10.817705 10.493354 9.937532 9.032466 7.641884 5.649631 3.039044 0.000000 
50.000000 43.537619 37.452306 32.055233 27.544942 23.991147 21.348927 19.493486 18.261533 17.487212 17.025924 16.765120 16.624993 16.553347 16.518441 16.502214 16.495006 16.491944 16.490698 16.490211 16.490029 16.489963 16.489940 16.489933 16.489930 16.489929 16.489929 16.489929 16.489928 16.489926 16.489919 16.489898 16.489841 16.489686 16.489283 16.488273 16.485832 16.480159 16.467470 16.440166 16.383656 16.271162 16.055788 15.659374 14.958681 13.772471 11.860574 8.962458 4.928930 0.000000 
50.000000 44.835691 39.972689 35.659650 32.055233 29.215157 27.103541 25.620670 24.636064 24.017190 23.648495 23.440034 23.328026 23.270754 23.242850 23.229878 23.224116 23.221668 23.220671 23.220282 23.220136 23.220084 23.220065 23.220059 23.220057 23.220057 23.220057 23.220056 23.220056 23.220053 23.220047 23.220027 23.219972 23.219824 23.219436 23.218458 23.216086 23.210540 23.198040 23.170892 23.114030 22.999082 22.774555 22.350216 21.573273 20.194659 17.829825 13.945136 7.989461 0.000000 
50.000000 46.388936 42.988546 39.972689 37.452306 35.466362 33.989775 32.952831 32.264300 31.831513 31.573672 31.427885 31.349549 31.309494 31.289977 31.280904 31.276873 31.275161 31.274464 31.274191 31.274090 31.274053 31.274040 31.274036 31.274034 31.274034 31.274034 31.274034 31.274033 31.274031 31.274026 31.274010 31.273967 31.273848 31.273538 31.272755 31.270847 31.266364 31.256197 31.233939 31.186833 31.090283 30.898113 30.525282 29.816732 28.489849 26.027553 21.494273 13.338951 0.000000 
50.000000 48.140219 46.388936 44.835691 43.537619 42.514791 41.754291 41.220218 40.865588 40.642677 40.509871 40.434779 40.394429 40.373797 40.363744 40.359070 40.356994 40.356111 40.355752 40.355612 40.355560 40.355541 40.355534 40.355532 40.355531 40.355531 40.355531 40.355531 40.355530 40.355529 40.355526 40.355518 40.355494 40.355428 40.355255 40.354817 40.353748 40.351227 40.345488 40.332855 40.305922 40.250160 40.137556 39.914348 39.475747 38.608690 36.846230 33.049985 24.070110 0.000000 
50.000000 50.000000 50.000000 50.000000 50.000000 50.000000 50.000000 50.000000 50.000000 50.000000 50.000000 50.000000 50.000000 50.000000 50.000000 50.000000 50.000000 50.000000 50.000000 50.000000 50.000000 50.000000 50.000000 50.000000 50.000000 50.000000 50.000000 50.000000 50.000000 50.000000 50.000000 50.000000 50.000000 50.000000 50.000000 50.000000 50.000000 50.000000 50.000000 50.000000 50.000000 50.000000 50.000000 50.000000 50.000000 50.000000 50.000000 50.000000 50.000000 50.000000 
