50.000000 50.000000 50.000000 50.000000 50.000000 50.000000 50.000000 50.000000 50.000000 50.000000 50.000000 50.000000 50.000000 50.000000 50.000000 50.000000 50.000000 50.000000 50.000000 50.000000 50.000000 50.000000 50.000000 50.000000 50.000000 50.000000 50.000000 50.000000 50.000000 50.000000 50.000000 50.000000 50.000000 50.000000 50.000000 50.000000 50.000000 50.000000 50.000000 50.000000 50.000000 50.000000 50.000000 50.000000 50.000000 50.000000 50.000000 50.000000 50.000000 50.000000 
50.000000 42.949504 37.442873 34.026902 32.303874 31.580505 31.322456 31.242850 31.221299 31.216116 31.214997 31.214778 31.214739 31.214733 31.214732 31.214732 31.214732 31.214732 31.214732 31.214732 31.214732 31.214732 31.214732 31.214732 31.214732 31.214732 31.214732 31.214732 31.214732 31.214732 31.214732 31.214732 31.214732 31.214732 31.214732 31.214732 31.214732 31.214731 31.214729 31.214714 31.214625 31.214144 31.211732 31.200652 31.154046 30.974443 30.336643 28.219694 21.474752 0.000000 
50.000000 37.442873 27.636736 21.555096 18.488485 17.201534 16.742630 16.601127 16.562837 16.553632 16.551646 16.551258 16.551188 16.551177 16.551175 16.551175 16.551175 16.551175 16.551175 16.551175 16.551175 16.551175 16.551175 16.551175 16.551175 16.551175 16.551175 16.551175 16.551175 16.551175 16.551175 16.551175 16.551175 16.551175 16.551175 16.551175 16.551175 16.551175 16.551172 16.551153 16.551044 16.550457 16.547560 16.534547 16.481614 16.287819 15.653729 13.818368 9.223180 0.000000 
50.000000 34.026902 21.555096 13.822409 9.924717 8.289701 7.706963 7.527368 7.478798 7.467128 7.464611 7.464120 7.464032 7.464018 7.464016 7.464015 7.464015 7.464015 7.464015 7.464015 7.464015 7.464015 7.464015 7.464015 7.464015 7.464015 7.464015 7.464015 7.464015 7.464015 7.464015 7.464015 7.464015 7.464015 7.464015 7.464015 7.464015 7.464015 7.464013 7.463999 7.463921 7.463502 7.461468 7.452522 7.417183 7.293112 6.911205 5.901367 3.690258 0.000000 
50.000000 32.303874 18.488485 9.924717 5.609417 3.799862 3.155170 2.956563 2.902875 2.889981 2.887202 2.886659 2.886562 2.886547 2.886544 2.886544 2.886544 2.886544 2.886544 2.886544 2.886544 2.886544 2.886544 2.886544 2.886544 2.886544 2.886544 2.886544 2.886544 2.886544 2.886544 2.886544 2.886544 2.886544 2.886544 2.886544 2.886544 2.886544 2.886542 2.886535 2.886494 2.886278 2.885242 2.880762 2.863478 2.804709 2.631605 2.200666 1.329431 0.000000 
50.000000 31.580505 17.201534 8.289701 3.799862 1.917535 1.247079 1.040589 0.984785 0.971387 0.968499 0.967936 0.967836 0.967819 0.967817 0.967817 0.967816 0.967816 0.967816 0.967816 0.967816 0.967816 0.967816 0.967816 0.967816 0.967816 0.967816 0.967816 0.967816 0.967816 0.967816 0.967816 0.967816 0.967816 0.967816 0.967816 0.967816 0.967816 0.967816 0.967813 0.967796 0.967708 0.967291 0.965511 0.958767 0.936385 0.872518 0.719919 0.426459 0.000000 
50.000000 31.322456 16.742630 7.706963 3.155170 1.247079 0.567528 0.358265 0.301719 0.288145 0.285220 0.284649 0.284547 0.284531 0.284528 0.284528 0.284528 0.284528 0.284528 0.284528 0.284528 0.284528 0.284528 0.284528 0.284528 0.284528 0.284528 0.284528 0.284528 0.284528 0.284528 0.284528 0.284528 0.284528 0.284528 0.284528 0.284528 0.284528 0.284528 0.284527 0.284521 0.284491 0.284352 0.283764 0.281568 0.274407 0.254441 0.208083 0.121804 0.000000 
50.000000 31.242850 16.601127 7.527368 2.956563 1.040589 0.358265 0.148159 0.091388 0.077761 0.074824 0.074251 0.074149 0.074133 0.074130 0.074130 0.074130 0.074130 0.074130 0.074130 0.074130 0.074130 0.074130 0.074130 0.074130 0.074130 0.074130 0.074130 0.074130 0.074130 0.074130 0.074130 0.074130 0.074130 0.074130 0.074130 0.074130 0.074130 0.074130 0.074130 0.074128 0.074119 0.074080 0.073913 0.073299 0.071321 0.065900 0.053567 0.031118 0.000000 
50.000000 31.221299 16.562837 7.478798 2.902875 0.984785 0.301719 0.091388 0.034557 0.020915 0.017976 0.017403 0.017301 0.017284 0.017281 0.017281 0.017281 0.017281 0.017281 0.017281 0.017281 0.017281 0.017281 0.017281 0.017281 0.017281 0.017281 0.017281 0.017281 0.017281 0.017281 0.017281 0.017281 0.017281 0.017281 0.017281 0.017281 0.017281 0.017281 0.017281 0.017281 0.017278 0.017269 0.017227 0.017077 0.016596 0.015296 0.012380 0.007155 0.000000 
50.000000 31.216116 16.553632 7.467128 2.889981 0.971387 0.288145 0.077761 0.020915 0.007271 0.004331 0.003757 0.003655 0.003638 0.003636 0.003635 0.003635 0.003635 0.003635 0.003635 0.003635 0.003635 0.003635 0.003635 0.003635 0.003635 0.003635 0.003635 0.003635 0.003635 0.003635 0.003635 0.003635 0.003635 0.003635 0.003635 0.003635 0.003635 0.003635 0.003635 0.003635 0.003635 0.003633 0.003624 0.003591 0.003487 0.003207 0.002588 0.001491 0.000000 
50.000000 31.214997 16.551646 7.464611 2.887202 0.968499 0.285220 0.074824 0.017976 0.004331 0.001391 0.000817 0.000715 0.000698 0.000696 0.000695 0.000695 0.000695 0.000695 0.000695 0.000695 0.000695 0.000695 0.000695 0.000695 0.000695 0.000695 0.000695 0.000695 0.000695 0.000695 0.000695 0.000695 0.000695 0.000695 0.000695 0.000695 0.000695 0.000695 0.000695 0.000695 0.000695 0.000695 0.000693 0.000687 0.000666 0.000612 0.000493 0.000283 0.000000 
50.000000 31.214778 16.551258 7.464120 2.886659 0.967936 0.284649 0.074251 0.017403 0.003757 0.000817 0.000243 0.000141 0.000125 0.000122 0.000122 0.000122 0.000122 0.000122 0.000122 0.000122 0.000122 0.000122 0.000122 0.000122 0.000122 0.000122 0.000122 0.000122 0.000122 0.000122 0.000122 0.000122 0.000122 0.000122 0.000122 0.000122 0.000122 0.000122 0.000122 0.000122 0.000122 0.000122 0.000121 0.000120 0.000117 0.000107 0.000086 0.000049 0.000000 
50.000000 31.214739 16.551188 7.464032 2.886562 0.967836 0.284547 0.074149 0.017301 0.003655 0.000715 0.000141 0.000039 0.000023 0.000020 0.000020 0.000020 0.000020 0.000020 0.000020 0.000020 0.000020 0.000020 0.000020 0.000020 0.000020 0.000020 0.000020 0.000020 0.000020 0.000020 0.000020 0.000020 0.000020 0.000020 0.000020 0.000020 0.000020 0.000020 0.000020 0.000020 0.000020 0.000020 0.000020 0.000019 0.000019 0.000017 0.000014 0.000008 0.000000 
50.000000 31.214733 16.551177 7.464018 2.886547 0.967819 0.284531 0.074133 0.017284 0.003638 0.000698 0.000125 0.000023 0.000006 0.000003 0.000003 0.000003 0.000003 0.000003 0.000003 0.000003 0.000003 0.000003 0.000003 0.000003 0.000003 0.000003 0.000003 0.000003 0.000003 0.000003 0.000003 0.000003 0.000003 0.000003 0.000003 0.000003 0.000003 0.000003 0.000003 0.000003 0.000003 0.000003 0.000003 0.000003 0.000003 0.000003 0.000002 0.000001 0.000000 
50.000000 31.214732 16.551175 7.464016 2.886544 0.967817 0.284528 0.074130 0.017281 0.003636 0.000696 0.000122 0.000020 0.000003 0.000001 0.000000 0.000000 0.000000 0.000000 0.000000 0.000000 0.000000 0.000000 0.000000 0.000000 0.000000 0.000000 0.000000 0.000000 0.000000 0.000000 0.000000 0.000000 0.000000 0.000000 0.000000 0.000000 0.000000 0.000000 0.000000 0.000000 0.000000 0.000000 0.000000 0.000000 0.000000 0.000000 0.000000 0.000000 0.000000 
50.000000 31.214732 16.551175 7.464015 2.886544 0.967817 0.284528 0.074130 0.017281 0.003635 0.000695 0.000122 0.000020 0.000003 0.000000 0.000000 0.000000 0.000000 0.000000 0.000000 0.000000 0.000000 0.000000 0.000000 0.000000 0.000000 0.000000 0.000000 0.000000 0.000000 0.000000 0.000000 0.000000 0.000000 0.000000 0.000000 0.000000 0.000000 0.000000 0.000000 0.000000 0.000000 0.000000 0.000000 0.000000 0.000000 0.000000 0.000000 0.000000 0.000000 
50.000000 31.214732 16.551175 7.464015 2.886544 0.967816 0.284528 0.074130 0.017281 0.003635 0.000695 0.000122 0.000020 0.000003 0.000000 0.000000 0.000000 0.000000 0.000000 0.000000 0.000000 0.000000 0.000000 0.000000 0.000000 0.000000 0.000000 0.000000 0.000000 0.000000 0.000000 0.000000 0.000000 0.000000 0.000000 0.000000 0.000000 0.000000 0.000000 0.000000 0.000000 0.000000 0.000000 0.000000 0.000000 0.000000 0.000000 0.000000 0.000000 0.000000 
50.000000 31.214732 16.551175 7.464015 2.886544 0.967816 0.284528 0.074130 0.017281 0.003635 0.000695 0.000122 0.000020 0.000003 0.000000 0.000000 0.000000 0.000000 0.000000 0.000000 0.000000 0.000000 0.000000 0.000000 0.000000 0.000000 0.000000 0.000000 0.000000 0.000000 0.000000 0.000000 0.000000 0.000000 0.000000 0.000000 0.000000 0.000000 0.000000 0.000000 0.000000 0.000000 0.000000 0.000000 0.000000 0.000000 0.000000 0.000000 0.000000 0.000000 
50.000000 31.214732 16.551175 7.464015 2.886544 0.967816 0.284528 0.074130 0.017281 0.003635 0.000695 0.000122 0.000020 0.000003 0.000000 0.000000 0.000000 0.000000 0.000000 0.000000 0.000000 0.000000 0.000000 0.000000 0.000000 0.000000 0.000000 0.000000 0.000000 0.000000 0.000000 0.000000 0.000000 0.000000 0.000000 0.000000 0.000000 0.000000 0.000000 0.000000 0.000000 0.000000 0.000000 0.000000 0.000000 0.000000 0.000000 0.000000 0.000000 0.000000 
50.000000 31.214732 16.551175 7.464015 2.886544 0.967816 0.284528 0.074130 0.017281 0.003635 0.000695 0.000122 0.000020 0.000003 0.000000 0.000000 0.000000 0.000000 0.000000 0.000000 0.000000 0.000000 0.000000 0.000000 0.000000 0.000000 0.000000 0.000000 0.000000 0.000000 0.000000 0.000000 0.000000 0.000000 0.000000 0.000000 0.000000 0.000000 0.000000 0.000000 0.000000 0.000000 0.000000 0.000000 0.000000 0.000000 0.000000 0.000000 0.000000 0.000000 
50.000000 31.214732 16.551175 7.464015 2.886544 0.967816 0.284528 0.074130 0.017281 0.003635 0.000695 0.000122 0.000020 0.000003 0.000000 0.000000 0.000000 0.000000 0.000000 0.000000 0.000000 0.000000 0.000000 0.000000 0.000000 0.000000 0.000000 0.000000 0.000000 0.000000 0.000000 0.000000 0.000000 0.000000 0.000000 0.000000 0.000000 0.000000 0.000000 0.000000 0.000000 0.000000 0.000000 0.000000 0.000000 0.000000 0.000000 0.000000 0.000000 0.000000 
50.000000 31.214732 16.551175 7.464015 2.886544 0.967816 0.284528 0.074130 0.017281 0.003635 0.000695 0.000122 0.000020 0.000003 0.000000 0.000000 0.000000 0.000000 0.000000 0.000000 0.000000 0.000000 0.000000 0.000000 0.000000 0.000000 0.000000 0.000000 0.000000 0.000000 0.000000 0.000000 0.000000 0.000000 0.000000 0.000000 0.000000 0.000000 0.000000 0.000000 0.000000 0.000000 0.000000 0.000000 0.000000 0.000000 0.000000 0.000000 0.000000 0.000000 
50.000000 31.214732 16.551175 7.464015 2.886544 0.967816 0.284528 0.074130 0.017281 0.003635 0.000695 0.000122 0.000020 0.000003 0.000000 0.000000 0.000000 0.000000 0.000000 0.000000 0.000000 0.000000 0.000000 0.000000 0.000000 0.000000 0.000000 0.000000 0.000000 0.000000 0.000000 0.000000 0.000000 0.000000 0.000000 0.000000 0.000000 0.000000 0.000000 0.000000 0.000000 0.000000 0.000000 0.000000 0.000000 0.000000 0.000000 0.000000 0.000000 0.000000 
50.000000 31.214732 16.551175 7.464015 2.886544 0.967816 0.284528 0.074130 0.017281 0.003635 0.000695 0.000122 0.000020 0.000003 0.000000 0.000000 0.000000 0.000000 0.000000 0.000000 0.000000 0.000000 0.000000 0.000000 0.000000 0.000000 0.000000 0.000000 0.000000 0.000000 0.000000 0.000000 0.000000 0.000000 0.000000 0.000000 0.000000 0.000000 0.000000 0.000000 0.000000 0.000000 0.000000 0.000000 0.000000 0.000000 0.000000 0.000000 0.000000 0.000000 
50.000000 31.214732 16.551175 7.464015 2.886544 0.967816 0.284528 0.074130 0.017281 0.003635 0.000695 0.000122 0.000020 0.000003 0.000000 0.000000 0.000000 0.000000 0.000000 0.000000 0.000000 0.000000 0.000000 0.000000 0.000000 0.000000 0.000000 0.000000 0.000000 0.000000 0.000000 0.000000 0.000000 0.000000 0.000000 0.000000 0.000000 0.000000 0.000000 0.000000 0.000000 0.000000 0.000000 0.000000 0.000000 0.000000 0.000000 0.000000 0.000000 0.000000 
50.000000 31.214732 16.551175 7.464015 2.886544 0.967816 0.284528 0.074130 0.017281 0.003635 0.000695 0.000122 0.000020 0.000003 0.000000 0.000000 0.000000 0.000000 0.000000 0.000000 0.000000 0.000000 0.000000 0.000000 0.000000 0.000000 0.000000 0.000000 0.000000 0.000000 0.000000 0.000000 0.000000 0.000000 0.000000 0.000000 0.000000 0.000000 0.000000 0.000000 0.000000 0.000000 0.000000 0.000000 0.000000 0.000000 0.000000 0.000000 0.000000 0.000000 
50.000000 31.214732 16.551175 7.464015 2.886544 0.967816 0.284528 0.074130 0.017281 0.003635 0.000695 0.000122 0.000020 0.000003 0.000000 0.000000 0.000000 0.000000 0.000000 0.000000 0.000000 0.000000 0.000000 0.000000 0.000000 0.000000 0.000000 0.000000 0.000000 0.000000 0.000000 0.000000 0.000000 0.000000 0.000000 0.000000 0.000000 0.000000 0.000000 0.000000 0.000000 0.000000 0.000000 0.000000 0.000000 0.000000 0.000000 0.000000 0.000000 0.000000 
50.000000 31.214732 16.551175 7.464015 2.886544 0.967816 0.284528 0.074130 0.017281 0.003635 0.000695 0.000122 0.000020 0.000003 0.000000 0.000000 0.000000 0.000000 0.000000 0.000000 0.000000 0.000000 0.000000 0.000000 0.000000 0.000000 0.000000 0.000000 0.000000 0.000000 0.000000 0.000000 0.000000 0.000000 0.000000 0.000000 0.000000 0.000000 0.000000 0.000000 0.000000 0.000000 0.000000 0.000000 0.000000 0.000000 0.000000 0.000000 0.000000 0.000000 
50.000000 31.214732 16.551175 7.464015 2.886544 0.967816 0.284528 0.074130 0.017281 0.003635 0.000695 0.000122 0.000020 0.000003 0.000000 0.000000 0.000000 0.000000 0.000000 0.000000 0.000000 0.000000 0.000000 0.000000 0.000000 0.000000 0.000000 0.000000 0.000000 0.000000 0.000000 0.000000 0.000000 0.000000 0.000000 0.000000 0.000000 0.000000 0.000000 0.000000 0.000000 0.000000 0.000000 0.000000 0.000000 0.000000 0.000000 0.000000 0.000000 0.000000 
50.000000 31.214732 16.551175 7.464015 2.886544 0.967816 0.284528 0.074130 0.017281 0.003635 0.000695 0.000122 0.000020 0.000003 0.000000 0.000000 0.000000 0.000000 0.000000 0.000000 0.000000 0.000000 0.000000 0.000000 0.000000 0.000000 0.000000 0.000000 0.000000 0.000000 0.000000 0.000000 0.000000 0.000000 0.000000 0.000000 0.000000 0.000000 0.000000 0.000000 0.000000 0.000000 0.000000 0.000000 0.000000 0.000000 0.000000 0.000000 0.000000 0.000000 
50.000000 31.214732 16.551175 7.464015 2.886544 0.967816 0.284528 0.074130 0.017281 0.003635 0.000695 0.000122 0.000020 0.000003 0.000000 0.000000 0.000000 0.000000 0.000000 0.000000 0.000000 0.000000 0.000000 0.000000 0.000000 0.000000 0.000000 0.000000 0.000000 0.000000 0.000000 0.000000 0.000000 0.000000 0.000000 0.000000 0.000000 0.000000 0.000000 0.000000 0.000000 0.000000 0.000000 0.000000 0.000000 0.000000 0.000000 0.000000 0.000000 0.000000 
50.000000 31.214732 16.551175 7.464015 2.886544 0.967816 0.284528 0.074130 0.017281 0.003635 0.000695 0.000122 0.000020 0.000003 0.000000 0.000000 0.000000 0.000000 0.000000 0.000000 0.000000 0.000000 0.000000 0.000000 0.000000 0.000000 0.000000 0.000000 0.000000 0.000000 0.000000 0.000000 0.000000 0.000000 0.000000 0.000000 0.000000 0.000000 0.000000 0.000000 0.000000 0.000000 0.000000 0.000000 0.000000 0.000000 0.000000 0.000000 0.000000 0.000000 
50.000000 31.214732 16.551175 7.464015 2.886544 0.967816 0.284528 0.074130 0.017281 0.003635 0.000695 0.000122 0.000020 0.000003 0.000000 0.000000 0.000000 0.000000 0.000000 0.000000 0.000000 0.000000 0.000000 0.000000 0.000000 0.000000 0.000000 0.000000 0.000000 0.000000 0.000000 0.000000 0.000000 0.000000 0.000000 0.000000 0.000000 0.000000 0.000000 0.000000 0.000000 0.000000 0.000000 0.000000 0.000000 0.000000 0.000000 0.000000 0.000000 0.000000 
50.000000 31.214732 16.551175 7.464015 2.886544 0.967816 0.284528 0.074130 0.017281 0.003635 0.000695 0.000122 0.000020 0.000003 0.000000 0.000000 0.000000 0.000000 0.000000 0.000000 0.000000 0.000000 0.000000 0.000000 0.000000 0.000000 0.000000 0.000000 0.000000 0.000000 0.000000 0.000000 0.000000 0.000000 0.000000 0.000000 0.000000 0.000000 0.000000 0.000000 0.000000 0.000000 0.000000 0.000000 0.000000 0.000000 0.000000 0.000000 0.000000 0.000000 
50.000000 31.214732 16.551175 7.464015 2.886544 0.967817 0.284528 0.074130 0.017281 0.003635 0.000695 0.000122 0.000020 0.000003 0.000000 0.000000 0.000000 0.000000 0.000000 0.000000 0.000000 0.000000 0.000000 0.000000 0.000000 0.000000 0.000000 0.000000 0.000000 0.000000 0.000000 0.000000 0.000000 0.000000 0.000000 0.000000 0.000000 0.000000 0.000000 0.000000 0.000000 0.000000 0.000000 0.000000 0.000000 0.000000 0.000000 0.000000 0.000000 0.000000 
50.000000 31.214732 16.551175 7.464016 2.886544 0.967817 0.284528 0.074130 0.017281 0.003636 0.000696 0.000122 0.000020 0.000003 0.000001 0.000000 0.000000 0.000000 0.000000 0.000000 0.000000 0.000000 0.000000 0.000000 0.000000 0.000000 0.000000 0.000000 0.000000 0.000000 0.000000 0.000000 0.000000 0.000000 0.000000 0.000000 0.000000 0.000000 0.000000 0.000000 0.000000 0.000000 0.000000 0.000000 0.000000 0.000000 0.000000 0.000000 0.000000 0.000000 
50.000000 31.214733 16.551177 7.464018 2.886547 0.967819 0.284531 0.074133 0.017284 0.003638 0.000698 0.000125 0.000023 0.000006 0.000003 0.000003 0.000003 0.000003 0.000003 0.000003 0.000003 0.000003 0.000003 0.000003 0.000003 0.000003 0.000003 0.000003 0.000003 0.000003 0.000003 0.000003 0.000003 0.000003 0.000003 0.000003 0.000003 0.000003 0.000003 0.000003 0.000003 0.000003 0.000003 0.000003 0.000003 0.000003 0.000003 0.000002 0.000001 0.000000 
50.000000 31.214739 16.551188 7.464032 2.886562 0.967836 0.284547 0.074149 0.017301 0.003655 0.000715 0.000141 0.000039 0.000023 0.000020 0.000020 0.000020 0.000020 0.000020 0.000020 0.000020 0.000020 0.000020 0.000020 0.000020 0.000020 0.000020 0.000020 0.000020 0.000020 0.000020 0.000020 0.000020 0.000020 0.000020 0.000020 0.000020 0.000020 0.000020 0.000020 0.000020 0.000020 0.000020 0.000020 0.000019 0.000019 0.000017 0.000014 0.000008 0.000000 
50.000000 31.214778 16.551258 7.464120 2.886659 0.967936 0.284649 0.074251 0.017403 0.003757 0.000817 0.000243 0.000141 0.000125 0.000122 0.000122 0.000122 0.000122 0.000122 0.000122 0.000122 0.000122 0.000122 0.000122 0.000122 0.000122 0.000122 0.000122 0.000122 0.000122 0.000122 0.000122 0.000122 0.000122 0.000122 0.000122 0.000122 0.000122 0.000122 0.000122 0.000122 0.000122 0.000122 0.000121 0.000120 0.000117 0.000107 0.000086 0.000049 0.000000 
50.000000 31.214997 16.551646 7.464611 2.887202 0.968499 0.285220 0.074824 0.017976 0.004331 0.001391 0.000817 0.000715 0.000698 0.000696 0.000695 0.000695 0.000695 0.000695 0.000695 0.000695 0.000695 0.000695 0.000695 0.000695 0.000695 0.000695 0.000695 0.000695 0.000695 0.000695 0.000695 0.000695 0.000695 0.000695 0.000695 0.000695 0.000695 0.000695 0.000695 0.000695 0.000695 0.000695 0.000693 0.000687 0.000666 0.000612 0.000493 0.000283 0.000000 
50.000000 31.216116 16.553632 7.467128 2.889981 0.971387 0.288145 0.077761 0.020915 0.007271 0.004331 0.003757 0.003655 0.003638 0.003636 0.003635 0.003635 0.003635 0.003635 0.003635 0.003635 0.003635 0.003635 0.003635 0.003635 0.003635 0.003635 0.003635 0.003635 0.003635 0.003635 0.003635 0.003635 0.003635 0.003635 0.003635 0.003635 0.003635 0.003635 0.003635 0.003635 0.003635 0.003633 0.003624 0.003591 0.003487 0.003207 0.002588 0.001491 0.000000 
50.000000 31.221299 16.562837 7.478798 2.902875 0.984785 0.301719 0.091388 0.034557 0.020915 0.017976 0.017403 0.017301 0.017284 0.017281 0.017281 0.017281 0.017281 0.017281 0.017281 0.017281 0.017281 0.017281 0.017281 0.017281 0.017281 0.017281 0.017281 0.017281 0.017281 0.017281 0.017281 0.017281 0.017281 0.017281 0.017281 0.017281 0.017281 0.017281 0.017281 0.017281 0.017278 0.017269 0.017227 0.017077 0.016596 0.015296 0.012380 0.007155 0.000000 
50.000000 31.242850 16.601127 7.527368 2.956563 1.040589 0.358265 0.148159 0.091388 0.077761 0.074824 0.074251 0.074149 0.074133 0.074130 0.074130 0.074130 0.074130 0.074130 0.074130 0.074130 0.074130 0.074130 0.074130 0.074130 0.074130 0.074130 0.074130 0.074130 0.074130 0.074130 0.074130 0.074130 0.074130 0.074130 0.074130 0.074130 0.074130 0.074130 0.074130 0.074128 0.074119 0.074080 0.073913 0.073299 0.071321 0.065900 0.053567 0.031118 0.000000 
50.000000 31.322456 16.742630 7.706963 3.155170 1.247079 0.567528 0.358265 0.301719 0.288145 0.285220 0.284649 0.284547 0.284531 0.284528 0.284528 0.284528 0.284528 0.284528 0.284528 0.284528 0.284528 0.284528 0.284528 0.284528 0.284528 0.284528 0.284528 0.284528 0.284528 0.284528 0.284528 0.284528 0.284528 0.284528 0.284528 0.284528 0.284528 0.284528 0.284527 0.284521 0.284491 0.284352 0.283764 0.281568 0.274407 0.254441 0.208083 0.121804 0.000000 
50.000000 31.580505 17.201534 8.289701 3.799862 1.917535 1.247079 1.040589 0.984785 0.971387 0.968499 0.967936 0.967836 0.967819 0.967817 0.967817 0.967816 0.967816 0.967816 0.967816 0.967816 0.967816 0.967816 0.967816 0.967816 0.967816 0.967816 0.967816 0.967816 0.967816 0.967816 0.967816 0.967816 0.967816 0.967816 0.967816 0.967816 0.967816 0.967816 0.967813 0.967796 0.967708 0.967291 0.965511 0.958767 0.936385 0.872518 0.719919 0.426459 0.000000 
50.000000 32.303874 18.488485 9.924717 5.609417 3.799862 3.155170 2.956563 2.902875 2.889981 2.887202 2.886659 2.886562 2.886547 2.886544 2.886544 2.886544 2.886544 2.886544 2.886544 2.886544 2.886544 2.886544 2.886544 2.886544 2.886544 2.886544 2.886544 2.886544 2.886544 2.886544 2.886544 2.886544 2.886544 2.886544 2.886544 2.886544 2.886544 2.886542 2.886535 2.886494 2.886278 2.885242 2.880762 2.863478 2.804709 2.631605 2.200666 1.329431 0.000000 
50.000000 34.026902 21.555096 13.822409 9.924717 8.289701 7.706963 7.527368 7.478798 7.467128 7.464611 7.464120 7.464032 7.464018 7.464016 7.464015 7.464015 7.464015 7.464015 7.464015 7.464015 7.464015 7.464015 7.464015 7.464015 7.464015 7.464015 7.464015 7.464015 7.464015 7.464015 7.464015 7.464015 7.464015 7.464015 7.464015 7.464015 7.464015 7.464013 7.463999 7.463921 7.463502 7.461468 7.452522 7.417183 7.293112 6.911205 5.901367 3.690258 0.000000 
50.000000 37.442873 27.636736 21.555096 18.488485 17.201534 16.742630 16.601127 16.562837 16.553632 16.551646 16.551258 16.551188 16.551177 16.551175 16.551175 16.551175 16.551175 16.551175 16.551175 16.551175 16.551175 16.551175 16.551175 16.551175 16.551175 16.551175 16.551175 16.551175 16.551175 16.551175 16.551175 16.551175 16.551175 16.551175 16.551175 16.551175 16.551175 16.551172 16.551153 16.551044 16.550457 16.547560 16.534547 16.481614 16.287819 15.653729 13.818368 9.223180 0.000000 
50.000000 42.949504 37.442873 34.026902 32.303874 31.580505 31.322456 31.242850 31.221299 31.216116 31.214997 31.214778 31.214739 31.214733 31.214732 31.214732 31.214732 31.214732 31.214732 31.214732 31.214732 31.214732 31.214732 31.214732 31.214732 31.214732 31.214732 31.214732 31.214732 31.214732 31.214732 31.214732 31.214732 31.214732 31.214732 31.214732 31.214732 31.214731 31.214729 31.214714 31.214625 31.214144 31.211732 31.200652 31.154046 30.974443 30.336643 28.219694 21.474752 0.000000 
50.000000 50.000000 50.000000 50.000000 50.000000 50.000000 50.000000 50.000000 50.000000 50.000000 50.000000 50.000000 50.000000 50.000000 50.000000 50.000000 50.000000 50.000000 50.000000 50.000000 50.000000 50.000000 50.000000 50.000000 50.000000 50.000000 50.000000 50.000000 50.000000 50.000000 50.000000 50.000000 50.000000 50.000000 50.000000 50.000000 50.000000 50.000000 50.000000 50.000000 50.000000 50.000000 50.000000 50.000000 50.000000 50.000000 50.000000 50.000000 50.000000 50.000000 
