50.000000 50.000000 50.000000 50.000000 50.000000 50.000000 50.000000 50.000000 50.000000 50.000000 50.000000 50.000000 50.000000 50.000000 50.000000 50.000000 50.000000 50.000000 50.000000 50.000000 50.000000 50.000000 50.000000 50.000000 50.000000 50.000000 50.000000 50.000000 50.000000 50.000000 50.000000 50.000000 50.000000 50.000000 50.000000 50.000000 50.000000 50.000000 50.000000 50.000000 50.000000 50.000000 50.000000 50.000000 50.000000 50.000000 50.000000 50.000000 50.000000 50.000000 
50.000000 48.705728 47.464031 46.321083 45.311557 44.455742 43.759230 43.214843 42.806067 42.511051 42.306312 42.169612 42.081751 42.027360 41.994910 41.976240 41.965875 41.960319 41.957441 41.956000 41.955302 41.954975 41.954826 41.954761 41.954733 41.954720 41.954714 41.954709 41.954699 41.954677 41.954625 41.954509 41.954253 41.953701 41.952546 41.950191 41.945512 41.936442 41.919272 41.887470 41.829694 41.726379 41.543621 41.221498 40.649777 39.611900 37.640649 33.601509 24.352864 0.000000 
50.000000 47.464031 45.031077 42.791615 40.813579 39.136726 37.772009 36.705364 35.904434 35.326399 34.925251 34.657413 34.485268 34.378701 34.315123 34.278544 34.258236 34.247351 34.241713 34.238890 34.237522 34.236881 34.236590 34.236461 34.236406 34.236382 34.236370 34.236360 34.236342 34.236300 34.236205 34.235989 34.235513 34.234491 34.232355 34.228009 34.219395 34.202750 34.171366 34.113540 34.009225 33.824501 33.502284 32.946144 31.990951 30.347640 27.498637 22.515539 13.862522 0.000000 
50.000000 46.321083 42.791615 39.542851 36.673344 34.240770 32.261015 30.713674 29.551805 28.713287 28.131372 27.742843 27.493131 27.338548 27.246324 27.193265 27.163808 27.148019 27.139841 27.135746 27.133763 27.132833 27.132410 27.132224 27.132144 27.132110 27.132093 27.132079 27.132054 27.131999 27.131872 27.131586 27.130956 27.129606 27.126792 27.121085 27.109815 27.088143 27.047530 26.973281 26.840704 26.609122 26.212659 25.546070 24.443304 22.646813 19.771425 15.292978 8.680434 0.000000 
50.000000 45.311557 40.813579 36.673344 33.016451 29.916403 27.393441 25.421555 23.940919 22.872358 22.130807 21.635701 21.317495 21.120515 21.002998 20.935388 20.897855 20.877736 20.867317 20.862099 20.859572 20.858387 20.857849 20.857612 20.857510 20.857467 20.857446 20.857429 20.857401 20.857338 20.857196 20.856874 20.856168 20.854660 20.851526 20.845195 20.832756 20.808980 20.764756 20.684667 20.543371 20.300366 19.892729 19.225592 18.160971 16.508225 14.026531 10.465939 5.699656 0.000000 
50.000000 44.455742 39.136726 34.240770 29.916403 26.250543 23.267123 20.935377 19.184550 17.921013 17.044167 16.458738 16.082487 15.849580 15.710632 15.630694 15.586318 15.562531 15.550213 15.544045 15.541058 15.539657 15.539020 15.538740 15.538620 15.538569 15.538545 15.538526 15.538497 15.538435 15.538291 15.537968 15.537261 15.535755 15.532639 15.526373 15.514131 15.490893 15.448025 15.371185 15.237331 15.010761 14.638241 14.043853 13.125271 11.755431 9.797466 7.145775 3.805965 0.000000 
50.000000 43.759230 37.772009 32.261015 27.393441 23.267123 19.908993 17.284414 15.313734 13.891553 12.904628 12.245717 11.822247 11.560115 11.403736 11.313772 11.263831 11.237062 11.223199 11.216259 11.212897 11.211321 11.210605 11.210289 11.210154 11.210097 11.210071 11.210052 11.210025 11.209966 11.209834 11.209536 11.208887 11.207510 11.204673 11.198997 11.187975 11.167201 11.129211 11.061817 10.945891 10.752657 10.440837 9.954497 9.223270 8.167849 6.714946 4.825865 2.537732 0.000000 
50.000000 43.214843 36.705364 30.713674 25.421555 20.935377 17.284414 14.430999 12.288524 10.742383 9.669454 8.953135 8.492779 8.207819 8.037825 7.940031 7.885745 7.856648 7.841579 7.834035 7.830382 7.828668 7.827890 7.827548 7.827401 7.827339 7.827311 7.827293 7.827269 7.827218 7.827104 7.826850 7.826296 7.825126 7.822727 7.817953 7.808739 7.791499 7.760239 7.705346 7.612051 7.458745 7.215500 6.843578 6.297136 5.528826 4.501016 3.203080 1.671222 0.000000 
50.000000 42.806067 35.904434 29.551805 23.940919 19.184550 15.313734 12.288524 10.017082 8.377894 7.240412 6.481008 5.992971 5.690883 5.510674 5.407006 5.349460 5.318616 5.302644 5.294648 5.290775 5.288959 5.288135 5.287771 5.287616 5.287551 5.287522 5.287505 5.287485 5.287443 5.287352 5.287147 5.286705 5.285773 5.283872 5.280108 5.272888 5.259476 5.235356 5.193407 5.122904 5.008541 4.829779 4.561077 4.173790 3.640552 2.942683 2.079932 1.079688 0.000000 
50.000000 42.511051 35.326399 28.713287 22.872358 17.921013 13.891553 10.742383 8.377894 6.671579 5.487531 4.697050 4.189049 3.874609 3.687035 3.579132 3.519236 3.487134 3.470511 3.462188 3.458158 3.456268 3.455410 3.455032 3.454870 3.454803 3.454774 3.454758 3.454741 3.454710 3.454640 3.454485 3.454151 3.453452 3.452030 3.449231 3.443894 3.434045 3.416473 3.386182 3.335789 3.254990 3.130332 2.945662 2.683682 2.328987 1.872583 1.317174 0.681357 0.000000 
50.000000 42.306312 34.925251 28.131372 22.130807 17.044167 12.904628 9.669454 7.240412 5.487531 4.271183 3.459149 2.937304 2.614299 2.421620 2.310781 2.249257 2.216283 2.199208 2.190660 2.186520 2.184579 2.183698 2.183310 2.183144 2.183075 2.183046 2.183031 2.183018 2.182994 2.182944 2.182833 2.182595 2.182097 2.181090 2.179116 2.175375 2.168516 2.156365 2.135592 2.101349 2.047006 1.964109 1.842811 1.672982 1.446140 1.158090 0.811711 0.418842 0.000000 
50.000000 42.169612 34.657413 27.742843 21.635701 16.458738 12.245717 8.953135 6.481008 4.697050 3.459149 2.632734 2.101653 1.772936 1.576851 1.464055 1.401445 1.367890 1.350514 1.341815 1.337603 1.335628 1.334731 1.334336 1.334167 1.334097 1.334068 1.334054 1.334044 1.334027 1.333993 1.333917 1.333755 1.333418 1.332739 1.331416 1.328920 1.324371 1.316367 1.302784 1.280577 1.245652 1.192896 1.116506 1.010713 0.870945 0.695314 0.486047 0.250340 0.000000 
50.000000 42.081751 34.485268 27.493131 21.317495 16.082487 11.822247 8.492779 5.992971 4.189049 2.937304 2.101653 1.564642 1.232257 1.033985 0.919933 0.856627 0.822698 0.805130 0.796335 0.792075 0.790079 0.789172 0.788773 0.788602 0.788531 0.788502 0.788489 0.788481 0.788470 0.788447 0.788398 0.788293 0.788075 0.787639 0.786792 0.785202 0.782321 0.777282 0.768788 0.755004 0.733495 0.701280 0.655046 0.591595 0.508515 0.404988 0.282518 0.145309 0.000000 
50.000000 42.027360 34.378701 27.338548 21.120515 15.849580 11.560115 8.207819 5.690883 3.874609 2.614299 1.772936 1.232257 0.897603 0.697981 0.583152 0.519415 0.485256 0.467568 0.458714 0.454425 0.452415 0.451502 0.451100 0.450929 0.450858 0.450829 0.450816 0.450810 0.450802 0.450787 0.450757 0.450692 0.450558 0.450289 0.449771 0.448802 0.447055 0.444016 0.438924 0.430715 0.417994 0.399080 0.372140 0.335448 0.287759 0.228734 0.159306 0.081848 0.000000 
50.000000 41.994910 34.315123 27.246324 21.002998 15.710632 11.403736 8.037825 5.510674 3.687035 2.421620 1.576851 1.033985 0.697981 0.497553 0.382262 0.318268 0.283972 0.266213 0.257323 0.253018 0.251000 0.250083 0.249680 0.249507 0.249436 0.249407 0.249395 0.249389 0.249384 0.249375 0.249357 0.249318 0.249239 0.249081 0.248776 0.248210 0.247194 0.245435 0.242503 0.237804 0.230566 0.219872 0.204739 0.184259 0.157803 0.125239 0.087113 0.044719 0.000000 
50.000000 41.976240 34.278544 27.193265 20.935388 15.630694 11.313772 7.940031 5.407006 3.579132 2.310781 1.464055 0.919933 0.583152 0.382262 0.266705 0.202564 0.168189 0.150390 0.141479 0.137164 0.135141 0.134222 0.133818 0.133645 0.133574 0.133545 0.133533 0.133528 0.133525 0.133519 0.133509 0.133487 0.133442 0.133352 0.133181 0.132863 0.132294 0.131315 0.129692 0.127102 0.123134 0.117304 0.109099 0.098056 0.083863 0.066472 0.046188 0.023694 0.000000 
50.000000 41.965875 34.258236 27.163808 20.897855 15.586318 11.263831 7.885745 5.349460 3.519236 2.249257 1.401445 0.856627 0.519415 0.318268 0.202564 0.138342 0.103923 0.086101 0.077180 0.072859 0.070834 0.069914 0.069509 0.069336 0.069265 0.069236 0.069224 0.069219 0.069217 0.069214 0.069208 0.069196 0.069171 0.069122 0.069029 0.068858 0.068552 0.068027 0.067160 0.065784 0.063686 0.060618 0.056321 0.050563 0.043195 0.034202 0.023745 0.012174 0.000000 
50.000000 41.960319 34.247351 27.148019 20.877736 15.562532 11.237062 7.856648 5.318616 3.487134 2.216283 1.367890 0.822698 0.485256 0.283972 0.168189 0.103923 0.069481 0.051647 0.042720 0.038396 0.036369 0.035449 0.035044 0.034871 0.034799 0.034770 0.034759 0.034754 0.034752 0.034750 0.034747 0.034741 0.034728 0.034702 0.034654 0.034564 0.034406 0.034135 0.033688 0.032983 0.031912 0.030352 0.028175 0.025271 0.021568 0.017063 0.011837 0.006066 0.000000 
50.000000 41.957441 34.241713 27.139841 20.867317 15.550213 11.223199 7.841580 5.302644 3.470511 2.199208 1.350514 0.805130 0.467568 0.266214 0.150390 0.086102 0.051647 0.033807 0.024876 0.020551 0.018524 0.017603 0.017198 0.017025 0.016953 0.016924 0.016913 0.016909 0.016907 0.016906 0.016904 0.016901 0.016894 0.016881 0.016857 0.016812 0.016732 0.016597 0.016375 0.016026 0.015497 0.014730 0.013663 0.012245 0.010442 0.008255 0.005724 0.002932 0.000000 
50.000000 41.956000 34.238890 27.135747 20.862100 15.544045 11.216259 7.834036 5.294648 3.462189 2.190660 1.341816 0.796335 0.458714 0.257324 0.141480 0.077180 0.042720 0.024877 0.015944 0.011618 0.009590 0.008670 0.008264 0.008091 0.008020 0.007991 0.007980 0.007975 0.007973 0.007973 0.007972 0.007970 0.007967 0.007960 0.007949 0.007927 0.007888 0.007823 0.007717 0.007549 0.007297 0.006932 0.006426 0.005755 0.004904 0.003874 0.002685 0.001375 0.000000 
50.000000 41.955302 34.237522 27.133763 20.859573 15.541058 11.212898 7.830382 5.290776 3.458159 2.186521 1.337603 0.792076 0.454426 0.253019 0.137165 0.072860 0.038397 0.020552 0.011619 0.007293 0.005265 0.004344 0.003938 0.003765 0.003694 0.003665 0.003654 0.003649 0.003648 0.003647 0.003646 0.003646 0.003644 0.003641 0.003636 0.003625 0.003607 0.003577 0.003527 0.003450 0.003333 0.003165 0.002932 0.002624 0.002235 0.001765 0.001223 0.000626 0.000000 
50.000000 41.954975 34.236882 27.132834 20.858389 15.539659 11.211323 7.828670 5.288961 3.456270 2.184582 1.335630 0.790081 0.452418 0.251002 0.135143 0.070836 0.036372 0.018526 0.009593 0.005266 0.003238 0.002317 0.001912 0.001739 0.001667 0.001638 0.001627 0.001623 0.001621 0.001620 0.001620 0.001620 0.001619 0.001618 0.001615 0.001610 0.001602 0.001589 0.001566 0.001531 0.001479 0.001404 0.001300 0.001163 0.000990 0.000781 0.000541 0.000277 0.000000 
50.000000 41.954827 34.236592 27.132414 20.857853 15.539025 11.210610 7.827896 5.288141 3.455416 2.183704 1.334737 0.789178 0.451509 0.250090 0.134229 0.069920 0.035456 0.017610 0.008676 0.004350 0.002321 0.001400 0.000995 0.000822 0.000750 0.000722 0.000710 0.000706 0.000704 0.000704 0.000704 0.000703 0.000703 0.000702 0.000701 0.000699 0.000696 0.000690 0.000680 0.000664 0.000641 0.000609 0.000563 0.000504 0.000429 0.000338 0.000234 0.000120 0.000000 
50.000000 41.954764 34.236467 27.132233 20.857623 15.538753 11.210304 7.827563 5.287788 3.455049 2.183327 1.334354 0.788790 0.451118 0.249698 0.133836 0.069527 0.035062 0.017216 0.008282 0.003956 0.001927 0.001006 0.000601 0.000428 0.000356 0.000327 0.000316 0.000312 0.000310 0.000310 0.000310 0.000309 0.000309 0.000309 0.000308 0.000308 0.000306 0.000303 0.000299 0.000292 0.000282 0.000267 0.000247 0.000221 0.000188 0.000148 0.000103 0.000052 0.000000 
50.000000 41.954740 34.236422 27.132167 20.857539 15.538653 11.210192 7.827441 5.287659 3.454914 2.183189 1.334213 0.788648 0.450975 0.249554 0.133692 0.069383 0.034918 0.017072 0.008138 0.003811 0.001783 0.000862 0.000457 0.000284 0.000212 0.000183 0.000172 0.000168 0.000166 0.000166 0.000165 0.000165 0.000165 0.000165 0.000165 0.000164 0.000163 0.000162 0.000160 0.000156 0.000150 0.000143 0.000132 0.000118 0.000100 0.000079 0.000055 0.000028 0.000000 
50.000000 41.954740 34.236422 27.132167 20.857539 15.538653 11.210192 7.827441 5.287659 3.454914 2.183189 1.334213 0.788648 0.450975 0.249554 0.133692 0.069383 0.034918 0.017072 0.008138 0.003811 0.001783 0.000862 0.000457 0.000284 0.000212 0.000183 0.000172 0.000168 0.000166 0.000166 0.000165 0.000165 0.000165 0.000165 0.000165 0.000164 0.000163 0.000162 0.000160 0.000156 0.000150 0.000143 0.000132 0.000118 0.000100 0.000079 0.000055 0.000028 0.000000 
50.000000 41.954764 34.236467 27.132233 20.857623 15.538753 11.210304 7.827563 5.287788 3.455049 2.183327 1.334354 0.788790 0.451118 0.249698 0.133836 0.069527 0.035062 0.017216 0.008282 0.003956 0.001927 0.001006 0.000601 0.000428 0.000356 0.000327 0.000316 0.000312 0.000310 0.000310 0.000310 0.000309 0.000309 0.000309 0.000308 0.000308 0.000306 0.000303 0.000299 0.000292 0.000282 0.000267 0.000247 0.000221 0.000188 0.000148 0.000103 0.000052 0.000000 
50.000000 41.954827 34.236592 27.132414 20.857853 15.539025 11.210610 7.827896 5.288141 3.455416 2.183704 1.334737 0.789178 0.451509 0.250090 0.134229 0.069920 0.035456 0.017610 0.008676 0.004350 0.002321 0.001400 0.000995 0.000822 0.000750 0.000722 0.000710 0.000706 0.000704 0.000704 0.000704 0.000703 0.000703 0.000702 0.000701 0.000699 0.000696 0.000690 0.000680 0.000664 0.000641 0.000609 0.000563 0.000504 0.000429 0.000338 0.000234 0.000120 0.000000 
50.000000 41.954975 34.236882 27.132834 20.858389 15.539659 11.211323 7.828670 5.288961 3.456270 2.184582 1.335630 0.790081 0.452418 0.251002 0.135143 0.070836 0.036372 0.018526 0.009593 0.005266 0.003238 0.002317 0.001912 0.001739 0.001667 0.001638 0.001627 0.001623 0.001621 0.001620 0.001620 0.001620 0.001619 0.001618 0.001615 0.001610 0.001602 0.001589 0.001566 0.001531 0.001479 0.001404 0.001300 0.001163 0.000990 0.000781 0.000541 0.000277 0.000000 
50.000000 41.955302 34.237522 27.133763 20.859573 15.541058 11.212898 7.830382 5.290776 3.458159 2.186521 1.337603 0.792076 0.454426 0.253019 0.137165 0.072860 0.038397 0.020552 0.011619 0.007293 0.005265 0.004344 0.003938 0.003765 0.003694 0.003665 0.003654 0.003649 0.003648 0.003647 0.003646 0.003646 0.003644 0.003641 0.003636 0.003625 0.003607 0.003577 0.003527 0.003450 0.003333 0.003165 0.002932 0.002624 0.002235 0.001765 0.001223 0.000626 0.000000 
50.000000 41.956000 34.238890 27.135747 20.862100 15.544045 11.216259 7.834036 5.294648 3.462189 2.190660 1.341816 0.796335 0.458714 0.257324 0.141480 0.077180 0.042720 0.024877 0.015944 0.011618 0.009590 0.008670 0.008264 0.008091 0.008020 0.007991 0.007980 0.007975 0.007973 0.007973 0.007972 0.007970 0.007967 0.007960 0.007949 0.007927 0.007888 0.007823 0.007717 0.007549 0.007297 0.006932 0.006426 0.005755 0.004904 0.003874 0.002685 0.001375 0.000000 
50.000000 41.957441 34.241713 27.139841 20.867317 15.550213 11.223199 7.841580 5.302644 3.470511 2.199208 1.350514 0.805130 0.467568 0.266214 0.150390 0.086102 0.051647 0.033807 0.024876 0.020551 0.018524 0.017603 0.017198 0.017025 0.016953 0.016924 0.016913 0.016909 0.016907 0.016906 0.016904 0.016901 0.016894 0.016881 0.016857 0.016812 0.016732 0.016597 0.016375 0.016026 0.015497 0.014730 0.013663 0.012245 0.010442 0.008255 0.005724 0.002932 0.000000 
50.000000 41.960319 34.247351 27.148019 20.877736 15.562532 11.237062 7.856648 5.318616 3.487134 2.216283 1.367890 0.822698 0.485256 0.283972 0.168189 0.103923 0.069481 0.051647 0.042720 0.038396 0.036369 0.035449 0.035044 0.034871 0.034799 0.034770 0.034759 0.034754 0.034752 0.034750 0.034747 0.034741 0.034728 0.034702 0.034654 0.034564 0.034406 0.034135 0.033688 0.032983 0.031912 0.030352 0.028175 0.025271 0.021568 0.017063 0.011837 0.006066 0.000000 
50.000000 41.965875 34.258236 27.163808 20.897855 15.586318 11.263831 7.885745 5.349460 3.519236 2.249257 1.401445 0.856627 0.519415 0.318268 0.202564 0.138342 0.103923 0.086101 0.077180 0.072859 0.070834 0.069914 0.069509 0.069336 0.069265 0.069236 0.069224 0.069219 0.069217 0.069214 0.069208 0.069196 0.069171 0.069122 0.069029 0.068858 0.068552 0.068027 0.067160 0.065784 0.063686 0.060618 0.056321 0.050563 0.043195 0.034202 0.023745 0.012174 0.000000 
50.000000 41.976240 34.278544 27.193265 20.935388 15.630694 11.313772 7.940031 5.407006 3.579132 2.310781 1.464055 0.919933 0.583152 0.382262 0.266705 0.202564 0.168189 0.150390 0.141479 0.137164 0.135141 0.134222 0.133818 0.133645 0.133574 0.133545 0.133533 0.133528 0.133525 0.133519 0.133509 0.133487 0.133442 0.133352 0.133181 0.132863 0.132294 0.131315 0.129692 0.127102 0.123134 0.117304 0.109099 0.098056 0.083863 0.066472 0.046188 0.023694 0.000000 
50.000000 41.994910 34.315123 27.246324 21.002998 15.710632 11.403736 8.037825 5.510674 3.687035 2.421620 1.576851 1.033985 0.697981 0.497553 0.382262 0.318268 0.283972 0.266213 0.257323 0.253018 0.251000 0.250083 0.249680 0.249507 0.249436 0.249407 0.249395 0.249389 0.249384 0.249375 0.249357 0.249318 0.249239 0.249081 0.248776 0.248210 0.247194 0.245435 0.242503 0.237804 0.230566 0.219872 0.204739 0.184259 0.157803 0.125239 0.087113 0.044719 0.000000 
50.000000 42.027360 34.378701 27.338548 21.120515 15.849580 11.560115 8.207819 5.690883 3.874609 2.614299 1.772936 1.232257 0.897603 0.697981 0.583152 0.519415 0.485256 0.467568 0.458714 0.454425 0.452415 0.451502 0.451100 0.450929 0.450858 0.450829 0.450816 0.450810 0.450802 0.450787 0.450757 0.450692 0.450558 0.450289 0.449771 0.448802 0.447055 0.444016 0.438924 0.430715 0.417994 0.399080 0.372140 0.335448 0.287759 0.228734 0.159306 0.081848 0.000000 
50.000000 42.081751 34.485268 27.493131 21.317495 16.082487 11.822247 8.492779 5.992971 4.189049 2.937304 2.101653 1.564642 1.232257 1.033985 0.919933 0.856627 0.822698 0.805130 0.796335 0.792075 0.790079 0.789172 0.788773 0.788602 0.788531 0.788502 0.788489 0.788481 0.788470 0.788447 0.788398 0.788293 0.788075 0.787639 0.786792 0.785202 0.782321 0.777282 0.768788 0.755004 0.733495 0.701280 0.655046 0.591595 0.508515 0.404988 0.282518 0.145309 0.000000 
50.000000 42.169612 34.657413 27.742843 21.635701 16.458738 12.245717 8.953135 6.481008 4.697050 3.459149 2.632734 2.101653 1.772936 1.576851 1.464055 1.401445 1.367890 1.350514 1.341815 1.337603 1.335628 1.334731 1.334336 1.334167 1.334097 1.334068 1.334054 1.334044 1.334027 1.333993 1.333917 1.333755 1.333418 1.332739 1.331416 1.328920 1.324371 1.316367 1.302784 1.280577 1.245652 1.192896 1.116506 1.010713 0.870945 0.695314 0.486047 0.250340 0.000000 
50.000000 42.306312 34.925251 28.131372 22.130807 17.044167 12.904628 9.669454 7.240412 5.487531 4.271183 3.459149 2.937304 2.614299 2.421620 2.310781 2.249257 2.216283 2.199208 2.190660 2.186520 2.184579 2.183698 2.183310 2.183144 2.183075 2.183046 2.183031 2.183018 2.182994 2.182944 2.182833 2.182595 2.182097 2.181090 2.179116 2.175375 2.168516 2.156365 2.135592 2.101349 2.047006 1.964109 1.842811 1.672982 1.446140 1.158090 0.811711 0.418842 0.000000 
50.000000 42.511051 35.326399 28.713287 22.872358 17.921013 13.891553 10.742383 8.377894 6.671579 5.487531 4.697050 4.189049 3.874609 3.687035 3.579132 3.519236 3.487134 3.470511 3.462188 3.458158 3.456268 3.455410 3.455032 3.454870 3.454803 3.454774 3.454758 3.454741 3.454710 3.454640 3.454485 3.454151 3.453452 3.452030 3.449231 3.443894 3.434045 3.416473 3.386182 3.335789 3.254990 3.130332 2.945662 2.683682 2.328987 1.872583 1.317174 0.681357 0.000000 
50.000000 42.806067 35.904434 29.551805 23.940919 19.184550 15.313734 12.288524 10.017082 8.377894 7.240412 6.481008 5.992971 5.690883 5.510674 5.407006 5.349460 5.318616 5.302644 5.294648 5.290775 5.288959 5.288135 5.287771 5.287616 5.287551 5.287522 5.287505 5.287485 5.287443 5.287352 5.287147 5.286705 5.285773 5.283872 5.280108 5.272888 5.259476 5.235356 5.193407 5.122904 5.008541 4.829779 4.561077 4.173790 3.640552 2.942683 2.079932 1.079688 0.000000 
50.000000 43.214843 36.705364 30.713674 25.421555 20.935377 17.284414 14.430999 12.288524 10.742383 9.669454 8.953135 8.492779 8.207819 8.037825 7.940031 7.885745 7.856648 7.841579 7.834035 7.830382 7.828668 7.827890 7.827548 7.827401 7.827339 7.827311 7.827293 7.827269 7.827218 7.827104 7.826850 7.826296 7.825126 7.822727 7.817953 7.808739 7.791499 7.760239 7.705346 7.612051 7.458745 7.215500 6.843578 6.297136 5.528826 4.501016 3.203080 1.671222 0.000000 
50.000000 43.759230 37.772009 32.261015 27.393441 23.267123 19.908993 17.284414 15.313734 13.891553 12.904628 12.245717 11.822247 11.560115 11.403736 11.313772 11.263831 11.237062 11.223199 11.216259 11.212897 11.211321 11.210605 11.210289 11.210154 11.210097 11.210071 11.210052 11.210025 11.209966 11.209834 11.209536 11.208887 11.207510 11.204673 11.198997 11.187975 11.167201 11.129211 11.061817 10.945891 10.752657 10.440837 9.954497 9.223270 8.167849 6.714946 4.825865 2.537732 0.000000 
50.000000 44.455742 39.136726 34.240770 29.916403 26.250543 23.267123 20.935377 19.184550 17.921013 17.044167 16.458738 16.082487 15.849580 15.710632 15.630694 15.586318 15.562531 15.550213 15.544045 15.541058 15.539657 15.539020 15.538740 15.538620 15.538569 15.538545 15.538526 15.538497 15.538435 15.538291 15.537968 15.537261 15.535755 15.532639 15.526373 15.514131 15.490893 15.448025 15.371185 15.237331 15.010761 14.638241 14.043853 13.125271 11.755431 9.797466 7.145775 3.805965 0.000000 
50.000000 45.311557 40.813579 36.673344 33.016451 29.916403 27.393441 25.421555 23.940919 22.872358 22.130807 21.635701 21.317495 21.120515 21.002998 20.935388 20.897855 20.877736 20.867317 20.862099 20.859572 20.858387 20.857849 20.857612 20.857510 20.857467 20.857446 20.857429 20.857401 20.857338 20.857196 20.856874 20.856168 20.854660 20.851526 20.845195 20.832756 20.808980 20.764756 20.684667 20.543371 20.300366 19.892729 19.225592 18.160971 16.508225 14.026531 10.465939 5.699656 0.000000 
50.000000 46.321083 42.791615 39.542851 36.673344 34.240770 32.261015 30.713674 29.551805 28.713287 28.131372 27.742843 27.493131 27.338548 27.246324 27.193265 27.163808 27.148019 27.139841 27.135746 27.133763 27.132833 27.132410 27.132224 27.132144 27.132110 27.132093 27.132079 27.132054 27.131999 27.131872 27.131586 27.130956 27.129606 27.126792 27.121085 27.109815 27.088143 27.047530 26.973281 26.840704 26.609122 26.212659 25.546070 24.443304 22.646813 19.771425 15.292978 8.680434 0.000000 
50.000000 47.464031 45.031077 42.791615 40.813579 39.136726 37.772009 36.705364 35.904434 35.326399 34.925251 34.657413 34.485268 34.378701 34.315123 34.278544 34.258236 34.247351 34.241713 34.238890 34.237522 34.236881 34.236590 34.236461 34.236406 34.236382 34.236370 34.236360 34.236342 34.236300 34.236205 34.235989 34.235513 34.234491 34.232355 34.228009 34.219395 34.202750 34.171366 34.113540 34.009225 33.824501 33.502284 32.946144 31.990951 30.347640 27.498637 22.515539 13.862522 0.000000 
50.000000 48.705728 47.464031 46.321083 45.311557 44.455742 43.759230 43.214843 42.806067 42.511051 42.306312 42.169612 42.081751 42.027360 41.994910 41.976240 41.965875 41.960319 41.957441 41.956000 41.955302 41.954975 41.954826 41.954761 41.954733 41.954720 41.954714 41.954709 41.954699 41.954677 41.954625 41.954509 41.954253 41.953701 41.952546 41.950191 41.945512 41.936442 41.919272 41.887470 41.829694 41.726379 41.543621 41.221498 40.649777 39.611900 37.640649 33.601509 24.352864 0.000000 
50.000000 50.000000 50.000000 50.000000 50.000000 50.000000 50.000000 50.000000 50.000000 50.000000 50.000000 50.000000 50.000000 50.000000 50.000000 50.000000 50.000000 50.000000 50.000000 50.000000 50.000000 50.000000 50.000000 50.000000 50.000000 50.000000 50.000000 50.000000 50.000000 50.000000 50.000000 50.000000 50.000000 50.000000 50.000000 50.000000 50.000000 50.000000 50.000000 50.000000 50.000000 50.000000 50.000000 50.000000 50.000000 50.000000 50.000000 50.000000 50.000000 50.000000 
