50.000000 50.000000 50.000000 50.000000 50.000000 50.000000 50.000000 50.000000 50.000000 50.000000 50.000000 50.000000 50.000000 50.000000 50.000000 50.000000 50.000000 50.000000 50.000000 50.000000 50.000000 50.000000 50.000000 50.000000 50.000000 50.000000 50.000000 50.000000 50.000000 50.000000 50.000000 50.000000 50.000000 50.000000 50.000000 50.000000 50.000000 50.000000 50.000000 50.000000 50.000000 50.000000 50.000000 50.000000 50.000000 50.000000 50.000000 50.000000 50.000000 50.000000 
50.000000 43.218075 37.865860 34.482756 32.733279 31.976989 31.698307 31.609299 31.584308 31.578066 31.576664 31.576379 31.576326 31.576317 31.576316 31.576316 31.576316 31.576316 31.576316 31.576316 31.576316 31.576316 31.576316 31.576316 31.576316 31.576316 31.576316 31.576316 31.576316 31.576316 31.576316 31.576316 31.576316 31.576316 31.576316 31.576316 31.576316 31.576315 31.576312 31.576292 31.576179 31.575586 31.572719 31.559991 31.508147 31.314121 30.642517 28.459458 21.609038 0.000000 
50.000000 37.865860 28.290885 22.239913 19.111730 17.759895 17.261955 17.102983 17.058367 17.047227 17.044728 17.044220 17.044125 17.044109 17.044107 17.044106 17.044106 17.044106 17.044106 17.044106 17.044106 17.044106 17.044106 17.044106 17.044106 17.044106 17.044106 17.044106 17.044106 17.044106 17.044106 17.044106 17.044106 17.044106 17.044106 17.044106 17.044106 17.044106 17.044101 17.044076 17.043934 17.043195 17.039683 17.024437 16.964394 16.750993 16.070889 14.145442 9.406402 0.000000 
50.000000 34.482756 22.239913 14.504936 10.507526 8.780749 8.144985 7.942109 7.885199 7.870998 7.867813 7.867166 7.867046 7.867026 7.867022 7.867022 7.867022 7.867022 7.867022 7.867022 7.867022 7.867022 7.867022 7.867022 7.867022 7.867022 7.867022 7.867022 7.867022 7.867022 7.867022 7.867022 7.867022 7.867022 7.867022 7.867022 7.867022 7.867021 7.867018 7.866999 7.866894 7.866353 7.863821 7.853065 7.811948 7.671912 7.252468 6.169025 3.840239 0.000000 
50.000000 32.733279 19.111730 10.507526 6.062164 4.142525 3.436014 3.210653 3.147462 3.131700 3.128167 3.127449 3.127316 3.127293 3.127290 3.127289 3.127289 3.127289 3.127289 3.127289 3.127289 3.127289 3.127289 3.127289 3.127289 3.127289 3.127289 3.127289 3.127289 3.127289 3.127289 3.127289 3.127289 3.127289 3.127289 3.127289 3.127289 3.127289 3.127287 3.127277 3.127220 3.126933 3.125603 3.120052 3.099341 3.031082 2.835614 2.360737 1.419158 0.000000 
50.000000 31.976989 17.759895 8.780749 4.142525 2.140034 1.403207 1.168234 1.102367 1.085941 1.082261 1.081513 1.081375 1.081351 1.081347 1.081347 1.081347 1.081347 1.081347 1.081347 1.081347 1.081347 1.081347 1.081347 1.081347 1.081347 1.081347 1.081347 1.081347 1.081347 1.081347 1.081347 1.081347 1.081347 1.081347 1.081347 1.081347 1.081347 1.081346 1.081341 1.081317 1.081196 1.080642 1.078363 1.070017 1.043183 0.968801 0.795500 0.468841 0.000000 
50.000000 31.698307 17.261955 8.144985 3.436014 1.403207 0.655316 0.416846 0.350008 0.333343 0.329609 0.328851 0.328710 0.328686 0.328682 0.328682 0.328682 0.328682 0.328682 0.328682 0.328682 0.328682 0.328682 0.328682 0.328682 0.328682 0.328682 0.328682 0.328682 0.328682 0.328682 0.328682 0.328682 0.328682 0.328682 0.328682 0.328682 0.328682 0.328682 0.328680 0.328672 0.328629 0.328438 0.327658 0.324843 0.315962 0.291920 0.237517 0.138316 0.000000 
50.000000 31.609299 17.102983 7.942109 3.210653 1.168234 0.416846 0.177275 0.110132 0.093392 0.089641 0.088880 0.088739 0.088715 0.088711 0.088710 0.088710 0.088710 0.088710 0.088710 0.088710 0.088710 0.088710 0.088710 0.088710 0.088710 0.088710 0.088710 0.088710 0.088710 0.088710 0.088710 0.088710 0.088710 0.088710 0.088710 0.088710 0.088710 0.088710 0.088710 0.088707 0.088694 0.088638 0.088409 0.087592 0.085050 0.078287 0.063300 0.036581 0.000000 
50.000000 31.584308 17.058367 7.885199 3.147462 1.102367 0.350008 0.110132 0.042904 0.026143 0.022388 0.021626 0.021485 0.021460 0.021457 0.021456 0.021456 0.021456 0.021456 0.021456 0.021456 0.021456 0.021456 0.021456 0.021456 0.021456 0.021456 0.021456 0.021456 0.021456 0.021456 0.021456 0.021456 0.021456 0.021456 0.021456 0.021456 0.021456 0.021456 0.021456 0.021455 0.021452 0.021437 0.021378 0.021170 0.020529 0.018846 0.015171 0.008723 0.000000 
50.000000 31.578066 17.047227 7.870998 3.131700 1.085941 0.333343 0.093392 0.026143 0.009377 0.005621 0.004859 0.004717 0.004693 0.004690 0.004689 0.004689 0.004689 0.004689 0.004689 0.004689 0.004689 0.004689 0.004689 0.004689 0.004689 0.004689 0.004689 0.004689 0.004689 0.004689 0.004689 0.004689 0.004689 0.004689 0.004689 0.004689 0.004689 0.004689 0.004689 0.004689 0.004688 0.004685 0.004671 0.004624 0.004480 0.004104 0.003294 0.001887 0.000000 
50.000000 31.576664 17.044728 7.867813 3.128167 1.082261 0.329609 0.089641 0.022388 0.005621 0.001865 0.001102 0.000961 0.000937 0.000933 0.000933 0.000933 0.000933 0.000933 0.000933 0.000933 0.000933 0.000933 0.000933 0.000933 0.000933 0.000933 0.000933 0.000933 0.000933 0.000933 0.000933 0.000933 0.000933 0.000933 0.000933 0.000933 0.000933 0.000933 0.000933 0.000933 0.000932 0.000932 0.000929 0.000919 0.000890 0.000814 0.000652 0.000373 0.000000 
50.000000 31.576379 17.044220 7.867166 3.127449 1.081513 0.328851 0.088880 0.021626 0.004859 0.001102 0.000340 0.000198 0.000174 0.000171 0.000170 0.000170 0.000170 0.000170 0.000170 0.000170 0.000170 0.000170 0.000170 0.000170 0.000170 0.000170 0.000170 0.000170 0.000170 0.000170 0.000170 0.000170 0.000170 0.000170 0.000170 0.000170 0.000170 0.000170 0.000170 0.000170 0.000170 0.000170 0.000169 0.000167 0.000162 0.000148 0.000118 0.000067 0.000000 
50.000000 31.576326 17.044125 7.867046 3.127316 1.081375 0.328710 0.088739 0.021485 0.004717 0.000961 0.000198 0.000057 0.000033 0.000029 0.000029 0.000029 0.000029 0.000029 0.000029 0.000029 0.000029 0.000029 0.000029 0.000029 0.000029 0.000029 0.000029 0.000029 0.000029 0.000029 0.000029 0.000029 0.000029 0.000029 0.000029 0.000029 0.000029 0.000029 0.000029 0.000029 0.000029 0.000028 0.000028 0.000028 0.000027 0.000025 0.000020 0.000011 0.000000 
50.000000 31.576317 17.044109 7.867026 3.127293 1.081351 0.328686 0.088715 0.021460 0.004693 0.000937 0.000174 0.000033 0.000009 0.000005 0.000005 0.000004 0.000004 0.000004 0.000004 0.000004 0.000004 0.000004 0.000004 0.000004 0.000004 0.000004 0.000004 0.000004 0.000004 0.000004 0.000004 0.000004 0.000004 0.000004 0.000004 0.000004 0.000004 0.000004 0.000004 0.000004 0.000004 0.000004 0.000004 0.000004 0.000004 0.000004 0.000003 0.000002 0.000000 
50.000000 31.576316 17.044107 7.867022 3.127290 1.081347 0.328682 0.088711 0.021457 0.004690 0.000933 0.000171 0.000029 0.000005 0.000001 0.000001 0.000001 0.000001 0.000001 0.000001 0.000001 0.000001 0.000001 0.000001 0.000001 0.000001 0.000001 0.000001 0.000001 0.000001 0.000001 0.000001 0.000001 0.000001 0.000001 0.000001 0.000001 0.000001 0.000001 0.000001 0.000001 0.000001 0.000001 0.000001 0.000001 0.000001 0.000001 0.000000 0.000000 0.000000 
50.000000 31.576316 17.044106 7.867022 3.127289 1.081347 0.328682 0.088710 0.021456 0.004689 0.000933 0.000170 0.000029 0.000005 0.000001 0.000000 0.000000 0.000000 0.000000 0.000000 0.000000 0.000000 0.000000 0.000000 0.000000 0.000000 0.000000 0.000000 0.000000 0.000000 0.000000 0.000000 0.000000 0.000000 0.000000 0.000000 0.000000 0.000000 0.000000 0.000000 0.000000 0.000000 0.000000 0.000000 0.000000 0.000000 0.000000 0.000000 0.000000 0.000000 
50.000000 31.576316 17.044106 7.867022 3.127289 1.081347 0.328682 0.088710 0.021456 0.004689 0.000933 0.000170 0.000029 0.000004 0.000001 0.000000 0.000000 0.000000 0.000000 0.000000 0.000000 0.000000 0.000000 0.000000 0.000000 0.000000 0.000000 0.000000 0.000000 0.000000 0.000000 0.000000 0.000000 0.000000 0.000000 0.000000 0.000000 0.000000 0.000000 0.000000 0.000000 0.000000 0.000000 0.000000 0.000000 0.000000 0.000000 0.000000 0.000000 0.000000 
50.000000 31.576316 17.044106 7.867022 3.127289 1.081347 0.328682 0.088710 0.021456 0.004689 0.000933 0.000170 0.000029 0.000004 0.000001 0.000000 0.000000 0.000000 0.000000 0.000000 0.000000 0.000000 0.000000 0.000000 0.000000 0.000000 0.000000 0.000000 0.000000 0.000000 0.000000 0.000000 0.000000 0.000000 0.000000 0.000000 0.000000 0.000000 0.000000 0.000000 0.000000 0.000000 0.000000 0.000000 0.000000 0.000000 0.000000 0.000000 0.000000 0.000000 
50.000000 31.576316 17.044106 7.867022 3.127289 1.081347 0.328682 0.088710 0.021456 0.004689 0.000933 0.000170 0.000029 0.000004 0.000001 0.000000 0.000000 0.000000 0.000000 0.000000 0.000000 0.000000 0.000000 0.000000 0.000000 0.000000 0.000000 0.000000 0.000000 0.000000 0.000000 0.000000 0.000000 0.000000 0.000000 0.000000 0.000000 0.000000 0.000000 0.000000 0.000000 0.000000 0.000000 0.000000 0.000000 0.000000 0.000000 0.000000 0.000000 0.000000 
50.000000 31.576316 17.044106 7.867022 3.127289 1.081347 0.328682 0.088710 0.021456 0.004689 0.000933 0.000170 0.000029 0.000004 0.000001 0.000000 0.000000 0.000000 0.000000 0.000000 0.000000 0.000000 0.000000 0.000000 0.000000 0.000000 0.000000 0.000000 0.000000 0.000000 0.000000 0.000000 0.000000 0.000000 0.000000 0.000000 0.000000 0.000000 0.000000 0.000000 0.000000 0.000000 0.000000 0.000000 0.000000 0.000000 0.000000 0.000000 0.000000 0.000000 
50.000000 31.576316 17.044106 7.867022 3.127289 1.081347 0.328682 0.088710 0.021456 0.004689 0.000933 0.000170 0.000029 0.000004 0.000001 0.000000 0.000000 0.000000 0.000000 0.000000 0.000000 0.000000 0.000000 0.000000 0.000000 0.000000 0.000000 0.000000 0.000000 0.000000 0.000000 0.000000 0.000000 0.000000 0.000000 0.000000 0.000000 0.000000 0.000000 0.000000 0.000000 0.000000 0.000000 0.000000 0.000000 0.000000 0.000000 0.000000 0.000000 0.000000 
50.000000 31.576316 17.044106 7.867022 3.127289 1.081347 0.328682 0.088710 0.021456 0.004689 0.000933 0.000170 0.000029 0.000004 0.000001 0.000000 0.000000 0.000000 0.000000 0.000000 0.000000 0.000000 0.000000 0.000000 0.000000 0.000000 0.000000 0.000000 0.000000 0.000000 0.000000 0.000000 0.000000 0.000000 0.000000 0.000000 0.000000 0.000000 0.000000 0.000000 0.000000 0.000000 0.000000 0.000000 0.000000 0.000000 0.000000 0.000000 0.000000 0.000000 
50.000000 31.576316 17.044106 7.867022 3.127289 1.081347 0.328682 0.088710 0.021456 0.004689 0.000933 0.000170 0.000029 0.000004 0.000001 0.000000 0.000000 0.000000 0.000000 0.000000 0.000000 0.000000 0.000000 0.000000 0.000000 0.000000 0.000000 0.000000 0.000000 0.000000 0.000000 0.000000 0.000000 0.000000 0.000000 0.000000 0.000000 0.000000 0.000000 0.000000 0.000000 0.000000 0.000000 0.000000 0.000000 0.000000 0.000000 0.000000 0.000000 0.000000 
50.000000 31.576316 17.044106 7.867022 3.127289 1.081347 0.328682 0.088710 0.021456 0.004689 0.000933 0.000170 0.000029 0.000004 0.000001 0.000000 0.000000 0.000000 0.000000 0.000000 0.000000 0.000000 0.000000 0.000000 0.000000 0.000000 0.000000 0.000000 0.000000 0.000000 0.000000 0.000000 0.000000 0.000000 0.000000 0.000000 0.000000 0.000000 0.000000 0.000000 0.000000 0.000000 0.000000 0.000000 0.000000 0.000000 0.000000 0.000000 0.000000 0.000000 
50.000000 31.576316 17.044106 7.867022 3.127289 1.081347 0.328682 0.088710 0.021456 0.004689 0.000933 0.000170 0.000029 0.000004 0.000001 0.000000 0.000000 0.000000 0.000000 0.000000 0.000000 0.000000 0.000000 0.000000 0.000000 0.000000 0.000000 0.000000 0.000000 0.000000 0.000000 0.000000 0.000000 0.000000 0.000000 0.000000 0.000000 0.000000 0.000000 0.000000 0.000000 0.000000 0.000000 0.000000 0.000000 0.000000 0.000000 0.000000 0.000000 0.000000 
50.000000 31.576316 17.044106 7.867022 3.127289 1.081347 0.328682 0.088710 0.021456 0.004689 0.000933 0.000170 0.000029 0.000004 0.000001 0.000000 0.000000 0.000000 0.000000 0.000000 0.000000 0.000000 0.000000 0.000000 0.000000 0.000000 0.000000 0.000000 0.000000 0.000000 0.000000 0.000000 0.000000 0.000000 0.000000 0.000000 0.000000 0.000000 0.000000 0.000000 0.000000 0.000000 0.000000 0.000000 0.000000 0.000000 0.000000 0.000000 0.000000 0.000000 
50.000000 31.576316 17.044106 7.867022 3.127289 1.081347 0.328682 0.088710 0.021456 0.004689 0.000933 0.000170 0.000029 0.000004 0.000001 0.000000 0.000000 0.000000 0.000000 0.000000 0.000000 0.000000 0.000000 0.000000 0.000000 0.000000 0.000000 0.000000 0.000000 0.000000 0.000000 0.000000 0.000000 0.000000 0.000000 0.000000 0.000000 0.000000 0.000000 0.000000 0.000000 0.000000 0.000000 0.000000 0.000000 0.000000 0.000000 0.000000 0.000000 0.000000 
50.000000 31.576316 17.044106 7.867022 3.127289 1.081347 0.328682 0.088710 0.021456 0.004689 0.000933 0.000170 0.000029 0.000004 0.000001 0.000000 0.000000 0.000000 0.000000 0.000000 0.000000 0.000000 0.000000 0.000000 0.000000 0.000000 0.000000 0.000000 0.000000 0.000000 0.000000 0.000000 0.000000 0.000000 0.000000 0.000000 0.000000 0.000000 0.000000 0.000000 0.000000 0.000000 0.000000 0.000000 0.000000 0.000000 0.000000 0.000000 0.000000 0.000000 
50.000000 31.576316 17.044106 7.867022 3.127289 1.081347 0.328682 0.088710 0.021456 0.004689 0.000933 0.000170 0.000029 0.000004 0.000001 0.000000 0.000000 0.000000 0.000000 0.000000 0.000000 0.000000 0.000000 0.000000 0.000000 0.000000 0.000000 0.000000 0.000000 0.000000 0.000000 0.000000 0.000000 0.000000 0.000000 0.000000 0.000000 0.000000 0.000000 0.000000 0.000000 0.000000 0.000000 0.000000 0.000000 0.000000 0.000000 0.000000 0.000000 0.000000 
50.000000 31.576316 17.044106 7.867022 3.127289 1.081347 0.328682 0.088710 0.021456 0.004689 0.000933 0.000170 0.000029 0.000004 0.000001 0.000000 0.000000 0.000000 0.000000 0.000000 0.000000 0.000000 0.000000 0.000000 0.000000 0.000000 0.000000 0.000000 0.000000 0.000000 0.000000 0.000000 0.000000 0.000000 0.000000 0.000000 0.000000 0.000000 0.000000 0.000000 0.000000 0.000000 0.000000 0.000000 0.000000 0.000000 0.000000 0.000000 0.000000 0.000000 
50.000000 31.576316 17.044106 7.867022 3.127289 1.081347 0.328682 0.088710 0.021456 0.004689 0.000933 0.000170 0.000029 0.000004 0.000001 0.000000 0.000000 0.000000 0.000000 0.000000 0.000000 0.000000 0.000000 0.000000 0.000000 0.000000 0.000000 0.000000 0.000000 0.000000 0.000000 0.000000 0.000000 0.000000 0.000000 0.000000 0.000000 0.000000 0.000000 0.000000 0.000000 0.000000 0.000000 0.000000 0.000000 0.000000 0.000000 0.000000 0.000000 0.000000 
50.000000 31.576316 17.044106 7.867022 3.127289 1.081347 0.328682 0.088710 0.021456 0.004689 0.000933 0.000170 0.000029 0.000004 0.000001 0.000000 0.000000 0.000000 0.000000 0.000000 0.000000 0.000000 0.000000 0.000000 0.000000 0.000000 0.000000 0.000000 0.000000 0.000000 0.000000 0.000000 0.000000 0.000000 0.000000 0.000000 0.000000 0.000000 0.000000 0.000000 0.000000 0.000000 0.000000 0.000000 0.000000 0.000000 0.000000 0.000000 0.000000 0.000000 
50.000000 31.576316 17.044106 7.867022 3.127289 1.081347 0.328682 0.088710 0.021456 0.004689 0.000933 0.000170 0.000029 0.000004 0.000001 0.000000 0.000000 0.000000 0.000000 0.000000 0.000000 0.000000 0.000000 0.000000 0.000000 0.000000 0.000000 0.000000 0.000000 0.000000 0.000000 0.000000 0.000000 0.000000 0.000000 0.000000 0.000000 0.000000 0.000000 0.000000 0.000000 0.000000 0.000000 0.000000 0.000000 0.000000 0.000000 0.000000 0.000000 0.000000 
50.000000 31.576316 17.044106 7.867022 3.127289 1.081347 0.328682 0.088710 0.021456 0.004689 0.000933 0.000170 0.000029 0.000004 0.000001 0.000000 0.000000 0.000000 0.000000 0.000000 0.000000 0.000000 0.000000 0.000000 0.000000 0.000000 0.000000 0.000000 0.000000 0.000000 0.000000 0.000000 0.000000 0.000000 0.000000 0.000000 0.000000 0.000000 0.000000 0.000000 0.000000 0.000000 0.000000 0.000000 0.000000 0.000000 0.000000 0.000000 0.000000 0.000000 
50.000000 31.576316 17.044106 7.867022 3.127289 1.081347 0.328682 0.088710 0.021456 0.004689 0.000933 0.000170 0.000029 0.000005 0.000001 0.000000 0.000000 0.000000 0.000000 0.000000 0.000000 0.000000 0.000000 0.000000 0.000000 0.000000 0.000000 0.000000 0.000000 0.000000 0.000000 0.000000 0.000000 0.000000 0.000000 0.000000 0.000000 0.000000 0.000000 0.000000 0.000000 0.000000 0.000000 0.000000 0.000000 0.000000 0.000000 0.000000 0.000000 0.000000 
50.000000 31.576316 17.044107 7.867022 3.127290 1.081347 0.328682 0.088711 0.021457 0.004690 0.000933 0.000171 0.000029 0.000005 0.000001 0.000001 0.000001 0.000001 0.000001 0.000001 0.000001 0.000001 0.000001 0.000001 0.000001 0.000001 0.000001 0.000001 0.000001 0.000001 0.000001 0.000001 0.000001 0.000001 0.000001 0.000001 0.000001 0.000001 0.000001 0.000001 0.000001 0.000001 0.000001 0.000001 0.000001 0.000001 0.000001 0.000000 0.000000 0.000000 
50.000000 31.576317 17.044109 7.867026 3.127293 1.081351 0.328686 0.088715 0.021460 0.004693 0.000937 0.000174 0.000033 0.000009 0.000005 0.000005 0.000004 0.000004 0.000004 0.000004 0.000004 0.000004 0.000004 0.000004 0.000004 0.000004 0.000004 0.000004 0.000004 0.000004 0.000004 0.000004 0.000004 0.000004 0.000004 0.000004 0.000004 0.000004 0.000004 0.000004 0.000004 0.000004 0.000004 0.000004 0.000004 0.000004 0.000004 0.000003 0.000002 0.000000 
50.000000 31.576326 17.044125 7.867046 3.127316 1.081375 0.328710 0.088739 0.021485 0.004717 0.000961 0.000198 0.000057 0.000033 0.000029 0.000029 0.000029 0.000029 0.000029 0.000029 0.000029 0.000029 0.000029 0.000029 0.000029 0.000029 0.000029 0.000029 0.000029 0.000029 0.000029 0.000029 0.000029 0.000029 0.000029 0.000029 0.000029 0.000029 0.000029 0.000029 0.000029 0.000029 0.000028 0.000028 0.000028 0.000027 0.000025 0.000020 0.000011 0.000000 
50.000000 31.576379 17.044220 7.867166 3.127449 1.081513 0.328851 0.088880 0.021626 0.004859 0.001102 0.000340 0.000198 0.000174 0.000171 0.000170 0.000170 0.000170 0.000170 0.000170 0.000170 0.000170 0.000170 0.000170 0.000170 0.000170 0.000170 0.000170 0.000170 0.000170 0.000170 0.000170 0.000170 0.000170 0.000170 0.000170 0.000170 0.000170 0.000170 0.000170 0.000170 0.000170 0.000170 0.000169 0.000167 0.000162 0.000148 0.000118 0.000067 0.000000 
50.000000 31.576664 17.044728 7.867813 3.128167 1.082261 0.329609 0.089641 0.022388 0.005621 0.001865 0.001102 0.000961 0.000937 0.000933 0.000933 0.000933 0.000933 0.000933 0.000933 0.000933 0.000933 0.000933 0.000933 0.000933 0.000933 0.000933 0.000933 0.000933 0.000933 0.000933 0.000933 0.000933 0.000933 0.000933 0.000933 0.000933 0.000933 0.000933 0.000933 0.000933 0.000932 0.000932 0.000929 0.000919 0.000890 0.000814 0.000652 0.000373 0.000000 
50.000000 31.578066 17.047227 7.870998 3.131700 1.085941 0.333343 0.093392 0.026143 0.009377 0.005621 0.004859 0.004717 0.004693 0.004690 0.004689 0.004689 0.004689 0.004689 0.004689 0.004689 0.004689 0.004689 0.004689 0.004689 0.004689 0.004689 0.004689 0.004689 0.004689 0.004689 0.004689 0.004689 0.004689 0.004689 0.004689 0.004689 0.004689 0.004689 0.004689 0.004689 0.004688 0.004685 0.004671 0.004624 0.004480 0.004104 0.003294 0.001887 0.000000 
50.000000 31.584308 17.058367 7.885199 3.147462 1.102367 0.350008 0.110132 0.042904 0.026143 0.022388 0.021626 0.021485 0.021460 0.021457 0.021456 0.021456 0.021456 0.021456 0.021456 0.021456 0.021456 0.021456 0.021456 0.021456 0.021456 0.021456 0.021456 0.021456 0.021456 0.021456 0.021456 0.021456 0.021456 0.021456 0.021456 0.021456 0.021456 0.021456 0.021456 0.021455 0.021452 0.021437 0.021378 0.021170 0.020529 0.018846 0.015171 0.008723 0.000000 
50.000000 31.609299 17.102983 7.942109 3.210653 1.168234 0.416846 0.177275 0.110132 0.093392 0.089641 0.088880 0.088739 0.088715 0.088711 0.088710 0.088710 0.088710 0.088710 0.088710 0.088710 0.088710 0.088710 0.088710 0.088710 0.088710 0.088710 0.088710 0.088710 0.088710 0.088710 0.088710 0.088710 0.088710 0.088710 0.088710 0.088710 0.088710 0.088710 0.088710 0.088707 0.088694 0.088638 0.088409 0.087592 0.085050 0.078287 0.063300 0.036581 0.000000 
50.000000 31.698307 17.261955 8.144985 3.436014 1.403207 0.655316 0.416846 0.350008 0.333343 0.329609 0.328851 0.328710 0.328686 0.328682 0.328682 0.328682 0.328682 0.328682 0.328682 0.328682 0.328682 0.328682 0.328682 0.328682 0.328682 0.328682 0.328682 0.328682 0.328682 0.328682 0.328682 0.328682 0.328682 0.328682 0.328682 0.328682 0.328682 0.328682 0.328680 0.328672 0.328629 0.328438 0.327658 0.324843 0.315962 0.291920 0.237517 0.138316 0.000000 
50.000000 31.976989 17.759895 8.780749 4.142525 2.140034 1.403207 1.168234 1.102367 1.085941 1.082261 1.081513 1.081375 1.081351 1.081347 1.081347 1.081347 1.081347 1.081347 1.081347 1.081347 1.081347 1.081347 1.081347 1.081347 1.081347 1.081347 1.081347 1.081347 1.081347 1.081347 1.081347 1.081347 1.081347 1.081347 1.081347 1.081347 1.081347 1.081346 1.081341 1.081317 1.081196 1.080642 1.078363 1.070017 1.043183 0.968801 0.795500 0.468841 0.000000 
50.000000 32.733279 19.111730 10.507526 6.062164 4.142525 3.436014 3.210653 3.147462 3.131700 3.128167 3.127449 3.127316 3.127293 3.127290 3.127289 3.127289 3.127289 3.127289 3.127289 3.127289 3.127289 3.127289 3.127289 3.127289 3.127289 3.127289 3.127289 3.127289 3.127289 3.127289 3.127289 3.127289 3.127289 3.127289 3.127289 3.127289 3.127289 3.127287 3.127277 3.127220 3.126933 3.125603 3.120052 3.099341 3.031082 2.835614 2.360737 1.419158 0.000000 
50.000000 34.482756 22.239913 14.504936 10.507526 8.780749 8.144985 7.942109 7.885199 7.870998 7.867813 7.867166 7.867046 7.867026 7.867022 7.867022 7.867022 7.867022 7.867022 7.867022 7.867022 7.867022 7.867022 7.867022 7.867022 7.867022 7.867022 7.867022 7.867022 7.867022 7.867022 7.867022 7.867022 7.867022 7.867022 7.867022 7.867022 7.867021 7.867018 7.866999 7.866894 7.866353 7.863821 7.853065 7.811948 7.671912 7.252468 6.169025 3.840239 0.000000 
50.000000 37.865860 28.290885 22.239913 19.111730 17.759895 17.261955 17.102983 17.058367 17.047227 17.044728 17.044220 17.044125 17.044109 17.044107 17.044106 17.044106 17.044106 17.044106 17.044106 17.044106 17.044106 17.044106 17.044106 17.044106 17.044106 17.044106 17.044106 17.044106 17.044106 17.044106 17.044106 17.044106 17.044106 17.044106 17.044106 17.044106 17.044106 17.044101 17.044076 17.043934 17.043195 17.039683 17.024437 16.964394 16.750993 16.070889 14.145442 9.406402 0.000000 
50.000000 43.218075 37.865860 34.482756 32.733279 31.976989 31.698307 31.609299 31.584308 31.578066 31.576664 31.576379 31.576326 31.576317 31.576316 31.576316 31.576316 31.576316 31.576316 31.576316 31.576316 31.576316 31.576316 31.576316 31.576316 31.576316 31.576316 31.576316 31.576316 31.576316 31.576316 31.576316 31.576316 31.576316 31.576316 31.576316 31.576316 31.576315 31.576312 31.576292 31.576179 31.575586 31.572719 31.559991 31.508147 31.314121 30.642517 28.459458 21.609038 0.000000 
50.000000 50.000000 50.000000 50.000000 50.000000 50.000000 50.000000 50.000000 50.000000 50.000000 50.000000 50.000000 50.000000 50.000000 50.000000 50.000000 50.000000 50.000000 50.000000 50.000000 50.000000 50.000000 50.000000 50.000000 50.000000 50.000000 50.000000 50.000000 50.000000 50.000000 50.000000 50.000000 50.000000 50.000000 50.000000 50.000000 50.000000 50.000000 50.000000 50.000000 50.000000 50.000000 50.000000 50.000000 50.000000 50.000000 50.000000 50.000000 50.000000 50.000000 
