50.000000 50.000000 50.000000 50.000000 50.000000 50.000000 50.000000 50.000000 50.000000 50.000000 50.000000 50.000000 50.000000 50.000000 50.000000 50.000000 50.000000 50.000000 50.000000 50.000000 50.000000 50.000000 50.000000 50.000000 50.000000 50.000000 50.000000 50.000000 50.000000 50.000000 50.000000 50.000000 50.000000 50.000000 50.000000 50.000000 50.000000 50.000000 50.000000 50.000000 50.000000 50.000000 50.000000 50.000000 50.000000 50.000000 50.000000 50.000000 50.000000 50.000000 
50.000000 47.825222 45.798759 44.038643 42.612625 41.533862 40.770919 40.265713 39.951977 39.768937 39.668428 39.616387 39.590930 39.579144 39.573971 39.571813 39.570958 39.570634 39.570517 39.570477 39.570463 39.570459 39.570458 39.570458 39.570458 39.570457 39.570457 39.570457 39.570457 39.570457 39.570457 39.570454 39.570447 39.570426 39.570362 39.570182 39.569694 39.568423 39.565237 39.557561 39.539758 39.499914 39.413541 39.231120 38.852267 38.067544 36.411680 32.744947 23.912611 0.000000 
50.000000 45.798759 41.884047 38.483885 35.729156 33.645271 32.171488 31.195599 30.589578 30.236021 30.041885 29.941368 29.892200 29.869438 29.859446 29.855280 29.853627 29.853002 29.852777 29.852699 29.852673 29.852665 29.852663 29.852662 29.852662 29.852662 29.852662 29.852662 29.852661 29.852661 29.852660 29.852656 29.852643 29.852605 29.852493 29.852177 29.851322 29.849101 29.843557 29.830277 29.799704 29.731978 29.587303 29.288322 28.687949 27.510134 25.240829 20.942023 13.053813 0.000000 
50.000000 44.038643 38.483885 33.659297 29.750592 26.793813 24.702747 23.318154 22.458359 21.956768 21.681358 21.538765 21.469021 21.436734 21.422562 21.416653 21.414309 21.413422 21.413102 21.412992 21.412956 21.412944 21.412941 21.412940 21.412939 21.412939 21.412939 21.412939 21.412939 21.412939 21.412937 21.412932 21.412917 21.412870 21.412734 21.412351 21.411319 21.408650 21.402031 21.386302 21.350466 21.272172 21.108043 20.777606 20.138207 18.949121 16.829649 13.243056 7.626963 0.000000 
50.000000 42.612625 35.729156 29.750592 24.907071 21.243232 18.652205 16.936627 15.871341 15.249899 14.908698 14.732052 14.645656 14.605663 14.588110 14.580792 14.577889 14.576791 14.576395 14.576258 14.576213 14.576199 14.576195 14.576193 14.576193 14.576193 14.576193 14.576193 14.576193 14.576192 14.576191 14.576186 14.576171 14.576124 14.575988 14.575608 14.574587 14.571963 14.565506 14.550301 14.516068 14.442404 14.291006 13.994050 13.439029 12.453535 10.801471 8.219021 4.545081 0.000000 
50.000000 41.533862 33.645271 26.793813 21.243232 17.044658 14.075569 12.109743 10.889120 10.177095 9.786181 9.583809 9.484837 9.439025 9.418919 9.410537 9.407212 9.405955 9.405502 9.405345 9.405294 9.405277 9.405272 9.405271 9.405271 9.405270 9.405270 9.405270 9.405270 9.405270 9.405269 9.405264 9.405251 9.405210 9.405093 9.404765 9.403890 9.401655 9.396198 9.383472 9.355165 9.295166 9.174170 8.942467 8.522329 7.804204 6.655606 4.957322 2.681596 0.000000 
50.000000 40.770919 32.171488 24.702747 18.652205 14.075569 10.839231 8.696539 7.366153 6.590136 6.164111 5.943575 5.835725 5.785808 5.763901 5.754769 5.751147 5.749778 5.749284 5.749114 5.749057 5.749040 5.749034 5.749033 5.749032 5.749032 5.749032 5.749032 5.749032 5.749032 5.749031 5.749027 5.749017 5.748985 5.748894 5.748642 5.747974 5.746277 5.742166 5.732673 5.711800 5.668179 5.581722 5.419615 5.133102 4.658155 3.925142 2.883166 1.539799 0.000000 
50.000000 40.265713 31.195599 23.318154 16.936627 12.109743 8.696539 6.436823 5.033829 4.215494 3.766257 3.533716 3.420002 3.367373 3.344277 3.334650 3.330832 3.329389 3.328869 3.328689 3.328630 3.328611 3.328605 3.328604 3.328603 3.328603 3.328603 3.328603 3.328603 3.328603 3.328602 3.328600 3.328592 3.328570 3.328507 3.328331 3.327868 3.326700 3.323894 3.317470 3.303498 3.274674 3.218411 3.114817 2.935572 2.645621 2.210112 1.608295 0.852172 0.000000 
50.000000 39.951977 30.589578 22.458359 15.871341 10.889120 7.366153 5.033829 3.585800 2.741224 2.277598 2.037619 1.920272 1.865964 1.842132 1.832199 1.828260 1.826771 1.826234 1.826049 1.825988 1.825968 1.825963 1.825961 1.825960 1.825960 1.825960 1.825960 1.825960 1.825960 1.825959 1.825958 1.825953 1.825939 1.825898 1.825786 1.825492 1.824756 1.822999 1.819010 1.810420 1.792900 1.759156 1.697973 1.593954 1.428937 1.186187 0.857600 0.452064 0.000000 
50.000000 39.768937 30.236021 21.956768 15.249899 10.177095 6.590136 4.215494 2.741224 1.881364 1.409361 1.165053 1.045592 0.990308 0.966049 0.955938 0.951929 0.950413 0.949866 0.949678 0.949616 0.949596 0.949590 0.949588 0.949588 0.949588 0.949588 0.949588 0.949587 0.949587 0.949587 0.949586 0.949583 0.949575 0.949551 0.949485 0.949313 0.948884 0.947866 0.945575 0.940682 0.930804 0.911996 0.878336 0.821930 0.733831 0.606303 0.436318 0.229180 0.000000 
50.000000 39.668428 30.041885 21.681358 14.908698 9.786181 6.164111 3.766257 2.277598 1.409361 0.932769 0.686089 0.565472 0.509653 0.485161 0.474953 0.470905 0.469375 0.468823 0.468632 0.468570 0.468550 0.468544 0.468542 0.468541 0.468541 0.468541 0.468541 0.468541 0.468541 0.468541 0.468540 0.468539 0.468534 0.468521 0.468485 0.468391 0.468159 0.467610 0.466384 0.463787 0.458588 0.448787 0.431438 0.402708 0.358397 0.295056 0.211608 0.110868 0.000000 
50.000000 39.616387 29.941368 21.538765 14.732052 9.583809 5.943575 3.533716 2.037619 1.165053 0.686089 0.438185 0.316971 0.260877 0.236264 0.226006 0.221938 0.220401 0.219846 0.219655 0.219592 0.219572 0.219566 0.219564 0.219563 0.219563 0.219563 0.219563 0.219563 0.219563 0.219563 0.219563 0.219562 0.219560 0.219553 0.219534 0.219487 0.219369 0.219093 0.218479 0.217186 0.214620 0.209823 0.201408 0.187611 0.166546 0.136734 0.097810 0.051150 0.000000 
50.000000 39.590930 29.892200 21.469021 14.645656 9.484837 5.835725 3.420002 1.920272 1.045592 0.565472 0.316971 0.195466 0.139238 0.114566 0.104284 0.100206 0.098665 0.098109 0.097918 0.097854 0.097834 0.097828 0.097827 0.097826 0.097826 0.097826 0.097826 0.097826 0.097826 0.097826 0.097826 0.097825 0.097824 0.097821 0.097812 0.097789 0.097733 0.097602 0.097313 0.096709 0.095516 0.093302 0.089449 0.083182 0.073693 0.060371 0.043100 0.022507 0.000000 
50.000000 39.579144 29.869438 21.436734 14.605663 9.439025 5.785808 3.367373 1.865964 0.990308 0.509653 0.260877 0.139238 0.082948 0.058249 0.047955 0.043873 0.042331 0.041774 0.041582 0.041519 0.041499 0.041493 0.041491 0.041491 0.041490 0.041490 0.041490 0.041490 0.041490 0.041490 0.041490 0.041490 0.041490 0.041488 0.041484 0.041474 0.041449 0.041391 0.041262 0.040995 0.040471 0.039505 0.037834 0.035135 0.031076 0.025415 0.018116 0.009450 0.000000 
50.000000 39.573971 29.859446 21.422562 14.588110 9.418919 5.763901 3.344277 1.842132 0.966049 0.485161 0.236264 0.114566 0.058249 0.033538 0.023240 0.019156 0.017613 0.017056 0.016864 0.016801 0.016780 0.016774 0.016773 0.016772 0.016772 0.016772 0.016772 0.016772 0.016772 0.016772 0.016772 0.016772 0.016772 0.016771 0.016769 0.016765 0.016754 0.016730 0.016676 0.016564 0.016346 0.015946 0.015258 0.014154 0.012502 0.010210 0.007269 0.003788 0.000000 
50.000000 39.571813 29.855280 21.416653 14.580792 9.410537 5.754769 3.334650 1.832199 0.955938 0.474953 0.226006 0.104284 0.047955 0.023240 0.012939 0.008855 0.007311 0.006754 0.006562 0.006499 0.006479 0.006472 0.006471 0.006470 0.006470 0.006470 0.006470 0.006470 0.006470 0.006470 0.006470 0.006470 0.006470 0.006470 0.006469 0.006467 0.006463 0.006453 0.006432 0.006387 0.006301 0.006144 0.005875 0.005444 0.004804 0.003919 0.002787 0.001451 0.000000 
50.000000 39.570958 29.853627 21.414309 14.577889 9.407212 5.751147 3.330832 1.828260 0.951929 0.470905 0.221938 0.100206 0.043873 0.019156 0.008855 0.004770 0.003226 0.002669 0.002477 0.002414 0.002393 0.002387 0.002386 0.002385 0.002385 0.002385 0.002385 0.002385 0.002385 0.002385 0.002385 0.002385 0.002385 0.002385 0.002384 0.002384 0.002382 0.002378 0.002370 0.002354 0.002321 0.002262 0.002162 0.002002 0.001765 0.001438 0.001022 0.000532 0.000000 
50.000000 39.570634 29.853002 21.413422 14.576791 9.405955 5.749778 3.329389 1.826771 0.950413 0.469375 0.220401 0.098665 0.042331 0.017613 0.007311 0.003226 0.001682 0.001125 0.000933 0.000870 0.000850 0.000844 0.000842 0.000841 0.000841 0.000841 0.000841 0.000841 0.000841 0.000841 0.000841 0.000841 0.000841 0.000841 0.000841 0.000841 0.000840 0.000839 0.000836 0.000830 0.000818 0.000797 0.000761 0.000704 0.000621 0.000505 0.000359 0.000187 0.000000 
50.000000 39.570517 29.852777 21.413102 14.576395 9.405502 5.749284 3.328869 1.826234 0.949866 0.468823 0.219846 0.098109 0.041774 0.017056 0.006754 0.002669 0.001125 0.000568 0.000376 0.000313 0.000293 0.000287 0.000285 0.000284 0.000284 0.000284 0.000284 0.000284 0.000284 0.000284 0.000284 0.000284 0.000284 0.000284 0.000284 0.000284 0.000284 0.000283 0.000282 0.000280 0.000276 0.000269 0.000257 0.000238 0.000209 0.000170 0.000121 0.000063 0.000000 
50.000000 39.570477 29.852699 21.412992 14.576258 9.405345 5.749114 3.328689 1.826049 0.949678 0.468632 0.219655 0.097918 0.041582 0.016864 0.006562 0.002477 0.000933 0.000376 0.000184 0.000121 0.000101 0.000095 0.000093 0.000092 0.000092 0.000092 0.000092 0.000092 0.000092 0.000092 0.000092 0.000092 0.000092 0.000092 0.000092 0.000092 0.000092 0.000092 0.000091 0.000091 0.000089 0.000087 0.000083 0.000077 0.000068 0.000055 0.000039 0.000020 0.000000 
50.000000 39.570463 29.852673 21.412956 14.576213 9.405294 5.749057 3.328630 1.825988 0.949616 0.468570 0.219592 0.097854 0.041519 0.016801 0.006499 0.002414 0.000870 0.000313 0.000121 0.000057 0.000037 0.000031 0.000029 0.000029 0.000029 0.000029 0.000029 0.000029 0.000029 0.000029 0.000029 0.000029 0.000029 0.000029 0.000029 0.000029 0.000029 0.000029 0.000028 0.000028 0.000028 0.000027 0.000026 0.000024 0.000021 0.000017 0.000012 0.000006 0.000000 
50.000000 39.570459 29.852665 21.412944 14.576199 9.405277 5.749040 3.328611 1.825968 0.949596 0.468550 0.219572 0.097834 0.041499 0.016780 0.006479 0.002393 0.000850 0.000293 0.000101 0.000037 0.000017 0.000011 0.000009 0.000009 0.000009 0.000009 0.000009 0.000009 0.000009 0.000009 0.000009 0.000009 0.000009 0.000009 0.000009 0.000009 0.000009 0.000009 0.000009 0.000008 0.000008 0.000008 0.000008 0.000007 0.000006 0.000005 0.000004 0.000002 0.000000 
50.000000 39.570458 29.852663 21.412941 14.576195 9.405272 5.749034 3.328605 1.825963 0.949590 0.468544 0.219566 0.097828 0.041493 0.016774 0.006472 0.002387 0.000844 0.000287 0.000095 0.000031 0.000011 0.000005 0.000003 0.000003 0.000003 0.000002 0.000002 0.000002 0.000002 0.000002 0.000002 0.000002 0.000002 0.000002 0.000002 0.000002 0.000002 0.000002 0.000002 0.000002 0.000002 0.000002 0.000002 0.000002 0.000002 0.000001 0.000001 0.000001 0.000000 
50.000000 39.570458 29.852662 21.412940 14.576193 9.405271 5.749033 3.328604 1.825961 0.949588 0.468542 0.219564 0.097827 0.041491 0.016773 0.006471 0.002386 0.000842 0.000285 0.000093 0.000029 0.000009 0.000003 0.000001 0.000001 0.000001 0.000001 0.000001 0.000001 0.000001 0.000001 0.000001 0.000001 0.000001 0.000001 0.000001 0.000001 0.000001 0.000001 0.000001 0.000001 0.000001 0.000001 0.000001 0.000001 0.000001 0.000000 0.000000 0.000000 0.000000 
50.000000 39.570458 29.852662 21.412939 14.576193 9.405271 5.749032 3.328603 1.825960 0.949588 0.468541 0.219563 0.097826 0.041491 0.016772 0.006470 0.002385 0.000841 0.000284 0.000092 0.000029 0.000009 0.000003 0.000001 0.000000 0.000000 0.000000 0.000000 0.000000 0.000000 0.000000 0.000000 0.000000 0.000000 0.000000 0.000000 0.000000 0.000000 0.000000 0.000000 0.000000 0.000000 0.000000 0.000000 0.000000 0.000000 0.000000 0.000000 0.000000 0.000000 
50.000000 39.570458 29.852662 21.412939 14.576193 9.405271 5.749032 3.328603 1.825960 0.949588 0.468541 0.219563 0.097826 0.041491 0.016772 0.006470 0.002385 0.000841 0.000284 0.000092 0.000029 0.000009 0.000003 0.000001 0.000000 0.000000 0.000000 0.000000 0.000000 0.000000 0.000000 0.000000 0.000000 0.000000 0.000000 0.000000 0.000000 0.000000 0.000000 0.000000 0.000000 0.000000 0.000000 0.000000 0.000000 0.000000 0.000000 0.000000 0.000000 0.000000 
50.000000 39.570458 29.852662 21.412940 14.576193 9.405271 5.749033 3.328604 1.825961 0.949588 0.468542 0.219564 0.097827 0.041491 0.016773 0.006471 0.002386 0.000842 0.000285 0.000093 0.000029 0.000009 0.000003 0.000001 0.000001 0.000001 0.000001 0.000001 0.000001 0.000001 0.000001 0.000001 0.000001 0.000001 0.000001 0.000001 0.000001 0.000001 0.000001 0.000001 0.000001 0.000001 0.000001 0.000001 0.000001 0.000001 0.000000 0.000000 0.000000 0.000000 
50.000000 39.570458 29.852663 21.412941 14.576195 9.405272 5.749034 3.328605 1.825963 0.949590 0.468544 0.219566 0.097828 0.041493 0.016774 0.006472 0.002387 0.000844 0.000287 0.000095 0.000031 0.000011 0.000005 0.000003 0.000003 0.000003 0.000002 0.000002 0.000002 0.000002 0.000002 0.000002 0.000002 0.000002 0.000002 0.000002 0.000002 0.000002 0.000002 0.000002 0.000002 0.000002 0.000002 0.000002 0.000002 0.000002 0.000001 0.000001 0.000001 0.000000 
50.000000 39.570459 29.852665 21.412944 14.576199 9.405277 5.749040 3.328611 1.825968 0.949596 0.468550 0.219572 0.097834 0.041499 0.016780 0.006479 0.002393 0.000850 0.000293 0.000101 0.000037 0.000017 0.000011 0.000009 0.000009 0.000009 0.000009 0.000009 0.000009 0.000009 0.000009 0.000009 0.000009 0.000009 0.000009 0.000009 0.000009 0.000009 0.000009 0.000009 0.000008 0.000008 0.000008 0.000008 0.000007 0.000006 0.000005 0.000004 0.000002 0.000000 
50.000000 39.570463 29.852673 21.412956 14.576213 9.405294 5.749057 3.328630 1.825988 0.949616 0.468570 0.219592 0.097854 0.041519 0.016801 0.006499 0.002414 0.000870 0.000313 0.000121 0.000057 0.000037 0.000031 0.000029 0.000029 0.000029 0.000029 0.000029 0.000029 0.000029 0.000029 0.000029 0.000029 0.000029 0.000029 0.000029 0.000029 0.000029 0.000029 0.000028 0.000028 0.000028 0.000027 0.000026 0.000024 0.000021 0.000017 0.000012 0.000006 0.000000 
50.000000 39.570477 29.852699 21.412992 14.576258 9.405345 5.749114 3.328689 1.826049 0.949678 0.468632 0.219655 0.097918 0.041582 0.016864 0.006562 0.002477 0.000933 0.000376 0.000184 0.000121 0.000101 0.000095 0.000093 0.000092 0.000092 0.000092 0.000092 0.000092 0.000092 0.000092 0.000092 0.000092 0.000092 0.000092 0.000092 0.000092 0.000092 0.000092 0.000091 0.000091 0.000089 0.000087 0.000083 0.000077 0.000068 0.000055 0.000039 0.000020 0.000000 
50.000000 39.570517 29.852777 21.413102 14.576395 9.405502 5.749284 3.328869 1.826234 0.949866 0.468823 0.219846 0.098109 0.041774 0.017056 0.006754 0.002669 0.001125 0.000568 0.000376 0.000313 0.000293 0.000287 0.000285 0.000284 0.000284 0.000284 0.000284 0.000284 0.000284 0.000284 0.000284 0.000284 0.000284 0.000284 0.000284 0.000284 0.000284 0.000283 0.000282 0.000280 0.000276 0.000269 0.000257 0.000238 0.000209 0.000170 0.000121 0.000063 0.000000 
50.000000 39.570634 29.853002 21.413422 14.576791 9.405955 5.749778 3.329389 1.826771 0.950413 0.469375 0.220401 0.098665 0.042331 0.017613 0.007311 0.003226 0.001682 0.001125 0.000933 0.000870 0.000850 0.000844 0.000842 0.000841 0.000841 0.000841 0.000841 0.000841 0.000841 0.000841 0.000841 0.000841 0.000841 0.000841 0.000841 0.000841 0.000840 0.000839 0.000836 0.000830 0.000818 0.000797 0.000761 0.000704 0.000621 0.000505 0.000359 0.000187 0.000000 
50.000000 39.570958 29.853627 21.414309 14.577889 9.407212 5.751147 3.330832 1.828260 0.951929 0.470905 0.221938 0.100206 0.043873 0.019156 0.008855 0.004770 0.003226 0.002669 0.002477 0.002414 0.002393 0.002387 0.002386 0.002385 0.002385 0.002385 0.002385 0.002385 0.002385 0.002385 0.002385 0.002385 0.002385 0.002385 0.002384 0.002384 0.002382 0.002378 0.002370 0.002354 0.002321 0.002262 0.002162 0.002002 0.001765 0.001438 0.001022 0.000532 0.000000 
50.000000 39.571813 29.855280 21.416653 14.580792 9.410537 5.754769 3.334650 1.832199 0.955938 0.474953 0.226006 0.104284 0.047955 0.023240 0.012939 0.008855 0.007311 0.006754 0.006562 0.006499 0.006479 0.006472 0.006471 0.006470 0.006470 0.006470 0.006470 0.006470 0.006470 0.006470 0.006470 0.006470 0.006470 0.006470 0.006469 0.006467 0.006463 0.006453 0.006432 0.006387 0.006301 0.006144 0.005875 0.005444 0.004804 0.003919 0.002787 0.001451 0.000000 
50.000000 39.573971 29.859446 21.422562 14.588110 9.418919 5.763901 3.344277 1.842132 0.966049 0.485161 0.236264 0.114566 0.058249 0.033538 0.023240 0.019156 0.017613 0.017056 0.016864 0.016801 0.016780 0.016774 0.016773 0.016772 0.016772 0.016772 0.016772 0.016772 0.016772 0.016772 0.016772 0.016772 0.016772 0.016771 0.016769 0.016765 0.016754 0.016730 0.016676 0.016564 0.016346 0.015946 0.015258 0.014154 0.012502 0.010210 0.007269 0.003788 0.000000 
50.000000 39.579144 29.869438 21.436734 14.605663 9.439025 5.785808 3.367373 1.865964 0.990308 0.509653 0.260877 0.139238 0.082948 0.058249 0.047955 0.043873 0.042331 0.041774 0.041582 0.041519 0.041499 0.041493 0.041491 0.041491 0.041490 0.041490 0.041490 0.041490 0.041490 0.041490 0.041490 0.041490 0.041490 0.041488 0.041484 0.041474 0.041449 0.041391 0.041262 0.040995 0.040471 0.039505 0.037834 0.035135 0.031076 0.025415 0.018116 0.009450 0.000000 
50.000000 39.590930 29.892200 21.469021 14.645656 9.484837 5.835725 3.420002 1.920272 1.045592 0.565472 0.316971 0.195466 0.139238 0.114566 0.104284 0.100206 0.098665 0.098109 0.097918 0.097854 0.097834 0.097828 0.097827 0.097826 0.097826 0.097826 0.097826 0.097826 0.097826 0.097826 0.097826 0.097825 0.097824 0.097821 0.097812 0.097789 0.097733 0.097602 0.097313 0.096709 0.095516 0.093302 0.089449 0.083182 0.073693 0.060371 0.043100 0.022507 0.000000 
50.000000 39.616387 29.941368 21.538765 14.732052 9.583809 5.943575 3.533716 2.037619 1.165053 0.686089 0.438185 0.316971 0.260877 0.236264 0.226006 0.221938 0.220401 0.219846 0.219655 0.219592 0.219572 0.219566 0.219564 0.219563 0.219563 0.219563 0.219563 0.219563 0.219563 0.219563 0.219563 0.219562 0.219560 0.219553 0.219534 0.219487 0.219369 0.219093 0.218479 0.217186 0.214620 0.209823 0.201408 0.187611 0.166546 0.136734 0.097810 0.051150 0.000000 
50.000000 39.668428 30.041885 21.681358 14.908698 9.786181 6.164111 3.766257 2.277598 1.409361 0.932769 0.686089 0.565472 0.509653 0.485161 0.474953 0.470905 0.469375 0.468823 0.468632 0.468570 0.468550 0.468544 0.468542 0.468541 0.468541 0.468541 0.468541 0.468541 0.468541 0.468541 0.468540 0.468539 0.468534 0.468521 0.468485 0.468391 0.468159 0.467610 0.466384 0.463787 0.458588 0.448787 0.431438 0.402708 0.358397 0.295056 0.211608 0.110868 0.000000 
50.000000 39.768937 30.236021 21.956768 15.249899 10.177095 6.590136 4.215494 2.741224 1.881364 1.409361 1.165053 1.045592 0.990308 0.966049 0.955938 0.951929 0.950413 0.949866 0.949678 0.949616 0.949596 0.949590 0.949588 0.949588 0.949588 0.949588 0.949588 0.949587 0.949587 0.949587 0.949586 0.949583 0.949575 0.949551 0.949485 0.949313 0.948884 0.947866 0.945575 0.940682 0.930804 0.911996 0.878336 0.821930 0.733831 0.606303 0.436318 0.229180 0.000000 
50.000000 39.951977 30.589578 22.458359 15.871341 10.889120 7.366153 5.033829 3.585800 2.741224 2.277598 2.037619 1.920272 1.865964 1.842132 1.832199 1.828260 1.826771 1.826234 1.826049 1.825988 1.825968 1.825963 1.825961 1.825960 1.825960 1.825960 1.825960 1.825960 1.825960 1.825959 1.825958 1.825953 1.825939 1.825898 1.825786 1.825492 1.824756 1.822999 1.819010 1.810420 1.792900 1.759156 1.697973 1.593954 1.428937 1.186187 0.857600 0.452064 0.000000 
50.000000 40.265713 31.195599 23.318154 16.936627 12.109743 8.696539 6.436823 5.033829 4.215494 3.766257 3.533716 3.420002 3.367373 3.344277 3.334650 3.330832 3.329389 3.328869 3.328689 3.328630 3.328611 3.328605 3.328604 3.328603 3.328603 3.328603 3.328603 3.328603 3.328603 3.328602 3.328600 3.328592 3.328570 3.328507 3.328331 3.327868 3.326700 3.323894 3.317470 3.303498 3.274674 3.218411 3.114817 2.935572 2.645621 2.210112 1.608295 0.852172 0.000000 
50.000000 40.770919 32.171488 24.702747 18.652205 14.075569 10.839231 8.696539 7.366153 6.590136 6.164111 5.943575 5.835725 5.785808 5.763901 5.754769 5.751147 5.749778 5.749284 5.749114 5.749057 5.749040 5.749034 5.749033 5.749032 5.749032 5.749032 5.749032 5.749032 5.749032 5.749031 5.749027 5.749017 5.748985 5.748894 5.748642 5.747974 5.746277 5.742166 5.732673 5.711800 5.668179 5.581722 5.419615 5.133102 4.658155 3.925142 2.883166 1.539799 0.000000 
50.000000 41.533862 33.645271 26.793813 21.243232 17.044658 14.075569 12.109743 10.889120 10.177095 9.786181 9.583809 9.484837 9.439025 9.418919 9.410537 9.407212 9.405955 9.405502 9.405345 9.405294 9.405277 9.405272 9.405271 9.405271 9.405270 9.405270 9.405270 9.405270 9.405270 9.405269 9.405264 9.405251 9.405210 9.405093 9.404765 9.403890 9.401655 9.396198 9.383472 9.355165 9.295166 9.174170 8.942467 8.522329 7.804204 6.655606 4.957322 2.681596 0.000000 
50.000000 42.612625 35.729156 29.750592 24.907071 21.243232 18.652205 16.936627 15.871341 15.249899 14.908698 14.732052 14.645656 14.605663 14.588110 14.580792 14.577889 14.576791 14.576395 14.576258 14.576213 14.576199 14.576195 14.576193 14.576193 14.576193 14.576193 14.576193 14.576193 14.576192 14.576191 14.576186 14.576171 14.576124 14.575988 14.575608 14.574587 14.571963 14.565506 14.550301 14.516068 14.442404 14.291006 13.994050 13.439029 12.453535 10.801471 8.219021 4.545081 0.000000 
50.000000 44.038643 38.483885 33.659297 29.750592 26.793813 24.702747 23.318154 22.458359 21.956768 21.681358 21.538765 21.469021 21.436734 21.422562 21.416653 21.414309 21.413422 21.413102 21.412992 21.412956 21.412944 21.412941 21.412940 21.412939 21.412939 21.412939 21.412939 21.412939 21.412939 21.412937 21.412932 21.412917 21.412870 21.412734 21.412351 21.411319 21.408650 21.402031 21.386302 21.350466 21.272172 21.108043 20.777606 20.138207 18.949121 16.829649 13.243056 7.626963 0.000000 
50.000000 45.798759 41.884047 38.483885 35.729156 33.645271 32.171488 31.195599 30.589578 30.236021 30.041885 29.941368 29.892200 29.869438 29.859446 29.855280 29.853627 29.853002 29.852777 29.852699 29.852673 29.852665 29.852663 29.852662 29.852662 29.852662 29.852662 29.852662 29.852661 29.852661 29.852660 29.852656 29.852643 29.852605 29.852493 29.852177 29.851322 29.849101 29.843557 29.830277 29.799704 29.731978 29.587303 29.288322 28.687949 27.510134 25.240829 20.942023 13.053813 0.000000 
50.000000 47.825222 45.798759 44.038643 42.612625 41.533862 40.770919 40.265713 39.951977 39.768937 39.668428 39.616387 39.590930 39.579144 39.573971 39.571813 39.570958 39.570634 39.570517 39.570477 39.570463 39.570459 39.570458 39.570458 39.570458 39.570457 39.570457 39.570457 39.570457 39.570457 39.570457 39.570454 39.570447 39.570426 39.570362 39.570182 39.569694 39.568423 39.565237 39.557561 39.539758 39.499914 39.413541 39.231120 38.852267 38.067544 36.411680 32.744947 23.912611 0.000000 
50.000000 50.000000 50.000000 50.000000 50.000000 50.000000 50.000000 50.000000 50.000000 50.000000 50.000000 50.000000 50.000000 50.000000 50.000000 50.000000 50.000000 50.000000 50.000000 50.000000 50.000000 50.000000 50.000000 50.000000 50.000000 50.000000 50.000000 50.000000 50.000000 50.000000 50.000000 50.000000 50.000000 50.000000 50.000000 50.000000 50.000000 50.000000 50.000000 50.000000 50.000000 50.000000 50.000000 50.000000 50.000000 50.000000 50.000000 50.000000 50.000000 50.000000 
