50.000000 50.000000 50.000000 50.000000 50.000000 50.000000 50.000000 50.000000 50.000000 50.000000 50.000000 50.000000 50.000000 50.000000 50.000000 50.000000 50.000000 50.000000 50.000000 50.000000 50.000000 50.000000 50.000000 50.000000 50.000000 50.000000 50.000000 50.000000 50.000000 50.000000 50.000000 50.000000 50.000000 50.000000 50.000000 50.000000 50.000000 50.000000 50.000000 50.000000 50.000000 50.000000 50.000000 50.000000 50.000000 50.000000 50.000000 50.000000 50.000000 50.000000 
50.000000 48.713053 47.478087 46.340793 45.335544 44.482549 43.787517 43.243528 42.834394 42.538581 42.332874 42.195222 42.106538 42.051496 42.018566 41.999565 41.988985 41.983294 41.980337 41.978852 41.978129 41.977789 41.977634 41.977566 41.977536 41.977523 41.977517 41.977511 41.977501 41.977478 41.977424 41.977304 41.977039 41.976471 41.975287 41.972878 41.968106 41.958881 41.941460 41.909268 41.850910 41.746756 41.562836 41.239169 40.665473 39.625171 37.651061 33.608685 24.356526 0.000000 
50.000000 47.478087 45.058040 42.829394 40.859507 39.187984 37.826007 36.760017 35.958290 35.378626 34.975533 34.705800 34.532020 34.424164 34.359639 34.322408 34.301675 34.290526 34.284732 34.281821 34.280405 34.279739 34.279435 34.279301 34.279243 34.279218 34.279205 34.279194 34.279175 34.279132 34.279033 34.278809 34.278318 34.277266 34.275074 34.270627 34.261838 34.244901 34.213046 34.154489 34.049079 33.862780 33.538381 32.979340 32.020437 30.372570 27.518197 22.529020 13.869402 0.000000 
50.000000 46.340793 42.829394 39.595718 36.737500 34.312205 32.336057 30.789379 29.626135 28.785096 28.200250 27.808900 27.556769 27.400287 27.306672 27.252657 27.222577 27.206402 27.197997 27.193773 27.191720 27.190754 27.190313 27.190118 27.190034 27.189998 27.189980 27.189965 27.189939 27.189881 27.189750 27.189453 27.188802 27.187411 27.184522 27.178678 27.167173 27.145107 27.103857 27.028620 26.894563 26.660852 26.261441 25.590931 24.483152 22.680505 19.797859 15.311197 8.689732 0.000000 
50.000000 45.335544 40.859507 36.737500 33.094110 30.002586 27.483609 25.512089 24.029340 22.957306 22.211839 21.713015 21.391649 21.192199 21.072882 21.004036 20.965700 20.945085 20.934372 20.928990 20.926373 20.925142 20.924580 20.924332 20.924225 20.924179 20.924157 20.924139 20.924109 20.924044 20.923896 20.923562 20.922832 20.921276 20.918055 20.911568 20.898857 20.874627 20.829670 20.748442 20.605441 20.359983 19.948950 19.277293 18.206895 16.547055 14.056995 10.486937 5.710372 0.000000 
50.000000 44.482549 39.187984 34.312205 30.002586 26.345773 23.366222 21.034248 19.280427 18.012423 17.130696 16.540704 16.160608 15.924714 15.783597 15.702175 15.656836 15.632456 15.619788 15.613423 15.610329 15.608872 15.608208 15.607915 15.607788 15.607734 15.607709 15.607689 15.607659 15.607593 15.607443 15.607107 15.606375 15.604821 15.601614 15.595187 15.582664 15.558954 15.515327 15.437305 15.301685 15.072571 14.696531 14.097458 13.172887 11.795691 9.829053 7.167547 3.817076 0.000000 
50.000000 43.787517 37.826007 32.336057 27.483609 23.366222 20.011426 17.385792 15.411140 13.983496 12.990775 12.326525 11.898597 11.633022 11.474153 11.382491 11.331451 11.304005 11.289745 11.282580 11.279097 11.277458 11.276711 11.276380 11.276238 11.276177 11.276149 11.276130 11.276101 11.276040 11.275901 11.275592 11.274918 11.273495 11.270572 11.264742 11.253451 11.232227 11.193511 11.124989 11.007376 10.811713 10.496529 10.005713 9.268764 8.206316 6.745126 4.846668 2.548348 0.000000 
50.000000 43.243528 36.760017 30.789379 25.512089 21.034248 17.385792 14.530354 12.382900 10.830345 9.750783 9.028437 8.563092 8.274300 8.101547 8.001875 7.946377 7.916535 7.901030 7.893240 7.889453 7.887671 7.886859 7.886499 7.886345 7.886280 7.886250 7.886231 7.886205 7.886152 7.886033 7.885768 7.885193 7.883982 7.881506 7.876594 7.867140 7.849499 7.817592 7.761693 7.666894 7.511421 7.265177 6.889263 6.337717 5.563139 4.527937 3.221636 1.680692 0.000000 
50.000000 42.834394 35.958290 29.626135 24.029340 19.280427 15.411140 12.382900 10.105517 8.459047 7.314199 6.548181 6.054711 5.748471 5.565283 5.459594 5.400746 5.369104 5.352663 5.344404 5.340389 5.338500 5.337638 5.337257 5.337094 5.337025 5.336995 5.336976 5.336955 5.336911 5.336815 5.336602 5.336141 5.335175 5.333210 5.329330 5.321910 5.308160 5.283498 5.240705 5.168939 5.052759 4.871479 4.599427 4.207856 3.669357 2.965283 2.095510 1.087638 0.000000 
50.000000 42.538581 35.378626 28.785096 22.957306 18.012423 13.983496 10.830345 8.459047 6.744699 5.552670 4.755095 4.241303 3.922457 3.731732 3.621697 3.560430 3.527488 3.510372 3.501774 3.497594 3.495628 3.494731 3.494335 3.494164 3.494093 3.494062 3.494045 3.494028 3.493994 3.493921 3.493759 3.493411 3.492684 3.491212 3.488321 3.482824 3.472708 3.454705 3.423744 3.372350 3.290108 3.163450 2.976120 2.710738 2.351865 1.890533 1.329547 0.687671 0.000000 
50.000000 42.332874 34.975533 28.200250 22.211839 17.130696 12.990775 9.750783 7.314199 5.552670 4.327848 3.508342 2.980429 2.652825 2.456864 2.343809 2.280863 2.247018 2.229434 2.220600 2.216306 2.214286 2.213365 2.212957 2.212783 2.212710 2.212679 2.212663 2.212649 2.212624 2.212571 2.212455 2.212206 2.211687 2.210642 2.208599 2.204738 2.197677 2.185202 2.163924 2.128926 2.073494 1.989090 1.865786 1.693391 1.463397 1.171631 0.821044 0.423606 0.000000 
50.000000 42.195222 34.705800 27.808900 21.713015 16.540704 12.326525 9.028437 6.548181 4.755095 3.508342 2.674170 2.136816 1.803357 1.603896 1.488824 1.424755 1.390307 1.372410 1.363419 1.359049 1.356992 1.356055 1.355641 1.355463 1.355389 1.355358 1.355343 1.355332 1.355315 1.355278 1.355198 1.355029 1.354677 1.353971 1.352598 1.350015 1.345322 1.337085 1.323139 1.300390 1.264683 1.210844 1.133013 1.025377 0.883345 0.705043 0.492754 0.253762 0.000000 
50.000000 42.106538 34.532020 27.556769 21.391649 16.160608 11.898597 8.563092 6.054711 4.241303 2.980429 2.136816 1.593384 1.256157 1.054444 0.938074 0.873283 0.838447 0.820348 0.811257 0.806837 0.804758 0.803810 0.803391 0.803212 0.803137 0.803106 0.803092 0.803083 0.803071 0.803047 0.802995 0.802885 0.802657 0.802202 0.801321 0.799672 0.796692 0.791494 0.782751 0.768595 0.746550 0.713593 0.666370 0.601655 0.517022 0.411662 0.287119 0.147657 0.000000 
50.000000 42.051496 34.424164 27.400287 21.192199 15.924714 11.633022 8.274300 5.748471 3.922457 2.652825 1.803357 1.256157 0.916593 0.713484 0.596310 0.531071 0.495995 0.477772 0.468618 0.464168 0.462074 0.461120 0.460698 0.460518 0.460442 0.460411 0.460398 0.460391 0.460383 0.460368 0.460335 0.460267 0.460126 0.459845 0.459304 0.458297 0.456485 0.453341 0.448087 0.439633 0.426561 0.407160 0.379571 0.342050 0.293342 0.233114 0.162326 0.083389 0.000000 
50.000000 42.018566 34.359639 27.306672 21.072882 15.783597 11.474153 8.101547 5.565283 3.731732 2.456864 1.603896 1.054444 0.713484 0.509541 0.391886 0.326381 0.291161 0.272863 0.263672 0.259204 0.257102 0.256144 0.255720 0.255539 0.255463 0.255432 0.255420 0.255414 0.255408 0.255399 0.255379 0.255338 0.255255 0.255089 0.254771 0.254180 0.253123 0.251298 0.248264 0.243411 0.235953 0.224953 0.209412 0.188410 0.161314 0.127994 0.089012 0.045688 0.000000 
50.000000 41.999565 34.322408 27.252657 21.004036 15.702175 11.382491 8.001875 5.459594 3.621697 2.343809 1.488824 0.938074 0.596310 0.391886 0.273954 0.208295 0.172993 0.154652 0.145439 0.140961 0.138854 0.137894 0.137469 0.137287 0.137212 0.137181 0.137168 0.137163 0.137159 0.137153 0.137142 0.137119 0.137071 0.136977 0.136797 0.136464 0.135872 0.134853 0.133167 0.130485 0.126384 0.120370 0.111919 0.100561 0.085981 0.068135 0.047334 0.024279 0.000000 
50.000000 41.988985 34.301675 27.222577 20.965700 15.656836 11.331451 7.946377 5.400746 3.560430 2.280863 1.424755 0.873283 0.531071 0.326381 0.208295 0.142550 0.107202 0.088838 0.079613 0.075129 0.073019 0.072057 0.071632 0.071450 0.071375 0.071344 0.071332 0.071327 0.071324 0.071320 0.071314 0.071301 0.071275 0.071224 0.071126 0.070946 0.070625 0.070078 0.069175 0.067746 0.065571 0.062396 0.057956 0.052016 0.044424 0.035166 0.024410 0.012513 0.000000 
50.000000 41.983294 34.290526 27.206402 20.945085 15.632456 11.304005 7.916535 5.369104 3.527488 2.247018 1.390307 0.838447 0.495995 0.291161 0.172993 0.107202 0.071830 0.053453 0.044221 0.039734 0.037623 0.036661 0.036235 0.036053 0.035977 0.035947 0.035934 0.035930 0.035927 0.035925 0.035922 0.035915 0.035901 0.035874 0.035823 0.035729 0.035562 0.035278 0.034812 0.034077 0.032963 0.031343 0.029087 0.026081 0.022253 0.017600 0.012208 0.006255 0.000000 
50.000000 41.980337 34.284732 27.197997 20.934372 15.619788 11.289745 7.901030 5.352663 3.510372 2.229434 1.372410 0.820349 0.477772 0.272864 0.154652 0.088838 0.053453 0.035069 0.025834 0.021346 0.019234 0.018271 0.017845 0.017663 0.017587 0.017557 0.017545 0.017540 0.017538 0.017536 0.017535 0.017531 0.017524 0.017510 0.017485 0.017437 0.017353 0.017211 0.016979 0.016613 0.016062 0.015262 0.014153 0.012680 0.010810 0.008544 0.005923 0.003034 0.000000 
50.000000 41.978852 34.281821 27.193773 20.928990 15.613423 11.282580 7.893240 5.344404 3.501774 2.220600 1.363419 0.811257 0.468618 0.263672 0.145439 0.079613 0.044221 0.025834 0.016598 0.012108 0.009996 0.009033 0.008608 0.008425 0.008349 0.008319 0.008307 0.008302 0.008300 0.008299 0.008298 0.008297 0.008293 0.008286 0.008274 0.008251 0.008210 0.008141 0.008029 0.007854 0.007589 0.007207 0.006679 0.005980 0.005095 0.004024 0.002788 0.001428 0.000000 
50.000000 41.978130 34.280406 27.191721 20.926374 15.610329 11.279098 7.889454 5.340390 3.497595 2.216307 1.359050 0.806838 0.464169 0.259205 0.140962 0.075130 0.039735 0.021346 0.012109 0.007619 0.005507 0.004544 0.004118 0.003936 0.003860 0.003830 0.003817 0.003813 0.003811 0.003810 0.003810 0.003809 0.003807 0.003804 0.003798 0.003787 0.003768 0.003736 0.003684 0.003602 0.003479 0.003303 0.003059 0.002737 0.002330 0.001840 0.001274 0.000652 0.000000 
50.000000 41.977790 34.279740 27.190755 20.925143 15.608874 11.277460 7.887673 5.338502 3.495630 2.214288 1.356995 0.804761 0.462077 0.257105 0.138857 0.073022 0.037626 0.019236 0.009998 0.005508 0.003396 0.002433 0.002007 0.001825 0.001749 0.001719 0.001706 0.001702 0.001700 0.001699 0.001699 0.001699 0.001698 0.001696 0.001694 0.001689 0.001680 0.001665 0.001642 0.001605 0.001550 0.001470 0.001361 0.001217 0.001036 0.000817 0.000566 0.000290 0.000000 
50.000000 41.977636 34.279438 27.190317 20.924585 15.608213 11.276716 7.886865 5.337645 3.494738 2.213372 1.356062 0.803817 0.461127 0.256151 0.137901 0.072065 0.036668 0.018278 0.009040 0.004550 0.002437 0.001474 0.001049 0.000867 0.000791 0.000760 0.000748 0.000743 0.000742 0.000741 0.000741 0.000741 0.000740 0.000740 0.000738 0.000736 0.000732 0.000726 0.000715 0.000699 0.000675 0.000640 0.000592 0.000529 0.000450 0.000355 0.000246 0.000126 0.000000 
50.000000 41.977569 34.279307 27.190127 20.924344 15.607928 11.276395 7.886516 5.337275 3.494353 2.212976 1.355659 0.803410 0.460718 0.255739 0.137488 0.071652 0.036255 0.017865 0.008627 0.004137 0.002024 0.001061 0.000635 0.000453 0.000377 0.000347 0.000335 0.000330 0.000328 0.000328 0.000327 0.000327 0.000327 0.000327 0.000326 0.000325 0.000323 0.000321 0.000316 0.000309 0.000298 0.000282 0.000261 0.000233 0.000198 0.000156 0.000108 0.000055 0.000000 
50.000000 41.977545 34.279259 27.190058 20.924255 15.607824 11.276278 7.886388 5.337139 3.494211 2.212831 1.355512 0.803261 0.460567 0.255589 0.137337 0.071500 0.036103 0.017713 0.008475 0.003985 0.001872 0.000909 0.000484 0.000301 0.000225 0.000195 0.000183 0.000178 0.000177 0.000176 0.000176 0.000176 0.000175 0.000175 0.000175 0.000174 0.000174 0.000172 0.000169 0.000165 0.000160 0.000151 0.000140 0.000125 0.000106 0.000084 0.000058 0.000030 0.000000 
50.000000 41.977545 34.279259 27.190058 20.924255 15.607824 11.276278 7.886388 5.337139 3.494211 2.212831 1.355512 0.803261 0.460567 0.255589 0.137337 0.071500 0.036103 0.017713 0.008475 0.003985 0.001872 0.000909 0.000484 0.000301 0.000225 0.000195 0.000183 0.000178 0.000177 0.000176 0.000176 0.000176 0.000175 0.000175 0.000175 0.000174 0.000174 0.000172 0.000169 0.000165 0.000160 0.000151 0.000140 0.000125 0.000106 0.000084 0.000058 0.000030 0.000000 
50.000000 41.977569 34.279307 27.190127 20.924344 15.607928 11.276395 7.886516 5.337275 3.494353 2.212976 1.355659 0.803410 0.460718 0.255739 0.137488 0.071652 0.036255 0.017865 0.008627 0.004137 0.002024 0.001061 0.000635 0.000453 0.000377 0.000347 0.000335 0.000330 0.000328 0.000328 0.000327 0.000327 0.000327 0.000327 0.000326 0.000325 0.000323 0.000321 0.000316 0.000309 0.000298 0.000282 0.000261 0.000233 0.000198 0.000156 0.000108 0.000055 0.000000 
50.000000 41.977636 34.279438 27.190317 20.924585 15.608213 11.276716 7.886865 5.337645 3.494738 2.213372 1.356062 0.803817 0.461127 0.256151 0.137901 0.072065 0.036668 0.018278 0.009040 0.004550 0.002437 0.001474 0.001049 0.000867 0.000791 0.000760 0.000748 0.000743 0.000742 0.000741 0.000741 0.000741 0.000740 0.000740 0.000738 0.000736 0.000732 0.000726 0.000715 0.000699 0.000675 0.000640 0.000592 0.000529 0.000450 0.000355 0.000246 0.000126 0.000000 
50.000000 41.977790 34.279740 27.190755 20.925143 15.608874 11.277460 7.887673 5.338502 3.495630 2.214288 1.356995 0.804761 0.462077 0.257105 0.138857 0.073022 0.037626 0.019236 0.009998 0.005508 0.003396 0.002433 0.002007 0.001825 0.001749 0.001719 0.001706 0.001702 0.001700 0.001699 0.001699 0.001699 0.001698 0.001696 0.001694 0.001689 0.001680 0.001665 0.001642 0.001605 0.001550 0.001470 0.001361 0.001217 0.001036 0.000817 0.000566 0.000290 0.000000 
50.000000 41.978130 34.280406 27.191721 20.926374 15.610329 11.279098 7.889454 5.340390 3.497595 2.216307 1.359050 0.806838 0.464169 0.259205 0.140962 0.075130 0.039735 0.021346 0.012109 0.007619 0.005507 0.004544 0.004118 0.003936 0.003860 0.003830 0.003817 0.003813 0.003811 0.003810 0.003810 0.003809 0.003807 0.003804 0.003798 0.003787 0.003768 0.003736 0.003684 0.003602 0.003479 0.003303 0.003059 0.002737 0.002330 0.001840 0.001274 0.000652 0.000000 
50.000000 41.978852 34.281821 27.193773 20.928990 15.613423 11.282580 7.893240 5.344404 3.501774 2.220600 1.363419 0.811257 0.468618 0.263672 0.145439 0.079613 0.044221 0.025834 0.016598 0.012108 0.009996 0.009033 0.008608 0.008425 0.008349 0.008319 0.008307 0.008302 0.008300 0.008299 0.008298 0.008297 0.008293 0.008286 0.008274 0.008251 0.008210 0.008141 0.008029 0.007854 0.007589 0.007207 0.006679 0.005980 0.005095 0.004024 0.002788 0.001428 0.000000 
50.000000 41.980337 34.284732 27.197997 20.934372 15.619788 11.289745 7.901030 5.352663 3.510372 2.229434 1.372410 0.820349 0.477772 0.272864 0.154652 0.088838 0.053453 0.035069 0.025834 0.021346 0.019234 0.018271 0.017845 0.017663 0.017587 0.017557 0.017545 0.017540 0.017538 0.017536 0.017535 0.017531 0.017524 0.017510 0.017485 0.017437 0.017353 0.017211 0.016979 0.016613 0.016062 0.015262 0.014153 0.012680 0.010810 0.008544 0.005923 0.003034 0.000000 
50.000000 41.983294 34.290526 27.206402 20.945085 15.632456 11.304005 7.916535 5.369104 3.527488 2.247018 1.390307 0.838447 0.495995 0.291161 0.172993 0.107202 0.071830 0.053453 0.044221 0.039734 0.037623 0.036661 0.036235 0.036053 0.035977 0.035947 0.035934 0.035930 0.035927 0.035925 0.035922 0.035915 0.035901 0.035874 0.035823 0.035729 0.035562 0.035278 0.034812 0.034077 0.032963 0.031343 0.029087 0.026081 0.022253 0.017600 0.012208 0.006255 0.000000 
50.000000 41.988985 34.301675 27.222577 20.965700 15.656836 11.331451 7.946377 5.400746 3.560430 2.280863 1.424755 0.873283 0.531071 0.326381 0.208295 0.142550 0.107202 0.088838 0.079613 0.075129 0.073019 0.072057 0.071632 0.071450 0.071375 0.071344 0.071332 0.071327 0.071324 0.071320 0.071314 0.071301 0.071275 0.071224 0.071126 0.070946 0.070625 0.070078 0.069175 0.067746 0.065571 0.062396 0.057956 0.052016 0.044424 0.035166 0.024410 0.012513 0.000000 
50.000000 41.999565 34.322408 27.252657 21.004036 15.702175 11.382491 8.001875 5.459594 3.621697 2.343809 1.488824 0.938074 0.596310 0.391886 0.273954 0.208295 0.172993 0.154652 0.145439 0.140961 0.138854 0.137894 0.137469 0.137287 0.137212 0.137181 0.137168 0.137163 0.137159 0.137153 0.137142 0.137119 0.137071 0.136977 0.136797 0.136464 0.135872 0.134853 0.133167 0.130485 0.126384 0.120370 0.111919 0.100561 0.085981 0.068135 0.047334 0.024279 0.000000 
50.000000 42.018566 34.359639 27.306672 21.072882 15.783597 11.474153 8.101547 5.565283 3.731732 2.456864 1.603896 1.054444 0.713484 0.509541 0.391886 0.326381 0.291161 0.272863 0.263672 0.259204 0.257102 0.256144 0.255720 0.255539 0.255463 0.255432 0.255420 0.255414 0.255408 0.255399 0.255379 0.255338 0.255255 0.255089 0.254771 0.254180 0.253123 0.251298 0.248264 0.243411 0.235953 0.224953 0.209412 0.188410 0.161314 0.127994 0.089012 0.045688 0.000000 
50.000000 42.051496 34.424164 27.400287 21.192199 15.924714 11.633022 8.274300 5.748471 3.922457 2.652825 1.803357 1.256157 0.916593 0.713484 0.596310 0.531071 0.495995 0.477772 0.468618 0.464168 0.462074 0.461120 0.460698 0.460518 0.460442 0.460411 0.460398 0.460391 0.460383 0.460368 0.460335 0.460267 0.460126 0.459845 0.459304 0.458297 0.456485 0.453341 0.448087 0.439633 0.426561 0.407160 0.379571 0.342050 0.293342 0.233114 0.162326 0.083389 0.000000 
50.000000 42.106538 34.532020 27.556769 21.391649 16.160608 11.898597 8.563092 6.054711 4.241303 2.980429 2.136816 1.593384 1.256157 1.054444 0.938074 0.873283 0.838447 0.820348 0.811257 0.806837 0.804758 0.803810 0.803391 0.803212 0.803137 0.803106 0.803092 0.803083 0.803071 0.803047 0.802995 0.802885 0.802657 0.802202 0.801321 0.799672 0.796692 0.791494 0.782751 0.768595 0.746550 0.713593 0.666370 0.601655 0.517022 0.411662 0.287119 0.147657 0.000000 
50.000000 42.195222 34.705800 27.808900 21.713015 16.540704 12.326525 9.028437 6.548181 4.755095 3.508342 2.674170 2.136816 1.803357 1.603896 1.488824 1.424755 1.390307 1.372410 1.363419 1.359049 1.356992 1.356055 1.355641 1.355463 1.355389 1.355358 1.355343 1.355332 1.355315 1.355278 1.355198 1.355029 1.354677 1.353971 1.352598 1.350015 1.345322 1.337085 1.323139 1.300390 1.264683 1.210844 1.133013 1.025377 0.883345 0.705043 0.492754 0.253762 0.000000 
50.000000 42.332874 34.975533 28.200250 22.211839 17.130696 12.990775 9.750783 7.314199 5.552670 4.327848 3.508342 2.980429 2.652825 2.456864 2.343809 2.280863 2.247018 2.229434 2.220600 2.216306 2.214286 2.213365 2.212957 2.212783 2.212710 2.212679 2.212663 2.212649 2.212624 2.212571 2.212455 2.212206 2.211687 2.210642 2.208599 2.204738 2.197677 2.185202 2.163924 2.128926 2.073494 1.989090 1.865786 1.693391 1.463397 1.171631 0.821044 0.423606 0.000000 
50.000000 42.538581 35.378626 28.785096 22.957306 18.012423 13.983496 10.830345 8.459047 6.744699 5.552670 4.755095 4.241303 3.922457 3.731732 3.621697 3.560430 3.527488 3.510372 3.501774 3.497594 3.495628 3.494731 3.494335 3.494164 3.494093 3.494062 3.494045 3.494028 3.493994 3.493921 3.493759 3.493411 3.492684 3.491212 3.488321 3.482824 3.472708 3.454705 3.423744 3.372350 3.290108 3.163450 2.976120 2.710738 2.351865 1.890533 1.329547 0.687671 0.000000 
50.000000 42.834394 35.958290 29.626135 24.029340 19.280427 15.411140 12.382900 10.105517 8.459047 7.314199 6.548181 6.054711 5.748471 5.565283 5.459594 5.400746 5.369104 5.352663 5.344404 5.340389 5.338500 5.337638 5.337257 5.337094 5.337025 5.336995 5.336976 5.336955 5.336911 5.336815 5.336602 5.336141 5.335175 5.333210 5.329330 5.321910 5.308160 5.283498 5.240705 5.168939 5.052759 4.871479 4.599427 4.207856 3.669357 2.965283 2.095510 1.087638 0.000000 
50.000000 43.243528 36.760017 30.789379 25.512089 21.034248 17.385792 14.530354 12.382900 10.830345 9.750783 9.028437 8.563092 8.274300 8.101547 8.001875 7.946377 7.916535 7.901030 7.893240 7.889453 7.887671 7.886859 7.886499 7.886345 7.886280 7.886250 7.886231 7.886205 7.886152 7.886033 7.885768 7.885193 7.883982 7.881506 7.876594 7.867140 7.849499 7.817592 7.761693 7.666894 7.511421 7.265177 6.889263 6.337717 5.563139 4.527937 3.221636 1.680692 0.000000 
50.000000 43.787517 37.826007 32.336057 27.483609 23.366222 20.011426 17.385792 15.411140 13.983496 12.990775 12.326525 11.898597 11.633022 11.474153 11.382491 11.331451 11.304005 11.289745 11.282580 11.279097 11.277458 11.276711 11.276380 11.276238 11.276177 11.276149 11.276130 11.276101 11.276040 11.275901 11.275592 11.274918 11.273495 11.270572 11.264742 11.253451 11.232227 11.193511 11.124989 11.007376 10.811713 10.496529 10.005713 9.268764 8.206316 6.745126 4.846668 2.548348 0.000000 
50.000000 44.482549 39.187984 34.312205 30.002586 26.345773 23.366222 21.034248 19.280427 18.012423 17.130696 16.540704 16.160608 15.924714 15.783597 15.702175 15.656836 15.632456 15.619788 15.613423 15.610329 15.608872 15.608208 15.607915 15.607788 15.607734 15.607709 15.607689 15.607659 15.607593 15.607443 15.607107 15.606375 15.604821 15.601614 15.595187 15.582664 15.558954 15.515327 15.437305 15.301685 15.072571 14.696531 14.097458 13.172887 11.795691 9.829053 7.167547 3.817076 0.000000 
50.000000 45.335544 40.859507 36.737500 33.094110 30.002586 27.483609 25.512089 24.029340 22.957306 22.211839 21.713015 21.391649 21.192199 21.072882 21.004036 20.965700 20.945085 20.934372 20.928990 20.926373 20.925142 20.924580 20.924332 20.924225 20.924179 20.924157 20.924139 20.924109 20.924044 20.923896 20.923562 20.922832 20.921276 20.918055 20.911568 20.898857 20.874627 20.829670 20.748442 20.605441 20.359983 19.948950 19.277293 18.206895 16.547055 14.056995 10.486937 5.710372 0.000000 
50.000000 46.340793 42.829394 39.595718 36.737500 34.312205 32.336057 30.789379 29.626135 28.785096 28.200250 27.808900 27.556769 27.400287 27.306672 27.252657 27.222577 27.206402 27.197997 27.193773 27.191720 27.190754 27.190313 27.190118 27.190034 27.189998 27.189980 27.189965 27.189939 27.189881 27.189750 27.189453 27.188802 27.187411 27.184522 27.178678 27.167173 27.145107 27.103857 27.028620 26.894563 26.660852 26.261441 25.590931 24.483152 22.680505 19.797859 15.311197 8.689732 0.000000 
50.000000 47.478087 45.058040 42.829394 40.859507 39.187984 37.826007 36.760017 35.958290 35.378626 34.975533 34.705800 34.532020 34.424164 34.359639 34.322408 34.301675 34.290526 34.284732 34.281821 34.280405 34.279739 34.279435 34.279301 34.279243 34.279218 34.279205 34.279194 34.279175 34.279132 34.279033 34.278809 34.278318 34.277266 34.275074 34.270627 34.261838 34.244901 34.213046 34.154489 34.049079 33.862780 33.538381 32.979340 32.020437 30.372570 27.518197 22.529020 13.869402 0.000000 
50.000000 48.713053 47.478087 46.340793 45.335544 44.482549 43.787517 43.243528 42.834394 42.538581 42.332874 42.195222 42.106538 42.051496 42.018566 41.999565 41.988985 41.983294 41.980337 41.978852 41.978129 41.977789 41.977634 41.977566 41.977536 41.977523 41.977517 41.977511 41.977501 41.977478 41.977424 41.977304 41.977039 41.976471 41.975287 41.972878 41.968106 41.958881 41.941460 41.909268 41.850910 41.746756 41.562836 41.239169 40.665473 39.625171 37.651061 33.608685 24.356526 0.000000 
50.000000 50.000000 50.000000 50.000000 50.000000 50.000000 50.000000 50.000000 50.000000 50.000000 50.000000 50.000000 50.000000 50.000000 50.000000 50.000000 50.000000 50.000000 50.000000 50.000000 50.000000 50.000000 50.000000 50.000000 50.000000 50.000000 50.000000 50.000000 50.000000 50.000000 50.000000 50.000000 50.000000 50.000000 50.000000 50.000000 50.000000 50.000000 50.000000 50.000000 50.000000 50.000000 50.000000 50.000000 50.000000 50.000000 50.000000 50.000000 50.000000 50.000000 
