50.000000 50.000000 50.000000 50.000000 50.000000 50.000000 50.000000 50.000000 50.000000 50.000000 50.000000 50.000000 50.000000 50.000000 50.000000 50.000000 50.000000 50.000000 50.000000 50.000000 50.000000 50.000000 50.000000 50.000000 50.000000 50.000000 50.000000 50.000000 50.000000 50.000000 50.000000 50.000000 50.000000 50.000000 50.000000 50.000000 50.000000 50.000000 50.000000 50.000000 50.000000 50.000000 50.000000 50.000000 50.000000 50.000000 50.000000 50.000000 50.000000 50.000000 
50.000000 46.525261 43.428520 40.964917 39.210143 38.086568 37.436830 37.095807 36.932532 36.860872 36.831906 36.821075 36.817313 36.816095 36.815726 36.815621 36.815593 36.815585 36.815584 36.815583 36.815583 36.815583 36.815583 36.815583 36.815583 36.815583 36.815583 36.815583 36.815583 36.815583 36.815583 36.815583 36.815583 36.815583 36.815581 36.815575 36.815549 36.815454 36.815119 36.813997 36.810448 36.799818 36.769665 36.688376 36.478821 35.956630 34.676184 31.502464 23.262631 0.000000 
50.000000 43.428520 37.571999 32.912997 29.594625 27.469996 26.241451 25.596680 25.288001 25.152537 25.097785 25.077314 25.070204 25.067902 25.067204 25.067006 25.066953 25.066939 25.066936 25.066935 25.066935 25.066935 25.066935 25.066935 25.066935 25.066935 25.066935 25.066935 25.066935 25.066935 25.066935 25.066935 25.066935 25.066935 25.066932 25.066921 25.066880 25.066727 25.066188 25.064395 25.058767 25.042096 24.995531 24.872806 24.567141 23.845851 22.228807 18.786000 11.926056 0.000000 
50.000000 40.964917 32.912997 26.507768 21.945921 19.025365 17.336738 16.450597 16.026413 15.840281 15.765061 15.736941 15.727176 15.724015 15.723057 15.722785 15.722712 15.722693 15.722689 15.722688 15.722688 15.722688 15.722688 15.722688 15.722688 15.722688 15.722688 15.722688 15.722688 15.722688 15.722688 15.722688 15.722687 15.722687 15.722684 15.722673 15.722629 15.722467 15.721899 15.720027 15.714208 15.697211 15.650601 15.530844 15.243026 14.597641 13.253884 10.684190 6.288733 0.000000 
50.000000 39.210143 29.594625 21.945921 16.498826 13.011822 10.995887 9.938107 9.431826 9.209701 9.119948 9.086401 9.074753 9.070983 9.069841 9.069516 9.069429 9.069407 9.069402 9.069401 9.069400 9.069400 9.069400 9.069400 9.069400 9.069400 9.069400 9.069400 9.069400 9.069400 9.069400 9.069400 9.069400 9.069400 9.069397 9.069388 9.069351 9.069216 9.068748 9.067215 9.062505 9.048938 9.012413 8.920803 8.707566 8.249413 7.348279 5.748774 3.253514 0.000000 
50.000000 38.086568 27.469996 19.025365 13.011822 9.162510 6.937327 5.769879 5.211175 4.966082 4.867062 4.830056 4.817210 4.813052 4.811793 4.811435 4.811339 4.811315 4.811309 4.811308 4.811307 4.811307 4.811307 4.811307 4.811307 4.811307 4.811307 4.811307 4.811307 4.811307 4.811307 4.811307 4.811307 4.811307 4.811305 4.811299 4.811273 4.811179 4.810856 4.809808 4.806620 4.797559 4.773573 4.714679 4.581255 4.304255 3.782339 2.902855 1.607746 0.000000 
50.000000 37.436830 26.241451 17.336738 10.995887 6.937327 4.591365 3.360658 2.771738 2.513416 2.409063 2.370069 2.356534 2.352154 2.350827 2.350450 2.350349 2.350324 2.350318 2.350317 2.350316 2.350316 2.350316 2.350316 2.350316 2.350316 2.350316 2.350316 2.350316 2.350316 2.350316 2.350316 2.350316 2.350316 2.350315 2.350311 2.350295 2.350239 2.350047 2.349427 2.347561 2.342320 2.328648 2.295683 2.222648 2.075084 1.805895 1.368645 0.748455 0.000000 
50.000000 37.095807 25.596680 16.450597 9.938107 5.769879 3.360658 2.096844 1.492122 1.226890 1.119753 1.079722 1.065828 1.061332 1.059971 1.059584 1.059481 1.059454 1.059448 1.059447 1.059447 1.059446 1.059446 1.059446 1.059446 1.059446 1.059446 1.059446 1.059446 1.059446 1.059446 1.059446 1.059446 1.059446 1.059446 1.059444 1.059435 1.059406 1.059304 1.058981 1.058016 1.055333 1.048422 1.032011 0.996306 0.925694 0.799996 0.601149 0.326143 0.000000 
50.000000 36.932532 25.288001 16.026413 9.431826 5.211175 2.771738 1.492122 0.879866 0.611341 0.502880 0.462356 0.448292 0.443741 0.442364 0.441972 0.441867 0.441841 0.441834 0.441833 0.441833 0.441833 0.441833 0.441833 0.441833 0.441833 0.441833 0.441833 0.441833 0.441833 0.441833 0.441833 0.441832 0.441832 0.441832 0.441831 0.441827 0.441813 0.441766 0.441614 0.441167 0.439933 0.436790 0.429418 0.413616 0.382888 0.329202 0.245905 0.132714 0.000000 
50.000000 36.860872 25.152537 15.840281 9.209701 4.966082 2.513416 1.226890 0.611341 0.341379 0.232340 0.191601 0.177464 0.172889 0.171504 0.171110 0.171005 0.170979 0.170972 0.170971 0.170970 0.170970 0.170970 0.170970 0.170970 0.170970 0.170970 0.170970 0.170970 0.170970 0.170970 0.170970 0.170970 0.170970 0.170970 0.170970 0.170968 0.170962 0.170942 0.170878 0.170689 0.170174 0.168874 0.165855 0.159462 0.147196 0.126073 0.093770 0.050425 0.000000 
50.000000 36.831906 25.097785 15.765061 9.119948 4.867062 2.409063 1.119753 0.502880 0.232340 0.123070 0.082245 0.068078 0.063494 0.062106 0.061711 0.061606 0.061579 0.061573 0.061571 0.061571 0.061571 0.061571 0.061571 0.061571 0.061571 0.061571 0.061571 0.061571 0.061571 0.061571 0.061571 0.061571 0.061571 0.061571 0.061571 0.061570 0.061568 0.061560 0.061535 0.061463 0.061266 0.060772 0.059637 0.057254 0.052733 0.045034 0.033389 0.017909 0.000000 
50.000000 36.821075 25.077314 15.736941 9.086401 4.830056 2.370069 1.079722 0.462356 0.191601 0.082245 0.041388 0.027210 0.022622 0.021233 0.020839 0.020733 0.020706 0.020700 0.020699 0.020698 0.020698 0.020698 0.020698 0.020698 0.020698 0.020698 0.020698 0.020698 0.020698 0.020698 0.020698 0.020698 0.020698 0.020698 0.020698 0.020698 0.020697 0.020694 0.020685 0.020660 0.020590 0.020417 0.020022 0.019200 0.017653 0.015042 0.011126 0.005956 0.000000 
50.000000 36.817313 25.070204 15.727176 9.074753 4.817210 2.356534 1.065828 0.448292 0.177464 0.068078 0.027210 0.013028 0.008439 0.007050 0.006655 0.006549 0.006523 0.006516 0.006515 0.006514 0.006514 0.006514 0.006514 0.006514 0.006514 0.006514 0.006514 0.006514 0.006514 0.006514 0.006514 0.006514 0.006514 0.006514 0.006514 0.006514 0.006514 0.006513 0.006510 0.006502 0.006479 0.006423 0.006295 0.006031 0.005537 0.004710 0.003477 0.001859 0.000000 
50.000000 36.816095 25.067902 15.724015 9.070983 4.813052 2.352154 1.061332 0.443741 0.172889 0.063494 0.022622 0.008439 0.003850 0.002460 0.002065 0.001960 0.001933 0.001927 0.001925 0.001925 0.001925 0.001925 0.001925 0.001925 0.001925 0.001925 0.001925 0.001925 0.001925 0.001925 0.001925 0.001925 0.001925 0.001925 0.001925 0.001925 0.001925 0.001924 0.001924 0.001921 0.001914 0.001897 0.001858 0.001779 0.001632 0.001386 0.001022 0.000546 0.000000 
50.000000 36.815726 25.067204 15.723057 9.069841 4.811793 2.350827 1.059971 0.442364 0.171504 0.062106 0.021233 0.007050 0.002460 0.001071 0.000676 0.000570 0.000544 0.000537 0.000536 0.000536 0.000535 0.000535 0.000535 0.000535 0.000535 0.000535 0.000535 0.000535 0.000535 0.000535 0.000535 0.000535 0.000535 0.000535 0.000535 0.000535 0.000535 0.000535 0.000535 0.000534 0.000532 0.000528 0.000517 0.000494 0.000453 0.000384 0.000283 0.000151 0.000000 
50.000000 36.815621 25.067006 15.722785 9.069516 4.811435 2.350450 1.059584 0.441972 0.171110 0.061711 0.020839 0.006655 0.002065 0.000676 0.000281 0.000175 0.000149 0.000142 0.000141 0.000141 0.000141 0.000141 0.000141 0.000141 0.000141 0.000141 0.000141 0.000141 0.000141 0.000141 0.000141 0.000141 0.000141 0.000141 0.000141 0.000141 0.000141 0.000141 0.000140 0.000140 0.000140 0.000138 0.000136 0.000130 0.000119 0.000101 0.000074 0.000039 0.000000 
50.000000 36.815593 25.066953 15.722712 9.069429 4.811339 2.350349 1.059481 0.441867 0.171005 0.061606 0.020733 0.006549 0.001960 0.000570 0.000175 0.000070 0.000043 0.000037 0.000035 0.000035 0.000035 0.000035 0.000035 0.000035 0.000035 0.000035 0.000035 0.000035 0.000035 0.000035 0.000035 0.000035 0.000035 0.000035 0.000035 0.000035 0.000035 0.000035 0.000035 0.000035 0.000035 0.000034 0.000034 0.000032 0.000029 0.000025 0.000018 0.000010 0.000000 
50.000000 36.815585 25.066939 15.722693 9.069407 4.811315 2.350324 1.059454 0.441841 0.170979 0.061579 0.020706 0.006523 0.001933 0.000544 0.000149 0.000043 0.000016 0.000010 0.000009 0.000008 0.000008 0.000008 0.000008 0.000008 0.000008 0.000008 0.000008 0.000008 0.000008 0.000008 0.000008 0.000008 0.000008 0.000008 0.000008 0.000008 0.000008 0.000008 0.000008 0.000008 0.000008 0.000008 0.000008 0.000008 0.000007 0.000006 0.000004 0.000002 0.000000 
50.000000 36.815584 25.066936 15.722689 9.069402 4.811309 2.350318 1.059448 0.441834 0.170972 0.061573 0.020700 0.006516 0.001927 0.000537 0.000142 0.000037 0.000010 0.000004 0.000002 0.000002 0.000002 0.000002 0.000002 0.000002 0.000002 0.000002 0.000002 0.000002 0.000002 0.000002 0.000002 0.000002 0.000002 0.000002 0.000002 0.000002 0.000002 0.000002 0.000002 0.000002 0.000002 0.000002 0.000002 0.000002 0.000002 0.000001 0.000001 0.000001 0.000000 
50.000000 36.815583 25.066935 15.722688 9.069401 4.811308 2.350317 1.059447 0.441833 0.170971 0.061571 0.020699 0.006515 0.001925 0.000536 0.000141 0.000035 0.000009 0.000002 0.000001 0.000000 0.000000 0.000000 0.000000 0.000000 0.000000 0.000000 0.000000 0.000000 0.000000 0.000000 0.000000 0.000000 0.000000 0.000000 0.000000 0.000000 0.000000 0.000000 0.000000 0.000000 0.000000 0.000000 0.000000 0.000000 0.000000 0.000000 0.000000 0.000000 0.000000 
50.000000 36.815583 25.066935 15.722688 9.069400 4.811307 2.350316 1.059447 0.441833 0.170970 0.061571 0.020698 0.006514 0.001925 0.000536 0.000141 0.000035 0.000008 0.000002 0.000000 0.000000 0.000000 0.000000 0.000000 0.000000 0.000000 0.000000 0.000000 0.000000 0.000000 0.000000 0.000000 0.000000 0.000000 0.000000 0.000000 0.000000 0.000000 0.000000 0.000000 0.000000 0.000000 0.000000 0.000000 0.000000 0.000000 0.000000 0.000000 0.000000 0.000000 
50.000000 36.815583 25.066935 15.722688 9.069400 4.811307 2.350316 1.059446 0.441833 0.170970 0.061571 0.020698 0.006514 0.001925 0.000535 0.000141 0.000035 0.000008 0.000002 0.000000 0.000000 0.000000 0.000000 0.000000 0.000000 0.000000 0.000000 0.000000 0.000000 0.000000 0.000000 0.000000 0.000000 0.000000 0.000000 0.000000 0.000000 0.000000 0.000000 0.000000 0.000000 0.000000 0.000000 0.000000 0.000000 0.000000 0.000000 0.000000 0.000000 0.000000 
50.000000 36.815583 25.066935 15.722688 9.069400 4.811307 2.350316 1.059446 0.441833 0.170970 0.061571 0.020698 0.006514 0.001925 0.000535 0.000141 0.000035 0.000008 0.000002 0.000000 0.000000 0.000000 0.000000 0.000000 0.000000 0.000000 0.000000 0.000000 0.000000 0.000000 0.000000 0.000000 0.000000 0.000000 0.000000 0.000000 0.000000 0.000000 0.000000 0.000000 0.000000 0.000000 0.000000 0.000000 0.000000 0.000000 0.000000 0.000000 0.000000 0.000000 
50.000000 36.815583 25.066935 15.722688 9.069400 4.811307 2.350316 1.059446 0.441833 0.170970 0.061571 0.020698 0.006514 0.001925 0.000535 0.000141 0.000035 0.000008 0.000002 0.000000 0.000000 0.000000 0.000000 0.000000 0.000000 0.000000 0.000000 0.000000 0.000000 0.000000 0.000000 0.000000 0.000000 0.000000 0.000000 0.000000 0.000000 0.000000 0.000000 0.000000 0.000000 0.000000 0.000000 0.000000 0.000000 0.000000 0.000000 0.000000 0.000000 0.000000 
50.000000 36.815583 25.066935 15.722688 9.069400 4.811307 2.350316 1.059446 0.441833 0.170970 0.061571 0.020698 0.006514 0.001925 0.000535 0.000141 0.000035 0.000008 0.000002 0.000000 0.000000 0.000000 0.000000 0.000000 0.000000 0.000000 0.000000 0.000000 0.000000 0.000000 0.000000 0.000000 0.000000 0.000000 0.000000 0.000000 0.000000 0.000000 0.000000 0.000000 0.000000 0.000000 0.000000 0.000000 0.000000 0.000000 0.000000 0.000000 0.000000 0.000000 
50.000000 36.815583 25.066935 15.722688 9.069400 4.811307 2.350316 1.059446 0.441833 0.170970 0.061571 0.020698 0.006514 0.001925 0.000535 0.000141 0.000035 0.000008 0.000002 0.000000 0.000000 0.000000 0.000000 0.000000 0.000000 0.000000 0.000000 0.000000 0.000000 0.000000 0.000000 0.000000 0.000000 0.000000 0.000000 0.000000 0.000000 0.000000 0.000000 0.000000 0.000000 0.000000 0.000000 0.000000 0.000000 0.000000 0.000000 0.000000 0.000000 0.000000 
50.000000 36.815583 25.066935 15.722688 9.069400 4.811307 2.350316 1.059446 0.441833 0.170970 0.061571 0.020698 0.006514 0.001925 0.000535 0.000141 0.000035 0.000008 0.000002 0.000000 0.000000 0.000000 0.000000 0.000000 0.000000 0.000000 0.000000 0.000000 0.000000 0.000000 0.000000 0.000000 0.000000 0.000000 0.000000 0.000000 0.000000 0.000000 0.000000 0.000000 0.000000 0.000000 0.000000 0.000000 0.000000 0.000000 0.000000 0.000000 0.000000 0.000000 
50.000000 36.815583 25.066935 15.722688 9.069400 4.811307 2.350316 1.059446 0.441833 0.170970 0.061571 0.020698 0.006514 0.001925 0.000535 0.000141 0.000035 0.000008 0.000002 0.000000 0.000000 0.000000 0.000000 0.000000 0.000000 0.000000 0.000000 0.000000 0.000000 0.000000 0.000000 0.000000 0.000000 0.000000 0.000000 0.000000 0.000000 0.000000 0.000000 0.000000 0.000000 0.000000 0.000000 0.000000 0.000000 0.000000 0.000000 0.000000 0.000000 0.000000 
50.000000 36.815583 25.066935 15.722688 9.069400 4.811307 2.350316 1.059446 0.441833 0.170970 0.061571 0.020698 0.006514 0.001925 0.000535 0.000141 0.000035 0.000008 0.000002 0.000000 0.000000 0.000000 0.000000 0.000000 0.000000 0.000000 0.000000 0.000000 0.000000 0.000000 0.000000 0.000000 0.000000 0.000000 0.000000 0.000000 0.000000 0.000000 0.000000 0.000000 0.000000 0.000000 0.000000 0.000000 0.000000 0.000000 0.000000 0.000000 0.000000 0.000000 
50.000000 36.815583 25.066935 15.722688 9.069400 4.811307 2.350316 1.059447 0.441833 0.170970 0.061571 0.020698 0.006514 0.001925 0.000536 0.000141 0.000035 0.000008 0.000002 0.000000 0.000000 0.000000 0.000000 0.000000 0.000000 0.000000 0.000000 0.000000 0.000000 0.000000 0.000000 0.000000 0.000000 0.000000 0.000000 0.000000 0.000000 0.000000 0.000000 0.000000 0.000000 0.000000 0.000000 0.000000 0.000000 0.000000 0.000000 0.000000 0.000000 0.000000 
50.000000 36.815583 25.066935 15.722688 9.069401 4.811308 2.350317 1.059447 0.441833 0.170971 0.061571 0.020699 0.006515 0.001925 0.000536 0.000141 0.000035 0.000009 0.000002 0.000001 0.000000 0.000000 0.000000 0.000000 0.000000 0.000000 0.000000 0.000000 0.000000 0.000000 0.000000 0.000000 0.000000 0.000000 0.000000 0.000000 0.000000 0.000000 0.000000 0.000000 0.000000 0.000000 0.000000 0.000000 0.000000 0.000000 0.000000 0.000000 0.000000 0.000000 
50.000000 36.815584 25.066936 15.722689 9.069402 4.811309 2.350318 1.059448 0.441834 0.170972 0.061573 0.020700 0.006516 0.001927 0.000537 0.000142 0.000037 0.000010 0.000004 0.000002 0.000002 0.000002 0.000002 0.000002 0.000002 0.000002 0.000002 0.000002 0.000002 0.000002 0.000002 0.000002 0.000002 0.000002 0.000002 0.000002 0.000002 0.000002 0.000002 0.000002 0.000002 0.000002 0.000002 0.000002 0.000002 0.000002 0.000001 0.000001 0.000001 0.000000 
50.000000 36.815585 25.066939 15.722693 9.069407 4.811315 2.350324 1.059454 0.441841 0.170979 0.061579 0.020706 0.006523 0.001933 0.000544 0.000149 0.000043 0.000016 0.000010 0.000009 0.000008 0.000008 0.000008 0.000008 0.000008 0.000008 0.000008 0.000008 0.000008 0.000008 0.000008 0.000008 0.000008 0.000008 0.000008 0.000008 0.000008 0.000008 0.000008 0.000008 0.000008 0.000008 0.000008 0.000008 0.000008 0.000007 0.000006 0.000004 0.000002 0.000000 
50.000000 36.815593 25.066953 15.722712 9.069429 4.811339 2.350349 1.059481 0.441867 0.171005 0.061606 0.020733 0.006549 0.001960 0.000570 0.000175 0.000070 0.000043 0.000037 0.000035 0.000035 0.000035 0.000035 0.000035 0.000035 0.000035 0.000035 0.000035 0.000035 0.000035 0.000035 0.000035 0.000035 0.000035 0.000035 0.000035 0.000035 0.000035 0.000035 0.000035 0.000035 0.000035 0.000034 0.000034 0.000032 0.000029 0.000025 0.000018 0.000010 0.000000 
50.000000 36.815621 25.067006 15.722785 9.069516 4.811435 2.350450 1.059584 0.441972 0.171110 0.061711 0.020839 0.006655 0.002065 0.000676 0.000281 0.000175 0.000149 0.000142 0.000141 0.000141 0.000141 0.000141 0.000141 0.000141 0.000141 0.000141 0.000141 0.000141 0.000141 0.000141 0.000141 0.000141 0.000141 0.000141 0.000141 0.000141 0.000141 0.000141 0.000140 0.000140 0.000140 0.000138 0.000136 0.000130 0.000119 0.000101 0.000074 0.000039 0.000000 
50.000000 36.815726 25.067204 15.723057 9.069841 4.811793 2.350827 1.059971 0.442364 0.171504 0.062106 0.021233 0.007050 0.002460 0.001071 0.000676 0.000570 0.000544 0.000537 0.000536 0.000536 0.000535 0.000535 0.000535 0.000535 0.000535 0.000535 0.000535 0.000535 0.000535 0.000535 0.000535 0.000535 0.000535 0.000535 0.000535 0.000535 0.000535 0.000535 0.000535 0.000534 0.000532 0.000528 0.000517 0.000494 0.000453 0.000384 0.000283 0.000151 0.000000 
50.000000 36.816095 25.067902 15.724015 9.070983 4.813052 2.352154 1.061332 0.443741 0.172889 0.063494 0.022622 0.008439 0.003850 0.002460 0.002065 0.001960 0.001933 0.001927 0.001925 0.001925 0.001925 0.001925 0.001925 0.001925 0.001925 0.001925 0.001925 0.001925 0.001925 0.001925 0.001925 0.001925 0.001925 0.001925 0.001925 0.001925 0.001925 0.001924 0.001924 0.001921 0.001914 0.001897 0.001858 0.001779 0.001632 0.001386 0.001022 0.000546 0.000000 
50.000000 36.817313 25.070204 15.727176 9.074753 4.817210 2.356534 1.065828 0.448292 0.177464 0.068078 0.027210 0.013028 0.008439 0.007050 0.006655 0.006549 0.006523 0.006516 0.006515 0.006514 0.006514 0.006514 0.006514 0.006514 0.006514 0.006514 0.006514 0.006514 0.006514 0.006514 0.006514 0.006514 0.006514 0.006514 0.006514 0.006514 0.006514 0.006513 0.006510 0.006502 0.006479 0.006423 0.006295 0.006031 0.005537 0.004710 0.003477 0.001859 0.000000 
50.000000 36.821075 25.077314 15.736941 9.086401 4.830056 2.370069 1.079722 0.462356 0.191601 0.082245 0.041388 0.027210 0.022622 0.021233 0.020839 0.020733 0.020706 0.020700 0.020699 0.020698 0.020698 0.020698 0.020698 0.020698 0.020698 0.020698 0.020698 0.020698 0.020698 0.020698 0.020698 0.020698 0.020698 0.020698 0.020698 0.020698 0.020697 0.020694 0.020685 0.020660 0.020590 0.020417 0.020022 0.019200 0.017653 0.015042 0.011126 0.005956 0.000000 
50.000000 36.831906 25.097785 15.765061 9.119948 4.867062 2.409063 1.119753 0.502880 0.232340 0.123070 0.082245 0.068078 0.063494 0.062106 0.061711 0.061606 0.061579 0.061573 0.061571 0.061571 0.061571 0.061571 0.061571 0.061571 0.061571 0.061571 0.061571 0.061571 0.061571 0.061571 0.061571 0.061571 0.061571 0.061571 0.061571 0.061570 0.061568 0.061560 0.061535 0.061463 0.061266 0.060772 0.059637 0.057254 0.052733 0.045034 0.033389 0.017909 0.000000 
50.000000 36.860872 25.152537 15.840281 9.209701 4.966082 2.513416 1.226890 0.611341 0.341379 0.232340 0.191601 0.177464 0.172889 0.171504 0.171110 0.171005 0.170979 0.170972 0.170971 0.170970 0.170970 0.170970 0.170970 0.170970 0.170970 0.170970 0.170970 0.170970 0.170970 0.170970 0.170970 0.170970 0.170970 0.170970 0.170970 0.170968 0.170962 0.170942 0.170878 0.170689 0.170174 0.168874 0.165855 0.159462 0.147196 0.126073 0.093770 0.050425 0.000000 
50.000000 36.932532 25.288001 16.026413 9.431826 5.211175 2.771738 1.492122 0.879866 0.611341 0.502880 0.462356 0.448292 0.443741 0.442364 0.441972 0.441867 0.441841 0.441834 0.441833 0.441833 0.441833 0.441833 0.441833 0.441833 0.441833 0.441833 0.441833 0.441833 0.441833 0.441833 0.441833 0.441832 0.441832 0.441832 0.441831 0.441827 0.441813 0.441766 0.441614 0.441167 0.439933 0.436790 0.429418 0.413616 0.382888 0.329202 0.245905 0.132714 0.000000 
50.000000 37.095807 25.596680 16.450597 9.938107 5.769879 3.360658 2.096844 1.492122 1.226890 1.119753 1.079722 1.065828 1.061332 1.059971 1.059584 1.059481 1.059454 1.059448 1.059447 1.059447 1.059446 1.059446 1.059446 1.059446 1.059446 1.059446 1.059446 1.059446 1.059446 1.059446 1.059446 1.059446 1.059446 1.059446 1.059444 1.059435 1.059406 1.059304 1.058981 1.058016 1.055333 1.048422 1.032011 0.996306 0.925694 0.799996 0.601149 0.326143 0.000000 
50.000000 37.436830 26.241451 17.336738 10.995887 6.937327 4.591365 3.360658 2.771738 2.513416 2.409063 2.370069 2.356534 2.352154 2.350827 2.350450 2.350349 2.350324 2.350318 2.350317 2.350316 2.350316 2.350316 2.350316 2.350316 2.350316 2.350316 2.350316 2.350316 2.350316 2.350316 2.350316 2.350316 2.350316 2.350315 2.350311 2.350295 2.350239 2.350047 2.349427 2.347561 2.342320 2.328648 2.295683 2.222648 2.075084 1.805895 1.368645 0.748455 0.000000 
50.000000 38.086568 27.469996 19.025365 13.011822 9.162510 6.937327 5.769879 5.211175 4.966082 4.867062 4.830056 4.817210 4.813052 4.811793 4.811435 4.811339 4.811315 4.811309 4.811308 4.811307 4.811307 4.811307 4.811307 4.811307 4.811307 4.811307 4.811307 4.811307 4.811307 4.811307 4.811307 4.811307 4.811307 4.811305 4.811299 4.811273 4.811179 4.810856 4.809808 4.806620 4.797559 4.773573 4.714679 4.581255 4.304255 3.782339 2.902855 1.607746 0.000000 
50.000000 39.210143 29.594625 21.945921 16.498826 13.011822 10.995887 9.938107 9.431826 9.209701 9.119948 9.086401 9.074753 9.070983 9.069841 9.069516 9.069429 9.069407 9.069402 9.069401 9.069400 9.069400 9.069400 9.069400 9.069400 9.069400 9.069400 9.069400 9.069400 9.069400 9.069400 9.069400 9.069400 9.069400 9.069397 9.069388 9.069351 9.069216 9.068748 9.067215 9.062505 9.048938 9.012413 8.920803 8.707566 8.249413 7.348279 5.748774 3.253514 0.000000 
50.000000 40.964917 32.912997 26.507768 21.945921 19.025365 17.336738 16.450597 16.026413 15.840281 15.765061 15.736941 15.727176 15.724015 15.723057 15.722785 15.722712 15.722693 15.722689 15.722688 15.722688 15.722688 15.722688 15.722688 15.722688 15.722688 15.722688 15.722688 15.722688 15.722688 15.722688 15.722688 15.722687 15.722687 15.722684 15.722673 15.722629 15.722467 15.721899 15.720027 15.714208 15.697211 15.650601 15.530844 15.243026 14.597641 13.253884 10.684190 6.288733 0.000000 
50.000000 43.428520 37.571999 32.912997 29.594625 27.469996 26.241451 25.596680 25.288001 25.152537 25.097785 25.077314 25.070204 25.067902 25.067204 25.067006 25.066953 25.066939 25.066936 25.066935 25.066935 25.066935 25.066935 25.066935 25.066935 25.066935 25.066935 25.066935 25.066935 25.066935 25.066935 25.066935 25.066935 25.066935 25.066932 25.066921 25.066880 25.066727 25.066188 25.064395 25.058767 25.042096 24.995531 24.872806 24.567141 23.845851 22.228807 18.786000 11.926056 0.000000 
50.000000 46.525261 43.428520 40.964917 39.210143 38.086568 37.436830 37.095807 36.932532 36.860872 36.831906 36.821075 36.817313 36.816095 36.815726 36.815621 36.815593 36.815585 36.815584 36.815583 36.815583 36.815583 36.815583 36.815583 36.815583 36.815583 36.815583 36.815583 36.815583 36.815583 36.815583 36.815583 36.815583 36.815583 36.815581 36.815575 36.815549 36.815454 36.815119 36.813997 36.810448 36.799818 36.769665 36.688376 36.478821 35.956630 34.676184 31.502464 23.262631 0.000000 
50.000000 50.000000 50.000000 50.000000 50.000000 50.000000 50.000000 50.000000 50.000000 50.000000 50.000000 50.000000 50.000000 50.000000 50.000000 50.000000 50.000000 50.000000 50.000000 50.000000 50.000000 50.000000 50.000000 50.000000 50.000000 50.000000 50.000000 50.000000 50.000000 50.000000 50.000000 50.000000 50.000000 50.000000 50.000000 50.000000 50.000000 50.000000 50.000000 50.000000 50.000000 50.000000 50.000000 50.000000 50.000000 50.000000 50.000000 50.000000 50.000000 50.000000 
