50.000000 50.000000 50.000000 50.000000 50.000000 50.000000 50.000000 50.000000 50.000000 50.000000 50.000000 50.000000 50.000000 50.000000 50.000000 50.000000 50.000000 50.000000 50.000000 50.000000 50.000000 50.000000 50.000000 50.000000 50.000000 50.000000 50.000000 50.000000 50.000000 50.000000 50.000000 50.000000 50.000000 50.000000 50.000000 50.000000 50.000000 50.000000 50.000000 50.000000 50.000000 50.000000 50.000000 50.000000 50.000000 50.000000 50.000000 50.000000 50.000000 50.000000 
50.000000 48.635850 47.330103 46.133666 45.084064 44.202267 43.492593 42.945245 42.540507 42.253421 42.057980 41.930206 41.849934 41.801441 41.773254 41.757477 41.748968 41.744543 41.742322 41.741246 41.740742 41.740514 41.740414 41.740372 41.740354 41.740347 41.740343 41.740340 41.740334 41.740319 41.740283 41.740200 41.740011 41.739590 41.738683 41.736781 41.732899 41.725183 41.710226 41.681904 41.629394 41.533738 41.361682 41.053919 40.500690 39.485660 37.541479 33.533089 24.317925 0.000000 
50.000000 47.330103 44.774511 42.432864 40.378606 38.652778 37.263829 36.192585 35.400454 34.838589 34.456088 34.206021 34.048921 33.954018 33.898853 33.867977 33.851325 33.842666 33.838320 33.836214 33.835228 33.834782 33.834586 33.834503 33.834469 33.834455 33.834448 33.834441 33.834430 33.834402 33.834336 33.834183 33.833832 33.833056 33.831385 33.827888 33.820769 33.806661 33.779425 33.728124 33.633682 33.463317 33.161164 32.631947 31.711426 30.110949 27.312700 22.387255 13.797014 0.000000 
50.000000 46.133666 42.432864 39.041890 36.067099 33.567923 31.556596 30.005348 28.858288 28.044676 27.490800 27.128698 26.901216 26.763798 26.683922 26.639216 26.615105 26.602567 26.596275 26.593226 26.591799 26.591153 26.590869 26.590749 26.590699 26.590679 26.590669 26.590660 26.590645 26.590608 26.590522 26.590319 26.589858 26.588838 26.586651 26.582086 26.572830 26.554577 26.519550 26.454090 26.334811 26.122570 25.753135 25.122812 24.066751 22.327963 19.520945 15.120164 8.592187 0.000000 
50.000000 45.084064 40.378606 36.067099 32.284774 29.107195 26.549913 24.577614 23.119226 22.084803 21.380617 20.920255 20.631049 20.456348 20.354802 20.297969 20.267318 20.251380 20.243382 20.239506 20.237692 20.236870 20.236510 20.236357 20.236294 20.236268 20.236256 20.236246 20.236228 20.236188 20.236091 20.235865 20.235352 20.234223 20.231808 20.226788 20.216659 20.196803 20.158988 20.088981 19.962940 19.742124 19.365495 18.739965 17.728929 16.142387 13.739137 10.267657 5.598404 0.000000 
50.000000 44.202267 38.652778 33.567923 29.107195 25.359711 22.343804 20.017817 18.297923 17.078034 16.247605 15.704721 15.363681 15.157672 15.037932 14.970916 14.934776 14.915983 14.906553 14.901984 14.899844 14.898876 14.898451 14.898271 14.898197 14.898166 14.898152 14.898142 14.898124 14.898083 14.897987 14.897762 14.897254 14.896139 14.893763 14.888849 14.878988 14.859789 14.823527 14.757077 14.638947 14.435250 14.094693 13.543197 12.679855 11.378267 9.501173 6.941352 3.701577 0.000000 
50.000000 43.492593 37.263829 31.556596 26.549913 22.343804 18.958838 16.348251 14.417943 13.048833 12.116840 11.507571 11.124836 10.893646 10.759272 10.684069 10.643514 10.622426 10.611845 10.606718 10.604317 10.603231 10.602754 10.602552 10.602469 10.602435 10.602420 10.602409 10.602393 10.602355 10.602267 10.602063 10.601603 10.600597 10.598461 10.594067 10.585303 10.568362 10.536636 10.479100 10.378091 10.206557 9.925063 9.479419 8.800606 7.809948 6.433784 4.631881 2.438674 0.000000 
50.000000 42.945245 36.192585 30.005348 24.577614 20.017817 16.348251 13.518206 11.425656 9.941497 8.931204 8.270762 7.855888 7.605290 7.459640 7.378128 7.334172 7.311316 7.299848 7.294292 7.291690 7.290512 7.289996 7.289777 7.289687 7.289651 7.289635 7.289625 7.289610 7.289578 7.289504 7.289332 7.288945 7.288103 7.286325 7.282684 7.275467 7.261616 7.235898 7.189724 7.109626 6.975517 6.759103 6.423188 5.923124 5.212119 4.252213 3.031421 1.583564 0.000000 
50.000000 42.540507 35.400454 28.858288 23.119226 18.297923 14.417943 11.425656 9.213174 7.643975 6.575811 5.877550 5.438928 5.173992 5.020011 4.933839 4.887371 4.863209 4.851087 4.845213 4.842464 4.841219 4.840673 4.840442 4.840347 4.840308 4.840292 4.840282 4.840270 4.840245 4.840186 4.840050 4.839747 4.839088 4.837702 4.834880 4.829320 4.818725 4.799213 4.764514 4.704984 4.606587 4.450139 4.211386 3.862673 3.377102 2.735717 1.937137 1.006769 0.000000 
50.000000 42.253421 34.838589 28.044676 22.084803 17.078034 13.048833 9.941497 7.643975 6.014483 4.905293 4.180225 3.724772 3.449674 3.289791 3.200317 3.152070 3.126984 3.114398 3.108300 3.105445 3.104153 3.103586 3.103346 3.103247 3.103208 3.103191 3.103183 3.103173 3.103154 3.103110 3.103009 3.102784 3.102299 3.101282 3.099223 3.095190 3.087555 3.073603 3.049009 3.007241 2.938990 2.831872 2.670742 2.439087 2.121863 1.709866 1.204907 0.624027 0.000000 
50.000000 42.057980 34.456088 27.490800 21.380617 16.247605 12.116840 8.931204 6.575811 4.905293 3.768191 3.024887 2.557986 2.275978 2.112081 2.020363 1.970906 1.945192 1.932291 1.926040 1.923114 1.921790 1.921209 1.920963 1.920862 1.920821 1.920805 1.920797 1.920789 1.920776 1.920745 1.920674 1.920517 1.920178 1.919473 1.918051 1.915282 1.910072 1.900621 1.884095 1.856283 1.811297 1.741480 1.637740 1.490528 1.291636 1.036710 0.727964 0.376076 0.000000 
50.000000 41.930206 34.206021 27.128698 20.920255 15.704721 11.507571 8.270762 5.877550 4.180225 3.024887 2.269671 1.795293 1.508772 1.342254 1.249071 1.198825 1.172701 1.159594 1.153244 1.150272 1.148926 1.148337 1.148087 1.147984 1.147943 1.147926 1.147919 1.147913 1.147904 1.147883 1.147836 1.147731 1.147507 1.147042 1.146110 1.144303 1.140925 1.134836 1.124266 1.106622 1.078337 1.034864 0.970935 0.881195 0.761267 0.609148 0.426596 0.219980 0.000000 
50.000000 41.849934 34.048921 26.901216 20.631049 15.363681 11.124836 7.855888 5.438928 3.724772 2.557986 1.795293 1.316221 1.026869 0.858708 0.764605 0.713865 0.687483 0.674248 0.667836 0.664834 0.663475 0.662880 0.662627 0.662523 0.662482 0.662466 0.662459 0.662454 0.662448 0.662434 0.662405 0.662339 0.662197 0.661906 0.661323 0.660200 0.658111 0.654368 0.647913 0.637217 0.620203 0.594272 0.556474 0.503892 0.434246 0.346639 0.242259 0.124750 0.000000 
50.000000 41.801441 33.954018 26.763798 20.456348 15.157672 10.893646 7.605290 5.173992 3.449674 2.275978 1.508772 1.026869 0.735808 0.566655 0.471999 0.420960 0.394423 0.381110 0.374660 0.371641 0.370274 0.369676 0.369422 0.369317 0.369276 0.369259 0.369253 0.369249 0.369245 0.369237 0.369219 0.369179 0.369094 0.368919 0.368572 0.367904 0.366669 0.364468 0.360696 0.354485 0.344672 0.329824 0.308343 0.278684 0.239689 0.190968 0.133249 0.068542 0.000000 
50.000000 41.773254 33.898853 26.683922 20.354802 15.037932 10.759272 7.459640 5.020011 3.289791 2.112081 1.342254 0.858708 0.566655 0.396927 0.301949 0.250737 0.224110 0.210752 0.204281 0.201251 0.199880 0.199279 0.199024 0.198920 0.198878 0.198862 0.198855 0.198852 0.198849 0.198845 0.198834 0.198811 0.198762 0.198662 0.198463 0.198084 0.197384 0.196144 0.194030 0.190568 0.185131 0.176956 0.165205 0.149083 0.128014 0.101835 0.070965 0.036472 0.000000 
50.000000 41.757477 33.867977 26.639216 20.297969 14.970916 10.684069 7.378128 4.933839 3.200317 2.020363 1.249071 0.764605 0.471999 0.301949 0.206791 0.155482 0.128806 0.115423 0.108939 0.105904 0.104530 0.103928 0.103673 0.103568 0.103526 0.103510 0.103504 0.103501 0.103499 0.103496 0.103490 0.103478 0.103451 0.103396 0.103287 0.103080 0.102700 0.102029 0.100890 0.099035 0.096137 0.091803 0.085608 0.077153 0.066161 0.052565 0.036592 0.018794 0.000000 
50.000000 41.748968 33.851325 26.615105 20.267318 14.934776 10.643514 7.334172 4.887371 3.152070 1.970906 1.198825 0.713865 0.420960 0.250737 0.155482 0.104122 0.077418 0.064021 0.057531 0.054493 0.053118 0.052515 0.052260 0.052155 0.052113 0.052097 0.052091 0.052088 0.052087 0.052085 0.052082 0.052075 0.052061 0.052032 0.051975 0.051866 0.051667 0.051318 0.050728 0.049771 0.048283 0.046069 0.042917 0.038637 0.033095 0.026267 0.018270 0.009378 0.000000 
50.000000 41.744543 33.842666 26.602567 20.251380 14.915983 10.622426 7.311316 4.863210 3.126984 1.945192 1.172701 0.687483 0.394423 0.224110 0.128806 0.077418 0.050701 0.037297 0.030803 0.027764 0.026388 0.025785 0.025529 0.025424 0.025382 0.025366 0.025360 0.025358 0.025357 0.025356 0.025354 0.025350 0.025343 0.025328 0.025299 0.025245 0.025145 0.024970 0.024675 0.024200 0.023463 0.022371 0.020823 0.018729 0.016027 0.012709 0.008834 0.004532 0.000000 
50.000000 41.742322 33.838320 26.596275 20.243382 14.906553 10.611845 7.299848 4.851087 3.114398 1.932291 1.159594 0.674248 0.381110 0.210752 0.115423 0.064021 0.037297 0.023890 0.017394 0.014354 0.012977 0.012375 0.012119 0.012014 0.011972 0.011956 0.011950 0.011947 0.011946 0.011946 0.011945 0.011943 0.011940 0.011932 0.011918 0.011892 0.011843 0.011759 0.011617 0.011389 0.011036 0.010516 0.009782 0.008791 0.007517 0.005956 0.004138 0.002122 0.000000 
50.000000 41.741246 33.836214 26.593227 20.239506 14.901984 10.606718 7.294292 4.845213 3.108300 1.926040 1.153244 0.667836 0.374661 0.204281 0.108939 0.057531 0.030804 0.017394 0.010898 0.007858 0.006481 0.005878 0.005622 0.005517 0.005475 0.005459 0.005453 0.005451 0.005450 0.005449 0.005449 0.005448 0.005446 0.005443 0.005436 0.005424 0.005401 0.005362 0.005296 0.005190 0.005028 0.004788 0.004451 0.003997 0.003416 0.002705 0.001878 0.000963 0.000000 
50.000000 41.740743 33.835229 26.591799 20.237692 14.899845 10.604318 7.291691 4.842464 3.105445 1.923115 1.150272 0.664834 0.371642 0.201252 0.105904 0.054493 0.027764 0.014354 0.007858 0.004817 0.003440 0.002837 0.002581 0.002476 0.002434 0.002418 0.002412 0.002410 0.002409 0.002409 0.002408 0.002408 0.002407 0.002406 0.002403 0.002397 0.002387 0.002369 0.002339 0.002292 0.002219 0.002113 0.001963 0.001762 0.001504 0.001191 0.000826 0.000424 0.000000 
50.000000 41.740514 33.834782 26.591153 20.236871 14.898876 10.603232 7.290513 4.841220 3.104154 1.921791 1.148927 0.663476 0.370276 0.199881 0.104531 0.053119 0.026389 0.012979 0.006482 0.003441 0.002064 0.001461 0.001205 0.001100 0.001058 0.001042 0.001036 0.001034 0.001033 0.001033 0.001033 0.001032 0.001032 0.001031 0.001030 0.001028 0.001023 0.001015 0.001002 0.000982 0.000950 0.000904 0.000840 0.000753 0.000643 0.000509 0.000353 0.000181 0.000000 
50.000000 41.740415 33.834587 26.590871 20.236512 14.898454 10.602757 7.289999 4.840676 3.103590 1.921213 1.148340 0.662883 0.369679 0.199283 0.103931 0.052519 0.025788 0.012378 0.005881 0.002840 0.001463 0.000860 0.000605 0.000499 0.000458 0.000441 0.000435 0.000433 0.000432 0.000432 0.000432 0.000432 0.000432 0.000431 0.000431 0.000430 0.000428 0.000425 0.000419 0.000410 0.000397 0.000378 0.000351 0.000314 0.000268 0.000212 0.000147 0.000075 0.000000 
50.000000 41.740373 33.834506 26.590754 20.236363 14.898278 10.602560 7.289786 4.840451 3.103355 1.920972 1.148096 0.662637 0.369431 0.199034 0.103682 0.052269 0.025539 0.012128 0.005632 0.002590 0.001214 0.000611 0.000355 0.000250 0.000208 0.000192 0.000186 0.000183 0.000183 0.000182 0.000182 0.000182 0.000182 0.000182 0.000182 0.000181 0.000180 0.000179 0.000177 0.000173 0.000167 0.000159 0.000148 0.000132 0.000113 0.000089 0.000062 0.000032 0.000000 
50.000000 41.740359 33.834478 26.590712 20.236310 14.898215 10.602490 7.289710 4.840370 3.103272 1.920887 1.148009 0.662549 0.369343 0.198945 0.103594 0.052180 0.025450 0.012039 0.005543 0.002501 0.001125 0.000522 0.000266 0.000161 0.000119 0.000103 0.000097 0.000094 0.000094 0.000093 0.000093 0.000093 0.000093 0.000093 0.000093 0.000093 0.000092 0.000092 0.000090 0.000088 0.000086 0.000081 0.000075 0.000068 0.000058 0.000046 0.000032 0.000016 0.000000 
50.000000 41.740359 33.834478 26.590712 20.236310 14.898215 10.602490 7.289710 4.840370 3.103272 1.920887 1.148009 0.662549 0.369343 0.198945 0.103594 0.052180 0.025450 0.012039 0.005543 0.002501 0.001125 0.000522 0.000266 0.000161 0.000119 0.000103 0.000097 0.000094 0.000094 0.000093 0.000093 0.000093 0.000093 0.000093 0.000093 0.000093 0.000092 0.000092 0.000090 0.000088 0.000086 0.000081 0.000075 0.000068 0.000058 0.000046 0.000032 0.000016 0.000000 
50.000000 41.740373 33.834506 26.590754 20.236363 14.898278 10.602560 7.289786 4.840451 3.103355 1.920972 1.148096 0.662637 0.369431 0.199034 0.103682 0.052269 0.025539 0.012128 0.005632 0.002590 0.001214 0.000611 0.000355 0.000250 0.000208 0.000192 0.000186 0.000183 0.000183 0.000182 0.000182 0.000182 0.000182 0.000182 0.000182 0.000181 0.000180 0.000179 0.000177 0.000173 0.000167 0.000159 0.000148 0.000132 0.000113 0.000089 0.000062 0.000032 0.000000 
50.000000 41.740415 33.834587 26.590871 20.236512 14.898454 10.602757 7.289999 4.840676 3.103590 1.921213 1.148340 0.662883 0.369679 0.199283 0.103931 0.052519 0.025788 0.012378 0.005881 0.002840 0.001463 0.000860 0.000605 0.000499 0.000458 0.000441 0.000435 0.000433 0.000432 0.000432 0.000432 0.000432 0.000432 0.000431 0.000431 0.000430 0.000428 0.000425 0.000419 0.000410 0.000397 0.000378 0.000351 0.000314 0.000268 0.000212 0.000147 0.000075 0.000000 
50.000000 41.740514 33.834782 26.591153 20.236871 14.898876 10.603232 7.290513 4.841220 3.104154 1.921791 1.148927 0.663476 0.370276 0.199881 0.104531 0.053119 0.026389 0.012979 0.006482 0.003441 0.002064 0.001461 0.001205 0.001100 0.001058 0.001042 0.001036 0.001034 0.001033 0.001033 0.001033 0.001032 0.001032 0.001031 0.001030 0.001028 0.001023 0.001015 0.001002 0.000982 0.000950 0.000904 0.000840 0.000753 0.000643 0.000509 0.000353 0.000181 0.000000 
50.000000 41.740743 33.835229 26.591799 20.237692 14.899845 10.604318 7.291691 4.842464 3.105445 1.923115 1.150272 0.664834 0.371642 0.201252 0.105904 0.054493 0.027764 0.014354 0.007858 0.004817 0.003440 0.002837 0.002581 0.002476 0.002434 0.002418 0.002412 0.002410 0.002409 0.002409 0.002408 0.002408 0.002407 0.002406 0.002403 0.002397 0.002387 0.002369 0.002339 0.002292 0.002219 0.002113 0.001963 0.001762 0.001504 0.001191 0.000826 0.000424 0.000000 
50.000000 41.741246 33.836214 26.593227 20.239506 14.901984 10.606718 7.294292 4.845213 3.108300 1.926040 1.153244 0.667836 0.374661 0.204281 0.108939 0.057531 0.030804 0.017394 0.010898 0.007858 0.006481 0.005878 0.005622 0.005517 0.005475 0.005459 0.005453 0.005451 0.005450 0.005449 0.005449 0.005448 0.005446 0.005443 0.005436 0.005424 0.005401 0.005362 0.005296 0.005190 0.005028 0.004788 0.004451 0.003997 0.003416 0.002705 0.001878 0.000963 0.000000 
50.000000 41.742322 33.838320 26.596275 20.243382 14.906553 10.611845 7.299848 4.851087 3.114398 1.932291 1.159594 0.674248 0.381110 0.210752 0.115423 0.064021 0.037297 0.023890 0.017394 0.014354 0.012977 0.012375 0.012119 0.012014 0.011972 0.011956 0.011950 0.011947 0.011946 0.011946 0.011945 0.011943 0.011940 0.011932 0.011918 0.011892 0.011843 0.011759 0.011617 0.011389 0.011036 0.010516 0.009782 0.008791 0.007517 0.005956 0.004138 0.002122 0.000000 
50.000000 41.744543 33.842666 26.602567 20.251380 14.915983 10.622426 7.311316 4.863210 3.126984 1.945192 1.172701 0.687483 0.394423 0.224110 0.128806 0.077418 0.050701 0.037297 0.030803 0.027764 0.026388 0.025785 0.025529 0.025424 0.025382 0.025366 0.025360 0.025358 0.025357 0.025356 0.025354 0.025350 0.025343 0.025328 0.025299 0.025245 0.025145 0.024970 0.024675 0.024200 0.023463 0.022371 0.020823 0.018729 0.016027 0.012709 0.008834 0.004532 0.000000 
50.000000 41.748968 33.851325 26.615105 20.267318 14.934776 10.643514 7.334172 4.887371 3.152070 1.970906 1.198825 0.713865 0.420960 0.250737 0.155482 0.104122 0.077418 0.064021 0.057531 0.054493 0.053118 0.052515 0.052260 0.052155 0.052113 0.052097 0.052091 0.052088 0.052087 0.052085 0.052082 0.052075 0.052061 0.052032 0.051975 0.051866 0.051667 0.051318 0.050728 0.049771 0.048283 0.046069 0.042917 0.038637 0.033095 0.026267 0.018270 0.009378 0.000000 
50.000000 41.757477 33.867977 26.639216 20.297969 14.970916 10.684069 7.378128 4.933839 3.200317 2.020363 1.249071 0.764605 0.471999 0.301949 0.206791 0.155482 0.128806 0.115423 0.108939 0.105904 0.104530 0.103928 0.103673 0.103568 0.103526 0.103510 0.103504 0.103501 0.103499 0.103496 0.103490 0.103478 0.103451 0.103396 0.103287 0.103080 0.102700 0.102029 0.100890 0.099035 0.096137 0.091803 0.085608 0.077153 0.066161 0.052565 0.036592 0.018794 0.000000 
50.000000 41.773254 33.898853 26.683922 20.354802 15.037932 10.759272 7.459640 5.020011 3.289791 2.112081 1.342254 0.858708 0.566655 0.396927 0.301949 0.250737 0.224110 0.210752 0.204281 0.201251 0.199880 0.199279 0.199024 0.198920 0.198878 0.198862 0.198855 0.198852 0.198849 0.198845 0.198834 0.198811 0.198762 0.198662 0.198463 0.198084 0.197384 0.196144 0.194030 0.190568 0.185131 0.176956 0.165205 0.149083 0.128014 0.101835 0.070965 0.036472 0.000000 
50.000000 41.801441 33.954018 26.763798 20.456348 15.157672 10.893646 7.605290 5.173992 3.449674 2.275978 1.508772 1.026869 0.735808 0.566655 0.471999 0.420960 0.394423 0.381110 0.374660 0.371641 0.370274 0.369676 0.369422 0.369317 0.369276 0.369259 0.369253 0.369249 0.369245 0.369237 0.369219 0.369179 0.369094 0.368919 0.368572 0.367904 0.366669 0.364468 0.360696 0.354485 0.344672 0.329824 0.308343 0.278684 0.239689 0.190968 0.133249 0.068542 0.000000 
50.000000 41.849934 34.048921 26.901216 20.631049 15.363681 11.124836 7.855888 5.438928 3.724772 2.557986 1.795293 1.316221 1.026869 0.858708 0.764605 0.713865 0.687483 0.674248 0.667836 0.664834 0.663475 0.662880 0.662627 0.662523 0.662482 0.662466 0.662459 0.662454 0.662448 0.662434 0.662405 0.662339 0.662197 0.661906 0.661323 0.660200 0.658111 0.654368 0.647913 0.637217 0.620203 0.594272 0.556474 0.503892 0.434246 0.346639 0.242259 0.124750 0.000000 
50.000000 41.930206 34.206021 27.128698 20.920255 15.704721 11.507571 8.270762 5.877550 4.180225 3.024887 2.269671 1.795293 1.508772 1.342254 1.249071 1.198825 1.172701 1.159594 1.153244 1.150272 1.148926 1.148337 1.148087 1.147984 1.147943 1.147926 1.147919 1.147913 1.147904 1.147883 1.147836 1.147731 1.147507 1.147042 1.146110 1.144303 1.140925 1.134836 1.124266 1.106622 1.078337 1.034864 0.970935 0.881195 0.761267 0.609148 0.426596 0.219980 0.000000 
50.000000 42.057980 34.456088 27.490800 21.380617 16.247605 12.116840 8.931204 6.575811 4.905293 3.768191 3.024887 2.557986 2.275978 2.112081 2.020363 1.970906 1.945192 1.932291 1.926040 1.923114 1.921790 1.921209 1.920963 1.920862 1.920821 1.920805 1.920797 1.920789 1.920776 1.920745 1.920674 1.920517 1.920178 1.919473 1.918051 1.915282 1.910072 1.900621 1.884095 1.856283 1.811297 1.741480 1.637740 1.490528 1.291636 1.036710 0.727964 0.376076 0.000000 
50.000000 42.253421 34.838589 28.044676 22.084803 17.078034 13.048833 9.941497 7.643975 6.014483 4.905293 4.180225 3.724772 3.449674 3.289791 3.200317 3.152070 3.126984 3.114398 3.108300 3.105445 3.104153 3.103586 3.103346 3.103247 3.103208 3.103191 3.103183 3.103173 3.103154 3.103110 3.103009 3.102784 3.102299 3.101282 3.099223 3.095190 3.087555 3.073603 3.049009 3.007241 2.938990 2.831872 2.670742 2.439087 2.121863 1.709866 1.204907 0.624027 0.000000 
50.000000 42.540507 35.400454 28.858288 23.119226 18.297923 14.417943 11.425656 9.213174 7.643975 6.575811 5.877550 5.438928 5.173992 5.020011 4.933839 4.887371 4.863209 4.851087 4.845213 4.842464 4.841219 4.840673 4.840442 4.840347 4.840308 4.840292 4.840282 4.840270 4.840245 4.840186 4.840050 4.839747 4.839088 4.837702 4.834880 4.829320 4.818725 4.799213 4.764514 4.704984 4.606587 4.450139 4.211386 3.862673 3.377102 2.735717 1.937137 1.006769 0.000000 
50.000000 42.945245 36.192585 30.005348 24.577614 20.017817 16.348251 13.518206 11.425656 9.941497 8.931204 8.270762 7.855888 7.605290 7.459640 7.378128 7.334172 7.311316 7.299848 7.294292 7.291690 7.290512 7.289996 7.289777 7.289687 7.289651 7.289635 7.289625 7.289610 7.289578 7.289504 7.289332 7.288945 7.288103 7.286325 7.282684 7.275467 7.261616 7.235898 7.189724 7.109626 6.975517 6.759103 6.423188 5.923124 5.212119 4.252213 3.031421 1.583564 0.000000 
50.000000 43.492593 37.263829 31.556596 26.549913 22.343804 18.958838 16.348251 14.417943 13.048833 12.116840 11.507571 11.124836 10.893646 10.759272 10.684069 10.643514 10.622426 10.611845 10.606718 10.604317 10.603231 10.602754 10.602552 10.602469 10.602435 10.602420 10.602409 10.602393 10.602355 10.602267 10.602063 10.601603 10.600597 10.598461 10.594067 10.585303 10.568362 10.536636 10.479100 10.378091 10.206557 9.925063 9.479419 8.800606 7.809948 6.433784 4.631881 2.438674 0.000000 
50.000000 44.202267 38.652778 33.567923 29.107195 25.359711 22.343804 20.017817 18.297923 17.078034 16.247605 15.704721 15.363681 15.157672 15.037932 14.970916 14.934776 14.915983 14.906553 14.901984 14.899844 14.898876 14.898451 14.898271 14.898197 14.898166 14.898152 14.898142 14.898124 14.898083 14.897987 14.897762 14.897254 14.896139 14.893763 14.888849 14.878988 14.859789 14.823527 14.757077 14.638947 14.435250 14.094693 13.543197 12.679855 11.378267 9.501173 6.941352 3.701577 0.000000 
50.000000 45.084064 40.378606 36.067099 32.284774 29.107195 26.549913 24.577614 23.119226 22.084803 21.380617 20.920255 20.631049 20.456348 20.354802 20.297969 20.267318 20.251380 20.243382 20.239506 20.237692 20.236870 20.236510 20.236357 20.236294 20.236268 20.236256 20.236246 20.236228 20.236188 20.236091 20.235865 20.235352 20.234223 20.231808 20.226788 20.216659 20.196803 20.158988 20.088981 19.962940 19.742124 19.365495 18.739965 17.728929 16.142387 13.739137 10.267657 5.598404 0.000000 
50.000000 46.133666 42.432864 39.041890 36.067099 33.567923 31.556596 30.005348 28.858288 28.044676 27.490800 27.128698 26.901216 26.763798 26.683922 26.639216 26.615105 26.602567 26.596275 26.593226 26.591799 26.591153 26.590869 26.590749 26.590699 26.590679 26.590669 26.590660 26.590645 26.590608 26.590522 26.590319 26.589858 26.588838 26.586651 26.582086 26.572830 26.554577 26.519550 26.454090 26.334811 26.122570 25.753135 25.122812 24.066751 22.327963 19.520945 15.120164 8.592187 0.000000 
50.000000 47.330103 44.774511 42.432864 40.378606 38.652778 37.263829 36.192585 35.400454 34.838589 34.456088 34.206021 34.048921 33.954018 33.898853 33.867977 33.851325 33.842666 33.838320 33.836214 33.835228 33.834782 33.834586 33.834503 33.834469 33.834455 33.834448 33.834441 33.834430 33.834402 33.834336 33.834183 33.833832 33.833056 33.831385 33.827888 33.820769 33.806661 33.779425 33.728124 33.633682 33.463317 33.161164 32.631947 31.711426 30.110949 27.312700 22.387255 13.797014 0.000000 
50.000000 48.635850 47.330103 46.133666 45.084064 44.202267 43.492593 42.945245 42.540507 42.253421 42.057980 41.930206 41.849934 41.801441 41.773254 41.757477 41.748968 41.744543 41.742322 41.741246 41.740742 41.740514 41.740414 41.740372 41.740354 41.740347 41.740343 41.740340 41.740334 41.740319 41.740283 41.740200 41.740011 41.739590 41.738683 41.736781 41.732899 41.725183 41.710226 41.681904 41.629394 41.533738 41.361682 41.053919 40.500690 39.485660 37.541479 33.533089 24.317925 0.000000 
50.000000 50.000000 50.000000 50.000000 50.000000 50.000000 50.000000 50.000000 50.000000 50.000000 50.000000 50.000000 50.000000 50.000000 50.000000 50.000000 50.000000 50.000000 50.000000 50.000000 50.000000 50.000000 50.000000 50.000000 50.000000 50.000000 50.000000 50.000000 50.000000 50.000000 50.000000 50.000000 50.000000 50.000000 50.000000 50.000000 50.000000 50.000000 50.000000 50.000000 50.000000 50.000000 50.000000 50.000000 50.000000 50.000000 50.000000 50.000000 50.000000 50.000000 
