50.000000 50.000000 50.000000 50.000000 50.000000 50.000000 50.000000 50.000000 50.000000 50.000000 50.000000 50.000000 50.000000 50.000000 50.000000 50.000000 50.000000 50.000000 50.000000 50.000000 50.000000 50.000000 50.000000 50.000000 50.000000 50.000000 50.000000 50.000000 50.000000 50.000000 50.000000 50.000000 50.000000 50.000000 50.000000 50.000000 50.000000 50.000000 50.000000 50.000000 50.000000 50.000000 50.000000 50.000000 50.000000 50.000000 50.000000 50.000000 50.000000 50.000000 
50.000000 47.338098 44.898269 42.847157 41.263540 40.138568 39.401605 38.955258 38.704638 38.573809 38.510132 38.481154 38.468791 38.463832 38.461957 38.461288 38.461062 38.460989 38.460967 38.460961 38.460959 38.460958 38.460958 38.460958 38.460958 38.460958 38.460958 38.460958 38.460958 38.460958 38.460958 38.460958 38.460956 38.460952 38.460938 38.460889 38.460736 38.460275 38.458950 38.455310 38.445759 38.421784 38.364041 38.229948 37.927239 37.254221 35.750604 32.276274 23.669049 0.000000 
50.000000 44.898269 40.222188 36.291157 33.256154 31.100197 29.687882 28.832533 28.352281 28.101589 27.979578 27.924057 27.900369 27.890868 27.887278 27.885995 27.885562 27.885423 27.885381 27.885368 27.885365 27.885364 27.885364 27.885364 27.885364 27.885364 27.885364 27.885364 27.885364 27.885364 27.885364 27.885363 27.885361 27.885354 27.885328 27.885246 27.884985 27.884203 27.881962 27.875843 27.859912 27.820340 27.726450 27.513184 27.047847 26.068115 24.068762 20.111094 12.621995 0.000000 
50.000000 42.847157 36.291157 30.779843 26.524882 23.502420 21.522567 20.323557 19.650389 19.299017 19.128017 19.050209 19.017015 19.003703 18.998672 18.996876 18.996269 18.996074 18.996015 18.995998 18.995993 18.995992 18.995991 18.995991 18.995991 18.995991 18.995991 18.995991 18.995991 18.995991 18.995991 18.995990 18.995988 18.995979 18.995950 18.995854 18.995554 18.994656 18.992102 18.985183 18.967355 18.923680 18.821982 18.596899 18.123445 17.177743 15.389922 12.222395 7.096554 0.000000 
50.000000 41.263540 33.256154 26.524882 21.328235 17.637017 15.219225 13.755085 12.933120 12.504113 12.295349 12.200364 12.159846 12.143599 12.137459 12.135268 12.134527 12.134289 12.134217 12.134196 12.134190 12.134189 12.134188 12.134188 12.134188 12.134188 12.134188 12.134188 12.134188 12.134188 12.134188 12.134187 12.134185 12.134177 12.134150 12.134060 12.133781 12.132952 12.130610 12.124324 12.108313 12.069668 11.981404 11.790959 11.403664 10.664117 9.347138 7.188039 4.009319 0.000000 
50.000000 40.138568 31.100197 23.502420 17.637017 13.470961 10.742291 9.089995 8.162464 7.678397 7.442858 7.335701 7.289995 7.271670 7.264745 7.262273 7.261438 7.261170 7.261089 7.261065 7.261058 7.261057 7.261056 7.261056 7.261056 7.261056 7.261056 7.261056 7.261056 7.261056 7.261056 7.261055 7.261054 7.261047 7.261025 7.260954 7.260732 7.260078 7.258245 7.253369 7.241092 7.211887 7.146388 7.008278 6.735481 6.233353 5.378975 4.052350 2.211329 0.000000 
50.000000 39.401605 29.687882 21.522567 15.219225 10.742291 7.810145 6.034738 5.038161 4.518094 4.265059 4.149950 4.100857 4.081175 4.073739 4.071085 4.070188 4.069900 4.069813 4.069787 4.069780 4.069778 4.069778 4.069778 4.069778 4.069778 4.069778 4.069778 4.069778 4.069778 4.069777 4.069777 4.069776 4.069771 4.069756 4.069706 4.069551 4.069097 4.067834 4.064504 4.056213 4.036752 3.993814 3.905073 3.734013 3.428266 2.925668 2.174698 1.171657 0.000000 
50.000000 38.955258 28.832533 20.323557 13.755085 9.089995 6.034738 4.184872 3.146552 2.604733 2.341130 2.221222 2.170085 2.149585 2.141841 2.139077 2.138143 2.137843 2.137752 2.137726 2.137718 2.137716 2.137716 2.137716 2.137716 2.137716 2.137716 2.137716 2.137716 2.137716 2.137716 2.137715 2.137715 2.137712 2.137702 2.137670 2.137574 2.137291 2.136511 2.134473 2.129447 2.117789 2.092436 2.040924 1.943608 1.773681 1.501575 1.106083 0.591217 0.000000 
50.000000 38.704638 28.352281 19.650389 12.933120 8.162464 5.038161 3.146552 2.084843 1.530841 1.261323 1.138730 1.086451 1.065494 1.057577 1.054752 1.053797 1.053491 1.053398 1.053371 1.053363 1.053361 1.053361 1.053361 1.053361 1.053361 1.053361 1.053361 1.053361 1.053361 1.053361 1.053361 1.053360 1.053359 1.053353 1.053335 1.053280 1.053121 1.052684 1.051550 1.048779 1.042421 1.028763 1.001409 0.950578 0.863452 0.726708 0.531940 0.282854 0.000000 
50.000000 38.573809 28.101589 19.299017 12.504113 7.678397 4.518094 2.604733 1.530841 0.970498 0.697902 0.573914 0.521041 0.499847 0.491841 0.488984 0.488019 0.487709 0.487615 0.487588 0.487580 0.487578 0.487578 0.487577 0.487577 0.487577 0.487577 0.487577 0.487577 0.487577 0.487577 0.487577 0.487577 0.487576 0.487573 0.487564 0.487535 0.487453 0.487229 0.486651 0.485249 0.482062 0.475287 0.461881 0.437305 0.395800 0.331661 0.241676 0.128050 0.000000 
50.000000 38.510132 27.979578 19.128017 12.295349 7.442858 4.265059 2.341130 1.261323 0.697902 0.423814 0.299150 0.245990 0.224681 0.216632 0.213759 0.212789 0.212478 0.212383 0.212355 0.212348 0.212346 0.212345 0.212345 0.212345 0.212345 0.212345 0.212345 0.212345 0.212345 0.212345 0.212345 0.212345 0.212345 0.212343 0.212339 0.212325 0.212286 0.212180 0.211907 0.211252 0.209773 0.206657 0.200554 0.189490 0.171024 0.142834 0.103735 0.054823 0.000000 
50.000000 38.481154 27.924057 19.050209 12.200364 7.335701 4.149950 2.221222 1.138730 0.573914 0.299150 0.174179 0.120889 0.099528 0.091459 0.088580 0.087607 0.087295 0.087200 0.087173 0.087165 0.087163 0.087163 0.087163 0.087162 0.087162 0.087162 0.087162 0.087162 0.087162 0.087162 0.087162 0.087162 0.087162 0.087162 0.087160 0.087154 0.087136 0.087089 0.086970 0.086685 0.086046 0.084711 0.082117 0.077456 0.069754 0.058107 0.042095 0.022205 0.000000 
50.000000 38.468791 27.900369 19.017015 12.159846 7.289995 4.100857 2.170085 1.086451 0.521041 0.245990 0.120889 0.067544 0.046161 0.038084 0.035202 0.034228 0.033916 0.033821 0.033793 0.033785 0.033783 0.033783 0.033783 0.033783 0.033783 0.033783 0.033783 0.033783 0.033783 0.033783 0.033783 0.033783 0.033783 0.033782 0.033782 0.033779 0.033772 0.033753 0.033704 0.033588 0.033330 0.032794 0.031760 0.029917 0.026894 0.022358 0.016166 0.008515 0.000000 
50.000000 38.463832 27.890868 19.003703 12.143599 7.271670 4.081175 2.149585 1.065494 0.499847 0.224681 0.099528 0.046161 0.024770 0.016689 0.013806 0.012832 0.012519 0.012424 0.012397 0.012389 0.012387 0.012386 0.012386 0.012386 0.012386 0.012386 0.012386 0.012386 0.012386 0.012386 0.012386 0.012386 0.012386 0.012386 0.012386 0.012385 0.012382 0.012375 0.012356 0.012312 0.012214 0.012012 0.011624 0.010937 0.009818 0.008149 0.005883 0.003096 0.000000 
50.000000 38.461957 27.887278 18.998672 12.137459 7.264745 4.073739 2.141841 1.057577 0.491841 0.216632 0.091459 0.038084 0.016689 0.008607 0.005724 0.004749 0.004437 0.004342 0.004314 0.004307 0.004305 0.004304 0.004304 0.004304 0.004304 0.004304 0.004304 0.004304 0.004304 0.004304 0.004304 0.004304 0.004304 0.004304 0.004304 0.004303 0.004302 0.004300 0.004293 0.004277 0.004242 0.004170 0.004033 0.003791 0.003399 0.002818 0.002032 0.001068 0.000000 
50.000000 38.461288 27.885995 18.996876 12.135268 7.262273 4.071085 2.139077 1.054752 0.488984 0.213759 0.088580 0.035202 0.013806 0.005724 0.002840 0.001865 0.001553 0.001458 0.001430 0.001423 0.001421 0.001420 0.001420 0.001420 0.001420 0.001420 0.001420 0.001420 0.001420 0.001420 0.001420 0.001420 0.001420 0.001420 0.001420 0.001420 0.001419 0.001418 0.001416 0.001411 0.001399 0.001375 0.001329 0.001248 0.001118 0.000926 0.000667 0.000350 0.000000 
50.000000 38.461062 27.885562 18.996269 12.134527 7.261438 4.070188 2.138143 1.053797 0.488019 0.212789 0.087607 0.034228 0.012832 0.004749 0.001865 0.000891 0.000579 0.000483 0.000456 0.000448 0.000446 0.000446 0.000446 0.000446 0.000445 0.000445 0.000445 0.000445 0.000445 0.000445 0.000445 0.000445 0.000445 0.000445 0.000445 0.000445 0.000445 0.000445 0.000444 0.000443 0.000439 0.000431 0.000416 0.000391 0.000350 0.000290 0.000208 0.000109 0.000000 
50.000000 38.460989 27.885423 18.996074 12.134289 7.261170 4.069900 2.137843 1.053491 0.487709 0.212478 0.087295 0.033916 0.012519 0.004437 0.001553 0.000579 0.000266 0.000171 0.000144 0.000136 0.000134 0.000133 0.000133 0.000133 0.000133 0.000133 0.000133 0.000133 0.000133 0.000133 0.000133 0.000133 0.000133 0.000133 0.000133 0.000133 0.000133 0.000133 0.000133 0.000132 0.000131 0.000129 0.000124 0.000117 0.000104 0.000086 0.000062 0.000033 0.000000 
50.000000 38.460967 27.885381 18.996015 12.134217 7.261089 4.069813 2.137752 1.053398 0.487615 0.212383 0.087200 0.033821 0.012424 0.004342 0.001458 0.000483 0.000171 0.000076 0.000048 0.000041 0.000039 0.000038 0.000038 0.000038 0.000038 0.000038 0.000038 0.000038 0.000038 0.000038 0.000038 0.000038 0.000038 0.000038 0.000038 0.000038 0.000038 0.000038 0.000038 0.000038 0.000037 0.000037 0.000035 0.000033 0.000030 0.000025 0.000018 0.000009 0.000000 
50.000000 38.460961 27.885368 18.995998 12.134196 7.261065 4.069787 2.137726 1.053371 0.487588 0.212355 0.087173 0.033793 0.012397 0.004314 0.001430 0.000456 0.000144 0.000048 0.000021 0.000013 0.000011 0.000011 0.000010 0.000010 0.000010 0.000010 0.000010 0.000010 0.000010 0.000010 0.000010 0.000010 0.000010 0.000010 0.000010 0.000010 0.000010 0.000010 0.000010 0.000010 0.000010 0.000010 0.000010 0.000009 0.000008 0.000007 0.000005 0.000003 0.000000 
50.000000 38.460959 27.885365 18.995993 12.134190 7.261058 4.069780 2.137718 1.053363 0.487580 0.212348 0.087165 0.033785 0.012389 0.004307 0.001423 0.000448 0.000136 0.000041 0.000013 0.000005 0.000003 0.000003 0.000003 0.000003 0.000003 0.000003 0.000003 0.000003 0.000003 0.000003 0.000003 0.000003 0.000003 0.000003 0.000003 0.000003 0.000003 0.000003 0.000003 0.000003 0.000003 0.000003 0.000003 0.000002 0.000002 0.000002 0.000001 0.000001 0.000000 
50.000000 38.460958 27.885364 18.995992 12.134189 7.261057 4.069778 2.137716 1.053361 0.487578 0.212346 0.087163 0.033783 0.012387 0.004305 0.001421 0.000446 0.000134 0.000039 0.000011 0.000003 0.000001 0.000001 0.000001 0.000001 0.000001 0.000001 0.000001 0.000001 0.000001 0.000001 0.000001 0.000001 0.000001 0.000001 0.000001 0.000001 0.000001 0.000001 0.000001 0.000001 0.000001 0.000001 0.000001 0.000001 0.000001 0.000000 0.000000 0.000000 0.000000 
50.000000 38.460958 27.885364 18.995991 12.134188 7.261056 4.069778 2.137716 1.053361 0.487578 0.212345 0.087163 0.033783 0.012386 0.004304 0.001420 0.000446 0.000133 0.000038 0.000011 0.000003 0.000001 0.000000 0.000000 0.000000 0.000000 0.000000 0.000000 0.000000 0.000000 0.000000 0.000000 0.000000 0.000000 0.000000 0.000000 0.000000 0.000000 0.000000 0.000000 0.000000 0.000000 0.000000 0.000000 0.000000 0.000000 0.000000 0.000000 0.000000 0.000000 
50.000000 38.460958 27.885364 18.995991 12.134188 7.261056 4.069778 2.137716 1.053361 0.487577 0.212345 0.087163 0.033783 0.012386 0.004304 0.001420 0.000446 0.000133 0.000038 0.000010 0.000003 0.000001 0.000000 0.000000 0.000000 0.000000 0.000000 0.000000 0.000000 0.000000 0.000000 0.000000 0.000000 0.000000 0.000000 0.000000 0.000000 0.000000 0.000000 0.000000 0.000000 0.000000 0.000000 0.000000 0.000000 0.000000 0.000000 0.000000 0.000000 0.000000 
50.000000 38.460958 27.885364 18.995991 12.134188 7.261056 4.069778 2.137716 1.053361 0.487577 0.212345 0.087162 0.033783 0.012386 0.004304 0.001420 0.000446 0.000133 0.000038 0.000010 0.000003 0.000001 0.000000 0.000000 0.000000 0.000000 0.000000 0.000000 0.000000 0.000000 0.000000 0.000000 0.000000 0.000000 0.000000 0.000000 0.000000 0.000000 0.000000 0.000000 0.000000 0.000000 0.000000 0.000000 0.000000 0.000000 0.000000 0.000000 0.000000 0.000000 
50.000000 38.460958 27.885364 18.995991 12.134188 7.261056 4.069778 2.137716 1.053361 0.487577 0.212345 0.087162 0.033783 0.012386 0.004304 0.001420 0.000446 0.000133 0.000038 0.000010 0.000003 0.000001 0.000000 0.000000 0.000000 0.000000 0.000000 0.000000 0.000000 0.000000 0.000000 0.000000 0.000000 0.000000 0.000000 0.000000 0.000000 0.000000 0.000000 0.000000 0.000000 0.000000 0.000000 0.000000 0.000000 0.000000 0.000000 0.000000 0.000000 0.000000 
50.000000 38.460958 27.885364 18.995991 12.134188 7.261056 4.069778 2.137716 1.053361 0.487577 0.212345 0.087163 0.033783 0.012386 0.004304 0.001420 0.000446 0.000133 0.000038 0.000010 0.000003 0.000001 0.000000 0.000000 0.000000 0.000000 0.000000 0.000000 0.000000 0.000000 0.000000 0.000000 0.000000 0.000000 0.000000 0.000000 0.000000 0.000000 0.000000 0.000000 0.000000 0.000000 0.000000 0.000000 0.000000 0.000000 0.000000 0.000000 0.000000 0.000000 
50.000000 38.460958 27.885364 18.995991 12.134188 7.261056 4.069778 2.137716 1.053361 0.487578 0.212345 0.087163 0.033783 0.012386 0.004304 0.001420 0.000446 0.000133 0.000038 0.000011 0.000003 0.000001 0.000000 0.000000 0.000000 0.000000 0.000000 0.000000 0.000000 0.000000 0.000000 0.000000 0.000000 0.000000 0.000000 0.000000 0.000000 0.000000 0.000000 0.000000 0.000000 0.000000 0.000000 0.000000 0.000000 0.000000 0.000000 0.000000 0.000000 0.000000 
50.000000 38.460958 27.885364 18.995992 12.134189 7.261057 4.069778 2.137716 1.053361 0.487578 0.212346 0.087163 0.033783 0.012387 0.004305 0.001421 0.000446 0.000134 0.000039 0.000011 0.000003 0.000001 0.000001 0.000001 0.000001 0.000001 0.000001 0.000001 0.000001 0.000001 0.000001 0.000001 0.000001 0.000001 0.000001 0.000001 0.000001 0.000001 0.000001 0.000001 0.000001 0.000001 0.000001 0.000001 0.000001 0.000001 0.000000 0.000000 0.000000 0.000000 
50.000000 38.460959 27.885365 18.995993 12.134190 7.261058 4.069780 2.137718 1.053363 0.487580 0.212348 0.087165 0.033785 0.012389 0.004307 0.001423 0.000448 0.000136 0.000041 0.000013 0.000005 0.000003 0.000003 0.000003 0.000003 0.000003 0.000003 0.000003 0.000003 0.000003 0.000003 0.000003 0.000003 0.000003 0.000003 0.000003 0.000003 0.000003 0.000003 0.000003 0.000003 0.000003 0.000003 0.000003 0.000002 0.000002 0.000002 0.000001 0.000001 0.000000 
50.000000 38.460961 27.885368 18.995998 12.134196 7.261065 4.069787 2.137726 1.053371 0.487588 0.212355 0.087173 0.033793 0.012397 0.004314 0.001430 0.000456 0.000144 0.000048 0.000021 0.000013 0.000011 0.000011 0.000010 0.000010 0.000010 0.000010 0.000010 0.000010 0.000010 0.000010 0.000010 0.000010 0.000010 0.000010 0.000010 0.000010 0.000010 0.000010 0.000010 0.000010 0.000010 0.000010 0.000010 0.000009 0.000008 0.000007 0.000005 0.000003 0.000000 
50.000000 38.460967 27.885381 18.996015 12.134217 7.261089 4.069813 2.137752 1.053398 0.487615 0.212383 0.087200 0.033821 0.012424 0.004342 0.001458 0.000483 0.000171 0.000076 0.000048 0.000041 0.000039 0.000038 0.000038 0.000038 0.000038 0.000038 0.000038 0.000038 0.000038 0.000038 0.000038 0.000038 0.000038 0.000038 0.000038 0.000038 0.000038 0.000038 0.000038 0.000038 0.000037 0.000037 0.000035 0.000033 0.000030 0.000025 0.000018 0.000009 0.000000 
50.000000 38.460989 27.885423 18.996074 12.134289 7.261170 4.069900 2.137843 1.053491 0.487709 0.212478 0.087295 0.033916 0.012519 0.004437 0.001553 0.000579 0.000266 0.000171 0.000144 0.000136 0.000134 0.000133 0.000133 0.000133 0.000133 0.000133 0.000133 0.000133 0.000133 0.000133 0.000133 0.000133 0.000133 0.000133 0.000133 0.000133 0.000133 0.000133 0.000133 0.000132 0.000131 0.000129 0.000124 0.000117 0.000104 0.000086 0.000062 0.000033 0.000000 
50.000000 38.461062 27.885562 18.996269 12.134527 7.261438 4.070188 2.138143 1.053797 0.488019 0.212789 0.087607 0.034228 0.012832 0.004749 0.001865 0.000891 0.000579 0.000483 0.000456 0.000448 0.000446 0.000446 0.000446 0.000446 0.000445 0.000445 0.000445 0.000445 0.000445 0.000445 0.000445 0.000445 0.000445 0.000445 0.000445 0.000445 0.000445 0.000445 0.000444 0.000443 0.000439 0.000431 0.000416 0.000391 0.000350 0.000290 0.000208 0.000109 0.000000 
50.000000 38.461288 27.885995 18.996876 12.135268 7.262273 4.071085 2.139077 1.054752 0.488984 0.213759 0.088580 0.035202 0.013806 0.005724 0.002840 0.001865 0.001553 0.001458 0.001430 0.001423 0.001421 0.001420 0.001420 0.001420 0.001420 0.001420 0.001420 0.001420 0.001420 0.001420 0.001420 0.001420 0.001420 0.001420 0.001420 0.001420 0.001419 0.001418 0.001416 0.001411 0.001399 0.001375 0.001329 0.001248 0.001118 0.000926 0.000667 0.000350 0.000000 
50.000000 38.461957 27.887278 18.998672 12.137459 7.264745 4.073739 2.141841 1.057577 0.491841 0.216632 0.091459 0.038084 0.016689 0.008607 0.005724 0.004749 0.004437 0.004342 0.004314 0.004307 0.004305 0.004304 0.004304 0.004304 0.004304 0.004304 0.004304 0.004304 0.004304 0.004304 0.004304 0.004304 0.004304 0.004304 0.004304 0.004303 0.004302 0.004300 0.004293 0.004277 0.004242 0.004170 0.004033 0.003791 0.003399 0.002818 0.002032 0.001068 0.000000 
50.000000 38.463832 27.890868 19.003703 12.143599 7.271670 4.081175 2.149585 1.065494 0.499847 0.224681 0.099528 0.046161 0.024770 0.016689 0.013806 0.012832 0.012519 0.012424 0.012397 0.012389 0.012387 0.012386 0.012386 0.012386 0.012386 0.012386 0.012386 0.012386 0.012386 0.012386 0.012386 0.012386 0.012386 0.012386 0.012386 0.012385 0.012382 0.012375 0.012356 0.012312 0.012214 0.012012 0.011624 0.010937 0.009818 0.008149 0.005883 0.003096 0.000000 
50.000000 38.468791 27.900369 19.017015 12.159846 7.289995 4.100857 2.170085 1.086451 0.521041 0.245990 0.120889 0.067544 0.046161 0.038084 0.035202 0.034228 0.033916 0.033821 0.033793 0.033785 0.033783 0.033783 0.033783 0.033783 0.033783 0.033783 0.033783 0.033783 0.033783 0.033783 0.033783 0.033783 0.033783 0.033782 0.033782 0.033779 0.033772 0.033753 0.033704 0.033588 0.033330 0.032794 0.031760 0.029917 0.026894 0.022358 0.016166 0.008515 0.000000 
50.000000 38.481154 27.924057 19.050209 12.200364 7.335701 4.149950 2.221222 1.138730 0.573914 0.299150 0.174179 0.120889 0.099528 0.091459 0.088580 0.087607 0.087295 0.087200 0.087173 0.087165 0.087163 0.087163 0.087163 0.087162 0.087162 0.087162 0.087162 0.087162 0.087162 0.087162 0.087162 0.087162 0.087162 0.087162 0.087160 0.087154 0.087136 0.087089 0.086970 0.086685 0.086046 0.084711 0.082117 0.077456 0.069754 0.058107 0.042095 0.022205 0.000000 
50.000000 38.510132 27.979578 19.128017 12.295349 7.442858 4.265059 2.341130 1.261323 0.697902 0.423814 0.299150 0.245990 0.224681 0.216632 0.213759 0.212789 0.212478 0.212383 0.212355 0.212348 0.212346 0.212345 0.212345 0.212345 0.212345 0.212345 0.212345 0.212345 0.212345 0.212345 0.212345 0.212345 0.212345 0.212343 0.212339 0.212325 0.212286 0.212180 0.211907 0.211252 0.209773 0.206657 0.200554 0.189490 0.171024 0.142834 0.103735 0.054823 0.000000 
50.000000 38.573809 28.101589 19.299017 12.504113 7.678397 4.518094 2.604733 1.530841 0.970498 0.697902 0.573914 0.521041 0.499847 0.491841 0.488984 0.488019 0.487709 0.487615 0.487588 0.487580 0.487578 0.487578 0.487577 0.487577 0.487577 0.487577 0.487577 0.487577 0.487577 0.487577 0.487577 0.487577 0.487576 0.487573 0.487564 0.487535 0.487453 0.487229 0.486651 0.485249 0.482062 0.475287 0.461881 0.437305 0.395800 0.331661 0.241676 0.128050 0.000000 
50.000000 38.704638 28.352281 19.650389 12.933120 8.162464 5.038161 3.146552 2.084843 1.530841 1.261323 1.138730 1.086451 1.065494 1.057577 1.054752 1.053797 1.053491 1.053398 1.053371 1.053363 1.053361 1.053361 1.053361 1.053361 1.053361 1.053361 1.053361 1.053361 1.053361 1.053361 1.053361 1.053360 1.053359 1.053353 1.053335 1.053280 1.053121 1.052684 1.051550 1.048779 1.042421 1.028763 1.001409 0.950578 0.863452 0.726708 0.531940 0.282854 0.000000 
50.000000 38.955258 28.832533 20.323557 13.755085 9.089995 6.034738 4.184872 3.146552 2.604733 2.341130 2.221222 2.170085 2.149585 2.141841 2.139077 2.138143 2.137843 2.137752 2.137726 2.137718 2.137716 2.137716 2.137716 2.137716 2.137716 2.137716 2.137716 2.137716 2.137716 2.137716 2.137715 2.137715 2.137712 2.137702 2.137670 2.137574 2.137291 2.136511 2.134473 2.129447 2.117789 2.092436 2.040924 1.943608 1.773681 1.501575 1.106083 0.591217 0.000000 
50.000000 39.401605 29.687882 21.522567 15.219225 10.742291 7.810145 6.034738 5.038161 4.518094 4.265059 4.149950 4.100857 4.081175 4.073739 4.071085 4.070188 4.069900 4.069813 4.069787 4.069780 4.069778 4.069778 4.069778 4.069778 4.069778 4.069778 4.069778 4.069778 4.069778 4.069777 4.069777 4.069776 4.069771 4.069756 4.069706 4.069551 4.069097 4.067834 4.064504 4.056213 4.036752 3.993814 3.905073 3.734013 3.428266 2.925668 2.174698 1.171657 0.000000 
50.000000 40.138568 31.100197 23.502420 17.637017 13.470961 10.742291 9.089995 8.162464 7.678397 7.442858 7.335701 7.289995 7.271670 7.264745 7.262273 7.261438 7.261170 7.261089 7.261065 7.261058 7.261057 7.261056 7.261056 7.261056 7.261056 7.261056 7.261056 7.261056 7.261056 7.261056 7.261055 7.261054 7.261047 7.261025 7.260954 7.260732 7.260078 7.258245 7.253369 7.241092 7.211887 7.146388 7.008278 6.735481 6.233353 5.378975 4.052350 2.211329 0.000000 
50.000000 41.263540 33.256154 26.524882 21.328235 17.637017 15.219225 13.755085 12.933120 12.504113 12.295349 12.200364 12.159846 12.143599 12.137459 12.135268 12.134527 12.134289 12.134217 12.134196 12.134190 12.134189 12.134188 12.134188 12.134188 12.134188 12.134188 12.134188 12.134188 12.134188 12.134188 12.134187 12.134185 12.134177 12.134150 12.134060 12.133781 12.132952 12.130610 12.124324 12.108313 12.069668 11.981404 11.790959 11.403664 10.664117 9.347138 7.188039 4.009319 0.000000 
50.000000 42.847157 36.291157 30.779843 26.524882 23.502420 21.522567 20.323557 19.650389 19.299017 19.128017 19.050209 19.017015 19.003703 18.998672 18.996876 18.996269 18.996074 18.996015 18.995998 18.995993 18.995992 18.995991 18.995991 18.995991 18.995991 18.995991 18.995991 18.995991 18.995991 18.995991 18.995990 18.995988 18.995979 18.995950 18.995854 18.995554 18.994656 18.992102 18.985183 18.967355 18.923680 18.821982 18.596899 18.123445 17.177743 15.389922 12.222395 7.096554 0.000000 
50.000000 44.898269 40.222188 36.291157 33.256154 31.100197 29.687882 28.832533 28.352281 28.101589 27.979578 27.924057 27.900369 27.890868 27.887278 27.885995 27.885562 27.885423 27.885381 27.885368 27.885365 27.885364 27.885364 27.885364 27.885364 27.885364 27.885364 27.885364 27.885364 27.885364 27.885364 27.885363 27.885361 27.885354 27.885328 27.885246 27.884985 27.884203 27.881962 27.875843 27.859912 27.820340 27.726450 27.513184 27.047847 26.068115 24.068762 20.111094 12.621995 0.000000 
50.000000 47.338098 44.898269 42.847157 41.263540 40.138568 39.401605 38.955258 38.704638 38.573809 38.510132 38.481154 38.468791 38.463832 38.461957 38.461288 38.461062 38.460989 38.460967 38.460961 38.460959 38.460958 38.460958 38.460958 38.460958 38.460958 38.460958 38.460958 38.460958 38.460958 38.460958 38.460958 38.460956 38.460952 38.460938 38.460889 38.460736 38.460275 38.458950 38.455310 38.445759 38.421784 38.364041 38.229948 37.927239 37.254221 35.750604 32.276274 23.669049 0.000000 
50.000000 50.000000 50.000000 50.000000 50.000000 50.000000 50.000000 50.000000 50.000000 50.000000 50.000000 50.000000 50.000000 50.000000 50.000000 50.000000 50.000000 50.000000 50.000000 50.000000 50.000000 50.000000 50.000000 50.000000 50.000000 50.000000 50.000000 50.000000 50.000000 50.000000 50.000000 50.000000 50.000000 50.000000 50.000000 50.000000 50.000000 50.000000 50.000000 50.000000 50.000000 50.000000 50.000000 50.000000 50.000000 50.000000 50.000000 50.000000 50.000000 50.000000 
