50.000000 50.000000 50.000000 50.000000 50.000000 50.000000 50.000000 50.000000 50.000000 50.000000 50.000000 50.000000 50.000000 50.000000 50.000000 50.000000 50.000000 50.000000 50.000000 50.000000 50.000000 50.000000 50.000000 50.000000 50.000000 50.000000 50.000000 50.000000 50.000000 50.000000 50.000000 50.000000 50.000000 50.000000 50.000000 50.000000 50.000000 50.000000 50.000000 50.000000 50.000000 50.000000 50.000000 50.000000 50.000000 50.000000 50.000000 50.000000 50.000000 50.000000 
50.000000 44.804735 40.451908 37.377619 35.528692 34.570544 34.137560 33.965009 33.903746 33.884192 33.878535 33.877042 33.876680 33.876599 33.876582 33.876579 33.876578 33.876578 33.876578 33.876578 33.876578 33.876578 33.876578 33.876578 33.876578 33.876578 33.876578 33.876578 33.876578 33.876578 33.876578 33.876578 33.876578 33.876578 33.876578 33.876578 33.876577 33.876572 33.876547 33.876426 33.875894 33.873705 33.865317 33.835427 33.736139 33.426956 32.513533 29.898366 22.402367 0.000000 
50.000000 40.451908 32.452503 26.803284 23.406216 21.646089 20.850846 20.533995 20.421526 20.385636 20.375257 20.372517 20.371853 20.371705 20.371674 20.371668 20.371667 20.371667 20.371667 20.371667 20.371667 20.371667 20.371667 20.371667 20.371667 20.371667 20.371667 20.371667 20.371667 20.371667 20.371667 20.371667 20.371667 20.371667 20.371667 20.371666 20.371665 20.371658 20.371621 20.371450 20.370699 20.367641 20.356116 20.315978 20.187173 19.806985 18.776855 16.226251 10.553542 0.000000 
50.000000 37.377619 26.803284 19.336593 14.847417 12.521942 11.471531 11.053129 10.904656 10.857292 10.843599 10.839986 10.839111 10.838915 10.838874 10.838866 10.838865 10.838865 10.838865 10.838865 10.838865 10.838865 10.838865 10.838865 10.838865 10.838865 10.838865 10.838865 10.838865 10.838865 10.838865 10.838865 10.838865 10.838865 10.838865 10.838864 10.838863 10.838857 10.838824 10.838674 10.838021 10.835396 10.825672 10.792598 10.689895 10.400634 9.668297 8.026428 4.864086 0.000000 
50.000000 35.528692 23.406216 14.847417 9.702519 7.037927 5.834628 5.355453 5.185463 5.131250 5.115582 5.111449 5.110448 5.110224 5.110178 5.110169 5.110167 5.110167 5.110167 5.110167 5.110167 5.110167 5.110167 5.110167 5.110167 5.110167 5.110167 5.110167 5.110167 5.110167 5.110167 5.110167 5.110167 5.110167 5.110167 5.110167 5.110166 5.110162 5.110140 5.110041 5.109616 5.107928 5.101769 5.081256 5.019310 4.851259 4.446783 3.599231 2.101736 0.000000 
50.000000 34.570544 21.646089 12.521942 7.037927 4.198165 2.915998 2.405520 2.224464 2.166736 2.150056 2.145657 2.144592 2.144354 2.144305 2.144295 2.144293 2.144293 2.144293 2.144293 2.144293 2.144293 2.144293 2.144293 2.144293 2.144293 2.144293 2.144293 2.144293 2.144293 2.144293 2.144293 2.144293 2.144293 2.144293 2.144293 2.144292 2.144290 2.144279 2.144226 2.144003 2.143124 2.139964 2.129621 2.099083 2.018617 1.832046 1.458916 0.834405 0.000000 
50.000000 34.137560 20.850846 11.471531 5.834628 2.915998 1.598377 1.073851 0.887839 0.828539 0.811407 0.806890 0.805797 0.805552 0.805501 0.805492 0.805490 0.805489 0.805489 0.805489 0.805489 0.805489 0.805489 0.805489 0.805489 0.805489 0.805489 0.805489 0.805489 0.805489 0.805489 0.805489 0.805489 0.805489 0.805489 0.805489 0.805489 0.805488 0.805483 0.805460 0.805361 0.804976 0.803607 0.799189 0.786378 0.753372 0.678934 0.534868 0.302133 0.000000 
50.000000 33.965009 20.533995 11.053129 5.355453 2.405520 1.073851 0.543770 0.355801 0.295882 0.278572 0.274009 0.272904 0.272658 0.272606 0.272596 0.272595 0.272594 0.272594 0.272594 0.272594 0.272594 0.272594 0.272594 0.272594 0.272594 0.272594 0.272594 0.272594 0.272594 0.272594 0.272594 0.272594 0.272594 0.272594 0.272594 0.272594 0.272594 0.272592 0.272583 0.272545 0.272399 0.271885 0.270245 0.265556 0.253684 0.227457 0.177880 0.099691 0.000000 
50.000000 33.903746 20.421526 10.904656 5.185463 2.224464 0.887839 0.355801 0.167145 0.107008 0.089637 0.085058 0.083949 0.083701 0.083650 0.083640 0.083638 0.083638 0.083638 0.083638 0.083638 0.083638 0.083638 0.083638 0.083638 0.083638 0.083638 0.083638 0.083638 0.083638 0.083638 0.083638 0.083638 0.083638 0.083638 0.083638 0.083638 0.083638 0.083637 0.083634 0.083621 0.083573 0.083402 0.082863 0.081340 0.077535 0.069260 0.053885 0.030041 0.000000 
50.000000 33.884192 20.385636 10.857292 5.131250 2.166736 0.828539 0.295882 0.107008 0.046803 0.029413 0.024828 0.023718 0.023470 0.023419 0.023409 0.023407 0.023407 0.023407 0.023407 0.023407 0.023407 0.023407 0.023407 0.023407 0.023407 0.023407 0.023407 0.023407 0.023407 0.023407 0.023407 0.023407 0.023407 0.023407 0.023407 0.023407 0.023407 0.023406 0.023405 0.023402 0.023387 0.023336 0.023178 0.022733 0.021634 0.019271 0.014937 0.008297 0.000000 
50.000000 33.878535 20.375257 10.843599 5.115582 2.150056 0.811407 0.278572 0.089637 0.029413 0.012016 0.007430 0.006320 0.006072 0.006021 0.006011 0.006009 0.006008 0.006008 0.006008 0.006008 0.006008 0.006008 0.006008 0.006008 0.006008 0.006008 0.006008 0.006008 0.006008 0.006008 0.006008 0.006008 0.006008 0.006008 0.006008 0.006008 0.006008 0.006008 0.006008 0.006007 0.006003 0.005990 0.005947 0.005829 0.005540 0.004925 0.003807 0.002109 0.000000 
50.000000 33.877042 20.372517 10.839986 5.111449 2.145657 0.806890 0.274009 0.085058 0.024828 0.007430 0.002844 0.001734 0.001486 0.001434 0.001424 0.001422 0.001422 0.001422 0.001422 0.001422 0.001422 0.001422 0.001422 0.001422 0.001422 0.001422 0.001422 0.001422 0.001422 0.001422 0.001422 0.001422 0.001422 0.001422 0.001422 0.001422 0.001422 0.001422 0.001422 0.001422 0.001421 0.001417 0.001407 0.001378 0.001309 0.001162 0.000896 0.000496 0.000000 
50.000000 33.876680 20.371853 10.839111 5.110448 2.144592 0.805797 0.272904 0.083949 0.023718 0.006320 0.001734 0.000624 0.000375 0.000324 0.000314 0.000312 0.000312 0.000312 0.000312 0.000312 0.000312 0.000312 0.000312 0.000312 0.000312 0.000312 0.000312 0.000312 0.000312 0.000312 0.000312 0.000312 0.000312 0.000312 0.000312 0.000312 0.000312 0.000312 0.000312 0.000312 0.000311 0.000311 0.000308 0.000302 0.000287 0.000254 0.000196 0.000108 0.000000 
50.000000 33.876599 20.371705 10.838915 5.110224 2.144354 0.805552 0.272658 0.083701 0.023470 0.006072 0.001486 0.000375 0.000127 0.000076 0.000066 0.000064 0.000064 0.000064 0.000064 0.000064 0.000064 0.000064 0.000064 0.000064 0.000064 0.000064 0.000064 0.000064 0.000064 0.000064 0.000064 0.000064 0.000064 0.000064 0.000064 0.000064 0.000064 0.000064 0.000064 0.000064 0.000064 0.000063 0.000063 0.000062 0.000058 0.000052 0.000040 0.000022 0.000000 
50.000000 33.876582 20.371674 10.838874 5.110178 2.144305 0.805501 0.272606 0.083650 0.023419 0.006021 0.001434 0.000324 0.000076 0.000024 0.000014 0.000012 0.000012 0.000012 0.000012 0.000012 0.000012 0.000012 0.000012 0.000012 0.000012 0.000012 0.000012 0.000012 0.000012 0.000012 0.000012 0.000012 0.000012 0.000012 0.000012 0.000012 0.000012 0.000012 0.000012 0.000012 0.000012 0.000012 0.000012 0.000012 0.000011 0.000010 0.000008 0.000004 0.000000 
50.000000 33.876579 20.371668 10.838866 5.110169 2.144295 0.805492 0.272596 0.083640 0.023409 0.006011 0.001424 0.000314 0.000066 0.000014 0.000004 0.000003 0.000002 0.000002 0.000002 0.000002 0.000002 0.000002 0.000002 0.000002 0.000002 0.000002 0.000002 0.000002 0.000002 0.000002 0.000002 0.000002 0.000002 0.000002 0.000002 0.000002 0.000002 0.000002 0.000002 0.000002 0.000002 0.000002 0.000002 0.000002 0.000002 0.000002 0.000001 0.000001 0.000000 
50.000000 33.876578 20.371667 10.838865 5.110167 2.144293 0.805490 0.272595 0.083638 0.023407 0.006009 0.001422 0.000312 0.000064 0.000012 0.000003 0.000001 0.000000 0.000000 0.000000 0.000000 0.000000 0.000000 0.000000 0.000000 0.000000 0.000000 0.000000 0.000000 0.000000 0.000000 0.000000 0.000000 0.000000 0.000000 0.000000 0.000000 0.000000 0.000000 0.000000 0.000000 0.000000 0.000000 0.000000 0.000000 0.000000 0.000000 0.000000 0.000000 0.000000 
50.000000 33.876578 20.371667 10.838865 5.110167 2.144293 0.805489 0.272594 0.083638 0.023407 0.006008 0.001422 0.000312 0.000064 0.000012 0.000002 0.000000 0.000000 0.000000 0.000000 0.000000 0.000000 0.000000 0.000000 0.000000 0.000000 0.000000 0.000000 0.000000 0.000000 0.000000 0.000000 0.000000 0.000000 0.000000 0.000000 0.000000 0.000000 0.000000 0.000000 0.000000 0.000000 0.000000 0.000000 0.000000 0.000000 0.000000 0.000000 0.000000 0.000000 
50.000000 33.876578 20.371667 10.838865 5.110167 2.144293 0.805489 0.272594 0.083638 0.023407 0.006008 0.001422 0.000312 0.000064 0.000012 0.000002 0.000000 0.000000 0.000000 0.000000 0.000000 0.000000 0.000000 0.000000 0.000000 0.000000 0.000000 0.000000 0.000000 0.000000 0.000000 0.000000 0.000000 0.000000 0.000000 0.000000 0.000000 0.000000 0.000000 0.000000 0.000000 0.000000 0.000000 0.000000 0.000000 0.000000 0.000000 0.000000 0.000000 0.000000 
50.000000 33.876578 20.371667 10.838865 5.110167 2.144293 0.805489 0.272594 0.083638 0.023407 0.006008 0.001422 0.000312 0.000064 0.000012 0.000002 0.000000 0.000000 0.000000 0.000000 0.000000 0.000000 0.000000 0.000000 0.000000 0.000000 0.000000 0.000000 0.000000 0.000000 0.000000 0.000000 0.000000 0.000000 0.000000 0.000000 0.000000 0.000000 0.000000 0.000000 0.000000 0.000000 0.000000 0.000000 0.000000 0.000000 0.000000 0.000000 0.000000 0.000000 
50.000000 33.876578 20.371667 10.838865 5.110167 2.144293 0.805489 0.272594 0.083638 0.023407 0.006008 0.001422 0.000312 0.000064 0.000012 0.000002 0.000000 0.000000 0.000000 0.000000 0.000000 0.000000 0.000000 0.000000 0.000000 0.000000 0.000000 0.000000 0.000000 0.000000 0.000000 0.000000 0.000000 0.000000 0.000000 0.000000 0.000000 0.000000 0.000000 0.000000 0.000000 0.000000 0.000000 0.000000 0.000000 0.000000 0.000000 0.000000 0.000000 0.000000 
50.000000 33.876578 20.371667 10.838865 5.110167 2.144293 0.805489 0.272594 0.083638 0.023407 0.006008 0.001422 0.000312 0.000064 0.000012 0.000002 0.000000 0.000000 0.000000 0.000000 0.000000 0.000000 0.000000 0.000000 0.000000 0.000000 0.000000 0.000000 0.000000 0.000000 0.000000 0.000000 0.000000 0.000000 0.000000 0.000000 0.000000 0.000000 0.000000 0.000000 0.000000 0.000000 0.000000 0.000000 0.000000 0.000000 0.000000 0.000000 0.000000 0.000000 
50.000000 33.876578 20.371667 10.838865 5.110167 2.144293 0.805489 0.272594 0.083638 0.023407 0.006008 0.001422 0.000312 0.000064 0.000012 0.000002 0.000000 0.000000 0.000000 0.000000 0.000000 0.000000 0.000000 0.000000 0.000000 0.000000 0.000000 0.000000 0.000000 0.000000 0.000000 0.000000 0.000000 0.000000 0.000000 0.000000 0.000000 0.000000 0.000000 0.000000 0.000000 0.000000 0.000000 0.000000 0.000000 0.000000 0.000000 0.000000 0.000000 0.000000 
50.000000 33.876578 20.371667 10.838865 5.110167 2.144293 0.805489 0.272594 0.083638 0.023407 0.006008 0.001422 0.000312 0.000064 0.000012 0.000002 0.000000 0.000000 0.000000 0.000000 0.000000 0.000000 0.000000 0.000000 0.000000 0.000000 0.000000 0.000000 0.000000 0.000000 0.000000 0.000000 0.000000 0.000000 0.000000 0.000000 0.000000 0.000000 0.000000 0.000000 0.000000 0.000000 0.000000 0.000000 0.000000 0.000000 0.000000 0.000000 0.000000 0.000000 
50.000000 33.876578 20.371667 10.838865 5.110167 2.144293 0.805489 0.272594 0.083638 0.023407 0.006008 0.001422 0.000312 0.000064 0.000012 0.000002 0.000000 0.000000 0.000000 0.000000 0.000000 0.000000 0.000000 0.000000 0.000000 0.000000 0.000000 0.000000 0.000000 0.000000 0.000000 0.000000 0.000000 0.000000 0.000000 0.000000 0.000000 0.000000 0.000000 0.000000 0.000000 0.000000 0.000000 0.000000 0.000000 0.000000 0.000000 0.000000 0.000000 0.000000 
50.000000 33.876578 20.371667 10.838865 5.110167 2.144293 0.805489 0.272594 0.083638 0.023407 0.006008 0.001422 0.000312 0.000064 0.000012 0.000002 0.000000 0.000000 0.000000 0.000000 0.000000 0.000000 0.000000 0.000000 0.000000 0.000000 0.000000 0.000000 0.000000 0.000000 0.000000 0.000000 0.000000 0.000000 0.000000 0.000000 0.000000 0.000000 0.000000 0.000000 0.000000 0.000000 0.000000 0.000000 0.000000 0.000000 0.000000 0.000000 0.000000 0.000000 
50.000000 33.876578 20.371667 10.838865 5.110167 2.144293 0.805489 0.272594 0.083638 0.023407 0.006008 0.001422 0.000312 0.000064 0.000012 0.000002 0.000000 0.000000 0.000000 0.000000 0.000000 0.000000 0.000000 0.000000 0.000000 0.000000 0.000000 0.000000 0.000000 0.000000 0.000000 0.000000 0.000000 0.000000 0.000000 0.000000 0.000000 0.000000 0.000000 0.000000 0.000000 0.000000 0.000000 0.000000 0.000000 0.000000 0.000000 0.000000 0.000000 0.000000 
50.000000 33.876578 20.371667 10.838865 5.110167 2.144293 0.805489 0.272594 0.083638 0.023407 0.006008 0.001422 0.000312 0.000064 0.000012 0.000002 0.000000 0.000000 0.000000 0.000000 0.000000 0.000000 0.000000 0.000000 0.000000 0.000000 0.000000 0.000000 0.000000 0.000000 0.000000 0.000000 0.000000 0.000000 0.000000 0.000000 0.000000 0.000000 0.000000 0.000000 0.000000 0.000000 0.000000 0.000000 0.000000 0.000000 0.000000 0.000000 0.000000 0.000000 
50.000000 33.876578 20.371667 10.838865 5.110167 2.144293 0.805489 0.272594 0.083638 0.023407 0.006008 0.001422 0.000312 0.000064 0.000012 0.000002 0.000000 0.000000 0.000000 0.000000 0.000000 0.000000 0.000000 0.000000 0.000000 0.000000 0.000000 0.000000 0.000000 0.000000 0.000000 0.000000 0.000000 0.000000 0.000000 0.000000 0.000000 0.000000 0.000000 0.000000 0.000000 0.000000 0.000000 0.000000 0.000000 0.000000 0.000000 0.000000 0.000000 0.000000 
50.000000 33.876578 20.371667 10.838865 5.110167 2.144293 0.805489 0.272594 0.083638 0.023407 0.006008 0.001422 0.000312 0.000064 0.000012 0.000002 0.000000 0.000000 0.000000 0.000000 0.000000 0.000000 0.000000 0.000000 0.000000 0.000000 0.000000 0.000000 0.000000 0.000000 0.000000 0.000000 0.000000 0.000000 0.000000 0.000000 0.000000 0.000000 0.000000 0.000000 0.000000 0.000000 0.000000 0.000000 0.000000 0.000000 0.000000 0.000000 0.000000 0.000000 
50.000000 33.876578 20.371667 10.838865 5.110167 2.144293 0.805489 0.272594 0.083638 0.023407 0.006008 0.001422 0.000312 0.000064 0.000012 0.000002 0.000000 0.000000 0.000000 0.000000 0.000000 0.000000 0.000000 0.000000 0.000000 0.000000 0.000000 0.000000 0.000000 0.000000 0.000000 0.000000 0.000000 0.000000 0.000000 0.000000 0.000000 0.000000 0.000000 0.000000 0.000000 0.000000 0.000000 0.000000 0.000000 0.000000 0.000000 0.000000 0.000000 0.000000 
50.000000 33.876578 20.371667 10.838865 5.110167 2.144293 0.805489 0.272594 0.083638 0.023407 0.006008 0.001422 0.000312 0.000064 0.000012 0.000002 0.000000 0.000000 0.000000 0.000000 0.000000 0.000000 0.000000 0.000000 0.000000 0.000000 0.000000 0.000000 0.000000 0.000000 0.000000 0.000000 0.000000 0.000000 0.000000 0.000000 0.000000 0.000000 0.000000 0.000000 0.000000 0.000000 0.000000 0.000000 0.000000 0.000000 0.000000 0.000000 0.000000 0.000000 
50.000000 33.876578 20.371667 10.838865 5.110167 2.144293 0.805489 0.272594 0.083638 0.023407 0.006008 0.001422 0.000312 0.000064 0.000012 0.000002 0.000000 0.000000 0.000000 0.000000 0.000000 0.000000 0.000000 0.000000 0.000000 0.000000 0.000000 0.000000 0.000000 0.000000 0.000000 0.000000 0.000000 0.000000 0.000000 0.000000 0.000000 0.000000 0.000000 0.000000 0.000000 0.000000 0.000000 0.000000 0.000000 0.000000 0.000000 0.000000 0.000000 0.000000 
50.000000 33.876578 20.371667 10.838865 5.110167 2.144293 0.805490 0.272595 0.083638 0.023407 0.006009 0.001422 0.000312 0.000064 0.000012 0.000003 0.000001 0.000000 0.000000 0.000000 0.000000 0.000000 0.000000 0.000000 0.000000 0.000000 0.000000 0.000000 0.000000 0.000000 0.000000 0.000000 0.000000 0.000000 0.000000 0.000000 0.000000 0.000000 0.000000 0.000000 0.000000 0.000000 0.000000 0.000000 0.000000 0.000000 0.000000 0.000000 0.000000 0.000000 
50.000000 33.876579 20.371668 10.838866 5.110169 2.144295 0.805492 0.272596 0.083640 0.023409 0.006011 0.001424 0.000314 0.000066 0.000014 0.000004 0.000003 0.000002 0.000002 0.000002 0.000002 0.000002 0.000002 0.000002 0.000002 0.000002 0.000002 0.000002 0.000002 0.000002 0.000002 0.000002 0.000002 0.000002 0.000002 0.000002 0.000002 0.000002 0.000002 0.000002 0.000002 0.000002 0.000002 0.000002 0.000002 0.000002 0.000002 0.000001 0.000001 0.000000 
50.000000 33.876582 20.371674 10.838874 5.110178 2.144305 0.805501 0.272606 0.083650 0.023419 0.006021 0.001434 0.000324 0.000076 0.000024 0.000014 0.000012 0.000012 0.000012 0.000012 0.000012 0.000012 0.000012 0.000012 0.000012 0.000012 0.000012 0.000012 0.000012 0.000012 0.000012 0.000012 0.000012 0.000012 0.000012 0.000012 0.000012 0.000012 0.000012 0.000012 0.000012 0.000012 0.000012 0.000012 0.000012 0.000011 0.000010 0.000008 0.000004 0.000000 
50.000000 33.876599 20.371705 10.838915 5.110224 2.144354 0.805552 0.272658 0.083701 0.023470 0.006072 0.001486 0.000375 0.000127 0.000076 0.000066 0.000064 0.000064 0.000064 0.000064 0.000064 0.000064 0.000064 0.000064 0.000064 0.000064 0.000064 0.000064 0.000064 0.000064 0.000064 0.000064 0.000064 0.000064 0.000064 0.000064 0.000064 0.000064 0.000064 0.000064 0.000064 0.000064 0.000063 0.000063 0.000062 0.000058 0.000052 0.000040 0.000022 0.000000 
50.000000 33.876680 20.371853 10.839111 5.110448 2.144592 0.805797 0.272904 0.083949 0.023718 0.006320 0.001734 0.000624 0.000375 0.000324 0.000314 0.000312 0.000312 0.000312 0.000312 0.000312 0.000312 0.000312 0.000312 0.000312 0.000312 0.000312 0.000312 0.000312 0.000312 0.000312 0.000312 0.000312 0.000312 0.000312 0.000312 0.000312 0.000312 0.000312 0.000312 0.000312 0.000311 0.000311 0.000308 0.000302 0.000287 0.000254 0.000196 0.000108 0.000000 
50.000000 33.877042 20.372517 10.839986 5.111449 2.145657 0.806890 0.274009 0.085058 0.024828 0.007430 0.002844 0.001734 0.001486 0.001434 0.001424 0.001422 0.001422 0.001422 0.001422 0.001422 0.001422 0.001422 0.001422 0.001422 0.001422 0.001422 0.001422 0.001422 0.001422 0.001422 0.001422 0.001422 0.001422 0.001422 0.001422 0.001422 0.001422 0.001422 0.001422 0.001422 0.001421 0.001417 0.001407 0.001378 0.001309 0.001162 0.000896 0.000496 0.000000 
50.000000 33.878535 20.375257 10.843599 5.115582 2.150056 0.811407 0.278572 0.089637 0.029413 0.012016 0.007430 0.006320 0.006072 0.006021 0.006011 0.006009 0.006008 0.006008 0.006008 0.006008 0.006008 0.006008 0.006008 0.006008 0.006008 0.006008 0.006008 0.006008 0.006008 0.006008 0.006008 0.006008 0.006008 0.006008 0.006008 0.006008 0.006008 0.006008 0.006008 0.006007 0.006003 0.005990 0.005947 0.005829 0.005540 0.004925 0.003807 0.002109 0.000000 
50.000000 33.884192 20.385636 10.857292 5.131250 2.166736 0.828539 0.295882 0.107008 0.046803 0.029413 0.024828 0.023718 0.023470 0.023419 0.023409 0.023407 0.023407 0.023407 0.023407 0.023407 0.023407 0.023407 0.023407 0.023407 0.023407 0.023407 0.023407 0.023407 0.023407 0.023407 0.023407 0.023407 0.023407 0.023407 0.023407 0.023407 0.023407 0.023406 0.023405 0.023402 0.023387 0.023336 0.023178 0.022733 0.021634 0.019271 0.014937 0.008297 0.000000 
50.000000 33.903746 20.421526 10.904656 5.185463 2.224464 0.887839 0.355801 0.167145 0.107008 0.089637 0.085058 0.083949 0.083701 0.083650 0.083640 0.083638 0.083638 0.083638 0.083638 0.083638 0.083638 0.083638 0.083638 0.083638 0.083638 0.083638 0.083638 0.083638 0.083638 0.083638 0.083638 0.083638 0.083638 0.083638 0.083638 0.083638 0.083638 0.083637 0.083634 0.083621 0.083573 0.083402 0.082863 0.081340 0.077535 0.069260 0.053885 0.030041 0.000000 
50.000000 33.965009 20.533995 11.053129 5.355453 2.405520 1.073851 0.543770 0.355801 0.295882 0.278572 0.274009 0.272904 0.272658 0.272606 0.272596 0.272595 0.272594 0.272594 0.272594 0.272594 0.272594 0.272594 0.272594 0.272594 0.272594 0.272594 0.272594 0.272594 0.272594 0.272594 0.272594 0.272594 0.272594 0.272594 0.272594 0.272594 0.272594 0.272592 0.272583 0.272545 0.272399 0.271885 0.270245 0.265556 0.253684 0.227457 0.177880 0.099691 0.000000 
50.000000 34.137560 20.850846 11.471531 5.834628 2.915998 1.598377 1.073851 0.887839 0.828539 0.811407 0.806890 0.805797 0.805552 0.805501 0.805492 0.805490 0.805489 0.805489 0.805489 0.805489 0.805489 0.805489 0.805489 0.805489 0.805489 0.805489 0.805489 0.805489 0.805489 0.805489 0.805489 0.805489 0.805489 0.805489 0.805489 0.805489 0.805488 0.805483 0.805460 0.805361 0.804976 0.803607 0.799189 0.786378 0.753372 0.678934 0.534868 0.302133 0.000000 
50.000000 34.570544 21.646089 12.521942 7.037927 4.198165 2.915998 2.405520 2.224464 2.166736 2.150056 2.145657 2.144592 2.144354 2.144305 2.144295 2.144293 2.144293 2.144293 2.144293 2.144293 2.144293 2.144293 2.144293 2.144293 2.144293 2.144293 2.144293 2.144293 2.144293 2.144293 2.144293 2.144293 2.144293 2.144293 2.144293 2.144292 2.144290 2.144279 2.144226 2.144003 2.143124 2.139964 2.129621 2.099083 2.018617 1.832046 1.458916 0.834405 0.000000 
50.000000 35.528692 23.406216 14.847417 9.702519 7.037927 5.834628 5.355453 5.185463 5.131250 5.115582 5.111449 5.110448 5.110224 5.110178 5.110169 5.110167 5.110167 5.110167 5.110167 5.110167 5.110167 5.110167 5.110167 5.110167 5.110167 5.110167 5.110167 5.110167 5.110167 5.110167 5.110167 5.110167 5.110167 5.110167 5.110167 5.110166 5.110162 5.110140 5.110041 5.109616 5.107928 5.101769 5.081256 5.019310 4.851259 4.446783 3.599231 2.101736 0.000000 
50.000000 37.377619 26.803284 19.336593 14.847417 12.521942 11.471531 11.053129 10.904656 10.857292 10.843599 10.839986 10.839111 10.838915 10.838874 10.838866 10.838865 10.838865 10.838865 10.838865 10.838865 10.838865 10.838865 10.838865 10.838865 10.838865 10.838865 10.838865 10.838865 10.838865 10.838865 10.838865 10.838865 10.838865 10.838865 10.838864 10.838863 10.838857 10.838824 10.838674 10.838021 10.835396 10.825672 10.792598 10.689895 10.400634 9.668297 8.026428 4.864086 0.000000 
50.000000 40.451908 32.452503 26.803284 23.406216 21.646089 20.850846 20.533995 20.421526 20.385636 20.375257 20.372517 20.371853 20.371705 20.371674 20.371668 20.371667 20.371667 20.371667 20.371667 20.371667 20.371667 20.371667 20.371667 20.371667 20.371667 20.371667 20.371667 20.371667 20.371667 20.371667 20.371667 20.371667 20.371667 20.371667 20.371666 20.371665 20.371658 20.371621 20.371450 20.370699 20.367641 20.356116 20.315978 20.187173 19.806985 18.776855 16.226251 10.553542 0.000000 
50.000000 44.804735 40.451908 37.377619 35.528692 34.570544 34.137560 33.965009 33.903746 33.884192 33.878535 33.877042 33.876680 33.876599 33.876582 33.876579 33.876578 33.876578 33.876578 33.876578 33.876578 33.876578 33.876578 33.876578 33.876578 33.876578 33.876578 33.876578 33.876578 33.876578 33.876578 33.876578 33.876578 33.876578 33.876578 33.876578 33.876577 33.876572 33.876547 33.876426 33.875894 33.873705 33.865317 33.835427 33.736139 33.426956 32.513533 29.898366 22.402367 0.000000 
50.000000 50.000000 50.000000 50.000000 50.000000 50.000000 50.000000 50.000000 50.000000 50.000000 50.000000 50.000000 50.000000 50.000000 50.000000 50.000000 50.000000 50.000000 50.000000 50.000000 50.000000 50.000000 50.000000 50.000000 50.000000 50.000000 50.000000 50.000000 50.000000 50.000000 50.000000 50.000000 50.000000 50.000000 50.000000 50.000000 50.000000 50.000000 50.000000 50.000000 50.000000 50.000000 50.000000 50.000000 50.000000 50.000000 50.000000 50.000000 50.000000 50.000000 
