50.000000 50.000000 50.000000 50.000000 50.000000 50.000000 50.000000 50.000000 50.000000 50.000000 50.000000 50.000000 50.000000 50.000000 50.000000 50.000000 50.000000 50.000000 50.000000 50.000000 50.000000 50.000000 50.000000 50.000000 50.000000 50.000000 50.000000 50.000000 50.000000 50.000000 50.000000 50.000000 50.000000 50.000000 50.000000 50.000000 50.000000 50.000000 50.000000 50.000000 50.000000 50.000000 50.000000 50.000000 50.000000 50.000000 50.000000 50.000000 50.000000 50.000000 
50.000000 48.426901 46.931450 45.579812 44.418013 43.467963 42.728499 42.180351 41.793111 41.532202 41.364407 41.261316 41.200753 41.166700 41.148359 41.138885 41.134189 41.131952 41.130928 41.130476 41.130284 41.130206 41.130175 41.130163 41.130158 41.130157 41.130156 41.130155 41.130153 41.130149 41.130137 41.130105 41.130027 41.129837 41.129392 41.128379 41.126142 41.121357 41.111414 41.091329 41.051791 40.975713 40.831948 40.563299 40.061774 39.112049 37.246640 33.328952 24.213451 0.000000 
50.000000 46.931450 44.014367 41.377819 39.111584 37.258402 35.816000 34.746789 33.991450 33.482532 33.155243 32.954162 32.836034 32.769617 32.733842 32.715365 32.706206 32.701843 32.699845 32.698964 32.698590 32.698437 32.698376 32.698353 32.698345 32.698342 32.698340 32.698339 32.698336 32.698327 32.698305 32.698248 32.698105 32.697759 32.696947 32.695105 32.691050 32.682400 32.664502 32.628538 32.558250 32.424340 32.174866 31.718477 30.894224 29.415339 26.763754 22.007184 13.602498 0.000000 
50.000000 45.579812 41.377819 37.579943 34.315515 31.646095 29.568404 28.028289 26.940296 26.207261 25.735847 25.446225 25.276085 25.180425 25.128901 25.102290 25.089099 25.082816 25.079939 25.078670 25.078132 25.077911 25.077824 25.077791 25.077778 25.077774 25.077772 25.077770 25.077766 25.077755 25.077726 25.077652 25.077467 25.077022 25.075979 25.073619 25.068445 25.057461 25.034872 24.989839 24.902730 24.739040 24.439758 23.906423 22.978560 21.401688 18.789972 14.614065 8.333172 0.000000 
50.000000 44.418013 39.111584 34.315515 30.193131 26.822167 24.198476 22.253661 20.879797 19.954174 19.358919 18.993221 18.778395 18.657615 18.592563 18.558966 18.542311 18.534380 18.530747 18.529146 18.528466 18.528188 18.528078 18.528036 18.528020 18.528014 18.528012 18.528010 18.528005 18.527993 18.527962 18.527882 18.527682 18.527200 18.526078 18.523549 18.518031 18.506387 18.482621 18.435684 18.345974 18.179987 17.882578 17.366566 16.500285 15.096565 12.913828 9.696246 5.305965 0.000000 
50.000000 43.467963 37.258402 31.646095 26.822167 22.877582 19.807473 17.531788 15.924220 14.841166 14.144686 13.716811 13.465467 13.324160 13.248054 13.208749 13.189266 13.179988 13.175739 13.173866 13.173071 13.172745 13.172616 13.172567 13.172549 13.172542 13.172540 13.172537 13.172533 13.172522 13.172491 13.172414 13.172222 13.171762 13.170694 13.168297 13.163097 13.152198 13.130133 13.086995 13.005577 12.857275 12.596757 12.155900 11.438791 10.321882 8.667535 6.364178 3.406189 0.000000 
50.000000 42.728499 35.816000 29.568404 24.198476 19.807473 16.389963 13.856815 12.067408 10.861872 10.086648 9.610410 9.330664 9.173394 9.088694 9.044952 9.023271 9.012946 9.008218 9.006134 9.005249 9.004887 9.004743 9.004689 9.004668 9.004661 9.004658 9.004656 9.004652 9.004642 9.004616 9.004548 9.004381 9.003982 9.003058 9.000997 8.996551 8.987299 8.968726 8.932784 8.865777 8.745547 8.538173 8.194982 7.651573 6.831911 5.661980 4.097523 2.165200 0.000000 
50.000000 42.180351 34.746789 28.028289 22.253661 17.531788 13.856815 11.132874 9.208730 7.912448 7.078890 6.566829 6.266050 6.096960 6.005896 5.958870 5.935562 5.924462 5.919380 5.917140 5.916188 5.915799 5.915645 5.915586 5.915565 5.915557 5.915554 5.915552 5.915548 5.915540 5.915519 5.915464 5.915330 5.915011 5.914276 5.912643 5.909143 5.901910 5.887509 5.859915 5.809070 5.719096 5.566437 5.318642 4.935031 4.371083 3.588530 2.571923 1.348403 0.000000 
50.000000 41.793111 33.991450 26.940296 20.879797 15.924220 12.067408 9.208730 7.189445 5.829094 4.954356 4.417011 4.101388 3.923958 3.828406 3.779064 3.754608 3.742962 3.737630 3.735280 3.734282 3.733873 3.733712 3.733650 3.733628 3.733619 3.733616 3.733615 3.733612 3.733606 3.733590 3.733549 3.733449 3.733211 3.732667 3.731464 3.728901 3.723640 3.713250 3.693523 3.657563 3.594722 3.489634 3.321862 3.066945 2.699810 2.201256 1.567109 0.817398 0.000000 
50.000000 41.532202 33.482532 26.207261 19.954174 14.841166 10.861872 7.912448 5.829094 4.425605 3.523145 2.968781 2.643169 2.460128 2.361556 2.310656 2.285428 2.273416 2.267916 2.265492 2.264462 2.264041 2.263875 2.263811 2.263787 2.263779 2.263776 2.263774 2.263773 2.263768 2.263757 2.263728 2.263658 2.263493 2.263116 2.262286 2.260528 2.256943 2.249914 2.236684 2.212803 2.171531 2.103378 1.996095 1.835589 1.608199 1.304531 0.924282 0.480411 0.000000 
50.000000 41.364407 33.155243 25.735847 19.358919 14.144686 10.086648 7.078890 4.954356 3.523145 2.602872 2.037576 1.705548 1.518904 1.418394 1.366494 1.340771 1.328523 1.322915 1.320444 1.319394 1.318965 1.318795 1.318730 1.318706 1.318698 1.318695 1.318693 1.318692 1.318689 1.318681 1.318663 1.318617 1.318508 1.318262 1.317723 1.316588 1.314286 1.309806 1.301436 1.286461 1.260834 1.218975 1.153865 1.057691 0.923236 0.746008 0.526705 0.273079 0.000000 
50.000000 41.261316 32.954162 25.446225 18.993221 13.716811 9.610410 6.566829 4.417011 2.968781 2.037576 1.465571 1.129607 0.940752 0.839054 0.786541 0.760515 0.748123 0.742449 0.739948 0.738887 0.738452 0.738280 0.738215 0.738190 0.738182 0.738179 0.738177 0.738176 0.738175 0.738170 0.738158 0.738130 0.738063 0.737911 0.737580 0.736887 0.735489 0.732785 0.727770 0.718867 0.703762 0.679320 0.641684 0.586679 0.510601 0.411353 0.289660 0.149902 0.000000 
50.000000 41.200753 32.836034 25.276085 18.778395 13.465467 9.330664 6.266050 4.101388 2.643169 1.705548 1.129607 0.791334 0.601183 0.498788 0.445916 0.419712 0.407236 0.401523 0.399006 0.397937 0.397499 0.397326 0.397260 0.397236 0.397227 0.397224 0.397223 0.397222 0.397221 0.397218 0.397211 0.397195 0.397155 0.397067 0.396874 0.396472 0.395667 0.394117 0.391262 0.386226 0.377748 0.364140 0.343365 0.313270 0.272008 0.218624 0.153634 0.079396 0.000000 
50.000000 41.166700 32.769617 25.180425 18.657615 13.324160 9.173394 6.096960 3.923958 2.460128 1.518904 0.940752 0.601183 0.410306 0.307520 0.254446 0.228142 0.215618 0.209884 0.207357 0.206284 0.205845 0.205672 0.205605 0.205581 0.205572 0.205569 0.205568 0.205568 0.205567 0.205565 0.205561 0.205552 0.205530 0.205481 0.205374 0.205153 0.204711 0.203865 0.202316 0.199600 0.195057 0.187817 0.176843 0.161063 0.139584 0.111980 0.078567 0.040558 0.000000 
50.000000 41.148359 32.733842 25.128901 18.592563 13.248054 9.088694 6.005896 3.828406 2.361556 1.418394 0.839054 0.498788 0.307520 0.204523 0.151341 0.124984 0.112435 0.106689 0.104157 0.103082 0.102642 0.102468 0.102402 0.102377 0.102369 0.102365 0.102364 0.102364 0.102364 0.102363 0.102361 0.102356 0.102344 0.102318 0.102262 0.102145 0.101914 0.101474 0.100670 0.099270 0.096942 0.093253 0.087697 0.079757 0.069014 0.055283 0.038737 0.019980 0.000000 
50.000000 41.138885 32.715365 25.102290 18.558966 13.208749 9.044952 5.958870 3.779064 2.310656 1.366494 0.786541 0.445916 0.254446 0.151341 0.098103 0.071719 0.059157 0.053405 0.050870 0.049794 0.049353 0.049179 0.049113 0.049088 0.049080 0.049077 0.049075 0.049075 0.049075 0.049074 0.049073 0.049071 0.049065 0.049052 0.049023 0.048965 0.048849 0.048630 0.048231 0.047540 0.046397 0.044594 0.041894 0.038055 0.032887 0.026311 0.018418 0.009493 0.000000 
50.000000 41.134189 32.706206 25.089099 18.542311 13.189266 9.023271 5.935562 3.754608 2.285428 1.340771 0.760515 0.419712 0.228142 0.124984 0.071719 0.045321 0.032752 0.026997 0.024461 0.023385 0.022944 0.022770 0.022703 0.022679 0.022670 0.022667 0.022666 0.022665 0.022665 0.022665 0.022665 0.022663 0.022660 0.022654 0.022640 0.022612 0.022557 0.022452 0.022263 0.021935 0.021396 0.020551 0.019289 0.017504 0.015111 0.012077 0.008447 0.004351 0.000000 
50.000000 41.131952 32.701843 25.082816 18.534380 13.179988 9.012946 5.924462 3.742962 2.273416 1.328523 0.748123 0.407236 0.215618 0.112435 0.059157 0.032752 0.020180 0.014424 0.011887 0.010810 0.010370 0.010195 0.010129 0.010104 0.010096 0.010093 0.010092 0.010091 0.010091 0.010091 0.010091 0.010090 0.010089 0.010086 0.010079 0.010067 0.010041 0.009993 0.009907 0.009758 0.009514 0.009132 0.008565 0.007766 0.006698 0.005349 0.003738 0.001925 0.000000 
50.000000 41.130928 32.699845 25.079939 18.530747 13.175739 9.008218 5.919380 3.737630 2.267916 1.322915 0.742449 0.401523 0.209884 0.106689 0.053405 0.026997 0.014424 0.008667 0.006130 0.005053 0.004612 0.004438 0.004372 0.004347 0.004338 0.004335 0.004334 0.004334 0.004334 0.004334 0.004334 0.004333 0.004333 0.004332 0.004329 0.004323 0.004312 0.004291 0.004253 0.004188 0.004081 0.003915 0.003670 0.003325 0.002866 0.002287 0.001597 0.000822 0.000000 
50.000000 41.130476 32.698964 25.078670 18.529146 13.173866 9.006134 5.917140 3.735280 2.265492 1.320444 0.739948 0.399006 0.207357 0.104157 0.050870 0.024461 0.011887 0.006130 0.003593 0.002516 0.002075 0.001901 0.001835 0.001810 0.001801 0.001798 0.001797 0.001797 0.001797 0.001797 0.001797 0.001797 0.001796 0.001796 0.001795 0.001792 0.001787 0.001778 0.001762 0.001735 0.001690 0.001621 0.001518 0.001375 0.001184 0.000944 0.000659 0.000339 0.000000 
50.000000 41.130284 32.698590 25.078132 18.528466 13.173071 9.005249 5.916189 3.734282 2.264462 1.319394 0.738887 0.397937 0.206284 0.103082 0.049794 0.023385 0.010810 0.005053 0.002516 0.001439 0.000998 0.000824 0.000757 0.000733 0.000724 0.000721 0.000720 0.000720 0.000720 0.000720 0.000720 0.000719 0.000719 0.000719 0.000719 0.000718 0.000716 0.000712 0.000706 0.000694 0.000676 0.000648 0.000607 0.000549 0.000473 0.000377 0.000263 0.000135 0.000000 
50.000000 41.130206 32.698437 25.077911 18.528188 13.172745 9.004887 5.915799 3.733874 2.264041 1.318965 0.738452 0.397499 0.205845 0.102642 0.049353 0.022944 0.010370 0.004613 0.002075 0.000998 0.000557 0.000383 0.000316 0.000292 0.000283 0.000280 0.000279 0.000279 0.000279 0.000279 0.000279 0.000279 0.000279 0.000279 0.000278 0.000278 0.000277 0.000276 0.000273 0.000269 0.000262 0.000251 0.000235 0.000212 0.000183 0.000146 0.000102 0.000052 0.000000 
50.000000 41.130175 32.698377 25.077824 18.528078 13.172617 9.004744 5.915646 3.733712 2.263875 1.318795 0.738281 0.397327 0.205672 0.102469 0.049180 0.022770 0.010196 0.004439 0.001901 0.000824 0.000383 0.000209 0.000143 0.000118 0.000109 0.000106 0.000105 0.000105 0.000105 0.000105 0.000105 0.000105 0.000105 0.000105 0.000105 0.000104 0.000104 0.000104 0.000103 0.000101 0.000098 0.000094 0.000088 0.000080 0.000069 0.000055 0.000038 0.000020 0.000000 
50.000000 41.130163 32.698354 25.077791 18.528037 13.172568 9.004690 5.915588 3.733652 2.263812 1.318732 0.738216 0.397262 0.205607 0.102403 0.049114 0.022705 0.010130 0.004373 0.001836 0.000759 0.000318 0.000144 0.000077 0.000053 0.000044 0.000041 0.000040 0.000039 0.000039 0.000039 0.000039 0.000039 0.000039 0.000039 0.000039 0.000039 0.000039 0.000039 0.000038 0.000038 0.000037 0.000035 0.000033 0.000030 0.000026 0.000020 0.000014 0.000007 0.000000 
50.000000 41.130159 32.698346 25.077781 18.528023 13.172553 9.004672 5.915569 3.733632 2.263792 1.318711 0.738195 0.397240 0.205585 0.102382 0.049093 0.022683 0.010109 0.004352 0.001814 0.000737 0.000296 0.000122 0.000056 0.000031 0.000022 0.000019 0.000018 0.000018 0.000018 0.000018 0.000018 0.000018 0.000018 0.000018 0.000018 0.000018 0.000018 0.000018 0.000017 0.000017 0.000017 0.000016 0.000015 0.000013 0.000012 0.000009 0.000006 0.000003 0.000000 
50.000000 41.130159 32.698346 25.077781 18.528023 13.172553 9.004672 5.915569 3.733632 2.263792 1.318711 0.738195 0.397240 0.205585 0.102382 0.049093 0.022683 0.010109 0.004352 0.001814 0.000737 0.000296 0.000122 0.000056 0.000031 0.000022 0.000019 0.000018 0.000018 0.000018 0.000018 0.000018 0.000018 0.000018 0.000018 0.000018 0.000018 0.000018 0.000018 0.000017 0.000017 0.000017 0.000016 0.000015 0.000013 0.000012 0.000009 0.000006 0.000003 0.000000 
50.000000 41.130163 32.698354 25.077791 18.528037 13.172568 9.004690 5.915588 3.733652 2.263812 1.318732 0.738216 0.397262 0.205607 0.102403 0.049114 0.022705 0.010130 0.004373 0.001836 0.000759 0.000318 0.000144 0.000077 0.000053 0.000044 0.000041 0.000040 0.000039 0.000039 0.000039 0.000039 0.000039 0.000039 0.000039 0.000039 0.000039 0.000039 0.000039 0.000038 0.000038 0.000037 0.000035 0.000033 0.000030 0.000026 0.000020 0.000014 0.000007 0.000000 
50.000000 41.130175 32.698377 25.077824 18.528078 13.172617 9.004744 5.915646 3.733712 2.263875 1.318795 0.738281 0.397327 0.205672 0.102469 0.049180 0.022770 0.010196 0.004439 0.001901 0.000824 0.000383 0.000209 0.000143 0.000118 0.000109 0.000106 0.000105 0.000105 0.000105 0.000105 0.000105 0.000105 0.000105 0.000105 0.000105 0.000104 0.000104 0.000104 0.000103 0.000101 0.000098 0.000094 0.000088 0.000080 0.000069 0.000055 0.000038 0.000020 0.000000 
50.000000 41.130206 32.698437 25.077911 18.528188 13.172745 9.004887 5.915799 3.733874 2.264041 1.318965 0.738452 0.397499 0.205845 0.102642 0.049353 0.022944 0.010370 0.004613 0.002075 0.000998 0.000557 0.000383 0.000316 0.000292 0.000283 0.000280 0.000279 0.000279 0.000279 0.000279 0.000279 0.000279 0.000279 0.000279 0.000278 0.000278 0.000277 0.000276 0.000273 0.000269 0.000262 0.000251 0.000235 0.000212 0.000183 0.000146 0.000102 0.000052 0.000000 
50.000000 41.130284 32.698590 25.078132 18.528466 13.173071 9.005249 5.916189 3.734282 2.264462 1.319394 0.738887 0.397937 0.206284 0.103082 0.049794 0.023385 0.010810 0.005053 0.002516 0.001439 0.000998 0.000824 0.000757 0.000733 0.000724 0.000721 0.000720 0.000720 0.000720 0.000720 0.000720 0.000719 0.000719 0.000719 0.000719 0.000718 0.000716 0.000712 0.000706 0.000694 0.000676 0.000648 0.000607 0.000549 0.000473 0.000377 0.000263 0.000135 0.000000 
50.000000 41.130476 32.698964 25.078670 18.529146 13.173866 9.006134 5.917140 3.735280 2.265492 1.320444 0.739948 0.399006 0.207357 0.104157 0.050870 0.024461 0.011887 0.006130 0.003593 0.002516 0.002075 0.001901 0.001835 0.001810 0.001801 0.001798 0.001797 0.001797 0.001797 0.001797 0.001797 0.001797 0.001796 0.001796 0.001795 0.001792 0.001787 0.001778 0.001762 0.001735 0.001690 0.001621 0.001518 0.001375 0.001184 0.000944 0.000659 0.000339 0.000000 
50.000000 41.130928 32.699845 25.079939 18.530747 13.175739 9.008218 5.919380 3.737630 2.267916 1.322915 0.742449 0.401523 0.209884 0.106689 0.053405 0.026997 0.014424 0.008667 0.006130 0.005053 0.004612 0.004438 0.004372 0.004347 0.004338 0.004335 0.004334 0.004334 0.004334 0.004334 0.004334 0.004333 0.004333 0.004332 0.004329 0.004323 0.004312 0.004291 0.004253 0.004188 0.004081 0.003915 0.003670 0.003325 0.002866 0.002287 0.001597 0.000822 0.000000 
50.000000 41.131952 32.701843 25.082816 18.534380 13.179988 9.012946 5.924462 3.742962 2.273416 1.328523 0.748123 0.407236 0.215618 0.112435 0.059157 0.032752 0.020180 0.014424 0.011887 0.010810 0.010370 0.010195 0.010129 0.010104 0.010096 0.010093 0.010092 0.010091 0.010091 0.010091 0.010091 0.010090 0.010089 0.010086 0.010079 0.010067 0.010041 0.009993 0.009907 0.009758 0.009514 0.009132 0.008565 0.007766 0.006698 0.005349 0.003738 0.001925 0.000000 
50.000000 41.134189 32.706206 25.089099 18.542311 13.189266 9.023271 5.935562 3.754608 2.285428 1.340771 0.760515 0.419712 0.228142 0.124984 0.071719 0.045321 0.032752 0.026997 0.024461 0.023385 0.022944 0.022770 0.022703 0.022679 0.022670 0.022667 0.022666 0.022665 0.022665 0.022665 0.022665 0.022663 0.022660 0.022654 0.022640 0.022612 0.022557 0.022452 0.022263 0.021935 0.021396 0.020551 0.019289 0.017504 0.015111 0.012077 0.008447 0.004351 0.000000 
50.000000 41.138885 32.715365 25.102290 18.558966 13.208749 9.044952 5.958870 3.779064 2.310656 1.366494 0.786541 0.445916 0.254446 0.151341 0.098103 0.071719 0.059157 0.053405 0.050870 0.049794 0.049353 0.049179 0.049113 0.049088 0.049080 0.049077 0.049075 0.049075 0.049075 0.049074 0.049073 0.049071 0.049065 0.049052 0.049023 0.048965 0.048849 0.048630 0.048231 0.047540 0.046397 0.044594 0.041894 0.038055 0.032887 0.026311 0.018418 0.009493 0.000000 
50.000000 41.148359 32.733842 25.128901 18.592563 13.248054 9.088694 6.005896 3.828406 2.361556 1.418394 0.839054 0.498788 0.307520 0.204523 0.151341 0.124984 0.112435 0.106689 0.104157 0.103082 0.102642 0.102468 0.102402 0.102377 0.102369 0.102365 0.102364 0.102364 0.102364 0.102363 0.102361 0.102356 0.102344 0.102318 0.102262 0.102145 0.101914 0.101474 0.100670 0.099270 0.096942 0.093253 0.087697 0.079757 0.069014 0.055283 0.038737 0.019980 0.000000 
50.000000 41.166700 32.769617 25.180425 18.657615 13.324160 9.173394 6.096960 3.923958 2.460128 1.518904 0.940752 0.601183 0.410306 0.307520 0.254446 0.228142 0.215618 0.209884 0.207357 0.206284 0.205845 0.205672 0.205605 0.205581 0.205572 0.205569 0.205568 0.205568 0.205567 0.205565 0.205561 0.205552 0.205530 0.205481 0.205374 0.205153 0.204711 0.203865 0.202316 0.199600 0.195057 0.187817 0.176843 0.161063 0.139584 0.111980 0.078567 0.040558 0.000000 
50.000000 41.200753 32.836034 25.276085 18.778395 13.465467 9.330664 6.266050 4.101388 2.643169 1.705548 1.129607 0.791334 0.601183 0.498788 0.445916 0.419712 0.407236 0.401523 0.399006 0.397937 0.397499 0.397326 0.397260 0.397236 0.397227 0.397224 0.397223 0.397222 0.397221 0.397218 0.397211 0.397195 0.397155 0.397067 0.396874 0.396472 0.395667 0.394117 0.391262 0.386226 0.377748 0.364140 0.343365 0.313270 0.272008 0.218624 0.153634 0.079396 0.000000 
50.000000 41.261316 32.954162 25.446225 18.993221 13.716811 9.610410 6.566829 4.417011 2.968781 2.037576 1.465571 1.129607 0.940752 0.839054 0.786541 0.760515 0.748123 0.742449 0.739948 0.738887 0.738452 0.738280 0.738215 0.738190 0.738182 0.738179 0.738177 0.738176 0.738175 0.738170 0.738158 0.738130 0.738063 0.737911 0.737580 0.736887 0.735489 0.732785 0.727770 0.718867 0.703762 0.679320 0.641684 0.586679 0.510601 0.411353 0.289660 0.149902 0.000000 
50.000000 41.364407 33.155243 25.735847 19.358919 14.144686 10.086648 7.078890 4.954356 3.523145 2.602872 2.037576 1.705548 1.518904 1.418394 1.366494 1.340771 1.328523 1.322915 1.320444 1.319394 1.318965 1.318795 1.318730 1.318706 1.318698 1.318695 1.318693 1.318692 1.318689 1.318681 1.318663 1.318617 1.318508 1.318262 1.317723 1.316588 1.314286 1.309806 1.301436 1.286461 1.260834 1.218975 1.153865 1.057691 0.923236 0.746008 0.526705 0.273079 0.000000 
50.000000 41.532202 33.482532 26.207261 19.954174 14.841166 10.861872 7.912448 5.829094 4.425605 3.523145 2.968781 2.643169 2.460128 2.361556 2.310656 2.285428 2.273416 2.267916 2.265492 2.264462 2.264041 2.263875 2.263811 2.263787 2.263779 2.263776 2.263774 2.263773 2.263768 2.263757 2.263728 2.263658 2.263493 2.263116 2.262286 2.260528 2.256943 2.249914 2.236684 2.212803 2.171531 2.103378 1.996095 1.835589 1.608199 1.304531 0.924282 0.480411 0.000000 
50.000000 41.793111 33.991450 26.940296 20.879797 15.924220 12.067408 9.208730 7.189445 5.829094 4.954356 4.417011 4.101388 3.923958 3.828406 3.779064 3.754608 3.742962 3.737630 3.735280 3.734282 3.733873 3.733712 3.733650 3.733628 3.733619 3.733616 3.733615 3.733612 3.733606 3.733590 3.733549 3.733449 3.733211 3.732667 3.731464 3.728901 3.723640 3.713250 3.693523 3.657563 3.594722 3.489634 3.321862 3.066945 2.699810 2.201256 1.567109 0.817398 0.000000 
50.000000 42.180351 34.746789 28.028289 22.253661 17.531788 13.856815 11.132874 9.208730 7.912448 7.078890 6.566829 6.266050 6.096960 6.005896 5.958870 5.935562 5.924462 5.919380 5.917140 5.916188 5.915799 5.915645 5.915586 5.915565 5.915557 5.915554 5.915552 5.915548 5.915540 5.915519 5.915464 5.915330 5.915011 5.914276 5.912643 5.909143 5.901910 5.887509 5.859915 5.809070 5.719096 5.566437 5.318642 4.935031 4.371083 3.588530 2.571923 1.348403 0.000000 
50.000000 42.728499 35.816000 29.568404 24.198476 19.807473 16.389963 13.856815 12.067408 10.861872 10.086648 9.610410 9.330664 9.173394 9.088694 9.044952 9.023271 9.012946 9.008218 9.006134 9.005249 9.004887 9.004743 9.004689 9.004668 9.004661 9.004658 9.004656 9.004652 9.004642 9.004616 9.004548 9.004381 9.003982 9.003058 9.000997 8.996551 8.987299 8.968726 8.932784 8.865777 8.745547 8.538173 8.194982 7.651573 6.831911 5.661980 4.097523 2.165200 0.000000 
50.000000 43.467963 37.258402 31.646095 26.822167 22.877582 19.807473 17.531788 15.924220 14.841166 14.144686 13.716811 13.465467 13.324160 13.248054 13.208749 13.189266 13.179988 13.175739 13.173866 13.173071 13.172745 13.172616 13.172567 13.172549 13.172542 13.172540 13.172537 13.172533 13.172522 13.172491 13.172414 13.172222 13.171762 13.170694 13.168297 13.163097 13.152198 13.130133 13.086995 13.005577 12.857275 12.596757 12.155900 11.438791 10.321882 8.667535 6.364178 3.406189 0.000000 
50.000000 44.418013 39.111584 34.315515 30.193131 26.822167 24.198476 22.253661 20.879797 19.954174 19.358919 18.993221 18.778395 18.657615 18.592563 18.558966 18.542311 18.534380 18.530747 18.529146 18.528466 18.528188 18.528078 18.528036 18.528020 18.528014 18.528012 18.528010 18.528005 18.527993 18.527962 18.527882 18.527682 18.527200 18.526078 18.523549 18.518031 18.506387 18.482621 18.435684 18.345974 18.179987 17.882578 17.366566 16.500285 15.096565 12.913828 9.696246 5.305965 0.000000 
50.000000 45.579812 41.377819 37.579943 34.315515 31.646095 29.568404 28.028289 26.940296 26.207261 25.735847 25.446225 25.276085 25.180425 25.128901 25.102290 25.089099 25.082816 25.079939 25.078670 25.078132 25.077911 25.077824 25.077791 25.077778 25.077774 25.077772 25.077770 25.077766 25.077755 25.077726 25.077652 25.077467 25.077022 25.075979 25.073619 25.068445 25.057461 25.034872 24.989839 24.902730 24.739040 24.439758 23.906423 22.978560 21.401688 18.789972 14.614065 8.333172 0.000000 
50.000000 46.931450 44.014367 41.377819 39.111584 37.258402 35.816000 34.746789 33.991450 33.482532 33.155243 32.954162 32.836034 32.769617 32.733842 32.715365 32.706206 32.701843 32.699845 32.698964 32.698590 32.698437 32.698376 32.698353 32.698345 32.698342 32.698340 32.698339 32.698336 32.698327 32.698305 32.698248 32.698105 32.697759 32.696947 32.695105 32.691050 32.682400 32.664502 32.628538 32.558250 32.424340 32.174866 31.718477 30.894224 29.415339 26.763754 22.007184 13.602498 0.000000 
50.000000 48.426901 46.931450 45.579812 44.418013 43.467963 42.728499 42.180351 41.793111 41.532202 41.364407 41.261316 41.200753 41.166700 41.148359 41.138885 41.134189 41.131952 41.130928 41.130476 41.130284 41.130206 41.130175 41.130163 41.130158 41.130157 41.130156 41.130155 41.130153 41.130149 41.130137 41.130105 41.130027 41.129837 41.129392 41.128379 41.126142 41.121357 41.111414 41.091329 41.051791 40.975713 40.831948 40.563299 40.061774 39.112049 37.246640 33.328952 24.213451 0.000000 
50.000000 50.000000 50.000000 50.000000 50.000000 50.000000 50.000000 50.000000 50.000000 50.000000 50.000000 50.000000 50.000000 50.000000 50.000000 50.000000 50.000000 50.000000 50.000000 50.000000 50.000000 50.000000 50.000000 50.000000 50.000000 50.000000 50.000000 50.000000 50.000000 50.000000 50.000000 50.000000 50.000000 50.000000 50.000000 50.000000 50.000000 50.000000 50.000000 50.000000 50.000000 50.000000 50.000000 50.000000 50.000000 50.000000 50.000000 50.000000 50.000000 50.000000 
