50.000000 50.000000 50.000000 50.000000 50.000000 50.000000 50.000000 50.000000 50.000000 50.000000 50.000000 50.000000 50.000000 50.000000 50.000000 50.000000 50.000000 50.000000 50.000000 50.000000 50.000000 50.000000 50.000000 50.000000 50.000000 50.000000 50.000000 50.000000 50.000000 50.000000 50.000000 50.000000 50.000000 50.000000 50.000000 50.000000 50.000000 50.000000 50.000000 50.000000 50.000000 50.000000 50.000000 50.000000 50.000000 50.000000 50.000000 50.000000 50.000000 50.000000 
50.000000 48.810209 47.664851 46.603386 45.656255 44.842442 44.168939 43.631949 43.219345 42.913718 42.695393 42.544924 42.444829 42.380531 42.340627 42.316688 42.302800 42.295004 42.290767 42.288536 42.287398 42.286835 42.286565 42.286438 42.286381 42.286355 42.286341 42.286329 42.286309 42.286268 42.286178 42.285986 42.285580 42.284749 42.283085 42.279835 42.273634 42.262066 42.240937 42.203084 42.136394 42.020424 41.820363 41.475467 40.874903 39.801886 37.789466 33.703954 24.405104 0.000000 
50.000000 47.664851 45.416911 43.333626 41.474740 39.877514 38.555672 37.501759 36.691971 36.092142 35.663656 35.368346 35.171902 35.045712 34.967397 34.920417 34.893161 34.877860 34.869545 34.865167 34.862934 34.861829 34.861298 34.861051 34.860938 34.860886 34.860859 34.860836 34.860799 34.860722 34.860555 34.860195 34.859439 34.857891 34.854797 34.848765 34.837285 34.815935 34.777095 34.707876 34.586775 34.378220 34.023421 33.424396 32.414889 30.705405 27.778876 22.708455 13.960897 0.000000 
50.000000 46.603386 43.333626 40.303372 37.599525 35.276286 33.353611 31.820660 30.642803 29.770343 29.147108 28.717582 28.431858 28.248319 28.134414 28.066084 28.026443 28.004190 27.992096 27.985729 27.982481 27.980874 27.980102 27.979742 27.979578 27.979504 27.979465 27.979433 27.979383 27.979280 27.979055 27.978573 27.977563 27.975499 27.971385 27.963391 27.948232 27.920176 27.869448 27.779740 27.624386 27.360468 26.919794 26.195016 25.018551 23.132270 20.151686 15.554749 8.813921 0.000000 
50.000000 45.656255 41.474740 37.599525 34.141746 31.170715 28.711952 26.751590 25.245340 24.129643 23.332661 22.783397 22.418026 22.183328 22.037675 21.950302 21.899613 21.871159 21.855695 21.847555 21.843401 21.841347 21.840360 21.839900 21.839690 21.839595 21.839547 21.839508 21.839451 21.839332 21.839076 21.838528 21.837382 21.835046 21.830405 21.821424 21.804478 21.773304 21.717357 21.619352 21.451658 21.171177 20.712301 19.977723 18.827685 17.070873 14.467256 10.769335 5.854369 0.000000 
50.000000 44.842442 39.877514 35.276286 31.170715 27.643099 24.723738 22.396161 20.607777 19.283112 18.336869 17.684746 17.250958 16.972316 16.799395 16.695665 16.635489 16.601710 16.583352 16.573689 16.568758 16.566319 16.565148 16.564602 16.564354 16.564241 16.564185 16.564143 16.564083 16.563961 16.563699 16.563139 16.561972 16.559602 16.554913 16.545879 16.528932 16.497967 16.442858 16.347308 16.185887 15.920181 15.494152 14.829334 13.821549 12.343030 10.257735 7.462625 3.967539 0.000000 
50.000000 44.168939 38.555672 33.353611 28.711952 24.723738 21.423223 18.791777 16.769936 15.272367 14.202626 13.465402 12.975012 12.660018 12.464540 12.347282 12.279258 12.241075 12.220324 12.209401 12.203829 12.201072 12.199748 12.199131 12.198851 12.198724 12.198663 12.198619 12.198561 12.198445 12.198198 12.197673 12.196581 12.194371 12.190017 12.181674 12.166117 12.137897 12.088108 12.002682 11.860186 11.629232 11.265836 10.711611 9.894404 8.734229 7.158596 5.131275 2.693472 0.000000 
50.000000 43.631949 37.501759 31.820660 26.751590 22.396161 18.791777 15.918086 13.710142 12.074745 10.906567 10.101514 9.566015 9.222050 9.008598 8.880560 8.806285 8.764592 8.741936 8.730010 8.723925 8.720915 8.719470 8.718797 8.718491 8.718354 8.718288 8.718246 8.718192 8.718090 8.717872 8.717412 8.716460 8.714539 8.710774 8.703596 8.690295 8.666345 8.624453 8.553309 8.436070 8.248769 7.959043 7.525940 6.902009 6.039288 4.900866 3.478338 1.811586 0.000000 
50.000000 43.219345 36.691971 30.642803 25.245340 20.607777 16.769936 13.710142 11.359232 9.617962 8.374172 7.517024 6.946880 6.580667 6.353413 6.217099 6.138023 6.093638 6.069518 6.056822 6.050345 6.047141 6.045603 6.044886 6.044561 6.044415 6.044348 6.044307 6.044260 6.044174 6.043994 6.043615 6.042834 6.041265 6.038204 6.032398 6.021708 6.002596 5.969446 5.913694 5.822853 5.679616 5.461373 5.140704 4.687595 4.074163 3.282335 2.313750 1.198921 0.000000 
50.000000 42.913718 36.092142 29.770343 24.129643 19.283112 15.272367 12.074745 9.617962 7.798291 6.498515 5.602795 5.007003 4.624322 4.386851 4.244412 4.161784 4.115406 4.090203 4.076938 4.070170 4.066823 4.065216 4.064467 4.064127 4.063976 4.063907 4.063868 4.063829 4.063761 4.063620 4.063325 4.062718 4.061506 4.059151 4.054709 4.046579 4.032144 4.007304 3.965905 3.899146 3.795109 3.638675 3.412180 3.097225 2.677985 2.145957 1.505367 0.777323 0.000000 
50.000000 42.695393 35.663656 29.147108 23.332661 18.336869 14.202626 10.906567 8.374172 6.498515 5.158762 4.235502 3.621399 3.226961 2.982199 2.835388 2.750226 2.702425 2.676451 2.662779 2.655804 2.652354 2.650698 2.649927 2.649577 2.649422 2.649352 2.649316 2.649283 2.649231 2.649126 2.648908 2.648460 2.647570 2.645849 2.642618 2.636739 2.626369 2.608657 2.579381 2.532610 2.460478 2.353258 2.199944 1.989562 1.713309 1.367368 0.955779 0.492308 0.000000 
50.000000 42.544924 35.368346 28.717582 22.783397 17.684746 13.465402 10.101514 7.517024 5.602795 4.235502 3.293272 2.666558 2.264024 2.014241 1.864420 1.777513 1.728734 1.702227 1.688276 1.681159 1.677639 1.675949 1.675162 1.674805 1.674647 1.674577 1.674543 1.674516 1.674478 1.674403 1.674249 1.673935 1.673311 1.672111 1.669870 1.665813 1.658701 1.646636 1.626845 1.595491 1.547577 1.477062 1.377293 1.241888 1.066040 0.848135 0.591251 0.303987 0.000000 
50.000000 42.444829 35.171902 28.431858 22.418026 17.250958 12.975012 9.566015 6.946880 5.007003 3.621399 2.666558 2.031460 1.623545 1.370425 1.218604 1.130538 1.081108 1.054249 1.040112 1.032901 1.029333 1.027621 1.026824 1.026462 1.026303 1.026233 1.026200 1.026179 1.026151 1.026100 1.025996 1.025784 1.025367 1.024566 1.023079 1.020400 1.015730 1.007856 0.995029 0.974859 0.944284 0.899670 0.837115 0.752991 0.644722 0.511681 0.355967 0.182764 0.000000 
50.000000 42.380531 35.045712 28.248319 22.183328 16.972316 12.660018 9.222050 6.580667 4.624322 3.226961 2.264024 1.623545 1.212177 0.956915 0.803811 0.715001 0.665155 0.638070 0.623813 0.616541 0.612944 0.611218 0.610413 0.610049 0.609889 0.609819 0.609788 0.609769 0.609750 0.609716 0.609648 0.609512 0.609244 0.608733 0.607786 0.606089 0.603145 0.598211 0.590222 0.577743 0.558960 0.531755 0.493901 0.443384 0.378850 0.300087 0.208427 0.106897 0.000000 
50.000000 42.340627 34.967397 28.134414 22.037675 16.799395 12.464540 9.008598 6.353413 4.386851 2.982199 2.014241 1.370425 0.956915 0.700326 0.546426 0.457156 0.407051 0.379826 0.365496 0.358186 0.354570 0.352835 0.352026 0.351661 0.351499 0.351430 0.351399 0.351384 0.351370 0.351348 0.351306 0.351222 0.351056 0.350742 0.350163 0.349130 0.347346 0.344371 0.339581 0.332142 0.321014 0.305001 0.282865 0.253515 0.216251 0.171023 0.118632 0.060791 0.000000 
50.000000 42.316688 34.920417 28.066084 21.950302 16.695665 12.347282 8.880560 6.217099 4.244412 2.835388 1.864420 1.218604 0.803811 0.546427 0.392050 0.302504 0.252244 0.224935 0.210561 0.203228 0.199601 0.197861 0.197050 0.196683 0.196522 0.196452 0.196422 0.196408 0.196398 0.196384 0.196359 0.196309 0.196211 0.196025 0.195684 0.195078 0.194037 0.192309 0.189539 0.185261 0.178895 0.169786 0.157264 0.140753 0.119896 0.094699 0.065620 0.033603 0.000000 
50.000000 42.302800 34.893161 28.026443 21.899613 16.635489 12.279258 8.806285 6.138023 4.161784 2.750226 1.777513 1.130538 0.715001 0.457156 0.302504 0.212797 0.162448 0.135090 0.120690 0.113345 0.109712 0.107968 0.107156 0.106788 0.106627 0.106557 0.106528 0.106515 0.106507 0.106498 0.106483 0.106455 0.106399 0.106293 0.106099 0.105757 0.105171 0.104202 0.102656 0.100278 0.096758 0.091746 0.084888 0.075887 0.064567 0.050944 0.035270 0.018051 0.000000 
50.000000 42.295004 34.877860 28.004190 21.871159 16.601710 12.241075 8.764593 6.093638 4.115406 2.702425 1.728734 1.081108 0.665155 0.407051 0.252244 0.162448 0.112049 0.084663 0.070250 0.062897 0.059260 0.057515 0.056702 0.056334 0.056172 0.056103 0.056074 0.056061 0.056055 0.056049 0.056041 0.056025 0.055994 0.055936 0.055830 0.055643 0.055324 0.054799 0.053965 0.052688 0.050804 0.048133 0.044494 0.039737 0.033777 0.026626 0.018421 0.009424 0.000000 
50.000000 42.290767 34.869545 27.992096 21.855695 16.583352 12.220325 8.741936 6.069518 4.090204 2.676451 1.702228 1.054250 0.638070 0.379826 0.224935 0.135090 0.084664 0.057263 0.042842 0.035485 0.031847 0.030100 0.029287 0.028919 0.028757 0.028688 0.028659 0.028647 0.028641 0.028637 0.028632 0.028624 0.028607 0.028576 0.028520 0.028422 0.028254 0.027979 0.027544 0.026879 0.025903 0.024524 0.022652 0.020214 0.017167 0.013523 0.009350 0.004781 0.000000 
50.000000 42.288536 34.865168 27.985730 21.847555 16.573689 12.209402 8.730010 6.056823 4.076939 2.662780 1.688277 1.040113 0.623814 0.365497 0.210562 0.120691 0.070251 0.042843 0.028417 0.021058 0.017418 0.015672 0.014858 0.014490 0.014328 0.014259 0.014230 0.014218 0.014213 0.014210 0.014207 0.014203 0.014194 0.014178 0.014150 0.014099 0.014014 0.013875 0.013654 0.013320 0.012829 0.012139 0.011205 0.009991 0.008480 0.006675 0.004613 0.002358 0.000000 
50.000000 42.287399 34.862935 27.982482 21.843403 16.568760 12.203831 8.723928 6.050347 4.070173 2.655807 1.681162 1.032903 0.616544 0.358189 0.203231 0.113348 0.062900 0.035488 0.021060 0.013700 0.010060 0.008313 0.007499 0.007131 0.006969 0.006900 0.006871 0.006859 0.006854 0.006852 0.006850 0.006848 0.006844 0.006836 0.006822 0.006797 0.006755 0.006686 0.006578 0.006415 0.006176 0.005840 0.005388 0.004801 0.004072 0.003204 0.002213 0.001131 0.000000 
50.000000 42.286836 34.861831 27.980877 21.841351 16.566324 12.201077 8.720921 6.047147 4.066830 2.652361 1.677646 1.029341 0.612951 0.354578 0.199609 0.109719 0.059267 0.031854 0.017425 0.010065 0.006424 0.004677 0.003863 0.003495 0.003333 0.003264 0.003235 0.003223 0.003218 0.003216 0.003215 0.003214 0.003212 0.003208 0.003201 0.003189 0.003169 0.003136 0.003085 0.003007 0.002894 0.002736 0.002522 0.002247 0.001904 0.001498 0.001034 0.000528 0.000000 
50.000000 42.286568 34.861304 27.980111 21.840371 16.565161 12.199763 8.719486 6.045620 4.065234 2.650716 1.675967 1.027640 0.611236 0.352854 0.197880 0.107987 0.057534 0.030119 0.015690 0.008329 0.004689 0.002941 0.002127 0.001759 0.001597 0.001528 0.001499 0.001488 0.001483 0.001481 0.001480 0.001479 0.001478 0.001477 0.001473 0.001468 0.001458 0.001443 0.001419 0.001383 0.001330 0.001257 0.001158 0.001031 0.000874 0.000687 0.000474 0.000242 0.000000 
50.000000 42.286446 34.861066 27.979764 21.839928 16.564635 12.199168 8.718837 6.044929 4.064512 2.649972 1.675208 1.026871 0.610461 0.352074 0.197098 0.107204 0.056749 0.029334 0.014905 0.007544 0.003903 0.002156 0.001342 0.000974 0.000812 0.000743 0.000714 0.000702 0.000698 0.000696 0.000695 0.000695 0.000694 0.000693 0.000692 0.000689 0.000685 0.000677 0.000666 0.000649 0.000624 0.000589 0.000543 0.000483 0.000409 0.000321 0.000222 0.000113 0.000000 
50.000000 42.286400 34.860975 27.979632 21.839759 16.564435 12.198942 8.718590 6.044665 4.064236 2.649689 1.674919 1.026578 0.610165 0.351777 0.196800 0.106905 0.056451 0.029035 0.014606 0.007245 0.003604 0.001857 0.001043 0.000675 0.000513 0.000444 0.000415 0.000403 0.000399 0.000397 0.000396 0.000396 0.000395 0.000395 0.000394 0.000393 0.000390 0.000386 0.000379 0.000369 0.000355 0.000335 0.000309 0.000275 0.000232 0.000183 0.000126 0.000064 0.000000 
50.000000 42.286400 34.860975 27.979632 21.839759 16.564435 12.198942 8.718590 6.044665 4.064236 2.649689 1.674919 1.026578 0.610165 0.351777 0.196800 0.106905 0.056451 0.029035 0.014606 0.007245 0.003604 0.001857 0.001043 0.000675 0.000513 0.000444 0.000415 0.000403 0.000399 0.000397 0.000396 0.000396 0.000395 0.000395 0.000394 0.000393 0.000390 0.000386 0.000379 0.000369 0.000355 0.000335 0.000309 0.000275 0.000232 0.000183 0.000126 0.000064 0.000000 
50.000000 42.286446 34.861066 27.979764 21.839928 16.564635 12.199168 8.718837 6.044929 4.064512 2.649972 1.675208 1.026871 0.610461 0.352074 0.197098 0.107204 0.056749 0.029334 0.014905 0.007544 0.003903 0.002156 0.001342 0.000974 0.000812 0.000743 0.000714 0.000702 0.000698 0.000696 0.000695 0.000695 0.000694 0.000693 0.000692 0.000689 0.000685 0.000677 0.000666 0.000649 0.000624 0.000589 0.000543 0.000483 0.000409 0.000321 0.000222 0.000113 0.000000 
50.000000 42.286568 34.861304 27.980111 21.840371 16.565161 12.199763 8.719486 6.045620 4.065234 2.650716 1.675967 1.027640 0.611236 0.352854 0.197880 0.107987 0.057534 0.030119 0.015690 0.008329 0.004689 0.002941 0.002127 0.001759 0.001597 0.001528 0.001499 0.001488 0.001483 0.001481 0.001480 0.001479 0.001478 0.001477 0.001473 0.001468 0.001458 0.001443 0.001419 0.001383 0.001330 0.001257 0.001158 0.001031 0.000874 0.000687 0.000474 0.000242 0.000000 
50.000000 42.286836 34.861831 27.980877 21.841351 16.566324 12.201077 8.720921 6.047147 4.066830 2.652361 1.677646 1.029341 0.612951 0.354578 0.199609 0.109719 0.059267 0.031854 0.017425 0.010065 0.006424 0.004677 0.003863 0.003495 0.003333 0.003264 0.003235 0.003223 0.003218 0.003216 0.003215 0.003214 0.003212 0.003208 0.003201 0.003189 0.003169 0.003136 0.003085 0.003007 0.002894 0.002736 0.002522 0.002247 0.001904 0.001498 0.001034 0.000528 0.000000 
50.000000 42.287399 34.862935 27.982482 21.843403 16.568760 12.203831 8.723928 6.050347 4.070173 2.655807 1.681162 1.032903 0.616544 0.358189 0.203231 0.113348 0.062900 0.035488 0.021060 0.013700 0.010060 0.008313 0.007499 0.007131 0.006969 0.006900 0.006871 0.006859 0.006854 0.006852 0.006850 0.006848 0.006844 0.006836 0.006822 0.006797 0.006755 0.006686 0.006578 0.006415 0.006176 0.005840 0.005388 0.004801 0.004072 0.003204 0.002213 0.001131 0.000000 
50.000000 42.288536 34.865168 27.985730 21.847555 16.573689 12.209402 8.730010 6.056823 4.076939 2.662780 1.688277 1.040113 0.623814 0.365497 0.210562 0.120691 0.070251 0.042843 0.028417 0.021058 0.017418 0.015672 0.014858 0.014490 0.014328 0.014259 0.014230 0.014218 0.014213 0.014210 0.014207 0.014203 0.014194 0.014178 0.014150 0.014099 0.014014 0.013875 0.013654 0.013320 0.012829 0.012139 0.011205 0.009991 0.008480 0.006675 0.004613 0.002358 0.000000 
50.000000 42.290767 34.869545 27.992096 21.855695 16.583352 12.220325 8.741936 6.069518 4.090204 2.676451 1.702228 1.054250 0.638070 0.379826 0.224935 0.135090 0.084664 0.057263 0.042842 0.035485 0.031847 0.030100 0.029287 0.028919 0.028757 0.028688 0.028659 0.028647 0.028641 0.028637 0.028632 0.028624 0.028607 0.028576 0.028520 0.028422 0.028254 0.027979 0.027544 0.026879 0.025903 0.024524 0.022652 0.020214 0.017167 0.013523 0.009350 0.004781 0.000000 
50.000000 42.295004 34.877860 28.004190 21.871159 16.601710 12.241075 8.764593 6.093638 4.115406 2.702425 1.728734 1.081108 0.665155 0.407051 0.252244 0.162448 0.112049 0.084663 0.070250 0.062897 0.059260 0.057515 0.056702 0.056334 0.056172 0.056103 0.056074 0.056061 0.056055 0.056049 0.056041 0.056025 0.055994 0.055936 0.055830 0.055643 0.055324 0.054799 0.053965 0.052688 0.050804 0.048133 0.044494 0.039737 0.033777 0.026626 0.018421 0.009424 0.000000 
50.000000 42.302800 34.893161 28.026443 21.899613 16.635489 12.279258 8.806285 6.138023 4.161784 2.750226 1.777513 1.130538 0.715001 0.457156 0.302504 0.212797 0.162448 0.135090 0.120690 0.113345 0.109712 0.107968 0.107156 0.106788 0.106627 0.106557 0.106528 0.106515 0.106507 0.106498 0.106483 0.106455 0.106399 0.106293 0.106099 0.105757 0.105171 0.104202 0.102656 0.100278 0.096758 0.091746 0.084888 0.075887 0.064567 0.050944 0.035270 0.018051 0.000000 
50.000000 42.316688 34.920417 28.066084 21.950302 16.695665 12.347282 8.880560 6.217099 4.244412 2.835388 1.864420 1.218604 0.803811 0.546427 0.392050 0.302504 0.252244 0.224935 0.210561 0.203228 0.199601 0.197861 0.197050 0.196683 0.196522 0.196452 0.196422 0.196408 0.196398 0.196384 0.196359 0.196309 0.196211 0.196025 0.195684 0.195078 0.194037 0.192309 0.189539 0.185261 0.178895 0.169786 0.157264 0.140753 0.119896 0.094699 0.065620 0.033603 0.000000 
50.000000 42.340627 34.967397 28.134414 22.037675 16.799395 12.464540 9.008598 6.353413 4.386851 2.982199 2.014241 1.370425 0.956915 0.700326 0.546426 0.457156 0.407051 0.379826 0.365496 0.358186 0.354570 0.352835 0.352026 0.351661 0.351499 0.351430 0.351399 0.351384 0.351370 0.351348 0.351306 0.351222 0.351056 0.350742 0.350163 0.349130 0.347346 0.344371 0.339581 0.332142 0.321014 0.305001 0.282865 0.253515 0.216251 0.171023 0.118632 0.060791 0.000000 
50.000000 42.380531 35.045712 28.248319 22.183328 16.972316 12.660018 9.222050 6.580667 4.624322 3.226961 2.264024 1.623545 1.212177 0.956915 0.803811 0.715001 0.665155 0.638070 0.623813 0.616541 0.612944 0.611218 0.610413 0.610049 0.609889 0.609819 0.609788 0.609769 0.609750 0.609716 0.609648 0.609512 0.609244 0.608733 0.607786 0.606089 0.603145 0.598211 0.590222 0.577743 0.558960 0.531755 0.493901 0.443384 0.378850 0.300087 0.208427 0.106897 0.000000 
50.000000 42.444829 35.171902 28.431858 22.418026 17.250958 12.975012 9.566015 6.946880 5.007003 3.621399 2.666558 2.031460 1.623545 1.370425 1.218604 1.130538 1.081108 1.054249 1.040112 1.032901 1.029333 1.027621 1.026824 1.026462 1.026303 1.026233 1.026200 1.026179 1.026151 1.026100 1.025996 1.025784 1.025367 1.024566 1.023079 1.020400 1.015730 1.007856 0.995029 0.974859 0.944284 0.899670 0.837115 0.752991 0.644722 0.511681 0.355967 0.182764 0.000000 
50.000000 42.544924 35.368346 28.717582 22.783397 17.684746 13.465402 10.101514 7.517024 5.602795 4.235502 3.293272 2.666558 2.264024 2.014241 1.864420 1.777513 1.728734 1.702227 1.688276 1.681159 1.677639 1.675949 1.675162 1.674805 1.674647 1.674577 1.674543 1.674516 1.674478 1.674403 1.674249 1.673935 1.673311 1.672111 1.669870 1.665813 1.658701 1.646636 1.626845 1.595491 1.547577 1.477062 1.377293 1.241888 1.066040 0.848135 0.591251 0.303987 0.000000 
50.000000 42.695393 35.663656 29.147108 23.332661 18.336869 14.202626 10.906567 8.374172 6.498515 5.158762 4.235502 3.621399 3.226961 2.982199 2.835388 2.750226 2.702425 2.676451 2.662779 2.655804 2.652354 2.650698 2.649927 2.649577 2.649422 2.649352 2.649316 2.649283 2.649231 2.649126 2.648908 2.648460 2.647570 2.645849 2.642618 2.636739 2.626369 2.608657 2.579381 2.532610 2.460478 2.353258 2.199944 1.989562 1.713309 1.367368 0.955779 0.492308 0.000000 
50.000000 42.913718 36.092142 29.770343 24.129643 19.283112 15.272367 12.074745 9.617962 7.798291 6.498515 5.602795 5.007003 4.624322 4.386851 4.244412 4.161784 4.115406 4.090203 4.076938 4.070170 4.066823 4.065216 4.064467 4.064127 4.063976 4.063907 4.063868 4.063829 4.063761 4.063620 4.063325 4.062718 4.061506 4.059151 4.054709 4.046579 4.032144 4.007304 3.965905 3.899146 3.795109 3.638675 3.412180 3.097225 2.677985 2.145957 1.505367 0.777323 0.000000 
50.000000 43.219345 36.691971 30.642803 25.245340 20.607777 16.769936 13.710142 11.359232 9.617962 8.374172 7.517024 6.946880 6.580667 6.353413 6.217099 6.138023 6.093638 6.069518 6.056822 6.050345 6.047141 6.045603 6.044886 6.044561 6.044415 6.044348 6.044307 6.044260 6.044174 6.043994 6.043615 6.042834 6.041265 6.038204 6.032398 6.021708 6.002596 5.969446 5.913694 5.822853 5.679616 5.461373 5.140704 4.687595 4.074163 3.282335 2.313750 1.198921 0.000000 
50.000000 43.631949 37.501759 31.820660 26.751590 22.396161 18.791777 15.918086 13.710142 12.074745 10.906567 10.101514 9.566015 9.222050 9.008598 8.880560 8.806285 8.764592 8.741936 8.730010 8.723925 8.720915 8.719470 8.718797 8.718491 8.718354 8.718288 8.718246 8.718192 8.718090 8.717872 8.717412 8.716460 8.714539 8.710774 8.703596 8.690295 8.666345 8.624453 8.553309 8.436070 8.248769 7.959043 7.525940 6.902009 6.039288 4.900866 3.478338 1.811586 0.000000 
50.000000 44.168939 38.555672 33.353611 28.711952 24.723738 21.423223 18.791777 16.769936 15.272367 14.202626 13.465402 12.975012 12.660018 12.464540 12.347282 12.279258 12.241075 12.220324 12.209401 12.203829 12.201072 12.199748 12.199131 12.198851 12.198724 12.198663 12.198619 12.198561 12.198445 12.198198 12.197673 12.196581 12.194371 12.190017 12.181674 12.166117 12.137897 12.088108 12.002682 11.860186 11.629232 11.265836 10.711611 9.894404 8.734229 7.158596 5.131275 2.693472 0.000000 
50.000000 44.842442 39.877514 35.276286 31.170715 27.643099 24.723738 22.396161 20.607777 19.283112 18.336869 17.684746 17.250958 16.972316 16.799395 16.695665 16.635489 16.601710 16.583352 16.573689 16.568758 16.566319 16.565148 16.564602 16.564354 16.564241 16.564185 16.564143 16.564083 16.563961 16.563699 16.563139 16.561972 16.559602 16.554913 16.545879 16.528932 16.497967 16.442858 16.347308 16.185887 15.920181 15.494152 14.829334 13.821549 12.343030 10.257735 7.462625 3.967539 0.000000 
50.000000 45.656255 41.474740 37.599525 34.141746 31.170715 28.711952 26.751590 25.245340 24.129643 23.332661 22.783397 22.418026 22.183328 22.037675 21.950302 21.899613 21.871159 21.855695 21.847555 21.843401 21.841347 21.840360 21.839900 21.839690 21.839595 21.839547 21.839508 21.839451 21.839332 21.839076 21.838528 21.837382 21.835046 21.830405 21.821424 21.804478 21.773304 21.717357 21.619352 21.451658 21.171177 20.712301 19.977723 18.827685 17.070873 14.467256 10.769335 5.854369 0.000000 
50.000000 46.603386 43.333626 40.303372 37.599525 35.276286 33.353611 31.820660 30.642803 29.770343 29.147108 28.717582 28.431858 28.248319 28.134414 28.066084 28.026443 28.004190 27.992096 27.985729 27.982481 27.980874 27.980102 27.979742 27.979578 27.979504 27.979465 27.979433 27.979383 27.979280 27.979055 27.978573 27.977563 27.975499 27.971385 27.963391 27.948232 27.920176 27.869448 27.779740 27.624386 27.360468 26.919794 26.195016 25.018551 23.132270 20.151686 15.554749 8.813921 0.000000 
50.000000 47.664851 45.416911 43.333626 41.474740 39.877514 38.555672 37.501759 36.691971 36.092142 35.663656 35.368346 35.171902 35.045712 34.967397 34.920417 34.893161 34.877860 34.869545 34.865167 34.862934 34.861829 34.861298 34.861051 34.860938 34.860886 34.860859 34.860836 34.860799 34.860722 34.860555 34.860195 34.859439 34.857891 34.854797 34.848765 34.837285 34.815935 34.777095 34.707876 34.586775 34.378220 34.023421 33.424396 32.414889 30.705405 27.778876 22.708455 13.960897 0.000000 
50.000000 48.810209 47.664851 46.603386 45.656255 44.842442 44.168939 43.631949 43.219345 42.913718 42.695393 42.544924 42.444829 42.380531 42.340627 42.316688 42.302800 42.295004 42.290767 42.288536 42.287398 42.286835 42.286565 42.286438 42.286381 42.286355 42.286341 42.286329 42.286309 42.286268 42.286178 42.285986 42.285580 42.284749 42.283085 42.279835 42.273634 42.262066 42.240937 42.203084 42.136394 42.020424 41.820363 41.475467 40.874903 39.801886 37.789466 33.703954 24.405104 0.000000 
50.000000 50.000000 50.000000 50.000000 50.000000 50.000000 50.000000 50.000000 50.000000 50.000000 50.000000 50.000000 50.000000 50.000000 50.000000 50.000000 50.000000 50.000000 50.000000 50.000000 50.000000 50.000000 50.000000 50.000000 50.000000 50.000000 50.000000 50.000000 50.000000 50.000000 50.000000 50.000000 50.000000 50.000000 50.000000 50.000000 50.000000 50.000000 50.000000 50.000000 50.000000 50.000000 50.000000 50.000000 50.000000 50.000000 50.000000 50.000000 50.000000 50.000000 
