50.000000 50.000000 50.000000 50.000000 50.000000 50.000000 50.000000 50.000000 50.000000 50.000000 50.000000 50.000000 50.000000 50.000000 50.000000 50.000000 50.000000 50.000000 50.000000 50.000000 50.000000 50.000000 50.000000 50.000000 50.000000 50.000000 50.000000 50.000000 50.000000 50.000000 50.000000 50.000000 50.000000 50.000000 50.000000 50.000000 50.000000 50.000000 50.000000 50.000000 50.000000 50.000000 50.000000 50.000000 50.000000 50.000000 50.000000 50.000000 50.000000 50.000000 
50.000000 47.804229 45.759647 43.986276 42.552492 41.470796 40.708316 40.205377 39.894424 39.713895 39.615292 39.564529 39.539850 39.528497 39.523547 39.521497 39.520690 39.520387 39.520279 39.520241 39.520229 39.520225 39.520224 39.520224 39.520224 39.520224 39.520224 39.520224 39.520224 39.520224 39.520223 39.520221 39.520214 39.520194 39.520135 39.519965 39.519502 39.518286 39.515220 39.507792 39.490468 39.451498 39.366628 39.186631 38.811443 38.031912 36.382918 32.724672 23.902115 0.000000 
50.000000 45.759647 41.811275 38.386673 35.617886 33.529047 32.056662 31.085483 30.485044 30.136456 29.946068 29.848055 29.800405 29.778486 29.768930 29.764973 29.763414 29.762829 29.762620 29.762548 29.762525 29.762517 29.762515 29.762514 29.762514 29.762514 29.762514 29.762514 29.762514 29.762514 29.762513 29.762509 29.762497 29.762462 29.762357 29.762059 29.761248 29.759126 29.753799 29.740963 29.711250 29.645093 29.503113 29.208481 28.614686 27.446187 25.189211 20.905637 13.034975 0.000000 
50.000000 43.986276 38.386673 33.529938 29.603334 26.641073 24.553081 23.175892 22.324464 21.830181 21.560230 21.421264 21.353707 21.322633 21.309085 21.303476 21.301267 21.300438 21.300141 21.300039 21.300006 21.299996 21.299993 21.299992 21.299991 21.299991 21.299991 21.299991 21.299991 21.299991 21.299989 21.299985 21.299971 21.299928 21.299800 21.299440 21.298463 21.295919 21.289571 21.274398 21.239638 21.163309 21.002555 20.677566 20.046408 18.868993 16.764969 13.197462 7.603357 0.000000 
50.000000 42.552492 35.617886 29.603334 24.740748 21.072467 18.486909 16.781601 15.727361 15.115368 14.781146 14.609104 14.525472 14.487007 14.470238 14.463296 14.460561 14.459536 14.459168 14.459042 14.459001 14.458988 14.458984 14.458983 14.458983 14.458983 14.458983 14.458983 14.458983 14.458982 14.458981 14.458977 14.458962 14.458919 14.458793 14.458436 14.457472 14.454978 14.448802 14.434173 14.401055 14.329429 14.181532 13.890228 13.343757 12.370374 10.734341 8.171699 4.520580 0.000000 
50.000000 41.470796 33.529047 26.641073 21.072467 16.871690 13.910905 11.958193 10.751059 10.050345 9.667691 9.470730 9.374991 9.330961 9.311766 9.303820 9.300691 9.299517 9.299097 9.298953 9.298906 9.298891 9.298886 9.298885 9.298885 9.298885 9.298885 9.298885 9.298885 9.298884 9.298883 9.298879 9.298867 9.298830 9.298720 9.298414 9.297590 9.295472 9.290270 9.278067 9.250771 9.192620 9.074800 8.848224 8.435845 7.728711 6.594665 4.914361 2.659353 0.000000 
50.000000 40.708316 32.056662 24.553081 18.486909 13.910905 10.685758 8.558773 7.243964 6.480783 6.064038 5.849542 5.745286 5.697341 5.676442 5.667790 5.664384 5.663106 5.662648 5.662492 5.662441 5.662424 5.662420 5.662418 5.662418 5.662418 5.662418 5.662418 5.662418 5.662417 5.662416 5.662413 5.662404 5.662375 5.662291 5.662056 5.661429 5.659828 5.655924 5.646855 5.626805 5.584687 5.500814 5.342879 5.062681 4.596681 3.875515 2.848181 1.521685 0.000000 
50.000000 40.205377 31.085483 23.175892 16.781601 11.958193 8.558773 6.316931 4.931173 4.126845 3.687651 3.461611 3.351750 3.301230 3.279210 3.270095 3.266506 3.265160 3.264678 3.264513 3.264459 3.264442 3.264437 3.264435 3.264435 3.264435 3.264435 3.264435 3.264435 3.264434 3.264434 3.264432 3.264425 3.264405 3.264346 3.264184 3.263751 3.262654 3.260000 3.253891 3.240527 3.212815 3.158465 3.057960 2.883392 2.600069 2.173337 1.582370 0.838749 0.000000 
50.000000 39.894424 30.485044 22.324464 15.727361 10.751059 7.243964 4.931173 3.501604 2.671874 2.218826 1.985666 1.872348 1.820241 1.797530 1.788130 1.784429 1.783041 1.782544 1.782374 1.782318 1.782300 1.782295 1.782294 1.782293 1.782293 1.782293 1.782293 1.782293 1.782293 1.782293 1.782291 1.782287 1.782274 1.782237 1.782133 1.781860 1.781172 1.779518 1.775743 1.767566 1.750802 1.718358 1.659276 1.558438 1.397932 1.161154 0.839951 0.442926 0.000000 
50.000000 39.713895 30.136456 21.830181 15.115368 10.050345 6.480783 4.126845 2.671874 1.827421 1.366348 1.129064 1.013745 0.960720 0.937610 0.928045 0.924279 0.922866 0.922361 0.922188 0.922131 0.922113 0.922108 0.922106 0.922106 0.922106 0.922106 0.922106 0.922106 0.922105 0.922105 0.922104 0.922102 0.922094 0.922072 0.922012 0.921853 0.921454 0.920501 0.918344 0.913711 0.904308 0.886317 0.853979 0.799574 0.714313 0.590544 0.425207 0.223426 0.000000 
50.000000 39.615292 29.946068 21.560230 14.781146 9.667691 6.064038 3.687651 2.218826 1.366348 0.900900 0.661370 0.544962 0.491438 0.468110 0.458455 0.454654 0.453228 0.452718 0.452543 0.452486 0.452468 0.452463 0.452461 0.452461 0.452461 0.452461 0.452461 0.452460 0.452460 0.452460 0.452460 0.452458 0.452454 0.452442 0.452409 0.452323 0.452108 0.451598 0.450450 0.448004 0.443083 0.433760 0.417183 0.389624 0.346973 0.285832 0.205105 0.107500 0.000000 
50.000000 39.564529 29.848055 21.421264 14.609104 9.470730 5.849542 3.461611 1.985666 1.129064 0.661370 0.420687 0.303720 0.249940 0.226500 0.216800 0.212981 0.211548 0.211035 0.210860 0.210802 0.210784 0.210779 0.210777 0.210777 0.210777 0.210777 0.210777 0.210777 0.210777 0.210777 0.210776 0.210776 0.210774 0.210767 0.210751 0.210707 0.210599 0.210343 0.209772 0.208562 0.206147 0.201611 0.193618 0.180461 0.160302 0.131692 0.094255 0.049309 0.000000 
50.000000 39.539850 29.800405 21.353707 14.525472 9.374991 5.745286 3.351750 1.872348 1.013745 0.544962 0.303720 0.186483 0.132579 0.109085 0.099363 0.095535 0.094099 0.093585 0.093409 0.093352 0.093334 0.093328 0.093327 0.093326 0.093326 0.093326 0.093326 0.093326 0.093326 0.093326 0.093326 0.093325 0.093324 0.093321 0.093314 0.093293 0.093242 0.093122 0.092854 0.092292 0.091176 0.089096 0.085458 0.079519 0.070494 0.057788 0.041278 0.021564 0.000000 
50.000000 39.528497 29.778486 21.322633 14.487007 9.330961 5.697341 3.301230 1.820241 0.960720 0.491438 0.249940 0.132579 0.078617 0.055099 0.045366 0.041535 0.040097 0.039583 0.039407 0.039349 0.039331 0.039326 0.039324 0.039324 0.039323 0.039323 0.039323 0.039323 0.039323 0.039323 0.039323 0.039323 0.039323 0.039321 0.039318 0.039309 0.039286 0.039233 0.039115 0.038868 0.038381 0.037479 0.035912 0.033371 0.029535 0.024170 0.017238 0.008995 0.000000 
50.000000 39.523547 29.768930 21.309085 14.470238 9.311766 5.676442 3.279210 1.797530 0.937610 0.468110 0.226500 0.109085 0.055099 0.031571 0.021833 0.018000 0.016562 0.016047 0.015871 0.015813 0.015795 0.015790 0.015788 0.015788 0.015788 0.015788 0.015788 0.015788 0.015788 0.015788 0.015788 0.015788 0.015787 0.015787 0.015785 0.015781 0.015772 0.015750 0.015700 0.015598 0.015397 0.015026 0.014385 0.013352 0.011802 0.009645 0.006870 0.003582 0.000000 
50.000000 39.521497 29.764973 21.303476 14.463296 9.303820 5.667790 3.270095 1.788130 0.928045 0.458455 0.216800 0.099363 0.045366 0.021833 0.012094 0.008260 0.006822 0.006307 0.006131 0.006073 0.006055 0.006050 0.006048 0.006048 0.006047 0.006047 0.006047 0.006047 0.006047 0.006047 0.006047 0.006047 0.006047 0.006047 0.006046 0.006045 0.006041 0.006032 0.006013 0.005972 0.005893 0.005749 0.005499 0.005100 0.004503 0.003676 0.002616 0.001363 0.000000 
50.000000 39.520690 29.763414 21.301267 14.460561 9.300691 5.664384 3.266506 1.784429 0.924279 0.454654 0.212981 0.095535 0.041535 0.018000 0.008260 0.004426 0.002987 0.002472 0.002296 0.002239 0.002220 0.002215 0.002213 0.002213 0.002213 0.002213 0.002213 0.002213 0.002213 0.002213 0.002213 0.002213 0.002213 0.002213 0.002212 0.002212 0.002210 0.002207 0.002200 0.002185 0.002155 0.002101 0.002009 0.001862 0.001642 0.001339 0.000952 0.000496 0.000000 
50.000000 39.520387 29.762829 21.300438 14.459536 9.299517 5.663106 3.265160 1.783041 0.922866 0.453228 0.211548 0.094099 0.040097 0.016562 0.006822 0.002987 0.001549 0.001034 0.000858 0.000800 0.000782 0.000777 0.000775 0.000775 0.000775 0.000775 0.000775 0.000775 0.000775 0.000775 0.000775 0.000775 0.000775 0.000774 0.000774 0.000774 0.000774 0.000772 0.000770 0.000764 0.000754 0.000735 0.000702 0.000650 0.000573 0.000467 0.000332 0.000173 0.000000 
50.000000 39.520279 29.762620 21.300141 14.459168 9.299097 5.662648 3.264678 1.782544 0.922361 0.452718 0.211035 0.093585 0.039583 0.016047 0.006307 0.002472 0.001034 0.000519 0.000343 0.000285 0.000267 0.000262 0.000260 0.000260 0.000260 0.000260 0.000260 0.000260 0.000260 0.000260 0.000260 0.000260 0.000260 0.000260 0.000260 0.000260 0.000259 0.000259 0.000258 0.000256 0.000253 0.000246 0.000235 0.000218 0.000192 0.000156 0.000111 0.000058 0.000000 
50.000000 39.520241 29.762548 21.300039 14.459042 9.298953 5.662492 3.264513 1.782374 0.922188 0.452543 0.210860 0.093409 0.039407 0.015871 0.006131 0.002296 0.000858 0.000343 0.000167 0.000109 0.000091 0.000086 0.000084 0.000084 0.000083 0.000083 0.000083 0.000083 0.000083 0.000083 0.000083 0.000083 0.000083 0.000083 0.000083 0.000083 0.000083 0.000083 0.000083 0.000082 0.000081 0.000079 0.000075 0.000070 0.000061 0.000050 0.000036 0.000018 0.000000 
50.000000 39.520229 29.762525 21.300006 14.459001 9.298906 5.662441 3.264459 1.782318 0.922131 0.452486 0.210802 0.093352 0.039349 0.015813 0.006073 0.002239 0.000800 0.000285 0.000109 0.000052 0.000033 0.000028 0.000026 0.000026 0.000026 0.000026 0.000026 0.000026 0.000026 0.000026 0.000026 0.000026 0.000026 0.000026 0.000026 0.000026 0.000026 0.000026 0.000026 0.000025 0.000025 0.000024 0.000023 0.000022 0.000019 0.000015 0.000011 0.000006 0.000000 
50.000000 39.520225 29.762517 21.299996 14.458988 9.298891 5.662424 3.264442 1.782300 0.922113 0.452468 0.210784 0.093334 0.039331 0.015795 0.006055 0.002220 0.000782 0.000267 0.000091 0.000033 0.000015 0.000010 0.000008 0.000008 0.000008 0.000008 0.000008 0.000008 0.000008 0.000008 0.000008 0.000008 0.000008 0.000008 0.000008 0.000008 0.000008 0.000008 0.000008 0.000008 0.000007 0.000007 0.000007 0.000006 0.000006 0.000005 0.000003 0.000002 0.000000 
50.000000 39.520224 29.762515 21.299993 14.458984 9.298886 5.662420 3.264437 1.782295 0.922108 0.452463 0.210779 0.093328 0.039326 0.015790 0.006050 0.002215 0.000777 0.000262 0.000086 0.000028 0.000010 0.000004 0.000003 0.000002 0.000002 0.000002 0.000002 0.000002 0.000002 0.000002 0.000002 0.000002 0.000002 0.000002 0.000002 0.000002 0.000002 0.000002 0.000002 0.000002 0.000002 0.000002 0.000002 0.000002 0.000002 0.000001 0.000001 0.000000 0.000000 
50.000000 39.520224 29.762514 21.299992 14.458983 9.298885 5.662418 3.264435 1.782294 0.922106 0.452461 0.210777 0.093327 0.039324 0.015788 0.006048 0.002213 0.000775 0.000260 0.000084 0.000026 0.000008 0.000003 0.000001 0.000001 0.000001 0.000001 0.000001 0.000001 0.000001 0.000001 0.000001 0.000001 0.000001 0.000001 0.000001 0.000001 0.000001 0.000001 0.000001 0.000001 0.000001 0.000001 0.000001 0.000001 0.000000 0.000000 0.000000 0.000000 0.000000 
50.000000 39.520224 29.762514 21.299991 14.458983 9.298885 5.662418 3.264435 1.782293 0.922106 0.452461 0.210777 0.093326 0.039324 0.015788 0.006048 0.002213 0.000775 0.000260 0.000084 0.000026 0.000008 0.000002 0.000001 0.000000 0.000000 0.000000 0.000000 0.000000 0.000000 0.000000 0.000000 0.000000 0.000000 0.000000 0.000000 0.000000 0.000000 0.000000 0.000000 0.000000 0.000000 0.000000 0.000000 0.000000 0.000000 0.000000 0.000000 0.000000 0.000000 
50.000000 39.520224 29.762514 21.299991 14.458983 9.298885 5.662418 3.264435 1.782293 0.922106 0.452461 0.210777 0.093326 0.039324 0.015788 0.006048 0.002213 0.000775 0.000260 0.000084 0.000026 0.000008 0.000002 0.000001 0.000000 0.000000 0.000000 0.000000 0.000000 0.000000 0.000000 0.000000 0.000000 0.000000 0.000000 0.000000 0.000000 0.000000 0.000000 0.000000 0.000000 0.000000 0.000000 0.000000 0.000000 0.000000 0.000000 0.000000 0.000000 0.000000 
50.000000 39.520224 29.762514 21.299992 14.458983 9.298885 5.662418 3.264435 1.782294 0.922106 0.452461 0.210777 0.093327 0.039324 0.015788 0.006048 0.002213 0.000775 0.000260 0.000084 0.000026 0.000008 0.000003 0.000001 0.000001 0.000001 0.000001 0.000001 0.000001 0.000001 0.000001 0.000001 0.000001 0.000001 0.000001 0.000001 0.000001 0.000001 0.000001 0.000001 0.000001 0.000001 0.000001 0.000001 0.000001 0.000000 0.000000 0.000000 0.000000 0.000000 
50.000000 39.520224 29.762515 21.299993 14.458984 9.298886 5.662420 3.264437 1.782295 0.922108 0.452463 0.210779 0.093328 0.039326 0.015790 0.006050 0.002215 0.000777 0.000262 0.000086 0.000028 0.000010 0.000004 0.000003 0.000002 0.000002 0.000002 0.000002 0.000002 0.000002 0.000002 0.000002 0.000002 0.000002 0.000002 0.000002 0.000002 0.000002 0.000002 0.000002 0.000002 0.000002 0.000002 0.000002 0.000002 0.000002 0.000001 0.000001 0.000000 0.000000 
50.000000 39.520225 29.762517 21.299996 14.458988 9.298891 5.662424 3.264442 1.782300 0.922113 0.452468 0.210784 0.093334 0.039331 0.015795 0.006055 0.002220 0.000782 0.000267 0.000091 0.000033 0.000015 0.000010 0.000008 0.000008 0.000008 0.000008 0.000008 0.000008 0.000008 0.000008 0.000008 0.000008 0.000008 0.000008 0.000008 0.000008 0.000008 0.000008 0.000008 0.000008 0.000007 0.000007 0.000007 0.000006 0.000006 0.000005 0.000003 0.000002 0.000000 
50.000000 39.520229 29.762525 21.300006 14.459001 9.298906 5.662441 3.264459 1.782318 0.922131 0.452486 0.210802 0.093352 0.039349 0.015813 0.006073 0.002239 0.000800 0.000285 0.000109 0.000052 0.000033 0.000028 0.000026 0.000026 0.000026 0.000026 0.000026 0.000026 0.000026 0.000026 0.000026 0.000026 0.000026 0.000026 0.000026 0.000026 0.000026 0.000026 0.000026 0.000025 0.000025 0.000024 0.000023 0.000022 0.000019 0.000015 0.000011 0.000006 0.000000 
50.000000 39.520241 29.762548 21.300039 14.459042 9.298953 5.662492 3.264513 1.782374 0.922188 0.452543 0.210860 0.093409 0.039407 0.015871 0.006131 0.002296 0.000858 0.000343 0.000167 0.000109 0.000091 0.000086 0.000084 0.000084 0.000083 0.000083 0.000083 0.000083 0.000083 0.000083 0.000083 0.000083 0.000083 0.000083 0.000083 0.000083 0.000083 0.000083 0.000083 0.000082 0.000081 0.000079 0.000075 0.000070 0.000061 0.000050 0.000036 0.000018 0.000000 
50.000000 39.520279 29.762620 21.300141 14.459168 9.299097 5.662648 3.264678 1.782544 0.922361 0.452718 0.211035 0.093585 0.039583 0.016047 0.006307 0.002472 0.001034 0.000519 0.000343 0.000285 0.000267 0.000262 0.000260 0.000260 0.000260 0.000260 0.000260 0.000260 0.000260 0.000260 0.000260 0.000260 0.000260 0.000260 0.000260 0.000260 0.000259 0.000259 0.000258 0.000256 0.000253 0.000246 0.000235 0.000218 0.000192 0.000156 0.000111 0.000058 0.000000 
50.000000 39.520387 29.762829 21.300438 14.459536 9.299517 5.663106 3.265160 1.783041 0.922866 0.453228 0.211548 0.094099 0.040097 0.016562 0.006822 0.002987 0.001549 0.001034 0.000858 0.000800 0.000782 0.000777 0.000775 0.000775 0.000775 0.000775 0.000775 0.000775 0.000775 0.000775 0.000775 0.000775 0.000775 0.000774 0.000774 0.000774 0.000774 0.000772 0.000770 0.000764 0.000754 0.000735 0.000702 0.000650 0.000573 0.000467 0.000332 0.000173 0.000000 
50.000000 39.520690 29.763414 21.301267 14.460561 9.300691 5.664384 3.266506 1.784429 0.924279 0.454654 0.212981 0.095535 0.041535 0.018000 0.008260 0.004426 0.002987 0.002472 0.002296 0.002239 0.002220 0.002215 0.002213 0.002213 0.002213 0.002213 0.002213 0.002213 0.002213 0.002213 0.002213 0.002213 0.002213 0.002213 0.002212 0.002212 0.002210 0.002207 0.002200 0.002185 0.002155 0.002101 0.002009 0.001862 0.001642 0.001339 0.000952 0.000496 0.000000 
50.000000 39.521497 29.764973 21.303476 14.463296 9.303820 5.667790 3.270095 1.788130 0.928045 0.458455 0.216800 0.099363 0.045366 0.021833 0.012094 0.008260 0.006822 0.006307 0.006131 0.006073 0.006055 0.006050 0.006048 0.006048 0.006047 0.006047 0.006047 0.006047 0.006047 0.006047 0.006047 0.006047 0.006047 0.006047 0.006046 0.006045 0.006041 0.006032 0.006013 0.005972 0.005893 0.005749 0.005499 0.005100 0.004503 0.003676 0.002616 0.001363 0.000000 
50.000000 39.523547 29.768930 21.309085 14.470238 9.311766 5.676442 3.279210 1.797530 0.937610 0.468110 0.226500 0.109085 0.055099 0.031571 0.021833 0.018000 0.016562 0.016047 0.015871 0.015813 0.015795 0.015790 0.015788 0.015788 0.015788 0.015788 0.015788 0.015788 0.015788 0.015788 0.015788 0.015788 0.015787 0.015787 0.015785 0.015781 0.015772 0.015750 0.015700 0.015598 0.015397 0.015026 0.014385 0.013352 0.011802 0.009645 0.006870 0.003582 0.000000 
50.000000 39.528497 29.778486 21.322633 14.487007 9.330961 5.697341 3.301230 1.820241 0.960720 0.491438 0.249940 0.132579 0.078617 0.055099 0.045366 0.041535 0.040097 0.039583 0.039407 0.039349 0.039331 0.039326 0.039324 0.039324 0.039323 0.039323 0.039323 0.039323 0.039323 0.039323 0.039323 0.039323 0.039323 0.039321 0.039318 0.039309 0.039286 0.039233 0.039115 0.038868 0.038381 0.037479 0.035912 0.033371 0.029535 0.024170 0.017238 0.008995 0.000000 
50.000000 39.539850 29.800405 21.353707 14.525472 9.374991 5.745286 3.351750 1.872348 1.013745 0.544962 0.303720 0.186483 0.132579 0.109085 0.099363 0.095535 0.094099 0.093585 0.093409 0.093352 0.093334 0.093328 0.093327 0.093326 0.093326 0.093326 0.093326 0.093326 0.093326 0.093326 0.093326 0.093325 0.093324 0.093321 0.093314 0.093293 0.093242 0.093122 0.092854 0.092292 0.091176 0.089096 0.085458 0.079519 0.070494 0.057788 0.041278 0.021564 0.000000 
50.000000 39.564529 29.848055 21.421264 14.609104 9.470730 5.849542 3.461611 1.985666 1.129064 0.661370 0.420687 0.303720 0.249940 0.226500 0.216800 0.212981 0.211548 0.211035 0.210860 0.210802 0.210784 0.210779 0.210777 0.210777 0.210777 0.210777 0.210777 0.210777 0.210777 0.210777 0.210776 0.210776 0.210774 0.210767 0.210751 0.210707 0.210599 0.210343 0.209772 0.208562 0.206147 0.201611 0.193618 0.180461 0.160302 0.131692 0.094255 0.049309 0.000000 
50.000000 39.615292 29.946068 21.560230 14.781146 9.667691 6.064038 3.687651 2.218826 1.366348 0.900900 0.661370 0.544962 0.491438 0.468110 0.458455 0.454654 0.453228 0.452718 0.452543 0.452486 0.452468 0.452463 0.452461 0.452461 0.452461 0.452461 0.452461 0.452460 0.452460 0.452460 0.452460 0.452458 0.452454 0.452442 0.452409 0.452323 0.452108 0.451598 0.450450 0.448004 0.443083 0.433760 0.417183 0.389624 0.346973 0.285832 0.205105 0.107500 0.000000 
50.000000 39.713895 30.136456 21.830181 15.115368 10.050345 6.480783 4.126845 2.671874 1.827421 1.366348 1.129064 1.013745 0.960720 0.937610 0.928045 0.924279 0.922866 0.922361 0.922188 0.922131 0.922113 0.922108 0.922106 0.922106 0.922106 0.922106 0.922106 0.922106 0.922105 0.922105 0.922104 0.922102 0.922094 0.922072 0.922012 0.921853 0.921454 0.920501 0.918344 0.913711 0.904308 0.886317 0.853979 0.799574 0.714313 0.590544 0.425207 0.223426 0.000000 
50.000000 39.894424 30.485044 22.324464 15.727361 10.751059 7.243964 4.931173 3.501604 2.671874 2.218826 1.985666 1.872348 1.820241 1.797530 1.788130 1.784429 1.783041 1.782544 1.782374 1.782318 1.782300 1.782295 1.782294 1.782293 1.782293 1.782293 1.782293 1.782293 1.782293 1.782293 1.782291 1.782287 1.782274 1.782237 1.782133 1.781860 1.781172 1.779518 1.775743 1.767566 1.750802 1.718358 1.659276 1.558438 1.397932 1.161154 0.839951 0.442926 0.000000 
50.000000 40.205377 31.085483 23.175892 16.781601 11.958193 8.558773 6.316931 4.931173 4.126845 3.687651 3.461611 3.351750 3.301230 3.279210 3.270095 3.266506 3.265160 3.264678 3.264513 3.264459 3.264442 3.264437 3.264435 3.264435 3.264435 3.264435 3.264435 3.264435 3.264434 3.264434 3.264432 3.264425 3.264405 3.264346 3.264184 3.263751 3.262654 3.260000 3.253891 3.240527 3.212815 3.158465 3.057960 2.883392 2.600069 2.173337 1.582370 0.838749 0.000000 
50.000000 40.708316 32.056662 24.553081 18.486909 13.910905 10.685758 8.558773 7.243964 6.480783 6.064038 5.849542 5.745286 5.697341 5.676442 5.667790 5.664384 5.663106 5.662648 5.662492 5.662441 5.662424 5.662420 5.662418 5.662418 5.662418 5.662418 5.662418 5.662418 5.662417 5.662416 5.662413 5.662404 5.662375 5.662291 5.662056 5.661429 5.659828 5.655924 5.646855 5.626805 5.584687 5.500814 5.342879 5.062681 4.596681 3.875515 2.848181 1.521685 0.000000 
50.000000 41.470796 33.529047 26.641073 21.072467 16.871690 13.910905 11.958193 10.751059 10.050345 9.667691 9.470730 9.374991 9.330961 9.311766 9.303820 9.300691 9.299517 9.299097 9.298953 9.298906 9.298891 9.298886 9.298885 9.298885 9.298885 9.298885 9.298885 9.298885 9.298884 9.298883 9.298879 9.298867 9.298830 9.298720 9.298414 9.297590 9.295472 9.290270 9.278067 9.250771 9.192620 9.074800 8.848224 8.435845 7.728711 6.594665 4.914361 2.659353 0.000000 
50.000000 42.552492 35.617886 29.603334 24.740748 21.072467 18.486909 16.781601 15.727361 15.115368 14.781146 14.609104 14.525472 14.487007 14.470238 14.463296 14.460561 14.459536 14.459168 14.459042 14.459001 14.458988 14.458984 14.458983 14.458983 14.458983 14.458983 14.458983 14.458983 14.458982 14.458981 14.458977 14.458962 14.458919 14.458793 14.458436 14.457472 14.454978 14.448802 14.434173 14.401055 14.329429 14.181532 13.890228 13.343757 12.370374 10.734341 8.171699 4.520580 0.000000 
50.000000 43.986276 38.386673 33.529938 29.603334 26.641073 24.553081 23.175892 22.324464 21.830181 21.560230 21.421264 21.353707 21.322633 21.309085 21.303476 21.301267 21.300438 21.300141 21.300039 21.300006 21.299996 21.299993 21.299992 21.299991 21.299991 21.299991 21.299991 21.299991 21.299991 21.299989 21.299985 21.299971 21.299928 21.299800 21.299440 21.298463 21.295919 21.289571 21.274398 21.239638 21.163309 21.002555 20.677566 20.046408 18.868993 16.764969 13.197462 7.603357 0.000000 
50.000000 45.759647 41.811275 38.386673 35.617886 33.529047 32.056662 31.085483 30.485044 30.136456 29.946068 29.848055 29.800405 29.778486 29.768930 29.764973 29.763414 29.762829 29.762620 29.762548 29.762525 29.762517 29.762515 29.762514 29.762514 29.762514 29.762514 29.762514 29.762514 29.762514 29.762513 29.762509 29.762497 29.762462 29.762357 29.762059 29.761248 29.759126 29.753799 29.740963 29.711250 29.645093 29.503113 29.208481 28.614686 27.446187 25.189211 20.905637 13.034975 0.000000 
50.000000 47.804229 45.759647 43.986276 42.552492 41.470796 40.708316 40.205377 39.894424 39.713895 39.615292 39.564529 39.539850 39.528497 39.523547 39.521497 39.520690 39.520387 39.520279 39.520241 39.520229 39.520225 39.520224 39.520224 39.520224 39.520224 39.520224 39.520224 39.520224 39.520224 39.520223 39.520221 39.520214 39.520194 39.520135 39.519965 39.519502 39.518286 39.515220 39.507792 39.490468 39.451498 39.366628 39.186631 38.811443 38.031912 36.382918 32.724672 23.902115 0.000000 
50.000000 50.000000 50.000000 50.000000 50.000000 50.000000 50.000000 50.000000 50.000000 50.000000 50.000000 50.000000 50.000000 50.000000 50.000000 50.000000 50.000000 50.000000 50.000000 50.000000 50.000000 50.000000 50.000000 50.000000 50.000000 50.000000 50.000000 50.000000 50.000000 50.000000 50.000000 50.000000 50.000000 50.000000 50.000000 50.000000 50.000000 50.000000 50.000000 50.000000 50.000000 50.000000 50.000000 50.000000 50.000000 50.000000 50.000000 50.000000 50.000000 50.000000 
