50.000000 50.000000 50.000000 50.000000 50.000000 50.000000 50.000000 50.000000 50.000000 50.000000 50.000000 50.000000 50.000000 50.000000 50.000000 50.000000 50.000000 50.000000 50.000000 50.000000 50.000000 50.000000 50.000000 50.000000 50.000000 50.000000 50.000000 50.000000 50.000000 50.000000 50.000000 50.000000 50.000000 50.000000 50.000000 50.000000 50.000000 50.000000 50.000000 50.000000 50.000000 50.000000 50.000000 50.000000 50.000000 50.000000 50.000000 50.000000 50.000000 50.000000 
50.000000 46.391512 43.190601 40.667338 38.893741 37.777147 37.144278 36.819593 36.667994 36.603235 36.577800 36.568572 36.565466 36.564492 36.564207 36.564128 36.564108 36.564103 36.564102 36.564101 36.564101 36.564101 36.564101 36.564101 36.564101 36.564101 36.564101 36.564101 36.564101 36.564101 36.564101 36.564101 36.564101 36.564101 36.564100 36.564095 36.564076 36.564002 36.563732 36.562800 36.559766 36.550428 36.523257 36.448269 36.250849 35.749838 34.502736 31.376121 23.195756 0.000000 
50.000000 43.190601 37.150419 32.389126 29.042579 26.935837 25.741852 25.129342 24.843380 24.721237 24.673268 24.655866 24.650009 24.648173 24.647635 24.647487 24.647449 24.647440 24.647437 24.647437 24.647437 24.647437 24.647437 24.647437 24.647437 24.647437 24.647437 24.647437 24.647437 24.647437 24.647437 24.647437 24.647437 24.647436 24.647434 24.647427 24.647396 24.647277 24.646847 24.645370 24.640600 24.626083 24.584487 24.472266 24.186831 23.500864 21.939436 18.575210 11.814480 0.000000 
50.000000 40.667338 32.389126 25.863964 21.277960 18.391192 16.755296 15.916185 15.524478 15.357191 15.291503 15.267676 15.259658 15.257145 15.256409 15.256206 15.256154 15.256141 15.256138 15.256138 15.256138 15.256137 15.256137 15.256137 15.256137 15.256137 15.256137 15.256137 15.256137 15.256137 15.256137 15.256137 15.256137 15.256137 15.256135 15.256127 15.256095 15.255970 15.255523 15.254002 15.249136 15.234528 15.193436 15.085346 14.820011 14.213894 12.931982 10.449691 6.164602 0.000000 
50.000000 38.893741 29.042579 21.277960 15.821245 12.386710 10.440618 9.442521 8.976663 8.777738 8.699639 8.671315 8.661786 8.658799 8.657924 8.657684 8.657622 8.657607 8.657603 8.657602 8.657602 8.657602 8.657602 8.657602 8.657602 8.657602 8.657602 8.657602 8.657602 8.657602 8.657602 8.657602 8.657602 8.657602 8.657600 8.657594 8.657567 8.657466 8.657103 8.655878 8.652006 8.640543 8.608877 8.527549 8.334137 7.910623 7.064066 5.541715 3.143903 0.000000 
50.000000 37.777147 26.935837 18.391192 12.386710 8.607730 6.466686 5.368733 4.856333 4.637564 4.551686 4.520547 4.510071 4.506789 4.505828 4.505564 4.505495 4.505479 4.505475 4.505474 4.505474 4.505474 4.505474 4.505474 4.505474 4.505474 4.505474 4.505474 4.505474 4.505474 4.505474 4.505474 4.505474 4.505474 4.505473 4.505468 4.505450 4.505381 4.505135 4.504315 4.501747 4.494243 4.473857 4.422585 4.303865 4.052573 3.571181 2.749006 1.526298 0.000000 
50.000000 37.144278 25.741852 16.755296 10.440618 6.466686 4.215375 3.060981 2.522296 2.292330 2.202067 2.169342 2.158334 2.154886 2.153876 2.153598 2.153527 2.153509 2.153505 2.153504 2.153504 2.153504 2.153504 2.153504 2.153504 2.153504 2.153504 2.153504 2.153504 2.153504 2.153504 2.153504 2.153504 2.153504 2.153503 2.153500 2.153490 2.153449 2.153306 2.152833 2.151363 2.147120 2.135758 2.107687 2.044102 1.913068 1.669950 1.269586 0.696009 0.000000 
50.000000 36.819593 25.129342 15.916185 9.442521 5.368733 3.060981 1.877723 1.325607 1.089925 0.997427 0.963893 0.952615 0.949082 0.948047 0.947763 0.947690 0.947672 0.947668 0.947667 0.947667 0.947667 0.947667 0.947667 0.947667 0.947667 0.947667 0.947667 0.947667 0.947667 0.947667 0.947667 0.947667 0.947667 0.947666 0.947665 0.947659 0.947638 0.947565 0.947324 0.946583 0.944465 0.938861 0.925223 0.894876 0.833644 0.722749 0.544855 0.296336 0.000000 
50.000000 36.667994 24.843380 15.524478 8.976663 4.856333 2.522296 1.325607 0.767249 0.528913 0.435377 0.401470 0.390066 0.386494 0.385448 0.385161 0.385087 0.385069 0.385064 0.385064 0.385063 0.385063 0.385063 0.385063 0.385063 0.385063 0.385063 0.385063 0.385063 0.385063 0.385063 0.385063 0.385063 0.385063 0.385063 0.385062 0.385060 0.385050 0.385017 0.384907 0.384573 0.383624 0.381142 0.375176 0.362090 0.336121 0.289951 0.217297 0.117566 0.000000 
50.000000 36.603235 24.721237 15.357191 8.777738 4.637564 2.292330 1.089925 0.528913 0.289450 0.195475 0.161409 0.149952 0.146364 0.145313 0.145024 0.144950 0.144932 0.144927 0.144927 0.144926 0.144926 0.144926 0.144926 0.144926 0.144926 0.144926 0.144926 0.144926 0.144926 0.144926 0.144926 0.144926 0.144926 0.144926 0.144926 0.144925 0.144921 0.144907 0.144862 0.144725 0.144340 0.143342 0.140966 0.135817 0.125732 0.108055 0.080636 0.043470 0.000000 
50.000000 36.577800 24.673268 15.291503 8.699639 4.551686 2.202067 0.997427 0.435377 0.195475 0.101328 0.067200 0.055723 0.052128 0.051076 0.050787 0.050712 0.050694 0.050690 0.050689 0.050688 0.050688 0.050688 0.050688 0.050688 0.050688 0.050688 0.050688 0.050688 0.050688 0.050688 0.050688 0.050688 0.050688 0.050688 0.050688 0.050688 0.050686 0.050681 0.050664 0.050613 0.050470 0.050103 0.049235 0.047371 0.043760 0.037501 0.027898 0.015000 0.000000 
50.000000 36.568572 24.655866 15.267676 8.671315 4.520547 2.169342 0.963893 0.401470 0.161409 0.067200 0.033050 0.021566 0.017969 0.016915 0.016626 0.016551 0.016533 0.016529 0.016528 0.016528 0.016528 0.016528 0.016528 0.016528 0.016528 0.016528 0.016528 0.016528 0.016528 0.016528 0.016528 0.016528 0.016528 0.016528 0.016528 0.016527 0.016527 0.016525 0.016519 0.016502 0.016453 0.016328 0.016035 0.015411 0.014213 0.012153 0.009019 0.004840 0.000000 
50.000000 36.565466 24.650009 15.259658 8.661786 4.510071 2.158334 0.952615 0.390066 0.149952 0.055723 0.021566 0.010079 0.006481 0.005427 0.005138 0.005063 0.005045 0.005041 0.005040 0.005040 0.005040 0.005040 0.005040 0.005040 0.005040 0.005040 0.005040 0.005040 0.005040 0.005040 0.005040 0.005040 0.005040 0.005040 0.005040 0.005040 0.005039 0.005039 0.005037 0.005031 0.005016 0.004977 0.004885 0.004691 0.004320 0.003688 0.002732 0.001464 0.000000 
50.000000 36.564492 24.648173 15.257145 8.658799 4.506789 2.154886 0.949082 0.386494 0.146364 0.052128 0.017969 0.006481 0.002883 0.001829 0.001540 0.001465 0.001447 0.001443 0.001442 0.001441 0.001441 0.001441 0.001441 0.001441 0.001441 0.001441 0.001441 0.001441 0.001441 0.001441 0.001441 0.001441 0.001441 0.001441 0.001441 0.001441 0.001441 0.001441 0.001441 0.001439 0.001434 0.001423 0.001396 0.001340 0.001232 0.001051 0.000777 0.000416 0.000000 
50.000000 36.564207 24.647635 15.256409 8.657924 4.505828 2.153876 0.948047 0.385448 0.145313 0.051076 0.016915 0.005427 0.001829 0.000775 0.000486 0.000411 0.000393 0.000389 0.000388 0.000388 0.000388 0.000388 0.000388 0.000388 0.000388 0.000388 0.000388 0.000388 0.000388 0.000388 0.000388 0.000388 0.000388 0.000388 0.000388 0.000388 0.000388 0.000388 0.000388 0.000387 0.000386 0.000383 0.000375 0.000360 0.000331 0.000282 0.000208 0.000111 0.000000 
50.000000 36.564128 24.647487 15.256206 8.657684 4.505564 2.153598 0.947763 0.385161 0.145024 0.050787 0.016626 0.005138 0.001540 0.000486 0.000197 0.000122 0.000104 0.000100 0.000099 0.000098 0.000098 0.000098 0.000098 0.000098 0.000098 0.000098 0.000098 0.000098 0.000098 0.000098 0.000098 0.000098 0.000098 0.000098 0.000098 0.000098 0.000098 0.000098 0.000098 0.000098 0.000098 0.000097 0.000095 0.000091 0.000084 0.000071 0.000053 0.000028 0.000000 
50.000000 36.564108 24.647449 15.256154 8.657622 4.505495 2.153527 0.947690 0.385087 0.144950 0.050712 0.016551 0.005063 0.001465 0.000411 0.000122 0.000047 0.000029 0.000025 0.000024 0.000024 0.000024 0.000024 0.000024 0.000024 0.000024 0.000024 0.000024 0.000024 0.000024 0.000024 0.000024 0.000024 0.000024 0.000024 0.000024 0.000024 0.000024 0.000024 0.000024 0.000024 0.000023 0.000023 0.000023 0.000022 0.000020 0.000017 0.000013 0.000007 0.000000 
50.000000 36.564103 24.647440 15.256141 8.657607 4.505479 2.153509 0.947672 0.385069 0.144932 0.050694 0.016533 0.005045 0.001447 0.000393 0.000104 0.000029 0.000011 0.000007 0.000006 0.000005 0.000005 0.000005 0.000005 0.000005 0.000005 0.000005 0.000005 0.000005 0.000005 0.000005 0.000005 0.000005 0.000005 0.000005 0.000005 0.000005 0.000005 0.000005 0.000005 0.000005 0.000005 0.000005 0.000005 0.000005 0.000005 0.000004 0.000003 0.000002 0.000000 
50.000000 36.564102 24.647437 15.256138 8.657603 4.505475 2.153505 0.947668 0.385064 0.144927 0.050690 0.016529 0.005041 0.001443 0.000389 0.000100 0.000025 0.000007 0.000002 0.000001 0.000001 0.000001 0.000001 0.000001 0.000001 0.000001 0.000001 0.000001 0.000001 0.000001 0.000001 0.000001 0.000001 0.000001 0.000001 0.000001 0.000001 0.000001 0.000001 0.000001 0.000001 0.000001 0.000001 0.000001 0.000001 0.000001 0.000001 0.000001 0.000000 0.000000 
50.000000 36.564101 24.647437 15.256138 8.657602 4.505474 2.153504 0.947667 0.385064 0.144927 0.050689 0.016528 0.005040 0.001442 0.000388 0.000099 0.000024 0.000006 0.000001 0.000000 0.000000 0.000000 0.000000 0.000000 0.000000 0.000000 0.000000 0.000000 0.000000 0.000000 0.000000 0.000000 0.000000 0.000000 0.000000 0.000000 0.000000 0.000000 0.000000 0.000000 0.000000 0.000000 0.000000 0.000000 0.000000 0.000000 0.000000 0.000000 0.000000 0.000000 
50.000000 36.564101 24.647437 15.256138 8.657602 4.505474 2.153504 0.947667 0.385063 0.144926 0.050688 0.016528 0.005040 0.001441 0.000388 0.000098 0.000024 0.000005 0.000001 0.000000 0.000000 0.000000 0.000000 0.000000 0.000000 0.000000 0.000000 0.000000 0.000000 0.000000 0.000000 0.000000 0.000000 0.000000 0.000000 0.000000 0.000000 0.000000 0.000000 0.000000 0.000000 0.000000 0.000000 0.000000 0.000000 0.000000 0.000000 0.000000 0.000000 0.000000 
50.000000 36.564101 24.647437 15.256137 8.657602 4.505474 2.153504 0.947667 0.385063 0.144926 0.050688 0.016528 0.005040 0.001441 0.000388 0.000098 0.000024 0.000005 0.000001 0.000000 0.000000 0.000000 0.000000 0.000000 0.000000 0.000000 0.000000 0.000000 0.000000 0.000000 0.000000 0.000000 0.000000 0.000000 0.000000 0.000000 0.000000 0.000000 0.000000 0.000000 0.000000 0.000000 0.000000 0.000000 0.000000 0.000000 0.000000 0.000000 0.000000 0.000000 
50.000000 36.564101 24.647437 15.256137 8.657602 4.505474 2.153504 0.947667 0.385063 0.144926 0.050688 0.016528 0.005040 0.001441 0.000388 0.000098 0.000024 0.000005 0.000001 0.000000 0.000000 0.000000 0.000000 0.000000 0.000000 0.000000 0.000000 0.000000 0.000000 0.000000 0.000000 0.000000 0.000000 0.000000 0.000000 0.000000 0.000000 0.000000 0.000000 0.000000 0.000000 0.000000 0.000000 0.000000 0.000000 0.000000 0.000000 0.000000 0.000000 0.000000 
50.000000 36.564101 24.647437 15.256137 8.657602 4.505474 2.153504 0.947667 0.385063 0.144926 0.050688 0.016528 0.005040 0.001441 0.000388 0.000098 0.000024 0.000005 0.000001 0.000000 0.000000 0.000000 0.000000 0.000000 0.000000 0.000000 0.000000 0.000000 0.000000 0.000000 0.000000 0.000000 0.000000 0.000000 0.000000 0.000000 0.000000 0.000000 0.000000 0.000000 0.000000 0.000000 0.000000 0.000000 0.000000 0.000000 0.000000 0.000000 0.000000 0.000000 
50.000000 36.564101 24.647437 15.256137 8.657602 4.505474 2.153504 0.947667 0.385063 0.144926 0.050688 0.016528 0.005040 0.001441 0.000388 0.000098 0.000024 0.000005 0.000001 0.000000 0.000000 0.000000 0.000000 0.000000 0.000000 0.000000 0.000000 0.000000 0.000000 0.000000 0.000000 0.000000 0.000000 0.000000 0.000000 0.000000 0.000000 0.000000 0.000000 0.000000 0.000000 0.000000 0.000000 0.000000 0.000000 0.000000 0.000000 0.000000 0.000000 0.000000 
50.000000 36.564101 24.647437 15.256137 8.657602 4.505474 2.153504 0.947667 0.385063 0.144926 0.050688 0.016528 0.005040 0.001441 0.000388 0.000098 0.000024 0.000005 0.000001 0.000000 0.000000 0.000000 0.000000 0.000000 0.000000 0.000000 0.000000 0.000000 0.000000 0.000000 0.000000 0.000000 0.000000 0.000000 0.000000 0.000000 0.000000 0.000000 0.000000 0.000000 0.000000 0.000000 0.000000 0.000000 0.000000 0.000000 0.000000 0.000000 0.000000 0.000000 
50.000000 36.564101 24.647437 15.256137 8.657602 4.505474 2.153504 0.947667 0.385063 0.144926 0.050688 0.016528 0.005040 0.001441 0.000388 0.000098 0.000024 0.000005 0.000001 0.000000 0.000000 0.000000 0.000000 0.000000 0.000000 0.000000 0.000000 0.000000 0.000000 0.000000 0.000000 0.000000 0.000000 0.000000 0.000000 0.000000 0.000000 0.000000 0.000000 0.000000 0.000000 0.000000 0.000000 0.000000 0.000000 0.000000 0.000000 0.000000 0.000000 0.000000 
50.000000 36.564101 24.647437 15.256137 8.657602 4.505474 2.153504 0.947667 0.385063 0.144926 0.050688 0.016528 0.005040 0.001441 0.000388 0.000098 0.000024 0.000005 0.000001 0.000000 0.000000 0.000000 0.000000 0.000000 0.000000 0.000000 0.000000 0.000000 0.000000 0.000000 0.000000 0.000000 0.000000 0.000000 0.000000 0.000000 0.000000 0.000000 0.000000 0.000000 0.000000 0.000000 0.000000 0.000000 0.000000 0.000000 0.000000 0.000000 0.000000 0.000000 
50.000000 36.564101 24.647437 15.256137 8.657602 4.505474 2.153504 0.947667 0.385063 0.144926 0.050688 0.016528 0.005040 0.001441 0.000388 0.000098 0.000024 0.000005 0.000001 0.000000 0.000000 0.000000 0.000000 0.000000 0.000000 0.000000 0.000000 0.000000 0.000000 0.000000 0.000000 0.000000 0.000000 0.000000 0.000000 0.000000 0.000000 0.000000 0.000000 0.000000 0.000000 0.000000 0.000000 0.000000 0.000000 0.000000 0.000000 0.000000 0.000000 0.000000 
50.000000 36.564101 24.647437 15.256138 8.657602 4.505474 2.153504 0.947667 0.385063 0.144926 0.050688 0.016528 0.005040 0.001441 0.000388 0.000098 0.000024 0.000005 0.000001 0.000000 0.000000 0.000000 0.000000 0.000000 0.000000 0.000000 0.000000 0.000000 0.000000 0.000000 0.000000 0.000000 0.000000 0.000000 0.000000 0.000000 0.000000 0.000000 0.000000 0.000000 0.000000 0.000000 0.000000 0.000000 0.000000 0.000000 0.000000 0.000000 0.000000 0.000000 
50.000000 36.564101 24.647437 15.256138 8.657602 4.505474 2.153504 0.947667 0.385064 0.144927 0.050689 0.016528 0.005040 0.001442 0.000388 0.000099 0.000024 0.000006 0.000001 0.000000 0.000000 0.000000 0.000000 0.000000 0.000000 0.000000 0.000000 0.000000 0.000000 0.000000 0.000000 0.000000 0.000000 0.000000 0.000000 0.000000 0.000000 0.000000 0.000000 0.000000 0.000000 0.000000 0.000000 0.000000 0.000000 0.000000 0.000000 0.000000 0.000000 0.000000 
50.000000 36.564102 24.647437 15.256138 8.657603 4.505475 2.153505 0.947668 0.385064 0.144927 0.050690 0.016529 0.005041 0.001443 0.000389 0.000100 0.000025 0.000007 0.000002 0.000001 0.000001 0.000001 0.000001 0.000001 0.000001 0.000001 0.000001 0.000001 0.000001 0.000001 0.000001 0.000001 0.000001 0.000001 0.000001 0.000001 0.000001 0.000001 0.000001 0.000001 0.000001 0.000001 0.000001 0.000001 0.000001 0.000001 0.000001 0.000001 0.000000 0.000000 
50.000000 36.564103 24.647440 15.256141 8.657607 4.505479 2.153509 0.947672 0.385069 0.144932 0.050694 0.016533 0.005045 0.001447 0.000393 0.000104 0.000029 0.000011 0.000007 0.000006 0.000005 0.000005 0.000005 0.000005 0.000005 0.000005 0.000005 0.000005 0.000005 0.000005 0.000005 0.000005 0.000005 0.000005 0.000005 0.000005 0.000005 0.000005 0.000005 0.000005 0.000005 0.000005 0.000005 0.000005 0.000005 0.000005 0.000004 0.000003 0.000002 0.000000 
50.000000 36.564108 24.647449 15.256154 8.657622 4.505495 2.153527 0.947690 0.385087 0.144950 0.050712 0.016551 0.005063 0.001465 0.000411 0.000122 0.000047 0.000029 0.000025 0.000024 0.000024 0.000024 0.000024 0.000024 0.000024 0.000024 0.000024 0.000024 0.000024 0.000024 0.000024 0.000024 0.000024 0.000024 0.000024 0.000024 0.000024 0.000024 0.000024 0.000024 0.000024 0.000023 0.000023 0.000023 0.000022 0.000020 0.000017 0.000013 0.000007 0.000000 
50.000000 36.564128 24.647487 15.256206 8.657684 4.505564 2.153598 0.947763 0.385161 0.145024 0.050787 0.016626 0.005138 0.001540 0.000486 0.000197 0.000122 0.000104 0.000100 0.000099 0.000098 0.000098 0.000098 0.000098 0.000098 0.000098 0.000098 0.000098 0.000098 0.000098 0.000098 0.000098 0.000098 0.000098 0.000098 0.000098 0.000098 0.000098 0.000098 0.000098 0.000098 0.000098 0.000097 0.000095 0.000091 0.000084 0.000071 0.000053 0.000028 0.000000 
50.000000 36.564207 24.647635 15.256409 8.657924 4.505828 2.153876 0.948047 0.385448 0.145313 0.051076 0.016915 0.005427 0.001829 0.000775 0.000486 0.000411 0.000393 0.000389 0.000388 0.000388 0.000388 0.000388 0.000388 0.000388 0.000388 0.000388 0.000388 0.000388 0.000388 0.000388 0.000388 0.000388 0.000388 0.000388 0.000388 0.000388 0.000388 0.000388 0.000388 0.000387 0.000386 0.000383 0.000375 0.000360 0.000331 0.000282 0.000208 0.000111 0.000000 
50.000000 36.564492 24.648173 15.257145 8.658799 4.506789 2.154886 0.949082 0.386494 0.146364 0.052128 0.017969 0.006481 0.002883 0.001829 0.001540 0.001465 0.001447 0.001443 0.001442 0.001441 0.001441 0.001441 0.001441 0.001441 0.001441 0.001441 0.001441 0.001441 0.001441 0.001441 0.001441 0.001441 0.001441 0.001441 0.001441 0.001441 0.001441 0.001441 0.001441 0.001439 0.001434 0.001423 0.001396 0.001340 0.001232 0.001051 0.000777 0.000416 0.000000 
50.000000 36.565466 24.650009 15.259658 8.661786 4.510071 2.158334 0.952615 0.390066 0.149952 0.055723 0.021566 0.010079 0.006481 0.005427 0.005138 0.005063 0.005045 0.005041 0.005040 0.005040 0.005040 0.005040 0.005040 0.005040 0.005040 0.005040 0.005040 0.005040 0.005040 0.005040 0.005040 0.005040 0.005040 0.005040 0.005040 0.005040 0.005039 0.005039 0.005037 0.005031 0.005016 0.004977 0.004885 0.004691 0.004320 0.003688 0.002732 0.001464 0.000000 
50.000000 36.568572 24.655866 15.267676 8.671315 4.520547 2.169342 0.963893 0.401470 0.161409 0.067200 0.033050 0.021566 0.017969 0.016915 0.016626 0.016551 0.016533 0.016529 0.016528 0.016528 0.016528 0.016528 0.016528 0.016528 0.016528 0.016528 0.016528 0.016528 0.016528 0.016528 0.016528 0.016528 0.016528 0.016528 0.016528 0.016527 0.016527 0.016525 0.016519 0.016502 0.016453 0.016328 0.016035 0.015411 0.014213 0.012153 0.009019 0.004840 0.000000 
50.000000 36.577800 24.673268 15.291503 8.699639 4.551686 2.202067 0.997427 0.435377 0.195475 0.101328 0.067200 0.055723 0.052128 0.051076 0.050787 0.050712 0.050694 0.050690 0.050689 0.050688 0.050688 0.050688 0.050688 0.050688 0.050688 0.050688 0.050688 0.050688 0.050688 0.050688 0.050688 0.050688 0.050688 0.050688 0.050688 0.050688 0.050686 0.050681 0.050664 0.050613 0.050470 0.050103 0.049235 0.047371 0.043760 0.037501 0.027898 0.015000 0.000000 
50.000000 36.603235 24.721237 15.357191 8.777738 4.637564 2.292330 1.089925 0.528913 0.289450 0.195475 0.161409 0.149952 0.146364 0.145313 0.145024 0.144950 0.144932 0.144927 0.144927 0.144926 0.144926 0.144926 0.144926 0.144926 0.144926 0.144926 0.144926 0.144926 0.144926 0.144926 0.144926 0.144926 0.144926 0.144926 0.144926 0.144925 0.144921 0.144907 0.144862 0.144725 0.144340 0.143342 0.140966 0.135817 0.125732 0.108055 0.080636 0.043470 0.000000 
50.000000 36.667994 24.843380 15.524478 8.976663 4.856333 2.522296 1.325607 0.767249 0.528913 0.435377 0.401470 0.390066 0.386494 0.385448 0.385161 0.385087 0.385069 0.385064 0.385064 0.385063 0.385063 0.385063 0.385063 0.385063 0.385063 0.385063 0.385063 0.385063 0.385063 0.385063 0.385063 0.385063 0.385063 0.385063 0.385062 0.385060 0.385050 0.385017 0.384907 0.384573 0.383624 0.381142 0.375176 0.362090 0.336121 0.289951 0.217297 0.117566 0.000000 
50.000000 36.819593 25.129342 15.916185 9.442521 5.368733 3.060981 1.877723 1.325607 1.089925 0.997427 0.963893 0.952615 0.949082 0.948047 0.947763 0.947690 0.947672 0.947668 0.947667 0.947667 0.947667 0.947667 0.947667 0.947667 0.947667 0.947667 0.947667 0.947667 0.947667 0.947667 0.947667 0.947667 0.947667 0.947666 0.947665 0.947659 0.947638 0.947565 0.947324 0.946583 0.944465 0.938861 0.925223 0.894876 0.833644 0.722749 0.544855 0.296336 0.000000 
50.000000 37.144278 25.741852 16.755296 10.440618 6.466686 4.215375 3.060981 2.522296 2.292330 2.202067 2.169342 2.158334 2.154886 2.153876 2.153598 2.153527 2.153509 2.153505 2.153504 2.153504 2.153504 2.153504 2.153504 2.153504 2.153504 2.153504 2.153504 2.153504 2.153504 2.153504 2.153504 2.153504 2.153504 2.153503 2.153500 2.153490 2.153449 2.153306 2.152833 2.151363 2.147120 2.135758 2.107687 2.044102 1.913068 1.669950 1.269586 0.696009 0.000000 
50.000000 37.777147 26.935837 18.391192 12.386710 8.607730 6.466686 5.368733 4.856333 4.637564 4.551686 4.520547 4.510071 4.506789 4.505828 4.505564 4.505495 4.505479 4.505475 4.505474 4.505474 4.505474 4.505474 4.505474 4.505474 4.505474 4.505474 4.505474 4.505474 4.505474 4.505474 4.505474 4.505474 4.505474 4.505473 4.505468 4.505450 4.505381 4.505135 4.504315 4.501747 4.494243 4.473857 4.422585 4.303865 4.052573 3.571181 2.749006 1.526298 0.000000 
50.000000 38.893741 29.042579 21.277960 15.821245 12.386710 10.440618 9.442521 8.976663 8.777738 8.699639 8.671315 8.661786 8.658799 8.657924 8.657684 8.657622 8.657607 8.657603 8.657602 8.657602 8.657602 8.657602 8.657602 8.657602 8.657602 8.657602 8.657602 8.657602 8.657602 8.657602 8.657602 8.657602 8.657602 8.657600 8.657594 8.657567 8.657466 8.657103 8.655878 8.652006 8.640543 8.608877 8.527549 8.334137 7.910623 7.064066 5.541715 3.143903 0.000000 
50.000000 40.667338 32.389126 25.863964 21.277960 18.391192 16.755296 15.916185 15.524478 15.357191 15.291503 15.267676 15.259658 15.257145 15.256409 15.256206 15.256154 15.256141 15.256138 15.256138 15.256138 15.256137 15.256137 15.256137 15.256137 15.256137 15.256137 15.256137 15.256137 15.256137 15.256137 15.256137 15.256137 15.256137 15.256135 15.256127 15.256095 15.255970 15.255523 15.254002 15.249136 15.234528 15.193436 15.085346 14.820011 14.213894 12.931982 10.449691 6.164602 0.000000 
50.000000 43.190601 37.150419 32.389126 29.042579 26.935837 25.741852 25.129342 24.843380 24.721237 24.673268 24.655866 24.650009 24.648173 24.647635 24.647487 24.647449 24.647440 24.647437 24.647437 24.647437 24.647437 24.647437 24.647437 24.647437 24.647437 24.647437 24.647437 24.647437 24.647437 24.647437 24.647437 24.647437 24.647436 24.647434 24.647427 24.647396 24.647277 24.646847 24.645370 24.640600 24.626083 24.584487 24.472266 24.186831 23.500864 21.939436 18.575210 11.814480 0.000000 
50.000000 46.391512 43.190601 40.667338 38.893741 37.777147 37.144278 36.819593 36.667994 36.603235 36.577800 36.568572 36.565466 36.564492 36.564207 36.564128 36.564108 36.564103 36.564102 36.564101 36.564101 36.564101 36.564101 36.564101 36.564101 36.564101 36.564101 36.564101 36.564101 36.564101 36.564101 36.564101 36.564101 36.564101 36.564100 36.564095 36.564076 36.564002 36.563732 36.562800 36.559766 36.550428 36.523257 36.448269 36.250849 35.749838 34.502736 31.376121 23.195756 0.000000 
50.000000 50.000000 50.000000 50.000000 50.000000 50.000000 50.000000 50.000000 50.000000 50.000000 50.000000 50.000000 50.000000 50.000000 50.000000 50.000000 50.000000 50.000000 50.000000 50.000000 50.000000 50.000000 50.000000 50.000000 50.000000 50.000000 50.000000 50.000000 50.000000 50.000000 50.000000 50.000000 50.000000 50.000000 50.000000 50.000000 50.000000 50.000000 50.000000 50.000000 50.000000 50.000000 50.000000 50.000000 50.000000 50.000000 50.000000 50.000000 50.000000 50.000000 
