50.000000 50.000000 50.000000 50.000000 50.000000 50.000000 50.000000 50.000000 50.000000 50.000000 50.000000 50.000000 50.000000 50.000000 50.000000 50.000000 50.000000 50.000000 50.000000 50.000000 50.000000 50.000000 50.000000 50.000000 50.000000 50.000000 50.000000 50.000000 50.000000 50.000000 50.000000 50.000000 50.000000 50.000000 50.000000 50.000000 50.000000 50.000000 50.000000 50.000000 50.000000 50.000000 50.000000 50.000000 50.000000 50.000000 50.000000 50.000000 50.000000 50.000000 
50.000000 47.569642 45.324454 43.407383 41.892933 40.784496 40.031548 39.555897 39.275849 39.121824 39.042502 39.004161 38.986727 38.979252 38.976224 38.975062 38.974639 38.974493 38.974445 38.974430 38.974425 38.974424 38.974423 38.974423 38.974423 38.974423 38.974423 38.974423 38.974423 38.974423 38.974423 38.974422 38.974420 38.974410 38.974381 38.974292 38.974029 38.973287 38.971286 38.966116 38.953310 38.922844 38.853003 38.697891 38.361226 37.637336 36.063194 32.498586 23.784821 0.000000 
50.000000 45.324454 41.005162 37.317135 34.403707 32.271386 30.822957 29.907983 29.369293 29.073025 28.920454 28.846711 28.813180 28.798805 28.792981 28.790747 28.789934 28.789652 28.789560 28.789531 28.789522 28.789519 28.789519 28.789518 28.789518 28.789518 28.789518 28.789518 28.789518 28.789518 28.789518 28.789516 28.789512 28.789496 28.789445 28.789290 28.788836 28.787559 28.784129 28.775318 28.753657 28.702658 28.587469 28.337195 27.812072 26.742762 24.619224 20.502581 12.825868 0.000000 
50.000000 43.407383 37.317135 32.117055 28.009239 25.002836 22.960738 21.670793 20.911374 20.493729 20.278665 20.174722 20.127463 20.107203 20.098996 20.095848 20.094702 20.094305 20.094175 20.094134 20.094121 20.094118 20.094117 20.094116 20.094116 20.094116 20.094116 20.094116 20.094116 20.094116 20.094116 20.094114 20.094108 20.094090 20.094030 20.093846 20.093310 20.091813 20.087816 20.077629 20.052846 19.995299 19.867741 19.597721 19.051665 17.997176 16.058527 12.697911 7.344189 0.000000 
50.000000 41.892933 34.403707 28.009239 22.958044 19.261333 16.750447 15.164456 14.230798 13.717362 13.452986 13.325220 13.267134 13.242234 13.232148 13.228280 13.226872 13.226385 13.226224 13.226174 13.226159 13.226154 13.226153 13.226153 13.226153 13.226153 13.226153 13.226153 13.226153 13.226153 13.226152 13.226150 13.226145 13.226127 13.226069 13.225892 13.225380 13.223955 13.220180 13.210647 13.187725 13.135294 13.021327 12.786212 12.326736 11.479022 10.012063 7.660945 4.255598 0.000000 
50.000000 40.784496 32.271386 25.002836 19.261333 15.059569 12.205764 10.403260 9.342204 8.758745 8.458334 8.313164 8.247170 8.218883 8.207426 8.203032 8.201433 8.200880 8.200698 8.200640 8.200623 8.200618 8.200617 8.200617 8.200616 8.200616 8.200616 8.200616 8.200616 8.200616 8.200616 8.200615 8.200610 8.200595 8.200547 8.200401 8.199978 8.198813 8.195748 8.188081 8.169864 8.128806 8.041204 7.864674 7.529785 6.934597 5.951172 4.459314 2.423270 0.000000 
50.000000 40.031548 30.822957 22.960738 16.750447 12.205764 9.119174 7.169733 6.022242 5.391290 5.066448 4.909482 4.838130 4.807550 4.795165 4.790415 4.788687 4.788089 4.787892 4.787830 4.787811 4.787806 4.787804 4.787804 4.787804 4.787804 4.787804 4.787804 4.787804 4.787804 4.787803 4.787802 4.787799 4.787788 4.787752 4.787645 4.787338 4.786493 4.784291 4.778832 4.766006 4.737495 4.677677 4.559587 4.341090 3.964234 3.363017 2.485762 1.333657 0.000000 
50.000000 39.555897 29.907983 21.670793 15.164456 10.403260 7.169733 5.127569 3.925553 3.264653 2.924410 2.760012 2.685287 2.653262 2.640293 2.635320 2.633510 2.632884 2.632678 2.632613 2.632594 2.632588 2.632587 2.632586 2.632586 2.632586 2.632586 2.632586 2.632586 2.632586 2.632586 2.632585 2.632583 2.632576 2.632552 2.632481 2.632279 2.631729 2.630302 2.626798 2.618651 2.600763 2.563784 2.492056 2.362056 2.143128 1.803052 1.320515 0.702893 0.000000 
50.000000 39.275849 29.369293 20.911374 14.230798 9.342204 6.022242 3.925553 2.691486 2.012989 1.663701 1.494941 1.418236 1.385364 1.372053 1.366949 1.365092 1.364449 1.364238 1.364171 1.364151 1.364146 1.364144 1.364144 1.364144 1.364144 1.364144 1.364144 1.364144 1.364144 1.364143 1.364143 1.364142 1.364137 1.364123 1.364080 1.363960 1.363632 1.362790 1.360738 1.356010 1.345743 1.324790 1.284747 1.213398 1.095505 0.916076 0.666636 0.353005 0.000000 
50.000000 39.121824 29.073025 20.493729 13.717362 8.758745 5.391290 3.264653 2.012989 1.324836 0.970587 0.799435 0.721646 0.688310 0.674812 0.669636 0.667753 0.667102 0.666887 0.666820 0.666799 0.666794 0.666792 0.666791 0.666791 0.666791 0.666791 0.666791 0.666791 0.666791 0.666791 0.666791 0.666790 0.666788 0.666780 0.666756 0.666690 0.666511 0.666054 0.664947 0.662418 0.656980 0.646002 0.625284 0.588881 0.529637 0.440884 0.319368 0.168514 0.000000 
50.000000 39.042502 28.920454 20.278665 13.452986 8.458334 5.066448 2.924410 1.663701 0.970587 0.613791 0.441411 0.363066 0.329493 0.315898 0.310686 0.308789 0.308134 0.307918 0.307850 0.307829 0.307823 0.307822 0.307821 0.307821 0.307821 0.307821 0.307821 0.307821 0.307821 0.307821 0.307821 0.307821 0.307819 0.307815 0.307803 0.307770 0.307679 0.307449 0.306896 0.305641 0.302964 0.297612 0.287616 0.270253 0.242339 0.201035 0.145136 0.076386 0.000000 
50.000000 39.004161 28.846711 20.174722 13.325220 8.313164 4.909482 2.760012 1.494941 0.799435 0.441411 0.268440 0.189827 0.156140 0.142500 0.137269 0.135367 0.134709 0.134492 0.134424 0.134403 0.134397 0.134396 0.134395 0.134395 0.134395 0.134395 0.134395 0.134395 0.134395 0.134395 0.134395 0.134395 0.134394 0.134392 0.134387 0.134371 0.134328 0.134220 0.133962 0.133381 0.132151 0.129710 0.125191 0.117417 0.105040 0.086906 0.062582 0.032875 0.000000 
50.000000 38.986727 28.813180 20.127463 13.267134 8.247170 4.838130 2.685287 1.418236 0.721646 0.363066 0.189827 0.111093 0.077354 0.063693 0.058455 0.056549 0.055890 0.055673 0.055605 0.055584 0.055578 0.055577 0.055576 0.055576 0.055576 0.055576 0.055576 0.055576 0.055576 0.055576 0.055576 0.055576 0.055576 0.055575 0.055572 0.055565 0.055547 0.055499 0.055387 0.055134 0.054604 0.053558 0.051637 0.048358 0.043179 0.035650 0.025622 0.013440 0.000000 
50.000000 38.979252 28.798805 20.107203 13.242234 8.218883 4.807550 2.653262 1.385364 0.688310 0.329493 0.156140 0.077354 0.043593 0.029923 0.024682 0.022775 0.022115 0.021898 0.021830 0.021809 0.021803 0.021802 0.021801 0.021801 0.021801 0.021801 0.021801 0.021801 0.021801 0.021801 0.021801 0.021801 0.021801 0.021801 0.021800 0.021797 0.021789 0.021769 0.021723 0.021620 0.021405 0.020983 0.020212 0.018905 0.016855 0.013893 0.009969 0.005224 0.000000 
50.000000 38.976224 28.792981 20.098996 13.232148 8.207426 4.795165 2.640293 1.372053 0.674812 0.315898 0.142500 0.063693 0.029923 0.016249 0.011006 0.009099 0.008439 0.008222 0.008154 0.008133 0.008127 0.008126 0.008125 0.008125 0.008125 0.008125 0.008125 0.008125 0.008125 0.008125 0.008125 0.008125 0.008125 0.008125 0.008125 0.008123 0.008120 0.008113 0.008095 0.008055 0.007973 0.007812 0.007519 0.007026 0.006256 0.005150 0.003691 0.001932 0.000000 
50.000000 38.975062 28.790747 20.095848 13.228280 8.203032 4.790415 2.635320 1.366949 0.669636 0.310686 0.137269 0.058455 0.024682 0.011006 0.005763 0.003855 0.003196 0.002978 0.002910 0.002890 0.002884 0.002882 0.002882 0.002882 0.002882 0.002882 0.002882 0.002882 0.002882 0.002882 0.002882 0.002882 0.002882 0.002882 0.002881 0.002881 0.002880 0.002877 0.002871 0.002856 0.002826 0.002768 0.002662 0.002486 0.002211 0.001818 0.001302 0.000681 0.000000 
50.000000 38.974639 28.789934 20.094702 13.226872 8.201433 4.788687 2.633510 1.365092 0.667753 0.308789 0.135367 0.056549 0.022775 0.009099 0.003855 0.001948 0.001288 0.001071 0.001003 0.000982 0.000976 0.000975 0.000974 0.000974 0.000974 0.000974 0.000974 0.000974 0.000974 0.000974 0.000974 0.000974 0.000974 0.000974 0.000974 0.000974 0.000973 0.000972 0.000970 0.000965 0.000955 0.000935 0.000899 0.000838 0.000745 0.000612 0.000438 0.000229 0.000000 
50.000000 38.974493 28.789652 20.094305 13.226385 8.200880 4.788089 2.632884 1.364449 0.667102 0.308134 0.134709 0.055890 0.022115 0.008439 0.003196 0.001288 0.000628 0.000411 0.000343 0.000322 0.000316 0.000315 0.000314 0.000314 0.000314 0.000314 0.000314 0.000314 0.000314 0.000314 0.000314 0.000314 0.000314 0.000314 0.000314 0.000314 0.000314 0.000314 0.000313 0.000311 0.000308 0.000301 0.000290 0.000270 0.000240 0.000197 0.000141 0.000074 0.000000 
50.000000 38.974445 28.789560 20.094175 13.226224 8.200698 4.787892 2.632678 1.364238 0.666887 0.307918 0.134492 0.055673 0.021898 0.008222 0.002978 0.001071 0.000411 0.000194 0.000125 0.000105 0.000099 0.000097 0.000097 0.000097 0.000097 0.000097 0.000097 0.000097 0.000097 0.000097 0.000097 0.000097 0.000097 0.000097 0.000097 0.000097 0.000097 0.000097 0.000096 0.000096 0.000095 0.000093 0.000089 0.000083 0.000074 0.000061 0.000043 0.000023 0.000000 
50.000000 38.974430 28.789531 20.094134 13.226174 8.200640 4.787830 2.632613 1.364171 0.666820 0.307850 0.134424 0.055605 0.021830 0.008154 0.002910 0.001003 0.000343 0.000125 0.000057 0.000037 0.000031 0.000029 0.000029 0.000029 0.000029 0.000029 0.000029 0.000029 0.000029 0.000029 0.000029 0.000029 0.000029 0.000029 0.000029 0.000029 0.000029 0.000029 0.000028 0.000028 0.000028 0.000027 0.000026 0.000025 0.000022 0.000018 0.000013 0.000007 0.000000 
50.000000 38.974425 28.789522 20.094121 13.226159 8.200623 4.787811 2.632594 1.364151 0.666799 0.307829 0.134403 0.055584 0.021809 0.008133 0.002890 0.000982 0.000322 0.000105 0.000037 0.000016 0.000010 0.000009 0.000008 0.000008 0.000008 0.000008 0.000008 0.000008 0.000008 0.000008 0.000008 0.000008 0.000008 0.000008 0.000008 0.000008 0.000008 0.000008 0.000008 0.000008 0.000008 0.000008 0.000007 0.000007 0.000006 0.000005 0.000004 0.000002 0.000000 
50.000000 38.974424 28.789519 20.094118 13.226154 8.200618 4.787806 2.632588 1.364146 0.666794 0.307823 0.134397 0.055578 0.021803 0.008127 0.002884 0.000976 0.000316 0.000099 0.000031 0.000010 0.000004 0.000003 0.000002 0.000002 0.000002 0.000002 0.000002 0.000002 0.000002 0.000002 0.000002 0.000002 0.000002 0.000002 0.000002 0.000002 0.000002 0.000002 0.000002 0.000002 0.000002 0.000002 0.000002 0.000002 0.000002 0.000001 0.000001 0.000001 0.000000 
50.000000 38.974423 28.789519 20.094117 13.226153 8.200617 4.787804 2.632587 1.364144 0.666792 0.307822 0.134396 0.055577 0.021802 0.008126 0.002882 0.000975 0.000315 0.000097 0.000029 0.000009 0.000003 0.000001 0.000001 0.000001 0.000001 0.000001 0.000001 0.000001 0.000001 0.000001 0.000001 0.000001 0.000001 0.000001 0.000001 0.000001 0.000001 0.000001 0.000001 0.000001 0.000001 0.000001 0.000001 0.000000 0.000000 0.000000 0.000000 0.000000 0.000000 
50.000000 38.974423 28.789518 20.094116 13.226153 8.200617 4.787804 2.632586 1.364144 0.666791 0.307821 0.134395 0.055576 0.021801 0.008125 0.002882 0.000974 0.000314 0.000097 0.000029 0.000008 0.000002 0.000001 0.000000 0.000000 0.000000 0.000000 0.000000 0.000000 0.000000 0.000000 0.000000 0.000000 0.000000 0.000000 0.000000 0.000000 0.000000 0.000000 0.000000 0.000000 0.000000 0.000000 0.000000 0.000000 0.000000 0.000000 0.000000 0.000000 0.000000 
50.000000 38.974423 28.789518 20.094116 13.226153 8.200616 4.787804 2.632586 1.364144 0.666791 0.307821 0.134395 0.055576 0.021801 0.008125 0.002882 0.000974 0.000314 0.000097 0.000029 0.000008 0.000002 0.000001 0.000000 0.000000 0.000000 0.000000 0.000000 0.000000 0.000000 0.000000 0.000000 0.000000 0.000000 0.000000 0.000000 0.000000 0.000000 0.000000 0.000000 0.000000 0.000000 0.000000 0.000000 0.000000 0.000000 0.000000 0.000000 0.000000 0.000000 
50.000000 38.974423 28.789518 20.094116 13.226153 8.200616 4.787804 2.632586 1.364144 0.666791 0.307821 0.134395 0.055576 0.021801 0.008125 0.002882 0.000974 0.000314 0.000097 0.000029 0.000008 0.000002 0.000001 0.000000 0.000000 0.000000 0.000000 0.000000 0.000000 0.000000 0.000000 0.000000 0.000000 0.000000 0.000000 0.000000 0.000000 0.000000 0.000000 0.000000 0.000000 0.000000 0.000000 0.000000 0.000000 0.000000 0.000000 0.000000 0.000000 0.000000 
50.000000 38.974423 28.789518 20.094116 13.226153 8.200617 4.787804 2.632586 1.364144 0.666791 0.307821 0.134395 0.055576 0.021801 0.008125 0.002882 0.000974 0.000314 0.000097 0.000029 0.000008 0.000002 0.000001 0.000000 0.000000 0.000000 0.000000 0.000000 0.000000 0.000000 0.000000 0.000000 0.000000 0.000000 0.000000 0.000000 0.000000 0.000000 0.000000 0.000000 0.000000 0.000000 0.000000 0.000000 0.000000 0.000000 0.000000 0.000000 0.000000 0.000000 
50.000000 38.974423 28.789519 20.094117 13.226153 8.200617 4.787804 2.632587 1.364144 0.666792 0.307822 0.134396 0.055577 0.021802 0.008126 0.002882 0.000975 0.000315 0.000097 0.000029 0.000009 0.000003 0.000001 0.000001 0.000001 0.000001 0.000001 0.000001 0.000001 0.000001 0.000001 0.000001 0.000001 0.000001 0.000001 0.000001 0.000001 0.000001 0.000001 0.000001 0.000001 0.000001 0.000001 0.000001 0.000000 0.000000 0.000000 0.000000 0.000000 0.000000 
50.000000 38.974424 28.789519 20.094118 13.226154 8.200618 4.787806 2.632588 1.364146 0.666794 0.307823 0.134397 0.055578 0.021803 0.008127 0.002884 0.000976 0.000316 0.000099 0.000031 0.000010 0.000004 0.000003 0.000002 0.000002 0.000002 0.000002 0.000002 0.000002 0.000002 0.000002 0.000002 0.000002 0.000002 0.000002 0.000002 0.000002 0.000002 0.000002 0.000002 0.000002 0.000002 0.000002 0.000002 0.000002 0.000002 0.000001 0.000001 0.000001 0.000000 
50.000000 38.974425 28.789522 20.094121 13.226159 8.200623 4.787811 2.632594 1.364151 0.666799 0.307829 0.134403 0.055584 0.021809 0.008133 0.002890 0.000982 0.000322 0.000105 0.000037 0.000016 0.000010 0.000009 0.000008 0.000008 0.000008 0.000008 0.000008 0.000008 0.000008 0.000008 0.000008 0.000008 0.000008 0.000008 0.000008 0.000008 0.000008 0.000008 0.000008 0.000008 0.000008 0.000008 0.000007 0.000007 0.000006 0.000005 0.000004 0.000002 0.000000 
50.000000 38.974430 28.789531 20.094134 13.226174 8.200640 4.787830 2.632613 1.364171 0.666820 0.307850 0.134424 0.055605 0.021830 0.008154 0.002910 0.001003 0.000343 0.000125 0.000057 0.000037 0.000031 0.000029 0.000029 0.000029 0.000029 0.000029 0.000029 0.000029 0.000029 0.000029 0.000029 0.000029 0.000029 0.000029 0.000029 0.000029 0.000029 0.000029 0.000028 0.000028 0.000028 0.000027 0.000026 0.000025 0.000022 0.000018 0.000013 0.000007 0.000000 
50.000000 38.974445 28.789560 20.094175 13.226224 8.200698 4.787892 2.632678 1.364238 0.666887 0.307918 0.134492 0.055673 0.021898 0.008222 0.002978 0.001071 0.000411 0.000194 0.000125 0.000105 0.000099 0.000097 0.000097 0.000097 0.000097 0.000097 0.000097 0.000097 0.000097 0.000097 0.000097 0.000097 0.000097 0.000097 0.000097 0.000097 0.000097 0.000097 0.000096 0.000096 0.000095 0.000093 0.000089 0.000083 0.000074 0.000061 0.000043 0.000023 0.000000 
50.000000 38.974493 28.789652 20.094305 13.226385 8.200880 4.788089 2.632884 1.364449 0.667102 0.308134 0.134709 0.055890 0.022115 0.008439 0.003196 0.001288 0.000628 0.000411 0.000343 0.000322 0.000316 0.000315 0.000314 0.000314 0.000314 0.000314 0.000314 0.000314 0.000314 0.000314 0.000314 0.000314 0.000314 0.000314 0.000314 0.000314 0.000314 0.000314 0.000313 0.000311 0.000308 0.000301 0.000290 0.000270 0.000240 0.000197 0.000141 0.000074 0.000000 
50.000000 38.974639 28.789934 20.094702 13.226872 8.201433 4.788687 2.633510 1.365092 0.667753 0.308789 0.135367 0.056549 0.022775 0.009099 0.003855 0.001948 0.001288 0.001071 0.001003 0.000982 0.000976 0.000975 0.000974 0.000974 0.000974 0.000974 0.000974 0.000974 0.000974 0.000974 0.000974 0.000974 0.000974 0.000974 0.000974 0.000974 0.000973 0.000972 0.000970 0.000965 0.000955 0.000935 0.000899 0.000838 0.000745 0.000612 0.000438 0.000229 0.000000 
50.000000 38.975062 28.790747 20.095848 13.228280 8.203032 4.790415 2.635320 1.366949 0.669636 0.310686 0.137269 0.058455 0.024682 0.011006 0.005763 0.003855 0.003196 0.002978 0.002910 0.002890 0.002884 0.002882 0.002882 0.002882 0.002882 0.002882 0.002882 0.002882 0.002882 0.002882 0.002882 0.002882 0.002882 0.002882 0.002881 0.002881 0.002880 0.002877 0.002871 0.002856 0.002826 0.002768 0.002662 0.002486 0.002211 0.001818 0.001302 0.000681 0.000000 
50.000000 38.976224 28.792981 20.098996 13.232148 8.207426 4.795165 2.640293 1.372053 0.674812 0.315898 0.142500 0.063693 0.029923 0.016249 0.011006 0.009099 0.008439 0.008222 0.008154 0.008133 0.008127 0.008126 0.008125 0.008125 0.008125 0.008125 0.008125 0.008125 0.008125 0.008125 0.008125 0.008125 0.008125 0.008125 0.008125 0.008123 0.008120 0.008113 0.008095 0.008055 0.007973 0.007812 0.007519 0.007026 0.006256 0.005150 0.003691 0.001932 0.000000 
50.000000 38.979252 28.798805 20.107203 13.242234 8.218883 4.807550 2.653262 1.385364 0.688310 0.329493 0.156140 0.077354 0.043593 0.029923 0.024682 0.022775 0.022115 0.021898 0.021830 0.021809 0.021803 0.021802 0.021801 0.021801 0.021801 0.021801 0.021801 0.021801 0.021801 0.021801 0.021801 0.021801 0.021801 0.021801 0.021800 0.021797 0.021789 0.021769 0.021723 0.021620 0.021405 0.020983 0.020212 0.018905 0.016855 0.013893 0.009969 0.005224 0.000000 
50.000000 38.986727 28.813180 20.127463 13.267134 8.247170 4.838130 2.685287 1.418236 0.721646 0.363066 0.189827 0.111093 0.077354 0.063693 0.058455 0.056549 0.055890 0.055673 0.055605 0.055584 0.055578 0.055577 0.055576 0.055576 0.055576 0.055576 0.055576 0.055576 0.055576 0.055576 0.055576 0.055576 0.055576 0.055575 0.055572 0.055565 0.055547 0.055499 0.055387 0.055134 0.054604 0.053558 0.051637 0.048358 0.043179 0.035650 0.025622 0.013440 0.000000 
50.000000 39.004161 28.846711 20.174722 13.325220 8.313164 4.909482 2.760012 1.494941 0.799435 0.441411 0.268440 0.189827 0.156140 0.142500 0.137269 0.135367 0.134709 0.134492 0.134424 0.134403 0.134397 0.134396 0.134395 0.134395 0.134395 0.134395 0.134395 0.134395 0.134395 0.134395 0.134395 0.134395 0.134394 0.134392 0.134387 0.134371 0.134328 0.134220 0.133962 0.133381 0.132151 0.129710 0.125191 0.117417 0.105040 0.086906 0.062582 0.032875 0.000000 
50.000000 39.042502 28.920454 20.278665 13.452986 8.458334 5.066448 2.924410 1.663701 0.970587 0.613791 0.441411 0.363066 0.329493 0.315898 0.310686 0.308789 0.308134 0.307918 0.307850 0.307829 0.307823 0.307822 0.307821 0.307821 0.307821 0.307821 0.307821 0.307821 0.307821 0.307821 0.307821 0.307821 0.307819 0.307815 0.307803 0.307770 0.307679 0.307449 0.306896 0.305641 0.302964 0.297612 0.287616 0.270253 0.242339 0.201035 0.145136 0.076386 0.000000 
50.000000 39.121824 29.073025 20.493729 13.717362 8.758745 5.391290 3.264653 2.012989 1.324836 0.970587 0.799435 0.721646 0.688310 0.674812 0.669636 0.667753 0.667102 0.666887 0.666820 0.666799 0.666794 0.666792 0.666791 0.666791 0.666791 0.666791 0.666791 0.666791 0.666791 0.666791 0.666791 0.666790 0.666788 0.666780 0.666756 0.666690 0.666511 0.666054 0.664947 0.662418 0.656980 0.646002 0.625284 0.588881 0.529637 0.440884 0.319368 0.168514 0.000000 
50.000000 39.275849 29.369293 20.911374 14.230798 9.342204 6.022242 3.925553 2.691486 2.012989 1.663701 1.494941 1.418236 1.385364 1.372053 1.366949 1.365092 1.364449 1.364238 1.364171 1.364151 1.364146 1.364144 1.364144 1.364144 1.364144 1.364144 1.364144 1.364144 1.364144 1.364143 1.364143 1.364142 1.364137 1.364123 1.364080 1.363960 1.363632 1.362790 1.360738 1.356010 1.345743 1.324790 1.284747 1.213398 1.095505 0.916076 0.666636 0.353005 0.000000 
50.000000 39.555897 29.907983 21.670793 15.164456 10.403260 7.169733 5.127569 3.925553 3.264653 2.924410 2.760012 2.685287 2.653262 2.640293 2.635320 2.633510 2.632884 2.632678 2.632613 2.632594 2.632588 2.632587 2.632586 2.632586 2.632586 2.632586 2.632586 2.632586 2.632586 2.632586 2.632585 2.632583 2.632576 2.632552 2.632481 2.632279 2.631729 2.630302 2.626798 2.618651 2.600763 2.563784 2.492056 2.362056 2.143128 1.803052 1.320515 0.702893 0.000000 
50.000000 40.031548 30.822957 22.960738 16.750447 12.205764 9.119174 7.169733 6.022242 5.391290 5.066448 4.909482 4.838130 4.807550 4.795165 4.790415 4.788687 4.788089 4.787892 4.787830 4.787811 4.787806 4.787804 4.787804 4.787804 4.787804 4.787804 4.787804 4.787804 4.787804 4.787803 4.787802 4.787799 4.787788 4.787752 4.787645 4.787338 4.786493 4.784291 4.778832 4.766006 4.737495 4.677677 4.559587 4.341090 3.964234 3.363017 2.485762 1.333657 0.000000 
50.000000 40.784496 32.271386 25.002836 19.261333 15.059569 12.205764 10.403260 9.342204 8.758745 8.458334 8.313164 8.247170 8.218883 8.207426 8.203032 8.201433 8.200880 8.200698 8.200640 8.200623 8.200618 8.200617 8.200617 8.200616 8.200616 8.200616 8.200616 8.200616 8.200616 8.200616 8.200615 8.200610 8.200595 8.200547 8.200401 8.199978 8.198813 8.195748 8.188081 8.169864 8.128806 8.041204 7.864674 7.529785 6.934597 5.951172 4.459314 2.423270 0.000000 
50.000000 41.892933 34.403707 28.009239 22.958044 19.261333 16.750447 15.164456 14.230798 13.717362 13.452986 13.325220 13.267134 13.242234 13.232148 13.228280 13.226872 13.226385 13.226224 13.226174 13.226159 13.226154 13.226153 13.226153 13.226153 13.226153 13.226153 13.226153 13.226153 13.226153 13.226152 13.226150 13.226145 13.226127 13.226069 13.225892 13.225380 13.223955 13.220180 13.210647 13.187725 13.135294 13.021327 12.786212 12.326736 11.479022 10.012063 7.660945 4.255598 0.000000 
50.000000 43.407383 37.317135 32.117055 28.009239 25.002836 22.960738 21.670793 20.911374 20.493729 20.278665 20.174722 20.127463 20.107203 20.098996 20.095848 20.094702 20.094305 20.094175 20.094134 20.094121 20.094118 20.094117 20.094116 20.094116 20.094116 20.094116 20.094116 20.094116 20.094116 20.094116 20.094114 20.094108 20.094090 20.094030 20.093846 20.093310 20.091813 20.087816 20.077629 20.052846 19.995299 19.867741 19.597721 19.051665 17.997176 16.058527 12.697911 7.344189 0.000000 
50.000000 45.324454 41.005162 37.317135 34.403707 32.271386 30.822957 29.907983 29.369293 29.073025 28.920454 28.846711 28.813180 28.798805 28.792981 28.790747 28.789934 28.789652 28.789560 28.789531 28.789522 28.789519 28.789519 28.789518 28.789518 28.789518 28.789518 28.789518 28.789518 28.789518 28.789518 28.789516 28.789512 28.789496 28.789445 28.789290 28.788836 28.787559 28.784129 28.775318 28.753657 28.702658 28.587469 28.337195 27.812072 26.742762 24.619224 20.502581 12.825868 0.000000 
50.000000 47.569642 45.324454 43.407383 41.892933 40.784496 40.031548 39.555897 39.275849 39.121824 39.042502 39.004161 38.986727 38.979252 38.976224 38.975062 38.974639 38.974493 38.974445 38.974430 38.974425 38.974424 38.974423 38.974423 38.974423 38.974423 38.974423 38.974423 38.974423 38.974423 38.974423 38.974422 38.974420 38.974410 38.974381 38.974292 38.974029 38.973287 38.971286 38.966116 38.953310 38.922844 38.853003 38.697891 38.361226 37.637336 36.063194 32.498586 23.784821 0.000000 
50.000000 50.000000 50.000000 50.000000 50.000000 50.000000 50.000000 50.000000 50.000000 50.000000 50.000000 50.000000 50.000000 50.000000 50.000000 50.000000 50.000000 50.000000 50.000000 50.000000 50.000000 50.000000 50.000000 50.000000 50.000000 50.000000 50.000000 50.000000 50.000000 50.000000 50.000000 50.000000 50.000000 50.000000 50.000000 50.000000 50.000000 50.000000 50.000000 50.000000 50.000000 50.000000 50.000000 50.000000 50.000000 50.000000 50.000000 50.000000 50.000000 50.000000 
