50.000000 50.000000 50.000000 50.000000 50.000000 50.000000 50.000000 50.000000 50.000000 50.000000 50.000000 50.000000 50.000000 50.000000 50.000000 50.000000 50.000000 50.000000 50.000000 50.000000 50.000000 50.000000 50.000000 50.000000 50.000000 50.000000 50.000000 50.000000 50.000000 50.000000 50.000000 50.000000 50.000000 50.000000 50.000000 50.000000 50.000000 50.000000 50.000000 50.000000 50.000000 50.000000 50.000000 50.000000 50.000000 50.000000 50.000000 50.000000 50.000000 50.000000 
50.000000 48.088873 46.292311 44.704312 43.383880 42.350325 41.588107 41.057958 40.709785 40.493603 40.366531 40.295722 40.258262 40.239422 40.230401 40.226283 40.224487 40.223739 40.223441 40.223327 40.223285 40.223270 40.223265 40.223264 40.223263 40.223263 40.223263 40.223263 40.223263 40.223262 40.223260 40.223253 40.223233 40.223178 40.223032 40.222654 40.221715 40.219464 40.214255 40.202617 40.177456 40.124687 40.016874 39.800918 39.372691 38.519639 36.775012 33.000156 24.044436 0.000000 
50.000000 46.292311 42.806894 39.726113 37.164439 35.159333 33.680640 32.652169 31.976736 31.557366 31.310864 31.173505 31.100842 31.064297 31.046799 31.038810 31.035329 31.033878 31.033299 31.033078 31.032997 31.032968 31.032958 31.032955 31.032954 31.032954 31.032954 31.032954 31.032953 31.032952 31.032948 31.032935 31.032900 31.032802 31.032540 31.031866 31.030195 31.026202 31.017002 30.996558 30.952681 30.861586 30.678145 30.318531 29.628888 28.327533 25.897741 21.403447 13.292155 0.000000 
50.000000 44.704312 39.726113 35.325883 31.667127 28.803336 26.691431 25.222575 24.257948 23.659034 23.307008 23.110855 23.007092 22.954908 22.929922 22.918516 22.913545 22.911474 22.910648 22.910332 22.910216 22.910175 22.910161 22.910157 22.910155 22.910155 22.910155 22.910154 22.910154 22.910152 22.910147 22.910131 22.910087 22.909964 22.909638 22.908801 22.906734 22.901817 22.890561 22.865742 22.813029 22.705091 22.491784 22.084432 21.331792 19.985993 17.662942 13.828372 7.929300 0.000000 
50.000000 43.383880 37.164439 31.667127 27.096214 23.518522 20.880206 19.045271 17.840266 17.092133 16.652415 16.407408 16.277808 16.212632 16.181427 16.167183 16.160975 16.158389 16.157357 16.156963 16.156818 16.156767 16.156750 16.156744 16.156743 16.156742 16.156742 16.156742 16.156741 16.156739 16.156734 16.156718 16.156672 16.156545 16.156208 16.155348 16.153235 16.148239 16.136884 16.112084 16.060033 15.955072 15.751758 15.373604 14.699036 13.548107 11.681133 8.836906 4.864241 0.000000 
50.000000 42.350325 35.159333 28.803336 23.518522 19.382132 16.331885 14.210513 12.817450 11.952589 11.444285 11.161074 11.011272 10.935941 10.899875 10.883413 10.876239 10.873250 10.872058 10.871602 10.871435 10.871376 10.871356 10.871350 10.871348 10.871347 10.871347 10.871347 10.871346 10.871345 10.871340 10.871325 10.871283 10.871168 10.870864 10.870091 10.868202 10.863766 10.853766 10.832139 10.787303 10.698272 10.529117 10.222094 9.691066 8.819486 7.471545 5.530445 2.977635 0.000000 
50.000000 41.588107 33.680640 26.691431 20.880206 16.331885 12.977952 10.645439 9.113772 8.162896 7.604059 7.292706 7.128026 7.045217 7.005573 6.987479 6.979594 6.976309 6.974999 6.974499 6.974315 6.974250 6.974228 6.974221 6.974219 6.974218 6.974218 6.974218 6.974217 6.974216 6.974212 6.974200 6.974165 6.974072 6.973825 6.973201 6.971685 6.968148 6.960241 6.943307 6.908620 6.840736 6.714030 6.488976 6.109791 5.506602 4.606999 3.362109 1.787190 0.000000 
50.000000 41.057958 32.652169 25.222575 19.045271 14.210513 10.645439 8.166150 6.538149 5.527500 4.933555 4.602656 4.427643 4.339643 4.297516 4.278289 4.269911 4.266421 4.265030 4.264498 4.264303 4.264234 4.264211 4.264203 4.264201 4.264200 4.264200 4.264199 4.264199 4.264198 4.264195 4.264186 4.264160 4.264091 4.263908 4.263449 4.262338 4.259765 4.254058 4.241952 4.217430 4.170075 4.083075 3.931409 3.681395 3.293513 2.730791 1.974024 1.041084 0.000000 
50.000000 40.709785 31.976736 24.257948 17.840266 12.817450 9.113772 6.538149 4.846933 3.797070 3.180098 2.836380 2.654595 2.563193 2.519439 2.499470 2.490770 2.487145 2.485700 2.485148 2.484945 2.484874 2.484849 2.484842 2.484839 2.484838 2.484838 2.484838 2.484838 2.484837 2.484835 2.484829 2.484811 2.484763 2.484639 2.484327 2.483577 2.481851 2.478050 2.470059 2.454038 2.423466 2.368074 2.273037 2.119177 1.885194 1.552857 1.115150 0.585097 0.000000 
50.000000 40.493603 31.557366 23.659034 17.092133 11.952589 8.162896 5.527500 3.797070 2.722887 2.091638 1.739975 1.553994 1.460484 1.415723 1.395295 1.386394 1.382687 1.381208 1.380644 1.380436 1.380363 1.380339 1.380330 1.380328 1.380327 1.380327 1.380327 1.380327 1.380326 1.380325 1.380321 1.380310 1.380279 1.380200 1.380004 1.379533 1.378457 1.376103 1.371195 1.361443 1.343032 1.310070 1.254276 1.165286 1.032100 0.846005 0.604685 0.316147 0.000000 
50.000000 40.366531 31.310864 23.307008 16.652415 11.444285 7.604059 4.933555 3.180098 2.091638 1.452010 1.095687 0.907244 0.812498 0.767147 0.746450 0.737432 0.733676 0.732178 0.731606 0.731396 0.731322 0.731297 0.731289 0.731286 0.731286 0.731285 0.731285 0.731285 0.731285 0.731284 0.731282 0.731275 0.731257 0.731210 0.731094 0.730819 0.730191 0.728828 0.726005 0.720443 0.710038 0.691603 0.660751 0.612146 0.540331 0.441266 0.314306 0.163914 0.000000 
50.000000 40.295722 31.173505 23.110855 16.407408 11.161074 7.292706 4.602656 2.836380 1.739975 1.095687 0.736771 0.546960 0.451528 0.405849 0.385002 0.375920 0.372137 0.370629 0.370052 0.369841 0.369766 0.369741 0.369733 0.369730 0.369729 0.369729 0.369729 0.369729 0.369729 0.369728 0.369727 0.369723 0.369713 0.369687 0.369623 0.369471 0.369128 0.368386 0.366859 0.363872 0.358330 0.348597 0.332465 0.307308 0.270524 0.220294 0.156503 0.081466 0.000000 
50.000000 40.258262 31.100842 23.007092 16.277808 11.011272 7.128026 4.427643 2.654595 1.553994 0.907244 0.546960 0.356427 0.260633 0.214780 0.193856 0.184739 0.180942 0.179428 0.178849 0.178637 0.178562 0.178537 0.178529 0.178526 0.178525 0.178525 0.178525 0.178525 0.178525 0.178524 0.178524 0.178522 0.178517 0.178503 0.178470 0.178391 0.178213 0.177832 0.177052 0.175537 0.172745 0.167878 0.159877 0.147505 0.129569 0.105275 0.074640 0.038798 0.000000 
50.000000 40.239422 31.064297 22.954908 16.212632 10.935941 7.045217 4.339643 2.563193 1.460484 0.812498 0.451528 0.260633 0.164658 0.118718 0.097754 0.088620 0.084816 0.083299 0.082720 0.082507 0.082432 0.082407 0.082398 0.082396 0.082395 0.082395 0.082395 0.082395 0.082395 0.082395 0.082394 0.082393 0.082391 0.082384 0.082367 0.082329 0.082242 0.082057 0.081680 0.080951 0.079616 0.077305 0.073532 0.067738 0.059398 0.048174 0.034102 0.017707 0.000000 
50.000000 40.230401 31.046799 22.929922 16.181427 10.899875 7.005573 4.297516 2.519439 1.415723 0.767147 0.405849 0.214780 0.118718 0.072738 0.051755 0.042613 0.038805 0.037287 0.036707 0.036494 0.036419 0.036394 0.036385 0.036383 0.036382 0.036382 0.036382 0.036382 0.036382 0.036382 0.036381 0.036381 0.036380 0.036377 0.036369 0.036351 0.036311 0.036225 0.036052 0.035719 0.035112 0.034068 0.032372 0.029784 0.026079 0.021121 0.014932 0.007747 0.000000 
50.000000 40.226283 31.038810 22.918516 16.167183 10.883413 6.987479 4.278289 2.499470 1.395295 0.746450 0.385002 0.193856 0.097754 0.051755 0.030763 0.021618 0.017808 0.016290 0.015709 0.015496 0.015421 0.015396 0.015388 0.015385 0.015384 0.015384 0.015384 0.015384 0.015384 0.015384 0.015384 0.015384 0.015383 0.015382 0.015378 0.015370 0.015353 0.015315 0.015239 0.015094 0.014831 0.014381 0.013653 0.012549 0.010975 0.008878 0.006270 0.003251 0.000000 
50.000000 40.224487 31.035329 22.913545 16.160975 10.876239 6.979594 4.269911 2.490770 1.386394 0.737432 0.375920 0.184739 0.088620 0.042613 0.021618 0.012470 0.008660 0.007141 0.006561 0.006348 0.006273 0.006248 0.006239 0.006237 0.006236 0.006236 0.006236 0.006236 0.006236 0.006236 0.006235 0.006235 0.006235 0.006235 0.006233 0.006230 0.006222 0.006207 0.006175 0.006115 0.006006 0.005821 0.005522 0.005071 0.004430 0.003580 0.002527 0.001309 0.000000 
50.000000 40.223739 31.033878 22.911474 16.158389 10.873250 6.976309 4.266421 2.487145 1.382687 0.733676 0.372137 0.180942 0.084816 0.038805 0.017808 0.008660 0.004850 0.003331 0.002751 0.002538 0.002463 0.002437 0.002429 0.002426 0.002425 0.002425 0.002425 0.002425 0.002425 0.002425 0.002425 0.002425 0.002425 0.002425 0.002424 0.002423 0.002420 0.002414 0.002401 0.002377 0.002334 0.002261 0.002144 0.001967 0.001717 0.001387 0.000978 0.000506 0.000000 
50.000000 40.223441 31.033299 22.910648 16.157357 10.872058 6.974999 4.265030 2.485700 1.381208 0.732178 0.370629 0.179428 0.083299 0.037287 0.016290 0.007141 0.003331 0.001812 0.001231 0.001018 0.000943 0.000918 0.000910 0.000907 0.000906 0.000906 0.000906 0.000906 0.000906 0.000906 0.000906 0.000906 0.000906 0.000906 0.000906 0.000905 0.000904 0.000902 0.000897 0.000888 0.000871 0.000844 0.000799 0.000733 0.000640 0.000516 0.000364 0.000188 0.000000 
50.000000 40.223327 31.033078 22.910332 16.156963 10.871602 6.974499 4.264498 2.485148 1.380644 0.731606 0.370052 0.178849 0.082720 0.036707 0.015709 0.006561 0.002751 0.001231 0.000651 0.000438 0.000363 0.000337 0.000329 0.000326 0.000326 0.000325 0.000325 0.000325 0.000325 0.000325 0.000325 0.000325 0.000325 0.000325 0.000325 0.000325 0.000325 0.000324 0.000322 0.000319 0.000313 0.000303 0.000287 0.000263 0.000229 0.000185 0.000130 0.000067 0.000000 
50.000000 40.223285 31.032997 22.910216 16.156818 10.871435 6.974315 4.264303 2.484945 1.380436 0.731396 0.369841 0.178637 0.082507 0.036494 0.015496 0.006348 0.002538 0.001018 0.000438 0.000225 0.000150 0.000124 0.000116 0.000114 0.000113 0.000113 0.000112 0.000112 0.000112 0.000112 0.000112 0.000112 0.000112 0.000112 0.000112 0.000112 0.000112 0.000112 0.000111 0.000110 0.000108 0.000105 0.000099 0.000091 0.000079 0.000064 0.000045 0.000023 0.000000 
50.000000 40.223270 31.032968 22.910175 16.156767 10.871376 6.974250 4.264234 2.484874 1.380363 0.731322 0.369766 0.178562 0.082432 0.036419 0.015421 0.006273 0.002463 0.000943 0.000363 0.000150 0.000075 0.000049 0.000041 0.000039 0.000038 0.000038 0.000037 0.000037 0.000037 0.000037 0.000037 0.000037 0.000037 0.000037 0.000037 0.000037 0.000037 0.000037 0.000037 0.000037 0.000036 0.000035 0.000033 0.000030 0.000026 0.000021 0.000015 0.000008 0.000000 
50.000000 40.223265 31.032958 22.910161 16.156750 10.871356 6.974228 4.264211 2.484850 1.380339 0.731297 0.369741 0.178537 0.082407 0.036394 0.015396 0.006248 0.002437 0.000918 0.000337 0.000125 0.000049 0.000024 0.000016 0.000013 0.000012 0.000012 0.000012 0.000012 0.000012 0.000012 0.000012 0.000012 0.000012 0.000012 0.000012 0.000012 0.000012 0.000012 0.000012 0.000012 0.000012 0.000011 0.000011 0.000010 0.000008 0.000007 0.000005 0.000002 0.000000 
50.000000 40.223264 31.032955 22.910157 16.156744 10.871350 6.974221 4.264203 2.484842 1.380331 0.731289 0.369733 0.178529 0.082399 0.036386 0.015388 0.006239 0.002429 0.000910 0.000329 0.000116 0.000041 0.000016 0.000008 0.000005 0.000004 0.000004 0.000004 0.000004 0.000004 0.000004 0.000004 0.000004 0.000004 0.000004 0.000004 0.000004 0.000004 0.000004 0.000004 0.000004 0.000004 0.000004 0.000003 0.000003 0.000003 0.000002 0.000002 0.000001 0.000000 
50.000000 40.223263 31.032954 22.910155 16.156743 10.871348 6.974219 4.264201 2.484839 1.380328 0.731287 0.369730 0.178526 0.082396 0.036383 0.015385 0.006237 0.002427 0.000907 0.000327 0.000114 0.000039 0.000013 0.000005 0.000003 0.000002 0.000002 0.000001 0.000001 0.000001 0.000001 0.000001 0.000001 0.000001 0.000001 0.000001 0.000001 0.000001 0.000001 0.000001 0.000001 0.000001 0.000001 0.000001 0.000001 0.000001 0.000001 0.000001 0.000000 0.000000 
50.000000 40.223263 31.032954 22.910155 16.156743 10.871348 6.974219 4.264201 2.484839 1.380328 0.731287 0.369730 0.178526 0.082396 0.036383 0.015385 0.006237 0.002427 0.000907 0.000327 0.000114 0.000039 0.000013 0.000005 0.000003 0.000002 0.000002 0.000001 0.000001 0.000001 0.000001 0.000001 0.000001 0.000001 0.000001 0.000001 0.000001 0.000001 0.000001 0.000001 0.000001 0.000001 0.000001 0.000001 0.000001 0.000001 0.000001 0.000001 0.000000 0.000000 
50.000000 40.223264 31.032955 22.910157 16.156744 10.871350 6.974221 4.264203 2.484842 1.380331 0.731289 0.369733 0.178529 0.082399 0.036386 0.015388 0.006239 0.002429 0.000910 0.000329 0.000116 0.000041 0.000016 0.000008 0.000005 0.000004 0.000004 0.000004 0.000004 0.000004 0.000004 0.000004 0.000004 0.000004 0.000004 0.000004 0.000004 0.000004 0.000004 0.000004 0.000004 0.000004 0.000004 0.000003 0.000003 0.000003 0.000002 0.000002 0.000001 0.000000 
50.000000 40.223265 31.032958 22.910161 16.156750 10.871356 6.974228 4.264211 2.484850 1.380339 0.731297 0.369741 0.178537 0.082407 0.036394 0.015396 0.006248 0.002437 0.000918 0.000337 0.000125 0.000049 0.000024 0.000016 0.000013 0.000012 0.000012 0.000012 0.000012 0.000012 0.000012 0.000012 0.000012 0.000012 0.000012 0.000012 0.000012 0.000012 0.000012 0.000012 0.000012 0.000012 0.000011 0.000011 0.000010 0.000008 0.000007 0.000005 0.000002 0.000000 
50.000000 40.223270 31.032968 22.910175 16.156767 10.871376 6.974250 4.264234 2.484874 1.380363 0.731322 0.369766 0.178562 0.082432 0.036419 0.015421 0.006273 0.002463 0.000943 0.000363 0.000150 0.000075 0.000049 0.000041 0.000039 0.000038 0.000038 0.000037 0.000037 0.000037 0.000037 0.000037 0.000037 0.000037 0.000037 0.000037 0.000037 0.000037 0.000037 0.000037 0.000037 0.000036 0.000035 0.000033 0.000030 0.000026 0.000021 0.000015 0.000008 0.000000 
50.000000 40.223285 31.032997 22.910216 16.156818 10.871435 6.974315 4.264303 2.484945 1.380436 0.731396 0.369841 0.178637 0.082507 0.036494 0.015496 0.006348 0.002538 0.001018 0.000438 0.000225 0.000150 0.000124 0.000116 0.000114 0.000113 0.000113 0.000112 0.000112 0.000112 0.000112 0.000112 0.000112 0.000112 0.000112 0.000112 0.000112 0.000112 0.000112 0.000111 0.000110 0.000108 0.000105 0.000099 0.000091 0.000079 0.000064 0.000045 0.000023 0.000000 
50.000000 40.223327 31.033078 22.910332 16.156963 10.871602 6.974499 4.264498 2.485148 1.380644 0.731606 0.370052 0.178849 0.082720 0.036707 0.015709 0.006561 0.002751 0.001231 0.000651 0.000438 0.000363 0.000337 0.000329 0.000326 0.000326 0.000325 0.000325 0.000325 0.000325 0.000325 0.000325 0.000325 0.000325 0.000325 0.000325 0.000325 0.000325 0.000324 0.000322 0.000319 0.000313 0.000303 0.000287 0.000263 0.000229 0.000185 0.000130 0.000067 0.000000 
50.000000 40.223441 31.033299 22.910648 16.157357 10.872058 6.974999 4.265030 2.485700 1.381208 0.732178 0.370629 0.179428 0.083299 0.037287 0.016290 0.007141 0.003331 0.001812 0.001231 0.001018 0.000943 0.000918 0.000910 0.000907 0.000906 0.000906 0.000906 0.000906 0.000906 0.000906 0.000906 0.000906 0.000906 0.000906 0.000906 0.000905 0.000904 0.000902 0.000897 0.000888 0.000871 0.000844 0.000799 0.000733 0.000640 0.000516 0.000364 0.000188 0.000000 
50.000000 40.223739 31.033878 22.911474 16.158389 10.873250 6.976309 4.266421 2.487145 1.382687 0.733676 0.372137 0.180942 0.084816 0.038805 0.017808 0.008660 0.004850 0.003331 0.002751 0.002538 0.002463 0.002437 0.002429 0.002426 0.002425 0.002425 0.002425 0.002425 0.002425 0.002425 0.002425 0.002425 0.002425 0.002425 0.002424 0.002423 0.002420 0.002414 0.002401 0.002377 0.002334 0.002261 0.002144 0.001967 0.001717 0.001387 0.000978 0.000506 0.000000 
50.000000 40.224487 31.035329 22.913545 16.160975 10.876239 6.979594 4.269911 2.490770 1.386394 0.737432 0.375920 0.184739 0.088620 0.042613 0.021618 0.012470 0.008660 0.007141 0.006561 0.006348 0.006273 0.006248 0.006239 0.006237 0.006236 0.006236 0.006236 0.006236 0.006236 0.006236 0.006235 0.006235 0.006235 0.006235 0.006233 0.006230 0.006222 0.006207 0.006175 0.006115 0.006006 0.005821 0.005522 0.005071 0.004430 0.003580 0.002527 0.001309 0.000000 
50.000000 40.226283 31.038810 22.918516 16.167183 10.883413 6.987479 4.278289 2.499470 1.395295 0.746450 0.385002 0.193856 0.097754 0.051755 0.030763 0.021618 0.017808 0.016290 0.015709 0.015496 0.015421 0.015396 0.015388 0.015385 0.015384 0.015384 0.015384 0.015384 0.015384 0.015384 0.015384 0.015384 0.015383 0.015382 0.015378 0.015370 0.015353 0.015315 0.015239 0.015094 0.014831 0.014381 0.013653 0.012549 0.010975 0.008878 0.006270 0.003251 0.000000 
50.000000 40.230401 31.046799 22.929922 16.181427 10.899875 7.005573 4.297516 2.519439 1.415723 0.767147 0.405849 0.214780 0.118718 0.072738 0.051755 0.042613 0.038805 0.037287 0.036707 0.036494 0.036419 0.036394 0.036385 0.036383 0.036382 0.036382 0.036382 0.036382 0.036382 0.036382 0.036381 0.036381 0.036380 0.036377 0.036369 0.036351 0.036311 0.036225 0.036052 0.035719 0.035112 0.034068 0.032372 0.029784 0.026079 0.021121 0.014932 0.007747 0.000000 
50.000000 40.239422 31.064297 22.954908 16.212632 10.935941 7.045217 4.339643 2.563193 1.460484 0.812498 0.451528 0.260633 0.164658 0.118718 0.097754 0.088620 0.084816 0.083299 0.082720 0.082507 0.082432 0.082407 0.082398 0.082396 0.082395 0.082395 0.082395 0.082395 0.082395 0.082395 0.082394 0.082393 0.082391 0.082384 0.082367 0.082329 0.082242 0.082057 0.081680 0.080951 0.079616 0.077305 0.073532 0.067738 0.059398 0.048174 0.034102 0.017707 0.000000 
50.000000 40.258262 31.100842 23.007092 16.277808 11.011272 7.128026 4.427643 2.654595 1.553994 0.907244 0.546960 0.356427 0.260633 0.214780 0.193856 0.184739 0.180942 0.179428 0.178849 0.178637 0.178562 0.178537 0.178529 0.178526 0.178525 0.178525 0.178525 0.178525 0.178525 0.178524 0.178524 0.178522 0.178517 0.178503 0.178470 0.178391 0.178213 0.177832 0.177052 0.175537 0.172745 0.167878 0.159877 0.147505 0.129569 0.105275 0.074640 0.038798 0.000000 
50.000000 40.295722 31.173505 23.110855 16.407408 11.161074 7.292706 4.602656 2.836380 1.739975 1.095687 0.736771 0.546960 0.451528 0.405849 0.385002 0.375920 0.372137 0.370629 0.370052 0.369841 0.369766 0.369741 0.369733 0.369730 0.369729 0.369729 0.369729 0.369729 0.369729 0.369728 0.369727 0.369723 0.369713 0.369687 0.369623 0.369471 0.369128 0.368386 0.366859 0.363872 0.358330 0.348597 0.332465 0.307308 0.270524 0.220294 0.156503 0.081466 0.000000 
50.000000 40.366531 31.310864 23.307008 16.652415 11.444285 7.604059 4.933555 3.180098 2.091638 1.452010 1.095687 0.907244 0.812498 0.767147 0.746450 0.737432 0.733676 0.732178 0.731606 0.731396 0.731322 0.731297 0.731289 0.731286 0.731286 0.731285 0.731285 0.731285 0.731285 0.731284 0.731282 0.731275 0.731257 0.731210 0.731094 0.730819 0.730191 0.728828 0.726005 0.720443 0.710038 0.691603 0.660751 0.612146 0.540331 0.441266 0.314306 0.163914 0.000000 
50.000000 40.493603 31.557366 23.659034 17.092133 11.952589 8.162896 5.527500 3.797070 2.722887 2.091638 1.739975 1.553994 1.460484 1.415723 1.395295 1.386394 1.382687 1.381208 1.380644 1.380436 1.380363 1.380339 1.380330 1.380328 1.380327 1.380327 1.380327 1.380327 1.380326 1.380325 1.380321 1.380310 1.380279 1.380200 1.380004 1.379533 1.378457 1.376103 1.371195 1.361443 1.343032 1.310070 1.254276 1.165286 1.032100 0.846005 0.604685 0.316147 0.000000 
50.000000 40.709785 31.976736 24.257948 17.840266 12.817450 9.113772 6.538149 4.846933 3.797070 3.180098 2.836380 2.654595 2.563193 2.519439 2.499470 2.490770 2.487145 2.485700 2.485148 2.484945 2.484874 2.484849 2.484842 2.484839 2.484838 2.484838 2.484838 2.484838 2.484837 2.484835 2.484829 2.484811 2.484763 2.484639 2.484327 2.483577 2.481851 2.478050 2.470059 2.454038 2.423466 2.368074 2.273037 2.119177 1.885194 1.552857 1.115150 0.585097 0.000000 
50.000000 41.057958 32.652169 25.222575 19.045271 14.210513 10.645439 8.166150 6.538149 5.527500 4.933555 4.602656 4.427643 4.339643 4.297516 4.278289 4.269911 4.266421 4.265030 4.264498 4.264303 4.264234 4.264211 4.264203 4.264201 4.264200 4.264200 4.264199 4.264199 4.264198 4.264195 4.264186 4.264160 4.264091 4.263908 4.263449 4.262338 4.259765 4.254058 4.241952 4.217430 4.170075 4.083075 3.931409 3.681395 3.293513 2.730791 1.974024 1.041084 0.000000 
50.000000 41.588107 33.680640 26.691431 20.880206 16.331885 12.977952 10.645439 9.113772 8.162896 7.604059 7.292706 7.128026 7.045217 7.005573 6.987479 6.979594 6.976309 6.974999 6.974499 6.974315 6.974250 6.974228 6.974221 6.974219 6.974218 6.974218 6.974218 6.974217 6.974216 6.974212 6.974200 6.974165 6.974072 6.973825 6.973201 6.971685 6.968148 6.960241 6.943307 6.908620 6.840736 6.714030 6.488976 6.109791 5.506602 4.606999 3.362109 1.787190 0.000000 
50.000000 42.350325 35.159333 28.803336 23.518522 19.382132 16.331885 14.210513 12.817450 11.952589 11.444285 11.161074 11.011272 10.935941 10.899875 10.883413 10.876239 10.873250 10.872058 10.871602 10.871435 10.871376 10.871356 10.871350 10.871348 10.871347 10.871347 10.871347 10.871346 10.871345 10.871340 10.871325 10.871283 10.871168 10.870864 10.870091 10.868202 10.863766 10.853766 10.832139 10.787303 10.698272 10.529117 10.222094 9.691066 8.819486 7.471545 5.530445 2.977635 0.000000 
50.000000 43.383880 37.164439 31.667127 27.096214 23.518522 20.880206 19.045271 17.840266 17.092133 16.652415 16.407408 16.277808 16.212632 16.181427 16.167183 16.160975 16.158389 16.157357 16.156963 16.156818 16.156767 16.156750 16.156744 16.156743 16.156742 16.156742 16.156742 16.156741 16.156739 16.156734 16.156718 16.156672 16.156545 16.156208 16.155348 16.153235 16.148239 16.136884 16.112084 16.060033 15.955072 15.751758 15.373604 14.699036 13.548107 11.681133 8.836906 4.864241 0.000000 
50.000000 44.704312 39.726113 35.325883 31.667127 28.803336 26.691431 25.222575 24.257948 23.659034 23.307008 23.110855 23.007092 22.954908 22.929922 22.918516 22.913545 22.911474 22.910648 22.910332 22.910216 22.910175 22.910161 22.910157 22.910155 22.910155 22.910155 22.910154 22.910154 22.910152 22.910147 22.910131 22.910087 22.909964 22.909638 22.908801 22.906734 22.901817 22.890561 22.865742 22.813029 22.705091 22.491784 22.084432 21.331792 19.985993 17.662942 13.828372 7.929300 0.000000 
50.000000 46.292311 42.806894 39.726113 37.164439 35.159333 33.680640 32.652169 31.976736 31.557366 31.310864 31.173505 31.100842 31.064297 31.046799 31.038810 31.035329 31.033878 31.033299 31.033078 31.032997 31.032968 31.032958 31.032955 31.032954 31.032954 31.032954 31.032954 31.032953 31.032952 31.032948 31.032935 31.032900 31.032802 31.032540 31.031866 31.030195 31.026202 31.017002 30.996558 30.952681 30.861586 30.678145 30.318531 29.628888 28.327533 25.897741 21.403447 13.292155 0.000000 
50.000000 48.088873 46.292311 44.704312 43.383880 42.350325 41.588107 41.057958 40.709785 40.493603 40.366531 40.295722 40.258262 40.239422 40.230401 40.226283 40.224487 40.223739 40.223441 40.223327 40.223285 40.223270 40.223265 40.223264 40.223263 40.223263 40.223263 40.223263 40.223263 40.223262 40.223260 40.223253 40.223233 40.223178 40.223032 40.222654 40.221715 40.219464 40.214255 40.202617 40.177456 40.124687 40.016874 39.800918 39.372691 38.519639 36.775012 33.000156 24.044436 0.000000 
50.000000 50.000000 50.000000 50.000000 50.000000 50.000000 50.000000 50.000000 50.000000 50.000000 50.000000 50.000000 50.000000 50.000000 50.000000 50.000000 50.000000 50.000000 50.000000 50.000000 50.000000 50.000000 50.000000 50.000000 50.000000 50.000000 50.000000 50.000000 50.000000 50.000000 50.000000 50.000000 50.000000 50.000000 50.000000 50.000000 50.000000 50.000000 50.000000 50.000000 50.000000 50.000000 50.000000 50.000000 50.000000 50.000000 50.000000 50.000000 50.000000 50.000000 
