50.000000 50.000000 50.000000 50.000000 50.000000 50.000000 50.000000 50.000000 50.000000 50.000000 50.000000 50.000000 50.000000 50.000000 50.000000 50.000000 50.000000 50.000000 50.000000 50.000000 50.000000 50.000000 50.000000 50.000000 50.000000 50.000000 50.000000 50.000000 50.000000 50.000000 50.000000 50.000000 50.000000 50.000000 50.000000 50.000000 50.000000 50.000000 50.000000 50.000000 50.000000 50.000000 50.000000 50.000000 50.000000 50.000000 50.000000 50.000000 50.000000 50.000000 
50.000000 48.952687 47.939807 46.992399 46.135272 45.385157 44.750047 44.229711 43.817120 43.500411 43.265002 43.095520 42.977295 42.897365 42.844971 42.811659 42.791110 42.778806 42.771652 42.767611 42.765393 42.764210 42.763595 42.763284 42.763129 42.763052 42.763009 42.762972 42.762921 42.762824 42.762629 42.762240 42.761476 42.760011 42.757256 42.752186 42.743045 42.726875 42.698774 42.650699 42.569509 42.433653 42.207233 41.828581 41.186262 40.063372 37.993445 33.843932 24.476343 0.000000 
50.000000 47.939807 45.947348 44.083682 42.397613 40.922049 39.672716 38.649161 37.837552 37.214554 36.751484 36.418098 36.185541 36.028313 35.925250 35.859725 35.819304 35.795102 35.781029 35.773081 35.768719 35.766390 35.765181 35.764569 35.764266 35.764114 35.764029 35.763960 35.763862 35.763678 35.763311 35.762579 35.761145 35.758394 35.753232 35.743753 35.726701 35.696632 35.644582 35.555992 35.407415 35.161181 34.756438 34.093454 33.004830 31.200849 28.165360 22.973674 14.095875 0.000000 
50.000000 46.992399 44.083682 41.362989 38.901568 36.747458 34.923619 33.429386 32.244567 31.335093 30.659093 30.172409 29.832921 29.603400 29.452950 29.357298 29.298293 29.262963 29.242421 29.230819 29.224451 29.221052 29.219287 29.218394 29.217952 29.217731 29.217609 29.217511 29.217376 29.217127 29.216629 29.215636 29.213696 29.209983 29.203033 29.190311 29.167514 29.127504 29.058663 28.942397 28.749375 28.433801 27.924659 27.112197 25.827273 23.811449 20.681495 15.918322 8.998954 0.000000 
50.000000 46.135272 42.397613 38.901568 35.738688 32.970707 30.627126 28.707088 27.184645 26.016015 25.147394 24.522038 24.085822 23.790908 23.597595 23.474693 23.398879 23.353485 23.327092 23.312186 23.304003 23.299637 23.297369 23.296223 23.295654 23.295372 23.295218 23.295099 23.294940 23.294648 23.294070 23.292922 23.290681 23.286405 23.278430 23.263889 23.237961 23.192730 23.115485 22.986252 22.774269 22.433053 21.893676 21.056008 19.778457 17.869344 15.090119 11.196764 6.071901 0.000000 
50.000000 45.385157 40.922049 36.747458 32.970707 29.665512 26.867097 24.574439 22.756547 21.361141 20.323969 19.577273 19.056422 18.704292 18.473476 18.326734 18.236215 18.182016 18.150505 18.132708 18.122939 18.117726 18.115019 18.113650 18.112973 18.112638 18.112458 18.112324 18.112153 18.111847 18.111241 18.110042 18.107711 18.103276 18.095039 18.080091 18.053587 18.007668 17.929901 17.801132 17.592599 17.262289 16.750634 15.976166 14.832756 13.192251 10.920185 7.917219 4.198895 0.000000 
50.000000 44.750047 39.672716 34.923619 30.627126 26.867097 23.683604 21.075478 19.007460 17.420072 16.240214 15.390802 14.798309 14.397749 14.135191 13.968271 13.865306 13.803657 13.767814 13.747571 13.736460 13.730530 13.727452 13.725895 13.725126 13.724747 13.724547 13.724406 13.724235 13.723935 13.723349 13.722193 13.719952 13.715707 13.707855 13.693680 13.668702 13.625739 13.553616 13.435444 13.246512 12.951881 12.504094 11.841802 10.890931 9.571118 7.811421 5.579263 2.921465 0.000000 
50.000000 44.229711 38.649161 33.429386 28.707088 24.574439 21.075478 18.208919 15.936003 14.191351 12.894616 11.961071 11.309899 10.869674 10.581120 10.397675 10.284519 10.216769 10.177380 10.155134 10.142924 10.136409 10.133026 10.131316 10.130472 10.130058 10.129844 10.129700 10.129538 10.129263 10.128731 10.127687 10.125671 10.121866 10.114863 10.102288 10.080268 10.042675 9.980117 9.878675 9.718472 9.472260 9.104460 8.571384 7.823805 6.813412 5.504727 3.892723 2.022478 0.000000 
50.000000 43.817120 37.837552 32.244567 27.184645 22.756547 19.007460 15.936003 13.500639 11.631310 10.241920 9.241681 8.543997 8.072331 7.763174 7.566634 7.445401 7.372817 7.330618 7.306785 7.293705 7.286725 7.283101 7.281270 7.280366 7.279925 7.279702 7.279560 7.279413 7.279174 7.278717 7.277826 7.276112 7.272894 7.266997 7.256465 7.238141 7.207085 7.155843 7.073569 6.945120 6.750319 6.463743 6.055579 5.494258 4.751592 3.810766 2.676371 1.383468 0.000000 
50.000000 43.500411 37.214554 31.335093 26.016015 21.361141 17.420072 14.191351 11.631310 9.666297 8.205803 7.154385 6.421010 5.925221 5.600257 5.393669 5.266242 5.189949 5.145595 5.120545 5.106797 5.099461 5.095653 5.093729 5.092780 5.092319 5.092089 5.091952 5.091822 5.091623 5.091251 5.090528 5.089145 5.086558 5.081842 5.073464 5.058976 5.034597 4.994694 4.931215 4.833149 4.686190 4.472879 4.173560 3.768542 3.241746 2.585718 1.807139 0.930902 0.000000 
50.000000 43.265002 36.751484 30.659093 25.147394 20.323969 16.240214 12.894616 10.241920 8.205803 6.692472 5.603026 4.843133 4.329423 3.992716 3.778665 3.646636 3.567589 3.521635 3.495682 3.481438 3.473837 3.469893 3.467899 3.466917 3.466442 3.466209 3.466077 3.465965 3.465806 3.465515 3.464956 3.463891 3.461907 3.458308 3.451949 3.441017 3.422743 3.393058 3.346236 3.274588 3.168352 3.015941 2.804770 2.522837 2.161142 1.716696 1.195493 0.614304 0.000000 
50.000000 43.095520 36.418098 30.172409 24.522038 19.577273 15.390802 11.961071 9.241681 7.154385 5.603026 4.486213 3.707237 3.180631 2.835475 2.616055 2.480716 2.399688 2.352582 2.325980 2.311379 2.303589 2.299545 2.297503 2.296497 2.296012 2.295777 2.295651 2.295555 2.295431 2.295213 2.294798 2.294013 2.292558 2.289929 2.285306 2.277405 2.264279 2.243106 2.209968 2.159691 2.085839 1.980954 1.837187 1.647372 1.406553 1.113746 0.773516 0.396745 0.000000 
50.000000 42.977295 36.185541 29.832921 24.085822 19.056422 14.798309 11.309899 8.543997 6.421010 4.843133 3.707237 2.914957 2.379361 2.028314 1.805152 1.667506 1.585098 1.537190 1.510134 1.495286 1.487363 1.483251 1.481174 1.480152 1.479660 1.479424 1.479303 1.479221 1.479127 1.478969 1.478674 1.478119 1.477093 1.475249 1.472023 1.466538 1.457478 1.442958 1.420391 1.386413 1.336912 1.267224 1.172570 1.048755 0.893093 0.705417 0.488909 0.250420 0.000000 
50.000000 42.897365 36.028313 29.603400 23.790908 18.704292 14.397749 10.869674 8.072331 5.925221 4.329423 3.180631 2.379361 1.837690 1.482665 1.256975 1.117770 1.034430 0.985980 0.958619 0.943603 0.935591 0.931433 0.929333 0.928299 0.927803 0.927567 0.927450 0.927379 0.927308 0.927197 0.926995 0.926617 0.925922 0.924678 0.922511 0.918845 0.912823 0.903227 0.888407 0.866245 0.834191 0.789405 0.729047 0.650705 0.552947 0.435886 0.301612 0.154320 0.000000 
50.000000 42.844971 35.925250 29.452950 23.597595 18.473476 14.135191 10.581120 7.763174 5.600257 3.992716 2.835475 2.028314 1.482665 1.125033 0.897687 0.757462 0.673511 0.624707 0.597146 0.582020 0.573949 0.569761 0.567646 0.566605 0.566106 0.565870 0.565757 0.565694 0.565640 0.565564 0.565430 0.565182 0.564728 0.563919 0.562516 0.560153 0.556291 0.550169 0.540767 0.526793 0.506709 0.478832 0.441511 0.393386 0.333706 0.262639 0.181498 0.092785 0.000000 
50.000000 42.811659 35.859725 29.357298 23.474693 18.326734 13.968271 10.397675 7.566634 5.393669 3.778665 2.616055 1.805152 1.256975 0.897687 0.669290 0.528417 0.444078 0.395049 0.367361 0.352166 0.344058 0.339850 0.337726 0.336681 0.336180 0.335944 0.335833 0.335776 0.335734 0.335683 0.335596 0.335439 0.335153 0.334645 0.333768 0.332297 0.329903 0.326127 0.320358 0.311828 0.299637 0.282812 0.260415 0.231695 0.196263 0.154265 0.106493 0.054404 0.000000 
50.000000 42.791110 35.819304 29.298293 23.398879 18.236215 13.865306 10.284520 7.445402 5.266242 3.646636 2.480716 1.667506 1.117770 0.757462 0.528417 0.387145 0.302567 0.253399 0.225633 0.210395 0.202264 0.198045 0.195914 0.194866 0.194364 0.194129 0.194020 0.193966 0.193933 0.193898 0.193844 0.193747 0.193573 0.193265 0.192735 0.191849 0.190413 0.188158 0.184729 0.179684 0.172508 0.162654 0.149599 0.132939 0.112474 0.088311 0.060911 0.031100 0.000000 
50.000000 42.778806 35.795102 29.262963 23.353485 18.182017 13.803657 10.216770 7.372818 5.189950 3.567590 2.399689 1.585098 1.034430 0.673512 0.444079 0.302568 0.217848 0.168597 0.140784 0.125520 0.117376 0.113149 0.111015 0.109966 0.109463 0.109228 0.109120 0.109069 0.109040 0.109016 0.108983 0.108925 0.108822 0.108641 0.108331 0.107815 0.106981 0.105676 0.103700 0.100806 0.096706 0.091100 0.083706 0.074307 0.062805 0.049268 0.033957 0.017330 0.000000 
50.000000 42.771652 35.781030 29.242422 23.327093 18.150507 13.767816 10.177382 7.330620 5.145597 3.521637 2.352584 1.537192 0.985982 0.624709 0.395051 0.253401 0.168598 0.119299 0.091459 0.076180 0.068028 0.063798 0.061661 0.060611 0.060108 0.059873 0.059766 0.059716 0.059691 0.059674 0.059653 0.059619 0.059561 0.059458 0.059282 0.058990 0.058520 0.057788 0.056683 0.055071 0.052796 0.049697 0.045625 0.040466 0.034173 0.026787 0.018451 0.009413 0.000000 
50.000000 42.767612 35.773083 29.230822 23.312189 18.132712 13.747575 10.155139 7.306790 5.120551 3.495687 2.325985 1.510140 0.958625 0.597152 0.367367 0.225639 0.140789 0.091463 0.063607 0.048320 0.040163 0.035931 0.033793 0.032742 0.032239 0.032005 0.031897 0.031849 0.031826 0.031812 0.031799 0.031780 0.031747 0.031690 0.031594 0.031434 0.031177 0.030778 0.030178 0.029306 0.028079 0.026413 0.024230 0.021474 0.018122 0.014196 0.009773 0.004984 0.000000 
50.000000 42.765396 35.768723 29.224457 23.304011 18.122949 13.736470 10.142936 7.293717 5.106810 3.481452 2.311393 1.495300 0.943617 0.582034 0.352180 0.210409 0.125533 0.076192 0.048329 0.033037 0.024878 0.020644 0.018506 0.017455 0.016952 0.016717 0.016610 0.016562 0.016540 0.016529 0.016520 0.016509 0.016491 0.016461 0.016409 0.016324 0.016187 0.015976 0.015660 0.015200 0.014556 0.013685 0.012546 0.011112 0.009371 0.007337 0.005049 0.002574 0.000000 
50.000000 42.764215 35.766401 29.221067 23.299656 18.117749 13.730556 10.136437 7.286755 5.099493 3.473870 2.303622 1.487397 0.935625 0.573984 0.344093 0.202299 0.117410 0.068061 0.040192 0.024898 0.016738 0.012503 0.010365 0.009314 0.008811 0.008576 0.008469 0.008421 0.008400 0.008390 0.008384 0.008377 0.008368 0.008352 0.008325 0.008281 0.008210 0.008101 0.007938 0.007702 0.007373 0.006927 0.006347 0.005619 0.004736 0.003706 0.002549 0.001299 0.000000 
50.000000 42.763607 35.765206 29.219323 23.297415 18.115074 13.727513 10.133093 7.283173 5.095728 3.469970 2.299625 1.483331 0.931514 0.569842 0.339932 0.198126 0.113230 0.063877 0.036007 0.020711 0.012550 0.008315 0.006177 0.005126 0.004622 0.004388 0.004281 0.004233 0.004213 0.004203 0.004198 0.004194 0.004189 0.004181 0.004167 0.004144 0.004108 0.004053 0.003970 0.003851 0.003685 0.003460 0.003169 0.002804 0.002362 0.001848 0.001271 0.000647 0.000000 
50.000000 42.763313 35.764626 29.218477 23.296328 18.113775 13.726037 10.131471 7.281435 5.093901 3.468078 2.297685 1.481359 0.929519 0.567833 0.337913 0.196102 0.111203 0.061848 0.033976 0.018680 0.010519 0.006283 0.004145 0.003094 0.002590 0.002356 0.002249 0.002202 0.002181 0.002172 0.002168 0.002165 0.002162 0.002157 0.002150 0.002138 0.002119 0.002090 0.002047 0.001985 0.001898 0.001782 0.001631 0.001442 0.001215 0.000950 0.000653 0.000333 0.000000 
50.000000 42.763194 35.764393 29.218136 23.295891 18.113254 13.725444 10.130819 7.280736 5.093167 3.467317 2.296905 1.480566 0.928717 0.567026 0.337102 0.195289 0.110388 0.061032 0.033160 0.017864 0.009702 0.005467 0.003328 0.002277 0.001774 0.001539 0.001432 0.001385 0.001364 0.001356 0.001352 0.001349 0.001347 0.001344 0.001340 0.001332 0.001320 0.001302 0.001275 0.001235 0.001181 0.001108 0.001014 0.000896 0.000755 0.000590 0.000405 0.000207 0.000000 
50.000000 42.763194 35.764393 29.218136 23.295891 18.113254 13.725444 10.130819 7.280736 5.093167 3.467317 2.296905 1.480566 0.928717 0.567026 0.337102 0.195289 0.110388 0.061032 0.033160 0.017864 0.009702 0.005467 0.003328 0.002277 0.001774 0.001539 0.001432 0.001385 0.001364 0.001356 0.001352 0.001349 0.001347 0.001344 0.001340 0.001332 0.001320 0.001302 0.001275 0.001235 0.001181 0.001108 0.001014 0.000896 0.000755 0.000590 0.000405 0.000207 0.000000 
50.000000 42.763313 35.764626 29.218477 23.296328 18.113775 13.726037 10.131471 7.281435 5.093901 3.468078 2.297685 1.481359 0.929519 0.567833 0.337913 0.196102 0.111203 0.061848 0.033976 0.018680 0.010519 0.006283 0.004145 0.003094 0.002590 0.002356 0.002249 0.002202 0.002181 0.002172 0.002168 0.002165 0.002162 0.002157 0.002150 0.002138 0.002119 0.002090 0.002047 0.001985 0.001898 0.001782 0.001631 0.001442 0.001215 0.000950 0.000653 0.000333 0.000000 
50.000000 42.763607 35.765206 29.219323 23.297415 18.115074 13.727513 10.133093 7.283173 5.095728 3.469970 2.299625 1.483331 0.931514 0.569842 0.339932 0.198126 0.113230 0.063877 0.036007 0.020711 0.012550 0.008315 0.006177 0.005126 0.004622 0.004388 0.004281 0.004233 0.004213 0.004203 0.004198 0.004194 0.004189 0.004181 0.004167 0.004144 0.004108 0.004053 0.003970 0.003851 0.003685 0.003460 0.003169 0.002804 0.002362 0.001848 0.001271 0.000647 0.000000 
50.000000 42.764215 35.766401 29.221067 23.299656 18.117749 13.730556 10.136437 7.286755 5.099493 3.473870 2.303622 1.487397 0.935625 0.573984 0.344093 0.202299 0.117410 0.068061 0.040192 0.024898 0.016738 0.012503 0.010365 0.009314 0.008811 0.008576 0.008469 0.008421 0.008400 0.008390 0.008384 0.008377 0.008368 0.008352 0.008325 0.008281 0.008210 0.008101 0.007938 0.007702 0.007373 0.006927 0.006347 0.005619 0.004736 0.003706 0.002549 0.001299 0.000000 
50.000000 42.765396 35.768723 29.224457 23.304011 18.122949 13.736470 10.142936 7.293717 5.106810 3.481452 2.311393 1.495300 0.943617 0.582034 0.352180 0.210409 0.125533 0.076192 0.048329 0.033037 0.024878 0.020644 0.018506 0.017455 0.016952 0.016717 0.016610 0.016562 0.016540 0.016529 0.016520 0.016509 0.016491 0.016461 0.016409 0.016324 0.016187 0.015976 0.015660 0.015200 0.014556 0.013685 0.012546 0.011112 0.009371 0.007337 0.005049 0.002574 0.000000 
50.000000 42.767612 35.773083 29.230822 23.312189 18.132712 13.747575 10.155139 7.306790 5.120551 3.495687 2.325985 1.510140 0.958625 0.597152 0.367367 0.225639 0.140789 0.091463 0.063607 0.048320 0.040163 0.035931 0.033793 0.032742 0.032239 0.032005 0.031897 0.031849 0.031826 0.031812 0.031799 0.031780 0.031747 0.031690 0.031594 0.031434 0.031177 0.030778 0.030178 0.029306 0.028079 0.026413 0.024230 0.021474 0.018122 0.014196 0.009773 0.004984 0.000000 
50.000000 42.771652 35.781030 29.242422 23.327093 18.150507 13.767816 10.177382 7.330620 5.145597 3.521637 2.352584 1.537192 0.985982 0.624709 0.395051 0.253401 0.168598 0.119299 0.091459 0.076180 0.068028 0.063798 0.061661 0.060611 0.060108 0.059873 0.059766 0.059716 0.059691 0.059674 0.059653 0.059619 0.059561 0.059458 0.059282 0.058990 0.058520 0.057788 0.056683 0.055071 0.052796 0.049697 0.045625 0.040466 0.034173 0.026787 0.018451 0.009413 0.000000 
50.000000 42.778806 35.795102 29.262963 23.353485 18.182017 13.803657 10.216770 7.372818 5.189950 3.567590 2.399689 1.585098 1.034430 0.673512 0.444079 0.302568 0.217848 0.168597 0.140784 0.125520 0.117376 0.113149 0.111015 0.109966 0.109463 0.109228 0.109120 0.109069 0.109040 0.109016 0.108983 0.108925 0.108822 0.108641 0.108331 0.107815 0.106981 0.105676 0.103700 0.100806 0.096706 0.091100 0.083706 0.074307 0.062805 0.049268 0.033957 0.017330 0.000000 
50.000000 42.791110 35.819304 29.298293 23.398879 18.236215 13.865306 10.284520 7.445402 5.266242 3.646636 2.480716 1.667506 1.117770 0.757462 0.528417 0.387145 0.302567 0.253399 0.225633 0.210395 0.202264 0.198045 0.195914 0.194866 0.194364 0.194129 0.194020 0.193966 0.193933 0.193898 0.193844 0.193747 0.193573 0.193265 0.192735 0.191849 0.190413 0.188158 0.184729 0.179684 0.172508 0.162654 0.149599 0.132939 0.112474 0.088311 0.060911 0.031100 0.000000 
50.000000 42.811659 35.859725 29.357298 23.474693 18.326734 13.968271 10.397675 7.566634 5.393669 3.778665 2.616055 1.805152 1.256975 0.897687 0.669290 0.528417 0.444078 0.395049 0.367361 0.352166 0.344058 0.339850 0.337726 0.336681 0.336180 0.335944 0.335833 0.335776 0.335734 0.335683 0.335596 0.335439 0.335153 0.334645 0.333768 0.332297 0.329903 0.326127 0.320358 0.311828 0.299637 0.282812 0.260415 0.231695 0.196263 0.154265 0.106493 0.054404 0.000000 
50.000000 42.844971 35.925250 29.452950 23.597595 18.473476 14.135191 10.581120 7.763174 5.600257 3.992716 2.835475 2.028314 1.482665 1.125033 0.897687 0.757462 0.673511 0.624707 0.597146 0.582020 0.573949 0.569761 0.567646 0.566605 0.566106 0.565870 0.565757 0.565694 0.565640 0.565564 0.565430 0.565182 0.564728 0.563919 0.562516 0.560153 0.556291 0.550169 0.540767 0.526793 0.506709 0.478832 0.441511 0.393386 0.333706 0.262639 0.181498 0.092785 0.000000 
50.000000 42.897365 36.028313 29.603400 23.790908 18.704292 14.397749 10.869674 8.072331 5.925221 4.329423 3.180631 2.379361 1.837690 1.482665 1.256975 1.117770 1.034430 0.985980 0.958619 0.943603 0.935591 0.931433 0.929333 0.928299 0.927803 0.927567 0.927450 0.927379 0.927308 0.927197 0.926995 0.926617 0.925922 0.924678 0.922511 0.918845 0.912823 0.903227 0.888407 0.866245 0.834191 0.789405 0.729047 0.650705 0.552947 0.435886 0.301612 0.154320 0.000000 
50.000000 42.977295 36.185541 29.832921 24.085822 19.056422 14.798309 11.309899 8.543997 6.421010 4.843133 3.707237 2.914957 2.379361 2.028314 1.805152 1.667506 1.585098 1.537190 1.510134 1.495286 1.487363 1.483251 1.481174 1.480152 1.479660 1.479424 1.479303 1.479221 1.479127 1.478969 1.478674 1.478119 1.477093 1.475249 1.472023 1.466538 1.457478 1.442958 1.420391 1.386413 1.336912 1.267224 1.172570 1.048755 0.893093 0.705417 0.488909 0.250420 0.000000 
50.000000 43.095520 36.418098 30.172409 24.522038 19.577273 15.390802 11.961071 9.241681 7.154385 5.603026 4.486213 3.707237 3.180631 2.835475 2.616055 2.480716 2.399688 2.352582 2.325980 2.311379 2.303589 2.299545 2.297503 2.296497 2.296012 2.295777 2.295651 2.295555 2.295431 2.295213 2.294798 2.294013 2.292558 2.289929 2.285306 2.277405 2.264279 2.243106 2.209968 2.159691 2.085839 1.980954 1.837187 1.647372 1.406553 1.113746 0.773516 0.396745 0.000000 
50.000000 43.265002 36.751484 30.659093 25.147394 20.323969 16.240214 12.894616 10.241920 8.205803 6.692472 5.603026 4.843133 4.329423 3.992716 3.778665 3.646636 3.567589 3.521635 3.495682 3.481438 3.473837 3.469893 3.467899 3.466917 3.466442 3.466209 3.466077 3.465965 3.465806 3.465515 3.464956 3.463891 3.461907 3.458308 3.451949 3.441017 3.422743 3.393058 3.346236 3.274588 3.168352 3.015941 2.804770 2.522837 2.161142 1.716696 1.195493 0.614304 0.000000 
50.000000 43.500411 37.214554 31.335093 26.016015 21.361141 17.420072 14.191351 11.631310 9.666297 8.205803 7.154385 6.421010 5.925221 5.600257 5.393669 5.266242 5.189949 5.145595 5.120545 5.106797 5.099461 5.095653 5.093729 5.092780 5.092319 5.092089 5.091952 5.091822 5.091623 5.091251 5.090528 5.089145 5.086558 5.081842 5.073464 5.058976 5.034597 4.994694 4.931215 4.833149 4.686190 4.472879 4.173560 3.768542 3.241746 2.585718 1.807139 0.930902 0.000000 
50.000000 43.817120 37.837552 32.244567 27.184645 22.756547 19.007460 15.936003 13.500639 11.631310 10.241920 9.241681 8.543997 8.072331 7.763174 7.566634 7.445401 7.372817 7.330618 7.306785 7.293705 7.286725 7.283101 7.281270 7.280366 7.279925 7.279702 7.279560 7.279413 7.279174 7.278717 7.277826 7.276112 7.272894 7.266997 7.256465 7.238141 7.207085 7.155843 7.073569 6.945120 6.750319 6.463743 6.055579 5.494258 4.751592 3.810766 2.676371 1.383468 0.000000 
50.000000 44.229711 38.649161 33.429386 28.707088 24.574439 21.075478 18.208919 15.936003 14.191351 12.894616 11.961071 11.309899 10.869674 10.581120 10.397675 10.284519 10.216769 10.177380 10.155134 10.142924 10.136409 10.133026 10.131316 10.130472 10.130058 10.129844 10.129700 10.129538 10.129263 10.128731 10.127687 10.125671 10.121866 10.114863 10.102288 10.080268 10.042675 9.980117 9.878675 9.718472 9.472260 9.104460 8.571384 7.823805 6.813412 5.504727 3.892723 2.022478 0.000000 
50.000000 44.750047 39.672716 34.923619 30.627126 26.867097 23.683604 21.075478 19.007460 17.420072 16.240214 15.390802 14.798309 14.397749 14.135191 13.968271 13.865306 13.803657 13.767814 13.747571 13.736460 13.730530 13.727452 13.725895 13.725126 13.724747 13.724547 13.724406 13.724235 13.723935 13.723349 13.722193 13.719952 13.715707 13.707855 13.693680 13.668702 13.625739 13.553616 13.435444 13.246512 12.951881 12.504094 11.841802 10.890931 9.571118 7.811421 5.579263 2.921465 0.000000 
50.000000 45.385157 40.922049 36.747458 32.970707 29.665512 26.867097 24.574439 22.756547 21.361141 20.323969 19.577273 19.056422 18.704292 18.473476 18.326734 18.236215 18.182016 18.150505 18.132708 18.122939 18.117726 18.115019 18.113650 18.112973 18.112638 18.112458 18.112324 18.112153 18.111847 18.111241 18.110042 18.107711 18.103276 18.095039 18.080091 18.053587 18.007668 17.929901 17.801132 17.592599 17.262289 16.750634 15.976166 14.832756 13.192251 10.920185 7.917219 4.198895 0.000000 
50.000000 46.135272 42.397613 38.901568 35.738688 32.970707 30.627126 28.707088 27.184645 26.016015 25.147394 24.522038 24.085822 23.790908 23.597595 23.474693 23.398879 23.353485 23.327092 23.312186 23.304003 23.299637 23.297369 23.296223 23.295654 23.295372 23.295218 23.295099 23.294940 23.294648 23.294070 23.292922 23.290681 23.286405 23.278430 23.263889 23.237961 23.192730 23.115485 22.986252 22.774269 22.433053 21.893676 21.056008 19.778457 17.869344 15.090119 11.196764 6.071901 0.000000 
50.000000 46.992399 44.083682 41.362989 38.901568 36.747458 34.923619 33.429386 32.244567 31.335093 30.659093 30.172409 29.832921 29.603400 29.452950 29.357298 29.298293 29.262963 29.242421 29.230819 29.224451 29.221052 29.219287 29.218394 29.217952 29.217731 29.217609 29.217511 29.217376 29.217127 29.216629 29.215636 29.213696 29.209983 29.203033 29.190311 29.167514 29.127504 29.058663 28.942397 28.749375 28.433801 27.924659 27.112197 25.827273 23.811449 20.681495 15.918322 8.998954 0.000000 
50.000000 47.939807 45.947348 44.083682 42.397613 40.922049 39.672716 38.649161 37.837552 37.214554 36.751484 36.418098 36.185541 36.028313 35.925250 35.859725 35.819304 35.795102 35.781029 35.773081 35.768719 35.766390 35.765181 35.764569 35.764266 35.764114 35.764029 35.763960 35.763862 35.763678 35.763311 35.762579 35.761145 35.758394 35.753232 35.743753 35.726701 35.696632 35.644582 35.555992 35.407415 35.161181 34.756438 34.093454 33.004830 31.200849 28.165360 22.973674 14.095875 0.000000 
50.000000 48.952687 47.939807 46.992399 46.135272 45.385157 44.750047 44.229711 43.817120 43.500411 43.265002 43.095520 42.977295 42.897365 42.844971 42.811659 42.791110 42.778806 42.771652 42.767611 42.765393 42.764210 42.763595 42.763284 42.763129 42.763052 42.763009 42.762972 42.762921 42.762824 42.762629 42.762240 42.761476 42.760011 42.757256 42.752186 42.743045 42.726875 42.698774 42.650699 42.569509 42.433653 42.207233 41.828581 41.186262 40.063372 37.993445 33.843932 24.476343 0.000000 
50.000000 50.000000 50.000000 50.000000 50.000000 50.000000 50.000000 50.000000 50.000000 50.000000 50.000000 50.000000 50.000000 50.000000 50.000000 50.000000 50.000000 50.000000 50.000000 50.000000 50.000000 50.000000 50.000000 50.000000 50.000000 50.000000 50.000000 50.000000 50.000000 50.000000 50.000000 50.000000 50.000000 50.000000 50.000000 50.000000 50.000000 50.000000 50.000000 50.000000 50.000000 50.000000 50.000000 50.000000 50.000000 50.000000 50.000000 50.000000 50.000000 50.000000 
