50.000000 50.000000 50.000000 50.000000 50.000000 50.000000 50.000000 50.000000 50.000000 50.000000 50.000000 50.000000 50.000000 50.000000 50.000000 50.000000 50.000000 50.000000 50.000000 50.000000 50.000000 50.000000 50.000000 50.000000 50.000000 50.000000 50.000000 50.000000 50.000000 50.000000 50.000000 50.000000 50.000000 50.000000 50.000000 50.000000 50.000000 50.000000 50.000000 50.000000 50.000000 50.000000 50.000000 50.000000 50.000000 50.000000 50.000000 50.000000 50.000000 50.000000 
50.000000 48.725418 47.501825 46.374096 45.376100 44.527908 43.835419 43.292143 42.882432 42.585290 42.377952 42.238689 42.148602 42.092445 42.058693 42.039121 42.028166 42.022242 42.019146 42.017582 42.016817 42.016454 42.016288 42.016214 42.016181 42.016167 42.016160 42.016154 42.016143 42.016118 42.016061 42.015933 42.015653 42.015058 42.013821 42.011319 42.006386 41.996892 41.979039 41.946179 41.886822 41.781237 41.595339 41.269047 40.692001 39.647592 37.668646 33.620803 24.362709 0.000000 
50.000000 47.501825 45.103589 42.893248 40.937188 39.274746 37.917485 36.852680 36.049663 35.467280 35.060911 34.787966 34.611403 34.501341 34.435190 34.396832 34.375361 34.363752 34.357685 34.354619 34.353119 34.352409 34.352083 34.351937 34.351874 34.351847 34.351833 34.351821 34.351800 34.351753 34.351648 34.351410 34.350891 34.349786 34.347497 34.342875 34.333783 34.316341 34.283674 34.223859 34.116575 33.927584 33.599469 33.035493 32.070295 30.414709 27.551247 22.551794 13.881022 0.000000 
50.000000 46.374096 42.893248 39.685123 36.846073 34.433195 32.463269 30.917823 29.752341 28.907089 28.317303 27.921168 27.664918 27.505184 27.409180 27.353512 27.322353 27.305505 27.296701 27.292251 27.290075 27.289044 27.288571 27.288360 27.288269 27.288229 27.288209 27.288192 27.288164 27.288102 27.287961 27.287646 27.286957 27.285496 27.282474 27.276393 27.264478 27.241729 27.199382 27.122445 26.985852 26.748501 26.344065 25.666881 24.550587 22.737500 19.842561 15.342001 8.705449 0.000000 
50.000000 45.376100 40.937188 36.846073 33.225632 30.148675 27.636596 25.665838 24.179624 23.101777 22.349705 21.844574 21.517822 21.314144 21.191730 21.120750 21.081020 21.059539 21.048314 21.042640 21.039866 21.038551 21.037948 21.037680 21.037563 21.037513 21.037488 21.037468 21.037436 21.037366 21.037207 21.036852 21.036078 21.034441 21.031068 21.024307 21.011124 20.986106 20.939883 20.856694 20.710768 20.461111 20.044279 19.364924 18.284701 16.612816 14.108573 10.522479 5.728508 0.000000 
50.000000 44.527908 39.274746 34.433195 30.148675 26.507350 23.534537 21.202348 19.443587 18.168096 17.278129 16.680390 16.293739 16.052728 15.907879 15.823892 15.776883 15.751466 15.738185 15.731473 15.728190 15.726635 15.725921 15.725604 15.725466 15.725407 15.725378 15.725357 15.725324 15.725253 15.725092 15.724734 15.723957 15.722317 15.718953 15.712241 15.699228 15.674701 15.629760 15.549702 15.411045 15.177573 14.795513 14.188447 13.253675 11.863973 9.882608 7.204451 3.835907 0.000000 
50.000000 43.835419 37.917485 32.463269 27.636596 23.534537 20.185603 17.558373 15.577137 14.140323 13.137807 12.464487 12.028954 11.757478 11.594323 11.499724 11.446776 11.418149 11.403190 11.395631 11.391933 11.390182 11.389379 11.389021 11.388866 11.388800 11.388769 11.388747 11.388716 11.388649 11.388500 11.388169 11.387454 11.385949 11.382874 11.376772 11.365013 11.343007 11.303034 11.232564 11.112046 10.912211 10.591267 10.092801 9.346090 8.271672 6.796387 4.881991 2.566372 0.000000 
50.000000 43.292143 36.852680 30.917823 25.665838 21.202348 17.558373 14.699713 12.543979 10.980636 9.889855 9.157264 8.683401 8.388039 8.210532 8.107614 8.050010 8.018868 8.002595 7.994371 7.990349 7.988444 7.987570 7.987181 7.987013 7.986941 7.986909 7.986887 7.986859 7.986801 7.986673 7.986388 7.985775 7.984492 7.981881 7.976726 7.966854 7.948514 7.915484 7.857845 7.760450 7.601249 7.349857 6.967106 6.406835 5.621559 4.573758 3.253211 1.696803 0.000000 
50.000000 42.882432 36.049663 29.752341 24.179624 19.443587 15.577137 12.543979 10.256679 8.597947 7.440626 6.663359 6.160606 5.847242 5.658920 5.549734 5.488623 5.455586 5.438323 5.429599 5.425333 5.423312 5.422385 5.421973 5.421794 5.421718 5.421685 5.421665 5.421641 5.421593 5.421489 5.421260 5.420768 5.419740 5.417661 5.413578 5.405805 5.391469 5.365862 5.321605 5.247656 5.128340 4.942729 4.664926 4.266014 3.718514 3.003839 2.122079 1.101195 0.000000 
50.000000 42.585290 35.467280 28.907089 23.101777 18.168096 14.140323 10.980636 8.597947 6.870059 5.664503 4.854852 4.331160 4.004751 3.808592 3.694865 3.631214 3.596803 3.578823 3.569737 3.565294 3.563190 3.562224 3.561795 3.561609 3.561531 3.561496 3.561478 3.561458 3.561422 3.561342 3.561167 3.560794 3.560018 3.558455 3.555403 3.549626 3.539043 3.520288 3.488162 3.435030 3.350291 3.220187 3.028277 2.757051 2.391009 1.921236 1.350705 0.698467 0.000000 
50.000000 42.377952 35.060911 28.317303 22.349705 17.278129 13.137807 9.889855 7.440626 5.664503 4.425307 3.593073 3.054781 2.719277 2.517656 2.400763 2.335341 2.299974 2.281495 2.272157 2.267590 2.265428 2.264436 2.263994 2.263804 2.263723 2.263689 2.263671 2.263656 2.263629 2.263571 2.263445 2.263177 2.262621 2.261507 2.259343 2.255269 2.247856 2.234812 2.212653 2.176341 2.119022 2.032010 1.905243 1.728427 1.493011 1.194859 0.837051 0.431773 0.000000 
50.000000 42.238689 34.787966 27.921168 21.844574 16.680390 12.464487 9.157264 6.663359 4.854852 3.593073 2.745681 2.197591 1.855983 1.650697 1.531681 1.465072 1.429064 1.410249 1.400742 1.396093 1.393892 1.392881 1.392432 1.392238 1.392156 1.392122 1.392106 1.392093 1.392074 1.392034 1.391948 1.391764 1.391386 1.390630 1.389169 1.386435 1.381487 1.372840 1.358260 1.334564 1.297497 1.241780 1.161453 1.050630 0.904691 0.721786 0.504292 0.259650 0.000000 
50.000000 42.148602 34.611403 27.664918 21.517822 16.293739 12.028954 8.683401 6.160606 4.331160 3.054781 2.197591 1.643168 1.297616 1.089962 0.969574 0.902198 0.865775 0.846745 0.837129 0.832426 0.830199 0.829178 0.828723 0.828527 0.828445 0.828410 0.828395 0.828385 0.828372 0.828345 0.828289 0.828169 0.827923 0.827434 0.826492 0.824739 0.821584 0.816104 0.806925 0.792117 0.769137 0.734887 0.685946 0.619038 0.531716 0.423188 0.295062 0.151710 0.000000 
50.000000 42.092445 34.501341 27.505184 21.314144 16.052728 11.757478 8.388039 5.847242 4.004751 2.719277 1.855983 1.297616 0.949609 0.740481 0.619239 0.551385 0.514705 0.495540 0.485856 0.481120 0.478878 0.477849 0.477391 0.477194 0.477111 0.477077 0.477062 0.477054 0.477045 0.477028 0.476992 0.476918 0.476765 0.476462 0.475881 0.474805 0.472878 0.469549 0.464007 0.455125 0.441437 0.421185 0.392465 0.353500 0.303020 0.240706 0.167558 0.086059 0.000000 
50.000000 42.058693 34.435190 27.409180 21.191730 15.907879 11.594323 8.210532 5.658920 3.808592 2.517656 1.650697 1.089962 0.740481 0.530467 0.408713 0.340573 0.303738 0.284492 0.274768 0.270012 0.267760 0.266727 0.266268 0.266069 0.265986 0.265952 0.265938 0.265931 0.265925 0.265914 0.265893 0.265848 0.265757 0.265577 0.265234 0.264600 0.263470 0.261528 0.258313 0.253190 0.245342 0.233806 0.217551 0.195638 0.167423 0.132786 0.092315 0.047373 0.000000 
50.000000 42.039121 34.396832 27.353512 21.120750 15.823892 11.499724 8.107614 5.549734 3.694865 2.400763 1.531681 0.969574 0.619239 0.408713 0.286662 0.218356 0.181432 0.162139 0.152391 0.147624 0.145367 0.144331 0.143871 0.143672 0.143588 0.143554 0.143541 0.143534 0.143530 0.143524 0.143511 0.143485 0.143433 0.143331 0.143136 0.142777 0.142140 0.141050 0.139255 0.136409 0.132073 0.125733 0.116850 0.104940 0.089683 0.071038 0.049335 0.025300 0.000000 
50.000000 42.028166 34.375361 27.322353 21.081020 15.776883 11.446776 8.050010 5.488623 3.631214 2.335341 1.465072 0.902198 0.551385 0.340573 0.218356 0.149958 0.112984 0.093665 0.083904 0.079130 0.076870 0.075833 0.075372 0.075173 0.075090 0.075056 0.075042 0.075036 0.075033 0.075029 0.075022 0.075008 0.074979 0.074923 0.074816 0.074621 0.074275 0.073686 0.072720 0.071195 0.068883 0.065519 0.060827 0.054565 0.046579 0.036857 0.025575 0.013108 0.000000 
50.000000 42.022242 34.363752 27.305505 21.059539 15.751466 11.418149 8.018868 5.455586 3.596803 2.299974 1.429064 0.865776 0.514705 0.303738 0.181432 0.112984 0.075982 0.056650 0.046881 0.042105 0.039843 0.038805 0.038343 0.038144 0.038061 0.038027 0.038013 0.038008 0.038005 0.038003 0.037999 0.037991 0.037976 0.037946 0.037890 0.037787 0.037607 0.037300 0.036798 0.036009 0.034818 0.033092 0.030696 0.027510 0.023461 0.018548 0.012861 0.006589 0.000000 
50.000000 42.019146 34.357685 27.296701 21.048314 15.738185 11.403191 8.002595 5.438323 3.578823 2.281495 1.410250 0.846745 0.495540 0.284493 0.162140 0.093666 0.056650 0.037310 0.027538 0.022759 0.020497 0.019459 0.018997 0.018798 0.018714 0.018680 0.018667 0.018661 0.018659 0.018658 0.018655 0.018652 0.018644 0.018629 0.018600 0.018548 0.018457 0.018302 0.018050 0.017656 0.017063 0.016206 0.015021 0.013451 0.011462 0.009055 0.006275 0.003213 0.000000 
50.000000 42.017582 34.354619 27.292251 21.042641 15.731473 11.395631 7.994371 5.429599 3.569738 2.272157 1.400743 0.837129 0.485856 0.274768 0.152391 0.083904 0.046882 0.027538 0.017764 0.012984 0.010721 0.009683 0.009221 0.009022 0.008938 0.008905 0.008891 0.008886 0.008884 0.008883 0.008881 0.008879 0.008876 0.008868 0.008854 0.008829 0.008784 0.008709 0.008587 0.008396 0.008110 0.007699 0.007131 0.006381 0.005434 0.004290 0.002971 0.001521 0.000000 
50.000000 42.016817 34.353119 27.290075 21.039866 15.728190 11.391934 7.990350 5.425333 3.565295 2.267591 1.396094 0.832427 0.481121 0.270013 0.147625 0.079131 0.042106 0.022760 0.012985 0.008205 0.005942 0.004903 0.004442 0.004242 0.004159 0.004125 0.004111 0.004106 0.004104 0.004103 0.004103 0.004102 0.004100 0.004096 0.004090 0.004078 0.004056 0.004021 0.003964 0.003874 0.003741 0.003549 0.003286 0.002939 0.002501 0.001973 0.001366 0.000699 0.000000 
50.000000 42.016455 34.352410 27.289045 21.038553 15.726637 11.390185 7.988447 5.423315 3.563193 2.265431 1.393894 0.830202 0.478881 0.267763 0.145370 0.076873 0.039846 0.020500 0.010724 0.005944 0.003680 0.002642 0.002180 0.001981 0.001897 0.001863 0.001850 0.001845 0.001843 0.001842 0.001841 0.001841 0.001840 0.001838 0.001835 0.001830 0.001820 0.001804 0.001778 0.001737 0.001677 0.001590 0.001472 0.001315 0.001119 0.000882 0.000611 0.000312 0.000000 
50.000000 42.016289 34.352085 27.288575 21.037953 15.725927 11.389385 7.987577 5.422392 3.562232 2.264444 1.392889 0.829186 0.477857 0.266735 0.144339 0.075841 0.038813 0.019467 0.009691 0.004911 0.002647 0.001609 0.001147 0.000947 0.000864 0.000830 0.000817 0.000811 0.000809 0.000809 0.000808 0.000808 0.000808 0.000807 0.000806 0.000803 0.000799 0.000792 0.000780 0.000762 0.000735 0.000697 0.000645 0.000576 0.000490 0.000386 0.000267 0.000137 0.000000 
50.000000 42.016217 34.351944 27.288370 21.037693 15.725619 11.389038 7.987200 5.421992 3.561815 2.264015 1.392453 0.828745 0.477413 0.266289 0.143892 0.075393 0.038365 0.019018 0.009242 0.004462 0.002199 0.001160 0.000698 0.000499 0.000415 0.000381 0.000368 0.000363 0.000361 0.000360 0.000360 0.000360 0.000360 0.000359 0.000359 0.000357 0.000356 0.000352 0.000347 0.000339 0.000327 0.000310 0.000286 0.000256 0.000217 0.000171 0.000118 0.000061 0.000000 
50.000000 42.016191 34.351893 27.288295 21.037597 15.725505 11.388910 7.987061 5.421844 3.561661 2.263857 1.392292 0.828582 0.477249 0.266125 0.143727 0.075228 0.038200 0.018853 0.009077 0.004297 0.002033 0.000995 0.000533 0.000334 0.000250 0.000216 0.000203 0.000198 0.000196 0.000195 0.000195 0.000195 0.000194 0.000194 0.000194 0.000193 0.000192 0.000190 0.000188 0.000183 0.000177 0.000167 0.000155 0.000138 0.000117 0.000092 0.000064 0.000033 0.000000 
50.000000 42.016191 34.351893 27.288295 21.037597 15.725505 11.388910 7.987061 5.421844 3.561661 2.263857 1.392292 0.828582 0.477249 0.266125 0.143727 0.075228 0.038200 0.018853 0.009077 0.004297 0.002033 0.000995 0.000533 0.000334 0.000250 0.000216 0.000203 0.000198 0.000196 0.000195 0.000195 0.000195 0.000194 0.000194 0.000194 0.000193 0.000192 0.000190 0.000188 0.000183 0.000177 0.000167 0.000155 0.000138 0.000117 0.000092 0.000064 0.000033 0.000000 
50.000000 42.016217 34.351944 27.288370 21.037693 15.725619 11.389038 7.987200 5.421992 3.561815 2.264015 1.392453 0.828745 0.477413 0.266289 0.143892 0.075393 0.038365 0.019018 0.009242 0.004462 0.002199 0.001160 0.000698 0.000499 0.000415 0.000381 0.000368 0.000363 0.000361 0.000360 0.000360 0.000360 0.000360 0.000359 0.000359 0.000357 0.000356 0.000352 0.000347 0.000339 0.000327 0.000310 0.000286 0.000256 0.000217 0.000171 0.000118 0.000061 0.000000 
50.000000 42.016289 34.352085 27.288575 21.037953 15.725927 11.389385 7.987577 5.422392 3.562232 2.264444 1.392889 0.829186 0.477857 0.266735 0.144339 0.075841 0.038813 0.019467 0.009691 0.004911 0.002647 0.001609 0.001147 0.000947 0.000864 0.000830 0.000817 0.000811 0.000809 0.000809 0.000808 0.000808 0.000808 0.000807 0.000806 0.000803 0.000799 0.000792 0.000780 0.000762 0.000735 0.000697 0.000645 0.000576 0.000490 0.000386 0.000267 0.000137 0.000000 
50.000000 42.016455 34.352410 27.289045 21.038553 15.726637 11.390185 7.988447 5.423315 3.563193 2.265431 1.393894 0.830202 0.478881 0.267763 0.145370 0.076873 0.039846 0.020500 0.010724 0.005944 0.003680 0.002642 0.002180 0.001981 0.001897 0.001863 0.001850 0.001845 0.001843 0.001842 0.001841 0.001841 0.001840 0.001838 0.001835 0.001830 0.001820 0.001804 0.001778 0.001737 0.001677 0.001590 0.001472 0.001315 0.001119 0.000882 0.000611 0.000312 0.000000 
50.000000 42.016817 34.353119 27.290075 21.039866 15.728190 11.391934 7.990350 5.425333 3.565295 2.267591 1.396094 0.832427 0.481121 0.270013 0.147625 0.079131 0.042106 0.022760 0.012985 0.008205 0.005942 0.004903 0.004442 0.004242 0.004159 0.004125 0.004111 0.004106 0.004104 0.004103 0.004103 0.004102 0.004100 0.004096 0.004090 0.004078 0.004056 0.004021 0.003964 0.003874 0.003741 0.003549 0.003286 0.002939 0.002501 0.001973 0.001366 0.000699 0.000000 
50.000000 42.017582 34.354619 27.292251 21.042641 15.731473 11.395631 7.994371 5.429599 3.569738 2.272157 1.400743 0.837129 0.485856 0.274768 0.152391 0.083904 0.046882 0.027538 0.017764 0.012984 0.010721 0.009683 0.009221 0.009022 0.008938 0.008905 0.008891 0.008886 0.008884 0.008883 0.008881 0.008879 0.008876 0.008868 0.008854 0.008829 0.008784 0.008709 0.008587 0.008396 0.008110 0.007699 0.007131 0.006381 0.005434 0.004290 0.002971 0.001521 0.000000 
50.000000 42.019146 34.357685 27.296701 21.048314 15.738185 11.403191 8.002595 5.438323 3.578823 2.281495 1.410250 0.846745 0.495540 0.284493 0.162140 0.093666 0.056650 0.037310 0.027538 0.022759 0.020497 0.019459 0.018997 0.018798 0.018714 0.018680 0.018667 0.018661 0.018659 0.018658 0.018655 0.018652 0.018644 0.018629 0.018600 0.018548 0.018457 0.018302 0.018050 0.017656 0.017063 0.016206 0.015021 0.013451 0.011462 0.009055 0.006275 0.003213 0.000000 
50.000000 42.022242 34.363752 27.305505 21.059539 15.751466 11.418149 8.018868 5.455586 3.596803 2.299974 1.429064 0.865776 0.514705 0.303738 0.181432 0.112984 0.075982 0.056650 0.046881 0.042105 0.039843 0.038805 0.038343 0.038144 0.038061 0.038027 0.038013 0.038008 0.038005 0.038003 0.037999 0.037991 0.037976 0.037946 0.037890 0.037787 0.037607 0.037300 0.036798 0.036009 0.034818 0.033092 0.030696 0.027510 0.023461 0.018548 0.012861 0.006589 0.000000 
50.000000 42.028166 34.375361 27.322353 21.081020 15.776883 11.446776 8.050010 5.488623 3.631214 2.335341 1.465072 0.902198 0.551385 0.340573 0.218356 0.149958 0.112984 0.093665 0.083904 0.079130 0.076870 0.075833 0.075372 0.075173 0.075090 0.075056 0.075042 0.075036 0.075033 0.075029 0.075022 0.075008 0.074979 0.074923 0.074816 0.074621 0.074275 0.073686 0.072720 0.071195 0.068883 0.065519 0.060827 0.054565 0.046579 0.036857 0.025575 0.013108 0.000000 
50.000000 42.039121 34.396832 27.353512 21.120750 15.823892 11.499724 8.107614 5.549734 3.694865 2.400763 1.531681 0.969574 0.619239 0.408713 0.286662 0.218356 0.181432 0.162139 0.152391 0.147624 0.145367 0.144331 0.143871 0.143672 0.143588 0.143554 0.143541 0.143534 0.143530 0.143524 0.143511 0.143485 0.143433 0.143331 0.143136 0.142777 0.142140 0.141050 0.139255 0.136409 0.132073 0.125733 0.116850 0.104940 0.089683 0.071038 0.049335 0.025300 0.000000 
50.000000 42.058693 34.435190 27.409180 21.191730 15.907879 11.594323 8.210532 5.658920 3.808592 2.517656 1.650697 1.089962 0.740481 0.530467 0.408713 0.340573 0.303738 0.284492 0.274768 0.270012 0.267760 0.266727 0.266268 0.266069 0.265986 0.265952 0.265938 0.265931 0.265925 0.265914 0.265893 0.265848 0.265757 0.265577 0.265234 0.264600 0.263470 0.261528 0.258313 0.253190 0.245342 0.233806 0.217551 0.195638 0.167423 0.132786 0.092315 0.047373 0.000000 
50.000000 42.092445 34.501341 27.505184 21.314144 16.052728 11.757478 8.388039 5.847242 4.004751 2.719277 1.855983 1.297616 0.949609 0.740481 0.619239 0.551385 0.514705 0.495540 0.485856 0.481120 0.478878 0.477849 0.477391 0.477194 0.477111 0.477077 0.477062 0.477054 0.477045 0.477028 0.476992 0.476918 0.476765 0.476462 0.475881 0.474805 0.472878 0.469549 0.464007 0.455125 0.441437 0.421185 0.392465 0.353500 0.303020 0.240706 0.167558 0.086059 0.000000 
50.000000 42.148602 34.611403 27.664918 21.517822 16.293739 12.028954 8.683401 6.160606 4.331160 3.054781 2.197591 1.643168 1.297616 1.089962 0.969574 0.902198 0.865775 0.846745 0.837129 0.832426 0.830199 0.829178 0.828723 0.828527 0.828445 0.828410 0.828395 0.828385 0.828372 0.828345 0.828289 0.828169 0.827923 0.827434 0.826492 0.824739 0.821584 0.816104 0.806925 0.792117 0.769137 0.734887 0.685946 0.619038 0.531716 0.423188 0.295062 0.151710 0.000000 
50.000000 42.238689 34.787966 27.921168 21.844574 16.680390 12.464487 9.157264 6.663359 4.854852 3.593073 2.745681 2.197591 1.855983 1.650697 1.531681 1.465072 1.429064 1.410249 1.400742 1.396093 1.393892 1.392881 1.392432 1.392238 1.392156 1.392122 1.392106 1.392093 1.392074 1.392034 1.391948 1.391764 1.391386 1.390630 1.389169 1.386435 1.381487 1.372840 1.358260 1.334564 1.297497 1.241780 1.161453 1.050630 0.904691 0.721786 0.504292 0.259650 0.000000 
50.000000 42.377952 35.060911 28.317303 22.349705 17.278129 13.137807 9.889855 7.440626 5.664503 4.425307 3.593073 3.054781 2.719277 2.517656 2.400763 2.335341 2.299974 2.281495 2.272157 2.267590 2.265428 2.264436 2.263994 2.263804 2.263723 2.263689 2.263671 2.263656 2.263629 2.263571 2.263445 2.263177 2.262621 2.261507 2.259343 2.255269 2.247856 2.234812 2.212653 2.176341 2.119022 2.032010 1.905243 1.728427 1.493011 1.194859 0.837051 0.431773 0.000000 
50.000000 42.585290 35.467280 28.907089 23.101777 18.168096 14.140323 10.980636 8.597947 6.870059 5.664503 4.854852 4.331160 4.004751 3.808592 3.694865 3.631214 3.596803 3.578823 3.569737 3.565294 3.563190 3.562224 3.561795 3.561609 3.561531 3.561496 3.561478 3.561458 3.561422 3.561342 3.561167 3.560794 3.560018 3.558455 3.555403 3.549626 3.539043 3.520288 3.488162 3.435030 3.350291 3.220187 3.028277 2.757051 2.391009 1.921236 1.350705 0.698467 0.000000 
50.000000 42.882432 36.049663 29.752341 24.179624 19.443587 15.577137 12.543979 10.256679 8.597947 7.440626 6.663359 6.160606 5.847242 5.658920 5.549734 5.488623 5.455586 5.438323 5.429599 5.425333 5.423312 5.422385 5.421973 5.421794 5.421718 5.421685 5.421665 5.421641 5.421593 5.421489 5.421260 5.420768 5.419740 5.417661 5.413578 5.405805 5.391469 5.365862 5.321605 5.247656 5.128340 4.942729 4.664926 4.266014 3.718514 3.003839 2.122079 1.101195 0.000000 
50.000000 43.292143 36.852680 30.917823 25.665838 21.202348 17.558373 14.699713 12.543979 10.980636 9.889855 9.157264 8.683401 8.388039 8.210532 8.107614 8.050010 8.018868 8.002595 7.994371 7.990349 7.988444 7.987570 7.987181 7.987013 7.986941 7.986909 7.986887 7.986859 7.986801 7.986673 7.986388 7.985775 7.984492 7.981881 7.976726 7.966854 7.948514 7.915484 7.857845 7.760450 7.601249 7.349857 6.967106 6.406835 5.621559 4.573758 3.253211 1.696803 0.000000 
50.000000 43.835419 37.917485 32.463269 27.636596 23.534537 20.185603 17.558373 15.577137 14.140323 13.137807 12.464487 12.028954 11.757478 11.594323 11.499724 11.446776 11.418149 11.403190 11.395631 11.391933 11.390182 11.389379 11.389021 11.388866 11.388800 11.388769 11.388747 11.388716 11.388649 11.388500 11.388169 11.387454 11.385949 11.382874 11.376772 11.365013 11.343007 11.303034 11.232564 11.112046 10.912211 10.591267 10.092801 9.346090 8.271672 6.796387 4.881991 2.566372 0.000000 
50.000000 44.527908 39.274746 34.433195 30.148675 26.507350 23.534537 21.202348 19.443587 18.168096 17.278129 16.680390 16.293739 16.052728 15.907879 15.823892 15.776883 15.751466 15.738185 15.731473 15.728190 15.726635 15.725921 15.725604 15.725466 15.725407 15.725378 15.725357 15.725324 15.725253 15.725092 15.724734 15.723957 15.722317 15.718953 15.712241 15.699228 15.674701 15.629760 15.549702 15.411045 15.177573 14.795513 14.188447 13.253675 11.863973 9.882608 7.204451 3.835907 0.000000 
50.000000 45.376100 40.937188 36.846073 33.225632 30.148675 27.636596 25.665838 24.179624 23.101777 22.349705 21.844574 21.517822 21.314144 21.191730 21.120750 21.081020 21.059539 21.048314 21.042640 21.039866 21.038551 21.037948 21.037680 21.037563 21.037513 21.037488 21.037468 21.037436 21.037366 21.037207 21.036852 21.036078 21.034441 21.031068 21.024307 21.011124 20.986106 20.939883 20.856694 20.710768 20.461111 20.044279 19.364924 18.284701 16.612816 14.108573 10.522479 5.728508 0.000000 
50.000000 46.374096 42.893248 39.685123 36.846073 34.433195 32.463269 30.917823 29.752341 28.907089 28.317303 27.921168 27.664918 27.505184 27.409180 27.353512 27.322353 27.305505 27.296701 27.292251 27.290075 27.289044 27.288571 27.288360 27.288269 27.288229 27.288209 27.288192 27.288164 27.288102 27.287961 27.287646 27.286957 27.285496 27.282474 27.276393 27.264478 27.241729 27.199382 27.122445 26.985852 26.748501 26.344065 25.666881 24.550587 22.737500 19.842561 15.342001 8.705449 0.000000 
50.000000 47.501825 45.103589 42.893248 40.937188 39.274746 37.917485 36.852680 36.049663 35.467280 35.060911 34.787966 34.611403 34.501341 34.435190 34.396832 34.375361 34.363752 34.357685 34.354619 34.353119 34.352409 34.352083 34.351937 34.351874 34.351847 34.351833 34.351821 34.351800 34.351753 34.351648 34.351410 34.350891 34.349786 34.347497 34.342875 34.333783 34.316341 34.283674 34.223859 34.116575 33.927584 33.599469 33.035493 32.070295 30.414709 27.551247 22.551794 13.881022 0.000000 
50.000000 48.725418 47.501825 46.374096 45.376100 44.527908 43.835419 43.292143 42.882432 42.585290 42.377952 42.238689 42.148602 42.092445 42.058693 42.039121 42.028166 42.022242 42.019146 42.017582 42.016817 42.016454 42.016288 42.016214 42.016181 42.016167 42.016160 42.016154 42.016143 42.016118 42.016061 42.015933 42.015653 42.015058 42.013821 42.011319 42.006386 41.996892 41.979039 41.946179 41.886822 41.781237 41.595339 41.269047 40.692001 39.647592 37.668646 33.620803 24.362709 0.000000 
50.000000 50.000000 50.000000 50.000000 50.000000 50.000000 50.000000 50.000000 50.000000 50.000000 50.000000 50.000000 50.000000 50.000000 50.000000 50.000000 50.000000 50.000000 50.000000 50.000000 50.000000 50.000000 50.000000 50.000000 50.000000 50.000000 50.000000 50.000000 50.000000 50.000000 50.000000 50.000000 50.000000 50.000000 50.000000 50.000000 50.000000 50.000000 50.000000 50.000000 50.000000 50.000000 50.000000 50.000000 50.000000 50.000000 50.000000 50.000000 50.000000 50.000000 
