50.000000 50.000000 50.000000 50.000000 50.000000 50.000000 50.000000 50.000000 50.000000 50.000000 50.000000 50.000000 50.000000 50.000000 50.000000 50.000000 50.000000 50.000000 50.000000 50.000000 50.000000 50.000000 50.000000 50.000000 50.000000 50.000000 50.000000 50.000000 50.000000 50.000000 50.000000 50.000000 50.000000 50.000000 50.000000 50.000000 50.000000 50.000000 50.000000 50.000000 50.000000 50.000000 50.000000 50.000000 50.000000 50.000000 50.000000 50.000000 50.000000 50.000000 
50.000000 48.813755 47.671680 46.613013 45.668053 44.855734 44.183085 43.646414 43.233732 42.927776 42.709002 42.558060 42.457532 42.392874 42.352693 42.328553 42.314528 42.306642 42.302348 42.300085 42.298927 42.298354 42.298078 42.297949 42.297890 42.297863 42.297848 42.297836 42.297816 42.297774 42.297683 42.297487 42.297075 42.296232 42.294547 42.291261 42.285000 42.273336 42.252057 42.213979 42.146963 42.030536 41.829858 41.484161 40.882592 39.808361 37.794529 33.707435 24.406878 0.000000 
50.000000 47.671680 45.430055 43.352143 41.497413 39.903030 38.582789 37.529442 36.719455 36.118947 35.689554 35.393299 35.195994 35.069090 34.990227 34.942850 34.915322 34.899844 34.891419 34.886976 34.884705 34.883579 34.883037 34.882784 34.882669 34.882615 34.882588 34.882564 34.882526 34.882448 34.882277 34.881911 34.881143 34.879572 34.876439 34.870340 34.858746 34.837214 34.798092 34.728448 34.606730 34.397313 34.041350 33.440812 32.429408 30.717632 27.788436 22.715027 13.964245 0.000000 
50.000000 46.613013 43.352143 40.329432 37.631386 35.312070 33.391553 31.859285 30.681032 29.807505 29.182894 28.751954 28.464952 28.280358 28.165645 28.096731 28.056691 28.034178 28.021923 28.015461 28.012157 28.010520 28.009732 28.009364 28.009196 28.009119 28.009080 28.009047 28.008996 28.008890 28.008661 28.008171 28.007144 28.005050 28.000883 27.992795 27.977483 27.949179 27.898065 27.807778 27.651584 27.386491 26.944231 26.217390 25.038339 23.148935 20.164716 15.563707 8.818484 0.000000 
50.000000 45.668053 41.497413 37.631386 34.180616 31.214250 28.757954 26.798233 25.291298 24.174104 23.375267 22.824129 22.457080 22.221006 22.074301 21.986171 21.934966 21.906177 21.890505 21.882241 21.878017 21.875923 21.874916 21.874445 21.874230 21.874133 21.874083 21.874043 21.873984 21.873863 21.873602 21.873044 21.871878 21.869507 21.864804 21.855715 21.838589 21.807126 21.750730 21.652049 21.483376 21.201525 20.740800 20.003816 18.850763 17.090308 14.482452 10.779781 5.859692 0.000000 
50.000000 44.855734 39.903030 35.312070 31.214250 27.691683 24.774845 22.447704 20.658256 19.331630 18.383052 17.728612 17.292771 17.012456 16.838262 16.733620 16.672822 16.638639 16.620032 16.610220 16.605205 16.602719 16.601524 16.600965 16.600711 16.600595 16.600537 16.600494 16.600432 16.600308 16.600040 16.599470 16.598283 16.595876 16.591121 16.581974 16.564837 16.533569 16.477986 16.381725 16.219274 15.952126 15.524151 14.856801 13.845842 12.363487 10.273731 7.473622 3.973142 0.000000 
50.000000 44.183085 38.582789 33.391553 28.757954 24.774845 21.476681 18.845329 16.821979 15.321964 14.249420 13.509464 13.016679 12.699745 12.502798 12.384490 12.315753 12.277108 12.256072 12.244980 12.239310 12.236501 12.235149 12.234518 12.234230 12.234100 12.234037 12.233992 12.233932 12.233814 12.233562 12.233026 12.231914 12.229668 12.225251 12.216798 12.201057 12.172541 12.122292 12.036174 11.892676 11.660318 11.295029 10.738340 9.918044 8.754138 7.174163 5.141977 2.698924 0.000000 
50.000000 43.646414 37.529442 31.859285 26.798233 22.447704 18.845329 15.971296 13.761361 12.123039 10.951617 10.143456 9.605257 9.259120 9.044030 8.914826 8.839760 8.797557 8.774585 8.762472 8.756281 8.753213 8.751737 8.751048 8.750734 8.750593 8.750526 8.750482 8.750427 8.750322 8.750100 8.749630 8.748660 8.746707 8.742883 8.735605 8.722137 8.697917 8.655606 8.583831 8.465679 8.277100 7.985648 7.550301 6.923554 6.057433 4.915053 3.488092 1.816556 0.000000 
50.000000 43.233732 36.719455 30.681032 25.291298 20.658256 16.821979 13.761361 11.407976 9.663329 8.415898 7.555310 6.982206 6.613626 6.384593 6.247016 6.167087 6.122152 6.097692 6.084795 6.078204 6.074937 6.073366 6.072633 6.072299 6.072150 6.072080 6.072037 6.071989 6.071902 6.071718 6.071331 6.070534 6.068937 6.065825 6.059934 6.049099 6.029756 5.996245 5.939951 5.848325 5.703988 5.484261 5.161661 4.706131 4.089773 3.294541 2.322142 1.203196 0.000000 
50.000000 42.927776 36.118947 29.807505 24.174104 19.331630 15.321964 12.123039 9.663329 7.839877 6.536115 5.636676 5.037707 4.652499 4.413137 4.269358 4.185827 4.138867 4.113306 4.099829 4.092941 4.089528 4.087886 4.087120 4.086771 4.086616 4.086545 4.086505 4.086464 4.086394 4.086250 4.085948 4.085329 4.084094 4.081698 4.077186 4.068938 4.054314 4.029180 3.987339 3.919938 3.815004 3.657359 3.429288 3.112356 2.690728 2.155922 1.512217 0.780814 0.000000 
50.000000 42.709002 35.689554 29.182894 23.375267 18.383052 14.249420 10.951617 8.415898 6.536115 5.192091 4.264885 3.647433 3.250342 3.003601 2.855390 2.769286 2.720881 2.694534 2.680642 2.673542 2.670024 2.668332 2.667542 2.667184 2.667024 2.666952 2.666915 2.666881 2.666828 2.666720 2.666496 2.666040 2.665131 2.663378 2.660093 2.654123 2.643606 2.625665 2.596045 2.548776 2.475947 2.367786 2.213246 2.001327 1.723218 1.375116 0.961106 0.495022 0.000000 
50.000000 42.558060 35.393299 28.751954 22.824129 17.728612 13.509464 10.143456 7.555310 5.636676 4.264885 3.318533 2.688336 2.283054 2.031225 1.879960 1.792084 1.742682 1.715793 1.701616 1.694371 1.690780 1.689053 1.688247 1.687881 1.687719 1.687647 1.687612 1.687584 1.687545 1.687468 1.687310 1.686988 1.686352 1.685128 1.682846 1.678722 1.671501 1.659266 1.639220 1.607496 1.559065 1.487850 1.387172 1.250625 1.073399 0.853889 0.595207 0.306003 0.000000 
50.000000 42.457532 35.195994 28.464952 22.457080 17.292771 13.016679 9.605257 6.982206 5.037707 3.647433 2.688336 2.049657 1.638924 1.383710 1.230414 1.141358 1.091294 1.064045 1.049678 1.042335 1.038697 1.036947 1.036131 1.035760 1.035596 1.035524 1.035490 1.035468 1.035440 1.035387 1.035280 1.035063 1.034637 1.033820 1.032303 1.029576 1.024829 1.016835 1.003826 0.983393 0.952450 0.907340 0.844138 0.759202 0.649954 0.515772 0.358780 0.184197 0.000000 
50.000000 42.392874 35.069090 28.280358 22.221006 17.012456 12.699745 9.259120 6.613626 4.652499 3.250342 2.283054 1.638924 1.224688 0.967299 0.812698 0.722884 0.672395 0.644914 0.630425 0.623021 0.619351 0.617587 0.616764 0.616390 0.616225 0.616153 0.616121 0.616102 0.616082 0.616047 0.615977 0.615838 0.615563 0.615040 0.614074 0.612344 0.609348 0.604332 0.596220 0.583561 0.564527 0.536983 0.498688 0.447619 0.382416 0.302876 0.210344 0.107874 0.000000 
50.000000 42.352693 34.990227 28.165645 22.074301 16.838262 12.502798 9.044030 6.384593 4.413137 3.003601 2.031225 1.383710 0.967299 0.708561 0.553149 0.462865 0.412112 0.384488 0.369923 0.362480 0.358792 0.357018 0.356191 0.355815 0.355649 0.355578 0.355546 0.355530 0.355516 0.355493 0.355450 0.355363 0.355194 0.354872 0.354280 0.353225 0.351407 0.348379 0.343508 0.335951 0.324660 0.308425 0.286000 0.256288 0.218587 0.172849 0.119887 0.061431 0.000000 
50.000000 42.328553 34.942850 28.096731 21.986171 16.733620 12.384490 8.914826 6.247016 4.269358 2.855390 1.879960 1.230414 0.812698 0.553149 0.397252 0.306686 0.255774 0.228064 0.213454 0.205988 0.202288 0.200509 0.199679 0.199302 0.199136 0.199065 0.199034 0.199019 0.199009 0.198995 0.198968 0.198917 0.198816 0.198626 0.198277 0.197658 0.196595 0.194832 0.192012 0.187660 0.181191 0.171942 0.159239 0.142499 0.121367 0.095849 0.066411 0.034006 0.000000 
50.000000 42.314528 34.915322 28.056691 21.934966 16.672822 12.315753 8.839760 6.167087 4.185827 2.769286 1.792084 1.141358 0.722884 0.462865 0.306686 0.215957 0.164953 0.137193 0.122557 0.115077 0.111371 0.109589 0.108757 0.108380 0.108213 0.108142 0.108112 0.108098 0.108090 0.108081 0.108066 0.108036 0.107978 0.107870 0.107672 0.107321 0.106722 0.105732 0.104155 0.101733 0.098150 0.093053 0.086085 0.076946 0.065459 0.051641 0.035750 0.018296 0.000000 
50.000000 42.306642 34.899845 28.034179 21.906177 16.638639 12.277108 8.797557 6.122152 4.138867 2.720881 1.742682 1.091294 0.672395 0.412112 0.255774 0.164953 0.113898 0.086110 0.071459 0.063972 0.060262 0.058478 0.057645 0.057268 0.057101 0.057030 0.057000 0.056987 0.056980 0.056974 0.056966 0.056949 0.056917 0.056857 0.056749 0.056557 0.056231 0.055694 0.054842 0.053538 0.051618 0.048897 0.045194 0.040357 0.034299 0.027034 0.018702 0.009567 0.000000 
50.000000 42.302349 34.891419 28.021923 21.890505 16.620032 12.256072 8.774585 6.097693 4.113307 2.694534 1.715793 1.064045 0.644914 0.384488 0.228064 0.137193 0.086110 0.058307 0.043648 0.036157 0.032445 0.030660 0.029827 0.029449 0.029282 0.029211 0.029181 0.029169 0.029163 0.029159 0.029154 0.029145 0.029128 0.029096 0.029039 0.028937 0.028765 0.028484 0.028038 0.027359 0.026362 0.024955 0.023047 0.020563 0.017462 0.013753 0.009508 0.004862 0.000000 
50.000000 42.300085 34.886976 28.015461 21.882241 16.610221 12.244981 8.762473 6.084796 4.099830 2.680643 1.701617 1.049679 0.630426 0.369924 0.213455 0.122558 0.071460 0.043649 0.028985 0.021492 0.017779 0.015994 0.015160 0.014782 0.014616 0.014545 0.014515 0.014503 0.014497 0.014494 0.014491 0.014487 0.014478 0.014461 0.014432 0.014380 0.014293 0.014149 0.013924 0.013581 0.013079 0.012374 0.011420 0.010182 0.008640 0.006801 0.004699 0.002402 0.000000 
50.000000 42.298928 34.884705 28.012159 21.878018 16.605207 12.239313 8.756284 6.078207 4.092944 2.673545 1.694373 1.042338 0.623024 0.362483 0.205991 0.115080 0.063975 0.036159 0.021494 0.014000 0.010286 0.008501 0.007667 0.007289 0.007123 0.007051 0.007022 0.007009 0.007004 0.007002 0.007000 0.006998 0.006993 0.006985 0.006970 0.006945 0.006902 0.006831 0.006720 0.006552 0.006308 0.005964 0.005501 0.004901 0.004157 0.003270 0.002259 0.001154 0.000000 
50.000000 42.298355 34.883581 28.010524 21.875927 16.602725 12.236506 8.753219 6.074944 4.089535 2.670031 1.690787 1.038704 0.619359 0.358800 0.202296 0.111379 0.060269 0.032452 0.017786 0.010291 0.006577 0.004791 0.003958 0.003580 0.003413 0.003342 0.003312 0.003300 0.003295 0.003293 0.003292 0.003290 0.003288 0.003284 0.003277 0.003265 0.003244 0.003210 0.003158 0.003078 0.002962 0.002799 0.002580 0.002298 0.001948 0.001531 0.001057 0.000540 0.000000 
50.000000 42.298081 34.883044 28.009742 21.874927 16.601538 12.235164 8.751754 6.073384 4.087904 2.668351 1.689073 1.036967 0.617607 0.357038 0.200529 0.109608 0.058497 0.030679 0.016012 0.008517 0.004803 0.003017 0.002184 0.001806 0.001639 0.001568 0.001538 0.001526 0.001521 0.001519 0.001518 0.001518 0.001517 0.001515 0.001511 0.001506 0.001496 0.001480 0.001455 0.001418 0.001364 0.001289 0.001187 0.001057 0.000895 0.000704 0.000486 0.000248 0.000000 
50.000000 42.297957 34.882800 28.009387 21.874474 16.600999 12.234556 8.751090 6.072677 4.087166 2.667590 1.688295 1.036179 0.616813 0.356240 0.199728 0.108806 0.057694 0.029876 0.015209 0.007714 0.003999 0.002213 0.001380 0.001002 0.000835 0.000764 0.000734 0.000722 0.000718 0.000716 0.000715 0.000714 0.000714 0.000713 0.000711 0.000708 0.000704 0.000696 0.000684 0.000667 0.000641 0.000605 0.000558 0.000496 0.000420 0.000330 0.000228 0.000116 0.000000 
50.000000 42.297909 34.882707 28.009252 21.874301 16.600794 12.234324 8.750836 6.072407 4.086884 2.667299 1.687999 1.035879 0.616510 0.355935 0.199423 0.108500 0.057388 0.029569 0.014902 0.007407 0.003693 0.001907 0.001073 0.000695 0.000529 0.000458 0.000428 0.000416 0.000411 0.000409 0.000408 0.000408 0.000408 0.000407 0.000406 0.000404 0.000402 0.000397 0.000391 0.000380 0.000366 0.000345 0.000318 0.000283 0.000239 0.000188 0.000130 0.000066 0.000000 
50.000000 42.297909 34.882707 28.009252 21.874301 16.600794 12.234324 8.750836 6.072407 4.086884 2.667299 1.687999 1.035879 0.616510 0.355935 0.199423 0.108500 0.057388 0.029569 0.014902 0.007407 0.003693 0.001907 0.001073 0.000695 0.000529 0.000458 0.000428 0.000416 0.000411 0.000409 0.000408 0.000408 0.000408 0.000407 0.000406 0.000404 0.000402 0.000397 0.000391 0.000380 0.000366 0.000345 0.000318 0.000283 0.000239 0.000188 0.000130 0.000066 0.000000 
50.000000 42.297957 34.882800 28.009387 21.874474 16.600999 12.234556 8.751090 6.072677 4.087166 2.667590 1.688295 1.036179 0.616813 0.356240 0.199728 0.108806 0.057694 0.029876 0.015209 0.007714 0.003999 0.002213 0.001380 0.001002 0.000835 0.000764 0.000734 0.000722 0.000718 0.000716 0.000715 0.000714 0.000714 0.000713 0.000711 0.000708 0.000704 0.000696 0.000684 0.000667 0.000641 0.000605 0.000558 0.000496 0.000420 0.000330 0.000228 0.000116 0.000000 
50.000000 42.298081 34.883044 28.009742 21.874927 16.601538 12.235164 8.751754 6.073384 4.087904 2.668351 1.689073 1.036967 0.617607 0.357038 0.200529 0.109608 0.058497 0.030679 0.016012 0.008517 0.004803 0.003017 0.002184 0.001806 0.001639 0.001568 0.001538 0.001526 0.001521 0.001519 0.001518 0.001518 0.001517 0.001515 0.001511 0.001506 0.001496 0.001480 0.001455 0.001418 0.001364 0.001289 0.001187 0.001057 0.000895 0.000704 0.000486 0.000248 0.000000 
50.000000 42.298355 34.883581 28.010524 21.875927 16.602725 12.236506 8.753219 6.074944 4.089535 2.670031 1.690787 1.038704 0.619359 0.358800 0.202296 0.111379 0.060269 0.032452 0.017786 0.010291 0.006577 0.004791 0.003958 0.003580 0.003413 0.003342 0.003312 0.003300 0.003295 0.003293 0.003292 0.003290 0.003288 0.003284 0.003277 0.003265 0.003244 0.003210 0.003158 0.003078 0.002962 0.002799 0.002580 0.002298 0.001948 0.001531 0.001057 0.000540 0.000000 
50.000000 42.298928 34.884705 28.012159 21.878018 16.605207 12.239313 8.756284 6.078207 4.092944 2.673545 1.694373 1.042338 0.623024 0.362483 0.205991 0.115080 0.063975 0.036159 0.021494 0.014000 0.010286 0.008501 0.007667 0.007289 0.007123 0.007051 0.007022 0.007009 0.007004 0.007002 0.007000 0.006998 0.006993 0.006985 0.006970 0.006945 0.006902 0.006831 0.006720 0.006552 0.006308 0.005964 0.005501 0.004901 0.004157 0.003270 0.002259 0.001154 0.000000 
50.000000 42.300085 34.886976 28.015461 21.882241 16.610221 12.244981 8.762473 6.084796 4.099830 2.680643 1.701617 1.049679 0.630426 0.369924 0.213455 0.122558 0.071460 0.043649 0.028985 0.021492 0.017779 0.015994 0.015160 0.014782 0.014616 0.014545 0.014515 0.014503 0.014497 0.014494 0.014491 0.014487 0.014478 0.014461 0.014432 0.014380 0.014293 0.014149 0.013924 0.013581 0.013079 0.012374 0.011420 0.010182 0.008640 0.006801 0.004699 0.002402 0.000000 
50.000000 42.302349 34.891419 28.021923 21.890505 16.620032 12.256072 8.774585 6.097693 4.113307 2.694534 1.715793 1.064045 0.644914 0.384488 0.228064 0.137193 0.086110 0.058307 0.043648 0.036157 0.032445 0.030660 0.029827 0.029449 0.029282 0.029211 0.029181 0.029169 0.029163 0.029159 0.029154 0.029145 0.029128 0.029096 0.029039 0.028937 0.028765 0.028484 0.028038 0.027359 0.026362 0.024955 0.023047 0.020563 0.017462 0.013753 0.009508 0.004862 0.000000 
50.000000 42.306642 34.899845 28.034179 21.906177 16.638639 12.277108 8.797557 6.122152 4.138867 2.720881 1.742682 1.091294 0.672395 0.412112 0.255774 0.164953 0.113898 0.086110 0.071459 0.063972 0.060262 0.058478 0.057645 0.057268 0.057101 0.057030 0.057000 0.056987 0.056980 0.056974 0.056966 0.056949 0.056917 0.056857 0.056749 0.056557 0.056231 0.055694 0.054842 0.053538 0.051618 0.048897 0.045194 0.040357 0.034299 0.027034 0.018702 0.009567 0.000000 
50.000000 42.314528 34.915322 28.056691 21.934966 16.672822 12.315753 8.839760 6.167087 4.185827 2.769286 1.792084 1.141358 0.722884 0.462865 0.306686 0.215957 0.164953 0.137193 0.122557 0.115077 0.111371 0.109589 0.108757 0.108380 0.108213 0.108142 0.108112 0.108098 0.108090 0.108081 0.108066 0.108036 0.107978 0.107870 0.107672 0.107321 0.106722 0.105732 0.104155 0.101733 0.098150 0.093053 0.086085 0.076946 0.065459 0.051641 0.035750 0.018296 0.000000 
50.000000 42.328553 34.942850 28.096731 21.986171 16.733620 12.384490 8.914826 6.247016 4.269358 2.855390 1.879960 1.230414 0.812698 0.553149 0.397252 0.306686 0.255774 0.228064 0.213454 0.205988 0.202288 0.200509 0.199679 0.199302 0.199136 0.199065 0.199034 0.199019 0.199009 0.198995 0.198968 0.198917 0.198816 0.198626 0.198277 0.197658 0.196595 0.194832 0.192012 0.187660 0.181191 0.171942 0.159239 0.142499 0.121367 0.095849 0.066411 0.034006 0.000000 
50.000000 42.352693 34.990227 28.165645 22.074301 16.838262 12.502798 9.044030 6.384593 4.413137 3.003601 2.031225 1.383710 0.967299 0.708561 0.553149 0.462865 0.412112 0.384488 0.369923 0.362480 0.358792 0.357018 0.356191 0.355815 0.355649 0.355578 0.355546 0.355530 0.355516 0.355493 0.355450 0.355363 0.355194 0.354872 0.354280 0.353225 0.351407 0.348379 0.343508 0.335951 0.324660 0.308425 0.286000 0.256288 0.218587 0.172849 0.119887 0.061431 0.000000 
50.000000 42.392874 35.069090 28.280358 22.221006 17.012456 12.699745 9.259120 6.613626 4.652499 3.250342 2.283054 1.638924 1.224688 0.967299 0.812698 0.722884 0.672395 0.644914 0.630425 0.623021 0.619351 0.617587 0.616764 0.616390 0.616225 0.616153 0.616121 0.616102 0.616082 0.616047 0.615977 0.615838 0.615563 0.615040 0.614074 0.612344 0.609348 0.604332 0.596220 0.583561 0.564527 0.536983 0.498688 0.447619 0.382416 0.302876 0.210344 0.107874 0.000000 
50.000000 42.457532 35.195994 28.464952 22.457080 17.292771 13.016679 9.605257 6.982206 5.037707 3.647433 2.688336 2.049657 1.638924 1.383710 1.230414 1.141358 1.091294 1.064045 1.049678 1.042335 1.038697 1.036947 1.036131 1.035760 1.035596 1.035524 1.035490 1.035468 1.035440 1.035387 1.035280 1.035063 1.034637 1.033820 1.032303 1.029576 1.024829 1.016835 1.003826 0.983393 0.952450 0.907340 0.844138 0.759202 0.649954 0.515772 0.358780 0.184197 0.000000 
50.000000 42.558060 35.393299 28.751954 22.824129 17.728612 13.509464 10.143456 7.555310 5.636676 4.264885 3.318533 2.688336 2.283054 2.031225 1.879960 1.792084 1.742682 1.715793 1.701616 1.694371 1.690780 1.689053 1.688247 1.687881 1.687719 1.687647 1.687612 1.687584 1.687545 1.687468 1.687310 1.686988 1.686352 1.685128 1.682846 1.678722 1.671501 1.659266 1.639220 1.607496 1.559065 1.487850 1.387172 1.250625 1.073399 0.853889 0.595207 0.306003 0.000000 
50.000000 42.709002 35.689554 29.182894 23.375267 18.383052 14.249420 10.951617 8.415898 6.536115 5.192091 4.264885 3.647433 3.250342 3.003601 2.855390 2.769286 2.720881 2.694534 2.680642 2.673542 2.670024 2.668332 2.667542 2.667184 2.667024 2.666952 2.666915 2.666881 2.666828 2.666720 2.666496 2.666040 2.665131 2.663378 2.660093 2.654123 2.643606 2.625665 2.596045 2.548776 2.475947 2.367786 2.213246 2.001327 1.723218 1.375116 0.961106 0.495022 0.000000 
50.000000 42.927776 36.118947 29.807505 24.174104 19.331630 15.321964 12.123039 9.663329 7.839877 6.536115 5.636676 5.037707 4.652499 4.413137 4.269358 4.185827 4.138867 4.113306 4.099829 4.092941 4.089528 4.087886 4.087120 4.086771 4.086616 4.086545 4.086505 4.086464 4.086394 4.086250 4.085948 4.085329 4.084094 4.081698 4.077186 4.068938 4.054314 4.029180 3.987339 3.919938 3.815004 3.657359 3.429288 3.112356 2.690728 2.155922 1.512217 0.780814 0.000000 
50.000000 43.233732 36.719455 30.681032 25.291298 20.658256 16.821979 13.761361 11.407976 9.663329 8.415898 7.555310 6.982206 6.613626 6.384593 6.247016 6.167087 6.122152 6.097692 6.084795 6.078204 6.074937 6.073366 6.072633 6.072299 6.072150 6.072080 6.072037 6.071989 6.071902 6.071718 6.071331 6.070534 6.068937 6.065825 6.059934 6.049099 6.029756 5.996245 5.939951 5.848325 5.703988 5.484261 5.161661 4.706131 4.089773 3.294541 2.322142 1.203196 0.000000 
50.000000 43.646414 37.529442 31.859285 26.798233 22.447704 18.845329 15.971296 13.761361 12.123039 10.951617 10.143456 9.605257 9.259120 9.044030 8.914826 8.839760 8.797557 8.774585 8.762472 8.756281 8.753213 8.751737 8.751048 8.750734 8.750593 8.750526 8.750482 8.750427 8.750322 8.750100 8.749630 8.748660 8.746707 8.742883 8.735605 8.722137 8.697917 8.655606 8.583831 8.465679 8.277100 7.985648 7.550301 6.923554 6.057433 4.915053 3.488092 1.816556 0.000000 
50.000000 44.183085 38.582789 33.391553 28.757954 24.774845 21.476681 18.845329 16.821979 15.321964 14.249420 13.509464 13.016679 12.699745 12.502798 12.384490 12.315753 12.277108 12.256072 12.244980 12.239310 12.236501 12.235149 12.234518 12.234230 12.234100 12.234037 12.233992 12.233932 12.233814 12.233562 12.233026 12.231914 12.229668 12.225251 12.216798 12.201057 12.172541 12.122292 12.036174 11.892676 11.660318 11.295029 10.738340 9.918044 8.754138 7.174163 5.141977 2.698924 0.000000 
50.000000 44.855734 39.903030 35.312070 31.214250 27.691683 24.774845 22.447704 20.658256 19.331630 18.383052 17.728612 17.292771 17.012456 16.838262 16.733620 16.672822 16.638639 16.620032 16.610220 16.605205 16.602719 16.601524 16.600965 16.600711 16.600595 16.600537 16.600494 16.600432 16.600308 16.600040 16.599470 16.598283 16.595876 16.591121 16.581974 16.564837 16.533569 16.477986 16.381725 16.219274 15.952126 15.524151 14.856801 13.845842 12.363487 10.273731 7.473622 3.973142 0.000000 
50.000000 45.668053 41.497413 37.631386 34.180616 31.214250 28.757954 26.798233 25.291298 24.174104 23.375267 22.824129 22.457080 22.221006 22.074301 21.986171 21.934966 21.906177 21.890505 21.882241 21.878017 21.875923 21.874916 21.874445 21.874230 21.874133 21.874083 21.874043 21.873984 21.873863 21.873602 21.873044 21.871878 21.869507 21.864804 21.855715 21.838589 21.807126 21.750730 21.652049 21.483376 21.201525 20.740800 20.003816 18.850763 17.090308 14.482452 10.779781 5.859692 0.000000 
50.000000 46.613013 43.352143 40.329432 37.631386 35.312070 33.391553 31.859285 30.681032 29.807505 29.182894 28.751954 28.464952 28.280358 28.165645 28.096731 28.056691 28.034178 28.021923 28.015461 28.012157 28.010520 28.009732 28.009364 28.009196 28.009119 28.009080 28.009047 28.008996 28.008890 28.008661 28.008171 28.007144 28.005050 28.000883 27.992795 27.977483 27.949179 27.898065 27.807778 27.651584 27.386491 26.944231 26.217390 25.038339 23.148935 20.164716 15.563707 8.818484 0.000000 
50.000000 47.671680 45.430055 43.352143 41.497413 39.903030 38.582789 37.529442 36.719455 36.118947 35.689554 35.393299 35.195994 35.069090 34.990227 34.942850 34.915322 34.899844 34.891419 34.886976 34.884705 34.883579 34.883037 34.882784 34.882669 34.882615 34.882588 34.882564 34.882526 34.882448 34.882277 34.881911 34.881143 34.879572 34.876439 34.870340 34.858746 34.837214 34.798092 34.728448 34.606730 34.397313 34.041350 33.440812 32.429408 30.717632 27.788436 22.715027 13.964245 0.000000 
50.000000 48.813755 47.671680 46.613013 45.668053 44.855734 44.183085 43.646414 43.233732 42.927776 42.709002 42.558060 42.457532 42.392874 42.352693 42.328553 42.314528 42.306642 42.302348 42.300085 42.298927 42.298354 42.298078 42.297949 42.297890 42.297863 42.297848 42.297836 42.297816 42.297774 42.297683 42.297487 42.297075 42.296232 42.294547 42.291261 42.285000 42.273336 42.252057 42.213979 42.146963 42.030536 41.829858 41.484161 40.882592 39.808361 37.794529 33.707435 24.406878 0.000000 
50.000000 50.000000 50.000000 50.000000 50.000000 50.000000 50.000000 50.000000 50.000000 50.000000 50.000000 50.000000 50.000000 50.000000 50.000000 50.000000 50.000000 50.000000 50.000000 50.000000 50.000000 50.000000 50.000000 50.000000 50.000000 50.000000 50.000000 50.000000 50.000000 50.000000 50.000000 50.000000 50.000000 50.000000 50.000000 50.000000 50.000000 50.000000 50.000000 50.000000 50.000000 50.000000 50.000000 50.000000 50.000000 50.000000 50.000000 50.000000 50.000000 50.000000 
