50.000000 50.000000 50.000000 50.000000 50.000000 50.000000 50.000000 50.000000 50.000000 50.000000 50.000000 50.000000 50.000000 50.000000 50.000000 50.000000 50.000000 50.000000 50.000000 50.000000 50.000000 50.000000 50.000000 50.000000 50.000000 50.000000 50.000000 50.000000 50.000000 50.000000 50.000000 50.000000 50.000000 50.000000 50.000000 50.000000 50.000000 50.000000 50.000000 50.000000 50.000000 50.000000 50.000000 50.000000 50.000000 50.000000 50.000000 50.000000 50.000000 50.000000 
50.000000 46.193299 42.840043 40.232409 38.435139 37.331500 36.724149 36.422776 36.287120 36.231408 36.210419 36.203130 36.200785 36.200083 36.199887 36.199836 36.199823 36.199820 36.199819 36.199819 36.199819 36.199819 36.199819 36.199819 36.199819 36.199819 36.199819 36.199819 36.199819 36.199819 36.199819 36.199819 36.199819 36.199819 36.199818 36.199815 36.199803 36.199751 36.199554 36.198843 36.196431 36.188709 36.165389 36.098793 35.917988 35.446705 34.247388 31.189395 23.096649 0.000000 
50.000000 42.840043 36.533085 31.628716 28.248643 26.173206 25.031151 24.464506 24.209471 24.104743 24.065293 24.051592 24.047186 24.045868 24.045499 24.045403 24.045379 24.045374 24.045373 24.045372 24.045372 24.045372 24.045372 24.045372 24.045372 24.045372 24.045372 24.045372 24.045372 24.045372 24.045372 24.045372 24.045372 24.045372 24.045371 24.045366 24.045346 24.045264 24.044954 24.043842 24.040099 24.028247 23.993010 23.894646 23.636659 22.999811 21.517349 18.266543 11.650648 0.000000 
50.000000 40.232409 31.628716 24.938736 20.328385 17.497808 15.940402 15.167777 14.820083 14.677328 14.623563 14.604894 14.598891 14.597095 14.596594 14.596462 14.596430 14.596423 14.596421 14.596421 14.596421 14.596421 14.596421 14.596421 14.596421 14.596421 14.596421 14.596421 14.596421 14.596421 14.596421 14.596421 14.596421 14.596420 14.596419 14.596414 14.596393 14.596310 14.595993 14.594870 14.591127 14.579433 14.545297 14.452373 14.217087 13.664766 12.469368 10.111367 5.985021 0.000000 
50.000000 38.435139 28.248643 20.328385 14.870655 11.520178 9.676951 8.762660 8.351279 8.182404 8.118812 8.096736 8.089638 8.087515 8.086922 8.086767 8.086729 8.086720 8.086718 8.086718 8.086718 8.086718 8.086718 8.086718 8.086718 8.086718 8.086718 8.086718 8.086718 8.086718 8.086718 8.086718 8.086718 8.086717 8.086717 8.086713 8.086696 8.086629 8.086379 8.085498 8.082594 8.073645 8.047984 7.979758 7.812319 7.435327 6.663619 5.248833 2.988434 0.000000 
50.000000 37.331500 26.173206 17.497808 11.520178 7.850891 5.832502 4.831456 4.381103 4.196257 4.126663 4.102507 4.094741 4.092419 4.091771 4.091601 4.091560 4.091550 4.091548 4.091547 4.091547 4.091547 4.091547 4.091547 4.091547 4.091547 4.091547 4.091547 4.091547 4.091547 4.091547 4.091547 4.091547 4.091547 4.091547 4.091544 4.091533 4.091489 4.091325 4.090752 4.088882 4.083196 4.067151 4.025358 3.925445 3.707859 3.280721 2.536547 1.413513 0.000000 
50.000000 36.724149 25.031151 15.940402 9.676951 5.832502 3.717948 2.669311 2.197599 2.004010 1.931132 1.905839 1.897709 1.895279 1.894601 1.894423 1.894380 1.894369 1.894367 1.894367 1.894367 1.894367 1.894367 1.894367 1.894367 1.894367 1.894367 1.894367 1.894367 1.894367 1.894367 1.894367 1.894367 1.894367 1.894366 1.894365 1.894358 1.894333 1.894241 1.893922 1.892887 1.889777 1.881124 1.858974 1.807144 1.697193 1.488030 1.136505 0.625356 0.000000 
50.000000 36.422776 24.464506 15.167777 8.762660 4.831456 2.669311 1.597145 1.114883 0.916980 0.842484 0.816632 0.808323 0.805839 0.805146 0.804965 0.804920 0.804910 0.804908 0.804907 0.804907 0.804907 0.804907 0.804907 0.804907 0.804907 0.804907 0.804907 0.804907 0.804907 0.804907 0.804907 0.804907 0.804907 0.804907 0.804906 0.804903 0.804891 0.804845 0.804688 0.804186 0.802688 0.798572 0.788187 0.764305 0.714676 0.622480 0.471496 0.257387 0.000000 
50.000000 36.287120 24.209471 14.820083 8.351279 4.381103 2.197599 1.114883 0.627898 0.428064 0.352846 0.326744 0.318356 0.315848 0.315149 0.314966 0.314921 0.314910 0.314908 0.314908 0.314907 0.314907 0.314907 0.314907 0.314907 0.314907 0.314907 0.314907 0.314907 0.314907 0.314907 0.314907 0.314907 0.314907 0.314907 0.314907 0.314906 0.314900 0.314880 0.314812 0.314593 0.313949 0.312195 0.307823 0.297908 0.277635 0.240650 0.181223 0.098411 0.000000 
50.000000 36.231408 24.104743 14.677328 8.182404 4.196257 2.004010 0.916980 0.428064 0.227444 0.151931 0.125728 0.117307 0.114790 0.114087 0.113904 0.113859 0.113848 0.113846 0.113845 0.113845 0.113845 0.113845 0.113845 0.113845 0.113845 0.113845 0.113845 0.113845 0.113845 0.113845 0.113845 0.113845 0.113845 0.113845 0.113845 0.113845 0.113842 0.113834 0.113807 0.113722 0.113471 0.112794 0.111122 0.107375 0.099810 0.086202 0.064644 0.034977 0.000000 
50.000000 36.210419 24.065293 14.623563 8.118812 4.126663 1.931132 0.842484 0.352846 0.151931 0.076308 0.050067 0.041634 0.039114 0.038410 0.038226 0.038181 0.038170 0.038168 0.038168 0.038168 0.038168 0.038168 0.038168 0.038168 0.038168 0.038168 0.038168 0.038168 0.038168 0.038168 0.038168 0.038168 0.038168 0.038168 0.038168 0.038167 0.038167 0.038164 0.038154 0.038123 0.038034 0.037795 0.037210 0.035911 0.033314 0.028693 0.021450 0.011576 0.000000 
50.000000 36.203130 24.051592 14.604894 8.096736 4.102507 1.905839 0.816632 0.326744 0.125728 0.050067 0.023813 0.015376 0.012854 0.012151 0.011967 0.011921 0.011911 0.011909 0.011908 0.011908 0.011908 0.011908 0.011908 0.011908 0.011908 0.011908 0.011908 0.011908 0.011908 0.011908 0.011908 0.011908 0.011908 0.011908 0.011908 0.011908 0.011908 0.011907 0.011904 0.011893 0.011864 0.011787 0.011598 0.011182 0.010357 0.008901 0.006639 0.003576 0.000000 
50.000000 36.200785 24.047186 14.598891 8.089638 4.094741 1.897709 0.808323 0.318356 0.117307 0.041634 0.015376 0.006938 0.004416 0.003712 0.003528 0.003482 0.003472 0.003470 0.003469 0.003469 0.003469 0.003469 0.003469 0.003469 0.003469 0.003469 0.003469 0.003469 0.003469 0.003469 0.003469 0.003469 0.003469 0.003469 0.003469 0.003469 0.003469 0.003469 0.003468 0.003465 0.003456 0.003432 0.003376 0.003252 0.003008 0.002581 0.001922 0.001034 0.000000 
50.000000 36.200083 24.045868 14.597095 8.087515 4.092419 1.895279 0.805839 0.315848 0.114790 0.039114 0.012854 0.004416 0.001893 0.001189 0.001005 0.000960 0.000949 0.000947 0.000947 0.000947 0.000947 0.000947 0.000947 0.000947 0.000947 0.000947 0.000947 0.000947 0.000947 0.000947 0.000947 0.000947 0.000947 0.000947 0.000947 0.000947 0.000947 0.000946 0.000946 0.000945 0.000943 0.000936 0.000921 0.000886 0.000819 0.000702 0.000522 0.000280 0.000000 
50.000000 36.199887 24.045499 14.596594 8.086922 4.091771 1.894601 0.805146 0.315149 0.114087 0.038410 0.012151 0.003712 0.001189 0.000485 0.000301 0.000256 0.000246 0.000243 0.000243 0.000243 0.000243 0.000243 0.000243 0.000243 0.000243 0.000243 0.000243 0.000243 0.000243 0.000243 0.000243 0.000243 0.000243 0.000243 0.000243 0.000243 0.000243 0.000243 0.000243 0.000242 0.000242 0.000240 0.000236 0.000227 0.000210 0.000179 0.000133 0.000072 0.000000 
50.000000 36.199836 24.045403 14.596462 8.086767 4.091601 1.894423 0.804965 0.314966 0.113904 0.038226 0.011967 0.003528 0.001005 0.000301 0.000117 0.000072 0.000061 0.000059 0.000059 0.000059 0.000059 0.000059 0.000059 0.000059 0.000059 0.000059 0.000059 0.000059 0.000059 0.000059 0.000059 0.000059 0.000059 0.000059 0.000059 0.000059 0.000059 0.000059 0.000059 0.000059 0.000058 0.000058 0.000057 0.000055 0.000051 0.000043 0.000032 0.000017 0.000000 
50.000000 36.199823 24.045379 14.596430 8.086729 4.091560 1.894380 0.804920 0.314921 0.113859 0.038181 0.011921 0.003482 0.000960 0.000256 0.000072 0.000027 0.000016 0.000014 0.000013 0.000013 0.000013 0.000013 0.000013 0.000013 0.000013 0.000013 0.000013 0.000013 0.000013 0.000013 0.000013 0.000013 0.000013 0.000013 0.000013 0.000013 0.000013 0.000013 0.000013 0.000013 0.000013 0.000013 0.000013 0.000012 0.000012 0.000010 0.000007 0.000004 0.000000 
50.000000 36.199820 24.045374 14.596423 8.086720 4.091550 1.894369 0.804910 0.314910 0.113848 0.038170 0.011911 0.003472 0.000949 0.000246 0.000061 0.000016 0.000006 0.000003 0.000003 0.000003 0.000003 0.000003 0.000003 0.000003 0.000003 0.000003 0.000003 0.000003 0.000003 0.000003 0.000003 0.000003 0.000003 0.000003 0.000003 0.000003 0.000003 0.000003 0.000003 0.000003 0.000003 0.000003 0.000003 0.000003 0.000002 0.000002 0.000002 0.000001 0.000000 
50.000000 36.199819 24.045373 14.596421 8.086718 4.091548 1.894367 0.804908 0.314908 0.113846 0.038168 0.011909 0.003470 0.000947 0.000243 0.000059 0.000014 0.000003 0.000001 0.000001 0.000001 0.000001 0.000001 0.000001 0.000001 0.000001 0.000001 0.000001 0.000001 0.000001 0.000001 0.000001 0.000001 0.000001 0.000001 0.000001 0.000001 0.000001 0.000001 0.000001 0.000001 0.000001 0.000001 0.000001 0.000001 0.000001 0.000000 0.000000 0.000000 0.000000 
50.000000 36.199819 24.045372 14.596421 8.086718 4.091547 1.894367 0.804907 0.314908 0.113845 0.038168 0.011908 0.003469 0.000947 0.000243 0.000059 0.000013 0.000003 0.000001 0.000000 0.000000 0.000000 0.000000 0.000000 0.000000 0.000000 0.000000 0.000000 0.000000 0.000000 0.000000 0.000000 0.000000 0.000000 0.000000 0.000000 0.000000 0.000000 0.000000 0.000000 0.000000 0.000000 0.000000 0.000000 0.000000 0.000000 0.000000 0.000000 0.000000 0.000000 
50.000000 36.199819 24.045372 14.596421 8.086718 4.091547 1.894367 0.804907 0.314907 0.113845 0.038168 0.011908 0.003469 0.000947 0.000243 0.000059 0.000013 0.000003 0.000001 0.000000 0.000000 0.000000 0.000000 0.000000 0.000000 0.000000 0.000000 0.000000 0.000000 0.000000 0.000000 0.000000 0.000000 0.000000 0.000000 0.000000 0.000000 0.000000 0.000000 0.000000 0.000000 0.000000 0.000000 0.000000 0.000000 0.000000 0.000000 0.000000 0.000000 0.000000 
50.000000 36.199819 24.045372 14.596421 8.086718 4.091547 1.894367 0.804907 0.314907 0.113845 0.038168 0.011908 0.003469 0.000947 0.000243 0.000059 0.000013 0.000003 0.000001 0.000000 0.000000 0.000000 0.000000 0.000000 0.000000 0.000000 0.000000 0.000000 0.000000 0.000000 0.000000 0.000000 0.000000 0.000000 0.000000 0.000000 0.000000 0.000000 0.000000 0.000000 0.000000 0.000000 0.000000 0.000000 0.000000 0.000000 0.000000 0.000000 0.000000 0.000000 
50.000000 36.199819 24.045372 14.596421 8.086718 4.091547 1.894367 0.804907 0.314907 0.113845 0.038168 0.011908 0.003469 0.000947 0.000243 0.000059 0.000013 0.000003 0.000001 0.000000 0.000000 0.000000 0.000000 0.000000 0.000000 0.000000 0.000000 0.000000 0.000000 0.000000 0.000000 0.000000 0.000000 0.000000 0.000000 0.000000 0.000000 0.000000 0.000000 0.000000 0.000000 0.000000 0.000000 0.000000 0.000000 0.000000 0.000000 0.000000 0.000000 0.000000 
50.000000 36.199819 24.045372 14.596421 8.086718 4.091547 1.894367 0.804907 0.314907 0.113845 0.038168 0.011908 0.003469 0.000947 0.000243 0.000059 0.000013 0.000003 0.000001 0.000000 0.000000 0.000000 0.000000 0.000000 0.000000 0.000000 0.000000 0.000000 0.000000 0.000000 0.000000 0.000000 0.000000 0.000000 0.000000 0.000000 0.000000 0.000000 0.000000 0.000000 0.000000 0.000000 0.000000 0.000000 0.000000 0.000000 0.000000 0.000000 0.000000 0.000000 
50.000000 36.199819 24.045372 14.596421 8.086718 4.091547 1.894367 0.804907 0.314907 0.113845 0.038168 0.011908 0.003469 0.000947 0.000243 0.000059 0.000013 0.000003 0.000001 0.000000 0.000000 0.000000 0.000000 0.000000 0.000000 0.000000 0.000000 0.000000 0.000000 0.000000 0.000000 0.000000 0.000000 0.000000 0.000000 0.000000 0.000000 0.000000 0.000000 0.000000 0.000000 0.000000 0.000000 0.000000 0.000000 0.000000 0.000000 0.000000 0.000000 0.000000 
50.000000 36.199819 24.045372 14.596421 8.086718 4.091547 1.894367 0.804907 0.314907 0.113845 0.038168 0.011908 0.003469 0.000947 0.000243 0.000059 0.000013 0.000003 0.000001 0.000000 0.000000 0.000000 0.000000 0.000000 0.000000 0.000000 0.000000 0.000000 0.000000 0.000000 0.000000 0.000000 0.000000 0.000000 0.000000 0.000000 0.000000 0.000000 0.000000 0.000000 0.000000 0.000000 0.000000 0.000000 0.000000 0.000000 0.000000 0.000000 0.000000 0.000000 
50.000000 36.199819 24.045372 14.596421 8.086718 4.091547 1.894367 0.804907 0.314907 0.113845 0.038168 0.011908 0.003469 0.000947 0.000243 0.000059 0.000013 0.000003 0.000001 0.000000 0.000000 0.000000 0.000000 0.000000 0.000000 0.000000 0.000000 0.000000 0.000000 0.000000 0.000000 0.000000 0.000000 0.000000 0.000000 0.000000 0.000000 0.000000 0.000000 0.000000 0.000000 0.000000 0.000000 0.000000 0.000000 0.000000 0.000000 0.000000 0.000000 0.000000 
50.000000 36.199819 24.045372 14.596421 8.086718 4.091547 1.894367 0.804907 0.314907 0.113845 0.038168 0.011908 0.003469 0.000947 0.000243 0.000059 0.000013 0.000003 0.000001 0.000000 0.000000 0.000000 0.000000 0.000000 0.000000 0.000000 0.000000 0.000000 0.000000 0.000000 0.000000 0.000000 0.000000 0.000000 0.000000 0.000000 0.000000 0.000000 0.000000 0.000000 0.000000 0.000000 0.000000 0.000000 0.000000 0.000000 0.000000 0.000000 0.000000 0.000000 
50.000000 36.199819 24.045372 14.596421 8.086718 4.091547 1.894367 0.804907 0.314907 0.113845 0.038168 0.011908 0.003469 0.000947 0.000243 0.000059 0.000013 0.000003 0.000001 0.000000 0.000000 0.000000 0.000000 0.000000 0.000000 0.000000 0.000000 0.000000 0.000000 0.000000 0.000000 0.000000 0.000000 0.000000 0.000000 0.000000 0.000000 0.000000 0.000000 0.000000 0.000000 0.000000 0.000000 0.000000 0.000000 0.000000 0.000000 0.000000 0.000000 0.000000 
50.000000 36.199819 24.045372 14.596421 8.086718 4.091547 1.894367 0.804907 0.314907 0.113845 0.038168 0.011908 0.003469 0.000947 0.000243 0.000059 0.000013 0.000003 0.000001 0.000000 0.000000 0.000000 0.000000 0.000000 0.000000 0.000000 0.000000 0.000000 0.000000 0.000000 0.000000 0.000000 0.000000 0.000000 0.000000 0.000000 0.000000 0.000000 0.000000 0.000000 0.000000 0.000000 0.000000 0.000000 0.000000 0.000000 0.000000 0.000000 0.000000 0.000000 
50.000000 36.199819 24.045372 14.596421 8.086718 4.091547 1.894367 0.804907 0.314908 0.113845 0.038168 0.011908 0.003469 0.000947 0.000243 0.000059 0.000013 0.000003 0.000001 0.000000 0.000000 0.000000 0.000000 0.000000 0.000000 0.000000 0.000000 0.000000 0.000000 0.000000 0.000000 0.000000 0.000000 0.000000 0.000000 0.000000 0.000000 0.000000 0.000000 0.000000 0.000000 0.000000 0.000000 0.000000 0.000000 0.000000 0.000000 0.000000 0.000000 0.000000 
50.000000 36.199819 24.045373 14.596421 8.086718 4.091548 1.894367 0.804908 0.314908 0.113846 0.038168 0.011909 0.003470 0.000947 0.000243 0.000059 0.000014 0.000003 0.000001 0.000001 0.000001 0.000001 0.000001 0.000001 0.000001 0.000001 0.000001 0.000001 0.000001 0.000001 0.000001 0.000001 0.000001 0.000001 0.000001 0.000001 0.000001 0.000001 0.000001 0.000001 0.000001 0.000001 0.000001 0.000001 0.000001 0.000001 0.000000 0.000000 0.000000 0.000000 
50.000000 36.199820 24.045374 14.596423 8.086720 4.091550 1.894369 0.804910 0.314910 0.113848 0.038170 0.011911 0.003472 0.000949 0.000246 0.000061 0.000016 0.000006 0.000003 0.000003 0.000003 0.000003 0.000003 0.000003 0.000003 0.000003 0.000003 0.000003 0.000003 0.000003 0.000003 0.000003 0.000003 0.000003 0.000003 0.000003 0.000003 0.000003 0.000003 0.000003 0.000003 0.000003 0.000003 0.000003 0.000003 0.000002 0.000002 0.000002 0.000001 0.000000 
50.000000 36.199823 24.045379 14.596430 8.086729 4.091560 1.894380 0.804920 0.314921 0.113859 0.038181 0.011921 0.003482 0.000960 0.000256 0.000072 0.000027 0.000016 0.000014 0.000013 0.000013 0.000013 0.000013 0.000013 0.000013 0.000013 0.000013 0.000013 0.000013 0.000013 0.000013 0.000013 0.000013 0.000013 0.000013 0.000013 0.000013 0.000013 0.000013 0.000013 0.000013 0.000013 0.000013 0.000013 0.000012 0.000012 0.000010 0.000007 0.000004 0.000000 
50.000000 36.199836 24.045403 14.596462 8.086767 4.091601 1.894423 0.804965 0.314966 0.113904 0.038226 0.011967 0.003528 0.001005 0.000301 0.000117 0.000072 0.000061 0.000059 0.000059 0.000059 0.000059 0.000059 0.000059 0.000059 0.000059 0.000059 0.000059 0.000059 0.000059 0.000059 0.000059 0.000059 0.000059 0.000059 0.000059 0.000059 0.000059 0.000059 0.000059 0.000059 0.000058 0.000058 0.000057 0.000055 0.000051 0.000043 0.000032 0.000017 0.000000 
50.000000 36.199887 24.045499 14.596594 8.086922 4.091771 1.894601 0.805146 0.315149 0.114087 0.038410 0.012151 0.003712 0.001189 0.000485 0.000301 0.000256 0.000246 0.000243 0.000243 0.000243 0.000243 0.000243 0.000243 0.000243 0.000243 0.000243 0.000243 0.000243 0.000243 0.000243 0.000243 0.000243 0.000243 0.000243 0.000243 0.000243 0.000243 0.000243 0.000243 0.000242 0.000242 0.000240 0.000236 0.000227 0.000210 0.000179 0.000133 0.000072 0.000000 
50.000000 36.200083 24.045868 14.597095 8.087515 4.092419 1.895279 0.805839 0.315848 0.114790 0.039114 0.012854 0.004416 0.001893 0.001189 0.001005 0.000960 0.000949 0.000947 0.000947 0.000947 0.000947 0.000947 0.000947 0.000947 0.000947 0.000947 0.000947 0.000947 0.000947 0.000947 0.000947 0.000947 0.000947 0.000947 0.000947 0.000947 0.000947 0.000946 0.000946 0.000945 0.000943 0.000936 0.000921 0.000886 0.000819 0.000702 0.000522 0.000280 0.000000 
50.000000 36.200785 24.047186 14.598891 8.089638 4.094741 1.897709 0.808323 0.318356 0.117307 0.041634 0.015376 0.006938 0.004416 0.003712 0.003528 0.003482 0.003472 0.003470 0.003469 0.003469 0.003469 0.003469 0.003469 0.003469 0.003469 0.003469 0.003469 0.003469 0.003469 0.003469 0.003469 0.003469 0.003469 0.003469 0.003469 0.003469 0.003469 0.003469 0.003468 0.003465 0.003456 0.003432 0.003376 0.003252 0.003008 0.002581 0.001922 0.001034 0.000000 
50.000000 36.203130 24.051592 14.604894 8.096736 4.102507 1.905839 0.816632 0.326744 0.125728 0.050067 0.023813 0.015376 0.012854 0.012151 0.011967 0.011921 0.011911 0.011909 0.011908 0.011908 0.011908 0.011908 0.011908 0.011908 0.011908 0.011908 0.011908 0.011908 0.011908 0.011908 0.011908 0.011908 0.011908 0.011908 0.011908 0.011908 0.011908 0.011907 0.011904 0.011893 0.011864 0.011787 0.011598 0.011182 0.010357 0.008901 0.006639 0.003576 0.000000 
50.000000 36.210419 24.065293 14.623563 8.118812 4.126663 1.931132 0.842484 0.352846 0.151931 0.076308 0.050067 0.041634 0.039114 0.038410 0.038226 0.038181 0.038170 0.038168 0.038168 0.038168 0.038168 0.038168 0.038168 0.038168 0.038168 0.038168 0.038168 0.038168 0.038168 0.038168 0.038168 0.038168 0.038168 0.038168 0.038168 0.038167 0.038167 0.038164 0.038154 0.038123 0.038034 0.037795 0.037210 0.035911 0.033314 0.028693 0.021450 0.011576 0.000000 
50.000000 36.231408 24.104743 14.677328 8.182404 4.196257 2.004010 0.916980 0.428064 0.227444 0.151931 0.125728 0.117307 0.114790 0.114087 0.113904 0.113859 0.113848 0.113846 0.113845 0.113845 0.113845 0.113845 0.113845 0.113845 0.113845 0.113845 0.113845 0.113845 0.113845 0.113845 0.113845 0.113845 0.113845 0.113845 0.113845 0.113845 0.113842 0.113834 0.113807 0.113722 0.113471 0.112794 0.111122 0.107375 0.099810 0.086202 0.064644 0.034977 0.000000 
50.000000 36.287120 24.209471 14.820083 8.351279 4.381103 2.197599 1.114883 0.627898 0.428064 0.352846 0.326744 0.318356 0.315848 0.315149 0.314966 0.314921 0.314910 0.314908 0.314908 0.314907 0.314907 0.314907 0.314907 0.314907 0.314907 0.314907 0.314907 0.314907 0.314907 0.314907 0.314907 0.314907 0.314907 0.314907 0.314907 0.314906 0.314900 0.314880 0.314812 0.314593 0.313949 0.312195 0.307823 0.297908 0.277635 0.240650 0.181223 0.098411 0.000000 
50.000000 36.422776 24.464506 15.167777 8.762660 4.831456 2.669311 1.597145 1.114883 0.916980 0.842484 0.816632 0.808323 0.805839 0.805146 0.804965 0.804920 0.804910 0.804908 0.804907 0.804907 0.804907 0.804907 0.804907 0.804907 0.804907 0.804907 0.804907 0.804907 0.804907 0.804907 0.804907 0.804907 0.804907 0.804907 0.804906 0.804903 0.804891 0.804845 0.804688 0.804186 0.802688 0.798572 0.788187 0.764305 0.714676 0.622480 0.471496 0.257387 0.000000 
50.000000 36.724149 25.031151 15.940402 9.676951 5.832502 3.717948 2.669311 2.197599 2.004010 1.931132 1.905839 1.897709 1.895279 1.894601 1.894423 1.894380 1.894369 1.894367 1.894367 1.894367 1.894367 1.894367 1.894367 1.894367 1.894367 1.894367 1.894367 1.894367 1.894367 1.894367 1.894367 1.894367 1.894367 1.894366 1.894365 1.894358 1.894333 1.894241 1.893922 1.892887 1.889777 1.881124 1.858974 1.807144 1.697193 1.488030 1.136505 0.625356 0.000000 
50.000000 37.331500 26.173206 17.497808 11.520178 7.850891 5.832502 4.831456 4.381103 4.196257 4.126663 4.102507 4.094741 4.092419 4.091771 4.091601 4.091560 4.091550 4.091548 4.091547 4.091547 4.091547 4.091547 4.091547 4.091547 4.091547 4.091547 4.091547 4.091547 4.091547 4.091547 4.091547 4.091547 4.091547 4.091547 4.091544 4.091533 4.091489 4.091325 4.090752 4.088882 4.083196 4.067151 4.025358 3.925445 3.707859 3.280721 2.536547 1.413513 0.000000 
50.000000 38.435139 28.248643 20.328385 14.870655 11.520178 9.676951 8.762660 8.351279 8.182404 8.118812 8.096736 8.089638 8.087515 8.086922 8.086767 8.086729 8.086720 8.086718 8.086718 8.086718 8.086718 8.086718 8.086718 8.086718 8.086718 8.086718 8.086718 8.086718 8.086718 8.086718 8.086718 8.086718 8.086717 8.086717 8.086713 8.086696 8.086629 8.086379 8.085498 8.082594 8.073645 8.047984 7.979758 7.812319 7.435327 6.663619 5.248833 2.988434 0.000000 
50.000000 40.232409 31.628716 24.938736 20.328385 17.497808 15.940402 15.167777 14.820083 14.677328 14.623563 14.604894 14.598891 14.597095 14.596594 14.596462 14.596430 14.596423 14.596421 14.596421 14.596421 14.596421 14.596421 14.596421 14.596421 14.596421 14.596421 14.596421 14.596421 14.596421 14.596421 14.596421 14.596421 14.596420 14.596419 14.596414 14.596393 14.596310 14.595993 14.594870 14.591127 14.579433 14.545297 14.452373 14.217087 13.664766 12.469368 10.111367 5.985021 0.000000 
50.000000 42.840043 36.533085 31.628716 28.248643 26.173206 25.031151 24.464506 24.209471 24.104743 24.065293 24.051592 24.047186 24.045868 24.045499 24.045403 24.045379 24.045374 24.045373 24.045372 24.045372 24.045372 24.045372 24.045372 24.045372 24.045372 24.045372 24.045372 24.045372 24.045372 24.045372 24.045372 24.045372 24.045372 24.045371 24.045366 24.045346 24.045264 24.044954 24.043842 24.040099 24.028247 23.993010 23.894646 23.636659 22.999811 21.517349 18.266543 11.650648 0.000000 
50.000000 46.193299 42.840043 40.232409 38.435139 37.331500 36.724149 36.422776 36.287120 36.231408 36.210419 36.203130 36.200785 36.200083 36.199887 36.199836 36.199823 36.199820 36.199819 36.199819 36.199819 36.199819 36.199819 36.199819 36.199819 36.199819 36.199819 36.199819 36.199819 36.199819 36.199819 36.199819 36.199819 36.199819 36.199818 36.199815 36.199803 36.199751 36.199554 36.198843 36.196431 36.188709 36.165389 36.098793 35.917988 35.446705 34.247388 31.189395 23.096649 0.000000 
50.000000 50.000000 50.000000 50.000000 50.000000 50.000000 50.000000 50.000000 50.000000 50.000000 50.000000 50.000000 50.000000 50.000000 50.000000 50.000000 50.000000 50.000000 50.000000 50.000000 50.000000 50.000000 50.000000 50.000000 50.000000 50.000000 50.000000 50.000000 50.000000 50.000000 50.000000 50.000000 50.000000 50.000000 50.000000 50.000000 50.000000 50.000000 50.000000 50.000000 50.000000 50.000000 50.000000 50.000000 50.000000 50.000000 50.000000 50.000000 50.000000 50.000000 
