50.000000 50.000000 50.000000 50.000000 50.000000 50.000000 50.000000 50.000000 50.000000 50.000000 50.000000 50.000000 50.000000 50.000000 50.000000 50.000000 50.000000 50.000000 50.000000 50.000000 50.000000 50.000000 50.000000 50.000000 50.000000 50.000000 50.000000 50.000000 50.000000 50.000000 50.000000 50.000000 50.000000 50.000000 50.000000 50.000000 50.000000 50.000000 50.000000 50.000000 50.000000 50.000000 50.000000 50.000000 50.000000 50.000000 50.000000 50.000000 50.000000 50.000000 
50.000000 48.821659 47.686900 46.634476 45.694366 44.885392 44.214666 43.678722 43.265879 42.959200 42.739426 42.587429 42.485933 42.420469 42.379663 42.355070 42.340733 42.332643 42.328223 42.325883 42.324682 42.324085 42.323796 42.323660 42.323598 42.323569 42.323554 42.323541 42.323520 42.323476 42.323380 42.323177 42.322750 42.321881 42.320149 42.316781 42.310384 42.298502 42.276885 42.238301 42.170551 42.053100 41.851042 41.503552 40.899737 39.822797 37.805814 33.715192 24.410829 0.000000 
50.000000 47.686900 45.459355 43.393435 41.547992 39.959975 38.643341 37.591286 36.780882 36.178878 35.747469 35.449105 35.249875 35.121371 35.041273 34.993000 34.964857 34.948978 34.940302 34.935709 34.933352 34.932178 34.931612 34.931346 34.931223 34.931167 34.931138 34.931112 34.931073 34.930990 34.930812 34.930431 34.929636 34.928015 34.924792 34.918538 34.906689 34.884746 34.844985 34.774384 34.651282 34.439930 34.081360 33.477436 32.461790 30.744897 27.809751 22.729678 13.971709 0.000000 
50.000000 46.634476 43.393435 40.387561 37.702483 35.391962 33.476304 31.945608 30.766510 29.890630 29.262960 28.828864 28.539002 28.352044 28.235510 28.165280 28.124336 28.101235 28.088612 28.081930 28.078501 28.076795 28.075970 28.075583 28.075406 28.075324 28.075282 28.075247 28.075193 28.075082 28.074843 28.074332 28.073268 28.071105 28.066816 28.058518 28.042857 28.013993 27.962008 27.870417 27.712334 27.444604 26.998790 26.267331 25.082497 23.186113 20.193781 15.583685 8.828662 0.000000 
50.000000 45.694366 41.547992 37.702483 34.267391 31.311492 28.860763 26.902533 25.394117 24.273617 23.470655 22.915333 22.544529 22.305366 22.156295 22.066456 22.014083 21.984532 21.968386 21.959839 21.955453 21.953270 21.952216 21.951721 21.951494 21.951390 21.951337 21.951295 21.951232 21.951105 21.950832 21.950251 21.949042 21.946590 21.941744 21.932410 21.914878 21.882761 21.825349 21.725146 21.554270 21.269341 20.804469 20.062096 18.902295 17.133695 14.516370 10.803095 5.871569 0.000000 
50.000000 44.885392 39.959975 35.391962 31.311492 27.800263 24.889130 22.563037 20.771273 19.440307 18.486533 17.826919 17.386482 17.102411 16.925350 16.818646 16.756442 16.721344 16.702168 16.692017 16.686808 16.684216 16.682964 16.682376 16.682107 16.681984 16.681923 16.681877 16.681811 16.681680 16.681400 16.680805 16.679572 16.677080 16.672175 16.662770 16.645206 16.613248 16.556597 16.458732 16.293960 16.023570 15.591226 14.918200 13.900131 12.409197 10.309465 7.498184 3.985655 0.000000 
50.000000 44.214666 38.643341 33.476304 28.860763 24.889130 21.596303 18.965245 16.938590 15.433156 14.354372 13.608313 13.110162 12.788872 12.588617 12.467936 12.397585 12.357892 12.336206 12.324726 12.318836 12.315904 12.314488 12.313824 12.313520 12.313382 12.313314 12.313267 12.313203 12.313078 12.312814 12.312254 12.311097 12.308769 12.304206 12.295501 12.279343 12.250157 12.198866 12.111187 11.965429 11.729913 11.360369 10.798151 9.970930 8.798666 7.208973 5.165905 2.711114 0.000000 
50.000000 43.678722 37.591286 31.945608 26.902533 22.563037 18.965245 16.090537 13.876224 12.231414 11.052767 10.237658 9.693409 9.342393 9.123613 8.991772 8.914916 8.871554 8.847864 8.835323 8.828889 8.825687 8.824140 8.823414 8.823082 8.822933 8.822861 8.822814 8.822755 8.822645 8.822411 8.821920 8.820909 8.818880 8.814924 8.807417 8.793568 8.768736 8.725475 8.652277 8.532063 8.340602 8.045269 7.604877 6.971812 6.098065 4.946818 3.509926 1.827679 0.000000 
50.000000 43.265879 36.780882 30.766510 25.394117 20.771273 16.938590 13.876224 11.517386 9.765240 8.509693 7.641414 7.061671 6.687770 6.454730 6.314298 6.232436 6.186250 6.161017 6.147661 6.140807 6.137397 6.135750 6.134977 6.134624 6.134465 6.134391 6.134345 6.134294 6.134201 6.134008 6.133602 6.132770 6.131109 6.127882 6.121794 6.110631 6.090761 6.056433 5.998913 5.905511 5.758693 5.535622 5.208677 4.747704 4.124776 3.321906 2.340952 1.212779 0.000000 
50.000000 42.959200 36.178878 29.890630 24.273617 19.440307 15.433156 12.231414 9.765240 7.933383 6.620732 5.712973 5.106879 4.715987 4.472362 4.325553 4.239975 4.191693 4.165316 4.151354 4.144191 4.140626 4.138904 4.138096 4.137728 4.137563 4.137487 4.137444 4.137401 4.137326 4.137174 4.136857 4.136209 4.134921 4.132432 4.127758 4.119243 4.104189 4.078387 4.035544 3.966691 3.859729 3.699351 3.467728 3.146347 2.719347 2.178296 1.527597 0.788649 0.000000 
50.000000 42.739426 35.747469 29.262960 23.470655 18.486533 14.354372 11.052767 8.509693 6.620732 5.267175 4.331138 3.706170 3.303111 3.051906 2.900532 2.812293 2.762512 2.735316 2.720921 2.713535 2.709859 2.708085 2.707252 2.706872 2.706703 2.706626 2.706586 2.706550 2.706493 2.706379 2.706144 2.705664 2.704715 2.702889 2.699478 2.693300 2.682449 2.663987 2.633588 2.585188 2.510780 2.400490 2.243185 2.027800 1.745508 1.392542 0.973085 0.501125 0.000000 
50.000000 42.587429 35.449105 28.828864 22.915333 17.826919 13.608313 10.237658 7.641414 5.712973 4.331138 3.375554 2.737541 2.326074 2.069631 1.915102 1.825026 1.774209 1.746447 1.731753 1.724214 1.720462 1.718650 1.717801 1.717413 1.717241 1.717164 1.717126 1.717096 1.717054 1.716973 1.716806 1.716468 1.715801 1.714523 1.712148 1.707868 1.700399 1.687777 1.667151 1.634586 1.584981 1.512183 1.409447 1.270322 1.089984 0.866855 0.604120 0.310544 0.000000 
50.000000 42.485933 35.249875 28.539002 22.544529 17.386482 13.110162 9.693409 7.061671 5.106879 3.706170 2.737541 2.090824 1.673746 1.413809 1.257176 1.165875 1.114366 1.086227 1.071334 1.063692 1.059890 1.058054 1.057193 1.056800 1.056626 1.056549 1.056513 1.056488 1.056458 1.056402 1.056289 1.056060 1.055612 1.054756 1.053173 1.050336 1.045412 1.037142 1.023721 1.002690 0.970910 0.924672 0.860005 0.773234 0.661768 0.525009 0.365129 0.187431 0.000000 
50.000000 42.420469 35.121371 28.352044 22.305366 17.102411 12.788872 9.342393 6.687770 4.715987 3.303111 2.326074 1.673746 1.253053 0.990865 0.832876 0.740785 0.688832 0.660450 0.645428 0.637721 0.633886 0.632034 0.631165 0.630770 0.630594 0.630517 0.630483 0.630462 0.630441 0.630404 0.630330 0.630182 0.629893 0.629343 0.628332 0.626527 0.623410 0.618206 0.609811 0.596744 0.577139 0.548825 0.509529 0.457205 0.390489 0.309187 0.214682 0.110084 0.000000 
50.000000 42.379663 35.041273 28.235510 22.156295 16.925350 12.588617 9.123613 6.454730 4.472362 3.051906 2.069631 1.413809 0.990865 0.727274 0.568442 0.475860 0.423629 0.395096 0.379995 0.372246 0.368391 0.366529 0.365656 0.365258 0.365082 0.365006 0.364972 0.364954 0.364939 0.364915 0.364868 0.364777 0.364598 0.364259 0.363637 0.362533 0.360635 0.357484 0.352427 0.344603 0.332937 0.316197 0.293115 0.262580 0.223885 0.176992 0.122735 0.062882 0.000000 
50.000000 42.355070 34.993000 28.165280 22.066456 16.818646 12.467936 8.991772 6.314298 4.325553 2.900532 1.915102 1.257176 0.832876 0.568442 0.409102 0.316224 0.263827 0.235203 0.220053 0.212281 0.208413 0.206545 0.205669 0.205271 0.205094 0.205017 0.204984 0.204968 0.204957 0.204942 0.204914 0.204859 0.204752 0.204551 0.204183 0.203533 0.202420 0.200580 0.197643 0.193121 0.186416 0.176849 0.163731 0.146471 0.124712 0.098464 0.068208 0.034922 0.000000 
50.000000 42.340733 34.964857 28.124336 22.014083 16.756442 12.397585 8.914916 6.232436 4.239975 2.812293 1.825026 1.165875 0.740785 0.475860 0.316224 0.223174 0.170680 0.142003 0.126825 0.119038 0.115163 0.113292 0.112415 0.112015 0.111839 0.111762 0.111730 0.111715 0.111706 0.111696 0.111680 0.111648 0.111587 0.111472 0.111262 0.110893 0.110263 0.109226 0.107578 0.105053 0.101327 0.096036 0.088816 0.079361 0.067493 0.053231 0.036843 0.018853 0.000000 
50.000000 42.332643 34.948978 28.101235 21.984532 16.721344 12.357892 8.871554 6.186250 4.191693 2.762512 1.774209 1.114366 0.688832 0.423630 0.263827 0.170680 0.118132 0.089425 0.074232 0.066436 0.062558 0.060685 0.059806 0.059406 0.059229 0.059153 0.059121 0.059107 0.059100 0.059093 0.059084 0.059066 0.059032 0.058968 0.058853 0.058650 0.058306 0.057742 0.056848 0.055484 0.053480 0.050646 0.046795 0.041772 0.035491 0.027966 0.019342 0.009893 0.000000 
50.000000 42.328223 34.940302 28.088612 21.968386 16.702168 12.336206 8.847864 6.161017 4.165316 2.735316 1.746448 1.086228 0.660451 0.395097 0.235204 0.142004 0.089425 0.060703 0.045501 0.037701 0.033820 0.031946 0.031067 0.030667 0.030490 0.030414 0.030382 0.030368 0.030362 0.030357 0.030352 0.030342 0.030324 0.030290 0.030229 0.030121 0.029939 0.029642 0.029173 0.028460 0.027415 0.025944 0.023953 0.021364 0.018136 0.014280 0.009871 0.005047 0.000000 
50.000000 42.325883 34.935709 28.081931 21.959840 16.692018 12.324727 8.835324 6.147662 4.151355 2.720922 1.731754 1.071335 0.645430 0.379996 0.220054 0.126827 0.074233 0.045501 0.030295 0.022493 0.018611 0.016736 0.015857 0.015457 0.015280 0.015203 0.015171 0.015158 0.015152 0.015149 0.015146 0.015141 0.015131 0.015114 0.015082 0.015027 0.014934 0.014782 0.014544 0.014182 0.013655 0.012914 0.011915 0.010619 0.009008 0.007089 0.004897 0.002503 0.000000 
50.000000 42.324683 34.933353 28.078503 21.955455 16.686811 12.318838 8.828892 6.140810 4.144194 2.713538 1.724217 1.063696 0.637724 0.372250 0.212284 0.119041 0.066440 0.037704 0.022495 0.014692 0.010809 0.008934 0.008055 0.007655 0.007478 0.007401 0.007369 0.007356 0.007351 0.007348 0.007346 0.007343 0.007339 0.007330 0.007314 0.007287 0.007241 0.007166 0.007048 0.006870 0.006612 0.006250 0.005763 0.005133 0.004352 0.003422 0.002363 0.001208 0.000000 
50.000000 42.324086 34.932181 28.076798 21.953275 16.684222 12.315911 8.825694 6.137404 4.140633 2.709867 1.720470 1.059898 0.633894 0.368399 0.208421 0.115172 0.062566 0.033828 0.018618 0.010814 0.006931 0.005056 0.004177 0.003777 0.003599 0.003523 0.003491 0.003478 0.003473 0.003470 0.003469 0.003468 0.003465 0.003461 0.003453 0.003440 0.003418 0.003382 0.003326 0.003241 0.003117 0.002945 0.002714 0.002416 0.002047 0.001610 0.001111 0.000568 0.000000 
50.000000 42.323799 34.931618 28.075980 21.952228 16.682978 12.314505 8.824158 6.135769 4.138924 2.708105 1.718671 1.058075 0.632055 0.366550 0.206566 0.113314 0.060706 0.031967 0.016756 0.008952 0.005069 0.003194 0.002315 0.001914 0.001737 0.001661 0.001629 0.001616 0.001611 0.001609 0.001608 0.001607 0.001605 0.001603 0.001600 0.001594 0.001583 0.001566 0.001540 0.001500 0.001442 0.001362 0.001255 0.001116 0.000946 0.000743 0.000513 0.000262 0.000000 
50.000000 42.323669 34.931362 28.075607 21.951752 16.682413 12.313865 8.823459 6.135025 4.138146 2.707303 1.717853 1.057245 0.631218 0.365709 0.205722 0.112468 0.059859 0.031120 0.015909 0.008105 0.004222 0.002347 0.001468 0.001067 0.000890 0.000814 0.000782 0.000769 0.000764 0.000761 0.000761 0.000760 0.000759 0.000758 0.000757 0.000754 0.000749 0.000740 0.000728 0.000709 0.000681 0.000643 0.000592 0.000527 0.000446 0.000350 0.000242 0.000123 0.000000 
50.000000 42.323619 34.931264 28.075465 21.951569 16.682196 12.313620 8.823192 6.134740 4.137849 2.706996 1.717539 1.056928 0.630898 0.365387 0.205400 0.112145 0.059536 0.030796 0.015585 0.007781 0.003898 0.002023 0.001143 0.000743 0.000566 0.000490 0.000458 0.000445 0.000439 0.000437 0.000437 0.000436 0.000436 0.000435 0.000434 0.000432 0.000429 0.000425 0.000417 0.000406 0.000391 0.000369 0.000339 0.000302 0.000255 0.000200 0.000138 0.000071 0.000000 
50.000000 42.323619 34.931264 28.075465 21.951569 16.682196 12.313620 8.823192 6.134740 4.137849 2.706996 1.717539 1.056928 0.630898 0.365387 0.205400 0.112145 0.059536 0.030796 0.015585 0.007781 0.003898 0.002023 0.001143 0.000743 0.000566 0.000490 0.000458 0.000445 0.000439 0.000437 0.000437 0.000436 0.000436 0.000435 0.000434 0.000432 0.000429 0.000425 0.000417 0.000406 0.000391 0.000369 0.000339 0.000302 0.000255 0.000200 0.000138 0.000071 0.000000 
50.000000 42.323669 34.931362 28.075607 21.951752 16.682413 12.313865 8.823459 6.135025 4.138146 2.707303 1.717853 1.057245 0.631218 0.365709 0.205722 0.112468 0.059859 0.031120 0.015909 0.008105 0.004222 0.002347 0.001468 0.001067 0.000890 0.000814 0.000782 0.000769 0.000764 0.000761 0.000761 0.000760 0.000759 0.000758 0.000757 0.000754 0.000749 0.000740 0.000728 0.000709 0.000681 0.000643 0.000592 0.000527 0.000446 0.000350 0.000242 0.000123 0.000000 
50.000000 42.323799 34.931618 28.075980 21.952228 16.682978 12.314505 8.824158 6.135769 4.138924 2.708105 1.718671 1.058075 0.632055 0.366550 0.206566 0.113314 0.060706 0.031967 0.016756 0.008952 0.005069 0.003194 0.002315 0.001914 0.001737 0.001661 0.001629 0.001616 0.001611 0.001609 0.001608 0.001607 0.001605 0.001603 0.001600 0.001594 0.001583 0.001566 0.001540 0.001500 0.001442 0.001362 0.001255 0.001116 0.000946 0.000743 0.000513 0.000262 0.000000 
50.000000 42.324086 34.932181 28.076798 21.953275 16.684222 12.315911 8.825694 6.137404 4.140633 2.709867 1.720470 1.059898 0.633894 0.368399 0.208421 0.115172 0.062566 0.033828 0.018618 0.010814 0.006931 0.005056 0.004177 0.003777 0.003599 0.003523 0.003491 0.003478 0.003473 0.003470 0.003469 0.003468 0.003465 0.003461 0.003453 0.003440 0.003418 0.003382 0.003326 0.003241 0.003117 0.002945 0.002714 0.002416 0.002047 0.001610 0.001111 0.000568 0.000000 
50.000000 42.324683 34.933353 28.078503 21.955455 16.686811 12.318838 8.828892 6.140810 4.144194 2.713538 1.724217 1.063696 0.637724 0.372250 0.212284 0.119041 0.066440 0.037704 0.022495 0.014692 0.010809 0.008934 0.008055 0.007655 0.007478 0.007401 0.007369 0.007356 0.007351 0.007348 0.007346 0.007343 0.007339 0.007330 0.007314 0.007287 0.007241 0.007166 0.007048 0.006870 0.006612 0.006250 0.005763 0.005133 0.004352 0.003422 0.002363 0.001208 0.000000 
50.000000 42.325883 34.935709 28.081931 21.959840 16.692018 12.324727 8.835324 6.147662 4.151355 2.720922 1.731754 1.071335 0.645430 0.379996 0.220054 0.126827 0.074233 0.045501 0.030295 0.022493 0.018611 0.016736 0.015857 0.015457 0.015280 0.015203 0.015171 0.015158 0.015152 0.015149 0.015146 0.015141 0.015131 0.015114 0.015082 0.015027 0.014934 0.014782 0.014544 0.014182 0.013655 0.012914 0.011915 0.010619 0.009008 0.007089 0.004897 0.002503 0.000000 
50.000000 42.328223 34.940302 28.088612 21.968386 16.702168 12.336206 8.847864 6.161017 4.165316 2.735316 1.746448 1.086228 0.660451 0.395097 0.235204 0.142004 0.089425 0.060703 0.045501 0.037701 0.033820 0.031946 0.031067 0.030667 0.030490 0.030414 0.030382 0.030368 0.030362 0.030357 0.030352 0.030342 0.030324 0.030290 0.030229 0.030121 0.029939 0.029642 0.029173 0.028460 0.027415 0.025944 0.023953 0.021364 0.018136 0.014280 0.009871 0.005047 0.000000 
50.000000 42.332643 34.948978 28.101235 21.984532 16.721344 12.357892 8.871554 6.186250 4.191693 2.762512 1.774209 1.114366 0.688832 0.423630 0.263827 0.170680 0.118132 0.089425 0.074232 0.066436 0.062558 0.060685 0.059806 0.059406 0.059229 0.059153 0.059121 0.059107 0.059100 0.059093 0.059084 0.059066 0.059032 0.058968 0.058853 0.058650 0.058306 0.057742 0.056848 0.055484 0.053480 0.050646 0.046795 0.041772 0.035491 0.027966 0.019342 0.009893 0.000000 
50.000000 42.340733 34.964857 28.124336 22.014083 16.756442 12.397585 8.914916 6.232436 4.239975 2.812293 1.825026 1.165875 0.740785 0.475860 0.316224 0.223174 0.170680 0.142003 0.126825 0.119038 0.115163 0.113292 0.112415 0.112015 0.111839 0.111762 0.111730 0.111715 0.111706 0.111696 0.111680 0.111648 0.111587 0.111472 0.111262 0.110893 0.110263 0.109226 0.107578 0.105053 0.101327 0.096036 0.088816 0.079361 0.067493 0.053231 0.036843 0.018853 0.000000 
50.000000 42.355070 34.993000 28.165280 22.066456 16.818646 12.467936 8.991772 6.314298 4.325553 2.900532 1.915102 1.257176 0.832876 0.568442 0.409102 0.316224 0.263827 0.235203 0.220053 0.212281 0.208413 0.206545 0.205669 0.205271 0.205094 0.205017 0.204984 0.204968 0.204957 0.204942 0.204914 0.204859 0.204752 0.204551 0.204183 0.203533 0.202420 0.200580 0.197643 0.193121 0.186416 0.176849 0.163731 0.146471 0.124712 0.098464 0.068208 0.034922 0.000000 
50.000000 42.379663 35.041273 28.235510 22.156295 16.925350 12.588617 9.123613 6.454730 4.472362 3.051906 2.069631 1.413809 0.990865 0.727274 0.568442 0.475860 0.423629 0.395096 0.379995 0.372246 0.368391 0.366529 0.365656 0.365258 0.365082 0.365006 0.364972 0.364954 0.364939 0.364915 0.364868 0.364777 0.364598 0.364259 0.363637 0.362533 0.360635 0.357484 0.352427 0.344603 0.332937 0.316197 0.293115 0.262580 0.223885 0.176992 0.122735 0.062882 0.000000 
50.000000 42.420469 35.121371 28.352044 22.305366 17.102411 12.788872 9.342393 6.687770 4.715987 3.303111 2.326074 1.673746 1.253053 0.990865 0.832876 0.740785 0.688832 0.660450 0.645428 0.637721 0.633886 0.632034 0.631165 0.630770 0.630594 0.630517 0.630483 0.630462 0.630441 0.630404 0.630330 0.630182 0.629893 0.629343 0.628332 0.626527 0.623410 0.618206 0.609811 0.596744 0.577139 0.548825 0.509529 0.457205 0.390489 0.309187 0.214682 0.110084 0.000000 
50.000000 42.485933 35.249875 28.539002 22.544529 17.386482 13.110162 9.693409 7.061671 5.106879 3.706170 2.737541 2.090824 1.673746 1.413809 1.257176 1.165875 1.114366 1.086227 1.071334 1.063692 1.059890 1.058054 1.057193 1.056800 1.056626 1.056549 1.056513 1.056488 1.056458 1.056402 1.056289 1.056060 1.055612 1.054756 1.053173 1.050336 1.045412 1.037142 1.023721 1.002690 0.970910 0.924672 0.860005 0.773234 0.661768 0.525009 0.365129 0.187431 0.000000 
50.000000 42.587429 35.449105 28.828864 22.915333 17.826919 13.608313 10.237658 7.641414 5.712973 4.331138 3.375554 2.737541 2.326074 2.069631 1.915102 1.825026 1.774209 1.746447 1.731753 1.724214 1.720462 1.718650 1.717801 1.717413 1.717241 1.717164 1.717126 1.717096 1.717054 1.716973 1.716806 1.716468 1.715801 1.714523 1.712148 1.707868 1.700399 1.687777 1.667151 1.634586 1.584981 1.512183 1.409447 1.270322 1.089984 0.866855 0.604120 0.310544 0.000000 
50.000000 42.739426 35.747469 29.262960 23.470655 18.486533 14.354372 11.052767 8.509693 6.620732 5.267175 4.331138 3.706170 3.303111 3.051906 2.900532 2.812293 2.762512 2.735316 2.720921 2.713535 2.709859 2.708085 2.707252 2.706872 2.706703 2.706626 2.706586 2.706550 2.706493 2.706379 2.706144 2.705664 2.704715 2.702889 2.699478 2.693300 2.682449 2.663987 2.633588 2.585188 2.510780 2.400490 2.243185 2.027800 1.745508 1.392542 0.973085 0.501125 0.000000 
50.000000 42.959200 36.178878 29.890630 24.273617 19.440307 15.433156 12.231414 9.765240 7.933383 6.620732 5.712973 5.106879 4.715987 4.472362 4.325553 4.239975 4.191693 4.165316 4.151354 4.144191 4.140626 4.138904 4.138096 4.137728 4.137563 4.137487 4.137444 4.137401 4.137326 4.137174 4.136857 4.136209 4.134921 4.132432 4.127758 4.119243 4.104189 4.078387 4.035544 3.966691 3.859729 3.699351 3.467728 3.146347 2.719347 2.178296 1.527597 0.788649 0.000000 
50.000000 43.265879 36.780882 30.766510 25.394117 20.771273 16.938590 13.876224 11.517386 9.765240 8.509693 7.641414 7.061671 6.687770 6.454730 6.314298 6.232436 6.186250 6.161017 6.147661 6.140807 6.137397 6.135750 6.134977 6.134624 6.134465 6.134391 6.134345 6.134294 6.134201 6.134008 6.133602 6.132770 6.131109 6.127882 6.121794 6.110631 6.090761 6.056433 5.998913 5.905511 5.758693 5.535622 5.208677 4.747704 4.124776 3.321906 2.340952 1.212779 0.000000 
50.000000 43.678722 37.591286 31.945608 26.902533 22.563037 18.965245 16.090537 13.876224 12.231414 11.052767 10.237658 9.693409 9.342393 9.123613 8.991772 8.914916 8.871554 8.847864 8.835323 8.828889 8.825687 8.824140 8.823414 8.823082 8.822933 8.822861 8.822814 8.822755 8.822645 8.822411 8.821920 8.820909 8.818880 8.814924 8.807417 8.793568 8.768736 8.725475 8.652277 8.532063 8.340602 8.045269 7.604877 6.971812 6.098065 4.946818 3.509926 1.827679 0.000000 
50.000000 44.214666 38.643341 33.476304 28.860763 24.889130 21.596303 18.965245 16.938590 15.433156 14.354372 13.608313 13.110162 12.788872 12.588617 12.467936 12.397585 12.357892 12.336206 12.324726 12.318836 12.315904 12.314488 12.313824 12.313520 12.313382 12.313314 12.313267 12.313203 12.313078 12.312814 12.312254 12.311097 12.308769 12.304206 12.295501 12.279343 12.250157 12.198866 12.111187 11.965429 11.729913 11.360369 10.798151 9.970930 8.798666 7.208973 5.165905 2.711114 0.000000 
50.000000 44.885392 39.959975 35.391962 31.311492 27.800263 24.889130 22.563037 20.771273 19.440307 18.486533 17.826919 17.386482 17.102411 16.925350 16.818646 16.756442 16.721344 16.702168 16.692017 16.686808 16.684216 16.682964 16.682376 16.682107 16.681984 16.681923 16.681877 16.681811 16.681680 16.681400 16.680805 16.679572 16.677080 16.672175 16.662770 16.645206 16.613248 16.556597 16.458732 16.293960 16.023570 15.591226 14.918200 13.900131 12.409197 10.309465 7.498184 3.985655 0.000000 
50.000000 45.694366 41.547992 37.702483 34.267391 31.311492 28.860763 26.902533 25.394117 24.273617 23.470655 22.915333 22.544529 22.305366 22.156295 22.066456 22.014083 21.984532 21.968386 21.959839 21.955453 21.953270 21.952216 21.951721 21.951494 21.951390 21.951337 21.951295 21.951232 21.951105 21.950832 21.950251 21.949042 21.946590 21.941744 21.932410 21.914878 21.882761 21.825349 21.725146 21.554270 21.269341 20.804469 20.062096 18.902295 17.133695 14.516370 10.803095 5.871569 0.000000 
50.000000 46.634476 43.393435 40.387561 37.702483 35.391962 33.476304 31.945608 30.766510 29.890630 29.262960 28.828864 28.539002 28.352044 28.235510 28.165280 28.124336 28.101235 28.088612 28.081930 28.078501 28.076795 28.075970 28.075583 28.075406 28.075324 28.075282 28.075247 28.075193 28.075082 28.074843 28.074332 28.073268 28.071105 28.066816 28.058518 28.042857 28.013993 27.962008 27.870417 27.712334 27.444604 26.998790 26.267331 25.082497 23.186113 20.193781 15.583685 8.828662 0.000000 
50.000000 47.686900 45.459355 43.393435 41.547992 39.959975 38.643341 37.591286 36.780882 36.178878 35.747469 35.449105 35.249875 35.121371 35.041273 34.993000 34.964857 34.948978 34.940302 34.935709 34.933352 34.932178 34.931612 34.931346 34.931223 34.931167 34.931138 34.931112 34.931073 34.930990 34.930812 34.930431 34.929636 34.928015 34.924792 34.918538 34.906689 34.884746 34.844985 34.774384 34.651282 34.439930 34.081360 33.477436 32.461790 30.744897 27.809751 22.729678 13.971709 0.000000 
50.000000 48.821659 47.686900 46.634476 45.694366 44.885392 44.214666 43.678722 43.265879 42.959200 42.739426 42.587429 42.485933 42.420469 42.379663 42.355070 42.340733 42.332643 42.328223 42.325883 42.324682 42.324085 42.323796 42.323660 42.323598 42.323569 42.323554 42.323541 42.323520 42.323476 42.323380 42.323177 42.322750 42.321881 42.320149 42.316781 42.310384 42.298502 42.276885 42.238301 42.170551 42.053100 41.851042 41.503552 40.899737 39.822797 37.805814 33.715192 24.410829 0.000000 
50.000000 50.000000 50.000000 50.000000 50.000000 50.000000 50.000000 50.000000 50.000000 50.000000 50.000000 50.000000 50.000000 50.000000 50.000000 50.000000 50.000000 50.000000 50.000000 50.000000 50.000000 50.000000 50.000000 50.000000 50.000000 50.000000 50.000000 50.000000 50.000000 50.000000 50.000000 50.000000 50.000000 50.000000 50.000000 50.000000 50.000000 50.000000 50.000000 50.000000 50.000000 50.000000 50.000000 50.000000 50.000000 50.000000 50.000000 50.000000 50.000000 50.000000 
