50.000000 50.000000 50.000000 50.000000 50.000000 50.000000 50.000000 50.000000 50.000000 50.000000 50.000000 50.000000 50.000000 50.000000 50.000000 50.000000 50.000000 50.000000 50.000000 50.000000 50.000000 50.000000 50.000000 50.000000 50.000000 50.000000 50.000000 50.000000 50.000000 50.000000 50.000000 50.000000 50.000000 50.000000 50.000000 50.000000 50.000000 50.000000 50.000000 50.000000 50.000000 50.000000 50.000000 50.000000 50.000000 50.000000 50.000000 50.000000 50.000000 50.000000 
50.000000 48.943651 47.922332 46.967589 46.104582 45.350198 44.712397 44.190758 43.777959 43.461807 43.227406 43.059118 42.942082 42.863213 42.811695 42.779062 42.759011 42.747055 42.740133 42.736241 42.734115 42.732986 42.732402 42.732109 42.731964 42.731891 42.731851 42.731817 42.731769 42.731677 42.731491 42.731119 42.730386 42.728973 42.726305 42.721377 42.712460 42.696631 42.669036 42.621686 42.541505 42.407009 42.182363 41.805950 41.166364 40.046706 37.980473 33.835045 24.471826 0.000000 
50.000000 47.922332 45.913561 44.035738 42.338346 40.854600 39.600154 38.574182 37.762281 37.140470 36.679449 36.348460 36.118274 35.963156 35.861831 35.797651 35.758215 35.734700 35.721087 35.713432 35.709251 35.707030 35.705883 35.705305 35.705020 35.704879 35.704800 35.704735 35.704643 35.704469 35.704121 35.703421 35.702044 35.699392 35.694396 35.685186 35.668560 35.639139 35.588050 35.500840 35.354182 35.110533 34.709160 34.050431 32.967005 31.169167 28.140700 22.956781 14.087286 0.000000 
50.000000 46.967589 44.035738 41.295010 38.817632 36.652078 34.821199 33.323785 32.138814 31.231283 30.558430 30.075358 29.739409 29.513021 29.365143 29.271475 29.213922 29.179603 29.159736 29.148565 29.142463 29.139222 29.137548 29.136705 29.136289 29.136084 29.135970 29.135879 29.135753 29.135517 29.135043 29.134096 29.132235 29.128658 29.121938 29.109587 29.087375 29.048260 28.980742 28.866378 28.676001 28.363990 27.859493 27.052896 25.775136 23.767779 20.647505 15.895037 8.987116 0.000000 
50.000000 46.104582 42.338346 38.817632 35.635223 32.853387 30.501478 28.577941 27.055769 25.889993 25.025680 24.405156 23.973619 23.682820 23.492870 23.372555 23.298629 23.254548 23.229029 23.214682 23.206843 23.202681 23.200530 23.199448 23.198915 23.198652 23.198509 23.198398 23.198249 23.197974 23.197425 23.196330 23.194183 23.190069 23.182365 23.168263 23.143029 23.098856 23.023180 22.896200 22.687349 22.350353 21.816480 20.985759 19.716694 17.817611 15.049854 11.169179 6.057877 0.000000 
50.000000 45.350198 40.854600 36.652078 32.853387 29.532854 26.725516 24.429514 22.612606 21.221114 20.189462 19.448805 18.933729 18.586639 18.359922 18.216320 18.128087 18.075476 18.045020 18.027896 18.018542 18.013574 18.011007 18.009716 18.009081 18.008769 18.008602 18.008477 18.008318 18.008029 18.007455 18.006313 18.004082 17.999822 17.991875 17.977399 17.951639 17.906857 17.830775 17.704424 17.499255 17.173476 16.667731 15.900723 14.766427 13.136693 10.876942 7.887594 4.183834 0.000000 
50.000000 44.712397 39.600154 34.821199 30.501478 26.725516 23.533154 20.922272 18.856204 17.273903 16.100797 15.258594 14.672905 14.278237 14.020446 13.857164 13.756840 13.697020 13.662392 13.642922 13.632287 13.626638 13.623721 13.622254 13.621532 13.621179 13.620994 13.620862 13.620703 13.620421 13.619867 13.618767 13.616627 13.612555 13.604993 13.591289 13.567052 13.525223 13.454779 13.339018 13.153439 12.863326 12.421431 11.766577 10.824793 9.515720 7.768303 5.549723 2.906447 0.000000 
50.000000 44.190758 38.574182 33.323785 28.577941 24.429514 20.922272 18.053884 15.784060 14.045728 12.756954 11.831718 11.188295 10.754727 10.471531 10.292160 10.181953 10.116241 10.078202 10.056816 10.045133 10.038929 10.035725 10.034113 10.033322 10.032936 10.032738 10.032605 10.032454 10.032196 10.031694 10.030703 10.028781 10.025139 10.018407 10.006273 9.984948 9.948418 9.887434 9.788252 9.631193 9.389217 9.026942 8.500841 7.761783 6.761461 5.464292 3.865022 2.008395 0.000000 
50.000000 43.777959 37.762281 32.138814 27.055769 22.612606 18.856204 15.784060 13.353019 11.491234 10.110947 9.120022 8.430926 7.966587 7.663296 7.471200 7.353176 7.282804 7.242069 7.219167 7.206656 7.200013 7.196582 7.194857 7.194010 7.193600 7.193392 7.193262 7.193125 7.192901 7.192471 7.191627 7.189997 7.186923 7.181267 7.171127 7.153421 7.123309 7.073466 6.993200 6.867546 6.676509 6.394843 5.992878 5.439130 4.705416 3.774825 2.651749 1.370949 0.000000 
50.000000 43.461807 37.140470 31.231283 25.889993 21.221114 17.273903 14.045728 11.491234 9.534920 8.084564 7.043347 6.319284 5.831389 5.512715 5.310880 5.186873 5.112935 5.070136 5.046074 5.032930 5.025951 5.022346 5.020535 5.019646 5.019217 5.019004 5.018877 5.018757 5.018571 5.018221 5.017539 5.016227 5.013762 5.009249 5.001203 4.987239 4.963658 4.924939 4.863161 4.767460 4.623688 4.414535 4.120464 3.721859 3.202643 2.555282 1.786288 0.920301 0.000000 
50.000000 43.227406 36.679449 30.558430 25.025680 20.189462 16.100797 12.756954 10.110947 8.084564 6.582272 5.503780 4.753803 4.248452 3.918381 3.709329 3.580889 3.504310 3.459983 3.435062 3.421449 3.414221 3.410488 3.408612 3.407692 3.407250 3.407034 3.406913 3.406809 3.406661 3.406388 3.405862 3.404854 3.402970 3.399536 3.393445 3.382935 3.365308 3.336582 3.291136 3.221403 3.117747 2.968702 2.761779 2.485038 2.129480 1.692052 1.178610 0.605720 0.000000 
50.000000 43.059118 36.348460 30.075358 24.405156 19.448805 15.258594 11.831718 9.120022 7.043347 5.503780 4.398537 3.629964 3.112087 2.773837 2.559608 2.427989 2.349515 2.304091 2.278555 2.264606 2.257199 2.253374 2.251452 2.250511 2.250059 2.249841 2.249726 2.249637 2.249522 2.249319 2.248930 2.248189 2.246810 2.244309 2.239895 2.232321 2.219698 2.199268 2.167198 2.118407 2.046557 1.944285 1.803815 1.618030 1.381975 1.094616 0.760410 0.390082 0.000000 
50.000000 42.942082 36.118274 29.739409 23.973619 18.933729 14.672905 11.188295 8.430926 6.319284 4.753803 3.629964 2.848465 2.321882 1.977949 1.760122 1.626294 1.546503 1.500318 1.474354 1.460171 1.452640 1.448752 1.446798 1.445841 1.445383 1.445165 1.445054 1.444979 1.444892 1.444745 1.444469 1.443947 1.442979 1.441230 1.438159 1.432918 1.424233 1.410267 1.388495 1.355625 1.307617 1.239877 1.147682 1.026872 0.874763 0.691149 0.479134 0.245451 0.000000 
50.000000 42.863213 35.963156 29.513021 23.682820 18.586639 14.278237 10.754727 7.966587 5.831389 4.248452 3.112087 2.321882 1.789436 1.441676 1.221427 1.086111 1.005435 0.958737 0.932485 0.918145 0.910531 0.906599 0.904624 0.903657 0.903195 0.902977 0.902870 0.902805 0.902739 0.902636 0.902448 0.902094 0.901440 0.900264 0.898209 0.894718 0.888964 0.879766 0.865517 0.844150 0.813167 0.769779 0.711185 0.635000 0.539792 0.425646 0.294597 0.150754 0.000000 
50.000000 42.811695 35.861832 29.365143 23.492870 18.359922 14.020446 10.471531 7.663296 5.512715 3.918381 2.773837 1.977949 1.441676 1.091418 0.869588 0.733302 0.652047 0.605015 0.578575 0.564132 0.556464 0.552504 0.550515 0.549542 0.549078 0.548860 0.548755 0.548697 0.548648 0.548578 0.548453 0.548222 0.547797 0.547035 0.545709 0.543467 0.539790 0.533943 0.524936 0.511512 0.492168 0.465258 0.429157 0.382523 0.324606 0.255556 0.176645 0.090318 0.000000 
50.000000 42.779062 35.797651 29.271475 23.372555 18.216321 13.857164 10.292161 7.471200 5.310880 3.709329 2.559608 1.760122 1.221427 0.869588 0.646757 0.509857 0.428236 0.380993 0.354434 0.339927 0.332224 0.328247 0.326249 0.325272 0.324806 0.324588 0.324486 0.324433 0.324395 0.324348 0.324268 0.324122 0.323855 0.323379 0.322553 0.321163 0.318892 0.315299 0.309793 0.301630 0.289934 0.273754 0.252171 0.224446 0.190190 0.149538 0.103255 0.052757 0.000000 
50.000000 42.759011 35.758215 29.213922 23.298629 18.128087 13.756840 10.181953 7.353176 5.186873 3.580890 2.427990 1.626294 1.086112 0.733302 0.509857 0.372581 0.290736 0.243362 0.216730 0.202184 0.194460 0.190472 0.188468 0.187488 0.187022 0.186804 0.186704 0.186655 0.186624 0.186592 0.186542 0.186453 0.186291 0.186003 0.185506 0.184672 0.183316 0.181180 0.177920 0.173111 0.166254 0.156814 0.144285 0.128266 0.108560 0.085264 0.058823 0.030039 0.000000 
50.000000 42.747055 35.734700 29.179603 23.254548 18.075476 13.697021 10.116241 7.282805 5.112936 3.504311 2.349516 1.546504 1.005435 0.652048 0.428237 0.290736 0.208757 0.161307 0.134632 0.120061 0.112325 0.108330 0.106323 0.105342 0.104875 0.104658 0.104558 0.104511 0.104486 0.104464 0.104433 0.104380 0.104285 0.104116 0.103827 0.103343 0.102558 0.101327 0.099457 0.096709 0.092808 0.087461 0.080394 0.071395 0.060366 0.047369 0.032656 0.016669 0.000000 
50.000000 42.740133 35.721087 29.159737 23.229030 18.045021 13.662393 10.078204 7.242071 5.070138 3.459985 2.304093 1.500320 0.958739 0.605017 0.380995 0.243364 0.161308 0.113813 0.087112 0.072528 0.064785 0.060786 0.058778 0.057796 0.057328 0.057111 0.057012 0.056967 0.056944 0.056928 0.056909 0.056879 0.056824 0.056729 0.056566 0.056293 0.055853 0.055166 0.054125 0.052601 0.050446 0.047503 0.043627 0.038710 0.032702 0.025642 0.017667 0.009014 0.000000 
50.000000 42.736242 35.713434 29.148568 23.214685 18.027900 13.642926 10.056820 7.219172 5.046079 3.435067 2.278560 1.474359 0.932490 0.578580 0.354439 0.216735 0.134636 0.087116 0.060401 0.045809 0.038062 0.034061 0.032052 0.031069 0.030602 0.030385 0.030286 0.030242 0.030221 0.030209 0.030197 0.030179 0.030149 0.030097 0.030007 0.029859 0.029619 0.029246 0.028684 0.027863 0.026706 0.025131 0.023064 0.020449 0.017262 0.013527 0.009315 0.004751 0.000000 
50.000000 42.734117 35.709255 29.142469 23.206851 18.018550 13.632296 10.045144 7.206668 5.032942 3.421461 2.264618 1.460184 0.918157 0.564145 0.339940 0.202196 0.120073 0.072539 0.045817 0.031221 0.023471 0.019470 0.017460 0.016477 0.016009 0.015792 0.015694 0.015650 0.015630 0.015620 0.015612 0.015602 0.015586 0.015558 0.015510 0.015431 0.015305 0.015108 0.014813 0.014383 0.013778 0.012958 0.011885 0.010530 0.008884 0.006958 0.004789 0.002442 0.000000 
50.000000 42.732990 35.707039 29.139236 23.202698 18.013595 13.626662 10.038955 7.200041 5.025980 3.414251 2.257229 1.452671 0.910562 0.556495 0.332255 0.194491 0.112355 0.064814 0.038088 0.023490 0.015739 0.011737 0.009726 0.008743 0.008276 0.008058 0.007960 0.007917 0.007898 0.007889 0.007883 0.007877 0.007868 0.007854 0.007829 0.007788 0.007723 0.007622 0.007471 0.007251 0.006943 0.006527 0.005983 0.005298 0.004467 0.003497 0.002406 0.001227 0.000000 
50.000000 42.732414 35.705905 29.137580 23.200572 18.011057 13.623777 10.035786 7.196647 5.022415 3.410558 2.253446 1.448825 0.906673 0.552578 0.328321 0.190546 0.108404 0.060859 0.034131 0.019532 0.011780 0.007777 0.005767 0.004784 0.004316 0.004099 0.004001 0.003958 0.003939 0.003930 0.003926 0.003922 0.003918 0.003910 0.003897 0.003877 0.003844 0.003793 0.003716 0.003606 0.003451 0.003243 0.002971 0.002629 0.002216 0.001734 0.001193 0.000608 0.000000 
50.000000 42.732135 35.705357 29.136780 23.199545 18.009831 13.622383 10.034255 7.195008 5.020693 3.408775 2.251619 1.446967 0.904794 0.550686 0.326421 0.188640 0.106495 0.058949 0.032219 0.017620 0.009868 0.005865 0.003854 0.002871 0.002404 0.002186 0.002088 0.002045 0.002026 0.002018 0.002014 0.002012 0.002009 0.002005 0.001998 0.001988 0.001970 0.001944 0.001904 0.001847 0.001767 0.001659 0.001520 0.001344 0.001132 0.000886 0.000609 0.000310 0.000000 
50.000000 42.732023 35.705137 29.136460 23.199133 18.009340 13.621825 10.033642 7.194352 5.020003 3.408061 2.250887 1.446223 0.904042 0.549929 0.325660 0.187877 0.105731 0.058183 0.031454 0.016854 0.009102 0.005099 0.003088 0.002105 0.001637 0.001420 0.001322 0.001279 0.001260 0.001252 0.001249 0.001247 0.001245 0.001242 0.001238 0.001231 0.001220 0.001204 0.001179 0.001143 0.001093 0.001026 0.000940 0.000831 0.000700 0.000547 0.000376 0.000192 0.000000 
50.000000 42.732023 35.705137 29.136460 23.199133 18.009340 13.621825 10.033642 7.194352 5.020003 3.408061 2.250887 1.446223 0.904042 0.549929 0.325660 0.187877 0.105731 0.058183 0.031454 0.016854 0.009102 0.005099 0.003088 0.002105 0.001637 0.001420 0.001322 0.001279 0.001260 0.001252 0.001249 0.001247 0.001245 0.001242 0.001238 0.001231 0.001220 0.001204 0.001179 0.001143 0.001093 0.001026 0.000940 0.000831 0.000700 0.000547 0.000376 0.000192 0.000000 
50.000000 42.732135 35.705357 29.136780 23.199545 18.009831 13.622383 10.034255 7.195008 5.020693 3.408775 2.251619 1.446967 0.904794 0.550686 0.326421 0.188640 0.106495 0.058949 0.032219 0.017620 0.009868 0.005865 0.003854 0.002871 0.002404 0.002186 0.002088 0.002045 0.002026 0.002018 0.002014 0.002012 0.002009 0.002005 0.001998 0.001988 0.001970 0.001944 0.001904 0.001847 0.001767 0.001659 0.001520 0.001344 0.001132 0.000886 0.000609 0.000310 0.000000 
50.000000 42.732414 35.705905 29.137580 23.200572 18.011057 13.623777 10.035786 7.196647 5.022415 3.410558 2.253446 1.448825 0.906673 0.552578 0.328321 0.190546 0.108404 0.060859 0.034131 0.019532 0.011780 0.007777 0.005767 0.004784 0.004316 0.004099 0.004001 0.003958 0.003939 0.003930 0.003926 0.003922 0.003918 0.003910 0.003897 0.003877 0.003844 0.003793 0.003716 0.003606 0.003451 0.003243 0.002971 0.002629 0.002216 0.001734 0.001193 0.000608 0.000000 
50.000000 42.732990 35.707039 29.139236 23.202698 18.013595 13.626662 10.038955 7.200041 5.025980 3.414251 2.257229 1.452671 0.910562 0.556495 0.332255 0.194491 0.112355 0.064814 0.038088 0.023490 0.015739 0.011737 0.009726 0.008743 0.008276 0.008058 0.007960 0.007917 0.007898 0.007889 0.007883 0.007877 0.007868 0.007854 0.007829 0.007788 0.007723 0.007622 0.007471 0.007251 0.006943 0.006527 0.005983 0.005298 0.004467 0.003497 0.002406 0.001227 0.000000 
50.000000 42.734117 35.709255 29.142469 23.206851 18.018550 13.632296 10.045144 7.206668 5.032942 3.421461 2.264618 1.460184 0.918157 0.564145 0.339940 0.202196 0.120073 0.072539 0.045817 0.031221 0.023471 0.019470 0.017460 0.016477 0.016009 0.015792 0.015694 0.015650 0.015630 0.015620 0.015612 0.015602 0.015586 0.015558 0.015510 0.015431 0.015305 0.015108 0.014813 0.014383 0.013778 0.012958 0.011885 0.010530 0.008884 0.006958 0.004789 0.002442 0.000000 
50.000000 42.736242 35.713434 29.148568 23.214685 18.027900 13.642926 10.056820 7.219172 5.046079 3.435067 2.278560 1.474359 0.932490 0.578580 0.354439 0.216735 0.134636 0.087116 0.060401 0.045809 0.038062 0.034061 0.032052 0.031069 0.030602 0.030385 0.030286 0.030242 0.030221 0.030209 0.030197 0.030179 0.030149 0.030097 0.030007 0.029859 0.029619 0.029246 0.028684 0.027863 0.026706 0.025131 0.023064 0.020449 0.017262 0.013527 0.009315 0.004751 0.000000 
50.000000 42.740133 35.721087 29.159737 23.229030 18.045021 13.662393 10.078204 7.242071 5.070138 3.459985 2.304093 1.500320 0.958739 0.605017 0.380995 0.243364 0.161308 0.113813 0.087112 0.072528 0.064785 0.060786 0.058778 0.057796 0.057328 0.057111 0.057012 0.056967 0.056944 0.056928 0.056909 0.056879 0.056824 0.056729 0.056566 0.056293 0.055853 0.055166 0.054125 0.052601 0.050446 0.047503 0.043627 0.038710 0.032702 0.025642 0.017667 0.009014 0.000000 
50.000000 42.747055 35.734700 29.179603 23.254548 18.075476 13.697021 10.116241 7.282805 5.112936 3.504311 2.349516 1.546504 1.005435 0.652048 0.428237 0.290736 0.208757 0.161307 0.134632 0.120061 0.112325 0.108330 0.106323 0.105342 0.104875 0.104658 0.104558 0.104511 0.104486 0.104464 0.104433 0.104380 0.104285 0.104116 0.103827 0.103343 0.102558 0.101327 0.099457 0.096709 0.092808 0.087461 0.080394 0.071395 0.060366 0.047369 0.032656 0.016669 0.000000 
50.000000 42.759011 35.758215 29.213922 23.298629 18.128087 13.756840 10.181953 7.353176 5.186873 3.580890 2.427990 1.626294 1.086112 0.733302 0.509857 0.372581 0.290736 0.243362 0.216730 0.202184 0.194460 0.190472 0.188468 0.187488 0.187022 0.186804 0.186704 0.186655 0.186624 0.186592 0.186542 0.186453 0.186291 0.186003 0.185506 0.184672 0.183316 0.181180 0.177920 0.173111 0.166254 0.156814 0.144285 0.128266 0.108560 0.085264 0.058823 0.030039 0.000000 
50.000000 42.779062 35.797651 29.271475 23.372555 18.216321 13.857164 10.292161 7.471200 5.310880 3.709329 2.559608 1.760122 1.221427 0.869588 0.646757 0.509857 0.428236 0.380993 0.354434 0.339927 0.332224 0.328247 0.326249 0.325272 0.324806 0.324588 0.324486 0.324433 0.324395 0.324348 0.324268 0.324122 0.323855 0.323379 0.322553 0.321163 0.318892 0.315299 0.309793 0.301630 0.289934 0.273754 0.252171 0.224446 0.190190 0.149538 0.103255 0.052757 0.000000 
50.000000 42.811695 35.861832 29.365143 23.492870 18.359922 14.020446 10.471531 7.663296 5.512715 3.918381 2.773837 1.977949 1.441676 1.091418 0.869588 0.733302 0.652047 0.605015 0.578575 0.564132 0.556464 0.552504 0.550515 0.549542 0.549078 0.548860 0.548755 0.548697 0.548648 0.548578 0.548453 0.548222 0.547797 0.547035 0.545709 0.543467 0.539790 0.533943 0.524936 0.511512 0.492168 0.465258 0.429157 0.382523 0.324606 0.255556 0.176645 0.090318 0.000000 
50.000000 42.863213 35.963156 29.513021 23.682820 18.586639 14.278237 10.754727 7.966587 5.831389 4.248452 3.112087 2.321882 1.789436 1.441676 1.221427 1.086111 1.005435 0.958737 0.932485 0.918145 0.910531 0.906599 0.904624 0.903657 0.903195 0.902977 0.902870 0.902805 0.902739 0.902636 0.902448 0.902094 0.901440 0.900264 0.898209 0.894718 0.888964 0.879766 0.865517 0.844150 0.813167 0.769779 0.711185 0.635000 0.539792 0.425646 0.294597 0.150754 0.000000 
50.000000 42.942082 36.118274 29.739409 23.973619 18.933729 14.672905 11.188295 8.430926 6.319284 4.753803 3.629964 2.848465 2.321882 1.977949 1.760122 1.626294 1.546503 1.500318 1.474354 1.460171 1.452640 1.448752 1.446798 1.445841 1.445383 1.445165 1.445054 1.444979 1.444892 1.444745 1.444469 1.443947 1.442979 1.441230 1.438159 1.432918 1.424233 1.410267 1.388495 1.355625 1.307617 1.239877 1.147682 1.026872 0.874763 0.691149 0.479134 0.245451 0.000000 
50.000000 43.059118 36.348460 30.075358 24.405156 19.448805 15.258594 11.831718 9.120022 7.043347 5.503780 4.398537 3.629964 3.112087 2.773837 2.559608 2.427989 2.349515 2.304091 2.278555 2.264606 2.257199 2.253374 2.251452 2.250511 2.250059 2.249841 2.249726 2.249637 2.249522 2.249319 2.248930 2.248189 2.246810 2.244309 2.239895 2.232321 2.219698 2.199268 2.167198 2.118407 2.046557 1.944285 1.803815 1.618030 1.381975 1.094616 0.760410 0.390082 0.000000 
50.000000 43.227406 36.679449 30.558430 25.025680 20.189462 16.100797 12.756954 10.110947 8.084564 6.582272 5.503780 4.753803 4.248452 3.918381 3.709329 3.580889 3.504310 3.459983 3.435062 3.421449 3.414221 3.410488 3.408612 3.407692 3.407250 3.407034 3.406913 3.406809 3.406661 3.406388 3.405862 3.404854 3.402970 3.399536 3.393445 3.382935 3.365308 3.336582 3.291136 3.221403 3.117747 2.968702 2.761779 2.485038 2.129480 1.692052 1.178610 0.605720 0.000000 
50.000000 43.461807 37.140470 31.231283 25.889993 21.221114 17.273903 14.045728 11.491234 9.534920 8.084564 7.043347 6.319284 5.831389 5.512715 5.310880 5.186873 5.112935 5.070136 5.046074 5.032930 5.025951 5.022346 5.020535 5.019646 5.019217 5.019004 5.018877 5.018757 5.018571 5.018221 5.017539 5.016227 5.013762 5.009249 5.001203 4.987239 4.963658 4.924939 4.863161 4.767460 4.623688 4.414535 4.120464 3.721859 3.202643 2.555282 1.786288 0.920301 0.000000 
50.000000 43.777959 37.762281 32.138814 27.055769 22.612606 18.856204 15.784060 13.353019 11.491234 10.110947 9.120022 8.430926 7.966587 7.663296 7.471200 7.353176 7.282804 7.242069 7.219167 7.206656 7.200013 7.196582 7.194857 7.194010 7.193600 7.193392 7.193262 7.193125 7.192901 7.192471 7.191627 7.189997 7.186923 7.181267 7.171127 7.153421 7.123309 7.073466 6.993200 6.867546 6.676509 6.394843 5.992878 5.439130 4.705416 3.774825 2.651749 1.370949 0.000000 
50.000000 44.190758 38.574182 33.323785 28.577941 24.429514 20.922272 18.053884 15.784060 14.045728 12.756954 11.831718 11.188295 10.754727 10.471531 10.292160 10.181953 10.116241 10.078202 10.056816 10.045133 10.038929 10.035725 10.034113 10.033322 10.032936 10.032738 10.032605 10.032454 10.032196 10.031694 10.030703 10.028781 10.025139 10.018407 10.006273 9.984948 9.948418 9.887434 9.788252 9.631193 9.389217 9.026942 8.500841 7.761783 6.761461 5.464292 3.865022 2.008395 0.000000 
50.000000 44.712397 39.600154 34.821199 30.501478 26.725516 23.533154 20.922272 18.856204 17.273903 16.100797 15.258594 14.672905 14.278237 14.020446 13.857164 13.756840 13.697020 13.662392 13.642922 13.632287 13.626638 13.623721 13.622254 13.621532 13.621179 13.620994 13.620862 13.620703 13.620421 13.619867 13.618767 13.616627 13.612555 13.604993 13.591289 13.567052 13.525223 13.454779 13.339018 13.153439 12.863326 12.421431 11.766577 10.824793 9.515720 7.768303 5.549723 2.906447 0.000000 
50.000000 45.350198 40.854600 36.652078 32.853387 29.532854 26.725516 24.429514 22.612606 21.221114 20.189462 19.448805 18.933729 18.586639 18.359922 18.216320 18.128087 18.075476 18.045020 18.027896 18.018542 18.013574 18.011007 18.009716 18.009081 18.008769 18.008602 18.008477 18.008318 18.008029 18.007455 18.006313 18.004082 17.999822 17.991875 17.977399 17.951639 17.906857 17.830775 17.704424 17.499255 17.173476 16.667731 15.900723 14.766427 13.136693 10.876942 7.887594 4.183834 0.000000 
50.000000 46.104582 42.338346 38.817632 35.635223 32.853387 30.501478 28.577941 27.055769 25.889993 25.025680 24.405156 23.973619 23.682820 23.492870 23.372555 23.298629 23.254548 23.229029 23.214682 23.206843 23.202681 23.200530 23.199448 23.198915 23.198652 23.198509 23.198398 23.198249 23.197974 23.197425 23.196330 23.194183 23.190069 23.182365 23.168263 23.143029 23.098856 23.023180 22.896200 22.687349 22.350353 21.816480 20.985759 19.716694 17.817611 15.049854 11.169179 6.057877 0.000000 
50.000000 46.967589 44.035738 41.295010 38.817632 36.652078 34.821199 33.323785 32.138814 31.231283 30.558430 30.075358 29.739409 29.513021 29.365143 29.271475 29.213922 29.179603 29.159736 29.148565 29.142463 29.139222 29.137548 29.136705 29.136289 29.136084 29.135970 29.135879 29.135753 29.135517 29.135043 29.134096 29.132235 29.128658 29.121938 29.109587 29.087375 29.048260 28.980742 28.866378 28.676001 28.363990 27.859493 27.052896 25.775136 23.767779 20.647505 15.895037 8.987116 0.000000 
50.000000 47.922332 45.913561 44.035738 42.338346 40.854600 39.600154 38.574182 37.762281 37.140470 36.679449 36.348460 36.118274 35.963156 35.861831 35.797651 35.758215 35.734700 35.721087 35.713432 35.709251 35.707030 35.705883 35.705305 35.705020 35.704879 35.704800 35.704735 35.704643 35.704469 35.704121 35.703421 35.702044 35.699392 35.694396 35.685186 35.668560 35.639139 35.588050 35.500840 35.354182 35.110533 34.709160 34.050431 32.967005 31.169167 28.140700 22.956781 14.087286 0.000000 
50.000000 48.943651 47.922332 46.967589 46.104582 45.350198 44.712397 44.190758 43.777959 43.461807 43.227406 43.059118 42.942082 42.863213 42.811695 42.779062 42.759011 42.747055 42.740133 42.736241 42.734115 42.732986 42.732402 42.732109 42.731964 42.731891 42.731851 42.731817 42.731769 42.731677 42.731491 42.731119 42.730386 42.728973 42.726305 42.721377 42.712460 42.696631 42.669036 42.621686 42.541505 42.407009 42.182363 41.805950 41.166364 40.046706 37.980473 33.835045 24.471826 0.000000 
50.000000 50.000000 50.000000 50.000000 50.000000 50.000000 50.000000 50.000000 50.000000 50.000000 50.000000 50.000000 50.000000 50.000000 50.000000 50.000000 50.000000 50.000000 50.000000 50.000000 50.000000 50.000000 50.000000 50.000000 50.000000 50.000000 50.000000 50.000000 50.000000 50.000000 50.000000 50.000000 50.000000 50.000000 50.000000 50.000000 50.000000 50.000000 50.000000 50.000000 50.000000 50.000000 50.000000 50.000000 50.000000 50.000000 50.000000 50.000000 50.000000 50.000000 
