50.000000 50.000000 50.000000 50.000000 50.000000 50.000000 50.000000 50.000000 50.000000 50.000000 50.000000 50.000000 50.000000 50.000000 50.000000 50.000000 50.000000 50.000000 50.000000 50.000000 50.000000 50.000000 50.000000 50.000000 50.000000 50.000000 50.000000 50.000000 50.000000 50.000000 50.000000 50.000000 50.000000 50.000000 50.000000 50.000000 50.000000 50.000000 50.000000 50.000000 50.000000 50.000000 50.000000 50.000000 50.000000 50.000000 50.000000 50.000000 50.000000 50.000000 
50.000000 48.983455 47.999350 47.077022 46.240096 45.504755 44.879080 44.363455 43.951805 43.633368 43.394628 43.221108 43.098811 43.015200 42.959734 42.924019 42.901690 42.888128 42.880126 42.875535 42.872974 42.871584 42.870850 42.870471 42.870280 42.870182 42.870127 42.870080 42.870016 42.869899 42.869668 42.869214 42.868338 42.866679 42.863604 42.858019 42.848073 42.830684 42.800789 42.750154 42.665428 42.524835 42.292269 41.905892 41.254173 40.120208 38.037652 33.874202 24.491727 0.000000 
50.000000 47.999350 46.062546 44.247326 42.600186 41.152973 39.921597 38.906809 38.096653 37.469949 37.000094 36.658598 36.417912 36.253362 36.144204 36.073917 36.029971 36.003283 35.987533 35.978499 35.973459 35.970724 35.969279 35.968534 35.968158 35.967966 35.967857 35.967768 35.967647 35.967425 35.966989 35.966134 35.964484 35.961366 35.955595 35.945136 35.926553 35.894163 35.838698 35.745240 35.589934 35.334687 34.918248 34.240565 33.134055 31.309000 28.249480 23.031273 14.125148 0.000000 
50.000000 47.077022 44.247326 41.595268 39.188782 37.074395 35.275352 33.792749 32.609118 31.693512 31.007064 30.508148 30.156514 29.916115 29.756641 29.653955 29.589754 29.550765 29.527756 29.514558 29.507196 29.503200 29.501089 29.500002 29.499452 29.499173 29.499016 29.498891 29.498723 29.498420 29.497826 29.496665 29.494427 29.490207 29.482417 29.468342 29.443431 29.400217 29.326662 29.203676 29.001363 28.673346 28.148057 27.315302 26.005683 23.960765 20.797634 15.997846 9.039370 0.000000 
50.000000 46.240096 42.600186 39.188782 36.093267 33.373496 31.059364 29.152280 27.629775 26.452036 25.569068 24.927324 24.475029 24.165814 23.960692 23.828614 23.746037 23.695888 23.666295 23.649320 23.639850 23.634712 23.631997 23.630598 23.629892 23.629535 23.629337 23.629183 23.628984 23.628629 23.627938 23.626588 23.623994 23.619117 23.610144 23.593997 23.565560 23.516524 23.433684 23.296472 23.073460 22.717470 22.158923 21.297161 19.990289 18.046634 15.228016 11.291185 6.119888 0.000000 
50.000000 45.504755 41.152973 37.074395 33.373496 30.121834 27.355152 25.075132 23.254906 21.846874 20.791260 20.024042 19.483319 19.113653 18.868432 18.710537 18.611820 18.551870 18.516494 18.496201 18.484882 18.478739 18.475494 18.473823 18.472980 18.472555 18.472323 18.472150 18.471935 18.471559 18.470832 18.469416 18.466704 18.461622 18.452311 18.435633 18.406428 18.356411 18.272620 18.135257 17.914846 17.568625 17.036324 16.235907 15.060917 13.383207 11.068712 8.018919 4.250582 0.000000 
50.000000 44.879080 39.921597 35.275352 31.059364 27.355152 24.203431 21.606115 19.532595 17.928638 16.726148 15.852189 15.236242 14.815154 14.535825 14.355970 14.243525 14.175239 14.134944 14.111831 14.098938 14.091942 14.088246 14.086343 14.085384 14.084903 14.084645 14.084462 14.084245 14.083876 14.083167 14.081794 14.079173 14.074280 14.065354 14.049449 14.021767 13.974706 13.896554 13.769786 13.568969 13.258419 12.789972 12.101715 11.119245 9.762202 7.960050 5.681032 2.973188 0.000000 
50.000000 44.363455 38.906809 33.792749 29.152280 25.075132 21.606115 18.747336 16.465095 14.699699 13.376187 12.414281 11.736357 11.272905 10.965477 10.767533 10.643779 10.568627 10.524281 10.498844 10.484656 10.476957 10.472890 10.470797 10.469743 10.469217 10.468939 10.468752 10.468545 10.468204 10.467556 10.466307 10.463933 10.459519 10.451504 10.437301 10.412737 10.371285 10.303051 10.193515 10.022122 9.760921 9.373668 8.816143 8.038808 6.993357 5.644692 3.988561 2.071186 0.000000 
50.000000 43.951805 38.096653 32.609118 27.629775 23.254906 19.532595 16.465095 14.016245 12.121984 10.701875 9.669774 8.942386 8.445124 8.115272 7.902892 7.770116 7.689485 7.641907 7.614617 7.599395 7.591135 7.586773 7.584528 7.583399 7.582837 7.582547 7.582361 7.582172 7.581872 7.581311 7.580238 7.578205 7.574442 7.567642 7.555657 7.535061 7.500560 7.444250 7.354749 7.216308 7.008122 6.704175 6.274176 5.686281 4.912305 3.935772 2.761967 1.426970 0.000000 
50.000000 43.633368 37.469949 31.693512 26.452036 21.846874 17.928638 14.699699 12.121984 10.128057 8.633242 7.546855 6.781217 6.257811 5.910622 5.687081 5.547329 5.462464 5.412387 5.383665 5.367644 5.358951 5.354360 5.351998 5.350811 5.350223 5.349924 5.349744 5.349575 5.349323 5.348861 5.347983 5.346328 5.343278 5.337793 5.328178 5.311758 5.284446 5.240230 5.170600 5.064028 4.905675 4.677577 4.359669 3.932028 3.378577 2.692148 1.880015 0.967940 0.000000 
50.000000 43.394628 37.000094 31.007064 25.569068 20.791260 16.726148 13.376187 10.701875 8.633242 7.082432 5.955360 5.161055 4.618058 4.257876 4.025973 3.880994 3.792956 3.741009 3.711213 3.694594 3.685577 3.680814 3.678365 3.677135 3.676528 3.676224 3.676050 3.675903 3.675699 3.675335 3.674649 3.673362 3.671002 3.666777 3.659411 3.646905 3.626244 3.593048 3.541216 3.462642 3.347126 3.182672 2.956362 2.656003 2.272596 1.803388 1.254854 0.644473 0.000000 
50.000000 43.221108 36.658598 30.508148 24.927324 20.024042 15.852189 12.414281 9.669774 7.546855 5.955360 4.798727 3.983595 3.426365 3.056746 2.818769 2.669995 2.579653 2.526347 2.495772 2.478719 2.469466 2.464579 2.462066 2.460806 2.460185 2.459879 2.459712 2.459585 2.459424 2.459148 2.458634 2.457676 2.455926 2.452808 2.447400 2.438269 2.423279 2.399363 2.362312 2.306625 2.225523 2.111230 1.955635 1.751423 1.493640 1.181486 0.819900 0.420319 0.000000 
50.000000 43.098811 36.417912 30.156514 24.475029 19.483319 15.236242 11.736357 8.942386 6.781217 5.161055 3.983595 3.153792 2.586536 2.210270 1.968015 1.816567 1.724603 1.670340 1.639217 1.621858 1.612439 1.607466 1.604908 1.603626 1.602996 1.602688 1.602528 1.602418 1.602294 1.602092 1.601722 1.601036 1.599790 1.597579 1.593763 1.587355 1.576896 1.560316 1.534811 1.496770 1.441826 1.365072 1.261535 1.126907 0.958504 0.756297 0.523749 0.268127 0.000000 
50.000000 43.015200 36.253362 29.916115 24.165814 19.113654 14.815154 11.272905 8.445124 6.257811 4.618058 3.426365 2.586536 2.012430 1.631622 1.386445 1.233172 1.140100 1.085183 1.053685 1.036118 1.026586 1.021553 1.018965 1.017668 1.017032 1.016724 1.016569 1.016473 1.016378 1.016234 1.015977 1.015505 1.014650 1.013142 1.010548 1.006215 0.999181 0.988097 0.971153 0.946053 0.910063 0.860169 0.793387 0.707226 0.600254 0.472684 0.326809 0.167127 0.000000 
50.000000 42.959734 36.144204 29.756641 23.960692 18.868433 14.535825 10.965477 8.115272 5.910622 4.257876 3.056746 2.210270 1.631622 1.247804 1.000689 0.846206 0.752399 0.697050 0.665304 0.647598 0.637992 0.632919 0.630311 0.629004 0.628365 0.628057 0.627906 0.627820 0.627747 0.627647 0.627474 0.627161 0.626596 0.625602 0.623902 0.621074 0.616506 0.609347 0.598465 0.582443 0.559615 0.528176 0.486376 0.432799 0.366694 0.288299 0.199069 0.101715 0.000000 
50.000000 42.924020 36.073917 29.653956 23.828614 18.710537 14.355971 10.767533 7.902892 5.687081 4.025973 2.818769 1.968015 1.386445 1.000689 0.752329 0.597067 0.502788 0.447160 0.415255 0.397460 0.387805 0.382707 0.380086 0.378773 0.378132 0.377824 0.377676 0.377598 0.377541 0.377472 0.377359 0.377157 0.376797 0.376165 0.375088 0.373304 0.370436 0.365961 0.359196 0.349288 0.335251 0.316028 0.290617 0.258227 0.218470 0.171539 0.118322 0.060416 0.000000 
50.000000 42.901690 36.029971 29.589754 23.746037 18.611820 14.243526 10.643780 7.770116 5.547329 3.880995 2.669995 1.816568 1.233172 0.846206 0.597067 0.441319 0.346746 0.290944 0.258939 0.241089 0.231404 0.226290 0.223661 0.222344 0.221701 0.221394 0.221248 0.221175 0.221129 0.221081 0.221009 0.220884 0.220661 0.220272 0.219612 0.218522 0.216778 0.214070 0.209993 0.204052 0.195675 0.184261 0.169246 0.150198 0.126921 0.099548 0.068606 0.035011 0.000000 
50.000000 42.888129 36.003283 29.550765 23.695889 18.551871 14.175240 10.568628 7.689487 5.462465 3.792958 2.579655 1.724605 1.140101 0.752401 0.502789 0.346747 0.251994 0.196087 0.164022 0.146138 0.136434 0.131311 0.128677 0.127358 0.126714 0.126407 0.126263 0.126193 0.126154 0.126121 0.126075 0.125999 0.125865 0.125634 0.125242 0.124597 0.123570 0.121980 0.119596 0.116138 0.111283 0.104696 0.096069 0.085168 0.071896 0.056339 0.038799 0.019791 0.000000 
50.000000 42.880126 35.987534 29.527758 23.666297 18.516496 14.134947 10.524284 7.641910 5.412391 3.741012 2.526350 1.670343 1.085187 0.697053 0.447164 0.290947 0.196089 0.140120 0.108019 0.090115 0.080401 0.075272 0.072635 0.071315 0.070671 0.070364 0.070220 0.070153 0.070118 0.070094 0.070065 0.070020 0.069942 0.069808 0.069583 0.069213 0.068625 0.067719 0.066367 0.064411 0.061676 0.057980 0.053156 0.047082 0.039711 0.031095 0.021401 0.010912 0.000000 
50.000000 42.875536 35.978501 29.514562 23.649324 18.496207 14.111837 10.498851 7.614625 5.383673 3.711221 2.495780 1.639225 1.053694 0.665313 0.415263 0.258947 0.164029 0.108024 0.075903 0.057988 0.048268 0.043135 0.040497 0.039176 0.038531 0.038224 0.038082 0.038015 0.037984 0.037964 0.037946 0.037920 0.037876 0.037800 0.037674 0.037468 0.037142 0.036641 0.035894 0.034819 0.033321 0.031302 0.028676 0.025380 0.021391 0.016739 0.011515 0.005869 0.000000 
50.000000 42.872977 35.973465 29.507205 23.639862 18.484895 14.098954 10.484673 7.599413 5.367663 3.694614 2.478739 1.621878 1.036138 0.647619 0.397481 0.241109 0.146157 0.090132 0.058000 0.040079 0.030355 0.025221 0.022582 0.021260 0.020615 0.020309 0.020166 0.020101 0.020071 0.020054 0.020042 0.020027 0.020002 0.019961 0.019893 0.019781 0.019605 0.019335 0.018935 0.018359 0.017560 0.016486 0.015093 0.013350 0.011244 0.008794 0.006047 0.003081 0.000000 
50.000000 42.871591 35.970739 29.503221 23.634739 18.478771 14.091978 10.476997 7.591178 5.358996 3.685623 2.469513 1.612487 1.026634 0.638040 0.387854 0.231452 0.136482 0.080447 0.048308 0.030383 0.020658 0.015523 0.012883 0.011562 0.010917 0.010610 0.010468 0.010403 0.010373 0.010359 0.010350 0.010341 0.010328 0.010306 0.010269 0.010210 0.010118 0.009976 0.009766 0.009465 0.009049 0.008491 0.007769 0.006868 0.005781 0.004519 0.003106 0.001583 0.000000 
50.000000 42.870867 35.969312 29.501138 23.632059 18.475568 14.088330 10.472982 7.586871 5.354463 3.680921 2.464688 1.607576 1.021664 0.633031 0.382820 0.226403 0.131423 0.075382 0.043240 0.025314 0.015587 0.010452 0.007812 0.006490 0.005845 0.005538 0.005396 0.005331 0.005303 0.005289 0.005282 0.005276 0.005269 0.005257 0.005238 0.005207 0.005159 0.005086 0.004977 0.004822 0.004608 0.004322 0.003953 0.003492 0.002938 0.002296 0.001577 0.000803 0.000000 
50.000000 42.870510 35.968610 29.500111 23.630739 18.473990 14.086533 10.471004 7.584750 5.352230 3.678605 2.462312 1.605157 1.019216 0.630564 0.380340 0.223915 0.128931 0.072887 0.040744 0.022816 0.013090 0.007954 0.005314 0.003992 0.003347 0.003040 0.002898 0.002834 0.002805 0.002792 0.002786 0.002782 0.002777 0.002771 0.002761 0.002744 0.002718 0.002679 0.002621 0.002538 0.002425 0.002273 0.002078 0.001835 0.001543 0.001205 0.000828 0.000422 0.000000 
50.000000 42.870365 35.968324 29.499694 23.630203 18.473349 14.085803 10.470201 7.583887 5.351323 3.677664 2.461346 1.604174 1.018221 0.629561 0.379333 0.222904 0.127918 0.071873 0.039729 0.021801 0.012074 0.006939 0.004298 0.002976 0.002332 0.002025 0.001883 0.001818 0.001790 0.001777 0.001771 0.001768 0.001765 0.001761 0.001754 0.001743 0.001726 0.001701 0.001664 0.001611 0.001538 0.001442 0.001317 0.001163 0.000977 0.000763 0.000524 0.000267 0.000000 
50.000000 42.870365 35.968324 29.499694 23.630203 18.473349 14.085803 10.470201 7.583887 5.351323 3.677664 2.461346 1.604174 1.018221 0.629561 0.379333 0.222904 0.127918 0.071873 0.039729 0.021801 0.012074 0.006939 0.004298 0.002976 0.002332 0.002025 0.001883 0.001818 0.001790 0.001777 0.001771 0.001768 0.001765 0.001761 0.001754 0.001743 0.001726 0.001701 0.001664 0.001611 0.001538 0.001442 0.001317 0.001163 0.000977 0.000763 0.000524 0.000267 0.000000 
50.000000 42.870510 35.968610 29.500111 23.630739 18.473990 14.086533 10.471004 7.584750 5.352230 3.678605 2.462312 1.605157 1.019216 0.630564 0.380340 0.223915 0.128931 0.072887 0.040744 0.022816 0.013090 0.007954 0.005314 0.003992 0.003347 0.003040 0.002898 0.002834 0.002805 0.002792 0.002786 0.002782 0.002777 0.002771 0.002761 0.002744 0.002718 0.002679 0.002621 0.002538 0.002425 0.002273 0.002078 0.001835 0.001543 0.001205 0.000828 0.000422 0.000000 
50.000000 42.870867 35.969312 29.501138 23.632059 18.475568 14.088330 10.472982 7.586871 5.354463 3.680921 2.464688 1.607576 1.021664 0.633031 0.382820 0.226403 0.131423 0.075382 0.043240 0.025314 0.015587 0.010452 0.007812 0.006490 0.005845 0.005538 0.005396 0.005331 0.005303 0.005289 0.005282 0.005276 0.005269 0.005257 0.005238 0.005207 0.005159 0.005086 0.004977 0.004822 0.004608 0.004322 0.003953 0.003492 0.002938 0.002296 0.001577 0.000803 0.000000 
50.000000 42.871591 35.970739 29.503221 23.634739 18.478771 14.091978 10.476997 7.591178 5.358996 3.685623 2.469513 1.612487 1.026634 0.638040 0.387854 0.231452 0.136482 0.080447 0.048308 0.030383 0.020658 0.015523 0.012883 0.011562 0.010917 0.010610 0.010468 0.010403 0.010373 0.010359 0.010350 0.010341 0.010328 0.010306 0.010269 0.010210 0.010118 0.009976 0.009766 0.009465 0.009049 0.008491 0.007769 0.006868 0.005781 0.004519 0.003106 0.001583 0.000000 
50.000000 42.872977 35.973465 29.507205 23.639862 18.484895 14.098954 10.484673 7.599413 5.367663 3.694614 2.478739 1.621878 1.036138 0.647619 0.397481 0.241109 0.146157 0.090132 0.058000 0.040079 0.030355 0.025221 0.022582 0.021260 0.020615 0.020309 0.020166 0.020101 0.020071 0.020054 0.020042 0.020027 0.020002 0.019961 0.019893 0.019781 0.019605 0.019335 0.018935 0.018359 0.017560 0.016486 0.015093 0.013350 0.011244 0.008794 0.006047 0.003081 0.000000 
50.000000 42.875536 35.978501 29.514562 23.649324 18.496207 14.111837 10.498851 7.614625 5.383673 3.711221 2.495780 1.639225 1.053694 0.665313 0.415263 0.258947 0.164029 0.108024 0.075903 0.057988 0.048268 0.043135 0.040497 0.039176 0.038531 0.038224 0.038082 0.038015 0.037984 0.037964 0.037946 0.037920 0.037876 0.037800 0.037674 0.037468 0.037142 0.036641 0.035894 0.034819 0.033321 0.031302 0.028676 0.025380 0.021391 0.016739 0.011515 0.005869 0.000000 
50.000000 42.880126 35.987534 29.527758 23.666297 18.516496 14.134947 10.524284 7.641910 5.412391 3.741012 2.526350 1.670343 1.085187 0.697053 0.447164 0.290947 0.196089 0.140120 0.108019 0.090115 0.080401 0.075272 0.072635 0.071315 0.070671 0.070364 0.070220 0.070153 0.070118 0.070094 0.070065 0.070020 0.069942 0.069808 0.069583 0.069213 0.068625 0.067719 0.066367 0.064411 0.061676 0.057980 0.053156 0.047082 0.039711 0.031095 0.021401 0.010912 0.000000 
50.000000 42.888129 36.003283 29.550765 23.695889 18.551871 14.175240 10.568628 7.689487 5.462465 3.792958 2.579655 1.724605 1.140101 0.752401 0.502789 0.346747 0.251994 0.196087 0.164022 0.146138 0.136434 0.131311 0.128677 0.127358 0.126714 0.126407 0.126263 0.126193 0.126154 0.126121 0.126075 0.125999 0.125865 0.125634 0.125242 0.124597 0.123570 0.121980 0.119596 0.116138 0.111283 0.104696 0.096069 0.085168 0.071896 0.056339 0.038799 0.019791 0.000000 
50.000000 42.901690 36.029971 29.589754 23.746037 18.611820 14.243526 10.643780 7.770116 5.547329 3.880995 2.669995 1.816568 1.233172 0.846206 0.597067 0.441319 0.346746 0.290944 0.258939 0.241089 0.231404 0.226290 0.223661 0.222344 0.221701 0.221394 0.221248 0.221175 0.221129 0.221081 0.221009 0.220884 0.220661 0.220272 0.219612 0.218522 0.216778 0.214070 0.209993 0.204052 0.195675 0.184261 0.169246 0.150198 0.126921 0.099548 0.068606 0.035011 0.000000 
50.000000 42.924020 36.073917 29.653956 23.828614 18.710537 14.355971 10.767533 7.902892 5.687081 4.025973 2.818769 1.968015 1.386445 1.000689 0.752329 0.597067 0.502788 0.447160 0.415255 0.397460 0.387805 0.382707 0.380086 0.378773 0.378132 0.377824 0.377676 0.377598 0.377541 0.377472 0.377359 0.377157 0.376797 0.376165 0.375088 0.373304 0.370436 0.365961 0.359196 0.349288 0.335251 0.316028 0.290617 0.258227 0.218470 0.171539 0.118322 0.060416 0.000000 
50.000000 42.959734 36.144204 29.756641 23.960692 18.868433 14.535825 10.965477 8.115272 5.910622 4.257876 3.056746 2.210270 1.631622 1.247804 1.000689 0.846206 0.752399 0.697050 0.665304 0.647598 0.637992 0.632919 0.630311 0.629004 0.628365 0.628057 0.627906 0.627820 0.627747 0.627647 0.627474 0.627161 0.626596 0.625602 0.623902 0.621074 0.616506 0.609347 0.598465 0.582443 0.559615 0.528176 0.486376 0.432799 0.366694 0.288299 0.199069 0.101715 0.000000 
50.000000 43.015200 36.253362 29.916115 24.165814 19.113654 14.815154 11.272905 8.445124 6.257811 4.618058 3.426365 2.586536 2.012430 1.631622 1.386445 1.233172 1.140100 1.085183 1.053685 1.036118 1.026586 1.021553 1.018965 1.017668 1.017032 1.016724 1.016569 1.016473 1.016378 1.016234 1.015977 1.015505 1.014650 1.013142 1.010548 1.006215 0.999181 0.988097 0.971153 0.946053 0.910063 0.860169 0.793387 0.707226 0.600254 0.472684 0.326809 0.167127 0.000000 
50.000000 43.098811 36.417912 30.156514 24.475029 19.483319 15.236242 11.736357 8.942386 6.781217 5.161055 3.983595 3.153792 2.586536 2.210270 1.968015 1.816567 1.724603 1.670340 1.639217 1.621858 1.612439 1.607466 1.604908 1.603626 1.602996 1.602688 1.602528 1.602418 1.602294 1.602092 1.601722 1.601036 1.599790 1.597579 1.593763 1.587355 1.576896 1.560316 1.534811 1.496770 1.441826 1.365072 1.261535 1.126907 0.958504 0.756297 0.523749 0.268127 0.000000 
50.000000 43.221108 36.658598 30.508148 24.927324 20.024042 15.852189 12.414281 9.669774 7.546855 5.955360 4.798727 3.983595 3.426365 3.056746 2.818769 2.669995 2.579653 2.526347 2.495772 2.478719 2.469466 2.464579 2.462066 2.460806 2.460185 2.459879 2.459712 2.459585 2.459424 2.459148 2.458634 2.457676 2.455926 2.452808 2.447400 2.438269 2.423279 2.399363 2.362312 2.306625 2.225523 2.111230 1.955635 1.751423 1.493640 1.181486 0.819900 0.420319 0.000000 
50.000000 43.394628 37.000094 31.007064 25.569068 20.791260 16.726148 13.376187 10.701875 8.633242 7.082432 5.955360 5.161055 4.618058 4.257876 4.025973 3.880994 3.792956 3.741009 3.711213 3.694594 3.685577 3.680814 3.678365 3.677135 3.676528 3.676224 3.676050 3.675903 3.675699 3.675335 3.674649 3.673362 3.671002 3.666777 3.659411 3.646905 3.626244 3.593048 3.541216 3.462642 3.347126 3.182672 2.956362 2.656003 2.272596 1.803388 1.254854 0.644473 0.000000 
50.000000 43.633368 37.469949 31.693512 26.452036 21.846874 17.928638 14.699699 12.121984 10.128057 8.633242 7.546855 6.781217 6.257811 5.910622 5.687081 5.547329 5.462464 5.412387 5.383665 5.367644 5.358951 5.354360 5.351998 5.350811 5.350223 5.349924 5.349744 5.349575 5.349323 5.348861 5.347983 5.346328 5.343278 5.337793 5.328178 5.311758 5.284446 5.240230 5.170600 5.064028 4.905675 4.677577 4.359669 3.932028 3.378577 2.692148 1.880015 0.967940 0.000000 
50.000000 43.951805 38.096653 32.609118 27.629775 23.254906 19.532595 16.465095 14.016245 12.121984 10.701875 9.669774 8.942386 8.445124 8.115272 7.902892 7.770116 7.689485 7.641907 7.614617 7.599395 7.591135 7.586773 7.584528 7.583399 7.582837 7.582547 7.582361 7.582172 7.581872 7.581311 7.580238 7.578205 7.574442 7.567642 7.555657 7.535061 7.500560 7.444250 7.354749 7.216308 7.008122 6.704175 6.274176 5.686281 4.912305 3.935772 2.761967 1.426970 0.000000 
50.000000 44.363455 38.906809 33.792749 29.152280 25.075132 21.606115 18.747336 16.465095 14.699699 13.376187 12.414281 11.736357 11.272905 10.965477 10.767533 10.643779 10.568627 10.524281 10.498844 10.484656 10.476957 10.472890 10.470797 10.469743 10.469217 10.468939 10.468752 10.468545 10.468204 10.467556 10.466307 10.463933 10.459519 10.451504 10.437301 10.412737 10.371285 10.303051 10.193515 10.022122 9.760921 9.373668 8.816143 8.038808 6.993357 5.644692 3.988561 2.071186 0.000000 
50.000000 44.879080 39.921597 35.275352 31.059364 27.355152 24.203431 21.606115 19.532595 17.928638 16.726148 15.852189 15.236242 14.815154 14.535825 14.355970 14.243525 14.175239 14.134944 14.111831 14.098938 14.091942 14.088246 14.086343 14.085384 14.084903 14.084645 14.084462 14.084245 14.083876 14.083167 14.081794 14.079173 14.074280 14.065354 14.049449 14.021767 13.974706 13.896554 13.769786 13.568969 13.258419 12.789972 12.101715 11.119245 9.762202 7.960050 5.681032 2.973188 0.000000 
50.000000 45.504755 41.152973 37.074395 33.373496 30.121834 27.355152 25.075132 23.254906 21.846874 20.791260 20.024042 19.483319 19.113653 18.868432 18.710537 18.611820 18.551870 18.516494 18.496201 18.484882 18.478739 18.475494 18.473823 18.472980 18.472555 18.472323 18.472150 18.471935 18.471559 18.470832 18.469416 18.466704 18.461622 18.452311 18.435633 18.406428 18.356411 18.272620 18.135257 17.914846 17.568625 17.036324 16.235907 15.060917 13.383207 11.068712 8.018919 4.250582 0.000000 
50.000000 46.240096 42.600186 39.188782 36.093267 33.373496 31.059364 29.152280 27.629775 26.452036 25.569068 24.927324 24.475029 24.165814 23.960692 23.828614 23.746037 23.695888 23.666295 23.649320 23.639850 23.634712 23.631997 23.630598 23.629892 23.629535 23.629337 23.629183 23.628984 23.628629 23.627938 23.626588 23.623994 23.619117 23.610144 23.593997 23.565560 23.516524 23.433684 23.296472 23.073460 22.717470 22.158923 21.297161 19.990289 18.046634 15.228016 11.291185 6.119888 0.000000 
50.000000 47.077022 44.247326 41.595268 39.188782 37.074395 35.275352 33.792749 32.609118 31.693512 31.007064 30.508148 30.156514 29.916115 29.756641 29.653955 29.589754 29.550765 29.527756 29.514558 29.507196 29.503200 29.501089 29.500002 29.499452 29.499173 29.499016 29.498891 29.498723 29.498420 29.497826 29.496665 29.494427 29.490207 29.482417 29.468342 29.443431 29.400217 29.326662 29.203676 29.001363 28.673346 28.148057 27.315302 26.005683 23.960765 20.797634 15.997846 9.039370 0.000000 
50.000000 47.999350 46.062546 44.247326 42.600186 41.152973 39.921597 38.906809 38.096653 37.469949 37.000094 36.658598 36.417912 36.253362 36.144204 36.073917 36.029971 36.003283 35.987533 35.978499 35.973459 35.970724 35.969279 35.968534 35.968158 35.967966 35.967857 35.967768 35.967647 35.967425 35.966989 35.966134 35.964484 35.961366 35.955595 35.945136 35.926553 35.894163 35.838698 35.745240 35.589934 35.334687 34.918248 34.240565 33.134055 31.309000 28.249480 23.031273 14.125148 0.000000 
50.000000 48.983455 47.999350 47.077022 46.240096 45.504755 44.879080 44.363455 43.951805 43.633368 43.394628 43.221108 43.098811 43.015200 42.959734 42.924019 42.901690 42.888128 42.880126 42.875535 42.872974 42.871584 42.870850 42.870471 42.870280 42.870182 42.870127 42.870080 42.870016 42.869899 42.869668 42.869214 42.868338 42.866679 42.863604 42.858019 42.848073 42.830684 42.800789 42.750154 42.665428 42.524835 42.292269 41.905892 41.254173 40.120208 38.037652 33.874202 24.491727 0.000000 
50.000000 50.000000 50.000000 50.000000 50.000000 50.000000 50.000000 50.000000 50.000000 50.000000 50.000000 50.000000 50.000000 50.000000 50.000000 50.000000 50.000000 50.000000 50.000000 50.000000 50.000000 50.000000 50.000000 50.000000 50.000000 50.000000 50.000000 50.000000 50.000000 50.000000 50.000000 50.000000 50.000000 50.000000 50.000000 50.000000 50.000000 50.000000 50.000000 50.000000 50.000000 50.000000 50.000000 50.000000 50.000000 50.000000 50.000000 50.000000 50.000000 50.000000 
