50.000000 50.000000 50.000000 50.000000 50.000000 50.000000 50.000000 50.000000 50.000000 50.000000 50.000000 50.000000 50.000000 50.000000 50.000000 50.000000 50.000000 50.000000 50.000000 50.000000 50.000000 50.000000 50.000000 50.000000 50.000000 50.000000 50.000000 50.000000 50.000000 50.000000 50.000000 50.000000 50.000000 50.000000 50.000000 50.000000 50.000000 50.000000 50.000000 50.000000 50.000000 50.000000 50.000000 50.000000 50.000000 50.000000 50.000000 50.000000 50.000000 50.000000 
50.000000 48.451386 46.978023 45.644208 44.494978 43.552226 42.815563 42.266953 41.877316 41.613214 41.442237 41.336431 41.273787 41.238272 41.218973 41.208912 41.203876 41.201453 41.200332 41.199832 41.199618 41.199529 41.199493 41.199480 41.199474 41.199472 41.199472 41.199471 41.199469 41.199463 41.199450 41.199415 41.199328 41.199120 41.198636 41.197546 41.195162 41.190103 41.179677 41.158771 41.117903 41.039764 40.892950 40.619998 40.112682 39.155532 37.281058 33.352837 24.225693 0.000000 
50.000000 46.978023 44.102896 41.500088 39.257490 37.417818 35.980315 34.909781 34.149465 33.634116 33.300488 33.094030 32.971796 32.902497 32.864840 32.845210 32.835384 32.830657 32.828469 32.827494 32.827076 32.826902 32.826833 32.826806 32.826796 32.826792 32.826790 32.826789 32.826785 32.826775 32.826750 32.826686 32.826527 32.826148 32.825265 32.823281 32.818952 32.809796 32.791001 32.753517 32.680765 32.543036 32.287912 31.823550 30.988565 29.495920 26.827537 22.051448 13.625186 0.000000 
50.000000 45.644208 41.500088 37.748496 34.516114 31.864514 29.792595 28.249619 27.153777 26.411016 25.930175 25.632621 25.456457 25.356585 25.302317 25.274028 25.259868 25.253056 25.249903 25.248498 25.247895 25.247645 25.247545 25.247506 25.247492 25.247486 25.247484 25.247482 25.247477 25.247464 25.247432 25.247348 25.247143 25.246652 25.245516 25.242968 25.237432 25.225780 25.202007 25.154966 25.064602 24.895868 24.589123 24.045252 23.103210 21.508159 18.874248 14.672552 8.363150 0.000000 
50.000000 44.494978 39.257490 34.516114 30.430962 27.079847 24.461369 22.511393 21.126518 20.187867 19.580224 19.204212 18.981602 18.855402 18.786830 18.751086 18.733194 18.724587 18.720604 18.718829 18.718067 18.717751 18.717625 18.717576 18.717558 18.717551 18.717548 18.717546 18.717540 18.717527 18.717491 18.717400 18.717177 18.716646 18.715420 18.712680 18.706759 18.694369 18.669280 18.620102 18.526758 18.355138 18.049396 17.521618 16.639503 15.215481 13.007955 9.761570 5.339446 0.000000 
50.000000 43.552226 37.417818 31.864514 27.079847 23.154951 20.088177 17.804392 16.182476 15.083185 14.371567 13.931224 13.670537 13.522754 13.442458 13.400603 13.379654 13.369577 13.364913 13.362835 13.361942 13.361573 13.361425 13.361368 13.361346 13.361339 13.361335 13.361333 13.361327 13.361314 13.361280 13.361192 13.360977 13.360468 13.359296 13.356690 13.351087 13.339446 13.316065 13.270696 13.185659 13.031749 12.762930 12.310356 11.577475 10.440343 8.761303 6.429254 3.439544 0.000000 
50.000000 42.815563 35.980315 29.792595 24.461369 20.088177 16.671169 14.126613 12.319535 11.094772 10.301950 9.811372 9.520953 9.356321 9.266872 9.220248 9.196913 9.185688 9.180494 9.178179 9.177185 9.176773 9.176609 9.176545 9.176521 9.176513 9.176509 9.176507 9.176502 9.176490 9.176460 9.176383 9.176195 9.175751 9.174733 9.172482 9.167671 9.157743 9.137973 9.100000 9.029701 8.904368 8.689440 8.335585 7.777821 6.939751 5.747343 4.156765 2.195565 0.000000 
50.000000 42.266953 34.909781 28.249619 22.511393 17.804392 14.126613 11.387911 9.442992 8.124834 7.271575 6.743614 6.431073 6.253905 6.157649 6.107478 6.082368 6.070290 6.064701 6.062211 6.061142 6.060699 6.060522 6.060453 6.060428 6.060418 6.060415 6.060412 6.060408 6.060399 6.060374 6.060312 6.060160 6.059803 6.058989 6.057196 6.053388 6.045586 6.030177 6.000873 5.947254 5.852979 5.693955 5.437173 5.041462 4.461997 3.660496 2.621869 1.374003 0.000000 
50.000000 41.877316 34.149465 27.153777 21.126518 16.182476 12.319535 9.442992 7.400219 6.015768 5.119615 4.565126 4.236889 4.050829 3.949744 3.897058 3.870690 3.858007 3.852139 3.849524 3.848401 3.847936 3.847751 3.847679 3.847652 3.847642 3.847638 3.847636 3.847633 3.847626 3.847607 3.847560 3.847446 3.847179 3.846572 3.845244 3.842439 3.836731 3.825547 3.804475 3.766334 3.700110 3.590013 3.415167 3.150728 2.771380 2.257910 1.606429 0.837552 0.000000 
50.000000 41.613214 33.634116 26.411016 20.187867 15.083185 11.094772 8.124834 6.015768 4.586411 3.661207 3.088754 2.749891 2.557811 2.453458 2.399070 2.371852 2.358760 2.352702 2.350003 2.348845 2.348365 2.348173 2.348099 2.348071 2.348061 2.348057 2.348055 2.348053 2.348048 2.348034 2.348001 2.347921 2.347734 2.347311 2.346388 2.344452 2.340536 2.332922 2.318699 2.293205 2.249434 2.177580 2.065071 1.897526 1.661109 1.346415 0.953351 0.495311 0.000000 
50.000000 41.442237 33.300488 25.930175 19.580224 14.371567 10.301950 7.271575 5.119615 3.661207 2.717213 2.133143 1.787408 1.591438 1.484972 1.429485 1.401717 1.388361 1.382181 1.379428 1.378246 1.377757 1.377561 1.377485 1.377457 1.377447 1.377443 1.377441 1.377440 1.377436 1.377427 1.377405 1.377352 1.377229 1.376950 1.376347 1.375087 1.372556 1.367668 1.358607 1.342508 1.315140 1.270702 1.201950 1.100870 0.960122 0.775209 0.546972 0.283467 0.000000 
50.000000 41.336431 33.094030 25.632621 19.204212 13.931224 9.811372 6.743614 4.565126 3.088754 2.133143 1.541892 1.191911 0.993536 0.885767 0.829601 0.801493 0.787974 0.781719 0.778932 0.777736 0.777240 0.777042 0.776966 0.776937 0.776927 0.776923 0.776921 0.776920 0.776918 0.776912 0.776899 0.776865 0.776788 0.776616 0.776242 0.775467 0.773918 0.770946 0.765475 0.755832 0.739579 0.713437 0.673399 0.615159 0.534932 0.430614 0.303029 0.156754 0.000000 
50.000000 41.273787 32.971796 25.456457 18.981602 13.670537 9.520953 6.431073 4.236889 2.749891 1.787408 1.191911 0.839420 0.639625 0.531084 0.474517 0.446209 0.432594 0.426294 0.423488 0.422283 0.421784 0.421584 0.421507 0.421478 0.421468 0.421464 0.421463 0.421462 0.421461 0.421457 0.421449 0.421429 0.421384 0.421282 0.421063 0.420610 0.419710 0.417993 0.414852 0.409355 0.400159 0.385488 0.363211 0.331092 0.287234 0.230677 0.162000 0.083684 0.000000 
50.000000 41.238272 32.902497 25.356585 18.855402 13.522754 9.356321 6.253905 4.050829 2.557811 1.591438 0.993536 0.639625 0.439025 0.330048 0.273254 0.244833 0.231163 0.224839 0.222021 0.220811 0.220310 0.220110 0.220033 0.220004 0.219993 0.219990 0.219988 0.219988 0.219987 0.219985 0.219980 0.219969 0.219943 0.219886 0.219764 0.219512 0.219014 0.218069 0.216350 0.213359 0.208390 0.200517 0.188651 0.171667 0.148644 0.119152 0.083545 0.043110 0.000000 
50.000000 41.218973 32.864840 25.302317 18.786830 13.442458 9.266872 6.157649 3.949744 2.453458 1.484972 0.885767 0.531084 0.330048 0.220835 0.163918 0.135436 0.121736 0.115398 0.112575 0.111362 0.110860 0.110660 0.110582 0.110553 0.110543 0.110539 0.110538 0.110537 0.110537 0.110535 0.110533 0.110527 0.110513 0.110483 0.110418 0.110284 0.110021 0.109524 0.108625 0.107070 0.104499 0.100453 0.094390 0.085768 0.074150 0.059349 0.041560 0.021427 0.000000 
50.000000 41.208912 32.845210 25.274028 18.751086 13.400603 9.220248 6.107478 3.897058 2.399070 1.429485 0.829601 0.474517 0.273254 0.163918 0.106937 0.078423 0.064708 0.058363 0.055536 0.054323 0.053820 0.053619 0.053541 0.053512 0.053502 0.053498 0.053497 0.053497 0.053496 0.053496 0.053494 0.053491 0.053484 0.053469 0.053436 0.053368 0.053235 0.052985 0.052535 0.051760 0.050485 0.048489 0.045515 0.041308 0.035666 0.028512 0.019945 0.010276 0.000000 
50.000000 41.203876 32.835384 25.259868 18.733194 13.379654 9.196913 6.082368 3.870690 2.371852 1.401717 0.801493 0.446209 0.244833 0.135436 0.078423 0.049892 0.036170 0.029821 0.026993 0.025779 0.025276 0.025075 0.024997 0.024968 0.024958 0.024954 0.024953 0.024952 0.024952 0.024952 0.024951 0.024950 0.024946 0.024938 0.024922 0.024889 0.024825 0.024705 0.024489 0.024118 0.023511 0.022565 0.021163 0.019187 0.016548 0.013215 0.009237 0.004756 0.000000 
50.000000 41.201453 32.830657 25.253056 18.724587 13.369577 9.185688 6.070290 3.858007 2.358760 1.388361 0.787974 0.432594 0.231163 0.121736 0.064708 0.036170 0.022444 0.016094 0.013265 0.012050 0.011547 0.011346 0.011268 0.011239 0.011229 0.011225 0.011224 0.011224 0.011223 0.011223 0.011223 0.011222 0.011221 0.011217 0.011210 0.011194 0.011164 0.011109 0.011009 0.010839 0.010561 0.010130 0.009493 0.008599 0.007410 0.005913 0.004130 0.002125 0.000000 
50.000000 41.200332 32.828469 25.249903 18.720604 13.364913 9.180494 6.064701 3.852139 2.352702 1.382181 0.781719 0.426294 0.224839 0.115398 0.058363 0.029821 0.016094 0.009743 0.006913 0.005698 0.005195 0.004994 0.004917 0.004887 0.004877 0.004873 0.004872 0.004872 0.004872 0.004871 0.004871 0.004871 0.004870 0.004869 0.004865 0.004858 0.004845 0.004820 0.004776 0.004701 0.004578 0.004389 0.004111 0.003721 0.003204 0.002555 0.001783 0.000917 0.000000 
50.000000 41.199832 32.827494 25.248498 18.718829 13.362835 9.178179 6.062211 3.849524 2.350003 1.379428 0.778932 0.423488 0.222021 0.112575 0.055536 0.026993 0.013265 0.006913 0.004083 0.002869 0.002366 0.002164 0.002087 0.002058 0.002047 0.002044 0.002042 0.002042 0.002042 0.002042 0.002042 0.002042 0.002041 0.002041 0.002039 0.002036 0.002030 0.002020 0.002001 0.001969 0.001917 0.001837 0.001719 0.001555 0.001338 0.001066 0.000744 0.000383 0.000000 
50.000000 41.199618 32.827076 25.247895 18.718067 13.361942 9.177185 6.061142 3.848401 2.348845 1.378246 0.777736 0.422283 0.220811 0.111362 0.054323 0.025779 0.012050 0.005698 0.002869 0.001654 0.001151 0.000950 0.000872 0.000843 0.000832 0.000829 0.000828 0.000827 0.000827 0.000827 0.000827 0.000827 0.000827 0.000826 0.000826 0.000825 0.000822 0.000818 0.000810 0.000797 0.000776 0.000743 0.000695 0.000628 0.000540 0.000430 0.000300 0.000154 0.000000 
50.000000 41.199529 32.826902 25.247645 18.717751 13.361573 9.176774 6.060699 3.847937 2.348365 1.377757 0.777240 0.421784 0.220310 0.110860 0.053820 0.025276 0.011547 0.005195 0.002366 0.001151 0.000648 0.000447 0.000369 0.000340 0.000330 0.000326 0.000325 0.000324 0.000324 0.000324 0.000324 0.000324 0.000324 0.000324 0.000324 0.000323 0.000322 0.000320 0.000317 0.000312 0.000304 0.000291 0.000272 0.000246 0.000211 0.000168 0.000117 0.000060 0.000000 
50.000000 41.199493 32.826833 25.247545 18.717625 13.361425 9.176609 6.060522 3.847751 2.348173 1.377561 0.777043 0.421585 0.220111 0.110660 0.053620 0.025075 0.011347 0.004995 0.002165 0.000950 0.000447 0.000246 0.000168 0.000139 0.000129 0.000125 0.000124 0.000123 0.000123 0.000123 0.000123 0.000123 0.000123 0.000123 0.000123 0.000123 0.000123 0.000122 0.000121 0.000119 0.000115 0.000111 0.000103 0.000093 0.000080 0.000064 0.000044 0.000023 0.000000 
50.000000 41.199480 32.826807 25.247507 18.717577 13.361369 9.176547 6.060455 3.847680 2.348100 1.377487 0.776967 0.421509 0.220034 0.110584 0.053543 0.024999 0.011270 0.004918 0.002089 0.000874 0.000371 0.000170 0.000092 0.000063 0.000052 0.000049 0.000047 0.000047 0.000047 0.000047 0.000047 0.000047 0.000047 0.000047 0.000047 0.000047 0.000047 0.000046 0.000046 0.000045 0.000044 0.000042 0.000039 0.000035 0.000030 0.000024 0.000017 0.000009 0.000000 
50.000000 41.199475 32.826798 25.247495 18.717562 13.361351 9.176526 6.060433 3.847657 2.348076 1.377462 0.776943 0.421484 0.220009 0.110559 0.053518 0.024974 0.011245 0.004893 0.002063 0.000848 0.000345 0.000144 0.000067 0.000038 0.000027 0.000023 0.000022 0.000022 0.000022 0.000022 0.000022 0.000022 0.000022 0.000021 0.000021 0.000021 0.000021 0.000021 0.000021 0.000021 0.000020 0.000019 0.000018 0.000016 0.000014 0.000011 0.000008 0.000004 0.000000 
50.000000 41.199475 32.826798 25.247495 18.717562 13.361351 9.176526 6.060433 3.847657 2.348076 1.377462 0.776943 0.421484 0.220009 0.110559 0.053518 0.024974 0.011245 0.004893 0.002063 0.000848 0.000345 0.000144 0.000067 0.000038 0.000027 0.000023 0.000022 0.000022 0.000022 0.000022 0.000022 0.000022 0.000022 0.000021 0.000021 0.000021 0.000021 0.000021 0.000021 0.000021 0.000020 0.000019 0.000018 0.000016 0.000014 0.000011 0.000008 0.000004 0.000000 
50.000000 41.199480 32.826807 25.247507 18.717577 13.361369 9.176547 6.060455 3.847680 2.348100 1.377487 0.776967 0.421509 0.220034 0.110584 0.053543 0.024999 0.011270 0.004918 0.002089 0.000874 0.000371 0.000170 0.000092 0.000063 0.000052 0.000049 0.000047 0.000047 0.000047 0.000047 0.000047 0.000047 0.000047 0.000047 0.000047 0.000047 0.000047 0.000046 0.000046 0.000045 0.000044 0.000042 0.000039 0.000035 0.000030 0.000024 0.000017 0.000009 0.000000 
50.000000 41.199493 32.826833 25.247545 18.717625 13.361425 9.176609 6.060522 3.847751 2.348173 1.377561 0.777043 0.421585 0.220111 0.110660 0.053620 0.025075 0.011347 0.004995 0.002165 0.000950 0.000447 0.000246 0.000168 0.000139 0.000129 0.000125 0.000124 0.000123 0.000123 0.000123 0.000123 0.000123 0.000123 0.000123 0.000123 0.000123 0.000123 0.000122 0.000121 0.000119 0.000115 0.000111 0.000103 0.000093 0.000080 0.000064 0.000044 0.000023 0.000000 
50.000000 41.199529 32.826902 25.247645 18.717751 13.361573 9.176774 6.060699 3.847937 2.348365 1.377757 0.777240 0.421784 0.220310 0.110860 0.053820 0.025276 0.011547 0.005195 0.002366 0.001151 0.000648 0.000447 0.000369 0.000340 0.000330 0.000326 0.000325 0.000324 0.000324 0.000324 0.000324 0.000324 0.000324 0.000324 0.000324 0.000323 0.000322 0.000320 0.000317 0.000312 0.000304 0.000291 0.000272 0.000246 0.000211 0.000168 0.000117 0.000060 0.000000 
50.000000 41.199618 32.827076 25.247895 18.718067 13.361942 9.177185 6.061142 3.848401 2.348845 1.378246 0.777736 0.422283 0.220811 0.111362 0.054323 0.025779 0.012050 0.005698 0.002869 0.001654 0.001151 0.000950 0.000872 0.000843 0.000832 0.000829 0.000828 0.000827 0.000827 0.000827 0.000827 0.000827 0.000827 0.000826 0.000826 0.000825 0.000822 0.000818 0.000810 0.000797 0.000776 0.000743 0.000695 0.000628 0.000540 0.000430 0.000300 0.000154 0.000000 
50.000000 41.199832 32.827494 25.248498 18.718829 13.362835 9.178179 6.062211 3.849524 2.350003 1.379428 0.778932 0.423488 0.222021 0.112575 0.055536 0.026993 0.013265 0.006913 0.004083 0.002869 0.002366 0.002164 0.002087 0.002058 0.002047 0.002044 0.002042 0.002042 0.002042 0.002042 0.002042 0.002042 0.002041 0.002041 0.002039 0.002036 0.002030 0.002020 0.002001 0.001969 0.001917 0.001837 0.001719 0.001555 0.001338 0.001066 0.000744 0.000383 0.000000 
50.000000 41.200332 32.828469 25.249903 18.720604 13.364913 9.180494 6.064701 3.852139 2.352702 1.382181 0.781719 0.426294 0.224839 0.115398 0.058363 0.029821 0.016094 0.009743 0.006913 0.005698 0.005195 0.004994 0.004917 0.004887 0.004877 0.004873 0.004872 0.004872 0.004872 0.004871 0.004871 0.004871 0.004870 0.004869 0.004865 0.004858 0.004845 0.004820 0.004776 0.004701 0.004578 0.004389 0.004111 0.003721 0.003204 0.002555 0.001783 0.000917 0.000000 
50.000000 41.201453 32.830657 25.253056 18.724587 13.369577 9.185688 6.070290 3.858007 2.358760 1.388361 0.787974 0.432594 0.231163 0.121736 0.064708 0.036170 0.022444 0.016094 0.013265 0.012050 0.011547 0.011346 0.011268 0.011239 0.011229 0.011225 0.011224 0.011224 0.011223 0.011223 0.011223 0.011222 0.011221 0.011217 0.011210 0.011194 0.011164 0.011109 0.011009 0.010839 0.010561 0.010130 0.009493 0.008599 0.007410 0.005913 0.004130 0.002125 0.000000 
50.000000 41.203876 32.835384 25.259868 18.733194 13.379654 9.196913 6.082368 3.870690 2.371852 1.401717 0.801493 0.446209 0.244833 0.135436 0.078423 0.049892 0.036170 0.029821 0.026993 0.025779 0.025276 0.025075 0.024997 0.024968 0.024958 0.024954 0.024953 0.024952 0.024952 0.024952 0.024951 0.024950 0.024946 0.024938 0.024922 0.024889 0.024825 0.024705 0.024489 0.024118 0.023511 0.022565 0.021163 0.019187 0.016548 0.013215 0.009237 0.004756 0.000000 
50.000000 41.208912 32.845210 25.274028 18.751086 13.400603 9.220248 6.107478 3.897058 2.399070 1.429485 0.829601 0.474517 0.273254 0.163918 0.106937 0.078423 0.064708 0.058363 0.055536 0.054323 0.053820 0.053619 0.053541 0.053512 0.053502 0.053498 0.053497 0.053497 0.053496 0.053496 0.053494 0.053491 0.053484 0.053469 0.053436 0.053368 0.053235 0.052985 0.052535 0.051760 0.050485 0.048489 0.045515 0.041308 0.035666 0.028512 0.019945 0.010276 0.000000 
50.000000 41.218973 32.864840 25.302317 18.786830 13.442458 9.266872 6.157649 3.949744 2.453458 1.484972 0.885767 0.531084 0.330048 0.220835 0.163918 0.135436 0.121736 0.115398 0.112575 0.111362 0.110860 0.110660 0.110582 0.110553 0.110543 0.110539 0.110538 0.110537 0.110537 0.110535 0.110533 0.110527 0.110513 0.110483 0.110418 0.110284 0.110021 0.109524 0.108625 0.107070 0.104499 0.100453 0.094390 0.085768 0.074150 0.059349 0.041560 0.021427 0.000000 
50.000000 41.238272 32.902497 25.356585 18.855402 13.522754 9.356321 6.253905 4.050829 2.557811 1.591438 0.993536 0.639625 0.439025 0.330048 0.273254 0.244833 0.231163 0.224839 0.222021 0.220811 0.220310 0.220110 0.220033 0.220004 0.219993 0.219990 0.219988 0.219988 0.219987 0.219985 0.219980 0.219969 0.219943 0.219886 0.219764 0.219512 0.219014 0.218069 0.216350 0.213359 0.208390 0.200517 0.188651 0.171667 0.148644 0.119152 0.083545 0.043110 0.000000 
50.000000 41.273787 32.971796 25.456457 18.981602 13.670537 9.520953 6.431073 4.236889 2.749891 1.787408 1.191911 0.839420 0.639625 0.531084 0.474517 0.446209 0.432594 0.426294 0.423488 0.422283 0.421784 0.421584 0.421507 0.421478 0.421468 0.421464 0.421463 0.421462 0.421461 0.421457 0.421449 0.421429 0.421384 0.421282 0.421063 0.420610 0.419710 0.417993 0.414852 0.409355 0.400159 0.385488 0.363211 0.331092 0.287234 0.230677 0.162000 0.083684 0.000000 
50.000000 41.336431 33.094030 25.632621 19.204212 13.931224 9.811372 6.743614 4.565126 3.088754 2.133143 1.541892 1.191911 0.993536 0.885767 0.829601 0.801493 0.787974 0.781719 0.778932 0.777736 0.777240 0.777042 0.776966 0.776937 0.776927 0.776923 0.776921 0.776920 0.776918 0.776912 0.776899 0.776865 0.776788 0.776616 0.776242 0.775467 0.773918 0.770946 0.765475 0.755832 0.739579 0.713437 0.673399 0.615159 0.534932 0.430614 0.303029 0.156754 0.000000 
50.000000 41.442237 33.300488 25.930175 19.580224 14.371567 10.301950 7.271575 5.119615 3.661207 2.717213 2.133143 1.787408 1.591438 1.484972 1.429485 1.401717 1.388361 1.382181 1.379428 1.378246 1.377757 1.377561 1.377485 1.377457 1.377447 1.377443 1.377441 1.377440 1.377436 1.377427 1.377405 1.377352 1.377229 1.376950 1.376347 1.375087 1.372556 1.367668 1.358607 1.342508 1.315140 1.270702 1.201950 1.100870 0.960122 0.775209 0.546972 0.283467 0.000000 
50.000000 41.613214 33.634116 26.411016 20.187867 15.083185 11.094772 8.124834 6.015768 4.586411 3.661207 3.088754 2.749891 2.557811 2.453458 2.399070 2.371852 2.358760 2.352702 2.350003 2.348845 2.348365 2.348173 2.348099 2.348071 2.348061 2.348057 2.348055 2.348053 2.348048 2.348034 2.348001 2.347921 2.347734 2.347311 2.346388 2.344452 2.340536 2.332922 2.318699 2.293205 2.249434 2.177580 2.065071 1.897526 1.661109 1.346415 0.953351 0.495311 0.000000 
50.000000 41.877316 34.149465 27.153777 21.126518 16.182476 12.319535 9.442992 7.400219 6.015768 5.119615 4.565126 4.236889 4.050829 3.949744 3.897058 3.870690 3.858007 3.852139 3.849524 3.848401 3.847936 3.847751 3.847679 3.847652 3.847642 3.847638 3.847636 3.847633 3.847626 3.847607 3.847560 3.847446 3.847179 3.846572 3.845244 3.842439 3.836731 3.825547 3.804475 3.766334 3.700110 3.590013 3.415167 3.150728 2.771380 2.257910 1.606429 0.837552 0.000000 
50.000000 42.266953 34.909781 28.249619 22.511393 17.804392 14.126613 11.387911 9.442992 8.124834 7.271575 6.743614 6.431073 6.253905 6.157649 6.107478 6.082368 6.070290 6.064701 6.062211 6.061142 6.060699 6.060522 6.060453 6.060428 6.060418 6.060415 6.060412 6.060408 6.060399 6.060374 6.060312 6.060160 6.059803 6.058989 6.057196 6.053388 6.045586 6.030177 6.000873 5.947254 5.852979 5.693955 5.437173 5.041462 4.461997 3.660496 2.621869 1.374003 0.000000 
50.000000 42.815563 35.980315 29.792595 24.461369 20.088177 16.671169 14.126613 12.319535 11.094772 10.301950 9.811372 9.520953 9.356321 9.266872 9.220248 9.196913 9.185688 9.180494 9.178179 9.177185 9.176773 9.176609 9.176545 9.176521 9.176513 9.176509 9.176507 9.176502 9.176490 9.176460 9.176383 9.176195 9.175751 9.174733 9.172482 9.167671 9.157743 9.137973 9.100000 9.029701 8.904368 8.689440 8.335585 7.777821 6.939751 5.747343 4.156765 2.195565 0.000000 
50.000000 43.552226 37.417818 31.864514 27.079847 23.154951 20.088177 17.804392 16.182476 15.083185 14.371567 13.931224 13.670537 13.522754 13.442458 13.400603 13.379654 13.369577 13.364913 13.362835 13.361942 13.361573 13.361425 13.361368 13.361346 13.361339 13.361335 13.361333 13.361327 13.361314 13.361280 13.361192 13.360977 13.360468 13.359296 13.356690 13.351087 13.339446 13.316065 13.270696 13.185659 13.031749 12.762930 12.310356 11.577475 10.440343 8.761303 6.429254 3.439544 0.000000 
50.000000 44.494978 39.257490 34.516114 30.430962 27.079847 24.461369 22.511393 21.126518 20.187867 19.580224 19.204212 18.981602 18.855402 18.786830 18.751086 18.733194 18.724587 18.720604 18.718829 18.718067 18.717751 18.717625 18.717576 18.717558 18.717551 18.717548 18.717546 18.717540 18.717527 18.717491 18.717400 18.717177 18.716646 18.715420 18.712680 18.706759 18.694369 18.669280 18.620102 18.526758 18.355138 18.049396 17.521618 16.639503 15.215481 13.007955 9.761570 5.339446 0.000000 
50.000000 45.644208 41.500088 37.748496 34.516114 31.864514 29.792595 28.249619 27.153777 26.411016 25.930175 25.632621 25.456457 25.356585 25.302317 25.274028 25.259868 25.253056 25.249903 25.248498 25.247895 25.247645 25.247545 25.247506 25.247492 25.247486 25.247484 25.247482 25.247477 25.247464 25.247432 25.247348 25.247143 25.246652 25.245516 25.242968 25.237432 25.225780 25.202007 25.154966 25.064602 24.895868 24.589123 24.045252 23.103210 21.508159 18.874248 14.672552 8.363150 0.000000 
50.000000 46.978023 44.102896 41.500088 39.257490 37.417818 35.980315 34.909781 34.149465 33.634116 33.300488 33.094030 32.971796 32.902497 32.864840 32.845210 32.835384 32.830657 32.828469 32.827494 32.827076 32.826902 32.826833 32.826806 32.826796 32.826792 32.826790 32.826789 32.826785 32.826775 32.826750 32.826686 32.826527 32.826148 32.825265 32.823281 32.818952 32.809796 32.791001 32.753517 32.680765 32.543036 32.287912 31.823550 30.988565 29.495920 26.827537 22.051448 13.625186 0.000000 
50.000000 48.451386 46.978023 45.644208 44.494978 43.552226 42.815563 42.266953 41.877316 41.613214 41.442237 41.336431 41.273787 41.238272 41.218973 41.208912 41.203876 41.201453 41.200332 41.199832 41.199618 41.199529 41.199493 41.199480 41.199474 41.199472 41.199472 41.199471 41.199469 41.199463 41.199450 41.199415 41.199328 41.199120 41.198636 41.197546 41.195162 41.190103 41.179677 41.158771 41.117903 41.039764 40.892950 40.619998 40.112682 39.155532 37.281058 33.352837 24.225693 0.000000 
50.000000 50.000000 50.000000 50.000000 50.000000 50.000000 50.000000 50.000000 50.000000 50.000000 50.000000 50.000000 50.000000 50.000000 50.000000 50.000000 50.000000 50.000000 50.000000 50.000000 50.000000 50.000000 50.000000 50.000000 50.000000 50.000000 50.000000 50.000000 50.000000 50.000000 50.000000 50.000000 50.000000 50.000000 50.000000 50.000000 50.000000 50.000000 50.000000 50.000000 50.000000 50.000000 50.000000 50.000000 50.000000 50.000000 50.000000 50.000000 50.000000 50.000000 
