50.000000 50.000000 50.000000 50.000000 50.000000 50.000000 50.000000 50.000000 50.000000 50.000000 50.000000 50.000000 50.000000 50.000000 50.000000 50.000000 50.000000 50.000000 50.000000 50.000000 50.000000 50.000000 50.000000 50.000000 50.000000 50.000000 50.000000 50.000000 50.000000 50.000000 50.000000 50.000000 50.000000 50.000000 50.000000 50.000000 50.000000 50.000000 50.000000 50.000000 50.000000 50.000000 50.000000 50.000000 50.000000 50.000000 50.000000 50.000000 50.000000 50.000000 
50.000000 48.338228 46.763097 45.347716 44.141646 43.166642 42.418433 41.873028 41.495074 41.245868 41.089379 40.995699 40.942181 40.912974 40.897731 40.890114 40.886467 40.884792 40.884053 40.883739 40.883611 40.883561 40.883542 40.883535 40.883532 40.883532 40.883531 40.883531 40.883530 40.883527 40.883519 40.883498 40.883444 40.883308 40.882977 40.882197 40.880422 40.876504 40.868127 40.850742 40.815656 40.746579 40.613315 40.359671 39.878552 38.955227 37.122284 33.242527 24.169114 0.000000 
50.000000 46.763097 43.694964 40.938009 38.588772 36.689627 35.232253 34.169911 33.433739 32.948346 32.643546 32.461083 32.356848 32.299963 32.270275 32.255441 32.248339 32.245076 32.243636 32.243025 32.242776 32.242678 32.242641 32.242627 32.242623 32.242621 32.242620 32.242619 32.242618 32.242612 32.242598 32.242560 32.242462 32.242215 32.241614 32.240204 32.237000 32.229954 32.214948 32.183974 32.121911 32.000937 31.770865 31.342201 30.555655 29.125552 26.533959 21.847482 13.520569 0.000000 
50.000000 45.347716 40.938009 36.975565 33.599139 30.869631 28.775072 27.248280 26.190275 25.492693 25.054659 24.792444 24.642652 24.560907 24.518246 24.496931 24.486725 24.482036 24.479968 24.479091 24.478733 24.478592 24.478538 24.478519 24.478512 24.478510 24.478508 24.478507 24.478505 24.478498 24.478480 24.478431 24.478305 24.477989 24.477224 24.475432 24.471377 24.462501 24.443714 24.405242 24.328945 24.182265 23.908495 23.411613 22.533333 21.020609 18.487783 14.404049 8.225432 0.000000 
50.000000 44.141646 38.588772 33.599139 29.347475 25.910464 23.273024 21.350541 20.018363 19.140030 18.588509 18.258368 18.069778 17.966863 17.913155 17.886322 17.873474 17.867573 17.864969 17.863865 17.863414 17.863237 17.863170 17.863145 17.863136 17.863133 17.863132 17.863131 17.863128 17.863121 17.863102 17.863049 17.862914 17.862577 17.861762 17.859863 17.855585 17.846279 17.826730 17.787069 17.709354 17.562234 17.293127 16.817556 16.006285 14.673738 12.578530 9.463219 5.186418 0.000000 
50.000000 43.166642 36.689627 30.869631 25.910464 21.901567 18.825332 16.583046 15.029297 14.004903 13.361686 12.976666 12.756735 12.636721 12.574091 12.542802 12.527821 12.520940 12.517905 12.516617 12.516092 12.515885 12.515807 12.515778 12.515768 12.515765 12.515763 12.515762 12.515760 12.515753 12.515734 12.515684 12.515557 12.515239 12.514474 12.512699 12.508723 12.500131 12.482230 12.446278 12.376703 12.247035 12.014468 11.613556 10.950784 9.904179 8.336297 6.133972 3.288089 0.000000 
50.000000 42.418433 35.232253 28.775072 23.273024 18.825332 15.412444 12.924820 11.201109 10.064686 9.351147 8.924047 8.680086 8.546964 8.477497 8.442793 8.426178 8.418547 8.415180 8.413753 8.413170 8.412941 8.412854 8.412822 8.412811 8.412807 8.412806 8.412805 8.412802 8.412797 8.412780 8.412738 8.412628 8.412357 8.411707 8.410205 8.406862 8.399688 8.384865 8.355394 8.299056 8.195612 8.013421 7.706222 7.211776 6.455467 5.363459 3.890052 2.058763 0.000000 
50.000000 41.873028 34.169911 27.248280 21.350541 16.583046 12.924820 10.258422 8.410876 7.192840 6.428078 5.970332 5.708874 5.566209 5.491765 5.454576 5.436772 5.428595 5.424988 5.423458 5.422834 5.422589 5.422496 5.422462 5.422450 5.422445 5.422444 5.422443 5.422441 5.422436 5.422424 5.422390 5.422304 5.422091 5.421583 5.420416 5.417834 5.412330 5.401052 5.378847 5.336886 5.260893 5.129211 4.911399 4.568578 4.057414 3.339785 2.399045 1.259713 0.000000 
50.000000 41.495074 33.433739 26.190275 20.018363 15.029297 11.201109 8.410876 6.477562 5.203010 4.402783 3.923821 3.650253 3.500985 3.423097 3.384190 3.365564 3.357009 3.353235 3.351635 3.350982 3.350726 3.350629 3.350593 3.350580 3.350576 3.350574 3.350574 3.350572 3.350569 3.350559 3.350535 3.350472 3.350317 3.349949 3.349108 3.347256 3.343338 3.335371 3.319827 3.290766 3.238781 3.149983 3.005496 2.782262 2.456130 2.008010 1.432802 0.748495 0.000000 
50.000000 41.245868 32.948346 25.492693 19.140030 14.004903 10.064686 7.192840 5.203010 3.891223 3.067634 2.574701 2.293159 2.139544 2.059390 2.019352 2.000185 1.991382 1.987499 1.985853 1.985181 1.984917 1.984817 1.984780 1.984767 1.984763 1.984761 1.984761 1.984760 1.984757 1.984751 1.984734 1.984691 1.984586 1.984336 1.983770 1.982530 1.979921 1.974656 1.964471 1.945612 1.912244 1.855954 1.765630 1.628200 1.430676 1.163748 0.826435 0.430213 0.000000 
50.000000 41.089379 32.643546 25.054659 18.588509 13.361686 9.351147 6.428078 4.402783 3.067634 2.229391 1.727695 1.441154 1.284814 1.203240 1.162494 1.142988 1.134029 1.130078 1.128403 1.127719 1.127451 1.127349 1.127312 1.127298 1.127294 1.127292 1.127292 1.127291 1.127289 1.127285 1.127274 1.127247 1.127180 1.127021 1.126663 1.125882 1.124250 1.120978 1.114696 1.103163 1.082956 1.049232 0.995753 0.915408 0.801440 0.649418 0.459572 0.238637 0.000000 
50.000000 40.995699 32.461083 24.792444 18.258368 12.976666 8.924047 5.970332 3.923821 2.574701 1.727695 1.220762 0.931232 0.773264 0.690843 0.649673 0.629965 0.620914 0.616922 0.615229 0.614538 0.614267 0.614164 0.614127 0.614113 0.614109 0.614107 0.614107 0.614106 0.614105 0.614103 0.614096 0.614079 0.614039 0.613944 0.613730 0.613266 0.612302 0.610381 0.606718 0.600044 0.588451 0.569280 0.539182 0.494436 0.431639 0.348730 0.246135 0.127571 0.000000 
50.000000 40.942181 32.356848 24.642652 18.069778 12.756735 8.680086 5.708874 3.650253 2.293159 1.441154 0.931232 0.639999 0.481103 0.398198 0.356787 0.336964 0.327860 0.323845 0.322142 0.321448 0.321175 0.321071 0.321033 0.321020 0.321016 0.321014 0.321013 0.321013 0.321013 0.321011 0.321007 0.320998 0.320975 0.320921 0.320800 0.320539 0.319999 0.318930 0.316904 0.313238 0.306915 0.296544 0.280398 0.256603 0.223499 0.180152 0.126894 0.065677 0.000000 
50.000000 40.912974 32.299963 24.560907 17.966863 12.636721 8.546964 5.566209 3.500985 2.139544 1.284814 0.773264 0.481103 0.321702 0.238534 0.196992 0.177106 0.167973 0.163945 0.162238 0.161541 0.161267 0.161163 0.161125 0.161112 0.161107 0.161106 0.161105 0.161105 0.161105 0.161104 0.161102 0.161097 0.161084 0.161055 0.160990 0.160851 0.160564 0.159998 0.158932 0.157014 0.153729 0.148376 0.140102 0.127998 0.111278 0.089531 0.062963 0.032552 0.000000 
50.000000 40.897731 32.270275 24.518246 17.913155 12.574091 8.477497 5.491765 3.423097 2.059390 1.203240 0.690843 0.398198 0.238534 0.155228 0.113618 0.093700 0.084552 0.080518 0.078807 0.078109 0.077835 0.077731 0.077693 0.077680 0.077675 0.077674 0.077673 0.077673 0.077673 0.077672 0.077671 0.077669 0.077662 0.077647 0.077614 0.077543 0.077398 0.077113 0.076578 0.075620 0.073990 0.071349 0.067292 0.061392 0.053292 0.042813 0.030070 0.015533 0.000000 
50.000000 40.890114 32.255441 24.496931 17.886322 12.542802 8.442793 5.454576 3.384190 2.019352 1.162494 0.649673 0.356787 0.196992 0.113618 0.071974 0.052039 0.042884 0.038847 0.037135 0.036436 0.036162 0.036058 0.036020 0.036006 0.036002 0.036000 0.036000 0.035999 0.035999 0.035999 0.035999 0.035997 0.035994 0.035987 0.035971 0.035936 0.035866 0.035729 0.035472 0.035015 0.034241 0.032993 0.031087 0.028328 0.024560 0.019707 0.013827 0.007138 0.000000 
50.000000 40.886467 32.248339 24.486725 17.873474 12.527821 8.426178 5.436772 3.365564 2.000185 1.142988 0.629965 0.336964 0.177106 0.093700 0.052039 0.032097 0.022938 0.018899 0.017187 0.016488 0.016213 0.016109 0.016071 0.016058 0.016053 0.016052 0.016051 0.016051 0.016051 0.016051 0.016050 0.016050 0.016048 0.016045 0.016037 0.016022 0.015989 0.015926 0.015808 0.015599 0.015247 0.014681 0.013821 0.012583 0.010898 0.008735 0.006124 0.003159 0.000000 
50.000000 40.884792 32.245076 24.482036 17.867573 12.520940 8.418547 5.428595 3.357009 1.991382 1.134029 0.620914 0.327860 0.167973 0.084552 0.042884 0.022938 0.013778 0.009738 0.008026 0.007327 0.007052 0.006948 0.006910 0.006896 0.006892 0.006890 0.006890 0.006890 0.006890 0.006890 0.006889 0.006889 0.006889 0.006887 0.006884 0.006877 0.006862 0.006834 0.006782 0.006691 0.006537 0.006291 0.005918 0.005383 0.004658 0.003731 0.002614 0.001348 0.000000 
50.000000 40.884053 32.243636 24.479968 17.864969 12.517905 8.415180 5.424988 3.353235 1.987499 1.130078 0.616922 0.323845 0.163945 0.080518 0.038847 0.018899 0.009738 0.005698 0.003985 0.003286 0.003012 0.002908 0.002869 0.002856 0.002851 0.002850 0.002849 0.002849 0.002849 0.002849 0.002849 0.002849 0.002849 0.002848 0.002847 0.002844 0.002838 0.002826 0.002804 0.002765 0.002701 0.002598 0.002442 0.002220 0.001920 0.001536 0.001076 0.000555 0.000000 
50.000000 40.883739 32.243025 24.479091 17.863865 12.516617 8.413753 5.423458 3.351635 1.985853 1.128403 0.615229 0.322142 0.162238 0.078807 0.037135 0.017187 0.008026 0.003985 0.002272 0.001573 0.001298 0.001194 0.001156 0.001143 0.001138 0.001137 0.001136 0.001136 0.001136 0.001136 0.001136 0.001136 0.001136 0.001136 0.001135 0.001134 0.001131 0.001126 0.001118 0.001102 0.001076 0.001034 0.000972 0.000883 0.000763 0.000610 0.000427 0.000220 0.000000 
50.000000 40.883611 32.242776 24.478733 17.863414 12.516092 8.413170 5.422834 3.350982 1.985181 1.127719 0.614538 0.321448 0.161541 0.078109 0.036436 0.016488 0.007327 0.003286 0.001573 0.000874 0.000600 0.000495 0.000457 0.000444 0.000439 0.000438 0.000437 0.000437 0.000437 0.000437 0.000437 0.000437 0.000437 0.000437 0.000437 0.000436 0.000435 0.000433 0.000430 0.000424 0.000414 0.000398 0.000373 0.000339 0.000293 0.000234 0.000164 0.000084 0.000000 
50.000000 40.883561 32.242678 24.478592 17.863237 12.515885 8.412941 5.422589 3.350726 1.984917 1.127451 0.614267 0.321175 0.161267 0.077835 0.036162 0.016213 0.007052 0.003012 0.001299 0.000600 0.000325 0.000221 0.000183 0.000169 0.000165 0.000163 0.000163 0.000163 0.000162 0.000162 0.000162 0.000162 0.000162 0.000162 0.000162 0.000162 0.000162 0.000161 0.000160 0.000157 0.000154 0.000148 0.000139 0.000126 0.000109 0.000087 0.000061 0.000031 0.000000 
50.000000 40.883542 32.242641 24.478539 17.863170 12.515807 8.412854 5.422496 3.350629 1.984817 1.127349 0.614164 0.321072 0.161163 0.077731 0.036058 0.016109 0.006948 0.002908 0.001195 0.000496 0.000221 0.000117 0.000079 0.000065 0.000061 0.000059 0.000059 0.000059 0.000059 0.000059 0.000059 0.000059 0.000059 0.000059 0.000058 0.000058 0.000058 0.000058 0.000058 0.000057 0.000055 0.000053 0.000050 0.000045 0.000039 0.000031 0.000022 0.000011 0.000000 
50.000000 40.883535 32.242628 24.478519 17.863146 12.515779 8.412823 5.422462 3.350594 1.984781 1.127312 0.614127 0.321034 0.161126 0.077694 0.036020 0.016072 0.006911 0.002870 0.001157 0.000458 0.000183 0.000079 0.000041 0.000028 0.000023 0.000022 0.000021 0.000021 0.000021 0.000021 0.000021 0.000021 0.000021 0.000021 0.000021 0.000021 0.000021 0.000021 0.000021 0.000020 0.000020 0.000019 0.000018 0.000016 0.000014 0.000011 0.000008 0.000004 0.000000 
50.000000 40.883533 32.242623 24.478513 17.863138 12.515770 8.412813 5.422452 3.350582 1.984769 1.127301 0.614115 0.321022 0.161114 0.077682 0.036008 0.016060 0.006899 0.002858 0.001145 0.000446 0.000171 0.000067 0.000029 0.000016 0.000011 0.000010 0.000009 0.000009 0.000009 0.000009 0.000009 0.000009 0.000009 0.000009 0.000009 0.000009 0.000009 0.000009 0.000009 0.000009 0.000009 0.000008 0.000008 0.000007 0.000006 0.000005 0.000003 0.000002 0.000000 
50.000000 40.883533 32.242623 24.478513 17.863138 12.515770 8.412813 5.422452 3.350582 1.984769 1.127301 0.614115 0.321022 0.161114 0.077682 0.036008 0.016060 0.006899 0.002858 0.001145 0.000446 0.000171 0.000067 0.000029 0.000016 0.000011 0.000010 0.000009 0.000009 0.000009 0.000009 0.000009 0.000009 0.000009 0.000009 0.000009 0.000009 0.000009 0.000009 0.000009 0.000009 0.000009 0.000008 0.000008 0.000007 0.000006 0.000005 0.000003 0.000002 0.000000 
50.000000 40.883535 32.242628 24.478519 17.863146 12.515779 8.412823 5.422462 3.350594 1.984781 1.127312 0.614127 0.321034 0.161126 0.077694 0.036020 0.016072 0.006911 0.002870 0.001157 0.000458 0.000183 0.000079 0.000041 0.000028 0.000023 0.000022 0.000021 0.000021 0.000021 0.000021 0.000021 0.000021 0.000021 0.000021 0.000021 0.000021 0.000021 0.000021 0.000021 0.000020 0.000020 0.000019 0.000018 0.000016 0.000014 0.000011 0.000008 0.000004 0.000000 
50.000000 40.883542 32.242641 24.478539 17.863170 12.515807 8.412854 5.422496 3.350629 1.984817 1.127349 0.614164 0.321072 0.161163 0.077731 0.036058 0.016109 0.006948 0.002908 0.001195 0.000496 0.000221 0.000117 0.000079 0.000065 0.000061 0.000059 0.000059 0.000059 0.000059 0.000059 0.000059 0.000059 0.000059 0.000059 0.000058 0.000058 0.000058 0.000058 0.000058 0.000057 0.000055 0.000053 0.000050 0.000045 0.000039 0.000031 0.000022 0.000011 0.000000 
50.000000 40.883561 32.242678 24.478592 17.863237 12.515885 8.412941 5.422589 3.350726 1.984917 1.127451 0.614267 0.321175 0.161267 0.077835 0.036162 0.016213 0.007052 0.003012 0.001299 0.000600 0.000325 0.000221 0.000183 0.000169 0.000165 0.000163 0.000163 0.000163 0.000162 0.000162 0.000162 0.000162 0.000162 0.000162 0.000162 0.000162 0.000162 0.000161 0.000160 0.000157 0.000154 0.000148 0.000139 0.000126 0.000109 0.000087 0.000061 0.000031 0.000000 
50.000000 40.883611 32.242776 24.478733 17.863414 12.516092 8.413170 5.422834 3.350982 1.985181 1.127719 0.614538 0.321448 0.161541 0.078109 0.036436 0.016488 0.007327 0.003286 0.001573 0.000874 0.000600 0.000495 0.000457 0.000444 0.000439 0.000438 0.000437 0.000437 0.000437 0.000437 0.000437 0.000437 0.000437 0.000437 0.000437 0.000436 0.000435 0.000433 0.000430 0.000424 0.000414 0.000398 0.000373 0.000339 0.000293 0.000234 0.000164 0.000084 0.000000 
50.000000 40.883739 32.243025 24.479091 17.863865 12.516617 8.413753 5.423458 3.351635 1.985853 1.128403 0.615229 0.322142 0.162238 0.078807 0.037135 0.017187 0.008026 0.003985 0.002272 0.001573 0.001298 0.001194 0.001156 0.001143 0.001138 0.001137 0.001136 0.001136 0.001136 0.001136 0.001136 0.001136 0.001136 0.001136 0.001135 0.001134 0.001131 0.001126 0.001118 0.001102 0.001076 0.001034 0.000972 0.000883 0.000763 0.000610 0.000427 0.000220 0.000000 
50.000000 40.884053 32.243636 24.479968 17.864969 12.517905 8.415180 5.424988 3.353235 1.987499 1.130078 0.616922 0.323845 0.163945 0.080518 0.038847 0.018899 0.009738 0.005698 0.003985 0.003286 0.003012 0.002908 0.002869 0.002856 0.002851 0.002850 0.002849 0.002849 0.002849 0.002849 0.002849 0.002849 0.002849 0.002848 0.002847 0.002844 0.002838 0.002826 0.002804 0.002765 0.002701 0.002598 0.002442 0.002220 0.001920 0.001536 0.001076 0.000555 0.000000 
50.000000 40.884792 32.245076 24.482036 17.867573 12.520940 8.418547 5.428595 3.357009 1.991382 1.134029 0.620914 0.327860 0.167973 0.084552 0.042884 0.022938 0.013778 0.009738 0.008026 0.007327 0.007052 0.006948 0.006910 0.006896 0.006892 0.006890 0.006890 0.006890 0.006890 0.006890 0.006889 0.006889 0.006889 0.006887 0.006884 0.006877 0.006862 0.006834 0.006782 0.006691 0.006537 0.006291 0.005918 0.005383 0.004658 0.003731 0.002614 0.001348 0.000000 
50.000000 40.886467 32.248339 24.486725 17.873474 12.527821 8.426178 5.436772 3.365564 2.000185 1.142988 0.629965 0.336964 0.177106 0.093700 0.052039 0.032097 0.022938 0.018899 0.017187 0.016488 0.016213 0.016109 0.016071 0.016058 0.016053 0.016052 0.016051 0.016051 0.016051 0.016051 0.016050 0.016050 0.016048 0.016045 0.016037 0.016022 0.015989 0.015926 0.015808 0.015599 0.015247 0.014681 0.013821 0.012583 0.010898 0.008735 0.006124 0.003159 0.000000 
50.000000 40.890114 32.255441 24.496931 17.886322 12.542802 8.442793 5.454576 3.384190 2.019352 1.162494 0.649673 0.356787 0.196992 0.113618 0.071974 0.052039 0.042884 0.038847 0.037135 0.036436 0.036162 0.036058 0.036020 0.036006 0.036002 0.036000 0.036000 0.035999 0.035999 0.035999 0.035999 0.035997 0.035994 0.035987 0.035971 0.035936 0.035866 0.035729 0.035472 0.035015 0.034241 0.032993 0.031087 0.028328 0.024560 0.019707 0.013827 0.007138 0.000000 
50.000000 40.897731 32.270275 24.518246 17.913155 12.574091 8.477497 5.491765 3.423097 2.059390 1.203240 0.690843 0.398198 0.238534 0.155228 0.113618 0.093700 0.084552 0.080518 0.078807 0.078109 0.077835 0.077731 0.077693 0.077680 0.077675 0.077674 0.077673 0.077673 0.077673 0.077672 0.077671 0.077669 0.077662 0.077647 0.077614 0.077543 0.077398 0.077113 0.076578 0.075620 0.073990 0.071349 0.067292 0.061392 0.053292 0.042813 0.030070 0.015533 0.000000 
50.000000 40.912974 32.299963 24.560907 17.966863 12.636721 8.546964 5.566209 3.500985 2.139544 1.284814 0.773264 0.481103 0.321702 0.238534 0.196992 0.177106 0.167973 0.163945 0.162238 0.161541 0.161267 0.161163 0.161125 0.161112 0.161107 0.161106 0.161105 0.161105 0.161105 0.161104 0.161102 0.161097 0.161084 0.161055 0.160990 0.160851 0.160564 0.159998 0.158932 0.157014 0.153729 0.148376 0.140102 0.127998 0.111278 0.089531 0.062963 0.032552 0.000000 
50.000000 40.942181 32.356848 24.642652 18.069778 12.756735 8.680086 5.708874 3.650253 2.293159 1.441154 0.931232 0.639999 0.481103 0.398198 0.356787 0.336964 0.327860 0.323845 0.322142 0.321448 0.321175 0.321071 0.321033 0.321020 0.321016 0.321014 0.321013 0.321013 0.321013 0.321011 0.321007 0.320998 0.320975 0.320921 0.320800 0.320539 0.319999 0.318930 0.316904 0.313238 0.306915 0.296544 0.280398 0.256603 0.223499 0.180152 0.126894 0.065677 0.000000 
50.000000 40.995699 32.461083 24.792444 18.258368 12.976666 8.924047 5.970332 3.923821 2.574701 1.727695 1.220762 0.931232 0.773264 0.690843 0.649673 0.629965 0.620914 0.616922 0.615229 0.614538 0.614267 0.614164 0.614127 0.614113 0.614109 0.614107 0.614107 0.614106 0.614105 0.614103 0.614096 0.614079 0.614039 0.613944 0.613730 0.613266 0.612302 0.610381 0.606718 0.600044 0.588451 0.569280 0.539182 0.494436 0.431639 0.348730 0.246135 0.127571 0.000000 
50.000000 41.089379 32.643546 25.054659 18.588509 13.361686 9.351147 6.428078 4.402783 3.067634 2.229391 1.727695 1.441154 1.284814 1.203240 1.162494 1.142988 1.134029 1.130078 1.128403 1.127719 1.127451 1.127349 1.127312 1.127298 1.127294 1.127292 1.127292 1.127291 1.127289 1.127285 1.127274 1.127247 1.127180 1.127021 1.126663 1.125882 1.124250 1.120978 1.114696 1.103163 1.082956 1.049232 0.995753 0.915408 0.801440 0.649418 0.459572 0.238637 0.000000 
50.000000 41.245868 32.948346 25.492693 19.140030 14.004903 10.064686 7.192840 5.203010 3.891223 3.067634 2.574701 2.293159 2.139544 2.059390 2.019352 2.000185 1.991382 1.987499 1.985853 1.985181 1.984917 1.984817 1.984780 1.984767 1.984763 1.984761 1.984761 1.984760 1.984757 1.984751 1.984734 1.984691 1.984586 1.984336 1.983770 1.982530 1.979921 1.974656 1.964471 1.945612 1.912244 1.855954 1.765630 1.628200 1.430676 1.163748 0.826435 0.430213 0.000000 
50.000000 41.495074 33.433739 26.190275 20.018363 15.029297 11.201109 8.410876 6.477562 5.203010 4.402783 3.923821 3.650253 3.500985 3.423097 3.384190 3.365564 3.357009 3.353235 3.351635 3.350982 3.350726 3.350629 3.350593 3.350580 3.350576 3.350574 3.350574 3.350572 3.350569 3.350559 3.350535 3.350472 3.350317 3.349949 3.349108 3.347256 3.343338 3.335371 3.319827 3.290766 3.238781 3.149983 3.005496 2.782262 2.456130 2.008010 1.432802 0.748495 0.000000 
50.000000 41.873028 34.169911 27.248280 21.350541 16.583046 12.924820 10.258422 8.410876 7.192840 6.428078 5.970332 5.708874 5.566209 5.491765 5.454576 5.436772 5.428595 5.424988 5.423458 5.422834 5.422589 5.422496 5.422462 5.422450 5.422445 5.422444 5.422443 5.422441 5.422436 5.422424 5.422390 5.422304 5.422091 5.421583 5.420416 5.417834 5.412330 5.401052 5.378847 5.336886 5.260893 5.129211 4.911399 4.568578 4.057414 3.339785 2.399045 1.259713 0.000000 
50.000000 42.418433 35.232253 28.775072 23.273024 18.825332 15.412444 12.924820 11.201109 10.064686 9.351147 8.924047 8.680086 8.546964 8.477497 8.442793 8.426178 8.418547 8.415180 8.413753 8.413170 8.412941 8.412854 8.412822 8.412811 8.412807 8.412806 8.412805 8.412802 8.412797 8.412780 8.412738 8.412628 8.412357 8.411707 8.410205 8.406862 8.399688 8.384865 8.355394 8.299056 8.195612 8.013421 7.706222 7.211776 6.455467 5.363459 3.890052 2.058763 0.000000 
50.000000 43.166642 36.689627 30.869631 25.910464 21.901567 18.825332 16.583046 15.029297 14.004903 13.361686 12.976666 12.756735 12.636721 12.574091 12.542802 12.527821 12.520940 12.517905 12.516617 12.516092 12.515885 12.515807 12.515778 12.515768 12.515765 12.515763 12.515762 12.515760 12.515753 12.515734 12.515684 12.515557 12.515239 12.514474 12.512699 12.508723 12.500131 12.482230 12.446278 12.376703 12.247035 12.014468 11.613556 10.950784 9.904179 8.336297 6.133972 3.288089 0.000000 
50.000000 44.141646 38.588772 33.599139 29.347475 25.910464 23.273024 21.350541 20.018363 19.140030 18.588509 18.258368 18.069778 17.966863 17.913155 17.886322 17.873474 17.867573 17.864969 17.863865 17.863414 17.863237 17.863170 17.863145 17.863136 17.863133 17.863132 17.863131 17.863128 17.863121 17.863102 17.863049 17.862914 17.862577 17.861762 17.859863 17.855585 17.846279 17.826730 17.787069 17.709354 17.562234 17.293127 16.817556 16.006285 14.673738 12.578530 9.463219 5.186418 0.000000 
50.000000 45.347716 40.938009 36.975565 33.599139 30.869631 28.775072 27.248280 26.190275 25.492693 25.054659 24.792444 24.642652 24.560907 24.518246 24.496931 24.486725 24.482036 24.479968 24.479091 24.478733 24.478592 24.478538 24.478519 24.478512 24.478510 24.478508 24.478507 24.478505 24.478498 24.478480 24.478431 24.478305 24.477989 24.477224 24.475432 24.471377 24.462501 24.443714 24.405242 24.328945 24.182265 23.908495 23.411613 22.533333 21.020609 18.487783 14.404049 8.225432 0.000000 
50.000000 46.763097 43.694964 40.938009 38.588772 36.689627 35.232253 34.169911 33.433739 32.948346 32.643546 32.461083 32.356848 32.299963 32.270275 32.255441 32.248339 32.245076 32.243636 32.243025 32.242776 32.242678 32.242641 32.242627 32.242623 32.242621 32.242620 32.242619 32.242618 32.242612 32.242598 32.242560 32.242462 32.242215 32.241614 32.240204 32.237000 32.229954 32.214948 32.183974 32.121911 32.000937 31.770865 31.342201 30.555655 29.125552 26.533959 21.847482 13.520569 0.000000 
50.000000 48.338228 46.763097 45.347716 44.141646 43.166642 42.418433 41.873028 41.495074 41.245868 41.089379 40.995699 40.942181 40.912974 40.897731 40.890114 40.886467 40.884792 40.884053 40.883739 40.883611 40.883561 40.883542 40.883535 40.883532 40.883532 40.883531 40.883531 40.883530 40.883527 40.883519 40.883498 40.883444 40.883308 40.882977 40.882197 40.880422 40.876504 40.868127 40.850742 40.815656 40.746579 40.613315 40.359671 39.878552 38.955227 37.122284 33.242527 24.169114 0.000000 
50.000000 50.000000 50.000000 50.000000 50.000000 50.000000 50.000000 50.000000 50.000000 50.000000 50.000000 50.000000 50.000000 50.000000 50.000000 50.000000 50.000000 50.000000 50.000000 50.000000 50.000000 50.000000 50.000000 50.000000 50.000000 50.000000 50.000000 50.000000 50.000000 50.000000 50.000000 50.000000 50.000000 50.000000 50.000000 50.000000 50.000000 50.000000 50.000000 50.000000 50.000000 50.000000 50.000000 50.000000 50.000000 50.000000 50.000000 50.000000 50.000000 50.000000 
