50.000000 50.000000 50.000000 50.000000 50.000000 50.000000 50.000000 50.000000 50.000000 50.000000 50.000000 50.000000 50.000000 50.000000 50.000000 50.000000 50.000000 50.000000 50.000000 50.000000 50.000000 50.000000 50.000000 50.000000 50.000000 50.000000 50.000000 50.000000 50.000000 50.000000 50.000000 50.000000 50.000000 50.000000 50.000000 50.000000 50.000000 50.000000 50.000000 50.000000 50.000000 50.000000 50.000000 50.000000 50.000000 50.000000 50.000000 50.000000 50.000000 50.000000 
50.000000 48.715130 47.482075 46.346386 45.342352 44.490161 43.795552 43.251680 42.842446 42.546408 42.340427 42.202505 42.113586 42.058358 42.025291 42.006196 41.995553 41.989824 41.986844 41.985345 41.984616 41.984272 41.984116 41.984046 41.984016 41.984003 41.983996 41.983990 41.983980 41.983957 41.983903 41.983781 41.983514 41.982941 41.981748 41.979324 41.974526 41.965256 41.947763 41.915460 41.856935 41.752542 41.568292 41.244185 40.669927 39.628937 37.654015 33.610721 24.357565 0.000000 
50.000000 47.482075 45.065690 42.840116 40.872546 39.202541 37.841349 36.775551 35.973602 35.393478 34.989834 34.719562 34.545317 34.437093 34.372298 34.334879 34.314024 34.302799 34.296960 34.294023 34.292594 34.291921 34.291613 34.291477 34.291418 34.291393 34.291380 34.291369 34.291349 34.291306 34.291205 34.290979 34.290483 34.289423 34.287215 34.282739 34.273900 34.256880 34.224889 34.166123 34.060400 33.873651 33.548632 32.988764 32.028807 30.379645 27.523747 22.532845 13.871354 0.000000 
50.000000 46.346386 42.840116 39.610726 36.755719 34.332498 32.357384 30.810903 29.647276 28.805525 28.219849 27.827696 27.574876 27.417852 27.323839 27.269549 27.239291 27.223005 27.214534 27.210273 27.208200 27.207223 27.206777 27.206580 27.206494 27.206458 27.206439 27.206424 27.206398 27.206339 27.206206 27.205906 27.205249 27.203847 27.200936 27.195053 27.183480 27.161300 27.119868 27.044348 26.909869 26.675550 26.275300 25.603673 24.494468 22.690071 19.805363 15.316369 8.692371 0.000000 
50.000000 45.342352 40.872546 36.755719 33.116170 30.027079 27.509246 25.537841 24.054501 22.981485 22.234908 21.735027 21.412760 21.212605 21.092773 21.023573 20.985006 20.964248 20.953451 20.948021 20.945378 20.944133 20.943565 20.943313 20.943205 20.943158 20.943135 20.943117 20.943087 20.943021 20.942871 20.942534 20.941796 20.940227 20.936981 20.930449 20.917660 20.893299 20.848132 20.766578 20.623090 20.376931 19.964930 19.291986 18.219943 16.558085 14.065648 10.492900 5.713416 0.000000 
50.000000 44.490161 39.202541 34.332498 30.027079 26.372849 23.394411 21.062386 19.307725 18.038459 17.155347 16.564057 16.182866 15.946118 15.804380 15.722533 15.676918 15.652366 15.639597 15.633175 15.630050 15.628577 15.627905 15.627608 15.627480 15.627425 15.627399 15.627379 15.627348 15.627281 15.627130 15.626790 15.626051 15.624482 15.621250 15.614775 15.602172 15.578326 15.534481 15.456121 15.319995 15.090155 14.713110 14.112702 13.186424 11.807135 9.838030 7.173734 3.820234 0.000000 
50.000000 43.795552 37.841349 32.357384 27.509246 23.394411 20.040580 17.414661 15.438893 14.009703 13.015338 12.349568 11.920370 11.653811 11.494229 11.402079 11.350724 11.323083 11.308708 11.301478 11.297960 11.296303 11.295546 11.295211 11.295067 11.295005 11.294977 11.294957 11.294928 11.294866 11.294725 11.294412 11.293732 11.292296 11.289348 11.283472 11.272104 11.250751 11.211827 11.142982 11.024885 10.828527 10.512383 10.020290 9.281709 8.217260 6.753711 4.852584 2.551367 0.000000 
50.000000 43.251680 36.775551 30.810903 25.537841 21.062386 17.414661 14.558665 12.409809 10.855437 9.773992 9.049931 8.583163 8.293277 8.119733 8.019523 7.963677 7.933620 7.917988 7.910127 7.906302 7.904499 7.903677 7.903313 7.903156 7.903090 7.903060 7.903040 7.903014 7.902960 7.902840 7.902571 7.901990 7.900767 7.898269 7.893317 7.883795 7.866038 7.833945 7.777757 7.682527 7.526434 7.279332 6.902278 6.349276 5.572911 4.535603 3.226919 1.683388 0.000000 
50.000000 42.842446 35.973602 29.647276 24.054501 19.307725 15.438893 12.409809 10.130750 8.482216 7.335276 6.567376 6.072355 5.764928 5.580887 5.474618 5.415396 5.383524 5.366948 5.358612 5.354556 5.352645 5.351773 5.351387 5.351221 5.351151 5.351120 5.351102 5.351080 5.351036 5.350938 5.350722 5.350257 5.349281 5.347296 5.343383 5.335905 5.322059 5.297240 5.254204 5.182076 5.065375 4.883375 4.610366 4.217570 3.677569 2.971726 2.099950 1.089904 0.000000 
50.000000 42.546408 35.393478 28.805525 22.981485 18.038459 14.009703 10.855437 8.482216 6.765592 5.571295 4.771699 4.256255 3.936150 3.744522 3.633874 3.572213 3.539029 3.521771 3.513092 3.508869 3.506880 3.505972 3.505571 3.505398 3.505325 3.505294 3.505277 3.505259 3.505225 3.505151 3.504987 3.504635 3.503900 3.502413 3.499495 3.493952 3.483759 3.465632 3.434479 3.382796 3.300140 3.172910 2.984818 2.718463 2.358395 1.895656 1.333078 0.689473 0.000000 
50.000000 42.340427 34.989834 28.219849 22.234908 17.155347 13.015338 9.773992 7.335276 5.571295 4.344063 3.522429 2.992784 2.663864 2.466963 2.353272 2.289917 2.255821 2.238089 2.229173 2.224834 2.222790 2.221858 2.221445 2.221268 2.221194 2.221162 2.221146 2.221132 2.221107 2.221053 2.220935 2.220683 2.220158 2.219102 2.217039 2.213143 2.206024 2.193456 2.172032 2.136816 2.081071 1.996235 1.872356 1.699226 1.468330 1.175501 0.823711 0.424967 0.000000 
50.000000 42.202505 34.719562 27.827696 21.735027 16.564057 12.349568 9.049931 6.567376 4.771699 3.522429 2.686047 2.146902 1.812086 1.611658 1.495932 1.431443 1.396738 1.378690 1.369614 1.365198 1.363118 1.362169 1.361749 1.361569 1.361493 1.361462 1.361447 1.361436 1.361418 1.361381 1.361300 1.361128 1.360772 1.360058 1.358670 1.356063 1.351328 1.343023 1.328973 1.306067 1.270135 1.215986 1.137741 1.029576 0.886895 0.707828 0.494673 0.254742 0.000000 
50.000000 42.113586 34.545317 27.574876 21.412760 16.182866 11.920370 8.583163 6.072355 4.256255 2.992784 2.146902 1.601637 1.263024 1.060324 0.943289 0.878070 0.842973 0.824721 0.815543 0.811078 0.808974 0.808014 0.807590 0.807407 0.807331 0.807300 0.807286 0.807277 0.807264 0.807240 0.807187 0.807075 0.806845 0.806384 0.805493 0.803827 0.800819 0.795574 0.786760 0.772495 0.750297 0.717125 0.669618 0.604540 0.519461 0.413576 0.288438 0.148330 0.000000 
50.000000 42.058358 34.437093 27.417852 21.212605 15.946118 11.653811 8.293277 5.764928 3.936150 2.663864 1.812086 1.263024 0.922055 0.717947 0.600098 0.534428 0.499087 0.480709 0.471468 0.466972 0.464854 0.463887 0.463460 0.463276 0.463200 0.463168 0.463155 0.463147 0.463139 0.463123 0.463091 0.463021 0.462878 0.462594 0.462047 0.461028 0.459197 0.456023 0.450721 0.442197 0.429024 0.409482 0.381707 0.343947 0.294945 0.234372 0.163193 0.083832 0.000000 
50.000000 42.025291 34.372298 27.323839 21.092773 15.804380 11.494229 8.119733 5.580887 3.744522 2.466963 1.611658 1.060324 0.717947 0.512996 0.394662 0.328721 0.293235 0.274782 0.265502 0.260988 0.258861 0.257891 0.257461 0.257277 0.257200 0.257169 0.257156 0.257150 0.257144 0.257135 0.257115 0.257073 0.256989 0.256820 0.256498 0.255900 0.254831 0.252987 0.249924 0.245027 0.237504 0.226416 0.210757 0.189605 0.162324 0.128786 0.089558 0.045967 0.000000 
50.000000 42.006196 34.334879 27.269549 21.023573 15.722533 11.402079 8.019523 5.474618 3.633874 2.353272 1.495932 0.943289 0.600098 0.394662 0.276048 0.209951 0.174381 0.155884 0.146583 0.142058 0.139926 0.138954 0.138524 0.138339 0.138262 0.138231 0.138218 0.138212 0.138208 0.138203 0.138191 0.138168 0.138119 0.138024 0.137841 0.137504 0.136904 0.135874 0.134171 0.131461 0.127322 0.121254 0.112732 0.101283 0.086592 0.068614 0.047664 0.024447 0.000000 
50.000000 41.995553 34.314024 27.239291 20.985006 15.676918 11.350724 7.963677 5.415396 3.572213 2.289917 1.431443 0.878070 0.534428 0.328721 0.209951 0.143768 0.108152 0.089630 0.080317 0.075786 0.073652 0.072678 0.072247 0.072062 0.071985 0.071954 0.071941 0.071936 0.071933 0.071930 0.071923 0.071910 0.071884 0.071832 0.071732 0.071550 0.071225 0.070671 0.069758 0.068313 0.066116 0.062909 0.058428 0.052435 0.044778 0.035444 0.024601 0.012611 0.000000 
50.000000 41.989824 34.302799 27.223005 20.964248 15.652366 11.323083 7.933620 5.383524 3.539029 2.255821 1.396738 0.842973 0.499087 0.293235 0.174382 0.108152 0.072511 0.053976 0.044657 0.040122 0.037987 0.037012 0.036581 0.036396 0.036319 0.036288 0.036275 0.036270 0.036268 0.036266 0.036262 0.036255 0.036241 0.036214 0.036162 0.036066 0.035898 0.035610 0.035138 0.034394 0.033267 0.031630 0.029351 0.026316 0.022451 0.017756 0.012315 0.006310 0.000000 
50.000000 41.986844 34.296960 27.214534 20.953451 15.639597 11.308708 7.917988 5.366948 3.521771 2.238089 1.378690 0.824721 0.480709 0.274782 0.155884 0.089630 0.053977 0.035436 0.026112 0.021577 0.019440 0.018465 0.018034 0.017849 0.017772 0.017740 0.017728 0.017723 0.017721 0.017720 0.017718 0.017714 0.017707 0.017693 0.017667 0.017619 0.017534 0.017390 0.017154 0.016784 0.016225 0.015417 0.014295 0.012807 0.010917 0.008628 0.005980 0.003063 0.000000 
50.000000 41.985345 34.294023 27.210273 20.948021 15.633175 11.301478 7.910127 5.358612 3.513092 2.229173 1.369614 0.815543 0.471468 0.265503 0.146584 0.080317 0.044657 0.026113 0.016788 0.012251 0.010114 0.009139 0.008708 0.008523 0.008446 0.008414 0.008402 0.008397 0.008395 0.008394 0.008393 0.008392 0.008388 0.008381 0.008368 0.008345 0.008304 0.008234 0.008120 0.007942 0.007674 0.007288 0.006753 0.006046 0.005150 0.004067 0.002818 0.001443 0.000000 
50.000000 41.984616 34.292594 27.208200 20.945379 15.630050 11.297961 7.906302 5.354557 3.508870 2.224835 1.365199 0.811079 0.466973 0.260989 0.142059 0.075787 0.040123 0.021577 0.012252 0.007715 0.005577 0.004602 0.004171 0.003986 0.003909 0.003878 0.003865 0.003861 0.003859 0.003858 0.003857 0.003856 0.003855 0.003852 0.003845 0.003834 0.003815 0.003782 0.003729 0.003646 0.003522 0.003343 0.003096 0.002770 0.002358 0.001861 0.001289 0.000660 0.000000 
50.000000 41.984273 34.291922 27.207224 20.944135 15.628579 11.296305 7.904502 5.352648 3.506883 2.222793 1.363121 0.808977 0.464856 0.258864 0.139929 0.073654 0.037989 0.019443 0.010117 0.005579 0.003442 0.002467 0.002035 0.001850 0.001773 0.001742 0.001730 0.001725 0.001723 0.001723 0.001722 0.001722 0.001721 0.001719 0.001717 0.001712 0.001703 0.001688 0.001664 0.001626 0.001570 0.001490 0.001379 0.001233 0.001049 0.000828 0.000573 0.000293 0.000000 
50.000000 41.984117 34.291616 27.206781 20.943569 15.627911 11.295552 7.903683 5.351780 3.505979 2.221865 1.362176 0.808022 0.463894 0.257898 0.138961 0.072685 0.037019 0.018472 0.009146 0.004609 0.002471 0.001496 0.001065 0.000880 0.000803 0.000771 0.000759 0.000754 0.000753 0.000752 0.000752 0.000751 0.000751 0.000750 0.000749 0.000747 0.000743 0.000736 0.000726 0.000709 0.000685 0.000649 0.000601 0.000537 0.000457 0.000360 0.000249 0.000128 0.000000 
50.000000 41.984049 34.291484 27.206589 20.943325 15.627622 11.295227 7.903330 5.351405 3.505589 2.221464 1.361768 0.807609 0.463479 0.257481 0.138543 0.072267 0.036600 0.018053 0.008727 0.004190 0.002052 0.001077 0.000646 0.000460 0.000383 0.000352 0.000340 0.000335 0.000334 0.000333 0.000333 0.000332 0.000332 0.000332 0.000331 0.000330 0.000329 0.000326 0.000321 0.000314 0.000303 0.000287 0.000265 0.000237 0.000201 0.000159 0.000110 0.000056 0.000000 
50.000000 41.984025 34.291435 27.206519 20.943235 15.627516 11.295107 7.903200 5.351267 3.505446 2.221317 1.361618 0.807458 0.463327 0.257328 0.138390 0.072113 0.036447 0.017899 0.008573 0.004036 0.001898 0.000923 0.000492 0.000307 0.000229 0.000198 0.000186 0.000181 0.000180 0.000179 0.000179 0.000179 0.000178 0.000178 0.000178 0.000177 0.000177 0.000175 0.000172 0.000168 0.000162 0.000154 0.000142 0.000127 0.000108 0.000085 0.000059 0.000030 0.000000 
50.000000 41.984025 34.291435 27.206519 20.943235 15.627516 11.295107 7.903200 5.351267 3.505446 2.221317 1.361618 0.807458 0.463327 0.257328 0.138390 0.072113 0.036447 0.017899 0.008573 0.004036 0.001898 0.000923 0.000492 0.000307 0.000229 0.000198 0.000186 0.000181 0.000180 0.000179 0.000179 0.000179 0.000178 0.000178 0.000178 0.000177 0.000177 0.000175 0.000172 0.000168 0.000162 0.000154 0.000142 0.000127 0.000108 0.000085 0.000059 0.000030 0.000000 
50.000000 41.984049 34.291484 27.206589 20.943325 15.627622 11.295227 7.903330 5.351405 3.505589 2.221464 1.361768 0.807609 0.463479 0.257481 0.138543 0.072267 0.036600 0.018053 0.008727 0.004190 0.002052 0.001077 0.000646 0.000460 0.000383 0.000352 0.000340 0.000335 0.000334 0.000333 0.000333 0.000332 0.000332 0.000332 0.000331 0.000330 0.000329 0.000326 0.000321 0.000314 0.000303 0.000287 0.000265 0.000237 0.000201 0.000159 0.000110 0.000056 0.000000 
50.000000 41.984117 34.291616 27.206781 20.943569 15.627911 11.295552 7.903683 5.351780 3.505979 2.221865 1.362176 0.808022 0.463894 0.257898 0.138961 0.072685 0.037019 0.018472 0.009146 0.004609 0.002471 0.001496 0.001065 0.000880 0.000803 0.000771 0.000759 0.000754 0.000753 0.000752 0.000752 0.000751 0.000751 0.000750 0.000749 0.000747 0.000743 0.000736 0.000726 0.000709 0.000685 0.000649 0.000601 0.000537 0.000457 0.000360 0.000249 0.000128 0.000000 
50.000000 41.984273 34.291922 27.207224 20.944135 15.628579 11.296305 7.904502 5.352648 3.506883 2.222793 1.363121 0.808977 0.464856 0.258864 0.139929 0.073654 0.037989 0.019443 0.010117 0.005579 0.003442 0.002467 0.002035 0.001850 0.001773 0.001742 0.001730 0.001725 0.001723 0.001723 0.001722 0.001722 0.001721 0.001719 0.001717 0.001712 0.001703 0.001688 0.001664 0.001626 0.001570 0.001490 0.001379 0.001233 0.001049 0.000828 0.000573 0.000293 0.000000 
50.000000 41.984616 34.292594 27.208200 20.945379 15.630050 11.297961 7.906302 5.354557 3.508870 2.224835 1.365199 0.811079 0.466973 0.260989 0.142059 0.075787 0.040123 0.021577 0.012252 0.007715 0.005577 0.004602 0.004171 0.003986 0.003909 0.003878 0.003865 0.003861 0.003859 0.003858 0.003857 0.003856 0.003855 0.003852 0.003845 0.003834 0.003815 0.003782 0.003729 0.003646 0.003522 0.003343 0.003096 0.002770 0.002358 0.001861 0.001289 0.000660 0.000000 
50.000000 41.985345 34.294023 27.210273 20.948021 15.633175 11.301478 7.910127 5.358612 3.513092 2.229173 1.369614 0.815543 0.471468 0.265503 0.146584 0.080317 0.044657 0.026113 0.016788 0.012251 0.010114 0.009139 0.008708 0.008523 0.008446 0.008414 0.008402 0.008397 0.008395 0.008394 0.008393 0.008392 0.008388 0.008381 0.008368 0.008345 0.008304 0.008234 0.008120 0.007942 0.007674 0.007288 0.006753 0.006046 0.005150 0.004067 0.002818 0.001443 0.000000 
50.000000 41.986844 34.296960 27.214534 20.953451 15.639597 11.308708 7.917988 5.366948 3.521771 2.238089 1.378690 0.824721 0.480709 0.274782 0.155884 0.089630 0.053977 0.035436 0.026112 0.021577 0.019440 0.018465 0.018034 0.017849 0.017772 0.017740 0.017728 0.017723 0.017721 0.017720 0.017718 0.017714 0.017707 0.017693 0.017667 0.017619 0.017534 0.017390 0.017154 0.016784 0.016225 0.015417 0.014295 0.012807 0.010917 0.008628 0.005980 0.003063 0.000000 
50.000000 41.989824 34.302799 27.223005 20.964248 15.652366 11.323083 7.933620 5.383524 3.539029 2.255821 1.396738 0.842973 0.499087 0.293235 0.174382 0.108152 0.072511 0.053976 0.044657 0.040122 0.037987 0.037012 0.036581 0.036396 0.036319 0.036288 0.036275 0.036270 0.036268 0.036266 0.036262 0.036255 0.036241 0.036214 0.036162 0.036066 0.035898 0.035610 0.035138 0.034394 0.033267 0.031630 0.029351 0.026316 0.022451 0.017756 0.012315 0.006310 0.000000 
50.000000 41.995553 34.314024 27.239291 20.985006 15.676918 11.350724 7.963677 5.415396 3.572213 2.289917 1.431443 0.878070 0.534428 0.328721 0.209951 0.143768 0.108152 0.089630 0.080317 0.075786 0.073652 0.072678 0.072247 0.072062 0.071985 0.071954 0.071941 0.071936 0.071933 0.071930 0.071923 0.071910 0.071884 0.071832 0.071732 0.071550 0.071225 0.070671 0.069758 0.068313 0.066116 0.062909 0.058428 0.052435 0.044778 0.035444 0.024601 0.012611 0.000000 
50.000000 42.006196 34.334879 27.269549 21.023573 15.722533 11.402079 8.019523 5.474618 3.633874 2.353272 1.495932 0.943289 0.600098 0.394662 0.276048 0.209951 0.174381 0.155884 0.146583 0.142058 0.139926 0.138954 0.138524 0.138339 0.138262 0.138231 0.138218 0.138212 0.138208 0.138203 0.138191 0.138168 0.138119 0.138024 0.137841 0.137504 0.136904 0.135874 0.134171 0.131461 0.127322 0.121254 0.112732 0.101283 0.086592 0.068614 0.047664 0.024447 0.000000 
50.000000 42.025291 34.372298 27.323839 21.092773 15.804380 11.494229 8.119733 5.580887 3.744522 2.466963 1.611658 1.060324 0.717947 0.512996 0.394662 0.328721 0.293235 0.274782 0.265502 0.260988 0.258861 0.257891 0.257461 0.257277 0.257200 0.257169 0.257156 0.257150 0.257144 0.257135 0.257115 0.257073 0.256989 0.256820 0.256498 0.255900 0.254831 0.252987 0.249924 0.245027 0.237504 0.226416 0.210757 0.189605 0.162324 0.128786 0.089558 0.045967 0.000000 
50.000000 42.058358 34.437093 27.417852 21.212605 15.946118 11.653811 8.293277 5.764928 3.936150 2.663864 1.812086 1.263024 0.922055 0.717947 0.600098 0.534428 0.499087 0.480709 0.471468 0.466972 0.464854 0.463887 0.463460 0.463276 0.463200 0.463168 0.463155 0.463147 0.463139 0.463123 0.463091 0.463021 0.462878 0.462594 0.462047 0.461028 0.459197 0.456023 0.450721 0.442197 0.429024 0.409482 0.381707 0.343947 0.294945 0.234372 0.163193 0.083832 0.000000 
50.000000 42.113586 34.545317 27.574876 21.412760 16.182866 11.920370 8.583163 6.072355 4.256255 2.992784 2.146902 1.601637 1.263024 1.060324 0.943289 0.878070 0.842973 0.824721 0.815543 0.811078 0.808974 0.808014 0.807590 0.807407 0.807331 0.807300 0.807286 0.807277 0.807264 0.807240 0.807187 0.807075 0.806845 0.806384 0.805493 0.803827 0.800819 0.795574 0.786760 0.772495 0.750297 0.717125 0.669618 0.604540 0.519461 0.413576 0.288438 0.148330 0.000000 
50.000000 42.202505 34.719562 27.827696 21.735027 16.564057 12.349568 9.049931 6.567376 4.771699 3.522429 2.686047 2.146902 1.812086 1.611658 1.495932 1.431443 1.396738 1.378690 1.369614 1.365198 1.363118 1.362169 1.361749 1.361569 1.361493 1.361462 1.361447 1.361436 1.361418 1.361381 1.361300 1.361128 1.360772 1.360058 1.358670 1.356063 1.351328 1.343023 1.328973 1.306067 1.270135 1.215986 1.137741 1.029576 0.886895 0.707828 0.494673 0.254742 0.000000 
50.000000 42.340427 34.989834 28.219849 22.234908 17.155347 13.015338 9.773992 7.335276 5.571295 4.344063 3.522429 2.992784 2.663864 2.466963 2.353272 2.289917 2.255821 2.238089 2.229173 2.224834 2.222790 2.221858 2.221445 2.221268 2.221194 2.221162 2.221146 2.221132 2.221107 2.221053 2.220935 2.220683 2.220158 2.219102 2.217039 2.213143 2.206024 2.193456 2.172032 2.136816 2.081071 1.996235 1.872356 1.699226 1.468330 1.175501 0.823711 0.424967 0.000000 
50.000000 42.546408 35.393478 28.805525 22.981485 18.038459 14.009703 10.855437 8.482216 6.765592 5.571295 4.771699 4.256255 3.936150 3.744522 3.633874 3.572213 3.539029 3.521771 3.513092 3.508869 3.506880 3.505972 3.505571 3.505398 3.505325 3.505294 3.505277 3.505259 3.505225 3.505151 3.504987 3.504635 3.503900 3.502413 3.499495 3.493952 3.483759 3.465632 3.434479 3.382796 3.300140 3.172910 2.984818 2.718463 2.358395 1.895656 1.333078 0.689473 0.000000 
50.000000 42.842446 35.973602 29.647276 24.054501 19.307725 15.438893 12.409809 10.130750 8.482216 7.335276 6.567376 6.072355 5.764928 5.580887 5.474618 5.415396 5.383524 5.366948 5.358612 5.354556 5.352645 5.351773 5.351387 5.351221 5.351151 5.351120 5.351102 5.351080 5.351036 5.350938 5.350722 5.350257 5.349281 5.347296 5.343383 5.335905 5.322059 5.297240 5.254204 5.182076 5.065375 4.883375 4.610366 4.217570 3.677569 2.971726 2.099950 1.089904 0.000000 
50.000000 43.251680 36.775551 30.810903 25.537841 21.062386 17.414661 14.558665 12.409809 10.855437 9.773992 9.049931 8.583163 8.293277 8.119733 8.019523 7.963677 7.933620 7.917988 7.910127 7.906302 7.904499 7.903677 7.903313 7.903156 7.903090 7.903060 7.903040 7.903014 7.902960 7.902840 7.902571 7.901990 7.900767 7.898269 7.893317 7.883795 7.866038 7.833945 7.777757 7.682527 7.526434 7.279332 6.902278 6.349276 5.572911 4.535603 3.226919 1.683388 0.000000 
50.000000 43.795552 37.841349 32.357384 27.509246 23.394411 20.040580 17.414661 15.438893 14.009703 13.015338 12.349568 11.920370 11.653811 11.494229 11.402079 11.350724 11.323083 11.308708 11.301478 11.297960 11.296303 11.295546 11.295211 11.295067 11.295005 11.294977 11.294957 11.294928 11.294866 11.294725 11.294412 11.293732 11.292296 11.289348 11.283472 11.272104 11.250751 11.211827 11.142982 11.024885 10.828527 10.512383 10.020290 9.281709 8.217260 6.753711 4.852584 2.551367 0.000000 
50.000000 44.490161 39.202541 34.332498 30.027079 26.372849 23.394411 21.062386 19.307725 18.038459 17.155347 16.564057 16.182866 15.946118 15.804380 15.722533 15.676918 15.652366 15.639597 15.633175 15.630050 15.628577 15.627905 15.627608 15.627480 15.627425 15.627399 15.627379 15.627348 15.627281 15.627130 15.626790 15.626051 15.624482 15.621250 15.614775 15.602172 15.578326 15.534481 15.456121 15.319995 15.090155 14.713110 14.112702 13.186424 11.807135 9.838030 7.173734 3.820234 0.000000 
50.000000 45.342352 40.872546 36.755719 33.116170 30.027079 27.509246 25.537841 24.054501 22.981485 22.234908 21.735027 21.412760 21.212605 21.092773 21.023573 20.985006 20.964248 20.953451 20.948021 20.945378 20.944133 20.943565 20.943313 20.943205 20.943158 20.943135 20.943117 20.943087 20.943021 20.942871 20.942534 20.941796 20.940227 20.936981 20.930449 20.917660 20.893299 20.848132 20.766578 20.623090 20.376931 19.964930 19.291986 18.219943 16.558085 14.065648 10.492900 5.713416 0.000000 
50.000000 46.346386 42.840116 39.610726 36.755719 34.332498 32.357384 30.810903 29.647276 28.805525 28.219849 27.827696 27.574876 27.417852 27.323839 27.269549 27.239291 27.223005 27.214534 27.210273 27.208200 27.207223 27.206777 27.206580 27.206494 27.206458 27.206439 27.206424 27.206398 27.206339 27.206206 27.205906 27.205249 27.203847 27.200936 27.195053 27.183480 27.161300 27.119868 27.044348 26.909869 26.675550 26.275300 25.603673 24.494468 22.690071 19.805363 15.316369 8.692371 0.000000 
50.000000 47.482075 45.065690 42.840116 40.872546 39.202541 37.841349 36.775551 35.973602 35.393478 34.989834 34.719562 34.545317 34.437093 34.372298 34.334879 34.314024 34.302799 34.296960 34.294023 34.292594 34.291921 34.291613 34.291477 34.291418 34.291393 34.291380 34.291369 34.291349 34.291306 34.291205 34.290979 34.290483 34.289423 34.287215 34.282739 34.273900 34.256880 34.224889 34.166123 34.060400 33.873651 33.548632 32.988764 32.028807 30.379645 27.523747 22.532845 13.871354 0.000000 
50.000000 48.715130 47.482075 46.346386 45.342352 44.490161 43.795552 43.251680 42.842446 42.546408 42.340427 42.202505 42.113586 42.058358 42.025291 42.006196 41.995553 41.989824 41.986844 41.985345 41.984616 41.984272 41.984116 41.984046 41.984016 41.984003 41.983996 41.983990 41.983980 41.983957 41.983903 41.983781 41.983514 41.982941 41.981748 41.979324 41.974526 41.965256 41.947763 41.915460 41.856935 41.752542 41.568292 41.244185 40.669927 39.628937 37.654015 33.610721 24.357565 0.000000 
50.000000 50.000000 50.000000 50.000000 50.000000 50.000000 50.000000 50.000000 50.000000 50.000000 50.000000 50.000000 50.000000 50.000000 50.000000 50.000000 50.000000 50.000000 50.000000 50.000000 50.000000 50.000000 50.000000 50.000000 50.000000 50.000000 50.000000 50.000000 50.000000 50.000000 50.000000 50.000000 50.000000 50.000000 50.000000 50.000000 50.000000 50.000000 50.000000 50.000000 50.000000 50.000000 50.000000 50.000000 50.000000 50.000000 50.000000 50.000000 50.000000 50.000000 
