50.000000 50.000000 50.000000 50.000000 50.000000 50.000000 50.000000 50.000000 50.000000 50.000000 50.000000 50.000000 50.000000 50.000000 50.000000 50.000000 50.000000 50.000000 50.000000 50.000000 50.000000 50.000000 50.000000 50.000000 50.000000 50.000000 50.000000 50.000000 50.000000 50.000000 50.000000 50.000000 50.000000 50.000000 50.000000 50.000000 50.000000 50.000000 50.000000 50.000000 50.000000 50.000000 50.000000 50.000000 50.000000 50.000000 50.000000 50.000000 50.000000 50.000000 
50.000000 48.398413 46.877311 45.505058 44.328824 43.370507 42.627998 42.080553 41.696198 41.439028 41.274905 41.174910 41.116693 41.084273 41.066987 41.058155 41.053825 41.051786 41.050864 41.050463 41.050294 41.050226 41.050200 41.050190 41.050186 41.050185 41.050184 41.050183 41.050182 41.050178 41.050168 41.050140 41.050071 41.049900 41.049495 41.048564 41.046488 41.042001 41.032593 41.013419 40.975372 40.901621 40.761320 40.497590 40.002717 39.061556 37.206639 33.301173 24.199207 0.000000 
50.000000 46.877311 43.911548 41.236013 38.942672 37.074221 35.626544 34.559194 33.809826 33.308434 32.988453 32.793501 32.680002 32.616798 32.583099 32.565880 32.557439 32.553465 32.551667 32.550884 32.550556 32.550423 32.550372 32.550352 32.550345 32.550343 32.550341 32.550340 32.550338 32.550330 32.550311 32.550261 32.550134 32.549824 32.549088 32.547397 32.543639 32.535542 32.518631 32.484355 32.416826 32.287221 32.044158 31.596872 30.784928 29.321893 26.689725 21.955774 13.576137 0.000000 
50.000000 45.505058 41.236013 37.384749 34.083651 31.394174 29.310386 27.774060 26.695447 25.973773 25.513220 25.232628 25.069273 24.978308 24.929809 24.905027 24.892880 24.887161 24.884574 24.883448 24.882975 24.882784 24.882710 24.882682 24.882672 24.882668 24.882666 24.882665 24.882661 24.882652 24.882627 24.882563 24.882399 24.882000 24.881057 24.878897 24.874113 24.863858 24.842571 24.799762 24.716289 24.558274 24.267443 23.746106 22.834470 21.278493 18.692374 14.546288 8.298418 0.000000 
50.000000 44.328824 38.942672 34.083651 29.918790 26.525624 23.896656 21.958412 20.597649 19.687212 19.106208 18.752241 18.546173 18.431427 18.370250 18.338992 18.323670 18.316457 18.313194 18.311774 18.311178 18.310937 18.310843 18.310808 18.310795 18.310791 18.310789 18.310787 18.310783 18.310773 18.310746 18.310676 18.310500 18.310071 18.309059 18.306752 18.301668 18.290836 18.268517 18.224056 18.138394 17.978723 17.690722 17.188066 16.339851 14.959395 12.805158 9.620779 5.267268 0.000000 
50.000000 43.370507 37.074221 31.394174 26.525624 22.559199 19.486127 17.220500 15.629927 14.565757 13.886664 13.472949 13.232105 13.097997 13.026502 12.989972 12.972066 12.963638 12.959825 12.958165 12.957469 12.957188 12.957078 12.957037 12.957022 12.957016 12.957014 12.957012 12.957009 12.956999 12.956973 12.956906 12.956738 12.956330 12.955370 12.953194 12.948425 12.938329 12.917701 12.877019 12.799614 12.657578 12.406391 11.978785 11.279600 10.185772 8.559704 6.289293 3.367790 0.000000 
50.000000 42.627998 35.626544 29.310386 23.896656 19.486127 16.069028 13.549813 11.781246 10.598018 9.842968 9.382992 9.115225 8.966131 8.886649 8.846040 8.826135 8.816767 8.812528 8.810683 8.809910 8.809597 8.809476 8.809430 8.809413 8.809407 8.809405 8.809403 8.809400 8.809391 8.809369 8.809310 8.809165 8.808812 8.807987 8.806126 8.802070 8.793545 8.776272 8.742553 8.679181 8.564625 8.365702 8.034514 7.507342 6.708590 5.564280 4.029673 2.130408 0.000000 
50.000000 42.080553 34.559194 27.774060 21.958412 17.220500 13.549813 10.843690 8.943947 7.672987 6.861973 6.367917 6.080320 5.920189 5.834826 5.791213 5.769838 5.759777 5.755226 5.753245 5.752414 5.752079 5.751948 5.751899 5.751881 5.751874 5.751872 5.751870 5.751868 5.751861 5.751843 5.751796 5.751680 5.751400 5.750747 5.749282 5.746108 5.739484 5.726172 5.700441 5.652641 5.567421 5.421845 5.184110 4.814110 4.267690 3.506616 2.515036 1.319233 0.000000 
50.000000 41.696198 33.809826 26.695447 20.597649 15.629927 11.781246 8.943947 6.952152 5.619635 4.769360 4.251399 3.949894 3.782025 3.692539 3.646822 3.624416 3.613870 3.609100 3.607023 3.606153 3.605801 3.605664 3.605612 3.605594 3.605587 3.605584 3.605583 3.605581 3.605576 3.605562 3.605528 3.605442 3.605235 3.604755 3.603683 3.601374 3.596589 3.587050 3.568778 3.535200 3.476076 3.376526 3.216621 2.972349 2.618926 2.137173 1.522605 0.794577 0.000000 
50.000000 41.439028 33.308434 25.973773 19.687212 14.565757 10.598018 7.672987 5.619635 4.245959 3.369438 2.835500 2.524702 2.351662 2.259422 2.212300 2.189205 2.178336 2.173419 2.171279 2.170382 2.170020 2.169878 2.169825 2.169806 2.169799 2.169796 2.169795 2.169794 2.169790 2.169781 2.169756 2.169697 2.169554 2.169224 2.168490 2.166918 2.163682 2.157278 2.145115 2.122980 2.084435 2.020346 1.918837 1.766143 1.548818 1.257484 0.891608 0.463656 0.000000 
50.000000 41.274905 32.988453 25.513220 19.106208 13.886664 9.842968 6.861973 4.769360 3.369438 2.476182 1.932060 1.615339 1.439005 1.345011 1.296993 1.273460 1.262385 1.257375 1.255195 1.254281 1.253911 1.253767 1.253713 1.253694 1.253687 1.253684 1.253683 1.253682 1.253679 1.253673 1.253658 1.253619 1.253526 1.253312 1.252840 1.251833 1.249773 1.245723 1.238091 1.224323 1.200581 1.161532 1.100415 1.009645 0.882152 0.713457 0.504098 0.261486 0.000000 
50.000000 41.174910 32.793501 25.232628 18.752241 13.472949 9.382992 6.367917 4.251399 2.835500 1.932060 1.381739 1.061415 0.883078 0.788017 0.739455 0.715656 0.704456 0.699389 0.697184 0.696260 0.695887 0.695741 0.695686 0.695666 0.695659 0.695657 0.695656 0.695655 0.695654 0.695650 0.695640 0.695616 0.695559 0.695429 0.695141 0.694532 0.693292 0.690870 0.686337 0.678222 0.664349 0.641745 0.606720 0.555248 0.483724 0.390058 0.274870 0.142317 0.000000 
50.000000 41.116693 32.680002 25.069273 18.546173 13.232105 9.115225 6.080320 3.949894 2.524702 1.615339 1.061415 0.738997 0.559495 0.463815 0.414937 0.390983 0.379711 0.374611 0.372392 0.371462 0.371086 0.370939 0.370884 0.370864 0.370857 0.370855 0.370854 0.370853 0.370852 0.370850 0.370844 0.370830 0.370797 0.370722 0.370556 0.370207 0.369498 0.368123 0.365566 0.361020 0.353305 0.340836 0.321680 0.293776 0.255338 0.205415 0.144460 0.074691 0.000000 
50.000000 41.084273 32.616798 24.978308 18.431427 13.097997 8.966131 5.920189 3.782025 2.351662 1.439005 0.883078 0.559495 0.379347 0.283322 0.234269 0.210229 0.198916 0.193799 0.191571 0.190638 0.190261 0.190114 0.190058 0.190038 0.190031 0.190029 0.190028 0.190027 0.190027 0.190026 0.190023 0.190015 0.189997 0.189955 0.189864 0.189673 0.189289 0.188546 0.187172 0.184744 0.180651 0.174081 0.164061 0.149573 0.129758 0.104194 0.073159 0.037785 0.000000 
50.000000 41.066987 32.583099 24.929809 18.370250 13.026502 8.886649 5.834826 3.692539 2.259422 1.345011 0.788017 0.463815 0.283322 0.187115 0.137968 0.113883 0.102548 0.097421 0.095190 0.094254 0.093876 0.093729 0.093674 0.093654 0.093646 0.093644 0.093643 0.093643 0.093643 0.093642 0.093640 0.093636 0.093627 0.093605 0.093557 0.093458 0.093259 0.092876 0.092171 0.090933 0.088856 0.085544 0.080523 0.073307 0.063498 0.050912 0.035702 0.018423 0.000000 
50.000000 41.058155 32.565880 24.905027 18.338992 12.989972 8.846040 5.791213 3.646822 2.212300 1.296993 0.739455 0.414937 0.234269 0.137968 0.088773 0.064665 0.053320 0.048187 0.045954 0.045018 0.044640 0.044492 0.044437 0.044416 0.044409 0.044407 0.044406 0.044406 0.044406 0.044405 0.044404 0.044402 0.044398 0.044387 0.044363 0.044314 0.044215 0.044027 0.043681 0.043076 0.042067 0.040466 0.038052 0.034601 0.029933 0.023971 0.016792 0.008659 0.000000 
50.000000 41.053825 32.557439 24.892880 18.323670 12.972066 8.826135 5.769838 3.624416 2.189205 1.273460 0.715656 0.390983 0.210229 0.113883 0.064665 0.040545 0.029194 0.024060 0.021825 0.020889 0.020510 0.020363 0.020307 0.020287 0.020280 0.020278 0.020277 0.020277 0.020276 0.020276 0.020276 0.020275 0.020273 0.020267 0.020256 0.020233 0.020186 0.020097 0.019934 0.019651 0.019181 0.018438 0.017323 0.015737 0.013599 0.010879 0.007615 0.003925 0.000000 
50.000000 41.051786 32.553465 24.887161 18.316457 12.963638 8.816767 5.759777 3.613870 2.178336 1.262385 0.704456 0.379711 0.198916 0.102548 0.053320 0.029194 0.017841 0.012706 0.010471 0.009534 0.009155 0.009008 0.008952 0.008932 0.008925 0.008922 0.008922 0.008921 0.008921 0.008921 0.008921 0.008921 0.008920 0.008917 0.008912 0.008901 0.008880 0.008840 0.008767 0.008639 0.008429 0.008098 0.007602 0.006900 0.005958 0.004762 0.003331 0.001716 0.000000 
50.000000 41.050864 32.551667 24.884574 18.313194 12.959825 8.812528 5.755226 3.609100 2.173419 1.257375 0.699389 0.374611 0.193799 0.097421 0.048187 0.024060 0.012706 0.007570 0.005334 0.004397 0.004019 0.003871 0.003816 0.003796 0.003788 0.003786 0.003785 0.003785 0.003785 0.003785 0.003785 0.003785 0.003784 0.003783 0.003781 0.003776 0.003767 0.003749 0.003718 0.003663 0.003572 0.003430 0.003218 0.002919 0.002518 0.002011 0.001406 0.000724 0.000000 
50.000000 41.050463 32.550884 24.883448 18.311774 12.958165 8.810683 5.753245 3.607023 2.171279 1.255195 0.697184 0.372392 0.191571 0.095190 0.045954 0.021825 0.010471 0.005334 0.003099 0.002162 0.001783 0.001636 0.001580 0.001560 0.001553 0.001551 0.001550 0.001550 0.001549 0.001549 0.001549 0.001549 0.001549 0.001549 0.001548 0.001546 0.001542 0.001535 0.001521 0.001498 0.001461 0.001402 0.001315 0.001192 0.001028 0.000820 0.000573 0.000295 0.000000 
50.000000 41.050294 32.550556 24.882975 18.311178 12.957469 8.809910 5.752414 3.606153 2.170382 1.254281 0.696260 0.371462 0.190638 0.094254 0.045018 0.020889 0.009534 0.004397 0.002162 0.001225 0.000846 0.000699 0.000643 0.000623 0.000616 0.000614 0.000613 0.000613 0.000613 0.000613 0.000613 0.000612 0.000612 0.000612 0.000612 0.000611 0.000609 0.000607 0.000601 0.000592 0.000577 0.000554 0.000519 0.000470 0.000405 0.000323 0.000226 0.000116 0.000000 
50.000000 41.050226 32.550423 24.882785 18.310937 12.957188 8.809597 5.752079 3.605801 2.170020 1.253911 0.695887 0.371086 0.190261 0.093877 0.044640 0.020510 0.009155 0.004019 0.001784 0.000847 0.000468 0.000321 0.000265 0.000245 0.000238 0.000235 0.000234 0.000234 0.000234 0.000234 0.000234 0.000234 0.000234 0.000234 0.000234 0.000233 0.000233 0.000232 0.000230 0.000226 0.000220 0.000211 0.000198 0.000179 0.000154 0.000123 0.000086 0.000044 0.000000 
50.000000 41.050200 32.550372 24.882710 18.310844 12.957079 8.809476 5.751948 3.605664 2.169879 1.253768 0.695742 0.370940 0.190114 0.093730 0.044493 0.020363 0.009008 0.003872 0.001636 0.000699 0.000321 0.000173 0.000118 0.000097 0.000090 0.000088 0.000087 0.000087 0.000087 0.000087 0.000087 0.000087 0.000087 0.000087 0.000087 0.000087 0.000086 0.000086 0.000085 0.000084 0.000082 0.000078 0.000073 0.000066 0.000057 0.000046 0.000032 0.000016 0.000000 
50.000000 41.050190 32.550353 24.882683 18.310809 12.957038 8.809431 5.751900 3.605614 2.169826 1.253714 0.695688 0.370885 0.190060 0.093675 0.044438 0.020309 0.008953 0.003817 0.001581 0.000645 0.000266 0.000118 0.000063 0.000043 0.000036 0.000033 0.000032 0.000032 0.000032 0.000032 0.000032 0.000032 0.000032 0.000032 0.000032 0.000032 0.000032 0.000032 0.000031 0.000031 0.000030 0.000029 0.000027 0.000024 0.000021 0.000017 0.000012 0.000006 0.000000 
50.000000 41.050187 32.550346 24.882674 18.310798 12.957025 8.809416 5.751884 3.605597 2.169809 1.253697 0.695670 0.370868 0.190042 0.093657 0.044420 0.020291 0.008936 0.003799 0.001564 0.000627 0.000248 0.000101 0.000045 0.000025 0.000018 0.000015 0.000015 0.000014 0.000014 0.000014 0.000014 0.000014 0.000014 0.000014 0.000014 0.000014 0.000014 0.000014 0.000014 0.000014 0.000013 0.000013 0.000012 0.000011 0.000009 0.000007 0.000005 0.000003 0.000000 
50.000000 41.050187 32.550346 24.882674 18.310798 12.957025 8.809416 5.751884 3.605597 2.169809 1.253697 0.695670 0.370868 0.190042 0.093657 0.044420 0.020291 0.008936 0.003799 0.001564 0.000627 0.000248 0.000101 0.000045 0.000025 0.000018 0.000015 0.000015 0.000014 0.000014 0.000014 0.000014 0.000014 0.000014 0.000014 0.000014 0.000014 0.000014 0.000014 0.000014 0.000014 0.000013 0.000013 0.000012 0.000011 0.000009 0.000007 0.000005 0.000003 0.000000 
50.000000 41.050190 32.550353 24.882683 18.310809 12.957038 8.809431 5.751900 3.605614 2.169826 1.253714 0.695688 0.370885 0.190060 0.093675 0.044438 0.020309 0.008953 0.003817 0.001581 0.000645 0.000266 0.000118 0.000063 0.000043 0.000036 0.000033 0.000032 0.000032 0.000032 0.000032 0.000032 0.000032 0.000032 0.000032 0.000032 0.000032 0.000032 0.000032 0.000031 0.000031 0.000030 0.000029 0.000027 0.000024 0.000021 0.000017 0.000012 0.000006 0.000000 
50.000000 41.050200 32.550372 24.882710 18.310844 12.957079 8.809476 5.751948 3.605664 2.169879 1.253768 0.695742 0.370940 0.190114 0.093730 0.044493 0.020363 0.009008 0.003872 0.001636 0.000699 0.000321 0.000173 0.000118 0.000097 0.000090 0.000088 0.000087 0.000087 0.000087 0.000087 0.000087 0.000087 0.000087 0.000087 0.000087 0.000087 0.000086 0.000086 0.000085 0.000084 0.000082 0.000078 0.000073 0.000066 0.000057 0.000046 0.000032 0.000016 0.000000 
50.000000 41.050226 32.550423 24.882785 18.310937 12.957188 8.809597 5.752079 3.605801 2.170020 1.253911 0.695887 0.371086 0.190261 0.093877 0.044640 0.020510 0.009155 0.004019 0.001784 0.000847 0.000468 0.000321 0.000265 0.000245 0.000238 0.000235 0.000234 0.000234 0.000234 0.000234 0.000234 0.000234 0.000234 0.000234 0.000234 0.000233 0.000233 0.000232 0.000230 0.000226 0.000220 0.000211 0.000198 0.000179 0.000154 0.000123 0.000086 0.000044 0.000000 
50.000000 41.050294 32.550556 24.882975 18.311178 12.957469 8.809910 5.752414 3.606153 2.170382 1.254281 0.696260 0.371462 0.190638 0.094254 0.045018 0.020889 0.009534 0.004397 0.002162 0.001225 0.000846 0.000699 0.000643 0.000623 0.000616 0.000614 0.000613 0.000613 0.000613 0.000613 0.000613 0.000612 0.000612 0.000612 0.000612 0.000611 0.000609 0.000607 0.000601 0.000592 0.000577 0.000554 0.000519 0.000470 0.000405 0.000323 0.000226 0.000116 0.000000 
50.000000 41.050463 32.550884 24.883448 18.311774 12.958165 8.810683 5.753245 3.607023 2.171279 1.255195 0.697184 0.372392 0.191571 0.095190 0.045954 0.021825 0.010471 0.005334 0.003099 0.002162 0.001783 0.001636 0.001580 0.001560 0.001553 0.001551 0.001550 0.001550 0.001549 0.001549 0.001549 0.001549 0.001549 0.001549 0.001548 0.001546 0.001542 0.001535 0.001521 0.001498 0.001461 0.001402 0.001315 0.001192 0.001028 0.000820 0.000573 0.000295 0.000000 
50.000000 41.050864 32.551667 24.884574 18.313194 12.959825 8.812528 5.755226 3.609100 2.173419 1.257375 0.699389 0.374611 0.193799 0.097421 0.048187 0.024060 0.012706 0.007570 0.005334 0.004397 0.004019 0.003871 0.003816 0.003796 0.003788 0.003786 0.003785 0.003785 0.003785 0.003785 0.003785 0.003785 0.003784 0.003783 0.003781 0.003776 0.003767 0.003749 0.003718 0.003663 0.003572 0.003430 0.003218 0.002919 0.002518 0.002011 0.001406 0.000724 0.000000 
50.000000 41.051786 32.553465 24.887161 18.316457 12.963638 8.816767 5.759777 3.613870 2.178336 1.262385 0.704456 0.379711 0.198916 0.102548 0.053320 0.029194 0.017841 0.012706 0.010471 0.009534 0.009155 0.009008 0.008952 0.008932 0.008925 0.008922 0.008922 0.008921 0.008921 0.008921 0.008921 0.008921 0.008920 0.008917 0.008912 0.008901 0.008880 0.008840 0.008767 0.008639 0.008429 0.008098 0.007602 0.006900 0.005958 0.004762 0.003331 0.001716 0.000000 
50.000000 41.053825 32.557439 24.892880 18.323670 12.972066 8.826135 5.769838 3.624416 2.189205 1.273460 0.715656 0.390983 0.210229 0.113883 0.064665 0.040545 0.029194 0.024060 0.021825 0.020889 0.020510 0.020363 0.020307 0.020287 0.020280 0.020278 0.020277 0.020277 0.020276 0.020276 0.020276 0.020275 0.020273 0.020267 0.020256 0.020233 0.020186 0.020097 0.019934 0.019651 0.019181 0.018438 0.017323 0.015737 0.013599 0.010879 0.007615 0.003925 0.000000 
50.000000 41.058155 32.565880 24.905027 18.338992 12.989972 8.846040 5.791213 3.646822 2.212300 1.296993 0.739455 0.414937 0.234269 0.137968 0.088773 0.064665 0.053320 0.048187 0.045954 0.045018 0.044640 0.044492 0.044437 0.044416 0.044409 0.044407 0.044406 0.044406 0.044406 0.044405 0.044404 0.044402 0.044398 0.044387 0.044363 0.044314 0.044215 0.044027 0.043681 0.043076 0.042067 0.040466 0.038052 0.034601 0.029933 0.023971 0.016792 0.008659 0.000000 
50.000000 41.066987 32.583099 24.929809 18.370250 13.026502 8.886649 5.834826 3.692539 2.259422 1.345011 0.788017 0.463815 0.283322 0.187115 0.137968 0.113883 0.102548 0.097421 0.095190 0.094254 0.093876 0.093729 0.093674 0.093654 0.093646 0.093644 0.093643 0.093643 0.093643 0.093642 0.093640 0.093636 0.093627 0.093605 0.093557 0.093458 0.093259 0.092876 0.092171 0.090933 0.088856 0.085544 0.080523 0.073307 0.063498 0.050912 0.035702 0.018423 0.000000 
50.000000 41.084273 32.616798 24.978308 18.431427 13.097997 8.966131 5.920189 3.782025 2.351662 1.439005 0.883078 0.559495 0.379347 0.283322 0.234269 0.210229 0.198916 0.193799 0.191571 0.190638 0.190261 0.190114 0.190058 0.190038 0.190031 0.190029 0.190028 0.190027 0.190027 0.190026 0.190023 0.190015 0.189997 0.189955 0.189864 0.189673 0.189289 0.188546 0.187172 0.184744 0.180651 0.174081 0.164061 0.149573 0.129758 0.104194 0.073159 0.037785 0.000000 
50.000000 41.116693 32.680002 25.069273 18.546173 13.232105 9.115225 6.080320 3.949894 2.524702 1.615339 1.061415 0.738997 0.559495 0.463815 0.414937 0.390983 0.379711 0.374611 0.372392 0.371462 0.371086 0.370939 0.370884 0.370864 0.370857 0.370855 0.370854 0.370853 0.370852 0.370850 0.370844 0.370830 0.370797 0.370722 0.370556 0.370207 0.369498 0.368123 0.365566 0.361020 0.353305 0.340836 0.321680 0.293776 0.255338 0.205415 0.144460 0.074691 0.000000 
50.000000 41.174910 32.793501 25.232628 18.752241 13.472949 9.382992 6.367917 4.251399 2.835500 1.932060 1.381739 1.061415 0.883078 0.788017 0.739455 0.715656 0.704456 0.699389 0.697184 0.696260 0.695887 0.695741 0.695686 0.695666 0.695659 0.695657 0.695656 0.695655 0.695654 0.695650 0.695640 0.695616 0.695559 0.695429 0.695141 0.694532 0.693292 0.690870 0.686337 0.678222 0.664349 0.641745 0.606720 0.555248 0.483724 0.390058 0.274870 0.142317 0.000000 
50.000000 41.274905 32.988453 25.513220 19.106208 13.886664 9.842968 6.861973 4.769360 3.369438 2.476182 1.932060 1.615339 1.439005 1.345011 1.296993 1.273460 1.262385 1.257375 1.255195 1.254281 1.253911 1.253767 1.253713 1.253694 1.253687 1.253684 1.253683 1.253682 1.253679 1.253673 1.253658 1.253619 1.253526 1.253312 1.252840 1.251833 1.249773 1.245723 1.238091 1.224323 1.200581 1.161532 1.100415 1.009645 0.882152 0.713457 0.504098 0.261486 0.000000 
50.000000 41.439028 33.308434 25.973773 19.687212 14.565757 10.598018 7.672987 5.619635 4.245959 3.369438 2.835500 2.524702 2.351662 2.259422 2.212300 2.189205 2.178336 2.173419 2.171279 2.170382 2.170020 2.169878 2.169825 2.169806 2.169799 2.169796 2.169795 2.169794 2.169790 2.169781 2.169756 2.169697 2.169554 2.169224 2.168490 2.166918 2.163682 2.157278 2.145115 2.122980 2.084435 2.020346 1.918837 1.766143 1.548818 1.257484 0.891608 0.463656 0.000000 
50.000000 41.696198 33.809826 26.695447 20.597649 15.629927 11.781246 8.943947 6.952152 5.619635 4.769360 4.251399 3.949894 3.782025 3.692539 3.646822 3.624416 3.613870 3.609100 3.607023 3.606153 3.605801 3.605664 3.605612 3.605594 3.605587 3.605584 3.605583 3.605581 3.605576 3.605562 3.605528 3.605442 3.605235 3.604755 3.603683 3.601374 3.596589 3.587050 3.568778 3.535200 3.476076 3.376526 3.216621 2.972349 2.618926 2.137173 1.522605 0.794577 0.000000 
50.000000 42.080553 34.559194 27.774060 21.958412 17.220500 13.549813 10.843690 8.943947 7.672987 6.861973 6.367917 6.080320 5.920189 5.834826 5.791213 5.769838 5.759777 5.755226 5.753245 5.752414 5.752079 5.751948 5.751899 5.751881 5.751874 5.751872 5.751870 5.751868 5.751861 5.751843 5.751796 5.751680 5.751400 5.750747 5.749282 5.746108 5.739484 5.726172 5.700441 5.652641 5.567421 5.421845 5.184110 4.814110 4.267690 3.506616 2.515036 1.319233 0.000000 
50.000000 42.627998 35.626544 29.310386 23.896656 19.486127 16.069028 13.549813 11.781246 10.598018 9.842968 9.382992 9.115225 8.966131 8.886649 8.846040 8.826135 8.816767 8.812528 8.810683 8.809910 8.809597 8.809476 8.809430 8.809413 8.809407 8.809405 8.809403 8.809400 8.809391 8.809369 8.809310 8.809165 8.808812 8.807987 8.806126 8.802070 8.793545 8.776272 8.742553 8.679181 8.564625 8.365702 8.034514 7.507342 6.708590 5.564280 4.029673 2.130408 0.000000 
50.000000 43.370507 37.074221 31.394174 26.525624 22.559199 19.486127 17.220500 15.629927 14.565757 13.886664 13.472949 13.232105 13.097997 13.026502 12.989972 12.972066 12.963638 12.959825 12.958165 12.957469 12.957188 12.957078 12.957037 12.957022 12.957016 12.957014 12.957012 12.957009 12.956999 12.956973 12.956906 12.956738 12.956330 12.955370 12.953194 12.948425 12.938329 12.917701 12.877019 12.799614 12.657578 12.406391 11.978785 11.279600 10.185772 8.559704 6.289293 3.367790 0.000000 
50.000000 44.328824 38.942672 34.083651 29.918790 26.525624 23.896656 21.958412 20.597649 19.687212 19.106208 18.752241 18.546173 18.431427 18.370250 18.338992 18.323670 18.316457 18.313194 18.311774 18.311178 18.310937 18.310843 18.310808 18.310795 18.310791 18.310789 18.310787 18.310783 18.310773 18.310746 18.310676 18.310500 18.310071 18.309059 18.306752 18.301668 18.290836 18.268517 18.224056 18.138394 17.978723 17.690722 17.188066 16.339851 14.959395 12.805158 9.620779 5.267268 0.000000 
50.000000 45.505058 41.236013 37.384749 34.083651 31.394174 29.310386 27.774060 26.695447 25.973773 25.513220 25.232628 25.069273 24.978308 24.929809 24.905027 24.892880 24.887161 24.884574 24.883448 24.882975 24.882784 24.882710 24.882682 24.882672 24.882668 24.882666 24.882665 24.882661 24.882652 24.882627 24.882563 24.882399 24.882000 24.881057 24.878897 24.874113 24.863858 24.842571 24.799762 24.716289 24.558274 24.267443 23.746106 22.834470 21.278493 18.692374 14.546288 8.298418 0.000000 
50.000000 46.877311 43.911548 41.236013 38.942672 37.074221 35.626544 34.559194 33.809826 33.308434 32.988453 32.793501 32.680002 32.616798 32.583099 32.565880 32.557439 32.553465 32.551667 32.550884 32.550556 32.550423 32.550372 32.550352 32.550345 32.550343 32.550341 32.550340 32.550338 32.550330 32.550311 32.550261 32.550134 32.549824 32.549088 32.547397 32.543639 32.535542 32.518631 32.484355 32.416826 32.287221 32.044158 31.596872 30.784928 29.321893 26.689725 21.955774 13.576137 0.000000 
50.000000 48.398413 46.877311 45.505058 44.328824 43.370507 42.627998 42.080553 41.696198 41.439028 41.274905 41.174910 41.116693 41.084273 41.066987 41.058155 41.053825 41.051786 41.050864 41.050463 41.050294 41.050226 41.050200 41.050190 41.050186 41.050185 41.050184 41.050183 41.050182 41.050178 41.050168 41.050140 41.050071 41.049900 41.049495 41.048564 41.046488 41.042001 41.032593 41.013419 40.975372 40.901621 40.761320 40.497590 40.002717 39.061556 37.206639 33.301173 24.199207 0.000000 
50.000000 50.000000 50.000000 50.000000 50.000000 50.000000 50.000000 50.000000 50.000000 50.000000 50.000000 50.000000 50.000000 50.000000 50.000000 50.000000 50.000000 50.000000 50.000000 50.000000 50.000000 50.000000 50.000000 50.000000 50.000000 50.000000 50.000000 50.000000 50.000000 50.000000 50.000000 50.000000 50.000000 50.000000 50.000000 50.000000 50.000000 50.000000 50.000000 50.000000 50.000000 50.000000 50.000000 50.000000 50.000000 50.000000 50.000000 50.000000 50.000000 50.000000 
