50.000000 50.000000 50.000000 50.000000 50.000000 50.000000 50.000000 50.000000 50.000000 50.000000 50.000000 50.000000 50.000000 50.000000 50.000000 50.000000 50.000000 50.000000 50.000000 50.000000 50.000000 50.000000 50.000000 50.000000 50.000000 50.000000 50.000000 50.000000 50.000000 50.000000 50.000000 50.000000 50.000000 50.000000 50.000000 50.000000 50.000000 50.000000 50.000000 50.000000 50.000000 50.000000 50.000000 50.000000 50.000000 50.000000 50.000000 50.000000 50.000000 50.000000 
50.000000 48.921462 47.879440 46.906743 46.029397 45.264665 44.620407 44.095714 43.682531 43.367841 43.135967 42.970625 42.856488 42.780187 42.730772 42.699755 42.680880 42.669738 42.663356 42.659807 42.657891 42.656885 42.656372 42.656117 42.655992 42.655932 42.655898 42.655869 42.655828 42.655747 42.655583 42.655250 42.654586 42.653293 42.650828 42.646231 42.637838 42.622817 42.596424 42.550809 42.473053 42.341837 42.121485 41.750511 41.117589 40.005826 37.948639 33.813228 24.460731 0.000000 
50.000000 47.879440 45.830676 43.918217 42.193233 40.689665 39.422970 38.391358 37.578990 36.960272 36.504383 36.179303 35.954900 35.804886 35.707731 35.646751 35.609641 35.587736 35.575189 35.568212 35.564444 35.562467 35.561458 35.560956 35.560712 35.560593 35.560527 35.560472 35.560393 35.560242 35.559934 35.559308 35.558063 35.555639 35.551028 35.542447 35.526817 35.498930 35.450124 35.366209 35.224157 34.986738 34.593522 33.945124 32.874356 31.091516 28.080231 22.915338 14.066212 0.000000 
50.000000 46.906743 43.918217 41.128523 38.612301 36.419065 34.571356 33.066566 31.881589 30.979087 30.314101 29.839924 29.512601 29.293786 29.152075 29.063129 29.009001 28.977051 28.958750 28.948574 28.943078 28.940194 28.938723 28.937991 28.937636 28.937462 28.937367 28.937291 28.937183 28.936977 28.936560 28.935714 28.934034 28.930772 28.924580 28.913095 28.892256 28.855250 28.790877 28.681049 28.497010 28.193575 27.700306 26.907931 25.647595 23.660884 20.564262 15.837987 8.958105 0.000000 
50.000000 46.029397 42.193233 38.612301 35.382415 32.567130 30.195383 28.263821 26.742781 25.584336 24.730770 24.122130 23.701990 23.421131 23.239240 23.125075 23.055601 23.014593 22.991105 22.978044 22.970991 22.967289 22.965401 22.964463 22.964006 22.963784 22.963665 22.963572 22.963445 22.963207 22.962724 22.961748 22.959816 22.956073 22.948995 22.935917 22.912305 22.870627 22.798668 22.677050 22.475695 22.148839 21.628241 20.814337 19.565876 17.691207 14.951417 11.101717 6.023571 0.000000 
50.000000 45.264665 40.689665 36.419065 32.567130 29.209660 26.381160 24.077630 22.263691 20.882181 19.864265 19.138441 18.637416 18.302488 18.085584 17.949446 17.866600 17.817701 17.789692 17.774119 17.765708 17.761295 17.759043 17.757925 17.757382 17.757119 17.756979 17.756876 17.756741 17.756491 17.755987 17.754974 17.752972 17.749110 17.741834 17.728453 17.704432 17.662322 17.590222 17.469616 17.272477 16.957562 16.466040 15.717050 14.604830 13.001254 10.771469 7.815309 4.147075 0.000000 
50.000000 44.620407 39.422970 34.571356 30.195383 26.381160 23.167887 20.551015 18.490347 16.920940 15.764590 14.940064 14.370913 13.990450 13.744059 13.589416 13.495311 13.439766 13.407952 13.390263 13.380710 13.375697 13.373140 13.371870 13.371254 13.370957 13.370803 13.370694 13.370559 13.370317 13.369832 13.368861 13.366948 13.363272 13.356376 13.343761 13.321252 13.282080 13.215593 13.105545 12.927949 12.648636 12.220883 11.583943 10.664110 9.381046 7.663426 5.477846 2.869896 0.000000 
50.000000 44.095714 38.391358 33.066566 28.263821 24.077630 20.551015 17.678979 15.417399 13.694992 12.425924 11.521034 10.896418 10.478883 10.208488 10.038781 9.935511 9.874558 9.839647 9.820236 9.809753 9.804253 9.801447 9.800054 9.799379 9.799054 9.798890 9.798780 9.798653 9.798432 9.797996 9.797124 9.795415 9.792143 9.786033 9.774917 9.755207 9.721159 9.663872 9.570029 9.420430 9.188548 8.839490 8.330133 7.611590 6.635579 5.366261 3.797836 1.974229 0.000000 
50.000000 43.682531 37.578990 31.881589 26.742781 22.263691 18.490347 15.417399 12.997629 11.154763 9.796953 8.828798 8.160520 7.713804 7.424516 7.242953 7.132471 7.067261 7.029913 7.009148 6.997934 6.992050 6.989049 6.987559 6.986837 6.986492 6.986320 6.986213 6.986098 6.985908 6.985536 6.984798 6.983357 6.980610 6.975504 6.966266 6.949988 6.922073 6.875504 6.799964 6.680914 6.498815 6.228851 5.841711 5.306130 4.593942 3.688014 2.592252 1.340694 0.000000 
50.000000 43.367841 36.960272 30.979087 25.584336 20.882181 16.920940 13.694992 11.154763 9.220171 7.794793 6.778470 6.076951 5.608021 5.304351 5.113765 4.997793 4.929345 4.890142 4.868346 4.856576 4.850400 4.847250 4.845686 4.844930 4.844570 4.844393 4.844290 4.844190 4.844033 4.843732 4.843139 4.841986 4.839797 4.835748 4.828462 4.815701 4.793973 4.758013 4.700218 4.610086 4.473849 4.274562 3.992992 3.609705 3.108641 2.482077 1.736116 0.894788 0.000000 
50.000000 43.135967 36.504383 30.314101 24.730770 19.864265 15.764590 12.425924 9.796953 7.794793 6.319643 5.267842 4.541841 4.056551 3.742291 3.545060 3.425047 3.354214 3.313647 3.291092 3.278912 3.272522 3.269262 3.267645 3.266863 3.266492 3.266313 3.266214 3.266129 3.266004 3.265772 3.265318 3.264438 3.262775 3.259715 3.254235 3.244696 3.228561 3.202058 3.159821 3.094574 2.996989 2.855895 2.659046 2.394650 2.053720 1.633052 1.138173 0.585157 0.000000 
50.000000 42.970625 36.179303 29.839924 24.122130 19.138441 14.940064 11.521034 8.828798 6.778470 5.267842 4.190753 3.447304 2.950355 2.628548 2.426583 2.303691 2.231160 2.189620 2.166524 2.154053 2.147510 2.144173 2.142517 2.141717 2.141338 2.141158 2.141064 2.140992 2.140896 2.140724 2.140391 2.139749 2.138541 2.136329 2.132386 2.125562 2.114089 2.095376 2.065784 2.020457 1.953294 1.857162 1.724471 1.548219 1.323462 1.049047 0.729179 0.374200 0.000000 
50.000000 42.856488 35.954900 29.512601 23.701990 18.637416 14.370913 10.896418 8.160520 6.076951 4.541841 3.447304 2.691817 2.186825 1.859812 1.654582 1.529704 1.456002 1.413792 1.390324 1.377652 1.371003 1.367612 1.365930 1.365117 1.364734 1.364553 1.364463 1.364402 1.364330 1.364207 1.363972 1.363523 1.362682 1.361148 1.358426 1.353740 1.345908 1.333215 1.313280 1.282979 1.238447 1.175259 1.088834 0.975094 0.831363 0.657351 0.455970 0.233671 0.000000 
50.000000 42.780187 35.804886 29.293786 23.421131 18.302488 13.990450 10.478883 7.713804 5.608021 4.056551 2.950355 2.186825 1.676461 1.345970 1.138560 1.012356 0.937871 0.895213 0.871497 0.858690 0.851972 0.848545 0.846845 0.846024 0.845637 0.845457 0.845370 0.845317 0.845264 0.845179 0.845020 0.844718 0.844155 0.843132 0.841325 0.838230 0.833085 0.824794 0.811855 0.792320 0.763816 0.723676 0.669198 0.598056 0.508826 0.401530 0.278068 0.142348 0.000000 
50.000000 42.730772 35.707731 29.152075 23.239240 18.085584 13.744059 10.208488 7.424516 5.304351 3.742291 2.628548 1.859812 1.345970 1.013230 0.804408 0.677346 0.602356 0.559408 0.535531 0.522638 0.515874 0.512424 0.510713 0.509887 0.509498 0.509318 0.509233 0.509187 0.509147 0.509089 0.508985 0.508790 0.508427 0.507770 0.506615 0.504645 0.501386 0.496162 0.488055 0.475889 0.458250 0.433571 0.400298 0.357131 0.303323 0.238980 0.165285 0.084540 0.000000 
50.000000 42.699755 35.646751 29.063129 23.125075 17.949446 13.589416 10.038781 7.242953 5.113765 3.545060 2.426583 1.654582 1.138560 0.804408 0.594702 0.467102 0.391794 0.348666 0.324688 0.311740 0.304948 0.301483 0.299765 0.298936 0.298546 0.298366 0.298283 0.298241 0.298210 0.298172 0.298106 0.297984 0.297758 0.297351 0.296639 0.295428 0.293435 0.290255 0.285345 0.278016 0.267449 0.252748 0.233040 0.207612 0.176080 0.138549 0.095723 0.048927 0.000000 
50.000000 42.680880 35.609641 29.009001 23.055601 17.866601 13.495311 9.935512 7.132471 4.997793 3.425047 2.303691 1.529705 1.012356 0.677346 0.467102 0.339175 0.263675 0.220436 0.196397 0.183417 0.176607 0.173134 0.171411 0.170580 0.170189 0.170009 0.169928 0.169888 0.169864 0.169838 0.169798 0.169724 0.169588 0.169345 0.168920 0.168201 0.167022 0.165150 0.162272 0.157997 0.151862 0.143369 0.132040 0.117491 0.099528 0.078230 0.054002 0.027587 0.000000 
50.000000 42.669738 35.587736 28.977051 23.014593 17.817701 13.439767 9.874558 7.067262 4.929345 3.354215 2.231160 1.456002 0.937871 0.602356 0.391795 0.263675 0.188061 0.144758 0.120682 0.107683 0.100862 0.097384 0.095659 0.094827 0.094435 0.094256 0.094175 0.094138 0.094117 0.094100 0.094075 0.094032 0.093953 0.093812 0.093567 0.093154 0.092479 0.091412 0.089777 0.087360 0.083905 0.079144 0.072819 0.064729 0.054778 0.043017 0.029674 0.015152 0.000000 
50.000000 42.663356 35.575189 28.958751 22.991106 17.789693 13.407953 9.839648 7.029915 4.890144 3.313648 2.189621 1.413793 0.895215 0.559410 0.348667 0.220438 0.144759 0.101418 0.077322 0.064311 0.057485 0.054004 0.052277 0.051444 0.051053 0.050873 0.050793 0.050757 0.050739 0.050726 0.050711 0.050686 0.050642 0.050563 0.050426 0.050196 0.049822 0.049232 0.048332 0.047006 0.045118 0.042525 0.039094 0.034720 0.029358 0.023037 0.015882 0.008106 0.000000 
50.000000 42.659808 35.568213 28.948575 22.978046 17.774121 13.390266 9.820239 7.009151 4.868349 3.291095 2.166528 1.390328 0.871500 0.535535 0.324692 0.196401 0.120686 0.077324 0.053217 0.040200 0.033371 0.029888 0.028160 0.027327 0.026935 0.026756 0.026676 0.026640 0.026624 0.026614 0.026605 0.026591 0.026567 0.026524 0.026450 0.026326 0.026124 0.025808 0.025327 0.024621 0.023618 0.022246 0.020437 0.018137 0.015324 0.012017 0.008281 0.004225 0.000000 
50.000000 42.657892 35.564447 28.943082 22.970996 17.765715 13.380718 9.809762 6.997943 4.856585 3.278922 2.154063 1.377661 0.858700 0.522648 0.311750 0.183427 0.107692 0.064319 0.040206 0.027186 0.020355 0.016871 0.015143 0.014309 0.013918 0.013739 0.013659 0.013623 0.013608 0.013600 0.013594 0.013586 0.013573 0.013550 0.013511 0.013446 0.013341 0.013177 0.012927 0.012561 0.012044 0.011337 0.010409 0.009231 0.007795 0.006109 0.004208 0.002146 0.000000 
50.000000 42.656889 35.562474 28.940205 22.967303 17.761312 13.375716 9.804273 6.992072 4.850423 3.272545 2.147534 1.371027 0.851996 0.515898 0.304972 0.176631 0.100886 0.057508 0.033391 0.020369 0.013537 0.010053 0.008325 0.007491 0.007100 0.006921 0.006841 0.006806 0.006791 0.006784 0.006779 0.006775 0.006768 0.006756 0.006736 0.006703 0.006650 0.006566 0.006440 0.006255 0.005995 0.005641 0.005176 0.004587 0.003872 0.003033 0.002088 0.001065 0.000000 
50.000000 42.656381 35.561476 28.938749 22.965434 17.759083 13.373185 9.801496 6.989101 4.847304 3.269319 2.144230 1.367670 0.848603 0.512483 0.301542 0.173193 0.097443 0.054062 0.029943 0.016920 0.010088 0.006604 0.004875 0.004041 0.003650 0.003471 0.003391 0.003356 0.003341 0.003335 0.003331 0.003328 0.003325 0.003319 0.003309 0.003292 0.003265 0.003224 0.003161 0.003069 0.002940 0.002765 0.002536 0.002247 0.001895 0.001484 0.001021 0.000521 0.000000 
50.000000 42.656138 35.560998 28.938053 22.964541 17.758018 13.371975 9.800169 6.987681 4.845814 3.267777 2.142651 1.366066 0.846982 0.510851 0.299904 0.171550 0.095797 0.052415 0.028296 0.015272 0.008440 0.004955 0.003227 0.002393 0.002001 0.001822 0.001742 0.001708 0.001693 0.001687 0.001684 0.001682 0.001680 0.001677 0.001671 0.001663 0.001649 0.001628 0.001595 0.001549 0.001483 0.001394 0.001278 0.001132 0.000954 0.000747 0.000514 0.000262 0.000000 
50.000000 42.656042 35.560809 28.937776 22.964186 17.757595 13.371495 9.799642 6.987117 4.845222 3.267164 2.142024 1.365429 0.846339 0.510203 0.299253 0.170897 0.095144 0.051761 0.027641 0.014618 0.007785 0.004300 0.002572 0.001738 0.001347 0.001167 0.001088 0.001053 0.001038 0.001032 0.001029 0.001028 0.001026 0.001024 0.001021 0.001016 0.001007 0.000994 0.000974 0.000945 0.000905 0.000850 0.000779 0.000690 0.000581 0.000455 0.000313 0.000159 0.000000 
50.000000 42.656042 35.560809 28.937776 22.964186 17.757595 13.371495 9.799642 6.987117 4.845222 3.267164 2.142024 1.365429 0.846339 0.510203 0.299253 0.170897 0.095144 0.051761 0.027641 0.014618 0.007785 0.004300 0.002572 0.001738 0.001347 0.001167 0.001088 0.001053 0.001038 0.001032 0.001029 0.001028 0.001026 0.001024 0.001021 0.001016 0.001007 0.000994 0.000974 0.000945 0.000905 0.000850 0.000779 0.000690 0.000581 0.000455 0.000313 0.000159 0.000000 
50.000000 42.656138 35.560998 28.938053 22.964541 17.758018 13.371975 9.800169 6.987681 4.845814 3.267777 2.142651 1.366066 0.846982 0.510851 0.299904 0.171550 0.095797 0.052415 0.028296 0.015272 0.008440 0.004955 0.003227 0.002393 0.002001 0.001822 0.001742 0.001708 0.001693 0.001687 0.001684 0.001682 0.001680 0.001677 0.001671 0.001663 0.001649 0.001628 0.001595 0.001549 0.001483 0.001394 0.001278 0.001132 0.000954 0.000747 0.000514 0.000262 0.000000 
50.000000 42.656381 35.561476 28.938749 22.965434 17.759083 13.373185 9.801496 6.989101 4.847304 3.269319 2.144230 1.367670 0.848603 0.512483 0.301542 0.173193 0.097443 0.054062 0.029943 0.016920 0.010088 0.006604 0.004875 0.004041 0.003650 0.003471 0.003391 0.003356 0.003341 0.003335 0.003331 0.003328 0.003325 0.003319 0.003309 0.003292 0.003265 0.003224 0.003161 0.003069 0.002940 0.002765 0.002536 0.002247 0.001895 0.001484 0.001021 0.000521 0.000000 
50.000000 42.656889 35.562474 28.940205 22.967303 17.761312 13.375716 9.804273 6.992072 4.850423 3.272545 2.147534 1.371027 0.851996 0.515898 0.304972 0.176631 0.100886 0.057508 0.033391 0.020369 0.013537 0.010053 0.008325 0.007491 0.007100 0.006921 0.006841 0.006806 0.006791 0.006784 0.006779 0.006775 0.006768 0.006756 0.006736 0.006703 0.006650 0.006566 0.006440 0.006255 0.005995 0.005641 0.005176 0.004587 0.003872 0.003033 0.002088 0.001065 0.000000 
50.000000 42.657892 35.564447 28.943082 22.970996 17.765715 13.380718 9.809762 6.997943 4.856585 3.278922 2.154063 1.377661 0.858700 0.522648 0.311750 0.183427 0.107692 0.064319 0.040206 0.027186 0.020355 0.016871 0.015143 0.014309 0.013918 0.013739 0.013659 0.013623 0.013608 0.013600 0.013594 0.013586 0.013573 0.013550 0.013511 0.013446 0.013341 0.013177 0.012927 0.012561 0.012044 0.011337 0.010409 0.009231 0.007795 0.006109 0.004208 0.002146 0.000000 
50.000000 42.659808 35.568213 28.948575 22.978046 17.774121 13.390266 9.820239 7.009151 4.868349 3.291095 2.166528 1.390328 0.871500 0.535535 0.324692 0.196401 0.120686 0.077324 0.053217 0.040200 0.033371 0.029888 0.028160 0.027327 0.026935 0.026756 0.026676 0.026640 0.026624 0.026614 0.026605 0.026591 0.026567 0.026524 0.026450 0.026326 0.026124 0.025808 0.025327 0.024621 0.023618 0.022246 0.020437 0.018137 0.015324 0.012017 0.008281 0.004225 0.000000 
50.000000 42.663356 35.575189 28.958751 22.991106 17.789693 13.407953 9.839648 7.029915 4.890144 3.313648 2.189621 1.413793 0.895215 0.559410 0.348667 0.220438 0.144759 0.101418 0.077322 0.064311 0.057485 0.054004 0.052277 0.051444 0.051053 0.050873 0.050793 0.050757 0.050739 0.050726 0.050711 0.050686 0.050642 0.050563 0.050426 0.050196 0.049822 0.049232 0.048332 0.047006 0.045118 0.042525 0.039094 0.034720 0.029358 0.023037 0.015882 0.008106 0.000000 
50.000000 42.669738 35.587736 28.977051 23.014593 17.817701 13.439767 9.874558 7.067262 4.929345 3.354215 2.231160 1.456002 0.937871 0.602356 0.391795 0.263675 0.188061 0.144758 0.120682 0.107683 0.100862 0.097384 0.095659 0.094827 0.094435 0.094256 0.094175 0.094138 0.094117 0.094100 0.094075 0.094032 0.093953 0.093812 0.093567 0.093154 0.092479 0.091412 0.089777 0.087360 0.083905 0.079144 0.072819 0.064729 0.054778 0.043017 0.029674 0.015152 0.000000 
50.000000 42.680880 35.609641 29.009001 23.055601 17.866601 13.495311 9.935512 7.132471 4.997793 3.425047 2.303691 1.529705 1.012356 0.677346 0.467102 0.339175 0.263675 0.220436 0.196397 0.183417 0.176607 0.173134 0.171411 0.170580 0.170189 0.170009 0.169928 0.169888 0.169864 0.169838 0.169798 0.169724 0.169588 0.169345 0.168920 0.168201 0.167022 0.165150 0.162272 0.157997 0.151862 0.143369 0.132040 0.117491 0.099528 0.078230 0.054002 0.027587 0.000000 
50.000000 42.699755 35.646751 29.063129 23.125075 17.949446 13.589416 10.038781 7.242953 5.113765 3.545060 2.426583 1.654582 1.138560 0.804408 0.594702 0.467102 0.391794 0.348666 0.324688 0.311740 0.304948 0.301483 0.299765 0.298936 0.298546 0.298366 0.298283 0.298241 0.298210 0.298172 0.298106 0.297984 0.297758 0.297351 0.296639 0.295428 0.293435 0.290255 0.285345 0.278016 0.267449 0.252748 0.233040 0.207612 0.176080 0.138549 0.095723 0.048927 0.000000 
50.000000 42.730772 35.707731 29.152075 23.239240 18.085584 13.744059 10.208488 7.424516 5.304351 3.742291 2.628548 1.859812 1.345970 1.013230 0.804408 0.677346 0.602356 0.559408 0.535531 0.522638 0.515874 0.512424 0.510713 0.509887 0.509498 0.509318 0.509233 0.509187 0.509147 0.509089 0.508985 0.508790 0.508427 0.507770 0.506615 0.504645 0.501386 0.496162 0.488055 0.475889 0.458250 0.433571 0.400298 0.357131 0.303323 0.238980 0.165285 0.084540 0.000000 
50.000000 42.780187 35.804886 29.293786 23.421131 18.302488 13.990450 10.478883 7.713804 5.608021 4.056551 2.950355 2.186825 1.676461 1.345970 1.138560 1.012356 0.937871 0.895213 0.871497 0.858690 0.851972 0.848545 0.846845 0.846024 0.845637 0.845457 0.845370 0.845317 0.845264 0.845179 0.845020 0.844718 0.844155 0.843132 0.841325 0.838230 0.833085 0.824794 0.811855 0.792320 0.763816 0.723676 0.669198 0.598056 0.508826 0.401530 0.278068 0.142348 0.000000 
50.000000 42.856488 35.954900 29.512601 23.701990 18.637416 14.370913 10.896418 8.160520 6.076951 4.541841 3.447304 2.691817 2.186825 1.859812 1.654582 1.529704 1.456002 1.413792 1.390324 1.377652 1.371003 1.367612 1.365930 1.365117 1.364734 1.364553 1.364463 1.364402 1.364330 1.364207 1.363972 1.363523 1.362682 1.361148 1.358426 1.353740 1.345908 1.333215 1.313280 1.282979 1.238447 1.175259 1.088834 0.975094 0.831363 0.657351 0.455970 0.233671 0.000000 
50.000000 42.970625 36.179303 29.839924 24.122130 19.138441 14.940064 11.521034 8.828798 6.778470 5.267842 4.190753 3.447304 2.950355 2.628548 2.426583 2.303691 2.231160 2.189620 2.166524 2.154053 2.147510 2.144173 2.142517 2.141717 2.141338 2.141158 2.141064 2.140992 2.140896 2.140724 2.140391 2.139749 2.138541 2.136329 2.132386 2.125562 2.114089 2.095376 2.065784 2.020457 1.953294 1.857162 1.724471 1.548219 1.323462 1.049047 0.729179 0.374200 0.000000 
50.000000 43.135967 36.504383 30.314101 24.730770 19.864265 15.764590 12.425924 9.796953 7.794793 6.319643 5.267842 4.541841 4.056551 3.742291 3.545060 3.425047 3.354214 3.313647 3.291092 3.278912 3.272522 3.269262 3.267645 3.266863 3.266492 3.266313 3.266214 3.266129 3.266004 3.265772 3.265318 3.264438 3.262775 3.259715 3.254235 3.244696 3.228561 3.202058 3.159821 3.094574 2.996989 2.855895 2.659046 2.394650 2.053720 1.633052 1.138173 0.585157 0.000000 
50.000000 43.367841 36.960272 30.979087 25.584336 20.882181 16.920940 13.694992 11.154763 9.220171 7.794793 6.778470 6.076951 5.608021 5.304351 5.113765 4.997793 4.929345 4.890142 4.868346 4.856576 4.850400 4.847250 4.845686 4.844930 4.844570 4.844393 4.844290 4.844190 4.844033 4.843732 4.843139 4.841986 4.839797 4.835748 4.828462 4.815701 4.793973 4.758013 4.700218 4.610086 4.473849 4.274562 3.992992 3.609705 3.108641 2.482077 1.736116 0.894788 0.000000 
50.000000 43.682531 37.578990 31.881589 26.742781 22.263691 18.490347 15.417399 12.997629 11.154763 9.796953 8.828798 8.160520 7.713804 7.424516 7.242953 7.132471 7.067261 7.029913 7.009148 6.997934 6.992050 6.989049 6.987559 6.986837 6.986492 6.986320 6.986213 6.986098 6.985908 6.985536 6.984798 6.983357 6.980610 6.975504 6.966266 6.949988 6.922073 6.875504 6.799964 6.680914 6.498815 6.228851 5.841711 5.306130 4.593942 3.688014 2.592252 1.340694 0.000000 
50.000000 44.095714 38.391358 33.066566 28.263821 24.077630 20.551015 17.678979 15.417399 13.694992 12.425924 11.521034 10.896418 10.478883 10.208488 10.038781 9.935511 9.874558 9.839647 9.820236 9.809753 9.804253 9.801447 9.800054 9.799379 9.799054 9.798890 9.798780 9.798653 9.798432 9.797996 9.797124 9.795415 9.792143 9.786033 9.774917 9.755207 9.721159 9.663872 9.570029 9.420430 9.188548 8.839490 8.330133 7.611590 6.635579 5.366261 3.797836 1.974229 0.000000 
50.000000 44.620407 39.422970 34.571356 30.195383 26.381160 23.167887 20.551015 18.490347 16.920940 15.764590 14.940064 14.370913 13.990450 13.744059 13.589416 13.495311 13.439766 13.407952 13.390263 13.380710 13.375697 13.373140 13.371870 13.371254 13.370957 13.370803 13.370694 13.370559 13.370317 13.369832 13.368861 13.366948 13.363272 13.356376 13.343761 13.321252 13.282080 13.215593 13.105545 12.927949 12.648636 12.220883 11.583943 10.664110 9.381046 7.663426 5.477846 2.869896 0.000000 
50.000000 45.264665 40.689665 36.419065 32.567130 29.209660 26.381160 24.077630 22.263691 20.882181 19.864265 19.138441 18.637416 18.302488 18.085584 17.949446 17.866600 17.817701 17.789692 17.774119 17.765708 17.761295 17.759043 17.757925 17.757382 17.757119 17.756979 17.756876 17.756741 17.756491 17.755987 17.754974 17.752972 17.749110 17.741834 17.728453 17.704432 17.662322 17.590222 17.469616 17.272477 16.957562 16.466040 15.717050 14.604830 13.001254 10.771469 7.815309 4.147075 0.000000 
50.000000 46.029397 42.193233 38.612301 35.382415 32.567130 30.195383 28.263821 26.742781 25.584336 24.730770 24.122130 23.701990 23.421131 23.239240 23.125075 23.055601 23.014593 22.991105 22.978044 22.970991 22.967289 22.965401 22.964463 22.964006 22.963784 22.963665 22.963572 22.963445 22.963207 22.962724 22.961748 22.959816 22.956073 22.948995 22.935917 22.912305 22.870627 22.798668 22.677050 22.475695 22.148839 21.628241 20.814337 19.565876 17.691207 14.951417 11.101717 6.023571 0.000000 
50.000000 46.906743 43.918217 41.128523 38.612301 36.419065 34.571356 33.066566 31.881589 30.979087 30.314101 29.839924 29.512601 29.293786 29.152075 29.063129 29.009001 28.977051 28.958750 28.948574 28.943078 28.940194 28.938723 28.937991 28.937636 28.937462 28.937367 28.937291 28.937183 28.936977 28.936560 28.935714 28.934034 28.930772 28.924580 28.913095 28.892256 28.855250 28.790877 28.681049 28.497010 28.193575 27.700306 26.907931 25.647595 23.660884 20.564262 15.837987 8.958105 0.000000 
50.000000 47.879440 45.830676 43.918217 42.193233 40.689665 39.422970 38.391358 37.578990 36.960272 36.504383 36.179303 35.954900 35.804886 35.707731 35.646751 35.609641 35.587736 35.575189 35.568212 35.564444 35.562467 35.561458 35.560956 35.560712 35.560593 35.560527 35.560472 35.560393 35.560242 35.559934 35.559308 35.558063 35.555639 35.551028 35.542447 35.526817 35.498930 35.450124 35.366209 35.224157 34.986738 34.593522 33.945124 32.874356 31.091516 28.080231 22.915338 14.066212 0.000000 
50.000000 48.921462 47.879440 46.906743 46.029397 45.264665 44.620407 44.095714 43.682531 43.367841 43.135967 42.970625 42.856488 42.780187 42.730772 42.699755 42.680880 42.669738 42.663356 42.659807 42.657891 42.656885 42.656372 42.656117 42.655992 42.655932 42.655898 42.655869 42.655828 42.655747 42.655583 42.655250 42.654586 42.653293 42.650828 42.646231 42.637838 42.622817 42.596424 42.550809 42.473053 42.341837 42.121485 41.750511 41.117589 40.005826 37.948639 33.813228 24.460731 0.000000 
50.000000 50.000000 50.000000 50.000000 50.000000 50.000000 50.000000 50.000000 50.000000 50.000000 50.000000 50.000000 50.000000 50.000000 50.000000 50.000000 50.000000 50.000000 50.000000 50.000000 50.000000 50.000000 50.000000 50.000000 50.000000 50.000000 50.000000 50.000000 50.000000 50.000000 50.000000 50.000000 50.000000 50.000000 50.000000 50.000000 50.000000 50.000000 50.000000 50.000000 50.000000 50.000000 50.000000 50.000000 50.000000 50.000000 50.000000 50.000000 50.000000 50.000000 
