50.000000 50.000000 50.000000 50.000000 50.000000 50.000000 50.000000 50.000000 50.000000 50.000000 50.000000 50.000000 50.000000 50.000000 50.000000 50.000000 50.000000 50.000000 50.000000 50.000000 50.000000 50.000000 50.000000 50.000000 50.000000 50.000000 50.000000 50.000000 50.000000 50.000000 50.000000 50.000000 50.000000 50.000000 50.000000 50.000000 50.000000 50.000000 50.000000 50.000000 50.000000 50.000000 50.000000 50.000000 50.000000 50.000000 50.000000 50.000000 50.000000 50.000000 
50.000000 48.383779 46.849519 45.466727 44.283156 43.320685 42.576700 42.029683 41.646847 41.391607 41.229356 41.130925 41.073882 41.042272 41.025507 41.016986 41.012833 41.010890 41.010016 41.009638 41.009481 41.009417 41.009393 41.009384 41.009380 41.009379 41.009379 41.009378 41.009377 41.009373 41.009363 41.009338 41.009272 41.009111 41.008725 41.007834 41.005835 41.001495 40.992348 40.973627 40.936323 40.863738 40.725183 40.463943 39.972451 39.035659 37.186109 33.286908 24.191890 0.000000 
50.000000 46.849519 43.858806 41.163355 38.856252 36.980145 35.529931 34.463667 33.717439 33.219926 32.903670 32.711813 32.600630 32.539020 32.506342 32.489735 32.481641 32.477854 32.476150 32.475414 32.475107 32.474983 32.474936 32.474918 32.474911 32.474909 32.474908 32.474907 32.474905 32.474898 32.474880 32.474833 32.474714 32.474420 32.473720 32.472103 32.468488 32.460660 32.444235 32.410794 32.344638 32.217189 31.977352 31.534669 30.728977 29.274018 26.651771 21.929403 13.562610 0.000000 
50.000000 45.466727 41.163355 37.284857 33.965176 31.265676 29.179009 27.644815 26.571118 25.855295 25.400271 25.124236 24.964274 24.875636 24.828624 24.804734 24.793089 24.787641 24.785191 24.784131 24.783689 24.783512 24.783444 24.783418 24.783409 24.783405 24.783404 24.783402 24.783399 24.783391 24.783368 24.783307 24.783154 24.782777 24.781880 24.779817 24.775222 24.765321 24.744672 24.702962 24.621296 24.466117 24.179532 23.664251 22.760841 21.215491 18.642428 14.511584 8.280617 0.000000 
50.000000 44.283156 38.856252 33.965176 29.778845 26.374639 23.743282 21.808642 20.454721 19.552093 18.978337 18.630283 18.428592 18.316834 18.257561 18.227441 18.212761 18.205892 18.202804 18.201468 18.200911 18.200688 18.200601 18.200569 18.200557 18.200553 18.200551 18.200550 18.200546 18.200537 18.200512 18.200447 18.200282 18.199877 18.198917 18.196717 18.191843 18.181404 18.159794 18.116552 18.032896 17.876373 17.593087 17.097156 16.258076 14.889423 12.749685 9.582235 5.247496 0.000000 
50.000000 43.320685 36.980145 31.265676 26.374639 22.397435 19.323213 17.063008 15.481280 14.426802 13.756541 13.349955 13.114353 12.983809 12.914575 12.879394 12.862249 12.854226 12.850619 12.849059 12.848409 12.848148 12.848047 12.848009 12.847996 12.847991 12.847989 12.847987 12.847984 12.847975 12.847951 12.847889 12.847732 12.847347 12.846440 12.844369 12.839806 12.830100 12.810171 12.770695 12.695273 12.556350 12.309825 11.888869 11.198717 10.116563 8.504835 6.251168 3.348234 0.000000 
50.000000 42.576700 35.529931 29.179009 23.743282 19.323213 15.906728 13.394934 11.637177 10.465376 9.720560 9.268762 9.006969 8.861918 8.784993 8.745906 8.726857 8.717944 8.713937 8.712204 8.711482 8.711192 8.711080 8.711038 8.711023 8.711017 8.711015 8.711014 8.711011 8.711003 8.710982 8.710928 8.710792 8.710462 8.709683 8.707917 8.704047 8.695873 8.679232 8.646600 8.585016 8.473269 8.278552 7.953364 7.434344 6.646126 5.514759 3.995262 2.112757 0.000000 
50.000000 42.029683 34.463667 27.644815 21.808642 17.063008 13.394934 10.698220 8.811096 7.553081 6.753487 6.268474 5.987443 5.831738 5.749166 5.707210 5.686765 5.677199 5.672898 5.671038 5.670263 5.669952 5.669832 5.669787 5.669771 5.669765 5.669763 5.669761 5.669759 5.669753 5.669736 5.669693 5.669585 5.669323 5.668709 5.667323 5.664304 5.657972 5.645187 5.620362 5.574054 5.491177 5.349110 5.116382 4.753183 4.215555 3.465283 2.486315 1.304500 0.000000 
50.000000 41.646847 33.717439 26.571118 20.454721 15.481280 11.637177 8.811096 6.833478 5.515164 4.677264 4.169028 3.874549 3.711398 3.624879 3.580920 3.559498 3.549476 3.544971 3.543022 3.542210 3.541885 3.541759 3.541711 3.541694 3.541688 3.541686 3.541685 3.541683 3.541678 3.541666 3.541634 3.541554 3.541361 3.540912 3.539901 3.537714 3.533156 3.524025 3.506459 3.474040 3.416739 3.319919 3.163909 2.924930 2.578348 2.105002 1.500250 0.783110 0.000000 
50.000000 41.391607 33.219926 25.855295 19.552093 14.426802 10.465376 7.553081 5.515164 4.156679 3.293262 2.769560 2.466126 2.298018 2.208873 2.163580 2.141510 2.131184 2.126542 2.124535 2.123699 2.123363 2.123233 2.123185 2.123167 2.123161 2.123159 2.123158 2.123156 2.123153 2.123145 2.123123 2.123067 2.122935 2.122626 2.121937 2.120454 2.117383 2.111277 2.099629 2.078339 2.041124 1.979027 1.880360 1.731529 1.519197 1.233999 0.875288 0.455285 0.000000 
50.000000 41.229356 32.903670 25.400271 18.978337 13.756541 9.720560 6.753487 4.677264 3.293262 2.413641 1.880119 1.571001 1.399747 1.308936 1.262797 1.240315 1.229798 1.225069 1.223024 1.222173 1.221831 1.221699 1.221649 1.221631 1.221625 1.221623 1.221622 1.221621 1.221619 1.221613 1.221599 1.221563 1.221477 1.221279 1.220837 1.219891 1.217944 1.214099 1.206820 1.193633 1.170805 1.133124 1.073961 0.985846 0.861785 0.697309 0.492877 0.255730 0.000000 
50.000000 41.130925 32.711813 25.124236 18.630283 13.349955 9.268762 6.268474 4.169028 2.769560 1.880119 1.340648 1.028087 0.854928 0.763108 0.716458 0.693726 0.683092 0.678312 0.676244 0.675383 0.675038 0.674904 0.674854 0.674836 0.674830 0.674828 0.674827 0.674826 0.674825 0.674821 0.674812 0.674791 0.674738 0.674617 0.674350 0.673780 0.672613 0.670324 0.666020 0.658283 0.645003 0.623287 0.589531 0.539784 0.470490 0.379564 0.267578 0.138577 0.000000 
50.000000 41.073882 32.600630 24.964274 18.428592 13.114353 9.006969 5.987443 3.874549 2.466126 1.571001 1.028087 0.713534 0.539273 0.446870 0.399924 0.377048 0.366347 0.361537 0.359456 0.358590 0.358242 0.358108 0.358057 0.358039 0.358033 0.358031 0.358030 0.358029 0.358029 0.358027 0.358021 0.358009 0.357978 0.357909 0.357755 0.357430 0.356767 0.355474 0.353057 0.348743 0.341393 0.329471 0.311096 0.284253 0.247188 0.198953 0.139969 0.072388 0.000000 
50.000000 41.042272 32.539020 24.875636 18.316834 12.983809 8.861918 5.831738 3.711398 2.298018 1.399747 0.854928 0.539273 0.364403 0.271677 0.224567 0.201613 0.190874 0.186047 0.183959 0.183090 0.182741 0.182606 0.182556 0.182537 0.182531 0.182529 0.182528 0.182528 0.182527 0.182526 0.182523 0.182516 0.182500 0.182462 0.182378 0.182201 0.181843 0.181148 0.179856 0.177564 0.173684 0.167434 0.157871 0.144003 0.124991 0.100414 0.070532 0.036437 0.000000 
50.000000 41.025507 32.506342 24.828624 18.257561 12.914575 8.784993 5.749166 3.624879 2.208873 1.308936 0.763108 0.446870 0.271677 0.178780 0.131584 0.108587 0.097830 0.092993 0.090902 0.090031 0.089682 0.089546 0.089496 0.089478 0.089471 0.089469 0.089468 0.089468 0.089468 0.089467 0.089466 0.089462 0.089453 0.089433 0.089390 0.089299 0.089114 0.088758 0.088099 0.086935 0.084978 0.081843 0.077076 0.070206 0.060844 0.048807 0.034239 0.017673 0.000000 
50.000000 41.016986 32.489735 24.804734 18.227441 12.879394 8.745906 5.707210 3.580920 2.163580 1.262797 0.716458 0.399924 0.224567 0.131584 0.084345 0.061327 0.050559 0.045718 0.043625 0.042753 0.042403 0.042268 0.042217 0.042199 0.042193 0.042191 0.042190 0.042190 0.042189 0.042189 0.042188 0.042186 0.042182 0.042172 0.042151 0.042106 0.042015 0.041840 0.041519 0.040954 0.040008 0.038501 0.036222 0.032955 0.028524 0.022853 0.016015 0.008261 0.000000 
50.000000 41.012833 32.481641 24.793089 18.212761 12.862249 8.726857 5.686765 3.559498 2.141510 1.240315 0.693726 0.377048 0.201613 0.108587 0.061327 0.038298 0.027526 0.022683 0.020588 0.019716 0.019367 0.019231 0.019180 0.019162 0.019156 0.019154 0.019153 0.019153 0.019153 0.019152 0.019152 0.019151 0.019149 0.019144 0.019134 0.019113 0.019070 0.018988 0.018838 0.018575 0.018137 0.017442 0.016395 0.014901 0.012884 0.010312 0.007221 0.003722 0.000000 
50.000000 41.010890 32.477854 24.787641 18.205892 12.854226 8.717944 5.677199 3.549476 2.131184 1.229798 0.683092 0.366347 0.190874 0.097830 0.050559 0.027526 0.016751 0.011907 0.009812 0.008940 0.008590 0.008455 0.008404 0.008386 0.008379 0.008377 0.008376 0.008376 0.008376 0.008376 0.008376 0.008375 0.008374 0.008372 0.008368 0.008358 0.008339 0.008302 0.008235 0.008117 0.007922 0.007614 0.007152 0.006495 0.005611 0.004487 0.003140 0.001618 0.000000 
50.000000 41.010016 32.476150 24.785191 18.202804 12.850619 8.713937 5.672898 3.544971 2.126542 1.225069 0.678312 0.361537 0.186047 0.092993 0.045718 0.022683 0.011907 0.007063 0.004968 0.004095 0.003745 0.003610 0.003559 0.003541 0.003535 0.003532 0.003532 0.003532 0.003531 0.003531 0.003531 0.003531 0.003531 0.003530 0.003528 0.003524 0.003515 0.003499 0.003470 0.003420 0.003336 0.003205 0.003009 0.002730 0.002357 0.001883 0.001317 0.000678 0.000000 
50.000000 41.009638 32.475414 24.784131 18.201468 12.849059 8.712204 5.671038 3.543022 2.124535 1.223024 0.676244 0.359456 0.183959 0.090902 0.043625 0.020588 0.009812 0.004968 0.002873 0.002000 0.001650 0.001515 0.001464 0.001446 0.001440 0.001437 0.001437 0.001436 0.001436 0.001436 0.001436 0.001436 0.001436 0.001436 0.001435 0.001433 0.001430 0.001423 0.001411 0.001390 0.001356 0.001302 0.001221 0.001108 0.000956 0.000763 0.000533 0.000275 0.000000 
50.000000 41.009481 32.475107 24.783689 18.200911 12.848409 8.711482 5.670263 3.542210 2.123699 1.222173 0.675383 0.358590 0.183090 0.090031 0.042753 0.019716 0.008940 0.004095 0.002000 0.001128 0.000778 0.000643 0.000592 0.000574 0.000567 0.000565 0.000564 0.000564 0.000564 0.000564 0.000564 0.000564 0.000564 0.000564 0.000563 0.000563 0.000561 0.000559 0.000554 0.000546 0.000532 0.000511 0.000479 0.000434 0.000374 0.000299 0.000209 0.000107 0.000000 
50.000000 41.009417 32.474983 24.783512 18.200688 12.848148 8.711192 5.669952 3.541885 2.123363 1.221831 0.675038 0.358242 0.182741 0.089682 0.042403 0.019367 0.008590 0.003746 0.001650 0.000778 0.000428 0.000293 0.000242 0.000224 0.000217 0.000215 0.000214 0.000214 0.000214 0.000214 0.000214 0.000214 0.000214 0.000214 0.000214 0.000214 0.000213 0.000212 0.000210 0.000207 0.000202 0.000194 0.000181 0.000164 0.000142 0.000113 0.000079 0.000041 0.000000 
50.000000 41.009393 32.474936 24.783444 18.200602 12.848047 8.711080 5.669832 3.541759 2.123234 1.221699 0.674905 0.358108 0.182606 0.089547 0.042268 0.019231 0.008455 0.003610 0.001515 0.000643 0.000293 0.000157 0.000107 0.000088 0.000082 0.000080 0.000079 0.000079 0.000079 0.000079 0.000079 0.000079 0.000079 0.000079 0.000079 0.000079 0.000078 0.000078 0.000077 0.000076 0.000074 0.000071 0.000067 0.000060 0.000052 0.000042 0.000029 0.000015 0.000000 
50.000000 41.009384 32.474918 24.783418 18.200570 12.848010 8.711039 5.669788 3.541712 2.123186 1.221650 0.674855 0.358058 0.182557 0.089497 0.042218 0.019181 0.008405 0.003560 0.001465 0.000593 0.000243 0.000107 0.000057 0.000038 0.000032 0.000030 0.000029 0.000029 0.000029 0.000029 0.000029 0.000029 0.000029 0.000029 0.000029 0.000029 0.000029 0.000029 0.000028 0.000028 0.000027 0.000026 0.000024 0.000022 0.000019 0.000015 0.000011 0.000005 0.000000 
50.000000 41.009381 32.474913 24.783410 18.200559 12.847998 8.711026 5.669773 3.541697 2.123170 1.221635 0.674839 0.358042 0.182541 0.089481 0.042202 0.019165 0.008389 0.003544 0.001449 0.000577 0.000227 0.000091 0.000041 0.000022 0.000016 0.000014 0.000013 0.000013 0.000013 0.000013 0.000013 0.000013 0.000013 0.000013 0.000013 0.000013 0.000013 0.000013 0.000013 0.000012 0.000012 0.000012 0.000011 0.000010 0.000008 0.000007 0.000005 0.000002 0.000000 
50.000000 41.009381 32.474913 24.783410 18.200559 12.847998 8.711026 5.669773 3.541697 2.123170 1.221635 0.674839 0.358042 0.182541 0.089481 0.042202 0.019165 0.008389 0.003544 0.001449 0.000577 0.000227 0.000091 0.000041 0.000022 0.000016 0.000014 0.000013 0.000013 0.000013 0.000013 0.000013 0.000013 0.000013 0.000013 0.000013 0.000013 0.000013 0.000013 0.000013 0.000012 0.000012 0.000012 0.000011 0.000010 0.000008 0.000007 0.000005 0.000002 0.000000 
50.000000 41.009384 32.474918 24.783418 18.200570 12.848010 8.711039 5.669788 3.541712 2.123186 1.221650 0.674855 0.358058 0.182557 0.089497 0.042218 0.019181 0.008405 0.003560 0.001465 0.000593 0.000243 0.000107 0.000057 0.000038 0.000032 0.000030 0.000029 0.000029 0.000029 0.000029 0.000029 0.000029 0.000029 0.000029 0.000029 0.000029 0.000029 0.000029 0.000028 0.000028 0.000027 0.000026 0.000024 0.000022 0.000019 0.000015 0.000011 0.000005 0.000000 
50.000000 41.009393 32.474936 24.783444 18.200602 12.848047 8.711080 5.669832 3.541759 2.123234 1.221699 0.674905 0.358108 0.182606 0.089547 0.042268 0.019231 0.008455 0.003610 0.001515 0.000643 0.000293 0.000157 0.000107 0.000088 0.000082 0.000080 0.000079 0.000079 0.000079 0.000079 0.000079 0.000079 0.000079 0.000079 0.000079 0.000079 0.000078 0.000078 0.000077 0.000076 0.000074 0.000071 0.000067 0.000060 0.000052 0.000042 0.000029 0.000015 0.000000 
50.000000 41.009417 32.474983 24.783512 18.200688 12.848148 8.711192 5.669952 3.541885 2.123363 1.221831 0.675038 0.358242 0.182741 0.089682 0.042403 0.019367 0.008590 0.003746 0.001650 0.000778 0.000428 0.000293 0.000242 0.000224 0.000217 0.000215 0.000214 0.000214 0.000214 0.000214 0.000214 0.000214 0.000214 0.000214 0.000214 0.000214 0.000213 0.000212 0.000210 0.000207 0.000202 0.000194 0.000181 0.000164 0.000142 0.000113 0.000079 0.000041 0.000000 
50.000000 41.009481 32.475107 24.783689 18.200911 12.848409 8.711482 5.670263 3.542210 2.123699 1.222173 0.675383 0.358590 0.183090 0.090031 0.042753 0.019716 0.008940 0.004095 0.002000 0.001128 0.000778 0.000643 0.000592 0.000574 0.000567 0.000565 0.000564 0.000564 0.000564 0.000564 0.000564 0.000564 0.000564 0.000564 0.000563 0.000563 0.000561 0.000559 0.000554 0.000546 0.000532 0.000511 0.000479 0.000434 0.000374 0.000299 0.000209 0.000107 0.000000 
50.000000 41.009638 32.475414 24.784131 18.201468 12.849059 8.712204 5.671038 3.543022 2.124535 1.223024 0.676244 0.359456 0.183959 0.090902 0.043625 0.020588 0.009812 0.004968 0.002873 0.002000 0.001650 0.001515 0.001464 0.001446 0.001440 0.001437 0.001437 0.001436 0.001436 0.001436 0.001436 0.001436 0.001436 0.001436 0.001435 0.001433 0.001430 0.001423 0.001411 0.001390 0.001356 0.001302 0.001221 0.001108 0.000956 0.000763 0.000533 0.000275 0.000000 
50.000000 41.010016 32.476150 24.785191 18.202804 12.850619 8.713937 5.672898 3.544971 2.126542 1.225069 0.678312 0.361537 0.186047 0.092993 0.045718 0.022683 0.011907 0.007063 0.004968 0.004095 0.003745 0.003610 0.003559 0.003541 0.003535 0.003532 0.003532 0.003532 0.003531 0.003531 0.003531 0.003531 0.003531 0.003530 0.003528 0.003524 0.003515 0.003499 0.003470 0.003420 0.003336 0.003205 0.003009 0.002730 0.002357 0.001883 0.001317 0.000678 0.000000 
50.000000 41.010890 32.477854 24.787641 18.205892 12.854226 8.717944 5.677199 3.549476 2.131184 1.229798 0.683092 0.366347 0.190874 0.097830 0.050559 0.027526 0.016751 0.011907 0.009812 0.008940 0.008590 0.008455 0.008404 0.008386 0.008379 0.008377 0.008376 0.008376 0.008376 0.008376 0.008376 0.008375 0.008374 0.008372 0.008368 0.008358 0.008339 0.008302 0.008235 0.008117 0.007922 0.007614 0.007152 0.006495 0.005611 0.004487 0.003140 0.001618 0.000000 
50.000000 41.012833 32.481641 24.793089 18.212761 12.862249 8.726857 5.686765 3.559498 2.141510 1.240315 0.693726 0.377048 0.201613 0.108587 0.061327 0.038298 0.027526 0.022683 0.020588 0.019716 0.019367 0.019231 0.019180 0.019162 0.019156 0.019154 0.019153 0.019153 0.019153 0.019152 0.019152 0.019151 0.019149 0.019144 0.019134 0.019113 0.019070 0.018988 0.018838 0.018575 0.018137 0.017442 0.016395 0.014901 0.012884 0.010312 0.007221 0.003722 0.000000 
50.000000 41.016986 32.489735 24.804734 18.227441 12.879394 8.745906 5.707210 3.580920 2.163580 1.262797 0.716458 0.399924 0.224567 0.131584 0.084345 0.061327 0.050559 0.045718 0.043625 0.042753 0.042403 0.042268 0.042217 0.042199 0.042193 0.042191 0.042190 0.042190 0.042189 0.042189 0.042188 0.042186 0.042182 0.042172 0.042151 0.042106 0.042015 0.041840 0.041519 0.040954 0.040008 0.038501 0.036222 0.032955 0.028524 0.022853 0.016015 0.008261 0.000000 
50.000000 41.025507 32.506342 24.828624 18.257561 12.914575 8.784993 5.749166 3.624879 2.208873 1.308936 0.763108 0.446870 0.271677 0.178780 0.131584 0.108587 0.097830 0.092993 0.090902 0.090031 0.089682 0.089546 0.089496 0.089478 0.089471 0.089469 0.089468 0.089468 0.089468 0.089467 0.089466 0.089462 0.089453 0.089433 0.089390 0.089299 0.089114 0.088758 0.088099 0.086935 0.084978 0.081843 0.077076 0.070206 0.060844 0.048807 0.034239 0.017673 0.000000 
50.000000 41.042272 32.539020 24.875636 18.316834 12.983809 8.861918 5.831738 3.711398 2.298018 1.399747 0.854928 0.539273 0.364403 0.271677 0.224567 0.201613 0.190874 0.186047 0.183959 0.183090 0.182741 0.182606 0.182556 0.182537 0.182531 0.182529 0.182528 0.182528 0.182527 0.182526 0.182523 0.182516 0.182500 0.182462 0.182378 0.182201 0.181843 0.181148 0.179856 0.177564 0.173684 0.167434 0.157871 0.144003 0.124991 0.100414 0.070532 0.036437 0.000000 
50.000000 41.073882 32.600630 24.964274 18.428592 13.114353 9.006969 5.987443 3.874549 2.466126 1.571001 1.028087 0.713534 0.539273 0.446870 0.399924 0.377048 0.366347 0.361537 0.359456 0.358590 0.358242 0.358108 0.358057 0.358039 0.358033 0.358031 0.358030 0.358029 0.358029 0.358027 0.358021 0.358009 0.357978 0.357909 0.357755 0.357430 0.356767 0.355474 0.353057 0.348743 0.341393 0.329471 0.311096 0.284253 0.247188 0.198953 0.139969 0.072388 0.000000 
50.000000 41.130925 32.711813 25.124236 18.630283 13.349955 9.268762 6.268474 4.169028 2.769560 1.880119 1.340648 1.028087 0.854928 0.763108 0.716458 0.693726 0.683092 0.678312 0.676244 0.675383 0.675038 0.674904 0.674854 0.674836 0.674830 0.674828 0.674827 0.674826 0.674825 0.674821 0.674812 0.674791 0.674738 0.674617 0.674350 0.673780 0.672613 0.670324 0.666020 0.658283 0.645003 0.623287 0.589531 0.539784 0.470490 0.379564 0.267578 0.138577 0.000000 
50.000000 41.229356 32.903670 25.400271 18.978337 13.756541 9.720560 6.753487 4.677264 3.293262 2.413641 1.880119 1.571001 1.399747 1.308936 1.262797 1.240315 1.229798 1.225069 1.223024 1.222173 1.221831 1.221699 1.221649 1.221631 1.221625 1.221623 1.221622 1.221621 1.221619 1.221613 1.221599 1.221563 1.221477 1.221279 1.220837 1.219891 1.217944 1.214099 1.206820 1.193633 1.170805 1.133124 1.073961 0.985846 0.861785 0.697309 0.492877 0.255730 0.000000 
50.000000 41.391607 33.219926 25.855295 19.552093 14.426802 10.465376 7.553081 5.515164 4.156679 3.293262 2.769560 2.466126 2.298018 2.208873 2.163580 2.141510 2.131184 2.126542 2.124535 2.123699 2.123363 2.123233 2.123185 2.123167 2.123161 2.123159 2.123158 2.123156 2.123153 2.123145 2.123123 2.123067 2.122935 2.122626 2.121937 2.120454 2.117383 2.111277 2.099629 2.078339 2.041124 1.979027 1.880360 1.731529 1.519197 1.233999 0.875288 0.455285 0.000000 
50.000000 41.646847 33.717439 26.571118 20.454721 15.481280 11.637177 8.811096 6.833478 5.515164 4.677264 4.169028 3.874549 3.711398 3.624879 3.580920 3.559498 3.549476 3.544971 3.543022 3.542210 3.541885 3.541759 3.541711 3.541694 3.541688 3.541686 3.541685 3.541683 3.541678 3.541666 3.541634 3.541554 3.541361 3.540912 3.539901 3.537714 3.533156 3.524025 3.506459 3.474040 3.416739 3.319919 3.163909 2.924930 2.578348 2.105002 1.500250 0.783110 0.000000 
50.000000 42.029683 34.463667 27.644815 21.808642 17.063008 13.394934 10.698220 8.811096 7.553081 6.753487 6.268474 5.987443 5.831738 5.749166 5.707210 5.686765 5.677199 5.672898 5.671038 5.670263 5.669952 5.669832 5.669787 5.669771 5.669765 5.669763 5.669761 5.669759 5.669753 5.669736 5.669693 5.669585 5.669323 5.668709 5.667323 5.664304 5.657972 5.645187 5.620362 5.574054 5.491177 5.349110 5.116382 4.753183 4.215555 3.465283 2.486315 1.304500 0.000000 
50.000000 42.576700 35.529931 29.179009 23.743282 19.323213 15.906728 13.394934 11.637177 10.465376 9.720560 9.268762 9.006969 8.861918 8.784993 8.745906 8.726857 8.717944 8.713937 8.712204 8.711482 8.711192 8.711080 8.711038 8.711023 8.711017 8.711015 8.711014 8.711011 8.711003 8.710982 8.710928 8.710792 8.710462 8.709683 8.707917 8.704047 8.695873 8.679232 8.646600 8.585016 8.473269 8.278552 7.953364 7.434344 6.646126 5.514759 3.995262 2.112757 0.000000 
50.000000 43.320685 36.980145 31.265676 26.374639 22.397435 19.323213 17.063008 15.481280 14.426802 13.756541 13.349955 13.114353 12.983809 12.914575 12.879394 12.862249 12.854226 12.850619 12.849059 12.848409 12.848148 12.848047 12.848009 12.847996 12.847991 12.847989 12.847987 12.847984 12.847975 12.847951 12.847889 12.847732 12.847347 12.846440 12.844369 12.839806 12.830100 12.810171 12.770695 12.695273 12.556350 12.309825 11.888869 11.198717 10.116563 8.504835 6.251168 3.348234 0.000000 
50.000000 44.283156 38.856252 33.965176 29.778845 26.374639 23.743282 21.808642 20.454721 19.552093 18.978337 18.630283 18.428592 18.316834 18.257561 18.227441 18.212761 18.205892 18.202804 18.201468 18.200911 18.200688 18.200601 18.200569 18.200557 18.200553 18.200551 18.200550 18.200546 18.200537 18.200512 18.200447 18.200282 18.199877 18.198917 18.196717 18.191843 18.181404 18.159794 18.116552 18.032896 17.876373 17.593087 17.097156 16.258076 14.889423 12.749685 9.582235 5.247496 0.000000 
50.000000 45.466727 41.163355 37.284857 33.965176 31.265676 29.179009 27.644815 26.571118 25.855295 25.400271 25.124236 24.964274 24.875636 24.828624 24.804734 24.793089 24.787641 24.785191 24.784131 24.783689 24.783512 24.783444 24.783418 24.783409 24.783405 24.783404 24.783402 24.783399 24.783391 24.783368 24.783307 24.783154 24.782777 24.781880 24.779817 24.775222 24.765321 24.744672 24.702962 24.621296 24.466117 24.179532 23.664251 22.760841 21.215491 18.642428 14.511584 8.280617 0.000000 
50.000000 46.849519 43.858806 41.163355 38.856252 36.980145 35.529931 34.463667 33.717439 33.219926 32.903670 32.711813 32.600630 32.539020 32.506342 32.489735 32.481641 32.477854 32.476150 32.475414 32.475107 32.474983 32.474936 32.474918 32.474911 32.474909 32.474908 32.474907 32.474905 32.474898 32.474880 32.474833 32.474714 32.474420 32.473720 32.472103 32.468488 32.460660 32.444235 32.410794 32.344638 32.217189 31.977352 31.534669 30.728977 29.274018 26.651771 21.929403 13.562610 0.000000 
50.000000 48.383779 46.849519 45.466727 44.283156 43.320685 42.576700 42.029683 41.646847 41.391607 41.229356 41.130925 41.073882 41.042272 41.025507 41.016986 41.012833 41.010890 41.010016 41.009638 41.009481 41.009417 41.009393 41.009384 41.009380 41.009379 41.009379 41.009378 41.009377 41.009373 41.009363 41.009338 41.009272 41.009111 41.008725 41.007834 41.005835 41.001495 40.992348 40.973627 40.936323 40.863738 40.725183 40.463943 39.972451 39.035659 37.186109 33.286908 24.191890 0.000000 
50.000000 50.000000 50.000000 50.000000 50.000000 50.000000 50.000000 50.000000 50.000000 50.000000 50.000000 50.000000 50.000000 50.000000 50.000000 50.000000 50.000000 50.000000 50.000000 50.000000 50.000000 50.000000 50.000000 50.000000 50.000000 50.000000 50.000000 50.000000 50.000000 50.000000 50.000000 50.000000 50.000000 50.000000 50.000000 50.000000 50.000000 50.000000 50.000000 50.000000 50.000000 50.000000 50.000000 50.000000 50.000000 50.000000 50.000000 50.000000 50.000000 50.000000 
