50.000000 50.000000 50.000000 50.000000 50.000000 50.000000 50.000000 50.000000 50.000000 50.000000 50.000000 50.000000 50.000000 50.000000 50.000000 50.000000 50.000000 50.000000 50.000000 50.000000 50.000000 50.000000 50.000000 50.000000 50.000000 50.000000 50.000000 50.000000 50.000000 50.000000 50.000000 50.000000 50.000000 50.000000 50.000000 50.000000 50.000000 50.000000 50.000000 50.000000 50.000000 50.000000 50.000000 50.000000 50.000000 50.000000 50.000000 50.000000 50.000000 50.000000 
50.000000 47.167694 44.586751 42.441808 40.813483 39.681820 38.959864 38.535803 38.305737 38.190074 38.136016 38.112454 38.102846 38.099171 38.097849 38.097400 38.097256 38.097212 38.097199 38.097196 38.097195 38.097195 38.097195 38.097195 38.097195 38.097195 38.097195 38.097195 38.097195 38.097195 38.097195 38.097194 38.097194 38.097191 38.097182 38.097151 38.097047 38.096720 38.095736 38.092912 38.085190 38.065047 38.014776 37.894210 37.614166 36.976190 35.522427 32.113199 23.583847 0.000000 
50.000000 44.586751 39.653958 35.554529 32.442532 30.279802 28.900114 28.089750 27.650123 27.429117 27.325829 27.280811 27.262456 27.255436 27.252910 27.252052 27.251777 27.251694 27.251669 27.251663 27.251661 27.251661 27.251660 27.251660 27.251660 27.251660 27.251660 27.251660 27.251660 27.251660 27.251660 27.251660 27.251659 27.251655 27.251639 27.251587 27.251412 27.250862 27.249215 27.244517 27.231771 27.198870 27.117991 26.928284 26.502424 25.583734 23.671229 19.826979 12.473552 0.000000 
50.000000 42.441808 35.554529 29.830942 25.486145 22.466792 20.540733 19.409525 18.795880 18.487416 18.343266 18.280443 18.254832 18.245037 18.241512 18.240316 18.239933 18.239816 18.239782 18.239773 18.239770 18.239770 18.239770 18.239770 18.239770 18.239770 18.239770 18.239770 18.239770 18.239770 18.239770 18.239769 18.239768 18.239763 18.239746 18.239686 18.239488 18.238867 18.237020 18.231794 18.217763 18.182043 18.095862 17.898880 17.472523 16.599655 14.915471 11.883299 6.919382 0.000000 
50.000000 40.813483 32.442532 25.486145 20.205733 16.536374 14.195818 12.821265 12.075673 11.700914 11.525801 11.449491 11.418385 11.406489 11.402210 11.400758 11.400292 11.400150 11.400109 11.400098 11.400095 11.400094 11.400094 11.400094 11.400094 11.400094 11.400094 11.400094 11.400094 11.400094 11.400094 11.400094 11.400093 11.400088 11.400072 11.400017 11.399837 11.399277 11.397620 11.392974 11.380644 11.349712 11.276499 11.113317 10.771723 10.102866 8.886490 6.858799 3.837293 0.000000 
50.000000 39.681820 30.279802 22.466792 16.536374 12.415538 9.787161 8.243689 7.406537 6.985794 6.789212 6.703556 6.668643 6.655293 6.650491 6.648862 6.648339 6.648180 6.648135 6.648122 6.648119 6.648118 6.648118 6.648118 6.648118 6.648118 6.648118 6.648118 6.648118 6.648118 6.648118 6.648117 6.648116 6.648113 6.648100 6.648058 6.647919 6.647488 6.646225 6.642716 6.633507 6.610733 6.557788 6.442425 6.207769 5.764651 4.994270 3.777378 2.067655 0.000000 
50.000000 38.959864 28.900114 20.540733 14.195818 9.787161 6.975359 5.324277 4.428823 3.978813 3.768574 3.676975 3.639644 3.625370 3.620237 3.618495 3.617936 3.617767 3.617718 3.617704 3.617701 3.617700 3.617700 3.617699 3.617699 3.617699 3.617699 3.617699 3.617699 3.617699 3.617699 3.617699 3.617699 3.617696 3.617688 3.617659 3.617565 3.617275 3.616431 3.614107 3.608074 3.593349 3.559659 3.487679 3.344736 3.082501 2.641853 1.971830 1.065654 0.000000 
50.000000 38.535803 28.089750 19.409525 12.821265 8.243689 5.324277 3.610093 2.680468 2.213313 1.995078 1.900003 1.861257 1.846444 1.841117 1.839309 1.838730 1.838554 1.838503 1.838489 1.838485 1.838484 1.838484 1.838484 1.838484 1.838484 1.838484 1.838484 1.838484 1.838484 1.838484 1.838484 1.838484 1.838482 1.838477 1.838459 1.838402 1.838229 1.837725 1.836350 1.832815 1.824287 1.805046 1.764618 1.685901 1.544766 1.313663 0.971759 0.521027 0.000000 
50.000000 38.305737 27.650123 18.795880 12.075673 7.406537 4.428823 2.680468 1.732349 1.255921 1.033364 0.936411 0.896902 0.881798 0.876366 0.874523 0.873933 0.873753 0.873701 0.873687 0.873683 0.873682 0.873682 0.873682 0.873682 0.873682 0.873682 0.873682 0.873682 0.873682 0.873682 0.873682 0.873682 0.873681 0.873678 0.873668 0.873637 0.873543 0.873271 0.872535 0.870657 0.866174 0.856181 0.835475 0.795804 0.725961 0.613838 0.451253 0.240690 0.000000 
50.000000 38.190074 27.429117 18.487416 11.700914 6.985794 3.978813 2.213313 1.255921 0.774846 0.550126 0.452233 0.412342 0.397093 0.391609 0.389749 0.389152 0.388971 0.388919 0.388904 0.388901 0.388900 0.388899 0.388899 0.388899 0.388899 0.388899 0.388899 0.388899 0.388899 0.388899 0.388899 0.388899 0.388899 0.388897 0.388893 0.388877 0.388830 0.388696 0.388336 0.387423 0.385263 0.380498 0.370739 0.352287 0.320271 0.269653 0.197346 0.104884 0.000000 
50.000000 38.136016 27.325829 18.343266 11.525801 6.789212 3.768574 1.995078 1.033364 0.550126 0.324399 0.226069 0.186001 0.170684 0.165176 0.163308 0.162709 0.162527 0.162474 0.162460 0.162456 0.162455 0.162455 0.162455 0.162455 0.162455 0.162455 0.162455 0.162455 0.162455 0.162455 0.162455 0.162454 0.162454 0.162454 0.162451 0.162444 0.162423 0.162362 0.162199 0.161790 0.160830 0.158728 0.154467 0.146496 0.132826 0.111472 0.081312 0.043105 0.000000 
50.000000 38.112454 27.280811 18.280443 11.449491 6.703556 3.676975 1.900003 0.936411 0.452233 0.226069 0.127549 0.087404 0.072058 0.066540 0.064668 0.064068 0.063885 0.063833 0.063818 0.063815 0.063814 0.063813 0.063813 0.063813 0.063813 0.063813 0.063813 0.063813 0.063813 0.063813 0.063813 0.063813 0.063813 0.063813 0.063812 0.063809 0.063800 0.063774 0.063706 0.063536 0.063139 0.062278 0.060544 0.057331 0.051871 0.043423 0.031596 0.016718 0.000000 
50.000000 38.102846 27.262456 18.254832 11.418385 6.668643 3.639644 1.861257 0.896902 0.412342 0.186001 0.087404 0.047229 0.031871 0.026348 0.024475 0.023874 0.023692 0.023639 0.023625 0.023621 0.023620 0.023620 0.023620 0.023620 0.023620 0.023620 0.023620 0.023620 0.023620 0.023620 0.023620 0.023620 0.023620 0.023619 0.023619 0.023618 0.023614 0.023604 0.023578 0.023512 0.023359 0.023029 0.022369 0.021155 0.019108 0.015965 0.011594 0.006126 0.000000 
50.000000 38.099171 27.255436 18.245037 11.406489 6.655293 3.625370 1.846444 0.881798 0.397093 0.170684 0.072058 0.031871 0.016509 0.010984 0.009110 0.008510 0.008327 0.008274 0.008260 0.008256 0.008255 0.008255 0.008255 0.008255 0.008255 0.008255 0.008255 0.008255 0.008255 0.008255 0.008255 0.008255 0.008255 0.008255 0.008255 0.008254 0.008253 0.008249 0.008240 0.008216 0.008160 0.008042 0.007806 0.007375 0.006652 0.005549 0.004024 0.002124 0.000000 
50.000000 38.097849 27.252910 18.241512 11.402210 6.650491 3.620237 1.841117 0.876366 0.391609 0.165176 0.066540 0.026348 0.010984 0.005459 0.003585 0.002984 0.002802 0.002749 0.002735 0.002731 0.002730 0.002730 0.002730 0.002730 0.002730 0.002730 0.002730 0.002730 0.002730 0.002730 0.002730 0.002730 0.002730 0.002730 0.002730 0.002729 0.002729 0.002728 0.002724 0.002716 0.002697 0.002657 0.002578 0.002433 0.002193 0.001827 0.001323 0.000698 0.000000 
50.000000 38.097400 27.252052 18.240316 11.400758 6.648862 3.618495 1.839309 0.874523 0.389749 0.163308 0.064668 0.024475 0.009110 0.003585 0.001711 0.001111 0.000928 0.000875 0.000861 0.000857 0.000856 0.000856 0.000856 0.000856 0.000856 0.000856 0.000856 0.000856 0.000856 0.000856 0.000856 0.000856 0.000856 0.000856 0.000856 0.000856 0.000856 0.000855 0.000854 0.000851 0.000845 0.000833 0.000807 0.000761 0.000685 0.000571 0.000413 0.000218 0.000000 
50.000000 38.097256 27.251777 18.239933 11.400292 6.648339 3.617936 1.838730 0.873933 0.389152 0.162709 0.064068 0.023874 0.008510 0.002984 0.001111 0.000510 0.000327 0.000274 0.000260 0.000256 0.000255 0.000255 0.000255 0.000255 0.000255 0.000255 0.000255 0.000255 0.000255 0.000255 0.000255 0.000255 0.000255 0.000255 0.000255 0.000255 0.000255 0.000255 0.000254 0.000253 0.000252 0.000248 0.000240 0.000226 0.000204 0.000169 0.000122 0.000064 0.000000 
50.000000 38.097212 27.251694 18.239816 11.400150 6.648180 3.617767 1.838554 0.873753 0.388971 0.162527 0.063885 0.023692 0.008327 0.002802 0.000928 0.000327 0.000144 0.000092 0.000077 0.000073 0.000072 0.000072 0.000072 0.000072 0.000072 0.000072 0.000072 0.000072 0.000072 0.000072 0.000072 0.000072 0.000072 0.000072 0.000072 0.000072 0.000072 0.000072 0.000072 0.000072 0.000071 0.000070 0.000068 0.000064 0.000058 0.000048 0.000035 0.000018 0.000000 
50.000000 38.097199 27.251669 18.239782 11.400109 6.648135 3.617718 1.838503 0.873701 0.388919 0.162474 0.063833 0.023639 0.008274 0.002749 0.000875 0.000274 0.000092 0.000039 0.000025 0.000021 0.000020 0.000020 0.000020 0.000020 0.000019 0.000019 0.000019 0.000019 0.000019 0.000019 0.000019 0.000019 0.000019 0.000019 0.000019 0.000019 0.000019 0.000019 0.000019 0.000019 0.000019 0.000019 0.000018 0.000017 0.000016 0.000013 0.000009 0.000005 0.000000 
50.000000 38.097196 27.251663 18.239773 11.400098 6.648122 3.617704 1.838489 0.873687 0.388904 0.162460 0.063818 0.023625 0.008260 0.002735 0.000861 0.000260 0.000077 0.000025 0.000010 0.000006 0.000005 0.000005 0.000005 0.000005 0.000005 0.000005 0.000005 0.000005 0.000005 0.000005 0.000005 0.000005 0.000005 0.000005 0.000005 0.000005 0.000005 0.000005 0.000005 0.000005 0.000005 0.000005 0.000005 0.000004 0.000004 0.000003 0.000002 0.000001 0.000000 
50.000000 38.097195 27.251661 18.239770 11.400095 6.648119 3.617701 1.838485 0.873683 0.388901 0.162456 0.063815 0.023621 0.008256 0.002731 0.000857 0.000256 0.000073 0.000021 0.000006 0.000002 0.000002 0.000001 0.000001 0.000001 0.000001 0.000001 0.000001 0.000001 0.000001 0.000001 0.000001 0.000001 0.000001 0.000001 0.000001 0.000001 0.000001 0.000001 0.000001 0.000001 0.000001 0.000001 0.000001 0.000001 0.000001 0.000001 0.000001 0.000000 0.000000 
50.000000 38.097195 27.251661 18.239770 11.400094 6.648118 3.617700 1.838484 0.873682 0.388900 0.162455 0.063814 0.023620 0.008255 0.002730 0.000856 0.000255 0.000072 0.000020 0.000005 0.000002 0.000001 0.000000 0.000000 0.000000 0.000000 0.000000 0.000000 0.000000 0.000000 0.000000 0.000000 0.000000 0.000000 0.000000 0.000000 0.000000 0.000000 0.000000 0.000000 0.000000 0.000000 0.000000 0.000000 0.000000 0.000000 0.000000 0.000000 0.000000 0.000000 
50.000000 38.097195 27.251660 18.239770 11.400094 6.648118 3.617700 1.838484 0.873682 0.388899 0.162455 0.063813 0.023620 0.008255 0.002730 0.000856 0.000255 0.000072 0.000020 0.000005 0.000001 0.000000 0.000000 0.000000 0.000000 0.000000 0.000000 0.000000 0.000000 0.000000 0.000000 0.000000 0.000000 0.000000 0.000000 0.000000 0.000000 0.000000 0.000000 0.000000 0.000000 0.000000 0.000000 0.000000 0.000000 0.000000 0.000000 0.000000 0.000000 0.000000 
50.000000 38.097195 27.251660 18.239770 11.400094 6.648118 3.617699 1.838484 0.873682 0.388899 0.162455 0.063813 0.023620 0.008255 0.002730 0.000856 0.000255 0.000072 0.000020 0.000005 0.000001 0.000000 0.000000 0.000000 0.000000 0.000000 0.000000 0.000000 0.000000 0.000000 0.000000 0.000000 0.000000 0.000000 0.000000 0.000000 0.000000 0.000000 0.000000 0.000000 0.000000 0.000000 0.000000 0.000000 0.000000 0.000000 0.000000 0.000000 0.000000 0.000000 
50.000000 38.097195 27.251660 18.239770 11.400094 6.648118 3.617699 1.838484 0.873682 0.388899 0.162455 0.063813 0.023620 0.008255 0.002730 0.000856 0.000255 0.000072 0.000020 0.000005 0.000001 0.000000 0.000000 0.000000 0.000000 0.000000 0.000000 0.000000 0.000000 0.000000 0.000000 0.000000 0.000000 0.000000 0.000000 0.000000 0.000000 0.000000 0.000000 0.000000 0.000000 0.000000 0.000000 0.000000 0.000000 0.000000 0.000000 0.000000 0.000000 0.000000 
50.000000 38.097195 27.251660 18.239770 11.400094 6.648118 3.617699 1.838484 0.873682 0.388899 0.162455 0.063813 0.023620 0.008255 0.002730 0.000856 0.000255 0.000072 0.000020 0.000005 0.000001 0.000000 0.000000 0.000000 0.000000 0.000000 0.000000 0.000000 0.000000 0.000000 0.000000 0.000000 0.000000 0.000000 0.000000 0.000000 0.000000 0.000000 0.000000 0.000000 0.000000 0.000000 0.000000 0.000000 0.000000 0.000000 0.000000 0.000000 0.000000 0.000000 
50.000000 38.097195 27.251660 18.239770 11.400094 6.648118 3.617699 1.838484 0.873682 0.388899 0.162455 0.063813 0.023620 0.008255 0.002730 0.000856 0.000255 0.000072 0.000020 0.000005 0.000001 0.000000 0.000000 0.000000 0.000000 0.000000 0.000000 0.000000 0.000000 0.000000 0.000000 0.000000 0.000000 0.000000 0.000000 0.000000 0.000000 0.000000 0.000000 0.000000 0.000000 0.000000 0.000000 0.000000 0.000000 0.000000 0.000000 0.000000 0.000000 0.000000 
50.000000 38.097195 27.251660 18.239770 11.400094 6.648118 3.617700 1.838484 0.873682 0.388899 0.162455 0.063813 0.023620 0.008255 0.002730 0.000856 0.000255 0.000072 0.000020 0.000005 0.000001 0.000000 0.000000 0.000000 0.000000 0.000000 0.000000 0.000000 0.000000 0.000000 0.000000 0.000000 0.000000 0.000000 0.000000 0.000000 0.000000 0.000000 0.000000 0.000000 0.000000 0.000000 0.000000 0.000000 0.000000 0.000000 0.000000 0.000000 0.000000 0.000000 
50.000000 38.097195 27.251661 18.239770 11.400094 6.648118 3.617700 1.838484 0.873682 0.388900 0.162455 0.063814 0.023620 0.008255 0.002730 0.000856 0.000255 0.000072 0.000020 0.000005 0.000002 0.000001 0.000000 0.000000 0.000000 0.000000 0.000000 0.000000 0.000000 0.000000 0.000000 0.000000 0.000000 0.000000 0.000000 0.000000 0.000000 0.000000 0.000000 0.000000 0.000000 0.000000 0.000000 0.000000 0.000000 0.000000 0.000000 0.000000 0.000000 0.000000 
50.000000 38.097195 27.251661 18.239770 11.400095 6.648119 3.617701 1.838485 0.873683 0.388901 0.162456 0.063815 0.023621 0.008256 0.002731 0.000857 0.000256 0.000073 0.000021 0.000006 0.000002 0.000002 0.000001 0.000001 0.000001 0.000001 0.000001 0.000001 0.000001 0.000001 0.000001 0.000001 0.000001 0.000001 0.000001 0.000001 0.000001 0.000001 0.000001 0.000001 0.000001 0.000001 0.000001 0.000001 0.000001 0.000001 0.000001 0.000001 0.000000 0.000000 
50.000000 38.097196 27.251663 18.239773 11.400098 6.648122 3.617704 1.838489 0.873687 0.388904 0.162460 0.063818 0.023625 0.008260 0.002735 0.000861 0.000260 0.000077 0.000025 0.000010 0.000006 0.000005 0.000005 0.000005 0.000005 0.000005 0.000005 0.000005 0.000005 0.000005 0.000005 0.000005 0.000005 0.000005 0.000005 0.000005 0.000005 0.000005 0.000005 0.000005 0.000005 0.000005 0.000005 0.000005 0.000004 0.000004 0.000003 0.000002 0.000001 0.000000 
50.000000 38.097199 27.251669 18.239782 11.400109 6.648135 3.617718 1.838503 0.873701 0.388919 0.162474 0.063833 0.023639 0.008274 0.002749 0.000875 0.000274 0.000092 0.000039 0.000025 0.000021 0.000020 0.000020 0.000020 0.000020 0.000019 0.000019 0.000019 0.000019 0.000019 0.000019 0.000019 0.000019 0.000019 0.000019 0.000019 0.000019 0.000019 0.000019 0.000019 0.000019 0.000019 0.000019 0.000018 0.000017 0.000016 0.000013 0.000009 0.000005 0.000000 
50.000000 38.097212 27.251694 18.239816 11.400150 6.648180 3.617767 1.838554 0.873753 0.388971 0.162527 0.063885 0.023692 0.008327 0.002802 0.000928 0.000327 0.000144 0.000092 0.000077 0.000073 0.000072 0.000072 0.000072 0.000072 0.000072 0.000072 0.000072 0.000072 0.000072 0.000072 0.000072 0.000072 0.000072 0.000072 0.000072 0.000072 0.000072 0.000072 0.000072 0.000072 0.000071 0.000070 0.000068 0.000064 0.000058 0.000048 0.000035 0.000018 0.000000 
50.000000 38.097256 27.251777 18.239933 11.400292 6.648339 3.617936 1.838730 0.873933 0.389152 0.162709 0.064068 0.023874 0.008510 0.002984 0.001111 0.000510 0.000327 0.000274 0.000260 0.000256 0.000255 0.000255 0.000255 0.000255 0.000255 0.000255 0.000255 0.000255 0.000255 0.000255 0.000255 0.000255 0.000255 0.000255 0.000255 0.000255 0.000255 0.000255 0.000254 0.000253 0.000252 0.000248 0.000240 0.000226 0.000204 0.000169 0.000122 0.000064 0.000000 
50.000000 38.097400 27.252052 18.240316 11.400758 6.648862 3.618495 1.839309 0.874523 0.389749 0.163308 0.064668 0.024475 0.009110 0.003585 0.001711 0.001111 0.000928 0.000875 0.000861 0.000857 0.000856 0.000856 0.000856 0.000856 0.000856 0.000856 0.000856 0.000856 0.000856 0.000856 0.000856 0.000856 0.000856 0.000856 0.000856 0.000856 0.000856 0.000855 0.000854 0.000851 0.000845 0.000833 0.000807 0.000761 0.000685 0.000571 0.000413 0.000218 0.000000 
50.000000 38.097849 27.252910 18.241512 11.402210 6.650491 3.620237 1.841117 0.876366 0.391609 0.165176 0.066540 0.026348 0.010984 0.005459 0.003585 0.002984 0.002802 0.002749 0.002735 0.002731 0.002730 0.002730 0.002730 0.002730 0.002730 0.002730 0.002730 0.002730 0.002730 0.002730 0.002730 0.002730 0.002730 0.002730 0.002730 0.002729 0.002729 0.002728 0.002724 0.002716 0.002697 0.002657 0.002578 0.002433 0.002193 0.001827 0.001323 0.000698 0.000000 
50.000000 38.099171 27.255436 18.245037 11.406489 6.655293 3.625370 1.846444 0.881798 0.397093 0.170684 0.072058 0.031871 0.016509 0.010984 0.009110 0.008510 0.008327 0.008274 0.008260 0.008256 0.008255 0.008255 0.008255 0.008255 0.008255 0.008255 0.008255 0.008255 0.008255 0.008255 0.008255 0.008255 0.008255 0.008255 0.008255 0.008254 0.008253 0.008249 0.008240 0.008216 0.008160 0.008042 0.007806 0.007375 0.006652 0.005549 0.004024 0.002124 0.000000 
50.000000 38.102846 27.262456 18.254832 11.418385 6.668643 3.639644 1.861257 0.896902 0.412342 0.186001 0.087404 0.047229 0.031871 0.026348 0.024475 0.023874 0.023692 0.023639 0.023625 0.023621 0.023620 0.023620 0.023620 0.023620 0.023620 0.023620 0.023620 0.023620 0.023620 0.023620 0.023620 0.023620 0.023620 0.023619 0.023619 0.023618 0.023614 0.023604 0.023578 0.023512 0.023359 0.023029 0.022369 0.021155 0.019108 0.015965 0.011594 0.006126 0.000000 
50.000000 38.112454 27.280811 18.280443 11.449491 6.703556 3.676975 1.900003 0.936411 0.452233 0.226069 0.127549 0.087404 0.072058 0.066540 0.064668 0.064068 0.063885 0.063833 0.063818 0.063815 0.063814 0.063813 0.063813 0.063813 0.063813 0.063813 0.063813 0.063813 0.063813 0.063813 0.063813 0.063813 0.063813 0.063813 0.063812 0.063809 0.063800 0.063774 0.063706 0.063536 0.063139 0.062278 0.060544 0.057331 0.051871 0.043423 0.031596 0.016718 0.000000 
50.000000 38.136016 27.325829 18.343266 11.525801 6.789212 3.768574 1.995078 1.033364 0.550126 0.324399 0.226069 0.186001 0.170684 0.165176 0.163308 0.162709 0.162527 0.162474 0.162460 0.162456 0.162455 0.162455 0.162455 0.162455 0.162455 0.162455 0.162455 0.162455 0.162455 0.162455 0.162455 0.162454 0.162454 0.162454 0.162451 0.162444 0.162423 0.162362 0.162199 0.161790 0.160830 0.158728 0.154467 0.146496 0.132826 0.111472 0.081312 0.043105 0.000000 
50.000000 38.190074 27.429117 18.487416 11.700914 6.985794 3.978813 2.213313 1.255921 0.774846 0.550126 0.452233 0.412342 0.397093 0.391609 0.389749 0.389152 0.388971 0.388919 0.388904 0.388901 0.388900 0.388899 0.388899 0.388899 0.388899 0.388899 0.388899 0.388899 0.388899 0.388899 0.388899 0.388899 0.388899 0.388897 0.388893 0.388877 0.388830 0.388696 0.388336 0.387423 0.385263 0.380498 0.370739 0.352287 0.320271 0.269653 0.197346 0.104884 0.000000 
50.000000 38.305737 27.650123 18.795880 12.075673 7.406537 4.428823 2.680468 1.732349 1.255921 1.033364 0.936411 0.896902 0.881798 0.876366 0.874523 0.873933 0.873753 0.873701 0.873687 0.873683 0.873682 0.873682 0.873682 0.873682 0.873682 0.873682 0.873682 0.873682 0.873682 0.873682 0.873682 0.873682 0.873681 0.873678 0.873668 0.873637 0.873543 0.873271 0.872535 0.870657 0.866174 0.856181 0.835475 0.795804 0.725961 0.613838 0.451253 0.240690 0.000000 
50.000000 38.535803 28.089750 19.409525 12.821265 8.243689 5.324277 3.610093 2.680468 2.213313 1.995078 1.900003 1.861257 1.846444 1.841117 1.839309 1.838730 1.838554 1.838503 1.838489 1.838485 1.838484 1.838484 1.838484 1.838484 1.838484 1.838484 1.838484 1.838484 1.838484 1.838484 1.838484 1.838484 1.838482 1.838477 1.838459 1.838402 1.838229 1.837725 1.836350 1.832815 1.824287 1.805046 1.764618 1.685901 1.544766 1.313663 0.971759 0.521027 0.000000 
50.000000 38.959864 28.900114 20.540733 14.195818 9.787161 6.975359 5.324277 4.428823 3.978813 3.768574 3.676975 3.639644 3.625370 3.620237 3.618495 3.617936 3.617767 3.617718 3.617704 3.617701 3.617700 3.617700 3.617699 3.617699 3.617699 3.617699 3.617699 3.617699 3.617699 3.617699 3.617699 3.617699 3.617696 3.617688 3.617659 3.617565 3.617275 3.616431 3.614107 3.608074 3.593349 3.559659 3.487679 3.344736 3.082501 2.641853 1.971830 1.065654 0.000000 
50.000000 39.681820 30.279802 22.466792 16.536374 12.415538 9.787161 8.243689 7.406537 6.985794 6.789212 6.703556 6.668643 6.655293 6.650491 6.648862 6.648339 6.648180 6.648135 6.648122 6.648119 6.648118 6.648118 6.648118 6.648118 6.648118 6.648118 6.648118 6.648118 6.648118 6.648118 6.648117 6.648116 6.648113 6.648100 6.648058 6.647919 6.647488 6.646225 6.642716 6.633507 6.610733 6.557788 6.442425 6.207769 5.764651 4.994270 3.777378 2.067655 0.000000 
50.000000 40.813483 32.442532 25.486145 20.205733 16.536374 14.195818 12.821265 12.075673 11.700914 11.525801 11.449491 11.418385 11.406489 11.402210 11.400758 11.400292 11.400150 11.400109 11.400098 11.400095 11.400094 11.400094 11.400094 11.400094 11.400094 11.400094 11.400094 11.400094 11.400094 11.400094 11.400094 11.400093 11.400088 11.400072 11.400017 11.399837 11.399277 11.397620 11.392974 11.380644 11.349712 11.276499 11.113317 10.771723 10.102866 8.886490 6.858799 3.837293 0.000000 
50.000000 42.441808 35.554529 29.830942 25.486145 22.466792 20.540733 19.409525 18.795880 18.487416 18.343266 18.280443 18.254832 18.245037 18.241512 18.240316 18.239933 18.239816 18.239782 18.239773 18.239770 18.239770 18.239770 18.239770 18.239770 18.239770 18.239770 18.239770 18.239770 18.239770 18.239770 18.239769 18.239768 18.239763 18.239746 18.239686 18.239488 18.238867 18.237020 18.231794 18.217763 18.182043 18.095862 17.898880 17.472523 16.599655 14.915471 11.883299 6.919382 0.000000 
50.000000 44.586751 39.653958 35.554529 32.442532 30.279802 28.900114 28.089750 27.650123 27.429117 27.325829 27.280811 27.262456 27.255436 27.252910 27.252052 27.251777 27.251694 27.251669 27.251663 27.251661 27.251661 27.251660 27.251660 27.251660 27.251660 27.251660 27.251660 27.251660 27.251660 27.251660 27.251660 27.251659 27.251655 27.251639 27.251587 27.251412 27.250862 27.249215 27.244517 27.231771 27.198870 27.117991 26.928284 26.502424 25.583734 23.671229 19.826979 12.473552 0.000000 
50.000000 47.167694 44.586751 42.441808 40.813483 39.681820 38.959864 38.535803 38.305737 38.190074 38.136016 38.112454 38.102846 38.099171 38.097849 38.097400 38.097256 38.097212 38.097199 38.097196 38.097195 38.097195 38.097195 38.097195 38.097195 38.097195 38.097195 38.097195 38.097195 38.097195 38.097195 38.097194 38.097194 38.097191 38.097182 38.097151 38.097047 38.096720 38.095736 38.092912 38.085190 38.065047 38.014776 37.894210 37.614166 36.976190 35.522427 32.113199 23.583847 0.000000 
50.000000 50.000000 50.000000 50.000000 50.000000 50.000000 50.000000 50.000000 50.000000 50.000000 50.000000 50.000000 50.000000 50.000000 50.000000 50.000000 50.000000 50.000000 50.000000 50.000000 50.000000 50.000000 50.000000 50.000000 50.000000 50.000000 50.000000 50.000000 50.000000 50.000000 50.000000 50.000000 50.000000 50.000000 50.000000 50.000000 50.000000 50.000000 50.000000 50.000000 50.000000 50.000000 50.000000 50.000000 50.000000 50.000000 50.000000 50.000000 50.000000 50.000000 
