50.000000 50.000000 50.000000 50.000000 50.000000 50.000000 50.000000 50.000000 50.000000 50.000000 50.000000 50.000000 50.000000 50.000000 50.000000 50.000000 50.000000 50.000000 50.000000 50.000000 50.000000 50.000000 50.000000 50.000000 50.000000 50.000000 50.000000 50.000000 50.000000 50.000000 50.000000 50.000000 50.000000 50.000000 50.000000 50.000000 50.000000 50.000000 50.000000 50.000000 50.000000 50.000000 50.000000 50.000000 50.000000 50.000000 50.000000 50.000000 50.000000 50.000000 
50.000000 48.673368 47.401971 46.234153 45.205905 44.337853 43.635032 43.089087 42.682048 42.390633 42.190190 42.057657 41.973372 41.921784 41.891375 41.874103 41.864642 41.859641 41.857089 41.855830 41.855230 41.854953 41.854830 41.854776 41.854753 41.854744 41.854739 41.854735 41.854727 41.854708 41.854665 41.854566 41.854342 41.853856 41.852824 41.850691 41.846400 41.837986 41.821880 41.791741 41.736469 41.636777 41.459058 41.143669 40.580590 39.553357 37.594688 33.569814 24.336684 0.000000 
50.000000 47.401971 44.912115 42.625107 40.611432 38.911483 37.535119 36.465977 35.668862 35.098182 34.705653 34.446117 34.281063 34.180040 34.120494 34.086670 34.068143 34.058351 34.053353 34.050889 34.049714 34.049172 34.048929 34.048825 34.048780 34.048762 34.048752 34.048744 34.048729 34.048695 34.048615 34.048430 34.048017 34.047118 34.045212 34.041283 34.033398 34.017982 33.988594 33.933890 33.834273 33.656348 33.343587 32.800084 31.861109 30.237773 27.412383 22.456057 13.832157 0.000000 
50.000000 46.234153 42.625107 39.310098 36.391294 33.927244 31.932238 30.382554 29.227172 28.400006 27.831064 27.454890 27.215663 27.069243 26.982939 26.933917 26.907066 26.892874 26.885631 26.882060 26.880357 26.879571 26.879220 26.879068 26.879004 26.878977 26.878964 26.878952 26.878933 26.878887 26.878781 26.878537 26.877992 26.876807 26.874303 26.869158 26.858871 26.838858 26.800937 26.730901 26.604661 26.382250 25.998545 25.349005 24.268119 22.498579 19.655049 15.212724 8.639465 0.000000 
50.000000 45.205905 40.611432 36.391294 32.675558 29.538759 26.999084 25.026329 23.555539 22.502576 21.778337 21.299489 20.994972 20.808594 20.698739 20.636342 20.602165 20.584102 20.574883 20.570338 20.568170 20.567170 20.566724 20.566530 20.566449 20.566415 20.566398 20.566385 20.566362 20.566311 20.566192 20.565919 20.565311 20.563992 20.561214 20.555530 20.544221 20.522351 20.481223 20.405975 20.271965 20.039504 19.646535 18.999000 17.959536 16.337779 13.892714 10.373659 5.652548 0.000000 
50.000000 44.337853 38.911483 33.927244 29.538759 25.834057 22.834612 20.504744 18.767728 17.524188 16.668880 16.103383 15.743769 15.523673 15.393948 15.320265 15.279908 15.258579 15.247694 15.242327 15.239768 15.238587 15.238060 15.237832 15.237736 15.237695 15.237677 15.237662 15.237639 15.237588 15.237468 15.237196 15.236589 15.235279 15.232531 15.226933 15.215860 15.194590 15.154922 15.083085 14.956761 14.741089 14.383731 13.809605 12.917029 11.579223 9.659125 7.050374 3.757263 0.000000 
50.000000 43.635032 37.535119 31.932238 26.999084 22.834612 19.462954 16.843994 14.891473 13.493671 12.532279 11.896655 11.492452 11.245072 11.099268 11.016455 10.971099 10.947128 10.934895 10.928863 10.925988 10.924661 10.924068 10.923812 10.923704 10.923659 10.923639 10.923624 10.923603 10.923555 10.923445 10.923196 10.922642 10.921452 10.918965 10.913925 10.904014 10.885114 10.850168 10.787536 10.678777 10.495917 10.198528 9.731477 9.025006 8.000084 6.583233 4.735034 2.491363 0.000000 
50.000000 43.089087 36.465977 30.382554 25.026329 20.504744 16.843994 14.000511 11.880629 10.363037 9.319271 8.629198 8.190379 7.921819 7.763535 7.673636 7.624400 7.598379 7.585101 7.578554 7.575432 7.573992 7.573349 7.573071 7.572954 7.572905 7.572884 7.572870 7.572851 7.572810 7.572717 7.572504 7.572036 7.571032 7.568943 7.564733 7.556505 7.540929 7.512372 7.461707 7.374777 7.230683 7.000255 6.645465 6.121013 5.379794 4.384009 3.122390 1.630030 0.000000 
50.000000 42.682048 35.668862 29.227172 23.555539 18.767728 14.891473 11.880629 9.636004 8.029132 6.923979 6.193333 5.728722 5.444383 5.276803 5.181626 5.129500 5.101953 5.087896 5.080965 5.077661 5.076137 5.075456 5.075161 5.075038 5.074987 5.074965 5.074952 5.074936 5.074903 5.074828 5.074659 5.074288 5.073494 5.071852 5.068559 5.062163 5.050139 5.028277 4.989858 4.924670 4.818002 4.649946 4.395556 4.026639 3.516035 2.844922 2.012514 1.045271 0.000000 
50.000000 42.390633 35.098182 28.400006 22.502576 17.524188 13.493671 10.363037 8.029132 6.358369 5.209289 4.449613 3.966550 3.670924 3.496695 3.397744 3.343552 3.314914 3.300300 3.293095 3.289660 3.288076 3.287368 3.287062 3.286933 3.286881 3.286858 3.286846 3.286833 3.286808 3.286752 3.286625 3.286348 3.285757 3.284540 3.282113 3.277425 3.268673 3.252882 3.225379 3.179184 3.104462 2.988260 2.814894 2.567427 2.230611 1.795345 1.263909 0.654164 0.000000 
50.000000 42.190190 34.705653 27.831064 21.778337 16.668880 12.532279 9.319271 6.923979 5.209289 4.030012 3.250382 2.754638 2.451256 2.272458 2.170914 2.115304 2.085916 2.070921 2.063527 2.060003 2.058377 2.057651 2.057337 2.057205 2.057151 2.057128 2.057117 2.057107 2.057089 2.057049 2.056959 2.056762 2.056346 2.055492 2.053797 2.050543 2.044505 2.033690 2.015006 1.983910 1.934122 1.857565 1.744743 1.585795 1.372361 1.100164 0.771763 0.398448 0.000000 
50.000000 42.057657 34.446117 27.454890 21.299489 16.103383 11.896655 8.629198 6.193333 4.449613 3.250382 2.457569 1.953448 1.644942 1.463128 1.359872 1.303325 1.273443 1.258195 1.250677 1.247094 1.245441 1.244702 1.244383 1.244249 1.244194 1.244172 1.244162 1.244154 1.244141 1.244114 1.244053 1.243921 1.243642 1.243073 1.241948 1.239799 1.235836 1.228785 1.216692 1.196731 1.165057 1.116826 1.046487 0.948461 0.818267 0.653953 0.457523 0.235778 0.000000 
50.000000 41.973372 34.281063 27.215663 20.994972 15.743769 11.492452 8.190379 5.728722 3.966550 2.754638 1.953448 1.444004 1.132244 0.948514 0.844171 0.787029 0.756833 0.741425 0.733828 0.730207 0.728537 0.727791 0.727468 0.727333 0.727278 0.727255 0.727246 0.727240 0.727231 0.727213 0.727174 0.727089 0.726911 0.726549 0.725837 0.724484 0.722002 0.717612 0.710133 0.697877 0.678583 0.649450 0.607337 0.549178 0.472621 0.376805 0.263082 0.135386 0.000000 
50.000000 41.921784 34.180040 27.069243 20.808594 15.523673 11.245072 7.921819 5.444383 3.670924 2.451256 1.644942 1.132244 0.818495 0.633594 0.528586 0.471081 0.440693 0.425188 0.417543 0.413899 0.412218 0.411468 0.411143 0.411007 0.410951 0.410929 0.410920 0.410915 0.410909 0.410898 0.410874 0.410822 0.410714 0.410494 0.410063 0.409248 0.407760 0.405144 0.400713 0.393499 0.382220 0.365314 0.341058 0.307814 0.264373 0.210371 0.146643 0.075383 0.000000 
50.000000 41.891375 34.120494 26.982939 20.698739 15.393948 11.099268 7.763535 5.276803 3.496695 2.272458 1.463128 0.948514 0.633594 0.448003 0.342605 0.284886 0.254385 0.238822 0.231149 0.227492 0.225805 0.225051 0.224725 0.224589 0.224533 0.224511 0.224502 0.224498 0.224494 0.224487 0.224473 0.224443 0.224379 0.224251 0.224002 0.223531 0.222676 0.221181 0.218661 0.214582 0.208244 0.198802 0.185344 0.167014 0.143210 0.113781 0.079211 0.040684 0.000000 
50.000000 41.874103 34.086670 26.933917 20.636342 15.320265 11.016455 7.673636 5.181626 3.397744 2.170914 1.359872 0.844171 0.528586 0.342605 0.236985 0.179144 0.148580 0.132984 0.125296 0.121630 0.119940 0.119185 0.118858 0.118721 0.118666 0.118644 0.118635 0.118631 0.118628 0.118624 0.118616 0.118599 0.118564 0.118492 0.118353 0.118093 0.117621 0.116800 0.115422 0.113203 0.109774 0.104693 0.097490 0.087734 0.075127 0.059613 0.041458 0.021279 0.000000 
50.000000 41.864642 34.068143 26.907066 20.602165 15.279908 10.971099 7.624400 5.129500 3.343552 2.115304 1.303325 0.787029 0.471081 0.284886 0.179144 0.121238 0.090638 0.075025 0.067328 0.063658 0.061966 0.061210 0.060883 0.060746 0.060690 0.060668 0.060659 0.060656 0.060654 0.060652 0.060647 0.060638 0.060619 0.060581 0.060506 0.060367 0.060117 0.059683 0.058958 0.057795 0.056006 0.053368 0.049647 0.044629 0.038173 0.030259 0.021025 0.010786 0.000000 
50.000000 41.859641 34.058351 26.892874 20.584102 15.258579 10.947128 7.598379 5.101953 3.314914 2.085916 1.273443 0.756833 0.440693 0.254385 0.148580 0.090638 0.060020 0.044398 0.036696 0.033024 0.031331 0.030575 0.030247 0.030110 0.030054 0.030032 0.030024 0.030020 0.030019 0.030017 0.030015 0.030010 0.030000 0.029981 0.029942 0.029871 0.029743 0.029522 0.029154 0.028566 0.027666 0.026344 0.024486 0.021990 0.018791 0.014882 0.010334 0.005299 0.000000 
50.000000 41.857089 34.053353 26.885631 20.574883 15.247694 10.934895 7.585101 5.087896 3.300300 2.070921 1.258195 0.741425 0.425188 0.238822 0.132985 0.075025 0.044398 0.028771 0.021066 0.017393 0.015699 0.014943 0.014616 0.014479 0.014423 0.014401 0.014392 0.014389 0.014388 0.014387 0.014385 0.014383 0.014378 0.014368 0.014349 0.014314 0.014251 0.014142 0.013962 0.013675 0.013237 0.012597 0.011700 0.010499 0.008964 0.007094 0.004923 0.002523 0.000000 
50.000000 41.855830 34.050889 26.882060 20.570338 15.242327 10.928863 7.578554 5.080965 3.293095 2.063527 1.250678 0.733829 0.417543 0.231149 0.125296 0.067328 0.036696 0.021066 0.013361 0.009687 0.007993 0.007237 0.006909 0.006772 0.006716 0.006694 0.006686 0.006682 0.006681 0.006681 0.006680 0.006679 0.006676 0.006672 0.006663 0.006646 0.006616 0.006564 0.006479 0.006344 0.006138 0.005837 0.005418 0.004859 0.004146 0.003279 0.002274 0.001165 0.000000 
50.000000 41.855230 34.049714 26.880357 20.568171 15.239768 10.925988 7.575433 5.077662 3.289661 2.060003 1.247094 0.730208 0.413900 0.227492 0.121631 0.063659 0.033025 0.017394 0.009688 0.006014 0.004320 0.003563 0.003236 0.003099 0.003043 0.003021 0.003012 0.003009 0.003008 0.003007 0.003007 0.003006 0.003005 0.003003 0.002999 0.002991 0.002977 0.002954 0.002915 0.002853 0.002759 0.002623 0.002433 0.002181 0.001860 0.001470 0.001019 0.000522 0.000000 
50.000000 41.854954 34.049172 26.879572 20.567171 15.238589 10.924662 7.573994 5.076138 3.288077 2.058379 1.245442 0.728539 0.412220 0.225806 0.119942 0.061967 0.031332 0.015701 0.007995 0.004321 0.002627 0.001870 0.001543 0.001405 0.001350 0.001328 0.001319 0.001316 0.001315 0.001314 0.001314 0.001314 0.001313 0.001312 0.001310 0.001307 0.001301 0.001290 0.001273 0.001246 0.001204 0.001144 0.001061 0.000951 0.000810 0.000640 0.000444 0.000227 0.000000 
50.000000 41.854830 34.048931 26.879222 20.566727 15.238064 10.924072 7.573353 5.075461 3.287373 2.057656 1.244707 0.727796 0.411473 0.225056 0.119190 0.061215 0.030579 0.014948 0.007241 0.003568 0.001873 0.001117 0.000789 0.000652 0.000596 0.000574 0.000566 0.000562 0.000561 0.000561 0.000561 0.000561 0.000560 0.000560 0.000559 0.000558 0.000555 0.000550 0.000543 0.000531 0.000513 0.000488 0.000452 0.000405 0.000345 0.000272 0.000189 0.000097 0.000000 
50.000000 41.854778 34.048829 26.879074 20.566538 15.237841 10.923823 7.573082 5.075174 3.287075 2.057350 1.244396 0.727482 0.411156 0.224739 0.118872 0.060896 0.030261 0.014629 0.006922 0.003249 0.001554 0.000798 0.000470 0.000333 0.000277 0.000255 0.000247 0.000244 0.000242 0.000242 0.000242 0.000242 0.000242 0.000241 0.000241 0.000240 0.000239 0.000237 0.000234 0.000229 0.000221 0.000210 0.000195 0.000174 0.000148 0.000117 0.000081 0.000042 0.000000 
50.000000 41.854759 34.048792 26.879021 20.566470 15.237761 10.923732 7.572984 5.075070 3.286967 2.057239 1.244284 0.727368 0.411042 0.224624 0.118757 0.060781 0.030146 0.014514 0.006807 0.003133 0.001439 0.000682 0.000355 0.000218 0.000162 0.000140 0.000132 0.000128 0.000127 0.000127 0.000127 0.000127 0.000127 0.000126 0.000126 0.000126 0.000125 0.000124 0.000122 0.000120 0.000116 0.000110 0.000102 0.000091 0.000077 0.000061 0.000042 0.000022 0.000000 
50.000000 41.854759 34.048792 26.879021 20.566470 15.237761 10.923732 7.572984 5.075070 3.286967 2.057239 1.244284 0.727368 0.411042 0.224624 0.118757 0.060781 0.030146 0.014514 0.006807 0.003133 0.001439 0.000682 0.000355 0.000218 0.000162 0.000140 0.000132 0.000128 0.000127 0.000127 0.000127 0.000127 0.000127 0.000126 0.000126 0.000126 0.000125 0.000124 0.000122 0.000120 0.000116 0.000110 0.000102 0.000091 0.000077 0.000061 0.000042 0.000022 0.000000 
50.000000 41.854778 34.048829 26.879074 20.566538 15.237841 10.923823 7.573082 5.075174 3.287075 2.057350 1.244396 0.727482 0.411156 0.224739 0.118872 0.060896 0.030261 0.014629 0.006922 0.003249 0.001554 0.000798 0.000470 0.000333 0.000277 0.000255 0.000247 0.000244 0.000242 0.000242 0.000242 0.000242 0.000242 0.000241 0.000241 0.000240 0.000239 0.000237 0.000234 0.000229 0.000221 0.000210 0.000195 0.000174 0.000148 0.000117 0.000081 0.000042 0.000000 
50.000000 41.854830 34.048931 26.879222 20.566727 15.238064 10.924072 7.573353 5.075461 3.287373 2.057656 1.244707 0.727796 0.411473 0.225056 0.119190 0.061215 0.030579 0.014948 0.007241 0.003568 0.001873 0.001117 0.000789 0.000652 0.000596 0.000574 0.000566 0.000562 0.000561 0.000561 0.000561 0.000561 0.000560 0.000560 0.000559 0.000558 0.000555 0.000550 0.000543 0.000531 0.000513 0.000488 0.000452 0.000405 0.000345 0.000272 0.000189 0.000097 0.000000 
50.000000 41.854954 34.049172 26.879572 20.567171 15.238589 10.924662 7.573994 5.076138 3.288077 2.058379 1.245442 0.728539 0.412220 0.225806 0.119942 0.061967 0.031332 0.015701 0.007995 0.004321 0.002627 0.001870 0.001543 0.001405 0.001350 0.001328 0.001319 0.001316 0.001315 0.001314 0.001314 0.001314 0.001313 0.001312 0.001310 0.001307 0.001301 0.001290 0.001273 0.001246 0.001204 0.001144 0.001061 0.000951 0.000810 0.000640 0.000444 0.000227 0.000000 
50.000000 41.855230 34.049714 26.880357 20.568171 15.239768 10.925988 7.575433 5.077662 3.289661 2.060003 1.247094 0.730208 0.413900 0.227492 0.121631 0.063659 0.033025 0.017394 0.009688 0.006014 0.004320 0.003563 0.003236 0.003099 0.003043 0.003021 0.003012 0.003009 0.003008 0.003007 0.003007 0.003006 0.003005 0.003003 0.002999 0.002991 0.002977 0.002954 0.002915 0.002853 0.002759 0.002623 0.002433 0.002181 0.001860 0.001470 0.001019 0.000522 0.000000 
50.000000 41.855830 34.050889 26.882060 20.570338 15.242327 10.928863 7.578554 5.080965 3.293095 2.063527 1.250678 0.733829 0.417543 0.231149 0.125296 0.067328 0.036696 0.021066 0.013361 0.009687 0.007993 0.007237 0.006909 0.006772 0.006716 0.006694 0.006686 0.006682 0.006681 0.006681 0.006680 0.006679 0.006676 0.006672 0.006663 0.006646 0.006616 0.006564 0.006479 0.006344 0.006138 0.005837 0.005418 0.004859 0.004146 0.003279 0.002274 0.001165 0.000000 
50.000000 41.857089 34.053353 26.885631 20.574883 15.247694 10.934895 7.585101 5.087896 3.300300 2.070921 1.258195 0.741425 0.425188 0.238822 0.132985 0.075025 0.044398 0.028771 0.021066 0.017393 0.015699 0.014943 0.014616 0.014479 0.014423 0.014401 0.014392 0.014389 0.014388 0.014387 0.014385 0.014383 0.014378 0.014368 0.014349 0.014314 0.014251 0.014142 0.013962 0.013675 0.013237 0.012597 0.011700 0.010499 0.008964 0.007094 0.004923 0.002523 0.000000 
50.000000 41.859641 34.058351 26.892874 20.584102 15.258579 10.947128 7.598379 5.101953 3.314914 2.085916 1.273443 0.756833 0.440693 0.254385 0.148580 0.090638 0.060020 0.044398 0.036696 0.033024 0.031331 0.030575 0.030247 0.030110 0.030054 0.030032 0.030024 0.030020 0.030019 0.030017 0.030015 0.030010 0.030000 0.029981 0.029942 0.029871 0.029743 0.029522 0.029154 0.028566 0.027666 0.026344 0.024486 0.021990 0.018791 0.014882 0.010334 0.005299 0.000000 
50.000000 41.864642 34.068143 26.907066 20.602165 15.279908 10.971099 7.624400 5.129500 3.343552 2.115304 1.303325 0.787029 0.471081 0.284886 0.179144 0.121238 0.090638 0.075025 0.067328 0.063658 0.061966 0.061210 0.060883 0.060746 0.060690 0.060668 0.060659 0.060656 0.060654 0.060652 0.060647 0.060638 0.060619 0.060581 0.060506 0.060367 0.060117 0.059683 0.058958 0.057795 0.056006 0.053368 0.049647 0.044629 0.038173 0.030259 0.021025 0.010786 0.000000 
50.000000 41.874103 34.086670 26.933917 20.636342 15.320265 11.016455 7.673636 5.181626 3.397744 2.170914 1.359872 0.844171 0.528586 0.342605 0.236985 0.179144 0.148580 0.132984 0.125296 0.121630 0.119940 0.119185 0.118858 0.118721 0.118666 0.118644 0.118635 0.118631 0.118628 0.118624 0.118616 0.118599 0.118564 0.118492 0.118353 0.118093 0.117621 0.116800 0.115422 0.113203 0.109774 0.104693 0.097490 0.087734 0.075127 0.059613 0.041458 0.021279 0.000000 
50.000000 41.891375 34.120494 26.982939 20.698739 15.393948 11.099268 7.763535 5.276803 3.496695 2.272458 1.463128 0.948514 0.633594 0.448003 0.342605 0.284886 0.254385 0.238822 0.231149 0.227492 0.225805 0.225051 0.224725 0.224589 0.224533 0.224511 0.224502 0.224498 0.224494 0.224487 0.224473 0.224443 0.224379 0.224251 0.224002 0.223531 0.222676 0.221181 0.218661 0.214582 0.208244 0.198802 0.185344 0.167014 0.143210 0.113781 0.079211 0.040684 0.000000 
50.000000 41.921784 34.180040 27.069243 20.808594 15.523673 11.245072 7.921819 5.444383 3.670924 2.451256 1.644942 1.132244 0.818495 0.633594 0.528586 0.471081 0.440693 0.425188 0.417543 0.413899 0.412218 0.411468 0.411143 0.411007 0.410951 0.410929 0.410920 0.410915 0.410909 0.410898 0.410874 0.410822 0.410714 0.410494 0.410063 0.409248 0.407760 0.405144 0.400713 0.393499 0.382220 0.365314 0.341058 0.307814 0.264373 0.210371 0.146643 0.075383 0.000000 
50.000000 41.973372 34.281063 27.215663 20.994972 15.743769 11.492452 8.190379 5.728722 3.966550 2.754638 1.953448 1.444004 1.132244 0.948514 0.844171 0.787029 0.756833 0.741425 0.733828 0.730207 0.728537 0.727791 0.727468 0.727333 0.727278 0.727255 0.727246 0.727240 0.727231 0.727213 0.727174 0.727089 0.726911 0.726549 0.725837 0.724484 0.722002 0.717612 0.710133 0.697877 0.678583 0.649450 0.607337 0.549178 0.472621 0.376805 0.263082 0.135386 0.000000 
50.000000 42.057657 34.446117 27.454890 21.299489 16.103383 11.896655 8.629198 6.193333 4.449613 3.250382 2.457569 1.953448 1.644942 1.463128 1.359872 1.303325 1.273443 1.258195 1.250677 1.247094 1.245441 1.244702 1.244383 1.244249 1.244194 1.244172 1.244162 1.244154 1.244141 1.244114 1.244053 1.243921 1.243642 1.243073 1.241948 1.239799 1.235836 1.228785 1.216692 1.196731 1.165057 1.116826 1.046487 0.948461 0.818267 0.653953 0.457523 0.235778 0.000000 
50.000000 42.190190 34.705653 27.831064 21.778337 16.668880 12.532279 9.319271 6.923979 5.209289 4.030012 3.250382 2.754638 2.451256 2.272458 2.170914 2.115304 2.085916 2.070921 2.063527 2.060003 2.058377 2.057651 2.057337 2.057205 2.057151 2.057128 2.057117 2.057107 2.057089 2.057049 2.056959 2.056762 2.056346 2.055492 2.053797 2.050543 2.044505 2.033690 2.015006 1.983910 1.934122 1.857565 1.744743 1.585795 1.372361 1.100164 0.771763 0.398448 0.000000 
50.000000 42.390633 35.098182 28.400006 22.502576 17.524188 13.493671 10.363037 8.029132 6.358369 5.209289 4.449613 3.966550 3.670924 3.496695 3.397744 3.343552 3.314914 3.300300 3.293095 3.289660 3.288076 3.287368 3.287062 3.286933 3.286881 3.286858 3.286846 3.286833 3.286808 3.286752 3.286625 3.286348 3.285757 3.284540 3.282113 3.277425 3.268673 3.252882 3.225379 3.179184 3.104462 2.988260 2.814894 2.567427 2.230611 1.795345 1.263909 0.654164 0.000000 
50.000000 42.682048 35.668862 29.227172 23.555539 18.767728 14.891473 11.880629 9.636004 8.029132 6.923979 6.193333 5.728722 5.444383 5.276803 5.181626 5.129500 5.101953 5.087896 5.080965 5.077661 5.076137 5.075456 5.075161 5.075038 5.074987 5.074965 5.074952 5.074936 5.074903 5.074828 5.074659 5.074288 5.073494 5.071852 5.068559 5.062163 5.050139 5.028277 4.989858 4.924670 4.818002 4.649946 4.395556 4.026639 3.516035 2.844922 2.012514 1.045271 0.000000 
50.000000 43.089087 36.465977 30.382554 25.026329 20.504744 16.843994 14.000511 11.880629 10.363037 9.319271 8.629198 8.190379 7.921819 7.763535 7.673636 7.624400 7.598379 7.585101 7.578554 7.575432 7.573992 7.573349 7.573071 7.572954 7.572905 7.572884 7.572870 7.572851 7.572810 7.572717 7.572504 7.572036 7.571032 7.568943 7.564733 7.556505 7.540929 7.512372 7.461707 7.374777 7.230683 7.000255 6.645465 6.121013 5.379794 4.384009 3.122390 1.630030 0.000000 
50.000000 43.635032 37.535119 31.932238 26.999084 22.834612 19.462954 16.843994 14.891473 13.493671 12.532279 11.896655 11.492452 11.245072 11.099268 11.016455 10.971099 10.947128 10.934895 10.928863 10.925988 10.924661 10.924068 10.923812 10.923704 10.923659 10.923639 10.923624 10.923603 10.923555 10.923445 10.923196 10.922642 10.921452 10.918965 10.913925 10.904014 10.885114 10.850168 10.787536 10.678777 10.495917 10.198528 9.731477 9.025006 8.000084 6.583233 4.735034 2.491363 0.000000 
50.000000 44.337853 38.911483 33.927244 29.538759 25.834057 22.834612 20.504744 18.767728 17.524188 16.668880 16.103383 15.743769 15.523673 15.393948 15.320265 15.279908 15.258579 15.247694 15.242327 15.239768 15.238587 15.238060 15.237832 15.237736 15.237695 15.237677 15.237662 15.237639 15.237588 15.237468 15.237196 15.236589 15.235279 15.232531 15.226933 15.215860 15.194590 15.154922 15.083085 14.956761 14.741089 14.383731 13.809605 12.917029 11.579223 9.659125 7.050374 3.757263 0.000000 
50.000000 45.205905 40.611432 36.391294 32.675558 29.538759 26.999084 25.026329 23.555539 22.502576 21.778337 21.299489 20.994972 20.808594 20.698739 20.636342 20.602165 20.584102 20.574883 20.570338 20.568170 20.567170 20.566724 20.566530 20.566449 20.566415 20.566398 20.566385 20.566362 20.566311 20.566192 20.565919 20.565311 20.563992 20.561214 20.555530 20.544221 20.522351 20.481223 20.405975 20.271965 20.039504 19.646535 18.999000 17.959536 16.337779 13.892714 10.373659 5.652548 0.000000 
50.000000 46.234153 42.625107 39.310098 36.391294 33.927244 31.932238 30.382554 29.227172 28.400006 27.831064 27.454890 27.215663 27.069243 26.982939 26.933917 26.907066 26.892874 26.885631 26.882060 26.880357 26.879571 26.879220 26.879068 26.879004 26.878977 26.878964 26.878952 26.878933 26.878887 26.878781 26.878537 26.877992 26.876807 26.874303 26.869158 26.858871 26.838858 26.800937 26.730901 26.604661 26.382250 25.998545 25.349005 24.268119 22.498579 19.655049 15.212724 8.639465 0.000000 
50.000000 47.401971 44.912115 42.625107 40.611432 38.911483 37.535119 36.465977 35.668862 35.098182 34.705653 34.446117 34.281063 34.180040 34.120494 34.086670 34.068143 34.058351 34.053353 34.050889 34.049714 34.049172 34.048929 34.048825 34.048780 34.048762 34.048752 34.048744 34.048729 34.048695 34.048615 34.048430 34.048017 34.047118 34.045212 34.041283 34.033398 34.017982 33.988594 33.933890 33.834273 33.656348 33.343587 32.800084 31.861109 30.237773 27.412383 22.456057 13.832157 0.000000 
50.000000 48.673368 47.401971 46.234153 45.205905 44.337853 43.635032 43.089087 42.682048 42.390633 42.190190 42.057657 41.973372 41.921784 41.891375 41.874103 41.864642 41.859641 41.857089 41.855830 41.855230 41.854953 41.854830 41.854776 41.854753 41.854744 41.854739 41.854735 41.854727 41.854708 41.854665 41.854566 41.854342 41.853856 41.852824 41.850691 41.846400 41.837986 41.821880 41.791741 41.736469 41.636777 41.459058 41.143669 40.580590 39.553357 37.594688 33.569814 24.336684 0.000000 
50.000000 50.000000 50.000000 50.000000 50.000000 50.000000 50.000000 50.000000 50.000000 50.000000 50.000000 50.000000 50.000000 50.000000 50.000000 50.000000 50.000000 50.000000 50.000000 50.000000 50.000000 50.000000 50.000000 50.000000 50.000000 50.000000 50.000000 50.000000 50.000000 50.000000 50.000000 50.000000 50.000000 50.000000 50.000000 50.000000 50.000000 50.000000 50.000000 50.000000 50.000000 50.000000 50.000000 50.000000 50.000000 50.000000 50.000000 50.000000 50.000000 50.000000 
