50.000000 50.000000 50.000000 50.000000 50.000000 50.000000 50.000000 50.000000 50.000000 50.000000 50.000000 50.000000 50.000000 50.000000 50.000000 50.000000 50.000000 50.000000 50.000000 50.000000 50.000000 50.000000 50.000000 50.000000 50.000000 50.000000 50.000000 50.000000 50.000000 50.000000 50.000000 50.000000 50.000000 50.000000 50.000000 50.000000 50.000000 50.000000 50.000000 50.000000 50.000000 50.000000 50.000000 50.000000 50.000000 50.000000 50.000000 50.000000 50.000000 50.000000 
50.000000 48.970968 47.975178 47.042653 46.197496 45.456113 44.826558 44.308971 43.896895 43.579126 43.341719 43.169831 43.049191 42.967086 42.912883 42.878161 42.856570 42.843533 42.835886 42.831527 42.829111 42.827809 42.827126 42.826776 42.826601 42.826512 42.826462 42.826420 42.826361 42.826252 42.826037 42.825611 42.824782 42.823204 42.820264 42.814894 42.805283 42.788400 42.759247 42.709667 42.626395 42.487744 42.257693 41.874471 41.226583 40.097126 38.019704 33.861915 24.485484 0.000000 
50.000000 47.975178 46.015767 44.180842 42.517833 41.059023 39.820257 38.801809 37.990977 37.365712 36.898574 36.560358 36.322981 36.161428 36.054776 35.986456 35.943973 35.918321 35.903274 35.894697 35.889944 35.887382 35.886038 35.885350 35.885005 35.884831 35.884732 35.884652 35.884540 35.884335 35.883929 35.883126 35.881567 35.878604 35.873089 35.863039 35.845094 35.813667 35.759615 35.668165 35.515627 35.264077 34.852426 34.180748 33.081532 31.265059 28.215313 23.007883 14.113263 0.000000 
50.000000 47.042653 44.180842 41.500852 39.071958 36.941310 35.132049 33.644576 32.460336 31.547125 30.864865 30.370899 30.024211 29.788266 29.632503 29.532724 29.470680 29.433217 29.411242 29.398716 29.391774 29.388033 29.386070 29.385066 29.384563 29.384309 29.384167 29.384054 29.383900 29.383620 29.383067 29.381978 29.379866 29.375860 29.368423 29.354914 29.330884 29.289001 29.217397 29.097185 28.898697 28.575789 28.057114 27.232655 25.933115 23.900053 20.750426 15.965529 9.022948 0.000000 
50.000000 46.197496 42.517833 39.071958 35.948944 33.209414 30.883124 28.970588 27.447945 26.273786 25.396577 24.761470 24.315726 24.012368 23.812104 23.683820 23.604051 23.555886 23.527635 23.511531 23.502606 23.497796 23.495273 23.493983 23.493336 23.493012 23.492832 23.492694 23.492512 23.492185 23.491542 23.490277 23.487833 23.483210 23.474657 23.459182 23.431792 23.384338 23.303817 23.169902 22.951434 22.601516 22.050831 21.198929 19.904036 17.974472 15.171905 11.252774 6.100369 0.000000 
50.000000 45.456113 41.059023 36.941310 33.209414 29.935782 27.155967 24.870581 23.051110 21.648067 20.599867 19.840968 19.308347 18.945867 18.706576 18.553293 18.457981 18.400432 18.366676 18.347435 18.336773 18.331026 18.328011 18.326470 18.325699 18.325313 18.325103 18.324948 18.324752 18.324406 18.323731 18.322407 18.319857 18.315049 18.306190 18.290237 18.262160 18.213850 18.132559 17.998751 17.783241 17.443569 16.919745 16.129962 14.967891 13.305378 11.008195 7.977491 4.229530 0.000000 
50.000000 44.826558 39.820257 35.132049 30.883124 27.155967 23.991055 21.389083 19.317580 17.720201 16.526825 15.662826 15.056448 14.643777 14.371356 14.196852 14.088348 14.022833 13.984406 13.962503 13.950365 13.943823 13.940391 13.938638 13.937761 13.937324 13.937091 13.936926 13.936730 13.936390 13.935734 13.934454 13.931994 13.927376 13.918903 13.903724 13.877174 13.831822 13.756176 13.632970 13.437065 13.133077 12.673127 11.995527 11.026005 9.684195 7.899393 5.639509 2.952087 0.000000 
50.000000 44.308971 38.801809 33.644576 28.970588 24.870581 21.389083 18.526853 16.248166 14.491039 13.178328 12.227941 11.560941 11.107018 10.807368 10.615426 10.496080 10.424020 10.381755 10.357664 10.344314 10.337119 10.333345 10.331417 10.330454 10.329977 10.329727 10.329559 10.329372 10.329059 10.328461 10.327300 10.325078 10.320923 10.313335 10.299817 10.276320 10.236480 10.170610 10.064434 9.897674 9.642663 9.263426 8.715956 7.950837 6.919757 5.587462 3.949383 2.051277 0.000000 
50.000000 43.896895 37.990977 32.460336 27.447945 23.051110 19.317580 16.248166 13.804554 11.920264 10.512566 9.493419 8.778169 8.291416 7.970099 7.764279 7.636306 7.559039 7.513720 7.487889 7.473575 7.465860 7.461814 7.459748 7.458716 7.458207 7.457946 7.457780 7.457609 7.457335 7.456820 7.455824 7.453928 7.450396 7.443978 7.432606 7.412964 7.379906 7.325711 7.239217 7.104923 6.902277 6.605503 6.184503 5.607541 4.846428 3.884547 2.726900 1.409150 0.000000 
50.000000 43.579126 37.365712 31.547125 26.273786 21.648067 17.720201 14.491039 11.920264 9.937934 8.457005 7.384850 6.632407 6.120347 5.782328 5.565814 5.431192 5.349912 5.302240 5.275068 5.260011 5.251897 5.247641 5.245468 5.244384 5.243852 5.243583 5.243422 5.243270 5.243041 5.242618 5.241806 5.240268 5.237415 5.232256 5.223165 5.207558 5.181477 5.139066 5.072001 4.968967 4.815342 4.593365 4.283136 3.864826 3.322352 2.648429 1.850086 0.952732 0.000000 
50.000000 43.341719 36.898574 30.864865 25.396577 20.599867 16.526825 13.178328 10.512566 8.457005 6.921380 5.809635 5.029415 4.498457 4.147967 3.923467 3.783882 3.699606 3.650178 3.622005 3.606394 3.597981 3.593569 3.591317 3.590194 3.589645 3.589372 3.589216 3.589085 3.588900 3.588568 3.587936 3.586745 3.584546 3.580587 3.573647 3.561806 3.542150 3.510427 3.460690 3.385004 3.273349 3.113894 2.893855 2.601116 2.226674 1.767680 1.230409 0.632051 0.000000 
50.000000 43.169831 36.560358 30.370899 24.761470 19.840968 15.662826 12.227941 9.493419 7.384850 5.809635 4.669238 3.868915 3.324282 2.964768 2.734490 2.591314 2.504871 2.454172 2.425276 2.409264 2.400635 2.396111 2.393800 2.392650 2.392089 2.391814 2.391665 2.391551 2.391407 2.391156 2.390685 2.389801 2.388178 2.385268 2.380194 2.371584 2.357381 2.334619 2.299209 2.245785 2.167708 2.057331 1.906650 1.708409 1.457653 1.153502 0.800743 0.410584 0.000000 
50.000000 43.049191 36.322981 30.024211 24.315726 19.308347 15.056448 11.560941 8.778169 6.632407 5.029415 3.868915 3.054490 2.500264 2.134421 1.900091 1.754397 1.666434 1.614844 1.585441 1.569148 1.560368 1.555764 1.553414 1.552244 1.551675 1.551398 1.551255 1.551158 1.551047 1.550864 1.550526 1.549897 1.548746 1.546692 1.543128 1.537111 1.527245 1.511534 1.487265 1.450929 1.398263 1.324460 1.224626 1.094497 0.931388 0.735211 0.509314 0.260792 0.000000 
50.000000 42.967086 36.161428 29.788266 24.012368 18.945867 14.643777 11.107018 8.291416 6.120347 4.498457 3.324282 2.500264 1.939514 1.569366 1.332280 1.184874 1.095878 1.043683 1.013934 0.997451 0.988568 0.983910 0.981533 0.980350 0.979775 0.979499 0.979361 0.979275 0.979191 0.979062 0.978829 0.978397 0.977612 0.976217 0.973806 0.969757 0.963153 0.952699 0.936651 0.912789 0.878452 0.830698 0.766603 0.683706 0.580576 0.457381 0.316333 0.161803 0.000000 
50.000000 42.912883 36.054776 29.632503 23.812104 18.706576 14.371356 10.807368 7.970099 5.782328 4.147967 2.964768 2.134421 1.569366 1.196379 0.957475 0.808940 0.719262 0.666668 0.636692 0.620083 0.611132 0.606439 0.604043 0.602852 0.602274 0.601998 0.601863 0.601788 0.601723 0.601634 0.601478 0.601193 0.600676 0.599762 0.598189 0.595560 0.591293 0.584575 0.574320 0.559164 0.537492 0.507551 0.467631 0.416339 0.352922 0.277590 0.191737 0.097989 0.000000 
50.000000 42.878161 35.986456 29.532724 23.683820 18.553293 14.196853 10.615427 7.764280 5.565814 3.923467 2.734490 1.900091 1.332281 0.957475 0.717409 0.568150 0.478037 0.425187 0.395066 0.378376 0.369382 0.364666 0.362259 0.361063 0.360483 0.360207 0.360075 0.360006 0.359956 0.359895 0.359793 0.359611 0.359283 0.358705 0.357714 0.356064 0.353399 0.349222 0.342880 0.333558 0.320302 0.302091 0.277950 0.247103 0.209163 0.164301 0.113367 0.057898 0.000000 
50.000000 42.856571 35.943973 29.470680 23.604052 18.457982 14.088348 10.496080 7.636307 5.431192 3.783883 2.591315 1.754397 1.184874 0.808940 0.568151 0.418443 0.328060 0.275051 0.244839 0.228099 0.219079 0.214349 0.211935 0.210735 0.210154 0.209878 0.209748 0.209684 0.209643 0.209601 0.209537 0.209424 0.209222 0.208869 0.208265 0.207263 0.205652 0.203138 0.199337 0.193778 0.185911 0.175158 0.160973 0.142933 0.120842 0.094821 0.065369 0.033366 0.000000 
50.000000 42.843533 35.918321 29.433217 23.555887 18.400433 14.022834 10.424021 7.559040 5.349913 3.699607 2.504872 1.666435 1.095879 0.719264 0.478038 0.328060 0.237513 0.184409 0.154143 0.137373 0.128336 0.123598 0.121179 0.119978 0.119395 0.119120 0.118991 0.118930 0.118896 0.118866 0.118826 0.118758 0.118638 0.118429 0.118072 0.117483 0.116539 0.115072 0.112863 0.109646 0.105113 0.098944 0.090840 0.080577 0.068054 0.053352 0.036754 0.018752 0.000000 
50.000000 42.835886 35.903275 29.411243 23.527636 18.366678 13.984408 10.381757 7.513722 5.302242 3.650181 2.454175 1.614847 1.043686 0.666671 0.425190 0.275054 0.184411 0.131251 0.100953 0.084165 0.075119 0.070375 0.067955 0.066752 0.066169 0.065894 0.065766 0.065707 0.065676 0.065655 0.065630 0.065590 0.065520 0.065400 0.065196 0.064860 0.064324 0.063493 0.062247 0.060439 0.057901 0.054460 0.049957 0.044273 0.037361 0.029267 0.020150 0.010276 0.000000 
50.000000 42.831528 35.894699 29.398719 23.511535 18.347440 13.962508 10.357670 7.487895 5.275075 3.622012 2.425283 1.585448 1.013942 0.636699 0.395073 0.244846 0.154149 0.100957 0.070641 0.053843 0.044791 0.040045 0.037623 0.036420 0.035837 0.035562 0.035435 0.035376 0.035348 0.035332 0.035316 0.035292 0.035253 0.035186 0.035073 0.034887 0.034591 0.034134 0.033451 0.032464 0.031082 0.029215 0.026779 0.023714 0.019997 0.015655 0.010773 0.005492 0.000000 
50.000000 42.829114 35.889949 29.391782 23.502616 18.336784 13.950378 10.344329 7.473590 5.260028 3.606411 2.409282 1.569166 0.997469 0.620100 0.378394 0.228117 0.137390 0.084180 0.053854 0.037051 0.027996 0.023248 0.020825 0.019621 0.019038 0.018763 0.018636 0.018579 0.018552 0.018538 0.018528 0.018514 0.018493 0.018456 0.018395 0.018295 0.018137 0.017892 0.017528 0.017003 0.016271 0.015284 0.014001 0.012390 0.010442 0.008170 0.005619 0.002864 0.000000 
50.000000 42.827815 35.887394 29.388051 23.497820 18.331054 13.943854 10.337154 7.465898 5.251936 3.598021 2.400677 1.560410 0.988610 0.611174 0.369424 0.219121 0.128378 0.075158 0.044827 0.028021 0.018964 0.014216 0.011792 0.010588 0.010005 0.009730 0.009603 0.009546 0.009521 0.009508 0.009500 0.009492 0.009481 0.009461 0.009429 0.009377 0.009294 0.009166 0.008977 0.008705 0.008326 0.007817 0.007157 0.006330 0.005331 0.004169 0.002867 0.001461 0.000000 
50.000000 42.827141 35.886067 29.386112 23.495328 18.328076 13.940465 10.333426 7.461901 5.247732 3.593663 2.396206 1.555861 0.984008 0.606537 0.364765 0.214448 0.123696 0.070472 0.040138 0.023330 0.014272 0.009524 0.007100 0.005896 0.005313 0.005038 0.004911 0.004854 0.004829 0.004817 0.004811 0.004806 0.004800 0.004790 0.004773 0.004746 0.004703 0.004637 0.004540 0.004401 0.004208 0.003948 0.003613 0.003194 0.002689 0.002102 0.001445 0.000736 0.000000 
50.000000 42.826810 35.885417 29.385163 23.494107 18.326618 13.938806 10.331602 7.459944 5.245674 3.591529 2.394018 1.553634 0.981755 0.604267 0.362484 0.212160 0.121404 0.068178 0.037842 0.021033 0.011976 0.007227 0.004803 0.003599 0.003016 0.002741 0.002614 0.002557 0.002532 0.002521 0.002516 0.002512 0.002508 0.002503 0.002494 0.002479 0.002456 0.002422 0.002370 0.002297 0.002195 0.002059 0.001883 0.001664 0.001400 0.001094 0.000752 0.000383 0.000000 
50.000000 42.826677 35.885154 29.384779 23.493614 18.326029 13.938135 10.330863 7.459153 5.244841 3.590666 2.393132 1.552733 0.980844 0.603349 0.361561 0.211234 0.120477 0.067249 0.036913 0.020104 0.011046 0.006297 0.003874 0.002669 0.002086 0.001811 0.001685 0.001628 0.001603 0.001592 0.001587 0.001584 0.001581 0.001578 0.001572 0.001562 0.001548 0.001526 0.001493 0.001446 0.001382 0.001296 0.001184 0.001046 0.000880 0.000687 0.000472 0.000240 0.000000 
50.000000 42.826677 35.885154 29.384779 23.493614 18.326029 13.938135 10.330863 7.459153 5.244841 3.590666 2.393132 1.552733 0.980844 0.603349 0.361561 0.211234 0.120477 0.067249 0.036913 0.020104 0.011046 0.006297 0.003874 0.002669 0.002086 0.001811 0.001685 0.001628 0.001603 0.001592 0.001587 0.001584 0.001581 0.001578 0.001572 0.001562 0.001548 0.001526 0.001493 0.001446 0.001382 0.001296 0.001184 0.001046 0.000880 0.000687 0.000472 0.000240 0.000000 
50.000000 42.826810 35.885417 29.385163 23.494107 18.326618 13.938806 10.331602 7.459944 5.245674 3.591529 2.394018 1.553634 0.981755 0.604267 0.362484 0.212160 0.121404 0.068178 0.037842 0.021033 0.011976 0.007227 0.004803 0.003599 0.003016 0.002741 0.002614 0.002557 0.002532 0.002521 0.002516 0.002512 0.002508 0.002503 0.002494 0.002479 0.002456 0.002422 0.002370 0.002297 0.002195 0.002059 0.001883 0.001664 0.001400 0.001094 0.000752 0.000383 0.000000 
50.000000 42.827141 35.886067 29.386112 23.495328 18.328076 13.940465 10.333426 7.461901 5.247732 3.593663 2.396206 1.555861 0.984008 0.606537 0.364765 0.214448 0.123696 0.070472 0.040138 0.023330 0.014272 0.009524 0.007100 0.005896 0.005313 0.005038 0.004911 0.004854 0.004829 0.004817 0.004811 0.004806 0.004800 0.004790 0.004773 0.004746 0.004703 0.004637 0.004540 0.004401 0.004208 0.003948 0.003613 0.003194 0.002689 0.002102 0.001445 0.000736 0.000000 
50.000000 42.827815 35.887394 29.388051 23.497820 18.331054 13.943854 10.337154 7.465898 5.251936 3.598021 2.400677 1.560410 0.988610 0.611174 0.369424 0.219121 0.128378 0.075158 0.044827 0.028021 0.018964 0.014216 0.011792 0.010588 0.010005 0.009730 0.009603 0.009546 0.009521 0.009508 0.009500 0.009492 0.009481 0.009461 0.009429 0.009377 0.009294 0.009166 0.008977 0.008705 0.008326 0.007817 0.007157 0.006330 0.005331 0.004169 0.002867 0.001461 0.000000 
50.000000 42.829114 35.889949 29.391782 23.502616 18.336784 13.950378 10.344329 7.473590 5.260028 3.606411 2.409282 1.569166 0.997469 0.620100 0.378394 0.228117 0.137390 0.084180 0.053854 0.037051 0.027996 0.023248 0.020825 0.019621 0.019038 0.018763 0.018636 0.018579 0.018552 0.018538 0.018528 0.018514 0.018493 0.018456 0.018395 0.018295 0.018137 0.017892 0.017528 0.017003 0.016271 0.015284 0.014001 0.012390 0.010442 0.008170 0.005619 0.002864 0.000000 
50.000000 42.831528 35.894699 29.398719 23.511535 18.347440 13.962508 10.357670 7.487895 5.275075 3.622012 2.425283 1.585448 1.013942 0.636699 0.395073 0.244846 0.154149 0.100957 0.070641 0.053843 0.044791 0.040045 0.037623 0.036420 0.035837 0.035562 0.035435 0.035376 0.035348 0.035332 0.035316 0.035292 0.035253 0.035186 0.035073 0.034887 0.034591 0.034134 0.033451 0.032464 0.031082 0.029215 0.026779 0.023714 0.019997 0.015655 0.010773 0.005492 0.000000 
50.000000 42.835886 35.903275 29.411243 23.527636 18.366678 13.984408 10.381757 7.513722 5.302242 3.650181 2.454175 1.614847 1.043686 0.666671 0.425190 0.275054 0.184411 0.131251 0.100953 0.084165 0.075119 0.070375 0.067955 0.066752 0.066169 0.065894 0.065766 0.065707 0.065676 0.065655 0.065630 0.065590 0.065520 0.065400 0.065196 0.064860 0.064324 0.063493 0.062247 0.060439 0.057901 0.054460 0.049957 0.044273 0.037361 0.029267 0.020150 0.010276 0.000000 
50.000000 42.843533 35.918321 29.433217 23.555887 18.400433 14.022834 10.424021 7.559040 5.349913 3.699607 2.504872 1.666435 1.095879 0.719264 0.478038 0.328060 0.237513 0.184409 0.154143 0.137373 0.128336 0.123598 0.121179 0.119978 0.119395 0.119120 0.118991 0.118930 0.118896 0.118866 0.118826 0.118758 0.118638 0.118429 0.118072 0.117483 0.116539 0.115072 0.112863 0.109646 0.105113 0.098944 0.090840 0.080577 0.068054 0.053352 0.036754 0.018752 0.000000 
50.000000 42.856571 35.943973 29.470680 23.604052 18.457982 14.088348 10.496080 7.636307 5.431192 3.783883 2.591315 1.754397 1.184874 0.808940 0.568151 0.418443 0.328060 0.275051 0.244839 0.228099 0.219079 0.214349 0.211935 0.210735 0.210154 0.209878 0.209748 0.209684 0.209643 0.209601 0.209537 0.209424 0.209222 0.208869 0.208265 0.207263 0.205652 0.203138 0.199337 0.193778 0.185911 0.175158 0.160973 0.142933 0.120842 0.094821 0.065369 0.033366 0.000000 
50.000000 42.878161 35.986456 29.532724 23.683820 18.553293 14.196853 10.615427 7.764280 5.565814 3.923467 2.734490 1.900091 1.332281 0.957475 0.717409 0.568150 0.478037 0.425187 0.395066 0.378376 0.369382 0.364666 0.362259 0.361063 0.360483 0.360207 0.360075 0.360006 0.359956 0.359895 0.359793 0.359611 0.359283 0.358705 0.357714 0.356064 0.353399 0.349222 0.342880 0.333558 0.320302 0.302091 0.277950 0.247103 0.209163 0.164301 0.113367 0.057898 0.000000 
50.000000 42.912883 36.054776 29.632503 23.812104 18.706576 14.371356 10.807368 7.970099 5.782328 4.147967 2.964768 2.134421 1.569366 1.196379 0.957475 0.808940 0.719262 0.666668 0.636692 0.620083 0.611132 0.606439 0.604043 0.602852 0.602274 0.601998 0.601863 0.601788 0.601723 0.601634 0.601478 0.601193 0.600676 0.599762 0.598189 0.595560 0.591293 0.584575 0.574320 0.559164 0.537492 0.507551 0.467631 0.416339 0.352922 0.277590 0.191737 0.097989 0.000000 
50.000000 42.967086 36.161428 29.788266 24.012368 18.945867 14.643777 11.107018 8.291416 6.120347 4.498457 3.324282 2.500264 1.939514 1.569366 1.332280 1.184874 1.095878 1.043683 1.013934 0.997451 0.988568 0.983910 0.981533 0.980350 0.979775 0.979499 0.979361 0.979275 0.979191 0.979062 0.978829 0.978397 0.977612 0.976217 0.973806 0.969757 0.963153 0.952699 0.936651 0.912789 0.878452 0.830698 0.766603 0.683706 0.580576 0.457381 0.316333 0.161803 0.000000 
50.000000 43.049191 36.322981 30.024211 24.315726 19.308347 15.056448 11.560941 8.778169 6.632407 5.029415 3.868915 3.054490 2.500264 2.134421 1.900091 1.754397 1.666434 1.614844 1.585441 1.569148 1.560368 1.555764 1.553414 1.552244 1.551675 1.551398 1.551255 1.551158 1.551047 1.550864 1.550526 1.549897 1.548746 1.546692 1.543128 1.537111 1.527245 1.511534 1.487265 1.450929 1.398263 1.324460 1.224626 1.094497 0.931388 0.735211 0.509314 0.260792 0.000000 
50.000000 43.169831 36.560358 30.370899 24.761470 19.840968 15.662826 12.227941 9.493419 7.384850 5.809635 4.669238 3.868915 3.324282 2.964768 2.734490 2.591314 2.504871 2.454172 2.425276 2.409264 2.400635 2.396111 2.393800 2.392650 2.392089 2.391814 2.391665 2.391551 2.391407 2.391156 2.390685 2.389801 2.388178 2.385268 2.380194 2.371584 2.357381 2.334619 2.299209 2.245785 2.167708 2.057331 1.906650 1.708409 1.457653 1.153502 0.800743 0.410584 0.000000 
50.000000 43.341719 36.898574 30.864865 25.396577 20.599867 16.526825 13.178328 10.512566 8.457005 6.921380 5.809635 5.029415 4.498457 4.147967 3.923467 3.783882 3.699606 3.650178 3.622005 3.606394 3.597981 3.593569 3.591317 3.590194 3.589645 3.589372 3.589216 3.589085 3.588900 3.588568 3.587936 3.586745 3.584546 3.580587 3.573647 3.561806 3.542150 3.510427 3.460690 3.385004 3.273349 3.113894 2.893855 2.601116 2.226674 1.767680 1.230409 0.632051 0.000000 
50.000000 43.579126 37.365712 31.547125 26.273786 21.648067 17.720201 14.491039 11.920264 9.937934 8.457005 7.384850 6.632407 6.120347 5.782328 5.565814 5.431192 5.349912 5.302240 5.275068 5.260011 5.251897 5.247641 5.245468 5.244384 5.243852 5.243583 5.243422 5.243270 5.243041 5.242618 5.241806 5.240268 5.237415 5.232256 5.223165 5.207558 5.181477 5.139066 5.072001 4.968967 4.815342 4.593365 4.283136 3.864826 3.322352 2.648429 1.850086 0.952732 0.000000 
50.000000 43.896895 37.990977 32.460336 27.447945 23.051110 19.317580 16.248166 13.804554 11.920264 10.512566 9.493419 8.778169 8.291416 7.970099 7.764279 7.636306 7.559039 7.513720 7.487889 7.473575 7.465860 7.461814 7.459748 7.458716 7.458207 7.457946 7.457780 7.457609 7.457335 7.456820 7.455824 7.453928 7.450396 7.443978 7.432606 7.412964 7.379906 7.325711 7.239217 7.104923 6.902277 6.605503 6.184503 5.607541 4.846428 3.884547 2.726900 1.409150 0.000000 
50.000000 44.308971 38.801809 33.644576 28.970588 24.870581 21.389083 18.526853 16.248166 14.491039 13.178328 12.227941 11.560941 11.107018 10.807368 10.615426 10.496080 10.424020 10.381755 10.357664 10.344314 10.337119 10.333345 10.331417 10.330454 10.329977 10.329727 10.329559 10.329372 10.329059 10.328461 10.327300 10.325078 10.320923 10.313335 10.299817 10.276320 10.236480 10.170610 10.064434 9.897674 9.642663 9.263426 8.715956 7.950837 6.919757 5.587462 3.949383 2.051277 0.000000 
50.000000 44.826558 39.820257 35.132049 30.883124 27.155967 23.991055 21.389083 19.317580 17.720201 16.526825 15.662826 15.056448 14.643777 14.371356 14.196852 14.088348 14.022833 13.984406 13.962503 13.950365 13.943823 13.940391 13.938638 13.937761 13.937324 13.937091 13.936926 13.936730 13.936390 13.935734 13.934454 13.931994 13.927376 13.918903 13.903724 13.877174 13.831822 13.756176 13.632970 13.437065 13.133077 12.673127 11.995527 11.026005 9.684195 7.899393 5.639509 2.952087 0.000000 
50.000000 45.456113 41.059023 36.941310 33.209414 29.935782 27.155967 24.870581 23.051110 21.648067 20.599867 19.840968 19.308347 18.945867 18.706576 18.553293 18.457981 18.400432 18.366676 18.347435 18.336773 18.331026 18.328011 18.326470 18.325699 18.325313 18.325103 18.324948 18.324752 18.324406 18.323731 18.322407 18.319857 18.315049 18.306190 18.290237 18.262160 18.213850 18.132559 17.998751 17.783241 17.443569 16.919745 16.129962 14.967891 13.305378 11.008195 7.977491 4.229530 0.000000 
50.000000 46.197496 42.517833 39.071958 35.948944 33.209414 30.883124 28.970588 27.447945 26.273786 25.396577 24.761470 24.315726 24.012368 23.812104 23.683820 23.604051 23.555886 23.527635 23.511531 23.502606 23.497796 23.495273 23.493983 23.493336 23.493012 23.492832 23.492694 23.492512 23.492185 23.491542 23.490277 23.487833 23.483210 23.474657 23.459182 23.431792 23.384338 23.303817 23.169902 22.951434 22.601516 22.050831 21.198929 19.904036 17.974472 15.171905 11.252774 6.100369 0.000000 
50.000000 47.042653 44.180842 41.500852 39.071958 36.941310 35.132049 33.644576 32.460336 31.547125 30.864865 30.370899 30.024211 29.788266 29.632503 29.532724 29.470680 29.433217 29.411242 29.398716 29.391774 29.388033 29.386070 29.385066 29.384563 29.384309 29.384167 29.384054 29.383900 29.383620 29.383067 29.381978 29.379866 29.375860 29.368423 29.354914 29.330884 29.289001 29.217397 29.097185 28.898697 28.575789 28.057114 27.232655 25.933115 23.900053 20.750426 15.965529 9.022948 0.000000 
50.000000 47.975178 46.015767 44.180842 42.517833 41.059023 39.820257 38.801809 37.990977 37.365712 36.898574 36.560358 36.322981 36.161428 36.054776 35.986456 35.943973 35.918321 35.903274 35.894697 35.889944 35.887382 35.886038 35.885350 35.885005 35.884831 35.884732 35.884652 35.884540 35.884335 35.883929 35.883126 35.881567 35.878604 35.873089 35.863039 35.845094 35.813667 35.759615 35.668165 35.515627 35.264077 34.852426 34.180748 33.081532 31.265059 28.215313 23.007883 14.113263 0.000000 
50.000000 48.970968 47.975178 47.042653 46.197496 45.456113 44.826558 44.308971 43.896895 43.579126 43.341719 43.169831 43.049191 42.967086 42.912883 42.878161 42.856570 42.843533 42.835886 42.831527 42.829111 42.827809 42.827126 42.826776 42.826601 42.826512 42.826462 42.826420 42.826361 42.826252 42.826037 42.825611 42.824782 42.823204 42.820264 42.814894 42.805283 42.788400 42.759247 42.709667 42.626395 42.487744 42.257693 41.874471 41.226583 40.097126 38.019704 33.861915 24.485484 0.000000 
50.000000 50.000000 50.000000 50.000000 50.000000 50.000000 50.000000 50.000000 50.000000 50.000000 50.000000 50.000000 50.000000 50.000000 50.000000 50.000000 50.000000 50.000000 50.000000 50.000000 50.000000 50.000000 50.000000 50.000000 50.000000 50.000000 50.000000 50.000000 50.000000 50.000000 50.000000 50.000000 50.000000 50.000000 50.000000 50.000000 50.000000 50.000000 50.000000 50.000000 50.000000 50.000000 50.000000 50.000000 50.000000 50.000000 50.000000 50.000000 50.000000 50.000000 
