50.000000 50.000000 50.000000 50.000000 50.000000 50.000000 50.000000 50.000000 50.000000 50.000000 50.000000 50.000000 50.000000 50.000000 50.000000 50.000000 50.000000 50.000000 50.000000 50.000000 50.000000 50.000000 50.000000 50.000000 50.000000 50.000000 50.000000 50.000000 50.000000 50.000000 50.000000 50.000000 50.000000 50.000000 50.000000 50.000000 50.000000 50.000000 50.000000 50.000000 50.000000 50.000000 50.000000 50.000000 50.000000 50.000000 50.000000 50.000000 50.000000 50.000000 
50.000000 49.078768 48.184180 47.340571 46.567986 45.880811 45.287135 44.788892 44.382631 44.060738 43.812860 43.627305 43.492251 43.396653 43.330828 43.286726 43.257967 43.239709 43.228422 43.221624 43.217634 43.215351 43.214078 43.213383 43.213009 43.212807 43.212685 43.212586 43.212460 43.212247 43.211853 43.211120 43.209770 43.207330 43.203000 43.195451 43.182518 43.160713 43.124475 43.064990 42.968269 42.811897 42.559180 42.147833 41.466092 40.297116 38.174958 33.968066 24.539384 0.000000 
50.000000 48.184180 46.420879 44.758060 43.235238 41.880765 40.710589 39.728519 38.927753 38.293282 37.804700 37.438962 37.172764 36.984337 36.854593 36.767666 36.710982 36.674996 36.652748 36.639349 36.631486 36.626987 36.624476 36.623107 36.622372 36.621973 36.621736 36.621544 36.621302 36.620897 36.620150 36.618761 36.616209 36.611599 36.603432 36.589224 36.564940 36.524121 36.456549 36.346196 36.167995 35.882627 35.427725 34.702379 33.538565 31.646680 28.511567 23.210439 14.216115 0.000000 
50.000000 47.340571 44.758060 42.322717 40.092415 38.108676 36.394860 34.956543 33.783763 32.854538 32.138979 31.603335 31.213474 30.937515 30.747500 30.620193 30.537177 30.484475 30.451893 30.432271 30.420755 30.414167 30.410490 30.408485 30.407409 30.406828 30.406484 30.406211 30.405875 30.405317 30.404292 30.402388 30.398897 30.392608 30.381492 30.362214 30.329390 30.274478 30.184120 30.037687 29.803601 29.433782 28.855112 27.956210 26.567063 24.429398 21.161359 16.246493 9.165613 0.000000 
50.000000 46.567986 43.235238 40.092415 37.214203 34.654187 32.442512 30.586373 29.072914 27.873765 26.950353 26.259120 25.756019 25.399906 25.154702 24.990420 24.883295 24.815287 24.773243 24.747922 24.733062 24.724561 24.719817 24.717231 24.715844 24.715098 24.714661 24.714324 24.713920 24.713257 24.712048 24.709811 24.705718 24.698365 24.685414 24.663044 24.625143 24.562117 24.459180 24.293925 24.032911 23.626927 23.004538 22.063664 20.661680 18.607101 15.663017 11.588558 6.270870 0.000000 
50.000000 45.880811 41.880765 38.108676 34.654187 31.581611 28.927128 26.699374 24.882914 23.443699 22.335428 21.505821 20.902012 20.474618 20.180334 19.983171 19.854606 19.772989 19.722531 19.692144 19.674311 19.664109 19.658417 19.655313 19.653652 19.652761 19.652246 19.651862 19.651418 19.650705 19.649413 19.647032 19.642690 19.634917 19.621280 19.597837 19.558342 19.493115 19.387474 19.219624 18.957899 18.557326 17.955618 17.069195 15.790805 13.992506 11.541613 8.342200 4.414718 0.000000 
50.000000 45.287135 40.710589 36.394860 32.442512 28.927128 25.890103 23.341314 21.263100 19.616501 18.348542 17.399405 16.708605 16.219640 15.882964 15.657402 15.510320 15.416948 15.359224 15.324461 15.304061 15.292391 15.285879 15.282330 15.280433 15.279419 15.278843 15.278429 15.277973 15.277257 15.275976 15.273625 15.269353 15.261736 15.248431 15.225678 15.187582 15.125126 15.024860 14.867235 14.624604 14.259044 13.720353 12.945052 11.857933 10.378847 8.438651 6.008210 3.139302 0.000000 
50.000000 44.788892 39.728519 34.956543 30.586373 26.699374 23.341314 20.523113 18.225239 16.404612 15.002653 13.953217 13.189423 12.648795 12.276552 12.027162 11.864545 11.761313 11.697493 11.659060 11.636506 11.623604 11.616406 11.612485 11.610390 11.609276 11.608653 11.608224 11.607777 11.607100 11.605903 11.603720 11.599769 11.592755 11.580561 11.559822 11.525317 11.469173 11.379833 11.240847 11.029549 10.715848 10.261557 9.620961 8.743756 7.581836 6.101431 4.300794 2.229712 0.000000 
50.000000 44.382631 38.927753 33.783763 29.072914 24.882914 21.263100 18.225239 15.748276 13.785765 12.274560 11.143357 10.320058 9.737318 9.336081 9.067270 8.891991 8.780722 8.711934 8.670510 8.646201 8.632296 8.624539 8.620314 8.618059 8.616866 8.616209 8.615778 8.615356 8.614746 8.613684 8.611761 8.608297 8.602175 8.591584 8.573671 8.544060 8.496232 8.420780 8.304570 8.129937 7.874138 7.509392 7.004056 6.325589 5.445987 4.349981 3.045125 1.570735 0.000000 
50.000000 44.060738 38.293282 32.854538 27.873765 23.443699 19.616501 16.404612 13.785765 11.710852 10.113104 8.917128 8.046694 7.430596 7.006395 6.722202 6.536895 6.419261 6.346540 6.302747 6.277049 6.262350 6.254150 6.249685 6.247305 6.246051 6.245371 6.244945 6.244559 6.244029 6.243129 6.241513 6.238618 6.233524 6.224755 6.210004 6.185773 6.146917 6.086118 5.993350 5.855426 5.655828 5.375063 4.991897 4.485800 3.840854 3.050937 2.125287 1.092469 0.000000 
50.000000 43.812860 37.804700 32.138979 26.950353 22.335428 18.348542 15.002653 12.274560 10.113104 8.448724 7.202881 6.296160 5.654383 5.212506 4.916473 4.723447 4.600915 4.525167 4.479552 4.452785 4.437474 4.428934 4.424285 4.421809 4.420509 4.419815 4.419398 4.419052 4.418608 4.417875 4.416574 4.414257 4.410198 4.403246 4.391614 4.372622 4.342374 4.295407 4.224362 4.119754 3.969991 3.761805 3.481307 3.115805 2.656428 2.101293 1.458505 0.747870 0.000000 
50.000000 43.627305 37.438962 31.603335 26.259120 21.505821 17.399406 13.953217 11.143357 8.917128 7.202881 5.919719 4.985843 4.324850 3.869746 3.564855 3.366055 3.239858 3.161845 3.114867 3.087300 3.071533 3.062738 3.057952 3.055405 3.054072 3.053369 3.052965 3.052656 3.052293 3.051718 3.050711 3.048929 3.045823 3.040528 3.031714 3.017407 2.994765 2.959859 2.907474 2.831010 2.722577 2.573384 2.374545 2.118347 1.799940 1.419214 0.982413 0.502830 0.000000 
50.000000 43.492251 37.172764 31.213474 25.756019 20.902012 16.708605 13.189423 10.320058 8.046694 6.296160 4.985843 4.032209 3.357237 2.892510 2.581175 2.378174 2.249312 2.169653 2.121683 2.093535 2.077435 2.068456 2.063569 2.060971 2.059615 2.058908 2.058516 2.058242 2.057950 2.057512 2.056760 2.055440 2.053151 2.049266 2.042833 2.032445 2.016105 1.991078 1.953787 1.899777 1.823826 1.720250 1.583479 1.408897 1.193902 0.938995 0.648643 0.331538 0.000000 
50.000000 43.396653 36.984337 30.937515 25.399906 20.474618 16.219640 12.648796 9.737318 7.430596 5.654383 4.324850 3.357237 2.672373 2.200839 1.884944 1.678973 1.548226 1.467401 1.418730 1.390171 1.373836 1.364727 1.359770 1.357136 1.355764 1.355055 1.354673 1.354428 1.354196 1.353871 1.353328 1.352383 1.350755 1.348004 1.343470 1.336187 1.324792 1.307444 1.281762 1.244823 1.193258 1.123478 1.032057 0.916276 0.774763 0.608125 0.419397 0.214135 0.000000 
50.000000 43.330828 36.854593 30.747500 25.154702 20.180334 15.882964 12.276552 9.336081 7.006395 5.212506 3.869746 2.892511 2.200839 1.724620 1.405588 1.197572 1.065528 0.983902 0.934749 0.905907 0.889411 0.880211 0.875206 0.872548 0.871166 0.870456 0.870083 0.869861 0.869675 0.869438 0.869057 0.868404 0.867284 0.865401 0.862310 0.857369 0.849678 0.838033 0.820892 0.796392 0.762411 0.716731 0.657286 0.582498 0.491658 0.385287 0.265370 0.135377 0.000000 
50.000000 43.286726 36.767666 30.620193 24.990420 19.983172 15.657402 12.027163 9.067271 6.722203 4.916474 3.564856 2.581176 1.884945 1.405589 1.084457 0.875072 0.742160 0.659997 0.610521 0.581490 0.564886 0.555627 0.550589 0.547915 0.546526 0.545816 0.545451 0.545246 0.545095 0.544924 0.544663 0.544224 0.543478 0.542230 0.540190 0.536942 0.531910 0.524329 0.513229 0.497449 0.475688 0.446603 0.408972 0.361893 0.305007 0.238702 0.164235 0.083726 0.000000 
50.000000 43.257967 36.710982 30.537178 24.883296 19.854608 15.510321 11.864547 8.891993 6.536897 4.723450 3.366057 2.378176 1.678975 1.197574 0.875073 0.664797 0.531319 0.448807 0.399121 0.369967 0.353292 0.343993 0.338935 0.336250 0.334857 0.334148 0.333788 0.333595 0.333469 0.333345 0.333170 0.332884 0.332402 0.331599 0.330293 0.328222 0.325028 0.320236 0.313253 0.303375 0.289819 0.271794 0.248587 0.219692 0.184931 0.144571 0.099384 0.050637 0.000000 
50.000000 43.239710 36.674997 30.484478 24.815290 19.772992 15.416952 11.761317 8.780726 6.419266 4.600920 3.239863 2.249317 1.548231 1.065533 0.742164 0.531322 0.397485 0.314751 0.264932 0.235700 0.218981 0.209657 0.204586 0.201894 0.200498 0.199789 0.199433 0.199250 0.199141 0.199049 0.198933 0.198750 0.198448 0.197947 0.197135 0.195853 0.193883 0.190939 0.186668 0.180652 0.172433 0.161552 0.147603 0.130306 0.109575 0.085583 0.058790 0.029941 0.000000 
50.000000 43.228423 36.652752 30.451898 24.773250 19.722539 15.359233 11.697503 8.711945 6.346551 4.525179 3.161857 2.169665 1.467413 0.983914 0.660009 0.448817 0.314759 0.231889 0.181987 0.152706 0.135960 0.126621 0.121541 0.118845 0.117448 0.116740 0.116386 0.116209 0.116111 0.116041 0.115963 0.115849 0.115664 0.115360 0.114870 0.114098 0.112917 0.111158 0.108616 0.105049 0.100195 0.093793 0.085618 0.075515 0.063445 0.049515 0.033994 0.017306 0.000000 
50.000000 43.221628 36.639357 30.432283 24.747937 19.692162 15.324482 11.659083 8.670535 6.302773 4.479579 3.114894 2.121711 1.418758 0.934777 0.610549 0.399148 0.264956 0.182003 0.132052 0.102743 0.085979 0.076631 0.071547 0.068849 0.067451 0.066743 0.066391 0.066217 0.066126 0.066070 0.066017 0.065947 0.065836 0.065656 0.065368 0.064916 0.064227 0.063204 0.061730 0.059670 0.056875 0.053202 0.048527 0.042767 0.035904 0.028003 0.019215 0.009779 0.000000 
50.000000 43.217643 36.631504 30.420782 24.733097 19.674352 15.304108 11.636558 8.646257 6.277108 4.452845 3.087362 2.093598 1.390235 0.905971 0.581555 0.370030 0.235760 0.152759 0.102779 0.073453 0.056680 0.047326 0.042239 0.039539 0.038141 0.037433 0.037082 0.036911 0.036825 0.036777 0.036739 0.036696 0.036631 0.036527 0.036362 0.036104 0.035712 0.035132 0.034298 0.033137 0.031567 0.029509 0.026897 0.023689 0.019875 0.015492 0.010626 0.005406 0.000000 
50.000000 43.215372 36.627028 30.414226 24.724638 19.664201 15.292495 11.623719 8.632419 6.262479 4.437608 3.071670 2.077575 1.373978 0.889554 0.565029 0.353434 0.219120 0.136092 0.086095 0.056759 0.039981 0.030624 0.025535 0.022835 0.021436 0.020729 0.020378 0.020208 0.020125 0.020082 0.020054 0.020026 0.019988 0.019929 0.019837 0.019693 0.019474 0.019152 0.018691 0.018050 0.017186 0.016056 0.014626 0.012874 0.010795 0.008410 0.005766 0.002933 0.000000 
50.000000 43.214122 36.624564 30.410619 24.719983 19.658614 15.286104 11.616654 8.624805 6.254430 4.429224 3.063036 2.068759 1.365034 0.880520 0.555937 0.344303 0.209964 0.126921 0.076916 0.047574 0.030793 0.021435 0.016345 0.013644 0.012245 0.011537 0.011188 0.011018 0.010937 0.010896 0.010873 0.010855 0.010832 0.010799 0.010747 0.010667 0.010547 0.010370 0.010116 0.009765 0.009293 0.008678 0.007901 0.006950 0.005825 0.004536 0.003109 0.001581 0.000000 
50.000000 43.213478 36.623294 30.408758 24.717581 19.655732 15.282808 11.613009 8.620877 6.250277 4.424899 3.058582 2.064211 1.360419 0.875860 0.551246 0.339593 0.205241 0.122191 0.072180 0.042836 0.026053 0.016694 0.011604 0.008903 0.007504 0.006796 0.006447 0.006277 0.006197 0.006158 0.006138 0.006124 0.006110 0.006090 0.006060 0.006014 0.005944 0.005843 0.005698 0.005498 0.005230 0.004882 0.004442 0.003905 0.003272 0.002547 0.001745 0.000887 0.000000 
50.000000 43.213206 36.622759 30.407975 24.716571 19.654520 15.281421 11.611477 8.619225 6.248531 4.423080 3.056709 2.062298 1.358478 0.873901 0.549274 0.337612 0.203255 0.120201 0.070189 0.040843 0.024060 0.014700 0.009610 0.006909 0.005510 0.004802 0.004453 0.004284 0.004204 0.004165 0.004146 0.004134 0.004124 0.004110 0.004089 0.004057 0.004010 0.003940 0.003842 0.003706 0.003524 0.003288 0.002990 0.002628 0.002201 0.001713 0.001173 0.000596 0.000000 
50.000000 43.213206 36.622759 30.407975 24.716571 19.654520 15.281421 11.611477 8.619225 6.248531 4.423080 3.056709 2.062298 1.358478 0.873901 0.549274 0.337612 0.203255 0.120201 0.070189 0.040843 0.024060 0.014700 0.009610 0.006909 0.005510 0.004802 0.004453 0.004284 0.004204 0.004165 0.004146 0.004134 0.004124 0.004110 0.004089 0.004057 0.004010 0.003940 0.003842 0.003706 0.003524 0.003288 0.002990 0.002628 0.002201 0.001713 0.001173 0.000596 0.000000 
50.000000 43.213478 36.623294 30.408758 24.717581 19.655732 15.282808 11.613009 8.620877 6.250277 4.424899 3.058582 2.064211 1.360419 0.875860 0.551246 0.339593 0.205241 0.122191 0.072180 0.042836 0.026053 0.016694 0.011604 0.008903 0.007504 0.006796 0.006447 0.006277 0.006197 0.006158 0.006138 0.006124 0.006110 0.006090 0.006060 0.006014 0.005944 0.005843 0.005698 0.005498 0.005230 0.004882 0.004442 0.003905 0.003272 0.002547 0.001745 0.000887 0.000000 
50.000000 43.214122 36.624564 30.410619 24.719983 19.658614 15.286104 11.616654 8.624805 6.254430 4.429224 3.063036 2.068759 1.365034 0.880520 0.555937 0.344303 0.209964 0.126921 0.076916 0.047574 0.030793 0.021435 0.016345 0.013644 0.012245 0.011537 0.011188 0.011018 0.010937 0.010896 0.010873 0.010855 0.010832 0.010799 0.010747 0.010667 0.010547 0.010370 0.010116 0.009765 0.009293 0.008678 0.007901 0.006950 0.005825 0.004536 0.003109 0.001581 0.000000 
50.000000 43.215372 36.627028 30.414226 24.724638 19.664201 15.292495 11.623719 8.632419 6.262479 4.437608 3.071670 2.077575 1.373978 0.889554 0.565029 0.353434 0.219120 0.136092 0.086095 0.056759 0.039981 0.030624 0.025535 0.022835 0.021436 0.020729 0.020378 0.020208 0.020125 0.020082 0.020054 0.020026 0.019988 0.019929 0.019837 0.019693 0.019474 0.019152 0.018691 0.018050 0.017186 0.016056 0.014626 0.012874 0.010795 0.008410 0.005766 0.002933 0.000000 
50.000000 43.217643 36.631504 30.420782 24.733097 19.674352 15.304108 11.636558 8.646257 6.277108 4.452845 3.087362 2.093598 1.390235 0.905971 0.581555 0.370030 0.235760 0.152759 0.102779 0.073453 0.056680 0.047326 0.042239 0.039539 0.038141 0.037433 0.037082 0.036911 0.036825 0.036777 0.036739 0.036696 0.036631 0.036527 0.036362 0.036104 0.035712 0.035132 0.034298 0.033137 0.031567 0.029509 0.026897 0.023689 0.019875 0.015492 0.010626 0.005406 0.000000 
50.000000 43.221628 36.639357 30.432283 24.747937 19.692162 15.324482 11.659083 8.670535 6.302773 4.479579 3.114894 2.121711 1.418758 0.934777 0.610549 0.399148 0.264956 0.182003 0.132052 0.102743 0.085979 0.076631 0.071547 0.068849 0.067451 0.066743 0.066391 0.066217 0.066126 0.066070 0.066017 0.065947 0.065836 0.065656 0.065368 0.064916 0.064227 0.063204 0.061730 0.059670 0.056875 0.053202 0.048527 0.042767 0.035904 0.028003 0.019215 0.009779 0.000000 
50.000000 43.228423 36.652752 30.451898 24.773250 19.722539 15.359233 11.697503 8.711945 6.346551 4.525179 3.161857 2.169665 1.467413 0.983914 0.660009 0.448817 0.314759 0.231889 0.181987 0.152706 0.135960 0.126621 0.121541 0.118845 0.117448 0.116740 0.116386 0.116209 0.116111 0.116041 0.115963 0.115849 0.115664 0.115360 0.114870 0.114098 0.112917 0.111158 0.108616 0.105049 0.100195 0.093793 0.085618 0.075515 0.063445 0.049515 0.033994 0.017306 0.000000 
50.000000 43.239710 36.674997 30.484478 24.815290 19.772992 15.416952 11.761317 8.780726 6.419266 4.600920 3.239863 2.249317 1.548231 1.065533 0.742164 0.531322 0.397485 0.314751 0.264932 0.235700 0.218981 0.209657 0.204586 0.201894 0.200498 0.199789 0.199433 0.199250 0.199141 0.199049 0.198933 0.198750 0.198448 0.197947 0.197135 0.195853 0.193883 0.190939 0.186668 0.180652 0.172433 0.161552 0.147603 0.130306 0.109575 0.085583 0.058790 0.029941 0.000000 
50.000000 43.257967 36.710982 30.537178 24.883296 19.854608 15.510321 11.864547 8.891993 6.536897 4.723450 3.366057 2.378176 1.678975 1.197574 0.875073 0.664797 0.531319 0.448807 0.399121 0.369967 0.353292 0.343993 0.338935 0.336250 0.334857 0.334148 0.333788 0.333595 0.333469 0.333345 0.333170 0.332884 0.332402 0.331599 0.330293 0.328222 0.325028 0.320236 0.313253 0.303375 0.289819 0.271794 0.248587 0.219692 0.184931 0.144571 0.099384 0.050637 0.000000 
50.000000 43.286726 36.767666 30.620193 24.990420 19.983172 15.657402 12.027163 9.067271 6.722203 4.916474 3.564856 2.581176 1.884945 1.405589 1.084457 0.875072 0.742160 0.659997 0.610521 0.581490 0.564886 0.555627 0.550589 0.547915 0.546526 0.545816 0.545451 0.545246 0.545095 0.544924 0.544663 0.544224 0.543478 0.542230 0.540190 0.536942 0.531910 0.524329 0.513229 0.497449 0.475688 0.446603 0.408972 0.361893 0.305007 0.238702 0.164235 0.083726 0.000000 
50.000000 43.330828 36.854593 30.747500 25.154702 20.180334 15.882964 12.276552 9.336081 7.006395 5.212506 3.869746 2.892511 2.200839 1.724620 1.405588 1.197572 1.065528 0.983902 0.934749 0.905907 0.889411 0.880211 0.875206 0.872548 0.871166 0.870456 0.870083 0.869861 0.869675 0.869438 0.869057 0.868404 0.867284 0.865401 0.862310 0.857369 0.849678 0.838033 0.820892 0.796392 0.762411 0.716731 0.657286 0.582498 0.491658 0.385287 0.265370 0.135377 0.000000 
50.000000 43.396653 36.984337 30.937515 25.399906 20.474618 16.219640 12.648796 9.737318 7.430596 5.654383 4.324850 3.357237 2.672373 2.200839 1.884944 1.678973 1.548226 1.467401 1.418730 1.390171 1.373836 1.364727 1.359770 1.357136 1.355764 1.355055 1.354673 1.354428 1.354196 1.353871 1.353328 1.352383 1.350755 1.348004 1.343470 1.336187 1.324792 1.307444 1.281762 1.244823 1.193258 1.123478 1.032057 0.916276 0.774763 0.608125 0.419397 0.214135 0.000000 
50.000000 43.492251 37.172764 31.213474 25.756019 20.902012 16.708605 13.189423 10.320058 8.046694 6.296160 4.985843 4.032209 3.357237 2.892510 2.581175 2.378174 2.249312 2.169653 2.121683 2.093535 2.077435 2.068456 2.063569 2.060971 2.059615 2.058908 2.058516 2.058242 2.057950 2.057512 2.056760 2.055440 2.053151 2.049266 2.042833 2.032445 2.016105 1.991078 1.953787 1.899777 1.823826 1.720250 1.583479 1.408897 1.193902 0.938995 0.648643 0.331538 0.000000 
50.000000 43.627305 37.438962 31.603335 26.259120 21.505821 17.399406 13.953217 11.143357 8.917128 7.202881 5.919719 4.985843 4.324850 3.869746 3.564855 3.366055 3.239858 3.161845 3.114867 3.087300 3.071533 3.062738 3.057952 3.055405 3.054072 3.053369 3.052965 3.052656 3.052293 3.051718 3.050711 3.048929 3.045823 3.040528 3.031714 3.017407 2.994765 2.959859 2.907474 2.831010 2.722577 2.573384 2.374545 2.118347 1.799940 1.419214 0.982413 0.502830 0.000000 
50.000000 43.812860 37.804700 32.138979 26.950353 22.335428 18.348542 15.002653 12.274560 10.113104 8.448724 7.202881 6.296160 5.654383 5.212506 4.916473 4.723447 4.600915 4.525167 4.479552 4.452785 4.437474 4.428934 4.424285 4.421809 4.420509 4.419815 4.419398 4.419052 4.418608 4.417875 4.416574 4.414257 4.410198 4.403246 4.391614 4.372622 4.342374 4.295407 4.224362 4.119754 3.969991 3.761805 3.481307 3.115805 2.656428 2.101293 1.458505 0.747870 0.000000 
50.000000 44.060738 38.293282 32.854538 27.873765 23.443699 19.616501 16.404612 13.785765 11.710852 10.113104 8.917128 8.046694 7.430596 7.006395 6.722202 6.536895 6.419261 6.346540 6.302747 6.277049 6.262350 6.254150 6.249685 6.247305 6.246051 6.245371 6.244945 6.244559 6.244029 6.243129 6.241513 6.238618 6.233524 6.224755 6.210004 6.185773 6.146917 6.086118 5.993350 5.855426 5.655828 5.375063 4.991897 4.485800 3.840854 3.050937 2.125287 1.092469 0.000000 
50.000000 44.382631 38.927753 33.783763 29.072914 24.882914 21.263100 18.225239 15.748276 13.785765 12.274560 11.143357 10.320058 9.737318 9.336081 9.067270 8.891991 8.780722 8.711934 8.670510 8.646201 8.632296 8.624539 8.620314 8.618059 8.616866 8.616209 8.615778 8.615356 8.614746 8.613684 8.611761 8.608297 8.602175 8.591584 8.573671 8.544060 8.496232 8.420780 8.304570 8.129937 7.874138 7.509392 7.004056 6.325589 5.445987 4.349981 3.045125 1.570735 0.000000 
50.000000 44.788892 39.728519 34.956543 30.586373 26.699374 23.341314 20.523113 18.225239 16.404612 15.002653 13.953217 13.189423 12.648795 12.276552 12.027162 11.864545 11.761313 11.697493 11.659060 11.636506 11.623604 11.616406 11.612485 11.610390 11.609276 11.608653 11.608224 11.607777 11.607100 11.605903 11.603720 11.599769 11.592755 11.580561 11.559822 11.525317 11.469173 11.379833 11.240847 11.029549 10.715848 10.261557 9.620961 8.743756 7.581836 6.101431 4.300794 2.229712 0.000000 
50.000000 45.287135 40.710589 36.394860 32.442512 28.927128 25.890103 23.341314 21.263100 19.616501 18.348542 17.399405 16.708605 16.219640 15.882964 15.657402 15.510320 15.416948 15.359224 15.324461 15.304061 15.292391 15.285879 15.282330 15.280433 15.279419 15.278843 15.278429 15.277973 15.277257 15.275976 15.273625 15.269353 15.261736 15.248431 15.225678 15.187582 15.125126 15.024860 14.867235 14.624604 14.259044 13.720353 12.945052 11.857933 10.378847 8.438651 6.008210 3.139302 0.000000 
50.000000 45.880811 41.880765 38.108676 34.654187 31.581611 28.927128 26.699374 24.882914 23.443699 22.335428 21.505821 20.902012 20.474618 20.180334 19.983171 19.854606 19.772989 19.722531 19.692144 19.674311 19.664109 19.658417 19.655313 19.653652 19.652761 19.652246 19.651862 19.651418 19.650705 19.649413 19.647032 19.642690 19.634917 19.621280 19.597837 19.558342 19.493115 19.387474 19.219624 18.957899 18.557326 17.955618 17.069195 15.790805 13.992506 11.541613 8.342200 4.414718 0.000000 
50.000000 46.567986 43.235238 40.092415 37.214203 34.654187 32.442512 30.586373 29.072914 27.873765 26.950353 26.259120 25.756019 25.399906 25.154702 24.990420 24.883295 24.815287 24.773243 24.747922 24.733062 24.724561 24.719817 24.717231 24.715844 24.715098 24.714661 24.714324 24.713920 24.713257 24.712048 24.709811 24.705718 24.698365 24.685414 24.663044 24.625143 24.562117 24.459180 24.293925 24.032911 23.626927 23.004538 22.063664 20.661680 18.607101 15.663017 11.588558 6.270870 0.000000 
50.000000 47.340571 44.758060 42.322717 40.092415 38.108676 36.394860 34.956543 33.783763 32.854538 32.138979 31.603335 31.213474 30.937515 30.747500 30.620193 30.537177 30.484475 30.451893 30.432271 30.420755 30.414167 30.410490 30.408485 30.407409 30.406828 30.406484 30.406211 30.405875 30.405317 30.404292 30.402388 30.398897 30.392608 30.381492 30.362214 30.329390 30.274478 30.184120 30.037687 29.803601 29.433782 28.855112 27.956210 26.567063 24.429398 21.161359 16.246493 9.165613 0.000000 
50.000000 48.184180 46.420879 44.758060 43.235238 41.880765 40.710589 39.728519 38.927753 38.293282 37.804700 37.438962 37.172764 36.984337 36.854593 36.767666 36.710982 36.674996 36.652748 36.639349 36.631486 36.626987 36.624476 36.623107 36.622372 36.621973 36.621736 36.621544 36.621302 36.620897 36.620150 36.618761 36.616209 36.611599 36.603432 36.589224 36.564940 36.524121 36.456549 36.346196 36.167995 35.882627 35.427725 34.702379 33.538565 31.646680 28.511567 23.210439 14.216115 0.000000 
50.000000 49.078768 48.184180 47.340571 46.567986 45.880811 45.287135 44.788892 44.382631 44.060738 43.812860 43.627305 43.492251 43.396653 43.330828 43.286726 43.257967 43.239709 43.228422 43.221624 43.217634 43.215351 43.214078 43.213383 43.213009 43.212807 43.212685 43.212586 43.212460 43.212247 43.211853 43.211120 43.209770 43.207330 43.203000 43.195451 43.182518 43.160713 43.124475 43.064990 42.968269 42.811897 42.559180 42.147833 41.466092 40.297116 38.174958 33.968066 24.539384 0.000000 
50.000000 50.000000 50.000000 50.000000 50.000000 50.000000 50.000000 50.000000 50.000000 50.000000 50.000000 50.000000 50.000000 50.000000 50.000000 50.000000 50.000000 50.000000 50.000000 50.000000 50.000000 50.000000 50.000000 50.000000 50.000000 50.000000 50.000000 50.000000 50.000000 50.000000 50.000000 50.000000 50.000000 50.000000 50.000000 50.000000 50.000000 50.000000 50.000000 50.000000 50.000000 50.000000 50.000000 50.000000 50.000000 50.000000 50.000000 50.000000 50.000000 50.000000 
