50.000000 50.000000 50.000000 50.000000 50.000000 50.000000 50.000000 50.000000 50.000000 50.000000 50.000000 50.000000 50.000000 50.000000 50.000000 50.000000 50.000000 50.000000 50.000000 50.000000 50.000000 50.000000 50.000000 50.000000 50.000000 50.000000 50.000000 50.000000 50.000000 50.000000 50.000000 50.000000 50.000000 50.000000 50.000000 50.000000 50.000000 50.000000 50.000000 50.000000 50.000000 50.000000 50.000000 50.000000 50.000000 50.000000 50.000000 50.000000 50.000000 50.000000 
50.000000 41.019443 34.524105 31.000014 29.504425 28.989786 28.842018 28.805804 28.798091 28.796643 28.796400 28.796364 28.796359 28.796358 28.796358 28.796358 28.796358 28.796358 28.796358 28.796358 28.796358 28.796358 28.796358 28.796358 28.796358 28.796358 28.796358 28.796358 28.796358 28.796358 28.796358 28.796358 28.796358 28.796358 28.796358 28.796358 28.796358 28.796358 28.796358 28.796355 28.796339 28.796222 28.795481 28.791210 28.768965 28.664578 28.223109 26.528500 20.509722 0.000000 
50.000000 34.524105 23.334077 17.265767 14.692000 13.806966 13.553037 13.490854 13.477622 13.475139 13.474724 13.474661 13.474652 13.474651 13.474651 13.474651 13.474651 13.474651 13.474651 13.474651 13.474651 13.474651 13.474651 13.474651 13.474651 13.474651 13.474651 13.474651 13.474651 13.474651 13.474651 13.474651 13.474651 13.474651 13.474651 13.474651 13.474651 13.474651 13.474651 13.474648 13.474631 13.474507 13.473738 13.469394 13.447467 13.349387 12.965098 11.667039 7.995604 0.000000 
50.000000 31.000014 17.265767 9.821324 6.665810 5.581479 5.270599 5.194530 5.178356 5.175324 5.174817 5.174740 5.174730 5.174728 5.174728 5.174728 5.174728 5.174728 5.174728 5.174728 5.174728 5.174728 5.174728 5.174728 5.174728 5.174728 5.174728 5.174728 5.174728 5.174728 5.174728 5.174728 5.174728 5.174728 5.174728 5.174728 5.174728 5.174728 5.174728 5.174727 5.174716 5.174643 5.174194 5.171704 5.159454 5.106640 4.910662 4.300669 2.776904 0.000000 
50.000000 29.504425 14.692000 6.665810 3.265125 2.097096 1.762389 1.680533 1.663138 1.659879 1.659334 1.659252 1.659241 1.659240 1.659239 1.659239 1.659239 1.659239 1.659239 1.659239 1.659239 1.659239 1.659239 1.659239 1.659239 1.659239 1.659239 1.659239 1.659239 1.659239 1.659239 1.659239 1.659239 1.659239 1.659239 1.659239 1.659239 1.659239 1.659239 1.659239 1.659234 1.659204 1.659018 1.658004 1.653108 1.632563 1.559170 1.342613 0.839847 0.000000 
50.000000 28.989786 13.806966 5.581479 2.097096 0.900606 0.557832 0.474026 0.456221 0.452886 0.452328 0.452245 0.452233 0.452232 0.452232 0.452232 0.452232 0.452232 0.452232 0.452232 0.452232 0.452232 0.452232 0.452232 0.452232 0.452232 0.452232 0.452232 0.452232 0.452232 0.452232 0.452232 0.452232 0.452232 0.452232 0.452232 0.452232 0.452232 0.452231 0.452231 0.452230 0.452220 0.452160 0.451838 0.450303 0.443989 0.422026 0.359500 0.220821 0.000000 
50.000000 28.842018 13.553037 5.270599 1.762389 0.557832 0.212781 0.128427 0.110508 0.107152 0.106591 0.106507 0.106495 0.106494 0.106493 0.106493 0.106493 0.106493 0.106493 0.106493 0.106493 0.106493 0.106493 0.106493 0.106493 0.106493 0.106493 0.106493 0.106493 0.106493 0.106493 0.106493 0.106493 0.106493 0.106493 0.106493 0.106493 0.106493 0.106493 0.106493 0.106493 0.106490 0.106475 0.106390 0.105994 0.104385 0.098895 0.083643 0.050808 0.000000 
50.000000 28.805804 13.490854 5.194530 1.680533 0.474026 0.128427 0.043942 0.025995 0.022634 0.022073 0.021988 0.021977 0.021975 0.021975 0.021975 0.021975 0.021975 0.021975 0.021975 0.021975 0.021975 0.021975 0.021975 0.021975 0.021975 0.021975 0.021975 0.021975 0.021975 0.021975 0.021975 0.021975 0.021975 0.021975 0.021975 0.021975 0.021975 0.021975 0.021975 0.021975 0.021974 0.021971 0.021952 0.021865 0.021515 0.020336 0.017117 0.010323 0.000000 
50.000000 28.798091 13.477622 5.178356 1.663138 0.456221 0.110508 0.025995 0.008043 0.004681 0.004119 0.004035 0.004023 0.004022 0.004022 0.004022 0.004022 0.004022 0.004022 0.004022 0.004022 0.004022 0.004022 0.004022 0.004022 0.004022 0.004022 0.004022 0.004022 0.004022 0.004022 0.004022 0.004022 0.004022 0.004022 0.004022 0.004022 0.004022 0.004022 0.004022 0.004022 0.004022 0.004021 0.004017 0.004001 0.003934 0.003713 0.003114 0.001869 0.000000 
50.000000 28.796643 13.475139 5.175324 1.659879 0.452886 0.107152 0.022634 0.004681 0.001319 0.000757 0.000673 0.000661 0.000660 0.000660 0.000660 0.000659 0.000659 0.000659 0.000659 0.000659 0.000659 0.000659 0.000659 0.000659 0.000659 0.000659 0.000659 0.000659 0.000659 0.000659 0.000659 0.000659 0.000659 0.000659 0.000659 0.000659 0.000659 0.000659 0.000659 0.000659 0.000659 0.000659 0.000659 0.000656 0.000645 0.000608 0.000509 0.000304 0.000000 
50.000000 28.796400 13.474724 5.174817 1.659334 0.452328 0.106591 0.022073 0.004119 0.000757 0.000196 0.000111 0.000099 0.000098 0.000098 0.000098 0.000098 0.000098 0.000098 0.000098 0.000098 0.000098 0.000098 0.000098 0.000098 0.000098 0.000098 0.000098 0.000098 0.000098 0.000098 0.000098 0.000098 0.000098 0.000098 0.000098 0.000098 0.000098 0.000098 0.000098 0.000098 0.000098 0.000098 0.000098 0.000097 0.000096 0.000090 0.000075 0.000045 0.000000 
50.000000 28.796364 13.474661 5.174740 1.659252 0.452245 0.106507 0.021988 0.004035 0.000673 0.000111 0.000026 0.000015 0.000013 0.000013 0.000013 0.000013 0.000013 0.000013 0.000013 0.000013 0.000013 0.000013 0.000013 0.000013 0.000013 0.000013 0.000013 0.000013 0.000013 0.000013 0.000013 0.000013 0.000013 0.000013 0.000013 0.000013 0.000013 0.000013 0.000013 0.000013 0.000013 0.000013 0.000013 0.000013 0.000013 0.000012 0.000010 0.000006 0.000000 
50.000000 28.796359 13.474652 5.174730 1.659241 0.452233 0.106495 0.021977 0.004023 0.000661 0.000099 0.000015 0.000003 0.000002 0.000002 0.000002 0.000002 0.000002 0.000002 0.000002 0.000002 0.000002 0.000002 0.000002 0.000002 0.000002 0.000002 0.000002 0.000002 0.000002 0.000002 0.000002 0.000002 0.000002 0.000002 0.000002 0.000002 0.000002 0.000002 0.000002 0.000002 0.000002 0.000002 0.000002 0.000002 0.000002 0.000002 0.000001 0.000001 0.000000 
50.000000 28.796358 13.474651 5.174728 1.659240 0.452232 0.106494 0.021975 0.004022 0.000660 0.000098 0.000013 0.000002 0.000000 0.000000 0.000000 0.000000 0.000000 0.000000 0.000000 0.000000 0.000000 0.000000 0.000000 0.000000 0.000000 0.000000 0.000000 0.000000 0.000000 0.000000 0.000000 0.000000 0.000000 0.000000 0.000000 0.000000 0.000000 0.000000 0.000000 0.000000 0.000000 0.000000 0.000000 0.000000 0.000000 0.000000 0.000000 0.000000 0.000000 
50.000000 28.796358 13.474651 5.174728 1.659239 0.452232 0.106493 0.021975 0.004022 0.000660 0.000098 0.000013 0.000002 0.000000 0.000000 0.000000 0.000000 0.000000 0.000000 0.000000 0.000000 0.000000 0.000000 0.000000 0.000000 0.000000 0.000000 0.000000 0.000000 0.000000 0.000000 0.000000 0.000000 0.000000 0.000000 0.000000 0.000000 0.000000 0.000000 0.000000 0.000000 0.000000 0.000000 0.000000 0.000000 0.000000 0.000000 0.000000 0.000000 0.000000 
50.000000 28.796358 13.474651 5.174728 1.659239 0.452232 0.106493 0.021975 0.004022 0.000660 0.000098 0.000013 0.000002 0.000000 0.000000 0.000000 0.000000 0.000000 0.000000 0.000000 0.000000 0.000000 0.000000 0.000000 0.000000 0.000000 0.000000 0.000000 0.000000 0.000000 0.000000 0.000000 0.000000 0.000000 0.000000 0.000000 0.000000 0.000000 0.000000 0.000000 0.000000 0.000000 0.000000 0.000000 0.000000 0.000000 0.000000 0.000000 0.000000 0.000000 
50.000000 28.796358 13.474651 5.174728 1.659239 0.452232 0.106493 0.021975 0.004022 0.000659 0.000098 0.000013 0.000002 0.000000 0.000000 0.000000 0.000000 0.000000 0.000000 0.000000 0.000000 0.000000 0.000000 0.000000 0.000000 0.000000 0.000000 0.000000 0.000000 0.000000 0.000000 0.000000 0.000000 0.000000 0.000000 0.000000 0.000000 0.000000 0.000000 0.000000 0.000000 0.000000 0.000000 0.000000 0.000000 0.000000 0.000000 0.000000 0.000000 0.000000 
50.000000 28.796358 13.474651 5.174728 1.659239 0.452232 0.106493 0.021975 0.004022 0.000659 0.000098 0.000013 0.000002 0.000000 0.000000 0.000000 0.000000 0.000000 0.000000 0.000000 0.000000 0.000000 0.000000 0.000000 0.000000 0.000000 0.000000 0.000000 0.000000 0.000000 0.000000 0.000000 0.000000 0.000000 0.000000 0.000000 0.000000 0.000000 0.000000 0.000000 0.000000 0.000000 0.000000 0.000000 0.000000 0.000000 0.000000 0.000000 0.000000 0.000000 
50.000000 28.796358 13.474651 5.174728 1.659239 0.452232 0.106493 0.021975 0.004022 0.000659 0.000098 0.000013 0.000002 0.000000 0.000000 0.000000 0.000000 0.000000 0.000000 0.000000 0.000000 0.000000 0.000000 0.000000 0.000000 0.000000 0.000000 0.000000 0.000000 0.000000 0.000000 0.000000 0.000000 0.000000 0.000000 0.000000 0.000000 0.000000 0.000000 0.000000 0.000000 0.000000 0.000000 0.000000 0.000000 0.000000 0.000000 0.000000 0.000000 0.000000 
50.000000 28.796358 13.474651 5.174728 1.659239 0.452232 0.106493 0.021975 0.004022 0.000659 0.000098 0.000013 0.000002 0.000000 0.000000 0.000000 0.000000 0.000000 0.000000 0.000000 0.000000 0.000000 0.000000 0.000000 0.000000 0.000000 0.000000 0.000000 0.000000 0.000000 0.000000 0.000000 0.000000 0.000000 0.000000 0.000000 0.000000 0.000000 0.000000 0.000000 0.000000 0.000000 0.000000 0.000000 0.000000 0.000000 0.000000 0.000000 0.000000 0.000000 
50.000000 28.796358 13.474651 5.174728 1.659239 0.452232 0.106493 0.021975 0.004022 0.000659 0.000098 0.000013 0.000002 0.000000 0.000000 0.000000 0.000000 0.000000 0.000000 0.000000 0.000000 0.000000 0.000000 0.000000 0.000000 0.000000 0.000000 0.000000 0.000000 0.000000 0.000000 0.000000 0.000000 0.000000 0.000000 0.000000 0.000000 0.000000 0.000000 0.000000 0.000000 0.000000 0.000000 0.000000 0.000000 0.000000 0.000000 0.000000 0.000000 0.000000 
50.000000 28.796358 13.474651 5.174728 1.659239 0.452232 0.106493 0.021975 0.004022 0.000659 0.000098 0.000013 0.000002 0.000000 0.000000 0.000000 0.000000 0.000000 0.000000 0.000000 0.000000 0.000000 0.000000 0.000000 0.000000 0.000000 0.000000 0.000000 0.000000 0.000000 0.000000 0.000000 0.000000 0.000000 0.000000 0.000000 0.000000 0.000000 0.000000 0.000000 0.000000 0.000000 0.000000 0.000000 0.000000 0.000000 0.000000 0.000000 0.000000 0.000000 
50.000000 28.796358 13.474651 5.174728 1.659239 0.452232 0.106493 0.021975 0.004022 0.000659 0.000098 0.000013 0.000002 0.000000 0.000000 0.000000 0.000000 0.000000 0.000000 0.000000 0.000000 0.000000 0.000000 0.000000 0.000000 0.000000 0.000000 0.000000 0.000000 0.000000 0.000000 0.000000 0.000000 0.000000 0.000000 0.000000 0.000000 0.000000 0.000000 0.000000 0.000000 0.000000 0.000000 0.000000 0.000000 0.000000 0.000000 0.000000 0.000000 0.000000 
50.000000 28.796358 13.474651 5.174728 1.659239 0.452232 0.106493 0.021975 0.004022 0.000659 0.000098 0.000013 0.000002 0.000000 0.000000 0.000000 0.000000 0.000000 0.000000 0.000000 0.000000 0.000000 0.000000 0.000000 0.000000 0.000000 0.000000 0.000000 0.000000 0.000000 0.000000 0.000000 0.000000 0.000000 0.000000 0.000000 0.000000 0.000000 0.000000 0.000000 0.000000 0.000000 0.000000 0.000000 0.000000 0.000000 0.000000 0.000000 0.000000 0.000000 
50.000000 28.796358 13.474651 5.174728 1.659239 0.452232 0.106493 0.021975 0.004022 0.000659 0.000098 0.000013 0.000002 0.000000 0.000000 0.000000 0.000000 0.000000 0.000000 0.000000 0.000000 0.000000 0.000000 0.000000 0.000000 0.000000 0.000000 0.000000 0.000000 0.000000 0.000000 0.000000 0.000000 0.000000 0.000000 0.000000 0.000000 0.000000 0.000000 0.000000 0.000000 0.000000 0.000000 0.000000 0.000000 0.000000 0.000000 0.000000 0.000000 0.000000 
50.000000 28.796358 13.474651 5.174728 1.659239 0.452232 0.106493 0.021975 0.004022 0.000659 0.000098 0.000013 0.000002 0.000000 0.000000 0.000000 0.000000 0.000000 0.000000 0.000000 0.000000 0.000000 0.000000 0.000000 0.000000 0.000000 0.000000 0.000000 0.000000 0.000000 0.000000 0.000000 0.000000 0.000000 0.000000 0.000000 0.000000 0.000000 0.000000 0.000000 0.000000 0.000000 0.000000 0.000000 0.000000 0.000000 0.000000 0.000000 0.000000 0.000000 
50.000000 28.796358 13.474651 5.174728 1.659239 0.452232 0.106493 0.021975 0.004022 0.000659 0.000098 0.000013 0.000002 0.000000 0.000000 0.000000 0.000000 0.000000 0.000000 0.000000 0.000000 0.000000 0.000000 0.000000 0.000000 0.000000 0.000000 0.000000 0.000000 0.000000 0.000000 0.000000 0.000000 0.000000 0.000000 0.000000 0.000000 0.000000 0.000000 0.000000 0.000000 0.000000 0.000000 0.000000 0.000000 0.000000 0.000000 0.000000 0.000000 0.000000 
50.000000 28.796358 13.474651 5.174728 1.659239 0.452232 0.106493 0.021975 0.004022 0.000659 0.000098 0.000013 0.000002 0.000000 0.000000 0.000000 0.000000 0.000000 0.000000 0.000000 0.000000 0.000000 0.000000 0.000000 0.000000 0.000000 0.000000 0.000000 0.000000 0.000000 0.000000 0.000000 0.000000 0.000000 0.000000 0.000000 0.000000 0.000000 0.000000 0.000000 0.000000 0.000000 0.000000 0.000000 0.000000 0.000000 0.000000 0.000000 0.000000 0.000000 
50.000000 28.796358 13.474651 5.174728 1.659239 0.452232 0.106493 0.021975 0.004022 0.000659 0.000098 0.000013 0.000002 0.000000 0.000000 0.000000 0.000000 0.000000 0.000000 0.000000 0.000000 0.000000 0.000000 0.000000 0.000000 0.000000 0.000000 0.000000 0.000000 0.000000 0.000000 0.000000 0.000000 0.000000 0.000000 0.000000 0.000000 0.000000 0.000000 0.000000 0.000000 0.000000 0.000000 0.000000 0.000000 0.000000 0.000000 0.000000 0.000000 0.000000 
50.000000 28.796358 13.474651 5.174728 1.659239 0.452232 0.106493 0.021975 0.004022 0.000659 0.000098 0.000013 0.000002 0.000000 0.000000 0.000000 0.000000 0.000000 0.000000 0.000000 0.000000 0.000000 0.000000 0.000000 0.000000 0.000000 0.000000 0.000000 0.000000 0.000000 0.000000 0.000000 0.000000 0.000000 0.000000 0.000000 0.000000 0.000000 0.000000 0.000000 0.000000 0.000000 0.000000 0.000000 0.000000 0.000000 0.000000 0.000000 0.000000 0.000000 
50.000000 28.796358 13.474651 5.174728 1.659239 0.452232 0.106493 0.021975 0.004022 0.000659 0.000098 0.000013 0.000002 0.000000 0.000000 0.000000 0.000000 0.000000 0.000000 0.000000 0.000000 0.000000 0.000000 0.000000 0.000000 0.000000 0.000000 0.000000 0.000000 0.000000 0.000000 0.000000 0.000000 0.000000 0.000000 0.000000 0.000000 0.000000 0.000000 0.000000 0.000000 0.000000 0.000000 0.000000 0.000000 0.000000 0.000000 0.000000 0.000000 0.000000 
50.000000 28.796358 13.474651 5.174728 1.659239 0.452232 0.106493 0.021975 0.004022 0.000659 0.000098 0.000013 0.000002 0.000000 0.000000 0.000000 0.000000 0.000000 0.000000 0.000000 0.000000 0.000000 0.000000 0.000000 0.000000 0.000000 0.000000 0.000000 0.000000 0.000000 0.000000 0.000000 0.000000 0.000000 0.000000 0.000000 0.000000 0.000000 0.000000 0.000000 0.000000 0.000000 0.000000 0.000000 0.000000 0.000000 0.000000 0.000000 0.000000 0.000000 
50.000000 28.796358 13.474651 5.174728 1.659239 0.452232 0.106493 0.021975 0.004022 0.000659 0.000098 0.000013 0.000002 0.000000 0.000000 0.000000 0.000000 0.000000 0.000000 0.000000 0.000000 0.000000 0.000000 0.000000 0.000000 0.000000 0.000000 0.000000 0.000000 0.000000 0.000000 0.000000 0.000000 0.000000 0.000000 0.000000 0.000000 0.000000 0.000000 0.000000 0.000000 0.000000 0.000000 0.000000 0.000000 0.000000 0.000000 0.000000 0.000000 0.000000 
50.000000 28.796358 13.474651 5.174728 1.659239 0.452232 0.106493 0.021975 0.004022 0.000659 0.000098 0.000013 0.000002 0.000000 0.000000 0.000000 0.000000 0.000000 0.000000 0.000000 0.000000 0.000000 0.000000 0.000000 0.000000 0.000000 0.000000 0.000000 0.000000 0.000000 0.000000 0.000000 0.000000 0.000000 0.000000 0.000000 0.000000 0.000000 0.000000 0.000000 0.000000 0.000000 0.000000 0.000000 0.000000 0.000000 0.000000 0.000000 0.000000 0.000000 
50.000000 28.796358 13.474651 5.174728 1.659239 0.452232 0.106493 0.021975 0.004022 0.000660 0.000098 0.000013 0.000002 0.000000 0.000000 0.000000 0.000000 0.000000 0.000000 0.000000 0.000000 0.000000 0.000000 0.000000 0.000000 0.000000 0.000000 0.000000 0.000000 0.000000 0.000000 0.000000 0.000000 0.000000 0.000000 0.000000 0.000000 0.000000 0.000000 0.000000 0.000000 0.000000 0.000000 0.000000 0.000000 0.000000 0.000000 0.000000 0.000000 0.000000 
50.000000 28.796358 13.474651 5.174728 1.659239 0.452232 0.106493 0.021975 0.004022 0.000660 0.000098 0.000013 0.000002 0.000000 0.000000 0.000000 0.000000 0.000000 0.000000 0.000000 0.000000 0.000000 0.000000 0.000000 0.000000 0.000000 0.000000 0.000000 0.000000 0.000000 0.000000 0.000000 0.000000 0.000000 0.000000 0.000000 0.000000 0.000000 0.000000 0.000000 0.000000 0.000000 0.000000 0.000000 0.000000 0.000000 0.000000 0.000000 0.000000 0.000000 
50.000000 28.796358 13.474651 5.174728 1.659240 0.452232 0.106494 0.021975 0.004022 0.000660 0.000098 0.000013 0.000002 0.000000 0.000000 0.000000 0.000000 0.000000 0.000000 0.000000 0.000000 0.000000 0.000000 0.000000 0.000000 0.000000 0.000000 0.000000 0.000000 0.000000 0.000000 0.000000 0.000000 0.000000 0.000000 0.000000 0.000000 0.000000 0.000000 0.000000 0.000000 0.000000 0.000000 0.000000 0.000000 0.000000 0.000000 0.000000 0.000000 0.000000 
50.000000 28.796359 13.474652 5.174730 1.659241 0.452233 0.106495 0.021977 0.004023 0.000661 0.000099 0.000015 0.000003 0.000002 0.000002 0.000002 0.000002 0.000002 0.000002 0.000002 0.000002 0.000002 0.000002 0.000002 0.000002 0.000002 0.000002 0.000002 0.000002 0.000002 0.000002 0.000002 0.000002 0.000002 0.000002 0.000002 0.000002 0.000002 0.000002 0.000002 0.000002 0.000002 0.000002 0.000002 0.000002 0.000002 0.000002 0.000001 0.000001 0.000000 
50.000000 28.796364 13.474661 5.174740 1.659252 0.452245 0.106507 0.021988 0.004035 0.000673 0.000111 0.000026 0.000015 0.000013 0.000013 0.000013 0.000013 0.000013 0.000013 0.000013 0.000013 0.000013 0.000013 0.000013 0.000013 0.000013 0.000013 0.000013 0.000013 0.000013 0.000013 0.000013 0.000013 0.000013 0.000013 0.000013 0.000013 0.000013 0.000013 0.000013 0.000013 0.000013 0.000013 0.000013 0.000013 0.000013 0.000012 0.000010 0.000006 0.000000 
50.000000 28.796400 13.474724 5.174817 1.659334 0.452328 0.106591 0.022073 0.004119 0.000757 0.000196 0.000111 0.000099 0.000098 0.000098 0.000098 0.000098 0.000098 0.000098 0.000098 0.000098 0.000098 0.000098 0.000098 0.000098 0.000098 0.000098 0.000098 0.000098 0.000098 0.000098 0.000098 0.000098 0.000098 0.000098 0.000098 0.000098 0.000098 0.000098 0.000098 0.000098 0.000098 0.000098 0.000098 0.000097 0.000096 0.000090 0.000075 0.000045 0.000000 
50.000000 28.796643 13.475139 5.175324 1.659879 0.452886 0.107152 0.022634 0.004681 0.001319 0.000757 0.000673 0.000661 0.000660 0.000660 0.000660 0.000659 0.000659 0.000659 0.000659 0.000659 0.000659 0.000659 0.000659 0.000659 0.000659 0.000659 0.000659 0.000659 0.000659 0.000659 0.000659 0.000659 0.000659 0.000659 0.000659 0.000659 0.000659 0.000659 0.000659 0.000659 0.000659 0.000659 0.000659 0.000656 0.000645 0.000608 0.000509 0.000304 0.000000 
50.000000 28.798091 13.477622 5.178356 1.663138 0.456221 0.110508 0.025995 0.008043 0.004681 0.004119 0.004035 0.004023 0.004022 0.004022 0.004022 0.004022 0.004022 0.004022 0.004022 0.004022 0.004022 0.004022 0.004022 0.004022 0.004022 0.004022 0.004022 0.004022 0.004022 0.004022 0.004022 0.004022 0.004022 0.004022 0.004022 0.004022 0.004022 0.004022 0.004022 0.004022 0.004022 0.004021 0.004017 0.004001 0.003934 0.003713 0.003114 0.001869 0.000000 
50.000000 28.805804 13.490854 5.194530 1.680533 0.474026 0.128427 0.043942 0.025995 0.022634 0.022073 0.021988 0.021977 0.021975 0.021975 0.021975 0.021975 0.021975 0.021975 0.021975 0.021975 0.021975 0.021975 0.021975 0.021975 0.021975 0.021975 0.021975 0.021975 0.021975 0.021975 0.021975 0.021975 0.021975 0.021975 0.021975 0.021975 0.021975 0.021975 0.021975 0.021975 0.021974 0.021971 0.021952 0.021865 0.021515 0.020336 0.017117 0.010323 0.000000 
50.000000 28.842018 13.553037 5.270599 1.762389 0.557832 0.212781 0.128427 0.110508 0.107152 0.106591 0.106507 0.106495 0.106494 0.106493 0.106493 0.106493 0.106493 0.106493 0.106493 0.106493 0.106493 0.106493 0.106493 0.106493 0.106493 0.106493 0.106493 0.106493 0.106493 0.106493 0.106493 0.106493 0.106493 0.106493 0.106493 0.106493 0.106493 0.106493 0.106493 0.106493 0.106490 0.106475 0.106390 0.105994 0.104385 0.098895 0.083643 0.050808 0.000000 
50.000000 28.989786 13.806966 5.581479 2.097096 0.900606 0.557832 0.474026 0.456221 0.452886 0.452328 0.452245 0.452233 0.452232 0.452232 0.452232 0.452232 0.452232 0.452232 0.452232 0.452232 0.452232 0.452232 0.452232 0.452232 0.452232 0.452232 0.452232 0.452232 0.452232 0.452232 0.452232 0.452232 0.452232 0.452232 0.452232 0.452232 0.452232 0.452231 0.452231 0.452230 0.452220 0.452160 0.451838 0.450303 0.443989 0.422026 0.359500 0.220821 0.000000 
50.000000 29.504425 14.692000 6.665810 3.265125 2.097096 1.762389 1.680533 1.663138 1.659879 1.659334 1.659252 1.659241 1.659240 1.659239 1.659239 1.659239 1.659239 1.659239 1.659239 1.659239 1.659239 1.659239 1.659239 1.659239 1.659239 1.659239 1.659239 1.659239 1.659239 1.659239 1.659239 1.659239 1.659239 1.659239 1.659239 1.659239 1.659239 1.659239 1.659239 1.659234 1.659204 1.659018 1.658004 1.653108 1.632563 1.559170 1.342613 0.839847 0.000000 
50.000000 31.000014 17.265767 9.821324 6.665810 5.581479 5.270599 5.194530 5.178356 5.175324 5.174817 5.174740 5.174730 5.174728 5.174728 5.174728 5.174728 5.174728 5.174728 5.174728 5.174728 5.174728 5.174728 5.174728 5.174728 5.174728 5.174728 5.174728 5.174728 5.174728 5.174728 5.174728 5.174728 5.174728 5.174728 5.174728 5.174728 5.174728 5.174728 5.174727 5.174716 5.174643 5.174194 5.171704 5.159454 5.106640 4.910662 4.300669 2.776904 0.000000 
50.000000 34.524105 23.334077 17.265767 14.692000 13.806966 13.553037 13.490854 13.477622 13.475139 13.474724 13.474661 13.474652 13.474651 13.474651 13.474651 13.474651 13.474651 13.474651 13.474651 13.474651 13.474651 13.474651 13.474651 13.474651 13.474651 13.474651 13.474651 13.474651 13.474651 13.474651 13.474651 13.474651 13.474651 13.474651 13.474651 13.474651 13.474651 13.474651 13.474648 13.474631 13.474507 13.473738 13.469394 13.447467 13.349387 12.965098 11.667039 7.995604 0.000000 
50.000000 41.019443 34.524105 31.000014 29.504425 28.989786 28.842018 28.805804 28.798091 28.796643 28.796400 28.796364 28.796359 28.796358 28.796358 28.796358 28.796358 28.796358 28.796358 28.796358 28.796358 28.796358 28.796358 28.796358 28.796358 28.796358 28.796358 28.796358 28.796358 28.796358 28.796358 28.796358 28.796358 28.796358 28.796358 28.796358 28.796358 28.796358 28.796358 28.796355 28.796339 28.796222 28.795481 28.791210 28.768965 28.664578 28.223109 26.528500 20.509722 0.000000 
50.000000 50.000000 50.000000 50.000000 50.000000 50.000000 50.000000 50.000000 50.000000 50.000000 50.000000 50.000000 50.000000 50.000000 50.000000 50.000000 50.000000 50.000000 50.000000 50.000000 50.000000 50.000000 50.000000 50.000000 50.000000 50.000000 50.000000 50.000000 50.000000 50.000000 50.000000 50.000000 50.000000 50.000000 50.000000 50.000000 50.000000 50.000000 50.000000 50.000000 50.000000 50.000000 50.000000 50.000000 50.000000 50.000000 50.000000 50.000000 50.000000 50.000000 
