50.000000 50.000000 50.000000 50.000000 50.000000 50.000000 50.000000 50.000000 50.000000 50.000000 50.000000 50.000000 50.000000 50.000000 50.000000 50.000000 50.000000 50.000000 50.000000 50.000000 50.000000 50.000000 50.000000 50.000000 50.000000 50.000000 50.000000 50.000000 50.000000 50.000000 50.000000 50.000000 50.000000 50.000000 50.000000 50.000000 50.000000 50.000000 50.000000 50.000000 50.000000 50.000000 50.000000 50.000000 50.000000 50.000000 50.000000 50.000000 50.000000 50.000000 
50.000000 48.072678 46.261870 44.662994 43.335635 42.298832 41.536188 41.007349 40.661236 40.447163 40.321863 40.252359 40.215770 40.197464 40.188745 40.184788 40.183073 40.182363 40.182082 40.181975 40.181936 40.181922 40.181918 40.181916 40.181916 40.181916 40.181915 40.181915 40.181915 40.181914 40.181912 40.181906 40.181887 40.181836 40.181697 40.181336 40.180435 40.178262 40.173210 40.161868 40.137241 40.085381 39.979033 39.765313 39.340304 38.491622 36.752581 32.984449 24.036339 0.000000 
50.000000 46.261870 42.749732 39.648660 37.074221 35.063342 33.584209 32.558550 31.887291 31.472120 31.229118 31.094329 31.023373 30.987872 30.970966 30.963292 30.959967 30.958590 30.958045 30.957837 30.957762 30.957735 30.957726 30.957723 30.957723 30.957722 30.957722 30.957722 30.957722 30.957720 30.957717 30.957705 30.957672 30.957579 30.957331 30.956688 30.955086 30.951235 30.942320 30.922415 30.879508 30.790067 30.609293 30.253746 29.569958 28.276553 25.856926 21.374866 13.277422 0.000000 
50.000000 44.662994 39.648660 35.221244 31.545744 28.674874 26.563199 25.098953 24.140678 23.548003 23.201117 23.008712 22.907429 22.856757 22.832626 22.821674 22.816928 22.814963 22.814184 22.813888 22.813781 22.813743 22.813730 22.813726 22.813725 22.813724 22.813724 22.813724 22.813724 22.813722 22.813717 22.813703 22.813661 22.813546 22.813237 22.812440 22.810460 22.805726 22.794834 22.770707 22.719237 22.613417 22.403528 22.001388 21.256253 19.920644 17.610622 13.791734 7.910413 0.000000 
50.000000 43.335635 37.074221 31.545744 26.956240 23.371522 20.734833 18.906586 17.710127 16.970164 16.537087 16.296885 16.170447 16.107192 16.077071 16.063400 16.057477 16.055024 16.054052 16.053683 16.053549 16.053502 16.053486 16.053481 16.053479 16.053479 16.053478 16.053478 16.053478 16.053476 16.053471 16.053456 16.053413 16.053294 16.052976 16.052158 16.050138 16.045338 16.034374 16.010313 15.959592 15.856899 15.657243 15.284670 14.618138 13.478120 11.625100 8.797667 4.844013 0.000000 
50.000000 42.298832 35.063342 28.674874 23.371522 19.229321 16.182657 14.070199 12.687788 11.832853 11.332506 11.055005 10.908941 10.835870 10.801077 10.785286 10.778445 10.775613 10.774491 10.774064 10.773909 10.773855 10.773836 10.773830 10.773828 10.773828 10.773828 10.773827 10.773827 10.773826 10.773821 10.773807 10.773768 10.773661 10.773374 10.772642 10.770841 10.766589 10.756957 10.736028 10.692447 10.605556 10.439855 10.138100 9.614661 8.753384 7.418621 5.493383 2.958528 0.000000 
50.000000 41.536188 33.584209 26.563199 20.734833 16.182657 12.834529 10.513113 8.994006 8.054567 7.504788 7.199883 7.039401 6.959122 6.920899 6.903552 6.896038 6.892927 6.891694 6.891226 6.891055 6.890996 6.890975 6.890969 6.890967 6.890966 6.890966 6.890966 6.890966 6.890964 6.890961 6.890949 6.890918 6.890830 6.890599 6.890009 6.888568 6.885188 6.877594 6.861256 6.827639 6.761580 6.637822 6.417265 6.044556 5.450163 4.561811 3.330463 1.770876 0.000000 
50.000000 41.007349 32.558550 25.098953 18.906586 14.070199 10.513113 8.046879 6.433054 5.435072 4.851054 4.527173 4.356711 4.271443 4.230846 4.212423 4.204443 4.201139 4.199830 4.199333 4.199152 4.199088 4.199067 4.199060 4.199058 4.199057 4.199057 4.199057 4.199057 4.199056 4.199053 4.199045 4.199021 4.198956 4.198785 4.198353 4.197301 4.194851 4.189389 4.177748 4.154062 4.108135 4.023439 3.875291 3.630344 3.249343 2.695425 1.949257 1.028315 0.000000 
50.000000 40.661236 31.887291 24.140678 17.710127 12.687788 8.994006 6.433054 4.757290 3.721035 3.114637 2.778356 2.601374 2.512848 2.470702 2.451577 2.443293 2.439863 2.438505 2.437989 2.437801 2.437735 2.437713 2.437705 2.437703 2.437703 2.437702 2.437702 2.437702 2.437701 2.437699 2.437694 2.437678 2.437633 2.437517 2.437224 2.436517 2.434879 2.431256 2.423601 2.408184 2.378645 2.324919 2.232426 2.082232 1.853228 1.527261 1.097225 0.575856 0.000000 
50.000000 40.447163 31.472120 23.548003 16.970164 11.832853 8.054567 5.435072 3.721035 2.661135 2.040916 1.696979 1.515974 1.425437 1.382336 1.362777 1.354306 1.350799 1.349410 1.348882 1.348690 1.348622 1.348600 1.348592 1.348590 1.348589 1.348589 1.348589 1.348589 1.348589 1.348587 1.348584 1.348573 1.348545 1.348472 1.348288 1.347846 1.346829 1.344595 1.339912 1.330568 1.312850 1.281010 1.226928 1.140405 1.010572 0.828766 0.592612 0.309922 0.000000 
50.000000 40.321863 31.229118 23.201117 16.537087 11.332506 7.504788 4.851054 3.114637 2.040916 1.412620 1.064211 0.880855 0.789146 0.745486 0.725675 0.717095 0.713543 0.712135 0.711601 0.711406 0.711338 0.711315 0.711308 0.711305 0.711305 0.711305 0.711304 0.711304 0.711304 0.711303 0.711301 0.711295 0.711279 0.711235 0.711128 0.710870 0.710280 0.708991 0.706310 0.701004 0.691036 0.673306 0.643532 0.596479 0.526775 0.430410 0.306703 0.159994 0.000000 
50.000000 40.252359 31.094329 23.008712 16.296885 11.055005 7.199883 4.527173 2.778356 1.696979 1.064211 0.713327 0.528670 0.436312 0.392344 0.372393 0.363753 0.360176 0.358758 0.358220 0.358024 0.357956 0.357933 0.357925 0.357923 0.357922 0.357922 0.357922 0.357922 0.357922 0.357921 0.357920 0.357917 0.357907 0.357884 0.357824 0.357683 0.357361 0.356663 0.355220 0.352384 0.347100 0.337784 0.322288 0.298048 0.262511 0.213878 0.152009 0.079149 0.000000 
50.000000 40.215770 31.023373 22.907429 16.170447 10.908941 7.039401 4.356711 2.601374 1.515974 0.880855 0.528670 0.343331 0.250632 0.206503 0.186479 0.177806 0.174216 0.172794 0.172254 0.172057 0.171988 0.171965 0.171958 0.171955 0.171955 0.171954 0.171954 0.171954 0.171954 0.171954 0.171953 0.171952 0.171947 0.171935 0.171904 0.171831 0.171666 0.171309 0.170576 0.169144 0.166495 0.161860 0.154213 0.142351 0.125109 0.101703 0.072138 0.037509 0.000000 
50.000000 40.197464 30.987872 22.856757 16.107192 10.835870 6.959122 4.271443 2.512848 1.425437 0.789146 0.436312 0.250632 0.157763 0.113553 0.093493 0.084805 0.081208 0.079783 0.079242 0.079045 0.078976 0.078953 0.078945 0.078943 0.078942 0.078942 0.078942 0.078942 0.078942 0.078942 0.078941 0.078941 0.078938 0.078932 0.078917 0.078881 0.078801 0.078629 0.078276 0.077591 0.076332 0.074142 0.070555 0.065029 0.057053 0.046297 0.032787 0.017029 0.000000 
50.000000 40.188745 30.970966 22.832626 16.077071 10.801077 6.920899 4.230846 2.470702 1.382336 0.745486 0.392344 0.206503 0.113553 0.069305 0.049227 0.040531 0.036932 0.035506 0.034964 0.034767 0.034698 0.034675 0.034667 0.034665 0.034664 0.034664 0.034664 0.034664 0.034664 0.034664 0.034664 0.034663 0.034662 0.034659 0.034652 0.034636 0.034599 0.034520 0.034359 0.034047 0.033478 0.032494 0.030890 0.028435 0.024912 0.020186 0.014278 0.007409 0.000000 
50.000000 40.184788 30.963292 22.821674 16.063400 10.785286 6.903552 4.212423 2.451577 1.362777 0.725675 0.372393 0.186479 0.093493 0.049227 0.029142 0.020443 0.016842 0.015415 0.014873 0.014676 0.014607 0.014584 0.014576 0.014574 0.014573 0.014573 0.014573 0.014573 0.014573 0.014573 0.014573 0.014573 0.014572 0.014571 0.014568 0.014561 0.014544 0.014510 0.014440 0.014305 0.014060 0.013638 0.012954 0.011912 0.010424 0.008437 0.005961 0.003091 0.000000 
50.000000 40.183073 30.959967 22.816928 16.057477 10.778445 6.896038 4.204443 2.443293 1.354306 0.717095 0.363753 0.177806 0.084805 0.040531 0.020443 0.011742 0.008141 0.006714 0.006172 0.005975 0.005906 0.005882 0.005875 0.005872 0.005872 0.005872 0.005871 0.005871 0.005871 0.005871 0.005871 0.005871 0.005871 0.005871 0.005869 0.005866 0.005860 0.005845 0.005816 0.005761 0.005660 0.005487 0.005208 0.004785 0.004183 0.003382 0.002388 0.001238 0.000000 
50.000000 40.182363 30.958590 22.814963 16.055024 10.775613 6.892927 4.201139 2.439863 1.350799 0.713543 0.360176 0.174216 0.081208 0.036932 0.016842 0.008141 0.004539 0.003112 0.002570 0.002373 0.002304 0.002280 0.002273 0.002270 0.002270 0.002270 0.002269 0.002269 0.002269 0.002269 0.002269 0.002269 0.002269 0.002269 0.002269 0.002267 0.002265 0.002259 0.002248 0.002226 0.002186 0.002118 0.002009 0.001845 0.001611 0.001302 0.000918 0.000476 0.000000 
50.000000 40.182082 30.958045 22.814184 16.054052 10.774491 6.891694 4.199830 2.438505 1.349410 0.712135 0.358758 0.172794 0.079783 0.035506 0.015415 0.006714 0.003112 0.001685 0.001143 0.000946 0.000877 0.000853 0.000846 0.000843 0.000843 0.000842 0.000842 0.000842 0.000842 0.000842 0.000842 0.000842 0.000842 0.000842 0.000842 0.000842 0.000841 0.000838 0.000834 0.000826 0.000811 0.000785 0.000745 0.000683 0.000596 0.000481 0.000340 0.000176 0.000000 
50.000000 40.181975 30.957837 22.813888 16.053683 10.774064 6.891226 4.199333 2.437989 1.348882 0.711601 0.358220 0.172254 0.079242 0.034964 0.014873 0.006172 0.002570 0.001143 0.000601 0.000404 0.000335 0.000311 0.000304 0.000302 0.000301 0.000301 0.000301 0.000301 0.000301 0.000301 0.000301 0.000301 0.000301 0.000301 0.000300 0.000300 0.000300 0.000299 0.000298 0.000295 0.000289 0.000280 0.000265 0.000243 0.000212 0.000171 0.000121 0.000062 0.000000 
50.000000 40.181936 30.957762 22.813781 16.053549 10.773909 6.891055 4.199152 2.437801 1.348690 0.711406 0.358024 0.172057 0.079045 0.034767 0.014676 0.005975 0.002373 0.000946 0.000404 0.000206 0.000137 0.000114 0.000107 0.000104 0.000103 0.000103 0.000103 0.000103 0.000103 0.000103 0.000103 0.000103 0.000103 0.000103 0.000103 0.000103 0.000103 0.000103 0.000102 0.000101 0.000099 0.000096 0.000091 0.000083 0.000073 0.000059 0.000041 0.000021 0.000000 
50.000000 40.181922 30.957735 22.813743 16.053502 10.773855 6.890996 4.199088 2.437735 1.348622 0.711338 0.357956 0.171988 0.078976 0.034698 0.014607 0.005906 0.002304 0.000877 0.000335 0.000137 0.000068 0.000045 0.000037 0.000035 0.000034 0.000034 0.000034 0.000034 0.000034 0.000034 0.000034 0.000034 0.000034 0.000034 0.000034 0.000034 0.000034 0.000034 0.000034 0.000033 0.000033 0.000032 0.000030 0.000028 0.000024 0.000019 0.000014 0.000007 0.000000 
50.000000 40.181918 30.957726 22.813730 16.053486 10.773836 6.890976 4.199067 2.437713 1.348600 0.711315 0.357933 0.171965 0.078953 0.034675 0.014584 0.005882 0.002280 0.000853 0.000311 0.000114 0.000045 0.000022 0.000014 0.000012 0.000011 0.000011 0.000011 0.000011 0.000011 0.000011 0.000011 0.000011 0.000011 0.000011 0.000011 0.000011 0.000011 0.000011 0.000011 0.000011 0.000010 0.000010 0.000010 0.000009 0.000008 0.000006 0.000004 0.000002 0.000000 
50.000000 40.181916 30.957723 22.813726 16.053481 10.773830 6.890969 4.199060 2.437706 1.348593 0.711308 0.357925 0.171958 0.078945 0.034667 0.014576 0.005875 0.002273 0.000846 0.000304 0.000107 0.000038 0.000014 0.000007 0.000004 0.000004 0.000004 0.000003 0.000003 0.000003 0.000003 0.000003 0.000003 0.000003 0.000003 0.000003 0.000003 0.000003 0.000003 0.000003 0.000003 0.000003 0.000003 0.000003 0.000003 0.000002 0.000002 0.000001 0.000001 0.000000 
50.000000 40.181916 30.957723 22.813725 16.053479 10.773829 6.890967 4.199058 2.437704 1.348590 0.711306 0.357923 0.171956 0.078943 0.034665 0.014574 0.005873 0.002271 0.000844 0.000302 0.000104 0.000035 0.000012 0.000005 0.000002 0.000002 0.000001 0.000001 0.000001 0.000001 0.000001 0.000001 0.000001 0.000001 0.000001 0.000001 0.000001 0.000001 0.000001 0.000001 0.000001 0.000001 0.000001 0.000001 0.000001 0.000001 0.000001 0.000001 0.000000 0.000000 
50.000000 40.181916 30.957723 22.813725 16.053479 10.773829 6.890967 4.199058 2.437704 1.348590 0.711306 0.357923 0.171956 0.078943 0.034665 0.014574 0.005873 0.002271 0.000844 0.000302 0.000104 0.000035 0.000012 0.000005 0.000002 0.000002 0.000001 0.000001 0.000001 0.000001 0.000001 0.000001 0.000001 0.000001 0.000001 0.000001 0.000001 0.000001 0.000001 0.000001 0.000001 0.000001 0.000001 0.000001 0.000001 0.000001 0.000001 0.000001 0.000000 0.000000 
50.000000 40.181916 30.957723 22.813726 16.053481 10.773830 6.890969 4.199060 2.437706 1.348593 0.711308 0.357925 0.171958 0.078945 0.034667 0.014576 0.005875 0.002273 0.000846 0.000304 0.000107 0.000038 0.000014 0.000007 0.000004 0.000004 0.000004 0.000003 0.000003 0.000003 0.000003 0.000003 0.000003 0.000003 0.000003 0.000003 0.000003 0.000003 0.000003 0.000003 0.000003 0.000003 0.000003 0.000003 0.000003 0.000002 0.000002 0.000001 0.000001 0.000000 
50.000000 40.181918 30.957726 22.813730 16.053486 10.773836 6.890976 4.199067 2.437713 1.348600 0.711315 0.357933 0.171965 0.078953 0.034675 0.014584 0.005882 0.002280 0.000853 0.000311 0.000114 0.000045 0.000022 0.000014 0.000012 0.000011 0.000011 0.000011 0.000011 0.000011 0.000011 0.000011 0.000011 0.000011 0.000011 0.000011 0.000011 0.000011 0.000011 0.000011 0.000011 0.000010 0.000010 0.000010 0.000009 0.000008 0.000006 0.000004 0.000002 0.000000 
50.000000 40.181922 30.957735 22.813743 16.053502 10.773855 6.890996 4.199088 2.437735 1.348622 0.711338 0.357956 0.171988 0.078976 0.034698 0.014607 0.005906 0.002304 0.000877 0.000335 0.000137 0.000068 0.000045 0.000037 0.000035 0.000034 0.000034 0.000034 0.000034 0.000034 0.000034 0.000034 0.000034 0.000034 0.000034 0.000034 0.000034 0.000034 0.000034 0.000034 0.000033 0.000033 0.000032 0.000030 0.000028 0.000024 0.000019 0.000014 0.000007 0.000000 
50.000000 40.181936 30.957762 22.813781 16.053549 10.773909 6.891055 4.199152 2.437801 1.348690 0.711406 0.358024 0.172057 0.079045 0.034767 0.014676 0.005975 0.002373 0.000946 0.000404 0.000206 0.000137 0.000114 0.000107 0.000104 0.000103 0.000103 0.000103 0.000103 0.000103 0.000103 0.000103 0.000103 0.000103 0.000103 0.000103 0.000103 0.000103 0.000103 0.000102 0.000101 0.000099 0.000096 0.000091 0.000083 0.000073 0.000059 0.000041 0.000021 0.000000 
50.000000 40.181975 30.957837 22.813888 16.053683 10.774064 6.891226 4.199333 2.437989 1.348882 0.711601 0.358220 0.172254 0.079242 0.034964 0.014873 0.006172 0.002570 0.001143 0.000601 0.000404 0.000335 0.000311 0.000304 0.000302 0.000301 0.000301 0.000301 0.000301 0.000301 0.000301 0.000301 0.000301 0.000301 0.000301 0.000300 0.000300 0.000300 0.000299 0.000298 0.000295 0.000289 0.000280 0.000265 0.000243 0.000212 0.000171 0.000121 0.000062 0.000000 
50.000000 40.182082 30.958045 22.814184 16.054052 10.774491 6.891694 4.199830 2.438505 1.349410 0.712135 0.358758 0.172794 0.079783 0.035506 0.015415 0.006714 0.003112 0.001685 0.001143 0.000946 0.000877 0.000853 0.000846 0.000843 0.000843 0.000842 0.000842 0.000842 0.000842 0.000842 0.000842 0.000842 0.000842 0.000842 0.000842 0.000842 0.000841 0.000838 0.000834 0.000826 0.000811 0.000785 0.000745 0.000683 0.000596 0.000481 0.000340 0.000176 0.000000 
50.000000 40.182363 30.958590 22.814963 16.055024 10.775613 6.892927 4.201139 2.439863 1.350799 0.713543 0.360176 0.174216 0.081208 0.036932 0.016842 0.008141 0.004539 0.003112 0.002570 0.002373 0.002304 0.002280 0.002273 0.002270 0.002270 0.002270 0.002269 0.002269 0.002269 0.002269 0.002269 0.002269 0.002269 0.002269 0.002269 0.002267 0.002265 0.002259 0.002248 0.002226 0.002186 0.002118 0.002009 0.001845 0.001611 0.001302 0.000918 0.000476 0.000000 
50.000000 40.183073 30.959967 22.816928 16.057477 10.778445 6.896038 4.204443 2.443293 1.354306 0.717095 0.363753 0.177806 0.084805 0.040531 0.020443 0.011742 0.008141 0.006714 0.006172 0.005975 0.005906 0.005882 0.005875 0.005872 0.005872 0.005872 0.005871 0.005871 0.005871 0.005871 0.005871 0.005871 0.005871 0.005871 0.005869 0.005866 0.005860 0.005845 0.005816 0.005761 0.005660 0.005487 0.005208 0.004785 0.004183 0.003382 0.002388 0.001238 0.000000 
50.000000 40.184788 30.963292 22.821674 16.063400 10.785286 6.903552 4.212423 2.451577 1.362777 0.725675 0.372393 0.186479 0.093493 0.049227 0.029142 0.020443 0.016842 0.015415 0.014873 0.014676 0.014607 0.014584 0.014576 0.014574 0.014573 0.014573 0.014573 0.014573 0.014573 0.014573 0.014573 0.014573 0.014572 0.014571 0.014568 0.014561 0.014544 0.014510 0.014440 0.014305 0.014060 0.013638 0.012954 0.011912 0.010424 0.008437 0.005961 0.003091 0.000000 
50.000000 40.188745 30.970966 22.832626 16.077071 10.801077 6.920899 4.230846 2.470702 1.382336 0.745486 0.392344 0.206503 0.113553 0.069305 0.049227 0.040531 0.036932 0.035506 0.034964 0.034767 0.034698 0.034675 0.034667 0.034665 0.034664 0.034664 0.034664 0.034664 0.034664 0.034664 0.034664 0.034663 0.034662 0.034659 0.034652 0.034636 0.034599 0.034520 0.034359 0.034047 0.033478 0.032494 0.030890 0.028435 0.024912 0.020186 0.014278 0.007409 0.000000 
50.000000 40.197464 30.987872 22.856757 16.107192 10.835870 6.959122 4.271443 2.512848 1.425437 0.789146 0.436312 0.250632 0.157763 0.113553 0.093493 0.084805 0.081208 0.079783 0.079242 0.079045 0.078976 0.078953 0.078945 0.078943 0.078942 0.078942 0.078942 0.078942 0.078942 0.078942 0.078941 0.078941 0.078938 0.078932 0.078917 0.078881 0.078801 0.078629 0.078276 0.077591 0.076332 0.074142 0.070555 0.065029 0.057053 0.046297 0.032787 0.017029 0.000000 
50.000000 40.215770 31.023373 22.907429 16.170447 10.908941 7.039401 4.356711 2.601374 1.515974 0.880855 0.528670 0.343331 0.250632 0.206503 0.186479 0.177806 0.174216 0.172794 0.172254 0.172057 0.171988 0.171965 0.171958 0.171955 0.171955 0.171954 0.171954 0.171954 0.171954 0.171954 0.171953 0.171952 0.171947 0.171935 0.171904 0.171831 0.171666 0.171309 0.170576 0.169144 0.166495 0.161860 0.154213 0.142351 0.125109 0.101703 0.072138 0.037509 0.000000 
50.000000 40.252359 31.094329 23.008712 16.296885 11.055005 7.199883 4.527173 2.778356 1.696979 1.064211 0.713327 0.528670 0.436312 0.392344 0.372393 0.363753 0.360176 0.358758 0.358220 0.358024 0.357956 0.357933 0.357925 0.357923 0.357922 0.357922 0.357922 0.357922 0.357922 0.357921 0.357920 0.357917 0.357907 0.357884 0.357824 0.357683 0.357361 0.356663 0.355220 0.352384 0.347100 0.337784 0.322288 0.298048 0.262511 0.213878 0.152009 0.079149 0.000000 
50.000000 40.321863 31.229118 23.201117 16.537087 11.332506 7.504788 4.851054 3.114637 2.040916 1.412620 1.064211 0.880855 0.789146 0.745486 0.725675 0.717095 0.713543 0.712135 0.711601 0.711406 0.711338 0.711315 0.711308 0.711305 0.711305 0.711305 0.711304 0.711304 0.711304 0.711303 0.711301 0.711295 0.711279 0.711235 0.711128 0.710870 0.710280 0.708991 0.706310 0.701004 0.691036 0.673306 0.643532 0.596479 0.526775 0.430410 0.306703 0.159994 0.000000 
50.000000 40.447163 31.472120 23.548003 16.970164 11.832853 8.054567 5.435072 3.721035 2.661135 2.040916 1.696979 1.515974 1.425437 1.382336 1.362777 1.354306 1.350799 1.349410 1.348882 1.348690 1.348622 1.348600 1.348592 1.348590 1.348589 1.348589 1.348589 1.348589 1.348589 1.348587 1.348584 1.348573 1.348545 1.348472 1.348288 1.347846 1.346829 1.344595 1.339912 1.330568 1.312850 1.281010 1.226928 1.140405 1.010572 0.828766 0.592612 0.309922 0.000000 
50.000000 40.661236 31.887291 24.140678 17.710127 12.687788 8.994006 6.433054 4.757290 3.721035 3.114637 2.778356 2.601374 2.512848 2.470702 2.451577 2.443293 2.439863 2.438505 2.437989 2.437801 2.437735 2.437713 2.437705 2.437703 2.437703 2.437702 2.437702 2.437702 2.437701 2.437699 2.437694 2.437678 2.437633 2.437517 2.437224 2.436517 2.434879 2.431256 2.423601 2.408184 2.378645 2.324919 2.232426 2.082232 1.853228 1.527261 1.097225 0.575856 0.000000 
50.000000 41.007349 32.558550 25.098953 18.906586 14.070199 10.513113 8.046879 6.433054 5.435072 4.851054 4.527173 4.356711 4.271443 4.230846 4.212423 4.204443 4.201139 4.199830 4.199333 4.199152 4.199088 4.199067 4.199060 4.199058 4.199057 4.199057 4.199057 4.199057 4.199056 4.199053 4.199045 4.199021 4.198956 4.198785 4.198353 4.197301 4.194851 4.189389 4.177748 4.154062 4.108135 4.023439 3.875291 3.630344 3.249343 2.695425 1.949257 1.028315 0.000000 
50.000000 41.536188 33.584209 26.563199 20.734833 16.182657 12.834529 10.513113 8.994006 8.054567 7.504788 7.199883 7.039401 6.959122 6.920899 6.903552 6.896038 6.892927 6.891694 6.891226 6.891055 6.890996 6.890975 6.890969 6.890967 6.890966 6.890966 6.890966 6.890966 6.890964 6.890961 6.890949 6.890918 6.890830 6.890599 6.890009 6.888568 6.885188 6.877594 6.861256 6.827639 6.761580 6.637822 6.417265 6.044556 5.450163 4.561811 3.330463 1.770876 0.000000 
50.000000 42.298832 35.063342 28.674874 23.371522 19.229321 16.182657 14.070199 12.687788 11.832853 11.332506 11.055005 10.908941 10.835870 10.801077 10.785286 10.778445 10.775613 10.774491 10.774064 10.773909 10.773855 10.773836 10.773830 10.773828 10.773828 10.773828 10.773827 10.773827 10.773826 10.773821 10.773807 10.773768 10.773661 10.773374 10.772642 10.770841 10.766589 10.756957 10.736028 10.692447 10.605556 10.439855 10.138100 9.614661 8.753384 7.418621 5.493383 2.958528 0.000000 
50.000000 43.335635 37.074221 31.545744 26.956240 23.371522 20.734833 18.906586 17.710127 16.970164 16.537087 16.296885 16.170447 16.107192 16.077071 16.063400 16.057477 16.055024 16.054052 16.053683 16.053549 16.053502 16.053486 16.053481 16.053479 16.053479 16.053478 16.053478 16.053478 16.053476 16.053471 16.053456 16.053413 16.053294 16.052976 16.052158 16.050138 16.045338 16.034374 16.010313 15.959592 15.856899 15.657243 15.284670 14.618138 13.478120 11.625100 8.797667 4.844013 0.000000 
50.000000 44.662994 39.648660 35.221244 31.545744 28.674874 26.563199 25.098953 24.140678 23.548003 23.201117 23.008712 22.907429 22.856757 22.832626 22.821674 22.816928 22.814963 22.814184 22.813888 22.813781 22.813743 22.813730 22.813726 22.813725 22.813724 22.813724 22.813724 22.813724 22.813722 22.813717 22.813703 22.813661 22.813546 22.813237 22.812440 22.810460 22.805726 22.794834 22.770707 22.719237 22.613417 22.403528 22.001388 21.256253 19.920644 17.610622 13.791734 7.910413 0.000000 
50.000000 46.261870 42.749732 39.648660 37.074221 35.063342 33.584209 32.558550 31.887291 31.472120 31.229118 31.094329 31.023373 30.987872 30.970966 30.963292 30.959967 30.958590 30.958045 30.957837 30.957762 30.957735 30.957726 30.957723 30.957723 30.957722 30.957722 30.957722 30.957722 30.957720 30.957717 30.957705 30.957672 30.957579 30.957331 30.956688 30.955086 30.951235 30.942320 30.922415 30.879508 30.790067 30.609293 30.253746 29.569958 28.276553 25.856926 21.374866 13.277422 0.000000 
50.000000 48.072678 46.261870 44.662994 43.335635 42.298832 41.536188 41.007349 40.661236 40.447163 40.321863 40.252359 40.215770 40.197464 40.188745 40.184788 40.183073 40.182363 40.182082 40.181975 40.181936 40.181922 40.181918 40.181916 40.181916 40.181916 40.181915 40.181915 40.181915 40.181914 40.181912 40.181906 40.181887 40.181836 40.181697 40.181336 40.180435 40.178262 40.173210 40.161868 40.137241 40.085381 39.979033 39.765313 39.340304 38.491622 36.752581 32.984449 24.036339 0.000000 
50.000000 50.000000 50.000000 50.000000 50.000000 50.000000 50.000000 50.000000 50.000000 50.000000 50.000000 50.000000 50.000000 50.000000 50.000000 50.000000 50.000000 50.000000 50.000000 50.000000 50.000000 50.000000 50.000000 50.000000 50.000000 50.000000 50.000000 50.000000 50.000000 50.000000 50.000000 50.000000 50.000000 50.000000 50.000000 50.000000 50.000000 50.000000 50.000000 50.000000 50.000000 50.000000 50.000000 50.000000 50.000000 50.000000 50.000000 50.000000 50.000000 50.000000 
