50.000000 50.000000 50.000000 50.000000 50.000000 50.000000 50.000000 50.000000 50.000000 50.000000 50.000000 50.000000 50.000000 50.000000 50.000000 50.000000 50.000000 50.000000 50.000000 50.000000 50.000000 50.000000 50.000000 50.000000 50.000000 50.000000 50.000000 50.000000 50.000000 50.000000 50.000000 50.000000 50.000000 50.000000 50.000000 50.000000 50.000000 50.000000 50.000000 50.000000 50.000000 50.000000 50.000000 50.000000 50.000000 50.000000 50.000000 50.000000 50.000000 50.000000 
50.000000 48.690825 47.435442 46.281020 45.262837 44.401342 43.701878 43.156732 42.748727 42.455353 42.252589 42.117815 42.031614 41.978529 41.947034 41.929021 41.919082 41.913789 41.911066 41.909712 41.909061 41.908758 41.908621 41.908561 41.908536 41.908525 41.908520 41.908515 41.908506 41.908485 41.908438 41.908330 41.908089 41.907569 41.906472 41.904222 41.899726 41.890964 41.874293 41.843269 41.786660 41.685030 41.504611 41.185608 40.617883 39.584922 37.619475 33.586911 24.345413 0.000000 
50.000000 47.435442 44.976260 42.714854 40.720332 39.032752 37.662579 36.594703 35.795472 35.220794 34.823610 34.559610 34.390757 34.286774 34.225082 34.189798 34.170330 34.159962 34.154628 34.151977 34.150701 34.150108 34.149840 34.149723 34.149674 34.149652 34.149642 34.149632 34.149616 34.149578 34.149490 34.149289 34.148843 34.147880 34.145853 34.141705 34.133434 34.117367 34.086919 34.030554 33.928430 33.746869 33.429043 32.878760 31.931070 30.296988 27.458883 22.488130 13.848532 0.000000 
50.000000 46.281020 42.714854 39.435499 36.543172 34.095966 32.109050 30.560513 29.401549 28.568216 27.992271 27.609456 27.364612 27.213835 27.124382 27.073219 27.044992 27.029959 27.022226 27.018381 27.016532 27.015672 27.015284 27.015114 27.015042 27.015012 27.014996 27.014984 27.014961 27.014911 27.014794 27.014528 27.013939 27.012668 27.010001 27.004560 26.993754 26.972863 26.933514 26.861236 26.731617 26.504306 26.113770 25.455089 24.362453 22.578424 19.717749 15.255971 8.661544 0.000000 
50.000000 45.262837 40.720332 36.543172 32.859017 29.741861 27.211024 25.238588 23.762384 22.700957 21.967378 21.479794 21.167947 20.975911 20.861981 20.796821 20.760872 20.741727 20.731879 20.726982 20.724628 20.723532 20.723038 20.722822 20.722730 20.722691 20.722673 20.722658 20.722632 20.722575 20.722444 20.722146 20.721487 20.720069 20.717104 20.711080 20.699175 20.676297 20.633528 20.555707 20.417815 20.179725 19.778910 19.120873 18.067912 16.429509 13.964748 10.423343 5.677914 0.000000 
50.000000 44.401342 39.032752 34.095966 29.741861 26.057887 23.066872 20.735817 18.991235 17.736856 16.869934 16.293732 15.925214 15.698284 15.563655 15.486658 15.444179 15.421558 15.409921 15.404136 15.401354 15.400059 15.399476 15.399221 15.399113 15.399067 15.399045 15.399029 15.399003 15.398946 15.398814 15.398515 15.397856 15.396444 15.393503 15.387555 15.375866 15.353556 15.312194 15.237700 15.107369 14.885885 14.520426 13.935457 13.028943 11.673949 9.733513 7.101682 3.783459 0.000000 
50.000000 43.701878 37.662579 32.109050 27.211024 23.066872 19.702271 17.080089 15.117651 13.706649 12.731499 12.083374 11.668864 11.413618 11.262194 11.175593 11.127817 11.102375 11.089288 11.082782 11.079653 11.078198 11.077541 11.077255 11.077133 11.077082 11.077058 11.077042 11.077017 11.076964 11.076843 11.076568 11.075965 11.074677 11.072007 11.066634 11.056139 11.036250 10.999694 10.934537 10.821969 10.633584 10.328496 9.851136 9.131415 8.090150 6.653962 4.783819 2.516270 0.000000 
50.000000 43.156732 36.594703 30.560513 25.238588 20.735817 17.080089 14.231050 12.098860 10.565828 9.506359 8.802204 8.351869 8.074568 7.910063 7.815984 7.764083 7.736445 7.722230 7.715162 7.711764 7.710183 7.709470 7.709159 7.709027 7.708971 7.708947 7.708931 7.708909 7.708863 7.708759 7.708525 7.708012 7.706922 7.704672 7.700166 7.691420 7.674968 7.644984 7.592080 7.501773 7.352781 7.115525 6.751593 6.215391 5.459678 4.446742 3.165660 1.652122 0.000000 
50.000000 42.748727 35.795472 29.401549 23.762384 18.991235 15.117651 12.098860 9.839656 8.215324 7.092776 6.346709 5.869577 5.575782 5.401496 5.301825 5.246841 5.217561 5.202502 5.195015 5.191415 5.189740 5.188985 5.188656 5.188516 5.188457 5.188432 5.188417 5.188399 5.188362 5.188278 5.188091 5.187683 5.186818 5.185040 5.181501 5.174674 5.161920 5.138867 5.098583 5.030580 4.919828 4.746079 4.484066 4.105350 3.582659 2.897243 2.048603 1.063696 0.000000 
50.000000 42.455353 35.220794 28.568216 22.700957 17.736856 13.706649 10.565828 8.215324 6.525370 5.357487 4.581301 4.084916 3.779270 3.597958 3.494270 3.437072 3.406614 3.390948 3.383161 3.379416 3.377674 3.376889 3.376546 3.376400 3.376340 3.376314 3.376300 3.376286 3.376257 3.376194 3.376053 3.375746 3.375099 3.373776 3.371155 3.366127 3.356800 3.340072 3.311099 3.262685 3.184744 3.064055 2.884680 2.629487 2.283142 1.836599 1.292364 0.668693 0.000000 
50.000000 42.252589 34.823610 27.992271 21.967378 16.869934 12.731499 9.506359 7.092776 5.357487 4.158288 3.361300 2.851617 2.537789 2.351625 2.245166 2.186438 2.155167 2.139084 2.131088 2.127244 2.125456 2.124650 2.124298 2.124148 2.124087 2.124061 2.124048 2.124036 2.124015 2.123970 2.123869 2.123651 2.123193 2.122259 2.120420 2.116911 2.110443 2.098928 2.079144 2.046389 1.994193 1.914279 1.796962 1.632235 1.411670 1.131035 0.793057 0.409320 0.000000 
50.000000 42.117815 34.559610 27.609456 21.479794 16.293732 12.083374 8.802204 6.346709 4.581301 3.361300 2.550494 2.031981 1.712720 1.523335 1.415035 1.355293 1.323483 1.307122 1.298989 1.295078 1.293259 1.292439 1.292081 1.291929 1.291867 1.291841 1.291829 1.291820 1.291805 1.291774 1.291706 1.291558 1.291250 1.290624 1.289396 1.287066 1.282797 1.275247 1.262372 1.241230 1.207841 1.157221 1.083680 0.981539 0.846266 0.675942 0.472691 0.243522 0.000000 
50.000000 42.031614 34.390757 27.364612 21.167947 15.925214 11.668864 8.351869 5.869577 4.084916 2.851617 2.031981 1.507826 1.185093 0.993651 0.884175 0.823786 0.791631 0.775093 0.766872 0.762919 0.761080 0.760252 0.759890 0.759736 0.759673 0.759648 0.759636 0.759629 0.759619 0.759599 0.759554 0.759459 0.759261 0.758861 0.758079 0.756603 0.753913 0.749184 0.741174 0.728116 0.707657 0.676901 0.632613 0.571658 0.491649 0.391749 0.273390 0.140650 0.000000 
50.000000 41.978529 34.286774 27.213835 20.975911 15.698284 11.413618 8.074568 5.575782 3.779270 2.537789 1.712720 1.185093 0.860225 0.667517 0.557319 0.496532 0.464165 0.447518 0.439243 0.435265 0.433414 0.432579 0.432215 0.432061 0.431997 0.431972 0.431961 0.431955 0.431948 0.431936 0.431908 0.431850 0.431728 0.431483 0.431007 0.430112 0.428490 0.425654 0.420878 0.413143 0.401108 0.383147 0.357479 0.322418 0.276736 0.220081 0.153340 0.078803 0.000000 
50.000000 41.947034 34.225082 27.124382 20.861981 15.563655 11.262194 7.910063 5.401496 3.597958 2.351625 1.523335 0.993651 0.667517 0.474060 0.363434 0.302411 0.269918 0.253207 0.244901 0.240907 0.239049 0.238211 0.237846 0.237691 0.237627 0.237602 0.237591 0.237586 0.237582 0.237574 0.237558 0.237523 0.237452 0.237308 0.237030 0.236510 0.235572 0.233940 0.231206 0.226803 0.219995 0.209897 0.195560 0.176101 0.150901 0.119822 0.083378 0.042812 0.000000 
50.000000 41.929021 34.189798 27.073219 20.796821 15.486659 11.175593 7.815984 5.301825 3.494270 2.245166 1.415035 0.884175 0.557319 0.363434 0.252564 0.191406 0.158842 0.142094 0.133769 0.129766 0.127904 0.127065 0.126699 0.126544 0.126480 0.126454 0.126444 0.126440 0.126436 0.126432 0.126422 0.126403 0.126363 0.126282 0.126126 0.125836 0.125315 0.124411 0.122906 0.120495 0.116785 0.111313 0.103586 0.093155 0.079717 0.063218 0.043944 0.022549 0.000000 
50.000000 41.919082 34.170330 27.044992 20.760872 15.444179 11.127817 7.764083 5.246841 3.437072 2.186438 1.355293 0.823786 0.496532 0.302411 0.191406 0.130174 0.097570 0.080802 0.072467 0.068460 0.066595 0.065755 0.065388 0.065233 0.065169 0.065144 0.065134 0.065130 0.065127 0.065125 0.065119 0.065109 0.065087 0.065043 0.064959 0.064804 0.064525 0.064044 0.063246 0.061972 0.060023 0.057161 0.053140 0.047736 0.040803 0.032324 0.022450 0.011513 0.000000 
50.000000 41.913789 34.159962 27.029959 20.741727 15.421558 11.102375 7.736445 5.217561 3.406614 2.155167 1.323483 0.791631 0.464165 0.269918 0.158842 0.097570 0.064946 0.048167 0.039827 0.035817 0.033951 0.033111 0.032744 0.032588 0.032524 0.032499 0.032489 0.032485 0.032483 0.032481 0.032479 0.032473 0.032462 0.032439 0.032395 0.032315 0.032171 0.031924 0.031516 0.030868 0.029879 0.028433 0.026410 0.023702 0.020240 0.016020 0.011119 0.005699 0.000000 
50.000000 41.911066 34.154629 27.022226 20.731879 15.409921 11.089288 7.722230 5.202502 3.390948 2.139084 1.307122 0.775093 0.447518 0.253208 0.142094 0.080802 0.048167 0.031383 0.023040 0.019029 0.017163 0.016322 0.015954 0.015799 0.015735 0.015710 0.015700 0.015696 0.015694 0.015693 0.015692 0.015689 0.015683 0.015672 0.015650 0.015610 0.015538 0.015416 0.015215 0.014896 0.014411 0.013705 0.012720 0.011407 0.009733 0.007698 0.005340 0.002736 0.000000 
50.000000 41.909712 34.151977 27.018381 20.726982 15.404136 11.082782 7.715163 5.195015 3.383161 2.131089 1.298989 0.766872 0.439243 0.244901 0.133769 0.072467 0.039827 0.023040 0.014696 0.010684 0.008817 0.007976 0.007609 0.007453 0.007390 0.007364 0.007354 0.007350 0.007349 0.007348 0.007347 0.007346 0.007343 0.007338 0.007327 0.007308 0.007274 0.007215 0.007119 0.006967 0.006737 0.006404 0.005940 0.005323 0.004539 0.003587 0.002487 0.001274 0.000000 
50.000000 41.909061 34.150702 27.016533 20.724628 15.401355 11.079654 7.711765 5.191416 3.379417 2.127245 1.295079 0.762920 0.435265 0.240908 0.129767 0.068461 0.035818 0.019030 0.010684 0.006672 0.004806 0.003964 0.003597 0.003442 0.003378 0.003352 0.003342 0.003339 0.003337 0.003337 0.003336 0.003335 0.003334 0.003332 0.003327 0.003318 0.003302 0.003275 0.003230 0.003160 0.003055 0.002902 0.002690 0.002410 0.002053 0.001622 0.001124 0.000576 0.000000 
50.000000 41.908758 34.150109 27.015673 20.723533 15.400061 11.078199 7.710185 5.189742 3.377676 2.125458 1.293261 0.761082 0.433416 0.239051 0.127906 0.066598 0.033953 0.017165 0.008819 0.004807 0.002940 0.002099 0.001732 0.001576 0.001512 0.001487 0.001477 0.001473 0.001472 0.001471 0.001471 0.001471 0.001470 0.001469 0.001467 0.001463 0.001455 0.001443 0.001423 0.001392 0.001345 0.001277 0.001184 0.001060 0.000902 0.000713 0.000494 0.000253 0.000000 
50.000000 41.908622 34.149842 27.015287 20.723042 15.399480 11.077546 7.709475 5.188991 3.376894 2.124655 1.292445 0.760257 0.432585 0.238217 0.127071 0.065761 0.033116 0.016327 0.007982 0.003969 0.002103 0.001261 0.000894 0.000739 0.000675 0.000649 0.000639 0.000636 0.000634 0.000634 0.000634 0.000633 0.000633 0.000633 0.000632 0.000630 0.000627 0.000621 0.000613 0.000599 0.000579 0.000549 0.000509 0.000455 0.000388 0.000306 0.000212 0.000108 0.000000 
50.000000 41.908564 34.149729 27.015122 20.722832 15.399232 11.077267 7.709172 5.188670 3.376561 2.124313 1.292096 0.759905 0.432231 0.237861 0.126714 0.065404 0.032759 0.015970 0.007624 0.003612 0.001745 0.000904 0.000537 0.000381 0.000317 0.000292 0.000282 0.000278 0.000277 0.000276 0.000276 0.000276 0.000276 0.000276 0.000275 0.000275 0.000273 0.000271 0.000267 0.000261 0.000252 0.000239 0.000221 0.000198 0.000169 0.000133 0.000092 0.000047 0.000000 
50.000000 41.908543 34.149687 27.015062 20.722755 15.399142 11.077166 7.709062 5.188553 3.376439 2.124188 1.291970 0.759777 0.432102 0.237732 0.126585 0.065274 0.032629 0.015840 0.007494 0.003482 0.001615 0.000774 0.000407 0.000251 0.000187 0.000162 0.000152 0.000148 0.000147 0.000146 0.000146 0.000146 0.000146 0.000146 0.000146 0.000145 0.000145 0.000143 0.000141 0.000138 0.000133 0.000126 0.000117 0.000105 0.000089 0.000070 0.000049 0.000025 0.000000 
50.000000 41.908543 34.149687 27.015062 20.722755 15.399142 11.077166 7.709062 5.188553 3.376439 2.124188 1.291970 0.759777 0.432102 0.237732 0.126585 0.065274 0.032629 0.015840 0.007494 0.003482 0.001615 0.000774 0.000407 0.000251 0.000187 0.000162 0.000152 0.000148 0.000147 0.000146 0.000146 0.000146 0.000146 0.000146 0.000146 0.000145 0.000145 0.000143 0.000141 0.000138 0.000133 0.000126 0.000117 0.000105 0.000089 0.000070 0.000049 0.000025 0.000000 
50.000000 41.908564 34.149729 27.015122 20.722832 15.399232 11.077267 7.709172 5.188670 3.376561 2.124313 1.292096 0.759905 0.432231 0.237861 0.126714 0.065404 0.032759 0.015970 0.007624 0.003612 0.001745 0.000904 0.000537 0.000381 0.000317 0.000292 0.000282 0.000278 0.000277 0.000276 0.000276 0.000276 0.000276 0.000276 0.000275 0.000275 0.000273 0.000271 0.000267 0.000261 0.000252 0.000239 0.000221 0.000198 0.000169 0.000133 0.000092 0.000047 0.000000 
50.000000 41.908622 34.149842 27.015287 20.723042 15.399480 11.077546 7.709475 5.188991 3.376894 2.124655 1.292445 0.760257 0.432585 0.238217 0.127071 0.065761 0.033116 0.016327 0.007982 0.003969 0.002103 0.001261 0.000894 0.000739 0.000675 0.000649 0.000639 0.000636 0.000634 0.000634 0.000634 0.000633 0.000633 0.000633 0.000632 0.000630 0.000627 0.000621 0.000613 0.000599 0.000579 0.000549 0.000509 0.000455 0.000388 0.000306 0.000212 0.000108 0.000000 
50.000000 41.908758 34.150109 27.015673 20.723533 15.400061 11.078199 7.710185 5.189742 3.377676 2.125458 1.293261 0.761082 0.433416 0.239051 0.127906 0.066598 0.033953 0.017165 0.008819 0.004807 0.002940 0.002099 0.001732 0.001576 0.001512 0.001487 0.001477 0.001473 0.001472 0.001471 0.001471 0.001471 0.001470 0.001469 0.001467 0.001463 0.001455 0.001443 0.001423 0.001392 0.001345 0.001277 0.001184 0.001060 0.000902 0.000713 0.000494 0.000253 0.000000 
50.000000 41.909061 34.150702 27.016533 20.724628 15.401355 11.079654 7.711765 5.191416 3.379417 2.127245 1.295079 0.762920 0.435265 0.240908 0.129767 0.068461 0.035818 0.019030 0.010684 0.006672 0.004806 0.003964 0.003597 0.003442 0.003378 0.003352 0.003342 0.003339 0.003337 0.003337 0.003336 0.003335 0.003334 0.003332 0.003327 0.003318 0.003302 0.003275 0.003230 0.003160 0.003055 0.002902 0.002690 0.002410 0.002053 0.001622 0.001124 0.000576 0.000000 
50.000000 41.909712 34.151977 27.018381 20.726982 15.404136 11.082782 7.715163 5.195015 3.383161 2.131089 1.298989 0.766872 0.439243 0.244901 0.133769 0.072467 0.039827 0.023040 0.014696 0.010684 0.008817 0.007976 0.007609 0.007453 0.007390 0.007364 0.007354 0.007350 0.007349 0.007348 0.007347 0.007346 0.007343 0.007338 0.007327 0.007308 0.007274 0.007215 0.007119 0.006967 0.006737 0.006404 0.005940 0.005323 0.004539 0.003587 0.002487 0.001274 0.000000 
50.000000 41.911066 34.154629 27.022226 20.731879 15.409921 11.089288 7.722230 5.202502 3.390948 2.139084 1.307122 0.775093 0.447518 0.253208 0.142094 0.080802 0.048167 0.031383 0.023040 0.019029 0.017163 0.016322 0.015954 0.015799 0.015735 0.015710 0.015700 0.015696 0.015694 0.015693 0.015692 0.015689 0.015683 0.015672 0.015650 0.015610 0.015538 0.015416 0.015215 0.014896 0.014411 0.013705 0.012720 0.011407 0.009733 0.007698 0.005340 0.002736 0.000000 
50.000000 41.913789 34.159962 27.029959 20.741727 15.421558 11.102375 7.736445 5.217561 3.406614 2.155167 1.323483 0.791631 0.464165 0.269918 0.158842 0.097570 0.064946 0.048167 0.039827 0.035817 0.033951 0.033111 0.032744 0.032588 0.032524 0.032499 0.032489 0.032485 0.032483 0.032481 0.032479 0.032473 0.032462 0.032439 0.032395 0.032315 0.032171 0.031924 0.031516 0.030868 0.029879 0.028433 0.026410 0.023702 0.020240 0.016020 0.011119 0.005699 0.000000 
50.000000 41.919082 34.170330 27.044992 20.760872 15.444179 11.127817 7.764083 5.246841 3.437072 2.186438 1.355293 0.823786 0.496532 0.302411 0.191406 0.130174 0.097570 0.080802 0.072467 0.068460 0.066595 0.065755 0.065388 0.065233 0.065169 0.065144 0.065134 0.065130 0.065127 0.065125 0.065119 0.065109 0.065087 0.065043 0.064959 0.064804 0.064525 0.064044 0.063246 0.061972 0.060023 0.057161 0.053140 0.047736 0.040803 0.032324 0.022450 0.011513 0.000000 
50.000000 41.929021 34.189798 27.073219 20.796821 15.486659 11.175593 7.815984 5.301825 3.494270 2.245166 1.415035 0.884175 0.557319 0.363434 0.252564 0.191406 0.158842 0.142094 0.133769 0.129766 0.127904 0.127065 0.126699 0.126544 0.126480 0.126454 0.126444 0.126440 0.126436 0.126432 0.126422 0.126403 0.126363 0.126282 0.126126 0.125836 0.125315 0.124411 0.122906 0.120495 0.116785 0.111313 0.103586 0.093155 0.079717 0.063218 0.043944 0.022549 0.000000 
50.000000 41.947034 34.225082 27.124382 20.861981 15.563655 11.262194 7.910063 5.401496 3.597958 2.351625 1.523335 0.993651 0.667517 0.474060 0.363434 0.302411 0.269918 0.253207 0.244901 0.240907 0.239049 0.238211 0.237846 0.237691 0.237627 0.237602 0.237591 0.237586 0.237582 0.237574 0.237558 0.237523 0.237452 0.237308 0.237030 0.236510 0.235572 0.233940 0.231206 0.226803 0.219995 0.209897 0.195560 0.176101 0.150901 0.119822 0.083378 0.042812 0.000000 
50.000000 41.978529 34.286774 27.213835 20.975911 15.698284 11.413618 8.074568 5.575782 3.779270 2.537789 1.712720 1.185093 0.860225 0.667517 0.557319 0.496532 0.464165 0.447518 0.439243 0.435265 0.433414 0.432579 0.432215 0.432061 0.431997 0.431972 0.431961 0.431955 0.431948 0.431936 0.431908 0.431850 0.431728 0.431483 0.431007 0.430112 0.428490 0.425654 0.420878 0.413143 0.401108 0.383147 0.357479 0.322418 0.276736 0.220081 0.153340 0.078803 0.000000 
50.000000 42.031614 34.390757 27.364612 21.167947 15.925214 11.668864 8.351869 5.869577 4.084916 2.851617 2.031981 1.507826 1.185093 0.993651 0.884175 0.823786 0.791631 0.775093 0.766872 0.762919 0.761080 0.760252 0.759890 0.759736 0.759673 0.759648 0.759636 0.759629 0.759619 0.759599 0.759554 0.759459 0.759261 0.758861 0.758079 0.756603 0.753913 0.749184 0.741174 0.728116 0.707657 0.676901 0.632613 0.571658 0.491649 0.391749 0.273390 0.140650 0.000000 
50.000000 42.117815 34.559610 27.609456 21.479794 16.293732 12.083374 8.802204 6.346709 4.581301 3.361300 2.550494 2.031981 1.712720 1.523335 1.415035 1.355293 1.323483 1.307122 1.298989 1.295078 1.293259 1.292439 1.292081 1.291929 1.291867 1.291841 1.291829 1.291820 1.291805 1.291774 1.291706 1.291558 1.291250 1.290624 1.289396 1.287066 1.282797 1.275247 1.262372 1.241230 1.207841 1.157221 1.083680 0.981539 0.846266 0.675942 0.472691 0.243522 0.000000 
50.000000 42.252589 34.823610 27.992271 21.967378 16.869934 12.731499 9.506359 7.092776 5.357487 4.158288 3.361300 2.851617 2.537789 2.351625 2.245166 2.186438 2.155167 2.139084 2.131088 2.127244 2.125456 2.124650 2.124298 2.124148 2.124087 2.124061 2.124048 2.124036 2.124015 2.123970 2.123869 2.123651 2.123193 2.122259 2.120420 2.116911 2.110443 2.098928 2.079144 2.046389 1.994193 1.914279 1.796962 1.632235 1.411670 1.131035 0.793057 0.409320 0.000000 
50.000000 42.455353 35.220794 28.568216 22.700957 17.736856 13.706649 10.565828 8.215324 6.525370 5.357487 4.581301 4.084916 3.779270 3.597958 3.494270 3.437072 3.406614 3.390948 3.383161 3.379416 3.377674 3.376889 3.376546 3.376400 3.376340 3.376314 3.376300 3.376286 3.376257 3.376194 3.376053 3.375746 3.375099 3.373776 3.371155 3.366127 3.356800 3.340072 3.311099 3.262685 3.184744 3.064055 2.884680 2.629487 2.283142 1.836599 1.292364 0.668693 0.000000 
50.000000 42.748727 35.795472 29.401549 23.762384 18.991235 15.117651 12.098860 9.839656 8.215324 7.092776 6.346709 5.869577 5.575782 5.401496 5.301825 5.246841 5.217561 5.202502 5.195015 5.191415 5.189740 5.188985 5.188656 5.188516 5.188457 5.188432 5.188417 5.188399 5.188362 5.188278 5.188091 5.187683 5.186818 5.185040 5.181501 5.174674 5.161920 5.138867 5.098583 5.030580 4.919828 4.746079 4.484066 4.105350 3.582659 2.897243 2.048603 1.063696 0.000000 
50.000000 43.156732 36.594703 30.560513 25.238588 20.735817 17.080089 14.231050 12.098860 10.565828 9.506359 8.802204 8.351869 8.074568 7.910063 7.815984 7.764083 7.736445 7.722230 7.715162 7.711764 7.710183 7.709470 7.709159 7.709027 7.708971 7.708947 7.708931 7.708909 7.708863 7.708759 7.708525 7.708012 7.706922 7.704672 7.700166 7.691420 7.674968 7.644984 7.592080 7.501773 7.352781 7.115525 6.751593 6.215391 5.459678 4.446742 3.165660 1.652122 0.000000 
50.000000 43.701878 37.662579 32.109050 27.211024 23.066872 19.702271 17.080089 15.117651 13.706649 12.731499 12.083374 11.668864 11.413618 11.262194 11.175593 11.127817 11.102375 11.089288 11.082782 11.079653 11.078198 11.077541 11.077255 11.077133 11.077082 11.077058 11.077042 11.077017 11.076964 11.076843 11.076568 11.075965 11.074677 11.072007 11.066634 11.056139 11.036250 10.999694 10.934537 10.821969 10.633584 10.328496 9.851136 9.131415 8.090150 6.653962 4.783819 2.516270 0.000000 
50.000000 44.401342 39.032752 34.095966 29.741861 26.057887 23.066872 20.735817 18.991235 17.736856 16.869934 16.293732 15.925214 15.698284 15.563655 15.486658 15.444179 15.421558 15.409921 15.404136 15.401354 15.400059 15.399476 15.399221 15.399113 15.399067 15.399045 15.399029 15.399003 15.398946 15.398814 15.398515 15.397856 15.396444 15.393503 15.387555 15.375866 15.353556 15.312194 15.237700 15.107369 14.885885 14.520426 13.935457 13.028943 11.673949 9.733513 7.101682 3.783459 0.000000 
50.000000 45.262837 40.720332 36.543172 32.859017 29.741861 27.211024 25.238588 23.762384 22.700957 21.967378 21.479794 21.167947 20.975911 20.861981 20.796821 20.760872 20.741727 20.731879 20.726982 20.724628 20.723532 20.723038 20.722822 20.722730 20.722691 20.722673 20.722658 20.722632 20.722575 20.722444 20.722146 20.721487 20.720069 20.717104 20.711080 20.699175 20.676297 20.633528 20.555707 20.417815 20.179725 19.778910 19.120873 18.067912 16.429509 13.964748 10.423343 5.677914 0.000000 
50.000000 46.281020 42.714854 39.435499 36.543172 34.095966 32.109050 30.560513 29.401549 28.568216 27.992271 27.609456 27.364612 27.213835 27.124382 27.073219 27.044992 27.029959 27.022226 27.018381 27.016532 27.015672 27.015284 27.015114 27.015042 27.015012 27.014996 27.014984 27.014961 27.014911 27.014794 27.014528 27.013939 27.012668 27.010001 27.004560 26.993754 26.972863 26.933514 26.861236 26.731617 26.504306 26.113770 25.455089 24.362453 22.578424 19.717749 15.255971 8.661544 0.000000 
50.000000 47.435442 44.976260 42.714854 40.720332 39.032752 37.662579 36.594703 35.795472 35.220794 34.823610 34.559610 34.390757 34.286774 34.225082 34.189798 34.170330 34.159962 34.154628 34.151977 34.150701 34.150108 34.149840 34.149723 34.149674 34.149652 34.149642 34.149632 34.149616 34.149578 34.149490 34.149289 34.148843 34.147880 34.145853 34.141705 34.133434 34.117367 34.086919 34.030554 33.928430 33.746869 33.429043 32.878760 31.931070 30.296988 27.458883 22.488130 13.848532 0.000000 
50.000000 48.690825 47.435442 46.281020 45.262837 44.401342 43.701878 43.156732 42.748727 42.455353 42.252589 42.117815 42.031614 41.978529 41.947034 41.929021 41.919082 41.913789 41.911066 41.909712 41.909061 41.908758 41.908621 41.908561 41.908536 41.908525 41.908520 41.908515 41.908506 41.908485 41.908438 41.908330 41.908089 41.907569 41.906472 41.904222 41.899726 41.890964 41.874293 41.843269 41.786660 41.685030 41.504611 41.185608 40.617883 39.584922 37.619475 33.586911 24.345413 0.000000 
50.000000 50.000000 50.000000 50.000000 50.000000 50.000000 50.000000 50.000000 50.000000 50.000000 50.000000 50.000000 50.000000 50.000000 50.000000 50.000000 50.000000 50.000000 50.000000 50.000000 50.000000 50.000000 50.000000 50.000000 50.000000 50.000000 50.000000 50.000000 50.000000 50.000000 50.000000 50.000000 50.000000 50.000000 50.000000 50.000000 50.000000 50.000000 50.000000 50.000000 50.000000 50.000000 50.000000 50.000000 50.000000 50.000000 50.000000 50.000000 50.000000 50.000000 
