50.000000 50.000000 50.000000 50.000000 50.000000 50.000000 50.000000 50.000000 50.000000 50.000000 50.000000 50.000000 50.000000 50.000000 50.000000 50.000000 50.000000 50.000000 50.000000 50.000000 50.000000 50.000000 50.000000 50.000000 50.000000 50.000000 50.000000 50.000000 50.000000 50.000000 50.000000 50.000000 50.000000 50.000000 50.000000 50.000000 50.000000 50.000000 50.000000 50.000000 50.000000 50.000000 50.000000 50.000000 50.000000 50.000000 50.000000 50.000000 50.000000 50.000000 
50.000000 48.552755 47.171238 45.912234 44.816662 43.906072 43.182907 42.633895 42.235247 41.958225 41.773875 41.656312 41.584412 41.542211 41.518420 41.505527 41.498806 41.495432 41.493800 41.493039 41.492697 41.492548 41.492485 41.492460 41.492450 41.492446 41.492444 41.492442 41.492438 41.492429 41.492406 41.492350 41.492217 41.491911 41.491229 41.489751 41.486638 41.480264 41.467558 41.442867 41.395978 41.308669 41.148500 40.856955 40.324917 39.336390 37.423922 33.451825 24.276377 0.000000 
50.000000 47.171238 44.470951 42.010128 39.868754 38.088947 36.675482 35.602413 34.823244 34.281799 33.921488 33.691712 33.551188 33.468708 33.422209 33.397012 33.383876 33.377282 33.374094 33.372606 33.371937 33.371646 33.371524 33.371474 33.371454 33.371446 33.371443 33.371439 33.371432 33.371415 33.371373 33.371269 33.371025 33.370463 33.369212 33.366507 33.360823 33.349221 33.326190 33.281670 33.197724 33.042950 32.762998 32.264071 31.383128 29.832151 27.093133 22.235475 13.719413 0.000000 
50.000000 45.912234 42.010128 38.454078 35.359664 32.787754 30.745242 29.194629 28.068721 27.286337 26.765695 26.433680 26.230632 26.111456 26.044271 26.007864 25.988885 25.979359 25.974752 25.972603 25.971636 25.971216 25.971039 25.970967 25.970939 25.970928 25.970922 25.970918 25.970909 25.970886 25.970830 25.970695 25.970376 25.969644 25.968018 25.964513 25.957177 25.942277 25.912878 25.856493 25.751263 25.559889 25.220168 24.630389 23.627304 21.954773 19.227039 14.916995 8.488312 0.000000 
50.000000 44.816662 39.868754 35.359664 31.435957 28.174808 25.584954 23.618840 22.191254 21.199250 20.539128 20.118172 19.860737 19.709642 19.624466 19.578310 19.554250 19.542173 19.536333 19.533609 19.532384 19.531851 19.531627 19.531536 19.531500 19.531485 19.531479 19.531474 19.531464 19.531439 19.531377 19.531228 19.530876 19.530074 19.528297 19.524481 19.516535 19.500492 19.469075 19.409387 19.299320 19.102231 18.759391 18.179965 17.229172 15.717979 13.404892 10.036603 5.480272 0.000000 
50.000000 43.906072 38.088947 32.787754 28.174808 24.340839 21.296114 18.984710 17.306437 16.140255 15.364243 14.869395 14.566778 14.389169 14.289049 14.234797 14.206517 14.192323 14.185459 14.182258 14.180817 14.180191 14.179927 14.179820 14.179778 14.179762 14.179754 14.179749 14.179739 14.179714 14.179654 14.179507 14.179163 14.178381 14.176656 14.172968 14.165331 14.150017 14.120275 14.064341 13.962492 13.782976 13.476859 12.972355 12.170420 10.945635 9.160450 6.705819 3.581154 0.000000 
50.000000 43.182907 36.675482 30.745242 25.584954 21.296114 17.890196 15.304628 13.427320 12.122859 11.254849 10.701349 10.362872 10.164222 10.052243 9.991567 9.959939 9.944066 9.936390 9.932810 9.931199 9.930498 9.930204 9.930085 9.930037 9.930019 9.930011 9.930006 9.929996 9.929974 9.929920 9.929789 9.929482 9.928787 9.927260 9.924013 9.917331 9.904024 9.878399 9.830702 9.744928 9.596024 9.346761 8.945098 8.323759 7.404990 6.114853 4.411411 2.325952 0.000000 
50.000000 42.633895 35.602413 29.194629 23.618840 18.984710 15.304628 12.510971 10.482608 9.073211 8.135394 7.537392 7.171711 6.957100 6.836128 6.770581 6.736414 6.719267 6.710975 6.707109 6.705369 6.704612 6.704295 6.704165 6.704114 6.704095 6.704087 6.704081 6.704073 6.704055 6.704010 6.703901 6.703648 6.703077 6.701828 6.699186 6.693780 6.683092 6.662685 6.625076 6.558242 6.443837 6.255486 5.957868 5.507851 4.859449 3.974461 2.839415 1.485395 0.000000 
50.000000 42.235247 34.823244 28.068721 22.191254 17.306437 13.427320 10.482608 8.344602 6.859045 5.870568 5.240277 4.854858 4.628670 4.501174 4.432094 4.396087 4.378018 4.369280 4.365205 4.363372 4.362575 4.362240 4.362104 4.362050 4.362029 4.362021 4.362016 4.362010 4.361995 4.361960 4.361877 4.361682 4.361244 4.360290 4.358283 4.354202 4.346189 4.331013 4.303307 4.254608 4.172301 4.038772 3.831296 3.523460 3.089022 2.508832 1.780294 0.926578 0.000000 
50.000000 41.958225 34.281799 27.286337 21.199250 16.140255 12.122859 9.073211 6.859045 5.320591 4.296935 3.644223 3.245102 3.010876 2.878854 2.807323 2.770039 2.751329 2.742281 2.738063 2.736164 2.735339 2.734992 2.734852 2.734796 2.734775 2.734766 2.734762 2.734757 2.734746 2.734721 2.734660 2.734519 2.734204 2.733520 2.732088 2.729192 2.723546 2.712932 2.693723 2.660296 2.604436 2.514969 2.377931 2.177764 1.899930 1.535074 1.084075 0.562247 0.000000 
50.000000 41.773875 33.921488 26.765695 20.539128 15.364243 11.254849 8.135394 5.870568 4.296935 3.249884 2.582265 2.174035 1.934468 1.799437 1.726277 1.688145 1.669010 1.659757 1.655443 1.653501 1.652658 1.652303 1.652159 1.652102 1.652081 1.652072 1.652068 1.652065 1.652057 1.652040 1.651998 1.651902 1.651687 1.651224 1.650259 1.648319 1.644559 1.637542 1.624942 1.603211 1.567261 1.510317 1.424148 1.299902 1.129741 0.909202 0.639818 0.331008 0.000000 
50.000000 41.656312 33.691712 26.433680 20.118172 14.869395 10.701349 7.537392 5.240277 3.644223 2.582265 1.905148 1.491116 1.248147 1.111200 1.037004 0.998332 0.978926 0.969543 0.965168 0.963199 0.962343 0.961984 0.961838 0.961780 0.961758 0.961750 0.961746 0.961743 0.961738 0.961727 0.961700 0.961638 0.961500 0.961203 0.960586 0.959354 0.956979 0.952574 0.944723 0.931291 0.909264 0.874707 0.822950 0.749119 0.649097 0.520802 0.365522 0.188754 0.000000 
50.000000 41.584412 33.551188 26.230632 19.860737 14.566778 10.362872 7.171711 4.854858 3.245102 2.174035 1.491116 1.073539 0.828493 0.690377 0.615547 0.576546 0.556975 0.547512 0.543100 0.541114 0.540251 0.539889 0.539742 0.539684 0.539661 0.539653 0.539650 0.539648 0.539644 0.539637 0.539621 0.539583 0.539498 0.539317 0.538943 0.538198 0.536770 0.534137 0.529475 0.521556 0.508669 0.488618 0.458848 0.416760 0.360245 0.288355 0.201967 0.104149 0.000000 
50.000000 41.542211 33.468708 26.111456 19.709642 14.389169 10.164222 6.957100 4.628670 3.010876 1.934468 1.248147 0.828493 0.582229 0.443428 0.368228 0.329034 0.309366 0.299856 0.295422 0.293427 0.292560 0.292195 0.292047 0.291989 0.291967 0.291959 0.291955 0.291954 0.291952 0.291947 0.291938 0.291915 0.291866 0.291761 0.291544 0.291115 0.290295 0.288793 0.286149 0.281684 0.274468 0.263320 0.246891 0.223838 0.193107 0.154278 0.107885 0.055573 0.000000 
50.000000 41.518420 33.422209 26.044271 19.624466 14.289049 10.052243 6.836128 4.501174 2.878854 1.799437 1.111200 0.690377 0.443428 0.304241 0.228832 0.189529 0.169807 0.160272 0.155825 0.153825 0.152955 0.152590 0.152441 0.152383 0.152361 0.152352 0.152349 0.152348 0.152347 0.152344 0.152339 0.152326 0.152299 0.152240 0.152120 0.151884 0.151434 0.150614 0.149178 0.146766 0.142891 0.136942 0.128230 0.116081 0.099985 0.079759 0.055703 0.028669 0.000000 
50.000000 41.505527 33.397012 26.007864 19.578310 14.234797 9.991567 6.770581 4.432094 2.807323 1.726277 1.037004 0.615547 0.368228 0.228832 0.153311 0.113950 0.094198 0.084648 0.080195 0.078192 0.077321 0.076955 0.076806 0.076748 0.076726 0.076717 0.076714 0.076713 0.076712 0.076711 0.076708 0.076701 0.076686 0.076655 0.076592 0.076467 0.076231 0.075801 0.075053 0.073803 0.071804 0.068752 0.064307 0.058142 0.050013 0.039846 0.027800 0.014298 0.000000 
50.000000 41.498806 33.383876 25.988885 19.554250 14.206517 9.959939 6.736414 4.396087 2.770039 1.688145 0.998332 0.576546 0.329034 0.189529 0.113950 0.074558 0.054791 0.045234 0.040778 0.038772 0.037901 0.037535 0.037386 0.037327 0.037305 0.037297 0.037294 0.037293 0.037292 0.037291 0.037290 0.037286 0.037279 0.037263 0.037231 0.037168 0.037048 0.036833 0.036458 0.035835 0.034844 0.033337 0.031152 0.028135 0.024176 0.019241 0.013413 0.006894 0.000000 
50.000000 41.495432 33.377282 25.979359 19.542173 14.192323 9.944066 6.719267 4.378018 2.751329 1.669010 0.978926 0.556975 0.309366 0.169807 0.094198 0.054791 0.035017 0.025456 0.020998 0.018992 0.018120 0.017754 0.017605 0.017546 0.017524 0.017516 0.017513 0.017512 0.017511 0.017511 0.017510 0.017509 0.017505 0.017497 0.017481 0.017451 0.017393 0.017289 0.017108 0.016809 0.016336 0.015619 0.014583 0.013159 0.011297 0.008983 0.006258 0.003215 0.000000 
50.000000 41.493800 33.374094 25.974752 19.536333 14.185459 9.936390 6.710976 4.369280 2.742281 1.659757 0.969543 0.547512 0.299856 0.160272 0.084648 0.045234 0.025456 0.015893 0.011434 0.009428 0.008556 0.008190 0.008041 0.007982 0.007960 0.007952 0.007949 0.007948 0.007947 0.007947 0.007947 0.007946 0.007944 0.007940 0.007933 0.007919 0.007892 0.007843 0.007759 0.007621 0.007403 0.007074 0.006601 0.005952 0.005105 0.004057 0.002824 0.001451 0.000000 
50.000000 41.493039 33.372606 25.972603 19.533609 14.182258 9.932810 6.707109 4.365205 2.738063 1.655443 0.965168 0.543100 0.295422 0.155825 0.080195 0.040778 0.020998 0.011434 0.006975 0.004969 0.004097 0.003730 0.003581 0.003523 0.003500 0.003492 0.003489 0.003488 0.003488 0.003488 0.003487 0.003487 0.003486 0.003485 0.003481 0.003475 0.003463 0.003441 0.003404 0.003342 0.003245 0.003099 0.002890 0.002604 0.002232 0.001773 0.001234 0.000633 0.000000 
50.000000 41.492697 33.371937 25.971636 19.532384 14.180817 9.931199 6.705369 4.363372 2.736164 1.653502 0.963199 0.541115 0.293427 0.153825 0.078192 0.038773 0.018992 0.009428 0.004969 0.002962 0.002090 0.001724 0.001575 0.001516 0.001494 0.001486 0.001483 0.001482 0.001481 0.001481 0.001481 0.001481 0.001481 0.001480 0.001478 0.001476 0.001470 0.001461 0.001445 0.001418 0.001377 0.001314 0.001225 0.001103 0.000945 0.000750 0.000522 0.000268 0.000000 
50.000000 41.492548 33.371646 25.971216 19.531851 14.180191 9.930499 6.704613 4.362575 2.735340 1.652658 0.962344 0.540252 0.292560 0.152956 0.077321 0.037901 0.018121 0.008556 0.004097 0.002090 0.001218 0.000852 0.000703 0.000644 0.000622 0.000614 0.000611 0.000610 0.000610 0.000609 0.000609 0.000609 0.000609 0.000609 0.000608 0.000607 0.000605 0.000601 0.000594 0.000583 0.000566 0.000540 0.000503 0.000453 0.000388 0.000308 0.000214 0.000110 0.000000 
50.000000 41.492486 33.371524 25.971040 19.531628 14.179929 9.930205 6.704296 4.362241 2.734994 1.652305 0.961985 0.539890 0.292197 0.152591 0.076956 0.037536 0.017755 0.008191 0.003732 0.001725 0.000853 0.000487 0.000338 0.000279 0.000257 0.000249 0.000246 0.000245 0.000244 0.000244 0.000244 0.000244 0.000244 0.000244 0.000244 0.000243 0.000242 0.000241 0.000238 0.000233 0.000226 0.000216 0.000201 0.000181 0.000155 0.000123 0.000085 0.000044 0.000000 
50.000000 41.492461 33.371475 25.970969 19.531538 14.179824 9.930088 6.704169 4.362108 2.734856 1.652163 0.961842 0.539746 0.292052 0.152446 0.076811 0.037390 0.017610 0.008045 0.003586 0.001579 0.000707 0.000341 0.000192 0.000133 0.000111 0.000103 0.000100 0.000099 0.000098 0.000098 0.000098 0.000098 0.000098 0.000098 0.000098 0.000098 0.000097 0.000097 0.000096 0.000094 0.000091 0.000087 0.000081 0.000073 0.000062 0.000049 0.000034 0.000018 0.000000 
50.000000 41.492452 33.371459 25.970945 19.531508 14.179788 9.930048 6.704126 4.362062 2.734808 1.652115 0.961793 0.539696 0.292002 0.152396 0.076761 0.037340 0.017559 0.007995 0.003535 0.001529 0.000657 0.000290 0.000141 0.000083 0.000061 0.000052 0.000049 0.000048 0.000048 0.000048 0.000048 0.000048 0.000048 0.000048 0.000048 0.000048 0.000047 0.000047 0.000047 0.000046 0.000044 0.000042 0.000039 0.000035 0.000030 0.000024 0.000017 0.000009 0.000000 
50.000000 41.492452 33.371459 25.970945 19.531508 14.179788 9.930048 6.704126 4.362062 2.734808 1.652115 0.961793 0.539696 0.292002 0.152396 0.076761 0.037340 0.017559 0.007995 0.003535 0.001529 0.000657 0.000290 0.000141 0.000083 0.000061 0.000052 0.000049 0.000048 0.000048 0.000048 0.000048 0.000048 0.000048 0.000048 0.000048 0.000048 0.000047 0.000047 0.000047 0.000046 0.000044 0.000042 0.000039 0.000035 0.000030 0.000024 0.000017 0.000009 0.000000 
50.000000 41.492461 33.371475 25.970969 19.531538 14.179824 9.930088 6.704169 4.362108 2.734856 1.652163 0.961842 0.539746 0.292052 0.152446 0.076811 0.037390 0.017610 0.008045 0.003586 0.001579 0.000707 0.000341 0.000192 0.000133 0.000111 0.000103 0.000100 0.000099 0.000098 0.000098 0.000098 0.000098 0.000098 0.000098 0.000098 0.000098 0.000097 0.000097 0.000096 0.000094 0.000091 0.000087 0.000081 0.000073 0.000062 0.000049 0.000034 0.000018 0.000000 
50.000000 41.492486 33.371524 25.971040 19.531628 14.179929 9.930205 6.704296 4.362241 2.734994 1.652305 0.961985 0.539890 0.292197 0.152591 0.076956 0.037536 0.017755 0.008191 0.003732 0.001725 0.000853 0.000487 0.000338 0.000279 0.000257 0.000249 0.000246 0.000245 0.000244 0.000244 0.000244 0.000244 0.000244 0.000244 0.000244 0.000243 0.000242 0.000241 0.000238 0.000233 0.000226 0.000216 0.000201 0.000181 0.000155 0.000123 0.000085 0.000044 0.000000 
50.000000 41.492548 33.371646 25.971216 19.531851 14.180191 9.930499 6.704613 4.362575 2.735340 1.652658 0.962344 0.540252 0.292560 0.152956 0.077321 0.037901 0.018121 0.008556 0.004097 0.002090 0.001218 0.000852 0.000703 0.000644 0.000622 0.000614 0.000611 0.000610 0.000610 0.000609 0.000609 0.000609 0.000609 0.000609 0.000608 0.000607 0.000605 0.000601 0.000594 0.000583 0.000566 0.000540 0.000503 0.000453 0.000388 0.000308 0.000214 0.000110 0.000000 
50.000000 41.492697 33.371937 25.971636 19.532384 14.180817 9.931199 6.705369 4.363372 2.736164 1.653502 0.963199 0.541115 0.293427 0.153825 0.078192 0.038773 0.018992 0.009428 0.004969 0.002962 0.002090 0.001724 0.001575 0.001516 0.001494 0.001486 0.001483 0.001482 0.001481 0.001481 0.001481 0.001481 0.001481 0.001480 0.001478 0.001476 0.001470 0.001461 0.001445 0.001418 0.001377 0.001314 0.001225 0.001103 0.000945 0.000750 0.000522 0.000268 0.000000 
50.000000 41.493039 33.372606 25.972603 19.533609 14.182258 9.932810 6.707109 4.365205 2.738063 1.655443 0.965168 0.543100 0.295422 0.155825 0.080195 0.040778 0.020998 0.011434 0.006975 0.004969 0.004097 0.003730 0.003581 0.003523 0.003500 0.003492 0.003489 0.003488 0.003488 0.003488 0.003487 0.003487 0.003486 0.003485 0.003481 0.003475 0.003463 0.003441 0.003404 0.003342 0.003245 0.003099 0.002890 0.002604 0.002232 0.001773 0.001234 0.000633 0.000000 
50.000000 41.493800 33.374094 25.974752 19.536333 14.185459 9.936390 6.710976 4.369280 2.742281 1.659757 0.969543 0.547512 0.299856 0.160272 0.084648 0.045234 0.025456 0.015893 0.011434 0.009428 0.008556 0.008190 0.008041 0.007982 0.007960 0.007952 0.007949 0.007948 0.007947 0.007947 0.007947 0.007946 0.007944 0.007940 0.007933 0.007919 0.007892 0.007843 0.007759 0.007621 0.007403 0.007074 0.006601 0.005952 0.005105 0.004057 0.002824 0.001451 0.000000 
50.000000 41.495432 33.377282 25.979359 19.542173 14.192323 9.944066 6.719267 4.378018 2.751329 1.669010 0.978926 0.556975 0.309366 0.169807 0.094198 0.054791 0.035017 0.025456 0.020998 0.018992 0.018120 0.017754 0.017605 0.017546 0.017524 0.017516 0.017513 0.017512 0.017511 0.017511 0.017510 0.017509 0.017505 0.017497 0.017481 0.017451 0.017393 0.017289 0.017108 0.016809 0.016336 0.015619 0.014583 0.013159 0.011297 0.008983 0.006258 0.003215 0.000000 
50.000000 41.498806 33.383876 25.988885 19.554250 14.206517 9.959939 6.736414 4.396087 2.770039 1.688145 0.998332 0.576546 0.329034 0.189529 0.113950 0.074558 0.054791 0.045234 0.040778 0.038772 0.037901 0.037535 0.037386 0.037327 0.037305 0.037297 0.037294 0.037293 0.037292 0.037291 0.037290 0.037286 0.037279 0.037263 0.037231 0.037168 0.037048 0.036833 0.036458 0.035835 0.034844 0.033337 0.031152 0.028135 0.024176 0.019241 0.013413 0.006894 0.000000 
50.000000 41.505527 33.397012 26.007864 19.578310 14.234797 9.991567 6.770581 4.432094 2.807323 1.726277 1.037004 0.615547 0.368228 0.228832 0.153311 0.113950 0.094198 0.084648 0.080195 0.078192 0.077321 0.076955 0.076806 0.076748 0.076726 0.076717 0.076714 0.076713 0.076712 0.076711 0.076708 0.076701 0.076686 0.076655 0.076592 0.076467 0.076231 0.075801 0.075053 0.073803 0.071804 0.068752 0.064307 0.058142 0.050013 0.039846 0.027800 0.014298 0.000000 
50.000000 41.518420 33.422209 26.044271 19.624466 14.289049 10.052243 6.836128 4.501174 2.878854 1.799437 1.111200 0.690377 0.443428 0.304241 0.228832 0.189529 0.169807 0.160272 0.155825 0.153825 0.152955 0.152590 0.152441 0.152383 0.152361 0.152352 0.152349 0.152348 0.152347 0.152344 0.152339 0.152326 0.152299 0.152240 0.152120 0.151884 0.151434 0.150614 0.149178 0.146766 0.142891 0.136942 0.128230 0.116081 0.099985 0.079759 0.055703 0.028669 0.000000 
50.000000 41.542211 33.468708 26.111456 19.709642 14.389169 10.164222 6.957100 4.628670 3.010876 1.934468 1.248147 0.828493 0.582229 0.443428 0.368228 0.329034 0.309366 0.299856 0.295422 0.293427 0.292560 0.292195 0.292047 0.291989 0.291967 0.291959 0.291955 0.291954 0.291952 0.291947 0.291938 0.291915 0.291866 0.291761 0.291544 0.291115 0.290295 0.288793 0.286149 0.281684 0.274468 0.263320 0.246891 0.223838 0.193107 0.154278 0.107885 0.055573 0.000000 
50.000000 41.584412 33.551188 26.230632 19.860737 14.566778 10.362872 7.171711 4.854858 3.245102 2.174035 1.491116 1.073539 0.828493 0.690377 0.615547 0.576546 0.556975 0.547512 0.543100 0.541114 0.540251 0.539889 0.539742 0.539684 0.539661 0.539653 0.539650 0.539648 0.539644 0.539637 0.539621 0.539583 0.539498 0.539317 0.538943 0.538198 0.536770 0.534137 0.529475 0.521556 0.508669 0.488618 0.458848 0.416760 0.360245 0.288355 0.201967 0.104149 0.000000 
50.000000 41.656312 33.691712 26.433680 20.118172 14.869395 10.701349 7.537392 5.240277 3.644223 2.582265 1.905148 1.491116 1.248147 1.111200 1.037004 0.998332 0.978926 0.969543 0.965168 0.963199 0.962343 0.961984 0.961838 0.961780 0.961758 0.961750 0.961746 0.961743 0.961738 0.961727 0.961700 0.961638 0.961500 0.961203 0.960586 0.959354 0.956979 0.952574 0.944723 0.931291 0.909264 0.874707 0.822950 0.749119 0.649097 0.520802 0.365522 0.188754 0.000000 
50.000000 41.773875 33.921488 26.765695 20.539128 15.364243 11.254849 8.135394 5.870568 4.296935 3.249884 2.582265 2.174035 1.934468 1.799437 1.726277 1.688145 1.669010 1.659757 1.655443 1.653501 1.652658 1.652303 1.652159 1.652102 1.652081 1.652072 1.652068 1.652065 1.652057 1.652040 1.651998 1.651902 1.651687 1.651224 1.650259 1.648319 1.644559 1.637542 1.624942 1.603211 1.567261 1.510317 1.424148 1.299902 1.129741 0.909202 0.639818 0.331008 0.000000 
50.000000 41.958225 34.281799 27.286337 21.199250 16.140255 12.122859 9.073211 6.859045 5.320591 4.296935 3.644223 3.245102 3.010876 2.878854 2.807323 2.770039 2.751329 2.742281 2.738063 2.736164 2.735339 2.734992 2.734852 2.734796 2.734775 2.734766 2.734762 2.734757 2.734746 2.734721 2.734660 2.734519 2.734204 2.733520 2.732088 2.729192 2.723546 2.712932 2.693723 2.660296 2.604436 2.514969 2.377931 2.177764 1.899930 1.535074 1.084075 0.562247 0.000000 
50.000000 42.235247 34.823244 28.068721 22.191254 17.306437 13.427320 10.482608 8.344602 6.859045 5.870568 5.240277 4.854858 4.628670 4.501174 4.432094 4.396087 4.378018 4.369280 4.365205 4.363372 4.362575 4.362240 4.362104 4.362050 4.362029 4.362021 4.362016 4.362010 4.361995 4.361960 4.361877 4.361682 4.361244 4.360290 4.358283 4.354202 4.346189 4.331013 4.303307 4.254608 4.172301 4.038772 3.831296 3.523460 3.089022 2.508832 1.780294 0.926578 0.000000 
50.000000 42.633895 35.602413 29.194629 23.618840 18.984710 15.304628 12.510971 10.482608 9.073211 8.135394 7.537392 7.171711 6.957100 6.836128 6.770581 6.736414 6.719267 6.710975 6.707109 6.705369 6.704612 6.704295 6.704165 6.704114 6.704095 6.704087 6.704081 6.704073 6.704055 6.704010 6.703901 6.703648 6.703077 6.701828 6.699186 6.693780 6.683092 6.662685 6.625076 6.558242 6.443837 6.255486 5.957868 5.507851 4.859449 3.974461 2.839415 1.485395 0.000000 
50.000000 43.182907 36.675482 30.745242 25.584954 21.296114 17.890196 15.304628 13.427320 12.122859 11.254849 10.701349 10.362872 10.164222 10.052243 9.991567 9.959939 9.944066 9.936390 9.932810 9.931199 9.930498 9.930204 9.930085 9.930037 9.930019 9.930011 9.930006 9.929996 9.929974 9.929920 9.929789 9.929482 9.928787 9.927260 9.924013 9.917331 9.904024 9.878399 9.830702 9.744928 9.596024 9.346761 8.945098 8.323759 7.404990 6.114853 4.411411 2.325952 0.000000 
50.000000 43.906072 38.088947 32.787754 28.174808 24.340839 21.296114 18.984710 17.306437 16.140255 15.364243 14.869395 14.566778 14.389169 14.289049 14.234797 14.206517 14.192323 14.185459 14.182258 14.180817 14.180191 14.179927 14.179820 14.179778 14.179762 14.179754 14.179749 14.179739 14.179714 14.179654 14.179507 14.179163 14.178381 14.176656 14.172968 14.165331 14.150017 14.120275 14.064341 13.962492 13.782976 13.476859 12.972355 12.170420 10.945635 9.160450 6.705819 3.581154 0.000000 
50.000000 44.816662 39.868754 35.359664 31.435957 28.174808 25.584954 23.618840 22.191254 21.199250 20.539128 20.118172 19.860737 19.709642 19.624466 19.578310 19.554250 19.542173 19.536333 19.533609 19.532384 19.531851 19.531627 19.531536 19.531500 19.531485 19.531479 19.531474 19.531464 19.531439 19.531377 19.531228 19.530876 19.530074 19.528297 19.524481 19.516535 19.500492 19.469075 19.409387 19.299320 19.102231 18.759391 18.179965 17.229172 15.717979 13.404892 10.036603 5.480272 0.000000 
50.000000 45.912234 42.010128 38.454078 35.359664 32.787754 30.745242 29.194629 28.068721 27.286337 26.765695 26.433680 26.230632 26.111456 26.044271 26.007864 25.988885 25.979359 25.974752 25.972603 25.971636 25.971216 25.971039 25.970967 25.970939 25.970928 25.970922 25.970918 25.970909 25.970886 25.970830 25.970695 25.970376 25.969644 25.968018 25.964513 25.957177 25.942277 25.912878 25.856493 25.751263 25.559889 25.220168 24.630389 23.627304 21.954773 19.227039 14.916995 8.488312 0.000000 
50.000000 47.171238 44.470951 42.010128 39.868754 38.088947 36.675482 35.602413 34.823244 34.281799 33.921488 33.691712 33.551188 33.468708 33.422209 33.397012 33.383876 33.377282 33.374094 33.372606 33.371937 33.371646 33.371524 33.371474 33.371454 33.371446 33.371443 33.371439 33.371432 33.371415 33.371373 33.371269 33.371025 33.370463 33.369212 33.366507 33.360823 33.349221 33.326190 33.281670 33.197724 33.042950 32.762998 32.264071 31.383128 29.832151 27.093133 22.235475 13.719413 0.000000 
50.000000 48.552755 47.171238 45.912234 44.816662 43.906072 43.182907 42.633895 42.235247 41.958225 41.773875 41.656312 41.584412 41.542211 41.518420 41.505527 41.498806 41.495432 41.493800 41.493039 41.492697 41.492548 41.492485 41.492460 41.492450 41.492446 41.492444 41.492442 41.492438 41.492429 41.492406 41.492350 41.492217 41.491911 41.491229 41.489751 41.486638 41.480264 41.467558 41.442867 41.395978 41.308669 41.148500 40.856955 40.324917 39.336390 37.423922 33.451825 24.276377 0.000000 
50.000000 50.000000 50.000000 50.000000 50.000000 50.000000 50.000000 50.000000 50.000000 50.000000 50.000000 50.000000 50.000000 50.000000 50.000000 50.000000 50.000000 50.000000 50.000000 50.000000 50.000000 50.000000 50.000000 50.000000 50.000000 50.000000 50.000000 50.000000 50.000000 50.000000 50.000000 50.000000 50.000000 50.000000 50.000000 50.000000 50.000000 50.000000 50.000000 50.000000 50.000000 50.000000 50.000000 50.000000 50.000000 50.000000 50.000000 50.000000 50.000000 50.000000 
