50.000000 50.000000 50.000000 50.000000 50.000000 50.000000 50.000000 50.000000 50.000000 50.000000 50.000000 50.000000 50.000000 50.000000 50.000000 50.000000 50.000000 50.000000 50.000000 50.000000 50.000000 50.000000 50.000000 50.000000 50.000000 50.000000 50.000000 50.000000 50.000000 50.000000 50.000000 50.000000 50.000000 50.000000 50.000000 50.000000 50.000000 50.000000 50.000000 50.000000 50.000000 50.000000 50.000000 50.000000 50.000000 50.000000 50.000000 50.000000 50.000000 50.000000 
50.000000 47.562201 45.310706 43.389208 41.872379 40.763266 40.010739 39.536001 39.256921 39.103687 39.024918 38.986919 38.969677 38.962300 38.959319 38.958177 38.957763 38.957620 38.957573 38.957558 38.957554 38.957553 38.957552 38.957552 38.957552 38.957552 38.957552 38.957552 38.957552 38.957552 38.957552 38.957551 38.957548 38.957540 38.957511 38.957423 38.957165 38.956434 38.954460 38.949348 38.936664 38.906433 38.837020 38.682635 38.347122 37.624927 36.053103 32.491428 23.781101 0.000000 
50.000000 45.310706 40.979805 37.283710 34.366056 32.232693 30.785252 29.872146 29.335382 29.040672 28.889183 28.816108 28.782949 28.768765 28.763031 28.760837 28.760040 28.759765 28.759675 28.759646 28.759638 28.759636 28.759635 28.759635 28.759635 28.759635 28.759635 28.759635 28.759635 28.759634 28.759634 28.759633 28.759628 28.759613 28.759563 28.759411 28.758965 28.757708 28.754326 28.745618 28.724171 28.673589 28.559157 28.310172 27.787088 26.720782 24.601349 20.489902 12.819278 0.000000 
50.000000 43.389208 37.283710 32.073208 27.960189 24.952870 22.912538 21.625464 20.868900 20.453530 20.240030 20.137047 20.090321 20.070334 20.062256 20.059164 20.058042 20.057654 20.057527 20.057487 20.057475 20.057472 20.057471 20.057470 20.057470 20.057470 20.057470 20.057470 20.057470 20.057470 20.057470 20.057468 20.057463 20.057444 20.057386 20.057206 20.056680 20.055208 20.051268 20.041208 20.016687 19.959651 19.833022 19.564581 19.021025 17.970218 16.036604 12.682361 7.336106 0.000000 
50.000000 41.872379 34.366056 27.960189 22.903716 19.206697 16.698539 15.116429 14.186489 13.675963 13.413570 13.287012 13.229594 13.205035 13.195109 13.191311 13.189932 13.189456 13.189300 13.189251 13.189236 13.189232 13.189231 13.189231 13.189231 13.189231 13.189231 13.189231 13.189231 13.189230 13.189230 13.189228 13.189223 13.189205 13.189149 13.188976 13.188473 13.187074 13.183357 13.173952 13.151294 13.099376 12.986345 12.752820 12.295862 11.451858 9.989970 7.645275 4.247452 0.000000 
50.000000 40.763266 32.232693 24.952870 19.206697 15.005557 12.155514 10.357839 9.301253 8.721237 8.423149 8.279384 8.214165 8.186272 8.175000 8.170687 8.169121 8.168581 8.168403 8.168348 8.168331 8.168326 8.168325 8.168324 8.168324 8.168324 8.168324 8.168324 8.168324 8.168324 8.168324 8.168323 8.168318 8.168303 8.168256 8.168114 8.167700 8.166556 8.163542 8.155987 8.138000 8.097391 8.010606 7.835466 7.502778 6.910835 5.931845 4.445605 2.416144 0.000000 
50.000000 40.010739 30.785252 22.912538 16.698539 12.155514 9.073661 7.129864 5.987455 5.360364 5.038103 4.882691 4.812193 4.782044 4.769861 4.765200 4.763508 4.762924 4.762733 4.762673 4.762654 4.762649 4.762648 4.762648 4.762647 4.762647 4.762647 4.762647 4.762647 4.762647 4.762647 4.762646 4.762643 4.762632 4.762597 4.762493 4.762192 4.761364 4.759201 4.753829 4.741183 4.713020 4.653838 4.536831 4.320048 3.945719 3.347957 2.475080 1.328104 0.000000 
50.000000 39.536001 29.872146 21.625464 15.116429 10.357839 7.129864 5.093985 3.897512 3.240776 2.903299 2.740558 2.666740 2.635173 2.622419 2.617540 2.615768 2.615157 2.614957 2.614894 2.614875 2.614869 2.614868 2.614868 2.614867 2.614867 2.614867 2.614867 2.614867 2.614867 2.614867 2.614867 2.614864 2.614857 2.614834 2.614765 2.614568 2.614029 2.612631 2.609188 2.601166 2.583523 2.546993 2.476026 2.347233 2.130084 1.792442 1.312988 0.698980 0.000000 
50.000000 39.256921 29.335382 20.868900 14.186489 9.301253 5.987455 3.897512 2.669308 1.995181 1.648781 1.481745 1.405982 1.373585 1.360496 1.355489 1.353671 1.353044 1.352838 1.352774 1.352754 1.352749 1.352747 1.352747 1.352747 1.352747 1.352747 1.352747 1.352747 1.352747 1.352747 1.352746 1.352745 1.352740 1.352727 1.352685 1.352568 1.352248 1.351423 1.349410 1.344763 1.334654 1.313989 1.274435 1.203862 1.087112 0.909249 0.661793 0.350487 0.000000 
50.000000 39.103687 29.040672 20.453530 13.675963 8.721237 5.360364 3.240776 1.995181 1.311526 0.960241 0.790854 0.714027 0.681177 0.667905 0.662828 0.660985 0.660349 0.660140 0.660075 0.660055 0.660050 0.660048 0.660048 0.660048 0.660048 0.660048 0.660048 0.660048 0.660048 0.660048 0.660047 0.660047 0.660044 0.660037 0.660014 0.659949 0.659775 0.659328 0.658244 0.655763 0.650418 0.639610 0.619181 0.583237 0.524669 0.436843 0.316501 0.167023 0.000000 
50.000000 39.024918 28.889183 20.240030 13.413570 8.423149 5.038103 2.903299 1.648781 0.960241 0.606451 0.435860 0.358489 0.325406 0.312041 0.306928 0.305073 0.304433 0.304222 0.304156 0.304137 0.304131 0.304129 0.304129 0.304129 0.304129 0.304129 0.304129 0.304129 0.304129 0.304129 0.304129 0.304128 0.304127 0.304123 0.304112 0.304079 0.303991 0.303766 0.303225 0.301997 0.299371 0.294111 0.284274 0.267162 0.239618 0.198822 0.143565 0.075569 0.000000 
50.000000 38.986919 28.816108 20.137047 13.287012 8.279384 4.882691 2.740558 1.481745 0.790854 0.435860 0.264691 0.187058 0.153864 0.140454 0.135324 0.133462 0.132820 0.132609 0.132543 0.132523 0.132518 0.132516 0.132516 0.132515 0.132515 0.132515 0.132515 0.132515 0.132515 0.132515 0.132515 0.132515 0.132515 0.132513 0.132507 0.132492 0.132450 0.132345 0.132094 0.131526 0.130321 0.127928 0.123489 0.115842 0.103655 0.085779 0.061782 0.032459 0.000000 
50.000000 38.969677 28.782949 20.090321 13.229594 8.214165 4.812193 2.666740 1.405982 0.714027 0.358489 0.187058 0.109308 0.076063 0.062633 0.057495 0.055631 0.054988 0.054776 0.054710 0.054690 0.054685 0.054683 0.054683 0.054683 0.054683 0.054683 0.054683 0.054683 0.054683 0.054683 0.054683 0.054683 0.054682 0.054681 0.054679 0.054672 0.054654 0.054608 0.054498 0.054253 0.053734 0.052711 0.050828 0.047609 0.042520 0.035114 0.025241 0.013243 0.000000 
50.000000 38.962300 28.768765 20.070334 13.205035 8.186272 4.782044 2.635173 1.373585 0.681177 0.325406 0.153864 0.076063 0.042798 0.029359 0.024218 0.022352 0.021709 0.021497 0.021431 0.021411 0.021405 0.021404 0.021403 0.021403 0.021403 0.021403 0.021403 0.021403 0.021403 0.021403 0.021403 0.021403 0.021403 0.021403 0.021402 0.021399 0.021391 0.021372 0.021328 0.021227 0.021017 0.020605 0.019852 0.018572 0.016561 0.013654 0.009800 0.005136 0.000000 
50.000000 38.959319 28.763031 20.062256 13.195109 8.175000 4.769861 2.622419 1.360496 0.667905 0.312041 0.140454 0.062633 0.029359 0.015916 0.010774 0.008908 0.008264 0.008052 0.007986 0.007966 0.007961 0.007959 0.007959 0.007959 0.007959 0.007959 0.007959 0.007959 0.007959 0.007959 0.007959 0.007959 0.007958 0.007958 0.007958 0.007957 0.007954 0.007947 0.007929 0.007891 0.007810 0.007654 0.007368 0.006886 0.006133 0.005050 0.003620 0.001895 0.000000 
50.000000 38.958177 28.760837 20.059164 13.191311 8.170687 4.765200 2.617540 1.355489 0.662828 0.306928 0.135324 0.057495 0.024218 0.010774 0.005631 0.003765 0.003121 0.002910 0.002843 0.002824 0.002818 0.002816 0.002816 0.002816 0.002816 0.002816 0.002816 0.002816 0.002816 0.002816 0.002816 0.002816 0.002816 0.002816 0.002816 0.002815 0.002814 0.002811 0.002805 0.002791 0.002762 0.002705 0.002603 0.002431 0.002163 0.001779 0.001274 0.000666 0.000000 
50.000000 38.957763 28.760040 20.058042 13.189932 8.169121 4.763508 2.615768 1.353671 0.660985 0.305073 0.133462 0.055631 0.022352 0.008908 0.003765 0.001899 0.001255 0.001043 0.000977 0.000957 0.000951 0.000950 0.000949 0.000949 0.000949 0.000949 0.000949 0.000949 0.000949 0.000949 0.000949 0.000949 0.000949 0.000949 0.000949 0.000949 0.000949 0.000948 0.000946 0.000941 0.000931 0.000911 0.000876 0.000818 0.000727 0.000597 0.000427 0.000224 0.000000 
50.000000 38.957620 28.759765 20.057654 13.189456 8.168581 4.762924 2.615157 1.353044 0.660349 0.304433 0.132820 0.054988 0.021709 0.008264 0.003121 0.001255 0.000611 0.000399 0.000333 0.000313 0.000308 0.000306 0.000306 0.000306 0.000305 0.000305 0.000305 0.000305 0.000305 0.000305 0.000305 0.000305 0.000305 0.000305 0.000305 0.000305 0.000305 0.000305 0.000304 0.000303 0.000299 0.000293 0.000282 0.000263 0.000233 0.000192 0.000137 0.000072 0.000000 
50.000000 38.957573 28.759675 20.057527 13.189300 8.168403 4.762733 2.614957 1.352838 0.660140 0.304222 0.132609 0.054776 0.021497 0.008052 0.002910 0.001043 0.000399 0.000188 0.000122 0.000102 0.000096 0.000095 0.000094 0.000094 0.000094 0.000094 0.000094 0.000094 0.000094 0.000094 0.000094 0.000094 0.000094 0.000094 0.000094 0.000094 0.000094 0.000094 0.000094 0.000093 0.000092 0.000090 0.000087 0.000081 0.000072 0.000059 0.000042 0.000022 0.000000 
50.000000 38.957558 28.759646 20.057487 13.189251 8.168348 4.762673 2.614894 1.352774 0.660075 0.304156 0.132543 0.054710 0.021431 0.007986 0.002843 0.000977 0.000333 0.000122 0.000055 0.000035 0.000030 0.000028 0.000028 0.000028 0.000028 0.000028 0.000028 0.000028 0.000028 0.000028 0.000028 0.000028 0.000028 0.000028 0.000028 0.000028 0.000028 0.000028 0.000028 0.000027 0.000027 0.000027 0.000025 0.000024 0.000021 0.000017 0.000012 0.000006 0.000000 
50.000000 38.957554 28.759638 20.057475 13.189236 8.168331 4.762654 2.614875 1.352754 0.660055 0.304137 0.132523 0.054690 0.021411 0.007966 0.002824 0.000957 0.000313 0.000102 0.000035 0.000016 0.000010 0.000008 0.000008 0.000008 0.000008 0.000008 0.000008 0.000008 0.000008 0.000008 0.000008 0.000008 0.000008 0.000008 0.000008 0.000008 0.000008 0.000008 0.000008 0.000008 0.000008 0.000007 0.000007 0.000007 0.000006 0.000005 0.000003 0.000002 0.000000 
50.000000 38.957553 28.759636 20.057472 13.189232 8.168326 4.762649 2.614869 1.352749 0.660050 0.304131 0.132518 0.054685 0.021405 0.007961 0.002818 0.000951 0.000308 0.000096 0.000030 0.000010 0.000004 0.000003 0.000002 0.000002 0.000002 0.000002 0.000002 0.000002 0.000002 0.000002 0.000002 0.000002 0.000002 0.000002 0.000002 0.000002 0.000002 0.000002 0.000002 0.000002 0.000002 0.000002 0.000002 0.000002 0.000002 0.000001 0.000001 0.000000 0.000000 
50.000000 38.957552 28.759635 20.057471 13.189231 8.168325 4.762648 2.614868 1.352747 0.660048 0.304129 0.132516 0.054683 0.021404 0.007959 0.002816 0.000950 0.000306 0.000095 0.000028 0.000008 0.000003 0.000001 0.000001 0.000001 0.000001 0.000001 0.000001 0.000001 0.000001 0.000001 0.000001 0.000001 0.000001 0.000001 0.000001 0.000001 0.000001 0.000001 0.000001 0.000001 0.000001 0.000001 0.000001 0.000000 0.000000 0.000000 0.000000 0.000000 0.000000 
50.000000 38.957552 28.759635 20.057470 13.189231 8.168324 4.762648 2.614868 1.352747 0.660048 0.304129 0.132516 0.054683 0.021403 0.007959 0.002816 0.000949 0.000306 0.000094 0.000028 0.000008 0.000002 0.000001 0.000000 0.000000 0.000000 0.000000 0.000000 0.000000 0.000000 0.000000 0.000000 0.000000 0.000000 0.000000 0.000000 0.000000 0.000000 0.000000 0.000000 0.000000 0.000000 0.000000 0.000000 0.000000 0.000000 0.000000 0.000000 0.000000 0.000000 
50.000000 38.957552 28.759635 20.057470 13.189231 8.168324 4.762647 2.614867 1.352747 0.660048 0.304129 0.132515 0.054683 0.021403 0.007959 0.002816 0.000949 0.000306 0.000094 0.000028 0.000008 0.000002 0.000001 0.000000 0.000000 0.000000 0.000000 0.000000 0.000000 0.000000 0.000000 0.000000 0.000000 0.000000 0.000000 0.000000 0.000000 0.000000 0.000000 0.000000 0.000000 0.000000 0.000000 0.000000 0.000000 0.000000 0.000000 0.000000 0.000000 0.000000 
50.000000 38.957552 28.759635 20.057470 13.189231 8.168324 4.762647 2.614867 1.352747 0.660048 0.304129 0.132515 0.054683 0.021403 0.007959 0.002816 0.000949 0.000306 0.000094 0.000028 0.000008 0.000002 0.000001 0.000000 0.000000 0.000000 0.000000 0.000000 0.000000 0.000000 0.000000 0.000000 0.000000 0.000000 0.000000 0.000000 0.000000 0.000000 0.000000 0.000000 0.000000 0.000000 0.000000 0.000000 0.000000 0.000000 0.000000 0.000000 0.000000 0.000000 
50.000000 38.957552 28.759635 20.057470 13.189231 8.168324 4.762648 2.614868 1.352747 0.660048 0.304129 0.132516 0.054683 0.021403 0.007959 0.002816 0.000949 0.000306 0.000094 0.000028 0.000008 0.000002 0.000001 0.000000 0.000000 0.000000 0.000000 0.000000 0.000000 0.000000 0.000000 0.000000 0.000000 0.000000 0.000000 0.000000 0.000000 0.000000 0.000000 0.000000 0.000000 0.000000 0.000000 0.000000 0.000000 0.000000 0.000000 0.000000 0.000000 0.000000 
50.000000 38.957552 28.759635 20.057471 13.189231 8.168325 4.762648 2.614868 1.352747 0.660048 0.304129 0.132516 0.054683 0.021404 0.007959 0.002816 0.000950 0.000306 0.000095 0.000028 0.000008 0.000003 0.000001 0.000001 0.000001 0.000001 0.000001 0.000001 0.000001 0.000001 0.000001 0.000001 0.000001 0.000001 0.000001 0.000001 0.000001 0.000001 0.000001 0.000001 0.000001 0.000001 0.000001 0.000001 0.000000 0.000000 0.000000 0.000000 0.000000 0.000000 
50.000000 38.957553 28.759636 20.057472 13.189232 8.168326 4.762649 2.614869 1.352749 0.660050 0.304131 0.132518 0.054685 0.021405 0.007961 0.002818 0.000951 0.000308 0.000096 0.000030 0.000010 0.000004 0.000003 0.000002 0.000002 0.000002 0.000002 0.000002 0.000002 0.000002 0.000002 0.000002 0.000002 0.000002 0.000002 0.000002 0.000002 0.000002 0.000002 0.000002 0.000002 0.000002 0.000002 0.000002 0.000002 0.000002 0.000001 0.000001 0.000000 0.000000 
50.000000 38.957554 28.759638 20.057475 13.189236 8.168331 4.762654 2.614875 1.352754 0.660055 0.304137 0.132523 0.054690 0.021411 0.007966 0.002824 0.000957 0.000313 0.000102 0.000035 0.000016 0.000010 0.000008 0.000008 0.000008 0.000008 0.000008 0.000008 0.000008 0.000008 0.000008 0.000008 0.000008 0.000008 0.000008 0.000008 0.000008 0.000008 0.000008 0.000008 0.000008 0.000008 0.000007 0.000007 0.000007 0.000006 0.000005 0.000003 0.000002 0.000000 
50.000000 38.957558 28.759646 20.057487 13.189251 8.168348 4.762673 2.614894 1.352774 0.660075 0.304156 0.132543 0.054710 0.021431 0.007986 0.002843 0.000977 0.000333 0.000122 0.000055 0.000035 0.000030 0.000028 0.000028 0.000028 0.000028 0.000028 0.000028 0.000028 0.000028 0.000028 0.000028 0.000028 0.000028 0.000028 0.000028 0.000028 0.000028 0.000028 0.000028 0.000027 0.000027 0.000027 0.000025 0.000024 0.000021 0.000017 0.000012 0.000006 0.000000 
50.000000 38.957573 28.759675 20.057527 13.189300 8.168403 4.762733 2.614957 1.352838 0.660140 0.304222 0.132609 0.054776 0.021497 0.008052 0.002910 0.001043 0.000399 0.000188 0.000122 0.000102 0.000096 0.000095 0.000094 0.000094 0.000094 0.000094 0.000094 0.000094 0.000094 0.000094 0.000094 0.000094 0.000094 0.000094 0.000094 0.000094 0.000094 0.000094 0.000094 0.000093 0.000092 0.000090 0.000087 0.000081 0.000072 0.000059 0.000042 0.000022 0.000000 
50.000000 38.957620 28.759765 20.057654 13.189456 8.168581 4.762924 2.615157 1.353044 0.660349 0.304433 0.132820 0.054988 0.021709 0.008264 0.003121 0.001255 0.000611 0.000399 0.000333 0.000313 0.000308 0.000306 0.000306 0.000306 0.000305 0.000305 0.000305 0.000305 0.000305 0.000305 0.000305 0.000305 0.000305 0.000305 0.000305 0.000305 0.000305 0.000305 0.000304 0.000303 0.000299 0.000293 0.000282 0.000263 0.000233 0.000192 0.000137 0.000072 0.000000 
50.000000 38.957763 28.760040 20.058042 13.189932 8.169121 4.763508 2.615768 1.353671 0.660985 0.305073 0.133462 0.055631 0.022352 0.008908 0.003765 0.001899 0.001255 0.001043 0.000977 0.000957 0.000951 0.000950 0.000949 0.000949 0.000949 0.000949 0.000949 0.000949 0.000949 0.000949 0.000949 0.000949 0.000949 0.000949 0.000949 0.000949 0.000949 0.000948 0.000946 0.000941 0.000931 0.000911 0.000876 0.000818 0.000727 0.000597 0.000427 0.000224 0.000000 
50.000000 38.958177 28.760837 20.059164 13.191311 8.170687 4.765200 2.617540 1.355489 0.662828 0.306928 0.135324 0.057495 0.024218 0.010774 0.005631 0.003765 0.003121 0.002910 0.002843 0.002824 0.002818 0.002816 0.002816 0.002816 0.002816 0.002816 0.002816 0.002816 0.002816 0.002816 0.002816 0.002816 0.002816 0.002816 0.002816 0.002815 0.002814 0.002811 0.002805 0.002791 0.002762 0.002705 0.002603 0.002431 0.002163 0.001779 0.001274 0.000666 0.000000 
50.000000 38.959319 28.763031 20.062256 13.195109 8.175000 4.769861 2.622419 1.360496 0.667905 0.312041 0.140454 0.062633 0.029359 0.015916 0.010774 0.008908 0.008264 0.008052 0.007986 0.007966 0.007961 0.007959 0.007959 0.007959 0.007959 0.007959 0.007959 0.007959 0.007959 0.007959 0.007959 0.007959 0.007958 0.007958 0.007958 0.007957 0.007954 0.007947 0.007929 0.007891 0.007810 0.007654 0.007368 0.006886 0.006133 0.005050 0.003620 0.001895 0.000000 
50.000000 38.962300 28.768765 20.070334 13.205035 8.186272 4.782044 2.635173 1.373585 0.681177 0.325406 0.153864 0.076063 0.042798 0.029359 0.024218 0.022352 0.021709 0.021497 0.021431 0.021411 0.021405 0.021404 0.021403 0.021403 0.021403 0.021403 0.021403 0.021403 0.021403 0.021403 0.021403 0.021403 0.021403 0.021403 0.021402 0.021399 0.021391 0.021372 0.021328 0.021227 0.021017 0.020605 0.019852 0.018572 0.016561 0.013654 0.009800 0.005136 0.000000 
50.000000 38.969677 28.782949 20.090321 13.229594 8.214165 4.812193 2.666740 1.405982 0.714027 0.358489 0.187058 0.109308 0.076063 0.062633 0.057495 0.055631 0.054988 0.054776 0.054710 0.054690 0.054685 0.054683 0.054683 0.054683 0.054683 0.054683 0.054683 0.054683 0.054683 0.054683 0.054683 0.054683 0.054682 0.054681 0.054679 0.054672 0.054654 0.054608 0.054498 0.054253 0.053734 0.052711 0.050828 0.047609 0.042520 0.035114 0.025241 0.013243 0.000000 
50.000000 38.986919 28.816108 20.137047 13.287012 8.279384 4.882691 2.740558 1.481745 0.790854 0.435860 0.264691 0.187058 0.153864 0.140454 0.135324 0.133462 0.132820 0.132609 0.132543 0.132523 0.132518 0.132516 0.132516 0.132515 0.132515 0.132515 0.132515 0.132515 0.132515 0.132515 0.132515 0.132515 0.132515 0.132513 0.132507 0.132492 0.132450 0.132345 0.132094 0.131526 0.130321 0.127928 0.123489 0.115842 0.103655 0.085779 0.061782 0.032459 0.000000 
50.000000 39.024918 28.889183 20.240030 13.413570 8.423149 5.038103 2.903299 1.648781 0.960241 0.606451 0.435860 0.358489 0.325406 0.312041 0.306928 0.305073 0.304433 0.304222 0.304156 0.304137 0.304131 0.304129 0.304129 0.304129 0.304129 0.304129 0.304129 0.304129 0.304129 0.304129 0.304129 0.304128 0.304127 0.304123 0.304112 0.304079 0.303991 0.303766 0.303225 0.301997 0.299371 0.294111 0.284274 0.267162 0.239618 0.198822 0.143565 0.075569 0.000000 
50.000000 39.103687 29.040672 20.453530 13.675963 8.721237 5.360364 3.240776 1.995181 1.311526 0.960241 0.790854 0.714027 0.681177 0.667905 0.662828 0.660985 0.660349 0.660140 0.660075 0.660055 0.660050 0.660048 0.660048 0.660048 0.660048 0.660048 0.660048 0.660048 0.660048 0.660048 0.660047 0.660047 0.660044 0.660037 0.660014 0.659949 0.659775 0.659328 0.658244 0.655763 0.650418 0.639610 0.619181 0.583237 0.524669 0.436843 0.316501 0.167023 0.000000 
50.000000 39.256921 29.335382 20.868900 14.186489 9.301253 5.987455 3.897512 2.669308 1.995181 1.648781 1.481745 1.405982 1.373585 1.360496 1.355489 1.353671 1.353044 1.352838 1.352774 1.352754 1.352749 1.352747 1.352747 1.352747 1.352747 1.352747 1.352747 1.352747 1.352747 1.352747 1.352746 1.352745 1.352740 1.352727 1.352685 1.352568 1.352248 1.351423 1.349410 1.344763 1.334654 1.313989 1.274435 1.203862 1.087112 0.909249 0.661793 0.350487 0.000000 
50.000000 39.536001 29.872146 21.625464 15.116429 10.357839 7.129864 5.093985 3.897512 3.240776 2.903299 2.740558 2.666740 2.635173 2.622419 2.617540 2.615768 2.615157 2.614957 2.614894 2.614875 2.614869 2.614868 2.614868 2.614867 2.614867 2.614867 2.614867 2.614867 2.614867 2.614867 2.614867 2.614864 2.614857 2.614834 2.614765 2.614568 2.614029 2.612631 2.609188 2.601166 2.583523 2.546993 2.476026 2.347233 2.130084 1.792442 1.312988 0.698980 0.000000 
50.000000 40.010739 30.785252 22.912538 16.698539 12.155514 9.073661 7.129864 5.987455 5.360364 5.038103 4.882691 4.812193 4.782044 4.769861 4.765200 4.763508 4.762924 4.762733 4.762673 4.762654 4.762649 4.762648 4.762648 4.762647 4.762647 4.762647 4.762647 4.762647 4.762647 4.762647 4.762646 4.762643 4.762632 4.762597 4.762493 4.762192 4.761364 4.759201 4.753829 4.741183 4.713020 4.653838 4.536831 4.320048 3.945719 3.347957 2.475080 1.328104 0.000000 
50.000000 40.763266 32.232693 24.952870 19.206697 15.005557 12.155514 10.357839 9.301253 8.721237 8.423149 8.279384 8.214165 8.186272 8.175000 8.170687 8.169121 8.168581 8.168403 8.168348 8.168331 8.168326 8.168325 8.168324 8.168324 8.168324 8.168324 8.168324 8.168324 8.168324 8.168324 8.168323 8.168318 8.168303 8.168256 8.168114 8.167700 8.166556 8.163542 8.155987 8.138000 8.097391 8.010606 7.835466 7.502778 6.910835 5.931845 4.445605 2.416144 0.000000 
50.000000 41.872379 34.366056 27.960189 22.903716 19.206697 16.698539 15.116429 14.186489 13.675963 13.413570 13.287012 13.229594 13.205035 13.195109 13.191311 13.189932 13.189456 13.189300 13.189251 13.189236 13.189232 13.189231 13.189231 13.189231 13.189231 13.189231 13.189231 13.189231 13.189230 13.189230 13.189228 13.189223 13.189205 13.189149 13.188976 13.188473 13.187074 13.183357 13.173952 13.151294 13.099376 12.986345 12.752820 12.295862 11.451858 9.989970 7.645275 4.247452 0.000000 
50.000000 43.389208 37.283710 32.073208 27.960189 24.952870 22.912538 21.625464 20.868900 20.453530 20.240030 20.137047 20.090321 20.070334 20.062256 20.059164 20.058042 20.057654 20.057527 20.057487 20.057475 20.057472 20.057471 20.057470 20.057470 20.057470 20.057470 20.057470 20.057470 20.057470 20.057470 20.057468 20.057463 20.057444 20.057386 20.057206 20.056680 20.055208 20.051268 20.041208 20.016687 19.959651 19.833022 19.564581 19.021025 17.970218 16.036604 12.682361 7.336106 0.000000 
50.000000 45.310706 40.979805 37.283710 34.366056 32.232693 30.785252 29.872146 29.335382 29.040672 28.889183 28.816108 28.782949 28.768765 28.763031 28.760837 28.760040 28.759765 28.759675 28.759646 28.759638 28.759636 28.759635 28.759635 28.759635 28.759635 28.759635 28.759635 28.759635 28.759634 28.759634 28.759633 28.759628 28.759613 28.759563 28.759411 28.758965 28.757708 28.754326 28.745618 28.724171 28.673589 28.559157 28.310172 27.787088 26.720782 24.601349 20.489902 12.819278 0.000000 
50.000000 47.562201 45.310706 43.389208 41.872379 40.763266 40.010739 39.536001 39.256921 39.103687 39.024918 38.986919 38.969677 38.962300 38.959319 38.958177 38.957763 38.957620 38.957573 38.957558 38.957554 38.957553 38.957552 38.957552 38.957552 38.957552 38.957552 38.957552 38.957552 38.957552 38.957552 38.957551 38.957548 38.957540 38.957511 38.957423 38.957165 38.956434 38.954460 38.949348 38.936664 38.906433 38.837020 38.682635 38.347122 37.624927 36.053103 32.491428 23.781101 0.000000 
50.000000 50.000000 50.000000 50.000000 50.000000 50.000000 50.000000 50.000000 50.000000 50.000000 50.000000 50.000000 50.000000 50.000000 50.000000 50.000000 50.000000 50.000000 50.000000 50.000000 50.000000 50.000000 50.000000 50.000000 50.000000 50.000000 50.000000 50.000000 50.000000 50.000000 50.000000 50.000000 50.000000 50.000000 50.000000 50.000000 50.000000 50.000000 50.000000 50.000000 50.000000 50.000000 50.000000 50.000000 50.000000 50.000000 50.000000 50.000000 50.000000 50.000000 
