50.000000 50.000000 50.000000 50.000000 50.000000 50.000000 50.000000 50.000000 50.000000 50.000000 50.000000 50.000000 50.000000 50.000000 50.000000 50.000000 50.000000 50.000000 50.000000 50.000000 50.000000 50.000000 50.000000 50.000000 50.000000 50.000000 50.000000 50.000000 50.000000 50.000000 50.000000 50.000000 50.000000 50.000000 50.000000 50.000000 50.000000 50.000000 50.000000 50.000000 50.000000 50.000000 50.000000 50.000000 50.000000 50.000000 50.000000 50.000000 50.000000 50.000000 
50.000000 47.381856 44.978555 42.952192 41.380886 40.258352 39.517944 39.065945 38.809883 38.674901 38.608505 38.577949 38.564756 38.559398 38.557347 38.556605 38.556350 38.556268 38.556242 38.556235 38.556232 38.556232 38.556232 38.556232 38.556232 38.556232 38.556232 38.556232 38.556232 38.556232 38.556232 38.556231 38.556230 38.556225 38.556208 38.556154 38.555984 38.555481 38.554049 38.550161 38.540070 38.514991 38.455145 38.317324 38.008487 37.326149 35.809453 32.318223 23.690928 0.000000 
50.000000 44.978555 40.369196 36.482823 33.469260 31.316433 29.896499 29.029696 28.538661 28.279824 28.152512 28.093923 28.068628 28.058357 28.054425 28.053002 28.052514 28.052355 28.052306 28.052292 28.052288 28.052287 28.052286 28.052286 28.052286 28.052286 28.052286 28.052286 28.052286 28.052286 28.052286 28.052286 28.052283 28.052275 28.052246 28.052153 28.051864 28.051006 28.048580 28.042028 28.025150 27.983645 27.886071 27.666276 27.190204 26.194144 24.171877 20.184598 12.660332 0.000000 
50.000000 42.952192 36.482823 31.028283 26.798850 23.777535 21.784860 20.568483 19.879458 19.516276 19.337653 19.255457 19.219972 19.205565 19.200049 19.198053 19.197369 19.197147 19.197078 19.197058 19.197052 19.197051 19.197050 19.197050 19.197050 19.197050 19.197050 19.197050 19.197050 19.197050 19.197050 19.197049 19.197046 19.197037 19.197003 19.196895 19.196560 19.195572 19.192794 19.185354 19.166388 19.120387 19.014254 18.781310 18.294929 17.329564 15.514142 12.310946 7.142739 0.000000 
50.000000 41.380886 33.469260 26.798850 21.626799 17.932274 15.495712 14.008464 13.166057 12.722059 12.503706 12.403236 12.359866 12.342258 12.335518 12.333080 12.332244 12.331973 12.331889 12.331864 12.331857 12.331855 12.331854 12.331854 12.331854 12.331854 12.331854 12.331854 12.331854 12.331854 12.331854 12.331853 12.331851 12.331841 12.331810 12.331708 12.331395 12.330478 12.327917 12.321119 12.303990 12.263061 12.170442 11.972273 11.572274 10.813400 9.469286 7.275116 4.054737 0.000000 
50.000000 40.258352 31.316433 23.777535 17.932274 13.757036 11.003582 9.323007 8.371160 7.869518 7.622837 7.509341 7.460353 7.440466 7.432854 7.430101 7.429158 7.428851 7.428756 7.428728 7.428720 7.428718 7.428717 7.428717 7.428717 7.428717 7.428717 7.428717 7.428717 7.428717 7.428717 7.428716 7.428714 7.428707 7.428681 7.428600 7.428350 7.427621 7.425602 7.420293 7.407070 7.375930 7.306741 7.162085 6.878518 6.360000 5.482607 4.126229 2.249865 0.000000 
50.000000 39.517944 29.896499 21.784860 15.495712 11.003582 8.041286 6.233343 5.209419 4.669828 4.404505 4.282441 4.229759 4.208375 4.200190 4.197230 4.196216 4.195886 4.195784 4.195754 4.195746 4.195743 4.195743 4.195743 4.195743 4.195743 4.195743 4.195743 4.195743 4.195743 4.195743 4.195742 4.195741 4.195735 4.195717 4.195659 4.195483 4.194973 4.193571 4.189918 4.180917 4.160005 4.114298 4.020643 3.841497 3.523439 3.003550 2.230223 1.200620 0.000000 
50.000000 39.065945 29.029696 20.568483 14.008464 9.323007 6.233343 4.347748 3.279901 2.717193 2.440519 2.313242 2.258314 2.236019 2.227487 2.224401 2.223344 2.223000 2.222894 2.222863 2.222854 2.222852 2.222851 2.222851 2.222851 2.222851 2.222851 2.222851 2.222851 2.222851 2.222851 2.222850 2.222849 2.222846 2.222835 2.222798 2.222687 2.222367 2.221493 2.219236 2.213732 2.201096 2.173874 2.119045 2.016267 1.838022 1.554229 1.143625 0.610800 0.000000 
50.000000 38.809883 28.538661 19.879458 13.166057 8.371160 5.209419 3.279901 2.187218 1.611448 1.328363 1.198143 1.141947 1.119139 1.110411 1.107255 1.106174 1.105822 1.105713 1.105681 1.105672 1.105670 1.105669 1.105669 1.105669 1.105669 1.105669 1.105669 1.105669 1.105669 1.105669 1.105669 1.105668 1.105666 1.105660 1.105639 1.105575 1.105393 1.104898 1.103631 1.100567 1.093609 1.078805 1.049414 0.995230 0.902996 0.759072 0.555016 0.294892 0.000000 
50.000000 38.674901 28.279824 19.516276 12.722059 7.869518 4.669828 2.717193 1.611448 1.028809 0.742357 0.610591 0.553731 0.530653 0.521823 0.518629 0.517535 0.517180 0.517070 0.517037 0.517028 0.517026 0.517025 0.517025 0.517025 0.517025 0.517025 0.517025 0.517025 0.517025 0.517025 0.517025 0.517025 0.517023 0.517020 0.517009 0.516975 0.516880 0.516624 0.515971 0.514405 0.510880 0.503461 0.488911 0.462448 0.418069 0.349888 0.254673 0.134830 0.000000 
50.000000 38.608505 28.152512 19.337653 12.503706 7.622837 4.404505 2.440519 1.328363 0.742357 0.454253 0.321730 0.264545 0.241336 0.232455 0.229244 0.228144 0.227786 0.227675 0.227643 0.227634 0.227631 0.227631 0.227630 0.227630 0.227630 0.227630 0.227630 0.227630 0.227630 0.227630 0.227630 0.227630 0.227630 0.227628 0.227623 0.227606 0.227561 0.227438 0.227127 0.226386 0.224733 0.221283 0.214587 0.202544 0.182587 0.152299 0.110484 0.058344 0.000000 
50.000000 38.577949 28.093923 19.255457 12.403236 7.509341 4.282441 2.313242 1.198143 0.610591 0.321730 0.188861 0.131526 0.108257 0.099354 0.096134 0.095031 0.094672 0.094562 0.094529 0.094520 0.094517 0.094517 0.094517 0.094516 0.094516 0.094516 0.094516 0.094516 0.094516 0.094516 0.094516 0.094516 0.094516 0.094515 0.094513 0.094506 0.094485 0.094430 0.094293 0.093967 0.093244 0.091749 0.088869 0.083739 0.075319 0.062662 0.045344 0.023900 0.000000 
50.000000 38.564756 28.068628 19.219972 12.359866 7.460353 4.229759 2.258314 1.141947 0.553731 0.264545 0.131526 0.074128 0.050833 0.041919 0.038696 0.037592 0.037233 0.037122 0.037090 0.037080 0.037078 0.037077 0.037077 0.037077 0.037077 0.037077 0.037077 0.037077 0.037077 0.037077 0.037077 0.037077 0.037077 0.037077 0.037076 0.037073 0.037064 0.037041 0.036984 0.036850 0.036555 0.035947 0.034786 0.032732 0.029388 0.024400 0.017622 0.009275 0.000000 
50.000000 38.559398 28.058357 19.205565 12.342258 7.440466 4.208375 2.236019 1.119139 0.530653 0.241336 0.108257 0.050833 0.027528 0.018610 0.015386 0.014281 0.013922 0.013811 0.013778 0.013769 0.013767 0.013766 0.013766 0.013766 0.013766 0.013766 0.013766 0.013766 0.013766 0.013766 0.013766 0.013766 0.013766 0.013766 0.013765 0.013764 0.013761 0.013752 0.013730 0.013678 0.013564 0.013332 0.012891 0.012117 0.010863 0.009005 0.006493 0.003414 0.000000 
50.000000 38.557347 28.054425 19.200049 12.335518 7.432854 4.200190 2.227487 1.110411 0.521823 0.232455 0.099354 0.041919 0.018610 0.009691 0.006466 0.005361 0.005002 0.004891 0.004858 0.004849 0.004847 0.004846 0.004846 0.004846 0.004846 0.004846 0.004846 0.004846 0.004846 0.004846 0.004846 0.004846 0.004846 0.004846 0.004846 0.004845 0.004844 0.004841 0.004833 0.004814 0.004773 0.004689 0.004531 0.004255 0.003810 0.003154 0.002272 0.001193 0.000000 
50.000000 38.556605 28.053002 19.198053 12.333080 7.430101 4.197230 2.224401 1.107255 0.518629 0.229244 0.096134 0.038696 0.015386 0.006466 0.003240 0.002136 0.001776 0.001665 0.001633 0.001624 0.001621 0.001620 0.001620 0.001620 0.001620 0.001620 0.001620 0.001620 0.001620 0.001620 0.001620 0.001620 0.001620 0.001620 0.001620 0.001620 0.001620 0.001618 0.001616 0.001609 0.001595 0.001567 0.001513 0.001420 0.001270 0.001050 0.000756 0.000397 0.000000 
50.000000 38.556350 28.052514 19.197369 12.332244 7.429158 4.196216 2.223344 1.106174 0.517535 0.228144 0.095031 0.037592 0.014281 0.005361 0.002136 0.001031 0.000672 0.000561 0.000528 0.000519 0.000516 0.000516 0.000515 0.000515 0.000515 0.000515 0.000515 0.000515 0.000515 0.000515 0.000515 0.000515 0.000515 0.000515 0.000515 0.000515 0.000515 0.000515 0.000514 0.000512 0.000507 0.000498 0.000481 0.000451 0.000403 0.000333 0.000239 0.000126 0.000000 
50.000000 38.556268 28.052355 19.197147 12.331973 7.428851 4.195886 2.223000 1.105822 0.517180 0.227786 0.094672 0.037233 0.013922 0.005002 0.001776 0.000672 0.000312 0.000201 0.000169 0.000160 0.000157 0.000156 0.000156 0.000156 0.000156 0.000156 0.000156 0.000156 0.000156 0.000156 0.000156 0.000156 0.000156 0.000156 0.000156 0.000156 0.000156 0.000156 0.000156 0.000155 0.000154 0.000151 0.000146 0.000136 0.000122 0.000101 0.000072 0.000038 0.000000 
50.000000 38.556242 28.052306 19.197078 12.331889 7.428756 4.195784 2.222894 1.105713 0.517070 0.227675 0.094562 0.037122 0.013811 0.004891 0.001665 0.000561 0.000201 0.000090 0.000058 0.000049 0.000046 0.000045 0.000045 0.000045 0.000045 0.000045 0.000045 0.000045 0.000045 0.000045 0.000045 0.000045 0.000045 0.000045 0.000045 0.000045 0.000045 0.000045 0.000045 0.000045 0.000044 0.000044 0.000042 0.000039 0.000035 0.000029 0.000021 0.000011 0.000000 
50.000000 38.556235 28.052292 19.197058 12.331864 7.428728 4.195754 2.222863 1.105681 0.517037 0.227643 0.094529 0.037090 0.013778 0.004858 0.001633 0.000528 0.000169 0.000058 0.000025 0.000016 0.000013 0.000013 0.000013 0.000013 0.000013 0.000013 0.000013 0.000013 0.000013 0.000013 0.000013 0.000013 0.000013 0.000013 0.000013 0.000013 0.000013 0.000012 0.000012 0.000012 0.000012 0.000012 0.000012 0.000011 0.000010 0.000008 0.000006 0.000003 0.000000 
50.000000 38.556232 28.052288 19.197052 12.331857 7.428720 4.195746 2.222854 1.105672 0.517028 0.227634 0.094520 0.037080 0.013769 0.004849 0.001624 0.000519 0.000160 0.000049 0.000016 0.000007 0.000004 0.000004 0.000003 0.000003 0.000003 0.000003 0.000003 0.000003 0.000003 0.000003 0.000003 0.000003 0.000003 0.000003 0.000003 0.000003 0.000003 0.000003 0.000003 0.000003 0.000003 0.000003 0.000003 0.000003 0.000003 0.000002 0.000002 0.000001 0.000000 
50.000000 38.556232 28.052287 19.197051 12.331855 7.428718 4.195743 2.222852 1.105670 0.517026 0.227631 0.094517 0.037078 0.013767 0.004847 0.001621 0.000516 0.000157 0.000046 0.000013 0.000004 0.000002 0.000001 0.000001 0.000001 0.000001 0.000001 0.000001 0.000001 0.000001 0.000001 0.000001 0.000001 0.000001 0.000001 0.000001 0.000001 0.000001 0.000001 0.000001 0.000001 0.000001 0.000001 0.000001 0.000001 0.000001 0.000001 0.000000 0.000000 0.000000 
50.000000 38.556232 28.052286 19.197050 12.331854 7.428717 4.195743 2.222851 1.105669 0.517025 0.227631 0.094517 0.037077 0.013766 0.004846 0.001620 0.000516 0.000156 0.000045 0.000013 0.000004 0.000001 0.000000 0.000000 0.000000 0.000000 0.000000 0.000000 0.000000 0.000000 0.000000 0.000000 0.000000 0.000000 0.000000 0.000000 0.000000 0.000000 0.000000 0.000000 0.000000 0.000000 0.000000 0.000000 0.000000 0.000000 0.000000 0.000000 0.000000 0.000000 
50.000000 38.556232 28.052286 19.197050 12.331854 7.428717 4.195743 2.222851 1.105669 0.517025 0.227630 0.094517 0.037077 0.013766 0.004846 0.001620 0.000515 0.000156 0.000045 0.000013 0.000003 0.000001 0.000000 0.000000 0.000000 0.000000 0.000000 0.000000 0.000000 0.000000 0.000000 0.000000 0.000000 0.000000 0.000000 0.000000 0.000000 0.000000 0.000000 0.000000 0.000000 0.000000 0.000000 0.000000 0.000000 0.000000 0.000000 0.000000 0.000000 0.000000 
50.000000 38.556232 28.052286 19.197050 12.331854 7.428717 4.195743 2.222851 1.105669 0.517025 0.227630 0.094516 0.037077 0.013766 0.004846 0.001620 0.000515 0.000156 0.000045 0.000013 0.000003 0.000001 0.000000 0.000000 0.000000 0.000000 0.000000 0.000000 0.000000 0.000000 0.000000 0.000000 0.000000 0.000000 0.000000 0.000000 0.000000 0.000000 0.000000 0.000000 0.000000 0.000000 0.000000 0.000000 0.000000 0.000000 0.000000 0.000000 0.000000 0.000000 
50.000000 38.556232 28.052286 19.197050 12.331854 7.428717 4.195743 2.222851 1.105669 0.517025 0.227630 0.094516 0.037077 0.013766 0.004846 0.001620 0.000515 0.000156 0.000045 0.000013 0.000003 0.000001 0.000000 0.000000 0.000000 0.000000 0.000000 0.000000 0.000000 0.000000 0.000000 0.000000 0.000000 0.000000 0.000000 0.000000 0.000000 0.000000 0.000000 0.000000 0.000000 0.000000 0.000000 0.000000 0.000000 0.000000 0.000000 0.000000 0.000000 0.000000 
50.000000 38.556232 28.052286 19.197050 12.331854 7.428717 4.195743 2.222851 1.105669 0.517025 0.227630 0.094517 0.037077 0.013766 0.004846 0.001620 0.000515 0.000156 0.000045 0.000013 0.000003 0.000001 0.000000 0.000000 0.000000 0.000000 0.000000 0.000000 0.000000 0.000000 0.000000 0.000000 0.000000 0.000000 0.000000 0.000000 0.000000 0.000000 0.000000 0.000000 0.000000 0.000000 0.000000 0.000000 0.000000 0.000000 0.000000 0.000000 0.000000 0.000000 
50.000000 38.556232 28.052286 19.197050 12.331854 7.428717 4.195743 2.222851 1.105669 0.517025 0.227631 0.094517 0.037077 0.013766 0.004846 0.001620 0.000516 0.000156 0.000045 0.000013 0.000004 0.000001 0.000000 0.000000 0.000000 0.000000 0.000000 0.000000 0.000000 0.000000 0.000000 0.000000 0.000000 0.000000 0.000000 0.000000 0.000000 0.000000 0.000000 0.000000 0.000000 0.000000 0.000000 0.000000 0.000000 0.000000 0.000000 0.000000 0.000000 0.000000 
50.000000 38.556232 28.052287 19.197051 12.331855 7.428718 4.195743 2.222852 1.105670 0.517026 0.227631 0.094517 0.037078 0.013767 0.004847 0.001621 0.000516 0.000157 0.000046 0.000013 0.000004 0.000002 0.000001 0.000001 0.000001 0.000001 0.000001 0.000001 0.000001 0.000001 0.000001 0.000001 0.000001 0.000001 0.000001 0.000001 0.000001 0.000001 0.000001 0.000001 0.000001 0.000001 0.000001 0.000001 0.000001 0.000001 0.000001 0.000000 0.000000 0.000000 
50.000000 38.556232 28.052288 19.197052 12.331857 7.428720 4.195746 2.222854 1.105672 0.517028 0.227634 0.094520 0.037080 0.013769 0.004849 0.001624 0.000519 0.000160 0.000049 0.000016 0.000007 0.000004 0.000004 0.000003 0.000003 0.000003 0.000003 0.000003 0.000003 0.000003 0.000003 0.000003 0.000003 0.000003 0.000003 0.000003 0.000003 0.000003 0.000003 0.000003 0.000003 0.000003 0.000003 0.000003 0.000003 0.000003 0.000002 0.000002 0.000001 0.000000 
50.000000 38.556235 28.052292 19.197058 12.331864 7.428728 4.195754 2.222863 1.105681 0.517037 0.227643 0.094529 0.037090 0.013778 0.004858 0.001633 0.000528 0.000169 0.000058 0.000025 0.000016 0.000013 0.000013 0.000013 0.000013 0.000013 0.000013 0.000013 0.000013 0.000013 0.000013 0.000013 0.000013 0.000013 0.000013 0.000013 0.000013 0.000013 0.000012 0.000012 0.000012 0.000012 0.000012 0.000012 0.000011 0.000010 0.000008 0.000006 0.000003 0.000000 
50.000000 38.556242 28.052306 19.197078 12.331889 7.428756 4.195784 2.222894 1.105713 0.517070 0.227675 0.094562 0.037122 0.013811 0.004891 0.001665 0.000561 0.000201 0.000090 0.000058 0.000049 0.000046 0.000045 0.000045 0.000045 0.000045 0.000045 0.000045 0.000045 0.000045 0.000045 0.000045 0.000045 0.000045 0.000045 0.000045 0.000045 0.000045 0.000045 0.000045 0.000045 0.000044 0.000044 0.000042 0.000039 0.000035 0.000029 0.000021 0.000011 0.000000 
50.000000 38.556268 28.052355 19.197147 12.331973 7.428851 4.195886 2.223000 1.105822 0.517180 0.227786 0.094672 0.037233 0.013922 0.005002 0.001776 0.000672 0.000312 0.000201 0.000169 0.000160 0.000157 0.000156 0.000156 0.000156 0.000156 0.000156 0.000156 0.000156 0.000156 0.000156 0.000156 0.000156 0.000156 0.000156 0.000156 0.000156 0.000156 0.000156 0.000156 0.000155 0.000154 0.000151 0.000146 0.000136 0.000122 0.000101 0.000072 0.000038 0.000000 
50.000000 38.556350 28.052514 19.197369 12.332244 7.429158 4.196216 2.223344 1.106174 0.517535 0.228144 0.095031 0.037592 0.014281 0.005361 0.002136 0.001031 0.000672 0.000561 0.000528 0.000519 0.000516 0.000516 0.000515 0.000515 0.000515 0.000515 0.000515 0.000515 0.000515 0.000515 0.000515 0.000515 0.000515 0.000515 0.000515 0.000515 0.000515 0.000515 0.000514 0.000512 0.000507 0.000498 0.000481 0.000451 0.000403 0.000333 0.000239 0.000126 0.000000 
50.000000 38.556605 28.053002 19.198053 12.333080 7.430101 4.197230 2.224401 1.107255 0.518629 0.229244 0.096134 0.038696 0.015386 0.006466 0.003240 0.002136 0.001776 0.001665 0.001633 0.001624 0.001621 0.001620 0.001620 0.001620 0.001620 0.001620 0.001620 0.001620 0.001620 0.001620 0.001620 0.001620 0.001620 0.001620 0.001620 0.001620 0.001620 0.001618 0.001616 0.001609 0.001595 0.001567 0.001513 0.001420 0.001270 0.001050 0.000756 0.000397 0.000000 
50.000000 38.557347 28.054425 19.200049 12.335518 7.432854 4.200190 2.227487 1.110411 0.521823 0.232455 0.099354 0.041919 0.018610 0.009691 0.006466 0.005361 0.005002 0.004891 0.004858 0.004849 0.004847 0.004846 0.004846 0.004846 0.004846 0.004846 0.004846 0.004846 0.004846 0.004846 0.004846 0.004846 0.004846 0.004846 0.004846 0.004845 0.004844 0.004841 0.004833 0.004814 0.004773 0.004689 0.004531 0.004255 0.003810 0.003154 0.002272 0.001193 0.000000 
50.000000 38.559398 28.058357 19.205565 12.342258 7.440466 4.208375 2.236019 1.119139 0.530653 0.241336 0.108257 0.050833 0.027528 0.018610 0.015386 0.014281 0.013922 0.013811 0.013778 0.013769 0.013767 0.013766 0.013766 0.013766 0.013766 0.013766 0.013766 0.013766 0.013766 0.013766 0.013766 0.013766 0.013766 0.013766 0.013765 0.013764 0.013761 0.013752 0.013730 0.013678 0.013564 0.013332 0.012891 0.012117 0.010863 0.009005 0.006493 0.003414 0.000000 
50.000000 38.564756 28.068628 19.219972 12.359866 7.460353 4.229759 2.258314 1.141947 0.553731 0.264545 0.131526 0.074128 0.050833 0.041919 0.038696 0.037592 0.037233 0.037122 0.037090 0.037080 0.037078 0.037077 0.037077 0.037077 0.037077 0.037077 0.037077 0.037077 0.037077 0.037077 0.037077 0.037077 0.037077 0.037077 0.037076 0.037073 0.037064 0.037041 0.036984 0.036850 0.036555 0.035947 0.034786 0.032732 0.029388 0.024400 0.017622 0.009275 0.000000 
50.000000 38.577949 28.093923 19.255457 12.403236 7.509341 4.282441 2.313242 1.198143 0.610591 0.321730 0.188861 0.131526 0.108257 0.099354 0.096134 0.095031 0.094672 0.094562 0.094529 0.094520 0.094517 0.094517 0.094517 0.094516 0.094516 0.094516 0.094516 0.094516 0.094516 0.094516 0.094516 0.094516 0.094516 0.094515 0.094513 0.094506 0.094485 0.094430 0.094293 0.093967 0.093244 0.091749 0.088869 0.083739 0.075319 0.062662 0.045344 0.023900 0.000000 
50.000000 38.608505 28.152512 19.337653 12.503706 7.622837 4.404505 2.440519 1.328363 0.742357 0.454253 0.321730 0.264545 0.241336 0.232455 0.229244 0.228144 0.227786 0.227675 0.227643 0.227634 0.227631 0.227631 0.227630 0.227630 0.227630 0.227630 0.227630 0.227630 0.227630 0.227630 0.227630 0.227630 0.227630 0.227628 0.227623 0.227606 0.227561 0.227438 0.227127 0.226386 0.224733 0.221283 0.214587 0.202544 0.182587 0.152299 0.110484 0.058344 0.000000 
50.000000 38.674901 28.279824 19.516276 12.722059 7.869518 4.669828 2.717193 1.611448 1.028809 0.742357 0.610591 0.553731 0.530653 0.521823 0.518629 0.517535 0.517180 0.517070 0.517037 0.517028 0.517026 0.517025 0.517025 0.517025 0.517025 0.517025 0.517025 0.517025 0.517025 0.517025 0.517025 0.517025 0.517023 0.517020 0.517009 0.516975 0.516880 0.516624 0.515971 0.514405 0.510880 0.503461 0.488911 0.462448 0.418069 0.349888 0.254673 0.134830 0.000000 
50.000000 38.809883 28.538661 19.879458 13.166057 8.371160 5.209419 3.279901 2.187218 1.611448 1.328363 1.198143 1.141947 1.119139 1.110411 1.107255 1.106174 1.105822 1.105713 1.105681 1.105672 1.105670 1.105669 1.105669 1.105669 1.105669 1.105669 1.105669 1.105669 1.105669 1.105669 1.105669 1.105668 1.105666 1.105660 1.105639 1.105575 1.105393 1.104898 1.103631 1.100567 1.093609 1.078805 1.049414 0.995230 0.902996 0.759072 0.555016 0.294892 0.000000 
50.000000 39.065945 29.029696 20.568483 14.008464 9.323007 6.233343 4.347748 3.279901 2.717193 2.440519 2.313242 2.258314 2.236019 2.227487 2.224401 2.223344 2.223000 2.222894 2.222863 2.222854 2.222852 2.222851 2.222851 2.222851 2.222851 2.222851 2.222851 2.222851 2.222851 2.222851 2.222850 2.222849 2.222846 2.222835 2.222798 2.222687 2.222367 2.221493 2.219236 2.213732 2.201096 2.173874 2.119045 2.016267 1.838022 1.554229 1.143625 0.610800 0.000000 
50.000000 39.517944 29.896499 21.784860 15.495712 11.003582 8.041286 6.233343 5.209419 4.669828 4.404505 4.282441 4.229759 4.208375 4.200190 4.197230 4.196216 4.195886 4.195784 4.195754 4.195746 4.195743 4.195743 4.195743 4.195743 4.195743 4.195743 4.195743 4.195743 4.195743 4.195743 4.195742 4.195741 4.195735 4.195717 4.195659 4.195483 4.194973 4.193571 4.189918 4.180917 4.160005 4.114298 4.020643 3.841497 3.523439 3.003550 2.230223 1.200620 0.000000 
50.000000 40.258352 31.316433 23.777535 17.932274 13.757036 11.003582 9.323007 8.371160 7.869518 7.622837 7.509341 7.460353 7.440466 7.432854 7.430101 7.429158 7.428851 7.428756 7.428728 7.428720 7.428718 7.428717 7.428717 7.428717 7.428717 7.428717 7.428717 7.428717 7.428717 7.428717 7.428716 7.428714 7.428707 7.428681 7.428600 7.428350 7.427621 7.425602 7.420293 7.407070 7.375930 7.306741 7.162085 6.878518 6.360000 5.482607 4.126229 2.249865 0.000000 
50.000000 41.380886 33.469260 26.798850 21.626799 17.932274 15.495712 14.008464 13.166057 12.722059 12.503706 12.403236 12.359866 12.342258 12.335518 12.333080 12.332244 12.331973 12.331889 12.331864 12.331857 12.331855 12.331854 12.331854 12.331854 12.331854 12.331854 12.331854 12.331854 12.331854 12.331854 12.331853 12.331851 12.331841 12.331810 12.331708 12.331395 12.330478 12.327917 12.321119 12.303990 12.263061 12.170442 11.972273 11.572274 10.813400 9.469286 7.275116 4.054737 0.000000 
50.000000 42.952192 36.482823 31.028283 26.798850 23.777535 21.784860 20.568483 19.879458 19.516276 19.337653 19.255457 19.219972 19.205565 19.200049 19.198053 19.197369 19.197147 19.197078 19.197058 19.197052 19.197051 19.197050 19.197050 19.197050 19.197050 19.197050 19.197050 19.197050 19.197050 19.197050 19.197049 19.197046 19.197037 19.197003 19.196895 19.196560 19.195572 19.192794 19.185354 19.166388 19.120387 19.014254 18.781310 18.294929 17.329564 15.514142 12.310946 7.142739 0.000000 
50.000000 44.978555 40.369196 36.482823 33.469260 31.316433 29.896499 29.029696 28.538661 28.279824 28.152512 28.093923 28.068628 28.058357 28.054425 28.053002 28.052514 28.052355 28.052306 28.052292 28.052288 28.052287 28.052286 28.052286 28.052286 28.052286 28.052286 28.052286 28.052286 28.052286 28.052286 28.052286 28.052283 28.052275 28.052246 28.052153 28.051864 28.051006 28.048580 28.042028 28.025150 27.983645 27.886071 27.666276 27.190204 26.194144 24.171877 20.184598 12.660332 0.000000 
50.000000 47.381856 44.978555 42.952192 41.380886 40.258352 39.517944 39.065945 38.809883 38.674901 38.608505 38.577949 38.564756 38.559398 38.557347 38.556605 38.556350 38.556268 38.556242 38.556235 38.556232 38.556232 38.556232 38.556232 38.556232 38.556232 38.556232 38.556232 38.556232 38.556232 38.556232 38.556231 38.556230 38.556225 38.556208 38.556154 38.555984 38.555481 38.554049 38.550161 38.540070 38.514991 38.455145 38.317324 38.008487 37.326149 35.809453 32.318223 23.690928 0.000000 
50.000000 50.000000 50.000000 50.000000 50.000000 50.000000 50.000000 50.000000 50.000000 50.000000 50.000000 50.000000 50.000000 50.000000 50.000000 50.000000 50.000000 50.000000 50.000000 50.000000 50.000000 50.000000 50.000000 50.000000 50.000000 50.000000 50.000000 50.000000 50.000000 50.000000 50.000000 50.000000 50.000000 50.000000 50.000000 50.000000 50.000000 50.000000 50.000000 50.000000 50.000000 50.000000 50.000000 50.000000 50.000000 50.000000 50.000000 50.000000 50.000000 50.000000 
