50.000000 50.000000 50.000000 50.000000 50.000000 50.000000 50.000000 50.000000 50.000000 50.000000 50.000000 50.000000 50.000000 50.000000 50.000000 50.000000 50.000000 50.000000 50.000000 50.000000 50.000000 50.000000 50.000000 50.000000 50.000000 50.000000 50.000000 50.000000 50.000000 50.000000 50.000000 50.000000 50.000000 50.000000 50.000000 50.000000 50.000000 50.000000 50.000000 50.000000 50.000000 50.000000 50.000000 50.000000 50.000000 50.000000 50.000000 50.000000 50.000000 50.000000 
50.000000 48.624059 47.307533 46.102149 45.045914 44.159894 43.448165 42.900463 42.496509 42.210814 42.016948 41.890651 41.811610 41.764057 41.736536 41.721203 41.712974 41.708716 41.706591 41.705566 41.705089 41.704875 41.704781 41.704742 41.704725 41.704719 41.704715 41.704712 41.704707 41.704693 41.704659 41.704581 41.704400 41.703998 41.703128 41.701293 41.697531 41.690022 41.675408 41.647633 41.595962 41.501539 41.331223 41.025818 40.475648 39.464422 37.524773 33.521551 24.312030 0.000000 
50.000000 47.307533 44.731333 42.372622 40.305770 38.572004 37.179299 36.107565 35.317117 34.758080 34.378733 34.131605 33.976944 33.883898 33.830048 33.800047 33.783945 33.775614 33.771455 33.769451 33.768518 33.768097 33.767914 33.767837 33.767806 33.767793 33.767786 33.767780 33.767770 33.767744 33.767682 33.767537 33.767204 33.766462 33.764859 33.761488 33.754593 33.740873 33.714278 33.664001 33.571127 33.403070 33.104175 32.579368 31.664570 30.071212 27.281442 22.365667 13.785983 0.000000 
50.000000 46.102149 42.372622 38.957958 35.965827 33.455909 31.439746 29.888253 28.743974 27.934701 27.385558 27.027818 26.803936 26.669247 26.591299 26.547872 26.524565 26.512506 26.506486 26.503585 26.502235 26.501627 26.501362 26.501250 26.501204 26.501185 26.501177 26.501169 26.501154 26.501120 26.501039 26.500847 26.500410 26.499438 26.497340 26.492944 26.483990 26.466256 26.432090 26.368005 26.250831 26.041688 25.676625 25.052222 24.003845 22.274613 19.478979 15.091180 8.577376 0.000000 
50.000000 45.045914 40.305770 35.965827 32.162931 28.972933 26.410499 24.438654 22.984369 21.955862 21.257965 20.803327 20.518809 20.347644 20.248588 20.193402 20.163785 20.148462 20.140813 20.137127 20.135411 20.134638 20.134302 20.134160 20.134101 20.134078 20.134067 20.134057 20.134041 20.134003 20.133912 20.133699 20.133214 20.132138 20.129826 20.124998 20.115213 20.095951 20.059119 19.990681 19.867043 19.649764 19.278127 18.659357 17.657095 16.081465 13.691213 10.234558 5.581491 0.000000 
50.000000 44.159894 38.572004 33.455909 28.972933 25.212491 22.191865 19.867460 18.153176 16.940809 16.118168 15.582276 15.246915 15.045167 14.928415 14.863373 14.828466 14.810406 14.801392 14.797048 14.795026 14.794115 14.793719 14.793552 14.793483 14.793455 14.793443 14.793433 14.793416 14.793379 14.793288 14.793077 14.792597 14.791537 14.789266 14.784549 14.775040 14.756449 14.721194 14.656351 14.540683 14.340608 14.005167 13.460597 12.606246 11.315838 9.452064 6.907435 3.684245 0.000000 
50.000000 43.448165 37.179299 31.439746 26.410499 22.191865 18.803227 16.195664 14.272574 12.912559 11.989749 11.388616 11.012435 10.786136 10.655179 10.582225 10.543074 10.522818 10.512708 10.507837 10.505568 10.504548 10.504103 10.503915 10.503839 10.503808 10.503794 10.503784 10.503769 10.503734 10.503652 10.503460 10.503026 10.502071 10.500036 10.495827 10.487394 10.471025 10.440248 10.384224 10.285534 10.117411 9.840734 9.401613 8.731268 7.751142 6.387524 4.599931 2.422348 0.000000 
50.000000 42.900463 36.107565 29.888253 24.438654 19.867460 16.195664 13.370245 11.286516 9.812920 8.813060 8.161748 7.754175 7.508997 7.367117 7.288081 7.245667 7.223724 7.212772 7.207495 7.205038 7.203932 7.203451 7.203247 7.203164 7.203131 7.203116 7.203107 7.203094 7.203064 7.202995 7.202834 7.202470 7.201674 7.199982 7.196504 7.189577 7.176227 7.151341 7.106493 7.028429 6.897312 6.685123 6.354930 5.862293 5.160527 4.211628 3.003390 1.569240 0.000000 
50.000000 42.496509 35.317117 28.743974 22.984369 18.153176 14.272574 11.286516 9.084346 7.527013 6.470353 5.782055 5.351345 5.092254 4.942327 4.858810 4.813992 4.790807 4.779235 4.773659 4.771063 4.769895 4.769386 4.769171 4.769084 4.769048 4.769034 4.769025 4.769014 4.768991 4.768936 4.768809 4.768524 4.767902 4.766588 4.763900 4.758579 4.748397 4.729570 4.695962 4.638107 4.542173 4.389204 4.155163 3.812567 3.334605 2.702286 1.914047 0.994970 0.000000 
50.000000 42.210814 34.758080 27.934701 21.955862 16.940809 12.912559 9.812920 7.527013 5.910485 4.813677 4.099238 3.652178 3.383257 3.227645 3.140963 3.094447 3.070384 3.058374 3.052588 3.049894 3.048681 3.048154 3.047931 3.047840 3.047803 3.047789 3.047781 3.047772 3.047754 3.047714 3.047620 3.047410 3.046953 3.045992 3.044037 3.040189 3.032875 3.019455 2.995710 2.955242 2.888906 2.784492 2.627025 2.400126 2.088819 1.683870 1.186953 0.614852 0.000000 
50.000000 42.016948 34.378733 27.385558 21.257965 16.118168 11.989749 8.813060 6.470353 4.813677 3.689642 2.957478 2.499334 2.223749 2.064284 1.975457 1.927792 1.903134 1.890828 1.884899 1.882138 1.880896 1.880355 1.880127 1.880034 1.879997 1.879982 1.879975 1.879968 1.879955 1.879927 1.879861 1.879715 1.879397 1.878733 1.877388 1.874755 1.869782 1.860722 1.844821 1.817967 1.774391 1.706566 1.605525 1.461817 1.267284 1.017553 0.714732 0.369315 0.000000 
50.000000 41.890651 34.131605 27.027818 20.803327 15.582276 11.388616 8.161748 5.782055 4.099238 2.957478 2.213777 1.748419 1.468498 1.306526 1.216304 1.167891 1.142847 1.130348 1.124326 1.121522 1.120261 1.119711 1.119480 1.119385 1.119348 1.119333 1.119326 1.119321 1.119312 1.119293 1.119249 1.119153 1.118943 1.118507 1.117628 1.115917 1.112704 1.106889 1.096757 1.079783 1.052485 1.010407 0.948368 0.861082 0.744208 0.595728 0.417327 0.215244 0.000000 
50.000000 41.811610 33.976944 26.803936 20.518809 15.246915 11.012435 7.754175 5.351345 3.652178 2.499334 1.748419 1.278550 0.995920 0.832381 0.741287 0.692407 0.667121 0.654502 0.648422 0.645592 0.644318 0.643763 0.643530 0.643434 0.643396 0.643381 0.643375 0.643371 0.643365 0.643353 0.643326 0.643264 0.643133 0.642861 0.642314 0.641254 0.639275 0.635715 0.629552 0.619303 0.602948 0.577948 0.541411 0.490466 0.422858 0.337681 0.236071 0.121588 0.000000 
50.000000 41.764057 33.883898 26.669247 20.347644 15.045167 10.786136 7.508997 5.092254 3.383257 2.223749 1.468498 0.995920 0.711661 0.547181 0.455564 0.406403 0.380972 0.368281 0.362166 0.359320 0.358039 0.357481 0.357246 0.357150 0.357112 0.357097 0.357091 0.357088 0.357084 0.357077 0.357060 0.357023 0.356945 0.356782 0.356457 0.355830 0.354665 0.352581 0.348995 0.343068 0.333675 0.319420 0.298742 0.270128 0.232431 0.185257 0.129305 0.066526 0.000000 
50.000000 41.736536 33.830048 26.591299 20.248588 14.928415 10.655179 7.367117 4.942327 3.227645 2.064284 1.306526 0.832381 0.547181 0.382158 0.290238 0.240915 0.215401 0.202668 0.196533 0.193678 0.192392 0.191833 0.191597 0.191501 0.191462 0.191448 0.191442 0.191439 0.191437 0.191432 0.191423 0.191402 0.191357 0.191264 0.191079 0.190724 0.190067 0.188898 0.186897 0.183608 0.178427 0.170614 0.159352 0.143866 0.123589 0.098354 0.068560 0.035244 0.000000 
50.000000 41.721203 33.800047 26.547872 20.193402 14.863373 10.582225 7.288081 4.858810 3.140963 1.975457 1.216304 0.741287 0.455564 0.290238 0.198151 0.148738 0.123177 0.110421 0.104275 0.101414 0.100126 0.099566 0.099330 0.099233 0.099195 0.099180 0.099174 0.099172 0.099170 0.099168 0.099162 0.099151 0.099126 0.099075 0.098975 0.098782 0.098427 0.097797 0.096724 0.094970 0.092222 0.088099 0.082189 0.074106 0.063577 0.050532 0.035188 0.018076 0.000000 
50.000000 41.712974 33.783945 26.524565 20.163785 14.828466 10.543074 7.245667 4.813992 3.094447 1.927792 1.167891 0.692407 0.406403 0.240915 0.148738 0.099276 0.073691 0.060922 0.054770 0.051907 0.050618 0.050057 0.049820 0.049724 0.049685 0.049671 0.049665 0.049663 0.049662 0.049660 0.049657 0.049651 0.049638 0.049612 0.049559 0.049458 0.049274 0.048948 0.048395 0.047494 0.046090 0.043993 0.041002 0.036930 0.031647 0.025127 0.017483 0.008976 0.000000 
50.000000 41.708716 33.775614 26.512506 20.148462 14.810406 10.522818 7.223724 4.790807 3.070384 1.903134 1.142847 0.667121 0.380972 0.215401 0.123177 0.073691 0.048092 0.035317 0.029162 0.026297 0.025008 0.024446 0.024210 0.024113 0.024075 0.024060 0.024055 0.024053 0.024052 0.024051 0.024049 0.024046 0.024039 0.024026 0.023999 0.023949 0.023857 0.023694 0.023419 0.022974 0.022282 0.021254 0.019792 0.017810 0.015248 0.012096 0.008410 0.004316 0.000000 
50.000000 41.706591 33.771455 26.506486 20.140813 14.801392 10.512708 7.212772 4.779235 3.058374 1.890828 1.130348 0.654502 0.368281 0.202668 0.110421 0.060922 0.035317 0.022539 0.016383 0.013517 0.012227 0.011666 0.011429 0.011332 0.011294 0.011279 0.011274 0.011272 0.011271 0.011270 0.011270 0.011268 0.011265 0.011258 0.011245 0.011221 0.011177 0.011098 0.010967 0.010754 0.010425 0.009938 0.009248 0.008315 0.007114 0.005639 0.003918 0.002010 0.000000 
50.000000 41.705566 33.769451 26.503585 20.137127 14.797048 10.507837 7.207495 4.773659 3.052588 1.884899 1.124326 0.648422 0.362166 0.196533 0.104275 0.054770 0.029162 0.016383 0.010226 0.007359 0.006070 0.005508 0.005271 0.005175 0.005136 0.005122 0.005116 0.005114 0.005113 0.005113 0.005113 0.005112 0.005110 0.005107 0.005101 0.005090 0.005069 0.005033 0.004972 0.004874 0.004723 0.004500 0.004185 0.003760 0.003215 0.002547 0.001769 0.000907 0.000000 
50.000000 41.705089 33.768518 26.502235 20.135411 14.795026 10.505569 7.205038 4.771063 3.049894 1.882139 1.121523 0.645592 0.359320 0.193678 0.101414 0.051907 0.026298 0.013517 0.007360 0.004493 0.003204 0.002642 0.002405 0.002308 0.002270 0.002255 0.002250 0.002248 0.002247 0.002247 0.002247 0.002246 0.002246 0.002244 0.002242 0.002236 0.002227 0.002211 0.002184 0.002140 0.002073 0.001974 0.001835 0.001648 0.001408 0.001115 0.000774 0.000397 0.000000 
50.000000 41.704875 33.768098 26.501627 20.134639 14.794116 10.504548 7.203933 4.769896 3.048682 1.880897 1.120262 0.644319 0.358040 0.192393 0.100127 0.050619 0.025009 0.012228 0.006071 0.003204 0.001914 0.001353 0.001116 0.001019 0.000981 0.000966 0.000961 0.000959 0.000958 0.000958 0.000958 0.000957 0.000957 0.000957 0.000955 0.000953 0.000949 0.000942 0.000930 0.000911 0.000883 0.000840 0.000781 0.000701 0.000598 0.000474 0.000329 0.000168 0.000000 
50.000000 41.704782 33.767916 26.501363 20.134304 14.793721 10.504105 7.203453 4.769389 3.048156 1.880358 1.119714 0.643766 0.357484 0.191836 0.099569 0.050060 0.024449 0.011669 0.005511 0.002645 0.001355 0.000793 0.000556 0.000460 0.000421 0.000407 0.000401 0.000399 0.000398 0.000398 0.000398 0.000398 0.000398 0.000398 0.000397 0.000396 0.000394 0.000391 0.000386 0.000379 0.000366 0.000349 0.000324 0.000291 0.000248 0.000196 0.000136 0.000070 0.000000 
50.000000 41.704743 33.767840 26.501254 20.134165 14.793558 10.503922 7.203255 4.769179 3.047939 1.880135 1.119488 0.643538 0.357255 0.191605 0.099338 0.049829 0.024218 0.011437 0.005280 0.002413 0.001123 0.000562 0.000325 0.000228 0.000190 0.000175 0.000170 0.000168 0.000167 0.000167 0.000167 0.000167 0.000167 0.000167 0.000166 0.000166 0.000165 0.000164 0.000162 0.000158 0.000153 0.000146 0.000135 0.000121 0.000104 0.000082 0.000057 0.000029 0.000000 
50.000000 41.704729 33.767813 26.501216 20.134116 14.793500 10.503857 7.203185 4.769105 3.047862 1.880056 1.119408 0.643457 0.357173 0.191524 0.099256 0.049747 0.024136 0.011355 0.005198 0.002331 0.001041 0.000480 0.000243 0.000146 0.000108 0.000093 0.000088 0.000086 0.000085 0.000085 0.000085 0.000085 0.000085 0.000085 0.000085 0.000084 0.000084 0.000083 0.000082 0.000080 0.000078 0.000074 0.000069 0.000062 0.000053 0.000042 0.000029 0.000015 0.000000 
50.000000 41.704729 33.767813 26.501216 20.134116 14.793500 10.503857 7.203185 4.769105 3.047862 1.880056 1.119408 0.643457 0.357173 0.191524 0.099256 0.049747 0.024136 0.011355 0.005198 0.002331 0.001041 0.000480 0.000243 0.000146 0.000108 0.000093 0.000088 0.000086 0.000085 0.000085 0.000085 0.000085 0.000085 0.000085 0.000085 0.000084 0.000084 0.000083 0.000082 0.000080 0.000078 0.000074 0.000069 0.000062 0.000053 0.000042 0.000029 0.000015 0.000000 
50.000000 41.704743 33.767840 26.501254 20.134165 14.793558 10.503922 7.203255 4.769179 3.047939 1.880135 1.119488 0.643538 0.357255 0.191605 0.099338 0.049829 0.024218 0.011437 0.005280 0.002413 0.001123 0.000562 0.000325 0.000228 0.000190 0.000175 0.000170 0.000168 0.000167 0.000167 0.000167 0.000167 0.000167 0.000167 0.000166 0.000166 0.000165 0.000164 0.000162 0.000158 0.000153 0.000146 0.000135 0.000121 0.000104 0.000082 0.000057 0.000029 0.000000 
50.000000 41.704782 33.767916 26.501363 20.134304 14.793721 10.504105 7.203453 4.769389 3.048156 1.880358 1.119714 0.643766 0.357484 0.191836 0.099569 0.050060 0.024449 0.011669 0.005511 0.002645 0.001355 0.000793 0.000556 0.000460 0.000421 0.000407 0.000401 0.000399 0.000398 0.000398 0.000398 0.000398 0.000398 0.000398 0.000397 0.000396 0.000394 0.000391 0.000386 0.000379 0.000366 0.000349 0.000324 0.000291 0.000248 0.000196 0.000136 0.000070 0.000000 
50.000000 41.704875 33.768098 26.501627 20.134639 14.794116 10.504548 7.203933 4.769896 3.048682 1.880897 1.120262 0.644319 0.358040 0.192393 0.100127 0.050619 0.025009 0.012228 0.006071 0.003204 0.001914 0.001353 0.001116 0.001019 0.000981 0.000966 0.000961 0.000959 0.000958 0.000958 0.000958 0.000957 0.000957 0.000957 0.000955 0.000953 0.000949 0.000942 0.000930 0.000911 0.000883 0.000840 0.000781 0.000701 0.000598 0.000474 0.000329 0.000168 0.000000 
50.000000 41.705089 33.768518 26.502235 20.135411 14.795026 10.505569 7.205038 4.771063 3.049894 1.882139 1.121523 0.645592 0.359320 0.193678 0.101414 0.051907 0.026298 0.013517 0.007360 0.004493 0.003204 0.002642 0.002405 0.002308 0.002270 0.002255 0.002250 0.002248 0.002247 0.002247 0.002247 0.002246 0.002246 0.002244 0.002242 0.002236 0.002227 0.002211 0.002184 0.002140 0.002073 0.001974 0.001835 0.001648 0.001408 0.001115 0.000774 0.000397 0.000000 
50.000000 41.705566 33.769451 26.503585 20.137127 14.797048 10.507837 7.207495 4.773659 3.052588 1.884899 1.124326 0.648422 0.362166 0.196533 0.104275 0.054770 0.029162 0.016383 0.010226 0.007359 0.006070 0.005508 0.005271 0.005175 0.005136 0.005122 0.005116 0.005114 0.005113 0.005113 0.005113 0.005112 0.005110 0.005107 0.005101 0.005090 0.005069 0.005033 0.004972 0.004874 0.004723 0.004500 0.004185 0.003760 0.003215 0.002547 0.001769 0.000907 0.000000 
50.000000 41.706591 33.771455 26.506486 20.140813 14.801392 10.512708 7.212772 4.779235 3.058374 1.890828 1.130348 0.654502 0.368281 0.202668 0.110421 0.060922 0.035317 0.022539 0.016383 0.013517 0.012227 0.011666 0.011429 0.011332 0.011294 0.011279 0.011274 0.011272 0.011271 0.011270 0.011270 0.011268 0.011265 0.011258 0.011245 0.011221 0.011177 0.011098 0.010967 0.010754 0.010425 0.009938 0.009248 0.008315 0.007114 0.005639 0.003918 0.002010 0.000000 
50.000000 41.708716 33.775614 26.512506 20.148462 14.810406 10.522818 7.223724 4.790807 3.070384 1.903134 1.142847 0.667121 0.380972 0.215401 0.123177 0.073691 0.048092 0.035317 0.029162 0.026297 0.025008 0.024446 0.024210 0.024113 0.024075 0.024060 0.024055 0.024053 0.024052 0.024051 0.024049 0.024046 0.024039 0.024026 0.023999 0.023949 0.023857 0.023694 0.023419 0.022974 0.022282 0.021254 0.019792 0.017810 0.015248 0.012096 0.008410 0.004316 0.000000 
50.000000 41.712974 33.783945 26.524565 20.163785 14.828466 10.543074 7.245667 4.813992 3.094447 1.927792 1.167891 0.692407 0.406403 0.240915 0.148738 0.099276 0.073691 0.060922 0.054770 0.051907 0.050618 0.050057 0.049820 0.049724 0.049685 0.049671 0.049665 0.049663 0.049662 0.049660 0.049657 0.049651 0.049638 0.049612 0.049559 0.049458 0.049274 0.048948 0.048395 0.047494 0.046090 0.043993 0.041002 0.036930 0.031647 0.025127 0.017483 0.008976 0.000000 
50.000000 41.721203 33.800047 26.547872 20.193402 14.863373 10.582225 7.288081 4.858810 3.140963 1.975457 1.216304 0.741287 0.455564 0.290238 0.198151 0.148738 0.123177 0.110421 0.104275 0.101414 0.100126 0.099566 0.099330 0.099233 0.099195 0.099180 0.099174 0.099172 0.099170 0.099168 0.099162 0.099151 0.099126 0.099075 0.098975 0.098782 0.098427 0.097797 0.096724 0.094970 0.092222 0.088099 0.082189 0.074106 0.063577 0.050532 0.035188 0.018076 0.000000 
50.000000 41.736536 33.830048 26.591299 20.248588 14.928415 10.655179 7.367117 4.942327 3.227645 2.064284 1.306526 0.832381 0.547181 0.382158 0.290238 0.240915 0.215401 0.202668 0.196533 0.193678 0.192392 0.191833 0.191597 0.191501 0.191462 0.191448 0.191442 0.191439 0.191437 0.191432 0.191423 0.191402 0.191357 0.191264 0.191079 0.190724 0.190067 0.188898 0.186897 0.183608 0.178427 0.170614 0.159352 0.143866 0.123589 0.098354 0.068560 0.035244 0.000000 
50.000000 41.764057 33.883898 26.669247 20.347644 15.045167 10.786136 7.508997 5.092254 3.383257 2.223749 1.468498 0.995920 0.711661 0.547181 0.455564 0.406403 0.380972 0.368281 0.362166 0.359320 0.358039 0.357481 0.357246 0.357150 0.357112 0.357097 0.357091 0.357088 0.357084 0.357077 0.357060 0.357023 0.356945 0.356782 0.356457 0.355830 0.354665 0.352581 0.348995 0.343068 0.333675 0.319420 0.298742 0.270128 0.232431 0.185257 0.129305 0.066526 0.000000 
50.000000 41.811610 33.976944 26.803936 20.518809 15.246915 11.012435 7.754175 5.351345 3.652178 2.499334 1.748419 1.278550 0.995920 0.832381 0.741287 0.692407 0.667121 0.654502 0.648422 0.645592 0.644318 0.643763 0.643530 0.643434 0.643396 0.643381 0.643375 0.643371 0.643365 0.643353 0.643326 0.643264 0.643133 0.642861 0.642314 0.641254 0.639275 0.635715 0.629552 0.619303 0.602948 0.577948 0.541411 0.490466 0.422858 0.337681 0.236071 0.121588 0.000000 
50.000000 41.890651 34.131605 27.027818 20.803327 15.582276 11.388616 8.161748 5.782055 4.099238 2.957478 2.213777 1.748419 1.468498 1.306526 1.216304 1.167891 1.142847 1.130348 1.124326 1.121522 1.120261 1.119711 1.119480 1.119385 1.119348 1.119333 1.119326 1.119321 1.119312 1.119293 1.119249 1.119153 1.118943 1.118507 1.117628 1.115917 1.112704 1.106889 1.096757 1.079783 1.052485 1.010407 0.948368 0.861082 0.744208 0.595728 0.417327 0.215244 0.000000 
50.000000 42.016948 34.378733 27.385558 21.257965 16.118168 11.989749 8.813060 6.470353 4.813677 3.689642 2.957478 2.499334 2.223749 2.064284 1.975457 1.927792 1.903134 1.890828 1.884899 1.882138 1.880896 1.880355 1.880127 1.880034 1.879997 1.879982 1.879975 1.879968 1.879955 1.879927 1.879861 1.879715 1.879397 1.878733 1.877388 1.874755 1.869782 1.860722 1.844821 1.817967 1.774391 1.706566 1.605525 1.461817 1.267284 1.017553 0.714732 0.369315 0.000000 
50.000000 42.210814 34.758080 27.934701 21.955862 16.940809 12.912559 9.812920 7.527013 5.910485 4.813677 4.099238 3.652178 3.383257 3.227645 3.140963 3.094447 3.070384 3.058374 3.052588 3.049894 3.048681 3.048154 3.047931 3.047840 3.047803 3.047789 3.047781 3.047772 3.047754 3.047714 3.047620 3.047410 3.046953 3.045992 3.044037 3.040189 3.032875 3.019455 2.995710 2.955242 2.888906 2.784492 2.627025 2.400126 2.088819 1.683870 1.186953 0.614852 0.000000 
50.000000 42.496509 35.317117 28.743974 22.984369 18.153176 14.272574 11.286516 9.084346 7.527013 6.470353 5.782055 5.351345 5.092254 4.942327 4.858810 4.813992 4.790807 4.779235 4.773659 4.771063 4.769895 4.769386 4.769171 4.769084 4.769048 4.769034 4.769025 4.769014 4.768991 4.768936 4.768809 4.768524 4.767902 4.766588 4.763900 4.758579 4.748397 4.729570 4.695962 4.638107 4.542173 4.389204 4.155163 3.812567 3.334605 2.702286 1.914047 0.994970 0.000000 
50.000000 42.900463 36.107565 29.888253 24.438654 19.867460 16.195664 13.370245 11.286516 9.812920 8.813060 8.161748 7.754175 7.508997 7.367117 7.288081 7.245667 7.223724 7.212772 7.207495 7.205038 7.203932 7.203451 7.203247 7.203164 7.203131 7.203116 7.203107 7.203094 7.203064 7.202995 7.202834 7.202470 7.201674 7.199982 7.196504 7.189577 7.176227 7.151341 7.106493 7.028429 6.897312 6.685123 6.354930 5.862293 5.160527 4.211628 3.003390 1.569240 0.000000 
50.000000 43.448165 37.179299 31.439746 26.410499 22.191865 18.803227 16.195664 14.272574 12.912559 11.989749 11.388616 11.012435 10.786136 10.655179 10.582225 10.543074 10.522818 10.512708 10.507837 10.505568 10.504548 10.504103 10.503915 10.503839 10.503808 10.503794 10.503784 10.503769 10.503734 10.503652 10.503460 10.503026 10.502071 10.500036 10.495827 10.487394 10.471025 10.440248 10.384224 10.285534 10.117411 9.840734 9.401613 8.731268 7.751142 6.387524 4.599931 2.422348 0.000000 
50.000000 44.159894 38.572004 33.455909 28.972933 25.212491 22.191865 19.867460 18.153176 16.940809 16.118168 15.582276 15.246915 15.045167 14.928415 14.863373 14.828466 14.810406 14.801392 14.797048 14.795026 14.794115 14.793719 14.793552 14.793483 14.793455 14.793443 14.793433 14.793416 14.793379 14.793288 14.793077 14.792597 14.791537 14.789266 14.784549 14.775040 14.756449 14.721194 14.656351 14.540683 14.340608 14.005167 13.460597 12.606246 11.315838 9.452064 6.907435 3.684245 0.000000 
50.000000 45.045914 40.305770 35.965827 32.162931 28.972933 26.410499 24.438654 22.984369 21.955862 21.257965 20.803327 20.518809 20.347644 20.248588 20.193402 20.163785 20.148462 20.140813 20.137127 20.135411 20.134638 20.134302 20.134160 20.134101 20.134078 20.134067 20.134057 20.134041 20.134003 20.133912 20.133699 20.133214 20.132138 20.129826 20.124998 20.115213 20.095951 20.059119 19.990681 19.867043 19.649764 19.278127 18.659357 17.657095 16.081465 13.691213 10.234558 5.581491 0.000000 
50.000000 46.102149 42.372622 38.957958 35.965827 33.455909 31.439746 29.888253 28.743974 27.934701 27.385558 27.027818 26.803936 26.669247 26.591299 26.547872 26.524565 26.512506 26.506486 26.503585 26.502235 26.501627 26.501362 26.501250 26.501204 26.501185 26.501177 26.501169 26.501154 26.501120 26.501039 26.500847 26.500410 26.499438 26.497340 26.492944 26.483990 26.466256 26.432090 26.368005 26.250831 26.041688 25.676625 25.052222 24.003845 22.274613 19.478979 15.091180 8.577376 0.000000 
50.000000 47.307533 44.731333 42.372622 40.305770 38.572004 37.179299 36.107565 35.317117 34.758080 34.378733 34.131605 33.976944 33.883898 33.830048 33.800047 33.783945 33.775614 33.771455 33.769451 33.768518 33.768097 33.767914 33.767837 33.767806 33.767793 33.767786 33.767780 33.767770 33.767744 33.767682 33.767537 33.767204 33.766462 33.764859 33.761488 33.754593 33.740873 33.714278 33.664001 33.571127 33.403070 33.104175 32.579368 31.664570 30.071212 27.281442 22.365667 13.785983 0.000000 
50.000000 48.624059 47.307533 46.102149 45.045914 44.159894 43.448165 42.900463 42.496509 42.210814 42.016948 41.890651 41.811610 41.764057 41.736536 41.721203 41.712974 41.708716 41.706591 41.705566 41.705089 41.704875 41.704781 41.704742 41.704725 41.704719 41.704715 41.704712 41.704707 41.704693 41.704659 41.704581 41.704400 41.703998 41.703128 41.701293 41.697531 41.690022 41.675408 41.647633 41.595962 41.501539 41.331223 41.025818 40.475648 39.464422 37.524773 33.521551 24.312030 0.000000 
50.000000 50.000000 50.000000 50.000000 50.000000 50.000000 50.000000 50.000000 50.000000 50.000000 50.000000 50.000000 50.000000 50.000000 50.000000 50.000000 50.000000 50.000000 50.000000 50.000000 50.000000 50.000000 50.000000 50.000000 50.000000 50.000000 50.000000 50.000000 50.000000 50.000000 50.000000 50.000000 50.000000 50.000000 50.000000 50.000000 50.000000 50.000000 50.000000 50.000000 50.000000 50.000000 50.000000 50.000000 50.000000 50.000000 50.000000 50.000000 50.000000 50.000000 
