50.000000 50.000000 50.000000 50.000000 50.000000 50.000000 50.000000 50.000000 50.000000 50.000000 50.000000 50.000000 50.000000 50.000000 50.000000 50.000000 50.000000 50.000000 50.000000 50.000000 50.000000 50.000000 50.000000 50.000000 50.000000 50.000000 50.000000 50.000000 50.000000 50.000000 50.000000 50.000000 50.000000 50.000000 50.000000 50.000000 50.000000 50.000000 50.000000 50.000000 50.000000 50.000000 50.000000 50.000000 50.000000 50.000000 50.000000 50.000000 50.000000 50.000000 
50.000000 47.162649 44.577555 42.429896 40.800324 39.668527 38.947050 38.523653 38.294180 38.178942 38.125146 38.101727 38.092191 38.088549 38.087240 38.086796 38.086654 38.086611 38.086598 38.086595 38.086594 38.086594 38.086594 38.086594 38.086594 38.086594 38.086594 38.086594 38.086594 38.086594 38.086594 38.086593 38.086593 38.086590 38.086581 38.086551 38.086448 38.086124 38.085148 38.082345 38.074672 38.054632 38.004566 37.884377 37.604976 36.968008 35.515695 32.108378 23.581324 0.000000 
50.000000 44.577555 39.637237 35.532954 32.418832 30.256026 28.877368 28.068340 27.629881 27.409705 27.306928 27.262189 27.243972 27.237014 27.234514 27.233666 27.233395 27.233313 27.233289 27.233282 27.233281 27.233280 27.233280 27.233280 27.233280 27.233280 27.233280 27.233280 27.233280 27.233280 27.233280 27.233280 27.233279 27.233274 27.233259 27.233207 27.233035 27.232491 27.230858 27.226196 27.213534 27.180811 27.100287 26.911235 26.486490 25.569546 23.659557 19.818619 12.469177 0.000000 
50.000000 42.429896 35.532954 29.803293 25.456062 22.436975 20.512592 19.383388 18.771449 18.464182 18.320762 18.258336 18.232921 18.223213 18.219726 18.218544 18.218165 18.218050 18.218017 18.218008 18.218006 18.218005 18.218005 18.218005 18.218005 18.218005 18.218005 18.218005 18.218005 18.218005 18.218005 18.218005 18.218003 18.217999 18.217982 18.217922 18.217727 18.217113 18.215283 18.210100 18.196168 18.160659 18.074898 17.878691 17.453653 16.582853 14.901647 11.873398 6.914201 0.000000 
50.000000 40.800324 32.418832 25.456062 20.173451 16.504944 14.166761 12.794842 12.051431 11.678181 11.503979 11.428163 11.397299 11.385512 11.381278 11.379843 11.379384 11.379244 11.379204 11.379193 11.379190 11.379189 11.379189 11.379189 11.379189 11.379189 11.379189 11.379189 11.379189 11.379189 11.379189 11.379189 11.379187 11.379183 11.379167 11.379113 11.378936 11.378382 11.376741 11.372137 11.359901 11.329171 11.256361 11.093923 10.753596 10.086725 8.873209 6.849285 3.832315 0.000000 
50.000000 39.668527 30.256026 22.436975 16.504944 12.385659 9.760328 8.220037 7.385455 6.966467 6.770937 6.685847 6.651211 6.637985 6.633235 6.631625 6.631110 6.630953 6.630908 6.630896 6.630893 6.630892 6.630892 6.630892 6.630892 6.630892 6.630892 6.630892 6.630892 6.630892 6.630892 6.630891 6.630890 6.630887 6.630875 6.630833 6.630696 6.630270 6.629021 6.625546 6.616414 6.593807 6.541193 6.426442 6.192829 5.751348 4.983323 3.769536 2.063551 0.000000 
50.000000 38.947050 28.877368 20.512592 14.166761 9.760328 6.952144 5.304677 4.412087 3.964011 3.754925 3.663943 3.626912 3.612773 3.607695 3.605975 3.605424 3.605257 3.605209 3.605195 3.605192 3.605191 3.605191 3.605191 3.605191 3.605191 3.605191 3.605191 3.605191 3.605191 3.605191 3.605191 3.605190 3.605188 3.605179 3.605151 3.605058 3.604772 3.603938 3.601639 3.595662 3.581057 3.547608 3.476072 3.333886 3.072838 2.633901 1.966134 1.062673 0.000000 
50.000000 38.523653 28.068340 19.383388 12.794842 8.220037 5.304677 3.594419 2.667860 2.202761 1.985745 1.891319 1.852889 1.838218 1.832948 1.831164 1.830592 1.830419 1.830369 1.830355 1.830351 1.830351 1.830350 1.830350 1.830350 1.830350 1.830350 1.830350 1.830350 1.830350 1.830350 1.830350 1.830350 1.830348 1.830343 1.830326 1.830270 1.830098 1.829602 1.828242 1.824744 1.816294 1.797209 1.757069 1.678844 1.538481 1.308490 0.968053 0.519088 0.000000 
50.000000 38.294180 27.629881 18.771449 12.051431 7.385455 4.412087 2.667860 1.722936 1.248639 1.027341 0.931057 0.891873 0.876914 0.871542 0.869722 0.869140 0.868963 0.868912 0.868898 0.868894 0.868893 0.868893 0.868893 0.868893 0.868893 0.868893 0.868893 0.868893 0.868893 0.868893 0.868893 0.868893 0.868892 0.868889 0.868880 0.868849 0.868756 0.868488 0.867761 0.865905 0.861468 0.851566 0.831029 0.791648 0.722260 0.610791 0.449070 0.239548 0.000000 
50.000000 38.178942 27.409705 18.464182 11.678181 6.966467 3.964011 2.202761 1.248639 0.769737 0.546298 0.449085 0.409525 0.394422 0.388999 0.387162 0.386574 0.386396 0.386344 0.386330 0.386326 0.386325 0.386325 0.386325 0.386325 0.386325 0.386325 0.386325 0.386325 0.386325 0.386325 0.386325 0.386325 0.386325 0.386323 0.386318 0.386303 0.386257 0.386125 0.385770 0.384869 0.382733 0.378017 0.368349 0.350053 0.318280 0.268014 0.196172 0.104270 0.000000 
50.000000 38.125146 27.306928 18.320762 11.503979 6.770937 3.754925 1.985745 1.027341 0.546298 0.321863 0.224219 0.184484 0.169315 0.163868 0.162023 0.161433 0.161253 0.161202 0.161188 0.161184 0.161183 0.161183 0.161183 0.161183 0.161183 0.161183 0.161183 0.161183 0.161183 0.161183 0.161183 0.161183 0.161182 0.161182 0.161180 0.161173 0.161152 0.161092 0.160932 0.160528 0.159580 0.157502 0.153286 0.145392 0.131843 0.110662 0.080732 0.042801 0.000000 
50.000000 38.101727 27.262189 18.258336 11.428163 6.685847 3.663943 1.891319 0.931057 0.449085 0.224219 0.126388 0.086577 0.071380 0.065923 0.064075 0.063483 0.063303 0.063251 0.063237 0.063234 0.063233 0.063232 0.063232 0.063232 0.063232 0.063232 0.063232 0.063232 0.063232 0.063232 0.063232 0.063232 0.063232 0.063232 0.063231 0.063228 0.063219 0.063194 0.063127 0.062960 0.062568 0.061718 0.060005 0.056826 0.051422 0.043053 0.031331 0.016579 0.000000 
50.000000 38.092191 27.243972 18.232921 11.397299 6.651211 3.626912 1.852889 0.891873 0.409525 0.184484 0.086577 0.046736 0.031527 0.026066 0.024216 0.023624 0.023444 0.023392 0.023378 0.023374 0.023373 0.023373 0.023373 0.023373 0.023373 0.023373 0.023373 0.023373 0.023373 0.023373 0.023373 0.023373 0.023373 0.023373 0.023373 0.023371 0.023368 0.023358 0.023332 0.023267 0.023117 0.022791 0.022140 0.020941 0.018917 0.015807 0.011481 0.006067 0.000000 
50.000000 38.088549 27.237014 18.223213 11.385512 6.637985 3.612773 1.838218 0.876914 0.394422 0.169315 0.071380 0.031527 0.016314 0.010851 0.009000 0.008408 0.008228 0.008176 0.008162 0.008159 0.008158 0.008157 0.008157 0.008157 0.008157 0.008157 0.008157 0.008157 0.008157 0.008157 0.008157 0.008157 0.008157 0.008157 0.008157 0.008157 0.008155 0.008152 0.008142 0.008119 0.008065 0.007948 0.007715 0.007290 0.006576 0.005487 0.003979 0.002100 0.000000 
50.000000 38.087240 27.234514 18.219726 11.381278 6.633235 3.607695 1.832948 0.871542 0.388999 0.163868 0.065923 0.026066 0.010851 0.005387 0.003537 0.002944 0.002764 0.002713 0.002698 0.002695 0.002694 0.002694 0.002694 0.002694 0.002694 0.002694 0.002694 0.002694 0.002694 0.002694 0.002694 0.002694 0.002694 0.002694 0.002693 0.002693 0.002693 0.002692 0.002688 0.002680 0.002662 0.002622 0.002544 0.002402 0.002165 0.001804 0.001307 0.000689 0.000000 
50.000000 38.086796 27.233666 18.218544 11.379843 6.631625 3.605975 1.831164 0.869722 0.387162 0.162023 0.064075 0.024216 0.009000 0.003537 0.001686 0.001094 0.000914 0.000862 0.000848 0.000844 0.000843 0.000843 0.000843 0.000843 0.000843 0.000843 0.000843 0.000843 0.000843 0.000843 0.000843 0.000843 0.000843 0.000843 0.000843 0.000843 0.000843 0.000843 0.000841 0.000839 0.000833 0.000820 0.000796 0.000751 0.000676 0.000562 0.000407 0.000215 0.000000 
50.000000 38.086654 27.233395 18.218165 11.379384 6.631110 3.605424 1.830592 0.869140 0.386574 0.161433 0.063483 0.023624 0.008408 0.002944 0.001094 0.000501 0.000322 0.000270 0.000256 0.000252 0.000251 0.000251 0.000251 0.000251 0.000251 0.000251 0.000251 0.000251 0.000251 0.000251 0.000251 0.000251 0.000251 0.000251 0.000251 0.000251 0.000251 0.000250 0.000250 0.000249 0.000248 0.000244 0.000236 0.000223 0.000200 0.000167 0.000121 0.000064 0.000000 
50.000000 38.086611 27.233313 18.218050 11.379244 6.630953 3.605257 1.830419 0.868963 0.386396 0.161253 0.063303 0.023444 0.008228 0.002764 0.000914 0.000322 0.000142 0.000090 0.000076 0.000072 0.000071 0.000071 0.000071 0.000071 0.000071 0.000071 0.000071 0.000071 0.000071 0.000071 0.000071 0.000071 0.000071 0.000071 0.000071 0.000071 0.000071 0.000071 0.000071 0.000071 0.000070 0.000069 0.000067 0.000063 0.000057 0.000047 0.000034 0.000018 0.000000 
50.000000 38.086598 27.233289 18.218017 11.379204 6.630908 3.605209 1.830369 0.868912 0.386344 0.161202 0.063251 0.023392 0.008176 0.002713 0.000862 0.000270 0.000090 0.000038 0.000024 0.000020 0.000019 0.000019 0.000019 0.000019 0.000019 0.000019 0.000019 0.000019 0.000019 0.000019 0.000019 0.000019 0.000019 0.000019 0.000019 0.000019 0.000019 0.000019 0.000019 0.000019 0.000019 0.000019 0.000018 0.000017 0.000015 0.000013 0.000009 0.000005 0.000000 
50.000000 38.086595 27.233282 18.218008 11.379193 6.630896 3.605195 1.830355 0.868898 0.386330 0.161188 0.063237 0.023378 0.008162 0.002698 0.000848 0.000256 0.000076 0.000024 0.000010 0.000006 0.000005 0.000005 0.000005 0.000005 0.000005 0.000005 0.000005 0.000005 0.000005 0.000005 0.000005 0.000005 0.000005 0.000005 0.000005 0.000005 0.000005 0.000005 0.000005 0.000005 0.000005 0.000005 0.000005 0.000004 0.000004 0.000003 0.000002 0.000001 0.000000 
50.000000 38.086594 27.233281 18.218006 11.379190 6.630893 3.605192 1.830351 0.868894 0.386326 0.161184 0.063234 0.023374 0.008159 0.002695 0.000844 0.000252 0.000072 0.000020 0.000006 0.000002 0.000001 0.000001 0.000001 0.000001 0.000001 0.000001 0.000001 0.000001 0.000001 0.000001 0.000001 0.000001 0.000001 0.000001 0.000001 0.000001 0.000001 0.000001 0.000001 0.000001 0.000001 0.000001 0.000001 0.000001 0.000001 0.000001 0.000001 0.000000 0.000000 
50.000000 38.086594 27.233280 18.218005 11.379189 6.630892 3.605191 1.830351 0.868893 0.386325 0.161183 0.063233 0.023373 0.008158 0.002694 0.000843 0.000251 0.000071 0.000019 0.000005 0.000001 0.000001 0.000000 0.000000 0.000000 0.000000 0.000000 0.000000 0.000000 0.000000 0.000000 0.000000 0.000000 0.000000 0.000000 0.000000 0.000000 0.000000 0.000000 0.000000 0.000000 0.000000 0.000000 0.000000 0.000000 0.000000 0.000000 0.000000 0.000000 0.000000 
50.000000 38.086594 27.233280 18.218005 11.379189 6.630892 3.605191 1.830350 0.868893 0.386325 0.161183 0.063232 0.023373 0.008157 0.002694 0.000843 0.000251 0.000071 0.000019 0.000005 0.000001 0.000000 0.000000 0.000000 0.000000 0.000000 0.000000 0.000000 0.000000 0.000000 0.000000 0.000000 0.000000 0.000000 0.000000 0.000000 0.000000 0.000000 0.000000 0.000000 0.000000 0.000000 0.000000 0.000000 0.000000 0.000000 0.000000 0.000000 0.000000 0.000000 
50.000000 38.086594 27.233280 18.218005 11.379189 6.630892 3.605191 1.830350 0.868893 0.386325 0.161183 0.063232 0.023373 0.008157 0.002694 0.000843 0.000251 0.000071 0.000019 0.000005 0.000001 0.000000 0.000000 0.000000 0.000000 0.000000 0.000000 0.000000 0.000000 0.000000 0.000000 0.000000 0.000000 0.000000 0.000000 0.000000 0.000000 0.000000 0.000000 0.000000 0.000000 0.000000 0.000000 0.000000 0.000000 0.000000 0.000000 0.000000 0.000000 0.000000 
50.000000 38.086594 27.233280 18.218005 11.379189 6.630892 3.605191 1.830350 0.868893 0.386325 0.161183 0.063232 0.023373 0.008157 0.002694 0.000843 0.000251 0.000071 0.000019 0.000005 0.000001 0.000000 0.000000 0.000000 0.000000 0.000000 0.000000 0.000000 0.000000 0.000000 0.000000 0.000000 0.000000 0.000000 0.000000 0.000000 0.000000 0.000000 0.000000 0.000000 0.000000 0.000000 0.000000 0.000000 0.000000 0.000000 0.000000 0.000000 0.000000 0.000000 
50.000000 38.086594 27.233280 18.218005 11.379189 6.630892 3.605191 1.830350 0.868893 0.386325 0.161183 0.063232 0.023373 0.008157 0.002694 0.000843 0.000251 0.000071 0.000019 0.000005 0.000001 0.000000 0.000000 0.000000 0.000000 0.000000 0.000000 0.000000 0.000000 0.000000 0.000000 0.000000 0.000000 0.000000 0.000000 0.000000 0.000000 0.000000 0.000000 0.000000 0.000000 0.000000 0.000000 0.000000 0.000000 0.000000 0.000000 0.000000 0.000000 0.000000 
50.000000 38.086594 27.233280 18.218005 11.379189 6.630892 3.605191 1.830350 0.868893 0.386325 0.161183 0.063232 0.023373 0.008157 0.002694 0.000843 0.000251 0.000071 0.000019 0.000005 0.000001 0.000000 0.000000 0.000000 0.000000 0.000000 0.000000 0.000000 0.000000 0.000000 0.000000 0.000000 0.000000 0.000000 0.000000 0.000000 0.000000 0.000000 0.000000 0.000000 0.000000 0.000000 0.000000 0.000000 0.000000 0.000000 0.000000 0.000000 0.000000 0.000000 
50.000000 38.086594 27.233280 18.218005 11.379189 6.630892 3.605191 1.830350 0.868893 0.386325 0.161183 0.063232 0.023373 0.008157 0.002694 0.000843 0.000251 0.000071 0.000019 0.000005 0.000001 0.000000 0.000000 0.000000 0.000000 0.000000 0.000000 0.000000 0.000000 0.000000 0.000000 0.000000 0.000000 0.000000 0.000000 0.000000 0.000000 0.000000 0.000000 0.000000 0.000000 0.000000 0.000000 0.000000 0.000000 0.000000 0.000000 0.000000 0.000000 0.000000 
50.000000 38.086594 27.233280 18.218005 11.379189 6.630892 3.605191 1.830351 0.868893 0.386325 0.161183 0.063233 0.023373 0.008158 0.002694 0.000843 0.000251 0.000071 0.000019 0.000005 0.000001 0.000001 0.000000 0.000000 0.000000 0.000000 0.000000 0.000000 0.000000 0.000000 0.000000 0.000000 0.000000 0.000000 0.000000 0.000000 0.000000 0.000000 0.000000 0.000000 0.000000 0.000000 0.000000 0.000000 0.000000 0.000000 0.000000 0.000000 0.000000 0.000000 
50.000000 38.086594 27.233281 18.218006 11.379190 6.630893 3.605192 1.830351 0.868894 0.386326 0.161184 0.063234 0.023374 0.008159 0.002695 0.000844 0.000252 0.000072 0.000020 0.000006 0.000002 0.000001 0.000001 0.000001 0.000001 0.000001 0.000001 0.000001 0.000001 0.000001 0.000001 0.000001 0.000001 0.000001 0.000001 0.000001 0.000001 0.000001 0.000001 0.000001 0.000001 0.000001 0.000001 0.000001 0.000001 0.000001 0.000001 0.000001 0.000000 0.000000 
50.000000 38.086595 27.233282 18.218008 11.379193 6.630896 3.605195 1.830355 0.868898 0.386330 0.161188 0.063237 0.023378 0.008162 0.002698 0.000848 0.000256 0.000076 0.000024 0.000010 0.000006 0.000005 0.000005 0.000005 0.000005 0.000005 0.000005 0.000005 0.000005 0.000005 0.000005 0.000005 0.000005 0.000005 0.000005 0.000005 0.000005 0.000005 0.000005 0.000005 0.000005 0.000005 0.000005 0.000005 0.000004 0.000004 0.000003 0.000002 0.000001 0.000000 
50.000000 38.086598 27.233289 18.218017 11.379204 6.630908 3.605209 1.830369 0.868912 0.386344 0.161202 0.063251 0.023392 0.008176 0.002713 0.000862 0.000270 0.000090 0.000038 0.000024 0.000020 0.000019 0.000019 0.000019 0.000019 0.000019 0.000019 0.000019 0.000019 0.000019 0.000019 0.000019 0.000019 0.000019 0.000019 0.000019 0.000019 0.000019 0.000019 0.000019 0.000019 0.000019 0.000019 0.000018 0.000017 0.000015 0.000013 0.000009 0.000005 0.000000 
50.000000 38.086611 27.233313 18.218050 11.379244 6.630953 3.605257 1.830419 0.868963 0.386396 0.161253 0.063303 0.023444 0.008228 0.002764 0.000914 0.000322 0.000142 0.000090 0.000076 0.000072 0.000071 0.000071 0.000071 0.000071 0.000071 0.000071 0.000071 0.000071 0.000071 0.000071 0.000071 0.000071 0.000071 0.000071 0.000071 0.000071 0.000071 0.000071 0.000071 0.000071 0.000070 0.000069 0.000067 0.000063 0.000057 0.000047 0.000034 0.000018 0.000000 
50.000000 38.086654 27.233395 18.218165 11.379384 6.631110 3.605424 1.830592 0.869140 0.386574 0.161433 0.063483 0.023624 0.008408 0.002944 0.001094 0.000501 0.000322 0.000270 0.000256 0.000252 0.000251 0.000251 0.000251 0.000251 0.000251 0.000251 0.000251 0.000251 0.000251 0.000251 0.000251 0.000251 0.000251 0.000251 0.000251 0.000251 0.000251 0.000250 0.000250 0.000249 0.000248 0.000244 0.000236 0.000223 0.000200 0.000167 0.000121 0.000064 0.000000 
50.000000 38.086796 27.233666 18.218544 11.379843 6.631625 3.605975 1.831164 0.869722 0.387162 0.162023 0.064075 0.024216 0.009000 0.003537 0.001686 0.001094 0.000914 0.000862 0.000848 0.000844 0.000843 0.000843 0.000843 0.000843 0.000843 0.000843 0.000843 0.000843 0.000843 0.000843 0.000843 0.000843 0.000843 0.000843 0.000843 0.000843 0.000843 0.000843 0.000841 0.000839 0.000833 0.000820 0.000796 0.000751 0.000676 0.000562 0.000407 0.000215 0.000000 
50.000000 38.087240 27.234514 18.219726 11.381278 6.633235 3.607695 1.832948 0.871542 0.388999 0.163868 0.065923 0.026066 0.010851 0.005387 0.003537 0.002944 0.002764 0.002713 0.002698 0.002695 0.002694 0.002694 0.002694 0.002694 0.002694 0.002694 0.002694 0.002694 0.002694 0.002694 0.002694 0.002694 0.002694 0.002694 0.002693 0.002693 0.002693 0.002692 0.002688 0.002680 0.002662 0.002622 0.002544 0.002402 0.002165 0.001804 0.001307 0.000689 0.000000 
50.000000 38.088549 27.237014 18.223213 11.385512 6.637985 3.612773 1.838218 0.876914 0.394422 0.169315 0.071380 0.031527 0.016314 0.010851 0.009000 0.008408 0.008228 0.008176 0.008162 0.008159 0.008158 0.008157 0.008157 0.008157 0.008157 0.008157 0.008157 0.008157 0.008157 0.008157 0.008157 0.008157 0.008157 0.008157 0.008157 0.008157 0.008155 0.008152 0.008142 0.008119 0.008065 0.007948 0.007715 0.007290 0.006576 0.005487 0.003979 0.002100 0.000000 
50.000000 38.092191 27.243972 18.232921 11.397299 6.651211 3.626912 1.852889 0.891873 0.409525 0.184484 0.086577 0.046736 0.031527 0.026066 0.024216 0.023624 0.023444 0.023392 0.023378 0.023374 0.023373 0.023373 0.023373 0.023373 0.023373 0.023373 0.023373 0.023373 0.023373 0.023373 0.023373 0.023373 0.023373 0.023373 0.023373 0.023371 0.023368 0.023358 0.023332 0.023267 0.023117 0.022791 0.022140 0.020941 0.018917 0.015807 0.011481 0.006067 0.000000 
50.000000 38.101727 27.262189 18.258336 11.428163 6.685847 3.663943 1.891319 0.931057 0.449085 0.224219 0.126388 0.086577 0.071380 0.065923 0.064075 0.063483 0.063303 0.063251 0.063237 0.063234 0.063233 0.063232 0.063232 0.063232 0.063232 0.063232 0.063232 0.063232 0.063232 0.063232 0.063232 0.063232 0.063232 0.063232 0.063231 0.063228 0.063219 0.063194 0.063127 0.062960 0.062568 0.061718 0.060005 0.056826 0.051422 0.043053 0.031331 0.016579 0.000000 
50.000000 38.125146 27.306928 18.320762 11.503979 6.770937 3.754925 1.985745 1.027341 0.546298 0.321863 0.224219 0.184484 0.169315 0.163868 0.162023 0.161433 0.161253 0.161202 0.161188 0.161184 0.161183 0.161183 0.161183 0.161183 0.161183 0.161183 0.161183 0.161183 0.161183 0.161183 0.161183 0.161183 0.161182 0.161182 0.161180 0.161173 0.161152 0.161092 0.160932 0.160528 0.159580 0.157502 0.153286 0.145392 0.131843 0.110662 0.080732 0.042801 0.000000 
50.000000 38.178942 27.409705 18.464182 11.678181 6.966467 3.964011 2.202761 1.248639 0.769737 0.546298 0.449085 0.409525 0.394422 0.388999 0.387162 0.386574 0.386396 0.386344 0.386330 0.386326 0.386325 0.386325 0.386325 0.386325 0.386325 0.386325 0.386325 0.386325 0.386325 0.386325 0.386325 0.386325 0.386325 0.386323 0.386318 0.386303 0.386257 0.386125 0.385770 0.384869 0.382733 0.378017 0.368349 0.350053 0.318280 0.268014 0.196172 0.104270 0.000000 
50.000000 38.294180 27.629881 18.771449 12.051431 7.385455 4.412087 2.667860 1.722936 1.248639 1.027341 0.931057 0.891873 0.876914 0.871542 0.869722 0.869140 0.868963 0.868912 0.868898 0.868894 0.868893 0.868893 0.868893 0.868893 0.868893 0.868893 0.868893 0.868893 0.868893 0.868893 0.868893 0.868893 0.868892 0.868889 0.868880 0.868849 0.868756 0.868488 0.867761 0.865905 0.861468 0.851566 0.831029 0.791648 0.722260 0.610791 0.449070 0.239548 0.000000 
50.000000 38.523653 28.068340 19.383388 12.794842 8.220037 5.304677 3.594419 2.667860 2.202761 1.985745 1.891319 1.852889 1.838218 1.832948 1.831164 1.830592 1.830419 1.830369 1.830355 1.830351 1.830351 1.830350 1.830350 1.830350 1.830350 1.830350 1.830350 1.830350 1.830350 1.830350 1.830350 1.830350 1.830348 1.830343 1.830326 1.830270 1.830098 1.829602 1.828242 1.824744 1.816294 1.797209 1.757069 1.678844 1.538481 1.308490 0.968053 0.519088 0.000000 
50.000000 38.947050 28.877368 20.512592 14.166761 9.760328 6.952144 5.304677 4.412087 3.964011 3.754925 3.663943 3.626912 3.612773 3.607695 3.605975 3.605424 3.605257 3.605209 3.605195 3.605192 3.605191 3.605191 3.605191 3.605191 3.605191 3.605191 3.605191 3.605191 3.605191 3.605191 3.605191 3.605190 3.605188 3.605179 3.605151 3.605058 3.604772 3.603938 3.601639 3.595662 3.581057 3.547608 3.476072 3.333886 3.072838 2.633901 1.966134 1.062673 0.000000 
50.000000 39.668527 30.256026 22.436975 16.504944 12.385659 9.760328 8.220037 7.385455 6.966467 6.770937 6.685847 6.651211 6.637985 6.633235 6.631625 6.631110 6.630953 6.630908 6.630896 6.630893 6.630892 6.630892 6.630892 6.630892 6.630892 6.630892 6.630892 6.630892 6.630892 6.630892 6.630891 6.630890 6.630887 6.630875 6.630833 6.630696 6.630270 6.629021 6.625546 6.616414 6.593807 6.541193 6.426442 6.192829 5.751348 4.983323 3.769536 2.063551 0.000000 
50.000000 40.800324 32.418832 25.456062 20.173451 16.504944 14.166761 12.794842 12.051431 11.678181 11.503979 11.428163 11.397299 11.385512 11.381278 11.379843 11.379384 11.379244 11.379204 11.379193 11.379190 11.379189 11.379189 11.379189 11.379189 11.379189 11.379189 11.379189 11.379189 11.379189 11.379189 11.379189 11.379187 11.379183 11.379167 11.379113 11.378936 11.378382 11.376741 11.372137 11.359901 11.329171 11.256361 11.093923 10.753596 10.086725 8.873209 6.849285 3.832315 0.000000 
50.000000 42.429896 35.532954 29.803293 25.456062 22.436975 20.512592 19.383388 18.771449 18.464182 18.320762 18.258336 18.232921 18.223213 18.219726 18.218544 18.218165 18.218050 18.218017 18.218008 18.218006 18.218005 18.218005 18.218005 18.218005 18.218005 18.218005 18.218005 18.218005 18.218005 18.218005 18.218005 18.218003 18.217999 18.217982 18.217922 18.217727 18.217113 18.215283 18.210100 18.196168 18.160659 18.074898 17.878691 17.453653 16.582853 14.901647 11.873398 6.914201 0.000000 
50.000000 44.577555 39.637237 35.532954 32.418832 30.256026 28.877368 28.068340 27.629881 27.409705 27.306928 27.262189 27.243972 27.237014 27.234514 27.233666 27.233395 27.233313 27.233289 27.233282 27.233281 27.233280 27.233280 27.233280 27.233280 27.233280 27.233280 27.233280 27.233280 27.233280 27.233280 27.233280 27.233279 27.233274 27.233259 27.233207 27.233035 27.232491 27.230858 27.226196 27.213534 27.180811 27.100287 26.911235 26.486490 25.569546 23.659557 19.818619 12.469177 0.000000 
50.000000 47.162649 44.577555 42.429896 40.800324 39.668527 38.947050 38.523653 38.294180 38.178942 38.125146 38.101727 38.092191 38.088549 38.087240 38.086796 38.086654 38.086611 38.086598 38.086595 38.086594 38.086594 38.086594 38.086594 38.086594 38.086594 38.086594 38.086594 38.086594 38.086594 38.086594 38.086593 38.086593 38.086590 38.086581 38.086551 38.086448 38.086124 38.085148 38.082345 38.074672 38.054632 38.004566 37.884377 37.604976 36.968008 35.515695 32.108378 23.581324 0.000000 
50.000000 50.000000 50.000000 50.000000 50.000000 50.000000 50.000000 50.000000 50.000000 50.000000 50.000000 50.000000 50.000000 50.000000 50.000000 50.000000 50.000000 50.000000 50.000000 50.000000 50.000000 50.000000 50.000000 50.000000 50.000000 50.000000 50.000000 50.000000 50.000000 50.000000 50.000000 50.000000 50.000000 50.000000 50.000000 50.000000 50.000000 50.000000 50.000000 50.000000 50.000000 50.000000 50.000000 50.000000 50.000000 50.000000 50.000000 50.000000 50.000000 50.000000 
