50.000000 50.000000 50.000000 50.000000 50.000000 50.000000 50.000000 50.000000 50.000000 50.000000 50.000000 50.000000 50.000000 50.000000 50.000000 50.000000 50.000000 50.000000 50.000000 50.000000 50.000000 50.000000 50.000000 50.000000 50.000000 50.000000 50.000000 50.000000 50.000000 50.000000 50.000000 50.000000 50.000000 50.000000 50.000000 50.000000 50.000000 50.000000 50.000000 50.000000 50.000000 50.000000 50.000000 50.000000 50.000000 50.000000 50.000000 50.000000 50.000000 50.000000 
50.000000 46.879160 44.063391 41.768609 40.075684 38.941808 38.249902 37.863757 37.665877 37.572394 37.531521 37.514921 37.508635 37.506409 37.505669 37.505438 37.505370 37.505351 37.505346 37.505345 37.505344 37.505344 37.505344 37.505344 37.505344 37.505344 37.505344 37.505344 37.505344 37.505344 37.505344 37.505344 37.505344 37.505343 37.505339 37.505324 37.505269 37.505084 37.504482 37.502628 37.497208 37.482143 37.442272 37.341404 37.095725 36.512785 35.139643 31.838106 23.439580 0.000000 
50.000000 44.063391 38.707159 34.342053 31.121890 28.965195 27.649212 26.914817 26.538499 26.360728 26.283009 26.251445 26.239495 26.235263 26.233857 26.233418 26.233288 26.233252 26.233242 26.233240 26.233239 26.233239 26.233239 26.233239 26.233239 26.233239 26.233239 26.233239 26.233239 26.233239 26.233239 26.233239 26.233238 26.233237 26.233230 26.233205 26.233115 26.232808 26.231819 26.228790 26.220001 26.195834 26.132846 25.977025 25.610291 24.786294 23.012516 19.353580 12.225285 0.000000 
50.000000 41.768609 34.342053 28.289902 23.825394 20.835474 19.011194 17.993220 17.471636 17.225266 17.117567 17.073832 17.057276 17.051414 17.049466 17.048857 17.048678 17.048628 17.048615 17.048611 17.048610 17.048610 17.048610 17.048610 17.048610 17.048610 17.048610 17.048610 17.048610 17.048610 17.048610 17.048610 17.048610 17.048608 17.048600 17.048572 17.048473 17.048137 17.047058 17.043782 17.034375 17.008863 16.943596 16.786232 16.429010 15.666883 14.144951 11.329537 6.628966 0.000000 
50.000000 40.075684 31.121890 23.825394 18.443241 14.839001 12.640070 11.413147 10.784564 10.487687 10.357923 10.305236 10.285293 10.278232 10.275887 10.275154 10.274938 10.274877 10.274861 10.274857 10.274857 10.274856 10.274856 10.274856 10.274856 10.274856 10.274856 10.274856 10.274856 10.274856 10.274856 10.274856 10.274856 10.274854 10.274847 10.274823 10.274736 10.274443 10.273511 10.270705 10.262737 10.241439 10.187967 10.062190 9.785884 9.221621 8.158511 6.335596 3.562899 0.000000 
50.000000 38.941808 28.965195 20.835474 14.839001 10.823628 8.374054 7.007401 6.307300 5.976679 5.832183 5.773520 5.751319 5.743460 5.740849 5.740034 5.739793 5.739726 5.739708 5.739704 5.739703 5.739703 5.739702 5.739702 5.739702 5.739702 5.739702 5.739702 5.739702 5.739702 5.739702 5.739702 5.739702 5.739701 5.739696 5.739678 5.739613 5.739399 5.738719 5.736692 5.731000 5.715994 5.678971 5.593785 5.411814 5.053117 4.406464 3.354904 1.846083 0.000000 
50.000000 38.249902 27.649212 19.011194 12.640070 8.374054 5.771746 4.319987 3.576350 3.225202 3.071749 3.009456 2.985884 2.977540 2.974769 2.973903 2.973648 2.973577 2.973558 2.973553 2.973552 2.973552 2.973552 2.973552 2.973552 2.973552 2.973552 2.973552 2.973552 2.973552 2.973552 2.973552 2.973551 2.973551 2.973548 2.973536 2.973494 2.973357 2.972926 2.971651 2.968108 2.958882 2.936471 2.885873 2.780269 2.577880 2.224962 1.672187 0.908498 0.000000 
50.000000 37.863757 26.914817 17.993220 11.413147 7.007401 4.319987 2.820835 2.052969 1.690405 1.531974 1.467666 1.443332 1.434720 1.431860 1.430967 1.430703 1.430630 1.430610 1.430605 1.430604 1.430604 1.430604 1.430604 1.430604 1.430604 1.430604 1.430604 1.430604 1.430604 1.430604 1.430604 1.430604 1.430603 1.430601 1.430595 1.430571 1.430493 1.430251 1.429538 1.427576 1.422525 1.410417 1.383516 1.328430 1.225180 1.049624 0.781971 0.421485 0.000000 
50.000000 37.665877 26.538499 17.471636 10.784564 6.307300 3.576350 2.052969 1.272727 0.904334 0.743365 0.678029 0.653308 0.644560 0.641655 0.640747 0.640479 0.640405 0.640385 0.640380 0.640379 0.640379 0.640379 0.640379 0.640379 0.640379 0.640379 0.640379 0.640379 0.640379 0.640379 0.640379 0.640378 0.640378 0.640377 0.640374 0.640362 0.640322 0.640199 0.639841 0.638861 0.636363 0.630444 0.617468 0.591305 0.543126 0.462772 0.342664 0.183735 0.000000 
50.000000 37.572394 26.360728 17.225266 10.487687 5.976679 3.225202 1.690405 0.904334 0.533200 0.371038 0.305220 0.280317 0.271504 0.268578 0.267664 0.267395 0.267319 0.267300 0.267295 0.267293 0.267293 0.267293 0.267293 0.267293 0.267293 0.267293 0.267293 0.267293 0.267293 0.267293 0.267293 0.267293 0.267293 0.267292 0.267291 0.267285 0.267267 0.267210 0.267046 0.266600 0.265473 0.262828 0.257094 0.245679 0.224950 0.190891 0.140727 0.075186 0.000000 
50.000000 37.531521 26.283009 17.117567 10.357923 5.832183 3.071749 1.531974 0.743365 0.371038 0.208357 0.142329 0.117348 0.108507 0.105572 0.104655 0.104384 0.104309 0.104289 0.104284 0.104283 0.104283 0.104283 0.104283 0.104283 0.104283 0.104283 0.104283 0.104283 0.104283 0.104283 0.104283 0.104282 0.104282 0.104282 0.104282 0.104279 0.104271 0.104247 0.104178 0.103992 0.103524 0.102436 0.100098 0.095491 0.087219 0.073784 0.054219 0.028893 0.000000 
50.000000 37.514921 26.251445 17.073832 10.305236 5.773520 3.009456 1.467666 0.678029 0.305220 0.142329 0.076217 0.051204 0.042352 0.039413 0.038495 0.038224 0.038149 0.038129 0.038124 0.038123 0.038123 0.038122 0.038122 0.038122 0.038122 0.038122 0.038122 0.038122 0.038122 0.038122 0.038122 0.038122 0.038122 0.038122 0.038122 0.038121 0.038118 0.038109 0.038082 0.038010 0.037830 0.037415 0.036530 0.034801 0.031725 0.026774 0.019626 0.010439 0.000000 
50.000000 37.508635 26.239495 17.057276 10.285293 5.751319 2.985884 1.443332 0.653308 0.280317 0.117348 0.051204 0.026179 0.017323 0.014382 0.013464 0.013193 0.013117 0.013097 0.013092 0.013091 0.013091 0.013091 0.013091 0.013091 0.013091 0.013091 0.013091 0.013091 0.013091 0.013091 0.013091 0.013091 0.013091 0.013091 0.013091 0.013090 0.013089 0.013086 0.013076 0.013050 0.012986 0.012839 0.012526 0.011920 0.010849 0.009139 0.006687 0.003552 0.000000 
50.000000 37.506409 26.235263 17.051414 10.278232 5.743460 2.977540 1.434720 0.644560 0.271504 0.108507 0.042352 0.017323 0.008465 0.005524 0.004606 0.004335 0.004259 0.004239 0.004234 0.004233 0.004233 0.004233 0.004233 0.004233 0.004233 0.004233 0.004233 0.004233 0.004233 0.004233 0.004233 0.004233 0.004233 0.004233 0.004233 0.004233 0.004232 0.004231 0.004228 0.004219 0.004198 0.004149 0.004045 0.003846 0.003496 0.002941 0.002149 0.001140 0.000000 
50.000000 37.505669 26.233857 17.049466 10.275887 5.740849 2.974769 1.431860 0.641655 0.268578 0.105572 0.039413 0.014382 0.005524 0.002583 0.001665 0.001394 0.001318 0.001298 0.001293 0.001292 0.001292 0.001292 0.001292 0.001292 0.001292 0.001292 0.001292 0.001292 0.001292 0.001292 0.001292 0.001292 0.001292 0.001292 0.001292 0.001292 0.001292 0.001291 0.001290 0.001287 0.001281 0.001265 0.001233 0.001172 0.001064 0.000894 0.000652 0.000346 0.000000 
50.000000 37.505438 26.233418 17.048857 10.275154 5.740034 2.973903 1.430967 0.640747 0.267664 0.104655 0.038495 0.013464 0.004606 0.001665 0.000746 0.000475 0.000399 0.000379 0.000374 0.000373 0.000373 0.000373 0.000373 0.000373 0.000373 0.000373 0.000373 0.000373 0.000373 0.000373 0.000373 0.000373 0.000373 0.000373 0.000373 0.000373 0.000373 0.000373 0.000372 0.000372 0.000370 0.000365 0.000356 0.000338 0.000306 0.000257 0.000188 0.000099 0.000000 
50.000000 37.505370 26.233288 17.048678 10.274938 5.739793 2.973648 1.430703 0.640479 0.267395 0.104384 0.038224 0.013193 0.004335 0.001394 0.000475 0.000204 0.000129 0.000109 0.000104 0.000102 0.000102 0.000102 0.000102 0.000102 0.000102 0.000102 0.000102 0.000102 0.000102 0.000102 0.000102 0.000102 0.000102 0.000102 0.000102 0.000102 0.000102 0.000102 0.000102 0.000102 0.000101 0.000100 0.000097 0.000092 0.000084 0.000070 0.000051 0.000027 0.000000 
50.000000 37.505351 26.233252 17.048628 10.274877 5.739726 2.973577 1.430630 0.640405 0.267319 0.104309 0.038149 0.013117 0.004259 0.001318 0.000399 0.000129 0.000053 0.000033 0.000028 0.000027 0.000027 0.000027 0.000027 0.000027 0.000027 0.000027 0.000027 0.000027 0.000027 0.000027 0.000027 0.000027 0.000027 0.000027 0.000027 0.000027 0.000027 0.000027 0.000026 0.000026 0.000026 0.000026 0.000025 0.000024 0.000022 0.000018 0.000013 0.000007 0.000000 
50.000000 37.505346 26.233242 17.048615 10.274861 5.739708 2.973558 1.430610 0.640385 0.267300 0.104289 0.038129 0.013097 0.004239 0.001298 0.000379 0.000109 0.000033 0.000013 0.000008 0.000007 0.000007 0.000007 0.000007 0.000007 0.000007 0.000007 0.000007 0.000007 0.000007 0.000007 0.000007 0.000007 0.000007 0.000007 0.000007 0.000007 0.000007 0.000007 0.000007 0.000007 0.000007 0.000006 0.000006 0.000006 0.000005 0.000004 0.000003 0.000002 0.000000 
50.000000 37.505345 26.233240 17.048611 10.274857 5.739704 2.973553 1.430605 0.640380 0.267295 0.104284 0.038124 0.013092 0.004234 0.001293 0.000374 0.000104 0.000028 0.000008 0.000003 0.000002 0.000002 0.000002 0.000002 0.000002 0.000002 0.000002 0.000002 0.000002 0.000002 0.000002 0.000002 0.000002 0.000002 0.000002 0.000002 0.000002 0.000002 0.000002 0.000002 0.000002 0.000002 0.000002 0.000001 0.000001 0.000001 0.000001 0.000001 0.000000 0.000000 
50.000000 37.505344 26.233239 17.048610 10.274857 5.739703 2.973552 1.430604 0.640379 0.267293 0.104283 0.038123 0.013091 0.004233 0.001292 0.000373 0.000102 0.000027 0.000007 0.000002 0.000001 0.000000 0.000000 0.000000 0.000000 0.000000 0.000000 0.000000 0.000000 0.000000 0.000000 0.000000 0.000000 0.000000 0.000000 0.000000 0.000000 0.000000 0.000000 0.000000 0.000000 0.000000 0.000000 0.000000 0.000000 0.000000 0.000000 0.000000 0.000000 0.000000 
50.000000 37.505344 26.233239 17.048610 10.274856 5.739703 2.973552 1.430604 0.640379 0.267293 0.104283 0.038123 0.013091 0.004233 0.001292 0.000373 0.000102 0.000027 0.000007 0.000002 0.000000 0.000000 0.000000 0.000000 0.000000 0.000000 0.000000 0.000000 0.000000 0.000000 0.000000 0.000000 0.000000 0.000000 0.000000 0.000000 0.000000 0.000000 0.000000 0.000000 0.000000 0.000000 0.000000 0.000000 0.000000 0.000000 0.000000 0.000000 0.000000 0.000000 
50.000000 37.505344 26.233239 17.048610 10.274856 5.739702 2.973552 1.430604 0.640379 0.267293 0.104283 0.038122 0.013091 0.004233 0.001292 0.000373 0.000102 0.000027 0.000007 0.000002 0.000000 0.000000 0.000000 0.000000 0.000000 0.000000 0.000000 0.000000 0.000000 0.000000 0.000000 0.000000 0.000000 0.000000 0.000000 0.000000 0.000000 0.000000 0.000000 0.000000 0.000000 0.000000 0.000000 0.000000 0.000000 0.000000 0.000000 0.000000 0.000000 0.000000 
50.000000 37.505344 26.233239 17.048610 10.274856 5.739702 2.973552 1.430604 0.640379 0.267293 0.104283 0.038122 0.013091 0.004233 0.001292 0.000373 0.000102 0.000027 0.000007 0.000002 0.000000 0.000000 0.000000 0.000000 0.000000 0.000000 0.000000 0.000000 0.000000 0.000000 0.000000 0.000000 0.000000 0.000000 0.000000 0.000000 0.000000 0.000000 0.000000 0.000000 0.000000 0.000000 0.000000 0.000000 0.000000 0.000000 0.000000 0.000000 0.000000 0.000000 
50.000000 37.505344 26.233239 17.048610 10.274856 5.739702 2.973552 1.430604 0.640379 0.267293 0.104283 0.038122 0.013091 0.004233 0.001292 0.000373 0.000102 0.000027 0.000007 0.000002 0.000000 0.000000 0.000000 0.000000 0.000000 0.000000 0.000000 0.000000 0.000000 0.000000 0.000000 0.000000 0.000000 0.000000 0.000000 0.000000 0.000000 0.000000 0.000000 0.000000 0.000000 0.000000 0.000000 0.000000 0.000000 0.000000 0.000000 0.000000 0.000000 0.000000 
50.000000 37.505344 26.233239 17.048610 10.274856 5.739702 2.973552 1.430604 0.640379 0.267293 0.104283 0.038122 0.013091 0.004233 0.001292 0.000373 0.000102 0.000027 0.000007 0.000002 0.000000 0.000000 0.000000 0.000000 0.000000 0.000000 0.000000 0.000000 0.000000 0.000000 0.000000 0.000000 0.000000 0.000000 0.000000 0.000000 0.000000 0.000000 0.000000 0.000000 0.000000 0.000000 0.000000 0.000000 0.000000 0.000000 0.000000 0.000000 0.000000 0.000000 
50.000000 37.505344 26.233239 17.048610 10.274856 5.739702 2.973552 1.430604 0.640379 0.267293 0.104283 0.038122 0.013091 0.004233 0.001292 0.000373 0.000102 0.000027 0.000007 0.000002 0.000000 0.000000 0.000000 0.000000 0.000000 0.000000 0.000000 0.000000 0.000000 0.000000 0.000000 0.000000 0.000000 0.000000 0.000000 0.000000 0.000000 0.000000 0.000000 0.000000 0.000000 0.000000 0.000000 0.000000 0.000000 0.000000 0.000000 0.000000 0.000000 0.000000 
50.000000 37.505344 26.233239 17.048610 10.274856 5.739702 2.973552 1.430604 0.640379 0.267293 0.104283 0.038122 0.013091 0.004233 0.001292 0.000373 0.000102 0.000027 0.000007 0.000002 0.000000 0.000000 0.000000 0.000000 0.000000 0.000000 0.000000 0.000000 0.000000 0.000000 0.000000 0.000000 0.000000 0.000000 0.000000 0.000000 0.000000 0.000000 0.000000 0.000000 0.000000 0.000000 0.000000 0.000000 0.000000 0.000000 0.000000 0.000000 0.000000 0.000000 
50.000000 37.505344 26.233239 17.048610 10.274856 5.739703 2.973552 1.430604 0.640379 0.267293 0.104283 0.038123 0.013091 0.004233 0.001292 0.000373 0.000102 0.000027 0.000007 0.000002 0.000000 0.000000 0.000000 0.000000 0.000000 0.000000 0.000000 0.000000 0.000000 0.000000 0.000000 0.000000 0.000000 0.000000 0.000000 0.000000 0.000000 0.000000 0.000000 0.000000 0.000000 0.000000 0.000000 0.000000 0.000000 0.000000 0.000000 0.000000 0.000000 0.000000 
50.000000 37.505344 26.233239 17.048610 10.274857 5.739703 2.973552 1.430604 0.640379 0.267293 0.104283 0.038123 0.013091 0.004233 0.001292 0.000373 0.000102 0.000027 0.000007 0.000002 0.000001 0.000000 0.000000 0.000000 0.000000 0.000000 0.000000 0.000000 0.000000 0.000000 0.000000 0.000000 0.000000 0.000000 0.000000 0.000000 0.000000 0.000000 0.000000 0.000000 0.000000 0.000000 0.000000 0.000000 0.000000 0.000000 0.000000 0.000000 0.000000 0.000000 
50.000000 37.505345 26.233240 17.048611 10.274857 5.739704 2.973553 1.430605 0.640380 0.267295 0.104284 0.038124 0.013092 0.004234 0.001293 0.000374 0.000104 0.000028 0.000008 0.000003 0.000002 0.000002 0.000002 0.000002 0.000002 0.000002 0.000002 0.000002 0.000002 0.000002 0.000002 0.000002 0.000002 0.000002 0.000002 0.000002 0.000002 0.000002 0.000002 0.000002 0.000002 0.000002 0.000002 0.000001 0.000001 0.000001 0.000001 0.000001 0.000000 0.000000 
50.000000 37.505346 26.233242 17.048615 10.274861 5.739708 2.973558 1.430610 0.640385 0.267300 0.104289 0.038129 0.013097 0.004239 0.001298 0.000379 0.000109 0.000033 0.000013 0.000008 0.000007 0.000007 0.000007 0.000007 0.000007 0.000007 0.000007 0.000007 0.000007 0.000007 0.000007 0.000007 0.000007 0.000007 0.000007 0.000007 0.000007 0.000007 0.000007 0.000007 0.000007 0.000007 0.000006 0.000006 0.000006 0.000005 0.000004 0.000003 0.000002 0.000000 
50.000000 37.505351 26.233252 17.048628 10.274877 5.739726 2.973577 1.430630 0.640405 0.267319 0.104309 0.038149 0.013117 0.004259 0.001318 0.000399 0.000129 0.000053 0.000033 0.000028 0.000027 0.000027 0.000027 0.000027 0.000027 0.000027 0.000027 0.000027 0.000027 0.000027 0.000027 0.000027 0.000027 0.000027 0.000027 0.000027 0.000027 0.000027 0.000027 0.000026 0.000026 0.000026 0.000026 0.000025 0.000024 0.000022 0.000018 0.000013 0.000007 0.000000 
50.000000 37.505370 26.233288 17.048678 10.274938 5.739793 2.973648 1.430703 0.640479 0.267395 0.104384 0.038224 0.013193 0.004335 0.001394 0.000475 0.000204 0.000129 0.000109 0.000104 0.000102 0.000102 0.000102 0.000102 0.000102 0.000102 0.000102 0.000102 0.000102 0.000102 0.000102 0.000102 0.000102 0.000102 0.000102 0.000102 0.000102 0.000102 0.000102 0.000102 0.000102 0.000101 0.000100 0.000097 0.000092 0.000084 0.000070 0.000051 0.000027 0.000000 
50.000000 37.505438 26.233418 17.048857 10.275154 5.740034 2.973903 1.430967 0.640747 0.267664 0.104655 0.038495 0.013464 0.004606 0.001665 0.000746 0.000475 0.000399 0.000379 0.000374 0.000373 0.000373 0.000373 0.000373 0.000373 0.000373 0.000373 0.000373 0.000373 0.000373 0.000373 0.000373 0.000373 0.000373 0.000373 0.000373 0.000373 0.000373 0.000373 0.000372 0.000372 0.000370 0.000365 0.000356 0.000338 0.000306 0.000257 0.000188 0.000099 0.000000 
50.000000 37.505669 26.233857 17.049466 10.275887 5.740849 2.974769 1.431860 0.641655 0.268578 0.105572 0.039413 0.014382 0.005524 0.002583 0.001665 0.001394 0.001318 0.001298 0.001293 0.001292 0.001292 0.001292 0.001292 0.001292 0.001292 0.001292 0.001292 0.001292 0.001292 0.001292 0.001292 0.001292 0.001292 0.001292 0.001292 0.001292 0.001292 0.001291 0.001290 0.001287 0.001281 0.001265 0.001233 0.001172 0.001064 0.000894 0.000652 0.000346 0.000000 
50.000000 37.506409 26.235263 17.051414 10.278232 5.743460 2.977540 1.434720 0.644560 0.271504 0.108507 0.042352 0.017323 0.008465 0.005524 0.004606 0.004335 0.004259 0.004239 0.004234 0.004233 0.004233 0.004233 0.004233 0.004233 0.004233 0.004233 0.004233 0.004233 0.004233 0.004233 0.004233 0.004233 0.004233 0.004233 0.004233 0.004233 0.004232 0.004231 0.004228 0.004219 0.004198 0.004149 0.004045 0.003846 0.003496 0.002941 0.002149 0.001140 0.000000 
50.000000 37.508635 26.239495 17.057276 10.285293 5.751319 2.985884 1.443332 0.653308 0.280317 0.117348 0.051204 0.026179 0.017323 0.014382 0.013464 0.013193 0.013117 0.013097 0.013092 0.013091 0.013091 0.013091 0.013091 0.013091 0.013091 0.013091 0.013091 0.013091 0.013091 0.013091 0.013091 0.013091 0.013091 0.013091 0.013091 0.013090 0.013089 0.013086 0.013076 0.013050 0.012986 0.012839 0.012526 0.011920 0.010849 0.009139 0.006687 0.003552 0.000000 
50.000000 37.514921 26.251445 17.073832 10.305236 5.773520 3.009456 1.467666 0.678029 0.305220 0.142329 0.076217 0.051204 0.042352 0.039413 0.038495 0.038224 0.038149 0.038129 0.038124 0.038123 0.038123 0.038122 0.038122 0.038122 0.038122 0.038122 0.038122 0.038122 0.038122 0.038122 0.038122 0.038122 0.038122 0.038122 0.038122 0.038121 0.038118 0.038109 0.038082 0.038010 0.037830 0.037415 0.036530 0.034801 0.031725 0.026774 0.019626 0.010439 0.000000 
50.000000 37.531521 26.283009 17.117567 10.357923 5.832183 3.071749 1.531974 0.743365 0.371038 0.208357 0.142329 0.117348 0.108507 0.105572 0.104655 0.104384 0.104309 0.104289 0.104284 0.104283 0.104283 0.104283 0.104283 0.104283 0.104283 0.104283 0.104283 0.104283 0.104283 0.104283 0.104283 0.104282 0.104282 0.104282 0.104282 0.104279 0.104271 0.104247 0.104178 0.103992 0.103524 0.102436 0.100098 0.095491 0.087219 0.073784 0.054219 0.028893 0.000000 
50.000000 37.572394 26.360728 17.225266 10.487687 5.976679 3.225202 1.690405 0.904334 0.533200 0.371038 0.305220 0.280317 0.271504 0.268578 0.267664 0.267395 0.267319 0.267300 0.267295 0.267293 0.267293 0.267293 0.267293 0.267293 0.267293 0.267293 0.267293 0.267293 0.267293 0.267293 0.267293 0.267293 0.267293 0.267292 0.267291 0.267285 0.267267 0.267210 0.267046 0.266600 0.265473 0.262828 0.257094 0.245679 0.224950 0.190891 0.140727 0.075186 0.000000 
50.000000 37.665877 26.538499 17.471636 10.784564 6.307300 3.576350 2.052969 1.272727 0.904334 0.743365 0.678029 0.653308 0.644560 0.641655 0.640747 0.640479 0.640405 0.640385 0.640380 0.640379 0.640379 0.640379 0.640379 0.640379 0.640379 0.640379 0.640379 0.640379 0.640379 0.640379 0.640379 0.640378 0.640378 0.640377 0.640374 0.640362 0.640322 0.640199 0.639841 0.638861 0.636363 0.630444 0.617468 0.591305 0.543126 0.462772 0.342664 0.183735 0.000000 
50.000000 37.863757 26.914817 17.993220 11.413147 7.007401 4.319987 2.820835 2.052969 1.690405 1.531974 1.467666 1.443332 1.434720 1.431860 1.430967 1.430703 1.430630 1.430610 1.430605 1.430604 1.430604 1.430604 1.430604 1.430604 1.430604 1.430604 1.430604 1.430604 1.430604 1.430604 1.430604 1.430604 1.430603 1.430601 1.430595 1.430571 1.430493 1.430251 1.429538 1.427576 1.422525 1.410417 1.383516 1.328430 1.225180 1.049624 0.781971 0.421485 0.000000 
50.000000 38.249902 27.649212 19.011194 12.640070 8.374054 5.771746 4.319987 3.576350 3.225202 3.071749 3.009456 2.985884 2.977540 2.974769 2.973903 2.973648 2.973577 2.973558 2.973553 2.973552 2.973552 2.973552 2.973552 2.973552 2.973552 2.973552 2.973552 2.973552 2.973552 2.973552 2.973552 2.973551 2.973551 2.973548 2.973536 2.973494 2.973357 2.972926 2.971651 2.968108 2.958882 2.936471 2.885873 2.780269 2.577880 2.224962 1.672187 0.908498 0.000000 
50.000000 38.941808 28.965195 20.835474 14.839001 10.823628 8.374054 7.007401 6.307300 5.976679 5.832183 5.773520 5.751319 5.743460 5.740849 5.740034 5.739793 5.739726 5.739708 5.739704 5.739703 5.739703 5.739702 5.739702 5.739702 5.739702 5.739702 5.739702 5.739702 5.739702 5.739702 5.739702 5.739702 5.739701 5.739696 5.739678 5.739613 5.739399 5.738719 5.736692 5.731000 5.715994 5.678971 5.593785 5.411814 5.053117 4.406464 3.354904 1.846083 0.000000 
50.000000 40.075684 31.121890 23.825394 18.443241 14.839001 12.640070 11.413147 10.784564 10.487687 10.357923 10.305236 10.285293 10.278232 10.275887 10.275154 10.274938 10.274877 10.274861 10.274857 10.274857 10.274856 10.274856 10.274856 10.274856 10.274856 10.274856 10.274856 10.274856 10.274856 10.274856 10.274856 10.274856 10.274854 10.274847 10.274823 10.274736 10.274443 10.273511 10.270705 10.262737 10.241439 10.187967 10.062190 9.785884 9.221621 8.158511 6.335596 3.562899 0.000000 
50.000000 41.768609 34.342053 28.289902 23.825394 20.835474 19.011194 17.993220 17.471636 17.225266 17.117567 17.073832 17.057276 17.051414 17.049466 17.048857 17.048678 17.048628 17.048615 17.048611 17.048610 17.048610 17.048610 17.048610 17.048610 17.048610 17.048610 17.048610 17.048610 17.048610 17.048610 17.048610 17.048610 17.048608 17.048600 17.048572 17.048473 17.048137 17.047058 17.043782 17.034375 17.008863 16.943596 16.786232 16.429010 15.666883 14.144951 11.329537 6.628966 0.000000 
50.000000 44.063391 38.707159 34.342053 31.121890 28.965195 27.649212 26.914817 26.538499 26.360728 26.283009 26.251445 26.239495 26.235263 26.233857 26.233418 26.233288 26.233252 26.233242 26.233240 26.233239 26.233239 26.233239 26.233239 26.233239 26.233239 26.233239 26.233239 26.233239 26.233239 26.233239 26.233239 26.233238 26.233237 26.233230 26.233205 26.233115 26.232808 26.231819 26.228790 26.220001 26.195834 26.132846 25.977025 25.610291 24.786294 23.012516 19.353580 12.225285 0.000000 
50.000000 46.879160 44.063391 41.768609 40.075684 38.941808 38.249902 37.863757 37.665877 37.572394 37.531521 37.514921 37.508635 37.506409 37.505669 37.505438 37.505370 37.505351 37.505346 37.505345 37.505344 37.505344 37.505344 37.505344 37.505344 37.505344 37.505344 37.505344 37.505344 37.505344 37.505344 37.505344 37.505344 37.505343 37.505339 37.505324 37.505269 37.505084 37.504482 37.502628 37.497208 37.482143 37.442272 37.341404 37.095725 36.512785 35.139643 31.838106 23.439580 0.000000 
50.000000 50.000000 50.000000 50.000000 50.000000 50.000000 50.000000 50.000000 50.000000 50.000000 50.000000 50.000000 50.000000 50.000000 50.000000 50.000000 50.000000 50.000000 50.000000 50.000000 50.000000 50.000000 50.000000 50.000000 50.000000 50.000000 50.000000 50.000000 50.000000 50.000000 50.000000 50.000000 50.000000 50.000000 50.000000 50.000000 50.000000 50.000000 50.000000 50.000000 50.000000 50.000000 50.000000 50.000000 50.000000 50.000000 50.000000 50.000000 50.000000 50.000000 
