50.000000 50.000000 50.000000 50.000000 50.000000 50.000000 50.000000 50.000000 50.000000 50.000000 50.000000 50.000000 50.000000 50.000000 50.000000 50.000000 50.000000 50.000000 50.000000 50.000000 50.000000 50.000000 50.000000 50.000000 50.000000 50.000000 50.000000 50.000000 50.000000 50.000000 50.000000 50.000000 50.000000 50.000000 50.000000 50.000000 50.000000 50.000000 50.000000 50.000000 50.000000 50.000000 50.000000 50.000000 50.000000 50.000000 50.000000 50.000000 50.000000 50.000000 
50.000000 45.972090 42.451677 39.755438 37.937308 36.851292 36.272764 35.996014 35.876331 35.829241 35.812286 35.806669 35.804948 35.804459 35.804329 35.804297 35.804289 35.804287 35.804287 35.804287 35.804287 35.804287 35.804287 35.804287 35.804287 35.804287 35.804287 35.804287 35.804287 35.804287 35.804287 35.804287 35.804287 35.804287 35.804287 35.804285 35.804276 35.804242 35.804102 35.803574 35.801699 35.795433 35.775730 35.717320 35.553301 35.112993 33.964786 30.981726 22.986045 0.000000 
50.000000 42.451677 35.854558 30.802139 27.395409 25.360648 24.276821 23.758409 23.534242 23.446054 23.414306 23.403789 23.400568 23.399652 23.399409 23.399349 23.399335 23.399332 23.399331 23.399331 23.399331 23.399331 23.399331 23.399331 23.399331 23.399331 23.399331 23.399331 23.399331 23.399331 23.399331 23.399331 23.399331 23.399331 23.399330 23.399327 23.399314 23.399260 23.399043 23.398229 23.395362 23.385884 23.356546 23.271542 23.040954 22.454680 21.055688 17.927279 11.469950 0.000000 
50.000000 39.755438 30.802139 23.945667 19.322925 16.562184 15.091856 14.388681 14.084670 13.965093 13.922052 13.907798 13.903433 13.902192 13.901862 13.901781 13.901762 13.901757 13.901757 13.901756 13.901756 13.901756 13.901756 13.901756 13.901756 13.901756 13.901756 13.901756 13.901756 13.901756 13.901756 13.901756 13.901756 13.901756 13.901756 13.901753 13.901740 13.901685 13.901469 13.900665 13.897860 13.888712 13.860907 13.782326 13.576472 13.078500 11.972834 9.746451 5.790652 0.000000 
50.000000 37.937308 27.395409 19.322925 13.880853 10.631197 8.900727 8.073275 7.715595 7.574936 7.524316 7.507555 7.502424 7.500965 7.500578 7.500482 7.500460 7.500455 7.500454 7.500454 7.500454 7.500454 7.500454 7.500454 7.500454 7.500454 7.500454 7.500454 7.500454 7.500454 7.500454 7.500454 7.500454 7.500454 7.500453 7.500451 7.500441 7.500399 7.500233 7.499620 7.497503 7.490696 7.470364 7.414219 7.271585 6.940427 6.244425 4.940729 2.824315 0.000000 
50.000000 36.851292 25.360648 16.562184 10.631197 7.089971 5.204476 4.303023 3.913416 3.760226 3.705106 3.686859 3.681274 3.679686 3.679265 3.679160 3.679136 3.679131 3.679130 3.679129 3.679129 3.679129 3.679129 3.679129 3.679129 3.679129 3.679129 3.679129 3.679129 3.679129 3.679129 3.679129 3.679129 3.679129 3.679129 3.679128 3.679121 3.679094 3.678989 3.678603 3.677286 3.673099 3.660791 3.627477 3.544985 3.359611 2.985712 2.319694 1.297991 0.000000 
50.000000 36.272764 24.276821 15.091856 8.900727 5.204476 3.236625 2.295897 1.889363 1.729537 1.672037 1.653004 1.647179 1.645524 1.645085 1.644976 1.644951 1.644945 1.644944 1.644944 1.644944 1.644944 1.644944 1.644944 1.644944 1.644944 1.644944 1.644944 1.644944 1.644944 1.644944 1.644944 1.644944 1.644944 1.644943 1.644943 1.644939 1.644924 1.644867 1.644660 1.643958 1.641750 1.635349 1.618313 1.576999 1.486509 1.309530 1.005279 0.555444 0.000000 
50.000000 35.996014 23.758409 14.388681 8.073275 4.303023 2.295897 1.336459 0.921871 0.758891 0.700261 0.680856 0.674918 0.673230 0.672783 0.672672 0.672646 0.672641 0.672639 0.672639 0.672639 0.672639 0.672639 0.672639 0.672639 0.672639 0.672639 0.672639 0.672639 0.672639 0.672639 0.672639 0.672639 0.672639 0.672639 0.672639 0.672637 0.672630 0.672603 0.672505 0.672178 0.671157 0.668230 0.660548 0.642232 0.602910 0.527774 0.401863 0.220285 0.000000 
50.000000 35.876331 23.534242 14.084670 7.715595 3.913416 1.889363 0.921871 0.503819 0.339485 0.280371 0.260807 0.254820 0.253119 0.252668 0.252556 0.252530 0.252524 0.252523 0.252523 0.252523 0.252523 0.252523 0.252523 0.252523 0.252523 0.252523 0.252523 0.252523 0.252523 0.252523 0.252523 0.252523 0.252523 0.252523 0.252523 0.252522 0.252519 0.252507 0.252467 0.252330 0.251909 0.250714 0.247612 0.240317 0.224899 0.195958 0.148358 0.080897 0.000000 
50.000000 35.829241 23.446054 13.965093 7.574936 3.760226 1.729537 0.758891 0.339485 0.174623 0.115320 0.095694 0.089688 0.087981 0.087529 0.087417 0.087391 0.087385 0.087384 0.087384 0.087384 0.087384 0.087384 0.087384 0.087384 0.087384 0.087384 0.087384 0.087384 0.087384 0.087384 0.087384 0.087384 0.087384 0.087384 0.087384 0.087383 0.087382 0.087378 0.087363 0.087311 0.087155 0.086714 0.085579 0.082940 0.077433 0.067234 0.050693 0.027542 0.000000 
50.000000 35.812286 23.414306 13.922052 7.524316 3.705106 1.672037 0.700261 0.280371 0.115320 0.055950 0.036301 0.030289 0.028581 0.028128 0.028016 0.027989 0.027984 0.027982 0.027982 0.027982 0.027982 0.027982 0.027982 0.027982 0.027982 0.027982 0.027982 0.027982 0.027982 0.027982 0.027982 0.027982 0.027982 0.027982 0.027982 0.027982 0.027982 0.027980 0.027975 0.027958 0.027904 0.027756 0.027377 0.026503 0.024696 0.021387 0.016076 0.008712 0.000000 
50.000000 35.806669 23.403789 13.907798 7.507555 3.686859 1.653004 0.680856 0.260807 0.095694 0.036301 0.016646 0.010631 0.008922 0.008469 0.008357 0.008331 0.008325 0.008324 0.008324 0.008323 0.008323 0.008323 0.008323 0.008323 0.008323 0.008323 0.008323 0.008323 0.008323 0.008323 0.008323 0.008323 0.008323 0.008323 0.008323 0.008323 0.008323 0.008323 0.008321 0.008316 0.008299 0.008253 0.008137 0.007870 0.007323 0.006328 0.004746 0.002567 0.000000 
50.000000 35.804948 23.400568 13.903433 7.502424 3.681274 1.647179 0.674918 0.254820 0.089688 0.030289 0.010631 0.004616 0.002907 0.002454 0.002342 0.002315 0.002310 0.002308 0.002308 0.002308 0.002308 0.002308 0.002308 0.002308 0.002308 0.002308 0.002308 0.002308 0.002308 0.002308 0.002308 0.002308 0.002308 0.002308 0.002308 0.002308 0.002308 0.002308 0.002307 0.002306 0.002301 0.002288 0.002255 0.002179 0.002025 0.001748 0.001308 0.000707 0.000000 
50.000000 35.804459 23.399652 13.902192 7.500965 3.679686 1.645524 0.673230 0.253119 0.087981 0.028581 0.008922 0.002907 0.001197 0.000744 0.000632 0.000606 0.000600 0.000599 0.000599 0.000599 0.000599 0.000599 0.000599 0.000599 0.000599 0.000599 0.000599 0.000599 0.000599 0.000599 0.000599 0.000599 0.000599 0.000599 0.000599 0.000599 0.000599 0.000599 0.000599 0.000598 0.000597 0.000593 0.000585 0.000565 0.000524 0.000452 0.000338 0.000182 0.000000 
50.000000 35.804329 23.399409 13.901862 7.500578 3.679265 1.645085 0.672783 0.252668 0.087529 0.028128 0.008469 0.002454 0.000744 0.000291 0.000179 0.000153 0.000147 0.000146 0.000146 0.000146 0.000146 0.000146 0.000146 0.000146 0.000146 0.000146 0.000146 0.000146 0.000146 0.000146 0.000146 0.000146 0.000146 0.000146 0.000146 0.000146 0.000146 0.000146 0.000146 0.000146 0.000145 0.000144 0.000142 0.000137 0.000127 0.000110 0.000082 0.000044 0.000000 
50.000000 35.804297 23.399349 13.901781 7.500482 3.679160 1.644976 0.672672 0.252556 0.087417 0.028016 0.008357 0.002342 0.000632 0.000179 0.000067 0.000041 0.000035 0.000034 0.000033 0.000033 0.000033 0.000033 0.000033 0.000033 0.000033 0.000033 0.000033 0.000033 0.000033 0.000033 0.000033 0.000033 0.000033 0.000033 0.000033 0.000033 0.000033 0.000033 0.000033 0.000033 0.000033 0.000033 0.000033 0.000031 0.000029 0.000025 0.000019 0.000010 0.000000 
50.000000 35.804289 23.399335 13.901762 7.500460 3.679136 1.644951 0.672646 0.252530 0.087391 0.027989 0.008331 0.002315 0.000606 0.000153 0.000041 0.000014 0.000009 0.000008 0.000007 0.000007 0.000007 0.000007 0.000007 0.000007 0.000007 0.000007 0.000007 0.000007 0.000007 0.000007 0.000007 0.000007 0.000007 0.000007 0.000007 0.000007 0.000007 0.000007 0.000007 0.000007 0.000007 0.000007 0.000007 0.000007 0.000006 0.000005 0.000004 0.000002 0.000000 
50.000000 35.804287 23.399332 13.901757 7.500455 3.679131 1.644945 0.672641 0.252524 0.087385 0.027984 0.008325 0.002310 0.000600 0.000147 0.000035 0.000009 0.000003 0.000002 0.000002 0.000001 0.000001 0.000001 0.000001 0.000001 0.000001 0.000001 0.000001 0.000001 0.000001 0.000001 0.000001 0.000001 0.000001 0.000001 0.000001 0.000001 0.000001 0.000001 0.000001 0.000001 0.000001 0.000001 0.000001 0.000001 0.000001 0.000001 0.000001 0.000000 0.000000 
50.000000 35.804287 23.399331 13.901757 7.500454 3.679130 1.644944 0.672639 0.252523 0.087384 0.027982 0.008324 0.002308 0.000599 0.000146 0.000034 0.000008 0.000002 0.000001 0.000000 0.000000 0.000000 0.000000 0.000000 0.000000 0.000000 0.000000 0.000000 0.000000 0.000000 0.000000 0.000000 0.000000 0.000000 0.000000 0.000000 0.000000 0.000000 0.000000 0.000000 0.000000 0.000000 0.000000 0.000000 0.000000 0.000000 0.000000 0.000000 0.000000 0.000000 
50.000000 35.804287 23.399331 13.901756 7.500454 3.679129 1.644944 0.672639 0.252523 0.087384 0.027982 0.008324 0.002308 0.000599 0.000146 0.000033 0.000007 0.000002 0.000000 0.000000 0.000000 0.000000 0.000000 0.000000 0.000000 0.000000 0.000000 0.000000 0.000000 0.000000 0.000000 0.000000 0.000000 0.000000 0.000000 0.000000 0.000000 0.000000 0.000000 0.000000 0.000000 0.000000 0.000000 0.000000 0.000000 0.000000 0.000000 0.000000 0.000000 0.000000 
50.000000 35.804287 23.399331 13.901756 7.500454 3.679129 1.644944 0.672639 0.252523 0.087384 0.027982 0.008323 0.002308 0.000599 0.000146 0.000033 0.000007 0.000001 0.000000 0.000000 0.000000 0.000000 0.000000 0.000000 0.000000 0.000000 0.000000 0.000000 0.000000 0.000000 0.000000 0.000000 0.000000 0.000000 0.000000 0.000000 0.000000 0.000000 0.000000 0.000000 0.000000 0.000000 0.000000 0.000000 0.000000 0.000000 0.000000 0.000000 0.000000 0.000000 
50.000000 35.804287 23.399331 13.901756 7.500454 3.679129 1.644944 0.672639 0.252523 0.087384 0.027982 0.008323 0.002308 0.000599 0.000146 0.000033 0.000007 0.000001 0.000000 0.000000 0.000000 0.000000 0.000000 0.000000 0.000000 0.000000 0.000000 0.000000 0.000000 0.000000 0.000000 0.000000 0.000000 0.000000 0.000000 0.000000 0.000000 0.000000 0.000000 0.000000 0.000000 0.000000 0.000000 0.000000 0.000000 0.000000 0.000000 0.000000 0.000000 0.000000 
50.000000 35.804287 23.399331 13.901756 7.500454 3.679129 1.644944 0.672639 0.252523 0.087384 0.027982 0.008323 0.002308 0.000599 0.000146 0.000033 0.000007 0.000001 0.000000 0.000000 0.000000 0.000000 0.000000 0.000000 0.000000 0.000000 0.000000 0.000000 0.000000 0.000000 0.000000 0.000000 0.000000 0.000000 0.000000 0.000000 0.000000 0.000000 0.000000 0.000000 0.000000 0.000000 0.000000 0.000000 0.000000 0.000000 0.000000 0.000000 0.000000 0.000000 
50.000000 35.804287 23.399331 13.901756 7.500454 3.679129 1.644944 0.672639 0.252523 0.087384 0.027982 0.008323 0.002308 0.000599 0.000146 0.000033 0.000007 0.000001 0.000000 0.000000 0.000000 0.000000 0.000000 0.000000 0.000000 0.000000 0.000000 0.000000 0.000000 0.000000 0.000000 0.000000 0.000000 0.000000 0.000000 0.000000 0.000000 0.000000 0.000000 0.000000 0.000000 0.000000 0.000000 0.000000 0.000000 0.000000 0.000000 0.000000 0.000000 0.000000 
50.000000 35.804287 23.399331 13.901756 7.500454 3.679129 1.644944 0.672639 0.252523 0.087384 0.027982 0.008323 0.002308 0.000599 0.000146 0.000033 0.000007 0.000001 0.000000 0.000000 0.000000 0.000000 0.000000 0.000000 0.000000 0.000000 0.000000 0.000000 0.000000 0.000000 0.000000 0.000000 0.000000 0.000000 0.000000 0.000000 0.000000 0.000000 0.000000 0.000000 0.000000 0.000000 0.000000 0.000000 0.000000 0.000000 0.000000 0.000000 0.000000 0.000000 
50.000000 35.804287 23.399331 13.901756 7.500454 3.679129 1.644944 0.672639 0.252523 0.087384 0.027982 0.008323 0.002308 0.000599 0.000146 0.000033 0.000007 0.000001 0.000000 0.000000 0.000000 0.000000 0.000000 0.000000 0.000000 0.000000 0.000000 0.000000 0.000000 0.000000 0.000000 0.000000 0.000000 0.000000 0.000000 0.000000 0.000000 0.000000 0.000000 0.000000 0.000000 0.000000 0.000000 0.000000 0.000000 0.000000 0.000000 0.000000 0.000000 0.000000 
50.000000 35.804287 23.399331 13.901756 7.500454 3.679129 1.644944 0.672639 0.252523 0.087384 0.027982 0.008323 0.002308 0.000599 0.000146 0.000033 0.000007 0.000001 0.000000 0.000000 0.000000 0.000000 0.000000 0.000000 0.000000 0.000000 0.000000 0.000000 0.000000 0.000000 0.000000 0.000000 0.000000 0.000000 0.000000 0.000000 0.000000 0.000000 0.000000 0.000000 0.000000 0.000000 0.000000 0.000000 0.000000 0.000000 0.000000 0.000000 0.000000 0.000000 
50.000000 35.804287 23.399331 13.901756 7.500454 3.679129 1.644944 0.672639 0.252523 0.087384 0.027982 0.008323 0.002308 0.000599 0.000146 0.000033 0.000007 0.000001 0.000000 0.000000 0.000000 0.000000 0.000000 0.000000 0.000000 0.000000 0.000000 0.000000 0.000000 0.000000 0.000000 0.000000 0.000000 0.000000 0.000000 0.000000 0.000000 0.000000 0.000000 0.000000 0.000000 0.000000 0.000000 0.000000 0.000000 0.000000 0.000000 0.000000 0.000000 0.000000 
50.000000 35.804287 23.399331 13.901756 7.500454 3.679129 1.644944 0.672639 0.252523 0.087384 0.027982 0.008323 0.002308 0.000599 0.000146 0.000033 0.000007 0.000001 0.000000 0.000000 0.000000 0.000000 0.000000 0.000000 0.000000 0.000000 0.000000 0.000000 0.000000 0.000000 0.000000 0.000000 0.000000 0.000000 0.000000 0.000000 0.000000 0.000000 0.000000 0.000000 0.000000 0.000000 0.000000 0.000000 0.000000 0.000000 0.000000 0.000000 0.000000 0.000000 
50.000000 35.804287 23.399331 13.901756 7.500454 3.679129 1.644944 0.672639 0.252523 0.087384 0.027982 0.008323 0.002308 0.000599 0.000146 0.000033 0.000007 0.000001 0.000000 0.000000 0.000000 0.000000 0.000000 0.000000 0.000000 0.000000 0.000000 0.000000 0.000000 0.000000 0.000000 0.000000 0.000000 0.000000 0.000000 0.000000 0.000000 0.000000 0.000000 0.000000 0.000000 0.000000 0.000000 0.000000 0.000000 0.000000 0.000000 0.000000 0.000000 0.000000 
50.000000 35.804287 23.399331 13.901756 7.500454 3.679129 1.644944 0.672639 0.252523 0.087384 0.027982 0.008324 0.002308 0.000599 0.000146 0.000033 0.000007 0.000002 0.000000 0.000000 0.000000 0.000000 0.000000 0.000000 0.000000 0.000000 0.000000 0.000000 0.000000 0.000000 0.000000 0.000000 0.000000 0.000000 0.000000 0.000000 0.000000 0.000000 0.000000 0.000000 0.000000 0.000000 0.000000 0.000000 0.000000 0.000000 0.000000 0.000000 0.000000 0.000000 
50.000000 35.804287 23.399331 13.901757 7.500454 3.679130 1.644944 0.672639 0.252523 0.087384 0.027982 0.008324 0.002308 0.000599 0.000146 0.000034 0.000008 0.000002 0.000001 0.000000 0.000000 0.000000 0.000000 0.000000 0.000000 0.000000 0.000000 0.000000 0.000000 0.000000 0.000000 0.000000 0.000000 0.000000 0.000000 0.000000 0.000000 0.000000 0.000000 0.000000 0.000000 0.000000 0.000000 0.000000 0.000000 0.000000 0.000000 0.000000 0.000000 0.000000 
50.000000 35.804287 23.399332 13.901757 7.500455 3.679131 1.644945 0.672641 0.252524 0.087385 0.027984 0.008325 0.002310 0.000600 0.000147 0.000035 0.000009 0.000003 0.000002 0.000002 0.000001 0.000001 0.000001 0.000001 0.000001 0.000001 0.000001 0.000001 0.000001 0.000001 0.000001 0.000001 0.000001 0.000001 0.000001 0.000001 0.000001 0.000001 0.000001 0.000001 0.000001 0.000001 0.000001 0.000001 0.000001 0.000001 0.000001 0.000001 0.000000 0.000000 
50.000000 35.804289 23.399335 13.901762 7.500460 3.679136 1.644951 0.672646 0.252530 0.087391 0.027989 0.008331 0.002315 0.000606 0.000153 0.000041 0.000014 0.000009 0.000008 0.000007 0.000007 0.000007 0.000007 0.000007 0.000007 0.000007 0.000007 0.000007 0.000007 0.000007 0.000007 0.000007 0.000007 0.000007 0.000007 0.000007 0.000007 0.000007 0.000007 0.000007 0.000007 0.000007 0.000007 0.000007 0.000007 0.000006 0.000005 0.000004 0.000002 0.000000 
50.000000 35.804297 23.399349 13.901781 7.500482 3.679160 1.644976 0.672672 0.252556 0.087417 0.028016 0.008357 0.002342 0.000632 0.000179 0.000067 0.000041 0.000035 0.000034 0.000033 0.000033 0.000033 0.000033 0.000033 0.000033 0.000033 0.000033 0.000033 0.000033 0.000033 0.000033 0.000033 0.000033 0.000033 0.000033 0.000033 0.000033 0.000033 0.000033 0.000033 0.000033 0.000033 0.000033 0.000033 0.000031 0.000029 0.000025 0.000019 0.000010 0.000000 
50.000000 35.804329 23.399409 13.901862 7.500578 3.679265 1.645085 0.672783 0.252668 0.087529 0.028128 0.008469 0.002454 0.000744 0.000291 0.000179 0.000153 0.000147 0.000146 0.000146 0.000146 0.000146 0.000146 0.000146 0.000146 0.000146 0.000146 0.000146 0.000146 0.000146 0.000146 0.000146 0.000146 0.000146 0.000146 0.000146 0.000146 0.000146 0.000146 0.000146 0.000146 0.000145 0.000144 0.000142 0.000137 0.000127 0.000110 0.000082 0.000044 0.000000 
50.000000 35.804459 23.399652 13.902192 7.500965 3.679686 1.645524 0.673230 0.253119 0.087981 0.028581 0.008922 0.002907 0.001197 0.000744 0.000632 0.000606 0.000600 0.000599 0.000599 0.000599 0.000599 0.000599 0.000599 0.000599 0.000599 0.000599 0.000599 0.000599 0.000599 0.000599 0.000599 0.000599 0.000599 0.000599 0.000599 0.000599 0.000599 0.000599 0.000599 0.000598 0.000597 0.000593 0.000585 0.000565 0.000524 0.000452 0.000338 0.000182 0.000000 
50.000000 35.804948 23.400568 13.903433 7.502424 3.681274 1.647179 0.674918 0.254820 0.089688 0.030289 0.010631 0.004616 0.002907 0.002454 0.002342 0.002315 0.002310 0.002308 0.002308 0.002308 0.002308 0.002308 0.002308 0.002308 0.002308 0.002308 0.002308 0.002308 0.002308 0.002308 0.002308 0.002308 0.002308 0.002308 0.002308 0.002308 0.002308 0.002308 0.002307 0.002306 0.002301 0.002288 0.002255 0.002179 0.002025 0.001748 0.001308 0.000707 0.000000 
50.000000 35.806669 23.403789 13.907798 7.507555 3.686859 1.653004 0.680856 0.260807 0.095694 0.036301 0.016646 0.010631 0.008922 0.008469 0.008357 0.008331 0.008325 0.008324 0.008324 0.008323 0.008323 0.008323 0.008323 0.008323 0.008323 0.008323 0.008323 0.008323 0.008323 0.008323 0.008323 0.008323 0.008323 0.008323 0.008323 0.008323 0.008323 0.008323 0.008321 0.008316 0.008299 0.008253 0.008137 0.007870 0.007323 0.006328 0.004746 0.002567 0.000000 
50.000000 35.812286 23.414306 13.922052 7.524316 3.705106 1.672037 0.700261 0.280371 0.115320 0.055950 0.036301 0.030289 0.028581 0.028128 0.028016 0.027989 0.027984 0.027982 0.027982 0.027982 0.027982 0.027982 0.027982 0.027982 0.027982 0.027982 0.027982 0.027982 0.027982 0.027982 0.027982 0.027982 0.027982 0.027982 0.027982 0.027982 0.027982 0.027980 0.027975 0.027958 0.027904 0.027756 0.027377 0.026503 0.024696 0.021387 0.016076 0.008712 0.000000 
50.000000 35.829241 23.446054 13.965093 7.574936 3.760226 1.729537 0.758891 0.339485 0.174623 0.115320 0.095694 0.089688 0.087981 0.087529 0.087417 0.087391 0.087385 0.087384 0.087384 0.087384 0.087384 0.087384 0.087384 0.087384 0.087384 0.087384 0.087384 0.087384 0.087384 0.087384 0.087384 0.087384 0.087384 0.087384 0.087384 0.087383 0.087382 0.087378 0.087363 0.087311 0.087155 0.086714 0.085579 0.082940 0.077433 0.067234 0.050693 0.027542 0.000000 
50.000000 35.876331 23.534242 14.084670 7.715595 3.913416 1.889363 0.921871 0.503819 0.339485 0.280371 0.260807 0.254820 0.253119 0.252668 0.252556 0.252530 0.252524 0.252523 0.252523 0.252523 0.252523 0.252523 0.252523 0.252523 0.252523 0.252523 0.252523 0.252523 0.252523 0.252523 0.252523 0.252523 0.252523 0.252523 0.252523 0.252522 0.252519 0.252507 0.252467 0.252330 0.251909 0.250714 0.247612 0.240317 0.224899 0.195958 0.148358 0.080897 0.000000 
50.000000 35.996014 23.758409 14.388681 8.073275 4.303023 2.295897 1.336459 0.921871 0.758891 0.700261 0.680856 0.674918 0.673230 0.672783 0.672672 0.672646 0.672641 0.672639 0.672639 0.672639 0.672639 0.672639 0.672639 0.672639 0.672639 0.672639 0.672639 0.672639 0.672639 0.672639 0.672639 0.672639 0.672639 0.672639 0.672639 0.672637 0.672630 0.672603 0.672505 0.672178 0.671157 0.668230 0.660548 0.642232 0.602910 0.527774 0.401863 0.220285 0.000000 
50.000000 36.272764 24.276821 15.091856 8.900727 5.204476 3.236625 2.295897 1.889363 1.729537 1.672037 1.653004 1.647179 1.645524 1.645085 1.644976 1.644951 1.644945 1.644944 1.644944 1.644944 1.644944 1.644944 1.644944 1.644944 1.644944 1.644944 1.644944 1.644944 1.644944 1.644944 1.644944 1.644944 1.644944 1.644943 1.644943 1.644939 1.644924 1.644867 1.644660 1.643958 1.641750 1.635349 1.618313 1.576999 1.486509 1.309530 1.005279 0.555444 0.000000 
50.000000 36.851292 25.360648 16.562184 10.631197 7.089971 5.204476 4.303023 3.913416 3.760226 3.705106 3.686859 3.681274 3.679686 3.679265 3.679160 3.679136 3.679131 3.679130 3.679129 3.679129 3.679129 3.679129 3.679129 3.679129 3.679129 3.679129 3.679129 3.679129 3.679129 3.679129 3.679129 3.679129 3.679129 3.679129 3.679128 3.679121 3.679094 3.678989 3.678603 3.677286 3.673099 3.660791 3.627477 3.544985 3.359611 2.985712 2.319694 1.297991 0.000000 
50.000000 37.937308 27.395409 19.322925 13.880853 10.631197 8.900727 8.073275 7.715595 7.574936 7.524316 7.507555 7.502424 7.500965 7.500578 7.500482 7.500460 7.500455 7.500454 7.500454 7.500454 7.500454 7.500454 7.500454 7.500454 7.500454 7.500454 7.500454 7.500454 7.500454 7.500454 7.500454 7.500454 7.500454 7.500453 7.500451 7.500441 7.500399 7.500233 7.499620 7.497503 7.490696 7.470364 7.414219 7.271585 6.940427 6.244425 4.940729 2.824315 0.000000 
50.000000 39.755438 30.802139 23.945667 19.322925 16.562184 15.091856 14.388681 14.084670 13.965093 13.922052 13.907798 13.903433 13.902192 13.901862 13.901781 13.901762 13.901757 13.901757 13.901756 13.901756 13.901756 13.901756 13.901756 13.901756 13.901756 13.901756 13.901756 13.901756 13.901756 13.901756 13.901756 13.901756 13.901756 13.901756 13.901753 13.901740 13.901685 13.901469 13.900665 13.897860 13.888712 13.860907 13.782326 13.576472 13.078500 11.972834 9.746451 5.790652 0.000000 
50.000000 42.451677 35.854558 30.802139 27.395409 25.360648 24.276821 23.758409 23.534242 23.446054 23.414306 23.403789 23.400568 23.399652 23.399409 23.399349 23.399335 23.399332 23.399331 23.399331 23.399331 23.399331 23.399331 23.399331 23.399331 23.399331 23.399331 23.399331 23.399331 23.399331 23.399331 23.399331 23.399331 23.399331 23.399330 23.399327 23.399314 23.399260 23.399043 23.398229 23.395362 23.385884 23.356546 23.271542 23.040954 22.454680 21.055688 17.927279 11.469950 0.000000 
50.000000 45.972090 42.451677 39.755438 37.937308 36.851292 36.272764 35.996014 35.876331 35.829241 35.812286 35.806669 35.804948 35.804459 35.804329 35.804297 35.804289 35.804287 35.804287 35.804287 35.804287 35.804287 35.804287 35.804287 35.804287 35.804287 35.804287 35.804287 35.804287 35.804287 35.804287 35.804287 35.804287 35.804287 35.804287 35.804285 35.804276 35.804242 35.804102 35.803574 35.801699 35.795433 35.775730 35.717320 35.553301 35.112993 33.964786 30.981726 22.986045 0.000000 
50.000000 50.000000 50.000000 50.000000 50.000000 50.000000 50.000000 50.000000 50.000000 50.000000 50.000000 50.000000 50.000000 50.000000 50.000000 50.000000 50.000000 50.000000 50.000000 50.000000 50.000000 50.000000 50.000000 50.000000 50.000000 50.000000 50.000000 50.000000 50.000000 50.000000 50.000000 50.000000 50.000000 50.000000 50.000000 50.000000 50.000000 50.000000 50.000000 50.000000 50.000000 50.000000 50.000000 50.000000 50.000000 50.000000 50.000000 50.000000 50.000000 50.000000 
