50.000000 50.000000 50.000000 50.000000 50.000000 50.000000 50.000000 50.000000 50.000000 50.000000 50.000000 50.000000 50.000000 50.000000 50.000000 50.000000 50.000000 50.000000 50.000000 50.000000 50.000000 50.000000 50.000000 50.000000 50.000000 50.000000 50.000000 50.000000 50.000000 50.000000 50.000000 50.000000 50.000000 50.000000 50.000000 50.000000 50.000000 50.000000 50.000000 50.000000 50.000000 50.000000 50.000000 50.000000 50.000000 50.000000 50.000000 50.000000 50.000000 50.000000 
50.000000 48.914104 47.865224 46.886592 46.004522 45.236400 44.590048 44.064389 43.651118 43.336940 43.105919 42.941556 42.828375 42.752913 42.704180 42.673684 42.655184 42.644300 42.638088 42.634647 42.632795 42.631827 42.631335 42.631092 42.630974 42.630916 42.630884 42.630857 42.630818 42.630741 42.630584 42.630262 42.629620 42.628364 42.625962 42.621470 42.613245 42.598482 42.572475 42.527421 42.450452 42.320306 42.101359 41.732170 41.101443 39.992286 37.938089 33.805995 24.457052 0.000000 
50.000000 47.865224 45.803218 43.879316 42.145247 40.635192 39.364529 38.331138 37.518692 36.901055 36.446896 36.123781 35.901283 35.752936 35.657133 35.597183 35.560816 35.539421 35.527209 35.520444 35.516804 35.514901 35.513934 35.513456 35.513224 35.513111 35.513049 35.512997 35.512922 35.512778 35.512482 35.511878 35.510674 35.508321 35.503831 35.495448 35.480136 35.452739 35.404667 35.321816 35.181258 34.945868 34.555320 33.910311 32.843709 31.065814 28.060206 22.901609 14.059229 0.000000 
50.000000 46.886592 43.879316 41.073457 38.544460 36.342175 34.489028 32.981928 31.797059 30.896304 30.233966 29.762745 29.438262 29.221920 29.082207 28.994780 28.941745 28.910545 28.892737 28.882871 28.877563 28.874788 28.873378 28.872681 28.872343 28.872179 28.872089 28.872017 28.871915 28.871719 28.871318 28.870503 28.868879 28.865715 28.859689 28.848477 28.828074 28.791742 28.728377 28.620012 28.438028 28.137383 27.647781 26.860066 25.605457 23.625546 20.536729 15.819110 8.948503 0.000000 
50.000000 46.004522 42.145247 38.544460 35.298981 32.472784 30.094646 28.160598 26.640077 25.484161 24.634207 24.029511 23.613120 23.335504 23.156222 23.044035 22.975982 22.935947 22.913096 22.900436 22.893626 22.890066 22.888257 22.887362 22.886929 22.886719 22.886607 22.886519 22.886399 22.886171 22.885708 22.884770 22.882903 22.879276 22.872393 22.859638 22.836540 22.795657 22.724888 22.604998 22.406068 22.082505 21.566237 20.757833 19.516132 17.649490 14.918914 11.079432 6.012236 0.000000 
50.000000 45.236400 40.635192 36.342175 32.472784 29.103291 26.268005 23.962191 22.149404 20.771316 19.758007 19.037098 18.540690 18.209728 17.996000 17.862258 17.781131 17.733406 17.706166 17.691075 17.682956 17.678713 17.676557 17.675490 17.674975 17.674726 17.674595 17.674498 17.674369 17.674131 17.673649 17.672675 17.670744 17.667005 17.659938 17.646902 17.623431 17.582170 17.511343 17.392583 17.198036 16.886642 16.399748 15.656639 14.551645 12.956652 10.736719 7.791483 4.134957 0.000000 
50.000000 44.590048 39.364529 34.489028 30.094646 26.268005 23.048066 20.429448 18.370758 16.805745 15.655002 14.836326 14.272603 13.896767 13.654062 13.502192 13.410068 13.355875 13.324944 13.307809 13.298591 13.293772 13.291324 13.290114 13.289529 13.289248 13.289103 13.289001 13.288874 13.288643 13.288180 13.287247 13.285405 13.281850 13.275162 13.262889 13.240925 13.202595 13.137370 13.029152 12.854126 12.578305 12.155140 11.524033 10.611366 9.336813 7.628962 5.454217 2.857878 0.000000 
50.000000 44.064389 38.331138 32.981928 28.160598 23.962191 20.429448 17.556462 15.297812 13.580806 12.318316 11.420151 10.801700 10.389381 10.123122 9.956514 9.855453 9.796003 9.762073 9.743276 9.733164 9.727878 9.725193 9.723866 9.723225 9.722919 9.722764 9.722661 9.722541 9.722332 9.721915 9.721080 9.719436 9.716277 9.710361 9.699563 9.680360 9.647097 9.590986 9.498847 9.351643 9.123014 8.778231 8.274308 7.562442 6.594362 5.334147 3.775818 1.963030 0.000000 
50.000000 43.651118 37.518692 31.797059 26.640077 22.149404 18.370758 15.297812 12.881979 11.045501 9.695178 8.734537 8.073075 7.632087 7.347318 7.169130 7.061047 6.997467 6.961180 6.941078 6.930264 6.924613 6.921741 6.920322 6.919638 6.919312 6.919151 6.919050 6.918942 6.918762 6.918408 6.917702 6.916318 6.913671 6.908736 6.899778 6.883947 6.856725 6.811192 6.737156 6.620219 6.440990 6.174798 5.792452 5.262762 4.557572 3.659676 2.572824 1.330812 0.000000 
50.000000 43.336940 36.901055 30.896304 25.484161 20.771316 16.805745 13.580806 11.045501 9.118219 7.701143 6.693022 5.998876 5.536103 5.237270 5.050285 4.936868 4.870151 4.832074 4.810981 4.799634 4.793704 4.790691 4.789203 4.788485 4.788145 4.787980 4.787883 4.787789 4.787640 4.787355 4.786788 4.785683 4.783578 4.779673 4.772622 4.760237 4.739089 4.704001 4.647469 4.559110 4.425283 4.229163 3.951619 3.573280 3.078094 2.458276 1.719797 0.886487 0.000000 
50.000000 43.105919 36.446896 30.233966 24.634207 19.758007 15.655002 12.318316 9.695178 7.701143 6.234997 5.191978 4.473809 3.995026 3.685858 3.492409 3.375072 3.306050 3.266659 3.244838 3.233100 3.226965 3.223849 3.222309 3.221568 3.221217 3.221050 3.220957 3.220877 3.220760 3.220539 3.220107 3.219266 3.217670 3.214725 3.209434 3.200196 3.184527 3.158722 3.117498 3.053674 2.958022 2.819469 2.625850 2.365423 2.029209 1.613954 1.125079 0.578497 0.000000 
50.000000 42.941556 36.123781 29.762745 24.029511 19.037098 14.836326 11.420151 8.734537 6.693022 5.191978 4.124140 3.388889 2.898722 2.582207 2.384162 2.264039 2.193380 2.153054 2.130716 2.118699 2.112419 2.109230 2.107654 2.106895 2.106538 2.106369 2.106281 2.106213 2.106124 2.105961 2.105644 2.105032 2.103876 2.101752 2.097954 2.091361 2.080247 2.062070 2.033255 1.989022 1.923345 1.829165 1.698957 1.525756 1.304622 1.034368 0.719114 0.369081 0.000000 
50.000000 42.828375 35.901283 29.438262 23.613120 18.540690 14.272603 10.801700 8.073075 5.998876 4.473809 3.388889 2.641881 2.143881 1.822309 1.621103 1.499063 1.427277 1.386309 1.363615 1.351407 1.345028 1.341787 1.340186 1.339416 1.339054 1.338885 1.338801 1.338744 1.338676 1.338560 1.338338 1.337911 1.337108 1.335638 1.333024 1.328508 1.320940 1.308642 1.289282 1.259787 1.216350 1.154603 1.070009 0.958519 0.817463 0.646520 0.448544 0.229893 0.000000 
50.000000 42.752913 35.752936 29.221920 23.335504 18.209728 13.896767 10.389381 7.632087 5.536103 3.995026 2.898722 2.143881 1.640661 1.315721 1.112409 0.989093 0.916556 0.875160 0.852229 0.839894 0.833448 0.830174 0.828557 0.827779 0.827414 0.827245 0.827164 0.827115 0.827065 0.826985 0.826834 0.826548 0.826012 0.825035 0.823305 0.820330 0.815372 0.807361 0.794830 0.775866 0.748140 0.709021 0.655842 0.586297 0.498964 0.393846 0.272800 0.139669 0.000000 
50.000000 42.704180 35.657133 29.082207 23.156222 17.996000 13.654062 10.123122 7.347318 5.237270 3.685858 2.582207 1.822309 1.315721 0.988608 0.783937 0.659798 0.586777 0.545105 0.522022 0.509605 0.503116 0.499820 0.498192 0.497409 0.497043 0.496874 0.496795 0.496751 0.496714 0.496660 0.496562 0.496377 0.496033 0.495407 0.494304 0.492417 0.489285 0.484253 0.476424 0.464649 0.447540 0.423559 0.391173 0.349097 0.296585 0.233730 0.161685 0.082709 0.000000 
50.000000 42.673684 35.597183 28.994780 23.044035 17.862258 13.502192 9.956514 7.169130 5.050285 3.492409 2.384162 1.621103 1.112409 0.783937 0.578417 0.453763 0.380440 0.338595 0.315416 0.302948 0.296432 0.293123 0.291488 0.290703 0.290335 0.290166 0.290089 0.290050 0.290021 0.289986 0.289924 0.289808 0.289595 0.289209 0.288530 0.287374 0.285465 0.282411 0.277684 0.270612 0.260394 0.246153 0.227029 0.202320 0.171642 0.135090 0.093352 0.047721 0.000000 
50.000000 42.655184 35.560816 28.941745 22.975982 17.781131 13.410069 9.855453 7.061047 4.936868 3.375072 2.264039 1.499063 0.989093 0.659798 0.453763 0.328796 0.255290 0.213341 0.190105 0.177605 0.171074 0.167756 0.166118 0.165330 0.164962 0.164793 0.164717 0.164680 0.164658 0.164634 0.164596 0.164526 0.164399 0.164168 0.163765 0.163081 0.161956 0.160163 0.157402 0.153290 0.147377 0.139176 0.128218 0.114126 0.096706 0.076031 0.052494 0.026820 0.000000 
50.000000 42.644300 35.539421 28.910545 22.935947 17.733406 13.355876 9.796003 6.997468 4.870151 3.306051 2.193380 1.427278 0.916557 0.586778 0.380440 0.255291 0.181677 0.139667 0.116396 0.103879 0.097337 0.094015 0.092374 0.091586 0.091217 0.091048 0.090973 0.090938 0.090919 0.090903 0.090880 0.090839 0.090765 0.090632 0.090401 0.090009 0.089367 0.088349 0.086786 0.084468 0.081150 0.076568 0.070471 0.062662 0.053045 0.041666 0.028747 0.014681 0.000000 
50.000000 42.638088 35.527210 28.892737 22.913097 17.706167 13.324946 9.762074 6.961182 4.832075 3.266660 2.153055 1.386310 0.875161 0.545107 0.338597 0.213343 0.139668 0.097622 0.074332 0.061805 0.055258 0.051933 0.050291 0.049502 0.049132 0.048964 0.048889 0.048855 0.048839 0.048827 0.048813 0.048790 0.048749 0.048674 0.048546 0.048328 0.047974 0.047413 0.046555 0.045288 0.043481 0.040995 0.037699 0.033493 0.028328 0.022235 0.015332 0.007826 0.000000 
50.000000 42.634647 35.520445 28.882872 22.900439 17.691078 13.307812 9.743279 6.941082 4.810984 3.244841 2.130719 1.363618 0.852233 0.522025 0.315420 0.190108 0.116399 0.074335 0.051034 0.038500 0.031951 0.028624 0.026981 0.026192 0.025823 0.025654 0.025579 0.025546 0.025531 0.025522 0.025514 0.025501 0.025478 0.025438 0.025369 0.025252 0.025062 0.024762 0.024305 0.023633 0.022677 0.021367 0.019635 0.017431 0.014732 0.011556 0.007964 0.004064 0.000000 
50.000000 42.632796 35.516806 28.877567 22.893631 17.682963 13.298598 9.733171 6.930273 4.799643 3.233108 2.118708 1.351416 0.839903 0.509614 0.302957 0.177615 0.103887 0.061812 0.038506 0.025969 0.019418 0.016091 0.014447 0.013658 0.013289 0.013120 0.013046 0.013013 0.012999 0.012991 0.012986 0.012978 0.012966 0.012945 0.012909 0.012848 0.012749 0.012593 0.012357 0.012011 0.011519 0.010847 0.009962 0.008838 0.007465 0.005852 0.004031 0.002057 0.000000 
50.000000 42.631831 35.514908 28.874798 22.890079 17.678728 13.293790 9.727897 6.924633 4.793725 3.226987 2.112441 1.345050 0.833471 0.503138 0.296455 0.171096 0.097360 0.055279 0.031970 0.019432 0.012880 0.009552 0.007908 0.007118 0.006749 0.006581 0.006506 0.006474 0.006460 0.006454 0.006450 0.006445 0.006439 0.006428 0.006410 0.006379 0.006329 0.006250 0.006131 0.005957 0.005711 0.005375 0.004933 0.004374 0.003693 0.002894 0.001993 0.001016 0.000000 
50.000000 42.631344 35.513951 28.873403 22.888288 17.676594 13.291366 9.725239 6.921790 4.790742 3.223901 2.109283 1.341841 0.830228 0.499874 0.293178 0.167811 0.094069 0.051986 0.028675 0.016136 0.009584 0.006256 0.004612 0.003822 0.003453 0.003285 0.003210 0.003178 0.003164 0.003158 0.003155 0.003153 0.003149 0.003144 0.003135 0.003119 0.003094 0.003055 0.002996 0.002910 0.002789 0.002623 0.002407 0.002133 0.001800 0.001410 0.000970 0.000495 0.000000 
50.000000 42.631112 35.513495 28.872738 22.887435 17.675577 13.290212 9.723973 6.920436 4.789322 3.222432 2.107779 1.340313 0.828685 0.498321 0.291617 0.166247 0.092503 0.050419 0.027107 0.014568 0.008015 0.004687 0.003043 0.002253 0.001884 0.001716 0.001641 0.001609 0.001595 0.001589 0.001587 0.001585 0.001583 0.001580 0.001575 0.001568 0.001555 0.001535 0.001505 0.001461 0.001400 0.001316 0.001207 0.001069 0.000902 0.000706 0.000486 0.000248 0.000000 
50.000000 42.631020 35.513314 28.872475 22.887097 17.675175 13.289755 9.723472 6.919900 4.788759 3.221850 2.107183 1.339708 0.828073 0.497705 0.290999 0.165627 0.091882 0.049798 0.026486 0.013946 0.007393 0.004065 0.002421 0.001632 0.001262 0.001094 0.001020 0.000987 0.000974 0.000968 0.000966 0.000964 0.000963 0.000961 0.000958 0.000953 0.000945 0.000933 0.000914 0.000888 0.000850 0.000799 0.000732 0.000648 0.000547 0.000428 0.000294 0.000150 0.000000 
50.000000 42.631020 35.513314 28.872475 22.887097 17.675175 13.289755 9.723472 6.919900 4.788759 3.221850 2.107183 1.339708 0.828073 0.497705 0.290999 0.165627 0.091882 0.049798 0.026486 0.013946 0.007393 0.004065 0.002421 0.001632 0.001262 0.001094 0.001020 0.000987 0.000974 0.000968 0.000966 0.000964 0.000963 0.000961 0.000958 0.000953 0.000945 0.000933 0.000914 0.000888 0.000850 0.000799 0.000732 0.000648 0.000547 0.000428 0.000294 0.000150 0.000000 
50.000000 42.631112 35.513495 28.872738 22.887435 17.675577 13.290212 9.723973 6.920436 4.789322 3.222432 2.107779 1.340313 0.828685 0.498321 0.291617 0.166247 0.092503 0.050419 0.027107 0.014568 0.008015 0.004687 0.003043 0.002253 0.001884 0.001716 0.001641 0.001609 0.001595 0.001589 0.001587 0.001585 0.001583 0.001580 0.001575 0.001568 0.001555 0.001535 0.001505 0.001461 0.001400 0.001316 0.001207 0.001069 0.000902 0.000706 0.000486 0.000248 0.000000 
50.000000 42.631344 35.513951 28.873403 22.888288 17.676594 13.291366 9.725239 6.921790 4.790742 3.223901 2.109283 1.341841 0.830228 0.499874 0.293178 0.167811 0.094069 0.051986 0.028675 0.016136 0.009584 0.006256 0.004612 0.003822 0.003453 0.003285 0.003210 0.003178 0.003164 0.003158 0.003155 0.003153 0.003149 0.003144 0.003135 0.003119 0.003094 0.003055 0.002996 0.002910 0.002789 0.002623 0.002407 0.002133 0.001800 0.001410 0.000970 0.000495 0.000000 
50.000000 42.631831 35.514908 28.874798 22.890079 17.678728 13.293790 9.727897 6.924633 4.793725 3.226987 2.112441 1.345050 0.833471 0.503138 0.296455 0.171096 0.097360 0.055279 0.031970 0.019432 0.012880 0.009552 0.007908 0.007118 0.006749 0.006581 0.006506 0.006474 0.006460 0.006454 0.006450 0.006445 0.006439 0.006428 0.006410 0.006379 0.006329 0.006250 0.006131 0.005957 0.005711 0.005375 0.004933 0.004374 0.003693 0.002894 0.001993 0.001016 0.000000 
50.000000 42.632796 35.516806 28.877567 22.893631 17.682963 13.298598 9.733171 6.930273 4.799643 3.233108 2.118708 1.351416 0.839903 0.509614 0.302957 0.177615 0.103887 0.061812 0.038506 0.025969 0.019418 0.016091 0.014447 0.013658 0.013289 0.013120 0.013046 0.013013 0.012999 0.012991 0.012986 0.012978 0.012966 0.012945 0.012909 0.012848 0.012749 0.012593 0.012357 0.012011 0.011519 0.010847 0.009962 0.008838 0.007465 0.005852 0.004031 0.002057 0.000000 
50.000000 42.634647 35.520445 28.882872 22.900439 17.691078 13.307812 9.743279 6.941082 4.810984 3.244841 2.130719 1.363618 0.852233 0.522025 0.315420 0.190108 0.116399 0.074335 0.051034 0.038500 0.031951 0.028624 0.026981 0.026192 0.025823 0.025654 0.025579 0.025546 0.025531 0.025522 0.025514 0.025501 0.025478 0.025438 0.025369 0.025252 0.025062 0.024762 0.024305 0.023633 0.022677 0.021367 0.019635 0.017431 0.014732 0.011556 0.007964 0.004064 0.000000 
50.000000 42.638088 35.527210 28.892737 22.913097 17.706167 13.324946 9.762074 6.961182 4.832075 3.266660 2.153055 1.386310 0.875161 0.545107 0.338597 0.213343 0.139668 0.097622 0.074332 0.061805 0.055258 0.051933 0.050291 0.049502 0.049132 0.048964 0.048889 0.048855 0.048839 0.048827 0.048813 0.048790 0.048749 0.048674 0.048546 0.048328 0.047974 0.047413 0.046555 0.045288 0.043481 0.040995 0.037699 0.033493 0.028328 0.022235 0.015332 0.007826 0.000000 
50.000000 42.644300 35.539421 28.910545 22.935947 17.733406 13.355876 9.796003 6.997468 4.870151 3.306051 2.193380 1.427278 0.916557 0.586778 0.380440 0.255291 0.181677 0.139667 0.116396 0.103879 0.097337 0.094015 0.092374 0.091586 0.091217 0.091048 0.090973 0.090938 0.090919 0.090903 0.090880 0.090839 0.090765 0.090632 0.090401 0.090009 0.089367 0.088349 0.086786 0.084468 0.081150 0.076568 0.070471 0.062662 0.053045 0.041666 0.028747 0.014681 0.000000 
50.000000 42.655184 35.560816 28.941745 22.975982 17.781131 13.410069 9.855453 7.061047 4.936868 3.375072 2.264039 1.499063 0.989093 0.659798 0.453763 0.328796 0.255290 0.213341 0.190105 0.177605 0.171074 0.167756 0.166118 0.165330 0.164962 0.164793 0.164717 0.164680 0.164658 0.164634 0.164596 0.164526 0.164399 0.164168 0.163765 0.163081 0.161956 0.160163 0.157402 0.153290 0.147377 0.139176 0.128218 0.114126 0.096706 0.076031 0.052494 0.026820 0.000000 
50.000000 42.673684 35.597183 28.994780 23.044035 17.862258 13.502192 9.956514 7.169130 5.050285 3.492409 2.384162 1.621103 1.112409 0.783937 0.578417 0.453763 0.380440 0.338595 0.315416 0.302948 0.296432 0.293123 0.291488 0.290703 0.290335 0.290166 0.290089 0.290050 0.290021 0.289986 0.289924 0.289808 0.289595 0.289209 0.288530 0.287374 0.285465 0.282411 0.277684 0.270612 0.260394 0.246153 0.227029 0.202320 0.171642 0.135090 0.093352 0.047721 0.000000 
50.000000 42.704180 35.657133 29.082207 23.156222 17.996000 13.654062 10.123122 7.347318 5.237270 3.685858 2.582207 1.822309 1.315721 0.988608 0.783937 0.659798 0.586777 0.545105 0.522022 0.509605 0.503116 0.499820 0.498192 0.497409 0.497043 0.496874 0.496795 0.496751 0.496714 0.496660 0.496562 0.496377 0.496033 0.495407 0.494304 0.492417 0.489285 0.484253 0.476424 0.464649 0.447540 0.423559 0.391173 0.349097 0.296585 0.233730 0.161685 0.082709 0.000000 
50.000000 42.752913 35.752936 29.221920 23.335504 18.209728 13.896767 10.389381 7.632087 5.536103 3.995026 2.898722 2.143881 1.640661 1.315721 1.112409 0.989093 0.916556 0.875160 0.852229 0.839894 0.833448 0.830174 0.828557 0.827779 0.827414 0.827245 0.827164 0.827115 0.827065 0.826985 0.826834 0.826548 0.826012 0.825035 0.823305 0.820330 0.815372 0.807361 0.794830 0.775866 0.748140 0.709021 0.655842 0.586297 0.498964 0.393846 0.272800 0.139669 0.000000 
50.000000 42.828375 35.901283 29.438262 23.613120 18.540690 14.272603 10.801700 8.073075 5.998876 4.473809 3.388889 2.641881 2.143881 1.822309 1.621103 1.499063 1.427277 1.386309 1.363615 1.351407 1.345028 1.341787 1.340186 1.339416 1.339054 1.338885 1.338801 1.338744 1.338676 1.338560 1.338338 1.337911 1.337108 1.335638 1.333024 1.328508 1.320940 1.308642 1.289282 1.259787 1.216350 1.154603 1.070009 0.958519 0.817463 0.646520 0.448544 0.229893 0.000000 
50.000000 42.941556 36.123781 29.762745 24.029511 19.037098 14.836326 11.420151 8.734537 6.693022 5.191978 4.124140 3.388889 2.898722 2.582207 2.384162 2.264039 2.193380 2.153054 2.130716 2.118699 2.112419 2.109230 2.107654 2.106895 2.106538 2.106369 2.106281 2.106213 2.106124 2.105961 2.105644 2.105032 2.103876 2.101752 2.097954 2.091361 2.080247 2.062070 2.033255 1.989022 1.923345 1.829165 1.698957 1.525756 1.304622 1.034368 0.719114 0.369081 0.000000 
50.000000 43.105919 36.446896 30.233966 24.634207 19.758007 15.655002 12.318316 9.695178 7.701143 6.234997 5.191978 4.473809 3.995026 3.685858 3.492409 3.375072 3.306050 3.266659 3.244838 3.233100 3.226965 3.223849 3.222309 3.221568 3.221217 3.221050 3.220957 3.220877 3.220760 3.220539 3.220107 3.219266 3.217670 3.214725 3.209434 3.200196 3.184527 3.158722 3.117498 3.053674 2.958022 2.819469 2.625850 2.365423 2.029209 1.613954 1.125079 0.578497 0.000000 
50.000000 43.336940 36.901055 30.896304 25.484161 20.771316 16.805745 13.580806 11.045501 9.118219 7.701143 6.693022 5.998876 5.536103 5.237270 5.050285 4.936868 4.870151 4.832074 4.810981 4.799634 4.793704 4.790691 4.789203 4.788485 4.788145 4.787980 4.787883 4.787789 4.787640 4.787355 4.786788 4.785683 4.783578 4.779673 4.772622 4.760237 4.739089 4.704001 4.647469 4.559110 4.425283 4.229163 3.951619 3.573280 3.078094 2.458276 1.719797 0.886487 0.000000 
50.000000 43.651118 37.518692 31.797059 26.640077 22.149404 18.370758 15.297812 12.881979 11.045501 9.695178 8.734537 8.073075 7.632087 7.347318 7.169130 7.061047 6.997467 6.961180 6.941078 6.930264 6.924613 6.921741 6.920322 6.919638 6.919312 6.919151 6.919050 6.918942 6.918762 6.918408 6.917702 6.916318 6.913671 6.908736 6.899778 6.883947 6.856725 6.811192 6.737156 6.620219 6.440990 6.174798 5.792452 5.262762 4.557572 3.659676 2.572824 1.330812 0.000000 
50.000000 44.064389 38.331138 32.981928 28.160598 23.962191 20.429448 17.556462 15.297812 13.580806 12.318316 11.420151 10.801700 10.389381 10.123122 9.956514 9.855453 9.796003 9.762073 9.743276 9.733164 9.727878 9.725193 9.723866 9.723225 9.722919 9.722764 9.722661 9.722541 9.722332 9.721915 9.721080 9.719436 9.716277 9.710361 9.699563 9.680360 9.647097 9.590986 9.498847 9.351643 9.123014 8.778231 8.274308 7.562442 6.594362 5.334147 3.775818 1.963030 0.000000 
50.000000 44.590048 39.364529 34.489028 30.094646 26.268005 23.048066 20.429448 18.370758 16.805745 15.655002 14.836326 14.272603 13.896767 13.654062 13.502192 13.410068 13.355875 13.324944 13.307809 13.298591 13.293772 13.291324 13.290114 13.289529 13.289248 13.289103 13.289001 13.288874 13.288643 13.288180 13.287247 13.285405 13.281850 13.275162 13.262889 13.240925 13.202595 13.137370 13.029152 12.854126 12.578305 12.155140 11.524033 10.611366 9.336813 7.628962 5.454217 2.857878 0.000000 
50.000000 45.236400 40.635192 36.342175 32.472784 29.103291 26.268005 23.962191 22.149404 20.771316 19.758007 19.037098 18.540690 18.209728 17.996000 17.862258 17.781131 17.733406 17.706166 17.691075 17.682956 17.678713 17.676557 17.675490 17.674975 17.674726 17.674595 17.674498 17.674369 17.674131 17.673649 17.672675 17.670744 17.667005 17.659938 17.646902 17.623431 17.582170 17.511343 17.392583 17.198036 16.886642 16.399748 15.656639 14.551645 12.956652 10.736719 7.791483 4.134957 0.000000 
50.000000 46.004522 42.145247 38.544460 35.298981 32.472784 30.094646 28.160598 26.640077 25.484161 24.634207 24.029511 23.613120 23.335504 23.156222 23.044035 22.975982 22.935947 22.913096 22.900436 22.893626 22.890066 22.888257 22.887362 22.886929 22.886719 22.886607 22.886519 22.886399 22.886171 22.885708 22.884770 22.882903 22.879276 22.872393 22.859638 22.836540 22.795657 22.724888 22.604998 22.406068 22.082505 21.566237 20.757833 19.516132 17.649490 14.918914 11.079432 6.012236 0.000000 
50.000000 46.886592 43.879316 41.073457 38.544460 36.342175 34.489028 32.981928 31.797059 30.896304 30.233966 29.762745 29.438262 29.221920 29.082207 28.994780 28.941745 28.910545 28.892737 28.882871 28.877563 28.874788 28.873378 28.872681 28.872343 28.872179 28.872089 28.872017 28.871915 28.871719 28.871318 28.870503 28.868879 28.865715 28.859689 28.848477 28.828074 28.791742 28.728377 28.620012 28.438028 28.137383 27.647781 26.860066 25.605457 23.625546 20.536729 15.819110 8.948503 0.000000 
50.000000 47.865224 45.803218 43.879316 42.145247 40.635192 39.364529 38.331138 37.518692 36.901055 36.446896 36.123781 35.901283 35.752936 35.657133 35.597183 35.560816 35.539421 35.527209 35.520444 35.516804 35.514901 35.513934 35.513456 35.513224 35.513111 35.513049 35.512997 35.512922 35.512778 35.512482 35.511878 35.510674 35.508321 35.503831 35.495448 35.480136 35.452739 35.404667 35.321816 35.181258 34.945868 34.555320 33.910311 32.843709 31.065814 28.060206 22.901609 14.059229 0.000000 
50.000000 48.914104 47.865224 46.886592 46.004522 45.236400 44.590048 44.064389 43.651118 43.336940 43.105919 42.941556 42.828375 42.752913 42.704180 42.673684 42.655184 42.644300 42.638088 42.634647 42.632795 42.631827 42.631335 42.631092 42.630974 42.630916 42.630884 42.630857 42.630818 42.630741 42.630584 42.630262 42.629620 42.628364 42.625962 42.621470 42.613245 42.598482 42.572475 42.527421 42.450452 42.320306 42.101359 41.732170 41.101443 39.992286 37.938089 33.805995 24.457052 0.000000 
50.000000 50.000000 50.000000 50.000000 50.000000 50.000000 50.000000 50.000000 50.000000 50.000000 50.000000 50.000000 50.000000 50.000000 50.000000 50.000000 50.000000 50.000000 50.000000 50.000000 50.000000 50.000000 50.000000 50.000000 50.000000 50.000000 50.000000 50.000000 50.000000 50.000000 50.000000 50.000000 50.000000 50.000000 50.000000 50.000000 50.000000 50.000000 50.000000 50.000000 50.000000 50.000000 50.000000 50.000000 50.000000 50.000000 50.000000 50.000000 50.000000 50.000000 
