50.000000 50.000000 50.000000 50.000000 50.000000 50.000000 50.000000 50.000000 50.000000 50.000000 50.000000 50.000000 50.000000 50.000000 50.000000 50.000000 50.000000 50.000000 50.000000 50.000000 50.000000 50.000000 50.000000 50.000000 50.000000 50.000000 50.000000 50.000000 50.000000 50.000000 50.000000 50.000000 50.000000 50.000000 50.000000 50.000000 50.000000 50.000000 50.000000 50.000000 50.000000 50.000000 50.000000 50.000000 50.000000 50.000000 50.000000 50.000000 50.000000 50.000000 
50.000000 48.425345 46.928492 45.575724 44.413132 43.462624 42.722987 42.174873 41.787788 41.527083 41.359489 41.256569 41.196136 41.162175 41.143892 41.134455 41.129779 41.127554 41.126535 41.126087 41.125896 41.125818 41.125788 41.125776 41.125771 41.125770 41.125769 41.125768 41.125767 41.125762 41.125750 41.125719 41.125641 41.125453 41.125010 41.124001 41.121774 41.117005 41.107092 41.087058 41.047603 40.971654 40.828080 40.559703 40.058544 39.109288 37.244454 33.327434 24.212672 0.000000 
50.000000 46.928492 44.008746 41.370060 39.102335 37.248306 35.805604 34.736486 33.981468 33.472960 33.146072 32.945330 32.827459 32.761220 32.725563 32.707157 32.698038 32.693697 32.691711 32.690836 32.690464 32.690312 32.690252 32.690229 32.690221 32.690218 32.690216 32.690215 32.690212 32.690203 32.690181 32.690124 32.689982 32.689638 32.688832 32.686998 32.682960 32.674341 32.656498 32.620628 32.550494 32.416823 32.167703 31.711817 30.888241 29.410226 26.759705 22.004373 13.601057 0.000000 
50.000000 45.575724 41.370060 37.569256 34.302808 31.632273 29.554232 28.014312 26.926824 26.194409 25.723592 25.434468 25.264704 25.169307 25.117953 25.091445 25.078313 25.072063 25.069202 25.067942 25.067407 25.067188 25.067102 25.067069 25.067057 25.067052 25.067050 25.067048 25.067044 25.067033 25.067005 25.066931 25.066748 25.066305 25.065268 25.062919 25.057767 25.046824 25.024309 24.979400 24.892494 24.729119 24.430306 23.897633 22.970664 21.394940 18.784628 14.610355 8.331270 0.000000 
50.000000 44.413132 39.102335 34.302808 30.178080 26.805879 24.181879 22.237407 20.864250 19.939456 19.344985 18.979935 18.765596 18.645152 18.580318 18.546853 18.530274 18.522383 18.518772 18.517182 18.516506 18.516230 18.516121 18.516079 18.516064 18.516058 18.516056 18.516054 18.516049 18.516038 18.516007 18.515927 18.515728 18.515250 18.514134 18.511617 18.506124 18.494526 18.470841 18.424043 18.334560 18.168924 17.872037 17.356763 16.491479 15.089040 12.907868 9.692109 5.303844 0.000000 
50.000000 43.462624 37.248306 31.632273 26.805879 22.860072 19.789776 17.514623 15.907975 14.825952 14.130429 13.703337 13.452577 13.311672 13.235825 13.196677 13.177284 13.168054 13.163830 13.161970 13.161180 13.160857 13.160730 13.160681 13.160663 13.160656 13.160654 13.160651 13.160647 13.160636 13.160606 13.160529 13.160339 13.159881 13.158820 13.156435 13.151259 13.140406 13.118422 13.075423 12.994229 12.846277 12.586276 12.146154 11.430036 10.314400 8.661610 6.360065 3.404080 0.000000 
50.000000 42.722987 35.805604 29.554232 24.181879 19.789776 16.372261 13.839856 12.051580 10.847264 10.073151 9.597812 9.318733 9.161920 9.077513 9.033949 9.012369 9.002098 8.997398 8.995328 8.994450 8.994090 8.993948 8.993894 8.993874 8.993867 8.993864 8.993862 8.993858 8.993848 8.993822 8.993755 8.993589 8.993192 8.992275 8.990225 8.985801 8.976591 8.958091 8.922274 8.855471 8.735558 8.528655 8.186131 7.643621 6.825115 5.656599 4.093787 2.163284 0.000000 
50.000000 42.174873 34.736486 28.014312 22.237407 17.514623 13.839856 11.116871 9.194053 7.899158 7.066842 6.555779 6.255733 6.087144 5.996402 5.949569 5.926370 5.915330 5.910278 5.908053 5.907109 5.906723 5.906570 5.906512 5.906490 5.906483 5.906480 5.906478 5.906475 5.906466 5.906445 5.906391 5.906258 5.905941 5.905211 5.903588 5.900106 5.892907 5.878569 5.851080 5.800406 5.710698 5.558435 5.311201 4.928346 4.365370 3.584006 2.568782 1.346793 0.000000 
50.000000 41.787788 33.981468 26.926824 20.864250 15.907975 12.051580 9.194053 7.176266 5.817441 4.944052 4.407781 4.092945 3.916050 3.820840 3.771703 3.747363 3.735781 3.730481 3.728147 3.727156 3.726751 3.726591 3.726530 3.726507 3.726499 3.726496 3.726494 3.726492 3.726486 3.726470 3.726429 3.726330 3.726094 3.725554 3.724359 3.721810 3.716576 3.706234 3.686590 3.650765 3.588133 3.483355 3.316022 3.061698 2.695327 2.197705 1.564644 0.816135 0.000000 
50.000000 41.527083 33.472960 26.194409 19.939456 14.825952 10.847264 7.899158 5.817441 4.415589 3.514560 2.961329 2.636542 2.454062 2.355847 2.305160 2.280054 2.268107 2.262641 2.260233 2.259212 2.258794 2.258629 2.258566 2.258542 2.258534 2.258531 2.258530 2.258528 2.258523 2.258512 2.258484 2.258414 2.258250 2.257876 2.257052 2.255304 2.251739 2.244746 2.231577 2.207794 2.166677 2.098752 1.991793 1.831724 1.604896 1.301915 0.922466 0.479480 0.000000 
50.000000 41.359489 33.146072 25.723592 19.344985 14.130429 10.073151 7.066842 4.944052 3.514560 2.595779 2.031658 1.700484 1.514417 1.414274 1.362594 1.336996 1.324816 1.319242 1.316788 1.315746 1.315320 1.315152 1.315088 1.315064 1.315056 1.315053 1.315051 1.315050 1.315047 1.315039 1.315021 1.314975 1.314868 1.314624 1.314089 1.312961 1.310673 1.306217 1.297890 1.282983 1.257463 1.215762 1.150877 1.055007 0.920942 0.744191 0.525444 0.272432 0.000000 
50.000000 41.256569 32.945330 25.434468 18.979935 13.703337 9.597812 6.555779 4.407781 2.961329 2.031658 1.460857 1.125765 0.937500 0.836176 0.783887 0.757988 0.745664 0.740025 0.737542 0.736488 0.736057 0.735887 0.735822 0.735798 0.735790 0.735787 0.735785 0.735784 0.735782 0.735778 0.735766 0.735738 0.735671 0.735521 0.735193 0.734504 0.733116 0.730428 0.725441 0.716582 0.701547 0.677209 0.639721 0.584915 0.509094 0.410159 0.288831 0.149477 0.000000 
50.000000 41.196136 32.827459 25.264704 18.765596 13.452577 9.318733 6.255733 4.092945 2.636542 1.700484 1.125765 0.788377 0.598824 0.496807 0.444161 0.418086 0.405679 0.400001 0.397501 0.396440 0.396006 0.395835 0.395770 0.395746 0.395737 0.395734 0.395733 0.395732 0.395731 0.395728 0.395721 0.395705 0.395666 0.395578 0.395387 0.394988 0.394189 0.392649 0.389810 0.384803 0.376369 0.362826 0.342143 0.312171 0.271069 0.217880 0.153118 0.079131 0.000000 
50.000000 41.162175 32.761220 25.169307 18.645152 13.311672 9.161920 6.087144 3.916050 2.454062 1.514417 0.937500 0.598824 0.408548 0.306144 0.253298 0.227123 0.214669 0.208970 0.206461 0.205396 0.204960 0.204788 0.204723 0.204699 0.204690 0.204687 0.204686 0.204685 0.204685 0.204683 0.204679 0.204670 0.204648 0.204599 0.204494 0.204274 0.203836 0.202996 0.201456 0.198757 0.194240 0.187038 0.176119 0.160413 0.139028 0.111540 0.078261 0.040401 0.000000 
50.000000 41.143892 32.725563 25.117953 18.580318 13.235825 9.077513 5.996402 3.820840 2.355847 1.414274 0.836176 0.496807 0.306144 0.203530 0.150577 0.124350 0.111870 0.106160 0.103645 0.102578 0.102142 0.101969 0.101904 0.101880 0.101871 0.101868 0.101867 0.101866 0.101866 0.101865 0.101863 0.101858 0.101847 0.101821 0.101765 0.101650 0.101420 0.100983 0.100186 0.098795 0.096481 0.092814 0.087289 0.079390 0.068700 0.055034 0.038565 0.019892 0.000000 
50.000000 41.134455 32.707157 25.091445 18.546853 13.196677 9.033949 5.949569 3.771703 2.305160 1.362594 0.783887 0.444161 0.253298 0.150577 0.097568 0.071314 0.058821 0.053105 0.050588 0.049520 0.049083 0.048910 0.048845 0.048820 0.048812 0.048809 0.048808 0.048807 0.048807 0.048807 0.048806 0.048803 0.048797 0.048784 0.048756 0.048698 0.048584 0.048366 0.047971 0.047284 0.046149 0.044358 0.041674 0.037858 0.032718 0.026178 0.018325 0.009445 0.000000 
50.000000 41.129779 32.698038 25.078313 18.530274 13.177284 9.012369 5.926370 3.747363 2.280054 1.336996 0.757988 0.418086 0.227123 0.124350 0.071314 0.045045 0.032547 0.026828 0.024309 0.023241 0.022803 0.022631 0.022565 0.022541 0.022532 0.022529 0.022528 0.022528 0.022528 0.022527 0.022527 0.022526 0.022523 0.022516 0.022503 0.022475 0.022420 0.022316 0.022129 0.021804 0.021269 0.020429 0.019176 0.017402 0.015024 0.012008 0.008399 0.004327 0.000000 
50.000000 41.127554 32.693697 25.072063 18.522383 13.168054 9.002098 5.915330 3.735781 2.268107 1.324816 0.745664 0.405679 0.214669 0.111870 0.058821 0.032547 0.020045 0.014324 0.011805 0.010736 0.010299 0.010126 0.010061 0.010036 0.010028 0.010025 0.010024 0.010023 0.010023 0.010023 0.010023 0.010022 0.010021 0.010018 0.010012 0.009999 0.009974 0.009926 0.009841 0.009693 0.009451 0.009072 0.008509 0.007716 0.006655 0.005315 0.003715 0.001913 0.000000 
50.000000 41.126535 32.691711 25.069202 18.518772 13.163830 8.997398 5.910278 3.730481 2.262641 1.319242 0.740025 0.400001 0.208970 0.106160 0.053105 0.026828 0.014324 0.008603 0.006084 0.005015 0.004578 0.004405 0.004339 0.004315 0.004306 0.004303 0.004302 0.004302 0.004302 0.004302 0.004302 0.004301 0.004301 0.004300 0.004297 0.004291 0.004280 0.004259 0.004221 0.004157 0.004051 0.003887 0.003644 0.003301 0.002845 0.002271 0.001586 0.000816 0.000000 
50.000000 41.126087 32.690836 25.067942 18.517182 13.161970 8.995328 5.908053 3.728147 2.260233 1.316788 0.737542 0.397501 0.206461 0.103645 0.050588 0.024309 0.011805 0.006084 0.003564 0.002495 0.002058 0.001885 0.001820 0.001795 0.001787 0.001784 0.001783 0.001782 0.001782 0.001782 0.001782 0.001782 0.001782 0.001781 0.001780 0.001778 0.001773 0.001764 0.001748 0.001721 0.001677 0.001608 0.001506 0.001364 0.001175 0.000937 0.000654 0.000337 0.000000 
50.000000 41.125896 32.690464 25.067407 18.516506 13.161180 8.994450 5.907109 3.727156 2.259212 1.315746 0.736488 0.396440 0.205396 0.102578 0.049520 0.023241 0.010736 0.005015 0.002495 0.001426 0.000989 0.000816 0.000751 0.000726 0.000718 0.000715 0.000714 0.000713 0.000713 0.000713 0.000713 0.000713 0.000713 0.000713 0.000712 0.000711 0.000709 0.000706 0.000699 0.000688 0.000670 0.000643 0.000602 0.000545 0.000469 0.000374 0.000261 0.000134 0.000000 
50.000000 41.125818 32.690312 25.067188 18.516230 13.160857 8.994091 5.906723 3.726751 2.258794 1.315320 0.736057 0.396007 0.204960 0.102142 0.049083 0.022804 0.010299 0.004578 0.002058 0.000989 0.000552 0.000379 0.000313 0.000289 0.000280 0.000277 0.000276 0.000276 0.000276 0.000276 0.000276 0.000276 0.000276 0.000276 0.000276 0.000275 0.000275 0.000273 0.000271 0.000266 0.000259 0.000248 0.000233 0.000210 0.000181 0.000144 0.000101 0.000052 0.000000 
50.000000 41.125788 32.690252 25.067102 18.516121 13.160730 8.993949 5.906571 3.726591 2.258629 1.315152 0.735887 0.395836 0.204789 0.101970 0.048911 0.022631 0.010127 0.004406 0.001886 0.000817 0.000380 0.000207 0.000141 0.000117 0.000108 0.000105 0.000104 0.000104 0.000104 0.000104 0.000104 0.000104 0.000104 0.000104 0.000104 0.000103 0.000103 0.000103 0.000102 0.000100 0.000097 0.000093 0.000087 0.000079 0.000068 0.000054 0.000038 0.000019 0.000000 
50.000000 41.125776 32.690230 25.067070 18.516080 13.160682 8.993896 5.906513 3.726531 2.258567 1.315089 0.735824 0.395771 0.204724 0.101905 0.048846 0.022566 0.010062 0.004341 0.001821 0.000752 0.000315 0.000142 0.000076 0.000052 0.000043 0.000040 0.000039 0.000039 0.000039 0.000039 0.000039 0.000039 0.000039 0.000039 0.000039 0.000039 0.000039 0.000038 0.000038 0.000037 0.000036 0.000035 0.000033 0.000030 0.000025 0.000020 0.000014 0.000007 0.000000 
50.000000 41.125772 32.690222 25.067059 18.516067 13.160666 8.993878 5.906494 3.726511 2.258547 1.315068 0.735803 0.395750 0.204703 0.101884 0.048825 0.022545 0.010041 0.004319 0.001800 0.000731 0.000293 0.000121 0.000055 0.000031 0.000022 0.000019 0.000018 0.000018 0.000018 0.000018 0.000018 0.000018 0.000018 0.000018 0.000018 0.000018 0.000017 0.000017 0.000017 0.000017 0.000016 0.000016 0.000015 0.000013 0.000011 0.000009 0.000006 0.000003 0.000000 
50.000000 41.125772 32.690222 25.067059 18.516067 13.160666 8.993878 5.906494 3.726511 2.258547 1.315068 0.735803 0.395750 0.204703 0.101884 0.048825 0.022545 0.010041 0.004319 0.001800 0.000731 0.000293 0.000121 0.000055 0.000031 0.000022 0.000019 0.000018 0.000018 0.000018 0.000018 0.000018 0.000018 0.000018 0.000018 0.000018 0.000018 0.000017 0.000017 0.000017 0.000017 0.000016 0.000016 0.000015 0.000013 0.000011 0.000009 0.000006 0.000003 0.000000 
50.000000 41.125776 32.690230 25.067070 18.516080 13.160682 8.993896 5.906513 3.726531 2.258567 1.315089 0.735824 0.395771 0.204724 0.101905 0.048846 0.022566 0.010062 0.004341 0.001821 0.000752 0.000315 0.000142 0.000076 0.000052 0.000043 0.000040 0.000039 0.000039 0.000039 0.000039 0.000039 0.000039 0.000039 0.000039 0.000039 0.000039 0.000039 0.000038 0.000038 0.000037 0.000036 0.000035 0.000033 0.000030 0.000025 0.000020 0.000014 0.000007 0.000000 
50.000000 41.125788 32.690252 25.067102 18.516121 13.160730 8.993949 5.906571 3.726591 2.258629 1.315152 0.735887 0.395836 0.204789 0.101970 0.048911 0.022631 0.010127 0.004406 0.001886 0.000817 0.000380 0.000207 0.000141 0.000117 0.000108 0.000105 0.000104 0.000104 0.000104 0.000104 0.000104 0.000104 0.000104 0.000104 0.000104 0.000103 0.000103 0.000103 0.000102 0.000100 0.000097 0.000093 0.000087 0.000079 0.000068 0.000054 0.000038 0.000019 0.000000 
50.000000 41.125818 32.690312 25.067188 18.516230 13.160857 8.994091 5.906723 3.726751 2.258794 1.315320 0.736057 0.396007 0.204960 0.102142 0.049083 0.022804 0.010299 0.004578 0.002058 0.000989 0.000552 0.000379 0.000313 0.000289 0.000280 0.000277 0.000276 0.000276 0.000276 0.000276 0.000276 0.000276 0.000276 0.000276 0.000276 0.000275 0.000275 0.000273 0.000271 0.000266 0.000259 0.000248 0.000233 0.000210 0.000181 0.000144 0.000101 0.000052 0.000000 
50.000000 41.125896 32.690464 25.067407 18.516506 13.161180 8.994450 5.907109 3.727156 2.259212 1.315746 0.736488 0.396440 0.205396 0.102578 0.049520 0.023241 0.010736 0.005015 0.002495 0.001426 0.000989 0.000816 0.000751 0.000726 0.000718 0.000715 0.000714 0.000713 0.000713 0.000713 0.000713 0.000713 0.000713 0.000713 0.000712 0.000711 0.000709 0.000706 0.000699 0.000688 0.000670 0.000643 0.000602 0.000545 0.000469 0.000374 0.000261 0.000134 0.000000 
50.000000 41.126087 32.690836 25.067942 18.517182 13.161970 8.995328 5.908053 3.728147 2.260233 1.316788 0.737542 0.397501 0.206461 0.103645 0.050588 0.024309 0.011805 0.006084 0.003564 0.002495 0.002058 0.001885 0.001820 0.001795 0.001787 0.001784 0.001783 0.001782 0.001782 0.001782 0.001782 0.001782 0.001782 0.001781 0.001780 0.001778 0.001773 0.001764 0.001748 0.001721 0.001677 0.001608 0.001506 0.001364 0.001175 0.000937 0.000654 0.000337 0.000000 
50.000000 41.126535 32.691711 25.069202 18.518772 13.163830 8.997398 5.910278 3.730481 2.262641 1.319242 0.740025 0.400001 0.208970 0.106160 0.053105 0.026828 0.014324 0.008603 0.006084 0.005015 0.004578 0.004405 0.004339 0.004315 0.004306 0.004303 0.004302 0.004302 0.004302 0.004302 0.004302 0.004301 0.004301 0.004300 0.004297 0.004291 0.004280 0.004259 0.004221 0.004157 0.004051 0.003887 0.003644 0.003301 0.002845 0.002271 0.001586 0.000816 0.000000 
50.000000 41.127554 32.693697 25.072063 18.522383 13.168054 9.002098 5.915330 3.735781 2.268107 1.324816 0.745664 0.405679 0.214669 0.111870 0.058821 0.032547 0.020045 0.014324 0.011805 0.010736 0.010299 0.010126 0.010061 0.010036 0.010028 0.010025 0.010024 0.010023 0.010023 0.010023 0.010023 0.010022 0.010021 0.010018 0.010012 0.009999 0.009974 0.009926 0.009841 0.009693 0.009451 0.009072 0.008509 0.007716 0.006655 0.005315 0.003715 0.001913 0.000000 
50.000000 41.129779 32.698038 25.078313 18.530274 13.177284 9.012369 5.926370 3.747363 2.280054 1.336996 0.757988 0.418086 0.227123 0.124350 0.071314 0.045045 0.032547 0.026828 0.024309 0.023241 0.022803 0.022631 0.022565 0.022541 0.022532 0.022529 0.022528 0.022528 0.022528 0.022527 0.022527 0.022526 0.022523 0.022516 0.022503 0.022475 0.022420 0.022316 0.022129 0.021804 0.021269 0.020429 0.019176 0.017402 0.015024 0.012008 0.008399 0.004327 0.000000 
50.000000 41.134455 32.707157 25.091445 18.546853 13.196677 9.033949 5.949569 3.771703 2.305160 1.362594 0.783887 0.444161 0.253298 0.150577 0.097568 0.071314 0.058821 0.053105 0.050588 0.049520 0.049083 0.048910 0.048845 0.048820 0.048812 0.048809 0.048808 0.048807 0.048807 0.048807 0.048806 0.048803 0.048797 0.048784 0.048756 0.048698 0.048584 0.048366 0.047971 0.047284 0.046149 0.044358 0.041674 0.037858 0.032718 0.026178 0.018325 0.009445 0.000000 
50.000000 41.143892 32.725563 25.117953 18.580318 13.235825 9.077513 5.996402 3.820840 2.355847 1.414274 0.836176 0.496807 0.306144 0.203530 0.150577 0.124350 0.111870 0.106160 0.103645 0.102578 0.102142 0.101969 0.101904 0.101880 0.101871 0.101868 0.101867 0.101866 0.101866 0.101865 0.101863 0.101858 0.101847 0.101821 0.101765 0.101650 0.101420 0.100983 0.100186 0.098795 0.096481 0.092814 0.087289 0.079390 0.068700 0.055034 0.038565 0.019892 0.000000 
50.000000 41.162175 32.761220 25.169307 18.645152 13.311672 9.161920 6.087144 3.916050 2.454062 1.514417 0.937500 0.598824 0.408548 0.306144 0.253298 0.227123 0.214669 0.208970 0.206461 0.205396 0.204960 0.204788 0.204723 0.204699 0.204690 0.204687 0.204686 0.204685 0.204685 0.204683 0.204679 0.204670 0.204648 0.204599 0.204494 0.204274 0.203836 0.202996 0.201456 0.198757 0.194240 0.187038 0.176119 0.160413 0.139028 0.111540 0.078261 0.040401 0.000000 
50.000000 41.196136 32.827459 25.264704 18.765596 13.452577 9.318733 6.255733 4.092945 2.636542 1.700484 1.125765 0.788377 0.598824 0.496807 0.444161 0.418086 0.405679 0.400001 0.397501 0.396440 0.396006 0.395835 0.395770 0.395746 0.395737 0.395734 0.395733 0.395732 0.395731 0.395728 0.395721 0.395705 0.395666 0.395578 0.395387 0.394988 0.394189 0.392649 0.389810 0.384803 0.376369 0.362826 0.342143 0.312171 0.271069 0.217880 0.153118 0.079131 0.000000 
50.000000 41.256569 32.945330 25.434468 18.979935 13.703337 9.597812 6.555779 4.407781 2.961329 2.031658 1.460857 1.125765 0.937500 0.836176 0.783887 0.757988 0.745664 0.740025 0.737542 0.736488 0.736057 0.735887 0.735822 0.735798 0.735790 0.735787 0.735785 0.735784 0.735782 0.735778 0.735766 0.735738 0.735671 0.735521 0.735193 0.734504 0.733116 0.730428 0.725441 0.716582 0.701547 0.677209 0.639721 0.584915 0.509094 0.410159 0.288831 0.149477 0.000000 
50.000000 41.359489 33.146072 25.723592 19.344985 14.130429 10.073151 7.066842 4.944052 3.514560 2.595779 2.031658 1.700484 1.514417 1.414274 1.362594 1.336996 1.324816 1.319242 1.316788 1.315746 1.315320 1.315152 1.315088 1.315064 1.315056 1.315053 1.315051 1.315050 1.315047 1.315039 1.315021 1.314975 1.314868 1.314624 1.314089 1.312961 1.310673 1.306217 1.297890 1.282983 1.257463 1.215762 1.150877 1.055007 0.920942 0.744191 0.525444 0.272432 0.000000 
50.000000 41.527083 33.472960 26.194409 19.939456 14.825952 10.847264 7.899158 5.817441 4.415589 3.514560 2.961329 2.636542 2.454062 2.355847 2.305160 2.280054 2.268107 2.262641 2.260233 2.259212 2.258794 2.258629 2.258566 2.258542 2.258534 2.258531 2.258530 2.258528 2.258523 2.258512 2.258484 2.258414 2.258250 2.257876 2.257052 2.255304 2.251739 2.244746 2.231577 2.207794 2.166677 2.098752 1.991793 1.831724 1.604896 1.301915 0.922466 0.479480 0.000000 
50.000000 41.787788 33.981468 26.926824 20.864250 15.907975 12.051580 9.194053 7.176266 5.817441 4.944052 4.407781 4.092945 3.916050 3.820840 3.771703 3.747363 3.735781 3.730481 3.728147 3.727156 3.726751 3.726591 3.726530 3.726507 3.726499 3.726496 3.726494 3.726492 3.726486 3.726470 3.726429 3.726330 3.726094 3.725554 3.724359 3.721810 3.716576 3.706234 3.686590 3.650765 3.588133 3.483355 3.316022 3.061698 2.695327 2.197705 1.564644 0.816135 0.000000 
50.000000 42.174873 34.736486 28.014312 22.237407 17.514623 13.839856 11.116871 9.194053 7.899158 7.066842 6.555779 6.255733 6.087144 5.996402 5.949569 5.926370 5.915330 5.910278 5.908053 5.907109 5.906723 5.906570 5.906512 5.906490 5.906483 5.906480 5.906478 5.906475 5.906466 5.906445 5.906391 5.906258 5.905941 5.905211 5.903588 5.900106 5.892907 5.878569 5.851080 5.800406 5.710698 5.558435 5.311201 4.928346 4.365370 3.584006 2.568782 1.346793 0.000000 
50.000000 42.722987 35.805604 29.554232 24.181879 19.789776 16.372261 13.839856 12.051580 10.847264 10.073151 9.597812 9.318733 9.161920 9.077513 9.033949 9.012369 9.002098 8.997398 8.995328 8.994450 8.994090 8.993948 8.993894 8.993874 8.993867 8.993864 8.993862 8.993858 8.993848 8.993822 8.993755 8.993589 8.993192 8.992275 8.990225 8.985801 8.976591 8.958091 8.922274 8.855471 8.735558 8.528655 8.186131 7.643621 6.825115 5.656599 4.093787 2.163284 0.000000 
50.000000 43.462624 37.248306 31.632273 26.805879 22.860072 19.789776 17.514623 15.907975 14.825952 14.130429 13.703337 13.452577 13.311672 13.235825 13.196677 13.177284 13.168054 13.163830 13.161970 13.161180 13.160857 13.160730 13.160681 13.160663 13.160656 13.160654 13.160651 13.160647 13.160636 13.160606 13.160529 13.160339 13.159881 13.158820 13.156435 13.151259 13.140406 13.118422 13.075423 12.994229 12.846277 12.586276 12.146154 11.430036 10.314400 8.661610 6.360065 3.404080 0.000000 
50.000000 44.413132 39.102335 34.302808 30.178080 26.805879 24.181879 22.237407 20.864250 19.939456 19.344985 18.979935 18.765596 18.645152 18.580318 18.546853 18.530274 18.522383 18.518772 18.517182 18.516506 18.516230 18.516121 18.516079 18.516064 18.516058 18.516056 18.516054 18.516049 18.516038 18.516007 18.515927 18.515728 18.515250 18.514134 18.511617 18.506124 18.494526 18.470841 18.424043 18.334560 18.168924 17.872037 17.356763 16.491479 15.089040 12.907868 9.692109 5.303844 0.000000 
50.000000 45.575724 41.370060 37.569256 34.302808 31.632273 29.554232 28.014312 26.926824 26.194409 25.723592 25.434468 25.264704 25.169307 25.117953 25.091445 25.078313 25.072063 25.069202 25.067942 25.067407 25.067188 25.067102 25.067069 25.067057 25.067052 25.067050 25.067048 25.067044 25.067033 25.067005 25.066931 25.066748 25.066305 25.065268 25.062919 25.057767 25.046824 25.024309 24.979400 24.892494 24.729119 24.430306 23.897633 22.970664 21.394940 18.784628 14.610355 8.331270 0.000000 
50.000000 46.928492 44.008746 41.370060 39.102335 37.248306 35.805604 34.736486 33.981468 33.472960 33.146072 32.945330 32.827459 32.761220 32.725563 32.707157 32.698038 32.693697 32.691711 32.690836 32.690464 32.690312 32.690252 32.690229 32.690221 32.690218 32.690216 32.690215 32.690212 32.690203 32.690181 32.690124 32.689982 32.689638 32.688832 32.686998 32.682960 32.674341 32.656498 32.620628 32.550494 32.416823 32.167703 31.711817 30.888241 29.410226 26.759705 22.004373 13.601057 0.000000 
50.000000 48.425345 46.928492 45.575724 44.413132 43.462624 42.722987 42.174873 41.787788 41.527083 41.359489 41.256569 41.196136 41.162175 41.143892 41.134455 41.129779 41.127554 41.126535 41.126087 41.125896 41.125818 41.125788 41.125776 41.125771 41.125770 41.125769 41.125768 41.125767 41.125762 41.125750 41.125719 41.125641 41.125453 41.125010 41.124001 41.121774 41.117005 41.107092 41.087058 41.047603 40.971654 40.828080 40.559703 40.058544 39.109288 37.244454 33.327434 24.212672 0.000000 
50.000000 50.000000 50.000000 50.000000 50.000000 50.000000 50.000000 50.000000 50.000000 50.000000 50.000000 50.000000 50.000000 50.000000 50.000000 50.000000 50.000000 50.000000 50.000000 50.000000 50.000000 50.000000 50.000000 50.000000 50.000000 50.000000 50.000000 50.000000 50.000000 50.000000 50.000000 50.000000 50.000000 50.000000 50.000000 50.000000 50.000000 50.000000 50.000000 50.000000 50.000000 50.000000 50.000000 50.000000 50.000000 50.000000 50.000000 50.000000 50.000000 50.000000 
