50.000000 50.000000 50.000000 50.000000 50.000000 50.000000 50.000000 50.000000 50.000000 50.000000 50.000000 50.000000 50.000000 50.000000 50.000000 50.000000 50.000000 50.000000 50.000000 50.000000 50.000000 50.000000 50.000000 50.000000 50.000000 50.000000 50.000000 50.000000 50.000000 50.000000 50.000000 50.000000 50.000000 50.000000 50.000000 50.000000 50.000000 50.000000 50.000000 50.000000 50.000000 50.000000 50.000000 50.000000 50.000000 50.000000 50.000000 50.000000 50.000000 50.000000 
50.000000 48.325996 46.739912 45.315836 44.103811 43.125543 42.376294 41.831391 41.454785 41.207204 41.052244 40.959809 40.907205 40.878614 40.863756 40.856366 40.852844 40.851233 40.850527 40.850229 40.850107 40.850060 40.850042 40.850036 40.850034 40.850033 40.850032 40.850032 40.850031 40.850028 40.850021 40.850001 40.849950 40.849820 40.849502 40.848750 40.847030 40.843218 40.835036 40.817993 40.783478 40.715313 40.583434 40.331789 39.853418 38.933675 37.105166 33.230616 24.162998 0.000000 
50.000000 46.739912 43.651053 40.877708 38.517335 36.612207 35.153095 34.091941 33.358539 32.876407 32.574645 32.394644 32.292208 32.236533 32.207601 32.193211 32.186353 32.183218 32.181842 32.181261 32.181026 32.180934 32.180899 32.180886 32.180882 32.180880 32.180880 32.180879 32.180877 32.180872 32.180859 32.180823 32.180729 32.180493 32.179917 32.178558 32.175456 32.168606 32.153959 32.123614 32.062604 31.943311 31.715791 31.290813 30.509329 29.085828 26.502408 21.825526 13.509297 0.000000 
50.000000 45.315836 40.877708 36.892935 33.501551 30.764287 28.667878 27.143265 26.089565 25.396886 24.963353 24.704756 24.557595 24.477613 24.436052 24.415380 24.405529 24.401026 24.399049 24.398215 24.397877 24.397744 24.397694 24.397676 24.397670 24.397668 24.397667 24.397666 24.397664 24.397657 24.397640 24.397594 24.397474 24.397173 24.396440 24.394714 24.390792 24.382172 24.363856 24.326207 24.251290 24.106809 23.836379 23.344324 22.472672 20.968593 18.446467 14.375300 8.210671 0.000000 
50.000000 44.103811 38.517335 33.501551 29.232725 25.787301 23.148566 21.229580 19.903346 19.031528 18.485890 18.160433 17.975229 17.874574 17.822271 17.796258 17.783862 17.778196 17.775709 17.774660 17.774234 17.774067 17.774004 17.773981 17.773973 17.773971 17.773970 17.773968 17.773966 17.773959 17.773941 17.773892 17.773764 17.773442 17.772663 17.770837 17.766706 17.757682 17.738651 17.699899 17.623704 17.479009 17.213586 16.743337 15.939376 14.616363 12.532958 9.431507 5.170136 0.000000 
50.000000 43.125543 36.612207 30.764287 25.787301 21.770364 18.693980 16.456762 14.910631 13.894285 13.258211 12.878822 12.662936 12.545609 12.484646 12.454327 12.439879 12.433276 12.430377 12.429154 12.428658 12.428464 12.428391 12.428364 12.428355 12.428352 12.428350 12.428349 12.428347 12.428341 12.428323 12.428277 12.428156 12.427853 12.427123 12.425420 12.421587 12.413272 12.395879 12.360817 12.292732 12.165441 11.936484 11.540789 10.885182 9.847925 8.291615 6.102878 3.272125 0.000000 
50.000000 42.376294 35.153095 28.667878 23.148566 18.693980 15.282478 12.801606 11.087126 9.960147 9.254853 8.834191 8.594827 8.464746 8.397158 8.363546 8.347529 8.340209 8.336996 8.335641 8.335091 8.334876 8.334795 8.334765 8.334755 8.334751 8.334750 8.334749 8.334747 8.334741 8.334726 8.334686 8.334583 8.334325 8.333706 8.332268 8.329053 8.322126 8.307756 8.279079 8.224071 8.122749 7.943781 7.641239 7.153190 6.405229 5.323554 3.862282 2.044505 0.000000 
50.000000 41.831391 34.091941 27.143265 21.229580 16.456762 12.801606 10.143599 8.306744 7.099354 6.343759 5.893109 5.636689 5.497343 5.424945 5.388941 5.371786 5.363945 5.360504 5.359053 5.358464 5.358234 5.358147 5.358115 5.358104 5.358100 5.358099 5.358098 5.358096 5.358092 5.358080 5.358049 5.357968 5.357766 5.357283 5.356169 5.353692 5.348392 5.337487 5.315936 5.275071 5.200825 5.071799 4.857826 4.520279 4.015994 3.306885 2.376150 1.247957 0.000000 
50.000000 41.454785 33.358539 26.089565 19.903346 14.910631 11.087126 8.306744 6.385359 5.122434 4.332103 3.860749 3.592556 3.446817 3.371099 3.333446 3.315506 3.307306 3.303708 3.302190 3.301574 3.301334 3.301243 3.301210 3.301198 3.301194 3.301193 3.301192 3.301191 3.301188 3.301179 3.301156 3.301097 3.300951 3.300602 3.299801 3.298031 3.294268 3.286587 3.271544 3.243323 3.192679 3.105919 2.964377 2.745190 2.424337 1.982756 1.415227 0.739471 0.000000 
50.000000 41.207204 32.876407 25.396886 19.031528 13.894285 9.960147 7.099354 5.122434 3.823030 3.009887 2.524938 2.249016 2.099082 2.021185 1.982451 1.963995 1.955561 1.951860 1.950298 1.949665 1.949417 1.949324 1.949290 1.949278 1.949274 1.949272 1.949272 1.949271 1.949269 1.949263 1.949247 1.949207 1.949108 1.948873 1.948335 1.947153 1.944656 1.939596 1.929771 1.911515 1.879111 1.824284 1.736076 1.601553 1.407824 1.145596 0.813803 0.423726 0.000000 
50.000000 41.052244 32.574645 24.963353 18.485890 13.258211 9.254853 6.343759 4.332103 3.009887 2.182481 1.689035 1.408283 1.255727 1.176471 1.137060 1.118283 1.109702 1.105937 1.104348 1.103704 1.103452 1.103357 1.103323 1.103310 1.103306 1.103305 1.103304 1.103304 1.103302 1.103298 1.103288 1.103263 1.103200 1.103051 1.102712 1.101970 1.100413 1.097280 1.091240 1.080115 1.060559 1.027823 0.975774 0.897394 0.785991 0.637146 0.451031 0.234251 0.000000 
50.000000 40.959809 32.394644 24.704756 18.160433 12.878822 8.834191 5.893109 3.860749 2.524938 1.689035 1.190527 0.906899 0.752782 0.672716 0.632904 0.613936 0.605268 0.601464 0.599860 0.599208 0.598954 0.598858 0.598823 0.598811 0.598807 0.598805 0.598805 0.598804 0.598804 0.598801 0.598795 0.598780 0.598742 0.598653 0.598451 0.598013 0.597096 0.595263 0.591755 0.585341 0.574162 0.555622 0.526436 0.482943 0.421782 0.340900 0.240686 0.124773 0.000000 
50.000000 40.907205 32.292208 24.557595 17.975229 12.662936 8.594827 5.636689 3.592556 2.249016 1.408283 0.906899 0.621638 0.466635 0.386109 0.346069 0.326992 0.318275 0.314449 0.312836 0.312181 0.311925 0.311829 0.311794 0.311781 0.311777 0.311776 0.311775 0.311775 0.311774 0.311773 0.311770 0.311761 0.311739 0.311689 0.311576 0.311330 0.310819 0.309803 0.307870 0.304360 0.298288 0.288297 0.272701 0.249663 0.217547 0.175423 0.123603 0.063987 0.000000 
50.000000 40.878614 32.236533 24.477613 17.874574 12.545609 8.464746 5.497343 3.446817 2.099082 1.255727 0.752782 0.466635 0.311151 0.230377 0.190213 0.171077 0.162333 0.158496 0.156877 0.156220 0.155964 0.155867 0.155832 0.155819 0.155815 0.155814 0.155813 0.155813 0.155813 0.155812 0.155810 0.155806 0.155794 0.155767 0.155706 0.155576 0.155305 0.154770 0.153757 0.151929 0.148786 0.143651 0.135693 0.124022 0.107868 0.086821 0.061077 0.031584 0.000000 
50.000000 40.863756 32.207601 24.436052 17.822271 12.484646 8.397158 5.424945 3.371099 2.021185 1.176471 0.672716 0.386109 0.230377 0.149473 0.109245 0.090079 0.081320 0.077477 0.075856 0.075199 0.074941 0.074845 0.074809 0.074797 0.074793 0.074791 0.074791 0.074791 0.074791 0.074790 0.074789 0.074787 0.074781 0.074767 0.074736 0.074670 0.074534 0.074265 0.073759 0.072851 0.071298 0.068775 0.064890 0.059226 0.051434 0.041337 0.029043 0.015006 0.000000 
50.000000 40.856366 32.193211 24.415380 17.796258 12.454327 8.363546 5.388941 3.333446 1.982451 1.137060 0.632904 0.346069 0.190213 0.109245 0.068985 0.049804 0.041039 0.037193 0.035570 0.034912 0.034655 0.034558 0.034523 0.034510 0.034506 0.034505 0.034504 0.034504 0.034504 0.034504 0.034503 0.034502 0.034499 0.034493 0.034478 0.034446 0.034380 0.034251 0.034010 0.033578 0.032844 0.031658 0.029840 0.027204 0.023596 0.018941 0.013294 0.006864 0.000000 
50.000000 40.852844 32.186353 24.405529 17.783862 12.439879 8.347529 5.371786 3.315506 1.963995 1.118283 0.613936 0.326992 0.171077 0.090079 0.049804 0.030616 0.021848 0.018000 0.016377 0.015719 0.015461 0.015364 0.015329 0.015317 0.015312 0.015311 0.015311 0.015310 0.015310 0.015310 0.015310 0.015309 0.015308 0.015305 0.015298 0.015283 0.015253 0.015194 0.015084 0.014887 0.014555 0.014020 0.013204 0.012026 0.010420 0.008356 0.005860 0.003024 0.000000 
50.000000 40.851233 32.183218 24.401026 17.778196 12.433276 8.340209 5.363945 3.307306 1.955561 1.109702 0.605268 0.318275 0.162333 0.081320 0.041039 0.021848 0.013077 0.009229 0.007606 0.006947 0.006690 0.006593 0.006558 0.006545 0.006541 0.006540 0.006539 0.006539 0.006539 0.006539 0.006539 0.006539 0.006538 0.006537 0.006534 0.006527 0.006514 0.006488 0.006440 0.006354 0.006210 0.005978 0.005626 0.005120 0.004432 0.003551 0.002489 0.001284 0.000000 
50.000000 40.850527 32.181842 24.399049 17.775709 12.430377 8.336996 5.360504 3.303708 1.951860 1.105937 0.601464 0.314449 0.158496 0.077477 0.037193 0.018000 0.009229 0.005381 0.003757 0.003099 0.002841 0.002744 0.002709 0.002697 0.002692 0.002691 0.002691 0.002690 0.002690 0.002690 0.002690 0.002690 0.002690 0.002689 0.002688 0.002685 0.002680 0.002669 0.002648 0.002613 0.002552 0.002456 0.002310 0.002101 0.001817 0.001455 0.001019 0.000525 0.000000 
50.000000 40.850229 32.181261 24.398215 17.774660 12.429154 8.335641 5.359053 3.302190 1.950298 1.104348 0.599860 0.312836 0.156877 0.075856 0.035570 0.016377 0.007606 0.003757 0.002134 0.001475 0.001218 0.001121 0.001086 0.001073 0.001069 0.001068 0.001067 0.001067 0.001067 0.001067 0.001067 0.001067 0.001067 0.001067 0.001066 0.001065 0.001063 0.001058 0.001050 0.001036 0.001011 0.000973 0.000915 0.000831 0.000719 0.000575 0.000403 0.000207 0.000000 
50.000000 40.850107 32.181026 24.397877 17.774234 12.428658 8.335091 5.358464 3.301574 1.949665 1.103704 0.599208 0.312181 0.156220 0.075199 0.034912 0.015719 0.006947 0.003099 0.001475 0.000817 0.000559 0.000462 0.000427 0.000415 0.000410 0.000409 0.000409 0.000408 0.000408 0.000408 0.000408 0.000408 0.000408 0.000408 0.000408 0.000408 0.000407 0.000405 0.000402 0.000396 0.000387 0.000372 0.000349 0.000317 0.000274 0.000219 0.000153 0.000079 0.000000 
50.000000 40.850060 32.180934 24.397744 17.774067 12.428464 8.334876 5.358234 3.301334 1.949417 1.103452 0.598954 0.311925 0.155964 0.074941 0.034655 0.015461 0.006690 0.002841 0.001218 0.000559 0.000302 0.000205 0.000170 0.000157 0.000153 0.000152 0.000151 0.000151 0.000151 0.000151 0.000151 0.000151 0.000151 0.000151 0.000151 0.000151 0.000150 0.000150 0.000148 0.000146 0.000143 0.000137 0.000129 0.000117 0.000101 0.000081 0.000057 0.000029 0.000000 
50.000000 40.850042 32.180899 24.397695 17.774004 12.428391 8.334795 5.358147 3.301243 1.949324 1.103357 0.598858 0.311829 0.155867 0.074845 0.034558 0.015364 0.006593 0.002744 0.001121 0.000462 0.000205 0.000108 0.000073 0.000060 0.000056 0.000055 0.000054 0.000054 0.000054 0.000054 0.000054 0.000054 0.000054 0.000054 0.000054 0.000054 0.000054 0.000054 0.000053 0.000052 0.000051 0.000049 0.000046 0.000042 0.000036 0.000029 0.000020 0.000010 0.000000 
50.000000 40.850036 32.180886 24.397677 17.773982 12.428365 8.334766 5.358116 3.301211 1.949290 1.103323 0.598824 0.311794 0.155832 0.074810 0.034523 0.015330 0.006558 0.002710 0.001086 0.000428 0.000170 0.000073 0.000038 0.000025 0.000021 0.000020 0.000019 0.000019 0.000019 0.000019 0.000019 0.000019 0.000019 0.000019 0.000019 0.000019 0.000019 0.000019 0.000019 0.000019 0.000018 0.000017 0.000016 0.000015 0.000013 0.000010 0.000007 0.000004 0.000000 
50.000000 40.850034 32.180883 24.397671 17.773975 12.428356 8.334756 5.358106 3.301200 1.949280 1.103312 0.598813 0.311783 0.155821 0.074799 0.034512 0.015319 0.006547 0.002699 0.001075 0.000417 0.000159 0.000062 0.000027 0.000014 0.000010 0.000009 0.000008 0.000008 0.000008 0.000008 0.000008 0.000008 0.000008 0.000008 0.000008 0.000008 0.000008 0.000008 0.000008 0.000008 0.000008 0.000007 0.000007 0.000006 0.000005 0.000004 0.000003 0.000002 0.000000 
50.000000 40.850034 32.180883 24.397671 17.773975 12.428356 8.334756 5.358106 3.301200 1.949280 1.103312 0.598813 0.311783 0.155821 0.074799 0.034512 0.015319 0.006547 0.002699 0.001075 0.000417 0.000159 0.000062 0.000027 0.000014 0.000010 0.000009 0.000008 0.000008 0.000008 0.000008 0.000008 0.000008 0.000008 0.000008 0.000008 0.000008 0.000008 0.000008 0.000008 0.000008 0.000008 0.000007 0.000007 0.000006 0.000005 0.000004 0.000003 0.000002 0.000000 
50.000000 40.850036 32.180886 24.397677 17.773982 12.428365 8.334766 5.358116 3.301211 1.949290 1.103323 0.598824 0.311794 0.155832 0.074810 0.034523 0.015330 0.006558 0.002710 0.001086 0.000428 0.000170 0.000073 0.000038 0.000025 0.000021 0.000020 0.000019 0.000019 0.000019 0.000019 0.000019 0.000019 0.000019 0.000019 0.000019 0.000019 0.000019 0.000019 0.000019 0.000019 0.000018 0.000017 0.000016 0.000015 0.000013 0.000010 0.000007 0.000004 0.000000 
50.000000 40.850042 32.180899 24.397695 17.774004 12.428391 8.334795 5.358147 3.301243 1.949324 1.103357 0.598858 0.311829 0.155867 0.074845 0.034558 0.015364 0.006593 0.002744 0.001121 0.000462 0.000205 0.000108 0.000073 0.000060 0.000056 0.000055 0.000054 0.000054 0.000054 0.000054 0.000054 0.000054 0.000054 0.000054 0.000054 0.000054 0.000054 0.000054 0.000053 0.000052 0.000051 0.000049 0.000046 0.000042 0.000036 0.000029 0.000020 0.000010 0.000000 
50.000000 40.850060 32.180934 24.397744 17.774067 12.428464 8.334876 5.358234 3.301334 1.949417 1.103452 0.598954 0.311925 0.155964 0.074941 0.034655 0.015461 0.006690 0.002841 0.001218 0.000559 0.000302 0.000205 0.000170 0.000157 0.000153 0.000152 0.000151 0.000151 0.000151 0.000151 0.000151 0.000151 0.000151 0.000151 0.000151 0.000151 0.000150 0.000150 0.000148 0.000146 0.000143 0.000137 0.000129 0.000117 0.000101 0.000081 0.000057 0.000029 0.000000 
50.000000 40.850107 32.181026 24.397877 17.774234 12.428658 8.335091 5.358464 3.301574 1.949665 1.103704 0.599208 0.312181 0.156220 0.075199 0.034912 0.015719 0.006947 0.003099 0.001475 0.000817 0.000559 0.000462 0.000427 0.000415 0.000410 0.000409 0.000409 0.000408 0.000408 0.000408 0.000408 0.000408 0.000408 0.000408 0.000408 0.000408 0.000407 0.000405 0.000402 0.000396 0.000387 0.000372 0.000349 0.000317 0.000274 0.000219 0.000153 0.000079 0.000000 
50.000000 40.850229 32.181261 24.398215 17.774660 12.429154 8.335641 5.359053 3.302190 1.950298 1.104348 0.599860 0.312836 0.156877 0.075856 0.035570 0.016377 0.007606 0.003757 0.002134 0.001475 0.001218 0.001121 0.001086 0.001073 0.001069 0.001068 0.001067 0.001067 0.001067 0.001067 0.001067 0.001067 0.001067 0.001067 0.001066 0.001065 0.001063 0.001058 0.001050 0.001036 0.001011 0.000973 0.000915 0.000831 0.000719 0.000575 0.000403 0.000207 0.000000 
50.000000 40.850527 32.181842 24.399049 17.775709 12.430377 8.336996 5.360504 3.303708 1.951860 1.105937 0.601464 0.314449 0.158496 0.077477 0.037193 0.018000 0.009229 0.005381 0.003757 0.003099 0.002841 0.002744 0.002709 0.002697 0.002692 0.002691 0.002691 0.002690 0.002690 0.002690 0.002690 0.002690 0.002690 0.002689 0.002688 0.002685 0.002680 0.002669 0.002648 0.002613 0.002552 0.002456 0.002310 0.002101 0.001817 0.001455 0.001019 0.000525 0.000000 
50.000000 40.851233 32.183218 24.401026 17.778196 12.433276 8.340209 5.363945 3.307306 1.955561 1.109702 0.605268 0.318275 0.162333 0.081320 0.041039 0.021848 0.013077 0.009229 0.007606 0.006947 0.006690 0.006593 0.006558 0.006545 0.006541 0.006540 0.006539 0.006539 0.006539 0.006539 0.006539 0.006539 0.006538 0.006537 0.006534 0.006527 0.006514 0.006488 0.006440 0.006354 0.006210 0.005978 0.005626 0.005120 0.004432 0.003551 0.002489 0.001284 0.000000 
50.000000 40.852844 32.186353 24.405529 17.783862 12.439879 8.347529 5.371786 3.315506 1.963995 1.118283 0.613936 0.326992 0.171077 0.090079 0.049804 0.030616 0.021848 0.018000 0.016377 0.015719 0.015461 0.015364 0.015329 0.015317 0.015312 0.015311 0.015311 0.015310 0.015310 0.015310 0.015310 0.015309 0.015308 0.015305 0.015298 0.015283 0.015253 0.015194 0.015084 0.014887 0.014555 0.014020 0.013204 0.012026 0.010420 0.008356 0.005860 0.003024 0.000000 
50.000000 40.856366 32.193211 24.415380 17.796258 12.454327 8.363546 5.388941 3.333446 1.982451 1.137060 0.632904 0.346069 0.190213 0.109245 0.068985 0.049804 0.041039 0.037193 0.035570 0.034912 0.034655 0.034558 0.034523 0.034510 0.034506 0.034505 0.034504 0.034504 0.034504 0.034504 0.034503 0.034502 0.034499 0.034493 0.034478 0.034446 0.034380 0.034251 0.034010 0.033578 0.032844 0.031658 0.029840 0.027204 0.023596 0.018941 0.013294 0.006864 0.000000 
50.000000 40.863756 32.207601 24.436052 17.822271 12.484646 8.397158 5.424945 3.371099 2.021185 1.176471 0.672716 0.386109 0.230377 0.149473 0.109245 0.090079 0.081320 0.077477 0.075856 0.075199 0.074941 0.074845 0.074809 0.074797 0.074793 0.074791 0.074791 0.074791 0.074791 0.074790 0.074789 0.074787 0.074781 0.074767 0.074736 0.074670 0.074534 0.074265 0.073759 0.072851 0.071298 0.068775 0.064890 0.059226 0.051434 0.041337 0.029043 0.015006 0.000000 
50.000000 40.878614 32.236533 24.477613 17.874574 12.545609 8.464746 5.497343 3.446817 2.099082 1.255727 0.752782 0.466635 0.311151 0.230377 0.190213 0.171077 0.162333 0.158496 0.156877 0.156220 0.155964 0.155867 0.155832 0.155819 0.155815 0.155814 0.155813 0.155813 0.155813 0.155812 0.155810 0.155806 0.155794 0.155767 0.155706 0.155576 0.155305 0.154770 0.153757 0.151929 0.148786 0.143651 0.135693 0.124022 0.107868 0.086821 0.061077 0.031584 0.000000 
50.000000 40.907205 32.292208 24.557595 17.975229 12.662936 8.594827 5.636689 3.592556 2.249016 1.408283 0.906899 0.621638 0.466635 0.386109 0.346069 0.326992 0.318275 0.314449 0.312836 0.312181 0.311925 0.311829 0.311794 0.311781 0.311777 0.311776 0.311775 0.311775 0.311774 0.311773 0.311770 0.311761 0.311739 0.311689 0.311576 0.311330 0.310819 0.309803 0.307870 0.304360 0.298288 0.288297 0.272701 0.249663 0.217547 0.175423 0.123603 0.063987 0.000000 
50.000000 40.959809 32.394644 24.704756 18.160433 12.878822 8.834191 5.893109 3.860749 2.524938 1.689035 1.190527 0.906899 0.752782 0.672716 0.632904 0.613936 0.605268 0.601464 0.599860 0.599208 0.598954 0.598858 0.598823 0.598811 0.598807 0.598805 0.598805 0.598804 0.598804 0.598801 0.598795 0.598780 0.598742 0.598653 0.598451 0.598013 0.597096 0.595263 0.591755 0.585341 0.574162 0.555622 0.526436 0.482943 0.421782 0.340900 0.240686 0.124773 0.000000 
50.000000 41.052244 32.574645 24.963353 18.485890 13.258211 9.254853 6.343759 4.332103 3.009887 2.182481 1.689035 1.408283 1.255727 1.176471 1.137060 1.118283 1.109702 1.105937 1.104348 1.103704 1.103452 1.103357 1.103323 1.103310 1.103306 1.103305 1.103304 1.103304 1.103302 1.103298 1.103288 1.103263 1.103200 1.103051 1.102712 1.101970 1.100413 1.097280 1.091240 1.080115 1.060559 1.027823 0.975774 0.897394 0.785991 0.637146 0.451031 0.234251 0.000000 
50.000000 41.207204 32.876407 25.396886 19.031528 13.894285 9.960147 7.099354 5.122434 3.823030 3.009887 2.524938 2.249016 2.099082 2.021185 1.982451 1.963995 1.955561 1.951860 1.950298 1.949665 1.949417 1.949324 1.949290 1.949278 1.949274 1.949272 1.949272 1.949271 1.949269 1.949263 1.949247 1.949207 1.949108 1.948873 1.948335 1.947153 1.944656 1.939596 1.929771 1.911515 1.879111 1.824284 1.736076 1.601553 1.407824 1.145596 0.813803 0.423726 0.000000 
50.000000 41.454785 33.358539 26.089565 19.903346 14.910631 11.087126 8.306744 6.385359 5.122434 4.332103 3.860749 3.592556 3.446817 3.371099 3.333446 3.315506 3.307306 3.303708 3.302190 3.301574 3.301334 3.301243 3.301210 3.301198 3.301194 3.301193 3.301192 3.301191 3.301188 3.301179 3.301156 3.301097 3.300951 3.300602 3.299801 3.298031 3.294268 3.286587 3.271544 3.243323 3.192679 3.105919 2.964377 2.745190 2.424337 1.982756 1.415227 0.739471 0.000000 
50.000000 41.831391 34.091941 27.143265 21.229580 16.456762 12.801606 10.143599 8.306744 7.099354 6.343759 5.893109 5.636689 5.497343 5.424945 5.388941 5.371786 5.363945 5.360504 5.359053 5.358464 5.358234 5.358147 5.358115 5.358104 5.358100 5.358099 5.358098 5.358096 5.358092 5.358080 5.358049 5.357968 5.357766 5.357283 5.356169 5.353692 5.348392 5.337487 5.315936 5.275071 5.200825 5.071799 4.857826 4.520279 4.015994 3.306885 2.376150 1.247957 0.000000 
50.000000 42.376294 35.153095 28.667878 23.148566 18.693980 15.282478 12.801606 11.087126 9.960147 9.254853 8.834191 8.594827 8.464746 8.397158 8.363546 8.347529 8.340209 8.336996 8.335641 8.335091 8.334876 8.334795 8.334765 8.334755 8.334751 8.334750 8.334749 8.334747 8.334741 8.334726 8.334686 8.334583 8.334325 8.333706 8.332268 8.329053 8.322126 8.307756 8.279079 8.224071 8.122749 7.943781 7.641239 7.153190 6.405229 5.323554 3.862282 2.044505 0.000000 
50.000000 43.125543 36.612207 30.764287 25.787301 21.770364 18.693980 16.456762 14.910631 13.894285 13.258211 12.878822 12.662936 12.545609 12.484646 12.454327 12.439879 12.433276 12.430377 12.429154 12.428658 12.428464 12.428391 12.428364 12.428355 12.428352 12.428350 12.428349 12.428347 12.428341 12.428323 12.428277 12.428156 12.427853 12.427123 12.425420 12.421587 12.413272 12.395879 12.360817 12.292732 12.165441 11.936484 11.540789 10.885182 9.847925 8.291615 6.102878 3.272125 0.000000 
50.000000 44.103811 38.517335 33.501551 29.232725 25.787301 23.148566 21.229580 19.903346 19.031528 18.485890 18.160433 17.975229 17.874574 17.822271 17.796258 17.783862 17.778196 17.775709 17.774660 17.774234 17.774067 17.774004 17.773981 17.773973 17.773971 17.773970 17.773968 17.773966 17.773959 17.773941 17.773892 17.773764 17.773442 17.772663 17.770837 17.766706 17.757682 17.738651 17.699899 17.623704 17.479009 17.213586 16.743337 15.939376 14.616363 12.532958 9.431507 5.170136 0.000000 
50.000000 45.315836 40.877708 36.892935 33.501551 30.764287 28.667878 27.143265 26.089565 25.396886 24.963353 24.704756 24.557595 24.477613 24.436052 24.415380 24.405529 24.401026 24.399049 24.398215 24.397877 24.397744 24.397694 24.397676 24.397670 24.397668 24.397667 24.397666 24.397664 24.397657 24.397640 24.397594 24.397474 24.397173 24.396440 24.394714 24.390792 24.382172 24.363856 24.326207 24.251290 24.106809 23.836379 23.344324 22.472672 20.968593 18.446467 14.375300 8.210671 0.000000 
50.000000 46.739912 43.651053 40.877708 38.517335 36.612207 35.153095 34.091941 33.358539 32.876407 32.574645 32.394644 32.292208 32.236533 32.207601 32.193211 32.186353 32.183218 32.181842 32.181261 32.181026 32.180934 32.180899 32.180886 32.180882 32.180880 32.180880 32.180879 32.180877 32.180872 32.180859 32.180823 32.180729 32.180493 32.179917 32.178558 32.175456 32.168606 32.153959 32.123614 32.062604 31.943311 31.715791 31.290813 30.509329 29.085828 26.502408 21.825526 13.509297 0.000000 
50.000000 48.325996 46.739912 45.315836 44.103811 43.125543 42.376294 41.831391 41.454785 41.207204 41.052244 40.959809 40.907205 40.878614 40.863756 40.856366 40.852844 40.851233 40.850527 40.850229 40.850107 40.850060 40.850042 40.850036 40.850034 40.850033 40.850032 40.850032 40.850031 40.850028 40.850021 40.850001 40.849950 40.849820 40.849502 40.848750 40.847030 40.843218 40.835036 40.817993 40.783478 40.715313 40.583434 40.331789 39.853418 38.933675 37.105166 33.230616 24.162998 0.000000 
50.000000 50.000000 50.000000 50.000000 50.000000 50.000000 50.000000 50.000000 50.000000 50.000000 50.000000 50.000000 50.000000 50.000000 50.000000 50.000000 50.000000 50.000000 50.000000 50.000000 50.000000 50.000000 50.000000 50.000000 50.000000 50.000000 50.000000 50.000000 50.000000 50.000000 50.000000 50.000000 50.000000 50.000000 50.000000 50.000000 50.000000 50.000000 50.000000 50.000000 50.000000 50.000000 50.000000 50.000000 50.000000 50.000000 50.000000 50.000000 50.000000 50.000000 
