50.000000 50.000000 50.000000 50.000000 50.000000 50.000000 50.000000 50.000000 50.000000 50.000000 50.000000 50.000000 50.000000 50.000000 50.000000 50.000000 50.000000 50.000000 50.000000 50.000000 50.000000 50.000000 50.000000 50.000000 50.000000 50.000000 50.000000 50.000000 50.000000 50.000000 50.000000 50.000000 50.000000 50.000000 50.000000 50.000000 50.000000 50.000000 50.000000 50.000000 50.000000 50.000000 50.000000 50.000000 50.000000 50.000000 50.000000 50.000000 50.000000 50.000000 
50.000000 42.343850 36.504322 33.031705 31.374488 30.722231 30.505498 30.443513 30.428011 30.424576 30.423895 30.423772 30.423752 30.423749 30.423749 30.423749 30.423749 30.423749 30.423749 30.423749 30.423749 30.423749 30.423749 30.423749 30.423749 30.423749 30.423749 30.423749 30.423749 30.423749 30.423749 30.423749 30.423749 30.423749 30.423749 30.423749 30.423749 30.423749 30.423748 30.423740 30.423688 30.423384 30.421737 30.413585 30.376806 30.225668 29.657747 27.682999 21.171925 0.000000 
50.000000 36.504322 26.212641 20.094330 17.175696 16.027498 15.646170 15.537172 15.509928 15.503894 15.502698 15.502483 15.502448 15.502443 15.502442 15.502442 15.502442 15.502442 15.502442 15.502442 15.502442 15.502442 15.502442 15.502442 15.502442 15.502442 15.502442 15.502442 15.502442 15.502442 15.502442 15.502442 15.502442 15.502442 15.502442 15.502442 15.502442 15.502442 15.502440 15.502431 15.502370 15.502016 15.500125 15.490971 15.451008 15.294838 14.753241 13.106320 8.821323 0.000000 
50.000000 33.031705 20.094330 12.405791 8.739730 7.298233 6.819766 6.683084 6.648942 6.641386 6.639888 6.639620 6.639576 6.639569 6.639568 6.639568 6.639568 6.639568 6.639568 6.639568 6.639568 6.639568 6.639568 6.639568 6.639568 6.639568 6.639568 6.639568 6.639568 6.639568 6.639568 6.639568 6.639568 6.639568 6.639568 6.639568 6.639568 6.639568 6.639567 6.639561 6.639520 6.639282 6.638030 6.632091 6.606882 6.512263 6.202895 5.341088 3.373958 0.000000 
50.000000 31.374488 17.175696 8.739730 4.718654 3.138189 2.613823 2.464097 2.426715 2.418446 2.416807 2.416514 2.416466 2.416459 2.416458 2.416458 2.416458 2.416458 2.416458 2.416458 2.416458 2.416458 2.416458 2.416458 2.416458 2.416458 2.416458 2.416458 2.416458 2.416458 2.416458 2.416458 2.416458 2.416458 2.416458 2.416458 2.416458 2.416458 2.416457 2.416454 2.416434 2.416319 2.415724 2.412941 2.401389 2.359327 2.227467 1.880857 1.148820 0.000000 
50.000000 30.722231 16.027498 7.298233 3.138189 1.503482 0.961257 0.806473 0.767839 0.759295 0.757603 0.757300 0.757251 0.757243 0.757242 0.757242 0.757242 0.757242 0.757242 0.757242 0.757242 0.757242 0.757242 0.757242 0.757242 0.757242 0.757242 0.757242 0.757242 0.757242 0.757242 0.757242 0.757242 0.757242 0.757242 0.757242 0.757242 0.757242 0.757242 0.757241 0.757233 0.757190 0.756967 0.755939 0.751741 0.736800 0.691350 0.576490 0.345425 0.000000 
50.000000 30.505498 15.646170 6.819766 2.613823 0.961257 0.413172 0.256735 0.217692 0.209060 0.207350 0.207044 0.206994 0.206987 0.206986 0.206986 0.206986 0.206986 0.206986 0.206986 0.206986 0.206986 0.206986 0.206986 0.206986 0.206986 0.206986 0.206986 0.206986 0.206986 0.206986 0.206986 0.206986 0.206986 0.206986 0.206986 0.206986 0.206986 0.206986 0.206985 0.206983 0.206969 0.206900 0.206586 0.205319 0.200882 0.187675 0.155199 0.091913 0.000000 
50.000000 30.443513 15.537172 6.683084 2.464097 0.806473 0.256735 0.099833 0.060676 0.052019 0.050304 0.049997 0.049947 0.049940 0.049939 0.049939 0.049939 0.049939 0.049939 0.049939 0.049939 0.049939 0.049939 0.049939 0.049939 0.049939 0.049939 0.049939 0.049939 0.049939 0.049939 0.049939 0.049939 0.049939 0.049939 0.049939 0.049939 0.049939 0.049939 0.049939 0.049938 0.049934 0.049916 0.049834 0.049507 0.048374 0.045054 0.037047 0.021776 0.000000 
50.000000 30.428011 15.509928 6.648942 2.426715 0.767839 0.217692 0.060676 0.021491 0.012828 0.011112 0.010805 0.010755 0.010748 0.010747 0.010747 0.010747 0.010747 0.010747 0.010747 0.010747 0.010747 0.010747 0.010747 0.010747 0.010747 0.010747 0.010747 0.010747 0.010747 0.010747 0.010747 0.010747 0.010747 0.010747 0.010747 0.010747 0.010747 0.010747 0.010747 0.010746 0.010746 0.010742 0.010723 0.010649 0.010395 0.009660 0.007912 0.004627 0.000000 
50.000000 30.424576 15.503894 6.641386 2.418446 0.759295 0.209060 0.052019 0.012828 0.004163 0.002447 0.002140 0.002090 0.002083 0.002082 0.002082 0.002082 0.002082 0.002082 0.002082 0.002082 0.002082 0.002082 0.002082 0.002082 0.002082 0.002082 0.002082 0.002082 0.002082 0.002082 0.002082 0.002082 0.002082 0.002082 0.002082 0.002082 0.002082 0.002082 0.002082 0.002082 0.002081 0.002081 0.002077 0.002062 0.002011 0.001866 0.001524 0.000888 0.000000 
50.000000 30.423895 15.502698 6.639888 2.416807 0.757603 0.207350 0.050304 0.011112 0.002447 0.000732 0.000425 0.000375 0.000367 0.000366 0.000366 0.000366 0.000366 0.000366 0.000366 0.000366 0.000366 0.000366 0.000366 0.000366 0.000366 0.000366 0.000366 0.000366 0.000366 0.000366 0.000366 0.000366 0.000366 0.000366 0.000366 0.000366 0.000366 0.000366 0.000366 0.000366 0.000366 0.000366 0.000365 0.000362 0.000353 0.000327 0.000267 0.000155 0.000000 
50.000000 30.423772 15.502483 6.639620 2.416514 0.757300 0.207044 0.049997 0.010805 0.002140 0.000425 0.000117 0.000067 0.000060 0.000059 0.000059 0.000059 0.000059 0.000059 0.000059 0.000059 0.000059 0.000059 0.000059 0.000059 0.000059 0.000059 0.000059 0.000059 0.000059 0.000059 0.000059 0.000059 0.000059 0.000059 0.000059 0.000059 0.000059 0.000059 0.000059 0.000059 0.000059 0.000059 0.000059 0.000058 0.000057 0.000052 0.000043 0.000025 0.000000 
50.000000 30.423752 15.502448 6.639576 2.416466 0.757251 0.206994 0.049947 0.010755 0.002090 0.000375 0.000067 0.000017 0.000010 0.000009 0.000009 0.000009 0.000009 0.000009 0.000009 0.000009 0.000009 0.000009 0.000009 0.000009 0.000009 0.000009 0.000009 0.000009 0.000009 0.000009 0.000009 0.000009 0.000009 0.000009 0.000009 0.000009 0.000009 0.000009 0.000009 0.000009 0.000009 0.000009 0.000009 0.000009 0.000008 0.000008 0.000006 0.000004 0.000000 
50.000000 30.423749 15.502443 6.639569 2.416459 0.757243 0.206987 0.049940 0.010748 0.002083 0.000367 0.000060 0.000010 0.000002 0.000001 0.000001 0.000001 0.000001 0.000001 0.000001 0.000001 0.000001 0.000001 0.000001 0.000001 0.000001 0.000001 0.000001 0.000001 0.000001 0.000001 0.000001 0.000001 0.000001 0.000001 0.000001 0.000001 0.000001 0.000001 0.000001 0.000001 0.000001 0.000001 0.000001 0.000001 0.000001 0.000001 0.000001 0.000000 0.000000 
50.000000 30.423749 15.502442 6.639568 2.416458 0.757242 0.206986 0.049939 0.010747 0.002082 0.000366 0.000059 0.000009 0.000001 0.000000 0.000000 0.000000 0.000000 0.000000 0.000000 0.000000 0.000000 0.000000 0.000000 0.000000 0.000000 0.000000 0.000000 0.000000 0.000000 0.000000 0.000000 0.000000 0.000000 0.000000 0.000000 0.000000 0.000000 0.000000 0.000000 0.000000 0.000000 0.000000 0.000000 0.000000 0.000000 0.000000 0.000000 0.000000 0.000000 
50.000000 30.423749 15.502442 6.639568 2.416458 0.757242 0.206986 0.049939 0.010747 0.002082 0.000366 0.000059 0.000009 0.000001 0.000000 0.000000 0.000000 0.000000 0.000000 0.000000 0.000000 0.000000 0.000000 0.000000 0.000000 0.000000 0.000000 0.000000 0.000000 0.000000 0.000000 0.000000 0.000000 0.000000 0.000000 0.000000 0.000000 0.000000 0.000000 0.000000 0.000000 0.000000 0.000000 0.000000 0.000000 0.000000 0.000000 0.000000 0.000000 0.000000 
50.000000 30.423749 15.502442 6.639568 2.416458 0.757242 0.206986 0.049939 0.010747 0.002082 0.000366 0.000059 0.000009 0.000001 0.000000 0.000000 0.000000 0.000000 0.000000 0.000000 0.000000 0.000000 0.000000 0.000000 0.000000 0.000000 0.000000 0.000000 0.000000 0.000000 0.000000 0.000000 0.000000 0.000000 0.000000 0.000000 0.000000 0.000000 0.000000 0.000000 0.000000 0.000000 0.000000 0.000000 0.000000 0.000000 0.000000 0.000000 0.000000 0.000000 
50.000000 30.423749 15.502442 6.639568 2.416458 0.757242 0.206986 0.049939 0.010747 0.002082 0.000366 0.000059 0.000009 0.000001 0.000000 0.000000 0.000000 0.000000 0.000000 0.000000 0.000000 0.000000 0.000000 0.000000 0.000000 0.000000 0.000000 0.000000 0.000000 0.000000 0.000000 0.000000 0.000000 0.000000 0.000000 0.000000 0.000000 0.000000 0.000000 0.000000 0.000000 0.000000 0.000000 0.000000 0.000000 0.000000 0.000000 0.000000 0.000000 0.000000 
50.000000 30.423749 15.502442 6.639568 2.416458 0.757242 0.206986 0.049939 0.010747 0.002082 0.000366 0.000059 0.000009 0.000001 0.000000 0.000000 0.000000 0.000000 0.000000 0.000000 0.000000 0.000000 0.000000 0.000000 0.000000 0.000000 0.000000 0.000000 0.000000 0.000000 0.000000 0.000000 0.000000 0.000000 0.000000 0.000000 0.000000 0.000000 0.000000 0.000000 0.000000 0.000000 0.000000 0.000000 0.000000 0.000000 0.000000 0.000000 0.000000 0.000000 
50.000000 30.423749 15.502442 6.639568 2.416458 0.757242 0.206986 0.049939 0.010747 0.002082 0.000366 0.000059 0.000009 0.000001 0.000000 0.000000 0.000000 0.000000 0.000000 0.000000 0.000000 0.000000 0.000000 0.000000 0.000000 0.000000 0.000000 0.000000 0.000000 0.000000 0.000000 0.000000 0.000000 0.000000 0.000000 0.000000 0.000000 0.000000 0.000000 0.000000 0.000000 0.000000 0.000000 0.000000 0.000000 0.000000 0.000000 0.000000 0.000000 0.000000 
50.000000 30.423749 15.502442 6.639568 2.416458 0.757242 0.206986 0.049939 0.010747 0.002082 0.000366 0.000059 0.000009 0.000001 0.000000 0.000000 0.000000 0.000000 0.000000 0.000000 0.000000 0.000000 0.000000 0.000000 0.000000 0.000000 0.000000 0.000000 0.000000 0.000000 0.000000 0.000000 0.000000 0.000000 0.000000 0.000000 0.000000 0.000000 0.000000 0.000000 0.000000 0.000000 0.000000 0.000000 0.000000 0.000000 0.000000 0.000000 0.000000 0.000000 
50.000000 30.423749 15.502442 6.639568 2.416458 0.757242 0.206986 0.049939 0.010747 0.002082 0.000366 0.000059 0.000009 0.000001 0.000000 0.000000 0.000000 0.000000 0.000000 0.000000 0.000000 0.000000 0.000000 0.000000 0.000000 0.000000 0.000000 0.000000 0.000000 0.000000 0.000000 0.000000 0.000000 0.000000 0.000000 0.000000 0.000000 0.000000 0.000000 0.000000 0.000000 0.000000 0.000000 0.000000 0.000000 0.000000 0.000000 0.000000 0.000000 0.000000 
50.000000 30.423749 15.502442 6.639568 2.416458 0.757242 0.206986 0.049939 0.010747 0.002082 0.000366 0.000059 0.000009 0.000001 0.000000 0.000000 0.000000 0.000000 0.000000 0.000000 0.000000 0.000000 0.000000 0.000000 0.000000 0.000000 0.000000 0.000000 0.000000 0.000000 0.000000 0.000000 0.000000 0.000000 0.000000 0.000000 0.000000 0.000000 0.000000 0.000000 0.000000 0.000000 0.000000 0.000000 0.000000 0.000000 0.000000 0.000000 0.000000 0.000000 
50.000000 30.423749 15.502442 6.639568 2.416458 0.757242 0.206986 0.049939 0.010747 0.002082 0.000366 0.000059 0.000009 0.000001 0.000000 0.000000 0.000000 0.000000 0.000000 0.000000 0.000000 0.000000 0.000000 0.000000 0.000000 0.000000 0.000000 0.000000 0.000000 0.000000 0.000000 0.000000 0.000000 0.000000 0.000000 0.000000 0.000000 0.000000 0.000000 0.000000 0.000000 0.000000 0.000000 0.000000 0.000000 0.000000 0.000000 0.000000 0.000000 0.000000 
50.000000 30.423749 15.502442 6.639568 2.416458 0.757242 0.206986 0.049939 0.010747 0.002082 0.000366 0.000059 0.000009 0.000001 0.000000 0.000000 0.000000 0.000000 0.000000 0.000000 0.000000 0.000000 0.000000 0.000000 0.000000 0.000000 0.000000 0.000000 0.000000 0.000000 0.000000 0.000000 0.000000 0.000000 0.000000 0.000000 0.000000 0.000000 0.000000 0.000000 0.000000 0.000000 0.000000 0.000000 0.000000 0.000000 0.000000 0.000000 0.000000 0.000000 
50.000000 30.423749 15.502442 6.639568 2.416458 0.757242 0.206986 0.049939 0.010747 0.002082 0.000366 0.000059 0.000009 0.000001 0.000000 0.000000 0.000000 0.000000 0.000000 0.000000 0.000000 0.000000 0.000000 0.000000 0.000000 0.000000 0.000000 0.000000 0.000000 0.000000 0.000000 0.000000 0.000000 0.000000 0.000000 0.000000 0.000000 0.000000 0.000000 0.000000 0.000000 0.000000 0.000000 0.000000 0.000000 0.000000 0.000000 0.000000 0.000000 0.000000 
50.000000 30.423749 15.502442 6.639568 2.416458 0.757242 0.206986 0.049939 0.010747 0.002082 0.000366 0.000059 0.000009 0.000001 0.000000 0.000000 0.000000 0.000000 0.000000 0.000000 0.000000 0.000000 0.000000 0.000000 0.000000 0.000000 0.000000 0.000000 0.000000 0.000000 0.000000 0.000000 0.000000 0.000000 0.000000 0.000000 0.000000 0.000000 0.000000 0.000000 0.000000 0.000000 0.000000 0.000000 0.000000 0.000000 0.000000 0.000000 0.000000 0.000000 
50.000000 30.423749 15.502442 6.639568 2.416458 0.757242 0.206986 0.049939 0.010747 0.002082 0.000366 0.000059 0.000009 0.000001 0.000000 0.000000 0.000000 0.000000 0.000000 0.000000 0.000000 0.000000 0.000000 0.000000 0.000000 0.000000 0.000000 0.000000 0.000000 0.000000 0.000000 0.000000 0.000000 0.000000 0.000000 0.000000 0.000000 0.000000 0.000000 0.000000 0.000000 0.000000 0.000000 0.000000 0.000000 0.000000 0.000000 0.000000 0.000000 0.000000 
50.000000 30.423749 15.502442 6.639568 2.416458 0.757242 0.206986 0.049939 0.010747 0.002082 0.000366 0.000059 0.000009 0.000001 0.000000 0.000000 0.000000 0.000000 0.000000 0.000000 0.000000 0.000000 0.000000 0.000000 0.000000 0.000000 0.000000 0.000000 0.000000 0.000000 0.000000 0.000000 0.000000 0.000000 0.000000 0.000000 0.000000 0.000000 0.000000 0.000000 0.000000 0.000000 0.000000 0.000000 0.000000 0.000000 0.000000 0.000000 0.000000 0.000000 
50.000000 30.423749 15.502442 6.639568 2.416458 0.757242 0.206986 0.049939 0.010747 0.002082 0.000366 0.000059 0.000009 0.000001 0.000000 0.000000 0.000000 0.000000 0.000000 0.000000 0.000000 0.000000 0.000000 0.000000 0.000000 0.000000 0.000000 0.000000 0.000000 0.000000 0.000000 0.000000 0.000000 0.000000 0.000000 0.000000 0.000000 0.000000 0.000000 0.000000 0.000000 0.000000 0.000000 0.000000 0.000000 0.000000 0.000000 0.000000 0.000000 0.000000 
50.000000 30.423749 15.502442 6.639568 2.416458 0.757242 0.206986 0.049939 0.010747 0.002082 0.000366 0.000059 0.000009 0.000001 0.000000 0.000000 0.000000 0.000000 0.000000 0.000000 0.000000 0.000000 0.000000 0.000000 0.000000 0.000000 0.000000 0.000000 0.000000 0.000000 0.000000 0.000000 0.000000 0.000000 0.000000 0.000000 0.000000 0.000000 0.000000 0.000000 0.000000 0.000000 0.000000 0.000000 0.000000 0.000000 0.000000 0.000000 0.000000 0.000000 
50.000000 30.423749 15.502442 6.639568 2.416458 0.757242 0.206986 0.049939 0.010747 0.002082 0.000366 0.000059 0.000009 0.000001 0.000000 0.000000 0.000000 0.000000 0.000000 0.000000 0.000000 0.000000 0.000000 0.000000 0.000000 0.000000 0.000000 0.000000 0.000000 0.000000 0.000000 0.000000 0.000000 0.000000 0.000000 0.000000 0.000000 0.000000 0.000000 0.000000 0.000000 0.000000 0.000000 0.000000 0.000000 0.000000 0.000000 0.000000 0.000000 0.000000 
50.000000 30.423749 15.502442 6.639568 2.416458 0.757242 0.206986 0.049939 0.010747 0.002082 0.000366 0.000059 0.000009 0.000001 0.000000 0.000000 0.000000 0.000000 0.000000 0.000000 0.000000 0.000000 0.000000 0.000000 0.000000 0.000000 0.000000 0.000000 0.000000 0.000000 0.000000 0.000000 0.000000 0.000000 0.000000 0.000000 0.000000 0.000000 0.000000 0.000000 0.000000 0.000000 0.000000 0.000000 0.000000 0.000000 0.000000 0.000000 0.000000 0.000000 
50.000000 30.423749 15.502442 6.639568 2.416458 0.757242 0.206986 0.049939 0.010747 0.002082 0.000366 0.000059 0.000009 0.000001 0.000000 0.000000 0.000000 0.000000 0.000000 0.000000 0.000000 0.000000 0.000000 0.000000 0.000000 0.000000 0.000000 0.000000 0.000000 0.000000 0.000000 0.000000 0.000000 0.000000 0.000000 0.000000 0.000000 0.000000 0.000000 0.000000 0.000000 0.000000 0.000000 0.000000 0.000000 0.000000 0.000000 0.000000 0.000000 0.000000 
50.000000 30.423749 15.502442 6.639568 2.416458 0.757242 0.206986 0.049939 0.010747 0.002082 0.000366 0.000059 0.000009 0.000001 0.000000 0.000000 0.000000 0.000000 0.000000 0.000000 0.000000 0.000000 0.000000 0.000000 0.000000 0.000000 0.000000 0.000000 0.000000 0.000000 0.000000 0.000000 0.000000 0.000000 0.000000 0.000000 0.000000 0.000000 0.000000 0.000000 0.000000 0.000000 0.000000 0.000000 0.000000 0.000000 0.000000 0.000000 0.000000 0.000000 
50.000000 30.423749 15.502442 6.639568 2.416458 0.757242 0.206986 0.049939 0.010747 0.002082 0.000366 0.000059 0.000009 0.000001 0.000000 0.000000 0.000000 0.000000 0.000000 0.000000 0.000000 0.000000 0.000000 0.000000 0.000000 0.000000 0.000000 0.000000 0.000000 0.000000 0.000000 0.000000 0.000000 0.000000 0.000000 0.000000 0.000000 0.000000 0.000000 0.000000 0.000000 0.000000 0.000000 0.000000 0.000000 0.000000 0.000000 0.000000 0.000000 0.000000 
50.000000 30.423749 15.502443 6.639569 2.416459 0.757243 0.206987 0.049940 0.010748 0.002083 0.000367 0.000060 0.000010 0.000002 0.000001 0.000001 0.000001 0.000001 0.000001 0.000001 0.000001 0.000001 0.000001 0.000001 0.000001 0.000001 0.000001 0.000001 0.000001 0.000001 0.000001 0.000001 0.000001 0.000001 0.000001 0.000001 0.000001 0.000001 0.000001 0.000001 0.000001 0.000001 0.000001 0.000001 0.000001 0.000001 0.000001 0.000001 0.000000 0.000000 
50.000000 30.423752 15.502448 6.639576 2.416466 0.757251 0.206994 0.049947 0.010755 0.002090 0.000375 0.000067 0.000017 0.000010 0.000009 0.000009 0.000009 0.000009 0.000009 0.000009 0.000009 0.000009 0.000009 0.000009 0.000009 0.000009 0.000009 0.000009 0.000009 0.000009 0.000009 0.000009 0.000009 0.000009 0.000009 0.000009 0.000009 0.000009 0.000009 0.000009 0.000009 0.000009 0.000009 0.000009 0.000009 0.000008 0.000008 0.000006 0.000004 0.000000 
50.000000 30.423772 15.502483 6.639620 2.416514 0.757300 0.207044 0.049997 0.010805 0.002140 0.000425 0.000117 0.000067 0.000060 0.000059 0.000059 0.000059 0.000059 0.000059 0.000059 0.000059 0.000059 0.000059 0.000059 0.000059 0.000059 0.000059 0.000059 0.000059 0.000059 0.000059 0.000059 0.000059 0.000059 0.000059 0.000059 0.000059 0.000059 0.000059 0.000059 0.000059 0.000059 0.000059 0.000059 0.000058 0.000057 0.000052 0.000043 0.000025 0.000000 
50.000000 30.423895 15.502698 6.639888 2.416807 0.757603 0.207350 0.050304 0.011112 0.002447 0.000732 0.000425 0.000375 0.000367 0.000366 0.000366 0.000366 0.000366 0.000366 0.000366 0.000366 0.000366 0.000366 0.000366 0.000366 0.000366 0.000366 0.000366 0.000366 0.000366 0.000366 0.000366 0.000366 0.000366 0.000366 0.000366 0.000366 0.000366 0.000366 0.000366 0.000366 0.000366 0.000366 0.000365 0.000362 0.000353 0.000327 0.000267 0.000155 0.000000 
50.000000 30.424576 15.503894 6.641386 2.418446 0.759295 0.209060 0.052019 0.012828 0.004163 0.002447 0.002140 0.002090 0.002083 0.002082 0.002082 0.002082 0.002082 0.002082 0.002082 0.002082 0.002082 0.002082 0.002082 0.002082 0.002082 0.002082 0.002082 0.002082 0.002082 0.002082 0.002082 0.002082 0.002082 0.002082 0.002082 0.002082 0.002082 0.002082 0.002082 0.002082 0.002081 0.002081 0.002077 0.002062 0.002011 0.001866 0.001524 0.000888 0.000000 
50.000000 30.428011 15.509928 6.648942 2.426715 0.767839 0.217692 0.060676 0.021491 0.012828 0.011112 0.010805 0.010755 0.010748 0.010747 0.010747 0.010747 0.010747 0.010747 0.010747 0.010747 0.010747 0.010747 0.010747 0.010747 0.010747 0.010747 0.010747 0.010747 0.010747 0.010747 0.010747 0.010747 0.010747 0.010747 0.010747 0.010747 0.010747 0.010747 0.010747 0.010746 0.010746 0.010742 0.010723 0.010649 0.010395 0.009660 0.007912 0.004627 0.000000 
50.000000 30.443513 15.537172 6.683084 2.464097 0.806473 0.256735 0.099833 0.060676 0.052019 0.050304 0.049997 0.049947 0.049940 0.049939 0.049939 0.049939 0.049939 0.049939 0.049939 0.049939 0.049939 0.049939 0.049939 0.049939 0.049939 0.049939 0.049939 0.049939 0.049939 0.049939 0.049939 0.049939 0.049939 0.049939 0.049939 0.049939 0.049939 0.049939 0.049939 0.049938 0.049934 0.049916 0.049834 0.049507 0.048374 0.045054 0.037047 0.021776 0.000000 
50.000000 30.505498 15.646170 6.819766 2.613823 0.961257 0.413172 0.256735 0.217692 0.209060 0.207350 0.207044 0.206994 0.206987 0.206986 0.206986 0.206986 0.206986 0.206986 0.206986 0.206986 0.206986 0.206986 0.206986 0.206986 0.206986 0.206986 0.206986 0.206986 0.206986 0.206986 0.206986 0.206986 0.206986 0.206986 0.206986 0.206986 0.206986 0.206986 0.206985 0.206983 0.206969 0.206900 0.206586 0.205319 0.200882 0.187675 0.155199 0.091913 0.000000 
50.000000 30.722231 16.027498 7.298233 3.138189 1.503482 0.961257 0.806473 0.767839 0.759295 0.757603 0.757300 0.757251 0.757243 0.757242 0.757242 0.757242 0.757242 0.757242 0.757242 0.757242 0.757242 0.757242 0.757242 0.757242 0.757242 0.757242 0.757242 0.757242 0.757242 0.757242 0.757242 0.757242 0.757242 0.757242 0.757242 0.757242 0.757242 0.757242 0.757241 0.757233 0.757190 0.756967 0.755939 0.751741 0.736800 0.691350 0.576490 0.345425 0.000000 
50.000000 31.374488 17.175696 8.739730 4.718654 3.138189 2.613823 2.464097 2.426715 2.418446 2.416807 2.416514 2.416466 2.416459 2.416458 2.416458 2.416458 2.416458 2.416458 2.416458 2.416458 2.416458 2.416458 2.416458 2.416458 2.416458 2.416458 2.416458 2.416458 2.416458 2.416458 2.416458 2.416458 2.416458 2.416458 2.416458 2.416458 2.416458 2.416457 2.416454 2.416434 2.416319 2.415724 2.412941 2.401389 2.359327 2.227467 1.880857 1.148820 0.000000 
50.000000 33.031705 20.094330 12.405791 8.739730 7.298233 6.819766 6.683084 6.648942 6.641386 6.639888 6.639620 6.639576 6.639569 6.639568 6.639568 6.639568 6.639568 6.639568 6.639568 6.639568 6.639568 6.639568 6.639568 6.639568 6.639568 6.639568 6.639568 6.639568 6.639568 6.639568 6.639568 6.639568 6.639568 6.639568 6.639568 6.639568 6.639568 6.639567 6.639561 6.639520 6.639282 6.638030 6.632091 6.606882 6.512263 6.202895 5.341088 3.373958 0.000000 
50.000000 36.504322 26.212641 20.094330 17.175696 16.027498 15.646170 15.537172 15.509928 15.503894 15.502698 15.502483 15.502448 15.502443 15.502442 15.502442 15.502442 15.502442 15.502442 15.502442 15.502442 15.502442 15.502442 15.502442 15.502442 15.502442 15.502442 15.502442 15.502442 15.502442 15.502442 15.502442 15.502442 15.502442 15.502442 15.502442 15.502442 15.502442 15.502440 15.502431 15.502370 15.502016 15.500125 15.490971 15.451008 15.294838 14.753241 13.106320 8.821323 0.000000 
50.000000 42.343850 36.504322 33.031705 31.374488 30.722231 30.505498 30.443513 30.428011 30.424576 30.423895 30.423772 30.423752 30.423749 30.423749 30.423749 30.423749 30.423749 30.423749 30.423749 30.423749 30.423749 30.423749 30.423749 30.423749 30.423749 30.423749 30.423749 30.423749 30.423749 30.423749 30.423749 30.423749 30.423749 30.423749 30.423749 30.423749 30.423749 30.423748 30.423740 30.423688 30.423384 30.421737 30.413585 30.376806 30.225668 29.657747 27.682999 21.171925 0.000000 
50.000000 50.000000 50.000000 50.000000 50.000000 50.000000 50.000000 50.000000 50.000000 50.000000 50.000000 50.000000 50.000000 50.000000 50.000000 50.000000 50.000000 50.000000 50.000000 50.000000 50.000000 50.000000 50.000000 50.000000 50.000000 50.000000 50.000000 50.000000 50.000000 50.000000 50.000000 50.000000 50.000000 50.000000 50.000000 50.000000 50.000000 50.000000 50.000000 50.000000 50.000000 50.000000 50.000000 50.000000 50.000000 50.000000 50.000000 50.000000 50.000000 50.000000 
