50.000000 50.000000 50.000000 50.000000 50.000000 50.000000 50.000000 50.000000 50.000000 50.000000 50.000000 50.000000 50.000000 50.000000 50.000000 50.000000 50.000000 50.000000 50.000000 50.000000 50.000000 50.000000 50.000000 50.000000 50.000000 50.000000 50.000000 50.000000 50.000000 50.000000 50.000000 50.000000 50.000000 50.000000 50.000000 50.000000 50.000000 50.000000 50.000000 50.000000 50.000000 50.000000 50.000000 50.000000 50.000000 50.000000 50.000000 50.000000 50.000000 50.000000 
50.000000 48.778246 47.603344 46.516759 45.550221 44.723148 44.042166 43.502512 43.090771 42.788204 42.573974 42.427757 42.331512 42.270385 42.232907 42.210711 42.198007 42.190976 42.187211 42.185260 42.184280 42.183803 42.183578 42.183475 42.183429 42.183408 42.183397 42.183388 42.183372 42.183338 42.183262 42.183097 42.182745 42.182012 42.180525 42.177581 42.171893 42.161157 42.141330 42.105446 42.041624 41.929687 41.735092 41.397334 40.805749 39.743608 37.743872 33.672596 24.389123 0.000000 
50.000000 47.603344 45.298595 43.167099 41.271093 39.648673 38.312835 37.254233 36.446554 35.853037 35.432801 35.145983 34.957191 34.837287 34.763771 34.720233 34.695314 34.681523 34.674138 34.670311 34.668389 34.667453 34.667012 34.666810 34.666719 34.666678 34.666657 34.666639 34.666610 34.666546 34.666405 34.666098 34.665442 34.664079 34.661318 34.655864 34.645352 34.625571 34.589189 34.523682 34.407992 34.207046 33.862557 33.276998 32.284429 30.595463 27.692862 22.649298 13.930748 0.000000 
50.000000 46.516759 43.167099 40.069243 37.313652 34.955690 33.014242 31.475728 30.301897 29.439322 28.828588 28.411754 28.137385 27.963132 27.856294 27.793022 27.756810 27.736768 27.726037 27.720475 27.717682 27.716323 27.715681 27.715387 27.715256 27.715197 27.715167 27.715142 27.715102 27.715017 27.714828 27.714418 27.713544 27.711733 27.708072 27.700862 27.687022 27.661102 27.613716 27.529060 27.381070 27.127506 26.700864 25.994410 24.840997 22.982641 20.034622 15.474236 8.772888 0.000000 
50.000000 45.550221 41.271093 37.313652 33.793459 30.781240 28.301120 26.335745 24.836247 23.734371 22.954210 22.421747 22.071273 21.848688 21.712218 21.631400 21.585145 21.559547 21.545840 21.538736 21.535169 21.533433 21.532614 21.532238 21.532070 21.531996 21.531958 21.531928 21.531882 21.531785 21.531571 21.531106 21.530118 21.528076 21.523962 21.515894 21.500482 21.471792 21.419736 21.327609 21.168484 20.900052 20.457505 19.744253 18.621043 16.896729 14.331011 10.675630 5.806613 0.000000 
50.000000 44.723148 39.648673 34.955690 30.781240 27.209196 24.268164 21.937557 20.159421 18.852807 17.927697 17.296314 16.880736 16.616808 16.454993 16.359166 16.304323 16.273973 16.257722 16.249299 16.245069 16.243012 16.242040 16.241595 16.241397 16.241308 16.241265 16.241233 16.241185 16.241085 16.240867 16.240395 16.239394 16.237332 16.233196 16.225121 16.209783 16.181426 16.130400 16.041019 15.888594 15.635536 15.226648 14.584219 13.604598 12.160197 10.114692 7.364245 3.917400 0.000000 
50.000000 44.042166 38.312835 33.014242 28.301120 24.268164 20.947665 18.316377 16.308857 14.833704 13.789280 13.076475 12.607313 12.309359 12.126686 12.018510 11.956600 11.922339 11.903995 11.894487 11.889713 11.887391 11.886294 11.885792 11.885568 11.885469 11.885422 11.885388 11.885342 11.885248 11.885044 11.884603 11.883672 11.881761 11.877944 11.870531 11.856533 11.830843 11.785013 11.705570 11.571798 11.353110 11.006342 10.473833 9.683945 8.556867 7.019832 5.035837 2.644832 0.000000 
50.000000 43.502512 37.254233 31.475728 26.335745 21.937557 18.316377 15.446844 13.257581 11.648900 10.509952 9.732648 9.221041 8.896137 8.696944 8.578988 8.511483 8.474126 8.454125 8.443758 8.438553 8.436021 8.434826 8.434279 8.434035 8.433927 8.433877 8.433844 8.433802 8.433720 8.433542 8.433158 8.432352 8.430702 8.427423 8.421089 8.409204 8.387549 8.349251 8.283537 8.174218 7.998053 7.723422 7.310035 6.710909 5.878239 4.774864 3.391677 1.767420 0.000000 
50.000000 43.090771 36.446554 30.301897 24.836247 20.159421 16.308857 13.257581 10.929684 9.219154 8.008113 7.181619 6.637645 6.292191 6.080403 5.954991 5.883220 5.843504 5.822239 5.811218 5.805685 5.802993 5.801723 5.801141 5.800882 5.800768 5.800716 5.800685 5.800649 5.800580 5.800434 5.800121 5.799465 5.798128 5.795482 5.790400 5.780921 5.763774 5.733702 5.682600 5.598542 5.464842 5.259528 4.955747 4.523886 3.936195 3.174391 2.239508 1.161083 0.000000 
50.000000 42.788204 35.853037 29.439322 23.734371 18.852807 14.833704 11.648900 9.219154 7.433806 6.169808 5.307185 4.739439 4.378894 4.157859 4.026973 3.952070 3.910622 3.888431 3.876930 3.871156 3.868346 3.867021 3.866414 3.866144 3.866026 3.865973 3.865943 3.865913 3.865859 3.865746 3.865504 3.864999 3.863975 3.861958 3.858102 3.850956 3.838117 3.815776 3.778154 3.716903 3.620613 3.474682 3.261906 2.964213 2.565886 2.058252 1.445044 0.746580 0.000000 
50.000000 42.573974 35.432801 28.828588 22.954210 17.927697 13.789280 10.509952 8.008113 6.169808 4.868333 3.980141 3.395575 3.024354 2.796777 2.662018 2.584901 2.542228 2.519382 2.507541 2.501597 2.498705 2.497340 2.496715 2.496437 2.496316 2.496263 2.496236 2.496211 2.496170 2.496087 2.495909 2.495540 2.494796 2.493335 2.490558 2.485439 2.476303 2.460522 2.434166 2.391655 2.325513 2.226415 2.083711 1.886678 1.626602 1.299528 0.909119 0.468528 0.000000 
50.000000 42.427757 35.145983 28.411754 22.421747 17.296314 13.076475 9.732648 7.181619 5.307185 3.980141 3.074510 2.478472 2.099970 1.867931 1.730533 1.651907 1.608399 1.585106 1.573034 1.566973 1.564025 1.562634 1.561997 1.561714 1.561591 1.561537 1.561512 1.561492 1.561462 1.561403 1.561279 1.561023 1.560506 1.559499 1.557592 1.554096 1.547895 1.537255 1.519619 1.491409 1.447917 1.383397 1.291463 1.165914 1.002011 0.798038 0.556794 0.286426 0.000000 
50.000000 42.331512 34.957191 28.137385 22.071273 16.880736 12.607313 9.221041 6.637645 4.739439 3.395575 2.478472 1.874889 1.491598 1.256626 1.117493 1.037874 0.993817 0.970231 0.958007 0.951870 0.948885 0.947476 0.946832 0.946545 0.946421 0.946367 0.946343 0.946327 0.946306 0.946266 0.946183 0.946012 0.945671 0.945006 0.943755 0.941472 0.937444 0.930577 0.919272 0.901322 0.873870 0.833492 0.776471 0.699310 0.599481 0.476283 0.331620 0.170355 0.000000 
50.000000 42.270385 34.837287 27.963132 21.848688 16.616808 12.309359 8.896137 6.292191 4.378894 3.024354 2.099970 1.491598 1.105269 0.868437 0.728202 0.647954 0.603550 0.579777 0.567457 0.561272 0.558263 0.556844 0.556194 0.555905 0.555780 0.555727 0.555703 0.555690 0.555675 0.555649 0.555596 0.555488 0.555271 0.554851 0.554064 0.552635 0.550126 0.545874 0.538915 0.527939 0.511270 0.486933 0.452826 0.407025 0.348206 0.276110 0.191936 0.098492 0.000000 
50.000000 42.232907 34.763771 27.856294 21.712218 16.454993 12.126686 8.696944 6.080403 4.157859 2.796777 1.867931 1.256626 0.868437 0.630465 0.489556 0.408922 0.364305 0.340419 0.328040 0.321825 0.318802 0.317376 0.316723 0.316433 0.316307 0.316254 0.316231 0.316220 0.316210 0.316193 0.316161 0.316094 0.315962 0.315708 0.315232 0.314373 0.312872 0.310340 0.306219 0.299757 0.290004 0.275855 0.256155 0.229871 0.196324 0.155431 0.107907 0.055326 0.000000 
50.000000 42.210711 34.720233 27.793022 21.631400 16.359166 12.018510 8.578988 5.954991 4.026973 2.662018 1.730533 1.117493 0.728202 0.489556 0.348249 0.267388 0.222644 0.198691 0.186277 0.180045 0.177013 0.175583 0.174928 0.174637 0.174512 0.174459 0.174436 0.174426 0.174419 0.174408 0.174389 0.174350 0.174273 0.174124 0.173848 0.173351 0.172486 0.171034 0.168683 0.165015 0.159509 0.151565 0.140566 0.125971 0.107438 0.084950 0.058915 0.030186 0.000000 
50.000000 42.198007 34.695314 27.756810 21.585145 16.304323 11.956600 8.511483 5.883220 3.952070 2.584901 1.651907 1.037874 0.647954 0.408923 0.267388 0.186396 0.141581 0.117589 0.105155 0.098914 0.095877 0.094444 0.093789 0.093497 0.093371 0.093318 0.093296 0.093287 0.093281 0.093275 0.093264 0.093242 0.093198 0.093115 0.092960 0.092683 0.092203 0.091400 0.090106 0.088096 0.085092 0.080780 0.074839 0.066991 0.057070 0.045077 0.031235 0.015995 0.000000 
50.000000 42.190976 34.681523 27.736769 21.559547 16.273973 11.922339 8.474126 5.843504 3.910622 2.542228 1.608399 0.993817 0.603550 0.364305 0.222644 0.141581 0.096726 0.072713 0.060268 0.054021 0.050982 0.049548 0.048892 0.048600 0.048474 0.048421 0.048399 0.048390 0.048386 0.048382 0.048375 0.048363 0.048340 0.048294 0.048211 0.048062 0.047805 0.047376 0.046688 0.045623 0.044039 0.041774 0.038667 0.034579 0.029429 0.023224 0.016081 0.008231 0.000000 
50.000000 42.187211 34.674139 27.726037 21.545841 16.257722 11.903995 8.454125 5.822240 3.888431 2.519382 1.585106 0.970231 0.579777 0.340419 0.198691 0.117589 0.072713 0.048689 0.036238 0.029988 0.026947 0.025513 0.024856 0.024564 0.024438 0.024386 0.024364 0.024355 0.024351 0.024348 0.024345 0.024338 0.024326 0.024302 0.024259 0.024181 0.024048 0.023827 0.023473 0.022928 0.022119 0.020967 0.019392 0.017328 0.014735 0.011620 0.008041 0.004114 0.000000 
50.000000 42.185260 34.670311 27.720475 21.538736 16.249299 11.894488 8.443759 5.811219 3.876930 2.507542 1.573034 0.958008 0.567458 0.328040 0.186278 0.105156 0.060269 0.036238 0.023785 0.017533 0.014492 0.013057 0.012400 0.012108 0.011982 0.011929 0.011908 0.011899 0.011895 0.011893 0.011891 0.011888 0.011882 0.011870 0.011848 0.011809 0.011742 0.011632 0.011456 0.011185 0.010785 0.010218 0.009444 0.008432 0.007166 0.005647 0.003906 0.001998 0.000000 
50.000000 42.184280 34.668389 27.717683 21.535170 16.245071 11.889715 8.438555 5.805687 3.871157 2.501599 1.566975 0.951872 0.561274 0.321827 0.180047 0.098915 0.054023 0.029990 0.017534 0.011282 0.008240 0.006805 0.006148 0.005856 0.005730 0.005678 0.005656 0.005647 0.005644 0.005642 0.005641 0.005639 0.005636 0.005630 0.005620 0.005601 0.005569 0.005515 0.005430 0.005300 0.005108 0.004837 0.004468 0.003987 0.003386 0.002667 0.001844 0.000943 0.000000 
50.000000 42.183804 34.667455 27.716325 21.533436 16.243015 11.887395 8.436025 5.802998 3.868351 2.498710 1.564030 0.948890 0.558268 0.318807 0.177019 0.095882 0.050987 0.026952 0.014496 0.008244 0.005202 0.003766 0.003110 0.002818 0.002692 0.002639 0.002617 0.002609 0.002605 0.002604 0.002603 0.002602 0.002601 0.002598 0.002593 0.002584 0.002569 0.002544 0.002504 0.002443 0.002354 0.002228 0.002057 0.001834 0.001557 0.001226 0.000847 0.000433 0.000000 
50.000000 42.183580 34.667016 27.715688 21.532622 16.242050 11.886305 8.434838 5.801735 3.867034 2.497354 1.562647 0.947490 0.556857 0.317390 0.175597 0.094458 0.049562 0.025526 0.013070 0.006817 0.003775 0.002340 0.001683 0.001391 0.001265 0.001212 0.001191 0.001182 0.001179 0.001177 0.001177 0.001176 0.001176 0.001174 0.001172 0.001168 0.001161 0.001149 0.001131 0.001103 0.001063 0.001005 0.000928 0.000827 0.000702 0.000552 0.000381 0.000195 0.000000 
50.000000 42.183481 34.666821 27.715404 21.532259 16.241620 11.885820 8.434309 5.801173 3.866447 2.496749 1.562032 0.946866 0.556229 0.316758 0.174964 0.093824 0.048927 0.024891 0.012435 0.006182 0.003140 0.001705 0.001048 0.000756 0.000630 0.000577 0.000555 0.000547 0.000543 0.000542 0.000542 0.000541 0.000541 0.000540 0.000539 0.000537 0.000534 0.000529 0.000520 0.000507 0.000488 0.000462 0.000426 0.000380 0.000322 0.000253 0.000175 0.000089 0.000000 
50.000000 42.183443 34.666747 27.715297 21.532123 16.241458 11.885637 8.434110 5.800961 3.866226 2.496522 1.561800 0.946632 0.555992 0.316521 0.174725 0.093585 0.048688 0.024652 0.012196 0.005943 0.002901 0.001465 0.000809 0.000517 0.000391 0.000338 0.000316 0.000308 0.000304 0.000303 0.000303 0.000302 0.000302 0.000302 0.000301 0.000300 0.000298 0.000295 0.000290 0.000283 0.000272 0.000258 0.000237 0.000212 0.000179 0.000141 0.000097 0.000050 0.000000 
50.000000 42.183443 34.666747 27.715297 21.532123 16.241458 11.885637 8.434110 5.800961 3.866226 2.496522 1.561800 0.946632 0.555992 0.316521 0.174725 0.093585 0.048688 0.024652 0.012196 0.005943 0.002901 0.001465 0.000809 0.000517 0.000391 0.000338 0.000316 0.000308 0.000304 0.000303 0.000303 0.000302 0.000302 0.000302 0.000301 0.000300 0.000298 0.000295 0.000290 0.000283 0.000272 0.000258 0.000237 0.000212 0.000179 0.000141 0.000097 0.000050 0.000000 
50.000000 42.183481 34.666821 27.715404 21.532259 16.241620 11.885820 8.434309 5.801173 3.866447 2.496749 1.562032 0.946866 0.556229 0.316758 0.174964 0.093824 0.048927 0.024891 0.012435 0.006182 0.003140 0.001705 0.001048 0.000756 0.000630 0.000577 0.000555 0.000547 0.000543 0.000542 0.000542 0.000541 0.000541 0.000540 0.000539 0.000537 0.000534 0.000529 0.000520 0.000507 0.000488 0.000462 0.000426 0.000380 0.000322 0.000253 0.000175 0.000089 0.000000 
50.000000 42.183580 34.667016 27.715688 21.532622 16.242050 11.886305 8.434838 5.801735 3.867034 2.497354 1.562647 0.947490 0.556857 0.317390 0.175597 0.094458 0.049562 0.025526 0.013070 0.006817 0.003775 0.002340 0.001683 0.001391 0.001265 0.001212 0.001191 0.001182 0.001179 0.001177 0.001177 0.001176 0.001176 0.001174 0.001172 0.001168 0.001161 0.001149 0.001131 0.001103 0.001063 0.001005 0.000928 0.000827 0.000702 0.000552 0.000381 0.000195 0.000000 
50.000000 42.183804 34.667455 27.716325 21.533436 16.243015 11.887395 8.436025 5.802998 3.868351 2.498710 1.564030 0.948890 0.558268 0.318807 0.177019 0.095882 0.050987 0.026952 0.014496 0.008244 0.005202 0.003766 0.003110 0.002818 0.002692 0.002639 0.002617 0.002609 0.002605 0.002604 0.002603 0.002602 0.002601 0.002598 0.002593 0.002584 0.002569 0.002544 0.002504 0.002443 0.002354 0.002228 0.002057 0.001834 0.001557 0.001226 0.000847 0.000433 0.000000 
50.000000 42.184280 34.668389 27.717683 21.535170 16.245071 11.889715 8.438555 5.805687 3.871157 2.501599 1.566975 0.951872 0.561274 0.321827 0.180047 0.098915 0.054023 0.029990 0.017534 0.011282 0.008240 0.006805 0.006148 0.005856 0.005730 0.005678 0.005656 0.005647 0.005644 0.005642 0.005641 0.005639 0.005636 0.005630 0.005620 0.005601 0.005569 0.005515 0.005430 0.005300 0.005108 0.004837 0.004468 0.003987 0.003386 0.002667 0.001844 0.000943 0.000000 
50.000000 42.185260 34.670311 27.720475 21.538736 16.249299 11.894488 8.443759 5.811219 3.876930 2.507542 1.573034 0.958008 0.567458 0.328040 0.186278 0.105156 0.060269 0.036238 0.023785 0.017533 0.014492 0.013057 0.012400 0.012108 0.011982 0.011929 0.011908 0.011899 0.011895 0.011893 0.011891 0.011888 0.011882 0.011870 0.011848 0.011809 0.011742 0.011632 0.011456 0.011185 0.010785 0.010218 0.009444 0.008432 0.007166 0.005647 0.003906 0.001998 0.000000 
50.000000 42.187211 34.674139 27.726037 21.545841 16.257722 11.903995 8.454125 5.822240 3.888431 2.519382 1.585106 0.970231 0.579777 0.340419 0.198691 0.117589 0.072713 0.048689 0.036238 0.029988 0.026947 0.025513 0.024856 0.024564 0.024438 0.024386 0.024364 0.024355 0.024351 0.024348 0.024345 0.024338 0.024326 0.024302 0.024259 0.024181 0.024048 0.023827 0.023473 0.022928 0.022119 0.020967 0.019392 0.017328 0.014735 0.011620 0.008041 0.004114 0.000000 
50.000000 42.190976 34.681523 27.736769 21.559547 16.273973 11.922339 8.474126 5.843504 3.910622 2.542228 1.608399 0.993817 0.603550 0.364305 0.222644 0.141581 0.096726 0.072713 0.060268 0.054021 0.050982 0.049548 0.048892 0.048600 0.048474 0.048421 0.048399 0.048390 0.048386 0.048382 0.048375 0.048363 0.048340 0.048294 0.048211 0.048062 0.047805 0.047376 0.046688 0.045623 0.044039 0.041774 0.038667 0.034579 0.029429 0.023224 0.016081 0.008231 0.000000 
50.000000 42.198007 34.695314 27.756810 21.585145 16.304323 11.956600 8.511483 5.883220 3.952070 2.584901 1.651907 1.037874 0.647954 0.408923 0.267388 0.186396 0.141581 0.117589 0.105155 0.098914 0.095877 0.094444 0.093789 0.093497 0.093371 0.093318 0.093296 0.093287 0.093281 0.093275 0.093264 0.093242 0.093198 0.093115 0.092960 0.092683 0.092203 0.091400 0.090106 0.088096 0.085092 0.080780 0.074839 0.066991 0.057070 0.045077 0.031235 0.015995 0.000000 
50.000000 42.210711 34.720233 27.793022 21.631400 16.359166 12.018510 8.578988 5.954991 4.026973 2.662018 1.730533 1.117493 0.728202 0.489556 0.348249 0.267388 0.222644 0.198691 0.186277 0.180045 0.177013 0.175583 0.174928 0.174637 0.174512 0.174459 0.174436 0.174426 0.174419 0.174408 0.174389 0.174350 0.174273 0.174124 0.173848 0.173351 0.172486 0.171034 0.168683 0.165015 0.159509 0.151565 0.140566 0.125971 0.107438 0.084950 0.058915 0.030186 0.000000 
50.000000 42.232907 34.763771 27.856294 21.712218 16.454993 12.126686 8.696944 6.080403 4.157859 2.796777 1.867931 1.256626 0.868437 0.630465 0.489556 0.408922 0.364305 0.340419 0.328040 0.321825 0.318802 0.317376 0.316723 0.316433 0.316307 0.316254 0.316231 0.316220 0.316210 0.316193 0.316161 0.316094 0.315962 0.315708 0.315232 0.314373 0.312872 0.310340 0.306219 0.299757 0.290004 0.275855 0.256155 0.229871 0.196324 0.155431 0.107907 0.055326 0.000000 
50.000000 42.270385 34.837287 27.963132 21.848688 16.616808 12.309359 8.896137 6.292191 4.378894 3.024354 2.099970 1.491598 1.105269 0.868437 0.728202 0.647954 0.603550 0.579777 0.567457 0.561272 0.558263 0.556844 0.556194 0.555905 0.555780 0.555727 0.555703 0.555690 0.555675 0.555649 0.555596 0.555488 0.555271 0.554851 0.554064 0.552635 0.550126 0.545874 0.538915 0.527939 0.511270 0.486933 0.452826 0.407025 0.348206 0.276110 0.191936 0.098492 0.000000 
50.000000 42.331512 34.957191 28.137385 22.071273 16.880736 12.607313 9.221041 6.637645 4.739439 3.395575 2.478472 1.874889 1.491598 1.256626 1.117493 1.037874 0.993817 0.970231 0.958007 0.951870 0.948885 0.947476 0.946832 0.946545 0.946421 0.946367 0.946343 0.946327 0.946306 0.946266 0.946183 0.946012 0.945671 0.945006 0.943755 0.941472 0.937444 0.930577 0.919272 0.901322 0.873870 0.833492 0.776471 0.699310 0.599481 0.476283 0.331620 0.170355 0.000000 
50.000000 42.427757 35.145983 28.411754 22.421747 17.296314 13.076475 9.732648 7.181619 5.307185 3.980141 3.074510 2.478472 2.099970 1.867931 1.730533 1.651907 1.608399 1.585106 1.573034 1.566973 1.564025 1.562634 1.561997 1.561714 1.561591 1.561537 1.561512 1.561492 1.561462 1.561403 1.561279 1.561023 1.560506 1.559499 1.557592 1.554096 1.547895 1.537255 1.519619 1.491409 1.447917 1.383397 1.291463 1.165914 1.002011 0.798038 0.556794 0.286426 0.000000 
50.000000 42.573974 35.432801 28.828588 22.954210 17.927697 13.789280 10.509952 8.008113 6.169808 4.868333 3.980141 3.395575 3.024354 2.796777 2.662018 2.584901 2.542228 2.519382 2.507541 2.501597 2.498705 2.497340 2.496715 2.496437 2.496316 2.496263 2.496236 2.496211 2.496170 2.496087 2.495909 2.495540 2.494796 2.493335 2.490558 2.485439 2.476303 2.460522 2.434166 2.391655 2.325513 2.226415 2.083711 1.886678 1.626602 1.299528 0.909119 0.468528 0.000000 
50.000000 42.788204 35.853037 29.439322 23.734371 18.852807 14.833704 11.648900 9.219154 7.433806 6.169808 5.307185 4.739439 4.378894 4.157859 4.026973 3.952070 3.910622 3.888431 3.876930 3.871156 3.868346 3.867021 3.866414 3.866144 3.866026 3.865973 3.865943 3.865913 3.865859 3.865746 3.865504 3.864999 3.863975 3.861958 3.858102 3.850956 3.838117 3.815776 3.778154 3.716903 3.620613 3.474682 3.261906 2.964213 2.565886 2.058252 1.445044 0.746580 0.000000 
50.000000 43.090771 36.446554 30.301897 24.836247 20.159421 16.308857 13.257581 10.929684 9.219154 8.008113 7.181619 6.637645 6.292191 6.080403 5.954991 5.883220 5.843504 5.822239 5.811218 5.805685 5.802993 5.801723 5.801141 5.800882 5.800768 5.800716 5.800685 5.800649 5.800580 5.800434 5.800121 5.799465 5.798128 5.795482 5.790400 5.780921 5.763774 5.733702 5.682600 5.598542 5.464842 5.259528 4.955747 4.523886 3.936195 3.174391 2.239508 1.161083 0.000000 
50.000000 43.502512 37.254233 31.475728 26.335745 21.937557 18.316377 15.446844 13.257581 11.648900 10.509952 9.732648 9.221041 8.896137 8.696944 8.578988 8.511483 8.474126 8.454125 8.443758 8.438553 8.436021 8.434826 8.434279 8.434035 8.433927 8.433877 8.433844 8.433802 8.433720 8.433542 8.433158 8.432352 8.430702 8.427423 8.421089 8.409204 8.387549 8.349251 8.283537 8.174218 7.998053 7.723422 7.310035 6.710909 5.878239 4.774864 3.391677 1.767420 0.000000 
50.000000 44.042166 38.312835 33.014242 28.301120 24.268164 20.947665 18.316377 16.308857 14.833704 13.789280 13.076475 12.607313 12.309359 12.126686 12.018510 11.956600 11.922339 11.903995 11.894487 11.889713 11.887391 11.886294 11.885792 11.885568 11.885469 11.885422 11.885388 11.885342 11.885248 11.885044 11.884603 11.883672 11.881761 11.877944 11.870531 11.856533 11.830843 11.785013 11.705570 11.571798 11.353110 11.006342 10.473833 9.683945 8.556867 7.019832 5.035837 2.644832 0.000000 
50.000000 44.723148 39.648673 34.955690 30.781240 27.209196 24.268164 21.937557 20.159421 18.852807 17.927697 17.296314 16.880736 16.616808 16.454993 16.359166 16.304323 16.273973 16.257722 16.249299 16.245069 16.243012 16.242040 16.241595 16.241397 16.241308 16.241265 16.241233 16.241185 16.241085 16.240867 16.240395 16.239394 16.237332 16.233196 16.225121 16.209783 16.181426 16.130400 16.041019 15.888594 15.635536 15.226648 14.584219 13.604598 12.160197 10.114692 7.364245 3.917400 0.000000 
50.000000 45.550221 41.271093 37.313652 33.793459 30.781240 28.301120 26.335745 24.836247 23.734371 22.954210 22.421747 22.071273 21.848688 21.712218 21.631400 21.585145 21.559547 21.545840 21.538736 21.535169 21.533433 21.532614 21.532238 21.532070 21.531996 21.531958 21.531928 21.531882 21.531785 21.531571 21.531106 21.530118 21.528076 21.523962 21.515894 21.500482 21.471792 21.419736 21.327609 21.168484 20.900052 20.457505 19.744253 18.621043 16.896729 14.331011 10.675630 5.806613 0.000000 
50.000000 46.516759 43.167099 40.069243 37.313652 34.955690 33.014242 31.475728 30.301897 29.439322 28.828588 28.411754 28.137385 27.963132 27.856294 27.793022 27.756810 27.736768 27.726037 27.720475 27.717682 27.716323 27.715681 27.715387 27.715256 27.715197 27.715167 27.715142 27.715102 27.715017 27.714828 27.714418 27.713544 27.711733 27.708072 27.700862 27.687022 27.661102 27.613716 27.529060 27.381070 27.127506 26.700864 25.994410 24.840997 22.982641 20.034622 15.474236 8.772888 0.000000 
50.000000 47.603344 45.298595 43.167099 41.271093 39.648673 38.312835 37.254233 36.446554 35.853037 35.432801 35.145983 34.957191 34.837287 34.763771 34.720233 34.695314 34.681523 34.674138 34.670311 34.668389 34.667453 34.667012 34.666810 34.666719 34.666678 34.666657 34.666639 34.666610 34.666546 34.666405 34.666098 34.665442 34.664079 34.661318 34.655864 34.645352 34.625571 34.589189 34.523682 34.407992 34.207046 33.862557 33.276998 32.284429 30.595463 27.692862 22.649298 13.930748 0.000000 
50.000000 48.778246 47.603344 46.516759 45.550221 44.723148 44.042166 43.502512 43.090771 42.788204 42.573974 42.427757 42.331512 42.270385 42.232907 42.210711 42.198007 42.190976 42.187211 42.185260 42.184280 42.183803 42.183578 42.183475 42.183429 42.183408 42.183397 42.183388 42.183372 42.183338 42.183262 42.183097 42.182745 42.182012 42.180525 42.177581 42.171893 42.161157 42.141330 42.105446 42.041624 41.929687 41.735092 41.397334 40.805749 39.743608 37.743872 33.672596 24.389123 0.000000 
50.000000 50.000000 50.000000 50.000000 50.000000 50.000000 50.000000 50.000000 50.000000 50.000000 50.000000 50.000000 50.000000 50.000000 50.000000 50.000000 50.000000 50.000000 50.000000 50.000000 50.000000 50.000000 50.000000 50.000000 50.000000 50.000000 50.000000 50.000000 50.000000 50.000000 50.000000 50.000000 50.000000 50.000000 50.000000 50.000000 50.000000 50.000000 50.000000 50.000000 50.000000 50.000000 50.000000 50.000000 50.000000 50.000000 50.000000 50.000000 50.000000 50.000000 
