50.000000 50.000000 50.000000 50.000000 50.000000 50.000000 50.000000 50.000000 50.000000 50.000000 50.000000 50.000000 50.000000 50.000000 50.000000 50.000000 50.000000 50.000000 50.000000 50.000000 50.000000 50.000000 50.000000 50.000000 50.000000 50.000000 50.000000 50.000000 50.000000 50.000000 50.000000 50.000000 50.000000 50.000000 50.000000 50.000000 50.000000 50.000000 50.000000 50.000000 50.000000 50.000000 50.000000 50.000000 50.000000 50.000000 50.000000 50.000000 50.000000 50.000000 
50.000000 47.792050 45.736969 43.955938 42.517691 41.434337 40.672156 40.170548 39.861210 39.682127 39.584616 39.534582 39.510343 39.499234 39.494409 39.492419 39.491639 39.491347 39.491243 39.491208 39.491196 39.491193 39.491192 39.491191 39.491191 39.491191 39.491191 39.491191 39.491191 39.491191 39.491190 39.491188 39.491182 39.491163 39.491105 39.490942 39.490492 39.489307 39.486309 39.479021 39.461969 39.423497 39.339486 39.160878 38.787801 38.011265 36.366244 32.712914 23.896025 0.000000 
50.000000 45.736969 41.769105 38.330390 35.553534 33.461905 31.990391 31.021973 30.424772 30.079046 29.890803 29.794217 29.747426 29.725982 29.716669 29.712829 29.711322 29.710760 29.710559 29.710490 29.710468 29.710461 29.710459 29.710458 29.710458 29.710458 29.710458 29.710458 29.710458 29.710458 29.710457 29.710453 29.710442 29.710408 29.710307 29.710020 29.709233 29.707167 29.701962 29.689376 29.660149 29.594885 29.454445 29.162305 28.572293 27.409165 25.159312 20.884552 13.024055 0.000000 
50.000000 43.955938 38.330390 33.455113 29.518257 26.552936 24.466812 23.093956 22.247376 21.757301 21.490473 21.353571 21.287253 21.256862 21.243664 21.238221 21.236087 21.235289 21.235005 21.234908 21.234876 21.234866 21.234864 21.234863 21.234862 21.234862 21.234862 21.234862 21.234862 21.234862 21.234861 21.234856 21.234843 21.234802 21.234679 21.234332 21.233385 21.230910 21.224715 21.209854 21.175703 21.100491 20.941663 20.619791 19.993365 18.822669 16.727557 13.171079 7.589694 0.000000 
50.000000 42.517691 35.553534 29.518257 24.644781 20.974075 18.391790 16.692479 15.644632 15.038075 14.707845 14.538422 14.456354 14.418749 14.402418 14.395684 14.393044 14.392057 14.391705 14.391585 14.391546 14.391534 14.391530 14.391529 14.391529 14.391529 14.391529 14.391529 14.391529 14.391528 14.391527 14.391523 14.391510 14.391468 14.391347 14.391003 14.390070 14.387649 14.381629 14.367325 14.334837 14.264366 14.118463 13.830386 13.288815 12.322390 10.695588 8.144369 4.506427 0.000000 
50.000000 41.434337 33.461905 26.552936 20.974075 16.772189 13.816329 11.871259 10.671924 9.977711 9.599779 9.405894 9.311983 9.268954 9.250269 9.242565 9.239544 9.238416 9.238013 9.237876 9.237831 9.237817 9.237813 9.237812 9.237812 9.237812 9.237812 9.237812 9.237811 9.237811 9.237810 9.237806 9.237795 9.237759 9.237654 9.237360 9.236564 9.234512 9.229451 9.217541 9.190816 9.133710 9.017693 8.794038 8.386095 7.685260 6.559571 4.889612 2.646535 0.000000 
50.000000 40.672156 31.990391 24.466812 18.391790 13.816329 10.597778 8.479929 7.174116 6.418307 6.006862 5.795798 5.693571 5.646735 5.626398 5.618014 5.614726 5.613498 5.613061 5.612911 5.612863 5.612848 5.612843 5.612842 5.612841 5.612841 5.612841 5.612841 5.612841 5.612841 5.612840 5.612837 5.612828 5.612801 5.612720 5.612495 5.611891 5.610342 5.606554 5.597722 5.578134 5.536864 5.454453 5.298889 5.022290 4.561403 3.847021 2.828085 1.511278 0.000000 
50.000000 40.170548 31.021973 23.093956 16.692479 11.871259 8.479929 6.248465 4.872652 4.076360 3.642898 3.420550 3.312864 3.263529 3.242108 3.233278 3.229816 3.228522 3.228061 3.227904 3.227853 3.227837 3.227832 3.227831 3.227831 3.227831 3.227831 3.227831 3.227830 3.227830 3.227830 3.227828 3.227821 3.227802 3.227746 3.227591 3.227175 3.226117 3.223548 3.217613 3.204590 3.177503 3.124233 3.025476 2.853565 2.574016 2.152294 1.567528 0.831062 0.000000 
50.000000 39.861210 30.424772 22.247376 15.644632 10.671924 7.174116 4.872652 3.453723 2.632505 2.185490 1.956199 1.845156 1.794285 1.772198 1.763094 1.759524 1.758191 1.757716 1.757554 1.757501 1.757485 1.757480 1.757479 1.757478 1.757478 1.757478 1.757478 1.757478 1.757478 1.757477 1.757476 1.757472 1.757460 1.757424 1.757326 1.757064 1.756402 1.754806 1.751149 1.743202 1.726861 1.695148 1.637252 1.538214 1.380266 1.146884 0.829887 0.437713 0.000000 
50.000000 39.682127 30.079046 21.757301 15.038075 9.977711 6.418307 4.076360 2.632505 1.796881 1.342038 1.108738 0.995756 0.943999 0.921529 0.912266 0.908635 0.907279 0.906795 0.906631 0.906577 0.906560 0.906555 0.906554 0.906553 0.906553 0.906553 0.906553 0.906553 0.906553 0.906553 0.906552 0.906550 0.906542 0.906522 0.906464 0.906312 0.905929 0.905013 0.902929 0.898440 0.889302 0.871770 0.840173 0.786896 0.703238 0.581598 0.418897 0.220158 0.000000 
50.000000 39.584616 29.890803 21.490473 14.707845 9.599779 6.006862 3.642898 2.185490 1.342038 0.882941 0.647465 0.533431 0.481193 0.458515 0.449167 0.445502 0.444133 0.443645 0.443479 0.443425 0.443408 0.443403 0.443402 0.443401 0.443401 0.443401 0.443401 0.443401 0.443401 0.443401 0.443400 0.443399 0.443395 0.443384 0.443353 0.443271 0.443065 0.442576 0.441471 0.439109 0.434341 0.425285 0.409140 0.382238 0.340520 0.280619 0.201427 0.105595 0.000000 
50.000000 39.534582 29.794217 21.353571 14.538422 9.405894 5.795798 3.420550 1.956199 1.108738 0.647465 0.410874 0.296303 0.243819 0.221034 0.211643 0.207961 0.206586 0.206096 0.205929 0.205874 0.205857 0.205852 0.205851 0.205850 0.205850 0.205850 0.205850 0.205850 0.205850 0.205850 0.205850 0.205849 0.205847 0.205842 0.205826 0.205784 0.205681 0.205437 0.204889 0.203725 0.201394 0.197002 0.189244 0.176443 0.156792 0.128856 0.092255 0.048273 0.000000 
50.000000 39.510343 29.747426 21.287253 14.456354 9.311983 5.693571 3.312864 1.845156 0.995756 0.533431 0.296303 0.181472 0.128870 0.106034 0.096621 0.092931 0.091553 0.091062 0.090894 0.090840 0.090823 0.090818 0.090816 0.090816 0.090816 0.090816 0.090816 0.090816 0.090816 0.090816 0.090816 0.090815 0.090814 0.090812 0.090804 0.090785 0.090736 0.090622 0.090366 0.089827 0.088754 0.086747 0.083229 0.077471 0.068705 0.056342 0.040259 0.021036 0.000000 
50.000000 39.499234 29.725982 21.256862 14.418749 9.268954 5.646735 3.263529 1.794285 0.943999 0.481193 0.243819 0.128870 0.076214 0.053354 0.043932 0.040238 0.038859 0.038367 0.038200 0.038145 0.038128 0.038123 0.038121 0.038121 0.038121 0.038121 0.038121 0.038121 0.038121 0.038121 0.038121 0.038121 0.038120 0.038119 0.038116 0.038107 0.038085 0.038035 0.037923 0.037687 0.037221 0.036354 0.034844 0.032389 0.028678 0.023478 0.016749 0.008742 0.000000 
50.000000 39.494409 29.716669 21.243664 14.402418 9.250269 5.626398 3.242108 1.772198 0.921529 0.458515 0.221034 0.106034 0.053354 0.030485 0.021058 0.017363 0.015983 0.015491 0.015323 0.015269 0.015252 0.015247 0.015245 0.015245 0.015245 0.015245 0.015245 0.015245 0.015245 0.015245 0.015245 0.015244 0.015244 0.015244 0.015242 0.015239 0.015230 0.015209 0.015162 0.015064 0.014872 0.014517 0.013903 0.012909 0.011415 0.009332 0.006649 0.003468 0.000000 
50.000000 39.492419 29.712829 21.238221 14.395684 9.242565 5.618014 3.233278 1.763094 0.912266 0.449167 0.211643 0.096621 0.043932 0.021058 0.011630 0.007934 0.006554 0.006062 0.005894 0.005840 0.005823 0.005817 0.005816 0.005816 0.005815 0.005815 0.005815 0.005815 0.005815 0.005815 0.005815 0.005815 0.005815 0.005815 0.005815 0.005813 0.005810 0.005801 0.005783 0.005745 0.005670 0.005531 0.005293 0.004910 0.004337 0.003542 0.002521 0.001314 0.000000 
50.000000 39.491639 29.711322 21.236087 14.393044 9.239544 5.614726 3.229816 1.759524 0.908635 0.445502 0.207961 0.092931 0.040238 0.017363 0.007934 0.004238 0.002857 0.002365 0.002198 0.002143 0.002126 0.002121 0.002120 0.002119 0.002119 0.002119 0.002119 0.002119 0.002119 0.002119 0.002119 0.002119 0.002119 0.002119 0.002119 0.002118 0.002117 0.002114 0.002107 0.002092 0.002065 0.002013 0.001926 0.001785 0.001575 0.001285 0.000914 0.000476 0.000000 
50.000000 39.491347 29.710760 21.235289 14.392057 9.238416 5.613498 3.228522 1.758191 0.907279 0.444133 0.206586 0.091553 0.038859 0.015983 0.006554 0.002857 0.001477 0.000985 0.000817 0.000763 0.000746 0.000740 0.000739 0.000739 0.000738 0.000738 0.000738 0.000738 0.000738 0.000738 0.000738 0.000738 0.000738 0.000738 0.000738 0.000738 0.000738 0.000737 0.000734 0.000729 0.000719 0.000701 0.000670 0.000621 0.000547 0.000446 0.000317 0.000165 0.000000 
50.000000 39.491243 29.710559 21.235005 14.391705 9.238013 5.613061 3.228061 1.757716 0.906795 0.443645 0.206096 0.091062 0.038367 0.015491 0.006062 0.002365 0.000985 0.000493 0.000325 0.000271 0.000254 0.000248 0.000247 0.000247 0.000246 0.000246 0.000246 0.000246 0.000246 0.000246 0.000246 0.000246 0.000246 0.000246 0.000246 0.000246 0.000246 0.000246 0.000245 0.000243 0.000240 0.000234 0.000223 0.000207 0.000182 0.000148 0.000105 0.000055 0.000000 
50.000000 39.491208 29.710490 21.234908 14.391585 9.237876 5.612911 3.227904 1.757554 0.906631 0.443479 0.205929 0.090894 0.038200 0.015323 0.005894 0.002198 0.000817 0.000325 0.000158 0.000103 0.000086 0.000081 0.000079 0.000079 0.000079 0.000079 0.000079 0.000079 0.000079 0.000079 0.000079 0.000079 0.000079 0.000079 0.000079 0.000079 0.000079 0.000079 0.000078 0.000078 0.000077 0.000075 0.000071 0.000066 0.000058 0.000047 0.000034 0.000018 0.000000 
50.000000 39.491196 29.710468 21.234876 14.391546 9.237831 5.612863 3.227853 1.757501 0.906577 0.443425 0.205874 0.090840 0.038145 0.015269 0.005840 0.002143 0.000763 0.000271 0.000103 0.000048 0.000031 0.000026 0.000025 0.000024 0.000024 0.000024 0.000024 0.000024 0.000024 0.000024 0.000024 0.000024 0.000024 0.000024 0.000024 0.000024 0.000024 0.000024 0.000024 0.000024 0.000024 0.000023 0.000022 0.000020 0.000018 0.000015 0.000010 0.000005 0.000000 
50.000000 39.491193 29.710461 21.234866 14.391534 9.237817 5.612848 3.227837 1.757485 0.906560 0.443408 0.205857 0.090823 0.038128 0.015252 0.005823 0.002126 0.000746 0.000254 0.000086 0.000031 0.000014 0.000009 0.000008 0.000007 0.000007 0.000007 0.000007 0.000007 0.000007 0.000007 0.000007 0.000007 0.000007 0.000007 0.000007 0.000007 0.000007 0.000007 0.000007 0.000007 0.000007 0.000007 0.000006 0.000006 0.000005 0.000004 0.000003 0.000002 0.000000 
50.000000 39.491192 29.710459 21.234864 14.391530 9.237813 5.612843 3.227832 1.757480 0.906555 0.443403 0.205852 0.090818 0.038123 0.015247 0.005817 0.002121 0.000740 0.000248 0.000081 0.000026 0.000009 0.000004 0.000003 0.000002 0.000002 0.000002 0.000002 0.000002 0.000002 0.000002 0.000002 0.000002 0.000002 0.000002 0.000002 0.000002 0.000002 0.000002 0.000002 0.000002 0.000002 0.000002 0.000002 0.000002 0.000001 0.000001 0.000001 0.000000 0.000000 
50.000000 39.491191 29.710458 21.234863 14.391529 9.237812 5.612842 3.227831 1.757479 0.906554 0.443402 0.205851 0.090816 0.038121 0.015245 0.005816 0.002120 0.000739 0.000247 0.000079 0.000025 0.000008 0.000003 0.000001 0.000001 0.000001 0.000001 0.000001 0.000001 0.000001 0.000001 0.000001 0.000001 0.000001 0.000001 0.000001 0.000001 0.000001 0.000001 0.000001 0.000001 0.000001 0.000001 0.000001 0.000000 0.000000 0.000000 0.000000 0.000000 0.000000 
50.000000 39.491191 29.710458 21.234862 14.391529 9.237812 5.612841 3.227831 1.757478 0.906553 0.443401 0.205850 0.090816 0.038121 0.015245 0.005816 0.002119 0.000739 0.000247 0.000079 0.000024 0.000007 0.000002 0.000001 0.000000 0.000000 0.000000 0.000000 0.000000 0.000000 0.000000 0.000000 0.000000 0.000000 0.000000 0.000000 0.000000 0.000000 0.000000 0.000000 0.000000 0.000000 0.000000 0.000000 0.000000 0.000000 0.000000 0.000000 0.000000 0.000000 
50.000000 39.491191 29.710458 21.234862 14.391529 9.237812 5.612841 3.227831 1.757478 0.906553 0.443401 0.205850 0.090816 0.038121 0.015245 0.005816 0.002119 0.000739 0.000247 0.000079 0.000024 0.000007 0.000002 0.000001 0.000000 0.000000 0.000000 0.000000 0.000000 0.000000 0.000000 0.000000 0.000000 0.000000 0.000000 0.000000 0.000000 0.000000 0.000000 0.000000 0.000000 0.000000 0.000000 0.000000 0.000000 0.000000 0.000000 0.000000 0.000000 0.000000 
50.000000 39.491191 29.710458 21.234863 14.391529 9.237812 5.612842 3.227831 1.757479 0.906554 0.443402 0.205851 0.090816 0.038121 0.015245 0.005816 0.002120 0.000739 0.000247 0.000079 0.000025 0.000008 0.000003 0.000001 0.000001 0.000001 0.000001 0.000001 0.000001 0.000001 0.000001 0.000001 0.000001 0.000001 0.000001 0.000001 0.000001 0.000001 0.000001 0.000001 0.000001 0.000001 0.000001 0.000001 0.000000 0.000000 0.000000 0.000000 0.000000 0.000000 
50.000000 39.491192 29.710459 21.234864 14.391530 9.237813 5.612843 3.227832 1.757480 0.906555 0.443403 0.205852 0.090818 0.038123 0.015247 0.005817 0.002121 0.000740 0.000248 0.000081 0.000026 0.000009 0.000004 0.000003 0.000002 0.000002 0.000002 0.000002 0.000002 0.000002 0.000002 0.000002 0.000002 0.000002 0.000002 0.000002 0.000002 0.000002 0.000002 0.000002 0.000002 0.000002 0.000002 0.000002 0.000002 0.000001 0.000001 0.000001 0.000000 0.000000 
50.000000 39.491193 29.710461 21.234866 14.391534 9.237817 5.612848 3.227837 1.757485 0.906560 0.443408 0.205857 0.090823 0.038128 0.015252 0.005823 0.002126 0.000746 0.000254 0.000086 0.000031 0.000014 0.000009 0.000008 0.000007 0.000007 0.000007 0.000007 0.000007 0.000007 0.000007 0.000007 0.000007 0.000007 0.000007 0.000007 0.000007 0.000007 0.000007 0.000007 0.000007 0.000007 0.000007 0.000006 0.000006 0.000005 0.000004 0.000003 0.000002 0.000000 
50.000000 39.491196 29.710468 21.234876 14.391546 9.237831 5.612863 3.227853 1.757501 0.906577 0.443425 0.205874 0.090840 0.038145 0.015269 0.005840 0.002143 0.000763 0.000271 0.000103 0.000048 0.000031 0.000026 0.000025 0.000024 0.000024 0.000024 0.000024 0.000024 0.000024 0.000024 0.000024 0.000024 0.000024 0.000024 0.000024 0.000024 0.000024 0.000024 0.000024 0.000024 0.000024 0.000023 0.000022 0.000020 0.000018 0.000015 0.000010 0.000005 0.000000 
50.000000 39.491208 29.710490 21.234908 14.391585 9.237876 5.612911 3.227904 1.757554 0.906631 0.443479 0.205929 0.090894 0.038200 0.015323 0.005894 0.002198 0.000817 0.000325 0.000158 0.000103 0.000086 0.000081 0.000079 0.000079 0.000079 0.000079 0.000079 0.000079 0.000079 0.000079 0.000079 0.000079 0.000079 0.000079 0.000079 0.000079 0.000079 0.000079 0.000078 0.000078 0.000077 0.000075 0.000071 0.000066 0.000058 0.000047 0.000034 0.000018 0.000000 
50.000000 39.491243 29.710559 21.235005 14.391705 9.238013 5.613061 3.228061 1.757716 0.906795 0.443645 0.206096 0.091062 0.038367 0.015491 0.006062 0.002365 0.000985 0.000493 0.000325 0.000271 0.000254 0.000248 0.000247 0.000247 0.000246 0.000246 0.000246 0.000246 0.000246 0.000246 0.000246 0.000246 0.000246 0.000246 0.000246 0.000246 0.000246 0.000246 0.000245 0.000243 0.000240 0.000234 0.000223 0.000207 0.000182 0.000148 0.000105 0.000055 0.000000 
50.000000 39.491347 29.710760 21.235289 14.392057 9.238416 5.613498 3.228522 1.758191 0.907279 0.444133 0.206586 0.091553 0.038859 0.015983 0.006554 0.002857 0.001477 0.000985 0.000817 0.000763 0.000746 0.000740 0.000739 0.000739 0.000738 0.000738 0.000738 0.000738 0.000738 0.000738 0.000738 0.000738 0.000738 0.000738 0.000738 0.000738 0.000738 0.000737 0.000734 0.000729 0.000719 0.000701 0.000670 0.000621 0.000547 0.000446 0.000317 0.000165 0.000000 
50.000000 39.491639 29.711322 21.236087 14.393044 9.239544 5.614726 3.229816 1.759524 0.908635 0.445502 0.207961 0.092931 0.040238 0.017363 0.007934 0.004238 0.002857 0.002365 0.002198 0.002143 0.002126 0.002121 0.002120 0.002119 0.002119 0.002119 0.002119 0.002119 0.002119 0.002119 0.002119 0.002119 0.002119 0.002119 0.002119 0.002118 0.002117 0.002114 0.002107 0.002092 0.002065 0.002013 0.001926 0.001785 0.001575 0.001285 0.000914 0.000476 0.000000 
50.000000 39.492419 29.712829 21.238221 14.395684 9.242565 5.618014 3.233278 1.763094 0.912266 0.449167 0.211643 0.096621 0.043932 0.021058 0.011630 0.007934 0.006554 0.006062 0.005894 0.005840 0.005823 0.005817 0.005816 0.005816 0.005815 0.005815 0.005815 0.005815 0.005815 0.005815 0.005815 0.005815 0.005815 0.005815 0.005815 0.005813 0.005810 0.005801 0.005783 0.005745 0.005670 0.005531 0.005293 0.004910 0.004337 0.003542 0.002521 0.001314 0.000000 
50.000000 39.494409 29.716669 21.243664 14.402418 9.250269 5.626398 3.242108 1.772198 0.921529 0.458515 0.221034 0.106034 0.053354 0.030485 0.021058 0.017363 0.015983 0.015491 0.015323 0.015269 0.015252 0.015247 0.015245 0.015245 0.015245 0.015245 0.015245 0.015245 0.015245 0.015245 0.015245 0.015244 0.015244 0.015244 0.015242 0.015239 0.015230 0.015209 0.015162 0.015064 0.014872 0.014517 0.013903 0.012909 0.011415 0.009332 0.006649 0.003468 0.000000 
50.000000 39.499234 29.725982 21.256862 14.418749 9.268954 5.646735 3.263529 1.794285 0.943999 0.481193 0.243819 0.128870 0.076214 0.053354 0.043932 0.040238 0.038859 0.038367 0.038200 0.038145 0.038128 0.038123 0.038121 0.038121 0.038121 0.038121 0.038121 0.038121 0.038121 0.038121 0.038121 0.038121 0.038120 0.038119 0.038116 0.038107 0.038085 0.038035 0.037923 0.037687 0.037221 0.036354 0.034844 0.032389 0.028678 0.023478 0.016749 0.008742 0.000000 
50.000000 39.510343 29.747426 21.287253 14.456354 9.311983 5.693571 3.312864 1.845156 0.995756 0.533431 0.296303 0.181472 0.128870 0.106034 0.096621 0.092931 0.091553 0.091062 0.090894 0.090840 0.090823 0.090818 0.090816 0.090816 0.090816 0.090816 0.090816 0.090816 0.090816 0.090816 0.090816 0.090815 0.090814 0.090812 0.090804 0.090785 0.090736 0.090622 0.090366 0.089827 0.088754 0.086747 0.083229 0.077471 0.068705 0.056342 0.040259 0.021036 0.000000 
50.000000 39.534582 29.794217 21.353571 14.538422 9.405894 5.795798 3.420550 1.956199 1.108738 0.647465 0.410874 0.296303 0.243819 0.221034 0.211643 0.207961 0.206586 0.206096 0.205929 0.205874 0.205857 0.205852 0.205851 0.205850 0.205850 0.205850 0.205850 0.205850 0.205850 0.205850 0.205850 0.205849 0.205847 0.205842 0.205826 0.205784 0.205681 0.205437 0.204889 0.203725 0.201394 0.197002 0.189244 0.176443 0.156792 0.128856 0.092255 0.048273 0.000000 
50.000000 39.584616 29.890803 21.490473 14.707845 9.599779 6.006862 3.642898 2.185490 1.342038 0.882941 0.647465 0.533431 0.481193 0.458515 0.449167 0.445502 0.444133 0.443645 0.443479 0.443425 0.443408 0.443403 0.443402 0.443401 0.443401 0.443401 0.443401 0.443401 0.443401 0.443401 0.443400 0.443399 0.443395 0.443384 0.443353 0.443271 0.443065 0.442576 0.441471 0.439109 0.434341 0.425285 0.409140 0.382238 0.340520 0.280619 0.201427 0.105595 0.000000 
50.000000 39.682127 30.079046 21.757301 15.038075 9.977711 6.418307 4.076360 2.632505 1.796881 1.342038 1.108738 0.995756 0.943999 0.921529 0.912266 0.908635 0.907279 0.906795 0.906631 0.906577 0.906560 0.906555 0.906554 0.906553 0.906553 0.906553 0.906553 0.906553 0.906553 0.906553 0.906552 0.906550 0.906542 0.906522 0.906464 0.906312 0.905929 0.905013 0.902929 0.898440 0.889302 0.871770 0.840173 0.786896 0.703238 0.581598 0.418897 0.220158 0.000000 
50.000000 39.861210 30.424772 22.247376 15.644632 10.671924 7.174116 4.872652 3.453723 2.632505 2.185490 1.956199 1.845156 1.794285 1.772198 1.763094 1.759524 1.758191 1.757716 1.757554 1.757501 1.757485 1.757480 1.757479 1.757478 1.757478 1.757478 1.757478 1.757478 1.757478 1.757477 1.757476 1.757472 1.757460 1.757424 1.757326 1.757064 1.756402 1.754806 1.751149 1.743202 1.726861 1.695148 1.637252 1.538214 1.380266 1.146884 0.829887 0.437713 0.000000 
50.000000 40.170548 31.021973 23.093956 16.692479 11.871259 8.479929 6.248465 4.872652 4.076360 3.642898 3.420550 3.312864 3.263529 3.242108 3.233278 3.229816 3.228522 3.228061 3.227904 3.227853 3.227837 3.227832 3.227831 3.227831 3.227831 3.227831 3.227831 3.227830 3.227830 3.227830 3.227828 3.227821 3.227802 3.227746 3.227591 3.227175 3.226117 3.223548 3.217613 3.204590 3.177503 3.124233 3.025476 2.853565 2.574016 2.152294 1.567528 0.831062 0.000000 
50.000000 40.672156 31.990391 24.466812 18.391790 13.816329 10.597778 8.479929 7.174116 6.418307 6.006862 5.795798 5.693571 5.646735 5.626398 5.618014 5.614726 5.613498 5.613061 5.612911 5.612863 5.612848 5.612843 5.612842 5.612841 5.612841 5.612841 5.612841 5.612841 5.612841 5.612840 5.612837 5.612828 5.612801 5.612720 5.612495 5.611891 5.610342 5.606554 5.597722 5.578134 5.536864 5.454453 5.298889 5.022290 4.561403 3.847021 2.828085 1.511278 0.000000 
50.000000 41.434337 33.461905 26.552936 20.974075 16.772189 13.816329 11.871259 10.671924 9.977711 9.599779 9.405894 9.311983 9.268954 9.250269 9.242565 9.239544 9.238416 9.238013 9.237876 9.237831 9.237817 9.237813 9.237812 9.237812 9.237812 9.237812 9.237812 9.237811 9.237811 9.237810 9.237806 9.237795 9.237759 9.237654 9.237360 9.236564 9.234512 9.229451 9.217541 9.190816 9.133710 9.017693 8.794038 8.386095 7.685260 6.559571 4.889612 2.646535 0.000000 
50.000000 42.517691 35.553534 29.518257 24.644781 20.974075 18.391790 16.692479 15.644632 15.038075 14.707845 14.538422 14.456354 14.418749 14.402418 14.395684 14.393044 14.392057 14.391705 14.391585 14.391546 14.391534 14.391530 14.391529 14.391529 14.391529 14.391529 14.391529 14.391529 14.391528 14.391527 14.391523 14.391510 14.391468 14.391347 14.391003 14.390070 14.387649 14.381629 14.367325 14.334837 14.264366 14.118463 13.830386 13.288815 12.322390 10.695588 8.144369 4.506427 0.000000 
50.000000 43.955938 38.330390 33.455113 29.518257 26.552936 24.466812 23.093956 22.247376 21.757301 21.490473 21.353571 21.287253 21.256862 21.243664 21.238221 21.236087 21.235289 21.235005 21.234908 21.234876 21.234866 21.234864 21.234863 21.234862 21.234862 21.234862 21.234862 21.234862 21.234862 21.234861 21.234856 21.234843 21.234802 21.234679 21.234332 21.233385 21.230910 21.224715 21.209854 21.175703 21.100491 20.941663 20.619791 19.993365 18.822669 16.727557 13.171079 7.589694 0.000000 
50.000000 45.736969 41.769105 38.330390 35.553534 33.461905 31.990391 31.021973 30.424772 30.079046 29.890803 29.794217 29.747426 29.725982 29.716669 29.712829 29.711322 29.710760 29.710559 29.710490 29.710468 29.710461 29.710459 29.710458 29.710458 29.710458 29.710458 29.710458 29.710458 29.710458 29.710457 29.710453 29.710442 29.710408 29.710307 29.710020 29.709233 29.707167 29.701962 29.689376 29.660149 29.594885 29.454445 29.162305 28.572293 27.409165 25.159312 20.884552 13.024055 0.000000 
50.000000 47.792050 45.736969 43.955938 42.517691 41.434337 40.672156 40.170548 39.861210 39.682127 39.584616 39.534582 39.510343 39.499234 39.494409 39.492419 39.491639 39.491347 39.491243 39.491208 39.491196 39.491193 39.491192 39.491191 39.491191 39.491191 39.491191 39.491191 39.491191 39.491191 39.491190 39.491188 39.491182 39.491163 39.491105 39.490942 39.490492 39.489307 39.486309 39.479021 39.461969 39.423497 39.339486 39.160878 38.787801 38.011265 36.366244 32.712914 23.896025 0.000000 
50.000000 50.000000 50.000000 50.000000 50.000000 50.000000 50.000000 50.000000 50.000000 50.000000 50.000000 50.000000 50.000000 50.000000 50.000000 50.000000 50.000000 50.000000 50.000000 50.000000 50.000000 50.000000 50.000000 50.000000 50.000000 50.000000 50.000000 50.000000 50.000000 50.000000 50.000000 50.000000 50.000000 50.000000 50.000000 50.000000 50.000000 50.000000 50.000000 50.000000 50.000000 50.000000 50.000000 50.000000 50.000000 50.000000 50.000000 50.000000 50.000000 50.000000 
