50.000000 50.000000 50.000000 50.000000 50.000000 50.000000 50.000000 50.000000 50.000000 50.000000 50.000000 50.000000 50.000000 50.000000 50.000000 50.000000 50.000000 50.000000 50.000000 50.000000 50.000000 50.000000 50.000000 50.000000 50.000000 50.000000 50.000000 50.000000 50.000000 50.000000 50.000000 50.000000 50.000000 50.000000 50.000000 50.000000 50.000000 50.000000 50.000000 50.000000 50.000000 50.000000 50.000000 50.000000 50.000000 50.000000 50.000000 50.000000 50.000000 50.000000 
50.000000 43.071427 37.634374 34.232703 32.497426 31.759206 31.491975 31.408235 31.385188 31.379550 31.378311 31.378065 31.378020 31.378012 31.378011 31.378011 31.378011 31.378011 31.378011 31.378011 31.378011 31.378011 31.378011 31.378011 31.378011 31.378011 31.378011 31.378011 31.378011 31.378011 31.378011 31.378011 31.378011 31.378011 31.378011 31.378011 31.378011 31.378011 31.378008 31.377991 31.377892 31.377363 31.374755 31.362957 31.314049 31.128046 30.475126 28.328403 21.535713 0.000000 
50.000000 37.634374 27.931948 21.863067 18.768130 17.451962 16.975708 16.826533 16.785497 16.775462 16.773258 16.772820 16.772740 16.772727 16.772725 16.772725 16.772724 16.772724 16.772724 16.772724 16.772724 16.772724 16.772724 16.772724 16.772724 16.772724 16.772724 16.772724 16.772724 16.772724 16.772724 16.772724 16.772724 16.772724 16.772724 16.772724 16.772724 16.772724 16.772720 16.772699 16.772576 16.771925 16.768764 16.754784 16.698740 16.496288 15.841715 13.965974 9.305971 0.000000 
50.000000 34.232703 21.863067 14.127917 10.184643 8.508409 7.902148 7.712346 7.660161 7.647407 7.644608 7.644051 7.643950 7.643933 7.643931 7.643930 7.643930 7.643930 7.643930 7.643930 7.643930 7.643930 7.643930 7.643930 7.643930 7.643930 7.643930 7.643930 7.643930 7.643930 7.643930 7.643930 7.643930 7.643930 7.643930 7.643930 7.643930 7.643930 7.643927 7.643911 7.643822 7.643352 7.641106 7.631381 7.593532 7.462461 7.063959 6.021352 3.757577 0.000000 
50.000000 32.497426 18.768130 10.184643 5.810182 3.951297 3.279232 3.068914 3.011114 2.996993 2.993896 2.993280 2.993168 2.993150 2.993147 2.993146 2.993146 2.993146 2.993146 2.993146 2.993146 2.993146 2.993146 2.993146 2.993146 2.993146 2.993146 2.993146 2.993146 2.993146 2.993146 2.993146 2.993146 2.993146 2.993146 2.993146 2.993146 2.993146 2.993145 2.993136 2.993089 2.992843 2.991683 2.986747 2.967986 2.905091 2.722182 2.271842 1.369380 0.000000 
50.000000 31.759206 17.451962 8.508409 3.951297 2.015221 1.315418 1.096476 1.036321 1.021630 1.018408 1.017768 1.017651 1.017632 1.017629 1.017629 1.017629 1.017629 1.017629 1.017629 1.017629 1.017629 1.017629 1.017629 1.017629 1.017629 1.017629 1.017629 1.017629 1.017629 1.017629 1.017629 1.017629 1.017629 1.017629 1.017629 1.017629 1.017629 1.017628 1.017624 1.017605 1.017503 1.017029 1.015038 1.007611 0.983311 0.914877 0.753221 0.445157 0.000000 
50.000000 31.491975 16.975708 7.902148 3.279232 1.315418 0.605675 0.383652 0.322659 0.307765 0.304499 0.303850 0.303732 0.303713 0.303710 0.303709 0.303709 0.303709 0.303709 0.303709 0.303709 0.303709 0.303709 0.303709 0.303709 0.303709 0.303709 0.303709 0.303709 0.303709 0.303709 0.303709 0.303709 0.303709 0.303709 0.303709 0.303709 0.303709 0.303709 0.303708 0.303701 0.303666 0.303505 0.302837 0.300380 0.292486 0.270767 0.220924 0.129018 0.000000 
50.000000 31.408235 16.826533 7.712346 3.068914 1.096476 0.383652 0.160677 0.099426 0.084470 0.081190 0.080539 0.080421 0.080401 0.080398 0.080398 0.080398 0.080398 0.080398 0.080398 0.080398 0.080398 0.080398 0.080398 0.080398 0.080398 0.080398 0.080398 0.080398 0.080398 0.080398 0.080398 0.080398 0.080398 0.080398 0.080398 0.080398 0.080398 0.080398 0.080397 0.080395 0.080385 0.080338 0.080146 0.079447 0.077232 0.071240 0.057769 0.033480 0.000000 
50.000000 31.385188 16.785497 7.660161 3.011114 1.036321 0.322659 0.099426 0.038106 0.023133 0.019850 0.019198 0.019079 0.019060 0.019057 0.019056 0.019056 0.019056 0.019056 0.019056 0.019056 0.019056 0.019056 0.019056 0.019056 0.019056 0.019056 0.019056 0.019056 0.019056 0.019056 0.019056 0.019056 0.019056 0.019056 0.019056 0.019056 0.019056 0.019056 0.019056 0.019056 0.019053 0.019041 0.018993 0.018818 0.018271 0.016810 0.013572 0.007826 0.000000 
50.000000 31.379550 16.775462 7.647407 2.996993 1.021630 0.307765 0.084470 0.023133 0.008156 0.004872 0.004220 0.004101 0.004082 0.004079 0.004078 0.004078 0.004078 0.004078 0.004078 0.004078 0.004078 0.004078 0.004078 0.004078 0.004078 0.004078 0.004078 0.004078 0.004078 0.004078 0.004078 0.004078 0.004078 0.004078 0.004078 0.004078 0.004078 0.004078 0.004078 0.004078 0.004078 0.004075 0.004064 0.004025 0.003905 0.003585 0.002886 0.001658 0.000000 
50.000000 31.378311 16.773258 7.644608 2.993896 1.018408 0.304499 0.081190 0.019850 0.004872 0.001588 0.000935 0.000817 0.000797 0.000794 0.000794 0.000794 0.000794 0.000794 0.000794 0.000794 0.000794 0.000794 0.000794 0.000794 0.000794 0.000794 0.000794 0.000794 0.000794 0.000794 0.000794 0.000794 0.000794 0.000794 0.000794 0.000794 0.000794 0.000794 0.000794 0.000794 0.000794 0.000793 0.000791 0.000783 0.000759 0.000696 0.000559 0.000320 0.000000 
50.000000 31.378065 16.772820 7.644051 2.993280 1.017768 0.303850 0.080539 0.019198 0.004220 0.000935 0.000283 0.000165 0.000145 0.000142 0.000142 0.000142 0.000141 0.000141 0.000141 0.000141 0.000141 0.000141 0.000141 0.000141 0.000141 0.000141 0.000141 0.000141 0.000141 0.000141 0.000141 0.000141 0.000141 0.000141 0.000141 0.000141 0.000141 0.000141 0.000141 0.000141 0.000141 0.000141 0.000141 0.000140 0.000135 0.000124 0.000099 0.000057 0.000000 
50.000000 31.378020 16.772740 7.643950 2.993168 1.017651 0.303732 0.080421 0.019079 0.004101 0.000817 0.000165 0.000046 0.000027 0.000024 0.000023 0.000023 0.000023 0.000023 0.000023 0.000023 0.000023 0.000023 0.000023 0.000023 0.000023 0.000023 0.000023 0.000023 0.000023 0.000023 0.000023 0.000023 0.000023 0.000023 0.000023 0.000023 0.000023 0.000023 0.000023 0.000023 0.000023 0.000023 0.000023 0.000023 0.000022 0.000020 0.000016 0.000009 0.000000 
50.000000 31.378012 16.772727 7.643933 2.993150 1.017632 0.303713 0.080401 0.019060 0.004082 0.000797 0.000145 0.000027 0.000007 0.000004 0.000004 0.000004 0.000004 0.000004 0.000004 0.000004 0.000004 0.000004 0.000004 0.000004 0.000004 0.000004 0.000004 0.000004 0.000004 0.000004 0.000004 0.000004 0.000004 0.000004 0.000004 0.000004 0.000004 0.000004 0.000004 0.000004 0.000004 0.000004 0.000004 0.000003 0.000003 0.000003 0.000002 0.000001 0.000000 
50.000000 31.378011 16.772725 7.643931 2.993147 1.017629 0.303710 0.080398 0.019057 0.004079 0.000794 0.000142 0.000024 0.000004 0.000001 0.000001 0.000001 0.000000 0.000000 0.000000 0.000000 0.000000 0.000000 0.000000 0.000000 0.000000 0.000000 0.000000 0.000000 0.000000 0.000000 0.000000 0.000000 0.000000 0.000000 0.000000 0.000000 0.000000 0.000000 0.000000 0.000000 0.000000 0.000000 0.000000 0.000000 0.000000 0.000000 0.000000 0.000000 0.000000 
50.000000 31.378011 16.772725 7.643930 2.993146 1.017629 0.303709 0.080398 0.019056 0.004078 0.000794 0.000142 0.000023 0.000004 0.000001 0.000000 0.000000 0.000000 0.000000 0.000000 0.000000 0.000000 0.000000 0.000000 0.000000 0.000000 0.000000 0.000000 0.000000 0.000000 0.000000 0.000000 0.000000 0.000000 0.000000 0.000000 0.000000 0.000000 0.000000 0.000000 0.000000 0.000000 0.000000 0.000000 0.000000 0.000000 0.000000 0.000000 0.000000 0.000000 
50.000000 31.378011 16.772724 7.643930 2.993146 1.017629 0.303709 0.080398 0.019056 0.004078 0.000794 0.000142 0.000023 0.000004 0.000001 0.000000 0.000000 0.000000 0.000000 0.000000 0.000000 0.000000 0.000000 0.000000 0.000000 0.000000 0.000000 0.000000 0.000000 0.000000 0.000000 0.000000 0.000000 0.000000 0.000000 0.000000 0.000000 0.000000 0.000000 0.000000 0.000000 0.000000 0.000000 0.000000 0.000000 0.000000 0.000000 0.000000 0.000000 0.000000 
50.000000 31.378011 16.772724 7.643930 2.993146 1.017629 0.303709 0.080398 0.019056 0.004078 0.000794 0.000141 0.000023 0.000004 0.000000 0.000000 0.000000 0.000000 0.000000 0.000000 0.000000 0.000000 0.000000 0.000000 0.000000 0.000000 0.000000 0.000000 0.000000 0.000000 0.000000 0.000000 0.000000 0.000000 0.000000 0.000000 0.000000 0.000000 0.000000 0.000000 0.000000 0.000000 0.000000 0.000000 0.000000 0.000000 0.000000 0.000000 0.000000 0.000000 
50.000000 31.378011 16.772724 7.643930 2.993146 1.017629 0.303709 0.080398 0.019056 0.004078 0.000794 0.000141 0.000023 0.000004 0.000000 0.000000 0.000000 0.000000 0.000000 0.000000 0.000000 0.000000 0.000000 0.000000 0.000000 0.000000 0.000000 0.000000 0.000000 0.000000 0.000000 0.000000 0.000000 0.000000 0.000000 0.000000 0.000000 0.000000 0.000000 0.000000 0.000000 0.000000 0.000000 0.000000 0.000000 0.000000 0.000000 0.000000 0.000000 0.000000 
50.000000 31.378011 16.772724 7.643930 2.993146 1.017629 0.303709 0.080398 0.019056 0.004078 0.000794 0.000141 0.000023 0.000004 0.000000 0.000000 0.000000 0.000000 0.000000 0.000000 0.000000 0.000000 0.000000 0.000000 0.000000 0.000000 0.000000 0.000000 0.000000 0.000000 0.000000 0.000000 0.000000 0.000000 0.000000 0.000000 0.000000 0.000000 0.000000 0.000000 0.000000 0.000000 0.000000 0.000000 0.000000 0.000000 0.000000 0.000000 0.000000 0.000000 
50.000000 31.378011 16.772724 7.643930 2.993146 1.017629 0.303709 0.080398 0.019056 0.004078 0.000794 0.000141 0.000023 0.000004 0.000000 0.000000 0.000000 0.000000 0.000000 0.000000 0.000000 0.000000 0.000000 0.000000 0.000000 0.000000 0.000000 0.000000 0.000000 0.000000 0.000000 0.000000 0.000000 0.000000 0.000000 0.000000 0.000000 0.000000 0.000000 0.000000 0.000000 0.000000 0.000000 0.000000 0.000000 0.000000 0.000000 0.000000 0.000000 0.000000 
50.000000 31.378011 16.772724 7.643930 2.993146 1.017629 0.303709 0.080398 0.019056 0.004078 0.000794 0.000141 0.000023 0.000004 0.000000 0.000000 0.000000 0.000000 0.000000 0.000000 0.000000 0.000000 0.000000 0.000000 0.000000 0.000000 0.000000 0.000000 0.000000 0.000000 0.000000 0.000000 0.000000 0.000000 0.000000 0.000000 0.000000 0.000000 0.000000 0.000000 0.000000 0.000000 0.000000 0.000000 0.000000 0.000000 0.000000 0.000000 0.000000 0.000000 
50.000000 31.378011 16.772724 7.643930 2.993146 1.017629 0.303709 0.080398 0.019056 0.004078 0.000794 0.000141 0.000023 0.000004 0.000000 0.000000 0.000000 0.000000 0.000000 0.000000 0.000000 0.000000 0.000000 0.000000 0.000000 0.000000 0.000000 0.000000 0.000000 0.000000 0.000000 0.000000 0.000000 0.000000 0.000000 0.000000 0.000000 0.000000 0.000000 0.000000 0.000000 0.000000 0.000000 0.000000 0.000000 0.000000 0.000000 0.000000 0.000000 0.000000 
50.000000 31.378011 16.772724 7.643930 2.993146 1.017629 0.303709 0.080398 0.019056 0.004078 0.000794 0.000141 0.000023 0.000004 0.000000 0.000000 0.000000 0.000000 0.000000 0.000000 0.000000 0.000000 0.000000 0.000000 0.000000 0.000000 0.000000 0.000000 0.000000 0.000000 0.000000 0.000000 0.000000 0.000000 0.000000 0.000000 0.000000 0.000000 0.000000 0.000000 0.000000 0.000000 0.000000 0.000000 0.000000 0.000000 0.000000 0.000000 0.000000 0.000000 
50.000000 31.378011 16.772724 7.643930 2.993146 1.017629 0.303709 0.080398 0.019056 0.004078 0.000794 0.000141 0.000023 0.000004 0.000000 0.000000 0.000000 0.000000 0.000000 0.000000 0.000000 0.000000 0.000000 0.000000 0.000000 0.000000 0.000000 0.000000 0.000000 0.000000 0.000000 0.000000 0.000000 0.000000 0.000000 0.000000 0.000000 0.000000 0.000000 0.000000 0.000000 0.000000 0.000000 0.000000 0.000000 0.000000 0.000000 0.000000 0.000000 0.000000 
50.000000 31.378011 16.772724 7.643930 2.993146 1.017629 0.303709 0.080398 0.019056 0.004078 0.000794 0.000141 0.000023 0.000004 0.000000 0.000000 0.000000 0.000000 0.000000 0.000000 0.000000 0.000000 0.000000 0.000000 0.000000 0.000000 0.000000 0.000000 0.000000 0.000000 0.000000 0.000000 0.000000 0.000000 0.000000 0.000000 0.000000 0.000000 0.000000 0.000000 0.000000 0.000000 0.000000 0.000000 0.000000 0.000000 0.000000 0.000000 0.000000 0.000000 
50.000000 31.378011 16.772724 7.643930 2.993146 1.017629 0.303709 0.080398 0.019056 0.004078 0.000794 0.000141 0.000023 0.000004 0.000000 0.000000 0.000000 0.000000 0.000000 0.000000 0.000000 0.000000 0.000000 0.000000 0.000000 0.000000 0.000000 0.000000 0.000000 0.000000 0.000000 0.000000 0.000000 0.000000 0.000000 0.000000 0.000000 0.000000 0.000000 0.000000 0.000000 0.000000 0.000000 0.000000 0.000000 0.000000 0.000000 0.000000 0.000000 0.000000 
50.000000 31.378011 16.772724 7.643930 2.993146 1.017629 0.303709 0.080398 0.019056 0.004078 0.000794 0.000141 0.000023 0.000004 0.000000 0.000000 0.000000 0.000000 0.000000 0.000000 0.000000 0.000000 0.000000 0.000000 0.000000 0.000000 0.000000 0.000000 0.000000 0.000000 0.000000 0.000000 0.000000 0.000000 0.000000 0.000000 0.000000 0.000000 0.000000 0.000000 0.000000 0.000000 0.000000 0.000000 0.000000 0.000000 0.000000 0.000000 0.000000 0.000000 
50.000000 31.378011 16.772724 7.643930 2.993146 1.017629 0.303709 0.080398 0.019056 0.004078 0.000794 0.000141 0.000023 0.000004 0.000000 0.000000 0.000000 0.000000 0.000000 0.000000 0.000000 0.000000 0.000000 0.000000 0.000000 0.000000 0.000000 0.000000 0.000000 0.000000 0.000000 0.000000 0.000000 0.000000 0.000000 0.000000 0.000000 0.000000 0.000000 0.000000 0.000000 0.000000 0.000000 0.000000 0.000000 0.000000 0.000000 0.000000 0.000000 0.000000 
50.000000 31.378011 16.772724 7.643930 2.993146 1.017629 0.303709 0.080398 0.019056 0.004078 0.000794 0.000141 0.000023 0.000004 0.000000 0.000000 0.000000 0.000000 0.000000 0.000000 0.000000 0.000000 0.000000 0.000000 0.000000 0.000000 0.000000 0.000000 0.000000 0.000000 0.000000 0.000000 0.000000 0.000000 0.000000 0.000000 0.000000 0.000000 0.000000 0.000000 0.000000 0.000000 0.000000 0.000000 0.000000 0.000000 0.000000 0.000000 0.000000 0.000000 
50.000000 31.378011 16.772724 7.643930 2.993146 1.017629 0.303709 0.080398 0.019056 0.004078 0.000794 0.000141 0.000023 0.000004 0.000000 0.000000 0.000000 0.000000 0.000000 0.000000 0.000000 0.000000 0.000000 0.000000 0.000000 0.000000 0.000000 0.000000 0.000000 0.000000 0.000000 0.000000 0.000000 0.000000 0.000000 0.000000 0.000000 0.000000 0.000000 0.000000 0.000000 0.000000 0.000000 0.000000 0.000000 0.000000 0.000000 0.000000 0.000000 0.000000 
50.000000 31.378011 16.772724 7.643930 2.993146 1.017629 0.303709 0.080398 0.019056 0.004078 0.000794 0.000141 0.000023 0.000004 0.000000 0.000000 0.000000 0.000000 0.000000 0.000000 0.000000 0.000000 0.000000 0.000000 0.000000 0.000000 0.000000 0.000000 0.000000 0.000000 0.000000 0.000000 0.000000 0.000000 0.000000 0.000000 0.000000 0.000000 0.000000 0.000000 0.000000 0.000000 0.000000 0.000000 0.000000 0.000000 0.000000 0.000000 0.000000 0.000000 
50.000000 31.378011 16.772724 7.643930 2.993146 1.017629 0.303709 0.080398 0.019056 0.004078 0.000794 0.000141 0.000023 0.000004 0.000000 0.000000 0.000000 0.000000 0.000000 0.000000 0.000000 0.000000 0.000000 0.000000 0.000000 0.000000 0.000000 0.000000 0.000000 0.000000 0.000000 0.000000 0.000000 0.000000 0.000000 0.000000 0.000000 0.000000 0.000000 0.000000 0.000000 0.000000 0.000000 0.000000 0.000000 0.000000 0.000000 0.000000 0.000000 0.000000 
50.000000 31.378011 16.772724 7.643930 2.993146 1.017629 0.303709 0.080398 0.019056 0.004078 0.000794 0.000142 0.000023 0.000004 0.000001 0.000000 0.000000 0.000000 0.000000 0.000000 0.000000 0.000000 0.000000 0.000000 0.000000 0.000000 0.000000 0.000000 0.000000 0.000000 0.000000 0.000000 0.000000 0.000000 0.000000 0.000000 0.000000 0.000000 0.000000 0.000000 0.000000 0.000000 0.000000 0.000000 0.000000 0.000000 0.000000 0.000000 0.000000 0.000000 
50.000000 31.378011 16.772725 7.643930 2.993146 1.017629 0.303709 0.080398 0.019056 0.004078 0.000794 0.000142 0.000023 0.000004 0.000001 0.000000 0.000000 0.000000 0.000000 0.000000 0.000000 0.000000 0.000000 0.000000 0.000000 0.000000 0.000000 0.000000 0.000000 0.000000 0.000000 0.000000 0.000000 0.000000 0.000000 0.000000 0.000000 0.000000 0.000000 0.000000 0.000000 0.000000 0.000000 0.000000 0.000000 0.000000 0.000000 0.000000 0.000000 0.000000 
50.000000 31.378011 16.772725 7.643931 2.993147 1.017629 0.303710 0.080398 0.019057 0.004079 0.000794 0.000142 0.000024 0.000004 0.000001 0.000001 0.000001 0.000000 0.000000 0.000000 0.000000 0.000000 0.000000 0.000000 0.000000 0.000000 0.000000 0.000000 0.000000 0.000000 0.000000 0.000000 0.000000 0.000000 0.000000 0.000000 0.000000 0.000000 0.000000 0.000000 0.000000 0.000000 0.000000 0.000000 0.000000 0.000000 0.000000 0.000000 0.000000 0.000000 
50.000000 31.378012 16.772727 7.643933 2.993150 1.017632 0.303713 0.080401 0.019060 0.004082 0.000797 0.000145 0.000027 0.000007 0.000004 0.000004 0.000004 0.000004 0.000004 0.000004 0.000004 0.000004 0.000004 0.000004 0.000004 0.000004 0.000004 0.000004 0.000004 0.000004 0.000004 0.000004 0.000004 0.000004 0.000004 0.000004 0.000004 0.000004 0.000004 0.000004 0.000004 0.000004 0.000004 0.000004 0.000003 0.000003 0.000003 0.000002 0.000001 0.000000 
50.000000 31.378020 16.772740 7.643950 2.993168 1.017651 0.303732 0.080421 0.019079 0.004101 0.000817 0.000165 0.000046 0.000027 0.000024 0.000023 0.000023 0.000023 0.000023 0.000023 0.000023 0.000023 0.000023 0.000023 0.000023 0.000023 0.000023 0.000023 0.000023 0.000023 0.000023 0.000023 0.000023 0.000023 0.000023 0.000023 0.000023 0.000023 0.000023 0.000023 0.000023 0.000023 0.000023 0.000023 0.000023 0.000022 0.000020 0.000016 0.000009 0.000000 
50.000000 31.378065 16.772820 7.644051 2.993280 1.017768 0.303850 0.080539 0.019198 0.004220 0.000935 0.000283 0.000165 0.000145 0.000142 0.000142 0.000142 0.000141 0.000141 0.000141 0.000141 0.000141 0.000141 0.000141 0.000141 0.000141 0.000141 0.000141 0.000141 0.000141 0.000141 0.000141 0.000141 0.000141 0.000141 0.000141 0.000141 0.000141 0.000141 0.000141 0.000141 0.000141 0.000141 0.000141 0.000140 0.000135 0.000124 0.000099 0.000057 0.000000 
50.000000 31.378311 16.773258 7.644608 2.993896 1.018408 0.304499 0.081190 0.019850 0.004872 0.001588 0.000935 0.000817 0.000797 0.000794 0.000794 0.000794 0.000794 0.000794 0.000794 0.000794 0.000794 0.000794 0.000794 0.000794 0.000794 0.000794 0.000794 0.000794 0.000794 0.000794 0.000794 0.000794 0.000794 0.000794 0.000794 0.000794 0.000794 0.000794 0.000794 0.000794 0.000794 0.000793 0.000791 0.000783 0.000759 0.000696 0.000559 0.000320 0.000000 
50.000000 31.379550 16.775462 7.647407 2.996993 1.021630 0.307765 0.084470 0.023133 0.008156 0.004872 0.004220 0.004101 0.004082 0.004079 0.004078 0.004078 0.004078 0.004078 0.004078 0.004078 0.004078 0.004078 0.004078 0.004078 0.004078 0.004078 0.004078 0.004078 0.004078 0.004078 0.004078 0.004078 0.004078 0.004078 0.004078 0.004078 0.004078 0.004078 0.004078 0.004078 0.004078 0.004075 0.004064 0.004025 0.003905 0.003585 0.002886 0.001658 0.000000 
50.000000 31.385188 16.785497 7.660161 3.011114 1.036321 0.322659 0.099426 0.038106 0.023133 0.019850 0.019198 0.019079 0.019060 0.019057 0.019056 0.019056 0.019056 0.019056 0.019056 0.019056 0.019056 0.019056 0.019056 0.019056 0.019056 0.019056 0.019056 0.019056 0.019056 0.019056 0.019056 0.019056 0.019056 0.019056 0.019056 0.019056 0.019056 0.019056 0.019056 0.019056 0.019053 0.019041 0.018993 0.018818 0.018271 0.016810 0.013572 0.007826 0.000000 
50.000000 31.408235 16.826533 7.712346 3.068914 1.096476 0.383652 0.160677 0.099426 0.084470 0.081190 0.080539 0.080421 0.080401 0.080398 0.080398 0.080398 0.080398 0.080398 0.080398 0.080398 0.080398 0.080398 0.080398 0.080398 0.080398 0.080398 0.080398 0.080398 0.080398 0.080398 0.080398 0.080398 0.080398 0.080398 0.080398 0.080398 0.080398 0.080398 0.080397 0.080395 0.080385 0.080338 0.080146 0.079447 0.077232 0.071240 0.057769 0.033480 0.000000 
50.000000 31.491975 16.975708 7.902148 3.279232 1.315418 0.605675 0.383652 0.322659 0.307765 0.304499 0.303850 0.303732 0.303713 0.303710 0.303709 0.303709 0.303709 0.303709 0.303709 0.303709 0.303709 0.303709 0.303709 0.303709 0.303709 0.303709 0.303709 0.303709 0.303709 0.303709 0.303709 0.303709 0.303709 0.303709 0.303709 0.303709 0.303709 0.303709 0.303708 0.303701 0.303666 0.303505 0.302837 0.300380 0.292486 0.270767 0.220924 0.129018 0.000000 
50.000000 31.759206 17.451962 8.508409 3.951297 2.015221 1.315418 1.096476 1.036321 1.021630 1.018408 1.017768 1.017651 1.017632 1.017629 1.017629 1.017629 1.017629 1.017629 1.017629 1.017629 1.017629 1.017629 1.017629 1.017629 1.017629 1.017629 1.017629 1.017629 1.017629 1.017629 1.017629 1.017629 1.017629 1.017629 1.017629 1.017629 1.017629 1.017628 1.017624 1.017605 1.017503 1.017029 1.015038 1.007611 0.983311 0.914877 0.753221 0.445157 0.000000 
50.000000 32.497426 18.768130 10.184643 5.810182 3.951297 3.279232 3.068914 3.011114 2.996993 2.993896 2.993280 2.993168 2.993150 2.993147 2.993146 2.993146 2.993146 2.993146 2.993146 2.993146 2.993146 2.993146 2.993146 2.993146 2.993146 2.993146 2.993146 2.993146 2.993146 2.993146 2.993146 2.993146 2.993146 2.993146 2.993146 2.993146 2.993146 2.993145 2.993136 2.993089 2.992843 2.991683 2.986747 2.967986 2.905091 2.722182 2.271842 1.369380 0.000000 
50.000000 34.232703 21.863067 14.127917 10.184643 8.508409 7.902148 7.712346 7.660161 7.647407 7.644608 7.644051 7.643950 7.643933 7.643931 7.643930 7.643930 7.643930 7.643930 7.643930 7.643930 7.643930 7.643930 7.643930 7.643930 7.643930 7.643930 7.643930 7.643930 7.643930 7.643930 7.643930 7.643930 7.643930 7.643930 7.643930 7.643930 7.643930 7.643927 7.643911 7.643822 7.643352 7.641106 7.631381 7.593532 7.462461 7.063959 6.021352 3.757577 0.000000 
50.000000 37.634374 27.931948 21.863067 18.768130 17.451962 16.975708 16.826533 16.785497 16.775462 16.773258 16.772820 16.772740 16.772727 16.772725 16.772725 16.772724 16.772724 16.772724 16.772724 16.772724 16.772724 16.772724 16.772724 16.772724 16.772724 16.772724 16.772724 16.772724 16.772724 16.772724 16.772724 16.772724 16.772724 16.772724 16.772724 16.772724 16.772724 16.772720 16.772699 16.772576 16.771925 16.768764 16.754784 16.698740 16.496288 15.841715 13.965974 9.305971 0.000000 
50.000000 43.071427 37.634374 34.232703 32.497426 31.759206 31.491975 31.408235 31.385188 31.379550 31.378311 31.378065 31.378020 31.378012 31.378011 31.378011 31.378011 31.378011 31.378011 31.378011 31.378011 31.378011 31.378011 31.378011 31.378011 31.378011 31.378011 31.378011 31.378011 31.378011 31.378011 31.378011 31.378011 31.378011 31.378011 31.378011 31.378011 31.378011 31.378008 31.377991 31.377892 31.377363 31.374755 31.362957 31.314049 31.128046 30.475126 28.328403 21.535713 0.000000 
50.000000 50.000000 50.000000 50.000000 50.000000 50.000000 50.000000 50.000000 50.000000 50.000000 50.000000 50.000000 50.000000 50.000000 50.000000 50.000000 50.000000 50.000000 50.000000 50.000000 50.000000 50.000000 50.000000 50.000000 50.000000 50.000000 50.000000 50.000000 50.000000 50.000000 50.000000 50.000000 50.000000 50.000000 50.000000 50.000000 50.000000 50.000000 50.000000 50.000000 50.000000 50.000000 50.000000 50.000000 50.000000 50.000000 50.000000 50.000000 50.000000 50.000000 
