50.000000 50.000000 50.000000 50.000000 50.000000 50.000000 50.000000 50.000000 50.000000 50.000000 50.000000 50.000000 50.000000 50.000000 50.000000 50.000000 50.000000 50.000000 50.000000 50.000000 50.000000 50.000000 50.000000 50.000000 50.000000 50.000000 50.000000 50.000000 50.000000 50.000000 50.000000 50.000000 50.000000 50.000000 50.000000 50.000000 50.000000 50.000000 50.000000 50.000000 50.000000 50.000000 50.000000 50.000000 50.000000 50.000000 50.000000 50.000000 50.000000 50.000000 
50.000000 48.872570 47.785041 46.773078 45.864632 45.077761 44.420021 43.889324 43.475903 43.164862 42.938783 42.779972 42.672119 42.601274 42.556248 42.528546 42.512039 42.502510 42.497177 42.494283 42.492758 42.491979 42.491592 42.491405 42.491316 42.491274 42.491251 42.491232 42.491202 42.491142 42.491017 42.490755 42.490221 42.489157 42.487084 42.483139 42.475794 42.462405 42.438474 42.396455 42.323778 42.199502 41.988316 41.629043 41.010556 39.915992 37.878598 33.765182 24.436285 0.000000 
50.000000 47.785041 45.648469 43.660360 41.875623 40.329736 39.037542 37.994939 37.182738 36.571675 36.127526 35.815533 35.603649 35.464473 35.376017 35.321595 35.289168 35.270448 35.259971 35.254285 35.251291 35.249760 35.248999 35.248632 35.248458 35.248376 35.248331 35.248294 35.248238 35.248125 35.247890 35.247400 35.246401 35.244412 35.240544 35.233198 35.219555 35.194762 35.150626 35.073529 34.941107 34.716846 34.341011 33.714801 32.671403 30.921175 27.947420 22.824235 14.019858 0.000000 
50.000000 46.773078 43.660360 40.763936 38.163806 35.911657 34.029110 32.510189 31.326938 30.436718 29.789668 29.335151 29.026476 28.823725 28.694864 28.615584 28.568346 28.541075 28.525814 28.517531 28.513169 28.510939 28.509831 28.509296 28.509043 28.508923 28.508859 28.508807 28.508731 28.508579 28.508262 28.507602 28.506260 28.503594 28.498423 28.488632 28.470519 28.437761 28.379796 28.279325 28.108505 27.823129 27.353715 26.591794 25.369025 23.427076 20.381968 15.712940 8.894480 0.000000 
50.000000 45.864632 41.875623 38.163806 34.831705 31.945557 29.533069 27.586579 26.070259 24.929462 24.100290 23.517847 23.122298 22.862487 22.697363 22.595774 22.535244 22.500300 22.480745 22.470132 22.464543 22.461685 22.460266 22.459581 22.459257 22.459104 22.459024 22.458962 22.458872 22.458697 22.458332 22.457576 22.456041 22.453000 22.447124 22.436041 22.415639 22.378963 22.314549 22.203950 22.018161 21.712572 21.220067 20.442026 19.237806 17.415853 14.736730 10.954448 5.948639 0.000000 
50.000000 45.077761 40.329736 35.911657 31.945557 28.510276 25.638794 23.321985 21.517199 20.159388 19.172492 18.479265 18.008487 17.699266 17.502742 17.381837 17.309799 17.268212 17.244939 17.232309 17.225658 17.222257 17.220569 17.219753 17.219368 17.219187 17.219094 17.219025 17.218930 17.218748 17.218371 17.217591 17.216014 17.212899 17.206904 17.195649 17.175048 17.138268 17.074209 16.965347 16.784797 16.492549 16.030969 15.320205 14.255138 12.707751 10.542632 7.658333 4.067205 0.000000 
50.000000 44.420021 39.037542 34.029110 29.533069 25.638794 22.383667 19.757340 17.711459 16.172277 15.053568 14.267760 13.734117 13.383609 13.160848 13.023803 12.942151 12.895014 12.868637 12.854321 12.846783 12.842929 12.841016 12.840091 12.839656 12.839452 12.839349 12.839277 12.839184 12.839009 12.838649 12.837908 12.836415 12.833477 12.827846 12.817331 12.798201 12.764293 12.705750 12.607302 12.446096 12.189178 11.791006 11.191834 10.318589 9.091043 7.437316 5.322741 2.790978 0.000000 
50.000000 43.889324 37.994939 32.510189 27.586579 23.321985 19.757340 16.881308 14.640928 12.955436 11.730399 10.869915 10.285566 9.901759 9.657840 9.507780 9.418375 9.366764 9.337883 9.322209 9.313956 9.309737 9.307642 9.306630 9.306154 9.305932 9.305822 9.305750 9.305663 9.305506 9.305185 9.304528 9.303207 9.300620 9.295683 9.286515 9.269938 9.240773 9.190855 9.107772 8.973377 8.762269 8.440654 7.966335 7.291016 6.366513 5.156474 3.653928 1.901007 0.000000 
50.000000 43.475903 37.182738 31.326938 26.070259 21.517199 17.711459 14.640928 12.249057 10.449613 9.141769 8.223130 7.599297 7.189563 6.929170 6.768978 6.673538 6.618444 6.587614 6.570883 6.562073 6.557570 6.555334 6.554254 6.553746 6.553511 6.553397 6.553327 6.553250 6.553116 6.552846 6.552296 6.551196 6.549050 6.544974 6.537445 6.523917 6.500289 6.460187 6.394093 6.288390 6.124529 5.878658 5.522281 5.024650 4.357687 3.503809 2.465892 1.276401 0.000000 
50.000000 43.164862 36.571675 30.436718 24.929462 20.159388 16.172277 12.955436 10.449613 8.564459 7.194333 6.231959 5.578433 5.149202 4.876423 4.708613 4.608636 4.550924 4.518630 4.501105 4.491877 4.487160 4.484818 4.483687 4.483156 4.482910 4.482794 4.482726 4.482661 4.482552 4.482337 4.481901 4.481032 4.479345 4.476156 4.470296 4.459832 4.441682 4.411123 4.361216 4.282229 4.161223 3.982059 3.726181 3.374591 2.911301 2.328213 1.630568 0.841084 0.000000 
50.000000 42.938783 36.127526 29.789668 24.100290 19.172492 15.053568 11.730399 9.141769 7.194333 5.778954 4.784804 4.109708 3.666315 3.384538 3.211196 3.107925 3.048311 3.014954 2.996853 2.987321 2.982449 2.980030 2.978863 2.978314 2.978061 2.977944 2.977880 2.977824 2.977740 2.977576 2.977247 2.976594 2.975332 2.972956 2.968614 2.960905 2.947622 2.925425 2.889477 2.833117 2.747676 2.622627 2.446266 2.207146 1.896340 1.510343 1.053997 0.542327 0.000000 
50.000000 42.779972 35.815533 29.335151 23.517847 18.479265 14.267760 10.869915 8.223130 6.231959 4.784804 3.768344 3.078103 2.624769 2.336677 2.159452 2.053868 1.992921 1.958819 1.940312 1.930568 1.925587 1.923114 1.921921 1.921360 1.921103 1.920985 1.920924 1.920878 1.920814 1.920695 1.920458 1.919989 1.919087 1.917396 1.914322 1.908894 1.899599 1.884172 1.859379 1.820836 1.762944 1.679060 1.562010 1.405056 1.203298 0.955355 0.664907 0.341498 0.000000 
50.000000 42.672119 35.603649 29.026476 23.122298 18.008487 13.734117 10.285566 7.599297 5.578433 4.109708 3.078103 2.377585 1.917503 1.625126 1.445267 1.338114 1.276263 1.241654 1.222873 1.212985 1.207930 1.205421 1.204210 1.203642 1.203381 1.203263 1.203205 1.203166 1.203119 1.203036 1.202872 1.202550 1.201932 1.200780 1.198694 1.195030 1.188792 1.178505 1.162085 1.136751 1.099009 1.044793 0.969823 0.870219 0.743336 0.588715 0.408886 0.209714 0.000000 
50.000000 42.601274 35.464473 28.823725 22.862487 17.699266 13.383609 9.901759 7.189563 5.149202 3.666315 2.624769 1.917503 1.452992 1.157804 0.976216 0.868034 0.805589 0.770649 0.751688 0.741704 0.736602 0.734068 0.732846 0.732273 0.732010 0.731892 0.731836 0.731803 0.731769 0.731713 0.731604 0.731391 0.730985 0.730231 0.728872 0.726496 0.722473 0.715875 0.705410 0.689371 0.665646 0.631821 0.585408 0.524218 0.446849 0.353206 0.244918 0.125481 0.000000 
50.000000 42.556248 35.376017 28.694864 22.697363 17.502742 13.160848 9.657840 6.929170 4.876423 3.384538 2.336677 1.625126 1.157804 0.860829 0.678144 0.569309 0.506487 0.471336 0.452261 0.442218 0.437084 0.434536 0.433307 0.432730 0.432466 0.432348 0.432294 0.432265 0.432240 0.432203 0.432133 0.431998 0.431741 0.431267 0.430415 0.428932 0.426432 0.422355 0.415924 0.406127 0.391725 0.371325 0.343517 0.307093 0.261322 0.206232 0.142819 0.073109 0.000000 
50.000000 42.528546 35.321595 28.615584 22.595774 17.381837 13.023803 9.507780 6.768978 4.708613 3.211196 2.159452 1.445267 0.976216 0.678144 0.494784 0.385548 0.322495 0.287214 0.268069 0.257989 0.252837 0.250279 0.249045 0.248466 0.248202 0.248084 0.248031 0.248005 0.247987 0.247962 0.247919 0.247836 0.247680 0.247392 0.246877 0.245985 0.244487 0.242056 0.238240 0.232458 0.224004 0.212097 0.195957 0.174933 0.148650 0.117161 0.081051 0.041462 0.000000 
50.000000 42.512039 35.289168 28.568346 22.535244 17.309799 12.942151 9.418375 6.673538 4.608636 3.107925 2.053868 1.338115 0.868034 0.569309 0.385548 0.276073 0.212882 0.177525 0.158338 0.148236 0.143073 0.140509 0.139273 0.138693 0.138428 0.138310 0.138258 0.138234 0.138219 0.138204 0.138178 0.138129 0.138037 0.137868 0.137568 0.137050 0.136183 0.134782 0.132593 0.129292 0.124488 0.117756 0.108674 0.096900 0.082244 0.064753 0.044757 0.022883 0.000000 
50.000000 42.502510 35.270448 28.541075 22.500301 17.268212 12.895015 9.366764 6.618444 4.550924 3.048312 1.992922 1.276263 0.805589 0.506488 0.322495 0.212883 0.149612 0.114211 0.095000 0.084885 0.079715 0.077149 0.075911 0.075330 0.075065 0.074947 0.074896 0.074873 0.074861 0.074850 0.074835 0.074807 0.074754 0.074659 0.074490 0.074199 0.073714 0.072933 0.071718 0.069892 0.067248 0.063557 0.058600 0.052199 0.044260 0.034816 0.024047 0.012289 0.000000 
50.000000 42.497177 35.259971 28.525814 22.480746 17.244940 12.868637 9.337884 6.587615 4.518631 3.014955 1.958819 1.241655 0.770649 0.471337 0.287215 0.177526 0.114211 0.078785 0.059561 0.049439 0.044265 0.041697 0.040458 0.039877 0.039612 0.039494 0.039443 0.039421 0.039410 0.039403 0.039394 0.039378 0.039349 0.039297 0.039205 0.039047 0.038784 0.038362 0.037709 0.036731 0.035319 0.033356 0.030730 0.027349 0.023170 0.018213 0.012572 0.006422 0.000000 
50.000000 42.494283 35.254286 28.517532 22.470133 17.232310 12.854323 9.322211 6.570885 4.501107 2.996855 1.940314 1.222875 0.751690 0.452264 0.268072 0.158341 0.095002 0.059562 0.040331 0.030205 0.025030 0.022460 0.021221 0.020640 0.020375 0.020257 0.020206 0.020184 0.020174 0.020169 0.020163 0.020155 0.020139 0.020112 0.020063 0.019980 0.019842 0.019621 0.019280 0.018772 0.018041 0.017027 0.015675 0.013941 0.011802 0.009271 0.006396 0.003266 0.000000 
50.000000 42.492759 35.251292 28.513171 22.464546 17.225662 12.846787 9.313960 6.562078 4.491882 2.987326 1.930573 1.212990 0.741710 0.442224 0.257995 0.148242 0.084891 0.049444 0.030209 0.020081 0.014904 0.012335 0.011095 0.010514 0.010249 0.010131 0.010080 0.010058 0.010049 0.010044 0.010041 0.010036 0.010028 0.010014 0.009989 0.009947 0.009876 0.009764 0.009592 0.009335 0.008967 0.008459 0.007783 0.006917 0.005852 0.004595 0.003169 0.001618 0.000000 
50.000000 42.491981 35.249764 28.510945 22.461694 17.222267 12.842940 9.309749 6.557583 4.487173 2.982463 1.925601 1.207944 0.736616 0.437099 0.252851 0.143087 0.079729 0.044279 0.025042 0.014913 0.009736 0.007166 0.005926 0.005345 0.005080 0.004962 0.004911 0.004890 0.004881 0.004877 0.004874 0.004872 0.004868 0.004860 0.004848 0.004827 0.004792 0.004737 0.004652 0.004526 0.004346 0.004097 0.003768 0.003347 0.002830 0.002221 0.001531 0.000781 0.000000 
50.000000 42.491597 35.249010 28.509847 22.460287 17.220593 12.841043 9.307671 6.555366 4.484851 2.980064 1.923149 1.205456 0.734104 0.434572 0.250315 0.140545 0.077184 0.041732 0.022494 0.012365 0.007187 0.004617 0.003378 0.002796 0.002531 0.002413 0.002362 0.002341 0.002332 0.002328 0.002326 0.002325 0.002323 0.002319 0.002313 0.002303 0.002286 0.002259 0.002218 0.002157 0.002071 0.001951 0.001794 0.001592 0.001346 0.001056 0.000728 0.000371 0.000000 
50.000000 42.491418 35.248659 28.509335 22.459631 17.219812 12.840158 9.306702 6.554331 4.483767 2.978945 1.922005 1.204295 0.732932 0.433393 0.249132 0.139359 0.075997 0.040544 0.021305 0.011176 0.005999 0.003428 0.002189 0.001607 0.001342 0.001224 0.001174 0.001152 0.001143 0.001140 0.001138 0.001137 0.001136 0.001134 0.001131 0.001126 0.001117 0.001104 0.001084 0.001054 0.001011 0.000952 0.000875 0.000776 0.000656 0.000514 0.000354 0.000181 0.000000 
50.000000 42.491349 35.248521 28.509135 22.459375 17.219507 12.839813 9.306324 6.553928 4.483345 2.978509 1.921559 1.203842 0.732475 0.432933 0.248670 0.138897 0.075534 0.040081 0.020842 0.010712 0.005535 0.002965 0.001725 0.001144 0.000878 0.000761 0.000710 0.000688 0.000680 0.000676 0.000674 0.000674 0.000673 0.000672 0.000670 0.000667 0.000662 0.000654 0.000642 0.000624 0.000598 0.000563 0.000517 0.000459 0.000388 0.000304 0.000209 0.000107 0.000000 
50.000000 42.491349 35.248521 28.509135 22.459375 17.219507 12.839813 9.306324 6.553928 4.483345 2.978509 1.921559 1.203842 0.732475 0.432933 0.248670 0.138897 0.075534 0.040081 0.020842 0.010712 0.005535 0.002965 0.001725 0.001144 0.000878 0.000761 0.000710 0.000688 0.000680 0.000676 0.000674 0.000674 0.000673 0.000672 0.000670 0.000667 0.000662 0.000654 0.000642 0.000624 0.000598 0.000563 0.000517 0.000459 0.000388 0.000304 0.000209 0.000107 0.000000 
50.000000 42.491418 35.248659 28.509335 22.459631 17.219812 12.840158 9.306702 6.554331 4.483767 2.978945 1.922005 1.204295 0.732932 0.433393 0.249132 0.139359 0.075997 0.040544 0.021305 0.011176 0.005999 0.003428 0.002189 0.001607 0.001342 0.001224 0.001174 0.001152 0.001143 0.001140 0.001138 0.001137 0.001136 0.001134 0.001131 0.001126 0.001117 0.001104 0.001084 0.001054 0.001011 0.000952 0.000875 0.000776 0.000656 0.000514 0.000354 0.000181 0.000000 
50.000000 42.491597 35.249010 28.509847 22.460287 17.220593 12.841043 9.307671 6.555366 4.484851 2.980064 1.923149 1.205456 0.734104 0.434572 0.250315 0.140545 0.077184 0.041732 0.022494 0.012365 0.007187 0.004617 0.003378 0.002796 0.002531 0.002413 0.002362 0.002341 0.002332 0.002328 0.002326 0.002325 0.002323 0.002319 0.002313 0.002303 0.002286 0.002259 0.002218 0.002157 0.002071 0.001951 0.001794 0.001592 0.001346 0.001056 0.000728 0.000371 0.000000 
50.000000 42.491981 35.249764 28.510945 22.461694 17.222267 12.842940 9.309749 6.557583 4.487173 2.982463 1.925601 1.207944 0.736616 0.437099 0.252851 0.143087 0.079729 0.044279 0.025042 0.014913 0.009736 0.007166 0.005926 0.005345 0.005080 0.004962 0.004911 0.004890 0.004881 0.004877 0.004874 0.004872 0.004868 0.004860 0.004848 0.004827 0.004792 0.004737 0.004652 0.004526 0.004346 0.004097 0.003768 0.003347 0.002830 0.002221 0.001531 0.000781 0.000000 
50.000000 42.492759 35.251292 28.513171 22.464546 17.225662 12.846787 9.313960 6.562078 4.491882 2.987326 1.930573 1.212990 0.741710 0.442224 0.257995 0.148242 0.084891 0.049444 0.030209 0.020081 0.014904 0.012335 0.011095 0.010514 0.010249 0.010131 0.010080 0.010058 0.010049 0.010044 0.010041 0.010036 0.010028 0.010014 0.009989 0.009947 0.009876 0.009764 0.009592 0.009335 0.008967 0.008459 0.007783 0.006917 0.005852 0.004595 0.003169 0.001618 0.000000 
50.000000 42.494283 35.254286 28.517532 22.470133 17.232310 12.854323 9.322211 6.570885 4.501107 2.996855 1.940314 1.222875 0.751690 0.452264 0.268072 0.158341 0.095002 0.059562 0.040331 0.030205 0.025030 0.022460 0.021221 0.020640 0.020375 0.020257 0.020206 0.020184 0.020174 0.020169 0.020163 0.020155 0.020139 0.020112 0.020063 0.019980 0.019842 0.019621 0.019280 0.018772 0.018041 0.017027 0.015675 0.013941 0.011802 0.009271 0.006396 0.003266 0.000000 
50.000000 42.497177 35.259971 28.525814 22.480746 17.244940 12.868637 9.337884 6.587615 4.518631 3.014955 1.958819 1.241655 0.770649 0.471337 0.287215 0.177526 0.114211 0.078785 0.059561 0.049439 0.044265 0.041697 0.040458 0.039877 0.039612 0.039494 0.039443 0.039421 0.039410 0.039403 0.039394 0.039378 0.039349 0.039297 0.039205 0.039047 0.038784 0.038362 0.037709 0.036731 0.035319 0.033356 0.030730 0.027349 0.023170 0.018213 0.012572 0.006422 0.000000 
50.000000 42.502510 35.270448 28.541075 22.500301 17.268212 12.895015 9.366764 6.618444 4.550924 3.048312 1.992922 1.276263 0.805589 0.506488 0.322495 0.212883 0.149612 0.114211 0.095000 0.084885 0.079715 0.077149 0.075911 0.075330 0.075065 0.074947 0.074896 0.074873 0.074861 0.074850 0.074835 0.074807 0.074754 0.074659 0.074490 0.074199 0.073714 0.072933 0.071718 0.069892 0.067248 0.063557 0.058600 0.052199 0.044260 0.034816 0.024047 0.012289 0.000000 
50.000000 42.512039 35.289168 28.568346 22.535244 17.309799 12.942151 9.418375 6.673538 4.608636 3.107925 2.053868 1.338115 0.868034 0.569309 0.385548 0.276073 0.212882 0.177525 0.158338 0.148236 0.143073 0.140509 0.139273 0.138693 0.138428 0.138310 0.138258 0.138234 0.138219 0.138204 0.138178 0.138129 0.138037 0.137868 0.137568 0.137050 0.136183 0.134782 0.132593 0.129292 0.124488 0.117756 0.108674 0.096900 0.082244 0.064753 0.044757 0.022883 0.000000 
50.000000 42.528546 35.321595 28.615584 22.595774 17.381837 13.023803 9.507780 6.768978 4.708613 3.211196 2.159452 1.445267 0.976216 0.678144 0.494784 0.385548 0.322495 0.287214 0.268069 0.257989 0.252837 0.250279 0.249045 0.248466 0.248202 0.248084 0.248031 0.248005 0.247987 0.247962 0.247919 0.247836 0.247680 0.247392 0.246877 0.245985 0.244487 0.242056 0.238240 0.232458 0.224004 0.212097 0.195957 0.174933 0.148650 0.117161 0.081051 0.041462 0.000000 
50.000000 42.556248 35.376017 28.694864 22.697363 17.502742 13.160848 9.657840 6.929170 4.876423 3.384538 2.336677 1.625126 1.157804 0.860829 0.678144 0.569309 0.506487 0.471336 0.452261 0.442218 0.437084 0.434536 0.433307 0.432730 0.432466 0.432348 0.432294 0.432265 0.432240 0.432203 0.432133 0.431998 0.431741 0.431267 0.430415 0.428932 0.426432 0.422355 0.415924 0.406127 0.391725 0.371325 0.343517 0.307093 0.261322 0.206232 0.142819 0.073109 0.000000 
50.000000 42.601274 35.464473 28.823725 22.862487 17.699266 13.383609 9.901759 7.189563 5.149202 3.666315 2.624769 1.917503 1.452992 1.157804 0.976216 0.868034 0.805589 0.770649 0.751688 0.741704 0.736602 0.734068 0.732846 0.732273 0.732010 0.731892 0.731836 0.731803 0.731769 0.731713 0.731604 0.731391 0.730985 0.730231 0.728872 0.726496 0.722473 0.715875 0.705410 0.689371 0.665646 0.631821 0.585408 0.524218 0.446849 0.353206 0.244918 0.125481 0.000000 
50.000000 42.672119 35.603649 29.026476 23.122298 18.008487 13.734117 10.285566 7.599297 5.578433 4.109708 3.078103 2.377585 1.917503 1.625126 1.445267 1.338114 1.276263 1.241654 1.222873 1.212985 1.207930 1.205421 1.204210 1.203642 1.203381 1.203263 1.203205 1.203166 1.203119 1.203036 1.202872 1.202550 1.201932 1.200780 1.198694 1.195030 1.188792 1.178505 1.162085 1.136751 1.099009 1.044793 0.969823 0.870219 0.743336 0.588715 0.408886 0.209714 0.000000 
50.000000 42.779972 35.815533 29.335151 23.517847 18.479265 14.267760 10.869915 8.223130 6.231959 4.784804 3.768344 3.078103 2.624769 2.336677 2.159452 2.053868 1.992921 1.958819 1.940312 1.930568 1.925587 1.923114 1.921921 1.921360 1.921103 1.920985 1.920924 1.920878 1.920814 1.920695 1.920458 1.919989 1.919087 1.917396 1.914322 1.908894 1.899599 1.884172 1.859379 1.820836 1.762944 1.679060 1.562010 1.405056 1.203298 0.955355 0.664907 0.341498 0.000000 
50.000000 42.938783 36.127526 29.789668 24.100290 19.172492 15.053568 11.730399 9.141769 7.194333 5.778954 4.784804 4.109708 3.666315 3.384538 3.211196 3.107925 3.048311 3.014954 2.996853 2.987321 2.982449 2.980030 2.978863 2.978314 2.978061 2.977944 2.977880 2.977824 2.977740 2.977576 2.977247 2.976594 2.975332 2.972956 2.968614 2.960905 2.947622 2.925425 2.889477 2.833117 2.747676 2.622627 2.446266 2.207146 1.896340 1.510343 1.053997 0.542327 0.000000 
50.000000 43.164862 36.571675 30.436718 24.929462 20.159388 16.172277 12.955436 10.449613 8.564459 7.194333 6.231959 5.578433 5.149202 4.876423 4.708613 4.608636 4.550924 4.518630 4.501105 4.491877 4.487160 4.484818 4.483687 4.483156 4.482910 4.482794 4.482726 4.482661 4.482552 4.482337 4.481901 4.481032 4.479345 4.476156 4.470296 4.459832 4.441682 4.411123 4.361216 4.282229 4.161223 3.982059 3.726181 3.374591 2.911301 2.328213 1.630568 0.841084 0.000000 
50.000000 43.475903 37.182738 31.326938 26.070259 21.517199 17.711459 14.640928 12.249057 10.449613 9.141769 8.223130 7.599297 7.189563 6.929170 6.768978 6.673538 6.618444 6.587614 6.570883 6.562073 6.557570 6.555334 6.554254 6.553746 6.553511 6.553397 6.553327 6.553250 6.553116 6.552846 6.552296 6.551196 6.549050 6.544974 6.537445 6.523917 6.500289 6.460187 6.394093 6.288390 6.124529 5.878658 5.522281 5.024650 4.357687 3.503809 2.465892 1.276401 0.000000 
50.000000 43.889324 37.994939 32.510189 27.586579 23.321985 19.757340 16.881308 14.640928 12.955436 11.730399 10.869915 10.285566 9.901759 9.657840 9.507780 9.418375 9.366764 9.337883 9.322209 9.313956 9.309737 9.307642 9.306630 9.306154 9.305932 9.305822 9.305750 9.305663 9.305506 9.305185 9.304528 9.303207 9.300620 9.295683 9.286515 9.269938 9.240773 9.190855 9.107772 8.973377 8.762269 8.440654 7.966335 7.291016 6.366513 5.156474 3.653928 1.901007 0.000000 
50.000000 44.420021 39.037542 34.029110 29.533069 25.638794 22.383667 19.757340 17.711459 16.172277 15.053568 14.267760 13.734117 13.383609 13.160848 13.023803 12.942151 12.895014 12.868637 12.854321 12.846783 12.842929 12.841016 12.840091 12.839656 12.839452 12.839349 12.839277 12.839184 12.839009 12.838649 12.837908 12.836415 12.833477 12.827846 12.817331 12.798201 12.764293 12.705750 12.607302 12.446096 12.189178 11.791006 11.191834 10.318589 9.091043 7.437316 5.322741 2.790978 0.000000 
50.000000 45.077761 40.329736 35.911657 31.945557 28.510276 25.638794 23.321985 21.517199 20.159388 19.172492 18.479265 18.008487 17.699266 17.502742 17.381837 17.309799 17.268212 17.244939 17.232309 17.225658 17.222257 17.220569 17.219753 17.219368 17.219187 17.219094 17.219025 17.218930 17.218748 17.218371 17.217591 17.216014 17.212899 17.206904 17.195649 17.175048 17.138268 17.074209 16.965347 16.784797 16.492549 16.030969 15.320205 14.255138 12.707751 10.542632 7.658333 4.067205 0.000000 
50.000000 45.864632 41.875623 38.163806 34.831705 31.945557 29.533069 27.586579 26.070259 24.929462 24.100290 23.517847 23.122298 22.862487 22.697363 22.595774 22.535244 22.500300 22.480745 22.470132 22.464543 22.461685 22.460266 22.459581 22.459257 22.459104 22.459024 22.458962 22.458872 22.458697 22.458332 22.457576 22.456041 22.453000 22.447124 22.436041 22.415639 22.378963 22.314549 22.203950 22.018161 21.712572 21.220067 20.442026 19.237806 17.415853 14.736730 10.954448 5.948639 0.000000 
50.000000 46.773078 43.660360 40.763936 38.163806 35.911657 34.029110 32.510189 31.326938 30.436718 29.789668 29.335151 29.026476 28.823725 28.694864 28.615584 28.568346 28.541075 28.525814 28.517531 28.513169 28.510939 28.509831 28.509296 28.509043 28.508923 28.508859 28.508807 28.508731 28.508579 28.508262 28.507602 28.506260 28.503594 28.498423 28.488632 28.470519 28.437761 28.379796 28.279325 28.108505 27.823129 27.353715 26.591794 25.369025 23.427076 20.381968 15.712940 8.894480 0.000000 
50.000000 47.785041 45.648469 43.660360 41.875623 40.329736 39.037542 37.994939 37.182738 36.571675 36.127526 35.815533 35.603649 35.464473 35.376017 35.321595 35.289168 35.270448 35.259971 35.254285 35.251291 35.249760 35.248999 35.248632 35.248458 35.248376 35.248331 35.248294 35.248238 35.248125 35.247890 35.247400 35.246401 35.244412 35.240544 35.233198 35.219555 35.194762 35.150626 35.073529 34.941107 34.716846 34.341011 33.714801 32.671403 30.921175 27.947420 22.824235 14.019858 0.000000 
50.000000 48.872570 47.785041 46.773078 45.864632 45.077761 44.420021 43.889324 43.475903 43.164862 42.938783 42.779972 42.672119 42.601274 42.556248 42.528546 42.512039 42.502510 42.497177 42.494283 42.492758 42.491979 42.491592 42.491405 42.491316 42.491274 42.491251 42.491232 42.491202 42.491142 42.491017 42.490755 42.490221 42.489157 42.487084 42.483139 42.475794 42.462405 42.438474 42.396455 42.323778 42.199502 41.988316 41.629043 41.010556 39.915992 37.878598 33.765182 24.436285 0.000000 
50.000000 50.000000 50.000000 50.000000 50.000000 50.000000 50.000000 50.000000 50.000000 50.000000 50.000000 50.000000 50.000000 50.000000 50.000000 50.000000 50.000000 50.000000 50.000000 50.000000 50.000000 50.000000 50.000000 50.000000 50.000000 50.000000 50.000000 50.000000 50.000000 50.000000 50.000000 50.000000 50.000000 50.000000 50.000000 50.000000 50.000000 50.000000 50.000000 50.000000 50.000000 50.000000 50.000000 50.000000 50.000000 50.000000 50.000000 50.000000 50.000000 50.000000 
