50.000000 50.000000 50.000000 50.000000 50.000000 50.000000 50.000000 50.000000 50.000000 50.000000 50.000000 50.000000 50.000000 50.000000 50.000000 50.000000 50.000000 50.000000 50.000000 50.000000 50.000000 50.000000 50.000000 50.000000 50.000000 50.000000 50.000000 50.000000 50.000000 50.000000 50.000000 50.000000 50.000000 50.000000 50.000000 50.000000 50.000000 50.000000 50.000000 50.000000 50.000000 50.000000 50.000000 50.000000 50.000000 50.000000 50.000000 50.000000 50.000000 50.000000 
50.000000 47.292853 44.815381 42.738963 41.142978 40.015803 39.282587 38.842121 38.597061 38.470414 38.409438 38.382008 38.370446 38.365867 38.364159 38.363558 38.363357 38.363294 38.363275 38.363269 38.363268 38.363267 38.363267 38.363267 38.363267 38.363267 38.363267 38.363267 38.363267 38.363267 38.363267 38.363267 38.363266 38.363262 38.363249 38.363206 38.363068 38.362648 38.361424 38.358022 38.348998 38.326111 38.270460 38.140109 37.843601 37.180080 35.689866 32.232932 23.646427 0.000000 
50.000000 44.815381 40.070657 36.094063 33.037620 30.879040 29.474949 28.631498 28.162249 27.919753 27.803006 27.750489 27.728354 27.719589 27.716319 27.715168 27.714784 27.714663 27.714626 27.714616 27.714613 27.714612 27.714612 27.714612 27.714612 27.714612 27.714612 27.714612 27.714612 27.714612 27.714612 27.714611 27.714610 27.714603 27.714581 27.714508 27.714274 27.713562 27.711498 27.705796 27.690784 27.653112 27.562877 27.356150 26.901651 25.938516 23.962590 20.035328 12.582449 0.000000 
50.000000 42.738963 36.094063 30.525028 26.244747 23.221961 21.255820 20.074804 19.417793 19.078288 18.914848 18.841333 18.810351 18.798083 18.793507 18.791896 18.791359 18.791189 18.791138 18.791123 18.791119 18.791118 18.791118 18.791118 18.791118 18.791118 18.791118 18.791118 18.791118 18.791118 18.791118 18.791117 18.791115 18.791108 18.791083 18.790998 18.790729 18.789916 18.787574 18.781154 18.764428 18.723030 18.625715 18.408474 17.948018 17.022228 15.262514 12.131473 7.049097 0.000000 
50.000000 41.142978 33.037620 26.244747 21.024022 17.337250 14.939358 13.499090 12.697912 12.283942 12.084671 11.995048 11.957280 11.942327 11.936750 11.934786 11.934132 11.933925 11.933863 11.933845 11.933840 11.933839 11.933839 11.933839 11.933839 11.933839 11.933839 11.933839 11.933839 11.933839 11.933838 11.933838 11.933836 11.933829 11.933806 11.933727 11.933479 11.932732 11.930597 11.924798 11.909863 11.873442 11.789460 11.606679 11.232090 10.512011 9.222519 7.099104 3.962898 0.000000 
50.000000 40.015803 30.879040 23.221961 17.337250 13.181777 10.479190 8.856015 7.953155 7.486685 7.262160 7.161188 7.118642 7.101799 7.095518 7.093307 7.092570 7.092337 7.092267 7.092247 7.092241 7.092240 7.092240 7.092239 7.092239 7.092239 7.092239 7.092239 7.092239 7.092239 7.092239 7.092239 7.092237 7.092232 7.092213 7.092151 7.091955 7.091370 7.089710 7.085243 7.073872 7.046538 6.984643 6.852985 6.590889 6.105161 5.273942 3.977390 2.172202 0.000000 
50.000000 39.282587 29.474949 21.255820 14.939358 10.479190 7.578583 5.836580 4.867687 4.367135 4.126226 4.017894 3.972250 3.954183 3.947446 3.945074 3.944284 3.944034 3.943959 3.943938 3.943932 3.943930 3.943930 3.943930 3.943930 3.943930 3.943930 3.943930 3.943930 3.943930 3.943930 3.943929 3.943928 3.943924 3.943911 3.943868 3.943732 3.943330 3.942195 3.939170 3.931552 3.913483 3.873229 3.789292 3.626205 3.332679 2.847346 2.118798 1.142477 0.000000 
50.000000 38.842121 28.631498 20.074804 13.499090 8.856015 5.836580 4.023296 3.014811 2.493835 2.243111 2.130373 2.082877 2.064077 2.057068 2.054600 2.053778 2.053518 2.053440 2.053418 2.053412 2.053410 2.053410 2.053410 2.053410 2.053410 2.053410 2.053410 2.053410 2.053410 2.053410 2.053409 2.053409 2.053406 2.053398 2.053371 2.053287 2.053039 2.052345 2.050510 2.045933 2.035207 2.011648 1.963351 1.871372 1.709630 1.449089 1.068621 0.571661 0.000000 
50.000000 38.597061 28.162249 19.417793 12.697912 7.953155 4.867687 3.014811 1.984346 1.452037 1.195870 1.080691 1.032168 1.012963 1.005803 1.003283 1.002443 1.002178 1.002098 1.002075 1.002069 1.002067 1.002067 1.002067 1.002067 1.002067 1.002067 1.002067 1.002067 1.002067 1.002067 1.002067 1.002066 1.002065 1.002060 1.002045 1.001998 1.001860 1.001474 1.000464 0.997966 0.992173 0.979605 0.954204 0.906618 0.824470 0.694762 0.509137 0.270950 0.000000 
50.000000 38.470414 27.919753 19.078288 12.283942 7.486685 4.367135 2.493835 1.452037 0.913889 0.654920 0.538484 0.489433 0.470020 0.462783 0.460235 0.459386 0.459118 0.459038 0.459015 0.459008 0.459007 0.459006 0.459006 0.459006 0.459006 0.459006 0.459006 0.459006 0.459006 0.459006 0.459006 0.459006 0.459005 0.459003 0.458995 0.458971 0.458900 0.458704 0.458195 0.456944 0.454071 0.447902 0.435583 0.412813 0.374079 0.313860 0.228969 0.121416 0.000000 
50.000000 38.409438 27.803006 18.914848 12.084671 7.262160 4.126226 2.243111 1.195870 0.654920 0.394606 0.277568 0.228265 0.208752 0.201478 0.198917 0.198064 0.197795 0.197714 0.197691 0.197684 0.197683 0.197682 0.197682 0.197682 0.197682 0.197682 0.197682 0.197682 0.197682 0.197682 0.197682 0.197682 0.197682 0.197681 0.197677 0.197665 0.197632 0.197541 0.197303 0.196725 0.195407 0.192602 0.187055 0.176917 0.159873 0.133694 0.097210 0.051416 0.000000 
50.000000 38.382008 27.750489 18.841333 11.995048 7.161188 4.017894 2.130373 1.080691 0.538484 0.277568 0.160261 0.110844 0.091287 0.083996 0.081430 0.080575 0.080305 0.080224 0.080201 0.080194 0.080193 0.080192 0.080192 0.080192 0.080192 0.080192 0.080192 0.080192 0.080192 0.080192 0.080192 0.080192 0.080192 0.080191 0.080190 0.080185 0.080170 0.080130 0.080028 0.079779 0.079217 0.078028 0.075699 0.071478 0.064451 0.053760 0.038991 0.020584 0.000000 
50.000000 38.370446 27.728354 18.810351 11.957280 7.118642 3.972250 2.082877 1.032168 0.489433 0.228265 0.110844 0.061381 0.041805 0.034507 0.031938 0.031083 0.030812 0.030731 0.030708 0.030701 0.030700 0.030699 0.030699 0.030699 0.030699 0.030699 0.030699 0.030699 0.030699 0.030699 0.030699 0.030699 0.030699 0.030699 0.030698 0.030696 0.030690 0.030674 0.030633 0.030533 0.030309 0.029838 0.028921 0.027272 0.024548 0.020435 0.014792 0.007798 0.000000 
50.000000 38.365867 27.719589 18.798083 11.942327 7.101799 3.954183 2.064077 1.012963 0.470020 0.208752 0.091287 0.041805 0.022221 0.014921 0.012351 0.011495 0.011225 0.011144 0.011120 0.011114 0.011112 0.011112 0.011112 0.011112 0.011112 0.011112 0.011112 0.011112 0.011112 0.011112 0.011112 0.011112 0.011112 0.011112 0.011111 0.011111 0.011108 0.011102 0.011087 0.011049 0.010965 0.010790 0.010450 0.009844 0.008848 0.007354 0.005315 0.002799 0.000000 
50.000000 38.364159 27.716319 18.793507 11.936750 7.095518 3.947446 2.057068 1.005803 0.462783 0.201478 0.083996 0.034507 0.014921 0.007620 0.005050 0.004193 0.003923 0.003842 0.003819 0.003812 0.003811 0.003810 0.003810 0.003810 0.003810 0.003810 0.003810 0.003810 0.003810 0.003810 0.003810 0.003810 0.003810 0.003810 0.003810 0.003810 0.003809 0.003807 0.003801 0.003788 0.003758 0.003697 0.003578 0.003367 0.003023 0.002509 0.001812 0.000953 0.000000 
50.000000 38.363558 27.715168 18.791896 11.934786 7.093307 3.945074 2.054600 1.003283 0.460235 0.198917 0.081430 0.031938 0.012351 0.005050 0.002480 0.001623 0.001353 0.001272 0.001248 0.001242 0.001240 0.001240 0.001240 0.001240 0.001240 0.001240 0.001240 0.001240 0.001240 0.001240 0.001240 0.001240 0.001240 0.001240 0.001240 0.001240 0.001239 0.001239 0.001237 0.001232 0.001222 0.001202 0.001163 0.001094 0.000981 0.000813 0.000587 0.000308 0.000000 
50.000000 38.363357 27.714784 18.791359 11.934132 7.092570 3.944284 2.053778 1.002443 0.459386 0.198064 0.080575 0.031083 0.011495 0.004193 0.001623 0.000767 0.000497 0.000415 0.000392 0.000386 0.000384 0.000384 0.000384 0.000384 0.000384 0.000384 0.000384 0.000384 0.000384 0.000384 0.000384 0.000384 0.000384 0.000384 0.000384 0.000384 0.000383 0.000383 0.000383 0.000381 0.000378 0.000372 0.000359 0.000338 0.000303 0.000251 0.000181 0.000095 0.000000 
50.000000 38.363294 27.714663 18.791189 11.933925 7.092337 3.944034 2.053518 1.002178 0.459118 0.197795 0.080305 0.030812 0.011225 0.003923 0.001353 0.000497 0.000226 0.000145 0.000122 0.000115 0.000114 0.000113 0.000113 0.000113 0.000113 0.000113 0.000113 0.000113 0.000113 0.000113 0.000113 0.000113 0.000113 0.000113 0.000113 0.000113 0.000113 0.000113 0.000113 0.000112 0.000111 0.000109 0.000106 0.000099 0.000089 0.000074 0.000053 0.000028 0.000000 
50.000000 38.363275 27.714626 18.791138 11.933863 7.092267 3.943959 2.053440 1.002098 0.459038 0.197714 0.080224 0.030731 0.011144 0.003842 0.001272 0.000415 0.000145 0.000064 0.000040 0.000034 0.000032 0.000032 0.000032 0.000032 0.000032 0.000032 0.000032 0.000032 0.000032 0.000032 0.000032 0.000032 0.000032 0.000032 0.000032 0.000032 0.000032 0.000032 0.000032 0.000032 0.000031 0.000031 0.000030 0.000028 0.000025 0.000021 0.000015 0.000008 0.000000 
50.000000 38.363269 27.714616 18.791123 11.933845 7.092247 3.943938 2.053418 1.002075 0.459015 0.197691 0.080201 0.030708 0.011120 0.003819 0.001248 0.000392 0.000122 0.000040 0.000017 0.000011 0.000009 0.000009 0.000009 0.000009 0.000009 0.000009 0.000009 0.000009 0.000009 0.000009 0.000009 0.000009 0.000009 0.000009 0.000009 0.000009 0.000009 0.000009 0.000009 0.000008 0.000008 0.000008 0.000008 0.000007 0.000007 0.000006 0.000004 0.000002 0.000000 
50.000000 38.363268 27.714613 18.791119 11.933840 7.092241 3.943932 2.053412 1.002069 0.459008 0.197684 0.080194 0.030701 0.011114 0.003812 0.001242 0.000386 0.000115 0.000034 0.000011 0.000004 0.000003 0.000002 0.000002 0.000002 0.000002 0.000002 0.000002 0.000002 0.000002 0.000002 0.000002 0.000002 0.000002 0.000002 0.000002 0.000002 0.000002 0.000002 0.000002 0.000002 0.000002 0.000002 0.000002 0.000002 0.000002 0.000001 0.000001 0.000001 0.000000 
50.000000 38.363267 27.714612 18.791118 11.933839 7.092240 3.943930 2.053410 1.002067 0.459007 0.197683 0.080193 0.030700 0.011112 0.003811 0.001240 0.000384 0.000114 0.000032 0.000009 0.000003 0.000001 0.000001 0.000001 0.000001 0.000001 0.000001 0.000001 0.000001 0.000001 0.000001 0.000001 0.000001 0.000001 0.000001 0.000001 0.000001 0.000001 0.000001 0.000001 0.000001 0.000001 0.000001 0.000001 0.000000 0.000000 0.000000 0.000000 0.000000 0.000000 
50.000000 38.363267 27.714612 18.791118 11.933839 7.092240 3.943930 2.053410 1.002067 0.459006 0.197682 0.080192 0.030699 0.011112 0.003810 0.001240 0.000384 0.000113 0.000032 0.000009 0.000002 0.000001 0.000000 0.000000 0.000000 0.000000 0.000000 0.000000 0.000000 0.000000 0.000000 0.000000 0.000000 0.000000 0.000000 0.000000 0.000000 0.000000 0.000000 0.000000 0.000000 0.000000 0.000000 0.000000 0.000000 0.000000 0.000000 0.000000 0.000000 0.000000 
50.000000 38.363267 27.714612 18.791118 11.933839 7.092239 3.943930 2.053410 1.002067 0.459006 0.197682 0.080192 0.030699 0.011112 0.003810 0.001240 0.000384 0.000113 0.000032 0.000009 0.000002 0.000001 0.000000 0.000000 0.000000 0.000000 0.000000 0.000000 0.000000 0.000000 0.000000 0.000000 0.000000 0.000000 0.000000 0.000000 0.000000 0.000000 0.000000 0.000000 0.000000 0.000000 0.000000 0.000000 0.000000 0.000000 0.000000 0.000000 0.000000 0.000000 
50.000000 38.363267 27.714612 18.791118 11.933839 7.092239 3.943930 2.053410 1.002067 0.459006 0.197682 0.080192 0.030699 0.011112 0.003810 0.001240 0.000384 0.000113 0.000032 0.000009 0.000002 0.000001 0.000000 0.000000 0.000000 0.000000 0.000000 0.000000 0.000000 0.000000 0.000000 0.000000 0.000000 0.000000 0.000000 0.000000 0.000000 0.000000 0.000000 0.000000 0.000000 0.000000 0.000000 0.000000 0.000000 0.000000 0.000000 0.000000 0.000000 0.000000 
50.000000 38.363267 27.714612 18.791118 11.933839 7.092239 3.943930 2.053410 1.002067 0.459006 0.197682 0.080192 0.030699 0.011112 0.003810 0.001240 0.000384 0.000113 0.000032 0.000009 0.000002 0.000001 0.000000 0.000000 0.000000 0.000000 0.000000 0.000000 0.000000 0.000000 0.000000 0.000000 0.000000 0.000000 0.000000 0.000000 0.000000 0.000000 0.000000 0.000000 0.000000 0.000000 0.000000 0.000000 0.000000 0.000000 0.000000 0.000000 0.000000 0.000000 
50.000000 38.363267 27.714612 18.791118 11.933839 7.092239 3.943930 2.053410 1.002067 0.459006 0.197682 0.080192 0.030699 0.011112 0.003810 0.001240 0.000384 0.000113 0.000032 0.000009 0.000002 0.000001 0.000000 0.000000 0.000000 0.000000 0.000000 0.000000 0.000000 0.000000 0.000000 0.000000 0.000000 0.000000 0.000000 0.000000 0.000000 0.000000 0.000000 0.000000 0.000000 0.000000 0.000000 0.000000 0.000000 0.000000 0.000000 0.000000 0.000000 0.000000 
50.000000 38.363267 27.714612 18.791118 11.933839 7.092240 3.943930 2.053410 1.002067 0.459006 0.197682 0.080192 0.030699 0.011112 0.003810 0.001240 0.000384 0.000113 0.000032 0.000009 0.000002 0.000001 0.000000 0.000000 0.000000 0.000000 0.000000 0.000000 0.000000 0.000000 0.000000 0.000000 0.000000 0.000000 0.000000 0.000000 0.000000 0.000000 0.000000 0.000000 0.000000 0.000000 0.000000 0.000000 0.000000 0.000000 0.000000 0.000000 0.000000 0.000000 
50.000000 38.363267 27.714612 18.791118 11.933839 7.092240 3.943930 2.053410 1.002067 0.459007 0.197683 0.080193 0.030700 0.011112 0.003811 0.001240 0.000384 0.000114 0.000032 0.000009 0.000003 0.000001 0.000001 0.000001 0.000001 0.000001 0.000001 0.000001 0.000001 0.000001 0.000001 0.000001 0.000001 0.000001 0.000001 0.000001 0.000001 0.000001 0.000001 0.000001 0.000001 0.000001 0.000001 0.000001 0.000000 0.000000 0.000000 0.000000 0.000000 0.000000 
50.000000 38.363268 27.714613 18.791119 11.933840 7.092241 3.943932 2.053412 1.002069 0.459008 0.197684 0.080194 0.030701 0.011114 0.003812 0.001242 0.000386 0.000115 0.000034 0.000011 0.000004 0.000003 0.000002 0.000002 0.000002 0.000002 0.000002 0.000002 0.000002 0.000002 0.000002 0.000002 0.000002 0.000002 0.000002 0.000002 0.000002 0.000002 0.000002 0.000002 0.000002 0.000002 0.000002 0.000002 0.000002 0.000002 0.000001 0.000001 0.000001 0.000000 
50.000000 38.363269 27.714616 18.791123 11.933845 7.092247 3.943938 2.053418 1.002075 0.459015 0.197691 0.080201 0.030708 0.011120 0.003819 0.001248 0.000392 0.000122 0.000040 0.000017 0.000011 0.000009 0.000009 0.000009 0.000009 0.000009 0.000009 0.000009 0.000009 0.000009 0.000009 0.000009 0.000009 0.000009 0.000009 0.000009 0.000009 0.000009 0.000009 0.000009 0.000008 0.000008 0.000008 0.000008 0.000007 0.000007 0.000006 0.000004 0.000002 0.000000 
50.000000 38.363275 27.714626 18.791138 11.933863 7.092267 3.943959 2.053440 1.002098 0.459038 0.197714 0.080224 0.030731 0.011144 0.003842 0.001272 0.000415 0.000145 0.000064 0.000040 0.000034 0.000032 0.000032 0.000032 0.000032 0.000032 0.000032 0.000032 0.000032 0.000032 0.000032 0.000032 0.000032 0.000032 0.000032 0.000032 0.000032 0.000032 0.000032 0.000032 0.000032 0.000031 0.000031 0.000030 0.000028 0.000025 0.000021 0.000015 0.000008 0.000000 
50.000000 38.363294 27.714663 18.791189 11.933925 7.092337 3.944034 2.053518 1.002178 0.459118 0.197795 0.080305 0.030812 0.011225 0.003923 0.001353 0.000497 0.000226 0.000145 0.000122 0.000115 0.000114 0.000113 0.000113 0.000113 0.000113 0.000113 0.000113 0.000113 0.000113 0.000113 0.000113 0.000113 0.000113 0.000113 0.000113 0.000113 0.000113 0.000113 0.000113 0.000112 0.000111 0.000109 0.000106 0.000099 0.000089 0.000074 0.000053 0.000028 0.000000 
50.000000 38.363357 27.714784 18.791359 11.934132 7.092570 3.944284 2.053778 1.002443 0.459386 0.198064 0.080575 0.031083 0.011495 0.004193 0.001623 0.000767 0.000497 0.000415 0.000392 0.000386 0.000384 0.000384 0.000384 0.000384 0.000384 0.000384 0.000384 0.000384 0.000384 0.000384 0.000384 0.000384 0.000384 0.000384 0.000384 0.000384 0.000383 0.000383 0.000383 0.000381 0.000378 0.000372 0.000359 0.000338 0.000303 0.000251 0.000181 0.000095 0.000000 
50.000000 38.363558 27.715168 18.791896 11.934786 7.093307 3.945074 2.054600 1.003283 0.460235 0.198917 0.081430 0.031938 0.012351 0.005050 0.002480 0.001623 0.001353 0.001272 0.001248 0.001242 0.001240 0.001240 0.001240 0.001240 0.001240 0.001240 0.001240 0.001240 0.001240 0.001240 0.001240 0.001240 0.001240 0.001240 0.001240 0.001240 0.001239 0.001239 0.001237 0.001232 0.001222 0.001202 0.001163 0.001094 0.000981 0.000813 0.000587 0.000308 0.000000 
50.000000 38.364159 27.716319 18.793507 11.936750 7.095518 3.947446 2.057068 1.005803 0.462783 0.201478 0.083996 0.034507 0.014921 0.007620 0.005050 0.004193 0.003923 0.003842 0.003819 0.003812 0.003811 0.003810 0.003810 0.003810 0.003810 0.003810 0.003810 0.003810 0.003810 0.003810 0.003810 0.003810 0.003810 0.003810 0.003810 0.003810 0.003809 0.003807 0.003801 0.003788 0.003758 0.003697 0.003578 0.003367 0.003023 0.002509 0.001812 0.000953 0.000000 
50.000000 38.365867 27.719589 18.798083 11.942327 7.101799 3.954183 2.064077 1.012963 0.470020 0.208752 0.091287 0.041805 0.022221 0.014921 0.012351 0.011495 0.011225 0.011144 0.011120 0.011114 0.011112 0.011112 0.011112 0.011112 0.011112 0.011112 0.011112 0.011112 0.011112 0.011112 0.011112 0.011112 0.011112 0.011112 0.011111 0.011111 0.011108 0.011102 0.011087 0.011049 0.010965 0.010790 0.010450 0.009844 0.008848 0.007354 0.005315 0.002799 0.000000 
50.000000 38.370446 27.728354 18.810351 11.957280 7.118642 3.972250 2.082877 1.032168 0.489433 0.228265 0.110844 0.061381 0.041805 0.034507 0.031938 0.031083 0.030812 0.030731 0.030708 0.030701 0.030700 0.030699 0.030699 0.030699 0.030699 0.030699 0.030699 0.030699 0.030699 0.030699 0.030699 0.030699 0.030699 0.030699 0.030698 0.030696 0.030690 0.030674 0.030633 0.030533 0.030309 0.029838 0.028921 0.027272 0.024548 0.020435 0.014792 0.007798 0.000000 
50.000000 38.382008 27.750489 18.841333 11.995048 7.161188 4.017894 2.130373 1.080691 0.538484 0.277568 0.160261 0.110844 0.091287 0.083996 0.081430 0.080575 0.080305 0.080224 0.080201 0.080194 0.080193 0.080192 0.080192 0.080192 0.080192 0.080192 0.080192 0.080192 0.080192 0.080192 0.080192 0.080192 0.080192 0.080191 0.080190 0.080185 0.080170 0.080130 0.080028 0.079779 0.079217 0.078028 0.075699 0.071478 0.064451 0.053760 0.038991 0.020584 0.000000 
50.000000 38.409438 27.803006 18.914848 12.084671 7.262160 4.126226 2.243111 1.195870 0.654920 0.394606 0.277568 0.228265 0.208752 0.201478 0.198917 0.198064 0.197795 0.197714 0.197691 0.197684 0.197683 0.197682 0.197682 0.197682 0.197682 0.197682 0.197682 0.197682 0.197682 0.197682 0.197682 0.197682 0.197682 0.197681 0.197677 0.197665 0.197632 0.197541 0.197303 0.196725 0.195407 0.192602 0.187055 0.176917 0.159873 0.133694 0.097210 0.051416 0.000000 
50.000000 38.470414 27.919753 19.078288 12.283942 7.486685 4.367135 2.493835 1.452037 0.913889 0.654920 0.538484 0.489433 0.470020 0.462783 0.460235 0.459386 0.459118 0.459038 0.459015 0.459008 0.459007 0.459006 0.459006 0.459006 0.459006 0.459006 0.459006 0.459006 0.459006 0.459006 0.459006 0.459006 0.459005 0.459003 0.458995 0.458971 0.458900 0.458704 0.458195 0.456944 0.454071 0.447902 0.435583 0.412813 0.374079 0.313860 0.228969 0.121416 0.000000 
50.000000 38.597061 28.162249 19.417793 12.697912 7.953155 4.867687 3.014811 1.984346 1.452037 1.195870 1.080691 1.032168 1.012963 1.005803 1.003283 1.002443 1.002178 1.002098 1.002075 1.002069 1.002067 1.002067 1.002067 1.002067 1.002067 1.002067 1.002067 1.002067 1.002067 1.002067 1.002067 1.002066 1.002065 1.002060 1.002045 1.001998 1.001860 1.001474 1.000464 0.997966 0.992173 0.979605 0.954204 0.906618 0.824470 0.694762 0.509137 0.270950 0.000000 
50.000000 38.842121 28.631498 20.074804 13.499090 8.856015 5.836580 4.023296 3.014811 2.493835 2.243111 2.130373 2.082877 2.064077 2.057068 2.054600 2.053778 2.053518 2.053440 2.053418 2.053412 2.053410 2.053410 2.053410 2.053410 2.053410 2.053410 2.053410 2.053410 2.053410 2.053410 2.053409 2.053409 2.053406 2.053398 2.053371 2.053287 2.053039 2.052345 2.050510 2.045933 2.035207 2.011648 1.963351 1.871372 1.709630 1.449089 1.068621 0.571661 0.000000 
50.000000 39.282587 29.474949 21.255820 14.939358 10.479190 7.578583 5.836580 4.867687 4.367135 4.126226 4.017894 3.972250 3.954183 3.947446 3.945074 3.944284 3.944034 3.943959 3.943938 3.943932 3.943930 3.943930 3.943930 3.943930 3.943930 3.943930 3.943930 3.943930 3.943930 3.943930 3.943929 3.943928 3.943924 3.943911 3.943868 3.943732 3.943330 3.942195 3.939170 3.931552 3.913483 3.873229 3.789292 3.626205 3.332679 2.847346 2.118798 1.142477 0.000000 
50.000000 40.015803 30.879040 23.221961 17.337250 13.181777 10.479190 8.856015 7.953155 7.486685 7.262160 7.161188 7.118642 7.101799 7.095518 7.093307 7.092570 7.092337 7.092267 7.092247 7.092241 7.092240 7.092240 7.092239 7.092239 7.092239 7.092239 7.092239 7.092239 7.092239 7.092239 7.092239 7.092237 7.092232 7.092213 7.092151 7.091955 7.091370 7.089710 7.085243 7.073872 7.046538 6.984643 6.852985 6.590889 6.105161 5.273942 3.977390 2.172202 0.000000 
50.000000 41.142978 33.037620 26.244747 21.024022 17.337250 14.939358 13.499090 12.697912 12.283942 12.084671 11.995048 11.957280 11.942327 11.936750 11.934786 11.934132 11.933925 11.933863 11.933845 11.933840 11.933839 11.933839 11.933839 11.933839 11.933839 11.933839 11.933839 11.933839 11.933839 11.933838 11.933838 11.933836 11.933829 11.933806 11.933727 11.933479 11.932732 11.930597 11.924798 11.909863 11.873442 11.789460 11.606679 11.232090 10.512011 9.222519 7.099104 3.962898 0.000000 
50.000000 42.738963 36.094063 30.525028 26.244747 23.221961 21.255820 20.074804 19.417793 19.078288 18.914848 18.841333 18.810351 18.798083 18.793507 18.791896 18.791359 18.791189 18.791138 18.791123 18.791119 18.791118 18.791118 18.791118 18.791118 18.791118 18.791118 18.791118 18.791118 18.791118 18.791118 18.791117 18.791115 18.791108 18.791083 18.790998 18.790729 18.789916 18.787574 18.781154 18.764428 18.723030 18.625715 18.408474 17.948018 17.022228 15.262514 12.131473 7.049097 0.000000 
50.000000 44.815381 40.070657 36.094063 33.037620 30.879040 29.474949 28.631498 28.162249 27.919753 27.803006 27.750489 27.728354 27.719589 27.716319 27.715168 27.714784 27.714663 27.714626 27.714616 27.714613 27.714612 27.714612 27.714612 27.714612 27.714612 27.714612 27.714612 27.714612 27.714612 27.714612 27.714611 27.714610 27.714603 27.714581 27.714508 27.714274 27.713562 27.711498 27.705796 27.690784 27.653112 27.562877 27.356150 26.901651 25.938516 23.962590 20.035328 12.582449 0.000000 
50.000000 47.292853 44.815381 42.738963 41.142978 40.015803 39.282587 38.842121 38.597061 38.470414 38.409438 38.382008 38.370446 38.365867 38.364159 38.363558 38.363357 38.363294 38.363275 38.363269 38.363268 38.363267 38.363267 38.363267 38.363267 38.363267 38.363267 38.363267 38.363267 38.363267 38.363267 38.363267 38.363266 38.363262 38.363249 38.363206 38.363068 38.362648 38.361424 38.358022 38.348998 38.326111 38.270460 38.140109 37.843601 37.180080 35.689866 32.232932 23.646427 0.000000 
50.000000 50.000000 50.000000 50.000000 50.000000 50.000000 50.000000 50.000000 50.000000 50.000000 50.000000 50.000000 50.000000 50.000000 50.000000 50.000000 50.000000 50.000000 50.000000 50.000000 50.000000 50.000000 50.000000 50.000000 50.000000 50.000000 50.000000 50.000000 50.000000 50.000000 50.000000 50.000000 50.000000 50.000000 50.000000 50.000000 50.000000 50.000000 50.000000 50.000000 50.000000 50.000000 50.000000 50.000000 50.000000 50.000000 50.000000 50.000000 50.000000 50.000000 
