50.000000 50.000000 50.000000 50.000000 50.000000 50.000000 50.000000 50.000000 50.000000 50.000000 50.000000 50.000000 50.000000 50.000000 50.000000 50.000000 50.000000 50.000000 50.000000 50.000000 50.000000 50.000000 50.000000 50.000000 50.000000 50.000000 50.000000 50.000000 50.000000 50.000000 50.000000 50.000000 50.000000 50.000000 50.000000 50.000000 50.000000 50.000000 50.000000 50.000000 50.000000 50.000000 50.000000 50.000000 50.000000 50.000000 50.000000 50.000000 50.000000 50.000000 
50.000000 45.665540 41.918458 39.108769 37.270564 36.213445 35.674754 35.429552 35.329090 35.291777 35.279132 35.275200 35.274071 35.273771 35.273696 35.273679 35.273675 35.273675 35.273674 35.273674 35.273674 35.273674 35.273674 35.273674 35.273674 35.273674 35.273674 35.273674 35.273674 35.273674 35.273674 35.273674 35.273674 35.273674 35.273674 35.273673 35.273669 35.273648 35.273560 35.273207 35.271876 35.267160 35.251504 35.202694 35.059218 34.658295 33.577229 30.695194 22.832770 0.000000 
50.000000 41.918458 34.932280 29.694102 26.267365 24.296907 23.292913 22.835973 22.648786 22.579273 22.555720 22.548396 22.546295 22.545736 22.545597 22.545565 22.545558 22.545557 22.545557 22.545557 22.545557 22.545557 22.545557 22.545557 22.545557 22.545557 22.545557 22.545557 22.545557 22.545557 22.545557 22.545557 22.545557 22.545557 22.545556 22.545555 22.545548 22.545516 22.545383 22.544850 22.542854 22.535867 22.513033 22.443458 22.245900 21.722970 20.431992 17.466140 11.223264 0.000000 
50.000000 39.108769 29.694102 22.635613 18.018566 15.364018 14.011683 13.396316 13.144278 13.050703 13.019004 13.009149 13.006322 13.005570 13.005384 13.005341 13.005331 13.005329 13.005329 13.005329 13.005329 13.005329 13.005329 13.005329 13.005329 13.005329 13.005329 13.005329 13.005329 13.005329 13.005329 13.005329 13.005329 13.005329 13.005329 13.005327 13.005320 13.005290 13.005161 13.004650 13.002757 12.996217 12.975224 12.912816 12.741602 12.310094 11.317806 9.262110 5.531540 0.000000 
50.000000 37.270564 26.267365 18.018566 12.623541 9.522145 7.942431 7.223733 6.929433 6.820190 6.783192 6.771692 6.768394 6.767517 6.767300 6.767250 6.767239 6.767237 6.767237 6.767237 6.767237 6.767237 6.767237 6.767237 6.767237 6.767237 6.767237 6.767237 6.767237 6.767237 6.767237 6.767237 6.767237 6.767236 6.767236 6.767235 6.767230 6.767207 6.767112 6.766738 6.765364 6.760681 6.745906 6.702959 6.588616 6.311771 5.708472 4.544395 2.612269 0.000000 
50.000000 36.213445 24.296907 15.364018 9.522145 6.164283 4.454181 3.676285 3.357800 3.239601 3.199578 3.187140 3.183573 3.182626 3.182391 3.182337 3.182325 3.182322 3.182322 3.182322 3.182322 3.182322 3.182322 3.182322 3.182322 3.182322 3.182322 3.182322 3.182322 3.182322 3.182322 3.182322 3.182322 3.182322 3.182322 3.182321 3.182318 3.182304 3.182247 3.182022 3.181204 3.178451 3.169893 3.145499 3.082141 2.933529 2.622415 2.051007 1.154227 0.000000 
50.000000 35.674754 23.292913 14.011683 7.942431 4.454181 2.677856 1.869929 1.539189 1.416459 1.374906 1.361995 1.358294 1.357310 1.357067 1.357010 1.356998 1.356996 1.356995 1.356995 1.356995 1.356995 1.356995 1.356995 1.356995 1.356995 1.356995 1.356995 1.356995 1.356995 1.356995 1.356995 1.356995 1.356995 1.356995 1.356995 1.356993 1.356986 1.356956 1.356841 1.356427 1.355046 1.350810 1.338928 1.308682 1.239472 1.098866 0.849455 0.472060 0.000000 
50.000000 35.429552 22.835973 13.396316 7.223733 3.676285 1.869929 1.048400 0.712118 0.587340 0.545099 0.531975 0.528212 0.527213 0.526965 0.526908 0.526896 0.526893 0.526893 0.526893 0.526893 0.526893 0.526893 0.526893 0.526893 0.526893 0.526893 0.526893 0.526893 0.526893 0.526893 0.526893 0.526893 0.526893 0.526893 0.526892 0.526892 0.526888 0.526875 0.526824 0.526641 0.526036 0.524200 0.519119 0.506392 0.477827 0.421091 0.322940 0.178047 0.000000 
50.000000 35.329090 22.648786 13.144278 6.929433 3.357800 1.539189 0.712118 0.373580 0.247971 0.205450 0.192240 0.188453 0.187447 0.187198 0.187140 0.187128 0.187125 0.187125 0.187125 0.187124 0.187124 0.187124 0.187124 0.187124 0.187124 0.187124 0.187124 0.187124 0.187124 0.187124 0.187124 0.187124 0.187124 0.187124 0.187124 0.187124 0.187123 0.187118 0.187097 0.187026 0.186790 0.186082 0.184143 0.179349 0.168752 0.148062 0.112919 0.061930 0.000000 
50.000000 35.291777 22.579273 13.050703 6.820190 3.239601 1.416459 0.587340 0.247971 0.122056 0.079432 0.066190 0.062395 0.061386 0.061136 0.061079 0.061066 0.061064 0.061063 0.061063 0.061063 0.061063 0.061063 0.061063 0.061063 0.061063 0.061063 0.061063 0.061063 0.061063 0.061063 0.061063 0.061063 0.061063 0.061063 0.061063 0.061063 0.061062 0.061061 0.061053 0.061028 0.060946 0.060700 0.060031 0.058397 0.054826 0.047946 0.036419 0.019901 0.000000 
50.000000 35.279132 22.555720 13.019004 6.783192 3.199578 1.374906 0.545099 0.205450 0.079432 0.036774 0.023521 0.019723 0.018713 0.018463 0.018406 0.018393 0.018391 0.018390 0.018390 0.018390 0.018390 0.018390 0.018390 0.018390 0.018390 0.018390 0.018390 0.018390 0.018390 0.018390 0.018390 0.018390 0.018390 0.018390 0.018390 0.018390 0.018390 0.018389 0.018387 0.018379 0.018353 0.018275 0.018065 0.017556 0.016454 0.014354 0.010871 0.005925 0.000000 
50.000000 35.275200 22.548396 13.009149 6.771692 3.187140 1.361995 0.531975 0.192240 0.066190 0.023521 0.010265 0.006466 0.005456 0.005206 0.005149 0.005136 0.005134 0.005133 0.005133 0.005133 0.005133 0.005133 0.005133 0.005133 0.005133 0.005133 0.005133 0.005133 0.005133 0.005133 0.005133 0.005133 0.005133 0.005133 0.005133 0.005133 0.005133 0.005133 0.005132 0.005130 0.005122 0.005099 0.005039 0.004893 0.004580 0.003988 0.003013 0.001639 0.000000 
50.000000 35.274071 22.546295 13.006322 6.768394 3.183573 1.358294 0.528212 0.188453 0.062395 0.019723 0.006466 0.002666 0.001656 0.001406 0.001349 0.001336 0.001334 0.001333 0.001333 0.001333 0.001333 0.001333 0.001333 0.001333 0.001333 0.001333 0.001333 0.001333 0.001333 0.001333 0.001333 0.001333 0.001333 0.001333 0.001333 0.001333 0.001333 0.001333 0.001333 0.001332 0.001330 0.001324 0.001308 0.001269 0.001187 0.001032 0.000778 0.000423 0.000000 
50.000000 35.273771 22.545736 13.005570 6.767517 3.182626 1.357310 0.527213 0.187447 0.061386 0.018713 0.005456 0.001656 0.000647 0.000397 0.000339 0.000326 0.000324 0.000323 0.000323 0.000323 0.000323 0.000323 0.000323 0.000323 0.000323 0.000323 0.000323 0.000323 0.000323 0.000323 0.000323 0.000323 0.000323 0.000323 0.000323 0.000323 0.000323 0.000323 0.000323 0.000323 0.000323 0.000321 0.000317 0.000308 0.000287 0.000249 0.000188 0.000102 0.000000 
50.000000 35.273696 22.545597 13.005384 6.767300 3.182391 1.357067 0.526965 0.187198 0.061136 0.018463 0.005206 0.001406 0.000397 0.000147 0.000089 0.000077 0.000074 0.000074 0.000073 0.000073 0.000073 0.000073 0.000073 0.000073 0.000073 0.000073 0.000073 0.000073 0.000073 0.000073 0.000073 0.000073 0.000073 0.000073 0.000073 0.000073 0.000073 0.000073 0.000073 0.000073 0.000073 0.000073 0.000072 0.000070 0.000065 0.000057 0.000043 0.000023 0.000000 
50.000000 35.273679 22.545565 13.005341 6.767250 3.182337 1.357010 0.526908 0.187140 0.061079 0.018406 0.005149 0.001349 0.000339 0.000089 0.000031 0.000019 0.000016 0.000016 0.000016 0.000016 0.000016 0.000016 0.000016 0.000016 0.000016 0.000016 0.000016 0.000016 0.000016 0.000016 0.000016 0.000016 0.000016 0.000016 0.000016 0.000016 0.000016 0.000016 0.000016 0.000016 0.000016 0.000016 0.000015 0.000015 0.000014 0.000012 0.000009 0.000005 0.000000 
50.000000 35.273675 22.545558 13.005331 6.767239 3.182325 1.356998 0.526896 0.187128 0.061066 0.018393 0.005136 0.001336 0.000326 0.000077 0.000019 0.000006 0.000004 0.000003 0.000003 0.000003 0.000003 0.000003 0.000003 0.000003 0.000003 0.000003 0.000003 0.000003 0.000003 0.000003 0.000003 0.000003 0.000003 0.000003 0.000003 0.000003 0.000003 0.000003 0.000003 0.000003 0.000003 0.000003 0.000003 0.000003 0.000003 0.000002 0.000002 0.000001 0.000000 
50.000000 35.273675 22.545557 13.005329 6.767237 3.182322 1.356996 0.526893 0.187125 0.061064 0.018391 0.005134 0.001334 0.000324 0.000074 0.000016 0.000004 0.000001 0.000001 0.000001 0.000001 0.000001 0.000001 0.000001 0.000001 0.000001 0.000001 0.000001 0.000001 0.000001 0.000001 0.000001 0.000001 0.000001 0.000001 0.000001 0.000001 0.000001 0.000001 0.000001 0.000001 0.000001 0.000001 0.000001 0.000001 0.000001 0.000000 0.000000 0.000000 0.000000 
50.000000 35.273674 22.545557 13.005329 6.767237 3.182322 1.356995 0.526893 0.187125 0.061063 0.018390 0.005133 0.001333 0.000323 0.000074 0.000016 0.000003 0.000001 0.000000 0.000000 0.000000 0.000000 0.000000 0.000000 0.000000 0.000000 0.000000 0.000000 0.000000 0.000000 0.000000 0.000000 0.000000 0.000000 0.000000 0.000000 0.000000 0.000000 0.000000 0.000000 0.000000 0.000000 0.000000 0.000000 0.000000 0.000000 0.000000 0.000000 0.000000 0.000000 
50.000000 35.273674 22.545557 13.005329 6.767237 3.182322 1.356995 0.526893 0.187125 0.061063 0.018390 0.005133 0.001333 0.000323 0.000073 0.000016 0.000003 0.000001 0.000000 0.000000 0.000000 0.000000 0.000000 0.000000 0.000000 0.000000 0.000000 0.000000 0.000000 0.000000 0.000000 0.000000 0.000000 0.000000 0.000000 0.000000 0.000000 0.000000 0.000000 0.000000 0.000000 0.000000 0.000000 0.000000 0.000000 0.000000 0.000000 0.000000 0.000000 0.000000 
50.000000 35.273674 22.545557 13.005329 6.767237 3.182322 1.356995 0.526893 0.187124 0.061063 0.018390 0.005133 0.001333 0.000323 0.000073 0.000016 0.000003 0.000001 0.000000 0.000000 0.000000 0.000000 0.000000 0.000000 0.000000 0.000000 0.000000 0.000000 0.000000 0.000000 0.000000 0.000000 0.000000 0.000000 0.000000 0.000000 0.000000 0.000000 0.000000 0.000000 0.000000 0.000000 0.000000 0.000000 0.000000 0.000000 0.000000 0.000000 0.000000 0.000000 
50.000000 35.273674 22.545557 13.005329 6.767237 3.182322 1.356995 0.526893 0.187124 0.061063 0.018390 0.005133 0.001333 0.000323 0.000073 0.000016 0.000003 0.000001 0.000000 0.000000 0.000000 0.000000 0.000000 0.000000 0.000000 0.000000 0.000000 0.000000 0.000000 0.000000 0.000000 0.000000 0.000000 0.000000 0.000000 0.000000 0.000000 0.000000 0.000000 0.000000 0.000000 0.000000 0.000000 0.000000 0.000000 0.000000 0.000000 0.000000 0.000000 0.000000 
50.000000 35.273674 22.545557 13.005329 6.767237 3.182322 1.356995 0.526893 0.187124 0.061063 0.018390 0.005133 0.001333 0.000323 0.000073 0.000016 0.000003 0.000001 0.000000 0.000000 0.000000 0.000000 0.000000 0.000000 0.000000 0.000000 0.000000 0.000000 0.000000 0.000000 0.000000 0.000000 0.000000 0.000000 0.000000 0.000000 0.000000 0.000000 0.000000 0.000000 0.000000 0.000000 0.000000 0.000000 0.000000 0.000000 0.000000 0.000000 0.000000 0.000000 
50.000000 35.273674 22.545557 13.005329 6.767237 3.182322 1.356995 0.526893 0.187124 0.061063 0.018390 0.005133 0.001333 0.000323 0.000073 0.000016 0.000003 0.000001 0.000000 0.000000 0.000000 0.000000 0.000000 0.000000 0.000000 0.000000 0.000000 0.000000 0.000000 0.000000 0.000000 0.000000 0.000000 0.000000 0.000000 0.000000 0.000000 0.000000 0.000000 0.000000 0.000000 0.000000 0.000000 0.000000 0.000000 0.000000 0.000000 0.000000 0.000000 0.000000 
50.000000 35.273674 22.545557 13.005329 6.767237 3.182322 1.356995 0.526893 0.187124 0.061063 0.018390 0.005133 0.001333 0.000323 0.000073 0.000016 0.000003 0.000001 0.000000 0.000000 0.000000 0.000000 0.000000 0.000000 0.000000 0.000000 0.000000 0.000000 0.000000 0.000000 0.000000 0.000000 0.000000 0.000000 0.000000 0.000000 0.000000 0.000000 0.000000 0.000000 0.000000 0.000000 0.000000 0.000000 0.000000 0.000000 0.000000 0.000000 0.000000 0.000000 
50.000000 35.273674 22.545557 13.005329 6.767237 3.182322 1.356995 0.526893 0.187124 0.061063 0.018390 0.005133 0.001333 0.000323 0.000073 0.000016 0.000003 0.000001 0.000000 0.000000 0.000000 0.000000 0.000000 0.000000 0.000000 0.000000 0.000000 0.000000 0.000000 0.000000 0.000000 0.000000 0.000000 0.000000 0.000000 0.000000 0.000000 0.000000 0.000000 0.000000 0.000000 0.000000 0.000000 0.000000 0.000000 0.000000 0.000000 0.000000 0.000000 0.000000 
50.000000 35.273674 22.545557 13.005329 6.767237 3.182322 1.356995 0.526893 0.187124 0.061063 0.018390 0.005133 0.001333 0.000323 0.000073 0.000016 0.000003 0.000001 0.000000 0.000000 0.000000 0.000000 0.000000 0.000000 0.000000 0.000000 0.000000 0.000000 0.000000 0.000000 0.000000 0.000000 0.000000 0.000000 0.000000 0.000000 0.000000 0.000000 0.000000 0.000000 0.000000 0.000000 0.000000 0.000000 0.000000 0.000000 0.000000 0.000000 0.000000 0.000000 
50.000000 35.273674 22.545557 13.005329 6.767237 3.182322 1.356995 0.526893 0.187124 0.061063 0.018390 0.005133 0.001333 0.000323 0.000073 0.000016 0.000003 0.000001 0.000000 0.000000 0.000000 0.000000 0.000000 0.000000 0.000000 0.000000 0.000000 0.000000 0.000000 0.000000 0.000000 0.000000 0.000000 0.000000 0.000000 0.000000 0.000000 0.000000 0.000000 0.000000 0.000000 0.000000 0.000000 0.000000 0.000000 0.000000 0.000000 0.000000 0.000000 0.000000 
50.000000 35.273674 22.545557 13.005329 6.767237 3.182322 1.356995 0.526893 0.187124 0.061063 0.018390 0.005133 0.001333 0.000323 0.000073 0.000016 0.000003 0.000001 0.000000 0.000000 0.000000 0.000000 0.000000 0.000000 0.000000 0.000000 0.000000 0.000000 0.000000 0.000000 0.000000 0.000000 0.000000 0.000000 0.000000 0.000000 0.000000 0.000000 0.000000 0.000000 0.000000 0.000000 0.000000 0.000000 0.000000 0.000000 0.000000 0.000000 0.000000 0.000000 
50.000000 35.273674 22.545557 13.005329 6.767237 3.182322 1.356995 0.526893 0.187124 0.061063 0.018390 0.005133 0.001333 0.000323 0.000073 0.000016 0.000003 0.000001 0.000000 0.000000 0.000000 0.000000 0.000000 0.000000 0.000000 0.000000 0.000000 0.000000 0.000000 0.000000 0.000000 0.000000 0.000000 0.000000 0.000000 0.000000 0.000000 0.000000 0.000000 0.000000 0.000000 0.000000 0.000000 0.000000 0.000000 0.000000 0.000000 0.000000 0.000000 0.000000 
50.000000 35.273674 22.545557 13.005329 6.767237 3.182322 1.356995 0.526893 0.187125 0.061063 0.018390 0.005133 0.001333 0.000323 0.000073 0.000016 0.000003 0.000001 0.000000 0.000000 0.000000 0.000000 0.000000 0.000000 0.000000 0.000000 0.000000 0.000000 0.000000 0.000000 0.000000 0.000000 0.000000 0.000000 0.000000 0.000000 0.000000 0.000000 0.000000 0.000000 0.000000 0.000000 0.000000 0.000000 0.000000 0.000000 0.000000 0.000000 0.000000 0.000000 
50.000000 35.273674 22.545557 13.005329 6.767237 3.182322 1.356995 0.526893 0.187125 0.061063 0.018390 0.005133 0.001333 0.000323 0.000074 0.000016 0.000003 0.000001 0.000000 0.000000 0.000000 0.000000 0.000000 0.000000 0.000000 0.000000 0.000000 0.000000 0.000000 0.000000 0.000000 0.000000 0.000000 0.000000 0.000000 0.000000 0.000000 0.000000 0.000000 0.000000 0.000000 0.000000 0.000000 0.000000 0.000000 0.000000 0.000000 0.000000 0.000000 0.000000 
50.000000 35.273675 22.545557 13.005329 6.767237 3.182322 1.356996 0.526893 0.187125 0.061064 0.018391 0.005134 0.001334 0.000324 0.000074 0.000016 0.000004 0.000001 0.000001 0.000001 0.000001 0.000001 0.000001 0.000001 0.000001 0.000001 0.000001 0.000001 0.000001 0.000001 0.000001 0.000001 0.000001 0.000001 0.000001 0.000001 0.000001 0.000001 0.000001 0.000001 0.000001 0.000001 0.000001 0.000001 0.000001 0.000001 0.000000 0.000000 0.000000 0.000000 
50.000000 35.273675 22.545558 13.005331 6.767239 3.182325 1.356998 0.526896 0.187128 0.061066 0.018393 0.005136 0.001336 0.000326 0.000077 0.000019 0.000006 0.000004 0.000003 0.000003 0.000003 0.000003 0.000003 0.000003 0.000003 0.000003 0.000003 0.000003 0.000003 0.000003 0.000003 0.000003 0.000003 0.000003 0.000003 0.000003 0.000003 0.000003 0.000003 0.000003 0.000003 0.000003 0.000003 0.000003 0.000003 0.000003 0.000002 0.000002 0.000001 0.000000 
50.000000 35.273679 22.545565 13.005341 6.767250 3.182337 1.357010 0.526908 0.187140 0.061079 0.018406 0.005149 0.001349 0.000339 0.000089 0.000031 0.000019 0.000016 0.000016 0.000016 0.000016 0.000016 0.000016 0.000016 0.000016 0.000016 0.000016 0.000016 0.000016 0.000016 0.000016 0.000016 0.000016 0.000016 0.000016 0.000016 0.000016 0.000016 0.000016 0.000016 0.000016 0.000016 0.000016 0.000015 0.000015 0.000014 0.000012 0.000009 0.000005 0.000000 
50.000000 35.273696 22.545597 13.005384 6.767300 3.182391 1.357067 0.526965 0.187198 0.061136 0.018463 0.005206 0.001406 0.000397 0.000147 0.000089 0.000077 0.000074 0.000074 0.000073 0.000073 0.000073 0.000073 0.000073 0.000073 0.000073 0.000073 0.000073 0.000073 0.000073 0.000073 0.000073 0.000073 0.000073 0.000073 0.000073 0.000073 0.000073 0.000073 0.000073 0.000073 0.000073 0.000073 0.000072 0.000070 0.000065 0.000057 0.000043 0.000023 0.000000 
50.000000 35.273771 22.545736 13.005570 6.767517 3.182626 1.357310 0.527213 0.187447 0.061386 0.018713 0.005456 0.001656 0.000647 0.000397 0.000339 0.000326 0.000324 0.000323 0.000323 0.000323 0.000323 0.000323 0.000323 0.000323 0.000323 0.000323 0.000323 0.000323 0.000323 0.000323 0.000323 0.000323 0.000323 0.000323 0.000323 0.000323 0.000323 0.000323 0.000323 0.000323 0.000323 0.000321 0.000317 0.000308 0.000287 0.000249 0.000188 0.000102 0.000000 
50.000000 35.274071 22.546295 13.006322 6.768394 3.183573 1.358294 0.528212 0.188453 0.062395 0.019723 0.006466 0.002666 0.001656 0.001406 0.001349 0.001336 0.001334 0.001333 0.001333 0.001333 0.001333 0.001333 0.001333 0.001333 0.001333 0.001333 0.001333 0.001333 0.001333 0.001333 0.001333 0.001333 0.001333 0.001333 0.001333 0.001333 0.001333 0.001333 0.001333 0.001332 0.001330 0.001324 0.001308 0.001269 0.001187 0.001032 0.000778 0.000423 0.000000 
50.000000 35.275200 22.548396 13.009149 6.771692 3.187140 1.361995 0.531975 0.192240 0.066190 0.023521 0.010265 0.006466 0.005456 0.005206 0.005149 0.005136 0.005134 0.005133 0.005133 0.005133 0.005133 0.005133 0.005133 0.005133 0.005133 0.005133 0.005133 0.005133 0.005133 0.005133 0.005133 0.005133 0.005133 0.005133 0.005133 0.005133 0.005133 0.005133 0.005132 0.005130 0.005122 0.005099 0.005039 0.004893 0.004580 0.003988 0.003013 0.001639 0.000000 
50.000000 35.279132 22.555720 13.019004 6.783192 3.199578 1.374906 0.545099 0.205450 0.079432 0.036774 0.023521 0.019723 0.018713 0.018463 0.018406 0.018393 0.018391 0.018390 0.018390 0.018390 0.018390 0.018390 0.018390 0.018390 0.018390 0.018390 0.018390 0.018390 0.018390 0.018390 0.018390 0.018390 0.018390 0.018390 0.018390 0.018390 0.018390 0.018389 0.018387 0.018379 0.018353 0.018275 0.018065 0.017556 0.016454 0.014354 0.010871 0.005925 0.000000 
50.000000 35.291777 22.579273 13.050703 6.820190 3.239601 1.416459 0.587340 0.247971 0.122056 0.079432 0.066190 0.062395 0.061386 0.061136 0.061079 0.061066 0.061064 0.061063 0.061063 0.061063 0.061063 0.061063 0.061063 0.061063 0.061063 0.061063 0.061063 0.061063 0.061063 0.061063 0.061063 0.061063 0.061063 0.061063 0.061063 0.061063 0.061062 0.061061 0.061053 0.061028 0.060946 0.060700 0.060031 0.058397 0.054826 0.047946 0.036419 0.019901 0.000000 
50.000000 35.329090 22.648786 13.144278 6.929433 3.357800 1.539189 0.712118 0.373580 0.247971 0.205450 0.192240 0.188453 0.187447 0.187198 0.187140 0.187128 0.187125 0.187125 0.187125 0.187124 0.187124 0.187124 0.187124 0.187124 0.187124 0.187124 0.187124 0.187124 0.187124 0.187124 0.187124 0.187124 0.187124 0.187124 0.187124 0.187124 0.187123 0.187118 0.187097 0.187026 0.186790 0.186082 0.184143 0.179349 0.168752 0.148062 0.112919 0.061930 0.000000 
50.000000 35.429552 22.835973 13.396316 7.223733 3.676285 1.869929 1.048400 0.712118 0.587340 0.545099 0.531975 0.528212 0.527213 0.526965 0.526908 0.526896 0.526893 0.526893 0.526893 0.526893 0.526893 0.526893 0.526893 0.526893 0.526893 0.526893 0.526893 0.526893 0.526893 0.526893 0.526893 0.526893 0.526893 0.526893 0.526892 0.526892 0.526888 0.526875 0.526824 0.526641 0.526036 0.524200 0.519119 0.506392 0.477827 0.421091 0.322940 0.178047 0.000000 
50.000000 35.674754 23.292913 14.011683 7.942431 4.454181 2.677856 1.869929 1.539189 1.416459 1.374906 1.361995 1.358294 1.357310 1.357067 1.357010 1.356998 1.356996 1.356995 1.356995 1.356995 1.356995 1.356995 1.356995 1.356995 1.356995 1.356995 1.356995 1.356995 1.356995 1.356995 1.356995 1.356995 1.356995 1.356995 1.356995 1.356993 1.356986 1.356956 1.356841 1.356427 1.355046 1.350810 1.338928 1.308682 1.239472 1.098866 0.849455 0.472060 0.000000 
50.000000 36.213445 24.296907 15.364018 9.522145 6.164283 4.454181 3.676285 3.357800 3.239601 3.199578 3.187140 3.183573 3.182626 3.182391 3.182337 3.182325 3.182322 3.182322 3.182322 3.182322 3.182322 3.182322 3.182322 3.182322 3.182322 3.182322 3.182322 3.182322 3.182322 3.182322 3.182322 3.182322 3.182322 3.182322 3.182321 3.182318 3.182304 3.182247 3.182022 3.181204 3.178451 3.169893 3.145499 3.082141 2.933529 2.622415 2.051007 1.154227 0.000000 
50.000000 37.270564 26.267365 18.018566 12.623541 9.522145 7.942431 7.223733 6.929433 6.820190 6.783192 6.771692 6.768394 6.767517 6.767300 6.767250 6.767239 6.767237 6.767237 6.767237 6.767237 6.767237 6.767237 6.767237 6.767237 6.767237 6.767237 6.767237 6.767237 6.767237 6.767237 6.767237 6.767237 6.767236 6.767236 6.767235 6.767230 6.767207 6.767112 6.766738 6.765364 6.760681 6.745906 6.702959 6.588616 6.311771 5.708472 4.544395 2.612269 0.000000 
50.000000 39.108769 29.694102 22.635613 18.018566 15.364018 14.011683 13.396316 13.144278 13.050703 13.019004 13.009149 13.006322 13.005570 13.005384 13.005341 13.005331 13.005329 13.005329 13.005329 13.005329 13.005329 13.005329 13.005329 13.005329 13.005329 13.005329 13.005329 13.005329 13.005329 13.005329 13.005329 13.005329 13.005329 13.005329 13.005327 13.005320 13.005290 13.005161 13.004650 13.002757 12.996217 12.975224 12.912816 12.741602 12.310094 11.317806 9.262110 5.531540 0.000000 
50.000000 41.918458 34.932280 29.694102 26.267365 24.296907 23.292913 22.835973 22.648786 22.579273 22.555720 22.548396 22.546295 22.545736 22.545597 22.545565 22.545558 22.545557 22.545557 22.545557 22.545557 22.545557 22.545557 22.545557 22.545557 22.545557 22.545557 22.545557 22.545557 22.545557 22.545557 22.545557 22.545557 22.545557 22.545556 22.545555 22.545548 22.545516 22.545383 22.544850 22.542854 22.535867 22.513033 22.443458 22.245900 21.722970 20.431992 17.466140 11.223264 0.000000 
50.000000 45.665540 41.918458 39.108769 37.270564 36.213445 35.674754 35.429552 35.329090 35.291777 35.279132 35.275200 35.274071 35.273771 35.273696 35.273679 35.273675 35.273675 35.273674 35.273674 35.273674 35.273674 35.273674 35.273674 35.273674 35.273674 35.273674 35.273674 35.273674 35.273674 35.273674 35.273674 35.273674 35.273674 35.273674 35.273673 35.273669 35.273648 35.273560 35.273207 35.271876 35.267160 35.251504 35.202694 35.059218 34.658295 33.577229 30.695194 22.832770 0.000000 
50.000000 50.000000 50.000000 50.000000 50.000000 50.000000 50.000000 50.000000 50.000000 50.000000 50.000000 50.000000 50.000000 50.000000 50.000000 50.000000 50.000000 50.000000 50.000000 50.000000 50.000000 50.000000 50.000000 50.000000 50.000000 50.000000 50.000000 50.000000 50.000000 50.000000 50.000000 50.000000 50.000000 50.000000 50.000000 50.000000 50.000000 50.000000 50.000000 50.000000 50.000000 50.000000 50.000000 50.000000 50.000000 50.000000 50.000000 50.000000 50.000000 50.000000 
