50.000000 50.000000 50.000000 50.000000 50.000000 50.000000 50.000000 50.000000 50.000000 50.000000 50.000000 50.000000 50.000000 50.000000 50.000000 50.000000 50.000000 50.000000 50.000000 50.000000 50.000000 50.000000 50.000000 50.000000 50.000000 50.000000 50.000000 50.000000 50.000000 50.000000 50.000000 50.000000 50.000000 50.000000 50.000000 50.000000 50.000000 50.000000 50.000000 50.000000 50.000000 50.000000 50.000000 50.000000 50.000000 50.000000 50.000000 50.000000 50.000000 50.000000 
50.000000 48.668931 47.393466 46.222251 45.191458 44.321756 43.618099 43.071966 42.665183 42.374272 42.174419 42.042454 41.958651 41.907437 41.877300 41.860211 41.850867 41.845938 41.843428 41.842193 41.841605 41.841334 41.841213 41.841161 41.841139 41.841130 41.841126 41.841121 41.841114 41.841096 41.841053 41.840956 41.840737 41.840259 41.839242 41.837139 41.832898 41.824570 41.808604 41.778687 41.723749 41.624543 41.447504 41.133027 40.571122 39.545341 37.588391 33.565469 24.334465 0.000000 
50.000000 47.393466 44.895822 42.602325 40.583809 38.880749 37.502846 36.433412 35.636855 35.067202 34.675858 34.417451 34.253353 34.153071 34.094059 34.060597 34.042303 34.032652 34.027736 34.025317 34.024166 34.023636 34.023400 34.023298 34.023255 34.023237 34.023228 34.023220 34.023206 34.023172 34.023094 34.022913 34.022508 34.021624 34.019748 34.015873 34.008083 33.992828 33.963703 33.909414 33.810424 33.633410 33.321924 32.780131 31.843358 30.222743 27.400575 22.447911 13.827997 0.000000 
50.000000 46.222251 42.602325 39.278284 36.352793 33.884514 31.887502 30.337569 29.183128 28.357544 27.790384 27.415888 27.178073 27.032744 26.947224 26.898732 26.872221 26.858235 26.851112 26.847607 26.845939 26.845171 26.844829 26.844681 26.844619 26.844593 26.844580 26.844569 26.844550 26.844506 26.844402 26.844163 26.843629 26.842465 26.840001 26.834928 26.824769 26.804973 26.767407 26.697928 26.572533 26.351351 25.969362 25.322126 24.244206 22.478331 19.639142 15.201750 8.633861 0.000000 
50.000000 45.191458 40.583809 36.352793 32.629091 29.487368 26.945512 24.972731 23.503353 22.452559 21.730694 21.254054 20.951379 20.766416 20.657576 20.595862 20.562123 20.544325 20.535260 20.530799 20.528677 20.527700 20.527264 20.527076 20.526997 20.526964 20.526948 20.526935 20.526913 20.526864 20.526747 20.526481 20.525884 20.524590 20.521858 20.516256 20.505094 20.483473 20.442751 20.368144 20.235102 20.004051 19.613051 18.968159 17.932098 16.314545 13.874463 10.361066 5.646117 0.000000 
50.000000 44.321756 38.880749 33.884514 29.487368 25.777481 22.775972 20.446469 18.711418 17.470651 16.618292 16.055498 15.698120 15.479734 15.351228 15.278366 15.238532 15.217519 15.206818 15.201551 15.199046 15.197893 15.197379 15.197157 15.197064 15.197025 15.197007 15.196993 15.196971 15.196921 15.196804 15.196537 15.195944 15.194659 15.191958 15.186445 15.175523 15.154510 15.115261 15.044083 14.918758 14.704539 14.349210 13.777809 12.888740 11.555270 9.640308 7.037392 3.750634 0.000000 
50.000000 43.618099 37.502846 31.887502 26.945512 22.775972 19.402609 16.784537 14.834581 13.440151 12.482248 11.849778 11.448162 11.202748 11.058342 10.976466 10.931705 10.908095 10.896070 10.890153 10.887338 10.886042 10.885465 10.885216 10.885111 10.885068 10.885048 10.885034 10.885013 10.884967 10.884860 10.884616 10.884075 10.882908 10.880466 10.875506 10.865739 10.847082 10.812534 10.750527 10.642716 10.461233 10.165771 9.701304 8.998163 7.977354 6.565376 4.722714 2.485072 0.000000 
50.000000 43.071966 36.433412 30.337569 24.972731 20.446469 16.784537 13.942538 11.825828 10.312174 9.272387 8.585864 8.149934 7.883557 7.726819 7.637954 7.589373 7.563748 7.550698 7.544277 7.541222 7.539816 7.539189 7.538919 7.538805 7.538758 7.538738 7.538724 7.538706 7.538666 7.538575 7.538368 7.537910 7.536927 7.534878 7.530739 7.522638 7.507277 7.479072 7.428960 7.342868 7.199993 6.971269 6.618766 6.097259 5.359680 4.368207 3.111488 1.624462 0.000000 
50.000000 42.665183 35.636855 29.183128 23.503353 18.711418 14.834581 11.825828 9.584948 7.982523 6.881774 6.155012 5.693540 5.411561 5.245646 5.151580 5.100157 5.073034 5.059221 5.052425 5.049191 5.047703 5.047040 5.046754 5.046634 5.046585 5.046564 5.046551 5.046535 5.046504 5.046431 5.046266 5.045904 5.045127 5.043518 5.040285 5.033994 5.022149 5.000578 4.962620 4.898129 4.792474 4.625835 4.373347 4.006880 3.499303 2.831777 2.003445 1.040639 0.000000 
50.000000 42.374272 35.067202 28.357544 22.452559 17.470651 13.440151 10.312174 7.982523 6.316640 5.172316 4.416796 3.937071 3.643944 3.471473 3.373691 3.320239 3.292046 3.277688 3.270624 3.267263 3.265717 3.265028 3.264730 3.264605 3.264554 3.264533 3.264521 3.264509 3.264485 3.264430 3.264307 3.264036 3.263459 3.262268 3.259887 3.255282 3.246670 3.231109 3.203968 3.158320 3.084395 2.969306 2.797435 2.551893 2.217457 1.785011 1.256779 0.650523 0.000000 
50.000000 42.174419 34.675858 27.790384 21.730694 16.618292 12.482248 9.272387 6.881774 5.172316 3.998073 3.222810 2.730556 2.429777 2.252808 2.152477 2.097632 2.068705 2.053974 2.046726 2.043279 2.041692 2.040985 2.040680 2.040552 2.040500 2.040478 2.040467 2.040458 2.040440 2.040401 2.040314 2.040122 2.039716 2.038881 2.037221 2.034028 2.028095 2.017451 1.999037 1.968348 1.919154 1.843428 1.731721 1.574209 1.362550 1.092455 0.766444 0.395732 0.000000 
50.000000 42.042454 34.417451 27.415888 21.254054 16.055498 11.849778 8.585864 6.155012 4.416796 3.222810 2.434520 1.934000 1.628175 1.448238 1.346227 1.290464 1.261053 1.246076 1.238707 1.235202 1.233589 1.232870 1.232560 1.232430 1.232377 1.232355 1.232345 1.232338 1.232325 1.232299 1.232240 1.232112 1.231840 1.231284 1.230184 1.228079 1.224190 1.217260 1.205359 1.185687 1.154434 1.106792 1.037244 0.940238 0.811302 0.648482 0.453748 0.233850 0.000000 
50.000000 41.958651 34.253353 27.178073 20.951379 15.698120 11.448162 8.149934 5.693540 3.937071 2.730556 1.934000 1.428236 1.119210 0.937391 0.834314 0.777969 0.748252 0.733119 0.725673 0.722132 0.720502 0.719776 0.719462 0.719331 0.719278 0.719256 0.719247 0.719241 0.719233 0.719215 0.719178 0.719095 0.718922 0.718569 0.717874 0.716550 0.714118 0.709810 0.702461 0.690401 0.671392 0.642657 0.601080 0.543611 0.467906 0.373100 0.260526 0.134081 0.000000 
50.000000 41.907437 34.153071 27.032744 20.766416 15.479734 11.202748 7.883557 5.411561 3.643944 2.429777 1.628175 1.119210 0.808229 0.625262 0.521535 0.464835 0.434931 0.419703 0.412211 0.408647 0.407007 0.406276 0.405961 0.405829 0.405775 0.405754 0.405745 0.405740 0.405734 0.405724 0.405700 0.405650 0.405545 0.405331 0.404911 0.404115 0.402660 0.400096 0.395749 0.388662 0.377567 0.360919 0.337009 0.304211 0.261322 0.207974 0.144989 0.074539 0.000000 
50.000000 41.877300 34.094059 26.947224 20.657576 15.351228 11.058342 7.726819 5.245646 3.471473 2.252808 1.448238 0.937391 0.625262 0.441621 0.337512 0.280603 0.250589 0.235305 0.227786 0.224209 0.222563 0.221829 0.221513 0.221380 0.221326 0.221305 0.221297 0.221292 0.221289 0.221282 0.221269 0.221239 0.221178 0.221053 0.220810 0.220352 0.219517 0.218054 0.215586 0.211586 0.205362 0.196080 0.182835 0.164783 0.141320 0.112296 0.078186 0.040161 0.000000 
50.000000 41.860211 34.060597 26.898732 20.595862 15.278366 10.976466 7.637954 5.151580 3.373691 2.152477 1.346227 0.834314 0.521535 0.337512 0.233186 0.176160 0.146084 0.130768 0.123233 0.119649 0.117999 0.117265 0.116947 0.116815 0.116761 0.116739 0.116731 0.116727 0.116725 0.116721 0.116713 0.116697 0.116662 0.116593 0.116458 0.116205 0.115745 0.114943 0.113596 0.111424 0.108062 0.103076 0.096001 0.086408 0.074005 0.058731 0.040849 0.020968 0.000000 
50.000000 41.850867 34.042303 26.872221 20.562123 15.238532 10.931705 7.589373 5.100157 3.320239 2.097632 1.290464 0.777969 0.464836 0.280603 0.176160 0.119069 0.088959 0.073627 0.066083 0.062495 0.060843 0.060108 0.059790 0.059657 0.059603 0.059582 0.059574 0.059570 0.059569 0.059566 0.059562 0.059553 0.059535 0.059498 0.059426 0.059291 0.059047 0.058624 0.057916 0.056780 0.055030 0.052446 0.048797 0.043873 0.037533 0.029756 0.020678 0.010608 0.000000 
50.000000 41.845938 34.032652 26.858235 20.544325 15.217519 10.908095 7.563748 5.073034 3.292046 2.068705 1.261053 0.748252 0.434931 0.250589 0.146084 0.088959 0.058831 0.043490 0.035941 0.032351 0.030699 0.029963 0.029645 0.029512 0.029458 0.029437 0.029429 0.029425 0.029424 0.029423 0.029420 0.029416 0.029406 0.029387 0.029350 0.029281 0.029157 0.028942 0.028583 0.028010 0.027131 0.025838 0.024020 0.021576 0.018440 0.014607 0.010143 0.005201 0.000000 
50.000000 41.843428 34.027736 26.851112 20.535260 15.206818 10.896070 7.550698 5.059221 3.277688 2.053974 1.246076 0.733119 0.419703 0.235305 0.130768 0.073627 0.043490 0.028143 0.020593 0.017001 0.015349 0.014612 0.014295 0.014162 0.014108 0.014086 0.014078 0.014075 0.014074 0.014073 0.014072 0.014069 0.014065 0.014055 0.014037 0.014003 0.013942 0.013836 0.013661 0.013382 0.012955 0.012330 0.011454 0.010280 0.008779 0.006949 0.004823 0.002472 0.000000 
50.000000 41.842193 34.025317 26.847607 20.530799 15.201552 10.890153 7.544277 5.052425 3.270624 2.046727 1.238707 0.725674 0.412211 0.227786 0.123233 0.066083 0.035942 0.020593 0.013042 0.009450 0.007797 0.007060 0.006742 0.006609 0.006555 0.006534 0.006526 0.006523 0.006522 0.006521 0.006520 0.006519 0.006517 0.006512 0.006504 0.006487 0.006458 0.006408 0.006326 0.006194 0.005994 0.005702 0.005293 0.004748 0.004052 0.003205 0.002223 0.001139 0.000000 
50.000000 41.841605 34.024166 26.845939 20.528677 15.199046 10.887339 7.541222 5.049192 3.267264 2.043279 1.235202 0.722132 0.408647 0.224209 0.119649 0.062495 0.032352 0.017002 0.009450 0.005858 0.004205 0.003468 0.003150 0.003017 0.002963 0.002942 0.002934 0.002931 0.002930 0.002929 0.002929 0.002928 0.002927 0.002925 0.002921 0.002914 0.002900 0.002877 0.002840 0.002780 0.002689 0.002557 0.002372 0.002126 0.001814 0.001434 0.000994 0.000509 0.000000 
50.000000 41.841334 34.023637 26.845172 20.527701 15.197894 10.886044 7.539817 5.047705 3.265718 2.041693 1.233590 0.720503 0.407008 0.222564 0.118001 0.060845 0.030700 0.015350 0.007798 0.004206 0.002553 0.001816 0.001498 0.001365 0.001311 0.001290 0.001282 0.001279 0.001278 0.001277 0.001277 0.001277 0.001276 0.001275 0.001273 0.001270 0.001264 0.001254 0.001237 0.001211 0.001171 0.001113 0.001032 0.000925 0.000788 0.000623 0.000432 0.000221 0.000000 
50.000000 41.841214 34.023402 26.844831 20.527267 15.197382 10.885469 7.539193 5.047045 3.265032 2.040989 1.232874 0.719780 0.406281 0.221834 0.117269 0.060112 0.029967 0.014617 0.007065 0.003472 0.001819 0.001083 0.000765 0.000632 0.000578 0.000556 0.000548 0.000545 0.000544 0.000544 0.000544 0.000543 0.000543 0.000543 0.000542 0.000541 0.000538 0.000534 0.000526 0.000515 0.000498 0.000473 0.000438 0.000393 0.000335 0.000264 0.000183 0.000094 0.000000 
50.000000 41.841164 34.023302 26.844687 20.527084 15.197166 10.885226 7.538930 5.046766 3.264742 2.040692 1.232572 0.719475 0.405973 0.221525 0.116960 0.059803 0.029658 0.014307 0.006755 0.003163 0.001509 0.000773 0.000455 0.000322 0.000268 0.000247 0.000239 0.000236 0.000234 0.000234 0.000234 0.000234 0.000234 0.000234 0.000233 0.000233 0.000231 0.000229 0.000226 0.000221 0.000214 0.000203 0.000188 0.000169 0.000144 0.000113 0.000079 0.000040 0.000000 
50.000000 41.841145 34.023267 26.844635 20.527018 15.197088 10.885138 7.538835 5.046665 3.264638 2.040585 1.232463 0.719365 0.405863 0.221414 0.116849 0.059691 0.029546 0.014196 0.006643 0.003051 0.001398 0.000661 0.000343 0.000210 0.000156 0.000135 0.000127 0.000124 0.000123 0.000122 0.000122 0.000122 0.000122 0.000122 0.000122 0.000121 0.000121 0.000120 0.000118 0.000116 0.000112 0.000106 0.000098 0.000088 0.000075 0.000059 0.000041 0.000021 0.000000 
50.000000 41.841145 34.023267 26.844635 20.527018 15.197088 10.885138 7.538835 5.046665 3.264638 2.040585 1.232463 0.719365 0.405863 0.221414 0.116849 0.059691 0.029546 0.014196 0.006643 0.003051 0.001398 0.000661 0.000343 0.000210 0.000156 0.000135 0.000127 0.000124 0.000123 0.000122 0.000122 0.000122 0.000122 0.000122 0.000122 0.000121 0.000121 0.000120 0.000118 0.000116 0.000112 0.000106 0.000098 0.000088 0.000075 0.000059 0.000041 0.000021 0.000000 
50.000000 41.841164 34.023302 26.844687 20.527084 15.197166 10.885226 7.538930 5.046766 3.264742 2.040692 1.232572 0.719475 0.405973 0.221525 0.116960 0.059803 0.029658 0.014307 0.006755 0.003163 0.001509 0.000773 0.000455 0.000322 0.000268 0.000247 0.000239 0.000236 0.000234 0.000234 0.000234 0.000234 0.000234 0.000234 0.000233 0.000233 0.000231 0.000229 0.000226 0.000221 0.000214 0.000203 0.000188 0.000169 0.000144 0.000113 0.000079 0.000040 0.000000 
50.000000 41.841214 34.023402 26.844831 20.527267 15.197382 10.885469 7.539193 5.047045 3.265032 2.040989 1.232874 0.719780 0.406281 0.221834 0.117269 0.060112 0.029967 0.014617 0.007065 0.003472 0.001819 0.001083 0.000765 0.000632 0.000578 0.000556 0.000548 0.000545 0.000544 0.000544 0.000544 0.000543 0.000543 0.000543 0.000542 0.000541 0.000538 0.000534 0.000526 0.000515 0.000498 0.000473 0.000438 0.000393 0.000335 0.000264 0.000183 0.000094 0.000000 
50.000000 41.841334 34.023637 26.845172 20.527701 15.197894 10.886044 7.539817 5.047705 3.265718 2.041693 1.233590 0.720503 0.407008 0.222564 0.118001 0.060845 0.030700 0.015350 0.007798 0.004206 0.002553 0.001816 0.001498 0.001365 0.001311 0.001290 0.001282 0.001279 0.001278 0.001277 0.001277 0.001277 0.001276 0.001275 0.001273 0.001270 0.001264 0.001254 0.001237 0.001211 0.001171 0.001113 0.001032 0.000925 0.000788 0.000623 0.000432 0.000221 0.000000 
50.000000 41.841605 34.024166 26.845939 20.528677 15.199046 10.887339 7.541222 5.049192 3.267264 2.043279 1.235202 0.722132 0.408647 0.224209 0.119649 0.062495 0.032352 0.017002 0.009450 0.005858 0.004205 0.003468 0.003150 0.003017 0.002963 0.002942 0.002934 0.002931 0.002930 0.002929 0.002929 0.002928 0.002927 0.002925 0.002921 0.002914 0.002900 0.002877 0.002840 0.002780 0.002689 0.002557 0.002372 0.002126 0.001814 0.001434 0.000994 0.000509 0.000000 
50.000000 41.842193 34.025317 26.847607 20.530799 15.201552 10.890153 7.544277 5.052425 3.270624 2.046727 1.238707 0.725674 0.412211 0.227786 0.123233 0.066083 0.035942 0.020593 0.013042 0.009450 0.007797 0.007060 0.006742 0.006609 0.006555 0.006534 0.006526 0.006523 0.006522 0.006521 0.006520 0.006519 0.006517 0.006512 0.006504 0.006487 0.006458 0.006408 0.006326 0.006194 0.005994 0.005702 0.005293 0.004748 0.004052 0.003205 0.002223 0.001139 0.000000 
50.000000 41.843428 34.027736 26.851112 20.535260 15.206818 10.896070 7.550698 5.059221 3.277688 2.053974 1.246076 0.733119 0.419703 0.235305 0.130768 0.073627 0.043490 0.028143 0.020593 0.017001 0.015349 0.014612 0.014295 0.014162 0.014108 0.014086 0.014078 0.014075 0.014074 0.014073 0.014072 0.014069 0.014065 0.014055 0.014037 0.014003 0.013942 0.013836 0.013661 0.013382 0.012955 0.012330 0.011454 0.010280 0.008779 0.006949 0.004823 0.002472 0.000000 
50.000000 41.845938 34.032652 26.858235 20.544325 15.217519 10.908095 7.563748 5.073034 3.292046 2.068705 1.261053 0.748252 0.434931 0.250589 0.146084 0.088959 0.058831 0.043490 0.035941 0.032351 0.030699 0.029963 0.029645 0.029512 0.029458 0.029437 0.029429 0.029425 0.029424 0.029423 0.029420 0.029416 0.029406 0.029387 0.029350 0.029281 0.029157 0.028942 0.028583 0.028010 0.027131 0.025838 0.024020 0.021576 0.018440 0.014607 0.010143 0.005201 0.000000 
50.000000 41.850867 34.042303 26.872221 20.562123 15.238532 10.931705 7.589373 5.100157 3.320239 2.097632 1.290464 0.777969 0.464836 0.280603 0.176160 0.119069 0.088959 0.073627 0.066083 0.062495 0.060843 0.060108 0.059790 0.059657 0.059603 0.059582 0.059574 0.059570 0.059569 0.059566 0.059562 0.059553 0.059535 0.059498 0.059426 0.059291 0.059047 0.058624 0.057916 0.056780 0.055030 0.052446 0.048797 0.043873 0.037533 0.029756 0.020678 0.010608 0.000000 
50.000000 41.860211 34.060597 26.898732 20.595862 15.278366 10.976466 7.637954 5.151580 3.373691 2.152477 1.346227 0.834314 0.521535 0.337512 0.233186 0.176160 0.146084 0.130768 0.123233 0.119649 0.117999 0.117265 0.116947 0.116815 0.116761 0.116739 0.116731 0.116727 0.116725 0.116721 0.116713 0.116697 0.116662 0.116593 0.116458 0.116205 0.115745 0.114943 0.113596 0.111424 0.108062 0.103076 0.096001 0.086408 0.074005 0.058731 0.040849 0.020968 0.000000 
50.000000 41.877300 34.094059 26.947224 20.657576 15.351228 11.058342 7.726819 5.245646 3.471473 2.252808 1.448238 0.937391 0.625262 0.441621 0.337512 0.280603 0.250589 0.235305 0.227786 0.224209 0.222563 0.221829 0.221513 0.221380 0.221326 0.221305 0.221297 0.221292 0.221289 0.221282 0.221269 0.221239 0.221178 0.221053 0.220810 0.220352 0.219517 0.218054 0.215586 0.211586 0.205362 0.196080 0.182835 0.164783 0.141320 0.112296 0.078186 0.040161 0.000000 
50.000000 41.907437 34.153071 27.032744 20.766416 15.479734 11.202748 7.883557 5.411561 3.643944 2.429777 1.628175 1.119210 0.808229 0.625262 0.521535 0.464835 0.434931 0.419703 0.412211 0.408647 0.407007 0.406276 0.405961 0.405829 0.405775 0.405754 0.405745 0.405740 0.405734 0.405724 0.405700 0.405650 0.405545 0.405331 0.404911 0.404115 0.402660 0.400096 0.395749 0.388662 0.377567 0.360919 0.337009 0.304211 0.261322 0.207974 0.144989 0.074539 0.000000 
50.000000 41.958651 34.253353 27.178073 20.951379 15.698120 11.448162 8.149934 5.693540 3.937071 2.730556 1.934000 1.428236 1.119210 0.937391 0.834314 0.777969 0.748252 0.733119 0.725673 0.722132 0.720502 0.719776 0.719462 0.719331 0.719278 0.719256 0.719247 0.719241 0.719233 0.719215 0.719178 0.719095 0.718922 0.718569 0.717874 0.716550 0.714118 0.709810 0.702461 0.690401 0.671392 0.642657 0.601080 0.543611 0.467906 0.373100 0.260526 0.134081 0.000000 
50.000000 42.042454 34.417451 27.415888 21.254054 16.055498 11.849778 8.585864 6.155012 4.416796 3.222810 2.434520 1.934000 1.628175 1.448238 1.346227 1.290464 1.261053 1.246076 1.238707 1.235202 1.233589 1.232870 1.232560 1.232430 1.232377 1.232355 1.232345 1.232338 1.232325 1.232299 1.232240 1.232112 1.231840 1.231284 1.230184 1.228079 1.224190 1.217260 1.205359 1.185687 1.154434 1.106792 1.037244 0.940238 0.811302 0.648482 0.453748 0.233850 0.000000 
50.000000 42.174419 34.675858 27.790384 21.730694 16.618292 12.482248 9.272387 6.881774 5.172316 3.998073 3.222810 2.730556 2.429777 2.252808 2.152477 2.097632 2.068705 2.053974 2.046726 2.043279 2.041692 2.040985 2.040680 2.040552 2.040500 2.040478 2.040467 2.040458 2.040440 2.040401 2.040314 2.040122 2.039716 2.038881 2.037221 2.034028 2.028095 2.017451 1.999037 1.968348 1.919154 1.843428 1.731721 1.574209 1.362550 1.092455 0.766444 0.395732 0.000000 
50.000000 42.374272 35.067202 28.357544 22.452559 17.470651 13.440151 10.312174 7.982523 6.316640 5.172316 4.416796 3.937071 3.643944 3.471473 3.373691 3.320239 3.292046 3.277688 3.270624 3.267263 3.265717 3.265028 3.264730 3.264605 3.264554 3.264533 3.264521 3.264509 3.264485 3.264430 3.264307 3.264036 3.263459 3.262268 3.259887 3.255282 3.246670 3.231109 3.203968 3.158320 3.084395 2.969306 2.797435 2.551893 2.217457 1.785011 1.256779 0.650523 0.000000 
50.000000 42.665183 35.636855 29.183128 23.503353 18.711418 14.834581 11.825828 9.584948 7.982523 6.881774 6.155012 5.693540 5.411561 5.245646 5.151580 5.100157 5.073034 5.059221 5.052425 5.049191 5.047703 5.047040 5.046754 5.046634 5.046585 5.046564 5.046551 5.046535 5.046504 5.046431 5.046266 5.045904 5.045127 5.043518 5.040285 5.033994 5.022149 5.000578 4.962620 4.898129 4.792474 4.625835 4.373347 4.006880 3.499303 2.831777 2.003445 1.040639 0.000000 
50.000000 43.071966 36.433412 30.337569 24.972731 20.446469 16.784537 13.942538 11.825828 10.312174 9.272387 8.585864 8.149934 7.883557 7.726819 7.637954 7.589373 7.563748 7.550698 7.544277 7.541222 7.539816 7.539189 7.538919 7.538805 7.538758 7.538738 7.538724 7.538706 7.538666 7.538575 7.538368 7.537910 7.536927 7.534878 7.530739 7.522638 7.507277 7.479072 7.428960 7.342868 7.199993 6.971269 6.618766 6.097259 5.359680 4.368207 3.111488 1.624462 0.000000 
50.000000 43.618099 37.502846 31.887502 26.945512 22.775972 19.402609 16.784537 14.834581 13.440151 12.482248 11.849778 11.448162 11.202748 11.058342 10.976466 10.931705 10.908095 10.896070 10.890153 10.887338 10.886042 10.885465 10.885216 10.885111 10.885068 10.885048 10.885034 10.885013 10.884967 10.884860 10.884616 10.884075 10.882908 10.880466 10.875506 10.865739 10.847082 10.812534 10.750527 10.642716 10.461233 10.165771 9.701304 8.998163 7.977354 6.565376 4.722714 2.485072 0.000000 
50.000000 44.321756 38.880749 33.884514 29.487368 25.777481 22.775972 20.446469 18.711418 17.470651 16.618292 16.055498 15.698120 15.479734 15.351228 15.278366 15.238532 15.217519 15.206818 15.201551 15.199046 15.197893 15.197379 15.197157 15.197064 15.197025 15.197007 15.196993 15.196971 15.196921 15.196804 15.196537 15.195944 15.194659 15.191958 15.186445 15.175523 15.154510 15.115261 15.044083 14.918758 14.704539 14.349210 13.777809 12.888740 11.555270 9.640308 7.037392 3.750634 0.000000 
50.000000 45.191458 40.583809 36.352793 32.629091 29.487368 26.945512 24.972731 23.503353 22.452559 21.730694 21.254054 20.951379 20.766416 20.657576 20.595862 20.562123 20.544325 20.535260 20.530799 20.528677 20.527700 20.527264 20.527076 20.526997 20.526964 20.526948 20.526935 20.526913 20.526864 20.526747 20.526481 20.525884 20.524590 20.521858 20.516256 20.505094 20.483473 20.442751 20.368144 20.235102 20.004051 19.613051 18.968159 17.932098 16.314545 13.874463 10.361066 5.646117 0.000000 
50.000000 46.222251 42.602325 39.278284 36.352793 33.884514 31.887502 30.337569 29.183128 28.357544 27.790384 27.415888 27.178073 27.032744 26.947224 26.898732 26.872221 26.858235 26.851112 26.847607 26.845939 26.845171 26.844829 26.844681 26.844619 26.844593 26.844580 26.844569 26.844550 26.844506 26.844402 26.844163 26.843629 26.842465 26.840001 26.834928 26.824769 26.804973 26.767407 26.697928 26.572533 26.351351 25.969362 25.322126 24.244206 22.478331 19.639142 15.201750 8.633861 0.000000 
50.000000 47.393466 44.895822 42.602325 40.583809 38.880749 37.502846 36.433412 35.636855 35.067202 34.675858 34.417451 34.253353 34.153071 34.094059 34.060597 34.042303 34.032652 34.027736 34.025317 34.024166 34.023636 34.023400 34.023298 34.023255 34.023237 34.023228 34.023220 34.023206 34.023172 34.023094 34.022913 34.022508 34.021624 34.019748 34.015873 34.008083 33.992828 33.963703 33.909414 33.810424 33.633410 33.321924 32.780131 31.843358 30.222743 27.400575 22.447911 13.827997 0.000000 
50.000000 48.668931 47.393466 46.222251 45.191458 44.321756 43.618099 43.071966 42.665183 42.374272 42.174419 42.042454 41.958651 41.907437 41.877300 41.860211 41.850867 41.845938 41.843428 41.842193 41.841605 41.841334 41.841213 41.841161 41.841139 41.841130 41.841126 41.841121 41.841114 41.841096 41.841053 41.840956 41.840737 41.840259 41.839242 41.837139 41.832898 41.824570 41.808604 41.778687 41.723749 41.624543 41.447504 41.133027 40.571122 39.545341 37.588391 33.565469 24.334465 0.000000 
50.000000 50.000000 50.000000 50.000000 50.000000 50.000000 50.000000 50.000000 50.000000 50.000000 50.000000 50.000000 50.000000 50.000000 50.000000 50.000000 50.000000 50.000000 50.000000 50.000000 50.000000 50.000000 50.000000 50.000000 50.000000 50.000000 50.000000 50.000000 50.000000 50.000000 50.000000 50.000000 50.000000 50.000000 50.000000 50.000000 50.000000 50.000000 50.000000 50.000000 50.000000 50.000000 50.000000 50.000000 50.000000 50.000000 50.000000 50.000000 50.000000 50.000000 
