50.000000 50.000000 50.000000 50.000000 50.000000 50.000000 50.000000 50.000000 50.000000 50.000000 50.000000 50.000000 50.000000 50.000000 50.000000 50.000000 50.000000 50.000000 50.000000 50.000000 50.000000 50.000000 50.000000 50.000000 50.000000 50.000000 50.000000 50.000000 50.000000 50.000000 50.000000 50.000000 50.000000 50.000000 50.000000 50.000000 50.000000 50.000000 50.000000 50.000000 50.000000 50.000000 50.000000 50.000000 50.000000 50.000000 50.000000 50.000000 50.000000 50.000000 
50.000000 48.789396 47.624793 46.546953 45.587153 44.764664 44.086246 43.547479 43.135404 42.831750 42.616084 42.468386 42.370809 42.308590 42.270280 42.247490 42.234384 42.227095 42.223172 42.221127 42.220095 42.219590 42.219350 42.219239 42.219189 42.219166 42.219155 42.219144 42.219127 42.219091 42.219011 42.218837 42.218467 42.217701 42.216155 42.213107 42.207246 42.196226 42.175955 42.139396 42.074589 41.961262 41.764777 41.424547 40.829845 39.763923 37.759771 33.683534 24.394698 0.000000 
50.000000 47.624793 45.339842 43.225120 41.341997 39.728281 38.397235 37.340187 36.531708 35.935950 35.512822 35.223049 35.031608 34.909540 34.834380 34.789668 34.763957 34.749656 34.741959 34.737948 34.735923 34.734931 34.734461 34.734243 34.734146 34.734102 34.734079 34.734059 34.734027 34.733959 34.733809 34.733485 34.732796 34.731371 34.728498 34.722849 34.712009 34.691695 34.654474 34.587696 34.470147 34.266580 33.918529 33.328308 32.329863 30.633767 27.722840 22.669921 13.941260 0.000000 
50.000000 46.546953 43.225120 40.150772 37.413125 35.067146 33.132112 31.595418 30.420091 29.554013 28.938899 28.517650 28.239353 28.061903 27.952644 27.887649 27.850274 27.829487 27.818298 27.812468 27.809524 27.808083 27.807399 27.807083 27.806941 27.806877 27.806844 27.806817 27.806774 27.806683 27.806482 27.806048 27.805130 27.803234 27.799421 27.791947 27.777660 27.751015 27.702489 27.616105 27.465587 27.208460 26.776975 26.064182 24.902779 23.034727 20.075386 15.502280 8.787182 0.000000 
50.000000 45.587153 41.341997 37.413125 33.914552 30.916527 28.443681 26.479899 24.977931 23.871166 23.085119 22.546814 22.191189 21.964436 21.824822 21.741771 21.694014 21.667452 21.653156 21.645706 21.641945 21.640104 21.639230 21.638827 21.638645 21.638564 21.638523 21.638491 21.638441 21.638337 21.638109 21.637616 21.636576 21.634436 21.630146 21.621770 21.605840 21.576307 21.522926 21.428790 21.266728 20.994154 20.545978 19.825357 18.692860 16.957276 14.378398 10.708229 5.823230 0.000000 
50.000000 44.764664 39.728281 35.067146 30.916527 27.359763 24.426077 22.096344 20.314500 19.001516 18.069018 17.430429 17.008558 16.739570 16.573955 16.475437 16.418787 16.387281 16.370324 16.361487 16.357026 16.354842 16.353805 16.353327 16.353113 16.353017 16.352969 16.352934 16.352882 16.352775 16.352543 16.352041 16.350986 16.348821 16.344500 16.336103 16.320222 16.290982 16.238568 16.147082 15.991578 15.734178 15.319391 14.669238 13.679882 12.223667 10.164367 7.398418 3.934819 0.000000 
50.000000 44.086246 38.397235 33.132112 28.443681 24.426077 21.112306 18.480758 16.468099 14.985052 13.931788 13.210506 12.734013 12.430203 12.243150 12.131883 12.067903 12.032321 12.013171 12.003191 11.998153 11.995687 11.994516 11.993977 11.993735 11.993627 11.993575 11.993538 11.993488 11.993387 11.993169 11.992700 11.991716 11.989706 11.985710 11.977985 11.963462 11.936916 11.889743 11.808262 11.671511 11.448620 11.096139 10.556153 9.756839 8.618323 7.067930 5.068927 2.661699 0.000000 
50.000000 43.547479 37.340187 31.595418 26.479899 22.096344 18.480758 15.609559 13.413633 11.795563 10.646420 9.859492 9.339639 9.008189 8.804122 8.682737 8.612940 8.574124 8.553233 8.542347 8.536851 8.534162 8.532885 8.532296 8.532032 8.531915 8.531860 8.531824 8.531779 8.531690 8.531499 8.531090 8.530236 8.528496 8.525056 8.518439 8.506079 8.483649 8.444134 8.376575 8.264557 8.084585 7.804779 7.384619 6.776953 5.933921 4.818443 3.421658 1.782702 0.000000 
50.000000 43.135404 36.531708 30.420091 24.977931 20.314500 16.468099 13.413633 11.077566 9.356252 8.133802 7.296685 6.743686 6.391108 6.174037 6.044919 5.970677 5.929389 5.907169 5.895590 5.889745 5.886884 5.885527 5.884901 5.884620 5.884497 5.884440 5.884405 5.884366 5.884292 5.884135 5.883800 5.883102 5.881689 5.878905 5.873581 5.863697 5.845889 5.814777 5.762099 5.675735 5.538783 5.329048 5.019480 4.580322 3.983777 3.211631 2.265129 1.174143 0.000000 
50.000000 42.831750 35.935950 29.554013 23.871166 19.001516 14.985052 11.795563 9.356252 7.558884 6.282435 5.408352 4.830942 4.462805 4.236158 4.101347 4.023833 3.980726 3.957528 3.945439 3.939337 3.936350 3.934933 3.934280 3.933987 3.933859 3.933801 3.933768 3.933735 3.933677 3.933554 3.933295 3.932757 3.931671 3.929541 3.925491 3.918016 3.904641 3.881459 3.842561 3.779442 3.680518 3.531006 3.313542 3.009938 2.604438 2.088425 1.465803 0.757161 0.000000 
50.000000 42.616084 35.512822 28.938899 23.085119 18.069018 13.931788 10.646420 8.133802 6.282435 4.967652 4.067328 3.472591 3.093411 2.859970 2.721119 2.641283 2.596886 2.572994 2.560544 2.554259 2.551184 2.549724 2.549051 2.548750 2.548618 2.548560 2.548529 2.548502 2.548458 2.548367 2.548177 2.547782 2.546990 2.545443 2.542515 2.537143 2.527595 2.511165 2.483826 2.439875 2.371703 2.269844 2.123526 1.921936 1.656328 1.322794 0.925126 0.476687 0.000000 
50.000000 42.468386 35.223049 28.517650 22.546814 17.430429 13.210506 9.859492 7.296685 5.408352 4.067328 3.149044 2.542449 2.155713 1.917623 1.776008 1.694584 1.649305 1.624938 1.612241 1.605832 1.602695 1.601207 1.600521 1.600214 1.600080 1.600021 1.599993 1.599971 1.599938 1.599874 1.599740 1.599465 1.598914 1.597843 1.595825 1.592143 1.585639 1.574522 1.556163 1.526894 1.481908 1.415357 1.320763 1.191861 1.023888 0.815161 0.568574 0.292431 0.000000 
50.000000 42.370809 35.031608 28.239353 22.191189 17.008558 12.734013 9.339639 6.743686 4.830942 3.472591 2.542449 1.928025 1.536301 1.295143 1.151704 1.069233 1.023372 0.998692 0.985832 0.979340 0.976164 0.974656 0.973962 0.973651 0.973515 0.973457 0.973430 0.973412 0.973389 0.973345 0.973255 0.973072 0.972705 0.971996 0.970667 0.968253 0.964012 0.956810 0.944996 0.926301 0.897798 0.855990 0.797097 0.717576 0.614882 0.488338 0.339913 0.174583 0.000000 
50.000000 42.308590 34.909540 28.061903 21.964436 16.739570 12.430203 9.008189 6.391108 4.462805 3.093411 2.155713 1.536301 1.141401 0.898288 0.753688 0.670550 0.624318 0.599439 0.586475 0.579931 0.576729 0.575209 0.574509 0.574196 0.574060 0.574001 0.573975 0.573960 0.573944 0.573916 0.573858 0.573741 0.573507 0.573058 0.572218 0.570701 0.568048 0.563570 0.556268 0.544789 0.527411 0.502110 0.466741 0.419348 0.358596 0.284243 0.197531 0.101344 0.000000 
50.000000 42.270280 34.834380 27.952644 21.824822 16.573955 12.243150 8.804122 6.174037 4.236158 2.859970 1.917623 1.295143 0.898288 0.653973 0.508659 0.425111 0.378651 0.353649 0.340622 0.334046 0.330828 0.329301 0.328598 0.328283 0.328146 0.328088 0.328063 0.328050 0.328038 0.328020 0.327985 0.327912 0.327770 0.327496 0.326987 0.326070 0.324476 0.321797 0.317455 0.310668 0.300456 0.285683 0.265166 0.237851 0.203052 0.160698 0.111530 0.057173 0.000000 
50.000000 42.247490 34.789668 27.887649 21.741771 16.475437 12.131883 8.682737 6.044919 4.101347 2.721119 1.776008 1.151704 0.753688 0.508659 0.362921 0.279129 0.232534 0.207460 0.194395 0.187799 0.184572 0.183041 0.182335 0.182020 0.181883 0.181824 0.181800 0.181788 0.181780 0.181769 0.181747 0.181705 0.181621 0.181460 0.181163 0.180631 0.179708 0.178165 0.175676 0.171805 0.166014 0.157681 0.146174 0.130937 0.111625 0.088228 0.061170 0.031335 0.000000 
50.000000 42.234384 34.763957 27.850274 21.694014 16.418787 12.067903 8.612940 5.970677 4.023833 2.641283 1.694584 1.069233 0.670550 0.425111 0.279129 0.195197 0.148525 0.123409 0.110322 0.103716 0.100483 0.098949 0.098243 0.097927 0.097789 0.097731 0.097707 0.097696 0.097690 0.097683 0.097670 0.097646 0.097599 0.097508 0.097341 0.097043 0.096528 0.095671 0.094294 0.092162 0.088988 0.084444 0.078198 0.069966 0.059578 0.047040 0.032586 0.016683 0.000000 
50.000000 42.227095 34.749656 27.829487 21.667452 16.387281 12.032321 8.574124 5.929389 3.980726 2.596886 1.649305 1.023372 0.624318 0.378651 0.232534 0.148525 0.101809 0.076670 0.063571 0.056959 0.053723 0.052188 0.051481 0.051164 0.051027 0.050969 0.050945 0.050935 0.050929 0.050925 0.050918 0.050905 0.050879 0.050829 0.050739 0.050578 0.050300 0.049840 0.049104 0.047970 0.046287 0.043888 0.040605 0.036295 0.030876 0.024357 0.016861 0.008628 0.000000 
50.000000 42.223172 34.741959 27.818299 21.653157 16.370324 12.013171 8.553234 5.907169 3.957528 2.572994 1.624938 0.998692 0.599439 0.353650 0.207460 0.123409 0.076670 0.051518 0.038413 0.031798 0.028561 0.027024 0.026317 0.026000 0.025863 0.025805 0.025781 0.025771 0.025767 0.025764 0.025760 0.025752 0.025739 0.025713 0.025665 0.025581 0.025437 0.025198 0.024818 0.024233 0.023370 0.022144 0.020471 0.018283 0.015541 0.012250 0.008475 0.004335 0.000000 
50.000000 42.221127 34.737948 27.812468 21.645707 16.361488 12.003192 8.542348 5.895591 3.945440 2.560545 1.612242 0.985833 0.586476 0.340623 0.194395 0.110323 0.063572 0.038414 0.025305 0.018688 0.015450 0.013913 0.013206 0.012889 0.012752 0.012694 0.012670 0.012660 0.012656 0.012654 0.012651 0.012648 0.012641 0.012628 0.012604 0.012561 0.012488 0.012369 0.012178 0.011887 0.011457 0.010850 0.010023 0.008946 0.007598 0.005986 0.004139 0.002117 0.000000 
50.000000 42.220095 34.735923 27.809525 21.641946 16.357027 11.998154 8.536853 5.889747 3.939339 2.554261 1.605834 0.979342 0.579933 0.334048 0.187802 0.103718 0.056961 0.031800 0.018689 0.012071 0.008833 0.007296 0.006588 0.006272 0.006134 0.006076 0.006052 0.006043 0.006039 0.006037 0.006036 0.006034 0.006030 0.006024 0.006012 0.005991 0.005956 0.005898 0.005805 0.005664 0.005457 0.005165 0.004769 0.004254 0.003611 0.002843 0.001965 0.001005 0.000000 
50.000000 42.219590 34.734933 27.808085 21.640107 16.354846 11.995692 8.534167 5.886890 3.936356 2.551189 1.602701 0.976169 0.576735 0.330834 0.184578 0.100489 0.053729 0.028566 0.015455 0.008837 0.005598 0.004061 0.003353 0.003037 0.002899 0.002841 0.002818 0.002808 0.002804 0.002803 0.002802 0.002801 0.002799 0.002796 0.002790 0.002780 0.002764 0.002736 0.002693 0.002626 0.002529 0.002393 0.002208 0.001969 0.001670 0.001314 0.000908 0.000464 0.000000 
50.000000 42.219352 34.734465 27.807406 21.639239 16.353816 11.994528 8.532898 5.885540 3.934947 2.549739 1.601222 0.974671 0.575225 0.329316 0.183056 0.098965 0.052203 0.027039 0.013928 0.007309 0.004071 0.002534 0.001826 0.001509 0.001372 0.001314 0.001290 0.001281 0.001277 0.001275 0.001275 0.001274 0.001273 0.001272 0.001269 0.001265 0.001257 0.001244 0.001224 0.001194 0.001149 0.001087 0.001002 0.000893 0.000757 0.000596 0.000411 0.000210 0.000000 
50.000000 42.219245 34.734256 27.807101 21.638850 16.353355 11.994008 8.532330 5.884936 3.934317 2.549089 1.600559 0.974000 0.574548 0.328637 0.182374 0.098282 0.051520 0.026356 0.013244 0.006625 0.003387 0.001850 0.001142 0.000825 0.000688 0.000630 0.000606 0.000597 0.000593 0.000591 0.000591 0.000590 0.000590 0.000589 0.000588 0.000586 0.000582 0.000576 0.000567 0.000553 0.000532 0.000503 0.000463 0.000413 0.000350 0.000275 0.000190 0.000097 0.000000 
50.000000 42.219205 34.734177 27.806986 21.638703 16.353180 11.993811 8.532115 5.884708 3.934078 2.548843 1.600309 0.973747 0.574293 0.328380 0.182117 0.098024 0.051262 0.026097 0.012986 0.006367 0.003128 0.001591 0.000884 0.000567 0.000429 0.000371 0.000348 0.000338 0.000334 0.000333 0.000332 0.000332 0.000332 0.000331 0.000331 0.000329 0.000327 0.000324 0.000319 0.000311 0.000299 0.000282 0.000260 0.000232 0.000196 0.000154 0.000106 0.000054 0.000000 
50.000000 42.219205 34.734177 27.806986 21.638703 16.353180 11.993811 8.532115 5.884708 3.934078 2.548843 1.600309 0.973747 0.574293 0.328380 0.182117 0.098024 0.051262 0.026097 0.012986 0.006367 0.003128 0.001591 0.000884 0.000567 0.000429 0.000371 0.000348 0.000338 0.000334 0.000333 0.000332 0.000332 0.000332 0.000331 0.000331 0.000329 0.000327 0.000324 0.000319 0.000311 0.000299 0.000282 0.000260 0.000232 0.000196 0.000154 0.000106 0.000054 0.000000 
50.000000 42.219245 34.734256 27.807101 21.638850 16.353355 11.994008 8.532330 5.884936 3.934317 2.549089 1.600559 0.974000 0.574548 0.328637 0.182374 0.098282 0.051520 0.026356 0.013244 0.006625 0.003387 0.001850 0.001142 0.000825 0.000688 0.000630 0.000606 0.000597 0.000593 0.000591 0.000591 0.000590 0.000590 0.000589 0.000588 0.000586 0.000582 0.000576 0.000567 0.000553 0.000532 0.000503 0.000463 0.000413 0.000350 0.000275 0.000190 0.000097 0.000000 
50.000000 42.219352 34.734465 27.807406 21.639239 16.353816 11.994528 8.532898 5.885540 3.934947 2.549739 1.601222 0.974671 0.575225 0.329316 0.183056 0.098965 0.052203 0.027039 0.013928 0.007309 0.004071 0.002534 0.001826 0.001509 0.001372 0.001314 0.001290 0.001281 0.001277 0.001275 0.001275 0.001274 0.001273 0.001272 0.001269 0.001265 0.001257 0.001244 0.001224 0.001194 0.001149 0.001087 0.001002 0.000893 0.000757 0.000596 0.000411 0.000210 0.000000 
50.000000 42.219590 34.734933 27.808085 21.640107 16.354846 11.995692 8.534167 5.886890 3.936356 2.551189 1.602701 0.976169 0.576735 0.330834 0.184578 0.100489 0.053729 0.028566 0.015455 0.008837 0.005598 0.004061 0.003353 0.003037 0.002899 0.002841 0.002818 0.002808 0.002804 0.002803 0.002802 0.002801 0.002799 0.002796 0.002790 0.002780 0.002764 0.002736 0.002693 0.002626 0.002529 0.002393 0.002208 0.001969 0.001670 0.001314 0.000908 0.000464 0.000000 
50.000000 42.220095 34.735923 27.809525 21.641946 16.357027 11.998154 8.536853 5.889747 3.939339 2.554261 1.605834 0.979342 0.579933 0.334048 0.187802 0.103718 0.056961 0.031800 0.018689 0.012071 0.008833 0.007296 0.006588 0.006272 0.006134 0.006076 0.006052 0.006043 0.006039 0.006037 0.006036 0.006034 0.006030 0.006024 0.006012 0.005991 0.005956 0.005898 0.005805 0.005664 0.005457 0.005165 0.004769 0.004254 0.003611 0.002843 0.001965 0.001005 0.000000 
50.000000 42.221127 34.737948 27.812468 21.645707 16.361488 12.003192 8.542348 5.895591 3.945440 2.560545 1.612242 0.985833 0.586476 0.340623 0.194395 0.110323 0.063572 0.038414 0.025305 0.018688 0.015450 0.013913 0.013206 0.012889 0.012752 0.012694 0.012670 0.012660 0.012656 0.012654 0.012651 0.012648 0.012641 0.012628 0.012604 0.012561 0.012488 0.012369 0.012178 0.011887 0.011457 0.010850 0.010023 0.008946 0.007598 0.005986 0.004139 0.002117 0.000000 
50.000000 42.223172 34.741959 27.818299 21.653157 16.370324 12.013171 8.553234 5.907169 3.957528 2.572994 1.624938 0.998692 0.599439 0.353650 0.207460 0.123409 0.076670 0.051518 0.038413 0.031798 0.028561 0.027024 0.026317 0.026000 0.025863 0.025805 0.025781 0.025771 0.025767 0.025764 0.025760 0.025752 0.025739 0.025713 0.025665 0.025581 0.025437 0.025198 0.024818 0.024233 0.023370 0.022144 0.020471 0.018283 0.015541 0.012250 0.008475 0.004335 0.000000 
50.000000 42.227095 34.749656 27.829487 21.667452 16.387281 12.032321 8.574124 5.929389 3.980726 2.596886 1.649305 1.023372 0.624318 0.378651 0.232534 0.148525 0.101809 0.076670 0.063571 0.056959 0.053723 0.052188 0.051481 0.051164 0.051027 0.050969 0.050945 0.050935 0.050929 0.050925 0.050918 0.050905 0.050879 0.050829 0.050739 0.050578 0.050300 0.049840 0.049104 0.047970 0.046287 0.043888 0.040605 0.036295 0.030876 0.024357 0.016861 0.008628 0.000000 
50.000000 42.234384 34.763957 27.850274 21.694014 16.418787 12.067903 8.612940 5.970677 4.023833 2.641283 1.694584 1.069233 0.670550 0.425111 0.279129 0.195197 0.148525 0.123409 0.110322 0.103716 0.100483 0.098949 0.098243 0.097927 0.097789 0.097731 0.097707 0.097696 0.097690 0.097683 0.097670 0.097646 0.097599 0.097508 0.097341 0.097043 0.096528 0.095671 0.094294 0.092162 0.088988 0.084444 0.078198 0.069966 0.059578 0.047040 0.032586 0.016683 0.000000 
50.000000 42.247490 34.789668 27.887649 21.741771 16.475437 12.131883 8.682737 6.044919 4.101347 2.721119 1.776008 1.151704 0.753688 0.508659 0.362921 0.279129 0.232534 0.207460 0.194395 0.187799 0.184572 0.183041 0.182335 0.182020 0.181883 0.181824 0.181800 0.181788 0.181780 0.181769 0.181747 0.181705 0.181621 0.181460 0.181163 0.180631 0.179708 0.178165 0.175676 0.171805 0.166014 0.157681 0.146174 0.130937 0.111625 0.088228 0.061170 0.031335 0.000000 
50.000000 42.270280 34.834380 27.952644 21.824822 16.573955 12.243150 8.804122 6.174037 4.236158 2.859970 1.917623 1.295143 0.898288 0.653973 0.508659 0.425111 0.378651 0.353649 0.340622 0.334046 0.330828 0.329301 0.328598 0.328283 0.328146 0.328088 0.328063 0.328050 0.328038 0.328020 0.327985 0.327912 0.327770 0.327496 0.326987 0.326070 0.324476 0.321797 0.317455 0.310668 0.300456 0.285683 0.265166 0.237851 0.203052 0.160698 0.111530 0.057173 0.000000 
50.000000 42.308590 34.909540 28.061903 21.964436 16.739570 12.430203 9.008189 6.391108 4.462805 3.093411 2.155713 1.536301 1.141401 0.898288 0.753688 0.670550 0.624318 0.599439 0.586475 0.579931 0.576729 0.575209 0.574509 0.574196 0.574060 0.574001 0.573975 0.573960 0.573944 0.573916 0.573858 0.573741 0.573507 0.573058 0.572218 0.570701 0.568048 0.563570 0.556268 0.544789 0.527411 0.502110 0.466741 0.419348 0.358596 0.284243 0.197531 0.101344 0.000000 
50.000000 42.370809 35.031608 28.239353 22.191189 17.008558 12.734013 9.339639 6.743686 4.830942 3.472591 2.542449 1.928025 1.536301 1.295143 1.151704 1.069233 1.023372 0.998692 0.985832 0.979340 0.976164 0.974656 0.973962 0.973651 0.973515 0.973457 0.973430 0.973412 0.973389 0.973345 0.973255 0.973072 0.972705 0.971996 0.970667 0.968253 0.964012 0.956810 0.944996 0.926301 0.897798 0.855990 0.797097 0.717576 0.614882 0.488338 0.339913 0.174583 0.000000 
50.000000 42.468386 35.223049 28.517650 22.546814 17.430429 13.210506 9.859492 7.296685 5.408352 4.067328 3.149044 2.542449 2.155713 1.917623 1.776008 1.694584 1.649305 1.624938 1.612241 1.605832 1.602695 1.601207 1.600521 1.600214 1.600080 1.600021 1.599993 1.599971 1.599938 1.599874 1.599740 1.599465 1.598914 1.597843 1.595825 1.592143 1.585639 1.574522 1.556163 1.526894 1.481908 1.415357 1.320763 1.191861 1.023888 0.815161 0.568574 0.292431 0.000000 
50.000000 42.616084 35.512822 28.938899 23.085119 18.069018 13.931788 10.646420 8.133802 6.282435 4.967652 4.067328 3.472591 3.093411 2.859970 2.721119 2.641283 2.596886 2.572994 2.560544 2.554259 2.551184 2.549724 2.549051 2.548750 2.548618 2.548560 2.548529 2.548502 2.548458 2.548367 2.548177 2.547782 2.546990 2.545443 2.542515 2.537143 2.527595 2.511165 2.483826 2.439875 2.371703 2.269844 2.123526 1.921936 1.656328 1.322794 0.925126 0.476687 0.000000 
50.000000 42.831750 35.935950 29.554013 23.871166 19.001516 14.985052 11.795563 9.356252 7.558884 6.282435 5.408352 4.830942 4.462805 4.236158 4.101347 4.023833 3.980726 3.957528 3.945439 3.939337 3.936350 3.934933 3.934280 3.933987 3.933859 3.933801 3.933768 3.933735 3.933677 3.933554 3.933295 3.932757 3.931671 3.929541 3.925491 3.918016 3.904641 3.881459 3.842561 3.779442 3.680518 3.531006 3.313542 3.009938 2.604438 2.088425 1.465803 0.757161 0.000000 
50.000000 43.135404 36.531708 30.420091 24.977931 20.314500 16.468099 13.413633 11.077566 9.356252 8.133802 7.296685 6.743686 6.391108 6.174037 6.044919 5.970677 5.929389 5.907169 5.895590 5.889745 5.886884 5.885527 5.884901 5.884620 5.884497 5.884440 5.884405 5.884366 5.884292 5.884135 5.883800 5.883102 5.881689 5.878905 5.873581 5.863697 5.845889 5.814777 5.762099 5.675735 5.538783 5.329048 5.019480 4.580322 3.983777 3.211631 2.265129 1.174143 0.000000 
50.000000 43.547479 37.340187 31.595418 26.479899 22.096344 18.480758 15.609559 13.413633 11.795563 10.646420 9.859492 9.339639 9.008189 8.804122 8.682737 8.612940 8.574124 8.553233 8.542347 8.536851 8.534162 8.532885 8.532296 8.532032 8.531915 8.531860 8.531824 8.531779 8.531690 8.531499 8.531090 8.530236 8.528496 8.525056 8.518439 8.506079 8.483649 8.444134 8.376575 8.264557 8.084585 7.804779 7.384619 6.776953 5.933921 4.818443 3.421658 1.782702 0.000000 
50.000000 44.086246 38.397235 33.132112 28.443681 24.426077 21.112306 18.480758 16.468099 14.985052 13.931788 13.210506 12.734013 12.430203 12.243150 12.131883 12.067903 12.032321 12.013171 12.003191 11.998153 11.995687 11.994516 11.993977 11.993735 11.993627 11.993575 11.993538 11.993488 11.993387 11.993169 11.992700 11.991716 11.989706 11.985710 11.977985 11.963462 11.936916 11.889743 11.808262 11.671511 11.448620 11.096139 10.556153 9.756839 8.618323 7.067930 5.068927 2.661699 0.000000 
50.000000 44.764664 39.728281 35.067146 30.916527 27.359763 24.426077 22.096344 20.314500 19.001516 18.069018 17.430429 17.008558 16.739570 16.573955 16.475437 16.418787 16.387281 16.370324 16.361487 16.357026 16.354842 16.353805 16.353327 16.353113 16.353017 16.352969 16.352934 16.352882 16.352775 16.352543 16.352041 16.350986 16.348821 16.344500 16.336103 16.320222 16.290982 16.238568 16.147082 15.991578 15.734178 15.319391 14.669238 13.679882 12.223667 10.164367 7.398418 3.934819 0.000000 
50.000000 45.587153 41.341997 37.413125 33.914552 30.916527 28.443681 26.479899 24.977931 23.871166 23.085119 22.546814 22.191189 21.964436 21.824822 21.741771 21.694014 21.667452 21.653156 21.645706 21.641945 21.640104 21.639230 21.638827 21.638645 21.638564 21.638523 21.638491 21.638441 21.638337 21.638109 21.637616 21.636576 21.634436 21.630146 21.621770 21.605840 21.576307 21.522926 21.428790 21.266728 20.994154 20.545978 19.825357 18.692860 16.957276 14.378398 10.708229 5.823230 0.000000 
50.000000 46.546953 43.225120 40.150772 37.413125 35.067146 33.132112 31.595418 30.420091 29.554013 28.938899 28.517650 28.239353 28.061903 27.952644 27.887649 27.850274 27.829487 27.818298 27.812468 27.809524 27.808083 27.807399 27.807083 27.806941 27.806877 27.806844 27.806817 27.806774 27.806683 27.806482 27.806048 27.805130 27.803234 27.799421 27.791947 27.777660 27.751015 27.702489 27.616105 27.465587 27.208460 26.776975 26.064182 24.902779 23.034727 20.075386 15.502280 8.787182 0.000000 
50.000000 47.624793 45.339842 43.225120 41.341997 39.728281 38.397235 37.340187 36.531708 35.935950 35.512822 35.223049 35.031608 34.909540 34.834380 34.789668 34.763957 34.749656 34.741959 34.737948 34.735923 34.734931 34.734461 34.734243 34.734146 34.734102 34.734079 34.734059 34.734027 34.733959 34.733809 34.733485 34.732796 34.731371 34.728498 34.722849 34.712009 34.691695 34.654474 34.587696 34.470147 34.266580 33.918529 33.328308 32.329863 30.633767 27.722840 22.669921 13.941260 0.000000 
50.000000 48.789396 47.624793 46.546953 45.587153 44.764664 44.086246 43.547479 43.135404 42.831750 42.616084 42.468386 42.370809 42.308590 42.270280 42.247490 42.234384 42.227095 42.223172 42.221127 42.220095 42.219590 42.219350 42.219239 42.219189 42.219166 42.219155 42.219144 42.219127 42.219091 42.219011 42.218837 42.218467 42.217701 42.216155 42.213107 42.207246 42.196226 42.175955 42.139396 42.074589 41.961262 41.764777 41.424547 40.829845 39.763923 37.759771 33.683534 24.394698 0.000000 
50.000000 50.000000 50.000000 50.000000 50.000000 50.000000 50.000000 50.000000 50.000000 50.000000 50.000000 50.000000 50.000000 50.000000 50.000000 50.000000 50.000000 50.000000 50.000000 50.000000 50.000000 50.000000 50.000000 50.000000 50.000000 50.000000 50.000000 50.000000 50.000000 50.000000 50.000000 50.000000 50.000000 50.000000 50.000000 50.000000 50.000000 50.000000 50.000000 50.000000 50.000000 50.000000 50.000000 50.000000 50.000000 50.000000 50.000000 50.000000 50.000000 50.000000 
