50.000000 50.000000 50.000000 50.000000 50.000000 50.000000 50.000000 50.000000 50.000000 50.000000 50.000000 50.000000 50.000000 50.000000 50.000000 50.000000 50.000000 50.000000 50.000000 50.000000 50.000000 50.000000 50.000000 50.000000 50.000000 50.000000 50.000000 50.000000 50.000000 50.000000 50.000000 50.000000 50.000000 50.000000 50.000000 50.000000 50.000000 50.000000 50.000000 50.000000 50.000000 50.000000 50.000000 50.000000 50.000000 50.000000 50.000000 50.000000 50.000000 50.000000 
50.000000 47.046927 44.367068 42.158044 40.501037 39.367143 38.657148 38.248994 38.032821 37.926959 37.878859 37.858511 37.850471 37.847494 37.846459 37.846120 37.846015 37.845984 37.845975 37.845973 37.845972 37.845972 37.845972 37.845972 37.845972 37.845972 37.845972 37.845972 37.845972 37.845972 37.845972 37.845972 37.845972 37.845970 37.845964 37.845941 37.845862 37.845604 37.844804 37.842440 37.835788 37.817962 37.772359 37.660496 37.395420 36.781117 35.361667 31.997900 23.523463 0.000000 
50.000000 44.367068 39.255331 35.041771 31.881225 29.718526 28.364393 27.585981 27.173725 26.971853 26.880133 26.841335 26.826006 26.820332 26.818358 26.817711 26.817511 26.817452 26.817436 26.817432 26.817430 26.817430 26.817430 26.817430 26.817430 26.817430 26.817430 26.817430 26.817430 26.817430 26.817430 26.817430 26.817429 26.817426 26.817415 26.817377 26.817245 26.816815 26.815487 26.811582 26.800682 26.771785 26.698971 26.524301 26.124308 25.246530 23.393335 19.627666 12.369168 0.000000 
50.000000 42.158044 35.041771 29.176040 24.776384 21.765935 19.881110 18.797708 18.223969 17.943045 17.815420 17.761439 17.740114 17.732220 17.729475 17.728575 17.728297 17.728215 17.728192 17.728186 17.728185 17.728185 17.728184 17.728184 17.728184 17.728184 17.728184 17.728184 17.728184 17.728184 17.728184 17.728184 17.728183 17.728180 17.728168 17.728124 17.727976 17.727497 17.726025 17.721732 17.709874 17.678866 17.602178 17.422902 17.027008 16.202331 14.588020 11.648436 6.796377 0.000000 
50.000000 40.501037 31.881225 24.776384 19.447555 15.801529 13.518929 12.206988 11.512282 11.172162 11.017659 10.952317 10.926506 10.916954 10.913632 10.912543 10.912206 10.912108 10.912080 10.912073 10.912071 10.912071 10.912070 10.912070 10.912070 10.912070 10.912070 10.912070 10.912070 10.912070 10.912070 10.912070 10.912069 10.912066 10.912056 10.912016 10.911884 10.911458 10.910158 10.906400 10.896138 10.869695 10.805528 10.659223 10.346674 9.723778 8.574053 6.634695 3.719920 0.000000 
50.000000 39.367143 29.718526 21.765935 15.801529 11.720865 9.166334 7.698212 6.920873 6.540332 6.367485 6.294394 6.265525 6.254841 6.251127 6.249910 6.249533 6.249423 6.249392 6.249384 6.249382 6.249381 6.249381 6.249381 6.249381 6.249381 6.249381 6.249381 6.249381 6.249381 6.249381 6.249381 6.249380 6.249378 6.249370 6.249340 6.249240 6.248919 6.247946 6.245160 6.237638 6.218524 6.172960 6.071372 5.860433 5.454854 4.738927 3.594218 1.971723 0.000000 
50.000000 38.657148 28.364393 19.881110 13.518929 9.166334 6.441732 4.875974 4.047002 3.641218 3.456922 3.378996 3.348221 3.336833 3.332874 3.331577 3.331176 3.331058 3.331025 3.331017 3.331015 3.331014 3.331014 3.331014 3.331014 3.331014 3.331014 3.331014 3.331014 3.331014 3.331014 3.331014 3.331013 3.331012 3.331006 3.330986 3.330920 3.330709 3.330073 3.328268 3.323444 3.311344 3.282952 3.220866 3.094962 2.859707 2.458208 1.840092 0.996652 0.000000 
50.000000 38.248994 27.585981 18.797708 12.206988 7.698212 4.875974 3.254193 2.395610 1.975358 1.784505 1.703812 1.671946 1.660156 1.656058 1.654715 1.654300 1.654178 1.654144 1.654135 1.654133 1.654132 1.654132 1.654132 1.654132 1.654132 1.654132 1.654132 1.654132 1.654132 1.654132 1.654132 1.654132 1.654131 1.654128 1.654116 1.654077 1.653953 1.653583 1.652540 1.649780 1.642937 1.627096 1.593022 1.525252 1.401460 1.195529 0.887010 0.476635 0.000000 
50.000000 38.032821 27.173725 18.223969 11.512282 6.920873 4.047002 2.395610 1.521387 1.093498 0.899186 0.817035 0.784595 0.772593 0.768421 0.767054 0.766632 0.766508 0.766473 0.766464 0.766462 0.766461 0.766461 0.766461 0.766461 0.766461 0.766461 0.766461 0.766461 0.766461 0.766461 0.766461 0.766461 0.766460 0.766459 0.766452 0.766432 0.766366 0.766172 0.765627 0.764199 0.760694 0.752674 0.735657 0.702348 0.642588 0.545103 0.401940 0.214859 0.000000 
50.000000 37.926959 26.971853 17.943045 11.172162 6.540332 3.641218 1.975358 1.093498 0.661884 0.465885 0.383023 0.350304 0.338199 0.333992 0.332613 0.332187 0.332062 0.332027 0.332018 0.332016 0.332015 0.332015 0.332015 0.332015 0.332015 0.332015 0.332015 0.332015 0.332015 0.332015 0.332015 0.332015 0.332015 0.332014 0.332011 0.332001 0.331969 0.331876 0.331617 0.330942 0.329299 0.325578 0.317774 0.302694 0.276024 0.233172 0.171170 0.091172 0.000000 
50.000000 37.878859 26.880133 17.815420 11.017659 6.367485 3.456922 1.784505 0.899186 0.465885 0.269123 0.185941 0.153095 0.140944 0.136720 0.135337 0.134909 0.134784 0.134749 0.134739 0.134737 0.134737 0.134736 0.134736 0.134736 0.134736 0.134736 0.134736 0.134736 0.134736 0.134736 0.134736 0.134736 0.134736 0.134736 0.134735 0.134730 0.134716 0.134675 0.134562 0.134268 0.133558 0.131965 0.128654 0.122325 0.111259 0.093688 0.068551 0.036419 0.000000 
50.000000 37.858511 26.841335 17.761439 10.952317 6.294394 3.378996 1.703812 0.817035 0.383023 0.185941 0.102624 0.069725 0.057555 0.053324 0.051938 0.051510 0.051384 0.051349 0.051340 0.051338 0.051337 0.051337 0.051337 0.051337 0.051337 0.051337 0.051337 0.051337 0.051337 0.051337 0.051337 0.051337 0.051337 0.051337 0.051336 0.051334 0.051329 0.051312 0.051266 0.051147 0.050863 0.050229 0.048923 0.046448 0.042160 0.035414 0.025849 0.013707 0.000000 
50.000000 37.850471 26.826006 17.740114 10.926506 6.265525 3.348221 1.671946 0.784595 0.350304 0.153095 0.069725 0.036806 0.024628 0.020394 0.019008 0.018579 0.018453 0.018418 0.018409 0.018407 0.018406 0.018406 0.018406 0.018406 0.018406 0.018406 0.018406 0.018406 0.018406 0.018406 0.018406 0.018406 0.018406 0.018406 0.018406 0.018405 0.018403 0.018397 0.018379 0.018335 0.018229 0.017994 0.017512 0.016606 0.015048 0.012616 0.009191 0.004867 0.000000 
50.000000 37.847494 26.820332 17.732220 10.916954 6.254841 3.336833 1.660156 0.772593 0.338199 0.140944 0.057555 0.024628 0.012447 0.008212 0.006826 0.006397 0.006271 0.006236 0.006227 0.006224 0.006224 0.006224 0.006224 0.006224 0.006224 0.006224 0.006224 0.006224 0.006224 0.006224 0.006224 0.006224 0.006224 0.006224 0.006224 0.006223 0.006223 0.006220 0.006214 0.006199 0.006161 0.006080 0.005913 0.005602 0.005070 0.004244 0.003087 0.001633 0.000000 
50.000000 37.846459 26.818358 17.729475 10.913632 6.251127 3.332874 1.656058 0.768421 0.333992 0.136720 0.053324 0.020394 0.008212 0.003978 0.002591 0.002162 0.002036 0.002001 0.001992 0.001990 0.001989 0.001989 0.001989 0.001989 0.001989 0.001989 0.001989 0.001989 0.001989 0.001989 0.001989 0.001989 0.001989 0.001989 0.001989 0.001989 0.001989 0.001988 0.001986 0.001981 0.001968 0.001942 0.001888 0.001787 0.001615 0.001351 0.000981 0.000519 0.000000 
50.000000 37.846120 26.817711 17.728575 10.912543 6.249910 3.331577 1.654715 0.767054 0.332613 0.135337 0.051938 0.019008 0.006826 0.002591 0.001204 0.000775 0.000649 0.000614 0.000605 0.000603 0.000602 0.000602 0.000602 0.000602 0.000602 0.000602 0.000602 0.000602 0.000602 0.000602 0.000602 0.000602 0.000602 0.000602 0.000602 0.000602 0.000602 0.000602 0.000601 0.000599 0.000596 0.000587 0.000571 0.000540 0.000488 0.000407 0.000296 0.000156 0.000000 
50.000000 37.846015 26.817511 17.728297 10.912206 6.249533 3.331176 1.654300 0.766632 0.332187 0.134909 0.051510 0.018579 0.006397 0.002162 0.000775 0.000346 0.000220 0.000185 0.000176 0.000174 0.000173 0.000173 0.000173 0.000173 0.000173 0.000173 0.000173 0.000173 0.000173 0.000173 0.000173 0.000173 0.000173 0.000173 0.000173 0.000173 0.000173 0.000173 0.000173 0.000172 0.000171 0.000169 0.000164 0.000155 0.000140 0.000117 0.000085 0.000045 0.000000 
50.000000 37.845984 26.817452 17.728215 10.912108 6.249423 3.331058 1.654178 0.766508 0.332062 0.134784 0.051384 0.018453 0.006271 0.002036 0.000649 0.000220 0.000094 0.000060 0.000050 0.000048 0.000047 0.000047 0.000047 0.000047 0.000047 0.000047 0.000047 0.000047 0.000047 0.000047 0.000047 0.000047 0.000047 0.000047 0.000047 0.000047 0.000047 0.000047 0.000047 0.000047 0.000047 0.000046 0.000045 0.000042 0.000038 0.000032 0.000023 0.000012 0.000000 
50.000000 37.845975 26.817436 17.728192 10.912080 6.249392 3.331025 1.654144 0.766473 0.332027 0.134749 0.051349 0.018418 0.006236 0.002001 0.000614 0.000185 0.000060 0.000025 0.000015 0.000013 0.000012 0.000012 0.000012 0.000012 0.000012 0.000012 0.000012 0.000012 0.000012 0.000012 0.000012 0.000012 0.000012 0.000012 0.000012 0.000012 0.000012 0.000012 0.000012 0.000012 0.000012 0.000012 0.000012 0.000011 0.000010 0.000008 0.000006 0.000003 0.000000 
50.000000 37.845973 26.817432 17.728186 10.912073 6.249384 3.331017 1.654135 0.766464 0.332018 0.134739 0.051340 0.018409 0.006227 0.001992 0.000605 0.000176 0.000050 0.000015 0.000006 0.000004 0.000003 0.000003 0.000003 0.000003 0.000003 0.000003 0.000003 0.000003 0.000003 0.000003 0.000003 0.000003 0.000003 0.000003 0.000003 0.000003 0.000003 0.000003 0.000003 0.000003 0.000003 0.000003 0.000003 0.000003 0.000002 0.000002 0.000001 0.000001 0.000000 
50.000000 37.845972 26.817430 17.728185 10.912071 6.249382 3.331015 1.654133 0.766462 0.332016 0.134737 0.051338 0.018407 0.006224 0.001990 0.000603 0.000174 0.000048 0.000013 0.000004 0.000001 0.000001 0.000001 0.000001 0.000001 0.000001 0.000001 0.000001 0.000001 0.000001 0.000001 0.000001 0.000001 0.000001 0.000001 0.000001 0.000001 0.000001 0.000001 0.000001 0.000001 0.000001 0.000001 0.000001 0.000001 0.000001 0.000000 0.000000 0.000000 0.000000 
50.000000 37.845972 26.817430 17.728185 10.912071 6.249381 3.331014 1.654132 0.766461 0.332015 0.134737 0.051337 0.018406 0.006224 0.001989 0.000602 0.000173 0.000047 0.000012 0.000003 0.000001 0.000000 0.000000 0.000000 0.000000 0.000000 0.000000 0.000000 0.000000 0.000000 0.000000 0.000000 0.000000 0.000000 0.000000 0.000000 0.000000 0.000000 0.000000 0.000000 0.000000 0.000000 0.000000 0.000000 0.000000 0.000000 0.000000 0.000000 0.000000 0.000000 
50.000000 37.845972 26.817430 17.728184 10.912070 6.249381 3.331014 1.654132 0.766461 0.332015 0.134736 0.051337 0.018406 0.006224 0.001989 0.000602 0.000173 0.000047 0.000012 0.000003 0.000001 0.000000 0.000000 0.000000 0.000000 0.000000 0.000000 0.000000 0.000000 0.000000 0.000000 0.000000 0.000000 0.000000 0.000000 0.000000 0.000000 0.000000 0.000000 0.000000 0.000000 0.000000 0.000000 0.000000 0.000000 0.000000 0.000000 0.000000 0.000000 0.000000 
50.000000 37.845972 26.817430 17.728184 10.912070 6.249381 3.331014 1.654132 0.766461 0.332015 0.134736 0.051337 0.018406 0.006224 0.001989 0.000602 0.000173 0.000047 0.000012 0.000003 0.000001 0.000000 0.000000 0.000000 0.000000 0.000000 0.000000 0.000000 0.000000 0.000000 0.000000 0.000000 0.000000 0.000000 0.000000 0.000000 0.000000 0.000000 0.000000 0.000000 0.000000 0.000000 0.000000 0.000000 0.000000 0.000000 0.000000 0.000000 0.000000 0.000000 
50.000000 37.845972 26.817430 17.728184 10.912070 6.249381 3.331014 1.654132 0.766461 0.332015 0.134736 0.051337 0.018406 0.006224 0.001989 0.000602 0.000173 0.000047 0.000012 0.000003 0.000001 0.000000 0.000000 0.000000 0.000000 0.000000 0.000000 0.000000 0.000000 0.000000 0.000000 0.000000 0.000000 0.000000 0.000000 0.000000 0.000000 0.000000 0.000000 0.000000 0.000000 0.000000 0.000000 0.000000 0.000000 0.000000 0.000000 0.000000 0.000000 0.000000 
50.000000 37.845972 26.817430 17.728184 10.912070 6.249381 3.331014 1.654132 0.766461 0.332015 0.134736 0.051337 0.018406 0.006224 0.001989 0.000602 0.000173 0.000047 0.000012 0.000003 0.000001 0.000000 0.000000 0.000000 0.000000 0.000000 0.000000 0.000000 0.000000 0.000000 0.000000 0.000000 0.000000 0.000000 0.000000 0.000000 0.000000 0.000000 0.000000 0.000000 0.000000 0.000000 0.000000 0.000000 0.000000 0.000000 0.000000 0.000000 0.000000 0.000000 
50.000000 37.845972 26.817430 17.728184 10.912070 6.249381 3.331014 1.654132 0.766461 0.332015 0.134736 0.051337 0.018406 0.006224 0.001989 0.000602 0.000173 0.000047 0.000012 0.000003 0.000001 0.000000 0.000000 0.000000 0.000000 0.000000 0.000000 0.000000 0.000000 0.000000 0.000000 0.000000 0.000000 0.000000 0.000000 0.000000 0.000000 0.000000 0.000000 0.000000 0.000000 0.000000 0.000000 0.000000 0.000000 0.000000 0.000000 0.000000 0.000000 0.000000 
50.000000 37.845972 26.817430 17.728184 10.912070 6.249381 3.331014 1.654132 0.766461 0.332015 0.134736 0.051337 0.018406 0.006224 0.001989 0.000602 0.000173 0.000047 0.000012 0.000003 0.000001 0.000000 0.000000 0.000000 0.000000 0.000000 0.000000 0.000000 0.000000 0.000000 0.000000 0.000000 0.000000 0.000000 0.000000 0.000000 0.000000 0.000000 0.000000 0.000000 0.000000 0.000000 0.000000 0.000000 0.000000 0.000000 0.000000 0.000000 0.000000 0.000000 
50.000000 37.845972 26.817430 17.728185 10.912071 6.249381 3.331014 1.654132 0.766461 0.332015 0.134737 0.051337 0.018406 0.006224 0.001989 0.000602 0.000173 0.000047 0.000012 0.000003 0.000001 0.000000 0.000000 0.000000 0.000000 0.000000 0.000000 0.000000 0.000000 0.000000 0.000000 0.000000 0.000000 0.000000 0.000000 0.000000 0.000000 0.000000 0.000000 0.000000 0.000000 0.000000 0.000000 0.000000 0.000000 0.000000 0.000000 0.000000 0.000000 0.000000 
50.000000 37.845972 26.817430 17.728185 10.912071 6.249382 3.331015 1.654133 0.766462 0.332016 0.134737 0.051338 0.018407 0.006224 0.001990 0.000603 0.000174 0.000048 0.000013 0.000004 0.000001 0.000001 0.000001 0.000001 0.000001 0.000001 0.000001 0.000001 0.000001 0.000001 0.000001 0.000001 0.000001 0.000001 0.000001 0.000001 0.000001 0.000001 0.000001 0.000001 0.000001 0.000001 0.000001 0.000001 0.000001 0.000001 0.000000 0.000000 0.000000 0.000000 
50.000000 37.845973 26.817432 17.728186 10.912073 6.249384 3.331017 1.654135 0.766464 0.332018 0.134739 0.051340 0.018409 0.006227 0.001992 0.000605 0.000176 0.000050 0.000015 0.000006 0.000004 0.000003 0.000003 0.000003 0.000003 0.000003 0.000003 0.000003 0.000003 0.000003 0.000003 0.000003 0.000003 0.000003 0.000003 0.000003 0.000003 0.000003 0.000003 0.000003 0.000003 0.000003 0.000003 0.000003 0.000003 0.000002 0.000002 0.000001 0.000001 0.000000 
50.000000 37.845975 26.817436 17.728192 10.912080 6.249392 3.331025 1.654144 0.766473 0.332027 0.134749 0.051349 0.018418 0.006236 0.002001 0.000614 0.000185 0.000060 0.000025 0.000015 0.000013 0.000012 0.000012 0.000012 0.000012 0.000012 0.000012 0.000012 0.000012 0.000012 0.000012 0.000012 0.000012 0.000012 0.000012 0.000012 0.000012 0.000012 0.000012 0.000012 0.000012 0.000012 0.000012 0.000012 0.000011 0.000010 0.000008 0.000006 0.000003 0.000000 
50.000000 37.845984 26.817452 17.728215 10.912108 6.249423 3.331058 1.654178 0.766508 0.332062 0.134784 0.051384 0.018453 0.006271 0.002036 0.000649 0.000220 0.000094 0.000060 0.000050 0.000048 0.000047 0.000047 0.000047 0.000047 0.000047 0.000047 0.000047 0.000047 0.000047 0.000047 0.000047 0.000047 0.000047 0.000047 0.000047 0.000047 0.000047 0.000047 0.000047 0.000047 0.000047 0.000046 0.000045 0.000042 0.000038 0.000032 0.000023 0.000012 0.000000 
50.000000 37.846015 26.817511 17.728297 10.912206 6.249533 3.331176 1.654300 0.766632 0.332187 0.134909 0.051510 0.018579 0.006397 0.002162 0.000775 0.000346 0.000220 0.000185 0.000176 0.000174 0.000173 0.000173 0.000173 0.000173 0.000173 0.000173 0.000173 0.000173 0.000173 0.000173 0.000173 0.000173 0.000173 0.000173 0.000173 0.000173 0.000173 0.000173 0.000173 0.000172 0.000171 0.000169 0.000164 0.000155 0.000140 0.000117 0.000085 0.000045 0.000000 
50.000000 37.846120 26.817711 17.728575 10.912543 6.249910 3.331577 1.654715 0.767054 0.332613 0.135337 0.051938 0.019008 0.006826 0.002591 0.001204 0.000775 0.000649 0.000614 0.000605 0.000603 0.000602 0.000602 0.000602 0.000602 0.000602 0.000602 0.000602 0.000602 0.000602 0.000602 0.000602 0.000602 0.000602 0.000602 0.000602 0.000602 0.000602 0.000602 0.000601 0.000599 0.000596 0.000587 0.000571 0.000540 0.000488 0.000407 0.000296 0.000156 0.000000 
50.000000 37.846459 26.818358 17.729475 10.913632 6.251127 3.332874 1.656058 0.768421 0.333992 0.136720 0.053324 0.020394 0.008212 0.003978 0.002591 0.002162 0.002036 0.002001 0.001992 0.001990 0.001989 0.001989 0.001989 0.001989 0.001989 0.001989 0.001989 0.001989 0.001989 0.001989 0.001989 0.001989 0.001989 0.001989 0.001989 0.001989 0.001989 0.001988 0.001986 0.001981 0.001968 0.001942 0.001888 0.001787 0.001615 0.001351 0.000981 0.000519 0.000000 
50.000000 37.847494 26.820332 17.732220 10.916954 6.254841 3.336833 1.660156 0.772593 0.338199 0.140944 0.057555 0.024628 0.012447 0.008212 0.006826 0.006397 0.006271 0.006236 0.006227 0.006224 0.006224 0.006224 0.006224 0.006224 0.006224 0.006224 0.006224 0.006224 0.006224 0.006224 0.006224 0.006224 0.006224 0.006224 0.006224 0.006223 0.006223 0.006220 0.006214 0.006199 0.006161 0.006080 0.005913 0.005602 0.005070 0.004244 0.003087 0.001633 0.000000 
50.000000 37.850471 26.826006 17.740114 10.926506 6.265525 3.348221 1.671946 0.784595 0.350304 0.153095 0.069725 0.036806 0.024628 0.020394 0.019008 0.018579 0.018453 0.018418 0.018409 0.018407 0.018406 0.018406 0.018406 0.018406 0.018406 0.018406 0.018406 0.018406 0.018406 0.018406 0.018406 0.018406 0.018406 0.018406 0.018406 0.018405 0.018403 0.018397 0.018379 0.018335 0.018229 0.017994 0.017512 0.016606 0.015048 0.012616 0.009191 0.004867 0.000000 
50.000000 37.858511 26.841335 17.761439 10.952317 6.294394 3.378996 1.703812 0.817035 0.383023 0.185941 0.102624 0.069725 0.057555 0.053324 0.051938 0.051510 0.051384 0.051349 0.051340 0.051338 0.051337 0.051337 0.051337 0.051337 0.051337 0.051337 0.051337 0.051337 0.051337 0.051337 0.051337 0.051337 0.051337 0.051337 0.051336 0.051334 0.051329 0.051312 0.051266 0.051147 0.050863 0.050229 0.048923 0.046448 0.042160 0.035414 0.025849 0.013707 0.000000 
50.000000 37.878859 26.880133 17.815420 11.017659 6.367485 3.456922 1.784505 0.899186 0.465885 0.269123 0.185941 0.153095 0.140944 0.136720 0.135337 0.134909 0.134784 0.134749 0.134739 0.134737 0.134737 0.134736 0.134736 0.134736 0.134736 0.134736 0.134736 0.134736 0.134736 0.134736 0.134736 0.134736 0.134736 0.134736 0.134735 0.134730 0.134716 0.134675 0.134562 0.134268 0.133558 0.131965 0.128654 0.122325 0.111259 0.093688 0.068551 0.036419 0.000000 
50.000000 37.926959 26.971853 17.943045 11.172162 6.540332 3.641218 1.975358 1.093498 0.661884 0.465885 0.383023 0.350304 0.338199 0.333992 0.332613 0.332187 0.332062 0.332027 0.332018 0.332016 0.332015 0.332015 0.332015 0.332015 0.332015 0.332015 0.332015 0.332015 0.332015 0.332015 0.332015 0.332015 0.332015 0.332014 0.332011 0.332001 0.331969 0.331876 0.331617 0.330942 0.329299 0.325578 0.317774 0.302694 0.276024 0.233172 0.171170 0.091172 0.000000 
50.000000 38.032821 27.173725 18.223969 11.512282 6.920873 4.047002 2.395610 1.521387 1.093498 0.899186 0.817035 0.784595 0.772593 0.768421 0.767054 0.766632 0.766508 0.766473 0.766464 0.766462 0.766461 0.766461 0.766461 0.766461 0.766461 0.766461 0.766461 0.766461 0.766461 0.766461 0.766461 0.766461 0.766460 0.766459 0.766452 0.766432 0.766366 0.766172 0.765627 0.764199 0.760694 0.752674 0.735657 0.702348 0.642588 0.545103 0.401940 0.214859 0.000000 
50.000000 38.248994 27.585981 18.797708 12.206988 7.698212 4.875974 3.254193 2.395610 1.975358 1.784505 1.703812 1.671946 1.660156 1.656058 1.654715 1.654300 1.654178 1.654144 1.654135 1.654133 1.654132 1.654132 1.654132 1.654132 1.654132 1.654132 1.654132 1.654132 1.654132 1.654132 1.654132 1.654132 1.654131 1.654128 1.654116 1.654077 1.653953 1.653583 1.652540 1.649780 1.642937 1.627096 1.593022 1.525252 1.401460 1.195529 0.887010 0.476635 0.000000 
50.000000 38.657148 28.364393 19.881110 13.518929 9.166334 6.441732 4.875974 4.047002 3.641218 3.456922 3.378996 3.348221 3.336833 3.332874 3.331577 3.331176 3.331058 3.331025 3.331017 3.331015 3.331014 3.331014 3.331014 3.331014 3.331014 3.331014 3.331014 3.331014 3.331014 3.331014 3.331014 3.331013 3.331012 3.331006 3.330986 3.330920 3.330709 3.330073 3.328268 3.323444 3.311344 3.282952 3.220866 3.094962 2.859707 2.458208 1.840092 0.996652 0.000000 
50.000000 39.367143 29.718526 21.765935 15.801529 11.720865 9.166334 7.698212 6.920873 6.540332 6.367485 6.294394 6.265525 6.254841 6.251127 6.249910 6.249533 6.249423 6.249392 6.249384 6.249382 6.249381 6.249381 6.249381 6.249381 6.249381 6.249381 6.249381 6.249381 6.249381 6.249381 6.249381 6.249380 6.249378 6.249370 6.249340 6.249240 6.248919 6.247946 6.245160 6.237638 6.218524 6.172960 6.071372 5.860433 5.454854 4.738927 3.594218 1.971723 0.000000 
50.000000 40.501037 31.881225 24.776384 19.447555 15.801529 13.518929 12.206988 11.512282 11.172162 11.017659 10.952317 10.926506 10.916954 10.913632 10.912543 10.912206 10.912108 10.912080 10.912073 10.912071 10.912071 10.912070 10.912070 10.912070 10.912070 10.912070 10.912070 10.912070 10.912070 10.912070 10.912070 10.912069 10.912066 10.912056 10.912016 10.911884 10.911458 10.910158 10.906400 10.896138 10.869695 10.805528 10.659223 10.346674 9.723778 8.574053 6.634695 3.719920 0.000000 
50.000000 42.158044 35.041771 29.176040 24.776384 21.765935 19.881110 18.797708 18.223969 17.943045 17.815420 17.761439 17.740114 17.732220 17.729475 17.728575 17.728297 17.728215 17.728192 17.728186 17.728185 17.728185 17.728184 17.728184 17.728184 17.728184 17.728184 17.728184 17.728184 17.728184 17.728184 17.728184 17.728183 17.728180 17.728168 17.728124 17.727976 17.727497 17.726025 17.721732 17.709874 17.678866 17.602178 17.422902 17.027008 16.202331 14.588020 11.648436 6.796377 0.000000 
50.000000 44.367068 39.255331 35.041771 31.881225 29.718526 28.364393 27.585981 27.173725 26.971853 26.880133 26.841335 26.826006 26.820332 26.818358 26.817711 26.817511 26.817452 26.817436 26.817432 26.817430 26.817430 26.817430 26.817430 26.817430 26.817430 26.817430 26.817430 26.817430 26.817430 26.817430 26.817430 26.817429 26.817426 26.817415 26.817377 26.817245 26.816815 26.815487 26.811582 26.800682 26.771785 26.698971 26.524301 26.124308 25.246530 23.393335 19.627666 12.369168 0.000000 
50.000000 47.046927 44.367068 42.158044 40.501037 39.367143 38.657148 38.248994 38.032821 37.926959 37.878859 37.858511 37.850471 37.847494 37.846459 37.846120 37.846015 37.845984 37.845975 37.845973 37.845972 37.845972 37.845972 37.845972 37.845972 37.845972 37.845972 37.845972 37.845972 37.845972 37.845972 37.845972 37.845972 37.845970 37.845964 37.845941 37.845862 37.845604 37.844804 37.842440 37.835788 37.817962 37.772359 37.660496 37.395420 36.781117 35.361667 31.997900 23.523463 0.000000 
50.000000 50.000000 50.000000 50.000000 50.000000 50.000000 50.000000 50.000000 50.000000 50.000000 50.000000 50.000000 50.000000 50.000000 50.000000 50.000000 50.000000 50.000000 50.000000 50.000000 50.000000 50.000000 50.000000 50.000000 50.000000 50.000000 50.000000 50.000000 50.000000 50.000000 50.000000 50.000000 50.000000 50.000000 50.000000 50.000000 50.000000 50.000000 50.000000 50.000000 50.000000 50.000000 50.000000 50.000000 50.000000 50.000000 50.000000 50.000000 50.000000 50.000000 
