50.000000 50.000000 50.000000 50.000000 50.000000 50.000000 50.000000 50.000000 50.000000 50.000000 50.000000 50.000000 50.000000 50.000000 50.000000 50.000000 50.000000 50.000000 50.000000 50.000000 50.000000 50.000000 50.000000 50.000000 50.000000 50.000000 50.000000 50.000000 50.000000 50.000000 50.000000 50.000000 50.000000 50.000000 50.000000 50.000000 50.000000 50.000000 50.000000 50.000000 50.000000 50.000000 50.000000 50.000000 50.000000 50.000000 50.000000 50.000000 50.000000 50.000000 
50.000000 48.889869 47.818424 46.820308 45.922788 45.143647 44.490561 43.961877 43.548448 43.236052 43.007889 42.846764 42.736705 42.663963 42.617421 42.588584 42.571274 42.561201 42.555518 42.552407 42.550754 42.549901 42.549473 42.549264 42.549165 42.549117 42.549090 42.549068 42.549035 42.548968 42.548830 42.548545 42.547969 42.546829 42.544625 42.540461 42.532761 42.518817 42.494043 42.450787 42.376353 42.249665 42.035282 41.671913 41.048358 39.947739 37.903363 33.782177 24.444935 0.000000 
50.000000 47.818424 45.712871 43.751424 41.987664 40.456540 39.173136 38.134201 37.321760 36.707863 36.259497 35.942868 35.726593 35.583647 35.492190 35.435523 35.401506 35.381714 35.370546 35.364432 35.361184 35.359508 35.358668 35.358258 35.358062 35.357968 35.357917 35.357874 35.357811 35.357686 35.357427 35.356893 35.355813 35.353680 35.349565 35.341804 35.327489 35.301644 35.255911 35.176469 35.040719 34.811890 34.429996 33.796025 32.743025 30.981326 27.994343 22.856435 14.036246 0.000000 
50.000000 46.820308 43.751424 40.892580 38.321876 36.090246 34.219679 32.705432 31.521305 30.626561 29.973079 29.511603 29.196391 28.988056 28.854764 28.772176 28.722600 28.693754 28.677478 28.668569 28.663835 28.661393 28.660168 28.659571 28.659285 28.659149 28.659075 28.659016 28.658929 28.658761 28.658411 28.657691 28.656238 28.653375 28.647865 28.637505 28.618472 28.584272 28.524117 28.420432 28.245050 27.953413 27.475695 26.703136 25.467204 23.509531 20.446290 15.757080 8.916945 0.000000 
50.000000 45.922788 41.987664 38.321876 35.025566 32.164049 29.765516 27.823886 26.305559 25.158296 24.320392 23.728687 23.324525 23.057402 22.886500 22.780611 22.717047 22.680063 22.659196 22.647774 22.641705 22.638574 22.637004 22.636238 22.635872 22.635698 22.635606 22.635534 22.635432 22.635237 22.634835 22.634007 22.632342 22.629070 22.622794 22.611044 22.589560 22.551189 22.484202 22.369826 22.178674 21.865725 21.363459 20.572913 19.353220 17.512783 14.812345 11.006338 5.975048 0.000000 
50.000000 45.143647 40.456540 36.090246 32.164049 28.755744 25.898907 23.586290 21.777871 20.411423 19.413447 18.708710 18.227348 17.909206 17.705664 17.579553 17.503853 17.459807 17.434957 17.421354 17.414126 17.410398 17.408528 17.407616 17.407182 17.406975 17.406868 17.406788 17.406680 17.406477 17.406059 17.405204 17.403488 17.400127 17.393707 17.381744 17.359993 17.321410 17.254616 17.141737 16.955486 16.655412 16.183453 15.459392 14.377872 12.810829 10.623042 7.713515 4.095289 0.000000 
50.000000 44.490561 39.173136 34.219679 29.765516 25.898907 22.657939 20.034386 17.982838 16.432695 15.300571 14.501112 13.955058 13.594164 13.363274 13.220221 13.134352 13.084391 13.056203 13.040774 13.032576 13.028347 13.026227 13.025193 13.024700 13.024467 13.024349 13.024265 13.024159 13.023963 13.023564 13.022748 13.021118 13.017938 13.011890 13.000676 12.980413 12.944730 12.883493 12.781089 12.614266 12.349638 11.941242 11.328969 10.439515 9.192603 7.516543 5.377111 2.818648 0.000000 
50.000000 43.961877 38.134201 32.705432 27.823886 23.586290 20.034386 17.159153 14.910816 13.211997 11.971302 11.095186 10.496781 10.101292 9.848273 9.691513 9.597416 9.542670 9.511782 9.494876 9.485894 9.481260 9.478937 9.477804 9.477265 9.477011 9.476885 9.476801 9.476702 9.476525 9.476167 9.475441 9.473994 9.471183 9.465860 9.456046 9.438423 9.407617 9.355208 9.268468 9.128881 8.910645 8.579576 8.093144 7.402837 6.460427 5.229737 3.704205 1.926595 0.000000 
50.000000 43.548448 37.321760 31.521305 26.305559 21.777871 17.982838 14.910816 12.508617 10.693559 9.367985 8.431943 7.792614 7.370085 7.099771 6.932297 6.831772 6.773287 6.740290 6.722229 6.712634 6.707684 6.705203 6.703993 6.703418 6.703148 6.703017 6.702935 6.702847 6.702695 6.702393 6.701783 6.700572 6.698230 6.693817 6.685723 6.671281 6.646218 6.603938 6.534647 6.424403 6.254309 6.000171 5.633199 5.122459 4.439834 3.567892 2.509870 1.298783 0.000000 
50.000000 43.236052 36.707863 30.626561 25.158296 20.411423 16.432695 13.211997 10.693559 8.790689 7.400999 6.419691 5.749454 5.306504 5.023128 4.847565 4.742186 4.680877 4.646288 4.627356 4.617299 4.612110 4.609509 4.608242 4.607640 4.607358 4.607224 4.607145 4.607069 4.606945 4.606703 4.606217 4.605257 4.603407 4.599937 4.593608 4.582384 4.563041 4.530672 4.478107 4.395345 4.269156 4.083116 3.818429 3.455937 2.979622 2.381511 1.667144 0.859699 0.000000 
50.000000 43.007889 36.259497 29.973079 24.320392 19.413447 15.300571 11.971302 9.367985 7.400999 5.964496 4.950142 4.257342 3.799484 3.506576 3.325109 3.216188 3.152819 3.117069 3.097501 3.087106 3.081744 3.079056 3.077746 3.077124 3.076835 3.076698 3.076624 3.076559 3.076462 3.076277 3.075908 3.075183 3.073791 3.071193 3.066479 3.058167 3.043939 3.020305 2.982248 2.922892 2.833339 2.702834 2.519482 2.271710 1.950566 1.552646 1.083029 0.557103 0.000000 
50.000000 42.846764 35.942868 29.511603 23.728687 18.708710 14.501112 11.095186 8.431943 6.419691 4.950142 3.912462 3.203736 2.735359 2.435723 2.250091 2.138671 2.073849 2.037279 2.017263 2.006630 2.001145 1.998396 1.997056 1.996421 1.996126 1.995989 1.995918 1.995864 1.995790 1.995655 1.995387 1.994863 1.993863 1.992004 1.988647 1.982761 1.972748 1.956231 1.929837 1.889019 1.828005 1.739978 1.617619 1.454094 1.244485 0.987486 0.686958 0.352720 0.000000 
50.000000 42.736705 35.726593 29.196391 23.324525 18.227348 13.955058 10.496781 7.792614 5.749454 4.257342 3.203736 2.484139 2.008580 1.704353 1.515878 1.402753 1.336940 1.299811 1.279490 1.268694 1.263126 1.260334 1.258975 1.258330 1.258031 1.257894 1.257826 1.257781 1.257726 1.257630 1.257444 1.257082 1.256393 1.255118 1.252827 1.248830 1.242069 1.230988 1.213403 1.186413 1.146397 1.089164 1.010328 0.905938 0.773336 0.612119 0.424948 0.217889 0.000000 
50.000000 42.663963 35.583647 28.988056 23.057402 17.909206 13.594164 10.101292 7.370085 5.306504 3.799484 2.735359 2.008580 1.528279 1.221020 1.030668 0.916417 0.849949 0.812451 0.791929 0.781026 0.775402 0.772583 0.771210 0.770559 0.770258 0.770121 0.770056 0.770017 0.769977 0.769912 0.769787 0.769546 0.769091 0.768251 0.766748 0.764139 0.759750 0.752597 0.741317 0.724120 0.698805 0.662869 0.613751 0.549213 0.467842 0.369584 0.256158 0.131201 0.000000 
50.000000 42.617422 35.492190 28.854764 22.886500 17.705664 13.363274 9.848273 7.099771 5.023128 3.506576 2.435723 1.704353 1.221020 0.911823 0.720271 0.605301 0.538415 0.500682 0.480030 0.469059 0.463400 0.460563 0.459182 0.458527 0.458225 0.458087 0.458024 0.457990 0.457961 0.457917 0.457837 0.457683 0.457393 0.456860 0.455912 0.454272 0.451527 0.447076 0.440097 0.429520 0.414048 0.392227 0.362598 0.323920 0.275456 0.217258 0.150386 0.076961 0.000000 
50.000000 42.588584 35.435523 28.772176 22.780611 17.579554 13.220221 9.691513 6.932297 4.847565 3.325109 2.250091 1.515879 1.030668 0.720271 0.527977 0.412561 0.345417 0.307538 0.286806 0.275793 0.270112 0.267265 0.265878 0.265221 0.264918 0.264781 0.264719 0.264688 0.264666 0.264637 0.264587 0.264492 0.264314 0.263989 0.263411 0.262417 0.260760 0.258087 0.253916 0.247628 0.238481 0.225652 0.208332 0.185846 0.157816 0.124312 0.085959 0.043960 0.000000 
50.000000 42.571274 35.401506 28.722600 22.717047 17.503853 13.134352 9.597416 6.831772 4.742186 3.216188 2.138671 1.402753 0.916417 0.605301 0.412561 0.296879 0.229579 0.191613 0.170833 0.159795 0.154101 0.151247 0.149857 0.149199 0.148895 0.148758 0.148697 0.148668 0.148651 0.148632 0.148601 0.148545 0.148440 0.148248 0.147908 0.147326 0.146360 0.144808 0.142397 0.138779 0.133542 0.126234 0.116414 0.103725 0.087977 0.069225 0.047826 0.024445 0.000000 
50.000000 42.561201 35.381714 28.693754 22.680064 17.459808 13.084391 9.542670 6.773287 4.680877 3.152820 2.073849 1.336940 0.849949 0.538415 0.345417 0.229579 0.162189 0.124172 0.103365 0.092312 0.086611 0.083753 0.082361 0.081702 0.081398 0.081261 0.081201 0.081173 0.081159 0.081146 0.081128 0.081095 0.081035 0.080926 0.080733 0.080403 0.079858 0.078986 0.077637 0.075621 0.072715 0.068676 0.063273 0.056320 0.047722 0.037517 0.025901 0.013232 0.000000 
50.000000 42.555518 35.370546 28.677479 22.659197 17.434957 13.056204 9.511783 6.740291 4.646289 3.117070 2.037280 1.299812 0.812452 0.500683 0.307539 0.191613 0.124173 0.086127 0.065305 0.054243 0.048537 0.045678 0.044285 0.043625 0.043321 0.043184 0.043124 0.043098 0.043085 0.043076 0.043065 0.043047 0.043013 0.042953 0.042847 0.042666 0.042369 0.041894 0.041162 0.040073 0.038509 0.036343 0.033456 0.029754 0.025190 0.019788 0.013654 0.006973 0.000000 
50.000000 42.552407 35.364433 28.668570 22.647775 17.421355 13.040776 9.494878 6.722231 4.627359 3.097504 2.017266 1.279492 0.791931 0.480032 0.286809 0.170836 0.103368 0.065306 0.044475 0.033409 0.027701 0.024840 0.023447 0.022787 0.022483 0.022346 0.022286 0.022260 0.022248 0.022242 0.022235 0.022225 0.022207 0.022175 0.022118 0.022022 0.021865 0.021614 0.021229 0.020658 0.019841 0.018713 0.017214 0.015298 0.012942 0.010160 0.007007 0.003577 0.000000 
50.000000 42.550755 35.361186 28.663838 22.641709 17.414131 13.032582 9.485899 6.712640 4.617305 3.087113 2.006637 1.268701 0.781033 0.469066 0.275800 0.159802 0.092319 0.054249 0.033414 0.022345 0.016636 0.013775 0.012381 0.011721 0.011416 0.011280 0.011220 0.011194 0.011183 0.011178 0.011173 0.011168 0.011158 0.011142 0.011112 0.011063 0.010982 0.010854 0.010657 0.010366 0.009951 0.009380 0.008624 0.007659 0.006475 0.005081 0.003502 0.001787 0.000000 
50.000000 42.549903 35.359514 28.661401 22.638584 17.410409 13.028360 9.481274 6.707699 4.612126 3.081760 2.001162 1.263143 0.775419 0.463417 0.270130 0.154118 0.086628 0.048554 0.027716 0.016646 0.010936 0.008075 0.006681 0.006020 0.005716 0.005580 0.005520 0.005494 0.005484 0.005479 0.005476 0.005472 0.005468 0.005459 0.005444 0.005420 0.005379 0.005315 0.005218 0.005073 0.004868 0.004587 0.004214 0.003741 0.003161 0.002479 0.001708 0.000872 0.000000 
50.000000 42.549480 35.358681 28.660187 22.637028 17.408557 13.026259 9.478972 6.705240 4.609549 3.079096 1.998437 1.260376 0.772626 0.460606 0.267308 0.151290 0.083796 0.045720 0.024881 0.013810 0.008100 0.005238 0.003844 0.003184 0.002880 0.002743 0.002683 0.002658 0.002647 0.002643 0.002640 0.002638 0.002636 0.002632 0.002624 0.002612 0.002592 0.002561 0.002513 0.002443 0.002343 0.002207 0.002027 0.001798 0.001519 0.001190 0.000820 0.000418 0.000000 
50.000000 42.549280 35.358289 28.659616 22.636296 17.407685 13.025271 9.477889 6.704083 4.608336 3.077843 1.997155 1.259075 0.771311 0.459283 0.265980 0.149959 0.082463 0.044386 0.023547 0.012476 0.006766 0.003904 0.002510 0.001849 0.001545 0.001409 0.001349 0.001323 0.001313 0.001308 0.001306 0.001305 0.001304 0.001302 0.001298 0.001292 0.001282 0.001266 0.001242 0.001207 0.001157 0.001089 0.001000 0.000887 0.000749 0.000587 0.000404 0.000206 0.000000 
50.000000 42.549202 35.358135 28.659392 22.636009 17.407343 13.024883 9.477464 6.703629 4.607860 3.077351 1.996652 1.258564 0.770796 0.458764 0.265459 0.149437 0.081940 0.043863 0.023023 0.011953 0.006242 0.003380 0.001986 0.001325 0.001021 0.000885 0.000825 0.000800 0.000789 0.000785 0.000783 0.000782 0.000781 0.000779 0.000777 0.000773 0.000767 0.000758 0.000743 0.000722 0.000692 0.000651 0.000598 0.000530 0.000447 0.000350 0.000241 0.000123 0.000000 
50.000000 42.549202 35.358135 28.659392 22.636009 17.407343 13.024883 9.477464 6.703629 4.607860 3.077351 1.996652 1.258564 0.770796 0.458764 0.265459 0.149437 0.081940 0.043863 0.023023 0.011953 0.006242 0.003380 0.001986 0.001325 0.001021 0.000885 0.000825 0.000800 0.000789 0.000785 0.000783 0.000782 0.000781 0.000779 0.000777 0.000773 0.000767 0.000758 0.000743 0.000722 0.000692 0.000651 0.000598 0.000530 0.000447 0.000350 0.000241 0.000123 0.000000 
50.000000 42.549280 35.358289 28.659616 22.636296 17.407685 13.025271 9.477889 6.704083 4.608336 3.077843 1.997155 1.259075 0.771311 0.459283 0.265980 0.149959 0.082463 0.044386 0.023547 0.012476 0.006766 0.003904 0.002510 0.001849 0.001545 0.001409 0.001349 0.001323 0.001313 0.001308 0.001306 0.001305 0.001304 0.001302 0.001298 0.001292 0.001282 0.001266 0.001242 0.001207 0.001157 0.001089 0.001000 0.000887 0.000749 0.000587 0.000404 0.000206 0.000000 
50.000000 42.549480 35.358681 28.660187 22.637028 17.408557 13.026259 9.478972 6.705240 4.609549 3.079096 1.998437 1.260376 0.772626 0.460606 0.267308 0.151290 0.083796 0.045720 0.024881 0.013810 0.008100 0.005238 0.003844 0.003184 0.002880 0.002743 0.002683 0.002658 0.002647 0.002643 0.002640 0.002638 0.002636 0.002632 0.002624 0.002612 0.002592 0.002561 0.002513 0.002443 0.002343 0.002207 0.002027 0.001798 0.001519 0.001190 0.000820 0.000418 0.000000 
50.000000 42.549903 35.359514 28.661401 22.638584 17.410409 13.028360 9.481274 6.707699 4.612126 3.081760 2.001162 1.263143 0.775419 0.463417 0.270130 0.154118 0.086628 0.048554 0.027716 0.016646 0.010936 0.008075 0.006681 0.006020 0.005716 0.005580 0.005520 0.005494 0.005484 0.005479 0.005476 0.005472 0.005468 0.005459 0.005444 0.005420 0.005379 0.005315 0.005218 0.005073 0.004868 0.004587 0.004214 0.003741 0.003161 0.002479 0.001708 0.000872 0.000000 
50.000000 42.550755 35.361186 28.663838 22.641709 17.414131 13.032582 9.485899 6.712640 4.617305 3.087113 2.006637 1.268701 0.781033 0.469066 0.275800 0.159802 0.092319 0.054249 0.033414 0.022345 0.016636 0.013775 0.012381 0.011721 0.011416 0.011280 0.011220 0.011194 0.011183 0.011178 0.011173 0.011168 0.011158 0.011142 0.011112 0.011063 0.010982 0.010854 0.010657 0.010366 0.009951 0.009380 0.008624 0.007659 0.006475 0.005081 0.003502 0.001787 0.000000 
50.000000 42.552407 35.364433 28.668570 22.647775 17.421355 13.040776 9.494878 6.722231 4.627359 3.097504 2.017266 1.279492 0.791931 0.480032 0.286809 0.170836 0.103368 0.065306 0.044475 0.033409 0.027701 0.024840 0.023447 0.022787 0.022483 0.022346 0.022286 0.022260 0.022248 0.022242 0.022235 0.022225 0.022207 0.022175 0.022118 0.022022 0.021865 0.021614 0.021229 0.020658 0.019841 0.018713 0.017214 0.015298 0.012942 0.010160 0.007007 0.003577 0.000000 
50.000000 42.555518 35.370546 28.677479 22.659197 17.434957 13.056204 9.511783 6.740291 4.646289 3.117070 2.037280 1.299812 0.812452 0.500683 0.307539 0.191613 0.124173 0.086127 0.065305 0.054243 0.048537 0.045678 0.044285 0.043625 0.043321 0.043184 0.043124 0.043098 0.043085 0.043076 0.043065 0.043047 0.043013 0.042953 0.042847 0.042666 0.042369 0.041894 0.041162 0.040073 0.038509 0.036343 0.033456 0.029754 0.025190 0.019788 0.013654 0.006973 0.000000 
50.000000 42.561201 35.381714 28.693754 22.680064 17.459808 13.084391 9.542670 6.773287 4.680877 3.152820 2.073849 1.336940 0.849949 0.538415 0.345417 0.229579 0.162189 0.124172 0.103365 0.092312 0.086611 0.083753 0.082361 0.081702 0.081398 0.081261 0.081201 0.081173 0.081159 0.081146 0.081128 0.081095 0.081035 0.080926 0.080733 0.080403 0.079858 0.078986 0.077637 0.075621 0.072715 0.068676 0.063273 0.056320 0.047722 0.037517 0.025901 0.013232 0.000000 
50.000000 42.571274 35.401506 28.722600 22.717047 17.503853 13.134352 9.597416 6.831772 4.742186 3.216188 2.138671 1.402753 0.916417 0.605301 0.412561 0.296879 0.229579 0.191613 0.170833 0.159795 0.154101 0.151247 0.149857 0.149199 0.148895 0.148758 0.148697 0.148668 0.148651 0.148632 0.148601 0.148545 0.148440 0.148248 0.147908 0.147326 0.146360 0.144808 0.142397 0.138779 0.133542 0.126234 0.116414 0.103725 0.087977 0.069225 0.047826 0.024445 0.000000 
50.000000 42.588584 35.435523 28.772176 22.780611 17.579554 13.220221 9.691513 6.932297 4.847565 3.325109 2.250091 1.515879 1.030668 0.720271 0.527977 0.412561 0.345417 0.307538 0.286806 0.275793 0.270112 0.267265 0.265878 0.265221 0.264918 0.264781 0.264719 0.264688 0.264666 0.264637 0.264587 0.264492 0.264314 0.263989 0.263411 0.262417 0.260760 0.258087 0.253916 0.247628 0.238481 0.225652 0.208332 0.185846 0.157816 0.124312 0.085959 0.043960 0.000000 
50.000000 42.617422 35.492190 28.854764 22.886500 17.705664 13.363274 9.848273 7.099771 5.023128 3.506576 2.435723 1.704353 1.221020 0.911823 0.720271 0.605301 0.538415 0.500682 0.480030 0.469059 0.463400 0.460563 0.459182 0.458527 0.458225 0.458087 0.458024 0.457990 0.457961 0.457917 0.457837 0.457683 0.457393 0.456860 0.455912 0.454272 0.451527 0.447076 0.440097 0.429520 0.414048 0.392227 0.362598 0.323920 0.275456 0.217258 0.150386 0.076961 0.000000 
50.000000 42.663963 35.583647 28.988056 23.057402 17.909206 13.594164 10.101292 7.370085 5.306504 3.799484 2.735359 2.008580 1.528279 1.221020 1.030668 0.916417 0.849949 0.812451 0.791929 0.781026 0.775402 0.772583 0.771210 0.770559 0.770258 0.770121 0.770056 0.770017 0.769977 0.769912 0.769787 0.769546 0.769091 0.768251 0.766748 0.764139 0.759750 0.752597 0.741317 0.724120 0.698805 0.662869 0.613751 0.549213 0.467842 0.369584 0.256158 0.131201 0.000000 
50.000000 42.736705 35.726593 29.196391 23.324525 18.227348 13.955058 10.496781 7.792614 5.749454 4.257342 3.203736 2.484139 2.008580 1.704353 1.515878 1.402753 1.336940 1.299811 1.279490 1.268694 1.263126 1.260334 1.258975 1.258330 1.258031 1.257894 1.257826 1.257781 1.257726 1.257630 1.257444 1.257082 1.256393 1.255118 1.252827 1.248830 1.242069 1.230988 1.213403 1.186413 1.146397 1.089164 1.010328 0.905938 0.773336 0.612119 0.424948 0.217889 0.000000 
50.000000 42.846764 35.942868 29.511603 23.728687 18.708710 14.501112 11.095186 8.431943 6.419691 4.950142 3.912462 3.203736 2.735359 2.435723 2.250091 2.138671 2.073849 2.037279 2.017263 2.006630 2.001145 1.998396 1.997056 1.996421 1.996126 1.995989 1.995918 1.995864 1.995790 1.995655 1.995387 1.994863 1.993863 1.992004 1.988647 1.982761 1.972748 1.956231 1.929837 1.889019 1.828005 1.739978 1.617619 1.454094 1.244485 0.987486 0.686958 0.352720 0.000000 
50.000000 43.007889 36.259497 29.973079 24.320392 19.413447 15.300571 11.971302 9.367985 7.400999 5.964496 4.950142 4.257342 3.799484 3.506576 3.325109 3.216188 3.152819 3.117069 3.097501 3.087106 3.081744 3.079056 3.077746 3.077124 3.076835 3.076698 3.076624 3.076559 3.076462 3.076277 3.075908 3.075183 3.073791 3.071193 3.066479 3.058167 3.043939 3.020305 2.982248 2.922892 2.833339 2.702834 2.519482 2.271710 1.950566 1.552646 1.083029 0.557103 0.000000 
50.000000 43.236052 36.707863 30.626561 25.158296 20.411423 16.432695 13.211997 10.693559 8.790689 7.400999 6.419691 5.749454 5.306504 5.023128 4.847565 4.742186 4.680877 4.646288 4.627356 4.617299 4.612110 4.609509 4.608242 4.607640 4.607358 4.607224 4.607145 4.607069 4.606945 4.606703 4.606217 4.605257 4.603407 4.599937 4.593608 4.582384 4.563041 4.530672 4.478107 4.395345 4.269156 4.083116 3.818429 3.455937 2.979622 2.381511 1.667144 0.859699 0.000000 
50.000000 43.548448 37.321760 31.521305 26.305559 21.777871 17.982838 14.910816 12.508617 10.693559 9.367985 8.431943 7.792614 7.370085 7.099771 6.932297 6.831772 6.773287 6.740290 6.722229 6.712634 6.707684 6.705203 6.703993 6.703418 6.703148 6.703017 6.702935 6.702847 6.702695 6.702393 6.701783 6.700572 6.698230 6.693817 6.685723 6.671281 6.646218 6.603938 6.534647 6.424403 6.254309 6.000171 5.633199 5.122459 4.439834 3.567892 2.509870 1.298783 0.000000 
50.000000 43.961877 38.134201 32.705432 27.823886 23.586290 20.034386 17.159153 14.910816 13.211997 11.971302 11.095186 10.496781 10.101292 9.848273 9.691513 9.597416 9.542670 9.511782 9.494876 9.485894 9.481260 9.478937 9.477804 9.477265 9.477011 9.476885 9.476801 9.476702 9.476525 9.476167 9.475441 9.473994 9.471183 9.465860 9.456046 9.438423 9.407617 9.355208 9.268468 9.128881 8.910645 8.579576 8.093144 7.402837 6.460427 5.229737 3.704205 1.926595 0.000000 
50.000000 44.490561 39.173136 34.219679 29.765516 25.898907 22.657939 20.034386 17.982838 16.432695 15.300571 14.501112 13.955058 13.594164 13.363274 13.220221 13.134352 13.084391 13.056203 13.040774 13.032576 13.028347 13.026227 13.025193 13.024700 13.024467 13.024349 13.024265 13.024159 13.023963 13.023564 13.022748 13.021118 13.017938 13.011890 13.000676 12.980413 12.944730 12.883493 12.781089 12.614266 12.349638 11.941242 11.328969 10.439515 9.192603 7.516543 5.377111 2.818648 0.000000 
50.000000 45.143647 40.456540 36.090246 32.164049 28.755744 25.898907 23.586290 21.777871 20.411423 19.413447 18.708710 18.227348 17.909206 17.705664 17.579553 17.503853 17.459807 17.434957 17.421354 17.414126 17.410398 17.408528 17.407616 17.407182 17.406975 17.406868 17.406788 17.406680 17.406477 17.406059 17.405204 17.403488 17.400127 17.393707 17.381744 17.359993 17.321410 17.254616 17.141737 16.955486 16.655412 16.183453 15.459392 14.377872 12.810829 10.623042 7.713515 4.095289 0.000000 
50.000000 45.922788 41.987664 38.321876 35.025566 32.164049 29.765516 27.823886 26.305559 25.158296 24.320392 23.728687 23.324525 23.057402 22.886500 22.780611 22.717047 22.680063 22.659196 22.647774 22.641705 22.638574 22.637004 22.636238 22.635872 22.635698 22.635606 22.635534 22.635432 22.635237 22.634835 22.634007 22.632342 22.629070 22.622794 22.611044 22.589560 22.551189 22.484202 22.369826 22.178674 21.865725 21.363459 20.572913 19.353220 17.512783 14.812345 11.006338 5.975048 0.000000 
50.000000 46.820308 43.751424 40.892580 38.321876 36.090246 34.219679 32.705432 31.521305 30.626561 29.973079 29.511603 29.196391 28.988056 28.854764 28.772176 28.722600 28.693754 28.677478 28.668569 28.663835 28.661393 28.660168 28.659571 28.659285 28.659149 28.659075 28.659016 28.658929 28.658761 28.658411 28.657691 28.656238 28.653375 28.647865 28.637505 28.618472 28.584272 28.524117 28.420432 28.245050 27.953413 27.475695 26.703136 25.467204 23.509531 20.446290 15.757080 8.916945 0.000000 
50.000000 47.818424 45.712871 43.751424 41.987664 40.456540 39.173136 38.134201 37.321760 36.707863 36.259497 35.942868 35.726593 35.583647 35.492190 35.435523 35.401506 35.381714 35.370546 35.364432 35.361184 35.359508 35.358668 35.358258 35.358062 35.357968 35.357917 35.357874 35.357811 35.357686 35.357427 35.356893 35.355813 35.353680 35.349565 35.341804 35.327489 35.301644 35.255911 35.176469 35.040719 34.811890 34.429996 33.796025 32.743025 30.981326 27.994343 22.856435 14.036246 0.000000 
50.000000 48.889869 47.818424 46.820308 45.922788 45.143647 44.490561 43.961877 43.548448 43.236052 43.007889 42.846764 42.736705 42.663963 42.617421 42.588584 42.571274 42.561201 42.555518 42.552407 42.550754 42.549901 42.549473 42.549264 42.549165 42.549117 42.549090 42.549068 42.549035 42.548968 42.548830 42.548545 42.547969 42.546829 42.544625 42.540461 42.532761 42.518817 42.494043 42.450787 42.376353 42.249665 42.035282 41.671913 41.048358 39.947739 37.903363 33.782177 24.444935 0.000000 
50.000000 50.000000 50.000000 50.000000 50.000000 50.000000 50.000000 50.000000 50.000000 50.000000 50.000000 50.000000 50.000000 50.000000 50.000000 50.000000 50.000000 50.000000 50.000000 50.000000 50.000000 50.000000 50.000000 50.000000 50.000000 50.000000 50.000000 50.000000 50.000000 50.000000 50.000000 50.000000 50.000000 50.000000 50.000000 50.000000 50.000000 50.000000 50.000000 50.000000 50.000000 50.000000 50.000000 50.000000 50.000000 50.000000 50.000000 50.000000 50.000000 50.000000 
