50.000000 50.000000 50.000000 50.000000 50.000000 50.000000 50.000000 50.000000 50.000000 50.000000 50.000000 50.000000 50.000000 50.000000 50.000000 50.000000 50.000000 50.000000 50.000000 50.000000 50.000000 50.000000 50.000000 50.000000 50.000000 50.000000 50.000000 50.000000 50.000000 50.000000 50.000000 50.000000 50.000000 50.000000 50.000000 50.000000 50.000000 50.000000 50.000000 50.000000 50.000000 50.000000 50.000000 50.000000 50.000000 50.000000 50.000000 50.000000 50.000000 50.000000 
50.000000 48.840542 47.723282 46.685814 45.757363 44.956476 44.290443 43.756329 43.343179 43.034820 42.812680 42.658158 42.554328 42.486904 42.444574 42.418867 42.403759 42.395161 42.390422 42.387890 42.386578 42.385919 42.385597 42.385444 42.385373 42.385340 42.385322 42.385307 42.385283 42.385234 42.385128 42.384905 42.384441 42.383504 42.381653 42.378082 42.371349 42.358930 42.336483 42.296660 42.227124 42.107188 41.901793 41.549979 40.940765 39.857321 37.832791 33.733728 24.420271 0.000000 
50.000000 47.723282 45.529424 43.492249 41.669143 40.096525 38.788710 37.739931 36.928678 36.323194 35.887008 35.583595 35.379721 35.247333 35.164216 35.113741 35.084075 35.067195 35.057889 35.052917 35.050342 35.049047 35.048415 35.048115 35.047976 35.047911 35.047876 35.047847 35.047802 35.047710 35.047512 35.047094 35.046229 35.044480 35.041032 35.034394 35.021910 34.998951 34.957622 34.884680 34.758202 34.542154 34.177277 33.565183 32.539331 30.810148 27.860738 22.764712 13.989553 0.000000 
50.000000 46.685814 43.492249 40.526770 37.872914 35.583694 33.679949 32.153283 30.972379 30.091010 29.456082 29.014428 28.717666 28.524962 28.403979 28.330508 28.287329 28.262758 28.249214 28.241978 28.238228 28.236344 28.235424 28.234988 28.234785 28.234691 28.234642 28.234601 28.234540 28.234416 28.234150 28.233589 28.232429 28.230092 28.225495 28.216673 28.200145 28.169895 28.115770 28.020983 27.858293 27.584152 27.129728 26.387116 25.188351 23.275190 20.263385 15.631512 8.853022 0.000000 
50.000000 45.757363 41.669143 37.872914 34.475615 31.545114 29.108084 27.153773 25.642089 24.513852 23.701090 23.135740 22.755868 22.509199 22.354337 22.260293 22.205024 22.173574 22.156238 22.146976 22.142178 22.139766 22.138588 22.138030 22.137771 22.137651 22.137590 22.137541 22.137469 22.137326 22.137022 22.136381 22.135061 22.132406 22.127201 22.117254 22.098709 22.064972 22.005059 21.901122 21.724862 21.432440 20.957506 20.202099 19.026015 17.237808 14.597724 10.858996 5.900041 0.000000 
50.000000 44.956476 40.096525 35.583694 31.545114 28.061462 25.164445 22.841277 21.044293 19.703136 18.737000 18.064974 17.613428 17.320222 17.136147 17.024364 16.958671 16.921290 16.900685 16.889677 16.883973 16.881107 16.879708 16.879044 16.878737 16.878595 16.878524 16.878470 16.878395 16.878247 16.877934 16.877277 16.875926 16.873220 16.867936 16.857884 16.839251 16.805584 16.746293 16.644487 16.474033 16.195735 15.752771 15.065987 14.030731 12.519099 10.395344 7.557193 4.015711 0.000000 
50.000000 44.290443 38.788710 33.679949 29.108084 25.164445 21.884924 19.255039 17.220826 15.702633 14.608978 13.848260 13.337129 13.005237 12.796877 12.670350 12.595993 12.553683 12.530361 12.517902 12.511447 12.508202 12.506619 12.505868 12.505521 12.505362 12.505283 12.505227 12.505154 12.505013 12.504716 12.504095 12.502824 12.500286 12.495353 12.486018 12.468816 12.437962 12.384095 12.292568 12.141262 11.898026 11.518112 10.942462 10.098459 8.905985 7.292833 5.223527 2.740464 0.000000 
50.000000 43.756329 37.739931 32.153283 27.153773 22.841277 19.255039 16.379219 14.154796 12.494662 11.298771 10.466952 9.908055 9.545153 9.317329 9.178984 9.097684 9.051424 9.025926 9.012304 9.005247 9.001700 8.999969 8.999148 8.998769 8.998596 8.998512 8.998457 8.998389 8.998263 8.998000 8.997453 8.996337 8.994117 8.989823 8.981738 8.966935 8.940578 8.894960 8.818242 8.692953 8.494430 8.189609 7.736927 7.088507 6.196267 5.023555 3.562654 1.854536 0.000000 
50.000000 43.343179 36.928678 30.972379 25.642089 21.044293 17.220826 14.154796 11.783270 10.013367 8.738418 7.851621 7.255792 6.868916 6.626045 6.478566 6.391899 6.342586 6.315406 6.300885 6.293363 6.289582 6.287738 6.286863 6.286459 6.286276 6.286189 6.286135 6.286076 6.285969 6.285751 6.285296 6.284374 6.282547 6.279029 6.272442 6.260455 6.239268 6.202903 6.142342 6.044555 5.891635 5.660366 5.322800 4.848558 4.209649 3.388227 2.386523 1.235991 0.000000 
50.000000 43.034820 36.323194 30.091010 24.513852 19.703136 15.702633 12.494662 10.013367 8.161561 6.827627 5.899813 5.276434 4.871675 4.617582 4.463290 4.372621 4.321032 4.292598 4.277408 4.269539 4.265584 4.263654 4.262739 4.262317 4.262126 4.262037 4.261986 4.261936 4.261850 4.261677 4.261321 4.260599 4.259175 4.256446 4.251364 4.242173 4.226038 4.198566 4.153229 4.080780 3.968812 3.801709 3.561371 3.229103 2.788991 2.232717 1.564992 0.807696 0.000000 
50.000000 42.812680 35.887008 29.456082 23.701090 18.737000 14.608978 11.298771 8.738418 6.827627 5.451217 4.493869 3.850654 3.433019 3.170848 3.011652 2.918103 2.864877 2.835540 2.819868 2.811750 2.807670 2.805679 2.804735 2.804300 2.804104 2.804014 2.803966 2.803924 2.803858 2.803728 2.803461 2.802924 2.801869 2.799856 2.796126 2.789420 2.777724 2.757957 2.725608 2.674398 2.596076 2.480528 2.316410 2.092513 1.799968 1.435099 1.002327 0.516020 0.000000 
50.000000 42.658158 35.583595 29.014428 23.135740 18.064974 13.848260 10.466952 7.851621 5.899813 4.493869 3.515988 2.858983 2.432399 2.164612 2.002010 1.906459 1.852095 1.822131 1.806125 1.797833 1.793666 1.791633 1.790670 1.790226 1.790025 1.789935 1.789890 1.789855 1.789806 1.789713 1.789522 1.789141 1.788395 1.786977 1.784364 1.779690 1.771590 1.757994 1.735912 1.701247 1.648718 1.571992 1.464166 1.318681 1.130681 0.898658 0.625973 0.321675 0.000000 
50.000000 42.554328 35.379721 28.717666 22.755868 17.613428 13.337129 9.908055 7.255792 5.276434 3.850654 2.858983 2.192718 1.760126 1.488570 1.323679 1.226786 1.171658 1.141274 1.125043 1.116635 1.112410 1.110348 1.109371 1.108921 1.108719 1.108629 1.108586 1.108557 1.108521 1.108456 1.108326 1.108067 1.107562 1.106607 1.104853 1.101734 1.096359 1.087392 1.072930 1.050396 1.016524 0.967476 0.899167 0.807844 0.690895 0.547770 0.380769 0.195398 0.000000 
50.000000 42.486904 35.247333 28.524962 22.509199 17.320222 13.005237 9.545153 6.868916 4.871675 3.433019 2.432399 1.760126 1.323635 1.049634 0.883260 0.785495 0.729872 0.699215 0.682839 0.674356 0.670093 0.668013 0.667027 0.666573 0.666370 0.666279 0.666238 0.666214 0.666188 0.666145 0.666059 0.665890 0.665563 0.664945 0.663816 0.661818 0.658391 0.652709 0.643600 0.629502 0.608460 0.578217 0.536421 0.480972 0.410490 0.324817 0.225423 0.115555 0.000000 
50.000000 42.444574 35.164216 28.403979 22.354337 17.136147 12.796877 9.317329 6.626045 4.617582 3.170848 2.164612 1.488570 1.049634 0.774098 0.606794 0.508484 0.452550 0.421722 0.405254 0.396724 0.392437 0.390346 0.389355 0.388899 0.388694 0.388604 0.388564 0.388543 0.388524 0.388496 0.388442 0.388336 0.388132 0.387748 0.387049 0.385818 0.383716 0.380249 0.374721 0.366217 0.353604 0.335591 0.310860 0.278263 0.237083 0.187306 0.129822 0.066492 0.000000 
50.000000 42.418867 35.113741 28.330508 22.260293 17.024364 12.670350 9.178984 6.478566 4.463290 3.011652 2.002010 1.323679 0.883260 0.606794 0.438926 0.340284 0.284162 0.253231 0.236708 0.228149 0.223848 0.221749 0.220755 0.220297 0.220092 0.220002 0.219963 0.219944 0.219930 0.219912 0.219879 0.219815 0.219693 0.219463 0.219046 0.218315 0.217073 0.215033 0.211796 0.206843 0.199537 0.189162 0.174997 0.156428 0.133092 0.105013 0.072709 0.037214 0.000000 
50.000000 42.403759 35.084076 28.287329 22.205024 16.958671 12.595993 9.097684 6.391899 4.372621 2.918103 1.906459 1.226786 0.785495 0.508484 0.340284 0.241448 0.185215 0.154223 0.137668 0.129092 0.124783 0.122680 0.121684 0.121226 0.121020 0.120930 0.120892 0.120874 0.120864 0.120852 0.120832 0.120795 0.120724 0.120591 0.120352 0.119933 0.119224 0.118065 0.116234 0.113446 0.109352 0.103567 0.095707 0.085451 0.072619 0.057237 0.039595 0.020255 0.000000 
50.000000 42.395161 35.067195 28.262758 22.173575 16.921290 12.553683 9.051424 6.342586 4.321032 2.864877 1.852095 1.171658 0.729872 0.452550 0.284162 0.185216 0.128921 0.097894 0.081320 0.072735 0.068421 0.066316 0.065319 0.064860 0.064654 0.064564 0.064526 0.064509 0.064501 0.064493 0.064482 0.064461 0.064421 0.064347 0.064214 0.063982 0.063591 0.062955 0.061953 0.060434 0.058213 0.055088 0.050859 0.045364 0.038514 0.030329 0.020966 0.010720 0.000000 
50.000000 42.390422 35.057889 28.249214 22.156239 16.900685 12.530361 9.025926 6.315406 4.292598 2.835540 1.822132 1.141274 0.699216 0.421723 0.253231 0.154224 0.097894 0.066849 0.050265 0.041674 0.037357 0.035251 0.034254 0.033794 0.033589 0.033499 0.033461 0.033445 0.033437 0.033432 0.033425 0.033414 0.033392 0.033352 0.033281 0.033157 0.032948 0.032610 0.032080 0.031278 0.030110 0.028473 0.026267 0.023409 0.019857 0.015626 0.010795 0.005518 0.000000 
50.000000 42.387890 35.052918 28.241978 22.146977 16.889678 12.517903 9.012305 6.300887 4.277409 2.819870 1.806126 1.125044 0.682840 0.405256 0.236709 0.137669 0.081321 0.050266 0.033676 0.025083 0.020765 0.018658 0.017660 0.017201 0.016995 0.016905 0.016867 0.016851 0.016844 0.016840 0.016837 0.016830 0.016819 0.016798 0.016761 0.016697 0.016589 0.016415 0.016143 0.015733 0.015137 0.014306 0.013188 0.011744 0.009956 0.007829 0.005406 0.002762 0.000000 
50.000000 42.386579 35.050343 28.238230 22.142180 16.883976 12.511450 9.005250 6.293367 4.269542 2.811754 1.797837 1.116639 0.674360 0.396728 0.228153 0.129096 0.072739 0.041678 0.025086 0.016491 0.012172 0.010065 0.009067 0.008607 0.008402 0.008312 0.008274 0.008258 0.008252 0.008248 0.008246 0.008243 0.008237 0.008226 0.008208 0.008175 0.008122 0.008035 0.007899 0.007696 0.007401 0.006990 0.006440 0.005732 0.004856 0.003816 0.002634 0.001346 0.000000 
50.000000 42.385920 35.049050 28.236348 22.139771 16.881114 12.508210 9.001708 6.289592 4.265593 2.807679 1.793676 1.112420 0.670103 0.392448 0.223858 0.124793 0.068431 0.037367 0.020774 0.012178 0.007859 0.005752 0.004753 0.004294 0.004088 0.003998 0.003961 0.003945 0.003938 0.003935 0.003934 0.003932 0.003929 0.003924 0.003915 0.003899 0.003873 0.003831 0.003765 0.003667 0.003525 0.003328 0.003064 0.002726 0.002308 0.001813 0.001251 0.000639 0.000000 
50.000000 42.385601 35.048423 28.235436 22.138603 16.879725 12.506639 8.999991 6.287761 4.263678 2.805704 1.791658 1.110374 0.668038 0.390372 0.221775 0.122706 0.066342 0.035277 0.018683 0.010087 0.005767 0.003660 0.002662 0.002202 0.001996 0.001907 0.001869 0.001853 0.001847 0.001844 0.001843 0.001842 0.001840 0.001838 0.001833 0.001826 0.001813 0.001793 0.001762 0.001716 0.001649 0.001556 0.001432 0.001273 0.001077 0.000846 0.000584 0.000298 0.000000 
50.000000 42.385454 35.048135 28.235017 22.138067 16.879088 12.505918 8.999202 6.286920 4.262799 2.804796 1.790732 1.109434 0.667090 0.389419 0.220819 0.121748 0.065382 0.034317 0.017722 0.009127 0.004807 0.002700 0.001701 0.001242 0.001036 0.000946 0.000908 0.000893 0.000886 0.000884 0.000883 0.000882 0.000881 0.000880 0.000878 0.000874 0.000868 0.000858 0.000843 0.000821 0.000788 0.000744 0.000684 0.000608 0.000514 0.000404 0.000278 0.000142 0.000000 
50.000000 42.385398 35.048024 28.234855 22.137860 16.878842 12.505640 8.998898 6.286596 4.262460 2.804447 1.790375 1.109072 0.666725 0.389051 0.220450 0.121379 0.065013 0.033947 0.017352 0.008757 0.004437 0.002329 0.001331 0.000871 0.000666 0.000576 0.000538 0.000523 0.000516 0.000514 0.000513 0.000512 0.000512 0.000511 0.000510 0.000507 0.000504 0.000498 0.000489 0.000476 0.000457 0.000431 0.000396 0.000352 0.000298 0.000234 0.000161 0.000082 0.000000 
50.000000 42.385398 35.048024 28.234855 22.137860 16.878842 12.505640 8.998898 6.286596 4.262460 2.804447 1.790375 1.109072 0.666725 0.389051 0.220450 0.121379 0.065013 0.033947 0.017352 0.008757 0.004437 0.002329 0.001331 0.000871 0.000666 0.000576 0.000538 0.000523 0.000516 0.000514 0.000513 0.000512 0.000512 0.000511 0.000510 0.000507 0.000504 0.000498 0.000489 0.000476 0.000457 0.000431 0.000396 0.000352 0.000298 0.000234 0.000161 0.000082 0.000000 
50.000000 42.385454 35.048135 28.235017 22.138067 16.879088 12.505918 8.999202 6.286920 4.262799 2.804796 1.790732 1.109434 0.667090 0.389419 0.220819 0.121748 0.065382 0.034317 0.017722 0.009127 0.004807 0.002700 0.001701 0.001242 0.001036 0.000946 0.000908 0.000893 0.000886 0.000884 0.000883 0.000882 0.000881 0.000880 0.000878 0.000874 0.000868 0.000858 0.000843 0.000821 0.000788 0.000744 0.000684 0.000608 0.000514 0.000404 0.000278 0.000142 0.000000 
50.000000 42.385601 35.048423 28.235436 22.138603 16.879725 12.506639 8.999991 6.287761 4.263678 2.805704 1.791658 1.110374 0.668038 0.390372 0.221775 0.122706 0.066342 0.035277 0.018683 0.010087 0.005767 0.003660 0.002662 0.002202 0.001996 0.001907 0.001869 0.001853 0.001847 0.001844 0.001843 0.001842 0.001840 0.001838 0.001833 0.001826 0.001813 0.001793 0.001762 0.001716 0.001649 0.001556 0.001432 0.001273 0.001077 0.000846 0.000584 0.000298 0.000000 
50.000000 42.385920 35.049050 28.236348 22.139771 16.881114 12.508210 9.001708 6.289592 4.265593 2.807679 1.793676 1.112420 0.670103 0.392448 0.223858 0.124793 0.068431 0.037367 0.020774 0.012178 0.007859 0.005752 0.004753 0.004294 0.004088 0.003998 0.003961 0.003945 0.003938 0.003935 0.003934 0.003932 0.003929 0.003924 0.003915 0.003899 0.003873 0.003831 0.003765 0.003667 0.003525 0.003328 0.003064 0.002726 0.002308 0.001813 0.001251 0.000639 0.000000 
50.000000 42.386579 35.050343 28.238230 22.142180 16.883976 12.511450 9.005250 6.293367 4.269542 2.811754 1.797837 1.116639 0.674360 0.396728 0.228153 0.129096 0.072739 0.041678 0.025086 0.016491 0.012172 0.010065 0.009067 0.008607 0.008402 0.008312 0.008274 0.008258 0.008252 0.008248 0.008246 0.008243 0.008237 0.008226 0.008208 0.008175 0.008122 0.008035 0.007899 0.007696 0.007401 0.006990 0.006440 0.005732 0.004856 0.003816 0.002634 0.001346 0.000000 
50.000000 42.387890 35.052918 28.241978 22.146977 16.889678 12.517903 9.012305 6.300887 4.277409 2.819870 1.806126 1.125044 0.682840 0.405256 0.236709 0.137669 0.081321 0.050266 0.033676 0.025083 0.020765 0.018658 0.017660 0.017201 0.016995 0.016905 0.016867 0.016851 0.016844 0.016840 0.016837 0.016830 0.016819 0.016798 0.016761 0.016697 0.016589 0.016415 0.016143 0.015733 0.015137 0.014306 0.013188 0.011744 0.009956 0.007829 0.005406 0.002762 0.000000 
50.000000 42.390422 35.057889 28.249214 22.156239 16.900685 12.530361 9.025926 6.315406 4.292598 2.835540 1.822132 1.141274 0.699216 0.421723 0.253231 0.154224 0.097894 0.066849 0.050265 0.041674 0.037357 0.035251 0.034254 0.033794 0.033589 0.033499 0.033461 0.033445 0.033437 0.033432 0.033425 0.033414 0.033392 0.033352 0.033281 0.033157 0.032948 0.032610 0.032080 0.031278 0.030110 0.028473 0.026267 0.023409 0.019857 0.015626 0.010795 0.005518 0.000000 
50.000000 42.395161 35.067195 28.262758 22.173575 16.921290 12.553683 9.051424 6.342586 4.321032 2.864877 1.852095 1.171658 0.729872 0.452550 0.284162 0.185216 0.128921 0.097894 0.081320 0.072735 0.068421 0.066316 0.065319 0.064860 0.064654 0.064564 0.064526 0.064509 0.064501 0.064493 0.064482 0.064461 0.064421 0.064347 0.064214 0.063982 0.063591 0.062955 0.061953 0.060434 0.058213 0.055088 0.050859 0.045364 0.038514 0.030329 0.020966 0.010720 0.000000 
50.000000 42.403759 35.084076 28.287329 22.205024 16.958671 12.595993 9.097684 6.391899 4.372621 2.918103 1.906459 1.226786 0.785495 0.508484 0.340284 0.241448 0.185215 0.154223 0.137668 0.129092 0.124783 0.122680 0.121684 0.121226 0.121020 0.120930 0.120892 0.120874 0.120864 0.120852 0.120832 0.120795 0.120724 0.120591 0.120352 0.119933 0.119224 0.118065 0.116234 0.113446 0.109352 0.103567 0.095707 0.085451 0.072619 0.057237 0.039595 0.020255 0.000000 
50.000000 42.418867 35.113741 28.330508 22.260293 17.024364 12.670350 9.178984 6.478566 4.463290 3.011652 2.002010 1.323679 0.883260 0.606794 0.438926 0.340284 0.284162 0.253231 0.236708 0.228149 0.223848 0.221749 0.220755 0.220297 0.220092 0.220002 0.219963 0.219944 0.219930 0.219912 0.219879 0.219815 0.219693 0.219463 0.219046 0.218315 0.217073 0.215033 0.211796 0.206843 0.199537 0.189162 0.174997 0.156428 0.133092 0.105013 0.072709 0.037214 0.000000 
50.000000 42.444574 35.164216 28.403979 22.354337 17.136147 12.796877 9.317329 6.626045 4.617582 3.170848 2.164612 1.488570 1.049634 0.774098 0.606794 0.508484 0.452550 0.421722 0.405254 0.396724 0.392437 0.390346 0.389355 0.388899 0.388694 0.388604 0.388564 0.388543 0.388524 0.388496 0.388442 0.388336 0.388132 0.387748 0.387049 0.385818 0.383716 0.380249 0.374721 0.366217 0.353604 0.335591 0.310860 0.278263 0.237083 0.187306 0.129822 0.066492 0.000000 
50.000000 42.486904 35.247333 28.524962 22.509199 17.320222 13.005237 9.545153 6.868916 4.871675 3.433019 2.432399 1.760126 1.323635 1.049634 0.883260 0.785495 0.729872 0.699215 0.682839 0.674356 0.670093 0.668013 0.667027 0.666573 0.666370 0.666279 0.666238 0.666214 0.666188 0.666145 0.666059 0.665890 0.665563 0.664945 0.663816 0.661818 0.658391 0.652709 0.643600 0.629502 0.608460 0.578217 0.536421 0.480972 0.410490 0.324817 0.225423 0.115555 0.000000 
50.000000 42.554328 35.379721 28.717666 22.755868 17.613428 13.337129 9.908055 7.255792 5.276434 3.850654 2.858983 2.192718 1.760126 1.488570 1.323679 1.226786 1.171658 1.141274 1.125043 1.116635 1.112410 1.110348 1.109371 1.108921 1.108719 1.108629 1.108586 1.108557 1.108521 1.108456 1.108326 1.108067 1.107562 1.106607 1.104853 1.101734 1.096359 1.087392 1.072930 1.050396 1.016524 0.967476 0.899167 0.807844 0.690895 0.547770 0.380769 0.195398 0.000000 
50.000000 42.658158 35.583595 29.014428 23.135740 18.064974 13.848260 10.466952 7.851621 5.899813 4.493869 3.515988 2.858983 2.432399 2.164612 2.002010 1.906459 1.852095 1.822131 1.806125 1.797833 1.793666 1.791633 1.790670 1.790226 1.790025 1.789935 1.789890 1.789855 1.789806 1.789713 1.789522 1.789141 1.788395 1.786977 1.784364 1.779690 1.771590 1.757994 1.735912 1.701247 1.648718 1.571992 1.464166 1.318681 1.130681 0.898658 0.625973 0.321675 0.000000 
50.000000 42.812680 35.887008 29.456082 23.701090 18.737000 14.608978 11.298771 8.738418 6.827627 5.451217 4.493869 3.850654 3.433019 3.170848 3.011652 2.918103 2.864877 2.835540 2.819868 2.811750 2.807670 2.805679 2.804735 2.804300 2.804104 2.804014 2.803966 2.803924 2.803858 2.803728 2.803461 2.802924 2.801869 2.799856 2.796126 2.789420 2.777724 2.757957 2.725608 2.674398 2.596076 2.480528 2.316410 2.092513 1.799968 1.435099 1.002327 0.516020 0.000000 
50.000000 43.034820 36.323194 30.091010 24.513852 19.703136 15.702633 12.494662 10.013367 8.161561 6.827627 5.899813 5.276434 4.871675 4.617582 4.463290 4.372621 4.321032 4.292598 4.277408 4.269539 4.265584 4.263654 4.262739 4.262317 4.262126 4.262037 4.261986 4.261936 4.261850 4.261677 4.261321 4.260599 4.259175 4.256446 4.251364 4.242173 4.226038 4.198566 4.153229 4.080780 3.968812 3.801709 3.561371 3.229103 2.788991 2.232717 1.564992 0.807696 0.000000 
50.000000 43.343179 36.928678 30.972379 25.642089 21.044293 17.220826 14.154796 11.783270 10.013367 8.738418 7.851621 7.255792 6.868916 6.626045 6.478566 6.391899 6.342586 6.315406 6.300885 6.293363 6.289582 6.287738 6.286863 6.286459 6.286276 6.286189 6.286135 6.286076 6.285969 6.285751 6.285296 6.284374 6.282547 6.279029 6.272442 6.260455 6.239268 6.202903 6.142342 6.044555 5.891635 5.660366 5.322800 4.848558 4.209649 3.388227 2.386523 1.235991 0.000000 
50.000000 43.756329 37.739931 32.153283 27.153773 22.841277 19.255039 16.379219 14.154796 12.494662 11.298771 10.466952 9.908055 9.545153 9.317329 9.178984 9.097684 9.051424 9.025926 9.012304 9.005247 9.001700 8.999969 8.999148 8.998769 8.998596 8.998512 8.998457 8.998389 8.998263 8.998000 8.997453 8.996337 8.994117 8.989823 8.981738 8.966935 8.940578 8.894960 8.818242 8.692953 8.494430 8.189609 7.736927 7.088507 6.196267 5.023555 3.562654 1.854536 0.000000 
50.000000 44.290443 38.788710 33.679949 29.108084 25.164445 21.884924 19.255039 17.220826 15.702633 14.608978 13.848260 13.337129 13.005237 12.796877 12.670350 12.595993 12.553683 12.530361 12.517902 12.511447 12.508202 12.506619 12.505868 12.505521 12.505362 12.505283 12.505227 12.505154 12.505013 12.504716 12.504095 12.502824 12.500286 12.495353 12.486018 12.468816 12.437962 12.384095 12.292568 12.141262 11.898026 11.518112 10.942462 10.098459 8.905985 7.292833 5.223527 2.740464 0.000000 
50.000000 44.956476 40.096525 35.583694 31.545114 28.061462 25.164445 22.841277 21.044293 19.703136 18.737000 18.064974 17.613428 17.320222 17.136147 17.024364 16.958671 16.921290 16.900685 16.889677 16.883973 16.881107 16.879708 16.879044 16.878737 16.878595 16.878524 16.878470 16.878395 16.878247 16.877934 16.877277 16.875926 16.873220 16.867936 16.857884 16.839251 16.805584 16.746293 16.644487 16.474033 16.195735 15.752771 15.065987 14.030731 12.519099 10.395344 7.557193 4.015711 0.000000 
50.000000 45.757363 41.669143 37.872914 34.475615 31.545114 29.108084 27.153773 25.642089 24.513852 23.701090 23.135740 22.755868 22.509199 22.354337 22.260293 22.205024 22.173574 22.156238 22.146976 22.142178 22.139766 22.138588 22.138030 22.137771 22.137651 22.137590 22.137541 22.137469 22.137326 22.137022 22.136381 22.135061 22.132406 22.127201 22.117254 22.098709 22.064972 22.005059 21.901122 21.724862 21.432440 20.957506 20.202099 19.026015 17.237808 14.597724 10.858996 5.900041 0.000000 
50.000000 46.685814 43.492249 40.526770 37.872914 35.583694 33.679949 32.153283 30.972379 30.091010 29.456082 29.014428 28.717666 28.524962 28.403979 28.330508 28.287329 28.262758 28.249214 28.241978 28.238228 28.236344 28.235424 28.234988 28.234785 28.234691 28.234642 28.234601 28.234540 28.234416 28.234150 28.233589 28.232429 28.230092 28.225495 28.216673 28.200145 28.169895 28.115770 28.020983 27.858293 27.584152 27.129728 26.387116 25.188351 23.275190 20.263385 15.631512 8.853022 0.000000 
50.000000 47.723282 45.529424 43.492249 41.669143 40.096525 38.788710 37.739931 36.928678 36.323194 35.887008 35.583595 35.379721 35.247333 35.164216 35.113741 35.084075 35.067195 35.057889 35.052917 35.050342 35.049047 35.048415 35.048115 35.047976 35.047911 35.047876 35.047847 35.047802 35.047710 35.047512 35.047094 35.046229 35.044480 35.041032 35.034394 35.021910 34.998951 34.957622 34.884680 34.758202 34.542154 34.177277 33.565183 32.539331 30.810148 27.860738 22.764712 13.989553 0.000000 
50.000000 48.840542 47.723282 46.685814 45.757363 44.956476 44.290443 43.756329 43.343179 43.034820 42.812680 42.658158 42.554328 42.486904 42.444574 42.418867 42.403759 42.395161 42.390422 42.387890 42.386578 42.385919 42.385597 42.385444 42.385373 42.385340 42.385322 42.385307 42.385283 42.385234 42.385128 42.384905 42.384441 42.383504 42.381653 42.378082 42.371349 42.358930 42.336483 42.296660 42.227124 42.107188 41.901793 41.549979 40.940765 39.857321 37.832791 33.733728 24.420271 0.000000 
50.000000 50.000000 50.000000 50.000000 50.000000 50.000000 50.000000 50.000000 50.000000 50.000000 50.000000 50.000000 50.000000 50.000000 50.000000 50.000000 50.000000 50.000000 50.000000 50.000000 50.000000 50.000000 50.000000 50.000000 50.000000 50.000000 50.000000 50.000000 50.000000 50.000000 50.000000 50.000000 50.000000 50.000000 50.000000 50.000000 50.000000 50.000000 50.000000 50.000000 50.000000 50.000000 50.000000 50.000000 50.000000 50.000000 50.000000 50.000000 50.000000 50.000000 
