50.000000 50.000000 50.000000 50.000000 50.000000 50.000000 50.000000 50.000000 50.000000 50.000000 50.000000 50.000000 50.000000 50.000000 50.000000 50.000000 50.000000 50.000000 50.000000 50.000000 50.000000 50.000000 50.000000 50.000000 50.000000 50.000000 50.000000 50.000000 50.000000 50.000000 50.000000 50.000000 50.000000 50.000000 50.000000 50.000000 50.000000 50.000000 50.000000 50.000000 50.000000 50.000000 50.000000 50.000000 50.000000 50.000000 50.000000 50.000000 50.000000 50.000000 
50.000000 48.903633 47.844998 46.857936 45.969169 45.196259 44.546967 44.019971 43.606607 43.293182 43.063387 42.900422 42.788594 42.714316 42.666540 42.636770 42.618793 42.608268 42.602290 42.598995 42.597232 42.596315 42.595852 42.595624 42.595515 42.595461 42.595432 42.595407 42.595371 42.595299 42.595150 42.594845 42.594232 42.593027 42.590713 42.586366 42.578372 42.563969 42.538503 42.494235 42.418372 42.289731 42.072769 41.706106 41.078488 39.973028 37.923080 33.795703 24.451816 0.000000 
50.000000 47.844998 45.764163 43.824011 42.077070 40.557856 39.281627 38.245782 37.433289 36.817234 36.365561 36.045247 35.825447 35.679451 35.585546 35.527035 35.491701 35.471013 35.459263 35.452788 35.449323 35.447521 35.446611 35.446164 35.445948 35.445844 35.445787 35.445739 35.445670 35.445534 35.445255 35.444682 35.443533 35.441278 35.436954 35.428846 35.413974 35.387258 35.340212 35.258852 35.120392 34.887861 34.501076 33.860860 32.800156 31.029277 28.031730 22.882082 14.049295 0.000000 
50.000000 46.857936 43.824011 40.995211 38.448124 36.233074 34.372308 32.862033 31.677414 30.779207 30.120672 29.653661 29.333199 29.120342 28.983434 28.898128 28.846615 28.816453 28.799324 28.789883 28.784831 28.782206 28.780879 28.780226 28.779912 28.779761 28.779679 28.779612 28.779517 28.779333 28.778956 28.778183 28.776635 28.773605 28.767808 28.756973 28.737174 28.701779 28.639822 28.533505 28.354404 28.057685 27.573255 26.792125 25.545619 23.575347 20.497606 15.792281 8.934855 0.000000 
50.000000 45.969169 42.077070 38.448124 35.180583 32.339008 29.951936 28.014499 26.494836 25.342599 24.497824 23.898741 23.487656 23.214610 23.038990 22.929564 22.863485 22.824797 22.802825 22.790716 22.784236 22.780868 22.779166 22.778330 22.777927 22.777734 22.777631 22.777550 22.777438 22.777225 22.776790 22.775901 22.774124 22.770655 22.764042 22.751731 22.729345 22.689567 22.620459 22.502984 22.307452 21.988520 21.478349 20.677711 19.445566 17.590291 14.872777 11.047793 5.996141 0.000000 
50.000000 45.196259 40.557856 36.233074 32.339008 28.952598 26.107851 23.798962 21.987957 20.614830 19.608117 18.894201 18.404324 18.078947 17.869671 17.739276 17.660537 17.614436 17.588255 17.573826 17.566105 17.562092 17.560065 17.559068 17.558589 17.558360 17.558240 17.558150 17.558031 17.557809 17.557356 17.556435 17.554600 17.551030 17.544250 17.531689 17.508977 17.468897 17.399841 17.283660 17.092742 16.786291 16.305908 15.571089 14.476299 12.893442 10.687455 7.757700 4.117771 0.000000 
50.000000 44.546967 39.281627 34.372308 29.951936 26.107851 22.878653 20.257750 18.202028 16.643369 15.500643 14.690282 14.134233 13.764908 13.527370 13.379368 13.289997 13.237674 13.207959 13.191582 13.182819 13.178265 13.175965 13.174834 13.174291 13.174032 13.173899 13.173805 13.173688 13.173473 13.173038 13.172158 13.170411 13.167023 13.160620 13.148816 13.127604 13.090442 13.026971 12.921305 12.749872 12.478945 12.062226 11.439326 10.536762 9.274225 7.580183 5.420766 2.840861 0.000000 
50.000000 44.019971 38.245782 32.862033 28.014499 23.798962 20.257750 17.383628 15.129311 13.420092 12.166996 11.278377 10.668637 10.263657 10.003189 9.840903 9.742909 9.685538 9.652956 9.635001 9.625393 9.620400 9.617878 9.616638 9.616044 9.615761 9.615619 9.615525 9.615415 9.615220 9.614830 9.614044 9.612488 9.609485 9.603833 9.593471 9.574968 9.542790 9.488310 9.398545 9.254682 9.030603 8.691814 8.195524 7.493055 6.536150 5.288778 3.744706 1.947203 0.000000 
50.000000 43.606607 37.433289 31.677414 26.494836 21.987957 18.202028 15.129311 12.719246 10.891955 9.552310 8.602327 7.950488 7.517552 7.239109 7.065626 6.960872 6.899544 6.864716 6.845523 6.835254 6.829916 6.827221 6.825896 6.825261 6.824961 6.824813 6.824721 6.824623 6.824455 6.824125 6.823462 6.822156 6.819645 6.814943 6.806369 6.791154 6.764887 6.720790 6.648843 6.534847 6.359623 6.098708 5.723083 5.201666 4.506316 3.619728 2.545428 1.316876 0.000000 
50.000000 43.293182 36.817234 30.779207 25.342599 20.614830 16.643369 13.420092 10.891955 8.975159 7.569910 6.573414 5.889669 5.435547 5.143482 4.961514 4.851638 4.787313 4.750784 4.730653 4.719882 4.714285 4.711457 4.710069 4.709404 4.709090 4.708939 4.708850 4.708765 4.708628 4.708362 4.707832 4.706792 4.704801 4.701090 4.694361 4.682492 4.662144 4.628258 4.573475 4.487580 4.357108 4.165410 3.893496 3.522088 3.035146 2.424803 1.696842 0.874810 0.000000 
50.000000 43.063387 36.365561 30.120672 24.497824 19.608117 15.500643 12.166996 9.552310 7.569910 6.116576 5.085992 4.378865 3.909219 3.607173 3.418989 3.305362 3.238840 3.201065 3.180248 3.169110 3.163322 3.160398 3.158963 3.158276 3.157953 3.157800 3.157715 3.157643 3.157535 3.157330 3.156926 3.156137 3.154634 3.151844 3.146810 3.137985 3.122955 3.098112 3.058288 2.996434 2.903467 2.768451 2.579337 2.324457 1.994840 1.587167 1.106709 0.569152 0.000000 
50.000000 42.900422 36.045247 29.653661 23.898741 18.894201 14.690282 11.278377 8.602327 6.573414 5.085992 4.031245 3.307545 2.826896 2.517776 2.325188 2.208902 2.140826 2.102167 2.080864 2.069466 2.063543 2.060552 2.059083 2.058380 2.058051 2.057897 2.057816 2.057755 2.057673 2.057522 2.057228 2.056656 2.055570 2.053564 2.049964 2.043687 2.033062 2.015623 1.987880 1.945156 1.881536 1.790067 1.663311 1.494360 1.278282 1.013839 0.705035 0.361919 0.000000 
50.000000 42.788594 35.825447 29.333199 23.487656 18.404324 14.134233 10.668637 7.950488 5.889669 4.378865 3.307545 2.572478 2.084284 1.770314 1.574706 1.456598 1.387455 1.348192 1.326556 1.314980 1.308964 1.305926 1.304434 1.303721 1.303388 1.303234 1.303157 1.303105 1.303044 1.302937 1.302731 1.302333 1.301582 1.300200 1.297730 1.293447 1.286239 1.274482 1.255910 1.227525 1.185601 1.125847 1.043791 0.935427 0.798089 0.631420 0.438188 0.224625 0.000000 
50.000000 42.714316 35.679451 29.120342 23.214610 18.078947 13.764908 10.263657 7.517552 5.435547 3.909219 2.826896 2.084284 1.591081 1.273893 1.076281 0.956964 0.887114 0.847450 0.825592 0.813898 0.807821 0.804752 0.803245 0.802525 0.802190 0.802035 0.801961 0.801917 0.801871 0.801798 0.801660 0.801394 0.800894 0.799979 0.798351 0.795541 0.790837 0.783209 0.771234 0.753055 0.726398 0.688688 0.637304 0.569969 0.485265 0.383169 0.265477 0.135943 0.000000 
50.000000 42.666540 35.585546 28.983434 23.038990 17.869671 13.527370 10.003189 7.239109 5.143482 3.607173 2.517776 1.770314 1.273893 0.954637 0.755737 0.635643 0.565339 0.525417 0.503417 0.491647 0.485531 0.482442 0.480926 0.480201 0.479864 0.479710 0.479638 0.479599 0.479565 0.479516 0.479426 0.479255 0.478936 0.478352 0.477319 0.475543 0.472584 0.467812 0.460363 0.449121 0.432740 0.409718 0.378554 0.337982 0.287259 0.226462 0.156700 0.080173 0.000000 
50.000000 42.636770 35.527035 28.898128 22.929564 17.739276 13.379368 9.840903 7.065626 4.961514 3.418989 2.325188 1.574706 1.076281 0.755737 0.556036 0.435459 0.364871 0.324789 0.302701 0.290884 0.284743 0.281642 0.280120 0.279393 0.279054 0.278900 0.278830 0.278794 0.278769 0.278736 0.278680 0.278574 0.278376 0.278018 0.277385 0.276302 0.274506 0.271623 0.267145 0.260424 0.250683 0.237070 0.218748 0.195026 0.165522 0.130320 0.090081 0.046057 0.000000 
50.000000 42.618793 35.491701 28.846615 22.863485 17.660537 13.289997 9.742909 6.960872 4.851639 3.305362 2.208902 1.456598 0.956964 0.635644 0.435459 0.314590 0.243832 0.203653 0.181512 0.169667 0.163511 0.160403 0.158877 0.158148 0.157809 0.157655 0.157586 0.157553 0.157533 0.157511 0.157476 0.157413 0.157295 0.157082 0.156708 0.156070 0.155017 0.153332 0.150728 0.146838 0.141227 0.133425 0.122974 0.109507 0.092831 0.073010 0.050423 0.025766 0.000000 
50.000000 42.608268 35.471013 28.816454 22.824797 17.614437 13.237674 9.685538 6.899544 4.787313 3.238841 2.140826 1.387456 0.887115 0.565339 0.364872 0.243833 0.172976 0.132740 0.110568 0.098706 0.092541 0.089429 0.087901 0.087171 0.086831 0.086678 0.086609 0.086578 0.086561 0.086546 0.086525 0.086488 0.086421 0.086299 0.086085 0.085721 0.085123 0.084171 0.082704 0.080522 0.077389 0.073050 0.067264 0.059837 0.050674 0.039818 0.027480 0.014036 0.000000 
50.000000 42.602290 35.459264 28.799324 22.802826 17.588256 13.207959 9.652957 6.864717 4.750785 3.201066 2.102169 1.348193 0.847451 0.525418 0.324790 0.203654 0.132740 0.092473 0.070283 0.058412 0.052242 0.049127 0.047598 0.046868 0.046528 0.046374 0.046306 0.046276 0.046261 0.046251 0.046238 0.046217 0.046179 0.046111 0.045993 0.045793 0.045464 0.044942 0.044141 0.042954 0.041257 0.038915 0.035802 0.031822 0.026926 0.021142 0.014582 0.007445 0.000000 
50.000000 42.598995 35.452789 28.789885 22.790717 17.573828 13.191584 9.635003 6.845526 4.730656 3.180251 2.080867 1.326559 0.825595 0.503420 0.302704 0.181515 0.110570 0.070285 0.048086 0.036209 0.030037 0.026921 0.025391 0.024660 0.024320 0.024167 0.024099 0.024069 0.024055 0.024048 0.024040 0.024028 0.024008 0.023971 0.023908 0.023800 0.023625 0.023348 0.022924 0.022297 0.021404 0.020176 0.018549 0.016474 0.013930 0.010930 0.007535 0.003846 0.000000 
50.000000 42.597233 35.449325 28.784835 22.784240 17.566110 13.182826 9.625400 6.835261 4.719890 3.169118 2.069474 1.314988 0.813906 0.491656 0.290892 0.169675 0.098713 0.058418 0.036214 0.024335 0.018161 0.015044 0.013514 0.012783 0.012443 0.012290 0.012222 0.012192 0.012180 0.012173 0.012168 0.012162 0.012151 0.012132 0.012099 0.012043 0.011952 0.011809 0.011591 0.011270 0.010813 0.010186 0.009359 0.008307 0.007020 0.005505 0.003793 0.001936 0.000000 
50.000000 42.596318 35.447528 28.782214 22.780879 17.562106 13.178281 9.620417 6.829934 4.714303 3.163341 2.063563 1.308984 0.807841 0.485551 0.284763 0.163531 0.092561 0.052262 0.030054 0.018174 0.012000 0.008882 0.007351 0.006621 0.006281 0.006127 0.006060 0.006030 0.006018 0.006012 0.006009 0.006005 0.005999 0.005989 0.005973 0.005945 0.005899 0.005827 0.005718 0.005557 0.005330 0.005018 0.004608 0.004088 0.003452 0.002706 0.001864 0.000951 0.000000 
50.000000 42.595860 35.446626 28.780901 22.779194 17.560098 13.176002 9.617919 6.827264 4.711503 3.160445 2.060599 1.305974 0.804801 0.482491 0.281691 0.160452 0.089478 0.049175 0.026967 0.015085 0.008911 0.005793 0.004263 0.003532 0.003192 0.003038 0.002971 0.002942 0.002929 0.002924 0.002921 0.002919 0.002916 0.002911 0.002903 0.002889 0.002866 0.002831 0.002777 0.002698 0.002586 0.002434 0.002234 0.001981 0.001672 0.001310 0.000902 0.000460 0.000000 
50.000000 42.595643 35.446199 28.780278 22.778396 17.559147 13.174923 9.616735 6.825999 4.710176 3.159074 2.059196 1.304549 0.803361 0.481042 0.280236 0.158993 0.088017 0.047714 0.025504 0.013623 0.007448 0.004330 0.002800 0.002069 0.001729 0.001575 0.001508 0.001479 0.001466 0.001461 0.001459 0.001457 0.001456 0.001453 0.001449 0.001442 0.001430 0.001412 0.001385 0.001345 0.001289 0.001213 0.001113 0.000986 0.000832 0.000652 0.000449 0.000229 0.000000 
50.000000 42.595557 35.446031 28.780033 22.778081 17.558772 13.174497 9.616268 6.825500 4.709653 3.158532 2.058642 1.303986 0.802793 0.480470 0.279662 0.158418 0.087441 0.047137 0.024927 0.013045 0.006871 0.003753 0.002222 0.001491 0.001152 0.000998 0.000930 0.000901 0.000889 0.000884 0.000882 0.000881 0.000879 0.000878 0.000875 0.000871 0.000864 0.000853 0.000836 0.000812 0.000778 0.000731 0.000671 0.000594 0.000501 0.000392 0.000270 0.000138 0.000000 
50.000000 42.595557 35.446031 28.780033 22.778081 17.558772 13.174497 9.616268 6.825500 4.709653 3.158532 2.058642 1.303986 0.802793 0.480470 0.279662 0.158418 0.087441 0.047137 0.024927 0.013045 0.006871 0.003753 0.002222 0.001491 0.001152 0.000998 0.000930 0.000901 0.000889 0.000884 0.000882 0.000881 0.000879 0.000878 0.000875 0.000871 0.000864 0.000853 0.000836 0.000812 0.000778 0.000731 0.000671 0.000594 0.000501 0.000392 0.000270 0.000138 0.000000 
50.000000 42.595643 35.446199 28.780278 22.778396 17.559147 13.174923 9.616735 6.825999 4.710176 3.159074 2.059196 1.304549 0.803361 0.481042 0.280236 0.158993 0.088017 0.047714 0.025504 0.013623 0.007448 0.004330 0.002800 0.002069 0.001729 0.001575 0.001508 0.001479 0.001466 0.001461 0.001459 0.001457 0.001456 0.001453 0.001449 0.001442 0.001430 0.001412 0.001385 0.001345 0.001289 0.001213 0.001113 0.000986 0.000832 0.000652 0.000449 0.000229 0.000000 
50.000000 42.595860 35.446626 28.780901 22.779194 17.560098 13.176002 9.617919 6.827264 4.711503 3.160445 2.060599 1.305974 0.804801 0.482491 0.281691 0.160452 0.089478 0.049175 0.026967 0.015085 0.008911 0.005793 0.004263 0.003532 0.003192 0.003038 0.002971 0.002942 0.002929 0.002924 0.002921 0.002919 0.002916 0.002911 0.002903 0.002889 0.002866 0.002831 0.002777 0.002698 0.002586 0.002434 0.002234 0.001981 0.001672 0.001310 0.000902 0.000460 0.000000 
50.000000 42.596318 35.447528 28.782214 22.780879 17.562106 13.178281 9.620417 6.829934 4.714303 3.163341 2.063563 1.308984 0.807841 0.485551 0.284763 0.163531 0.092561 0.052262 0.030054 0.018174 0.012000 0.008882 0.007351 0.006621 0.006281 0.006127 0.006060 0.006030 0.006018 0.006012 0.006009 0.006005 0.005999 0.005989 0.005973 0.005945 0.005899 0.005827 0.005718 0.005557 0.005330 0.005018 0.004608 0.004088 0.003452 0.002706 0.001864 0.000951 0.000000 
50.000000 42.597233 35.449325 28.784835 22.784240 17.566110 13.182826 9.625400 6.835261 4.719890 3.169118 2.069474 1.314988 0.813906 0.491656 0.290892 0.169675 0.098713 0.058418 0.036214 0.024335 0.018161 0.015044 0.013514 0.012783 0.012443 0.012290 0.012222 0.012192 0.012180 0.012173 0.012168 0.012162 0.012151 0.012132 0.012099 0.012043 0.011952 0.011809 0.011591 0.011270 0.010813 0.010186 0.009359 0.008307 0.007020 0.005505 0.003793 0.001936 0.000000 
50.000000 42.598995 35.452789 28.789885 22.790717 17.573828 13.191584 9.635003 6.845526 4.730656 3.180251 2.080867 1.326559 0.825595 0.503420 0.302704 0.181515 0.110570 0.070285 0.048086 0.036209 0.030037 0.026921 0.025391 0.024660 0.024320 0.024167 0.024099 0.024069 0.024055 0.024048 0.024040 0.024028 0.024008 0.023971 0.023908 0.023800 0.023625 0.023348 0.022924 0.022297 0.021404 0.020176 0.018549 0.016474 0.013930 0.010930 0.007535 0.003846 0.000000 
50.000000 42.602290 35.459264 28.799324 22.802826 17.588256 13.207959 9.652957 6.864717 4.750785 3.201066 2.102169 1.348193 0.847451 0.525418 0.324790 0.203654 0.132740 0.092473 0.070283 0.058412 0.052242 0.049127 0.047598 0.046868 0.046528 0.046374 0.046306 0.046276 0.046261 0.046251 0.046238 0.046217 0.046179 0.046111 0.045993 0.045793 0.045464 0.044942 0.044141 0.042954 0.041257 0.038915 0.035802 0.031822 0.026926 0.021142 0.014582 0.007445 0.000000 
50.000000 42.608268 35.471013 28.816454 22.824797 17.614437 13.237674 9.685538 6.899544 4.787313 3.238841 2.140826 1.387456 0.887115 0.565339 0.364872 0.243833 0.172976 0.132740 0.110568 0.098706 0.092541 0.089429 0.087901 0.087171 0.086831 0.086678 0.086609 0.086578 0.086561 0.086546 0.086525 0.086488 0.086421 0.086299 0.086085 0.085721 0.085123 0.084171 0.082704 0.080522 0.077389 0.073050 0.067264 0.059837 0.050674 0.039818 0.027480 0.014036 0.000000 
50.000000 42.618793 35.491701 28.846615 22.863485 17.660537 13.289997 9.742909 6.960872 4.851639 3.305362 2.208902 1.456598 0.956964 0.635644 0.435459 0.314590 0.243832 0.203653 0.181512 0.169667 0.163511 0.160403 0.158877 0.158148 0.157809 0.157655 0.157586 0.157553 0.157533 0.157511 0.157476 0.157413 0.157295 0.157082 0.156708 0.156070 0.155017 0.153332 0.150728 0.146838 0.141227 0.133425 0.122974 0.109507 0.092831 0.073010 0.050423 0.025766 0.000000 
50.000000 42.636770 35.527035 28.898128 22.929564 17.739276 13.379368 9.840903 7.065626 4.961514 3.418989 2.325188 1.574706 1.076281 0.755737 0.556036 0.435459 0.364871 0.324789 0.302701 0.290884 0.284743 0.281642 0.280120 0.279393 0.279054 0.278900 0.278830 0.278794 0.278769 0.278736 0.278680 0.278574 0.278376 0.278018 0.277385 0.276302 0.274506 0.271623 0.267145 0.260424 0.250683 0.237070 0.218748 0.195026 0.165522 0.130320 0.090081 0.046057 0.000000 
50.000000 42.666540 35.585546 28.983434 23.038990 17.869671 13.527370 10.003189 7.239109 5.143482 3.607173 2.517776 1.770314 1.273893 0.954637 0.755737 0.635643 0.565339 0.525417 0.503417 0.491647 0.485531 0.482442 0.480926 0.480201 0.479864 0.479710 0.479638 0.479599 0.479565 0.479516 0.479426 0.479255 0.478936 0.478352 0.477319 0.475543 0.472584 0.467812 0.460363 0.449121 0.432740 0.409718 0.378554 0.337982 0.287259 0.226462 0.156700 0.080173 0.000000 
50.000000 42.714316 35.679451 29.120342 23.214610 18.078947 13.764908 10.263657 7.517552 5.435547 3.909219 2.826896 2.084284 1.591081 1.273893 1.076281 0.956964 0.887114 0.847450 0.825592 0.813898 0.807821 0.804752 0.803245 0.802525 0.802190 0.802035 0.801961 0.801917 0.801871 0.801798 0.801660 0.801394 0.800894 0.799979 0.798351 0.795541 0.790837 0.783209 0.771234 0.753055 0.726398 0.688688 0.637304 0.569969 0.485265 0.383169 0.265477 0.135943 0.000000 
50.000000 42.788594 35.825447 29.333199 23.487656 18.404324 14.134233 10.668637 7.950488 5.889669 4.378865 3.307545 2.572478 2.084284 1.770314 1.574706 1.456598 1.387455 1.348192 1.326556 1.314980 1.308964 1.305926 1.304434 1.303721 1.303388 1.303234 1.303157 1.303105 1.303044 1.302937 1.302731 1.302333 1.301582 1.300200 1.297730 1.293447 1.286239 1.274482 1.255910 1.227525 1.185601 1.125847 1.043791 0.935427 0.798089 0.631420 0.438188 0.224625 0.000000 
50.000000 42.900422 36.045247 29.653661 23.898741 18.894201 14.690282 11.278377 8.602327 6.573414 5.085992 4.031245 3.307545 2.826896 2.517776 2.325188 2.208902 2.140826 2.102167 2.080864 2.069466 2.063543 2.060552 2.059083 2.058380 2.058051 2.057897 2.057816 2.057755 2.057673 2.057522 2.057228 2.056656 2.055570 2.053564 2.049964 2.043687 2.033062 2.015623 1.987880 1.945156 1.881536 1.790067 1.663311 1.494360 1.278282 1.013839 0.705035 0.361919 0.000000 
50.000000 43.063387 36.365561 30.120672 24.497824 19.608117 15.500643 12.166996 9.552310 7.569910 6.116576 5.085992 4.378865 3.909219 3.607173 3.418989 3.305362 3.238840 3.201065 3.180248 3.169110 3.163322 3.160398 3.158963 3.158276 3.157953 3.157800 3.157715 3.157643 3.157535 3.157330 3.156926 3.156137 3.154634 3.151844 3.146810 3.137985 3.122955 3.098112 3.058288 2.996434 2.903467 2.768451 2.579337 2.324457 1.994840 1.587167 1.106709 0.569152 0.000000 
50.000000 43.293182 36.817234 30.779207 25.342599 20.614830 16.643369 13.420092 10.891955 8.975159 7.569910 6.573414 5.889669 5.435547 5.143482 4.961514 4.851638 4.787313 4.750784 4.730653 4.719882 4.714285 4.711457 4.710069 4.709404 4.709090 4.708939 4.708850 4.708765 4.708628 4.708362 4.707832 4.706792 4.704801 4.701090 4.694361 4.682492 4.662144 4.628258 4.573475 4.487580 4.357108 4.165410 3.893496 3.522088 3.035146 2.424803 1.696842 0.874810 0.000000 
50.000000 43.606607 37.433289 31.677414 26.494836 21.987957 18.202028 15.129311 12.719246 10.891955 9.552310 8.602327 7.950488 7.517552 7.239109 7.065626 6.960872 6.899544 6.864716 6.845523 6.835254 6.829916 6.827221 6.825896 6.825261 6.824961 6.824813 6.824721 6.824623 6.824455 6.824125 6.823462 6.822156 6.819645 6.814943 6.806369 6.791154 6.764887 6.720790 6.648843 6.534847 6.359623 6.098708 5.723083 5.201666 4.506316 3.619728 2.545428 1.316876 0.000000 
50.000000 44.019971 38.245782 32.862033 28.014499 23.798962 20.257750 17.383628 15.129311 13.420092 12.166996 11.278377 10.668637 10.263657 10.003189 9.840903 9.742909 9.685538 9.652956 9.635001 9.625393 9.620400 9.617878 9.616638 9.616044 9.615761 9.615619 9.615525 9.615415 9.615220 9.614830 9.614044 9.612488 9.609485 9.603833 9.593471 9.574968 9.542790 9.488310 9.398545 9.254682 9.030603 8.691814 8.195524 7.493055 6.536150 5.288778 3.744706 1.947203 0.000000 
50.000000 44.546967 39.281627 34.372308 29.951936 26.107851 22.878653 20.257750 18.202028 16.643369 15.500643 14.690282 14.134233 13.764908 13.527370 13.379368 13.289997 13.237674 13.207959 13.191582 13.182819 13.178265 13.175965 13.174834 13.174291 13.174032 13.173899 13.173805 13.173688 13.173473 13.173038 13.172158 13.170411 13.167023 13.160620 13.148816 13.127604 13.090442 13.026971 12.921305 12.749872 12.478945 12.062226 11.439326 10.536762 9.274225 7.580183 5.420766 2.840861 0.000000 
50.000000 45.196259 40.557856 36.233074 32.339008 28.952598 26.107851 23.798962 21.987957 20.614830 19.608117 18.894201 18.404324 18.078947 17.869671 17.739276 17.660537 17.614436 17.588255 17.573826 17.566105 17.562092 17.560065 17.559068 17.558589 17.558360 17.558240 17.558150 17.558031 17.557809 17.557356 17.556435 17.554600 17.551030 17.544250 17.531689 17.508977 17.468897 17.399841 17.283660 17.092742 16.786291 16.305908 15.571089 14.476299 12.893442 10.687455 7.757700 4.117771 0.000000 
50.000000 45.969169 42.077070 38.448124 35.180583 32.339008 29.951936 28.014499 26.494836 25.342599 24.497824 23.898741 23.487656 23.214610 23.038990 22.929564 22.863485 22.824797 22.802825 22.790716 22.784236 22.780868 22.779166 22.778330 22.777927 22.777734 22.777631 22.777550 22.777438 22.777225 22.776790 22.775901 22.774124 22.770655 22.764042 22.751731 22.729345 22.689567 22.620459 22.502984 22.307452 21.988520 21.478349 20.677711 19.445566 17.590291 14.872777 11.047793 5.996141 0.000000 
50.000000 46.857936 43.824011 40.995211 38.448124 36.233074 34.372308 32.862033 31.677414 30.779207 30.120672 29.653661 29.333199 29.120342 28.983434 28.898128 28.846615 28.816453 28.799324 28.789883 28.784831 28.782206 28.780879 28.780226 28.779912 28.779761 28.779679 28.779612 28.779517 28.779333 28.778956 28.778183 28.776635 28.773605 28.767808 28.756973 28.737174 28.701779 28.639822 28.533505 28.354404 28.057685 27.573255 26.792125 25.545619 23.575347 20.497606 15.792281 8.934855 0.000000 
50.000000 47.844998 45.764163 43.824011 42.077070 40.557856 39.281627 38.245782 37.433289 36.817234 36.365561 36.045247 35.825447 35.679451 35.585546 35.527035 35.491701 35.471013 35.459263 35.452788 35.449323 35.447521 35.446611 35.446164 35.445948 35.445844 35.445787 35.445739 35.445670 35.445534 35.445255 35.444682 35.443533 35.441278 35.436954 35.428846 35.413974 35.387258 35.340212 35.258852 35.120392 34.887861 34.501076 33.860860 32.800156 31.029277 28.031730 22.882082 14.049295 0.000000 
50.000000 48.903633 47.844998 46.857936 45.969169 45.196259 44.546967 44.019971 43.606607 43.293182 43.063387 42.900422 42.788594 42.714316 42.666540 42.636770 42.618793 42.608268 42.602290 42.598995 42.597232 42.596315 42.595852 42.595624 42.595515 42.595461 42.595432 42.595407 42.595371 42.595299 42.595150 42.594845 42.594232 42.593027 42.590713 42.586366 42.578372 42.563969 42.538503 42.494235 42.418372 42.289731 42.072769 41.706106 41.078488 39.973028 37.923080 33.795703 24.451816 0.000000 
50.000000 50.000000 50.000000 50.000000 50.000000 50.000000 50.000000 50.000000 50.000000 50.000000 50.000000 50.000000 50.000000 50.000000 50.000000 50.000000 50.000000 50.000000 50.000000 50.000000 50.000000 50.000000 50.000000 50.000000 50.000000 50.000000 50.000000 50.000000 50.000000 50.000000 50.000000 50.000000 50.000000 50.000000 50.000000 50.000000 50.000000 50.000000 50.000000 50.000000 50.000000 50.000000 50.000000 50.000000 50.000000 50.000000 50.000000 50.000000 50.000000 50.000000 
