50.000000 50.000000 50.000000 50.000000 50.000000 50.000000 50.000000 50.000000 50.000000 50.000000 50.000000 50.000000 50.000000 50.000000 50.000000 50.000000 50.000000 50.000000 50.000000 50.000000 50.000000 50.000000 50.000000 50.000000 50.000000 50.000000 50.000000 50.000000 50.000000 50.000000 50.000000 50.000000 50.000000 50.000000 50.000000 50.000000 50.000000 50.000000 50.000000 50.000000 50.000000 50.000000 50.000000 50.000000 50.000000 50.000000 50.000000 50.000000 50.000000 50.000000 
50.000000 48.839697 47.721653 46.683514 45.754539 44.953287 44.287042 43.752843 43.339704 43.031419 42.809384 42.654975 42.551250 42.483915 42.441654 42.415998 42.400925 42.392351 42.387627 42.385103 42.383797 42.383140 42.382820 42.382668 42.382597 42.382564 42.382547 42.382532 42.382508 42.382459 42.382354 42.382131 42.381670 42.380736 42.378890 42.375328 42.368611 42.356216 42.333807 42.294040 42.224585 42.104761 41.899517 41.547898 40.938926 39.855775 37.831583 33.732899 24.419848 0.000000 
50.000000 47.721653 45.526286 43.487822 41.663711 40.090398 38.782182 37.733251 36.922031 36.316701 35.880727 35.577540 35.373875 35.241663 35.158684 35.108308 35.078713 35.061878 35.052602 35.047648 35.045082 35.043793 35.043164 35.042866 35.042727 35.042663 35.042629 35.042600 35.042555 35.042463 35.042266 35.041850 35.040988 35.039245 35.035808 35.029187 35.016732 34.993820 34.952563 34.879727 34.753402 34.537567 34.172974 33.561248 32.535856 30.807224 27.858454 22.763143 13.988754 0.000000 
50.000000 46.683514 43.487822 40.520530 37.865269 35.575087 33.670800 32.143944 30.963114 30.081988 29.447382 29.006067 28.709616 28.517172 28.396392 28.323069 28.279992 28.255489 28.241987 28.234776 28.231042 28.229166 28.228251 28.227817 28.227615 28.227522 28.227473 28.227433 28.227372 28.227248 28.226984 28.226425 28.225270 28.222941 28.218358 28.209560 28.193072 28.162886 28.108858 28.014216 27.851736 27.577884 27.123850 26.381741 25.183602 23.271196 20.260265 15.629368 8.851931 0.000000 
50.000000 45.754539 41.663711 37.865269 34.466268 31.534618 29.096963 27.142466 25.630920 24.503024 23.690699 23.125799 22.746335 22.500006 22.345408 22.251556 22.196420 22.165057 22.147776 22.138547 22.133768 22.131367 22.130195 22.129640 22.129383 22.129264 22.129202 22.129154 22.129083 22.128941 22.128638 22.128000 22.126684 22.124039 22.118851 22.108932 22.090433 22.056771 21.996972 21.893205 21.717190 21.425108 20.950629 20.195810 19.020459 17.233134 14.594073 10.856488 5.898764 0.000000 
50.000000 44.953287 40.090398 35.575087 31.534618 28.049718 25.152054 22.828742 21.031982 19.691276 18.725691 18.054222 17.603177 17.310385 17.126629 17.015078 16.949545 16.912269 16.891730 16.880762 16.875082 16.872228 16.870836 16.870176 16.869870 16.869730 16.869659 16.869605 16.869531 16.869384 16.869072 16.868418 16.867072 16.864376 16.859110 16.849088 16.830504 16.796916 16.737745 16.636120 16.465924 16.187985 15.745501 15.059339 14.024859 12.514159 10.391485 7.554542 4.014361 0.000000 
50.000000 44.287042 38.782182 33.670800 29.096963 25.152054 21.871920 19.241969 17.208084 15.690456 14.597465 13.837406 13.326860 12.995448 12.787457 12.661197 12.587024 12.544835 12.521589 12.509175 12.502746 12.499517 12.497941 12.497194 12.496849 12.496691 12.496612 12.496557 12.496484 12.496344 12.496049 12.495431 12.494165 12.491637 12.486722 12.477415 12.460262 12.429484 12.375735 12.284384 12.133331 11.890446 11.511003 10.935960 10.092715 8.901153 7.289059 5.220934 2.739144 0.000000 
50.000000 43.752843 37.733251 32.143944 27.142466 22.828742 19.241969 16.366183 14.142202 12.482748 11.287628 10.456560 9.898324 9.535961 9.308549 9.170502 9.089406 9.043279 9.017865 9.004293 8.997265 8.993734 8.992012 8.991196 8.990819 8.990647 8.990564 8.990509 8.990442 8.990316 8.990055 8.989511 8.988399 8.986188 8.981910 8.973852 8.959093 8.932807 8.887297 8.810740 8.685683 8.487481 8.183091 7.730966 7.083241 6.191837 5.020094 3.560277 1.853326 0.000000 
50.000000 43.339704 36.922031 30.963114 25.630920 21.031982 17.208084 14.142202 11.771232 10.002120 8.728039 7.842075 7.246973 6.860685 6.618263 6.471106 6.384659 6.335491 6.308401 6.293935 6.286444 6.282680 6.280845 6.279975 6.279574 6.279391 6.279305 6.279252 6.279193 6.279087 6.278870 6.278418 6.277499 6.275680 6.272176 6.265612 6.253664 6.232537 6.196266 6.135844 6.038258 5.885616 5.654721 5.317638 4.843997 4.205812 3.385230 2.384464 1.234942 0.000000 
50.000000 43.031419 36.316701 30.081988 24.503024 19.691276 15.690456 12.482748 10.002120 8.151202 6.818222 5.891311 5.268714 4.864583 4.610967 4.457018 4.366583 4.315147 4.286808 4.271675 4.263839 4.259903 4.257983 4.257073 4.256654 4.256464 4.256375 4.256325 4.256275 4.256190 4.256018 4.255663 4.254945 4.253527 4.250810 4.245747 4.236587 4.220502 4.193107 4.147885 4.075601 3.963861 3.797065 3.557125 3.225352 2.785835 2.230252 1.563298 0.806834 0.000000 
50.000000 42.809384 35.880727 29.447382 23.690699 18.725691 14.597465 11.287628 8.728039 6.818222 5.442837 4.486449 3.844059 3.427087 3.165415 3.006578 2.913273 2.860206 2.830968 2.815356 2.807272 2.803211 2.801230 2.800292 2.799860 2.799664 2.799575 2.799528 2.799486 2.799421 2.799291 2.799026 2.798491 2.797441 2.795437 2.791722 2.785040 2.773384 2.753677 2.721418 2.670337 2.592195 2.476888 2.313081 2.089572 1.797493 1.433166 1.000999 0.515344 0.000000 
50.000000 42.654975 35.577540 29.006067 23.125799 18.054222 13.837406 10.456560 7.842075 5.891311 4.486449 3.509573 2.853428 2.427531 2.160262 1.998029 1.902730 1.848530 1.818668 1.802723 1.794467 1.790319 1.788297 1.787339 1.786897 1.786698 1.786609 1.786564 1.786530 1.786481 1.786388 1.786199 1.785819 1.785077 1.783666 1.781063 1.776408 1.768338 1.754786 1.732772 1.698204 1.645809 1.569263 1.461671 1.316476 1.128827 0.897209 0.624978 0.321168 0.000000 
50.000000 42.551250 35.373875 28.709616 22.746335 17.603177 13.326860 9.898324 7.246973 5.268714 3.844059 2.853428 2.188048 1.756161 1.485135 1.320623 1.223987 1.169027 1.138747 1.122578 1.114206 1.110001 1.107950 1.106979 1.106531 1.106330 1.106241 1.106198 1.106169 1.106134 1.106070 1.105940 1.105682 1.105180 1.104229 1.102484 1.099378 1.094024 1.085090 1.070676 1.048211 1.014436 0.965518 0.897375 0.806261 0.689564 0.546730 0.380055 0.195034 0.000000 
50.000000 42.483915 35.241663 28.517172 22.500006 17.310385 12.995448 9.535961 6.860685 4.864583 3.427087 2.427531 1.756161 1.320389 1.046927 0.880937 0.783434 0.727980 0.697429 0.681116 0.672669 0.668426 0.666357 0.665377 0.664926 0.664724 0.664634 0.664593 0.664569 0.664544 0.664500 0.664416 0.664248 0.663922 0.663307 0.662184 0.660195 0.656783 0.651123 0.642047 0.627996 0.607022 0.576868 0.535186 0.479881 0.409573 0.324101 0.224931 0.115304 0.000000 
50.000000 42.441654 35.158684 28.396392 22.345408 17.126629 12.787457 9.308549 6.618263 4.610967 3.165415 2.160262 1.485135 1.046927 0.771937 0.605021 0.506974 0.451212 0.420490 0.404087 0.395593 0.391326 0.389246 0.388261 0.387807 0.387604 0.387515 0.387475 0.387454 0.387435 0.387407 0.387354 0.387249 0.387045 0.386663 0.385968 0.384743 0.382651 0.379198 0.373693 0.365221 0.352651 0.334697 0.310042 0.277540 0.236476 0.186831 0.129496 0.066326 0.000000 
50.000000 42.415998 35.108308 28.323069 22.251556 17.015078 12.661197 9.170502 6.471106 4.457018 3.006578 1.998029 1.320623 0.880937 0.605021 0.437544 0.339167 0.283218 0.252393 0.235935 0.227413 0.223132 0.221044 0.220056 0.219601 0.219397 0.219308 0.219269 0.219250 0.219237 0.219219 0.219186 0.219122 0.219000 0.218772 0.218358 0.217630 0.216394 0.214363 0.211141 0.206208 0.198930 0.188592 0.174476 0.155968 0.132705 0.104710 0.072501 0.037108 0.000000 
50.000000 42.400925 35.078713 28.279992 22.196420 16.949545 12.587024 9.089406 6.384659 4.366583 2.913273 1.902730 1.223987 0.783434 0.506974 0.339167 0.240597 0.184538 0.153653 0.137162 0.128624 0.124335 0.122243 0.121253 0.120797 0.120593 0.120504 0.120465 0.120448 0.120437 0.120426 0.120407 0.120370 0.120299 0.120167 0.119929 0.119512 0.118807 0.117654 0.115832 0.113056 0.108979 0.103217 0.095387 0.085169 0.072381 0.057051 0.039468 0.020190 0.000000 
50.000000 42.392351 35.061878 28.255489 22.165057 16.912269 12.544835 9.043280 6.335491 4.315147 2.860206 1.848530 1.169027 0.727981 0.451212 0.283218 0.184538 0.128416 0.097498 0.080988 0.072440 0.068146 0.066053 0.065061 0.064605 0.064401 0.064312 0.064273 0.064257 0.064248 0.064241 0.064229 0.064209 0.064169 0.064096 0.063963 0.063733 0.063344 0.062711 0.061715 0.060203 0.057992 0.054881 0.050670 0.045197 0.038373 0.030219 0.020891 0.010682 0.000000 
50.000000 42.387627 35.052602 28.241987 22.147776 16.891731 12.521589 9.017865 6.308401 4.286809 2.830969 1.818669 1.138747 0.697430 0.420491 0.252394 0.153654 0.097498 0.066560 0.050041 0.041488 0.037191 0.035096 0.034104 0.033647 0.033443 0.033354 0.033316 0.033300 0.033293 0.033287 0.033281 0.033269 0.033248 0.033209 0.033138 0.033014 0.032807 0.032471 0.031943 0.031146 0.029984 0.028355 0.026158 0.023313 0.019777 0.015563 0.010752 0.005496 0.000000 
50.000000 42.385104 35.047648 28.234777 22.138548 16.880763 12.509176 9.004294 6.293936 4.271677 2.815357 1.802724 1.122579 0.681117 0.404088 0.235936 0.137164 0.080990 0.050042 0.033517 0.024961 0.020663 0.018567 0.017575 0.017118 0.016914 0.016825 0.016787 0.016772 0.016765 0.016761 0.016757 0.016751 0.016739 0.016719 0.016682 0.016618 0.016511 0.016338 0.016068 0.015660 0.015068 0.014240 0.013128 0.011692 0.009911 0.007794 0.005382 0.002750 0.000000 
50.000000 42.383797 35.045083 28.231044 22.133770 16.875084 12.502749 8.997268 6.286447 4.263843 2.807276 1.794471 1.114210 0.672673 0.395597 0.227416 0.128628 0.072444 0.041491 0.024964 0.016406 0.012108 0.010011 0.009019 0.008562 0.008358 0.008269 0.008231 0.008216 0.008209 0.008206 0.008203 0.008200 0.008194 0.008184 0.008165 0.008133 0.008080 0.007993 0.007859 0.007656 0.007364 0.006955 0.006408 0.005703 0.004832 0.003798 0.002621 0.001339 0.000000 
50.000000 42.383142 35.043796 28.229171 22.131373 16.872235 12.499524 8.993743 6.282689 4.259912 2.803220 1.790329 1.110011 0.668436 0.391337 0.223142 0.124345 0.068156 0.037201 0.020672 0.012114 0.007815 0.005719 0.004726 0.004269 0.004065 0.003976 0.003938 0.003923 0.003916 0.003913 0.003912 0.003910 0.003907 0.003902 0.003893 0.003877 0.003851 0.003809 0.003744 0.003647 0.003506 0.003310 0.003048 0.002711 0.002296 0.001803 0.001244 0.000635 0.000000 
50.000000 42.382824 35.043172 28.228262 22.130210 16.870853 12.497961 8.992034 6.280868 4.258007 2.801255 1.788321 1.107975 0.666382 0.389271 0.221070 0.122269 0.066078 0.035121 0.018592 0.010033 0.005734 0.003638 0.002645 0.002188 0.001984 0.001895 0.001857 0.001842 0.001835 0.001833 0.001832 0.001831 0.001829 0.001827 0.001822 0.001815 0.001802 0.001782 0.001752 0.001705 0.001639 0.001547 0.001423 0.001266 0.001071 0.000841 0.000580 0.000296 0.000000 
50.000000 42.382678 35.042886 28.227845 22.129677 16.870219 12.497243 8.991249 6.280032 4.257132 2.800353 1.787400 1.107041 0.665440 0.388324 0.220119 0.121316 0.065124 0.034167 0.017637 0.009078 0.004779 0.002683 0.001690 0.001233 0.001029 0.000940 0.000902 0.000887 0.000880 0.000878 0.000877 0.000876 0.000875 0.000874 0.000872 0.000868 0.000862 0.000853 0.000838 0.000815 0.000783 0.000739 0.000680 0.000604 0.000511 0.000401 0.000277 0.000141 0.000000 
50.000000 42.382622 35.042775 28.227685 22.129471 16.869975 12.496967 8.990947 6.279710 4.256795 2.800005 1.787045 1.106681 0.665077 0.387958 0.219753 0.120949 0.064757 0.033799 0.017269 0.008710 0.004411 0.002315 0.001322 0.000865 0.000661 0.000572 0.000534 0.000519 0.000513 0.000510 0.000509 0.000509 0.000508 0.000507 0.000506 0.000504 0.000500 0.000495 0.000486 0.000473 0.000454 0.000428 0.000394 0.000350 0.000296 0.000232 0.000160 0.000082 0.000000 
50.000000 42.382622 35.042775 28.227685 22.129471 16.869975 12.496967 8.990947 6.279710 4.256795 2.800005 1.787045 1.106681 0.665077 0.387958 0.219753 0.120949 0.064757 0.033799 0.017269 0.008710 0.004411 0.002315 0.001322 0.000865 0.000661 0.000572 0.000534 0.000519 0.000513 0.000510 0.000509 0.000509 0.000508 0.000507 0.000506 0.000504 0.000500 0.000495 0.000486 0.000473 0.000454 0.000428 0.000394 0.000350 0.000296 0.000232 0.000160 0.000082 0.000000 
50.000000 42.382678 35.042886 28.227845 22.129677 16.870219 12.497243 8.991249 6.280032 4.257132 2.800353 1.787400 1.107041 0.665440 0.388324 0.220119 0.121316 0.065124 0.034167 0.017637 0.009078 0.004779 0.002683 0.001690 0.001233 0.001029 0.000940 0.000902 0.000887 0.000880 0.000878 0.000877 0.000876 0.000875 0.000874 0.000872 0.000868 0.000862 0.000853 0.000838 0.000815 0.000783 0.000739 0.000680 0.000604 0.000511 0.000401 0.000277 0.000141 0.000000 
50.000000 42.382824 35.043172 28.228262 22.130210 16.870853 12.497961 8.992034 6.280868 4.258007 2.801255 1.788321 1.107975 0.666382 0.389271 0.221070 0.122269 0.066078 0.035121 0.018592 0.010033 0.005734 0.003638 0.002645 0.002188 0.001984 0.001895 0.001857 0.001842 0.001835 0.001833 0.001832 0.001831 0.001829 0.001827 0.001822 0.001815 0.001802 0.001782 0.001752 0.001705 0.001639 0.001547 0.001423 0.001266 0.001071 0.000841 0.000580 0.000296 0.000000 
50.000000 42.383142 35.043796 28.229171 22.131373 16.872235 12.499524 8.993743 6.282689 4.259912 2.803220 1.790329 1.110011 0.668436 0.391337 0.223142 0.124345 0.068156 0.037201 0.020672 0.012114 0.007815 0.005719 0.004726 0.004269 0.004065 0.003976 0.003938 0.003923 0.003916 0.003913 0.003912 0.003910 0.003907 0.003902 0.003893 0.003877 0.003851 0.003809 0.003744 0.003647 0.003506 0.003310 0.003048 0.002711 0.002296 0.001803 0.001244 0.000635 0.000000 
50.000000 42.383797 35.045083 28.231044 22.133770 16.875084 12.502749 8.997268 6.286447 4.263843 2.807276 1.794471 1.114210 0.672673 0.395597 0.227416 0.128628 0.072444 0.041491 0.024964 0.016406 0.012108 0.010011 0.009019 0.008562 0.008358 0.008269 0.008231 0.008216 0.008209 0.008206 0.008203 0.008200 0.008194 0.008184 0.008165 0.008133 0.008080 0.007993 0.007859 0.007656 0.007364 0.006955 0.006408 0.005703 0.004832 0.003798 0.002621 0.001339 0.000000 
50.000000 42.385104 35.047648 28.234777 22.138548 16.880763 12.509176 9.004294 6.293936 4.271677 2.815357 1.802724 1.122579 0.681117 0.404088 0.235936 0.137164 0.080990 0.050042 0.033517 0.024961 0.020663 0.018567 0.017575 0.017118 0.016914 0.016825 0.016787 0.016772 0.016765 0.016761 0.016757 0.016751 0.016739 0.016719 0.016682 0.016618 0.016511 0.016338 0.016068 0.015660 0.015068 0.014240 0.013128 0.011692 0.009911 0.007794 0.005382 0.002750 0.000000 
50.000000 42.387627 35.052602 28.241987 22.147776 16.891731 12.521589 9.017865 6.308401 4.286809 2.830969 1.818669 1.138747 0.697430 0.420491 0.252394 0.153654 0.097498 0.066560 0.050041 0.041488 0.037191 0.035096 0.034104 0.033647 0.033443 0.033354 0.033316 0.033300 0.033293 0.033287 0.033281 0.033269 0.033248 0.033209 0.033138 0.033014 0.032807 0.032471 0.031943 0.031146 0.029984 0.028355 0.026158 0.023313 0.019777 0.015563 0.010752 0.005496 0.000000 
50.000000 42.392351 35.061878 28.255489 22.165057 16.912269 12.544835 9.043280 6.335491 4.315147 2.860206 1.848530 1.169027 0.727981 0.451212 0.283218 0.184538 0.128416 0.097498 0.080988 0.072440 0.068146 0.066053 0.065061 0.064605 0.064401 0.064312 0.064273 0.064257 0.064248 0.064241 0.064229 0.064209 0.064169 0.064096 0.063963 0.063733 0.063344 0.062711 0.061715 0.060203 0.057992 0.054881 0.050670 0.045197 0.038373 0.030219 0.020891 0.010682 0.000000 
50.000000 42.400925 35.078713 28.279992 22.196420 16.949545 12.587024 9.089406 6.384659 4.366583 2.913273 1.902730 1.223987 0.783434 0.506974 0.339167 0.240597 0.184538 0.153653 0.137162 0.128624 0.124335 0.122243 0.121253 0.120797 0.120593 0.120504 0.120465 0.120448 0.120437 0.120426 0.120407 0.120370 0.120299 0.120167 0.119929 0.119512 0.118807 0.117654 0.115832 0.113056 0.108979 0.103217 0.095387 0.085169 0.072381 0.057051 0.039468 0.020190 0.000000 
50.000000 42.415998 35.108308 28.323069 22.251556 17.015078 12.661197 9.170502 6.471106 4.457018 3.006578 1.998029 1.320623 0.880937 0.605021 0.437544 0.339167 0.283218 0.252393 0.235935 0.227413 0.223132 0.221044 0.220056 0.219601 0.219397 0.219308 0.219269 0.219250 0.219237 0.219219 0.219186 0.219122 0.219000 0.218772 0.218358 0.217630 0.216394 0.214363 0.211141 0.206208 0.198930 0.188592 0.174476 0.155968 0.132705 0.104710 0.072501 0.037108 0.000000 
50.000000 42.441654 35.158684 28.396392 22.345408 17.126629 12.787457 9.308549 6.618263 4.610967 3.165415 2.160262 1.485135 1.046927 0.771937 0.605021 0.506974 0.451212 0.420490 0.404087 0.395593 0.391326 0.389246 0.388261 0.387807 0.387604 0.387515 0.387475 0.387454 0.387435 0.387407 0.387354 0.387249 0.387045 0.386663 0.385968 0.384743 0.382651 0.379198 0.373693 0.365221 0.352651 0.334697 0.310042 0.277540 0.236476 0.186831 0.129496 0.066326 0.000000 
50.000000 42.483915 35.241663 28.517172 22.500006 17.310385 12.995448 9.535961 6.860685 4.864583 3.427087 2.427531 1.756161 1.320389 1.046927 0.880937 0.783434 0.727980 0.697429 0.681116 0.672669 0.668426 0.666357 0.665377 0.664926 0.664724 0.664634 0.664593 0.664569 0.664544 0.664500 0.664416 0.664248 0.663922 0.663307 0.662184 0.660195 0.656783 0.651123 0.642047 0.627996 0.607022 0.576868 0.535186 0.479881 0.409573 0.324101 0.224931 0.115304 0.000000 
50.000000 42.551250 35.373875 28.709616 22.746335 17.603177 13.326860 9.898324 7.246973 5.268714 3.844059 2.853428 2.188048 1.756161 1.485135 1.320623 1.223987 1.169027 1.138747 1.122578 1.114206 1.110001 1.107950 1.106979 1.106531 1.106330 1.106241 1.106198 1.106169 1.106134 1.106070 1.105940 1.105682 1.105180 1.104229 1.102484 1.099378 1.094024 1.085090 1.070676 1.048211 1.014436 0.965518 0.897375 0.806261 0.689564 0.546730 0.380055 0.195034 0.000000 
50.000000 42.654975 35.577540 29.006067 23.125799 18.054222 13.837406 10.456560 7.842075 5.891311 4.486449 3.509573 2.853428 2.427531 2.160262 1.998029 1.902730 1.848530 1.818668 1.802723 1.794467 1.790319 1.788297 1.787339 1.786897 1.786698 1.786609 1.786564 1.786530 1.786481 1.786388 1.786199 1.785819 1.785077 1.783666 1.781063 1.776408 1.768338 1.754786 1.732772 1.698204 1.645809 1.569263 1.461671 1.316476 1.128827 0.897209 0.624978 0.321168 0.000000 
50.000000 42.809384 35.880727 29.447382 23.690699 18.725691 14.597465 11.287628 8.728039 6.818222 5.442837 4.486449 3.844059 3.427087 3.165415 3.006578 2.913273 2.860206 2.830968 2.815356 2.807272 2.803211 2.801230 2.800292 2.799860 2.799664 2.799575 2.799528 2.799486 2.799421 2.799291 2.799026 2.798491 2.797441 2.795437 2.791722 2.785040 2.773384 2.753677 2.721418 2.670337 2.592195 2.476888 2.313081 2.089572 1.797493 1.433166 1.000999 0.515344 0.000000 
50.000000 43.031419 36.316701 30.081988 24.503024 19.691276 15.690456 12.482748 10.002120 8.151202 6.818222 5.891311 5.268714 4.864583 4.610967 4.457018 4.366583 4.315147 4.286808 4.271675 4.263839 4.259903 4.257983 4.257073 4.256654 4.256464 4.256375 4.256325 4.256275 4.256190 4.256018 4.255663 4.254945 4.253527 4.250810 4.245747 4.236587 4.220502 4.193107 4.147885 4.075601 3.963861 3.797065 3.557125 3.225352 2.785835 2.230252 1.563298 0.806834 0.000000 
50.000000 43.339704 36.922031 30.963114 25.630920 21.031982 17.208084 14.142202 11.771232 10.002120 8.728039 7.842075 7.246973 6.860685 6.618263 6.471106 6.384659 6.335491 6.308401 6.293935 6.286444 6.282680 6.280845 6.279975 6.279574 6.279391 6.279305 6.279252 6.279193 6.279087 6.278870 6.278418 6.277499 6.275680 6.272176 6.265612 6.253664 6.232537 6.196266 6.135844 6.038258 5.885616 5.654721 5.317638 4.843997 4.205812 3.385230 2.384464 1.234942 0.000000 
50.000000 43.752843 37.733251 32.143944 27.142466 22.828742 19.241969 16.366183 14.142202 12.482748 11.287628 10.456560 9.898324 9.535961 9.308549 9.170502 9.089406 9.043279 9.017865 9.004293 8.997265 8.993734 8.992012 8.991196 8.990819 8.990647 8.990564 8.990509 8.990442 8.990316 8.990055 8.989511 8.988399 8.986188 8.981910 8.973852 8.959093 8.932807 8.887297 8.810740 8.685683 8.487481 8.183091 7.730966 7.083241 6.191837 5.020094 3.560277 1.853326 0.000000 
50.000000 44.287042 38.782182 33.670800 29.096963 25.152054 21.871920 19.241969 17.208084 15.690456 14.597465 13.837406 13.326860 12.995448 12.787457 12.661197 12.587024 12.544835 12.521589 12.509175 12.502746 12.499517 12.497941 12.497194 12.496849 12.496691 12.496612 12.496557 12.496484 12.496344 12.496049 12.495431 12.494165 12.491637 12.486722 12.477415 12.460262 12.429484 12.375735 12.284384 12.133331 11.890446 11.511003 10.935960 10.092715 8.901153 7.289059 5.220934 2.739144 0.000000 
50.000000 44.953287 40.090398 35.575087 31.534618 28.049718 25.152054 22.828742 21.031982 19.691276 18.725691 18.054222 17.603177 17.310385 17.126629 17.015078 16.949545 16.912269 16.891730 16.880762 16.875082 16.872228 16.870836 16.870176 16.869870 16.869730 16.869659 16.869605 16.869531 16.869384 16.869072 16.868418 16.867072 16.864376 16.859110 16.849088 16.830504 16.796916 16.737745 16.636120 16.465924 16.187985 15.745501 15.059339 14.024859 12.514159 10.391485 7.554542 4.014361 0.000000 
50.000000 45.754539 41.663711 37.865269 34.466268 31.534618 29.096963 27.142466 25.630920 24.503024 23.690699 23.125799 22.746335 22.500006 22.345408 22.251556 22.196420 22.165057 22.147776 22.138547 22.133768 22.131367 22.130195 22.129640 22.129383 22.129264 22.129202 22.129154 22.129083 22.128941 22.128638 22.128000 22.126684 22.124039 22.118851 22.108932 22.090433 22.056771 21.996972 21.893205 21.717190 21.425108 20.950629 20.195810 19.020459 17.233134 14.594073 10.856488 5.898764 0.000000 
50.000000 46.683514 43.487822 40.520530 37.865269 35.575087 33.670800 32.143944 30.963114 30.081988 29.447382 29.006067 28.709616 28.517172 28.396392 28.323069 28.279992 28.255489 28.241987 28.234776 28.231042 28.229166 28.228251 28.227817 28.227615 28.227522 28.227473 28.227433 28.227372 28.227248 28.226984 28.226425 28.225270 28.222941 28.218358 28.209560 28.193072 28.162886 28.108858 28.014216 27.851736 27.577884 27.123850 26.381741 25.183602 23.271196 20.260265 15.629368 8.851931 0.000000 
50.000000 47.721653 45.526286 43.487822 41.663711 40.090398 38.782182 37.733251 36.922031 36.316701 35.880727 35.577540 35.373875 35.241663 35.158684 35.108308 35.078713 35.061878 35.052602 35.047648 35.045082 35.043793 35.043164 35.042866 35.042727 35.042663 35.042629 35.042600 35.042555 35.042463 35.042266 35.041850 35.040988 35.039245 35.035808 35.029187 35.016732 34.993820 34.952563 34.879727 34.753402 34.537567 34.172974 33.561248 32.535856 30.807224 27.858454 22.763143 13.988754 0.000000 
50.000000 48.839697 47.721653 46.683514 45.754539 44.953287 44.287042 43.752843 43.339704 43.031419 42.809384 42.654975 42.551250 42.483915 42.441654 42.415998 42.400925 42.392351 42.387627 42.385103 42.383797 42.383140 42.382820 42.382668 42.382597 42.382564 42.382547 42.382532 42.382508 42.382459 42.382354 42.382131 42.381670 42.380736 42.378890 42.375328 42.368611 42.356216 42.333807 42.294040 42.224585 42.104761 41.899517 41.547898 40.938926 39.855775 37.831583 33.732899 24.419848 0.000000 
50.000000 50.000000 50.000000 50.000000 50.000000 50.000000 50.000000 50.000000 50.000000 50.000000 50.000000 50.000000 50.000000 50.000000 50.000000 50.000000 50.000000 50.000000 50.000000 50.000000 50.000000 50.000000 50.000000 50.000000 50.000000 50.000000 50.000000 50.000000 50.000000 50.000000 50.000000 50.000000 50.000000 50.000000 50.000000 50.000000 50.000000 50.000000 50.000000 50.000000 50.000000 50.000000 50.000000 50.000000 50.000000 50.000000 50.000000 50.000000 50.000000 50.000000 
