50.000000 50.000000 50.000000 50.000000 50.000000 50.000000 50.000000 50.000000 50.000000 50.000000 50.000000 50.000000 50.000000 50.000000 50.000000 50.000000 50.000000 50.000000 50.000000 50.000000 50.000000 50.000000 50.000000 50.000000 50.000000 50.000000 50.000000 50.000000 50.000000 50.000000 50.000000 50.000000 50.000000 50.000000 50.000000 50.000000 50.000000 50.000000 50.000000 50.000000 50.000000 50.000000 50.000000 50.000000 50.000000 50.000000 50.000000 50.000000 50.000000 50.000000 
50.000000 48.569660 47.203523 45.957156 44.870790 43.965877 43.245274 42.696446 42.296457 42.017341 41.830739 41.711138 41.637593 41.594173 41.569543 41.556108 41.549056 41.545491 41.543753 41.542937 41.542566 41.542404 41.542335 41.542307 41.542296 41.542291 41.542289 41.542287 41.542283 41.542273 41.542247 41.542187 41.542044 41.541718 41.540995 41.539439 41.536184 41.529557 41.516424 41.491036 41.443056 41.354113 41.191596 40.896825 40.360545 39.366683 37.447805 33.468349 24.284830 0.000000 
50.000000 47.203523 44.532573 42.095791 39.971834 38.202642 36.793801 35.720803 34.938798 34.393113 34.028300 33.794478 33.650698 33.565813 33.517662 33.491397 33.477611 33.470641 33.467245 33.465649 33.464925 33.464608 33.464473 33.464418 33.464396 33.464387 33.464383 33.464379 33.464371 33.464353 33.464306 33.464194 33.463931 33.463331 33.462005 33.459155 33.453205 33.441134 33.417305 33.371485 33.285506 33.127684 32.843355 32.338413 31.449560 29.888637 27.137667 22.266286 13.735174 0.000000 
50.000000 45.957156 42.095791 38.572972 35.502412 32.944745 30.908040 29.356863 28.226372 27.437522 26.910149 26.572141 26.364298 26.241595 26.171992 26.134027 26.114099 26.104025 26.099117 26.096810 26.095763 26.095304 26.095110 26.095030 26.094998 26.094986 26.094980 26.094975 26.094965 26.094940 26.094879 26.094732 26.094388 26.093605 26.091879 26.088180 26.080491 26.064964 26.034500 25.976380 25.868436 25.672995 25.327432 24.729624 23.715981 22.030174 19.286486 14.958124 8.509351 0.000000 
50.000000 44.870790 39.971834 35.502412 31.606797 28.361912 25.777993 23.810073 22.375880 21.375123 20.706094 20.277302 20.013642 19.857988 19.769696 19.721539 19.696262 19.683484 19.677258 19.674332 19.673004 19.672423 19.672176 19.672075 19.672035 19.672019 19.672011 19.672005 19.671994 19.671966 19.671899 19.671737 19.671357 19.670497 19.668606 19.664572 19.656225 19.639472 19.606850 19.545197 19.432057 19.230361 18.880904 18.292383 17.329631 15.803398 13.472238 10.083196 5.504107 0.000000 
50.000000 43.965877 38.202642 32.944745 28.361912 24.544639 21.504957 19.189956 17.502841 16.325619 15.538634 15.034252 14.724119 14.541034 14.437185 14.380544 14.350814 14.335786 14.328464 14.325023 14.323462 14.322778 14.322488 14.322369 14.322321 14.322303 14.322294 14.322288 14.322277 14.322249 14.322183 14.322023 14.321651 14.320811 14.318970 14.315060 14.307017 14.290984 14.260020 14.202093 14.097128 13.912940 13.600113 13.086385 12.272320 11.032282 9.228764 6.753082 3.605332 0.000000 
50.000000 43.245274 36.793801 30.908040 25.777993 21.504957 18.102391 15.511057 13.622586 12.304887 11.424010 10.859464 10.512345 10.307432 10.191204 10.127813 10.094542 10.077724 10.069530 10.065679 10.063932 10.063167 10.062842 10.062709 10.062656 10.062635 10.062627 10.062620 10.062610 10.062585 10.062525 10.062382 10.062049 10.061300 10.059666 10.056213 10.049152 10.035176 10.008416 9.958865 9.870193 9.716944 9.461439 9.051195 8.418572 7.485610 6.178417 4.455388 2.348449 0.000000 
50.000000 42.696446 35.720803 29.356863 23.810073 19.189956 15.511057 12.709309 10.667530 9.242883 8.290530 7.680188 7.304921 7.083396 6.957749 6.889223 6.853257 6.835078 6.826221 6.822059 6.820171 6.819344 6.818993 6.818849 6.818792 6.818770 6.818760 6.818754 6.818745 6.818725 6.818675 6.818556 6.818280 6.817662 6.816320 6.813500 6.807768 6.796502 6.775113 6.735903 6.666564 6.548402 6.354655 6.049618 5.589844 4.929169 4.029431 2.877448 1.504851 0.000000 
50.000000 42.296457 34.938798 28.226372 22.375880 17.502841 13.622586 10.667530 8.514057 7.011501 6.007085 5.363391 4.967625 4.734004 4.601501 4.529237 4.491310 4.472140 4.462801 4.458413 4.456422 4.455549 4.455180 4.455028 4.454968 4.454945 4.454935 4.454930 4.454922 4.454906 4.454867 4.454775 4.454562 4.454086 4.453057 4.450906 4.446561 4.438080 4.422109 4.393107 4.342379 4.257029 4.119128 3.905643 3.589901 3.145520 2.553378 1.811114 0.942344 0.000000 
50.000000 42.017341 34.393113 27.437522 21.375123 16.325619 12.304887 9.242883 7.011501 5.454607 4.413884 3.746934 3.336877 3.094825 2.957543 2.882674 2.843381 2.823521 2.813846 2.809300 2.807238 2.806334 2.805951 2.805794 2.805732 2.805708 2.805698 2.805693 2.805687 2.805675 2.805647 2.805580 2.805425 2.805080 2.804339 2.802798 2.799701 2.793697 2.782477 2.762279 2.727303 2.669122 2.576319 2.434694 2.228491 1.943066 1.569085 1.107607 0.574285 0.000000 
50.000000 41.830739 34.028300 26.910149 20.706094 15.538634 11.424010 8.290530 6.007085 4.413884 3.348907 2.666421 2.246820 1.999138 1.858665 1.782058 1.741854 1.721533 1.711634 1.706983 1.704873 1.703948 1.703556 1.703396 1.703332 1.703307 1.703298 1.703293 1.703289 1.703280 1.703261 1.703214 1.703108 1.702873 1.702369 1.701325 1.699239 1.695222 1.687767 1.674453 1.651605 1.613979 1.554626 1.465144 1.336541 1.160898 0.933769 0.656815 0.339703 0.000000 
50.000000 41.711138 33.794478 26.572141 20.277302 15.034252 10.859464 7.680188 5.363391 3.746934 2.666421 1.973989 1.548276 1.296991 1.154476 1.076756 1.035969 1.015354 1.005312 1.000593 0.998452 0.997514 0.997117 0.996954 0.996889 0.996864 0.996855 0.996851 0.996848 0.996842 0.996829 0.996799 0.996730 0.996577 0.996252 0.995582 0.994250 0.991698 0.986994 0.978655 0.964457 0.941282 0.905075 0.851048 0.774231 0.670452 0.537640 0.377173 0.194714 0.000000 
50.000000 41.637593 33.650698 26.364298 20.013642 14.724119 10.512345 7.304921 4.967625 3.336877 2.246820 1.548276 1.118811 0.865312 0.721544 0.643141 0.601996 0.581200 0.571070 0.566310 0.564151 0.563205 0.562804 0.562640 0.562575 0.562550 0.562540 0.562536 0.562534 0.562530 0.562522 0.562503 0.562460 0.562367 0.562167 0.561758 0.560948 0.559405 0.556578 0.551598 0.543179 0.529544 0.508419 0.477169 0.433134 0.374169 0.299335 0.209564 0.108035 0.000000 
50.000000 41.594173 33.565813 26.241595 19.857988 14.541034 10.307432 7.083396 4.734004 3.094825 1.999138 1.296991 0.865312 0.610510 0.466002 0.387197 0.345841 0.324939 0.314757 0.309973 0.307803 0.306852 0.306449 0.306284 0.306219 0.306193 0.306184 0.306180 0.306178 0.306176 0.306171 0.306160 0.306135 0.306080 0.305963 0.305724 0.305255 0.304364 0.302741 0.299899 0.295124 0.287444 0.275628 0.258280 0.234016 0.201763 0.161104 0.112608 0.057989 0.000000 
50.000000 41.569543 33.517662 26.171992 19.769696 14.437185 10.191204 6.957749 4.601501 2.957543 1.858665 1.154476 0.721544 0.466002 0.321076 0.242044 0.200568 0.179606 0.169395 0.164597 0.162421 0.161467 0.161063 0.160898 0.160832 0.160807 0.160797 0.160794 0.160792 0.160790 0.160788 0.160781 0.160767 0.160736 0.160671 0.160538 0.160278 0.159786 0.158894 0.157340 0.154745 0.150595 0.144249 0.134991 0.122125 0.105124 0.083811 0.058507 0.030103 0.000000 
50.000000 41.556108 33.491397 26.134027 19.721539 14.380544 10.127813 6.889223 4.529237 2.882674 1.782058 1.076756 0.643141 0.387197 0.242044 0.162887 0.121347 0.100352 0.090125 0.085319 0.083140 0.082185 0.081780 0.081614 0.081548 0.081523 0.081513 0.081510 0.081508 0.081507 0.081506 0.081503 0.081495 0.081478 0.081443 0.081373 0.081234 0.080974 0.080504 0.079689 0.078335 0.076180 0.072903 0.068147 0.061574 0.052933 0.042148 0.029392 0.015113 0.000000 
50.000000 41.549056 33.477611 26.114099 19.696262 14.350814 10.094542 6.853257 4.491310 2.843381 1.741854 1.035969 0.601996 0.345841 0.200568 0.121347 0.079772 0.058761 0.048525 0.043716 0.041534 0.040578 0.040174 0.040008 0.039942 0.039916 0.039907 0.039903 0.039902 0.039901 0.039900 0.039899 0.039895 0.039886 0.039868 0.039832 0.039761 0.039629 0.039391 0.038981 0.038301 0.037224 0.035595 0.033242 0.030003 0.025764 0.020494 0.014280 0.007338 0.000000 
50.000000 41.545491 33.470641 26.104025 19.683484 14.335786 10.077724 6.835078 4.472140 2.823521 1.721533 1.015354 0.581200 0.324939 0.179606 0.100352 0.058761 0.037740 0.027501 0.022689 0.020507 0.019551 0.019145 0.018979 0.018914 0.018888 0.018879 0.018875 0.018874 0.018873 0.018873 0.018872 0.018870 0.018866 0.018857 0.018839 0.018805 0.018740 0.018624 0.018425 0.018097 0.017579 0.016798 0.015675 0.014135 0.012127 0.009638 0.006710 0.003447 0.000000 
50.000000 41.543753 33.467245 26.099117 19.677258 14.328464 10.069530 6.826221 4.462801 2.813847 1.711634 1.005312 0.571070 0.314757 0.169395 0.090125 0.048525 0.027501 0.017259 0.012447 0.010264 0.009307 0.008902 0.008736 0.008670 0.008645 0.008635 0.008632 0.008631 0.008630 0.008630 0.008630 0.008629 0.008627 0.008622 0.008614 0.008598 0.008567 0.008513 0.008420 0.008267 0.008027 0.007666 0.007148 0.006441 0.005521 0.004385 0.003051 0.001567 0.000000 
50.000000 41.542937 33.465649 26.096810 19.674332 14.325023 10.065679 6.822059 4.458413 2.809300 1.706983 1.000593 0.566310 0.309973 0.164597 0.085319 0.043716 0.022689 0.012447 0.007634 0.005451 0.004494 0.004089 0.003923 0.003857 0.003832 0.003822 0.003819 0.003818 0.003817 0.003817 0.003817 0.003816 0.003815 0.003814 0.003810 0.003802 0.003789 0.003764 0.003722 0.003653 0.003546 0.003384 0.003154 0.002840 0.002433 0.001931 0.001343 0.000689 0.000000 
50.000000 41.542566 33.464925 26.095763 19.673005 14.323462 10.063932 6.820171 4.456422 2.807238 1.704873 0.998453 0.564151 0.307803 0.162421 0.083140 0.041535 0.020507 0.010264 0.005451 0.003268 0.002311 0.001906 0.001740 0.001674 0.001649 0.001639 0.001636 0.001635 0.001634 0.001634 0.001634 0.001634 0.001633 0.001633 0.001631 0.001628 0.001622 0.001611 0.001593 0.001563 0.001516 0.001447 0.001347 0.001213 0.001038 0.000824 0.000573 0.000294 0.000000 
50.000000 41.542404 33.464608 26.095305 19.672423 14.322778 10.063167 6.819344 4.455550 2.806335 1.703949 0.997515 0.563206 0.306853 0.161468 0.082185 0.040579 0.019551 0.009308 0.004495 0.002312 0.001355 0.000950 0.000784 0.000718 0.000693 0.000683 0.000680 0.000679 0.000678 0.000678 0.000678 0.000678 0.000678 0.000677 0.000677 0.000675 0.000673 0.000668 0.000660 0.000648 0.000628 0.000599 0.000558 0.000502 0.000430 0.000341 0.000237 0.000121 0.000000 
50.000000 41.542336 33.464474 26.095111 19.672177 14.322489 10.062844 6.818995 4.455181 2.805953 1.703558 0.997119 0.562806 0.306451 0.161065 0.081782 0.040175 0.019147 0.008904 0.004091 0.001908 0.000951 0.000546 0.000380 0.000314 0.000289 0.000279 0.000276 0.000274 0.000274 0.000274 0.000274 0.000274 0.000274 0.000274 0.000273 0.000273 0.000272 0.000270 0.000267 0.000262 0.000254 0.000242 0.000225 0.000202 0.000173 0.000137 0.000095 0.000049 0.000000 
50.000000 41.542308 33.464420 26.095033 19.672078 14.322372 10.062713 6.818854 4.455033 2.805799 1.703401 0.996959 0.562645 0.306289 0.160903 0.081619 0.040013 0.018985 0.008741 0.003928 0.001745 0.000788 0.000383 0.000217 0.000151 0.000126 0.000116 0.000113 0.000112 0.000111 0.000111 0.000111 0.000111 0.000111 0.000111 0.000111 0.000111 0.000110 0.000109 0.000108 0.000106 0.000103 0.000098 0.000091 0.000082 0.000070 0.000056 0.000039 0.000020 0.000000 
50.000000 41.542298 33.464401 26.095006 19.672044 14.322332 10.062668 6.818805 4.454982 2.805746 1.703346 0.996904 0.562589 0.306233 0.160847 0.081563 0.039956 0.018928 0.008685 0.003872 0.001689 0.000732 0.000327 0.000161 0.000095 0.000069 0.000060 0.000056 0.000055 0.000055 0.000055 0.000055 0.000055 0.000055 0.000055 0.000055 0.000054 0.000054 0.000054 0.000053 0.000052 0.000051 0.000048 0.000045 0.000040 0.000034 0.000027 0.000019 0.000010 0.000000 
50.000000 41.542298 33.464401 26.095006 19.672044 14.322332 10.062668 6.818805 4.454982 2.805746 1.703346 0.996904 0.562589 0.306233 0.160847 0.081563 0.039956 0.018928 0.008685 0.003872 0.001689 0.000732 0.000327 0.000161 0.000095 0.000069 0.000060 0.000056 0.000055 0.000055 0.000055 0.000055 0.000055 0.000055 0.000055 0.000055 0.000054 0.000054 0.000054 0.000053 0.000052 0.000051 0.000048 0.000045 0.000040 0.000034 0.000027 0.000019 0.000010 0.000000 
50.000000 41.542308 33.464420 26.095033 19.672078 14.322372 10.062713 6.818854 4.455033 2.805799 1.703401 0.996959 0.562645 0.306289 0.160903 0.081619 0.040013 0.018985 0.008741 0.003928 0.001745 0.000788 0.000383 0.000217 0.000151 0.000126 0.000116 0.000113 0.000112 0.000111 0.000111 0.000111 0.000111 0.000111 0.000111 0.000111 0.000111 0.000110 0.000109 0.000108 0.000106 0.000103 0.000098 0.000091 0.000082 0.000070 0.000056 0.000039 0.000020 0.000000 
50.000000 41.542336 33.464474 26.095111 19.672177 14.322489 10.062844 6.818995 4.455181 2.805953 1.703558 0.997119 0.562806 0.306451 0.161065 0.081782 0.040175 0.019147 0.008904 0.004091 0.001908 0.000951 0.000546 0.000380 0.000314 0.000289 0.000279 0.000276 0.000274 0.000274 0.000274 0.000274 0.000274 0.000274 0.000274 0.000273 0.000273 0.000272 0.000270 0.000267 0.000262 0.000254 0.000242 0.000225 0.000202 0.000173 0.000137 0.000095 0.000049 0.000000 
50.000000 41.542404 33.464608 26.095305 19.672423 14.322778 10.063167 6.819344 4.455550 2.806335 1.703949 0.997515 0.563206 0.306853 0.161468 0.082185 0.040579 0.019551 0.009308 0.004495 0.002312 0.001355 0.000950 0.000784 0.000718 0.000693 0.000683 0.000680 0.000679 0.000678 0.000678 0.000678 0.000678 0.000678 0.000677 0.000677 0.000675 0.000673 0.000668 0.000660 0.000648 0.000628 0.000599 0.000558 0.000502 0.000430 0.000341 0.000237 0.000121 0.000000 
50.000000 41.542566 33.464925 26.095763 19.673005 14.323462 10.063932 6.820171 4.456422 2.807238 1.704873 0.998453 0.564151 0.307803 0.162421 0.083140 0.041535 0.020507 0.010264 0.005451 0.003268 0.002311 0.001906 0.001740 0.001674 0.001649 0.001639 0.001636 0.001635 0.001634 0.001634 0.001634 0.001634 0.001633 0.001633 0.001631 0.001628 0.001622 0.001611 0.001593 0.001563 0.001516 0.001447 0.001347 0.001213 0.001038 0.000824 0.000573 0.000294 0.000000 
50.000000 41.542937 33.465649 26.096810 19.674332 14.325023 10.065679 6.822059 4.458413 2.809300 1.706983 1.000593 0.566310 0.309973 0.164597 0.085319 0.043716 0.022689 0.012447 0.007634 0.005451 0.004494 0.004089 0.003923 0.003857 0.003832 0.003822 0.003819 0.003818 0.003817 0.003817 0.003817 0.003816 0.003815 0.003814 0.003810 0.003802 0.003789 0.003764 0.003722 0.003653 0.003546 0.003384 0.003154 0.002840 0.002433 0.001931 0.001343 0.000689 0.000000 
50.000000 41.543753 33.467245 26.099117 19.677258 14.328464 10.069530 6.826221 4.462801 2.813847 1.711634 1.005312 0.571070 0.314757 0.169395 0.090125 0.048525 0.027501 0.017259 0.012447 0.010264 0.009307 0.008902 0.008736 0.008670 0.008645 0.008635 0.008632 0.008631 0.008630 0.008630 0.008630 0.008629 0.008627 0.008622 0.008614 0.008598 0.008567 0.008513 0.008420 0.008267 0.008027 0.007666 0.007148 0.006441 0.005521 0.004385 0.003051 0.001567 0.000000 
50.000000 41.545491 33.470641 26.104025 19.683484 14.335786 10.077724 6.835078 4.472140 2.823521 1.721533 1.015354 0.581200 0.324939 0.179606 0.100352 0.058761 0.037740 0.027501 0.022689 0.020507 0.019551 0.019145 0.018979 0.018914 0.018888 0.018879 0.018875 0.018874 0.018873 0.018873 0.018872 0.018870 0.018866 0.018857 0.018839 0.018805 0.018740 0.018624 0.018425 0.018097 0.017579 0.016798 0.015675 0.014135 0.012127 0.009638 0.006710 0.003447 0.000000 
50.000000 41.549056 33.477611 26.114099 19.696262 14.350814 10.094542 6.853257 4.491310 2.843381 1.741854 1.035969 0.601996 0.345841 0.200568 0.121347 0.079772 0.058761 0.048525 0.043716 0.041534 0.040578 0.040174 0.040008 0.039942 0.039916 0.039907 0.039903 0.039902 0.039901 0.039900 0.039899 0.039895 0.039886 0.039868 0.039832 0.039761 0.039629 0.039391 0.038981 0.038301 0.037224 0.035595 0.033242 0.030003 0.025764 0.020494 0.014280 0.007338 0.000000 
50.000000 41.556108 33.491397 26.134027 19.721539 14.380544 10.127813 6.889223 4.529237 2.882674 1.782058 1.076756 0.643141 0.387197 0.242044 0.162887 0.121347 0.100352 0.090125 0.085319 0.083140 0.082185 0.081780 0.081614 0.081548 0.081523 0.081513 0.081510 0.081508 0.081507 0.081506 0.081503 0.081495 0.081478 0.081443 0.081373 0.081234 0.080974 0.080504 0.079689 0.078335 0.076180 0.072903 0.068147 0.061574 0.052933 0.042148 0.029392 0.015113 0.000000 
50.000000 41.569543 33.517662 26.171992 19.769696 14.437185 10.191204 6.957749 4.601501 2.957543 1.858665 1.154476 0.721544 0.466002 0.321076 0.242044 0.200568 0.179606 0.169395 0.164597 0.162421 0.161467 0.161063 0.160898 0.160832 0.160807 0.160797 0.160794 0.160792 0.160790 0.160788 0.160781 0.160767 0.160736 0.160671 0.160538 0.160278 0.159786 0.158894 0.157340 0.154745 0.150595 0.144249 0.134991 0.122125 0.105124 0.083811 0.058507 0.030103 0.000000 
50.000000 41.594173 33.565813 26.241595 19.857988 14.541034 10.307432 7.083396 4.734004 3.094825 1.999138 1.296991 0.865312 0.610510 0.466002 0.387197 0.345841 0.324939 0.314757 0.309973 0.307803 0.306852 0.306449 0.306284 0.306219 0.306193 0.306184 0.306180 0.306178 0.306176 0.306171 0.306160 0.306135 0.306080 0.305963 0.305724 0.305255 0.304364 0.302741 0.299899 0.295124 0.287444 0.275628 0.258280 0.234016 0.201763 0.161104 0.112608 0.057989 0.000000 
50.000000 41.637593 33.650698 26.364298 20.013642 14.724119 10.512345 7.304921 4.967625 3.336877 2.246820 1.548276 1.118811 0.865312 0.721544 0.643141 0.601996 0.581200 0.571070 0.566310 0.564151 0.563205 0.562804 0.562640 0.562575 0.562550 0.562540 0.562536 0.562534 0.562530 0.562522 0.562503 0.562460 0.562367 0.562167 0.561758 0.560948 0.559405 0.556578 0.551598 0.543179 0.529544 0.508419 0.477169 0.433134 0.374169 0.299335 0.209564 0.108035 0.000000 
50.000000 41.711138 33.794478 26.572141 20.277302 15.034252 10.859464 7.680188 5.363391 3.746934 2.666421 1.973989 1.548276 1.296991 1.154476 1.076756 1.035969 1.015354 1.005312 1.000593 0.998452 0.997514 0.997117 0.996954 0.996889 0.996864 0.996855 0.996851 0.996848 0.996842 0.996829 0.996799 0.996730 0.996577 0.996252 0.995582 0.994250 0.991698 0.986994 0.978655 0.964457 0.941282 0.905075 0.851048 0.774231 0.670452 0.537640 0.377173 0.194714 0.000000 
50.000000 41.830739 34.028300 26.910149 20.706094 15.538634 11.424010 8.290530 6.007085 4.413884 3.348907 2.666421 2.246820 1.999138 1.858665 1.782058 1.741854 1.721533 1.711634 1.706983 1.704873 1.703948 1.703556 1.703396 1.703332 1.703307 1.703298 1.703293 1.703289 1.703280 1.703261 1.703214 1.703108 1.702873 1.702369 1.701325 1.699239 1.695222 1.687767 1.674453 1.651605 1.613979 1.554626 1.465144 1.336541 1.160898 0.933769 0.656815 0.339703 0.000000 
50.000000 42.017341 34.393113 27.437522 21.375123 16.325619 12.304887 9.242883 7.011501 5.454607 4.413884 3.746934 3.336877 3.094825 2.957543 2.882674 2.843381 2.823521 2.813846 2.809300 2.807238 2.806334 2.805951 2.805794 2.805732 2.805708 2.805698 2.805693 2.805687 2.805675 2.805647 2.805580 2.805425 2.805080 2.804339 2.802798 2.799701 2.793697 2.782477 2.762279 2.727303 2.669122 2.576319 2.434694 2.228491 1.943066 1.569085 1.107607 0.574285 0.000000 
50.000000 42.296457 34.938798 28.226372 22.375880 17.502841 13.622586 10.667530 8.514057 7.011501 6.007085 5.363391 4.967625 4.734004 4.601501 4.529237 4.491310 4.472140 4.462801 4.458413 4.456422 4.455549 4.455180 4.455028 4.454968 4.454945 4.454935 4.454930 4.454922 4.454906 4.454867 4.454775 4.454562 4.454086 4.453057 4.450906 4.446561 4.438080 4.422109 4.393107 4.342379 4.257029 4.119128 3.905643 3.589901 3.145520 2.553378 1.811114 0.942344 0.000000 
50.000000 42.696446 35.720803 29.356863 23.810073 19.189956 15.511057 12.709309 10.667530 9.242883 8.290530 7.680188 7.304921 7.083396 6.957749 6.889223 6.853257 6.835078 6.826221 6.822059 6.820171 6.819344 6.818993 6.818849 6.818792 6.818770 6.818760 6.818754 6.818745 6.818725 6.818675 6.818556 6.818280 6.817662 6.816320 6.813500 6.807768 6.796502 6.775113 6.735903 6.666564 6.548402 6.354655 6.049618 5.589844 4.929169 4.029431 2.877448 1.504851 0.000000 
50.000000 43.245274 36.793801 30.908040 25.777993 21.504957 18.102391 15.511057 13.622586 12.304887 11.424010 10.859464 10.512345 10.307432 10.191204 10.127813 10.094542 10.077724 10.069530 10.065679 10.063932 10.063167 10.062842 10.062709 10.062656 10.062635 10.062627 10.062620 10.062610 10.062585 10.062525 10.062382 10.062049 10.061300 10.059666 10.056213 10.049152 10.035176 10.008416 9.958865 9.870193 9.716944 9.461439 9.051195 8.418572 7.485610 6.178417 4.455388 2.348449 0.000000 
50.000000 43.965877 38.202642 32.944745 28.361912 24.544639 21.504957 19.189956 17.502841 16.325619 15.538634 15.034252 14.724119 14.541034 14.437185 14.380544 14.350814 14.335786 14.328464 14.325023 14.323462 14.322778 14.322488 14.322369 14.322321 14.322303 14.322294 14.322288 14.322277 14.322249 14.322183 14.322023 14.321651 14.320811 14.318970 14.315060 14.307017 14.290984 14.260020 14.202093 14.097128 13.912940 13.600113 13.086385 12.272320 11.032282 9.228764 6.753082 3.605332 0.000000 
50.000000 44.870790 39.971834 35.502412 31.606797 28.361912 25.777993 23.810073 22.375880 21.375123 20.706094 20.277302 20.013642 19.857988 19.769696 19.721539 19.696262 19.683484 19.677258 19.674332 19.673004 19.672423 19.672176 19.672075 19.672035 19.672019 19.672011 19.672005 19.671994 19.671966 19.671899 19.671737 19.671357 19.670497 19.668606 19.664572 19.656225 19.639472 19.606850 19.545197 19.432057 19.230361 18.880904 18.292383 17.329631 15.803398 13.472238 10.083196 5.504107 0.000000 
50.000000 45.957156 42.095791 38.572972 35.502412 32.944745 30.908040 29.356863 28.226372 27.437522 26.910149 26.572141 26.364298 26.241595 26.171992 26.134027 26.114099 26.104025 26.099117 26.096810 26.095763 26.095304 26.095110 26.095030 26.094998 26.094986 26.094980 26.094975 26.094965 26.094940 26.094879 26.094732 26.094388 26.093605 26.091879 26.088180 26.080491 26.064964 26.034500 25.976380 25.868436 25.672995 25.327432 24.729624 23.715981 22.030174 19.286486 14.958124 8.509351 0.000000 
50.000000 47.203523 44.532573 42.095791 39.971834 38.202642 36.793801 35.720803 34.938798 34.393113 34.028300 33.794478 33.650698 33.565813 33.517662 33.491397 33.477611 33.470641 33.467245 33.465649 33.464925 33.464608 33.464473 33.464418 33.464396 33.464387 33.464383 33.464379 33.464371 33.464353 33.464306 33.464194 33.463931 33.463331 33.462005 33.459155 33.453205 33.441134 33.417305 33.371485 33.285506 33.127684 32.843355 32.338413 31.449560 29.888637 27.137667 22.266286 13.735174 0.000000 
50.000000 48.569660 47.203523 45.957156 44.870790 43.965877 43.245274 42.696446 42.296457 42.017341 41.830739 41.711138 41.637593 41.594173 41.569543 41.556108 41.549056 41.545491 41.543753 41.542937 41.542566 41.542404 41.542335 41.542307 41.542296 41.542291 41.542289 41.542287 41.542283 41.542273 41.542247 41.542187 41.542044 41.541718 41.540995 41.539439 41.536184 41.529557 41.516424 41.491036 41.443056 41.354113 41.191596 40.896825 40.360545 39.366683 37.447805 33.468349 24.284830 0.000000 
50.000000 50.000000 50.000000 50.000000 50.000000 50.000000 50.000000 50.000000 50.000000 50.000000 50.000000 50.000000 50.000000 50.000000 50.000000 50.000000 50.000000 50.000000 50.000000 50.000000 50.000000 50.000000 50.000000 50.000000 50.000000 50.000000 50.000000 50.000000 50.000000 50.000000 50.000000 50.000000 50.000000 50.000000 50.000000 50.000000 50.000000 50.000000 50.000000 50.000000 50.000000 50.000000 50.000000 50.000000 50.000000 50.000000 50.000000 50.000000 50.000000 50.000000 
