50.000000 50.000000 50.000000 50.000000 50.000000 50.000000 50.000000 50.000000 50.000000 50.000000 50.000000 50.000000 50.000000 50.000000 50.000000 50.000000 50.000000 50.000000 50.000000 50.000000 50.000000 50.000000 50.000000 50.000000 50.000000 50.000000 50.000000 50.000000 50.000000 50.000000 50.000000 50.000000 50.000000 50.000000 50.000000 50.000000 50.000000 50.000000 50.000000 50.000000 50.000000 50.000000 50.000000 50.000000 50.000000 50.000000 50.000000 50.000000 50.000000 50.000000 
50.000000 49.006921 48.044803 47.141713 46.320379 45.596557 44.978366 44.466621 44.055940 43.736374 43.495206 43.318647 43.193220 43.106736 43.048838 43.011192 42.987411 42.972811 42.964097 42.959038 42.956181 42.954610 42.953769 42.953330 42.953104 42.952988 42.952920 42.952864 42.952789 42.952653 42.952390 42.951879 42.950905 42.949082 42.945737 42.939724 42.929116 42.910732 42.879389 42.826710 42.739180 42.594860 42.357491 41.965115 41.306131 40.163646 38.071407 33.897298 24.503461 0.000000 
50.000000 48.044803 46.150563 44.372538 42.755481 41.330406 40.113304 39.105773 38.297222 37.668060 37.193249 36.845641 36.598704 36.428436 36.314447 36.240332 36.193513 36.164769 36.147613 36.137654 36.132029 36.128937 36.127281 36.126416 36.125972 36.125743 36.125611 36.125504 36.125360 36.125103 36.124606 36.123643 36.121807 36.118375 36.112091 36.100814 36.080970 36.046685 35.988463 35.891108 35.730460 35.468112 35.042522 34.353407 33.233056 31.391767 28.313797 23.075281 14.147505 0.000000 
50.000000 47.141713 44.372538 41.773260 39.409303 37.326008 35.546749 34.073863 32.891865 31.972114 31.278006 30.769854 30.408871 30.159967 29.993335 29.884992 29.816551 29.774534 29.749455 29.734897 29.726675 29.722155 29.719735 29.718471 29.717823 29.717488 29.717298 29.717146 29.716948 29.716596 29.715918 29.714606 29.712111 29.707457 29.698957 29.683752 29.657095 29.611260 29.533890 29.405512 29.195809 28.857967 28.320015 27.471442 26.142672 24.075290 20.886630 16.058741 9.070305 0.000000 
50.000000 46.320379 42.755481 39.409303 36.366072 33.684156 31.393647 29.497552 27.975933 26.791918 25.898384 25.244238 24.779545 24.459134 24.244633 24.105166 24.017067 23.962980 23.930698 23.911958 23.901375 23.895557 23.892442 23.890815 23.889982 23.889554 23.889313 23.889127 23.888890 23.888477 23.887684 23.886156 23.883256 23.877862 23.868043 23.850551 23.820034 23.767878 23.680494 23.536861 23.305047 22.937357 22.363729 21.483128 20.153447 18.183036 15.334013 11.363714 6.156734 0.000000 
50.000000 45.596557 41.330406 37.326008 33.684156 30.474702 27.733657 25.464617 23.643719 22.226836 21.157571 20.374780 19.818706 19.435290 19.178612 19.011724 18.906304 18.841585 18.802956 18.780534 18.767870 18.760909 18.757182 18.755236 18.754240 18.753731 18.753448 18.753238 18.752982 18.752542 18.751705 18.750097 18.747054 18.741413 18.731187 18.713055 18.681601 18.628211 18.539507 18.395202 18.165274 17.806401 17.257793 16.437004 15.237351 13.530709 11.183335 8.097350 4.290426 0.000000 
50.000000 44.978366 40.113304 35.546749 31.393647 27.733657 24.607845 22.020306 19.943827 18.328082 17.108754 16.216111 15.582006 15.144793 14.852103 14.661803 14.541595 14.467799 14.423753 14.398186 14.383747 14.375810 14.371561 14.369343 14.368209 14.367631 14.367317 14.367093 14.366833 14.366399 14.365580 14.364013 14.361059 14.355604 14.345759 14.328392 14.298451 14.247999 14.164908 14.031160 13.820775 13.497504 13.012662 12.303922 11.296653 9.910519 8.075306 5.759897 3.013252 0.000000 
50.000000 44.466621 39.105773 34.073863 29.497552 25.464617 22.020306 19.169132 16.881102 15.100758 13.757226 12.773665 12.074982 11.593247 11.270756 11.061082 10.928638 10.847331 10.798804 10.770635 10.754727 10.745983 10.741302 10.738860 10.737612 10.736979 10.736641 10.736412 10.736162 10.735759 10.735006 10.733574 10.730884 10.725938 10.717054 10.701466 10.674762 10.630100 10.557189 10.441044 10.260591 9.987345 9.584566 9.007644 8.206824 7.133823 5.753848 4.063251 2.109130 0.000000 
50.000000 44.055940 38.297222 32.891865 27.975933 23.643719 19.943827 16.881102 14.423320 12.510905 11.067717 10.011210 9.260717 8.743264 8.396867 8.171653 8.029394 7.942063 7.889941 7.859686 7.842601 7.833209 7.828183 7.825560 7.824222 7.823546 7.823191 7.822963 7.822733 7.822376 7.821721 7.820482 7.818165 7.813925 7.806343 7.793114 7.770595 7.733209 7.672697 7.577256 7.430673 7.211660 6.893757 6.446323 5.837317 5.038576 4.033898 2.829110 1.461080 0.000000 
50.000000 43.736374 37.668060 31.972114 26.791918 22.226836 18.328082 15.100758 12.510905 10.495737 8.975021 7.861767 7.070971 6.525736 6.160745 5.923444 5.773552 5.681536 5.626619 5.594743 5.576741 5.566847 5.561551 5.558789 5.557381 5.556673 5.556307 5.556084 5.555878 5.555575 5.555032 5.554012 5.552114 5.548655 5.542499 5.531819 5.513750 5.483965 5.436146 5.361423 5.247869 5.080232 4.840166 4.507307 4.061562 3.486871 2.776305 1.937600 0.997195 0.000000 
50.000000 43.495206 37.193249 31.278006 25.898384 21.157571 17.108754 13.757226 11.067717 8.975021 7.395809 6.239743 5.418543 4.852350 4.473332 4.226915 4.071267 3.975718 3.918693 3.885594 3.866902 3.856628 3.851130 3.848262 3.846802 3.846070 3.845698 3.845483 3.845301 3.845054 3.844622 3.843820 3.842334 3.839637 3.834863 3.826621 3.812762 3.790071 3.753917 3.697905 3.613598 3.490461 3.316181 3.077594 2.762370 2.361523 1.872495 1.302141 0.668496 0.000000 
50.000000 43.318647 36.845641 30.769854 25.244238 20.374780 16.216111 12.773665 10.011210 7.861767 6.239743 5.052345 4.208894 3.627364 3.238084 2.984996 2.825137 2.727004 2.668437 2.634443 2.615247 2.604696 2.599049 2.596105 2.594607 2.593858 2.593482 2.593275 2.593117 2.592921 2.592591 2.591985 2.590869 2.588854 2.585303 2.579205 2.569009 2.552419 2.526172 2.485826 2.425622 2.338513 2.216475 2.051203 1.835273 1.563743 1.235964 0.857177 0.439257 0.000000 
50.000000 43.193220 36.598704 30.408871 24.779545 19.818706 15.582006 12.074982 9.260717 7.070971 5.418543 4.208894 3.349643 2.757224 2.360657 2.102835 1.939985 1.840018 1.780357 1.745728 1.726174 1.715426 1.709674 1.706676 1.705151 1.704391 1.704014 1.703813 1.703676 1.703523 1.703279 1.702839 1.702034 1.700587 1.698048 1.693709 1.686493 1.674821 1.656475 1.628472 1.587007 1.527507 1.444882 1.334008 1.190495 1.011667 0.797610 0.552018 0.282489 0.000000 
50.000000 43.106736 36.428436 30.159967 24.459134 19.435290 15.144793 11.593247 8.743264 6.525736 4.852350 3.627364 2.757224 2.157301 1.755713 1.494628 1.329719 1.228488 1.168074 1.133008 1.113206 1.102323 1.096499 1.093463 1.091920 1.091153 1.090775 1.090581 1.090460 1.090342 1.090167 1.089858 1.089298 1.088297 1.086549 1.083574 1.078651 1.070731 1.058356 1.039588 1.011987 0.972669 0.918485 0.846342 0.753689 0.639100 0.502872 0.347466 0.177621 0.000000 
50.000000 43.048838 36.314447 29.993335 24.244633 19.178612 14.852103 11.270756 8.396867 6.160745 4.473332 3.238084 2.360657 1.755713 1.350766 1.087498 0.921212 0.819136 0.758217 0.722859 0.702893 0.691919 0.686047 0.682986 0.681430 0.680658 0.680280 0.680092 0.679983 0.679892 0.679768 0.679559 0.679183 0.678515 0.677352 0.675383 0.672140 0.666948 0.658879 0.646711 0.628926 0.603753 0.569290 0.523711 0.465558 0.394083 0.309584 0.213633 0.109114 0.000000 
50.000000 43.011192 36.240332 29.884992 24.105166 19.011724 14.661803 11.061082 8.171653 5.923444 4.226915 2.984997 2.102835 1.494628 1.087499 0.822813 0.655631 0.553006 0.491760 0.456212 0.436139 0.425106 0.419203 0.416126 0.414563 0.413787 0.413410 0.413225 0.413126 0.413053 0.412967 0.412829 0.412585 0.412154 0.411407 0.410147 0.408080 0.404787 0.399694 0.392053 0.380945 0.365311 0.344029 0.316044 0.280537 0.237123 0.186035 0.128241 0.065455 0.000000 
50.000000 42.987411 36.193513 29.816552 24.017067 18.906304 14.541596 10.928639 8.029395 5.773553 4.071267 2.825137 1.939986 1.329720 0.921212 0.655632 0.487885 0.384914 0.323462 0.287794 0.267653 0.256583 0.250660 0.247573 0.246005 0.245227 0.244850 0.244668 0.244576 0.244516 0.244456 0.244367 0.244213 0.243944 0.243479 0.242699 0.241423 0.239400 0.236284 0.231631 0.224899 0.215471 0.202701 0.185992 0.164892 0.139206 0.109095 0.075139 0.038330 0.000000 
50.000000 42.972812 36.164770 29.774535 23.962981 18.841586 14.467800 10.847333 7.942065 5.681538 3.975720 2.727006 1.840020 1.228490 0.819138 0.553008 0.384915 0.281731 0.220152 0.184411 0.164229 0.153137 0.147201 0.144108 0.142537 0.141758 0.141381 0.141201 0.141113 0.141063 0.141020 0.140963 0.140869 0.140705 0.140425 0.139957 0.139194 0.137988 0.136138 0.133388 0.129426 0.123901 0.116450 0.106742 0.094533 0.079726 0.062425 0.042964 0.021907 0.000000 
50.000000 42.964098 36.147614 29.749457 23.930700 18.802960 14.423757 10.798807 7.889945 5.626623 3.918698 2.668442 1.780362 1.168078 0.758222 0.491765 0.323466 0.220155 0.158501 0.122716 0.102509 0.091403 0.085461 0.082363 0.080790 0.080012 0.079635 0.079456 0.079370 0.079326 0.079294 0.079258 0.079201 0.079105 0.078941 0.078668 0.078225 0.077528 0.076462 0.074882 0.072616 0.069467 0.065237 0.059747 0.052866 0.044547 0.034853 0.023973 0.012219 0.000000 
50.000000 42.959040 36.137657 29.734902 23.911965 18.780541 14.398195 10.770645 7.859696 5.594753 3.885604 2.634454 1.745740 1.133019 0.722870 0.456224 0.287805 0.184421 0.122723 0.086913 0.066691 0.055578 0.049631 0.046532 0.044958 0.044178 0.043802 0.043624 0.043540 0.043499 0.043474 0.043450 0.043416 0.043361 0.043268 0.043114 0.042864 0.042472 0.041875 0.040993 0.039732 0.037985 0.035648 0.032623 0.028843 0.024287 0.018989 0.013055 0.006652 0.000000 
50.000000 42.956185 36.132037 29.726687 23.901390 18.767888 14.383767 10.754749 7.842624 5.576766 3.866928 2.615273 1.726200 1.113233 0.702920 0.436166 0.267680 0.164254 0.102532 0.066707 0.046478 0.035360 0.029411 0.026310 0.024736 0.023956 0.023580 0.023402 0.023319 0.023280 0.023259 0.023243 0.023223 0.023192 0.023141 0.023056 0.022919 0.022704 0.022379 0.021899 0.021216 0.020272 0.019013 0.017388 0.015363 0.012928 0.010102 0.006942 0.003536 0.000000 
50.000000 42.954620 36.128955 29.722182 23.895592 18.760950 14.375857 10.746035 7.833265 5.566905 3.856688 2.604757 1.715488 1.102386 0.691982 0.425170 0.256646 0.153199 0.091462 0.055630 0.035396 0.024276 0.018326 0.015224 0.013650 0.012870 0.012494 0.012316 0.012234 0.012196 0.012177 0.012166 0.012153 0.012136 0.012108 0.012063 0.011989 0.011875 0.011701 0.011447 0.011085 0.010587 0.009924 0.009071 0.008010 0.006736 0.005261 0.003614 0.001841 0.000000 
50.000000 42.953791 36.127323 29.719797 23.892521 18.757276 14.371668 10.741420 7.828308 5.561683 3.851266 2.599188 1.709816 1.096642 0.686191 0.419347 0.250804 0.147345 0.085601 0.049765 0.029528 0.018407 0.012456 0.009354 0.007779 0.007000 0.006623 0.006446 0.006364 0.006327 0.006310 0.006300 0.006292 0.006283 0.006268 0.006243 0.006204 0.006144 0.006053 0.005920 0.005730 0.005470 0.005125 0.004682 0.004132 0.003473 0.002712 0.001862 0.000948 0.000000 
50.000000 42.953378 36.126510 29.718608 23.890991 18.755446 14.369581 10.739120 7.825838 5.559081 3.848564 2.596414 1.706990 1.093781 0.683305 0.416446 0.247894 0.144428 0.082681 0.046842 0.026605 0.015483 0.009531 0.006430 0.004855 0.004075 0.003699 0.003522 0.003440 0.003403 0.003386 0.003378 0.003372 0.003366 0.003358 0.003345 0.003323 0.003290 0.003241 0.003168 0.003066 0.002926 0.002740 0.002502 0.002207 0.001854 0.001447 0.000993 0.000506 0.000000 
50.000000 42.953208 36.126177 29.718121 23.890364 18.754695 14.368725 10.738178 7.824826 5.558014 3.847457 2.595277 1.705831 1.092608 0.682122 0.415257 0.246701 0.143232 0.081484 0.045645 0.025407 0.014284 0.008333 0.005231 0.003656 0.002876 0.002500 0.002323 0.002241 0.002204 0.002188 0.002180 0.002175 0.002171 0.002165 0.002157 0.002143 0.002121 0.002089 0.002042 0.001975 0.001884 0.001764 0.001610 0.001419 0.001192 0.000930 0.000638 0.000325 0.000000 
50.000000 42.953208 36.126177 29.718121 23.890364 18.754695 14.368725 10.738178 7.824826 5.558014 3.847457 2.595277 1.705831 1.092608 0.682122 0.415257 0.246701 0.143232 0.081484 0.045645 0.025407 0.014284 0.008333 0.005231 0.003656 0.002876 0.002500 0.002323 0.002241 0.002204 0.002188 0.002180 0.002175 0.002171 0.002165 0.002157 0.002143 0.002121 0.002089 0.002042 0.001975 0.001884 0.001764 0.001610 0.001419 0.001192 0.000930 0.000638 0.000325 0.000000 
50.000000 42.953378 36.126510 29.718608 23.890991 18.755446 14.369581 10.739120 7.825838 5.559081 3.848564 2.596414 1.706990 1.093781 0.683305 0.416446 0.247894 0.144428 0.082681 0.046842 0.026605 0.015483 0.009531 0.006430 0.004855 0.004075 0.003699 0.003522 0.003440 0.003403 0.003386 0.003378 0.003372 0.003366 0.003358 0.003345 0.003323 0.003290 0.003241 0.003168 0.003066 0.002926 0.002740 0.002502 0.002207 0.001854 0.001447 0.000993 0.000506 0.000000 
50.000000 42.953791 36.127323 29.719797 23.892521 18.757276 14.371668 10.741420 7.828308 5.561683 3.851266 2.599188 1.709816 1.096642 0.686191 0.419347 0.250804 0.147345 0.085601 0.049765 0.029528 0.018407 0.012456 0.009354 0.007779 0.007000 0.006623 0.006446 0.006364 0.006327 0.006310 0.006300 0.006292 0.006283 0.006268 0.006243 0.006204 0.006144 0.006053 0.005920 0.005730 0.005470 0.005125 0.004682 0.004132 0.003473 0.002712 0.001862 0.000948 0.000000 
50.000000 42.954620 36.128955 29.722182 23.895592 18.760950 14.375857 10.746035 7.833265 5.566905 3.856688 2.604757 1.715488 1.102386 0.691982 0.425170 0.256646 0.153199 0.091462 0.055630 0.035396 0.024276 0.018326 0.015224 0.013650 0.012870 0.012494 0.012316 0.012234 0.012196 0.012177 0.012166 0.012153 0.012136 0.012108 0.012063 0.011989 0.011875 0.011701 0.011447 0.011085 0.010587 0.009924 0.009071 0.008010 0.006736 0.005261 0.003614 0.001841 0.000000 
50.000000 42.956185 36.132037 29.726687 23.901390 18.767888 14.383767 10.754749 7.842624 5.576766 3.866928 2.615273 1.726200 1.113233 0.702920 0.436166 0.267680 0.164254 0.102532 0.066707 0.046478 0.035360 0.029411 0.026310 0.024736 0.023956 0.023580 0.023402 0.023319 0.023280 0.023259 0.023243 0.023223 0.023192 0.023141 0.023056 0.022919 0.022704 0.022379 0.021899 0.021216 0.020272 0.019013 0.017388 0.015363 0.012928 0.010102 0.006942 0.003536 0.000000 
50.000000 42.959040 36.137657 29.734902 23.911965 18.780541 14.398195 10.770645 7.859696 5.594753 3.885604 2.634454 1.745740 1.133019 0.722870 0.456224 0.287805 0.184421 0.122723 0.086913 0.066691 0.055578 0.049631 0.046532 0.044958 0.044178 0.043802 0.043624 0.043540 0.043499 0.043474 0.043450 0.043416 0.043361 0.043268 0.043114 0.042864 0.042472 0.041875 0.040993 0.039732 0.037985 0.035648 0.032623 0.028843 0.024287 0.018989 0.013055 0.006652 0.000000 
50.000000 42.964098 36.147614 29.749457 23.930700 18.802960 14.423757 10.798807 7.889945 5.626623 3.918698 2.668442 1.780362 1.168078 0.758222 0.491765 0.323466 0.220155 0.158501 0.122716 0.102509 0.091403 0.085461 0.082363 0.080790 0.080012 0.079635 0.079456 0.079370 0.079326 0.079294 0.079258 0.079201 0.079105 0.078941 0.078668 0.078225 0.077528 0.076462 0.074882 0.072616 0.069467 0.065237 0.059747 0.052866 0.044547 0.034853 0.023973 0.012219 0.000000 
50.000000 42.972812 36.164770 29.774535 23.962981 18.841586 14.467800 10.847333 7.942065 5.681538 3.975720 2.727006 1.840020 1.228490 0.819138 0.553008 0.384915 0.281731 0.220152 0.184411 0.164229 0.153137 0.147201 0.144108 0.142537 0.141758 0.141381 0.141201 0.141113 0.141063 0.141020 0.140963 0.140869 0.140705 0.140425 0.139957 0.139194 0.137988 0.136138 0.133388 0.129426 0.123901 0.116450 0.106742 0.094533 0.079726 0.062425 0.042964 0.021907 0.000000 
50.000000 42.987411 36.193513 29.816552 24.017067 18.906304 14.541596 10.928639 8.029395 5.773553 4.071267 2.825137 1.939986 1.329720 0.921212 0.655632 0.487885 0.384914 0.323462 0.287794 0.267653 0.256583 0.250660 0.247573 0.246005 0.245227 0.244850 0.244668 0.244576 0.244516 0.244456 0.244367 0.244213 0.243944 0.243479 0.242699 0.241423 0.239400 0.236284 0.231631 0.224899 0.215471 0.202701 0.185992 0.164892 0.139206 0.109095 0.075139 0.038330 0.000000 
50.000000 43.011192 36.240332 29.884992 24.105166 19.011724 14.661803 11.061082 8.171653 5.923444 4.226915 2.984997 2.102835 1.494628 1.087499 0.822813 0.655631 0.553006 0.491760 0.456212 0.436139 0.425106 0.419203 0.416126 0.414563 0.413787 0.413410 0.413225 0.413126 0.413053 0.412967 0.412829 0.412585 0.412154 0.411407 0.410147 0.408080 0.404787 0.399694 0.392053 0.380945 0.365311 0.344029 0.316044 0.280537 0.237123 0.186035 0.128241 0.065455 0.000000 
50.000000 43.048838 36.314447 29.993335 24.244633 19.178612 14.852103 11.270756 8.396867 6.160745 4.473332 3.238084 2.360657 1.755713 1.350766 1.087498 0.921212 0.819136 0.758217 0.722859 0.702893 0.691919 0.686047 0.682986 0.681430 0.680658 0.680280 0.680092 0.679983 0.679892 0.679768 0.679559 0.679183 0.678515 0.677352 0.675383 0.672140 0.666948 0.658879 0.646711 0.628926 0.603753 0.569290 0.523711 0.465558 0.394083 0.309584 0.213633 0.109114 0.000000 
50.000000 43.106736 36.428436 30.159967 24.459134 19.435290 15.144793 11.593247 8.743264 6.525736 4.852350 3.627364 2.757224 2.157301 1.755713 1.494628 1.329719 1.228488 1.168074 1.133008 1.113206 1.102323 1.096499 1.093463 1.091920 1.091153 1.090775 1.090581 1.090460 1.090342 1.090167 1.089858 1.089298 1.088297 1.086549 1.083574 1.078651 1.070731 1.058356 1.039588 1.011987 0.972669 0.918485 0.846342 0.753689 0.639100 0.502872 0.347466 0.177621 0.000000 
50.000000 43.193220 36.598704 30.408871 24.779545 19.818706 15.582006 12.074982 9.260717 7.070971 5.418543 4.208894 3.349643 2.757224 2.360657 2.102835 1.939985 1.840018 1.780357 1.745728 1.726174 1.715426 1.709674 1.706676 1.705151 1.704391 1.704014 1.703813 1.703676 1.703523 1.703279 1.702839 1.702034 1.700587 1.698048 1.693709 1.686493 1.674821 1.656475 1.628472 1.587007 1.527507 1.444882 1.334008 1.190495 1.011667 0.797610 0.552018 0.282489 0.000000 
50.000000 43.318647 36.845641 30.769854 25.244238 20.374780 16.216111 12.773665 10.011210 7.861767 6.239743 5.052345 4.208894 3.627364 3.238084 2.984996 2.825137 2.727004 2.668437 2.634443 2.615247 2.604696 2.599049 2.596105 2.594607 2.593858 2.593482 2.593275 2.593117 2.592921 2.592591 2.591985 2.590869 2.588854 2.585303 2.579205 2.569009 2.552419 2.526172 2.485826 2.425622 2.338513 2.216475 2.051203 1.835273 1.563743 1.235964 0.857177 0.439257 0.000000 
50.000000 43.495206 37.193249 31.278006 25.898384 21.157571 17.108754 13.757226 11.067717 8.975021 7.395809 6.239743 5.418543 4.852350 4.473332 4.226915 4.071267 3.975718 3.918693 3.885594 3.866902 3.856628 3.851130 3.848262 3.846802 3.846070 3.845698 3.845483 3.845301 3.845054 3.844622 3.843820 3.842334 3.839637 3.834863 3.826621 3.812762 3.790071 3.753917 3.697905 3.613598 3.490461 3.316181 3.077594 2.762370 2.361523 1.872495 1.302141 0.668496 0.000000 
50.000000 43.736374 37.668060 31.972114 26.791918 22.226836 18.328082 15.100758 12.510905 10.495737 8.975021 7.861767 7.070971 6.525736 6.160745 5.923444 5.773552 5.681536 5.626619 5.594743 5.576741 5.566847 5.561551 5.558789 5.557381 5.556673 5.556307 5.556084 5.555878 5.555575 5.555032 5.554012 5.552114 5.548655 5.542499 5.531819 5.513750 5.483965 5.436146 5.361423 5.247869 5.080232 4.840166 4.507307 4.061562 3.486871 2.776305 1.937600 0.997195 0.000000 
50.000000 44.055940 38.297222 32.891865 27.975933 23.643719 19.943827 16.881102 14.423320 12.510905 11.067717 10.011210 9.260717 8.743264 8.396867 8.171653 8.029394 7.942063 7.889941 7.859686 7.842601 7.833209 7.828183 7.825560 7.824222 7.823546 7.823191 7.822963 7.822733 7.822376 7.821721 7.820482 7.818165 7.813925 7.806343 7.793114 7.770595 7.733209 7.672697 7.577256 7.430673 7.211660 6.893757 6.446323 5.837317 5.038576 4.033898 2.829110 1.461080 0.000000 
50.000000 44.466621 39.105773 34.073863 29.497552 25.464617 22.020306 19.169132 16.881102 15.100758 13.757226 12.773665 12.074982 11.593247 11.270756 11.061082 10.928638 10.847331 10.798804 10.770635 10.754727 10.745983 10.741302 10.738860 10.737612 10.736979 10.736641 10.736412 10.736162 10.735759 10.735006 10.733574 10.730884 10.725938 10.717054 10.701466 10.674762 10.630100 10.557189 10.441044 10.260591 9.987345 9.584566 9.007644 8.206824 7.133823 5.753848 4.063251 2.109130 0.000000 
50.000000 44.978366 40.113304 35.546749 31.393647 27.733657 24.607845 22.020306 19.943827 18.328082 17.108754 16.216111 15.582006 15.144793 14.852103 14.661803 14.541595 14.467799 14.423753 14.398186 14.383747 14.375810 14.371561 14.369343 14.368209 14.367631 14.367317 14.367093 14.366833 14.366399 14.365580 14.364013 14.361059 14.355604 14.345759 14.328392 14.298451 14.247999 14.164908 14.031160 13.820775 13.497504 13.012662 12.303922 11.296653 9.910519 8.075306 5.759897 3.013252 0.000000 
50.000000 45.596557 41.330406 37.326008 33.684156 30.474702 27.733657 25.464617 23.643719 22.226836 21.157571 20.374780 19.818706 19.435290 19.178612 19.011724 18.906304 18.841585 18.802956 18.780534 18.767870 18.760909 18.757182 18.755236 18.754240 18.753731 18.753448 18.753238 18.752982 18.752542 18.751705 18.750097 18.747054 18.741413 18.731187 18.713055 18.681601 18.628211 18.539507 18.395202 18.165274 17.806401 17.257793 16.437004 15.237351 13.530709 11.183335 8.097350 4.290426 0.000000 
50.000000 46.320379 42.755481 39.409303 36.366072 33.684156 31.393647 29.497552 27.975933 26.791918 25.898384 25.244238 24.779545 24.459134 24.244633 24.105166 24.017067 23.962980 23.930698 23.911958 23.901375 23.895557 23.892442 23.890815 23.889982 23.889554 23.889313 23.889127 23.888890 23.888477 23.887684 23.886156 23.883256 23.877862 23.868043 23.850551 23.820034 23.767878 23.680494 23.536861 23.305047 22.937357 22.363729 21.483128 20.153447 18.183036 15.334013 11.363714 6.156734 0.000000 
50.000000 47.141713 44.372538 41.773260 39.409303 37.326008 35.546749 34.073863 32.891865 31.972114 31.278006 30.769854 30.408871 30.159967 29.993335 29.884992 29.816551 29.774534 29.749455 29.734897 29.726675 29.722155 29.719735 29.718471 29.717823 29.717488 29.717298 29.717146 29.716948 29.716596 29.715918 29.714606 29.712111 29.707457 29.698957 29.683752 29.657095 29.611260 29.533890 29.405512 29.195809 28.857967 28.320015 27.471442 26.142672 24.075290 20.886630 16.058741 9.070305 0.000000 
50.000000 48.044803 46.150563 44.372538 42.755481 41.330406 40.113304 39.105773 38.297222 37.668060 37.193249 36.845641 36.598704 36.428436 36.314447 36.240332 36.193513 36.164769 36.147613 36.137654 36.132029 36.128937 36.127281 36.126416 36.125972 36.125743 36.125611 36.125504 36.125360 36.125103 36.124606 36.123643 36.121807 36.118375 36.112091 36.100814 36.080970 36.046685 35.988463 35.891108 35.730460 35.468112 35.042522 34.353407 33.233056 31.391767 28.313797 23.075281 14.147505 0.000000 
50.000000 49.006921 48.044803 47.141713 46.320379 45.596557 44.978366 44.466621 44.055940 43.736374 43.495206 43.318647 43.193220 43.106736 43.048838 43.011192 42.987411 42.972811 42.964097 42.959038 42.956181 42.954610 42.953769 42.953330 42.953104 42.952988 42.952920 42.952864 42.952789 42.952653 42.952390 42.951879 42.950905 42.949082 42.945737 42.939724 42.929116 42.910732 42.879389 42.826710 42.739180 42.594860 42.357491 41.965115 41.306131 40.163646 38.071407 33.897298 24.503461 0.000000 
50.000000 50.000000 50.000000 50.000000 50.000000 50.000000 50.000000 50.000000 50.000000 50.000000 50.000000 50.000000 50.000000 50.000000 50.000000 50.000000 50.000000 50.000000 50.000000 50.000000 50.000000 50.000000 50.000000 50.000000 50.000000 50.000000 50.000000 50.000000 50.000000 50.000000 50.000000 50.000000 50.000000 50.000000 50.000000 50.000000 50.000000 50.000000 50.000000 50.000000 50.000000 50.000000 50.000000 50.000000 50.000000 50.000000 50.000000 50.000000 50.000000 50.000000 
