50.000000 50.000000 50.000000 50.000000 50.000000 50.000000 50.000000 50.000000 50.000000 50.000000 50.000000 50.000000 50.000000 50.000000 50.000000 50.000000 50.000000 50.000000 50.000000 50.000000 50.000000 50.000000 50.000000 50.000000 50.000000 50.000000 50.000000 50.000000 50.000000 50.000000 50.000000 50.000000 50.000000 50.000000 50.000000 50.000000 50.000000 50.000000 50.000000 50.000000 50.000000 50.000000 50.000000 50.000000 50.000000 50.000000 50.000000 50.000000 50.000000 50.000000 
50.000000 49.000687 48.032724 47.124513 46.299021 45.572116 44.951913 44.439112 44.028152 43.708869 43.468336 43.292580 43.167987 43.082272 43.025027 42.987903 42.964515 42.950198 42.941679 42.936749 42.933974 42.932453 42.931642 42.931220 42.931004 42.930892 42.930828 42.930775 42.930703 42.930572 42.930318 42.929823 42.928876 42.927098 42.923827 42.917931 42.907503 42.889389 42.858438 42.806310 42.719534 42.576214 42.340131 41.949358 41.292312 40.152097 38.062436 33.891161 24.500343 0.000000 
50.000000 48.032724 46.127165 44.339237 42.714153 41.283153 40.062209 39.052701 38.243681 37.615139 37.141625 36.795634 36.550361 36.381623 36.268933 36.195852 36.149812 36.121629 36.104857 36.095153 36.089689 36.086696 36.085099 36.084268 36.083844 36.083625 36.083499 36.083397 36.083260 36.083012 36.082533 36.081600 36.079815 36.076469 36.070326 36.059273 36.039772 36.006002 35.948526 35.852222 35.693011 35.432570 35.009431 34.323372 33.206715 31.369753 28.296695 23.063582 14.141563 0.000000 
50.000000 47.124513 44.339237 41.725899 39.350589 37.258965 35.474375 33.998835 32.816339 31.897643 31.205542 30.699835 30.341341 30.094714 29.930008 29.823192 29.755903 29.714710 29.690198 29.676014 29.668030 29.663656 29.661322 29.660107 29.659487 29.659168 29.658987 29.658843 29.658653 29.658315 29.657661 29.656391 29.653967 29.649432 29.641127 29.626231 29.600050 29.554927 29.478590 29.351667 29.143954 28.808752 28.274194 27.429853 26.106198 24.044808 20.862950 16.042541 9.062077 0.000000 
50.000000 46.299021 42.714153 39.350589 36.293390 33.601323 31.304438 29.405328 27.883392 26.700986 25.810225 25.159363 24.697974 24.380562 24.168584 24.031114 23.944513 23.891501 23.859955 23.841701 23.831425 23.825796 23.822793 23.821230 23.820433 23.820025 23.819796 23.819619 23.819393 23.818996 23.818232 23.816754 23.813938 23.808686 23.799100 23.781976 23.752027 23.700719 23.614567 23.472669 23.243227 22.878683 22.309101 21.433545 20.109963 18.146695 15.305781 11.344400 6.146923 0.000000 
50.000000 45.572116 41.283153 37.258965 33.601323 30.380538 27.632558 25.360485 23.539669 22.125068 21.059392 20.280730 19.728749 19.349017 19.095423 18.930966 18.827366 18.763948 18.726211 18.704374 18.692082 18.685348 18.681756 18.679888 18.678935 18.678449 18.678181 18.677982 18.677737 18.677316 18.676509 18.674955 18.672003 18.666517 18.656543 18.638809 18.607969 18.555498 18.468126 18.325700 18.098340 17.742874 17.198646 16.383320 15.190269 13.491361 11.152767 8.076438 4.279804 0.000000 
50.000000 44.951913 40.062209 35.474375 31.304438 27.632558 24.499718 21.909449 19.833648 18.220959 17.006065 16.118380 15.489121 15.056231 14.767139 14.579664 14.461565 14.389272 14.346255 14.321364 14.307352 14.299677 14.295583 14.293453 14.292369 14.291818 14.291520 14.291308 14.291060 14.290644 14.289856 14.288344 14.285482 14.280182 14.270590 14.253625 14.224301 14.174774 14.093025 13.961168 13.753370 13.433529 12.953098 12.249859 11.249238 9.870893 8.044522 5.738837 3.002555 0.000000 
50.000000 44.439112 39.052701 33.998835 29.405328 25.360485 21.909449 19.056109 16.769501 14.993050 13.654799 12.676991 11.983851 11.507021 11.188589 10.982090 10.852008 10.772381 10.725000 10.697584 10.682152 10.673699 10.669190 10.666845 10.665653 10.665050 10.664729 10.664512 10.664275 10.663889 10.663166 10.661784 10.659182 10.654384 10.645739 10.630532 10.604415 10.560629 10.488992 10.374641 10.196642 9.926648 9.528055 8.956351 8.161838 7.096227 5.724641 4.043270 2.098980 0.000000 
50.000000 44.028152 38.243681 32.816339 27.883392 23.539669 19.833648 16.769501 14.313973 12.406303 10.969214 9.919197 9.174878 8.662846 8.320910 8.099171 7.959491 7.873990 7.823114 7.793677 7.777107 7.768031 7.763190 7.760673 7.759394 7.758751 7.758414 7.758199 7.757980 7.757639 7.757011 7.755818 7.753581 7.749473 7.742107 7.729221 7.707230 7.670634 7.611268 7.517443 7.373069 7.156987 6.842853 6.400119 5.796795 5.004710 4.007588 2.811111 1.451937 0.000000 
50.000000 43.708869 37.615139 31.897643 26.700986 22.125068 18.220959 14.993050 12.406303 10.396706 8.882843 7.776741 6.992674 6.453303 6.093114 5.859541 5.712408 5.622346 5.568758 5.537751 5.520299 5.510739 5.505640 5.502990 5.501645 5.500971 5.500624 5.500414 5.500218 5.499930 5.499410 5.498430 5.496599 5.493254 5.487285 5.476898 5.459283 5.430176 5.383342 5.310008 5.198353 5.033235 4.796409 4.467589 4.026728 3.457759 2.753688 1.922128 0.989335 0.000000 
50.000000 43.468336 37.141625 31.205542 25.810225 21.059392 17.006065 13.654799 10.969214 8.882843 7.311158 6.162817 5.348815 4.788858 4.414925 4.172441 4.019698 3.926202 3.870572 3.838384 3.820266 3.810343 3.805050 3.802300 3.800905 3.800209 3.799856 3.799653 3.799481 3.799247 3.798834 3.798064 3.796634 3.794031 3.789409 3.781410 3.767925 3.745791 3.710449 3.655579 3.572835 3.451771 3.280158 3.044896 2.733693 2.337556 1.853875 1.289403 0.662026 0.000000 
50.000000 43.292580 36.795634 30.699835 25.159363 20.280730 16.118380 12.676991 9.919197 7.776741 6.162817 4.983623 4.147757 3.572764 3.188794 2.939804 2.782963 2.686961 2.629840 2.596789 2.578187 2.567998 2.562564 2.559741 2.558310 2.557598 2.557242 2.557046 2.556897 2.556711 2.556397 2.555816 2.554745 2.552805 2.549374 2.543467 2.533566 2.517417 2.491811 2.452369 2.393399 2.307929 2.187999 2.025355 1.812604 1.544797 1.221245 0.847108 0.434142 0.000000 
50.000000 43.167987 36.550361 30.341341 24.697974 19.728749 15.489121 11.983851 9.174878 6.992674 5.348815 4.147757 3.296399 2.710752 2.319671 2.066072 1.906329 1.808551 1.750374 1.716713 1.697767 1.687390 1.681857 1.678982 1.677526 1.676803 1.676445 1.676257 1.676127 1.675983 1.675751 1.675330 1.674559 1.673168 1.670721 1.666528 1.659536 1.648200 1.630340 1.603024 1.562498 1.504245 1.423222 1.314347 1.173251 0.997255 0.786414 0.544359 0.278598 0.000000 
50.000000 43.082272 36.381623 30.094714 24.380562 19.349017 15.056231 11.507021 8.662846 6.453303 4.788858 3.572764 2.710752 2.117781 1.721810 1.465042 1.303305 1.204307 1.145404 1.111323 1.092142 1.081635 1.076033 1.073123 1.071649 1.070920 1.070562 1.070379 1.070265 1.070154 1.069988 1.069693 1.069159 1.068199 1.066517 1.063649 1.058890 1.051217 1.039198 1.020933 0.994021 0.955616 0.902607 0.831930 0.741048 0.628535 0.494664 0.341851 0.174769 0.000000 
50.000000 43.025027 36.268933 29.930008 24.168584 19.095423 14.767140 11.188589 8.320910 6.093114 4.414925 3.188794 2.319671 1.721810 1.322576 1.063694 0.900625 0.800813 0.741426 0.707066 0.687727 0.677134 0.671486 0.668553 0.667068 0.666333 0.665976 0.665798 0.665696 0.665610 0.665493 0.665294 0.664936 0.664297 0.663182 0.661288 0.658161 0.653143 0.645326 0.633515 0.616216 0.591689 0.558057 0.513515 0.456615 0.386608 0.303777 0.209660 0.107096 0.000000 
50.000000 42.987903 36.195852 29.823193 24.031114 18.930967 14.579665 10.982090 8.099171 5.859541 4.172442 2.939804 2.066072 1.465042 1.063694 0.803442 0.639511 0.539171 0.479471 0.444929 0.425488 0.414840 0.409162 0.406214 0.404721 0.403984 0.403626 0.403452 0.403359 0.403291 0.403210 0.403079 0.402847 0.402436 0.401721 0.400513 0.398525 0.395351 0.390430 0.383032 0.372257 0.357064 0.336351 0.309074 0.274424 0.232014 0.182065 0.125526 0.064076 0.000000 
50.000000 42.964515 36.149812 29.755903 23.944514 18.827367 14.461566 10.852008 7.959491 5.712409 4.019698 2.782964 1.906330 1.303305 0.900626 0.639511 0.475037 0.374366 0.314468 0.279812 0.260307 0.249624 0.243928 0.240970 0.239473 0.238734 0.238376 0.238205 0.238118 0.238062 0.238006 0.237922 0.237776 0.237520 0.237077 0.236330 0.235107 0.233162 0.230160 0.225668 0.219156 0.210019 0.197625 0.181384 0.160850 0.135828 0.106471 0.073343 0.037418 0.000000 
50.000000 42.950199 36.121629 29.714711 23.891501 18.763949 14.389274 10.772382 7.873991 5.622348 3.926204 2.686963 1.808553 1.204308 0.800815 0.539173 0.374367 0.273493 0.213474 0.178749 0.159205 0.148500 0.142792 0.139828 0.138329 0.137589 0.137232 0.137062 0.136979 0.136932 0.136892 0.136838 0.136749 0.136594 0.136328 0.135881 0.135152 0.133996 0.132219 0.129572 0.125750 0.120412 0.113201 0.103793 0.091947 0.077564 0.060745 0.041815 0.021323 0.000000 
50.000000 42.941679 36.104859 29.690200 23.859957 18.726213 14.346258 10.725004 7.823118 5.568762 3.870576 2.629844 1.750378 1.145408 0.741430 0.479475 0.314472 0.213477 0.153387 0.118620 0.099052 0.088335 0.082621 0.079653 0.078152 0.077411 0.077054 0.076886 0.076805 0.076764 0.076734 0.076700 0.076647 0.076556 0.076401 0.076141 0.075719 0.075052 0.074032 0.072516 0.070336 0.067304 0.063223 0.057918 0.051262 0.043206 0.033811 0.023260 0.011857 0.000000 
50.000000 42.936750 36.095156 29.676019 23.841707 18.704381 14.321372 10.697593 7.793686 5.537761 3.838394 2.596800 1.716724 1.111334 0.707076 0.444939 0.279822 0.178758 0.118626 0.083836 0.064255 0.053530 0.047812 0.044842 0.043340 0.042599 0.042242 0.042074 0.041996 0.041957 0.041934 0.041912 0.041880 0.041828 0.041740 0.041594 0.041357 0.040983 0.040413 0.039570 0.038361 0.036684 0.034436 0.031523 0.027879 0.023480 0.018363 0.012626 0.006434 0.000000 
50.000000 42.933977 36.089697 29.668041 23.831439 18.692099 14.307371 10.682173 7.777129 5.520322 3.820290 2.578212 1.697792 1.092167 0.687752 0.425513 0.260332 0.159228 0.099074 0.064270 0.044681 0.033952 0.028232 0.025261 0.023758 0.023017 0.022661 0.022493 0.022415 0.022379 0.022359 0.022344 0.022326 0.022297 0.022248 0.022168 0.022038 0.021835 0.021525 0.021068 0.020415 0.019512 0.018305 0.016746 0.014800 0.012457 0.009736 0.006692 0.003409 0.000000 
50.000000 42.932462 36.086714 29.663681 23.825829 18.685387 14.299721 10.673747 7.768082 5.510793 3.810399 2.568055 1.687448 1.081694 0.677194 0.414899 0.249683 0.148558 0.088390 0.053579 0.033986 0.023255 0.017534 0.014562 0.013059 0.012318 0.011962 0.011794 0.011717 0.011682 0.011664 0.011653 0.011642 0.011626 0.011600 0.011557 0.011488 0.011379 0.011215 0.010973 0.010629 0.010154 0.009521 0.008705 0.007689 0.006468 0.005053 0.003472 0.001768 0.000000 
50.000000 42.931662 36.085139 29.661380 23.822867 18.681845 14.295683 10.669300 7.763307 5.505763 3.805178 2.562695 1.681989 1.076167 0.671621 0.409297 0.244063 0.142926 0.082752 0.047937 0.028342 0.017610 0.011888 0.008916 0.007413 0.006672 0.006315 0.006148 0.006071 0.006036 0.006020 0.006011 0.006004 0.005995 0.005981 0.005958 0.005922 0.005865 0.005779 0.005653 0.005473 0.005226 0.004898 0.004476 0.003951 0.003322 0.002594 0.001782 0.000907 0.000000 
50.000000 42.931265 36.084357 29.660236 23.821396 18.680085 14.293677 10.667091 7.760935 5.503265 3.802585 2.560032 1.679277 1.073421 0.668853 0.406515 0.241271 0.140129 0.079952 0.045135 0.025539 0.014806 0.009083 0.006112 0.004608 0.003867 0.003511 0.003343 0.003267 0.003232 0.003217 0.003209 0.003204 0.003198 0.003190 0.003178 0.003158 0.003127 0.003081 0.003012 0.002916 0.002783 0.002607 0.002381 0.002101 0.001766 0.001378 0.000946 0.000482 0.000000 
50.000000 42.931102 36.084037 29.659769 23.820794 18.679365 14.292857 10.666187 7.759965 5.502243 3.801524 2.558943 1.678168 1.072299 0.667721 0.405377 0.240129 0.138985 0.078806 0.043988 0.024392 0.013659 0.007936 0.004964 0.003461 0.002720 0.002364 0.002196 0.002120 0.002085 0.002070 0.002063 0.002059 0.002055 0.002049 0.002041 0.002028 0.002008 0.001978 0.001933 0.001871 0.001785 0.001671 0.001526 0.001346 0.001131 0.000882 0.000606 0.000308 0.000000 
50.000000 42.931102 36.084037 29.659769 23.820794 18.679365 14.292857 10.666187 7.759965 5.502243 3.801524 2.558943 1.678168 1.072299 0.667721 0.405377 0.240129 0.138985 0.078806 0.043988 0.024392 0.013659 0.007936 0.004964 0.003461 0.002720 0.002364 0.002196 0.002120 0.002085 0.002070 0.002063 0.002059 0.002055 0.002049 0.002041 0.002028 0.002008 0.001978 0.001933 0.001871 0.001785 0.001671 0.001526 0.001346 0.001131 0.000882 0.000606 0.000308 0.000000 
50.000000 42.931265 36.084357 29.660236 23.821396 18.680085 14.293677 10.667091 7.760935 5.503265 3.802585 2.560032 1.679277 1.073421 0.668853 0.406515 0.241271 0.140129 0.079952 0.045135 0.025539 0.014806 0.009083 0.006112 0.004608 0.003867 0.003511 0.003343 0.003267 0.003232 0.003217 0.003209 0.003204 0.003198 0.003190 0.003178 0.003158 0.003127 0.003081 0.003012 0.002916 0.002783 0.002607 0.002381 0.002101 0.001766 0.001378 0.000946 0.000482 0.000000 
50.000000 42.931662 36.085139 29.661380 23.822867 18.681845 14.295683 10.669300 7.763307 5.505763 3.805178 2.562695 1.681989 1.076167 0.671621 0.409297 0.244063 0.142926 0.082752 0.047937 0.028342 0.017610 0.011888 0.008916 0.007413 0.006672 0.006315 0.006148 0.006071 0.006036 0.006020 0.006011 0.006004 0.005995 0.005981 0.005958 0.005922 0.005865 0.005779 0.005653 0.005473 0.005226 0.004898 0.004476 0.003951 0.003322 0.002594 0.001782 0.000907 0.000000 
50.000000 42.932462 36.086714 29.663681 23.825829 18.685387 14.299721 10.673747 7.768082 5.510793 3.810399 2.568055 1.687448 1.081694 0.677194 0.414899 0.249683 0.148558 0.088390 0.053579 0.033986 0.023255 0.017534 0.014562 0.013059 0.012318 0.011962 0.011794 0.011717 0.011682 0.011664 0.011653 0.011642 0.011626 0.011600 0.011557 0.011488 0.011379 0.011215 0.010973 0.010629 0.010154 0.009521 0.008705 0.007689 0.006468 0.005053 0.003472 0.001768 0.000000 
50.000000 42.933977 36.089697 29.668041 23.831439 18.692099 14.307371 10.682173 7.777129 5.520322 3.820290 2.578212 1.697792 1.092167 0.687752 0.425513 0.260332 0.159228 0.099074 0.064270 0.044681 0.033952 0.028232 0.025261 0.023758 0.023017 0.022661 0.022493 0.022415 0.022379 0.022359 0.022344 0.022326 0.022297 0.022248 0.022168 0.022038 0.021835 0.021525 0.021068 0.020415 0.019512 0.018305 0.016746 0.014800 0.012457 0.009736 0.006692 0.003409 0.000000 
50.000000 42.936750 36.095156 29.676019 23.841707 18.704381 14.321372 10.697593 7.793686 5.537761 3.838394 2.596800 1.716724 1.111334 0.707076 0.444939 0.279822 0.178758 0.118626 0.083836 0.064255 0.053530 0.047812 0.044842 0.043340 0.042599 0.042242 0.042074 0.041996 0.041957 0.041934 0.041912 0.041880 0.041828 0.041740 0.041594 0.041357 0.040983 0.040413 0.039570 0.038361 0.036684 0.034436 0.031523 0.027879 0.023480 0.018363 0.012626 0.006434 0.000000 
50.000000 42.941679 36.104859 29.690200 23.859957 18.726213 14.346258 10.725004 7.823118 5.568762 3.870576 2.629844 1.750378 1.145408 0.741430 0.479475 0.314472 0.213477 0.153387 0.118620 0.099052 0.088335 0.082621 0.079653 0.078152 0.077411 0.077054 0.076886 0.076805 0.076764 0.076734 0.076700 0.076647 0.076556 0.076401 0.076141 0.075719 0.075052 0.074032 0.072516 0.070336 0.067304 0.063223 0.057918 0.051262 0.043206 0.033811 0.023260 0.011857 0.000000 
50.000000 42.950199 36.121629 29.714711 23.891501 18.763949 14.389274 10.772382 7.873991 5.622348 3.926204 2.686963 1.808553 1.204308 0.800815 0.539173 0.374367 0.273493 0.213474 0.178749 0.159205 0.148500 0.142792 0.139828 0.138329 0.137589 0.137232 0.137062 0.136979 0.136932 0.136892 0.136838 0.136749 0.136594 0.136328 0.135881 0.135152 0.133996 0.132219 0.129572 0.125750 0.120412 0.113201 0.103793 0.091947 0.077564 0.060745 0.041815 0.021323 0.000000 
50.000000 42.964515 36.149812 29.755903 23.944514 18.827367 14.461566 10.852008 7.959491 5.712409 4.019698 2.782964 1.906330 1.303305 0.900626 0.639511 0.475037 0.374366 0.314468 0.279812 0.260307 0.249624 0.243928 0.240970 0.239473 0.238734 0.238376 0.238205 0.238118 0.238062 0.238006 0.237922 0.237776 0.237520 0.237077 0.236330 0.235107 0.233162 0.230160 0.225668 0.219156 0.210019 0.197625 0.181384 0.160850 0.135828 0.106471 0.073343 0.037418 0.000000 
50.000000 42.987903 36.195852 29.823193 24.031114 18.930967 14.579665 10.982090 8.099171 5.859541 4.172442 2.939804 2.066072 1.465042 1.063694 0.803442 0.639511 0.539171 0.479471 0.444929 0.425488 0.414840 0.409162 0.406214 0.404721 0.403984 0.403626 0.403452 0.403359 0.403291 0.403210 0.403079 0.402847 0.402436 0.401721 0.400513 0.398525 0.395351 0.390430 0.383032 0.372257 0.357064 0.336351 0.309074 0.274424 0.232014 0.182065 0.125526 0.064076 0.000000 
50.000000 43.025027 36.268933 29.930008 24.168584 19.095423 14.767140 11.188589 8.320910 6.093114 4.414925 3.188794 2.319671 1.721810 1.322576 1.063694 0.900625 0.800813 0.741426 0.707066 0.687727 0.677134 0.671486 0.668553 0.667068 0.666333 0.665976 0.665798 0.665696 0.665610 0.665493 0.665294 0.664936 0.664297 0.663182 0.661288 0.658161 0.653143 0.645326 0.633515 0.616216 0.591689 0.558057 0.513515 0.456615 0.386608 0.303777 0.209660 0.107096 0.000000 
50.000000 43.082272 36.381623 30.094714 24.380562 19.349017 15.056231 11.507021 8.662846 6.453303 4.788858 3.572764 2.710752 2.117781 1.721810 1.465042 1.303305 1.204307 1.145404 1.111323 1.092142 1.081635 1.076033 1.073123 1.071649 1.070920 1.070562 1.070379 1.070265 1.070154 1.069988 1.069693 1.069159 1.068199 1.066517 1.063649 1.058890 1.051217 1.039198 1.020933 0.994021 0.955616 0.902607 0.831930 0.741048 0.628535 0.494664 0.341851 0.174769 0.000000 
50.000000 43.167987 36.550361 30.341341 24.697974 19.728749 15.489121 11.983851 9.174878 6.992674 5.348815 4.147757 3.296399 2.710752 2.319671 2.066072 1.906329 1.808551 1.750374 1.716713 1.697767 1.687390 1.681857 1.678982 1.677526 1.676803 1.676445 1.676257 1.676127 1.675983 1.675751 1.675330 1.674559 1.673168 1.670721 1.666528 1.659536 1.648200 1.630340 1.603024 1.562498 1.504245 1.423222 1.314347 1.173251 0.997255 0.786414 0.544359 0.278598 0.000000 
50.000000 43.292580 36.795634 30.699835 25.159363 20.280730 16.118380 12.676991 9.919197 7.776741 6.162817 4.983623 4.147757 3.572764 3.188794 2.939804 2.782963 2.686961 2.629840 2.596789 2.578187 2.567998 2.562564 2.559741 2.558310 2.557598 2.557242 2.557046 2.556897 2.556711 2.556397 2.555816 2.554745 2.552805 2.549374 2.543467 2.533566 2.517417 2.491811 2.452369 2.393399 2.307929 2.187999 2.025355 1.812604 1.544797 1.221245 0.847108 0.434142 0.000000 
50.000000 43.468336 37.141625 31.205542 25.810225 21.059392 17.006065 13.654799 10.969214 8.882843 7.311158 6.162817 5.348815 4.788858 4.414925 4.172441 4.019698 3.926202 3.870572 3.838384 3.820266 3.810343 3.805050 3.802300 3.800905 3.800209 3.799856 3.799653 3.799481 3.799247 3.798834 3.798064 3.796634 3.794031 3.789409 3.781410 3.767925 3.745791 3.710449 3.655579 3.572835 3.451771 3.280158 3.044896 2.733693 2.337556 1.853875 1.289403 0.662026 0.000000 
50.000000 43.708869 37.615139 31.897643 26.700986 22.125068 18.220959 14.993050 12.406303 10.396706 8.882843 7.776741 6.992674 6.453303 6.093114 5.859541 5.712408 5.622346 5.568758 5.537751 5.520299 5.510739 5.505640 5.502990 5.501645 5.500971 5.500624 5.500414 5.500218 5.499930 5.499410 5.498430 5.496599 5.493254 5.487285 5.476898 5.459283 5.430176 5.383342 5.310008 5.198353 5.033235 4.796409 4.467589 4.026728 3.457759 2.753688 1.922128 0.989335 0.000000 
50.000000 44.028152 38.243681 32.816339 27.883392 23.539669 19.833648 16.769501 14.313973 12.406303 10.969214 9.919197 9.174878 8.662846 8.320910 8.099171 7.959491 7.873990 7.823114 7.793677 7.777107 7.768031 7.763190 7.760673 7.759394 7.758751 7.758414 7.758199 7.757980 7.757639 7.757011 7.755818 7.753581 7.749473 7.742107 7.729221 7.707230 7.670634 7.611268 7.517443 7.373069 7.156987 6.842853 6.400119 5.796795 5.004710 4.007588 2.811111 1.451937 0.000000 
50.000000 44.439112 39.052701 33.998835 29.405328 25.360485 21.909449 19.056109 16.769501 14.993050 13.654799 12.676991 11.983851 11.507021 11.188589 10.982090 10.852008 10.772381 10.725000 10.697584 10.682152 10.673699 10.669190 10.666845 10.665653 10.665050 10.664729 10.664512 10.664275 10.663889 10.663166 10.661784 10.659182 10.654384 10.645739 10.630532 10.604415 10.560629 10.488992 10.374641 10.196642 9.926648 9.528055 8.956351 8.161838 7.096227 5.724641 4.043270 2.098980 0.000000 
50.000000 44.951913 40.062209 35.474375 31.304438 27.632558 24.499718 21.909449 19.833648 18.220959 17.006065 16.118380 15.489121 15.056231 14.767139 14.579664 14.461565 14.389272 14.346255 14.321364 14.307352 14.299677 14.295583 14.293453 14.292369 14.291818 14.291520 14.291308 14.291060 14.290644 14.289856 14.288344 14.285482 14.280182 14.270590 14.253625 14.224301 14.174774 14.093025 13.961168 13.753370 13.433529 12.953098 12.249859 11.249238 9.870893 8.044522 5.738837 3.002555 0.000000 
50.000000 45.572116 41.283153 37.258965 33.601323 30.380538 27.632558 25.360485 23.539669 22.125068 21.059392 20.280730 19.728749 19.349017 19.095423 18.930966 18.827366 18.763948 18.726211 18.704374 18.692082 18.685348 18.681756 18.679888 18.678935 18.678449 18.678181 18.677982 18.677737 18.677316 18.676509 18.674955 18.672003 18.666517 18.656543 18.638809 18.607969 18.555498 18.468126 18.325700 18.098340 17.742874 17.198646 16.383320 15.190269 13.491361 11.152767 8.076438 4.279804 0.000000 
50.000000 46.299021 42.714153 39.350589 36.293390 33.601323 31.304438 29.405328 27.883392 26.700986 25.810225 25.159363 24.697974 24.380562 24.168584 24.031114 23.944513 23.891501 23.859955 23.841701 23.831425 23.825796 23.822793 23.821230 23.820433 23.820025 23.819796 23.819619 23.819393 23.818996 23.818232 23.816754 23.813938 23.808686 23.799100 23.781976 23.752027 23.700719 23.614567 23.472669 23.243227 22.878683 22.309101 21.433545 20.109963 18.146695 15.305781 11.344400 6.146923 0.000000 
50.000000 47.124513 44.339237 41.725899 39.350589 37.258965 35.474375 33.998835 32.816339 31.897643 31.205542 30.699835 30.341341 30.094714 29.930008 29.823192 29.755903 29.714710 29.690198 29.676014 29.668030 29.663656 29.661322 29.660107 29.659487 29.659168 29.658987 29.658843 29.658653 29.658315 29.657661 29.656391 29.653967 29.649432 29.641127 29.626231 29.600050 29.554927 29.478590 29.351667 29.143954 28.808752 28.274194 27.429853 26.106198 24.044808 20.862950 16.042541 9.062077 0.000000 
50.000000 48.032724 46.127165 44.339237 42.714153 41.283153 40.062209 39.052701 38.243681 37.615139 37.141625 36.795634 36.550361 36.381623 36.268933 36.195852 36.149812 36.121629 36.104857 36.095153 36.089689 36.086696 36.085099 36.084268 36.083844 36.083625 36.083499 36.083397 36.083260 36.083012 36.082533 36.081600 36.079815 36.076469 36.070326 36.059273 36.039772 36.006002 35.948526 35.852222 35.693011 35.432570 35.009431 34.323372 33.206715 31.369753 28.296695 23.063582 14.141563 0.000000 
50.000000 49.000687 48.032724 47.124513 46.299021 45.572116 44.951913 44.439112 44.028152 43.708869 43.468336 43.292580 43.167987 43.082272 43.025027 42.987903 42.964515 42.950198 42.941679 42.936749 42.933974 42.932453 42.931642 42.931220 42.931004 42.930892 42.930828 42.930775 42.930703 42.930572 42.930318 42.929823 42.928876 42.927098 42.923827 42.917931 42.907503 42.889389 42.858438 42.806310 42.719534 42.576214 42.340131 41.949358 41.292312 40.152097 38.062436 33.891161 24.500343 0.000000 
50.000000 50.000000 50.000000 50.000000 50.000000 50.000000 50.000000 50.000000 50.000000 50.000000 50.000000 50.000000 50.000000 50.000000 50.000000 50.000000 50.000000 50.000000 50.000000 50.000000 50.000000 50.000000 50.000000 50.000000 50.000000 50.000000 50.000000 50.000000 50.000000 50.000000 50.000000 50.000000 50.000000 50.000000 50.000000 50.000000 50.000000 50.000000 50.000000 50.000000 50.000000 50.000000 50.000000 50.000000 50.000000 50.000000 50.000000 50.000000 50.000000 50.000000 
