50.000000 50.000000 50.000000 50.000000 50.000000 50.000000 50.000000 50.000000 50.000000 50.000000 50.000000 50.000000 50.000000 50.000000 50.000000 50.000000 50.000000 50.000000 50.000000 50.000000 50.000000 50.000000 50.000000 50.000000 50.000000 50.000000 50.000000 50.000000 50.000000 50.000000 50.000000 50.000000 50.000000 50.000000 50.000000 50.000000 50.000000 50.000000 50.000000 50.000000 50.000000 50.000000 50.000000 50.000000 50.000000 50.000000 50.000000 50.000000 50.000000 50.000000 
50.000000 48.592426 47.247028 46.017754 44.943902 44.046779 43.329771 42.781315 42.379598 42.097698 41.908058 41.785680 41.709872 41.664762 41.638959 41.624759 41.617235 41.613395 41.611505 41.610607 41.610195 41.610013 41.609935 41.609902 41.609889 41.609884 41.609881 41.609879 41.609874 41.609862 41.609834 41.609766 41.609609 41.609253 41.608472 41.606805 41.603347 41.596365 41.582632 41.556272 41.506782 41.415587 41.249852 40.950678 40.408630 39.407539 37.479995 33.490608 24.296213 0.000000 
50.000000 47.247028 44.615666 42.211424 40.111168 38.356565 36.954241 35.881575 35.095907 34.544576 34.173688 33.934349 33.786090 33.697869 33.647405 33.619635 33.604922 33.597412 33.593716 33.591960 33.591155 33.590798 33.590645 33.590581 33.590556 33.590545 33.590540 33.590536 33.590527 33.590506 33.590453 33.590328 33.590038 33.589383 33.587947 33.584890 33.578562 33.565827 33.540879 33.493246 33.404448 33.242423 32.952089 32.438929 31.539309 29.964893 27.197749 22.307833 13.756420 0.000000 
50.000000 46.017754 42.211424 38.733640 35.695590 33.157548 31.129092 29.577499 28.441053 27.643580 27.107113 26.760928 26.546487 26.418887 26.345898 26.305734 26.284455 26.273593 26.268247 26.265708 26.264544 26.264028 26.263806 26.263715 26.263677 26.263663 26.263656 26.263649 26.263638 26.263609 26.263541 26.263376 26.262996 26.262139 26.260266 26.256291 26.248096 26.231682 26.199723 26.139179 26.027466 25.826406 25.472815 24.864020 23.835982 22.132134 19.366820 15.013675 8.537759 0.000000 
50.000000 44.943902 40.111168 35.695590 31.838344 28.615952 26.040575 24.070655 22.627830 21.615375 20.934300 20.494806 20.222570 20.060583 19.967927 19.916940 19.889929 19.876141 19.869355 19.866133 19.864655 19.864000 19.863719 19.863603 19.863556 19.863537 19.863528 19.863521 19.863508 19.863476 19.863400 19.863218 19.862797 19.861853 19.859796 19.855448 19.846527 19.828768 19.794448 19.730043 19.612625 19.404550 19.045979 18.444984 17.465889 15.919172 13.563456 10.146274 5.536364 0.000000 
50.000000 44.046779 38.356565 33.157548 28.615952 24.821880 21.789639 19.470291 17.771559 16.579549 15.777703 15.260286 14.939789 14.749090 14.640013 14.579992 14.548195 14.531965 14.523978 14.520184 14.518445 14.517674 14.517343 14.517206 14.517151 14.517129 14.517119 14.517111 14.517098 14.517067 14.516991 14.516812 14.516398 14.515472 14.513462 14.509234 14.500608 14.483551 14.450860 14.390135 14.280819 14.090144 13.768046 13.241630 12.410940 11.150064 9.321565 6.817256 3.638149 0.000000 
50.000000 43.329771 36.954241 31.129092 26.040575 21.789639 18.392309 15.793740 13.890530 12.555060 11.656727 11.077061 10.718015 10.504384 10.382193 10.314957 10.279340 10.261160 10.252213 10.247965 10.246016 10.245153 10.244783 10.244629 10.244567 10.244543 10.244532 10.244524 10.244512 10.244484 10.244416 10.244254 10.243882 10.243053 10.241261 10.237511 10.229906 10.214975 10.186603 10.134441 10.041709 9.882403 9.618244 9.196154 8.548009 7.595591 6.265072 4.515312 2.379093 0.000000 
50.000000 42.781315 35.881575 29.577499 24.070655 19.470291 15.793740 12.981635 10.922062 9.476897 8.504794 7.877540 7.489025 7.257866 7.125653 7.052905 7.014368 6.994699 6.985020 6.980423 6.978316 6.977381 6.976981 6.976815 6.976748 6.976722 6.976711 6.976703 6.976693 6.976669 6.976612 6.976476 6.976167 6.975480 6.974002 6.970923 6.964719 6.952625 6.929837 6.888361 6.815497 6.692078 6.490818 6.175496 5.702245 5.024676 4.104683 2.929486 1.531463 0.000000 
50.000000 42.379598 35.095907 28.441053 22.627830 17.771559 13.890530 10.922062 8.747998 7.222523 6.196416 5.534328 5.124246 4.880260 4.740715 4.663934 4.623261 4.602503 4.592288 4.587437 4.585213 4.584227 4.583805 4.583630 4.583559 4.583531 4.583520 4.583513 4.583505 4.583486 4.583441 4.583336 4.583095 4.582563 4.581423 4.579062 4.574333 4.565178 4.548070 4.517223 4.463627 4.373999 4.229984 4.008126 3.681414 3.223279 2.614647 1.853484 0.964012 0.000000 
50.000000 42.097698 34.544576 27.643580 21.615375 16.579549 12.555060 9.476897 7.222523 5.640718 4.576737 3.890223 3.465020 3.212043 3.067357 2.987750 2.945581 2.924060 2.913470 2.908441 2.906135 2.905113 2.904675 2.904494 2.904421 2.904392 2.904380 2.904374 2.904368 2.904353 2.904320 2.904243 2.904067 2.903680 2.902854 2.901151 2.897760 2.891240 2.879147 2.857535 2.820359 2.758896 2.661401 2.513352 2.298730 2.002750 1.616113 1.140129 0.590917 0.000000 
50.000000 41.908058 34.173688 27.107113 20.934300 15.777703 11.656727 8.504794 6.196416 4.576737 3.487294 2.784362 2.348997 2.089977 1.941838 1.860333 1.817159 1.795126 1.784284 1.779135 1.776775 1.775728 1.775280 1.775094 1.775020 1.774990 1.774979 1.774973 1.774968 1.774958 1.774935 1.774881 1.774760 1.774493 1.773928 1.772767 1.770468 1.766076 1.757987 1.743647 1.719202 1.679192 1.616433 1.522286 1.387567 1.204257 0.967934 0.680442 0.351786 0.000000 
50.000000 41.785680 33.934349 26.760928 20.494806 15.260286 11.077061 7.877540 5.534328 3.890223 2.784362 2.070843 1.628927 1.366013 1.215649 1.132921 1.089100 1.066737 1.055732 1.050507 1.048111 1.047049 1.046594 1.046406 1.046330 1.046300 1.046289 1.046284 1.046280 1.046273 1.046258 1.046222 1.046143 1.045969 1.045601 1.044851 1.043371 1.040562 1.035422 1.026374 1.011076 0.986258 0.947703 0.890459 0.809425 0.700358 0.561206 0.393470 0.203048 0.000000 
50.000000 41.709872 33.786090 26.546487 20.222570 14.939789 10.718015 7.489025 5.124246 3.465020 2.348997 1.628927 1.182957 0.917634 0.765894 0.682409 0.638189 0.615621 0.604516 0.599244 0.596826 0.595755 0.595296 0.595105 0.595029 0.594999 0.594987 0.594983 0.594980 0.594975 0.594966 0.594944 0.594894 0.594786 0.594559 0.594097 0.593191 0.591479 0.588365 0.582921 0.573781 0.559068 0.536401 0.503040 0.456238 0.393802 0.314805 0.220263 0.113507 0.000000 
50.000000 41.664762 33.697869 26.418887 20.060583 14.749090 10.504384 7.257866 4.880260 3.212043 2.089977 1.366013 0.917634 0.650880 0.498322 0.414388 0.369930 0.347241 0.336077 0.330776 0.328346 0.327269 0.326807 0.326616 0.326539 0.326509 0.326497 0.326493 0.326490 0.326488 0.326482 0.326469 0.326439 0.326375 0.326241 0.325970 0.325440 0.324444 0.322642 0.319509 0.314283 0.305928 0.293147 0.274478 0.248482 0.214056 0.170791 0.119307 0.061415 0.000000 
50.000000 41.638959 33.647405 26.345898 19.967927 14.640013 10.382193 7.125653 4.740715 3.067357 1.941838 1.215649 0.765894 0.498322 0.345297 0.261107 0.216513 0.193756 0.182557 0.177240 0.174802 0.173722 0.173259 0.173067 0.172990 0.172960 0.172949 0.172944 0.172942 0.172941 0.172937 0.172930 0.172913 0.172877 0.172801 0.172649 0.172352 0.171797 0.170799 0.169071 0.166206 0.161652 0.154730 0.144682 0.130779 0.112479 0.089607 0.062515 0.032153 0.000000 
50.000000 41.624759 33.619635 26.305734 19.916940 14.579992 10.314957 7.052905 4.663934 2.987750 1.860333 1.132921 0.682409 0.414388 0.261107 0.176776 0.132107 0.109312 0.098095 0.092769 0.090327 0.089245 0.088782 0.088589 0.088512 0.088482 0.088471 0.088466 0.088465 0.088463 0.088461 0.088457 0.088448 0.088429 0.088388 0.088306 0.088147 0.087850 0.087319 0.086405 0.084896 0.082511 0.078904 0.073696 0.066530 0.057144 0.045467 0.031688 0.016287 0.000000 
50.000000 41.617235 33.604922 26.284455 19.889929 14.548195 10.279340 7.014368 4.623261 2.945581 1.817159 1.089100 0.638189 0.369930 0.216513 0.132107 0.087400 0.064584 0.053358 0.048027 0.045583 0.044500 0.044036 0.043844 0.043766 0.043736 0.043725 0.043721 0.043719 0.043718 0.043717 0.043715 0.043710 0.043700 0.043679 0.043636 0.043555 0.043403 0.043131 0.042666 0.041902 0.040699 0.038888 0.036287 0.032723 0.028076 0.022315 0.015539 0.007982 0.000000 
50.000000 41.613395 33.597412 26.273593 19.876141 14.531965 10.261160 6.994699 4.602503 2.924060 1.795126 1.066737 0.615621 0.347241 0.193756 0.109312 0.064584 0.041759 0.030527 0.025194 0.022749 0.021665 0.021201 0.021009 0.020931 0.020901 0.020890 0.020886 0.020884 0.020883 0.020883 0.020882 0.020879 0.020874 0.020864 0.020843 0.020802 0.020727 0.020594 0.020366 0.019993 0.019408 0.018532 0.017278 0.015567 0.013344 0.010597 0.007374 0.003786 0.000000 
50.000000 41.611505 33.593716 26.268247 19.869356 14.523978 10.252213 6.985020 4.592288 2.913470 1.784284 1.055732 0.604516 0.336077 0.182557 0.098095 0.053358 0.030527 0.019293 0.013959 0.011513 0.010429 0.009965 0.009773 0.009695 0.009665 0.009654 0.009650 0.009648 0.009647 0.009647 0.009646 0.009645 0.009643 0.009638 0.009628 0.009608 0.009573 0.009510 0.009402 0.009227 0.008953 0.008543 0.007960 0.007166 0.006138 0.004871 0.003387 0.001738 0.000000 
50.000000 41.610607 33.591960 26.265708 19.866133 14.520185 10.247965 6.980423 4.587437 2.908441 1.779135 1.050507 0.599244 0.330776 0.177240 0.092769 0.048027 0.025194 0.013959 0.008624 0.006178 0.005095 0.004630 0.004438 0.004360 0.004330 0.004319 0.004315 0.004313 0.004313 0.004312 0.004312 0.004311 0.004310 0.004308 0.004303 0.004294 0.004278 0.004249 0.004200 0.004121 0.003997 0.003812 0.003549 0.003193 0.002733 0.002168 0.001507 0.000773 0.000000 
50.000000 41.610195 33.591155 26.264544 19.864655 14.518445 10.246017 6.978316 4.585213 2.906135 1.776775 1.048111 0.596826 0.328346 0.174803 0.090328 0.045583 0.022749 0.011513 0.006178 0.003732 0.002649 0.002184 0.001992 0.001914 0.001884 0.001873 0.001869 0.001867 0.001867 0.001866 0.001866 0.001866 0.001865 0.001864 0.001862 0.001858 0.001851 0.001838 0.001817 0.001782 0.001728 0.001647 0.001533 0.001378 0.001179 0.000935 0.000649 0.000333 0.000000 
50.000000 41.610013 33.590798 26.264028 19.864000 14.517674 10.245153 6.977382 4.584228 2.905114 1.775729 1.047050 0.595755 0.327269 0.173723 0.089246 0.044501 0.021666 0.010430 0.005095 0.002649 0.001565 0.001101 0.000908 0.000831 0.000801 0.000789 0.000785 0.000784 0.000783 0.000783 0.000783 0.000783 0.000783 0.000782 0.000781 0.000780 0.000777 0.000771 0.000762 0.000747 0.000724 0.000690 0.000642 0.000577 0.000493 0.000391 0.000271 0.000139 0.000000 
50.000000 41.609935 33.590646 26.263807 19.863720 14.517345 10.244785 6.976983 4.583807 2.904677 1.775282 1.046596 0.595298 0.326809 0.173262 0.088784 0.044038 0.021203 0.009967 0.004632 0.002186 0.001102 0.000638 0.000445 0.000368 0.000338 0.000326 0.000322 0.000321 0.000320 0.000320 0.000320 0.000320 0.000320 0.000320 0.000319 0.000319 0.000317 0.000315 0.000311 0.000305 0.000296 0.000282 0.000262 0.000235 0.000201 0.000159 0.000111 0.000057 0.000000 
50.000000 41.609903 33.590584 26.263718 19.863607 14.517211 10.244634 6.976821 4.583636 2.904500 1.775101 1.046412 0.595112 0.326622 0.173074 0.088596 0.043850 0.021015 0.009779 0.004444 0.001998 0.000914 0.000449 0.000257 0.000180 0.000149 0.000138 0.000134 0.000132 0.000132 0.000132 0.000132 0.000132 0.000132 0.000131 0.000131 0.000131 0.000130 0.000130 0.000128 0.000125 0.000122 0.000116 0.000108 0.000097 0.000083 0.000065 0.000045 0.000023 0.000000 
50.000000 41.609892 33.590562 26.263686 19.863567 14.517164 10.244582 6.976764 4.583576 2.904438 1.775037 1.046347 0.595046 0.326556 0.173008 0.088530 0.043784 0.020949 0.009713 0.004378 0.001932 0.000848 0.000383 0.000191 0.000114 0.000083 0.000072 0.000068 0.000066 0.000066 0.000066 0.000066 0.000066 0.000066 0.000066 0.000065 0.000065 0.000065 0.000065 0.000064 0.000063 0.000061 0.000058 0.000054 0.000048 0.000041 0.000032 0.000023 0.000012 0.000000 
50.000000 41.609892 33.590562 26.263686 19.863567 14.517164 10.244582 6.976764 4.583576 2.904438 1.775037 1.046347 0.595046 0.326556 0.173008 0.088530 0.043784 0.020949 0.009713 0.004378 0.001932 0.000848 0.000383 0.000191 0.000114 0.000083 0.000072 0.000068 0.000066 0.000066 0.000066 0.000066 0.000066 0.000066 0.000066 0.000065 0.000065 0.000065 0.000065 0.000064 0.000063 0.000061 0.000058 0.000054 0.000048 0.000041 0.000032 0.000023 0.000012 0.000000 
50.000000 41.609903 33.590584 26.263718 19.863607 14.517211 10.244634 6.976821 4.583636 2.904500 1.775101 1.046412 0.595112 0.326622 0.173074 0.088596 0.043850 0.021015 0.009779 0.004444 0.001998 0.000914 0.000449 0.000257 0.000180 0.000149 0.000138 0.000134 0.000132 0.000132 0.000132 0.000132 0.000132 0.000132 0.000131 0.000131 0.000131 0.000130 0.000130 0.000128 0.000125 0.000122 0.000116 0.000108 0.000097 0.000083 0.000065 0.000045 0.000023 0.000000 
50.000000 41.609935 33.590646 26.263807 19.863720 14.517345 10.244785 6.976983 4.583807 2.904677 1.775282 1.046596 0.595298 0.326809 0.173262 0.088784 0.044038 0.021203 0.009967 0.004632 0.002186 0.001102 0.000638 0.000445 0.000368 0.000338 0.000326 0.000322 0.000321 0.000320 0.000320 0.000320 0.000320 0.000320 0.000320 0.000319 0.000319 0.000317 0.000315 0.000311 0.000305 0.000296 0.000282 0.000262 0.000235 0.000201 0.000159 0.000111 0.000057 0.000000 
50.000000 41.610013 33.590798 26.264028 19.864000 14.517674 10.245153 6.977382 4.584228 2.905114 1.775729 1.047050 0.595755 0.327269 0.173723 0.089246 0.044501 0.021666 0.010430 0.005095 0.002649 0.001565 0.001101 0.000908 0.000831 0.000801 0.000789 0.000785 0.000784 0.000783 0.000783 0.000783 0.000783 0.000783 0.000782 0.000781 0.000780 0.000777 0.000771 0.000762 0.000747 0.000724 0.000690 0.000642 0.000577 0.000493 0.000391 0.000271 0.000139 0.000000 
50.000000 41.610195 33.591155 26.264544 19.864655 14.518445 10.246017 6.978316 4.585213 2.906135 1.776775 1.048111 0.596826 0.328346 0.174803 0.090328 0.045583 0.022749 0.011513 0.006178 0.003732 0.002649 0.002184 0.001992 0.001914 0.001884 0.001873 0.001869 0.001867 0.001867 0.001866 0.001866 0.001866 0.001865 0.001864 0.001862 0.001858 0.001851 0.001838 0.001817 0.001782 0.001728 0.001647 0.001533 0.001378 0.001179 0.000935 0.000649 0.000333 0.000000 
50.000000 41.610607 33.591960 26.265708 19.866133 14.520185 10.247965 6.980423 4.587437 2.908441 1.779135 1.050507 0.599244 0.330776 0.177240 0.092769 0.048027 0.025194 0.013959 0.008624 0.006178 0.005095 0.004630 0.004438 0.004360 0.004330 0.004319 0.004315 0.004313 0.004313 0.004312 0.004312 0.004311 0.004310 0.004308 0.004303 0.004294 0.004278 0.004249 0.004200 0.004121 0.003997 0.003812 0.003549 0.003193 0.002733 0.002168 0.001507 0.000773 0.000000 
50.000000 41.611505 33.593716 26.268247 19.869356 14.523978 10.252213 6.985020 4.592288 2.913470 1.784284 1.055732 0.604516 0.336077 0.182557 0.098095 0.053358 0.030527 0.019293 0.013959 0.011513 0.010429 0.009965 0.009773 0.009695 0.009665 0.009654 0.009650 0.009648 0.009647 0.009647 0.009646 0.009645 0.009643 0.009638 0.009628 0.009608 0.009573 0.009510 0.009402 0.009227 0.008953 0.008543 0.007960 0.007166 0.006138 0.004871 0.003387 0.001738 0.000000 
50.000000 41.613395 33.597412 26.273593 19.876141 14.531965 10.261160 6.994699 4.602503 2.924060 1.795126 1.066737 0.615621 0.347241 0.193756 0.109312 0.064584 0.041759 0.030527 0.025194 0.022749 0.021665 0.021201 0.021009 0.020931 0.020901 0.020890 0.020886 0.020884 0.020883 0.020883 0.020882 0.020879 0.020874 0.020864 0.020843 0.020802 0.020727 0.020594 0.020366 0.019993 0.019408 0.018532 0.017278 0.015567 0.013344 0.010597 0.007374 0.003786 0.000000 
50.000000 41.617235 33.604922 26.284455 19.889929 14.548195 10.279340 7.014368 4.623261 2.945581 1.817159 1.089100 0.638189 0.369930 0.216513 0.132107 0.087400 0.064584 0.053358 0.048027 0.045583 0.044500 0.044036 0.043844 0.043766 0.043736 0.043725 0.043721 0.043719 0.043718 0.043717 0.043715 0.043710 0.043700 0.043679 0.043636 0.043555 0.043403 0.043131 0.042666 0.041902 0.040699 0.038888 0.036287 0.032723 0.028076 0.022315 0.015539 0.007982 0.000000 
50.000000 41.624759 33.619635 26.305734 19.916940 14.579992 10.314957 7.052905 4.663934 2.987750 1.860333 1.132921 0.682409 0.414388 0.261107 0.176776 0.132107 0.109312 0.098095 0.092769 0.090327 0.089245 0.088782 0.088589 0.088512 0.088482 0.088471 0.088466 0.088465 0.088463 0.088461 0.088457 0.088448 0.088429 0.088388 0.088306 0.088147 0.087850 0.087319 0.086405 0.084896 0.082511 0.078904 0.073696 0.066530 0.057144 0.045467 0.031688 0.016287 0.000000 
50.000000 41.638959 33.647405 26.345898 19.967927 14.640013 10.382193 7.125653 4.740715 3.067357 1.941838 1.215649 0.765894 0.498322 0.345297 0.261107 0.216513 0.193756 0.182557 0.177240 0.174802 0.173722 0.173259 0.173067 0.172990 0.172960 0.172949 0.172944 0.172942 0.172941 0.172937 0.172930 0.172913 0.172877 0.172801 0.172649 0.172352 0.171797 0.170799 0.169071 0.166206 0.161652 0.154730 0.144682 0.130779 0.112479 0.089607 0.062515 0.032153 0.000000 
50.000000 41.664762 33.697869 26.418887 20.060583 14.749090 10.504384 7.257866 4.880260 3.212043 2.089977 1.366013 0.917634 0.650880 0.498322 0.414388 0.369930 0.347241 0.336077 0.330776 0.328346 0.327269 0.326807 0.326616 0.326539 0.326509 0.326497 0.326493 0.326490 0.326488 0.326482 0.326469 0.326439 0.326375 0.326241 0.325970 0.325440 0.324444 0.322642 0.319509 0.314283 0.305928 0.293147 0.274478 0.248482 0.214056 0.170791 0.119307 0.061415 0.000000 
50.000000 41.709872 33.786090 26.546487 20.222570 14.939789 10.718015 7.489025 5.124246 3.465020 2.348997 1.628927 1.182957 0.917634 0.765894 0.682409 0.638189 0.615621 0.604516 0.599244 0.596826 0.595755 0.595296 0.595105 0.595029 0.594999 0.594987 0.594983 0.594980 0.594975 0.594966 0.594944 0.594894 0.594786 0.594559 0.594097 0.593191 0.591479 0.588365 0.582921 0.573781 0.559068 0.536401 0.503040 0.456238 0.393802 0.314805 0.220263 0.113507 0.000000 
50.000000 41.785680 33.934349 26.760928 20.494806 15.260286 11.077061 7.877540 5.534328 3.890223 2.784362 2.070843 1.628927 1.366013 1.215649 1.132921 1.089100 1.066737 1.055732 1.050507 1.048111 1.047049 1.046594 1.046406 1.046330 1.046300 1.046289 1.046284 1.046280 1.046273 1.046258 1.046222 1.046143 1.045969 1.045601 1.044851 1.043371 1.040562 1.035422 1.026374 1.011076 0.986258 0.947703 0.890459 0.809425 0.700358 0.561206 0.393470 0.203048 0.000000 
50.000000 41.908058 34.173688 27.107113 20.934300 15.777703 11.656727 8.504794 6.196416 4.576737 3.487294 2.784362 2.348997 2.089977 1.941838 1.860333 1.817159 1.795126 1.784284 1.779135 1.776775 1.775728 1.775280 1.775094 1.775020 1.774990 1.774979 1.774973 1.774968 1.774958 1.774935 1.774881 1.774760 1.774493 1.773928 1.772767 1.770468 1.766076 1.757987 1.743647 1.719202 1.679192 1.616433 1.522286 1.387567 1.204257 0.967934 0.680442 0.351786 0.000000 
50.000000 42.097698 34.544576 27.643580 21.615375 16.579549 12.555060 9.476897 7.222523 5.640718 4.576737 3.890223 3.465020 3.212043 3.067357 2.987750 2.945581 2.924060 2.913470 2.908441 2.906135 2.905113 2.904675 2.904494 2.904421 2.904392 2.904380 2.904374 2.904368 2.904353 2.904320 2.904243 2.904067 2.903680 2.902854 2.901151 2.897760 2.891240 2.879147 2.857535 2.820359 2.758896 2.661401 2.513352 2.298730 2.002750 1.616113 1.140129 0.590917 0.000000 
50.000000 42.379598 35.095907 28.441053 22.627830 17.771559 13.890530 10.922062 8.747998 7.222523 6.196416 5.534328 5.124246 4.880260 4.740715 4.663934 4.623261 4.602503 4.592288 4.587437 4.585213 4.584227 4.583805 4.583630 4.583559 4.583531 4.583520 4.583513 4.583505 4.583486 4.583441 4.583336 4.583095 4.582563 4.581423 4.579062 4.574333 4.565178 4.548070 4.517223 4.463627 4.373999 4.229984 4.008126 3.681414 3.223279 2.614647 1.853484 0.964012 0.000000 
50.000000 42.781315 35.881575 29.577499 24.070655 19.470291 15.793740 12.981635 10.922062 9.476897 8.504794 7.877540 7.489025 7.257866 7.125653 7.052905 7.014368 6.994699 6.985020 6.980423 6.978316 6.977381 6.976981 6.976815 6.976748 6.976722 6.976711 6.976703 6.976693 6.976669 6.976612 6.976476 6.976167 6.975480 6.974002 6.970923 6.964719 6.952625 6.929837 6.888361 6.815497 6.692078 6.490818 6.175496 5.702245 5.024676 4.104683 2.929486 1.531463 0.000000 
50.000000 43.329771 36.954241 31.129092 26.040575 21.789639 18.392309 15.793740 13.890530 12.555060 11.656727 11.077061 10.718015 10.504384 10.382193 10.314957 10.279340 10.261160 10.252213 10.247965 10.246016 10.245153 10.244783 10.244629 10.244567 10.244543 10.244532 10.244524 10.244512 10.244484 10.244416 10.244254 10.243882 10.243053 10.241261 10.237511 10.229906 10.214975 10.186603 10.134441 10.041709 9.882403 9.618244 9.196154 8.548009 7.595591 6.265072 4.515312 2.379093 0.000000 
50.000000 44.046779 38.356565 33.157548 28.615952 24.821880 21.789639 19.470291 17.771559 16.579549 15.777703 15.260286 14.939789 14.749090 14.640013 14.579992 14.548195 14.531965 14.523978 14.520184 14.518445 14.517674 14.517343 14.517206 14.517151 14.517129 14.517119 14.517111 14.517098 14.517067 14.516991 14.516812 14.516398 14.515472 14.513462 14.509234 14.500608 14.483551 14.450860 14.390135 14.280819 14.090144 13.768046 13.241630 12.410940 11.150064 9.321565 6.817256 3.638149 0.000000 
50.000000 44.943902 40.111168 35.695590 31.838344 28.615952 26.040575 24.070655 22.627830 21.615375 20.934300 20.494806 20.222570 20.060583 19.967927 19.916940 19.889929 19.876141 19.869355 19.866133 19.864655 19.864000 19.863719 19.863603 19.863556 19.863537 19.863528 19.863521 19.863508 19.863476 19.863400 19.863218 19.862797 19.861853 19.859796 19.855448 19.846527 19.828768 19.794448 19.730043 19.612625 19.404550 19.045979 18.444984 17.465889 15.919172 13.563456 10.146274 5.536364 0.000000 
50.000000 46.017754 42.211424 38.733640 35.695590 33.157548 31.129092 29.577499 28.441053 27.643580 27.107113 26.760928 26.546487 26.418887 26.345898 26.305734 26.284455 26.273593 26.268247 26.265708 26.264544 26.264028 26.263806 26.263715 26.263677 26.263663 26.263656 26.263649 26.263638 26.263609 26.263541 26.263376 26.262996 26.262139 26.260266 26.256291 26.248096 26.231682 26.199723 26.139179 26.027466 25.826406 25.472815 24.864020 23.835982 22.132134 19.366820 15.013675 8.537759 0.000000 
50.000000 47.247028 44.615666 42.211424 40.111168 38.356565 36.954241 35.881575 35.095907 34.544576 34.173688 33.934349 33.786090 33.697869 33.647405 33.619635 33.604922 33.597412 33.593716 33.591960 33.591155 33.590798 33.590645 33.590581 33.590556 33.590545 33.590540 33.590536 33.590527 33.590506 33.590453 33.590328 33.590038 33.589383 33.587947 33.584890 33.578562 33.565827 33.540879 33.493246 33.404448 33.242423 32.952089 32.438929 31.539309 29.964893 27.197749 22.307833 13.756420 0.000000 
50.000000 48.592426 47.247028 46.017754 44.943902 44.046779 43.329771 42.781315 42.379598 42.097698 41.908058 41.785680 41.709872 41.664762 41.638959 41.624759 41.617235 41.613395 41.611505 41.610607 41.610195 41.610013 41.609935 41.609902 41.609889 41.609884 41.609881 41.609879 41.609874 41.609862 41.609834 41.609766 41.609609 41.609253 41.608472 41.606805 41.603347 41.596365 41.582632 41.556272 41.506782 41.415587 41.249852 40.950678 40.408630 39.407539 37.479995 33.490608 24.296213 0.000000 
50.000000 50.000000 50.000000 50.000000 50.000000 50.000000 50.000000 50.000000 50.000000 50.000000 50.000000 50.000000 50.000000 50.000000 50.000000 50.000000 50.000000 50.000000 50.000000 50.000000 50.000000 50.000000 50.000000 50.000000 50.000000 50.000000 50.000000 50.000000 50.000000 50.000000 50.000000 50.000000 50.000000 50.000000 50.000000 50.000000 50.000000 50.000000 50.000000 50.000000 50.000000 50.000000 50.000000 50.000000 50.000000 50.000000 50.000000 50.000000 50.000000 50.000000 
