50.000000 50.000000 50.000000 50.000000 50.000000 50.000000 50.000000 50.000000 50.000000 50.000000 50.000000 50.000000 50.000000 50.000000 50.000000 50.000000 50.000000 50.000000 50.000000 50.000000 50.000000 50.000000 50.000000 50.000000 50.000000 50.000000 50.000000 50.000000 50.000000 50.000000 50.000000 50.000000 50.000000 50.000000 50.000000 50.000000 50.000000 50.000000 50.000000 50.000000 50.000000 50.000000 50.000000 50.000000 50.000000 50.000000 50.000000 50.000000 50.000000 50.000000 
50.000000 48.439239 46.954915 45.612246 44.456762 43.510367 42.772293 42.223895 41.835438 41.572917 41.403521 41.299068 41.237464 41.202681 41.183863 41.174098 41.169234 41.166905 41.165833 41.165358 41.165155 41.165071 41.165038 41.165025 41.165020 41.165018 41.165018 41.165017 41.165015 41.165010 41.164997 41.164964 41.164882 41.164683 41.164219 41.163167 41.160858 41.155937 41.145753 41.125258 41.085056 41.007947 40.862653 40.591845 40.087410 39.133951 37.263980 33.340987 24.219620 0.000000 
50.000000 46.954915 44.058961 41.439388 39.185025 37.338606 35.898630 34.828720 34.070854 33.558690 33.228213 33.024435 32.904253 32.836398 32.799686 32.780637 32.771147 32.766605 32.764513 32.763586 32.763190 32.763027 32.762962 32.762937 32.762928 32.762925 32.762923 32.762922 32.762918 32.762909 32.762886 32.762825 32.762674 32.762312 32.761465 32.759553 32.755362 32.746461 32.728116 32.691394 32.619876 32.484056 32.231750 31.771361 30.941718 29.455915 26.795878 22.029480 13.613928 0.000000 
50.000000 45.612246 41.439388 37.664790 34.416449 31.755941 29.681096 28.139492 27.047519 26.309578 25.833424 25.539824 25.366670 25.268909 25.216019 25.188576 25.174905 25.168360 25.165347 25.164012 25.163442 25.163207 25.163113 25.163078 25.163064 25.163059 25.163057 25.163055 25.163050 25.163039 25.163008 25.162930 25.162735 25.162267 25.161178 25.158725 25.153372 25.142056 25.118879 25.072845 24.984111 24.817899 24.514880 23.976261 23.041280 21.455273 18.832395 14.643511 8.348266 0.000000 
50.000000 44.456762 39.185025 34.416449 30.312742 26.951692 24.330548 22.383075 21.003632 20.071440 19.469959 19.099090 18.880371 18.756887 18.690084 18.655421 18.638154 18.629889 18.626084 18.624398 18.623677 18.623381 18.623263 18.623218 18.623201 18.623194 18.623192 18.623189 18.623184 18.623172 18.623138 18.623053 18.622842 18.622336 18.621162 18.618529 18.612811 18.600798 18.576374 18.528321 18.436799 18.267997 17.966418 17.444510 16.570286 15.156371 12.961176 9.729110 5.322811 0.000000 
50.000000 43.510367 37.338606 31.755941 26.951692 23.016921 19.948400 17.668569 16.053739 14.962502 14.258416 13.824293 13.568278 13.423741 13.345550 13.304981 13.284772 13.275099 13.270646 13.268673 13.267830 13.267483 13.267345 13.267292 13.267272 13.267265 13.267262 13.267259 13.267254 13.267242 13.267210 13.267128 13.266925 13.266440 13.265321 13.262821 13.257422 13.246155 13.223436 13.179189 13.095967 12.944865 12.680197 12.233475 11.508460 10.381406 8.714660 6.396888 3.422957 0.000000 
50.000000 42.772293 35.898630 29.681096 24.330548 19.948400 16.531043 13.992078 12.193737 10.978517 10.194455 9.711032 9.425952 9.265012 9.177950 9.132778 9.110279 9.099510 9.094552 9.092355 9.091417 9.091030 9.090877 9.090818 9.090796 9.090788 9.090785 9.090782 9.090778 9.090767 9.090739 9.090667 9.090489 9.090068 9.089098 9.086943 9.082317 9.072731 9.053564 9.016613 8.947967 8.825192 8.614045 8.265521 7.714926 6.886038 5.704835 4.127268 2.180447 0.000000 
50.000000 42.223895 34.828720 28.139492 22.383075 17.668569 13.992078 11.260633 9.325995 8.018702 7.175253 6.655229 6.348573 6.175457 6.081811 6.033226 6.009026 5.997444 5.992112 5.989750 5.988741 5.988325 5.988160 5.988097 5.988073 5.988064 5.988061 5.988059 5.988055 5.988046 5.988023 5.987965 5.987823 5.987485 5.986711 5.984999 5.981347 5.973833 5.958933 5.930490 5.878266 5.786150 5.630316 5.378033 4.988372 4.416657 3.624613 2.596969 1.361242 0.000000 
50.000000 41.835438 34.070854 27.047519 21.003632 16.053739 12.193737 9.325995 7.294856 5.922380 5.036896 4.490967 4.169044 3.987314 3.889011 3.838011 3.812610 3.800453 3.794857 3.792377 3.791318 3.790882 3.790709 3.790642 3.790618 3.790609 3.790605 3.790603 3.790600 3.790594 3.790576 3.790533 3.790426 3.790174 3.789599 3.788334 3.785652 3.780170 3.769388 3.748994 3.711951 3.647428 3.539845 3.368545 3.108874 2.735635 2.229620 1.586798 0.827491 0.000000 
50.000000 41.572917 33.558690 26.309578 20.071440 14.962502 10.978517 8.018702 5.922380 4.505883 3.592013 3.028596 2.696367 2.508823 2.407379 2.354750 2.328538 2.315994 2.310219 2.307660 2.306568 2.306118 2.305939 2.305870 2.305845 2.305836 2.305832 2.305830 2.305828 2.305824 2.305811 2.305781 2.305706 2.305530 2.305130 2.304255 2.302409 2.298661 2.291343 2.277622 2.252941 2.210429 2.140435 2.030550 1.866535 1.634641 1.325467 0.938815 0.487861 0.000000 
50.000000 41.403521 33.228213 25.833424 19.469959 14.258416 10.194455 7.175253 5.036896 3.592013 2.659845 2.085155 1.746284 1.554995 1.451527 1.397849 1.371115 1.358321 1.352432 1.349822 1.348708 1.348249 1.348067 1.347997 1.347971 1.347961 1.347958 1.347957 1.347955 1.347952 1.347944 1.347923 1.347874 1.347758 1.347496 1.346926 1.345730 1.343315 1.338633 1.329922 1.314391 1.287901 1.244762 1.177842 1.079227 0.941638 0.760579 0.536819 0.278263 0.000000 
50.000000 41.299068 33.024435 25.539824 19.099090 13.824293 9.711032 6.655229 4.490967 3.028596 2.085155 1.503522 1.160562 0.966967 0.862253 0.807930 0.780875 0.767927 0.761968 0.759327 0.758200 0.757735 0.757551 0.757480 0.757454 0.757444 0.757441 0.757439 0.757438 0.757436 0.757431 0.757418 0.757388 0.757316 0.757154 0.756802 0.756069 0.754597 0.751761 0.746521 0.737253 0.721579 0.696295 0.657468 0.600856 0.522715 0.420945 0.296319 0.153315 0.000000 
50.000000 41.237464 32.904253 25.366670 18.880371 13.568278 9.425952 6.348573 4.169044 2.696367 1.746284 1.160562 0.815194 0.620242 0.514794 0.460091 0.432848 0.419810 0.413809 0.411150 0.410014 0.409547 0.409361 0.409290 0.409263 0.409254 0.409250 0.409249 0.409248 0.409247 0.409244 0.409236 0.409218 0.409176 0.409081 0.408876 0.408449 0.407597 0.405965 0.402969 0.397706 0.388874 0.374740 0.353222 0.322123 0.279574 0.224614 0.157792 0.081527 0.000000 
50.000000 41.202681 32.836398 25.268909 18.756887 13.423741 9.265012 6.175457 3.987314 2.508823 1.554995 0.966967 0.620242 0.424524 0.318664 0.263747 0.236397 0.223308 0.217284 0.214615 0.213475 0.213006 0.212819 0.212747 0.212721 0.212711 0.212708 0.212707 0.212706 0.212705 0.212704 0.212699 0.212689 0.212665 0.212612 0.212498 0.212262 0.211793 0.210898 0.209265 0.206415 0.201662 0.194109 0.182695 0.166319 0.144076 0.115537 0.081036 0.041824 0.000000 
50.000000 41.183863 32.799686 25.216019 18.690084 13.345550 9.177950 6.081811 3.889011 2.407379 1.451527 0.862253 0.514794 0.318664 0.212580 0.157548 0.130141 0.117025 0.110988 0.108313 0.107171 0.106701 0.106514 0.106442 0.106415 0.106406 0.106402 0.106401 0.106401 0.106400 0.106399 0.106397 0.106391 0.106379 0.106351 0.106290 0.106165 0.105919 0.105451 0.104600 0.103124 0.100677 0.096812 0.091006 0.082730 0.071554 0.057294 0.040134 0.020696 0.000000 
50.000000 41.174098 32.780637 25.188576 18.655421 13.304981 9.132778 6.033226 3.838011 2.354750 1.397849 0.807930 0.460091 0.263747 0.157548 0.102456 0.075019 0.061889 0.055846 0.053168 0.052024 0.051554 0.051367 0.051295 0.051268 0.051258 0.051255 0.051254 0.051253 0.051253 0.051253 0.051252 0.051249 0.051242 0.051228 0.051197 0.051134 0.051010 0.050776 0.050352 0.049620 0.048412 0.046515 0.043680 0.039660 0.034258 0.027397 0.019172 0.009880 0.000000 
50.000000 41.169234 32.771147 25.174905 18.638154 13.284772 9.110279 6.009026 3.812610 2.328538 1.371115 0.780875 0.432848 0.236397 0.130141 0.075019 0.047567 0.034430 0.028384 0.025704 0.024560 0.024089 0.023902 0.023830 0.023804 0.023794 0.023791 0.023790 0.023789 0.023789 0.023789 0.023788 0.023787 0.023784 0.023777 0.023762 0.023731 0.023672 0.023559 0.023357 0.023008 0.022436 0.021542 0.020211 0.018332 0.015818 0.012638 0.008836 0.004551 0.000000 
50.000000 41.166905 32.766605 25.168360 18.629889 13.275099 9.099510 5.997444 3.800453 2.315994 1.358321 0.767927 0.419810 0.223308 0.117025 0.061889 0.034430 0.021290 0.015242 0.012562 0.011418 0.010946 0.010759 0.010687 0.010661 0.010651 0.010648 0.010647 0.010646 0.010646 0.010646 0.010646 0.010645 0.010644 0.010640 0.010633 0.010619 0.010592 0.010540 0.010447 0.010288 0.010027 0.009621 0.009020 0.008175 0.007048 0.005626 0.003931 0.002023 0.000000 
50.000000 41.165833 32.764513 25.165347 18.626084 13.270646 9.094552 5.992112 3.794857 2.310219 1.352432 0.761968 0.413809 0.217284 0.110988 0.055846 0.028384 0.015242 0.009193 0.006513 0.005368 0.004897 0.004710 0.004638 0.004611 0.004602 0.004598 0.004597 0.004597 0.004597 0.004597 0.004596 0.004596 0.004596 0.004594 0.004591 0.004585 0.004572 0.004550 0.004509 0.004439 0.004324 0.004147 0.003886 0.003519 0.003031 0.002418 0.001688 0.000869 0.000000 
50.000000 41.165358 32.763586 25.164012 18.624398 13.268673 9.092355 5.989750 3.792377 2.307660 1.349822 0.759327 0.411150 0.214615 0.108313 0.053168 0.025704 0.012562 0.006513 0.003832 0.002688 0.002217 0.002029 0.001957 0.001931 0.001921 0.001918 0.001917 0.001916 0.001916 0.001916 0.001916 0.001916 0.001916 0.001915 0.001914 0.001911 0.001906 0.001896 0.001879 0.001849 0.001801 0.001726 0.001616 0.001463 0.001259 0.001004 0.000701 0.000360 0.000000 
50.000000 41.165155 32.763190 25.163442 18.623677 13.267830 9.091417 5.988741 3.791318 2.306568 1.348708 0.758200 0.410015 0.213475 0.107171 0.052024 0.024561 0.011418 0.005368 0.002688 0.001543 0.001072 0.000885 0.000813 0.000786 0.000777 0.000773 0.000772 0.000772 0.000772 0.000772 0.000772 0.000772 0.000772 0.000771 0.000771 0.000770 0.000767 0.000763 0.000756 0.000744 0.000725 0.000694 0.000650 0.000588 0.000506 0.000403 0.000281 0.000145 0.000000 
50.000000 41.165071 32.763027 25.163207 18.623381 13.267483 9.091031 5.988325 3.790882 2.306118 1.348249 0.757735 0.409547 0.213006 0.106701 0.051554 0.024090 0.010947 0.004897 0.002217 0.001072 0.000601 0.000414 0.000342 0.000315 0.000306 0.000302 0.000301 0.000301 0.000301 0.000301 0.000301 0.000301 0.000301 0.000300 0.000300 0.000300 0.000299 0.000297 0.000295 0.000290 0.000282 0.000270 0.000253 0.000229 0.000197 0.000157 0.000109 0.000056 0.000000 
50.000000 41.165038 32.762963 25.163114 18.623263 13.267345 9.090877 5.988160 3.790709 2.305940 1.348067 0.757551 0.409362 0.212820 0.106514 0.051367 0.023903 0.010760 0.004710 0.002030 0.000885 0.000414 0.000227 0.000155 0.000128 0.000119 0.000115 0.000114 0.000114 0.000114 0.000114 0.000114 0.000114 0.000114 0.000114 0.000114 0.000113 0.000113 0.000112 0.000111 0.000110 0.000107 0.000102 0.000095 0.000086 0.000074 0.000059 0.000041 0.000021 0.000000 
50.000000 41.165025 32.762938 25.163078 18.623219 13.267293 9.090819 5.988098 3.790644 2.305872 1.347998 0.757482 0.409291 0.212749 0.106444 0.051296 0.023832 0.010689 0.004640 0.001959 0.000815 0.000343 0.000156 0.000084 0.000058 0.000048 0.000045 0.000043 0.000043 0.000043 0.000043 0.000043 0.000043 0.000043 0.000043 0.000043 0.000043 0.000043 0.000042 0.000042 0.000041 0.000040 0.000039 0.000036 0.000033 0.000028 0.000022 0.000015 0.000008 0.000000 
50.000000 41.165021 32.762930 25.163067 18.623204 13.267276 9.090800 5.988077 3.790622 2.305850 1.347976 0.757459 0.409268 0.212726 0.106420 0.051273 0.023809 0.010666 0.004616 0.001936 0.000791 0.000320 0.000133 0.000061 0.000034 0.000025 0.000021 0.000020 0.000020 0.000020 0.000020 0.000020 0.000020 0.000020 0.000020 0.000020 0.000020 0.000019 0.000019 0.000019 0.000019 0.000018 0.000018 0.000016 0.000015 0.000013 0.000010 0.000007 0.000004 0.000000 
50.000000 41.165021 32.762930 25.163067 18.623204 13.267276 9.090800 5.988077 3.790622 2.305850 1.347976 0.757459 0.409268 0.212726 0.106420 0.051273 0.023809 0.010666 0.004616 0.001936 0.000791 0.000320 0.000133 0.000061 0.000034 0.000025 0.000021 0.000020 0.000020 0.000020 0.000020 0.000020 0.000020 0.000020 0.000020 0.000020 0.000020 0.000019 0.000019 0.000019 0.000019 0.000018 0.000018 0.000016 0.000015 0.000013 0.000010 0.000007 0.000004 0.000000 
50.000000 41.165025 32.762938 25.163078 18.623219 13.267293 9.090819 5.988098 3.790644 2.305872 1.347998 0.757482 0.409291 0.212749 0.106444 0.051296 0.023832 0.010689 0.004640 0.001959 0.000815 0.000343 0.000156 0.000084 0.000058 0.000048 0.000045 0.000043 0.000043 0.000043 0.000043 0.000043 0.000043 0.000043 0.000043 0.000043 0.000043 0.000043 0.000042 0.000042 0.000041 0.000040 0.000039 0.000036 0.000033 0.000028 0.000022 0.000015 0.000008 0.000000 
50.000000 41.165038 32.762963 25.163114 18.623263 13.267345 9.090877 5.988160 3.790709 2.305940 1.348067 0.757551 0.409362 0.212820 0.106514 0.051367 0.023903 0.010760 0.004710 0.002030 0.000885 0.000414 0.000227 0.000155 0.000128 0.000119 0.000115 0.000114 0.000114 0.000114 0.000114 0.000114 0.000114 0.000114 0.000114 0.000114 0.000113 0.000113 0.000112 0.000111 0.000110 0.000107 0.000102 0.000095 0.000086 0.000074 0.000059 0.000041 0.000021 0.000000 
50.000000 41.165071 32.763027 25.163207 18.623381 13.267483 9.091031 5.988325 3.790882 2.306118 1.348249 0.757735 0.409547 0.213006 0.106701 0.051554 0.024090 0.010947 0.004897 0.002217 0.001072 0.000601 0.000414 0.000342 0.000315 0.000306 0.000302 0.000301 0.000301 0.000301 0.000301 0.000301 0.000301 0.000301 0.000300 0.000300 0.000300 0.000299 0.000297 0.000295 0.000290 0.000282 0.000270 0.000253 0.000229 0.000197 0.000157 0.000109 0.000056 0.000000 
50.000000 41.165155 32.763190 25.163442 18.623677 13.267830 9.091417 5.988741 3.791318 2.306568 1.348708 0.758200 0.410015 0.213475 0.107171 0.052024 0.024561 0.011418 0.005368 0.002688 0.001543 0.001072 0.000885 0.000813 0.000786 0.000777 0.000773 0.000772 0.000772 0.000772 0.000772 0.000772 0.000772 0.000772 0.000771 0.000771 0.000770 0.000767 0.000763 0.000756 0.000744 0.000725 0.000694 0.000650 0.000588 0.000506 0.000403 0.000281 0.000145 0.000000 
50.000000 41.165358 32.763586 25.164012 18.624398 13.268673 9.092355 5.989750 3.792377 2.307660 1.349822 0.759327 0.411150 0.214615 0.108313 0.053168 0.025704 0.012562 0.006513 0.003832 0.002688 0.002217 0.002029 0.001957 0.001931 0.001921 0.001918 0.001917 0.001916 0.001916 0.001916 0.001916 0.001916 0.001916 0.001915 0.001914 0.001911 0.001906 0.001896 0.001879 0.001849 0.001801 0.001726 0.001616 0.001463 0.001259 0.001004 0.000701 0.000360 0.000000 
50.000000 41.165833 32.764513 25.165347 18.626084 13.270646 9.094552 5.992112 3.794857 2.310219 1.352432 0.761968 0.413809 0.217284 0.110988 0.055846 0.028384 0.015242 0.009193 0.006513 0.005368 0.004897 0.004710 0.004638 0.004611 0.004602 0.004598 0.004597 0.004597 0.004597 0.004597 0.004596 0.004596 0.004596 0.004594 0.004591 0.004585 0.004572 0.004550 0.004509 0.004439 0.004324 0.004147 0.003886 0.003519 0.003031 0.002418 0.001688 0.000869 0.000000 
50.000000 41.166905 32.766605 25.168360 18.629889 13.275099 9.099510 5.997444 3.800453 2.315994 1.358321 0.767927 0.419810 0.223308 0.117025 0.061889 0.034430 0.021290 0.015242 0.012562 0.011418 0.010946 0.010759 0.010687 0.010661 0.010651 0.010648 0.010647 0.010646 0.010646 0.010646 0.010646 0.010645 0.010644 0.010640 0.010633 0.010619 0.010592 0.010540 0.010447 0.010288 0.010027 0.009621 0.009020 0.008175 0.007048 0.005626 0.003931 0.002023 0.000000 
50.000000 41.169234 32.771147 25.174905 18.638154 13.284772 9.110279 6.009026 3.812610 2.328538 1.371115 0.780875 0.432848 0.236397 0.130141 0.075019 0.047567 0.034430 0.028384 0.025704 0.024560 0.024089 0.023902 0.023830 0.023804 0.023794 0.023791 0.023790 0.023789 0.023789 0.023789 0.023788 0.023787 0.023784 0.023777 0.023762 0.023731 0.023672 0.023559 0.023357 0.023008 0.022436 0.021542 0.020211 0.018332 0.015818 0.012638 0.008836 0.004551 0.000000 
50.000000 41.174098 32.780637 25.188576 18.655421 13.304981 9.132778 6.033226 3.838011 2.354750 1.397849 0.807930 0.460091 0.263747 0.157548 0.102456 0.075019 0.061889 0.055846 0.053168 0.052024 0.051554 0.051367 0.051295 0.051268 0.051258 0.051255 0.051254 0.051253 0.051253 0.051253 0.051252 0.051249 0.051242 0.051228 0.051197 0.051134 0.051010 0.050776 0.050352 0.049620 0.048412 0.046515 0.043680 0.039660 0.034258 0.027397 0.019172 0.009880 0.000000 
50.000000 41.183863 32.799686 25.216019 18.690084 13.345550 9.177950 6.081811 3.889011 2.407379 1.451527 0.862253 0.514794 0.318664 0.212580 0.157548 0.130141 0.117025 0.110988 0.108313 0.107171 0.106701 0.106514 0.106442 0.106415 0.106406 0.106402 0.106401 0.106401 0.106400 0.106399 0.106397 0.106391 0.106379 0.106351 0.106290 0.106165 0.105919 0.105451 0.104600 0.103124 0.100677 0.096812 0.091006 0.082730 0.071554 0.057294 0.040134 0.020696 0.000000 
50.000000 41.202681 32.836398 25.268909 18.756887 13.423741 9.265012 6.175457 3.987314 2.508823 1.554995 0.966967 0.620242 0.424524 0.318664 0.263747 0.236397 0.223308 0.217284 0.214615 0.213475 0.213006 0.212819 0.212747 0.212721 0.212711 0.212708 0.212707 0.212706 0.212705 0.212704 0.212699 0.212689 0.212665 0.212612 0.212498 0.212262 0.211793 0.210898 0.209265 0.206415 0.201662 0.194109 0.182695 0.166319 0.144076 0.115537 0.081036 0.041824 0.000000 
50.000000 41.237464 32.904253 25.366670 18.880371 13.568278 9.425952 6.348573 4.169044 2.696367 1.746284 1.160562 0.815194 0.620242 0.514794 0.460091 0.432848 0.419810 0.413809 0.411150 0.410014 0.409547 0.409361 0.409290 0.409263 0.409254 0.409250 0.409249 0.409248 0.409247 0.409244 0.409236 0.409218 0.409176 0.409081 0.408876 0.408449 0.407597 0.405965 0.402969 0.397706 0.388874 0.374740 0.353222 0.322123 0.279574 0.224614 0.157792 0.081527 0.000000 
50.000000 41.299068 33.024435 25.539824 19.099090 13.824293 9.711032 6.655229 4.490967 3.028596 2.085155 1.503522 1.160562 0.966967 0.862253 0.807930 0.780875 0.767927 0.761968 0.759327 0.758200 0.757735 0.757551 0.757480 0.757454 0.757444 0.757441 0.757439 0.757438 0.757436 0.757431 0.757418 0.757388 0.757316 0.757154 0.756802 0.756069 0.754597 0.751761 0.746521 0.737253 0.721579 0.696295 0.657468 0.600856 0.522715 0.420945 0.296319 0.153315 0.000000 
50.000000 41.403521 33.228213 25.833424 19.469959 14.258416 10.194455 7.175253 5.036896 3.592013 2.659845 2.085155 1.746284 1.554995 1.451527 1.397849 1.371115 1.358321 1.352432 1.349822 1.348708 1.348249 1.348067 1.347997 1.347971 1.347961 1.347958 1.347957 1.347955 1.347952 1.347944 1.347923 1.347874 1.347758 1.347496 1.346926 1.345730 1.343315 1.338633 1.329922 1.314391 1.287901 1.244762 1.177842 1.079227 0.941638 0.760579 0.536819 0.278263 0.000000 
50.000000 41.572917 33.558690 26.309578 20.071440 14.962502 10.978517 8.018702 5.922380 4.505883 3.592013 3.028596 2.696367 2.508823 2.407379 2.354750 2.328538 2.315994 2.310219 2.307660 2.306568 2.306118 2.305939 2.305870 2.305845 2.305836 2.305832 2.305830 2.305828 2.305824 2.305811 2.305781 2.305706 2.305530 2.305130 2.304255 2.302409 2.298661 2.291343 2.277622 2.252941 2.210429 2.140435 2.030550 1.866535 1.634641 1.325467 0.938815 0.487861 0.000000 
50.000000 41.835438 34.070854 27.047519 21.003632 16.053739 12.193737 9.325995 7.294856 5.922380 5.036896 4.490967 4.169044 3.987314 3.889011 3.838011 3.812610 3.800453 3.794857 3.792377 3.791318 3.790882 3.790709 3.790642 3.790618 3.790609 3.790605 3.790603 3.790600 3.790594 3.790576 3.790533 3.790426 3.790174 3.789599 3.788334 3.785652 3.780170 3.769388 3.748994 3.711951 3.647428 3.539845 3.368545 3.108874 2.735635 2.229620 1.586798 0.827491 0.000000 
50.000000 42.223895 34.828720 28.139492 22.383075 17.668569 13.992078 11.260633 9.325995 8.018702 7.175253 6.655229 6.348573 6.175457 6.081811 6.033226 6.009026 5.997444 5.992112 5.989750 5.988741 5.988325 5.988160 5.988097 5.988073 5.988064 5.988061 5.988059 5.988055 5.988046 5.988023 5.987965 5.987823 5.987485 5.986711 5.984999 5.981347 5.973833 5.958933 5.930490 5.878266 5.786150 5.630316 5.378033 4.988372 4.416657 3.624613 2.596969 1.361242 0.000000 
50.000000 42.772293 35.898630 29.681096 24.330548 19.948400 16.531043 13.992078 12.193737 10.978517 10.194455 9.711032 9.425952 9.265012 9.177950 9.132778 9.110279 9.099510 9.094552 9.092355 9.091417 9.091030 9.090877 9.090818 9.090796 9.090788 9.090785 9.090782 9.090778 9.090767 9.090739 9.090667 9.090489 9.090068 9.089098 9.086943 9.082317 9.072731 9.053564 9.016613 8.947967 8.825192 8.614045 8.265521 7.714926 6.886038 5.704835 4.127268 2.180447 0.000000 
50.000000 43.510367 37.338606 31.755941 26.951692 23.016921 19.948400 17.668569 16.053739 14.962502 14.258416 13.824293 13.568278 13.423741 13.345550 13.304981 13.284772 13.275099 13.270646 13.268673 13.267830 13.267483 13.267345 13.267292 13.267272 13.267265 13.267262 13.267259 13.267254 13.267242 13.267210 13.267128 13.266925 13.266440 13.265321 13.262821 13.257422 13.246155 13.223436 13.179189 13.095967 12.944865 12.680197 12.233475 11.508460 10.381406 8.714660 6.396888 3.422957 0.000000 
50.000000 44.456762 39.185025 34.416449 30.312742 26.951692 24.330548 22.383075 21.003632 20.071440 19.469959 19.099090 18.880371 18.756887 18.690084 18.655421 18.638154 18.629889 18.626084 18.624398 18.623677 18.623381 18.623263 18.623218 18.623201 18.623194 18.623192 18.623189 18.623184 18.623172 18.623138 18.623053 18.622842 18.622336 18.621162 18.618529 18.612811 18.600798 18.576374 18.528321 18.436799 18.267997 17.966418 17.444510 16.570286 15.156371 12.961176 9.729110 5.322811 0.000000 
50.000000 45.612246 41.439388 37.664790 34.416449 31.755941 29.681096 28.139492 27.047519 26.309578 25.833424 25.539824 25.366670 25.268909 25.216019 25.188576 25.174905 25.168360 25.165347 25.164012 25.163442 25.163207 25.163113 25.163078 25.163064 25.163059 25.163057 25.163055 25.163050 25.163039 25.163008 25.162930 25.162735 25.162267 25.161178 25.158725 25.153372 25.142056 25.118879 25.072845 24.984111 24.817899 24.514880 23.976261 23.041280 21.455273 18.832395 14.643511 8.348266 0.000000 
50.000000 46.954915 44.058961 41.439388 39.185025 37.338606 35.898630 34.828720 34.070854 33.558690 33.228213 33.024435 32.904253 32.836398 32.799686 32.780637 32.771147 32.766605 32.764513 32.763586 32.763190 32.763027 32.762962 32.762937 32.762928 32.762925 32.762923 32.762922 32.762918 32.762909 32.762886 32.762825 32.762674 32.762312 32.761465 32.759553 32.755362 32.746461 32.728116 32.691394 32.619876 32.484056 32.231750 31.771361 30.941718 29.455915 26.795878 22.029480 13.613928 0.000000 
50.000000 48.439239 46.954915 45.612246 44.456762 43.510367 42.772293 42.223895 41.835438 41.572917 41.403521 41.299068 41.237464 41.202681 41.183863 41.174098 41.169234 41.166905 41.165833 41.165358 41.165155 41.165071 41.165038 41.165025 41.165020 41.165018 41.165018 41.165017 41.165015 41.165010 41.164997 41.164964 41.164882 41.164683 41.164219 41.163167 41.160858 41.155937 41.145753 41.125258 41.085056 41.007947 40.862653 40.591845 40.087410 39.133951 37.263980 33.340987 24.219620 0.000000 
50.000000 50.000000 50.000000 50.000000 50.000000 50.000000 50.000000 50.000000 50.000000 50.000000 50.000000 50.000000 50.000000 50.000000 50.000000 50.000000 50.000000 50.000000 50.000000 50.000000 50.000000 50.000000 50.000000 50.000000 50.000000 50.000000 50.000000 50.000000 50.000000 50.000000 50.000000 50.000000 50.000000 50.000000 50.000000 50.000000 50.000000 50.000000 50.000000 50.000000 50.000000 50.000000 50.000000 50.000000 50.000000 50.000000 50.000000 50.000000 50.000000 50.000000 
