50.000000 50.000000 50.000000 50.000000 50.000000 50.000000 50.000000 50.000000 50.000000 50.000000 50.000000 50.000000 50.000000 50.000000 50.000000 50.000000 50.000000 50.000000 50.000000 50.000000 50.000000 50.000000 50.000000 50.000000 50.000000 50.000000 50.000000 50.000000 50.000000 50.000000 50.000000 50.000000 50.000000 50.000000 50.000000 50.000000 50.000000 50.000000 50.000000 50.000000 50.000000 50.000000 50.000000 50.000000 50.000000 50.000000 50.000000 50.000000 50.000000 50.000000 
50.000000 48.984104 48.000606 47.078809 46.242312 45.507286 44.881815 44.366294 43.954668 43.636197 43.397388 43.223784 43.101400 43.017711 42.962179 42.926412 42.904043 42.890454 42.882432 42.877829 42.875261 42.873866 42.873129 42.872749 42.872557 42.872459 42.872403 42.872356 42.872292 42.872174 42.871942 42.871487 42.870608 42.868945 42.865863 42.860267 42.850303 42.832887 42.802952 42.752263 42.667460 42.526765 42.294068 41.907527 41.255607 40.121408 38.038585 33.874840 24.492052 0.000000 
50.000000 48.000606 46.064978 44.250783 42.604470 41.157864 39.926875 38.912281 38.102164 37.475387 37.005393 36.663727 36.422868 36.258162 36.148873 36.078482 36.034459 36.007715 35.991929 35.982870 35.977815 35.975070 35.973620 35.972872 35.972494 35.972301 35.972192 35.972102 35.971980 35.971757 35.971320 35.970462 35.968807 35.965681 35.959897 35.949416 35.930799 35.898358 35.842819 35.749255 35.593804 35.338363 34.921674 34.243677 33.136787 31.311286 28.251257 23.032489 14.125766 0.000000 
50.000000 47.078809 44.250783 41.600180 39.194861 37.081326 35.282819 33.800474 32.616880 31.701153 31.014489 30.515317 30.163425 29.922794 29.763125 29.660287 29.595971 29.556901 29.533838 29.520603 29.513219 29.509209 29.507090 29.505998 29.505446 29.505166 29.505008 29.504882 29.504713 29.504409 29.503813 29.502648 29.500403 29.496172 29.488363 29.474258 29.449301 29.406016 29.332358 29.209226 29.006713 28.678428 28.152793 27.319605 26.009460 23.963924 20.800090 15.999526 9.040224 0.000000 
50.000000 46.242312 42.604470 39.194861 36.100782 33.382045 31.068552 29.161759 27.639268 26.461347 25.578082 24.935994 24.483357 24.173836 23.968459 23.836182 23.753456 23.703202 23.673538 23.656516 23.647018 23.641861 23.639136 23.637732 23.637022 23.636663 23.636464 23.636309 23.636109 23.635753 23.635059 23.633704 23.631103 23.626212 23.617217 23.601034 23.572541 23.523422 23.440460 23.303074 23.079823 22.723515 22.164556 21.302279 19.994782 18.050391 15.230937 11.293185 6.120904 0.000000 
50.000000 45.507286 41.157864 37.081326 33.382045 30.131534 27.365543 25.085811 23.265554 21.857268 20.801270 20.033622 19.492476 19.122435 18.876902 18.718764 18.619867 18.559790 18.524327 18.503978 18.492624 18.486459 18.483202 18.481524 18.480677 18.480250 18.480017 18.479843 18.479627 18.479249 18.478519 18.477098 18.474378 18.469281 18.459946 18.443230 18.413964 18.363858 18.279934 18.142384 17.921715 17.575151 17.042405 16.241431 15.065767 13.387263 11.071866 8.021077 4.251679 0.000000 
50.000000 44.881815 39.926875 35.282819 31.068552 27.365543 24.214519 21.617456 19.543839 17.939546 16.736584 15.862109 15.245662 14.824135 14.544443 14.364306 14.251652 14.183219 14.142825 14.119647 14.106714 14.099693 14.095983 14.094072 14.093109 14.092625 14.092365 14.092181 14.091964 14.091592 14.090881 14.089503 14.086873 14.081965 14.073015 14.057072 14.029330 13.982178 13.903894 13.776937 13.575862 13.264967 12.796075 12.107259 11.124112 9.766273 7.963214 5.683198 2.974288 0.000000 
50.000000 44.366294 38.912281 33.800474 29.161759 25.085811 21.617456 18.758867 16.476450 14.710630 13.386560 12.424055 11.745561 11.281610 10.973774 10.775512 10.651526 10.576210 10.531753 10.506245 10.492011 10.484285 10.480202 10.478100 10.477041 10.476512 10.476233 10.476045 10.475837 10.475494 10.474844 10.473590 10.471208 10.466780 10.458742 10.444502 10.419881 10.378345 10.309985 10.200271 10.028634 9.767107 9.379433 8.821381 8.043406 6.997203 5.647681 3.990607 2.072226 0.000000 
50.000000 43.954668 38.102164 32.616880 27.639268 23.265554 19.543839 16.476450 14.027336 12.132563 10.711812 9.679037 8.951015 8.453203 8.122902 7.910176 7.777146 7.696337 7.648639 7.621271 7.606000 7.597711 7.593331 7.591076 7.589942 7.589378 7.589085 7.588899 7.588708 7.588407 7.587844 7.586766 7.584726 7.580950 7.574130 7.562112 7.541465 7.506888 7.450466 7.360805 7.222146 7.013668 6.709343 6.278872 5.690403 4.915753 3.938452 2.763801 1.427902 0.000000 
50.000000 43.636197 37.475387 31.701153 26.461347 21.857268 17.939546 14.710630 12.132563 10.138039 8.642504 7.555377 6.789049 6.265049 5.917377 5.693466 5.553442 5.468387 5.418182 5.389377 5.373304 5.364580 5.359971 5.357598 5.356406 5.355815 5.355514 5.355333 5.355163 5.354910 5.354446 5.353564 5.351903 5.348843 5.343340 5.333698 5.317233 5.289856 5.245545 5.175778 5.069020 4.910417 4.681996 4.363684 3.935552 3.381524 2.694440 1.881583 0.968737 0.000000 
50.000000 43.397388 37.005393 31.014489 25.578082 20.801270 16.736584 13.386560 10.711812 8.642504 7.090907 5.963036 5.167995 4.624366 4.263675 4.031381 3.886117 3.797879 3.745798 3.715915 3.699242 3.690192 3.685411 3.682950 3.681715 3.681105 3.680799 3.680624 3.680476 3.680271 3.679905 3.679216 3.677924 3.675555 3.671316 3.663927 3.651386 3.630671 3.597396 3.545453 3.466726 3.351006 3.186288 2.959647 2.658887 2.275008 1.805263 1.256138 0.645126 0.000000 
50.000000 43.223784 36.663727 30.515317 24.935994 20.033622 15.862109 12.424055 9.679037 7.555377 5.963036 4.805557 3.989651 3.431760 3.061609 2.823226 2.674155 2.583606 2.530161 2.499496 2.482387 2.473100 2.468194 2.465670 2.464404 2.463780 2.463472 2.463304 2.463176 2.463014 2.462737 2.462221 2.461259 2.459502 2.456373 2.450946 2.441788 2.426756 2.402778 2.365640 2.309832 2.228571 2.114070 1.958215 1.753688 1.495535 1.182959 0.820908 0.420832 0.000000 
50.000000 43.101400 36.422868 30.163425 24.483357 19.492476 15.245662 11.745561 8.951015 6.789049 5.167995 3.989651 3.159042 2.591103 2.214288 1.971615 1.819862 1.727686 1.673280 1.642065 1.624649 1.615195 1.610202 1.607633 1.606344 1.605712 1.605402 1.605240 1.605130 1.605005 1.604802 1.604430 1.603742 1.602490 1.600271 1.596442 1.590012 1.579521 1.562895 1.537324 1.499193 1.444127 1.367217 1.263484 1.128618 0.959935 0.757409 0.524510 0.268514 0.000000 
50.000000 43.017711 36.258162 29.922794 24.173836 19.122435 14.824135 11.281610 8.453203 6.265049 4.624366 3.431760 2.591103 2.016296 1.634927 1.389322 1.235738 1.142449 1.087388 1.055796 1.038170 1.028604 1.023550 1.020950 1.019647 1.019008 1.018699 1.018542 1.018445 1.018350 1.018206 1.017947 1.017473 1.016615 1.015100 1.012497 1.008148 1.001091 0.989973 0.972981 0.947816 0.911737 0.861729 0.794805 0.708470 0.601295 0.473493 0.327363 0.167408 0.000000 
50.000000 42.962179 36.148873 29.763125 23.968459 18.876902 14.544443 10.973774 8.122902 5.917377 4.263675 3.061609 2.214288 1.634927 1.250538 1.002989 0.848191 0.754165 0.698668 0.666828 0.649063 0.639421 0.634328 0.631708 0.630395 0.629752 0.629443 0.629291 0.629204 0.629131 0.629031 0.628857 0.628541 0.627974 0.626976 0.625269 0.622430 0.617847 0.610663 0.599748 0.583680 0.560790 0.529271 0.487371 0.433673 0.367425 0.288867 0.199457 0.101913 0.000000 
50.000000 42.926412 36.078482 29.660287 23.836182 18.718764 14.364306 10.775513 7.910177 5.693466 4.031381 2.823226 1.971615 1.389322 1.002990 0.754191 0.598611 0.504110 0.448334 0.416334 0.398479 0.388789 0.383670 0.381037 0.379718 0.379073 0.378764 0.378615 0.378536 0.378479 0.378409 0.378296 0.378093 0.377730 0.377096 0.376014 0.374223 0.371344 0.366853 0.360065 0.350126 0.336047 0.316770 0.291291 0.258819 0.218965 0.171924 0.118585 0.060550 0.000000 
50.000000 42.904043 36.034459 29.595972 23.753457 18.619867 14.251653 10.651526 7.777146 5.553443 3.886117 2.674156 1.819863 1.235739 0.848191 0.598611 0.442543 0.347746 0.291796 0.259695 0.241785 0.232064 0.226929 0.224288 0.222965 0.222319 0.222010 0.221863 0.221790 0.221743 0.221695 0.221623 0.221496 0.221272 0.220882 0.220218 0.219124 0.217373 0.214654 0.210563 0.204601 0.196196 0.184747 0.169688 0.150586 0.127245 0.099800 0.068778 0.035099 0.000000 
50.000000 42.890454 36.007716 29.556902 23.703203 18.559791 14.183220 10.576211 7.696338 5.468388 3.797881 2.583607 1.727687 1.142451 0.754166 0.504112 0.347747 0.252771 0.196714 0.164552 0.146609 0.136870 0.131725 0.129080 0.127754 0.127107 0.126798 0.126653 0.126583 0.126543 0.126510 0.126464 0.126388 0.126253 0.126020 0.125626 0.124979 0.123947 0.122350 0.119957 0.116486 0.111613 0.105004 0.096349 0.085413 0.072101 0.056499 0.038909 0.019847 0.000000 
50.000000 42.882433 35.991930 29.533839 23.673540 18.524329 14.142828 10.531756 7.648642 5.418186 3.745801 2.530164 1.673283 1.087391 0.698672 0.448338 0.291799 0.196716 0.140597 0.108400 0.090436 0.080686 0.075536 0.072887 0.071561 0.070913 0.070604 0.070460 0.070392 0.070357 0.070333 0.070304 0.070258 0.070180 0.070046 0.069819 0.069447 0.068857 0.067947 0.066588 0.064624 0.061879 0.058169 0.053328 0.047233 0.039837 0.031193 0.021469 0.010946 0.000000 
50.000000 42.877831 35.982872 29.520607 23.656521 18.503984 14.119653 10.506252 7.621278 5.389385 3.715923 2.499505 1.642073 1.055805 0.666837 0.416342 0.259703 0.164560 0.108405 0.076187 0.058212 0.048456 0.043302 0.040652 0.039325 0.038677 0.038368 0.038225 0.038158 0.038126 0.038107 0.038088 0.038062 0.038017 0.037942 0.037815 0.037608 0.037280 0.036776 0.036026 0.034946 0.033441 0.031415 0.028779 0.025470 0.021466 0.016797 0.011555 0.005890 0.000000 
50.000000 42.875264 35.977821 29.513227 23.647029 18.492637 14.106729 10.492028 7.606018 5.373323 3.699262 2.482407 1.624669 1.038191 0.649084 0.398500 0.241805 0.146628 0.090453 0.058224 0.040243 0.030483 0.025328 0.022677 0.021349 0.020701 0.020393 0.020249 0.020183 0.020153 0.020137 0.020124 0.020109 0.020084 0.020043 0.019974 0.019862 0.019685 0.019413 0.019011 0.018433 0.017629 0.016551 0.015152 0.013402 0.011288 0.008828 0.006070 0.003093 0.000000 
50.000000 42.873874 35.975085 29.509230 23.641888 18.486492 14.099729 10.484325 7.597754 5.364625 3.690238 2.473148 1.615244 1.028652 0.639470 0.388838 0.232113 0.136918 0.080732 0.048497 0.030512 0.020750 0.015594 0.012943 0.011615 0.010966 0.010658 0.010515 0.010449 0.010420 0.010405 0.010396 0.010387 0.010374 0.010352 0.010315 0.010256 0.010162 0.010020 0.009809 0.009507 0.009088 0.008528 0.007803 0.006897 0.005806 0.004538 0.003119 0.001589 0.000000 
50.000000 42.873146 35.973653 29.507139 23.639199 18.483277 14.096067 10.480295 7.593430 5.360074 3.685518 2.468304 1.610313 1.023662 0.634441 0.383783 0.227043 0.131838 0.075647 0.043408 0.025421 0.015659 0.010502 0.007850 0.006522 0.005874 0.005566 0.005423 0.005358 0.005328 0.005315 0.005308 0.005302 0.005294 0.005283 0.005264 0.005233 0.005184 0.005110 0.005001 0.004845 0.004630 0.004342 0.003971 0.003508 0.002952 0.002306 0.001585 0.000807 0.000000 
50.000000 42.872788 35.972948 29.506109 23.637873 18.481692 14.094263 10.478309 7.591299 5.357832 3.683192 2.465918 1.607884 1.021204 0.631963 0.381293 0.224544 0.129335 0.073141 0.040901 0.022913 0.013150 0.007993 0.005342 0.004013 0.003365 0.003057 0.002914 0.002849 0.002820 0.002807 0.002801 0.002797 0.002792 0.002786 0.002775 0.002759 0.002733 0.002693 0.002635 0.002552 0.002437 0.002285 0.002088 0.001844 0.001551 0.001211 0.000832 0.000424 0.000000 
50.000000 42.872642 35.972661 29.505690 23.637334 18.481048 14.093529 10.477502 7.590433 5.356921 3.682246 2.464947 1.606896 1.020204 0.630956 0.380281 0.223529 0.128318 0.072122 0.039882 0.021894 0.012131 0.006974 0.004322 0.002993 0.002345 0.002037 0.001894 0.001829 0.001800 0.001787 0.001782 0.001778 0.001775 0.001771 0.001764 0.001753 0.001736 0.001711 0.001673 0.001620 0.001547 0.001450 0.001325 0.001169 0.000983 0.000767 0.000527 0.000268 0.000000 
50.000000 42.872642 35.972661 29.505690 23.637334 18.481048 14.093529 10.477502 7.590433 5.356921 3.682246 2.464947 1.606896 1.020204 0.630956 0.380281 0.223529 0.128318 0.072122 0.039882 0.021894 0.012131 0.006974 0.004322 0.002993 0.002345 0.002037 0.001894 0.001829 0.001800 0.001787 0.001782 0.001778 0.001775 0.001771 0.001764 0.001753 0.001736 0.001711 0.001673 0.001620 0.001547 0.001450 0.001325 0.001169 0.000983 0.000767 0.000527 0.000268 0.000000 
50.000000 42.872788 35.972948 29.506109 23.637873 18.481692 14.094263 10.478309 7.591299 5.357832 3.683192 2.465918 1.607884 1.021204 0.631963 0.381293 0.224544 0.129335 0.073141 0.040901 0.022913 0.013150 0.007993 0.005342 0.004013 0.003365 0.003057 0.002914 0.002849 0.002820 0.002807 0.002801 0.002797 0.002792 0.002786 0.002775 0.002759 0.002733 0.002693 0.002635 0.002552 0.002437 0.002285 0.002088 0.001844 0.001551 0.001211 0.000832 0.000424 0.000000 
50.000000 42.873146 35.973653 29.507139 23.639199 18.483277 14.096067 10.480295 7.593430 5.360074 3.685518 2.468304 1.610313 1.023662 0.634441 0.383783 0.227043 0.131838 0.075647 0.043408 0.025421 0.015659 0.010502 0.007850 0.006522 0.005874 0.005566 0.005423 0.005358 0.005328 0.005315 0.005308 0.005302 0.005294 0.005283 0.005264 0.005233 0.005184 0.005110 0.005001 0.004845 0.004630 0.004342 0.003971 0.003508 0.002952 0.002306 0.001585 0.000807 0.000000 
50.000000 42.873874 35.975085 29.509230 23.641888 18.486492 14.099729 10.484325 7.597754 5.364625 3.690238 2.473148 1.615244 1.028652 0.639470 0.388838 0.232113 0.136918 0.080732 0.048497 0.030512 0.020750 0.015594 0.012943 0.011615 0.010966 0.010658 0.010515 0.010449 0.010420 0.010405 0.010396 0.010387 0.010374 0.010352 0.010315 0.010256 0.010162 0.010020 0.009809 0.009507 0.009088 0.008528 0.007803 0.006897 0.005806 0.004538 0.003119 0.001589 0.000000 
50.000000 42.875264 35.977821 29.513227 23.647029 18.492637 14.106729 10.492028 7.606018 5.373323 3.699262 2.482407 1.624669 1.038191 0.649084 0.398500 0.241805 0.146628 0.090453 0.058224 0.040243 0.030483 0.025328 0.022677 0.021349 0.020701 0.020393 0.020249 0.020183 0.020153 0.020137 0.020124 0.020109 0.020084 0.020043 0.019974 0.019862 0.019685 0.019413 0.019011 0.018433 0.017629 0.016551 0.015152 0.013402 0.011288 0.008828 0.006070 0.003093 0.000000 
50.000000 42.877831 35.982872 29.520607 23.656521 18.503984 14.119653 10.506252 7.621278 5.389385 3.715923 2.499505 1.642073 1.055805 0.666837 0.416342 0.259703 0.164560 0.108405 0.076187 0.058212 0.048456 0.043302 0.040652 0.039325 0.038677 0.038368 0.038225 0.038158 0.038126 0.038107 0.038088 0.038062 0.038017 0.037942 0.037815 0.037608 0.037280 0.036776 0.036026 0.034946 0.033441 0.031415 0.028779 0.025470 0.021466 0.016797 0.011555 0.005890 0.000000 
50.000000 42.882433 35.991930 29.533839 23.673540 18.524329 14.142828 10.531756 7.648642 5.418186 3.745801 2.530164 1.673283 1.087391 0.698672 0.448338 0.291799 0.196716 0.140597 0.108400 0.090436 0.080686 0.075536 0.072887 0.071561 0.070913 0.070604 0.070460 0.070392 0.070357 0.070333 0.070304 0.070258 0.070180 0.070046 0.069819 0.069447 0.068857 0.067947 0.066588 0.064624 0.061879 0.058169 0.053328 0.047233 0.039837 0.031193 0.021469 0.010946 0.000000 
50.000000 42.890454 36.007716 29.556902 23.703203 18.559791 14.183220 10.576211 7.696338 5.468388 3.797881 2.583607 1.727687 1.142451 0.754166 0.504112 0.347747 0.252771 0.196714 0.164552 0.146609 0.136870 0.131725 0.129080 0.127754 0.127107 0.126798 0.126653 0.126583 0.126543 0.126510 0.126464 0.126388 0.126253 0.126020 0.125626 0.124979 0.123947 0.122350 0.119957 0.116486 0.111613 0.105004 0.096349 0.085413 0.072101 0.056499 0.038909 0.019847 0.000000 
50.000000 42.904043 36.034459 29.595972 23.753457 18.619867 14.251653 10.651526 7.777146 5.553443 3.886117 2.674156 1.819863 1.235739 0.848191 0.598611 0.442543 0.347746 0.291796 0.259695 0.241785 0.232064 0.226929 0.224288 0.222965 0.222319 0.222010 0.221863 0.221790 0.221743 0.221695 0.221623 0.221496 0.221272 0.220882 0.220218 0.219124 0.217373 0.214654 0.210563 0.204601 0.196196 0.184747 0.169688 0.150586 0.127245 0.099800 0.068778 0.035099 0.000000 
50.000000 42.926412 36.078482 29.660287 23.836182 18.718764 14.364306 10.775513 7.910177 5.693466 4.031381 2.823226 1.971615 1.389322 1.002990 0.754191 0.598611 0.504110 0.448334 0.416334 0.398479 0.388789 0.383670 0.381037 0.379718 0.379073 0.378764 0.378615 0.378536 0.378479 0.378409 0.378296 0.378093 0.377730 0.377096 0.376014 0.374223 0.371344 0.366853 0.360065 0.350126 0.336047 0.316770 0.291291 0.258819 0.218965 0.171924 0.118585 0.060550 0.000000 
50.000000 42.962179 36.148873 29.763125 23.968459 18.876902 14.544443 10.973774 8.122902 5.917377 4.263675 3.061609 2.214288 1.634927 1.250538 1.002989 0.848191 0.754165 0.698668 0.666828 0.649063 0.639421 0.634328 0.631708 0.630395 0.629752 0.629443 0.629291 0.629204 0.629131 0.629031 0.628857 0.628541 0.627974 0.626976 0.625269 0.622430 0.617847 0.610663 0.599748 0.583680 0.560790 0.529271 0.487371 0.433673 0.367425 0.288867 0.199457 0.101913 0.000000 
50.000000 43.017711 36.258162 29.922794 24.173836 19.122435 14.824135 11.281610 8.453203 6.265049 4.624366 3.431760 2.591103 2.016296 1.634927 1.389322 1.235738 1.142449 1.087388 1.055796 1.038170 1.028604 1.023550 1.020950 1.019647 1.019008 1.018699 1.018542 1.018445 1.018350 1.018206 1.017947 1.017473 1.016615 1.015100 1.012497 1.008148 1.001091 0.989973 0.972981 0.947816 0.911737 0.861729 0.794805 0.708470 0.601295 0.473493 0.327363 0.167408 0.000000 
50.000000 43.101400 36.422868 30.163425 24.483357 19.492476 15.245662 11.745561 8.951015 6.789049 5.167995 3.989651 3.159042 2.591103 2.214288 1.971615 1.819862 1.727686 1.673280 1.642065 1.624649 1.615195 1.610202 1.607633 1.606344 1.605712 1.605402 1.605240 1.605130 1.605005 1.604802 1.604430 1.603742 1.602490 1.600271 1.596442 1.590012 1.579521 1.562895 1.537324 1.499193 1.444127 1.367217 1.263484 1.128618 0.959935 0.757409 0.524510 0.268514 0.000000 
50.000000 43.223784 36.663727 30.515317 24.935994 20.033622 15.862109 12.424055 9.679037 7.555377 5.963036 4.805557 3.989651 3.431760 3.061609 2.823226 2.674155 2.583606 2.530161 2.499496 2.482387 2.473100 2.468194 2.465670 2.464404 2.463780 2.463472 2.463304 2.463176 2.463014 2.462737 2.462221 2.461259 2.459502 2.456373 2.450946 2.441788 2.426756 2.402778 2.365640 2.309832 2.228571 2.114070 1.958215 1.753688 1.495535 1.182959 0.820908 0.420832 0.000000 
50.000000 43.397388 37.005393 31.014489 25.578082 20.801270 16.736584 13.386560 10.711812 8.642504 7.090907 5.963036 5.167995 4.624366 4.263675 4.031381 3.886117 3.797879 3.745798 3.715915 3.699242 3.690192 3.685411 3.682950 3.681715 3.681105 3.680799 3.680624 3.680476 3.680271 3.679905 3.679216 3.677924 3.675555 3.671316 3.663927 3.651386 3.630671 3.597396 3.545453 3.466726 3.351006 3.186288 2.959647 2.658887 2.275008 1.805263 1.256138 0.645126 0.000000 
50.000000 43.636197 37.475387 31.701153 26.461347 21.857268 17.939546 14.710630 12.132563 10.138039 8.642504 7.555377 6.789049 6.265049 5.917377 5.693466 5.553442 5.468387 5.418182 5.389377 5.373304 5.364580 5.359971 5.357598 5.356406 5.355815 5.355514 5.355333 5.355163 5.354910 5.354446 5.353564 5.351903 5.348843 5.343340 5.333698 5.317233 5.289856 5.245545 5.175778 5.069020 4.910417 4.681996 4.363684 3.935552 3.381524 2.694440 1.881583 0.968737 0.000000 
50.000000 43.954668 38.102164 32.616880 27.639268 23.265554 19.543839 16.476450 14.027336 12.132563 10.711812 9.679037 8.951015 8.453203 8.122902 7.910176 7.777146 7.696337 7.648639 7.621271 7.606000 7.597711 7.593331 7.591076 7.589942 7.589378 7.589085 7.588899 7.588708 7.588407 7.587844 7.586766 7.584726 7.580950 7.574130 7.562112 7.541465 7.506888 7.450466 7.360805 7.222146 7.013668 6.709343 6.278872 5.690403 4.915753 3.938452 2.763801 1.427902 0.000000 
50.000000 44.366294 38.912281 33.800474 29.161759 25.085811 21.617456 18.758867 16.476450 14.710630 13.386560 12.424055 11.745561 11.281610 10.973774 10.775512 10.651526 10.576210 10.531753 10.506245 10.492011 10.484285 10.480202 10.478100 10.477041 10.476512 10.476233 10.476045 10.475837 10.475494 10.474844 10.473590 10.471208 10.466780 10.458742 10.444502 10.419881 10.378345 10.309985 10.200271 10.028634 9.767107 9.379433 8.821381 8.043406 6.997203 5.647681 3.990607 2.072226 0.000000 
50.000000 44.881815 39.926875 35.282819 31.068552 27.365543 24.214519 21.617456 19.543839 17.939546 16.736584 15.862109 15.245662 14.824135 14.544443 14.364306 14.251652 14.183219 14.142825 14.119647 14.106714 14.099693 14.095983 14.094072 14.093109 14.092625 14.092365 14.092181 14.091964 14.091592 14.090881 14.089503 14.086873 14.081965 14.073015 14.057072 14.029330 13.982178 13.903894 13.776937 13.575862 13.264967 12.796075 12.107259 11.124112 9.766273 7.963214 5.683198 2.974288 0.000000 
50.000000 45.507286 41.157864 37.081326 33.382045 30.131534 27.365543 25.085811 23.265554 21.857268 20.801270 20.033622 19.492476 19.122435 18.876902 18.718764 18.619867 18.559790 18.524327 18.503978 18.492624 18.486459 18.483202 18.481524 18.480677 18.480250 18.480017 18.479843 18.479627 18.479249 18.478519 18.477098 18.474378 18.469281 18.459946 18.443230 18.413964 18.363858 18.279934 18.142384 17.921715 17.575151 17.042405 16.241431 15.065767 13.387263 11.071866 8.021077 4.251679 0.000000 
50.000000 46.242312 42.604470 39.194861 36.100782 33.382045 31.068552 29.161759 27.639268 26.461347 25.578082 24.935994 24.483357 24.173836 23.968459 23.836182 23.753456 23.703202 23.673538 23.656516 23.647018 23.641861 23.639136 23.637732 23.637022 23.636663 23.636464 23.636309 23.636109 23.635753 23.635059 23.633704 23.631103 23.626212 23.617217 23.601034 23.572541 23.523422 23.440460 23.303074 23.079823 22.723515 22.164556 21.302279 19.994782 18.050391 15.230937 11.293185 6.120904 0.000000 
50.000000 47.078809 44.250783 41.600180 39.194861 37.081326 35.282819 33.800474 32.616880 31.701153 31.014489 30.515317 30.163425 29.922794 29.763125 29.660287 29.595971 29.556901 29.533838 29.520603 29.513219 29.509209 29.507090 29.505998 29.505446 29.505166 29.505008 29.504882 29.504713 29.504409 29.503813 29.502648 29.500403 29.496172 29.488363 29.474258 29.449301 29.406016 29.332358 29.209226 29.006713 28.678428 28.152793 27.319605 26.009460 23.963924 20.800090 15.999526 9.040224 0.000000 
50.000000 48.000606 46.064978 44.250783 42.604470 41.157864 39.926875 38.912281 38.102164 37.475387 37.005393 36.663727 36.422868 36.258162 36.148873 36.078482 36.034459 36.007715 35.991929 35.982870 35.977815 35.975070 35.973620 35.972872 35.972494 35.972301 35.972192 35.972102 35.971980 35.971757 35.971320 35.970462 35.968807 35.965681 35.959897 35.949416 35.930799 35.898358 35.842819 35.749255 35.593804 35.338363 34.921674 34.243677 33.136787 31.311286 28.251257 23.032489 14.125766 0.000000 
50.000000 48.984104 48.000606 47.078809 46.242312 45.507286 44.881815 44.366294 43.954668 43.636197 43.397388 43.223784 43.101400 43.017711 42.962179 42.926412 42.904043 42.890454 42.882432 42.877829 42.875261 42.873866 42.873129 42.872749 42.872557 42.872459 42.872403 42.872356 42.872292 42.872174 42.871942 42.871487 42.870608 42.868945 42.865863 42.860267 42.850303 42.832887 42.802952 42.752263 42.667460 42.526765 42.294068 41.907527 41.255607 40.121408 38.038585 33.874840 24.492052 0.000000 
50.000000 50.000000 50.000000 50.000000 50.000000 50.000000 50.000000 50.000000 50.000000 50.000000 50.000000 50.000000 50.000000 50.000000 50.000000 50.000000 50.000000 50.000000 50.000000 50.000000 50.000000 50.000000 50.000000 50.000000 50.000000 50.000000 50.000000 50.000000 50.000000 50.000000 50.000000 50.000000 50.000000 50.000000 50.000000 50.000000 50.000000 50.000000 50.000000 50.000000 50.000000 50.000000 50.000000 50.000000 50.000000 50.000000 50.000000 50.000000 50.000000 50.000000 
