50.000000 50.000000 50.000000 50.000000 50.000000 50.000000 50.000000 50.000000 50.000000 50.000000 50.000000 50.000000 50.000000 50.000000 50.000000 50.000000 50.000000 50.000000 50.000000 50.000000 50.000000 50.000000 50.000000 50.000000 50.000000 50.000000 50.000000 50.000000 50.000000 50.000000 50.000000 50.000000 50.000000 50.000000 50.000000 50.000000 50.000000 50.000000 50.000000 50.000000 50.000000 50.000000 50.000000 50.000000 50.000000 50.000000 50.000000 50.000000 50.000000 50.000000 
50.000000 48.350282 46.785954 45.379165 44.178999 43.207254 42.460109 41.914237 41.534970 41.284165 41.126160 41.031240 40.976809 40.946983 40.931350 40.923504 40.919730 40.917987 40.917215 40.916885 40.916750 40.916697 40.916676 40.916669 40.916666 40.916665 40.916665 40.916664 40.916663 40.916660 40.916652 40.916630 40.916573 40.916431 40.916086 40.915278 40.913446 40.909421 40.900847 40.883119 40.847459 40.777472 40.642828 40.387196 39.903355 38.976486 37.139163 33.254269 24.175141 0.000000 
50.000000 46.785954 43.738273 40.997522 38.659332 36.766168 35.310582 34.247125 33.508251 33.019646 32.711836 32.526922 32.420886 32.362785 32.332332 32.317049 32.309696 32.306302 32.304797 32.304155 32.303892 32.303788 32.303748 32.303734 32.303728 32.303727 32.303726 32.303725 32.303723 32.303717 32.303702 32.303662 32.303559 32.303300 32.302675 32.301213 32.297905 32.290660 32.275291 32.243683 32.180563 32.057910 31.825295 31.392966 30.601398 29.164759 26.565088 21.869136 13.531685 0.000000 
50.000000 45.379165 40.997522 37.057172 33.695602 30.973861 28.881236 27.352375 26.290163 25.587751 25.145255 24.879437 24.727010 24.643492 24.599718 24.577750 24.567182 24.562303 24.560140 24.559218 24.558839 24.558690 24.558633 24.558612 24.558604 24.558602 24.558601 24.558599 24.558597 24.558590 24.558570 24.558519 24.558386 24.558055 24.557257 24.555397 24.551205 24.542069 24.522808 24.483504 24.405823 24.256941 23.979838 23.478154 22.593292 21.072001 18.528586 14.432434 8.240002 0.000000 
50.000000 44.178999 38.659332 33.695602 29.461008 26.032451 23.396425 21.470590 20.132597 19.247838 18.690483 18.355674 18.163693 18.058504 18.003375 17.975708 17.962399 17.956256 17.953532 17.952371 17.951894 17.951706 17.951634 17.951608 17.951598 17.951595 17.951594 17.951592 17.951589 17.951582 17.951561 17.951505 17.951363 17.951009 17.950158 17.948184 17.943756 17.934163 17.914089 17.873511 17.794267 17.644716 17.371929 16.891054 16.072514 14.730504 12.623601 9.494573 5.202513 0.000000 
50.000000 43.207254 36.766168 30.973861 26.032451 22.031670 18.955742 16.708565 15.147351 14.115011 13.464704 13.074070 12.850085 12.727365 12.663050 12.630775 12.615249 12.608083 12.604906 12.603551 12.602996 12.602776 12.602692 12.602662 12.602651 12.602647 12.602645 12.602644 12.602641 12.602634 12.602614 12.602561 12.602426 12.602092 12.601292 12.599443 12.595320 12.586446 12.568030 12.531178 12.460102 12.328048 12.091867 11.685746 11.015835 9.959937 8.380568 6.164770 3.303899 0.000000 
50.000000 42.460109 35.310582 28.881236 23.396425 18.955742 15.541660 13.047487 11.314713 10.168959 9.447229 9.013705 8.765135 8.628951 8.557582 8.521768 8.504541 8.496590 8.493065 8.491562 8.490945 8.490702 8.490609 8.490575 8.490562 8.490558 8.490557 8.490555 8.490553 8.490547 8.490529 8.490484 8.490368 8.490082 8.489400 8.487833 8.484358 8.476932 8.461648 8.431373 8.373693 8.268114 8.082690 7.770830 7.269996 6.505371 5.403082 3.917617 2.072913 0.000000 
50.000000 41.914237 34.247125 27.352375 21.470590 16.708565 13.047487 10.372921 8.514862 7.286297 6.512423 6.047591 5.781078 5.635068 5.558553 5.520158 5.501690 5.493166 5.489388 5.487777 5.487116 5.486855 5.486755 5.486719 5.486706 5.486701 5.486699 5.486698 5.486696 5.486691 5.486678 5.486642 5.486550 5.486325 5.485792 5.484570 5.481879 5.476168 5.464509 5.441639 5.398571 5.320814 5.186461 4.964798 4.616699 4.098661 3.372536 2.421830 1.271409 0.000000 
50.000000 41.534970 33.508251 26.290163 20.132597 15.147351 11.314713 8.514862 6.569803 5.283740 4.473669 3.987106 3.708142 3.555315 3.475230 3.435045 3.415717 3.406796 3.402842 3.401156 3.400465 3.400191 3.400087 3.400049 3.400035 3.400031 3.400029 3.400028 3.400026 3.400023 3.400013 3.399986 3.399919 3.399755 3.399367 3.398484 3.396549 3.392471 3.384211 3.368156 3.338243 3.284902 3.194048 3.046599 2.819303 2.487881 2.033221 1.450341 0.757499 0.000000 
50.000000 41.284165 33.019646 25.587751 19.247838 14.115011 10.168959 7.286297 5.283740 3.959684 3.125697 2.624781 2.337595 2.180267 2.097825 2.056459 2.036563 2.027381 2.023311 2.021576 2.020864 2.020583 2.020476 2.020436 2.020422 2.020417 2.020416 2.020415 2.020414 2.020411 2.020404 2.020386 2.020340 2.020228 2.019965 2.019368 2.018068 2.015344 2.009869 1.999316 1.979842 1.945498 1.887726 1.795266 1.654908 1.453571 1.181928 0.839083 0.436705 0.000000 
50.000000 41.126160 32.711836 25.145255 18.690483 13.464704 9.447229 6.512423 4.473669 3.125697 2.276661 1.766713 1.474355 1.314196 1.230273 1.188165 1.167912 1.158566 1.154422 1.152657 1.151932 1.151646 1.151537 1.151497 1.151482 1.151477 1.151476 1.151475 1.151474 1.151473 1.151468 1.151456 1.151427 1.151355 1.151187 1.150808 1.149987 1.148277 1.144862 1.138330 1.126382 1.105512 1.070784 1.015857 0.933526 0.816972 0.661751 0.468152 0.243042 0.000000 
50.000000 41.031240 32.526922 24.879437 18.355674 13.074070 9.013705 6.047591 3.987106 2.624781 1.766713 1.251348 0.955887 0.794032 0.709221 0.666667 0.646201 0.636756 0.632569 0.630785 0.630053 0.629764 0.629653 0.629613 0.629598 0.629593 0.629592 0.629591 0.629591 0.629590 0.629587 0.629580 0.629562 0.629518 0.629417 0.629190 0.628701 0.627687 0.625674 0.621852 0.614912 0.602894 0.583081 0.552056 0.506039 0.441586 0.356629 0.251631 0.130393 0.000000 
50.000000 40.976809 32.420886 24.727010 18.163693 12.850085 8.765135 5.781078 3.708142 2.337595 1.474355 0.955887 0.658651 0.495824 0.410505 0.367697 0.347108 0.337607 0.333396 0.331601 0.330864 0.330573 0.330462 0.330422 0.330407 0.330402 0.330400 0.330400 0.330399 0.330399 0.330397 0.330393 0.330383 0.330358 0.330300 0.330172 0.329895 0.329325 0.328201 0.326078 0.322251 0.315671 0.304911 0.288203 0.263638 0.229530 0.184941 0.130226 0.067387 0.000000 
50.000000 40.946983 32.362785 24.643492 18.058504 12.727365 8.628951 5.635068 3.555315 2.180267 1.314196 0.794032 0.495824 0.332466 0.246869 0.203922 0.183267 0.173735 0.169510 0.167709 0.166971 0.166679 0.166567 0.166527 0.166512 0.166507 0.166505 0.166505 0.166505 0.166504 0.166503 0.166501 0.166495 0.166482 0.166451 0.166381 0.166233 0.165929 0.165331 0.164210 0.162199 0.158766 0.153189 0.144593 0.132045 0.114748 0.092286 0.064880 0.033537 0.000000 
50.000000 40.931350 32.332332 24.599718 18.003375 12.663050 8.557582 5.558553 3.475230 2.097825 1.230273 0.709221 0.410505 0.246869 0.161127 0.118107 0.097418 0.087870 0.083637 0.081834 0.081094 0.080801 0.080690 0.080649 0.080634 0.080629 0.080628 0.080627 0.080627 0.080627 0.080626 0.080625 0.080622 0.080615 0.080599 0.080564 0.080488 0.080333 0.080030 0.079465 0.078457 0.076746 0.073982 0.069749 0.063607 0.055191 0.044321 0.031120 0.016072 0.000000 
50.000000 40.923504 32.317049 24.577750 17.975708 12.630775 8.521768 5.520158 3.435045 2.056459 1.188165 0.666667 0.367697 0.203922 0.118107 0.075051 0.054344 0.044788 0.040552 0.038747 0.038007 0.037714 0.037602 0.037561 0.037547 0.037542 0.037540 0.037540 0.037539 0.037539 0.037539 0.037538 0.037537 0.037534 0.037526 0.037508 0.037471 0.037396 0.037250 0.036978 0.036494 0.035678 0.034366 0.032368 0.029483 0.025550 0.020493 0.014374 0.007419 0.000000 
50.000000 40.919730 32.309696 24.567182 17.962399 12.615249 8.504541 5.501690 3.415717 2.036563 1.167912 0.646201 0.347108 0.183267 0.097418 0.054344 0.033629 0.024069 0.019831 0.018025 0.017284 0.016992 0.016880 0.016839 0.016825 0.016820 0.016818 0.016817 0.016817 0.016817 0.016817 0.016817 0.016816 0.016814 0.016811 0.016803 0.016785 0.016750 0.016683 0.016557 0.016335 0.015962 0.015365 0.014459 0.013158 0.011390 0.009127 0.006396 0.003299 0.000000 
50.000000 40.917987 32.306302 24.562303 17.956256 12.608083 8.496590 5.493166 3.406796 2.027381 1.158566 0.636756 0.337607 0.173735 0.087870 0.044788 0.024069 0.014507 0.010269 0.008463 0.007722 0.007429 0.007317 0.007276 0.007262 0.007257 0.007255 0.007254 0.007254 0.007254 0.007254 0.007254 0.007254 0.007253 0.007251 0.007248 0.007240 0.007224 0.007194 0.007139 0.007041 0.006877 0.006616 0.006222 0.005657 0.004893 0.003917 0.002743 0.001414 0.000000 
50.000000 40.917215 32.304797 24.560140 17.953532 12.604906 8.493065 5.489388 3.402842 2.023311 1.154422 0.632569 0.333396 0.169510 0.083637 0.040552 0.019831 0.010269 0.006030 0.004224 0.003483 0.003190 0.003078 0.003037 0.003023 0.003018 0.003016 0.003015 0.003015 0.003015 0.003015 0.003015 0.003015 0.003015 0.003014 0.003012 0.003009 0.003003 0.002990 0.002966 0.002925 0.002856 0.002746 0.002581 0.002345 0.002026 0.001621 0.001135 0.000585 0.000000 
50.000000 40.916885 32.304155 24.559218 17.952371 12.603551 8.491562 5.487777 3.401156 2.021576 1.152657 0.630785 0.331601 0.167709 0.081834 0.038747 0.018025 0.008463 0.004224 0.002417 0.001676 0.001383 0.001272 0.001231 0.001216 0.001211 0.001209 0.001209 0.001209 0.001209 0.001209 0.001209 0.001209 0.001208 0.001208 0.001207 0.001206 0.001203 0.001198 0.001189 0.001172 0.001144 0.001099 0.001032 0.000937 0.000810 0.000647 0.000453 0.000233 0.000000 
50.000000 40.916750 32.303892 24.558839 17.951894 12.602996 8.490945 5.487116 3.400465 2.020864 1.151932 0.630053 0.330864 0.166971 0.081094 0.038007 0.017284 0.007722 0.003483 0.001676 0.000935 0.000642 0.000531 0.000490 0.000475 0.000470 0.000468 0.000468 0.000468 0.000468 0.000468 0.000468 0.000468 0.000467 0.000467 0.000467 0.000467 0.000465 0.000463 0.000460 0.000453 0.000442 0.000425 0.000399 0.000362 0.000312 0.000250 0.000175 0.000090 0.000000 
50.000000 40.916697 32.303788 24.558690 17.951706 12.602776 8.490702 5.486855 3.400191 2.020583 1.151646 0.629764 0.330573 0.166679 0.080801 0.037714 0.016992 0.007429 0.003190 0.001383 0.000642 0.000349 0.000238 0.000197 0.000182 0.000177 0.000176 0.000175 0.000175 0.000175 0.000175 0.000175 0.000175 0.000175 0.000175 0.000175 0.000174 0.000174 0.000173 0.000172 0.000169 0.000165 0.000159 0.000149 0.000135 0.000116 0.000093 0.000065 0.000033 0.000000 
50.000000 40.916676 32.303748 24.558633 17.951634 12.602693 8.490609 5.486756 3.400087 2.020476 1.151537 0.629654 0.330463 0.166568 0.080690 0.037603 0.016880 0.007317 0.003079 0.001272 0.000531 0.000238 0.000126 0.000085 0.000071 0.000066 0.000064 0.000064 0.000063 0.000063 0.000063 0.000063 0.000063 0.000063 0.000063 0.000063 0.000063 0.000063 0.000063 0.000062 0.000061 0.000060 0.000057 0.000054 0.000049 0.000042 0.000034 0.000024 0.000012 0.000000 
50.000000 40.916669 32.303734 24.558612 17.951608 12.602662 8.490575 5.486719 3.400050 2.020437 1.151497 0.629614 0.330422 0.166527 0.080650 0.037562 0.016840 0.007277 0.003038 0.001231 0.000490 0.000197 0.000086 0.000045 0.000030 0.000025 0.000024 0.000023 0.000023 0.000023 0.000023 0.000023 0.000023 0.000023 0.000023 0.000023 0.000023 0.000023 0.000023 0.000022 0.000022 0.000022 0.000021 0.000019 0.000018 0.000015 0.000012 0.000008 0.000004 0.000000 
50.000000 40.916667 32.303729 24.558606 17.951600 12.602652 8.490565 5.486708 3.400038 2.020425 1.151485 0.629601 0.330409 0.166514 0.080637 0.037549 0.016827 0.007264 0.003025 0.001218 0.000477 0.000185 0.000073 0.000032 0.000017 0.000012 0.000011 0.000010 0.000010 0.000010 0.000010 0.000010 0.000010 0.000010 0.000010 0.000010 0.000010 0.000010 0.000010 0.000010 0.000010 0.000009 0.000009 0.000008 0.000008 0.000007 0.000005 0.000004 0.000002 0.000000 
50.000000 40.916667 32.303729 24.558606 17.951600 12.602652 8.490565 5.486708 3.400038 2.020425 1.151485 0.629601 0.330409 0.166514 0.080637 0.037549 0.016827 0.007264 0.003025 0.001218 0.000477 0.000185 0.000073 0.000032 0.000017 0.000012 0.000011 0.000010 0.000010 0.000010 0.000010 0.000010 0.000010 0.000010 0.000010 0.000010 0.000010 0.000010 0.000010 0.000010 0.000010 0.000009 0.000009 0.000008 0.000008 0.000007 0.000005 0.000004 0.000002 0.000000 
50.000000 40.916669 32.303734 24.558612 17.951608 12.602662 8.490575 5.486719 3.400050 2.020437 1.151497 0.629614 0.330422 0.166527 0.080650 0.037562 0.016840 0.007277 0.003038 0.001231 0.000490 0.000197 0.000086 0.000045 0.000030 0.000025 0.000024 0.000023 0.000023 0.000023 0.000023 0.000023 0.000023 0.000023 0.000023 0.000023 0.000023 0.000023 0.000023 0.000022 0.000022 0.000022 0.000021 0.000019 0.000018 0.000015 0.000012 0.000008 0.000004 0.000000 
50.000000 40.916676 32.303748 24.558633 17.951634 12.602693 8.490609 5.486756 3.400087 2.020476 1.151537 0.629654 0.330463 0.166568 0.080690 0.037603 0.016880 0.007317 0.003079 0.001272 0.000531 0.000238 0.000126 0.000085 0.000071 0.000066 0.000064 0.000064 0.000063 0.000063 0.000063 0.000063 0.000063 0.000063 0.000063 0.000063 0.000063 0.000063 0.000063 0.000062 0.000061 0.000060 0.000057 0.000054 0.000049 0.000042 0.000034 0.000024 0.000012 0.000000 
50.000000 40.916697 32.303788 24.558690 17.951706 12.602776 8.490702 5.486855 3.400191 2.020583 1.151646 0.629764 0.330573 0.166679 0.080801 0.037714 0.016992 0.007429 0.003190 0.001383 0.000642 0.000349 0.000238 0.000197 0.000182 0.000177 0.000176 0.000175 0.000175 0.000175 0.000175 0.000175 0.000175 0.000175 0.000175 0.000175 0.000174 0.000174 0.000173 0.000172 0.000169 0.000165 0.000159 0.000149 0.000135 0.000116 0.000093 0.000065 0.000033 0.000000 
50.000000 40.916750 32.303892 24.558839 17.951894 12.602996 8.490945 5.487116 3.400465 2.020864 1.151932 0.630053 0.330864 0.166971 0.081094 0.038007 0.017284 0.007722 0.003483 0.001676 0.000935 0.000642 0.000531 0.000490 0.000475 0.000470 0.000468 0.000468 0.000468 0.000468 0.000468 0.000468 0.000468 0.000467 0.000467 0.000467 0.000467 0.000465 0.000463 0.000460 0.000453 0.000442 0.000425 0.000399 0.000362 0.000312 0.000250 0.000175 0.000090 0.000000 
50.000000 40.916885 32.304155 24.559218 17.952371 12.603551 8.491562 5.487777 3.401156 2.021576 1.152657 0.630785 0.331601 0.167709 0.081834 0.038747 0.018025 0.008463 0.004224 0.002417 0.001676 0.001383 0.001272 0.001231 0.001216 0.001211 0.001209 0.001209 0.001209 0.001209 0.001209 0.001209 0.001209 0.001208 0.001208 0.001207 0.001206 0.001203 0.001198 0.001189 0.001172 0.001144 0.001099 0.001032 0.000937 0.000810 0.000647 0.000453 0.000233 0.000000 
50.000000 40.917215 32.304797 24.560140 17.953532 12.604906 8.493065 5.489388 3.402842 2.023311 1.154422 0.632569 0.333396 0.169510 0.083637 0.040552 0.019831 0.010269 0.006030 0.004224 0.003483 0.003190 0.003078 0.003037 0.003023 0.003018 0.003016 0.003015 0.003015 0.003015 0.003015 0.003015 0.003015 0.003015 0.003014 0.003012 0.003009 0.003003 0.002990 0.002966 0.002925 0.002856 0.002746 0.002581 0.002345 0.002026 0.001621 0.001135 0.000585 0.000000 
50.000000 40.917987 32.306302 24.562303 17.956256 12.608083 8.496590 5.493166 3.406796 2.027381 1.158566 0.636756 0.337607 0.173735 0.087870 0.044788 0.024069 0.014507 0.010269 0.008463 0.007722 0.007429 0.007317 0.007276 0.007262 0.007257 0.007255 0.007254 0.007254 0.007254 0.007254 0.007254 0.007254 0.007253 0.007251 0.007248 0.007240 0.007224 0.007194 0.007139 0.007041 0.006877 0.006616 0.006222 0.005657 0.004893 0.003917 0.002743 0.001414 0.000000 
50.000000 40.919730 32.309696 24.567182 17.962399 12.615249 8.504541 5.501690 3.415717 2.036563 1.167912 0.646201 0.347108 0.183267 0.097418 0.054344 0.033629 0.024069 0.019831 0.018025 0.017284 0.016992 0.016880 0.016839 0.016825 0.016820 0.016818 0.016817 0.016817 0.016817 0.016817 0.016817 0.016816 0.016814 0.016811 0.016803 0.016785 0.016750 0.016683 0.016557 0.016335 0.015962 0.015365 0.014459 0.013158 0.011390 0.009127 0.006396 0.003299 0.000000 
50.000000 40.923504 32.317049 24.577750 17.975708 12.630775 8.521768 5.520158 3.435045 2.056459 1.188165 0.666667 0.367697 0.203922 0.118107 0.075051 0.054344 0.044788 0.040552 0.038747 0.038007 0.037714 0.037602 0.037561 0.037547 0.037542 0.037540 0.037540 0.037539 0.037539 0.037539 0.037538 0.037537 0.037534 0.037526 0.037508 0.037471 0.037396 0.037250 0.036978 0.036494 0.035678 0.034366 0.032368 0.029483 0.025550 0.020493 0.014374 0.007419 0.000000 
50.000000 40.931350 32.332332 24.599718 18.003375 12.663050 8.557582 5.558553 3.475230 2.097825 1.230273 0.709221 0.410505 0.246869 0.161127 0.118107 0.097418 0.087870 0.083637 0.081834 0.081094 0.080801 0.080690 0.080649 0.080634 0.080629 0.080628 0.080627 0.080627 0.080627 0.080626 0.080625 0.080622 0.080615 0.080599 0.080564 0.080488 0.080333 0.080030 0.079465 0.078457 0.076746 0.073982 0.069749 0.063607 0.055191 0.044321 0.031120 0.016072 0.000000 
50.000000 40.946983 32.362785 24.643492 18.058504 12.727365 8.628951 5.635068 3.555315 2.180267 1.314196 0.794032 0.495824 0.332466 0.246869 0.203922 0.183267 0.173735 0.169510 0.167709 0.166971 0.166679 0.166567 0.166527 0.166512 0.166507 0.166505 0.166505 0.166505 0.166504 0.166503 0.166501 0.166495 0.166482 0.166451 0.166381 0.166233 0.165929 0.165331 0.164210 0.162199 0.158766 0.153189 0.144593 0.132045 0.114748 0.092286 0.064880 0.033537 0.000000 
50.000000 40.976809 32.420886 24.727010 18.163693 12.850085 8.765135 5.781078 3.708142 2.337595 1.474355 0.955887 0.658651 0.495824 0.410505 0.367697 0.347108 0.337607 0.333396 0.331601 0.330864 0.330573 0.330462 0.330422 0.330407 0.330402 0.330400 0.330400 0.330399 0.330399 0.330397 0.330393 0.330383 0.330358 0.330300 0.330172 0.329895 0.329325 0.328201 0.326078 0.322251 0.315671 0.304911 0.288203 0.263638 0.229530 0.184941 0.130226 0.067387 0.000000 
50.000000 41.031240 32.526922 24.879437 18.355674 13.074070 9.013705 6.047591 3.987106 2.624781 1.766713 1.251348 0.955887 0.794032 0.709221 0.666667 0.646201 0.636756 0.632569 0.630785 0.630053 0.629764 0.629653 0.629613 0.629598 0.629593 0.629592 0.629591 0.629591 0.629590 0.629587 0.629580 0.629562 0.629518 0.629417 0.629190 0.628701 0.627687 0.625674 0.621852 0.614912 0.602894 0.583081 0.552056 0.506039 0.441586 0.356629 0.251631 0.130393 0.000000 
50.000000 41.126160 32.711836 25.145255 18.690483 13.464704 9.447229 6.512423 4.473669 3.125697 2.276661 1.766713 1.474355 1.314196 1.230273 1.188165 1.167912 1.158566 1.154422 1.152657 1.151932 1.151646 1.151537 1.151497 1.151482 1.151477 1.151476 1.151475 1.151474 1.151473 1.151468 1.151456 1.151427 1.151355 1.151187 1.150808 1.149987 1.148277 1.144862 1.138330 1.126382 1.105512 1.070784 1.015857 0.933526 0.816972 0.661751 0.468152 0.243042 0.000000 
50.000000 41.284165 33.019646 25.587751 19.247838 14.115011 10.168959 7.286297 5.283740 3.959684 3.125697 2.624781 2.337595 2.180267 2.097825 2.056459 2.036563 2.027381 2.023311 2.021576 2.020864 2.020583 2.020476 2.020436 2.020422 2.020417 2.020416 2.020415 2.020414 2.020411 2.020404 2.020386 2.020340 2.020228 2.019965 2.019368 2.018068 2.015344 2.009869 1.999316 1.979842 1.945498 1.887726 1.795266 1.654908 1.453571 1.181928 0.839083 0.436705 0.000000 
50.000000 41.534970 33.508251 26.290163 20.132597 15.147351 11.314713 8.514862 6.569803 5.283740 4.473669 3.987106 3.708142 3.555315 3.475230 3.435045 3.415717 3.406796 3.402842 3.401156 3.400465 3.400191 3.400087 3.400049 3.400035 3.400031 3.400029 3.400028 3.400026 3.400023 3.400013 3.399986 3.399919 3.399755 3.399367 3.398484 3.396549 3.392471 3.384211 3.368156 3.338243 3.284902 3.194048 3.046599 2.819303 2.487881 2.033221 1.450341 0.757499 0.000000 
50.000000 41.914237 34.247125 27.352375 21.470590 16.708565 13.047487 10.372921 8.514862 7.286297 6.512423 6.047591 5.781078 5.635068 5.558553 5.520158 5.501690 5.493166 5.489388 5.487777 5.487116 5.486855 5.486755 5.486719 5.486706 5.486701 5.486699 5.486698 5.486696 5.486691 5.486678 5.486642 5.486550 5.486325 5.485792 5.484570 5.481879 5.476168 5.464509 5.441639 5.398571 5.320814 5.186461 4.964798 4.616699 4.098661 3.372536 2.421830 1.271409 0.000000 
50.000000 42.460109 35.310582 28.881236 23.396425 18.955742 15.541660 13.047487 11.314713 10.168959 9.447229 9.013705 8.765135 8.628951 8.557582 8.521768 8.504541 8.496590 8.493065 8.491562 8.490945 8.490702 8.490609 8.490575 8.490562 8.490558 8.490557 8.490555 8.490553 8.490547 8.490529 8.490484 8.490368 8.490082 8.489400 8.487833 8.484358 8.476932 8.461648 8.431373 8.373693 8.268114 8.082690 7.770830 7.269996 6.505371 5.403082 3.917617 2.072913 0.000000 
50.000000 43.207254 36.766168 30.973861 26.032451 22.031670 18.955742 16.708565 15.147351 14.115011 13.464704 13.074070 12.850085 12.727365 12.663050 12.630775 12.615249 12.608083 12.604906 12.603551 12.602996 12.602776 12.602692 12.602662 12.602651 12.602647 12.602645 12.602644 12.602641 12.602634 12.602614 12.602561 12.602426 12.602092 12.601292 12.599443 12.595320 12.586446 12.568030 12.531178 12.460102 12.328048 12.091867 11.685746 11.015835 9.959937 8.380568 6.164770 3.303899 0.000000 
50.000000 44.178999 38.659332 33.695602 29.461008 26.032451 23.396425 21.470590 20.132597 19.247838 18.690483 18.355674 18.163693 18.058504 18.003375 17.975708 17.962399 17.956256 17.953532 17.952371 17.951894 17.951706 17.951634 17.951608 17.951598 17.951595 17.951594 17.951592 17.951589 17.951582 17.951561 17.951505 17.951363 17.951009 17.950158 17.948184 17.943756 17.934163 17.914089 17.873511 17.794267 17.644716 17.371929 16.891054 16.072514 14.730504 12.623601 9.494573 5.202513 0.000000 
50.000000 45.379165 40.997522 37.057172 33.695602 30.973861 28.881236 27.352375 26.290163 25.587751 25.145255 24.879437 24.727010 24.643492 24.599718 24.577750 24.567182 24.562303 24.560140 24.559218 24.558839 24.558690 24.558633 24.558612 24.558604 24.558602 24.558601 24.558599 24.558597 24.558590 24.558570 24.558519 24.558386 24.558055 24.557257 24.555397 24.551205 24.542069 24.522808 24.483504 24.405823 24.256941 23.979838 23.478154 22.593292 21.072001 18.528586 14.432434 8.240002 0.000000 
50.000000 46.785954 43.738273 40.997522 38.659332 36.766168 35.310582 34.247125 33.508251 33.019646 32.711836 32.526922 32.420886 32.362785 32.332332 32.317049 32.309696 32.306302 32.304797 32.304155 32.303892 32.303788 32.303748 32.303734 32.303728 32.303727 32.303726 32.303725 32.303723 32.303717 32.303702 32.303662 32.303559 32.303300 32.302675 32.301213 32.297905 32.290660 32.275291 32.243683 32.180563 32.057910 31.825295 31.392966 30.601398 29.164759 26.565088 21.869136 13.531685 0.000000 
50.000000 48.350282 46.785954 45.379165 44.178999 43.207254 42.460109 41.914237 41.534970 41.284165 41.126160 41.031240 40.976809 40.946983 40.931350 40.923504 40.919730 40.917987 40.917215 40.916885 40.916750 40.916697 40.916676 40.916669 40.916666 40.916665 40.916665 40.916664 40.916663 40.916660 40.916652 40.916630 40.916573 40.916431 40.916086 40.915278 40.913446 40.909421 40.900847 40.883119 40.847459 40.777472 40.642828 40.387196 39.903355 38.976486 37.139163 33.254269 24.175141 0.000000 
50.000000 50.000000 50.000000 50.000000 50.000000 50.000000 50.000000 50.000000 50.000000 50.000000 50.000000 50.000000 50.000000 50.000000 50.000000 50.000000 50.000000 50.000000 50.000000 50.000000 50.000000 50.000000 50.000000 50.000000 50.000000 50.000000 50.000000 50.000000 50.000000 50.000000 50.000000 50.000000 50.000000 50.000000 50.000000 50.000000 50.000000 50.000000 50.000000 50.000000 50.000000 50.000000 50.000000 50.000000 50.000000 50.000000 50.000000 50.000000 50.000000 50.000000 
