50.000000 50.000000 50.000000 50.000000 50.000000 50.000000 50.000000 50.000000 50.000000 50.000000 50.000000 50.000000 50.000000 50.000000 50.000000 50.000000 50.000000 50.000000 50.000000 50.000000 50.000000 50.000000 50.000000 50.000000 50.000000 50.000000 50.000000 50.000000 50.000000 50.000000 50.000000 50.000000 50.000000 50.000000 50.000000 50.000000 50.000000 50.000000 50.000000 50.000000 50.000000 50.000000 50.000000 50.000000 50.000000 50.000000 50.000000 50.000000 50.000000 50.000000 
50.000000 49.055816 48.139620 47.276913 46.488588 45.789477 45.187703 44.684872 44.276951 43.955605 43.709741 43.526999 43.395021 43.302382 43.239166 43.197217 43.170139 43.153133 43.142737 43.136549 43.132963 43.130937 43.129821 43.129221 43.128903 43.128733 43.128632 43.128550 43.128443 43.128258 43.127913 43.127260 43.126044 43.123821 43.119835 43.112816 43.100678 43.080031 43.045437 42.988219 42.894537 42.742124 42.494418 42.089231 41.414846 40.254399 38.141844 33.945450 24.527908 0.000000 
50.000000 48.139620 46.334387 44.634546 43.081268 41.703772 40.518066 39.527316 38.723572 38.090412 37.605976 37.245914 36.985875 36.803347 36.678792 36.596140 36.542789 36.509281 36.488798 36.476607 36.469540 36.465548 36.463350 36.462168 36.461542 36.461208 36.461011 36.460852 36.460648 36.460298 36.459643 36.458407 36.456110 36.451917 36.444407 36.431212 36.408447 36.369844 36.305415 36.199397 36.027007 35.749209 35.303888 34.590321 33.440572 31.564997 28.448248 23.167193 14.194170 0.000000 
50.000000 47.276913 44.634546 42.146447 39.872879 37.856610 36.121073 34.670899 33.494452 32.567692 31.858625 31.331605 30.950989 30.683827 30.501520 30.380544 30.302457 30.253414 30.223434 30.205591 30.195248 30.189406 30.186189 30.184458 30.183544 30.183057 30.182772 30.182546 30.182263 30.181781 30.180883 30.179194 30.176059 30.170348 30.160147 30.142279 30.111570 30.059742 29.973759 29.833358 29.607360 29.248077 28.682743 27.800235 26.430667 24.315703 21.073224 16.186298 9.135069 0.000000 
50.000000 46.488588 43.081268 39.872879 36.941131 34.341174 32.103224 30.233253 28.716252 27.521224 26.606908 25.927338 25.436554 25.092065 24.856992 24.701003 24.600317 24.537081 24.498425 24.475418 24.462082 24.454550 24.450402 24.448172 24.446994 24.446369 24.446008 24.445729 24.445389 24.444820 24.443764 24.441784 24.438119 24.431460 24.419608 24.398931 24.363569 24.304246 24.206562 24.048551 23.797250 23.403917 22.797541 21.876356 20.497882 18.470565 15.557176 11.516270 6.234189 0.000000 
50.000000 45.789477 41.703772 37.856610 34.341174 31.223595 28.540104 26.297860 24.478864 23.045944 21.949624 21.134785 20.546313 20.133258 19.851400 19.664368 19.543645 19.467826 19.421478 19.393894 19.377905 19.368874 19.363901 19.361228 19.359818 19.359072 19.358648 19.358332 19.357960 19.357349 19.356225 19.354126 19.350251 19.343236 19.330799 19.309206 19.272485 19.211304 19.111403 18.951470 18.700358 18.313611 17.729402 16.864495 15.611798 13.843292 11.425943 8.263200 4.374631 0.000000 
50.000000 45.187703 40.518066 36.121073 32.103224 28.540104 25.473120 22.910452 20.831527 19.193858 17.940893 17.009634 16.337090 15.865029 15.542910 15.329163 15.191199 15.104552 15.051586 15.020064 15.001791 14.991472 14.985790 14.982736 14.981127 14.980280 14.979805 14.979466 14.979085 14.978476 14.977366 14.975301 14.971505 14.964660 14.952578 14.931709 14.896438 14.838102 14.743682 14.594118 14.362296 14.010817 13.489948 12.736560 11.675609 10.226868 8.320837 5.927745 3.098472 0.000000 
50.000000 44.684872 39.527316 34.670899 30.233253 26.297860 22.910452 20.080063 17.783966 15.975231 14.591396 13.562877 12.820099 12.298745 11.942993 11.706932 11.554566 11.458875 11.400383 11.365571 11.345392 11.333997 11.327723 11.324352 11.322577 11.321648 11.321135 11.320784 11.320414 11.319841 11.318809 11.316902 11.313409 11.307137 11.296118 11.277189 11.245400 11.193216 11.109495 10.978260 10.777352 10.477188 10.040031 9.420504 8.568457 7.435712 5.988156 4.223428 2.190455 0.000000 
50.000000 44.276951 38.723572 33.494452 28.716252 24.478864 20.831527 17.783966 15.311707 13.364214 11.874227 10.766822 9.967080 9.405749 9.022722 8.768565 8.604521 8.501497 8.438523 8.401044 8.379321 8.367053 8.360299 8.356671 8.354763 8.353768 8.353229 8.352877 8.352530 8.352016 8.351107 8.349437 8.346392 8.340949 8.331432 8.315174 8.288045 8.243840 8.173526 8.064403 7.899273 7.655853 7.306778 6.820710 6.165253 5.312335 4.246375 2.974363 1.534828 0.000000 
50.000000 43.955605 38.090412 32.567692 27.521224 23.045944 19.193858 15.975231 13.364214 11.307429 9.733836 8.564301 7.719698 7.126884 6.722378 6.453972 6.280733 6.171936 6.105433 6.065855 6.042915 6.029961 6.022830 6.019000 6.016988 6.015943 6.015386 6.015039 6.014724 6.014282 6.013516 6.012122 6.009593 6.005092 5.997262 5.983958 5.961898 5.926207 5.869901 5.783330 5.653715 5.464942 5.197880 4.831562 4.345586 3.723975 2.960332 2.063404 1.061068 0.000000 
50.000000 43.709741 37.605976 31.858625 26.606908 21.949624 17.940893 14.591396 11.874227 9.733836 8.096289 6.879229 6.000313 5.383420 4.962488 4.683185 4.502914 4.389703 4.320502 4.279320 4.255450 4.241970 4.234551 4.230567 4.228476 4.227394 4.226826 4.226489 4.226207 4.225839 4.225221 4.224107 4.222096 4.218536 4.212371 4.201953 4.184781 4.157189 4.113991 4.048144 3.950506 3.809825 3.613136 3.346774 2.998154 2.558356 2.025267 1.406580 0.721522 0.000000 
50.000000 43.526999 37.245914 31.331605 25.927338 21.134785 17.009634 13.562877 10.766822 8.564301 6.879229 5.626857 4.722445 4.087662 3.654527 3.367129 3.181635 3.065145 2.993941 2.951566 2.927005 2.913136 2.905503 2.901405 2.899256 2.898148 2.897573 2.897246 2.896997 2.896700 2.896218 2.895362 2.893829 2.891124 2.886465 2.878631 2.865792 2.845293 2.813429 2.765238 2.694400 2.593295 2.453381 2.265953 2.023381 1.720777 1.357846 0.940499 0.481561 0.000000 
50.000000 43.395021 36.985875 30.950989 25.436554 20.546313 16.337090 12.820099 9.967080 7.719698 6.000313 4.722445 3.799627 3.151930 2.709985 2.416744 2.227481 2.108624 2.035974 1.992739 1.967681 1.953530 1.945743 1.941563 1.939372 1.938245 1.937667 1.937351 1.937131 1.936894 1.936531 1.935898 1.934771 1.932795 1.929404 1.923732 1.914487 1.899813 1.877152 1.843124 1.793490 1.723241 1.626883 1.498988 1.335008 1.132308 0.891247 0.616031 0.314989 0.000000 
50.000000 43.302382 36.803347 30.683827 25.092065 20.133258 15.865029 12.298745 9.405749 7.126884 5.383420 4.087663 3.151930 2.495172 2.047047 1.749708 1.557800 1.437283 1.363620 1.319782 1.294374 1.280027 1.272131 1.267893 1.265674 1.264535 1.263955 1.263648 1.263453 1.263266 1.262999 1.262546 1.261747 1.260354 1.257974 1.254012 1.247586 1.237443 1.221871 1.198639 1.164986 1.117704 1.053345 0.968592 0.860774 0.728496 0.572258 0.394900 0.201704 0.000000 
50.000000 43.239166 36.678792 30.501520 24.856992 19.851400 15.542910 11.942993 9.022722 6.722378 4.962488 3.654527 2.709985 2.047047 1.594708 1.294574 1.100863 0.979215 0.904860 0.860611 0.834965 0.820483 0.812514 0.808237 0.805998 0.804851 0.804271 0.803972 0.803795 0.803647 0.803455 0.803140 0.802593 0.801644 0.800030 0.797354 0.793036 0.786253 0.775897 0.760536 0.738420 0.707548 0.665805 0.611201 0.542195 0.458061 0.359241 0.247580 0.126350 0.000000 
50.000000 43.197217 36.596140 30.380545 24.701004 19.664368 15.329164 11.706932 8.768566 6.453973 4.683186 3.367130 2.416745 1.749708 1.294574 0.992586 0.797680 0.675281 0.600468 0.555947 0.530143 0.515573 0.507554 0.503252 0.501000 0.499848 0.499268 0.498974 0.498812 0.498693 0.498555 0.498343 0.497979 0.497353 0.496294 0.494545 0.491735 0.487341 0.480666 0.470815 0.456712 0.437134 0.410815 0.376586 0.333570 0.281396 0.220398 0.151733 0.077382 0.000000 
50.000000 43.170140 36.542789 30.302458 24.600318 19.543646 15.191200 11.554567 8.604522 6.280734 4.502916 3.181637 2.227482 1.557802 1.100864 0.797681 0.602004 0.479122 0.404013 0.359316 0.333411 0.318783 0.310733 0.306414 0.304154 0.302998 0.302419 0.302130 0.301977 0.301878 0.301780 0.301639 0.301405 0.301004 0.300331 0.299223 0.297450 0.294689 0.290514 0.284382 0.275644 0.263575 0.247432 0.226541 0.200411 0.168858 0.132111 0.090873 0.046319 0.000000 
50.000000 43.153134 36.509282 30.253416 24.537083 19.467828 15.104554 11.458878 8.501501 6.171939 4.389706 3.065148 2.108627 1.437287 0.979218 0.675285 0.479124 0.355938 0.280644 0.235837 0.209868 0.195204 0.187134 0.182805 0.180539 0.179382 0.178803 0.178517 0.178372 0.178287 0.178215 0.178122 0.177975 0.177726 0.177310 0.176630 0.175544 0.173860 0.171323 0.167613 0.162350 0.155112 0.145473 0.133052 0.117580 0.098966 0.077358 0.053173 0.027090 0.000000 
50.000000 43.142738 36.488801 30.223438 24.498430 19.421484 15.051593 11.400390 8.438531 6.105441 4.320511 2.993949 2.035983 1.363629 0.904869 0.600477 0.404021 0.280649 0.205242 0.160368 0.134360 0.119674 0.111593 0.107257 0.104988 0.103829 0.103251 0.102967 0.102826 0.102750 0.102696 0.102635 0.102544 0.102394 0.102144 0.101738 0.101092 0.100094 0.098596 0.096413 0.093328 0.089102 0.083495 0.076298 0.067364 0.056651 0.044248 0.030396 0.015480 0.000000 
50.000000 43.136552 36.476613 30.205600 24.475430 19.393908 15.020079 11.365588 8.401063 6.065875 4.279340 2.951587 1.992760 1.319803 0.860632 0.555968 0.359336 0.235855 0.160380 0.115466 0.089435 0.074736 0.066647 0.062308 0.060037 0.058878 0.058300 0.058017 0.057879 0.057809 0.057765 0.057725 0.057669 0.057581 0.057435 0.057199 0.056826 0.056250 0.055389 0.054139 0.052378 0.049974 0.046796 0.042729 0.037696 0.031677 0.024726 0.016977 0.008643 0.000000 
50.000000 43.132970 36.469554 30.195268 24.462109 19.377936 15.001827 11.345432 8.379363 6.042960 4.255496 2.927053 1.967729 1.294423 0.835014 0.530192 0.333459 0.209913 0.134400 0.089463 0.063418 0.048712 0.040619 0.036277 0.034006 0.032846 0.032268 0.031986 0.031850 0.031784 0.031747 0.031718 0.031684 0.031633 0.031550 0.031417 0.031206 0.030883 0.030401 0.029703 0.028723 0.027389 0.025631 0.023387 0.020619 0.017315 0.013508 0.009270 0.004718 0.000000 
50.000000 43.130953 36.465580 30.189452 24.454609 19.368945 14.991553 11.334085 8.367148 6.030061 4.242074 2.913243 1.953639 1.280136 0.820593 0.515683 0.318892 0.195311 0.119776 0.074826 0.048774 0.034063 0.025968 0.021625 0.019353 0.018193 0.017615 0.017334 0.017199 0.017134 0.017101 0.017080 0.017059 0.017029 0.016983 0.016909 0.016793 0.016616 0.016352 0.015970 0.015437 0.014712 0.013760 0.012548 0.011056 0.009280 0.007236 0.004964 0.002526 0.000000 
50.000000 43.129856 36.463420 30.186290 24.450533 19.364057 14.985968 11.327918 8.360508 6.023049 4.234778 2.905736 1.945980 1.272371 0.812756 0.507797 0.310975 0.187375 0.111828 0.066871 0.040814 0.026101 0.018005 0.013662 0.011389 0.010229 0.009651 0.009370 0.009236 0.009173 0.009142 0.009124 0.009110 0.009093 0.009067 0.009027 0.008963 0.008867 0.008724 0.008517 0.008229 0.007840 0.007328 0.006679 0.005882 0.004934 0.003846 0.002637 0.001342 0.000000 
50.000000 43.129297 36.462318 30.184677 24.448453 19.361564 14.983118 11.324771 8.357120 6.019472 4.231056 2.901907 1.942073 1.268409 0.808757 0.503774 0.306936 0.183326 0.107773 0.062812 0.036753 0.022040 0.013943 0.009599 0.007326 0.006166 0.005588 0.005307 0.005173 0.005111 0.005081 0.005066 0.005055 0.005044 0.005029 0.005006 0.004970 0.004916 0.004835 0.004719 0.004558 0.004340 0.004055 0.003694 0.003251 0.002726 0.002124 0.001456 0.000741 0.000000 
50.000000 43.129063 36.461858 30.184004 24.447585 19.360523 14.981929 11.323458 8.355707 6.017980 4.229503 2.900309 1.940443 1.266757 0.807089 0.502095 0.305251 0.181637 0.106081 0.061119 0.035059 0.020345 0.012248 0.007904 0.005631 0.004471 0.003893 0.003612 0.003478 0.003416 0.003387 0.003373 0.003364 0.003356 0.003345 0.003329 0.003305 0.003268 0.003214 0.003136 0.003028 0.002882 0.002692 0.002451 0.002157 0.001808 0.001408 0.000965 0.000491 0.000000 
50.000000 43.129063 36.461858 30.184004 24.447585 19.360523 14.981929 11.323458 8.355707 6.017980 4.229503 2.900309 1.940443 1.266757 0.807089 0.502095 0.305251 0.181637 0.106081 0.061119 0.035059 0.020345 0.012248 0.007904 0.005631 0.004471 0.003893 0.003612 0.003478 0.003416 0.003387 0.003373 0.003364 0.003356 0.003345 0.003329 0.003305 0.003268 0.003214 0.003136 0.003028 0.002882 0.002692 0.002451 0.002157 0.001808 0.001408 0.000965 0.000491 0.000000 
50.000000 43.129297 36.462318 30.184677 24.448453 19.361564 14.983118 11.324771 8.357120 6.019472 4.231056 2.901907 1.942073 1.268409 0.808757 0.503774 0.306936 0.183326 0.107773 0.062812 0.036753 0.022040 0.013943 0.009599 0.007326 0.006166 0.005588 0.005307 0.005173 0.005111 0.005081 0.005066 0.005055 0.005044 0.005029 0.005006 0.004970 0.004916 0.004835 0.004719 0.004558 0.004340 0.004055 0.003694 0.003251 0.002726 0.002124 0.001456 0.000741 0.000000 
50.000000 43.129856 36.463420 30.186290 24.450533 19.364057 14.985968 11.327918 8.360508 6.023049 4.234778 2.905736 1.945980 1.272371 0.812756 0.507797 0.310975 0.187375 0.111828 0.066871 0.040814 0.026101 0.018005 0.013662 0.011389 0.010229 0.009651 0.009370 0.009236 0.009173 0.009142 0.009124 0.009110 0.009093 0.009067 0.009027 0.008963 0.008867 0.008724 0.008517 0.008229 0.007840 0.007328 0.006679 0.005882 0.004934 0.003846 0.002637 0.001342 0.000000 
50.000000 43.130953 36.465580 30.189452 24.454609 19.368945 14.991553 11.334085 8.367148 6.030061 4.242074 2.913243 1.953639 1.280136 0.820593 0.515683 0.318892 0.195311 0.119776 0.074826 0.048774 0.034063 0.025968 0.021625 0.019353 0.018193 0.017615 0.017334 0.017199 0.017134 0.017101 0.017080 0.017059 0.017029 0.016983 0.016909 0.016793 0.016616 0.016352 0.015970 0.015437 0.014712 0.013760 0.012548 0.011056 0.009280 0.007236 0.004964 0.002526 0.000000 
50.000000 43.132970 36.469554 30.195268 24.462109 19.377936 15.001827 11.345432 8.379363 6.042960 4.255496 2.927053 1.967729 1.294423 0.835014 0.530192 0.333459 0.209913 0.134400 0.089463 0.063418 0.048712 0.040619 0.036277 0.034006 0.032846 0.032268 0.031986 0.031850 0.031784 0.031747 0.031718 0.031684 0.031633 0.031550 0.031417 0.031206 0.030883 0.030401 0.029703 0.028723 0.027389 0.025631 0.023387 0.020619 0.017315 0.013508 0.009270 0.004718 0.000000 
50.000000 43.136552 36.476613 30.205600 24.475430 19.393908 15.020079 11.365588 8.401063 6.065875 4.279340 2.951587 1.992760 1.319803 0.860632 0.555968 0.359336 0.235855 0.160380 0.115466 0.089435 0.074736 0.066647 0.062308 0.060037 0.058878 0.058300 0.058017 0.057879 0.057809 0.057765 0.057725 0.057669 0.057581 0.057435 0.057199 0.056826 0.056250 0.055389 0.054139 0.052378 0.049974 0.046796 0.042729 0.037696 0.031677 0.024726 0.016977 0.008643 0.000000 
50.000000 43.142738 36.488801 30.223438 24.498430 19.421484 15.051593 11.400390 8.438531 6.105441 4.320511 2.993949 2.035983 1.363629 0.904869 0.600477 0.404021 0.280649 0.205242 0.160368 0.134360 0.119674 0.111593 0.107257 0.104988 0.103829 0.103251 0.102967 0.102826 0.102750 0.102696 0.102635 0.102544 0.102394 0.102144 0.101738 0.101092 0.100094 0.098596 0.096413 0.093328 0.089102 0.083495 0.076298 0.067364 0.056651 0.044248 0.030396 0.015480 0.000000 
50.000000 43.153134 36.509282 30.253416 24.537083 19.467828 15.104554 11.458878 8.501501 6.171939 4.389706 3.065148 2.108627 1.437287 0.979218 0.675285 0.479124 0.355938 0.280644 0.235837 0.209868 0.195204 0.187134 0.182805 0.180539 0.179382 0.178803 0.178517 0.178372 0.178287 0.178215 0.178122 0.177975 0.177726 0.177310 0.176630 0.175544 0.173860 0.171323 0.167613 0.162350 0.155112 0.145473 0.133052 0.117580 0.098966 0.077358 0.053173 0.027090 0.000000 
50.000000 43.170140 36.542789 30.302458 24.600318 19.543646 15.191200 11.554567 8.604522 6.280734 4.502916 3.181637 2.227482 1.557802 1.100864 0.797681 0.602004 0.479122 0.404013 0.359316 0.333411 0.318783 0.310733 0.306414 0.304154 0.302998 0.302419 0.302130 0.301977 0.301878 0.301780 0.301639 0.301405 0.301004 0.300331 0.299223 0.297450 0.294689 0.290514 0.284382 0.275644 0.263575 0.247432 0.226541 0.200411 0.168858 0.132111 0.090873 0.046319 0.000000 
50.000000 43.197217 36.596140 30.380545 24.701004 19.664368 15.329164 11.706932 8.768566 6.453973 4.683186 3.367130 2.416745 1.749708 1.294574 0.992586 0.797680 0.675281 0.600468 0.555947 0.530143 0.515573 0.507554 0.503252 0.501000 0.499848 0.499268 0.498974 0.498812 0.498693 0.498555 0.498343 0.497979 0.497353 0.496294 0.494545 0.491735 0.487341 0.480666 0.470815 0.456712 0.437134 0.410815 0.376586 0.333570 0.281396 0.220398 0.151733 0.077382 0.000000 
50.000000 43.239166 36.678792 30.501520 24.856992 19.851400 15.542910 11.942993 9.022722 6.722378 4.962488 3.654527 2.709985 2.047047 1.594708 1.294574 1.100863 0.979215 0.904860 0.860611 0.834965 0.820483 0.812514 0.808237 0.805998 0.804851 0.804271 0.803972 0.803795 0.803647 0.803455 0.803140 0.802593 0.801644 0.800030 0.797354 0.793036 0.786253 0.775897 0.760536 0.738420 0.707548 0.665805 0.611201 0.542195 0.458061 0.359241 0.247580 0.126350 0.000000 
50.000000 43.302382 36.803347 30.683827 25.092065 20.133258 15.865029 12.298745 9.405749 7.126884 5.383420 4.087663 3.151930 2.495172 2.047047 1.749708 1.557800 1.437283 1.363620 1.319782 1.294374 1.280027 1.272131 1.267893 1.265674 1.264535 1.263955 1.263648 1.263453 1.263266 1.262999 1.262546 1.261747 1.260354 1.257974 1.254012 1.247586 1.237443 1.221871 1.198639 1.164986 1.117704 1.053345 0.968592 0.860774 0.728496 0.572258 0.394900 0.201704 0.000000 
50.000000 43.395021 36.985875 30.950989 25.436554 20.546313 16.337090 12.820099 9.967080 7.719698 6.000313 4.722445 3.799627 3.151930 2.709985 2.416744 2.227481 2.108624 2.035974 1.992739 1.967681 1.953530 1.945743 1.941563 1.939372 1.938245 1.937667 1.937351 1.937131 1.936894 1.936531 1.935898 1.934771 1.932795 1.929404 1.923732 1.914487 1.899813 1.877152 1.843124 1.793490 1.723241 1.626883 1.498988 1.335008 1.132308 0.891247 0.616031 0.314989 0.000000 
50.000000 43.526999 37.245914 31.331605 25.927338 21.134785 17.009634 13.562877 10.766822 8.564301 6.879229 5.626857 4.722445 4.087662 3.654527 3.367129 3.181635 3.065145 2.993941 2.951566 2.927005 2.913136 2.905503 2.901405 2.899256 2.898148 2.897573 2.897246 2.896997 2.896700 2.896218 2.895362 2.893829 2.891124 2.886465 2.878631 2.865792 2.845293 2.813429 2.765238 2.694400 2.593295 2.453381 2.265953 2.023381 1.720777 1.357846 0.940499 0.481561 0.000000 
50.000000 43.709741 37.605976 31.858625 26.606908 21.949624 17.940893 14.591396 11.874227 9.733836 8.096289 6.879229 6.000313 5.383420 4.962488 4.683185 4.502914 4.389703 4.320502 4.279320 4.255450 4.241970 4.234551 4.230567 4.228476 4.227394 4.226826 4.226489 4.226207 4.225839 4.225221 4.224107 4.222096 4.218536 4.212371 4.201953 4.184781 4.157189 4.113991 4.048144 3.950506 3.809825 3.613136 3.346774 2.998154 2.558356 2.025267 1.406580 0.721522 0.000000 
50.000000 43.955605 38.090412 32.567692 27.521224 23.045944 19.193858 15.975231 13.364214 11.307429 9.733836 8.564301 7.719698 7.126884 6.722378 6.453972 6.280733 6.171936 6.105433 6.065855 6.042915 6.029961 6.022830 6.019000 6.016988 6.015943 6.015386 6.015039 6.014724 6.014282 6.013516 6.012122 6.009593 6.005092 5.997262 5.983958 5.961898 5.926207 5.869901 5.783330 5.653715 5.464942 5.197880 4.831562 4.345586 3.723975 2.960332 2.063404 1.061068 0.000000 
50.000000 44.276951 38.723572 33.494452 28.716252 24.478864 20.831527 17.783966 15.311707 13.364214 11.874227 10.766822 9.967080 9.405749 9.022722 8.768565 8.604521 8.501497 8.438523 8.401044 8.379321 8.367053 8.360299 8.356671 8.354763 8.353768 8.353229 8.352877 8.352530 8.352016 8.351107 8.349437 8.346392 8.340949 8.331432 8.315174 8.288045 8.243840 8.173526 8.064403 7.899273 7.655853 7.306778 6.820710 6.165253 5.312335 4.246375 2.974363 1.534828 0.000000 
50.000000 44.684872 39.527316 34.670899 30.233253 26.297860 22.910452 20.080063 17.783966 15.975231 14.591396 13.562877 12.820099 12.298745 11.942993 11.706932 11.554566 11.458875 11.400383 11.365571 11.345392 11.333997 11.327723 11.324352 11.322577 11.321648 11.321135 11.320784 11.320414 11.319841 11.318809 11.316902 11.313409 11.307137 11.296118 11.277189 11.245400 11.193216 11.109495 10.978260 10.777352 10.477188 10.040031 9.420504 8.568457 7.435712 5.988156 4.223428 2.190455 0.000000 
50.000000 45.187703 40.518066 36.121073 32.103224 28.540104 25.473120 22.910452 20.831527 19.193858 17.940893 17.009634 16.337090 15.865029 15.542910 15.329163 15.191199 15.104552 15.051586 15.020064 15.001791 14.991472 14.985790 14.982736 14.981127 14.980280 14.979805 14.979466 14.979085 14.978476 14.977366 14.975301 14.971505 14.964660 14.952578 14.931709 14.896438 14.838102 14.743682 14.594118 14.362296 14.010817 13.489948 12.736560 11.675609 10.226868 8.320837 5.927745 3.098472 0.000000 
50.000000 45.789477 41.703772 37.856610 34.341174 31.223595 28.540104 26.297860 24.478864 23.045944 21.949624 21.134785 20.546313 20.133258 19.851400 19.664368 19.543645 19.467826 19.421478 19.393894 19.377905 19.368874 19.363901 19.361228 19.359818 19.359072 19.358648 19.358332 19.357960 19.357349 19.356225 19.354126 19.350251 19.343236 19.330799 19.309206 19.272485 19.211304 19.111403 18.951470 18.700358 18.313611 17.729402 16.864495 15.611798 13.843292 11.425943 8.263200 4.374631 0.000000 
50.000000 46.488588 43.081268 39.872879 36.941131 34.341174 32.103224 30.233253 28.716252 27.521224 26.606908 25.927338 25.436554 25.092065 24.856992 24.701003 24.600317 24.537081 24.498425 24.475418 24.462082 24.454550 24.450402 24.448172 24.446994 24.446369 24.446008 24.445729 24.445389 24.444820 24.443764 24.441784 24.438119 24.431460 24.419608 24.398931 24.363569 24.304246 24.206562 24.048551 23.797250 23.403917 22.797541 21.876356 20.497882 18.470565 15.557176 11.516270 6.234189 0.000000 
50.000000 47.276913 44.634546 42.146447 39.872879 37.856610 36.121073 34.670899 33.494452 32.567692 31.858625 31.331605 30.950989 30.683827 30.501520 30.380544 30.302457 30.253414 30.223434 30.205591 30.195248 30.189406 30.186189 30.184458 30.183544 30.183057 30.182772 30.182546 30.182263 30.181781 30.180883 30.179194 30.176059 30.170348 30.160147 30.142279 30.111570 30.059742 29.973759 29.833358 29.607360 29.248077 28.682743 27.800235 26.430667 24.315703 21.073224 16.186298 9.135069 0.000000 
50.000000 48.139620 46.334387 44.634546 43.081268 41.703772 40.518066 39.527316 38.723572 38.090412 37.605976 37.245914 36.985875 36.803347 36.678792 36.596140 36.542789 36.509281 36.488798 36.476607 36.469540 36.465548 36.463350 36.462168 36.461542 36.461208 36.461011 36.460852 36.460648 36.460298 36.459643 36.458407 36.456110 36.451917 36.444407 36.431212 36.408447 36.369844 36.305415 36.199397 36.027007 35.749209 35.303888 34.590321 33.440572 31.564997 28.448248 23.167193 14.194170 0.000000 
50.000000 49.055816 48.139620 47.276913 46.488588 45.789477 45.187703 44.684872 44.276951 43.955605 43.709741 43.526999 43.395021 43.302382 43.239166 43.197217 43.170139 43.153133 43.142737 43.136549 43.132963 43.130937 43.129821 43.129221 43.128903 43.128733 43.128632 43.128550 43.128443 43.128258 43.127913 43.127260 43.126044 43.123821 43.119835 43.112816 43.100678 43.080031 43.045437 42.988219 42.894537 42.742124 42.494418 42.089231 41.414846 40.254399 38.141844 33.945450 24.527908 0.000000 
50.000000 50.000000 50.000000 50.000000 50.000000 50.000000 50.000000 50.000000 50.000000 50.000000 50.000000 50.000000 50.000000 50.000000 50.000000 50.000000 50.000000 50.000000 50.000000 50.000000 50.000000 50.000000 50.000000 50.000000 50.000000 50.000000 50.000000 50.000000 50.000000 50.000000 50.000000 50.000000 50.000000 50.000000 50.000000 50.000000 50.000000 50.000000 50.000000 50.000000 50.000000 50.000000 50.000000 50.000000 50.000000 50.000000 50.000000 50.000000 50.000000 50.000000 
