50.000000 50.000000 50.000000 50.000000 50.000000 50.000000 50.000000 50.000000 50.000000 50.000000 50.000000 50.000000 50.000000 50.000000 50.000000 50.000000 50.000000 50.000000 50.000000 50.000000 50.000000 50.000000 50.000000 50.000000 50.000000 50.000000 50.000000 50.000000 50.000000 50.000000 50.000000 50.000000 50.000000 50.000000 50.000000 50.000000 50.000000 50.000000 50.000000 50.000000 50.000000 50.000000 50.000000 50.000000 50.000000 50.000000 50.000000 50.000000 50.000000 50.000000 
50.000000 48.857191 47.755377 46.731145 45.813057 45.019409 44.357634 43.825246 43.411915 43.102135 42.877935 42.721184 42.615272 42.546086 42.502372 42.475644 42.459824 42.450753 42.445714 42.442999 42.441581 42.440862 42.440508 42.440338 42.440258 42.440221 42.440201 42.440183 42.440156 42.440102 42.439987 42.439744 42.439245 42.438244 42.436281 42.432520 42.425476 42.412562 42.389356 42.348407 42.277256 42.155083 41.946699 41.591028 40.977011 39.887802 37.856595 33.750077 24.428595 0.000000 
50.000000 47.755377 45.591274 43.579556 41.776319 40.217499 38.917699 37.872032 37.060207 36.451770 36.011421 35.703550 35.495532 35.359647 35.273790 35.221296 35.190224 35.172410 35.162513 35.157182 35.154396 35.152983 35.152288 35.151955 35.151798 35.151725 35.151686 35.151652 35.151602 35.151500 35.151283 35.150829 35.149897 35.148027 35.144367 35.137370 35.124297 35.100403 35.057639 34.982566 34.853034 34.632756 34.262223 33.642833 32.607897 30.867806 27.905765 22.795637 14.005300 0.000000 
50.000000 46.731145 43.579556 40.649888 38.023838 35.753739 33.860856 32.338071 31.155831 30.269787 29.628526 29.180190 28.877268 28.679389 28.554363 28.477923 28.432677 28.406736 28.392324 28.384561 28.380505 28.378448 28.377435 28.376950 28.376723 28.376616 28.376560 28.376514 28.376445 28.376307 28.376016 28.375405 28.374154 28.371652 28.366765 28.357453 28.340119 28.308591 28.252503 28.154804 27.987939 27.708015 27.245861 26.493274 25.282090 23.354017 20.324944 15.673791 8.874551 0.000000 
50.000000 45.813057 41.776319 38.023838 34.660257 31.752610 29.328130 27.377697 25.863457 24.728599 23.907270 23.333046 22.945070 22.691634 22.531508 22.433608 22.375661 22.342439 22.323982 22.314041 22.308846 22.306212 22.304915 22.304294 22.304003 22.303867 22.303796 22.303741 22.303660 22.303502 22.303167 22.302469 22.301041 22.298192 22.292649 22.282127 22.262639 22.227406 22.165195 22.057848 21.876697 21.577505 21.093517 20.326428 19.135801 17.330129 14.669821 10.908513 5.925255 0.000000 
50.000000 45.019409 40.217499 35.753739 31.752610 28.293849 25.409853 23.089766 21.288556 19.938640 18.961676 18.278650 17.817167 17.515718 17.325259 17.208816 17.139893 17.100380 17.078429 17.066605 17.060427 17.057294 17.055751 17.055013 17.054668 17.054507 17.054425 17.054363 17.054279 17.054114 17.053769 17.053051 17.051587 17.048675 17.043033 17.032374 17.012743 16.977493 16.915770 16.810356 16.634728 16.349264 15.896719 15.197572 14.146925 12.616809 10.471650 7.609602 4.042397 0.000000 
50.000000 44.357634 38.917699 33.860856 29.328130 25.409853 22.142721 19.514434 17.473970 15.944759 14.838049 14.064323 13.541565 13.200096 12.984355 12.852457 12.774388 12.729632 12.704769 12.691376 12.684379 12.680831 12.679084 12.678248 12.677857 12.677676 12.677585 12.677522 12.677439 12.677281 12.676953 12.676273 12.674890 12.672152 12.666868 12.656937 12.638759 12.606354 12.550106 12.455045 12.298672 12.048418 11.659120 11.071360 10.212281 9.001701 7.367583 5.274866 2.766606 0.000000 
50.000000 43.825246 37.872032 32.338071 27.377697 23.089766 19.514434 16.638235 14.405324 12.731904 11.520841 10.674170 10.102136 9.728485 9.492415 9.348091 9.262669 9.213698 9.186493 9.171841 9.164185 9.160303 9.158392 9.157477 9.157050 9.156853 9.156757 9.156693 9.156616 9.156475 9.156184 9.155582 9.154363 9.151960 9.147343 9.138712 9.123013 9.095232 9.047428 8.967465 8.837523 8.632555 8.319117 7.855314 7.193048 6.284180 5.092210 3.609808 1.878547 0.000000 
50.000000 43.411915 37.060207 31.155831 25.863457 21.288556 17.473970 14.405324 12.023031 10.237676 8.945621 8.042337 7.432063 7.033439 6.781595 6.627630 6.536503 6.484263 6.455243 6.439612 6.431446 6.427306 6.425267 6.424291 6.423836 6.423627 6.423527 6.423466 6.423398 6.423278 6.423034 6.422533 6.421521 6.419535 6.415737 6.408676 6.395913 6.373490 6.335229 6.271853 6.170029 6.011516 5.772769 5.425552 4.939293 4.285952 3.447817 2.427451 1.256831 0.000000 
50.000000 43.102135 36.451770 30.269787 24.728599 19.938640 15.944759 12.731904 10.237676 8.368452 7.015715 6.070019 5.431099 5.013769 4.750111 4.588925 4.493527 4.438839 4.408459 4.392097 4.383548 4.379214 4.377080 4.376059 4.375583 4.375366 4.375263 4.375204 4.375146 4.375050 4.374856 4.374460 4.373665 4.372110 4.369151 4.363679 4.353847 4.336695 4.307660 4.260002 4.184226 4.067648 3.894380 3.646087 3.303912 2.851902 2.281848 1.598737 0.824879 0.000000 
50.000000 42.877935 36.011421 29.628526 23.907270 18.961676 14.838049 11.520841 8.945621 7.015715 5.619076 4.642698 3.983057 3.552197 3.279995 3.113588 3.015100 2.958643 2.927280 2.910389 2.901564 2.897090 2.894887 2.893834 2.893343 2.893119 2.893016 2.892960 2.892911 2.892837 2.892690 2.892392 2.891798 2.890640 2.888446 2.884410 2.877200 2.864704 2.843710 2.809538 2.755712 2.673768 2.553376 2.383004 2.151320 1.849422 1.473722 1.028855 0.529528 0.000000 
50.000000 42.721184 35.703550 29.180190 23.333046 18.278650 14.064323 10.674170 8.042337 6.070019 4.642698 3.644880 2.970759 2.530447 2.252275 2.082221 1.981577 1.923883 1.891834 1.874574 1.865557 1.860985 1.858734 1.857657 1.857156 1.856928 1.856824 1.856772 1.856731 1.856675 1.856569 1.856356 1.855931 1.855107 1.853554 1.850711 1.845659 1.836959 1.822440 1.798988 1.762359 1.707108 1.626742 1.514217 1.362880 1.167851 0.927687 0.645911 0.331827 0.000000 
50.000000 42.615272 35.495532 28.877268 22.945070 17.817167 13.541565 10.102136 7.432063 5.431099 3.983057 2.970759 2.286862 1.840167 1.557966 1.385450 1.283350 1.224822 1.192311 1.174801 1.165653 1.161016 1.158733 1.157641 1.157132 1.156902 1.156798 1.156748 1.156714 1.156673 1.156599 1.156452 1.156162 1.155601 1.154548 1.152630 1.149238 1.143431 1.133801 1.118352 1.094404 1.058573 1.006904 0.935211 0.839674 0.717664 0.568677 0.395129 0.202710 0.000000 
50.000000 42.546086 35.359647 28.679389 22.691634 17.515718 13.200096 9.728485 7.033439 5.013769 3.552197 2.530447 1.840167 1.389306 1.104476 0.930353 0.827303 0.768231 0.735418 0.717745 0.708513 0.703833 0.701528 0.700426 0.699914 0.699681 0.699578 0.699529 0.699501 0.699471 0.699421 0.699324 0.699134 0.698768 0.698083 0.696839 0.694653 0.690928 0.684787 0.674997 0.659922 0.637526 0.605472 0.561337 0.502975 0.428995 0.339270 0.235350 0.120610 0.000000 
50.000000 42.502372 35.273790 28.554363 22.531508 17.325259 12.984355 9.492415 6.781595 4.750111 3.279995 2.252275 1.557966 1.104476 0.817985 0.642849 0.539199 0.479784 0.446780 0.429005 0.419720 0.415012 0.412695 0.411586 0.411071 0.410837 0.410734 0.410687 0.410662 0.410641 0.410608 0.410546 0.410426 0.410196 0.409767 0.408993 0.407636 0.405337 0.401565 0.395585 0.386432 0.372919 0.353703 0.327418 0.292885 0.249381 0.196911 0.136419 0.069851 0.000000 
50.000000 42.475644 35.221296 28.477923 22.433608 17.208816 12.852457 9.348091 6.627630 4.588925 3.113588 2.082221 1.385450 0.930353 0.642849 0.467094 0.363078 0.303453 0.270333 0.252496 0.243177 0.238453 0.236128 0.235015 0.234498 0.234264 0.234161 0.234115 0.234093 0.234077 0.234056 0.234018 0.233945 0.233805 0.233547 0.233082 0.232271 0.230902 0.228667 0.225142 0.219774 0.211892 0.200747 0.185589 0.165782 0.140959 0.111157 0.076929 0.039363 0.000000 
50.000000 42.459824 35.190224 28.432677 22.375661 17.139893 12.774388 9.262669 6.536503 4.493527 3.015101 1.981577 1.283350 0.827303 0.539199 0.363078 0.258846 0.199097 0.165908 0.148034 0.138697 0.133963 0.131632 0.130518 0.130000 0.129765 0.129662 0.129617 0.129596 0.129584 0.129570 0.129547 0.129504 0.129423 0.129273 0.129004 0.128536 0.127749 0.126470 0.124461 0.121417 0.116968 0.110709 0.102236 0.091218 0.077469 0.061025 0.042197 0.021580 0.000000 
50.000000 42.450753 35.172410 28.406736 22.342439 17.100380 12.729633 9.213698 6.484264 4.438839 2.958643 1.923884 1.224823 0.768232 0.479785 0.303454 0.199098 0.139278 0.106050 0.088155 0.078806 0.074066 0.071733 0.070618 0.070099 0.069864 0.069761 0.069716 0.069697 0.069686 0.069677 0.069664 0.069640 0.069594 0.069509 0.069359 0.069098 0.068661 0.067953 0.066845 0.065174 0.062742 0.059335 0.054743 0.048794 0.041399 0.032582 0.022514 0.011508 0.000000 
50.000000 42.445714 35.162513 28.392325 22.323983 17.078429 12.704769 9.186494 6.455243 4.408460 2.927281 1.891835 1.192311 0.735418 0.446781 0.270334 0.165909 0.106050 0.072800 0.054893 0.045538 0.040796 0.038461 0.037345 0.036826 0.036591 0.036488 0.036443 0.036424 0.036415 0.036409 0.036401 0.036388 0.036363 0.036317 0.036235 0.036094 0.035859 0.035480 0.034889 0.034000 0.032711 0.030913 0.028497 0.025379 0.021514 0.016920 0.011684 0.005970 0.000000 
50.000000 42.443000 35.157182 28.384562 22.314042 17.066606 12.691378 9.171842 6.439614 4.392098 2.910391 1.874576 1.174803 0.717747 0.429007 0.252497 0.148036 0.088156 0.054894 0.036981 0.027623 0.022879 0.020543 0.019426 0.018907 0.018673 0.018569 0.018525 0.018506 0.018498 0.018493 0.018488 0.018481 0.018468 0.018444 0.018401 0.018328 0.018205 0.018008 0.017702 0.017244 0.016581 0.015660 0.014426 0.012838 0.010875 0.008547 0.005900 0.003013 0.000000 
50.000000 42.441582 35.154398 28.380507 22.308849 17.060430 12.684383 9.164189 6.431450 4.383553 2.901569 1.865561 1.165658 0.708518 0.419724 0.243182 0.138701 0.078811 0.045542 0.027626 0.018266 0.013521 0.011185 0.010068 0.009549 0.009314 0.009211 0.009167 0.009148 0.009140 0.009136 0.009133 0.009130 0.009123 0.009110 0.009089 0.009051 0.008990 0.008891 0.008737 0.008507 0.008177 0.007718 0.007105 0.006319 0.005350 0.004202 0.002899 0.001481 0.000000 
50.000000 42.440864 35.152987 28.378454 22.306219 17.057302 12.680841 9.160313 6.427317 4.379225 2.897102 1.860997 1.161028 0.703845 0.415024 0.238465 0.133975 0.074078 0.040807 0.022889 0.013529 0.008783 0.006447 0.005330 0.004810 0.004576 0.004473 0.004428 0.004410 0.004402 0.004399 0.004397 0.004395 0.004391 0.004385 0.004374 0.004356 0.004326 0.004277 0.004202 0.004090 0.003930 0.003707 0.003411 0.003032 0.002566 0.002014 0.001389 0.000709 0.000000 
50.000000 42.440512 35.152297 28.377449 22.304932 17.055772 12.679108 9.158418 6.425294 4.377108 2.894917 1.858764 1.158763 0.701559 0.412725 0.236158 0.131663 0.071764 0.038491 0.020572 0.011211 0.006465 0.004129 0.003012 0.002493 0.002258 0.002155 0.002110 0.002092 0.002084 0.002081 0.002080 0.002078 0.002077 0.002074 0.002068 0.002060 0.002045 0.002022 0.001986 0.001932 0.001856 0.001750 0.001609 0.001430 0.001209 0.000949 0.000654 0.000334 0.000000 
50.000000 42.440350 35.151978 28.376984 22.304337 17.055064 12.678305 9.157540 6.424358 4.376128 2.893905 1.857730 1.157714 0.700500 0.411661 0.235090 0.130592 0.070692 0.037419 0.019499 0.010138 0.005392 0.003056 0.001939 0.001419 0.001185 0.001082 0.001037 0.001019 0.001011 0.001008 0.001007 0.001006 0.001005 0.001004 0.001001 0.000997 0.000990 0.000978 0.000961 0.000934 0.000897 0.000846 0.000777 0.000690 0.000584 0.000458 0.000316 0.000161 0.000000 
50.000000 42.440287 35.151854 28.376804 22.304106 17.054789 12.677994 9.157199 6.423995 4.375748 2.893513 1.857329 1.157307 0.700090 0.411248 0.234676 0.130177 0.070277 0.037003 0.019083 0.009722 0.004976 0.002640 0.001523 0.001003 0.000769 0.000666 0.000621 0.000603 0.000595 0.000592 0.000591 0.000590 0.000590 0.000589 0.000587 0.000585 0.000580 0.000574 0.000563 0.000548 0.000526 0.000495 0.000455 0.000404 0.000341 0.000268 0.000185 0.000094 0.000000 
50.000000 42.440287 35.151854 28.376804 22.304106 17.054789 12.677994 9.157199 6.423995 4.375748 2.893513 1.857329 1.157307 0.700090 0.411248 0.234676 0.130177 0.070277 0.037003 0.019083 0.009722 0.004976 0.002640 0.001523 0.001003 0.000769 0.000666 0.000621 0.000603 0.000595 0.000592 0.000591 0.000590 0.000590 0.000589 0.000587 0.000585 0.000580 0.000574 0.000563 0.000548 0.000526 0.000495 0.000455 0.000404 0.000341 0.000268 0.000185 0.000094 0.000000 
50.000000 42.440350 35.151978 28.376984 22.304337 17.055064 12.678305 9.157540 6.424358 4.376128 2.893905 1.857730 1.157714 0.700500 0.411661 0.235090 0.130592 0.070692 0.037419 0.019499 0.010138 0.005392 0.003056 0.001939 0.001419 0.001185 0.001082 0.001037 0.001019 0.001011 0.001008 0.001007 0.001006 0.001005 0.001004 0.001001 0.000997 0.000990 0.000978 0.000961 0.000934 0.000897 0.000846 0.000777 0.000690 0.000584 0.000458 0.000316 0.000161 0.000000 
50.000000 42.440512 35.152297 28.377449 22.304932 17.055772 12.679108 9.158418 6.425294 4.377108 2.894917 1.858764 1.158763 0.701559 0.412725 0.236158 0.131663 0.071764 0.038491 0.020572 0.011211 0.006465 0.004129 0.003012 0.002493 0.002258 0.002155 0.002110 0.002092 0.002084 0.002081 0.002080 0.002078 0.002077 0.002074 0.002068 0.002060 0.002045 0.002022 0.001986 0.001932 0.001856 0.001750 0.001609 0.001430 0.001209 0.000949 0.000654 0.000334 0.000000 
50.000000 42.440864 35.152987 28.378454 22.306219 17.057302 12.680841 9.160313 6.427317 4.379225 2.897102 1.860997 1.161028 0.703845 0.415024 0.238465 0.133975 0.074078 0.040807 0.022889 0.013529 0.008783 0.006447 0.005330 0.004810 0.004576 0.004473 0.004428 0.004410 0.004402 0.004399 0.004397 0.004395 0.004391 0.004385 0.004374 0.004356 0.004326 0.004277 0.004202 0.004090 0.003930 0.003707 0.003411 0.003032 0.002566 0.002014 0.001389 0.000709 0.000000 
50.000000 42.441582 35.154398 28.380507 22.308849 17.060430 12.684383 9.164189 6.431450 4.383553 2.901569 1.865561 1.165658 0.708518 0.419724 0.243182 0.138701 0.078811 0.045542 0.027626 0.018266 0.013521 0.011185 0.010068 0.009549 0.009314 0.009211 0.009167 0.009148 0.009140 0.009136 0.009133 0.009130 0.009123 0.009110 0.009089 0.009051 0.008990 0.008891 0.008737 0.008507 0.008177 0.007718 0.007105 0.006319 0.005350 0.004202 0.002899 0.001481 0.000000 
50.000000 42.443000 35.157182 28.384562 22.314042 17.066606 12.691378 9.171842 6.439614 4.392098 2.910391 1.874576 1.174803 0.717747 0.429007 0.252497 0.148036 0.088156 0.054894 0.036981 0.027623 0.022879 0.020543 0.019426 0.018907 0.018673 0.018569 0.018525 0.018506 0.018498 0.018493 0.018488 0.018481 0.018468 0.018444 0.018401 0.018328 0.018205 0.018008 0.017702 0.017244 0.016581 0.015660 0.014426 0.012838 0.010875 0.008547 0.005900 0.003013 0.000000 
50.000000 42.445714 35.162513 28.392325 22.323983 17.078429 12.704769 9.186494 6.455243 4.408460 2.927281 1.891835 1.192311 0.735418 0.446781 0.270334 0.165909 0.106050 0.072800 0.054893 0.045538 0.040796 0.038461 0.037345 0.036826 0.036591 0.036488 0.036443 0.036424 0.036415 0.036409 0.036401 0.036388 0.036363 0.036317 0.036235 0.036094 0.035859 0.035480 0.034889 0.034000 0.032711 0.030913 0.028497 0.025379 0.021514 0.016920 0.011684 0.005970 0.000000 
50.000000 42.450753 35.172410 28.406736 22.342439 17.100380 12.729633 9.213698 6.484264 4.438839 2.958643 1.923884 1.224823 0.768232 0.479785 0.303454 0.199098 0.139278 0.106050 0.088155 0.078806 0.074066 0.071733 0.070618 0.070099 0.069864 0.069761 0.069716 0.069697 0.069686 0.069677 0.069664 0.069640 0.069594 0.069509 0.069359 0.069098 0.068661 0.067953 0.066845 0.065174 0.062742 0.059335 0.054743 0.048794 0.041399 0.032582 0.022514 0.011508 0.000000 
50.000000 42.459824 35.190224 28.432677 22.375661 17.139893 12.774388 9.262669 6.536503 4.493527 3.015101 1.981577 1.283350 0.827303 0.539199 0.363078 0.258846 0.199097 0.165908 0.148034 0.138697 0.133963 0.131632 0.130518 0.130000 0.129765 0.129662 0.129617 0.129596 0.129584 0.129570 0.129547 0.129504 0.129423 0.129273 0.129004 0.128536 0.127749 0.126470 0.124461 0.121417 0.116968 0.110709 0.102236 0.091218 0.077469 0.061025 0.042197 0.021580 0.000000 
50.000000 42.475644 35.221296 28.477923 22.433608 17.208816 12.852457 9.348091 6.627630 4.588925 3.113588 2.082221 1.385450 0.930353 0.642849 0.467094 0.363078 0.303453 0.270333 0.252496 0.243177 0.238453 0.236128 0.235015 0.234498 0.234264 0.234161 0.234115 0.234093 0.234077 0.234056 0.234018 0.233945 0.233805 0.233547 0.233082 0.232271 0.230902 0.228667 0.225142 0.219774 0.211892 0.200747 0.185589 0.165782 0.140959 0.111157 0.076929 0.039363 0.000000 
50.000000 42.502372 35.273790 28.554363 22.531508 17.325259 12.984355 9.492415 6.781595 4.750111 3.279995 2.252275 1.557966 1.104476 0.817985 0.642849 0.539199 0.479784 0.446780 0.429005 0.419720 0.415012 0.412695 0.411586 0.411071 0.410837 0.410734 0.410687 0.410662 0.410641 0.410608 0.410546 0.410426 0.410196 0.409767 0.408993 0.407636 0.405337 0.401565 0.395585 0.386432 0.372919 0.353703 0.327418 0.292885 0.249381 0.196911 0.136419 0.069851 0.000000 
50.000000 42.546086 35.359647 28.679389 22.691634 17.515718 13.200096 9.728485 7.033439 5.013769 3.552197 2.530447 1.840167 1.389306 1.104476 0.930353 0.827303 0.768231 0.735418 0.717745 0.708513 0.703833 0.701528 0.700426 0.699914 0.699681 0.699578 0.699529 0.699501 0.699471 0.699421 0.699324 0.699134 0.698768 0.698083 0.696839 0.694653 0.690928 0.684787 0.674997 0.659922 0.637526 0.605472 0.561337 0.502975 0.428995 0.339270 0.235350 0.120610 0.000000 
50.000000 42.615272 35.495532 28.877268 22.945070 17.817167 13.541565 10.102136 7.432063 5.431099 3.983057 2.970759 2.286862 1.840167 1.557966 1.385450 1.283350 1.224822 1.192311 1.174801 1.165653 1.161016 1.158733 1.157641 1.157132 1.156902 1.156798 1.156748 1.156714 1.156673 1.156599 1.156452 1.156162 1.155601 1.154548 1.152630 1.149238 1.143431 1.133801 1.118352 1.094404 1.058573 1.006904 0.935211 0.839674 0.717664 0.568677 0.395129 0.202710 0.000000 
50.000000 42.721184 35.703550 29.180190 23.333046 18.278650 14.064323 10.674170 8.042337 6.070019 4.642698 3.644880 2.970759 2.530447 2.252275 2.082221 1.981577 1.923883 1.891834 1.874574 1.865557 1.860985 1.858734 1.857657 1.857156 1.856928 1.856824 1.856772 1.856731 1.856675 1.856569 1.856356 1.855931 1.855107 1.853554 1.850711 1.845659 1.836959 1.822440 1.798988 1.762359 1.707108 1.626742 1.514217 1.362880 1.167851 0.927687 0.645911 0.331827 0.000000 
50.000000 42.877935 36.011421 29.628526 23.907270 18.961676 14.838049 11.520841 8.945621 7.015715 5.619076 4.642698 3.983057 3.552197 3.279995 3.113588 3.015100 2.958643 2.927280 2.910389 2.901564 2.897090 2.894887 2.893834 2.893343 2.893119 2.893016 2.892960 2.892911 2.892837 2.892690 2.892392 2.891798 2.890640 2.888446 2.884410 2.877200 2.864704 2.843710 2.809538 2.755712 2.673768 2.553376 2.383004 2.151320 1.849422 1.473722 1.028855 0.529528 0.000000 
50.000000 43.102135 36.451770 30.269787 24.728599 19.938640 15.944759 12.731904 10.237676 8.368452 7.015715 6.070019 5.431099 5.013769 4.750111 4.588925 4.493527 4.438839 4.408459 4.392097 4.383548 4.379214 4.377080 4.376059 4.375583 4.375366 4.375263 4.375204 4.375146 4.375050 4.374856 4.374460 4.373665 4.372110 4.369151 4.363679 4.353847 4.336695 4.307660 4.260002 4.184226 4.067648 3.894380 3.646087 3.303912 2.851902 2.281848 1.598737 0.824879 0.000000 
50.000000 43.411915 37.060207 31.155831 25.863457 21.288556 17.473970 14.405324 12.023031 10.237676 8.945621 8.042337 7.432063 7.033439 6.781595 6.627630 6.536503 6.484263 6.455243 6.439612 6.431446 6.427306 6.425267 6.424291 6.423836 6.423627 6.423527 6.423466 6.423398 6.423278 6.423034 6.422533 6.421521 6.419535 6.415737 6.408676 6.395913 6.373490 6.335229 6.271853 6.170029 6.011516 5.772769 5.425552 4.939293 4.285952 3.447817 2.427451 1.256831 0.000000 
50.000000 43.825246 37.872032 32.338071 27.377697 23.089766 19.514434 16.638235 14.405324 12.731904 11.520841 10.674170 10.102136 9.728485 9.492415 9.348091 9.262669 9.213698 9.186493 9.171841 9.164185 9.160303 9.158392 9.157477 9.157050 9.156853 9.156757 9.156693 9.156616 9.156475 9.156184 9.155582 9.154363 9.151960 9.147343 9.138712 9.123013 9.095232 9.047428 8.967465 8.837523 8.632555 8.319117 7.855314 7.193048 6.284180 5.092210 3.609808 1.878547 0.000000 
50.000000 44.357634 38.917699 33.860856 29.328130 25.409853 22.142721 19.514434 17.473970 15.944759 14.838049 14.064323 13.541565 13.200096 12.984355 12.852457 12.774388 12.729632 12.704769 12.691376 12.684379 12.680831 12.679084 12.678248 12.677857 12.677676 12.677585 12.677522 12.677439 12.677281 12.676953 12.676273 12.674890 12.672152 12.666868 12.656937 12.638759 12.606354 12.550106 12.455045 12.298672 12.048418 11.659120 11.071360 10.212281 9.001701 7.367583 5.274866 2.766606 0.000000 
50.000000 45.019409 40.217499 35.753739 31.752610 28.293849 25.409853 23.089766 21.288556 19.938640 18.961676 18.278650 17.817167 17.515718 17.325259 17.208816 17.139893 17.100380 17.078429 17.066605 17.060427 17.057294 17.055751 17.055013 17.054668 17.054507 17.054425 17.054363 17.054279 17.054114 17.053769 17.053051 17.051587 17.048675 17.043033 17.032374 17.012743 16.977493 16.915770 16.810356 16.634728 16.349264 15.896719 15.197572 14.146925 12.616809 10.471650 7.609602 4.042397 0.000000 
50.000000 45.813057 41.776319 38.023838 34.660257 31.752610 29.328130 27.377697 25.863457 24.728599 23.907270 23.333046 22.945070 22.691634 22.531508 22.433608 22.375661 22.342439 22.323982 22.314041 22.308846 22.306212 22.304915 22.304294 22.304003 22.303867 22.303796 22.303741 22.303660 22.303502 22.303167 22.302469 22.301041 22.298192 22.292649 22.282127 22.262639 22.227406 22.165195 22.057848 21.876697 21.577505 21.093517 20.326428 19.135801 17.330129 14.669821 10.908513 5.925255 0.000000 
50.000000 46.731145 43.579556 40.649888 38.023838 35.753739 33.860856 32.338071 31.155831 30.269787 29.628526 29.180190 28.877268 28.679389 28.554363 28.477923 28.432677 28.406736 28.392324 28.384561 28.380505 28.378448 28.377435 28.376950 28.376723 28.376616 28.376560 28.376514 28.376445 28.376307 28.376016 28.375405 28.374154 28.371652 28.366765 28.357453 28.340119 28.308591 28.252503 28.154804 27.987939 27.708015 27.245861 26.493274 25.282090 23.354017 20.324944 15.673791 8.874551 0.000000 
50.000000 47.755377 45.591274 43.579556 41.776319 40.217499 38.917699 37.872032 37.060207 36.451770 36.011421 35.703550 35.495532 35.359647 35.273790 35.221296 35.190224 35.172410 35.162513 35.157182 35.154396 35.152983 35.152288 35.151955 35.151798 35.151725 35.151686 35.151652 35.151602 35.151500 35.151283 35.150829 35.149897 35.148027 35.144367 35.137370 35.124297 35.100403 35.057639 34.982566 34.853034 34.632756 34.262223 33.642833 32.607897 30.867806 27.905765 22.795637 14.005300 0.000000 
50.000000 48.857191 47.755377 46.731145 45.813057 45.019409 44.357634 43.825246 43.411915 43.102135 42.877935 42.721184 42.615272 42.546086 42.502372 42.475644 42.459824 42.450753 42.445714 42.442999 42.441581 42.440862 42.440508 42.440338 42.440258 42.440221 42.440201 42.440183 42.440156 42.440102 42.439987 42.439744 42.439245 42.438244 42.436281 42.432520 42.425476 42.412562 42.389356 42.348407 42.277256 42.155083 41.946699 41.591028 40.977011 39.887802 37.856595 33.750077 24.428595 0.000000 
50.000000 50.000000 50.000000 50.000000 50.000000 50.000000 50.000000 50.000000 50.000000 50.000000 50.000000 50.000000 50.000000 50.000000 50.000000 50.000000 50.000000 50.000000 50.000000 50.000000 50.000000 50.000000 50.000000 50.000000 50.000000 50.000000 50.000000 50.000000 50.000000 50.000000 50.000000 50.000000 50.000000 50.000000 50.000000 50.000000 50.000000 50.000000 50.000000 50.000000 50.000000 50.000000 50.000000 50.000000 50.000000 50.000000 50.000000 50.000000 50.000000 50.000000 
