50.000000 50.000000 50.000000 50.000000 50.000000 50.000000 50.000000 50.000000 50.000000 50.000000 50.000000 50.000000 50.000000 50.000000 50.000000 50.000000 50.000000 50.000000 50.000000 50.000000 50.000000 50.000000 50.000000 50.000000 50.000000 50.000000 50.000000 50.000000 50.000000 50.000000 50.000000 50.000000 50.000000 50.000000 50.000000 50.000000 50.000000 50.000000 50.000000 50.000000 50.000000 50.000000 50.000000 50.000000 50.000000 50.000000 50.000000 50.000000 50.000000 50.000000 
50.000000 46.829475 43.973791 41.654328 39.951610 38.818384 38.132110 37.752431 37.559737 37.469656 37.430711 37.415080 37.409234 37.407191 37.406520 37.406314 37.406254 37.406237 37.406233 37.406232 37.406231 37.406231 37.406231 37.406231 37.406231 37.406231 37.406231 37.406231 37.406231 37.406231 37.406231 37.406231 37.406231 37.406230 37.406227 37.406213 37.406164 37.405996 37.405442 37.403717 37.398612 37.384274 37.345950 37.248111 37.007883 36.433903 35.074178 31.790867 23.414738 0.000000 
50.000000 43.973791 38.546061 34.137608 30.901464 28.747771 27.443574 26.722070 26.355917 26.184759 26.110766 26.081071 26.069967 26.066085 26.064812 26.064420 26.064306 26.064274 26.064266 26.064264 26.064263 26.064263 26.064263 26.064263 26.064263 26.064263 26.064263 26.064263 26.064263 26.064263 26.064263 26.064263 26.064263 26.064261 26.064256 26.064233 26.064153 26.063875 26.062968 26.060156 26.051906 26.028978 25.968624 25.817966 25.460519 24.651798 22.900892 19.273030 12.182925 0.000000 
50.000000 41.654328 34.137608 28.032652 23.551353 20.569171 18.763400 17.764499 17.257618 17.020699 16.918289 16.877193 16.861828 16.856457 16.854697 16.854154 16.853996 16.853952 16.853941 16.853938 16.853937 16.853937 16.853937 16.853937 16.853937 16.853937 16.853937 16.853937 16.853937 16.853937 16.853937 16.853937 16.853937 16.853935 16.853929 16.853904 16.853816 16.853513 16.852528 16.849503 16.840715 16.816627 16.754392 16.602970 16.256444 15.511910 14.016326 11.236716 6.580151 0.000000 
50.000000 39.951610 30.901464 23.551353 18.156340 14.566352 12.392720 11.190440 10.580421 10.295327 10.172107 10.122668 10.104185 10.097725 10.095608 10.094955 10.094765 10.094713 10.094700 10.094696 10.094695 10.094695 10.094695 10.094695 10.094695 10.094695 10.094695 10.094695 10.094695 10.094695 10.094695 10.094695 10.094695 10.094693 10.094688 10.094666 10.094589 10.094327 10.093482 10.090907 10.083510 10.063528 10.012857 9.892574 9.626158 9.078170 8.039443 6.249667 3.517707 0.000000 
50.000000 38.818384 28.747771 20.569171 14.566352 10.572176 8.154012 6.816598 6.138081 5.821009 5.683985 5.629013 5.608465 5.601284 5.598931 5.598205 5.597994 5.597936 5.597921 5.597918 5.597917 5.597917 5.597916 5.597916 5.597916 5.597916 5.597916 5.597916 5.597916 5.597916 5.597916 5.597916 5.597916 5.597915 5.597911 5.597895 5.597839 5.597648 5.597036 5.595190 5.589947 5.575974 5.541151 5.460283 5.286088 4.940194 4.312727 3.287252 1.810501 0.000000 
50.000000 38.132110 27.443574 18.763400 12.392720 8.154012 5.587974 4.168883 3.448991 3.112615 2.967262 2.908955 2.887163 2.879549 2.877053 2.876284 2.876061 2.875999 2.875983 2.875979 2.875978 2.875978 2.875978 2.875978 2.875978 2.875978 2.875978 2.875978 2.875978 2.875978 2.875978 2.875978 2.875978 2.875977 2.875974 2.875964 2.875928 2.875807 2.875423 2.874272 2.871036 2.862519 2.841618 2.793987 2.693729 2.500146 2.160430 1.625608 0.883999 0.000000 
50.000000 37.752431 26.722070 17.764499 11.190440 6.816598 4.168883 2.704707 1.961990 1.614973 1.465034 1.404891 1.382414 1.374562 1.371988 1.371195 1.370965 1.370901 1.370885 1.370881 1.370880 1.370880 1.370880 1.370880 1.370880 1.370880 1.370880 1.370880 1.370880 1.370880 1.370880 1.370880 1.370880 1.370879 1.370878 1.370872 1.370852 1.370784 1.370569 1.369933 1.368158 1.363539 1.352354 1.327265 1.275447 1.177583 1.010107 0.753446 0.406480 0.000000 
50.000000 37.559737 26.355917 17.257618 10.580421 6.138081 3.448991 1.961990 1.207726 0.855330 0.703074 0.642006 0.619184 0.611211 0.608599 0.607794 0.607560 0.607496 0.607479 0.607475 0.607474 0.607473 0.607473 0.607473 0.607473 0.607473 0.607473 0.607473 0.607473 0.607473 0.607473 0.607473 0.607473 0.607473 0.607472 0.607469 0.607459 0.607425 0.607317 0.607000 0.606123 0.603863 0.598451 0.586471 0.562107 0.516893 0.440990 0.326940 0.175463 0.000000 
50.000000 37.469656 26.184759 17.020699 10.295327 5.821009 3.112615 1.614973 0.855330 0.500431 0.347098 0.285599 0.262617 0.254589 0.251958 0.251148 0.250912 0.250847 0.250830 0.250826 0.250825 0.250825 0.250825 0.250825 0.250825 0.250825 0.250825 0.250825 0.250825 0.250825 0.250825 0.250825 0.250825 0.250825 0.250825 0.250823 0.250818 0.250803 0.250754 0.250610 0.250216 0.249207 0.246815 0.241579 0.231062 0.211816 0.179984 0.132853 0.071043 0.000000 
50.000000 37.430711 26.110766 16.918289 10.172107 5.683985 2.967262 1.465034 0.703074 0.347098 0.193302 0.131618 0.108568 0.100515 0.097877 0.097064 0.096828 0.096763 0.096746 0.096742 0.096741 0.096740 0.096740 0.096740 0.096740 0.096740 0.096740 0.096740 0.096740 0.096740 0.096740 0.096740 0.096740 0.096740 0.096740 0.096740 0.096738 0.096731 0.096710 0.096651 0.096488 0.096074 0.095101 0.092990 0.088794 0.081201 0.068787 0.050610 0.026994 0.000000 
50.000000 37.415080 26.081071 16.877193 10.122668 5.629013 2.908955 1.404891 0.642006 0.285599 0.131618 0.069860 0.046783 0.038721 0.036080 0.035266 0.035029 0.034964 0.034947 0.034943 0.034942 0.034942 0.034942 0.034942 0.034942 0.034942 0.034942 0.034942 0.034942 0.034942 0.034942 0.034942 0.034942 0.034942 0.034942 0.034941 0.034941 0.034938 0.034930 0.034907 0.034845 0.034688 0.034321 0.033532 0.031976 0.029186 0.024665 0.018103 0.009638 0.000000 
50.000000 37.409234 26.069967 16.861828 10.104185 5.608465 2.887163 1.382414 0.619184 0.262617 0.108568 0.046783 0.023695 0.015630 0.012988 0.012173 0.011936 0.011871 0.011854 0.011850 0.011849 0.011849 0.011849 0.011849 0.011849 0.011849 0.011849 0.011849 0.011849 0.011849 0.011849 0.011849 0.011849 0.011849 0.011849 0.011849 0.011849 0.011848 0.011845 0.011837 0.011815 0.011759 0.011631 0.011355 0.010817 0.009858 0.008315 0.006092 0.003238 0.000000 
50.000000 37.407191 26.066085 16.856457 10.097725 5.601284 2.879549 1.374562 0.611211 0.254589 0.100515 0.038721 0.015630 0.007563 0.004921 0.004106 0.003869 0.003804 0.003787 0.003783 0.003782 0.003782 0.003782 0.003782 0.003782 0.003782 0.003782 0.003782 0.003782 0.003782 0.003782 0.003782 0.003782 0.003782 0.003782 0.003782 0.003782 0.003781 0.003780 0.003778 0.003770 0.003752 0.003710 0.003620 0.003445 0.003136 0.002642 0.001932 0.001026 0.000000 
50.000000 37.406520 26.064812 16.854697 10.095608 5.598931 2.877053 1.371988 0.608599 0.251958 0.097877 0.036080 0.012988 0.004921 0.002278 0.001463 0.001226 0.001161 0.001144 0.001140 0.001139 0.001139 0.001139 0.001139 0.001139 0.001139 0.001139 0.001139 0.001139 0.001139 0.001139 0.001139 0.001139 0.001139 0.001139 0.001139 0.001139 0.001139 0.001138 0.001137 0.001135 0.001130 0.001117 0.001089 0.001036 0.000942 0.000792 0.000579 0.000307 0.000000 
50.000000 37.406314 26.064420 16.854154 10.094955 5.598205 2.876284 1.371195 0.607794 0.251148 0.097064 0.035266 0.012173 0.004106 0.001463 0.000649 0.000412 0.000347 0.000330 0.000326 0.000325 0.000324 0.000324 0.000324 0.000324 0.000324 0.000324 0.000324 0.000324 0.000324 0.000324 0.000324 0.000324 0.000324 0.000324 0.000324 0.000324 0.000324 0.000324 0.000324 0.000323 0.000322 0.000318 0.000310 0.000295 0.000268 0.000225 0.000164 0.000087 0.000000 
50.000000 37.406254 26.064306 16.853996 10.094765 5.597994 2.876061 1.370965 0.607560 0.250912 0.096828 0.035029 0.011936 0.003869 0.001226 0.000412 0.000175 0.000110 0.000093 0.000089 0.000088 0.000088 0.000088 0.000088 0.000087 0.000087 0.000087 0.000087 0.000087 0.000087 0.000087 0.000087 0.000087 0.000087 0.000087 0.000087 0.000087 0.000087 0.000087 0.000087 0.000087 0.000087 0.000086 0.000084 0.000079 0.000072 0.000061 0.000044 0.000023 0.000000 
50.000000 37.406237 26.064274 16.853952 10.094713 5.597936 2.875999 1.370901 0.607496 0.250847 0.096763 0.034964 0.011871 0.003804 0.001161 0.000347 0.000110 0.000045 0.000028 0.000024 0.000023 0.000022 0.000022 0.000022 0.000022 0.000022 0.000022 0.000022 0.000022 0.000022 0.000022 0.000022 0.000022 0.000022 0.000022 0.000022 0.000022 0.000022 0.000022 0.000022 0.000022 0.000022 0.000022 0.000021 0.000020 0.000018 0.000015 0.000011 0.000006 0.000000 
50.000000 37.406233 26.064266 16.853941 10.094700 5.597921 2.875983 1.370885 0.607479 0.250830 0.096746 0.034947 0.011854 0.003787 0.001144 0.000330 0.000093 0.000028 0.000011 0.000007 0.000006 0.000006 0.000005 0.000005 0.000005 0.000005 0.000005 0.000005 0.000005 0.000005 0.000005 0.000005 0.000005 0.000005 0.000005 0.000005 0.000005 0.000005 0.000005 0.000005 0.000005 0.000005 0.000005 0.000005 0.000005 0.000004 0.000004 0.000003 0.000001 0.000000 
50.000000 37.406232 26.064264 16.853938 10.094696 5.597918 2.875979 1.370881 0.607475 0.250826 0.096742 0.034943 0.011850 0.003783 0.001140 0.000326 0.000089 0.000024 0.000007 0.000003 0.000002 0.000001 0.000001 0.000001 0.000001 0.000001 0.000001 0.000001 0.000001 0.000001 0.000001 0.000001 0.000001 0.000001 0.000001 0.000001 0.000001 0.000001 0.000001 0.000001 0.000001 0.000001 0.000001 0.000001 0.000001 0.000001 0.000001 0.000001 0.000000 0.000000 
50.000000 37.406231 26.064263 16.853937 10.094695 5.597917 2.875978 1.370880 0.607474 0.250825 0.096741 0.034942 0.011849 0.003782 0.001139 0.000325 0.000088 0.000023 0.000006 0.000002 0.000001 0.000000 0.000000 0.000000 0.000000 0.000000 0.000000 0.000000 0.000000 0.000000 0.000000 0.000000 0.000000 0.000000 0.000000 0.000000 0.000000 0.000000 0.000000 0.000000 0.000000 0.000000 0.000000 0.000000 0.000000 0.000000 0.000000 0.000000 0.000000 0.000000 
50.000000 37.406231 26.064263 16.853937 10.094695 5.597917 2.875978 1.370880 0.607473 0.250825 0.096740 0.034942 0.011849 0.003782 0.001139 0.000324 0.000088 0.000022 0.000006 0.000001 0.000000 0.000000 0.000000 0.000000 0.000000 0.000000 0.000000 0.000000 0.000000 0.000000 0.000000 0.000000 0.000000 0.000000 0.000000 0.000000 0.000000 0.000000 0.000000 0.000000 0.000000 0.000000 0.000000 0.000000 0.000000 0.000000 0.000000 0.000000 0.000000 0.000000 
50.000000 37.406231 26.064263 16.853937 10.094695 5.597916 2.875978 1.370880 0.607473 0.250825 0.096740 0.034942 0.011849 0.003782 0.001139 0.000324 0.000088 0.000022 0.000005 0.000001 0.000000 0.000000 0.000000 0.000000 0.000000 0.000000 0.000000 0.000000 0.000000 0.000000 0.000000 0.000000 0.000000 0.000000 0.000000 0.000000 0.000000 0.000000 0.000000 0.000000 0.000000 0.000000 0.000000 0.000000 0.000000 0.000000 0.000000 0.000000 0.000000 0.000000 
50.000000 37.406231 26.064263 16.853937 10.094695 5.597916 2.875978 1.370880 0.607473 0.250825 0.096740 0.034942 0.011849 0.003782 0.001139 0.000324 0.000088 0.000022 0.000005 0.000001 0.000000 0.000000 0.000000 0.000000 0.000000 0.000000 0.000000 0.000000 0.000000 0.000000 0.000000 0.000000 0.000000 0.000000 0.000000 0.000000 0.000000 0.000000 0.000000 0.000000 0.000000 0.000000 0.000000 0.000000 0.000000 0.000000 0.000000 0.000000 0.000000 0.000000 
50.000000 37.406231 26.064263 16.853937 10.094695 5.597916 2.875978 1.370880 0.607473 0.250825 0.096740 0.034942 0.011849 0.003782 0.001139 0.000324 0.000087 0.000022 0.000005 0.000001 0.000000 0.000000 0.000000 0.000000 0.000000 0.000000 0.000000 0.000000 0.000000 0.000000 0.000000 0.000000 0.000000 0.000000 0.000000 0.000000 0.000000 0.000000 0.000000 0.000000 0.000000 0.000000 0.000000 0.000000 0.000000 0.000000 0.000000 0.000000 0.000000 0.000000 
50.000000 37.406231 26.064263 16.853937 10.094695 5.597916 2.875978 1.370880 0.607473 0.250825 0.096740 0.034942 0.011849 0.003782 0.001139 0.000324 0.000087 0.000022 0.000005 0.000001 0.000000 0.000000 0.000000 0.000000 0.000000 0.000000 0.000000 0.000000 0.000000 0.000000 0.000000 0.000000 0.000000 0.000000 0.000000 0.000000 0.000000 0.000000 0.000000 0.000000 0.000000 0.000000 0.000000 0.000000 0.000000 0.000000 0.000000 0.000000 0.000000 0.000000 
50.000000 37.406231 26.064263 16.853937 10.094695 5.597916 2.875978 1.370880 0.607473 0.250825 0.096740 0.034942 0.011849 0.003782 0.001139 0.000324 0.000088 0.000022 0.000005 0.000001 0.000000 0.000000 0.000000 0.000000 0.000000 0.000000 0.000000 0.000000 0.000000 0.000000 0.000000 0.000000 0.000000 0.000000 0.000000 0.000000 0.000000 0.000000 0.000000 0.000000 0.000000 0.000000 0.000000 0.000000 0.000000 0.000000 0.000000 0.000000 0.000000 0.000000 
50.000000 37.406231 26.064263 16.853937 10.094695 5.597916 2.875978 1.370880 0.607473 0.250825 0.096740 0.034942 0.011849 0.003782 0.001139 0.000324 0.000088 0.000022 0.000005 0.000001 0.000000 0.000000 0.000000 0.000000 0.000000 0.000000 0.000000 0.000000 0.000000 0.000000 0.000000 0.000000 0.000000 0.000000 0.000000 0.000000 0.000000 0.000000 0.000000 0.000000 0.000000 0.000000 0.000000 0.000000 0.000000 0.000000 0.000000 0.000000 0.000000 0.000000 
50.000000 37.406231 26.064263 16.853937 10.094695 5.597917 2.875978 1.370880 0.607473 0.250825 0.096740 0.034942 0.011849 0.003782 0.001139 0.000324 0.000088 0.000022 0.000006 0.000001 0.000000 0.000000 0.000000 0.000000 0.000000 0.000000 0.000000 0.000000 0.000000 0.000000 0.000000 0.000000 0.000000 0.000000 0.000000 0.000000 0.000000 0.000000 0.000000 0.000000 0.000000 0.000000 0.000000 0.000000 0.000000 0.000000 0.000000 0.000000 0.000000 0.000000 
50.000000 37.406231 26.064263 16.853937 10.094695 5.597917 2.875978 1.370880 0.607474 0.250825 0.096741 0.034942 0.011849 0.003782 0.001139 0.000325 0.000088 0.000023 0.000006 0.000002 0.000001 0.000000 0.000000 0.000000 0.000000 0.000000 0.000000 0.000000 0.000000 0.000000 0.000000 0.000000 0.000000 0.000000 0.000000 0.000000 0.000000 0.000000 0.000000 0.000000 0.000000 0.000000 0.000000 0.000000 0.000000 0.000000 0.000000 0.000000 0.000000 0.000000 
50.000000 37.406232 26.064264 16.853938 10.094696 5.597918 2.875979 1.370881 0.607475 0.250826 0.096742 0.034943 0.011850 0.003783 0.001140 0.000326 0.000089 0.000024 0.000007 0.000003 0.000002 0.000001 0.000001 0.000001 0.000001 0.000001 0.000001 0.000001 0.000001 0.000001 0.000001 0.000001 0.000001 0.000001 0.000001 0.000001 0.000001 0.000001 0.000001 0.000001 0.000001 0.000001 0.000001 0.000001 0.000001 0.000001 0.000001 0.000001 0.000000 0.000000 
50.000000 37.406233 26.064266 16.853941 10.094700 5.597921 2.875983 1.370885 0.607479 0.250830 0.096746 0.034947 0.011854 0.003787 0.001144 0.000330 0.000093 0.000028 0.000011 0.000007 0.000006 0.000006 0.000005 0.000005 0.000005 0.000005 0.000005 0.000005 0.000005 0.000005 0.000005 0.000005 0.000005 0.000005 0.000005 0.000005 0.000005 0.000005 0.000005 0.000005 0.000005 0.000005 0.000005 0.000005 0.000005 0.000004 0.000004 0.000003 0.000001 0.000000 
50.000000 37.406237 26.064274 16.853952 10.094713 5.597936 2.875999 1.370901 0.607496 0.250847 0.096763 0.034964 0.011871 0.003804 0.001161 0.000347 0.000110 0.000045 0.000028 0.000024 0.000023 0.000022 0.000022 0.000022 0.000022 0.000022 0.000022 0.000022 0.000022 0.000022 0.000022 0.000022 0.000022 0.000022 0.000022 0.000022 0.000022 0.000022 0.000022 0.000022 0.000022 0.000022 0.000022 0.000021 0.000020 0.000018 0.000015 0.000011 0.000006 0.000000 
50.000000 37.406254 26.064306 16.853996 10.094765 5.597994 2.876061 1.370965 0.607560 0.250912 0.096828 0.035029 0.011936 0.003869 0.001226 0.000412 0.000175 0.000110 0.000093 0.000089 0.000088 0.000088 0.000088 0.000088 0.000087 0.000087 0.000087 0.000087 0.000087 0.000087 0.000087 0.000087 0.000087 0.000087 0.000087 0.000087 0.000087 0.000087 0.000087 0.000087 0.000087 0.000087 0.000086 0.000084 0.000079 0.000072 0.000061 0.000044 0.000023 0.000000 
50.000000 37.406314 26.064420 16.854154 10.094955 5.598205 2.876284 1.371195 0.607794 0.251148 0.097064 0.035266 0.012173 0.004106 0.001463 0.000649 0.000412 0.000347 0.000330 0.000326 0.000325 0.000324 0.000324 0.000324 0.000324 0.000324 0.000324 0.000324 0.000324 0.000324 0.000324 0.000324 0.000324 0.000324 0.000324 0.000324 0.000324 0.000324 0.000324 0.000324 0.000323 0.000322 0.000318 0.000310 0.000295 0.000268 0.000225 0.000164 0.000087 0.000000 
50.000000 37.406520 26.064812 16.854697 10.095608 5.598931 2.877053 1.371988 0.608599 0.251958 0.097877 0.036080 0.012988 0.004921 0.002278 0.001463 0.001226 0.001161 0.001144 0.001140 0.001139 0.001139 0.001139 0.001139 0.001139 0.001139 0.001139 0.001139 0.001139 0.001139 0.001139 0.001139 0.001139 0.001139 0.001139 0.001139 0.001139 0.001139 0.001138 0.001137 0.001135 0.001130 0.001117 0.001089 0.001036 0.000942 0.000792 0.000579 0.000307 0.000000 
50.000000 37.407191 26.066085 16.856457 10.097725 5.601284 2.879549 1.374562 0.611211 0.254589 0.100515 0.038721 0.015630 0.007563 0.004921 0.004106 0.003869 0.003804 0.003787 0.003783 0.003782 0.003782 0.003782 0.003782 0.003782 0.003782 0.003782 0.003782 0.003782 0.003782 0.003782 0.003782 0.003782 0.003782 0.003782 0.003782 0.003782 0.003781 0.003780 0.003778 0.003770 0.003752 0.003710 0.003620 0.003445 0.003136 0.002642 0.001932 0.001026 0.000000 
50.000000 37.409234 26.069967 16.861828 10.104185 5.608465 2.887163 1.382414 0.619184 0.262617 0.108568 0.046783 0.023695 0.015630 0.012988 0.012173 0.011936 0.011871 0.011854 0.011850 0.011849 0.011849 0.011849 0.011849 0.011849 0.011849 0.011849 0.011849 0.011849 0.011849 0.011849 0.011849 0.011849 0.011849 0.011849 0.011849 0.011849 0.011848 0.011845 0.011837 0.011815 0.011759 0.011631 0.011355 0.010817 0.009858 0.008315 0.006092 0.003238 0.000000 
50.000000 37.415080 26.081071 16.877193 10.122668 5.629013 2.908955 1.404891 0.642006 0.285599 0.131618 0.069860 0.046783 0.038721 0.036080 0.035266 0.035029 0.034964 0.034947 0.034943 0.034942 0.034942 0.034942 0.034942 0.034942 0.034942 0.034942 0.034942 0.034942 0.034942 0.034942 0.034942 0.034942 0.034942 0.034942 0.034941 0.034941 0.034938 0.034930 0.034907 0.034845 0.034688 0.034321 0.033532 0.031976 0.029186 0.024665 0.018103 0.009638 0.000000 
50.000000 37.430711 26.110766 16.918289 10.172107 5.683985 2.967262 1.465034 0.703074 0.347098 0.193302 0.131618 0.108568 0.100515 0.097877 0.097064 0.096828 0.096763 0.096746 0.096742 0.096741 0.096740 0.096740 0.096740 0.096740 0.096740 0.096740 0.096740 0.096740 0.096740 0.096740 0.096740 0.096740 0.096740 0.096740 0.096740 0.096738 0.096731 0.096710 0.096651 0.096488 0.096074 0.095101 0.092990 0.088794 0.081201 0.068787 0.050610 0.026994 0.000000 
50.000000 37.469656 26.184759 17.020699 10.295327 5.821009 3.112615 1.614973 0.855330 0.500431 0.347098 0.285599 0.262617 0.254589 0.251958 0.251148 0.250912 0.250847 0.250830 0.250826 0.250825 0.250825 0.250825 0.250825 0.250825 0.250825 0.250825 0.250825 0.250825 0.250825 0.250825 0.250825 0.250825 0.250825 0.250825 0.250823 0.250818 0.250803 0.250754 0.250610 0.250216 0.249207 0.246815 0.241579 0.231062 0.211816 0.179984 0.132853 0.071043 0.000000 
50.000000 37.559737 26.355917 17.257618 10.580421 6.138081 3.448991 1.961990 1.207726 0.855330 0.703074 0.642006 0.619184 0.611211 0.608599 0.607794 0.607560 0.607496 0.607479 0.607475 0.607474 0.607473 0.607473 0.607473 0.607473 0.607473 0.607473 0.607473 0.607473 0.607473 0.607473 0.607473 0.607473 0.607473 0.607472 0.607469 0.607459 0.607425 0.607317 0.607000 0.606123 0.603863 0.598451 0.586471 0.562107 0.516893 0.440990 0.326940 0.175463 0.000000 
50.000000 37.752431 26.722070 17.764499 11.190440 6.816598 4.168883 2.704707 1.961990 1.614973 1.465034 1.404891 1.382414 1.374562 1.371988 1.371195 1.370965 1.370901 1.370885 1.370881 1.370880 1.370880 1.370880 1.370880 1.370880 1.370880 1.370880 1.370880 1.370880 1.370880 1.370880 1.370880 1.370880 1.370879 1.370878 1.370872 1.370852 1.370784 1.370569 1.369933 1.368158 1.363539 1.352354 1.327265 1.275447 1.177583 1.010107 0.753446 0.406480 0.000000 
50.000000 38.132110 27.443574 18.763400 12.392720 8.154012 5.587974 4.168883 3.448991 3.112615 2.967262 2.908955 2.887163 2.879549 2.877053 2.876284 2.876061 2.875999 2.875983 2.875979 2.875978 2.875978 2.875978 2.875978 2.875978 2.875978 2.875978 2.875978 2.875978 2.875978 2.875978 2.875978 2.875978 2.875977 2.875974 2.875964 2.875928 2.875807 2.875423 2.874272 2.871036 2.862519 2.841618 2.793987 2.693729 2.500146 2.160430 1.625608 0.883999 0.000000 
50.000000 38.818384 28.747771 20.569171 14.566352 10.572176 8.154012 6.816598 6.138081 5.821009 5.683985 5.629013 5.608465 5.601284 5.598931 5.598205 5.597994 5.597936 5.597921 5.597918 5.597917 5.597917 5.597916 5.597916 5.597916 5.597916 5.597916 5.597916 5.597916 5.597916 5.597916 5.597916 5.597916 5.597915 5.597911 5.597895 5.597839 5.597648 5.597036 5.595190 5.589947 5.575974 5.541151 5.460283 5.286088 4.940194 4.312727 3.287252 1.810501 0.000000 
50.000000 39.951610 30.901464 23.551353 18.156340 14.566352 12.392720 11.190440 10.580421 10.295327 10.172107 10.122668 10.104185 10.097725 10.095608 10.094955 10.094765 10.094713 10.094700 10.094696 10.094695 10.094695 10.094695 10.094695 10.094695 10.094695 10.094695 10.094695 10.094695 10.094695 10.094695 10.094695 10.094695 10.094693 10.094688 10.094666 10.094589 10.094327 10.093482 10.090907 10.083510 10.063528 10.012857 9.892574 9.626158 9.078170 8.039443 6.249667 3.517707 0.000000 
50.000000 41.654328 34.137608 28.032652 23.551353 20.569171 18.763400 17.764499 17.257618 17.020699 16.918289 16.877193 16.861828 16.856457 16.854697 16.854154 16.853996 16.853952 16.853941 16.853938 16.853937 16.853937 16.853937 16.853937 16.853937 16.853937 16.853937 16.853937 16.853937 16.853937 16.853937 16.853937 16.853937 16.853935 16.853929 16.853904 16.853816 16.853513 16.852528 16.849503 16.840715 16.816627 16.754392 16.602970 16.256444 15.511910 14.016326 11.236716 6.580151 0.000000 
50.000000 43.973791 38.546061 34.137608 30.901464 28.747771 27.443574 26.722070 26.355917 26.184759 26.110766 26.081071 26.069967 26.066085 26.064812 26.064420 26.064306 26.064274 26.064266 26.064264 26.064263 26.064263 26.064263 26.064263 26.064263 26.064263 26.064263 26.064263 26.064263 26.064263 26.064263 26.064263 26.064263 26.064261 26.064256 26.064233 26.064153 26.063875 26.062968 26.060156 26.051906 26.028978 25.968624 25.817966 25.460519 24.651798 22.900892 19.273030 12.182925 0.000000 
50.000000 46.829475 43.973791 41.654328 39.951610 38.818384 38.132110 37.752431 37.559737 37.469656 37.430711 37.415080 37.409234 37.407191 37.406520 37.406314 37.406254 37.406237 37.406233 37.406232 37.406231 37.406231 37.406231 37.406231 37.406231 37.406231 37.406231 37.406231 37.406231 37.406231 37.406231 37.406231 37.406231 37.406230 37.406227 37.406213 37.406164 37.405996 37.405442 37.403717 37.398612 37.384274 37.345950 37.248111 37.007883 36.433903 35.074178 31.790867 23.414738 0.000000 
50.000000 50.000000 50.000000 50.000000 50.000000 50.000000 50.000000 50.000000 50.000000 50.000000 50.000000 50.000000 50.000000 50.000000 50.000000 50.000000 50.000000 50.000000 50.000000 50.000000 50.000000 50.000000 50.000000 50.000000 50.000000 50.000000 50.000000 50.000000 50.000000 50.000000 50.000000 50.000000 50.000000 50.000000 50.000000 50.000000 50.000000 50.000000 50.000000 50.000000 50.000000 50.000000 50.000000 50.000000 50.000000 50.000000 50.000000 50.000000 50.000000 50.000000 
