50.000000 50.000000 50.000000 50.000000 50.000000 50.000000 50.000000 50.000000 50.000000 50.000000 50.000000 50.000000 50.000000 50.000000 50.000000 50.000000 50.000000 50.000000 50.000000 50.000000 50.000000 50.000000 50.000000 50.000000 50.000000 50.000000 50.000000 50.000000 50.000000 50.000000 50.000000 50.000000 50.000000 50.000000 50.000000 50.000000 50.000000 50.000000 50.000000 50.000000 50.000000 50.000000 50.000000 50.000000 50.000000 50.000000 50.000000 50.000000 50.000000 50.000000 
50.000000 46.758521 43.846101 41.491952 39.775894 38.644072 37.966028 37.595520 37.410047 37.324625 37.288278 37.273932 37.268661 37.266851 37.266269 37.266093 37.266043 37.266029 37.266026 37.266025 37.266025 37.266025 37.266025 37.266025 37.266025 37.266025 37.266025 37.266025 37.266025 37.266025 37.266025 37.266025 37.266024 37.266024 37.266021 37.266009 37.265968 37.265820 37.265328 37.263769 37.259084 37.245719 37.209493 37.115813 36.883145 36.321712 34.980915 31.723472 23.379260 0.000000 
50.000000 43.846101 38.316981 33.847822 30.590135 28.441630 27.154587 26.451341 26.099326 25.937212 25.868238 25.841017 25.831016 25.827582 25.826478 25.826143 25.826048 25.826022 25.826016 25.826014 25.826014 25.826014 25.826014 25.826014 25.826014 25.826014 25.826014 25.826014 25.826014 25.826014 25.826014 25.826014 25.826013 25.826012 25.826007 25.825989 25.825920 25.825679 25.824876 25.822347 25.814807 25.793532 25.736740 25.593146 25.248542 24.461135 22.742393 19.158490 12.122629 0.000000 
50.000000 41.491952 33.847822 27.669321 23.165872 20.195952 18.416983 17.445029 16.958559 16.734547 16.639248 16.601643 16.587827 16.583085 16.581560 16.581098 16.580967 16.580931 16.580922 16.580920 16.580920 16.580920 16.580919 16.580919 16.580919 16.580919 16.580919 16.580919 16.580919 16.580919 16.580919 16.580919 16.580919 16.580918 16.580913 16.580892 16.580817 16.580556 16.579691 16.576988 16.569012 16.546817 16.488658 16.345324 16.013506 15.293390 13.834660 11.105429 6.511038 0.000000 
50.000000 39.775894 30.590135 23.165872 17.754703 14.186419 12.049217 10.881655 10.297344 10.028312 9.913873 9.868722 9.852137 9.846445 9.844614 9.844060 9.843903 9.843860 9.843849 9.843847 9.843846 9.843846 9.843846 9.843846 9.843846 9.843846 9.843846 9.843846 9.843846 9.843846 9.843846 9.843846 9.843845 9.843844 9.843840 9.843822 9.843757 9.843533 9.842798 9.840518 9.833866 9.815618 9.768687 9.655826 9.402914 8.877352 7.872482 6.129000 3.454182 0.000000 
50.000000 38.644072 28.441630 20.195952 14.186419 10.223831 7.850659 6.554309 5.905613 5.606970 5.479952 5.429844 5.411440 5.405125 5.403094 5.402480 5.402305 5.402258 5.402246 5.402243 5.402242 5.402242 5.402242 5.402242 5.402242 5.402242 5.402242 5.402242 5.402242 5.402242 5.402242 5.402242 5.402242 5.402241 5.402237 5.402225 5.402178 5.402016 5.401490 5.399874 5.395209 5.382585 5.350673 5.275586 5.111916 4.783506 4.182446 3.193088 1.760926 0.000000 
50.000000 37.966028 27.154587 18.416983 12.049217 7.850659 5.336340 3.962997 3.275834 2.959512 2.824988 2.771925 2.752438 2.745752 2.743602 2.742952 2.742767 2.742717 2.742704 2.742701 2.742700 2.742700 2.742700 2.742700 2.742700 2.742700 2.742700 2.742700 2.742700 2.742700 2.742700 2.742700 2.742700 2.742699 2.742697 2.742689 2.742660 2.742559 2.742232 2.741237 2.738393 2.730793 2.711870 2.668170 2.575072 2.393391 2.071659 1.561441 0.850215 0.000000 
50.000000 37.595520 26.451341 17.445029 10.881655 6.554309 3.962997 2.547682 1.839565 1.513619 1.375013 1.320344 1.300269 1.293382 1.291167 1.290498 1.290307 1.290255 1.290242 1.290239 1.290238 1.290238 1.290238 1.290238 1.290238 1.290238 1.290238 1.290238 1.290238 1.290238 1.290238 1.290238 1.290238 1.290238 1.290237 1.290232 1.290216 1.290160 1.289980 1.289437 1.287899 1.283833 1.273841 1.251127 1.203635 1.112968 0.956372 0.714600 0.386027 0.000000 
50.000000 37.410047 26.099326 16.958559 10.297344 5.905613 3.275834 1.839565 1.120994 0.790251 0.649612 0.594144 0.573776 0.566790 0.564543 0.563864 0.563670 0.563618 0.563605 0.563602 0.563601 0.563601 0.563601 0.563601 0.563601 0.563601 0.563601 0.563601 0.563601 0.563601 0.563601 0.563601 0.563601 0.563600 0.563600 0.563598 0.563589 0.563562 0.563473 0.563206 0.562458 0.560497 0.555732 0.545041 0.523028 0.481727 0.411742 0.305794 0.164328 0.000000 
50.000000 37.324625 25.937212 16.734547 10.028312 5.606970 2.959512 1.513619 0.790251 0.457310 0.315740 0.259906 0.239405 0.232372 0.230111 0.229428 0.229233 0.229180 0.229167 0.229164 0.229163 0.229163 0.229163 0.229163 0.229163 0.229163 0.229163 0.229163 0.229163 0.229163 0.229163 0.229163 0.229163 0.229163 0.229162 0.229161 0.229158 0.229145 0.229105 0.228987 0.228655 0.227794 0.225720 0.221119 0.211762 0.194446 0.165535 0.122406 0.065542 0.000000 
50.000000 37.288278 25.868238 16.639248 9.913873 5.479952 2.824988 1.375013 0.649612 0.315740 0.173776 0.117787 0.097230 0.090178 0.087911 0.087226 0.087030 0.086978 0.086964 0.086961 0.086960 0.086960 0.086960 0.086960 0.086960 0.086960 0.086960 0.086960 0.086960 0.086960 0.086960 0.086960 0.086960 0.086960 0.086960 0.086959 0.086958 0.086953 0.086936 0.086888 0.086753 0.086406 0.085576 0.083751 0.080078 0.073355 0.062259 0.045890 0.024508 0.000000 
50.000000 37.273932 25.841017 16.601643 9.868722 5.429844 2.771925 1.320344 0.594144 0.259906 0.117787 0.061738 0.041159 0.034100 0.031830 0.031144 0.030948 0.030896 0.030882 0.030879 0.030878 0.030878 0.030878 0.030878 0.030878 0.030878 0.030878 0.030878 0.030878 0.030878 0.030878 0.030878 0.030878 0.030878 0.030878 0.030878 0.030877 0.030875 0.030869 0.030851 0.030800 0.030671 0.030364 0.029693 0.028354 0.025925 0.021952 0.016141 0.008604 0.000000 
50.000000 37.268661 25.831016 16.587827 9.852137 5.411440 2.752438 1.300269 0.573776 0.239405 0.097230 0.041159 0.020572 0.013510 0.011239 0.010553 0.010357 0.010305 0.010291 0.010288 0.010287 0.010287 0.010287 0.010287 0.010287 0.010287 0.010287 0.010287 0.010287 0.010287 0.010287 0.010287 0.010287 0.010287 0.010287 0.010287 0.010287 0.010286 0.010284 0.010277 0.010260 0.010215 0.010109 0.009879 0.009424 0.008604 0.007272 0.005337 0.002841 0.000000 
50.000000 37.266851 25.827582 16.583085 9.846445 5.405125 2.745752 1.293382 0.566790 0.232372 0.090178 0.034100 0.013510 0.006447 0.004176 0.003490 0.003294 0.003241 0.003228 0.003224 0.003224 0.003224 0.003224 0.003224 0.003224 0.003224 0.003224 0.003224 0.003224 0.003224 0.003224 0.003224 0.003224 0.003224 0.003224 0.003224 0.003223 0.003223 0.003223 0.003220 0.003215 0.003200 0.003166 0.003092 0.002947 0.002688 0.002268 0.001662 0.000884 0.000000 
50.000000 37.266269 25.826478 16.581560 9.844614 5.403094 2.743602 1.291167 0.564543 0.230111 0.087911 0.031830 0.011239 0.004176 0.001905 0.001219 0.001023 0.000970 0.000957 0.000953 0.000953 0.000953 0.000953 0.000953 0.000953 0.000953 0.000953 0.000953 0.000953 0.000953 0.000953 0.000953 0.000953 0.000953 0.000953 0.000952 0.000952 0.000952 0.000952 0.000952 0.000950 0.000945 0.000935 0.000913 0.000870 0.000792 0.000668 0.000489 0.000260 0.000000 
50.000000 37.266093 25.826143 16.581098 9.844060 5.402480 2.742952 1.290498 0.563864 0.229428 0.087226 0.031144 0.010553 0.003490 0.001219 0.000532 0.000336 0.000284 0.000270 0.000267 0.000266 0.000266 0.000266 0.000266 0.000266 0.000266 0.000266 0.000266 0.000266 0.000266 0.000266 0.000266 0.000266 0.000266 0.000266 0.000266 0.000266 0.000266 0.000266 0.000266 0.000265 0.000264 0.000261 0.000255 0.000243 0.000221 0.000186 0.000136 0.000072 0.000000 
50.000000 37.266043 25.826048 16.580967 9.843903 5.402305 2.742767 1.290307 0.563670 0.229233 0.087030 0.030948 0.010357 0.003294 0.001023 0.000336 0.000141 0.000088 0.000075 0.000071 0.000071 0.000070 0.000070 0.000070 0.000070 0.000070 0.000070 0.000070 0.000070 0.000070 0.000070 0.000070 0.000070 0.000070 0.000070 0.000070 0.000070 0.000070 0.000070 0.000070 0.000070 0.000070 0.000069 0.000067 0.000064 0.000058 0.000049 0.000036 0.000019 0.000000 
50.000000 37.266029 25.826022 16.580931 9.843860 5.402258 2.742717 1.290255 0.563618 0.229180 0.086978 0.030896 0.010305 0.003241 0.000970 0.000284 0.000088 0.000035 0.000022 0.000019 0.000018 0.000018 0.000018 0.000018 0.000018 0.000018 0.000018 0.000018 0.000018 0.000018 0.000018 0.000018 0.000018 0.000018 0.000018 0.000018 0.000018 0.000018 0.000018 0.000018 0.000018 0.000018 0.000017 0.000017 0.000016 0.000015 0.000012 0.000009 0.000005 0.000000 
50.000000 37.266026 25.826016 16.580922 9.843849 5.402246 2.742704 1.290242 0.563605 0.229167 0.086964 0.030882 0.010291 0.003228 0.000957 0.000270 0.000075 0.000022 0.000008 0.000005 0.000004 0.000004 0.000004 0.000004 0.000004 0.000004 0.000004 0.000004 0.000004 0.000004 0.000004 0.000004 0.000004 0.000004 0.000004 0.000004 0.000004 0.000004 0.000004 0.000004 0.000004 0.000004 0.000004 0.000004 0.000004 0.000003 0.000003 0.000002 0.000001 0.000000 
50.000000 37.266025 25.826014 16.580920 9.843847 5.402243 2.742701 1.290239 0.563602 0.229164 0.086961 0.030879 0.010288 0.003224 0.000953 0.000267 0.000071 0.000019 0.000005 0.000002 0.000001 0.000001 0.000001 0.000001 0.000001 0.000001 0.000001 0.000001 0.000001 0.000001 0.000001 0.000001 0.000001 0.000001 0.000001 0.000001 0.000001 0.000001 0.000001 0.000001 0.000001 0.000001 0.000001 0.000001 0.000001 0.000001 0.000001 0.000000 0.000000 0.000000 
50.000000 37.266025 25.826014 16.580920 9.843846 5.402242 2.742700 1.290238 0.563601 0.229163 0.086960 0.030878 0.010287 0.003224 0.000953 0.000266 0.000071 0.000018 0.000004 0.000001 0.000000 0.000000 0.000000 0.000000 0.000000 0.000000 0.000000 0.000000 0.000000 0.000000 0.000000 0.000000 0.000000 0.000000 0.000000 0.000000 0.000000 0.000000 0.000000 0.000000 0.000000 0.000000 0.000000 0.000000 0.000000 0.000000 0.000000 0.000000 0.000000 0.000000 
50.000000 37.266025 25.826014 16.580920 9.843846 5.402242 2.742700 1.290238 0.563601 0.229163 0.086960 0.030878 0.010287 0.003224 0.000953 0.000266 0.000070 0.000018 0.000004 0.000001 0.000000 0.000000 0.000000 0.000000 0.000000 0.000000 0.000000 0.000000 0.000000 0.000000 0.000000 0.000000 0.000000 0.000000 0.000000 0.000000 0.000000 0.000000 0.000000 0.000000 0.000000 0.000000 0.000000 0.000000 0.000000 0.000000 0.000000 0.000000 0.000000 0.000000 
50.000000 37.266025 25.826014 16.580919 9.843846 5.402242 2.742700 1.290238 0.563601 0.229163 0.086960 0.030878 0.010287 0.003224 0.000953 0.000266 0.000070 0.000018 0.000004 0.000001 0.000000 0.000000 0.000000 0.000000 0.000000 0.000000 0.000000 0.000000 0.000000 0.000000 0.000000 0.000000 0.000000 0.000000 0.000000 0.000000 0.000000 0.000000 0.000000 0.000000 0.000000 0.000000 0.000000 0.000000 0.000000 0.000000 0.000000 0.000000 0.000000 0.000000 
50.000000 37.266025 25.826014 16.580919 9.843846 5.402242 2.742700 1.290238 0.563601 0.229163 0.086960 0.030878 0.010287 0.003224 0.000953 0.000266 0.000070 0.000018 0.000004 0.000001 0.000000 0.000000 0.000000 0.000000 0.000000 0.000000 0.000000 0.000000 0.000000 0.000000 0.000000 0.000000 0.000000 0.000000 0.000000 0.000000 0.000000 0.000000 0.000000 0.000000 0.000000 0.000000 0.000000 0.000000 0.000000 0.000000 0.000000 0.000000 0.000000 0.000000 
50.000000 37.266025 25.826014 16.580919 9.843846 5.402242 2.742700 1.290238 0.563601 0.229163 0.086960 0.030878 0.010287 0.003224 0.000953 0.000266 0.000070 0.000018 0.000004 0.000001 0.000000 0.000000 0.000000 0.000000 0.000000 0.000000 0.000000 0.000000 0.000000 0.000000 0.000000 0.000000 0.000000 0.000000 0.000000 0.000000 0.000000 0.000000 0.000000 0.000000 0.000000 0.000000 0.000000 0.000000 0.000000 0.000000 0.000000 0.000000 0.000000 0.000000 
50.000000 37.266025 25.826014 16.580919 9.843846 5.402242 2.742700 1.290238 0.563601 0.229163 0.086960 0.030878 0.010287 0.003224 0.000953 0.000266 0.000070 0.000018 0.000004 0.000001 0.000000 0.000000 0.000000 0.000000 0.000000 0.000000 0.000000 0.000000 0.000000 0.000000 0.000000 0.000000 0.000000 0.000000 0.000000 0.000000 0.000000 0.000000 0.000000 0.000000 0.000000 0.000000 0.000000 0.000000 0.000000 0.000000 0.000000 0.000000 0.000000 0.000000 
50.000000 37.266025 25.826014 16.580919 9.843846 5.402242 2.742700 1.290238 0.563601 0.229163 0.086960 0.030878 0.010287 0.003224 0.000953 0.000266 0.000070 0.000018 0.000004 0.000001 0.000000 0.000000 0.000000 0.000000 0.000000 0.000000 0.000000 0.000000 0.000000 0.000000 0.000000 0.000000 0.000000 0.000000 0.000000 0.000000 0.000000 0.000000 0.000000 0.000000 0.000000 0.000000 0.000000 0.000000 0.000000 0.000000 0.000000 0.000000 0.000000 0.000000 
50.000000 37.266025 25.826014 16.580919 9.843846 5.402242 2.742700 1.290238 0.563601 0.229163 0.086960 0.030878 0.010287 0.003224 0.000953 0.000266 0.000070 0.000018 0.000004 0.000001 0.000000 0.000000 0.000000 0.000000 0.000000 0.000000 0.000000 0.000000 0.000000 0.000000 0.000000 0.000000 0.000000 0.000000 0.000000 0.000000 0.000000 0.000000 0.000000 0.000000 0.000000 0.000000 0.000000 0.000000 0.000000 0.000000 0.000000 0.000000 0.000000 0.000000 
50.000000 37.266025 25.826014 16.580920 9.843846 5.402242 2.742700 1.290238 0.563601 0.229163 0.086960 0.030878 0.010287 0.003224 0.000953 0.000266 0.000070 0.000018 0.000004 0.000001 0.000000 0.000000 0.000000 0.000000 0.000000 0.000000 0.000000 0.000000 0.000000 0.000000 0.000000 0.000000 0.000000 0.000000 0.000000 0.000000 0.000000 0.000000 0.000000 0.000000 0.000000 0.000000 0.000000 0.000000 0.000000 0.000000 0.000000 0.000000 0.000000 0.000000 
50.000000 37.266025 25.826014 16.580920 9.843846 5.402242 2.742700 1.290238 0.563601 0.229163 0.086960 0.030878 0.010287 0.003224 0.000953 0.000266 0.000071 0.000018 0.000004 0.000001 0.000000 0.000000 0.000000 0.000000 0.000000 0.000000 0.000000 0.000000 0.000000 0.000000 0.000000 0.000000 0.000000 0.000000 0.000000 0.000000 0.000000 0.000000 0.000000 0.000000 0.000000 0.000000 0.000000 0.000000 0.000000 0.000000 0.000000 0.000000 0.000000 0.000000 
50.000000 37.266025 25.826014 16.580920 9.843847 5.402243 2.742701 1.290239 0.563602 0.229164 0.086961 0.030879 0.010288 0.003224 0.000953 0.000267 0.000071 0.000019 0.000005 0.000002 0.000001 0.000001 0.000001 0.000001 0.000001 0.000001 0.000001 0.000001 0.000001 0.000001 0.000001 0.000001 0.000001 0.000001 0.000001 0.000001 0.000001 0.000001 0.000001 0.000001 0.000001 0.000001 0.000001 0.000001 0.000001 0.000001 0.000001 0.000000 0.000000 0.000000 
50.000000 37.266026 25.826016 16.580922 9.843849 5.402246 2.742704 1.290242 0.563605 0.229167 0.086964 0.030882 0.010291 0.003228 0.000957 0.000270 0.000075 0.000022 0.000008 0.000005 0.000004 0.000004 0.000004 0.000004 0.000004 0.000004 0.000004 0.000004 0.000004 0.000004 0.000004 0.000004 0.000004 0.000004 0.000004 0.000004 0.000004 0.000004 0.000004 0.000004 0.000004 0.000004 0.000004 0.000004 0.000004 0.000003 0.000003 0.000002 0.000001 0.000000 
50.000000 37.266029 25.826022 16.580931 9.843860 5.402258 2.742717 1.290255 0.563618 0.229180 0.086978 0.030896 0.010305 0.003241 0.000970 0.000284 0.000088 0.000035 0.000022 0.000019 0.000018 0.000018 0.000018 0.000018 0.000018 0.000018 0.000018 0.000018 0.000018 0.000018 0.000018 0.000018 0.000018 0.000018 0.000018 0.000018 0.000018 0.000018 0.000018 0.000018 0.000018 0.000018 0.000017 0.000017 0.000016 0.000015 0.000012 0.000009 0.000005 0.000000 
50.000000 37.266043 25.826048 16.580967 9.843903 5.402305 2.742767 1.290307 0.563670 0.229233 0.087030 0.030948 0.010357 0.003294 0.001023 0.000336 0.000141 0.000088 0.000075 0.000071 0.000071 0.000070 0.000070 0.000070 0.000070 0.000070 0.000070 0.000070 0.000070 0.000070 0.000070 0.000070 0.000070 0.000070 0.000070 0.000070 0.000070 0.000070 0.000070 0.000070 0.000070 0.000070 0.000069 0.000067 0.000064 0.000058 0.000049 0.000036 0.000019 0.000000 
50.000000 37.266093 25.826143 16.581098 9.844060 5.402480 2.742952 1.290498 0.563864 0.229428 0.087226 0.031144 0.010553 0.003490 0.001219 0.000532 0.000336 0.000284 0.000270 0.000267 0.000266 0.000266 0.000266 0.000266 0.000266 0.000266 0.000266 0.000266 0.000266 0.000266 0.000266 0.000266 0.000266 0.000266 0.000266 0.000266 0.000266 0.000266 0.000266 0.000266 0.000265 0.000264 0.000261 0.000255 0.000243 0.000221 0.000186 0.000136 0.000072 0.000000 
50.000000 37.266269 25.826478 16.581560 9.844614 5.403094 2.743602 1.291167 0.564543 0.230111 0.087911 0.031830 0.011239 0.004176 0.001905 0.001219 0.001023 0.000970 0.000957 0.000953 0.000953 0.000953 0.000953 0.000953 0.000953 0.000953 0.000953 0.000953 0.000953 0.000953 0.000953 0.000953 0.000953 0.000953 0.000953 0.000952 0.000952 0.000952 0.000952 0.000952 0.000950 0.000945 0.000935 0.000913 0.000870 0.000792 0.000668 0.000489 0.000260 0.000000 
50.000000 37.266851 25.827582 16.583085 9.846445 5.405125 2.745752 1.293382 0.566790 0.232372 0.090178 0.034100 0.013510 0.006447 0.004176 0.003490 0.003294 0.003241 0.003228 0.003224 0.003224 0.003224 0.003224 0.003224 0.003224 0.003224 0.003224 0.003224 0.003224 0.003224 0.003224 0.003224 0.003224 0.003224 0.003224 0.003224 0.003223 0.003223 0.003223 0.003220 0.003215 0.003200 0.003166 0.003092 0.002947 0.002688 0.002268 0.001662 0.000884 0.000000 
50.000000 37.268661 25.831016 16.587827 9.852137 5.411440 2.752438 1.300269 0.573776 0.239405 0.097230 0.041159 0.020572 0.013510 0.011239 0.010553 0.010357 0.010305 0.010291 0.010288 0.010287 0.010287 0.010287 0.010287 0.010287 0.010287 0.010287 0.010287 0.010287 0.010287 0.010287 0.010287 0.010287 0.010287 0.010287 0.010287 0.010287 0.010286 0.010284 0.010277 0.010260 0.010215 0.010109 0.009879 0.009424 0.008604 0.007272 0.005337 0.002841 0.000000 
50.000000 37.273932 25.841017 16.601643 9.868722 5.429844 2.771925 1.320344 0.594144 0.259906 0.117787 0.061738 0.041159 0.034100 0.031830 0.031144 0.030948 0.030896 0.030882 0.030879 0.030878 0.030878 0.030878 0.030878 0.030878 0.030878 0.030878 0.030878 0.030878 0.030878 0.030878 0.030878 0.030878 0.030878 0.030878 0.030878 0.030877 0.030875 0.030869 0.030851 0.030800 0.030671 0.030364 0.029693 0.028354 0.025925 0.021952 0.016141 0.008604 0.000000 
50.000000 37.288278 25.868238 16.639248 9.913873 5.479952 2.824988 1.375013 0.649612 0.315740 0.173776 0.117787 0.097230 0.090178 0.087911 0.087226 0.087030 0.086978 0.086964 0.086961 0.086960 0.086960 0.086960 0.086960 0.086960 0.086960 0.086960 0.086960 0.086960 0.086960 0.086960 0.086960 0.086960 0.086960 0.086960 0.086959 0.086958 0.086953 0.086936 0.086888 0.086753 0.086406 0.085576 0.083751 0.080078 0.073355 0.062259 0.045890 0.024508 0.000000 
50.000000 37.324625 25.937212 16.734547 10.028312 5.606970 2.959512 1.513619 0.790251 0.457310 0.315740 0.259906 0.239405 0.232372 0.230111 0.229428 0.229233 0.229180 0.229167 0.229164 0.229163 0.229163 0.229163 0.229163 0.229163 0.229163 0.229163 0.229163 0.229163 0.229163 0.229163 0.229163 0.229163 0.229163 0.229162 0.229161 0.229158 0.229145 0.229105 0.228987 0.228655 0.227794 0.225720 0.221119 0.211762 0.194446 0.165535 0.122406 0.065542 0.000000 
50.000000 37.410047 26.099326 16.958559 10.297344 5.905613 3.275834 1.839565 1.120994 0.790251 0.649612 0.594144 0.573776 0.566790 0.564543 0.563864 0.563670 0.563618 0.563605 0.563602 0.563601 0.563601 0.563601 0.563601 0.563601 0.563601 0.563601 0.563601 0.563601 0.563601 0.563601 0.563601 0.563601 0.563600 0.563600 0.563598 0.563589 0.563562 0.563473 0.563206 0.562458 0.560497 0.555732 0.545041 0.523028 0.481727 0.411742 0.305794 0.164328 0.000000 
50.000000 37.595520 26.451341 17.445029 10.881655 6.554309 3.962997 2.547682 1.839565 1.513619 1.375013 1.320344 1.300269 1.293382 1.291167 1.290498 1.290307 1.290255 1.290242 1.290239 1.290238 1.290238 1.290238 1.290238 1.290238 1.290238 1.290238 1.290238 1.290238 1.290238 1.290238 1.290238 1.290238 1.290238 1.290237 1.290232 1.290216 1.290160 1.289980 1.289437 1.287899 1.283833 1.273841 1.251127 1.203635 1.112968 0.956372 0.714600 0.386027 0.000000 
50.000000 37.966028 27.154587 18.416983 12.049217 7.850659 5.336340 3.962997 3.275834 2.959512 2.824988 2.771925 2.752438 2.745752 2.743602 2.742952 2.742767 2.742717 2.742704 2.742701 2.742700 2.742700 2.742700 2.742700 2.742700 2.742700 2.742700 2.742700 2.742700 2.742700 2.742700 2.742700 2.742700 2.742699 2.742697 2.742689 2.742660 2.742559 2.742232 2.741237 2.738393 2.730793 2.711870 2.668170 2.575072 2.393391 2.071659 1.561441 0.850215 0.000000 
50.000000 38.644072 28.441630 20.195952 14.186419 10.223831 7.850659 6.554309 5.905613 5.606970 5.479952 5.429844 5.411440 5.405125 5.403094 5.402480 5.402305 5.402258 5.402246 5.402243 5.402242 5.402242 5.402242 5.402242 5.402242 5.402242 5.402242 5.402242 5.402242 5.402242 5.402242 5.402242 5.402242 5.402241 5.402237 5.402225 5.402178 5.402016 5.401490 5.399874 5.395209 5.382585 5.350673 5.275586 5.111916 4.783506 4.182446 3.193088 1.760926 0.000000 
50.000000 39.775894 30.590135 23.165872 17.754703 14.186419 12.049217 10.881655 10.297344 10.028312 9.913873 9.868722 9.852137 9.846445 9.844614 9.844060 9.843903 9.843860 9.843849 9.843847 9.843846 9.843846 9.843846 9.843846 9.843846 9.843846 9.843846 9.843846 9.843846 9.843846 9.843846 9.843846 9.843845 9.843844 9.843840 9.843822 9.843757 9.843533 9.842798 9.840518 9.833866 9.815618 9.768687 9.655826 9.402914 8.877352 7.872482 6.129000 3.454182 0.000000 
50.000000 41.491952 33.847822 27.669321 23.165872 20.195952 18.416983 17.445029 16.958559 16.734547 16.639248 16.601643 16.587827 16.583085 16.581560 16.581098 16.580967 16.580931 16.580922 16.580920 16.580920 16.580920 16.580919 16.580919 16.580919 16.580919 16.580919 16.580919 16.580919 16.580919 16.580919 16.580919 16.580919 16.580918 16.580913 16.580892 16.580817 16.580556 16.579691 16.576988 16.569012 16.546817 16.488658 16.345324 16.013506 15.293390 13.834660 11.105429 6.511038 0.000000 
50.000000 43.846101 38.316981 33.847822 30.590135 28.441630 27.154587 26.451341 26.099326 25.937212 25.868238 25.841017 25.831016 25.827582 25.826478 25.826143 25.826048 25.826022 25.826016 25.826014 25.826014 25.826014 25.826014 25.826014 25.826014 25.826014 25.826014 25.826014 25.826014 25.826014 25.826014 25.826014 25.826013 25.826012 25.826007 25.825989 25.825920 25.825679 25.824876 25.822347 25.814807 25.793532 25.736740 25.593146 25.248542 24.461135 22.742393 19.158490 12.122629 0.000000 
50.000000 46.758521 43.846101 41.491952 39.775894 38.644072 37.966028 37.595520 37.410047 37.324625 37.288278 37.273932 37.268661 37.266851 37.266269 37.266093 37.266043 37.266029 37.266026 37.266025 37.266025 37.266025 37.266025 37.266025 37.266025 37.266025 37.266025 37.266025 37.266025 37.266025 37.266025 37.266025 37.266024 37.266024 37.266021 37.266009 37.265968 37.265820 37.265328 37.263769 37.259084 37.245719 37.209493 37.115813 36.883145 36.321712 34.980915 31.723472 23.379260 0.000000 
50.000000 50.000000 50.000000 50.000000 50.000000 50.000000 50.000000 50.000000 50.000000 50.000000 50.000000 50.000000 50.000000 50.000000 50.000000 50.000000 50.000000 50.000000 50.000000 50.000000 50.000000 50.000000 50.000000 50.000000 50.000000 50.000000 50.000000 50.000000 50.000000 50.000000 50.000000 50.000000 50.000000 50.000000 50.000000 50.000000 50.000000 50.000000 50.000000 50.000000 50.000000 50.000000 50.000000 50.000000 50.000000 50.000000 50.000000 50.000000 50.000000 50.000000 
