50.000000 50.000000 50.000000 50.000000 50.000000 50.000000 50.000000 50.000000 50.000000 50.000000 50.000000 50.000000 50.000000 50.000000 50.000000 50.000000 50.000000 50.000000 50.000000 50.000000 50.000000 50.000000 50.000000 50.000000 50.000000 50.000000 50.000000 50.000000 50.000000 50.000000 50.000000 50.000000 50.000000 50.000000 50.000000 50.000000 50.000000 50.000000 50.000000 50.000000 50.000000 50.000000 50.000000 50.000000 50.000000 50.000000 50.000000 50.000000 50.000000 50.000000 
50.000000 48.539477 47.145892 45.876994 44.774243 43.859258 43.134145 42.585040 42.187481 41.912117 41.729533 41.613555 41.542928 41.501663 41.478512 41.466030 41.459558 41.456327 41.454774 41.454054 41.453732 41.453593 41.453534 41.453511 41.453502 41.453498 41.453496 41.453495 41.453491 41.453483 41.453461 41.453408 41.453283 41.452992 41.452340 41.450920 41.447915 41.441731 41.429351 41.405194 41.359143 41.273097 41.114746 40.825710 40.296980 39.312622 37.405174 33.438850 24.269738 0.000000 
50.000000 47.145892 44.422598 41.942965 39.788019 38.000002 36.583032 35.510010 34.733135 34.195047 33.838263 33.611635 33.473627 33.392993 33.347756 33.323367 33.310720 33.304408 33.301373 33.299966 33.299337 33.299065 33.298951 33.298905 33.298887 33.298880 33.298877 33.298874 33.298867 33.298852 33.298812 33.298715 33.298484 33.297950 33.296756 33.294158 33.288674 33.277428 33.255004 33.211478 33.129095 32.976672 32.700109 32.205856 31.331075 29.787867 27.058202 22.211299 13.707043 0.000000 
50.000000 45.876994 41.942965 38.360938 35.247960 32.665056 30.618168 29.068147 27.945933 27.168661 26.653291 26.325935 26.126590 26.010121 25.944780 25.909553 25.891288 25.882171 25.877788 25.875756 25.874847 25.874454 25.874290 25.874224 25.874198 25.874188 25.874183 25.874179 25.874170 25.874150 25.874098 25.873971 25.873669 25.872975 25.871424 25.868063 25.860994 25.846567 25.817977 25.762918 25.659770 25.471531 25.136327 24.552778 23.557909 21.895733 19.180469 14.884763 8.471820 0.000000 
50.000000 44.774243 39.788019 35.247960 31.302425 28.028757 25.434483 23.469972 22.047688 21.062595 20.409442 19.994575 19.741944 19.594346 19.511544 19.466904 19.443758 19.432206 19.426652 19.424077 19.422926 19.422428 19.422220 19.422136 19.422104 19.422091 19.422085 19.422080 19.422071 19.422048 19.421991 19.421851 19.421520 19.420760 19.419067 19.415414 19.407770 19.392262 19.361760 19.303570 19.195857 19.002312 18.664580 18.092198 17.150696 15.651212 13.352227 10.000152 5.461621 0.000000 
50.000000 43.859258 38.000002 32.665056 28.028757 24.181990 21.133587 18.825220 17.154014 15.996536 15.229100 14.741653 14.444833 14.271422 14.174141 14.121697 14.094505 14.080934 14.074410 14.071385 14.070032 14.069448 14.069204 14.069106 14.069067 14.069052 14.069045 14.069040 14.069031 14.069008 14.068952 14.068815 14.068492 14.067753 14.066113 14.062590 14.055258 14.040486 14.011669 13.957250 13.857783 13.681853 13.380904 12.883528 12.090995 10.878062 9.107147 6.668927 3.562277 0.000000 
50.000000 43.134145 36.583032 30.618168 25.434483 21.133587 17.725348 15.144538 13.276119 11.982076 11.124112 10.579178 10.247360 10.053507 9.944762 9.886140 9.855745 9.840577 9.833284 9.829903 9.828391 9.827738 9.827466 9.827356 9.827313 9.827296 9.827289 9.827284 9.827275 9.827255 9.827205 9.827083 9.826795 9.826140 9.824692 9.821598 9.815198 9.802393 9.777626 9.731335 9.647770 9.502192 9.257723 8.862674 8.250059 7.342285 6.065390 4.377176 2.308435 0.000000 
50.000000 42.585040 35.510010 29.068147 23.469972 18.825220 15.144538 12.357465 10.339753 8.942336 8.015854 7.427414 7.069113 6.859794 6.742376 6.679080 6.646263 6.629886 6.622013 6.618363 6.616731 6.616026 6.615732 6.615613 6.615567 6.615549 6.615541 6.615537 6.615529 6.615513 6.615471 6.615370 6.615134 6.614597 6.613416 6.610905 6.605742 6.595487 6.575819 6.539421 6.474490 6.362951 6.178732 5.886814 5.444316 4.805393 3.931820 2.809901 1.470293 0.000000 
50.000000 42.187481 34.733135 27.945933 22.047688 17.154014 13.276119 10.339753 8.213991 6.741768 5.765707 5.145790 4.768332 4.547827 4.424137 4.357461 4.322894 4.305644 4.297350 4.293507 4.291787 4.291045 4.290735 4.290610 4.290561 4.290542 4.290535 4.290531 4.290525 4.290512 4.290479 4.290402 4.290220 4.289810 4.288911 4.287010 4.283125 4.275461 4.260881 4.234153 4.186990 4.106995 3.976801 3.773927 3.472161 3.045375 2.474402 1.756463 0.914384 0.000000 
50.000000 41.912117 34.195047 27.168661 21.062595 15.996536 11.982076 8.942336 6.741768 5.217758 4.207381 3.565680 3.174966 2.946721 2.818693 2.749680 2.713902 2.696048 2.687465 2.683486 2.681707 2.680939 2.680618 2.680489 2.680438 2.680419 2.680411 2.680407 2.680403 2.680393 2.680370 2.680314 2.680183 2.679888 2.679246 2.677895 2.675148 2.669767 2.659606 2.641140 2.608879 2.554778 2.467846 2.334306 2.138753 1.866738 1.508890 1.065952 0.552974 0.000000 
50.000000 41.729533 33.838263 26.653291 20.409442 15.229100 11.124112 8.015854 5.765707 4.207381 3.174266 2.518134 2.118640 1.885270 1.754369 1.683809 1.647230 1.628976 1.620201 1.616134 1.614315 1.613530 1.613202 1.613069 1.613018 1.612998 1.612991 1.612987 1.612984 1.612977 1.612961 1.612923 1.612834 1.612634 1.612201 1.611294 1.609461 1.605891 1.599199 1.587133 1.566241 1.531554 1.476433 1.392778 1.271850 1.105872 0.890373 0.626785 0.324339 0.000000 
50.000000 41.613555 33.611635 26.325935 19.994575 14.741653 10.579178 7.427414 5.145790 3.565680 2.518134 1.852845 1.447780 1.211159 1.078436 1.006896 0.969808 0.951301 0.942405 0.938281 0.936437 0.935641 0.935309 0.935175 0.935122 0.935102 0.935095 0.935092 0.935089 0.935085 0.935074 0.935049 0.934992 0.934864 0.934588 0.934011 0.932851 0.930606 0.926423 0.918935 0.906075 0.884909 0.851595 0.801552 0.729984 0.632815 0.507958 0.356632 0.184204 0.000000 
50.000000 41.542928 33.473627 26.126590 19.741944 14.444833 10.247360 7.069113 4.768332 3.174966 2.118640 1.447780 1.039327 0.800729 0.666898 0.594762 0.557366 0.538705 0.529735 0.525577 0.523718 0.522915 0.522580 0.522445 0.522392 0.522372 0.522364 0.522361 0.522359 0.522357 0.522350 0.522335 0.522300 0.522222 0.522054 0.521705 0.521007 0.519664 0.517175 0.512749 0.505199 0.492871 0.473626 0.444968 0.404347 0.349682 0.280022 0.196199 0.101198 0.000000 
50.000000 41.501663 33.392993 26.010121 19.594346 14.271422 10.053507 6.859794 4.547827 2.946721 1.885270 1.211159 0.800729 0.560977 0.426501 0.354017 0.316441 0.297690 0.288677 0.284500 0.282631 0.281825 0.281488 0.281352 0.281299 0.281279 0.281272 0.281269 0.281267 0.281265 0.281262 0.281253 0.281232 0.281187 0.281090 0.280889 0.280489 0.279721 0.278308 0.275809 0.271573 0.264702 0.254052 0.238310 0.216164 0.186577 0.149127 0.104319 0.053748 0.000000 
50.000000 41.478512 33.347756 25.944780 19.511544 14.174141 9.944762 6.742376 4.424137 2.818693 1.754369 1.078436 0.666898 0.426501 0.291663 0.218984 0.181307 0.162507 0.153470 0.149281 0.147408 0.146599 0.146262 0.146125 0.146072 0.146052 0.146045 0.146042 0.146041 0.146039 0.146037 0.146032 0.146021 0.145996 0.145942 0.145832 0.145612 0.145193 0.144425 0.143075 0.140798 0.137127 0.131471 0.123164 0.111551 0.096130 0.076717 0.053598 0.027592 0.000000 
50.000000 41.466030 33.323367 25.909553 19.466904 14.121697 9.886140 6.679080 4.357461 2.749680 1.683809 1.006896 0.594762 0.354017 0.218984 0.146201 0.108470 0.089642 0.080592 0.076398 0.074522 0.073712 0.073374 0.073237 0.073184 0.073164 0.073157 0.073154 0.073153 0.073152 0.073151 0.073148 0.073142 0.073129 0.073100 0.073042 0.072927 0.072708 0.072308 0.071608 0.070434 0.068550 0.065664 0.061447 0.055584 0.047837 0.038129 0.026611 0.013690 0.000000 
50.000000 41.459558 33.310720 25.891288 19.443758 14.094505 9.855745 6.646263 4.322894 2.713902 1.647230 0.969808 0.557366 0.316441 0.181307 0.108470 0.070711 0.051870 0.042813 0.038615 0.036738 0.035927 0.035589 0.035452 0.035399 0.035379 0.035372 0.035369 0.035368 0.035367 0.035367 0.035365 0.035362 0.035355 0.035341 0.035312 0.035254 0.035144 0.034944 0.034595 0.034013 0.033084 0.031667 0.029606 0.026752 0.022999 0.018313 0.012770 0.006566 0.000000 
50.000000 41.456327 33.304408 25.882171 19.432206 14.080934 9.840577 6.629886 4.305644 2.696048 1.628976 0.951301 0.538705 0.297690 0.162507 0.089642 0.051870 0.033021 0.023961 0.019762 0.017884 0.017073 0.016735 0.016598 0.016545 0.016525 0.016517 0.016515 0.016514 0.016513 0.016513 0.016512 0.016511 0.016507 0.016500 0.016486 0.016458 0.016405 0.016309 0.016142 0.015865 0.015423 0.014753 0.013781 0.012442 0.010687 0.008502 0.005924 0.003045 0.000000 
50.000000 41.454774 33.301373 25.877788 19.426652 14.074410 9.833284 6.622013 4.297350 2.687465 1.620201 0.942405 0.529735 0.288677 0.153470 0.080592 0.042813 0.023961 0.014899 0.010699 0.008821 0.008010 0.007672 0.007535 0.007482 0.007461 0.007454 0.007451 0.007450 0.007450 0.007450 0.007450 0.007449 0.007447 0.007444 0.007437 0.007424 0.007400 0.007355 0.007278 0.007151 0.006949 0.006643 0.006201 0.005594 0.004801 0.003817 0.002658 0.001366 0.000000 
50.000000 41.454054 33.299966 25.875756 19.424077 14.071385 9.829903 6.618363 4.293507 2.683487 1.616134 0.938281 0.525577 0.284500 0.149281 0.076398 0.038615 0.019762 0.010699 0.006499 0.004621 0.003810 0.003471 0.003335 0.003281 0.003261 0.003254 0.003251 0.003250 0.003250 0.003250 0.003249 0.003249 0.003248 0.003247 0.003244 0.003238 0.003227 0.003207 0.003173 0.003117 0.003027 0.002893 0.002699 0.002433 0.002087 0.001658 0.001154 0.000593 0.000000 
50.000000 41.453732 33.299337 25.874847 19.422926 14.070032 9.828391 6.616731 4.291788 2.681707 1.614315 0.936438 0.523718 0.282632 0.147408 0.074522 0.036738 0.017884 0.008821 0.004621 0.002743 0.001932 0.001593 0.001456 0.001403 0.001383 0.001375 0.001373 0.001372 0.001372 0.001371 0.001371 0.001371 0.001371 0.001370 0.001369 0.001366 0.001362 0.001353 0.001338 0.001314 0.001276 0.001219 0.001137 0.001024 0.000878 0.000697 0.000485 0.000249 0.000000 
50.000000 41.453593 33.299065 25.874454 19.422428 14.069448 9.827739 6.616027 4.291045 2.680939 1.613530 0.935642 0.522915 0.281825 0.146600 0.073712 0.035928 0.017074 0.008011 0.003810 0.001932 0.001121 0.000782 0.000646 0.000592 0.000572 0.000565 0.000562 0.000561 0.000561 0.000561 0.000561 0.000560 0.000560 0.000560 0.000560 0.000558 0.000556 0.000553 0.000547 0.000537 0.000521 0.000498 0.000464 0.000418 0.000358 0.000284 0.000198 0.000101 0.000000 
50.000000 41.453535 33.298952 25.874291 19.422221 14.069205 9.827467 6.615733 4.290736 2.680620 1.613203 0.935310 0.522581 0.281489 0.146263 0.073375 0.035590 0.016736 0.007673 0.003473 0.001594 0.000783 0.000445 0.000308 0.000255 0.000234 0.000227 0.000224 0.000223 0.000223 0.000223 0.000223 0.000223 0.000223 0.000223 0.000223 0.000222 0.000221 0.000220 0.000217 0.000213 0.000207 0.000198 0.000184 0.000166 0.000142 0.000113 0.000078 0.000040 0.000000 
50.000000 41.453512 33.298907 25.874226 19.422139 14.069108 9.827359 6.615617 4.290614 2.680493 1.613073 0.935179 0.522449 0.281356 0.146129 0.073241 0.035456 0.016602 0.007539 0.003339 0.001460 0.000649 0.000311 0.000174 0.000121 0.000100 0.000093 0.000090 0.000089 0.000089 0.000089 0.000089 0.000089 0.000089 0.000089 0.000089 0.000089 0.000088 0.000088 0.000087 0.000085 0.000083 0.000079 0.000073 0.000066 0.000057 0.000045 0.000031 0.000016 0.000000 
50.000000 41.453504 33.298891 25.874203 19.422111 14.069075 9.827322 6.615577 4.290572 2.680449 1.613029 0.935133 0.522403 0.281310 0.146084 0.073196 0.035411 0.016556 0.007493 0.003293 0.001414 0.000603 0.000265 0.000128 0.000075 0.000054 0.000047 0.000044 0.000043 0.000043 0.000043 0.000043 0.000043 0.000043 0.000043 0.000043 0.000043 0.000043 0.000042 0.000042 0.000041 0.000040 0.000038 0.000035 0.000032 0.000027 0.000022 0.000015 0.000008 0.000000 
50.000000 41.453504 33.298891 25.874203 19.422111 14.069075 9.827322 6.615577 4.290572 2.680449 1.613029 0.935133 0.522403 0.281310 0.146084 0.073196 0.035411 0.016556 0.007493 0.003293 0.001414 0.000603 0.000265 0.000128 0.000075 0.000054 0.000047 0.000044 0.000043 0.000043 0.000043 0.000043 0.000043 0.000043 0.000043 0.000043 0.000043 0.000043 0.000042 0.000042 0.000041 0.000040 0.000038 0.000035 0.000032 0.000027 0.000022 0.000015 0.000008 0.000000 
50.000000 41.453512 33.298907 25.874226 19.422139 14.069108 9.827359 6.615617 4.290614 2.680493 1.613073 0.935179 0.522449 0.281356 0.146129 0.073241 0.035456 0.016602 0.007539 0.003339 0.001460 0.000649 0.000311 0.000174 0.000121 0.000100 0.000093 0.000090 0.000089 0.000089 0.000089 0.000089 0.000089 0.000089 0.000089 0.000089 0.000089 0.000088 0.000088 0.000087 0.000085 0.000083 0.000079 0.000073 0.000066 0.000057 0.000045 0.000031 0.000016 0.000000 
50.000000 41.453535 33.298952 25.874291 19.422221 14.069205 9.827467 6.615733 4.290736 2.680620 1.613203 0.935310 0.522581 0.281489 0.146263 0.073375 0.035590 0.016736 0.007673 0.003473 0.001594 0.000783 0.000445 0.000308 0.000255 0.000234 0.000227 0.000224 0.000223 0.000223 0.000223 0.000223 0.000223 0.000223 0.000223 0.000223 0.000222 0.000221 0.000220 0.000217 0.000213 0.000207 0.000198 0.000184 0.000166 0.000142 0.000113 0.000078 0.000040 0.000000 
50.000000 41.453593 33.299065 25.874454 19.422428 14.069448 9.827739 6.616027 4.291045 2.680939 1.613530 0.935642 0.522915 0.281825 0.146600 0.073712 0.035928 0.017074 0.008011 0.003810 0.001932 0.001121 0.000782 0.000646 0.000592 0.000572 0.000565 0.000562 0.000561 0.000561 0.000561 0.000561 0.000560 0.000560 0.000560 0.000560 0.000558 0.000556 0.000553 0.000547 0.000537 0.000521 0.000498 0.000464 0.000418 0.000358 0.000284 0.000198 0.000101 0.000000 
50.000000 41.453732 33.299337 25.874847 19.422926 14.070032 9.828391 6.616731 4.291788 2.681707 1.614315 0.936438 0.523718 0.282632 0.147408 0.074522 0.036738 0.017884 0.008821 0.004621 0.002743 0.001932 0.001593 0.001456 0.001403 0.001383 0.001375 0.001373 0.001372 0.001372 0.001371 0.001371 0.001371 0.001371 0.001370 0.001369 0.001366 0.001362 0.001353 0.001338 0.001314 0.001276 0.001219 0.001137 0.001024 0.000878 0.000697 0.000485 0.000249 0.000000 
50.000000 41.454054 33.299966 25.875756 19.424077 14.071385 9.829903 6.618363 4.293507 2.683487 1.616134 0.938281 0.525577 0.284500 0.149281 0.076398 0.038615 0.019762 0.010699 0.006499 0.004621 0.003810 0.003471 0.003335 0.003281 0.003261 0.003254 0.003251 0.003250 0.003250 0.003250 0.003249 0.003249 0.003248 0.003247 0.003244 0.003238 0.003227 0.003207 0.003173 0.003117 0.003027 0.002893 0.002699 0.002433 0.002087 0.001658 0.001154 0.000593 0.000000 
50.000000 41.454774 33.301373 25.877788 19.426652 14.074410 9.833284 6.622013 4.297350 2.687465 1.620201 0.942405 0.529735 0.288677 0.153470 0.080592 0.042813 0.023961 0.014899 0.010699 0.008821 0.008010 0.007672 0.007535 0.007482 0.007461 0.007454 0.007451 0.007450 0.007450 0.007450 0.007450 0.007449 0.007447 0.007444 0.007437 0.007424 0.007400 0.007355 0.007278 0.007151 0.006949 0.006643 0.006201 0.005594 0.004801 0.003817 0.002658 0.001366 0.000000 
50.000000 41.456327 33.304408 25.882171 19.432206 14.080934 9.840577 6.629886 4.305644 2.696048 1.628976 0.951301 0.538705 0.297690 0.162507 0.089642 0.051870 0.033021 0.023961 0.019762 0.017884 0.017073 0.016735 0.016598 0.016545 0.016525 0.016517 0.016515 0.016514 0.016513 0.016513 0.016512 0.016511 0.016507 0.016500 0.016486 0.016458 0.016405 0.016309 0.016142 0.015865 0.015423 0.014753 0.013781 0.012442 0.010687 0.008502 0.005924 0.003045 0.000000 
50.000000 41.459558 33.310720 25.891288 19.443758 14.094505 9.855745 6.646263 4.322894 2.713902 1.647230 0.969808 0.557366 0.316441 0.181307 0.108470 0.070711 0.051870 0.042813 0.038615 0.036738 0.035927 0.035589 0.035452 0.035399 0.035379 0.035372 0.035369 0.035368 0.035367 0.035367 0.035365 0.035362 0.035355 0.035341 0.035312 0.035254 0.035144 0.034944 0.034595 0.034013 0.033084 0.031667 0.029606 0.026752 0.022999 0.018313 0.012770 0.006566 0.000000 
50.000000 41.466030 33.323367 25.909553 19.466904 14.121697 9.886140 6.679080 4.357461 2.749680 1.683809 1.006896 0.594762 0.354017 0.218984 0.146201 0.108470 0.089642 0.080592 0.076398 0.074522 0.073712 0.073374 0.073237 0.073184 0.073164 0.073157 0.073154 0.073153 0.073152 0.073151 0.073148 0.073142 0.073129 0.073100 0.073042 0.072927 0.072708 0.072308 0.071608 0.070434 0.068550 0.065664 0.061447 0.055584 0.047837 0.038129 0.026611 0.013690 0.000000 
50.000000 41.478512 33.347756 25.944780 19.511544 14.174141 9.944762 6.742376 4.424137 2.818693 1.754369 1.078436 0.666898 0.426501 0.291663 0.218984 0.181307 0.162507 0.153470 0.149281 0.147408 0.146599 0.146262 0.146125 0.146072 0.146052 0.146045 0.146042 0.146041 0.146039 0.146037 0.146032 0.146021 0.145996 0.145942 0.145832 0.145612 0.145193 0.144425 0.143075 0.140798 0.137127 0.131471 0.123164 0.111551 0.096130 0.076717 0.053598 0.027592 0.000000 
50.000000 41.501663 33.392993 26.010121 19.594346 14.271422 10.053507 6.859794 4.547827 2.946721 1.885270 1.211159 0.800729 0.560977 0.426501 0.354017 0.316441 0.297690 0.288677 0.284500 0.282631 0.281825 0.281488 0.281352 0.281299 0.281279 0.281272 0.281269 0.281267 0.281265 0.281262 0.281253 0.281232 0.281187 0.281090 0.280889 0.280489 0.279721 0.278308 0.275809 0.271573 0.264702 0.254052 0.238310 0.216164 0.186577 0.149127 0.104319 0.053748 0.000000 
50.000000 41.542928 33.473627 26.126590 19.741944 14.444833 10.247360 7.069113 4.768332 3.174966 2.118640 1.447780 1.039327 0.800729 0.666898 0.594762 0.557366 0.538705 0.529735 0.525577 0.523718 0.522915 0.522580 0.522445 0.522392 0.522372 0.522364 0.522361 0.522359 0.522357 0.522350 0.522335 0.522300 0.522222 0.522054 0.521705 0.521007 0.519664 0.517175 0.512749 0.505199 0.492871 0.473626 0.444968 0.404347 0.349682 0.280022 0.196199 0.101198 0.000000 
50.000000 41.613555 33.611635 26.325935 19.994575 14.741653 10.579178 7.427414 5.145790 3.565680 2.518134 1.852845 1.447780 1.211159 1.078436 1.006896 0.969808 0.951301 0.942405 0.938281 0.936437 0.935641 0.935309 0.935175 0.935122 0.935102 0.935095 0.935092 0.935089 0.935085 0.935074 0.935049 0.934992 0.934864 0.934588 0.934011 0.932851 0.930606 0.926423 0.918935 0.906075 0.884909 0.851595 0.801552 0.729984 0.632815 0.507958 0.356632 0.184204 0.000000 
50.000000 41.729533 33.838263 26.653291 20.409442 15.229100 11.124112 8.015854 5.765707 4.207381 3.174266 2.518134 2.118640 1.885270 1.754369 1.683809 1.647230 1.628976 1.620201 1.616134 1.614315 1.613530 1.613202 1.613069 1.613018 1.612998 1.612991 1.612987 1.612984 1.612977 1.612961 1.612923 1.612834 1.612634 1.612201 1.611294 1.609461 1.605891 1.599199 1.587133 1.566241 1.531554 1.476433 1.392778 1.271850 1.105872 0.890373 0.626785 0.324339 0.000000 
50.000000 41.912117 34.195047 27.168661 21.062595 15.996536 11.982076 8.942336 6.741768 5.217758 4.207381 3.565680 3.174966 2.946721 2.818693 2.749680 2.713902 2.696048 2.687465 2.683486 2.681707 2.680939 2.680618 2.680489 2.680438 2.680419 2.680411 2.680407 2.680403 2.680393 2.680370 2.680314 2.680183 2.679888 2.679246 2.677895 2.675148 2.669767 2.659606 2.641140 2.608879 2.554778 2.467846 2.334306 2.138753 1.866738 1.508890 1.065952 0.552974 0.000000 
50.000000 42.187481 34.733135 27.945933 22.047688 17.154014 13.276119 10.339753 8.213991 6.741768 5.765707 5.145790 4.768332 4.547827 4.424137 4.357461 4.322894 4.305644 4.297350 4.293507 4.291787 4.291045 4.290735 4.290610 4.290561 4.290542 4.290535 4.290531 4.290525 4.290512 4.290479 4.290402 4.290220 4.289810 4.288911 4.287010 4.283125 4.275461 4.260881 4.234153 4.186990 4.106995 3.976801 3.773927 3.472161 3.045375 2.474402 1.756463 0.914384 0.000000 
50.000000 42.585040 35.510010 29.068147 23.469972 18.825220 15.144538 12.357465 10.339753 8.942336 8.015854 7.427414 7.069113 6.859794 6.742376 6.679080 6.646263 6.629886 6.622013 6.618363 6.616731 6.616026 6.615732 6.615613 6.615567 6.615549 6.615541 6.615537 6.615529 6.615513 6.615471 6.615370 6.615134 6.614597 6.613416 6.610905 6.605742 6.595487 6.575819 6.539421 6.474490 6.362951 6.178732 5.886814 5.444316 4.805393 3.931820 2.809901 1.470293 0.000000 
50.000000 43.134145 36.583032 30.618168 25.434483 21.133587 17.725348 15.144538 13.276119 11.982076 11.124112 10.579178 10.247360 10.053507 9.944762 9.886140 9.855745 9.840577 9.833284 9.829903 9.828391 9.827738 9.827466 9.827356 9.827313 9.827296 9.827289 9.827284 9.827275 9.827255 9.827205 9.827083 9.826795 9.826140 9.824692 9.821598 9.815198 9.802393 9.777626 9.731335 9.647770 9.502192 9.257723 8.862674 8.250059 7.342285 6.065390 4.377176 2.308435 0.000000 
50.000000 43.859258 38.000002 32.665056 28.028757 24.181990 21.133587 18.825220 17.154014 15.996536 15.229100 14.741653 14.444833 14.271422 14.174141 14.121697 14.094505 14.080934 14.074410 14.071385 14.070032 14.069448 14.069204 14.069106 14.069067 14.069052 14.069045 14.069040 14.069031 14.069008 14.068952 14.068815 14.068492 14.067753 14.066113 14.062590 14.055258 14.040486 14.011669 13.957250 13.857783 13.681853 13.380904 12.883528 12.090995 10.878062 9.107147 6.668927 3.562277 0.000000 
50.000000 44.774243 39.788019 35.247960 31.302425 28.028757 25.434483 23.469972 22.047688 21.062595 20.409442 19.994575 19.741944 19.594346 19.511544 19.466904 19.443758 19.432206 19.426652 19.424077 19.422926 19.422428 19.422220 19.422136 19.422104 19.422091 19.422085 19.422080 19.422071 19.422048 19.421991 19.421851 19.421520 19.420760 19.419067 19.415414 19.407770 19.392262 19.361760 19.303570 19.195857 19.002312 18.664580 18.092198 17.150696 15.651212 13.352227 10.000152 5.461621 0.000000 
50.000000 45.876994 41.942965 38.360938 35.247960 32.665056 30.618168 29.068147 27.945933 27.168661 26.653291 26.325935 26.126590 26.010121 25.944780 25.909553 25.891288 25.882171 25.877788 25.875756 25.874847 25.874454 25.874290 25.874224 25.874198 25.874188 25.874183 25.874179 25.874170 25.874150 25.874098 25.873971 25.873669 25.872975 25.871424 25.868063 25.860994 25.846567 25.817977 25.762918 25.659770 25.471531 25.136327 24.552778 23.557909 21.895733 19.180469 14.884763 8.471820 0.000000 
50.000000 47.145892 44.422598 41.942965 39.788019 38.000002 36.583032 35.510010 34.733135 34.195047 33.838263 33.611635 33.473627 33.392993 33.347756 33.323367 33.310720 33.304408 33.301373 33.299966 33.299337 33.299065 33.298951 33.298905 33.298887 33.298880 33.298877 33.298874 33.298867 33.298852 33.298812 33.298715 33.298484 33.297950 33.296756 33.294158 33.288674 33.277428 33.255004 33.211478 33.129095 32.976672 32.700109 32.205856 31.331075 29.787867 27.058202 22.211299 13.707043 0.000000 
50.000000 48.539477 47.145892 45.876994 44.774243 43.859258 43.134145 42.585040 42.187481 41.912117 41.729533 41.613555 41.542928 41.501663 41.478512 41.466030 41.459558 41.456327 41.454774 41.454054 41.453732 41.453593 41.453534 41.453511 41.453502 41.453498 41.453496 41.453495 41.453491 41.453483 41.453461 41.453408 41.453283 41.452992 41.452340 41.450920 41.447915 41.441731 41.429351 41.405194 41.359143 41.273097 41.114746 40.825710 40.296980 39.312622 37.405174 33.438850 24.269738 0.000000 
50.000000 50.000000 50.000000 50.000000 50.000000 50.000000 50.000000 50.000000 50.000000 50.000000 50.000000 50.000000 50.000000 50.000000 50.000000 50.000000 50.000000 50.000000 50.000000 50.000000 50.000000 50.000000 50.000000 50.000000 50.000000 50.000000 50.000000 50.000000 50.000000 50.000000 50.000000 50.000000 50.000000 50.000000 50.000000 50.000000 50.000000 50.000000 50.000000 50.000000 50.000000 50.000000 50.000000 50.000000 50.000000 50.000000 50.000000 50.000000 50.000000 50.000000 
