50.000000 50.000000 50.000000 50.000000 50.000000 50.000000 50.000000 50.000000 50.000000 50.000000 50.000000 50.000000 50.000000 50.000000 50.000000 50.000000 50.000000 50.000000 50.000000 50.000000 50.000000 50.000000 50.000000 50.000000 50.000000 50.000000 50.000000 50.000000 50.000000 50.000000 50.000000 50.000000 50.000000 50.000000 50.000000 50.000000 50.000000 50.000000 50.000000 50.000000 50.000000 50.000000 50.000000 50.000000 50.000000 50.000000 50.000000 50.000000 50.000000 50.000000 
50.000000 48.609638 47.279941 46.063646 44.999346 44.108224 43.394047 42.845966 42.443008 42.159032 41.967093 41.842591 41.765036 41.718611 41.691886 41.677080 41.669180 41.665118 41.663103 41.662139 41.661693 41.661493 41.661407 41.661371 41.661356 41.661350 41.661347 41.661345 41.661339 41.661326 41.661295 41.661222 41.661052 41.660672 41.659844 41.658087 41.654468 41.647204 41.632998 41.605878 41.555213 41.462276 41.294065 40.991517 40.445065 39.438473 37.504351 33.507442 24.304819 0.000000 
50.000000 47.279941 44.678571 42.299057 40.216908 38.473560 37.076387 36.004160 35.215845 34.660300 34.284811 34.041251 33.889534 33.798716 33.746435 33.717471 33.702018 33.694072 33.690130 33.688244 33.687371 33.686981 33.686813 33.686742 33.686713 33.686701 33.686696 33.686691 33.686681 33.686657 33.686600 33.686464 33.686151 33.685451 33.683926 33.680702 33.674072 33.660810 33.634980 33.585926 33.494934 33.329655 33.034695 32.515230 31.607384 30.022690 27.243256 22.339285 13.772500 0.000000 
50.000000 46.063646 42.299057 38.855538 35.842365 33.319501 31.297612 29.745974 28.605201 27.801278 27.257919 26.905475 26.685936 26.554521 26.478871 26.436961 26.414601 26.403104 26.397401 26.394671 26.393409 26.392845 26.392601 26.392499 26.392457 26.392440 26.392432 26.392425 26.392412 26.392381 26.392305 26.392127 26.391716 26.390799 26.388807 26.384608 26.376009 26.358890 26.325749 26.263304 26.148652 25.943235 25.583448 24.966210 23.927155 22.209542 19.427769 15.055800 8.559294 0.000000 
50.000000 44.999346 40.216908 35.842365 32.014541 28.809609 26.241117 24.270024 22.820883 21.799663 21.109445 20.661750 20.382885 20.215959 20.119870 20.066639 20.038239 20.023635 20.016393 20.012926 20.011323 20.010606 20.010296 20.010167 20.010114 20.010093 20.010083 20.010074 20.010060 20.010025 20.009941 20.009743 20.009288 20.008275 20.006082 20.001480 19.992099 19.973537 19.937873 19.871305 19.750543 19.537511 19.171889 18.561287 17.569653 16.007270 13.632823 10.194218 5.560874 0.000000 
50.000000 44.108224 38.473560 33.319501 28.809609 25.033632 22.007524 19.685279 17.977997 16.774881 15.961738 15.434321 15.105804 14.909162 14.795969 14.733264 14.699811 14.682609 14.674079 14.669995 14.668107 14.667263 14.666898 14.666745 14.666683 14.666658 14.666647 14.666638 14.666623 14.666589 14.666505 14.666309 14.665860 14.664864 14.662716 14.658229 14.649133 14.631258 14.597197 14.534266 14.421539 14.225806 13.896516 13.360298 12.516816 11.239955 9.392345 6.866176 3.663158 0.000000 
50.000000 43.394047 37.076387 31.297612 26.241117 22.007524 18.614715 16.011096 14.096979 12.748130 11.836508 11.245228 10.876940 10.656497 10.529607 10.459316 10.421817 10.402536 10.392974 10.388397 10.386280 10.385335 10.384926 10.384755 10.384685 10.384657 10.384645 10.384636 10.384622 10.384591 10.384515 10.384338 10.383933 10.383038 10.381118 10.377124 10.369080 10.353383 10.323727 10.269499 10.173571 10.009528 9.738630 9.307358 8.647226 7.679830 6.331402 4.561157 2.402530 0.000000 
50.000000 42.845966 36.004160 29.745974 24.270024 19.685279 16.011096 13.191587 11.118784 9.658136 8.670973 8.030709 7.631919 7.393225 7.255832 7.179726 7.139125 7.118249 7.107897 7.102942 7.100651 7.099627 7.099184 7.098999 7.098924 7.098894 7.098881 7.098873 7.098861 7.098834 7.098770 7.098622 7.098284 7.097539 7.095949 7.092659 7.086071 7.073310 7.049403 7.006126 6.930477 6.802928 6.595794 6.272466 5.788764 5.098135 4.162525 2.969465 1.551901 0.000000 
50.000000 42.443008 35.215845 28.605201 22.820883 17.977997 14.096979 11.118784 8.929351 7.386540 6.343866 5.667611 5.246413 4.994311 4.849205 4.768828 4.725949 4.703903 4.692971 4.687738 4.685319 4.684238 4.683771 4.683575 4.683496 4.683464 4.683451 4.683443 4.683434 4.683412 4.683362 4.683246 4.682982 4.682403 4.681172 4.678638 4.673596 4.663896 4.645872 4.613554 4.557681 4.464675 4.315856 4.087450 3.752190 3.283372 2.661966 1.886190 0.980732 0.000000 
50.000000 42.159032 34.660300 27.801278 21.799663 16.774881 12.748130 9.658136 7.386540 5.785854 4.704084 4.002482 3.565505 3.303965 3.153429 3.070045 3.025564 3.002695 2.991355 2.985927 2.983418 2.982296 2.981812 2.981609 2.981526 2.981494 2.981481 2.981474 2.981466 2.981450 2.981413 2.981327 2.981133 2.980710 2.979813 2.977977 2.974345 2.967404 2.954606 2.931859 2.892927 2.828859 2.727659 2.574558 2.353342 2.049120 1.652626 1.165366 0.603819 0.000000 
50.000000 41.967093 34.284811 27.257919 21.109445 15.961738 11.836508 8.670973 6.343866 4.704084 3.595904 2.877185 2.429553 2.161640 2.007438 1.922026 1.876464 1.853039 1.841424 1.835864 1.833294 1.832146 1.831649 1.831441 1.831357 1.831324 1.831310 1.831304 1.831298 1.831287 1.831261 1.831201 1.831067 1.830774 1.830156 1.828898 1.826423 1.821724 1.813121 1.797952 1.772225 1.730313 1.664847 1.567009 1.427473 1.238141 0.994615 0.698884 0.361215 0.000000 
50.000000 41.842591 34.041251 26.905475 20.661750 15.434321 11.245228 8.030709 5.667611 4.002482 2.877185 2.147372 1.692836 1.420794 1.264218 1.177492 1.131229 1.107445 1.095651 1.090007 1.087397 1.086231 1.085727 1.085516 1.085431 1.085397 1.085384 1.085378 1.085373 1.085366 1.085348 1.085309 1.085220 1.085028 1.084625 1.083807 1.082206 1.079183 1.073686 1.064064 1.047876 1.021738 0.981305 0.921501 0.837124 0.723877 0.579726 0.406271 0.209593 0.000000 
50.000000 41.765036 33.889534 26.685936 20.382885 15.105804 10.876940 7.631919 5.246413 3.565505 2.429553 1.692836 1.234004 0.959393 0.801341 0.713798 0.667100 0.643092 0.631188 0.625490 0.622856 0.621679 0.621170 0.620958 0.620871 0.620837 0.620824 0.620819 0.620815 0.620810 0.620799 0.620774 0.620719 0.620599 0.620348 0.619841 0.618855 0.617002 0.613653 0.607829 0.598102 0.582517 0.558609 0.523557 0.474545 0.409347 0.327047 0.228724 0.117833 0.000000 
50.000000 41.718611 33.798716 26.554521 20.215959 14.909162 10.656497 7.393225 4.994311 3.303965 2.161640 1.420794 0.959393 0.683247 0.524312 0.436281 0.389323 0.365181 0.353211 0.347482 0.344833 0.343650 0.343138 0.342924 0.342837 0.342803 0.342790 0.342785 0.342782 0.342779 0.342772 0.342757 0.342724 0.342652 0.342504 0.342204 0.341624 0.340539 0.338588 0.335217 0.329620 0.320716 0.307153 0.287417 0.260028 0.223860 0.178512 0.124644 0.064144 0.000000 
50.000000 41.691886 33.746435 26.478871 20.119870 14.795969 10.529607 7.255832 4.849205 3.153429 2.007438 1.264218 0.801341 0.524312 0.364869 0.276558 0.229450 0.205232 0.193224 0.187477 0.184820 0.183633 0.183119 0.182905 0.182818 0.182783 0.182770 0.182765 0.182763 0.182761 0.182757 0.182748 0.182729 0.182689 0.182604 0.182435 0.182108 0.181500 0.180411 0.178540 0.175452 0.170567 0.163174 0.152483 0.137740 0.118390 0.094262 0.065733 0.033798 0.000000 
50.000000 41.677080 33.717471 26.436961 20.066639 14.733264 10.459316 7.179726 4.768828 3.070045 1.922026 1.177492 0.713798 0.436281 0.276558 0.188091 0.140901 0.116640 0.104611 0.098854 0.096192 0.095003 0.094489 0.094274 0.094187 0.094153 0.094139 0.094134 0.094132 0.094131 0.094129 0.094124 0.094114 0.094091 0.094045 0.093954 0.093777 0.093450 0.092867 0.091870 0.090233 0.087656 0.083777 0.078199 0.070548 0.060556 0.048154 0.033545 0.017236 0.000000 
50.000000 41.669180 33.702018 26.414601 20.038239 14.699811 10.421817 7.139125 4.725949 3.025564 1.876464 1.131229 0.667100 0.389323 0.229450 0.140901 0.093667 0.069384 0.057343 0.051581 0.048917 0.047727 0.047212 0.046997 0.046910 0.046875 0.046862 0.046857 0.046855 0.046854 0.046853 0.046850 0.046845 0.046833 0.046809 0.046762 0.046670 0.046501 0.046201 0.045690 0.044855 0.043546 0.041585 0.038779 0.034947 0.029964 0.023803 0.016567 0.008508 0.000000 
50.000000 41.665118 33.694072 26.403104 20.023635 14.682609 10.402536 7.118249 4.703903 3.002695 1.853039 1.107445 0.643092 0.365181 0.205232 0.116640 0.069384 0.045090 0.033043 0.027278 0.024613 0.023422 0.022907 0.022692 0.022605 0.022570 0.022557 0.022552 0.022550 0.022550 0.022549 0.022548 0.022545 0.022539 0.022527 0.022503 0.022457 0.022373 0.022225 0.021973 0.021562 0.020921 0.019965 0.018602 0.016749 0.014347 0.011387 0.007920 0.004065 0.000000 
50.000000 41.663103 33.690130 26.397401 20.016393 14.674079 10.392974 7.107897 4.692971 2.991355 1.841424 1.095651 0.631188 0.353211 0.193224 0.104611 0.057343 0.033043 0.020994 0.015228 0.012562 0.011371 0.010856 0.010640 0.010553 0.010519 0.010506 0.010501 0.010499 0.010498 0.010498 0.010497 0.010496 0.010493 0.010487 0.010476 0.010454 0.010414 0.010343 0.010223 0.010028 0.009725 0.009275 0.008636 0.007769 0.006650 0.005274 0.003666 0.001881 0.000000 
50.000000 41.662139 33.688244 26.394671 20.012926 14.669995 10.388397 7.102942 4.687739 2.985927 1.835864 1.090007 0.625490 0.347482 0.187477 0.098854 0.051581 0.027278 0.015228 0.009460 0.006794 0.005603 0.005088 0.004873 0.004785 0.004751 0.004738 0.004733 0.004731 0.004731 0.004730 0.004730 0.004729 0.004728 0.004725 0.004720 0.004710 0.004691 0.004659 0.004604 0.004514 0.004376 0.004172 0.003882 0.003490 0.002985 0.002366 0.001644 0.000843 0.000000 
50.000000 41.661693 33.687371 26.393409 20.011323 14.668107 10.386281 7.100651 4.685320 2.983418 1.833294 1.087398 0.622856 0.344834 0.184820 0.096193 0.048917 0.024613 0.012562 0.006795 0.004128 0.002937 0.002422 0.002207 0.002119 0.002085 0.002072 0.002067 0.002065 0.002065 0.002064 0.002064 0.002064 0.002063 0.002062 0.002060 0.002055 0.002047 0.002032 0.002008 0.001968 0.001908 0.001817 0.001690 0.001519 0.001298 0.001029 0.000714 0.000366 0.000000 
50.000000 41.661493 33.686982 26.392845 20.010607 14.667264 10.385335 7.099628 4.684239 2.982297 1.832146 1.086232 0.621680 0.343651 0.183633 0.095004 0.047728 0.023423 0.011372 0.005604 0.002938 0.001746 0.001231 0.001016 0.000928 0.000894 0.000881 0.000876 0.000874 0.000874 0.000874 0.000873 0.000873 0.000873 0.000873 0.000872 0.000870 0.000866 0.000860 0.000849 0.000832 0.000806 0.000768 0.000714 0.000641 0.000548 0.000434 0.000301 0.000154 0.000000 
50.000000 41.661408 33.686814 26.392602 20.010298 14.666900 10.384928 7.099187 4.683773 2.981814 1.831652 1.085730 0.621173 0.343141 0.183122 0.094492 0.047215 0.022910 0.010858 0.005091 0.002424 0.001233 0.000718 0.000502 0.000415 0.000381 0.000368 0.000363 0.000361 0.000361 0.000360 0.000360 0.000360 0.000360 0.000360 0.000359 0.000359 0.000357 0.000354 0.000350 0.000343 0.000332 0.000316 0.000294 0.000264 0.000225 0.000178 0.000124 0.000063 0.000000 
50.000000 41.661372 33.686745 26.392503 20.010171 14.666751 10.384761 7.099006 4.683582 2.981616 1.831449 1.085524 0.620965 0.342932 0.182912 0.094281 0.047004 0.022699 0.010648 0.004880 0.002214 0.001022 0.000507 0.000292 0.000205 0.000170 0.000157 0.000152 0.000151 0.000150 0.000150 0.000150 0.000150 0.000150 0.000149 0.000149 0.000149 0.000148 0.000147 0.000145 0.000142 0.000138 0.000131 0.000122 0.000109 0.000093 0.000074 0.000051 0.000026 0.000000 
50.000000 41.661360 33.686720 26.392467 20.010127 14.666698 10.384702 7.098942 4.683515 2.981546 1.831377 1.085451 0.620892 0.342858 0.182838 0.094207 0.046930 0.022625 0.010574 0.004806 0.002139 0.000948 0.000433 0.000218 0.000130 0.000096 0.000083 0.000078 0.000076 0.000076 0.000076 0.000075 0.000075 0.000075 0.000075 0.000075 0.000075 0.000075 0.000074 0.000073 0.000072 0.000069 0.000066 0.000061 0.000055 0.000047 0.000037 0.000026 0.000013 0.000000 
50.000000 41.661360 33.686720 26.392467 20.010127 14.666698 10.384702 7.098942 4.683515 2.981546 1.831377 1.085451 0.620892 0.342858 0.182838 0.094207 0.046930 0.022625 0.010574 0.004806 0.002139 0.000948 0.000433 0.000218 0.000130 0.000096 0.000083 0.000078 0.000076 0.000076 0.000076 0.000075 0.000075 0.000075 0.000075 0.000075 0.000075 0.000075 0.000074 0.000073 0.000072 0.000069 0.000066 0.000061 0.000055 0.000047 0.000037 0.000026 0.000013 0.000000 
50.000000 41.661372 33.686745 26.392503 20.010171 14.666751 10.384761 7.099006 4.683582 2.981616 1.831449 1.085524 0.620965 0.342932 0.182912 0.094281 0.047004 0.022699 0.010648 0.004880 0.002214 0.001022 0.000507 0.000292 0.000205 0.000170 0.000157 0.000152 0.000151 0.000150 0.000150 0.000150 0.000150 0.000150 0.000149 0.000149 0.000149 0.000148 0.000147 0.000145 0.000142 0.000138 0.000131 0.000122 0.000109 0.000093 0.000074 0.000051 0.000026 0.000000 
50.000000 41.661408 33.686814 26.392602 20.010298 14.666900 10.384928 7.099187 4.683773 2.981814 1.831652 1.085730 0.621173 0.343141 0.183122 0.094492 0.047215 0.022910 0.010858 0.005091 0.002424 0.001233 0.000718 0.000502 0.000415 0.000381 0.000368 0.000363 0.000361 0.000361 0.000360 0.000360 0.000360 0.000360 0.000360 0.000359 0.000359 0.000357 0.000354 0.000350 0.000343 0.000332 0.000316 0.000294 0.000264 0.000225 0.000178 0.000124 0.000063 0.000000 
50.000000 41.661493 33.686982 26.392845 20.010607 14.667264 10.385335 7.099628 4.684239 2.982297 1.832146 1.086232 0.621680 0.343651 0.183633 0.095004 0.047728 0.023423 0.011372 0.005604 0.002938 0.001746 0.001231 0.001016 0.000928 0.000894 0.000881 0.000876 0.000874 0.000874 0.000874 0.000873 0.000873 0.000873 0.000873 0.000872 0.000870 0.000866 0.000860 0.000849 0.000832 0.000806 0.000768 0.000714 0.000641 0.000548 0.000434 0.000301 0.000154 0.000000 
50.000000 41.661693 33.687371 26.393409 20.011323 14.668107 10.386281 7.100651 4.685320 2.983418 1.833294 1.087398 0.622856 0.344834 0.184820 0.096193 0.048917 0.024613 0.012562 0.006795 0.004128 0.002937 0.002422 0.002207 0.002119 0.002085 0.002072 0.002067 0.002065 0.002065 0.002064 0.002064 0.002064 0.002063 0.002062 0.002060 0.002055 0.002047 0.002032 0.002008 0.001968 0.001908 0.001817 0.001690 0.001519 0.001298 0.001029 0.000714 0.000366 0.000000 
50.000000 41.662139 33.688244 26.394671 20.012926 14.669995 10.388397 7.102942 4.687739 2.985927 1.835864 1.090007 0.625490 0.347482 0.187477 0.098854 0.051581 0.027278 0.015228 0.009460 0.006794 0.005603 0.005088 0.004873 0.004785 0.004751 0.004738 0.004733 0.004731 0.004731 0.004730 0.004730 0.004729 0.004728 0.004725 0.004720 0.004710 0.004691 0.004659 0.004604 0.004514 0.004376 0.004172 0.003882 0.003490 0.002985 0.002366 0.001644 0.000843 0.000000 
50.000000 41.663103 33.690130 26.397401 20.016393 14.674079 10.392974 7.107897 4.692971 2.991355 1.841424 1.095651 0.631188 0.353211 0.193224 0.104611 0.057343 0.033043 0.020994 0.015228 0.012562 0.011371 0.010856 0.010640 0.010553 0.010519 0.010506 0.010501 0.010499 0.010498 0.010498 0.010497 0.010496 0.010493 0.010487 0.010476 0.010454 0.010414 0.010343 0.010223 0.010028 0.009725 0.009275 0.008636 0.007769 0.006650 0.005274 0.003666 0.001881 0.000000 
50.000000 41.665118 33.694072 26.403104 20.023635 14.682609 10.402536 7.118249 4.703903 3.002695 1.853039 1.107445 0.643092 0.365181 0.205232 0.116640 0.069384 0.045090 0.033043 0.027278 0.024613 0.023422 0.022907 0.022692 0.022605 0.022570 0.022557 0.022552 0.022550 0.022550 0.022549 0.022548 0.022545 0.022539 0.022527 0.022503 0.022457 0.022373 0.022225 0.021973 0.021562 0.020921 0.019965 0.018602 0.016749 0.014347 0.011387 0.007920 0.004065 0.000000 
50.000000 41.669180 33.702018 26.414601 20.038239 14.699811 10.421817 7.139125 4.725949 3.025564 1.876464 1.131229 0.667100 0.389323 0.229450 0.140901 0.093667 0.069384 0.057343 0.051581 0.048917 0.047727 0.047212 0.046997 0.046910 0.046875 0.046862 0.046857 0.046855 0.046854 0.046853 0.046850 0.046845 0.046833 0.046809 0.046762 0.046670 0.046501 0.046201 0.045690 0.044855 0.043546 0.041585 0.038779 0.034947 0.029964 0.023803 0.016567 0.008508 0.000000 
50.000000 41.677080 33.717471 26.436961 20.066639 14.733264 10.459316 7.179726 4.768828 3.070045 1.922026 1.177492 0.713798 0.436281 0.276558 0.188091 0.140901 0.116640 0.104611 0.098854 0.096192 0.095003 0.094489 0.094274 0.094187 0.094153 0.094139 0.094134 0.094132 0.094131 0.094129 0.094124 0.094114 0.094091 0.094045 0.093954 0.093777 0.093450 0.092867 0.091870 0.090233 0.087656 0.083777 0.078199 0.070548 0.060556 0.048154 0.033545 0.017236 0.000000 
50.000000 41.691886 33.746435 26.478871 20.119870 14.795969 10.529607 7.255832 4.849205 3.153429 2.007438 1.264218 0.801341 0.524312 0.364869 0.276558 0.229450 0.205232 0.193224 0.187477 0.184820 0.183633 0.183119 0.182905 0.182818 0.182783 0.182770 0.182765 0.182763 0.182761 0.182757 0.182748 0.182729 0.182689 0.182604 0.182435 0.182108 0.181500 0.180411 0.178540 0.175452 0.170567 0.163174 0.152483 0.137740 0.118390 0.094262 0.065733 0.033798 0.000000 
50.000000 41.718611 33.798716 26.554521 20.215959 14.909162 10.656497 7.393225 4.994311 3.303965 2.161640 1.420794 0.959393 0.683247 0.524312 0.436281 0.389323 0.365181 0.353211 0.347482 0.344833 0.343650 0.343138 0.342924 0.342837 0.342803 0.342790 0.342785 0.342782 0.342779 0.342772 0.342757 0.342724 0.342652 0.342504 0.342204 0.341624 0.340539 0.338588 0.335217 0.329620 0.320716 0.307153 0.287417 0.260028 0.223860 0.178512 0.124644 0.064144 0.000000 
50.000000 41.765036 33.889534 26.685936 20.382885 15.105804 10.876940 7.631919 5.246413 3.565505 2.429553 1.692836 1.234004 0.959393 0.801341 0.713798 0.667100 0.643092 0.631188 0.625490 0.622856 0.621679 0.621170 0.620958 0.620871 0.620837 0.620824 0.620819 0.620815 0.620810 0.620799 0.620774 0.620719 0.620599 0.620348 0.619841 0.618855 0.617002 0.613653 0.607829 0.598102 0.582517 0.558609 0.523557 0.474545 0.409347 0.327047 0.228724 0.117833 0.000000 
50.000000 41.842591 34.041251 26.905475 20.661750 15.434321 11.245228 8.030709 5.667611 4.002482 2.877185 2.147372 1.692836 1.420794 1.264218 1.177492 1.131229 1.107445 1.095651 1.090007 1.087397 1.086231 1.085727 1.085516 1.085431 1.085397 1.085384 1.085378 1.085373 1.085366 1.085348 1.085309 1.085220 1.085028 1.084625 1.083807 1.082206 1.079183 1.073686 1.064064 1.047876 1.021738 0.981305 0.921501 0.837124 0.723877 0.579726 0.406271 0.209593 0.000000 
50.000000 41.967093 34.284811 27.257919 21.109445 15.961738 11.836508 8.670973 6.343866 4.704084 3.595904 2.877185 2.429553 2.161640 2.007438 1.922026 1.876464 1.853039 1.841424 1.835864 1.833294 1.832146 1.831649 1.831441 1.831357 1.831324 1.831310 1.831304 1.831298 1.831287 1.831261 1.831201 1.831067 1.830774 1.830156 1.828898 1.826423 1.821724 1.813121 1.797952 1.772225 1.730313 1.664847 1.567009 1.427473 1.238141 0.994615 0.698884 0.361215 0.000000 
50.000000 42.159032 34.660300 27.801278 21.799663 16.774881 12.748130 9.658136 7.386540 5.785854 4.704084 4.002482 3.565505 3.303965 3.153429 3.070045 3.025564 3.002695 2.991355 2.985927 2.983418 2.982296 2.981812 2.981609 2.981526 2.981494 2.981481 2.981474 2.981466 2.981450 2.981413 2.981327 2.981133 2.980710 2.979813 2.977977 2.974345 2.967404 2.954606 2.931859 2.892927 2.828859 2.727659 2.574558 2.353342 2.049120 1.652626 1.165366 0.603819 0.000000 
50.000000 42.443008 35.215845 28.605201 22.820883 17.977997 14.096979 11.118784 8.929351 7.386540 6.343866 5.667611 5.246413 4.994311 4.849205 4.768828 4.725949 4.703903 4.692971 4.687738 4.685319 4.684238 4.683771 4.683575 4.683496 4.683464 4.683451 4.683443 4.683434 4.683412 4.683362 4.683246 4.682982 4.682403 4.681172 4.678638 4.673596 4.663896 4.645872 4.613554 4.557681 4.464675 4.315856 4.087450 3.752190 3.283372 2.661966 1.886190 0.980732 0.000000 
50.000000 42.845966 36.004160 29.745974 24.270024 19.685279 16.011096 13.191587 11.118784 9.658136 8.670973 8.030709 7.631919 7.393225 7.255832 7.179726 7.139125 7.118249 7.107897 7.102942 7.100651 7.099627 7.099184 7.098999 7.098924 7.098894 7.098881 7.098873 7.098861 7.098834 7.098770 7.098622 7.098284 7.097539 7.095949 7.092659 7.086071 7.073310 7.049403 7.006126 6.930477 6.802928 6.595794 6.272466 5.788764 5.098135 4.162525 2.969465 1.551901 0.000000 
50.000000 43.394047 37.076387 31.297612 26.241117 22.007524 18.614715 16.011096 14.096979 12.748130 11.836508 11.245228 10.876940 10.656497 10.529607 10.459316 10.421817 10.402536 10.392974 10.388397 10.386280 10.385335 10.384926 10.384755 10.384685 10.384657 10.384645 10.384636 10.384622 10.384591 10.384515 10.384338 10.383933 10.383038 10.381118 10.377124 10.369080 10.353383 10.323727 10.269499 10.173571 10.009528 9.738630 9.307358 8.647226 7.679830 6.331402 4.561157 2.402530 0.000000 
50.000000 44.108224 38.473560 33.319501 28.809609 25.033632 22.007524 19.685279 17.977997 16.774881 15.961738 15.434321 15.105804 14.909162 14.795969 14.733264 14.699811 14.682609 14.674079 14.669995 14.668107 14.667263 14.666898 14.666745 14.666683 14.666658 14.666647 14.666638 14.666623 14.666589 14.666505 14.666309 14.665860 14.664864 14.662716 14.658229 14.649133 14.631258 14.597197 14.534266 14.421539 14.225806 13.896516 13.360298 12.516816 11.239955 9.392345 6.866176 3.663158 0.000000 
50.000000 44.999346 40.216908 35.842365 32.014541 28.809609 26.241117 24.270024 22.820883 21.799663 21.109445 20.661750 20.382885 20.215959 20.119870 20.066639 20.038239 20.023635 20.016393 20.012926 20.011323 20.010606 20.010296 20.010167 20.010114 20.010093 20.010083 20.010074 20.010060 20.010025 20.009941 20.009743 20.009288 20.008275 20.006082 20.001480 19.992099 19.973537 19.937873 19.871305 19.750543 19.537511 19.171889 18.561287 17.569653 16.007270 13.632823 10.194218 5.560874 0.000000 
50.000000 46.063646 42.299057 38.855538 35.842365 33.319501 31.297612 29.745974 28.605201 27.801278 27.257919 26.905475 26.685936 26.554521 26.478871 26.436961 26.414601 26.403104 26.397401 26.394671 26.393409 26.392845 26.392601 26.392499 26.392457 26.392440 26.392432 26.392425 26.392412 26.392381 26.392305 26.392127 26.391716 26.390799 26.388807 26.384608 26.376009 26.358890 26.325749 26.263304 26.148652 25.943235 25.583448 24.966210 23.927155 22.209542 19.427769 15.055800 8.559294 0.000000 
50.000000 47.279941 44.678571 42.299057 40.216908 38.473560 37.076387 36.004160 35.215845 34.660300 34.284811 34.041251 33.889534 33.798716 33.746435 33.717471 33.702018 33.694072 33.690130 33.688244 33.687371 33.686981 33.686813 33.686742 33.686713 33.686701 33.686696 33.686691 33.686681 33.686657 33.686600 33.686464 33.686151 33.685451 33.683926 33.680702 33.674072 33.660810 33.634980 33.585926 33.494934 33.329655 33.034695 32.515230 31.607384 30.022690 27.243256 22.339285 13.772500 0.000000 
50.000000 48.609638 47.279941 46.063646 44.999346 44.108224 43.394047 42.845966 42.443008 42.159032 41.967093 41.842591 41.765036 41.718611 41.691886 41.677080 41.669180 41.665118 41.663103 41.662139 41.661693 41.661493 41.661407 41.661371 41.661356 41.661350 41.661347 41.661345 41.661339 41.661326 41.661295 41.661222 41.661052 41.660672 41.659844 41.658087 41.654468 41.647204 41.632998 41.605878 41.555213 41.462276 41.294065 40.991517 40.445065 39.438473 37.504351 33.507442 24.304819 0.000000 
50.000000 50.000000 50.000000 50.000000 50.000000 50.000000 50.000000 50.000000 50.000000 50.000000 50.000000 50.000000 50.000000 50.000000 50.000000 50.000000 50.000000 50.000000 50.000000 50.000000 50.000000 50.000000 50.000000 50.000000 50.000000 50.000000 50.000000 50.000000 50.000000 50.000000 50.000000 50.000000 50.000000 50.000000 50.000000 50.000000 50.000000 50.000000 50.000000 50.000000 50.000000 50.000000 50.000000 50.000000 50.000000 50.000000 50.000000 50.000000 50.000000 50.000000 
