50.000000 50.000000 50.000000 50.000000 50.000000 50.000000 50.000000 50.000000 50.000000 50.000000 50.000000 50.000000 50.000000 50.000000 50.000000 50.000000 50.000000 50.000000 50.000000 50.000000 50.000000 50.000000 50.000000 50.000000 50.000000 50.000000 50.000000 50.000000 50.000000 50.000000 50.000000 50.000000 50.000000 50.000000 50.000000 50.000000 50.000000 50.000000 50.000000 50.000000 50.000000 50.000000 50.000000 50.000000 50.000000 50.000000 50.000000 50.000000 50.000000 50.000000 
50.000000 38.706629 31.289818 27.850483 26.646994 26.313078 26.236907 26.222231 26.219793 26.219439 26.219393 26.219387 26.219387 26.219387 26.219387 26.219387 26.219387 26.219387 26.219387 26.219387 26.219387 26.219387 26.219387 26.219387 26.219387 26.219387 26.219387 26.219387 26.219387 26.219387 26.219387 26.219387 26.219387 26.219387 26.219387 26.219387 26.219387 26.219387 26.219387 26.219386 26.219384 26.219359 26.219157 26.217683 26.208063 26.152294 25.866611 24.573779 19.353315 0.000000 
50.000000 31.289818 19.008896 13.318931 11.329997 10.778797 10.653216 10.629051 10.625042 10.624459 10.624384 10.624375 10.624374 10.624374 10.624374 10.624374 10.624374 10.624374 10.624374 10.624374 10.624374 10.624374 10.624374 10.624374 10.624374 10.624374 10.624374 10.624374 10.624374 10.624374 10.624374 10.624374 10.624374 10.624374 10.624374 10.624374 10.624374 10.624374 10.624374 10.624374 10.624372 10.624350 10.624174 10.622914 10.614915 10.570513 10.358339 9.504448 6.716040 0.000000 
50.000000 27.850483 13.318931 6.591195 4.241598 3.591081 3.443026 3.414568 3.409852 3.409167 3.409079 3.409068 3.409067 3.409067 3.409067 3.409067 3.409067 3.409067 3.409067 3.409067 3.409067 3.409067 3.409067 3.409067 3.409067 3.409067 3.409067 3.409067 3.409067 3.409067 3.409067 3.409067 3.409067 3.409067 3.409067 3.409067 3.409067 3.409067 3.409067 3.409067 3.409066 3.409055 3.408972 3.408385 3.404736 3.385101 3.295598 2.960593 1.983871 0.000000 
50.000000 26.646994 11.329997 4.241598 1.767283 1.082612 0.926874 0.896956 0.892002 0.891283 0.891190 0.891179 0.891178 0.891178 0.891178 0.891178 0.891178 0.891178 0.891178 0.891178 0.891178 0.891178 0.891178 0.891178 0.891178 0.891178 0.891178 0.891178 0.891178 0.891178 0.891178 0.891178 0.891178 0.891178 0.891178 0.891178 0.891178 0.891178 0.891178 0.891178 0.891178 0.891174 0.891147 0.890956 0.889788 0.883641 0.856497 0.759484 0.494699 0.000000 
50.000000 26.313078 10.778797 3.591081 1.082612 0.388645 0.230829 0.200520 0.195501 0.194773 0.194679 0.194668 0.194667 0.194667 0.194667 0.194667 0.194667 0.194667 0.194667 0.194667 0.194667 0.194667 0.194667 0.194667 0.194667 0.194667 0.194667 0.194667 0.194667 0.194667 0.194667 0.194667 0.194667 0.194667 0.194667 0.194667 0.194667 0.194667 0.194667 0.194667 0.194667 0.194666 0.194659 0.194612 0.194323 0.192824 0.186346 0.163882 0.105015 0.000000 
50.000000 26.236907 10.653216 3.443026 0.926874 0.230829 0.072552 0.042156 0.037123 0.036393 0.036299 0.036289 0.036287 0.036287 0.036287 0.036287 0.036287 0.036287 0.036287 0.036287 0.036287 0.036287 0.036287 0.036287 0.036287 0.036287 0.036287 0.036287 0.036287 0.036287 0.036287 0.036287 0.036287 0.036287 0.036287 0.036287 0.036287 0.036287 0.036287 0.036287 0.036287 0.036287 0.036286 0.036276 0.036218 0.035918 0.034641 0.030302 0.019224 0.000000 
50.000000 26.222231 10.629051 3.414568 0.896956 0.200520 0.042156 0.011744 0.006709 0.005978 0.005884 0.005874 0.005872 0.005872 0.005872 0.005872 0.005872 0.005872 0.005872 0.005872 0.005872 0.005872 0.005872 0.005872 0.005872 0.005872 0.005872 0.005872 0.005872 0.005872 0.005872 0.005872 0.005872 0.005872 0.005872 0.005872 0.005872 0.005872 0.005872 0.005872 0.005872 0.005872 0.005872 0.005870 0.005860 0.005810 0.005595 0.004877 0.003075 0.000000 
50.000000 26.219793 10.625042 3.409852 0.892002 0.195501 0.037123 0.006709 0.001673 0.000943 0.000849 0.000838 0.000837 0.000837 0.000837 0.000837 0.000837 0.000837 0.000837 0.000837 0.000837 0.000837 0.000837 0.000837 0.000837 0.000837 0.000837 0.000837 0.000837 0.000837 0.000837 0.000837 0.000837 0.000837 0.000837 0.000837 0.000837 0.000837 0.000837 0.000837 0.000837 0.000837 0.000837 0.000836 0.000835 0.000827 0.000796 0.000692 0.000435 0.000000 
50.000000 26.219439 10.624459 3.409167 0.891283 0.194773 0.036393 0.005978 0.000943 0.000212 0.000118 0.000107 0.000106 0.000106 0.000106 0.000106 0.000106 0.000106 0.000106 0.000106 0.000106 0.000106 0.000106 0.000106 0.000106 0.000106 0.000106 0.000106 0.000106 0.000106 0.000106 0.000106 0.000106 0.000106 0.000106 0.000106 0.000106 0.000106 0.000106 0.000106 0.000106 0.000106 0.000106 0.000106 0.000106 0.000105 0.000101 0.000088 0.000055 0.000000 
50.000000 26.219393 10.624384 3.409079 0.891190 0.194679 0.036299 0.005884 0.000849 0.000118 0.000024 0.000013 0.000012 0.000012 0.000012 0.000012 0.000012 0.000012 0.000012 0.000012 0.000012 0.000012 0.000012 0.000012 0.000012 0.000012 0.000012 0.000012 0.000012 0.000012 0.000012 0.000012 0.000012 0.000012 0.000012 0.000012 0.000012 0.000012 0.000012 0.000012 0.000012 0.000012 0.000012 0.000012 0.000012 0.000012 0.000012 0.000010 0.000006 0.000000 
50.000000 26.219387 10.624375 3.409068 0.891179 0.194668 0.036289 0.005874 0.000838 0.000107 0.000013 0.000003 0.000001 0.000001 0.000001 0.000001 0.000001 0.000001 0.000001 0.000001 0.000001 0.000001 0.000001 0.000001 0.000001 0.000001 0.000001 0.000001 0.000001 0.000001 0.000001 0.000001 0.000001 0.000001 0.000001 0.000001 0.000001 0.000001 0.000001 0.000001 0.000001 0.000001 0.000001 0.000001 0.000001 0.000001 0.000001 0.000001 0.000001 0.000000 
50.000000 26.219387 10.624374 3.409067 0.891178 0.194667 0.036287 0.005872 0.000837 0.000106 0.000012 0.000001 0.000000 0.000000 0.000000 0.000000 0.000000 0.000000 0.000000 0.000000 0.000000 0.000000 0.000000 0.000000 0.000000 0.000000 0.000000 0.000000 0.000000 0.000000 0.000000 0.000000 0.000000 0.000000 0.000000 0.000000 0.000000 0.000000 0.000000 0.000000 0.000000 0.000000 0.000000 0.000000 0.000000 0.000000 0.000000 0.000000 0.000000 0.000000 
50.000000 26.219387 10.624374 3.409067 0.891178 0.194667 0.036287 0.005872 0.000837 0.000106 0.000012 0.000001 0.000000 0.000000 0.000000 0.000000 0.000000 0.000000 0.000000 0.000000 0.000000 0.000000 0.000000 0.000000 0.000000 0.000000 0.000000 0.000000 0.000000 0.000000 0.000000 0.000000 0.000000 0.000000 0.000000 0.000000 0.000000 0.000000 0.000000 0.000000 0.000000 0.000000 0.000000 0.000000 0.000000 0.000000 0.000000 0.000000 0.000000 0.000000 
50.000000 26.219387 10.624374 3.409067 0.891178 0.194667 0.036287 0.005872 0.000837 0.000106 0.000012 0.000001 0.000000 0.000000 0.000000 0.000000 0.000000 0.000000 0.000000 0.000000 0.000000 0.000000 0.000000 0.000000 0.000000 0.000000 0.000000 0.000000 0.000000 0.000000 0.000000 0.000000 0.000000 0.000000 0.000000 0.000000 0.000000 0.000000 0.000000 0.000000 0.000000 0.000000 0.000000 0.000000 0.000000 0.000000 0.000000 0.000000 0.000000 0.000000 
50.000000 26.219387 10.624374 3.409067 0.891178 0.194667 0.036287 0.005872 0.000837 0.000106 0.000012 0.000001 0.000000 0.000000 0.000000 0.000000 0.000000 0.000000 0.000000 0.000000 0.000000 0.000000 0.000000 0.000000 0.000000 0.000000 0.000000 0.000000 0.000000 0.000000 0.000000 0.000000 0.000000 0.000000 0.000000 0.000000 0.000000 0.000000 0.000000 0.000000 0.000000 0.000000 0.000000 0.000000 0.000000 0.000000 0.000000 0.000000 0.000000 0.000000 
50.000000 26.219387 10.624374 3.409067 0.891178 0.194667 0.036287 0.005872 0.000837 0.000106 0.000012 0.000001 0.000000 0.000000 0.000000 0.000000 0.000000 0.000000 0.000000 0.000000 0.000000 0.000000 0.000000 0.000000 0.000000 0.000000 0.000000 0.000000 0.000000 0.000000 0.000000 0.000000 0.000000 0.000000 0.000000 0.000000 0.000000 0.000000 0.000000 0.000000 0.000000 0.000000 0.000000 0.000000 0.000000 0.000000 0.000000 0.000000 0.000000 0.000000 
50.000000 26.219387 10.624374 3.409067 0.891178 0.194667 0.036287 0.005872 0.000837 0.000106 0.000012 0.000001 0.000000 0.000000 0.000000 0.000000 0.000000 0.000000 0.000000 0.000000 0.000000 0.000000 0.000000 0.000000 0.000000 0.000000 0.000000 0.000000 0.000000 0.000000 0.000000 0.000000 0.000000 0.000000 0.000000 0.000000 0.000000 0.000000 0.000000 0.000000 0.000000 0.000000 0.000000 0.000000 0.000000 0.000000 0.000000 0.000000 0.000000 0.000000 
50.000000 26.219387 10.624374 3.409067 0.891178 0.194667 0.036287 0.005872 0.000837 0.000106 0.000012 0.000001 0.000000 0.000000 0.000000 0.000000 0.000000 0.000000 0.000000 0.000000 0.000000 0.000000 0.000000 0.000000 0.000000 0.000000 0.000000 0.000000 0.000000 0.000000 0.000000 0.000000 0.000000 0.000000 0.000000 0.000000 0.000000 0.000000 0.000000 0.000000 0.000000 0.000000 0.000000 0.000000 0.000000 0.000000 0.000000 0.000000 0.000000 0.000000 
50.000000 26.219387 10.624374 3.409067 0.891178 0.194667 0.036287 0.005872 0.000837 0.000106 0.000012 0.000001 0.000000 0.000000 0.000000 0.000000 0.000000 0.000000 0.000000 0.000000 0.000000 0.000000 0.000000 0.000000 0.000000 0.000000 0.000000 0.000000 0.000000 0.000000 0.000000 0.000000 0.000000 0.000000 0.000000 0.000000 0.000000 0.000000 0.000000 0.000000 0.000000 0.000000 0.000000 0.000000 0.000000 0.000000 0.000000 0.000000 0.000000 0.000000 
50.000000 26.219387 10.624374 3.409067 0.891178 0.194667 0.036287 0.005872 0.000837 0.000106 0.000012 0.000001 0.000000 0.000000 0.000000 0.000000 0.000000 0.000000 0.000000 0.000000 0.000000 0.000000 0.000000 0.000000 0.000000 0.000000 0.000000 0.000000 0.000000 0.000000 0.000000 0.000000 0.000000 0.000000 0.000000 0.000000 0.000000 0.000000 0.000000 0.000000 0.000000 0.000000 0.000000 0.000000 0.000000 0.000000 0.000000 0.000000 0.000000 0.000000 
50.000000 26.219387 10.624374 3.409067 0.891178 0.194667 0.036287 0.005872 0.000837 0.000106 0.000012 0.000001 0.000000 0.000000 0.000000 0.000000 0.000000 0.000000 0.000000 0.000000 0.000000 0.000000 0.000000 0.000000 0.000000 0.000000 0.000000 0.000000 0.000000 0.000000 0.000000 0.000000 0.000000 0.000000 0.000000 0.000000 0.000000 0.000000 0.000000 0.000000 0.000000 0.000000 0.000000 0.000000 0.000000 0.000000 0.000000 0.000000 0.000000 0.000000 
50.000000 26.219387 10.624374 3.409067 0.891178 0.194667 0.036287 0.005872 0.000837 0.000106 0.000012 0.000001 0.000000 0.000000 0.000000 0.000000 0.000000 0.000000 0.000000 0.000000 0.000000 0.000000 0.000000 0.000000 0.000000 0.000000 0.000000 0.000000 0.000000 0.000000 0.000000 0.000000 0.000000 0.000000 0.000000 0.000000 0.000000 0.000000 0.000000 0.000000 0.000000 0.000000 0.000000 0.000000 0.000000 0.000000 0.000000 0.000000 0.000000 0.000000 
50.000000 26.219387 10.624374 3.409067 0.891178 0.194667 0.036287 0.005872 0.000837 0.000106 0.000012 0.000001 0.000000 0.000000 0.000000 0.000000 0.000000 0.000000 0.000000 0.000000 0.000000 0.000000 0.000000 0.000000 0.000000 0.000000 0.000000 0.000000 0.000000 0.000000 0.000000 0.000000 0.000000 0.000000 0.000000 0.000000 0.000000 0.000000 0.000000 0.000000 0.000000 0.000000 0.000000 0.000000 0.000000 0.000000 0.000000 0.000000 0.000000 0.000000 
50.000000 26.219387 10.624374 3.409067 0.891178 0.194667 0.036287 0.005872 0.000837 0.000106 0.000012 0.000001 0.000000 0.000000 0.000000 0.000000 0.000000 0.000000 0.000000 0.000000 0.000000 0.000000 0.000000 0.000000 0.000000 0.000000 0.000000 0.000000 0.000000 0.000000 0.000000 0.000000 0.000000 0.000000 0.000000 0.000000 0.000000 0.000000 0.000000 0.000000 0.000000 0.000000 0.000000 0.000000 0.000000 0.000000 0.000000 0.000000 0.000000 0.000000 
50.000000 26.219387 10.624374 3.409067 0.891178 0.194667 0.036287 0.005872 0.000837 0.000106 0.000012 0.000001 0.000000 0.000000 0.000000 0.000000 0.000000 0.000000 0.000000 0.000000 0.000000 0.000000 0.000000 0.000000 0.000000 0.000000 0.000000 0.000000 0.000000 0.000000 0.000000 0.000000 0.000000 0.000000 0.000000 0.000000 0.000000 0.000000 0.000000 0.000000 0.000000 0.000000 0.000000 0.000000 0.000000 0.000000 0.000000 0.000000 0.000000 0.000000 
50.000000 26.219387 10.624374 3.409067 0.891178 0.194667 0.036287 0.005872 0.000837 0.000106 0.000012 0.000001 0.000000 0.000000 0.000000 0.000000 0.000000 0.000000 0.000000 0.000000 0.000000 0.000000 0.000000 0.000000 0.000000 0.000000 0.000000 0.000000 0.000000 0.000000 0.000000 0.000000 0.000000 0.000000 0.000000 0.000000 0.000000 0.000000 0.000000 0.000000 0.000000 0.000000 0.000000 0.000000 0.000000 0.000000 0.000000 0.000000 0.000000 0.000000 
50.000000 26.219387 10.624374 3.409067 0.891178 0.194667 0.036287 0.005872 0.000837 0.000106 0.000012 0.000001 0.000000 0.000000 0.000000 0.000000 0.000000 0.000000 0.000000 0.000000 0.000000 0.000000 0.000000 0.000000 0.000000 0.000000 0.000000 0.000000 0.000000 0.000000 0.000000 0.000000 0.000000 0.000000 0.000000 0.000000 0.000000 0.000000 0.000000 0.000000 0.000000 0.000000 0.000000 0.000000 0.000000 0.000000 0.000000 0.000000 0.000000 0.000000 
50.000000 26.219387 10.624374 3.409067 0.891178 0.194667 0.036287 0.005872 0.000837 0.000106 0.000012 0.000001 0.000000 0.000000 0.000000 0.000000 0.000000 0.000000 0.000000 0.000000 0.000000 0.000000 0.000000 0.000000 0.000000 0.000000 0.000000 0.000000 0.000000 0.000000 0.000000 0.000000 0.000000 0.000000 0.000000 0.000000 0.000000 0.000000 0.000000 0.000000 0.000000 0.000000 0.000000 0.000000 0.000000 0.000000 0.000000 0.000000 0.000000 0.000000 
50.000000 26.219387 10.624374 3.409067 0.891178 0.194667 0.036287 0.005872 0.000837 0.000106 0.000012 0.000001 0.000000 0.000000 0.000000 0.000000 0.000000 0.000000 0.000000 0.000000 0.000000 0.000000 0.000000 0.000000 0.000000 0.000000 0.000000 0.000000 0.000000 0.000000 0.000000 0.000000 0.000000 0.000000 0.000000 0.000000 0.000000 0.000000 0.000000 0.000000 0.000000 0.000000 0.000000 0.000000 0.000000 0.000000 0.000000 0.000000 0.000000 0.000000 
50.000000 26.219387 10.624374 3.409067 0.891178 0.194667 0.036287 0.005872 0.000837 0.000106 0.000012 0.000001 0.000000 0.000000 0.000000 0.000000 0.000000 0.000000 0.000000 0.000000 0.000000 0.000000 0.000000 0.000000 0.000000 0.000000 0.000000 0.000000 0.000000 0.000000 0.000000 0.000000 0.000000 0.000000 0.000000 0.000000 0.000000 0.000000 0.000000 0.000000 0.000000 0.000000 0.000000 0.000000 0.000000 0.000000 0.000000 0.000000 0.000000 0.000000 
50.000000 26.219387 10.624374 3.409067 0.891178 0.194667 0.036287 0.005872 0.000837 0.000106 0.000012 0.000001 0.000000 0.000000 0.000000 0.000000 0.000000 0.000000 0.000000 0.000000 0.000000 0.000000 0.000000 0.000000 0.000000 0.000000 0.000000 0.000000 0.000000 0.000000 0.000000 0.000000 0.000000 0.000000 0.000000 0.000000 0.000000 0.000000 0.000000 0.000000 0.000000 0.000000 0.000000 0.000000 0.000000 0.000000 0.000000 0.000000 0.000000 0.000000 
50.000000 26.219387 10.624374 3.409067 0.891178 0.194667 0.036287 0.005872 0.000837 0.000106 0.000012 0.000001 0.000000 0.000000 0.000000 0.000000 0.000000 0.000000 0.000000 0.000000 0.000000 0.000000 0.000000 0.000000 0.000000 0.000000 0.000000 0.000000 0.000000 0.000000 0.000000 0.000000 0.000000 0.000000 0.000000 0.000000 0.000000 0.000000 0.000000 0.000000 0.000000 0.000000 0.000000 0.000000 0.000000 0.000000 0.000000 0.000000 0.000000 0.000000 
50.000000 26.219387 10.624374 3.409067 0.891178 0.194667 0.036287 0.005872 0.000837 0.000106 0.000012 0.000001 0.000000 0.000000 0.000000 0.000000 0.000000 0.000000 0.000000 0.000000 0.000000 0.000000 0.000000 0.000000 0.000000 0.000000 0.000000 0.000000 0.000000 0.000000 0.000000 0.000000 0.000000 0.000000 0.000000 0.000000 0.000000 0.000000 0.000000 0.000000 0.000000 0.000000 0.000000 0.000000 0.000000 0.000000 0.000000 0.000000 0.000000 0.000000 
50.000000 26.219387 10.624374 3.409067 0.891178 0.194667 0.036287 0.005872 0.000837 0.000106 0.000012 0.000001 0.000000 0.000000 0.000000 0.000000 0.000000 0.000000 0.000000 0.000000 0.000000 0.000000 0.000000 0.000000 0.000000 0.000000 0.000000 0.000000 0.000000 0.000000 0.000000 0.000000 0.000000 0.000000 0.000000 0.000000 0.000000 0.000000 0.000000 0.000000 0.000000 0.000000 0.000000 0.000000 0.000000 0.000000 0.000000 0.000000 0.000000 0.000000 
50.000000 26.219387 10.624374 3.409067 0.891178 0.194667 0.036287 0.005872 0.000837 0.000106 0.000012 0.000001 0.000000 0.000000 0.000000 0.000000 0.000000 0.000000 0.000000 0.000000 0.000000 0.000000 0.000000 0.000000 0.000000 0.000000 0.000000 0.000000 0.000000 0.000000 0.000000 0.000000 0.000000 0.000000 0.000000 0.000000 0.000000 0.000000 0.000000 0.000000 0.000000 0.000000 0.000000 0.000000 0.000000 0.000000 0.000000 0.000000 0.000000 0.000000 
50.000000 26.219387 10.624374 3.409067 0.891178 0.194667 0.036287 0.005872 0.000837 0.000106 0.000012 0.000001 0.000000 0.000000 0.000000 0.000000 0.000000 0.000000 0.000000 0.000000 0.000000 0.000000 0.000000 0.000000 0.000000 0.000000 0.000000 0.000000 0.000000 0.000000 0.000000 0.000000 0.000000 0.000000 0.000000 0.000000 0.000000 0.000000 0.000000 0.000000 0.000000 0.000000 0.000000 0.000000 0.000000 0.000000 0.000000 0.000000 0.000000 0.000000 
50.000000 26.219387 10.624374 3.409067 0.891178 0.194667 0.036287 0.005872 0.000837 0.000106 0.000012 0.000001 0.000000 0.000000 0.000000 0.000000 0.000000 0.000000 0.000000 0.000000 0.000000 0.000000 0.000000 0.000000 0.000000 0.000000 0.000000 0.000000 0.000000 0.000000 0.000000 0.000000 0.000000 0.000000 0.000000 0.000000 0.000000 0.000000 0.000000 0.000000 0.000000 0.000000 0.000000 0.000000 0.000000 0.000000 0.000000 0.000000 0.000000 0.000000 
50.000000 26.219387 10.624375 3.409068 0.891179 0.194668 0.036289 0.005874 0.000838 0.000107 0.000013 0.000003 0.000001 0.000001 0.000001 0.000001 0.000001 0.000001 0.000001 0.000001 0.000001 0.000001 0.000001 0.000001 0.000001 0.000001 0.000001 0.000001 0.000001 0.000001 0.000001 0.000001 0.000001 0.000001 0.000001 0.000001 0.000001 0.000001 0.000001 0.000001 0.000001 0.000001 0.000001 0.000001 0.000001 0.000001 0.000001 0.000001 0.000001 0.000000 
50.000000 26.219393 10.624384 3.409079 0.891190 0.194679 0.036299 0.005884 0.000849 0.000118 0.000024 0.000013 0.000012 0.000012 0.000012 0.000012 0.000012 0.000012 0.000012 0.000012 0.000012 0.000012 0.000012 0.000012 0.000012 0.000012 0.000012 0.000012 0.000012 0.000012 0.000012 0.000012 0.000012 0.000012 0.000012 0.000012 0.000012 0.000012 0.000012 0.000012 0.000012 0.000012 0.000012 0.000012 0.000012 0.000012 0.000012 0.000010 0.000006 0.000000 
50.000000 26.219439 10.624459 3.409167 0.891283 0.194773 0.036393 0.005978 0.000943 0.000212 0.000118 0.000107 0.000106 0.000106 0.000106 0.000106 0.000106 0.000106 0.000106 0.000106 0.000106 0.000106 0.000106 0.000106 0.000106 0.000106 0.000106 0.000106 0.000106 0.000106 0.000106 0.000106 0.000106 0.000106 0.000106 0.000106 0.000106 0.000106 0.000106 0.000106 0.000106 0.000106 0.000106 0.000106 0.000106 0.000105 0.000101 0.000088 0.000055 0.000000 
50.000000 26.219793 10.625042 3.409852 0.892002 0.195501 0.037123 0.006709 0.001673 0.000943 0.000849 0.000838 0.000837 0.000837 0.000837 0.000837 0.000837 0.000837 0.000837 0.000837 0.000837 0.000837 0.000837 0.000837 0.000837 0.000837 0.000837 0.000837 0.000837 0.000837 0.000837 0.000837 0.000837 0.000837 0.000837 0.000837 0.000837 0.000837 0.000837 0.000837 0.000837 0.000837 0.000837 0.000836 0.000835 0.000827 0.000796 0.000692 0.000435 0.000000 
50.000000 26.222231 10.629051 3.414568 0.896956 0.200520 0.042156 0.011744 0.006709 0.005978 0.005884 0.005874 0.005872 0.005872 0.005872 0.005872 0.005872 0.005872 0.005872 0.005872 0.005872 0.005872 0.005872 0.005872 0.005872 0.005872 0.005872 0.005872 0.005872 0.005872 0.005872 0.005872 0.005872 0.005872 0.005872 0.005872 0.005872 0.005872 0.005872 0.005872 0.005872 0.005872 0.005872 0.005870 0.005860 0.005810 0.005595 0.004877 0.003075 0.000000 
50.000000 26.236907 10.653216 3.443026 0.926874 0.230829 0.072552 0.042156 0.037123 0.036393 0.036299 0.036289 0.036287 0.036287 0.036287 0.036287 0.036287 0.036287 0.036287 0.036287 0.036287 0.036287 0.036287 0.036287 0.036287 0.036287 0.036287 0.036287 0.036287 0.036287 0.036287 0.036287 0.036287 0.036287 0.036287 0.036287 0.036287 0.036287 0.036287 0.036287 0.036287 0.036287 0.036286 0.036276 0.036218 0.035918 0.034641 0.030302 0.019224 0.000000 
50.000000 26.313078 10.778797 3.591081 1.082612 0.388645 0.230829 0.200520 0.195501 0.194773 0.194679 0.194668 0.194667 0.194667 0.194667 0.194667 0.194667 0.194667 0.194667 0.194667 0.194667 0.194667 0.194667 0.194667 0.194667 0.194667 0.194667 0.194667 0.194667 0.194667 0.194667 0.194667 0.194667 0.194667 0.194667 0.194667 0.194667 0.194667 0.194667 0.194667 0.194667 0.194666 0.194659 0.194612 0.194323 0.192824 0.186346 0.163882 0.105015 0.000000 
50.000000 26.646994 11.329997 4.241598 1.767283 1.082612 0.926874 0.896956 0.892002 0.891283 0.891190 0.891179 0.891178 0.891178 0.891178 0.891178 0.891178 0.891178 0.891178 0.891178 0.891178 0.891178 0.891178 0.891178 0.891178 0.891178 0.891178 0.891178 0.891178 0.891178 0.891178 0.891178 0.891178 0.891178 0.891178 0.891178 0.891178 0.891178 0.891178 0.891178 0.891178 0.891174 0.891147 0.890956 0.889788 0.883641 0.856497 0.759484 0.494699 0.000000 
50.000000 27.850483 13.318931 6.591195 4.241598 3.591081 3.443026 3.414568 3.409852 3.409167 3.409079 3.409068 3.409067 3.409067 3.409067 3.409067 3.409067 3.409067 3.409067 3.409067 3.409067 3.409067 3.409067 3.409067 3.409067 3.409067 3.409067 3.409067 3.409067 3.409067 3.409067 3.409067 3.409067 3.409067 3.409067 3.409067 3.409067 3.409067 3.409067 3.409067 3.409066 3.409055 3.408972 3.408385 3.404736 3.385101 3.295598 2.960593 1.983871 0.000000 
50.000000 31.289818 19.008896 13.318931 11.329997 10.778797 10.653216 10.629051 10.625042 10.624459 10.624384 10.624375 10.624374 10.624374 10.624374 10.624374 10.624374 10.624374 10.624374 10.624374 10.624374 10.624374 10.624374 10.624374 10.624374 10.624374 10.624374 10.624374 10.624374 10.624374 10.624374 10.624374 10.624374 10.624374 10.624374 10.624374 10.624374 10.624374 10.624374 10.624374 10.624372 10.624350 10.624174 10.622914 10.614915 10.570513 10.358339 9.504448 6.716040 0.000000 
50.000000 38.706629 31.289818 27.850483 26.646994 26.313078 26.236907 26.222231 26.219793 26.219439 26.219393 26.219387 26.219387 26.219387 26.219387 26.219387 26.219387 26.219387 26.219387 26.219387 26.219387 26.219387 26.219387 26.219387 26.219387 26.219387 26.219387 26.219387 26.219387 26.219387 26.219387 26.219387 26.219387 26.219387 26.219387 26.219387 26.219387 26.219387 26.219387 26.219386 26.219384 26.219359 26.219157 26.217683 26.208063 26.152294 25.866611 24.573779 19.353315 0.000000 
50.000000 50.000000 50.000000 50.000000 50.000000 50.000000 50.000000 50.000000 50.000000 50.000000 50.000000 50.000000 50.000000 50.000000 50.000000 50.000000 50.000000 50.000000 50.000000 50.000000 50.000000 50.000000 50.000000 50.000000 50.000000 50.000000 50.000000 50.000000 50.000000 50.000000 50.000000 50.000000 50.000000 50.000000 50.000000 50.000000 50.000000 50.000000 50.000000 50.000000 50.000000 50.000000 50.000000 50.000000 50.000000 50.000000 50.000000 50.000000 50.000000 50.000000 
