50.000000 50.000000 50.000000 50.000000 50.000000 50.000000 50.000000 50.000000 50.000000 50.000000 50.000000 50.000000 50.000000 50.000000 50.000000 50.000000 50.000000 50.000000 50.000000 50.000000 50.000000 50.000000 50.000000 50.000000 50.000000 50.000000 50.000000 50.000000 50.000000 50.000000 50.000000 50.000000 50.000000 50.000000 50.000000 50.000000 50.000000 50.000000 50.000000 50.000000 50.000000 50.000000 50.000000 50.000000 50.000000 50.000000 50.000000 50.000000 50.000000 50.000000 
50.000000 48.056207 46.230926 44.621029 43.286683 42.246645 41.483622 40.956149 40.612143 40.400207 40.276689 40.208493 40.172770 40.154990 40.146570 40.142770 40.141133 40.140459 40.140194 40.140094 40.140058 40.140045 40.140041 40.140040 40.140039 40.140039 40.140039 40.140039 40.140039 40.140038 40.140036 40.140030 40.140013 40.139964 40.139832 40.139488 40.138623 40.136528 40.131630 40.120582 40.096484 40.045532 39.940654 39.729182 39.307421 38.463159 36.729783 32.968477 24.028104 0.000000 
50.000000 46.230926 42.691658 39.570040 36.982741 34.966122 33.486650 32.463914 31.796920 31.386003 31.146523 31.014304 30.945047 30.910577 30.894253 30.886886 30.883713 30.882407 30.881893 30.881699 30.881629 30.881604 30.881596 30.881594 30.881593 30.881593 30.881592 30.881592 30.881592 30.881591 30.881587 30.881577 30.881545 30.881458 30.881223 30.880610 30.879074 30.875364 30.866729 30.847357 30.805414 30.717622 30.539519 30.188060 29.510177 28.224807 25.815477 21.345829 13.262449 0.000000 
50.000000 44.621029 39.570040 35.115126 31.422788 28.544910 26.433623 24.974154 24.022361 23.436001 23.094285 22.905627 22.806810 22.757630 22.734340 22.723830 22.719304 22.717441 22.716707 22.716431 22.716330 22.716296 22.716284 22.716280 22.716279 22.716279 22.716279 22.716278 22.716278 22.716277 22.716272 22.716259 22.716220 22.716111 22.715819 22.715060 22.713165 22.708611 22.698077 22.674632 22.624395 22.520686 22.314215 21.917308 21.179729 19.854404 17.557563 13.754563 7.891246 0.000000 
50.000000 43.286683 36.982741 31.422788 26.814632 23.223015 20.588168 18.766827 17.579075 16.847375 16.420975 16.185573 16.062276 16.000917 15.971860 15.958748 15.953102 15.950778 15.949863 15.949518 15.949393 15.949349 15.949335 15.949330 15.949329 15.949328 15.949328 15.949328 15.949328 15.949326 15.949321 15.949308 15.949267 15.949156 15.948855 15.948079 15.946150 15.941540 15.930959 15.907627 15.858222 15.757784 15.561781 15.194799 14.536342 13.407316 11.568384 8.757934 4.823524 0.000000 
50.000000 42.246645 34.966122 28.544910 23.223015 19.075189 16.032377 13.929091 12.557519 11.712612 11.220259 10.948458 10.806104 10.735264 10.701719 10.686583 10.680065 10.677383 10.676327 10.675929 10.675785 10.675735 10.675718 10.675712 10.675711 10.675710 10.675710 10.675710 10.675709 10.675708 10.675704 10.675691 10.675655 10.675554 10.675284 10.674590 10.672875 10.668803 10.659531 10.639288 10.596947 10.512179 10.349917 10.053428 9.537594 8.686673 7.365182 5.455946 2.939223 0.000000 
50.000000 41.483622 33.486650 26.433623 20.588168 16.032377 12.690368 10.380334 8.873990 7.946095 7.405405 7.106933 6.950617 6.872833 6.836002 6.819384 6.812229 6.809284 6.808125 6.807688 6.807529 6.807474 6.807456 6.807450 6.807448 6.807448 6.807448 6.807447 6.807447 6.807446 6.807443 6.807432 6.807403 6.807321 6.807104 6.806547 6.805178 6.801951 6.794664 6.778908 6.746346 6.682093 6.561261 6.345184 5.978949 5.393369 4.516315 3.298590 1.754439 0.000000 
50.000000 40.956149 32.463914 24.974154 18.766827 13.929091 10.380334 7.927458 6.328017 5.342809 4.768742 4.451859 4.285908 4.203333 4.164235 4.146595 4.139000 4.135875 4.134645 4.134181 4.134013 4.133954 4.133935 4.133929 4.133927 4.133926 4.133926 4.133926 4.133926 4.133925 4.133922 4.133915 4.133893 4.133832 4.133673 4.133265 4.132270 4.129939 4.124715 4.113528 4.090664 4.046144 3.963729 3.819073 3.579173 3.205046 2.659939 1.924395 1.015495 0.000000 
50.000000 40.612143 31.796920 24.022361 17.579075 12.557519 8.873990 6.328017 4.667913 3.645367 3.049563 2.720691 2.548468 2.462775 2.422204 2.403899 2.396018 2.392776 2.391499 2.391018 2.390843 2.390783 2.390763 2.390756 2.390754 2.390754 2.390753 2.390753 2.390753 2.390752 2.390751 2.390746 2.390731 2.390690 2.390581 2.390307 2.389640 2.388088 2.384636 2.377308 2.362483 2.333957 2.281874 2.191897 2.045340 1.821290 1.501675 1.079299 0.566612 0.000000 
50.000000 40.400207 31.386003 23.436001 16.847375 11.712612 7.946095 5.342809 3.645367 2.599846 1.990669 1.654425 1.478346 1.390738 1.349260 1.330548 1.322491 1.319177 1.317872 1.317380 1.317202 1.317140 1.317119 1.317112 1.317110 1.317110 1.317110 1.317109 1.317109 1.317109 1.317108 1.317105 1.317095 1.317069 1.317001 1.316830 1.316415 1.315455 1.313336 1.308872 1.299923 1.282884 1.252145 1.199750 1.115665 0.989153 0.811607 0.580589 0.303722 0.000000 
50.000000 40.276689 31.146523 23.094285 16.420975 11.220259 7.405405 4.768742 3.049563 1.990669 1.373712 1.033180 0.854859 0.766137 0.724133 0.705184 0.697026 0.693669 0.692348 0.691850 0.691669 0.691607 0.691586 0.691579 0.691577 0.691576 0.691576 0.691576 0.691576 0.691576 0.691575 0.691573 0.691568 0.691552 0.691512 0.691412 0.691171 0.690617 0.689400 0.686856 0.681798 0.672255 0.655214 0.626496 0.580971 0.513348 0.419653 0.299166 0.156107 0.000000 
50.000000 40.208493 31.014304 22.905627 16.185573 10.948458 7.106933 4.451859 2.720691 1.654425 1.033180 0.690286 0.510730 0.421395 0.379102 0.360022 0.351807 0.348428 0.347098 0.346596 0.346415 0.346351 0.346330 0.346324 0.346322 0.346321 0.346321 0.346321 0.346321 0.346320 0.346320 0.346319 0.346316 0.346308 0.346286 0.346231 0.346099 0.345799 0.345143 0.343780 0.341090 0.336055 0.327144 0.312269 0.288927 0.254614 0.207550 0.147575 0.076863 0.000000 
50.000000 40.172770 30.945047 22.806810 16.062276 10.806104 6.950617 4.285908 2.548468 1.478346 0.854859 0.510730 0.330529 0.240874 0.198430 0.179282 0.171038 0.167647 0.166312 0.165809 0.165626 0.165563 0.165542 0.165535 0.165533 0.165532 0.165532 0.165532 0.165532 0.165532 0.165532 0.165531 0.165530 0.165525 0.165514 0.165486 0.165418 0.165265 0.164931 0.164242 0.162891 0.160380 0.155969 0.148666 0.137301 0.120736 0.098199 0.069683 0.036242 0.000000 
50.000000 40.154990 30.910577 22.757630 16.000917 10.735264 6.872833 4.203333 2.462775 1.390738 0.766137 0.421395 0.240874 0.151060 0.108541 0.089359 0.081101 0.077704 0.076367 0.075862 0.075680 0.075616 0.075595 0.075588 0.075586 0.075586 0.075585 0.075585 0.075585 0.075585 0.075585 0.075585 0.075584 0.075582 0.075576 0.075563 0.075530 0.075456 0.075295 0.074966 0.074323 0.073135 0.071063 0.067655 0.062389 0.054767 0.044465 0.031503 0.016367 0.000000 
50.000000 40.146570 30.894253 22.734340 15.971860 10.701719 6.836002 4.164235 2.422204 1.349260 0.724133 0.379102 0.198430 0.108541 0.065986 0.046788 0.038524 0.035124 0.033785 0.033281 0.033098 0.033034 0.033013 0.033006 0.033004 0.033004 0.033003 0.033003 0.033003 0.033003 0.033003 0.033003 0.033003 0.033002 0.032999 0.032993 0.032978 0.032944 0.032871 0.032721 0.032431 0.031897 0.030970 0.029456 0.027129 0.023781 0.019280 0.013643 0.007082 0.000000 
50.000000 40.142770 30.886886 22.723830 15.958748 10.686583 6.819384 4.146595 2.403899 1.330548 0.705184 0.360022 0.179282 0.089359 0.046788 0.027584 0.019316 0.015915 0.014576 0.014071 0.013888 0.013825 0.013803 0.013797 0.013795 0.013794 0.013794 0.013794 0.013794 0.013794 0.013794 0.013794 0.013793 0.013793 0.013792 0.013789 0.013782 0.013768 0.013736 0.013671 0.013546 0.013318 0.012923 0.012280 0.011299 0.009893 0.008011 0.005663 0.002938 0.000000 
50.000000 40.141133 30.883713 22.719304 15.953102 10.680065 6.812229 4.139000 2.396018 1.322491 0.697026 0.351807 0.171038 0.081101 0.038524 0.019316 0.011047 0.007645 0.006306 0.005801 0.005618 0.005555 0.005534 0.005527 0.005525 0.005524 0.005524 0.005524 0.005524 0.005524 0.005524 0.005524 0.005524 0.005524 0.005523 0.005522 0.005519 0.005513 0.005500 0.005473 0.005422 0.005329 0.005168 0.004907 0.004511 0.003946 0.003192 0.002255 0.001169 0.000000 
50.000000 40.140459 30.882407 22.717441 15.950778 10.677383 6.809284 4.135875 2.392776 1.319177 0.693669 0.348428 0.167647 0.077704 0.035124 0.015915 0.007645 0.004243 0.002904 0.002399 0.002216 0.002153 0.002132 0.002125 0.002123 0.002122 0.002122 0.002122 0.002122 0.002122 0.002122 0.002122 0.002122 0.002122 0.002121 0.002121 0.002120 0.002117 0.002112 0.002102 0.002082 0.002045 0.001983 0.001882 0.001728 0.001511 0.001221 0.000862 0.000447 0.000000 
50.000000 40.140194 30.881893 22.716707 15.949863 10.676327 6.808125 4.134645 2.391499 1.317872 0.692348 0.347098 0.166312 0.076367 0.033785 0.014576 0.006306 0.002904 0.001565 0.001060 0.000877 0.000814 0.000792 0.000785 0.000783 0.000783 0.000783 0.000783 0.000782 0.000782 0.000782 0.000782 0.000782 0.000782 0.000782 0.000782 0.000782 0.000781 0.000779 0.000775 0.000767 0.000754 0.000730 0.000693 0.000636 0.000555 0.000449 0.000317 0.000164 0.000000 
50.000000 40.140094 30.881699 22.716431 15.949518 10.675929 6.807688 4.134181 2.391018 1.317380 0.691850 0.346596 0.165809 0.075862 0.033281 0.014071 0.005801 0.002399 0.001060 0.000555 0.000372 0.000308 0.000287 0.000280 0.000278 0.000278 0.000277 0.000277 0.000277 0.000277 0.000277 0.000277 0.000277 0.000277 0.000277 0.000277 0.000277 0.000277 0.000276 0.000275 0.000272 0.000267 0.000259 0.000245 0.000225 0.000196 0.000159 0.000112 0.000058 0.000000 
50.000000 40.140058 30.881629 22.716330 15.949393 10.675785 6.807529 4.134013 2.390843 1.317202 0.691669 0.346415 0.165626 0.075680 0.033098 0.013888 0.005618 0.002216 0.000877 0.000372 0.000189 0.000126 0.000104 0.000098 0.000095 0.000095 0.000095 0.000095 0.000095 0.000095 0.000095 0.000095 0.000095 0.000095 0.000095 0.000095 0.000094 0.000094 0.000094 0.000094 0.000093 0.000091 0.000088 0.000084 0.000077 0.000067 0.000054 0.000038 0.000020 0.000000 
50.000000 40.140045 30.881604 22.716296 15.949349 10.675735 6.807474 4.133954 2.390783 1.317140 0.691607 0.346351 0.165563 0.075616 0.033034 0.013825 0.005555 0.002153 0.000814 0.000308 0.000126 0.000062 0.000041 0.000034 0.000032 0.000031 0.000031 0.000031 0.000031 0.000031 0.000031 0.000031 0.000031 0.000031 0.000031 0.000031 0.000031 0.000031 0.000031 0.000031 0.000030 0.000030 0.000029 0.000027 0.000025 0.000022 0.000018 0.000012 0.000006 0.000000 
50.000000 40.140041 30.881596 22.716284 15.949335 10.675718 6.807456 4.133935 2.390763 1.317119 0.691586 0.346330 0.165542 0.075595 0.033013 0.013803 0.005534 0.002132 0.000792 0.000287 0.000104 0.000041 0.000020 0.000013 0.000011 0.000010 0.000010 0.000010 0.000010 0.000010 0.000010 0.000010 0.000010 0.000010 0.000010 0.000010 0.000010 0.000010 0.000010 0.000010 0.000010 0.000009 0.000009 0.000009 0.000008 0.000007 0.000006 0.000004 0.000002 0.000000 
50.000000 40.140040 30.881594 22.716280 15.949330 10.675712 6.807450 4.133929 2.390756 1.317113 0.691579 0.346324 0.165535 0.075588 0.033006 0.013797 0.005527 0.002125 0.000786 0.000280 0.000098 0.000034 0.000013 0.000006 0.000004 0.000003 0.000003 0.000003 0.000003 0.000003 0.000003 0.000003 0.000003 0.000003 0.000003 0.000003 0.000003 0.000003 0.000003 0.000003 0.000003 0.000003 0.000003 0.000003 0.000002 0.000002 0.000002 0.000001 0.000001 0.000000 
50.000000 40.140039 30.881593 22.716279 15.949329 10.675711 6.807449 4.133927 2.390754 1.317111 0.691577 0.346322 0.165533 0.075587 0.033005 0.013795 0.005525 0.002123 0.000784 0.000278 0.000096 0.000032 0.000011 0.000004 0.000002 0.000001 0.000001 0.000001 0.000001 0.000001 0.000001 0.000001 0.000001 0.000001 0.000001 0.000001 0.000001 0.000001 0.000001 0.000001 0.000001 0.000001 0.000001 0.000001 0.000001 0.000001 0.000001 0.000000 0.000000 0.000000 
50.000000 40.140039 30.881593 22.716279 15.949329 10.675711 6.807449 4.133927 2.390754 1.317111 0.691577 0.346322 0.165533 0.075587 0.033005 0.013795 0.005525 0.002123 0.000784 0.000278 0.000096 0.000032 0.000011 0.000004 0.000002 0.000001 0.000001 0.000001 0.000001 0.000001 0.000001 0.000001 0.000001 0.000001 0.000001 0.000001 0.000001 0.000001 0.000001 0.000001 0.000001 0.000001 0.000001 0.000001 0.000001 0.000001 0.000001 0.000000 0.000000 0.000000 
50.000000 40.140040 30.881594 22.716280 15.949330 10.675712 6.807450 4.133929 2.390756 1.317113 0.691579 0.346324 0.165535 0.075588 0.033006 0.013797 0.005527 0.002125 0.000786 0.000280 0.000098 0.000034 0.000013 0.000006 0.000004 0.000003 0.000003 0.000003 0.000003 0.000003 0.000003 0.000003 0.000003 0.000003 0.000003 0.000003 0.000003 0.000003 0.000003 0.000003 0.000003 0.000003 0.000003 0.000003 0.000002 0.000002 0.000002 0.000001 0.000001 0.000000 
50.000000 40.140041 30.881596 22.716284 15.949335 10.675718 6.807456 4.133935 2.390763 1.317119 0.691586 0.346330 0.165542 0.075595 0.033013 0.013803 0.005534 0.002132 0.000792 0.000287 0.000104 0.000041 0.000020 0.000013 0.000011 0.000010 0.000010 0.000010 0.000010 0.000010 0.000010 0.000010 0.000010 0.000010 0.000010 0.000010 0.000010 0.000010 0.000010 0.000010 0.000010 0.000009 0.000009 0.000009 0.000008 0.000007 0.000006 0.000004 0.000002 0.000000 
50.000000 40.140045 30.881604 22.716296 15.949349 10.675735 6.807474 4.133954 2.390783 1.317140 0.691607 0.346351 0.165563 0.075616 0.033034 0.013825 0.005555 0.002153 0.000814 0.000308 0.000126 0.000062 0.000041 0.000034 0.000032 0.000031 0.000031 0.000031 0.000031 0.000031 0.000031 0.000031 0.000031 0.000031 0.000031 0.000031 0.000031 0.000031 0.000031 0.000031 0.000030 0.000030 0.000029 0.000027 0.000025 0.000022 0.000018 0.000012 0.000006 0.000000 
50.000000 40.140058 30.881629 22.716330 15.949393 10.675785 6.807529 4.134013 2.390843 1.317202 0.691669 0.346415 0.165626 0.075680 0.033098 0.013888 0.005618 0.002216 0.000877 0.000372 0.000189 0.000126 0.000104 0.000098 0.000095 0.000095 0.000095 0.000095 0.000095 0.000095 0.000095 0.000095 0.000095 0.000095 0.000095 0.000095 0.000094 0.000094 0.000094 0.000094 0.000093 0.000091 0.000088 0.000084 0.000077 0.000067 0.000054 0.000038 0.000020 0.000000 
50.000000 40.140094 30.881699 22.716431 15.949518 10.675929 6.807688 4.134181 2.391018 1.317380 0.691850 0.346596 0.165809 0.075862 0.033281 0.014071 0.005801 0.002399 0.001060 0.000555 0.000372 0.000308 0.000287 0.000280 0.000278 0.000278 0.000277 0.000277 0.000277 0.000277 0.000277 0.000277 0.000277 0.000277 0.000277 0.000277 0.000277 0.000277 0.000276 0.000275 0.000272 0.000267 0.000259 0.000245 0.000225 0.000196 0.000159 0.000112 0.000058 0.000000 
50.000000 40.140194 30.881893 22.716707 15.949863 10.676327 6.808125 4.134645 2.391499 1.317872 0.692348 0.347098 0.166312 0.076367 0.033785 0.014576 0.006306 0.002904 0.001565 0.001060 0.000877 0.000814 0.000792 0.000785 0.000783 0.000783 0.000783 0.000783 0.000782 0.000782 0.000782 0.000782 0.000782 0.000782 0.000782 0.000782 0.000782 0.000781 0.000779 0.000775 0.000767 0.000754 0.000730 0.000693 0.000636 0.000555 0.000449 0.000317 0.000164 0.000000 
50.000000 40.140459 30.882407 22.717441 15.950778 10.677383 6.809284 4.135875 2.392776 1.319177 0.693669 0.348428 0.167647 0.077704 0.035124 0.015915 0.007645 0.004243 0.002904 0.002399 0.002216 0.002153 0.002132 0.002125 0.002123 0.002122 0.002122 0.002122 0.002122 0.002122 0.002122 0.002122 0.002122 0.002122 0.002121 0.002121 0.002120 0.002117 0.002112 0.002102 0.002082 0.002045 0.001983 0.001882 0.001728 0.001511 0.001221 0.000862 0.000447 0.000000 
50.000000 40.141133 30.883713 22.719304 15.953102 10.680065 6.812229 4.139000 2.396018 1.322491 0.697026 0.351807 0.171038 0.081101 0.038524 0.019316 0.011047 0.007645 0.006306 0.005801 0.005618 0.005555 0.005534 0.005527 0.005525 0.005524 0.005524 0.005524 0.005524 0.005524 0.005524 0.005524 0.005524 0.005524 0.005523 0.005522 0.005519 0.005513 0.005500 0.005473 0.005422 0.005329 0.005168 0.004907 0.004511 0.003946 0.003192 0.002255 0.001169 0.000000 
50.000000 40.142770 30.886886 22.723830 15.958748 10.686583 6.819384 4.146595 2.403899 1.330548 0.705184 0.360022 0.179282 0.089359 0.046788 0.027584 0.019316 0.015915 0.014576 0.014071 0.013888 0.013825 0.013803 0.013797 0.013795 0.013794 0.013794 0.013794 0.013794 0.013794 0.013794 0.013794 0.013793 0.013793 0.013792 0.013789 0.013782 0.013768 0.013736 0.013671 0.013546 0.013318 0.012923 0.012280 0.011299 0.009893 0.008011 0.005663 0.002938 0.000000 
50.000000 40.146570 30.894253 22.734340 15.971860 10.701719 6.836002 4.164235 2.422204 1.349260 0.724133 0.379102 0.198430 0.108541 0.065986 0.046788 0.038524 0.035124 0.033785 0.033281 0.033098 0.033034 0.033013 0.033006 0.033004 0.033004 0.033003 0.033003 0.033003 0.033003 0.033003 0.033003 0.033003 0.033002 0.032999 0.032993 0.032978 0.032944 0.032871 0.032721 0.032431 0.031897 0.030970 0.029456 0.027129 0.023781 0.019280 0.013643 0.007082 0.000000 
50.000000 40.154990 30.910577 22.757630 16.000917 10.735264 6.872833 4.203333 2.462775 1.390738 0.766137 0.421395 0.240874 0.151060 0.108541 0.089359 0.081101 0.077704 0.076367 0.075862 0.075680 0.075616 0.075595 0.075588 0.075586 0.075586 0.075585 0.075585 0.075585 0.075585 0.075585 0.075585 0.075584 0.075582 0.075576 0.075563 0.075530 0.075456 0.075295 0.074966 0.074323 0.073135 0.071063 0.067655 0.062389 0.054767 0.044465 0.031503 0.016367 0.000000 
50.000000 40.172770 30.945047 22.806810 16.062276 10.806104 6.950617 4.285908 2.548468 1.478346 0.854859 0.510730 0.330529 0.240874 0.198430 0.179282 0.171038 0.167647 0.166312 0.165809 0.165626 0.165563 0.165542 0.165535 0.165533 0.165532 0.165532 0.165532 0.165532 0.165532 0.165532 0.165531 0.165530 0.165525 0.165514 0.165486 0.165418 0.165265 0.164931 0.164242 0.162891 0.160380 0.155969 0.148666 0.137301 0.120736 0.098199 0.069683 0.036242 0.000000 
50.000000 40.208493 31.014304 22.905627 16.185573 10.948458 7.106933 4.451859 2.720691 1.654425 1.033180 0.690286 0.510730 0.421395 0.379102 0.360022 0.351807 0.348428 0.347098 0.346596 0.346415 0.346351 0.346330 0.346324 0.346322 0.346321 0.346321 0.346321 0.346321 0.346320 0.346320 0.346319 0.346316 0.346308 0.346286 0.346231 0.346099 0.345799 0.345143 0.343780 0.341090 0.336055 0.327144 0.312269 0.288927 0.254614 0.207550 0.147575 0.076863 0.000000 
50.000000 40.276689 31.146523 23.094285 16.420975 11.220259 7.405405 4.768742 3.049563 1.990669 1.373712 1.033180 0.854859 0.766137 0.724133 0.705184 0.697026 0.693669 0.692348 0.691850 0.691669 0.691607 0.691586 0.691579 0.691577 0.691576 0.691576 0.691576 0.691576 0.691576 0.691575 0.691573 0.691568 0.691552 0.691512 0.691412 0.691171 0.690617 0.689400 0.686856 0.681798 0.672255 0.655214 0.626496 0.580971 0.513348 0.419653 0.299166 0.156107 0.000000 
50.000000 40.400207 31.386003 23.436001 16.847375 11.712612 7.946095 5.342809 3.645367 2.599846 1.990669 1.654425 1.478346 1.390738 1.349260 1.330548 1.322491 1.319177 1.317872 1.317380 1.317202 1.317140 1.317119 1.317112 1.317110 1.317110 1.317110 1.317109 1.317109 1.317109 1.317108 1.317105 1.317095 1.317069 1.317001 1.316830 1.316415 1.315455 1.313336 1.308872 1.299923 1.282884 1.252145 1.199750 1.115665 0.989153 0.811607 0.580589 0.303722 0.000000 
50.000000 40.612143 31.796920 24.022361 17.579075 12.557519 8.873990 6.328017 4.667913 3.645367 3.049563 2.720691 2.548468 2.462775 2.422204 2.403899 2.396018 2.392776 2.391499 2.391018 2.390843 2.390783 2.390763 2.390756 2.390754 2.390754 2.390753 2.390753 2.390753 2.390752 2.390751 2.390746 2.390731 2.390690 2.390581 2.390307 2.389640 2.388088 2.384636 2.377308 2.362483 2.333957 2.281874 2.191897 2.045340 1.821290 1.501675 1.079299 0.566612 0.000000 
50.000000 40.956149 32.463914 24.974154 18.766827 13.929091 10.380334 7.927458 6.328017 5.342809 4.768742 4.451859 4.285908 4.203333 4.164235 4.146595 4.139000 4.135875 4.134645 4.134181 4.134013 4.133954 4.133935 4.133929 4.133927 4.133926 4.133926 4.133926 4.133926 4.133925 4.133922 4.133915 4.133893 4.133832 4.133673 4.133265 4.132270 4.129939 4.124715 4.113528 4.090664 4.046144 3.963729 3.819073 3.579173 3.205046 2.659939 1.924395 1.015495 0.000000 
50.000000 41.483622 33.486650 26.433623 20.588168 16.032377 12.690368 10.380334 8.873990 7.946095 7.405405 7.106933 6.950617 6.872833 6.836002 6.819384 6.812229 6.809284 6.808125 6.807688 6.807529 6.807474 6.807456 6.807450 6.807448 6.807448 6.807448 6.807447 6.807447 6.807446 6.807443 6.807432 6.807403 6.807321 6.807104 6.806547 6.805178 6.801951 6.794664 6.778908 6.746346 6.682093 6.561261 6.345184 5.978949 5.393369 4.516315 3.298590 1.754439 0.000000 
50.000000 42.246645 34.966122 28.544910 23.223015 19.075189 16.032377 13.929091 12.557519 11.712612 11.220259 10.948458 10.806104 10.735264 10.701719 10.686583 10.680065 10.677383 10.676327 10.675929 10.675785 10.675735 10.675718 10.675712 10.675711 10.675710 10.675710 10.675710 10.675709 10.675708 10.675704 10.675691 10.675655 10.675554 10.675284 10.674590 10.672875 10.668803 10.659531 10.639288 10.596947 10.512179 10.349917 10.053428 9.537594 8.686673 7.365182 5.455946 2.939223 0.000000 
50.000000 43.286683 36.982741 31.422788 26.814632 23.223015 20.588168 18.766827 17.579075 16.847375 16.420975 16.185573 16.062276 16.000917 15.971860 15.958748 15.953102 15.950778 15.949863 15.949518 15.949393 15.949349 15.949335 15.949330 15.949329 15.949328 15.949328 15.949328 15.949328 15.949326 15.949321 15.949308 15.949267 15.949156 15.948855 15.948079 15.946150 15.941540 15.930959 15.907627 15.858222 15.757784 15.561781 15.194799 14.536342 13.407316 11.568384 8.757934 4.823524 0.000000 
50.000000 44.621029 39.570040 35.115126 31.422788 28.544910 26.433623 24.974154 24.022361 23.436001 23.094285 22.905627 22.806810 22.757630 22.734340 22.723830 22.719304 22.717441 22.716707 22.716431 22.716330 22.716296 22.716284 22.716280 22.716279 22.716279 22.716279 22.716278 22.716278 22.716277 22.716272 22.716259 22.716220 22.716111 22.715819 22.715060 22.713165 22.708611 22.698077 22.674632 22.624395 22.520686 22.314215 21.917308 21.179729 19.854404 17.557563 13.754563 7.891246 0.000000 
50.000000 46.230926 42.691658 39.570040 36.982741 34.966122 33.486650 32.463914 31.796920 31.386003 31.146523 31.014304 30.945047 30.910577 30.894253 30.886886 30.883713 30.882407 30.881893 30.881699 30.881629 30.881604 30.881596 30.881594 30.881593 30.881593 30.881592 30.881592 30.881592 30.881591 30.881587 30.881577 30.881545 30.881458 30.881223 30.880610 30.879074 30.875364 30.866729 30.847357 30.805414 30.717622 30.539519 30.188060 29.510177 28.224807 25.815477 21.345829 13.262449 0.000000 
50.000000 48.056207 46.230926 44.621029 43.286683 42.246645 41.483622 40.956149 40.612143 40.400207 40.276689 40.208493 40.172770 40.154990 40.146570 40.142770 40.141133 40.140459 40.140194 40.140094 40.140058 40.140045 40.140041 40.140040 40.140039 40.140039 40.140039 40.140039 40.140039 40.140038 40.140036 40.140030 40.140013 40.139964 40.139832 40.139488 40.138623 40.136528 40.131630 40.120582 40.096484 40.045532 39.940654 39.729182 39.307421 38.463159 36.729783 32.968477 24.028104 0.000000 
50.000000 50.000000 50.000000 50.000000 50.000000 50.000000 50.000000 50.000000 50.000000 50.000000 50.000000 50.000000 50.000000 50.000000 50.000000 50.000000 50.000000 50.000000 50.000000 50.000000 50.000000 50.000000 50.000000 50.000000 50.000000 50.000000 50.000000 50.000000 50.000000 50.000000 50.000000 50.000000 50.000000 50.000000 50.000000 50.000000 50.000000 50.000000 50.000000 50.000000 50.000000 50.000000 50.000000 50.000000 50.000000 50.000000 50.000000 50.000000 50.000000 50.000000 
