50.000000 50.000000 50.000000 50.000000 50.000000 50.000000 50.000000 50.000000 50.000000 50.000000 50.000000 50.000000 50.000000 50.000000 50.000000 50.000000 50.000000 50.000000 50.000000 50.000000 50.000000 50.000000 50.000000 50.000000 50.000000 50.000000 50.000000 50.000000 50.000000 50.000000 50.000000 50.000000 50.000000 50.000000 50.000000 50.000000 50.000000 50.000000 50.000000 50.000000 50.000000 50.000000 50.000000 50.000000 50.000000 50.000000 50.000000 50.000000 50.000000 50.000000 
50.000000 46.974004 44.234855 41.988093 40.314925 39.180613 38.478290 38.079728 37.871653 37.771344 37.726527 37.707903 37.700681 37.698058 37.697164 37.696877 37.696790 37.696765 37.696758 37.696756 37.696756 37.696756 37.696756 37.696756 37.696756 37.696756 37.696756 37.696756 37.696756 37.696756 37.696756 37.696756 37.696755 37.696754 37.696749 37.696730 37.696663 37.696439 37.695733 37.693607 37.687523 37.670959 37.627949 37.521014 37.264563 36.664105 35.264976 31.928389 23.487002 0.000000 
50.000000 44.234855 39.016262 34.735839 31.548288 29.387387 28.049497 27.290295 26.893963 26.702912 26.617557 26.582090 26.568336 26.563343 26.561640 26.561094 26.560928 26.560880 26.560868 26.560864 26.560863 26.560863 26.560863 26.560863 26.560863 26.560863 26.560863 26.560863 26.560863 26.560863 26.560863 26.560863 26.560862 26.560860 26.560851 26.560819 26.560708 26.560337 26.559169 26.555674 26.545751 26.519020 26.450661 26.284462 25.899295 25.045319 23.227063 19.508131 12.306466 0.000000 
50.000000 41.988093 34.735839 28.787522 24.358100 21.355469 19.496551 18.441762 17.891166 17.625776 17.507220 17.457962 17.438862 17.431929 17.429565 17.428806 17.428577 17.428511 17.428493 17.428488 17.428487 17.428487 17.428487 17.428487 17.428487 17.428487 17.428487 17.428487 17.428487 17.428487 17.428486 17.428486 17.428486 17.428483 17.428473 17.428437 17.428313 17.427903 17.426617 17.422802 17.412082 17.383601 17.312114 17.142726 16.764141 15.967262 14.393761 11.508777 6.723117 0.000000 
50.000000 40.314925 31.548288 24.358100 19.004168 15.375046 13.128434 11.853764 11.188455 10.867804 10.724578 10.665076 10.642007 10.633634 10.630780 10.629864 10.629586 10.629507 10.629485 10.629480 10.629478 10.629478 10.629478 10.629478 10.629478 10.629478 10.629478 10.629478 10.629478 10.629478 10.629478 10.629478 10.629477 10.629475 10.629466 10.629434 10.629324 10.628962 10.627838 10.624529 10.615339 10.591274 10.532004 10.395014 10.098777 9.502084 8.390838 6.502969 3.650820 0.000000 
50.000000 39.180613 29.387387 21.355469 15.375046 11.321503 8.812332 7.388811 6.645876 6.287849 6.127945 6.061522 6.035773 6.026428 6.023244 6.022222 6.021912 6.021823 6.021799 6.021793 6.021791 6.021791 6.021791 6.021791 6.021791 6.021791 6.021791 6.021791 6.021791 6.021791 6.021791 6.021791 6.021790 6.021788 6.021782 6.021758 6.021675 6.021406 6.020574 6.018149 6.011487 5.994285 5.952658 5.858563 5.660751 5.276268 4.591328 3.488093 1.916050 0.000000 
50.000000 38.478290 28.049497 19.496551 13.128434 8.812332 6.140800 4.625274 3.834385 3.453281 3.283086 3.212395 3.184995 3.175051 3.171663 3.170576 3.170246 3.170152 3.170126 3.170120 3.170118 3.170118 3.170117 3.170117 3.170117 3.170117 3.170117 3.170117 3.170117 3.170117 3.170117 3.170117 3.170117 3.170116 3.170112 3.170096 3.170042 3.169867 3.169330 3.167779 3.163562 3.152810 3.127197 3.070400 2.953769 2.733420 2.353826 1.765035 0.957276 0.000000 
50.000000 38.079728 27.290295 18.441762 11.853764 7.388811 4.625274 3.057641 2.239608 1.845450 1.669438 1.596336 1.568003 1.557722 1.554219 1.553095 1.552755 1.552657 1.552631 1.552624 1.552622 1.552622 1.552622 1.552622 1.552622 1.552622 1.552622 1.552622 1.552622 1.552622 1.552622 1.552621 1.552621 1.552621 1.552618 1.552609 1.552578 1.552476 1.552168 1.551285 1.548907 1.542911 1.528820 1.498078 1.436153 1.321760 1.129648 0.839634 0.451780 0.000000 
50.000000 37.871653 26.893963 17.891166 11.188455 6.645876 3.834385 2.239608 1.407445 1.006496 0.827460 0.753107 0.724290 0.713834 0.710272 0.709129 0.708783 0.708683 0.708656 0.708649 0.708648 0.708647 0.708647 0.708647 0.708647 0.708647 0.708647 0.708647 0.708647 0.708647 0.708647 0.708647 0.708647 0.708647 0.708645 0.708640 0.708624 0.708571 0.708412 0.707958 0.706747 0.703722 0.696697 0.681575 0.651591 0.597181 0.507565 0.374944 0.200694 0.000000 
50.000000 37.771344 26.702912 17.625776 10.867804 6.287849 3.453281 1.845450 1.006496 0.602287 0.421800 0.346846 0.317798 0.307258 0.303667 0.302515 0.302166 0.302066 0.302039 0.302032 0.302030 0.302030 0.302030 0.302030 0.302030 0.302030 0.302030 0.302030 0.302030 0.302030 0.302030 0.302030 0.302030 0.302030 0.302029 0.302027 0.302019 0.301994 0.301919 0.301707 0.301143 0.299749 0.296543 0.289719 0.276362 0.252465 0.213694 0.157161 0.083821 0.000000 
50.000000 37.726527 26.617557 17.507220 10.724578 6.127945 3.283086 1.669438 0.827460 0.421800 0.240669 0.165448 0.136297 0.125720 0.122117 0.120961 0.120611 0.120510 0.120483 0.120476 0.120474 0.120474 0.120474 0.120474 0.120474 0.120474 0.120474 0.120474 0.120474 0.120474 0.120474 0.120474 0.120474 0.120474 0.120473 0.120472 0.120469 0.120458 0.120426 0.120334 0.120094 0.119502 0.118152 0.115307 0.109796 0.100048 0.084418 0.061883 0.032920 0.000000 
50.000000 37.707903 26.582090 17.457962 10.665076 6.061522 3.212395 1.596336 0.753107 0.346846 0.165448 0.090118 0.060924 0.050332 0.046724 0.045566 0.045215 0.045115 0.045087 0.045080 0.045079 0.045078 0.045078 0.045078 0.045078 0.045078 0.045078 0.045078 0.045078 0.045078 0.045078 0.045078 0.045078 0.045078 0.045078 0.045078 0.045076 0.045072 0.045059 0.045022 0.044927 0.044695 0.044168 0.043065 0.040948 0.037238 0.031345 0.022921 0.012170 0.000000 
50.000000 37.700681 26.568336 17.438862 10.642007 6.035773 3.184995 1.568003 0.724290 0.317798 0.136297 0.060924 0.031714 0.021116 0.017506 0.016347 0.015997 0.015896 0.015869 0.015862 0.015860 0.015859 0.015859 0.015859 0.015859 0.015859 0.015859 0.015859 0.015859 0.015859 0.015859 0.015859 0.015859 0.015859 0.015859 0.015859 0.015859 0.015857 0.015852 0.015839 0.015804 0.015718 0.015527 0.015128 0.014368 0.013045 0.010959 0.007999 0.004241 0.000000 
50.000000 37.698058 26.563343 17.431929 10.633634 6.026428 3.175051 1.557722 0.713834 0.307258 0.125720 0.050332 0.021116 0.010516 0.006905 0.005747 0.005396 0.005295 0.005268 0.005261 0.005259 0.005259 0.005258 0.005258 0.005258 0.005258 0.005258 0.005258 0.005258 0.005258 0.005258 0.005258 0.005258 0.005258 0.005258 0.005258 0.005258 0.005258 0.005256 0.005251 0.005239 0.005210 0.005145 0.005009 0.004753 0.004310 0.003616 0.002635 0.001396 0.000000 
50.000000 37.697164 26.561640 17.429565 10.630780 6.023244 3.171663 1.554219 0.710272 0.303667 0.122117 0.046724 0.017506 0.006905 0.003294 0.002135 0.001784 0.001684 0.001656 0.001649 0.001647 0.001647 0.001647 0.001647 0.001647 0.001647 0.001647 0.001647 0.001647 0.001647 0.001647 0.001647 0.001647 0.001647 0.001647 0.001647 0.001647 0.001647 0.001646 0.001645 0.001641 0.001631 0.001610 0.001567 0.001486 0.001346 0.001128 0.000821 0.000434 0.000000 
50.000000 37.696877 26.561094 17.428806 10.629864 6.022222 3.170576 1.553095 0.709129 0.302515 0.120961 0.045566 0.016347 0.005747 0.002135 0.000976 0.000625 0.000525 0.000498 0.000490 0.000489 0.000488 0.000488 0.000488 0.000488 0.000488 0.000488 0.000488 0.000488 0.000488 0.000488 0.000488 0.000488 0.000488 0.000488 0.000488 0.000488 0.000488 0.000488 0.000487 0.000486 0.000483 0.000477 0.000464 0.000440 0.000398 0.000333 0.000242 0.000128 0.000000 
50.000000 37.696790 26.560928 17.428577 10.629586 6.021912 3.170246 1.552755 0.708783 0.302166 0.120611 0.045215 0.015997 0.005396 0.001784 0.000625 0.000275 0.000174 0.000147 0.000140 0.000138 0.000137 0.000137 0.000137 0.000137 0.000137 0.000137 0.000137 0.000137 0.000137 0.000137 0.000137 0.000137 0.000137 0.000137 0.000137 0.000137 0.000137 0.000137 0.000137 0.000137 0.000136 0.000134 0.000130 0.000124 0.000112 0.000093 0.000068 0.000036 0.000000 
50.000000 37.696765 26.560880 17.428511 10.629507 6.021823 3.170152 1.552657 0.708683 0.302066 0.120510 0.045115 0.015896 0.005295 0.001684 0.000525 0.000174 0.000073 0.000046 0.000039 0.000037 0.000037 0.000037 0.000037 0.000037 0.000037 0.000037 0.000037 0.000037 0.000037 0.000037 0.000037 0.000037 0.000037 0.000037 0.000037 0.000037 0.000037 0.000037 0.000037 0.000037 0.000036 0.000036 0.000035 0.000033 0.000030 0.000025 0.000018 0.000010 0.000000 
50.000000 37.696758 26.560868 17.428493 10.629485 6.021799 3.170126 1.552631 0.708656 0.302039 0.120483 0.045087 0.015869 0.005268 0.001656 0.000498 0.000147 0.000046 0.000019 0.000012 0.000010 0.000009 0.000009 0.000009 0.000009 0.000009 0.000009 0.000009 0.000009 0.000009 0.000009 0.000009 0.000009 0.000009 0.000009 0.000009 0.000009 0.000009 0.000009 0.000009 0.000009 0.000009 0.000009 0.000009 0.000008 0.000008 0.000006 0.000005 0.000002 0.000000 
50.000000 37.696756 26.560864 17.428488 10.629480 6.021793 3.170120 1.552624 0.708649 0.302032 0.120476 0.045080 0.015862 0.005261 0.001649 0.000490 0.000140 0.000039 0.000012 0.000005 0.000003 0.000002 0.000002 0.000002 0.000002 0.000002 0.000002 0.000002 0.000002 0.000002 0.000002 0.000002 0.000002 0.000002 0.000002 0.000002 0.000002 0.000002 0.000002 0.000002 0.000002 0.000002 0.000002 0.000002 0.000002 0.000002 0.000002 0.000001 0.000001 0.000000 
50.000000 37.696756 26.560863 17.428487 10.629478 6.021791 3.170118 1.552622 0.708648 0.302030 0.120474 0.045079 0.015860 0.005259 0.001647 0.000489 0.000138 0.000037 0.000010 0.000003 0.000001 0.000001 0.000001 0.000001 0.000001 0.000001 0.000001 0.000001 0.000001 0.000001 0.000001 0.000001 0.000001 0.000001 0.000001 0.000001 0.000001 0.000001 0.000001 0.000001 0.000001 0.000001 0.000001 0.000000 0.000000 0.000000 0.000000 0.000000 0.000000 0.000000 
50.000000 37.696756 26.560863 17.428487 10.629478 6.021791 3.170118 1.552622 0.708647 0.302030 0.120474 0.045078 0.015859 0.005259 0.001647 0.000488 0.000137 0.000037 0.000009 0.000002 0.000001 0.000000 0.000000 0.000000 0.000000 0.000000 0.000000 0.000000 0.000000 0.000000 0.000000 0.000000 0.000000 0.000000 0.000000 0.000000 0.000000 0.000000 0.000000 0.000000 0.000000 0.000000 0.000000 0.000000 0.000000 0.000000 0.000000 0.000000 0.000000 0.000000 
50.000000 37.696756 26.560863 17.428487 10.629478 6.021791 3.170117 1.552622 0.708647 0.302030 0.120474 0.045078 0.015859 0.005258 0.001647 0.000488 0.000137 0.000037 0.000009 0.000002 0.000001 0.000000 0.000000 0.000000 0.000000 0.000000 0.000000 0.000000 0.000000 0.000000 0.000000 0.000000 0.000000 0.000000 0.000000 0.000000 0.000000 0.000000 0.000000 0.000000 0.000000 0.000000 0.000000 0.000000 0.000000 0.000000 0.000000 0.000000 0.000000 0.000000 
50.000000 37.696756 26.560863 17.428487 10.629478 6.021791 3.170117 1.552622 0.708647 0.302030 0.120474 0.045078 0.015859 0.005258 0.001647 0.000488 0.000137 0.000037 0.000009 0.000002 0.000001 0.000000 0.000000 0.000000 0.000000 0.000000 0.000000 0.000000 0.000000 0.000000 0.000000 0.000000 0.000000 0.000000 0.000000 0.000000 0.000000 0.000000 0.000000 0.000000 0.000000 0.000000 0.000000 0.000000 0.000000 0.000000 0.000000 0.000000 0.000000 0.000000 
50.000000 37.696756 26.560863 17.428487 10.629478 6.021791 3.170117 1.552622 0.708647 0.302030 0.120474 0.045078 0.015859 0.005258 0.001647 0.000488 0.000137 0.000037 0.000009 0.000002 0.000001 0.000000 0.000000 0.000000 0.000000 0.000000 0.000000 0.000000 0.000000 0.000000 0.000000 0.000000 0.000000 0.000000 0.000000 0.000000 0.000000 0.000000 0.000000 0.000000 0.000000 0.000000 0.000000 0.000000 0.000000 0.000000 0.000000 0.000000 0.000000 0.000000 
50.000000 37.696756 26.560863 17.428487 10.629478 6.021791 3.170117 1.552622 0.708647 0.302030 0.120474 0.045078 0.015859 0.005258 0.001647 0.000488 0.000137 0.000037 0.000009 0.000002 0.000001 0.000000 0.000000 0.000000 0.000000 0.000000 0.000000 0.000000 0.000000 0.000000 0.000000 0.000000 0.000000 0.000000 0.000000 0.000000 0.000000 0.000000 0.000000 0.000000 0.000000 0.000000 0.000000 0.000000 0.000000 0.000000 0.000000 0.000000 0.000000 0.000000 
50.000000 37.696756 26.560863 17.428487 10.629478 6.021791 3.170117 1.552622 0.708647 0.302030 0.120474 0.045078 0.015859 0.005258 0.001647 0.000488 0.000137 0.000037 0.000009 0.000002 0.000001 0.000000 0.000000 0.000000 0.000000 0.000000 0.000000 0.000000 0.000000 0.000000 0.000000 0.000000 0.000000 0.000000 0.000000 0.000000 0.000000 0.000000 0.000000 0.000000 0.000000 0.000000 0.000000 0.000000 0.000000 0.000000 0.000000 0.000000 0.000000 0.000000 
50.000000 37.696756 26.560863 17.428487 10.629478 6.021791 3.170117 1.552622 0.708647 0.302030 0.120474 0.045078 0.015859 0.005258 0.001647 0.000488 0.000137 0.000037 0.000009 0.000002 0.000001 0.000000 0.000000 0.000000 0.000000 0.000000 0.000000 0.000000 0.000000 0.000000 0.000000 0.000000 0.000000 0.000000 0.000000 0.000000 0.000000 0.000000 0.000000 0.000000 0.000000 0.000000 0.000000 0.000000 0.000000 0.000000 0.000000 0.000000 0.000000 0.000000 
50.000000 37.696756 26.560863 17.428487 10.629478 6.021791 3.170118 1.552622 0.708647 0.302030 0.120474 0.045078 0.015859 0.005259 0.001647 0.000488 0.000137 0.000037 0.000009 0.000002 0.000001 0.000000 0.000000 0.000000 0.000000 0.000000 0.000000 0.000000 0.000000 0.000000 0.000000 0.000000 0.000000 0.000000 0.000000 0.000000 0.000000 0.000000 0.000000 0.000000 0.000000 0.000000 0.000000 0.000000 0.000000 0.000000 0.000000 0.000000 0.000000 0.000000 
50.000000 37.696756 26.560863 17.428487 10.629478 6.021791 3.170118 1.552622 0.708648 0.302030 0.120474 0.045079 0.015860 0.005259 0.001647 0.000489 0.000138 0.000037 0.000010 0.000003 0.000001 0.000001 0.000001 0.000001 0.000001 0.000001 0.000001 0.000001 0.000001 0.000001 0.000001 0.000001 0.000001 0.000001 0.000001 0.000001 0.000001 0.000001 0.000001 0.000001 0.000001 0.000001 0.000001 0.000000 0.000000 0.000000 0.000000 0.000000 0.000000 0.000000 
50.000000 37.696756 26.560864 17.428488 10.629480 6.021793 3.170120 1.552624 0.708649 0.302032 0.120476 0.045080 0.015862 0.005261 0.001649 0.000490 0.000140 0.000039 0.000012 0.000005 0.000003 0.000002 0.000002 0.000002 0.000002 0.000002 0.000002 0.000002 0.000002 0.000002 0.000002 0.000002 0.000002 0.000002 0.000002 0.000002 0.000002 0.000002 0.000002 0.000002 0.000002 0.000002 0.000002 0.000002 0.000002 0.000002 0.000002 0.000001 0.000001 0.000000 
50.000000 37.696758 26.560868 17.428493 10.629485 6.021799 3.170126 1.552631 0.708656 0.302039 0.120483 0.045087 0.015869 0.005268 0.001656 0.000498 0.000147 0.000046 0.000019 0.000012 0.000010 0.000009 0.000009 0.000009 0.000009 0.000009 0.000009 0.000009 0.000009 0.000009 0.000009 0.000009 0.000009 0.000009 0.000009 0.000009 0.000009 0.000009 0.000009 0.000009 0.000009 0.000009 0.000009 0.000009 0.000008 0.000008 0.000006 0.000005 0.000002 0.000000 
50.000000 37.696765 26.560880 17.428511 10.629507 6.021823 3.170152 1.552657 0.708683 0.302066 0.120510 0.045115 0.015896 0.005295 0.001684 0.000525 0.000174 0.000073 0.000046 0.000039 0.000037 0.000037 0.000037 0.000037 0.000037 0.000037 0.000037 0.000037 0.000037 0.000037 0.000037 0.000037 0.000037 0.000037 0.000037 0.000037 0.000037 0.000037 0.000037 0.000037 0.000037 0.000036 0.000036 0.000035 0.000033 0.000030 0.000025 0.000018 0.000010 0.000000 
50.000000 37.696790 26.560928 17.428577 10.629586 6.021912 3.170246 1.552755 0.708783 0.302166 0.120611 0.045215 0.015997 0.005396 0.001784 0.000625 0.000275 0.000174 0.000147 0.000140 0.000138 0.000137 0.000137 0.000137 0.000137 0.000137 0.000137 0.000137 0.000137 0.000137 0.000137 0.000137 0.000137 0.000137 0.000137 0.000137 0.000137 0.000137 0.000137 0.000137 0.000137 0.000136 0.000134 0.000130 0.000124 0.000112 0.000093 0.000068 0.000036 0.000000 
50.000000 37.696877 26.561094 17.428806 10.629864 6.022222 3.170576 1.553095 0.709129 0.302515 0.120961 0.045566 0.016347 0.005747 0.002135 0.000976 0.000625 0.000525 0.000498 0.000490 0.000489 0.000488 0.000488 0.000488 0.000488 0.000488 0.000488 0.000488 0.000488 0.000488 0.000488 0.000488 0.000488 0.000488 0.000488 0.000488 0.000488 0.000488 0.000488 0.000487 0.000486 0.000483 0.000477 0.000464 0.000440 0.000398 0.000333 0.000242 0.000128 0.000000 
50.000000 37.697164 26.561640 17.429565 10.630780 6.023244 3.171663 1.554219 0.710272 0.303667 0.122117 0.046724 0.017506 0.006905 0.003294 0.002135 0.001784 0.001684 0.001656 0.001649 0.001647 0.001647 0.001647 0.001647 0.001647 0.001647 0.001647 0.001647 0.001647 0.001647 0.001647 0.001647 0.001647 0.001647 0.001647 0.001647 0.001647 0.001647 0.001646 0.001645 0.001641 0.001631 0.001610 0.001567 0.001486 0.001346 0.001128 0.000821 0.000434 0.000000 
50.000000 37.698058 26.563343 17.431929 10.633634 6.026428 3.175051 1.557722 0.713834 0.307258 0.125720 0.050332 0.021116 0.010516 0.006905 0.005747 0.005396 0.005295 0.005268 0.005261 0.005259 0.005259 0.005258 0.005258 0.005258 0.005258 0.005258 0.005258 0.005258 0.005258 0.005258 0.005258 0.005258 0.005258 0.005258 0.005258 0.005258 0.005258 0.005256 0.005251 0.005239 0.005210 0.005145 0.005009 0.004753 0.004310 0.003616 0.002635 0.001396 0.000000 
50.000000 37.700681 26.568336 17.438862 10.642007 6.035773 3.184995 1.568003 0.724290 0.317798 0.136297 0.060924 0.031714 0.021116 0.017506 0.016347 0.015997 0.015896 0.015869 0.015862 0.015860 0.015859 0.015859 0.015859 0.015859 0.015859 0.015859 0.015859 0.015859 0.015859 0.015859 0.015859 0.015859 0.015859 0.015859 0.015859 0.015859 0.015857 0.015852 0.015839 0.015804 0.015718 0.015527 0.015128 0.014368 0.013045 0.010959 0.007999 0.004241 0.000000 
50.000000 37.707903 26.582090 17.457962 10.665076 6.061522 3.212395 1.596336 0.753107 0.346846 0.165448 0.090118 0.060924 0.050332 0.046724 0.045566 0.045215 0.045115 0.045087 0.045080 0.045079 0.045078 0.045078 0.045078 0.045078 0.045078 0.045078 0.045078 0.045078 0.045078 0.045078 0.045078 0.045078 0.045078 0.045078 0.045078 0.045076 0.045072 0.045059 0.045022 0.044927 0.044695 0.044168 0.043065 0.040948 0.037238 0.031345 0.022921 0.012170 0.000000 
50.000000 37.726527 26.617557 17.507220 10.724578 6.127945 3.283086 1.669438 0.827460 0.421800 0.240669 0.165448 0.136297 0.125720 0.122117 0.120961 0.120611 0.120510 0.120483 0.120476 0.120474 0.120474 0.120474 0.120474 0.120474 0.120474 0.120474 0.120474 0.120474 0.120474 0.120474 0.120474 0.120474 0.120474 0.120473 0.120472 0.120469 0.120458 0.120426 0.120334 0.120094 0.119502 0.118152 0.115307 0.109796 0.100048 0.084418 0.061883 0.032920 0.000000 
50.000000 37.771344 26.702912 17.625776 10.867804 6.287849 3.453281 1.845450 1.006496 0.602287 0.421800 0.346846 0.317798 0.307258 0.303667 0.302515 0.302166 0.302066 0.302039 0.302032 0.302030 0.302030 0.302030 0.302030 0.302030 0.302030 0.302030 0.302030 0.302030 0.302030 0.302030 0.302030 0.302030 0.302030 0.302029 0.302027 0.302019 0.301994 0.301919 0.301707 0.301143 0.299749 0.296543 0.289719 0.276362 0.252465 0.213694 0.157161 0.083821 0.000000 
50.000000 37.871653 26.893963 17.891166 11.188455 6.645876 3.834385 2.239608 1.407445 1.006496 0.827460 0.753107 0.724290 0.713834 0.710272 0.709129 0.708783 0.708683 0.708656 0.708649 0.708648 0.708647 0.708647 0.708647 0.708647 0.708647 0.708647 0.708647 0.708647 0.708647 0.708647 0.708647 0.708647 0.708647 0.708645 0.708640 0.708624 0.708571 0.708412 0.707958 0.706747 0.703722 0.696697 0.681575 0.651591 0.597181 0.507565 0.374944 0.200694 0.000000 
50.000000 38.079728 27.290295 18.441762 11.853764 7.388811 4.625274 3.057641 2.239608 1.845450 1.669438 1.596336 1.568003 1.557722 1.554219 1.553095 1.552755 1.552657 1.552631 1.552624 1.552622 1.552622 1.552622 1.552622 1.552622 1.552622 1.552622 1.552622 1.552622 1.552622 1.552622 1.552621 1.552621 1.552621 1.552618 1.552609 1.552578 1.552476 1.552168 1.551285 1.548907 1.542911 1.528820 1.498078 1.436153 1.321760 1.129648 0.839634 0.451780 0.000000 
50.000000 38.478290 28.049497 19.496551 13.128434 8.812332 6.140800 4.625274 3.834385 3.453281 3.283086 3.212395 3.184995 3.175051 3.171663 3.170576 3.170246 3.170152 3.170126 3.170120 3.170118 3.170118 3.170117 3.170117 3.170117 3.170117 3.170117 3.170117 3.170117 3.170117 3.170117 3.170117 3.170117 3.170116 3.170112 3.170096 3.170042 3.169867 3.169330 3.167779 3.163562 3.152810 3.127197 3.070400 2.953769 2.733420 2.353826 1.765035 0.957276 0.000000 
50.000000 39.180613 29.387387 21.355469 15.375046 11.321503 8.812332 7.388811 6.645876 6.287849 6.127945 6.061522 6.035773 6.026428 6.023244 6.022222 6.021912 6.021823 6.021799 6.021793 6.021791 6.021791 6.021791 6.021791 6.021791 6.021791 6.021791 6.021791 6.021791 6.021791 6.021791 6.021791 6.021790 6.021788 6.021782 6.021758 6.021675 6.021406 6.020574 6.018149 6.011487 5.994285 5.952658 5.858563 5.660751 5.276268 4.591328 3.488093 1.916050 0.000000 
50.000000 40.314925 31.548288 24.358100 19.004168 15.375046 13.128434 11.853764 11.188455 10.867804 10.724578 10.665076 10.642007 10.633634 10.630780 10.629864 10.629586 10.629507 10.629485 10.629480 10.629478 10.629478 10.629478 10.629478 10.629478 10.629478 10.629478 10.629478 10.629478 10.629478 10.629478 10.629478 10.629477 10.629475 10.629466 10.629434 10.629324 10.628962 10.627838 10.624529 10.615339 10.591274 10.532004 10.395014 10.098777 9.502084 8.390838 6.502969 3.650820 0.000000 
50.000000 41.988093 34.735839 28.787522 24.358100 21.355469 19.496551 18.441762 17.891166 17.625776 17.507220 17.457962 17.438862 17.431929 17.429565 17.428806 17.428577 17.428511 17.428493 17.428488 17.428487 17.428487 17.428487 17.428487 17.428487 17.428487 17.428487 17.428487 17.428487 17.428487 17.428486 17.428486 17.428486 17.428483 17.428473 17.428437 17.428313 17.427903 17.426617 17.422802 17.412082 17.383601 17.312114 17.142726 16.764141 15.967262 14.393761 11.508777 6.723117 0.000000 
50.000000 44.234855 39.016262 34.735839 31.548288 29.387387 28.049497 27.290295 26.893963 26.702912 26.617557 26.582090 26.568336 26.563343 26.561640 26.561094 26.560928 26.560880 26.560868 26.560864 26.560863 26.560863 26.560863 26.560863 26.560863 26.560863 26.560863 26.560863 26.560863 26.560863 26.560863 26.560863 26.560862 26.560860 26.560851 26.560819 26.560708 26.560337 26.559169 26.555674 26.545751 26.519020 26.450661 26.284462 25.899295 25.045319 23.227063 19.508131 12.306466 0.000000 
50.000000 46.974004 44.234855 41.988093 40.314925 39.180613 38.478290 38.079728 37.871653 37.771344 37.726527 37.707903 37.700681 37.698058 37.697164 37.696877 37.696790 37.696765 37.696758 37.696756 37.696756 37.696756 37.696756 37.696756 37.696756 37.696756 37.696756 37.696756 37.696756 37.696756 37.696756 37.696756 37.696755 37.696754 37.696749 37.696730 37.696663 37.696439 37.695733 37.693607 37.687523 37.670959 37.627949 37.521014 37.264563 36.664105 35.264976 31.928389 23.487002 0.000000 
50.000000 50.000000 50.000000 50.000000 50.000000 50.000000 50.000000 50.000000 50.000000 50.000000 50.000000 50.000000 50.000000 50.000000 50.000000 50.000000 50.000000 50.000000 50.000000 50.000000 50.000000 50.000000 50.000000 50.000000 50.000000 50.000000 50.000000 50.000000 50.000000 50.000000 50.000000 50.000000 50.000000 50.000000 50.000000 50.000000 50.000000 50.000000 50.000000 50.000000 50.000000 50.000000 50.000000 50.000000 50.000000 50.000000 50.000000 50.000000 50.000000 50.000000 
