50.000000 50.000000 50.000000 50.000000 50.000000 50.000000 50.000000 50.000000 50.000000 50.000000 50.000000 50.000000 50.000000 50.000000 50.000000 50.000000 50.000000 50.000000 50.000000 50.000000 50.000000 50.000000 50.000000 50.000000 50.000000 50.000000 50.000000 50.000000 50.000000 50.000000 50.000000 50.000000 50.000000 50.000000 50.000000 50.000000 50.000000 50.000000 50.000000 50.000000 50.000000 50.000000 50.000000 50.000000 50.000000 50.000000 50.000000 50.000000 50.000000 50.000000 
50.000000 47.845818 45.837158 44.090110 42.671799 41.596006 40.832677 40.325282 40.008816 39.823293 39.720884 39.667558 39.641316 39.629090 39.623687 39.621418 39.620512 39.620167 39.620041 39.619997 39.619983 39.619978 39.619977 39.619976 39.619976 39.619976 39.619976 39.619976 39.619976 39.619976 39.619975 39.619973 39.619965 39.619942 39.619874 39.619684 39.619171 39.617842 39.614532 39.606605 39.588319 39.547596 39.459723 39.274890 38.892404 38.102553 36.439921 32.764844 23.922909 0.000000 
50.000000 45.837158 41.955542 38.579499 35.838744 33.759899 32.284877 31.304430 30.692931 30.334457 30.136584 30.033552 29.982851 29.959229 29.948791 29.944408 29.942657 29.941990 29.941748 29.941663 29.941635 29.941626 29.941624 29.941623 29.941622 29.941622 29.941622 29.941622 29.941622 29.941622 29.941621 29.941616 29.941603 29.941562 29.941442 29.941107 29.940207 29.937882 29.932117 29.918386 29.886944 29.817641 29.670271 29.366958 28.760059 27.573032 25.291568 20.977771 13.072314 0.000000 
50.000000 44.090110 38.579499 33.786681 29.895814 26.944674 24.850777 23.459001 22.590988 22.082158 21.801302 21.655066 21.583108 21.549584 21.534771 21.528553 21.526068 21.525121 21.524777 21.524658 21.524618 21.524605 21.524601 21.524600 21.524600 21.524600 21.524600 21.524600 21.524599 21.524599 21.524597 21.524592 21.524575 21.524525 21.524380 21.523973 21.522884 21.520086 21.513190 21.496894 21.459968 21.379697 21.212184 20.876312 20.228723 19.028075 16.893341 13.287931 7.650188 0.000000 
50.000000 42.671799 35.838744 29.895814 25.071360 21.412205 18.816033 17.090464 16.014316 15.383506 15.035337 14.854063 14.764868 14.723317 14.704958 14.697251 14.694172 14.692999 14.692573 14.692424 14.692375 14.692359 14.692355 14.692353 14.692353 14.692353 14.692353 14.692352 14.692352 14.692352 14.692350 14.692345 14.692328 14.692278 14.692132 14.691727 14.690647 14.687890 14.681144 14.665351 14.629985 14.554264 14.399349 14.096741 13.533200 12.535680 10.867739 8.265712 4.569246 0.000000 
50.000000 41.596006 33.759899 26.944674 21.412205 17.216159 14.239157 12.260542 11.026634 10.303383 9.904214 9.696398 9.594149 9.546520 9.525477 9.516644 9.513115 9.511771 9.511282 9.511113 9.511056 9.511038 9.511032 9.511031 9.511030 9.511030 9.511030 9.511030 9.511030 9.511030 9.511028 9.511023 9.511009 9.510965 9.510838 9.510488 9.509559 9.507202 9.501483 9.488223 9.458886 9.397016 9.272819 9.035972 8.608079 7.879005 6.715952 4.999840 2.703602 0.000000 
50.000000 40.832677 32.284877 24.850777 18.816033 14.239157 10.992066 8.834020 7.488270 6.699500 6.264192 6.037573 5.926080 5.874148 5.851205 5.841575 5.837728 5.836263 5.835731 5.835545 5.835484 5.835464 5.835458 5.835456 5.835456 5.835456 5.835456 5.835456 5.835455 5.835455 5.835454 5.835450 5.835439 5.835405 5.835307 5.835036 5.834324 5.832528 5.828203 5.818274 5.796560 5.751412 5.662341 5.496033 5.203185 4.719291 3.974464 2.917919 1.557786 0.000000 
50.000000 40.325282 31.304430 23.459001 17.090464 12.260542 8.834020 6.556795 5.136778 4.304512 3.845220 3.606126 3.488502 3.433717 3.409515 3.399357 3.395299 3.393754 3.393192 3.392997 3.392932 3.392911 3.392905 3.392903 3.392903 3.392903 3.392903 3.392902 3.392902 3.392902 3.392901 3.392899 3.392891 3.392867 3.392798 3.392609 3.392113 3.390872 3.387906 3.381159 3.366562 3.336603 3.278397 3.171679 2.987722 2.691116 2.246817 1.634159 0.865559 0.000000 
50.000000 40.008816 30.692931 22.590988 16.014316 11.026634 7.488270 5.136778 3.670493 2.811138 2.336914 2.090056 1.968618 1.912058 1.887073 1.876587 1.872399 1.870804 1.870225 1.870023 1.869956 1.869935 1.869928 1.869926 1.869926 1.869925 1.869925 1.869925 1.869925 1.869925 1.869925 1.869923 1.869918 1.869902 1.869858 1.869736 1.869421 1.868634 1.866768 1.862559 1.853542 1.835247 1.800175 1.736858 1.629618 1.460052 1.211291 0.875289 0.461220 0.000000 
50.000000 39.823293 30.334457 22.082158 15.383506 10.303383 6.699500 4.304512 2.811138 1.935929 1.452968 1.201569 1.077901 1.020304 0.994863 0.984185 0.979921 0.978297 0.977707 0.977501 0.977433 0.977411 0.977405 0.977403 0.977402 0.977402 0.977402 0.977402 0.977402 0.977402 0.977401 0.977400 0.977397 0.977388 0.977362 0.977290 0.977104 0.976643 0.975557 0.973126 0.967964 0.957596 0.937950 0.902940 0.844497 0.753521 0.622190 0.447513 0.234974 0.000000 
50.000000 39.720884 30.136584 21.801302 15.035337 9.904214 6.264192 3.845220 2.336914 1.452968 0.965194 0.711296 0.586401 0.528234 0.502541 0.491758 0.487452 0.485812 0.485216 0.485009 0.484940 0.484918 0.484911 0.484909 0.484909 0.484909 0.484908 0.484908 0.484908 0.484908 0.484908 0.484908 0.484906 0.484901 0.484886 0.484847 0.484745 0.484494 0.483905 0.482597 0.479841 0.474355 0.464061 0.445918 0.415991 0.369986 0.304407 0.218198 0.114279 0.000000 
50.000000 39.667558 30.033552 21.655066 14.854063 9.696398 6.037573 3.606126 2.090056 1.201569 0.711296 0.456100 0.330568 0.272105 0.246282 0.235445 0.231116 0.229468 0.228869 0.228661 0.228592 0.228570 0.228563 0.228561 0.228561 0.228560 0.228560 0.228560 0.228560 0.228560 0.228560 0.228560 0.228559 0.228556 0.228549 0.228529 0.228476 0.228348 0.228050 0.227391 0.226012 0.223288 0.218220 0.209370 0.194915 0.172919 0.141876 0.101434 0.053026 0.000000 
50.000000 39.641316 29.982851 21.583108 14.764868 9.594149 5.926080 3.488502 1.968618 1.077901 0.586401 0.330568 0.204723 0.146115 0.120228 0.109364 0.105025 0.103373 0.102773 0.102564 0.102495 0.102473 0.102466 0.102464 0.102463 0.102463 0.102463 0.102463 0.102463 0.102463 0.102463 0.102463 0.102462 0.102461 0.102457 0.102448 0.102423 0.102361 0.102219 0.101907 0.101258 0.099984 0.097630 0.093553 0.086947 0.076979 0.063022 0.044968 0.023474 0.000000 
50.000000 39.629090 29.959229 21.549584 14.723317 9.546520 5.874148 3.433717 1.912058 1.020304 0.528234 0.272105 0.146115 0.087440 0.061524 0.050648 0.046304 0.044650 0.044049 0.043840 0.043770 0.043748 0.043741 0.043739 0.043739 0.043739 0.043739 0.043739 0.043739 0.043739 0.043739 0.043738 0.043738 0.043738 0.043736 0.043732 0.043720 0.043693 0.043629 0.043489 0.043201 0.042637 0.041604 0.039824 0.036961 0.032670 0.026700 0.019022 0.009919 0.000000 
50.000000 39.623687 29.948791 21.534771 14.704958 9.525477 5.851205 3.409515 1.887073 0.994863 0.502541 0.246282 0.120228 0.061524 0.035594 0.024713 0.020367 0.018712 0.018110 0.017901 0.017832 0.017810 0.017803 0.017801 0.017800 0.017800 0.017800 0.017800 0.017800 0.017800 0.017800 0.017800 0.017800 0.017800 0.017799 0.017797 0.017792 0.017780 0.017753 0.017694 0.017573 0.017337 0.016906 0.016169 0.014989 0.013231 0.010799 0.007684 0.004003 0.000000 
50.000000 39.621418 29.944408 21.528553 14.697251 9.516644 5.841575 3.399357 1.876587 0.984185 0.491758 0.235445 0.109364 0.050648 0.024713 0.013829 0.009482 0.007827 0.007225 0.007016 0.006947 0.006924 0.006918 0.006916 0.006915 0.006915 0.006915 0.006915 0.006915 0.006915 0.006915 0.006915 0.006915 0.006915 0.006914 0.006914 0.006912 0.006907 0.006896 0.006872 0.006824 0.006730 0.006559 0.006268 0.005806 0.005119 0.004173 0.002966 0.001544 0.000000 
50.000000 39.620512 29.942657 21.526068 14.694172 9.513115 5.837728 3.395299 1.872399 0.979921 0.487452 0.231116 0.105025 0.046304 0.020367 0.009482 0.005134 0.003479 0.002878 0.002669 0.002599 0.002577 0.002570 0.002568 0.002567 0.002567 0.002567 0.002567 0.002567 0.002567 0.002567 0.002567 0.002567 0.002567 0.002567 0.002567 0.002566 0.002564 0.002560 0.002551 0.002533 0.002497 0.002433 0.002323 0.002150 0.001894 0.001543 0.001096 0.000570 0.000000 
50.000000 39.620167 29.941990 21.525121 14.692999 9.511771 5.836263 3.393754 1.870804 0.978297 0.485812 0.229468 0.103373 0.044650 0.018712 0.007827 0.003479 0.001824 0.001223 0.001013 0.000944 0.000922 0.000915 0.000913 0.000912 0.000912 0.000912 0.000912 0.000912 0.000912 0.000912 0.000912 0.000912 0.000912 0.000912 0.000912 0.000912 0.000911 0.000909 0.000906 0.000899 0.000887 0.000863 0.000824 0.000762 0.000671 0.000546 0.000388 0.000202 0.000000 
50.000000 39.620041 29.941748 21.524777 14.692573 9.511282 5.835731 3.393192 1.870225 0.977707 0.485216 0.228869 0.102773 0.044049 0.018110 0.007225 0.002878 0.001223 0.000621 0.000412 0.000342 0.000320 0.000313 0.000311 0.000311 0.000311 0.000310 0.000310 0.000310 0.000310 0.000310 0.000310 0.000310 0.000310 0.000310 0.000310 0.000310 0.000310 0.000310 0.000308 0.000306 0.000302 0.000294 0.000280 0.000259 0.000228 0.000185 0.000131 0.000068 0.000000 
50.000000 39.619997 29.941663 21.524658 14.692424 9.511113 5.835545 3.392997 1.870023 0.977501 0.485009 0.228661 0.102564 0.043840 0.017901 0.007016 0.002669 0.001013 0.000412 0.000203 0.000133 0.000111 0.000104 0.000102 0.000102 0.000101 0.000101 0.000101 0.000101 0.000101 0.000101 0.000101 0.000101 0.000101 0.000101 0.000101 0.000101 0.000101 0.000101 0.000101 0.000100 0.000098 0.000096 0.000091 0.000084 0.000074 0.000060 0.000043 0.000022 0.000000 
50.000000 39.619983 29.941635 21.524618 14.692375 9.511056 5.835484 3.392932 1.869956 0.977433 0.484940 0.228592 0.102495 0.043770 0.017832 0.006947 0.002599 0.000944 0.000342 0.000133 0.000064 0.000041 0.000035 0.000033 0.000032 0.000032 0.000032 0.000032 0.000032 0.000032 0.000032 0.000032 0.000032 0.000032 0.000032 0.000032 0.000032 0.000032 0.000032 0.000032 0.000031 0.000031 0.000030 0.000029 0.000026 0.000023 0.000019 0.000013 0.000007 0.000000 
50.000000 39.619978 29.941626 21.524605 14.692359 9.511038 5.835464 3.392911 1.869935 0.977411 0.484918 0.228570 0.102473 0.043748 0.017810 0.006924 0.002577 0.000922 0.000320 0.000111 0.000041 0.000019 0.000012 0.000010 0.000010 0.000010 0.000010 0.000010 0.000010 0.000010 0.000010 0.000010 0.000010 0.000010 0.000010 0.000010 0.000010 0.000010 0.000010 0.000010 0.000009 0.000009 0.000009 0.000009 0.000008 0.000007 0.000006 0.000004 0.000002 0.000000 
50.000000 39.619977 29.941624 21.524601 14.692355 9.511032 5.835458 3.392905 1.869928 0.977405 0.484911 0.228563 0.102466 0.043741 0.017803 0.006918 0.002570 0.000915 0.000313 0.000104 0.000035 0.000012 0.000006 0.000004 0.000003 0.000003 0.000003 0.000003 0.000003 0.000003 0.000003 0.000003 0.000003 0.000003 0.000003 0.000003 0.000003 0.000003 0.000003 0.000003 0.000003 0.000003 0.000003 0.000003 0.000002 0.000002 0.000002 0.000001 0.000001 0.000000 
50.000000 39.619976 29.941623 21.524600 14.692353 9.511031 5.835456 3.392903 1.869926 0.977403 0.484909 0.228561 0.102464 0.043739 0.017801 0.006916 0.002568 0.000913 0.000311 0.000102 0.000033 0.000010 0.000004 0.000002 0.000001 0.000001 0.000001 0.000001 0.000001 0.000001 0.000001 0.000001 0.000001 0.000001 0.000001 0.000001 0.000001 0.000001 0.000001 0.000001 0.000001 0.000001 0.000001 0.000001 0.000001 0.000001 0.000000 0.000000 0.000000 0.000000 
50.000000 39.619976 29.941623 21.524600 14.692353 9.511030 5.835456 3.392903 1.869926 0.977402 0.484909 0.228561 0.102463 0.043739 0.017800 0.006915 0.002568 0.000912 0.000311 0.000102 0.000032 0.000010 0.000003 0.000001 0.000000 0.000000 0.000000 0.000000 0.000000 0.000000 0.000000 0.000000 0.000000 0.000000 0.000000 0.000000 0.000000 0.000000 0.000000 0.000000 0.000000 0.000000 0.000000 0.000000 0.000000 0.000000 0.000000 0.000000 0.000000 0.000000 
50.000000 39.619976 29.941623 21.524600 14.692353 9.511030 5.835456 3.392903 1.869926 0.977402 0.484909 0.228561 0.102463 0.043739 0.017800 0.006915 0.002568 0.000912 0.000311 0.000102 0.000032 0.000010 0.000003 0.000001 0.000000 0.000000 0.000000 0.000000 0.000000 0.000000 0.000000 0.000000 0.000000 0.000000 0.000000 0.000000 0.000000 0.000000 0.000000 0.000000 0.000000 0.000000 0.000000 0.000000 0.000000 0.000000 0.000000 0.000000 0.000000 0.000000 
50.000000 39.619976 29.941623 21.524600 14.692353 9.511031 5.835456 3.392903 1.869926 0.977403 0.484909 0.228561 0.102464 0.043739 0.017801 0.006916 0.002568 0.000913 0.000311 0.000102 0.000033 0.000010 0.000004 0.000002 0.000001 0.000001 0.000001 0.000001 0.000001 0.000001 0.000001 0.000001 0.000001 0.000001 0.000001 0.000001 0.000001 0.000001 0.000001 0.000001 0.000001 0.000001 0.000001 0.000001 0.000001 0.000001 0.000000 0.000000 0.000000 0.000000 
50.000000 39.619977 29.941624 21.524601 14.692355 9.511032 5.835458 3.392905 1.869928 0.977405 0.484911 0.228563 0.102466 0.043741 0.017803 0.006918 0.002570 0.000915 0.000313 0.000104 0.000035 0.000012 0.000006 0.000004 0.000003 0.000003 0.000003 0.000003 0.000003 0.000003 0.000003 0.000003 0.000003 0.000003 0.000003 0.000003 0.000003 0.000003 0.000003 0.000003 0.000003 0.000003 0.000003 0.000003 0.000002 0.000002 0.000002 0.000001 0.000001 0.000000 
50.000000 39.619978 29.941626 21.524605 14.692359 9.511038 5.835464 3.392911 1.869935 0.977411 0.484918 0.228570 0.102473 0.043748 0.017810 0.006924 0.002577 0.000922 0.000320 0.000111 0.000041 0.000019 0.000012 0.000010 0.000010 0.000010 0.000010 0.000010 0.000010 0.000010 0.000010 0.000010 0.000010 0.000010 0.000010 0.000010 0.000010 0.000010 0.000010 0.000010 0.000009 0.000009 0.000009 0.000009 0.000008 0.000007 0.000006 0.000004 0.000002 0.000000 
50.000000 39.619983 29.941635 21.524618 14.692375 9.511056 5.835484 3.392932 1.869956 0.977433 0.484940 0.228592 0.102495 0.043770 0.017832 0.006947 0.002599 0.000944 0.000342 0.000133 0.000064 0.000041 0.000035 0.000033 0.000032 0.000032 0.000032 0.000032 0.000032 0.000032 0.000032 0.000032 0.000032 0.000032 0.000032 0.000032 0.000032 0.000032 0.000032 0.000032 0.000031 0.000031 0.000030 0.000029 0.000026 0.000023 0.000019 0.000013 0.000007 0.000000 
50.000000 39.619997 29.941663 21.524658 14.692424 9.511113 5.835545 3.392997 1.870023 0.977501 0.485009 0.228661 0.102564 0.043840 0.017901 0.007016 0.002669 0.001013 0.000412 0.000203 0.000133 0.000111 0.000104 0.000102 0.000102 0.000101 0.000101 0.000101 0.000101 0.000101 0.000101 0.000101 0.000101 0.000101 0.000101 0.000101 0.000101 0.000101 0.000101 0.000101 0.000100 0.000098 0.000096 0.000091 0.000084 0.000074 0.000060 0.000043 0.000022 0.000000 
50.000000 39.620041 29.941748 21.524777 14.692573 9.511282 5.835731 3.393192 1.870225 0.977707 0.485216 0.228869 0.102773 0.044049 0.018110 0.007225 0.002878 0.001223 0.000621 0.000412 0.000342 0.000320 0.000313 0.000311 0.000311 0.000311 0.000310 0.000310 0.000310 0.000310 0.000310 0.000310 0.000310 0.000310 0.000310 0.000310 0.000310 0.000310 0.000310 0.000308 0.000306 0.000302 0.000294 0.000280 0.000259 0.000228 0.000185 0.000131 0.000068 0.000000 
50.000000 39.620167 29.941990 21.525121 14.692999 9.511771 5.836263 3.393754 1.870804 0.978297 0.485812 0.229468 0.103373 0.044650 0.018712 0.007827 0.003479 0.001824 0.001223 0.001013 0.000944 0.000922 0.000915 0.000913 0.000912 0.000912 0.000912 0.000912 0.000912 0.000912 0.000912 0.000912 0.000912 0.000912 0.000912 0.000912 0.000912 0.000911 0.000909 0.000906 0.000899 0.000887 0.000863 0.000824 0.000762 0.000671 0.000546 0.000388 0.000202 0.000000 
50.000000 39.620512 29.942657 21.526068 14.694172 9.513115 5.837728 3.395299 1.872399 0.979921 0.487452 0.231116 0.105025 0.046304 0.020367 0.009482 0.005134 0.003479 0.002878 0.002669 0.002599 0.002577 0.002570 0.002568 0.002567 0.002567 0.002567 0.002567 0.002567 0.002567 0.002567 0.002567 0.002567 0.002567 0.002567 0.002567 0.002566 0.002564 0.002560 0.002551 0.002533 0.002497 0.002433 0.002323 0.002150 0.001894 0.001543 0.001096 0.000570 0.000000 
50.000000 39.621418 29.944408 21.528553 14.697251 9.516644 5.841575 3.399357 1.876587 0.984185 0.491758 0.235445 0.109364 0.050648 0.024713 0.013829 0.009482 0.007827 0.007225 0.007016 0.006947 0.006924 0.006918 0.006916 0.006915 0.006915 0.006915 0.006915 0.006915 0.006915 0.006915 0.006915 0.006915 0.006915 0.006914 0.006914 0.006912 0.006907 0.006896 0.006872 0.006824 0.006730 0.006559 0.006268 0.005806 0.005119 0.004173 0.002966 0.001544 0.000000 
50.000000 39.623687 29.948791 21.534771 14.704958 9.525477 5.851205 3.409515 1.887073 0.994863 0.502541 0.246282 0.120228 0.061524 0.035594 0.024713 0.020367 0.018712 0.018110 0.017901 0.017832 0.017810 0.017803 0.017801 0.017800 0.017800 0.017800 0.017800 0.017800 0.017800 0.017800 0.017800 0.017800 0.017800 0.017799 0.017797 0.017792 0.017780 0.017753 0.017694 0.017573 0.017337 0.016906 0.016169 0.014989 0.013231 0.010799 0.007684 0.004003 0.000000 
50.000000 39.629090 29.959229 21.549584 14.723317 9.546520 5.874148 3.433717 1.912058 1.020304 0.528234 0.272105 0.146115 0.087440 0.061524 0.050648 0.046304 0.044650 0.044049 0.043840 0.043770 0.043748 0.043741 0.043739 0.043739 0.043739 0.043739 0.043739 0.043739 0.043739 0.043739 0.043738 0.043738 0.043738 0.043736 0.043732 0.043720 0.043693 0.043629 0.043489 0.043201 0.042637 0.041604 0.039824 0.036961 0.032670 0.026700 0.019022 0.009919 0.000000 
50.000000 39.641316 29.982851 21.583108 14.764868 9.594149 5.926080 3.488502 1.968618 1.077901 0.586401 0.330568 0.204723 0.146115 0.120228 0.109364 0.105025 0.103373 0.102773 0.102564 0.102495 0.102473 0.102466 0.102464 0.102463 0.102463 0.102463 0.102463 0.102463 0.102463 0.102463 0.102463 0.102462 0.102461 0.102457 0.102448 0.102423 0.102361 0.102219 0.101907 0.101258 0.099984 0.097630 0.093553 0.086947 0.076979 0.063022 0.044968 0.023474 0.000000 
50.000000 39.667558 30.033552 21.655066 14.854063 9.696398 6.037573 3.606126 2.090056 1.201569 0.711296 0.456100 0.330568 0.272105 0.246282 0.235445 0.231116 0.229468 0.228869 0.228661 0.228592 0.228570 0.228563 0.228561 0.228561 0.228560 0.228560 0.228560 0.228560 0.228560 0.228560 0.228560 0.228559 0.228556 0.228549 0.228529 0.228476 0.228348 0.228050 0.227391 0.226012 0.223288 0.218220 0.209370 0.194915 0.172919 0.141876 0.101434 0.053026 0.000000 
50.000000 39.720884 30.136584 21.801302 15.035337 9.904214 6.264192 3.845220 2.336914 1.452968 0.965194 0.711296 0.586401 0.528234 0.502541 0.491758 0.487452 0.485812 0.485216 0.485009 0.484940 0.484918 0.484911 0.484909 0.484909 0.484909 0.484908 0.484908 0.484908 0.484908 0.484908 0.484908 0.484906 0.484901 0.484886 0.484847 0.484745 0.484494 0.483905 0.482597 0.479841 0.474355 0.464061 0.445918 0.415991 0.369986 0.304407 0.218198 0.114279 0.000000 
50.000000 39.823293 30.334457 22.082158 15.383506 10.303383 6.699500 4.304512 2.811138 1.935929 1.452968 1.201569 1.077901 1.020304 0.994863 0.984185 0.979921 0.978297 0.977707 0.977501 0.977433 0.977411 0.977405 0.977403 0.977402 0.977402 0.977402 0.977402 0.977402 0.977402 0.977401 0.977400 0.977397 0.977388 0.977362 0.977290 0.977104 0.976643 0.975557 0.973126 0.967964 0.957596 0.937950 0.902940 0.844497 0.753521 0.622190 0.447513 0.234974 0.000000 
50.000000 40.008816 30.692931 22.590988 16.014316 11.026634 7.488270 5.136778 3.670493 2.811138 2.336914 2.090056 1.968618 1.912058 1.887073 1.876587 1.872399 1.870804 1.870225 1.870023 1.869956 1.869935 1.869928 1.869926 1.869926 1.869925 1.869925 1.869925 1.869925 1.869925 1.869925 1.869923 1.869918 1.869902 1.869858 1.869736 1.869421 1.868634 1.866768 1.862559 1.853542 1.835247 1.800175 1.736858 1.629618 1.460052 1.211291 0.875289 0.461220 0.000000 
50.000000 40.325282 31.304430 23.459001 17.090464 12.260542 8.834020 6.556795 5.136778 4.304512 3.845220 3.606126 3.488502 3.433717 3.409515 3.399357 3.395299 3.393754 3.393192 3.392997 3.392932 3.392911 3.392905 3.392903 3.392903 3.392903 3.392903 3.392902 3.392902 3.392902 3.392901 3.392899 3.392891 3.392867 3.392798 3.392609 3.392113 3.390872 3.387906 3.381159 3.366562 3.336603 3.278397 3.171679 2.987722 2.691116 2.246817 1.634159 0.865559 0.000000 
50.000000 40.832677 32.284877 24.850777 18.816033 14.239157 10.992066 8.834020 7.488270 6.699500 6.264192 6.037573 5.926080 5.874148 5.851205 5.841575 5.837728 5.836263 5.835731 5.835545 5.835484 5.835464 5.835458 5.835456 5.835456 5.835456 5.835456 5.835456 5.835455 5.835455 5.835454 5.835450 5.835439 5.835405 5.835307 5.835036 5.834324 5.832528 5.828203 5.818274 5.796560 5.751412 5.662341 5.496033 5.203185 4.719291 3.974464 2.917919 1.557786 0.000000 
50.000000 41.596006 33.759899 26.944674 21.412205 17.216159 14.239157 12.260542 11.026634 10.303383 9.904214 9.696398 9.594149 9.546520 9.525477 9.516644 9.513115 9.511771 9.511282 9.511113 9.511056 9.511038 9.511032 9.511031 9.511030 9.511030 9.511030 9.511030 9.511030 9.511030 9.511028 9.511023 9.511009 9.510965 9.510838 9.510488 9.509559 9.507202 9.501483 9.488223 9.458886 9.397016 9.272819 9.035972 8.608079 7.879005 6.715952 4.999840 2.703602 0.000000 
50.000000 42.671799 35.838744 29.895814 25.071360 21.412205 18.816033 17.090464 16.014316 15.383506 15.035337 14.854063 14.764868 14.723317 14.704958 14.697251 14.694172 14.692999 14.692573 14.692424 14.692375 14.692359 14.692355 14.692353 14.692353 14.692353 14.692353 14.692352 14.692352 14.692352 14.692350 14.692345 14.692328 14.692278 14.692132 14.691727 14.690647 14.687890 14.681144 14.665351 14.629985 14.554264 14.399349 14.096741 13.533200 12.535680 10.867739 8.265712 4.569246 0.000000 
50.000000 44.090110 38.579499 33.786681 29.895814 26.944674 24.850777 23.459001 22.590988 22.082158 21.801302 21.655066 21.583108 21.549584 21.534771 21.528553 21.526068 21.525121 21.524777 21.524658 21.524618 21.524605 21.524601 21.524600 21.524600 21.524600 21.524600 21.524600 21.524599 21.524599 21.524597 21.524592 21.524575 21.524525 21.524380 21.523973 21.522884 21.520086 21.513190 21.496894 21.459968 21.379697 21.212184 20.876312 20.228723 19.028075 16.893341 13.287931 7.650188 0.000000 
50.000000 45.837158 41.955542 38.579499 35.838744 33.759899 32.284877 31.304430 30.692931 30.334457 30.136584 30.033552 29.982851 29.959229 29.948791 29.944408 29.942657 29.941990 29.941748 29.941663 29.941635 29.941626 29.941624 29.941623 29.941622 29.941622 29.941622 29.941622 29.941622 29.941622 29.941621 29.941616 29.941603 29.941562 29.941442 29.941107 29.940207 29.937882 29.932117 29.918386 29.886944 29.817641 29.670271 29.366958 28.760059 27.573032 25.291568 20.977771 13.072314 0.000000 
50.000000 47.845818 45.837158 44.090110 42.671799 41.596006 40.832677 40.325282 40.008816 39.823293 39.720884 39.667558 39.641316 39.629090 39.623687 39.621418 39.620512 39.620167 39.620041 39.619997 39.619983 39.619978 39.619977 39.619976 39.619976 39.619976 39.619976 39.619976 39.619976 39.619976 39.619975 39.619973 39.619965 39.619942 39.619874 39.619684 39.619171 39.617842 39.614532 39.606605 39.588319 39.547596 39.459723 39.274890 38.892404 38.102553 36.439921 32.764844 23.922909 0.000000 
50.000000 50.000000 50.000000 50.000000 50.000000 50.000000 50.000000 50.000000 50.000000 50.000000 50.000000 50.000000 50.000000 50.000000 50.000000 50.000000 50.000000 50.000000 50.000000 50.000000 50.000000 50.000000 50.000000 50.000000 50.000000 50.000000 50.000000 50.000000 50.000000 50.000000 50.000000 50.000000 50.000000 50.000000 50.000000 50.000000 50.000000 50.000000 50.000000 50.000000 50.000000 50.000000 50.000000 50.000000 50.000000 50.000000 50.000000 50.000000 50.000000 50.000000 
