50.000000 50.000000 50.000000 50.000000 50.000000 50.000000 50.000000 50.000000 50.000000 50.000000 50.000000 50.000000 50.000000 50.000000 50.000000 50.000000 50.000000 50.000000 50.000000 50.000000 50.000000 50.000000 50.000000 50.000000 50.000000 50.000000 50.000000 50.000000 50.000000 50.000000 50.000000 50.000000 50.000000 50.000000 50.000000 50.000000 50.000000 50.000000 50.000000 50.000000 50.000000 50.000000 50.000000 50.000000 50.000000 50.000000 50.000000 50.000000 50.000000 50.000000 
50.000000 47.732307 45.625856 43.807568 42.347873 41.256822 40.496441 40.001513 39.700093 39.527997 39.435696 39.389097 39.366908 39.356922 39.352666 39.350945 39.350284 39.350042 39.349957 39.349929 39.349920 39.349917 39.349917 39.349916 39.349916 39.349916 39.349916 39.349916 39.349916 39.349916 39.349916 39.349914 39.349909 39.349893 39.349846 39.349707 39.349318 39.348274 39.345587 39.338945 39.323162 39.287039 39.207110 39.035161 38.672255 37.910239 36.284567 32.655265 23.866153 0.000000 
50.000000 45.625856 41.562747 38.055501 35.239966 33.135523 31.668911 30.714321 30.132972 29.801060 29.623049 29.533183 29.490391 29.471134 29.462927 29.459609 29.458334 29.457867 29.457705 29.457650 29.457633 29.457628 29.457626 29.457626 29.457626 29.457626 29.457626 29.457626 29.457626 29.457625 29.457625 29.457622 29.457613 29.457586 29.457502 29.457259 29.456580 29.454767 29.450117 29.438688 29.411732 29.350669 29.217533 28.937308 28.365497 27.228355 25.013130 20.781373 12.970591 0.000000 
50.000000 43.807568 38.055501 33.090418 29.104634 26.125570 24.049482 22.698240 21.875359 21.405568 21.153620 21.026434 20.965876 20.938624 20.927011 20.922316 20.920512 20.919852 20.919622 20.919545 20.919521 20.919513 20.919511 20.919510 20.919510 20.919510 20.919510 20.919510 20.919510 20.919510 20.919509 20.919505 20.919495 20.919461 20.919361 20.919068 20.918257 20.916097 20.910594 20.897174 20.865854 20.795879 20.646157 20.339143 19.735415 18.597130 16.545209 13.042371 7.523001 0.000000 
50.000000 42.347873 35.239966 29.104634 24.179525 20.498491 17.933293 16.263776 15.247118 14.666727 14.355482 14.198371 14.123568 14.089909 14.075567 14.069769 14.067541 14.066726 14.066442 14.066347 14.066317 14.066308 14.066305 14.066304 14.066304 14.066304 14.066304 14.066304 14.066304 14.066303 14.066303 14.066299 14.066289 14.066256 14.066156 14.065869 14.065076 14.062978 14.057672 14.044852 14.015281 13.950207 13.813691 13.540932 13.022764 12.089762 10.507504 8.011611 4.437634 0.000000 
50.000000 41.256822 33.135523 26.125570 20.498491 16.292929 13.362311 11.455048 10.293669 9.630696 9.275185 9.095741 9.010311 8.971872 8.955495 8.948875 8.946331 8.945401 8.945076 8.944968 8.944933 8.944923 8.944920 8.944919 8.944919 8.944919 8.944919 8.944919 8.944919 8.944918 8.944917 8.944915 8.944906 8.944877 8.944793 8.944549 8.943879 8.942117 8.937698 8.927123 8.903021 8.850772 8.743204 8.533337 8.146465 7.475727 6.390155 4.770027 2.584568 0.000000 
50.000000 40.496441 31.668911 24.049482 17.933293 13.362311 10.177163 8.104336 6.842198 6.121743 5.735431 5.540451 5.447631 5.405870 5.388078 5.380886 5.378124 5.377113 5.376761 5.376643 5.376606 5.376594 5.376591 5.376590 5.376590 5.376590 5.376589 5.376589 5.376589 5.376589 5.376589 5.376586 5.376580 5.376558 5.376494 5.376310 5.375806 5.374492 5.371219 5.363463 5.345988 5.308631 5.233030 5.088582 4.828974 4.392361 3.710339 2.731603 1.461280 0.000000 
50.000000 40.001513 30.714321 22.698240 16.263776 11.455048 8.104336 5.923839 4.596195 3.838381 3.432056 3.226986 3.129368 3.085451 3.066741 3.059180 3.056275 3.055212 3.054842 3.054718 3.054679 3.054667 3.054663 3.054662 3.054662 3.054662 3.054662 3.054662 3.054662 3.054662 3.054661 3.054660 3.054655 3.054640 3.054596 3.054470 3.054128 3.053241 3.051050 3.045902 3.034425 3.010203 2.961919 2.871306 2.711845 2.450085 2.052083 1.496788 0.794404 0.000000 
50.000000 39.700093 30.132972 21.875359 15.247118 10.293669 6.842198 4.596195 3.228709 2.448181 2.029694 1.818494 1.717962 1.672736 1.653470 1.645683 1.642692 1.641598 1.641217 1.641090 1.641049 1.641037 1.641033 1.641032 1.641032 1.641032 1.641032 1.641032 1.641032 1.641032 1.641031 1.641030 1.641027 1.641018 1.640990 1.640912 1.640700 1.640152 1.638809 1.635680 1.628772 1.614355 1.585992 1.533567 1.442898 1.296910 1.079480 0.782303 0.413054 0.000000 
50.000000 39.527997 29.801060 21.405568 14.666727 9.630696 6.121743 3.838381 2.448181 1.654709 1.229293 1.014603 0.912412 0.866442 0.846860 0.838946 0.835906 0.834794 0.834406 0.834277 0.834236 0.834223 0.834219 0.834218 0.834218 0.834218 0.834218 0.834218 0.834218 0.834218 0.834218 0.834217 0.834215 0.834210 0.834194 0.834149 0.834027 0.833716 0.832956 0.831200 0.827355 0.819410 0.803956 0.775756 0.727675 0.651446 0.539714 0.389328 0.204835 0.000000 
50.000000 39.435696 29.623049 21.153620 14.355482 9.275185 5.735431 3.432056 2.029694 1.229293 0.800170 0.583613 0.480536 0.434168 0.414417 0.406435 0.403369 0.402248 0.401856 0.401726 0.401685 0.401672 0.401668 0.401667 0.401667 0.401667 0.401667 0.401667 0.401667 0.401667 0.401667 0.401666 0.401665 0.401663 0.401654 0.401630 0.401565 0.401401 0.401002 0.400085 0.398093 0.394014 0.386155 0.371968 0.348062 0.310630 0.256446 0.184362 0.096751 0.000000 
50.000000 39.389097 29.533183 21.026434 14.198371 9.095741 5.540451 3.226986 1.818494 1.014603 0.583613 0.366117 0.262595 0.216027 0.196191 0.188174 0.185095 0.183969 0.183576 0.183446 0.183404 0.183391 0.183387 0.183386 0.183386 0.183386 0.183386 0.183386 0.183386 0.183386 0.183386 0.183386 0.183385 0.183384 0.183380 0.183368 0.183336 0.183254 0.183059 0.182611 0.181646 0.179685 0.175937 0.169232 0.158043 0.140699 0.115840 0.083065 0.043510 0.000000 
50.000000 39.366908 29.490391 20.965876 14.123568 9.010311 5.447631 3.129368 1.717962 0.912412 0.480536 0.262595 0.158861 0.112198 0.092322 0.084289 0.081204 0.080076 0.079682 0.079551 0.079509 0.079497 0.079493 0.079492 0.079492 0.079492 0.079491 0.079491 0.079491 0.079491 0.079491 0.079491 0.079491 0.079490 0.079488 0.079483 0.079468 0.079431 0.079340 0.079136 0.078697 0.077809 0.076126 0.073139 0.068194 0.060590 0.049779 0.035624 0.018634 0.000000 
50.000000 39.356922 29.471134 20.938624 14.089909 8.971872 5.405870 3.085451 1.672736 0.866442 0.434168 0.216027 0.112198 0.065493 0.045599 0.037559 0.034471 0.033342 0.032948 0.032817 0.032775 0.032762 0.032758 0.032757 0.032757 0.032757 0.032757 0.032757 0.032757 0.032757 0.032757 0.032757 0.032757 0.032756 0.032756 0.032753 0.032747 0.032730 0.032691 0.032603 0.032415 0.032036 0.031322 0.030064 0.027994 0.024833 0.020367 0.014553 0.007604 0.000000 
50.000000 39.352666 29.462927 20.927011 14.075567 8.955495 5.388078 3.066741 1.653470 0.846860 0.414417 0.196191 0.092322 0.045599 0.025697 0.017654 0.014565 0.013435 0.013041 0.012910 0.012868 0.012855 0.012851 0.012850 0.012850 0.012850 0.012850 0.012850 0.012850 0.012850 0.012850 0.012850 0.012850 0.012850 0.012849 0.012848 0.012846 0.012839 0.012823 0.012787 0.012711 0.012558 0.012271 0.011768 0.010946 0.009698 0.007943 0.005668 0.002959 0.000000 
50.000000 39.350945 29.459609 20.922316 14.069769 8.948875 5.380886 3.059180 1.645683 0.838946 0.406435 0.188174 0.084289 0.037559 0.017654 0.009610 0.006520 0.005390 0.004996 0.004865 0.004823 0.004810 0.004807 0.004806 0.004805 0.004805 0.004805 0.004805 0.004805 0.004805 0.004805 0.004805 0.004805 0.004805 0.004805 0.004805 0.004804 0.004801 0.004795 0.004781 0.004751 0.004693 0.004584 0.004393 0.004082 0.003613 0.002956 0.002107 0.001099 0.000000 
50.000000 39.350284 29.458334 20.920512 14.067541 8.946331 5.378124 3.056275 1.642692 0.835906 0.403369 0.185095 0.081204 0.034471 0.014565 0.006520 0.003430 0.002300 0.001906 0.001775 0.001733 0.001720 0.001717 0.001716 0.001715 0.001715 0.001715 0.001715 0.001715 0.001715 0.001715 0.001715 0.001715 0.001715 0.001715 0.001715 0.001715 0.001714 0.001711 0.001706 0.001696 0.001674 0.001635 0.001566 0.001454 0.001285 0.001051 0.000748 0.000390 0.000000 
50.000000 39.350042 29.457867 20.919852 14.066726 8.945401 5.377113 3.055212 1.641598 0.834794 0.402248 0.183969 0.080076 0.033342 0.013435 0.005390 0.002300 0.001170 0.000776 0.000645 0.000603 0.000590 0.000587 0.000586 0.000585 0.000585 0.000585 0.000585 0.000585 0.000585 0.000585 0.000585 0.000585 0.000585 0.000585 0.000585 0.000585 0.000585 0.000584 0.000582 0.000578 0.000571 0.000557 0.000533 0.000495 0.000437 0.000357 0.000254 0.000133 0.000000 
50.000000 39.349957 29.457705 20.919622 14.066442 8.945076 5.376761 3.054842 1.641217 0.834406 0.401856 0.183576 0.079682 0.032948 0.013041 0.004996 0.001906 0.000776 0.000382 0.000251 0.000209 0.000196 0.000193 0.000191 0.000191 0.000191 0.000191 0.000191 0.000191 0.000191 0.000191 0.000191 0.000191 0.000191 0.000191 0.000191 0.000191 0.000191 0.000191 0.000190 0.000189 0.000186 0.000182 0.000174 0.000161 0.000143 0.000116 0.000083 0.000043 0.000000 
50.000000 39.349929 29.457650 20.919545 14.066347 8.944968 5.376643 3.054718 1.641090 0.834277 0.401726 0.183446 0.079551 0.032817 0.012910 0.004865 0.001775 0.000645 0.000251 0.000120 0.000078 0.000065 0.000061 0.000060 0.000060 0.000060 0.000060 0.000060 0.000060 0.000060 0.000060 0.000060 0.000060 0.000060 0.000060 0.000060 0.000060 0.000060 0.000060 0.000059 0.000059 0.000058 0.000057 0.000054 0.000050 0.000045 0.000036 0.000026 0.000013 0.000000 
50.000000 39.349920 29.457633 20.919521 14.066317 8.944933 5.376606 3.054679 1.641049 0.834236 0.401685 0.183404 0.079509 0.032775 0.012868 0.004823 0.001733 0.000603 0.000209 0.000078 0.000036 0.000023 0.000019 0.000018 0.000018 0.000018 0.000018 0.000018 0.000018 0.000018 0.000018 0.000018 0.000018 0.000018 0.000018 0.000018 0.000018 0.000018 0.000018 0.000018 0.000018 0.000018 0.000017 0.000016 0.000015 0.000013 0.000011 0.000008 0.000004 0.000000 
50.000000 39.349917 29.457628 20.919513 14.066308 8.944923 5.376594 3.054667 1.641037 0.834223 0.401672 0.183391 0.079497 0.032762 0.012855 0.004810 0.001720 0.000590 0.000196 0.000065 0.000023 0.000010 0.000007 0.000006 0.000005 0.000005 0.000005 0.000005 0.000005 0.000005 0.000005 0.000005 0.000005 0.000005 0.000005 0.000005 0.000005 0.000005 0.000005 0.000005 0.000005 0.000005 0.000005 0.000005 0.000004 0.000004 0.000003 0.000002 0.000001 0.000000 
50.000000 39.349917 29.457626 20.919511 14.066305 8.944920 5.376591 3.054663 1.641033 0.834219 0.401668 0.183387 0.079493 0.032758 0.012851 0.004807 0.001717 0.000587 0.000193 0.000061 0.000019 0.000007 0.000003 0.000002 0.000002 0.000001 0.000001 0.000001 0.000001 0.000001 0.000001 0.000001 0.000001 0.000001 0.000001 0.000001 0.000001 0.000001 0.000001 0.000001 0.000001 0.000001 0.000001 0.000001 0.000001 0.000001 0.000001 0.000001 0.000000 0.000000 
50.000000 39.349916 29.457626 20.919510 14.066304 8.944919 5.376590 3.054662 1.641032 0.834218 0.401667 0.183386 0.079492 0.032757 0.012850 0.004806 0.001716 0.000586 0.000192 0.000060 0.000018 0.000006 0.000002 0.000001 0.000000 0.000000 0.000000 0.000000 0.000000 0.000000 0.000000 0.000000 0.000000 0.000000 0.000000 0.000000 0.000000 0.000000 0.000000 0.000000 0.000000 0.000000 0.000000 0.000000 0.000000 0.000000 0.000000 0.000000 0.000000 0.000000 
50.000000 39.349916 29.457626 20.919510 14.066304 8.944919 5.376590 3.054662 1.641032 0.834218 0.401667 0.183386 0.079492 0.032757 0.012850 0.004805 0.001715 0.000585 0.000191 0.000060 0.000018 0.000005 0.000002 0.000001 0.000000 0.000000 0.000000 0.000000 0.000000 0.000000 0.000000 0.000000 0.000000 0.000000 0.000000 0.000000 0.000000 0.000000 0.000000 0.000000 0.000000 0.000000 0.000000 0.000000 0.000000 0.000000 0.000000 0.000000 0.000000 0.000000 
50.000000 39.349916 29.457626 20.919510 14.066304 8.944919 5.376590 3.054662 1.641032 0.834218 0.401667 0.183386 0.079492 0.032757 0.012850 0.004805 0.001715 0.000585 0.000191 0.000060 0.000018 0.000005 0.000002 0.000001 0.000000 0.000000 0.000000 0.000000 0.000000 0.000000 0.000000 0.000000 0.000000 0.000000 0.000000 0.000000 0.000000 0.000000 0.000000 0.000000 0.000000 0.000000 0.000000 0.000000 0.000000 0.000000 0.000000 0.000000 0.000000 0.000000 
50.000000 39.349916 29.457626 20.919510 14.066304 8.944919 5.376590 3.054662 1.641032 0.834218 0.401667 0.183386 0.079492 0.032757 0.012850 0.004806 0.001716 0.000586 0.000192 0.000060 0.000018 0.000006 0.000002 0.000001 0.000000 0.000000 0.000000 0.000000 0.000000 0.000000 0.000000 0.000000 0.000000 0.000000 0.000000 0.000000 0.000000 0.000000 0.000000 0.000000 0.000000 0.000000 0.000000 0.000000 0.000000 0.000000 0.000000 0.000000 0.000000 0.000000 
50.000000 39.349917 29.457626 20.919511 14.066305 8.944920 5.376591 3.054663 1.641033 0.834219 0.401668 0.183387 0.079493 0.032758 0.012851 0.004807 0.001717 0.000587 0.000193 0.000061 0.000019 0.000007 0.000003 0.000002 0.000002 0.000001 0.000001 0.000001 0.000001 0.000001 0.000001 0.000001 0.000001 0.000001 0.000001 0.000001 0.000001 0.000001 0.000001 0.000001 0.000001 0.000001 0.000001 0.000001 0.000001 0.000001 0.000001 0.000001 0.000000 0.000000 
50.000000 39.349917 29.457628 20.919513 14.066308 8.944923 5.376594 3.054667 1.641037 0.834223 0.401672 0.183391 0.079497 0.032762 0.012855 0.004810 0.001720 0.000590 0.000196 0.000065 0.000023 0.000010 0.000007 0.000006 0.000005 0.000005 0.000005 0.000005 0.000005 0.000005 0.000005 0.000005 0.000005 0.000005 0.000005 0.000005 0.000005 0.000005 0.000005 0.000005 0.000005 0.000005 0.000005 0.000005 0.000004 0.000004 0.000003 0.000002 0.000001 0.000000 
50.000000 39.349920 29.457633 20.919521 14.066317 8.944933 5.376606 3.054679 1.641049 0.834236 0.401685 0.183404 0.079509 0.032775 0.012868 0.004823 0.001733 0.000603 0.000209 0.000078 0.000036 0.000023 0.000019 0.000018 0.000018 0.000018 0.000018 0.000018 0.000018 0.000018 0.000018 0.000018 0.000018 0.000018 0.000018 0.000018 0.000018 0.000018 0.000018 0.000018 0.000018 0.000018 0.000017 0.000016 0.000015 0.000013 0.000011 0.000008 0.000004 0.000000 
50.000000 39.349929 29.457650 20.919545 14.066347 8.944968 5.376643 3.054718 1.641090 0.834277 0.401726 0.183446 0.079551 0.032817 0.012910 0.004865 0.001775 0.000645 0.000251 0.000120 0.000078 0.000065 0.000061 0.000060 0.000060 0.000060 0.000060 0.000060 0.000060 0.000060 0.000060 0.000060 0.000060 0.000060 0.000060 0.000060 0.000060 0.000060 0.000060 0.000059 0.000059 0.000058 0.000057 0.000054 0.000050 0.000045 0.000036 0.000026 0.000013 0.000000 
50.000000 39.349957 29.457705 20.919622 14.066442 8.945076 5.376761 3.054842 1.641217 0.834406 0.401856 0.183576 0.079682 0.032948 0.013041 0.004996 0.001906 0.000776 0.000382 0.000251 0.000209 0.000196 0.000193 0.000191 0.000191 0.000191 0.000191 0.000191 0.000191 0.000191 0.000191 0.000191 0.000191 0.000191 0.000191 0.000191 0.000191 0.000191 0.000191 0.000190 0.000189 0.000186 0.000182 0.000174 0.000161 0.000143 0.000116 0.000083 0.000043 0.000000 
50.000000 39.350042 29.457867 20.919852 14.066726 8.945401 5.377113 3.055212 1.641598 0.834794 0.402248 0.183969 0.080076 0.033342 0.013435 0.005390 0.002300 0.001170 0.000776 0.000645 0.000603 0.000590 0.000587 0.000586 0.000585 0.000585 0.000585 0.000585 0.000585 0.000585 0.000585 0.000585 0.000585 0.000585 0.000585 0.000585 0.000585 0.000585 0.000584 0.000582 0.000578 0.000571 0.000557 0.000533 0.000495 0.000437 0.000357 0.000254 0.000133 0.000000 
50.000000 39.350284 29.458334 20.920512 14.067541 8.946331 5.378124 3.056275 1.642692 0.835906 0.403369 0.185095 0.081204 0.034471 0.014565 0.006520 0.003430 0.002300 0.001906 0.001775 0.001733 0.001720 0.001717 0.001716 0.001715 0.001715 0.001715 0.001715 0.001715 0.001715 0.001715 0.001715 0.001715 0.001715 0.001715 0.001715 0.001715 0.001714 0.001711 0.001706 0.001696 0.001674 0.001635 0.001566 0.001454 0.001285 0.001051 0.000748 0.000390 0.000000 
50.000000 39.350945 29.459609 20.922316 14.069769 8.948875 5.380886 3.059180 1.645683 0.838946 0.406435 0.188174 0.084289 0.037559 0.017654 0.009610 0.006520 0.005390 0.004996 0.004865 0.004823 0.004810 0.004807 0.004806 0.004805 0.004805 0.004805 0.004805 0.004805 0.004805 0.004805 0.004805 0.004805 0.004805 0.004805 0.004805 0.004804 0.004801 0.004795 0.004781 0.004751 0.004693 0.004584 0.004393 0.004082 0.003613 0.002956 0.002107 0.001099 0.000000 
50.000000 39.352666 29.462927 20.927011 14.075567 8.955495 5.388078 3.066741 1.653470 0.846860 0.414417 0.196191 0.092322 0.045599 0.025697 0.017654 0.014565 0.013435 0.013041 0.012910 0.012868 0.012855 0.012851 0.012850 0.012850 0.012850 0.012850 0.012850 0.012850 0.012850 0.012850 0.012850 0.012850 0.012850 0.012849 0.012848 0.012846 0.012839 0.012823 0.012787 0.012711 0.012558 0.012271 0.011768 0.010946 0.009698 0.007943 0.005668 0.002959 0.000000 
50.000000 39.356922 29.471134 20.938624 14.089909 8.971872 5.405870 3.085451 1.672736 0.866442 0.434168 0.216027 0.112198 0.065493 0.045599 0.037559 0.034471 0.033342 0.032948 0.032817 0.032775 0.032762 0.032758 0.032757 0.032757 0.032757 0.032757 0.032757 0.032757 0.032757 0.032757 0.032757 0.032757 0.032756 0.032756 0.032753 0.032747 0.032730 0.032691 0.032603 0.032415 0.032036 0.031322 0.030064 0.027994 0.024833 0.020367 0.014553 0.007604 0.000000 
50.000000 39.366908 29.490391 20.965876 14.123568 9.010311 5.447631 3.129368 1.717962 0.912412 0.480536 0.262595 0.158861 0.112198 0.092322 0.084289 0.081204 0.080076 0.079682 0.079551 0.079509 0.079497 0.079493 0.079492 0.079492 0.079492 0.079491 0.079491 0.079491 0.079491 0.079491 0.079491 0.079491 0.079490 0.079488 0.079483 0.079468 0.079431 0.079340 0.079136 0.078697 0.077809 0.076126 0.073139 0.068194 0.060590 0.049779 0.035624 0.018634 0.000000 
50.000000 39.389097 29.533183 21.026434 14.198371 9.095741 5.540451 3.226986 1.818494 1.014603 0.583613 0.366117 0.262595 0.216027 0.196191 0.188174 0.185095 0.183969 0.183576 0.183446 0.183404 0.183391 0.183387 0.183386 0.183386 0.183386 0.183386 0.183386 0.183386 0.183386 0.183386 0.183386 0.183385 0.183384 0.183380 0.183368 0.183336 0.183254 0.183059 0.182611 0.181646 0.179685 0.175937 0.169232 0.158043 0.140699 0.115840 0.083065 0.043510 0.000000 
50.000000 39.435696 29.623049 21.153620 14.355482 9.275185 5.735431 3.432056 2.029694 1.229293 0.800170 0.583613 0.480536 0.434168 0.414417 0.406435 0.403369 0.402248 0.401856 0.401726 0.401685 0.401672 0.401668 0.401667 0.401667 0.401667 0.401667 0.401667 0.401667 0.401667 0.401667 0.401666 0.401665 0.401663 0.401654 0.401630 0.401565 0.401401 0.401002 0.400085 0.398093 0.394014 0.386155 0.371968 0.348062 0.310630 0.256446 0.184362 0.096751 0.000000 
50.000000 39.527997 29.801060 21.405568 14.666727 9.630696 6.121743 3.838381 2.448181 1.654709 1.229293 1.014603 0.912412 0.866442 0.846860 0.838946 0.835906 0.834794 0.834406 0.834277 0.834236 0.834223 0.834219 0.834218 0.834218 0.834218 0.834218 0.834218 0.834218 0.834218 0.834218 0.834217 0.834215 0.834210 0.834194 0.834149 0.834027 0.833716 0.832956 0.831200 0.827355 0.819410 0.803956 0.775756 0.727675 0.651446 0.539714 0.389328 0.204835 0.000000 
50.000000 39.700093 30.132972 21.875359 15.247118 10.293669 6.842198 4.596195 3.228709 2.448181 2.029694 1.818494 1.717962 1.672736 1.653470 1.645683 1.642692 1.641598 1.641217 1.641090 1.641049 1.641037 1.641033 1.641032 1.641032 1.641032 1.641032 1.641032 1.641032 1.641032 1.641031 1.641030 1.641027 1.641018 1.640990 1.640912 1.640700 1.640152 1.638809 1.635680 1.628772 1.614355 1.585992 1.533567 1.442898 1.296910 1.079480 0.782303 0.413054 0.000000 
50.000000 40.001513 30.714321 22.698240 16.263776 11.455048 8.104336 5.923839 4.596195 3.838381 3.432056 3.226986 3.129368 3.085451 3.066741 3.059180 3.056275 3.055212 3.054842 3.054718 3.054679 3.054667 3.054663 3.054662 3.054662 3.054662 3.054662 3.054662 3.054662 3.054662 3.054661 3.054660 3.054655 3.054640 3.054596 3.054470 3.054128 3.053241 3.051050 3.045902 3.034425 3.010203 2.961919 2.871306 2.711845 2.450085 2.052083 1.496788 0.794404 0.000000 
50.000000 40.496441 31.668911 24.049482 17.933293 13.362311 10.177163 8.104336 6.842198 6.121743 5.735431 5.540451 5.447631 5.405870 5.388078 5.380886 5.378124 5.377113 5.376761 5.376643 5.376606 5.376594 5.376591 5.376590 5.376590 5.376590 5.376589 5.376589 5.376589 5.376589 5.376589 5.376586 5.376580 5.376558 5.376494 5.376310 5.375806 5.374492 5.371219 5.363463 5.345988 5.308631 5.233030 5.088582 4.828974 4.392361 3.710339 2.731603 1.461280 0.000000 
50.000000 41.256822 33.135523 26.125570 20.498491 16.292929 13.362311 11.455048 10.293669 9.630696 9.275185 9.095741 9.010311 8.971872 8.955495 8.948875 8.946331 8.945401 8.945076 8.944968 8.944933 8.944923 8.944920 8.944919 8.944919 8.944919 8.944919 8.944919 8.944919 8.944918 8.944917 8.944915 8.944906 8.944877 8.944793 8.944549 8.943879 8.942117 8.937698 8.927123 8.903021 8.850772 8.743204 8.533337 8.146465 7.475727 6.390155 4.770027 2.584568 0.000000 
50.000000 42.347873 35.239966 29.104634 24.179525 20.498491 17.933293 16.263776 15.247118 14.666727 14.355482 14.198371 14.123568 14.089909 14.075567 14.069769 14.067541 14.066726 14.066442 14.066347 14.066317 14.066308 14.066305 14.066304 14.066304 14.066304 14.066304 14.066304 14.066304 14.066303 14.066303 14.066299 14.066289 14.066256 14.066156 14.065869 14.065076 14.062978 14.057672 14.044852 14.015281 13.950207 13.813691 13.540932 13.022764 12.089762 10.507504 8.011611 4.437634 0.000000 
50.000000 43.807568 38.055501 33.090418 29.104634 26.125570 24.049482 22.698240 21.875359 21.405568 21.153620 21.026434 20.965876 20.938624 20.927011 20.922316 20.920512 20.919852 20.919622 20.919545 20.919521 20.919513 20.919511 20.919510 20.919510 20.919510 20.919510 20.919510 20.919510 20.919510 20.919509 20.919505 20.919495 20.919461 20.919361 20.919068 20.918257 20.916097 20.910594 20.897174 20.865854 20.795879 20.646157 20.339143 19.735415 18.597130 16.545209 13.042371 7.523001 0.000000 
50.000000 45.625856 41.562747 38.055501 35.239966 33.135523 31.668911 30.714321 30.132972 29.801060 29.623049 29.533183 29.490391 29.471134 29.462927 29.459609 29.458334 29.457867 29.457705 29.457650 29.457633 29.457628 29.457626 29.457626 29.457626 29.457626 29.457626 29.457626 29.457626 29.457625 29.457625 29.457622 29.457613 29.457586 29.457502 29.457259 29.456580 29.454767 29.450117 29.438688 29.411732 29.350669 29.217533 28.937308 28.365497 27.228355 25.013130 20.781373 12.970591 0.000000 
50.000000 47.732307 45.625856 43.807568 42.347873 41.256822 40.496441 40.001513 39.700093 39.527997 39.435696 39.389097 39.366908 39.356922 39.352666 39.350945 39.350284 39.350042 39.349957 39.349929 39.349920 39.349917 39.349917 39.349916 39.349916 39.349916 39.349916 39.349916 39.349916 39.349916 39.349916 39.349914 39.349909 39.349893 39.349846 39.349707 39.349318 39.348274 39.345587 39.338945 39.323162 39.287039 39.207110 39.035161 38.672255 37.910239 36.284567 32.655265 23.866153 0.000000 
50.000000 50.000000 50.000000 50.000000 50.000000 50.000000 50.000000 50.000000 50.000000 50.000000 50.000000 50.000000 50.000000 50.000000 50.000000 50.000000 50.000000 50.000000 50.000000 50.000000 50.000000 50.000000 50.000000 50.000000 50.000000 50.000000 50.000000 50.000000 50.000000 50.000000 50.000000 50.000000 50.000000 50.000000 50.000000 50.000000 50.000000 50.000000 50.000000 50.000000 50.000000 50.000000 50.000000 50.000000 50.000000 50.000000 50.000000 50.000000 50.000000 50.000000 
