50.000000 50.000000 50.000000 50.000000 50.000000 50.000000 50.000000 50.000000 50.000000 50.000000 50.000000 50.000000 50.000000 50.000000 50.000000 50.000000 50.000000 50.000000 50.000000 50.000000 50.000000 50.000000 50.000000 50.000000 50.000000 50.000000 50.000000 50.000000 50.000000 50.000000 50.000000 50.000000 50.000000 50.000000 50.000000 50.000000 50.000000 50.000000 50.000000 50.000000 50.000000 50.000000 50.000000 50.000000 50.000000 50.000000 50.000000 50.000000 50.000000 50.000000 
50.000000 47.424200 45.056360 43.054202 41.495142 40.375262 39.631698 39.174271 38.912886 38.773782 38.704654 38.672489 38.658441 38.652666 38.650428 38.649607 38.649322 38.649228 38.649198 38.649189 38.649187 38.649186 38.649186 38.649186 38.649186 38.649186 38.649186 38.649186 38.649186 38.649186 38.649186 38.649185 38.649184 38.649178 38.649159 38.649098 38.648912 38.648362 38.646819 38.642675 38.632030 38.605831 38.543872 38.402339 38.087446 37.395961 35.866499 32.358845 23.712100 0.000000 
50.000000 45.056360 40.511878 36.669276 33.677131 31.527907 30.100930 29.223108 28.721516 28.454589 28.321944 28.260228 28.233274 28.222196 28.217901 28.216327 28.215780 28.215599 28.215543 28.215526 28.215521 28.215520 28.215519 28.215519 28.215519 28.215519 28.215519 28.215519 28.215519 28.215519 28.215519 28.215518 28.215516 28.215506 28.215473 28.215369 28.215049 28.214111 28.211489 28.204488 28.186638 28.143168 28.041884 27.815572 27.328868 26.316747 24.272062 20.255939 12.697515 0.000000 
50.000000 43.054202 36.669276 31.270574 27.066835 24.047439 22.042792 20.809667 20.105089 19.730163 19.543862 19.457188 19.419336 19.403780 19.397749 19.395538 19.394771 19.394518 19.394438 19.394414 19.394408 19.394406 19.394405 19.394405 19.394405 19.394405 19.394405 19.394405 19.394405 19.394405 19.394405 19.394404 19.394401 19.394389 19.394351 19.394229 19.393857 19.392773 19.389759 19.381776 19.361635 19.313260 19.202646 18.961826 18.462594 17.477812 15.635287 12.397214 7.187703 0.000000 
50.000000 41.495142 33.677131 27.066835 21.919838 18.223079 15.768834 14.259229 13.396733 12.937805 12.709781 12.603704 12.557382 12.538347 12.530968 12.528264 12.527325 12.527015 12.526918 12.526889 12.526880 12.526878 12.526878 12.526877 12.526877 12.526877 12.526877 12.526877 12.526877 12.526877 12.526877 12.526876 12.526873 12.526862 12.526826 12.526711 12.526362 12.525349 12.522555 12.515222 12.496935 12.453662 12.356617 12.150671 11.737978 10.959919 9.589023 7.360384 4.099180 0.000000 
50.000000 40.375262 31.527907 24.047439 18.223079 14.039983 11.263002 9.554981 8.579185 8.060009 7.802069 7.682085 7.629695 7.608168 7.599824 7.596766 7.595705 7.595355 7.595245 7.595212 7.595203 7.595200 7.595199 7.595199 7.595199 7.595199 7.595199 7.595199 7.595199 7.595199 7.595199 7.595198 7.595196 7.595187 7.595157 7.595064 7.594783 7.593974 7.591756 7.585991 7.571781 7.538644 7.465681 7.314390 7.019992 6.485101 5.584845 4.199039 2.287816 0.000000 
50.000000 39.631698 30.100930 22.042792 15.768834 11.263002 8.271906 6.432288 5.381373 4.822265 4.544506 4.415313 4.358906 4.335730 4.326748 4.323457 4.322314 4.321938 4.321820 4.321784 4.321774 4.321771 4.321771 4.321770 4.321770 4.321770 4.321770 4.321770 4.321770 4.321770 4.321770 4.321770 4.321768 4.321762 4.321741 4.321674 4.321475 4.320904 4.319352 4.315354 4.305608 4.283186 4.234626 4.135953 3.948612 3.618163 3.080966 2.285359 1.229359 0.000000 
50.000000 39.174271 29.223108 20.809667 14.259229 9.554981 6.432288 4.511817 3.414767 2.831146 2.541225 2.406384 2.347515 2.323330 2.313957 2.310523 2.309331 2.308938 2.308814 2.308778 2.308767 2.308764 2.308763 2.308763 2.308763 2.308763 2.308763 2.308763 2.308763 2.308763 2.308763 2.308763 2.308762 2.308757 2.308744 2.308701 2.308574 2.308213 2.307238 2.304746 2.298735 2.285072 2.255908 2.197661 2.089300 1.902612 1.607021 1.181224 0.630399 0.000000 
50.000000 38.912886 28.721516 20.105089 13.396733 8.579185 5.381373 3.414767 2.291404 1.693808 1.396958 1.258901 1.198631 1.173871 1.164276 1.160761 1.159540 1.159138 1.159012 1.158974 1.158963 1.158960 1.158960 1.158960 1.158959 1.158959 1.158959 1.158959 1.158959 1.158959 1.158959 1.158959 1.158959 1.158956 1.158948 1.158924 1.158850 1.158642 1.158085 1.156673 1.153296 1.145702 1.129695 1.098187 1.040542 0.943071 0.791829 0.578348 0.307055 0.000000 
50.000000 38.773782 28.454589 19.730163 12.937805 8.060009 4.822265 2.831146 1.693808 1.088796 0.788270 0.648507 0.587495 0.562431 0.552718 0.549160 0.547925 0.547518 0.547390 0.547352 0.547341 0.547338 0.547337 0.547337 0.547337 0.547337 0.547337 0.547337 0.547337 0.547337 0.547337 0.547337 0.547336 0.547335 0.547331 0.547318 0.547279 0.547169 0.546877 0.546142 0.544398 0.540513 0.532411 0.516658 0.488228 0.440871 0.368528 0.267951 0.141752 0.000000 
50.000000 38.704654 28.321944 19.543862 12.709781 7.802069 4.544506 2.541225 1.396958 0.788270 0.485924 0.345317 0.283937 0.258723 0.248953 0.245373 0.244130 0.243721 0.243592 0.243554 0.243543 0.243540 0.243539 0.243539 0.243539 0.243539 0.243539 0.243539 0.243539 0.243539 0.243539 0.243539 0.243539 0.243538 0.243536 0.243530 0.243511 0.243457 0.243316 0.242962 0.242128 0.240286 0.236479 0.229152 0.216078 0.194559 0.162086 0.117456 0.061979 0.000000 
50.000000 38.672489 28.260228 19.457188 12.603704 7.682085 4.415313 2.406384 1.258901 0.648507 0.345317 0.204319 0.142770 0.117486 0.107689 0.104099 0.102853 0.102443 0.102314 0.102275 0.102264 0.102261 0.102261 0.102260 0.102260 0.102260 0.102260 0.102260 0.102260 0.102260 0.102260 0.102260 0.102260 0.102260 0.102259 0.102256 0.102247 0.102223 0.102160 0.102001 0.101630 0.100816 0.099146 0.095961 0.090328 0.081148 0.067428 0.048739 0.025670 0.000000 
50.000000 38.658441 28.233274 19.419336 12.557382 7.629695 4.358906 2.347515 1.198631 0.587495 0.283937 0.142770 0.081146 0.055832 0.046023 0.042430 0.041182 0.040771 0.040642 0.040604 0.040593 0.040590 0.040589 0.040589 0.040589 0.040589 0.040589 0.040589 0.040589 0.040589 0.040589 0.040589 0.040589 0.040589 0.040588 0.040587 0.040583 0.040573 0.040546 0.040480 0.040325 0.039989 0.039302 0.038002 0.035721 0.032033 0.026562 0.019163 0.010078 0.000000 
50.000000 38.652666 28.222196 19.403780 12.538347 7.608168 4.335730 2.323330 1.173871 0.562431 0.258723 0.117486 0.055832 0.030506 0.020692 0.017097 0.015849 0.015438 0.015309 0.015270 0.015259 0.015256 0.015255 0.015255 0.015255 0.015255 0.015255 0.015255 0.015255 0.015255 0.015255 0.015255 0.015255 0.015255 0.015255 0.015254 0.015253 0.015249 0.015238 0.015212 0.015152 0.015021 0.014755 0.014256 0.013385 0.011985 0.009922 0.007147 0.003755 0.000000 
50.000000 38.650428 28.217901 19.397749 12.530968 7.599824 4.326748 2.313957 1.164276 0.552718 0.248953 0.107689 0.046023 0.020692 0.010877 0.007281 0.006033 0.005621 0.005492 0.005454 0.005443 0.005440 0.005439 0.005439 0.005439 0.005439 0.005439 0.005439 0.005439 0.005439 0.005439 0.005439 0.005439 0.005439 0.005439 0.005438 0.005438 0.005436 0.005432 0.005423 0.005401 0.005352 0.005256 0.005074 0.004760 0.004257 0.003520 0.002532 0.001329 0.000000 
50.000000 38.649607 28.216327 19.395538 12.528264 7.596766 4.323457 2.310523 1.160761 0.549160 0.245373 0.104099 0.042430 0.017097 0.007281 0.003685 0.002436 0.002025 0.001896 0.001857 0.001846 0.001843 0.001843 0.001842 0.001842 0.001842 0.001842 0.001842 0.001842 0.001842 0.001842 0.001842 0.001842 0.001842 0.001842 0.001842 0.001842 0.001842 0.001840 0.001837 0.001829 0.001812 0.001779 0.001717 0.001609 0.001437 0.001187 0.000853 0.000448 0.000000 
50.000000 38.649322 28.215780 19.394771 12.527325 7.595705 4.322314 2.309331 1.159540 0.547925 0.244130 0.102853 0.041182 0.015849 0.006033 0.002436 0.001188 0.000777 0.000648 0.000609 0.000598 0.000595 0.000594 0.000594 0.000594 0.000594 0.000594 0.000594 0.000594 0.000594 0.000594 0.000594 0.000594 0.000594 0.000594 0.000594 0.000594 0.000594 0.000593 0.000592 0.000590 0.000584 0.000573 0.000553 0.000518 0.000462 0.000381 0.000274 0.000144 0.000000 
50.000000 38.649228 28.215599 19.394518 12.527015 7.595355 4.321938 2.308938 1.159138 0.547518 0.243721 0.102443 0.040771 0.015438 0.005621 0.002025 0.000777 0.000365 0.000236 0.000198 0.000187 0.000184 0.000183 0.000183 0.000183 0.000183 0.000183 0.000183 0.000183 0.000183 0.000183 0.000183 0.000183 0.000183 0.000183 0.000183 0.000183 0.000182 0.000182 0.000182 0.000181 0.000179 0.000176 0.000170 0.000159 0.000142 0.000117 0.000084 0.000044 0.000000 
50.000000 38.649198 28.215543 19.394438 12.526918 7.595245 4.321820 2.308814 1.159012 0.547390 0.243592 0.102314 0.040642 0.015309 0.005492 0.001896 0.000648 0.000236 0.000107 0.000069 0.000058 0.000055 0.000054 0.000054 0.000054 0.000054 0.000054 0.000054 0.000054 0.000054 0.000054 0.000054 0.000054 0.000054 0.000054 0.000054 0.000054 0.000054 0.000054 0.000053 0.000053 0.000053 0.000052 0.000050 0.000047 0.000042 0.000034 0.000025 0.000013 0.000000 
50.000000 38.649189 28.215526 19.394414 12.526889 7.595212 4.321784 2.308778 1.158974 0.547352 0.243554 0.102275 0.040604 0.015270 0.005454 0.001857 0.000609 0.000198 0.000069 0.000030 0.000019 0.000016 0.000015 0.000015 0.000015 0.000015 0.000015 0.000015 0.000015 0.000015 0.000015 0.000015 0.000015 0.000015 0.000015 0.000015 0.000015 0.000015 0.000015 0.000015 0.000015 0.000015 0.000014 0.000014 0.000013 0.000012 0.000010 0.000007 0.000004 0.000000 
50.000000 38.649187 28.215521 19.394408 12.526880 7.595203 4.321774 2.308767 1.158963 0.547341 0.243543 0.102264 0.040593 0.015259 0.005443 0.001846 0.000598 0.000187 0.000058 0.000019 0.000008 0.000005 0.000004 0.000004 0.000004 0.000004 0.000004 0.000004 0.000004 0.000004 0.000004 0.000004 0.000004 0.000004 0.000004 0.000004 0.000004 0.000004 0.000004 0.000004 0.000004 0.000004 0.000004 0.000004 0.000004 0.000003 0.000003 0.000002 0.000001 0.000000 
50.000000 38.649186 28.215520 19.394406 12.526878 7.595200 4.321771 2.308764 1.158960 0.547338 0.243540 0.102261 0.040590 0.015256 0.005440 0.001843 0.000595 0.000184 0.000055 0.000016 0.000005 0.000002 0.000001 0.000001 0.000001 0.000001 0.000001 0.000001 0.000001 0.000001 0.000001 0.000001 0.000001 0.000001 0.000001 0.000001 0.000001 0.000001 0.000001 0.000001 0.000001 0.000001 0.000001 0.000001 0.000001 0.000001 0.000001 0.000000 0.000000 0.000000 
50.000000 38.649186 28.215519 19.394405 12.526878 7.595199 4.321771 2.308763 1.158960 0.547337 0.243539 0.102261 0.040589 0.015255 0.005439 0.001843 0.000594 0.000183 0.000054 0.000015 0.000004 0.000001 0.000001 0.000000 0.000000 0.000000 0.000000 0.000000 0.000000 0.000000 0.000000 0.000000 0.000000 0.000000 0.000000 0.000000 0.000000 0.000000 0.000000 0.000000 0.000000 0.000000 0.000000 0.000000 0.000000 0.000000 0.000000 0.000000 0.000000 0.000000 
50.000000 38.649186 28.215519 19.394405 12.526877 7.595199 4.321770 2.308763 1.158960 0.547337 0.243539 0.102260 0.040589 0.015255 0.005439 0.001842 0.000594 0.000183 0.000054 0.000015 0.000004 0.000001 0.000000 0.000000 0.000000 0.000000 0.000000 0.000000 0.000000 0.000000 0.000000 0.000000 0.000000 0.000000 0.000000 0.000000 0.000000 0.000000 0.000000 0.000000 0.000000 0.000000 0.000000 0.000000 0.000000 0.000000 0.000000 0.000000 0.000000 0.000000 
50.000000 38.649186 28.215519 19.394405 12.526877 7.595199 4.321770 2.308763 1.158959 0.547337 0.243539 0.102260 0.040589 0.015255 0.005439 0.001842 0.000594 0.000183 0.000054 0.000015 0.000004 0.000001 0.000000 0.000000 0.000000 0.000000 0.000000 0.000000 0.000000 0.000000 0.000000 0.000000 0.000000 0.000000 0.000000 0.000000 0.000000 0.000000 0.000000 0.000000 0.000000 0.000000 0.000000 0.000000 0.000000 0.000000 0.000000 0.000000 0.000000 0.000000 
50.000000 38.649186 28.215519 19.394405 12.526877 7.595199 4.321770 2.308763 1.158959 0.547337 0.243539 0.102260 0.040589 0.015255 0.005439 0.001842 0.000594 0.000183 0.000054 0.000015 0.000004 0.000001 0.000000 0.000000 0.000000 0.000000 0.000000 0.000000 0.000000 0.000000 0.000000 0.000000 0.000000 0.000000 0.000000 0.000000 0.000000 0.000000 0.000000 0.000000 0.000000 0.000000 0.000000 0.000000 0.000000 0.000000 0.000000 0.000000 0.000000 0.000000 
50.000000 38.649186 28.215519 19.394405 12.526877 7.595199 4.321770 2.308763 1.158960 0.547337 0.243539 0.102260 0.040589 0.015255 0.005439 0.001842 0.000594 0.000183 0.000054 0.000015 0.000004 0.000001 0.000000 0.000000 0.000000 0.000000 0.000000 0.000000 0.000000 0.000000 0.000000 0.000000 0.000000 0.000000 0.000000 0.000000 0.000000 0.000000 0.000000 0.000000 0.000000 0.000000 0.000000 0.000000 0.000000 0.000000 0.000000 0.000000 0.000000 0.000000 
50.000000 38.649186 28.215519 19.394405 12.526878 7.595199 4.321771 2.308763 1.158960 0.547337 0.243539 0.102261 0.040589 0.015255 0.005439 0.001843 0.000594 0.000183 0.000054 0.000015 0.000004 0.000001 0.000001 0.000000 0.000000 0.000000 0.000000 0.000000 0.000000 0.000000 0.000000 0.000000 0.000000 0.000000 0.000000 0.000000 0.000000 0.000000 0.000000 0.000000 0.000000 0.000000 0.000000 0.000000 0.000000 0.000000 0.000000 0.000000 0.000000 0.000000 
50.000000 38.649186 28.215520 19.394406 12.526878 7.595200 4.321771 2.308764 1.158960 0.547338 0.243540 0.102261 0.040590 0.015256 0.005440 0.001843 0.000595 0.000184 0.000055 0.000016 0.000005 0.000002 0.000001 0.000001 0.000001 0.000001 0.000001 0.000001 0.000001 0.000001 0.000001 0.000001 0.000001 0.000001 0.000001 0.000001 0.000001 0.000001 0.000001 0.000001 0.000001 0.000001 0.000001 0.000001 0.000001 0.000001 0.000001 0.000000 0.000000 0.000000 
50.000000 38.649187 28.215521 19.394408 12.526880 7.595203 4.321774 2.308767 1.158963 0.547341 0.243543 0.102264 0.040593 0.015259 0.005443 0.001846 0.000598 0.000187 0.000058 0.000019 0.000008 0.000005 0.000004 0.000004 0.000004 0.000004 0.000004 0.000004 0.000004 0.000004 0.000004 0.000004 0.000004 0.000004 0.000004 0.000004 0.000004 0.000004 0.000004 0.000004 0.000004 0.000004 0.000004 0.000004 0.000004 0.000003 0.000003 0.000002 0.000001 0.000000 
50.000000 38.649189 28.215526 19.394414 12.526889 7.595212 4.321784 2.308778 1.158974 0.547352 0.243554 0.102275 0.040604 0.015270 0.005454 0.001857 0.000609 0.000198 0.000069 0.000030 0.000019 0.000016 0.000015 0.000015 0.000015 0.000015 0.000015 0.000015 0.000015 0.000015 0.000015 0.000015 0.000015 0.000015 0.000015 0.000015 0.000015 0.000015 0.000015 0.000015 0.000015 0.000015 0.000014 0.000014 0.000013 0.000012 0.000010 0.000007 0.000004 0.000000 
50.000000 38.649198 28.215543 19.394438 12.526918 7.595245 4.321820 2.308814 1.159012 0.547390 0.243592 0.102314 0.040642 0.015309 0.005492 0.001896 0.000648 0.000236 0.000107 0.000069 0.000058 0.000055 0.000054 0.000054 0.000054 0.000054 0.000054 0.000054 0.000054 0.000054 0.000054 0.000054 0.000054 0.000054 0.000054 0.000054 0.000054 0.000054 0.000054 0.000053 0.000053 0.000053 0.000052 0.000050 0.000047 0.000042 0.000034 0.000025 0.000013 0.000000 
50.000000 38.649228 28.215599 19.394518 12.527015 7.595355 4.321938 2.308938 1.159138 0.547518 0.243721 0.102443 0.040771 0.015438 0.005621 0.002025 0.000777 0.000365 0.000236 0.000198 0.000187 0.000184 0.000183 0.000183 0.000183 0.000183 0.000183 0.000183 0.000183 0.000183 0.000183 0.000183 0.000183 0.000183 0.000183 0.000183 0.000183 0.000182 0.000182 0.000182 0.000181 0.000179 0.000176 0.000170 0.000159 0.000142 0.000117 0.000084 0.000044 0.000000 
50.000000 38.649322 28.215780 19.394771 12.527325 7.595705 4.322314 2.309331 1.159540 0.547925 0.244130 0.102853 0.041182 0.015849 0.006033 0.002436 0.001188 0.000777 0.000648 0.000609 0.000598 0.000595 0.000594 0.000594 0.000594 0.000594 0.000594 0.000594 0.000594 0.000594 0.000594 0.000594 0.000594 0.000594 0.000594 0.000594 0.000594 0.000594 0.000593 0.000592 0.000590 0.000584 0.000573 0.000553 0.000518 0.000462 0.000381 0.000274 0.000144 0.000000 
50.000000 38.649607 28.216327 19.395538 12.528264 7.596766 4.323457 2.310523 1.160761 0.549160 0.245373 0.104099 0.042430 0.017097 0.007281 0.003685 0.002436 0.002025 0.001896 0.001857 0.001846 0.001843 0.001843 0.001842 0.001842 0.001842 0.001842 0.001842 0.001842 0.001842 0.001842 0.001842 0.001842 0.001842 0.001842 0.001842 0.001842 0.001842 0.001840 0.001837 0.001829 0.001812 0.001779 0.001717 0.001609 0.001437 0.001187 0.000853 0.000448 0.000000 
50.000000 38.650428 28.217901 19.397749 12.530968 7.599824 4.326748 2.313957 1.164276 0.552718 0.248953 0.107689 0.046023 0.020692 0.010877 0.007281 0.006033 0.005621 0.005492 0.005454 0.005443 0.005440 0.005439 0.005439 0.005439 0.005439 0.005439 0.005439 0.005439 0.005439 0.005439 0.005439 0.005439 0.005439 0.005439 0.005438 0.005438 0.005436 0.005432 0.005423 0.005401 0.005352 0.005256 0.005074 0.004760 0.004257 0.003520 0.002532 0.001329 0.000000 
50.000000 38.652666 28.222196 19.403780 12.538347 7.608168 4.335730 2.323330 1.173871 0.562431 0.258723 0.117486 0.055832 0.030506 0.020692 0.017097 0.015849 0.015438 0.015309 0.015270 0.015259 0.015256 0.015255 0.015255 0.015255 0.015255 0.015255 0.015255 0.015255 0.015255 0.015255 0.015255 0.015255 0.015255 0.015255 0.015254 0.015253 0.015249 0.015238 0.015212 0.015152 0.015021 0.014755 0.014256 0.013385 0.011985 0.009922 0.007147 0.003755 0.000000 
50.000000 38.658441 28.233274 19.419336 12.557382 7.629695 4.358906 2.347515 1.198631 0.587495 0.283937 0.142770 0.081146 0.055832 0.046023 0.042430 0.041182 0.040771 0.040642 0.040604 0.040593 0.040590 0.040589 0.040589 0.040589 0.040589 0.040589 0.040589 0.040589 0.040589 0.040589 0.040589 0.040589 0.040589 0.040588 0.040587 0.040583 0.040573 0.040546 0.040480 0.040325 0.039989 0.039302 0.038002 0.035721 0.032033 0.026562 0.019163 0.010078 0.000000 
50.000000 38.672489 28.260228 19.457188 12.603704 7.682085 4.415313 2.406384 1.258901 0.648507 0.345317 0.204319 0.142770 0.117486 0.107689 0.104099 0.102853 0.102443 0.102314 0.102275 0.102264 0.102261 0.102261 0.102260 0.102260 0.102260 0.102260 0.102260 0.102260 0.102260 0.102260 0.102260 0.102260 0.102260 0.102259 0.102256 0.102247 0.102223 0.102160 0.102001 0.101630 0.100816 0.099146 0.095961 0.090328 0.081148 0.067428 0.048739 0.025670 0.000000 
50.000000 38.704654 28.321944 19.543862 12.709781 7.802069 4.544506 2.541225 1.396958 0.788270 0.485924 0.345317 0.283937 0.258723 0.248953 0.245373 0.244130 0.243721 0.243592 0.243554 0.243543 0.243540 0.243539 0.243539 0.243539 0.243539 0.243539 0.243539 0.243539 0.243539 0.243539 0.243539 0.243539 0.243538 0.243536 0.243530 0.243511 0.243457 0.243316 0.242962 0.242128 0.240286 0.236479 0.229152 0.216078 0.194559 0.162086 0.117456 0.061979 0.000000 
50.000000 38.773782 28.454589 19.730163 12.937805 8.060009 4.822265 2.831146 1.693808 1.088796 0.788270 0.648507 0.587495 0.562431 0.552718 0.549160 0.547925 0.547518 0.547390 0.547352 0.547341 0.547338 0.547337 0.547337 0.547337 0.547337 0.547337 0.547337 0.547337 0.547337 0.547337 0.547337 0.547336 0.547335 0.547331 0.547318 0.547279 0.547169 0.546877 0.546142 0.544398 0.540513 0.532411 0.516658 0.488228 0.440871 0.368528 0.267951 0.141752 0.000000 
50.000000 38.912886 28.721516 20.105089 13.396733 8.579185 5.381373 3.414767 2.291404 1.693808 1.396958 1.258901 1.198631 1.173871 1.164276 1.160761 1.159540 1.159138 1.159012 1.158974 1.158963 1.158960 1.158960 1.158960 1.158959 1.158959 1.158959 1.158959 1.158959 1.158959 1.158959 1.158959 1.158959 1.158956 1.158948 1.158924 1.158850 1.158642 1.158085 1.156673 1.153296 1.145702 1.129695 1.098187 1.040542 0.943071 0.791829 0.578348 0.307055 0.000000 
50.000000 39.174271 29.223108 20.809667 14.259229 9.554981 6.432288 4.511817 3.414767 2.831146 2.541225 2.406384 2.347515 2.323330 2.313957 2.310523 2.309331 2.308938 2.308814 2.308778 2.308767 2.308764 2.308763 2.308763 2.308763 2.308763 2.308763 2.308763 2.308763 2.308763 2.308763 2.308763 2.308762 2.308757 2.308744 2.308701 2.308574 2.308213 2.307238 2.304746 2.298735 2.285072 2.255908 2.197661 2.089300 1.902612 1.607021 1.181224 0.630399 0.000000 
50.000000 39.631698 30.100930 22.042792 15.768834 11.263002 8.271906 6.432288 5.381373 4.822265 4.544506 4.415313 4.358906 4.335730 4.326748 4.323457 4.322314 4.321938 4.321820 4.321784 4.321774 4.321771 4.321771 4.321770 4.321770 4.321770 4.321770 4.321770 4.321770 4.321770 4.321770 4.321770 4.321768 4.321762 4.321741 4.321674 4.321475 4.320904 4.319352 4.315354 4.305608 4.283186 4.234626 4.135953 3.948612 3.618163 3.080966 2.285359 1.229359 0.000000 
50.000000 40.375262 31.527907 24.047439 18.223079 14.039983 11.263002 9.554981 8.579185 8.060009 7.802069 7.682085 7.629695 7.608168 7.599824 7.596766 7.595705 7.595355 7.595245 7.595212 7.595203 7.595200 7.595199 7.595199 7.595199 7.595199 7.595199 7.595199 7.595199 7.595199 7.595199 7.595198 7.595196 7.595187 7.595157 7.595064 7.594783 7.593974 7.591756 7.585991 7.571781 7.538644 7.465681 7.314390 7.019992 6.485101 5.584845 4.199039 2.287816 0.000000 
50.000000 41.495142 33.677131 27.066835 21.919838 18.223079 15.768834 14.259229 13.396733 12.937805 12.709781 12.603704 12.557382 12.538347 12.530968 12.528264 12.527325 12.527015 12.526918 12.526889 12.526880 12.526878 12.526878 12.526877 12.526877 12.526877 12.526877 12.526877 12.526877 12.526877 12.526877 12.526876 12.526873 12.526862 12.526826 12.526711 12.526362 12.525349 12.522555 12.515222 12.496935 12.453662 12.356617 12.150671 11.737978 10.959919 9.589023 7.360384 4.099180 0.000000 
50.000000 43.054202 36.669276 31.270574 27.066835 24.047439 22.042792 20.809667 20.105089 19.730163 19.543862 19.457188 19.419336 19.403780 19.397749 19.395538 19.394771 19.394518 19.394438 19.394414 19.394408 19.394406 19.394405 19.394405 19.394405 19.394405 19.394405 19.394405 19.394405 19.394405 19.394405 19.394404 19.394401 19.394389 19.394351 19.394229 19.393857 19.392773 19.389759 19.381776 19.361635 19.313260 19.202646 18.961826 18.462594 17.477812 15.635287 12.397214 7.187703 0.000000 
50.000000 45.056360 40.511878 36.669276 33.677131 31.527907 30.100930 29.223108 28.721516 28.454589 28.321944 28.260228 28.233274 28.222196 28.217901 28.216327 28.215780 28.215599 28.215543 28.215526 28.215521 28.215520 28.215519 28.215519 28.215519 28.215519 28.215519 28.215519 28.215519 28.215519 28.215519 28.215518 28.215516 28.215506 28.215473 28.215369 28.215049 28.214111 28.211489 28.204488 28.186638 28.143168 28.041884 27.815572 27.328868 26.316747 24.272062 20.255939 12.697515 0.000000 
50.000000 47.424200 45.056360 43.054202 41.495142 40.375262 39.631698 39.174271 38.912886 38.773782 38.704654 38.672489 38.658441 38.652666 38.650428 38.649607 38.649322 38.649228 38.649198 38.649189 38.649187 38.649186 38.649186 38.649186 38.649186 38.649186 38.649186 38.649186 38.649186 38.649186 38.649186 38.649185 38.649184 38.649178 38.649159 38.649098 38.648912 38.648362 38.646819 38.642675 38.632030 38.605831 38.543872 38.402339 38.087446 37.395961 35.866499 32.358845 23.712100 0.000000 
50.000000 50.000000 50.000000 50.000000 50.000000 50.000000 50.000000 50.000000 50.000000 50.000000 50.000000 50.000000 50.000000 50.000000 50.000000 50.000000 50.000000 50.000000 50.000000 50.000000 50.000000 50.000000 50.000000 50.000000 50.000000 50.000000 50.000000 50.000000 50.000000 50.000000 50.000000 50.000000 50.000000 50.000000 50.000000 50.000000 50.000000 50.000000 50.000000 50.000000 50.000000 50.000000 50.000000 50.000000 50.000000 50.000000 50.000000 50.000000 50.000000 50.000000 
