50.000000 50.000000 50.000000 50.000000 50.000000 50.000000 50.000000 50.000000 50.000000 50.000000 50.000000 50.000000 50.000000 50.000000 50.000000 50.000000 50.000000 50.000000 50.000000 50.000000 50.000000 50.000000 50.000000 50.000000 50.000000 50.000000 50.000000 50.000000 50.000000 50.000000 50.000000 50.000000 50.000000 50.000000 50.000000 50.000000 50.000000 50.000000 50.000000 50.000000 50.000000 50.000000 50.000000 50.000000 50.000000 50.000000 50.000000 50.000000 50.000000 50.000000 
50.000000 44.904220 40.619095 37.571548 35.720907 34.750453 34.305928 34.126122 34.061259 34.040205 34.034007 34.032341 34.031930 34.031836 34.031816 34.031812 34.031812 34.031811 34.031811 34.031811 34.031811 34.031811 34.031811 34.031811 34.031811 34.031811 34.031811 34.031811 34.031811 34.031811 34.031811 34.031811 34.031811 34.031811 34.031811 34.031811 34.031810 34.031804 34.031775 34.031639 34.031049 34.028662 34.019662 33.988061 33.884516 33.565989 32.634656 29.989874 22.452110 0.000000 
50.000000 40.619095 32.730919 27.121434 23.715480 21.929721 21.111890 20.781151 20.661866 20.623156 20.611764 20.608702 20.607947 20.607774 20.607738 20.607731 20.607729 20.607729 20.607729 20.607729 20.607729 20.607729 20.607729 20.607729 20.607729 20.607729 20.607729 20.607729 20.607729 20.607729 20.607729 20.607729 20.607729 20.607729 20.607729 20.607729 20.607727 20.607718 20.607676 20.607481 20.606643 20.603286 20.590831 20.548099 20.412832 20.018450 18.961097 16.365460 10.629221 0.000000 
50.000000 37.571548 27.121434 19.690989 15.180155 12.815594 11.732944 11.295226 11.137401 11.086200 11.071137 11.067090 11.066091 11.065863 11.065815 11.065806 11.065804 11.065804 11.065804 11.065804 11.065804 11.065804 11.065804 11.065804 11.065804 11.065804 11.065804 11.065804 11.065804 11.065804 11.065804 11.065804 11.065804 11.065804 11.065804 11.065803 11.065802 11.065794 11.065756 11.065584 11.064847 11.061937 11.051324 11.015764 10.906867 10.603981 9.845494 8.160336 4.936892 0.000000 
50.000000 35.720907 23.715480 15.180155 9.999429 7.284262 6.041371 5.538994 5.357905 5.299174 5.281900 5.277261 5.276117 5.275856 5.275801 5.275790 5.275788 5.275787 5.275787 5.275787 5.275787 5.275787 5.275787 5.275787 5.275787 5.275787 5.275787 5.275787 5.275787 5.275787 5.275787 5.275787 5.275787 5.275787 5.275787 5.275787 5.275786 5.275781 5.275756 5.275641 5.275155 5.273260 5.266457 5.244138 5.177687 4.999714 4.576173 3.697030 2.154918 0.000000 
50.000000 34.750453 21.929721 12.815594 7.284262 4.385805 3.059250 2.523163 2.329964 2.267319 2.248899 2.243953 2.242733 2.242455 2.242396 2.242384 2.242382 2.242382 2.242382 2.242382 2.242382 2.242382 2.242382 2.242382 2.242382 2.242382 2.242382 2.242382 2.242382 2.242382 2.242382 2.242382 2.242382 2.242382 2.242382 2.242382 2.242381 2.242378 2.242365 2.242303 2.242044 2.241044 2.237505 2.226098 2.192903 2.106575 1.908727 1.516889 0.865936 0.000000 
50.000000 34.305928 21.111890 11.732944 6.041371 3.059250 1.694563 1.143137 0.944437 0.880018 0.861079 0.855994 0.854740 0.854455 0.854394 0.854382 0.854380 0.854380 0.854380 0.854380 0.854380 0.854380 0.854380 0.854380 0.854380 0.854380 0.854380 0.854380 0.854380 0.854380 0.854380 0.854380 0.854380 0.854380 0.854380 0.854380 0.854379 0.854378 0.854372 0.854344 0.854228 0.853783 0.852226 0.847282 0.833152 0.797232 0.717180 0.563791 0.317867 0.000000 
50.000000 34.126122 20.781151 11.295226 5.538994 2.523163 1.143137 0.585552 0.384648 0.319518 0.300372 0.295233 0.293965 0.293676 0.293615 0.293603 0.293601 0.293601 0.293601 0.293601 0.293601 0.293601 0.293601 0.293601 0.293601 0.293601 0.293601 0.293601 0.293601 0.293601 0.293601 0.293601 0.293601 0.293601 0.293601 0.293601 0.293600 0.293600 0.293598 0.293587 0.293541 0.293370 0.292776 0.290911 0.285658 0.272538 0.243902 0.190320 0.106460 0.000000 
50.000000 34.061259 20.661866 11.137401 5.357905 2.329964 0.944437 0.384648 0.182955 0.117573 0.098353 0.093194 0.091922 0.091632 0.091571 0.091559 0.091557 0.091556 0.091556 0.091556 0.091556 0.091556 0.091556 0.091556 0.091556 0.091556 0.091556 0.091556 0.091556 0.091556 0.091556 0.091556 0.091556 0.091556 0.091556 0.091556 0.091556 0.091556 0.091555 0.091551 0.091536 0.091478 0.091277 0.090655 0.088920 0.084646 0.075464 0.058579 0.032596 0.000000 
50.000000 34.040205 20.623156 11.086200 5.299174 2.267319 0.880018 0.319518 0.117573 0.052110 0.032867 0.027701 0.026427 0.026137 0.026076 0.026064 0.026062 0.026061 0.026061 0.026061 0.026061 0.026061 0.026061 0.026061 0.026061 0.026061 0.026061 0.026061 0.026061 0.026061 0.026061 0.026061 0.026061 0.026061 0.026061 0.026061 0.026061 0.026061 0.026061 0.026060 0.026055 0.026037 0.025977 0.025790 0.025275 0.024019 0.021353 0.016513 0.009155 0.000000 
50.000000 34.034007 20.611764 11.071137 5.281900 2.248899 0.861079 0.300372 0.098353 0.032867 0.013616 0.008449 0.007175 0.006885 0.006823 0.006811 0.006809 0.006809 0.006809 0.006809 0.006809 0.006809 0.006809 0.006809 0.006809 0.006809 0.006809 0.006809 0.006809 0.006809 0.006809 0.006809 0.006809 0.006809 0.006809 0.006809 0.006809 0.006809 0.006809 0.006808 0.006807 0.006802 0.006785 0.006735 0.006596 0.006260 0.005553 0.004282 0.002368 0.000000 
50.000000 34.032341 20.608702 11.067090 5.277261 2.243953 0.855994 0.295233 0.093194 0.027701 0.008449 0.003282 0.002007 0.001717 0.001656 0.001644 0.001641 0.001641 0.001641 0.001641 0.001641 0.001641 0.001641 0.001641 0.001641 0.001641 0.001641 0.001641 0.001641 0.001641 0.001641 0.001641 0.001641 0.001641 0.001641 0.001641 0.001641 0.001641 0.001641 0.001641 0.001640 0.001639 0.001635 0.001622 0.001588 0.001506 0.001333 0.001026 0.000566 0.000000 
50.000000 34.031930 20.607947 11.066091 5.276117 2.242733 0.854740 0.293965 0.091922 0.026427 0.007175 0.002007 0.000733 0.000443 0.000381 0.000369 0.000367 0.000367 0.000366 0.000366 0.000366 0.000366 0.000366 0.000366 0.000366 0.000366 0.000366 0.000366 0.000366 0.000366 0.000366 0.000366 0.000366 0.000366 0.000366 0.000366 0.000366 0.000366 0.000366 0.000366 0.000366 0.000366 0.000365 0.000362 0.000354 0.000336 0.000297 0.000228 0.000126 0.000000 
50.000000 34.031836 20.607774 11.065863 5.275856 2.242455 0.854455 0.293676 0.091632 0.026137 0.006885 0.001717 0.000443 0.000152 0.000091 0.000079 0.000077 0.000076 0.000076 0.000076 0.000076 0.000076 0.000076 0.000076 0.000076 0.000076 0.000076 0.000076 0.000076 0.000076 0.000076 0.000076 0.000076 0.000076 0.000076 0.000076 0.000076 0.000076 0.000076 0.000076 0.000076 0.000076 0.000076 0.000075 0.000074 0.000070 0.000062 0.000047 0.000026 0.000000 
50.000000 34.031816 20.607738 11.065815 5.275801 2.242396 0.854394 0.293615 0.091571 0.026076 0.006823 0.001656 0.000381 0.000091 0.000030 0.000017 0.000015 0.000015 0.000015 0.000015 0.000015 0.000015 0.000015 0.000015 0.000015 0.000015 0.000015 0.000015 0.000015 0.000015 0.000015 0.000015 0.000015 0.000015 0.000015 0.000015 0.000015 0.000015 0.000015 0.000015 0.000015 0.000015 0.000015 0.000015 0.000014 0.000014 0.000012 0.000009 0.000005 0.000000 
50.000000 34.031812 20.607731 11.065806 5.275790 2.242384 0.854382 0.293603 0.091559 0.026064 0.006811 0.001644 0.000369 0.000079 0.000017 0.000005 0.000003 0.000003 0.000003 0.000003 0.000003 0.000003 0.000003 0.000003 0.000003 0.000003 0.000003 0.000003 0.000003 0.000003 0.000003 0.000003 0.000003 0.000003 0.000003 0.000003 0.000003 0.000003 0.000003 0.000003 0.000003 0.000003 0.000003 0.000003 0.000003 0.000002 0.000002 0.000002 0.000001 0.000000 
50.000000 34.031812 20.607729 11.065804 5.275788 2.242382 0.854380 0.293601 0.091557 0.026062 0.006809 0.001641 0.000367 0.000077 0.000015 0.000003 0.000001 0.000001 0.000000 0.000000 0.000000 0.000000 0.000000 0.000000 0.000000 0.000000 0.000000 0.000000 0.000000 0.000000 0.000000 0.000000 0.000000 0.000000 0.000000 0.000000 0.000000 0.000000 0.000000 0.000000 0.000000 0.000000 0.000000 0.000000 0.000000 0.000000 0.000000 0.000000 0.000000 0.000000 
50.000000 34.031811 20.607729 11.065804 5.275787 2.242382 0.854380 0.293601 0.091556 0.026061 0.006809 0.001641 0.000367 0.000076 0.000015 0.000003 0.000001 0.000000 0.000000 0.000000 0.000000 0.000000 0.000000 0.000000 0.000000 0.000000 0.000000 0.000000 0.000000 0.000000 0.000000 0.000000 0.000000 0.000000 0.000000 0.000000 0.000000 0.000000 0.000000 0.000000 0.000000 0.000000 0.000000 0.000000 0.000000 0.000000 0.000000 0.000000 0.000000 0.000000 
50.000000 34.031811 20.607729 11.065804 5.275787 2.242382 0.854380 0.293601 0.091556 0.026061 0.006809 0.001641 0.000366 0.000076 0.000015 0.000003 0.000000 0.000000 0.000000 0.000000 0.000000 0.000000 0.000000 0.000000 0.000000 0.000000 0.000000 0.000000 0.000000 0.000000 0.000000 0.000000 0.000000 0.000000 0.000000 0.000000 0.000000 0.000000 0.000000 0.000000 0.000000 0.000000 0.000000 0.000000 0.000000 0.000000 0.000000 0.000000 0.000000 0.000000 
50.000000 34.031811 20.607729 11.065804 5.275787 2.242382 0.854380 0.293601 0.091556 0.026061 0.006809 0.001641 0.000366 0.000076 0.000015 0.000003 0.000000 0.000000 0.000000 0.000000 0.000000 0.000000 0.000000 0.000000 0.000000 0.000000 0.000000 0.000000 0.000000 0.000000 0.000000 0.000000 0.000000 0.000000 0.000000 0.000000 0.000000 0.000000 0.000000 0.000000 0.000000 0.000000 0.000000 0.000000 0.000000 0.000000 0.000000 0.000000 0.000000 0.000000 
50.000000 34.031811 20.607729 11.065804 5.275787 2.242382 0.854380 0.293601 0.091556 0.026061 0.006809 0.001641 0.000366 0.000076 0.000015 0.000003 0.000000 0.000000 0.000000 0.000000 0.000000 0.000000 0.000000 0.000000 0.000000 0.000000 0.000000 0.000000 0.000000 0.000000 0.000000 0.000000 0.000000 0.000000 0.000000 0.000000 0.000000 0.000000 0.000000 0.000000 0.000000 0.000000 0.000000 0.000000 0.000000 0.000000 0.000000 0.000000 0.000000 0.000000 
50.000000 34.031811 20.607729 11.065804 5.275787 2.242382 0.854380 0.293601 0.091556 0.026061 0.006809 0.001641 0.000366 0.000076 0.000015 0.000003 0.000000 0.000000 0.000000 0.000000 0.000000 0.000000 0.000000 0.000000 0.000000 0.000000 0.000000 0.000000 0.000000 0.000000 0.000000 0.000000 0.000000 0.000000 0.000000 0.000000 0.000000 0.000000 0.000000 0.000000 0.000000 0.000000 0.000000 0.000000 0.000000 0.000000 0.000000 0.000000 0.000000 0.000000 
50.000000 34.031811 20.607729 11.065804 5.275787 2.242382 0.854380 0.293601 0.091556 0.026061 0.006809 0.001641 0.000366 0.000076 0.000015 0.000003 0.000000 0.000000 0.000000 0.000000 0.000000 0.000000 0.000000 0.000000 0.000000 0.000000 0.000000 0.000000 0.000000 0.000000 0.000000 0.000000 0.000000 0.000000 0.000000 0.000000 0.000000 0.000000 0.000000 0.000000 0.000000 0.000000 0.000000 0.000000 0.000000 0.000000 0.000000 0.000000 0.000000 0.000000 
50.000000 34.031811 20.607729 11.065804 5.275787 2.242382 0.854380 0.293601 0.091556 0.026061 0.006809 0.001641 0.000366 0.000076 0.000015 0.000003 0.000000 0.000000 0.000000 0.000000 0.000000 0.000000 0.000000 0.000000 0.000000 0.000000 0.000000 0.000000 0.000000 0.000000 0.000000 0.000000 0.000000 0.000000 0.000000 0.000000 0.000000 0.000000 0.000000 0.000000 0.000000 0.000000 0.000000 0.000000 0.000000 0.000000 0.000000 0.000000 0.000000 0.000000 
50.000000 34.031811 20.607729 11.065804 5.275787 2.242382 0.854380 0.293601 0.091556 0.026061 0.006809 0.001641 0.000366 0.000076 0.000015 0.000003 0.000000 0.000000 0.000000 0.000000 0.000000 0.000000 0.000000 0.000000 0.000000 0.000000 0.000000 0.000000 0.000000 0.000000 0.000000 0.000000 0.000000 0.000000 0.000000 0.000000 0.000000 0.000000 0.000000 0.000000 0.000000 0.000000 0.000000 0.000000 0.000000 0.000000 0.000000 0.000000 0.000000 0.000000 
50.000000 34.031811 20.607729 11.065804 5.275787 2.242382 0.854380 0.293601 0.091556 0.026061 0.006809 0.001641 0.000366 0.000076 0.000015 0.000003 0.000000 0.000000 0.000000 0.000000 0.000000 0.000000 0.000000 0.000000 0.000000 0.000000 0.000000 0.000000 0.000000 0.000000 0.000000 0.000000 0.000000 0.000000 0.000000 0.000000 0.000000 0.000000 0.000000 0.000000 0.000000 0.000000 0.000000 0.000000 0.000000 0.000000 0.000000 0.000000 0.000000 0.000000 
50.000000 34.031811 20.607729 11.065804 5.275787 2.242382 0.854380 0.293601 0.091556 0.026061 0.006809 0.001641 0.000366 0.000076 0.000015 0.000003 0.000000 0.000000 0.000000 0.000000 0.000000 0.000000 0.000000 0.000000 0.000000 0.000000 0.000000 0.000000 0.000000 0.000000 0.000000 0.000000 0.000000 0.000000 0.000000 0.000000 0.000000 0.000000 0.000000 0.000000 0.000000 0.000000 0.000000 0.000000 0.000000 0.000000 0.000000 0.000000 0.000000 0.000000 
50.000000 34.031811 20.607729 11.065804 5.275787 2.242382 0.854380 0.293601 0.091556 0.026061 0.006809 0.001641 0.000366 0.000076 0.000015 0.000003 0.000000 0.000000 0.000000 0.000000 0.000000 0.000000 0.000000 0.000000 0.000000 0.000000 0.000000 0.000000 0.000000 0.000000 0.000000 0.000000 0.000000 0.000000 0.000000 0.000000 0.000000 0.000000 0.000000 0.000000 0.000000 0.000000 0.000000 0.000000 0.000000 0.000000 0.000000 0.000000 0.000000 0.000000 
50.000000 34.031811 20.607729 11.065804 5.275787 2.242382 0.854380 0.293601 0.091556 0.026061 0.006809 0.001641 0.000366 0.000076 0.000015 0.000003 0.000000 0.000000 0.000000 0.000000 0.000000 0.000000 0.000000 0.000000 0.000000 0.000000 0.000000 0.000000 0.000000 0.000000 0.000000 0.000000 0.000000 0.000000 0.000000 0.000000 0.000000 0.000000 0.000000 0.000000 0.000000 0.000000 0.000000 0.000000 0.000000 0.000000 0.000000 0.000000 0.000000 0.000000 
50.000000 34.031811 20.607729 11.065804 5.275787 2.242382 0.854380 0.293601 0.091556 0.026061 0.006809 0.001641 0.000366 0.000076 0.000015 0.000003 0.000000 0.000000 0.000000 0.000000 0.000000 0.000000 0.000000 0.000000 0.000000 0.000000 0.000000 0.000000 0.000000 0.000000 0.000000 0.000000 0.000000 0.000000 0.000000 0.000000 0.000000 0.000000 0.000000 0.000000 0.000000 0.000000 0.000000 0.000000 0.000000 0.000000 0.000000 0.000000 0.000000 0.000000 
50.000000 34.031811 20.607729 11.065804 5.275787 2.242382 0.854380 0.293601 0.091556 0.026061 0.006809 0.001641 0.000366 0.000076 0.000015 0.000003 0.000000 0.000000 0.000000 0.000000 0.000000 0.000000 0.000000 0.000000 0.000000 0.000000 0.000000 0.000000 0.000000 0.000000 0.000000 0.000000 0.000000 0.000000 0.000000 0.000000 0.000000 0.000000 0.000000 0.000000 0.000000 0.000000 0.000000 0.000000 0.000000 0.000000 0.000000 0.000000 0.000000 0.000000 
50.000000 34.031811 20.607729 11.065804 5.275787 2.242382 0.854380 0.293601 0.091556 0.026061 0.006809 0.001641 0.000366 0.000076 0.000015 0.000003 0.000000 0.000000 0.000000 0.000000 0.000000 0.000000 0.000000 0.000000 0.000000 0.000000 0.000000 0.000000 0.000000 0.000000 0.000000 0.000000 0.000000 0.000000 0.000000 0.000000 0.000000 0.000000 0.000000 0.000000 0.000000 0.000000 0.000000 0.000000 0.000000 0.000000 0.000000 0.000000 0.000000 0.000000 
50.000000 34.031811 20.607729 11.065804 5.275787 2.242382 0.854380 0.293601 0.091556 0.026061 0.006809 0.001641 0.000367 0.000076 0.000015 0.000003 0.000001 0.000000 0.000000 0.000000 0.000000 0.000000 0.000000 0.000000 0.000000 0.000000 0.000000 0.000000 0.000000 0.000000 0.000000 0.000000 0.000000 0.000000 0.000000 0.000000 0.000000 0.000000 0.000000 0.000000 0.000000 0.000000 0.000000 0.000000 0.000000 0.000000 0.000000 0.000000 0.000000 0.000000 
50.000000 34.031812 20.607729 11.065804 5.275788 2.242382 0.854380 0.293601 0.091557 0.026062 0.006809 0.001641 0.000367 0.000077 0.000015 0.000003 0.000001 0.000001 0.000000 0.000000 0.000000 0.000000 0.000000 0.000000 0.000000 0.000000 0.000000 0.000000 0.000000 0.000000 0.000000 0.000000 0.000000 0.000000 0.000000 0.000000 0.000000 0.000000 0.000000 0.000000 0.000000 0.000000 0.000000 0.000000 0.000000 0.000000 0.000000 0.000000 0.000000 0.000000 
50.000000 34.031812 20.607731 11.065806 5.275790 2.242384 0.854382 0.293603 0.091559 0.026064 0.006811 0.001644 0.000369 0.000079 0.000017 0.000005 0.000003 0.000003 0.000003 0.000003 0.000003 0.000003 0.000003 0.000003 0.000003 0.000003 0.000003 0.000003 0.000003 0.000003 0.000003 0.000003 0.000003 0.000003 0.000003 0.000003 0.000003 0.000003 0.000003 0.000003 0.000003 0.000003 0.000003 0.000003 0.000003 0.000002 0.000002 0.000002 0.000001 0.000000 
50.000000 34.031816 20.607738 11.065815 5.275801 2.242396 0.854394 0.293615 0.091571 0.026076 0.006823 0.001656 0.000381 0.000091 0.000030 0.000017 0.000015 0.000015 0.000015 0.000015 0.000015 0.000015 0.000015 0.000015 0.000015 0.000015 0.000015 0.000015 0.000015 0.000015 0.000015 0.000015 0.000015 0.000015 0.000015 0.000015 0.000015 0.000015 0.000015 0.000015 0.000015 0.000015 0.000015 0.000015 0.000014 0.000014 0.000012 0.000009 0.000005 0.000000 
50.000000 34.031836 20.607774 11.065863 5.275856 2.242455 0.854455 0.293676 0.091632 0.026137 0.006885 0.001717 0.000443 0.000152 0.000091 0.000079 0.000077 0.000076 0.000076 0.000076 0.000076 0.000076 0.000076 0.000076 0.000076 0.000076 0.000076 0.000076 0.000076 0.000076 0.000076 0.000076 0.000076 0.000076 0.000076 0.000076 0.000076 0.000076 0.000076 0.000076 0.000076 0.000076 0.000076 0.000075 0.000074 0.000070 0.000062 0.000047 0.000026 0.000000 
50.000000 34.031930 20.607947 11.066091 5.276117 2.242733 0.854740 0.293965 0.091922 0.026427 0.007175 0.002007 0.000733 0.000443 0.000381 0.000369 0.000367 0.000367 0.000366 0.000366 0.000366 0.000366 0.000366 0.000366 0.000366 0.000366 0.000366 0.000366 0.000366 0.000366 0.000366 0.000366 0.000366 0.000366 0.000366 0.000366 0.000366 0.000366 0.000366 0.000366 0.000366 0.000366 0.000365 0.000362 0.000354 0.000336 0.000297 0.000228 0.000126 0.000000 
50.000000 34.032341 20.608702 11.067090 5.277261 2.243953 0.855994 0.295233 0.093194 0.027701 0.008449 0.003282 0.002007 0.001717 0.001656 0.001644 0.001641 0.001641 0.001641 0.001641 0.001641 0.001641 0.001641 0.001641 0.001641 0.001641 0.001641 0.001641 0.001641 0.001641 0.001641 0.001641 0.001641 0.001641 0.001641 0.001641 0.001641 0.001641 0.001641 0.001641 0.001640 0.001639 0.001635 0.001622 0.001588 0.001506 0.001333 0.001026 0.000566 0.000000 
50.000000 34.034007 20.611764 11.071137 5.281900 2.248899 0.861079 0.300372 0.098353 0.032867 0.013616 0.008449 0.007175 0.006885 0.006823 0.006811 0.006809 0.006809 0.006809 0.006809 0.006809 0.006809 0.006809 0.006809 0.006809 0.006809 0.006809 0.006809 0.006809 0.006809 0.006809 0.006809 0.006809 0.006809 0.006809 0.006809 0.006809 0.006809 0.006809 0.006808 0.006807 0.006802 0.006785 0.006735 0.006596 0.006260 0.005553 0.004282 0.002368 0.000000 
50.000000 34.040205 20.623156 11.086200 5.299174 2.267319 0.880018 0.319518 0.117573 0.052110 0.032867 0.027701 0.026427 0.026137 0.026076 0.026064 0.026062 0.026061 0.026061 0.026061 0.026061 0.026061 0.026061 0.026061 0.026061 0.026061 0.026061 0.026061 0.026061 0.026061 0.026061 0.026061 0.026061 0.026061 0.026061 0.026061 0.026061 0.026061 0.026061 0.026060 0.026055 0.026037 0.025977 0.025790 0.025275 0.024019 0.021353 0.016513 0.009155 0.000000 
50.000000 34.061259 20.661866 11.137401 5.357905 2.329964 0.944437 0.384648 0.182955 0.117573 0.098353 0.093194 0.091922 0.091632 0.091571 0.091559 0.091557 0.091556 0.091556 0.091556 0.091556 0.091556 0.091556 0.091556 0.091556 0.091556 0.091556 0.091556 0.091556 0.091556 0.091556 0.091556 0.091556 0.091556 0.091556 0.091556 0.091556 0.091556 0.091555 0.091551 0.091536 0.091478 0.091277 0.090655 0.088920 0.084646 0.075464 0.058579 0.032596 0.000000 
50.000000 34.126122 20.781151 11.295226 5.538994 2.523163 1.143137 0.585552 0.384648 0.319518 0.300372 0.295233 0.293965 0.293676 0.293615 0.293603 0.293601 0.293601 0.293601 0.293601 0.293601 0.293601 0.293601 0.293601 0.293601 0.293601 0.293601 0.293601 0.293601 0.293601 0.293601 0.293601 0.293601 0.293601 0.293601 0.293601 0.293600 0.293600 0.293598 0.293587 0.293541 0.293370 0.292776 0.290911 0.285658 0.272538 0.243902 0.190320 0.106460 0.000000 
50.000000 34.305928 21.111890 11.732944 6.041371 3.059250 1.694563 1.143137 0.944437 0.880018 0.861079 0.855994 0.854740 0.854455 0.854394 0.854382 0.854380 0.854380 0.854380 0.854380 0.854380 0.854380 0.854380 0.854380 0.854380 0.854380 0.854380 0.854380 0.854380 0.854380 0.854380 0.854380 0.854380 0.854380 0.854380 0.854380 0.854379 0.854378 0.854372 0.854344 0.854228 0.853783 0.852226 0.847282 0.833152 0.797232 0.717180 0.563791 0.317867 0.000000 
50.000000 34.750453 21.929721 12.815594 7.284262 4.385805 3.059250 2.523163 2.329964 2.267319 2.248899 2.243953 2.242733 2.242455 2.242396 2.242384 2.242382 2.242382 2.242382 2.242382 2.242382 2.242382 2.242382 2.242382 2.242382 2.242382 2.242382 2.242382 2.242382 2.242382 2.242382 2.242382 2.242382 2.242382 2.242382 2.242382 2.242381 2.242378 2.242365 2.242303 2.242044 2.241044 2.237505 2.226098 2.192903 2.106575 1.908727 1.516889 0.865936 0.000000 
50.000000 35.720907 23.715480 15.180155 9.999429 7.284262 6.041371 5.538994 5.357905 5.299174 5.281900 5.277261 5.276117 5.275856 5.275801 5.275790 5.275788 5.275787 5.275787 5.275787 5.275787 5.275787 5.275787 5.275787 5.275787 5.275787 5.275787 5.275787 5.275787 5.275787 5.275787 5.275787 5.275787 5.275787 5.275787 5.275787 5.275786 5.275781 5.275756 5.275641 5.275155 5.273260 5.266457 5.244138 5.177687 4.999714 4.576173 3.697030 2.154918 0.000000 
50.000000 37.571548 27.121434 19.690989 15.180155 12.815594 11.732944 11.295226 11.137401 11.086200 11.071137 11.067090 11.066091 11.065863 11.065815 11.065806 11.065804 11.065804 11.065804 11.065804 11.065804 11.065804 11.065804 11.065804 11.065804 11.065804 11.065804 11.065804 11.065804 11.065804 11.065804 11.065804 11.065804 11.065804 11.065804 11.065803 11.065802 11.065794 11.065756 11.065584 11.064847 11.061937 11.051324 11.015764 10.906867 10.603981 9.845494 8.160336 4.936892 0.000000 
50.000000 40.619095 32.730919 27.121434 23.715480 21.929721 21.111890 20.781151 20.661866 20.623156 20.611764 20.608702 20.607947 20.607774 20.607738 20.607731 20.607729 20.607729 20.607729 20.607729 20.607729 20.607729 20.607729 20.607729 20.607729 20.607729 20.607729 20.607729 20.607729 20.607729 20.607729 20.607729 20.607729 20.607729 20.607729 20.607729 20.607727 20.607718 20.607676 20.607481 20.606643 20.603286 20.590831 20.548099 20.412832 20.018450 18.961097 16.365460 10.629221 0.000000 
50.000000 44.904220 40.619095 37.571548 35.720907 34.750453 34.305928 34.126122 34.061259 34.040205 34.034007 34.032341 34.031930 34.031836 34.031816 34.031812 34.031812 34.031811 34.031811 34.031811 34.031811 34.031811 34.031811 34.031811 34.031811 34.031811 34.031811 34.031811 34.031811 34.031811 34.031811 34.031811 34.031811 34.031811 34.031811 34.031811 34.031810 34.031804 34.031775 34.031639 34.031049 34.028662 34.019662 33.988061 33.884516 33.565989 32.634656 29.989874 22.452110 0.000000 
50.000000 50.000000 50.000000 50.000000 50.000000 50.000000 50.000000 50.000000 50.000000 50.000000 50.000000 50.000000 50.000000 50.000000 50.000000 50.000000 50.000000 50.000000 50.000000 50.000000 50.000000 50.000000 50.000000 50.000000 50.000000 50.000000 50.000000 50.000000 50.000000 50.000000 50.000000 50.000000 50.000000 50.000000 50.000000 50.000000 50.000000 50.000000 50.000000 50.000000 50.000000 50.000000 50.000000 50.000000 50.000000 50.000000 50.000000 50.000000 50.000000 50.000000 
