50.000000 50.000000 50.000000 50.000000 50.000000 50.000000 50.000000 50.000000 50.000000 50.000000 50.000000 50.000000 50.000000 50.000000 50.000000 50.000000 50.000000 50.000000 50.000000 50.000000 50.000000 50.000000 50.000000 50.000000 50.000000 50.000000 50.000000 50.000000 50.000000 50.000000 50.000000 50.000000 50.000000 50.000000 50.000000 50.000000 50.000000 50.000000 50.000000 50.000000 50.000000 50.000000 50.000000 50.000000 50.000000 50.000000 50.000000 50.000000 50.000000 50.000000 
50.000000 48.962923 47.959609 47.020526 46.170090 45.424848 44.792829 44.274015 43.861696 43.544382 43.307848 43.137016 43.017441 42.936298 42.882897 42.848802 42.827675 42.814965 42.807539 42.803323 42.800996 42.799748 42.799096 42.798764 42.798598 42.798514 42.798467 42.798428 42.798372 42.798269 42.798063 42.797653 42.796854 42.795327 42.792469 42.787234 42.777833 42.761267 42.732582 42.683670 42.601321 42.463908 42.235462 41.854258 41.208827 40.082265 38.008145 33.854000 24.481461 0.000000 
50.000000 47.959609 45.985645 44.138056 42.464873 40.998657 39.755203 38.734472 37.923267 37.298976 36.833616 36.497521 36.262270 36.102629 35.997569 35.930491 35.888927 35.863923 35.849313 35.841018 35.836441 35.833985 35.832702 35.832049 35.831723 35.831559 35.831466 35.831391 35.831285 35.831090 35.830702 35.829931 35.828428 35.825560 35.820204 35.810409 35.792863 35.762041 35.708880 35.618700 35.467918 35.218722 34.810126 34.142288 33.047747 31.236782 28.193318 22.992823 14.105608 0.000000 
50.000000 47.020526 44.138056 41.440125 38.996875 36.855850 35.040118 33.549616 32.365076 31.453478 30.773954 30.283188 29.939676 29.706571 29.553165 29.455220 29.394531 29.358021 29.336689 29.324578 29.317895 29.314308 29.312435 29.311481 29.311006 29.310767 29.310634 29.310528 29.310383 29.310117 29.309589 29.308543 29.306509 29.302634 29.295416 29.282259 29.258780 29.217733 29.147358 29.028900 28.832836 28.513177 27.998719 27.179562 25.886475 23.861017 20.720063 15.944738 9.012381 0.000000 
50.000000 46.170090 42.464873 38.996875 35.856258 33.104137 30.770163 28.854256 27.331642 26.159876 25.286424 24.655604 24.214063 23.914441 23.717260 23.591369 23.513364 23.466437 23.439019 23.423453 23.414863 23.410254 23.407846 23.406621 23.406011 23.405706 23.405538 23.405408 23.405237 23.404926 23.404312 23.403100 23.400748 23.396281 23.387987 23.372931 23.346194 23.299732 23.220670 23.088836 22.873247 22.527186 21.981507 21.135899 19.848666 17.928129 15.135858 11.228091 6.087824 0.000000 
50.000000 45.424848 40.998657 36.855850 33.104137 29.816526 27.028434 24.739764 22.920918 21.521189 20.477818 19.724287 19.196860 18.838960 18.603429 18.453055 18.359881 18.303830 18.271081 18.252489 18.242229 18.236723 18.233848 18.232385 18.231657 18.231294 18.231098 18.230953 18.230769 18.230440 18.229797 18.228530 18.226078 18.221438 18.212859 18.197356 18.169983 18.122740 18.043020 17.911454 17.699043 17.363523 16.845091 16.062084 14.908263 13.255471 10.969376 7.950910 4.216020 0.000000 
50.000000 44.792829 39.755203 35.040118 30.770163 27.028434 23.855238 21.250462 19.180416 17.587383 16.399932 15.542353 14.942105 14.534794 14.266750 14.095621 13.989587 13.925802 13.888534 13.867376 13.855702 13.849437 13.846165 13.844501 13.843673 13.843263 13.843046 13.842891 13.842707 13.842385 13.841761 13.840537 13.838176 13.833726 13.825532 13.810804 13.784958 13.740674 13.666599 13.545635 13.352830 13.052996 12.598439 11.927619 10.966350 9.634265 7.860555 5.612915 2.938571 0.000000 
50.000000 44.274015 38.734472 33.549616 28.854256 24.739764 21.250462 18.386222 16.109994 14.358304 13.052602 12.109631 11.449621 11.001764 10.707041 10.518880 10.402296 10.332164 10.291189 10.267928 10.255092 10.248205 10.244608 10.242780 10.241870 10.241422 10.241189 10.241032 10.240857 10.240561 10.239993 10.238885 10.236756 10.232759 10.225435 10.212340 10.189505 10.150671 10.086279 9.982213 9.818372 9.567271 9.193111 8.652023 7.894673 6.872749 5.550897 3.924345 2.038552 0.000000 
50.000000 43.861696 37.923267 32.365076 27.331642 22.920918 19.180416 16.109994 13.669928 11.792171 10.392512 9.381696 8.674207 8.194138 7.878220 7.676532 7.551568 7.476396 7.432477 7.407545 7.393787 7.386405 7.382551 7.380591 7.379618 7.379140 7.378896 7.378741 7.378581 7.378323 7.377835 7.376887 7.375073 7.371683 7.365500 7.354506 7.335455 7.303294 7.250419 7.165808 7.034119 6.834964 6.542722 6.127420 5.557395 4.804456 3.851899 2.704544 1.397788 0.000000 
50.000000 43.544382 37.298976 31.453478 26.159876 21.521189 17.587383 14.358304 11.792171 9.817414 8.345465 7.282452 6.538437 6.033588 5.701369 5.489275 5.357866 5.278818 5.232635 5.206418 5.191952 5.184190 5.180137 5.178077 5.177055 5.176555 5.176305 5.176154 5.176013 5.175798 5.175397 5.174626 5.173158 5.170426 5.165467 5.156696 5.141593 5.116275 5.074986 5.009525 4.908707 4.758052 4.539932 4.234553 3.822146 3.286629 2.620642 1.831058 0.943061 0.000000 
50.000000 43.307848 36.833616 30.773954 25.286424 20.477818 16.399932 13.052602 10.392512 8.345465 6.819643 5.717734 4.946503 4.423192 4.078827 3.858982 3.722771 3.640836 3.592967 3.565794 3.550800 3.542755 3.538555 3.536420 3.535362 3.534847 3.534592 3.534448 3.534325 3.534152 3.533838 3.533240 3.532106 3.530005 3.526208 3.519530 3.508098 3.489063 3.458254 3.409822 3.335940 3.226704 3.070388 2.854297 2.566364 2.197588 1.745054 1.214916 0.624177 0.000000 
50.000000 43.137016 36.497521 30.283188 24.655604 19.724287 15.542353 12.109631 9.381696 7.282452 5.717734 4.587744 3.796865 3.260227 2.907095 2.681656 2.541981 2.457963 2.408877 2.381014 2.365639 2.357390 2.353084 2.350895 2.349811 2.349285 2.349028 2.348890 2.348784 2.348649 2.348413 2.347968 2.347129 2.345582 2.342799 2.337929 2.329638 2.315920 2.293872 2.259480 2.207465 2.131277 2.023352 1.875754 1.681267 1.434934 1.135830 0.788642 0.404434 0.000000 
50.000000 43.017441 36.262270 29.939676 24.214063 19.196860 14.942105 11.449621 8.674207 6.538437 4.946503 3.796865 2.992241 2.446279 2.087015 1.857663 1.715565 1.630090 1.580154 1.551808 1.536167 1.527775 1.523395 1.521169 1.520067 1.519533 1.519275 1.519142 1.519052 1.518948 1.518777 1.518459 1.517864 1.516770 1.514811 1.511400 1.505623 1.496120 1.480945 1.457440 1.422162 1.370913 1.298951 1.201431 1.074120 0.914331 0.721943 0.500228 0.256174 0.000000 
50.000000 42.936298 36.102629 29.706571 23.914441 18.838960 14.534794 11.001764 8.194138 6.033588 4.423192 3.260227 2.446279 1.893995 1.530573 1.298568 1.154826 1.068364 1.017852 0.989178 0.973358 0.964869 0.960438 0.958187 0.957073 0.956534 0.956276 0.956148 0.956069 0.955991 0.955870 0.955651 0.955244 0.954500 0.953173 0.950873 0.946998 0.940656 0.930589 0.915094 0.891995 0.858683 0.812259 0.749836 0.668977 0.568247 0.447791 0.309766 0.158465 0.000000 
50.000000 42.882897 35.997569 29.553165 23.717260 18.603429 14.266750 10.707041 7.878221 5.701369 4.078827 2.907095 2.087015 1.530573 1.164416 0.930666 0.785845 0.698734 0.647842 0.618954 0.603015 0.594463 0.589999 0.587731 0.586609 0.586067 0.585809 0.585685 0.585615 0.585555 0.585472 0.585326 0.585058 0.584570 0.583704 0.582208 0.579700 0.575616 0.569166 0.559297 0.544672 0.523715 0.494701 0.455946 0.406073 0.344329 0.270905 0.187160 0.095663 0.000000 
50.000000 42.848802 35.930491 29.455220 23.591369 18.453055 14.095621 10.518881 7.676532 5.489275 3.858982 2.681656 1.857663 1.298568 0.930666 0.695804 0.550294 0.462768 0.411635 0.382610 0.366595 0.358003 0.353518 0.351239 0.350112 0.349568 0.349311 0.349189 0.349125 0.349079 0.349022 0.348928 0.348757 0.348448 0.347902 0.346963 0.345395 0.342852 0.338857 0.332774 0.323809 0.311033 0.293446 0.270089 0.240197 0.203382 0.159804 0.110288 0.056333 0.000000 
50.000000 42.827675 35.888927 29.394531 23.513364 18.359881 13.989588 10.402297 7.551568 5.357866 3.722772 2.541981 1.715565 1.154827 0.785845 0.550294 0.404358 0.316576 0.265293 0.236183 0.220122 0.211504 0.207006 0.204722 0.203591 0.203046 0.202789 0.202669 0.202609 0.202572 0.202533 0.202474 0.202368 0.202179 0.201846 0.201276 0.200327 0.198796 0.196399 0.192767 0.187440 0.179886 0.169538 0.155862 0.138443 0.117084 0.091897 0.063367 0.032349 0.000000 
50.000000 42.814966 35.863923 29.358022 23.466438 18.303831 13.925802 10.332165 7.476397 5.278819 3.640837 2.457964 1.630091 1.068365 0.698735 0.462769 0.316577 0.228641 0.177269 0.148108 0.132018 0.123386 0.118880 0.116591 0.115459 0.114914 0.114657 0.114538 0.114481 0.114449 0.114423 0.114385 0.114322 0.114210 0.114014 0.113678 0.113122 0.112229 0.110835 0.108733 0.105661 0.101325 0.095410 0.087627 0.077753 0.065691 0.051513 0.035495 0.018112 0.000000 
50.000000 42.807540 35.849314 29.336690 23.439021 18.271082 13.888535 10.291191 7.432479 5.232637 3.592970 2.408880 1.580157 1.017854 0.647845 0.411638 0.265296 0.177270 0.125845 0.096655 0.080549 0.071908 0.067397 0.065106 0.063973 0.063427 0.063170 0.063052 0.062997 0.062969 0.062950 0.062927 0.062890 0.062825 0.062713 0.062522 0.062206 0.061700 0.060914 0.059733 0.058013 0.055595 0.052309 0.048001 0.042554 0.035922 0.028148 0.019384 0.009887 0.000000 
50.000000 42.803324 35.841020 29.324581 23.423457 18.252493 13.867381 10.267934 7.407550 5.206424 3.565800 2.381020 1.551814 0.989185 0.618961 0.382617 0.236190 0.148114 0.096659 0.067452 0.051336 0.042690 0.038177 0.035885 0.034751 0.034205 0.033948 0.033830 0.033777 0.033751 0.033736 0.033721 0.033700 0.033664 0.033601 0.033496 0.033322 0.033044 0.032613 0.031968 0.031033 0.029722 0.027946 0.025625 0.022700 0.019148 0.014995 0.010321 0.005262 0.000000 
50.000000 42.800999 35.836446 29.317902 23.414872 18.242240 13.855714 10.255106 7.393801 5.191967 3.550815 2.365655 1.536183 0.973374 0.603031 0.366611 0.220138 0.132034 0.080563 0.051346 0.035226 0.026577 0.022062 0.019769 0.018635 0.018089 0.017832 0.017715 0.017662 0.017637 0.017625 0.017615 0.017603 0.017583 0.017549 0.017492 0.017399 0.017251 0.017022 0.016679 0.016184 0.015492 0.014558 0.013340 0.011810 0.009956 0.007792 0.005361 0.002733 0.000000 
50.000000 42.799754 35.833996 29.314325 23.410275 18.236749 13.849466 10.248237 7.386439 5.184225 3.542792 2.357427 1.527813 0.964908 0.594501 0.358041 0.211543 0.123424 0.071944 0.042723 0.026600 0.017949 0.013434 0.011141 0.010006 0.009460 0.009203 0.009086 0.009033 0.009010 0.008998 0.008991 0.008984 0.008973 0.008956 0.008926 0.008877 0.008800 0.008681 0.008504 0.008248 0.007892 0.007412 0.006788 0.006006 0.005060 0.003958 0.002722 0.001387 0.000000 
50.000000 42.799109 35.832729 29.312474 23.407897 18.233908 13.846234 10.244683 7.382630 5.180221 3.538641 2.353172 1.523484 0.960528 0.590089 0.353609 0.207097 0.118970 0.067486 0.038262 0.022138 0.013486 0.008971 0.006677 0.005543 0.004997 0.004740 0.004623 0.004570 0.004547 0.004536 0.004531 0.004526 0.004520 0.004511 0.004496 0.004471 0.004431 0.004370 0.004280 0.004150 0.003969 0.003726 0.003410 0.003016 0.002540 0.001986 0.001365 0.000696 0.000000 
50.000000 42.798795 35.832111 29.311572 23.406737 18.232523 13.844657 10.242950 7.380773 5.178268 3.536617 2.351096 1.521373 0.958393 0.587938 0.351447 0.204929 0.116799 0.065312 0.036087 0.019962 0.011310 0.006795 0.004501 0.003367 0.002820 0.002564 0.002446 0.002394 0.002371 0.002361 0.002356 0.002353 0.002349 0.002344 0.002336 0.002323 0.002302 0.002270 0.002222 0.002154 0.002059 0.001932 0.001768 0.001562 0.001315 0.001028 0.000706 0.000360 0.000000 
50.000000 42.798668 35.831861 29.311208 23.406269 18.231964 13.844021 10.242251 7.380024 5.177480 3.535801 2.350259 1.520521 0.957532 0.587070 0.350575 0.204055 0.115923 0.064435 0.035210 0.019084 0.010432 0.005917 0.003623 0.002489 0.001942 0.001686 0.001568 0.001516 0.001493 0.001483 0.001479 0.001476 0.001473 0.001470 0.001465 0.001456 0.001443 0.001423 0.001392 0.001349 0.001289 0.001210 0.001106 0.000977 0.000822 0.000643 0.000441 0.000225 0.000000 
50.000000 42.798668 35.831861 29.311208 23.406269 18.231964 13.844021 10.242251 7.380024 5.177480 3.535801 2.350259 1.520521 0.957532 0.587070 0.350575 0.204055 0.115923 0.064435 0.035210 0.019084 0.010432 0.005917 0.003623 0.002489 0.001942 0.001686 0.001568 0.001516 0.001493 0.001483 0.001479 0.001476 0.001473 0.001470 0.001465 0.001456 0.001443 0.001423 0.001392 0.001349 0.001289 0.001210 0.001106 0.000977 0.000822 0.000643 0.000441 0.000225 0.000000 
50.000000 42.798795 35.832111 29.311572 23.406737 18.232523 13.844657 10.242950 7.380773 5.178268 3.536617 2.351096 1.521373 0.958393 0.587938 0.351447 0.204929 0.116799 0.065312 0.036087 0.019962 0.011310 0.006795 0.004501 0.003367 0.002820 0.002564 0.002446 0.002394 0.002371 0.002361 0.002356 0.002353 0.002349 0.002344 0.002336 0.002323 0.002302 0.002270 0.002222 0.002154 0.002059 0.001932 0.001768 0.001562 0.001315 0.001028 0.000706 0.000360 0.000000 
50.000000 42.799109 35.832729 29.312474 23.407897 18.233908 13.846234 10.244683 7.382630 5.180221 3.538641 2.353172 1.523484 0.960528 0.590089 0.353609 0.207097 0.118970 0.067486 0.038262 0.022138 0.013486 0.008971 0.006677 0.005543 0.004997 0.004740 0.004623 0.004570 0.004547 0.004536 0.004531 0.004526 0.004520 0.004511 0.004496 0.004471 0.004431 0.004370 0.004280 0.004150 0.003969 0.003726 0.003410 0.003016 0.002540 0.001986 0.001365 0.000696 0.000000 
50.000000 42.799754 35.833996 29.314325 23.410275 18.236749 13.849466 10.248237 7.386439 5.184225 3.542792 2.357427 1.527813 0.964908 0.594501 0.358041 0.211543 0.123424 0.071944 0.042723 0.026600 0.017949 0.013434 0.011141 0.010006 0.009460 0.009203 0.009086 0.009033 0.009010 0.008998 0.008991 0.008984 0.008973 0.008956 0.008926 0.008877 0.008800 0.008681 0.008504 0.008248 0.007892 0.007412 0.006788 0.006006 0.005060 0.003958 0.002722 0.001387 0.000000 
50.000000 42.800999 35.836446 29.317902 23.414872 18.242240 13.855714 10.255106 7.393801 5.191967 3.550815 2.365655 1.536183 0.973374 0.603031 0.366611 0.220138 0.132034 0.080563 0.051346 0.035226 0.026577 0.022062 0.019769 0.018635 0.018089 0.017832 0.017715 0.017662 0.017637 0.017625 0.017615 0.017603 0.017583 0.017549 0.017492 0.017399 0.017251 0.017022 0.016679 0.016184 0.015492 0.014558 0.013340 0.011810 0.009956 0.007792 0.005361 0.002733 0.000000 
50.000000 42.803324 35.841020 29.324581 23.423457 18.252493 13.867381 10.267934 7.407550 5.206424 3.565800 2.381020 1.551814 0.989185 0.618961 0.382617 0.236190 0.148114 0.096659 0.067452 0.051336 0.042690 0.038177 0.035885 0.034751 0.034205 0.033948 0.033830 0.033777 0.033751 0.033736 0.033721 0.033700 0.033664 0.033601 0.033496 0.033322 0.033044 0.032613 0.031968 0.031033 0.029722 0.027946 0.025625 0.022700 0.019148 0.014995 0.010321 0.005262 0.000000 
50.000000 42.807540 35.849314 29.336690 23.439021 18.271082 13.888535 10.291191 7.432479 5.232637 3.592970 2.408880 1.580157 1.017854 0.647845 0.411638 0.265296 0.177270 0.125845 0.096655 0.080549 0.071908 0.067397 0.065106 0.063973 0.063427 0.063170 0.063052 0.062997 0.062969 0.062950 0.062927 0.062890 0.062825 0.062713 0.062522 0.062206 0.061700 0.060914 0.059733 0.058013 0.055595 0.052309 0.048001 0.042554 0.035922 0.028148 0.019384 0.009887 0.000000 
50.000000 42.814966 35.863923 29.358022 23.466438 18.303831 13.925802 10.332165 7.476397 5.278819 3.640837 2.457964 1.630091 1.068365 0.698735 0.462769 0.316577 0.228641 0.177269 0.148108 0.132018 0.123386 0.118880 0.116591 0.115459 0.114914 0.114657 0.114538 0.114481 0.114449 0.114423 0.114385 0.114322 0.114210 0.114014 0.113678 0.113122 0.112229 0.110835 0.108733 0.105661 0.101325 0.095410 0.087627 0.077753 0.065691 0.051513 0.035495 0.018112 0.000000 
50.000000 42.827675 35.888927 29.394531 23.513364 18.359881 13.989588 10.402297 7.551568 5.357866 3.722772 2.541981 1.715565 1.154827 0.785845 0.550294 0.404358 0.316576 0.265293 0.236183 0.220122 0.211504 0.207006 0.204722 0.203591 0.203046 0.202789 0.202669 0.202609 0.202572 0.202533 0.202474 0.202368 0.202179 0.201846 0.201276 0.200327 0.198796 0.196399 0.192767 0.187440 0.179886 0.169538 0.155862 0.138443 0.117084 0.091897 0.063367 0.032349 0.000000 
50.000000 42.848802 35.930491 29.455220 23.591369 18.453055 14.095621 10.518881 7.676532 5.489275 3.858982 2.681656 1.857663 1.298568 0.930666 0.695804 0.550294 0.462768 0.411635 0.382610 0.366595 0.358003 0.353518 0.351239 0.350112 0.349568 0.349311 0.349189 0.349125 0.349079 0.349022 0.348928 0.348757 0.348448 0.347902 0.346963 0.345395 0.342852 0.338857 0.332774 0.323809 0.311033 0.293446 0.270089 0.240197 0.203382 0.159804 0.110288 0.056333 0.000000 
50.000000 42.882897 35.997569 29.553165 23.717260 18.603429 14.266750 10.707041 7.878221 5.701369 4.078827 2.907095 2.087015 1.530573 1.164416 0.930666 0.785845 0.698734 0.647842 0.618954 0.603015 0.594463 0.589999 0.587731 0.586609 0.586067 0.585809 0.585685 0.585615 0.585555 0.585472 0.585326 0.585058 0.584570 0.583704 0.582208 0.579700 0.575616 0.569166 0.559297 0.544672 0.523715 0.494701 0.455946 0.406073 0.344329 0.270905 0.187160 0.095663 0.000000 
50.000000 42.936298 36.102629 29.706571 23.914441 18.838960 14.534794 11.001764 8.194138 6.033588 4.423192 3.260227 2.446279 1.893995 1.530573 1.298568 1.154826 1.068364 1.017852 0.989178 0.973358 0.964869 0.960438 0.958187 0.957073 0.956534 0.956276 0.956148 0.956069 0.955991 0.955870 0.955651 0.955244 0.954500 0.953173 0.950873 0.946998 0.940656 0.930589 0.915094 0.891995 0.858683 0.812259 0.749836 0.668977 0.568247 0.447791 0.309766 0.158465 0.000000 
50.000000 43.017441 36.262270 29.939676 24.214063 19.196860 14.942105 11.449621 8.674207 6.538437 4.946503 3.796865 2.992241 2.446279 2.087015 1.857663 1.715565 1.630090 1.580154 1.551808 1.536167 1.527775 1.523395 1.521169 1.520067 1.519533 1.519275 1.519142 1.519052 1.518948 1.518777 1.518459 1.517864 1.516770 1.514811 1.511400 1.505623 1.496120 1.480945 1.457440 1.422162 1.370913 1.298951 1.201431 1.074120 0.914331 0.721943 0.500228 0.256174 0.000000 
50.000000 43.137016 36.497521 30.283188 24.655604 19.724287 15.542353 12.109631 9.381696 7.282452 5.717734 4.587744 3.796865 3.260227 2.907095 2.681656 2.541981 2.457963 2.408877 2.381014 2.365639 2.357390 2.353084 2.350895 2.349811 2.349285 2.349028 2.348890 2.348784 2.348649 2.348413 2.347968 2.347129 2.345582 2.342799 2.337929 2.329638 2.315920 2.293872 2.259480 2.207465 2.131277 2.023352 1.875754 1.681267 1.434934 1.135830 0.788642 0.404434 0.000000 
50.000000 43.307848 36.833616 30.773954 25.286424 20.477818 16.399932 13.052602 10.392512 8.345465 6.819643 5.717734 4.946503 4.423192 4.078827 3.858982 3.722771 3.640836 3.592967 3.565794 3.550800 3.542755 3.538555 3.536420 3.535362 3.534847 3.534592 3.534448 3.534325 3.534152 3.533838 3.533240 3.532106 3.530005 3.526208 3.519530 3.508098 3.489063 3.458254 3.409822 3.335940 3.226704 3.070388 2.854297 2.566364 2.197588 1.745054 1.214916 0.624177 0.000000 
50.000000 43.544382 37.298976 31.453478 26.159876 21.521189 17.587383 14.358304 11.792171 9.817414 8.345465 7.282452 6.538437 6.033588 5.701369 5.489275 5.357866 5.278818 5.232635 5.206418 5.191952 5.184190 5.180137 5.178077 5.177055 5.176555 5.176305 5.176154 5.176013 5.175798 5.175397 5.174626 5.173158 5.170426 5.165467 5.156696 5.141593 5.116275 5.074986 5.009525 4.908707 4.758052 4.539932 4.234553 3.822146 3.286629 2.620642 1.831058 0.943061 0.000000 
50.000000 43.861696 37.923267 32.365076 27.331642 22.920918 19.180416 16.109994 13.669928 11.792171 10.392512 9.381696 8.674207 8.194138 7.878220 7.676532 7.551568 7.476396 7.432477 7.407545 7.393787 7.386405 7.382551 7.380591 7.379618 7.379140 7.378896 7.378741 7.378581 7.378323 7.377835 7.376887 7.375073 7.371683 7.365500 7.354506 7.335455 7.303294 7.250419 7.165808 7.034119 6.834964 6.542722 6.127420 5.557395 4.804456 3.851899 2.704544 1.397788 0.000000 
50.000000 44.274015 38.734472 33.549616 28.854256 24.739764 21.250462 18.386222 16.109994 14.358304 13.052602 12.109631 11.449621 11.001764 10.707041 10.518880 10.402296 10.332164 10.291189 10.267928 10.255092 10.248205 10.244608 10.242780 10.241870 10.241422 10.241189 10.241032 10.240857 10.240561 10.239993 10.238885 10.236756 10.232759 10.225435 10.212340 10.189505 10.150671 10.086279 9.982213 9.818372 9.567271 9.193111 8.652023 7.894673 6.872749 5.550897 3.924345 2.038552 0.000000 
50.000000 44.792829 39.755203 35.040118 30.770163 27.028434 23.855238 21.250462 19.180416 17.587383 16.399932 15.542353 14.942105 14.534794 14.266750 14.095621 13.989587 13.925802 13.888534 13.867376 13.855702 13.849437 13.846165 13.844501 13.843673 13.843263 13.843046 13.842891 13.842707 13.842385 13.841761 13.840537 13.838176 13.833726 13.825532 13.810804 13.784958 13.740674 13.666599 13.545635 13.352830 13.052996 12.598439 11.927619 10.966350 9.634265 7.860555 5.612915 2.938571 0.000000 
50.000000 45.424848 40.998657 36.855850 33.104137 29.816526 27.028434 24.739764 22.920918 21.521189 20.477818 19.724287 19.196860 18.838960 18.603429 18.453055 18.359881 18.303830 18.271081 18.252489 18.242229 18.236723 18.233848 18.232385 18.231657 18.231294 18.231098 18.230953 18.230769 18.230440 18.229797 18.228530 18.226078 18.221438 18.212859 18.197356 18.169983 18.122740 18.043020 17.911454 17.699043 17.363523 16.845091 16.062084 14.908263 13.255471 10.969376 7.950910 4.216020 0.000000 
50.000000 46.170090 42.464873 38.996875 35.856258 33.104137 30.770163 28.854256 27.331642 26.159876 25.286424 24.655604 24.214063 23.914441 23.717260 23.591369 23.513364 23.466437 23.439019 23.423453 23.414863 23.410254 23.407846 23.406621 23.406011 23.405706 23.405538 23.405408 23.405237 23.404926 23.404312 23.403100 23.400748 23.396281 23.387987 23.372931 23.346194 23.299732 23.220670 23.088836 22.873247 22.527186 21.981507 21.135899 19.848666 17.928129 15.135858 11.228091 6.087824 0.000000 
50.000000 47.020526 44.138056 41.440125 38.996875 36.855850 35.040118 33.549616 32.365076 31.453478 30.773954 30.283188 29.939676 29.706571 29.553165 29.455220 29.394531 29.358021 29.336689 29.324578 29.317895 29.314308 29.312435 29.311481 29.311006 29.310767 29.310634 29.310528 29.310383 29.310117 29.309589 29.308543 29.306509 29.302634 29.295416 29.282259 29.258780 29.217733 29.147358 29.028900 28.832836 28.513177 27.998719 27.179562 25.886475 23.861017 20.720063 15.944738 9.012381 0.000000 
50.000000 47.959609 45.985645 44.138056 42.464873 40.998657 39.755203 38.734472 37.923267 37.298976 36.833616 36.497521 36.262270 36.102629 35.997569 35.930491 35.888927 35.863923 35.849313 35.841018 35.836441 35.833985 35.832702 35.832049 35.831723 35.831559 35.831466 35.831391 35.831285 35.831090 35.830702 35.829931 35.828428 35.825560 35.820204 35.810409 35.792863 35.762041 35.708880 35.618700 35.467918 35.218722 34.810126 34.142288 33.047747 31.236782 28.193318 22.992823 14.105608 0.000000 
50.000000 48.962923 47.959609 47.020526 46.170090 45.424848 44.792829 44.274015 43.861696 43.544382 43.307848 43.137016 43.017441 42.936298 42.882897 42.848802 42.827675 42.814965 42.807539 42.803323 42.800996 42.799748 42.799096 42.798764 42.798598 42.798514 42.798467 42.798428 42.798372 42.798269 42.798063 42.797653 42.796854 42.795327 42.792469 42.787234 42.777833 42.761267 42.732582 42.683670 42.601321 42.463908 42.235462 41.854258 41.208827 40.082265 38.008145 33.854000 24.481461 0.000000 
50.000000 50.000000 50.000000 50.000000 50.000000 50.000000 50.000000 50.000000 50.000000 50.000000 50.000000 50.000000 50.000000 50.000000 50.000000 50.000000 50.000000 50.000000 50.000000 50.000000 50.000000 50.000000 50.000000 50.000000 50.000000 50.000000 50.000000 50.000000 50.000000 50.000000 50.000000 50.000000 50.000000 50.000000 50.000000 50.000000 50.000000 50.000000 50.000000 50.000000 50.000000 50.000000 50.000000 50.000000 50.000000 50.000000 50.000000 50.000000 50.000000 50.000000 
