50.000000 50.000000 50.000000 50.000000 50.000000 50.000000 50.000000 50.000000 50.000000 50.000000 50.000000 50.000000 50.000000 50.000000 50.000000 50.000000 50.000000 50.000000 50.000000 50.000000 50.000000 50.000000 50.000000 50.000000 50.000000 50.000000 50.000000 50.000000 50.000000 50.000000 50.000000 50.000000 50.000000 50.000000 50.000000 50.000000 50.000000 50.000000 50.000000 50.000000 50.000000 50.000000 50.000000 50.000000 50.000000 50.000000 50.000000 50.000000 50.000000 50.000000 
50.000000 45.723650 42.019091 39.230094 37.394954 36.332012 35.785814 35.534865 35.431003 35.392010 35.378646 35.374440 35.373218 35.372889 35.372806 35.372787 35.372783 35.372782 35.372782 35.372782 35.372782 35.372782 35.372782 35.372782 35.372782 35.372782 35.372782 35.372782 35.372782 35.372782 35.372782 35.372782 35.372782 35.372782 35.372781 35.372780 35.372775 35.372753 35.372657 35.372276 35.370856 35.365882 35.349534 35.299043 35.151897 34.743809 33.650334 30.749397 22.861825 0.000000 
50.000000 42.019091 35.105507 29.900859 26.476504 24.493257 23.474270 23.006160 22.812447 22.739731 22.714812 22.706972 22.704695 22.704081 22.703927 22.703891 22.703883 22.703882 22.703882 22.703881 22.703881 22.703881 22.703881 22.703881 22.703881 22.703881 22.703881 22.703881 22.703881 22.703881 22.703881 22.703881 22.703881 22.703881 22.703881 22.703879 22.703872 22.703837 22.703691 22.703113 22.700977 22.693577 22.669639 22.597385 22.393970 21.859599 20.548803 17.552753 11.269694 0.000000 
50.000000 39.230094 29.900859 22.878199 18.258191 15.582828 14.208448 13.577186 13.316006 13.217985 13.184402 13.173837 13.170770 13.169944 13.169737 13.169688 13.169677 13.169675 13.169675 13.169675 13.169675 13.169675 13.169675 13.169675 13.169675 13.169675 13.169675 13.169675 13.169675 13.169675 13.169675 13.169675 13.169675 13.169674 13.169674 13.169673 13.169665 13.169631 13.169489 13.168933 13.166894 13.159927 13.137793 13.072609 12.895325 12.451951 11.439100 9.352056 5.579760 0.000000 
50.000000 37.394954 26.476504 18.258191 12.852197 9.722121 8.114409 7.376110 7.070705 6.956110 6.916857 6.904512 6.900928 6.899964 6.899722 6.899665 6.899653 6.899650 6.899649 6.899649 6.899649 6.899649 6.899649 6.899649 6.899649 6.899649 6.899649 6.899649 6.899649 6.899649 6.899649 6.899649 6.899649 6.899649 6.899649 6.899648 6.899642 6.899617 6.899511 6.899100 6.897610 6.892585 6.876893 6.831717 6.712492 6.426099 5.806240 4.616905 2.651145 0.000000 
50.000000 36.332012 24.493257 15.582828 9.722121 6.329172 4.586682 3.786614 3.455714 3.331575 3.289061 3.275692 3.271812 3.270768 3.270506 3.270445 3.270432 3.270429 3.270428 3.270428 3.270428 3.270428 3.270428 3.270428 3.270428 3.270428 3.270428 3.270428 3.270428 3.270428 3.270428 3.270428 3.270428 3.270428 3.270428 3.270427 3.270424 3.270408 3.270343 3.270094 3.269200 3.266220 3.257056 3.231183 3.164586 3.009629 2.687503 2.099287 1.180115 0.000000 
50.000000 35.785814 23.474270 14.208448 8.114409 4.586682 2.775158 1.943487 1.599557 1.470547 1.426371 1.412482 1.408452 1.407367 1.407095 1.407032 1.407018 1.407015 1.407014 1.407014 1.407014 1.407014 1.407014 1.407014 1.407014 1.407014 1.407014 1.407014 1.407014 1.407014 1.407014 1.407014 1.407014 1.407014 1.407014 1.407014 1.407012 1.407004 1.406970 1.406842 1.406384 1.404876 1.400297 1.387579 1.355498 1.282693 1.135839 0.876885 0.486770 0.000000 
50.000000 35.534865 23.006160 13.577186 7.376110 3.786614 1.943487 1.097366 0.747487 0.616256 0.571324 0.557198 0.553099 0.551996 0.551720 0.551655 0.551641 0.551638 0.551637 0.551637 0.551637 0.551637 0.551637 0.551637 0.551637 0.551637 0.551637 0.551637 0.551637 0.551637 0.551637 0.551637 0.551637 0.551637 0.551637 0.551637 0.551636 0.551632 0.551617 0.551559 0.551355 0.550687 0.548683 0.543190 0.529558 0.499218 0.439394 0.336521 0.185332 0.000000 
50.000000 35.431003 22.812447 13.316006 7.070705 3.455714 1.599557 0.747487 0.395163 0.263020 0.217777 0.203555 0.199428 0.198318 0.198039 0.197974 0.197960 0.197957 0.197956 0.197956 0.197956 0.197956 0.197956 0.197956 0.197956 0.197956 0.197956 0.197956 0.197956 0.197956 0.197956 0.197956 0.197956 0.197956 0.197956 0.197956 0.197956 0.197954 0.197948 0.197925 0.197844 0.197581 0.196800 0.194682 0.189493 0.178120 0.156079 0.118869 0.065122 0.000000 
50.000000 35.392010 22.739731 13.217985 6.956110 3.331575 1.470547 0.616256 0.263020 0.130538 0.085180 0.070922 0.066785 0.065671 0.065392 0.065327 0.065313 0.065310 0.065309 0.065309 0.065309 0.065309 0.065309 0.065309 0.065309 0.065309 0.065309 0.065309 0.065309 0.065309 0.065309 0.065309 0.065309 0.065309 0.065309 0.065309 0.065309 0.065308 0.065306 0.065298 0.065269 0.065176 0.064901 0.064163 0.062374 0.058500 0.051091 0.038754 0.021154 0.000000 
50.000000 35.378646 22.714812 13.184402 6.916857 3.289061 1.426371 0.571324 0.217777 0.085180 0.039783 0.025512 0.021372 0.020258 0.019979 0.019913 0.019899 0.019896 0.019895 0.019895 0.019895 0.019895 0.019895 0.019895 0.019895 0.019895 0.019895 0.019895 0.019895 0.019895 0.019895 0.019895 0.019895 0.019895 0.019895 0.019895 0.019895 0.019895 0.019894 0.019891 0.019882 0.019852 0.019764 0.019530 0.018966 0.017757 0.015469 0.011699 0.006369 0.000000 
50.000000 35.374440 22.706972 13.173837 6.904512 3.275692 1.412482 0.557198 0.203555 0.070922 0.025512 0.011238 0.007096 0.005982 0.005703 0.005637 0.005623 0.005620 0.005619 0.005619 0.005619 0.005619 0.005619 0.005619 0.005619 0.005619 0.005619 0.005619 0.005619 0.005619 0.005619 0.005619 0.005619 0.005619 0.005619 0.005619 0.005619 0.005619 0.005619 0.005618 0.005615 0.005607 0.005581 0.005512 0.005349 0.005001 0.004348 0.003281 0.001783 0.000000 
50.000000 35.373218 22.704695 13.170770 6.900928 3.271812 1.408452 0.553099 0.199428 0.066785 0.021372 0.007096 0.002954 0.001840 0.001561 0.001495 0.001481 0.001478 0.001477 0.001477 0.001477 0.001477 0.001477 0.001477 0.001477 0.001477 0.001477 0.001477 0.001477 0.001477 0.001477 0.001477 0.001477 0.001477 0.001477 0.001477 0.001477 0.001477 0.001477 0.001477 0.001476 0.001474 0.001467 0.001448 0.001404 0.001312 0.001139 0.000858 0.000465 0.000000 
50.000000 35.372889 22.704081 13.169944 6.899964 3.270768 1.407367 0.551996 0.198318 0.065671 0.020258 0.005982 0.001840 0.000725 0.000446 0.000381 0.000366 0.000363 0.000363 0.000363 0.000363 0.000363 0.000363 0.000363 0.000363 0.000363 0.000363 0.000363 0.000363 0.000363 0.000363 0.000363 0.000363 0.000363 0.000363 0.000363 0.000363 0.000363 0.000363 0.000363 0.000362 0.000362 0.000360 0.000355 0.000345 0.000322 0.000279 0.000210 0.000114 0.000000 
50.000000 35.372806 22.703927 13.169737 6.899722 3.270506 1.407095 0.551720 0.198039 0.065392 0.019979 0.005703 0.001561 0.000446 0.000167 0.000102 0.000087 0.000084 0.000084 0.000084 0.000083 0.000083 0.000083 0.000083 0.000083 0.000083 0.000083 0.000083 0.000083 0.000083 0.000083 0.000083 0.000083 0.000083 0.000083 0.000083 0.000083 0.000083 0.000083 0.000083 0.000083 0.000083 0.000083 0.000082 0.000079 0.000074 0.000064 0.000048 0.000026 0.000000 
50.000000 35.372787 22.703891 13.169688 6.899665 3.270445 1.407032 0.551655 0.197974 0.065327 0.019913 0.005637 0.001495 0.000381 0.000102 0.000036 0.000022 0.000019 0.000018 0.000018 0.000018 0.000018 0.000018 0.000018 0.000018 0.000018 0.000018 0.000018 0.000018 0.000018 0.000018 0.000018 0.000018 0.000018 0.000018 0.000018 0.000018 0.000018 0.000018 0.000018 0.000018 0.000018 0.000018 0.000018 0.000017 0.000016 0.000014 0.000010 0.000006 0.000000 
50.000000 35.372783 22.703883 13.169677 6.899653 3.270432 1.407018 0.551641 0.197960 0.065313 0.019899 0.005623 0.001481 0.000366 0.000087 0.000022 0.000007 0.000004 0.000004 0.000004 0.000004 0.000004 0.000004 0.000004 0.000004 0.000004 0.000004 0.000004 0.000004 0.000004 0.000004 0.000004 0.000004 0.000004 0.000004 0.000004 0.000004 0.000004 0.000004 0.000004 0.000004 0.000004 0.000004 0.000004 0.000003 0.000003 0.000003 0.000002 0.000001 0.000000 
50.000000 35.372782 22.703882 13.169675 6.899650 3.270429 1.407015 0.551638 0.197957 0.065310 0.019896 0.005620 0.001478 0.000363 0.000084 0.000019 0.000004 0.000001 0.000001 0.000001 0.000001 0.000001 0.000001 0.000001 0.000001 0.000001 0.000001 0.000001 0.000001 0.000001 0.000001 0.000001 0.000001 0.000001 0.000001 0.000001 0.000001 0.000001 0.000001 0.000001 0.000001 0.000001 0.000001 0.000001 0.000001 0.000001 0.000001 0.000000 0.000000 0.000000 
50.000000 35.372782 22.703882 13.169675 6.899649 3.270428 1.407014 0.551637 0.197956 0.065309 0.019895 0.005619 0.001477 0.000363 0.000084 0.000018 0.000004 0.000001 0.000000 0.000000 0.000000 0.000000 0.000000 0.000000 0.000000 0.000000 0.000000 0.000000 0.000000 0.000000 0.000000 0.000000 0.000000 0.000000 0.000000 0.000000 0.000000 0.000000 0.000000 0.000000 0.000000 0.000000 0.000000 0.000000 0.000000 0.000000 0.000000 0.000000 0.000000 0.000000 
50.000000 35.372782 22.703881 13.169675 6.899649 3.270428 1.407014 0.551637 0.197956 0.065309 0.019895 0.005619 0.001477 0.000363 0.000084 0.000018 0.000004 0.000001 0.000000 0.000000 0.000000 0.000000 0.000000 0.000000 0.000000 0.000000 0.000000 0.000000 0.000000 0.000000 0.000000 0.000000 0.000000 0.000000 0.000000 0.000000 0.000000 0.000000 0.000000 0.000000 0.000000 0.000000 0.000000 0.000000 0.000000 0.000000 0.000000 0.000000 0.000000 0.000000 
50.000000 35.372782 22.703881 13.169675 6.899649 3.270428 1.407014 0.551637 0.197956 0.065309 0.019895 0.005619 0.001477 0.000363 0.000083 0.000018 0.000004 0.000001 0.000000 0.000000 0.000000 0.000000 0.000000 0.000000 0.000000 0.000000 0.000000 0.000000 0.000000 0.000000 0.000000 0.000000 0.000000 0.000000 0.000000 0.000000 0.000000 0.000000 0.000000 0.000000 0.000000 0.000000 0.000000 0.000000 0.000000 0.000000 0.000000 0.000000 0.000000 0.000000 
50.000000 35.372782 22.703881 13.169675 6.899649 3.270428 1.407014 0.551637 0.197956 0.065309 0.019895 0.005619 0.001477 0.000363 0.000083 0.000018 0.000004 0.000001 0.000000 0.000000 0.000000 0.000000 0.000000 0.000000 0.000000 0.000000 0.000000 0.000000 0.000000 0.000000 0.000000 0.000000 0.000000 0.000000 0.000000 0.000000 0.000000 0.000000 0.000000 0.000000 0.000000 0.000000 0.000000 0.000000 0.000000 0.000000 0.000000 0.000000 0.000000 0.000000 
50.000000 35.372782 22.703881 13.169675 6.899649 3.270428 1.407014 0.551637 0.197956 0.065309 0.019895 0.005619 0.001477 0.000363 0.000083 0.000018 0.000004 0.000001 0.000000 0.000000 0.000000 0.000000 0.000000 0.000000 0.000000 0.000000 0.000000 0.000000 0.000000 0.000000 0.000000 0.000000 0.000000 0.000000 0.000000 0.000000 0.000000 0.000000 0.000000 0.000000 0.000000 0.000000 0.000000 0.000000 0.000000 0.000000 0.000000 0.000000 0.000000 0.000000 
50.000000 35.372782 22.703881 13.169675 6.899649 3.270428 1.407014 0.551637 0.197956 0.065309 0.019895 0.005619 0.001477 0.000363 0.000083 0.000018 0.000004 0.000001 0.000000 0.000000 0.000000 0.000000 0.000000 0.000000 0.000000 0.000000 0.000000 0.000000 0.000000 0.000000 0.000000 0.000000 0.000000 0.000000 0.000000 0.000000 0.000000 0.000000 0.000000 0.000000 0.000000 0.000000 0.000000 0.000000 0.000000 0.000000 0.000000 0.000000 0.000000 0.000000 
50.000000 35.372782 22.703881 13.169675 6.899649 3.270428 1.407014 0.551637 0.197956 0.065309 0.019895 0.005619 0.001477 0.000363 0.000083 0.000018 0.000004 0.000001 0.000000 0.000000 0.000000 0.000000 0.000000 0.000000 0.000000 0.000000 0.000000 0.000000 0.000000 0.000000 0.000000 0.000000 0.000000 0.000000 0.000000 0.000000 0.000000 0.000000 0.000000 0.000000 0.000000 0.000000 0.000000 0.000000 0.000000 0.000000 0.000000 0.000000 0.000000 0.000000 
50.000000 35.372782 22.703881 13.169675 6.899649 3.270428 1.407014 0.551637 0.197956 0.065309 0.019895 0.005619 0.001477 0.000363 0.000083 0.000018 0.000004 0.000001 0.000000 0.000000 0.000000 0.000000 0.000000 0.000000 0.000000 0.000000 0.000000 0.000000 0.000000 0.000000 0.000000 0.000000 0.000000 0.000000 0.000000 0.000000 0.000000 0.000000 0.000000 0.000000 0.000000 0.000000 0.000000 0.000000 0.000000 0.000000 0.000000 0.000000 0.000000 0.000000 
50.000000 35.372782 22.703881 13.169675 6.899649 3.270428 1.407014 0.551637 0.197956 0.065309 0.019895 0.005619 0.001477 0.000363 0.000083 0.000018 0.000004 0.000001 0.000000 0.000000 0.000000 0.000000 0.000000 0.000000 0.000000 0.000000 0.000000 0.000000 0.000000 0.000000 0.000000 0.000000 0.000000 0.000000 0.000000 0.000000 0.000000 0.000000 0.000000 0.000000 0.000000 0.000000 0.000000 0.000000 0.000000 0.000000 0.000000 0.000000 0.000000 0.000000 
50.000000 35.372782 22.703881 13.169675 6.899649 3.270428 1.407014 0.551637 0.197956 0.065309 0.019895 0.005619 0.001477 0.000363 0.000083 0.000018 0.000004 0.000001 0.000000 0.000000 0.000000 0.000000 0.000000 0.000000 0.000000 0.000000 0.000000 0.000000 0.000000 0.000000 0.000000 0.000000 0.000000 0.000000 0.000000 0.000000 0.000000 0.000000 0.000000 0.000000 0.000000 0.000000 0.000000 0.000000 0.000000 0.000000 0.000000 0.000000 0.000000 0.000000 
50.000000 35.372782 22.703881 13.169675 6.899649 3.270428 1.407014 0.551637 0.197956 0.065309 0.019895 0.005619 0.001477 0.000363 0.000083 0.000018 0.000004 0.000001 0.000000 0.000000 0.000000 0.000000 0.000000 0.000000 0.000000 0.000000 0.000000 0.000000 0.000000 0.000000 0.000000 0.000000 0.000000 0.000000 0.000000 0.000000 0.000000 0.000000 0.000000 0.000000 0.000000 0.000000 0.000000 0.000000 0.000000 0.000000 0.000000 0.000000 0.000000 0.000000 
50.000000 35.372782 22.703881 13.169675 6.899649 3.270428 1.407014 0.551637 0.197956 0.065309 0.019895 0.005619 0.001477 0.000363 0.000083 0.000018 0.000004 0.000001 0.000000 0.000000 0.000000 0.000000 0.000000 0.000000 0.000000 0.000000 0.000000 0.000000 0.000000 0.000000 0.000000 0.000000 0.000000 0.000000 0.000000 0.000000 0.000000 0.000000 0.000000 0.000000 0.000000 0.000000 0.000000 0.000000 0.000000 0.000000 0.000000 0.000000 0.000000 0.000000 
50.000000 35.372782 22.703881 13.169675 6.899649 3.270428 1.407014 0.551637 0.197956 0.065309 0.019895 0.005619 0.001477 0.000363 0.000084 0.000018 0.000004 0.000001 0.000000 0.000000 0.000000 0.000000 0.000000 0.000000 0.000000 0.000000 0.000000 0.000000 0.000000 0.000000 0.000000 0.000000 0.000000 0.000000 0.000000 0.000000 0.000000 0.000000 0.000000 0.000000 0.000000 0.000000 0.000000 0.000000 0.000000 0.000000 0.000000 0.000000 0.000000 0.000000 
50.000000 35.372782 22.703882 13.169675 6.899649 3.270428 1.407014 0.551637 0.197956 0.065309 0.019895 0.005619 0.001477 0.000363 0.000084 0.000018 0.000004 0.000001 0.000000 0.000000 0.000000 0.000000 0.000000 0.000000 0.000000 0.000000 0.000000 0.000000 0.000000 0.000000 0.000000 0.000000 0.000000 0.000000 0.000000 0.000000 0.000000 0.000000 0.000000 0.000000 0.000000 0.000000 0.000000 0.000000 0.000000 0.000000 0.000000 0.000000 0.000000 0.000000 
50.000000 35.372782 22.703882 13.169675 6.899650 3.270429 1.407015 0.551638 0.197957 0.065310 0.019896 0.005620 0.001478 0.000363 0.000084 0.000019 0.000004 0.000001 0.000001 0.000001 0.000001 0.000001 0.000001 0.000001 0.000001 0.000001 0.000001 0.000001 0.000001 0.000001 0.000001 0.000001 0.000001 0.000001 0.000001 0.000001 0.000001 0.000001 0.000001 0.000001 0.000001 0.000001 0.000001 0.000001 0.000001 0.000001 0.000001 0.000000 0.000000 0.000000 
50.000000 35.372783 22.703883 13.169677 6.899653 3.270432 1.407018 0.551641 0.197960 0.065313 0.019899 0.005623 0.001481 0.000366 0.000087 0.000022 0.000007 0.000004 0.000004 0.000004 0.000004 0.000004 0.000004 0.000004 0.000004 0.000004 0.000004 0.000004 0.000004 0.000004 0.000004 0.000004 0.000004 0.000004 0.000004 0.000004 0.000004 0.000004 0.000004 0.000004 0.000004 0.000004 0.000004 0.000004 0.000003 0.000003 0.000003 0.000002 0.000001 0.000000 
50.000000 35.372787 22.703891 13.169688 6.899665 3.270445 1.407032 0.551655 0.197974 0.065327 0.019913 0.005637 0.001495 0.000381 0.000102 0.000036 0.000022 0.000019 0.000018 0.000018 0.000018 0.000018 0.000018 0.000018 0.000018 0.000018 0.000018 0.000018 0.000018 0.000018 0.000018 0.000018 0.000018 0.000018 0.000018 0.000018 0.000018 0.000018 0.000018 0.000018 0.000018 0.000018 0.000018 0.000018 0.000017 0.000016 0.000014 0.000010 0.000006 0.000000 
50.000000 35.372806 22.703927 13.169737 6.899722 3.270506 1.407095 0.551720 0.198039 0.065392 0.019979 0.005703 0.001561 0.000446 0.000167 0.000102 0.000087 0.000084 0.000084 0.000084 0.000083 0.000083 0.000083 0.000083 0.000083 0.000083 0.000083 0.000083 0.000083 0.000083 0.000083 0.000083 0.000083 0.000083 0.000083 0.000083 0.000083 0.000083 0.000083 0.000083 0.000083 0.000083 0.000083 0.000082 0.000079 0.000074 0.000064 0.000048 0.000026 0.000000 
50.000000 35.372889 22.704081 13.169944 6.899964 3.270768 1.407367 0.551996 0.198318 0.065671 0.020258 0.005982 0.001840 0.000725 0.000446 0.000381 0.000366 0.000363 0.000363 0.000363 0.000363 0.000363 0.000363 0.000363 0.000363 0.000363 0.000363 0.000363 0.000363 0.000363 0.000363 0.000363 0.000363 0.000363 0.000363 0.000363 0.000363 0.000363 0.000363 0.000363 0.000362 0.000362 0.000360 0.000355 0.000345 0.000322 0.000279 0.000210 0.000114 0.000000 
50.000000 35.373218 22.704695 13.170770 6.900928 3.271812 1.408452 0.553099 0.199428 0.066785 0.021372 0.007096 0.002954 0.001840 0.001561 0.001495 0.001481 0.001478 0.001477 0.001477 0.001477 0.001477 0.001477 0.001477 0.001477 0.001477 0.001477 0.001477 0.001477 0.001477 0.001477 0.001477 0.001477 0.001477 0.001477 0.001477 0.001477 0.001477 0.001477 0.001477 0.001476 0.001474 0.001467 0.001448 0.001404 0.001312 0.001139 0.000858 0.000465 0.000000 
50.000000 35.374440 22.706972 13.173837 6.904512 3.275692 1.412482 0.557198 0.203555 0.070922 0.025512 0.011238 0.007096 0.005982 0.005703 0.005637 0.005623 0.005620 0.005619 0.005619 0.005619 0.005619 0.005619 0.005619 0.005619 0.005619 0.005619 0.005619 0.005619 0.005619 0.005619 0.005619 0.005619 0.005619 0.005619 0.005619 0.005619 0.005619 0.005619 0.005618 0.005615 0.005607 0.005581 0.005512 0.005349 0.005001 0.004348 0.003281 0.001783 0.000000 
50.000000 35.378646 22.714812 13.184402 6.916857 3.289061 1.426371 0.571324 0.217777 0.085180 0.039783 0.025512 0.021372 0.020258 0.019979 0.019913 0.019899 0.019896 0.019895 0.019895 0.019895 0.019895 0.019895 0.019895 0.019895 0.019895 0.019895 0.019895 0.019895 0.019895 0.019895 0.019895 0.019895 0.019895 0.019895 0.019895 0.019895 0.019895 0.019894 0.019891 0.019882 0.019852 0.019764 0.019530 0.018966 0.017757 0.015469 0.011699 0.006369 0.000000 
50.000000 35.392010 22.739731 13.217985 6.956110 3.331575 1.470547 0.616256 0.263020 0.130538 0.085180 0.070922 0.066785 0.065671 0.065392 0.065327 0.065313 0.065310 0.065309 0.065309 0.065309 0.065309 0.065309 0.065309 0.065309 0.065309 0.065309 0.065309 0.065309 0.065309 0.065309 0.065309 0.065309 0.065309 0.065309 0.065309 0.065309 0.065308 0.065306 0.065298 0.065269 0.065176 0.064901 0.064163 0.062374 0.058500 0.051091 0.038754 0.021154 0.000000 
50.000000 35.431003 22.812447 13.316006 7.070705 3.455714 1.599557 0.747487 0.395163 0.263020 0.217777 0.203555 0.199428 0.198318 0.198039 0.197974 0.197960 0.197957 0.197956 0.197956 0.197956 0.197956 0.197956 0.197956 0.197956 0.197956 0.197956 0.197956 0.197956 0.197956 0.197956 0.197956 0.197956 0.197956 0.197956 0.197956 0.197956 0.197954 0.197948 0.197925 0.197844 0.197581 0.196800 0.194682 0.189493 0.178120 0.156079 0.118869 0.065122 0.000000 
50.000000 35.534865 23.006160 13.577186 7.376110 3.786614 1.943487 1.097366 0.747487 0.616256 0.571324 0.557198 0.553099 0.551996 0.551720 0.551655 0.551641 0.551638 0.551637 0.551637 0.551637 0.551637 0.551637 0.551637 0.551637 0.551637 0.551637 0.551637 0.551637 0.551637 0.551637 0.551637 0.551637 0.551637 0.551637 0.551637 0.551636 0.551632 0.551617 0.551559 0.551355 0.550687 0.548683 0.543190 0.529558 0.499218 0.439394 0.336521 0.185332 0.000000 
50.000000 35.785814 23.474270 14.208448 8.114409 4.586682 2.775158 1.943487 1.599557 1.470547 1.426371 1.412482 1.408452 1.407367 1.407095 1.407032 1.407018 1.407015 1.407014 1.407014 1.407014 1.407014 1.407014 1.407014 1.407014 1.407014 1.407014 1.407014 1.407014 1.407014 1.407014 1.407014 1.407014 1.407014 1.407014 1.407014 1.407012 1.407004 1.406970 1.406842 1.406384 1.404876 1.400297 1.387579 1.355498 1.282693 1.135839 0.876885 0.486770 0.000000 
50.000000 36.332012 24.493257 15.582828 9.722121 6.329172 4.586682 3.786614 3.455714 3.331575 3.289061 3.275692 3.271812 3.270768 3.270506 3.270445 3.270432 3.270429 3.270428 3.270428 3.270428 3.270428 3.270428 3.270428 3.270428 3.270428 3.270428 3.270428 3.270428 3.270428 3.270428 3.270428 3.270428 3.270428 3.270428 3.270427 3.270424 3.270408 3.270343 3.270094 3.269200 3.266220 3.257056 3.231183 3.164586 3.009629 2.687503 2.099287 1.180115 0.000000 
50.000000 37.394954 26.476504 18.258191 12.852197 9.722121 8.114409 7.376110 7.070705 6.956110 6.916857 6.904512 6.900928 6.899964 6.899722 6.899665 6.899653 6.899650 6.899649 6.899649 6.899649 6.899649 6.899649 6.899649 6.899649 6.899649 6.899649 6.899649 6.899649 6.899649 6.899649 6.899649 6.899649 6.899649 6.899649 6.899648 6.899642 6.899617 6.899511 6.899100 6.897610 6.892585 6.876893 6.831717 6.712492 6.426099 5.806240 4.616905 2.651145 0.000000 
50.000000 39.230094 29.900859 22.878199 18.258191 15.582828 14.208448 13.577186 13.316006 13.217985 13.184402 13.173837 13.170770 13.169944 13.169737 13.169688 13.169677 13.169675 13.169675 13.169675 13.169675 13.169675 13.169675 13.169675 13.169675 13.169675 13.169675 13.169675 13.169675 13.169675 13.169675 13.169675 13.169675 13.169674 13.169674 13.169673 13.169665 13.169631 13.169489 13.168933 13.166894 13.159927 13.137793 13.072609 12.895325 12.451951 11.439100 9.352056 5.579760 0.000000 
50.000000 42.019091 35.105507 29.900859 26.476504 24.493257 23.474270 23.006160 22.812447 22.739731 22.714812 22.706972 22.704695 22.704081 22.703927 22.703891 22.703883 22.703882 22.703882 22.703881 22.703881 22.703881 22.703881 22.703881 22.703881 22.703881 22.703881 22.703881 22.703881 22.703881 22.703881 22.703881 22.703881 22.703881 22.703881 22.703879 22.703872 22.703837 22.703691 22.703113 22.700977 22.693577 22.669639 22.597385 22.393970 21.859599 20.548803 17.552753 11.269694 0.000000 
50.000000 45.723650 42.019091 39.230094 37.394954 36.332012 35.785814 35.534865 35.431003 35.392010 35.378646 35.374440 35.373218 35.372889 35.372806 35.372787 35.372783 35.372782 35.372782 35.372782 35.372782 35.372782 35.372782 35.372782 35.372782 35.372782 35.372782 35.372782 35.372782 35.372782 35.372782 35.372782 35.372782 35.372782 35.372781 35.372780 35.372775 35.372753 35.372657 35.372276 35.370856 35.365882 35.349534 35.299043 35.151897 34.743809 33.650334 30.749397 22.861825 0.000000 
50.000000 50.000000 50.000000 50.000000 50.000000 50.000000 50.000000 50.000000 50.000000 50.000000 50.000000 50.000000 50.000000 50.000000 50.000000 50.000000 50.000000 50.000000 50.000000 50.000000 50.000000 50.000000 50.000000 50.000000 50.000000 50.000000 50.000000 50.000000 50.000000 50.000000 50.000000 50.000000 50.000000 50.000000 50.000000 50.000000 50.000000 50.000000 50.000000 50.000000 50.000000 50.000000 50.000000 50.000000 50.000000 50.000000 50.000000 50.000000 50.000000 50.000000 
