50.000000 50.000000 50.000000 50.000000 50.000000 50.000000 50.000000 50.000000 50.000000 50.000000 50.000000 50.000000 50.000000 50.000000 50.000000 50.000000 50.000000 50.000000 50.000000 50.000000 50.000000 50.000000 50.000000 50.000000 50.000000 50.000000 50.000000 50.000000 50.000000 50.000000 50.000000 50.000000 50.000000 50.000000 50.000000 50.000000 50.000000 50.000000 50.000000 50.000000 50.000000 50.000000 50.000000 50.000000 50.000000 50.000000 50.000000 50.000000 50.000000 50.000000 
50.000000 45.581490 41.773267 38.934308 37.092252 36.043803 35.515917 35.278833 35.183098 35.148086 35.136412 35.132842 35.131835 35.131572 35.131508 35.131493 35.131490 35.131490 35.131489 35.131489 35.131489 35.131489 35.131489 35.131489 35.131489 35.131489 35.131489 35.131489 35.131489 35.131489 35.131489 35.131489 35.131489 35.131489 35.131489 35.131488 35.131485 35.131467 35.131389 35.131073 35.129858 35.125492 35.110782 35.064295 34.925954 34.535159 33.471784 30.616886 22.790745 0.000000 
50.000000 41.773267 34.683037 29.397720 25.968639 24.017107 23.034647 22.593465 22.415343 22.350211 22.328497 22.321858 22.319986 22.319497 22.319378 22.319351 22.319345 22.319344 22.319344 22.319344 22.319344 22.319344 22.319344 22.319344 22.319344 22.319344 22.319344 22.319344 22.319344 22.319344 22.319344 22.319344 22.319344 22.319343 22.319343 22.319342 22.319336 22.319309 22.319192 22.318716 22.316907 22.310474 22.289142 22.223258 22.033860 21.527034 20.264195 17.341518 11.156381 0.000000 
50.000000 38.934308 29.397720 22.289381 17.678072 15.054101 13.733339 13.140352 12.900988 12.813482 12.784317 12.775401 12.772887 12.772231 12.772071 12.772035 12.772027 12.772026 12.772025 12.772025 12.772025 12.772025 12.772025 12.772025 12.772025 12.772025 12.772025 12.772025 12.772025 12.772025 12.772025 12.772025 12.772025 12.772025 12.772025 12.772024 12.772018 12.771992 12.771880 12.771428 12.769726 12.763755 12.744307 12.685697 12.522885 12.107969 11.144691 9.133525 5.462524 0.000000 
50.000000 37.092252 25.968639 17.678072 12.300475 9.240923 7.701181 7.010012 6.731076 6.629126 6.595154 6.584771 6.581845 6.581081 6.580895 6.580853 6.580844 6.580842 6.580842 6.580842 6.580842 6.580842 6.580842 6.580842 6.580842 6.580842 6.580842 6.580842 6.580842 6.580842 6.580842 6.580842 6.580842 6.580842 6.580842 6.580841 6.580837 6.580817 6.580735 6.580408 6.579186 6.574955 6.561408 6.521487 6.413843 6.150237 5.570102 4.441604 2.557093 0.000000 
50.000000 36.043803 24.017107 15.054101 9.240923 5.933967 4.269963 3.523136 3.221791 3.111672 3.074985 3.063775 3.060616 3.059791 3.059591 3.059546 3.059536 3.059534 3.059534 3.059533 3.059533 3.059533 3.059533 3.059533 3.059533 3.059533 3.059533 3.059533 3.059533 3.059533 3.059533 3.059533 3.059533 3.059533 3.059533 3.059533 3.059530 3.059519 3.059470 3.059275 3.058557 3.056100 3.048348 3.025939 2.966984 2.827080 2.531216 1.983247 1.117850 0.000000 
50.000000 35.515917 23.034647 13.733339 7.701181 4.269963 2.543612 1.768893 1.456333 1.342131 1.304089 1.292466 1.289192 1.288337 1.288129 1.288082 1.288072 1.288070 1.288070 1.288070 1.288070 1.288070 1.288070 1.288070 1.288070 1.288070 1.288070 1.288070 1.288070 1.288070 1.288070 1.288070 1.288070 1.288070 1.288069 1.288069 1.288068 1.288062 1.288037 1.287939 1.287580 1.286364 1.282578 1.271806 1.244024 1.179694 1.047642 0.811389 0.451622 0.000000 
50.000000 35.278833 22.593465 13.140352 7.010012 3.523136 1.768893 0.981713 0.664149 0.548128 0.509483 0.497678 0.494352 0.493484 0.493273 0.493225 0.493215 0.493213 0.493212 0.493212 0.493212 0.493212 0.493212 0.493212 0.493212 0.493212 0.493212 0.493212 0.493212 0.493212 0.493212 0.493212 0.493212 0.493212 0.493212 0.493212 0.493212 0.493209 0.493198 0.493155 0.492999 0.492474 0.490857 0.486315 0.474788 0.448604 0.396045 0.304324 0.168051 0.000000 
50.000000 35.183098 22.415343 12.900988 6.731076 3.221791 1.456333 0.664149 0.344580 0.227830 0.188945 0.177066 0.173720 0.172847 0.172635 0.172586 0.172576 0.172574 0.172574 0.172574 0.172574 0.172574 0.172574 0.172574 0.172574 0.172574 0.172574 0.172574 0.172574 0.172574 0.172574 0.172574 0.172574 0.172574 0.172574 0.172574 0.172573 0.172572 0.172568 0.172551 0.172491 0.172290 0.171675 0.169969 0.165692 0.156121 0.137233 0.104869 0.057606 0.000000 
50.000000 35.148086 22.350211 12.813482 6.629126 3.111672 1.342131 0.548128 0.227830 0.110817 0.071845 0.059940 0.056586 0.055711 0.055498 0.055450 0.055440 0.055438 0.055437 0.055437 0.055437 0.055437 0.055437 0.055437 0.055437 0.055437 0.055437 0.055437 0.055437 0.055437 0.055437 0.055437 0.055437 0.055437 0.055437 0.055437 0.055437 0.055437 0.055435 0.055429 0.055409 0.055339 0.055129 0.054550 0.053115 0.049940 0.043756 0.033304 0.018228 0.000000 
50.000000 35.136412 22.328497 12.784317 6.595154 3.074985 1.304089 0.509483 0.188945 0.071845 0.032844 0.020930 0.017574 0.016698 0.016485 0.016437 0.016427 0.016425 0.016424 0.016424 0.016424 0.016424 0.016424 0.016424 0.016424 0.016424 0.016424 0.016424 0.016424 0.016424 0.016424 0.016424 0.016424 0.016424 0.016424 0.016424 0.016424 0.016424 0.016424 0.016422 0.016415 0.016394 0.016328 0.016150 0.015710 0.014746 0.012889 0.009781 0.005339 0.000000 
50.000000 35.132842 22.321858 12.775401 6.584771 3.063775 1.292466 0.497678 0.177066 0.059940 0.020930 0.009014 0.005657 0.004781 0.004568 0.004520 0.004510 0.004508 0.004507 0.004507 0.004507 0.004507 0.004507 0.004507 0.004507 0.004507 0.004507 0.004507 0.004507 0.004507 0.004507 0.004507 0.004507 0.004507 0.004507 0.004507 0.004507 0.004507 0.004507 0.004506 0.004505 0.004498 0.004480 0.004429 0.004305 0.004036 0.003521 0.002666 0.001453 0.000000 
50.000000 35.131835 22.319986 12.772887 6.581845 3.060616 1.289192 0.494352 0.173720 0.056586 0.017574 0.005657 0.002300 0.001424 0.001211 0.001163 0.001153 0.001151 0.001150 0.001150 0.001150 0.001150 0.001150 0.001150 0.001150 0.001150 0.001150 0.001150 0.001150 0.001150 0.001150 0.001150 0.001150 0.001150 0.001150 0.001150 0.001150 0.001150 0.001150 0.001150 0.001150 0.001148 0.001143 0.001130 0.001098 0.001028 0.000895 0.000677 0.000368 0.000000 
50.000000 35.131572 22.319497 12.772231 6.581081 3.059791 1.288337 0.493484 0.172847 0.055711 0.016698 0.004781 0.001424 0.000548 0.000335 0.000287 0.000277 0.000274 0.000274 0.000274 0.000274 0.000274 0.000274 0.000274 0.000274 0.000274 0.000274 0.000274 0.000274 0.000274 0.000274 0.000274 0.000274 0.000274 0.000274 0.000274 0.000274 0.000274 0.000274 0.000274 0.000274 0.000273 0.000272 0.000269 0.000261 0.000244 0.000213 0.000161 0.000087 0.000000 
50.000000 35.131508 22.319378 12.772071 6.580895 3.059591 1.288129 0.493273 0.172635 0.055498 0.016485 0.004568 0.001211 0.000335 0.000122 0.000074 0.000064 0.000062 0.000061 0.000061 0.000061 0.000061 0.000061 0.000061 0.000061 0.000061 0.000061 0.000061 0.000061 0.000061 0.000061 0.000061 0.000061 0.000061 0.000061 0.000061 0.000061 0.000061 0.000061 0.000061 0.000061 0.000061 0.000061 0.000060 0.000058 0.000054 0.000047 0.000036 0.000019 0.000000 
50.000000 35.131493 22.319351 12.772035 6.580853 3.059546 1.288082 0.493225 0.172586 0.055450 0.016437 0.004520 0.001163 0.000287 0.000074 0.000026 0.000015 0.000013 0.000013 0.000013 0.000013 0.000013 0.000013 0.000013 0.000013 0.000013 0.000013 0.000013 0.000013 0.000013 0.000013 0.000013 0.000013 0.000013 0.000013 0.000013 0.000013 0.000013 0.000013 0.000013 0.000013 0.000013 0.000013 0.000013 0.000012 0.000011 0.000010 0.000007 0.000004 0.000000 
50.000000 35.131490 22.319345 12.772027 6.580844 3.059536 1.288072 0.493215 0.172576 0.055440 0.016427 0.004510 0.001153 0.000277 0.000064 0.000015 0.000005 0.000003 0.000003 0.000003 0.000003 0.000003 0.000003 0.000003 0.000003 0.000003 0.000003 0.000003 0.000003 0.000003 0.000003 0.000003 0.000003 0.000003 0.000003 0.000003 0.000003 0.000003 0.000003 0.000003 0.000003 0.000003 0.000003 0.000002 0.000002 0.000002 0.000002 0.000001 0.000001 0.000000 
50.000000 35.131490 22.319344 12.772026 6.580842 3.059534 1.288070 0.493213 0.172574 0.055438 0.016425 0.004508 0.001151 0.000274 0.000062 0.000013 0.000003 0.000001 0.000001 0.000000 0.000000 0.000000 0.000000 0.000000 0.000000 0.000000 0.000000 0.000000 0.000000 0.000000 0.000000 0.000000 0.000000 0.000000 0.000000 0.000000 0.000000 0.000000 0.000000 0.000000 0.000000 0.000000 0.000000 0.000000 0.000000 0.000000 0.000000 0.000000 0.000000 0.000000 
50.000000 35.131489 22.319344 12.772025 6.580842 3.059534 1.288070 0.493212 0.172574 0.055437 0.016424 0.004507 0.001150 0.000274 0.000061 0.000013 0.000003 0.000001 0.000000 0.000000 0.000000 0.000000 0.000000 0.000000 0.000000 0.000000 0.000000 0.000000 0.000000 0.000000 0.000000 0.000000 0.000000 0.000000 0.000000 0.000000 0.000000 0.000000 0.000000 0.000000 0.000000 0.000000 0.000000 0.000000 0.000000 0.000000 0.000000 0.000000 0.000000 0.000000 
50.000000 35.131489 22.319344 12.772025 6.580842 3.059533 1.288070 0.493212 0.172574 0.055437 0.016424 0.004507 0.001150 0.000274 0.000061 0.000013 0.000003 0.000000 0.000000 0.000000 0.000000 0.000000 0.000000 0.000000 0.000000 0.000000 0.000000 0.000000 0.000000 0.000000 0.000000 0.000000 0.000000 0.000000 0.000000 0.000000 0.000000 0.000000 0.000000 0.000000 0.000000 0.000000 0.000000 0.000000 0.000000 0.000000 0.000000 0.000000 0.000000 0.000000 
50.000000 35.131489 22.319344 12.772025 6.580842 3.059533 1.288070 0.493212 0.172574 0.055437 0.016424 0.004507 0.001150 0.000274 0.000061 0.000013 0.000003 0.000000 0.000000 0.000000 0.000000 0.000000 0.000000 0.000000 0.000000 0.000000 0.000000 0.000000 0.000000 0.000000 0.000000 0.000000 0.000000 0.000000 0.000000 0.000000 0.000000 0.000000 0.000000 0.000000 0.000000 0.000000 0.000000 0.000000 0.000000 0.000000 0.000000 0.000000 0.000000 0.000000 
50.000000 35.131489 22.319344 12.772025 6.580842 3.059533 1.288070 0.493212 0.172574 0.055437 0.016424 0.004507 0.001150 0.000274 0.000061 0.000013 0.000003 0.000000 0.000000 0.000000 0.000000 0.000000 0.000000 0.000000 0.000000 0.000000 0.000000 0.000000 0.000000 0.000000 0.000000 0.000000 0.000000 0.000000 0.000000 0.000000 0.000000 0.000000 0.000000 0.000000 0.000000 0.000000 0.000000 0.000000 0.000000 0.000000 0.000000 0.000000 0.000000 0.000000 
50.000000 35.131489 22.319344 12.772025 6.580842 3.059533 1.288070 0.493212 0.172574 0.055437 0.016424 0.004507 0.001150 0.000274 0.000061 0.000013 0.000003 0.000000 0.000000 0.000000 0.000000 0.000000 0.000000 0.000000 0.000000 0.000000 0.000000 0.000000 0.000000 0.000000 0.000000 0.000000 0.000000 0.000000 0.000000 0.000000 0.000000 0.000000 0.000000 0.000000 0.000000 0.000000 0.000000 0.000000 0.000000 0.000000 0.000000 0.000000 0.000000 0.000000 
50.000000 35.131489 22.319344 12.772025 6.580842 3.059533 1.288070 0.493212 0.172574 0.055437 0.016424 0.004507 0.001150 0.000274 0.000061 0.000013 0.000003 0.000000 0.000000 0.000000 0.000000 0.000000 0.000000 0.000000 0.000000 0.000000 0.000000 0.000000 0.000000 0.000000 0.000000 0.000000 0.000000 0.000000 0.000000 0.000000 0.000000 0.000000 0.000000 0.000000 0.000000 0.000000 0.000000 0.000000 0.000000 0.000000 0.000000 0.000000 0.000000 0.000000 
50.000000 35.131489 22.319344 12.772025 6.580842 3.059533 1.288070 0.493212 0.172574 0.055437 0.016424 0.004507 0.001150 0.000274 0.000061 0.000013 0.000003 0.000000 0.000000 0.000000 0.000000 0.000000 0.000000 0.000000 0.000000 0.000000 0.000000 0.000000 0.000000 0.000000 0.000000 0.000000 0.000000 0.000000 0.000000 0.000000 0.000000 0.000000 0.000000 0.000000 0.000000 0.000000 0.000000 0.000000 0.000000 0.000000 0.000000 0.000000 0.000000 0.000000 
50.000000 35.131489 22.319344 12.772025 6.580842 3.059533 1.288070 0.493212 0.172574 0.055437 0.016424 0.004507 0.001150 0.000274 0.000061 0.000013 0.000003 0.000000 0.000000 0.000000 0.000000 0.000000 0.000000 0.000000 0.000000 0.000000 0.000000 0.000000 0.000000 0.000000 0.000000 0.000000 0.000000 0.000000 0.000000 0.000000 0.000000 0.000000 0.000000 0.000000 0.000000 0.000000 0.000000 0.000000 0.000000 0.000000 0.000000 0.000000 0.000000 0.000000 
50.000000 35.131489 22.319344 12.772025 6.580842 3.059533 1.288070 0.493212 0.172574 0.055437 0.016424 0.004507 0.001150 0.000274 0.000061 0.000013 0.000003 0.000000 0.000000 0.000000 0.000000 0.000000 0.000000 0.000000 0.000000 0.000000 0.000000 0.000000 0.000000 0.000000 0.000000 0.000000 0.000000 0.000000 0.000000 0.000000 0.000000 0.000000 0.000000 0.000000 0.000000 0.000000 0.000000 0.000000 0.000000 0.000000 0.000000 0.000000 0.000000 0.000000 
50.000000 35.131489 22.319344 12.772025 6.580842 3.059533 1.288070 0.493212 0.172574 0.055437 0.016424 0.004507 0.001150 0.000274 0.000061 0.000013 0.000003 0.000000 0.000000 0.000000 0.000000 0.000000 0.000000 0.000000 0.000000 0.000000 0.000000 0.000000 0.000000 0.000000 0.000000 0.000000 0.000000 0.000000 0.000000 0.000000 0.000000 0.000000 0.000000 0.000000 0.000000 0.000000 0.000000 0.000000 0.000000 0.000000 0.000000 0.000000 0.000000 0.000000 
50.000000 35.131489 22.319344 12.772025 6.580842 3.059533 1.288070 0.493212 0.172574 0.055437 0.016424 0.004507 0.001150 0.000274 0.000061 0.000013 0.000003 0.000000 0.000000 0.000000 0.000000 0.000000 0.000000 0.000000 0.000000 0.000000 0.000000 0.000000 0.000000 0.000000 0.000000 0.000000 0.000000 0.000000 0.000000 0.000000 0.000000 0.000000 0.000000 0.000000 0.000000 0.000000 0.000000 0.000000 0.000000 0.000000 0.000000 0.000000 0.000000 0.000000 
50.000000 35.131489 22.319344 12.772025 6.580842 3.059533 1.288070 0.493212 0.172574 0.055437 0.016424 0.004507 0.001150 0.000274 0.000061 0.000013 0.000003 0.000000 0.000000 0.000000 0.000000 0.000000 0.000000 0.000000 0.000000 0.000000 0.000000 0.000000 0.000000 0.000000 0.000000 0.000000 0.000000 0.000000 0.000000 0.000000 0.000000 0.000000 0.000000 0.000000 0.000000 0.000000 0.000000 0.000000 0.000000 0.000000 0.000000 0.000000 0.000000 0.000000 
50.000000 35.131489 22.319344 12.772025 6.580842 3.059533 1.288070 0.493212 0.172574 0.055437 0.016424 0.004507 0.001150 0.000274 0.000061 0.000013 0.000003 0.000000 0.000000 0.000000 0.000000 0.000000 0.000000 0.000000 0.000000 0.000000 0.000000 0.000000 0.000000 0.000000 0.000000 0.000000 0.000000 0.000000 0.000000 0.000000 0.000000 0.000000 0.000000 0.000000 0.000000 0.000000 0.000000 0.000000 0.000000 0.000000 0.000000 0.000000 0.000000 0.000000 
50.000000 35.131489 22.319344 12.772025 6.580842 3.059534 1.288070 0.493212 0.172574 0.055437 0.016424 0.004507 0.001150 0.000274 0.000061 0.000013 0.000003 0.000001 0.000000 0.000000 0.000000 0.000000 0.000000 0.000000 0.000000 0.000000 0.000000 0.000000 0.000000 0.000000 0.000000 0.000000 0.000000 0.000000 0.000000 0.000000 0.000000 0.000000 0.000000 0.000000 0.000000 0.000000 0.000000 0.000000 0.000000 0.000000 0.000000 0.000000 0.000000 0.000000 
50.000000 35.131490 22.319344 12.772026 6.580842 3.059534 1.288070 0.493213 0.172574 0.055438 0.016425 0.004508 0.001151 0.000274 0.000062 0.000013 0.000003 0.000001 0.000001 0.000000 0.000000 0.000000 0.000000 0.000000 0.000000 0.000000 0.000000 0.000000 0.000000 0.000000 0.000000 0.000000 0.000000 0.000000 0.000000 0.000000 0.000000 0.000000 0.000000 0.000000 0.000000 0.000000 0.000000 0.000000 0.000000 0.000000 0.000000 0.000000 0.000000 0.000000 
50.000000 35.131490 22.319345 12.772027 6.580844 3.059536 1.288072 0.493215 0.172576 0.055440 0.016427 0.004510 0.001153 0.000277 0.000064 0.000015 0.000005 0.000003 0.000003 0.000003 0.000003 0.000003 0.000003 0.000003 0.000003 0.000003 0.000003 0.000003 0.000003 0.000003 0.000003 0.000003 0.000003 0.000003 0.000003 0.000003 0.000003 0.000003 0.000003 0.000003 0.000003 0.000003 0.000003 0.000002 0.000002 0.000002 0.000002 0.000001 0.000001 0.000000 
50.000000 35.131493 22.319351 12.772035 6.580853 3.059546 1.288082 0.493225 0.172586 0.055450 0.016437 0.004520 0.001163 0.000287 0.000074 0.000026 0.000015 0.000013 0.000013 0.000013 0.000013 0.000013 0.000013 0.000013 0.000013 0.000013 0.000013 0.000013 0.000013 0.000013 0.000013 0.000013 0.000013 0.000013 0.000013 0.000013 0.000013 0.000013 0.000013 0.000013 0.000013 0.000013 0.000013 0.000013 0.000012 0.000011 0.000010 0.000007 0.000004 0.000000 
50.000000 35.131508 22.319378 12.772071 6.580895 3.059591 1.288129 0.493273 0.172635 0.055498 0.016485 0.004568 0.001211 0.000335 0.000122 0.000074 0.000064 0.000062 0.000061 0.000061 0.000061 0.000061 0.000061 0.000061 0.000061 0.000061 0.000061 0.000061 0.000061 0.000061 0.000061 0.000061 0.000061 0.000061 0.000061 0.000061 0.000061 0.000061 0.000061 0.000061 0.000061 0.000061 0.000061 0.000060 0.000058 0.000054 0.000047 0.000036 0.000019 0.000000 
50.000000 35.131572 22.319497 12.772231 6.581081 3.059791 1.288337 0.493484 0.172847 0.055711 0.016698 0.004781 0.001424 0.000548 0.000335 0.000287 0.000277 0.000274 0.000274 0.000274 0.000274 0.000274 0.000274 0.000274 0.000274 0.000274 0.000274 0.000274 0.000274 0.000274 0.000274 0.000274 0.000274 0.000274 0.000274 0.000274 0.000274 0.000274 0.000274 0.000274 0.000274 0.000273 0.000272 0.000269 0.000261 0.000244 0.000213 0.000161 0.000087 0.000000 
50.000000 35.131835 22.319986 12.772887 6.581845 3.060616 1.289192 0.494352 0.173720 0.056586 0.017574 0.005657 0.002300 0.001424 0.001211 0.001163 0.001153 0.001151 0.001150 0.001150 0.001150 0.001150 0.001150 0.001150 0.001150 0.001150 0.001150 0.001150 0.001150 0.001150 0.001150 0.001150 0.001150 0.001150 0.001150 0.001150 0.001150 0.001150 0.001150 0.001150 0.001150 0.001148 0.001143 0.001130 0.001098 0.001028 0.000895 0.000677 0.000368 0.000000 
50.000000 35.132842 22.321858 12.775401 6.584771 3.063775 1.292466 0.497678 0.177066 0.059940 0.020930 0.009014 0.005657 0.004781 0.004568 0.004520 0.004510 0.004508 0.004507 0.004507 0.004507 0.004507 0.004507 0.004507 0.004507 0.004507 0.004507 0.004507 0.004507 0.004507 0.004507 0.004507 0.004507 0.004507 0.004507 0.004507 0.004507 0.004507 0.004507 0.004506 0.004505 0.004498 0.004480 0.004429 0.004305 0.004036 0.003521 0.002666 0.001453 0.000000 
50.000000 35.136412 22.328497 12.784317 6.595154 3.074985 1.304089 0.509483 0.188945 0.071845 0.032844 0.020930 0.017574 0.016698 0.016485 0.016437 0.016427 0.016425 0.016424 0.016424 0.016424 0.016424 0.016424 0.016424 0.016424 0.016424 0.016424 0.016424 0.016424 0.016424 0.016424 0.016424 0.016424 0.016424 0.016424 0.016424 0.016424 0.016424 0.016424 0.016422 0.016415 0.016394 0.016328 0.016150 0.015710 0.014746 0.012889 0.009781 0.005339 0.000000 
50.000000 35.148086 22.350211 12.813482 6.629126 3.111672 1.342131 0.548128 0.227830 0.110817 0.071845 0.059940 0.056586 0.055711 0.055498 0.055450 0.055440 0.055438 0.055437 0.055437 0.055437 0.055437 0.055437 0.055437 0.055437 0.055437 0.055437 0.055437 0.055437 0.055437 0.055437 0.055437 0.055437 0.055437 0.055437 0.055437 0.055437 0.055437 0.055435 0.055429 0.055409 0.055339 0.055129 0.054550 0.053115 0.049940 0.043756 0.033304 0.018228 0.000000 
50.000000 35.183098 22.415343 12.900988 6.731076 3.221791 1.456333 0.664149 0.344580 0.227830 0.188945 0.177066 0.173720 0.172847 0.172635 0.172586 0.172576 0.172574 0.172574 0.172574 0.172574 0.172574 0.172574 0.172574 0.172574 0.172574 0.172574 0.172574 0.172574 0.172574 0.172574 0.172574 0.172574 0.172574 0.172574 0.172574 0.172573 0.172572 0.172568 0.172551 0.172491 0.172290 0.171675 0.169969 0.165692 0.156121 0.137233 0.104869 0.057606 0.000000 
50.000000 35.278833 22.593465 13.140352 7.010012 3.523136 1.768893 0.981713 0.664149 0.548128 0.509483 0.497678 0.494352 0.493484 0.493273 0.493225 0.493215 0.493213 0.493212 0.493212 0.493212 0.493212 0.493212 0.493212 0.493212 0.493212 0.493212 0.493212 0.493212 0.493212 0.493212 0.493212 0.493212 0.493212 0.493212 0.493212 0.493212 0.493209 0.493198 0.493155 0.492999 0.492474 0.490857 0.486315 0.474788 0.448604 0.396045 0.304324 0.168051 0.000000 
50.000000 35.515917 23.034647 13.733339 7.701181 4.269963 2.543612 1.768893 1.456333 1.342131 1.304089 1.292466 1.289192 1.288337 1.288129 1.288082 1.288072 1.288070 1.288070 1.288070 1.288070 1.288070 1.288070 1.288070 1.288070 1.288070 1.288070 1.288070 1.288070 1.288070 1.288070 1.288070 1.288070 1.288070 1.288069 1.288069 1.288068 1.288062 1.288037 1.287939 1.287580 1.286364 1.282578 1.271806 1.244024 1.179694 1.047642 0.811389 0.451622 0.000000 
50.000000 36.043803 24.017107 15.054101 9.240923 5.933967 4.269963 3.523136 3.221791 3.111672 3.074985 3.063775 3.060616 3.059791 3.059591 3.059546 3.059536 3.059534 3.059534 3.059533 3.059533 3.059533 3.059533 3.059533 3.059533 3.059533 3.059533 3.059533 3.059533 3.059533 3.059533 3.059533 3.059533 3.059533 3.059533 3.059533 3.059530 3.059519 3.059470 3.059275 3.058557 3.056100 3.048348 3.025939 2.966984 2.827080 2.531216 1.983247 1.117850 0.000000 
50.000000 37.092252 25.968639 17.678072 12.300475 9.240923 7.701181 7.010012 6.731076 6.629126 6.595154 6.584771 6.581845 6.581081 6.580895 6.580853 6.580844 6.580842 6.580842 6.580842 6.580842 6.580842 6.580842 6.580842 6.580842 6.580842 6.580842 6.580842 6.580842 6.580842 6.580842 6.580842 6.580842 6.580842 6.580842 6.580841 6.580837 6.580817 6.580735 6.580408 6.579186 6.574955 6.561408 6.521487 6.413843 6.150237 5.570102 4.441604 2.557093 0.000000 
50.000000 38.934308 29.397720 22.289381 17.678072 15.054101 13.733339 13.140352 12.900988 12.813482 12.784317 12.775401 12.772887 12.772231 12.772071 12.772035 12.772027 12.772026 12.772025 12.772025 12.772025 12.772025 12.772025 12.772025 12.772025 12.772025 12.772025 12.772025 12.772025 12.772025 12.772025 12.772025 12.772025 12.772025 12.772025 12.772024 12.772018 12.771992 12.771880 12.771428 12.769726 12.763755 12.744307 12.685697 12.522885 12.107969 11.144691 9.133525 5.462524 0.000000 
50.000000 41.773267 34.683037 29.397720 25.968639 24.017107 23.034647 22.593465 22.415343 22.350211 22.328497 22.321858 22.319986 22.319497 22.319378 22.319351 22.319345 22.319344 22.319344 22.319344 22.319344 22.319344 22.319344 22.319344 22.319344 22.319344 22.319344 22.319344 22.319344 22.319344 22.319344 22.319344 22.319344 22.319343 22.319343 22.319342 22.319336 22.319309 22.319192 22.318716 22.316907 22.310474 22.289142 22.223258 22.033860 21.527034 20.264195 17.341518 11.156381 0.000000 
50.000000 45.581490 41.773267 38.934308 37.092252 36.043803 35.515917 35.278833 35.183098 35.148086 35.136412 35.132842 35.131835 35.131572 35.131508 35.131493 35.131490 35.131490 35.131489 35.131489 35.131489 35.131489 35.131489 35.131489 35.131489 35.131489 35.131489 35.131489 35.131489 35.131489 35.131489 35.131489 35.131489 35.131489 35.131489 35.131488 35.131485 35.131467 35.131389 35.131073 35.129858 35.125492 35.110782 35.064295 34.925954 34.535159 33.471784 30.616886 22.790745 0.000000 
50.000000 50.000000 50.000000 50.000000 50.000000 50.000000 50.000000 50.000000 50.000000 50.000000 50.000000 50.000000 50.000000 50.000000 50.000000 50.000000 50.000000 50.000000 50.000000 50.000000 50.000000 50.000000 50.000000 50.000000 50.000000 50.000000 50.000000 50.000000 50.000000 50.000000 50.000000 50.000000 50.000000 50.000000 50.000000 50.000000 50.000000 50.000000 50.000000 50.000000 50.000000 50.000000 50.000000 50.000000 50.000000 50.000000 50.000000 50.000000 50.000000 50.000000 
