50.000000 50.000000 50.000000 50.000000 50.000000 50.000000 50.000000 50.000000 50.000000 50.000000 50.000000 50.000000 50.000000 50.000000 50.000000 50.000000 50.000000 50.000000 50.000000 50.000000 50.000000 50.000000 50.000000 50.000000 50.000000 50.000000 50.000000 50.000000 50.000000 50.000000 50.000000 50.000000 50.000000 50.000000 50.000000 50.000000 50.000000 50.000000 50.000000 50.000000 50.000000 50.000000 50.000000 50.000000 50.000000 50.000000 50.000000 50.000000 50.000000 50.000000 
50.000000 47.520449 45.233629 43.287440 41.757452 40.644730 39.894689 39.425118 39.151442 39.002596 38.926865 38.890732 38.874526 38.867677 38.864943 38.863911 38.863541 38.863415 38.863374 38.863362 38.863358 38.863357 38.863357 38.863356 38.863356 38.863356 38.863356 38.863356 38.863356 38.863356 38.863356 38.863356 38.863353 38.863346 38.863320 38.863242 38.863008 38.862338 38.860506 38.855710 38.843683 38.814737 38.747675 38.597304 38.268176 37.555419 35.996535 32.451284 23.760224 0.000000 
50.000000 45.233629 40.837763 37.096716 34.155754 32.016907 30.575232 29.672680 29.146671 28.860596 28.715051 28.645611 28.614467 28.601306 28.596053 28.594069 28.593359 28.593117 28.593038 28.593014 28.593007 28.593005 28.593004 28.593004 28.593004 28.593004 28.593004 28.593004 28.593004 28.593004 28.593004 28.593003 28.592999 28.592985 28.592942 28.592806 28.592403 28.591253 28.588123 28.579973 28.559689 28.511378 28.401103 28.159217 27.647427 26.597816 24.501274 20.418881 12.782345 0.000000 
50.000000 43.287440 37.096716 31.828259 27.686644 24.674698 22.644590 21.373707 20.633068 20.230287 20.025377 19.927620 19.883779 19.865253 19.857860 19.855068 19.854068 19.853727 19.853617 19.853583 19.853573 19.853570 19.853569 19.853569 19.853569 19.853569 19.853569 19.853569 19.853569 19.853569 19.853568 19.853567 19.853562 19.853547 19.853495 19.853336 19.852862 19.851520 19.847889 19.838511 19.815411 19.761153 19.639608 19.379851 18.850111 17.819733 15.914129 12.595442 7.290904 0.000000 
50.000000 41.757452 34.155754 27.686644 22.601318 18.903199 16.410706 14.850442 13.941210 13.446774 13.195254 13.075268 13.021463 12.998728 12.989656 12.986231 12.985004 12.984586 12.984451 12.984409 12.984396 12.984393 12.984392 12.984392 12.984392 12.984392 12.984392 12.984392 12.984392 12.984392 12.984391 12.984390 12.984385 12.984370 12.984321 12.984168 12.983718 12.982450 12.979041 12.970320 12.949088 12.899960 12.792032 12.567226 12.124144 11.300659 9.866911 7.557938 4.202033 0.000000 
50.000000 40.644730 32.016907 24.674698 18.903199 14.706242 11.877666 10.107112 9.075397 8.514392 8.229028 8.092908 8.031872 8.006085 7.995796 7.991911 7.990519 7.990046 7.989892 7.989845 7.989831 7.989827 7.989826 7.989826 7.989826 7.989826 7.989826 7.989826 7.989826 7.989826 7.989825 7.989824 7.989820 7.989808 7.989767 7.989642 7.989274 7.988244 7.985498 7.978538 7.961792 7.923610 7.841268 7.673721 7.353121 6.779055 5.824587 4.369481 2.376554 0.000000 
50.000000 39.894689 30.575232 22.644590 16.410706 11.877666 8.822713 6.910550 5.796381 5.190578 4.882447 4.735477 4.669581 4.641742 4.630636 4.626442 4.624940 4.624429 4.624264 4.624213 4.624198 4.624193 4.624192 4.624192 4.624192 4.624192 4.624192 4.624192 4.624192 4.624192 4.624192 4.624191 4.624188 4.624179 4.624149 4.624058 4.623792 4.623053 4.621097 4.616186 4.604500 4.578218 4.522479 4.411356 4.203945 3.843480 3.264739 2.416015 1.297386 0.000000 
50.000000 39.425118 29.672680 21.373707 14.850442 10.107112 6.910550 4.909834 3.744121 3.110324 2.787972 2.634229 2.565300 2.536182 2.524566 2.520180 2.518610 2.518075 2.517902 2.517849 2.517833 2.517829 2.517827 2.517827 2.517827 2.517827 2.517827 2.517827 2.517827 2.517827 2.517827 2.517826 2.517824 2.517818 2.517799 2.517740 2.517567 2.517090 2.515836 2.512715 2.505365 2.489038 2.454917 2.388072 2.265844 2.058410 1.734099 1.271577 0.677443 0.000000 
50.000000 39.151442 29.146671 20.633068 13.941210 9.075397 5.796381 3.744121 2.548418 1.898340 1.567722 1.410043 1.339353 1.309492 1.297581 1.293084 1.291473 1.290926 1.290748 1.290693 1.290677 1.290673 1.290671 1.290671 1.290671 1.290671 1.290671 1.290671 1.290671 1.290671 1.290671 1.290671 1.290669 1.290666 1.290654 1.290619 1.290517 1.290236 1.289504 1.287696 1.283478 1.274209 1.255083 1.218164 1.151787 1.041251 0.871915 0.635292 0.336704 0.000000 
50.000000 39.002596 28.860596 20.230287 13.446774 8.514392 5.190578 3.110324 1.898340 1.239429 0.904327 0.744515 0.672871 0.642609 0.630537 0.625980 0.624348 0.623793 0.623613 0.623558 0.623542 0.623537 0.623536 0.623535 0.623535 0.623535 0.623535 0.623535 0.623535 0.623535 0.623535 0.623535 0.623534 0.623532 0.623526 0.623507 0.623451 0.623300 0.622907 0.621944 0.619714 0.614862 0.604959 0.586078 0.552600 0.497686 0.414876 0.300907 0.158913 0.000000 
50.000000 38.926865 28.715051 20.025377 13.195254 8.229028 4.882447 2.787972 1.567722 0.904327 0.566953 0.406059 0.333932 0.303466 0.291314 0.286726 0.285083 0.284525 0.284344 0.284288 0.284271 0.284267 0.284265 0.284265 0.284265 0.284265 0.284265 0.284265 0.284265 0.284265 0.284265 0.284265 0.284264 0.284263 0.284260 0.284250 0.284223 0.284147 0.283952 0.283476 0.282384 0.280026 0.275257 0.266261 0.250490 0.224934 0.186867 0.135078 0.071155 0.000000 
50.000000 38.890732 28.645611 19.927620 13.075268 8.092908 4.735477 2.634229 1.410043 0.744515 0.406059 0.244652 0.172295 0.141733 0.129542 0.124940 0.123292 0.122731 0.122550 0.122494 0.122477 0.122473 0.122471 0.122471 0.122471 0.122471 0.122471 0.122471 0.122471 0.122471 0.122471 0.122471 0.122471 0.122470 0.122469 0.122464 0.122451 0.122416 0.122326 0.122107 0.121608 0.120539 0.118393 0.114379 0.107410 0.096227 0.079731 0.057488 0.030226 0.000000 
50.000000 38.874526 28.614467 19.883779 13.021463 8.031872 4.669581 2.565300 1.339353 0.672871 0.333932 0.172295 0.099836 0.069231 0.057023 0.052414 0.050764 0.050203 0.050021 0.049965 0.049948 0.049944 0.049942 0.049942 0.049942 0.049942 0.049942 0.049942 0.049942 0.049942 0.049942 0.049942 0.049942 0.049942 0.049941 0.049939 0.049933 0.049918 0.049879 0.049785 0.049571 0.049117 0.048210 0.046528 0.043628 0.039013 0.032258 0.023214 0.012188 0.000000 
50.000000 38.867677 28.601306 19.865253 12.998728 8.006085 4.641742 2.536182 1.309492 0.642609 0.303466 0.141733 0.069231 0.038607 0.026392 0.021781 0.020130 0.019568 0.019386 0.019330 0.019313 0.019309 0.019307 0.019307 0.019307 0.019307 0.019307 0.019307 0.019307 0.019307 0.019307 0.019307 0.019307 0.019307 0.019307 0.019306 0.019304 0.019297 0.019281 0.019243 0.019158 0.018976 0.018615 0.017950 0.016811 0.015010 0.012391 0.008903 0.004669 0.000000 
50.000000 38.864943 28.596053 19.857860 12.989656 7.995796 4.630636 2.524566 1.297581 0.630537 0.291314 0.129542 0.057023 0.026392 0.014174 0.009562 0.007910 0.007348 0.007167 0.007110 0.007094 0.007089 0.007088 0.007088 0.007087 0.007087 0.007087 0.007087 0.007087 0.007087 0.007087 0.007087 0.007087 0.007087 0.007087 0.007087 0.007086 0.007084 0.007078 0.007063 0.007031 0.006962 0.006826 0.006578 0.006154 0.005488 0.004524 0.003247 0.001701 0.000000 
50.000000 38.863911 28.594069 19.855068 12.986231 7.991911 4.626442 2.520180 1.293084 0.625980 0.286726 0.124940 0.052414 0.021781 0.009562 0.004949 0.003297 0.002736 0.002554 0.002497 0.002481 0.002476 0.002475 0.002475 0.002474 0.002474 0.002474 0.002474 0.002474 0.002474 0.002474 0.002474 0.002474 0.002474 0.002474 0.002474 0.002474 0.002473 0.002471 0.002466 0.002454 0.002429 0.002381 0.002293 0.002144 0.001910 0.001573 0.001128 0.000590 0.000000 
50.000000 38.863541 28.593359 19.854068 12.985004 7.990519 4.624940 2.518610 1.291473 0.624348 0.285083 0.123292 0.050764 0.020130 0.007910 0.003297 0.001646 0.001084 0.000902 0.000846 0.000829 0.000825 0.000823 0.000823 0.000823 0.000823 0.000823 0.000823 0.000823 0.000823 0.000823 0.000823 0.000823 0.000823 0.000823 0.000823 0.000823 0.000822 0.000822 0.000820 0.000816 0.000808 0.000791 0.000762 0.000712 0.000633 0.000521 0.000373 0.000195 0.000000 
50.000000 38.863415 28.593117 19.853727 12.984586 7.990046 4.624429 2.518075 1.290926 0.623793 0.284525 0.122731 0.050203 0.019568 0.007348 0.002736 0.001084 0.000522 0.000340 0.000284 0.000268 0.000263 0.000262 0.000261 0.000261 0.000261 0.000261 0.000261 0.000261 0.000261 0.000261 0.000261 0.000261 0.000261 0.000261 0.000261 0.000261 0.000261 0.000261 0.000260 0.000259 0.000256 0.000251 0.000241 0.000225 0.000200 0.000165 0.000118 0.000062 0.000000 
50.000000 38.863374 28.593038 19.853617 12.984451 7.989892 4.624264 2.517902 1.290748 0.623613 0.284344 0.122550 0.050021 0.019386 0.007167 0.002554 0.000902 0.000340 0.000158 0.000102 0.000086 0.000081 0.000080 0.000079 0.000079 0.000079 0.000079 0.000079 0.000079 0.000079 0.000079 0.000079 0.000079 0.000079 0.000079 0.000079 0.000079 0.000079 0.000079 0.000079 0.000078 0.000078 0.000076 0.000073 0.000068 0.000061 0.000050 0.000036 0.000019 0.000000 
50.000000 38.863362 28.593014 19.853583 12.984409 7.989845 4.624213 2.517849 1.290693 0.623558 0.284288 0.122494 0.049965 0.019330 0.007110 0.002497 0.000846 0.000284 0.000102 0.000046 0.000029 0.000025 0.000023 0.000023 0.000023 0.000023 0.000023 0.000023 0.000023 0.000023 0.000023 0.000023 0.000023 0.000023 0.000023 0.000023 0.000023 0.000023 0.000023 0.000023 0.000023 0.000023 0.000022 0.000021 0.000020 0.000018 0.000014 0.000010 0.000005 0.000000 
50.000000 38.863358 28.593007 19.853573 12.984396 7.989831 4.624198 2.517833 1.290677 0.623542 0.284271 0.122477 0.049948 0.019313 0.007094 0.002481 0.000829 0.000268 0.000086 0.000029 0.000013 0.000008 0.000007 0.000006 0.000006 0.000006 0.000006 0.000006 0.000006 0.000006 0.000006 0.000006 0.000006 0.000006 0.000006 0.000006 0.000006 0.000006 0.000006 0.000006 0.000006 0.000006 0.000006 0.000006 0.000005 0.000005 0.000004 0.000003 0.000001 0.000000 
50.000000 38.863357 28.593005 19.853570 12.984393 7.989827 4.624193 2.517829 1.290673 0.623537 0.284267 0.122473 0.049944 0.019309 0.007089 0.002476 0.000825 0.000263 0.000081 0.000025 0.000008 0.000003 0.000002 0.000002 0.000002 0.000002 0.000002 0.000002 0.000002 0.000002 0.000002 0.000002 0.000002 0.000002 0.000002 0.000002 0.000002 0.000002 0.000002 0.000002 0.000002 0.000002 0.000002 0.000002 0.000001 0.000001 0.000001 0.000001 0.000000 0.000000 
50.000000 38.863357 28.593004 19.853569 12.984392 7.989826 4.624192 2.517827 1.290671 0.623536 0.284265 0.122471 0.049942 0.019307 0.007088 0.002475 0.000823 0.000262 0.000080 0.000023 0.000007 0.000002 0.000001 0.000001 0.000000 0.000000 0.000000 0.000000 0.000000 0.000000 0.000000 0.000000 0.000000 0.000000 0.000000 0.000000 0.000000 0.000000 0.000000 0.000000 0.000000 0.000000 0.000000 0.000000 0.000000 0.000000 0.000000 0.000000 0.000000 0.000000 
50.000000 38.863356 28.593004 19.853569 12.984392 7.989826 4.624192 2.517827 1.290671 0.623535 0.284265 0.122471 0.049942 0.019307 0.007088 0.002475 0.000823 0.000261 0.000079 0.000023 0.000006 0.000002 0.000001 0.000000 0.000000 0.000000 0.000000 0.000000 0.000000 0.000000 0.000000 0.000000 0.000000 0.000000 0.000000 0.000000 0.000000 0.000000 0.000000 0.000000 0.000000 0.000000 0.000000 0.000000 0.000000 0.000000 0.000000 0.000000 0.000000 0.000000 
50.000000 38.863356 28.593004 19.853569 12.984392 7.989826 4.624192 2.517827 1.290671 0.623535 0.284265 0.122471 0.049942 0.019307 0.007087 0.002474 0.000823 0.000261 0.000079 0.000023 0.000006 0.000002 0.000000 0.000000 0.000000 0.000000 0.000000 0.000000 0.000000 0.000000 0.000000 0.000000 0.000000 0.000000 0.000000 0.000000 0.000000 0.000000 0.000000 0.000000 0.000000 0.000000 0.000000 0.000000 0.000000 0.000000 0.000000 0.000000 0.000000 0.000000 
50.000000 38.863356 28.593004 19.853569 12.984392 7.989826 4.624192 2.517827 1.290671 0.623535 0.284265 0.122471 0.049942 0.019307 0.007087 0.002474 0.000823 0.000261 0.000079 0.000023 0.000006 0.000002 0.000000 0.000000 0.000000 0.000000 0.000000 0.000000 0.000000 0.000000 0.000000 0.000000 0.000000 0.000000 0.000000 0.000000 0.000000 0.000000 0.000000 0.000000 0.000000 0.000000 0.000000 0.000000 0.000000 0.000000 0.000000 0.000000 0.000000 0.000000 
50.000000 38.863356 28.593004 19.853569 12.984392 7.989826 4.624192 2.517827 1.290671 0.623535 0.284265 0.122471 0.049942 0.019307 0.007088 0.002475 0.000823 0.000261 0.000079 0.000023 0.000006 0.000002 0.000001 0.000000 0.000000 0.000000 0.000000 0.000000 0.000000 0.000000 0.000000 0.000000 0.000000 0.000000 0.000000 0.000000 0.000000 0.000000 0.000000 0.000000 0.000000 0.000000 0.000000 0.000000 0.000000 0.000000 0.000000 0.000000 0.000000 0.000000 
50.000000 38.863357 28.593004 19.853569 12.984392 7.989826 4.624192 2.517827 1.290671 0.623536 0.284265 0.122471 0.049942 0.019307 0.007088 0.002475 0.000823 0.000262 0.000080 0.000023 0.000007 0.000002 0.000001 0.000001 0.000000 0.000000 0.000000 0.000000 0.000000 0.000000 0.000000 0.000000 0.000000 0.000000 0.000000 0.000000 0.000000 0.000000 0.000000 0.000000 0.000000 0.000000 0.000000 0.000000 0.000000 0.000000 0.000000 0.000000 0.000000 0.000000 
50.000000 38.863357 28.593005 19.853570 12.984393 7.989827 4.624193 2.517829 1.290673 0.623537 0.284267 0.122473 0.049944 0.019309 0.007089 0.002476 0.000825 0.000263 0.000081 0.000025 0.000008 0.000003 0.000002 0.000002 0.000002 0.000002 0.000002 0.000002 0.000002 0.000002 0.000002 0.000002 0.000002 0.000002 0.000002 0.000002 0.000002 0.000002 0.000002 0.000002 0.000002 0.000002 0.000002 0.000002 0.000001 0.000001 0.000001 0.000001 0.000000 0.000000 
50.000000 38.863358 28.593007 19.853573 12.984396 7.989831 4.624198 2.517833 1.290677 0.623542 0.284271 0.122477 0.049948 0.019313 0.007094 0.002481 0.000829 0.000268 0.000086 0.000029 0.000013 0.000008 0.000007 0.000006 0.000006 0.000006 0.000006 0.000006 0.000006 0.000006 0.000006 0.000006 0.000006 0.000006 0.000006 0.000006 0.000006 0.000006 0.000006 0.000006 0.000006 0.000006 0.000006 0.000006 0.000005 0.000005 0.000004 0.000003 0.000001 0.000000 
50.000000 38.863362 28.593014 19.853583 12.984409 7.989845 4.624213 2.517849 1.290693 0.623558 0.284288 0.122494 0.049965 0.019330 0.007110 0.002497 0.000846 0.000284 0.000102 0.000046 0.000029 0.000025 0.000023 0.000023 0.000023 0.000023 0.000023 0.000023 0.000023 0.000023 0.000023 0.000023 0.000023 0.000023 0.000023 0.000023 0.000023 0.000023 0.000023 0.000023 0.000023 0.000023 0.000022 0.000021 0.000020 0.000018 0.000014 0.000010 0.000005 0.000000 
50.000000 38.863374 28.593038 19.853617 12.984451 7.989892 4.624264 2.517902 1.290748 0.623613 0.284344 0.122550 0.050021 0.019386 0.007167 0.002554 0.000902 0.000340 0.000158 0.000102 0.000086 0.000081 0.000080 0.000079 0.000079 0.000079 0.000079 0.000079 0.000079 0.000079 0.000079 0.000079 0.000079 0.000079 0.000079 0.000079 0.000079 0.000079 0.000079 0.000079 0.000078 0.000078 0.000076 0.000073 0.000068 0.000061 0.000050 0.000036 0.000019 0.000000 
50.000000 38.863415 28.593117 19.853727 12.984586 7.990046 4.624429 2.518075 1.290926 0.623793 0.284525 0.122731 0.050203 0.019568 0.007348 0.002736 0.001084 0.000522 0.000340 0.000284 0.000268 0.000263 0.000262 0.000261 0.000261 0.000261 0.000261 0.000261 0.000261 0.000261 0.000261 0.000261 0.000261 0.000261 0.000261 0.000261 0.000261 0.000261 0.000261 0.000260 0.000259 0.000256 0.000251 0.000241 0.000225 0.000200 0.000165 0.000118 0.000062 0.000000 
50.000000 38.863541 28.593359 19.854068 12.985004 7.990519 4.624940 2.518610 1.291473 0.624348 0.285083 0.123292 0.050764 0.020130 0.007910 0.003297 0.001646 0.001084 0.000902 0.000846 0.000829 0.000825 0.000823 0.000823 0.000823 0.000823 0.000823 0.000823 0.000823 0.000823 0.000823 0.000823 0.000823 0.000823 0.000823 0.000823 0.000823 0.000822 0.000822 0.000820 0.000816 0.000808 0.000791 0.000762 0.000712 0.000633 0.000521 0.000373 0.000195 0.000000 
50.000000 38.863911 28.594069 19.855068 12.986231 7.991911 4.626442 2.520180 1.293084 0.625980 0.286726 0.124940 0.052414 0.021781 0.009562 0.004949 0.003297 0.002736 0.002554 0.002497 0.002481 0.002476 0.002475 0.002475 0.002474 0.002474 0.002474 0.002474 0.002474 0.002474 0.002474 0.002474 0.002474 0.002474 0.002474 0.002474 0.002474 0.002473 0.002471 0.002466 0.002454 0.002429 0.002381 0.002293 0.002144 0.001910 0.001573 0.001128 0.000590 0.000000 
50.000000 38.864943 28.596053 19.857860 12.989656 7.995796 4.630636 2.524566 1.297581 0.630537 0.291314 0.129542 0.057023 0.026392 0.014174 0.009562 0.007910 0.007348 0.007167 0.007110 0.007094 0.007089 0.007088 0.007088 0.007087 0.007087 0.007087 0.007087 0.007087 0.007087 0.007087 0.007087 0.007087 0.007087 0.007087 0.007087 0.007086 0.007084 0.007078 0.007063 0.007031 0.006962 0.006826 0.006578 0.006154 0.005488 0.004524 0.003247 0.001701 0.000000 
50.000000 38.867677 28.601306 19.865253 12.998728 8.006085 4.641742 2.536182 1.309492 0.642609 0.303466 0.141733 0.069231 0.038607 0.026392 0.021781 0.020130 0.019568 0.019386 0.019330 0.019313 0.019309 0.019307 0.019307 0.019307 0.019307 0.019307 0.019307 0.019307 0.019307 0.019307 0.019307 0.019307 0.019307 0.019307 0.019306 0.019304 0.019297 0.019281 0.019243 0.019158 0.018976 0.018615 0.017950 0.016811 0.015010 0.012391 0.008903 0.004669 0.000000 
50.000000 38.874526 28.614467 19.883779 13.021463 8.031872 4.669581 2.565300 1.339353 0.672871 0.333932 0.172295 0.099836 0.069231 0.057023 0.052414 0.050764 0.050203 0.050021 0.049965 0.049948 0.049944 0.049942 0.049942 0.049942 0.049942 0.049942 0.049942 0.049942 0.049942 0.049942 0.049942 0.049942 0.049942 0.049941 0.049939 0.049933 0.049918 0.049879 0.049785 0.049571 0.049117 0.048210 0.046528 0.043628 0.039013 0.032258 0.023214 0.012188 0.000000 
50.000000 38.890732 28.645611 19.927620 13.075268 8.092908 4.735477 2.634229 1.410043 0.744515 0.406059 0.244652 0.172295 0.141733 0.129542 0.124940 0.123292 0.122731 0.122550 0.122494 0.122477 0.122473 0.122471 0.122471 0.122471 0.122471 0.122471 0.122471 0.122471 0.122471 0.122471 0.122471 0.122471 0.122470 0.122469 0.122464 0.122451 0.122416 0.122326 0.122107 0.121608 0.120539 0.118393 0.114379 0.107410 0.096227 0.079731 0.057488 0.030226 0.000000 
50.000000 38.926865 28.715051 20.025377 13.195254 8.229028 4.882447 2.787972 1.567722 0.904327 0.566953 0.406059 0.333932 0.303466 0.291314 0.286726 0.285083 0.284525 0.284344 0.284288 0.284271 0.284267 0.284265 0.284265 0.284265 0.284265 0.284265 0.284265 0.284265 0.284265 0.284265 0.284265 0.284264 0.284263 0.284260 0.284250 0.284223 0.284147 0.283952 0.283476 0.282384 0.280026 0.275257 0.266261 0.250490 0.224934 0.186867 0.135078 0.071155 0.000000 
50.000000 39.002596 28.860596 20.230287 13.446774 8.514392 5.190578 3.110324 1.898340 1.239429 0.904327 0.744515 0.672871 0.642609 0.630537 0.625980 0.624348 0.623793 0.623613 0.623558 0.623542 0.623537 0.623536 0.623535 0.623535 0.623535 0.623535 0.623535 0.623535 0.623535 0.623535 0.623535 0.623534 0.623532 0.623526 0.623507 0.623451 0.623300 0.622907 0.621944 0.619714 0.614862 0.604959 0.586078 0.552600 0.497686 0.414876 0.300907 0.158913 0.000000 
50.000000 39.151442 29.146671 20.633068 13.941210 9.075397 5.796381 3.744121 2.548418 1.898340 1.567722 1.410043 1.339353 1.309492 1.297581 1.293084 1.291473 1.290926 1.290748 1.290693 1.290677 1.290673 1.290671 1.290671 1.290671 1.290671 1.290671 1.290671 1.290671 1.290671 1.290671 1.290671 1.290669 1.290666 1.290654 1.290619 1.290517 1.290236 1.289504 1.287696 1.283478 1.274209 1.255083 1.218164 1.151787 1.041251 0.871915 0.635292 0.336704 0.000000 
50.000000 39.425118 29.672680 21.373707 14.850442 10.107112 6.910550 4.909834 3.744121 3.110324 2.787972 2.634229 2.565300 2.536182 2.524566 2.520180 2.518610 2.518075 2.517902 2.517849 2.517833 2.517829 2.517827 2.517827 2.517827 2.517827 2.517827 2.517827 2.517827 2.517827 2.517827 2.517826 2.517824 2.517818 2.517799 2.517740 2.517567 2.517090 2.515836 2.512715 2.505365 2.489038 2.454917 2.388072 2.265844 2.058410 1.734099 1.271577 0.677443 0.000000 
50.000000 39.894689 30.575232 22.644590 16.410706 11.877666 8.822713 6.910550 5.796381 5.190578 4.882447 4.735477 4.669581 4.641742 4.630636 4.626442 4.624940 4.624429 4.624264 4.624213 4.624198 4.624193 4.624192 4.624192 4.624192 4.624192 4.624192 4.624192 4.624192 4.624192 4.624192 4.624191 4.624188 4.624179 4.624149 4.624058 4.623792 4.623053 4.621097 4.616186 4.604500 4.578218 4.522479 4.411356 4.203945 3.843480 3.264739 2.416015 1.297386 0.000000 
50.000000 40.644730 32.016907 24.674698 18.903199 14.706242 11.877666 10.107112 9.075397 8.514392 8.229028 8.092908 8.031872 8.006085 7.995796 7.991911 7.990519 7.990046 7.989892 7.989845 7.989831 7.989827 7.989826 7.989826 7.989826 7.989826 7.989826 7.989826 7.989826 7.989826 7.989825 7.989824 7.989820 7.989808 7.989767 7.989642 7.989274 7.988244 7.985498 7.978538 7.961792 7.923610 7.841268 7.673721 7.353121 6.779055 5.824587 4.369481 2.376554 0.000000 
50.000000 41.757452 34.155754 27.686644 22.601318 18.903199 16.410706 14.850442 13.941210 13.446774 13.195254 13.075268 13.021463 12.998728 12.989656 12.986231 12.985004 12.984586 12.984451 12.984409 12.984396 12.984393 12.984392 12.984392 12.984392 12.984392 12.984392 12.984392 12.984392 12.984392 12.984391 12.984390 12.984385 12.984370 12.984321 12.984168 12.983718 12.982450 12.979041 12.970320 12.949088 12.899960 12.792032 12.567226 12.124144 11.300659 9.866911 7.557938 4.202033 0.000000 
50.000000 43.287440 37.096716 31.828259 27.686644 24.674698 22.644590 21.373707 20.633068 20.230287 20.025377 19.927620 19.883779 19.865253 19.857860 19.855068 19.854068 19.853727 19.853617 19.853583 19.853573 19.853570 19.853569 19.853569 19.853569 19.853569 19.853569 19.853569 19.853569 19.853569 19.853568 19.853567 19.853562 19.853547 19.853495 19.853336 19.852862 19.851520 19.847889 19.838511 19.815411 19.761153 19.639608 19.379851 18.850111 17.819733 15.914129 12.595442 7.290904 0.000000 
50.000000 45.233629 40.837763 37.096716 34.155754 32.016907 30.575232 29.672680 29.146671 28.860596 28.715051 28.645611 28.614467 28.601306 28.596053 28.594069 28.593359 28.593117 28.593038 28.593014 28.593007 28.593005 28.593004 28.593004 28.593004 28.593004 28.593004 28.593004 28.593004 28.593004 28.593004 28.593003 28.592999 28.592985 28.592942 28.592806 28.592403 28.591253 28.588123 28.579973 28.559689 28.511378 28.401103 28.159217 27.647427 26.597816 24.501274 20.418881 12.782345 0.000000 
50.000000 47.520449 45.233629 43.287440 41.757452 40.644730 39.894689 39.425118 39.151442 39.002596 38.926865 38.890732 38.874526 38.867677 38.864943 38.863911 38.863541 38.863415 38.863374 38.863362 38.863358 38.863357 38.863357 38.863356 38.863356 38.863356 38.863356 38.863356 38.863356 38.863356 38.863356 38.863356 38.863353 38.863346 38.863320 38.863242 38.863008 38.862338 38.860506 38.855710 38.843683 38.814737 38.747675 38.597304 38.268176 37.555419 35.996535 32.451284 23.760224 0.000000 
50.000000 50.000000 50.000000 50.000000 50.000000 50.000000 50.000000 50.000000 50.000000 50.000000 50.000000 50.000000 50.000000 50.000000 50.000000 50.000000 50.000000 50.000000 50.000000 50.000000 50.000000 50.000000 50.000000 50.000000 50.000000 50.000000 50.000000 50.000000 50.000000 50.000000 50.000000 50.000000 50.000000 50.000000 50.000000 50.000000 50.000000 50.000000 50.000000 50.000000 50.000000 50.000000 50.000000 50.000000 50.000000 50.000000 50.000000 50.000000 50.000000 50.000000 
