50.000000 50.000000 50.000000 50.000000 50.000000 50.000000 50.000000 50.000000 50.000000 50.000000 50.000000 50.000000 50.000000 50.000000 50.000000 50.000000 50.000000 50.000000 50.000000 50.000000 50.000000 50.000000 50.000000 50.000000 50.000000 50.000000 50.000000 50.000000 50.000000 50.000000 50.000000 50.000000 50.000000 50.000000 50.000000 50.000000 50.000000 50.000000 50.000000 50.000000 50.000000 50.000000 50.000000 50.000000 50.000000 50.000000 50.000000 50.000000 50.000000 50.000000 
50.000000 43.597746 38.471038 35.143241 33.360088 32.556112 32.245653 32.141374 32.110499 32.102350 32.100414 32.099996 32.099914 32.099899 32.099897 32.099896 32.099896 32.099896 32.099896 32.099896 32.099896 32.099896 32.099896 32.099896 32.099896 32.099896 32.099896 32.099896 32.099896 32.099896 32.099896 32.099896 32.099896 32.099896 32.099896 32.099896 32.099896 32.099895 32.099890 32.099860 32.099699 32.098897 32.095222 32.079696 32.019327 31.802745 31.080127 28.800274 21.798873 0.000000 
50.000000 38.471038 29.239956 23.249068 20.039730 18.593150 18.034733 17.847233 17.791741 17.777099 17.773622 17.772873 17.772725 17.772698 17.772694 17.772693 17.772693 17.772693 17.772693 17.772693 17.772693 17.772693 17.772693 17.772693 17.772693 17.772693 17.772693 17.772693 17.772693 17.772693 17.772693 17.772693 17.772693 17.772693 17.772693 17.772693 17.772693 17.772692 17.772685 17.772645 17.772437 17.771411 17.766779 17.747659 17.675796 17.431079 16.680074 14.619978 9.670763 0.000000 
50.000000 35.143241 23.249068 15.531563 11.398500 9.536220 8.817615 8.576433 8.505084 8.486268 8.481802 8.480840 8.480650 8.480616 8.480610 8.480609 8.480609 8.480609 8.480609 8.480609 8.480609 8.480609 8.480609 8.480609 8.480609 8.480609 8.480609 8.480609 8.480609 8.480609 8.480609 8.480609 8.480609 8.480609 8.480609 8.480609 8.480609 8.480608 8.480603 8.480572 8.480412 8.479631 8.476166 8.462169 8.411148 8.244828 7.765782 6.568994 4.063114 0.000000 
50.000000 33.360088 20.039730 11.398500 6.771932 4.687923 3.884034 3.614327 3.534571 3.513547 3.508558 3.507484 3.507272 3.507234 3.507227 3.507226 3.507226 3.507226 3.507226 3.507226 3.507226 3.507226 3.507226 3.507226 3.507226 3.507226 3.507226 3.507226 3.507226 3.507226 3.507226 3.507226 3.507226 3.507226 3.507226 3.507226 3.507226 3.507226 3.507223 3.507205 3.507115 3.506681 3.504779 3.497239 3.470434 3.385966 3.153672 2.608651 1.557344 0.000000 
50.000000 32.556112 18.593150 9.536220 4.687923 2.504488 1.662439 1.379999 1.296500 1.274494 1.269274 1.268150 1.267929 1.267889 1.267882 1.267881 1.267881 1.267881 1.267881 1.267881 1.267881 1.267881 1.267881 1.267881 1.267881 1.267881 1.267881 1.267881 1.267881 1.267881 1.267881 1.267881 1.267881 1.267881 1.267881 1.267881 1.267881 1.267881 1.267879 1.267871 1.267831 1.267639 1.266808 1.263561 1.252244 1.217489 1.125071 0.917355 0.536785 0.000000 
50.000000 32.245653 18.034733 8.817615 3.884034 1.662439 0.805779 0.518477 0.433552 0.411174 0.405866 0.404723 0.404499 0.404458 0.404451 0.404450 0.404450 0.404450 0.404450 0.404450 0.404450 0.404450 0.404450 0.404450 0.404450 0.404450 0.404450 0.404450 0.404450 0.404450 0.404450 0.404450 0.404450 0.404450 0.404450 0.404450 0.404450 0.404450 0.404449 0.404446 0.404431 0.404361 0.404058 0.402889 0.398877 0.386794 0.355446 0.287073 0.165958 0.000000 
50.000000 32.141374 17.847233 8.576433 3.614327 1.379999 0.518477 0.229561 0.144164 0.121663 0.116327 0.115178 0.114952 0.114911 0.114905 0.114904 0.114903 0.114903 0.114903 0.114903 0.114903 0.114903 0.114903 0.114903 0.114903 0.114903 0.114903 0.114903 0.114903 0.114903 0.114903 0.114903 0.114903 0.114903 0.114903 0.114903 0.114903 0.114903 0.114903 0.114902 0.114897 0.114875 0.114781 0.114419 0.113191 0.109548 0.100267 0.080454 0.046152 0.000000 
50.000000 32.110499 17.791741 8.505084 3.534571 1.296500 0.433552 0.144164 0.058630 0.036093 0.030749 0.029598 0.029372 0.029331 0.029324 0.029323 0.029323 0.029323 0.029323 0.029323 0.029323 0.029323 0.029323 0.029323 0.029323 0.029323 0.029323 0.029323 0.029323 0.029323 0.029323 0.029323 0.029323 0.029323 0.029323 0.029323 0.029323 0.029323 0.029323 0.029322 0.029321 0.029315 0.029289 0.029191 0.028860 0.027891 0.025453 0.020330 0.011602 0.000000 
50.000000 32.102350 17.777099 8.486268 3.513547 1.274494 0.411174 0.121663 0.036093 0.013547 0.008200 0.007050 0.006823 0.006782 0.006775 0.006774 0.006774 0.006774 0.006774 0.006774 0.006774 0.006774 0.006774 0.006774 0.006774 0.006774 0.006774 0.006774 0.006774 0.006774 0.006774 0.006774 0.006774 0.006774 0.006774 0.006774 0.006774 0.006774 0.006774 0.006774 0.006774 0.006772 0.006766 0.006742 0.006663 0.006432 0.005857 0.004663 0.002651 0.000000 
50.000000 32.100414 17.773622 8.481802 3.508558 1.269274 0.405866 0.116327 0.030749 0.008200 0.002853 0.001702 0.001476 0.001435 0.001428 0.001427 0.001427 0.001427 0.001427 0.001427 0.001427 0.001427 0.001427 0.001427 0.001427 0.001427 0.001427 0.001427 0.001427 0.001427 0.001427 0.001427 0.001427 0.001427 0.001427 0.001427 0.001427 0.001427 0.001427 0.001426 0.001426 0.001426 0.001425 0.001420 0.001402 0.001353 0.001230 0.000977 0.000554 0.000000 
50.000000 32.099996 17.772873 8.480840 3.507484 1.268150 0.404723 0.115178 0.029598 0.007050 0.001702 0.000551 0.000325 0.000284 0.000277 0.000276 0.000276 0.000276 0.000276 0.000276 0.000276 0.000276 0.000276 0.000276 0.000276 0.000276 0.000276 0.000276 0.000276 0.000276 0.000276 0.000276 0.000276 0.000276 0.000276 0.000276 0.000276 0.000276 0.000276 0.000276 0.000276 0.000275 0.000275 0.000274 0.000271 0.000261 0.000237 0.000188 0.000106 0.000000 
50.000000 32.099914 17.772725 8.480650 3.507272 1.267929 0.404499 0.114952 0.029372 0.006823 0.001476 0.000325 0.000098 0.000057 0.000050 0.000049 0.000049 0.000049 0.000049 0.000049 0.000049 0.000049 0.000049 0.000049 0.000049 0.000049 0.000049 0.000049 0.000049 0.000049 0.000049 0.000049 0.000049 0.000049 0.000049 0.000049 0.000049 0.000049 0.000049 0.000049 0.000049 0.000049 0.000049 0.000049 0.000048 0.000046 0.000042 0.000033 0.000019 0.000000 
50.000000 32.099899 17.772698 8.480616 3.507234 1.267889 0.404458 0.114911 0.029331 0.006782 0.001435 0.000284 0.000057 0.000016 0.000009 0.000008 0.000008 0.000008 0.000008 0.000008 0.000008 0.000008 0.000008 0.000008 0.000008 0.000008 0.000008 0.000008 0.000008 0.000008 0.000008 0.000008 0.000008 0.000008 0.000008 0.000008 0.000008 0.000008 0.000008 0.000008 0.000008 0.000008 0.000008 0.000008 0.000008 0.000008 0.000007 0.000005 0.000003 0.000000 
50.000000 32.099897 17.772694 8.480610 3.507227 1.267882 0.404451 0.114905 0.029324 0.006775 0.001428 0.000277 0.000050 0.000009 0.000002 0.000001 0.000001 0.000001 0.000001 0.000001 0.000001 0.000001 0.000001 0.000001 0.000001 0.000001 0.000001 0.000001 0.000001 0.000001 0.000001 0.000001 0.000001 0.000001 0.000001 0.000001 0.000001 0.000001 0.000001 0.000001 0.000001 0.000001 0.000001 0.000001 0.000001 0.000001 0.000001 0.000001 0.000000 0.000000 
50.000000 32.099896 17.772693 8.480609 3.507226 1.267881 0.404450 0.114904 0.029323 0.006774 0.001427 0.000276 0.000049 0.000008 0.000001 0.000000 0.000000 0.000000 0.000000 0.000000 0.000000 0.000000 0.000000 0.000000 0.000000 0.000000 0.000000 0.000000 0.000000 0.000000 0.000000 0.000000 0.000000 0.000000 0.000000 0.000000 0.000000 0.000000 0.000000 0.000000 0.000000 0.000000 0.000000 0.000000 0.000000 0.000000 0.000000 0.000000 0.000000 0.000000 
50.000000 32.099896 17.772693 8.480609 3.507226 1.267881 0.404450 0.114903 0.029323 0.006774 0.001427 0.000276 0.000049 0.000008 0.000001 0.000000 0.000000 0.000000 0.000000 0.000000 0.000000 0.000000 0.000000 0.000000 0.000000 0.000000 0.000000 0.000000 0.000000 0.000000 0.000000 0.000000 0.000000 0.000000 0.000000 0.000000 0.000000 0.000000 0.000000 0.000000 0.000000 0.000000 0.000000 0.000000 0.000000 0.000000 0.000000 0.000000 0.000000 0.000000 
50.000000 32.099896 17.772693 8.480609 3.507226 1.267881 0.404450 0.114903 0.029323 0.006774 0.001427 0.000276 0.000049 0.000008 0.000001 0.000000 0.000000 0.000000 0.000000 0.000000 0.000000 0.000000 0.000000 0.000000 0.000000 0.000000 0.000000 0.000000 0.000000 0.000000 0.000000 0.000000 0.000000 0.000000 0.000000 0.000000 0.000000 0.000000 0.000000 0.000000 0.000000 0.000000 0.000000 0.000000 0.000000 0.000000 0.000000 0.000000 0.000000 0.000000 
50.000000 32.099896 17.772693 8.480609 3.507226 1.267881 0.404450 0.114903 0.029323 0.006774 0.001427 0.000276 0.000049 0.000008 0.000001 0.000000 0.000000 0.000000 0.000000 0.000000 0.000000 0.000000 0.000000 0.000000 0.000000 0.000000 0.000000 0.000000 0.000000 0.000000 0.000000 0.000000 0.000000 0.000000 0.000000 0.000000 0.000000 0.000000 0.000000 0.000000 0.000000 0.000000 0.000000 0.000000 0.000000 0.000000 0.000000 0.000000 0.000000 0.000000 
50.000000 32.099896 17.772693 8.480609 3.507226 1.267881 0.404450 0.114903 0.029323 0.006774 0.001427 0.000276 0.000049 0.000008 0.000001 0.000000 0.000000 0.000000 0.000000 0.000000 0.000000 0.000000 0.000000 0.000000 0.000000 0.000000 0.000000 0.000000 0.000000 0.000000 0.000000 0.000000 0.000000 0.000000 0.000000 0.000000 0.000000 0.000000 0.000000 0.000000 0.000000 0.000000 0.000000 0.000000 0.000000 0.000000 0.000000 0.000000 0.000000 0.000000 
50.000000 32.099896 17.772693 8.480609 3.507226 1.267881 0.404450 0.114903 0.029323 0.006774 0.001427 0.000276 0.000049 0.000008 0.000001 0.000000 0.000000 0.000000 0.000000 0.000000 0.000000 0.000000 0.000000 0.000000 0.000000 0.000000 0.000000 0.000000 0.000000 0.000000 0.000000 0.000000 0.000000 0.000000 0.000000 0.000000 0.000000 0.000000 0.000000 0.000000 0.000000 0.000000 0.000000 0.000000 0.000000 0.000000 0.000000 0.000000 0.000000 0.000000 
50.000000 32.099896 17.772693 8.480609 3.507226 1.267881 0.404450 0.114903 0.029323 0.006774 0.001427 0.000276 0.000049 0.000008 0.000001 0.000000 0.000000 0.000000 0.000000 0.000000 0.000000 0.000000 0.000000 0.000000 0.000000 0.000000 0.000000 0.000000 0.000000 0.000000 0.000000 0.000000 0.000000 0.000000 0.000000 0.000000 0.000000 0.000000 0.000000 0.000000 0.000000 0.000000 0.000000 0.000000 0.000000 0.000000 0.000000 0.000000 0.000000 0.000000 
50.000000 32.099896 17.772693 8.480609 3.507226 1.267881 0.404450 0.114903 0.029323 0.006774 0.001427 0.000276 0.000049 0.000008 0.000001 0.000000 0.000000 0.000000 0.000000 0.000000 0.000000 0.000000 0.000000 0.000000 0.000000 0.000000 0.000000 0.000000 0.000000 0.000000 0.000000 0.000000 0.000000 0.000000 0.000000 0.000000 0.000000 0.000000 0.000000 0.000000 0.000000 0.000000 0.000000 0.000000 0.000000 0.000000 0.000000 0.000000 0.000000 0.000000 
50.000000 32.099896 17.772693 8.480609 3.507226 1.267881 0.404450 0.114903 0.029323 0.006774 0.001427 0.000276 0.000049 0.000008 0.000001 0.000000 0.000000 0.000000 0.000000 0.000000 0.000000 0.000000 0.000000 0.000000 0.000000 0.000000 0.000000 0.000000 0.000000 0.000000 0.000000 0.000000 0.000000 0.000000 0.000000 0.000000 0.000000 0.000000 0.000000 0.000000 0.000000 0.000000 0.000000 0.000000 0.000000 0.000000 0.000000 0.000000 0.000000 0.000000 
50.000000 32.099896 17.772693 8.480609 3.507226 1.267881 0.404450 0.114903 0.029323 0.006774 0.001427 0.000276 0.000049 0.000008 0.000001 0.000000 0.000000 0.000000 0.000000 0.000000 0.000000 0.000000 0.000000 0.000000 0.000000 0.000000 0.000000 0.000000 0.000000 0.000000 0.000000 0.000000 0.000000 0.000000 0.000000 0.000000 0.000000 0.000000 0.000000 0.000000 0.000000 0.000000 0.000000 0.000000 0.000000 0.000000 0.000000 0.000000 0.000000 0.000000 
50.000000 32.099896 17.772693 8.480609 3.507226 1.267881 0.404450 0.114903 0.029323 0.006774 0.001427 0.000276 0.000049 0.000008 0.000001 0.000000 0.000000 0.000000 0.000000 0.000000 0.000000 0.000000 0.000000 0.000000 0.000000 0.000000 0.000000 0.000000 0.000000 0.000000 0.000000 0.000000 0.000000 0.000000 0.000000 0.000000 0.000000 0.000000 0.000000 0.000000 0.000000 0.000000 0.000000 0.000000 0.000000 0.000000 0.000000 0.000000 0.000000 0.000000 
50.000000 32.099896 17.772693 8.480609 3.507226 1.267881 0.404450 0.114903 0.029323 0.006774 0.001427 0.000276 0.000049 0.000008 0.000001 0.000000 0.000000 0.000000 0.000000 0.000000 0.000000 0.000000 0.000000 0.000000 0.000000 0.000000 0.000000 0.000000 0.000000 0.000000 0.000000 0.000000 0.000000 0.000000 0.000000 0.000000 0.000000 0.000000 0.000000 0.000000 0.000000 0.000000 0.000000 0.000000 0.000000 0.000000 0.000000 0.000000 0.000000 0.000000 
50.000000 32.099896 17.772693 8.480609 3.507226 1.267881 0.404450 0.114903 0.029323 0.006774 0.001427 0.000276 0.000049 0.000008 0.000001 0.000000 0.000000 0.000000 0.000000 0.000000 0.000000 0.000000 0.000000 0.000000 0.000000 0.000000 0.000000 0.000000 0.000000 0.000000 0.000000 0.000000 0.000000 0.000000 0.000000 0.000000 0.000000 0.000000 0.000000 0.000000 0.000000 0.000000 0.000000 0.000000 0.000000 0.000000 0.000000 0.000000 0.000000 0.000000 
50.000000 32.099896 17.772693 8.480609 3.507226 1.267881 0.404450 0.114903 0.029323 0.006774 0.001427 0.000276 0.000049 0.000008 0.000001 0.000000 0.000000 0.000000 0.000000 0.000000 0.000000 0.000000 0.000000 0.000000 0.000000 0.000000 0.000000 0.000000 0.000000 0.000000 0.000000 0.000000 0.000000 0.000000 0.000000 0.000000 0.000000 0.000000 0.000000 0.000000 0.000000 0.000000 0.000000 0.000000 0.000000 0.000000 0.000000 0.000000 0.000000 0.000000 
50.000000 32.099896 17.772693 8.480609 3.507226 1.267881 0.404450 0.114903 0.029323 0.006774 0.001427 0.000276 0.000049 0.000008 0.000001 0.000000 0.000000 0.000000 0.000000 0.000000 0.000000 0.000000 0.000000 0.000000 0.000000 0.000000 0.000000 0.000000 0.000000 0.000000 0.000000 0.000000 0.000000 0.000000 0.000000 0.000000 0.000000 0.000000 0.000000 0.000000 0.000000 0.000000 0.000000 0.000000 0.000000 0.000000 0.000000 0.000000 0.000000 0.000000 
50.000000 32.099896 17.772693 8.480609 3.507226 1.267881 0.404450 0.114903 0.029323 0.006774 0.001427 0.000276 0.000049 0.000008 0.000001 0.000000 0.000000 0.000000 0.000000 0.000000 0.000000 0.000000 0.000000 0.000000 0.000000 0.000000 0.000000 0.000000 0.000000 0.000000 0.000000 0.000000 0.000000 0.000000 0.000000 0.000000 0.000000 0.000000 0.000000 0.000000 0.000000 0.000000 0.000000 0.000000 0.000000 0.000000 0.000000 0.000000 0.000000 0.000000 
50.000000 32.099896 17.772693 8.480609 3.507226 1.267881 0.404450 0.114903 0.029323 0.006774 0.001427 0.000276 0.000049 0.000008 0.000001 0.000000 0.000000 0.000000 0.000000 0.000000 0.000000 0.000000 0.000000 0.000000 0.000000 0.000000 0.000000 0.000000 0.000000 0.000000 0.000000 0.000000 0.000000 0.000000 0.000000 0.000000 0.000000 0.000000 0.000000 0.000000 0.000000 0.000000 0.000000 0.000000 0.000000 0.000000 0.000000 0.000000 0.000000 0.000000 
50.000000 32.099896 17.772693 8.480609 3.507226 1.267881 0.404450 0.114903 0.029323 0.006774 0.001427 0.000276 0.000049 0.000008 0.000001 0.000000 0.000000 0.000000 0.000000 0.000000 0.000000 0.000000 0.000000 0.000000 0.000000 0.000000 0.000000 0.000000 0.000000 0.000000 0.000000 0.000000 0.000000 0.000000 0.000000 0.000000 0.000000 0.000000 0.000000 0.000000 0.000000 0.000000 0.000000 0.000000 0.000000 0.000000 0.000000 0.000000 0.000000 0.000000 
50.000000 32.099896 17.772693 8.480609 3.507226 1.267881 0.404450 0.114903 0.029323 0.006774 0.001427 0.000276 0.000049 0.000008 0.000001 0.000000 0.000000 0.000000 0.000000 0.000000 0.000000 0.000000 0.000000 0.000000 0.000000 0.000000 0.000000 0.000000 0.000000 0.000000 0.000000 0.000000 0.000000 0.000000 0.000000 0.000000 0.000000 0.000000 0.000000 0.000000 0.000000 0.000000 0.000000 0.000000 0.000000 0.000000 0.000000 0.000000 0.000000 0.000000 
50.000000 32.099896 17.772693 8.480609 3.507226 1.267881 0.404450 0.114904 0.029323 0.006774 0.001427 0.000276 0.000049 0.000008 0.000001 0.000000 0.000000 0.000000 0.000000 0.000000 0.000000 0.000000 0.000000 0.000000 0.000000 0.000000 0.000000 0.000000 0.000000 0.000000 0.000000 0.000000 0.000000 0.000000 0.000000 0.000000 0.000000 0.000000 0.000000 0.000000 0.000000 0.000000 0.000000 0.000000 0.000000 0.000000 0.000000 0.000000 0.000000 0.000000 
50.000000 32.099897 17.772694 8.480610 3.507227 1.267882 0.404451 0.114905 0.029324 0.006775 0.001428 0.000277 0.000050 0.000009 0.000002 0.000001 0.000001 0.000001 0.000001 0.000001 0.000001 0.000001 0.000001 0.000001 0.000001 0.000001 0.000001 0.000001 0.000001 0.000001 0.000001 0.000001 0.000001 0.000001 0.000001 0.000001 0.000001 0.000001 0.000001 0.000001 0.000001 0.000001 0.000001 0.000001 0.000001 0.000001 0.000001 0.000001 0.000000 0.000000 
50.000000 32.099899 17.772698 8.480616 3.507234 1.267889 0.404458 0.114911 0.029331 0.006782 0.001435 0.000284 0.000057 0.000016 0.000009 0.000008 0.000008 0.000008 0.000008 0.000008 0.000008 0.000008 0.000008 0.000008 0.000008 0.000008 0.000008 0.000008 0.000008 0.000008 0.000008 0.000008 0.000008 0.000008 0.000008 0.000008 0.000008 0.000008 0.000008 0.000008 0.000008 0.000008 0.000008 0.000008 0.000008 0.000008 0.000007 0.000005 0.000003 0.000000 
50.000000 32.099914 17.772725 8.480650 3.507272 1.267929 0.404499 0.114952 0.029372 0.006823 0.001476 0.000325 0.000098 0.000057 0.000050 0.000049 0.000049 0.000049 0.000049 0.000049 0.000049 0.000049 0.000049 0.000049 0.000049 0.000049 0.000049 0.000049 0.000049 0.000049 0.000049 0.000049 0.000049 0.000049 0.000049 0.000049 0.000049 0.000049 0.000049 0.000049 0.000049 0.000049 0.000049 0.000049 0.000048 0.000046 0.000042 0.000033 0.000019 0.000000 
50.000000 32.099996 17.772873 8.480840 3.507484 1.268150 0.404723 0.115178 0.029598 0.007050 0.001702 0.000551 0.000325 0.000284 0.000277 0.000276 0.000276 0.000276 0.000276 0.000276 0.000276 0.000276 0.000276 0.000276 0.000276 0.000276 0.000276 0.000276 0.000276 0.000276 0.000276 0.000276 0.000276 0.000276 0.000276 0.000276 0.000276 0.000276 0.000276 0.000276 0.000276 0.000275 0.000275 0.000274 0.000271 0.000261 0.000237 0.000188 0.000106 0.000000 
50.000000 32.100414 17.773622 8.481802 3.508558 1.269274 0.405866 0.116327 0.030749 0.008200 0.002853 0.001702 0.001476 0.001435 0.001428 0.001427 0.001427 0.001427 0.001427 0.001427 0.001427 0.001427 0.001427 0.001427 0.001427 0.001427 0.001427 0.001427 0.001427 0.001427 0.001427 0.001427 0.001427 0.001427 0.001427 0.001427 0.001427 0.001427 0.001427 0.001426 0.001426 0.001426 0.001425 0.001420 0.001402 0.001353 0.001230 0.000977 0.000554 0.000000 
50.000000 32.102350 17.777099 8.486268 3.513547 1.274494 0.411174 0.121663 0.036093 0.013547 0.008200 0.007050 0.006823 0.006782 0.006775 0.006774 0.006774 0.006774 0.006774 0.006774 0.006774 0.006774 0.006774 0.006774 0.006774 0.006774 0.006774 0.006774 0.006774 0.006774 0.006774 0.006774 0.006774 0.006774 0.006774 0.006774 0.006774 0.006774 0.006774 0.006774 0.006774 0.006772 0.006766 0.006742 0.006663 0.006432 0.005857 0.004663 0.002651 0.000000 
50.000000 32.110499 17.791741 8.505084 3.534571 1.296500 0.433552 0.144164 0.058630 0.036093 0.030749 0.029598 0.029372 0.029331 0.029324 0.029323 0.029323 0.029323 0.029323 0.029323 0.029323 0.029323 0.029323 0.029323 0.029323 0.029323 0.029323 0.029323 0.029323 0.029323 0.029323 0.029323 0.029323 0.029323 0.029323 0.029323 0.029323 0.029323 0.029323 0.029322 0.029321 0.029315 0.029289 0.029191 0.028860 0.027891 0.025453 0.020330 0.011602 0.000000 
50.000000 32.141374 17.847233 8.576433 3.614327 1.379999 0.518477 0.229561 0.144164 0.121663 0.116327 0.115178 0.114952 0.114911 0.114905 0.114904 0.114903 0.114903 0.114903 0.114903 0.114903 0.114903 0.114903 0.114903 0.114903 0.114903 0.114903 0.114903 0.114903 0.114903 0.114903 0.114903 0.114903 0.114903 0.114903 0.114903 0.114903 0.114903 0.114903 0.114902 0.114897 0.114875 0.114781 0.114419 0.113191 0.109548 0.100267 0.080454 0.046152 0.000000 
50.000000 32.245653 18.034733 8.817615 3.884034 1.662439 0.805779 0.518477 0.433552 0.411174 0.405866 0.404723 0.404499 0.404458 0.404451 0.404450 0.404450 0.404450 0.404450 0.404450 0.404450 0.404450 0.404450 0.404450 0.404450 0.404450 0.404450 0.404450 0.404450 0.404450 0.404450 0.404450 0.404450 0.404450 0.404450 0.404450 0.404450 0.404450 0.404449 0.404446 0.404431 0.404361 0.404058 0.402889 0.398877 0.386794 0.355446 0.287073 0.165958 0.000000 
50.000000 32.556112 18.593150 9.536220 4.687923 2.504488 1.662439 1.379999 1.296500 1.274494 1.269274 1.268150 1.267929 1.267889 1.267882 1.267881 1.267881 1.267881 1.267881 1.267881 1.267881 1.267881 1.267881 1.267881 1.267881 1.267881 1.267881 1.267881 1.267881 1.267881 1.267881 1.267881 1.267881 1.267881 1.267881 1.267881 1.267881 1.267881 1.267879 1.267871 1.267831 1.267639 1.266808 1.263561 1.252244 1.217489 1.125071 0.917355 0.536785 0.000000 
50.000000 33.360088 20.039730 11.398500 6.771932 4.687923 3.884034 3.614327 3.534571 3.513547 3.508558 3.507484 3.507272 3.507234 3.507227 3.507226 3.507226 3.507226 3.507226 3.507226 3.507226 3.507226 3.507226 3.507226 3.507226 3.507226 3.507226 3.507226 3.507226 3.507226 3.507226 3.507226 3.507226 3.507226 3.507226 3.507226 3.507226 3.507226 3.507223 3.507205 3.507115 3.506681 3.504779 3.497239 3.470434 3.385966 3.153672 2.608651 1.557344 0.000000 
50.000000 35.143241 23.249068 15.531563 11.398500 9.536220 8.817615 8.576433 8.505084 8.486268 8.481802 8.480840 8.480650 8.480616 8.480610 8.480609 8.480609 8.480609 8.480609 8.480609 8.480609 8.480609 8.480609 8.480609 8.480609 8.480609 8.480609 8.480609 8.480609 8.480609 8.480609 8.480609 8.480609 8.480609 8.480609 8.480609 8.480609 8.480608 8.480603 8.480572 8.480412 8.479631 8.476166 8.462169 8.411148 8.244828 7.765782 6.568994 4.063114 0.000000 
50.000000 38.471038 29.239956 23.249068 20.039730 18.593150 18.034733 17.847233 17.791741 17.777099 17.773622 17.772873 17.772725 17.772698 17.772694 17.772693 17.772693 17.772693 17.772693 17.772693 17.772693 17.772693 17.772693 17.772693 17.772693 17.772693 17.772693 17.772693 17.772693 17.772693 17.772693 17.772693 17.772693 17.772693 17.772693 17.772693 17.772693 17.772692 17.772685 17.772645 17.772437 17.771411 17.766779 17.747659 17.675796 17.431079 16.680074 14.619978 9.670763 0.000000 
50.000000 43.597746 38.471038 35.143241 33.360088 32.556112 32.245653 32.141374 32.110499 32.102350 32.100414 32.099996 32.099914 32.099899 32.099897 32.099896 32.099896 32.099896 32.099896 32.099896 32.099896 32.099896 32.099896 32.099896 32.099896 32.099896 32.099896 32.099896 32.099896 32.099896 32.099896 32.099896 32.099896 32.099896 32.099896 32.099896 32.099896 32.099895 32.099890 32.099860 32.099699 32.098897 32.095222 32.079696 32.019327 31.802745 31.080127 28.800274 21.798873 0.000000 
50.000000 50.000000 50.000000 50.000000 50.000000 50.000000 50.000000 50.000000 50.000000 50.000000 50.000000 50.000000 50.000000 50.000000 50.000000 50.000000 50.000000 50.000000 50.000000 50.000000 50.000000 50.000000 50.000000 50.000000 50.000000 50.000000 50.000000 50.000000 50.000000 50.000000 50.000000 50.000000 50.000000 50.000000 50.000000 50.000000 50.000000 50.000000 50.000000 50.000000 50.000000 50.000000 50.000000 50.000000 50.000000 50.000000 50.000000 50.000000 50.000000 50.000000 
