50.000000 50.000000 50.000000 50.000000 50.000000 50.000000 50.000000 50.000000 50.000000 50.000000 50.000000 50.000000 50.000000 50.000000 50.000000 50.000000 50.000000 50.000000 50.000000 50.000000 50.000000 50.000000 50.000000 50.000000 50.000000 50.000000 50.000000 50.000000 50.000000 50.000000 50.000000 50.000000 50.000000 50.000000 50.000000 50.000000 50.000000 50.000000 50.000000 50.000000 50.000000 50.000000 50.000000 50.000000 50.000000 50.000000 50.000000 50.000000 50.000000 50.000000 
50.000000 47.891460 45.922348 44.204487 42.803578 41.734691 40.970757 40.458637 40.136132 39.945035 39.838310 39.782034 39.753967 39.740704 39.734756 39.732220 39.731190 39.730791 39.730644 39.730592 39.730574 39.730568 39.730566 39.730566 39.730566 39.730566 39.730566 39.730566 39.730565 39.730565 39.730564 39.730561 39.730552 39.730525 39.730447 39.730231 39.729657 39.728191 39.724590 39.716075 39.696667 39.653924 39.562626 39.372330 38.981661 38.180322 36.502592 32.808962 23.945730 0.000000 
50.000000 45.922348 42.114344 38.792246 36.083114 34.016084 32.538798 31.548485 30.924853 30.555334 30.348968 30.240154 30.185886 30.160243 30.148742 30.143839 30.141848 30.141077 30.140792 30.140691 30.140657 30.140646 30.140643 30.140642 30.140641 30.140641 30.140641 30.140641 30.140641 30.140640 30.140639 30.140634 30.140617 30.140569 30.140431 30.140050 30.139040 30.136469 30.130180 30.115391 30.081931 30.008995 29.855461 29.542317 28.920693 27.712994 25.404359 21.057172 13.113387 0.000000 
50.000000 44.204487 38.792246 34.070658 30.220314 27.282610 25.183110 23.775726 22.889479 22.364371 22.071124 21.916505 21.839396 21.802961 21.786622 21.779656 21.776828 21.775733 21.775328 21.775185 21.775136 21.775120 21.775115 21.775114 21.775113 21.775113 21.775113 21.775113 21.775113 21.775112 21.775110 21.775104 21.775084 21.775025 21.774856 21.774391 21.773164 21.770056 21.762501 21.744875 21.705410 21.620567 21.445299 21.097055 20.430934 19.204265 17.035329 13.387887 7.701894 0.000000 
50.000000 42.803578 36.083114 30.220314 25.439423 21.791821 19.185048 17.437676 16.337376 15.685466 15.321424 15.129486 15.033771 14.988548 14.968269 14.959623 14.956113 14.954755 14.954252 14.954074 14.954014 14.953994 14.953988 14.953986 14.953986 14.953986 14.953986 14.953986 14.953985 14.953985 14.953983 14.953976 14.953956 14.953896 14.953726 14.953260 14.952037 14.948956 14.941523 14.924342 14.886326 14.805834 14.642823 14.327298 13.744406 12.719711 11.016049 8.370120 4.623256 0.000000 
50.000000 41.734691 34.016084 27.282610 21.791821 17.602702 14.609025 12.602374 11.338860 10.590284 10.172280 9.951903 9.842013 9.790096 9.766816 9.756892 9.752863 9.751303 9.750727 9.750523 9.750454 9.750431 9.750424 9.750422 9.750421 9.750421 9.750421 9.750421 9.750421 9.750420 9.750419 9.750413 9.750395 9.750342 9.750194 9.749788 9.748728 9.746076 9.739728 9.725200 9.693441 9.627208 9.495608 9.246946 8.801351 8.047415 6.851677 5.095391 2.753030 0.000000 
50.000000 40.970757 32.538798 25.183110 19.185048 14.609025 11.338949 9.147106 7.767038 6.949444 6.492924 6.252253 6.132249 6.075557 6.050138 6.039302 6.034904 6.033202 6.032572 6.032349 6.032274 6.032249 6.032242 6.032239 6.032239 6.032239 6.032238 6.032238 6.032238 6.032238 6.032236 6.032232 6.032218 6.032177 6.032060 6.031744 6.030924 6.028886 6.024046 6.013076 5.989373 5.940643 5.845490 5.669474 5.362079 4.857750 4.086054 2.996481 1.598427 0.000000 
50.000000 40.458637 31.548485 23.775726 17.437676 12.602374 9.147106 6.831206 5.373078 4.509272 4.026969 3.772718 3.645949 3.586064 3.559214 3.547770 3.543125 3.541327 3.540662 3.540427 3.540347 3.540321 3.540313 3.540311 3.540310 3.540310 3.540310 3.540310 3.540309 3.540309 3.540308 3.540305 3.540295 3.540266 3.540183 3.539960 3.539384 3.537962 3.534611 3.527085 3.511001 3.478360 3.415603 3.301616 3.106766 2.794853 2.330427 1.693024 0.896011 0.000000 
50.000000 40.136132 30.924853 22.889479 16.337376 11.338860 7.767038 5.373078 3.865845 2.972978 2.474466 2.211679 2.080661 2.018770 1.991023 1.979196 1.974396 1.972538 1.971851 1.971608 1.971526 1.971499 1.971491 1.971489 1.971488 1.971488 1.971488 1.971488 1.971487 1.971487 1.971487 1.971484 1.971478 1.971459 1.971405 1.971260 1.970889 1.969979 1.967848 1.963103 1.953063 1.932922 1.894717 1.826396 1.711652 1.531542 1.268912 0.915858 0.482207 0.000000 
50.000000 39.945035 30.555334 22.364371 15.685466 10.590284 6.949444 4.509272 2.972978 2.062917 1.554819 1.286986 1.153456 1.090381 1.062103 1.050051 1.045160 1.043267 1.042567 1.042319 1.042235 1.042208 1.042200 1.042197 1.042196 1.042196 1.042196 1.042196 1.042196 1.042196 1.042195 1.042194 1.042190 1.042179 1.042146 1.042060 1.041838 1.041299 1.040044 1.037272 1.031459 1.019915 0.998271 0.960071 0.896843 0.799140 0.658961 0.473403 0.248368 0.000000 
50.000000 39.838310 30.348968 22.071124 15.321424 10.172280 6.492924 4.026969 2.474466 1.554819 1.041378 0.770734 0.635805 0.572070 0.543498 0.531321 0.526379 0.524466 0.523758 0.523508 0.523424 0.523396 0.523388 0.523385 0.523384 0.523384 0.523384 0.523384 0.523384 0.523384 0.523384 0.523383 0.523381 0.523374 0.523356 0.523308 0.523185 0.522887 0.522199 0.520689 0.517547 0.511363 0.499885 0.479848 0.447081 0.397082 0.326249 0.233578 0.122235 0.000000 
50.000000 39.782034 30.240154 21.916505 15.129486 9.951903 6.252253 3.772718 2.211679 1.286986 0.770734 0.498612 0.362947 0.298867 0.270139 0.257896 0.252927 0.251004 0.250293 0.250042 0.249957 0.249929 0.249920 0.249918 0.249917 0.249917 0.249917 0.249917 0.249917 0.249917 0.249917 0.249916 0.249915 0.249912 0.249902 0.249877 0.249813 0.249659 0.249306 0.248535 0.246942 0.243832 0.238107 0.228206 0.212175 0.187963 0.154004 0.109974 0.057444 0.000000 
50.000000 39.753967 30.185886 21.839396 15.033771 9.842013 6.132249 3.645949 2.080661 1.153456 0.635805 0.362947 0.226917 0.162665 0.133860 0.121585 0.116603 0.114674 0.113962 0.113709 0.113624 0.113596 0.113588 0.113585 0.113584 0.113584 0.113584 0.113584 0.113584 0.113584 0.113584 0.113584 0.113583 0.113581 0.113577 0.113564 0.113533 0.113459 0.113288 0.112918 0.112157 0.110682 0.107987 0.103363 0.095937 0.084815 0.069340 0.049417 0.025776 0.000000 
50.000000 39.740704 30.160243 21.802961 14.988548 9.790096 6.075557 3.586064 2.018770 1.090381 0.572070 0.298867 0.162665 0.098331 0.069490 0.057199 0.052211 0.050280 0.049567 0.049314 0.049229 0.049201 0.049192 0.049190 0.049189 0.049189 0.049189 0.049189 0.049189 0.049189 0.049189 0.049189 0.049188 0.049188 0.049185 0.049180 0.049165 0.049131 0.049053 0.048886 0.048542 0.047881 0.046680 0.044633 0.041368 0.036511 0.029798 0.021203 0.011047 0.000000 
50.000000 39.734756 30.148742 21.786622 14.968269 9.766816 6.050138 3.559214 1.991023 1.062103 0.543498 0.270139 0.133860 0.069490 0.040634 0.028336 0.023345 0.021413 0.020699 0.020447 0.020361 0.020333 0.020325 0.020322 0.020321 0.020321 0.020321 0.020321 0.020321 0.020321 0.020321 0.020321 0.020321 0.020320 0.020319 0.020317 0.020311 0.020296 0.020262 0.020190 0.020044 0.019762 0.019254 0.018393 0.017028 0.015009 0.012232 0.008693 0.004525 0.000000 
50.000000 39.732220 30.143839 21.779656 14.959623 9.756892 6.039302 3.547770 1.979196 1.050051 0.531321 0.257896 0.121585 0.057199 0.028336 0.016035 0.011043 0.009111 0.008396 0.008144 0.008058 0.008030 0.008022 0.008019 0.008018 0.008018 0.008018 0.008018 0.008018 0.008018 0.008018 0.008018 0.008018 0.008018 0.008017 0.008016 0.008014 0.008008 0.007994 0.007965 0.007905 0.007791 0.007587 0.007242 0.006698 0.005897 0.004801 0.003408 0.001773 0.000000 
50.000000 39.731190 30.141848 21.776828 14.956113 9.752863 6.034904 3.543125 1.974396 1.045160 0.526379 0.252927 0.116603 0.052211 0.023345 0.011043 0.006050 0.004118 0.003404 0.003151 0.003065 0.003038 0.003029 0.003026 0.003026 0.003025 0.003025 0.003025 0.003025 0.003025 0.003025 0.003025 0.003025 0.003025 0.003025 0.003025 0.003024 0.003021 0.003016 0.003004 0.002981 0.002938 0.002859 0.002728 0.002521 0.002217 0.001803 0.001279 0.000665 0.000000 
50.000000 39.730791 30.141077 21.775733 14.954755 9.751303 6.033202 3.541327 1.972538 1.043267 0.524466 0.251004 0.114674 0.050280 0.021413 0.009111 0.004118 0.002186 0.001471 0.001218 0.001133 0.001105 0.001096 0.001094 0.001093 0.001093 0.001093 0.001093 0.001093 0.001093 0.001093 0.001093 0.001093 0.001093 0.001093 0.001093 0.001092 0.001091 0.001089 0.001085 0.001077 0.001061 0.001032 0.000984 0.000908 0.000798 0.000649 0.000460 0.000239 0.000000 
50.000000 39.730644 30.140792 21.775328 14.954252 9.750727 6.032572 3.540662 1.971851 1.042567 0.523758 0.250293 0.113962 0.049567 0.020699 0.008396 0.003404 0.001471 0.000757 0.000504 0.000418 0.000391 0.000382 0.000379 0.000379 0.000378 0.000378 0.000378 0.000378 0.000378 0.000378 0.000378 0.000378 0.000378 0.000378 0.000378 0.000378 0.000378 0.000377 0.000376 0.000373 0.000367 0.000357 0.000340 0.000314 0.000276 0.000224 0.000159 0.000082 0.000000 
50.000000 39.730592 30.140691 21.775185 14.954074 9.750523 6.032349 3.540427 1.971608 1.042319 0.523508 0.250042 0.113709 0.049314 0.020447 0.008144 0.003151 0.001218 0.000504 0.000251 0.000166 0.000138 0.000129 0.000127 0.000126 0.000126 0.000126 0.000126 0.000126 0.000126 0.000126 0.000126 0.000126 0.000126 0.000126 0.000126 0.000126 0.000126 0.000125 0.000125 0.000124 0.000122 0.000119 0.000113 0.000104 0.000091 0.000074 0.000053 0.000027 0.000000 
50.000000 39.730574 30.140657 21.775136 14.954014 9.750454 6.032274 3.540347 1.971526 1.042235 0.523424 0.249957 0.113624 0.049229 0.020361 0.008058 0.003065 0.001133 0.000418 0.000166 0.000080 0.000052 0.000044 0.000041 0.000040 0.000040 0.000040 0.000040 0.000040 0.000040 0.000040 0.000040 0.000040 0.000040 0.000040 0.000040 0.000040 0.000040 0.000040 0.000040 0.000040 0.000039 0.000038 0.000036 0.000033 0.000029 0.000024 0.000017 0.000009 0.000000 
50.000000 39.730568 30.140646 21.775120 14.953994 9.750431 6.032249 3.540321 1.971499 1.042208 0.523396 0.249929 0.113596 0.049201 0.020333 0.008030 0.003038 0.001105 0.000391 0.000138 0.000052 0.000025 0.000016 0.000013 0.000013 0.000012 0.000012 0.000012 0.000012 0.000012 0.000012 0.000012 0.000012 0.000012 0.000012 0.000012 0.000012 0.000012 0.000012 0.000012 0.000012 0.000012 0.000012 0.000011 0.000010 0.000009 0.000007 0.000005 0.000003 0.000000 
50.000000 39.730566 30.140643 21.775115 14.953988 9.750424 6.032242 3.540313 1.971491 1.042200 0.523388 0.249920 0.113588 0.049192 0.020325 0.008022 0.003029 0.001096 0.000382 0.000129 0.000044 0.000016 0.000007 0.000005 0.000004 0.000004 0.000004 0.000004 0.000004 0.000004 0.000004 0.000004 0.000004 0.000004 0.000004 0.000004 0.000004 0.000004 0.000004 0.000004 0.000004 0.000004 0.000003 0.000003 0.000003 0.000003 0.000002 0.000002 0.000001 0.000000 
50.000000 39.730566 30.140642 21.775114 14.953986 9.750422 6.032239 3.540311 1.971489 1.042197 0.523385 0.249918 0.113585 0.049190 0.020322 0.008019 0.003026 0.001094 0.000379 0.000127 0.000041 0.000013 0.000005 0.000002 0.000001 0.000001 0.000001 0.000001 0.000001 0.000001 0.000001 0.000001 0.000001 0.000001 0.000001 0.000001 0.000001 0.000001 0.000001 0.000001 0.000001 0.000001 0.000001 0.000001 0.000001 0.000001 0.000001 0.000000 0.000000 0.000000 
50.000000 39.730566 30.140641 21.775113 14.953986 9.750421 6.032239 3.540310 1.971488 1.042196 0.523384 0.249917 0.113584 0.049189 0.020321 0.008018 0.003026 0.001093 0.000379 0.000126 0.000040 0.000013 0.000004 0.000001 0.000001 0.000000 0.000000 0.000000 0.000000 0.000000 0.000000 0.000000 0.000000 0.000000 0.000000 0.000000 0.000000 0.000000 0.000000 0.000000 0.000000 0.000000 0.000000 0.000000 0.000000 0.000000 0.000000 0.000000 0.000000 0.000000 
50.000000 39.730566 30.140641 21.775113 14.953986 9.750421 6.032239 3.540310 1.971488 1.042196 0.523384 0.249917 0.113584 0.049189 0.020321 0.008018 0.003026 0.001093 0.000379 0.000126 0.000040 0.000013 0.000004 0.000001 0.000001 0.000000 0.000000 0.000000 0.000000 0.000000 0.000000 0.000000 0.000000 0.000000 0.000000 0.000000 0.000000 0.000000 0.000000 0.000000 0.000000 0.000000 0.000000 0.000000 0.000000 0.000000 0.000000 0.000000 0.000000 0.000000 
50.000000 39.730566 30.140642 21.775114 14.953986 9.750422 6.032239 3.540311 1.971489 1.042197 0.523385 0.249918 0.113585 0.049190 0.020322 0.008019 0.003026 0.001094 0.000379 0.000127 0.000041 0.000013 0.000005 0.000002 0.000001 0.000001 0.000001 0.000001 0.000001 0.000001 0.000001 0.000001 0.000001 0.000001 0.000001 0.000001 0.000001 0.000001 0.000001 0.000001 0.000001 0.000001 0.000001 0.000001 0.000001 0.000001 0.000001 0.000000 0.000000 0.000000 
50.000000 39.730566 30.140643 21.775115 14.953988 9.750424 6.032242 3.540313 1.971491 1.042200 0.523388 0.249920 0.113588 0.049192 0.020325 0.008022 0.003029 0.001096 0.000382 0.000129 0.000044 0.000016 0.000007 0.000005 0.000004 0.000004 0.000004 0.000004 0.000004 0.000004 0.000004 0.000004 0.000004 0.000004 0.000004 0.000004 0.000004 0.000004 0.000004 0.000004 0.000004 0.000004 0.000003 0.000003 0.000003 0.000003 0.000002 0.000002 0.000001 0.000000 
50.000000 39.730568 30.140646 21.775120 14.953994 9.750431 6.032249 3.540321 1.971499 1.042208 0.523396 0.249929 0.113596 0.049201 0.020333 0.008030 0.003038 0.001105 0.000391 0.000138 0.000052 0.000025 0.000016 0.000013 0.000013 0.000012 0.000012 0.000012 0.000012 0.000012 0.000012 0.000012 0.000012 0.000012 0.000012 0.000012 0.000012 0.000012 0.000012 0.000012 0.000012 0.000012 0.000012 0.000011 0.000010 0.000009 0.000007 0.000005 0.000003 0.000000 
50.000000 39.730574 30.140657 21.775136 14.954014 9.750454 6.032274 3.540347 1.971526 1.042235 0.523424 0.249957 0.113624 0.049229 0.020361 0.008058 0.003065 0.001133 0.000418 0.000166 0.000080 0.000052 0.000044 0.000041 0.000040 0.000040 0.000040 0.000040 0.000040 0.000040 0.000040 0.000040 0.000040 0.000040 0.000040 0.000040 0.000040 0.000040 0.000040 0.000040 0.000040 0.000039 0.000038 0.000036 0.000033 0.000029 0.000024 0.000017 0.000009 0.000000 
50.000000 39.730592 30.140691 21.775185 14.954074 9.750523 6.032349 3.540427 1.971608 1.042319 0.523508 0.250042 0.113709 0.049314 0.020447 0.008144 0.003151 0.001218 0.000504 0.000251 0.000166 0.000138 0.000129 0.000127 0.000126 0.000126 0.000126 0.000126 0.000126 0.000126 0.000126 0.000126 0.000126 0.000126 0.000126 0.000126 0.000126 0.000126 0.000125 0.000125 0.000124 0.000122 0.000119 0.000113 0.000104 0.000091 0.000074 0.000053 0.000027 0.000000 
50.000000 39.730644 30.140792 21.775328 14.954252 9.750727 6.032572 3.540662 1.971851 1.042567 0.523758 0.250293 0.113962 0.049567 0.020699 0.008396 0.003404 0.001471 0.000757 0.000504 0.000418 0.000391 0.000382 0.000379 0.000379 0.000378 0.000378 0.000378 0.000378 0.000378 0.000378 0.000378 0.000378 0.000378 0.000378 0.000378 0.000378 0.000378 0.000377 0.000376 0.000373 0.000367 0.000357 0.000340 0.000314 0.000276 0.000224 0.000159 0.000082 0.000000 
50.000000 39.730791 30.141077 21.775733 14.954755 9.751303 6.033202 3.541327 1.972538 1.043267 0.524466 0.251004 0.114674 0.050280 0.021413 0.009111 0.004118 0.002186 0.001471 0.001218 0.001133 0.001105 0.001096 0.001094 0.001093 0.001093 0.001093 0.001093 0.001093 0.001093 0.001093 0.001093 0.001093 0.001093 0.001093 0.001093 0.001092 0.001091 0.001089 0.001085 0.001077 0.001061 0.001032 0.000984 0.000908 0.000798 0.000649 0.000460 0.000239 0.000000 
50.000000 39.731190 30.141848 21.776828 14.956113 9.752863 6.034904 3.543125 1.974396 1.045160 0.526379 0.252927 0.116603 0.052211 0.023345 0.011043 0.006050 0.004118 0.003404 0.003151 0.003065 0.003038 0.003029 0.003026 0.003026 0.003025 0.003025 0.003025 0.003025 0.003025 0.003025 0.003025 0.003025 0.003025 0.003025 0.003025 0.003024 0.003021 0.003016 0.003004 0.002981 0.002938 0.002859 0.002728 0.002521 0.002217 0.001803 0.001279 0.000665 0.000000 
50.000000 39.732220 30.143839 21.779656 14.959623 9.756892 6.039302 3.547770 1.979196 1.050051 0.531321 0.257896 0.121585 0.057199 0.028336 0.016035 0.011043 0.009111 0.008396 0.008144 0.008058 0.008030 0.008022 0.008019 0.008018 0.008018 0.008018 0.008018 0.008018 0.008018 0.008018 0.008018 0.008018 0.008018 0.008017 0.008016 0.008014 0.008008 0.007994 0.007965 0.007905 0.007791 0.007587 0.007242 0.006698 0.005897 0.004801 0.003408 0.001773 0.000000 
50.000000 39.734756 30.148742 21.786622 14.968269 9.766816 6.050138 3.559214 1.991023 1.062103 0.543498 0.270139 0.133860 0.069490 0.040634 0.028336 0.023345 0.021413 0.020699 0.020447 0.020361 0.020333 0.020325 0.020322 0.020321 0.020321 0.020321 0.020321 0.020321 0.020321 0.020321 0.020321 0.020321 0.020320 0.020319 0.020317 0.020311 0.020296 0.020262 0.020190 0.020044 0.019762 0.019254 0.018393 0.017028 0.015009 0.012232 0.008693 0.004525 0.000000 
50.000000 39.740704 30.160243 21.802961 14.988548 9.790096 6.075557 3.586064 2.018770 1.090381 0.572070 0.298867 0.162665 0.098331 0.069490 0.057199 0.052211 0.050280 0.049567 0.049314 0.049229 0.049201 0.049192 0.049190 0.049189 0.049189 0.049189 0.049189 0.049189 0.049189 0.049189 0.049189 0.049188 0.049188 0.049185 0.049180 0.049165 0.049131 0.049053 0.048886 0.048542 0.047881 0.046680 0.044633 0.041368 0.036511 0.029798 0.021203 0.011047 0.000000 
50.000000 39.753967 30.185886 21.839396 15.033771 9.842013 6.132249 3.645949 2.080661 1.153456 0.635805 0.362947 0.226917 0.162665 0.133860 0.121585 0.116603 0.114674 0.113962 0.113709 0.113624 0.113596 0.113588 0.113585 0.113584 0.113584 0.113584 0.113584 0.113584 0.113584 0.113584 0.113584 0.113583 0.113581 0.113577 0.113564 0.113533 0.113459 0.113288 0.112918 0.112157 0.110682 0.107987 0.103363 0.095937 0.084815 0.069340 0.049417 0.025776 0.000000 
50.000000 39.782034 30.240154 21.916505 15.129486 9.951903 6.252253 3.772718 2.211679 1.286986 0.770734 0.498612 0.362947 0.298867 0.270139 0.257896 0.252927 0.251004 0.250293 0.250042 0.249957 0.249929 0.249920 0.249918 0.249917 0.249917 0.249917 0.249917 0.249917 0.249917 0.249917 0.249916 0.249915 0.249912 0.249902 0.249877 0.249813 0.249659 0.249306 0.248535 0.246942 0.243832 0.238107 0.228206 0.212175 0.187963 0.154004 0.109974 0.057444 0.000000 
50.000000 39.838310 30.348968 22.071124 15.321424 10.172280 6.492924 4.026969 2.474466 1.554819 1.041378 0.770734 0.635805 0.572070 0.543498 0.531321 0.526379 0.524466 0.523758 0.523508 0.523424 0.523396 0.523388 0.523385 0.523384 0.523384 0.523384 0.523384 0.523384 0.523384 0.523384 0.523383 0.523381 0.523374 0.523356 0.523308 0.523185 0.522887 0.522199 0.520689 0.517547 0.511363 0.499885 0.479848 0.447081 0.397082 0.326249 0.233578 0.122235 0.000000 
50.000000 39.945035 30.555334 22.364371 15.685466 10.590284 6.949444 4.509272 2.972978 2.062917 1.554819 1.286986 1.153456 1.090381 1.062103 1.050051 1.045160 1.043267 1.042567 1.042319 1.042235 1.042208 1.042200 1.042197 1.042196 1.042196 1.042196 1.042196 1.042196 1.042196 1.042195 1.042194 1.042190 1.042179 1.042146 1.042060 1.041838 1.041299 1.040044 1.037272 1.031459 1.019915 0.998271 0.960071 0.896843 0.799140 0.658961 0.473403 0.248368 0.000000 
50.000000 40.136132 30.924853 22.889479 16.337376 11.338860 7.767038 5.373078 3.865845 2.972978 2.474466 2.211679 2.080661 2.018770 1.991023 1.979196 1.974396 1.972538 1.971851 1.971608 1.971526 1.971499 1.971491 1.971489 1.971488 1.971488 1.971488 1.971488 1.971487 1.971487 1.971487 1.971484 1.971478 1.971459 1.971405 1.971260 1.970889 1.969979 1.967848 1.963103 1.953063 1.932922 1.894717 1.826396 1.711652 1.531542 1.268912 0.915858 0.482207 0.000000 
50.000000 40.458637 31.548485 23.775726 17.437676 12.602374 9.147106 6.831206 5.373078 4.509272 4.026969 3.772718 3.645949 3.586064 3.559214 3.547770 3.543125 3.541327 3.540662 3.540427 3.540347 3.540321 3.540313 3.540311 3.540310 3.540310 3.540310 3.540310 3.540309 3.540309 3.540308 3.540305 3.540295 3.540266 3.540183 3.539960 3.539384 3.537962 3.534611 3.527085 3.511001 3.478360 3.415603 3.301616 3.106766 2.794853 2.330427 1.693024 0.896011 0.000000 
50.000000 40.970757 32.538798 25.183110 19.185048 14.609025 11.338949 9.147106 7.767038 6.949444 6.492924 6.252253 6.132249 6.075557 6.050138 6.039302 6.034904 6.033202 6.032572 6.032349 6.032274 6.032249 6.032242 6.032239 6.032239 6.032239 6.032238 6.032238 6.032238 6.032238 6.032236 6.032232 6.032218 6.032177 6.032060 6.031744 6.030924 6.028886 6.024046 6.013076 5.989373 5.940643 5.845490 5.669474 5.362079 4.857750 4.086054 2.996481 1.598427 0.000000 
50.000000 41.734691 34.016084 27.282610 21.791821 17.602702 14.609025 12.602374 11.338860 10.590284 10.172280 9.951903 9.842013 9.790096 9.766816 9.756892 9.752863 9.751303 9.750727 9.750523 9.750454 9.750431 9.750424 9.750422 9.750421 9.750421 9.750421 9.750421 9.750421 9.750420 9.750419 9.750413 9.750395 9.750342 9.750194 9.749788 9.748728 9.746076 9.739728 9.725200 9.693441 9.627208 9.495608 9.246946 8.801351 8.047415 6.851677 5.095391 2.753030 0.000000 
50.000000 42.803578 36.083114 30.220314 25.439423 21.791821 19.185048 17.437676 16.337376 15.685466 15.321424 15.129486 15.033771 14.988548 14.968269 14.959623 14.956113 14.954755 14.954252 14.954074 14.954014 14.953994 14.953988 14.953986 14.953986 14.953986 14.953986 14.953986 14.953985 14.953985 14.953983 14.953976 14.953956 14.953896 14.953726 14.953260 14.952037 14.948956 14.941523 14.924342 14.886326 14.805834 14.642823 14.327298 13.744406 12.719711 11.016049 8.370120 4.623256 0.000000 
50.000000 44.204487 38.792246 34.070658 30.220314 27.282610 25.183110 23.775726 22.889479 22.364371 22.071124 21.916505 21.839396 21.802961 21.786622 21.779656 21.776828 21.775733 21.775328 21.775185 21.775136 21.775120 21.775115 21.775114 21.775113 21.775113 21.775113 21.775113 21.775113 21.775112 21.775110 21.775104 21.775084 21.775025 21.774856 21.774391 21.773164 21.770056 21.762501 21.744875 21.705410 21.620567 21.445299 21.097055 20.430934 19.204265 17.035329 13.387887 7.701894 0.000000 
50.000000 45.922348 42.114344 38.792246 36.083114 34.016084 32.538798 31.548485 30.924853 30.555334 30.348968 30.240154 30.185886 30.160243 30.148742 30.143839 30.141848 30.141077 30.140792 30.140691 30.140657 30.140646 30.140643 30.140642 30.140641 30.140641 30.140641 30.140641 30.140641 30.140640 30.140639 30.140634 30.140617 30.140569 30.140431 30.140050 30.139040 30.136469 30.130180 30.115391 30.081931 30.008995 29.855461 29.542317 28.920693 27.712994 25.404359 21.057172 13.113387 0.000000 
50.000000 47.891460 45.922348 44.204487 42.803578 41.734691 40.970757 40.458637 40.136132 39.945035 39.838310 39.782034 39.753967 39.740704 39.734756 39.732220 39.731190 39.730791 39.730644 39.730592 39.730574 39.730568 39.730566 39.730566 39.730566 39.730566 39.730566 39.730566 39.730565 39.730565 39.730564 39.730561 39.730552 39.730525 39.730447 39.730231 39.729657 39.728191 39.724590 39.716075 39.696667 39.653924 39.562626 39.372330 38.981661 38.180322 36.502592 32.808962 23.945730 0.000000 
50.000000 50.000000 50.000000 50.000000 50.000000 50.000000 50.000000 50.000000 50.000000 50.000000 50.000000 50.000000 50.000000 50.000000 50.000000 50.000000 50.000000 50.000000 50.000000 50.000000 50.000000 50.000000 50.000000 50.000000 50.000000 50.000000 50.000000 50.000000 50.000000 50.000000 50.000000 50.000000 50.000000 50.000000 50.000000 50.000000 50.000000 50.000000 50.000000 50.000000 50.000000 50.000000 50.000000 50.000000 50.000000 50.000000 50.000000 50.000000 50.000000 50.000000 
