50.000000 50.000000 50.000000 50.000000 50.000000 50.000000 50.000000 50.000000 50.000000 50.000000 50.000000 50.000000 50.000000 50.000000 50.000000 50.000000 50.000000 50.000000 50.000000 50.000000 50.000000 50.000000 50.000000 50.000000 50.000000 50.000000 50.000000 50.000000 50.000000 50.000000 50.000000 50.000000 50.000000 50.000000 50.000000 50.000000 50.000000 50.000000 50.000000 50.000000 50.000000 50.000000 50.000000 50.000000 50.000000 50.000000 50.000000 50.000000 50.000000 50.000000 
50.000000 47.866027 45.874862 44.140698 42.730038 41.657247 40.893607 40.384097 40.064956 39.876976 39.772674 39.718060 39.691025 39.678350 39.672712 39.670329 39.669370 39.669002 39.668867 39.668820 39.668804 39.668799 39.668797 39.668797 39.668796 39.668796 39.668796 39.668796 39.668796 39.668796 39.668795 39.668793 39.668784 39.668759 39.668687 39.668486 39.667947 39.666559 39.663124 39.654942 39.636167 39.594563 39.505190 39.317959 38.931872 38.136956 36.467656 32.784374 23.933014 0.000000 
50.000000 45.874862 42.025795 38.673552 35.946688 33.872963 32.396856 31.411999 30.795126 30.431786 30.230189 30.124633 30.072381 30.047885 30.036989 30.032383 30.030530 30.029819 30.029558 30.029467 30.029436 30.029426 30.029423 30.029422 30.029422 30.029422 30.029422 30.029422 30.029422 30.029421 30.029420 30.029415 30.029401 30.029357 30.029229 30.028874 30.027927 30.025497 30.019506 30.005316 29.972997 29.902109 29.752042 29.444417 28.831042 27.634906 25.341450 21.012897 13.090488 0.000000 
50.000000 44.140698 38.673552 33.912133 30.039039 27.093687 24.997193 23.598452 22.722367 22.206370 21.920082 21.770188 21.695991 21.661209 21.645739 21.639200 21.636568 21.635559 21.635189 21.635060 21.635016 21.635002 21.634998 21.634996 21.634996 21.634996 21.634996 21.634996 21.634996 21.634995 21.634993 21.634988 21.634970 21.634916 21.634760 21.634329 21.633181 21.630249 21.623069 21.606198 21.568170 21.485906 21.315004 20.973711 20.317981 19.105880 16.956067 13.332102 7.673042 0.000000 
50.000000 42.730038 35.946688 30.039039 25.233650 21.579409 18.978404 17.243122 16.156292 15.516197 15.161074 14.975147 14.883121 14.839982 14.820796 14.812687 14.809425 14.808173 14.807714 14.807554 14.807500 14.807482 14.807477 14.807475 14.807475 14.807475 14.807475 14.807475 14.807475 14.807474 14.807472 14.807466 14.807448 14.807394 14.807238 14.806807 14.805666 14.802770 14.795728 14.779336 14.742821 14.665024 14.506576 14.198316 13.626288 12.616825 10.933159 8.311781 4.593082 0.000000 
50.000000 41.657247 33.872963 27.093687 21.579409 17.386202 14.401667 12.410584 11.163594 10.429205 10.021789 9.808496 9.702931 9.653448 9.631443 9.622142 9.618400 9.616965 9.616439 9.616255 9.616193 9.616173 9.616167 9.616165 9.616165 9.616165 9.616165 9.616165 9.616165 9.616164 9.616162 9.616157 9.616141 9.616094 9.615958 9.615584 9.614599 9.612116 9.606127 9.592320 9.561935 9.498171 9.370750 9.128743 8.693101 7.953121 6.775707 5.041921 2.725375 0.000000 
50.000000 40.893607 32.396856 24.997193 18.978404 14.401667 11.144252 8.971200 7.610299 6.808862 6.364271 6.131529 6.016343 5.962355 5.938347 5.928201 5.924119 5.922554 5.921980 5.921779 5.921712 5.921690 5.921684 5.921682 5.921681 5.921681 5.921681 5.921681 5.921681 5.921680 5.921679 5.921675 5.921663 5.921625 5.921520 5.921230 5.920472 5.918572 5.914027 5.903650 5.881077 5.834377 5.742664 5.572126 5.272924 4.780087 4.023482 2.952439 1.575648 0.000000 
50.000000 40.384097 31.411999 23.598452 17.243122 12.410584 8.971200 6.676826 5.239998 4.393881 3.924525 3.678829 3.557239 3.500252 3.474912 3.464204 3.459896 3.458244 3.457639 3.457427 3.457356 3.457333 3.457326 3.457324 3.457323 3.457323 3.457323 3.457323 3.457323 3.457322 3.457322 3.457319 3.457310 3.457284 3.457209 3.457005 3.456476 3.455158 3.452027 3.444946 3.429709 3.398591 3.338413 3.228536 3.039834 2.736547 2.283447 1.659957 0.878907 0.000000 
50.000000 40.064956 30.795126 22.722367 16.156292 11.163594 7.610299 5.239998 3.755665 2.881602 2.396760 2.142968 2.017377 1.958516 1.932345 1.921285 1.916837 1.915131 1.914506 1.914287 1.914213 1.914190 1.914182 1.914180 1.914180 1.914179 1.914179 1.914179 1.914179 1.914179 1.914179 1.914177 1.914171 1.914154 1.914106 1.913975 1.913635 1.912796 1.910817 1.906379 1.896923 1.877833 1.841407 1.775922 1.665423 1.491268 1.236461 0.893017 0.470393 0.000000 
50.000000 39.876976 30.431786 22.206370 15.516197 10.429205 6.808862 4.393881 2.881602 1.991103 1.497158 1.238608 1.110666 1.050706 1.024046 1.012781 1.008250 1.006512 1.005875 1.005653 1.005578 1.005554 1.005546 1.005544 1.005543 1.005543 1.005543 1.005543 1.005543 1.005543 1.005543 1.005542 1.005538 1.005528 1.005499 1.005421 1.005220 1.004726 1.003568 1.000992 0.995551 0.984679 0.964172 0.927785 0.867270 0.773376 0.638200 0.458789 0.240809 0.000000 
50.000000 39.772674 30.230189 21.920082 15.161074 10.021789 6.364271 3.924525 2.396760 1.497158 0.998173 0.736990 0.607747 0.547179 0.520250 0.508871 0.504294 0.502539 0.501896 0.501671 0.501595 0.501571 0.501563 0.501561 0.501560 0.501560 0.501560 0.501560 0.501560 0.501560 0.501560 0.501559 0.501557 0.501552 0.501536 0.501492 0.501382 0.501111 0.500480 0.499086 0.496166 0.490381 0.479579 0.460622 0.429469 0.381738 0.313884 0.224873 0.117733 0.000000 
50.000000 39.718060 30.124633 21.770188 14.975147 9.808496 6.131529 3.678829 2.142968 1.238608 0.736990 0.474432 0.344510 0.283625 0.256555 0.245117 0.240516 0.238752 0.238106 0.237879 0.237803 0.237779 0.237771 0.237769 0.237768 0.237768 0.237768 0.237768 0.237768 0.237768 0.237768 0.237768 0.237767 0.237764 0.237755 0.237733 0.237676 0.237537 0.237216 0.236509 0.235040 0.232151 0.226802 0.217502 0.202369 0.179419 0.147118 0.105127 0.054937 0.000000 
50.000000 39.691025 30.072381 21.695991 14.883121 9.702931 6.016343 3.557239 2.017377 1.110666 0.607747 0.344510 0.214254 0.153212 0.126073 0.114606 0.109993 0.108225 0.107577 0.107350 0.107274 0.107249 0.107242 0.107240 0.107239 0.107239 0.107239 0.107239 0.107239 0.107239 0.107239 0.107238 0.107238 0.107236 0.107232 0.107222 0.107194 0.107127 0.106973 0.106636 0.105940 0.104581 0.102082 0.097771 0.090814 0.080351 0.065742 0.046884 0.024466 0.000000 
50.000000 39.678350 30.047885 21.661209 14.839982 9.653448 5.962355 3.500252 1.958516 1.050706 0.547179 0.283625 0.153212 0.092097 0.064926 0.053445 0.048827 0.047056 0.046408 0.046181 0.046104 0.046080 0.046072 0.046070 0.046069 0.046069 0.046069 0.046069 0.046069 0.046069 0.046069 0.046069 0.046069 0.046068 0.046066 0.046061 0.046049 0.046018 0.045949 0.045797 0.045486 0.044881 0.043776 0.041883 0.038849 0.034316 0.028028 0.019957 0.010403 0.000000 
50.000000 39.672712 30.036989 21.645739 14.820796 9.631443 5.938347 3.474912 1.932345 1.024046 0.520250 0.256555 0.126073 0.064926 0.037740 0.026253 0.021633 0.019861 0.019212 0.018985 0.018908 0.018884 0.018876 0.018874 0.018874 0.018873 0.018873 0.018873 0.018873 0.018873 0.018873 0.018873 0.018873 0.018873 0.018872 0.018870 0.018864 0.018851 0.018822 0.018757 0.018625 0.018370 0.017907 0.017117 0.015859 0.013989 0.011410 0.008114 0.004226 0.000000 
50.000000 39.670329 30.032383 21.639200 14.812687 9.622142 5.928201 3.464204 1.921285 1.012781 0.508871 0.245117 0.114606 0.053445 0.026253 0.014764 0.010142 0.008370 0.007721 0.007494 0.007418 0.007393 0.007385 0.007383 0.007383 0.007382 0.007382 0.007382 0.007382 0.007382 0.007382 0.007382 0.007382 0.007382 0.007382 0.007381 0.007379 0.007373 0.007361 0.007335 0.007282 0.007180 0.006995 0.006682 0.006184 0.005449 0.004440 0.003154 0.001642 0.000000 
50.000000 39.669370 30.030530 21.636568 14.809425 9.618400 5.924119 3.459896 1.916837 1.008250 0.504294 0.240516 0.109993 0.048827 0.021633 0.010142 0.005521 0.003748 0.003099 0.002872 0.002796 0.002771 0.002764 0.002761 0.002761 0.002760 0.002760 0.002760 0.002760 0.002760 0.002760 0.002760 0.002760 0.002760 0.002760 0.002760 0.002759 0.002757 0.002752 0.002742 0.002722 0.002683 0.002613 0.002494 0.002307 0.002031 0.001653 0.001173 0.000610 0.000000 
50.000000 39.669002 30.029819 21.635559 14.808173 9.616965 5.922554 3.458244 1.915131 1.006512 0.502539 0.238752 0.108225 0.047056 0.019861 0.008370 0.003748 0.001976 0.001327 0.001099 0.001023 0.000999 0.000991 0.000989 0.000988 0.000988 0.000988 0.000988 0.000988 0.000988 0.000988 0.000988 0.000988 0.000988 0.000988 0.000988 0.000987 0.000987 0.000985 0.000981 0.000974 0.000960 0.000934 0.000891 0.000824 0.000725 0.000589 0.000418 0.000217 0.000000 
50.000000 39.668867 30.029558 21.635189 14.807714 9.616439 5.921980 3.457639 1.914506 1.005875 0.501896 0.238106 0.107577 0.046408 0.019212 0.007721 0.003099 0.001327 0.000678 0.000450 0.000374 0.000350 0.000342 0.000340 0.000339 0.000339 0.000339 0.000339 0.000339 0.000339 0.000339 0.000339 0.000339 0.000339 0.000339 0.000339 0.000339 0.000338 0.000338 0.000336 0.000334 0.000329 0.000320 0.000305 0.000282 0.000248 0.000201 0.000143 0.000074 0.000000 
50.000000 39.668820 30.029467 21.635060 14.807554 9.616255 5.921779 3.457427 1.914287 1.005653 0.501671 0.237879 0.107350 0.046181 0.018985 0.007494 0.002872 0.001099 0.000450 0.000223 0.000147 0.000122 0.000115 0.000112 0.000112 0.000112 0.000112 0.000111 0.000111 0.000111 0.000111 0.000111 0.000111 0.000111 0.000111 0.000111 0.000111 0.000111 0.000111 0.000111 0.000110 0.000108 0.000105 0.000100 0.000093 0.000081 0.000066 0.000047 0.000024 0.000000 
50.000000 39.668804 30.029436 21.635016 14.807500 9.616193 5.921712 3.457356 1.914213 1.005578 0.501595 0.237803 0.107274 0.046104 0.018908 0.007418 0.002796 0.001023 0.000374 0.000147 0.000070 0.000046 0.000038 0.000036 0.000035 0.000035 0.000035 0.000035 0.000035 0.000035 0.000035 0.000035 0.000035 0.000035 0.000035 0.000035 0.000035 0.000035 0.000035 0.000035 0.000035 0.000034 0.000033 0.000032 0.000029 0.000026 0.000021 0.000015 0.000008 0.000000 
50.000000 39.668799 30.029426 21.635002 14.807482 9.616173 5.921690 3.457333 1.914190 1.005554 0.501571 0.237779 0.107249 0.046080 0.018884 0.007393 0.002771 0.000999 0.000350 0.000122 0.000046 0.000021 0.000014 0.000012 0.000011 0.000011 0.000011 0.000011 0.000011 0.000011 0.000011 0.000011 0.000011 0.000011 0.000011 0.000011 0.000011 0.000011 0.000011 0.000011 0.000011 0.000010 0.000010 0.000010 0.000009 0.000008 0.000006 0.000004 0.000002 0.000000 
50.000000 39.668797 30.029423 21.634998 14.807477 9.616167 5.921684 3.457326 1.914182 1.005546 0.501563 0.237771 0.107242 0.046072 0.018876 0.007385 0.002764 0.000991 0.000342 0.000115 0.000038 0.000014 0.000006 0.000004 0.000003 0.000003 0.000003 0.000003 0.000003 0.000003 0.000003 0.000003 0.000003 0.000003 0.000003 0.000003 0.000003 0.000003 0.000003 0.000003 0.000003 0.000003 0.000003 0.000003 0.000003 0.000002 0.000002 0.000001 0.000001 0.000000 
50.000000 39.668797 30.029422 21.634996 14.807475 9.616165 5.921682 3.457324 1.914180 1.005544 0.501561 0.237769 0.107240 0.046070 0.018874 0.007383 0.002761 0.000989 0.000340 0.000112 0.000036 0.000012 0.000004 0.000002 0.000001 0.000001 0.000001 0.000001 0.000001 0.000001 0.000001 0.000001 0.000001 0.000001 0.000001 0.000001 0.000001 0.000001 0.000001 0.000001 0.000001 0.000001 0.000001 0.000001 0.000001 0.000001 0.000001 0.000000 0.000000 0.000000 
50.000000 39.668797 30.029422 21.634996 14.807475 9.616165 5.921681 3.457323 1.914180 1.005543 0.501560 0.237769 0.107239 0.046069 0.018874 0.007383 0.002761 0.000988 0.000339 0.000112 0.000036 0.000011 0.000003 0.000001 0.000001 0.000000 0.000000 0.000000 0.000000 0.000000 0.000000 0.000000 0.000000 0.000000 0.000000 0.000000 0.000000 0.000000 0.000000 0.000000 0.000000 0.000000 0.000000 0.000000 0.000000 0.000000 0.000000 0.000000 0.000000 0.000000 
50.000000 39.668797 30.029422 21.634996 14.807475 9.616165 5.921681 3.457323 1.914180 1.005543 0.501560 0.237769 0.107239 0.046069 0.018874 0.007383 0.002761 0.000988 0.000339 0.000112 0.000036 0.000011 0.000003 0.000001 0.000001 0.000000 0.000000 0.000000 0.000000 0.000000 0.000000 0.000000 0.000000 0.000000 0.000000 0.000000 0.000000 0.000000 0.000000 0.000000 0.000000 0.000000 0.000000 0.000000 0.000000 0.000000 0.000000 0.000000 0.000000 0.000000 
50.000000 39.668797 30.029422 21.634996 14.807475 9.616165 5.921682 3.457324 1.914180 1.005544 0.501561 0.237769 0.107240 0.046070 0.018874 0.007383 0.002761 0.000989 0.000340 0.000112 0.000036 0.000012 0.000004 0.000002 0.000001 0.000001 0.000001 0.000001 0.000001 0.000001 0.000001 0.000001 0.000001 0.000001 0.000001 0.000001 0.000001 0.000001 0.000001 0.000001 0.000001 0.000001 0.000001 0.000001 0.000001 0.000001 0.000001 0.000000 0.000000 0.000000 
50.000000 39.668797 30.029423 21.634998 14.807477 9.616167 5.921684 3.457326 1.914182 1.005546 0.501563 0.237771 0.107242 0.046072 0.018876 0.007385 0.002764 0.000991 0.000342 0.000115 0.000038 0.000014 0.000006 0.000004 0.000003 0.000003 0.000003 0.000003 0.000003 0.000003 0.000003 0.000003 0.000003 0.000003 0.000003 0.000003 0.000003 0.000003 0.000003 0.000003 0.000003 0.000003 0.000003 0.000003 0.000003 0.000002 0.000002 0.000001 0.000001 0.000000 
50.000000 39.668799 30.029426 21.635002 14.807482 9.616173 5.921690 3.457333 1.914190 1.005554 0.501571 0.237779 0.107249 0.046080 0.018884 0.007393 0.002771 0.000999 0.000350 0.000122 0.000046 0.000021 0.000014 0.000012 0.000011 0.000011 0.000011 0.000011 0.000011 0.000011 0.000011 0.000011 0.000011 0.000011 0.000011 0.000011 0.000011 0.000011 0.000011 0.000011 0.000011 0.000010 0.000010 0.000010 0.000009 0.000008 0.000006 0.000004 0.000002 0.000000 
50.000000 39.668804 30.029436 21.635016 14.807500 9.616193 5.921712 3.457356 1.914213 1.005578 0.501595 0.237803 0.107274 0.046104 0.018908 0.007418 0.002796 0.001023 0.000374 0.000147 0.000070 0.000046 0.000038 0.000036 0.000035 0.000035 0.000035 0.000035 0.000035 0.000035 0.000035 0.000035 0.000035 0.000035 0.000035 0.000035 0.000035 0.000035 0.000035 0.000035 0.000035 0.000034 0.000033 0.000032 0.000029 0.000026 0.000021 0.000015 0.000008 0.000000 
50.000000 39.668820 30.029467 21.635060 14.807554 9.616255 5.921779 3.457427 1.914287 1.005653 0.501671 0.237879 0.107350 0.046181 0.018985 0.007494 0.002872 0.001099 0.000450 0.000223 0.000147 0.000122 0.000115 0.000112 0.000112 0.000112 0.000112 0.000111 0.000111 0.000111 0.000111 0.000111 0.000111 0.000111 0.000111 0.000111 0.000111 0.000111 0.000111 0.000111 0.000110 0.000108 0.000105 0.000100 0.000093 0.000081 0.000066 0.000047 0.000024 0.000000 
50.000000 39.668867 30.029558 21.635189 14.807714 9.616439 5.921980 3.457639 1.914506 1.005875 0.501896 0.238106 0.107577 0.046408 0.019212 0.007721 0.003099 0.001327 0.000678 0.000450 0.000374 0.000350 0.000342 0.000340 0.000339 0.000339 0.000339 0.000339 0.000339 0.000339 0.000339 0.000339 0.000339 0.000339 0.000339 0.000339 0.000339 0.000338 0.000338 0.000336 0.000334 0.000329 0.000320 0.000305 0.000282 0.000248 0.000201 0.000143 0.000074 0.000000 
50.000000 39.669002 30.029819 21.635559 14.808173 9.616965 5.922554 3.458244 1.915131 1.006512 0.502539 0.238752 0.108225 0.047056 0.019861 0.008370 0.003748 0.001976 0.001327 0.001099 0.001023 0.000999 0.000991 0.000989 0.000988 0.000988 0.000988 0.000988 0.000988 0.000988 0.000988 0.000988 0.000988 0.000988 0.000988 0.000988 0.000987 0.000987 0.000985 0.000981 0.000974 0.000960 0.000934 0.000891 0.000824 0.000725 0.000589 0.000418 0.000217 0.000000 
50.000000 39.669370 30.030530 21.636568 14.809425 9.618400 5.924119 3.459896 1.916837 1.008250 0.504294 0.240516 0.109993 0.048827 0.021633 0.010142 0.005521 0.003748 0.003099 0.002872 0.002796 0.002771 0.002764 0.002761 0.002761 0.002760 0.002760 0.002760 0.002760 0.002760 0.002760 0.002760 0.002760 0.002760 0.002760 0.002760 0.002759 0.002757 0.002752 0.002742 0.002722 0.002683 0.002613 0.002494 0.002307 0.002031 0.001653 0.001173 0.000610 0.000000 
50.000000 39.670329 30.032383 21.639200 14.812687 9.622142 5.928201 3.464204 1.921285 1.012781 0.508871 0.245117 0.114606 0.053445 0.026253 0.014764 0.010142 0.008370 0.007721 0.007494 0.007418 0.007393 0.007385 0.007383 0.007383 0.007382 0.007382 0.007382 0.007382 0.007382 0.007382 0.007382 0.007382 0.007382 0.007382 0.007381 0.007379 0.007373 0.007361 0.007335 0.007282 0.007180 0.006995 0.006682 0.006184 0.005449 0.004440 0.003154 0.001642 0.000000 
50.000000 39.672712 30.036989 21.645739 14.820796 9.631443 5.938347 3.474912 1.932345 1.024046 0.520250 0.256555 0.126073 0.064926 0.037740 0.026253 0.021633 0.019861 0.019212 0.018985 0.018908 0.018884 0.018876 0.018874 0.018874 0.018873 0.018873 0.018873 0.018873 0.018873 0.018873 0.018873 0.018873 0.018873 0.018872 0.018870 0.018864 0.018851 0.018822 0.018757 0.018625 0.018370 0.017907 0.017117 0.015859 0.013989 0.011410 0.008114 0.004226 0.000000 
50.000000 39.678350 30.047885 21.661209 14.839982 9.653448 5.962355 3.500252 1.958516 1.050706 0.547179 0.283625 0.153212 0.092097 0.064926 0.053445 0.048827 0.047056 0.046408 0.046181 0.046104 0.046080 0.046072 0.046070 0.046069 0.046069 0.046069 0.046069 0.046069 0.046069 0.046069 0.046069 0.046069 0.046068 0.046066 0.046061 0.046049 0.046018 0.045949 0.045797 0.045486 0.044881 0.043776 0.041883 0.038849 0.034316 0.028028 0.019957 0.010403 0.000000 
50.000000 39.691025 30.072381 21.695991 14.883121 9.702931 6.016343 3.557239 2.017377 1.110666 0.607747 0.344510 0.214254 0.153212 0.126073 0.114606 0.109993 0.108225 0.107577 0.107350 0.107274 0.107249 0.107242 0.107240 0.107239 0.107239 0.107239 0.107239 0.107239 0.107239 0.107239 0.107238 0.107238 0.107236 0.107232 0.107222 0.107194 0.107127 0.106973 0.106636 0.105940 0.104581 0.102082 0.097771 0.090814 0.080351 0.065742 0.046884 0.024466 0.000000 
50.000000 39.718060 30.124633 21.770188 14.975147 9.808496 6.131529 3.678829 2.142968 1.238608 0.736990 0.474432 0.344510 0.283625 0.256555 0.245117 0.240516 0.238752 0.238106 0.237879 0.237803 0.237779 0.237771 0.237769 0.237768 0.237768 0.237768 0.237768 0.237768 0.237768 0.237768 0.237768 0.237767 0.237764 0.237755 0.237733 0.237676 0.237537 0.237216 0.236509 0.235040 0.232151 0.226802 0.217502 0.202369 0.179419 0.147118 0.105127 0.054937 0.000000 
50.000000 39.772674 30.230189 21.920082 15.161074 10.021789 6.364271 3.924525 2.396760 1.497158 0.998173 0.736990 0.607747 0.547179 0.520250 0.508871 0.504294 0.502539 0.501896 0.501671 0.501595 0.501571 0.501563 0.501561 0.501560 0.501560 0.501560 0.501560 0.501560 0.501560 0.501560 0.501559 0.501557 0.501552 0.501536 0.501492 0.501382 0.501111 0.500480 0.499086 0.496166 0.490381 0.479579 0.460622 0.429469 0.381738 0.313884 0.224873 0.117733 0.000000 
50.000000 39.876976 30.431786 22.206370 15.516197 10.429205 6.808862 4.393881 2.881602 1.991103 1.497158 1.238608 1.110666 1.050706 1.024046 1.012781 1.008250 1.006512 1.005875 1.005653 1.005578 1.005554 1.005546 1.005544 1.005543 1.005543 1.005543 1.005543 1.005543 1.005543 1.005543 1.005542 1.005538 1.005528 1.005499 1.005421 1.005220 1.004726 1.003568 1.000992 0.995551 0.984679 0.964172 0.927785 0.867270 0.773376 0.638200 0.458789 0.240809 0.000000 
50.000000 40.064956 30.795126 22.722367 16.156292 11.163594 7.610299 5.239998 3.755665 2.881602 2.396760 2.142968 2.017377 1.958516 1.932345 1.921285 1.916837 1.915131 1.914506 1.914287 1.914213 1.914190 1.914182 1.914180 1.914180 1.914179 1.914179 1.914179 1.914179 1.914179 1.914179 1.914177 1.914171 1.914154 1.914106 1.913975 1.913635 1.912796 1.910817 1.906379 1.896923 1.877833 1.841407 1.775922 1.665423 1.491268 1.236461 0.893017 0.470393 0.000000 
50.000000 40.384097 31.411999 23.598452 17.243122 12.410584 8.971200 6.676826 5.239998 4.393881 3.924525 3.678829 3.557239 3.500252 3.474912 3.464204 3.459896 3.458244 3.457639 3.457427 3.457356 3.457333 3.457326 3.457324 3.457323 3.457323 3.457323 3.457323 3.457323 3.457322 3.457322 3.457319 3.457310 3.457284 3.457209 3.457005 3.456476 3.455158 3.452027 3.444946 3.429709 3.398591 3.338413 3.228536 3.039834 2.736547 2.283447 1.659957 0.878907 0.000000 
50.000000 40.893607 32.396856 24.997193 18.978404 14.401667 11.144252 8.971200 7.610299 6.808862 6.364271 6.131529 6.016343 5.962355 5.938347 5.928201 5.924119 5.922554 5.921980 5.921779 5.921712 5.921690 5.921684 5.921682 5.921681 5.921681 5.921681 5.921681 5.921681 5.921680 5.921679 5.921675 5.921663 5.921625 5.921520 5.921230 5.920472 5.918572 5.914027 5.903650 5.881077 5.834377 5.742664 5.572126 5.272924 4.780087 4.023482 2.952439 1.575648 0.000000 
50.000000 41.657247 33.872963 27.093687 21.579409 17.386202 14.401667 12.410584 11.163594 10.429205 10.021789 9.808496 9.702931 9.653448 9.631443 9.622142 9.618400 9.616965 9.616439 9.616255 9.616193 9.616173 9.616167 9.616165 9.616165 9.616165 9.616165 9.616165 9.616165 9.616164 9.616162 9.616157 9.616141 9.616094 9.615958 9.615584 9.614599 9.612116 9.606127 9.592320 9.561935 9.498171 9.370750 9.128743 8.693101 7.953121 6.775707 5.041921 2.725375 0.000000 
50.000000 42.730038 35.946688 30.039039 25.233650 21.579409 18.978404 17.243122 16.156292 15.516197 15.161074 14.975147 14.883121 14.839982 14.820796 14.812687 14.809425 14.808173 14.807714 14.807554 14.807500 14.807482 14.807477 14.807475 14.807475 14.807475 14.807475 14.807475 14.807475 14.807474 14.807472 14.807466 14.807448 14.807394 14.807238 14.806807 14.805666 14.802770 14.795728 14.779336 14.742821 14.665024 14.506576 14.198316 13.626288 12.616825 10.933159 8.311781 4.593082 0.000000 
50.000000 44.140698 38.673552 33.912133 30.039039 27.093687 24.997193 23.598452 22.722367 22.206370 21.920082 21.770188 21.695991 21.661209 21.645739 21.639200 21.636568 21.635559 21.635189 21.635060 21.635016 21.635002 21.634998 21.634996 21.634996 21.634996 21.634996 21.634996 21.634996 21.634995 21.634993 21.634988 21.634970 21.634916 21.634760 21.634329 21.633181 21.630249 21.623069 21.606198 21.568170 21.485906 21.315004 20.973711 20.317981 19.105880 16.956067 13.332102 7.673042 0.000000 
50.000000 45.874862 42.025795 38.673552 35.946688 33.872963 32.396856 31.411999 30.795126 30.431786 30.230189 30.124633 30.072381 30.047885 30.036989 30.032383 30.030530 30.029819 30.029558 30.029467 30.029436 30.029426 30.029423 30.029422 30.029422 30.029422 30.029422 30.029422 30.029422 30.029421 30.029420 30.029415 30.029401 30.029357 30.029229 30.028874 30.027927 30.025497 30.019506 30.005316 29.972997 29.902109 29.752042 29.444417 28.831042 27.634906 25.341450 21.012897 13.090488 0.000000 
50.000000 47.866027 45.874862 44.140698 42.730038 41.657247 40.893607 40.384097 40.064956 39.876976 39.772674 39.718060 39.691025 39.678350 39.672712 39.670329 39.669370 39.669002 39.668867 39.668820 39.668804 39.668799 39.668797 39.668797 39.668796 39.668796 39.668796 39.668796 39.668796 39.668796 39.668795 39.668793 39.668784 39.668759 39.668687 39.668486 39.667947 39.666559 39.663124 39.654942 39.636167 39.594563 39.505190 39.317959 38.931872 38.136956 36.467656 32.784374 23.933014 0.000000 
50.000000 50.000000 50.000000 50.000000 50.000000 50.000000 50.000000 50.000000 50.000000 50.000000 50.000000 50.000000 50.000000 50.000000 50.000000 50.000000 50.000000 50.000000 50.000000 50.000000 50.000000 50.000000 50.000000 50.000000 50.000000 50.000000 50.000000 50.000000 50.000000 50.000000 50.000000 50.000000 50.000000 50.000000 50.000000 50.000000 50.000000 50.000000 50.000000 50.000000 50.000000 50.000000 50.000000 50.000000 50.000000 50.000000 50.000000 50.000000 50.000000 50.000000 
