50.000000 50.000000 50.000000 50.000000 50.000000 50.000000 50.000000 50.000000 50.000000 50.000000 50.000000 50.000000 50.000000 50.000000 50.000000 50.000000 50.000000 50.000000 50.000000 50.000000 50.000000 50.000000 50.000000 50.000000 50.000000 50.000000 50.000000 50.000000 50.000000 50.000000 50.000000 50.000000 50.000000 50.000000 50.000000 50.000000 50.000000 50.000000 50.000000 50.000000 50.000000 50.000000 50.000000 50.000000 50.000000 50.000000 50.000000 50.000000 50.000000 50.000000 
50.000000 47.202514 44.650259 42.524164 40.904564 39.773920 39.048706 38.620067 38.385889 38.267256 38.211352 38.186772 38.176657 38.172750 38.171331 38.170844 38.170686 38.170637 38.170623 38.170619 38.170618 38.170618 38.170618 38.170618 38.170618 38.170618 38.170618 38.170618 38.170618 38.170618 38.170618 38.170618 38.170617 38.170614 38.170604 38.170570 38.170458 38.170107 38.169062 38.166088 38.158026 38.137156 38.085446 37.962239 37.677714 37.032737 35.568924 32.146485 23.601257 0.000000 
50.000000 44.650259 39.769521 35.703796 32.606710 30.444691 29.057984 28.238401 27.790658 27.563845 27.456970 27.409979 27.390644 27.383178 27.380464 27.379534 27.379232 27.379139 27.379112 27.379105 27.379103 27.379102 27.379102 27.379102 27.379102 27.379102 27.379102 27.379102 27.379102 27.379102 27.379102 27.379102 27.379100 27.379096 27.379079 27.379021 27.378831 27.378241 27.376488 27.371530 27.358193 27.324032 27.240657 27.046367 26.612732 25.681890 23.751943 19.884760 12.503775 0.000000 
50.000000 42.524164 35.703796 30.022459 25.694811 22.673886 20.736381 19.591327 18.965818 18.648978 18.499692 18.434061 18.407058 18.396631 18.392842 18.391543 18.391122 18.390993 18.390955 18.390944 18.390942 18.390941 18.390941 18.390941 18.390941 18.390941 18.390941 18.390941 18.390941 18.390941 18.390941 18.390940 18.390939 18.390933 18.390914 18.390848 18.390632 18.389964 18.387991 18.382458 18.367726 18.330513 18.241374 18.038959 17.603382 16.716103 15.011229 11.951853 6.955240 0.000000 
50.000000 40.904564 32.606710 25.694811 20.430006 16.755079 14.398262 13.005493 12.244724 11.859402 11.677867 11.598065 11.565235 11.552560 11.547954 11.546375 11.545863 11.545706 11.545660 11.545647 11.545644 11.545643 11.545643 11.545643 11.545643 11.545643 11.545643 11.545643 11.545643 11.545643 11.545643 11.545642 11.545641 11.545636 11.545618 11.545558 11.545361 11.544754 11.542977 11.538036 11.525032 11.492665 11.416607 11.248198 10.897733 10.215003 8.978708 6.924820 3.871827 0.000000 
50.000000 39.773920 30.444691 22.673886 16.755079 12.623852 9.974558 8.409057 7.554003 7.120965 6.916967 6.827300 6.790415 6.776175 6.771002 6.769229 6.768654 6.768477 6.768426 6.768412 6.768408 6.768407 6.768407 6.768406 6.768406 6.768406 6.768406 6.768406 6.768406 6.768406 6.768406 6.768406 6.768405 6.768401 6.768387 6.768340 6.768187 6.767718 6.766356 6.762604 6.752839 6.728882 6.673588 6.553910 6.311926 5.857347 5.070504 3.831959 2.096206 0.000000 
50.000000 39.048706 29.057984 20.736381 14.398262 9.974558 7.137854 5.461714 4.546294 4.082718 3.864352 3.768378 3.728903 3.713664 3.708129 3.706231 3.705617 3.705428 3.705372 3.705357 3.705353 3.705352 3.705352 3.705352 3.705352 3.705352 3.705352 3.705352 3.705352 3.705352 3.705352 3.705351 3.705351 3.705348 3.705338 3.705306 3.705202 3.704885 3.703969 3.701468 3.695032 3.679445 3.644047 3.568927 3.420648 3.150064 2.697422 2.011617 1.086467 0.000000 
50.000000 38.620067 28.238401 19.591327 13.005493 8.409057 5.461714 3.720285 2.769260 2.287683 2.060852 1.961164 1.920164 1.904338 1.898589 1.896619 1.895981 1.895785 1.895728 1.895712 1.895707 1.895706 1.895706 1.895706 1.895706 1.895706 1.895706 1.895706 1.895706 1.895706 1.895706 1.895706 1.895705 1.895704 1.895698 1.895678 1.895615 1.895423 1.894872 1.893383 1.889585 1.880496 1.860142 1.817667 1.735469 1.588886 1.349953 0.997744 0.534621 0.000000 
50.000000 38.385889 27.790658 18.965818 12.244724 7.554003 4.546294 2.769260 1.798829 1.307445 1.076006 0.974298 0.932469 0.916324 0.910460 0.908451 0.907799 0.907599 0.907541 0.907525 0.907520 0.907519 0.907519 0.907519 0.907519 0.907519 0.907519 0.907519 0.907519 0.907519 0.907519 0.907519 0.907519 0.907518 0.907514 0.907503 0.907469 0.907364 0.907064 0.906260 0.904228 0.899414 0.888764 0.866849 0.825122 0.752059 0.635306 0.466626 0.248733 0.000000 
50.000000 38.267256 27.563845 18.648978 11.859402 7.120965 4.082718 2.287683 1.307445 0.811109 0.577345 0.474618 0.432372 0.416066 0.410144 0.408115 0.407457 0.407255 0.407196 0.407180 0.407176 0.407175 0.407174 0.407174 0.407174 0.407174 0.407174 0.407174 0.407174 0.407174 0.407174 0.407174 0.407174 0.407174 0.407172 0.407166 0.407149 0.407096 0.406948 0.406551 0.405555 0.403217 0.398097 0.387686 0.368125 0.334370 0.281252 0.205653 0.109230 0.000000 
50.000000 38.211352 27.456970 18.499692 11.677867 6.916967 3.864352 2.060852 1.076006 0.577345 0.342489 0.239285 0.196843 0.180462 0.174513 0.172474 0.171814 0.171611 0.171552 0.171535 0.171531 0.171530 0.171530 0.171529 0.171529 0.171529 0.171529 0.171529 0.171529 0.171529 0.171529 0.171529 0.171529 0.171529 0.171528 0.171526 0.171518 0.171494 0.171425 0.171245 0.170795 0.169746 0.167469 0.162884 0.154363 0.139831 0.117235 0.085439 0.045264 0.000000 
50.000000 38.186772 27.409979 18.434061 11.598065 6.827300 3.768378 1.961164 0.974298 0.474618 0.239285 0.135872 0.093344 0.076931 0.070970 0.068927 0.068265 0.068062 0.068002 0.067986 0.067981 0.067980 0.067980 0.067980 0.067980 0.067980 0.067980 0.067980 0.067980 0.067980 0.067980 0.067980 0.067980 0.067980 0.067980 0.067978 0.067975 0.067965 0.067936 0.067859 0.067671 0.067233 0.066291 0.064410 0.060944 0.055088 0.046070 0.033492 0.017710 0.000000 
50.000000 38.176657 27.390644 18.407058 11.565235 6.790415 3.728903 1.920164 0.932469 0.432372 0.196843 0.093344 0.050782 0.034355 0.028389 0.026345 0.025682 0.025479 0.025419 0.025403 0.025398 0.025397 0.025397 0.025397 0.025397 0.025397 0.025397 0.025397 0.025397 0.025397 0.025397 0.025397 0.025397 0.025397 0.025397 0.025396 0.025395 0.025391 0.025379 0.025349 0.025276 0.025105 0.024741 0.024018 0.022697 0.020481 0.017094 0.012403 0.006549 0.000000 
50.000000 38.172750 27.383178 18.396631 11.552560 6.776175 3.713664 1.904338 0.916324 0.416066 0.180462 0.076931 0.034355 0.017923 0.011955 0.009910 0.009248 0.009044 0.008985 0.008968 0.008964 0.008963 0.008962 0.008962 0.008962 0.008962 0.008962 0.008962 0.008962 0.008962 0.008962 0.008962 0.008962 0.008962 0.008962 0.008962 0.008962 0.008960 0.008956 0.008945 0.008918 0.008856 0.008723 0.008462 0.007988 0.007199 0.005999 0.004346 0.002292 0.000000 
50.000000 38.171331 27.380464 18.392842 11.547954 6.771002 3.708129 1.898589 0.910460 0.410144 0.174513 0.070970 0.028389 0.011955 0.005987 0.003941 0.003279 0.003075 0.003016 0.002999 0.002995 0.002994 0.002993 0.002993 0.002993 0.002993 0.002993 0.002993 0.002993 0.002993 0.002993 0.002993 0.002993 0.002993 0.002993 0.002993 0.002993 0.002993 0.002991 0.002987 0.002978 0.002957 0.002911 0.002823 0.002662 0.002396 0.001994 0.001443 0.000761 0.000000 
50.000000 38.170844 27.379534 18.391543 11.546375 6.769229 3.706231 1.896619 0.908451 0.408115 0.172474 0.068927 0.026345 0.009910 0.003941 0.001896 0.001233 0.001030 0.000970 0.000954 0.000950 0.000948 0.000948 0.000948 0.000948 0.000948 0.000948 0.000948 0.000948 0.000948 0.000948 0.000948 0.000948 0.000948 0.000948 0.000948 0.000948 0.000948 0.000947 0.000946 0.000943 0.000936 0.000922 0.000893 0.000842 0.000757 0.000629 0.000455 0.000240 0.000000 
50.000000 38.170686 27.379232 18.391122 11.545863 6.768654 3.705617 1.895981 0.907799 0.407457 0.171814 0.068265 0.025682 0.009248 0.003279 0.001233 0.000571 0.000367 0.000308 0.000291 0.000287 0.000286 0.000285 0.000285 0.000285 0.000285 0.000285 0.000285 0.000285 0.000285 0.000285 0.000285 0.000285 0.000285 0.000285 0.000285 0.000285 0.000285 0.000285 0.000285 0.000284 0.000282 0.000277 0.000268 0.000253 0.000227 0.000189 0.000136 0.000072 0.000000 
50.000000 38.170637 27.379139 18.390993 11.545706 6.768477 3.705428 1.895785 0.907599 0.407255 0.171611 0.068062 0.025479 0.009044 0.003075 0.001030 0.000367 0.000163 0.000104 0.000088 0.000083 0.000082 0.000082 0.000082 0.000082 0.000082 0.000082 0.000082 0.000082 0.000082 0.000082 0.000082 0.000082 0.000082 0.000082 0.000082 0.000082 0.000082 0.000082 0.000082 0.000081 0.000081 0.000079 0.000077 0.000072 0.000065 0.000054 0.000039 0.000020 0.000000 
50.000000 38.170623 27.379112 18.390955 11.545660 6.768426 3.705372 1.895728 0.907541 0.407196 0.171552 0.068002 0.025419 0.008985 0.003016 0.000970 0.000308 0.000104 0.000045 0.000028 0.000024 0.000023 0.000022 0.000022 0.000022 0.000022 0.000022 0.000022 0.000022 0.000022 0.000022 0.000022 0.000022 0.000022 0.000022 0.000022 0.000022 0.000022 0.000022 0.000022 0.000022 0.000022 0.000022 0.000021 0.000020 0.000018 0.000015 0.000011 0.000006 0.000000 
50.000000 38.170619 27.379105 18.390944 11.545647 6.768412 3.705357 1.895712 0.907525 0.407180 0.171535 0.067986 0.025403 0.008968 0.002999 0.000954 0.000291 0.000088 0.000028 0.000012 0.000007 0.000006 0.000006 0.000006 0.000006 0.000006 0.000006 0.000006 0.000006 0.000006 0.000006 0.000006 0.000006 0.000006 0.000006 0.000006 0.000006 0.000006 0.000006 0.000006 0.000006 0.000006 0.000006 0.000005 0.000005 0.000005 0.000004 0.000003 0.000001 0.000000 
50.000000 38.170618 27.379103 18.390942 11.545644 6.768408 3.705353 1.895707 0.907520 0.407176 0.171531 0.067981 0.025398 0.008964 0.002995 0.000950 0.000287 0.000083 0.000024 0.000007 0.000003 0.000002 0.000002 0.000001 0.000001 0.000001 0.000001 0.000001 0.000001 0.000001 0.000001 0.000001 0.000001 0.000001 0.000001 0.000001 0.000001 0.000001 0.000001 0.000001 0.000001 0.000001 0.000001 0.000001 0.000001 0.000001 0.000001 0.000001 0.000000 0.000000 
50.000000 38.170618 27.379102 18.390941 11.545643 6.768407 3.705352 1.895706 0.907519 0.407175 0.171530 0.067980 0.025397 0.008963 0.002994 0.000948 0.000286 0.000082 0.000023 0.000006 0.000002 0.000001 0.000000 0.000000 0.000000 0.000000 0.000000 0.000000 0.000000 0.000000 0.000000 0.000000 0.000000 0.000000 0.000000 0.000000 0.000000 0.000000 0.000000 0.000000 0.000000 0.000000 0.000000 0.000000 0.000000 0.000000 0.000000 0.000000 0.000000 0.000000 
50.000000 38.170618 27.379102 18.390941 11.545643 6.768407 3.705352 1.895706 0.907519 0.407174 0.171530 0.067980 0.025397 0.008962 0.002993 0.000948 0.000285 0.000082 0.000022 0.000006 0.000002 0.000000 0.000000 0.000000 0.000000 0.000000 0.000000 0.000000 0.000000 0.000000 0.000000 0.000000 0.000000 0.000000 0.000000 0.000000 0.000000 0.000000 0.000000 0.000000 0.000000 0.000000 0.000000 0.000000 0.000000 0.000000 0.000000 0.000000 0.000000 0.000000 
50.000000 38.170618 27.379102 18.390941 11.545643 6.768406 3.705352 1.895706 0.907519 0.407174 0.171529 0.067980 0.025397 0.008962 0.002993 0.000948 0.000285 0.000082 0.000022 0.000006 0.000001 0.000000 0.000000 0.000000 0.000000 0.000000 0.000000 0.000000 0.000000 0.000000 0.000000 0.000000 0.000000 0.000000 0.000000 0.000000 0.000000 0.000000 0.000000 0.000000 0.000000 0.000000 0.000000 0.000000 0.000000 0.000000 0.000000 0.000000 0.000000 0.000000 
50.000000 38.170618 27.379102 18.390941 11.545643 6.768406 3.705352 1.895706 0.907519 0.407174 0.171529 0.067980 0.025397 0.008962 0.002993 0.000948 0.000285 0.000082 0.000022 0.000006 0.000001 0.000000 0.000000 0.000000 0.000000 0.000000 0.000000 0.000000 0.000000 0.000000 0.000000 0.000000 0.000000 0.000000 0.000000 0.000000 0.000000 0.000000 0.000000 0.000000 0.000000 0.000000 0.000000 0.000000 0.000000 0.000000 0.000000 0.000000 0.000000 0.000000 
50.000000 38.170618 27.379102 18.390941 11.545643 6.768406 3.705352 1.895706 0.907519 0.407174 0.171529 0.067980 0.025397 0.008962 0.002993 0.000948 0.000285 0.000082 0.000022 0.000006 0.000001 0.000000 0.000000 0.000000 0.000000 0.000000 0.000000 0.000000 0.000000 0.000000 0.000000 0.000000 0.000000 0.000000 0.000000 0.000000 0.000000 0.000000 0.000000 0.000000 0.000000 0.000000 0.000000 0.000000 0.000000 0.000000 0.000000 0.000000 0.000000 0.000000 
50.000000 38.170618 27.379102 18.390941 11.545643 6.768406 3.705352 1.895706 0.907519 0.407174 0.171529 0.067980 0.025397 0.008962 0.002993 0.000948 0.000285 0.000082 0.000022 0.000006 0.000001 0.000000 0.000000 0.000000 0.000000 0.000000 0.000000 0.000000 0.000000 0.000000 0.000000 0.000000 0.000000 0.000000 0.000000 0.000000 0.000000 0.000000 0.000000 0.000000 0.000000 0.000000 0.000000 0.000000 0.000000 0.000000 0.000000 0.000000 0.000000 0.000000 
50.000000 38.170618 27.379102 18.390941 11.545643 6.768407 3.705352 1.895706 0.907519 0.407174 0.171530 0.067980 0.025397 0.008962 0.002993 0.000948 0.000285 0.000082 0.000022 0.000006 0.000002 0.000000 0.000000 0.000000 0.000000 0.000000 0.000000 0.000000 0.000000 0.000000 0.000000 0.000000 0.000000 0.000000 0.000000 0.000000 0.000000 0.000000 0.000000 0.000000 0.000000 0.000000 0.000000 0.000000 0.000000 0.000000 0.000000 0.000000 0.000000 0.000000 
50.000000 38.170618 27.379102 18.390941 11.545643 6.768407 3.705352 1.895706 0.907519 0.407175 0.171530 0.067980 0.025397 0.008963 0.002994 0.000948 0.000286 0.000082 0.000023 0.000006 0.000002 0.000001 0.000000 0.000000 0.000000 0.000000 0.000000 0.000000 0.000000 0.000000 0.000000 0.000000 0.000000 0.000000 0.000000 0.000000 0.000000 0.000000 0.000000 0.000000 0.000000 0.000000 0.000000 0.000000 0.000000 0.000000 0.000000 0.000000 0.000000 0.000000 
50.000000 38.170618 27.379103 18.390942 11.545644 6.768408 3.705353 1.895707 0.907520 0.407176 0.171531 0.067981 0.025398 0.008964 0.002995 0.000950 0.000287 0.000083 0.000024 0.000007 0.000003 0.000002 0.000002 0.000001 0.000001 0.000001 0.000001 0.000001 0.000001 0.000001 0.000001 0.000001 0.000001 0.000001 0.000001 0.000001 0.000001 0.000001 0.000001 0.000001 0.000001 0.000001 0.000001 0.000001 0.000001 0.000001 0.000001 0.000001 0.000000 0.000000 
50.000000 38.170619 27.379105 18.390944 11.545647 6.768412 3.705357 1.895712 0.907525 0.407180 0.171535 0.067986 0.025403 0.008968 0.002999 0.000954 0.000291 0.000088 0.000028 0.000012 0.000007 0.000006 0.000006 0.000006 0.000006 0.000006 0.000006 0.000006 0.000006 0.000006 0.000006 0.000006 0.000006 0.000006 0.000006 0.000006 0.000006 0.000006 0.000006 0.000006 0.000006 0.000006 0.000006 0.000005 0.000005 0.000005 0.000004 0.000003 0.000001 0.000000 
50.000000 38.170623 27.379112 18.390955 11.545660 6.768426 3.705372 1.895728 0.907541 0.407196 0.171552 0.068002 0.025419 0.008985 0.003016 0.000970 0.000308 0.000104 0.000045 0.000028 0.000024 0.000023 0.000022 0.000022 0.000022 0.000022 0.000022 0.000022 0.000022 0.000022 0.000022 0.000022 0.000022 0.000022 0.000022 0.000022 0.000022 0.000022 0.000022 0.000022 0.000022 0.000022 0.000022 0.000021 0.000020 0.000018 0.000015 0.000011 0.000006 0.000000 
50.000000 38.170637 27.379139 18.390993 11.545706 6.768477 3.705428 1.895785 0.907599 0.407255 0.171611 0.068062 0.025479 0.009044 0.003075 0.001030 0.000367 0.000163 0.000104 0.000088 0.000083 0.000082 0.000082 0.000082 0.000082 0.000082 0.000082 0.000082 0.000082 0.000082 0.000082 0.000082 0.000082 0.000082 0.000082 0.000082 0.000082 0.000082 0.000082 0.000082 0.000081 0.000081 0.000079 0.000077 0.000072 0.000065 0.000054 0.000039 0.000020 0.000000 
50.000000 38.170686 27.379232 18.391122 11.545863 6.768654 3.705617 1.895981 0.907799 0.407457 0.171814 0.068265 0.025682 0.009248 0.003279 0.001233 0.000571 0.000367 0.000308 0.000291 0.000287 0.000286 0.000285 0.000285 0.000285 0.000285 0.000285 0.000285 0.000285 0.000285 0.000285 0.000285 0.000285 0.000285 0.000285 0.000285 0.000285 0.000285 0.000285 0.000285 0.000284 0.000282 0.000277 0.000268 0.000253 0.000227 0.000189 0.000136 0.000072 0.000000 
50.000000 38.170844 27.379534 18.391543 11.546375 6.769229 3.706231 1.896619 0.908451 0.408115 0.172474 0.068927 0.026345 0.009910 0.003941 0.001896 0.001233 0.001030 0.000970 0.000954 0.000950 0.000948 0.000948 0.000948 0.000948 0.000948 0.000948 0.000948 0.000948 0.000948 0.000948 0.000948 0.000948 0.000948 0.000948 0.000948 0.000948 0.000948 0.000947 0.000946 0.000943 0.000936 0.000922 0.000893 0.000842 0.000757 0.000629 0.000455 0.000240 0.000000 
50.000000 38.171331 27.380464 18.392842 11.547954 6.771002 3.708129 1.898589 0.910460 0.410144 0.174513 0.070970 0.028389 0.011955 0.005987 0.003941 0.003279 0.003075 0.003016 0.002999 0.002995 0.002994 0.002993 0.002993 0.002993 0.002993 0.002993 0.002993 0.002993 0.002993 0.002993 0.002993 0.002993 0.002993 0.002993 0.002993 0.002993 0.002993 0.002991 0.002987 0.002978 0.002957 0.002911 0.002823 0.002662 0.002396 0.001994 0.001443 0.000761 0.000000 
50.000000 38.172750 27.383178 18.396631 11.552560 6.776175 3.713664 1.904338 0.916324 0.416066 0.180462 0.076931 0.034355 0.017923 0.011955 0.009910 0.009248 0.009044 0.008985 0.008968 0.008964 0.008963 0.008962 0.008962 0.008962 0.008962 0.008962 0.008962 0.008962 0.008962 0.008962 0.008962 0.008962 0.008962 0.008962 0.008962 0.008962 0.008960 0.008956 0.008945 0.008918 0.008856 0.008723 0.008462 0.007988 0.007199 0.005999 0.004346 0.002292 0.000000 
50.000000 38.176657 27.390644 18.407058 11.565235 6.790415 3.728903 1.920164 0.932469 0.432372 0.196843 0.093344 0.050782 0.034355 0.028389 0.026345 0.025682 0.025479 0.025419 0.025403 0.025398 0.025397 0.025397 0.025397 0.025397 0.025397 0.025397 0.025397 0.025397 0.025397 0.025397 0.025397 0.025397 0.025397 0.025397 0.025396 0.025395 0.025391 0.025379 0.025349 0.025276 0.025105 0.024741 0.024018 0.022697 0.020481 0.017094 0.012403 0.006549 0.000000 
50.000000 38.186772 27.409979 18.434061 11.598065 6.827300 3.768378 1.961164 0.974298 0.474618 0.239285 0.135872 0.093344 0.076931 0.070970 0.068927 0.068265 0.068062 0.068002 0.067986 0.067981 0.067980 0.067980 0.067980 0.067980 0.067980 0.067980 0.067980 0.067980 0.067980 0.067980 0.067980 0.067980 0.067980 0.067980 0.067978 0.067975 0.067965 0.067936 0.067859 0.067671 0.067233 0.066291 0.064410 0.060944 0.055088 0.046070 0.033492 0.017710 0.000000 
50.000000 38.211352 27.456970 18.499692 11.677867 6.916967 3.864352 2.060852 1.076006 0.577345 0.342489 0.239285 0.196843 0.180462 0.174513 0.172474 0.171814 0.171611 0.171552 0.171535 0.171531 0.171530 0.171530 0.171529 0.171529 0.171529 0.171529 0.171529 0.171529 0.171529 0.171529 0.171529 0.171529 0.171529 0.171528 0.171526 0.171518 0.171494 0.171425 0.171245 0.170795 0.169746 0.167469 0.162884 0.154363 0.139831 0.117235 0.085439 0.045264 0.000000 
50.000000 38.267256 27.563845 18.648978 11.859402 7.120965 4.082718 2.287683 1.307445 0.811109 0.577345 0.474618 0.432372 0.416066 0.410144 0.408115 0.407457 0.407255 0.407196 0.407180 0.407176 0.407175 0.407174 0.407174 0.407174 0.407174 0.407174 0.407174 0.407174 0.407174 0.407174 0.407174 0.407174 0.407174 0.407172 0.407166 0.407149 0.407096 0.406948 0.406551 0.405555 0.403217 0.398097 0.387686 0.368125 0.334370 0.281252 0.205653 0.109230 0.000000 
50.000000 38.385889 27.790658 18.965818 12.244724 7.554003 4.546294 2.769260 1.798829 1.307445 1.076006 0.974298 0.932469 0.916324 0.910460 0.908451 0.907799 0.907599 0.907541 0.907525 0.907520 0.907519 0.907519 0.907519 0.907519 0.907519 0.907519 0.907519 0.907519 0.907519 0.907519 0.907519 0.907519 0.907518 0.907514 0.907503 0.907469 0.907364 0.907064 0.906260 0.904228 0.899414 0.888764 0.866849 0.825122 0.752059 0.635306 0.466626 0.248733 0.000000 
50.000000 38.620067 28.238401 19.591327 13.005493 8.409057 5.461714 3.720285 2.769260 2.287683 2.060852 1.961164 1.920164 1.904338 1.898589 1.896619 1.895981 1.895785 1.895728 1.895712 1.895707 1.895706 1.895706 1.895706 1.895706 1.895706 1.895706 1.895706 1.895706 1.895706 1.895706 1.895706 1.895705 1.895704 1.895698 1.895678 1.895615 1.895423 1.894872 1.893383 1.889585 1.880496 1.860142 1.817667 1.735469 1.588886 1.349953 0.997744 0.534621 0.000000 
50.000000 39.048706 29.057984 20.736381 14.398262 9.974558 7.137854 5.461714 4.546294 4.082718 3.864352 3.768378 3.728903 3.713664 3.708129 3.706231 3.705617 3.705428 3.705372 3.705357 3.705353 3.705352 3.705352 3.705352 3.705352 3.705352 3.705352 3.705352 3.705352 3.705352 3.705352 3.705351 3.705351 3.705348 3.705338 3.705306 3.705202 3.704885 3.703969 3.701468 3.695032 3.679445 3.644047 3.568927 3.420648 3.150064 2.697422 2.011617 1.086467 0.000000 
50.000000 39.773920 30.444691 22.673886 16.755079 12.623852 9.974558 8.409057 7.554003 7.120965 6.916967 6.827300 6.790415 6.776175 6.771002 6.769229 6.768654 6.768477 6.768426 6.768412 6.768408 6.768407 6.768407 6.768406 6.768406 6.768406 6.768406 6.768406 6.768406 6.768406 6.768406 6.768406 6.768405 6.768401 6.768387 6.768340 6.768187 6.767718 6.766356 6.762604 6.752839 6.728882 6.673588 6.553910 6.311926 5.857347 5.070504 3.831959 2.096206 0.000000 
50.000000 40.904564 32.606710 25.694811 20.430006 16.755079 14.398262 13.005493 12.244724 11.859402 11.677867 11.598065 11.565235 11.552560 11.547954 11.546375 11.545863 11.545706 11.545660 11.545647 11.545644 11.545643 11.545643 11.545643 11.545643 11.545643 11.545643 11.545643 11.545643 11.545643 11.545643 11.545642 11.545641 11.545636 11.545618 11.545558 11.545361 11.544754 11.542977 11.538036 11.525032 11.492665 11.416607 11.248198 10.897733 10.215003 8.978708 6.924820 3.871827 0.000000 
50.000000 42.524164 35.703796 30.022459 25.694811 22.673886 20.736381 19.591327 18.965818 18.648978 18.499692 18.434061 18.407058 18.396631 18.392842 18.391543 18.391122 18.390993 18.390955 18.390944 18.390942 18.390941 18.390941 18.390941 18.390941 18.390941 18.390941 18.390941 18.390941 18.390941 18.390941 18.390940 18.390939 18.390933 18.390914 18.390848 18.390632 18.389964 18.387991 18.382458 18.367726 18.330513 18.241374 18.038959 17.603382 16.716103 15.011229 11.951853 6.955240 0.000000 
50.000000 44.650259 39.769521 35.703796 32.606710 30.444691 29.057984 28.238401 27.790658 27.563845 27.456970 27.409979 27.390644 27.383178 27.380464 27.379534 27.379232 27.379139 27.379112 27.379105 27.379103 27.379102 27.379102 27.379102 27.379102 27.379102 27.379102 27.379102 27.379102 27.379102 27.379102 27.379102 27.379100 27.379096 27.379079 27.379021 27.378831 27.378241 27.376488 27.371530 27.358193 27.324032 27.240657 27.046367 26.612732 25.681890 23.751943 19.884760 12.503775 0.000000 
50.000000 47.202514 44.650259 42.524164 40.904564 39.773920 39.048706 38.620067 38.385889 38.267256 38.211352 38.186772 38.176657 38.172750 38.171331 38.170844 38.170686 38.170637 38.170623 38.170619 38.170618 38.170618 38.170618 38.170618 38.170618 38.170618 38.170618 38.170618 38.170618 38.170618 38.170618 38.170618 38.170617 38.170614 38.170604 38.170570 38.170458 38.170107 38.169062 38.166088 38.158026 38.137156 38.085446 37.962239 37.677714 37.032737 35.568924 32.146485 23.601257 0.000000 
50.000000 50.000000 50.000000 50.000000 50.000000 50.000000 50.000000 50.000000 50.000000 50.000000 50.000000 50.000000 50.000000 50.000000 50.000000 50.000000 50.000000 50.000000 50.000000 50.000000 50.000000 50.000000 50.000000 50.000000 50.000000 50.000000 50.000000 50.000000 50.000000 50.000000 50.000000 50.000000 50.000000 50.000000 50.000000 50.000000 50.000000 50.000000 50.000000 50.000000 50.000000 50.000000 50.000000 50.000000 50.000000 50.000000 50.000000 50.000000 50.000000 50.000000 
