50.000000 50.000000 50.000000 50.000000 50.000000 50.000000 50.000000 50.000000 50.000000 50.000000 50.000000 50.000000 50.000000 50.000000 50.000000 50.000000 50.000000 50.000000 50.000000 50.000000 50.000000 50.000000 50.000000 50.000000 50.000000 50.000000 50.000000 50.000000 50.000000 50.000000 50.000000 50.000000 50.000000 50.000000 50.000000 50.000000 50.000000 50.000000 50.000000 50.000000 50.000000 50.000000 50.000000 50.000000 50.000000 50.000000 50.000000 50.000000 50.000000 50.000000 
50.000000 48.927277 47.890677 46.922678 46.049076 45.287037 44.644450 44.120538 43.707438 43.392353 43.159810 42.993694 42.878800 42.801831 42.751871 42.720438 42.701261 42.689911 42.683392 42.679756 42.677787 42.676750 42.676219 42.675955 42.675825 42.675762 42.675726 42.675696 42.675653 42.675570 42.675401 42.675058 42.674376 42.673052 42.670536 42.665855 42.657328 42.642099 42.615396 42.569333 42.490949 42.358881 42.137412 41.765020 41.130359 40.016533 37.956978 33.818945 24.463639 0.000000 
50.000000 47.890677 45.852386 43.948985 42.231203 40.732792 39.469266 38.439092 37.626812 37.007260 36.550012 36.223381 35.997468 35.846128 35.747894 35.686089 35.648382 35.626065 35.613247 35.606098 35.602226 35.600188 35.599144 35.598624 35.598370 35.598245 35.598176 35.598118 35.598036 35.597880 35.597561 35.596917 35.595638 35.593157 35.588448 35.579706 35.563822 35.535541 35.486147 35.401381 35.258136 35.019100 34.623763 33.972674 32.898604 31.111845 28.096066 22.926193 14.071733 0.000000 
50.000000 46.922678 43.948985 41.172092 38.666003 36.479963 34.636603 33.133686 31.948661 31.044807 30.377741 29.901230 29.571655 29.350873 29.207566 29.117403 29.062396 29.029840 29.011141 29.000713 28.995065 28.992091 28.990569 28.989810 28.989440 28.989258 28.989159 28.989079 28.988966 28.988753 28.988322 28.987450 28.985725 28.982383 28.976057 28.964351 28.943161 28.905614 28.840431 28.729433 28.543754 28.238095 27.741908 26.945830 25.680952 23.688850 20.586046 15.852920 8.965699 0.000000 
50.000000 46.049076 42.231203 38.666003 35.448492 32.641895 30.275263 28.345727 26.824327 25.663918 24.807514 24.195757 23.772644 23.489203 23.305227 23.189479 23.118862 23.077069 23.053065 23.039678 23.032427 23.028610 23.026656 23.025682 23.025207 23.024975 23.024850 23.024752 23.024620 23.024373 23.023873 23.022868 23.020881 23.017045 23.009808 22.996469 22.972442 22.930125 22.857210 22.734210 22.530917 22.201433 21.677390 20.859111 19.605283 17.724246 14.977153 11.119358 6.032543 0.000000 
50.000000 45.287037 40.732792 36.479963 32.641895 29.294005 26.470949 24.169299 22.354508 20.970332 19.948793 19.219082 18.714393 18.376308 18.156867 18.018806 17.934579 17.884732 17.856101 17.840135 17.831487 17.826935 17.824605 17.823443 17.822877 17.822602 17.822456 17.822348 17.822206 17.821947 17.821426 17.820380 17.818321 17.814358 17.806912 17.793253 17.768788 17.725994 17.652871 17.530786 17.331573 17.013847 16.518637 15.764967 14.647002 13.036612 10.799012 7.834189 4.156677 0.000000 
50.000000 44.644450 39.469266 34.636603 30.275263 26.470949 23.263038 20.647630 18.585465 17.012626 15.851862 15.022707 14.449247 14.065097 13.815760 13.658894 13.563195 13.506559 13.474029 13.455890 13.446064 13.440892 13.438245 13.436926 13.436284 13.435973 13.435811 13.435697 13.435556 13.435304 13.434802 13.433799 13.431829 13.428053 13.420989 13.408097 13.385148 13.345296 13.277795 13.166277 12.986624 12.704520 12.273105 11.631519 10.705982 9.416152 7.690773 5.496592 2.879430 0.000000 
50.000000 44.120538 38.439092 33.133686 28.345727 24.169299 20.647630 17.776436 15.512608 13.785974 12.511721 11.601509 10.971995 10.550302 10.276601 10.104408 9.999361 9.937193 9.901488 9.881577 9.870793 9.865116 9.862211 9.860763 9.860059 9.859720 9.859547 9.859432 9.859299 9.859069 9.858616 9.857715 9.855952 9.852587 9.846320 9.834946 9.814825 9.780144 9.721911 9.626697 9.475178 9.240693 8.888218 8.374525 7.650662 6.668337 5.391778 3.815328 1.983126 0.000000 
50.000000 43.707438 37.626812 31.948661 26.824327 22.354508 18.585465 15.512608 13.089796 11.241920 9.878204 8.904098 8.230402 7.779118 7.486215 7.301944 7.189531 7.123005 7.084797 7.063491 7.051951 7.045877 7.042768 7.041220 7.040468 7.040107 7.039926 7.039813 7.039693 7.039494 7.039108 7.038344 7.036856 7.034026 7.028782 7.019316 7.002675 6.974201 6.926795 6.850044 6.729298 6.544898 6.271916 5.880944 5.340661 4.622894 3.710566 2.607712 1.348557 0.000000 
50.000000 43.392353 37.007260 31.044807 25.663918 20.970332 17.012626 13.785974 11.241920 9.301589 7.869655 6.846831 6.139449 5.665606 5.358065 5.164587 5.046559 4.976711 4.936596 4.914227 4.902112 4.895735 4.892472 4.890847 4.890058 4.889680 4.889495 4.889386 4.889281 4.889117 4.888804 4.888189 4.886996 4.884738 4.880573 4.873094 4.860029 4.837830 4.801167 4.742354 4.650794 4.512622 4.310796 4.026002 3.638759 3.133001 2.501053 1.749124 0.901404 0.000000 
50.000000 43.159810 36.550012 30.377741 24.807514 19.948793 15.851862 12.511721 9.878204 7.869655 6.387389 5.328623 4.596391 4.105908 3.787570 3.587303 3.465134 3.392837 3.351315 3.328163 3.315623 3.309023 3.305646 3.303964 3.303148 3.302759 3.302572 3.302467 3.302378 3.302247 3.302005 3.301533 3.300621 3.298903 3.295749 3.290116 3.280331 3.263818 3.236750 3.193695 3.127301 3.028160 2.885025 2.685584 2.418008 2.073304 1.648308 1.148631 0.590476 0.000000 
50.000000 42.993694 36.223381 29.901230 24.195757 19.219082 15.022707 11.601509 8.904098 6.846831 5.328623 4.244193 3.494218 2.991854 2.665808 2.460695 2.335571 2.261526 2.219001 2.195289 2.182447 2.175687 2.172229 2.170507 2.169672 2.169275 2.169086 2.168987 2.168911 2.168810 2.168630 2.168283 2.167617 2.166367 2.164082 2.160021 2.153008 2.141244 2.122096 2.091873 2.045664 1.977303 1.879598 1.744912 1.566211 1.338547 1.060799 0.737234 0.378297 0.000000 
50.000000 42.878800 35.997468 29.571655 23.772644 18.714393 14.449247 10.971995 8.230402 6.139449 4.596391 3.494218 2.731978 2.221402 1.890030 1.681566 1.554400 1.479148 1.435930 1.411832 1.398780 1.391911 1.388396 1.386647 1.385799 1.385397 1.385207 1.385112 1.385047 1.384972 1.384843 1.384598 1.384131 1.383258 1.381670 1.378862 1.374036 1.365989 1.352974 1.332574 1.301619 1.256201 1.191852 1.103950 0.988399 0.842519 0.666041 0.461927 0.236701 0.000000 
50.000000 42.801831 35.846128 29.350873 23.489203 18.376308 14.065097 10.550302 7.779119 5.665606 4.105908 2.991854 2.221402 1.705329 1.370390 1.159685 1.031153 0.955092 0.911410 0.887054 0.873863 0.866920 0.863368 0.861600 0.860743 0.860338 0.860148 0.860056 0.860000 0.859944 0.859855 0.859688 0.859374 0.858788 0.857727 0.855859 0.852665 0.847366 0.838846 0.825576 0.805577 0.776444 0.735477 0.679950 0.607520 0.516761 0.407712 0.282306 0.144504 0.000000 
50.000000 42.751871 35.747894 29.207566 23.305227 18.156867 13.815760 10.276601 7.486215 5.358065 3.787570 2.665808 1.890030 1.370390 1.033139 0.820981 0.691562 0.614977 0.570995 0.546471 0.533189 0.526199 0.522622 0.520842 0.519980 0.519572 0.519383 0.519294 0.519244 0.519202 0.519142 0.519033 0.518828 0.518450 0.517767 0.516570 0.514532 0.511168 0.505787 0.497454 0.484970 0.466900 0.441655 0.407663 0.363614 0.308758 0.243215 0.168187 0.086017 0.000000 
50.000000 42.720438 35.686089 29.117403 23.189479 18.018806 13.658894 10.104408 7.301944 5.164588 3.587303 2.460695 1.681567 1.159686 0.820981 0.607908 0.477933 0.401019 0.356848 0.332219 0.318880 0.311860 0.308268 0.306480 0.305614 0.305206 0.305017 0.304929 0.304884 0.304852 0.304812 0.304742 0.304614 0.304378 0.303954 0.303214 0.301959 0.299896 0.296613 0.291554 0.284015 0.273162 0.258088 0.237905 0.211895 0.179671 0.141346 0.097641 0.049903 0.000000 
50.000000 42.701261 35.648382 29.062396 23.118862 17.934580 13.563195 9.999361 7.189531 5.046559 3.465134 2.335571 1.554401 1.031153 0.691562 0.477933 0.347618 0.270503 0.226217 0.201524 0.188151 0.181112 0.177511 0.175719 0.174851 0.174442 0.174253 0.174167 0.174125 0.174099 0.174072 0.174029 0.173951 0.173809 0.173555 0.173112 0.172365 0.171142 0.169204 0.166231 0.161822 0.155505 0.146774 0.135142 0.120222 0.101818 0.080013 0.055225 0.028209 0.000000 
50.000000 42.689911 35.626065 29.029841 23.077070 17.884732 13.506559 9.937194 7.123005 4.976712 3.392837 2.261526 1.479148 0.955093 0.614978 0.401019 0.270504 0.193271 0.148917 0.124186 0.110792 0.103743 0.100136 0.098341 0.097472 0.097062 0.096874 0.096788 0.096749 0.096727 0.096708 0.096682 0.096636 0.096554 0.096406 0.096150 0.095720 0.095018 0.093910 0.092217 0.089716 0.086150 0.081242 0.074730 0.066412 0.056189 0.044116 0.030427 0.015535 0.000000 
50.000000 42.683392 35.613247 29.011142 23.053066 17.856102 13.474031 9.901489 7.084798 4.936598 3.351317 2.219002 1.435931 0.911412 0.570996 0.356849 0.226219 0.148918 0.104525 0.079772 0.066366 0.059311 0.055701 0.053905 0.053035 0.052625 0.052436 0.052351 0.052313 0.052294 0.052281 0.052265 0.052238 0.052192 0.052109 0.051965 0.051725 0.051335 0.050721 0.049786 0.048410 0.046456 0.043776 0.040233 0.035723 0.030199 0.023692 0.016331 0.008335 0.000000 
50.000000 42.679757 35.606100 29.000715 23.039681 17.840138 13.455893 9.881581 7.063495 4.914231 3.328167 2.195293 1.411836 0.887058 0.546475 0.332223 0.201528 0.124189 0.079775 0.055010 0.041598 0.034539 0.030927 0.029130 0.028260 0.027850 0.027661 0.027577 0.027539 0.027522 0.027511 0.027501 0.027487 0.027461 0.027416 0.027338 0.027208 0.026997 0.026667 0.026166 0.025431 0.024390 0.022968 0.021094 0.018715 0.015810 0.012395 0.008540 0.004357 0.000000 
50.000000 42.677788 35.602229 28.995069 23.032433 17.831494 13.446072 9.870801 7.051960 4.902122 3.315633 2.182457 1.398791 0.873873 0.533200 0.318890 0.188161 0.110802 0.066375 0.041604 0.028188 0.021128 0.017515 0.015718 0.014847 0.014437 0.014248 0.014164 0.014127 0.014110 0.014102 0.014095 0.014087 0.014073 0.014049 0.014008 0.013940 0.013829 0.013657 0.013396 0.013014 0.012475 0.011741 0.010776 0.009555 0.008066 0.006321 0.004353 0.002220 0.000000 
50.000000 42.676754 35.600196 28.992103 23.028625 17.826952 13.440912 9.865138 7.045900 4.895759 3.309048 2.175713 1.391937 0.866946 0.526225 0.311886 0.181138 0.103768 0.059336 0.034561 0.021143 0.014082 0.010469 0.008671 0.007800 0.007390 0.007202 0.007117 0.007080 0.007064 0.007057 0.007052 0.007047 0.007040 0.007028 0.007007 0.006972 0.006915 0.006828 0.006695 0.006502 0.006230 0.005860 0.005376 0.004764 0.004019 0.003148 0.002167 0.001105 0.000000 
50.000000 42.676229 35.599163 28.990597 23.026691 17.824647 13.438293 9.862263 7.042824 4.892529 3.305705 2.172290 1.388458 0.863430 0.522685 0.308330 0.177574 0.100198 0.055763 0.030986 0.017568 0.010506 0.006892 0.005094 0.004224 0.003813 0.003625 0.003541 0.003504 0.003488 0.003481 0.003477 0.003474 0.003471 0.003464 0.003454 0.003436 0.003408 0.003364 0.003298 0.003201 0.003066 0.002883 0.002643 0.002341 0.001974 0.001546 0.001064 0.000542 0.000000 
50.000000 42.675977 35.598668 28.989875 23.025765 17.823542 13.437037 9.860885 7.041349 4.890982 3.304103 2.170649 1.386791 0.861745 0.520988 0.306627 0.175866 0.098488 0.054050 0.029273 0.015854 0.008792 0.005179 0.003381 0.002510 0.002100 0.001911 0.001827 0.001790 0.001774 0.001768 0.001765 0.001762 0.001760 0.001757 0.001751 0.001742 0.001728 0.001705 0.001671 0.001622 0.001553 0.001459 0.001337 0.001184 0.000998 0.000781 0.000537 0.000274 0.000000 
50.000000 42.675877 35.598471 28.989587 23.025396 17.823102 13.436538 9.860336 7.040763 4.890366 3.303466 2.169996 1.386127 0.861074 0.520313 0.305949 0.175186 0.097807 0.053369 0.028591 0.015172 0.008110 0.004496 0.002698 0.001828 0.001417 0.001229 0.001145 0.001108 0.001092 0.001086 0.001083 0.001081 0.001079 0.001077 0.001074 0.001068 0.001059 0.001045 0.001024 0.000993 0.000951 0.000893 0.000818 0.000724 0.000610 0.000477 0.000328 0.000167 0.000000 
50.000000 42.675877 35.598471 28.989587 23.025396 17.823102 13.436538 9.860336 7.040763 4.890366 3.303466 2.169996 1.386127 0.861074 0.520313 0.305949 0.175186 0.097807 0.053369 0.028591 0.015172 0.008110 0.004496 0.002698 0.001828 0.001417 0.001229 0.001145 0.001108 0.001092 0.001086 0.001083 0.001081 0.001079 0.001077 0.001074 0.001068 0.001059 0.001045 0.001024 0.000993 0.000951 0.000893 0.000818 0.000724 0.000610 0.000477 0.000328 0.000167 0.000000 
50.000000 42.675977 35.598668 28.989875 23.025765 17.823542 13.437037 9.860885 7.041349 4.890982 3.304103 2.170649 1.386791 0.861745 0.520988 0.306627 0.175866 0.098488 0.054050 0.029273 0.015854 0.008792 0.005179 0.003381 0.002510 0.002100 0.001911 0.001827 0.001790 0.001774 0.001768 0.001765 0.001762 0.001760 0.001757 0.001751 0.001742 0.001728 0.001705 0.001671 0.001622 0.001553 0.001459 0.001337 0.001184 0.000998 0.000781 0.000537 0.000274 0.000000 
50.000000 42.676229 35.599163 28.990597 23.026691 17.824647 13.438293 9.862263 7.042824 4.892529 3.305705 2.172290 1.388458 0.863430 0.522685 0.308330 0.177574 0.100198 0.055763 0.030986 0.017568 0.010506 0.006892 0.005094 0.004224 0.003813 0.003625 0.003541 0.003504 0.003488 0.003481 0.003477 0.003474 0.003471 0.003464 0.003454 0.003436 0.003408 0.003364 0.003298 0.003201 0.003066 0.002883 0.002643 0.002341 0.001974 0.001546 0.001064 0.000542 0.000000 
50.000000 42.676754 35.600196 28.992103 23.028625 17.826952 13.440912 9.865138 7.045900 4.895759 3.309048 2.175713 1.391937 0.866946 0.526225 0.311886 0.181138 0.103768 0.059336 0.034561 0.021143 0.014082 0.010469 0.008671 0.007800 0.007390 0.007202 0.007117 0.007080 0.007064 0.007057 0.007052 0.007047 0.007040 0.007028 0.007007 0.006972 0.006915 0.006828 0.006695 0.006502 0.006230 0.005860 0.005376 0.004764 0.004019 0.003148 0.002167 0.001105 0.000000 
50.000000 42.677788 35.602229 28.995069 23.032433 17.831494 13.446072 9.870801 7.051960 4.902122 3.315633 2.182457 1.398791 0.873873 0.533200 0.318890 0.188161 0.110802 0.066375 0.041604 0.028188 0.021128 0.017515 0.015718 0.014847 0.014437 0.014248 0.014164 0.014127 0.014110 0.014102 0.014095 0.014087 0.014073 0.014049 0.014008 0.013940 0.013829 0.013657 0.013396 0.013014 0.012475 0.011741 0.010776 0.009555 0.008066 0.006321 0.004353 0.002220 0.000000 
50.000000 42.679757 35.606100 29.000715 23.039681 17.840138 13.455893 9.881581 7.063495 4.914231 3.328167 2.195293 1.411836 0.887058 0.546475 0.332223 0.201528 0.124189 0.079775 0.055010 0.041598 0.034539 0.030927 0.029130 0.028260 0.027850 0.027661 0.027577 0.027539 0.027522 0.027511 0.027501 0.027487 0.027461 0.027416 0.027338 0.027208 0.026997 0.026667 0.026166 0.025431 0.024390 0.022968 0.021094 0.018715 0.015810 0.012395 0.008540 0.004357 0.000000 
50.000000 42.683392 35.613247 29.011142 23.053066 17.856102 13.474031 9.901489 7.084798 4.936598 3.351317 2.219002 1.435931 0.911412 0.570996 0.356849 0.226219 0.148918 0.104525 0.079772 0.066366 0.059311 0.055701 0.053905 0.053035 0.052625 0.052436 0.052351 0.052313 0.052294 0.052281 0.052265 0.052238 0.052192 0.052109 0.051965 0.051725 0.051335 0.050721 0.049786 0.048410 0.046456 0.043776 0.040233 0.035723 0.030199 0.023692 0.016331 0.008335 0.000000 
50.000000 42.689911 35.626065 29.029841 23.077070 17.884732 13.506559 9.937194 7.123005 4.976712 3.392837 2.261526 1.479148 0.955093 0.614978 0.401019 0.270504 0.193271 0.148917 0.124186 0.110792 0.103743 0.100136 0.098341 0.097472 0.097062 0.096874 0.096788 0.096749 0.096727 0.096708 0.096682 0.096636 0.096554 0.096406 0.096150 0.095720 0.095018 0.093910 0.092217 0.089716 0.086150 0.081242 0.074730 0.066412 0.056189 0.044116 0.030427 0.015535 0.000000 
50.000000 42.701261 35.648382 29.062396 23.118862 17.934580 13.563195 9.999361 7.189531 5.046559 3.465134 2.335571 1.554401 1.031153 0.691562 0.477933 0.347618 0.270503 0.226217 0.201524 0.188151 0.181112 0.177511 0.175719 0.174851 0.174442 0.174253 0.174167 0.174125 0.174099 0.174072 0.174029 0.173951 0.173809 0.173555 0.173112 0.172365 0.171142 0.169204 0.166231 0.161822 0.155505 0.146774 0.135142 0.120222 0.101818 0.080013 0.055225 0.028209 0.000000 
50.000000 42.720438 35.686089 29.117403 23.189479 18.018806 13.658894 10.104408 7.301944 5.164588 3.587303 2.460695 1.681567 1.159686 0.820981 0.607908 0.477933 0.401019 0.356848 0.332219 0.318880 0.311860 0.308268 0.306480 0.305614 0.305206 0.305017 0.304929 0.304884 0.304852 0.304812 0.304742 0.304614 0.304378 0.303954 0.303214 0.301959 0.299896 0.296613 0.291554 0.284015 0.273162 0.258088 0.237905 0.211895 0.179671 0.141346 0.097641 0.049903 0.000000 
50.000000 42.751871 35.747894 29.207566 23.305227 18.156867 13.815760 10.276601 7.486215 5.358065 3.787570 2.665808 1.890030 1.370390 1.033139 0.820981 0.691562 0.614977 0.570995 0.546471 0.533189 0.526199 0.522622 0.520842 0.519980 0.519572 0.519383 0.519294 0.519244 0.519202 0.519142 0.519033 0.518828 0.518450 0.517767 0.516570 0.514532 0.511168 0.505787 0.497454 0.484970 0.466900 0.441655 0.407663 0.363614 0.308758 0.243215 0.168187 0.086017 0.000000 
50.000000 42.801831 35.846128 29.350873 23.489203 18.376308 14.065097 10.550302 7.779119 5.665606 4.105908 2.991854 2.221402 1.705329 1.370390 1.159685 1.031153 0.955092 0.911410 0.887054 0.873863 0.866920 0.863368 0.861600 0.860743 0.860338 0.860148 0.860056 0.860000 0.859944 0.859855 0.859688 0.859374 0.858788 0.857727 0.855859 0.852665 0.847366 0.838846 0.825576 0.805577 0.776444 0.735477 0.679950 0.607520 0.516761 0.407712 0.282306 0.144504 0.000000 
50.000000 42.878800 35.997468 29.571655 23.772644 18.714393 14.449247 10.971995 8.230402 6.139449 4.596391 3.494218 2.731978 2.221402 1.890030 1.681566 1.554400 1.479148 1.435930 1.411832 1.398780 1.391911 1.388396 1.386647 1.385799 1.385397 1.385207 1.385112 1.385047 1.384972 1.384843 1.384598 1.384131 1.383258 1.381670 1.378862 1.374036 1.365989 1.352974 1.332574 1.301619 1.256201 1.191852 1.103950 0.988399 0.842519 0.666041 0.461927 0.236701 0.000000 
50.000000 42.993694 36.223381 29.901230 24.195757 19.219082 15.022707 11.601509 8.904098 6.846831 5.328623 4.244193 3.494218 2.991854 2.665808 2.460695 2.335571 2.261526 2.219001 2.195289 2.182447 2.175687 2.172229 2.170507 2.169672 2.169275 2.169086 2.168987 2.168911 2.168810 2.168630 2.168283 2.167617 2.166367 2.164082 2.160021 2.153008 2.141244 2.122096 2.091873 2.045664 1.977303 1.879598 1.744912 1.566211 1.338547 1.060799 0.737234 0.378297 0.000000 
50.000000 43.159810 36.550012 30.377741 24.807514 19.948793 15.851862 12.511721 9.878204 7.869655 6.387389 5.328623 4.596391 4.105908 3.787570 3.587303 3.465134 3.392837 3.351315 3.328163 3.315623 3.309023 3.305646 3.303964 3.303148 3.302759 3.302572 3.302467 3.302378 3.302247 3.302005 3.301533 3.300621 3.298903 3.295749 3.290116 3.280331 3.263818 3.236750 3.193695 3.127301 3.028160 2.885025 2.685584 2.418008 2.073304 1.648308 1.148631 0.590476 0.000000 
50.000000 43.392353 37.007260 31.044807 25.663918 20.970332 17.012626 13.785974 11.241920 9.301589 7.869655 6.846831 6.139449 5.665606 5.358065 5.164587 5.046559 4.976711 4.936596 4.914227 4.902112 4.895735 4.892472 4.890847 4.890058 4.889680 4.889495 4.889386 4.889281 4.889117 4.888804 4.888189 4.886996 4.884738 4.880573 4.873094 4.860029 4.837830 4.801167 4.742354 4.650794 4.512622 4.310796 4.026002 3.638759 3.133001 2.501053 1.749124 0.901404 0.000000 
50.000000 43.707438 37.626812 31.948661 26.824327 22.354508 18.585465 15.512608 13.089796 11.241920 9.878204 8.904098 8.230402 7.779118 7.486215 7.301944 7.189531 7.123005 7.084797 7.063491 7.051951 7.045877 7.042768 7.041220 7.040468 7.040107 7.039926 7.039813 7.039693 7.039494 7.039108 7.038344 7.036856 7.034026 7.028782 7.019316 7.002675 6.974201 6.926795 6.850044 6.729298 6.544898 6.271916 5.880944 5.340661 4.622894 3.710566 2.607712 1.348557 0.000000 
50.000000 44.120538 38.439092 33.133686 28.345727 24.169299 20.647630 17.776436 15.512608 13.785974 12.511721 11.601509 10.971995 10.550302 10.276601 10.104408 9.999361 9.937193 9.901488 9.881577 9.870793 9.865116 9.862211 9.860763 9.860059 9.859720 9.859547 9.859432 9.859299 9.859069 9.858616 9.857715 9.855952 9.852587 9.846320 9.834946 9.814825 9.780144 9.721911 9.626697 9.475178 9.240693 8.888218 8.374525 7.650662 6.668337 5.391778 3.815328 1.983126 0.000000 
50.000000 44.644450 39.469266 34.636603 30.275263 26.470949 23.263038 20.647630 18.585465 17.012626 15.851862 15.022707 14.449247 14.065097 13.815760 13.658894 13.563195 13.506559 13.474029 13.455890 13.446064 13.440892 13.438245 13.436926 13.436284 13.435973 13.435811 13.435697 13.435556 13.435304 13.434802 13.433799 13.431829 13.428053 13.420989 13.408097 13.385148 13.345296 13.277795 13.166277 12.986624 12.704520 12.273105 11.631519 10.705982 9.416152 7.690773 5.496592 2.879430 0.000000 
50.000000 45.287037 40.732792 36.479963 32.641895 29.294005 26.470949 24.169299 22.354508 20.970332 19.948793 19.219082 18.714393 18.376308 18.156867 18.018806 17.934579 17.884732 17.856101 17.840135 17.831487 17.826935 17.824605 17.823443 17.822877 17.822602 17.822456 17.822348 17.822206 17.821947 17.821426 17.820380 17.818321 17.814358 17.806912 17.793253 17.768788 17.725994 17.652871 17.530786 17.331573 17.013847 16.518637 15.764967 14.647002 13.036612 10.799012 7.834189 4.156677 0.000000 
50.000000 46.049076 42.231203 38.666003 35.448492 32.641895 30.275263 28.345727 26.824327 25.663918 24.807514 24.195757 23.772644 23.489203 23.305227 23.189479 23.118862 23.077069 23.053065 23.039678 23.032427 23.028610 23.026656 23.025682 23.025207 23.024975 23.024850 23.024752 23.024620 23.024373 23.023873 23.022868 23.020881 23.017045 23.009808 22.996469 22.972442 22.930125 22.857210 22.734210 22.530917 22.201433 21.677390 20.859111 19.605283 17.724246 14.977153 11.119358 6.032543 0.000000 
50.000000 46.922678 43.948985 41.172092 38.666003 36.479963 34.636603 33.133686 31.948661 31.044807 30.377741 29.901230 29.571655 29.350873 29.207566 29.117403 29.062396 29.029840 29.011141 29.000713 28.995065 28.992091 28.990569 28.989810 28.989440 28.989258 28.989159 28.989079 28.988966 28.988753 28.988322 28.987450 28.985725 28.982383 28.976057 28.964351 28.943161 28.905614 28.840431 28.729433 28.543754 28.238095 27.741908 26.945830 25.680952 23.688850 20.586046 15.852920 8.965699 0.000000 
50.000000 47.890677 45.852386 43.948985 42.231203 40.732792 39.469266 38.439092 37.626812 37.007260 36.550012 36.223381 35.997468 35.846128 35.747894 35.686089 35.648382 35.626065 35.613247 35.606098 35.602226 35.600188 35.599144 35.598624 35.598370 35.598245 35.598176 35.598118 35.598036 35.597880 35.597561 35.596917 35.595638 35.593157 35.588448 35.579706 35.563822 35.535541 35.486147 35.401381 35.258136 35.019100 34.623763 33.972674 32.898604 31.111845 28.096066 22.926193 14.071733 0.000000 
50.000000 48.927277 47.890677 46.922678 46.049076 45.287037 44.644450 44.120538 43.707438 43.392353 43.159810 42.993694 42.878800 42.801831 42.751871 42.720438 42.701261 42.689911 42.683392 42.679756 42.677787 42.676750 42.676219 42.675955 42.675825 42.675762 42.675726 42.675696 42.675653 42.675570 42.675401 42.675058 42.674376 42.673052 42.670536 42.665855 42.657328 42.642099 42.615396 42.569333 42.490949 42.358881 42.137412 41.765020 41.130359 40.016533 37.956978 33.818945 24.463639 0.000000 
50.000000 50.000000 50.000000 50.000000 50.000000 50.000000 50.000000 50.000000 50.000000 50.000000 50.000000 50.000000 50.000000 50.000000 50.000000 50.000000 50.000000 50.000000 50.000000 50.000000 50.000000 50.000000 50.000000 50.000000 50.000000 50.000000 50.000000 50.000000 50.000000 50.000000 50.000000 50.000000 50.000000 50.000000 50.000000 50.000000 50.000000 50.000000 50.000000 50.000000 50.000000 50.000000 50.000000 50.000000 50.000000 50.000000 50.000000 50.000000 50.000000 50.000000 
