50.000000 50.000000 50.000000 50.000000 50.000000 50.000000 50.000000 50.000000 50.000000 50.000000 50.000000 50.000000 50.000000 50.000000 50.000000 50.000000 50.000000 50.000000 50.000000 50.000000 50.000000 50.000000 50.000000 50.000000 50.000000 50.000000 50.000000 50.000000 50.000000 50.000000 50.000000 50.000000 50.000000 50.000000 50.000000 50.000000 50.000000 50.000000 50.000000 50.000000 50.000000 50.000000 50.000000 50.000000 50.000000 50.000000 50.000000 50.000000 50.000000 50.000000 
50.000000 44.753527 40.366087 37.278404 35.430621 34.478862 34.051737 33.882812 33.823323 33.804496 33.799099 33.797687 33.797348 33.797273 33.797257 33.797254 33.797254 33.797254 33.797254 33.797254 33.797254 33.797254 33.797254 33.797254 33.797254 33.797254 33.797254 33.797254 33.797254 33.797254 33.797254 33.797254 33.797254 33.797254 33.797254 33.797254 33.797253 33.797248 33.797224 33.797111 33.796606 33.794512 33.786422 33.757373 33.660201 33.355713 32.451369 29.851325 22.376763 0.000000 
50.000000 40.366087 32.310017 26.641091 23.249073 21.502209 20.718417 20.408498 20.299381 20.264858 20.254963 20.252375 20.251754 20.251616 20.251588 20.251583 20.251582 20.251581 20.251581 20.251581 20.251581 20.251581 20.251581 20.251581 20.251581 20.251581 20.251581 20.251581 20.251581 20.251581 20.251581 20.251581 20.251581 20.251581 20.251581 20.251581 20.251580 20.251573 20.251539 20.251379 20.250669 20.247754 20.236678 20.197811 20.072203 19.699115 18.682721 16.155008 10.514762 0.000000 
50.000000 37.278404 26.641091 19.156769 14.679322 12.373985 11.339879 10.931098 10.787217 10.741710 10.728670 10.725262 10.724443 10.724262 10.724225 10.724218 10.724216 10.724216 10.724216 10.724216 10.724216 10.724216 10.724216 10.724216 10.724216 10.724216 10.724216 10.724216 10.724216 10.724216 10.724216 10.724216 10.724216 10.724216 10.724216 10.724216 10.724215 10.724209 10.724179 10.724039 10.723425 10.720936 10.711638 10.679772 10.580114 10.297618 9.578384 7.958369 4.827035 0.000000 
50.000000 35.430621 23.249073 14.679322 9.553421 6.914775 5.731446 5.263803 5.099251 5.047222 5.032318 5.028423 5.027489 5.027282 5.027239 5.027231 5.027230 5.027229 5.027229 5.027229 5.027229 5.027229 5.027229 5.027229 5.027229 5.027229 5.027229 5.027229 5.027229 5.027229 5.027229 5.027229 5.027229 5.027229 5.027229 5.027229 5.027229 5.027225 5.027205 5.027113 5.026716 5.025125 5.019273 4.999629 4.939878 4.776710 4.381703 3.549958 2.074907 0.000000 
50.000000 34.478862 21.502209 12.373985 6.914775 4.105015 2.845183 2.347409 2.172295 2.116937 2.101085 2.096943 2.095949 2.095729 2.095684 2.095675 2.095674 2.095673 2.095673 2.095673 2.095673 2.095673 2.095673 2.095673 2.095673 2.095673 2.095673 2.095673 2.095673 2.095673 2.095673 2.095673 2.095673 2.095673 2.095673 2.095673 2.095673 2.095671 2.095660 2.095612 2.095405 2.094583 2.091601 2.081764 2.052507 1.974897 1.793871 1.430006 0.818661 0.000000 
50.000000 34.051737 20.718417 11.339879 5.731446 2.845183 1.551204 1.040004 0.860190 0.803356 0.787083 0.782832 0.781812 0.781586 0.781540 0.781531 0.781530 0.781529 0.781529 0.781529 0.781529 0.781529 0.781529 0.781529 0.781529 0.781529 0.781529 0.781529 0.781529 0.781529 0.781529 0.781529 0.781529 0.781529 0.781529 0.781529 0.781529 0.781528 0.781523 0.781502 0.781411 0.781054 0.779772 0.775602 0.763419 0.731817 0.660107 0.520606 0.294364 0.000000 
50.000000 33.882812 20.408498 10.931098 5.263803 2.347409 1.040004 0.523535 0.341882 0.284470 0.268033 0.263740 0.262710 0.262482 0.262435 0.262426 0.262424 0.262424 0.262424 0.262424 0.262424 0.262424 0.262424 0.262424 0.262424 0.262424 0.262424 0.262424 0.262424 0.262424 0.262424 0.262424 0.262424 0.262424 0.262424 0.262424 0.262424 0.262424 0.262422 0.262414 0.262379 0.262245 0.261767 0.260232 0.255808 0.244530 0.219459 0.171820 0.096390 0.000000 
50.000000 33.823323 20.299381 10.787217 5.099251 2.172295 0.860190 0.341882 0.159588 0.101975 0.085481 0.081173 0.080140 0.079911 0.079864 0.079855 0.079854 0.079853 0.079853 0.079853 0.079853 0.079853 0.079853 0.079853 0.079853 0.079853 0.079853 0.079853 0.079853 0.079853 0.079853 0.079853 0.079853 0.079853 0.079853 0.079853 0.079853 0.079853 0.079852 0.079850 0.079838 0.079794 0.079637 0.079137 0.077712 0.074127 0.066281 0.051627 0.028811 0.000000 
50.000000 33.804496 20.264858 10.741710 5.047222 2.116937 0.803356 0.284470 0.101975 0.044301 0.027789 0.023476 0.022442 0.022213 0.022166 0.022157 0.022155 0.022155 0.022155 0.022155 0.022155 0.022155 0.022155 0.022155 0.022155 0.022155 0.022155 0.022155 0.022155 0.022155 0.022155 0.022155 0.022155 0.022155 0.022155 0.022155 0.022155 0.022155 0.022155 0.022154 0.022150 0.022137 0.022091 0.021945 0.021533 0.020506 0.018285 0.014190 0.007890 0.000000 
50.000000 33.799099 20.254963 10.728670 5.032318 2.101085 0.787083 0.268033 0.085481 0.027789 0.011272 0.006958 0.005923 0.005694 0.005647 0.005638 0.005637 0.005636 0.005636 0.005636 0.005636 0.005636 0.005636 0.005636 0.005636 0.005636 0.005636 0.005636 0.005636 0.005636 0.005636 0.005636 0.005636 0.005636 0.005636 0.005636 0.005636 0.005636 0.005636 0.005636 0.005635 0.005632 0.005619 0.005581 0.005472 0.005205 0.004632 0.003584 0.001988 0.000000 
50.000000 33.797687 20.252375 10.725262 5.028423 2.096943 0.782832 0.263740 0.081173 0.023476 0.006958 0.002643 0.001609 0.001380 0.001333 0.001324 0.001322 0.001322 0.001322 0.001322 0.001322 0.001322 0.001322 0.001322 0.001322 0.001322 0.001322 0.001322 0.001322 0.001322 0.001322 0.001322 0.001322 0.001322 0.001322 0.001322 0.001322 0.001322 0.001322 0.001322 0.001321 0.001321 0.001318 0.001308 0.001282 0.001218 0.001082 0.000836 0.000463 0.000000 
50.000000 33.797348 20.251754 10.724443 5.027489 2.095949 0.781812 0.262710 0.080140 0.022442 0.005923 0.001609 0.000574 0.000345 0.000298 0.000289 0.000287 0.000287 0.000287 0.000287 0.000287 0.000287 0.000287 0.000287 0.000287 0.000287 0.000287 0.000287 0.000287 0.000287 0.000287 0.000287 0.000287 0.000287 0.000287 0.000287 0.000287 0.000287 0.000287 0.000287 0.000287 0.000287 0.000286 0.000284 0.000278 0.000264 0.000234 0.000181 0.000100 0.000000 
50.000000 33.797273 20.251616 10.724262 5.027282 2.095729 0.781586 0.262482 0.079911 0.022213 0.005694 0.001380 0.000345 0.000116 0.000069 0.000060 0.000058 0.000058 0.000058 0.000058 0.000058 0.000058 0.000058 0.000058 0.000058 0.000058 0.000058 0.000058 0.000058 0.000058 0.000058 0.000058 0.000058 0.000058 0.000058 0.000058 0.000058 0.000058 0.000058 0.000058 0.000058 0.000058 0.000058 0.000057 0.000056 0.000053 0.000047 0.000036 0.000020 0.000000 
50.000000 33.797257 20.251588 10.724225 5.027239 2.095684 0.781540 0.262435 0.079864 0.022166 0.005647 0.001333 0.000298 0.000069 0.000022 0.000013 0.000011 0.000011 0.000011 0.000011 0.000011 0.000011 0.000011 0.000011 0.000011 0.000011 0.000011 0.000011 0.000011 0.000011 0.000011 0.000011 0.000011 0.000011 0.000011 0.000011 0.000011 0.000011 0.000011 0.000011 0.000011 0.000011 0.000011 0.000011 0.000011 0.000010 0.000009 0.000007 0.000004 0.000000 
50.000000 33.797254 20.251583 10.724218 5.027231 2.095675 0.781531 0.262426 0.079855 0.022157 0.005638 0.001324 0.000289 0.000060 0.000013 0.000004 0.000002 0.000002 0.000002 0.000002 0.000002 0.000002 0.000002 0.000002 0.000002 0.000002 0.000002 0.000002 0.000002 0.000002 0.000002 0.000002 0.000002 0.000002 0.000002 0.000002 0.000002 0.000002 0.000002 0.000002 0.000002 0.000002 0.000002 0.000002 0.000002 0.000002 0.000002 0.000001 0.000001 0.000000 
50.000000 33.797254 20.251582 10.724216 5.027230 2.095674 0.781530 0.262424 0.079854 0.022155 0.005637 0.001322 0.000287 0.000058 0.000011 0.000002 0.000001 0.000000 0.000000 0.000000 0.000000 0.000000 0.000000 0.000000 0.000000 0.000000 0.000000 0.000000 0.000000 0.000000 0.000000 0.000000 0.000000 0.000000 0.000000 0.000000 0.000000 0.000000 0.000000 0.000000 0.000000 0.000000 0.000000 0.000000 0.000000 0.000000 0.000000 0.000000 0.000000 0.000000 
50.000000 33.797254 20.251581 10.724216 5.027229 2.095673 0.781529 0.262424 0.079853 0.022155 0.005636 0.001322 0.000287 0.000058 0.000011 0.000002 0.000000 0.000000 0.000000 0.000000 0.000000 0.000000 0.000000 0.000000 0.000000 0.000000 0.000000 0.000000 0.000000 0.000000 0.000000 0.000000 0.000000 0.000000 0.000000 0.000000 0.000000 0.000000 0.000000 0.000000 0.000000 0.000000 0.000000 0.000000 0.000000 0.000000 0.000000 0.000000 0.000000 0.000000 
50.000000 33.797254 20.251581 10.724216 5.027229 2.095673 0.781529 0.262424 0.079853 0.022155 0.005636 0.001322 0.000287 0.000058 0.000011 0.000002 0.000000 0.000000 0.000000 0.000000 0.000000 0.000000 0.000000 0.000000 0.000000 0.000000 0.000000 0.000000 0.000000 0.000000 0.000000 0.000000 0.000000 0.000000 0.000000 0.000000 0.000000 0.000000 0.000000 0.000000 0.000000 0.000000 0.000000 0.000000 0.000000 0.000000 0.000000 0.000000 0.000000 0.000000 
50.000000 33.797254 20.251581 10.724216 5.027229 2.095673 0.781529 0.262424 0.079853 0.022155 0.005636 0.001322 0.000287 0.000058 0.000011 0.000002 0.000000 0.000000 0.000000 0.000000 0.000000 0.000000 0.000000 0.000000 0.000000 0.000000 0.000000 0.000000 0.000000 0.000000 0.000000 0.000000 0.000000 0.000000 0.000000 0.000000 0.000000 0.000000 0.000000 0.000000 0.000000 0.000000 0.000000 0.000000 0.000000 0.000000 0.000000 0.000000 0.000000 0.000000 
50.000000 33.797254 20.251581 10.724216 5.027229 2.095673 0.781529 0.262424 0.079853 0.022155 0.005636 0.001322 0.000287 0.000058 0.000011 0.000002 0.000000 0.000000 0.000000 0.000000 0.000000 0.000000 0.000000 0.000000 0.000000 0.000000 0.000000 0.000000 0.000000 0.000000 0.000000 0.000000 0.000000 0.000000 0.000000 0.000000 0.000000 0.000000 0.000000 0.000000 0.000000 0.000000 0.000000 0.000000 0.000000 0.000000 0.000000 0.000000 0.000000 0.000000 
50.000000 33.797254 20.251581 10.724216 5.027229 2.095673 0.781529 0.262424 0.079853 0.022155 0.005636 0.001322 0.000287 0.000058 0.000011 0.000002 0.000000 0.000000 0.000000 0.000000 0.000000 0.000000 0.000000 0.000000 0.000000 0.000000 0.000000 0.000000 0.000000 0.000000 0.000000 0.000000 0.000000 0.000000 0.000000 0.000000 0.000000 0.000000 0.000000 0.000000 0.000000 0.000000 0.000000 0.000000 0.000000 0.000000 0.000000 0.000000 0.000000 0.000000 
50.000000 33.797254 20.251581 10.724216 5.027229 2.095673 0.781529 0.262424 0.079853 0.022155 0.005636 0.001322 0.000287 0.000058 0.000011 0.000002 0.000000 0.000000 0.000000 0.000000 0.000000 0.000000 0.000000 0.000000 0.000000 0.000000 0.000000 0.000000 0.000000 0.000000 0.000000 0.000000 0.000000 0.000000 0.000000 0.000000 0.000000 0.000000 0.000000 0.000000 0.000000 0.000000 0.000000 0.000000 0.000000 0.000000 0.000000 0.000000 0.000000 0.000000 
50.000000 33.797254 20.251581 10.724216 5.027229 2.095673 0.781529 0.262424 0.079853 0.022155 0.005636 0.001322 0.000287 0.000058 0.000011 0.000002 0.000000 0.000000 0.000000 0.000000 0.000000 0.000000 0.000000 0.000000 0.000000 0.000000 0.000000 0.000000 0.000000 0.000000 0.000000 0.000000 0.000000 0.000000 0.000000 0.000000 0.000000 0.000000 0.000000 0.000000 0.000000 0.000000 0.000000 0.000000 0.000000 0.000000 0.000000 0.000000 0.000000 0.000000 
50.000000 33.797254 20.251581 10.724216 5.027229 2.095673 0.781529 0.262424 0.079853 0.022155 0.005636 0.001322 0.000287 0.000058 0.000011 0.000002 0.000000 0.000000 0.000000 0.000000 0.000000 0.000000 0.000000 0.000000 0.000000 0.000000 0.000000 0.000000 0.000000 0.000000 0.000000 0.000000 0.000000 0.000000 0.000000 0.000000 0.000000 0.000000 0.000000 0.000000 0.000000 0.000000 0.000000 0.000000 0.000000 0.000000 0.000000 0.000000 0.000000 0.000000 
50.000000 33.797254 20.251581 10.724216 5.027229 2.095673 0.781529 0.262424 0.079853 0.022155 0.005636 0.001322 0.000287 0.000058 0.000011 0.000002 0.000000 0.000000 0.000000 0.000000 0.000000 0.000000 0.000000 0.000000 0.000000 0.000000 0.000000 0.000000 0.000000 0.000000 0.000000 0.000000 0.000000 0.000000 0.000000 0.000000 0.000000 0.000000 0.000000 0.000000 0.000000 0.000000 0.000000 0.000000 0.000000 0.000000 0.000000 0.000000 0.000000 0.000000 
50.000000 33.797254 20.251581 10.724216 5.027229 2.095673 0.781529 0.262424 0.079853 0.022155 0.005636 0.001322 0.000287 0.000058 0.000011 0.000002 0.000000 0.000000 0.000000 0.000000 0.000000 0.000000 0.000000 0.000000 0.000000 0.000000 0.000000 0.000000 0.000000 0.000000 0.000000 0.000000 0.000000 0.000000 0.000000 0.000000 0.000000 0.000000 0.000000 0.000000 0.000000 0.000000 0.000000 0.000000 0.000000 0.000000 0.000000 0.000000 0.000000 0.000000 
50.000000 33.797254 20.251581 10.724216 5.027229 2.095673 0.781529 0.262424 0.079853 0.022155 0.005636 0.001322 0.000287 0.000058 0.000011 0.000002 0.000000 0.000000 0.000000 0.000000 0.000000 0.000000 0.000000 0.000000 0.000000 0.000000 0.000000 0.000000 0.000000 0.000000 0.000000 0.000000 0.000000 0.000000 0.000000 0.000000 0.000000 0.000000 0.000000 0.000000 0.000000 0.000000 0.000000 0.000000 0.000000 0.000000 0.000000 0.000000 0.000000 0.000000 
50.000000 33.797254 20.251581 10.724216 5.027229 2.095673 0.781529 0.262424 0.079853 0.022155 0.005636 0.001322 0.000287 0.000058 0.000011 0.000002 0.000000 0.000000 0.000000 0.000000 0.000000 0.000000 0.000000 0.000000 0.000000 0.000000 0.000000 0.000000 0.000000 0.000000 0.000000 0.000000 0.000000 0.000000 0.000000 0.000000 0.000000 0.000000 0.000000 0.000000 0.000000 0.000000 0.000000 0.000000 0.000000 0.000000 0.000000 0.000000 0.000000 0.000000 
50.000000 33.797254 20.251581 10.724216 5.027229 2.095673 0.781529 0.262424 0.079853 0.022155 0.005636 0.001322 0.000287 0.000058 0.000011 0.000002 0.000000 0.000000 0.000000 0.000000 0.000000 0.000000 0.000000 0.000000 0.000000 0.000000 0.000000 0.000000 0.000000 0.000000 0.000000 0.000000 0.000000 0.000000 0.000000 0.000000 0.000000 0.000000 0.000000 0.000000 0.000000 0.000000 0.000000 0.000000 0.000000 0.000000 0.000000 0.000000 0.000000 0.000000 
50.000000 33.797254 20.251581 10.724216 5.027229 2.095673 0.781529 0.262424 0.079853 0.022155 0.005636 0.001322 0.000287 0.000058 0.000011 0.000002 0.000000 0.000000 0.000000 0.000000 0.000000 0.000000 0.000000 0.000000 0.000000 0.000000 0.000000 0.000000 0.000000 0.000000 0.000000 0.000000 0.000000 0.000000 0.000000 0.000000 0.000000 0.000000 0.000000 0.000000 0.000000 0.000000 0.000000 0.000000 0.000000 0.000000 0.000000 0.000000 0.000000 0.000000 
50.000000 33.797254 20.251581 10.724216 5.027229 2.095673 0.781529 0.262424 0.079853 0.022155 0.005636 0.001322 0.000287 0.000058 0.000011 0.000002 0.000000 0.000000 0.000000 0.000000 0.000000 0.000000 0.000000 0.000000 0.000000 0.000000 0.000000 0.000000 0.000000 0.000000 0.000000 0.000000 0.000000 0.000000 0.000000 0.000000 0.000000 0.000000 0.000000 0.000000 0.000000 0.000000 0.000000 0.000000 0.000000 0.000000 0.000000 0.000000 0.000000 0.000000 
50.000000 33.797254 20.251581 10.724216 5.027229 2.095673 0.781529 0.262424 0.079853 0.022155 0.005636 0.001322 0.000287 0.000058 0.000011 0.000002 0.000000 0.000000 0.000000 0.000000 0.000000 0.000000 0.000000 0.000000 0.000000 0.000000 0.000000 0.000000 0.000000 0.000000 0.000000 0.000000 0.000000 0.000000 0.000000 0.000000 0.000000 0.000000 0.000000 0.000000 0.000000 0.000000 0.000000 0.000000 0.000000 0.000000 0.000000 0.000000 0.000000 0.000000 
50.000000 33.797254 20.251582 10.724216 5.027230 2.095674 0.781530 0.262424 0.079854 0.022155 0.005637 0.001322 0.000287 0.000058 0.000011 0.000002 0.000001 0.000000 0.000000 0.000000 0.000000 0.000000 0.000000 0.000000 0.000000 0.000000 0.000000 0.000000 0.000000 0.000000 0.000000 0.000000 0.000000 0.000000 0.000000 0.000000 0.000000 0.000000 0.000000 0.000000 0.000000 0.000000 0.000000 0.000000 0.000000 0.000000 0.000000 0.000000 0.000000 0.000000 
50.000000 33.797254 20.251583 10.724218 5.027231 2.095675 0.781531 0.262426 0.079855 0.022157 0.005638 0.001324 0.000289 0.000060 0.000013 0.000004 0.000002 0.000002 0.000002 0.000002 0.000002 0.000002 0.000002 0.000002 0.000002 0.000002 0.000002 0.000002 0.000002 0.000002 0.000002 0.000002 0.000002 0.000002 0.000002 0.000002 0.000002 0.000002 0.000002 0.000002 0.000002 0.000002 0.000002 0.000002 0.000002 0.000002 0.000002 0.000001 0.000001 0.000000 
50.000000 33.797257 20.251588 10.724225 5.027239 2.095684 0.781540 0.262435 0.079864 0.022166 0.005647 0.001333 0.000298 0.000069 0.000022 0.000013 0.000011 0.000011 0.000011 0.000011 0.000011 0.000011 0.000011 0.000011 0.000011 0.000011 0.000011 0.000011 0.000011 0.000011 0.000011 0.000011 0.000011 0.000011 0.000011 0.000011 0.000011 0.000011 0.000011 0.000011 0.000011 0.000011 0.000011 0.000011 0.000011 0.000010 0.000009 0.000007 0.000004 0.000000 
50.000000 33.797273 20.251616 10.724262 5.027282 2.095729 0.781586 0.262482 0.079911 0.022213 0.005694 0.001380 0.000345 0.000116 0.000069 0.000060 0.000058 0.000058 0.000058 0.000058 0.000058 0.000058 0.000058 0.000058 0.000058 0.000058 0.000058 0.000058 0.000058 0.000058 0.000058 0.000058 0.000058 0.000058 0.000058 0.000058 0.000058 0.000058 0.000058 0.000058 0.000058 0.000058 0.000058 0.000057 0.000056 0.000053 0.000047 0.000036 0.000020 0.000000 
50.000000 33.797348 20.251754 10.724443 5.027489 2.095949 0.781812 0.262710 0.080140 0.022442 0.005923 0.001609 0.000574 0.000345 0.000298 0.000289 0.000287 0.000287 0.000287 0.000287 0.000287 0.000287 0.000287 0.000287 0.000287 0.000287 0.000287 0.000287 0.000287 0.000287 0.000287 0.000287 0.000287 0.000287 0.000287 0.000287 0.000287 0.000287 0.000287 0.000287 0.000287 0.000287 0.000286 0.000284 0.000278 0.000264 0.000234 0.000181 0.000100 0.000000 
50.000000 33.797687 20.252375 10.725262 5.028423 2.096943 0.782832 0.263740 0.081173 0.023476 0.006958 0.002643 0.001609 0.001380 0.001333 0.001324 0.001322 0.001322 0.001322 0.001322 0.001322 0.001322 0.001322 0.001322 0.001322 0.001322 0.001322 0.001322 0.001322 0.001322 0.001322 0.001322 0.001322 0.001322 0.001322 0.001322 0.001322 0.001322 0.001322 0.001322 0.001321 0.001321 0.001318 0.001308 0.001282 0.001218 0.001082 0.000836 0.000463 0.000000 
50.000000 33.799099 20.254963 10.728670 5.032318 2.101085 0.787083 0.268033 0.085481 0.027789 0.011272 0.006958 0.005923 0.005694 0.005647 0.005638 0.005637 0.005636 0.005636 0.005636 0.005636 0.005636 0.005636 0.005636 0.005636 0.005636 0.005636 0.005636 0.005636 0.005636 0.005636 0.005636 0.005636 0.005636 0.005636 0.005636 0.005636 0.005636 0.005636 0.005636 0.005635 0.005632 0.005619 0.005581 0.005472 0.005205 0.004632 0.003584 0.001988 0.000000 
50.000000 33.804496 20.264858 10.741710 5.047222 2.116937 0.803356 0.284470 0.101975 0.044301 0.027789 0.023476 0.022442 0.022213 0.022166 0.022157 0.022155 0.022155 0.022155 0.022155 0.022155 0.022155 0.022155 0.022155 0.022155 0.022155 0.022155 0.022155 0.022155 0.022155 0.022155 0.022155 0.022155 0.022155 0.022155 0.022155 0.022155 0.022155 0.022155 0.022154 0.022150 0.022137 0.022091 0.021945 0.021533 0.020506 0.018285 0.014190 0.007890 0.000000 
50.000000 33.823323 20.299381 10.787217 5.099251 2.172295 0.860190 0.341882 0.159588 0.101975 0.085481 0.081173 0.080140 0.079911 0.079864 0.079855 0.079854 0.079853 0.079853 0.079853 0.079853 0.079853 0.079853 0.079853 0.079853 0.079853 0.079853 0.079853 0.079853 0.079853 0.079853 0.079853 0.079853 0.079853 0.079853 0.079853 0.079853 0.079853 0.079852 0.079850 0.079838 0.079794 0.079637 0.079137 0.077712 0.074127 0.066281 0.051627 0.028811 0.000000 
50.000000 33.882812 20.408498 10.931098 5.263803 2.347409 1.040004 0.523535 0.341882 0.284470 0.268033 0.263740 0.262710 0.262482 0.262435 0.262426 0.262424 0.262424 0.262424 0.262424 0.262424 0.262424 0.262424 0.262424 0.262424 0.262424 0.262424 0.262424 0.262424 0.262424 0.262424 0.262424 0.262424 0.262424 0.262424 0.262424 0.262424 0.262424 0.262422 0.262414 0.262379 0.262245 0.261767 0.260232 0.255808 0.244530 0.219459 0.171820 0.096390 0.000000 
50.000000 34.051737 20.718417 11.339879 5.731446 2.845183 1.551204 1.040004 0.860190 0.803356 0.787083 0.782832 0.781812 0.781586 0.781540 0.781531 0.781530 0.781529 0.781529 0.781529 0.781529 0.781529 0.781529 0.781529 0.781529 0.781529 0.781529 0.781529 0.781529 0.781529 0.781529 0.781529 0.781529 0.781529 0.781529 0.781529 0.781529 0.781528 0.781523 0.781502 0.781411 0.781054 0.779772 0.775602 0.763419 0.731817 0.660107 0.520606 0.294364 0.000000 
50.000000 34.478862 21.502209 12.373985 6.914775 4.105015 2.845183 2.347409 2.172295 2.116937 2.101085 2.096943 2.095949 2.095729 2.095684 2.095675 2.095674 2.095673 2.095673 2.095673 2.095673 2.095673 2.095673 2.095673 2.095673 2.095673 2.095673 2.095673 2.095673 2.095673 2.095673 2.095673 2.095673 2.095673 2.095673 2.095673 2.095673 2.095671 2.095660 2.095612 2.095405 2.094583 2.091601 2.081764 2.052507 1.974897 1.793871 1.430006 0.818661 0.000000 
50.000000 35.430621 23.249073 14.679322 9.553421 6.914775 5.731446 5.263803 5.099251 5.047222 5.032318 5.028423 5.027489 5.027282 5.027239 5.027231 5.027230 5.027229 5.027229 5.027229 5.027229 5.027229 5.027229 5.027229 5.027229 5.027229 5.027229 5.027229 5.027229 5.027229 5.027229 5.027229 5.027229 5.027229 5.027229 5.027229 5.027229 5.027225 5.027205 5.027113 5.026716 5.025125 5.019273 4.999629 4.939878 4.776710 4.381703 3.549958 2.074907 0.000000 
50.000000 37.278404 26.641091 19.156769 14.679322 12.373985 11.339879 10.931098 10.787217 10.741710 10.728670 10.725262 10.724443 10.724262 10.724225 10.724218 10.724216 10.724216 10.724216 10.724216 10.724216 10.724216 10.724216 10.724216 10.724216 10.724216 10.724216 10.724216 10.724216 10.724216 10.724216 10.724216 10.724216 10.724216 10.724216 10.724216 10.724215 10.724209 10.724179 10.724039 10.723425 10.720936 10.711638 10.679772 10.580114 10.297618 9.578384 7.958369 4.827035 0.000000 
50.000000 40.366087 32.310017 26.641091 23.249073 21.502209 20.718417 20.408498 20.299381 20.264858 20.254963 20.252375 20.251754 20.251616 20.251588 20.251583 20.251582 20.251581 20.251581 20.251581 20.251581 20.251581 20.251581 20.251581 20.251581 20.251581 20.251581 20.251581 20.251581 20.251581 20.251581 20.251581 20.251581 20.251581 20.251581 20.251581 20.251580 20.251573 20.251539 20.251379 20.250669 20.247754 20.236678 20.197811 20.072203 19.699115 18.682721 16.155008 10.514762 0.000000 
50.000000 44.753527 40.366087 37.278404 35.430621 34.478862 34.051737 33.882812 33.823323 33.804496 33.799099 33.797687 33.797348 33.797273 33.797257 33.797254 33.797254 33.797254 33.797254 33.797254 33.797254 33.797254 33.797254 33.797254 33.797254 33.797254 33.797254 33.797254 33.797254 33.797254 33.797254 33.797254 33.797254 33.797254 33.797254 33.797254 33.797253 33.797248 33.797224 33.797111 33.796606 33.794512 33.786422 33.757373 33.660201 33.355713 32.451369 29.851325 22.376763 0.000000 
50.000000 50.000000 50.000000 50.000000 50.000000 50.000000 50.000000 50.000000 50.000000 50.000000 50.000000 50.000000 50.000000 50.000000 50.000000 50.000000 50.000000 50.000000 50.000000 50.000000 50.000000 50.000000 50.000000 50.000000 50.000000 50.000000 50.000000 50.000000 50.000000 50.000000 50.000000 50.000000 50.000000 50.000000 50.000000 50.000000 50.000000 50.000000 50.000000 50.000000 50.000000 50.000000 50.000000 50.000000 50.000000 50.000000 50.000000 50.000000 50.000000 50.000000 
