50.000000 50.000000 50.000000 50.000000 50.000000 50.000000 50.000000 50.000000 50.000000 50.000000 50.000000 50.000000 50.000000 50.000000 50.000000 50.000000 50.000000 50.000000 50.000000 50.000000 50.000000 50.000000 50.000000 50.000000 50.000000 50.000000 50.000000 50.000000 50.000000 50.000000 50.000000 50.000000 50.000000 50.000000 50.000000 50.000000 50.000000 50.000000 50.000000 50.000000 50.000000 50.000000 50.000000 50.000000 50.000000 50.000000 50.000000 50.000000 50.000000 50.000000 
50.000000 48.483834 47.039802 45.729753 44.597414 43.664612 42.931932 42.382922 41.990232 41.721936 41.546710 41.437229 41.371736 41.334193 41.313552 41.302658 41.297134 41.294440 41.293176 41.292604 41.292355 41.292251 41.292208 41.292191 41.292185 41.292182 41.292181 41.292180 41.292178 41.292171 41.292155 41.292114 41.292015 41.291780 41.291240 41.290039 41.287443 41.281997 41.270891 41.248844 41.206141 41.125182 40.974223 40.695458 40.180360 39.213278 37.326724 33.384506 24.241917 0.000000 
50.000000 47.039802 44.220442 41.662680 39.451889 37.630685 36.200206 35.128331 34.361659 33.837850 33.495752 33.282011 33.154150 33.080856 33.040560 33.019293 33.008509 33.003251 33.000783 32.999667 32.999180 32.998976 32.998893 32.998860 32.998848 32.998843 32.998841 32.998839 32.998834 32.998823 32.998793 32.998718 32.998536 32.998106 32.997120 32.994929 32.990207 32.980332 32.960277 32.920675 32.844519 32.701556 32.438741 31.963590 31.114164 29.603088 26.912286 22.110221 13.655296 0.000000 
50.000000 45.729753 41.662680 37.972990 34.783838 32.156698 30.093209 28.547029 27.441116 26.685541 26.192084 25.883780 25.699354 25.593637 25.535516 25.504842 25.489289 25.481705 25.478146 25.476537 25.475835 25.475540 25.475421 25.475374 25.475356 25.475349 25.475346 25.475343 25.475337 25.475322 25.475283 25.475186 25.474950 25.474392 25.473119 25.470298 25.464242 25.451638 25.426196 25.376352 25.281479 25.105814 24.788884 24.230725 23.269559 21.650098 18.986495 14.750394 8.403029 0.000000 
50.000000 44.597414 39.451889 34.783838 30.749075 27.425374 24.814800 22.858712 21.459633 20.503779 19.879533 19.489523 19.256227 19.122499 19.048980 19.010181 18.990509 18.980917 18.976415 18.974380 18.973493 18.973120 18.972968 18.972908 18.972886 18.972877 18.972873 18.972870 18.972864 18.972847 18.972805 18.972698 18.972441 18.971835 18.970454 18.967410 18.960905 18.947450 18.920492 18.868173 18.769780 18.590394 18.273242 17.729455 16.825912 15.374537 13.133740 9.848801 5.384136 0.000000 
50.000000 43.664612 37.630685 32.156698 27.425374 23.527909 20.466717 18.173018 16.532494 15.411706 14.679762 14.222476 13.948943 13.792156 13.705962 13.660476 13.637413 13.626168 13.620891 13.618506 13.617466 13.617029 13.616851 13.616781 13.616755 13.616745 13.616740 13.616737 13.616731 13.616714 13.616673 13.616570 13.616321 13.615736 13.614410 13.611499 13.605314 13.592607 13.567358 13.518849 13.428762 13.267086 12.986855 12.518270 11.763955 10.599462 8.887139 6.516521 3.484252 0.000000 
50.000000 42.931932 36.200206 30.093209 24.814800 20.466717 17.051640 14.492822 12.662711 11.412425 10.595929 10.085831 9.780717 9.605832 9.509692 9.458959 9.433237 9.420696 9.414810 9.412150 9.410990 9.410503 9.410305 9.410227 9.410197 9.410186 9.410182 9.410178 9.410172 9.410158 9.410122 9.410031 9.409811 9.409298 9.408140 9.405610 9.400266 9.389365 9.367886 9.327042 9.252125 9.119688 8.894322 8.525820 7.948447 7.085344 5.862484 4.236616 2.236474 0.000000 
50.000000 42.382922 35.128331 28.547029 22.858712 18.173018 14.492822 11.735402 9.763282 8.416006 7.536191 6.986549 6.657789 6.469356 6.365772 6.311112 6.283400 6.269889 6.263549 6.260683 6.259434 6.258909 6.258695 6.258611 6.258580 6.258568 6.258563 6.258560 6.258555 6.258543 6.258513 6.258439 6.258261 6.257846 6.256912 6.254883 6.250624 6.241997 6.225141 6.193403 6.135870 6.035574 5.867701 5.598500 5.186163 4.585470 3.758145 2.689590 1.408699 0.000000 
50.000000 41.990232 34.361659 27.441116 21.459633 16.532494 12.662711 9.763282 7.689630 6.273018 5.347942 4.770037 4.424382 4.226269 4.117368 4.059903 4.030770 4.016566 4.009902 4.006889 4.005576 4.005024 4.004800 4.004712 4.004678 4.004666 4.004661 4.004658 4.004654 4.004645 4.004622 4.004566 4.004431 4.004118 4.003417 4.001902 3.998740 3.992378 3.980049 3.957050 3.915808 3.844815 3.727707 3.543022 3.265408 2.869239 2.335303 1.660103 0.865051 0.000000 
50.000000 41.721936 33.837850 26.685541 20.503779 15.411706 11.412425 8.416006 6.273018 4.809062 3.853086 3.255889 2.898702 2.693985 2.581455 2.522077 2.491975 2.477300 2.470414 2.467301 2.465945 2.465374 2.465142 2.465051 2.465017 2.465004 2.464999 2.464997 2.464994 2.464987 2.464971 2.464931 2.464835 2.464614 2.464120 2.463059 2.460857 2.456455 2.447989 2.432332 2.404531 2.357209 2.280136 2.160300 1.982944 1.733999 1.404062 0.993331 0.515794 0.000000 
50.000000 41.546710 33.495752 26.192084 19.879533 14.679762 10.595929 7.536191 5.347942 3.853086 2.876946 2.267162 1.902452 1.693428 1.578532 1.517908 1.487174 1.472191 1.465160 1.461983 1.460598 1.460016 1.459779 1.459686 1.459651 1.459638 1.459633 1.459631 1.459629 1.459624 1.459613 1.459586 1.459522 1.459375 1.459048 1.458347 1.456901 1.454028 1.448541 1.438473 1.420754 1.390892 1.342787 1.268886 1.160912 1.011360 0.815732 0.575076 0.297866 0.000000 
50.000000 41.437229 33.282011 25.883780 19.489523 14.222476 10.085831 6.986549 4.770037 3.255889 2.267162 1.649523 1.280119 1.068407 0.952036 0.890634 0.859506 0.844331 0.837211 0.833993 0.832591 0.832001 0.831761 0.831667 0.831632 0.831619 0.831614 0.831612 0.831610 0.831607 0.831600 0.831583 0.831543 0.831450 0.831244 0.830806 0.829907 0.828132 0.824762 0.818621 0.807901 0.789989 0.761408 0.717945 0.655118 0.569031 0.457584 0.321734 0.166338 0.000000 
50.000000 41.371736 33.154150 25.699354 19.256227 13.948943 9.780717 6.657789 4.424382 2.898702 1.902452 1.280119 0.907911 0.694594 0.577342 0.515476 0.484113 0.468824 0.461650 0.458408 0.456995 0.456401 0.456160 0.456065 0.456029 0.456016 0.456011 0.456009 0.456008 0.456006 0.456002 0.455991 0.455967 0.455912 0.455789 0.455529 0.454999 0.453956 0.451987 0.448424 0.442246 0.432003 0.415792 0.391353 0.356336 0.308777 0.247717 0.173818 0.089739 0.000000 
50.000000 41.334193 33.080856 25.593637 19.122499 13.792156 9.605832 6.469356 4.226269 2.693985 1.693428 1.068407 0.694594 0.480359 0.362603 0.300471 0.268974 0.253619 0.246415 0.243159 0.241740 0.241143 0.240901 0.240806 0.240770 0.240757 0.240752 0.240750 0.240749 0.240748 0.240746 0.240740 0.240726 0.240694 0.240625 0.240478 0.240179 0.239596 0.238500 0.236527 0.233128 0.227530 0.218732 0.205566 0.186841 0.161594 0.129395 0.090649 0.046750 0.000000 
50.000000 41.313552 33.040560 25.535516 19.048980 13.705962 9.509692 6.365772 4.117368 2.581455 1.578532 0.952036 0.577342 0.362603 0.244570 0.182293 0.150722 0.135332 0.128111 0.124847 0.123425 0.122827 0.122584 0.122488 0.122452 0.122439 0.122434 0.122432 0.122432 0.122431 0.122430 0.122426 0.122419 0.122402 0.122364 0.122285 0.122125 0.121813 0.121230 0.120185 0.118396 0.115466 0.110889 0.104083 0.094463 0.081570 0.065218 0.045631 0.023513 0.000000 
50.000000 41.302658 33.019293 25.504842 19.010181 13.660476 9.458959 6.311112 4.059903 2.522077 1.517908 0.890634 0.515476 0.300471 0.182293 0.119938 0.088329 0.072920 0.065690 0.062422 0.060998 0.060400 0.060156 0.060061 0.060025 0.060011 0.060007 0.060005 0.060004 0.060004 0.060003 0.060001 0.059998 0.059989 0.059969 0.059928 0.059846 0.059687 0.059390 0.058860 0.057957 0.056486 0.054200 0.050819 0.046066 0.039727 0.031724 0.022173 0.011417 0.000000 
50.000000 41.297134 33.008509 25.489289 18.990509 13.637413 9.433237 6.283400 4.030770 2.491975 1.487174 0.859506 0.484113 0.268974 0.150722 0.088329 0.056700 0.041281 0.034047 0.030777 0.029353 0.028753 0.028510 0.028415 0.028378 0.028365 0.028360 0.028359 0.028358 0.028358 0.028357 0.028356 0.028354 0.028350 0.028340 0.028320 0.028280 0.028201 0.028056 0.027799 0.027361 0.026652 0.025554 0.023938 0.021677 0.018674 0.014897 0.010403 0.005354 0.000000 
50.000000 41.294440 33.003251 25.481705 18.980917 13.626168 9.420696 6.269889 4.016566 2.477300 1.472191 0.844331 0.468824 0.253619 0.135332 0.072920 0.041281 0.025858 0.018622 0.015351 0.013926 0.013326 0.013083 0.012987 0.012951 0.012938 0.012933 0.012931 0.012931 0.012931 0.012930 0.012930 0.012929 0.012927 0.012922 0.012913 0.012894 0.012857 0.012789 0.012668 0.012465 0.012135 0.011628 0.010885 0.009848 0.008476 0.006756 0.004715 0.002425 0.000000 
50.000000 41.293176 33.000783 25.478146 18.976415 13.620891 9.414810 6.263549 4.009902 2.470414 1.465160 0.837211 0.461650 0.246415 0.128111 0.065690 0.034047 0.018622 0.011384 0.008113 0.006688 0.006088 0.005845 0.005749 0.005713 0.005700 0.005695 0.005693 0.005693 0.005692 0.005692 0.005692 0.005692 0.005691 0.005689 0.005684 0.005676 0.005659 0.005628 0.005574 0.005483 0.005336 0.005110 0.004780 0.004321 0.003716 0.002960 0.002065 0.001062 0.000000 
50.000000 41.292604 32.999667 25.476537 18.974380 13.618506 9.412150 6.260683 4.006889 2.467301 1.461983 0.833993 0.458408 0.243159 0.124847 0.062422 0.030777 0.015351 0.008113 0.004842 0.003416 0.002817 0.002573 0.002478 0.002441 0.002428 0.002423 0.002422 0.002421 0.002421 0.002421 0.002421 0.002421 0.002420 0.002419 0.002417 0.002414 0.002406 0.002393 0.002369 0.002330 0.002267 0.002170 0.002028 0.001833 0.001575 0.001254 0.000874 0.000449 0.000000 
50.000000 41.292355 32.999181 25.475836 18.973493 13.617466 9.410990 6.259434 4.005576 2.465945 1.460598 0.832591 0.456995 0.241740 0.123425 0.060998 0.029353 0.013926 0.006688 0.003416 0.001991 0.001391 0.001148 0.001052 0.001016 0.001003 0.000998 0.000996 0.000996 0.000995 0.000995 0.000995 0.000995 0.000995 0.000995 0.000994 0.000992 0.000989 0.000984 0.000974 0.000957 0.000931 0.000891 0.000832 0.000752 0.000646 0.000514 0.000358 0.000184 0.000000 
50.000000 41.292251 32.998976 25.475541 18.973120 13.617029 9.410503 6.258909 4.005024 2.465374 1.460016 0.832001 0.456401 0.241144 0.122827 0.060400 0.028754 0.013327 0.006088 0.002817 0.001391 0.000792 0.000548 0.000453 0.000417 0.000403 0.000398 0.000397 0.000396 0.000396 0.000396 0.000396 0.000396 0.000396 0.000396 0.000395 0.000395 0.000394 0.000391 0.000387 0.000381 0.000370 0.000354 0.000331 0.000298 0.000256 0.000204 0.000142 0.000073 0.000000 
50.000000 41.292208 32.998893 25.475421 18.972969 13.616852 9.410305 6.258696 4.004800 2.465143 1.459780 0.831762 0.456160 0.240902 0.122585 0.060157 0.028511 0.013084 0.005846 0.002574 0.001148 0.000549 0.000306 0.000210 0.000174 0.000160 0.000156 0.000154 0.000153 0.000153 0.000153 0.000153 0.000153 0.000153 0.000153 0.000153 0.000153 0.000152 0.000151 0.000150 0.000147 0.000143 0.000137 0.000128 0.000115 0.000099 0.000079 0.000055 0.000028 0.000000 
50.000000 41.292192 32.998861 25.475375 18.972910 13.616783 9.410229 6.258614 4.004714 2.465054 1.459689 0.831670 0.456067 0.240808 0.122491 0.060063 0.028417 0.012990 0.005752 0.002480 0.001055 0.000455 0.000212 0.000116 0.000080 0.000066 0.000062 0.000060 0.000060 0.000059 0.000059 0.000059 0.000059 0.000059 0.000059 0.000059 0.000059 0.000059 0.000059 0.000058 0.000057 0.000055 0.000053 0.000049 0.000044 0.000038 0.000030 0.000021 0.000011 0.000000 
50.000000 41.292186 32.998850 25.475359 18.972890 13.616760 9.410203 6.258586 4.004685 2.465024 1.459658 0.831639 0.456036 0.240777 0.122459 0.060032 0.028385 0.012958 0.005720 0.002449 0.001023 0.000424 0.000180 0.000085 0.000048 0.000035 0.000030 0.000029 0.000028 0.000028 0.000028 0.000028 0.000028 0.000028 0.000028 0.000028 0.000028 0.000028 0.000027 0.000027 0.000027 0.000026 0.000025 0.000023 0.000021 0.000018 0.000014 0.000010 0.000005 0.000000 
50.000000 41.292186 32.998850 25.475359 18.972890 13.616760 9.410203 6.258586 4.004685 2.465024 1.459658 0.831639 0.456036 0.240777 0.122459 0.060032 0.028385 0.012958 0.005720 0.002449 0.001023 0.000424 0.000180 0.000085 0.000048 0.000035 0.000030 0.000029 0.000028 0.000028 0.000028 0.000028 0.000028 0.000028 0.000028 0.000028 0.000028 0.000028 0.000027 0.000027 0.000027 0.000026 0.000025 0.000023 0.000021 0.000018 0.000014 0.000010 0.000005 0.000000 
50.000000 41.292192 32.998861 25.475375 18.972910 13.616783 9.410229 6.258614 4.004714 2.465054 1.459689 0.831670 0.456067 0.240808 0.122491 0.060063 0.028417 0.012990 0.005752 0.002480 0.001055 0.000455 0.000212 0.000116 0.000080 0.000066 0.000062 0.000060 0.000060 0.000059 0.000059 0.000059 0.000059 0.000059 0.000059 0.000059 0.000059 0.000059 0.000059 0.000058 0.000057 0.000055 0.000053 0.000049 0.000044 0.000038 0.000030 0.000021 0.000011 0.000000 
50.000000 41.292208 32.998893 25.475421 18.972969 13.616852 9.410305 6.258696 4.004800 2.465143 1.459780 0.831762 0.456160 0.240902 0.122585 0.060157 0.028511 0.013084 0.005846 0.002574 0.001148 0.000549 0.000306 0.000210 0.000174 0.000160 0.000156 0.000154 0.000153 0.000153 0.000153 0.000153 0.000153 0.000153 0.000153 0.000153 0.000153 0.000152 0.000151 0.000150 0.000147 0.000143 0.000137 0.000128 0.000115 0.000099 0.000079 0.000055 0.000028 0.000000 
50.000000 41.292251 32.998976 25.475541 18.973120 13.617029 9.410503 6.258909 4.005024 2.465374 1.460016 0.832001 0.456401 0.241144 0.122827 0.060400 0.028754 0.013327 0.006088 0.002817 0.001391 0.000792 0.000548 0.000453 0.000417 0.000403 0.000398 0.000397 0.000396 0.000396 0.000396 0.000396 0.000396 0.000396 0.000396 0.000395 0.000395 0.000394 0.000391 0.000387 0.000381 0.000370 0.000354 0.000331 0.000298 0.000256 0.000204 0.000142 0.000073 0.000000 
50.000000 41.292355 32.999181 25.475836 18.973493 13.617466 9.410990 6.259434 4.005576 2.465945 1.460598 0.832591 0.456995 0.241740 0.123425 0.060998 0.029353 0.013926 0.006688 0.003416 0.001991 0.001391 0.001148 0.001052 0.001016 0.001003 0.000998 0.000996 0.000996 0.000995 0.000995 0.000995 0.000995 0.000995 0.000995 0.000994 0.000992 0.000989 0.000984 0.000974 0.000957 0.000931 0.000891 0.000832 0.000752 0.000646 0.000514 0.000358 0.000184 0.000000 
50.000000 41.292604 32.999667 25.476537 18.974380 13.618506 9.412150 6.260683 4.006889 2.467301 1.461983 0.833993 0.458408 0.243159 0.124847 0.062422 0.030777 0.015351 0.008113 0.004842 0.003416 0.002817 0.002573 0.002478 0.002441 0.002428 0.002423 0.002422 0.002421 0.002421 0.002421 0.002421 0.002421 0.002420 0.002419 0.002417 0.002414 0.002406 0.002393 0.002369 0.002330 0.002267 0.002170 0.002028 0.001833 0.001575 0.001254 0.000874 0.000449 0.000000 
50.000000 41.293176 33.000783 25.478146 18.976415 13.620891 9.414810 6.263549 4.009902 2.470414 1.465160 0.837211 0.461650 0.246415 0.128111 0.065690 0.034047 0.018622 0.011384 0.008113 0.006688 0.006088 0.005845 0.005749 0.005713 0.005700 0.005695 0.005693 0.005693 0.005692 0.005692 0.005692 0.005692 0.005691 0.005689 0.005684 0.005676 0.005659 0.005628 0.005574 0.005483 0.005336 0.005110 0.004780 0.004321 0.003716 0.002960 0.002065 0.001062 0.000000 
50.000000 41.294440 33.003251 25.481705 18.980917 13.626168 9.420696 6.269889 4.016566 2.477300 1.472191 0.844331 0.468824 0.253619 0.135332 0.072920 0.041281 0.025858 0.018622 0.015351 0.013926 0.013326 0.013083 0.012987 0.012951 0.012938 0.012933 0.012931 0.012931 0.012931 0.012930 0.012930 0.012929 0.012927 0.012922 0.012913 0.012894 0.012857 0.012789 0.012668 0.012465 0.012135 0.011628 0.010885 0.009848 0.008476 0.006756 0.004715 0.002425 0.000000 
50.000000 41.297134 33.008509 25.489289 18.990509 13.637413 9.433237 6.283400 4.030770 2.491975 1.487174 0.859506 0.484113 0.268974 0.150722 0.088329 0.056700 0.041281 0.034047 0.030777 0.029353 0.028753 0.028510 0.028415 0.028378 0.028365 0.028360 0.028359 0.028358 0.028358 0.028357 0.028356 0.028354 0.028350 0.028340 0.028320 0.028280 0.028201 0.028056 0.027799 0.027361 0.026652 0.025554 0.023938 0.021677 0.018674 0.014897 0.010403 0.005354 0.000000 
50.000000 41.302658 33.019293 25.504842 19.010181 13.660476 9.458959 6.311112 4.059903 2.522077 1.517908 0.890634 0.515476 0.300471 0.182293 0.119938 0.088329 0.072920 0.065690 0.062422 0.060998 0.060400 0.060156 0.060061 0.060025 0.060011 0.060007 0.060005 0.060004 0.060004 0.060003 0.060001 0.059998 0.059989 0.059969 0.059928 0.059846 0.059687 0.059390 0.058860 0.057957 0.056486 0.054200 0.050819 0.046066 0.039727 0.031724 0.022173 0.011417 0.000000 
50.000000 41.313552 33.040560 25.535516 19.048980 13.705962 9.509692 6.365772 4.117368 2.581455 1.578532 0.952036 0.577342 0.362603 0.244570 0.182293 0.150722 0.135332 0.128111 0.124847 0.123425 0.122827 0.122584 0.122488 0.122452 0.122439 0.122434 0.122432 0.122432 0.122431 0.122430 0.122426 0.122419 0.122402 0.122364 0.122285 0.122125 0.121813 0.121230 0.120185 0.118396 0.115466 0.110889 0.104083 0.094463 0.081570 0.065218 0.045631 0.023513 0.000000 
50.000000 41.334193 33.080856 25.593637 19.122499 13.792156 9.605832 6.469356 4.226269 2.693985 1.693428 1.068407 0.694594 0.480359 0.362603 0.300471 0.268974 0.253619 0.246415 0.243159 0.241740 0.241143 0.240901 0.240806 0.240770 0.240757 0.240752 0.240750 0.240749 0.240748 0.240746 0.240740 0.240726 0.240694 0.240625 0.240478 0.240179 0.239596 0.238500 0.236527 0.233128 0.227530 0.218732 0.205566 0.186841 0.161594 0.129395 0.090649 0.046750 0.000000 
50.000000 41.371736 33.154150 25.699354 19.256227 13.948943 9.780717 6.657789 4.424382 2.898702 1.902452 1.280119 0.907911 0.694594 0.577342 0.515476 0.484113 0.468824 0.461650 0.458408 0.456995 0.456401 0.456160 0.456065 0.456029 0.456016 0.456011 0.456009 0.456008 0.456006 0.456002 0.455991 0.455967 0.455912 0.455789 0.455529 0.454999 0.453956 0.451987 0.448424 0.442246 0.432003 0.415792 0.391353 0.356336 0.308777 0.247717 0.173818 0.089739 0.000000 
50.000000 41.437229 33.282011 25.883780 19.489523 14.222476 10.085831 6.986549 4.770037 3.255889 2.267162 1.649523 1.280119 1.068407 0.952036 0.890634 0.859506 0.844331 0.837211 0.833993 0.832591 0.832001 0.831761 0.831667 0.831632 0.831619 0.831614 0.831612 0.831610 0.831607 0.831600 0.831583 0.831543 0.831450 0.831244 0.830806 0.829907 0.828132 0.824762 0.818621 0.807901 0.789989 0.761408 0.717945 0.655118 0.569031 0.457584 0.321734 0.166338 0.000000 
50.000000 41.546710 33.495752 26.192084 19.879533 14.679762 10.595929 7.536191 5.347942 3.853086 2.876946 2.267162 1.902452 1.693428 1.578532 1.517908 1.487174 1.472191 1.465160 1.461983 1.460598 1.460016 1.459779 1.459686 1.459651 1.459638 1.459633 1.459631 1.459629 1.459624 1.459613 1.459586 1.459522 1.459375 1.459048 1.458347 1.456901 1.454028 1.448541 1.438473 1.420754 1.390892 1.342787 1.268886 1.160912 1.011360 0.815732 0.575076 0.297866 0.000000 
50.000000 41.721936 33.837850 26.685541 20.503779 15.411706 11.412425 8.416006 6.273018 4.809062 3.853086 3.255889 2.898702 2.693985 2.581455 2.522077 2.491975 2.477300 2.470414 2.467301 2.465945 2.465374 2.465142 2.465051 2.465017 2.465004 2.464999 2.464997 2.464994 2.464987 2.464971 2.464931 2.464835 2.464614 2.464120 2.463059 2.460857 2.456455 2.447989 2.432332 2.404531 2.357209 2.280136 2.160300 1.982944 1.733999 1.404062 0.993331 0.515794 0.000000 
50.000000 41.990232 34.361659 27.441116 21.459633 16.532494 12.662711 9.763282 7.689630 6.273018 5.347942 4.770037 4.424382 4.226269 4.117368 4.059903 4.030770 4.016566 4.009902 4.006889 4.005576 4.005024 4.004800 4.004712 4.004678 4.004666 4.004661 4.004658 4.004654 4.004645 4.004622 4.004566 4.004431 4.004118 4.003417 4.001902 3.998740 3.992378 3.980049 3.957050 3.915808 3.844815 3.727707 3.543022 3.265408 2.869239 2.335303 1.660103 0.865051 0.000000 
50.000000 42.382922 35.128331 28.547029 22.858712 18.173018 14.492822 11.735402 9.763282 8.416006 7.536191 6.986549 6.657789 6.469356 6.365772 6.311112 6.283400 6.269889 6.263549 6.260683 6.259434 6.258909 6.258695 6.258611 6.258580 6.258568 6.258563 6.258560 6.258555 6.258543 6.258513 6.258439 6.258261 6.257846 6.256912 6.254883 6.250624 6.241997 6.225141 6.193403 6.135870 6.035574 5.867701 5.598500 5.186163 4.585470 3.758145 2.689590 1.408699 0.000000 
50.000000 42.931932 36.200206 30.093209 24.814800 20.466717 17.051640 14.492822 12.662711 11.412425 10.595929 10.085831 9.780717 9.605832 9.509692 9.458959 9.433237 9.420696 9.414810 9.412150 9.410990 9.410503 9.410305 9.410227 9.410197 9.410186 9.410182 9.410178 9.410172 9.410158 9.410122 9.410031 9.409811 9.409298 9.408140 9.405610 9.400266 9.389365 9.367886 9.327042 9.252125 9.119688 8.894322 8.525820 7.948447 7.085344 5.862484 4.236616 2.236474 0.000000 
50.000000 43.664612 37.630685 32.156698 27.425374 23.527909 20.466717 18.173018 16.532494 15.411706 14.679762 14.222476 13.948943 13.792156 13.705962 13.660476 13.637413 13.626168 13.620891 13.618506 13.617466 13.617029 13.616851 13.616781 13.616755 13.616745 13.616740 13.616737 13.616731 13.616714 13.616673 13.616570 13.616321 13.615736 13.614410 13.611499 13.605314 13.592607 13.567358 13.518849 13.428762 13.267086 12.986855 12.518270 11.763955 10.599462 8.887139 6.516521 3.484252 0.000000 
50.000000 44.597414 39.451889 34.783838 30.749075 27.425374 24.814800 22.858712 21.459633 20.503779 19.879533 19.489523 19.256227 19.122499 19.048980 19.010181 18.990509 18.980917 18.976415 18.974380 18.973493 18.973120 18.972968 18.972908 18.972886 18.972877 18.972873 18.972870 18.972864 18.972847 18.972805 18.972698 18.972441 18.971835 18.970454 18.967410 18.960905 18.947450 18.920492 18.868173 18.769780 18.590394 18.273242 17.729455 16.825912 15.374537 13.133740 9.848801 5.384136 0.000000 
50.000000 45.729753 41.662680 37.972990 34.783838 32.156698 30.093209 28.547029 27.441116 26.685541 26.192084 25.883780 25.699354 25.593637 25.535516 25.504842 25.489289 25.481705 25.478146 25.476537 25.475835 25.475540 25.475421 25.475374 25.475356 25.475349 25.475346 25.475343 25.475337 25.475322 25.475283 25.475186 25.474950 25.474392 25.473119 25.470298 25.464242 25.451638 25.426196 25.376352 25.281479 25.105814 24.788884 24.230725 23.269559 21.650098 18.986495 14.750394 8.403029 0.000000 
50.000000 47.039802 44.220442 41.662680 39.451889 37.630685 36.200206 35.128331 34.361659 33.837850 33.495752 33.282011 33.154150 33.080856 33.040560 33.019293 33.008509 33.003251 33.000783 32.999667 32.999180 32.998976 32.998893 32.998860 32.998848 32.998843 32.998841 32.998839 32.998834 32.998823 32.998793 32.998718 32.998536 32.998106 32.997120 32.994929 32.990207 32.980332 32.960277 32.920675 32.844519 32.701556 32.438741 31.963590 31.114164 29.603088 26.912286 22.110221 13.655296 0.000000 
50.000000 48.483834 47.039802 45.729753 44.597414 43.664612 42.931932 42.382922 41.990232 41.721936 41.546710 41.437229 41.371736 41.334193 41.313552 41.302658 41.297134 41.294440 41.293176 41.292604 41.292355 41.292251 41.292208 41.292191 41.292185 41.292182 41.292181 41.292180 41.292178 41.292171 41.292155 41.292114 41.292015 41.291780 41.291240 41.290039 41.287443 41.281997 41.270891 41.248844 41.206141 41.125182 40.974223 40.695458 40.180360 39.213278 37.326724 33.384506 24.241917 0.000000 
50.000000 50.000000 50.000000 50.000000 50.000000 50.000000 50.000000 50.000000 50.000000 50.000000 50.000000 50.000000 50.000000 50.000000 50.000000 50.000000 50.000000 50.000000 50.000000 50.000000 50.000000 50.000000 50.000000 50.000000 50.000000 50.000000 50.000000 50.000000 50.000000 50.000000 50.000000 50.000000 50.000000 50.000000 50.000000 50.000000 50.000000 50.000000 50.000000 50.000000 50.000000 50.000000 50.000000 50.000000 50.000000 50.000000 50.000000 50.000000 50.000000 50.000000 
