50.000000 50.000000 50.000000 50.000000 50.000000 50.000000 50.000000 50.000000 50.000000 50.000000 50.000000 50.000000 50.000000 50.000000 50.000000 50.000000 50.000000 50.000000 50.000000 50.000000 50.000000 50.000000 50.000000 50.000000 50.000000 50.000000 50.000000 50.000000 50.000000 50.000000 50.000000 50.000000 50.000000 50.000000 50.000000 50.000000 50.000000 50.000000 50.000000 50.000000 50.000000 50.000000 50.000000 50.000000 50.000000 50.000000 50.000000 50.000000 50.000000 50.000000 
50.000000 48.759199 47.566720 46.465248 45.487279 44.652478 43.967226 43.426156 43.015063 42.714403 42.502642 42.358944 42.264949 42.205654 42.169558 42.148344 42.136300 42.129690 42.126181 42.124379 42.123483 42.123051 42.122849 42.122758 42.122717 42.122699 42.122690 42.122682 42.122668 42.122637 42.122569 42.122419 42.122095 42.121415 42.120023 42.117247 42.111844 42.101574 42.082484 42.047722 41.985549 41.875946 41.684535 41.350958 40.764657 39.708945 37.716730 33.653917 24.379599 0.000000 
50.000000 47.566720 45.228206 43.068162 41.150318 39.513238 38.169433 37.108378 36.302216 35.712618 35.297354 35.015564 34.831243 34.714966 34.644185 34.602585 34.578967 34.566005 34.559126 34.555592 34.553835 34.552988 34.552592 34.552412 34.552333 34.552298 34.552280 34.552264 34.552238 34.552181 34.552054 34.551774 34.551171 34.549908 34.547328 34.542190 34.532215 34.513312 34.478317 34.414925 34.302341 34.105792 33.767301 33.189620 32.207008 30.530154 27.641723 22.614103 13.912804 0.000000 
50.000000 46.465248 43.068162 39.930339 37.144361 34.766247 32.814171 31.272839 30.101784 29.245322 28.642106 28.232780 27.965039 27.796140 27.693327 27.632902 27.598596 27.579769 27.569777 27.564644 27.562092 27.560862 27.560287 27.560026 27.559911 27.559860 27.559834 27.559813 27.559777 27.559701 27.559532 27.559159 27.558357 27.556681 27.553265 27.546485 27.533373 27.508646 27.463144 27.381359 27.237587 26.989995 26.571498 25.875742 24.735852 22.893944 19.965169 15.426438 8.748518 0.000000 
50.000000 45.487279 41.150318 37.144361 33.587608 30.551574 28.059459 26.091736 24.596735 23.503363 22.733297 22.210757 21.868968 21.653359 21.522115 21.444982 21.401191 21.377159 21.364404 21.357853 21.354595 21.353025 21.352292 21.351959 21.351812 21.351747 21.351715 21.351689 21.351648 21.351562 21.351370 21.350948 21.350044 21.348158 21.344329 21.336760 21.322193 21.294887 21.245016 21.156219 21.001988 20.740485 20.307390 19.606550 18.499031 16.793804 14.250417 10.620164 5.778334 0.000000 
50.000000 44.652478 39.513238 34.766247 30.551574 26.953962 24.000901 21.669245 19.897760 18.602195 17.689736 17.070581 16.665604 16.410138 16.254635 16.163247 16.111364 16.082892 16.067781 16.060020 16.056160 16.054300 16.053431 16.053037 16.052863 16.052787 16.052750 16.052722 16.052680 16.052591 16.052396 16.051969 16.051056 16.049157 16.045318 16.037765 16.023311 15.996400 15.947660 15.861761 15.714453 15.468641 15.069638 14.440190 13.476981 12.052542 10.030395 7.306229 3.887821 0.000000 
50.000000 43.967226 38.169433 32.814171 28.059459 24.000901 20.669504 18.039150 16.040748 14.579248 13.549937 12.851502 12.394675 12.106508 11.931103 11.828021 11.769499 11.737386 11.720342 11.711588 11.707235 11.705138 11.704158 11.703713 11.703517 11.703432 11.703391 11.703362 11.703322 11.703239 11.703057 11.702660 11.701813 11.700060 11.696530 11.689619 11.676475 11.652181 11.608557 11.532475 11.403644 11.191952 10.854726 10.334752 9.560711 8.452909 6.938428 4.979813 2.616268 0.000000 
50.000000 43.426156 37.108378 31.272839 26.091736 21.669245 18.039150 15.172981 12.995445 11.402958 10.281410 9.520400 9.022654 8.708679 8.517570 8.405260 8.341502 8.306515 8.287947 8.278411 8.273668 8.271383 8.270316 8.269832 8.269619 8.269526 8.269483 8.269455 8.269418 8.269346 8.269188 8.268843 8.268113 8.266606 8.263586 8.257706 8.246591 8.226196 8.189889 8.127211 8.022352 7.852504 7.586491 7.184423 6.599607 5.784347 4.701341 3.341076 1.741621 0.000000 
50.000000 43.015063 36.302216 30.101784 24.596735 19.897760 16.040748 12.995445 10.681839 8.989860 7.798259 6.989727 6.460908 6.127338 5.924305 5.804991 5.737257 5.700090 5.680365 5.670235 5.665197 5.662770 5.661637 5.661123 5.660896 5.660798 5.660754 5.660727 5.660696 5.660636 5.660507 5.660227 5.659635 5.658420 5.655994 5.651298 5.642474 5.626400 5.598022 5.549504 5.469242 5.340919 5.142941 4.848796 4.429119 3.856250 3.111789 2.196424 1.139116 0.000000 
50.000000 42.714403 35.712618 29.245322 23.503363 18.602195 14.579248 11.402958 8.989860 7.225142 5.982328 5.139058 4.587526 4.239635 4.027889 3.903457 3.832819 3.794059 3.773489 3.762925 3.757672 3.755141 3.753959 3.753423 3.753187 3.753085 3.753040 3.753015 3.752989 3.752943 3.752843 3.752628 3.752175 3.751249 3.749409 3.745865 3.739247 3.727272 3.706298 3.670760 3.612571 3.520619 3.380606 3.175604 2.887741 2.501374 2.007735 1.410277 0.728853 0.000000 
50.000000 42.502642 35.297354 28.642106 22.733297 17.689736 13.549937 10.281410 7.798259 5.982328 4.703461 3.835738 3.268220 2.910251 2.692373 2.564340 2.491659 2.451778 2.430614 2.419746 2.414341 2.411737 2.410521 2.409970 2.409727 2.409623 2.409577 2.409554 2.409533 2.409498 2.409425 2.409268 2.408939 2.408269 2.406945 2.404406 2.399693 2.391220 2.376488 2.351730 2.311568 2.248756 2.154199 2.017462 1.827975 1.577078 1.260747 0.882429 0.454920 0.000000 
50.000000 42.358944 35.015564 28.232780 22.210757 17.070581 12.851502 9.520400 6.989727 5.139058 3.835738 2.951432 2.373074 2.008272 1.786238 1.655764 1.581698 1.541059 1.519492 1.508417 1.502909 1.500256 1.499017 1.498455 1.498208 1.498102 1.498057 1.498035 1.498018 1.497993 1.497941 1.497833 1.497605 1.497144 1.496236 1.494504 1.491304 1.485588 1.475716 1.459250 1.432760 1.391705 1.330511 1.242945 1.122922 0.965741 0.769635 0.537246 0.276459 0.000000 
50.000000 42.264949 34.831243 27.965039 21.868968 16.665604 12.394675 9.022654 6.460908 4.587526 3.268220 2.373074 1.787632 1.418364 1.193615 1.061546 0.986576 0.945440 0.923611 0.912401 0.906826 0.904141 0.902887 0.902318 0.902068 0.901961 0.901916 0.901895 0.901882 0.901864 0.901829 0.901757 0.901607 0.901304 0.900709 0.899579 0.897504 0.893816 0.887486 0.877000 0.860253 0.834507 0.796457 0.742495 0.669203 0.574081 0.456393 0.317930 0.163375 0.000000 
50.000000 42.205654 34.714966 27.796140 21.653359 16.410138 12.106508 8.708679 6.127338 4.239635 2.910251 2.008272 1.418364 1.046282 0.819821 0.686748 0.611209 0.569761 0.547766 0.536471 0.530854 0.528148 0.526885 0.526312 0.526060 0.525953 0.525907 0.525888 0.525876 0.525864 0.525842 0.525796 0.525701 0.525510 0.525137 0.524431 0.523141 0.520861 0.516968 0.510558 0.500389 0.484864 0.462088 0.430033 0.386827 0.331166 0.262766 0.182751 0.093809 0.000000 
50.000000 42.169558 34.644185 27.693327 21.522115 16.254635 11.931103 8.517570 5.924305 4.027889 2.692373 1.786238 1.193615 0.819821 0.592320 0.458636 0.382750 0.341113 0.319017 0.307671 0.302029 0.299311 0.298041 0.297466 0.297213 0.297105 0.297060 0.297041 0.297031 0.297022 0.297008 0.296980 0.296923 0.296807 0.296583 0.296160 0.295390 0.294035 0.291735 0.287967 0.282024 0.273007 0.259863 0.241484 0.216870 0.185355 0.146841 0.101995 0.052311 0.000000 
50.000000 42.148344 34.602585 27.632902 21.444982 16.163247 11.828021 8.405260 5.804991 3.903457 2.564340 1.655764 1.061546 0.686748 0.458636 0.324594 0.248505 0.206756 0.184602 0.173225 0.167568 0.164843 0.163570 0.162993 0.162740 0.162631 0.162586 0.162567 0.162559 0.162553 0.162544 0.162528 0.162494 0.162427 0.162297 0.162054 0.161612 0.160837 0.159528 0.157395 0.154048 0.148997 0.141674 0.131491 0.117929 0.100653 0.079637 0.055258 0.028321 0.000000 
50.000000 42.136300 34.578967 27.598596 21.401191 16.111364 11.769499 8.341502 5.737257 3.832819 2.491659 1.581698 0.986576 0.611209 0.382750 0.248505 0.172301 0.130489 0.108301 0.096907 0.091242 0.088512 0.087238 0.086660 0.086406 0.086298 0.086253 0.086234 0.086226 0.086222 0.086216 0.086207 0.086188 0.086151 0.086078 0.085943 0.085699 0.085272 0.084554 0.083390 0.081570 0.078838 0.074895 0.069440 0.062207 0.053033 0.041915 0.029059 0.014885 0.000000 
50.000000 42.129690 34.566005 27.579769 21.377159 16.082892 11.737386 8.306515 5.700090 3.794059 2.451779 1.541059 0.945440 0.569761 0.341113 0.206757 0.130489 0.088643 0.066437 0.055033 0.049363 0.046631 0.045356 0.044778 0.044524 0.044415 0.044370 0.044352 0.044344 0.044340 0.044337 0.044332 0.044321 0.044301 0.044263 0.044190 0.044060 0.043833 0.043453 0.042839 0.041884 0.040455 0.038402 0.035573 0.031837 0.027115 0.021412 0.014834 0.007595 0.000000 
50.000000 42.126181 34.559126 27.569777 21.364404 16.067781 11.720342 8.287947 5.680365 3.773489 2.430615 1.519492 0.923611 0.547766 0.319018 0.184602 0.108302 0.066437 0.044221 0.032813 0.027140 0.024407 0.023131 0.022553 0.022298 0.022190 0.022145 0.022127 0.022119 0.022116 0.022114 0.022111 0.022105 0.022095 0.022075 0.022038 0.021970 0.021854 0.021660 0.021347 0.020862 0.020139 0.019104 0.017683 0.015813 0.013457 0.010618 0.007352 0.003763 0.000000 
50.000000 42.124379 34.555592 27.564645 21.357853 16.060020 11.711589 8.278411 5.670236 3.762926 2.419746 1.508417 0.912401 0.536471 0.307671 0.173226 0.096908 0.055034 0.032813 0.021402 0.015728 0.012995 0.011718 0.011140 0.010886 0.010777 0.010732 0.010714 0.010707 0.010704 0.010702 0.010700 0.010697 0.010692 0.010682 0.010664 0.010630 0.010572 0.010476 0.010322 0.010084 0.009729 0.009224 0.008532 0.007624 0.006484 0.005113 0.003538 0.001810 0.000000 
50.000000 42.123483 34.553835 27.562093 21.354596 16.056161 11.707236 8.273670 5.665199 3.757673 2.414342 1.502911 0.906828 0.530856 0.302030 0.167570 0.091243 0.049365 0.027141 0.015729 0.010055 0.007321 0.006044 0.005466 0.005211 0.005103 0.005058 0.005040 0.005032 0.005030 0.005028 0.005027 0.005026 0.005023 0.005018 0.005009 0.004993 0.004966 0.004920 0.004846 0.004732 0.004564 0.004325 0.003998 0.003571 0.003035 0.002392 0.001654 0.000846 0.000000 
50.000000 42.123052 34.552989 27.560864 21.353028 16.054303 11.705141 8.271387 5.662774 3.755145 2.411741 1.500260 0.904145 0.528153 0.299315 0.164847 0.088517 0.046636 0.024411 0.012998 0.007324 0.004590 0.003313 0.002734 0.002480 0.002372 0.002327 0.002308 0.002301 0.002298 0.002297 0.002297 0.002296 0.002295 0.002292 0.002288 0.002281 0.002268 0.002246 0.002212 0.002160 0.002082 0.001972 0.001822 0.001626 0.001382 0.001088 0.000753 0.000385 0.000000 
50.000000 42.122851 34.552596 27.560292 21.352298 16.053439 11.704167 8.270326 5.661647 3.753970 2.410532 1.499028 0.902898 0.526896 0.298052 0.163581 0.087249 0.045367 0.023142 0.011729 0.006054 0.003320 0.002043 0.001465 0.001210 0.001102 0.001057 0.001039 0.001032 0.001029 0.001028 0.001027 0.001027 0.001026 0.001025 0.001023 0.001020 0.001014 0.001004 0.000989 0.000965 0.000930 0.000881 0.000813 0.000726 0.000616 0.000485 0.000335 0.000171 0.000000 
50.000000 42.122763 34.552422 27.560040 21.351976 16.053058 11.703737 8.269857 5.661149 3.753451 2.409998 1.498484 0.902347 0.526342 0.297495 0.163023 0.086690 0.044807 0.022582 0.011169 0.005494 0.002760 0.001483 0.000905 0.000650 0.000542 0.000497 0.000478 0.000471 0.000469 0.000468 0.000467 0.000467 0.000467 0.000466 0.000465 0.000464 0.000461 0.000456 0.000449 0.000438 0.000422 0.000400 0.000369 0.000329 0.000279 0.000220 0.000152 0.000078 0.000000 
50.000000 42.122729 34.552357 27.559946 21.351856 16.052915 11.703576 8.269682 5.660964 3.753257 2.409799 1.498281 0.902142 0.526134 0.297287 0.162814 0.086481 0.044598 0.022373 0.010960 0.005285 0.002551 0.001274 0.000695 0.000441 0.000332 0.000287 0.000269 0.000262 0.000259 0.000258 0.000258 0.000258 0.000258 0.000257 0.000257 0.000256 0.000254 0.000252 0.000248 0.000242 0.000233 0.000220 0.000203 0.000181 0.000154 0.000121 0.000084 0.000043 0.000000 
50.000000 42.122729 34.552357 27.559946 21.351856 16.052915 11.703576 8.269682 5.660964 3.753257 2.409799 1.498281 0.902142 0.526134 0.297287 0.162814 0.086481 0.044598 0.022373 0.010960 0.005285 0.002551 0.001274 0.000695 0.000441 0.000332 0.000287 0.000269 0.000262 0.000259 0.000258 0.000258 0.000258 0.000258 0.000257 0.000257 0.000256 0.000254 0.000252 0.000248 0.000242 0.000233 0.000220 0.000203 0.000181 0.000154 0.000121 0.000084 0.000043 0.000000 
50.000000 42.122763 34.552422 27.560040 21.351976 16.053058 11.703737 8.269857 5.661149 3.753451 2.409998 1.498484 0.902347 0.526342 0.297495 0.163023 0.086690 0.044807 0.022582 0.011169 0.005494 0.002760 0.001483 0.000905 0.000650 0.000542 0.000497 0.000478 0.000471 0.000469 0.000468 0.000467 0.000467 0.000467 0.000466 0.000465 0.000464 0.000461 0.000456 0.000449 0.000438 0.000422 0.000400 0.000369 0.000329 0.000279 0.000220 0.000152 0.000078 0.000000 
50.000000 42.122851 34.552596 27.560292 21.352298 16.053439 11.704167 8.270326 5.661647 3.753970 2.410532 1.499028 0.902898 0.526896 0.298052 0.163581 0.087249 0.045367 0.023142 0.011729 0.006054 0.003320 0.002043 0.001465 0.001210 0.001102 0.001057 0.001039 0.001032 0.001029 0.001028 0.001027 0.001027 0.001026 0.001025 0.001023 0.001020 0.001014 0.001004 0.000989 0.000965 0.000930 0.000881 0.000813 0.000726 0.000616 0.000485 0.000335 0.000171 0.000000 
50.000000 42.123052 34.552989 27.560864 21.353028 16.054303 11.705141 8.271387 5.662774 3.755145 2.411741 1.500260 0.904145 0.528153 0.299315 0.164847 0.088517 0.046636 0.024411 0.012998 0.007324 0.004590 0.003313 0.002734 0.002480 0.002372 0.002327 0.002308 0.002301 0.002298 0.002297 0.002297 0.002296 0.002295 0.002292 0.002288 0.002281 0.002268 0.002246 0.002212 0.002160 0.002082 0.001972 0.001822 0.001626 0.001382 0.001088 0.000753 0.000385 0.000000 
50.000000 42.123483 34.553835 27.562093 21.354596 16.056161 11.707236 8.273670 5.665199 3.757673 2.414342 1.502911 0.906828 0.530856 0.302030 0.167570 0.091243 0.049365 0.027141 0.015729 0.010055 0.007321 0.006044 0.005466 0.005211 0.005103 0.005058 0.005040 0.005032 0.005030 0.005028 0.005027 0.005026 0.005023 0.005018 0.005009 0.004993 0.004966 0.004920 0.004846 0.004732 0.004564 0.004325 0.003998 0.003571 0.003035 0.002392 0.001654 0.000846 0.000000 
50.000000 42.124379 34.555592 27.564645 21.357853 16.060020 11.711589 8.278411 5.670236 3.762926 2.419746 1.508417 0.912401 0.536471 0.307671 0.173226 0.096908 0.055034 0.032813 0.021402 0.015728 0.012995 0.011718 0.011140 0.010886 0.010777 0.010732 0.010714 0.010707 0.010704 0.010702 0.010700 0.010697 0.010692 0.010682 0.010664 0.010630 0.010572 0.010476 0.010322 0.010084 0.009729 0.009224 0.008532 0.007624 0.006484 0.005113 0.003538 0.001810 0.000000 
50.000000 42.126181 34.559126 27.569777 21.364404 16.067781 11.720342 8.287947 5.680365 3.773489 2.430615 1.519492 0.923611 0.547766 0.319018 0.184602 0.108302 0.066437 0.044221 0.032813 0.027140 0.024407 0.023131 0.022553 0.022298 0.022190 0.022145 0.022127 0.022119 0.022116 0.022114 0.022111 0.022105 0.022095 0.022075 0.022038 0.021970 0.021854 0.021660 0.021347 0.020862 0.020139 0.019104 0.017683 0.015813 0.013457 0.010618 0.007352 0.003763 0.000000 
50.000000 42.129690 34.566005 27.579769 21.377159 16.082892 11.737386 8.306515 5.700090 3.794059 2.451779 1.541059 0.945440 0.569761 0.341113 0.206757 0.130489 0.088643 0.066437 0.055033 0.049363 0.046631 0.045356 0.044778 0.044524 0.044415 0.044370 0.044352 0.044344 0.044340 0.044337 0.044332 0.044321 0.044301 0.044263 0.044190 0.044060 0.043833 0.043453 0.042839 0.041884 0.040455 0.038402 0.035573 0.031837 0.027115 0.021412 0.014834 0.007595 0.000000 
50.000000 42.136300 34.578967 27.598596 21.401191 16.111364 11.769499 8.341502 5.737257 3.832819 2.491659 1.581698 0.986576 0.611209 0.382750 0.248505 0.172301 0.130489 0.108301 0.096907 0.091242 0.088512 0.087238 0.086660 0.086406 0.086298 0.086253 0.086234 0.086226 0.086222 0.086216 0.086207 0.086188 0.086151 0.086078 0.085943 0.085699 0.085272 0.084554 0.083390 0.081570 0.078838 0.074895 0.069440 0.062207 0.053033 0.041915 0.029059 0.014885 0.000000 
50.000000 42.148344 34.602585 27.632902 21.444982 16.163247 11.828021 8.405260 5.804991 3.903457 2.564340 1.655764 1.061546 0.686748 0.458636 0.324594 0.248505 0.206756 0.184602 0.173225 0.167568 0.164843 0.163570 0.162993 0.162740 0.162631 0.162586 0.162567 0.162559 0.162553 0.162544 0.162528 0.162494 0.162427 0.162297 0.162054 0.161612 0.160837 0.159528 0.157395 0.154048 0.148997 0.141674 0.131491 0.117929 0.100653 0.079637 0.055258 0.028321 0.000000 
50.000000 42.169558 34.644185 27.693327 21.522115 16.254635 11.931103 8.517570 5.924305 4.027889 2.692373 1.786238 1.193615 0.819821 0.592320 0.458636 0.382750 0.341113 0.319017 0.307671 0.302029 0.299311 0.298041 0.297466 0.297213 0.297105 0.297060 0.297041 0.297031 0.297022 0.297008 0.296980 0.296923 0.296807 0.296583 0.296160 0.295390 0.294035 0.291735 0.287967 0.282024 0.273007 0.259863 0.241484 0.216870 0.185355 0.146841 0.101995 0.052311 0.000000 
50.000000 42.205654 34.714966 27.796140 21.653359 16.410138 12.106508 8.708679 6.127338 4.239635 2.910251 2.008272 1.418364 1.046282 0.819821 0.686748 0.611209 0.569761 0.547766 0.536471 0.530854 0.528148 0.526885 0.526312 0.526060 0.525953 0.525907 0.525888 0.525876 0.525864 0.525842 0.525796 0.525701 0.525510 0.525137 0.524431 0.523141 0.520861 0.516968 0.510558 0.500389 0.484864 0.462088 0.430033 0.386827 0.331166 0.262766 0.182751 0.093809 0.000000 
50.000000 42.264949 34.831243 27.965039 21.868968 16.665604 12.394675 9.022654 6.460908 4.587526 3.268220 2.373074 1.787632 1.418364 1.193615 1.061546 0.986576 0.945440 0.923611 0.912401 0.906826 0.904141 0.902887 0.902318 0.902068 0.901961 0.901916 0.901895 0.901882 0.901864 0.901829 0.901757 0.901607 0.901304 0.900709 0.899579 0.897504 0.893816 0.887486 0.877000 0.860253 0.834507 0.796457 0.742495 0.669203 0.574081 0.456393 0.317930 0.163375 0.000000 
50.000000 42.358944 35.015564 28.232780 22.210757 17.070581 12.851502 9.520400 6.989727 5.139058 3.835738 2.951432 2.373074 2.008272 1.786238 1.655764 1.581698 1.541059 1.519492 1.508417 1.502909 1.500256 1.499017 1.498455 1.498208 1.498102 1.498057 1.498035 1.498018 1.497993 1.497941 1.497833 1.497605 1.497144 1.496236 1.494504 1.491304 1.485588 1.475716 1.459250 1.432760 1.391705 1.330511 1.242945 1.122922 0.965741 0.769635 0.537246 0.276459 0.000000 
50.000000 42.502642 35.297354 28.642106 22.733297 17.689736 13.549937 10.281410 7.798259 5.982328 4.703461 3.835738 3.268220 2.910251 2.692373 2.564340 2.491659 2.451778 2.430614 2.419746 2.414341 2.411737 2.410521 2.409970 2.409727 2.409623 2.409577 2.409554 2.409533 2.409498 2.409425 2.409268 2.408939 2.408269 2.406945 2.404406 2.399693 2.391220 2.376488 2.351730 2.311568 2.248756 2.154199 2.017462 1.827975 1.577078 1.260747 0.882429 0.454920 0.000000 
50.000000 42.714403 35.712618 29.245322 23.503363 18.602195 14.579248 11.402958 8.989860 7.225142 5.982328 5.139058 4.587526 4.239635 4.027889 3.903457 3.832819 3.794059 3.773489 3.762925 3.757672 3.755141 3.753959 3.753423 3.753187 3.753085 3.753040 3.753015 3.752989 3.752943 3.752843 3.752628 3.752175 3.751249 3.749409 3.745865 3.739247 3.727272 3.706298 3.670760 3.612571 3.520619 3.380606 3.175604 2.887741 2.501374 2.007735 1.410277 0.728853 0.000000 
50.000000 43.015063 36.302216 30.101784 24.596735 19.897760 16.040748 12.995445 10.681839 8.989860 7.798259 6.989727 6.460908 6.127338 5.924305 5.804991 5.737257 5.700090 5.680365 5.670235 5.665197 5.662770 5.661637 5.661123 5.660896 5.660798 5.660754 5.660727 5.660696 5.660636 5.660507 5.660227 5.659635 5.658420 5.655994 5.651298 5.642474 5.626400 5.598022 5.549504 5.469242 5.340919 5.142941 4.848796 4.429119 3.856250 3.111789 2.196424 1.139116 0.000000 
50.000000 43.426156 37.108378 31.272839 26.091736 21.669245 18.039150 15.172981 12.995445 11.402958 10.281410 9.520400 9.022654 8.708679 8.517570 8.405260 8.341502 8.306515 8.287947 8.278411 8.273668 8.271383 8.270316 8.269832 8.269619 8.269526 8.269483 8.269455 8.269418 8.269346 8.269188 8.268843 8.268113 8.266606 8.263586 8.257706 8.246591 8.226196 8.189889 8.127211 8.022352 7.852504 7.586491 7.184423 6.599607 5.784347 4.701341 3.341076 1.741621 0.000000 
50.000000 43.967226 38.169433 32.814171 28.059459 24.000901 20.669504 18.039150 16.040748 14.579248 13.549937 12.851502 12.394675 12.106508 11.931103 11.828021 11.769499 11.737386 11.720342 11.711588 11.707235 11.705138 11.704158 11.703713 11.703517 11.703432 11.703391 11.703362 11.703322 11.703239 11.703057 11.702660 11.701813 11.700060 11.696530 11.689619 11.676475 11.652181 11.608557 11.532475 11.403644 11.191952 10.854726 10.334752 9.560711 8.452909 6.938428 4.979813 2.616268 0.000000 
50.000000 44.652478 39.513238 34.766247 30.551574 26.953962 24.000901 21.669245 19.897760 18.602195 17.689736 17.070581 16.665604 16.410138 16.254635 16.163247 16.111364 16.082892 16.067781 16.060020 16.056160 16.054300 16.053431 16.053037 16.052863 16.052787 16.052750 16.052722 16.052680 16.052591 16.052396 16.051969 16.051056 16.049157 16.045318 16.037765 16.023311 15.996400 15.947660 15.861761 15.714453 15.468641 15.069638 14.440190 13.476981 12.052542 10.030395 7.306229 3.887821 0.000000 
50.000000 45.487279 41.150318 37.144361 33.587608 30.551574 28.059459 26.091736 24.596735 23.503363 22.733297 22.210757 21.868968 21.653359 21.522115 21.444982 21.401191 21.377159 21.364404 21.357853 21.354595 21.353025 21.352292 21.351959 21.351812 21.351747 21.351715 21.351689 21.351648 21.351562 21.351370 21.350948 21.350044 21.348158 21.344329 21.336760 21.322193 21.294887 21.245016 21.156219 21.001988 20.740485 20.307390 19.606550 18.499031 16.793804 14.250417 10.620164 5.778334 0.000000 
50.000000 46.465248 43.068162 39.930339 37.144361 34.766247 32.814171 31.272839 30.101784 29.245322 28.642106 28.232780 27.965039 27.796140 27.693327 27.632902 27.598596 27.579769 27.569777 27.564644 27.562092 27.560862 27.560287 27.560026 27.559911 27.559860 27.559834 27.559813 27.559777 27.559701 27.559532 27.559159 27.558357 27.556681 27.553265 27.546485 27.533373 27.508646 27.463144 27.381359 27.237587 26.989995 26.571498 25.875742 24.735852 22.893944 19.965169 15.426438 8.748518 0.000000 
50.000000 47.566720 45.228206 43.068162 41.150318 39.513238 38.169433 37.108378 36.302216 35.712618 35.297354 35.015564 34.831243 34.714966 34.644185 34.602585 34.578967 34.566005 34.559126 34.555592 34.553835 34.552988 34.552592 34.552412 34.552333 34.552298 34.552280 34.552264 34.552238 34.552181 34.552054 34.551774 34.551171 34.549908 34.547328 34.542190 34.532215 34.513312 34.478317 34.414925 34.302341 34.105792 33.767301 33.189620 32.207008 30.530154 27.641723 22.614103 13.912804 0.000000 
50.000000 48.759199 47.566720 46.465248 45.487279 44.652478 43.967226 43.426156 43.015063 42.714403 42.502642 42.358944 42.264949 42.205654 42.169558 42.148344 42.136300 42.129690 42.126181 42.124379 42.123483 42.123051 42.122849 42.122758 42.122717 42.122699 42.122690 42.122682 42.122668 42.122637 42.122569 42.122419 42.122095 42.121415 42.120023 42.117247 42.111844 42.101574 42.082484 42.047722 41.985549 41.875946 41.684535 41.350958 40.764657 39.708945 37.716730 33.653917 24.379599 0.000000 
50.000000 50.000000 50.000000 50.000000 50.000000 50.000000 50.000000 50.000000 50.000000 50.000000 50.000000 50.000000 50.000000 50.000000 50.000000 50.000000 50.000000 50.000000 50.000000 50.000000 50.000000 50.000000 50.000000 50.000000 50.000000 50.000000 50.000000 50.000000 50.000000 50.000000 50.000000 50.000000 50.000000 50.000000 50.000000 50.000000 50.000000 50.000000 50.000000 50.000000 50.000000 50.000000 50.000000 50.000000 50.000000 50.000000 50.000000 50.000000 50.000000 50.000000 
