50.000000 50.000000 50.000000 50.000000 50.000000 50.000000 50.000000 50.000000 50.000000 50.000000 50.000000 50.000000 50.000000 50.000000 50.000000 50.000000 50.000000 50.000000 50.000000 50.000000 50.000000 50.000000 50.000000 50.000000 50.000000 50.000000 50.000000 50.000000 50.000000 50.000000 50.000000 50.000000 50.000000 50.000000 50.000000 50.000000 50.000000 50.000000 50.000000 50.000000 50.000000 50.000000 50.000000 50.000000 50.000000 50.000000 50.000000 50.000000 50.000000 50.000000 
50.000000 48.822530 47.688579 46.636844 45.697270 44.888667 44.218154 43.682291 43.269432 42.962674 42.742790 42.590676 42.489074 42.423520 42.382645 42.358002 42.343630 42.335517 42.331082 42.328734 42.327528 42.326928 42.326638 42.326501 42.326439 42.326410 42.326394 42.326381 42.326360 42.326316 42.326220 42.326015 42.325587 42.324715 42.322977 42.319601 42.313189 42.301282 42.279628 42.240987 42.173156 42.055591 41.853381 41.505692 40.901629 39.824389 37.807059 33.716047 24.411265 0.000000 
50.000000 47.688579 45.462588 43.397992 41.553575 39.966263 38.650030 37.598120 36.787672 36.185505 35.753874 35.455277 35.255834 35.127153 35.046917 34.998545 34.970334 34.954409 34.945705 34.941095 34.938728 34.937550 34.936980 34.936712 34.936590 34.936533 34.936503 34.936478 34.936438 34.936355 34.936176 34.935793 34.934995 34.933368 34.930135 34.923864 34.911987 34.889998 34.850166 34.779459 34.656202 34.444637 34.085778 33.481479 32.465365 30.747905 27.812102 22.731294 13.972532 0.000000 
50.000000 46.636844 43.397992 40.393977 37.710333 35.400786 33.485669 31.955150 30.775962 29.899825 29.271817 28.837373 28.547195 28.359974 28.243238 28.172862 28.131818 28.108650 28.095986 28.089280 28.085836 28.084122 28.083293 28.082904 28.082726 28.082643 28.082601 28.082566 28.082511 28.082400 28.082159 28.081647 28.080579 28.078408 28.074105 28.065784 28.050083 28.021157 27.969076 27.877339 27.719047 27.451024 27.004816 26.272846 25.087372 23.190218 20.196989 15.585890 8.829785 0.000000 
50.000000 45.697270 41.553575 37.710333 34.276974 31.322236 28.872127 26.914067 25.405492 24.284630 23.481213 22.925430 22.554210 22.314704 22.165370 22.075341 22.022837 21.993201 21.977002 21.968423 21.964019 21.961826 21.960766 21.960269 21.960040 21.959936 21.959882 21.959840 21.959777 21.959649 21.959375 21.958791 21.957577 21.955116 21.950254 21.940893 21.923315 21.891125 21.833600 21.733228 21.562107 21.276836 20.811505 20.068535 18.907987 17.138487 14.520115 10.805670 5.872880 0.000000 
50.000000 44.888667 39.966263 35.400786 31.322236 27.812265 24.901769 22.575798 20.783783 19.452340 18.497994 17.837809 17.396862 17.112375 16.934996 16.828062 16.765700 16.730501 16.711261 16.701072 16.695841 16.693237 16.691978 16.691387 16.691116 16.690993 16.690931 16.690885 16.690819 16.690687 16.690405 16.689808 16.688569 16.686068 16.681146 16.671712 16.654100 16.622065 16.565295 16.467252 16.302222 16.031472 15.598643 14.924988 13.906132 12.414249 10.313414 7.500898 3.987038 0.000000 
50.000000 44.218154 38.650030 33.485669 28.872127 24.901769 21.609538 18.978520 16.951505 15.445477 14.366005 13.619272 13.120526 12.798753 12.598130 12.477185 12.406654 12.366843 12.345084 12.333561 12.327646 12.324700 12.323277 12.322609 12.322303 12.322164 12.322096 12.322048 12.321984 12.321859 12.321592 12.321030 12.319869 12.317531 12.312951 12.304219 12.288014 12.258753 12.207346 12.119493 11.973483 11.737616 11.367600 10.804769 9.976781 8.803591 7.212823 5.168550 2.712462 0.000000 
50.000000 43.682291 37.598120 31.955150 26.914067 22.575798 18.978520 16.103745 13.888955 12.243431 11.063988 10.248111 9.703191 9.351634 9.132444 9.000309 8.923253 8.879761 8.855990 8.843402 8.836940 8.833722 8.832168 8.831438 8.831104 8.830953 8.830881 8.830833 8.830775 8.830663 8.830429 8.829935 8.828919 8.826882 8.822911 8.815378 8.801486 8.776586 8.733219 8.659862 8.539418 8.347638 8.051873 7.610921 6.977155 6.102563 4.950334 3.512342 1.828910 0.000000 
50.000000 43.269432 36.787672 30.775962 25.405492 20.783783 16.951505 13.888955 11.529520 9.776549 8.520107 7.650977 7.070499 6.696007 6.462522 6.321771 6.239693 6.193367 6.168047 6.154639 6.147756 6.144330 6.142674 6.141897 6.141542 6.141382 6.141307 6.141261 6.141210 6.141116 6.140921 6.140514 6.139678 6.138009 6.134769 6.128659 6.117460 6.097531 6.063111 6.005454 5.911854 5.764760 5.541317 5.213889 4.752312 4.128655 3.324938 2.343036 1.213841 0.000000 
50.000000 42.962674 36.185505 29.899825 24.284630 19.452340 15.445477 12.243431 9.776549 7.943767 6.630135 5.721456 5.114571 4.723049 4.478949 4.331803 4.245995 4.197566 4.171097 4.157081 4.149886 4.146304 4.144573 4.143761 4.143390 4.143224 4.143148 4.143104 4.143061 4.142986 4.142833 4.142514 4.141863 4.140569 4.138069 4.133378 4.124832 4.109730 4.083853 4.040898 3.971883 3.864695 3.704013 3.471994 3.150119 2.722523 2.180778 1.529303 0.789518 0.000000 
50.000000 42.742790 35.753874 29.271817 23.481213 18.497994 14.366005 11.063988 8.520107 6.630135 5.275525 4.338511 3.712710 3.308988 3.057286 2.905559 2.817082 2.767147 2.739855 2.725404 2.717985 2.714292 2.712508 2.711671 2.711288 2.711118 2.711040 2.711000 2.710964 2.710906 2.710792 2.710555 2.710073 2.709119 2.707285 2.703860 2.697658 2.686769 2.668250 2.637763 2.589237 2.514653 2.404126 2.246512 2.030742 1.747985 1.394478 0.974415 0.501803 0.000000 
50.000000 42.590676 35.455277 28.837373 22.925430 17.837809 13.619272 10.248111 7.650977 5.721456 4.338511 3.381906 2.743026 2.330871 2.073915 1.919022 1.828700 1.777724 1.749864 1.735112 1.727540 1.723770 1.721948 1.721094 1.720704 1.720530 1.720453 1.720414 1.720385 1.720343 1.720261 1.720092 1.719752 1.719082 1.717798 1.715412 1.711115 1.703618 1.690953 1.670262 1.637603 1.587866 1.514891 1.411926 1.272514 1.091830 0.868298 0.605111 0.311049 0.000000 
50.000000 42.489074 35.255834 28.547195 22.554210 17.396862 13.120526 9.703191 7.070499 5.114571 3.712710 2.743026 2.095416 1.677634 1.417171 1.260166 1.168613 1.116943 1.088704 1.073752 1.066076 1.062255 1.060409 1.059543 1.059148 1.058972 1.058895 1.058858 1.058834 1.058804 1.058747 1.058633 1.058404 1.057953 1.057093 1.055502 1.052653 1.047708 1.039408 1.025940 1.004842 0.972968 0.926605 0.861774 0.774797 0.663085 0.526038 0.365836 0.187792 0.000000 
50.000000 42.423520 35.127153 28.359974 22.314704 17.112375 12.798753 9.351634 6.696007 4.723049 3.308988 2.330871 1.677634 1.256223 0.993500 0.835134 0.742788 0.690671 0.662188 0.647106 0.639365 0.635511 0.633649 0.632775 0.632377 0.632200 0.632123 0.632088 0.632067 0.632046 0.632008 0.631934 0.631785 0.631494 0.630942 0.629925 0.628112 0.624981 0.619756 0.611330 0.598217 0.578547 0.550148 0.510739 0.458275 0.391389 0.309891 0.215167 0.110331 0.000000 
50.000000 42.382645 35.046917 28.243238 22.165370 16.934996 12.598130 9.132444 6.462522 4.478949 3.057286 2.073915 1.417171 0.993500 0.729369 0.570155 0.477316 0.424920 0.396285 0.381123 0.373340 0.369466 0.367594 0.366716 0.366316 0.366138 0.366061 0.366027 0.366009 0.365994 0.365970 0.365923 0.365831 0.365650 0.365310 0.364685 0.363575 0.361668 0.358503 0.353426 0.345571 0.333863 0.317066 0.293911 0.263284 0.224477 0.177455 0.123053 0.063044 0.000000 
50.000000 42.358002 34.998545 28.172862 22.075341 16.828062 12.477185 9.000309 6.321771 4.331803 2.905559 1.919022 1.260166 0.835134 0.570155 0.410431 0.317294 0.264731 0.236005 0.220794 0.212987 0.209100 0.207222 0.206341 0.205940 0.205762 0.205685 0.205652 0.205636 0.205624 0.205609 0.205581 0.205525 0.205418 0.205216 0.204846 0.204192 0.203073 0.201224 0.198274 0.193734 0.187002 0.177398 0.164234 0.146916 0.125087 0.098757 0.068410 0.035024 0.000000 
50.000000 42.343630 34.970334 28.131818 22.022837 16.765700 12.406654 8.923253 6.239693 4.245996 2.817082 1.828700 1.168613 0.742788 0.477316 0.317294 0.223985 0.171324 0.142544 0.127306 0.119484 0.115590 0.113709 0.112826 0.112424 0.112246 0.112169 0.112136 0.112121 0.112113 0.112103 0.112086 0.112054 0.111992 0.111877 0.111666 0.111294 0.110661 0.109619 0.107963 0.105426 0.101684 0.096371 0.089123 0.079632 0.067721 0.053410 0.036965 0.018915 0.000000 
50.000000 42.335517 34.954409 28.108650 21.993201 16.730501 12.366844 8.879761 6.193367 4.197566 2.767147 1.777724 1.116943 0.690671 0.424920 0.264731 0.171324 0.118608 0.089799 0.074544 0.066714 0.062816 0.060933 0.060050 0.059647 0.059469 0.059392 0.059360 0.059346 0.059338 0.059332 0.059322 0.059304 0.059270 0.059206 0.059090 0.058886 0.058540 0.057972 0.057074 0.055703 0.053689 0.050843 0.046975 0.041931 0.035625 0.028071 0.019415 0.009930 0.000000 
50.000000 42.331083 34.945705 28.095986 21.977002 16.711261 12.345084 8.855990 6.168047 4.171098 2.739855 1.749865 1.088705 0.662189 0.396286 0.236005 0.142545 0.089799 0.060973 0.045710 0.037876 0.033975 0.032091 0.031207 0.030805 0.030626 0.030549 0.030517 0.030503 0.030497 0.030493 0.030487 0.030478 0.030459 0.030425 0.030363 0.030255 0.030072 0.029773 0.029301 0.028584 0.027534 0.026056 0.024055 0.021454 0.018212 0.014340 0.009912 0.005067 0.000000 
50.000000 42.328734 34.941095 28.089280 21.968424 16.701073 12.333562 8.843403 6.154640 4.157082 2.725405 1.735113 1.073753 0.647107 0.381124 0.220795 0.127307 0.074545 0.045711 0.030443 0.022606 0.018705 0.016820 0.015936 0.015533 0.015355 0.015278 0.015246 0.015232 0.015226 0.015223 0.015220 0.015215 0.015205 0.015188 0.015156 0.015100 0.015007 0.014854 0.014614 0.014250 0.013720 0.012975 0.011971 0.010669 0.009050 0.007121 0.004920 0.002514 0.000000 
50.000000 42.327529 34.938729 28.085838 21.964021 16.695844 12.327648 8.836943 6.147759 4.149889 2.717988 1.727543 1.066079 0.639368 0.373344 0.212990 0.119487 0.066717 0.037878 0.022608 0.014770 0.010868 0.008983 0.008099 0.007696 0.007518 0.007441 0.007409 0.007395 0.007390 0.007387 0.007385 0.007383 0.007378 0.007369 0.007353 0.007325 0.007279 0.007203 0.007085 0.006906 0.006646 0.006282 0.005792 0.005159 0.004374 0.003440 0.002375 0.001214 0.000000 
50.000000 42.326929 34.937552 28.084126 21.961831 16.693243 12.324707 8.833729 6.144337 4.146312 2.714300 1.723778 1.062263 0.635519 0.369474 0.209108 0.115598 0.062825 0.033983 0.018712 0.010874 0.006971 0.005086 0.004202 0.003799 0.003621 0.003544 0.003511 0.003498 0.003493 0.003491 0.003489 0.003488 0.003485 0.003481 0.003473 0.003460 0.003438 0.003401 0.003345 0.003259 0.003135 0.002962 0.002730 0.002430 0.002059 0.001618 0.001117 0.000571 0.000000 
50.000000 42.326641 34.936987 28.083303 21.960779 16.691993 12.323294 8.832186 6.142693 4.144593 2.712528 1.721969 1.060430 0.633670 0.367616 0.207244 0.113730 0.060955 0.032112 0.016840 0.009002 0.005099 0.003214 0.002330 0.001927 0.001748 0.001672 0.001639 0.001626 0.001621 0.001619 0.001618 0.001617 0.001616 0.001614 0.001610 0.001604 0.001593 0.001576 0.001549 0.001509 0.001451 0.001371 0.001262 0.001123 0.000951 0.000747 0.000516 0.000263 0.000000 
50.000000 42.326510 34.936729 28.082929 21.960300 16.691424 12.322650 8.831483 6.141945 4.143811 2.711722 1.721146 1.059596 0.632829 0.366770 0.206395 0.112880 0.060103 0.031261 0.015989 0.008150 0.004247 0.002362 0.001478 0.001075 0.000896 0.000819 0.000787 0.000774 0.000769 0.000767 0.000766 0.000765 0.000765 0.000764 0.000762 0.000759 0.000754 0.000746 0.000733 0.000714 0.000686 0.000648 0.000596 0.000530 0.000449 0.000353 0.000243 0.000124 0.000000 
50.000000 42.326460 34.936631 28.082785 21.960117 16.691206 12.322404 8.831214 6.141658 4.143512 2.711413 1.720831 1.059277 0.632507 0.366446 0.206070 0.112555 0.059778 0.030935 0.015663 0.007824 0.003921 0.002036 0.001152 0.000749 0.000570 0.000493 0.000461 0.000448 0.000443 0.000441 0.000440 0.000439 0.000439 0.000438 0.000437 0.000436 0.000433 0.000428 0.000420 0.000409 0.000393 0.000371 0.000342 0.000304 0.000257 0.000202 0.000139 0.000071 0.000000 
50.000000 42.326460 34.936631 28.082785 21.960117 16.691206 12.322404 8.831214 6.141658 4.143512 2.711413 1.720831 1.059277 0.632507 0.366446 0.206070 0.112555 0.059778 0.030935 0.015663 0.007824 0.003921 0.002036 0.001152 0.000749 0.000570 0.000493 0.000461 0.000448 0.000443 0.000441 0.000440 0.000439 0.000439 0.000438 0.000437 0.000436 0.000433 0.000428 0.000420 0.000409 0.000393 0.000371 0.000342 0.000304 0.000257 0.000202 0.000139 0.000071 0.000000 
50.000000 42.326510 34.936729 28.082929 21.960300 16.691424 12.322650 8.831483 6.141945 4.143811 2.711722 1.721146 1.059596 0.632829 0.366770 0.206395 0.112880 0.060103 0.031261 0.015989 0.008150 0.004247 0.002362 0.001478 0.001075 0.000896 0.000819 0.000787 0.000774 0.000769 0.000767 0.000766 0.000765 0.000765 0.000764 0.000762 0.000759 0.000754 0.000746 0.000733 0.000714 0.000686 0.000648 0.000596 0.000530 0.000449 0.000353 0.000243 0.000124 0.000000 
50.000000 42.326641 34.936987 28.083303 21.960779 16.691993 12.323294 8.832186 6.142693 4.144593 2.712528 1.721969 1.060430 0.633670 0.367616 0.207244 0.113730 0.060955 0.032112 0.016840 0.009002 0.005099 0.003214 0.002330 0.001927 0.001748 0.001672 0.001639 0.001626 0.001621 0.001619 0.001618 0.001617 0.001616 0.001614 0.001610 0.001604 0.001593 0.001576 0.001549 0.001509 0.001451 0.001371 0.001262 0.001123 0.000951 0.000747 0.000516 0.000263 0.000000 
50.000000 42.326929 34.937552 28.084126 21.961831 16.693243 12.324707 8.833729 6.144337 4.146312 2.714300 1.723778 1.062263 0.635519 0.369474 0.209108 0.115598 0.062825 0.033983 0.018712 0.010874 0.006971 0.005086 0.004202 0.003799 0.003621 0.003544 0.003511 0.003498 0.003493 0.003491 0.003489 0.003488 0.003485 0.003481 0.003473 0.003460 0.003438 0.003401 0.003345 0.003259 0.003135 0.002962 0.002730 0.002430 0.002059 0.001618 0.001117 0.000571 0.000000 
50.000000 42.327529 34.938729 28.085838 21.964021 16.695844 12.327648 8.836943 6.147759 4.149889 2.717988 1.727543 1.066079 0.639368 0.373344 0.212990 0.119487 0.066717 0.037878 0.022608 0.014770 0.010868 0.008983 0.008099 0.007696 0.007518 0.007441 0.007409 0.007395 0.007390 0.007387 0.007385 0.007383 0.007378 0.007369 0.007353 0.007325 0.007279 0.007203 0.007085 0.006906 0.006646 0.006282 0.005792 0.005159 0.004374 0.003440 0.002375 0.001214 0.000000 
50.000000 42.328734 34.941095 28.089280 21.968424 16.701073 12.333562 8.843403 6.154640 4.157082 2.725405 1.735113 1.073753 0.647107 0.381124 0.220795 0.127307 0.074545 0.045711 0.030443 0.022606 0.018705 0.016820 0.015936 0.015533 0.015355 0.015278 0.015246 0.015232 0.015226 0.015223 0.015220 0.015215 0.015205 0.015188 0.015156 0.015100 0.015007 0.014854 0.014614 0.014250 0.013720 0.012975 0.011971 0.010669 0.009050 0.007121 0.004920 0.002514 0.000000 
50.000000 42.331083 34.945705 28.095986 21.977002 16.711261 12.345084 8.855990 6.168047 4.171098 2.739855 1.749865 1.088705 0.662189 0.396286 0.236005 0.142545 0.089799 0.060973 0.045710 0.037876 0.033975 0.032091 0.031207 0.030805 0.030626 0.030549 0.030517 0.030503 0.030497 0.030493 0.030487 0.030478 0.030459 0.030425 0.030363 0.030255 0.030072 0.029773 0.029301 0.028584 0.027534 0.026056 0.024055 0.021454 0.018212 0.014340 0.009912 0.005067 0.000000 
50.000000 42.335517 34.954409 28.108650 21.993201 16.730501 12.366844 8.879761 6.193367 4.197566 2.767147 1.777724 1.116943 0.690671 0.424920 0.264731 0.171324 0.118608 0.089799 0.074544 0.066714 0.062816 0.060933 0.060050 0.059647 0.059469 0.059392 0.059360 0.059346 0.059338 0.059332 0.059322 0.059304 0.059270 0.059206 0.059090 0.058886 0.058540 0.057972 0.057074 0.055703 0.053689 0.050843 0.046975 0.041931 0.035625 0.028071 0.019415 0.009930 0.000000 
50.000000 42.343630 34.970334 28.131818 22.022837 16.765700 12.406654 8.923253 6.239693 4.245996 2.817082 1.828700 1.168613 0.742788 0.477316 0.317294 0.223985 0.171324 0.142544 0.127306 0.119484 0.115590 0.113709 0.112826 0.112424 0.112246 0.112169 0.112136 0.112121 0.112113 0.112103 0.112086 0.112054 0.111992 0.111877 0.111666 0.111294 0.110661 0.109619 0.107963 0.105426 0.101684 0.096371 0.089123 0.079632 0.067721 0.053410 0.036965 0.018915 0.000000 
50.000000 42.358002 34.998545 28.172862 22.075341 16.828062 12.477185 9.000309 6.321771 4.331803 2.905559 1.919022 1.260166 0.835134 0.570155 0.410431 0.317294 0.264731 0.236005 0.220794 0.212987 0.209100 0.207222 0.206341 0.205940 0.205762 0.205685 0.205652 0.205636 0.205624 0.205609 0.205581 0.205525 0.205418 0.205216 0.204846 0.204192 0.203073 0.201224 0.198274 0.193734 0.187002 0.177398 0.164234 0.146916 0.125087 0.098757 0.068410 0.035024 0.000000 
50.000000 42.382645 35.046917 28.243238 22.165370 16.934996 12.598130 9.132444 6.462522 4.478949 3.057286 2.073915 1.417171 0.993500 0.729369 0.570155 0.477316 0.424920 0.396285 0.381123 0.373340 0.369466 0.367594 0.366716 0.366316 0.366138 0.366061 0.366027 0.366009 0.365994 0.365970 0.365923 0.365831 0.365650 0.365310 0.364685 0.363575 0.361668 0.358503 0.353426 0.345571 0.333863 0.317066 0.293911 0.263284 0.224477 0.177455 0.123053 0.063044 0.000000 
50.000000 42.423520 35.127153 28.359974 22.314704 17.112375 12.798753 9.351634 6.696007 4.723049 3.308988 2.330871 1.677634 1.256223 0.993500 0.835134 0.742788 0.690671 0.662188 0.647106 0.639365 0.635511 0.633649 0.632775 0.632377 0.632200 0.632123 0.632088 0.632067 0.632046 0.632008 0.631934 0.631785 0.631494 0.630942 0.629925 0.628112 0.624981 0.619756 0.611330 0.598217 0.578547 0.550148 0.510739 0.458275 0.391389 0.309891 0.215167 0.110331 0.000000 
50.000000 42.489074 35.255834 28.547195 22.554210 17.396862 13.120526 9.703191 7.070499 5.114571 3.712710 2.743026 2.095416 1.677634 1.417171 1.260166 1.168613 1.116943 1.088704 1.073752 1.066076 1.062255 1.060409 1.059543 1.059148 1.058972 1.058895 1.058858 1.058834 1.058804 1.058747 1.058633 1.058404 1.057953 1.057093 1.055502 1.052653 1.047708 1.039408 1.025940 1.004842 0.972968 0.926605 0.861774 0.774797 0.663085 0.526038 0.365836 0.187792 0.000000 
50.000000 42.590676 35.455277 28.837373 22.925430 17.837809 13.619272 10.248111 7.650977 5.721456 4.338511 3.381906 2.743026 2.330871 2.073915 1.919022 1.828700 1.777724 1.749864 1.735112 1.727540 1.723770 1.721948 1.721094 1.720704 1.720530 1.720453 1.720414 1.720385 1.720343 1.720261 1.720092 1.719752 1.719082 1.717798 1.715412 1.711115 1.703618 1.690953 1.670262 1.637603 1.587866 1.514891 1.411926 1.272514 1.091830 0.868298 0.605111 0.311049 0.000000 
50.000000 42.742790 35.753874 29.271817 23.481213 18.497994 14.366005 11.063988 8.520107 6.630135 5.275525 4.338511 3.712710 3.308988 3.057286 2.905559 2.817082 2.767147 2.739855 2.725404 2.717985 2.714292 2.712508 2.711671 2.711288 2.711118 2.711040 2.711000 2.710964 2.710906 2.710792 2.710555 2.710073 2.709119 2.707285 2.703860 2.697658 2.686769 2.668250 2.637763 2.589237 2.514653 2.404126 2.246512 2.030742 1.747985 1.394478 0.974415 0.501803 0.000000 
50.000000 42.962674 36.185505 29.899825 24.284630 19.452340 15.445477 12.243431 9.776549 7.943767 6.630135 5.721456 5.114571 4.723049 4.478949 4.331803 4.245995 4.197566 4.171097 4.157081 4.149886 4.146304 4.144573 4.143761 4.143390 4.143224 4.143148 4.143104 4.143061 4.142986 4.142833 4.142514 4.141863 4.140569 4.138069 4.133378 4.124832 4.109730 4.083853 4.040898 3.971883 3.864695 3.704013 3.471994 3.150119 2.722523 2.180778 1.529303 0.789518 0.000000 
50.000000 43.269432 36.787672 30.775962 25.405492 20.783783 16.951505 13.888955 11.529520 9.776549 8.520107 7.650977 7.070499 6.696007 6.462522 6.321771 6.239693 6.193367 6.168047 6.154639 6.147756 6.144330 6.142674 6.141897 6.141542 6.141382 6.141307 6.141261 6.141210 6.141116 6.140921 6.140514 6.139678 6.138009 6.134769 6.128659 6.117460 6.097531 6.063111 6.005454 5.911854 5.764760 5.541317 5.213889 4.752312 4.128655 3.324938 2.343036 1.213841 0.000000 
50.000000 43.682291 37.598120 31.955150 26.914067 22.575798 18.978520 16.103745 13.888955 12.243431 11.063988 10.248111 9.703191 9.351634 9.132444 9.000309 8.923253 8.879761 8.855990 8.843402 8.836940 8.833722 8.832168 8.831438 8.831104 8.830953 8.830881 8.830833 8.830775 8.830663 8.830429 8.829935 8.828919 8.826882 8.822911 8.815378 8.801486 8.776586 8.733219 8.659862 8.539418 8.347638 8.051873 7.610921 6.977155 6.102563 4.950334 3.512342 1.828910 0.000000 
50.000000 44.218154 38.650030 33.485669 28.872127 24.901769 21.609538 18.978520 16.951505 15.445477 14.366005 13.619272 13.120526 12.798753 12.598130 12.477185 12.406654 12.366843 12.345084 12.333561 12.327646 12.324700 12.323277 12.322609 12.322303 12.322164 12.322096 12.322048 12.321984 12.321859 12.321592 12.321030 12.319869 12.317531 12.312951 12.304219 12.288014 12.258753 12.207346 12.119493 11.973483 11.737616 11.367600 10.804769 9.976781 8.803591 7.212823 5.168550 2.712462 0.000000 
50.000000 44.888667 39.966263 35.400786 31.322236 27.812265 24.901769 22.575798 20.783783 19.452340 18.497994 17.837809 17.396862 17.112375 16.934996 16.828062 16.765700 16.730501 16.711261 16.701072 16.695841 16.693237 16.691978 16.691387 16.691116 16.690993 16.690931 16.690885 16.690819 16.690687 16.690405 16.689808 16.688569 16.686068 16.681146 16.671712 16.654100 16.622065 16.565295 16.467252 16.302222 16.031472 15.598643 14.924988 13.906132 12.414249 10.313414 7.500898 3.987038 0.000000 
50.000000 45.697270 41.553575 37.710333 34.276974 31.322236 28.872127 26.914067 25.405492 24.284630 23.481213 22.925430 22.554210 22.314704 22.165370 22.075341 22.022837 21.993201 21.977002 21.968423 21.964019 21.961826 21.960766 21.960269 21.960040 21.959936 21.959882 21.959840 21.959777 21.959649 21.959375 21.958791 21.957577 21.955116 21.950254 21.940893 21.923315 21.891125 21.833600 21.733228 21.562107 21.276836 20.811505 20.068535 18.907987 17.138487 14.520115 10.805670 5.872880 0.000000 
50.000000 46.636844 43.397992 40.393977 37.710333 35.400786 33.485669 31.955150 30.775962 29.899825 29.271817 28.837373 28.547195 28.359974 28.243238 28.172862 28.131818 28.108650 28.095986 28.089280 28.085836 28.084122 28.083293 28.082904 28.082726 28.082643 28.082601 28.082566 28.082511 28.082400 28.082159 28.081647 28.080579 28.078408 28.074105 28.065784 28.050083 28.021157 27.969076 27.877339 27.719047 27.451024 27.004816 26.272846 25.087372 23.190218 20.196989 15.585890 8.829785 0.000000 
50.000000 47.688579 45.462588 43.397992 41.553575 39.966263 38.650030 37.598120 36.787672 36.185505 35.753874 35.455277 35.255834 35.127153 35.046917 34.998545 34.970334 34.954409 34.945705 34.941095 34.938728 34.937550 34.936980 34.936712 34.936590 34.936533 34.936503 34.936478 34.936438 34.936355 34.936176 34.935793 34.934995 34.933368 34.930135 34.923864 34.911987 34.889998 34.850166 34.779459 34.656202 34.444637 34.085778 33.481479 32.465365 30.747905 27.812102 22.731294 13.972532 0.000000 
50.000000 48.822530 47.688579 46.636844 45.697270 44.888667 44.218154 43.682291 43.269432 42.962674 42.742790 42.590676 42.489074 42.423520 42.382645 42.358002 42.343630 42.335517 42.331082 42.328734 42.327528 42.326928 42.326638 42.326501 42.326439 42.326410 42.326394 42.326381 42.326360 42.326316 42.326220 42.326015 42.325587 42.324715 42.322977 42.319601 42.313189 42.301282 42.279628 42.240987 42.173156 42.055591 41.853381 41.505692 40.901629 39.824389 37.807059 33.716047 24.411265 0.000000 
50.000000 50.000000 50.000000 50.000000 50.000000 50.000000 50.000000 50.000000 50.000000 50.000000 50.000000 50.000000 50.000000 50.000000 50.000000 50.000000 50.000000 50.000000 50.000000 50.000000 50.000000 50.000000 50.000000 50.000000 50.000000 50.000000 50.000000 50.000000 50.000000 50.000000 50.000000 50.000000 50.000000 50.000000 50.000000 50.000000 50.000000 50.000000 50.000000 50.000000 50.000000 50.000000 50.000000 50.000000 50.000000 50.000000 50.000000 50.000000 50.000000 50.000000 
