50.000000 50.000000 50.000000 50.000000 50.000000 50.000000 50.000000 50.000000 50.000000 50.000000 50.000000 50.000000 50.000000 50.000000 50.000000 50.000000 50.000000 50.000000 50.000000 50.000000 50.000000 50.000000 50.000000 50.000000 50.000000 50.000000 50.000000 50.000000 50.000000 50.000000 50.000000 50.000000 50.000000 50.000000 50.000000 50.000000 50.000000 50.000000 50.000000 50.000000 50.000000 50.000000 50.000000 50.000000 50.000000 50.000000 50.000000 50.000000 50.000000 50.000000 
50.000000 43.623257 38.512006 35.188313 33.403076 32.595856 32.283149 32.177753 32.146434 32.138136 32.136157 32.135729 32.135644 32.135628 32.135626 32.135625 32.135625 32.135625 32.135625 32.135625 32.135625 32.135625 32.135625 32.135625 32.135625 32.135625 32.135625 32.135625 32.135625 32.135625 32.135625 32.135625 32.135625 32.135625 32.135625 32.135625 32.135625 32.135624 32.135619 32.135588 32.135423 32.134605 32.130866 32.115130 32.054137 31.835940 31.109753 28.823253 21.811629 0.000000 
50.000000 38.512006 29.304759 23.318650 20.104149 18.651092 18.088380 17.898787 17.842470 17.827555 17.823999 17.823230 17.823077 17.823050 17.823045 17.823044 17.823044 17.823044 17.823044 17.823044 17.823044 17.823044 17.823044 17.823044 17.823044 17.823044 17.823044 17.823044 17.823044 17.823044 17.823044 17.823044 17.823044 17.823044 17.823044 17.823044 17.823044 17.823043 17.823036 17.822995 17.822781 17.821732 17.817013 17.797597 17.724856 17.477870 16.721841 14.652380 9.688752 0.000000 
50.000000 35.188313 23.318650 15.603252 11.461355 9.589743 8.865224 8.621218 8.548771 8.529593 8.525023 8.524034 8.523839 8.523803 8.523797 8.523796 8.523796 8.523796 8.523796 8.523796 8.523796 8.523796 8.523796 8.523796 8.523796 8.523796 8.523796 8.523796 8.523796 8.523796 8.523796 8.523796 8.523796 8.523796 8.523796 8.523796 8.523796 8.523795 8.523789 8.523758 8.523593 8.522793 8.519253 8.505004 8.453234 8.284975 7.801626 6.596809 4.078560 0.000000 
50.000000 33.403076 20.104149 11.461355 6.822783 4.727373 3.916495 3.643505 3.562483 3.541044 3.535937 3.534832 3.534614 3.534575 3.534568 3.534567 3.534567 3.534567 3.534567 3.534567 3.534567 3.534567 3.534567 3.534567 3.534567 3.534567 3.534567 3.534567 3.534567 3.534567 3.534567 3.534567 3.534567 3.534567 3.534567 3.534567 3.534567 3.534566 3.534563 3.534545 3.534452 3.534005 3.532057 3.524359 3.497083 3.411392 3.176380 2.626279 1.567135 0.000000 
50.000000 32.595856 18.651092 9.589743 4.727373 2.531316 1.681684 1.395717 1.310866 1.288419 1.283073 1.281918 1.281690 1.281648 1.281641 1.281640 1.281640 1.281640 1.281640 1.281640 1.281640 1.281640 1.281640 1.281640 1.281640 1.281640 1.281640 1.281640 1.281640 1.281640 1.281640 1.281640 1.281640 1.281640 1.281640 1.281640 1.281640 1.281640 1.281638 1.281630 1.281588 1.281390 1.280536 1.277211 1.265658 1.230290 1.136508 0.926236 0.541720 0.000000 
50.000000 32.283149 18.088380 8.865224 3.916495 1.681684 0.817166 0.526227 0.439913 0.417082 0.411646 0.410471 0.410239 0.410197 0.410190 0.410189 0.410189 0.410189 0.410189 0.410189 0.410189 0.410189 0.410189 0.410189 0.410189 0.410189 0.410189 0.410189 0.410189 0.410189 0.410189 0.410189 0.410189 0.410189 0.410189 0.410189 0.410189 0.410189 0.410188 0.410185 0.410170 0.410096 0.409784 0.408583 0.404473 0.392136 0.360220 0.290783 0.168020 0.000000 
50.000000 32.177753 17.898787 8.621218 3.643505 1.395717 0.526227 0.233632 0.146832 0.123874 0.118408 0.117227 0.116994 0.116951 0.116944 0.116943 0.116943 0.116943 0.116943 0.116943 0.116943 0.116943 0.116943 0.116943 0.116943 0.116943 0.116943 0.116943 0.116943 0.116943 0.116943 0.116943 0.116943 0.116943 0.116943 0.116943 0.116943 0.116943 0.116943 0.116942 0.116937 0.116914 0.116816 0.116443 0.115180 0.111448 0.101965 0.081774 0.046886 0.000000 
50.000000 32.146434 17.842470 8.548771 3.562483 1.310866 0.439913 0.146832 0.059890 0.036896 0.031421 0.030238 0.030004 0.029962 0.029954 0.029953 0.029953 0.029953 0.029953 0.029953 0.029953 0.029953 0.029953 0.029953 0.029953 0.029953 0.029953 0.029953 0.029953 0.029953 0.029953 0.029953 0.029953 0.029953 0.029953 0.029953 0.029953 0.029953 0.029953 0.029953 0.029951 0.029945 0.029918 0.029816 0.029475 0.028478 0.025978 0.020739 0.011829 0.000000 
50.000000 32.138136 17.827555 8.529593 3.541044 1.288419 0.417082 0.123874 0.036896 0.013891 0.008414 0.007231 0.006997 0.006955 0.006947 0.006946 0.006946 0.006946 0.006946 0.006946 0.006946 0.006946 0.006946 0.006946 0.006946 0.006946 0.006946 0.006946 0.006946 0.006946 0.006946 0.006946 0.006946 0.006946 0.006946 0.006946 0.006946 0.006946 0.006946 0.006946 0.006946 0.006944 0.006938 0.006913 0.006831 0.006592 0.006000 0.004774 0.002714 0.000000 
50.000000 32.136157 17.823999 8.525023 3.535937 1.283073 0.411646 0.118408 0.031421 0.008414 0.002937 0.001753 0.001519 0.001477 0.001470 0.001469 0.001469 0.001468 0.001468 0.001468 0.001468 0.001468 0.001468 0.001468 0.001468 0.001468 0.001468 0.001468 0.001468 0.001468 0.001468 0.001468 0.001468 0.001468 0.001468 0.001468 0.001468 0.001468 0.001468 0.001468 0.001468 0.001468 0.001467 0.001461 0.001443 0.001392 0.001265 0.001004 0.000569 0.000000 
50.000000 32.135729 17.823230 8.524034 3.534832 1.281918 0.410471 0.117227 0.030238 0.007231 0.001753 0.000570 0.000336 0.000293 0.000286 0.000285 0.000285 0.000285 0.000285 0.000285 0.000285 0.000285 0.000285 0.000285 0.000285 0.000285 0.000285 0.000285 0.000285 0.000285 0.000285 0.000285 0.000285 0.000285 0.000285 0.000285 0.000285 0.000285 0.000285 0.000285 0.000285 0.000285 0.000284 0.000283 0.000280 0.000270 0.000245 0.000194 0.000110 0.000000 
50.000000 32.135644 17.823077 8.523839 3.534614 1.281690 0.410239 0.116994 0.030004 0.006997 0.001519 0.000336 0.000102 0.000059 0.000052 0.000051 0.000051 0.000051 0.000051 0.000051 0.000051 0.000051 0.000051 0.000051 0.000051 0.000051 0.000051 0.000051 0.000051 0.000051 0.000051 0.000051 0.000051 0.000051 0.000051 0.000051 0.000051 0.000051 0.000051 0.000051 0.000051 0.000051 0.000051 0.000051 0.000050 0.000048 0.000044 0.000035 0.000020 0.000000 
50.000000 32.135628 17.823050 8.523803 3.534575 1.281648 0.410197 0.116951 0.029962 0.006955 0.001477 0.000293 0.000059 0.000017 0.000010 0.000009 0.000008 0.000008 0.000008 0.000008 0.000008 0.000008 0.000008 0.000008 0.000008 0.000008 0.000008 0.000008 0.000008 0.000008 0.000008 0.000008 0.000008 0.000008 0.000008 0.000008 0.000008 0.000008 0.000008 0.000008 0.000008 0.000008 0.000008 0.000008 0.000008 0.000008 0.000007 0.000006 0.000003 0.000000 
50.000000 32.135626 17.823045 8.523797 3.534568 1.281641 0.410190 0.116944 0.029954 0.006947 0.001470 0.000286 0.000052 0.000010 0.000003 0.000001 0.000001 0.000001 0.000001 0.000001 0.000001 0.000001 0.000001 0.000001 0.000001 0.000001 0.000001 0.000001 0.000001 0.000001 0.000001 0.000001 0.000001 0.000001 0.000001 0.000001 0.000001 0.000001 0.000001 0.000001 0.000001 0.000001 0.000001 0.000001 0.000001 0.000001 0.000001 0.000001 0.000000 0.000000 
50.000000 32.135625 17.823044 8.523796 3.534567 1.281640 0.410189 0.116943 0.029953 0.006946 0.001469 0.000285 0.000051 0.000009 0.000001 0.000000 0.000000 0.000000 0.000000 0.000000 0.000000 0.000000 0.000000 0.000000 0.000000 0.000000 0.000000 0.000000 0.000000 0.000000 0.000000 0.000000 0.000000 0.000000 0.000000 0.000000 0.000000 0.000000 0.000000 0.000000 0.000000 0.000000 0.000000 0.000000 0.000000 0.000000 0.000000 0.000000 0.000000 0.000000 
50.000000 32.135625 17.823044 8.523796 3.534567 1.281640 0.410189 0.116943 0.029953 0.006946 0.001469 0.000285 0.000051 0.000008 0.000001 0.000000 0.000000 0.000000 0.000000 0.000000 0.000000 0.000000 0.000000 0.000000 0.000000 0.000000 0.000000 0.000000 0.000000 0.000000 0.000000 0.000000 0.000000 0.000000 0.000000 0.000000 0.000000 0.000000 0.000000 0.000000 0.000000 0.000000 0.000000 0.000000 0.000000 0.000000 0.000000 0.000000 0.000000 0.000000 
50.000000 32.135625 17.823044 8.523796 3.534567 1.281640 0.410189 0.116943 0.029953 0.006946 0.001468 0.000285 0.000051 0.000008 0.000001 0.000000 0.000000 0.000000 0.000000 0.000000 0.000000 0.000000 0.000000 0.000000 0.000000 0.000000 0.000000 0.000000 0.000000 0.000000 0.000000 0.000000 0.000000 0.000000 0.000000 0.000000 0.000000 0.000000 0.000000 0.000000 0.000000 0.000000 0.000000 0.000000 0.000000 0.000000 0.000000 0.000000 0.000000 0.000000 
50.000000 32.135625 17.823044 8.523796 3.534567 1.281640 0.410189 0.116943 0.029953 0.006946 0.001468 0.000285 0.000051 0.000008 0.000001 0.000000 0.000000 0.000000 0.000000 0.000000 0.000000 0.000000 0.000000 0.000000 0.000000 0.000000 0.000000 0.000000 0.000000 0.000000 0.000000 0.000000 0.000000 0.000000 0.000000 0.000000 0.000000 0.000000 0.000000 0.000000 0.000000 0.000000 0.000000 0.000000 0.000000 0.000000 0.000000 0.000000 0.000000 0.000000 
50.000000 32.135625 17.823044 8.523796 3.534567 1.281640 0.410189 0.116943 0.029953 0.006946 0.001468 0.000285 0.000051 0.000008 0.000001 0.000000 0.000000 0.000000 0.000000 0.000000 0.000000 0.000000 0.000000 0.000000 0.000000 0.000000 0.000000 0.000000 0.000000 0.000000 0.000000 0.000000 0.000000 0.000000 0.000000 0.000000 0.000000 0.000000 0.000000 0.000000 0.000000 0.000000 0.000000 0.000000 0.000000 0.000000 0.000000 0.000000 0.000000 0.000000 
50.000000 32.135625 17.823044 8.523796 3.534567 1.281640 0.410189 0.116943 0.029953 0.006946 0.001468 0.000285 0.000051 0.000008 0.000001 0.000000 0.000000 0.000000 0.000000 0.000000 0.000000 0.000000 0.000000 0.000000 0.000000 0.000000 0.000000 0.000000 0.000000 0.000000 0.000000 0.000000 0.000000 0.000000 0.000000 0.000000 0.000000 0.000000 0.000000 0.000000 0.000000 0.000000 0.000000 0.000000 0.000000 0.000000 0.000000 0.000000 0.000000 0.000000 
50.000000 32.135625 17.823044 8.523796 3.534567 1.281640 0.410189 0.116943 0.029953 0.006946 0.001468 0.000285 0.000051 0.000008 0.000001 0.000000 0.000000 0.000000 0.000000 0.000000 0.000000 0.000000 0.000000 0.000000 0.000000 0.000000 0.000000 0.000000 0.000000 0.000000 0.000000 0.000000 0.000000 0.000000 0.000000 0.000000 0.000000 0.000000 0.000000 0.000000 0.000000 0.000000 0.000000 0.000000 0.000000 0.000000 0.000000 0.000000 0.000000 0.000000 
50.000000 32.135625 17.823044 8.523796 3.534567 1.281640 0.410189 0.116943 0.029953 0.006946 0.001468 0.000285 0.000051 0.000008 0.000001 0.000000 0.000000 0.000000 0.000000 0.000000 0.000000 0.000000 0.000000 0.000000 0.000000 0.000000 0.000000 0.000000 0.000000 0.000000 0.000000 0.000000 0.000000 0.000000 0.000000 0.000000 0.000000 0.000000 0.000000 0.000000 0.000000 0.000000 0.000000 0.000000 0.000000 0.000000 0.000000 0.000000 0.000000 0.000000 
50.000000 32.135625 17.823044 8.523796 3.534567 1.281640 0.410189 0.116943 0.029953 0.006946 0.001468 0.000285 0.000051 0.000008 0.000001 0.000000 0.000000 0.000000 0.000000 0.000000 0.000000 0.000000 0.000000 0.000000 0.000000 0.000000 0.000000 0.000000 0.000000 0.000000 0.000000 0.000000 0.000000 0.000000 0.000000 0.000000 0.000000 0.000000 0.000000 0.000000 0.000000 0.000000 0.000000 0.000000 0.000000 0.000000 0.000000 0.000000 0.000000 0.000000 
50.000000 32.135625 17.823044 8.523796 3.534567 1.281640 0.410189 0.116943 0.029953 0.006946 0.001468 0.000285 0.000051 0.000008 0.000001 0.000000 0.000000 0.000000 0.000000 0.000000 0.000000 0.000000 0.000000 0.000000 0.000000 0.000000 0.000000 0.000000 0.000000 0.000000 0.000000 0.000000 0.000000 0.000000 0.000000 0.000000 0.000000 0.000000 0.000000 0.000000 0.000000 0.000000 0.000000 0.000000 0.000000 0.000000 0.000000 0.000000 0.000000 0.000000 
50.000000 32.135625 17.823044 8.523796 3.534567 1.281640 0.410189 0.116943 0.029953 0.006946 0.001468 0.000285 0.000051 0.000008 0.000001 0.000000 0.000000 0.000000 0.000000 0.000000 0.000000 0.000000 0.000000 0.000000 0.000000 0.000000 0.000000 0.000000 0.000000 0.000000 0.000000 0.000000 0.000000 0.000000 0.000000 0.000000 0.000000 0.000000 0.000000 0.000000 0.000000 0.000000 0.000000 0.000000 0.000000 0.000000 0.000000 0.000000 0.000000 0.000000 
50.000000 32.135625 17.823044 8.523796 3.534567 1.281640 0.410189 0.116943 0.029953 0.006946 0.001468 0.000285 0.000051 0.000008 0.000001 0.000000 0.000000 0.000000 0.000000 0.000000 0.000000 0.000000 0.000000 0.000000 0.000000 0.000000 0.000000 0.000000 0.000000 0.000000 0.000000 0.000000 0.000000 0.000000 0.000000 0.000000 0.000000 0.000000 0.000000 0.000000 0.000000 0.000000 0.000000 0.000000 0.000000 0.000000 0.000000 0.000000 0.000000 0.000000 
50.000000 32.135625 17.823044 8.523796 3.534567 1.281640 0.410189 0.116943 0.029953 0.006946 0.001468 0.000285 0.000051 0.000008 0.000001 0.000000 0.000000 0.000000 0.000000 0.000000 0.000000 0.000000 0.000000 0.000000 0.000000 0.000000 0.000000 0.000000 0.000000 0.000000 0.000000 0.000000 0.000000 0.000000 0.000000 0.000000 0.000000 0.000000 0.000000 0.000000 0.000000 0.000000 0.000000 0.000000 0.000000 0.000000 0.000000 0.000000 0.000000 0.000000 
50.000000 32.135625 17.823044 8.523796 3.534567 1.281640 0.410189 0.116943 0.029953 0.006946 0.001468 0.000285 0.000051 0.000008 0.000001 0.000000 0.000000 0.000000 0.000000 0.000000 0.000000 0.000000 0.000000 0.000000 0.000000 0.000000 0.000000 0.000000 0.000000 0.000000 0.000000 0.000000 0.000000 0.000000 0.000000 0.000000 0.000000 0.000000 0.000000 0.000000 0.000000 0.000000 0.000000 0.000000 0.000000 0.000000 0.000000 0.000000 0.000000 0.000000 
50.000000 32.135625 17.823044 8.523796 3.534567 1.281640 0.410189 0.116943 0.029953 0.006946 0.001468 0.000285 0.000051 0.000008 0.000001 0.000000 0.000000 0.000000 0.000000 0.000000 0.000000 0.000000 0.000000 0.000000 0.000000 0.000000 0.000000 0.000000 0.000000 0.000000 0.000000 0.000000 0.000000 0.000000 0.000000 0.000000 0.000000 0.000000 0.000000 0.000000 0.000000 0.000000 0.000000 0.000000 0.000000 0.000000 0.000000 0.000000 0.000000 0.000000 
50.000000 32.135625 17.823044 8.523796 3.534567 1.281640 0.410189 0.116943 0.029953 0.006946 0.001468 0.000285 0.000051 0.000008 0.000001 0.000000 0.000000 0.000000 0.000000 0.000000 0.000000 0.000000 0.000000 0.000000 0.000000 0.000000 0.000000 0.000000 0.000000 0.000000 0.000000 0.000000 0.000000 0.000000 0.000000 0.000000 0.000000 0.000000 0.000000 0.000000 0.000000 0.000000 0.000000 0.000000 0.000000 0.000000 0.000000 0.000000 0.000000 0.000000 
50.000000 32.135625 17.823044 8.523796 3.534567 1.281640 0.410189 0.116943 0.029953 0.006946 0.001468 0.000285 0.000051 0.000008 0.000001 0.000000 0.000000 0.000000 0.000000 0.000000 0.000000 0.000000 0.000000 0.000000 0.000000 0.000000 0.000000 0.000000 0.000000 0.000000 0.000000 0.000000 0.000000 0.000000 0.000000 0.000000 0.000000 0.000000 0.000000 0.000000 0.000000 0.000000 0.000000 0.000000 0.000000 0.000000 0.000000 0.000000 0.000000 0.000000 
50.000000 32.135625 17.823044 8.523796 3.534567 1.281640 0.410189 0.116943 0.029953 0.006946 0.001468 0.000285 0.000051 0.000008 0.000001 0.000000 0.000000 0.000000 0.000000 0.000000 0.000000 0.000000 0.000000 0.000000 0.000000 0.000000 0.000000 0.000000 0.000000 0.000000 0.000000 0.000000 0.000000 0.000000 0.000000 0.000000 0.000000 0.000000 0.000000 0.000000 0.000000 0.000000 0.000000 0.000000 0.000000 0.000000 0.000000 0.000000 0.000000 0.000000 
50.000000 32.135625 17.823044 8.523796 3.534567 1.281640 0.410189 0.116943 0.029953 0.006946 0.001469 0.000285 0.000051 0.000008 0.000001 0.000000 0.000000 0.000000 0.000000 0.000000 0.000000 0.000000 0.000000 0.000000 0.000000 0.000000 0.000000 0.000000 0.000000 0.000000 0.000000 0.000000 0.000000 0.000000 0.000000 0.000000 0.000000 0.000000 0.000000 0.000000 0.000000 0.000000 0.000000 0.000000 0.000000 0.000000 0.000000 0.000000 0.000000 0.000000 
50.000000 32.135625 17.823044 8.523796 3.534567 1.281640 0.410189 0.116943 0.029953 0.006946 0.001469 0.000285 0.000051 0.000009 0.000001 0.000000 0.000000 0.000000 0.000000 0.000000 0.000000 0.000000 0.000000 0.000000 0.000000 0.000000 0.000000 0.000000 0.000000 0.000000 0.000000 0.000000 0.000000 0.000000 0.000000 0.000000 0.000000 0.000000 0.000000 0.000000 0.000000 0.000000 0.000000 0.000000 0.000000 0.000000 0.000000 0.000000 0.000000 0.000000 
50.000000 32.135626 17.823045 8.523797 3.534568 1.281641 0.410190 0.116944 0.029954 0.006947 0.001470 0.000286 0.000052 0.000010 0.000003 0.000001 0.000001 0.000001 0.000001 0.000001 0.000001 0.000001 0.000001 0.000001 0.000001 0.000001 0.000001 0.000001 0.000001 0.000001 0.000001 0.000001 0.000001 0.000001 0.000001 0.000001 0.000001 0.000001 0.000001 0.000001 0.000001 0.000001 0.000001 0.000001 0.000001 0.000001 0.000001 0.000001 0.000000 0.000000 
50.000000 32.135628 17.823050 8.523803 3.534575 1.281648 0.410197 0.116951 0.029962 0.006955 0.001477 0.000293 0.000059 0.000017 0.000010 0.000009 0.000008 0.000008 0.000008 0.000008 0.000008 0.000008 0.000008 0.000008 0.000008 0.000008 0.000008 0.000008 0.000008 0.000008 0.000008 0.000008 0.000008 0.000008 0.000008 0.000008 0.000008 0.000008 0.000008 0.000008 0.000008 0.000008 0.000008 0.000008 0.000008 0.000008 0.000007 0.000006 0.000003 0.000000 
50.000000 32.135644 17.823077 8.523839 3.534614 1.281690 0.410239 0.116994 0.030004 0.006997 0.001519 0.000336 0.000102 0.000059 0.000052 0.000051 0.000051 0.000051 0.000051 0.000051 0.000051 0.000051 0.000051 0.000051 0.000051 0.000051 0.000051 0.000051 0.000051 0.000051 0.000051 0.000051 0.000051 0.000051 0.000051 0.000051 0.000051 0.000051 0.000051 0.000051 0.000051 0.000051 0.000051 0.000051 0.000050 0.000048 0.000044 0.000035 0.000020 0.000000 
50.000000 32.135729 17.823230 8.524034 3.534832 1.281918 0.410471 0.117227 0.030238 0.007231 0.001753 0.000570 0.000336 0.000293 0.000286 0.000285 0.000285 0.000285 0.000285 0.000285 0.000285 0.000285 0.000285 0.000285 0.000285 0.000285 0.000285 0.000285 0.000285 0.000285 0.000285 0.000285 0.000285 0.000285 0.000285 0.000285 0.000285 0.000285 0.000285 0.000285 0.000285 0.000285 0.000284 0.000283 0.000280 0.000270 0.000245 0.000194 0.000110 0.000000 
50.000000 32.136157 17.823999 8.525023 3.535937 1.283073 0.411646 0.118408 0.031421 0.008414 0.002937 0.001753 0.001519 0.001477 0.001470 0.001469 0.001469 0.001468 0.001468 0.001468 0.001468 0.001468 0.001468 0.001468 0.001468 0.001468 0.001468 0.001468 0.001468 0.001468 0.001468 0.001468 0.001468 0.001468 0.001468 0.001468 0.001468 0.001468 0.001468 0.001468 0.001468 0.001468 0.001467 0.001461 0.001443 0.001392 0.001265 0.001004 0.000569 0.000000 
50.000000 32.138136 17.827555 8.529593 3.541044 1.288419 0.417082 0.123874 0.036896 0.013891 0.008414 0.007231 0.006997 0.006955 0.006947 0.006946 0.006946 0.006946 0.006946 0.006946 0.006946 0.006946 0.006946 0.006946 0.006946 0.006946 0.006946 0.006946 0.006946 0.006946 0.006946 0.006946 0.006946 0.006946 0.006946 0.006946 0.006946 0.006946 0.006946 0.006946 0.006946 0.006944 0.006938 0.006913 0.006831 0.006592 0.006000 0.004774 0.002714 0.000000 
50.000000 32.146434 17.842470 8.548771 3.562483 1.310866 0.439913 0.146832 0.059890 0.036896 0.031421 0.030238 0.030004 0.029962 0.029954 0.029953 0.029953 0.029953 0.029953 0.029953 0.029953 0.029953 0.029953 0.029953 0.029953 0.029953 0.029953 0.029953 0.029953 0.029953 0.029953 0.029953 0.029953 0.029953 0.029953 0.029953 0.029953 0.029953 0.029953 0.029953 0.029951 0.029945 0.029918 0.029816 0.029475 0.028478 0.025978 0.020739 0.011829 0.000000 
50.000000 32.177753 17.898787 8.621218 3.643505 1.395717 0.526227 0.233632 0.146832 0.123874 0.118408 0.117227 0.116994 0.116951 0.116944 0.116943 0.116943 0.116943 0.116943 0.116943 0.116943 0.116943 0.116943 0.116943 0.116943 0.116943 0.116943 0.116943 0.116943 0.116943 0.116943 0.116943 0.116943 0.116943 0.116943 0.116943 0.116943 0.116943 0.116943 0.116942 0.116937 0.116914 0.116816 0.116443 0.115180 0.111448 0.101965 0.081774 0.046886 0.000000 
50.000000 32.283149 18.088380 8.865224 3.916495 1.681684 0.817166 0.526227 0.439913 0.417082 0.411646 0.410471 0.410239 0.410197 0.410190 0.410189 0.410189 0.410189 0.410189 0.410189 0.410189 0.410189 0.410189 0.410189 0.410189 0.410189 0.410189 0.410189 0.410189 0.410189 0.410189 0.410189 0.410189 0.410189 0.410189 0.410189 0.410189 0.410189 0.410188 0.410185 0.410170 0.410096 0.409784 0.408583 0.404473 0.392136 0.360220 0.290783 0.168020 0.000000 
50.000000 32.595856 18.651092 9.589743 4.727373 2.531316 1.681684 1.395717 1.310866 1.288419 1.283073 1.281918 1.281690 1.281648 1.281641 1.281640 1.281640 1.281640 1.281640 1.281640 1.281640 1.281640 1.281640 1.281640 1.281640 1.281640 1.281640 1.281640 1.281640 1.281640 1.281640 1.281640 1.281640 1.281640 1.281640 1.281640 1.281640 1.281640 1.281638 1.281630 1.281588 1.281390 1.280536 1.277211 1.265658 1.230290 1.136508 0.926236 0.541720 0.000000 
50.000000 33.403076 20.104149 11.461355 6.822783 4.727373 3.916495 3.643505 3.562483 3.541044 3.535937 3.534832 3.534614 3.534575 3.534568 3.534567 3.534567 3.534567 3.534567 3.534567 3.534567 3.534567 3.534567 3.534567 3.534567 3.534567 3.534567 3.534567 3.534567 3.534567 3.534567 3.534567 3.534567 3.534567 3.534567 3.534567 3.534567 3.534566 3.534563 3.534545 3.534452 3.534005 3.532057 3.524359 3.497083 3.411392 3.176380 2.626279 1.567135 0.000000 
50.000000 35.188313 23.318650 15.603252 11.461355 9.589743 8.865224 8.621218 8.548771 8.529593 8.525023 8.524034 8.523839 8.523803 8.523797 8.523796 8.523796 8.523796 8.523796 8.523796 8.523796 8.523796 8.523796 8.523796 8.523796 8.523796 8.523796 8.523796 8.523796 8.523796 8.523796 8.523796 8.523796 8.523796 8.523796 8.523796 8.523796 8.523795 8.523789 8.523758 8.523593 8.522793 8.519253 8.505004 8.453234 8.284975 7.801626 6.596809 4.078560 0.000000 
50.000000 38.512006 29.304759 23.318650 20.104149 18.651092 18.088380 17.898787 17.842470 17.827555 17.823999 17.823230 17.823077 17.823050 17.823045 17.823044 17.823044 17.823044 17.823044 17.823044 17.823044 17.823044 17.823044 17.823044 17.823044 17.823044 17.823044 17.823044 17.823044 17.823044 17.823044 17.823044 17.823044 17.823044 17.823044 17.823044 17.823044 17.823043 17.823036 17.822995 17.822781 17.821732 17.817013 17.797597 17.724856 17.477870 16.721841 14.652380 9.688752 0.000000 
50.000000 43.623257 38.512006 35.188313 33.403076 32.595856 32.283149 32.177753 32.146434 32.138136 32.136157 32.135729 32.135644 32.135628 32.135626 32.135625 32.135625 32.135625 32.135625 32.135625 32.135625 32.135625 32.135625 32.135625 32.135625 32.135625 32.135625 32.135625 32.135625 32.135625 32.135625 32.135625 32.135625 32.135625 32.135625 32.135625 32.135625 32.135624 32.135619 32.135588 32.135423 32.134605 32.130866 32.115130 32.054137 31.835940 31.109753 28.823253 21.811629 0.000000 
50.000000 50.000000 50.000000 50.000000 50.000000 50.000000 50.000000 50.000000 50.000000 50.000000 50.000000 50.000000 50.000000 50.000000 50.000000 50.000000 50.000000 50.000000 50.000000 50.000000 50.000000 50.000000 50.000000 50.000000 50.000000 50.000000 50.000000 50.000000 50.000000 50.000000 50.000000 50.000000 50.000000 50.000000 50.000000 50.000000 50.000000 50.000000 50.000000 50.000000 50.000000 50.000000 50.000000 50.000000 50.000000 50.000000 50.000000 50.000000 50.000000 50.000000 
