50.000000 50.000000 50.000000 50.000000 50.000000 50.000000 50.000000 50.000000 50.000000 50.000000 50.000000 50.000000 50.000000 50.000000 50.000000 50.000000 50.000000 50.000000 50.000000 50.000000 50.000000 50.000000 50.000000 50.000000 50.000000 50.000000 50.000000 50.000000 50.000000 50.000000 50.000000 50.000000 50.000000 50.000000 50.000000 50.000000 50.000000 50.000000 50.000000 50.000000 50.000000 50.000000 50.000000 50.000000 50.000000 50.000000 50.000000 50.000000 50.000000 50.000000 
50.000000 48.978234 47.989243 47.062649 46.222276 45.484401 44.857096 44.340642 43.928806 43.610643 43.372457 43.199618 43.078015 42.995035 42.940100 42.904803 42.882785 42.869445 42.861593 42.857101 42.854602 42.853249 42.852537 42.852171 42.851986 42.851892 42.851839 42.851794 42.851732 42.851619 42.851395 42.850953 42.850096 42.848472 42.845454 42.839960 42.830156 42.812980 42.783397 42.733207 42.649091 42.509314 42.277803 41.892748 41.242633 40.110555 38.030147 33.869065 24.489117 0.000000 
50.000000 47.989243 46.042984 44.219518 42.565732 41.113656 39.879173 38.862838 38.052384 37.426271 36.957545 36.617419 36.378117 36.214825 36.106720 36.037261 35.993932 35.967682 35.952230 35.943390 35.938472 35.935810 35.934408 35.933688 35.933325 35.933141 35.933036 35.932951 35.932834 35.932619 35.932196 35.931363 35.929752 35.926699 35.921037 35.910751 35.892438 35.860454 35.805584 35.712971 35.558828 35.305134 34.890703 34.215537 33.112083 31.290621 28.235191 23.021492 14.120178 0.000000 
50.000000 47.062649 44.219518 41.555770 39.139897 37.018688 35.215347 33.730682 32.546775 31.632155 30.947449 30.450600 30.101036 29.862505 29.704591 29.603130 29.539839 29.501494 29.478923 29.466010 29.458827 29.454939 29.452892 29.451840 29.451310 29.451042 29.450892 29.450771 29.450610 29.450316 29.449741 29.448609 29.446425 29.442296 29.434656 29.420820 29.396282 29.353629 29.280897 29.159078 28.958373 28.632502 28.109989 27.280713 25.975317 23.935364 20.777885 15.984327 9.032501 0.000000 
50.000000 46.222276 42.565732 39.139897 36.032858 33.304794 30.985544 29.076148 27.553558 26.377296 25.496724 24.857753 24.408200 24.101443 23.898363 23.767882 23.686490 23.637180 23.608155 23.591550 23.582312 23.577313 23.574680 23.573328 23.572648 23.572305 23.572114 23.571967 23.571776 23.571432 23.570762 23.569448 23.566918 23.562149 23.553354 23.537492 23.509497 23.461129 23.379267 23.243443 23.022342 22.668904 22.113657 21.256032 19.954181 18.016429 15.204533 11.275111 6.111721 0.000000 
50.000000 45.484401 41.113656 37.018688 33.304794 30.043906 27.271690 24.989387 23.169444 21.763475 20.710948 19.947207 19.409876 19.043226 18.800499 18.644546 18.547266 18.488331 18.453641 18.433795 18.422755 18.416781 18.413634 18.412018 18.411206 18.410798 18.410576 18.410411 18.410204 18.409841 18.409136 18.407759 18.405116 18.400151 18.391031 18.374661 18.345932 18.296637 18.213900 18.078035 17.859687 17.516219 16.987478 16.191524 15.021953 13.350613 11.043371 8.001573 4.241768 0.000000 
50.000000 44.857096 39.879173 35.215347 30.985544 27.271690 24.114404 21.515097 19.442383 17.841152 16.642459 15.772664 15.160726 14.743171 14.466747 14.289147 14.178364 14.111250 14.071747 14.049147 14.036575 14.029773 14.026190 14.024351 14.023427 14.022965 14.022718 14.022542 14.022335 14.021978 14.021292 14.019958 14.017406 14.012629 14.003896 13.988299 13.961096 13.914758 13.837663 13.712397 13.513648 13.205859 12.740983 12.057202 11.080166 9.729512 7.934634 5.663635 2.964348 0.000000 
50.000000 44.340642 38.862838 33.730682 29.076148 24.989387 21.515097 18.654825 16.374032 14.612067 13.293059 12.335970 11.662623 11.203172 10.899016 10.703601 10.581708 10.507864 10.464400 10.439534 10.425703 10.418218 10.414277 10.412254 10.411239 10.410734 10.410468 10.410290 10.410091 10.409762 10.409136 10.407924 10.405615 10.401311 10.393478 10.379565 10.355453 10.314683 10.247448 10.139329 9.969889 9.711294 9.327413 8.774114 8.001909 6.962491 5.620694 3.972134 2.062839 0.000000 
50.000000 43.928806 38.052384 32.546775 27.553558 23.169444 19.442383 16.374032 13.927331 12.037214 10.622283 9.595601 8.873302 8.380453 8.054192 7.844577 7.713829 7.634621 7.588001 7.561330 7.546495 7.538467 7.534240 7.532071 7.530984 7.530445 7.530167 7.529990 7.529809 7.529520 7.528979 7.527939 7.525964 7.522299 7.515662 7.503937 7.483746 7.449856 7.394440 7.306208 7.169517 6.963665 6.662738 6.236524 5.653225 4.884654 3.914273 2.747251 1.419492 0.000000 
50.000000 43.610643 37.426271 31.632155 26.377296 21.763475 17.841152 14.612067 12.037214 10.048111 8.559094 7.478663 6.718558 6.199919 5.856588 5.636010 5.498425 5.415076 5.366019 5.337955 5.322345 5.313898 5.309451 5.307169 5.306027 5.305463 5.305177 5.305005 5.304843 5.304601 5.304156 5.303307 5.301701 5.298736 5.293389 5.283997 5.267922 5.241132 5.197679 5.129134 5.024056 4.867697 4.642178 4.327504 3.903788 3.354954 2.673782 1.867443 0.961552 0.000000 
50.000000 43.372457 36.957545 30.947449 25.496724 20.710948 16.642459 13.293059 10.622283 8.559094 7.014627 5.893972 5.105575 4.567637 4.211535 3.982754 3.840053 3.753608 3.702728 3.673622 3.657432 3.648672 3.644060 3.641695 3.640511 3.639929 3.639638 3.639472 3.639332 3.639136 3.638786 3.638123 3.636877 3.634586 3.630474 3.623290 3.611066 3.590831 3.558259 3.507314 3.429960 3.316075 3.153730 2.930062 2.632913 2.253281 1.788371 1.244575 0.639250 0.000000 
50.000000 43.199618 36.617419 30.450600 24.857753 19.947207 15.772664 12.335970 9.595601 7.478663 5.893972 4.744139 3.935221 3.383286 3.017921 2.783191 2.636782 2.548091 2.495890 2.466029 2.449419 2.440432 2.435700 2.433274 2.432061 2.431466 2.431173 2.431014 2.430892 2.430739 2.430474 2.429978 2.429052 2.427356 2.424327 2.419061 2.410151 2.395496 2.372070 2.335713 2.280984 2.201161 2.088522 1.935001 1.733307 1.478486 1.169703 0.811834 0.416221 0.000000 
50.000000 43.078015 36.378117 30.101036 24.408200 19.409876 15.160726 11.662623 8.873302 6.718558 5.105575 3.935221 3.111871 2.550094 2.178217 1.939305 1.790289 1.700018 1.646889 1.616497 1.599592 1.590446 1.585630 1.583161 1.581927 1.581324 1.581029 1.580876 1.580772 1.580653 1.580460 1.580104 1.579442 1.578237 1.576093 1.572384 1.566143 1.555936 1.539725 1.514744 1.477426 1.423446 1.347940 1.245968 1.113240 0.947071 0.747407 0.517664 0.265035 0.000000 
50.000000 42.995035 36.214825 29.862505 24.101443 19.043226 14.743171 11.203172 8.380453 6.199919 4.567637 3.383286 2.550094 1.981604 1.605286 1.363522 1.212729 1.121382 1.067620 1.036866 1.019760 1.010505 1.005632 1.003135 1.001887 1.001277 1.000983 1.000835 1.000743 1.000653 1.000516 1.000269 0.999814 0.998989 0.997529 0.995014 0.990802 0.983951 0.973134 0.956571 0.931997 0.896708 0.847720 0.782075 0.697294 0.591945 0.466223 0.322387 0.164879 0.000000 
50.000000 42.940100 36.106720 29.704591 23.898363 18.800499 14.466747 10.899016 8.054192 5.856588 4.211535 3.017921 2.178217 1.605286 1.226030 0.982380 0.830411 0.738353 0.684172 0.653179 0.635940 0.626613 0.621702 0.619185 0.617928 0.617315 0.617021 0.616877 0.616796 0.616727 0.616631 0.616466 0.616164 0.615620 0.614660 0.613015 0.610272 0.605833 0.598861 0.588246 0.572592 0.550255 0.519451 0.478448 0.425838 0.360871 0.283771 0.195969 0.100140 0.000000 
50.000000 42.904803 36.037261 29.603130 23.767883 18.644546 14.289147 10.703601 7.844577 5.636010 3.982754 2.783192 1.939305 1.363522 0.982380 0.737519 0.584795 0.492281 0.437832 0.406685 0.389360 0.379988 0.375053 0.372524 0.371261 0.370646 0.370352 0.370211 0.370136 0.370082 0.370017 0.369909 0.369716 0.369369 0.368760 0.367720 0.365993 0.363212 0.358865 0.352280 0.342621 0.328916 0.310123 0.285251 0.253515 0.214529 0.168474 0.116224 0.059350 0.000000 
50.000000 42.882785 35.993932 29.539839 23.686491 18.547266 14.178365 10.581708 7.713829 5.498425 3.840054 2.636783 1.790289 1.212729 0.830411 0.584796 0.431602 0.338802 0.284186 0.252943 0.235566 0.226164 0.221215 0.218678 0.217412 0.216795 0.216501 0.216362 0.216293 0.216249 0.216204 0.216136 0.216015 0.215802 0.215428 0.214792 0.213740 0.212053 0.209427 0.205469 0.199690 0.191530 0.180398 0.165736 0.147116 0.124342 0.097543 0.067233 0.034313 0.000000 
50.000000 42.869446 35.967682 29.501495 23.637181 18.488332 14.111251 10.507865 7.634623 5.415077 3.753609 2.548092 1.700020 1.121384 0.738354 0.492282 0.338803 0.245832 0.191114 0.159814 0.142404 0.132985 0.128027 0.125485 0.124217 0.123599 0.123306 0.123168 0.123102 0.123065 0.123034 0.122990 0.122918 0.122790 0.122568 0.122191 0.121571 0.120579 0.119041 0.116733 0.113377 0.108660 0.102251 0.093846 0.083217 0.070263 0.055070 0.037931 0.019350 0.000000 
50.000000 42.861594 35.952231 29.478925 23.608157 18.453643 14.071749 10.464402 7.588004 5.366022 3.702731 2.495893 1.646892 1.067623 0.684175 0.437835 0.284189 0.191116 0.136339 0.105004 0.087576 0.078147 0.073183 0.070639 0.069369 0.068751 0.068458 0.068321 0.068257 0.068225 0.068201 0.068174 0.068131 0.068057 0.067929 0.067713 0.067358 0.066792 0.065918 0.064611 0.062719 0.060068 0.056481 0.051794 0.045886 0.038711 0.030317 0.020869 0.010642 0.000000 
50.000000 42.857102 35.943392 29.466014 23.591554 18.433800 14.049153 10.439541 7.561337 5.337963 3.673630 2.466036 1.616505 1.036874 0.653186 0.406693 0.252951 0.159820 0.105009 0.073655 0.056216 0.046781 0.041814 0.039269 0.037998 0.037380 0.037087 0.036951 0.036888 0.036858 0.036840 0.036823 0.036798 0.036756 0.036684 0.036563 0.036366 0.036053 0.035571 0.034852 0.033814 0.032365 0.030412 0.027867 0.024670 0.020797 0.016277 0.011198 0.005709 0.000000 
50.000000 42.854604 35.938477 29.458835 23.582323 18.422767 14.036590 10.425719 7.546512 5.322363 3.657451 2.449438 1.599611 1.019779 0.635959 0.389380 0.235585 0.142423 0.087592 0.056228 0.038783 0.029345 0.024376 0.021829 0.020558 0.019940 0.019647 0.019511 0.019450 0.019421 0.019406 0.019394 0.019380 0.019356 0.019317 0.019252 0.019145 0.018977 0.018718 0.018333 0.017779 0.017009 0.015972 0.014626 0.012940 0.010901 0.008527 0.005864 0.002989 0.000000 
50.000000 42.853256 35.935824 29.454959 23.577339 18.416811 14.029807 10.418256 7.538508 5.313941 3.648716 2.440477 1.590491 1.010551 0.626659 0.380034 0.226210 0.133030 0.078190 0.046820 0.029372 0.019932 0.014962 0.012415 0.011144 0.010526 0.010233 0.010097 0.010035 0.010008 0.009994 0.009986 0.009977 0.009964 0.009944 0.009909 0.009853 0.009764 0.009629 0.009428 0.009139 0.008739 0.008202 0.007507 0.006637 0.005589 0.004369 0.003004 0.001530 0.000000 
50.000000 42.852553 35.934440 29.452938 23.574739 18.413704 14.026269 10.414364 7.534333 5.309548 3.644161 2.435804 1.585735 1.005738 0.621809 0.375160 0.221321 0.128133 0.073287 0.041914 0.024464 0.015023 0.010053 0.007506 0.006234 0.005616 0.005323 0.005188 0.005126 0.005099 0.005086 0.005080 0.005074 0.005067 0.005056 0.005038 0.005009 0.004963 0.004893 0.004790 0.004641 0.004436 0.004162 0.003807 0.003364 0.002831 0.002213 0.001520 0.000775 0.000000 
50.000000 42.852207 35.933760 29.451944 23.573462 18.412178 14.024531 10.412452 7.532282 5.307390 3.641923 2.433508 1.583398 1.003374 0.619426 0.372765 0.218920 0.125726 0.070878 0.039503 0.022053 0.012611 0.007641 0.005094 0.003822 0.003204 0.002911 0.002776 0.002714 0.002687 0.002675 0.002669 0.002666 0.002661 0.002655 0.002646 0.002630 0.002605 0.002568 0.002513 0.002434 0.002326 0.002181 0.001994 0.001761 0.001481 0.001157 0.000795 0.000405 0.000000 
50.000000 42.852067 35.933484 29.451541 23.572944 18.411558 14.023826 10.411676 7.531450 5.306515 3.641015 2.432576 1.582450 1.002415 0.618459 0.371794 0.217945 0.124750 0.069901 0.038526 0.021074 0.011633 0.006663 0.004115 0.002844 0.002226 0.001933 0.001797 0.001736 0.001709 0.001697 0.001692 0.001688 0.001686 0.001682 0.001675 0.001665 0.001649 0.001625 0.001590 0.001540 0.001471 0.001379 0.001260 0.001112 0.000935 0.000730 0.000502 0.000255 0.000000 
50.000000 42.852067 35.933484 29.451541 23.572944 18.411558 14.023826 10.411676 7.531450 5.306515 3.641015 2.432576 1.582450 1.002415 0.618459 0.371794 0.217945 0.124750 0.069901 0.038526 0.021074 0.011633 0.006663 0.004115 0.002844 0.002226 0.001933 0.001797 0.001736 0.001709 0.001697 0.001692 0.001688 0.001686 0.001682 0.001675 0.001665 0.001649 0.001625 0.001590 0.001540 0.001471 0.001379 0.001260 0.001112 0.000935 0.000730 0.000502 0.000255 0.000000 
50.000000 42.852207 35.933760 29.451944 23.573462 18.412178 14.024531 10.412452 7.532282 5.307390 3.641923 2.433508 1.583398 1.003374 0.619426 0.372765 0.218920 0.125726 0.070878 0.039503 0.022053 0.012611 0.007641 0.005094 0.003822 0.003204 0.002911 0.002776 0.002714 0.002687 0.002675 0.002669 0.002666 0.002661 0.002655 0.002646 0.002630 0.002605 0.002568 0.002513 0.002434 0.002326 0.002181 0.001994 0.001761 0.001481 0.001157 0.000795 0.000405 0.000000 
50.000000 42.852553 35.934440 29.452938 23.574739 18.413704 14.026269 10.414364 7.534333 5.309548 3.644161 2.435804 1.585735 1.005738 0.621809 0.375160 0.221321 0.128133 0.073287 0.041914 0.024464 0.015023 0.010053 0.007506 0.006234 0.005616 0.005323 0.005188 0.005126 0.005099 0.005086 0.005080 0.005074 0.005067 0.005056 0.005038 0.005009 0.004963 0.004893 0.004790 0.004641 0.004436 0.004162 0.003807 0.003364 0.002831 0.002213 0.001520 0.000775 0.000000 
50.000000 42.853256 35.935824 29.454959 23.577339 18.416811 14.029807 10.418256 7.538508 5.313941 3.648716 2.440477 1.590491 1.010551 0.626659 0.380034 0.226210 0.133030 0.078190 0.046820 0.029372 0.019932 0.014962 0.012415 0.011144 0.010526 0.010233 0.010097 0.010035 0.010008 0.009994 0.009986 0.009977 0.009964 0.009944 0.009909 0.009853 0.009764 0.009629 0.009428 0.009139 0.008739 0.008202 0.007507 0.006637 0.005589 0.004369 0.003004 0.001530 0.000000 
50.000000 42.854604 35.938477 29.458835 23.582323 18.422767 14.036590 10.425719 7.546512 5.322363 3.657451 2.449438 1.599611 1.019779 0.635959 0.389380 0.235585 0.142423 0.087592 0.056228 0.038783 0.029345 0.024376 0.021829 0.020558 0.019940 0.019647 0.019511 0.019450 0.019421 0.019406 0.019394 0.019380 0.019356 0.019317 0.019252 0.019145 0.018977 0.018718 0.018333 0.017779 0.017009 0.015972 0.014626 0.012940 0.010901 0.008527 0.005864 0.002989 0.000000 
50.000000 42.857102 35.943392 29.466014 23.591554 18.433800 14.049153 10.439541 7.561337 5.337963 3.673630 2.466036 1.616505 1.036874 0.653186 0.406693 0.252951 0.159820 0.105009 0.073655 0.056216 0.046781 0.041814 0.039269 0.037998 0.037380 0.037087 0.036951 0.036888 0.036858 0.036840 0.036823 0.036798 0.036756 0.036684 0.036563 0.036366 0.036053 0.035571 0.034852 0.033814 0.032365 0.030412 0.027867 0.024670 0.020797 0.016277 0.011198 0.005709 0.000000 
50.000000 42.861594 35.952231 29.478925 23.608157 18.453643 14.071749 10.464402 7.588004 5.366022 3.702731 2.495893 1.646892 1.067623 0.684175 0.437835 0.284189 0.191116 0.136339 0.105004 0.087576 0.078147 0.073183 0.070639 0.069369 0.068751 0.068458 0.068321 0.068257 0.068225 0.068201 0.068174 0.068131 0.068057 0.067929 0.067713 0.067358 0.066792 0.065918 0.064611 0.062719 0.060068 0.056481 0.051794 0.045886 0.038711 0.030317 0.020869 0.010642 0.000000 
50.000000 42.869446 35.967682 29.501495 23.637181 18.488332 14.111251 10.507865 7.634623 5.415077 3.753609 2.548092 1.700020 1.121384 0.738354 0.492282 0.338803 0.245832 0.191114 0.159814 0.142404 0.132985 0.128027 0.125485 0.124217 0.123599 0.123306 0.123168 0.123102 0.123065 0.123034 0.122990 0.122918 0.122790 0.122568 0.122191 0.121571 0.120579 0.119041 0.116733 0.113377 0.108660 0.102251 0.093846 0.083217 0.070263 0.055070 0.037931 0.019350 0.000000 
50.000000 42.882785 35.993932 29.539839 23.686491 18.547266 14.178365 10.581708 7.713829 5.498425 3.840054 2.636783 1.790289 1.212729 0.830411 0.584796 0.431602 0.338802 0.284186 0.252943 0.235566 0.226164 0.221215 0.218678 0.217412 0.216795 0.216501 0.216362 0.216293 0.216249 0.216204 0.216136 0.216015 0.215802 0.215428 0.214792 0.213740 0.212053 0.209427 0.205469 0.199690 0.191530 0.180398 0.165736 0.147116 0.124342 0.097543 0.067233 0.034313 0.000000 
50.000000 42.904803 36.037261 29.603130 23.767883 18.644546 14.289147 10.703601 7.844577 5.636010 3.982754 2.783192 1.939305 1.363522 0.982380 0.737519 0.584795 0.492281 0.437832 0.406685 0.389360 0.379988 0.375053 0.372524 0.371261 0.370646 0.370352 0.370211 0.370136 0.370082 0.370017 0.369909 0.369716 0.369369 0.368760 0.367720 0.365993 0.363212 0.358865 0.352280 0.342621 0.328916 0.310123 0.285251 0.253515 0.214529 0.168474 0.116224 0.059350 0.000000 
50.000000 42.940100 36.106720 29.704591 23.898363 18.800499 14.466747 10.899016 8.054192 5.856588 4.211535 3.017921 2.178217 1.605286 1.226030 0.982380 0.830411 0.738353 0.684172 0.653179 0.635940 0.626613 0.621702 0.619185 0.617928 0.617315 0.617021 0.616877 0.616796 0.616727 0.616631 0.616466 0.616164 0.615620 0.614660 0.613015 0.610272 0.605833 0.598861 0.588246 0.572592 0.550255 0.519451 0.478448 0.425838 0.360871 0.283771 0.195969 0.100140 0.000000 
50.000000 42.995035 36.214825 29.862505 24.101443 19.043226 14.743171 11.203172 8.380453 6.199919 4.567637 3.383286 2.550094 1.981604 1.605286 1.363522 1.212729 1.121382 1.067620 1.036866 1.019760 1.010505 1.005632 1.003135 1.001887 1.001277 1.000983 1.000835 1.000743 1.000653 1.000516 1.000269 0.999814 0.998989 0.997529 0.995014 0.990802 0.983951 0.973134 0.956571 0.931997 0.896708 0.847720 0.782075 0.697294 0.591945 0.466223 0.322387 0.164879 0.000000 
50.000000 43.078015 36.378117 30.101036 24.408200 19.409876 15.160726 11.662623 8.873302 6.718558 5.105575 3.935221 3.111871 2.550094 2.178217 1.939305 1.790289 1.700018 1.646889 1.616497 1.599592 1.590446 1.585630 1.583161 1.581927 1.581324 1.581029 1.580876 1.580772 1.580653 1.580460 1.580104 1.579442 1.578237 1.576093 1.572384 1.566143 1.555936 1.539725 1.514744 1.477426 1.423446 1.347940 1.245968 1.113240 0.947071 0.747407 0.517664 0.265035 0.000000 
50.000000 43.199618 36.617419 30.450600 24.857753 19.947207 15.772664 12.335970 9.595601 7.478663 5.893972 4.744139 3.935221 3.383286 3.017921 2.783191 2.636782 2.548091 2.495890 2.466029 2.449419 2.440432 2.435700 2.433274 2.432061 2.431466 2.431173 2.431014 2.430892 2.430739 2.430474 2.429978 2.429052 2.427356 2.424327 2.419061 2.410151 2.395496 2.372070 2.335713 2.280984 2.201161 2.088522 1.935001 1.733307 1.478486 1.169703 0.811834 0.416221 0.000000 
50.000000 43.372457 36.957545 30.947449 25.496724 20.710948 16.642459 13.293059 10.622283 8.559094 7.014627 5.893972 5.105575 4.567637 4.211535 3.982754 3.840053 3.753608 3.702728 3.673622 3.657432 3.648672 3.644060 3.641695 3.640511 3.639929 3.639638 3.639472 3.639332 3.639136 3.638786 3.638123 3.636877 3.634586 3.630474 3.623290 3.611066 3.590831 3.558259 3.507314 3.429960 3.316075 3.153730 2.930062 2.632913 2.253281 1.788371 1.244575 0.639250 0.000000 
50.000000 43.610643 37.426271 31.632155 26.377296 21.763475 17.841152 14.612067 12.037214 10.048111 8.559094 7.478663 6.718558 6.199919 5.856588 5.636010 5.498425 5.415076 5.366019 5.337955 5.322345 5.313898 5.309451 5.307169 5.306027 5.305463 5.305177 5.305005 5.304843 5.304601 5.304156 5.303307 5.301701 5.298736 5.293389 5.283997 5.267922 5.241132 5.197679 5.129134 5.024056 4.867697 4.642178 4.327504 3.903788 3.354954 2.673782 1.867443 0.961552 0.000000 
50.000000 43.928806 38.052384 32.546775 27.553558 23.169444 19.442383 16.374032 13.927331 12.037214 10.622283 9.595601 8.873302 8.380453 8.054192 7.844577 7.713829 7.634621 7.588001 7.561330 7.546495 7.538467 7.534240 7.532071 7.530984 7.530445 7.530167 7.529990 7.529809 7.529520 7.528979 7.527939 7.525964 7.522299 7.515662 7.503937 7.483746 7.449856 7.394440 7.306208 7.169517 6.963665 6.662738 6.236524 5.653225 4.884654 3.914273 2.747251 1.419492 0.000000 
50.000000 44.340642 38.862838 33.730682 29.076148 24.989387 21.515097 18.654825 16.374032 14.612067 13.293059 12.335970 11.662623 11.203172 10.899016 10.703601 10.581708 10.507864 10.464400 10.439534 10.425703 10.418218 10.414277 10.412254 10.411239 10.410734 10.410468 10.410290 10.410091 10.409762 10.409136 10.407924 10.405615 10.401311 10.393478 10.379565 10.355453 10.314683 10.247448 10.139329 9.969889 9.711294 9.327413 8.774114 8.001909 6.962491 5.620694 3.972134 2.062839 0.000000 
50.000000 44.857096 39.879173 35.215347 30.985544 27.271690 24.114404 21.515097 19.442383 17.841152 16.642459 15.772664 15.160726 14.743171 14.466747 14.289147 14.178364 14.111250 14.071747 14.049147 14.036575 14.029773 14.026190 14.024351 14.023427 14.022965 14.022718 14.022542 14.022335 14.021978 14.021292 14.019958 14.017406 14.012629 14.003896 13.988299 13.961096 13.914758 13.837663 13.712397 13.513648 13.205859 12.740983 12.057202 11.080166 9.729512 7.934634 5.663635 2.964348 0.000000 
50.000000 45.484401 41.113656 37.018688 33.304794 30.043906 27.271690 24.989387 23.169444 21.763475 20.710948 19.947207 19.409876 19.043226 18.800499 18.644546 18.547266 18.488331 18.453641 18.433795 18.422755 18.416781 18.413634 18.412018 18.411206 18.410798 18.410576 18.410411 18.410204 18.409841 18.409136 18.407759 18.405116 18.400151 18.391031 18.374661 18.345932 18.296637 18.213900 18.078035 17.859687 17.516219 16.987478 16.191524 15.021953 13.350613 11.043371 8.001573 4.241768 0.000000 
50.000000 46.222276 42.565732 39.139897 36.032858 33.304794 30.985544 29.076148 27.553558 26.377296 25.496724 24.857753 24.408200 24.101443 23.898363 23.767882 23.686490 23.637180 23.608155 23.591550 23.582312 23.577313 23.574680 23.573328 23.572648 23.572305 23.572114 23.571967 23.571776 23.571432 23.570762 23.569448 23.566918 23.562149 23.553354 23.537492 23.509497 23.461129 23.379267 23.243443 23.022342 22.668904 22.113657 21.256032 19.954181 18.016429 15.204533 11.275111 6.111721 0.000000 
50.000000 47.062649 44.219518 41.555770 39.139897 37.018688 35.215347 33.730682 32.546775 31.632155 30.947449 30.450600 30.101036 29.862505 29.704591 29.603130 29.539839 29.501494 29.478923 29.466010 29.458827 29.454939 29.452892 29.451840 29.451310 29.451042 29.450892 29.450771 29.450610 29.450316 29.449741 29.448609 29.446425 29.442296 29.434656 29.420820 29.396282 29.353629 29.280897 29.159078 28.958373 28.632502 28.109989 27.280713 25.975317 23.935364 20.777885 15.984327 9.032501 0.000000 
50.000000 47.989243 46.042984 44.219518 42.565732 41.113656 39.879173 38.862838 38.052384 37.426271 36.957545 36.617419 36.378117 36.214825 36.106720 36.037261 35.993932 35.967682 35.952230 35.943390 35.938472 35.935810 35.934408 35.933688 35.933325 35.933141 35.933036 35.932951 35.932834 35.932619 35.932196 35.931363 35.929752 35.926699 35.921037 35.910751 35.892438 35.860454 35.805584 35.712971 35.558828 35.305134 34.890703 34.215537 33.112083 31.290621 28.235191 23.021492 14.120178 0.000000 
50.000000 48.978234 47.989243 47.062649 46.222276 45.484401 44.857096 44.340642 43.928806 43.610643 43.372457 43.199618 43.078015 42.995035 42.940100 42.904803 42.882785 42.869445 42.861593 42.857101 42.854602 42.853249 42.852537 42.852171 42.851986 42.851892 42.851839 42.851794 42.851732 42.851619 42.851395 42.850953 42.850096 42.848472 42.845454 42.839960 42.830156 42.812980 42.783397 42.733207 42.649091 42.509314 42.277803 41.892748 41.242633 40.110555 38.030147 33.869065 24.489117 0.000000 
50.000000 50.000000 50.000000 50.000000 50.000000 50.000000 50.000000 50.000000 50.000000 50.000000 50.000000 50.000000 50.000000 50.000000 50.000000 50.000000 50.000000 50.000000 50.000000 50.000000 50.000000 50.000000 50.000000 50.000000 50.000000 50.000000 50.000000 50.000000 50.000000 50.000000 50.000000 50.000000 50.000000 50.000000 50.000000 50.000000 50.000000 50.000000 50.000000 50.000000 50.000000 50.000000 50.000000 50.000000 50.000000 50.000000 50.000000 50.000000 50.000000 50.000000 
