50.000000 50.000000 50.000000 50.000000 50.000000 50.000000 50.000000 50.000000 50.000000 50.000000 50.000000 50.000000 50.000000 50.000000 50.000000 50.000000 50.000000 50.000000 50.000000 50.000000 50.000000 50.000000 50.000000 50.000000 50.000000 50.000000 50.000000 50.000000 50.000000 50.000000 50.000000 50.000000 50.000000 50.000000 50.000000 50.000000 50.000000 50.000000 50.000000 50.000000 50.000000 50.000000 50.000000 50.000000 50.000000 50.000000 50.000000 50.000000 50.000000 50.000000 
50.000000 48.995642 48.022952 47.110603 46.281755 45.552368 44.930549 44.416907 44.005733 43.686688 43.446674 43.271571 43.147651 43.062555 43.005835 42.969128 42.946055 42.931963 42.923598 42.918770 42.916059 42.914578 42.913790 42.913381 42.913173 42.913066 42.913004 42.912953 42.912883 42.912757 42.912510 42.912027 42.911102 42.909359 42.906147 42.900344 42.890060 42.872161 42.841523 42.789837 42.703666 42.561150 42.326102 41.936621 41.281139 40.142758 38.055179 33.886196 24.497821 0.000000 
50.000000 48.022952 46.108240 44.312311 42.680752 41.244980 40.020954 39.009872 38.200495 37.572473 37.100019 36.755340 36.511411 36.343906 36.232259 36.160005 36.114588 36.086850 36.070384 36.060880 36.055545 36.052630 36.051079 36.050274 36.049864 36.049653 36.049533 36.049435 36.049302 36.049063 36.048596 36.047687 36.045943 36.042665 36.036634 36.025758 36.006531 35.973170 35.916291 35.820829 35.662772 35.403862 34.982696 34.299099 33.185423 31.351955 28.282866 23.054120 14.136756 0.000000 
50.000000 47.110603 44.312311 41.687618 39.303150 37.204824 35.415960 33.938310 32.755447 31.837628 31.147167 30.643442 30.286961 30.042167 29.879005 29.773413 29.707041 29.666506 29.642443 29.628555 29.620758 29.616498 29.614232 29.613056 29.612457 29.612151 29.611977 29.611839 29.611656 29.611328 29.610692 29.609455 29.607087 29.602647 29.594496 29.579846 29.554043 29.509488 29.433976 29.308219 29.102102 28.769019 28.237192 27.396259 26.076729 24.020174 20.843809 16.029445 9.055424 0.000000 
50.000000 46.281755 42.680752 39.303150 36.234690 33.534460 31.232470 29.330971 27.808822 26.627749 25.739250 25.091052 24.632330 24.317332 24.107379 23.971506 23.886102 23.833943 23.802981 23.785111 23.775078 23.769597 23.766681 23.765169 23.764399 23.764007 23.763787 23.763618 23.763400 23.763016 23.762274 23.760834 23.758086 23.752946 23.743544 23.726712 23.697214 23.646582 23.561413 23.420904 23.193363 22.831344 22.265016 21.393520 20.074852 18.117345 15.282976 11.328797 6.138997 0.000000 
50.000000 45.552368 41.244980 37.204824 33.534460 30.304569 27.551044 25.276578 23.455880 22.043164 20.980412 20.205095 19.656418 19.279651 19.028531 18.866019 18.763870 18.701487 18.664456 18.643083 18.631084 18.624529 18.621042 18.619233 18.618314 18.617847 18.617590 18.617399 18.617164 18.616756 18.615973 18.614461 18.611582 18.606217 18.596442 18.579024 18.548672 18.496932 18.410624 18.269699 18.044397 17.691662 17.150953 16.340020 15.152284 13.459609 11.128095 8.059558 4.271229 0.000000 
50.000000 44.930549 40.020954 35.415960 31.232470 27.551044 24.412594 21.820187 19.744992 18.134817 16.923532 16.039862 15.414512 14.985100 14.698894 14.513678 14.397261 14.326163 14.283961 14.259603 14.245929 14.238459 14.234485 14.232425 14.231379 14.230850 14.230564 14.230360 14.230122 14.229721 14.228957 14.227486 14.224697 14.219520 14.210128 14.193480 14.164648 14.115855 14.035177 13.904831 13.699101 13.382008 12.905117 12.206297 11.211024 9.838949 8.019701 5.721855 2.993928 0.000000 
50.000000 44.416907 39.009872 33.938310 29.330971 25.276578 21.820187 18.965172 16.679777 14.906518 13.572561 12.599408 11.910739 11.437852 11.122674 10.918712 10.790513 10.712221 10.665749 10.638928 10.623871 10.615645 10.611270 10.609002 10.607852 10.607273 10.606965 10.606758 10.606530 10.606157 10.605457 10.604116 10.601583 10.596901 10.588446 10.573539 10.547887 10.504798 10.434174 10.321255 10.145215 9.877826 9.482586 8.915070 8.125625 7.065955 5.701119 4.027177 2.090805 0.000000 
50.000000 44.005733 38.200495 32.755447 27.808822 23.455880 19.744992 16.679777 14.226136 12.322348 10.890211 9.845442 9.106101 8.598425 8.260063 8.041101 7.903476 7.819429 7.769541 7.740749 7.724585 7.715756 7.711060 7.708626 7.707393 7.706775 7.706453 7.706246 7.706037 7.705708 7.705101 7.703944 7.701769 7.697765 7.690570 7.677954 7.656381 7.620411 7.561957 7.469419 7.326808 7.113068 6.801951 6.362984 5.764218 4.977478 3.986428 2.796633 1.444583 0.000000 
50.000000 43.686688 37.572473 31.837628 26.627749 22.043164 18.134817 14.906518 12.322348 10.317296 8.808995 7.708673 6.930026 6.395366 6.039024 5.808429 5.663493 5.574983 5.522447 5.492127 5.475106 5.465808 5.460864 5.458302 5.457005 5.456358 5.456026 5.455824 5.455637 5.455360 5.454858 5.453908 5.452132 5.448875 5.443052 5.432898 5.415641 5.387072 5.341020 5.268790 5.158648 4.995540 4.761303 4.435716 3.998767 3.434386 2.735526 1.909701 0.983023 0.000000 
50.000000 43.446674 37.100019 31.147167 25.739250 20.980412 16.923532 13.572561 10.890211 8.808995 7.243410 6.101308 5.293103 4.738152 4.368290 4.128949 3.978518 3.886653 3.832126 3.800657 3.782992 3.773343 3.768211 3.765553 3.764208 3.763540 3.763202 3.763008 3.762843 3.762618 3.762220 3.761476 3.760090 3.757560 3.753059 3.745250 3.732059 3.710368 3.675667 3.621705 3.540204 3.420792 3.251306 3.018701 2.710712 2.318346 1.838948 1.279190 0.656838 0.000000 
50.000000 43.271571 36.755340 30.643442 25.091052 20.205095 16.039862 12.599408 9.845442 7.708673 6.101308 4.928737 4.098976 3.529229 3.149509 2.903790 2.749352 2.655042 2.599064 2.566758 2.548624 2.538718 2.533450 2.530722 2.529343 2.528659 2.528319 2.528132 2.527989 2.527811 2.527508 2.526949 2.525912 2.524029 2.520693 2.514937 2.505267 2.489467 2.464368 2.425641 2.367652 2.283485 2.165233 2.004686 1.794471 1.529639 1.209466 0.839049 0.430048 0.000000 
50.000000 43.147651 36.511411 30.286961 24.632330 19.656418 15.414512 11.910739 9.106101 6.930026 5.293103 4.098976 3.253967 2.673754 2.287062 2.036833 1.879563 1.783523 1.726519 1.693622 1.675155 1.665068 1.659704 1.656927 1.655524 1.654830 1.654487 1.654307 1.654184 1.654046 1.653823 1.653418 1.652673 1.651326 1.648951 1.644872 1.638056 1.626984 1.609509 1.582736 1.542954 1.485690 1.405941 1.298657 1.159486 0.985748 0.777473 0.538241 0.275490 0.000000 
50.000000 43.062555 36.343906 30.042167 24.317332 19.279651 14.985100 11.437852 8.598425 6.395366 4.738152 3.529229 2.673754 2.086358 1.694881 1.441558 1.282343 1.185117 1.127409 1.094106 1.075412 1.065201 1.059771 1.056960 1.055540 1.054839 1.054497 1.054323 1.054214 1.054108 1.053949 1.053666 1.053150 1.052223 1.050594 1.047809 1.043179 1.035698 1.023961 1.006093 0.979725 0.942044 0.889966 0.820452 0.730979 0.620118 0.488123 0.337376 0.172495 0.000000 
50.000000 43.005835 36.232259 29.879005 24.107379 19.028531 14.698894 11.122674 8.260063 6.039024 4.368290 3.149509 2.287062 1.694881 1.300216 1.044832 0.884323 0.786307 0.728131 0.694558 0.675712 0.665418 0.659945 0.657111 0.655680 0.654975 0.654633 0.654463 0.654367 0.654284 0.654173 0.653982 0.653637 0.653021 0.651943 0.650108 0.647072 0.642190 0.634572 0.623040 0.606126 0.582109 0.549135 0.505414 0.449507 0.380667 0.299160 0.206501 0.105491 0.000000 
50.000000 42.969128 36.160005 29.773413 23.971507 18.866019 14.513678 10.918712 8.041101 5.808429 4.128949 2.903790 2.036833 1.441558 1.044833 0.788116 0.626770 0.528243 0.469764 0.436016 0.417073 0.406725 0.401224 0.398375 0.396938 0.396230 0.395888 0.395722 0.395633 0.395569 0.395492 0.395366 0.395143 0.394748 0.394058 0.392890 0.390964 0.387883 0.383097 0.375890 0.365377 0.350532 0.330267 0.303550 0.269578 0.227962 0.178917 0.123371 0.062981 0.000000 
50.000000 42.946055 36.114588 29.707041 23.886102 18.763871 14.397261 10.790513 7.903476 5.663494 3.978518 2.749353 1.879563 1.282344 0.884324 0.626770 0.464899 0.366051 0.307383 0.273525 0.254520 0.244139 0.238620 0.235762 0.234320 0.233611 0.233269 0.233105 0.233023 0.232970 0.232917 0.232836 0.232696 0.232450 0.232024 0.231304 0.230122 0.228238 0.225325 0.220958 0.214619 0.205712 0.193613 0.177741 0.157654 0.133156 0.104395 0.071923 0.036696 0.000000 
50.000000 42.931964 36.086850 29.666506 23.833944 18.701488 14.326164 10.712223 7.819430 5.574985 3.886654 2.655044 1.783524 1.185118 0.786309 0.528245 0.366052 0.267009 0.208225 0.174300 0.155257 0.144856 0.139326 0.136463 0.135019 0.134308 0.133967 0.133805 0.133726 0.133681 0.133643 0.133592 0.133507 0.133359 0.133103 0.132673 0.131970 0.130853 0.129133 0.126566 0.122855 0.117663 0.110641 0.101468 0.089907 0.075859 0.059420 0.040908 0.020862 0.000000 
50.000000 42.923599 36.070385 29.642445 23.802983 18.664458 14.283964 10.665752 7.769544 5.522451 3.832130 2.599068 1.726523 1.127414 0.728135 0.469768 0.307386 0.208227 0.149374 0.115410 0.096345 0.085931 0.080395 0.077528 0.076082 0.075372 0.075030 0.074869 0.074793 0.074753 0.074725 0.074693 0.074642 0.074555 0.074407 0.074158 0.073752 0.073109 0.072124 0.070657 0.068546 0.065604 0.061640 0.056480 0.050000 0.042151 0.032992 0.022700 0.011572 0.000000 
50.000000 42.918771 36.060883 29.628559 23.785116 18.643089 14.259610 10.638936 7.740757 5.492136 3.800667 2.566768 1.693631 1.094116 0.694568 0.436026 0.273534 0.174309 0.115415 0.081429 0.062351 0.051931 0.046390 0.043522 0.042075 0.041364 0.041023 0.040863 0.040788 0.040751 0.040729 0.040708 0.040679 0.040629 0.040545 0.040405 0.040177 0.039818 0.039269 0.038456 0.037287 0.035665 0.033487 0.030661 0.027122 0.022848 0.017871 0.012290 0.006263 0.000000 
50.000000 42.916063 36.055552 29.620768 23.775091 18.631099 14.245947 10.623890 7.724606 5.475128 3.783015 2.548647 1.675178 1.075435 0.675736 0.417096 0.254543 0.155280 0.096365 0.062365 0.043280 0.032856 0.027314 0.024444 0.022997 0.022285 0.021944 0.021785 0.021711 0.021676 0.021658 0.021643 0.021626 0.021598 0.021552 0.021475 0.021351 0.021156 0.020859 0.020419 0.019790 0.018919 0.017752 0.016244 0.014359 0.012089 0.009450 0.006496 0.003310 0.000000 
50.000000 42.914587 36.052646 29.616522 23.769628 18.624565 14.238500 10.615691 7.715805 5.465860 3.773395 2.538772 1.665123 1.065256 0.665474 0.406781 0.244195 0.144911 0.085984 0.051977 0.032888 0.022462 0.016919 0.014049 0.012601 0.011890 0.011549 0.011389 0.011316 0.011282 0.011266 0.011255 0.011245 0.011229 0.011205 0.011164 0.011098 0.010994 0.010837 0.010605 0.010274 0.009817 0.009207 0.008419 0.007438 0.006259 0.004890 0.003360 0.001712 0.000000 
50.000000 42.913810 36.051116 29.614287 23.766752 18.621126 14.234580 10.611375 7.711172 5.460981 3.768332 2.533574 1.659830 1.059898 0.660073 0.401352 0.238748 0.139453 0.080520 0.046509 0.027419 0.016991 0.011447 0.008577 0.007129 0.006418 0.006077 0.005917 0.005844 0.005811 0.005796 0.005788 0.005781 0.005772 0.005759 0.005737 0.005703 0.005649 0.005566 0.005446 0.005274 0.005037 0.004722 0.004315 0.003811 0.003205 0.002503 0.001719 0.000876 0.000000 
50.000000 42.913424 36.050358 29.613179 23.765327 18.619421 14.232638 10.609236 7.708876 5.458564 3.765823 2.530999 1.657208 1.057243 0.657396 0.398662 0.236049 0.136749 0.077812 0.043800 0.024708 0.014281 0.008736 0.005866 0.004418 0.003707 0.003366 0.003206 0.003133 0.003101 0.003086 0.003079 0.003074 0.003069 0.003061 0.003049 0.003031 0.003001 0.002957 0.002892 0.002800 0.002673 0.002504 0.002288 0.002019 0.001697 0.001325 0.000910 0.000463 0.000000 
50.000000 42.913267 36.050049 29.612727 23.764745 18.618725 14.231845 10.608363 7.707939 5.457577 3.764799 2.529947 1.656137 1.056160 0.656304 0.397564 0.234947 0.135645 0.076707 0.042694 0.023602 0.013174 0.007630 0.004759 0.003311 0.002600 0.002259 0.002099 0.002027 0.001994 0.001980 0.001973 0.001969 0.001965 0.001960 0.001952 0.001940 0.001921 0.001892 0.001850 0.001791 0.001709 0.001601 0.001462 0.001289 0.001083 0.000846 0.000581 0.000296 0.000000 
50.000000 42.913267 36.050049 29.612727 23.764745 18.618725 14.231845 10.608363 7.707939 5.457577 3.764799 2.529947 1.656137 1.056160 0.656304 0.397564 0.234947 0.135645 0.076707 0.042694 0.023602 0.013174 0.007630 0.004759 0.003311 0.002600 0.002259 0.002099 0.002027 0.001994 0.001980 0.001973 0.001969 0.001965 0.001960 0.001952 0.001940 0.001921 0.001892 0.001850 0.001791 0.001709 0.001601 0.001462 0.001289 0.001083 0.000846 0.000581 0.000296 0.000000 
50.000000 42.913424 36.050358 29.613179 23.765327 18.619421 14.232638 10.609236 7.708876 5.458564 3.765823 2.530999 1.657208 1.057243 0.657396 0.398662 0.236049 0.136749 0.077812 0.043800 0.024708 0.014281 0.008736 0.005866 0.004418 0.003707 0.003366 0.003206 0.003133 0.003101 0.003086 0.003079 0.003074 0.003069 0.003061 0.003049 0.003031 0.003001 0.002957 0.002892 0.002800 0.002673 0.002504 0.002288 0.002019 0.001697 0.001325 0.000910 0.000463 0.000000 
50.000000 42.913810 36.051116 29.614287 23.766752 18.621126 14.234580 10.611375 7.711172 5.460981 3.768332 2.533574 1.659830 1.059898 0.660073 0.401352 0.238748 0.139453 0.080520 0.046509 0.027419 0.016991 0.011447 0.008577 0.007129 0.006418 0.006077 0.005917 0.005844 0.005811 0.005796 0.005788 0.005781 0.005772 0.005759 0.005737 0.005703 0.005649 0.005566 0.005446 0.005274 0.005037 0.004722 0.004315 0.003811 0.003205 0.002503 0.001719 0.000876 0.000000 
50.000000 42.914587 36.052646 29.616522 23.769628 18.624565 14.238500 10.615691 7.715805 5.465860 3.773395 2.538772 1.665123 1.065256 0.665474 0.406781 0.244195 0.144911 0.085984 0.051977 0.032888 0.022462 0.016919 0.014049 0.012601 0.011890 0.011549 0.011389 0.011316 0.011282 0.011266 0.011255 0.011245 0.011229 0.011205 0.011164 0.011098 0.010994 0.010837 0.010605 0.010274 0.009817 0.009207 0.008419 0.007438 0.006259 0.004890 0.003360 0.001712 0.000000 
50.000000 42.916063 36.055552 29.620768 23.775091 18.631099 14.245947 10.623890 7.724606 5.475128 3.783015 2.548647 1.675178 1.075435 0.675736 0.417096 0.254543 0.155280 0.096365 0.062365 0.043280 0.032856 0.027314 0.024444 0.022997 0.022285 0.021944 0.021785 0.021711 0.021676 0.021658 0.021643 0.021626 0.021598 0.021552 0.021475 0.021351 0.021156 0.020859 0.020419 0.019790 0.018919 0.017752 0.016244 0.014359 0.012089 0.009450 0.006496 0.003310 0.000000 
50.000000 42.918771 36.060883 29.628559 23.785116 18.643089 14.259610 10.638936 7.740757 5.492136 3.800667 2.566768 1.693631 1.094116 0.694568 0.436026 0.273534 0.174309 0.115415 0.081429 0.062351 0.051931 0.046390 0.043522 0.042075 0.041364 0.041023 0.040863 0.040788 0.040751 0.040729 0.040708 0.040679 0.040629 0.040545 0.040405 0.040177 0.039818 0.039269 0.038456 0.037287 0.035665 0.033487 0.030661 0.027122 0.022848 0.017871 0.012290 0.006263 0.000000 
50.000000 42.923599 36.070385 29.642445 23.802983 18.664458 14.283964 10.665752 7.769544 5.522451 3.832130 2.599068 1.726523 1.127414 0.728135 0.469768 0.307386 0.208227 0.149374 0.115410 0.096345 0.085931 0.080395 0.077528 0.076082 0.075372 0.075030 0.074869 0.074793 0.074753 0.074725 0.074693 0.074642 0.074555 0.074407 0.074158 0.073752 0.073109 0.072124 0.070657 0.068546 0.065604 0.061640 0.056480 0.050000 0.042151 0.032992 0.022700 0.011572 0.000000 
50.000000 42.931964 36.086850 29.666506 23.833944 18.701488 14.326164 10.712223 7.819430 5.574985 3.886654 2.655044 1.783524 1.185118 0.786309 0.528245 0.366052 0.267009 0.208225 0.174300 0.155257 0.144856 0.139326 0.136463 0.135019 0.134308 0.133967 0.133805 0.133726 0.133681 0.133643 0.133592 0.133507 0.133359 0.133103 0.132673 0.131970 0.130853 0.129133 0.126566 0.122855 0.117663 0.110641 0.101468 0.089907 0.075859 0.059420 0.040908 0.020862 0.000000 
50.000000 42.946055 36.114588 29.707041 23.886102 18.763871 14.397261 10.790513 7.903476 5.663494 3.978518 2.749353 1.879563 1.282344 0.884324 0.626770 0.464899 0.366051 0.307383 0.273525 0.254520 0.244139 0.238620 0.235762 0.234320 0.233611 0.233269 0.233105 0.233023 0.232970 0.232917 0.232836 0.232696 0.232450 0.232024 0.231304 0.230122 0.228238 0.225325 0.220958 0.214619 0.205712 0.193613 0.177741 0.157654 0.133156 0.104395 0.071923 0.036696 0.000000 
50.000000 42.969128 36.160005 29.773413 23.971507 18.866019 14.513678 10.918712 8.041101 5.808429 4.128949 2.903790 2.036833 1.441558 1.044833 0.788116 0.626770 0.528243 0.469764 0.436016 0.417073 0.406725 0.401224 0.398375 0.396938 0.396230 0.395888 0.395722 0.395633 0.395569 0.395492 0.395366 0.395143 0.394748 0.394058 0.392890 0.390964 0.387883 0.383097 0.375890 0.365377 0.350532 0.330267 0.303550 0.269578 0.227962 0.178917 0.123371 0.062981 0.000000 
50.000000 43.005835 36.232259 29.879005 24.107379 19.028531 14.698894 11.122674 8.260063 6.039024 4.368290 3.149509 2.287062 1.694881 1.300216 1.044832 0.884323 0.786307 0.728131 0.694558 0.675712 0.665418 0.659945 0.657111 0.655680 0.654975 0.654633 0.654463 0.654367 0.654284 0.654173 0.653982 0.653637 0.653021 0.651943 0.650108 0.647072 0.642190 0.634572 0.623040 0.606126 0.582109 0.549135 0.505414 0.449507 0.380667 0.299160 0.206501 0.105491 0.000000 
50.000000 43.062555 36.343906 30.042167 24.317332 19.279651 14.985100 11.437852 8.598425 6.395366 4.738152 3.529229 2.673754 2.086358 1.694881 1.441558 1.282343 1.185117 1.127409 1.094106 1.075412 1.065201 1.059771 1.056960 1.055540 1.054839 1.054497 1.054323 1.054214 1.054108 1.053949 1.053666 1.053150 1.052223 1.050594 1.047809 1.043179 1.035698 1.023961 1.006093 0.979725 0.942044 0.889966 0.820452 0.730979 0.620118 0.488123 0.337376 0.172495 0.000000 
50.000000 43.147651 36.511411 30.286961 24.632330 19.656418 15.414512 11.910739 9.106101 6.930026 5.293103 4.098976 3.253967 2.673754 2.287062 2.036833 1.879563 1.783523 1.726519 1.693622 1.675155 1.665068 1.659704 1.656927 1.655524 1.654830 1.654487 1.654307 1.654184 1.654046 1.653823 1.653418 1.652673 1.651326 1.648951 1.644872 1.638056 1.626984 1.609509 1.582736 1.542954 1.485690 1.405941 1.298657 1.159486 0.985748 0.777473 0.538241 0.275490 0.000000 
50.000000 43.271571 36.755340 30.643442 25.091052 20.205095 16.039862 12.599408 9.845442 7.708673 6.101308 4.928737 4.098976 3.529229 3.149509 2.903790 2.749352 2.655042 2.599064 2.566758 2.548624 2.538718 2.533450 2.530722 2.529343 2.528659 2.528319 2.528132 2.527989 2.527811 2.527508 2.526949 2.525912 2.524029 2.520693 2.514937 2.505267 2.489467 2.464368 2.425641 2.367652 2.283485 2.165233 2.004686 1.794471 1.529639 1.209466 0.839049 0.430048 0.000000 
50.000000 43.446674 37.100019 31.147167 25.739250 20.980412 16.923532 13.572561 10.890211 8.808995 7.243410 6.101308 5.293103 4.738152 4.368290 4.128949 3.978518 3.886653 3.832126 3.800657 3.782992 3.773343 3.768211 3.765553 3.764208 3.763540 3.763202 3.763008 3.762843 3.762618 3.762220 3.761476 3.760090 3.757560 3.753059 3.745250 3.732059 3.710368 3.675667 3.621705 3.540204 3.420792 3.251306 3.018701 2.710712 2.318346 1.838948 1.279190 0.656838 0.000000 
50.000000 43.686688 37.572473 31.837628 26.627749 22.043164 18.134817 14.906518 12.322348 10.317296 8.808995 7.708673 6.930026 6.395366 6.039024 5.808429 5.663493 5.574983 5.522447 5.492127 5.475106 5.465808 5.460864 5.458302 5.457005 5.456358 5.456026 5.455824 5.455637 5.455360 5.454858 5.453908 5.452132 5.448875 5.443052 5.432898 5.415641 5.387072 5.341020 5.268790 5.158648 4.995540 4.761303 4.435716 3.998767 3.434386 2.735526 1.909701 0.983023 0.000000 
50.000000 44.005733 38.200495 32.755447 27.808822 23.455880 19.744992 16.679777 14.226136 12.322348 10.890211 9.845442 9.106101 8.598425 8.260063 8.041101 7.903476 7.819429 7.769541 7.740749 7.724585 7.715756 7.711060 7.708626 7.707393 7.706775 7.706453 7.706246 7.706037 7.705708 7.705101 7.703944 7.701769 7.697765 7.690570 7.677954 7.656381 7.620411 7.561957 7.469419 7.326808 7.113068 6.801951 6.362984 5.764218 4.977478 3.986428 2.796633 1.444583 0.000000 
50.000000 44.416907 39.009872 33.938310 29.330971 25.276578 21.820187 18.965172 16.679777 14.906518 13.572561 12.599408 11.910739 11.437852 11.122674 10.918712 10.790513 10.712221 10.665749 10.638928 10.623871 10.615645 10.611270 10.609002 10.607852 10.607273 10.606965 10.606758 10.606530 10.606157 10.605457 10.604116 10.601583 10.596901 10.588446 10.573539 10.547887 10.504798 10.434174 10.321255 10.145215 9.877826 9.482586 8.915070 8.125625 7.065955 5.701119 4.027177 2.090805 0.000000 
50.000000 44.930549 40.020954 35.415960 31.232470 27.551044 24.412594 21.820187 19.744992 18.134817 16.923532 16.039862 15.414512 14.985100 14.698894 14.513678 14.397261 14.326163 14.283961 14.259603 14.245929 14.238459 14.234485 14.232425 14.231379 14.230850 14.230564 14.230360 14.230122 14.229721 14.228957 14.227486 14.224697 14.219520 14.210128 14.193480 14.164648 14.115855 14.035177 13.904831 13.699101 13.382008 12.905117 12.206297 11.211024 9.838949 8.019701 5.721855 2.993928 0.000000 
50.000000 45.552368 41.244980 37.204824 33.534460 30.304569 27.551044 25.276578 23.455880 22.043164 20.980412 20.205095 19.656418 19.279651 19.028531 18.866019 18.763870 18.701487 18.664456 18.643083 18.631084 18.624529 18.621042 18.619233 18.618314 18.617847 18.617590 18.617399 18.617164 18.616756 18.615973 18.614461 18.611582 18.606217 18.596442 18.579024 18.548672 18.496932 18.410624 18.269699 18.044397 17.691662 17.150953 16.340020 15.152284 13.459609 11.128095 8.059558 4.271229 0.000000 
50.000000 46.281755 42.680752 39.303150 36.234690 33.534460 31.232470 29.330971 27.808822 26.627749 25.739250 25.091052 24.632330 24.317332 24.107379 23.971506 23.886102 23.833943 23.802981 23.785111 23.775078 23.769597 23.766681 23.765169 23.764399 23.764007 23.763787 23.763618 23.763400 23.763016 23.762274 23.760834 23.758086 23.752946 23.743544 23.726712 23.697214 23.646582 23.561413 23.420904 23.193363 22.831344 22.265016 21.393520 20.074852 18.117345 15.282976 11.328797 6.138997 0.000000 
50.000000 47.110603 44.312311 41.687618 39.303150 37.204824 35.415960 33.938310 32.755447 31.837628 31.147167 30.643442 30.286961 30.042167 29.879005 29.773413 29.707041 29.666506 29.642443 29.628555 29.620758 29.616498 29.614232 29.613056 29.612457 29.612151 29.611977 29.611839 29.611656 29.611328 29.610692 29.609455 29.607087 29.602647 29.594496 29.579846 29.554043 29.509488 29.433976 29.308219 29.102102 28.769019 28.237192 27.396259 26.076729 24.020174 20.843809 16.029445 9.055424 0.000000 
50.000000 48.022952 46.108240 44.312311 42.680752 41.244980 40.020954 39.009872 38.200495 37.572473 37.100019 36.755340 36.511411 36.343906 36.232259 36.160005 36.114588 36.086850 36.070384 36.060880 36.055545 36.052630 36.051079 36.050274 36.049864 36.049653 36.049533 36.049435 36.049302 36.049063 36.048596 36.047687 36.045943 36.042665 36.036634 36.025758 36.006531 35.973170 35.916291 35.820829 35.662772 35.403862 34.982696 34.299099 33.185423 31.351955 28.282866 23.054120 14.136756 0.000000 
50.000000 48.995642 48.022952 47.110603 46.281755 45.552368 44.930549 44.416907 44.005733 43.686688 43.446674 43.271571 43.147651 43.062555 43.005835 42.969128 42.946055 42.931963 42.923598 42.918770 42.916059 42.914578 42.913790 42.913381 42.913173 42.913066 42.913004 42.912953 42.912883 42.912757 42.912510 42.912027 42.911102 42.909359 42.906147 42.900344 42.890060 42.872161 42.841523 42.789837 42.703666 42.561150 42.326102 41.936621 41.281139 40.142758 38.055179 33.886196 24.497821 0.000000 
50.000000 50.000000 50.000000 50.000000 50.000000 50.000000 50.000000 50.000000 50.000000 50.000000 50.000000 50.000000 50.000000 50.000000 50.000000 50.000000 50.000000 50.000000 50.000000 50.000000 50.000000 50.000000 50.000000 50.000000 50.000000 50.000000 50.000000 50.000000 50.000000 50.000000 50.000000 50.000000 50.000000 50.000000 50.000000 50.000000 50.000000 50.000000 50.000000 50.000000 50.000000 50.000000 50.000000 50.000000 50.000000 50.000000 50.000000 50.000000 50.000000 50.000000 
