50.000000 50.000000 50.000000 50.000000 50.000000 50.000000 50.000000 50.000000 50.000000 50.000000 50.000000 50.000000 50.000000 50.000000 50.000000 50.000000 50.000000 50.000000 50.000000 50.000000 50.000000 50.000000 50.000000 50.000000 50.000000 50.000000 50.000000 50.000000 50.000000 50.000000 50.000000 50.000000 50.000000 50.000000 50.000000 50.000000 50.000000 50.000000 50.000000 50.000000 50.000000 50.000000 50.000000 50.000000 50.000000 50.000000 50.000000 50.000000 50.000000 50.000000 
50.000000 43.519983 38.346395 35.006395 33.229744 32.435626 32.131932 32.030984 32.001424 31.993710 31.991899 31.991513 31.991438 31.991425 31.991422 31.991422 31.991422 31.991422 31.991422 31.991422 31.991422 31.991422 31.991422 31.991422 31.991422 31.991422 31.991422 31.991422 31.991422 31.991422 31.991422 31.991422 31.991422 31.991422 31.991422 31.991422 31.991422 31.991421 31.991416 31.991389 31.991239 31.990486 31.986994 31.972091 31.913586 31.701843 30.989994 28.730291 21.759992 0.000000 
50.000000 38.346395 29.043226 23.038362 19.845004 18.418088 17.872579 17.691319 17.638261 17.624421 17.621173 17.620482 17.620347 17.620323 17.620319 17.620318 17.620318 17.620318 17.620318 17.620318 17.620318 17.620318 17.620318 17.620318 17.620318 17.620318 17.620318 17.620318 17.620318 17.620318 17.620318 17.620318 17.620318 17.620318 17.620318 17.620318 17.620318 17.620317 17.620311 17.620275 17.620082 17.619123 17.614749 17.596500 17.527244 17.289310 16.553414 14.521613 9.616105 0.000000 
50.000000 35.006395 23.038362 15.315183 11.209289 9.375283 8.674428 8.441652 8.373546 8.355791 8.351625 8.350739 8.350566 8.350535 8.350530 8.350530 8.350529 8.350529 8.350529 8.350529 8.350529 8.350529 8.350529 8.350529 8.350529 8.350529 8.350529 8.350529 8.350529 8.350529 8.350529 8.350529 8.350529 8.350529 8.350529 8.350529 8.350529 8.350528 8.350524 8.350496 8.350349 8.349626 8.346377 8.333119 8.284312 8.123764 7.657592 6.484949 4.016401 0.000000 
50.000000 33.229744 19.845004 11.209289 6.619466 4.569939 3.786996 3.527053 3.451028 3.431216 3.426570 3.425582 3.425390 3.425356 3.425350 3.425349 3.425349 3.425349 3.425349 3.425349 3.425349 3.425349 3.425349 3.425349 3.425349 3.425349 3.425349 3.425349 3.425349 3.425349 3.425349 3.425349 3.425349 3.425349 3.425349 3.425349 3.425349 3.425348 3.425346 3.425330 3.425248 3.424849 3.423083 3.416004 3.390583 3.309733 3.085525 2.555694 1.527901 0.000000 
50.000000 32.435626 18.418088 9.375283 4.569939 2.424620 1.605273 1.333311 1.253792 1.233075 1.228218 1.227185 1.226984 1.226949 1.226943 1.226942 1.226942 1.226942 1.226942 1.226942 1.226942 1.226942 1.226942 1.226942 1.226942 1.226942 1.226942 1.226942 1.226942 1.226942 1.226942 1.226942 1.226942 1.226942 1.226942 1.226942 1.226942 1.226941 1.226940 1.226933 1.226897 1.226722 1.225958 1.222940 1.212310 1.179355 1.090971 0.890844 0.522040 0.000000 
50.000000 32.131932 17.872579 8.674428 3.786996 1.605273 0.772126 0.495620 0.414783 0.393726 0.388790 0.387741 0.387537 0.387500 0.387494 0.387493 0.387493 0.387493 0.387493 0.387493 0.387493 0.387493 0.387493 0.387493 0.387493 0.387493 0.387493 0.387493 0.387493 0.387493 0.387493 0.387493 0.387493 0.387493 0.387493 0.387493 0.387493 0.387493 0.387493 0.387490 0.387477 0.387414 0.387138 0.386063 0.382333 0.370992 0.341310 0.276079 0.159841 0.000000 
50.000000 32.030984 17.691319 8.441652 3.527053 1.333311 0.495620 0.217622 0.136355 0.115186 0.110225 0.109170 0.108965 0.108928 0.108922 0.108921 0.108921 0.108921 0.108921 0.108921 0.108921 0.108921 0.108921 0.108921 0.108921 0.108921 0.108921 0.108921 0.108921 0.108921 0.108921 0.108921 0.108921 0.108921 0.108921 0.108921 0.108921 0.108921 0.108921 0.108920 0.108916 0.108896 0.108811 0.108482 0.107353 0.103970 0.095275 0.076570 0.043990 0.000000 
50.000000 32.001424 17.638261 8.373546 3.451028 1.253792 0.414783 0.136355 0.054963 0.033762 0.028794 0.027737 0.027532 0.027495 0.027489 0.027488 0.027488 0.027488 0.027488 0.027488 0.027488 0.027488 0.027488 0.027488 0.027488 0.027488 0.027488 0.027488 0.027488 0.027488 0.027488 0.027488 0.027488 0.027488 0.027488 0.027488 0.027488 0.027488 0.027488 0.027488 0.027487 0.027481 0.027458 0.027370 0.027069 0.026179 0.023921 0.019137 0.010938 0.000000 
50.000000 31.993710 17.624421 8.355791 3.431216 1.233075 0.393726 0.115186 0.033762 0.012554 0.007584 0.006527 0.006321 0.006284 0.006278 0.006277 0.006277 0.006277 0.006277 0.006277 0.006277 0.006277 0.006277 0.006277 0.006277 0.006277 0.006277 0.006277 0.006277 0.006277 0.006277 0.006277 0.006277 0.006277 0.006277 0.006277 0.006277 0.006277 0.006277 0.006277 0.006277 0.006276 0.006270 0.006249 0.006178 0.005968 0.005442 0.004339 0.002471 0.000000 
50.000000 31.991899 17.621173 8.351625 3.426570 1.228218 0.388790 0.110225 0.028794 0.007584 0.002613 0.001556 0.001350 0.001313 0.001307 0.001306 0.001306 0.001306 0.001306 0.001306 0.001306 0.001306 0.001306 0.001306 0.001306 0.001306 0.001306 0.001306 0.001306 0.001306 0.001306 0.001306 0.001306 0.001306 0.001306 0.001306 0.001306 0.001306 0.001306 0.001306 0.001306 0.001306 0.001305 0.001300 0.001285 0.001240 0.001129 0.000898 0.000510 0.000000 
50.000000 31.991513 17.620482 8.350739 3.425582 1.227185 0.387741 0.109170 0.027737 0.006527 0.001556 0.000499 0.000293 0.000256 0.000250 0.000249 0.000249 0.000249 0.000249 0.000249 0.000249 0.000249 0.000249 0.000249 0.000249 0.000249 0.000249 0.000249 0.000249 0.000249 0.000249 0.000249 0.000249 0.000249 0.000249 0.000249 0.000249 0.000249 0.000249 0.000249 0.000249 0.000249 0.000249 0.000248 0.000245 0.000236 0.000215 0.000171 0.000097 0.000000 
50.000000 31.991438 17.620347 8.350566 3.425390 1.226984 0.387537 0.108965 0.027532 0.006321 0.001350 0.000293 0.000088 0.000051 0.000045 0.000044 0.000044 0.000044 0.000044 0.000044 0.000044 0.000044 0.000044 0.000044 0.000044 0.000044 0.000044 0.000044 0.000044 0.000044 0.000044 0.000044 0.000044 0.000044 0.000044 0.000044 0.000044 0.000044 0.000044 0.000044 0.000044 0.000044 0.000044 0.000044 0.000043 0.000042 0.000038 0.000030 0.000017 0.000000 
50.000000 31.991425 17.620323 8.350535 3.425356 1.226949 0.387500 0.108928 0.027495 0.006284 0.001313 0.000256 0.000051 0.000014 0.000008 0.000007 0.000007 0.000007 0.000007 0.000007 0.000007 0.000007 0.000007 0.000007 0.000007 0.000007 0.000007 0.000007 0.000007 0.000007 0.000007 0.000007 0.000007 0.000007 0.000007 0.000007 0.000007 0.000007 0.000007 0.000007 0.000007 0.000007 0.000007 0.000007 0.000007 0.000007 0.000006 0.000005 0.000003 0.000000 
50.000000 31.991422 17.620319 8.350530 3.425350 1.226943 0.387494 0.108922 0.027489 0.006278 0.001307 0.000250 0.000045 0.000008 0.000002 0.000001 0.000001 0.000001 0.000001 0.000001 0.000001 0.000001 0.000001 0.000001 0.000001 0.000001 0.000001 0.000001 0.000001 0.000001 0.000001 0.000001 0.000001 0.000001 0.000001 0.000001 0.000001 0.000001 0.000001 0.000001 0.000001 0.000001 0.000001 0.000001 0.000001 0.000001 0.000001 0.000001 0.000000 0.000000 
50.000000 31.991422 17.620318 8.350530 3.425349 1.226942 0.387493 0.108921 0.027488 0.006277 0.001306 0.000249 0.000044 0.000007 0.000001 0.000000 0.000000 0.000000 0.000000 0.000000 0.000000 0.000000 0.000000 0.000000 0.000000 0.000000 0.000000 0.000000 0.000000 0.000000 0.000000 0.000000 0.000000 0.000000 0.000000 0.000000 0.000000 0.000000 0.000000 0.000000 0.000000 0.000000 0.000000 0.000000 0.000000 0.000000 0.000000 0.000000 0.000000 0.000000 
50.000000 31.991422 17.620318 8.350529 3.425349 1.226942 0.387493 0.108921 0.027488 0.006277 0.001306 0.000249 0.000044 0.000007 0.000001 0.000000 0.000000 0.000000 0.000000 0.000000 0.000000 0.000000 0.000000 0.000000 0.000000 0.000000 0.000000 0.000000 0.000000 0.000000 0.000000 0.000000 0.000000 0.000000 0.000000 0.000000 0.000000 0.000000 0.000000 0.000000 0.000000 0.000000 0.000000 0.000000 0.000000 0.000000 0.000000 0.000000 0.000000 0.000000 
50.000000 31.991422 17.620318 8.350529 3.425349 1.226942 0.387493 0.108921 0.027488 0.006277 0.001306 0.000249 0.000044 0.000007 0.000001 0.000000 0.000000 0.000000 0.000000 0.000000 0.000000 0.000000 0.000000 0.000000 0.000000 0.000000 0.000000 0.000000 0.000000 0.000000 0.000000 0.000000 0.000000 0.000000 0.000000 0.000000 0.000000 0.000000 0.000000 0.000000 0.000000 0.000000 0.000000 0.000000 0.000000 0.000000 0.000000 0.000000 0.000000 0.000000 
50.000000 31.991422 17.620318 8.350529 3.425349 1.226942 0.387493 0.108921 0.027488 0.006277 0.001306 0.000249 0.000044 0.000007 0.000001 0.000000 0.000000 0.000000 0.000000 0.000000 0.000000 0.000000 0.000000 0.000000 0.000000 0.000000 0.000000 0.000000 0.000000 0.000000 0.000000 0.000000 0.000000 0.000000 0.000000 0.000000 0.000000 0.000000 0.000000 0.000000 0.000000 0.000000 0.000000 0.000000 0.000000 0.000000 0.000000 0.000000 0.000000 0.000000 
50.000000 31.991422 17.620318 8.350529 3.425349 1.226942 0.387493 0.108921 0.027488 0.006277 0.001306 0.000249 0.000044 0.000007 0.000001 0.000000 0.000000 0.000000 0.000000 0.000000 0.000000 0.000000 0.000000 0.000000 0.000000 0.000000 0.000000 0.000000 0.000000 0.000000 0.000000 0.000000 0.000000 0.000000 0.000000 0.000000 0.000000 0.000000 0.000000 0.000000 0.000000 0.000000 0.000000 0.000000 0.000000 0.000000 0.000000 0.000000 0.000000 0.000000 
50.000000 31.991422 17.620318 8.350529 3.425349 1.226942 0.387493 0.108921 0.027488 0.006277 0.001306 0.000249 0.000044 0.000007 0.000001 0.000000 0.000000 0.000000 0.000000 0.000000 0.000000 0.000000 0.000000 0.000000 0.000000 0.000000 0.000000 0.000000 0.000000 0.000000 0.000000 0.000000 0.000000 0.000000 0.000000 0.000000 0.000000 0.000000 0.000000 0.000000 0.000000 0.000000 0.000000 0.000000 0.000000 0.000000 0.000000 0.000000 0.000000 0.000000 
50.000000 31.991422 17.620318 8.350529 3.425349 1.226942 0.387493 0.108921 0.027488 0.006277 0.001306 0.000249 0.000044 0.000007 0.000001 0.000000 0.000000 0.000000 0.000000 0.000000 0.000000 0.000000 0.000000 0.000000 0.000000 0.000000 0.000000 0.000000 0.000000 0.000000 0.000000 0.000000 0.000000 0.000000 0.000000 0.000000 0.000000 0.000000 0.000000 0.000000 0.000000 0.000000 0.000000 0.000000 0.000000 0.000000 0.000000 0.000000 0.000000 0.000000 
50.000000 31.991422 17.620318 8.350529 3.425349 1.226942 0.387493 0.108921 0.027488 0.006277 0.001306 0.000249 0.000044 0.000007 0.000001 0.000000 0.000000 0.000000 0.000000 0.000000 0.000000 0.000000 0.000000 0.000000 0.000000 0.000000 0.000000 0.000000 0.000000 0.000000 0.000000 0.000000 0.000000 0.000000 0.000000 0.000000 0.000000 0.000000 0.000000 0.000000 0.000000 0.000000 0.000000 0.000000 0.000000 0.000000 0.000000 0.000000 0.000000 0.000000 
50.000000 31.991422 17.620318 8.350529 3.425349 1.226942 0.387493 0.108921 0.027488 0.006277 0.001306 0.000249 0.000044 0.000007 0.000001 0.000000 0.000000 0.000000 0.000000 0.000000 0.000000 0.000000 0.000000 0.000000 0.000000 0.000000 0.000000 0.000000 0.000000 0.000000 0.000000 0.000000 0.000000 0.000000 0.000000 0.000000 0.000000 0.000000 0.000000 0.000000 0.000000 0.000000 0.000000 0.000000 0.000000 0.000000 0.000000 0.000000 0.000000 0.000000 
50.000000 31.991422 17.620318 8.350529 3.425349 1.226942 0.387493 0.108921 0.027488 0.006277 0.001306 0.000249 0.000044 0.000007 0.000001 0.000000 0.000000 0.000000 0.000000 0.000000 0.000000 0.000000 0.000000 0.000000 0.000000 0.000000 0.000000 0.000000 0.000000 0.000000 0.000000 0.000000 0.000000 0.000000 0.000000 0.000000 0.000000 0.000000 0.000000 0.000000 0.000000 0.000000 0.000000 0.000000 0.000000 0.000000 0.000000 0.000000 0.000000 0.000000 
50.000000 31.991422 17.620318 8.350529 3.425349 1.226942 0.387493 0.108921 0.027488 0.006277 0.001306 0.000249 0.000044 0.000007 0.000001 0.000000 0.000000 0.000000 0.000000 0.000000 0.000000 0.000000 0.000000 0.000000 0.000000 0.000000 0.000000 0.000000 0.000000 0.000000 0.000000 0.000000 0.000000 0.000000 0.000000 0.000000 0.000000 0.000000 0.000000 0.000000 0.000000 0.000000 0.000000 0.000000 0.000000 0.000000 0.000000 0.000000 0.000000 0.000000 
50.000000 31.991422 17.620318 8.350529 3.425349 1.226942 0.387493 0.108921 0.027488 0.006277 0.001306 0.000249 0.000044 0.000007 0.000001 0.000000 0.000000 0.000000 0.000000 0.000000 0.000000 0.000000 0.000000 0.000000 0.000000 0.000000 0.000000 0.000000 0.000000 0.000000 0.000000 0.000000 0.000000 0.000000 0.000000 0.000000 0.000000 0.000000 0.000000 0.000000 0.000000 0.000000 0.000000 0.000000 0.000000 0.000000 0.000000 0.000000 0.000000 0.000000 
50.000000 31.991422 17.620318 8.350529 3.425349 1.226942 0.387493 0.108921 0.027488 0.006277 0.001306 0.000249 0.000044 0.000007 0.000001 0.000000 0.000000 0.000000 0.000000 0.000000 0.000000 0.000000 0.000000 0.000000 0.000000 0.000000 0.000000 0.000000 0.000000 0.000000 0.000000 0.000000 0.000000 0.000000 0.000000 0.000000 0.000000 0.000000 0.000000 0.000000 0.000000 0.000000 0.000000 0.000000 0.000000 0.000000 0.000000 0.000000 0.000000 0.000000 
50.000000 31.991422 17.620318 8.350529 3.425349 1.226942 0.387493 0.108921 0.027488 0.006277 0.001306 0.000249 0.000044 0.000007 0.000001 0.000000 0.000000 0.000000 0.000000 0.000000 0.000000 0.000000 0.000000 0.000000 0.000000 0.000000 0.000000 0.000000 0.000000 0.000000 0.000000 0.000000 0.000000 0.000000 0.000000 0.000000 0.000000 0.000000 0.000000 0.000000 0.000000 0.000000 0.000000 0.000000 0.000000 0.000000 0.000000 0.000000 0.000000 0.000000 
50.000000 31.991422 17.620318 8.350529 3.425349 1.226942 0.387493 0.108921 0.027488 0.006277 0.001306 0.000249 0.000044 0.000007 0.000001 0.000000 0.000000 0.000000 0.000000 0.000000 0.000000 0.000000 0.000000 0.000000 0.000000 0.000000 0.000000 0.000000 0.000000 0.000000 0.000000 0.000000 0.000000 0.000000 0.000000 0.000000 0.000000 0.000000 0.000000 0.000000 0.000000 0.000000 0.000000 0.000000 0.000000 0.000000 0.000000 0.000000 0.000000 0.000000 
50.000000 31.991422 17.620318 8.350529 3.425349 1.226942 0.387493 0.108921 0.027488 0.006277 0.001306 0.000249 0.000044 0.000007 0.000001 0.000000 0.000000 0.000000 0.000000 0.000000 0.000000 0.000000 0.000000 0.000000 0.000000 0.000000 0.000000 0.000000 0.000000 0.000000 0.000000 0.000000 0.000000 0.000000 0.000000 0.000000 0.000000 0.000000 0.000000 0.000000 0.000000 0.000000 0.000000 0.000000 0.000000 0.000000 0.000000 0.000000 0.000000 0.000000 
50.000000 31.991422 17.620318 8.350529 3.425349 1.226942 0.387493 0.108921 0.027488 0.006277 0.001306 0.000249 0.000044 0.000007 0.000001 0.000000 0.000000 0.000000 0.000000 0.000000 0.000000 0.000000 0.000000 0.000000 0.000000 0.000000 0.000000 0.000000 0.000000 0.000000 0.000000 0.000000 0.000000 0.000000 0.000000 0.000000 0.000000 0.000000 0.000000 0.000000 0.000000 0.000000 0.000000 0.000000 0.000000 0.000000 0.000000 0.000000 0.000000 0.000000 
50.000000 31.991422 17.620318 8.350529 3.425349 1.226942 0.387493 0.108921 0.027488 0.006277 0.001306 0.000249 0.000044 0.000007 0.000001 0.000000 0.000000 0.000000 0.000000 0.000000 0.000000 0.000000 0.000000 0.000000 0.000000 0.000000 0.000000 0.000000 0.000000 0.000000 0.000000 0.000000 0.000000 0.000000 0.000000 0.000000 0.000000 0.000000 0.000000 0.000000 0.000000 0.000000 0.000000 0.000000 0.000000 0.000000 0.000000 0.000000 0.000000 0.000000 
50.000000 31.991422 17.620318 8.350529 3.425349 1.226942 0.387493 0.108921 0.027488 0.006277 0.001306 0.000249 0.000044 0.000007 0.000001 0.000000 0.000000 0.000000 0.000000 0.000000 0.000000 0.000000 0.000000 0.000000 0.000000 0.000000 0.000000 0.000000 0.000000 0.000000 0.000000 0.000000 0.000000 0.000000 0.000000 0.000000 0.000000 0.000000 0.000000 0.000000 0.000000 0.000000 0.000000 0.000000 0.000000 0.000000 0.000000 0.000000 0.000000 0.000000 
50.000000 31.991422 17.620318 8.350530 3.425349 1.226942 0.387493 0.108921 0.027488 0.006277 0.001306 0.000249 0.000044 0.000007 0.000001 0.000000 0.000000 0.000000 0.000000 0.000000 0.000000 0.000000 0.000000 0.000000 0.000000 0.000000 0.000000 0.000000 0.000000 0.000000 0.000000 0.000000 0.000000 0.000000 0.000000 0.000000 0.000000 0.000000 0.000000 0.000000 0.000000 0.000000 0.000000 0.000000 0.000000 0.000000 0.000000 0.000000 0.000000 0.000000 
50.000000 31.991422 17.620319 8.350530 3.425350 1.226943 0.387494 0.108922 0.027489 0.006278 0.001307 0.000250 0.000045 0.000008 0.000002 0.000001 0.000001 0.000001 0.000001 0.000001 0.000001 0.000001 0.000001 0.000001 0.000001 0.000001 0.000001 0.000001 0.000001 0.000001 0.000001 0.000001 0.000001 0.000001 0.000001 0.000001 0.000001 0.000001 0.000001 0.000001 0.000001 0.000001 0.000001 0.000001 0.000001 0.000001 0.000001 0.000001 0.000000 0.000000 
50.000000 31.991425 17.620323 8.350535 3.425356 1.226949 0.387500 0.108928 0.027495 0.006284 0.001313 0.000256 0.000051 0.000014 0.000008 0.000007 0.000007 0.000007 0.000007 0.000007 0.000007 0.000007 0.000007 0.000007 0.000007 0.000007 0.000007 0.000007 0.000007 0.000007 0.000007 0.000007 0.000007 0.000007 0.000007 0.000007 0.000007 0.000007 0.000007 0.000007 0.000007 0.000007 0.000007 0.000007 0.000007 0.000007 0.000006 0.000005 0.000003 0.000000 
50.000000 31.991438 17.620347 8.350566 3.425390 1.226984 0.387537 0.108965 0.027532 0.006321 0.001350 0.000293 0.000088 0.000051 0.000045 0.000044 0.000044 0.000044 0.000044 0.000044 0.000044 0.000044 0.000044 0.000044 0.000044 0.000044 0.000044 0.000044 0.000044 0.000044 0.000044 0.000044 0.000044 0.000044 0.000044 0.000044 0.000044 0.000044 0.000044 0.000044 0.000044 0.000044 0.000044 0.000044 0.000043 0.000042 0.000038 0.000030 0.000017 0.000000 
50.000000 31.991513 17.620482 8.350739 3.425582 1.227185 0.387741 0.109170 0.027737 0.006527 0.001556 0.000499 0.000293 0.000256 0.000250 0.000249 0.000249 0.000249 0.000249 0.000249 0.000249 0.000249 0.000249 0.000249 0.000249 0.000249 0.000249 0.000249 0.000249 0.000249 0.000249 0.000249 0.000249 0.000249 0.000249 0.000249 0.000249 0.000249 0.000249 0.000249 0.000249 0.000249 0.000249 0.000248 0.000245 0.000236 0.000215 0.000171 0.000097 0.000000 
50.000000 31.991899 17.621173 8.351625 3.426570 1.228218 0.388790 0.110225 0.028794 0.007584 0.002613 0.001556 0.001350 0.001313 0.001307 0.001306 0.001306 0.001306 0.001306 0.001306 0.001306 0.001306 0.001306 0.001306 0.001306 0.001306 0.001306 0.001306 0.001306 0.001306 0.001306 0.001306 0.001306 0.001306 0.001306 0.001306 0.001306 0.001306 0.001306 0.001306 0.001306 0.001306 0.001305 0.001300 0.001285 0.001240 0.001129 0.000898 0.000510 0.000000 
50.000000 31.993710 17.624421 8.355791 3.431216 1.233075 0.393726 0.115186 0.033762 0.012554 0.007584 0.006527 0.006321 0.006284 0.006278 0.006277 0.006277 0.006277 0.006277 0.006277 0.006277 0.006277 0.006277 0.006277 0.006277 0.006277 0.006277 0.006277 0.006277 0.006277 0.006277 0.006277 0.006277 0.006277 0.006277 0.006277 0.006277 0.006277 0.006277 0.006277 0.006277 0.006276 0.006270 0.006249 0.006178 0.005968 0.005442 0.004339 0.002471 0.000000 
50.000000 32.001424 17.638261 8.373546 3.451028 1.253792 0.414783 0.136355 0.054963 0.033762 0.028794 0.027737 0.027532 0.027495 0.027489 0.027488 0.027488 0.027488 0.027488 0.027488 0.027488 0.027488 0.027488 0.027488 0.027488 0.027488 0.027488 0.027488 0.027488 0.027488 0.027488 0.027488 0.027488 0.027488 0.027488 0.027488 0.027488 0.027488 0.027488 0.027488 0.027487 0.027481 0.027458 0.027370 0.027069 0.026179 0.023921 0.019137 0.010938 0.000000 
50.000000 32.030984 17.691319 8.441652 3.527053 1.333311 0.495620 0.217622 0.136355 0.115186 0.110225 0.109170 0.108965 0.108928 0.108922 0.108921 0.108921 0.108921 0.108921 0.108921 0.108921 0.108921 0.108921 0.108921 0.108921 0.108921 0.108921 0.108921 0.108921 0.108921 0.108921 0.108921 0.108921 0.108921 0.108921 0.108921 0.108921 0.108921 0.108921 0.108920 0.108916 0.108896 0.108811 0.108482 0.107353 0.103970 0.095275 0.076570 0.043990 0.000000 
50.000000 32.131932 17.872579 8.674428 3.786996 1.605273 0.772126 0.495620 0.414783 0.393726 0.388790 0.387741 0.387537 0.387500 0.387494 0.387493 0.387493 0.387493 0.387493 0.387493 0.387493 0.387493 0.387493 0.387493 0.387493 0.387493 0.387493 0.387493 0.387493 0.387493 0.387493 0.387493 0.387493 0.387493 0.387493 0.387493 0.387493 0.387493 0.387493 0.387490 0.387477 0.387414 0.387138 0.386063 0.382333 0.370992 0.341310 0.276079 0.159841 0.000000 
50.000000 32.435626 18.418088 9.375283 4.569939 2.424620 1.605273 1.333311 1.253792 1.233075 1.228218 1.227185 1.226984 1.226949 1.226943 1.226942 1.226942 1.226942 1.226942 1.226942 1.226942 1.226942 1.226942 1.226942 1.226942 1.226942 1.226942 1.226942 1.226942 1.226942 1.226942 1.226942 1.226942 1.226942 1.226942 1.226942 1.226942 1.226941 1.226940 1.226933 1.226897 1.226722 1.225958 1.222940 1.212310 1.179355 1.090971 0.890844 0.522040 0.000000 
50.000000 33.229744 19.845004 11.209289 6.619466 4.569939 3.786996 3.527053 3.451028 3.431216 3.426570 3.425582 3.425390 3.425356 3.425350 3.425349 3.425349 3.425349 3.425349 3.425349 3.425349 3.425349 3.425349 3.425349 3.425349 3.425349 3.425349 3.425349 3.425349 3.425349 3.425349 3.425349 3.425349 3.425349 3.425349 3.425349 3.425349 3.425348 3.425346 3.425330 3.425248 3.424849 3.423083 3.416004 3.390583 3.309733 3.085525 2.555694 1.527901 0.000000 
50.000000 35.006395 23.038362 15.315183 11.209289 9.375283 8.674428 8.441652 8.373546 8.355791 8.351625 8.350739 8.350566 8.350535 8.350530 8.350530 8.350529 8.350529 8.350529 8.350529 8.350529 8.350529 8.350529 8.350529 8.350529 8.350529 8.350529 8.350529 8.350529 8.350529 8.350529 8.350529 8.350529 8.350529 8.350529 8.350529 8.350529 8.350528 8.350524 8.350496 8.350349 8.349626 8.346377 8.333119 8.284312 8.123764 7.657592 6.484949 4.016401 0.000000 
50.000000 38.346395 29.043226 23.038362 19.845004 18.418088 17.872579 17.691319 17.638261 17.624421 17.621173 17.620482 17.620347 17.620323 17.620319 17.620318 17.620318 17.620318 17.620318 17.620318 17.620318 17.620318 17.620318 17.620318 17.620318 17.620318 17.620318 17.620318 17.620318 17.620318 17.620318 17.620318 17.620318 17.620318 17.620318 17.620318 17.620318 17.620317 17.620311 17.620275 17.620082 17.619123 17.614749 17.596500 17.527244 17.289310 16.553414 14.521613 9.616105 0.000000 
50.000000 43.519983 38.346395 35.006395 33.229744 32.435626 32.131932 32.030984 32.001424 31.993710 31.991899 31.991513 31.991438 31.991425 31.991422 31.991422 31.991422 31.991422 31.991422 31.991422 31.991422 31.991422 31.991422 31.991422 31.991422 31.991422 31.991422 31.991422 31.991422 31.991422 31.991422 31.991422 31.991422 31.991422 31.991422 31.991422 31.991422 31.991421 31.991416 31.991389 31.991239 31.990486 31.986994 31.972091 31.913586 31.701843 30.989994 28.730291 21.759992 0.000000 
50.000000 50.000000 50.000000 50.000000 50.000000 50.000000 50.000000 50.000000 50.000000 50.000000 50.000000 50.000000 50.000000 50.000000 50.000000 50.000000 50.000000 50.000000 50.000000 50.000000 50.000000 50.000000 50.000000 50.000000 50.000000 50.000000 50.000000 50.000000 50.000000 50.000000 50.000000 50.000000 50.000000 50.000000 50.000000 50.000000 50.000000 50.000000 50.000000 50.000000 50.000000 50.000000 50.000000 50.000000 50.000000 50.000000 50.000000 50.000000 50.000000 50.000000 
