50.000000 50.000000 50.000000 50.000000 50.000000 50.000000 50.000000 50.000000 50.000000 50.000000 50.000000 50.000000 50.000000 50.000000 50.000000 50.000000 50.000000 50.000000 50.000000 50.000000 50.000000 50.000000 50.000000 50.000000 50.000000 50.000000 50.000000 50.000000 50.000000 50.000000 50.000000 50.000000 50.000000 50.000000 50.000000 50.000000 50.000000 50.000000 50.000000 50.000000 50.000000 50.000000 50.000000 50.000000 50.000000 50.000000 50.000000 50.000000 50.000000 50.000000 
50.000000 48.482389 47.037049 45.725938 44.592841 43.659588 42.926724 42.377727 41.985170 41.717059 41.542023 41.432708 41.367344 41.329893 41.309314 41.298459 41.292957 41.290276 41.289019 41.288451 41.288203 41.288099 41.288057 41.288040 41.288034 41.288032 41.288031 41.288029 41.288027 41.288021 41.288005 41.287964 41.287866 41.287632 41.287095 41.285898 41.283312 41.277884 41.266810 41.244815 41.202196 41.121364 40.970592 40.692088 40.177340 39.210703 37.324689 33.383095 24.241195 0.000000 
50.000000 47.037049 44.215200 41.655424 39.443204 37.621163 36.190358 35.118533 34.352138 33.828705 33.486985 33.273572 33.145967 33.072855 33.032680 33.011489 33.000749 32.995516 32.993061 32.991952 32.991469 32.991266 32.991183 32.991151 32.991139 32.991134 32.991132 32.991130 32.991125 32.991114 32.991084 32.991010 32.990829 32.990401 32.989420 32.987239 32.982535 32.972694 32.952697 32.913192 32.837190 32.694465 32.431998 31.957332 31.108555 29.598305 26.908506 22.107600 13.653954 0.000000 
50.000000 45.725938 41.655424 37.962963 34.771866 32.143616 30.079733 28.533680 27.428208 26.673202 26.180309 25.872489 25.688439 25.582988 25.525044 25.494481 25.478993 25.471445 25.467905 25.466306 25.465609 25.465316 25.465197 25.465150 25.465133 25.465126 25.465123 25.465120 25.465114 25.465099 25.465061 25.464964 25.464729 25.464175 25.462908 25.460100 25.454068 25.441508 25.416143 25.366427 25.271761 25.096410 24.779941 24.222427 23.262121 21.643755 18.981481 14.746918 8.401249 0.000000 
50.000000 44.592841 39.443204 34.771866 30.734833 27.409884 24.798933 22.843099 21.444643 20.489553 19.866051 19.476673 19.243862 19.110477 19.037186 18.998529 18.978939 18.969393 18.964916 18.962893 18.962012 18.961642 18.961492 18.961433 18.961410 18.961402 18.961398 18.961395 18.961388 18.961372 18.961330 18.961224 18.960968 18.960366 18.958993 18.955962 18.949485 18.936079 18.909207 18.857033 18.758870 18.579838 18.263203 17.720140 16.817562 15.367417 13.128112 9.844899 5.382138 0.000000 
50.000000 43.659588 37.621163 32.143616 27.409884 23.511164 20.449694 18.156416 16.516711 15.396880 14.665847 14.209326 13.936377 13.780001 13.694079 13.648761 13.625797 13.614606 13.609358 13.606987 13.605955 13.605521 13.605344 13.605275 13.605249 13.605239 13.605235 13.605231 13.605225 13.605209 13.605168 13.605066 13.604818 13.604237 13.602919 13.600022 13.593864 13.581207 13.556044 13.507679 13.417824 13.256502 12.976790 12.508929 11.755582 10.592322 8.881495 6.512608 3.482249 0.000000 
50.000000 42.926724 36.190358 30.079733 24.798933 20.449694 17.034500 14.476296 12.647200 11.398052 10.582619 10.073403 9.768957 9.594541 9.498710 9.448167 9.422556 9.410076 9.404224 9.401580 9.400428 9.399944 9.399748 9.399671 9.399641 9.399630 9.399626 9.399623 9.399617 9.399603 9.399566 9.399476 9.399258 9.398749 9.397597 9.395080 9.389761 9.378905 9.357506 9.316794 9.242089 9.109978 8.885087 8.517250 7.940765 7.078793 5.857306 4.233026 2.234635 0.000000 
50.000000 42.377727 35.118533 28.533680 22.843099 18.156416 14.476296 11.719688 9.748771 8.402795 7.524173 6.975511 6.647490 6.459573 6.356326 6.301875 6.274284 6.260840 6.254536 6.251688 6.250447 6.249926 6.249714 6.249631 6.249600 6.249588 6.249583 6.249580 6.249575 6.249564 6.249534 6.249460 6.249283 6.248871 6.247943 6.245925 6.241688 6.233099 6.216310 6.184685 6.127333 6.027313 5.859844 5.591209 5.179627 4.579896 3.753739 2.686536 1.407134 0.000000 
50.000000 41.985170 34.352138 27.428208 21.444643 16.516711 12.647200 9.748771 7.676487 6.261313 5.337538 4.760694 4.415831 4.218271 4.109730 4.052487 4.023483 4.009351 4.002724 3.999730 3.998427 3.997879 3.997656 3.997569 3.997536 3.997524 3.997519 3.997516 3.997512 3.997503 3.997481 3.997425 3.997291 3.996980 3.996284 3.994777 3.991632 3.985301 3.973025 3.950116 3.909018 3.838244 3.721458 3.537223 3.260209 2.864805 2.331798 1.657673 0.863806 0.000000 
50.000000 41.717059 33.828705 26.673202 20.489553 15.396880 11.398052 8.402795 6.261313 4.798905 3.844315 3.248240 2.891888 2.687750 2.575597 2.516451 2.486484 2.471883 2.465036 2.461943 2.460596 2.460030 2.459800 2.459710 2.459676 2.459663 2.459659 2.459656 2.459653 2.459647 2.459631 2.459591 2.459496 2.459276 2.458786 2.457731 2.455542 2.451163 2.442737 2.427146 2.399453 2.352295 2.275462 2.155963 1.979056 1.730683 1.401441 0.991514 0.514864 0.000000 
50.000000 41.542023 33.486985 26.180309 19.866051 14.665847 10.582619 7.524173 5.337538 3.844315 2.869625 2.261007 1.897162 1.688736 1.574230 1.513844 1.483249 1.468342 1.461352 1.458195 1.456820 1.456242 1.456007 1.455915 1.455880 1.455868 1.455863 1.455861 1.455858 1.455854 1.455843 1.455816 1.455753 1.455607 1.455282 1.454586 1.453148 1.450292 1.444833 1.434812 1.417169 1.387423 1.339487 1.265824 1.158167 1.009018 0.813881 0.573793 0.297209 0.000000 
50.000000 41.432708 33.273572 25.872489 19.476673 14.209326 10.073403 6.975511 4.760694 3.248240 2.261007 1.644565 1.276047 1.064947 0.948973 0.887814 0.856828 0.841731 0.834652 0.831454 0.830062 0.829477 0.829239 0.829146 0.829111 0.829098 0.829093 0.829091 0.829089 0.829086 0.829079 0.829063 0.829022 0.828930 0.828726 0.828292 0.827399 0.825634 0.822282 0.816174 0.805503 0.787669 0.759201 0.715898 0.653282 0.567466 0.456346 0.320876 0.165898 0.000000 
50.000000 41.367344 33.145967 25.688439 19.243862 13.936377 9.768957 6.647490 4.415831 2.891888 1.897162 1.276047 0.904739 0.692043 0.575193 0.513573 0.482353 0.467143 0.460011 0.456789 0.455386 0.454797 0.454558 0.454464 0.454428 0.454415 0.454410 0.454408 0.454407 0.454406 0.454401 0.454391 0.454367 0.454312 0.454191 0.453933 0.453406 0.452370 0.450413 0.446870 0.440724 0.430530 0.414391 0.390052 0.355170 0.307783 0.246931 0.173273 0.089460 0.000000 
50.000000 41.329893 33.072855 25.582988 19.110477 13.780001 9.594541 6.459573 4.218271 2.687750 1.688736 1.064947 0.692043 0.478434 0.361083 0.299200 0.267846 0.252571 0.245409 0.242174 0.240765 0.240173 0.239932 0.239838 0.239802 0.239789 0.239785 0.239783 0.239782 0.239781 0.239778 0.239773 0.239759 0.239727 0.239659 0.239513 0.239217 0.238637 0.237548 0.235588 0.232208 0.226640 0.217885 0.204780 0.186136 0.160993 0.128920 0.090319 0.046581 0.000000 
50.000000 41.309314 33.032680 25.525044 19.037186 13.694079 9.498710 6.356326 4.109730 2.575597 1.574230 0.948973 0.575193 0.361083 0.243458 0.181430 0.150004 0.134693 0.127514 0.124271 0.122859 0.122266 0.122025 0.121931 0.121895 0.121882 0.121877 0.121875 0.121874 0.121874 0.121872 0.121869 0.121862 0.121845 0.121807 0.121729 0.121570 0.121260 0.120681 0.119644 0.117866 0.114953 0.110401 0.103630 0.094057 0.081224 0.064944 0.045441 0.023415 0.000000 
50.000000 41.298459 33.011489 25.494481 18.998529 13.648761 9.448167 6.301875 4.052487 2.516451 1.513844 0.887814 0.513573 0.299200 0.181430 0.119326 0.087861 0.072532 0.065344 0.062097 0.060683 0.060089 0.059848 0.059754 0.059718 0.059705 0.059700 0.059698 0.059698 0.059697 0.059696 0.059695 0.059691 0.059682 0.059663 0.059622 0.059541 0.059383 0.059088 0.058562 0.057665 0.056204 0.053932 0.050570 0.045842 0.039536 0.031573 0.022068 0.011364 0.000000 
50.000000 41.292957 33.000749 25.478993 18.978939 13.625797 9.422556 6.274284 4.023483 2.486484 1.483249 0.856828 0.482353 0.267846 0.150004 0.087861 0.056377 0.041038 0.033846 0.030597 0.029183 0.028588 0.028347 0.028252 0.028217 0.028203 0.028199 0.028197 0.028196 0.028196 0.028196 0.028195 0.028193 0.028189 0.028179 0.028159 0.028119 0.028041 0.027897 0.027642 0.027208 0.026503 0.025413 0.023807 0.021559 0.018574 0.014817 0.010348 0.005326 0.000000 
50.000000 41.290276 32.995516 25.471445 18.969393 13.614606 9.410076 6.260840 4.009351 2.471883 1.468342 0.841731 0.467143 0.252571 0.134693 0.072532 0.041038 0.025695 0.018501 0.015251 0.013836 0.013241 0.013000 0.012905 0.012869 0.012856 0.012852 0.012850 0.012849 0.012849 0.012849 0.012849 0.012848 0.012846 0.012841 0.012832 0.012813 0.012776 0.012709 0.012589 0.012387 0.012060 0.011557 0.010818 0.009788 0.008425 0.006716 0.004687 0.002411 0.000000 
50.000000 41.289019 32.993061 25.467905 18.964916 13.609358 9.404224 6.254536 4.002724 2.465036 1.461352 0.834652 0.460011 0.245409 0.127514 0.065344 0.033846 0.018501 0.011305 0.008055 0.006640 0.006045 0.005804 0.005709 0.005673 0.005660 0.005655 0.005654 0.005653 0.005653 0.005653 0.005653 0.005652 0.005651 0.005649 0.005645 0.005636 0.005620 0.005589 0.005536 0.005445 0.005299 0.005075 0.004748 0.004293 0.003692 0.002941 0.002051 0.001055 0.000000 
50.000000 41.288451 32.991952 25.466306 18.962893 13.606987 9.401580 6.251688 3.999730 2.461943 1.458195 0.831454 0.456789 0.242174 0.124271 0.062097 0.030598 0.015251 0.008055 0.004805 0.003390 0.002795 0.002553 0.002459 0.002423 0.002410 0.002405 0.002403 0.002403 0.002403 0.002403 0.002402 0.002402 0.002402 0.002401 0.002399 0.002395 0.002388 0.002375 0.002352 0.002313 0.002250 0.002154 0.002014 0.001819 0.001564 0.001245 0.000868 0.000446 0.000000 
50.000000 41.288203 32.991469 25.465609 18.962012 13.605955 9.400428 6.250447 3.998427 2.460596 1.456820 0.830062 0.455386 0.240765 0.122859 0.060684 0.029183 0.013836 0.006640 0.003390 0.001974 0.001379 0.001138 0.001043 0.001007 0.000994 0.000990 0.000988 0.000987 0.000987 0.000987 0.000987 0.000987 0.000987 0.000986 0.000986 0.000984 0.000981 0.000976 0.000966 0.000950 0.000923 0.000884 0.000826 0.000746 0.000641 0.000510 0.000355 0.000183 0.000000 
50.000000 41.288099 32.991266 25.465316 18.961642 13.605521 9.399944 6.249926 3.997879 2.460030 1.456242 0.829477 0.454797 0.240173 0.122266 0.060090 0.028589 0.013242 0.006045 0.002795 0.001380 0.000785 0.000543 0.000449 0.000413 0.000400 0.000395 0.000393 0.000393 0.000393 0.000393 0.000392 0.000392 0.000392 0.000392 0.000392 0.000391 0.000390 0.000388 0.000384 0.000377 0.000367 0.000351 0.000328 0.000296 0.000254 0.000202 0.000141 0.000072 0.000000 
50.000000 41.288057 32.991184 25.465197 18.961492 13.605345 9.399748 6.249715 3.997657 2.459801 1.456008 0.829240 0.454558 0.239933 0.122026 0.059849 0.028348 0.013001 0.005805 0.002554 0.001139 0.000544 0.000303 0.000208 0.000172 0.000159 0.000154 0.000152 0.000152 0.000152 0.000152 0.000152 0.000152 0.000152 0.000152 0.000151 0.000151 0.000151 0.000150 0.000148 0.000146 0.000142 0.000135 0.000126 0.000114 0.000098 0.000078 0.000054 0.000028 0.000000 
50.000000 41.288041 32.991152 25.465152 18.961434 13.605277 9.399673 6.249633 3.997571 2.459713 1.455918 0.829148 0.454466 0.239841 0.121933 0.059756 0.028255 0.012908 0.005712 0.002461 0.001046 0.000451 0.000210 0.000115 0.000079 0.000066 0.000061 0.000059 0.000059 0.000059 0.000059 0.000059 0.000059 0.000059 0.000059 0.000059 0.000058 0.000058 0.000058 0.000057 0.000056 0.000055 0.000052 0.000049 0.000044 0.000038 0.000030 0.000021 0.000011 0.000000 
50.000000 41.288035 32.991141 25.465136 18.961415 13.605254 9.399647 6.249606 3.997543 2.459683 1.455887 0.829118 0.454435 0.239810 0.121902 0.059725 0.028224 0.012877 0.005680 0.002430 0.001014 0.000420 0.000178 0.000084 0.000048 0.000035 0.000030 0.000028 0.000028 0.000027 0.000027 0.000027 0.000027 0.000027 0.000027 0.000027 0.000027 0.000027 0.000027 0.000027 0.000026 0.000026 0.000024 0.000023 0.000021 0.000018 0.000014 0.000010 0.000005 0.000000 
50.000000 41.288035 32.991141 25.465136 18.961415 13.605254 9.399647 6.249606 3.997543 2.459683 1.455887 0.829118 0.454435 0.239810 0.121902 0.059725 0.028224 0.012877 0.005680 0.002430 0.001014 0.000420 0.000178 0.000084 0.000048 0.000035 0.000030 0.000028 0.000028 0.000027 0.000027 0.000027 0.000027 0.000027 0.000027 0.000027 0.000027 0.000027 0.000027 0.000027 0.000026 0.000026 0.000024 0.000023 0.000021 0.000018 0.000014 0.000010 0.000005 0.000000 
50.000000 41.288041 32.991152 25.465152 18.961434 13.605277 9.399673 6.249633 3.997571 2.459713 1.455918 0.829148 0.454466 0.239841 0.121933 0.059756 0.028255 0.012908 0.005712 0.002461 0.001046 0.000451 0.000210 0.000115 0.000079 0.000066 0.000061 0.000059 0.000059 0.000059 0.000059 0.000059 0.000059 0.000059 0.000059 0.000059 0.000058 0.000058 0.000058 0.000057 0.000056 0.000055 0.000052 0.000049 0.000044 0.000038 0.000030 0.000021 0.000011 0.000000 
50.000000 41.288057 32.991184 25.465197 18.961492 13.605345 9.399748 6.249715 3.997657 2.459801 1.456008 0.829240 0.454558 0.239933 0.122026 0.059849 0.028348 0.013001 0.005805 0.002554 0.001139 0.000544 0.000303 0.000208 0.000172 0.000159 0.000154 0.000152 0.000152 0.000152 0.000152 0.000152 0.000152 0.000152 0.000152 0.000151 0.000151 0.000151 0.000150 0.000148 0.000146 0.000142 0.000135 0.000126 0.000114 0.000098 0.000078 0.000054 0.000028 0.000000 
50.000000 41.288099 32.991266 25.465316 18.961642 13.605521 9.399944 6.249926 3.997879 2.460030 1.456242 0.829477 0.454797 0.240173 0.122266 0.060090 0.028589 0.013242 0.006045 0.002795 0.001380 0.000785 0.000543 0.000449 0.000413 0.000400 0.000395 0.000393 0.000393 0.000393 0.000393 0.000392 0.000392 0.000392 0.000392 0.000392 0.000391 0.000390 0.000388 0.000384 0.000377 0.000367 0.000351 0.000328 0.000296 0.000254 0.000202 0.000141 0.000072 0.000000 
50.000000 41.288203 32.991469 25.465609 18.962012 13.605955 9.400428 6.250447 3.998427 2.460596 1.456820 0.830062 0.455386 0.240765 0.122859 0.060684 0.029183 0.013836 0.006640 0.003390 0.001974 0.001379 0.001138 0.001043 0.001007 0.000994 0.000990 0.000988 0.000987 0.000987 0.000987 0.000987 0.000987 0.000987 0.000986 0.000986 0.000984 0.000981 0.000976 0.000966 0.000950 0.000923 0.000884 0.000826 0.000746 0.000641 0.000510 0.000355 0.000183 0.000000 
50.000000 41.288451 32.991952 25.466306 18.962893 13.606987 9.401580 6.251688 3.999730 2.461943 1.458195 0.831454 0.456789 0.242174 0.124271 0.062097 0.030598 0.015251 0.008055 0.004805 0.003390 0.002795 0.002553 0.002459 0.002423 0.002410 0.002405 0.002403 0.002403 0.002403 0.002403 0.002402 0.002402 0.002402 0.002401 0.002399 0.002395 0.002388 0.002375 0.002352 0.002313 0.002250 0.002154 0.002014 0.001819 0.001564 0.001245 0.000868 0.000446 0.000000 
50.000000 41.289019 32.993061 25.467905 18.964916 13.609358 9.404224 6.254536 4.002724 2.465036 1.461352 0.834652 0.460011 0.245409 0.127514 0.065344 0.033846 0.018501 0.011305 0.008055 0.006640 0.006045 0.005804 0.005709 0.005673 0.005660 0.005655 0.005654 0.005653 0.005653 0.005653 0.005653 0.005652 0.005651 0.005649 0.005645 0.005636 0.005620 0.005589 0.005536 0.005445 0.005299 0.005075 0.004748 0.004293 0.003692 0.002941 0.002051 0.001055 0.000000 
50.000000 41.290276 32.995516 25.471445 18.969393 13.614606 9.410076 6.260840 4.009351 2.471883 1.468342 0.841731 0.467143 0.252571 0.134693 0.072532 0.041038 0.025695 0.018501 0.015251 0.013836 0.013241 0.013000 0.012905 0.012869 0.012856 0.012852 0.012850 0.012849 0.012849 0.012849 0.012849 0.012848 0.012846 0.012841 0.012832 0.012813 0.012776 0.012709 0.012589 0.012387 0.012060 0.011557 0.010818 0.009788 0.008425 0.006716 0.004687 0.002411 0.000000 
50.000000 41.292957 33.000749 25.478993 18.978939 13.625797 9.422556 6.274284 4.023483 2.486484 1.483249 0.856828 0.482353 0.267846 0.150004 0.087861 0.056377 0.041038 0.033846 0.030597 0.029183 0.028588 0.028347 0.028252 0.028217 0.028203 0.028199 0.028197 0.028196 0.028196 0.028196 0.028195 0.028193 0.028189 0.028179 0.028159 0.028119 0.028041 0.027897 0.027642 0.027208 0.026503 0.025413 0.023807 0.021559 0.018574 0.014817 0.010348 0.005326 0.000000 
50.000000 41.298459 33.011489 25.494481 18.998529 13.648761 9.448167 6.301875 4.052487 2.516451 1.513844 0.887814 0.513573 0.299200 0.181430 0.119326 0.087861 0.072532 0.065344 0.062097 0.060683 0.060089 0.059848 0.059754 0.059718 0.059705 0.059700 0.059698 0.059698 0.059697 0.059696 0.059695 0.059691 0.059682 0.059663 0.059622 0.059541 0.059383 0.059088 0.058562 0.057665 0.056204 0.053932 0.050570 0.045842 0.039536 0.031573 0.022068 0.011364 0.000000 
50.000000 41.309314 33.032680 25.525044 19.037186 13.694079 9.498710 6.356326 4.109730 2.575597 1.574230 0.948973 0.575193 0.361083 0.243458 0.181430 0.150004 0.134693 0.127514 0.124271 0.122859 0.122266 0.122025 0.121931 0.121895 0.121882 0.121877 0.121875 0.121874 0.121874 0.121872 0.121869 0.121862 0.121845 0.121807 0.121729 0.121570 0.121260 0.120681 0.119644 0.117866 0.114953 0.110401 0.103630 0.094057 0.081224 0.064944 0.045441 0.023415 0.000000 
50.000000 41.329893 33.072855 25.582988 19.110477 13.780001 9.594541 6.459573 4.218271 2.687750 1.688736 1.064947 0.692043 0.478434 0.361083 0.299200 0.267846 0.252571 0.245409 0.242174 0.240765 0.240173 0.239932 0.239838 0.239802 0.239789 0.239785 0.239783 0.239782 0.239781 0.239778 0.239773 0.239759 0.239727 0.239659 0.239513 0.239217 0.238637 0.237548 0.235588 0.232208 0.226640 0.217885 0.204780 0.186136 0.160993 0.128920 0.090319 0.046581 0.000000 
50.000000 41.367344 33.145967 25.688439 19.243862 13.936377 9.768957 6.647490 4.415831 2.891888 1.897162 1.276047 0.904739 0.692043 0.575193 0.513573 0.482353 0.467143 0.460011 0.456789 0.455386 0.454797 0.454558 0.454464 0.454428 0.454415 0.454410 0.454408 0.454407 0.454406 0.454401 0.454391 0.454367 0.454312 0.454191 0.453933 0.453406 0.452370 0.450413 0.446870 0.440724 0.430530 0.414391 0.390052 0.355170 0.307783 0.246931 0.173273 0.089460 0.000000 
50.000000 41.432708 33.273572 25.872489 19.476673 14.209326 10.073403 6.975511 4.760694 3.248240 2.261007 1.644565 1.276047 1.064947 0.948973 0.887814 0.856828 0.841731 0.834652 0.831454 0.830062 0.829477 0.829239 0.829146 0.829111 0.829098 0.829093 0.829091 0.829089 0.829086 0.829079 0.829063 0.829022 0.828930 0.828726 0.828292 0.827399 0.825634 0.822282 0.816174 0.805503 0.787669 0.759201 0.715898 0.653282 0.567466 0.456346 0.320876 0.165898 0.000000 
50.000000 41.542023 33.486985 26.180309 19.866051 14.665847 10.582619 7.524173 5.337538 3.844315 2.869625 2.261007 1.897162 1.688736 1.574230 1.513844 1.483249 1.468342 1.461352 1.458195 1.456820 1.456242 1.456007 1.455915 1.455880 1.455868 1.455863 1.455861 1.455858 1.455854 1.455843 1.455816 1.455753 1.455607 1.455282 1.454586 1.453148 1.450292 1.444833 1.434812 1.417169 1.387423 1.339487 1.265824 1.158167 1.009018 0.813881 0.573793 0.297209 0.000000 
50.000000 41.717059 33.828705 26.673202 20.489553 15.396880 11.398052 8.402795 6.261313 4.798905 3.844315 3.248240 2.891888 2.687750 2.575597 2.516451 2.486484 2.471883 2.465036 2.461943 2.460596 2.460030 2.459800 2.459710 2.459676 2.459663 2.459659 2.459656 2.459653 2.459647 2.459631 2.459591 2.459496 2.459276 2.458786 2.457731 2.455542 2.451163 2.442737 2.427146 2.399453 2.352295 2.275462 2.155963 1.979056 1.730683 1.401441 0.991514 0.514864 0.000000 
50.000000 41.985170 34.352138 27.428208 21.444643 16.516711 12.647200 9.748771 7.676487 6.261313 5.337538 4.760694 4.415831 4.218271 4.109730 4.052487 4.023483 4.009351 4.002724 3.999730 3.998427 3.997879 3.997656 3.997569 3.997536 3.997524 3.997519 3.997516 3.997512 3.997503 3.997481 3.997425 3.997291 3.996980 3.996284 3.994777 3.991632 3.985301 3.973025 3.950116 3.909018 3.838244 3.721458 3.537223 3.260209 2.864805 2.331798 1.657673 0.863806 0.000000 
50.000000 42.377727 35.118533 28.533680 22.843099 18.156416 14.476296 11.719688 9.748771 8.402795 7.524173 6.975511 6.647490 6.459573 6.356326 6.301875 6.274284 6.260840 6.254536 6.251688 6.250447 6.249926 6.249714 6.249631 6.249600 6.249588 6.249583 6.249580 6.249575 6.249564 6.249534 6.249460 6.249283 6.248871 6.247943 6.245925 6.241688 6.233099 6.216310 6.184685 6.127333 6.027313 5.859844 5.591209 5.179627 4.579896 3.753739 2.686536 1.407134 0.000000 
50.000000 42.926724 36.190358 30.079733 24.798933 20.449694 17.034500 14.476296 12.647200 11.398052 10.582619 10.073403 9.768957 9.594541 9.498710 9.448167 9.422556 9.410076 9.404224 9.401580 9.400428 9.399944 9.399748 9.399671 9.399641 9.399630 9.399626 9.399623 9.399617 9.399603 9.399566 9.399476 9.399258 9.398749 9.397597 9.395080 9.389761 9.378905 9.357506 9.316794 9.242089 9.109978 8.885087 8.517250 7.940765 7.078793 5.857306 4.233026 2.234635 0.000000 
50.000000 43.659588 37.621163 32.143616 27.409884 23.511164 20.449694 18.156416 16.516711 15.396880 14.665847 14.209326 13.936377 13.780001 13.694079 13.648761 13.625797 13.614606 13.609358 13.606987 13.605955 13.605521 13.605344 13.605275 13.605249 13.605239 13.605235 13.605231 13.605225 13.605209 13.605168 13.605066 13.604818 13.604237 13.602919 13.600022 13.593864 13.581207 13.556044 13.507679 13.417824 13.256502 12.976790 12.508929 11.755582 10.592322 8.881495 6.512608 3.482249 0.000000 
50.000000 44.592841 39.443204 34.771866 30.734833 27.409884 24.798933 22.843099 21.444643 20.489553 19.866051 19.476673 19.243862 19.110477 19.037186 18.998529 18.978939 18.969393 18.964916 18.962893 18.962012 18.961642 18.961492 18.961433 18.961410 18.961402 18.961398 18.961395 18.961388 18.961372 18.961330 18.961224 18.960968 18.960366 18.958993 18.955962 18.949485 18.936079 18.909207 18.857033 18.758870 18.579838 18.263203 17.720140 16.817562 15.367417 13.128112 9.844899 5.382138 0.000000 
50.000000 45.725938 41.655424 37.962963 34.771866 32.143616 30.079733 28.533680 27.428208 26.673202 26.180309 25.872489 25.688439 25.582988 25.525044 25.494481 25.478993 25.471445 25.467905 25.466306 25.465609 25.465316 25.465197 25.465150 25.465133 25.465126 25.465123 25.465120 25.465114 25.465099 25.465061 25.464964 25.464729 25.464175 25.462908 25.460100 25.454068 25.441508 25.416143 25.366427 25.271761 25.096410 24.779941 24.222427 23.262121 21.643755 18.981481 14.746918 8.401249 0.000000 
50.000000 47.037049 44.215200 41.655424 39.443204 37.621163 36.190358 35.118533 34.352138 33.828705 33.486985 33.273572 33.145967 33.072855 33.032680 33.011489 33.000749 32.995516 32.993061 32.991952 32.991469 32.991266 32.991183 32.991151 32.991139 32.991134 32.991132 32.991130 32.991125 32.991114 32.991084 32.991010 32.990829 32.990401 32.989420 32.987239 32.982535 32.972694 32.952697 32.913192 32.837190 32.694465 32.431998 31.957332 31.108555 29.598305 26.908506 22.107600 13.653954 0.000000 
50.000000 48.482389 47.037049 45.725938 44.592841 43.659588 42.926724 42.377727 41.985170 41.717059 41.542023 41.432708 41.367344 41.329893 41.309314 41.298459 41.292957 41.290276 41.289019 41.288451 41.288203 41.288099 41.288057 41.288040 41.288034 41.288032 41.288031 41.288029 41.288027 41.288021 41.288005 41.287964 41.287866 41.287632 41.287095 41.285898 41.283312 41.277884 41.266810 41.244815 41.202196 41.121364 40.970592 40.692088 40.177340 39.210703 37.324689 33.383095 24.241195 0.000000 
50.000000 50.000000 50.000000 50.000000 50.000000 50.000000 50.000000 50.000000 50.000000 50.000000 50.000000 50.000000 50.000000 50.000000 50.000000 50.000000 50.000000 50.000000 50.000000 50.000000 50.000000 50.000000 50.000000 50.000000 50.000000 50.000000 50.000000 50.000000 50.000000 50.000000 50.000000 50.000000 50.000000 50.000000 50.000000 50.000000 50.000000 50.000000 50.000000 50.000000 50.000000 50.000000 50.000000 50.000000 50.000000 50.000000 50.000000 50.000000 50.000000 50.000000 
