50.000000 50.000000 50.000000 50.000000 50.000000 50.000000 50.000000 50.000000 50.000000 50.000000 50.000000 50.000000 50.000000 50.000000 50.000000 50.000000 50.000000 50.000000 50.000000 50.000000 50.000000 50.000000 50.000000 50.000000 50.000000 50.000000 50.000000 50.000000 50.000000 50.000000 50.000000 50.000000 50.000000 50.000000 50.000000 50.000000 50.000000 50.000000 50.000000 50.000000 50.000000 50.000000 50.000000 50.000000 50.000000 50.000000 50.000000 50.000000 50.000000 50.000000 
50.000000 48.735543 47.521268 46.401389 45.409363 44.565142 43.874778 43.332123 42.921967 42.623753 42.415085 42.274498 42.183251 42.126167 42.091727 42.071676 42.060405 42.054283 42.051069 42.049437 42.048635 42.048253 42.048076 42.047997 42.047963 42.047948 42.047940 42.047933 42.047921 42.047895 42.047835 42.047700 42.047408 42.046788 42.045507 42.042927 42.037857 42.028137 42.009923 41.976503 41.916317 41.809543 41.622011 41.293552 40.713748 39.665965 37.683051 33.630726 24.367772 0.000000 
50.000000 47.521268 45.140911 42.945600 41.000926 39.346000 37.992683 36.928923 36.124904 35.540325 35.131280 34.855695 34.676830 34.564935 34.497425 34.458121 34.436027 34.424028 34.417728 34.414528 34.412956 34.412207 34.411862 34.411707 34.411639 34.411610 34.411595 34.411581 34.411559 34.411510 34.411398 34.411148 34.410606 34.409456 34.407083 34.402312 34.392964 34.375097 34.341750 34.280885 34.172040 33.980815 33.649625 33.081577 32.111192 30.449260 27.578336 22.570455 13.890542 0.000000 
50.000000 46.401389 42.945600 39.758469 36.935217 34.532628 32.567919 31.023591 29.856354 29.007695 28.413873 28.013802 27.754144 27.591706 27.493705 27.436650 27.404578 27.387159 27.378015 27.373370 27.371087 27.370001 27.369499 27.369275 27.369177 27.369134 27.369112 27.369094 27.369064 27.368998 27.368849 27.368518 27.367797 27.366274 27.363139 27.356858 27.344596 27.321272 27.278003 27.199645 27.060940 26.820565 26.411966 25.729269 24.605954 22.784275 19.879234 15.367264 8.718338 0.000000 
50.000000 45.409363 41.000926 36.935217 33.333711 30.268844 27.762576 25.792580 24.303626 23.221070 22.463595 21.953273 21.622064 21.414868 21.289866 21.217092 21.176184 21.153968 21.142304 21.136381 21.133470 21.132084 21.131444 21.131158 21.131033 21.130978 21.130952 21.130930 21.130896 21.130821 21.130653 21.130279 21.129469 21.127760 21.124256 21.117263 21.103680 21.077998 21.030711 20.945880 20.797514 20.544364 20.122724 19.437000 18.348667 16.666855 14.150942 10.551666 5.743398 0.000000 
50.000000 44.565142 39.346000 34.532628 30.268844 26.640405 23.673303 21.341100 19.578404 18.296837 17.400124 16.796004 16.403925 16.158655 16.010684 15.924540 15.876118 15.849822 15.836016 15.829005 15.825559 15.823919 15.823162 15.822823 15.822676 15.822612 15.822581 15.822558 15.822522 15.822446 15.822276 15.821898 15.821083 15.819370 15.815870 15.808917 15.795487 15.770269 15.724222 15.642458 15.501263 15.264160 14.877098 14.263409 13.320202 11.920178 9.926675 7.234808 3.851394 0.000000 
50.000000 43.874778 37.992683 32.567919 27.762576 23.673303 20.329389 17.701031 15.714522 14.270249 13.259707 12.578911 12.137074 11.860684 11.693942 11.596872 11.542309 11.512679 11.497123 11.489224 11.485341 11.483493 11.482640 11.482259 11.482092 11.482021 11.481987 11.481964 11.481930 11.481859 11.481700 11.481351 11.480598 11.479023 11.475818 11.469485 11.457327 11.434659 11.393626 11.321519 11.198568 10.995251 10.669512 10.164695 9.409894 8.325577 6.838651 4.911106 2.581226 0.000000 
50.000000 43.332123 36.928923 31.023591 25.792580 21.341100 17.701031 14.839919 12.677521 11.105391 10.005404 9.264362 8.783434 8.482596 8.301108 8.195456 8.136071 8.103823 8.086893 8.078296 8.074071 8.072059 8.071131 8.070716 8.070535 8.070458 8.070423 8.070399 8.070369 8.070307 8.070170 8.069869 8.069223 8.067876 8.065149 8.059787 8.049558 8.030625 7.996646 7.937541 7.837967 7.675648 7.419960 7.031519 6.464002 5.669856 4.611625 3.279298 1.710112 0.000000 
50.000000 42.921967 36.124904 29.856354 24.303626 19.578404 15.714522 12.677521 10.382214 8.713476 7.545911 6.759354 6.248896 5.929592 5.736968 5.624835 5.561809 5.527583 5.509617 5.500493 5.496009 5.493875 5.492890 5.492449 5.492258 5.492176 5.492139 5.492118 5.492092 5.492041 5.491930 5.491686 5.491166 5.490086 5.487908 5.483650 5.475577 5.460741 5.434333 5.388840 5.313053 5.191107 5.001873 4.719270 4.314245 3.759262 3.035788 2.144089 1.112424 0.000000 
50.000000 42.623753 35.540325 29.007695 23.221070 18.296837 14.270249 11.105391 8.713476 6.974521 5.757844 4.938212 4.406298 4.073578 3.872863 3.756024 3.690353 3.654692 3.635972 3.626467 3.621795 3.619571 3.618545 3.618086 3.617887 3.617802 3.617765 3.617744 3.617723 3.617684 3.617598 3.617413 3.617017 3.616199 3.614558 3.611366 3.605348 3.594367 3.574973 3.541860 3.487261 3.400422 3.267424 3.071682 2.795573 2.423556 1.946755 1.368285 0.707436 0.000000 
50.000000 42.415085 35.131280 28.413873 22.463595 17.400124 13.259707 10.005404 7.545911 5.757844 4.506817 3.664057 3.117140 2.775039 2.568670 2.448540 2.381021 2.344357 2.325111 2.315338 2.310535 2.308249 2.307195 2.306723 2.306518 2.306431 2.306394 2.306375 2.306358 2.306328 2.306266 2.306132 2.305847 2.305259 2.304086 2.301816 2.297560 2.289844 2.276316 2.253409 2.215983 2.157070 2.067863 1.938188 1.757666 1.517715 1.214229 0.850395 0.438581 0.000000 
50.000000 42.274498 34.855695 28.013802 21.953273 16.796004 12.578911 9.264362 6.759354 4.938212 3.664057 2.805723 2.248706 1.900292 1.690116 1.567773 1.499010 1.461672 1.442072 1.432120 1.427228 1.424900 1.423827 1.423346 1.423138 1.423049 1.423012 1.422994 1.422981 1.422960 1.422917 1.422824 1.422628 1.422227 1.421429 1.419891 1.417025 1.411858 1.402862 1.387740 1.363240 1.325020 1.267716 1.185285 1.071782 0.922562 0.735799 0.513945 0.264575 0.000000 
50.000000 42.183251 34.676830 27.754144 21.622064 16.403925 12.137074 8.783434 6.248896 4.406298 3.117140 2.248706 1.685139 1.332632 1.119988 0.996209 0.926641 0.888865 0.869036 0.858968 0.854020 0.851664 0.850578 0.850092 0.849881 0.849792 0.849755 0.849738 0.849727 0.849713 0.849684 0.849623 0.849495 0.849233 0.848714 0.847720 0.845876 0.842570 0.836848 0.827296 0.811932 0.788156 0.752809 0.702415 0.633655 0.544066 0.432872 0.301733 0.155114 0.000000 
50.000000 42.126167 34.564935 27.591706 21.414868 16.158655 11.860684 8.482596 5.929592 4.073578 2.775039 1.900292 1.332632 0.977566 0.763381 0.638705 0.568633 0.530585 0.510612 0.500471 0.495488 0.493115 0.492021 0.491532 0.491320 0.491230 0.491193 0.491177 0.491168 0.491158 0.491139 0.491101 0.491021 0.490857 0.490535 0.489919 0.488783 0.486756 0.483268 0.477479 0.468229 0.454015 0.433038 0.403357 0.363167 0.311188 0.247110 0.171970 0.088310 0.000000 
50.000000 42.091727 34.497425 27.493705 21.289866 16.010684 11.693942 8.301108 5.736968 3.872863 2.568670 1.690116 1.119988 0.763381 0.548267 0.423051 0.352676 0.314463 0.294405 0.284220 0.279215 0.276832 0.275734 0.275242 0.275029 0.274939 0.274902 0.274886 0.274879 0.274872 0.274860 0.274837 0.274789 0.274691 0.274499 0.274133 0.273461 0.272268 0.270225 0.266854 0.261498 0.253317 0.241321 0.224457 0.201768 0.172602 0.136848 0.095113 0.048801 0.000000 
50.000000 42.071676 34.458121 27.436650 21.217092 15.924540 11.596872 8.195456 5.624835 3.756024 2.448540 1.567773 0.996209 0.638705 0.423051 0.297522 0.226970 0.188662 0.168553 0.158343 0.153326 0.150937 0.149836 0.149343 0.149129 0.149039 0.149002 0.148987 0.148980 0.148975 0.148968 0.148955 0.148927 0.148871 0.148761 0.148552 0.148170 0.147495 0.146344 0.144454 0.141466 0.136927 0.130307 0.121054 0.108671 0.092835 0.073511 0.051039 0.026169 0.000000 
50.000000 42.060405 34.436027 27.404578 21.176184 15.876118 11.542309 8.136071 5.561809 3.690353 2.381021 1.499010 0.926641 0.568633 0.352676 0.226970 0.156320 0.117958 0.097822 0.087598 0.082573 0.080181 0.079078 0.078585 0.078371 0.078281 0.078244 0.078229 0.078222 0.078219 0.078214 0.078207 0.078191 0.078160 0.078100 0.077985 0.077776 0.077408 0.076783 0.075761 0.074154 0.071723 0.068195 0.063286 0.056749 0.048424 0.038304 0.026571 0.013616 0.000000 
50.000000 42.054283 34.424028 27.387159 21.153968 15.849822 11.512679 8.103823 5.527583 3.654692 2.344357 1.461672 0.888865 0.530585 0.314463 0.188662 0.117958 0.079567 0.059416 0.049184 0.044155 0.041762 0.040658 0.040164 0.039950 0.039860 0.039823 0.039808 0.039802 0.039799 0.039796 0.039792 0.039784 0.039767 0.039735 0.039674 0.039564 0.039371 0.039043 0.038510 0.037675 0.036417 0.034600 0.032081 0.028739 0.024500 0.019362 0.013422 0.006875 0.000000 
50.000000 42.051069 34.417728 27.378015 21.142305 15.836016 11.497123 8.086893 5.509617 3.635972 2.325111 1.442072 0.869036 0.510613 0.294405 0.168554 0.097822 0.059416 0.039256 0.029020 0.023989 0.021595 0.020491 0.019997 0.019783 0.019692 0.019655 0.019641 0.019635 0.019632 0.019630 0.019628 0.019624 0.019615 0.019599 0.019568 0.019512 0.019414 0.019248 0.018979 0.018560 0.017931 0.017024 0.015773 0.014118 0.012026 0.009497 0.006580 0.003369 0.000000 
50.000000 42.049437 34.414529 27.373370 21.136381 15.829006 11.489224 8.078297 5.500494 3.626467 2.315339 1.432120 0.858968 0.500472 0.284220 0.158344 0.087598 0.049184 0.029020 0.018782 0.013751 0.011356 0.010251 0.009757 0.009543 0.009453 0.009416 0.009401 0.009395 0.009393 0.009392 0.009390 0.009388 0.009384 0.009376 0.009361 0.009333 0.009285 0.009204 0.009073 0.008869 0.008564 0.008127 0.007524 0.006730 0.005729 0.004521 0.003131 0.001602 0.000000 
50.000000 42.048635 34.412956 27.371088 21.133470 15.825560 11.485342 8.074072 5.496010 3.621796 2.310537 1.427230 0.854021 0.495489 0.279216 0.153327 0.082574 0.044156 0.023990 0.013751 0.008719 0.006324 0.005220 0.004726 0.004511 0.004421 0.004384 0.004369 0.004364 0.004362 0.004361 0.004360 0.004359 0.004357 0.004353 0.004345 0.004332 0.004309 0.004271 0.004209 0.004113 0.003970 0.003766 0.003484 0.003115 0.002650 0.002090 0.001447 0.000740 0.000000 
50.000000 42.048253 34.412208 27.370002 21.132086 15.823921 11.483496 8.072062 5.493878 3.619574 2.308253 1.424904 0.851668 0.493119 0.276836 0.150941 0.080185 0.041765 0.021598 0.011359 0.006327 0.003932 0.002827 0.002333 0.002118 0.002028 0.001991 0.001976 0.001971 0.001969 0.001968 0.001967 0.001967 0.001966 0.001964 0.001960 0.001954 0.001944 0.001926 0.001898 0.001854 0.001789 0.001696 0.001569 0.001402 0.001192 0.000940 0.000650 0.000333 0.000000 
50.000000 42.048078 34.411864 27.369503 21.131449 15.823168 11.482647 8.071139 5.492898 3.618554 2.307203 1.423835 0.850587 0.492030 0.275743 0.149845 0.079087 0.040667 0.020500 0.010260 0.005228 0.002833 0.001728 0.001234 0.001019 0.000929 0.000892 0.000877 0.000872 0.000870 0.000869 0.000868 0.000868 0.000868 0.000867 0.000865 0.000863 0.000858 0.000850 0.000837 0.000818 0.000789 0.000747 0.000691 0.000617 0.000524 0.000413 0.000286 0.000146 0.000000 
50.000000 42.048001 34.411715 27.369286 21.131172 15.822840 11.482277 8.070737 5.492471 3.618108 2.306746 1.423369 0.850116 0.491555 0.275266 0.149367 0.078609 0.040188 0.020021 0.009781 0.004748 0.002353 0.001248 0.000754 0.000540 0.000450 0.000413 0.000398 0.000392 0.000390 0.000389 0.000389 0.000389 0.000389 0.000388 0.000388 0.000386 0.000384 0.000381 0.000375 0.000366 0.000353 0.000334 0.000309 0.000276 0.000234 0.000185 0.000128 0.000065 0.000000 
50.000000 42.047973 34.411659 27.369205 21.131069 15.822718 11.482140 8.070587 5.492313 3.617944 2.306577 1.423197 0.849941 0.491380 0.275089 0.149190 0.078431 0.040011 0.019843 0.009603 0.004571 0.002176 0.001071 0.000577 0.000363 0.000272 0.000235 0.000221 0.000215 0.000213 0.000212 0.000212 0.000212 0.000211 0.000211 0.000211 0.000210 0.000209 0.000207 0.000204 0.000199 0.000192 0.000182 0.000168 0.000150 0.000127 0.000100 0.000069 0.000035 0.000000 
50.000000 42.047973 34.411659 27.369205 21.131069 15.822718 11.482140 8.070587 5.492313 3.617944 2.306577 1.423197 0.849941 0.491380 0.275089 0.149190 0.078431 0.040011 0.019843 0.009603 0.004571 0.002176 0.001071 0.000577 0.000363 0.000272 0.000235 0.000221 0.000215 0.000213 0.000212 0.000212 0.000212 0.000211 0.000211 0.000211 0.000210 0.000209 0.000207 0.000204 0.000199 0.000192 0.000182 0.000168 0.000150 0.000127 0.000100 0.000069 0.000035 0.000000 
50.000000 42.048001 34.411715 27.369286 21.131172 15.822840 11.482277 8.070737 5.492471 3.618108 2.306746 1.423369 0.850116 0.491555 0.275266 0.149367 0.078609 0.040188 0.020021 0.009781 0.004748 0.002353 0.001248 0.000754 0.000540 0.000450 0.000413 0.000398 0.000392 0.000390 0.000389 0.000389 0.000389 0.000389 0.000388 0.000388 0.000386 0.000384 0.000381 0.000375 0.000366 0.000353 0.000334 0.000309 0.000276 0.000234 0.000185 0.000128 0.000065 0.000000 
50.000000 42.048078 34.411864 27.369503 21.131449 15.823168 11.482647 8.071139 5.492898 3.618554 2.307203 1.423835 0.850587 0.492030 0.275743 0.149845 0.079087 0.040667 0.020500 0.010260 0.005228 0.002833 0.001728 0.001234 0.001019 0.000929 0.000892 0.000877 0.000872 0.000870 0.000869 0.000868 0.000868 0.000868 0.000867 0.000865 0.000863 0.000858 0.000850 0.000837 0.000818 0.000789 0.000747 0.000691 0.000617 0.000524 0.000413 0.000286 0.000146 0.000000 
50.000000 42.048253 34.412208 27.370002 21.132086 15.823921 11.483496 8.072062 5.493878 3.619574 2.308253 1.424904 0.851668 0.493119 0.276836 0.150941 0.080185 0.041765 0.021598 0.011359 0.006327 0.003932 0.002827 0.002333 0.002118 0.002028 0.001991 0.001976 0.001971 0.001969 0.001968 0.001967 0.001967 0.001966 0.001964 0.001960 0.001954 0.001944 0.001926 0.001898 0.001854 0.001789 0.001696 0.001569 0.001402 0.001192 0.000940 0.000650 0.000333 0.000000 
50.000000 42.048635 34.412956 27.371088 21.133470 15.825560 11.485342 8.074072 5.496010 3.621796 2.310537 1.427230 0.854021 0.495489 0.279216 0.153327 0.082574 0.044156 0.023990 0.013751 0.008719 0.006324 0.005220 0.004726 0.004511 0.004421 0.004384 0.004369 0.004364 0.004362 0.004361 0.004360 0.004359 0.004357 0.004353 0.004345 0.004332 0.004309 0.004271 0.004209 0.004113 0.003970 0.003766 0.003484 0.003115 0.002650 0.002090 0.001447 0.000740 0.000000 
50.000000 42.049437 34.414529 27.373370 21.136381 15.829006 11.489224 8.078297 5.500494 3.626467 2.315339 1.432120 0.858968 0.500472 0.284220 0.158344 0.087598 0.049184 0.029020 0.018782 0.013751 0.011356 0.010251 0.009757 0.009543 0.009453 0.009416 0.009401 0.009395 0.009393 0.009392 0.009390 0.009388 0.009384 0.009376 0.009361 0.009333 0.009285 0.009204 0.009073 0.008869 0.008564 0.008127 0.007524 0.006730 0.005729 0.004521 0.003131 0.001602 0.000000 
50.000000 42.051069 34.417728 27.378015 21.142305 15.836016 11.497123 8.086893 5.509617 3.635972 2.325111 1.442072 0.869036 0.510613 0.294405 0.168554 0.097822 0.059416 0.039256 0.029020 0.023989 0.021595 0.020491 0.019997 0.019783 0.019692 0.019655 0.019641 0.019635 0.019632 0.019630 0.019628 0.019624 0.019615 0.019599 0.019568 0.019512 0.019414 0.019248 0.018979 0.018560 0.017931 0.017024 0.015773 0.014118 0.012026 0.009497 0.006580 0.003369 0.000000 
50.000000 42.054283 34.424028 27.387159 21.153968 15.849822 11.512679 8.103823 5.527583 3.654692 2.344357 1.461672 0.888865 0.530585 0.314463 0.188662 0.117958 0.079567 0.059416 0.049184 0.044155 0.041762 0.040658 0.040164 0.039950 0.039860 0.039823 0.039808 0.039802 0.039799 0.039796 0.039792 0.039784 0.039767 0.039735 0.039674 0.039564 0.039371 0.039043 0.038510 0.037675 0.036417 0.034600 0.032081 0.028739 0.024500 0.019362 0.013422 0.006875 0.000000 
50.000000 42.060405 34.436027 27.404578 21.176184 15.876118 11.542309 8.136071 5.561809 3.690353 2.381021 1.499010 0.926641 0.568633 0.352676 0.226970 0.156320 0.117958 0.097822 0.087598 0.082573 0.080181 0.079078 0.078585 0.078371 0.078281 0.078244 0.078229 0.078222 0.078219 0.078214 0.078207 0.078191 0.078160 0.078100 0.077985 0.077776 0.077408 0.076783 0.075761 0.074154 0.071723 0.068195 0.063286 0.056749 0.048424 0.038304 0.026571 0.013616 0.000000 
50.000000 42.071676 34.458121 27.436650 21.217092 15.924540 11.596872 8.195456 5.624835 3.756024 2.448540 1.567773 0.996209 0.638705 0.423051 0.297522 0.226970 0.188662 0.168553 0.158343 0.153326 0.150937 0.149836 0.149343 0.149129 0.149039 0.149002 0.148987 0.148980 0.148975 0.148968 0.148955 0.148927 0.148871 0.148761 0.148552 0.148170 0.147495 0.146344 0.144454 0.141466 0.136927 0.130307 0.121054 0.108671 0.092835 0.073511 0.051039 0.026169 0.000000 
50.000000 42.091727 34.497425 27.493705 21.289866 16.010684 11.693942 8.301108 5.736968 3.872863 2.568670 1.690116 1.119988 0.763381 0.548267 0.423051 0.352676 0.314463 0.294405 0.284220 0.279215 0.276832 0.275734 0.275242 0.275029 0.274939 0.274902 0.274886 0.274879 0.274872 0.274860 0.274837 0.274789 0.274691 0.274499 0.274133 0.273461 0.272268 0.270225 0.266854 0.261498 0.253317 0.241321 0.224457 0.201768 0.172602 0.136848 0.095113 0.048801 0.000000 
50.000000 42.126167 34.564935 27.591706 21.414868 16.158655 11.860684 8.482596 5.929592 4.073578 2.775039 1.900292 1.332632 0.977566 0.763381 0.638705 0.568633 0.530585 0.510612 0.500471 0.495488 0.493115 0.492021 0.491532 0.491320 0.491230 0.491193 0.491177 0.491168 0.491158 0.491139 0.491101 0.491021 0.490857 0.490535 0.489919 0.488783 0.486756 0.483268 0.477479 0.468229 0.454015 0.433038 0.403357 0.363167 0.311188 0.247110 0.171970 0.088310 0.000000 
50.000000 42.183251 34.676830 27.754144 21.622064 16.403925 12.137074 8.783434 6.248896 4.406298 3.117140 2.248706 1.685139 1.332632 1.119988 0.996209 0.926641 0.888865 0.869036 0.858968 0.854020 0.851664 0.850578 0.850092 0.849881 0.849792 0.849755 0.849738 0.849727 0.849713 0.849684 0.849623 0.849495 0.849233 0.848714 0.847720 0.845876 0.842570 0.836848 0.827296 0.811932 0.788156 0.752809 0.702415 0.633655 0.544066 0.432872 0.301733 0.155114 0.000000 
50.000000 42.274498 34.855695 28.013802 21.953273 16.796004 12.578911 9.264362 6.759354 4.938212 3.664057 2.805723 2.248706 1.900292 1.690116 1.567773 1.499010 1.461672 1.442072 1.432120 1.427228 1.424900 1.423827 1.423346 1.423138 1.423049 1.423012 1.422994 1.422981 1.422960 1.422917 1.422824 1.422628 1.422227 1.421429 1.419891 1.417025 1.411858 1.402862 1.387740 1.363240 1.325020 1.267716 1.185285 1.071782 0.922562 0.735799 0.513945 0.264575 0.000000 
50.000000 42.415085 35.131280 28.413873 22.463595 17.400124 13.259707 10.005404 7.545911 5.757844 4.506817 3.664057 3.117140 2.775039 2.568670 2.448540 2.381021 2.344357 2.325111 2.315338 2.310535 2.308249 2.307195 2.306723 2.306518 2.306431 2.306394 2.306375 2.306358 2.306328 2.306266 2.306132 2.305847 2.305259 2.304086 2.301816 2.297560 2.289844 2.276316 2.253409 2.215983 2.157070 2.067863 1.938188 1.757666 1.517715 1.214229 0.850395 0.438581 0.000000 
50.000000 42.623753 35.540325 29.007695 23.221070 18.296837 14.270249 11.105391 8.713476 6.974521 5.757844 4.938212 4.406298 4.073578 3.872863 3.756024 3.690353 3.654692 3.635972 3.626467 3.621795 3.619571 3.618545 3.618086 3.617887 3.617802 3.617765 3.617744 3.617723 3.617684 3.617598 3.617413 3.617017 3.616199 3.614558 3.611366 3.605348 3.594367 3.574973 3.541860 3.487261 3.400422 3.267424 3.071682 2.795573 2.423556 1.946755 1.368285 0.707436 0.000000 
50.000000 42.921967 36.124904 29.856354 24.303626 19.578404 15.714522 12.677521 10.382214 8.713476 7.545911 6.759354 6.248896 5.929592 5.736968 5.624835 5.561809 5.527583 5.509617 5.500493 5.496009 5.493875 5.492890 5.492449 5.492258 5.492176 5.492139 5.492118 5.492092 5.492041 5.491930 5.491686 5.491166 5.490086 5.487908 5.483650 5.475577 5.460741 5.434333 5.388840 5.313053 5.191107 5.001873 4.719270 4.314245 3.759262 3.035788 2.144089 1.112424 0.000000 
50.000000 43.332123 36.928923 31.023591 25.792580 21.341100 17.701031 14.839919 12.677521 11.105391 10.005404 9.264362 8.783434 8.482596 8.301108 8.195456 8.136071 8.103823 8.086893 8.078296 8.074071 8.072059 8.071131 8.070716 8.070535 8.070458 8.070423 8.070399 8.070369 8.070307 8.070170 8.069869 8.069223 8.067876 8.065149 8.059787 8.049558 8.030625 7.996646 7.937541 7.837967 7.675648 7.419960 7.031519 6.464002 5.669856 4.611625 3.279298 1.710112 0.000000 
50.000000 43.874778 37.992683 32.567919 27.762576 23.673303 20.329389 17.701031 15.714522 14.270249 13.259707 12.578911 12.137074 11.860684 11.693942 11.596872 11.542309 11.512679 11.497123 11.489224 11.485341 11.483493 11.482640 11.482259 11.482092 11.482021 11.481987 11.481964 11.481930 11.481859 11.481700 11.481351 11.480598 11.479023 11.475818 11.469485 11.457327 11.434659 11.393626 11.321519 11.198568 10.995251 10.669512 10.164695 9.409894 8.325577 6.838651 4.911106 2.581226 0.000000 
50.000000 44.565142 39.346000 34.532628 30.268844 26.640405 23.673303 21.341100 19.578404 18.296837 17.400124 16.796004 16.403925 16.158655 16.010684 15.924540 15.876118 15.849822 15.836016 15.829005 15.825559 15.823919 15.823162 15.822823 15.822676 15.822612 15.822581 15.822558 15.822522 15.822446 15.822276 15.821898 15.821083 15.819370 15.815870 15.808917 15.795487 15.770269 15.724222 15.642458 15.501263 15.264160 14.877098 14.263409 13.320202 11.920178 9.926675 7.234808 3.851394 0.000000 
50.000000 45.409363 41.000926 36.935217 33.333711 30.268844 27.762576 25.792580 24.303626 23.221070 22.463595 21.953273 21.622064 21.414868 21.289866 21.217092 21.176184 21.153968 21.142304 21.136381 21.133470 21.132084 21.131444 21.131158 21.131033 21.130978 21.130952 21.130930 21.130896 21.130821 21.130653 21.130279 21.129469 21.127760 21.124256 21.117263 21.103680 21.077998 21.030711 20.945880 20.797514 20.544364 20.122724 19.437000 18.348667 16.666855 14.150942 10.551666 5.743398 0.000000 
50.000000 46.401389 42.945600 39.758469 36.935217 34.532628 32.567919 31.023591 29.856354 29.007695 28.413873 28.013802 27.754144 27.591706 27.493705 27.436650 27.404578 27.387159 27.378015 27.373370 27.371087 27.370001 27.369499 27.369275 27.369177 27.369134 27.369112 27.369094 27.369064 27.368998 27.368849 27.368518 27.367797 27.366274 27.363139 27.356858 27.344596 27.321272 27.278003 27.199645 27.060940 26.820565 26.411966 25.729269 24.605954 22.784275 19.879234 15.367264 8.718338 0.000000 
50.000000 47.521268 45.140911 42.945600 41.000926 39.346000 37.992683 36.928923 36.124904 35.540325 35.131280 34.855695 34.676830 34.564935 34.497425 34.458121 34.436027 34.424028 34.417728 34.414528 34.412956 34.412207 34.411862 34.411707 34.411639 34.411610 34.411595 34.411581 34.411559 34.411510 34.411398 34.411148 34.410606 34.409456 34.407083 34.402312 34.392964 34.375097 34.341750 34.280885 34.172040 33.980815 33.649625 33.081577 32.111192 30.449260 27.578336 22.570455 13.890542 0.000000 
50.000000 48.735543 47.521268 46.401389 45.409363 44.565142 43.874778 43.332123 42.921967 42.623753 42.415085 42.274498 42.183251 42.126167 42.091727 42.071676 42.060405 42.054283 42.051069 42.049437 42.048635 42.048253 42.048076 42.047997 42.047963 42.047948 42.047940 42.047933 42.047921 42.047895 42.047835 42.047700 42.047408 42.046788 42.045507 42.042927 42.037857 42.028137 42.009923 41.976503 41.916317 41.809543 41.622011 41.293552 40.713748 39.665965 37.683051 33.630726 24.367772 0.000000 
50.000000 50.000000 50.000000 50.000000 50.000000 50.000000 50.000000 50.000000 50.000000 50.000000 50.000000 50.000000 50.000000 50.000000 50.000000 50.000000 50.000000 50.000000 50.000000 50.000000 50.000000 50.000000 50.000000 50.000000 50.000000 50.000000 50.000000 50.000000 50.000000 50.000000 50.000000 50.000000 50.000000 50.000000 50.000000 50.000000 50.000000 50.000000 50.000000 50.000000 50.000000 50.000000 50.000000 50.000000 50.000000 50.000000 50.000000 50.000000 50.000000 50.000000 
