50.000000 50.000000 50.000000 50.000000 50.000000 50.000000 50.000000 50.000000 50.000000 50.000000 50.000000 50.000000 50.000000 50.000000 50.000000 50.000000 50.000000 50.000000 50.000000 50.000000 50.000000 50.000000 50.000000 50.000000 50.000000 50.000000 50.000000 50.000000 50.000000 50.000000 50.000000 50.000000 50.000000 50.000000 50.000000 50.000000 50.000000 50.000000 50.000000 50.000000 50.000000 50.000000 50.000000 50.000000 50.000000 50.000000 50.000000 50.000000 50.000000 50.000000 
50.000000 48.815521 47.675080 46.617806 45.673928 44.862354 44.190133 43.653622 43.240902 42.934784 42.715786 42.564608 42.463865 42.399028 42.358707 42.334467 42.320373 42.312442 42.308120 42.305840 42.304673 42.304094 42.303815 42.303685 42.303625 42.303598 42.303583 42.303571 42.303550 42.303508 42.303416 42.303218 42.302803 42.301954 42.300259 42.296955 42.290664 42.278951 42.257597 42.219407 42.152227 42.035572 41.834588 41.488490 40.886420 39.811585 37.797049 33.709167 24.407760 0.000000 
50.000000 47.675080 45.436599 43.361364 41.508705 39.915740 38.596300 37.543238 36.733154 36.132311 35.702466 35.405740 35.208006 35.080747 35.001609 34.954033 34.926369 34.910802 34.902321 34.897845 34.895555 34.894419 34.893872 34.893616 34.893499 34.893445 34.893417 34.893393 34.893355 34.893275 34.893103 34.892734 34.891960 34.890378 34.887225 34.881091 34.869441 34.847818 34.808554 34.738698 34.616672 34.406824 34.050281 33.448988 32.436638 30.723720 27.793196 22.718299 13.965912 0.000000 
50.000000 46.617806 43.361364 40.342410 37.647256 35.329898 33.410460 31.878537 30.700091 29.826036 29.200740 28.769096 28.481456 28.296337 28.181218 28.112013 28.071773 28.049130 28.036793 28.030282 28.026952 28.025299 28.024503 28.024131 28.023961 28.023883 28.023843 28.023809 28.023758 28.023651 28.023420 28.022925 28.021890 28.019781 28.015586 28.007452 27.992063 27.963635 27.912328 27.821751 27.665137 27.399457 26.956406 26.228536 25.048196 23.157234 20.171205 15.568168 8.820757 0.000000 
50.000000 45.673928 41.508705 37.647256 34.199980 31.235944 28.780884 26.821488 25.314216 24.196281 23.396521 22.844449 22.476563 22.239802 22.092572 22.004063 21.952599 21.923641 21.907864 21.899538 21.895278 21.893165 21.892147 21.891671 21.891454 21.891355 21.891304 21.891264 21.891204 21.891082 21.890818 21.890255 21.889080 21.886691 21.881956 21.872813 21.855598 21.823989 21.767368 21.668349 21.499187 21.216651 20.755003 20.016819 18.862261 17.099990 14.490022 10.784985 5.862343 0.000000 
50.000000 44.862354 39.915740 35.329898 31.235944 27.715900 24.800326 22.473410 20.683438 19.355839 18.406099 17.750504 17.313640 17.032489 16.857658 16.752559 16.691449 16.657064 16.638331 16.628445 16.623387 16.620878 16.619670 16.619105 16.618847 16.618730 16.618672 16.618628 16.618565 16.618439 16.618169 16.617593 16.616396 16.613970 16.609182 16.599978 16.582747 16.551326 16.495507 16.398889 16.235923 15.968054 15.539106 14.870493 13.857950 12.373683 10.281703 7.479102 3.975934 0.000000 
50.000000 44.190133 38.596300 33.410460 28.780884 24.800326 21.503342 18.872046 16.847950 15.346721 14.272782 13.531465 13.037485 12.719582 12.521900 12.403066 12.333972 12.295095 12.273915 12.262738 12.257020 12.254183 12.252817 12.252179 12.251888 12.251756 12.251692 12.251646 12.251586 12.251466 12.251211 12.250670 12.249548 12.247284 12.242835 12.234326 12.218493 12.189829 12.139349 12.052884 11.908885 11.675825 11.309590 10.751671 9.929833 8.764065 7.181924 5.147312 2.701643 0.000000 
50.000000 43.653622 37.543238 31.878537 26.821488 22.473410 18.872046 15.997852 13.786931 12.147156 10.974120 10.164409 9.624863 9.277641 9.061732 8.931943 8.856481 8.814022 8.790891 8.778684 8.772439 8.769342 8.767851 8.767153 8.766836 8.766693 8.766624 8.766580 8.766524 8.766418 8.766193 8.765719 8.764739 8.762770 8.758917 8.751588 8.738036 8.713681 8.671159 8.599069 8.480459 8.291240 7.998926 7.562457 6.934304 6.066485 4.922131 3.492957 1.819035 0.000000 
50.000000 43.240902 36.733154 30.700091 25.314216 20.683438 16.847950 13.786931 11.432321 9.685995 8.436752 7.574449 6.999867 6.630104 6.400182 6.261972 6.181615 6.136402 6.111772 6.098774 6.092125 6.088827 6.087239 6.086497 6.086159 6.086008 6.085937 6.085894 6.085845 6.085756 6.085570 6.085179 6.084375 6.082764 6.079627 6.073692 6.062785 6.043325 6.009634 5.953068 5.861048 5.716161 5.495691 5.172126 4.715385 4.097565 3.300633 2.326330 1.205330 0.000000 
50.000000 42.934784 36.132311 29.826036 24.196281 19.355839 15.346721 12.147156 9.685995 7.860663 6.554917 5.653624 5.053068 4.666597 4.426289 4.281837 4.197854 4.150602 4.124861 4.111277 4.104328 4.100881 4.099222 4.098447 4.098094 4.097937 4.097864 4.097824 4.097783 4.097712 4.097566 4.097261 4.096635 4.095388 4.092972 4.088424 4.080117 4.065398 4.040117 3.998054 3.930332 3.824948 3.666697 3.437836 3.119916 2.697094 2.160899 1.515639 0.782557 0.000000 
50.000000 42.715786 35.702466 29.200740 23.396521 18.406099 14.272782 10.974120 8.436752 6.554917 5.208765 4.279592 3.660466 3.262049 3.014317 2.865405 2.778829 2.730120 2.703585 2.689582 2.682420 2.678867 2.677157 2.676358 2.675994 2.675833 2.675760 2.675722 2.675688 2.675634 2.675525 2.675298 2.674837 2.673919 2.672150 2.668837 2.662821 2.652231 2.634175 2.604383 2.556863 2.483684 2.375051 2.219898 2.007210 1.728172 1.378989 0.963769 0.496379 0.000000 
50.000000 42.564608 35.405740 28.769096 22.844449 17.750504 13.531465 10.164409 7.574449 5.653624 4.279592 3.331182 2.699246 2.292589 2.039737 1.887749 1.799385 1.749671 1.722589 1.708298 1.700988 1.697362 1.695617 1.694802 1.694431 1.694267 1.694194 1.694157 1.694130 1.694090 1.694012 1.693852 1.693527 1.692883 1.691647 1.689345 1.685187 1.677911 1.665591 1.645417 1.613507 1.564816 1.493250 1.392116 1.254998 1.077081 0.856768 0.597186 0.307011 0.000000 
50.000000 42.463865 35.208006 28.481456 22.476563 17.313640 13.037485 9.624863 6.999867 5.053068 3.660466 2.699246 2.058779 1.646636 1.390374 1.236339 1.146786 1.096403 1.068957 1.054474 1.047066 1.043392 1.041623 1.040797 1.040421 1.040255 1.040182 1.040148 1.040125 1.040096 1.040043 1.039934 1.039715 1.039284 1.038458 1.036927 1.034176 1.029390 1.021335 1.008235 0.987670 0.956542 0.911182 0.847656 0.762314 0.652574 0.517821 0.360188 0.184914 0.000000 
50.000000 42.399028 35.080747 28.296337 22.239802 17.032489 12.719582 9.277641 6.630104 4.666597 3.262049 2.292589 1.646636 1.230966 0.972512 0.817160 0.726843 0.676030 0.648350 0.633744 0.626273 0.622567 0.620784 0.619950 0.619572 0.619405 0.619332 0.619299 0.619280 0.619259 0.619224 0.619153 0.619012 0.618734 0.618206 0.617229 0.615483 0.612460 0.607403 0.599228 0.586480 0.567319 0.539606 0.501089 0.449742 0.384204 0.304274 0.211305 0.108364 0.000000 
50.000000 42.358707 35.001609 28.181218 22.092572 16.857658 12.521900 9.061732 6.400182 4.426289 3.014317 2.039737 1.390374 0.972512 0.712697 0.556528 0.465735 0.414655 0.386831 0.372148 0.364638 0.360913 0.359120 0.358282 0.357902 0.357734 0.357661 0.357629 0.357613 0.357598 0.357576 0.357532 0.357444 0.357272 0.356947 0.356348 0.355283 0.353447 0.350391 0.345480 0.337865 0.326490 0.310144 0.287574 0.257680 0.219759 0.173766 0.120517 0.061752 0.000000 
50.000000 42.334467 34.954033 28.112013 22.004063 16.752559 12.403066 8.931943 6.261972 4.281837 2.865405 1.887749 1.236339 0.817160 0.556528 0.399867 0.308790 0.257550 0.229639 0.214910 0.207376 0.203640 0.201841 0.201001 0.200620 0.200451 0.200379 0.200347 0.200332 0.200322 0.200307 0.200281 0.200228 0.200126 0.199934 0.199581 0.198955 0.197881 0.196101 0.193255 0.188866 0.182345 0.173026 0.160231 0.143377 0.122106 0.096427 0.066808 0.034208 0.000000 
50.000000 42.320373 34.926369 28.071773 21.952599 16.691449 12.333972 8.856481 6.181615 4.197854 2.778829 1.799385 1.146786 0.726843 0.465735 0.308790 0.217548 0.166215 0.138252 0.123497 0.115950 0.112207 0.110405 0.109563 0.109181 0.109012 0.108940 0.108909 0.108895 0.108887 0.108878 0.108862 0.108832 0.108774 0.108664 0.108463 0.108108 0.107502 0.106502 0.104910 0.102465 0.098851 0.093711 0.086688 0.077479 0.065908 0.051992 0.035991 0.018419 0.000000 
50.000000 42.312442 34.910803 28.049130 21.923641 16.657064 12.295095 8.814022 6.136403 4.150602 2.730120 1.749671 1.096403 0.676030 0.414656 0.257550 0.166215 0.114830 0.086839 0.072069 0.064514 0.060767 0.058963 0.058121 0.057738 0.057570 0.057497 0.057467 0.057453 0.057447 0.057441 0.057432 0.057415 0.057383 0.057322 0.057212 0.057018 0.056688 0.056145 0.055283 0.053967 0.052028 0.049283 0.045547 0.040669 0.034561 0.027240 0.018843 0.009639 0.000000 
50.000000 42.308120 34.902322 28.036794 21.907865 16.638332 12.273916 8.790891 6.111773 4.124861 2.703586 1.722590 1.068958 0.648351 0.386831 0.229639 0.138253 0.086839 0.058833 0.044055 0.036496 0.032747 0.030942 0.030099 0.029717 0.029548 0.029475 0.029445 0.029432 0.029426 0.029422 0.029417 0.029408 0.029391 0.029359 0.029300 0.029198 0.029024 0.028738 0.028288 0.027601 0.026594 0.025173 0.023246 0.020739 0.017610 0.013869 0.009588 0.004903 0.000000 
50.000000 42.305840 34.897846 28.030283 21.899538 16.628446 12.262738 8.778685 6.098775 4.111278 2.689583 1.708299 1.054475 0.633745 0.372149 0.214911 0.123498 0.072070 0.044056 0.029273 0.021712 0.017961 0.016156 0.015313 0.014930 0.014762 0.014689 0.014659 0.014646 0.014641 0.014638 0.014635 0.014630 0.014621 0.014605 0.014575 0.014522 0.014433 0.014288 0.014060 0.013713 0.013206 0.012492 0.011528 0.010278 0.008721 0.006864 0.004743 0.002424 0.000000 
50.000000 42.304673 34.895556 28.026953 21.895280 16.623389 12.257022 8.772442 6.092128 4.104331 2.682423 1.700991 1.047069 0.626276 0.364641 0.207379 0.115953 0.064517 0.036499 0.021714 0.014152 0.010401 0.008595 0.007752 0.007369 0.007200 0.007128 0.007098 0.007085 0.007080 0.007078 0.007076 0.007073 0.007069 0.007061 0.007046 0.007020 0.006976 0.006904 0.006792 0.006622 0.006374 0.006027 0.005558 0.004952 0.004199 0.003303 0.002282 0.001166 0.000000 
50.000000 42.304095 34.894422 28.025303 21.893169 16.620883 12.254189 8.769348 6.088834 4.100889 2.678875 1.697370 1.043399 0.622575 0.360921 0.203647 0.112214 0.060774 0.032754 0.017968 0.010406 0.006654 0.004849 0.004006 0.003623 0.003454 0.003381 0.003351 0.003339 0.003334 0.003332 0.003331 0.003329 0.003327 0.003323 0.003316 0.003303 0.003282 0.003248 0.003194 0.003113 0.002996 0.002831 0.002610 0.002324 0.001969 0.001549 0.001069 0.000546 0.000000 
50.000000 42.303818 34.893878 28.024512 21.892159 16.619684 12.252833 8.767867 6.087257 4.099241 2.677176 1.695637 1.041643 0.620804 0.359140 0.201861 0.110425 0.058983 0.030962 0.016175 0.008613 0.004861 0.003056 0.002212 0.001830 0.001661 0.001588 0.001558 0.001546 0.001541 0.001539 0.001538 0.001537 0.001536 0.001534 0.001531 0.001525 0.001515 0.001499 0.001474 0.001436 0.001381 0.001305 0.001202 0.001070 0.000906 0.000712 0.000492 0.000251 0.000000 
50.000000 42.303693 34.893632 28.024154 21.891701 16.619140 12.252218 8.767196 6.086542 4.098494 2.676406 1.694851 1.040846 0.620000 0.358332 0.201051 0.109613 0.058171 0.030149 0.015362 0.007799 0.004048 0.002243 0.001399 0.001016 0.000847 0.000775 0.000745 0.000732 0.000728 0.000726 0.000725 0.000724 0.000724 0.000723 0.000721 0.000718 0.000714 0.000706 0.000694 0.000676 0.000650 0.000614 0.000565 0.000503 0.000426 0.000334 0.000231 0.000118 0.000000 
50.000000 42.303645 34.893538 28.024017 21.891526 16.618932 12.251983 8.766939 6.086269 4.098208 2.676112 1.694550 1.040542 0.619694 0.358024 0.200742 0.109304 0.057861 0.029839 0.015052 0.007489 0.003738 0.001932 0.001089 0.000706 0.000537 0.000464 0.000434 0.000422 0.000417 0.000415 0.000414 0.000414 0.000414 0.000413 0.000412 0.000411 0.000408 0.000403 0.000396 0.000386 0.000371 0.000350 0.000322 0.000287 0.000243 0.000191 0.000131 0.000067 0.000000 
50.000000 42.303645 34.893538 28.024017 21.891526 16.618932 12.251983 8.766939 6.086269 4.098208 2.676112 1.694550 1.040542 0.619694 0.358024 0.200742 0.109304 0.057861 0.029839 0.015052 0.007489 0.003738 0.001932 0.001089 0.000706 0.000537 0.000464 0.000434 0.000422 0.000417 0.000415 0.000414 0.000414 0.000414 0.000413 0.000412 0.000411 0.000408 0.000403 0.000396 0.000386 0.000371 0.000350 0.000322 0.000287 0.000243 0.000191 0.000131 0.000067 0.000000 
50.000000 42.303693 34.893632 28.024154 21.891701 16.619140 12.252218 8.767196 6.086542 4.098494 2.676406 1.694851 1.040846 0.620000 0.358332 0.201051 0.109613 0.058171 0.030149 0.015362 0.007799 0.004048 0.002243 0.001399 0.001016 0.000847 0.000775 0.000745 0.000732 0.000728 0.000726 0.000725 0.000724 0.000724 0.000723 0.000721 0.000718 0.000714 0.000706 0.000694 0.000676 0.000650 0.000614 0.000565 0.000503 0.000426 0.000334 0.000231 0.000118 0.000000 
50.000000 42.303818 34.893878 28.024512 21.892159 16.619684 12.252833 8.767867 6.087257 4.099241 2.677176 1.695637 1.041643 0.620804 0.359140 0.201861 0.110425 0.058983 0.030962 0.016175 0.008613 0.004861 0.003056 0.002212 0.001830 0.001661 0.001588 0.001558 0.001546 0.001541 0.001539 0.001538 0.001537 0.001536 0.001534 0.001531 0.001525 0.001515 0.001499 0.001474 0.001436 0.001381 0.001305 0.001202 0.001070 0.000906 0.000712 0.000492 0.000251 0.000000 
50.000000 42.304095 34.894422 28.025303 21.893169 16.620883 12.254189 8.769348 6.088834 4.100889 2.678875 1.697370 1.043399 0.622575 0.360921 0.203647 0.112214 0.060774 0.032754 0.017968 0.010406 0.006654 0.004849 0.004006 0.003623 0.003454 0.003381 0.003351 0.003339 0.003334 0.003332 0.003331 0.003329 0.003327 0.003323 0.003316 0.003303 0.003282 0.003248 0.003194 0.003113 0.002996 0.002831 0.002610 0.002324 0.001969 0.001549 0.001069 0.000546 0.000000 
50.000000 42.304673 34.895556 28.026953 21.895280 16.623389 12.257022 8.772442 6.092128 4.104331 2.682423 1.700991 1.047069 0.626276 0.364641 0.207379 0.115953 0.064517 0.036499 0.021714 0.014152 0.010401 0.008595 0.007752 0.007369 0.007200 0.007128 0.007098 0.007085 0.007080 0.007078 0.007076 0.007073 0.007069 0.007061 0.007046 0.007020 0.006976 0.006904 0.006792 0.006622 0.006374 0.006027 0.005558 0.004952 0.004199 0.003303 0.002282 0.001166 0.000000 
50.000000 42.305840 34.897846 28.030283 21.899538 16.628446 12.262738 8.778685 6.098775 4.111278 2.689583 1.708299 1.054475 0.633745 0.372149 0.214911 0.123498 0.072070 0.044056 0.029273 0.021712 0.017961 0.016156 0.015313 0.014930 0.014762 0.014689 0.014659 0.014646 0.014641 0.014638 0.014635 0.014630 0.014621 0.014605 0.014575 0.014522 0.014433 0.014288 0.014060 0.013713 0.013206 0.012492 0.011528 0.010278 0.008721 0.006864 0.004743 0.002424 0.000000 
50.000000 42.308120 34.902322 28.036794 21.907865 16.638332 12.273916 8.790891 6.111773 4.124861 2.703586 1.722590 1.068958 0.648351 0.386831 0.229639 0.138253 0.086839 0.058833 0.044055 0.036496 0.032747 0.030942 0.030099 0.029717 0.029548 0.029475 0.029445 0.029432 0.029426 0.029422 0.029417 0.029408 0.029391 0.029359 0.029300 0.029198 0.029024 0.028738 0.028288 0.027601 0.026594 0.025173 0.023246 0.020739 0.017610 0.013869 0.009588 0.004903 0.000000 
50.000000 42.312442 34.910803 28.049130 21.923641 16.657064 12.295095 8.814022 6.136403 4.150602 2.730120 1.749671 1.096403 0.676030 0.414656 0.257550 0.166215 0.114830 0.086839 0.072069 0.064514 0.060767 0.058963 0.058121 0.057738 0.057570 0.057497 0.057467 0.057453 0.057447 0.057441 0.057432 0.057415 0.057383 0.057322 0.057212 0.057018 0.056688 0.056145 0.055283 0.053967 0.052028 0.049283 0.045547 0.040669 0.034561 0.027240 0.018843 0.009639 0.000000 
50.000000 42.320373 34.926369 28.071773 21.952599 16.691449 12.333972 8.856481 6.181615 4.197854 2.778829 1.799385 1.146786 0.726843 0.465735 0.308790 0.217548 0.166215 0.138252 0.123497 0.115950 0.112207 0.110405 0.109563 0.109181 0.109012 0.108940 0.108909 0.108895 0.108887 0.108878 0.108862 0.108832 0.108774 0.108664 0.108463 0.108108 0.107502 0.106502 0.104910 0.102465 0.098851 0.093711 0.086688 0.077479 0.065908 0.051992 0.035991 0.018419 0.000000 
50.000000 42.334467 34.954033 28.112013 22.004063 16.752559 12.403066 8.931943 6.261972 4.281837 2.865405 1.887749 1.236339 0.817160 0.556528 0.399867 0.308790 0.257550 0.229639 0.214910 0.207376 0.203640 0.201841 0.201001 0.200620 0.200451 0.200379 0.200347 0.200332 0.200322 0.200307 0.200281 0.200228 0.200126 0.199934 0.199581 0.198955 0.197881 0.196101 0.193255 0.188866 0.182345 0.173026 0.160231 0.143377 0.122106 0.096427 0.066808 0.034208 0.000000 
50.000000 42.358707 35.001609 28.181218 22.092572 16.857658 12.521900 9.061732 6.400182 4.426289 3.014317 2.039737 1.390374 0.972512 0.712697 0.556528 0.465735 0.414655 0.386831 0.372148 0.364638 0.360913 0.359120 0.358282 0.357902 0.357734 0.357661 0.357629 0.357613 0.357598 0.357576 0.357532 0.357444 0.357272 0.356947 0.356348 0.355283 0.353447 0.350391 0.345480 0.337865 0.326490 0.310144 0.287574 0.257680 0.219759 0.173766 0.120517 0.061752 0.000000 
50.000000 42.399028 35.080747 28.296337 22.239802 17.032489 12.719582 9.277641 6.630104 4.666597 3.262049 2.292589 1.646636 1.230966 0.972512 0.817160 0.726843 0.676030 0.648350 0.633744 0.626273 0.622567 0.620784 0.619950 0.619572 0.619405 0.619332 0.619299 0.619280 0.619259 0.619224 0.619153 0.619012 0.618734 0.618206 0.617229 0.615483 0.612460 0.607403 0.599228 0.586480 0.567319 0.539606 0.501089 0.449742 0.384204 0.304274 0.211305 0.108364 0.000000 
50.000000 42.463865 35.208006 28.481456 22.476563 17.313640 13.037485 9.624863 6.999867 5.053068 3.660466 2.699246 2.058779 1.646636 1.390374 1.236339 1.146786 1.096403 1.068957 1.054474 1.047066 1.043392 1.041623 1.040797 1.040421 1.040255 1.040182 1.040148 1.040125 1.040096 1.040043 1.039934 1.039715 1.039284 1.038458 1.036927 1.034176 1.029390 1.021335 1.008235 0.987670 0.956542 0.911182 0.847656 0.762314 0.652574 0.517821 0.360188 0.184914 0.000000 
50.000000 42.564608 35.405740 28.769096 22.844449 17.750504 13.531465 10.164409 7.574449 5.653624 4.279592 3.331182 2.699246 2.292589 2.039737 1.887749 1.799385 1.749671 1.722589 1.708298 1.700988 1.697362 1.695617 1.694802 1.694431 1.694267 1.694194 1.694157 1.694130 1.694090 1.694012 1.693852 1.693527 1.692883 1.691647 1.689345 1.685187 1.677911 1.665591 1.645417 1.613507 1.564816 1.493250 1.392116 1.254998 1.077081 0.856768 0.597186 0.307011 0.000000 
50.000000 42.715786 35.702466 29.200740 23.396521 18.406099 14.272782 10.974120 8.436752 6.554917 5.208765 4.279592 3.660466 3.262049 3.014317 2.865405 2.778829 2.730120 2.703585 2.689582 2.682420 2.678867 2.677157 2.676358 2.675994 2.675833 2.675760 2.675722 2.675688 2.675634 2.675525 2.675298 2.674837 2.673919 2.672150 2.668837 2.662821 2.652231 2.634175 2.604383 2.556863 2.483684 2.375051 2.219898 2.007210 1.728172 1.378989 0.963769 0.496379 0.000000 
50.000000 42.934784 36.132311 29.826036 24.196281 19.355839 15.346721 12.147156 9.685995 7.860663 6.554917 5.653624 5.053068 4.666597 4.426289 4.281837 4.197854 4.150602 4.124861 4.111277 4.104328 4.100881 4.099222 4.098447 4.098094 4.097937 4.097864 4.097824 4.097783 4.097712 4.097566 4.097261 4.096635 4.095388 4.092972 4.088424 4.080117 4.065398 4.040117 3.998054 3.930332 3.824948 3.666697 3.437836 3.119916 2.697094 2.160899 1.515639 0.782557 0.000000 
50.000000 43.240902 36.733154 30.700091 25.314216 20.683438 16.847950 13.786931 11.432321 9.685995 8.436752 7.574449 6.999867 6.630104 6.400182 6.261972 6.181615 6.136402 6.111772 6.098774 6.092125 6.088827 6.087239 6.086497 6.086159 6.086008 6.085937 6.085894 6.085845 6.085756 6.085570 6.085179 6.084375 6.082764 6.079627 6.073692 6.062785 6.043325 6.009634 5.953068 5.861048 5.716161 5.495691 5.172126 4.715385 4.097565 3.300633 2.326330 1.205330 0.000000 
50.000000 43.653622 37.543238 31.878537 26.821488 22.473410 18.872046 15.997852 13.786931 12.147156 10.974120 10.164409 9.624863 9.277641 9.061732 8.931943 8.856481 8.814022 8.790891 8.778684 8.772439 8.769342 8.767851 8.767153 8.766836 8.766693 8.766624 8.766580 8.766524 8.766418 8.766193 8.765719 8.764739 8.762770 8.758917 8.751588 8.738036 8.713681 8.671159 8.599069 8.480459 8.291240 7.998926 7.562457 6.934304 6.066485 4.922131 3.492957 1.819035 0.000000 
50.000000 44.190133 38.596300 33.410460 28.780884 24.800326 21.503342 18.872046 16.847950 15.346721 14.272782 13.531465 13.037485 12.719582 12.521900 12.403066 12.333972 12.295095 12.273915 12.262738 12.257020 12.254183 12.252817 12.252179 12.251888 12.251756 12.251692 12.251646 12.251586 12.251466 12.251211 12.250670 12.249548 12.247284 12.242835 12.234326 12.218493 12.189829 12.139349 12.052884 11.908885 11.675825 11.309590 10.751671 9.929833 8.764065 7.181924 5.147312 2.701643 0.000000 
50.000000 44.862354 39.915740 35.329898 31.235944 27.715900 24.800326 22.473410 20.683438 19.355839 18.406099 17.750504 17.313640 17.032489 16.857658 16.752559 16.691449 16.657064 16.638331 16.628445 16.623387 16.620878 16.619670 16.619105 16.618847 16.618730 16.618672 16.618628 16.618565 16.618439 16.618169 16.617593 16.616396 16.613970 16.609182 16.599978 16.582747 16.551326 16.495507 16.398889 16.235923 15.968054 15.539106 14.870493 13.857950 12.373683 10.281703 7.479102 3.975934 0.000000 
50.000000 45.673928 41.508705 37.647256 34.199980 31.235944 28.780884 26.821488 25.314216 24.196281 23.396521 22.844449 22.476563 22.239802 22.092572 22.004063 21.952599 21.923641 21.907864 21.899538 21.895278 21.893165 21.892147 21.891671 21.891454 21.891355 21.891304 21.891264 21.891204 21.891082 21.890818 21.890255 21.889080 21.886691 21.881956 21.872813 21.855598 21.823989 21.767368 21.668349 21.499187 21.216651 20.755003 20.016819 18.862261 17.099990 14.490022 10.784985 5.862343 0.000000 
50.000000 46.617806 43.361364 40.342410 37.647256 35.329898 33.410460 31.878537 30.700091 29.826036 29.200740 28.769096 28.481456 28.296337 28.181218 28.112013 28.071773 28.049130 28.036793 28.030282 28.026952 28.025299 28.024503 28.024131 28.023961 28.023883 28.023843 28.023809 28.023758 28.023651 28.023420 28.022925 28.021890 28.019781 28.015586 28.007452 27.992063 27.963635 27.912328 27.821751 27.665137 27.399457 26.956406 26.228536 25.048196 23.157234 20.171205 15.568168 8.820757 0.000000 
50.000000 47.675080 45.436599 43.361364 41.508705 39.915740 38.596300 37.543238 36.733154 36.132311 35.702466 35.405740 35.208006 35.080747 35.001609 34.954033 34.926369 34.910802 34.902321 34.897845 34.895555 34.894419 34.893872 34.893616 34.893499 34.893445 34.893417 34.893393 34.893355 34.893275 34.893103 34.892734 34.891960 34.890378 34.887225 34.881091 34.869441 34.847818 34.808554 34.738698 34.616672 34.406824 34.050281 33.448988 32.436638 30.723720 27.793196 22.718299 13.965912 0.000000 
50.000000 48.815521 47.675080 46.617806 45.673928 44.862354 44.190133 43.653622 43.240902 42.934784 42.715786 42.564608 42.463865 42.399028 42.358707 42.334467 42.320373 42.312442 42.308120 42.305840 42.304673 42.304094 42.303815 42.303685 42.303625 42.303598 42.303583 42.303571 42.303550 42.303508 42.303416 42.303218 42.302803 42.301954 42.300259 42.296955 42.290664 42.278951 42.257597 42.219407 42.152227 42.035572 41.834588 41.488490 40.886420 39.811585 37.797049 33.709167 24.407760 0.000000 
50.000000 50.000000 50.000000 50.000000 50.000000 50.000000 50.000000 50.000000 50.000000 50.000000 50.000000 50.000000 50.000000 50.000000 50.000000 50.000000 50.000000 50.000000 50.000000 50.000000 50.000000 50.000000 50.000000 50.000000 50.000000 50.000000 50.000000 50.000000 50.000000 50.000000 50.000000 50.000000 50.000000 50.000000 50.000000 50.000000 50.000000 50.000000 50.000000 50.000000 50.000000 50.000000 50.000000 50.000000 50.000000 50.000000 50.000000 50.000000 50.000000 50.000000 
