50.000000 50.000000 50.000000 50.000000 50.000000 50.000000 50.000000 50.000000 50.000000 50.000000 50.000000 50.000000 50.000000 50.000000 50.000000 50.000000 50.000000 50.000000 50.000000 50.000000 50.000000 50.000000 50.000000 50.000000 50.000000 50.000000 50.000000 50.000000 50.000000 50.000000 50.000000 50.000000 50.000000 50.000000 50.000000 50.000000 50.000000 50.000000 50.000000 50.000000 50.000000 50.000000 50.000000 50.000000 50.000000 50.000000 50.000000 50.000000 50.000000 50.000000 
50.000000 48.513565 47.096463 45.808340 44.691711 43.768309 43.039554 42.490397 42.095046 41.822951 41.643803 41.530881 41.462684 41.423192 41.401243 41.389527 41.383515 41.380547 41.379136 41.378489 41.378203 41.378081 41.378031 41.378011 41.378003 41.378000 41.377999 41.377997 41.377994 41.377987 41.377968 41.377921 41.377809 41.377546 41.376949 41.375635 41.372828 41.367000 41.355231 41.332082 41.287623 41.203986 41.049123 40.764918 40.242582 39.266308 37.368618 33.413536 24.256782 0.000000 
50.000000 47.096463 44.328363 41.812208 39.631049 37.827335 36.403840 35.331166 34.558927 34.027449 33.677525 33.456961 33.323757 33.246619 33.203750 33.180867 33.169125 33.163327 33.160571 33.159308 33.158750 33.158512 33.158414 33.158375 33.158360 33.158354 33.158351 33.158348 33.158343 33.158329 33.158295 33.158209 33.158002 33.157519 33.156427 33.154028 33.148914 33.138329 33.117042 33.075392 32.995971 32.848032 32.577961 32.092699 31.229820 29.701659 26.990158 22.164182 13.682927 0.000000 
50.000000 45.808340 41.812208 38.179804 35.031029 32.427160 30.372197 28.823696 27.708913 26.941695 26.436569 26.118181 25.925903 25.814558 25.752679 25.719649 25.702701 25.694333 25.690355 25.688532 25.687727 25.687383 25.687241 25.687185 25.687163 25.687155 25.687151 25.687147 25.687140 25.687122 25.687077 25.686965 25.686696 25.686069 25.684655 25.681557 25.674980 25.661434 25.634357 25.581793 25.482587 25.300315 24.973751 24.402168 23.423138 21.780990 19.089902 14.822050 8.439721 0.000000 
50.000000 44.691711 39.631049 35.031029 31.043494 27.746044 25.143738 23.182815 21.771145 20.799619 20.159991 19.756832 19.513366 19.372382 19.294033 19.252213 19.230754 19.220160 19.215124 19.212817 19.211797 19.211362 19.211182 19.211111 19.211083 19.211073 19.211068 19.211064 19.211056 19.211036 19.210987 19.210864 19.210569 19.209885 19.208346 19.204991 19.197901 19.183386 19.154590 19.099214 18.995949 18.809134 18.481148 17.922267 16.998635 15.521747 13.250039 9.929390 5.425403 0.000000 
50.000000 43.768309 37.827335 32.427160 27.746044 23.875083 20.820206 18.518289 16.861165 15.720737 14.969923 14.496694 14.210919 14.045440 13.953482 13.904398 13.879214 13.866780 13.860870 13.858162 13.856965 13.856455 13.856245 13.856161 13.856128 13.856116 13.856111 13.856106 13.856099 13.856079 13.856031 13.855911 13.855624 13.854962 13.853477 13.850253 13.843481 13.829710 13.802614 13.751034 13.656053 13.486913 13.195797 12.712043 11.937542 10.747410 9.004022 6.597515 3.525727 0.000000 
50.000000 43.039554 36.403840 30.372197 25.143738 20.820206 17.408213 14.837241 12.986460 11.712781 10.874259 10.345762 10.026619 9.841823 9.739134 9.684324 9.656202 9.642319 9.635720 9.632697 9.631361 9.630791 9.630556 9.630462 9.630426 9.630412 9.630406 9.630402 9.630395 9.630378 9.630335 9.630228 9.629975 9.629390 9.628086 9.625268 9.619384 9.607505 9.584329 9.540661 9.461243 9.321941 9.086563 8.704107 8.108163 7.221471 5.970030 4.311141 2.274636 0.000000 
50.000000 42.490397 35.331166 28.823696 23.182815 18.518289 14.837241 12.063575 10.066913 8.692867 7.788289 7.218171 6.873904 6.674565 6.563797 6.504678 6.474345 6.459372 6.452254 6.448993 6.447553 6.446938 6.446685 6.446584 6.446545 6.446530 6.446524 6.446520 6.446514 6.446500 6.446464 6.446377 6.446170 6.445693 6.444635 6.442361 6.437642 6.428180 6.409877 6.375730 6.314357 6.208204 6.031788 5.750679 5.322492 4.701667 3.849946 2.753205 1.441274 0.000000 
50.000000 42.095046 34.558927 27.708913 21.771145 16.861165 12.986460 10.066913 7.965269 6.519004 5.566899 4.966840 4.604502 4.394705 4.278128 4.215910 4.183989 4.168232 4.160742 4.157311 4.155794 4.155148 4.154881 4.154775 4.154734 4.154719 4.154713 4.154709 4.154704 4.154693 4.154666 4.154599 4.154441 4.154079 4.153279 4.151568 4.148039 4.141012 4.127528 4.102607 4.058302 3.982634 3.858708 3.664519 3.374253 2.962011 2.408599 1.710895 0.891060 0.000000 
50.000000 41.822951 34.027449 26.941695 20.799619 15.720737 11.712781 8.692867 6.519004 5.023063 4.038273 3.417625 3.042862 2.825875 2.705307 2.640960 2.607947 2.591651 2.583905 2.580357 2.578790 2.578121 2.577845 2.577735 2.577693 2.577677 2.577671 2.577668 2.577664 2.577656 2.577636 2.577588 2.577475 2.577217 2.576650 2.575442 2.572964 2.568064 2.558731 2.541632 2.511532 2.460702 2.378510 2.251539 2.064684 1.803670 1.459108 1.031477 0.535328 0.000000 
50.000000 41.643803 33.677525 26.436569 20.159991 14.969923 10.874259 7.788289 5.566899 4.038273 3.031978 2.397788 2.014854 1.793140 1.669947 1.604200 1.570470 1.553821 1.545907 1.542282 1.540680 1.539997 1.539716 1.539604 1.539560 1.539544 1.539538 1.539535 1.539533 1.539527 1.539514 1.539481 1.539405 1.539231 1.538851 1.538047 1.536406 1.533180 1.527079 1.515989 1.496641 1.464292 1.412558 1.333598 1.218888 1.060777 0.854776 0.602134 0.311721 0.000000 
50.000000 41.530881 33.456961 26.118181 19.756832 14.496694 10.345762 7.218171 4.966840 3.417625 2.397788 1.755071 1.366992 1.142303 1.017458 0.950831 0.916650 0.899778 0.891759 0.888086 0.886463 0.885770 0.885485 0.885372 0.885328 0.885311 0.885305 0.885303 0.885301 0.885297 0.885288 0.885267 0.885219 0.885108 0.884868 0.884360 0.883331 0.881318 0.877536 0.870709 0.858894 0.839312 0.808294 0.761433 0.694080 0.602242 0.483824 0.339919 0.175650 0.000000 
50.000000 41.462684 33.323757 25.925903 19.513366 14.210919 10.026619 6.873904 4.604502 3.042862 2.014854 1.366992 0.975811 0.749327 0.623487 0.556329 0.521876 0.504870 0.496788 0.493085 0.491449 0.490752 0.490464 0.490350 0.490306 0.490289 0.490283 0.490281 0.490279 0.490277 0.490271 0.490259 0.490229 0.490163 0.490018 0.489714 0.489099 0.487905 0.485674 0.481674 0.474798 0.463490 0.445723 0.419115 0.381209 0.329980 0.264469 0.185428 0.095684 0.000000 
50.000000 41.423192 33.246619 25.814558 19.372382 14.045440 9.841823 6.674565 4.394705 2.825875 1.793140 1.142303 0.749327 0.521806 0.395390 0.327926 0.293316 0.276233 0.268113 0.264394 0.262751 0.262050 0.261761 0.261646 0.261602 0.261585 0.261579 0.261577 0.261576 0.261574 0.261571 0.261564 0.261547 0.261509 0.261426 0.261252 0.260903 0.260227 0.258972 0.256734 0.252911 0.246666 0.236923 0.222439 0.201959 0.174481 0.139578 0.097706 0.050363 0.000000 
50.000000 41.401243 33.203750 25.752679 19.294033 13.953482 9.739134 6.563797 4.278128 2.705307 1.669947 1.017458 0.623487 0.395390 0.268655 0.201021 0.166324 0.149198 0.141058 0.137330 0.135682 0.134980 0.134690 0.134575 0.134531 0.134514 0.134508 0.134506 0.134505 0.134504 0.134502 0.134498 0.134489 0.134468 0.134422 0.134328 0.134138 0.133773 0.133097 0.131899 0.129865 0.126560 0.121435 0.113865 0.103228 0.089042 0.071122 0.049723 0.025608 0.000000 
50.000000 41.389527 33.180867 25.719649 19.252213 13.904398 9.684324 6.504678 4.215910 2.640960 1.604200 0.950831 0.556329 0.327926 0.201021 0.133297 0.098553 0.081404 0.073254 0.069520 0.067871 0.067167 0.066877 0.066762 0.066717 0.066701 0.066695 0.066693 0.066692 0.066691 0.066690 0.066688 0.066683 0.066672 0.066648 0.066599 0.066500 0.066311 0.065963 0.065349 0.064310 0.062631 0.060043 0.056238 0.050922 0.043867 0.034995 0.024440 0.012578 0.000000 
50.000000 41.383515 33.169125 25.702701 19.230754 13.879214 9.656202 6.474345 4.183989 2.607947 1.570470 0.916650 0.521876 0.293316 0.166324 0.098553 0.063786 0.046625 0.038469 0.034733 0.033083 0.032379 0.032089 0.031973 0.031929 0.031912 0.031906 0.031904 0.031903 0.031903 0.031902 0.031901 0.031898 0.031893 0.031881 0.031856 0.031807 0.031713 0.031541 0.031239 0.030729 0.029910 0.028652 0.026812 0.024252 0.020869 0.016631 0.011605 0.005969 0.000000 
50.000000 41.380547 33.163327 25.694333 19.220160 13.866780 9.642319 6.459372 4.168232 2.591651 1.553821 0.899778 0.504870 0.276233 0.149198 0.081404 0.046625 0.029459 0.021300 0.017563 0.015912 0.015208 0.014918 0.014802 0.014757 0.014741 0.014735 0.014733 0.014732 0.014732 0.014731 0.014731 0.014730 0.014727 0.014721 0.014709 0.014686 0.014641 0.014559 0.014416 0.014176 0.013791 0.013202 0.012345 0.011156 0.009591 0.007637 0.005325 0.002738 0.000000 
50.000000 41.379136 33.160571 25.690355 19.215124 13.860870 9.635720 6.452254 4.160742 2.583905 1.545907 0.891759 0.496788 0.268113 0.141058 0.073254 0.038469 0.021300 0.013140 0.009402 0.007751 0.007047 0.006757 0.006641 0.006596 0.006580 0.006574 0.006572 0.006571 0.006571 0.006570 0.006570 0.006570 0.006568 0.006566 0.006560 0.006549 0.006529 0.006492 0.006426 0.006317 0.006143 0.005877 0.005492 0.004959 0.004260 0.003390 0.002362 0.001214 0.000000 
50.000000 41.378489 33.159308 25.688532 19.212817 13.858162 9.632697 6.448993 4.157311 2.580357 1.542282 0.888086 0.493085 0.264394 0.137330 0.069520 0.034733 0.017563 0.009402 0.005664 0.004013 0.003309 0.003018 0.002903 0.002858 0.002841 0.002835 0.002833 0.002833 0.002832 0.002832 0.002832 0.002832 0.002831 0.002830 0.002828 0.002823 0.002814 0.002797 0.002769 0.002721 0.002645 0.002529 0.002362 0.002132 0.001830 0.001455 0.001014 0.000521 0.000000 
50.000000 41.378203 33.158750 25.687727 19.211797 13.856966 9.631361 6.447553 4.155795 2.578790 1.540681 0.886463 0.491450 0.262751 0.135682 0.067871 0.033083 0.015912 0.007751 0.004013 0.002361 0.001657 0.001367 0.001251 0.001207 0.001190 0.001184 0.001182 0.001181 0.001181 0.001181 0.001181 0.001181 0.001180 0.001180 0.001179 0.001177 0.001173 0.001166 0.001154 0.001134 0.001101 0.001053 0.000983 0.000886 0.000761 0.000604 0.000421 0.000216 0.000000 
50.000000 41.378081 33.158512 25.687383 19.211362 13.856455 9.630791 6.446938 4.155148 2.578121 1.539998 0.885771 0.490752 0.262051 0.134980 0.067168 0.032379 0.015208 0.007047 0.003309 0.001657 0.000953 0.000663 0.000547 0.000502 0.000486 0.000480 0.000478 0.000477 0.000477 0.000477 0.000477 0.000477 0.000476 0.000476 0.000476 0.000475 0.000473 0.000470 0.000466 0.000457 0.000444 0.000424 0.000396 0.000357 0.000306 0.000243 0.000169 0.000087 0.000000 
50.000000 41.378031 33.158414 25.687242 19.211183 13.856245 9.630557 6.446686 4.154882 2.577846 1.539717 0.885486 0.490465 0.261762 0.134691 0.066878 0.032090 0.014919 0.006758 0.003019 0.001368 0.000663 0.000373 0.000257 0.000213 0.000196 0.000190 0.000188 0.000187 0.000187 0.000187 0.000187 0.000187 0.000187 0.000187 0.000187 0.000186 0.000186 0.000185 0.000183 0.000179 0.000174 0.000166 0.000155 0.000140 0.000120 0.000095 0.000066 0.000034 0.000000 
50.000000 41.378012 33.158376 25.687187 19.211113 13.856163 9.630465 6.446587 4.154778 2.577739 1.539607 0.885375 0.490353 0.261650 0.134578 0.066765 0.031976 0.014805 0.006644 0.002906 0.001254 0.000550 0.000260 0.000144 0.000099 0.000083 0.000077 0.000075 0.000074 0.000074 0.000074 0.000074 0.000074 0.000074 0.000074 0.000073 0.000073 0.000073 0.000073 0.000072 0.000071 0.000068 0.000065 0.000061 0.000055 0.000047 0.000037 0.000026 0.000013 0.000000 
50.000000 41.378005 33.158363 25.687168 19.211089 13.856135 9.630434 6.446553 4.154743 2.577702 1.539569 0.885337 0.490315 0.261611 0.134540 0.066727 0.031938 0.014767 0.006606 0.002867 0.001216 0.000511 0.000221 0.000105 0.000061 0.000044 0.000038 0.000036 0.000035 0.000035 0.000035 0.000035 0.000035 0.000035 0.000035 0.000035 0.000035 0.000035 0.000035 0.000034 0.000034 0.000033 0.000031 0.000029 0.000026 0.000022 0.000018 0.000012 0.000006 0.000000 
50.000000 41.378005 33.158363 25.687168 19.211089 13.856135 9.630434 6.446553 4.154743 2.577702 1.539569 0.885337 0.490315 0.261611 0.134540 0.066727 0.031938 0.014767 0.006606 0.002867 0.001216 0.000511 0.000221 0.000105 0.000061 0.000044 0.000038 0.000036 0.000035 0.000035 0.000035 0.000035 0.000035 0.000035 0.000035 0.000035 0.000035 0.000035 0.000035 0.000034 0.000034 0.000033 0.000031 0.000029 0.000026 0.000022 0.000018 0.000012 0.000006 0.000000 
50.000000 41.378012 33.158376 25.687187 19.211113 13.856163 9.630465 6.446587 4.154778 2.577739 1.539607 0.885375 0.490353 0.261650 0.134578 0.066765 0.031976 0.014805 0.006644 0.002906 0.001254 0.000550 0.000260 0.000144 0.000099 0.000083 0.000077 0.000075 0.000074 0.000074 0.000074 0.000074 0.000074 0.000074 0.000074 0.000073 0.000073 0.000073 0.000073 0.000072 0.000071 0.000068 0.000065 0.000061 0.000055 0.000047 0.000037 0.000026 0.000013 0.000000 
50.000000 41.378031 33.158414 25.687242 19.211183 13.856245 9.630557 6.446686 4.154882 2.577846 1.539717 0.885486 0.490465 0.261762 0.134691 0.066878 0.032090 0.014919 0.006758 0.003019 0.001368 0.000663 0.000373 0.000257 0.000213 0.000196 0.000190 0.000188 0.000187 0.000187 0.000187 0.000187 0.000187 0.000187 0.000187 0.000187 0.000186 0.000186 0.000185 0.000183 0.000179 0.000174 0.000166 0.000155 0.000140 0.000120 0.000095 0.000066 0.000034 0.000000 
50.000000 41.378081 33.158512 25.687383 19.211362 13.856455 9.630791 6.446938 4.155148 2.578121 1.539998 0.885771 0.490752 0.262051 0.134980 0.067168 0.032379 0.015208 0.007047 0.003309 0.001657 0.000953 0.000663 0.000547 0.000502 0.000486 0.000480 0.000478 0.000477 0.000477 0.000477 0.000477 0.000477 0.000476 0.000476 0.000476 0.000475 0.000473 0.000470 0.000466 0.000457 0.000444 0.000424 0.000396 0.000357 0.000306 0.000243 0.000169 0.000087 0.000000 
50.000000 41.378203 33.158750 25.687727 19.211797 13.856966 9.631361 6.447553 4.155795 2.578790 1.540681 0.886463 0.491450 0.262751 0.135682 0.067871 0.033083 0.015912 0.007751 0.004013 0.002361 0.001657 0.001367 0.001251 0.001207 0.001190 0.001184 0.001182 0.001181 0.001181 0.001181 0.001181 0.001181 0.001180 0.001180 0.001179 0.001177 0.001173 0.001166 0.001154 0.001134 0.001101 0.001053 0.000983 0.000886 0.000761 0.000604 0.000421 0.000216 0.000000 
50.000000 41.378489 33.159308 25.688532 19.212817 13.858162 9.632697 6.448993 4.157311 2.580357 1.542282 0.888086 0.493085 0.264394 0.137330 0.069520 0.034733 0.017563 0.009402 0.005664 0.004013 0.003309 0.003018 0.002903 0.002858 0.002841 0.002835 0.002833 0.002833 0.002832 0.002832 0.002832 0.002832 0.002831 0.002830 0.002828 0.002823 0.002814 0.002797 0.002769 0.002721 0.002645 0.002529 0.002362 0.002132 0.001830 0.001455 0.001014 0.000521 0.000000 
50.000000 41.379136 33.160571 25.690355 19.215124 13.860870 9.635720 6.452254 4.160742 2.583905 1.545907 0.891759 0.496788 0.268113 0.141058 0.073254 0.038469 0.021300 0.013140 0.009402 0.007751 0.007047 0.006757 0.006641 0.006596 0.006580 0.006574 0.006572 0.006571 0.006571 0.006570 0.006570 0.006570 0.006568 0.006566 0.006560 0.006549 0.006529 0.006492 0.006426 0.006317 0.006143 0.005877 0.005492 0.004959 0.004260 0.003390 0.002362 0.001214 0.000000 
50.000000 41.380547 33.163327 25.694333 19.220160 13.866780 9.642319 6.459372 4.168232 2.591651 1.553821 0.899778 0.504870 0.276233 0.149198 0.081404 0.046625 0.029459 0.021300 0.017563 0.015912 0.015208 0.014918 0.014802 0.014757 0.014741 0.014735 0.014733 0.014732 0.014732 0.014731 0.014731 0.014730 0.014727 0.014721 0.014709 0.014686 0.014641 0.014559 0.014416 0.014176 0.013791 0.013202 0.012345 0.011156 0.009591 0.007637 0.005325 0.002738 0.000000 
50.000000 41.383515 33.169125 25.702701 19.230754 13.879214 9.656202 6.474345 4.183989 2.607947 1.570470 0.916650 0.521876 0.293316 0.166324 0.098553 0.063786 0.046625 0.038469 0.034733 0.033083 0.032379 0.032089 0.031973 0.031929 0.031912 0.031906 0.031904 0.031903 0.031903 0.031902 0.031901 0.031898 0.031893 0.031881 0.031856 0.031807 0.031713 0.031541 0.031239 0.030729 0.029910 0.028652 0.026812 0.024252 0.020869 0.016631 0.011605 0.005969 0.000000 
50.000000 41.389527 33.180867 25.719649 19.252213 13.904398 9.684324 6.504678 4.215910 2.640960 1.604200 0.950831 0.556329 0.327926 0.201021 0.133297 0.098553 0.081404 0.073254 0.069520 0.067871 0.067167 0.066877 0.066762 0.066717 0.066701 0.066695 0.066693 0.066692 0.066691 0.066690 0.066688 0.066683 0.066672 0.066648 0.066599 0.066500 0.066311 0.065963 0.065349 0.064310 0.062631 0.060043 0.056238 0.050922 0.043867 0.034995 0.024440 0.012578 0.000000 
50.000000 41.401243 33.203750 25.752679 19.294033 13.953482 9.739134 6.563797 4.278128 2.705307 1.669947 1.017458 0.623487 0.395390 0.268655 0.201021 0.166324 0.149198 0.141058 0.137330 0.135682 0.134980 0.134690 0.134575 0.134531 0.134514 0.134508 0.134506 0.134505 0.134504 0.134502 0.134498 0.134489 0.134468 0.134422 0.134328 0.134138 0.133773 0.133097 0.131899 0.129865 0.126560 0.121435 0.113865 0.103228 0.089042 0.071122 0.049723 0.025608 0.000000 
50.000000 41.423192 33.246619 25.814558 19.372382 14.045440 9.841823 6.674565 4.394705 2.825875 1.793140 1.142303 0.749327 0.521806 0.395390 0.327926 0.293316 0.276233 0.268113 0.264394 0.262751 0.262050 0.261761 0.261646 0.261602 0.261585 0.261579 0.261577 0.261576 0.261574 0.261571 0.261564 0.261547 0.261509 0.261426 0.261252 0.260903 0.260227 0.258972 0.256734 0.252911 0.246666 0.236923 0.222439 0.201959 0.174481 0.139578 0.097706 0.050363 0.000000 
50.000000 41.462684 33.323757 25.925903 19.513366 14.210919 10.026619 6.873904 4.604502 3.042862 2.014854 1.366992 0.975811 0.749327 0.623487 0.556329 0.521876 0.504870 0.496788 0.493085 0.491449 0.490752 0.490464 0.490350 0.490306 0.490289 0.490283 0.490281 0.490279 0.490277 0.490271 0.490259 0.490229 0.490163 0.490018 0.489714 0.489099 0.487905 0.485674 0.481674 0.474798 0.463490 0.445723 0.419115 0.381209 0.329980 0.264469 0.185428 0.095684 0.000000 
50.000000 41.530881 33.456961 26.118181 19.756832 14.496694 10.345762 7.218171 4.966840 3.417625 2.397788 1.755071 1.366992 1.142303 1.017458 0.950831 0.916650 0.899778 0.891759 0.888086 0.886463 0.885770 0.885485 0.885372 0.885328 0.885311 0.885305 0.885303 0.885301 0.885297 0.885288 0.885267 0.885219 0.885108 0.884868 0.884360 0.883331 0.881318 0.877536 0.870709 0.858894 0.839312 0.808294 0.761433 0.694080 0.602242 0.483824 0.339919 0.175650 0.000000 
50.000000 41.643803 33.677525 26.436569 20.159991 14.969923 10.874259 7.788289 5.566899 4.038273 3.031978 2.397788 2.014854 1.793140 1.669947 1.604200 1.570470 1.553821 1.545907 1.542282 1.540680 1.539997 1.539716 1.539604 1.539560 1.539544 1.539538 1.539535 1.539533 1.539527 1.539514 1.539481 1.539405 1.539231 1.538851 1.538047 1.536406 1.533180 1.527079 1.515989 1.496641 1.464292 1.412558 1.333598 1.218888 1.060777 0.854776 0.602134 0.311721 0.000000 
50.000000 41.822951 34.027449 26.941695 20.799619 15.720737 11.712781 8.692867 6.519004 5.023063 4.038273 3.417625 3.042862 2.825875 2.705307 2.640960 2.607947 2.591651 2.583905 2.580357 2.578790 2.578121 2.577845 2.577735 2.577693 2.577677 2.577671 2.577668 2.577664 2.577656 2.577636 2.577588 2.577475 2.577217 2.576650 2.575442 2.572964 2.568064 2.558731 2.541632 2.511532 2.460702 2.378510 2.251539 2.064684 1.803670 1.459108 1.031477 0.535328 0.000000 
50.000000 42.095046 34.558927 27.708913 21.771145 16.861165 12.986460 10.066913 7.965269 6.519004 5.566899 4.966840 4.604502 4.394705 4.278128 4.215910 4.183989 4.168232 4.160742 4.157311 4.155794 4.155148 4.154881 4.154775 4.154734 4.154719 4.154713 4.154709 4.154704 4.154693 4.154666 4.154599 4.154441 4.154079 4.153279 4.151568 4.148039 4.141012 4.127528 4.102607 4.058302 3.982634 3.858708 3.664519 3.374253 2.962011 2.408599 1.710895 0.891060 0.000000 
50.000000 42.490397 35.331166 28.823696 23.182815 18.518289 14.837241 12.063575 10.066913 8.692867 7.788289 7.218171 6.873904 6.674565 6.563797 6.504678 6.474345 6.459372 6.452254 6.448993 6.447553 6.446938 6.446685 6.446584 6.446545 6.446530 6.446524 6.446520 6.446514 6.446500 6.446464 6.446377 6.446170 6.445693 6.444635 6.442361 6.437642 6.428180 6.409877 6.375730 6.314357 6.208204 6.031788 5.750679 5.322492 4.701667 3.849946 2.753205 1.441274 0.000000 
50.000000 43.039554 36.403840 30.372197 25.143738 20.820206 17.408213 14.837241 12.986460 11.712781 10.874259 10.345762 10.026619 9.841823 9.739134 9.684324 9.656202 9.642319 9.635720 9.632697 9.631361 9.630791 9.630556 9.630462 9.630426 9.630412 9.630406 9.630402 9.630395 9.630378 9.630335 9.630228 9.629975 9.629390 9.628086 9.625268 9.619384 9.607505 9.584329 9.540661 9.461243 9.321941 9.086563 8.704107 8.108163 7.221471 5.970030 4.311141 2.274636 0.000000 
50.000000 43.768309 37.827335 32.427160 27.746044 23.875083 20.820206 18.518289 16.861165 15.720737 14.969923 14.496694 14.210919 14.045440 13.953482 13.904398 13.879214 13.866780 13.860870 13.858162 13.856965 13.856455 13.856245 13.856161 13.856128 13.856116 13.856111 13.856106 13.856099 13.856079 13.856031 13.855911 13.855624 13.854962 13.853477 13.850253 13.843481 13.829710 13.802614 13.751034 13.656053 13.486913 13.195797 12.712043 11.937542 10.747410 9.004022 6.597515 3.525727 0.000000 
50.000000 44.691711 39.631049 35.031029 31.043494 27.746044 25.143738 23.182815 21.771145 20.799619 20.159991 19.756832 19.513366 19.372382 19.294033 19.252213 19.230754 19.220160 19.215124 19.212817 19.211797 19.211362 19.211182 19.211111 19.211083 19.211073 19.211068 19.211064 19.211056 19.211036 19.210987 19.210864 19.210569 19.209885 19.208346 19.204991 19.197901 19.183386 19.154590 19.099214 18.995949 18.809134 18.481148 17.922267 16.998635 15.521747 13.250039 9.929390 5.425403 0.000000 
50.000000 45.808340 41.812208 38.179804 35.031029 32.427160 30.372197 28.823696 27.708913 26.941695 26.436569 26.118181 25.925903 25.814558 25.752679 25.719649 25.702701 25.694333 25.690355 25.688532 25.687727 25.687383 25.687241 25.687185 25.687163 25.687155 25.687151 25.687147 25.687140 25.687122 25.687077 25.686965 25.686696 25.686069 25.684655 25.681557 25.674980 25.661434 25.634357 25.581793 25.482587 25.300315 24.973751 24.402168 23.423138 21.780990 19.089902 14.822050 8.439721 0.000000 
50.000000 47.096463 44.328363 41.812208 39.631049 37.827335 36.403840 35.331166 34.558927 34.027449 33.677525 33.456961 33.323757 33.246619 33.203750 33.180867 33.169125 33.163327 33.160571 33.159308 33.158750 33.158512 33.158414 33.158375 33.158360 33.158354 33.158351 33.158348 33.158343 33.158329 33.158295 33.158209 33.158002 33.157519 33.156427 33.154028 33.148914 33.138329 33.117042 33.075392 32.995971 32.848032 32.577961 32.092699 31.229820 29.701659 26.990158 22.164182 13.682927 0.000000 
50.000000 48.513565 47.096463 45.808340 44.691711 43.768309 43.039554 42.490397 42.095046 41.822951 41.643803 41.530881 41.462684 41.423192 41.401243 41.389527 41.383515 41.380547 41.379136 41.378489 41.378203 41.378081 41.378031 41.378011 41.378003 41.378000 41.377999 41.377997 41.377994 41.377987 41.377968 41.377921 41.377809 41.377546 41.376949 41.375635 41.372828 41.367000 41.355231 41.332082 41.287623 41.203986 41.049123 40.764918 40.242582 39.266308 37.368618 33.413536 24.256782 0.000000 
50.000000 50.000000 50.000000 50.000000 50.000000 50.000000 50.000000 50.000000 50.000000 50.000000 50.000000 50.000000 50.000000 50.000000 50.000000 50.000000 50.000000 50.000000 50.000000 50.000000 50.000000 50.000000 50.000000 50.000000 50.000000 50.000000 50.000000 50.000000 50.000000 50.000000 50.000000 50.000000 50.000000 50.000000 50.000000 50.000000 50.000000 50.000000 50.000000 50.000000 50.000000 50.000000 50.000000 50.000000 50.000000 50.000000 50.000000 50.000000 50.000000 50.000000 
