50.000000 50.000000 50.000000 50.000000 50.000000 50.000000 50.000000 50.000000 50.000000 50.000000 50.000000 50.000000 50.000000 50.000000 50.000000 50.000000 50.000000 50.000000 50.000000 50.000000 50.000000 50.000000 50.000000 50.000000 50.000000 50.000000 50.000000 50.000000 50.000000 50.000000 50.000000 50.000000 50.000000 50.000000 50.000000 50.000000 50.000000 50.000000 50.000000 50.000000 50.000000 50.000000 50.000000 50.000000 50.000000 50.000000 50.000000 50.000000 50.000000 50.000000 
50.000000 48.964946 47.963523 47.026089 46.176978 45.432704 44.801303 44.282794 43.870534 43.553104 43.316349 43.145252 43.025409 42.944025 42.890423 42.856171 42.834928 42.822137 42.814656 42.810404 42.808055 42.806793 42.806134 42.805797 42.805629 42.805544 42.805496 42.805456 42.805400 42.805295 42.805087 42.804673 42.803867 42.802327 42.799449 42.794180 42.784727 42.768082 42.739280 42.690201 42.607620 42.469897 42.241049 41.859339 41.213291 40.086001 38.011051 33.855990 24.482473 0.000000 
50.000000 47.963523 45.993218 44.148811 42.478183 41.013824 39.771544 38.751381 37.940265 37.315727 36.849917 36.513289 36.277503 36.117383 36.011924 35.944536 35.902743 35.877577 35.862858 35.854493 35.849872 35.847390 35.846092 35.845430 35.845100 35.844933 35.844839 35.844762 35.844656 35.844458 35.844065 35.843286 35.841770 35.838878 35.833482 35.823624 35.805979 35.775006 35.721622 35.631124 35.479903 35.230117 34.820755 34.151953 33.056238 31.243890 28.198848 22.996609 14.107533 0.000000 
50.000000 47.026089 44.148811 41.455388 39.015742 36.877319 35.063205 33.573458 32.388986 31.476977 30.796763 30.305192 29.960881 29.727064 29.573068 29.474665 29.413638 29.376890 29.355398 29.343184 29.336437 29.332812 29.330916 29.329951 29.329468 29.329226 29.329091 29.328983 29.328836 29.328566 29.328032 29.326976 29.324922 29.321015 29.313742 29.300498 29.276881 29.235625 29.164944 29.046047 28.849376 28.528903 28.013388 27.192902 25.898194 23.870827 20.727694 15.949964 9.015037 0.000000 
50.000000 46.176978 42.478183 39.015742 35.879542 33.130578 30.798525 28.883455 27.360825 26.188451 25.314051 24.682152 24.239556 23.938997 23.741044 23.614555 23.536110 23.488875 23.461250 23.445550 23.436877 23.432218 23.429782 23.428541 23.427921 23.427611 23.427441 23.427309 23.427135 23.426820 23.426199 23.424974 23.422599 23.418093 23.409735 23.394575 23.367676 23.320966 23.241539 23.109186 22.892876 22.545849 21.998915 21.151729 19.862574 17.939771 15.144915 11.234293 6.090977 0.000000 
50.000000 45.432704 41.013824 36.877319 33.130578 29.846468 27.060444 24.772588 22.953574 21.553005 20.508416 19.753534 19.224803 18.865755 18.629283 18.478182 18.384475 18.328051 18.295051 18.276298 18.265938 18.260373 18.257463 18.255981 18.255242 18.254874 18.254675 18.254527 18.254340 18.254007 18.253356 18.252075 18.249599 18.244917 18.236268 18.220653 18.193105 18.145596 18.065484 17.933358 17.720172 17.383613 16.863829 16.079125 14.923234 13.268003 10.979125 7.957586 4.219413 0.000000 
50.000000 44.801303 39.771544 35.063205 30.798525 27.060444 23.889316 21.285231 19.214807 17.620673 16.431728 15.572535 14.970748 14.562094 14.292955 14.120983 14.014333 13.950116 13.912560 13.891218 13.879428 13.873094 13.869784 13.868097 13.867257 13.866841 13.866619 13.866463 13.866275 13.865949 13.865317 13.864079 13.861694 13.857202 13.848939 13.834099 13.808077 13.763527 13.689060 13.567536 13.373956 13.073083 12.617176 11.944658 10.981320 9.646796 7.870303 5.619590 2.941964 0.000000 
50.000000 44.282794 38.751381 33.573458 28.883455 24.772588 21.285231 18.421480 16.144622 14.391557 13.084088 12.139253 11.477490 11.028112 10.732157 10.543052 10.425779 10.355167 10.313871 10.290404 10.277441 10.270477 10.266837 10.264983 10.264061 10.263605 10.263368 10.263209 10.263030 10.262731 10.262155 10.261034 10.258882 10.254846 10.247456 10.234256 10.211256 10.172172 10.107411 10.002819 9.838249 9.586171 9.210740 8.668055 7.908758 6.884540 5.560069 3.930626 2.041744 0.000000 
50.000000 43.870534 37.940265 32.388986 27.360825 22.953574 19.214807 16.144622 13.703652 11.824244 10.422560 9.409651 8.700215 8.218471 7.901203 7.698483 7.572769 7.497075 7.452808 7.427653 7.413757 7.406293 7.402391 7.400405 7.399418 7.398933 7.398684 7.398527 7.398364 7.398102 7.397607 7.396647 7.394813 7.391388 7.385146 7.374058 7.354861 7.322476 7.269273 7.184192 7.051853 6.851826 6.558451 6.141723 5.569962 4.814976 3.860083 2.710148 1.400637 0.000000 
50.000000 43.553104 37.315727 31.476977 26.188451 21.553005 17.620673 14.391557 11.824244 9.847576 8.373366 7.308056 6.561928 6.055273 5.721603 5.508406 5.376195 5.296592 5.250038 5.223585 5.208972 5.201123 5.197020 5.194932 5.193895 5.193387 5.193132 5.192979 5.192835 5.192617 5.192211 5.191430 5.189944 5.187182 5.182174 5.173324 5.158095 5.132587 5.091019 5.025158 4.923788 4.772392 4.553308 4.246717 3.832833 3.295575 2.627601 1.835824 0.945483 0.000000 
50.000000 43.316349 36.849917 30.796763 25.314051 20.508416 16.431728 13.084088 10.422560 8.373366 6.845078 5.740699 4.967214 4.441988 4.096091 3.875084 3.738032 3.655515 3.607258 3.579837 3.564690 3.556554 3.552302 3.550138 3.549064 3.548540 3.548281 3.548134 3.548009 3.547833 3.547515 3.546908 3.545760 3.543635 3.539798 3.533056 3.521522 3.502332 3.471296 3.422539 3.348208 3.238368 3.081269 2.864192 2.575058 2.204865 1.750716 1.218793 0.626148 0.000000 
50.000000 43.145252 36.513289 30.305192 24.682152 19.753534 15.572535 12.139253 9.409651 7.308056 5.740699 4.608096 3.814849 3.276210 2.921483 2.694836 2.554288 2.469666 2.420180 2.392060 2.376528 2.368184 2.363824 2.361606 2.360506 2.359970 2.359709 2.359568 2.359461 2.359323 2.359084 2.358633 2.357783 2.356217 2.353403 2.348482 2.340112 2.326273 2.304048 2.269403 2.217037 2.140378 2.031842 1.883475 1.688051 1.440613 1.140248 0.791667 0.405972 0.000000 
50.000000 43.025409 36.277503 29.960881 24.239556 19.224803 14.970748 11.477490 8.700215 6.561928 4.967214 3.814849 3.007768 2.459738 2.098830 1.868235 1.725241 1.639147 1.588800 1.560192 1.544390 1.535902 1.531466 1.529210 1.528091 1.527548 1.527286 1.527151 1.527058 1.526953 1.526779 1.526456 1.525852 1.524744 1.522762 1.519313 1.513477 1.503884 1.488576 1.464881 1.429340 1.377739 1.305318 1.207221 1.079207 0.918590 0.725256 0.502497 0.257327 0.000000 
50.000000 42.944025 36.117383 29.727064 23.938997 18.865755 14.562094 11.028112 8.218471 6.055273 4.441988 3.276210 2.459738 1.905336 1.540233 1.306959 1.162305 1.075212 1.024282 0.995342 0.979357 0.970771 0.966284 0.964002 0.962871 0.962323 0.962061 0.961930 0.961850 0.961770 0.961647 0.961425 0.961011 0.960257 0.958914 0.956586 0.952668 0.946261 0.936098 0.920466 0.897178 0.863610 0.816856 0.754017 0.672650 0.571321 0.450183 0.311404 0.159298 0.000000 
50.000000 42.890423 36.011924 29.573068 23.741045 18.629283 14.292955 10.732157 7.901203 5.721603 4.096091 2.921483 2.098830 1.540233 1.172369 0.937333 0.791586 0.703837 0.652522 0.623364 0.607259 0.598608 0.594088 0.591789 0.590650 0.590099 0.589837 0.589710 0.589638 0.589577 0.589493 0.589344 0.589072 0.588577 0.587699 0.586185 0.583646 0.579517 0.573001 0.563036 0.548280 0.527145 0.497901 0.458856 0.408630 0.346470 0.272571 0.188300 0.096242 0.000000 
50.000000 42.856171 35.944536 29.474665 23.614555 18.478183 14.120983 10.543052 7.698484 5.508406 3.875084 2.694836 1.868236 1.306960 0.937333 0.701172 0.554728 0.466559 0.415000 0.385703 0.369521 0.360829 0.356287 0.353977 0.352833 0.352280 0.352018 0.351894 0.351829 0.351781 0.351724 0.351628 0.351454 0.351140 0.350586 0.349635 0.348046 0.345473 0.341433 0.335286 0.326232 0.313337 0.295596 0.272044 0.241915 0.204820 0.160923 0.111054 0.056722 0.000000 
50.000000 42.834928 35.902743 29.413638 23.536110 18.384475 14.014333 10.425779 7.572769 5.376195 3.738033 2.554288 1.725241 1.162305 0.791587 0.554729 0.407853 0.319424 0.267713 0.238329 0.222100 0.213383 0.208828 0.206511 0.205364 0.204810 0.204548 0.204425 0.204365 0.204327 0.204287 0.204226 0.204119 0.203927 0.203589 0.203010 0.202049 0.200497 0.198072 0.194398 0.189014 0.181382 0.170933 0.157131 0.139558 0.118017 0.092624 0.063865 0.032602 0.000000 
50.000000 42.822137 35.877577 29.376891 23.488876 18.328051 13.950117 10.355168 7.497076 5.296593 3.655516 2.469667 1.639148 1.075213 0.703838 0.466560 0.319425 0.230840 0.179037 0.149602 0.133344 0.124611 0.120048 0.117728 0.116579 0.116024 0.115762 0.115641 0.115583 0.115551 0.115524 0.115486 0.115421 0.115307 0.115108 0.114767 0.114203 0.113297 0.111885 0.109756 0.106649 0.102264 0.096287 0.088424 0.078454 0.066277 0.051969 0.035808 0.018271 0.000000 
50.000000 42.814656 35.862859 29.355399 23.461251 18.295053 13.912562 10.313873 7.452810 5.250041 3.607261 2.420182 1.588803 1.024284 0.652525 0.415002 0.267715 0.179039 0.127183 0.097718 0.081443 0.072701 0.068134 0.065811 0.064660 0.064105 0.063844 0.063723 0.063668 0.063639 0.063619 0.063595 0.063558 0.063492 0.063378 0.063183 0.062863 0.062349 0.061552 0.060355 0.058614 0.056166 0.052841 0.048485 0.042980 0.036278 0.028425 0.019573 0.009983 0.000000 
50.000000 42.810405 35.854495 29.343187 23.445554 18.276302 13.891223 10.290409 7.427659 5.223591 3.579843 2.392066 1.560198 0.995349 0.623371 0.385709 0.238336 0.149608 0.097722 0.068239 0.051955 0.043209 0.038638 0.036314 0.035163 0.034608 0.034347 0.034227 0.034172 0.034146 0.034130 0.034115 0.034093 0.034056 0.033993 0.033885 0.033708 0.033426 0.032989 0.032335 0.031386 0.030058 0.028260 0.025911 0.022951 0.019358 0.015158 0.010432 0.005319 0.000000 
50.000000 42.808058 35.849877 29.336444 23.436886 18.265949 13.879440 10.277454 7.413772 5.208987 3.564706 2.376544 1.544406 0.979373 0.607276 0.369537 0.222116 0.133360 0.081457 0.051965 0.035676 0.026926 0.022355 0.020030 0.018878 0.018323 0.018062 0.017942 0.017888 0.017863 0.017850 0.017840 0.017827 0.017807 0.017773 0.017715 0.017620 0.017469 0.017236 0.016889 0.016386 0.015684 0.014737 0.013503 0.011953 0.010076 0.007885 0.005425 0.002765 0.000000 
50.000000 42.806800 35.847402 29.332829 23.432240 18.260399 13.873124 10.270509 7.406328 5.201159 3.556592 2.368223 1.535941 0.970810 0.598648 0.360869 0.213422 0.124650 0.072739 0.043242 0.026950 0.018199 0.013626 0.011301 0.010149 0.009594 0.009333 0.009213 0.009160 0.009135 0.009124 0.009117 0.009109 0.009098 0.009080 0.009050 0.009000 0.008921 0.008800 0.008620 0.008360 0.007999 0.007512 0.006879 0.006086 0.005127 0.004010 0.002758 0.001405 0.000000 
50.000000 42.806148 35.846119 29.330957 23.429834 18.257525 13.869853 10.266913 7.402473 5.197105 3.552390 2.363914 1.531557 0.966376 0.594181 0.356380 0.208920 0.120141 0.068224 0.038725 0.022431 0.013680 0.009107 0.006781 0.005630 0.005074 0.004813 0.004694 0.004640 0.004616 0.004605 0.004600 0.004595 0.004589 0.004580 0.004564 0.004538 0.004498 0.004436 0.004344 0.004211 0.004027 0.003780 0.003460 0.003060 0.002576 0.002014 0.001385 0.000706 0.000000 
50.000000 42.805830 35.845494 29.330043 23.428659 18.256122 13.868256 10.265157 7.400591 5.195127 3.550339 2.361811 1.529418 0.964212 0.592000 0.354189 0.206723 0.117939 0.066021 0.036520 0.020226 0.011474 0.006901 0.004575 0.003423 0.002868 0.002607 0.002487 0.002434 0.002410 0.002400 0.002395 0.002392 0.002388 0.002383 0.002375 0.002361 0.002340 0.002307 0.002258 0.002189 0.002092 0.001963 0.001796 0.001587 0.001336 0.001044 0.000718 0.000366 0.000000 
50.000000 42.805701 35.845241 29.329674 23.428185 18.255555 13.867612 10.264448 7.399831 5.194328 3.549511 2.360962 1.528554 0.963338 0.591120 0.353304 0.205836 0.117051 0.065131 0.035630 0.019336 0.010583 0.006010 0.003684 0.002533 0.001977 0.001716 0.001597 0.001543 0.001520 0.001510 0.001505 0.001502 0.001500 0.001496 0.001491 0.001482 0.001469 0.001448 0.001417 0.001373 0.001312 0.001231 0.001125 0.000994 0.000836 0.000653 0.000449 0.000229 0.000000 
50.000000 42.805701 35.845241 29.329674 23.428185 18.255555 13.867612 10.264448 7.399831 5.194328 3.549511 2.360962 1.528554 0.963338 0.591120 0.353304 0.205836 0.117051 0.065131 0.035630 0.019336 0.010583 0.006010 0.003684 0.002533 0.001977 0.001716 0.001597 0.001543 0.001520 0.001510 0.001505 0.001502 0.001500 0.001496 0.001491 0.001482 0.001469 0.001448 0.001417 0.001373 0.001312 0.001231 0.001125 0.000994 0.000836 0.000653 0.000449 0.000229 0.000000 
50.000000 42.805830 35.845494 29.330043 23.428659 18.256122 13.868256 10.265157 7.400591 5.195127 3.550339 2.361811 1.529418 0.964212 0.592000 0.354189 0.206723 0.117939 0.066021 0.036520 0.020226 0.011474 0.006901 0.004575 0.003423 0.002868 0.002607 0.002487 0.002434 0.002410 0.002400 0.002395 0.002392 0.002388 0.002383 0.002375 0.002361 0.002340 0.002307 0.002258 0.002189 0.002092 0.001963 0.001796 0.001587 0.001336 0.001044 0.000718 0.000366 0.000000 
50.000000 42.806148 35.846119 29.330957 23.429834 18.257525 13.869853 10.266913 7.402473 5.197105 3.552390 2.363914 1.531557 0.966376 0.594181 0.356380 0.208920 0.120141 0.068224 0.038725 0.022431 0.013680 0.009107 0.006781 0.005630 0.005074 0.004813 0.004694 0.004640 0.004616 0.004605 0.004600 0.004595 0.004589 0.004580 0.004564 0.004538 0.004498 0.004436 0.004344 0.004211 0.004027 0.003780 0.003460 0.003060 0.002576 0.002014 0.001385 0.000706 0.000000 
50.000000 42.806800 35.847402 29.332829 23.432240 18.260399 13.873124 10.270509 7.406328 5.201159 3.556592 2.368223 1.535941 0.970810 0.598648 0.360869 0.213422 0.124650 0.072739 0.043242 0.026950 0.018199 0.013626 0.011301 0.010149 0.009594 0.009333 0.009213 0.009160 0.009135 0.009124 0.009117 0.009109 0.009098 0.009080 0.009050 0.009000 0.008921 0.008800 0.008620 0.008360 0.007999 0.007512 0.006879 0.006086 0.005127 0.004010 0.002758 0.001405 0.000000 
50.000000 42.808058 35.849877 29.336444 23.436886 18.265949 13.879440 10.277454 7.413772 5.208987 3.564706 2.376544 1.544406 0.979373 0.607276 0.369537 0.222116 0.133360 0.081457 0.051965 0.035676 0.026926 0.022355 0.020030 0.018878 0.018323 0.018062 0.017942 0.017888 0.017863 0.017850 0.017840 0.017827 0.017807 0.017773 0.017715 0.017620 0.017469 0.017236 0.016889 0.016386 0.015684 0.014737 0.013503 0.011953 0.010076 0.007885 0.005425 0.002765 0.000000 
50.000000 42.810405 35.854495 29.343187 23.445554 18.276302 13.891223 10.290409 7.427659 5.223591 3.579843 2.392066 1.560198 0.995349 0.623371 0.385709 0.238336 0.149608 0.097722 0.068239 0.051955 0.043209 0.038638 0.036314 0.035163 0.034608 0.034347 0.034227 0.034172 0.034146 0.034130 0.034115 0.034093 0.034056 0.033993 0.033885 0.033708 0.033426 0.032989 0.032335 0.031386 0.030058 0.028260 0.025911 0.022951 0.019358 0.015158 0.010432 0.005319 0.000000 
50.000000 42.814656 35.862859 29.355399 23.461251 18.295053 13.912562 10.313873 7.452810 5.250041 3.607261 2.420182 1.588803 1.024284 0.652525 0.415002 0.267715 0.179039 0.127183 0.097718 0.081443 0.072701 0.068134 0.065811 0.064660 0.064105 0.063844 0.063723 0.063668 0.063639 0.063619 0.063595 0.063558 0.063492 0.063378 0.063183 0.062863 0.062349 0.061552 0.060355 0.058614 0.056166 0.052841 0.048485 0.042980 0.036278 0.028425 0.019573 0.009983 0.000000 
50.000000 42.822137 35.877577 29.376891 23.488876 18.328051 13.950117 10.355168 7.497076 5.296593 3.655516 2.469667 1.639148 1.075213 0.703838 0.466560 0.319425 0.230840 0.179037 0.149602 0.133344 0.124611 0.120048 0.117728 0.116579 0.116024 0.115762 0.115641 0.115583 0.115551 0.115524 0.115486 0.115421 0.115307 0.115108 0.114767 0.114203 0.113297 0.111885 0.109756 0.106649 0.102264 0.096287 0.088424 0.078454 0.066277 0.051969 0.035808 0.018271 0.000000 
50.000000 42.834928 35.902743 29.413638 23.536110 18.384475 14.014333 10.425779 7.572769 5.376195 3.738033 2.554288 1.725241 1.162305 0.791587 0.554729 0.407853 0.319424 0.267713 0.238329 0.222100 0.213383 0.208828 0.206511 0.205364 0.204810 0.204548 0.204425 0.204365 0.204327 0.204287 0.204226 0.204119 0.203927 0.203589 0.203010 0.202049 0.200497 0.198072 0.194398 0.189014 0.181382 0.170933 0.157131 0.139558 0.118017 0.092624 0.063865 0.032602 0.000000 
50.000000 42.856171 35.944536 29.474665 23.614555 18.478183 14.120983 10.543052 7.698484 5.508406 3.875084 2.694836 1.868236 1.306960 0.937333 0.701172 0.554728 0.466559 0.415000 0.385703 0.369521 0.360829 0.356287 0.353977 0.352833 0.352280 0.352018 0.351894 0.351829 0.351781 0.351724 0.351628 0.351454 0.351140 0.350586 0.349635 0.348046 0.345473 0.341433 0.335286 0.326232 0.313337 0.295596 0.272044 0.241915 0.204820 0.160923 0.111054 0.056722 0.000000 
50.000000 42.890423 36.011924 29.573068 23.741045 18.629283 14.292955 10.732157 7.901203 5.721603 4.096091 2.921483 2.098830 1.540233 1.172369 0.937333 0.791586 0.703837 0.652522 0.623364 0.607259 0.598608 0.594088 0.591789 0.590650 0.590099 0.589837 0.589710 0.589638 0.589577 0.589493 0.589344 0.589072 0.588577 0.587699 0.586185 0.583646 0.579517 0.573001 0.563036 0.548280 0.527145 0.497901 0.458856 0.408630 0.346470 0.272571 0.188300 0.096242 0.000000 
50.000000 42.944025 36.117383 29.727064 23.938997 18.865755 14.562094 11.028112 8.218471 6.055273 4.441988 3.276210 2.459738 1.905336 1.540233 1.306959 1.162305 1.075212 1.024282 0.995342 0.979357 0.970771 0.966284 0.964002 0.962871 0.962323 0.962061 0.961930 0.961850 0.961770 0.961647 0.961425 0.961011 0.960257 0.958914 0.956586 0.952668 0.946261 0.936098 0.920466 0.897178 0.863610 0.816856 0.754017 0.672650 0.571321 0.450183 0.311404 0.159298 0.000000 
50.000000 43.025409 36.277503 29.960881 24.239556 19.224803 14.970748 11.477490 8.700215 6.561928 4.967214 3.814849 3.007768 2.459738 2.098830 1.868235 1.725241 1.639147 1.588800 1.560192 1.544390 1.535902 1.531466 1.529210 1.528091 1.527548 1.527286 1.527151 1.527058 1.526953 1.526779 1.526456 1.525852 1.524744 1.522762 1.519313 1.513477 1.503884 1.488576 1.464881 1.429340 1.377739 1.305318 1.207221 1.079207 0.918590 0.725256 0.502497 0.257327 0.000000 
50.000000 43.145252 36.513289 30.305192 24.682152 19.753534 15.572535 12.139253 9.409651 7.308056 5.740699 4.608096 3.814849 3.276210 2.921483 2.694836 2.554288 2.469666 2.420180 2.392060 2.376528 2.368184 2.363824 2.361606 2.360506 2.359970 2.359709 2.359568 2.359461 2.359323 2.359084 2.358633 2.357783 2.356217 2.353403 2.348482 2.340112 2.326273 2.304048 2.269403 2.217037 2.140378 2.031842 1.883475 1.688051 1.440613 1.140248 0.791667 0.405972 0.000000 
50.000000 43.316349 36.849917 30.796763 25.314051 20.508416 16.431728 13.084088 10.422560 8.373366 6.845078 5.740699 4.967214 4.441988 4.096091 3.875084 3.738032 3.655515 3.607258 3.579837 3.564690 3.556554 3.552302 3.550138 3.549064 3.548540 3.548281 3.548134 3.548009 3.547833 3.547515 3.546908 3.545760 3.543635 3.539798 3.533056 3.521522 3.502332 3.471296 3.422539 3.348208 3.238368 3.081269 2.864192 2.575058 2.204865 1.750716 1.218793 0.626148 0.000000 
50.000000 43.553104 37.315727 31.476977 26.188451 21.553005 17.620673 14.391557 11.824244 9.847576 8.373366 7.308056 6.561928 6.055273 5.721603 5.508406 5.376195 5.296592 5.250038 5.223585 5.208972 5.201123 5.197020 5.194932 5.193895 5.193387 5.193132 5.192979 5.192835 5.192617 5.192211 5.191430 5.189944 5.187182 5.182174 5.173324 5.158095 5.132587 5.091019 5.025158 4.923788 4.772392 4.553308 4.246717 3.832833 3.295575 2.627601 1.835824 0.945483 0.000000 
50.000000 43.870534 37.940265 32.388986 27.360825 22.953574 19.214807 16.144622 13.703652 11.824244 10.422560 9.409651 8.700215 8.218471 7.901203 7.698483 7.572769 7.497075 7.452808 7.427653 7.413757 7.406293 7.402391 7.400405 7.399418 7.398933 7.398684 7.398527 7.398364 7.398102 7.397607 7.396647 7.394813 7.391388 7.385146 7.374058 7.354861 7.322476 7.269273 7.184192 7.051853 6.851826 6.558451 6.141723 5.569962 4.814976 3.860083 2.710148 1.400637 0.000000 
50.000000 44.282794 38.751381 33.573458 28.883455 24.772588 21.285231 18.421480 16.144622 14.391557 13.084088 12.139253 11.477490 11.028112 10.732157 10.543052 10.425779 10.355167 10.313871 10.290404 10.277441 10.270477 10.266837 10.264983 10.264061 10.263605 10.263368 10.263209 10.263030 10.262731 10.262155 10.261034 10.258882 10.254846 10.247456 10.234256 10.211256 10.172172 10.107411 10.002819 9.838249 9.586171 9.210740 8.668055 7.908758 6.884540 5.560069 3.930626 2.041744 0.000000 
50.000000 44.801303 39.771544 35.063205 30.798525 27.060444 23.889316 21.285231 19.214807 17.620673 16.431728 15.572535 14.970748 14.562094 14.292955 14.120983 14.014333 13.950116 13.912560 13.891218 13.879428 13.873094 13.869784 13.868097 13.867257 13.866841 13.866619 13.866463 13.866275 13.865949 13.865317 13.864079 13.861694 13.857202 13.848939 13.834099 13.808077 13.763527 13.689060 13.567536 13.373956 13.073083 12.617176 11.944658 10.981320 9.646796 7.870303 5.619590 2.941964 0.000000 
50.000000 45.432704 41.013824 36.877319 33.130578 29.846468 27.060444 24.772588 22.953574 21.553005 20.508416 19.753534 19.224803 18.865755 18.629283 18.478182 18.384475 18.328051 18.295051 18.276298 18.265938 18.260373 18.257463 18.255981 18.255242 18.254874 18.254675 18.254527 18.254340 18.254007 18.253356 18.252075 18.249599 18.244917 18.236268 18.220653 18.193105 18.145596 18.065484 17.933358 17.720172 17.383613 16.863829 16.079125 14.923234 13.268003 10.979125 7.957586 4.219413 0.000000 
50.000000 46.176978 42.478183 39.015742 35.879542 33.130578 30.798525 28.883455 27.360825 26.188451 25.314051 24.682152 24.239556 23.938997 23.741044 23.614555 23.536110 23.488875 23.461250 23.445550 23.436877 23.432218 23.429782 23.428541 23.427921 23.427611 23.427441 23.427309 23.427135 23.426820 23.426199 23.424974 23.422599 23.418093 23.409735 23.394575 23.367676 23.320966 23.241539 23.109186 22.892876 22.545849 21.998915 21.151729 19.862574 17.939771 15.144915 11.234293 6.090977 0.000000 
50.000000 47.026089 44.148811 41.455388 39.015742 36.877319 35.063205 33.573458 32.388986 31.476977 30.796763 30.305192 29.960881 29.727064 29.573068 29.474665 29.413638 29.376890 29.355398 29.343184 29.336437 29.332812 29.330916 29.329951 29.329468 29.329226 29.329091 29.328983 29.328836 29.328566 29.328032 29.326976 29.324922 29.321015 29.313742 29.300498 29.276881 29.235625 29.164944 29.046047 28.849376 28.528903 28.013388 27.192902 25.898194 23.870827 20.727694 15.949964 9.015037 0.000000 
50.000000 47.963523 45.993218 44.148811 42.478183 41.013824 39.771544 38.751381 37.940265 37.315727 36.849917 36.513289 36.277503 36.117383 36.011924 35.944536 35.902743 35.877577 35.862858 35.854493 35.849872 35.847390 35.846092 35.845430 35.845100 35.844933 35.844839 35.844762 35.844656 35.844458 35.844065 35.843286 35.841770 35.838878 35.833482 35.823624 35.805979 35.775006 35.721622 35.631124 35.479903 35.230117 34.820755 34.151953 33.056238 31.243890 28.198848 22.996609 14.107533 0.000000 
50.000000 48.964946 47.963523 47.026089 46.176978 45.432704 44.801303 44.282794 43.870534 43.553104 43.316349 43.145252 43.025409 42.944025 42.890423 42.856171 42.834928 42.822137 42.814656 42.810404 42.808055 42.806793 42.806134 42.805797 42.805629 42.805544 42.805496 42.805456 42.805400 42.805295 42.805087 42.804673 42.803867 42.802327 42.799449 42.794180 42.784727 42.768082 42.739280 42.690201 42.607620 42.469897 42.241049 41.859339 41.213291 40.086001 38.011051 33.855990 24.482473 0.000000 
50.000000 50.000000 50.000000 50.000000 50.000000 50.000000 50.000000 50.000000 50.000000 50.000000 50.000000 50.000000 50.000000 50.000000 50.000000 50.000000 50.000000 50.000000 50.000000 50.000000 50.000000 50.000000 50.000000 50.000000 50.000000 50.000000 50.000000 50.000000 50.000000 50.000000 50.000000 50.000000 50.000000 50.000000 50.000000 50.000000 50.000000 50.000000 50.000000 50.000000 50.000000 50.000000 50.000000 50.000000 50.000000 50.000000 50.000000 50.000000 50.000000 50.000000 
