50.000000 50.000000 50.000000 50.000000 50.000000 50.000000 50.000000 50.000000 50.000000 50.000000 50.000000 50.000000 50.000000 50.000000 50.000000 50.000000 50.000000 50.000000 50.000000 50.000000 50.000000 50.000000 50.000000 50.000000 50.000000 50.000000 50.000000 50.000000 50.000000 50.000000 50.000000 50.000000 50.000000 50.000000 50.000000 50.000000 50.000000 50.000000 50.000000 50.000000 50.000000 50.000000 50.000000 50.000000 50.000000 50.000000 50.000000 50.000000 50.000000 50.000000 
50.000000 44.500628 39.944572 36.794357 34.954678 34.034891 33.635874 33.483813 33.432343 33.416718 33.412428 33.411355 33.411109 33.411057 33.411046 33.411044 33.411044 33.411044 33.411044 33.411044 33.411044 33.411044 33.411044 33.411044 33.411044 33.411044 33.411044 33.411044 33.411044 33.411044 33.411044 33.411044 33.411044 33.411044 33.411044 33.411044 33.411043 33.411040 33.411023 33.410940 33.410550 33.408862 33.402085 33.376830 33.289417 33.007017 32.146152 29.619592 22.250314 0.000000 
50.000000 39.944572 31.614482 25.855441 22.492787 20.811887 20.082851 19.805091 19.711098 19.682573 19.674743 19.672784 19.672335 19.672240 19.672221 19.672218 19.672217 19.672217 19.672217 19.672217 19.672217 19.672217 19.672217 19.672217 19.672217 19.672217 19.672217 19.672217 19.672217 19.672217 19.672217 19.672217 19.672217 19.672217 19.672217 19.672217 19.672216 19.672212 19.672188 19.672071 19.671532 19.669226 19.660112 19.626921 19.515925 19.175932 18.224724 15.807241 10.324980 0.000000 
50.000000 36.794357 25.855441 18.293905 13.879698 11.673706 10.717201 10.352890 10.229649 10.192261 10.182001 10.179436 10.178848 10.178724 10.178699 10.178695 10.178694 10.178694 10.178694 10.178694 10.178694 10.178694 10.178694 10.178694 10.178694 10.178694 10.178694 10.178694 10.178694 10.178694 10.178694 10.178694 10.178694 10.178694 10.178694 10.178694 10.178693 10.178689 10.178669 10.178570 10.178115 10.176196 10.168736 10.142192 10.056253 9.804862 9.146952 7.630717 4.648205 0.000000 
50.000000 34.954678 22.492787 13.879698 8.852595 6.340897 5.252130 4.837563 4.697366 4.654847 4.643184 4.640269 4.639600 4.639459 4.639432 4.639426 4.639426 4.639425 4.639425 4.639425 4.639425 4.639425 4.639425 4.639425 4.639425 4.639425 4.639425 4.639425 4.639425 4.639425 4.639425 4.639425 4.639425 4.639425 4.639425 4.639425 4.639425 4.639422 4.639410 4.639347 4.639062 4.637872 4.633317 4.617438 4.567403 4.426297 4.074836 3.316855 1.947661 0.000000 
50.000000 34.034891 20.811887 11.673706 6.340897 3.676926 2.522380 2.082862 1.934260 1.889203 1.876847 1.873760 1.873052 1.872903 1.872874 1.872868 1.872867 1.872867 1.872867 1.872867 1.872867 1.872867 1.872867 1.872867 1.872867 1.872867 1.872867 1.872867 1.872867 1.872867 1.872867 1.872867 1.872867 1.872867 1.872867 1.872867 1.872867 1.872866 1.872859 1.872827 1.872683 1.872090 1.869848 1.862161 1.838463 1.773494 1.617453 1.295962 0.745474 0.000000 
50.000000 33.635874 20.082851 10.717201 5.252130 2.522380 1.339469 0.889212 0.737002 0.690857 0.678204 0.675043 0.674319 0.674166 0.674136 0.674131 0.674130 0.674130 0.674130 0.674130 0.674130 0.674130 0.674130 0.674130 0.674130 0.674130 0.674130 0.674130 0.674130 0.674130 0.674130 0.674130 0.674130 0.674130 0.674130 0.674130 0.674130 0.674129 0.674126 0.674113 0.674052 0.673804 0.672875 0.669735 0.660219 0.634692 0.575009 0.455930 0.259044 0.000000 
50.000000 33.483813 19.805091 10.352890 4.837563 2.082862 0.889212 0.434899 0.281327 0.234773 0.222010 0.218821 0.218091 0.217937 0.217906 0.217901 0.217900 0.217900 0.217900 0.217900 0.217900 0.217900 0.217900 0.217900 0.217900 0.217900 0.217900 0.217900 0.217900 0.217900 0.217900 0.217900 0.217900 0.217900 0.217900 0.217900 0.217900 0.217899 0.217898 0.217893 0.217871 0.217782 0.217449 0.216338 0.213014 0.204246 0.184154 0.144979 0.081728 0.000000 
50.000000 33.432343 19.711098 10.229649 4.697366 1.934260 0.737002 0.281327 0.127301 0.080610 0.067810 0.064612 0.063880 0.063725 0.063695 0.063689 0.063688 0.063688 0.063688 0.063688 0.063688 0.063688 0.063688 0.063688 0.063688 0.063688 0.063688 0.063688 0.063688 0.063688 0.063688 0.063688 0.063688 0.063688 0.063688 0.063688 0.063688 0.063688 0.063687 0.063686 0.063679 0.063650 0.063546 0.063198 0.062171 0.059494 0.053453 0.041872 0.023481 0.000000 
50.000000 33.416718 19.682573 10.192261 4.654847 1.889203 0.690857 0.234773 0.080610 0.033879 0.021068 0.017867 0.017134 0.016979 0.016949 0.016943 0.016942 0.016942 0.016942 0.016942 0.016942 0.016942 0.016942 0.016942 0.016942 0.016942 0.016942 0.016942 0.016942 0.016942 0.016942 0.016942 0.016942 0.016942 0.016942 0.016942 0.016942 0.016942 0.016942 0.016942 0.016940 0.016932 0.016902 0.016805 0.016520 0.015785 0.014145 0.011040 0.006169 0.000000 
50.000000 33.412428 19.674743 10.182001 4.643184 1.876847 0.678204 0.222010 0.067810 0.021068 0.008253 0.005052 0.004319 0.004164 0.004133 0.004128 0.004127 0.004127 0.004127 0.004127 0.004127 0.004127 0.004127 0.004127 0.004127 0.004127 0.004127 0.004127 0.004127 0.004127 0.004127 0.004127 0.004127 0.004127 0.004127 0.004127 0.004127 0.004127 0.004127 0.004126 0.004126 0.004124 0.004116 0.004092 0.004020 0.003837 0.003432 0.002671 0.001489 0.000000 
50.000000 33.411355 19.672784 10.179436 4.640269 1.873760 0.675043 0.218821 0.064612 0.017867 0.005052 0.001851 0.001117 0.000962 0.000932 0.000926 0.000926 0.000925 0.000925 0.000925 0.000925 0.000925 0.000925 0.000925 0.000925 0.000925 0.000925 0.000925 0.000925 0.000925 0.000925 0.000925 0.000925 0.000925 0.000925 0.000925 0.000925 0.000925 0.000925 0.000925 0.000925 0.000925 0.000923 0.000917 0.000901 0.000859 0.000767 0.000596 0.000331 0.000000 
50.000000 33.411109 19.672335 10.178848 4.639600 1.873052 0.674319 0.218091 0.063880 0.017134 0.004319 0.001117 0.000384 0.000229 0.000199 0.000193 0.000192 0.000192 0.000192 0.000192 0.000192 0.000192 0.000192 0.000192 0.000192 0.000192 0.000192 0.000192 0.000192 0.000192 0.000192 0.000192 0.000192 0.000192 0.000192 0.000192 0.000192 0.000192 0.000192 0.000192 0.000192 0.000192 0.000191 0.000190 0.000187 0.000178 0.000159 0.000123 0.000068 0.000000 
50.000000 33.411057 19.672240 10.178724 4.639459 1.872903 0.674166 0.217937 0.063725 0.016979 0.004164 0.000962 0.000229 0.000074 0.000044 0.000038 0.000037 0.000037 0.000037 0.000037 0.000037 0.000037 0.000037 0.000037 0.000037 0.000037 0.000037 0.000037 0.000037 0.000037 0.000037 0.000037 0.000037 0.000037 0.000037 0.000037 0.000037 0.000037 0.000037 0.000037 0.000037 0.000037 0.000037 0.000037 0.000036 0.000034 0.000031 0.000024 0.000013 0.000000 
50.000000 33.411046 19.672221 10.178699 4.639432 1.872874 0.674136 0.217906 0.063695 0.016949 0.004133 0.000932 0.000199 0.000044 0.000013 0.000008 0.000007 0.000007 0.000007 0.000007 0.000007 0.000007 0.000007 0.000007 0.000007 0.000007 0.000007 0.000007 0.000007 0.000007 0.000007 0.000007 0.000007 0.000007 0.000007 0.000007 0.000007 0.000007 0.000007 0.000007 0.000007 0.000007 0.000007 0.000007 0.000006 0.000006 0.000005 0.000004 0.000002 0.000000 
50.000000 33.411044 19.672218 10.178695 4.639426 1.872868 0.674131 0.217901 0.063689 0.016943 0.004128 0.000926 0.000193 0.000038 0.000008 0.000002 0.000001 0.000001 0.000001 0.000001 0.000001 0.000001 0.000001 0.000001 0.000001 0.000001 0.000001 0.000001 0.000001 0.000001 0.000001 0.000001 0.000001 0.000001 0.000001 0.000001 0.000001 0.000001 0.000001 0.000001 0.000001 0.000001 0.000001 0.000001 0.000001 0.000001 0.000001 0.000001 0.000000 0.000000 
50.000000 33.411044 19.672217 10.178694 4.639426 1.872867 0.674130 0.217900 0.063688 0.016942 0.004127 0.000926 0.000192 0.000037 0.000007 0.000001 0.000000 0.000000 0.000000 0.000000 0.000000 0.000000 0.000000 0.000000 0.000000 0.000000 0.000000 0.000000 0.000000 0.000000 0.000000 0.000000 0.000000 0.000000 0.000000 0.000000 0.000000 0.000000 0.000000 0.000000 0.000000 0.000000 0.000000 0.000000 0.000000 0.000000 0.000000 0.000000 0.000000 0.000000 
50.000000 33.411044 19.672217 10.178694 4.639425 1.872867 0.674130 0.217900 0.063688 0.016942 0.004127 0.000925 0.000192 0.000037 0.000007 0.000001 0.000000 0.000000 0.000000 0.000000 0.000000 0.000000 0.000000 0.000000 0.000000 0.000000 0.000000 0.000000 0.000000 0.000000 0.000000 0.000000 0.000000 0.000000 0.000000 0.000000 0.000000 0.000000 0.000000 0.000000 0.000000 0.000000 0.000000 0.000000 0.000000 0.000000 0.000000 0.000000 0.000000 0.000000 
50.000000 33.411044 19.672217 10.178694 4.639425 1.872867 0.674130 0.217900 0.063688 0.016942 0.004127 0.000925 0.000192 0.000037 0.000007 0.000001 0.000000 0.000000 0.000000 0.000000 0.000000 0.000000 0.000000 0.000000 0.000000 0.000000 0.000000 0.000000 0.000000 0.000000 0.000000 0.000000 0.000000 0.000000 0.000000 0.000000 0.000000 0.000000 0.000000 0.000000 0.000000 0.000000 0.000000 0.000000 0.000000 0.000000 0.000000 0.000000 0.000000 0.000000 
50.000000 33.411044 19.672217 10.178694 4.639425 1.872867 0.674130 0.217900 0.063688 0.016942 0.004127 0.000925 0.000192 0.000037 0.000007 0.000001 0.000000 0.000000 0.000000 0.000000 0.000000 0.000000 0.000000 0.000000 0.000000 0.000000 0.000000 0.000000 0.000000 0.000000 0.000000 0.000000 0.000000 0.000000 0.000000 0.000000 0.000000 0.000000 0.000000 0.000000 0.000000 0.000000 0.000000 0.000000 0.000000 0.000000 0.000000 0.000000 0.000000 0.000000 
50.000000 33.411044 19.672217 10.178694 4.639425 1.872867 0.674130 0.217900 0.063688 0.016942 0.004127 0.000925 0.000192 0.000037 0.000007 0.000001 0.000000 0.000000 0.000000 0.000000 0.000000 0.000000 0.000000 0.000000 0.000000 0.000000 0.000000 0.000000 0.000000 0.000000 0.000000 0.000000 0.000000 0.000000 0.000000 0.000000 0.000000 0.000000 0.000000 0.000000 0.000000 0.000000 0.000000 0.000000 0.000000 0.000000 0.000000 0.000000 0.000000 0.000000 
50.000000 33.411044 19.672217 10.178694 4.639425 1.872867 0.674130 0.217900 0.063688 0.016942 0.004127 0.000925 0.000192 0.000037 0.000007 0.000001 0.000000 0.000000 0.000000 0.000000 0.000000 0.000000 0.000000 0.000000 0.000000 0.000000 0.000000 0.000000 0.000000 0.000000 0.000000 0.000000 0.000000 0.000000 0.000000 0.000000 0.000000 0.000000 0.000000 0.000000 0.000000 0.000000 0.000000 0.000000 0.000000 0.000000 0.000000 0.000000 0.000000 0.000000 
50.000000 33.411044 19.672217 10.178694 4.639425 1.872867 0.674130 0.217900 0.063688 0.016942 0.004127 0.000925 0.000192 0.000037 0.000007 0.000001 0.000000 0.000000 0.000000 0.000000 0.000000 0.000000 0.000000 0.000000 0.000000 0.000000 0.000000 0.000000 0.000000 0.000000 0.000000 0.000000 0.000000 0.000000 0.000000 0.000000 0.000000 0.000000 0.000000 0.000000 0.000000 0.000000 0.000000 0.000000 0.000000 0.000000 0.000000 0.000000 0.000000 0.000000 
50.000000 33.411044 19.672217 10.178694 4.639425 1.872867 0.674130 0.217900 0.063688 0.016942 0.004127 0.000925 0.000192 0.000037 0.000007 0.000001 0.000000 0.000000 0.000000 0.000000 0.000000 0.000000 0.000000 0.000000 0.000000 0.000000 0.000000 0.000000 0.000000 0.000000 0.000000 0.000000 0.000000 0.000000 0.000000 0.000000 0.000000 0.000000 0.000000 0.000000 0.000000 0.000000 0.000000 0.000000 0.000000 0.000000 0.000000 0.000000 0.000000 0.000000 
50.000000 33.411044 19.672217 10.178694 4.639425 1.872867 0.674130 0.217900 0.063688 0.016942 0.004127 0.000925 0.000192 0.000037 0.000007 0.000001 0.000000 0.000000 0.000000 0.000000 0.000000 0.000000 0.000000 0.000000 0.000000 0.000000 0.000000 0.000000 0.000000 0.000000 0.000000 0.000000 0.000000 0.000000 0.000000 0.000000 0.000000 0.000000 0.000000 0.000000 0.000000 0.000000 0.000000 0.000000 0.000000 0.000000 0.000000 0.000000 0.000000 0.000000 
50.000000 33.411044 19.672217 10.178694 4.639425 1.872867 0.674130 0.217900 0.063688 0.016942 0.004127 0.000925 0.000192 0.000037 0.000007 0.000001 0.000000 0.000000 0.000000 0.000000 0.000000 0.000000 0.000000 0.000000 0.000000 0.000000 0.000000 0.000000 0.000000 0.000000 0.000000 0.000000 0.000000 0.000000 0.000000 0.000000 0.000000 0.000000 0.000000 0.000000 0.000000 0.000000 0.000000 0.000000 0.000000 0.000000 0.000000 0.000000 0.000000 0.000000 
50.000000 33.411044 19.672217 10.178694 4.639425 1.872867 0.674130 0.217900 0.063688 0.016942 0.004127 0.000925 0.000192 0.000037 0.000007 0.000001 0.000000 0.000000 0.000000 0.000000 0.000000 0.000000 0.000000 0.000000 0.000000 0.000000 0.000000 0.000000 0.000000 0.000000 0.000000 0.000000 0.000000 0.000000 0.000000 0.000000 0.000000 0.000000 0.000000 0.000000 0.000000 0.000000 0.000000 0.000000 0.000000 0.000000 0.000000 0.000000 0.000000 0.000000 
50.000000 33.411044 19.672217 10.178694 4.639425 1.872867 0.674130 0.217900 0.063688 0.016942 0.004127 0.000925 0.000192 0.000037 0.000007 0.000001 0.000000 0.000000 0.000000 0.000000 0.000000 0.000000 0.000000 0.000000 0.000000 0.000000 0.000000 0.000000 0.000000 0.000000 0.000000 0.000000 0.000000 0.000000 0.000000 0.000000 0.000000 0.000000 0.000000 0.000000 0.000000 0.000000 0.000000 0.000000 0.000000 0.000000 0.000000 0.000000 0.000000 0.000000 
50.000000 33.411044 19.672217 10.178694 4.639425 1.872867 0.674130 0.217900 0.063688 0.016942 0.004127 0.000925 0.000192 0.000037 0.000007 0.000001 0.000000 0.000000 0.000000 0.000000 0.000000 0.000000 0.000000 0.000000 0.000000 0.000000 0.000000 0.000000 0.000000 0.000000 0.000000 0.000000 0.000000 0.000000 0.000000 0.000000 0.000000 0.000000 0.000000 0.000000 0.000000 0.000000 0.000000 0.000000 0.000000 0.000000 0.000000 0.000000 0.000000 0.000000 
50.000000 33.411044 19.672217 10.178694 4.639425 1.872867 0.674130 0.217900 0.063688 0.016942 0.004127 0.000925 0.000192 0.000037 0.000007 0.000001 0.000000 0.000000 0.000000 0.000000 0.000000 0.000000 0.000000 0.000000 0.000000 0.000000 0.000000 0.000000 0.000000 0.000000 0.000000 0.000000 0.000000 0.000000 0.000000 0.000000 0.000000 0.000000 0.000000 0.000000 0.000000 0.000000 0.000000 0.000000 0.000000 0.000000 0.000000 0.000000 0.000000 0.000000 
50.000000 33.411044 19.672217 10.178694 4.639425 1.872867 0.674130 0.217900 0.063688 0.016942 0.004127 0.000925 0.000192 0.000037 0.000007 0.000001 0.000000 0.000000 0.000000 0.000000 0.000000 0.000000 0.000000 0.000000 0.000000 0.000000 0.000000 0.000000 0.000000 0.000000 0.000000 0.000000 0.000000 0.000000 0.000000 0.000000 0.000000 0.000000 0.000000 0.000000 0.000000 0.000000 0.000000 0.000000 0.000000 0.000000 0.000000 0.000000 0.000000 0.000000 
50.000000 33.411044 19.672217 10.178694 4.639425 1.872867 0.674130 0.217900 0.063688 0.016942 0.004127 0.000925 0.000192 0.000037 0.000007 0.000001 0.000000 0.000000 0.000000 0.000000 0.000000 0.000000 0.000000 0.000000 0.000000 0.000000 0.000000 0.000000 0.000000 0.000000 0.000000 0.000000 0.000000 0.000000 0.000000 0.000000 0.000000 0.000000 0.000000 0.000000 0.000000 0.000000 0.000000 0.000000 0.000000 0.000000 0.000000 0.000000 0.000000 0.000000 
50.000000 33.411044 19.672217 10.178694 4.639425 1.872867 0.674130 0.217900 0.063688 0.016942 0.004127 0.000925 0.000192 0.000037 0.000007 0.000001 0.000000 0.000000 0.000000 0.000000 0.000000 0.000000 0.000000 0.000000 0.000000 0.000000 0.000000 0.000000 0.000000 0.000000 0.000000 0.000000 0.000000 0.000000 0.000000 0.000000 0.000000 0.000000 0.000000 0.000000 0.000000 0.000000 0.000000 0.000000 0.000000 0.000000 0.000000 0.000000 0.000000 0.000000 
50.000000 33.411044 19.672217 10.178694 4.639426 1.872867 0.674130 0.217900 0.063688 0.016942 0.004127 0.000926 0.000192 0.000037 0.000007 0.000001 0.000000 0.000000 0.000000 0.000000 0.000000 0.000000 0.000000 0.000000 0.000000 0.000000 0.000000 0.000000 0.000000 0.000000 0.000000 0.000000 0.000000 0.000000 0.000000 0.000000 0.000000 0.000000 0.000000 0.000000 0.000000 0.000000 0.000000 0.000000 0.000000 0.000000 0.000000 0.000000 0.000000 0.000000 
50.000000 33.411044 19.672218 10.178695 4.639426 1.872868 0.674131 0.217901 0.063689 0.016943 0.004128 0.000926 0.000193 0.000038 0.000008 0.000002 0.000001 0.000001 0.000001 0.000001 0.000001 0.000001 0.000001 0.000001 0.000001 0.000001 0.000001 0.000001 0.000001 0.000001 0.000001 0.000001 0.000001 0.000001 0.000001 0.000001 0.000001 0.000001 0.000001 0.000001 0.000001 0.000001 0.000001 0.000001 0.000001 0.000001 0.000001 0.000001 0.000000 0.000000 
50.000000 33.411046 19.672221 10.178699 4.639432 1.872874 0.674136 0.217906 0.063695 0.016949 0.004133 0.000932 0.000199 0.000044 0.000013 0.000008 0.000007 0.000007 0.000007 0.000007 0.000007 0.000007 0.000007 0.000007 0.000007 0.000007 0.000007 0.000007 0.000007 0.000007 0.000007 0.000007 0.000007 0.000007 0.000007 0.000007 0.000007 0.000007 0.000007 0.000007 0.000007 0.000007 0.000007 0.000007 0.000006 0.000006 0.000005 0.000004 0.000002 0.000000 
50.000000 33.411057 19.672240 10.178724 4.639459 1.872903 0.674166 0.217937 0.063725 0.016979 0.004164 0.000962 0.000229 0.000074 0.000044 0.000038 0.000037 0.000037 0.000037 0.000037 0.000037 0.000037 0.000037 0.000037 0.000037 0.000037 0.000037 0.000037 0.000037 0.000037 0.000037 0.000037 0.000037 0.000037 0.000037 0.000037 0.000037 0.000037 0.000037 0.000037 0.000037 0.000037 0.000037 0.000037 0.000036 0.000034 0.000031 0.000024 0.000013 0.000000 
50.000000 33.411109 19.672335 10.178848 4.639600 1.873052 0.674319 0.218091 0.063880 0.017134 0.004319 0.001117 0.000384 0.000229 0.000199 0.000193 0.000192 0.000192 0.000192 0.000192 0.000192 0.000192 0.000192 0.000192 0.000192 0.000192 0.000192 0.000192 0.000192 0.000192 0.000192 0.000192 0.000192 0.000192 0.000192 0.000192 0.000192 0.000192 0.000192 0.000192 0.000192 0.000192 0.000191 0.000190 0.000187 0.000178 0.000159 0.000123 0.000068 0.000000 
50.000000 33.411355 19.672784 10.179436 4.640269 1.873760 0.675043 0.218821 0.064612 0.017867 0.005052 0.001851 0.001117 0.000962 0.000932 0.000926 0.000926 0.000925 0.000925 0.000925 0.000925 0.000925 0.000925 0.000925 0.000925 0.000925 0.000925 0.000925 0.000925 0.000925 0.000925 0.000925 0.000925 0.000925 0.000925 0.000925 0.000925 0.000925 0.000925 0.000925 0.000925 0.000925 0.000923 0.000917 0.000901 0.000859 0.000767 0.000596 0.000331 0.000000 
50.000000 33.412428 19.674743 10.182001 4.643184 1.876847 0.678204 0.222010 0.067810 0.021068 0.008253 0.005052 0.004319 0.004164 0.004133 0.004128 0.004127 0.004127 0.004127 0.004127 0.004127 0.004127 0.004127 0.004127 0.004127 0.004127 0.004127 0.004127 0.004127 0.004127 0.004127 0.004127 0.004127 0.004127 0.004127 0.004127 0.004127 0.004127 0.004127 0.004126 0.004126 0.004124 0.004116 0.004092 0.004020 0.003837 0.003432 0.002671 0.001489 0.000000 
50.000000 33.416718 19.682573 10.192261 4.654847 1.889203 0.690857 0.234773 0.080610 0.033879 0.021068 0.017867 0.017134 0.016979 0.016949 0.016943 0.016942 0.016942 0.016942 0.016942 0.016942 0.016942 0.016942 0.016942 0.016942 0.016942 0.016942 0.016942 0.016942 0.016942 0.016942 0.016942 0.016942 0.016942 0.016942 0.016942 0.016942 0.016942 0.016942 0.016942 0.016940 0.016932 0.016902 0.016805 0.016520 0.015785 0.014145 0.011040 0.006169 0.000000 
50.000000 33.432343 19.711098 10.229649 4.697366 1.934260 0.737002 0.281327 0.127301 0.080610 0.067810 0.064612 0.063880 0.063725 0.063695 0.063689 0.063688 0.063688 0.063688 0.063688 0.063688 0.063688 0.063688 0.063688 0.063688 0.063688 0.063688 0.063688 0.063688 0.063688 0.063688 0.063688 0.063688 0.063688 0.063688 0.063688 0.063688 0.063688 0.063687 0.063686 0.063679 0.063650 0.063546 0.063198 0.062171 0.059494 0.053453 0.041872 0.023481 0.000000 
50.000000 33.483813 19.805091 10.352890 4.837563 2.082862 0.889212 0.434899 0.281327 0.234773 0.222010 0.218821 0.218091 0.217937 0.217906 0.217901 0.217900 0.217900 0.217900 0.217900 0.217900 0.217900 0.217900 0.217900 0.217900 0.217900 0.217900 0.217900 0.217900 0.217900 0.217900 0.217900 0.217900 0.217900 0.217900 0.217900 0.217900 0.217899 0.217898 0.217893 0.217871 0.217782 0.217449 0.216338 0.213014 0.204246 0.184154 0.144979 0.081728 0.000000 
50.000000 33.635874 20.082851 10.717201 5.252130 2.522380 1.339469 0.889212 0.737002 0.690857 0.678204 0.675043 0.674319 0.674166 0.674136 0.674131 0.674130 0.674130 0.674130 0.674130 0.674130 0.674130 0.674130 0.674130 0.674130 0.674130 0.674130 0.674130 0.674130 0.674130 0.674130 0.674130 0.674130 0.674130 0.674130 0.674130 0.674130 0.674129 0.674126 0.674113 0.674052 0.673804 0.672875 0.669735 0.660219 0.634692 0.575009 0.455930 0.259044 0.000000 
50.000000 34.034891 20.811887 11.673706 6.340897 3.676926 2.522380 2.082862 1.934260 1.889203 1.876847 1.873760 1.873052 1.872903 1.872874 1.872868 1.872867 1.872867 1.872867 1.872867 1.872867 1.872867 1.872867 1.872867 1.872867 1.872867 1.872867 1.872867 1.872867 1.872867 1.872867 1.872867 1.872867 1.872867 1.872867 1.872867 1.872867 1.872866 1.872859 1.872827 1.872683 1.872090 1.869848 1.862161 1.838463 1.773494 1.617453 1.295962 0.745474 0.000000 
50.000000 34.954678 22.492787 13.879698 8.852595 6.340897 5.252130 4.837563 4.697366 4.654847 4.643184 4.640269 4.639600 4.639459 4.639432 4.639426 4.639426 4.639425 4.639425 4.639425 4.639425 4.639425 4.639425 4.639425 4.639425 4.639425 4.639425 4.639425 4.639425 4.639425 4.639425 4.639425 4.639425 4.639425 4.639425 4.639425 4.639425 4.639422 4.639410 4.639347 4.639062 4.637872 4.633317 4.617438 4.567403 4.426297 4.074836 3.316855 1.947661 0.000000 
50.000000 36.794357 25.855441 18.293905 13.879698 11.673706 10.717201 10.352890 10.229649 10.192261 10.182001 10.179436 10.178848 10.178724 10.178699 10.178695 10.178694 10.178694 10.178694 10.178694 10.178694 10.178694 10.178694 10.178694 10.178694 10.178694 10.178694 10.178694 10.178694 10.178694 10.178694 10.178694 10.178694 10.178694 10.178694 10.178694 10.178693 10.178689 10.178669 10.178570 10.178115 10.176196 10.168736 10.142192 10.056253 9.804862 9.146952 7.630717 4.648205 0.000000 
50.000000 39.944572 31.614482 25.855441 22.492787 20.811887 20.082851 19.805091 19.711098 19.682573 19.674743 19.672784 19.672335 19.672240 19.672221 19.672218 19.672217 19.672217 19.672217 19.672217 19.672217 19.672217 19.672217 19.672217 19.672217 19.672217 19.672217 19.672217 19.672217 19.672217 19.672217 19.672217 19.672217 19.672217 19.672217 19.672217 19.672216 19.672212 19.672188 19.672071 19.671532 19.669226 19.660112 19.626921 19.515925 19.175932 18.224724 15.807241 10.324980 0.000000 
50.000000 44.500628 39.944572 36.794357 34.954678 34.034891 33.635874 33.483813 33.432343 33.416718 33.412428 33.411355 33.411109 33.411057 33.411046 33.411044 33.411044 33.411044 33.411044 33.411044 33.411044 33.411044 33.411044 33.411044 33.411044 33.411044 33.411044 33.411044 33.411044 33.411044 33.411044 33.411044 33.411044 33.411044 33.411044 33.411044 33.411043 33.411040 33.411023 33.410940 33.410550 33.408862 33.402085 33.376830 33.289417 33.007017 32.146152 29.619592 22.250314 0.000000 
50.000000 50.000000 50.000000 50.000000 50.000000 50.000000 50.000000 50.000000 50.000000 50.000000 50.000000 50.000000 50.000000 50.000000 50.000000 50.000000 50.000000 50.000000 50.000000 50.000000 50.000000 50.000000 50.000000 50.000000 50.000000 50.000000 50.000000 50.000000 50.000000 50.000000 50.000000 50.000000 50.000000 50.000000 50.000000 50.000000 50.000000 50.000000 50.000000 50.000000 50.000000 50.000000 50.000000 50.000000 50.000000 50.000000 50.000000 50.000000 50.000000 50.000000 
