50.000000 50.000000 50.000000 50.000000 50.000000 50.000000 50.000000 50.000000 50.000000 50.000000 50.000000 50.000000 50.000000 50.000000 50.000000 50.000000 50.000000 50.000000 50.000000 50.000000 50.000000 50.000000 50.000000 50.000000 50.000000 50.000000 50.000000 50.000000 50.000000 50.000000 50.000000 50.000000 50.000000 50.000000 50.000000 50.000000 50.000000 50.000000 50.000000 50.000000 50.000000 50.000000 50.000000 50.000000 50.000000 50.000000 50.000000 50.000000 50.000000 50.000000 
50.000000 48.273343 46.640220 45.178986 43.941740 42.949897 42.196611 41.654187 41.283541 41.042969 40.894499 40.807278 40.758450 40.732371 40.719066 40.712576 40.709544 40.708187 40.707605 40.707364 40.707269 40.707232 40.707219 40.707214 40.707213 40.707212 40.707212 40.707211 40.707211 40.707209 40.707203 40.707188 40.707146 40.707039 40.706772 40.706128 40.704626 40.701238 40.693843 40.678193 40.646030 40.581649 40.455559 40.212339 39.745606 38.841120 37.031577 33.179367 24.136672 0.000000 
50.000000 46.640220 43.462446 40.619147 38.211702 36.281776 34.816047 33.760619 33.039436 32.571353 32.282476 32.112774 32.017772 31.967032 31.941147 31.928520 31.922623 31.919983 31.918849 31.918381 31.918196 31.918125 31.918099 31.918090 31.918086 31.918085 31.918085 31.918084 31.918083 31.918079 31.918069 31.918041 31.917966 31.917772 31.917289 31.916128 31.913428 31.907357 31.894157 31.866375 31.809693 31.697360 31.480494 31.071015 30.310946 28.915520 26.366998 21.731223 13.460853 0.000000 
50.000000 45.178986 40.619147 36.539275 33.084840 30.315623 28.212502 26.698130 25.663365 24.991763 24.577295 24.333819 24.197521 24.124727 24.087592 24.069478 24.061018 24.057231 24.055604 24.054934 24.054667 24.054566 24.054528 24.054515 24.054510 24.054509 24.054508 24.054508 24.054506 24.054501 24.054488 24.054452 24.054356 24.054110 24.053499 24.052032 24.048634 24.041032 24.024604 23.990300 23.921032 23.785639 23.529119 23.057301 22.213612 20.746192 18.269638 14.252150 8.147409 0.000000 
50.000000 43.941740 38.211702 33.084840 28.743959 25.264177 22.621450 20.718566 19.418360 18.574499 18.053737 17.747829 17.576587 17.485133 17.438481 17.415724 17.405097 17.400340 17.398297 17.397454 17.397120 17.396993 17.396946 17.396929 17.396923 17.396921 17.396920 17.396920 17.396918 17.396913 17.396899 17.396861 17.396759 17.396498 17.395853 17.394310 17.390755 17.382849 17.365891 17.330813 17.260823 17.126110 16.875967 16.427953 15.654713 14.371980 12.338648 9.296182 5.100620 0.000000 
50.000000 42.949897 36.281776 30.315623 25.264177 21.214844 18.139626 15.925376 14.412457 13.430568 12.824644 12.468723 12.269490 12.163092 12.108819 12.082346 12.069983 12.064450 12.062074 12.061094 12.060705 12.060556 12.060502 12.060482 12.060476 12.060474 12.060473 12.060472 12.060470 12.060466 12.060452 12.060416 12.060321 12.060078 12.059478 12.058051 12.054780 12.047554 12.032183 12.000703 11.938669 11.821114 11.607062 11.233057 10.607422 9.609464 8.102012 5.970830 3.204291 0.000000 
50.000000 42.196611 34.816047 28.212502 22.621450 18.139626 14.736020 12.285376 10.610979 9.524320 8.853765 8.459891 8.239422 8.121687 8.061634 8.032343 8.018665 8.012543 8.009915 8.008830 8.008400 8.008236 8.008175 8.008154 8.008147 8.008144 8.008143 8.008143 8.008141 8.008137 8.008126 8.008095 8.008015 8.007810 8.007306 8.006113 8.003396 7.997434 7.984858 7.959359 7.909721 7.817039 7.651299 7.368010 6.906569 6.193497 5.155200 3.745032 1.984272 0.000000 
50.000000 41.654187 33.760619 26.698130 20.718566 15.925376 12.285376 9.664579 7.873968 6.711918 5.994861 5.573688 5.337946 5.212059 5.147850 5.116533 5.101910 5.095366 5.092555 5.091396 5.090937 5.090761 5.090696 5.090674 5.090666 5.090663 5.090662 5.090662 5.090660 5.090657 5.090649 5.090625 5.090562 5.090403 5.090015 5.089102 5.087031 5.082521 5.073083 5.054132 5.017661 4.950487 4.832290 4.634077 4.318314 3.842599 3.169011 2.280126 1.198628 0.000000 
50.000000 41.283541 33.039436 25.663365 19.418360 14.412457 10.610979 7.873968 6.003994 4.790469 4.041668 3.601861 3.355697 3.224249 3.157206 3.124508 3.109240 3.102408 3.099474 3.098264 3.097784 3.097601 3.097534 3.097510 3.097502 3.097499 3.097498 3.097497 3.097496 3.097494 3.097488 3.097471 3.097426 3.097312 3.097035 3.096387 3.094925 3.091764 3.085199 3.072135 3.047258 3.001997 2.923481 2.793941 2.591344 2.292250 1.877726 1.342076 0.701892 0.000000 
50.000000 41.042969 32.571353 24.991763 18.574499 13.430568 9.524320 6.711918 4.790469 3.543563 2.774181 2.322296 2.069377 1.934326 1.865448 1.831855 1.816170 1.809151 1.806138 1.804895 1.804402 1.804213 1.804144 1.804120 1.804111 1.804109 1.804108 1.804107 1.804107 1.804105 1.804101 1.804089 1.804059 1.803983 1.803799 1.803369 1.802407 1.800338 1.796073 1.787657 1.771782 1.743211 1.694257 1.614600 1.491899 1.313676 1.070731 0.761660 0.396939 0.000000 
50.000000 40.894499 32.282476 24.577295 18.053737 12.824644 8.853765 5.994861 4.041668 2.774181 1.992111 1.532783 1.275703 1.138433 1.068424 1.034281 1.018339 1.011206 1.008143 1.006880 1.006379 1.006187 1.006117 1.006092 1.006084 1.006081 1.006080 1.006079 1.006079 1.006078 1.006075 1.006068 1.006049 1.006002 1.005887 1.005620 1.005025 1.003755 1.001152 0.996056 0.986524 0.969533 0.940729 0.894405 0.823941 0.722924 0.586994 0.416101 0.216307 0.000000 
50.000000 40.807278 32.112774 24.333819 17.747829 12.468723 8.459891 5.573688 3.601861 2.322296 1.532783 1.069088 0.809569 0.670998 0.600326 0.565860 0.549769 0.542568 0.539476 0.538201 0.537696 0.537503 0.537432 0.537406 0.537398 0.537395 0.537394 0.537394 0.537393 0.537393 0.537391 0.537387 0.537376 0.537348 0.537280 0.537124 0.536778 0.536042 0.534544 0.531630 0.526222 0.516663 0.500605 0.475033 0.436540 0.381938 0.309215 0.218617 0.113436 0.000000 
50.000000 40.758450 32.017772 24.197521 17.576587 12.269490 8.239422 5.337946 3.355697 2.069377 1.275703 0.809569 0.548686 0.409388 0.338347 0.303701 0.287526 0.280288 0.277180 0.275898 0.275390 0.275196 0.275124 0.275099 0.275090 0.275088 0.275087 0.275086 0.275086 0.275086 0.275085 0.275082 0.275076 0.275061 0.275023 0.274937 0.274746 0.274343 0.273527 0.271949 0.269039 0.263933 0.255425 0.241988 0.221936 0.193738 0.156489 0.110415 0.057212 0.000000 
50.000000 40.732371 31.967032 24.124727 17.485133 12.163092 8.121687 5.212059 3.224249 1.934326 1.138433 0.670998 0.409388 0.269703 0.198465 0.163723 0.147503 0.140245 0.137129 0.135844 0.135334 0.135140 0.135068 0.135043 0.135034 0.135031 0.135030 0.135030 0.135030 0.135029 0.135029 0.135028 0.135024 0.135016 0.134996 0.134951 0.134852 0.134642 0.134220 0.133408 0.131919 0.129324 0.125028 0.118292 0.108312 0.094378 0.076093 0.053604 0.027745 0.000000 
50.000000 40.719066 31.941147 24.087592 17.438481 12.108819 8.061634 5.147850 3.157206 1.865448 1.068424 0.600326 0.338347 0.198465 0.127127 0.092336 0.076093 0.068825 0.065705 0.064418 0.063907 0.063712 0.063641 0.063615 0.063607 0.063604 0.063603 0.063603 0.063602 0.063602 0.063602 0.063601 0.063600 0.063596 0.063586 0.063563 0.063514 0.063410 0.063202 0.062804 0.062078 0.060820 0.058749 0.055521 0.050768 0.044171 0.035561 0.025019 0.012938 0.000000 
50.000000 40.712576 31.928520 24.069478 17.415724 12.082346 8.032343 5.116533 3.124508 1.831855 1.034281 0.565860 0.303701 0.163723 0.092336 0.057522 0.041269 0.033995 0.030873 0.029585 0.029074 0.028879 0.028807 0.028782 0.028773 0.028770 0.028770 0.028769 0.028769 0.028769 0.028769 0.028769 0.028768 0.028766 0.028761 0.028750 0.028727 0.028678 0.028580 0.028394 0.028056 0.027473 0.026518 0.025037 0.022868 0.019872 0.015979 0.011231 0.005804 0.000000 
50.000000 40.709544 31.922623 24.061018 17.405097 12.069983 8.018665 5.101910 3.109240 1.816170 1.018339 0.549769 0.287526 0.147503 0.076093 0.041269 0.025010 0.017734 0.014610 0.013322 0.012811 0.012616 0.012545 0.012519 0.012510 0.012508 0.012507 0.012506 0.012506 0.012506 0.012506 0.012506 0.012506 0.012505 0.012503 0.012498 0.012487 0.012465 0.012421 0.012338 0.012187 0.011928 0.011507 0.010855 0.009905 0.008599 0.006907 0.004851 0.002505 0.000000 
50.000000 40.708187 31.919983 24.057231 17.400340 12.064450 8.012543 5.095366 3.102408 1.809151 1.011206 0.542568 0.280288 0.140245 0.068825 0.033995 0.017734 0.010458 0.007334 0.006045 0.005534 0.005339 0.005267 0.005242 0.005233 0.005230 0.005230 0.005229 0.005229 0.005229 0.005229 0.005229 0.005229 0.005228 0.005228 0.005225 0.005221 0.005211 0.005192 0.005157 0.005092 0.004982 0.004803 0.004528 0.004129 0.003581 0.002874 0.002017 0.001041 0.000000 
50.000000 40.707605 31.918849 24.055604 17.398297 12.062074 8.009915 5.092555 3.099474 1.806138 1.008143 0.539476 0.277180 0.137129 0.065705 0.030873 0.014610 0.007334 0.004209 0.002921 0.002410 0.002215 0.002143 0.002118 0.002109 0.002106 0.002105 0.002105 0.002105 0.002105 0.002105 0.002105 0.002105 0.002104 0.002104 0.002103 0.002101 0.002097 0.002090 0.002075 0.002048 0.002003 0.001931 0.001819 0.001657 0.001437 0.001152 0.000808 0.000417 0.000000 
50.000000 40.707364 31.918381 24.054934 17.397454 12.061094 8.008830 5.091396 3.098264 1.804895 1.006880 0.538201 0.275898 0.135844 0.064418 0.029585 0.013322 0.006045 0.002921 0.001632 0.001121 0.000926 0.000854 0.000829 0.000820 0.000817 0.000817 0.000816 0.000816 0.000816 0.000816 0.000816 0.000816 0.000816 0.000816 0.000816 0.000815 0.000813 0.000810 0.000804 0.000794 0.000776 0.000748 0.000704 0.000641 0.000555 0.000445 0.000312 0.000161 0.000000 
50.000000 40.707269 31.918196 24.054667 17.397120 12.060705 8.008400 5.090937 3.097784 1.804402 1.006379 0.537696 0.275390 0.135334 0.063907 0.029074 0.012811 0.005534 0.002410 0.001121 0.000610 0.000415 0.000344 0.000318 0.000309 0.000306 0.000306 0.000305 0.000305 0.000305 0.000305 0.000305 0.000305 0.000305 0.000305 0.000305 0.000305 0.000304 0.000303 0.000301 0.000297 0.000290 0.000279 0.000263 0.000239 0.000207 0.000166 0.000116 0.000060 0.000000 
50.000000 40.707232 31.918125 24.054566 17.396993 12.060556 8.008236 5.090761 3.097601 1.804214 1.006187 0.537503 0.275196 0.135140 0.063713 0.028879 0.012616 0.005339 0.002215 0.000926 0.000415 0.000220 0.000148 0.000123 0.000114 0.000111 0.000111 0.000110 0.000110 0.000110 0.000110 0.000110 0.000110 0.000110 0.000110 0.000110 0.000110 0.000110 0.000109 0.000108 0.000107 0.000105 0.000101 0.000095 0.000086 0.000075 0.000060 0.000042 0.000022 0.000000 
50.000000 40.707219 31.918099 24.054528 17.396946 12.060502 8.008176 5.090697 3.097534 1.804144 1.006117 0.537432 0.275125 0.135068 0.063641 0.028808 0.012545 0.005268 0.002143 0.000855 0.000344 0.000149 0.000077 0.000051 0.000043 0.000040 0.000039 0.000039 0.000039 0.000038 0.000038 0.000038 0.000038 0.000038 0.000038 0.000038 0.000038 0.000038 0.000038 0.000038 0.000037 0.000037 0.000035 0.000033 0.000030 0.000026 0.000021 0.000015 0.000008 0.000000 
50.000000 40.707214 31.918090 24.054515 17.396929 12.060483 8.008154 5.090674 3.097510 1.804120 1.006093 0.537407 0.275100 0.135043 0.063616 0.028782 0.012520 0.005242 0.002118 0.000829 0.000318 0.000123 0.000052 0.000026 0.000018 0.000015 0.000014 0.000013 0.000013 0.000013 0.000013 0.000013 0.000013 0.000013 0.000013 0.000013 0.000013 0.000013 0.000013 0.000013 0.000013 0.000013 0.000012 0.000011 0.000010 0.000009 0.000007 0.000005 0.000003 0.000000 
50.000000 40.707213 31.918087 24.054511 17.396924 12.060477 8.008148 5.090667 3.097503 1.804113 1.006085 0.537399 0.275092 0.135035 0.063608 0.028775 0.012512 0.005235 0.002110 0.000822 0.000311 0.000116 0.000044 0.000018 0.000010 0.000007 0.000006 0.000006 0.000006 0.000006 0.000006 0.000006 0.000006 0.000006 0.000006 0.000006 0.000006 0.000006 0.000005 0.000005 0.000005 0.000005 0.000005 0.000005 0.000004 0.000004 0.000003 0.000002 0.000001 0.000000 
50.000000 40.707213 31.918087 24.054511 17.396924 12.060477 8.008148 5.090667 3.097503 1.804113 1.006085 0.537399 0.275092 0.135035 0.063608 0.028775 0.012512 0.005235 0.002110 0.000822 0.000311 0.000116 0.000044 0.000018 0.000010 0.000007 0.000006 0.000006 0.000006 0.000006 0.000006 0.000006 0.000006 0.000006 0.000006 0.000006 0.000006 0.000006 0.000005 0.000005 0.000005 0.000005 0.000005 0.000005 0.000004 0.000004 0.000003 0.000002 0.000001 0.000000 
50.000000 40.707214 31.918090 24.054515 17.396929 12.060483 8.008154 5.090674 3.097510 1.804120 1.006093 0.537407 0.275100 0.135043 0.063616 0.028782 0.012520 0.005242 0.002118 0.000829 0.000318 0.000123 0.000052 0.000026 0.000018 0.000015 0.000014 0.000013 0.000013 0.000013 0.000013 0.000013 0.000013 0.000013 0.000013 0.000013 0.000013 0.000013 0.000013 0.000013 0.000013 0.000013 0.000012 0.000011 0.000010 0.000009 0.000007 0.000005 0.000003 0.000000 
50.000000 40.707219 31.918099 24.054528 17.396946 12.060502 8.008176 5.090697 3.097534 1.804144 1.006117 0.537432 0.275125 0.135068 0.063641 0.028808 0.012545 0.005268 0.002143 0.000855 0.000344 0.000149 0.000077 0.000051 0.000043 0.000040 0.000039 0.000039 0.000039 0.000038 0.000038 0.000038 0.000038 0.000038 0.000038 0.000038 0.000038 0.000038 0.000038 0.000038 0.000037 0.000037 0.000035 0.000033 0.000030 0.000026 0.000021 0.000015 0.000008 0.000000 
50.000000 40.707232 31.918125 24.054566 17.396993 12.060556 8.008236 5.090761 3.097601 1.804214 1.006187 0.537503 0.275196 0.135140 0.063713 0.028879 0.012616 0.005339 0.002215 0.000926 0.000415 0.000220 0.000148 0.000123 0.000114 0.000111 0.000111 0.000110 0.000110 0.000110 0.000110 0.000110 0.000110 0.000110 0.000110 0.000110 0.000110 0.000110 0.000109 0.000108 0.000107 0.000105 0.000101 0.000095 0.000086 0.000075 0.000060 0.000042 0.000022 0.000000 
50.000000 40.707269 31.918196 24.054667 17.397120 12.060705 8.008400 5.090937 3.097784 1.804402 1.006379 0.537696 0.275390 0.135334 0.063907 0.029074 0.012811 0.005534 0.002410 0.001121 0.000610 0.000415 0.000344 0.000318 0.000309 0.000306 0.000306 0.000305 0.000305 0.000305 0.000305 0.000305 0.000305 0.000305 0.000305 0.000305 0.000305 0.000304 0.000303 0.000301 0.000297 0.000290 0.000279 0.000263 0.000239 0.000207 0.000166 0.000116 0.000060 0.000000 
50.000000 40.707364 31.918381 24.054934 17.397454 12.061094 8.008830 5.091396 3.098264 1.804895 1.006880 0.538201 0.275898 0.135844 0.064418 0.029585 0.013322 0.006045 0.002921 0.001632 0.001121 0.000926 0.000854 0.000829 0.000820 0.000817 0.000817 0.000816 0.000816 0.000816 0.000816 0.000816 0.000816 0.000816 0.000816 0.000816 0.000815 0.000813 0.000810 0.000804 0.000794 0.000776 0.000748 0.000704 0.000641 0.000555 0.000445 0.000312 0.000161 0.000000 
50.000000 40.707605 31.918849 24.055604 17.398297 12.062074 8.009915 5.092555 3.099474 1.806138 1.008143 0.539476 0.277180 0.137129 0.065705 0.030873 0.014610 0.007334 0.004209 0.002921 0.002410 0.002215 0.002143 0.002118 0.002109 0.002106 0.002105 0.002105 0.002105 0.002105 0.002105 0.002105 0.002105 0.002104 0.002104 0.002103 0.002101 0.002097 0.002090 0.002075 0.002048 0.002003 0.001931 0.001819 0.001657 0.001437 0.001152 0.000808 0.000417 0.000000 
50.000000 40.708187 31.919983 24.057231 17.400340 12.064450 8.012543 5.095366 3.102408 1.809151 1.011206 0.542568 0.280288 0.140245 0.068825 0.033995 0.017734 0.010458 0.007334 0.006045 0.005534 0.005339 0.005267 0.005242 0.005233 0.005230 0.005230 0.005229 0.005229 0.005229 0.005229 0.005229 0.005229 0.005228 0.005228 0.005225 0.005221 0.005211 0.005192 0.005157 0.005092 0.004982 0.004803 0.004528 0.004129 0.003581 0.002874 0.002017 0.001041 0.000000 
50.000000 40.709544 31.922623 24.061018 17.405097 12.069983 8.018665 5.101910 3.109240 1.816170 1.018339 0.549769 0.287526 0.147503 0.076093 0.041269 0.025010 0.017734 0.014610 0.013322 0.012811 0.012616 0.012545 0.012519 0.012510 0.012508 0.012507 0.012506 0.012506 0.012506 0.012506 0.012506 0.012506 0.012505 0.012503 0.012498 0.012487 0.012465 0.012421 0.012338 0.012187 0.011928 0.011507 0.010855 0.009905 0.008599 0.006907 0.004851 0.002505 0.000000 
50.000000 40.712576 31.928520 24.069478 17.415724 12.082346 8.032343 5.116533 3.124508 1.831855 1.034281 0.565860 0.303701 0.163723 0.092336 0.057522 0.041269 0.033995 0.030873 0.029585 0.029074 0.028879 0.028807 0.028782 0.028773 0.028770 0.028770 0.028769 0.028769 0.028769 0.028769 0.028769 0.028768 0.028766 0.028761 0.028750 0.028727 0.028678 0.028580 0.028394 0.028056 0.027473 0.026518 0.025037 0.022868 0.019872 0.015979 0.011231 0.005804 0.000000 
50.000000 40.719066 31.941147 24.087592 17.438481 12.108819 8.061634 5.147850 3.157206 1.865448 1.068424 0.600326 0.338347 0.198465 0.127127 0.092336 0.076093 0.068825 0.065705 0.064418 0.063907 0.063712 0.063641 0.063615 0.063607 0.063604 0.063603 0.063603 0.063602 0.063602 0.063602 0.063601 0.063600 0.063596 0.063586 0.063563 0.063514 0.063410 0.063202 0.062804 0.062078 0.060820 0.058749 0.055521 0.050768 0.044171 0.035561 0.025019 0.012938 0.000000 
50.000000 40.732371 31.967032 24.124727 17.485133 12.163092 8.121687 5.212059 3.224249 1.934326 1.138433 0.670998 0.409388 0.269703 0.198465 0.163723 0.147503 0.140245 0.137129 0.135844 0.135334 0.135140 0.135068 0.135043 0.135034 0.135031 0.135030 0.135030 0.135030 0.135029 0.135029 0.135028 0.135024 0.135016 0.134996 0.134951 0.134852 0.134642 0.134220 0.133408 0.131919 0.129324 0.125028 0.118292 0.108312 0.094378 0.076093 0.053604 0.027745 0.000000 
50.000000 40.758450 32.017772 24.197521 17.576587 12.269490 8.239422 5.337946 3.355697 2.069377 1.275703 0.809569 0.548686 0.409388 0.338347 0.303701 0.287526 0.280288 0.277180 0.275898 0.275390 0.275196 0.275124 0.275099 0.275090 0.275088 0.275087 0.275086 0.275086 0.275086 0.275085 0.275082 0.275076 0.275061 0.275023 0.274937 0.274746 0.274343 0.273527 0.271949 0.269039 0.263933 0.255425 0.241988 0.221936 0.193738 0.156489 0.110415 0.057212 0.000000 
50.000000 40.807278 32.112774 24.333819 17.747829 12.468723 8.459891 5.573688 3.601861 2.322296 1.532783 1.069088 0.809569 0.670998 0.600326 0.565860 0.549769 0.542568 0.539476 0.538201 0.537696 0.537503 0.537432 0.537406 0.537398 0.537395 0.537394 0.537394 0.537393 0.537393 0.537391 0.537387 0.537376 0.537348 0.537280 0.537124 0.536778 0.536042 0.534544 0.531630 0.526222 0.516663 0.500605 0.475033 0.436540 0.381938 0.309215 0.218617 0.113436 0.000000 
50.000000 40.894499 32.282476 24.577295 18.053737 12.824644 8.853765 5.994861 4.041668 2.774181 1.992111 1.532783 1.275703 1.138433 1.068424 1.034281 1.018339 1.011206 1.008143 1.006880 1.006379 1.006187 1.006117 1.006092 1.006084 1.006081 1.006080 1.006079 1.006079 1.006078 1.006075 1.006068 1.006049 1.006002 1.005887 1.005620 1.005025 1.003755 1.001152 0.996056 0.986524 0.969533 0.940729 0.894405 0.823941 0.722924 0.586994 0.416101 0.216307 0.000000 
50.000000 41.042969 32.571353 24.991763 18.574499 13.430568 9.524320 6.711918 4.790469 3.543563 2.774181 2.322296 2.069377 1.934326 1.865448 1.831855 1.816170 1.809151 1.806138 1.804895 1.804402 1.804213 1.804144 1.804120 1.804111 1.804109 1.804108 1.804107 1.804107 1.804105 1.804101 1.804089 1.804059 1.803983 1.803799 1.803369 1.802407 1.800338 1.796073 1.787657 1.771782 1.743211 1.694257 1.614600 1.491899 1.313676 1.070731 0.761660 0.396939 0.000000 
50.000000 41.283541 33.039436 25.663365 19.418360 14.412457 10.610979 7.873968 6.003994 4.790469 4.041668 3.601861 3.355697 3.224249 3.157206 3.124508 3.109240 3.102408 3.099474 3.098264 3.097784 3.097601 3.097534 3.097510 3.097502 3.097499 3.097498 3.097497 3.097496 3.097494 3.097488 3.097471 3.097426 3.097312 3.097035 3.096387 3.094925 3.091764 3.085199 3.072135 3.047258 3.001997 2.923481 2.793941 2.591344 2.292250 1.877726 1.342076 0.701892 0.000000 
50.000000 41.654187 33.760619 26.698130 20.718566 15.925376 12.285376 9.664579 7.873968 6.711918 5.994861 5.573688 5.337946 5.212059 5.147850 5.116533 5.101910 5.095366 5.092555 5.091396 5.090937 5.090761 5.090696 5.090674 5.090666 5.090663 5.090662 5.090662 5.090660 5.090657 5.090649 5.090625 5.090562 5.090403 5.090015 5.089102 5.087031 5.082521 5.073083 5.054132 5.017661 4.950487 4.832290 4.634077 4.318314 3.842599 3.169011 2.280126 1.198628 0.000000 
50.000000 42.196611 34.816047 28.212502 22.621450 18.139626 14.736020 12.285376 10.610979 9.524320 8.853765 8.459891 8.239422 8.121687 8.061634 8.032343 8.018665 8.012543 8.009915 8.008830 8.008400 8.008236 8.008175 8.008154 8.008147 8.008144 8.008143 8.008143 8.008141 8.008137 8.008126 8.008095 8.008015 8.007810 8.007306 8.006113 8.003396 7.997434 7.984858 7.959359 7.909721 7.817039 7.651299 7.368010 6.906569 6.193497 5.155200 3.745032 1.984272 0.000000 
50.000000 42.949897 36.281776 30.315623 25.264177 21.214844 18.139626 15.925376 14.412457 13.430568 12.824644 12.468723 12.269490 12.163092 12.108819 12.082346 12.069983 12.064450 12.062074 12.061094 12.060705 12.060556 12.060502 12.060482 12.060476 12.060474 12.060473 12.060472 12.060470 12.060466 12.060452 12.060416 12.060321 12.060078 12.059478 12.058051 12.054780 12.047554 12.032183 12.000703 11.938669 11.821114 11.607062 11.233057 10.607422 9.609464 8.102012 5.970830 3.204291 0.000000 
50.000000 43.941740 38.211702 33.084840 28.743959 25.264177 22.621450 20.718566 19.418360 18.574499 18.053737 17.747829 17.576587 17.485133 17.438481 17.415724 17.405097 17.400340 17.398297 17.397454 17.397120 17.396993 17.396946 17.396929 17.396923 17.396921 17.396920 17.396920 17.396918 17.396913 17.396899 17.396861 17.396759 17.396498 17.395853 17.394310 17.390755 17.382849 17.365891 17.330813 17.260823 17.126110 16.875967 16.427953 15.654713 14.371980 12.338648 9.296182 5.100620 0.000000 
50.000000 45.178986 40.619147 36.539275 33.084840 30.315623 28.212502 26.698130 25.663365 24.991763 24.577295 24.333819 24.197521 24.124727 24.087592 24.069478 24.061018 24.057231 24.055604 24.054934 24.054667 24.054566 24.054528 24.054515 24.054510 24.054509 24.054508 24.054508 24.054506 24.054501 24.054488 24.054452 24.054356 24.054110 24.053499 24.052032 24.048634 24.041032 24.024604 23.990300 23.921032 23.785639 23.529119 23.057301 22.213612 20.746192 18.269638 14.252150 8.147409 0.000000 
50.000000 46.640220 43.462446 40.619147 38.211702 36.281776 34.816047 33.760619 33.039436 32.571353 32.282476 32.112774 32.017772 31.967032 31.941147 31.928520 31.922623 31.919983 31.918849 31.918381 31.918196 31.918125 31.918099 31.918090 31.918086 31.918085 31.918085 31.918084 31.918083 31.918079 31.918069 31.918041 31.917966 31.917772 31.917289 31.916128 31.913428 31.907357 31.894157 31.866375 31.809693 31.697360 31.480494 31.071015 30.310946 28.915520 26.366998 21.731223 13.460853 0.000000 
50.000000 48.273343 46.640220 45.178986 43.941740 42.949897 42.196611 41.654187 41.283541 41.042969 40.894499 40.807278 40.758450 40.732371 40.719066 40.712576 40.709544 40.708187 40.707605 40.707364 40.707269 40.707232 40.707219 40.707214 40.707213 40.707212 40.707212 40.707211 40.707211 40.707209 40.707203 40.707188 40.707146 40.707039 40.706772 40.706128 40.704626 40.701238 40.693843 40.678193 40.646030 40.581649 40.455559 40.212339 39.745606 38.841120 37.031577 33.179367 24.136672 0.000000 
50.000000 50.000000 50.000000 50.000000 50.000000 50.000000 50.000000 50.000000 50.000000 50.000000 50.000000 50.000000 50.000000 50.000000 50.000000 50.000000 50.000000 50.000000 50.000000 50.000000 50.000000 50.000000 50.000000 50.000000 50.000000 50.000000 50.000000 50.000000 50.000000 50.000000 50.000000 50.000000 50.000000 50.000000 50.000000 50.000000 50.000000 50.000000 50.000000 50.000000 50.000000 50.000000 50.000000 50.000000 50.000000 50.000000 50.000000 50.000000 50.000000 50.000000 
