50.000000 50.000000 50.000000 50.000000 50.000000 50.000000 50.000000 50.000000 50.000000 50.000000 50.000000 50.000000 50.000000 50.000000 50.000000 50.000000 50.000000 50.000000 50.000000 50.000000 50.000000 50.000000 50.000000 50.000000 50.000000 50.000000 50.000000 50.000000 50.000000 50.000000 50.000000 50.000000 50.000000 50.000000 50.000000 50.000000 50.000000 50.000000 50.000000 50.000000 50.000000 50.000000 50.000000 50.000000 50.000000 50.000000 50.000000 50.000000 50.000000 50.000000 
50.000000 43.010992 37.539343 34.130456 32.401203 31.670364 31.407723 31.326059 31.303767 31.298359 31.297181 31.296949 31.296907 31.296900 31.296899 31.296899 31.296899 31.296899 31.296899 31.296899 31.296899 31.296899 31.296899 31.296899 31.296899 31.296899 31.296899 31.296899 31.296899 31.296899 31.296899 31.296899 31.296899 31.296899 31.296899 31.296899 31.296899 31.296899 31.296896 31.296880 31.296787 31.296282 31.293773 31.282337 31.234585 31.051785 30.406406 28.274490 21.505496 0.000000 
50.000000 37.539343 27.785255 21.709812 18.628842 17.327207 16.859630 16.714309 16.674659 16.665045 16.662952 16.662540 16.662465 16.662453 16.662451 16.662451 16.662451 16.662451 16.662451 16.662451 16.662451 16.662451 16.662451 16.662451 16.662451 16.662451 16.662451 16.662451 16.662451 16.662451 16.662451 16.662451 16.662451 16.662451 16.662451 16.662451 16.662451 16.662450 16.662447 16.662427 16.662311 16.661693 16.658666 16.645174 16.590696 16.392585 15.748247 13.892628 9.264853 0.000000 
50.000000 34.130456 21.709812 13.975594 10.054854 8.399143 7.804655 7.619985 7.569625 7.557422 7.554766 7.554243 7.554149 7.554133 7.554131 7.554131 7.554131 7.554131 7.554131 7.554131 7.554131 7.554131 7.554131 7.554131 7.554131 7.554131 7.554131 7.554131 7.554131 7.554131 7.554131 7.554131 7.554131 7.554131 7.554131 7.554131 7.554131 7.554130 7.554128 7.554113 7.554029 7.553585 7.551447 7.542117 7.505534 7.377983 6.987797 5.961565 3.724051 0.000000 
50.000000 32.401203 18.628842 10.054854 5.709699 3.875401 3.217045 3.012619 2.956897 2.943399 2.940464 2.939886 2.939782 2.939764 2.939762 2.939762 2.939761 2.939761 2.939761 2.939761 2.939761 2.939761 2.939761 2.939761 2.939761 2.939761 2.939761 2.939761 2.939761 2.939761 2.939761 2.939761 2.939761 2.939761 2.939761 2.939761 2.939761 2.939761 2.939760 2.939752 2.939708 2.939478 2.938381 2.933677 2.915663 2.854850 2.676871 2.236257 1.349418 0.000000 
50.000000 31.670364 17.327207 8.399143 3.875401 1.966133 1.281036 1.068362 1.010407 0.996372 0.993321 0.992720 0.992612 0.992594 0.992592 0.992591 0.992591 0.992591 0.992591 0.992591 0.992591 0.992591 0.992591 0.992591 0.992591 0.992591 0.992591 0.992591 0.992591 0.992591 0.992591 0.992591 0.992591 0.992591 0.992591 0.992591 0.992591 0.992591 0.992591 0.992587 0.992569 0.992475 0.992029 0.990146 0.983067 0.959738 0.893609 0.736511 0.435779 0.000000 
50.000000 31.407723 16.859630 7.804655 3.217045 1.281036 0.586427 0.370829 0.312085 0.297861 0.294769 0.294161 0.294051 0.294033 0.294030 0.294030 0.294030 0.294030 0.294030 0.294030 0.294030 0.294030 0.294030 0.294030 0.294030 0.294030 0.294030 0.294030 0.294030 0.294030 0.294030 0.294030 0.294030 0.294030 0.294030 0.294030 0.294030 0.294030 0.294030 0.294029 0.294023 0.293990 0.293841 0.293214 0.290889 0.283368 0.262538 0.214455 0.125385 0.000000 
50.000000 31.326059 16.714309 7.619985 3.012619 1.068362 0.370829 0.154334 0.095349 0.081068 0.077964 0.077353 0.077243 0.077225 0.077222 0.077222 0.077222 0.077222 0.077222 0.077222 0.077222 0.077222 0.077222 0.077222 0.077222 0.077222 0.077222 0.077222 0.077222 0.077222 0.077222 0.077222 0.077222 0.077222 0.077222 0.077222 0.077222 0.077222 0.077222 0.077221 0.077220 0.077210 0.077167 0.076988 0.076332 0.074238 0.068537 0.055643 0.032286 0.000000 
50.000000 31.303767 16.674659 7.569625 2.956897 1.010407 0.312085 0.095349 0.036300 0.022004 0.018896 0.018284 0.018174 0.018156 0.018153 0.018153 0.018153 0.018153 0.018153 0.018153 0.018153 0.018153 0.018153 0.018153 0.018153 0.018153 0.018153 0.018153 0.018153 0.018153 0.018153 0.018153 0.018153 0.018153 0.018153 0.018153 0.018153 0.018153 0.018153 0.018153 0.018152 0.018150 0.018139 0.018095 0.017932 0.017419 0.016040 0.012967 0.007485 0.000000 
50.000000 31.298359 16.665045 7.557422 2.943399 0.996372 0.297861 0.081068 0.022004 0.007704 0.004595 0.003983 0.003873 0.003855 0.003852 0.003852 0.003852 0.003852 0.003852 0.003852 0.003852 0.003852 0.003852 0.003852 0.003852 0.003852 0.003852 0.003852 0.003852 0.003852 0.003852 0.003852 0.003852 0.003852 0.003852 0.003852 0.003852 0.003852 0.003852 0.003852 0.003852 0.003851 0.003849 0.003839 0.003803 0.003691 0.003392 0.002734 0.001573 0.000000 
50.000000 31.297181 16.662952 7.554766 2.940464 0.993321 0.294769 0.077964 0.018896 0.004595 0.001487 0.000875 0.000765 0.000747 0.000744 0.000743 0.000743 0.000743 0.000743 0.000743 0.000743 0.000743 0.000743 0.000743 0.000743 0.000743 0.000743 0.000743 0.000743 0.000743 0.000743 0.000743 0.000743 0.000743 0.000743 0.000743 0.000743 0.000743 0.000743 0.000743 0.000743 0.000743 0.000743 0.000741 0.000734 0.000712 0.000653 0.000525 0.000301 0.000000 
50.000000 31.296949 16.662540 7.554243 2.939886 0.992720 0.294161 0.077353 0.018284 0.003983 0.000875 0.000263 0.000153 0.000135 0.000132 0.000131 0.000131 0.000131 0.000131 0.000131 0.000131 0.000131 0.000131 0.000131 0.000131 0.000131 0.000131 0.000131 0.000131 0.000131 0.000131 0.000131 0.000131 0.000131 0.000131 0.000131 0.000131 0.000131 0.000131 0.000131 0.000131 0.000131 0.000131 0.000131 0.000130 0.000126 0.000115 0.000092 0.000053 0.000000 
50.000000 31.296907 16.662465 7.554149 2.939782 0.992612 0.294051 0.077243 0.018174 0.003873 0.000765 0.000153 0.000043 0.000025 0.000022 0.000021 0.000021 0.000021 0.000021 0.000021 0.000021 0.000021 0.000021 0.000021 0.000021 0.000021 0.000021 0.000021 0.000021 0.000021 0.000021 0.000021 0.000021 0.000021 0.000021 0.000021 0.000021 0.000021 0.000021 0.000021 0.000021 0.000021 0.000021 0.000021 0.000021 0.000020 0.000019 0.000015 0.000009 0.000000 
50.000000 31.296900 16.662453 7.554133 2.939764 0.992594 0.294033 0.077225 0.018156 0.003855 0.000747 0.000135 0.000025 0.000006 0.000004 0.000003 0.000003 0.000003 0.000003 0.000003 0.000003 0.000003 0.000003 0.000003 0.000003 0.000003 0.000003 0.000003 0.000003 0.000003 0.000003 0.000003 0.000003 0.000003 0.000003 0.000003 0.000003 0.000003 0.000003 0.000003 0.000003 0.000003 0.000003 0.000003 0.000003 0.000003 0.000003 0.000002 0.000001 0.000000 
50.000000 31.296899 16.662451 7.554131 2.939762 0.992592 0.294030 0.077222 0.018153 0.003852 0.000744 0.000132 0.000022 0.000004 0.000001 0.000001 0.000000 0.000000 0.000000 0.000000 0.000000 0.000000 0.000000 0.000000 0.000000 0.000000 0.000000 0.000000 0.000000 0.000000 0.000000 0.000000 0.000000 0.000000 0.000000 0.000000 0.000000 0.000000 0.000000 0.000000 0.000000 0.000000 0.000000 0.000000 0.000000 0.000000 0.000000 0.000000 0.000000 0.000000 
50.000000 31.296899 16.662451 7.554131 2.939762 0.992591 0.294030 0.077222 0.018153 0.003852 0.000743 0.000131 0.000021 0.000003 0.000001 0.000000 0.000000 0.000000 0.000000 0.000000 0.000000 0.000000 0.000000 0.000000 0.000000 0.000000 0.000000 0.000000 0.000000 0.000000 0.000000 0.000000 0.000000 0.000000 0.000000 0.000000 0.000000 0.000000 0.000000 0.000000 0.000000 0.000000 0.000000 0.000000 0.000000 0.000000 0.000000 0.000000 0.000000 0.000000 
50.000000 31.296899 16.662451 7.554131 2.939761 0.992591 0.294030 0.077222 0.018153 0.003852 0.000743 0.000131 0.000021 0.000003 0.000000 0.000000 0.000000 0.000000 0.000000 0.000000 0.000000 0.000000 0.000000 0.000000 0.000000 0.000000 0.000000 0.000000 0.000000 0.000000 0.000000 0.000000 0.000000 0.000000 0.000000 0.000000 0.000000 0.000000 0.000000 0.000000 0.000000 0.000000 0.000000 0.000000 0.000000 0.000000 0.000000 0.000000 0.000000 0.000000 
50.000000 31.296899 16.662451 7.554131 2.939761 0.992591 0.294030 0.077222 0.018153 0.003852 0.000743 0.000131 0.000021 0.000003 0.000000 0.000000 0.000000 0.000000 0.000000 0.000000 0.000000 0.000000 0.000000 0.000000 0.000000 0.000000 0.000000 0.000000 0.000000 0.000000 0.000000 0.000000 0.000000 0.000000 0.000000 0.000000 0.000000 0.000000 0.000000 0.000000 0.000000 0.000000 0.000000 0.000000 0.000000 0.000000 0.000000 0.000000 0.000000 0.000000 
50.000000 31.296899 16.662451 7.554131 2.939761 0.992591 0.294030 0.077222 0.018153 0.003852 0.000743 0.000131 0.000021 0.000003 0.000000 0.000000 0.000000 0.000000 0.000000 0.000000 0.000000 0.000000 0.000000 0.000000 0.000000 0.000000 0.000000 0.000000 0.000000 0.000000 0.000000 0.000000 0.000000 0.000000 0.000000 0.000000 0.000000 0.000000 0.000000 0.000000 0.000000 0.000000 0.000000 0.000000 0.000000 0.000000 0.000000 0.000000 0.000000 0.000000 
50.000000 31.296899 16.662451 7.554131 2.939761 0.992591 0.294030 0.077222 0.018153 0.003852 0.000743 0.000131 0.000021 0.000003 0.000000 0.000000 0.000000 0.000000 0.000000 0.000000 0.000000 0.000000 0.000000 0.000000 0.000000 0.000000 0.000000 0.000000 0.000000 0.000000 0.000000 0.000000 0.000000 0.000000 0.000000 0.000000 0.000000 0.000000 0.000000 0.000000 0.000000 0.000000 0.000000 0.000000 0.000000 0.000000 0.000000 0.000000 0.000000 0.000000 
50.000000 31.296899 16.662451 7.554131 2.939761 0.992591 0.294030 0.077222 0.018153 0.003852 0.000743 0.000131 0.000021 0.000003 0.000000 0.000000 0.000000 0.000000 0.000000 0.000000 0.000000 0.000000 0.000000 0.000000 0.000000 0.000000 0.000000 0.000000 0.000000 0.000000 0.000000 0.000000 0.000000 0.000000 0.000000 0.000000 0.000000 0.000000 0.000000 0.000000 0.000000 0.000000 0.000000 0.000000 0.000000 0.000000 0.000000 0.000000 0.000000 0.000000 
50.000000 31.296899 16.662451 7.554131 2.939761 0.992591 0.294030 0.077222 0.018153 0.003852 0.000743 0.000131 0.000021 0.000003 0.000000 0.000000 0.000000 0.000000 0.000000 0.000000 0.000000 0.000000 0.000000 0.000000 0.000000 0.000000 0.000000 0.000000 0.000000 0.000000 0.000000 0.000000 0.000000 0.000000 0.000000 0.000000 0.000000 0.000000 0.000000 0.000000 0.000000 0.000000 0.000000 0.000000 0.000000 0.000000 0.000000 0.000000 0.000000 0.000000 
50.000000 31.296899 16.662451 7.554131 2.939761 0.992591 0.294030 0.077222 0.018153 0.003852 0.000743 0.000131 0.000021 0.000003 0.000000 0.000000 0.000000 0.000000 0.000000 0.000000 0.000000 0.000000 0.000000 0.000000 0.000000 0.000000 0.000000 0.000000 0.000000 0.000000 0.000000 0.000000 0.000000 0.000000 0.000000 0.000000 0.000000 0.000000 0.000000 0.000000 0.000000 0.000000 0.000000 0.000000 0.000000 0.000000 0.000000 0.000000 0.000000 0.000000 
50.000000 31.296899 16.662451 7.554131 2.939761 0.992591 0.294030 0.077222 0.018153 0.003852 0.000743 0.000131 0.000021 0.000003 0.000000 0.000000 0.000000 0.000000 0.000000 0.000000 0.000000 0.000000 0.000000 0.000000 0.000000 0.000000 0.000000 0.000000 0.000000 0.000000 0.000000 0.000000 0.000000 0.000000 0.000000 0.000000 0.000000 0.000000 0.000000 0.000000 0.000000 0.000000 0.000000 0.000000 0.000000 0.000000 0.000000 0.000000 0.000000 0.000000 
50.000000 31.296899 16.662451 7.554131 2.939761 0.992591 0.294030 0.077222 0.018153 0.003852 0.000743 0.000131 0.000021 0.000003 0.000000 0.000000 0.000000 0.000000 0.000000 0.000000 0.000000 0.000000 0.000000 0.000000 0.000000 0.000000 0.000000 0.000000 0.000000 0.000000 0.000000 0.000000 0.000000 0.000000 0.000000 0.000000 0.000000 0.000000 0.000000 0.000000 0.000000 0.000000 0.000000 0.000000 0.000000 0.000000 0.000000 0.000000 0.000000 0.000000 
50.000000 31.296899 16.662451 7.554131 2.939761 0.992591 0.294030 0.077222 0.018153 0.003852 0.000743 0.000131 0.000021 0.000003 0.000000 0.000000 0.000000 0.000000 0.000000 0.000000 0.000000 0.000000 0.000000 0.000000 0.000000 0.000000 0.000000 0.000000 0.000000 0.000000 0.000000 0.000000 0.000000 0.000000 0.000000 0.000000 0.000000 0.000000 0.000000 0.000000 0.000000 0.000000 0.000000 0.000000 0.000000 0.000000 0.000000 0.000000 0.000000 0.000000 
50.000000 31.296899 16.662451 7.554131 2.939761 0.992591 0.294030 0.077222 0.018153 0.003852 0.000743 0.000131 0.000021 0.000003 0.000000 0.000000 0.000000 0.000000 0.000000 0.000000 0.000000 0.000000 0.000000 0.000000 0.000000 0.000000 0.000000 0.000000 0.000000 0.000000 0.000000 0.000000 0.000000 0.000000 0.000000 0.000000 0.000000 0.000000 0.000000 0.000000 0.000000 0.000000 0.000000 0.000000 0.000000 0.000000 0.000000 0.000000 0.000000 0.000000 
50.000000 31.296899 16.662451 7.554131 2.939761 0.992591 0.294030 0.077222 0.018153 0.003852 0.000743 0.000131 0.000021 0.000003 0.000000 0.000000 0.000000 0.000000 0.000000 0.000000 0.000000 0.000000 0.000000 0.000000 0.000000 0.000000 0.000000 0.000000 0.000000 0.000000 0.000000 0.000000 0.000000 0.000000 0.000000 0.000000 0.000000 0.000000 0.000000 0.000000 0.000000 0.000000 0.000000 0.000000 0.000000 0.000000 0.000000 0.000000 0.000000 0.000000 
50.000000 31.296899 16.662451 7.554131 2.939761 0.992591 0.294030 0.077222 0.018153 0.003852 0.000743 0.000131 0.000021 0.000003 0.000000 0.000000 0.000000 0.000000 0.000000 0.000000 0.000000 0.000000 0.000000 0.000000 0.000000 0.000000 0.000000 0.000000 0.000000 0.000000 0.000000 0.000000 0.000000 0.000000 0.000000 0.000000 0.000000 0.000000 0.000000 0.000000 0.000000 0.000000 0.000000 0.000000 0.000000 0.000000 0.000000 0.000000 0.000000 0.000000 
50.000000 31.296899 16.662451 7.554131 2.939761 0.992591 0.294030 0.077222 0.018153 0.003852 0.000743 0.000131 0.000021 0.000003 0.000000 0.000000 0.000000 0.000000 0.000000 0.000000 0.000000 0.000000 0.000000 0.000000 0.000000 0.000000 0.000000 0.000000 0.000000 0.000000 0.000000 0.000000 0.000000 0.000000 0.000000 0.000000 0.000000 0.000000 0.000000 0.000000 0.000000 0.000000 0.000000 0.000000 0.000000 0.000000 0.000000 0.000000 0.000000 0.000000 
50.000000 31.296899 16.662451 7.554131 2.939761 0.992591 0.294030 0.077222 0.018153 0.003852 0.000743 0.000131 0.000021 0.000003 0.000000 0.000000 0.000000 0.000000 0.000000 0.000000 0.000000 0.000000 0.000000 0.000000 0.000000 0.000000 0.000000 0.000000 0.000000 0.000000 0.000000 0.000000 0.000000 0.000000 0.000000 0.000000 0.000000 0.000000 0.000000 0.000000 0.000000 0.000000 0.000000 0.000000 0.000000 0.000000 0.000000 0.000000 0.000000 0.000000 
50.000000 31.296899 16.662451 7.554131 2.939761 0.992591 0.294030 0.077222 0.018153 0.003852 0.000743 0.000131 0.000021 0.000003 0.000000 0.000000 0.000000 0.000000 0.000000 0.000000 0.000000 0.000000 0.000000 0.000000 0.000000 0.000000 0.000000 0.000000 0.000000 0.000000 0.000000 0.000000 0.000000 0.000000 0.000000 0.000000 0.000000 0.000000 0.000000 0.000000 0.000000 0.000000 0.000000 0.000000 0.000000 0.000000 0.000000 0.000000 0.000000 0.000000 
50.000000 31.296899 16.662451 7.554131 2.939761 0.992591 0.294030 0.077222 0.018153 0.003852 0.000743 0.000131 0.000021 0.000003 0.000000 0.000000 0.000000 0.000000 0.000000 0.000000 0.000000 0.000000 0.000000 0.000000 0.000000 0.000000 0.000000 0.000000 0.000000 0.000000 0.000000 0.000000 0.000000 0.000000 0.000000 0.000000 0.000000 0.000000 0.000000 0.000000 0.000000 0.000000 0.000000 0.000000 0.000000 0.000000 0.000000 0.000000 0.000000 0.000000 
50.000000 31.296899 16.662451 7.554131 2.939761 0.992591 0.294030 0.077222 0.018153 0.003852 0.000743 0.000131 0.000021 0.000003 0.000000 0.000000 0.000000 0.000000 0.000000 0.000000 0.000000 0.000000 0.000000 0.000000 0.000000 0.000000 0.000000 0.000000 0.000000 0.000000 0.000000 0.000000 0.000000 0.000000 0.000000 0.000000 0.000000 0.000000 0.000000 0.000000 0.000000 0.000000 0.000000 0.000000 0.000000 0.000000 0.000000 0.000000 0.000000 0.000000 
50.000000 31.296899 16.662451 7.554131 2.939762 0.992591 0.294030 0.077222 0.018153 0.003852 0.000743 0.000131 0.000021 0.000003 0.000001 0.000000 0.000000 0.000000 0.000000 0.000000 0.000000 0.000000 0.000000 0.000000 0.000000 0.000000 0.000000 0.000000 0.000000 0.000000 0.000000 0.000000 0.000000 0.000000 0.000000 0.000000 0.000000 0.000000 0.000000 0.000000 0.000000 0.000000 0.000000 0.000000 0.000000 0.000000 0.000000 0.000000 0.000000 0.000000 
50.000000 31.296899 16.662451 7.554131 2.939762 0.992592 0.294030 0.077222 0.018153 0.003852 0.000744 0.000132 0.000022 0.000004 0.000001 0.000001 0.000000 0.000000 0.000000 0.000000 0.000000 0.000000 0.000000 0.000000 0.000000 0.000000 0.000000 0.000000 0.000000 0.000000 0.000000 0.000000 0.000000 0.000000 0.000000 0.000000 0.000000 0.000000 0.000000 0.000000 0.000000 0.000000 0.000000 0.000000 0.000000 0.000000 0.000000 0.000000 0.000000 0.000000 
50.000000 31.296900 16.662453 7.554133 2.939764 0.992594 0.294033 0.077225 0.018156 0.003855 0.000747 0.000135 0.000025 0.000006 0.000004 0.000003 0.000003 0.000003 0.000003 0.000003 0.000003 0.000003 0.000003 0.000003 0.000003 0.000003 0.000003 0.000003 0.000003 0.000003 0.000003 0.000003 0.000003 0.000003 0.000003 0.000003 0.000003 0.000003 0.000003 0.000003 0.000003 0.000003 0.000003 0.000003 0.000003 0.000003 0.000003 0.000002 0.000001 0.000000 
50.000000 31.296907 16.662465 7.554149 2.939782 0.992612 0.294051 0.077243 0.018174 0.003873 0.000765 0.000153 0.000043 0.000025 0.000022 0.000021 0.000021 0.000021 0.000021 0.000021 0.000021 0.000021 0.000021 0.000021 0.000021 0.000021 0.000021 0.000021 0.000021 0.000021 0.000021 0.000021 0.000021 0.000021 0.000021 0.000021 0.000021 0.000021 0.000021 0.000021 0.000021 0.000021 0.000021 0.000021 0.000021 0.000020 0.000019 0.000015 0.000009 0.000000 
50.000000 31.296949 16.662540 7.554243 2.939886 0.992720 0.294161 0.077353 0.018284 0.003983 0.000875 0.000263 0.000153 0.000135 0.000132 0.000131 0.000131 0.000131 0.000131 0.000131 0.000131 0.000131 0.000131 0.000131 0.000131 0.000131 0.000131 0.000131 0.000131 0.000131 0.000131 0.000131 0.000131 0.000131 0.000131 0.000131 0.000131 0.000131 0.000131 0.000131 0.000131 0.000131 0.000131 0.000131 0.000130 0.000126 0.000115 0.000092 0.000053 0.000000 
50.000000 31.297181 16.662952 7.554766 2.940464 0.993321 0.294769 0.077964 0.018896 0.004595 0.001487 0.000875 0.000765 0.000747 0.000744 0.000743 0.000743 0.000743 0.000743 0.000743 0.000743 0.000743 0.000743 0.000743 0.000743 0.000743 0.000743 0.000743 0.000743 0.000743 0.000743 0.000743 0.000743 0.000743 0.000743 0.000743 0.000743 0.000743 0.000743 0.000743 0.000743 0.000743 0.000743 0.000741 0.000734 0.000712 0.000653 0.000525 0.000301 0.000000 
50.000000 31.298359 16.665045 7.557422 2.943399 0.996372 0.297861 0.081068 0.022004 0.007704 0.004595 0.003983 0.003873 0.003855 0.003852 0.003852 0.003852 0.003852 0.003852 0.003852 0.003852 0.003852 0.003852 0.003852 0.003852 0.003852 0.003852 0.003852 0.003852 0.003852 0.003852 0.003852 0.003852 0.003852 0.003852 0.003852 0.003852 0.003852 0.003852 0.003852 0.003852 0.003851 0.003849 0.003839 0.003803 0.003691 0.003392 0.002734 0.001573 0.000000 
50.000000 31.303767 16.674659 7.569625 2.956897 1.010407 0.312085 0.095349 0.036300 0.022004 0.018896 0.018284 0.018174 0.018156 0.018153 0.018153 0.018153 0.018153 0.018153 0.018153 0.018153 0.018153 0.018153 0.018153 0.018153 0.018153 0.018153 0.018153 0.018153 0.018153 0.018153 0.018153 0.018153 0.018153 0.018153 0.018153 0.018153 0.018153 0.018153 0.018153 0.018152 0.018150 0.018139 0.018095 0.017932 0.017419 0.016040 0.012967 0.007485 0.000000 
50.000000 31.326059 16.714309 7.619985 3.012619 1.068362 0.370829 0.154334 0.095349 0.081068 0.077964 0.077353 0.077243 0.077225 0.077222 0.077222 0.077222 0.077222 0.077222 0.077222 0.077222 0.077222 0.077222 0.077222 0.077222 0.077222 0.077222 0.077222 0.077222 0.077222 0.077222 0.077222 0.077222 0.077222 0.077222 0.077222 0.077222 0.077222 0.077222 0.077221 0.077220 0.077210 0.077167 0.076988 0.076332 0.074238 0.068537 0.055643 0.032286 0.000000 
50.000000 31.407723 16.859630 7.804655 3.217045 1.281036 0.586427 0.370829 0.312085 0.297861 0.294769 0.294161 0.294051 0.294033 0.294030 0.294030 0.294030 0.294030 0.294030 0.294030 0.294030 0.294030 0.294030 0.294030 0.294030 0.294030 0.294030 0.294030 0.294030 0.294030 0.294030 0.294030 0.294030 0.294030 0.294030 0.294030 0.294030 0.294030 0.294030 0.294029 0.294023 0.293990 0.293841 0.293214 0.290889 0.283368 0.262538 0.214455 0.125385 0.000000 
50.000000 31.670364 17.327207 8.399143 3.875401 1.966133 1.281036 1.068362 1.010407 0.996372 0.993321 0.992720 0.992612 0.992594 0.992592 0.992591 0.992591 0.992591 0.992591 0.992591 0.992591 0.992591 0.992591 0.992591 0.992591 0.992591 0.992591 0.992591 0.992591 0.992591 0.992591 0.992591 0.992591 0.992591 0.992591 0.992591 0.992591 0.992591 0.992591 0.992587 0.992569 0.992475 0.992029 0.990146 0.983067 0.959738 0.893609 0.736511 0.435779 0.000000 
50.000000 32.401203 18.628842 10.054854 5.709699 3.875401 3.217045 3.012619 2.956897 2.943399 2.940464 2.939886 2.939782 2.939764 2.939762 2.939762 2.939761 2.939761 2.939761 2.939761 2.939761 2.939761 2.939761 2.939761 2.939761 2.939761 2.939761 2.939761 2.939761 2.939761 2.939761 2.939761 2.939761 2.939761 2.939761 2.939761 2.939761 2.939761 2.939760 2.939752 2.939708 2.939478 2.938381 2.933677 2.915663 2.854850 2.676871 2.236257 1.349418 0.000000 
50.000000 34.130456 21.709812 13.975594 10.054854 8.399143 7.804655 7.619985 7.569625 7.557422 7.554766 7.554243 7.554149 7.554133 7.554131 7.554131 7.554131 7.554131 7.554131 7.554131 7.554131 7.554131 7.554131 7.554131 7.554131 7.554131 7.554131 7.554131 7.554131 7.554131 7.554131 7.554131 7.554131 7.554131 7.554131 7.554131 7.554131 7.554130 7.554128 7.554113 7.554029 7.553585 7.551447 7.542117 7.505534 7.377983 6.987797 5.961565 3.724051 0.000000 
50.000000 37.539343 27.785255 21.709812 18.628842 17.327207 16.859630 16.714309 16.674659 16.665045 16.662952 16.662540 16.662465 16.662453 16.662451 16.662451 16.662451 16.662451 16.662451 16.662451 16.662451 16.662451 16.662451 16.662451 16.662451 16.662451 16.662451 16.662451 16.662451 16.662451 16.662451 16.662451 16.662451 16.662451 16.662451 16.662451 16.662451 16.662450 16.662447 16.662427 16.662311 16.661693 16.658666 16.645174 16.590696 16.392585 15.748247 13.892628 9.264853 0.000000 
50.000000 43.010992 37.539343 34.130456 32.401203 31.670364 31.407723 31.326059 31.303767 31.298359 31.297181 31.296949 31.296907 31.296900 31.296899 31.296899 31.296899 31.296899 31.296899 31.296899 31.296899 31.296899 31.296899 31.296899 31.296899 31.296899 31.296899 31.296899 31.296899 31.296899 31.296899 31.296899 31.296899 31.296899 31.296899 31.296899 31.296899 31.296899 31.296896 31.296880 31.296787 31.296282 31.293773 31.282337 31.234585 31.051785 30.406406 28.274490 21.505496 0.000000 
50.000000 50.000000 50.000000 50.000000 50.000000 50.000000 50.000000 50.000000 50.000000 50.000000 50.000000 50.000000 50.000000 50.000000 50.000000 50.000000 50.000000 50.000000 50.000000 50.000000 50.000000 50.000000 50.000000 50.000000 50.000000 50.000000 50.000000 50.000000 50.000000 50.000000 50.000000 50.000000 50.000000 50.000000 50.000000 50.000000 50.000000 50.000000 50.000000 50.000000 50.000000 50.000000 50.000000 50.000000 50.000000 50.000000 50.000000 50.000000 50.000000 50.000000 
