50.000000 50.000000 50.000000 50.000000 50.000000 50.000000 50.000000 50.000000 50.000000 50.000000 50.000000 50.000000 50.000000 50.000000 50.000000 50.000000 50.000000 50.000000 50.000000 50.000000 50.000000 50.000000 50.000000 50.000000 50.000000 50.000000 50.000000 50.000000 50.000000 50.000000 50.000000 50.000000 50.000000 50.000000 50.000000 50.000000 50.000000 50.000000 50.000000 50.000000 50.000000 50.000000 50.000000 50.000000 50.000000 50.000000 50.000000 50.000000 50.000000 50.000000 
50.000000 41.960788 35.921524 32.424532 30.812232 30.202407 30.008396 29.955413 29.942785 29.940122 29.939620 29.939535 29.939521 29.939520 29.939519 29.939519 29.939519 29.939519 29.939519 29.939519 29.939519 29.939519 29.939519 29.939519 29.939519 29.939519 29.939519 29.939519 29.939519 29.939519 29.939519 29.939519 29.939519 29.939519 29.939519 29.939519 29.939519 29.939519 29.939518 29.939513 29.939476 29.939247 29.937946 29.931206 29.899470 29.763807 29.235922 27.346397 20.980394 0.000000 
50.000000 35.921524 25.347552 19.226935 16.406293 15.339995 15.000959 14.908426 14.886386 14.881742 14.880866 14.880717 14.880694 14.880691 14.880691 14.880691 14.880691 14.880691 14.880691 14.880691 14.880691 14.880691 14.880691 14.880691 14.880691 14.880691 14.880691 14.880691 14.880691 14.880691 14.880691 14.880691 14.880691 14.880691 14.880691 14.880691 14.880691 14.880690 14.880690 14.880683 14.880641 14.880382 14.878930 14.871575 14.838047 14.701666 14.211355 12.673776 8.575127 0.000000 
50.000000 32.424532 19.226935 11.590565 8.073121 6.744158 6.321865 6.206684 6.179268 6.173496 6.172408 6.172224 6.172195 6.172191 6.172190 6.172190 6.172190 6.172190 6.172190 6.172190 6.172190 6.172190 6.172190 6.172190 6.172190 6.172190 6.172190 6.172190 6.172190 6.172190 6.172190 6.172190 6.172190 6.172190 6.172190 6.172190 6.172190 6.172190 6.172190 6.172185 6.172158 6.171990 6.171064 6.166462 6.146050 6.066222 5.795282 5.015580 3.188610 0.000000 
50.000000 30.812232 16.406293 8.073121 4.236119 2.787028 2.326773 2.201299 2.171448 2.165166 2.163983 2.163782 2.163751 2.163747 2.163746 2.163746 2.163746 2.163746 2.163746 2.163746 2.163746 2.163746 2.163746 2.163746 2.163746 2.163746 2.163746 2.163746 2.163746 2.163746 2.163746 2.163746 2.163746 2.163746 2.163746 2.163746 2.163746 2.163746 2.163746 2.163744 2.163731 2.163653 2.163231 2.161161 2.152177 2.118060 2.006899 1.704627 1.048425 0.000000 
50.000000 30.202407 15.339995 6.744158 2.787028 1.292922 0.818491 0.689186 0.658433 0.651963 0.650745 0.650538 0.650506 0.650502 0.650501 0.650501 0.650501 0.650501 0.650501 0.650501 0.650501 0.650501 0.650501 0.650501 0.650501 0.650501 0.650501 0.650501 0.650501 0.650501 0.650501 0.650501 0.650501 0.650501 0.650501 0.650501 0.650501 0.650501 0.650501 0.650500 0.650496 0.650468 0.650317 0.649585 0.646461 0.634851 0.598108 0.501948 0.302937 0.000000 
50.000000 30.008396 15.000959 6.321865 2.326773 0.818491 0.339612 0.209111 0.178077 0.171548 0.170320 0.170111 0.170079 0.170074 0.170074 0.170074 0.170074 0.170074 0.170074 0.170074 0.170074 0.170074 0.170074 0.170074 0.170074 0.170074 0.170074 0.170074 0.170074 0.170074 0.170074 0.170074 0.170074 0.170074 0.170074 0.170074 0.170074 0.170074 0.170074 0.170074 0.170072 0.170064 0.170019 0.169806 0.168905 0.165612 0.155402 0.129383 0.077190 0.000000 
50.000000 29.955413 14.908426 6.206684 2.201299 0.689186 0.209111 0.078290 0.047180 0.040636 0.039405 0.039196 0.039164 0.039159 0.039158 0.039158 0.039158 0.039158 0.039158 0.039158 0.039158 0.039158 0.039158 0.039158 0.039158 0.039158 0.039158 0.039158 0.039158 0.039158 0.039158 0.039158 0.039158 0.039158 0.039158 0.039158 0.039158 0.039158 0.039158 0.039158 0.039158 0.039156 0.039145 0.039092 0.038870 0.038068 0.035620 0.029495 0.017467 0.000000 
50.000000 29.942785 14.886386 6.179268 2.171448 0.658433 0.178077 0.047180 0.016054 0.009506 0.008274 0.008065 0.008033 0.008028 0.008027 0.008027 0.008027 0.008027 0.008027 0.008027 0.008027 0.008027 0.008027 0.008027 0.008027 0.008027 0.008027 0.008027 0.008027 0.008027 0.008027 0.008027 0.008027 0.008027 0.008027 0.008027 0.008027 0.008027 0.008027 0.008027 0.008027 0.008027 0.008024 0.008013 0.007965 0.007794 0.007278 0.006004 0.003538 0.000000 
50.000000 29.940122 14.881742 6.173496 2.165166 0.651963 0.171548 0.040636 0.009506 0.002958 0.001726 0.001517 0.001484 0.001480 0.001479 0.001479 0.001479 0.001479 0.001479 0.001479 0.001479 0.001479 0.001479 0.001479 0.001479 0.001479 0.001479 0.001479 0.001479 0.001479 0.001479 0.001479 0.001479 0.001479 0.001479 0.001479 0.001479 0.001479 0.001479 0.001479 0.001479 0.001479 0.001479 0.001476 0.001467 0.001435 0.001338 0.001101 0.000646 0.000000 
50.000000 29.939620 14.880866 6.172408 2.163983 0.650745 0.170320 0.039405 0.008274 0.001726 0.000494 0.000285 0.000252 0.000248 0.000247 0.000247 0.000247 0.000247 0.000247 0.000247 0.000247 0.000247 0.000247 0.000247 0.000247 0.000247 0.000247 0.000247 0.000247 0.000247 0.000247 0.000247 0.000247 0.000247 0.000247 0.000247 0.000247 0.000247 0.000247 0.000247 0.000247 0.000247 0.000247 0.000246 0.000245 0.000239 0.000223 0.000183 0.000107 0.000000 
50.000000 29.939535 14.880717 6.172224 2.163782 0.650538 0.170111 0.039196 0.008065 0.001517 0.000285 0.000075 0.000043 0.000038 0.000038 0.000038 0.000038 0.000038 0.000038 0.000038 0.000038 0.000038 0.000038 0.000038 0.000038 0.000038 0.000038 0.000038 0.000038 0.000038 0.000038 0.000038 0.000038 0.000038 0.000038 0.000038 0.000038 0.000038 0.000038 0.000038 0.000038 0.000038 0.000038 0.000038 0.000037 0.000036 0.000034 0.000028 0.000016 0.000000 
50.000000 29.939521 14.880694 6.172195 2.163751 0.650506 0.170079 0.039164 0.008033 0.001484 0.000252 0.000043 0.000011 0.000006 0.000005 0.000005 0.000005 0.000005 0.000005 0.000005 0.000005 0.000005 0.000005 0.000005 0.000005 0.000005 0.000005 0.000005 0.000005 0.000005 0.000005 0.000005 0.000005 0.000005 0.000005 0.000005 0.000005 0.000005 0.000005 0.000005 0.000005 0.000005 0.000005 0.000005 0.000005 0.000005 0.000005 0.000004 0.000002 0.000000 
50.000000 29.939520 14.880691 6.172191 2.163747 0.650502 0.170074 0.039159 0.008028 0.001480 0.000248 0.000038 0.000006 0.000001 0.000001 0.000001 0.000001 0.000001 0.000001 0.000001 0.000001 0.000001 0.000001 0.000001 0.000001 0.000001 0.000001 0.000001 0.000001 0.000001 0.000001 0.000001 0.000001 0.000001 0.000001 0.000001 0.000001 0.000001 0.000001 0.000001 0.000001 0.000001 0.000001 0.000001 0.000001 0.000001 0.000001 0.000001 0.000000 0.000000 
50.000000 29.939519 14.880691 6.172190 2.163746 0.650501 0.170074 0.039158 0.008027 0.001479 0.000247 0.000038 0.000005 0.000001 0.000000 0.000000 0.000000 0.000000 0.000000 0.000000 0.000000 0.000000 0.000000 0.000000 0.000000 0.000000 0.000000 0.000000 0.000000 0.000000 0.000000 0.000000 0.000000 0.000000 0.000000 0.000000 0.000000 0.000000 0.000000 0.000000 0.000000 0.000000 0.000000 0.000000 0.000000 0.000000 0.000000 0.000000 0.000000 0.000000 
50.000000 29.939519 14.880691 6.172190 2.163746 0.650501 0.170074 0.039158 0.008027 0.001479 0.000247 0.000038 0.000005 0.000001 0.000000 0.000000 0.000000 0.000000 0.000000 0.000000 0.000000 0.000000 0.000000 0.000000 0.000000 0.000000 0.000000 0.000000 0.000000 0.000000 0.000000 0.000000 0.000000 0.000000 0.000000 0.000000 0.000000 0.000000 0.000000 0.000000 0.000000 0.000000 0.000000 0.000000 0.000000 0.000000 0.000000 0.000000 0.000000 0.000000 
50.000000 29.939519 14.880691 6.172190 2.163746 0.650501 0.170074 0.039158 0.008027 0.001479 0.000247 0.000038 0.000005 0.000001 0.000000 0.000000 0.000000 0.000000 0.000000 0.000000 0.000000 0.000000 0.000000 0.000000 0.000000 0.000000 0.000000 0.000000 0.000000 0.000000 0.000000 0.000000 0.000000 0.000000 0.000000 0.000000 0.000000 0.000000 0.000000 0.000000 0.000000 0.000000 0.000000 0.000000 0.000000 0.000000 0.000000 0.000000 0.000000 0.000000 
50.000000 29.939519 14.880691 6.172190 2.163746 0.650501 0.170074 0.039158 0.008027 0.001479 0.000247 0.000038 0.000005 0.000001 0.000000 0.000000 0.000000 0.000000 0.000000 0.000000 0.000000 0.000000 0.000000 0.000000 0.000000 0.000000 0.000000 0.000000 0.000000 0.000000 0.000000 0.000000 0.000000 0.000000 0.000000 0.000000 0.000000 0.000000 0.000000 0.000000 0.000000 0.000000 0.000000 0.000000 0.000000 0.000000 0.000000 0.000000 0.000000 0.000000 
50.000000 29.939519 14.880691 6.172190 2.163746 0.650501 0.170074 0.039158 0.008027 0.001479 0.000247 0.000038 0.000005 0.000001 0.000000 0.000000 0.000000 0.000000 0.000000 0.000000 0.000000 0.000000 0.000000 0.000000 0.000000 0.000000 0.000000 0.000000 0.000000 0.000000 0.000000 0.000000 0.000000 0.000000 0.000000 0.000000 0.000000 0.000000 0.000000 0.000000 0.000000 0.000000 0.000000 0.000000 0.000000 0.000000 0.000000 0.000000 0.000000 0.000000 
50.000000 29.939519 14.880691 6.172190 2.163746 0.650501 0.170074 0.039158 0.008027 0.001479 0.000247 0.000038 0.000005 0.000001 0.000000 0.000000 0.000000 0.000000 0.000000 0.000000 0.000000 0.000000 0.000000 0.000000 0.000000 0.000000 0.000000 0.000000 0.000000 0.000000 0.000000 0.000000 0.000000 0.000000 0.000000 0.000000 0.000000 0.000000 0.000000 0.000000 0.000000 0.000000 0.000000 0.000000 0.000000 0.000000 0.000000 0.000000 0.000000 0.000000 
50.000000 29.939519 14.880691 6.172190 2.163746 0.650501 0.170074 0.039158 0.008027 0.001479 0.000247 0.000038 0.000005 0.000001 0.000000 0.000000 0.000000 0.000000 0.000000 0.000000 0.000000 0.000000 0.000000 0.000000 0.000000 0.000000 0.000000 0.000000 0.000000 0.000000 0.000000 0.000000 0.000000 0.000000 0.000000 0.000000 0.000000 0.000000 0.000000 0.000000 0.000000 0.000000 0.000000 0.000000 0.000000 0.000000 0.000000 0.000000 0.000000 0.000000 
50.000000 29.939519 14.880691 6.172190 2.163746 0.650501 0.170074 0.039158 0.008027 0.001479 0.000247 0.000038 0.000005 0.000001 0.000000 0.000000 0.000000 0.000000 0.000000 0.000000 0.000000 0.000000 0.000000 0.000000 0.000000 0.000000 0.000000 0.000000 0.000000 0.000000 0.000000 0.000000 0.000000 0.000000 0.000000 0.000000 0.000000 0.000000 0.000000 0.000000 0.000000 0.000000 0.000000 0.000000 0.000000 0.000000 0.000000 0.000000 0.000000 0.000000 
50.000000 29.939519 14.880691 6.172190 2.163746 0.650501 0.170074 0.039158 0.008027 0.001479 0.000247 0.000038 0.000005 0.000001 0.000000 0.000000 0.000000 0.000000 0.000000 0.000000 0.000000 0.000000 0.000000 0.000000 0.000000 0.000000 0.000000 0.000000 0.000000 0.000000 0.000000 0.000000 0.000000 0.000000 0.000000 0.000000 0.000000 0.000000 0.000000 0.000000 0.000000 0.000000 0.000000 0.000000 0.000000 0.000000 0.000000 0.000000 0.000000 0.000000 
50.000000 29.939519 14.880691 6.172190 2.163746 0.650501 0.170074 0.039158 0.008027 0.001479 0.000247 0.000038 0.000005 0.000001 0.000000 0.000000 0.000000 0.000000 0.000000 0.000000 0.000000 0.000000 0.000000 0.000000 0.000000 0.000000 0.000000 0.000000 0.000000 0.000000 0.000000 0.000000 0.000000 0.000000 0.000000 0.000000 0.000000 0.000000 0.000000 0.000000 0.000000 0.000000 0.000000 0.000000 0.000000 0.000000 0.000000 0.000000 0.000000 0.000000 
50.000000 29.939519 14.880691 6.172190 2.163746 0.650501 0.170074 0.039158 0.008027 0.001479 0.000247 0.000038 0.000005 0.000001 0.000000 0.000000 0.000000 0.000000 0.000000 0.000000 0.000000 0.000000 0.000000 0.000000 0.000000 0.000000 0.000000 0.000000 0.000000 0.000000 0.000000 0.000000 0.000000 0.000000 0.000000 0.000000 0.000000 0.000000 0.000000 0.000000 0.000000 0.000000 0.000000 0.000000 0.000000 0.000000 0.000000 0.000000 0.000000 0.000000 
50.000000 29.939519 14.880691 6.172190 2.163746 0.650501 0.170074 0.039158 0.008027 0.001479 0.000247 0.000038 0.000005 0.000001 0.000000 0.000000 0.000000 0.000000 0.000000 0.000000 0.000000 0.000000 0.000000 0.000000 0.000000 0.000000 0.000000 0.000000 0.000000 0.000000 0.000000 0.000000 0.000000 0.000000 0.000000 0.000000 0.000000 0.000000 0.000000 0.000000 0.000000 0.000000 0.000000 0.000000 0.000000 0.000000 0.000000 0.000000 0.000000 0.000000 
50.000000 29.939519 14.880691 6.172190 2.163746 0.650501 0.170074 0.039158 0.008027 0.001479 0.000247 0.000038 0.000005 0.000001 0.000000 0.000000 0.000000 0.000000 0.000000 0.000000 0.000000 0.000000 0.000000 0.000000 0.000000 0.000000 0.000000 0.000000 0.000000 0.000000 0.000000 0.000000 0.000000 0.000000 0.000000 0.000000 0.000000 0.000000 0.000000 0.000000 0.000000 0.000000 0.000000 0.000000 0.000000 0.000000 0.000000 0.000000 0.000000 0.000000 
50.000000 29.939519 14.880691 6.172190 2.163746 0.650501 0.170074 0.039158 0.008027 0.001479 0.000247 0.000038 0.000005 0.000001 0.000000 0.000000 0.000000 0.000000 0.000000 0.000000 0.000000 0.000000 0.000000 0.000000 0.000000 0.000000 0.000000 0.000000 0.000000 0.000000 0.000000 0.000000 0.000000 0.000000 0.000000 0.000000 0.000000 0.000000 0.000000 0.000000 0.000000 0.000000 0.000000 0.000000 0.000000 0.000000 0.000000 0.000000 0.000000 0.000000 
50.000000 29.939519 14.880691 6.172190 2.163746 0.650501 0.170074 0.039158 0.008027 0.001479 0.000247 0.000038 0.000005 0.000001 0.000000 0.000000 0.000000 0.000000 0.000000 0.000000 0.000000 0.000000 0.000000 0.000000 0.000000 0.000000 0.000000 0.000000 0.000000 0.000000 0.000000 0.000000 0.000000 0.000000 0.000000 0.000000 0.000000 0.000000 0.000000 0.000000 0.000000 0.000000 0.000000 0.000000 0.000000 0.000000 0.000000 0.000000 0.000000 0.000000 
50.000000 29.939519 14.880691 6.172190 2.163746 0.650501 0.170074 0.039158 0.008027 0.001479 0.000247 0.000038 0.000005 0.000001 0.000000 0.000000 0.000000 0.000000 0.000000 0.000000 0.000000 0.000000 0.000000 0.000000 0.000000 0.000000 0.000000 0.000000 0.000000 0.000000 0.000000 0.000000 0.000000 0.000000 0.000000 0.000000 0.000000 0.000000 0.000000 0.000000 0.000000 0.000000 0.000000 0.000000 0.000000 0.000000 0.000000 0.000000 0.000000 0.000000 
50.000000 29.939519 14.880691 6.172190 2.163746 0.650501 0.170074 0.039158 0.008027 0.001479 0.000247 0.000038 0.000005 0.000001 0.000000 0.000000 0.000000 0.000000 0.000000 0.000000 0.000000 0.000000 0.000000 0.000000 0.000000 0.000000 0.000000 0.000000 0.000000 0.000000 0.000000 0.000000 0.000000 0.000000 0.000000 0.000000 0.000000 0.000000 0.000000 0.000000 0.000000 0.000000 0.000000 0.000000 0.000000 0.000000 0.000000 0.000000 0.000000 0.000000 
50.000000 29.939519 14.880691 6.172190 2.163746 0.650501 0.170074 0.039158 0.008027 0.001479 0.000247 0.000038 0.000005 0.000001 0.000000 0.000000 0.000000 0.000000 0.000000 0.000000 0.000000 0.000000 0.000000 0.000000 0.000000 0.000000 0.000000 0.000000 0.000000 0.000000 0.000000 0.000000 0.000000 0.000000 0.000000 0.000000 0.000000 0.000000 0.000000 0.000000 0.000000 0.000000 0.000000 0.000000 0.000000 0.000000 0.000000 0.000000 0.000000 0.000000 
50.000000 29.939519 14.880691 6.172190 2.163746 0.650501 0.170074 0.039158 0.008027 0.001479 0.000247 0.000038 0.000005 0.000001 0.000000 0.000000 0.000000 0.000000 0.000000 0.000000 0.000000 0.000000 0.000000 0.000000 0.000000 0.000000 0.000000 0.000000 0.000000 0.000000 0.000000 0.000000 0.000000 0.000000 0.000000 0.000000 0.000000 0.000000 0.000000 0.000000 0.000000 0.000000 0.000000 0.000000 0.000000 0.000000 0.000000 0.000000 0.000000 0.000000 
50.000000 29.939519 14.880691 6.172190 2.163746 0.650501 0.170074 0.039158 0.008027 0.001479 0.000247 0.000038 0.000005 0.000001 0.000000 0.000000 0.000000 0.000000 0.000000 0.000000 0.000000 0.000000 0.000000 0.000000 0.000000 0.000000 0.000000 0.000000 0.000000 0.000000 0.000000 0.000000 0.000000 0.000000 0.000000 0.000000 0.000000 0.000000 0.000000 0.000000 0.000000 0.000000 0.000000 0.000000 0.000000 0.000000 0.000000 0.000000 0.000000 0.000000 
50.000000 29.939519 14.880691 6.172190 2.163746 0.650501 0.170074 0.039158 0.008027 0.001479 0.000247 0.000038 0.000005 0.000001 0.000000 0.000000 0.000000 0.000000 0.000000 0.000000 0.000000 0.000000 0.000000 0.000000 0.000000 0.000000 0.000000 0.000000 0.000000 0.000000 0.000000 0.000000 0.000000 0.000000 0.000000 0.000000 0.000000 0.000000 0.000000 0.000000 0.000000 0.000000 0.000000 0.000000 0.000000 0.000000 0.000000 0.000000 0.000000 0.000000 
50.000000 29.939519 14.880691 6.172190 2.163746 0.650501 0.170074 0.039158 0.008027 0.001479 0.000247 0.000038 0.000005 0.000001 0.000000 0.000000 0.000000 0.000000 0.000000 0.000000 0.000000 0.000000 0.000000 0.000000 0.000000 0.000000 0.000000 0.000000 0.000000 0.000000 0.000000 0.000000 0.000000 0.000000 0.000000 0.000000 0.000000 0.000000 0.000000 0.000000 0.000000 0.000000 0.000000 0.000000 0.000000 0.000000 0.000000 0.000000 0.000000 0.000000 
50.000000 29.939520 14.880691 6.172191 2.163747 0.650502 0.170074 0.039159 0.008028 0.001480 0.000248 0.000038 0.000006 0.000001 0.000001 0.000001 0.000001 0.000001 0.000001 0.000001 0.000001 0.000001 0.000001 0.000001 0.000001 0.000001 0.000001 0.000001 0.000001 0.000001 0.000001 0.000001 0.000001 0.000001 0.000001 0.000001 0.000001 0.000001 0.000001 0.000001 0.000001 0.000001 0.000001 0.000001 0.000001 0.000001 0.000001 0.000001 0.000000 0.000000 
50.000000 29.939521 14.880694 6.172195 2.163751 0.650506 0.170079 0.039164 0.008033 0.001484 0.000252 0.000043 0.000011 0.000006 0.000005 0.000005 0.000005 0.000005 0.000005 0.000005 0.000005 0.000005 0.000005 0.000005 0.000005 0.000005 0.000005 0.000005 0.000005 0.000005 0.000005 0.000005 0.000005 0.000005 0.000005 0.000005 0.000005 0.000005 0.000005 0.000005 0.000005 0.000005 0.000005 0.000005 0.000005 0.000005 0.000005 0.000004 0.000002 0.000000 
50.000000 29.939535 14.880717 6.172224 2.163782 0.650538 0.170111 0.039196 0.008065 0.001517 0.000285 0.000075 0.000043 0.000038 0.000038 0.000038 0.000038 0.000038 0.000038 0.000038 0.000038 0.000038 0.000038 0.000038 0.000038 0.000038 0.000038 0.000038 0.000038 0.000038 0.000038 0.000038 0.000038 0.000038 0.000038 0.000038 0.000038 0.000038 0.000038 0.000038 0.000038 0.000038 0.000038 0.000038 0.000037 0.000036 0.000034 0.000028 0.000016 0.000000 
50.000000 29.939620 14.880866 6.172408 2.163983 0.650745 0.170320 0.039405 0.008274 0.001726 0.000494 0.000285 0.000252 0.000248 0.000247 0.000247 0.000247 0.000247 0.000247 0.000247 0.000247 0.000247 0.000247 0.000247 0.000247 0.000247 0.000247 0.000247 0.000247 0.000247 0.000247 0.000247 0.000247 0.000247 0.000247 0.000247 0.000247 0.000247 0.000247 0.000247 0.000247 0.000247 0.000247 0.000246 0.000245 0.000239 0.000223 0.000183 0.000107 0.000000 
50.000000 29.940122 14.881742 6.173496 2.165166 0.651963 0.171548 0.040636 0.009506 0.002958 0.001726 0.001517 0.001484 0.001480 0.001479 0.001479 0.001479 0.001479 0.001479 0.001479 0.001479 0.001479 0.001479 0.001479 0.001479 0.001479 0.001479 0.001479 0.001479 0.001479 0.001479 0.001479 0.001479 0.001479 0.001479 0.001479 0.001479 0.001479 0.001479 0.001479 0.001479 0.001479 0.001479 0.001476 0.001467 0.001435 0.001338 0.001101 0.000646 0.000000 
50.000000 29.942785 14.886386 6.179268 2.171448 0.658433 0.178077 0.047180 0.016054 0.009506 0.008274 0.008065 0.008033 0.008028 0.008027 0.008027 0.008027 0.008027 0.008027 0.008027 0.008027 0.008027 0.008027 0.008027 0.008027 0.008027 0.008027 0.008027 0.008027 0.008027 0.008027 0.008027 0.008027 0.008027 0.008027 0.008027 0.008027 0.008027 0.008027 0.008027 0.008027 0.008027 0.008024 0.008013 0.007965 0.007794 0.007278 0.006004 0.003538 0.000000 
50.000000 29.955413 14.908426 6.206684 2.201299 0.689186 0.209111 0.078290 0.047180 0.040636 0.039405 0.039196 0.039164 0.039159 0.039158 0.039158 0.039158 0.039158 0.039158 0.039158 0.039158 0.039158 0.039158 0.039158 0.039158 0.039158 0.039158 0.039158 0.039158 0.039158 0.039158 0.039158 0.039158 0.039158 0.039158 0.039158 0.039158 0.039158 0.039158 0.039158 0.039158 0.039156 0.039145 0.039092 0.038870 0.038068 0.035620 0.029495 0.017467 0.000000 
50.000000 30.008396 15.000959 6.321865 2.326773 0.818491 0.339612 0.209111 0.178077 0.171548 0.170320 0.170111 0.170079 0.170074 0.170074 0.170074 0.170074 0.170074 0.170074 0.170074 0.170074 0.170074 0.170074 0.170074 0.170074 0.170074 0.170074 0.170074 0.170074 0.170074 0.170074 0.170074 0.170074 0.170074 0.170074 0.170074 0.170074 0.170074 0.170074 0.170074 0.170072 0.170064 0.170019 0.169806 0.168905 0.165612 0.155402 0.129383 0.077190 0.000000 
50.000000 30.202407 15.339995 6.744158 2.787028 1.292922 0.818491 0.689186 0.658433 0.651963 0.650745 0.650538 0.650506 0.650502 0.650501 0.650501 0.650501 0.650501 0.650501 0.650501 0.650501 0.650501 0.650501 0.650501 0.650501 0.650501 0.650501 0.650501 0.650501 0.650501 0.650501 0.650501 0.650501 0.650501 0.650501 0.650501 0.650501 0.650501 0.650501 0.650500 0.650496 0.650468 0.650317 0.649585 0.646461 0.634851 0.598108 0.501948 0.302937 0.000000 
50.000000 30.812232 16.406293 8.073121 4.236119 2.787028 2.326773 2.201299 2.171448 2.165166 2.163983 2.163782 2.163751 2.163747 2.163746 2.163746 2.163746 2.163746 2.163746 2.163746 2.163746 2.163746 2.163746 2.163746 2.163746 2.163746 2.163746 2.163746 2.163746 2.163746 2.163746 2.163746 2.163746 2.163746 2.163746 2.163746 2.163746 2.163746 2.163746 2.163744 2.163731 2.163653 2.163231 2.161161 2.152177 2.118060 2.006899 1.704627 1.048425 0.000000 
50.000000 32.424532 19.226935 11.590565 8.073121 6.744158 6.321865 6.206684 6.179268 6.173496 6.172408 6.172224 6.172195 6.172191 6.172190 6.172190 6.172190 6.172190 6.172190 6.172190 6.172190 6.172190 6.172190 6.172190 6.172190 6.172190 6.172190 6.172190 6.172190 6.172190 6.172190 6.172190 6.172190 6.172190 6.172190 6.172190 6.172190 6.172190 6.172190 6.172185 6.172158 6.171990 6.171064 6.166462 6.146050 6.066222 5.795282 5.015580 3.188610 0.000000 
50.000000 35.921524 25.347552 19.226935 16.406293 15.339995 15.000959 14.908426 14.886386 14.881742 14.880866 14.880717 14.880694 14.880691 14.880691 14.880691 14.880691 14.880691 14.880691 14.880691 14.880691 14.880691 14.880691 14.880691 14.880691 14.880691 14.880691 14.880691 14.880691 14.880691 14.880691 14.880691 14.880691 14.880691 14.880691 14.880691 14.880691 14.880690 14.880690 14.880683 14.880641 14.880382 14.878930 14.871575 14.838047 14.701666 14.211355 12.673776 8.575127 0.000000 
50.000000 41.960788 35.921524 32.424532 30.812232 30.202407 30.008396 29.955413 29.942785 29.940122 29.939620 29.939535 29.939521 29.939520 29.939519 29.939519 29.939519 29.939519 29.939519 29.939519 29.939519 29.939519 29.939519 29.939519 29.939519 29.939519 29.939519 29.939519 29.939519 29.939519 29.939519 29.939519 29.939519 29.939519 29.939519 29.939519 29.939519 29.939519 29.939518 29.939513 29.939476 29.939247 29.937946 29.931206 29.899470 29.763807 29.235922 27.346397 20.980394 0.000000 
50.000000 50.000000 50.000000 50.000000 50.000000 50.000000 50.000000 50.000000 50.000000 50.000000 50.000000 50.000000 50.000000 50.000000 50.000000 50.000000 50.000000 50.000000 50.000000 50.000000 50.000000 50.000000 50.000000 50.000000 50.000000 50.000000 50.000000 50.000000 50.000000 50.000000 50.000000 50.000000 50.000000 50.000000 50.000000 50.000000 50.000000 50.000000 50.000000 50.000000 50.000000 50.000000 50.000000 50.000000 50.000000 50.000000 50.000000 50.000000 50.000000 50.000000 
