50.000000 50.000000 50.000000 50.000000 50.000000 50.000000 50.000000 50.000000 50.000000 50.000000 50.000000 50.000000 50.000000 50.000000 50.000000 50.000000 50.000000 50.000000 50.000000 50.000000 50.000000 50.000000 50.000000 50.000000 50.000000 50.000000 50.000000 50.000000 50.000000 50.000000 50.000000 50.000000 50.000000 50.000000 50.000000 50.000000 50.000000 50.000000 50.000000 50.000000 50.000000 50.000000 50.000000 50.000000 50.000000 50.000000 50.000000 50.000000 50.000000 50.000000 
50.000000 47.899804 45.937936 44.225443 42.827763 41.760188 40.996181 40.483218 40.159611 39.967485 39.859956 39.803124 39.774711 39.761249 39.755195 39.752607 39.751553 39.751143 39.750991 39.750938 39.750919 39.750913 39.750911 39.750911 39.750911 39.750911 39.750911 39.750910 39.750910 39.750910 39.750909 39.750906 39.750897 39.750869 39.750788 39.750567 39.749981 39.748489 39.744832 39.736204 39.716583 39.673461 39.581521 39.390208 38.998023 38.194566 36.514062 32.817030 23.949902 0.000000 
50.000000 45.937936 42.143427 38.831265 36.128012 34.063240 32.585613 31.593533 30.967686 30.596126 30.388176 30.278273 30.223327 30.197297 30.185591 30.180585 30.178547 30.177756 30.177462 30.177358 30.177322 30.177311 30.177307 30.177306 30.177306 30.177306 30.177306 30.177306 30.177305 30.177305 30.177303 30.177298 30.177281 30.177231 30.177089 30.176699 30.175668 30.173049 30.166659 30.151667 30.117824 30.044202 29.889514 29.574537 28.950182 27.738665 25.425029 21.071714 13.120905 0.000000 
50.000000 44.225443 38.831265 34.122821 30.280034 27.344928 25.244507 23.834319 22.944738 22.416619 22.121059 21.964860 21.886772 21.849779 21.833144 21.826032 21.823136 21.822011 21.821594 21.821445 21.821395 21.821379 21.821373 21.821372 21.821371 21.821371 21.821371 21.821371 21.821371 21.821370 21.821368 21.821362 21.821341 21.821280 21.821106 21.820630 21.819376 21.816208 21.808525 21.790644 21.750696 21.664988 21.488263 21.137708 20.468141 19.236655 17.061410 13.406236 7.711381 0.000000 
50.000000 42.827763 36.128012 30.280034 25.507303 21.861991 19.253404 17.502099 16.397375 15.741559 15.374550 15.180601 15.083645 15.037717 15.017065 15.008236 15.004641 15.003245 15.002727 15.002543 15.002480 15.002460 15.002454 15.002452 15.002451 15.002451 15.002451 15.002451 15.002451 15.002450 15.002448 15.002441 15.002420 15.002359 15.002183 15.001705 15.000454 14.997310 14.989743 14.972295 14.933774 14.852376 14.687839 14.369893 13.783392 12.753651 11.043379 8.389347 4.633197 0.000000 
50.000000 41.760188 34.063240 27.344928 21.861991 17.674341 14.677748 12.666022 11.397074 10.643802 10.222275 9.999526 9.888180 9.835438 9.811724 9.801586 9.797458 9.795856 9.795261 9.795050 9.794978 9.794955 9.794948 9.794945 9.794945 9.794945 9.794944 9.794944 9.794944 9.794944 9.794942 9.794936 9.794917 9.794863 9.794710 9.794293 9.793207 9.790497 9.784027 9.769254 9.737030 9.669967 9.536966 9.286080 8.837171 8.078599 6.876787 5.113057 2.762165 0.000000 
50.000000 40.996181 32.585613 25.244507 19.253404 14.677748 11.403602 9.205620 7.819240 6.996294 6.535800 6.292472 6.170846 6.113238 6.087337 6.076265 6.071758 6.070008 6.069358 6.069128 6.069050 6.069024 6.069016 6.069014 6.069013 6.069013 6.069013 6.069013 6.069013 6.069012 6.069011 6.069006 6.068991 6.068949 6.068829 6.068504 6.067662 6.065577 6.060636 6.049463 6.025377 5.975961 5.879652 5.701801 5.391668 4.883511 4.106799 3.011076 1.605974 0.000000 
50.000000 40.483218 31.593533 23.834319 17.502099 12.666022 9.205620 6.882673 5.417523 4.547853 4.061233 3.804113 3.675599 3.614731 3.587367 3.575670 3.570908 3.569059 3.568374 3.568130 3.568048 3.568021 3.568012 3.568010 3.568009 3.568009 3.568009 3.568009 3.568009 3.568008 3.568007 3.568004 3.567993 3.567963 3.567877 3.567648 3.567056 3.565598 3.562171 3.554493 3.538121 3.504964 3.441336 3.325967 3.129056 2.814260 2.346055 1.704020 0.901697 0.000000 
50.000000 40.159611 30.967686 22.944738 16.397375 11.397074 7.819240 5.417523 3.902733 3.003627 2.500554 2.234750 2.101901 2.038983 2.010698 1.998608 1.993686 1.991776 1.991067 1.990816 1.990730 1.990702 1.990693 1.990691 1.990690 1.990690 1.990690 1.990690 1.990690 1.990689 1.990689 1.990687 1.990680 1.990660 1.990604 1.990455 1.990073 1.989137 1.986954 1.982104 1.971864 1.951367 1.912559 1.843279 1.727108 1.544998 1.279750 0.923484 0.486150 0.000000 
50.000000 39.967485 30.596126 22.416619 15.741559 10.643802 6.996294 4.547853 3.003627 2.087071 1.574248 1.303300 1.167883 1.103751 1.074921 1.062599 1.057583 1.055636 1.054914 1.054658 1.054571 1.054542 1.054533 1.054531 1.054530 1.054530 1.054530 1.054530 1.054529 1.054529 1.054529 1.054528 1.054523 1.054511 1.054478 1.054388 1.054160 1.053604 1.052316 1.049477 1.043535 1.031763 1.009732 0.970917 0.906771 0.807785 0.665924 0.478302 0.250902 0.000000 
50.000000 39.859956 30.388176 22.121059 15.374550 10.222275 6.535800 4.061233 2.500554 1.574248 1.055979 0.782159 0.645310 0.580501 0.551367 0.538915 0.533847 0.531879 0.531150 0.530891 0.530803 0.530774 0.530765 0.530762 0.530762 0.530761 0.530761 0.530761 0.530761 0.530761 0.530761 0.530760 0.530758 0.530751 0.530732 0.530682 0.530555 0.530248 0.529540 0.527989 0.524771 0.518451 0.506741 0.486337 0.453021 0.402255 0.330415 0.236509 0.123751 0.000000 
50.000000 39.803124 30.278273 21.964860 15.180601 9.999526 6.292472 3.804113 2.234750 1.303300 0.782159 0.506825 0.369221 0.304055 0.274762 0.262242 0.257146 0.255168 0.254434 0.254174 0.254085 0.254057 0.254047 0.254045 0.254044 0.254044 0.254044 0.254044 0.254044 0.254044 0.254043 0.254043 0.254042 0.254038 0.254028 0.254002 0.253936 0.253777 0.253412 0.252619 0.250984 0.247796 0.241942 0.231837 0.215499 0.190858 0.156335 0.111615 0.058292 0.000000 
50.000000 39.774711 30.223327 21.886772 15.083645 9.888180 6.170846 3.675599 2.101901 1.167883 0.645310 0.369221 0.231241 0.165898 0.136525 0.123971 0.118862 0.116878 0.116142 0.115881 0.115793 0.115764 0.115755 0.115752 0.115751 0.115751 0.115751 0.115751 0.115751 0.115751 0.115751 0.115750 0.115750 0.115748 0.115743 0.115730 0.115698 0.115621 0.115444 0.115062 0.114279 0.112764 0.110001 0.105270 0.097683 0.086335 0.070564 0.050279 0.026222 0.000000 
50.000000 39.761249 30.197297 21.849779 15.037717 9.835438 6.113238 3.614731 2.038983 1.103751 0.580501 0.304055 0.165898 0.100471 0.071060 0.058491 0.053375 0.051388 0.050652 0.050390 0.050302 0.050273 0.050264 0.050261 0.050260 0.050260 0.050260 0.050260 0.050260 0.050260 0.050260 0.050260 0.050259 0.050259 0.050256 0.050250 0.050235 0.050200 0.050119 0.049946 0.049591 0.048910 0.047676 0.045575 0.042231 0.037263 0.030403 0.021629 0.011268 0.000000 
50.000000 39.755195 30.185591 21.833144 15.017065 9.811724 6.087337 3.587367 2.010698 1.074921 0.551367 0.274762 0.136525 0.071060 0.041633 0.029056 0.023937 0.021950 0.021213 0.020952 0.020863 0.020834 0.020825 0.020822 0.020821 0.020821 0.020821 0.020821 0.020821 0.020821 0.020821 0.020821 0.020821 0.020820 0.020819 0.020817 0.020810 0.020795 0.020760 0.020685 0.020533 0.020243 0.019719 0.018833 0.017431 0.015359 0.012514 0.008892 0.004628 0.000000 
50.000000 39.752607 30.180585 21.826032 15.008236 9.801586 6.076265 3.575670 1.998608 1.062599 0.538915 0.262242 0.123971 0.058491 0.029056 0.016476 0.011356 0.009368 0.008631 0.008370 0.008281 0.008252 0.008243 0.008240 0.008239 0.008239 0.008239 0.008239 0.008239 0.008239 0.008239 0.008239 0.008239 0.008239 0.008238 0.008237 0.008234 0.008228 0.008214 0.008183 0.008121 0.008004 0.007792 0.007437 0.006876 0.006052 0.004925 0.003496 0.001819 0.000000 
50.000000 39.751553 30.178547 21.823136 15.004641 9.797458 6.071758 3.570908 1.993686 1.057583 0.533847 0.257146 0.118862 0.053375 0.023937 0.011356 0.006235 0.004247 0.003510 0.003249 0.003160 0.003131 0.003122 0.003119 0.003118 0.003118 0.003118 0.003118 0.003118 0.003118 0.003118 0.003118 0.003118 0.003118 0.003118 0.003117 0.003116 0.003114 0.003108 0.003096 0.003072 0.003027 0.002945 0.002809 0.002595 0.002282 0.001856 0.001316 0.000684 0.000000 
50.000000 39.751143 30.177756 21.822011 15.003245 9.795856 6.070008 3.569059 1.991776 1.055636 0.531879 0.255168 0.116878 0.051388 0.021950 0.009368 0.004247 0.002259 0.001522 0.001260 0.001172 0.001143 0.001133 0.001131 0.001130 0.001130 0.001130 0.001130 0.001130 0.001130 0.001130 0.001130 0.001130 0.001130 0.001130 0.001129 0.001129 0.001128 0.001126 0.001122 0.001113 0.001096 0.001066 0.001016 0.000938 0.000824 0.000670 0.000475 0.000247 0.000000 
50.000000 39.750991 30.177462 21.821594 15.002727 9.795261 6.069358 3.568374 1.991067 1.054914 0.531150 0.254434 0.116142 0.050652 0.021213 0.008631 0.003510 0.001522 0.000785 0.000523 0.000434 0.000405 0.000396 0.000393 0.000393 0.000392 0.000392 0.000392 0.000392 0.000392 0.000392 0.000392 0.000392 0.000392 0.000392 0.000392 0.000392 0.000392 0.000391 0.000389 0.000386 0.000380 0.000370 0.000352 0.000325 0.000286 0.000232 0.000164 0.000085 0.000000 
50.000000 39.750938 30.177358 21.821445 15.002543 9.795050 6.069128 3.568130 1.990816 1.054658 0.530891 0.254174 0.115881 0.050390 0.020952 0.008370 0.003249 0.001260 0.000523 0.000262 0.000173 0.000144 0.000135 0.000132 0.000131 0.000131 0.000131 0.000131 0.000131 0.000131 0.000131 0.000131 0.000131 0.000131 0.000131 0.000131 0.000131 0.000131 0.000130 0.000130 0.000129 0.000127 0.000123 0.000117 0.000108 0.000095 0.000077 0.000055 0.000028 0.000000 
50.000000 39.750919 30.177322 21.821395 15.002480 9.794978 6.069050 3.568048 1.990730 1.054571 0.530803 0.254085 0.115793 0.050302 0.020863 0.008281 0.003160 0.001172 0.000434 0.000173 0.000084 0.000055 0.000046 0.000043 0.000042 0.000042 0.000042 0.000042 0.000042 0.000042 0.000042 0.000042 0.000042 0.000042 0.000042 0.000042 0.000042 0.000042 0.000042 0.000042 0.000041 0.000041 0.000039 0.000038 0.000035 0.000030 0.000025 0.000017 0.000009 0.000000 
50.000000 39.750913 30.177311 21.821379 15.002460 9.794955 6.069024 3.568021 1.990702 1.054542 0.530774 0.254057 0.115764 0.050273 0.020834 0.008252 0.003131 0.001143 0.000405 0.000144 0.000055 0.000026 0.000017 0.000014 0.000013 0.000013 0.000013 0.000013 0.000013 0.000013 0.000013 0.000013 0.000013 0.000013 0.000013 0.000013 0.000013 0.000013 0.000013 0.000013 0.000013 0.000012 0.000012 0.000012 0.000011 0.000009 0.000008 0.000005 0.000003 0.000000 
50.000000 39.750911 30.177307 21.821373 15.002454 9.794948 6.069016 3.568012 1.990693 1.054533 0.530765 0.254047 0.115755 0.050264 0.020825 0.008243 0.003122 0.001133 0.000396 0.000135 0.000046 0.000017 0.000008 0.000005 0.000004 0.000004 0.000004 0.000004 0.000004 0.000004 0.000004 0.000004 0.000004 0.000004 0.000004 0.000004 0.000004 0.000004 0.000004 0.000004 0.000004 0.000004 0.000004 0.000003 0.000003 0.000003 0.000002 0.000002 0.000001 0.000000 
50.000000 39.750911 30.177306 21.821372 15.002452 9.794945 6.069014 3.568010 1.990691 1.054531 0.530762 0.254045 0.115752 0.050261 0.020822 0.008240 0.003119 0.001131 0.000393 0.000132 0.000043 0.000014 0.000005 0.000002 0.000001 0.000001 0.000001 0.000001 0.000001 0.000001 0.000001 0.000001 0.000001 0.000001 0.000001 0.000001 0.000001 0.000001 0.000001 0.000001 0.000001 0.000001 0.000001 0.000001 0.000001 0.000001 0.000001 0.000000 0.000000 0.000000 
50.000000 39.750911 30.177306 21.821372 15.002451 9.794945 6.069013 3.568009 1.990690 1.054530 0.530762 0.254044 0.115751 0.050260 0.020821 0.008239 0.003118 0.001130 0.000393 0.000131 0.000042 0.000013 0.000004 0.000001 0.000001 0.000000 0.000000 0.000000 0.000000 0.000000 0.000000 0.000000 0.000000 0.000000 0.000000 0.000000 0.000000 0.000000 0.000000 0.000000 0.000000 0.000000 0.000000 0.000000 0.000000 0.000000 0.000000 0.000000 0.000000 0.000000 
50.000000 39.750911 30.177306 21.821372 15.002451 9.794945 6.069013 3.568009 1.990690 1.054530 0.530762 0.254044 0.115751 0.050260 0.020821 0.008239 0.003118 0.001130 0.000393 0.000131 0.000042 0.000013 0.000004 0.000001 0.000001 0.000000 0.000000 0.000000 0.000000 0.000000 0.000000 0.000000 0.000000 0.000000 0.000000 0.000000 0.000000 0.000000 0.000000 0.000000 0.000000 0.000000 0.000000 0.000000 0.000000 0.000000 0.000000 0.000000 0.000000 0.000000 
50.000000 39.750911 30.177306 21.821372 15.002452 9.794945 6.069014 3.568010 1.990691 1.054531 0.530762 0.254045 0.115752 0.050261 0.020822 0.008240 0.003119 0.001131 0.000393 0.000132 0.000043 0.000014 0.000005 0.000002 0.000001 0.000001 0.000001 0.000001 0.000001 0.000001 0.000001 0.000001 0.000001 0.000001 0.000001 0.000001 0.000001 0.000001 0.000001 0.000001 0.000001 0.000001 0.000001 0.000001 0.000001 0.000001 0.000001 0.000000 0.000000 0.000000 
50.000000 39.750911 30.177307 21.821373 15.002454 9.794948 6.069016 3.568012 1.990693 1.054533 0.530765 0.254047 0.115755 0.050264 0.020825 0.008243 0.003122 0.001133 0.000396 0.000135 0.000046 0.000017 0.000008 0.000005 0.000004 0.000004 0.000004 0.000004 0.000004 0.000004 0.000004 0.000004 0.000004 0.000004 0.000004 0.000004 0.000004 0.000004 0.000004 0.000004 0.000004 0.000004 0.000004 0.000003 0.000003 0.000003 0.000002 0.000002 0.000001 0.000000 
50.000000 39.750913 30.177311 21.821379 15.002460 9.794955 6.069024 3.568021 1.990702 1.054542 0.530774 0.254057 0.115764 0.050273 0.020834 0.008252 0.003131 0.001143 0.000405 0.000144 0.000055 0.000026 0.000017 0.000014 0.000013 0.000013 0.000013 0.000013 0.000013 0.000013 0.000013 0.000013 0.000013 0.000013 0.000013 0.000013 0.000013 0.000013 0.000013 0.000013 0.000013 0.000012 0.000012 0.000012 0.000011 0.000009 0.000008 0.000005 0.000003 0.000000 
50.000000 39.750919 30.177322 21.821395 15.002480 9.794978 6.069050 3.568048 1.990730 1.054571 0.530803 0.254085 0.115793 0.050302 0.020863 0.008281 0.003160 0.001172 0.000434 0.000173 0.000084 0.000055 0.000046 0.000043 0.000042 0.000042 0.000042 0.000042 0.000042 0.000042 0.000042 0.000042 0.000042 0.000042 0.000042 0.000042 0.000042 0.000042 0.000042 0.000042 0.000041 0.000041 0.000039 0.000038 0.000035 0.000030 0.000025 0.000017 0.000009 0.000000 
50.000000 39.750938 30.177358 21.821445 15.002543 9.795050 6.069128 3.568130 1.990816 1.054658 0.530891 0.254174 0.115881 0.050390 0.020952 0.008370 0.003249 0.001260 0.000523 0.000262 0.000173 0.000144 0.000135 0.000132 0.000131 0.000131 0.000131 0.000131 0.000131 0.000131 0.000131 0.000131 0.000131 0.000131 0.000131 0.000131 0.000131 0.000131 0.000130 0.000130 0.000129 0.000127 0.000123 0.000117 0.000108 0.000095 0.000077 0.000055 0.000028 0.000000 
50.000000 39.750991 30.177462 21.821594 15.002727 9.795261 6.069358 3.568374 1.991067 1.054914 0.531150 0.254434 0.116142 0.050652 0.021213 0.008631 0.003510 0.001522 0.000785 0.000523 0.000434 0.000405 0.000396 0.000393 0.000393 0.000392 0.000392 0.000392 0.000392 0.000392 0.000392 0.000392 0.000392 0.000392 0.000392 0.000392 0.000392 0.000392 0.000391 0.000389 0.000386 0.000380 0.000370 0.000352 0.000325 0.000286 0.000232 0.000164 0.000085 0.000000 
50.000000 39.751143 30.177756 21.822011 15.003245 9.795856 6.070008 3.569059 1.991776 1.055636 0.531879 0.255168 0.116878 0.051388 0.021950 0.009368 0.004247 0.002259 0.001522 0.001260 0.001172 0.001143 0.001133 0.001131 0.001130 0.001130 0.001130 0.001130 0.001130 0.001130 0.001130 0.001130 0.001130 0.001130 0.001130 0.001129 0.001129 0.001128 0.001126 0.001122 0.001113 0.001096 0.001066 0.001016 0.000938 0.000824 0.000670 0.000475 0.000247 0.000000 
50.000000 39.751553 30.178547 21.823136 15.004641 9.797458 6.071758 3.570908 1.993686 1.057583 0.533847 0.257146 0.118862 0.053375 0.023937 0.011356 0.006235 0.004247 0.003510 0.003249 0.003160 0.003131 0.003122 0.003119 0.003118 0.003118 0.003118 0.003118 0.003118 0.003118 0.003118 0.003118 0.003118 0.003118 0.003118 0.003117 0.003116 0.003114 0.003108 0.003096 0.003072 0.003027 0.002945 0.002809 0.002595 0.002282 0.001856 0.001316 0.000684 0.000000 
50.000000 39.752607 30.180585 21.826032 15.008236 9.801586 6.076265 3.575670 1.998608 1.062599 0.538915 0.262242 0.123971 0.058491 0.029056 0.016476 0.011356 0.009368 0.008631 0.008370 0.008281 0.008252 0.008243 0.008240 0.008239 0.008239 0.008239 0.008239 0.008239 0.008239 0.008239 0.008239 0.008239 0.008239 0.008238 0.008237 0.008234 0.008228 0.008214 0.008183 0.008121 0.008004 0.007792 0.007437 0.006876 0.006052 0.004925 0.003496 0.001819 0.000000 
50.000000 39.755195 30.185591 21.833144 15.017065 9.811724 6.087337 3.587367 2.010698 1.074921 0.551367 0.274762 0.136525 0.071060 0.041633 0.029056 0.023937 0.021950 0.021213 0.020952 0.020863 0.020834 0.020825 0.020822 0.020821 0.020821 0.020821 0.020821 0.020821 0.020821 0.020821 0.020821 0.020821 0.020820 0.020819 0.020817 0.020810 0.020795 0.020760 0.020685 0.020533 0.020243 0.019719 0.018833 0.017431 0.015359 0.012514 0.008892 0.004628 0.000000 
50.000000 39.761249 30.197297 21.849779 15.037717 9.835438 6.113238 3.614731 2.038983 1.103751 0.580501 0.304055 0.165898 0.100471 0.071060 0.058491 0.053375 0.051388 0.050652 0.050390 0.050302 0.050273 0.050264 0.050261 0.050260 0.050260 0.050260 0.050260 0.050260 0.050260 0.050260 0.050260 0.050259 0.050259 0.050256 0.050250 0.050235 0.050200 0.050119 0.049946 0.049591 0.048910 0.047676 0.045575 0.042231 0.037263 0.030403 0.021629 0.011268 0.000000 
50.000000 39.774711 30.223327 21.886772 15.083645 9.888180 6.170846 3.675599 2.101901 1.167883 0.645310 0.369221 0.231241 0.165898 0.136525 0.123971 0.118862 0.116878 0.116142 0.115881 0.115793 0.115764 0.115755 0.115752 0.115751 0.115751 0.115751 0.115751 0.115751 0.115751 0.115751 0.115750 0.115750 0.115748 0.115743 0.115730 0.115698 0.115621 0.115444 0.115062 0.114279 0.112764 0.110001 0.105270 0.097683 0.086335 0.070564 0.050279 0.026222 0.000000 
50.000000 39.803124 30.278273 21.964860 15.180601 9.999526 6.292472 3.804113 2.234750 1.303300 0.782159 0.506825 0.369221 0.304055 0.274762 0.262242 0.257146 0.255168 0.254434 0.254174 0.254085 0.254057 0.254047 0.254045 0.254044 0.254044 0.254044 0.254044 0.254044 0.254044 0.254043 0.254043 0.254042 0.254038 0.254028 0.254002 0.253936 0.253777 0.253412 0.252619 0.250984 0.247796 0.241942 0.231837 0.215499 0.190858 0.156335 0.111615 0.058292 0.000000 
50.000000 39.859956 30.388176 22.121059 15.374550 10.222275 6.535800 4.061233 2.500554 1.574248 1.055979 0.782159 0.645310 0.580501 0.551367 0.538915 0.533847 0.531879 0.531150 0.530891 0.530803 0.530774 0.530765 0.530762 0.530762 0.530761 0.530761 0.530761 0.530761 0.530761 0.530761 0.530760 0.530758 0.530751 0.530732 0.530682 0.530555 0.530248 0.529540 0.527989 0.524771 0.518451 0.506741 0.486337 0.453021 0.402255 0.330415 0.236509 0.123751 0.000000 
50.000000 39.967485 30.596126 22.416619 15.741559 10.643802 6.996294 4.547853 3.003627 2.087071 1.574248 1.303300 1.167883 1.103751 1.074921 1.062599 1.057583 1.055636 1.054914 1.054658 1.054571 1.054542 1.054533 1.054531 1.054530 1.054530 1.054530 1.054530 1.054529 1.054529 1.054529 1.054528 1.054523 1.054511 1.054478 1.054388 1.054160 1.053604 1.052316 1.049477 1.043535 1.031763 1.009732 0.970917 0.906771 0.807785 0.665924 0.478302 0.250902 0.000000 
50.000000 40.159611 30.967686 22.944738 16.397375 11.397074 7.819240 5.417523 3.902733 3.003627 2.500554 2.234750 2.101901 2.038983 2.010698 1.998608 1.993686 1.991776 1.991067 1.990816 1.990730 1.990702 1.990693 1.990691 1.990690 1.990690 1.990690 1.990690 1.990690 1.990689 1.990689 1.990687 1.990680 1.990660 1.990604 1.990455 1.990073 1.989137 1.986954 1.982104 1.971864 1.951367 1.912559 1.843279 1.727108 1.544998 1.279750 0.923484 0.486150 0.000000 
50.000000 40.483218 31.593533 23.834319 17.502099 12.666022 9.205620 6.882673 5.417523 4.547853 4.061233 3.804113 3.675599 3.614731 3.587367 3.575670 3.570908 3.569059 3.568374 3.568130 3.568048 3.568021 3.568012 3.568010 3.568009 3.568009 3.568009 3.568009 3.568009 3.568008 3.568007 3.568004 3.567993 3.567963 3.567877 3.567648 3.567056 3.565598 3.562171 3.554493 3.538121 3.504964 3.441336 3.325967 3.129056 2.814260 2.346055 1.704020 0.901697 0.000000 
50.000000 40.996181 32.585613 25.244507 19.253404 14.677748 11.403602 9.205620 7.819240 6.996294 6.535800 6.292472 6.170846 6.113238 6.087337 6.076265 6.071758 6.070008 6.069358 6.069128 6.069050 6.069024 6.069016 6.069014 6.069013 6.069013 6.069013 6.069013 6.069013 6.069012 6.069011 6.069006 6.068991 6.068949 6.068829 6.068504 6.067662 6.065577 6.060636 6.049463 6.025377 5.975961 5.879652 5.701801 5.391668 4.883511 4.106799 3.011076 1.605974 0.000000 
50.000000 41.760188 34.063240 27.344928 21.861991 17.674341 14.677748 12.666022 11.397074 10.643802 10.222275 9.999526 9.888180 9.835438 9.811724 9.801586 9.797458 9.795856 9.795261 9.795050 9.794978 9.794955 9.794948 9.794945 9.794945 9.794945 9.794944 9.794944 9.794944 9.794944 9.794942 9.794936 9.794917 9.794863 9.794710 9.794293 9.793207 9.790497 9.784027 9.769254 9.737030 9.669967 9.536966 9.286080 8.837171 8.078599 6.876787 5.113057 2.762165 0.000000 
50.000000 42.827763 36.128012 30.280034 25.507303 21.861991 19.253404 17.502099 16.397375 15.741559 15.374550 15.180601 15.083645 15.037717 15.017065 15.008236 15.004641 15.003245 15.002727 15.002543 15.002480 15.002460 15.002454 15.002452 15.002451 15.002451 15.002451 15.002451 15.002451 15.002450 15.002448 15.002441 15.002420 15.002359 15.002183 15.001705 15.000454 14.997310 14.989743 14.972295 14.933774 14.852376 14.687839 14.369893 13.783392 12.753651 11.043379 8.389347 4.633197 0.000000 
50.000000 44.225443 38.831265 34.122821 30.280034 27.344928 25.244507 23.834319 22.944738 22.416619 22.121059 21.964860 21.886772 21.849779 21.833144 21.826032 21.823136 21.822011 21.821594 21.821445 21.821395 21.821379 21.821373 21.821372 21.821371 21.821371 21.821371 21.821371 21.821371 21.821370 21.821368 21.821362 21.821341 21.821280 21.821106 21.820630 21.819376 21.816208 21.808525 21.790644 21.750696 21.664988 21.488263 21.137708 20.468141 19.236655 17.061410 13.406236 7.711381 0.000000 
50.000000 45.937936 42.143427 38.831265 36.128012 34.063240 32.585613 31.593533 30.967686 30.596126 30.388176 30.278273 30.223327 30.197297 30.185591 30.180585 30.178547 30.177756 30.177462 30.177358 30.177322 30.177311 30.177307 30.177306 30.177306 30.177306 30.177306 30.177306 30.177305 30.177305 30.177303 30.177298 30.177281 30.177231 30.177089 30.176699 30.175668 30.173049 30.166659 30.151667 30.117824 30.044202 29.889514 29.574537 28.950182 27.738665 25.425029 21.071714 13.120905 0.000000 
50.000000 47.899804 45.937936 44.225443 42.827763 41.760188 40.996181 40.483218 40.159611 39.967485 39.859956 39.803124 39.774711 39.761249 39.755195 39.752607 39.751553 39.751143 39.750991 39.750938 39.750919 39.750913 39.750911 39.750911 39.750911 39.750911 39.750911 39.750910 39.750910 39.750910 39.750909 39.750906 39.750897 39.750869 39.750788 39.750567 39.749981 39.748489 39.744832 39.736204 39.716583 39.673461 39.581521 39.390208 38.998023 38.194566 36.514062 32.817030 23.949902 0.000000 
50.000000 50.000000 50.000000 50.000000 50.000000 50.000000 50.000000 50.000000 50.000000 50.000000 50.000000 50.000000 50.000000 50.000000 50.000000 50.000000 50.000000 50.000000 50.000000 50.000000 50.000000 50.000000 50.000000 50.000000 50.000000 50.000000 50.000000 50.000000 50.000000 50.000000 50.000000 50.000000 50.000000 50.000000 50.000000 50.000000 50.000000 50.000000 50.000000 50.000000 50.000000 50.000000 50.000000 50.000000 50.000000 50.000000 50.000000 50.000000 50.000000 50.000000 
