50.000000 50.000000 50.000000 50.000000 50.000000 50.000000 50.000000 50.000000 50.000000 50.000000 50.000000 50.000000 50.000000 50.000000 50.000000 50.000000 50.000000 50.000000 50.000000 50.000000 50.000000 50.000000 50.000000 50.000000 50.000000 50.000000 50.000000 50.000000 50.000000 50.000000 50.000000 50.000000 50.000000 50.000000 50.000000 50.000000 50.000000 50.000000 50.000000 50.000000 50.000000 50.000000 50.000000 50.000000 50.000000 50.000000 50.000000 50.000000 50.000000 50.000000 
50.000000 48.209251 46.519102 45.013224 43.746174 42.738829 41.981553 41.442800 41.079715 40.847672 40.706882 40.625688 40.581126 40.557822 40.546195 40.540654 40.538128 40.537025 40.536564 40.536379 40.536307 40.536281 40.536271 40.536268 40.536267 40.536267 40.536266 40.536266 40.536266 40.536264 40.536260 40.536248 40.536216 40.536132 40.535915 40.535381 40.534107 40.531170 40.524626 40.510513 40.480990 40.420920 40.301522 40.068161 39.615199 38.728936 36.942216 33.117042 24.104626 0.000000 
50.000000 46.519102 43.233758 40.306616 37.843724 35.885659 34.413691 33.366491 32.660754 32.209732 31.936084 31.778273 31.691662 31.646369 31.623772 31.613002 31.608093 31.605951 31.605054 31.604694 31.604555 31.604503 31.604485 31.604479 31.604476 31.604476 31.604475 31.604475 31.604474 31.604472 31.604464 31.604443 31.604385 31.604233 31.603843 31.602883 31.600600 31.595356 31.583719 31.558756 31.506914 31.402490 31.197899 30.806506 30.071701 28.709705 26.203053 21.616879 13.402060 0.000000 
50.000000 45.013224 40.306616 36.113195 32.584888 29.779824 27.671156 26.171015 25.160049 24.513974 24.121992 23.895944 23.771886 23.707012 23.674646 23.659222 23.652192 23.649123 23.647839 23.647324 23.647125 23.647051 23.647024 23.647015 23.647012 23.647011 23.647011 23.647010 23.647009 23.647006 23.646997 23.646970 23.646897 23.646704 23.646213 23.645007 23.642151 23.635622 23.621225 23.590582 23.527603 23.402483 23.161912 22.713592 21.902727 20.478746 18.056597 14.103564 8.071009 0.000000 
50.000000 43.746174 37.843724 32.584888 28.160200 24.642549 21.998252 20.117094 18.849387 18.039259 17.547759 17.264329 17.108786 17.027450 16.986873 16.967536 16.958723 16.954876 16.953267 16.952620 16.952371 16.952278 16.952245 16.952234 16.952230 16.952229 16.952228 16.952228 16.952227 16.952223 16.952213 16.952185 16.952108 16.951905 16.951391 16.950134 16.947169 16.940433 16.925690 16.894605 16.831475 16.707970 16.475228 16.052852 15.315432 14.080100 12.106142 9.134019 5.017238 0.000000 
50.000000 42.738829 35.885659 29.779824 24.642549 20.558453 17.488408 15.304424 13.832683 12.892196 12.321627 11.992613 11.812060 11.717650 11.670553 11.648110 11.637881 11.633417 11.631549 11.630800 11.630510 11.630403 11.630364 11.630351 11.630347 11.630345 11.630345 11.630344 11.630343 11.630340 11.630331 11.630304 11.630233 11.630046 11.629573 11.628421 11.625721 11.619626 11.606395 11.578775 11.523373 11.416655 11.219429 10.870219 10.279226 9.327117 7.877096 5.813958 3.123630 0.000000 
50.000000 41.981553 34.413691 27.671156 21.998252 17.488408 14.098395 11.686848 10.061801 9.023378 8.393416 8.030166 7.830834 7.726609 7.674617 7.649843 7.638552 7.633625 7.631564 7.630736 7.630417 7.630298 7.630256 7.630241 7.630237 7.630235 7.630234 7.630234 7.630233 7.630230 7.630222 7.630200 7.630141 7.629985 7.629592 7.628641 7.626425 7.621456 7.610758 7.588648 7.544833 7.461668 7.310707 7.049198 6.618190 5.945399 4.957564 3.607185 1.913393 0.000000 
50.000000 41.442800 33.366491 26.171015 20.117094 15.304424 11.686848 9.113477 7.379428 6.271383 5.599205 5.211627 4.998952 4.887754 4.832287 4.805858 4.793814 4.788558 4.786359 4.785476 4.785136 4.785009 4.784964 4.784949 4.784943 4.784942 4.784941 4.784941 4.784940 4.784938 4.784932 4.784915 4.784869 4.784750 4.784452 4.783733 4.782068 4.778359 4.770440 4.754228 4.722464 4.662985 4.556738 4.376141 4.084996 3.641866 3.009103 2.168591 1.141278 0.000000 
50.000000 41.079715 32.660754 25.160049 18.849387 13.832683 10.061801 7.379428 5.571968 4.417044 3.716446 3.312493 3.090839 2.974952 2.917147 2.889604 2.877054 2.871577 2.869286 2.868366 2.868011 2.867880 2.867833 2.867816 2.867811 2.867809 2.867809 2.867808 2.867808 2.867806 2.867802 2.867790 2.867758 2.867674 2.867464 2.866962 2.865804 2.863244 2.857818 2.846810 2.825467 2.785984 2.716443 2.600133 2.416029 2.141416 1.757566 1.258264 0.658796 0.000000 
50.000000 40.847672 32.209732 24.513974 18.039259 12.892196 9.023378 6.271383 4.417044 3.232188 2.513449 2.099046 1.871664 1.752785 1.693489 1.665238 1.652364 1.646747 1.644397 1.643454 1.643090 1.642955 1.642906 1.642890 1.642884 1.642883 1.642882 1.642882 1.642881 1.642880 1.642877 1.642869 1.642848 1.642793 1.642656 1.642329 1.641580 1.639932 1.636466 1.629491 1.616094 1.591576 1.548919 1.478546 1.368823 1.207784 0.986371 0.702818 0.366682 0.000000 
50.000000 40.706882 31.936084 24.121992 17.547759 12.321627 8.393416 5.599205 3.716446 2.513449 1.783718 1.362984 1.132134 1.011443 0.951246 0.922565 0.909496 0.903794 0.901409 0.900451 0.900081 0.899944 0.899895 0.899879 0.899873 0.899871 0.899871 0.899870 0.899870 0.899869 0.899868 0.899863 0.899850 0.899816 0.899732 0.899532 0.899078 0.898084 0.896007 0.891859 0.883958 0.869636 0.844977 0.804767 0.742852 0.653154 0.531410 0.377329 0.196369 0.000000 
50.000000 40.625688 31.778273 23.895944 17.264329 11.992613 8.030166 5.211627 3.312493 2.099046 1.362984 0.938606 0.705759 0.584027 0.523310 0.494383 0.481202 0.475451 0.473045 0.472079 0.471707 0.471568 0.471519 0.471502 0.471496 0.471494 0.471494 0.471494 0.471493 0.471493 0.471492 0.471489 0.471482 0.471462 0.471414 0.471299 0.471040 0.470476 0.469303 0.466977 0.462580 0.454674 0.441187 0.419408 0.386218 0.338639 0.274719 0.194554 0.101062 0.000000 
50.000000 40.581126 31.691662 23.771886 17.108786 11.812060 7.830834 4.998952 3.090839 1.871664 1.132134 0.705759 0.471819 0.349516 0.288516 0.259453 0.246211 0.240433 0.238016 0.237046 0.236672 0.236533 0.236483 0.236466 0.236460 0.236459 0.236458 0.236458 0.236458 0.236457 0.236457 0.236455 0.236451 0.236440 0.236414 0.236352 0.236212 0.235910 0.235284 0.234050 0.231732 0.227595 0.220592 0.209378 0.192434 0.168353 0.136264 0.096306 0.049957 0.000000 
50.000000 40.557822 31.646369 23.707012 17.027450 11.717650 7.726609 4.887754 2.974952 1.752785 1.011443 0.584027 0.349516 0.226916 0.165767 0.136634 0.123360 0.117568 0.115146 0.114173 0.113798 0.113659 0.113609 0.113592 0.113586 0.113584 0.113584 0.113584 0.113583 0.113583 0.113583 0.113582 0.113580 0.113575 0.113561 0.113529 0.113458 0.113304 0.112987 0.112366 0.111205 0.109147 0.105687 0.100184 0.091929 0.080281 0.064861 0.045769 0.023716 0.000000 
50.000000 40.546195 31.623772 23.674646 16.986873 11.670553 7.674617 4.832287 2.917147 1.693489 0.951246 0.523310 0.288516 0.165767 0.104545 0.075378 0.062087 0.056289 0.053863 0.052889 0.052514 0.052374 0.052325 0.052307 0.052302 0.052300 0.052299 0.052299 0.052299 0.052299 0.052299 0.052298 0.052297 0.052295 0.052288 0.052273 0.052238 0.052163 0.052011 0.051713 0.051160 0.050185 0.048554 0.045976 0.042132 0.036739 0.029639 0.020888 0.010814 0.000000 
50.000000 40.540654 31.613002 23.659222 16.967536 11.648110 7.649843 4.805858 2.889604 1.665238 0.922565 0.494383 0.259453 0.136634 0.075378 0.046193 0.032895 0.027094 0.024667 0.023692 0.023317 0.023177 0.023127 0.023110 0.023104 0.023103 0.023102 0.023102 0.023102 0.023102 0.023102 0.023101 0.023101 0.023100 0.023097 0.023089 0.023073 0.023039 0.022969 0.022833 0.022582 0.022140 0.021406 0.020250 0.018537 0.016145 0.013009 0.009159 0.004738 0.000000 
50.000000 40.538128 31.608093 23.652192 16.958723 11.637881 7.638552 4.793814 2.877054 1.652364 0.909496 0.481202 0.246211 0.123360 0.062087 0.032895 0.019594 0.013791 0.011363 0.010389 0.010013 0.009873 0.009824 0.009806 0.009801 0.009799 0.009798 0.009798 0.009798 0.009798 0.009798 0.009798 0.009798 0.009797 0.009796 0.009793 0.009786 0.009770 0.009740 0.009680 0.009571 0.009380 0.009063 0.008568 0.007835 0.006817 0.005488 0.003860 0.001996 0.000000 
50.000000 40.537025 31.605951 23.649123 16.954876 11.633417 7.633625 4.788558 2.871577 1.646747 0.903794 0.475451 0.240433 0.117568 0.056289 0.027094 0.013791 0.007987 0.005559 0.004584 0.004208 0.004069 0.004019 0.004002 0.003996 0.003994 0.003994 0.003994 0.003994 0.003994 0.003994 0.003993 0.003993 0.003993 0.003993 0.003991 0.003988 0.003982 0.003969 0.003944 0.003899 0.003819 0.003689 0.003485 0.003184 0.002768 0.002227 0.001565 0.000809 0.000000 
50.000000 40.536564 31.605054 23.647839 16.953267 11.631549 7.631564 4.786359 2.869286 1.644397 0.901409 0.473045 0.238016 0.115146 0.053863 0.024667 0.011363 0.005559 0.003131 0.002156 0.001780 0.001641 0.001591 0.001574 0.001568 0.001566 0.001566 0.001566 0.001566 0.001566 0.001566 0.001566 0.001566 0.001565 0.001565 0.001565 0.001563 0.001561 0.001556 0.001546 0.001528 0.001496 0.001444 0.001364 0.001245 0.001082 0.000869 0.000611 0.000316 0.000000 
50.000000 40.536379 31.604694 23.647324 16.952620 11.630800 7.630736 4.785476 2.868366 1.643454 0.900451 0.472079 0.237046 0.114173 0.052889 0.023692 0.010389 0.004584 0.002156 0.001182 0.000806 0.000666 0.000616 0.000599 0.000594 0.000592 0.000591 0.000591 0.000591 0.000591 0.000591 0.000591 0.000591 0.000591 0.000591 0.000591 0.000590 0.000589 0.000587 0.000583 0.000576 0.000564 0.000544 0.000514 0.000469 0.000407 0.000327 0.000230 0.000119 0.000000 
50.000000 40.536307 31.604555 23.647125 16.952371 11.630510 7.630417 4.785136 2.868011 1.643090 0.900081 0.471707 0.236672 0.113798 0.052514 0.023317 0.010013 0.004208 0.001780 0.000806 0.000430 0.000290 0.000240 0.000223 0.000218 0.000216 0.000215 0.000215 0.000215 0.000215 0.000215 0.000215 0.000215 0.000215 0.000215 0.000215 0.000215 0.000214 0.000213 0.000212 0.000209 0.000205 0.000198 0.000187 0.000170 0.000148 0.000119 0.000083 0.000043 0.000000 
50.000000 40.536281 31.604503 23.647051 16.952278 11.630403 7.630298 4.785009 2.867880 1.642955 0.899944 0.471568 0.236533 0.113659 0.052374 0.023177 0.009873 0.004069 0.001641 0.000666 0.000290 0.000151 0.000101 0.000084 0.000078 0.000076 0.000076 0.000075 0.000075 0.000075 0.000075 0.000075 0.000075 0.000075 0.000075 0.000075 0.000075 0.000075 0.000075 0.000074 0.000073 0.000072 0.000069 0.000065 0.000060 0.000052 0.000041 0.000029 0.000015 0.000000 
50.000000 40.536271 31.604485 23.647024 16.952245 11.630364 7.630256 4.784964 2.867833 1.642907 0.899895 0.471519 0.236483 0.113609 0.052325 0.023127 0.009824 0.004019 0.001591 0.000616 0.000240 0.000101 0.000051 0.000034 0.000028 0.000026 0.000026 0.000026 0.000026 0.000026 0.000026 0.000026 0.000026 0.000026 0.000026 0.000026 0.000026 0.000025 0.000025 0.000025 0.000025 0.000024 0.000024 0.000022 0.000020 0.000018 0.000014 0.000010 0.000005 0.000000 
50.000000 40.536268 31.604479 23.647015 16.952234 11.630351 7.630242 4.784949 2.867817 1.642890 0.899879 0.471502 0.236466 0.113592 0.052308 0.023110 0.009807 0.004002 0.001574 0.000599 0.000223 0.000084 0.000034 0.000017 0.000011 0.000009 0.000009 0.000009 0.000009 0.000009 0.000009 0.000009 0.000009 0.000009 0.000009 0.000009 0.000009 0.000009 0.000009 0.000008 0.000008 0.000008 0.000008 0.000007 0.000007 0.000006 0.000005 0.000003 0.000002 0.000000 
50.000000 40.536267 31.604477 23.647013 16.952231 11.630347 7.630237 4.784944 2.867812 1.642885 0.899874 0.471497 0.236461 0.113587 0.052302 0.023105 0.009801 0.003997 0.001569 0.000594 0.000218 0.000079 0.000029 0.000012 0.000006 0.000004 0.000004 0.000004 0.000003 0.000003 0.000003 0.000003 0.000003 0.000003 0.000003 0.000003 0.000003 0.000003 0.000003 0.000003 0.000003 0.000003 0.000003 0.000003 0.000003 0.000002 0.000002 0.000001 0.000001 0.000000 
50.000000 40.536267 31.604477 23.647013 16.952231 11.630347 7.630237 4.784944 2.867812 1.642885 0.899874 0.471497 0.236461 0.113587 0.052302 0.023105 0.009801 0.003997 0.001569 0.000594 0.000218 0.000079 0.000029 0.000012 0.000006 0.000004 0.000004 0.000004 0.000003 0.000003 0.000003 0.000003 0.000003 0.000003 0.000003 0.000003 0.000003 0.000003 0.000003 0.000003 0.000003 0.000003 0.000003 0.000003 0.000003 0.000002 0.000002 0.000001 0.000001 0.000000 
50.000000 40.536268 31.604479 23.647015 16.952234 11.630351 7.630242 4.784949 2.867817 1.642890 0.899879 0.471502 0.236466 0.113592 0.052308 0.023110 0.009807 0.004002 0.001574 0.000599 0.000223 0.000084 0.000034 0.000017 0.000011 0.000009 0.000009 0.000009 0.000009 0.000009 0.000009 0.000009 0.000009 0.000009 0.000009 0.000009 0.000009 0.000009 0.000009 0.000008 0.000008 0.000008 0.000008 0.000007 0.000007 0.000006 0.000005 0.000003 0.000002 0.000000 
50.000000 40.536271 31.604485 23.647024 16.952245 11.630364 7.630256 4.784964 2.867833 1.642907 0.899895 0.471519 0.236483 0.113609 0.052325 0.023127 0.009824 0.004019 0.001591 0.000616 0.000240 0.000101 0.000051 0.000034 0.000028 0.000026 0.000026 0.000026 0.000026 0.000026 0.000026 0.000026 0.000026 0.000026 0.000026 0.000026 0.000026 0.000025 0.000025 0.000025 0.000025 0.000024 0.000024 0.000022 0.000020 0.000018 0.000014 0.000010 0.000005 0.000000 
50.000000 40.536281 31.604503 23.647051 16.952278 11.630403 7.630298 4.785009 2.867880 1.642955 0.899944 0.471568 0.236533 0.113659 0.052374 0.023177 0.009873 0.004069 0.001641 0.000666 0.000290 0.000151 0.000101 0.000084 0.000078 0.000076 0.000076 0.000075 0.000075 0.000075 0.000075 0.000075 0.000075 0.000075 0.000075 0.000075 0.000075 0.000075 0.000075 0.000074 0.000073 0.000072 0.000069 0.000065 0.000060 0.000052 0.000041 0.000029 0.000015 0.000000 
50.000000 40.536307 31.604555 23.647125 16.952371 11.630510 7.630417 4.785136 2.868011 1.643090 0.900081 0.471707 0.236672 0.113798 0.052514 0.023317 0.010013 0.004208 0.001780 0.000806 0.000430 0.000290 0.000240 0.000223 0.000218 0.000216 0.000215 0.000215 0.000215 0.000215 0.000215 0.000215 0.000215 0.000215 0.000215 0.000215 0.000215 0.000214 0.000213 0.000212 0.000209 0.000205 0.000198 0.000187 0.000170 0.000148 0.000119 0.000083 0.000043 0.000000 
50.000000 40.536379 31.604694 23.647324 16.952620 11.630800 7.630736 4.785476 2.868366 1.643454 0.900451 0.472079 0.237046 0.114173 0.052889 0.023692 0.010389 0.004584 0.002156 0.001182 0.000806 0.000666 0.000616 0.000599 0.000594 0.000592 0.000591 0.000591 0.000591 0.000591 0.000591 0.000591 0.000591 0.000591 0.000591 0.000591 0.000590 0.000589 0.000587 0.000583 0.000576 0.000564 0.000544 0.000514 0.000469 0.000407 0.000327 0.000230 0.000119 0.000000 
50.000000 40.536564 31.605054 23.647839 16.953267 11.631549 7.631564 4.786359 2.869286 1.644397 0.901409 0.473045 0.238016 0.115146 0.053863 0.024667 0.011363 0.005559 0.003131 0.002156 0.001780 0.001641 0.001591 0.001574 0.001568 0.001566 0.001566 0.001566 0.001566 0.001566 0.001566 0.001566 0.001566 0.001565 0.001565 0.001565 0.001563 0.001561 0.001556 0.001546 0.001528 0.001496 0.001444 0.001364 0.001245 0.001082 0.000869 0.000611 0.000316 0.000000 
50.000000 40.537025 31.605951 23.649123 16.954876 11.633417 7.633625 4.788558 2.871577 1.646747 0.903794 0.475451 0.240433 0.117568 0.056289 0.027094 0.013791 0.007987 0.005559 0.004584 0.004208 0.004069 0.004019 0.004002 0.003996 0.003994 0.003994 0.003994 0.003994 0.003994 0.003994 0.003993 0.003993 0.003993 0.003993 0.003991 0.003988 0.003982 0.003969 0.003944 0.003899 0.003819 0.003689 0.003485 0.003184 0.002768 0.002227 0.001565 0.000809 0.000000 
50.000000 40.538128 31.608093 23.652192 16.958723 11.637881 7.638552 4.793814 2.877054 1.652364 0.909496 0.481202 0.246211 0.123360 0.062087 0.032895 0.019594 0.013791 0.011363 0.010389 0.010013 0.009873 0.009824 0.009806 0.009801 0.009799 0.009798 0.009798 0.009798 0.009798 0.009798 0.009798 0.009798 0.009797 0.009796 0.009793 0.009786 0.009770 0.009740 0.009680 0.009571 0.009380 0.009063 0.008568 0.007835 0.006817 0.005488 0.003860 0.001996 0.000000 
50.000000 40.540654 31.613002 23.659222 16.967536 11.648110 7.649843 4.805858 2.889604 1.665238 0.922565 0.494383 0.259453 0.136634 0.075378 0.046193 0.032895 0.027094 0.024667 0.023692 0.023317 0.023177 0.023127 0.023110 0.023104 0.023103 0.023102 0.023102 0.023102 0.023102 0.023102 0.023101 0.023101 0.023100 0.023097 0.023089 0.023073 0.023039 0.022969 0.022833 0.022582 0.022140 0.021406 0.020250 0.018537 0.016145 0.013009 0.009159 0.004738 0.000000 
50.000000 40.546195 31.623772 23.674646 16.986873 11.670553 7.674617 4.832287 2.917147 1.693489 0.951246 0.523310 0.288516 0.165767 0.104545 0.075378 0.062087 0.056289 0.053863 0.052889 0.052514 0.052374 0.052325 0.052307 0.052302 0.052300 0.052299 0.052299 0.052299 0.052299 0.052299 0.052298 0.052297 0.052295 0.052288 0.052273 0.052238 0.052163 0.052011 0.051713 0.051160 0.050185 0.048554 0.045976 0.042132 0.036739 0.029639 0.020888 0.010814 0.000000 
50.000000 40.557822 31.646369 23.707012 17.027450 11.717650 7.726609 4.887754 2.974952 1.752785 1.011443 0.584027 0.349516 0.226916 0.165767 0.136634 0.123360 0.117568 0.115146 0.114173 0.113798 0.113659 0.113609 0.113592 0.113586 0.113584 0.113584 0.113584 0.113583 0.113583 0.113583 0.113582 0.113580 0.113575 0.113561 0.113529 0.113458 0.113304 0.112987 0.112366 0.111205 0.109147 0.105687 0.100184 0.091929 0.080281 0.064861 0.045769 0.023716 0.000000 
50.000000 40.581126 31.691662 23.771886 17.108786 11.812060 7.830834 4.998952 3.090839 1.871664 1.132134 0.705759 0.471819 0.349516 0.288516 0.259453 0.246211 0.240433 0.238016 0.237046 0.236672 0.236533 0.236483 0.236466 0.236460 0.236459 0.236458 0.236458 0.236458 0.236457 0.236457 0.236455 0.236451 0.236440 0.236414 0.236352 0.236212 0.235910 0.235284 0.234050 0.231732 0.227595 0.220592 0.209378 0.192434 0.168353 0.136264 0.096306 0.049957 0.000000 
50.000000 40.625688 31.778273 23.895944 17.264329 11.992613 8.030166 5.211627 3.312493 2.099046 1.362984 0.938606 0.705759 0.584027 0.523310 0.494383 0.481202 0.475451 0.473045 0.472079 0.471707 0.471568 0.471519 0.471502 0.471496 0.471494 0.471494 0.471494 0.471493 0.471493 0.471492 0.471489 0.471482 0.471462 0.471414 0.471299 0.471040 0.470476 0.469303 0.466977 0.462580 0.454674 0.441187 0.419408 0.386218 0.338639 0.274719 0.194554 0.101062 0.000000 
50.000000 40.706882 31.936084 24.121992 17.547759 12.321627 8.393416 5.599205 3.716446 2.513449 1.783718 1.362984 1.132134 1.011443 0.951246 0.922565 0.909496 0.903794 0.901409 0.900451 0.900081 0.899944 0.899895 0.899879 0.899873 0.899871 0.899871 0.899870 0.899870 0.899869 0.899868 0.899863 0.899850 0.899816 0.899732 0.899532 0.899078 0.898084 0.896007 0.891859 0.883958 0.869636 0.844977 0.804767 0.742852 0.653154 0.531410 0.377329 0.196369 0.000000 
50.000000 40.847672 32.209732 24.513974 18.039259 12.892196 9.023378 6.271383 4.417044 3.232188 2.513449 2.099046 1.871664 1.752785 1.693489 1.665238 1.652364 1.646747 1.644397 1.643454 1.643090 1.642955 1.642906 1.642890 1.642884 1.642883 1.642882 1.642882 1.642881 1.642880 1.642877 1.642869 1.642848 1.642793 1.642656 1.642329 1.641580 1.639932 1.636466 1.629491 1.616094 1.591576 1.548919 1.478546 1.368823 1.207784 0.986371 0.702818 0.366682 0.000000 
50.000000 41.079715 32.660754 25.160049 18.849387 13.832683 10.061801 7.379428 5.571968 4.417044 3.716446 3.312493 3.090839 2.974952 2.917147 2.889604 2.877054 2.871577 2.869286 2.868366 2.868011 2.867880 2.867833 2.867816 2.867811 2.867809 2.867809 2.867808 2.867808 2.867806 2.867802 2.867790 2.867758 2.867674 2.867464 2.866962 2.865804 2.863244 2.857818 2.846810 2.825467 2.785984 2.716443 2.600133 2.416029 2.141416 1.757566 1.258264 0.658796 0.000000 
50.000000 41.442800 33.366491 26.171015 20.117094 15.304424 11.686848 9.113477 7.379428 6.271383 5.599205 5.211627 4.998952 4.887754 4.832287 4.805858 4.793814 4.788558 4.786359 4.785476 4.785136 4.785009 4.784964 4.784949 4.784943 4.784942 4.784941 4.784941 4.784940 4.784938 4.784932 4.784915 4.784869 4.784750 4.784452 4.783733 4.782068 4.778359 4.770440 4.754228 4.722464 4.662985 4.556738 4.376141 4.084996 3.641866 3.009103 2.168591 1.141278 0.000000 
50.000000 41.981553 34.413691 27.671156 21.998252 17.488408 14.098395 11.686848 10.061801 9.023378 8.393416 8.030166 7.830834 7.726609 7.674617 7.649843 7.638552 7.633625 7.631564 7.630736 7.630417 7.630298 7.630256 7.630241 7.630237 7.630235 7.630234 7.630234 7.630233 7.630230 7.630222 7.630200 7.630141 7.629985 7.629592 7.628641 7.626425 7.621456 7.610758 7.588648 7.544833 7.461668 7.310707 7.049198 6.618190 5.945399 4.957564 3.607185 1.913393 0.000000 
50.000000 42.738829 35.885659 29.779824 24.642549 20.558453 17.488408 15.304424 13.832683 12.892196 12.321627 11.992613 11.812060 11.717650 11.670553 11.648110 11.637881 11.633417 11.631549 11.630800 11.630510 11.630403 11.630364 11.630351 11.630347 11.630345 11.630345 11.630344 11.630343 11.630340 11.630331 11.630304 11.630233 11.630046 11.629573 11.628421 11.625721 11.619626 11.606395 11.578775 11.523373 11.416655 11.219429 10.870219 10.279226 9.327117 7.877096 5.813958 3.123630 0.000000 
50.000000 43.746174 37.843724 32.584888 28.160200 24.642549 21.998252 20.117094 18.849387 18.039259 17.547759 17.264329 17.108786 17.027450 16.986873 16.967536 16.958723 16.954876 16.953267 16.952620 16.952371 16.952278 16.952245 16.952234 16.952230 16.952229 16.952228 16.952228 16.952227 16.952223 16.952213 16.952185 16.952108 16.951905 16.951391 16.950134 16.947169 16.940433 16.925690 16.894605 16.831475 16.707970 16.475228 16.052852 15.315432 14.080100 12.106142 9.134019 5.017238 0.000000 
50.000000 45.013224 40.306616 36.113195 32.584888 29.779824 27.671156 26.171015 25.160049 24.513974 24.121992 23.895944 23.771886 23.707012 23.674646 23.659222 23.652192 23.649123 23.647839 23.647324 23.647125 23.647051 23.647024 23.647015 23.647012 23.647011 23.647011 23.647010 23.647009 23.647006 23.646997 23.646970 23.646897 23.646704 23.646213 23.645007 23.642151 23.635622 23.621225 23.590582 23.527603 23.402483 23.161912 22.713592 21.902727 20.478746 18.056597 14.103564 8.071009 0.000000 
50.000000 46.519102 43.233758 40.306616 37.843724 35.885659 34.413691 33.366491 32.660754 32.209732 31.936084 31.778273 31.691662 31.646369 31.623772 31.613002 31.608093 31.605951 31.605054 31.604694 31.604555 31.604503 31.604485 31.604479 31.604476 31.604476 31.604475 31.604475 31.604474 31.604472 31.604464 31.604443 31.604385 31.604233 31.603843 31.602883 31.600600 31.595356 31.583719 31.558756 31.506914 31.402490 31.197899 30.806506 30.071701 28.709705 26.203053 21.616879 13.402060 0.000000 
50.000000 48.209251 46.519102 45.013224 43.746174 42.738829 41.981553 41.442800 41.079715 40.847672 40.706882 40.625688 40.581126 40.557822 40.546195 40.540654 40.538128 40.537025 40.536564 40.536379 40.536307 40.536281 40.536271 40.536268 40.536267 40.536267 40.536266 40.536266 40.536266 40.536264 40.536260 40.536248 40.536216 40.536132 40.535915 40.535381 40.534107 40.531170 40.524626 40.510513 40.480990 40.420920 40.301522 40.068161 39.615199 38.728936 36.942216 33.117042 24.104626 0.000000 
50.000000 50.000000 50.000000 50.000000 50.000000 50.000000 50.000000 50.000000 50.000000 50.000000 50.000000 50.000000 50.000000 50.000000 50.000000 50.000000 50.000000 50.000000 50.000000 50.000000 50.000000 50.000000 50.000000 50.000000 50.000000 50.000000 50.000000 50.000000 50.000000 50.000000 50.000000 50.000000 50.000000 50.000000 50.000000 50.000000 50.000000 50.000000 50.000000 50.000000 50.000000 50.000000 50.000000 50.000000 50.000000 50.000000 50.000000 50.000000 50.000000 50.000000 
