50.000000 50.000000 50.000000 50.000000 50.000000 50.000000 50.000000 50.000000 50.000000 50.000000 50.000000 50.000000 50.000000 50.000000 50.000000 50.000000 50.000000 50.000000 50.000000 50.000000 50.000000 50.000000 50.000000 50.000000 50.000000 50.000000 50.000000 50.000000 50.000000 50.000000 50.000000 50.000000 50.000000 50.000000 50.000000 50.000000 50.000000 50.000000 50.000000 50.000000 50.000000 50.000000 50.000000 50.000000 50.000000 50.000000 50.000000 50.000000 50.000000 50.000000 
50.000000 48.823401 47.690256 46.639209 45.700170 44.891937 44.221638 43.685857 43.272981 42.966144 42.746151 42.593921 42.492211 42.426568 42.385623 42.360930 42.346523 42.338387 42.333939 42.331582 42.330371 42.329768 42.329476 42.329339 42.329276 42.329247 42.329231 42.329218 42.329197 42.329152 42.329056 42.328851 42.328421 42.327545 42.325803 42.322417 42.315990 42.304059 42.282367 42.243670 42.175757 42.058079 41.855716 41.507829 40.903518 39.825980 37.808302 33.716901 24.411700 0.000000 
50.000000 47.690256 45.465816 43.402542 41.559150 39.972543 38.656710 37.604947 36.794455 36.192125 35.760273 35.461444 35.261787 35.132929 35.052556 35.004084 34.975804 34.959835 34.951102 34.946476 34.944099 34.942915 34.942343 34.942074 34.941950 34.941893 34.941863 34.941838 34.941797 34.941714 34.941534 34.941150 34.940348 34.938716 34.935473 34.929185 34.917278 34.895244 34.855341 34.784528 34.661117 34.449337 34.090190 33.485517 32.468934 30.750910 27.814451 22.732908 13.973354 0.000000 
50.000000 46.639209 43.402542 40.400385 37.718173 35.409600 33.495023 31.964682 30.785405 29.909011 29.280667 28.845876 28.555381 28.367898 28.250960 28.180436 28.139292 28.116058 28.103353 28.096622 28.093165 28.091442 28.090609 28.090218 28.090038 28.089956 28.089913 28.089877 28.089823 28.089711 28.089469 28.088954 28.087882 28.085703 28.081386 28.073042 28.057303 28.028314 27.976135 27.884254 27.725752 27.457436 27.010835 26.278354 25.092242 23.194316 20.200192 15.588091 8.830907 0.000000 
50.000000 45.700170 41.559150 37.718173 34.286547 31.332968 28.883479 26.925590 25.416857 24.295633 23.491763 22.935519 22.563883 22.324036 22.174438 22.084219 22.031584 22.001863 21.985611 21.977000 21.972578 21.970375 21.969309 21.968809 21.968579 21.968474 21.968420 21.968378 21.968314 21.968186 21.967910 21.967323 21.966104 21.963634 21.958757 21.949368 21.931744 21.899481 21.841843 21.741302 21.569936 21.284324 20.818533 20.074967 18.913673 17.143273 14.523856 10.808241 5.874190 0.000000 
50.000000 44.891937 39.972543 35.409600 31.332968 27.824254 24.914395 22.588547 20.796283 19.464366 18.509448 17.848692 17.407237 17.122333 16.944636 16.837472 16.774953 16.739651 16.720347 16.710120 16.704867 16.702251 16.700986 16.700391 16.700119 16.699995 16.699932 16.699886 16.699819 16.699687 16.699404 16.698803 16.697560 16.695049 16.690110 16.680648 16.662987 16.630875 16.573986 16.475764 16.310476 16.039366 15.606053 14.931769 13.912127 12.419295 10.317358 7.503609 3.988418 0.000000 
50.000000 44.221638 38.656710 33.495023 28.883479 24.914395 21.622762 18.991785 16.964412 15.457791 14.377632 13.630226 13.130886 12.808630 12.607638 12.486429 12.415717 12.375790 12.353957 12.342391 12.336450 12.333491 12.332060 12.331388 12.331081 12.330941 12.330872 12.330824 12.330759 12.330633 12.330366 12.329801 12.328634 12.326287 12.321691 12.312930 12.296679 12.267343 12.215820 12.127792 11.981531 11.745313 11.374825 10.811381 9.982626 8.808512 7.216669 5.171194 2.713809 0.000000 
50.000000 43.685857 37.604947 31.964682 26.925590 22.588547 18.991785 16.116945 13.901678 12.255444 11.075205 10.258561 9.712971 9.360872 9.141272 9.008843 8.931587 8.887965 8.864113 8.851477 8.844988 8.841755 8.840192 8.839458 8.839122 8.838970 8.838898 8.838850 8.838791 8.838678 8.838443 8.837946 8.836926 8.834881 8.830894 8.823335 8.809401 8.784433 8.740960 8.667443 8.546770 8.354669 8.058472 7.616961 6.982494 6.107058 4.953847 3.514757 1.830140 0.000000 
50.000000 43.272981 36.794455 30.785405 25.416857 20.796283 16.964412 13.901678 11.541649 9.787855 8.530519 7.660540 7.079327 6.704244 6.470312 6.329244 6.246949 6.200483 6.175076 6.161616 6.154704 6.151261 6.149597 6.148815 6.148458 6.148297 6.148221 6.148175 6.148123 6.148029 6.147833 6.147424 6.146584 6.144907 6.141655 6.135522 6.124286 6.104298 6.069787 6.011993 5.918195 5.770824 5.547009 5.219099 4.756917 4.132533 3.327968 2.345118 1.214902 0.000000 
50.000000 42.966144 36.192125 29.909011 24.295633 19.464366 15.457791 12.255444 9.787855 7.954150 6.639538 5.729940 5.122266 4.730112 4.485538 4.338053 4.252017 4.203439 4.176879 4.162808 4.155582 4.151983 4.150243 4.149426 4.149053 4.148885 4.148808 4.148765 4.148721 4.148646 4.148492 4.148171 4.147517 4.146217 4.143706 4.138997 4.130421 4.115270 4.089319 4.046251 3.977075 3.869660 3.708674 3.476260 3.153889 2.725697 2.183259 1.531008 0.790387 0.000000 
50.000000 42.746151 35.760273 29.280667 23.491763 18.509448 14.377632 11.075205 8.530519 6.639538 5.283877 4.345887 3.719252 3.314868 3.062669 2.910589 2.821873 2.771783 2.744396 2.729888 2.722437 2.718726 2.716932 2.716090 2.715706 2.715534 2.715456 2.715415 2.715379 2.715321 2.715206 2.714967 2.714483 2.713525 2.711682 2.708243 2.702018 2.691091 2.672513 2.641939 2.593287 2.518526 2.407761 2.249839 2.033684 1.750461 1.396414 0.975745 0.502481 0.000000 
50.000000 42.593921 35.461444 28.845876 22.935519 17.848692 13.630226 10.258561 7.660540 5.729940 4.345887 3.388260 2.748514 2.335672 2.078202 1.922944 1.832377 1.781242 1.753284 1.738473 1.730868 1.727079 1.725248 1.724389 1.723996 1.723821 1.723743 1.723705 1.723675 1.723632 1.723550 1.723381 1.723039 1.722365 1.721074 1.718678 1.714364 1.706839 1.694130 1.673374 1.640621 1.590753 1.517601 1.414406 1.274706 1.093675 0.869740 0.606103 0.311554 0.000000 
50.000000 42.492211 35.261787 28.555381 22.563883 17.407237 13.130886 9.712971 7.079327 5.122266 3.719252 2.748514 2.100013 1.681525 1.420536 1.263159 1.171355 1.119523 1.091184 1.076171 1.068462 1.064623 1.062767 1.061896 1.061498 1.061321 1.061243 1.061206 1.061182 1.061151 1.061094 1.060980 1.060749 1.060295 1.059431 1.057833 1.054971 1.050006 1.041675 1.028161 1.006995 0.975028 0.928538 0.863543 0.776362 0.664402 0.527068 0.366544 0.188152 0.000000 
50.000000 42.426568 35.132929 28.367898 22.324036 17.122333 12.808630 9.360872 6.704244 4.730112 3.314868 2.335672 1.681525 1.259397 0.996139 0.837395 0.744794 0.692513 0.663928 0.648786 0.641011 0.637138 0.635266 0.634387 0.633986 0.633808 0.633731 0.633695 0.633674 0.633653 0.633615 0.633540 0.633390 0.633098 0.632543 0.631521 0.629699 0.626554 0.621308 0.612850 0.599691 0.579957 0.551471 0.511951 0.459346 0.392291 0.310596 0.215651 0.110578 0.000000 
50.000000 42.385623 35.052556 28.250960 22.174438 16.944636 12.607638 9.141272 6.470312 4.485538 3.062669 2.078202 1.420536 0.996139 0.731468 0.571872 0.478775 0.426214 0.397476 0.382253 0.374436 0.370543 0.368661 0.367778 0.367375 0.367196 0.367118 0.367084 0.367066 0.367051 0.367026 0.366979 0.366886 0.366705 0.366362 0.365734 0.364618 0.362703 0.359523 0.354426 0.346541 0.334790 0.317937 0.294708 0.263988 0.225070 0.177918 0.123372 0.063206 0.000000 
50.000000 42.360930 35.004084 28.180436 22.084219 16.837472 12.486429 9.008843 6.329244 4.338053 2.910589 1.922944 1.263159 0.837395 0.571872 0.411763 0.318367 0.265637 0.236808 0.221537 0.213695 0.209789 0.207901 0.207015 0.206611 0.206432 0.206354 0.206320 0.206304 0.206293 0.206277 0.206249 0.206193 0.206085 0.205881 0.205510 0.204852 0.203728 0.201870 0.198907 0.194347 0.187588 0.177949 0.164738 0.147362 0.125462 0.099050 0.068611 0.035127 0.000000 
50.000000 42.346523 34.975804 28.139292 22.031584 16.774953 12.415717 8.931587 6.246949 4.252017 2.821873 1.832377 1.171355 0.744794 0.478775 0.318367 0.224798 0.171970 0.143087 0.127787 0.119930 0.116017 0.114126 0.113238 0.112834 0.112654 0.112577 0.112544 0.112529 0.112520 0.112510 0.112493 0.112461 0.112399 0.112282 0.112070 0.111696 0.111060 0.110012 0.108348 0.105800 0.102041 0.096707 0.089430 0.079904 0.067950 0.053588 0.037088 0.018978 0.000000 
50.000000 42.338388 34.959835 28.116058 22.001863 16.739651 12.375790 8.887965 6.200483 4.203440 2.771783 1.781242 1.119523 0.692513 0.426214 0.265638 0.171970 0.119087 0.090174 0.074858 0.066993 0.063076 0.061182 0.060294 0.059889 0.059709 0.059632 0.059599 0.059585 0.059578 0.059571 0.059562 0.059544 0.059509 0.059445 0.059328 0.059122 0.058774 0.058203 0.057300 0.055923 0.053899 0.051040 0.047156 0.042091 0.035759 0.028176 0.019487 0.009966 0.000000 
50.000000 42.333939 34.951102 28.103353 21.985611 16.720347 12.353958 8.864114 6.175076 4.176879 2.744396 1.753284 1.091184 0.663929 0.397477 0.236809 0.143087 0.090174 0.061244 0.045920 0.038051 0.034131 0.032237 0.031348 0.030943 0.030763 0.030686 0.030653 0.030639 0.030633 0.030628 0.030623 0.030613 0.030595 0.030560 0.030498 0.030389 0.030205 0.029904 0.029429 0.028708 0.027653 0.026168 0.024157 0.021544 0.018288 0.014399 0.009953 0.005088 0.000000 
50.000000 42.331582 34.946476 28.096622 21.977001 16.710121 12.342392 8.851478 6.161618 4.162809 2.729889 1.738474 1.076173 0.648787 0.382255 0.221538 0.127788 0.074859 0.045921 0.030592 0.022720 0.018799 0.016904 0.016015 0.015610 0.015430 0.015353 0.015320 0.015307 0.015301 0.015298 0.015294 0.015289 0.015279 0.015262 0.015230 0.015174 0.015079 0.014926 0.014684 0.014319 0.013785 0.013037 0.012027 0.010718 0.009092 0.007154 0.004942 0.002526 0.000000 
50.000000 42.330371 34.944100 28.093166 21.972580 16.704870 12.336453 8.844990 6.154707 4.155585 2.722440 1.730871 1.068466 0.641014 0.374439 0.213698 0.119934 0.066996 0.038053 0.022722 0.014849 0.010928 0.009033 0.008143 0.007738 0.007558 0.007481 0.007448 0.007435 0.007429 0.007427 0.007425 0.007422 0.007417 0.007408 0.007392 0.007364 0.007318 0.007241 0.007122 0.006942 0.006681 0.006315 0.005822 0.005185 0.004396 0.003457 0.002387 0.001220 0.000000 
50.000000 42.329769 34.942918 28.091446 21.970380 16.702257 12.333498 8.841762 6.151269 4.151991 2.718734 1.727088 1.064631 0.637146 0.370551 0.209797 0.116026 0.063084 0.034139 0.018807 0.010933 0.007012 0.005116 0.004227 0.003821 0.003642 0.003564 0.003532 0.003519 0.003513 0.003511 0.003509 0.003508 0.003506 0.003501 0.003493 0.003480 0.003457 0.003421 0.003364 0.003278 0.003153 0.002979 0.002745 0.002443 0.002070 0.001627 0.001123 0.000574 0.000000 
50.000000 42.329480 34.942350 28.090619 21.969322 16.701001 12.332077 8.840210 6.149616 4.150263 2.716953 1.725269 1.062788 0.635287 0.368683 0.207922 0.114148 0.061204 0.032258 0.016925 0.009051 0.005130 0.003234 0.002345 0.001939 0.001760 0.001682 0.001650 0.001636 0.001631 0.001629 0.001628 0.001627 0.001626 0.001624 0.001620 0.001614 0.001603 0.001586 0.001559 0.001519 0.001460 0.001379 0.001270 0.001130 0.000957 0.000752 0.000519 0.000265 0.000000 
50.000000 42.329348 34.942091 28.090243 21.968840 16.700429 12.331430 8.839504 6.148863 4.149477 2.716142 1.724441 1.061949 0.634441 0.367832 0.207069 0.113293 0.060348 0.031402 0.016068 0.008194 0.004273 0.002377 0.001488 0.001082 0.000903 0.000825 0.000793 0.000779 0.000774 0.000772 0.000771 0.000771 0.000770 0.000769 0.000767 0.000764 0.000759 0.000751 0.000738 0.000718 0.000691 0.000652 0.000600 0.000534 0.000452 0.000355 0.000245 0.000125 0.000000 
50.000000 42.329297 34.941992 28.090099 21.968656 16.700210 12.331183 8.839233 6.148575 4.149175 2.715832 1.724124 1.061628 0.634117 0.367506 0.206742 0.112965 0.060020 0.031074 0.015740 0.007866 0.003945 0.002049 0.001160 0.000754 0.000574 0.000497 0.000465 0.000451 0.000446 0.000444 0.000443 0.000443 0.000442 0.000442 0.000441 0.000439 0.000436 0.000431 0.000424 0.000412 0.000396 0.000374 0.000344 0.000306 0.000259 0.000203 0.000140 0.000072 0.000000 
50.000000 42.329297 34.941992 28.090099 21.968656 16.700210 12.331183 8.839233 6.148575 4.149175 2.715832 1.724124 1.061628 0.634117 0.367506 0.206742 0.112965 0.060020 0.031074 0.015740 0.007866 0.003945 0.002049 0.001160 0.000754 0.000574 0.000497 0.000465 0.000451 0.000446 0.000444 0.000443 0.000443 0.000442 0.000442 0.000441 0.000439 0.000436 0.000431 0.000424 0.000412 0.000396 0.000374 0.000344 0.000306 0.000259 0.000203 0.000140 0.000072 0.000000 
50.000000 42.329348 34.942091 28.090243 21.968840 16.700429 12.331430 8.839504 6.148863 4.149477 2.716142 1.724441 1.061949 0.634441 0.367832 0.207069 0.113293 0.060348 0.031402 0.016068 0.008194 0.004273 0.002377 0.001488 0.001082 0.000903 0.000825 0.000793 0.000779 0.000774 0.000772 0.000771 0.000771 0.000770 0.000769 0.000767 0.000764 0.000759 0.000751 0.000738 0.000718 0.000691 0.000652 0.000600 0.000534 0.000452 0.000355 0.000245 0.000125 0.000000 
50.000000 42.329480 34.942350 28.090619 21.969322 16.701001 12.332077 8.840210 6.149616 4.150263 2.716953 1.725269 1.062788 0.635287 0.368683 0.207922 0.114148 0.061204 0.032258 0.016925 0.009051 0.005130 0.003234 0.002345 0.001939 0.001760 0.001682 0.001650 0.001636 0.001631 0.001629 0.001628 0.001627 0.001626 0.001624 0.001620 0.001614 0.001603 0.001586 0.001559 0.001519 0.001460 0.001379 0.001270 0.001130 0.000957 0.000752 0.000519 0.000265 0.000000 
50.000000 42.329769 34.942918 28.091446 21.970380 16.702257 12.333498 8.841762 6.151269 4.151991 2.718734 1.727088 1.064631 0.637146 0.370551 0.209797 0.116026 0.063084 0.034139 0.018807 0.010933 0.007012 0.005116 0.004227 0.003821 0.003642 0.003564 0.003532 0.003519 0.003513 0.003511 0.003509 0.003508 0.003506 0.003501 0.003493 0.003480 0.003457 0.003421 0.003364 0.003278 0.003153 0.002979 0.002745 0.002443 0.002070 0.001627 0.001123 0.000574 0.000000 
50.000000 42.330371 34.944100 28.093166 21.972580 16.704870 12.336453 8.844990 6.154707 4.155585 2.722440 1.730871 1.068466 0.641014 0.374439 0.213698 0.119934 0.066996 0.038053 0.022722 0.014849 0.010928 0.009033 0.008143 0.007738 0.007558 0.007481 0.007448 0.007435 0.007429 0.007427 0.007425 0.007422 0.007417 0.007408 0.007392 0.007364 0.007318 0.007241 0.007122 0.006942 0.006681 0.006315 0.005822 0.005185 0.004396 0.003457 0.002387 0.001220 0.000000 
50.000000 42.331582 34.946476 28.096622 21.977001 16.710121 12.342392 8.851478 6.161618 4.162809 2.729889 1.738474 1.076173 0.648787 0.382255 0.221538 0.127788 0.074859 0.045921 0.030592 0.022720 0.018799 0.016904 0.016015 0.015610 0.015430 0.015353 0.015320 0.015307 0.015301 0.015298 0.015294 0.015289 0.015279 0.015262 0.015230 0.015174 0.015079 0.014926 0.014684 0.014319 0.013785 0.013037 0.012027 0.010718 0.009092 0.007154 0.004942 0.002526 0.000000 
50.000000 42.333939 34.951102 28.103353 21.985611 16.720347 12.353958 8.864114 6.175076 4.176879 2.744396 1.753284 1.091184 0.663929 0.397477 0.236809 0.143087 0.090174 0.061244 0.045920 0.038051 0.034131 0.032237 0.031348 0.030943 0.030763 0.030686 0.030653 0.030639 0.030633 0.030628 0.030623 0.030613 0.030595 0.030560 0.030498 0.030389 0.030205 0.029904 0.029429 0.028708 0.027653 0.026168 0.024157 0.021544 0.018288 0.014399 0.009953 0.005088 0.000000 
50.000000 42.338388 34.959835 28.116058 22.001863 16.739651 12.375790 8.887965 6.200483 4.203440 2.771783 1.781242 1.119523 0.692513 0.426214 0.265638 0.171970 0.119087 0.090174 0.074858 0.066993 0.063076 0.061182 0.060294 0.059889 0.059709 0.059632 0.059599 0.059585 0.059578 0.059571 0.059562 0.059544 0.059509 0.059445 0.059328 0.059122 0.058774 0.058203 0.057300 0.055923 0.053899 0.051040 0.047156 0.042091 0.035759 0.028176 0.019487 0.009966 0.000000 
50.000000 42.346523 34.975804 28.139292 22.031584 16.774953 12.415717 8.931587 6.246949 4.252017 2.821873 1.832377 1.171355 0.744794 0.478775 0.318367 0.224798 0.171970 0.143087 0.127787 0.119930 0.116017 0.114126 0.113238 0.112834 0.112654 0.112577 0.112544 0.112529 0.112520 0.112510 0.112493 0.112461 0.112399 0.112282 0.112070 0.111696 0.111060 0.110012 0.108348 0.105800 0.102041 0.096707 0.089430 0.079904 0.067950 0.053588 0.037088 0.018978 0.000000 
50.000000 42.360930 35.004084 28.180436 22.084219 16.837472 12.486429 9.008843 6.329244 4.338053 2.910589 1.922944 1.263159 0.837395 0.571872 0.411763 0.318367 0.265637 0.236808 0.221537 0.213695 0.209789 0.207901 0.207015 0.206611 0.206432 0.206354 0.206320 0.206304 0.206293 0.206277 0.206249 0.206193 0.206085 0.205881 0.205510 0.204852 0.203728 0.201870 0.198907 0.194347 0.187588 0.177949 0.164738 0.147362 0.125462 0.099050 0.068611 0.035127 0.000000 
50.000000 42.385623 35.052556 28.250960 22.174438 16.944636 12.607638 9.141272 6.470312 4.485538 3.062669 2.078202 1.420536 0.996139 0.731468 0.571872 0.478775 0.426214 0.397476 0.382253 0.374436 0.370543 0.368661 0.367778 0.367375 0.367196 0.367118 0.367084 0.367066 0.367051 0.367026 0.366979 0.366886 0.366705 0.366362 0.365734 0.364618 0.362703 0.359523 0.354426 0.346541 0.334790 0.317937 0.294708 0.263988 0.225070 0.177918 0.123372 0.063206 0.000000 
50.000000 42.426568 35.132929 28.367898 22.324036 17.122333 12.808630 9.360872 6.704244 4.730112 3.314868 2.335672 1.681525 1.259397 0.996139 0.837395 0.744794 0.692513 0.663928 0.648786 0.641011 0.637138 0.635266 0.634387 0.633986 0.633808 0.633731 0.633695 0.633674 0.633653 0.633615 0.633540 0.633390 0.633098 0.632543 0.631521 0.629699 0.626554 0.621308 0.612850 0.599691 0.579957 0.551471 0.511951 0.459346 0.392291 0.310596 0.215651 0.110578 0.000000 
50.000000 42.492211 35.261787 28.555381 22.563883 17.407237 13.130886 9.712971 7.079327 5.122266 3.719252 2.748514 2.100013 1.681525 1.420536 1.263159 1.171355 1.119523 1.091184 1.076171 1.068462 1.064623 1.062767 1.061896 1.061498 1.061321 1.061243 1.061206 1.061182 1.061151 1.061094 1.060980 1.060749 1.060295 1.059431 1.057833 1.054971 1.050006 1.041675 1.028161 1.006995 0.975028 0.928538 0.863543 0.776362 0.664402 0.527068 0.366544 0.188152 0.000000 
50.000000 42.593921 35.461444 28.845876 22.935519 17.848692 13.630226 10.258561 7.660540 5.729940 4.345887 3.388260 2.748514 2.335672 2.078202 1.922944 1.832377 1.781242 1.753284 1.738473 1.730868 1.727079 1.725248 1.724389 1.723996 1.723821 1.723743 1.723705 1.723675 1.723632 1.723550 1.723381 1.723039 1.722365 1.721074 1.718678 1.714364 1.706839 1.694130 1.673374 1.640621 1.590753 1.517601 1.414406 1.274706 1.093675 0.869740 0.606103 0.311554 0.000000 
50.000000 42.746151 35.760273 29.280667 23.491763 18.509448 14.377632 11.075205 8.530519 6.639538 5.283877 4.345887 3.719252 3.314868 3.062669 2.910589 2.821873 2.771783 2.744396 2.729888 2.722437 2.718726 2.716932 2.716090 2.715706 2.715534 2.715456 2.715415 2.715379 2.715321 2.715206 2.714967 2.714483 2.713525 2.711682 2.708243 2.702018 2.691091 2.672513 2.641939 2.593287 2.518526 2.407761 2.249839 2.033684 1.750461 1.396414 0.975745 0.502481 0.000000 
50.000000 42.966144 36.192125 29.909011 24.295633 19.464366 15.457791 12.255444 9.787855 7.954150 6.639538 5.729940 5.122266 4.730112 4.485538 4.338053 4.252017 4.203439 4.176879 4.162808 4.155582 4.151983 4.150243 4.149426 4.149053 4.148885 4.148808 4.148765 4.148721 4.148646 4.148492 4.148171 4.147517 4.146217 4.143706 4.138997 4.130421 4.115270 4.089319 4.046251 3.977075 3.869660 3.708674 3.476260 3.153889 2.725697 2.183259 1.531008 0.790387 0.000000 
50.000000 43.272981 36.794455 30.785405 25.416857 20.796283 16.964412 13.901678 11.541649 9.787855 8.530519 7.660540 7.079327 6.704244 6.470312 6.329244 6.246949 6.200483 6.175076 6.161616 6.154704 6.151261 6.149597 6.148815 6.148458 6.148297 6.148221 6.148175 6.148123 6.148029 6.147833 6.147424 6.146584 6.144907 6.141655 6.135522 6.124286 6.104298 6.069787 6.011993 5.918195 5.770824 5.547009 5.219099 4.756917 4.132533 3.327968 2.345118 1.214902 0.000000 
50.000000 43.685857 37.604947 31.964682 26.925590 22.588547 18.991785 16.116945 13.901678 12.255444 11.075205 10.258561 9.712971 9.360872 9.141272 9.008843 8.931587 8.887965 8.864113 8.851477 8.844988 8.841755 8.840192 8.839458 8.839122 8.838970 8.838898 8.838850 8.838791 8.838678 8.838443 8.837946 8.836926 8.834881 8.830894 8.823335 8.809401 8.784433 8.740960 8.667443 8.546770 8.354669 8.058472 7.616961 6.982494 6.107058 4.953847 3.514757 1.830140 0.000000 
50.000000 44.221638 38.656710 33.495023 28.883479 24.914395 21.622762 18.991785 16.964412 15.457791 14.377632 13.630226 13.130886 12.808630 12.607638 12.486429 12.415717 12.375790 12.353957 12.342391 12.336450 12.333491 12.332060 12.331388 12.331081 12.330941 12.330872 12.330824 12.330759 12.330633 12.330366 12.329801 12.328634 12.326287 12.321691 12.312930 12.296679 12.267343 12.215820 12.127792 11.981531 11.745313 11.374825 10.811381 9.982626 8.808512 7.216669 5.171194 2.713809 0.000000 
50.000000 44.891937 39.972543 35.409600 31.332968 27.824254 24.914395 22.588547 20.796283 19.464366 18.509448 17.848692 17.407237 17.122333 16.944636 16.837472 16.774953 16.739651 16.720347 16.710120 16.704867 16.702251 16.700986 16.700391 16.700119 16.699995 16.699932 16.699886 16.699819 16.699687 16.699404 16.698803 16.697560 16.695049 16.690110 16.680648 16.662987 16.630875 16.573986 16.475764 16.310476 16.039366 15.606053 14.931769 13.912127 12.419295 10.317358 7.503609 3.988418 0.000000 
50.000000 45.700170 41.559150 37.718173 34.286547 31.332968 28.883479 26.925590 25.416857 24.295633 23.491763 22.935519 22.563883 22.324036 22.174438 22.084219 22.031584 22.001863 21.985611 21.977000 21.972578 21.970375 21.969309 21.968809 21.968579 21.968474 21.968420 21.968378 21.968314 21.968186 21.967910 21.967323 21.966104 21.963634 21.958757 21.949368 21.931744 21.899481 21.841843 21.741302 21.569936 21.284324 20.818533 20.074967 18.913673 17.143273 14.523856 10.808241 5.874190 0.000000 
50.000000 46.639209 43.402542 40.400385 37.718173 35.409600 33.495023 31.964682 30.785405 29.909011 29.280667 28.845876 28.555381 28.367898 28.250960 28.180436 28.139292 28.116058 28.103353 28.096622 28.093165 28.091442 28.090609 28.090218 28.090038 28.089956 28.089913 28.089877 28.089823 28.089711 28.089469 28.088954 28.087882 28.085703 28.081386 28.073042 28.057303 28.028314 27.976135 27.884254 27.725752 27.457436 27.010835 26.278354 25.092242 23.194316 20.200192 15.588091 8.830907 0.000000 
50.000000 47.690256 45.465816 43.402542 41.559150 39.972543 38.656710 37.604947 36.794455 36.192125 35.760273 35.461444 35.261787 35.132929 35.052556 35.004084 34.975804 34.959835 34.951102 34.946476 34.944099 34.942915 34.942343 34.942074 34.941950 34.941893 34.941863 34.941838 34.941797 34.941714 34.941534 34.941150 34.940348 34.938716 34.935473 34.929185 34.917278 34.895244 34.855341 34.784528 34.661117 34.449337 34.090190 33.485517 32.468934 30.750910 27.814451 22.732908 13.973354 0.000000 
50.000000 48.823401 47.690256 46.639209 45.700170 44.891937 44.221638 43.685857 43.272981 42.966144 42.746151 42.593921 42.492211 42.426568 42.385623 42.360930 42.346523 42.338387 42.333939 42.331582 42.330371 42.329768 42.329476 42.329339 42.329276 42.329247 42.329231 42.329218 42.329197 42.329152 42.329056 42.328851 42.328421 42.327545 42.325803 42.322417 42.315990 42.304059 42.282367 42.243670 42.175757 42.058079 41.855716 41.507829 40.903518 39.825980 37.808302 33.716901 24.411700 0.000000 
50.000000 50.000000 50.000000 50.000000 50.000000 50.000000 50.000000 50.000000 50.000000 50.000000 50.000000 50.000000 50.000000 50.000000 50.000000 50.000000 50.000000 50.000000 50.000000 50.000000 50.000000 50.000000 50.000000 50.000000 50.000000 50.000000 50.000000 50.000000 50.000000 50.000000 50.000000 50.000000 50.000000 50.000000 50.000000 50.000000 50.000000 50.000000 50.000000 50.000000 50.000000 50.000000 50.000000 50.000000 50.000000 50.000000 50.000000 50.000000 50.000000 50.000000 
