50.000000 50.000000 50.000000 50.000000 50.000000 50.000000 50.000000 50.000000 50.000000 50.000000 50.000000 50.000000 50.000000 50.000000 50.000000 50.000000 50.000000 50.000000 50.000000 50.000000 50.000000 50.000000 50.000000 50.000000 50.000000 50.000000 50.000000 50.000000 50.000000 50.000000 50.000000 50.000000 50.000000 50.000000 50.000000 50.000000 50.000000 50.000000 50.000000 50.000000 50.000000 50.000000 50.000000 50.000000 50.000000 50.000000 50.000000 50.000000 50.000000 50.000000 
50.000000 44.180171 39.415992 36.194864 34.370773 33.492098 33.126642 32.993618 32.950737 32.938369 32.935148 32.934385 32.934220 32.934186 32.934180 32.934179 32.934179 32.934179 32.934179 32.934179 32.934179 32.934179 32.934179 32.934179 32.934179 32.934179 32.934179 32.934179 32.934179 32.934179 32.934179 32.934179 32.934179 32.934179 32.934179 32.934179 32.934179 32.934177 32.934166 32.934108 32.933825 32.932536 32.927100 32.905900 32.829352 32.572496 31.763614 29.327366 22.090085 0.000000 
50.000000 39.415992 30.752442 24.895705 21.579724 19.982760 19.318728 19.077092 18.999224 18.976770 18.970926 18.969541 18.969241 18.969181 18.969170 18.969168 18.969168 18.969168 18.969168 18.969168 18.969168 18.969168 18.969168 18.969168 18.969168 18.969168 18.969168 18.969168 18.969168 18.969168 18.969168 18.969168 18.969168 18.969168 18.969168 18.969168 18.969167 18.969164 18.969149 18.969071 18.968688 18.966966 18.959822 18.932591 18.837579 18.535192 17.660573 15.376221 10.088626 0.000000 
50.000000 36.194864 24.895705 17.258563 12.935572 10.854230 9.989068 9.674354 9.572973 9.543752 9.536148 9.534348 9.533958 9.533880 9.533865 9.533863 9.533862 9.533862 9.533862 9.533862 9.533862 9.533862 9.533862 9.533862 9.533862 9.533862 9.533862 9.533862 9.533862 9.533862 9.533862 9.533862 9.533862 9.533862 9.533862 9.533862 9.533862 9.533860 9.533847 9.533782 9.533470 9.532082 9.526419 9.505316 9.433990 9.217018 8.629281 7.235132 4.431250 0.000000 
50.000000 34.370773 21.579724 12.935572 8.043619 5.688957 4.710470 4.354647 4.240061 4.207046 4.198458 4.196425 4.195985 4.195897 4.195881 4.195878 4.195877 4.195877 4.195877 4.195877 4.195877 4.195877 4.195877 4.195877 4.195877 4.195877 4.195877 4.195877 4.195877 4.195877 4.195877 4.195877 4.195877 4.195877 4.195877 4.195877 4.195877 4.195876 4.195868 4.195829 4.195640 4.194813 4.191485 4.179327 4.139302 4.021809 3.718553 3.044532 1.798278 0.000000 
50.000000 33.492098 19.982760 10.854230 5.688957 3.203203 2.170457 1.794988 1.674106 1.639284 1.630229 1.628087 1.627623 1.627530 1.627513 1.627510 1.627510 1.627510 1.627509 1.627509 1.627509 1.627509 1.627509 1.627509 1.627509 1.627509 1.627509 1.627509 1.627509 1.627509 1.627509 1.627509 1.627509 1.627509 1.627509 1.627509 1.627509 1.627509 1.627505 1.627486 1.627395 1.627000 1.625430 1.619788 1.601601 1.549655 1.420240 1.145181 0.662745 0.000000 
50.000000 33.126642 19.318728 9.989068 4.710470 2.170457 1.115299 0.731732 0.608260 0.572699 0.563452 0.561265 0.560791 0.560697 0.560679 0.560676 0.560676 0.560676 0.560676 0.560676 0.560676 0.560676 0.560676 0.560676 0.560676 0.560676 0.560676 0.560676 0.560676 0.560676 0.560676 0.560676 0.560676 0.560676 0.560676 0.560676 0.560676 0.560675 0.560674 0.560666 0.560629 0.560472 0.559851 0.557649 0.550669 0.531144 0.483752 0.386137 0.220742 0.000000 
50.000000 32.993618 19.077092 9.674354 4.354647 1.794988 0.731732 0.345248 0.220844 0.185017 0.175702 0.173499 0.173022 0.172927 0.172909 0.172906 0.172905 0.172905 0.172905 0.172905 0.172905 0.172905 0.172905 0.172905 0.172905 0.172905 0.172905 0.172905 0.172905 0.172905 0.172905 0.172905 0.172905 0.172905 0.172905 0.172905 0.172905 0.172905 0.172905 0.172902 0.172889 0.172835 0.172624 0.171881 0.169558 0.163162 0.147936 0.117270 0.066518 0.000000 
50.000000 32.950737 18.999224 9.572973 4.240061 1.674106 0.608260 0.220844 0.096145 0.060233 0.050897 0.048689 0.048211 0.048115 0.048097 0.048094 0.048094 0.048094 0.048094 0.048094 0.048094 0.048094 0.048094 0.048094 0.048094 0.048094 0.048094 0.048094 0.048094 0.048094 0.048094 0.048094 0.048094 0.048094 0.048094 0.048094 0.048094 0.048094 0.048094 0.048093 0.048089 0.048073 0.048009 0.047789 0.047106 0.045248 0.040891 0.032257 0.018202 0.000000 
50.000000 32.938369 18.976770 9.543752 4.207046 1.639284 0.572699 0.185017 0.060233 0.024298 0.014955 0.012746 0.012267 0.012171 0.012154 0.012151 0.012150 0.012150 0.012150 0.012150 0.012150 0.012150 0.012150 0.012150 0.012150 0.012150 0.012150 0.012150 0.012150 0.012150 0.012150 0.012150 0.012150 0.012150 0.012150 0.012150 0.012150 0.012150 0.012150 0.012150 0.012149 0.012145 0.012128 0.012069 0.011889 0.011405 0.010282 0.008082 0.004544 0.000000 
50.000000 32.935148 18.970926 9.536148 4.198458 1.630229 0.563452 0.175702 0.050897 0.014955 0.005611 0.003401 0.002923 0.002827 0.002809 0.002806 0.002806 0.002806 0.002806 0.002806 0.002806 0.002806 0.002806 0.002806 0.002806 0.002806 0.002806 0.002806 0.002806 0.002806 0.002806 0.002806 0.002806 0.002806 0.002806 0.002806 0.002806 0.002806 0.002806 0.002806 0.002805 0.002804 0.002800 0.002786 0.002743 0.002629 0.002366 0.001855 0.001040 0.000000 
50.000000 32.934385 18.969541 9.534348 4.196425 1.628087 0.561265 0.173499 0.048689 0.012746 0.003401 0.001191 0.000712 0.000617 0.000599 0.000596 0.000596 0.000596 0.000596 0.000596 0.000596 0.000596 0.000596 0.000596 0.000596 0.000596 0.000596 0.000596 0.000596 0.000596 0.000596 0.000596 0.000596 0.000596 0.000596 0.000596 0.000596 0.000596 0.000596 0.000596 0.000596 0.000595 0.000594 0.000591 0.000582 0.000557 0.000501 0.000392 0.000219 0.000000 
50.000000 32.934220 18.969241 9.533958 4.195985 1.627623 0.560791 0.173022 0.048211 0.012267 0.002923 0.000712 0.000234 0.000138 0.000120 0.000117 0.000117 0.000117 0.000117 0.000117 0.000117 0.000117 0.000117 0.000117 0.000117 0.000117 0.000117 0.000117 0.000117 0.000117 0.000117 0.000117 0.000117 0.000117 0.000117 0.000117 0.000117 0.000117 0.000117 0.000117 0.000117 0.000117 0.000117 0.000116 0.000114 0.000109 0.000098 0.000077 0.000043 0.000000 
50.000000 32.934186 18.969181 9.533880 4.195897 1.627530 0.560697 0.172927 0.048115 0.012171 0.002827 0.000617 0.000138 0.000043 0.000025 0.000022 0.000021 0.000021 0.000021 0.000021 0.000021 0.000021 0.000021 0.000021 0.000021 0.000021 0.000021 0.000021 0.000021 0.000021 0.000021 0.000021 0.000021 0.000021 0.000021 0.000021 0.000021 0.000021 0.000021 0.000021 0.000021 0.000021 0.000021 0.000021 0.000021 0.000020 0.000018 0.000014 0.000008 0.000000 
50.000000 32.934180 18.969170 9.533865 4.195881 1.627513 0.560679 0.172909 0.048097 0.012154 0.002809 0.000599 0.000120 0.000025 0.000007 0.000004 0.000004 0.000004 0.000004 0.000004 0.000004 0.000004 0.000004 0.000004 0.000004 0.000004 0.000004 0.000004 0.000004 0.000004 0.000004 0.000004 0.000004 0.000004 0.000004 0.000004 0.000004 0.000004 0.000004 0.000004 0.000004 0.000004 0.000004 0.000004 0.000004 0.000003 0.000003 0.000002 0.000001 0.000000 
50.000000 32.934179 18.969168 9.533863 4.195878 1.627510 0.560676 0.172906 0.048094 0.012151 0.002806 0.000596 0.000117 0.000022 0.000004 0.000001 0.000001 0.000001 0.000001 0.000001 0.000001 0.000001 0.000001 0.000001 0.000001 0.000001 0.000001 0.000001 0.000001 0.000001 0.000001 0.000001 0.000001 0.000001 0.000001 0.000001 0.000001 0.000001 0.000001 0.000001 0.000001 0.000001 0.000001 0.000001 0.000001 0.000001 0.000000 0.000000 0.000000 0.000000 
50.000000 32.934179 18.969168 9.533862 4.195877 1.627510 0.560676 0.172905 0.048094 0.012150 0.002806 0.000596 0.000117 0.000021 0.000004 0.000001 0.000000 0.000000 0.000000 0.000000 0.000000 0.000000 0.000000 0.000000 0.000000 0.000000 0.000000 0.000000 0.000000 0.000000 0.000000 0.000000 0.000000 0.000000 0.000000 0.000000 0.000000 0.000000 0.000000 0.000000 0.000000 0.000000 0.000000 0.000000 0.000000 0.000000 0.000000 0.000000 0.000000 0.000000 
50.000000 32.934179 18.969168 9.533862 4.195877 1.627510 0.560676 0.172905 0.048094 0.012150 0.002806 0.000596 0.000117 0.000021 0.000004 0.000001 0.000000 0.000000 0.000000 0.000000 0.000000 0.000000 0.000000 0.000000 0.000000 0.000000 0.000000 0.000000 0.000000 0.000000 0.000000 0.000000 0.000000 0.000000 0.000000 0.000000 0.000000 0.000000 0.000000 0.000000 0.000000 0.000000 0.000000 0.000000 0.000000 0.000000 0.000000 0.000000 0.000000 0.000000 
50.000000 32.934179 18.969168 9.533862 4.195877 1.627509 0.560676 0.172905 0.048094 0.012150 0.002806 0.000596 0.000117 0.000021 0.000004 0.000001 0.000000 0.000000 0.000000 0.000000 0.000000 0.000000 0.000000 0.000000 0.000000 0.000000 0.000000 0.000000 0.000000 0.000000 0.000000 0.000000 0.000000 0.000000 0.000000 0.000000 0.000000 0.000000 0.000000 0.000000 0.000000 0.000000 0.000000 0.000000 0.000000 0.000000 0.000000 0.000000 0.000000 0.000000 
50.000000 32.934179 18.969168 9.533862 4.195877 1.627509 0.560676 0.172905 0.048094 0.012150 0.002806 0.000596 0.000117 0.000021 0.000004 0.000001 0.000000 0.000000 0.000000 0.000000 0.000000 0.000000 0.000000 0.000000 0.000000 0.000000 0.000000 0.000000 0.000000 0.000000 0.000000 0.000000 0.000000 0.000000 0.000000 0.000000 0.000000 0.000000 0.000000 0.000000 0.000000 0.000000 0.000000 0.000000 0.000000 0.000000 0.000000 0.000000 0.000000 0.000000 
50.000000 32.934179 18.969168 9.533862 4.195877 1.627509 0.560676 0.172905 0.048094 0.012150 0.002806 0.000596 0.000117 0.000021 0.000004 0.000001 0.000000 0.000000 0.000000 0.000000 0.000000 0.000000 0.000000 0.000000 0.000000 0.000000 0.000000 0.000000 0.000000 0.000000 0.000000 0.000000 0.000000 0.000000 0.000000 0.000000 0.000000 0.000000 0.000000 0.000000 0.000000 0.000000 0.000000 0.000000 0.000000 0.000000 0.000000 0.000000 0.000000 0.000000 
50.000000 32.934179 18.969168 9.533862 4.195877 1.627509 0.560676 0.172905 0.048094 0.012150 0.002806 0.000596 0.000117 0.000021 0.000004 0.000001 0.000000 0.000000 0.000000 0.000000 0.000000 0.000000 0.000000 0.000000 0.000000 0.000000 0.000000 0.000000 0.000000 0.000000 0.000000 0.000000 0.000000 0.000000 0.000000 0.000000 0.000000 0.000000 0.000000 0.000000 0.000000 0.000000 0.000000 0.000000 0.000000 0.000000 0.000000 0.000000 0.000000 0.000000 
50.000000 32.934179 18.969168 9.533862 4.195877 1.627509 0.560676 0.172905 0.048094 0.012150 0.002806 0.000596 0.000117 0.000021 0.000004 0.000001 0.000000 0.000000 0.000000 0.000000 0.000000 0.000000 0.000000 0.000000 0.000000 0.000000 0.000000 0.000000 0.000000 0.000000 0.000000 0.000000 0.000000 0.000000 0.000000 0.000000 0.000000 0.000000 0.000000 0.000000 0.000000 0.000000 0.000000 0.000000 0.000000 0.000000 0.000000 0.000000 0.000000 0.000000 
50.000000 32.934179 18.969168 9.533862 4.195877 1.627509 0.560676 0.172905 0.048094 0.012150 0.002806 0.000596 0.000117 0.000021 0.000004 0.000001 0.000000 0.000000 0.000000 0.000000 0.000000 0.000000 0.000000 0.000000 0.000000 0.000000 0.000000 0.000000 0.000000 0.000000 0.000000 0.000000 0.000000 0.000000 0.000000 0.000000 0.000000 0.000000 0.000000 0.000000 0.000000 0.000000 0.000000 0.000000 0.000000 0.000000 0.000000 0.000000 0.000000 0.000000 
50.000000 32.934179 18.969168 9.533862 4.195877 1.627509 0.560676 0.172905 0.048094 0.012150 0.002806 0.000596 0.000117 0.000021 0.000004 0.000001 0.000000 0.000000 0.000000 0.000000 0.000000 0.000000 0.000000 0.000000 0.000000 0.000000 0.000000 0.000000 0.000000 0.000000 0.000000 0.000000 0.000000 0.000000 0.000000 0.000000 0.000000 0.000000 0.000000 0.000000 0.000000 0.000000 0.000000 0.000000 0.000000 0.000000 0.000000 0.000000 0.000000 0.000000 
50.000000 32.934179 18.969168 9.533862 4.195877 1.627509 0.560676 0.172905 0.048094 0.012150 0.002806 0.000596 0.000117 0.000021 0.000004 0.000001 0.000000 0.000000 0.000000 0.000000 0.000000 0.000000 0.000000 0.000000 0.000000 0.000000 0.000000 0.000000 0.000000 0.000000 0.000000 0.000000 0.000000 0.000000 0.000000 0.000000 0.000000 0.000000 0.000000 0.000000 0.000000 0.000000 0.000000 0.000000 0.000000 0.000000 0.000000 0.000000 0.000000 0.000000 
50.000000 32.934179 18.969168 9.533862 4.195877 1.627509 0.560676 0.172905 0.048094 0.012150 0.002806 0.000596 0.000117 0.000021 0.000004 0.000001 0.000000 0.000000 0.000000 0.000000 0.000000 0.000000 0.000000 0.000000 0.000000 0.000000 0.000000 0.000000 0.000000 0.000000 0.000000 0.000000 0.000000 0.000000 0.000000 0.000000 0.000000 0.000000 0.000000 0.000000 0.000000 0.000000 0.000000 0.000000 0.000000 0.000000 0.000000 0.000000 0.000000 0.000000 
50.000000 32.934179 18.969168 9.533862 4.195877 1.627509 0.560676 0.172905 0.048094 0.012150 0.002806 0.000596 0.000117 0.000021 0.000004 0.000001 0.000000 0.000000 0.000000 0.000000 0.000000 0.000000 0.000000 0.000000 0.000000 0.000000 0.000000 0.000000 0.000000 0.000000 0.000000 0.000000 0.000000 0.000000 0.000000 0.000000 0.000000 0.000000 0.000000 0.000000 0.000000 0.000000 0.000000 0.000000 0.000000 0.000000 0.000000 0.000000 0.000000 0.000000 
50.000000 32.934179 18.969168 9.533862 4.195877 1.627509 0.560676 0.172905 0.048094 0.012150 0.002806 0.000596 0.000117 0.000021 0.000004 0.000001 0.000000 0.000000 0.000000 0.000000 0.000000 0.000000 0.000000 0.000000 0.000000 0.000000 0.000000 0.000000 0.000000 0.000000 0.000000 0.000000 0.000000 0.000000 0.000000 0.000000 0.000000 0.000000 0.000000 0.000000 0.000000 0.000000 0.000000 0.000000 0.000000 0.000000 0.000000 0.000000 0.000000 0.000000 
50.000000 32.934179 18.969168 9.533862 4.195877 1.627509 0.560676 0.172905 0.048094 0.012150 0.002806 0.000596 0.000117 0.000021 0.000004 0.000001 0.000000 0.000000 0.000000 0.000000 0.000000 0.000000 0.000000 0.000000 0.000000 0.000000 0.000000 0.000000 0.000000 0.000000 0.000000 0.000000 0.000000 0.000000 0.000000 0.000000 0.000000 0.000000 0.000000 0.000000 0.000000 0.000000 0.000000 0.000000 0.000000 0.000000 0.000000 0.000000 0.000000 0.000000 
50.000000 32.934179 18.969168 9.533862 4.195877 1.627509 0.560676 0.172905 0.048094 0.012150 0.002806 0.000596 0.000117 0.000021 0.000004 0.000001 0.000000 0.000000 0.000000 0.000000 0.000000 0.000000 0.000000 0.000000 0.000000 0.000000 0.000000 0.000000 0.000000 0.000000 0.000000 0.000000 0.000000 0.000000 0.000000 0.000000 0.000000 0.000000 0.000000 0.000000 0.000000 0.000000 0.000000 0.000000 0.000000 0.000000 0.000000 0.000000 0.000000 0.000000 
50.000000 32.934179 18.969168 9.533862 4.195877 1.627509 0.560676 0.172905 0.048094 0.012150 0.002806 0.000596 0.000117 0.000021 0.000004 0.000001 0.000000 0.000000 0.000000 0.000000 0.000000 0.000000 0.000000 0.000000 0.000000 0.000000 0.000000 0.000000 0.000000 0.000000 0.000000 0.000000 0.000000 0.000000 0.000000 0.000000 0.000000 0.000000 0.000000 0.000000 0.000000 0.000000 0.000000 0.000000 0.000000 0.000000 0.000000 0.000000 0.000000 0.000000 
50.000000 32.934179 18.969168 9.533862 4.195877 1.627510 0.560676 0.172905 0.048094 0.012150 0.002806 0.000596 0.000117 0.000021 0.000004 0.000001 0.000000 0.000000 0.000000 0.000000 0.000000 0.000000 0.000000 0.000000 0.000000 0.000000 0.000000 0.000000 0.000000 0.000000 0.000000 0.000000 0.000000 0.000000 0.000000 0.000000 0.000000 0.000000 0.000000 0.000000 0.000000 0.000000 0.000000 0.000000 0.000000 0.000000 0.000000 0.000000 0.000000 0.000000 
50.000000 32.934179 18.969168 9.533862 4.195877 1.627510 0.560676 0.172905 0.048094 0.012150 0.002806 0.000596 0.000117 0.000021 0.000004 0.000001 0.000000 0.000000 0.000000 0.000000 0.000000 0.000000 0.000000 0.000000 0.000000 0.000000 0.000000 0.000000 0.000000 0.000000 0.000000 0.000000 0.000000 0.000000 0.000000 0.000000 0.000000 0.000000 0.000000 0.000000 0.000000 0.000000 0.000000 0.000000 0.000000 0.000000 0.000000 0.000000 0.000000 0.000000 
50.000000 32.934179 18.969168 9.533863 4.195878 1.627510 0.560676 0.172906 0.048094 0.012151 0.002806 0.000596 0.000117 0.000022 0.000004 0.000001 0.000001 0.000001 0.000001 0.000001 0.000001 0.000001 0.000001 0.000001 0.000001 0.000001 0.000001 0.000001 0.000001 0.000001 0.000001 0.000001 0.000001 0.000001 0.000001 0.000001 0.000001 0.000001 0.000001 0.000001 0.000001 0.000001 0.000001 0.000001 0.000001 0.000001 0.000000 0.000000 0.000000 0.000000 
50.000000 32.934180 18.969170 9.533865 4.195881 1.627513 0.560679 0.172909 0.048097 0.012154 0.002809 0.000599 0.000120 0.000025 0.000007 0.000004 0.000004 0.000004 0.000004 0.000004 0.000004 0.000004 0.000004 0.000004 0.000004 0.000004 0.000004 0.000004 0.000004 0.000004 0.000004 0.000004 0.000004 0.000004 0.000004 0.000004 0.000004 0.000004 0.000004 0.000004 0.000004 0.000004 0.000004 0.000004 0.000004 0.000003 0.000003 0.000002 0.000001 0.000000 
50.000000 32.934186 18.969181 9.533880 4.195897 1.627530 0.560697 0.172927 0.048115 0.012171 0.002827 0.000617 0.000138 0.000043 0.000025 0.000022 0.000021 0.000021 0.000021 0.000021 0.000021 0.000021 0.000021 0.000021 0.000021 0.000021 0.000021 0.000021 0.000021 0.000021 0.000021 0.000021 0.000021 0.000021 0.000021 0.000021 0.000021 0.000021 0.000021 0.000021 0.000021 0.000021 0.000021 0.000021 0.000021 0.000020 0.000018 0.000014 0.000008 0.000000 
50.000000 32.934220 18.969241 9.533958 4.195985 1.627623 0.560791 0.173022 0.048211 0.012267 0.002923 0.000712 0.000234 0.000138 0.000120 0.000117 0.000117 0.000117 0.000117 0.000117 0.000117 0.000117 0.000117 0.000117 0.000117 0.000117 0.000117 0.000117 0.000117 0.000117 0.000117 0.000117 0.000117 0.000117 0.000117 0.000117 0.000117 0.000117 0.000117 0.000117 0.000117 0.000117 0.000117 0.000116 0.000114 0.000109 0.000098 0.000077 0.000043 0.000000 
50.000000 32.934385 18.969541 9.534348 4.196425 1.628087 0.561265 0.173499 0.048689 0.012746 0.003401 0.001191 0.000712 0.000617 0.000599 0.000596 0.000596 0.000596 0.000596 0.000596 0.000596 0.000596 0.000596 0.000596 0.000596 0.000596 0.000596 0.000596 0.000596 0.000596 0.000596 0.000596 0.000596 0.000596 0.000596 0.000596 0.000596 0.000596 0.000596 0.000596 0.000596 0.000595 0.000594 0.000591 0.000582 0.000557 0.000501 0.000392 0.000219 0.000000 
50.000000 32.935148 18.970926 9.536148 4.198458 1.630229 0.563452 0.175702 0.050897 0.014955 0.005611 0.003401 0.002923 0.002827 0.002809 0.002806 0.002806 0.002806 0.002806 0.002806 0.002806 0.002806 0.002806 0.002806 0.002806 0.002806 0.002806 0.002806 0.002806 0.002806 0.002806 0.002806 0.002806 0.002806 0.002806 0.002806 0.002806 0.002806 0.002806 0.002806 0.002805 0.002804 0.002800 0.002786 0.002743 0.002629 0.002366 0.001855 0.001040 0.000000 
50.000000 32.938369 18.976770 9.543752 4.207046 1.639284 0.572699 0.185017 0.060233 0.024298 0.014955 0.012746 0.012267 0.012171 0.012154 0.012151 0.012150 0.012150 0.012150 0.012150 0.012150 0.012150 0.012150 0.012150 0.012150 0.012150 0.012150 0.012150 0.012150 0.012150 0.012150 0.012150 0.012150 0.012150 0.012150 0.012150 0.012150 0.012150 0.012150 0.012150 0.012149 0.012145 0.012128 0.012069 0.011889 0.011405 0.010282 0.008082 0.004544 0.000000 
50.000000 32.950737 18.999224 9.572973 4.240061 1.674106 0.608260 0.220844 0.096145 0.060233 0.050897 0.048689 0.048211 0.048115 0.048097 0.048094 0.048094 0.048094 0.048094 0.048094 0.048094 0.048094 0.048094 0.048094 0.048094 0.048094 0.048094 0.048094 0.048094 0.048094 0.048094 0.048094 0.048094 0.048094 0.048094 0.048094 0.048094 0.048094 0.048094 0.048093 0.048089 0.048073 0.048009 0.047789 0.047106 0.045248 0.040891 0.032257 0.018202 0.000000 
50.000000 32.993618 19.077092 9.674354 4.354647 1.794988 0.731732 0.345248 0.220844 0.185017 0.175702 0.173499 0.173022 0.172927 0.172909 0.172906 0.172905 0.172905 0.172905 0.172905 0.172905 0.172905 0.172905 0.172905 0.172905 0.172905 0.172905 0.172905 0.172905 0.172905 0.172905 0.172905 0.172905 0.172905 0.172905 0.172905 0.172905 0.172905 0.172905 0.172902 0.172889 0.172835 0.172624 0.171881 0.169558 0.163162 0.147936 0.117270 0.066518 0.000000 
50.000000 33.126642 19.318728 9.989068 4.710470 2.170457 1.115299 0.731732 0.608260 0.572699 0.563452 0.561265 0.560791 0.560697 0.560679 0.560676 0.560676 0.560676 0.560676 0.560676 0.560676 0.560676 0.560676 0.560676 0.560676 0.560676 0.560676 0.560676 0.560676 0.560676 0.560676 0.560676 0.560676 0.560676 0.560676 0.560676 0.560676 0.560675 0.560674 0.560666 0.560629 0.560472 0.559851 0.557649 0.550669 0.531144 0.483752 0.386137 0.220742 0.000000 
50.000000 33.492098 19.982760 10.854230 5.688957 3.203203 2.170457 1.794988 1.674106 1.639284 1.630229 1.628087 1.627623 1.627530 1.627513 1.627510 1.627510 1.627510 1.627509 1.627509 1.627509 1.627509 1.627509 1.627509 1.627509 1.627509 1.627509 1.627509 1.627509 1.627509 1.627509 1.627509 1.627509 1.627509 1.627509 1.627509 1.627509 1.627509 1.627505 1.627486 1.627395 1.627000 1.625430 1.619788 1.601601 1.549655 1.420240 1.145181 0.662745 0.000000 
50.000000 34.370773 21.579724 12.935572 8.043619 5.688957 4.710470 4.354647 4.240061 4.207046 4.198458 4.196425 4.195985 4.195897 4.195881 4.195878 4.195877 4.195877 4.195877 4.195877 4.195877 4.195877 4.195877 4.195877 4.195877 4.195877 4.195877 4.195877 4.195877 4.195877 4.195877 4.195877 4.195877 4.195877 4.195877 4.195877 4.195877 4.195876 4.195868 4.195829 4.195640 4.194813 4.191485 4.179327 4.139302 4.021809 3.718553 3.044532 1.798278 0.000000 
50.000000 36.194864 24.895705 17.258563 12.935572 10.854230 9.989068 9.674354 9.572973 9.543752 9.536148 9.534348 9.533958 9.533880 9.533865 9.533863 9.533862 9.533862 9.533862 9.533862 9.533862 9.533862 9.533862 9.533862 9.533862 9.533862 9.533862 9.533862 9.533862 9.533862 9.533862 9.533862 9.533862 9.533862 9.533862 9.533862 9.533862 9.533860 9.533847 9.533782 9.533470 9.532082 9.526419 9.505316 9.433990 9.217018 8.629281 7.235132 4.431250 0.000000 
50.000000 39.415992 30.752442 24.895705 21.579724 19.982760 19.318728 19.077092 18.999224 18.976770 18.970926 18.969541 18.969241 18.969181 18.969170 18.969168 18.969168 18.969168 18.969168 18.969168 18.969168 18.969168 18.969168 18.969168 18.969168 18.969168 18.969168 18.969168 18.969168 18.969168 18.969168 18.969168 18.969168 18.969168 18.969168 18.969168 18.969167 18.969164 18.969149 18.969071 18.968688 18.966966 18.959822 18.932591 18.837579 18.535192 17.660573 15.376221 10.088626 0.000000 
50.000000 44.180171 39.415992 36.194864 34.370773 33.492098 33.126642 32.993618 32.950737 32.938369 32.935148 32.934385 32.934220 32.934186 32.934180 32.934179 32.934179 32.934179 32.934179 32.934179 32.934179 32.934179 32.934179 32.934179 32.934179 32.934179 32.934179 32.934179 32.934179 32.934179 32.934179 32.934179 32.934179 32.934179 32.934179 32.934179 32.934179 32.934177 32.934166 32.934108 32.933825 32.932536 32.927100 32.905900 32.829352 32.572496 31.763614 29.327366 22.090085 0.000000 
50.000000 50.000000 50.000000 50.000000 50.000000 50.000000 50.000000 50.000000 50.000000 50.000000 50.000000 50.000000 50.000000 50.000000 50.000000 50.000000 50.000000 50.000000 50.000000 50.000000 50.000000 50.000000 50.000000 50.000000 50.000000 50.000000 50.000000 50.000000 50.000000 50.000000 50.000000 50.000000 50.000000 50.000000 50.000000 50.000000 50.000000 50.000000 50.000000 50.000000 50.000000 50.000000 50.000000 50.000000 50.000000 50.000000 50.000000 50.000000 50.000000 50.000000 
