50.000000 50.000000 50.000000 50.000000 50.000000 50.000000 50.000000 50.000000 50.000000 50.000000 50.000000 50.000000 50.000000 50.000000 50.000000 50.000000 50.000000 50.000000 50.000000 50.000000 50.000000 50.000000 50.000000 50.000000 50.000000 50.000000 50.000000 50.000000 50.000000 50.000000 50.000000 50.000000 50.000000 50.000000 50.000000 50.000000 50.000000 50.000000 50.000000 50.000000 50.000000 50.000000 50.000000 50.000000 50.000000 50.000000 50.000000 50.000000 50.000000 50.000000 
50.000000 48.773539 47.594292 46.504023 45.534650 44.705656 44.023606 43.483590 43.072000 42.769899 42.556277 42.410683 42.314998 42.254328 42.217195 42.195246 42.182708 42.175783 42.172084 42.170170 42.169212 42.168746 42.168527 42.168427 42.168382 42.168362 42.168352 42.168343 42.168327 42.168294 42.168221 42.168059 42.167714 42.166995 42.165532 42.162631 42.157015 42.146395 42.126754 42.091150 42.027740 41.916385 41.722581 41.385861 40.795586 39.735038 37.737163 33.667980 24.386770 0.000000 
50.000000 47.594292 45.281193 43.142629 41.241208 39.615141 38.277308 37.218077 36.410755 35.818195 35.399185 35.113612 34.925931 34.806932 34.734100 34.691049 34.666457 34.652876 34.645620 34.641867 34.639987 34.639074 34.638644 34.638448 34.638360 34.638321 34.638301 34.638283 34.638255 34.638193 34.638055 34.637755 34.637113 34.635775 34.633060 34.627686 34.617309 34.597750 34.561715 34.496737 34.381823 34.181973 33.838976 33.255374 32.265275 30.579310 27.680217 22.640596 13.926312 0.000000 
50.000000 46.504023 43.142629 40.034876 37.271745 34.908765 32.964653 31.425408 30.252238 29.391158 28.782278 28.367303 28.094582 27.921665 27.815834 27.753277 27.717545 27.697811 27.687267 27.681814 27.679083 27.677757 27.677132 27.676847 27.676720 27.676663 27.676634 27.676610 27.676571 27.676488 27.676305 27.675904 27.675049 27.673271 27.669673 27.662572 27.648915 27.623296 27.576383 27.492445 27.345509 27.093435 26.668820 25.965026 24.814969 22.960691 20.017438 15.462412 8.766860 0.000000 
50.000000 45.534650 41.241208 37.271745 33.742473 30.724319 28.241184 26.275185 24.776767 23.676974 22.899304 22.369299 22.020985 21.800141 21.664979 21.585087 21.539453 21.514251 21.500786 21.493822 21.490334 21.488641 21.487844 21.487479 21.487317 21.487245 21.487209 21.487180 21.487135 21.487041 21.486833 21.486378 21.485412 21.483409 21.479368 21.471427 21.456228 21.427887 21.376379 21.285087 21.127186 20.860483 20.420291 19.710126 18.590814 16.871236 14.311054 10.661898 5.799612 0.000000 
50.000000 44.705656 39.615141 34.908765 30.724319 27.145895 24.201829 21.870912 20.094382 18.790479 17.868493 17.240141 16.827200 16.565384 16.405150 16.310439 16.256342 16.226466 16.210505 16.202250 16.198115 16.196108 16.195163 16.194732 16.194539 16.194454 16.194413 16.194381 16.194335 16.194238 16.194026 16.193565 16.192587 16.190567 16.186506 16.178564 16.163449 16.135457 16.085005 15.996498 15.845354 15.594106 15.187684 14.548487 13.572947 12.133505 10.093796 7.349866 3.910070 0.000000 
50.000000 44.023606 38.277308 32.964653 28.241184 24.201829 20.878568 18.247454 16.242148 14.770349 13.729659 13.020418 12.554326 12.258816 12.077964 11.971068 11.910012 11.876295 11.858281 11.848965 11.844299 11.842034 11.840968 11.840481 11.840264 11.840169 11.840123 11.840091 11.840046 11.839955 11.839757 11.839327 11.838418 11.836547 11.832803 11.825517 11.811736 11.786397 11.741123 11.662524 11.529991 11.313053 10.968668 10.439284 9.653342 8.531058 6.999627 5.021934 2.637744 0.000000 
50.000000 43.483590 37.218077 31.425408 26.275185 21.870912 18.247454 15.378692 13.192287 11.587590 10.452944 9.679684 9.171528 8.849354 8.652188 8.535651 8.469091 8.432334 8.412697 8.402542 8.397456 8.394987 8.393825 8.393294 8.393058 8.392954 8.392906 8.392874 8.392834 8.392754 8.392581 8.392207 8.391420 8.389808 8.386595 8.380376 8.368686 8.347350 8.309553 8.244604 8.136404 7.961822 7.689346 7.278786 6.683228 5.854894 4.756588 3.379101 1.761009 0.000000 
50.000000 43.072000 36.410755 30.252238 24.776767 20.094382 16.242148 13.192287 10.867883 9.161923 7.955692 7.133658 6.593459 6.250975 6.041383 5.917504 5.846752 5.807681 5.786808 5.776014 5.770608 5.767984 5.766749 5.766185 5.765934 5.765825 5.765775 5.765745 5.765710 5.765643 5.765502 5.765197 5.764557 5.763251 5.760662 5.755678 5.746366 5.729491 5.699846 5.649395 5.566291 5.433941 5.230465 4.929094 4.500276 3.916284 3.158803 2.228782 1.155615 0.000000 
50.000000 42.769899 35.818195 29.391158 23.676974 18.790479 14.770349 11.587590 9.161923 7.381661 6.122909 5.265094 4.701389 4.344009 4.125303 3.996041 3.922215 3.881447 3.859669 3.848406 3.842766 3.840028 3.838740 3.838151 3.837890 3.837776 3.837725 3.837697 3.837668 3.837616 3.837506 3.837271 3.836779 3.835780 3.833809 3.830033 3.823021 3.810401 3.788406 3.751310 3.690830 3.595631 3.451186 3.240358 2.945125 2.549788 2.045649 1.436372 0.742159 0.000000 
50.000000 42.556277 35.399185 28.782278 22.899304 17.868493 13.729659 10.452944 7.955692 6.122909 4.827035 3.943932 3.363617 2.995711 2.770567 2.637501 2.561504 2.519539 2.497120 2.485527 2.479721 2.476903 2.475577 2.474972 2.474703 2.474586 2.474535 2.474508 2.474485 2.474446 2.474365 2.474192 2.473834 2.473109 2.471683 2.468967 2.463951 2.454984 2.439469 2.413517 2.371599 2.306296 2.208340 2.067135 1.871995 1.614218 1.289832 0.902448 0.465127 0.000000 
50.000000 42.410683 35.113612 28.367303 22.369299 17.240141 13.020418 9.679684 7.133658 5.265094 3.943932 3.043604 2.451977 2.076902 1.847375 1.711720 1.634246 1.591465 1.568611 1.556793 1.550875 1.548002 1.546650 1.546033 1.545759 1.545640 1.545589 1.545564 1.545545 1.545517 1.545460 1.545340 1.545091 1.544589 1.543607 1.541744 1.538325 1.532247 1.521802 1.504463 1.476688 1.433812 1.370130 1.279295 1.155136 0.992920 0.790921 0.551897 0.283929 0.000000 
50.000000 42.314998 34.925931 28.094582 22.020985 16.827200 12.554326 9.171528 6.593459 4.701389 3.363617 2.451977 1.852920 1.473140 1.240734 1.103380 1.024935 0.981619 0.958480 0.946515 0.940522 0.937614 0.936245 0.935620 0.935343 0.935223 0.935172 0.935149 0.935133 0.935113 0.935075 0.934994 0.934829 0.934497 0.933851 0.932630 0.930401 0.926460 0.919730 0.908633 0.890988 0.863968 0.824179 0.767929 0.691744 0.593099 0.471287 0.328182 0.168602 0.000000 
50.000000 42.254328 34.806932 27.921665 21.800141 16.565384 12.258816 8.849354 6.250975 4.344009 2.995711 2.076902 1.473140 1.090377 0.856149 0.717719 0.638660 0.595005 0.571685 0.559627 0.553588 0.550657 0.549277 0.548648 0.548368 0.548248 0.548197 0.548174 0.548161 0.548147 0.548122 0.548071 0.547966 0.547756 0.547348 0.546582 0.545189 0.542739 0.538578 0.531759 0.520988 0.504610 0.480668 0.447080 0.401935 0.343913 0.272749 0.189623 0.097313 0.000000 
50.000000 42.217195 34.734100 27.815834 21.664979 16.405150 12.077964 8.652188 6.041383 4.125303 2.770567 1.847375 1.240734 0.856149 0.620807 0.481718 0.402285 0.358423 0.334993 0.322877 0.316809 0.313865 0.312479 0.311846 0.311566 0.311445 0.311394 0.311372 0.311361 0.311351 0.311335 0.311304 0.311240 0.311112 0.310865 0.310403 0.309567 0.308104 0.305631 0.301600 0.295271 0.285705 0.271811 0.252447 0.226586 0.193553 0.153262 0.106414 0.054564 0.000000 
50.000000 42.195246 34.691049 27.753277 21.585087 16.310439 11.971068 8.535651 5.917504 3.996041 2.637501 1.711720 1.103380 0.717719 0.481718 0.342242 0.262587 0.218603 0.195107 0.182958 0.176874 0.173921 0.172531 0.171897 0.171615 0.171494 0.171443 0.171422 0.171412 0.171405 0.171395 0.171377 0.171339 0.171264 0.171121 0.170853 0.170370 0.169529 0.168114 0.165818 0.162232 0.156842 0.149056 0.138265 0.123933 0.105719 0.083604 0.057988 0.029713 0.000000 
50.000000 42.182708 34.666457 27.717545 21.539453 16.256342 11.910012 8.469091 5.846752 3.922215 2.561504 1.634246 1.024935 0.638660 0.402285 0.262587 0.182805 0.138752 0.115219 0.103051 0.096957 0.093999 0.092608 0.091972 0.091690 0.091569 0.091518 0.091497 0.091488 0.091483 0.091477 0.091466 0.091445 0.091403 0.091322 0.091173 0.090904 0.090438 0.089657 0.088396 0.086435 0.083501 0.079283 0.073466 0.065775 0.056044 0.044274 0.030682 0.015713 0.000000 
50.000000 42.175783 34.652876 27.697811 21.514251 16.226466 11.876295 8.432334 5.807681 3.881448 2.519539 1.591465 0.981619 0.595005 0.358423 0.218603 0.138752 0.094660 0.071107 0.058928 0.052829 0.049869 0.048476 0.047840 0.047558 0.047437 0.047386 0.047365 0.047356 0.047352 0.047348 0.047342 0.047330 0.047308 0.047264 0.047184 0.047039 0.046790 0.046374 0.045705 0.044668 0.043124 0.040914 0.037877 0.033879 0.028839 0.022762 0.015763 0.008069 0.000000 
50.000000 42.172084 34.645620 27.687267 21.500786 16.210505 11.858281 8.412697 5.786808 3.859669 2.497120 1.568611 0.958480 0.571686 0.334993 0.195107 0.115219 0.071107 0.047543 0.035359 0.029256 0.026295 0.024901 0.024265 0.023983 0.023862 0.023811 0.023790 0.023782 0.023778 0.023775 0.023772 0.023766 0.023754 0.023731 0.023689 0.023615 0.023486 0.023272 0.022928 0.022398 0.021612 0.020490 0.018955 0.016940 0.014408 0.011363 0.007865 0.004024 0.000000 
50.000000 42.170170 34.641867 27.681814 21.493823 16.202251 11.848966 8.402543 5.776015 3.848407 2.485528 1.556794 0.946515 0.559627 0.322878 0.182959 0.103051 0.058929 0.035359 0.023172 0.017068 0.014106 0.012712 0.012075 0.011793 0.011672 0.011621 0.011600 0.011592 0.011589 0.011587 0.011585 0.011582 0.011576 0.011564 0.011543 0.011506 0.011441 0.011335 0.011164 0.010902 0.010514 0.009962 0.009210 0.008225 0.006991 0.005510 0.003812 0.001950 0.000000 
50.000000 42.169212 34.639987 27.679084 21.490335 16.198117 11.844301 8.397457 5.770610 3.842768 2.479723 1.550876 0.940524 0.553590 0.316811 0.176875 0.096959 0.052831 0.029258 0.017069 0.010965 0.008002 0.006608 0.005972 0.005690 0.005568 0.005518 0.005497 0.005489 0.005485 0.005484 0.005483 0.005481 0.005478 0.005472 0.005462 0.005444 0.005413 0.005361 0.005279 0.005154 0.004968 0.004705 0.004347 0.003880 0.003295 0.002596 0.001795 0.000918 0.000000 
50.000000 42.168747 34.639076 27.677759 21.488644 16.196112 11.842038 8.394991 5.767989 3.840033 2.476908 1.548007 0.937619 0.550662 0.313870 0.173926 0.094004 0.049874 0.026300 0.014110 0.008006 0.005043 0.003649 0.003012 0.002730 0.002609 0.002558 0.002537 0.002529 0.002526 0.002524 0.002524 0.002523 0.002521 0.002519 0.002514 0.002505 0.002491 0.002467 0.002428 0.002370 0.002283 0.002162 0.001996 0.001781 0.001512 0.001190 0.000823 0.000421 0.000000 
50.000000 42.168529 34.638649 27.677139 21.487852 16.195173 11.840978 8.393836 5.766761 3.838752 2.475590 1.546663 0.936258 0.549290 0.312492 0.172544 0.092621 0.048489 0.024914 0.012724 0.006620 0.003657 0.002263 0.001626 0.001344 0.001223 0.001172 0.001151 0.001143 0.001140 0.001138 0.001138 0.001137 0.001137 0.001135 0.001133 0.001129 0.001123 0.001112 0.001094 0.001067 0.001028 0.000973 0.000898 0.000801 0.000679 0.000535 0.000370 0.000189 0.000000 
50.000000 42.168433 34.638459 27.676863 21.487499 16.194755 11.840508 8.393323 5.766215 3.838183 2.475004 1.546066 0.935654 0.548681 0.311880 0.171930 0.092006 0.047873 0.024299 0.012109 0.006004 0.003041 0.001647 0.001010 0.000728 0.000607 0.000556 0.000535 0.000527 0.000524 0.000523 0.000522 0.000522 0.000521 0.000521 0.000520 0.000518 0.000515 0.000510 0.000502 0.000489 0.000471 0.000446 0.000411 0.000366 0.000311 0.000245 0.000169 0.000086 0.000000 
50.000000 42.168396 34.638388 27.676759 21.487367 16.194599 11.840331 8.393130 5.766010 3.837969 2.474784 1.545842 0.935426 0.548452 0.311650 0.171700 0.091775 0.047642 0.024067 0.011877 0.005773 0.002810 0.001415 0.000779 0.000497 0.000375 0.000325 0.000304 0.000296 0.000293 0.000291 0.000291 0.000291 0.000290 0.000290 0.000289 0.000288 0.000287 0.000284 0.000279 0.000272 0.000262 0.000248 0.000229 0.000204 0.000173 0.000136 0.000094 0.000048 0.000000 
50.000000 42.168396 34.638388 27.676759 21.487367 16.194599 11.840331 8.393130 5.766010 3.837969 2.474784 1.545842 0.935426 0.548452 0.311650 0.171700 0.091775 0.047642 0.024067 0.011877 0.005773 0.002810 0.001415 0.000779 0.000497 0.000375 0.000325 0.000304 0.000296 0.000293 0.000291 0.000291 0.000291 0.000290 0.000290 0.000289 0.000288 0.000287 0.000284 0.000279 0.000272 0.000262 0.000248 0.000229 0.000204 0.000173 0.000136 0.000094 0.000048 0.000000 
50.000000 42.168433 34.638459 27.676863 21.487499 16.194755 11.840508 8.393323 5.766215 3.838183 2.475004 1.546066 0.935654 0.548681 0.311880 0.171930 0.092006 0.047873 0.024299 0.012109 0.006004 0.003041 0.001647 0.001010 0.000728 0.000607 0.000556 0.000535 0.000527 0.000524 0.000523 0.000522 0.000522 0.000521 0.000521 0.000520 0.000518 0.000515 0.000510 0.000502 0.000489 0.000471 0.000446 0.000411 0.000366 0.000311 0.000245 0.000169 0.000086 0.000000 
50.000000 42.168529 34.638649 27.677139 21.487852 16.195173 11.840978 8.393836 5.766761 3.838752 2.475590 1.546663 0.936258 0.549290 0.312492 0.172544 0.092621 0.048489 0.024914 0.012724 0.006620 0.003657 0.002263 0.001626 0.001344 0.001223 0.001172 0.001151 0.001143 0.001140 0.001138 0.001138 0.001137 0.001137 0.001135 0.001133 0.001129 0.001123 0.001112 0.001094 0.001067 0.001028 0.000973 0.000898 0.000801 0.000679 0.000535 0.000370 0.000189 0.000000 
50.000000 42.168747 34.639076 27.677759 21.488644 16.196112 11.842038 8.394991 5.767989 3.840033 2.476908 1.548007 0.937619 0.550662 0.313870 0.173926 0.094004 0.049874 0.026300 0.014110 0.008006 0.005043 0.003649 0.003012 0.002730 0.002609 0.002558 0.002537 0.002529 0.002526 0.002524 0.002524 0.002523 0.002521 0.002519 0.002514 0.002505 0.002491 0.002467 0.002428 0.002370 0.002283 0.002162 0.001996 0.001781 0.001512 0.001190 0.000823 0.000421 0.000000 
50.000000 42.169212 34.639987 27.679084 21.490335 16.198117 11.844301 8.397457 5.770610 3.842768 2.479723 1.550876 0.940524 0.553590 0.316811 0.176875 0.096959 0.052831 0.029258 0.017069 0.010965 0.008002 0.006608 0.005972 0.005690 0.005568 0.005518 0.005497 0.005489 0.005485 0.005484 0.005483 0.005481 0.005478 0.005472 0.005462 0.005444 0.005413 0.005361 0.005279 0.005154 0.004968 0.004705 0.004347 0.003880 0.003295 0.002596 0.001795 0.000918 0.000000 
50.000000 42.170170 34.641867 27.681814 21.493823 16.202251 11.848966 8.402543 5.776015 3.848407 2.485528 1.556794 0.946515 0.559627 0.322878 0.182959 0.103051 0.058929 0.035359 0.023172 0.017068 0.014106 0.012712 0.012075 0.011793 0.011672 0.011621 0.011600 0.011592 0.011589 0.011587 0.011585 0.011582 0.011576 0.011564 0.011543 0.011506 0.011441 0.011335 0.011164 0.010902 0.010514 0.009962 0.009210 0.008225 0.006991 0.005510 0.003812 0.001950 0.000000 
50.000000 42.172084 34.645620 27.687267 21.500786 16.210505 11.858281 8.412697 5.786808 3.859669 2.497120 1.568611 0.958480 0.571686 0.334993 0.195107 0.115219 0.071107 0.047543 0.035359 0.029256 0.026295 0.024901 0.024265 0.023983 0.023862 0.023811 0.023790 0.023782 0.023778 0.023775 0.023772 0.023766 0.023754 0.023731 0.023689 0.023615 0.023486 0.023272 0.022928 0.022398 0.021612 0.020490 0.018955 0.016940 0.014408 0.011363 0.007865 0.004024 0.000000 
50.000000 42.175783 34.652876 27.697811 21.514251 16.226466 11.876295 8.432334 5.807681 3.881448 2.519539 1.591465 0.981619 0.595005 0.358423 0.218603 0.138752 0.094660 0.071107 0.058928 0.052829 0.049869 0.048476 0.047840 0.047558 0.047437 0.047386 0.047365 0.047356 0.047352 0.047348 0.047342 0.047330 0.047308 0.047264 0.047184 0.047039 0.046790 0.046374 0.045705 0.044668 0.043124 0.040914 0.037877 0.033879 0.028839 0.022762 0.015763 0.008069 0.000000 
50.000000 42.182708 34.666457 27.717545 21.539453 16.256342 11.910012 8.469091 5.846752 3.922215 2.561504 1.634246 1.024935 0.638660 0.402285 0.262587 0.182805 0.138752 0.115219 0.103051 0.096957 0.093999 0.092608 0.091972 0.091690 0.091569 0.091518 0.091497 0.091488 0.091483 0.091477 0.091466 0.091445 0.091403 0.091322 0.091173 0.090904 0.090438 0.089657 0.088396 0.086435 0.083501 0.079283 0.073466 0.065775 0.056044 0.044274 0.030682 0.015713 0.000000 
50.000000 42.195246 34.691049 27.753277 21.585087 16.310439 11.971068 8.535651 5.917504 3.996041 2.637501 1.711720 1.103380 0.717719 0.481718 0.342242 0.262587 0.218603 0.195107 0.182958 0.176874 0.173921 0.172531 0.171897 0.171615 0.171494 0.171443 0.171422 0.171412 0.171405 0.171395 0.171377 0.171339 0.171264 0.171121 0.170853 0.170370 0.169529 0.168114 0.165818 0.162232 0.156842 0.149056 0.138265 0.123933 0.105719 0.083604 0.057988 0.029713 0.000000 
50.000000 42.217195 34.734100 27.815834 21.664979 16.405150 12.077964 8.652188 6.041383 4.125303 2.770567 1.847375 1.240734 0.856149 0.620807 0.481718 0.402285 0.358423 0.334993 0.322877 0.316809 0.313865 0.312479 0.311846 0.311566 0.311445 0.311394 0.311372 0.311361 0.311351 0.311335 0.311304 0.311240 0.311112 0.310865 0.310403 0.309567 0.308104 0.305631 0.301600 0.295271 0.285705 0.271811 0.252447 0.226586 0.193553 0.153262 0.106414 0.054564 0.000000 
50.000000 42.254328 34.806932 27.921665 21.800141 16.565384 12.258816 8.849354 6.250975 4.344009 2.995711 2.076902 1.473140 1.090377 0.856149 0.717719 0.638660 0.595005 0.571685 0.559627 0.553588 0.550657 0.549277 0.548648 0.548368 0.548248 0.548197 0.548174 0.548161 0.548147 0.548122 0.548071 0.547966 0.547756 0.547348 0.546582 0.545189 0.542739 0.538578 0.531759 0.520988 0.504610 0.480668 0.447080 0.401935 0.343913 0.272749 0.189623 0.097313 0.000000 
50.000000 42.314998 34.925931 28.094582 22.020985 16.827200 12.554326 9.171528 6.593459 4.701389 3.363617 2.451977 1.852920 1.473140 1.240734 1.103380 1.024935 0.981619 0.958480 0.946515 0.940522 0.937614 0.936245 0.935620 0.935343 0.935223 0.935172 0.935149 0.935133 0.935113 0.935075 0.934994 0.934829 0.934497 0.933851 0.932630 0.930401 0.926460 0.919730 0.908633 0.890988 0.863968 0.824179 0.767929 0.691744 0.593099 0.471287 0.328182 0.168602 0.000000 
50.000000 42.410683 35.113612 28.367303 22.369299 17.240141 13.020418 9.679684 7.133658 5.265094 3.943932 3.043604 2.451977 2.076902 1.847375 1.711720 1.634246 1.591465 1.568611 1.556793 1.550875 1.548002 1.546650 1.546033 1.545759 1.545640 1.545589 1.545564 1.545545 1.545517 1.545460 1.545340 1.545091 1.544589 1.543607 1.541744 1.538325 1.532247 1.521802 1.504463 1.476688 1.433812 1.370130 1.279295 1.155136 0.992920 0.790921 0.551897 0.283929 0.000000 
50.000000 42.556277 35.399185 28.782278 22.899304 17.868493 13.729659 10.452944 7.955692 6.122909 4.827035 3.943932 3.363617 2.995711 2.770567 2.637501 2.561504 2.519539 2.497120 2.485527 2.479721 2.476903 2.475577 2.474972 2.474703 2.474586 2.474535 2.474508 2.474485 2.474446 2.474365 2.474192 2.473834 2.473109 2.471683 2.468967 2.463951 2.454984 2.439469 2.413517 2.371599 2.306296 2.208340 2.067135 1.871995 1.614218 1.289832 0.902448 0.465127 0.000000 
50.000000 42.769899 35.818195 29.391158 23.676974 18.790479 14.770349 11.587590 9.161923 7.381661 6.122909 5.265094 4.701389 4.344009 4.125303 3.996041 3.922215 3.881447 3.859669 3.848406 3.842766 3.840028 3.838740 3.838151 3.837890 3.837776 3.837725 3.837697 3.837668 3.837616 3.837506 3.837271 3.836779 3.835780 3.833809 3.830033 3.823021 3.810401 3.788406 3.751310 3.690830 3.595631 3.451186 3.240358 2.945125 2.549788 2.045649 1.436372 0.742159 0.000000 
50.000000 43.072000 36.410755 30.252238 24.776767 20.094382 16.242148 13.192287 10.867883 9.161923 7.955692 7.133658 6.593459 6.250975 6.041383 5.917504 5.846752 5.807681 5.786808 5.776014 5.770608 5.767984 5.766749 5.766185 5.765934 5.765825 5.765775 5.765745 5.765710 5.765643 5.765502 5.765197 5.764557 5.763251 5.760662 5.755678 5.746366 5.729491 5.699846 5.649395 5.566291 5.433941 5.230465 4.929094 4.500276 3.916284 3.158803 2.228782 1.155615 0.000000 
50.000000 43.483590 37.218077 31.425408 26.275185 21.870912 18.247454 15.378692 13.192287 11.587590 10.452944 9.679684 9.171528 8.849354 8.652188 8.535651 8.469091 8.432334 8.412697 8.402542 8.397456 8.394987 8.393825 8.393294 8.393058 8.392954 8.392906 8.392874 8.392834 8.392754 8.392581 8.392207 8.391420 8.389808 8.386595 8.380376 8.368686 8.347350 8.309553 8.244604 8.136404 7.961822 7.689346 7.278786 6.683228 5.854894 4.756588 3.379101 1.761009 0.000000 
50.000000 44.023606 38.277308 32.964653 28.241184 24.201829 20.878568 18.247454 16.242148 14.770349 13.729659 13.020418 12.554326 12.258816 12.077964 11.971068 11.910012 11.876295 11.858281 11.848965 11.844299 11.842034 11.840968 11.840481 11.840264 11.840169 11.840123 11.840091 11.840046 11.839955 11.839757 11.839327 11.838418 11.836547 11.832803 11.825517 11.811736 11.786397 11.741123 11.662524 11.529991 11.313053 10.968668 10.439284 9.653342 8.531058 6.999627 5.021934 2.637744 0.000000 
50.000000 44.705656 39.615141 34.908765 30.724319 27.145895 24.201829 21.870912 20.094382 18.790479 17.868493 17.240141 16.827200 16.565384 16.405150 16.310439 16.256342 16.226466 16.210505 16.202250 16.198115 16.196108 16.195163 16.194732 16.194539 16.194454 16.194413 16.194381 16.194335 16.194238 16.194026 16.193565 16.192587 16.190567 16.186506 16.178564 16.163449 16.135457 16.085005 15.996498 15.845354 15.594106 15.187684 14.548487 13.572947 12.133505 10.093796 7.349866 3.910070 0.000000 
50.000000 45.534650 41.241208 37.271745 33.742473 30.724319 28.241184 26.275185 24.776767 23.676974 22.899304 22.369299 22.020985 21.800141 21.664979 21.585087 21.539453 21.514251 21.500786 21.493822 21.490334 21.488641 21.487844 21.487479 21.487317 21.487245 21.487209 21.487180 21.487135 21.487041 21.486833 21.486378 21.485412 21.483409 21.479368 21.471427 21.456228 21.427887 21.376379 21.285087 21.127186 20.860483 20.420291 19.710126 18.590814 16.871236 14.311054 10.661898 5.799612 0.000000 
50.000000 46.504023 43.142629 40.034876 37.271745 34.908765 32.964653 31.425408 30.252238 29.391158 28.782278 28.367303 28.094582 27.921665 27.815834 27.753277 27.717545 27.697811 27.687267 27.681814 27.679083 27.677757 27.677132 27.676847 27.676720 27.676663 27.676634 27.676610 27.676571 27.676488 27.676305 27.675904 27.675049 27.673271 27.669673 27.662572 27.648915 27.623296 27.576383 27.492445 27.345509 27.093435 26.668820 25.965026 24.814969 22.960691 20.017438 15.462412 8.766860 0.000000 
50.000000 47.594292 45.281193 43.142629 41.241208 39.615141 38.277308 37.218077 36.410755 35.818195 35.399185 35.113612 34.925931 34.806932 34.734100 34.691049 34.666457 34.652876 34.645620 34.641867 34.639987 34.639074 34.638644 34.638448 34.638360 34.638321 34.638301 34.638283 34.638255 34.638193 34.638055 34.637755 34.637113 34.635775 34.633060 34.627686 34.617309 34.597750 34.561715 34.496737 34.381823 34.181973 33.838976 33.255374 32.265275 30.579310 27.680217 22.640596 13.926312 0.000000 
50.000000 48.773539 47.594292 46.504023 45.534650 44.705656 44.023606 43.483590 43.072000 42.769899 42.556277 42.410683 42.314998 42.254328 42.217195 42.195246 42.182708 42.175783 42.172084 42.170170 42.169212 42.168746 42.168527 42.168427 42.168382 42.168362 42.168352 42.168343 42.168327 42.168294 42.168221 42.168059 42.167714 42.166995 42.165532 42.162631 42.157015 42.146395 42.126754 42.091150 42.027740 41.916385 41.722581 41.385861 40.795586 39.735038 37.737163 33.667980 24.386770 0.000000 
50.000000 50.000000 50.000000 50.000000 50.000000 50.000000 50.000000 50.000000 50.000000 50.000000 50.000000 50.000000 50.000000 50.000000 50.000000 50.000000 50.000000 50.000000 50.000000 50.000000 50.000000 50.000000 50.000000 50.000000 50.000000 50.000000 50.000000 50.000000 50.000000 50.000000 50.000000 50.000000 50.000000 50.000000 50.000000 50.000000 50.000000 50.000000 50.000000 50.000000 50.000000 50.000000 50.000000 50.000000 50.000000 50.000000 50.000000 50.000000 50.000000 50.000000 
