50.000000 50.000000 50.000000 50.000000 50.000000 50.000000 50.000000 50.000000 50.000000 50.000000 50.000000 50.000000 50.000000 50.000000 50.000000 50.000000 50.000000 50.000000 50.000000 50.000000 50.000000 50.000000 50.000000 50.000000 50.000000 50.000000 50.000000 50.000000 50.000000 50.000000 50.000000 50.000000 50.000000 50.000000 50.000000 50.000000 50.000000 50.000000 50.000000 50.000000 50.000000 50.000000 50.000000 50.000000 50.000000 50.000000 50.000000 50.000000 50.000000 50.000000 
50.000000 48.764975 47.577824 46.480860 45.506347 44.673876 43.989904 43.449250 43.037951 42.736706 42.524194 42.379734 42.285061 42.225214 42.188704 42.167197 42.154956 42.148221 42.144637 42.142790 42.141870 42.141424 42.141216 42.141121 42.141079 42.141060 42.141050 42.141042 42.141027 42.140996 42.140925 42.140771 42.140438 42.139743 42.138323 42.135497 42.130010 42.119600 42.100290 42.065191 42.002523 41.892218 41.699846 41.365007 40.777109 39.719452 37.724959 33.659581 24.382487 0.000000 
50.000000 47.577824 45.249543 43.098141 41.186898 39.554236 38.212818 37.152481 36.345839 35.755040 35.338265 35.054953 34.869283 34.751916 34.680315 34.638136 34.614130 34.600922 34.593893 34.590273 34.588467 34.587594 34.587185 34.586999 34.586917 34.586880 34.586861 34.586844 34.586817 34.586759 34.586628 34.586339 34.585721 34.584429 34.581795 34.576563 34.566428 34.547264 34.511854 34.447827 34.334311 34.136439 33.796141 33.216082 32.230461 30.549943 27.657222 22.624771 13.918244 0.000000 
50.000000 46.480860 43.098141 39.972414 37.195616 34.823571 32.874674 31.334159 30.162233 29.303900 28.698400 28.286802 28.017062 27.846553 27.742534 27.681259 27.646385 27.627198 27.616987 27.611728 27.609105 27.607837 27.607243 27.606972 27.606852 27.606799 27.606772 27.606749 27.606713 27.606634 27.606459 27.606075 27.605252 27.603536 27.600048 27.593141 27.579812 27.554729 27.508664 27.426019 27.280981 27.031593 26.610643 25.911661 24.767686 22.920805 19.986207 15.440919 8.755902 0.000000 
50.000000 45.506347 41.186898 37.195616 33.649900 30.621031 28.132497 26.165437 24.669036 23.573065 22.799933 22.274391 21.929984 21.712278 21.579469 21.501235 21.456711 21.432214 21.419178 21.412464 21.409115 21.407496 21.406738 21.406393 21.406240 21.406172 21.406138 21.406111 21.406069 21.405980 21.405781 21.405346 21.404418 21.402486 21.398572 21.390856 21.376037 21.348319 21.297795 21.208002 21.052303 20.788718 20.352779 19.648197 18.535944 16.824950 14.274811 10.636955 5.786895 0.000000 
50.000000 44.673876 39.554236 34.823571 30.621031 27.031103 24.081620 21.750225 19.976681 18.677743 17.761445 17.138593 16.730421 16.472413 16.315019 16.222306 16.169542 16.140513 16.125065 16.117108 16.113140 16.111222 16.110323 16.109915 16.109733 16.109654 16.109615 16.109585 16.109542 16.109450 16.109248 16.108808 16.107869 16.105923 16.101996 16.094288 16.079571 16.052231 16.002808 15.915868 15.767027 15.519040 15.117065 14.483708 13.515551 12.085088 10.055885 7.323775 3.896767 0.000000 
50.000000 43.989904 38.212818 32.874674 28.132497 24.081620 20.753450 18.122748 16.121537 14.655875 13.621980 12.919202 12.458660 12.167554 11.989973 11.885370 11.825840 11.793090 11.775662 11.766686 11.762209 11.760046 11.759032 11.758571 11.758367 11.758277 11.758235 11.758205 11.758163 11.758077 11.757888 11.757478 11.756607 11.754807 11.751192 11.744133 11.730736 11.706026 11.661745 11.584660 11.454350 11.240561 10.900469 10.376725 9.597912 8.484299 6.963014 4.996736 2.624897 0.000000 
50.000000 43.449250 37.152481 31.334159 26.165437 21.750225 18.122748 15.255492 13.074354 11.476936 10.350115 9.584183 9.082263 8.765008 8.571479 8.457485 8.392612 8.356922 8.337931 8.328150 8.323272 8.320915 8.319810 8.319308 8.319086 8.318989 8.318944 8.318914 8.318876 8.318801 8.318637 8.318281 8.317528 8.315980 8.312884 8.306870 8.295526 8.274757 8.237858 8.174275 8.068083 7.896344 7.627746 7.222279 6.633160 5.812658 4.723515 3.356340 1.749404 0.000000 
50.000000 43.037951 36.345839 30.162233 24.669036 19.976681 16.121537 13.074354 10.756371 9.058750 7.861261 7.047307 6.513926 6.176790 5.971138 5.850005 5.781071 5.743148 5.722969 5.712576 5.707393 5.704889 5.703715 5.703182 5.702946 5.702843 5.702797 5.702769 5.702736 5.702674 5.702540 5.702250 5.701639 5.700388 5.697898 5.693088 5.684071 5.667679 5.638797 5.589510 5.508115 5.378185 5.178010 4.880977 4.457641 3.880318 3.130640 2.209400 1.145733 0.000000 
50.000000 42.736706 35.755040 29.303900 23.573065 18.677743 14.655875 11.476936 9.058750 7.287763 6.038538 5.189428 4.633019 4.281333 4.066808 3.940452 3.868546 3.828989 3.807941 3.797101 3.791695 3.789083 3.787859 3.787303 3.787057 3.786950 3.786903 3.786877 3.786850 3.786801 3.786697 3.786474 3.786006 3.785051 3.783159 3.779524 3.772750 3.760520 3.739140 3.702983 3.643882 3.550635 3.408854 3.201525 2.910716 2.520761 2.022920 1.420729 0.734183 0.000000 
50.000000 42.524194 35.338265 28.698400 22.799933 17.761445 13.621980 10.350115 7.861261 6.038538 4.752832 3.878936 3.306292 2.944349 2.723571 2.593534 2.519534 2.478827 2.457166 2.446011 2.440448 2.437760 2.436501 2.435928 2.435676 2.435566 2.435519 2.435494 2.435472 2.435436 2.435359 2.435196 2.434856 2.434164 2.432800 2.430191 2.425359 2.416690 2.401647 2.376416 2.335555 2.271751 2.175840 2.037321 1.845577 1.591931 1.272381 0.890437 0.459003 0.000000 
50.000000 42.379734 35.054953 28.286802 22.274391 17.138593 12.919202 9.584183 7.047307 5.189428 3.878936 2.988202 2.404529 2.035620 1.810596 1.678059 1.602638 1.561149 1.539073 1.527705 1.522035 1.519296 1.518012 1.517429 1.517171 1.517061 1.517013 1.516990 1.516972 1.516946 1.516892 1.516779 1.516543 1.516066 1.515128 1.513345 1.510059 1.504200 1.494101 1.477289 1.450288 1.408510 1.346325 1.257457 1.135785 0.976596 0.778137 0.543099 0.279444 0.000000 
50.000000 42.285061 34.869283 28.017062 21.929984 16.730421 12.458660 9.082263 6.513926 4.633019 3.306292 2.404529 1.813635 1.440166 1.212361 1.078188 1.001837 0.959837 0.937489 0.925981 0.920242 0.917468 0.916169 0.915579 0.915318 0.915206 0.915159 0.915137 0.915122 0.915104 0.915068 0.914993 0.914837 0.914522 0.913907 0.912742 0.910605 0.906818 0.900330 0.889601 0.872499 0.846247 0.807506 0.752634 0.678190 0.581665 0.462333 0.322020 0.165460 0.000000 
50.000000 42.225214 34.751916 27.846553 21.712278 16.472413 12.167554 8.765008 6.176790 4.281333 2.944349 2.035620 1.440166 1.063815 0.834256 0.699050 0.622112 0.579789 0.557269 0.545673 0.539890 0.537096 0.535787 0.535192 0.534929 0.534816 0.534769 0.534748 0.534736 0.534723 0.534700 0.534652 0.534553 0.534354 0.533968 0.533239 0.531908 0.529560 0.525562 0.518990 0.508583 0.492720 0.469482 0.436818 0.392841 0.336241 0.266741 0.185488 0.095205 0.000000 
50.000000 42.188704 34.680315 27.742534 21.579469 16.315019 11.989973 8.571479 5.971138 4.066808 2.723571 1.810596 1.212361 0.834256 0.603627 0.467792 0.390496 0.347976 0.325353 0.313702 0.307893 0.305086 0.303771 0.303173 0.302909 0.302796 0.302749 0.302728 0.302718 0.302709 0.302694 0.302665 0.302605 0.302485 0.302252 0.301814 0.301017 0.299620 0.297251 0.293380 0.287284 0.278050 0.264610 0.245839 0.220731 0.188613 0.149393 0.103752 0.053207 0.000000 
50.000000 42.167197 34.638136 27.681259 21.501235 16.222306 11.885370 8.457485 5.850005 3.940452 2.593534 1.678059 1.078188 0.699050 0.467792 0.331586 0.254080 0.211445 0.188760 0.177078 0.171253 0.168438 0.167119 0.166520 0.166256 0.166142 0.166095 0.166075 0.166066 0.166060 0.166051 0.166033 0.165998 0.165928 0.165793 0.165540 0.165082 0.164281 0.162931 0.160734 0.157292 0.152107 0.144601 0.134178 0.120311 0.102663 0.081211 0.056341 0.028874 0.000000 
50.000000 42.154956 34.614130 27.646385 21.456711 16.169542 11.825840 8.392612 5.781071 3.868546 2.519534 1.602638 1.001837 0.622112 0.390496 0.254080 0.176455 0.133754 0.111034 0.099334 0.093500 0.090681 0.089360 0.088760 0.088495 0.088382 0.088335 0.088315 0.088307 0.088302 0.088296 0.088286 0.088267 0.088227 0.088152 0.088011 0.087757 0.087315 0.086573 0.085370 0.083495 0.080683 0.076632 0.071033 0.063619 0.054225 0.042849 0.029702 0.015213 0.000000 
50.000000 42.148221 34.600922 27.627198 21.432214 16.140513 11.793090 8.356923 5.743148 3.828989 2.478827 1.561149 0.959837 0.579789 0.347977 0.211445 0.133754 0.091017 0.068278 0.056569 0.050730 0.047908 0.046586 0.045986 0.045721 0.045607 0.045560 0.045541 0.045533 0.045529 0.045525 0.045520 0.045509 0.045488 0.045447 0.045372 0.045236 0.045000 0.044606 0.043971 0.042983 0.041509 0.039394 0.036483 0.032644 0.027796 0.021946 0.015201 0.007782 0.000000 
50.000000 42.144637 34.593893 27.616987 21.419178 16.125065 11.775662 8.337931 5.722969 3.807941 2.457166 1.539073 0.937489 0.557270 0.325353 0.188760 0.111034 0.068278 0.045529 0.033814 0.027973 0.025150 0.023828 0.023227 0.022962 0.022848 0.022801 0.022782 0.022774 0.022770 0.022768 0.022765 0.022759 0.022748 0.022727 0.022688 0.022618 0.022497 0.022295 0.021970 0.021467 0.020719 0.019650 0.018184 0.016257 0.013832 0.010912 0.007554 0.003866 0.000000 
50.000000 42.142790 34.590273 27.611728 21.412464 16.117109 11.766686 8.328151 5.712577 3.797102 2.446012 1.527705 0.925981 0.545673 0.313703 0.177079 0.099335 0.056569 0.033815 0.022097 0.016254 0.013431 0.012108 0.011507 0.011242 0.011129 0.011081 0.011062 0.011055 0.011051 0.011050 0.011048 0.011045 0.011039 0.011029 0.011009 0.010974 0.010914 0.010814 0.010653 0.010405 0.010038 0.009514 0.008799 0.007861 0.006683 0.005269 0.003646 0.001865 0.000000 
50.000000 42.141870 34.588468 27.609105 21.409116 16.113141 11.762211 8.323274 5.707395 3.791697 2.440450 1.522037 0.920243 0.539892 0.307894 0.171254 0.093502 0.050731 0.027974 0.016255 0.010412 0.007588 0.006265 0.005664 0.005399 0.005285 0.005238 0.005219 0.005211 0.005208 0.005207 0.005206 0.005204 0.005202 0.005196 0.005187 0.005170 0.005141 0.005093 0.005016 0.004898 0.004723 0.004474 0.004135 0.003692 0.003137 0.002472 0.001710 0.000874 0.000000 
50.000000 42.141425 34.587596 27.607839 21.407499 16.111225 11.760049 8.320919 5.704893 3.789087 2.437765 1.519300 0.917473 0.537100 0.305090 0.168443 0.090686 0.047913 0.025154 0.013435 0.007591 0.004767 0.003444 0.002843 0.002578 0.002464 0.002417 0.002398 0.002390 0.002387 0.002386 0.002385 0.002385 0.002383 0.002381 0.002376 0.002369 0.002355 0.002333 0.002297 0.002242 0.002161 0.002046 0.001890 0.001687 0.001433 0.001128 0.000780 0.000399 0.000000 
50.000000 42.141218 34.587189 27.607248 21.406745 16.110332 11.759042 8.319821 5.703726 3.787870 2.436512 1.518024 0.916181 0.535799 0.303783 0.167131 0.089372 0.046598 0.023840 0.012120 0.006276 0.003452 0.002129 0.001528 0.001263 0.001149 0.001102 0.001083 0.001075 0.001072 0.001071 0.001070 0.001070 0.001069 0.001068 0.001066 0.001063 0.001056 0.001046 0.001030 0.001005 0.000968 0.000917 0.000846 0.000755 0.000641 0.000505 0.000349 0.000178 0.000000 
50.000000 42.141126 34.587009 27.606987 21.406411 16.109937 11.758596 8.319335 5.703210 3.787332 2.435958 1.517459 0.915610 0.535223 0.303204 0.166551 0.088791 0.046017 0.023258 0.011538 0.005694 0.002870 0.001547 0.000946 0.000680 0.000567 0.000520 0.000501 0.000493 0.000490 0.000489 0.000489 0.000488 0.000488 0.000487 0.000486 0.000485 0.000482 0.000477 0.000470 0.000458 0.000441 0.000418 0.000385 0.000344 0.000292 0.000229 0.000159 0.000081 0.000000 
50.000000 42.141092 34.586942 27.606889 21.406286 16.109788 11.758429 8.319153 5.703017 3.787130 2.435751 1.517248 0.915396 0.535007 0.302987 0.166334 0.088574 0.045799 0.023040 0.011320 0.005476 0.002652 0.001329 0.000728 0.000463 0.000349 0.000302 0.000283 0.000275 0.000272 0.000271 0.000271 0.000270 0.000270 0.000270 0.000269 0.000268 0.000267 0.000264 0.000260 0.000254 0.000244 0.000231 0.000213 0.000190 0.000161 0.000127 0.000088 0.000045 0.000000 
50.000000 42.141092 34.586942 27.606889 21.406286 16.109788 11.758429 8.319153 5.703017 3.787130 2.435751 1.517248 0.915396 0.535007 0.302987 0.166334 0.088574 0.045799 0.023040 0.011320 0.005476 0.002652 0.001329 0.000728 0.000463 0.000349 0.000302 0.000283 0.000275 0.000272 0.000271 0.000271 0.000270 0.000270 0.000270 0.000269 0.000268 0.000267 0.000264 0.000260 0.000254 0.000244 0.000231 0.000213 0.000190 0.000161 0.000127 0.000088 0.000045 0.000000 
50.000000 42.141126 34.587009 27.606987 21.406411 16.109937 11.758596 8.319335 5.703210 3.787332 2.435958 1.517459 0.915610 0.535223 0.303204 0.166551 0.088791 0.046017 0.023258 0.011538 0.005694 0.002870 0.001547 0.000946 0.000680 0.000567 0.000520 0.000501 0.000493 0.000490 0.000489 0.000489 0.000488 0.000488 0.000487 0.000486 0.000485 0.000482 0.000477 0.000470 0.000458 0.000441 0.000418 0.000385 0.000344 0.000292 0.000229 0.000159 0.000081 0.000000 
50.000000 42.141218 34.587189 27.607248 21.406745 16.110332 11.759042 8.319821 5.703726 3.787870 2.436512 1.518024 0.916181 0.535799 0.303783 0.167131 0.089372 0.046598 0.023840 0.012120 0.006276 0.003452 0.002129 0.001528 0.001263 0.001149 0.001102 0.001083 0.001075 0.001072 0.001071 0.001070 0.001070 0.001069 0.001068 0.001066 0.001063 0.001056 0.001046 0.001030 0.001005 0.000968 0.000917 0.000846 0.000755 0.000641 0.000505 0.000349 0.000178 0.000000 
50.000000 42.141425 34.587596 27.607839 21.407499 16.111225 11.760049 8.320919 5.704893 3.789087 2.437765 1.519300 0.917473 0.537100 0.305090 0.168443 0.090686 0.047913 0.025154 0.013435 0.007591 0.004767 0.003444 0.002843 0.002578 0.002464 0.002417 0.002398 0.002390 0.002387 0.002386 0.002385 0.002385 0.002383 0.002381 0.002376 0.002369 0.002355 0.002333 0.002297 0.002242 0.002161 0.002046 0.001890 0.001687 0.001433 0.001128 0.000780 0.000399 0.000000 
50.000000 42.141870 34.588468 27.609105 21.409116 16.113141 11.762211 8.323274 5.707395 3.791697 2.440450 1.522037 0.920243 0.539892 0.307894 0.171254 0.093502 0.050731 0.027974 0.016255 0.010412 0.007588 0.006265 0.005664 0.005399 0.005285 0.005238 0.005219 0.005211 0.005208 0.005207 0.005206 0.005204 0.005202 0.005196 0.005187 0.005170 0.005141 0.005093 0.005016 0.004898 0.004723 0.004474 0.004135 0.003692 0.003137 0.002472 0.001710 0.000874 0.000000 
50.000000 42.142790 34.590273 27.611728 21.412464 16.117109 11.766686 8.328151 5.712577 3.797102 2.446012 1.527705 0.925981 0.545673 0.313703 0.177079 0.099335 0.056569 0.033815 0.022097 0.016254 0.013431 0.012108 0.011507 0.011242 0.011129 0.011081 0.011062 0.011055 0.011051 0.011050 0.011048 0.011045 0.011039 0.011029 0.011009 0.010974 0.010914 0.010814 0.010653 0.010405 0.010038 0.009514 0.008799 0.007861 0.006683 0.005269 0.003646 0.001865 0.000000 
50.000000 42.144637 34.593893 27.616987 21.419178 16.125065 11.775662 8.337931 5.722969 3.807941 2.457166 1.539073 0.937489 0.557270 0.325353 0.188760 0.111034 0.068278 0.045529 0.033814 0.027973 0.025150 0.023828 0.023227 0.022962 0.022848 0.022801 0.022782 0.022774 0.022770 0.022768 0.022765 0.022759 0.022748 0.022727 0.022688 0.022618 0.022497 0.022295 0.021970 0.021467 0.020719 0.019650 0.018184 0.016257 0.013832 0.010912 0.007554 0.003866 0.000000 
50.000000 42.148221 34.600922 27.627198 21.432214 16.140513 11.793090 8.356923 5.743148 3.828989 2.478827 1.561149 0.959837 0.579789 0.347977 0.211445 0.133754 0.091017 0.068278 0.056569 0.050730 0.047908 0.046586 0.045986 0.045721 0.045607 0.045560 0.045541 0.045533 0.045529 0.045525 0.045520 0.045509 0.045488 0.045447 0.045372 0.045236 0.045000 0.044606 0.043971 0.042983 0.041509 0.039394 0.036483 0.032644 0.027796 0.021946 0.015201 0.007782 0.000000 
50.000000 42.154956 34.614130 27.646385 21.456711 16.169542 11.825840 8.392612 5.781071 3.868546 2.519534 1.602638 1.001837 0.622112 0.390496 0.254080 0.176455 0.133754 0.111034 0.099334 0.093500 0.090681 0.089360 0.088760 0.088495 0.088382 0.088335 0.088315 0.088307 0.088302 0.088296 0.088286 0.088267 0.088227 0.088152 0.088011 0.087757 0.087315 0.086573 0.085370 0.083495 0.080683 0.076632 0.071033 0.063619 0.054225 0.042849 0.029702 0.015213 0.000000 
50.000000 42.167197 34.638136 27.681259 21.501235 16.222306 11.885370 8.457485 5.850005 3.940452 2.593534 1.678059 1.078188 0.699050 0.467792 0.331586 0.254080 0.211445 0.188760 0.177078 0.171253 0.168438 0.167119 0.166520 0.166256 0.166142 0.166095 0.166075 0.166066 0.166060 0.166051 0.166033 0.165998 0.165928 0.165793 0.165540 0.165082 0.164281 0.162931 0.160734 0.157292 0.152107 0.144601 0.134178 0.120311 0.102663 0.081211 0.056341 0.028874 0.000000 
50.000000 42.188704 34.680315 27.742534 21.579469 16.315019 11.989973 8.571479 5.971138 4.066808 2.723571 1.810596 1.212361 0.834256 0.603627 0.467792 0.390496 0.347976 0.325353 0.313702 0.307893 0.305086 0.303771 0.303173 0.302909 0.302796 0.302749 0.302728 0.302718 0.302709 0.302694 0.302665 0.302605 0.302485 0.302252 0.301814 0.301017 0.299620 0.297251 0.293380 0.287284 0.278050 0.264610 0.245839 0.220731 0.188613 0.149393 0.103752 0.053207 0.000000 
50.000000 42.225214 34.751916 27.846553 21.712278 16.472413 12.167554 8.765008 6.176790 4.281333 2.944349 2.035620 1.440166 1.063815 0.834256 0.699050 0.622112 0.579789 0.557269 0.545673 0.539890 0.537096 0.535787 0.535192 0.534929 0.534816 0.534769 0.534748 0.534736 0.534723 0.534700 0.534652 0.534553 0.534354 0.533968 0.533239 0.531908 0.529560 0.525562 0.518990 0.508583 0.492720 0.469482 0.436818 0.392841 0.336241 0.266741 0.185488 0.095205 0.000000 
50.000000 42.285061 34.869283 28.017062 21.929984 16.730421 12.458660 9.082263 6.513926 4.633019 3.306292 2.404529 1.813635 1.440166 1.212361 1.078188 1.001837 0.959837 0.937489 0.925981 0.920242 0.917468 0.916169 0.915579 0.915318 0.915206 0.915159 0.915137 0.915122 0.915104 0.915068 0.914993 0.914837 0.914522 0.913907 0.912742 0.910605 0.906818 0.900330 0.889601 0.872499 0.846247 0.807506 0.752634 0.678190 0.581665 0.462333 0.322020 0.165460 0.000000 
50.000000 42.379734 35.054953 28.286802 22.274391 17.138593 12.919202 9.584183 7.047307 5.189428 3.878936 2.988202 2.404529 2.035620 1.810596 1.678059 1.602638 1.561149 1.539073 1.527705 1.522035 1.519296 1.518012 1.517429 1.517171 1.517061 1.517013 1.516990 1.516972 1.516946 1.516892 1.516779 1.516543 1.516066 1.515128 1.513345 1.510059 1.504200 1.494101 1.477289 1.450288 1.408510 1.346325 1.257457 1.135785 0.976596 0.778137 0.543099 0.279444 0.000000 
50.000000 42.524194 35.338265 28.698400 22.799933 17.761445 13.621980 10.350115 7.861261 6.038538 4.752832 3.878936 3.306292 2.944349 2.723571 2.593534 2.519534 2.478827 2.457166 2.446011 2.440448 2.437760 2.436501 2.435928 2.435676 2.435566 2.435519 2.435494 2.435472 2.435436 2.435359 2.435196 2.434856 2.434164 2.432800 2.430191 2.425359 2.416690 2.401647 2.376416 2.335555 2.271751 2.175840 2.037321 1.845577 1.591931 1.272381 0.890437 0.459003 0.000000 
50.000000 42.736706 35.755040 29.303900 23.573065 18.677743 14.655875 11.476936 9.058750 7.287763 6.038538 5.189428 4.633019 4.281333 4.066808 3.940452 3.868546 3.828989 3.807941 3.797101 3.791695 3.789083 3.787859 3.787303 3.787057 3.786950 3.786903 3.786877 3.786850 3.786801 3.786697 3.786474 3.786006 3.785051 3.783159 3.779524 3.772750 3.760520 3.739140 3.702983 3.643882 3.550635 3.408854 3.201525 2.910716 2.520761 2.022920 1.420729 0.734183 0.000000 
50.000000 43.037951 36.345839 30.162233 24.669036 19.976681 16.121537 13.074354 10.756371 9.058750 7.861261 7.047307 6.513926 6.176790 5.971138 5.850005 5.781071 5.743148 5.722969 5.712576 5.707393 5.704889 5.703715 5.703182 5.702946 5.702843 5.702797 5.702769 5.702736 5.702674 5.702540 5.702250 5.701639 5.700388 5.697898 5.693088 5.684071 5.667679 5.638797 5.589510 5.508115 5.378185 5.178010 4.880977 4.457641 3.880318 3.130640 2.209400 1.145733 0.000000 
50.000000 43.449250 37.152481 31.334159 26.165437 21.750225 18.122748 15.255492 13.074354 11.476936 10.350115 9.584183 9.082263 8.765008 8.571479 8.457485 8.392612 8.356922 8.337931 8.328150 8.323272 8.320915 8.319810 8.319308 8.319086 8.318989 8.318944 8.318914 8.318876 8.318801 8.318637 8.318281 8.317528 8.315980 8.312884 8.306870 8.295526 8.274757 8.237858 8.174275 8.068083 7.896344 7.627746 7.222279 6.633160 5.812658 4.723515 3.356340 1.749404 0.000000 
50.000000 43.989904 38.212818 32.874674 28.132497 24.081620 20.753450 18.122748 16.121537 14.655875 13.621980 12.919202 12.458660 12.167554 11.989973 11.885370 11.825840 11.793090 11.775662 11.766686 11.762209 11.760046 11.759032 11.758571 11.758367 11.758277 11.758235 11.758205 11.758163 11.758077 11.757888 11.757478 11.756607 11.754807 11.751192 11.744133 11.730736 11.706026 11.661745 11.584660 11.454350 11.240561 10.900469 10.376725 9.597912 8.484299 6.963014 4.996736 2.624897 0.000000 
50.000000 44.673876 39.554236 34.823571 30.621031 27.031103 24.081620 21.750225 19.976681 18.677743 17.761445 17.138593 16.730421 16.472413 16.315019 16.222306 16.169542 16.140513 16.125065 16.117108 16.113140 16.111222 16.110323 16.109915 16.109733 16.109654 16.109615 16.109585 16.109542 16.109450 16.109248 16.108808 16.107869 16.105923 16.101996 16.094288 16.079571 16.052231 16.002808 15.915868 15.767027 15.519040 15.117065 14.483708 13.515551 12.085088 10.055885 7.323775 3.896767 0.000000 
50.000000 45.506347 41.186898 37.195616 33.649900 30.621031 28.132497 26.165437 24.669036 23.573065 22.799933 22.274391 21.929984 21.712278 21.579469 21.501235 21.456711 21.432214 21.419178 21.412464 21.409115 21.407496 21.406738 21.406393 21.406240 21.406172 21.406138 21.406111 21.406069 21.405980 21.405781 21.405346 21.404418 21.402486 21.398572 21.390856 21.376037 21.348319 21.297795 21.208002 21.052303 20.788718 20.352779 19.648197 18.535944 16.824950 14.274811 10.636955 5.786895 0.000000 
50.000000 46.480860 43.098141 39.972414 37.195616 34.823571 32.874674 31.334159 30.162233 29.303900 28.698400 28.286802 28.017062 27.846553 27.742534 27.681259 27.646385 27.627198 27.616987 27.611728 27.609105 27.607837 27.607243 27.606972 27.606852 27.606799 27.606772 27.606749 27.606713 27.606634 27.606459 27.606075 27.605252 27.603536 27.600048 27.593141 27.579812 27.554729 27.508664 27.426019 27.280981 27.031593 26.610643 25.911661 24.767686 22.920805 19.986207 15.440919 8.755902 0.000000 
50.000000 47.577824 45.249543 43.098141 41.186898 39.554236 38.212818 37.152481 36.345839 35.755040 35.338265 35.054953 34.869283 34.751916 34.680315 34.638136 34.614130 34.600922 34.593893 34.590273 34.588467 34.587594 34.587185 34.586999 34.586917 34.586880 34.586861 34.586844 34.586817 34.586759 34.586628 34.586339 34.585721 34.584429 34.581795 34.576563 34.566428 34.547264 34.511854 34.447827 34.334311 34.136439 33.796141 33.216082 32.230461 30.549943 27.657222 22.624771 13.918244 0.000000 
50.000000 48.764975 47.577824 46.480860 45.506347 44.673876 43.989904 43.449250 43.037951 42.736706 42.524194 42.379734 42.285061 42.225214 42.188704 42.167197 42.154956 42.148221 42.144637 42.142790 42.141870 42.141424 42.141216 42.141121 42.141079 42.141060 42.141050 42.141042 42.141027 42.140996 42.140925 42.140771 42.140438 42.139743 42.138323 42.135497 42.130010 42.119600 42.100290 42.065191 42.002523 41.892218 41.699846 41.365007 40.777109 39.719452 37.724959 33.659581 24.382487 0.000000 
50.000000 50.000000 50.000000 50.000000 50.000000 50.000000 50.000000 50.000000 50.000000 50.000000 50.000000 50.000000 50.000000 50.000000 50.000000 50.000000 50.000000 50.000000 50.000000 50.000000 50.000000 50.000000 50.000000 50.000000 50.000000 50.000000 50.000000 50.000000 50.000000 50.000000 50.000000 50.000000 50.000000 50.000000 50.000000 50.000000 50.000000 50.000000 50.000000 50.000000 50.000000 50.000000 50.000000 50.000000 50.000000 50.000000 50.000000 50.000000 50.000000 50.000000 
