50.000000 50.000000 50.000000 50.000000 50.000000 50.000000 50.000000 50.000000 50.000000 50.000000 50.000000 50.000000 50.000000 50.000000 50.000000 50.000000 50.000000 50.000000 50.000000 50.000000 50.000000 50.000000 50.000000 50.000000 50.000000 50.000000 50.000000 50.000000 50.000000 50.000000 50.000000 50.000000 50.000000 50.000000 50.000000 50.000000 50.000000 50.000000 50.000000 50.000000 50.000000 50.000000 50.000000 50.000000 50.000000 50.000000 50.000000 50.000000 50.000000 50.000000 
50.000000 48.727456 47.505738 46.379587 45.382791 44.535395 43.843331 43.300177 42.890375 42.593016 42.385410 42.245881 42.155561 42.099219 42.065329 42.045661 42.034643 42.028680 42.025561 42.023983 42.023210 42.022844 42.022676 42.022601 42.022568 42.022554 42.022547 42.022540 42.022529 42.022504 42.022446 42.022317 42.022035 42.021434 42.020189 42.017672 42.012711 42.003172 41.985247 41.952275 41.892753 41.786929 41.600704 41.273976 40.696376 39.651289 37.671545 33.622800 24.363728 0.000000 
50.000000 47.505738 45.111099 42.903781 40.950007 39.289072 37.932599 36.867999 36.064776 35.481949 35.075041 34.801565 34.624540 34.514111 34.447689 34.409143 34.387547 34.375861 34.369748 34.366655 34.365141 34.364423 34.364093 34.363946 34.363882 34.363854 34.363840 34.363828 34.363807 34.363760 34.363653 34.363413 34.362889 34.361775 34.359469 34.354818 34.345675 34.328148 34.295345 34.235321 34.127724 33.938286 33.609554 33.044761 32.078521 30.421660 27.556698 22.555550 13.882938 0.000000 
50.000000 46.379587 42.903781 39.699875 36.863998 34.453182 32.484297 30.939068 29.773227 28.927286 28.336688 27.939761 27.682828 27.522553 27.426150 27.370205 27.338864 27.321903 27.313031 27.308543 27.306346 27.305304 27.304825 27.304612 27.304519 27.304479 27.304459 27.304442 27.304413 27.304350 27.304208 27.303889 27.303194 27.301720 27.298676 27.292556 27.280572 27.257708 27.215177 27.137956 27.000941 26.762985 26.357714 25.679424 24.561720 22.746907 19.849938 15.347083 8.708042 0.000000 
50.000000 45.382791 40.950007 36.863998 33.247357 30.172822 27.661901 25.691286 24.204514 23.125715 22.372555 21.866381 21.538735 21.334353 21.211422 21.140085 21.100120 21.078494 21.067181 21.061458 21.058657 21.057328 21.056718 21.056446 21.056328 21.056277 21.056252 21.056232 21.056199 21.056128 21.055967 21.055608 21.054827 21.053176 21.049777 21.042970 21.029707 21.004557 20.958122 20.874605 20.728191 20.477835 20.060040 19.379408 18.297557 16.623679 14.117091 10.528347 5.731502 0.000000 
50.000000 44.535395 39.289072 34.453182 30.172822 26.534076 23.562398 21.230195 19.470634 18.193916 17.302591 16.703570 16.315831 16.073968 15.928495 15.844079 15.796788 15.771197 15.757811 15.751040 15.747725 15.746153 15.745431 15.745109 15.744970 15.744910 15.744881 15.744859 15.744825 15.744753 15.744591 15.744229 15.743444 15.741790 15.738399 15.731639 15.718544 15.693879 15.648717 15.568319 15.429155 15.194956 14.811895 14.203501 13.267038 11.875265 9.891462 7.210551 3.839019 0.000000 
50.000000 43.843331 37.932599 32.484297 27.661901 23.562398 20.214459 17.586989 15.604683 14.166363 13.162233 12.487412 12.050615 11.778156 11.614285 11.519193 11.465924 11.437098 11.422021 11.414394 11.410660 11.408890 11.408077 11.407714 11.407557 11.407490 11.407459 11.407436 11.407404 11.407337 11.407186 11.406852 11.406129 11.404610 11.401510 11.395362 11.383523 11.361386 11.321201 11.250405 11.129401 10.928870 10.606967 10.107229 9.358897 8.282494 6.804873 4.887838 2.569355 0.000000 
50.000000 43.300177 36.867999 30.939068 25.691286 21.230195 17.586989 14.727822 12.570738 11.005623 9.912990 9.178703 8.703424 8.406967 8.228665 8.125202 8.067244 8.035882 8.019479 8.011181 8.007119 8.005194 8.004309 8.003915 8.003744 8.003671 8.003638 8.003617 8.003588 8.003529 8.003399 8.003111 8.002492 8.001196 7.998562 7.993366 7.983423 7.964966 7.931747 7.873815 7.775985 7.616162 7.363911 6.980022 6.418300 5.631246 4.581355 3.258445 1.699474 0.000000 
50.000000 42.890375 36.064776 29.773227 24.204514 19.470634 15.604683 12.570738 10.281818 8.621069 7.461689 6.682558 6.178261 5.863709 5.674529 5.564755 5.503264 5.469991 5.452588 5.443785 5.439476 5.437433 5.436495 5.436077 5.435896 5.435819 5.435785 5.435764 5.435740 5.435692 5.435586 5.435354 5.434856 5.433819 5.431720 5.427602 5.419770 5.405334 5.379568 5.335065 5.260750 5.140909 4.954575 4.675813 4.275677 3.726679 3.010242 2.126491 1.103446 0.000000 
50.000000 42.593016 35.481949 28.927286 23.125715 18.193916 14.166363 11.005623 8.621069 6.890952 5.683161 4.871508 4.346169 4.018498 3.821431 3.707083 3.643030 3.608372 3.590245 3.581077 3.576588 3.574461 3.573483 3.573048 3.572860 3.572780 3.572745 3.572726 3.572706 3.572669 3.572588 3.572411 3.572034 3.571250 3.569671 3.566591 3.560766 3.550104 3.531223 3.498901 3.445476 3.360320 3.229638 3.036962 2.764761 2.397524 1.926345 1.354225 0.700263 0.000000 
50.000000 42.385410 35.075041 28.336688 22.372555 17.302591 13.162233 9.912990 7.461689 5.683161 4.441588 3.607243 3.067224 2.730402 2.527833 2.410295 2.344457 2.308833 2.290202 2.280778 2.276164 2.273978 2.272973 2.272526 2.272332 2.272251 2.272216 2.272198 2.272182 2.272155 2.272096 2.271968 2.271697 2.271135 2.270010 2.267824 2.263715 2.256241 2.243102 2.220794 2.184260 2.126624 2.039175 1.911827 1.734272 1.497950 1.198732 0.839720 0.433135 0.000000 
50.000000 42.245881 34.801565 27.939761 21.866381 16.703570 12.487412 9.178703 6.682558 4.871508 3.607243 2.757657 2.207780 1.864813 1.658551 1.538872 1.471835 1.435563 1.416593 1.406998 1.402301 1.400075 1.399052 1.398597 1.398400 1.398317 1.398282 1.398265 1.398253 1.398233 1.398192 1.398105 1.397919 1.397536 1.396772 1.395296 1.392535 1.387544 1.378828 1.364141 1.340285 1.302989 1.246956 1.166210 1.054853 0.908260 0.724584 0.506220 0.260634 0.000000 
50.000000 42.155561 34.624540 27.682828 21.538735 16.315831 12.050615 8.703424 6.178261 4.346169 3.067224 2.207780 1.651527 1.304586 1.095936 0.974873 0.907061 0.870371 0.851182 0.841476 0.836725 0.834473 0.833439 0.832978 0.832779 0.832696 0.832661 0.832645 0.832635 0.832621 0.832594 0.832537 0.832416 0.832167 0.831672 0.830720 0.828948 0.825763 0.820236 0.810983 0.796065 0.772927 0.738458 0.689229 0.621952 0.534178 0.425119 0.296392 0.152389 0.000000 
50.000000 42.099219 34.514111 27.522553 21.334353 16.073968 11.778156 8.406967 5.863709 4.018498 2.730402 1.864813 1.304586 0.955168 0.745031 0.623106 0.554812 0.517860 0.498535 0.488761 0.483976 0.481708 0.480667 0.480203 0.480002 0.479918 0.479883 0.479869 0.479860 0.479851 0.479834 0.479798 0.479722 0.479567 0.479260 0.478673 0.477584 0.475637 0.472277 0.466687 0.457732 0.443939 0.423543 0.394633 0.355424 0.304646 0.241981 0.168436 0.086507 0.000000 
50.000000 42.065329 34.447689 27.426150 21.211422 15.928495 11.614285 8.228665 5.674529 3.821431 2.527833 1.658551 1.095936 0.745031 0.534001 0.411557 0.342973 0.305865 0.286459 0.276643 0.271838 0.269561 0.268515 0.268049 0.267848 0.267763 0.267729 0.267714 0.267707 0.267701 0.267690 0.267668 0.267623 0.267531 0.267348 0.267000 0.266359 0.265217 0.263255 0.260009 0.254840 0.246927 0.235299 0.218923 0.196856 0.168453 0.133594 0.092871 0.047657 0.000000 
50.000000 42.045661 34.409143 27.370205 21.140085 15.844079 11.519193 8.125202 5.564755 3.707083 2.410295 1.538872 0.974873 0.623106 0.411557 0.288814 0.220062 0.182863 0.163410 0.153570 0.148753 0.146470 0.145422 0.144955 0.144753 0.144669 0.144634 0.144620 0.144614 0.144609 0.144603 0.144590 0.144564 0.144511 0.144407 0.144209 0.143846 0.143201 0.142100 0.140286 0.137412 0.133035 0.126640 0.117684 0.105680 0.090308 0.071529 0.049673 0.025473 0.000000 
50.000000 42.034643 34.387547 27.338864 21.100121 15.796788 11.465924 8.067244 5.503264 3.643030 2.344457 1.471835 0.907061 0.554812 0.342973 0.220062 0.151217 0.113967 0.094487 0.084634 0.079811 0.077525 0.076475 0.076007 0.075805 0.075721 0.075686 0.075672 0.075666 0.075663 0.075659 0.075652 0.075638 0.075608 0.075551 0.075443 0.075245 0.074895 0.074299 0.073322 0.071781 0.069445 0.066048 0.061314 0.054998 0.046945 0.037144 0.025772 0.013209 0.000000 
50.000000 42.028680 34.375861 27.321903 21.078494 15.771197 11.437098 8.035882 5.469991 3.608372 2.308833 1.435563 0.870371 0.517860 0.305865 0.182863 0.113967 0.076690 0.057196 0.047336 0.042509 0.040221 0.039171 0.038703 0.038501 0.038416 0.038381 0.038368 0.038362 0.038359 0.038357 0.038353 0.038345 0.038330 0.038300 0.038242 0.038138 0.037955 0.037644 0.037136 0.036338 0.035134 0.033390 0.030969 0.027753 0.023666 0.018709 0.012972 0.006645 0.000000 
50.000000 42.025561 34.369748 27.313031 21.067181 15.757811 11.422021 8.019479 5.452588 3.590246 2.290202 1.416593 0.851182 0.498535 0.286459 0.163410 0.094487 0.057196 0.037694 0.027830 0.023002 0.020713 0.019662 0.019194 0.018992 0.018907 0.018872 0.018859 0.018853 0.018851 0.018849 0.018847 0.018843 0.018835 0.018820 0.018791 0.018738 0.018645 0.018489 0.018234 0.017834 0.017234 0.016368 0.015170 0.013583 0.011573 0.009142 0.006335 0.003244 0.000000 
50.000000 42.023983 34.366655 27.308543 21.061459 15.751040 11.414394 8.011182 5.443786 3.581077 2.280778 1.406998 0.841477 0.488761 0.276643 0.153570 0.084634 0.047336 0.027830 0.017964 0.013135 0.010846 0.009795 0.009327 0.009124 0.009040 0.009005 0.008991 0.008986 0.008984 0.008983 0.008982 0.008980 0.008976 0.008968 0.008954 0.008928 0.008883 0.008806 0.008682 0.008489 0.008200 0.007783 0.007208 0.006450 0.005492 0.004336 0.003003 0.001537 0.000000 
50.000000 42.023211 34.365141 27.306346 21.058657 15.747726 11.410661 8.007120 5.439477 3.576589 2.276165 1.402302 0.836726 0.483977 0.271839 0.148755 0.079812 0.042510 0.023003 0.013136 0.008306 0.006017 0.004966 0.004497 0.004295 0.004210 0.004176 0.004162 0.004157 0.004155 0.004154 0.004153 0.004152 0.004150 0.004147 0.004140 0.004128 0.004106 0.004070 0.004012 0.003921 0.003786 0.003592 0.003325 0.002973 0.002530 0.001996 0.001382 0.000707 0.000000 
50.000000 42.022845 34.364424 27.305305 21.057330 15.746155 11.408892 8.005196 5.437436 3.574463 2.273981 1.400078 0.834476 0.481711 0.269564 0.146474 0.077528 0.040224 0.020716 0.010849 0.006019 0.003730 0.002678 0.002210 0.002008 0.001923 0.001888 0.001875 0.001869 0.001867 0.001867 0.001866 0.001866 0.001865 0.001863 0.001860 0.001854 0.001844 0.001828 0.001801 0.001760 0.001699 0.001611 0.001491 0.001332 0.001133 0.000894 0.000618 0.000316 0.000000 
50.000000 42.022677 34.364096 27.304829 21.056723 15.745437 11.408083 8.004316 5.436502 3.573491 2.272981 1.399060 0.833447 0.480675 0.268523 0.145430 0.076483 0.039179 0.019670 0.009803 0.004973 0.002683 0.001632 0.001164 0.000961 0.000877 0.000842 0.000828 0.000823 0.000821 0.000820 0.000820 0.000820 0.000819 0.000819 0.000817 0.000815 0.000810 0.000803 0.000791 0.000773 0.000746 0.000707 0.000654 0.000584 0.000496 0.000391 0.000271 0.000139 0.000000 
50.000000 42.022605 34.363953 27.304622 21.056459 15.745125 11.407732 8.003934 5.436097 3.573069 2.272547 1.398618 0.833000 0.480225 0.268071 0.144977 0.076029 0.038725 0.019216 0.009348 0.004518 0.002229 0.001177 0.000709 0.000507 0.000422 0.000388 0.000374 0.000369 0.000367 0.000366 0.000366 0.000365 0.000365 0.000365 0.000364 0.000363 0.000361 0.000358 0.000352 0.000344 0.000332 0.000315 0.000291 0.000260 0.000221 0.000174 0.000120 0.000062 0.000000 
50.000000 42.022578 34.363901 27.304546 21.056362 15.745010 11.407602 8.003793 5.435947 3.572913 2.272387 1.398455 0.832835 0.480059 0.267904 0.144810 0.075862 0.038557 0.019048 0.009181 0.004351 0.002061 0.001010 0.000541 0.000339 0.000254 0.000220 0.000206 0.000201 0.000199 0.000198 0.000198 0.000198 0.000198 0.000197 0.000197 0.000197 0.000195 0.000194 0.000191 0.000186 0.000180 0.000170 0.000157 0.000140 0.000119 0.000094 0.000065 0.000033 0.000000 
50.000000 42.022578 34.363901 27.304546 21.056362 15.745010 11.407602 8.003793 5.435947 3.572913 2.272387 1.398455 0.832835 0.480059 0.267904 0.144810 0.075862 0.038557 0.019048 0.009181 0.004351 0.002061 0.001010 0.000541 0.000339 0.000254 0.000220 0.000206 0.000201 0.000199 0.000198 0.000198 0.000198 0.000198 0.000197 0.000197 0.000197 0.000195 0.000194 0.000191 0.000186 0.000180 0.000170 0.000157 0.000140 0.000119 0.000094 0.000065 0.000033 0.000000 
50.000000 42.022605 34.363953 27.304622 21.056459 15.745125 11.407732 8.003934 5.436097 3.573069 2.272547 1.398618 0.833000 0.480225 0.268071 0.144977 0.076029 0.038725 0.019216 0.009348 0.004518 0.002229 0.001177 0.000709 0.000507 0.000422 0.000388 0.000374 0.000369 0.000367 0.000366 0.000366 0.000365 0.000365 0.000365 0.000364 0.000363 0.000361 0.000358 0.000352 0.000344 0.000332 0.000315 0.000291 0.000260 0.000221 0.000174 0.000120 0.000062 0.000000 
50.000000 42.022677 34.364096 27.304829 21.056723 15.745437 11.408083 8.004316 5.436502 3.573491 2.272981 1.399060 0.833447 0.480675 0.268523 0.145430 0.076483 0.039179 0.019670 0.009803 0.004973 0.002683 0.001632 0.001164 0.000961 0.000877 0.000842 0.000828 0.000823 0.000821 0.000820 0.000820 0.000820 0.000819 0.000819 0.000817 0.000815 0.000810 0.000803 0.000791 0.000773 0.000746 0.000707 0.000654 0.000584 0.000496 0.000391 0.000271 0.000139 0.000000 
50.000000 42.022845 34.364424 27.305305 21.057330 15.746155 11.408892 8.005196 5.437436 3.574463 2.273981 1.400078 0.834476 0.481711 0.269564 0.146474 0.077528 0.040224 0.020716 0.010849 0.006019 0.003730 0.002678 0.002210 0.002008 0.001923 0.001888 0.001875 0.001869 0.001867 0.001867 0.001866 0.001866 0.001865 0.001863 0.001860 0.001854 0.001844 0.001828 0.001801 0.001760 0.001699 0.001611 0.001491 0.001332 0.001133 0.000894 0.000618 0.000316 0.000000 
50.000000 42.023211 34.365141 27.306346 21.058657 15.747726 11.410661 8.007120 5.439477 3.576589 2.276165 1.402302 0.836726 0.483977 0.271839 0.148755 0.079812 0.042510 0.023003 0.013136 0.008306 0.006017 0.004966 0.004497 0.004295 0.004210 0.004176 0.004162 0.004157 0.004155 0.004154 0.004153 0.004152 0.004150 0.004147 0.004140 0.004128 0.004106 0.004070 0.004012 0.003921 0.003786 0.003592 0.003325 0.002973 0.002530 0.001996 0.001382 0.000707 0.000000 
50.000000 42.023983 34.366655 27.308543 21.061459 15.751040 11.414394 8.011182 5.443786 3.581077 2.280778 1.406998 0.841477 0.488761 0.276643 0.153570 0.084634 0.047336 0.027830 0.017964 0.013135 0.010846 0.009795 0.009327 0.009124 0.009040 0.009005 0.008991 0.008986 0.008984 0.008983 0.008982 0.008980 0.008976 0.008968 0.008954 0.008928 0.008883 0.008806 0.008682 0.008489 0.008200 0.007783 0.007208 0.006450 0.005492 0.004336 0.003003 0.001537 0.000000 
50.000000 42.025561 34.369748 27.313031 21.067181 15.757811 11.422021 8.019479 5.452588 3.590246 2.290202 1.416593 0.851182 0.498535 0.286459 0.163410 0.094487 0.057196 0.037694 0.027830 0.023002 0.020713 0.019662 0.019194 0.018992 0.018907 0.018872 0.018859 0.018853 0.018851 0.018849 0.018847 0.018843 0.018835 0.018820 0.018791 0.018738 0.018645 0.018489 0.018234 0.017834 0.017234 0.016368 0.015170 0.013583 0.011573 0.009142 0.006335 0.003244 0.000000 
50.000000 42.028680 34.375861 27.321903 21.078494 15.771197 11.437098 8.035882 5.469991 3.608372 2.308833 1.435563 0.870371 0.517860 0.305865 0.182863 0.113967 0.076690 0.057196 0.047336 0.042509 0.040221 0.039171 0.038703 0.038501 0.038416 0.038381 0.038368 0.038362 0.038359 0.038357 0.038353 0.038345 0.038330 0.038300 0.038242 0.038138 0.037955 0.037644 0.037136 0.036338 0.035134 0.033390 0.030969 0.027753 0.023666 0.018709 0.012972 0.006645 0.000000 
50.000000 42.034643 34.387547 27.338864 21.100121 15.796788 11.465924 8.067244 5.503264 3.643030 2.344457 1.471835 0.907061 0.554812 0.342973 0.220062 0.151217 0.113967 0.094487 0.084634 0.079811 0.077525 0.076475 0.076007 0.075805 0.075721 0.075686 0.075672 0.075666 0.075663 0.075659 0.075652 0.075638 0.075608 0.075551 0.075443 0.075245 0.074895 0.074299 0.073322 0.071781 0.069445 0.066048 0.061314 0.054998 0.046945 0.037144 0.025772 0.013209 0.000000 
50.000000 42.045661 34.409143 27.370205 21.140085 15.844079 11.519193 8.125202 5.564755 3.707083 2.410295 1.538872 0.974873 0.623106 0.411557 0.288814 0.220062 0.182863 0.163410 0.153570 0.148753 0.146470 0.145422 0.144955 0.144753 0.144669 0.144634 0.144620 0.144614 0.144609 0.144603 0.144590 0.144564 0.144511 0.144407 0.144209 0.143846 0.143201 0.142100 0.140286 0.137412 0.133035 0.126640 0.117684 0.105680 0.090308 0.071529 0.049673 0.025473 0.000000 
50.000000 42.065329 34.447689 27.426150 21.211422 15.928495 11.614285 8.228665 5.674529 3.821431 2.527833 1.658551 1.095936 0.745031 0.534001 0.411557 0.342973 0.305865 0.286459 0.276643 0.271838 0.269561 0.268515 0.268049 0.267848 0.267763 0.267729 0.267714 0.267707 0.267701 0.267690 0.267668 0.267623 0.267531 0.267348 0.267000 0.266359 0.265217 0.263255 0.260009 0.254840 0.246927 0.235299 0.218923 0.196856 0.168453 0.133594 0.092871 0.047657 0.000000 
50.000000 42.099219 34.514111 27.522553 21.334353 16.073968 11.778156 8.406967 5.863709 4.018498 2.730402 1.864813 1.304586 0.955168 0.745031 0.623106 0.554812 0.517860 0.498535 0.488761 0.483976 0.481708 0.480667 0.480203 0.480002 0.479918 0.479883 0.479869 0.479860 0.479851 0.479834 0.479798 0.479722 0.479567 0.479260 0.478673 0.477584 0.475637 0.472277 0.466687 0.457732 0.443939 0.423543 0.394633 0.355424 0.304646 0.241981 0.168436 0.086507 0.000000 
50.000000 42.155561 34.624540 27.682828 21.538735 16.315831 12.050615 8.703424 6.178261 4.346169 3.067224 2.207780 1.651527 1.304586 1.095936 0.974873 0.907061 0.870371 0.851182 0.841476 0.836725 0.834473 0.833439 0.832978 0.832779 0.832696 0.832661 0.832645 0.832635 0.832621 0.832594 0.832537 0.832416 0.832167 0.831672 0.830720 0.828948 0.825763 0.820236 0.810983 0.796065 0.772927 0.738458 0.689229 0.621952 0.534178 0.425119 0.296392 0.152389 0.000000 
50.000000 42.245881 34.801565 27.939761 21.866381 16.703570 12.487412 9.178703 6.682558 4.871508 3.607243 2.757657 2.207780 1.864813 1.658551 1.538872 1.471835 1.435563 1.416593 1.406998 1.402301 1.400075 1.399052 1.398597 1.398400 1.398317 1.398282 1.398265 1.398253 1.398233 1.398192 1.398105 1.397919 1.397536 1.396772 1.395296 1.392535 1.387544 1.378828 1.364141 1.340285 1.302989 1.246956 1.166210 1.054853 0.908260 0.724584 0.506220 0.260634 0.000000 
50.000000 42.385410 35.075041 28.336688 22.372555 17.302591 13.162233 9.912990 7.461689 5.683161 4.441588 3.607243 3.067224 2.730402 2.527833 2.410295 2.344457 2.308833 2.290202 2.280778 2.276164 2.273978 2.272973 2.272526 2.272332 2.272251 2.272216 2.272198 2.272182 2.272155 2.272096 2.271968 2.271697 2.271135 2.270010 2.267824 2.263715 2.256241 2.243102 2.220794 2.184260 2.126624 2.039175 1.911827 1.734272 1.497950 1.198732 0.839720 0.433135 0.000000 
50.000000 42.593016 35.481949 28.927286 23.125715 18.193916 14.166363 11.005623 8.621069 6.890952 5.683161 4.871508 4.346169 4.018498 3.821431 3.707083 3.643030 3.608372 3.590245 3.581077 3.576588 3.574461 3.573483 3.573048 3.572860 3.572780 3.572745 3.572726 3.572706 3.572669 3.572588 3.572411 3.572034 3.571250 3.569671 3.566591 3.560766 3.550104 3.531223 3.498901 3.445476 3.360320 3.229638 3.036962 2.764761 2.397524 1.926345 1.354225 0.700263 0.000000 
50.000000 42.890375 36.064776 29.773227 24.204514 19.470634 15.604683 12.570738 10.281818 8.621069 7.461689 6.682558 6.178261 5.863709 5.674529 5.564755 5.503264 5.469991 5.452588 5.443785 5.439476 5.437433 5.436495 5.436077 5.435896 5.435819 5.435785 5.435764 5.435740 5.435692 5.435586 5.435354 5.434856 5.433819 5.431720 5.427602 5.419770 5.405334 5.379568 5.335065 5.260750 5.140909 4.954575 4.675813 4.275677 3.726679 3.010242 2.126491 1.103446 0.000000 
50.000000 43.300177 36.867999 30.939068 25.691286 21.230195 17.586989 14.727822 12.570738 11.005623 9.912990 9.178703 8.703424 8.406967 8.228665 8.125202 8.067244 8.035882 8.019479 8.011181 8.007119 8.005194 8.004309 8.003915 8.003744 8.003671 8.003638 8.003617 8.003588 8.003529 8.003399 8.003111 8.002492 8.001196 7.998562 7.993366 7.983423 7.964966 7.931747 7.873815 7.775985 7.616162 7.363911 6.980022 6.418300 5.631246 4.581355 3.258445 1.699474 0.000000 
50.000000 43.843331 37.932599 32.484297 27.661901 23.562398 20.214459 17.586989 15.604683 14.166363 13.162233 12.487412 12.050615 11.778156 11.614285 11.519193 11.465924 11.437098 11.422021 11.414394 11.410660 11.408890 11.408077 11.407714 11.407557 11.407490 11.407459 11.407436 11.407404 11.407337 11.407186 11.406852 11.406129 11.404610 11.401510 11.395362 11.383523 11.361386 11.321201 11.250405 11.129401 10.928870 10.606967 10.107229 9.358897 8.282494 6.804873 4.887838 2.569355 0.000000 
50.000000 44.535395 39.289072 34.453182 30.172822 26.534076 23.562398 21.230195 19.470634 18.193916 17.302591 16.703570 16.315831 16.073968 15.928495 15.844079 15.796788 15.771197 15.757811 15.751040 15.747725 15.746153 15.745431 15.745109 15.744970 15.744910 15.744881 15.744859 15.744825 15.744753 15.744591 15.744229 15.743444 15.741790 15.738399 15.731639 15.718544 15.693879 15.648717 15.568319 15.429155 15.194956 14.811895 14.203501 13.267038 11.875265 9.891462 7.210551 3.839019 0.000000 
50.000000 45.382791 40.950007 36.863998 33.247357 30.172822 27.661901 25.691286 24.204514 23.125715 22.372555 21.866381 21.538735 21.334353 21.211422 21.140085 21.100120 21.078494 21.067181 21.061458 21.058657 21.057328 21.056718 21.056446 21.056328 21.056277 21.056252 21.056232 21.056199 21.056128 21.055967 21.055608 21.054827 21.053176 21.049777 21.042970 21.029707 21.004557 20.958122 20.874605 20.728191 20.477835 20.060040 19.379408 18.297557 16.623679 14.117091 10.528347 5.731502 0.000000 
50.000000 46.379587 42.903781 39.699875 36.863998 34.453182 32.484297 30.939068 29.773227 28.927286 28.336688 27.939761 27.682828 27.522553 27.426150 27.370205 27.338864 27.321903 27.313031 27.308543 27.306346 27.305304 27.304825 27.304612 27.304519 27.304479 27.304459 27.304442 27.304413 27.304350 27.304208 27.303889 27.303194 27.301720 27.298676 27.292556 27.280572 27.257708 27.215177 27.137956 27.000941 26.762985 26.357714 25.679424 24.561720 22.746907 19.849938 15.347083 8.708042 0.000000 
50.000000 47.505738 45.111099 42.903781 40.950007 39.289072 37.932599 36.867999 36.064776 35.481949 35.075041 34.801565 34.624540 34.514111 34.447689 34.409143 34.387547 34.375861 34.369748 34.366655 34.365141 34.364423 34.364093 34.363946 34.363882 34.363854 34.363840 34.363828 34.363807 34.363760 34.363653 34.363413 34.362889 34.361775 34.359469 34.354818 34.345675 34.328148 34.295345 34.235321 34.127724 33.938286 33.609554 33.044761 32.078521 30.421660 27.556698 22.555550 13.882938 0.000000 
50.000000 48.727456 47.505738 46.379587 45.382791 44.535395 43.843331 43.300177 42.890375 42.593016 42.385410 42.245881 42.155561 42.099219 42.065329 42.045661 42.034643 42.028680 42.025561 42.023983 42.023210 42.022844 42.022676 42.022601 42.022568 42.022554 42.022547 42.022540 42.022529 42.022504 42.022446 42.022317 42.022035 42.021434 42.020189 42.017672 42.012711 42.003172 41.985247 41.952275 41.892753 41.786929 41.600704 41.273976 40.696376 39.651289 37.671545 33.622800 24.363728 0.000000 
50.000000 50.000000 50.000000 50.000000 50.000000 50.000000 50.000000 50.000000 50.000000 50.000000 50.000000 50.000000 50.000000 50.000000 50.000000 50.000000 50.000000 50.000000 50.000000 50.000000 50.000000 50.000000 50.000000 50.000000 50.000000 50.000000 50.000000 50.000000 50.000000 50.000000 50.000000 50.000000 50.000000 50.000000 50.000000 50.000000 50.000000 50.000000 50.000000 50.000000 50.000000 50.000000 50.000000 50.000000 50.000000 50.000000 50.000000 50.000000 50.000000 50.000000 
