50.000000 50.000000 50.000000 50.000000 50.000000 50.000000 50.000000 50.000000 50.000000 50.000000 50.000000 50.000000 50.000000 50.000000 50.000000 50.000000 50.000000 50.000000 50.000000 50.000000 50.000000 50.000000 50.000000 50.000000 50.000000 50.000000 50.000000 50.000000 50.000000 50.000000 50.000000 50.000000 50.000000 50.000000 50.000000 50.000000 50.000000 50.000000 50.000000 50.000000 50.000000 50.000000 50.000000 50.000000 50.000000 50.000000 50.000000 50.000000 50.000000 50.000000 
50.000000 39.573682 32.470407 28.978583 27.667270 27.273871 27.176361 27.155875 27.152155 27.151562 27.151478 27.151467 27.151466 27.151466 27.151466 27.151466 27.151466 27.151466 27.151466 27.151466 27.151466 27.151466 27.151466 27.151466 27.151466 27.151466 27.151466 27.151466 27.151466 27.151466 27.151466 27.151466 27.151466 27.151466 27.151466 27.151466 27.151466 27.151466 27.151465 27.151465 27.151460 27.151416 27.151091 27.148913 27.135807 27.065434 26.729292 25.297605 19.786841 0.000000 
50.000000 32.470407 20.533054 14.669079 12.468856 11.809423 11.646143 11.611879 11.605663 11.604673 11.604532 11.604515 11.604513 11.604512 11.604512 11.604512 11.604512 11.604512 11.604512 11.604512 11.604512 11.604512 11.604512 11.604512 11.604512 11.604512 11.604512 11.604512 11.604512 11.604512 11.604512 11.604512 11.604512 11.604512 11.604512 11.604512 11.604512 11.604512 11.604512 11.604512 11.604507 11.604465 11.604163 11.602175 11.590562 11.530955 11.266042 10.266527 7.172802 0.000000 
50.000000 28.978583 14.669079 7.644362 5.010687 4.222033 4.026939 3.986037 3.978625 3.977446 3.977279 3.977258 3.977255 3.977255 3.977255 3.977255 3.977255 3.977255 3.977255 3.977255 3.977255 3.977255 3.977255 3.977255 3.977255 3.977255 3.977255 3.977255 3.977255 3.977255 3.977255 3.977255 3.977255 3.977255 3.977255 3.977255 3.977255 3.977255 3.977255 3.977254 3.977252 3.977231 3.977076 3.976077 3.970368 3.942026 3.822181 3.403037 2.249291 0.000000 
50.000000 27.667270 12.468856 5.010687 2.215838 1.379361 1.172552 1.129219 1.121371 1.120123 1.119947 1.119924 1.119922 1.119921 1.119921 1.119921 1.119921 1.119921 1.119921 1.119921 1.119921 1.119921 1.119921 1.119921 1.119921 1.119921 1.119921 1.119921 1.119921 1.119921 1.119921 1.119921 1.119921 1.119921 1.119921 1.119921 1.119921 1.119921 1.119921 1.119921 1.119920 1.119913 1.119858 1.119505 1.117524 1.107919 1.068661 0.937901 0.601836 0.000000 
50.000000 27.273871 11.809423 4.222033 1.379361 0.528768 0.318521 0.274479 0.266505 0.265237 0.265058 0.265035 0.265032 0.265032 0.265032 0.265032 0.265032 0.265032 0.265032 0.265032 0.265032 0.265032 0.265032 0.265032 0.265032 0.265032 0.265032 0.265032 0.265032 0.265032 0.265032 0.265032 0.265032 0.265032 0.265032 0.265032 0.265032 0.265032 0.265032 0.265032 0.265032 0.265030 0.265015 0.264918 0.264384 0.261837 0.251666 0.218861 0.138064 0.000000 
50.000000 27.176361 11.646143 4.026939 1.172552 0.318521 0.107441 0.063229 0.055224 0.053952 0.053772 0.053749 0.053746 0.053746 0.053746 0.053746 0.053746 0.053746 0.053746 0.053746 0.053746 0.053746 0.053746 0.053746 0.053746 0.053746 0.053746 0.053746 0.053746 0.053746 0.053746 0.053746 0.053746 0.053746 0.053746 0.053746 0.053746 0.053746 0.053746 0.053746 0.053746 0.053745 0.053742 0.053721 0.053603 0.053047 0.050862 0.043968 0.027448 0.000000 
50.000000 27.155875 11.611879 3.986037 1.129219 0.274479 0.063229 0.018982 0.010971 0.009697 0.009517 0.009495 0.009492 0.009492 0.009492 0.009492 0.009492 0.009492 0.009492 0.009492 0.009492 0.009492 0.009492 0.009492 0.009492 0.009492 0.009492 0.009492 0.009492 0.009492 0.009492 0.009492 0.009492 0.009492 0.009492 0.009492 0.009492 0.009492 0.009492 0.009492 0.009492 0.009492 0.009491 0.009487 0.009465 0.009362 0.008961 0.007716 0.004784 0.000000 
50.000000 27.152155 11.605663 3.978625 1.121371 0.266505 0.055224 0.010971 0.002959 0.001685 0.001505 0.001482 0.001480 0.001479 0.001479 0.001479 0.001479 0.001479 0.001479 0.001479 0.001479 0.001479 0.001479 0.001479 0.001479 0.001479 0.001479 0.001479 0.001479 0.001479 0.001479 0.001479 0.001479 0.001479 0.001479 0.001479 0.001479 0.001479 0.001479 0.001479 0.001479 0.001479 0.001479 0.001479 0.001475 0.001459 0.001395 0.001197 0.000739 0.000000 
50.000000 27.151562 11.604673 3.977446 1.120123 0.265237 0.053952 0.009697 0.001685 0.000412 0.000232 0.000209 0.000206 0.000206 0.000206 0.000206 0.000206 0.000206 0.000206 0.000206 0.000206 0.000206 0.000206 0.000206 0.000206 0.000206 0.000206 0.000206 0.000206 0.000206 0.000206 0.000206 0.000206 0.000206 0.000206 0.000206 0.000206 0.000206 0.000206 0.000206 0.000206 0.000206 0.000206 0.000206 0.000205 0.000203 0.000194 0.000166 0.000102 0.000000 
50.000000 27.151478 11.604532 3.977279 1.119947 0.265058 0.053772 0.009517 0.001505 0.000232 0.000052 0.000029 0.000026 0.000026 0.000026 0.000026 0.000026 0.000026 0.000026 0.000026 0.000026 0.000026 0.000026 0.000026 0.000026 0.000026 0.000026 0.000026 0.000026 0.000026 0.000026 0.000026 0.000026 0.000026 0.000026 0.000026 0.000026 0.000026 0.000026 0.000026 0.000026 0.000026 0.000026 0.000026 0.000026 0.000025 0.000024 0.000021 0.000013 0.000000 
50.000000 27.151467 11.604515 3.977258 1.119924 0.265035 0.053749 0.009495 0.001482 0.000209 0.000029 0.000006 0.000003 0.000003 0.000003 0.000003 0.000003 0.000003 0.000003 0.000003 0.000003 0.000003 0.000003 0.000003 0.000003 0.000003 0.000003 0.000003 0.000003 0.000003 0.000003 0.000003 0.000003 0.000003 0.000003 0.000003 0.000003 0.000003 0.000003 0.000003 0.000003 0.000003 0.000003 0.000003 0.000003 0.000003 0.000003 0.000002 0.000001 0.000000 
50.000000 27.151466 11.604513 3.977255 1.119922 0.265032 0.053746 0.009492 0.001480 0.000206 0.000026 0.000003 0.000001 0.000000 0.000000 0.000000 0.000000 0.000000 0.000000 0.000000 0.000000 0.000000 0.000000 0.000000 0.000000 0.000000 0.000000 0.000000 0.000000 0.000000 0.000000 0.000000 0.000000 0.000000 0.000000 0.000000 0.000000 0.000000 0.000000 0.000000 0.000000 0.000000 0.000000 0.000000 0.000000 0.000000 0.000000 0.000000 0.000000 0.000000 
50.000000 27.151466 11.604512 3.977255 1.119921 0.265032 0.053746 0.009492 0.001479 0.000206 0.000026 0.000003 0.000000 0.000000 0.000000 0.000000 0.000000 0.000000 0.000000 0.000000 0.000000 0.000000 0.000000 0.000000 0.000000 0.000000 0.000000 0.000000 0.000000 0.000000 0.000000 0.000000 0.000000 0.000000 0.000000 0.000000 0.000000 0.000000 0.000000 0.000000 0.000000 0.000000 0.000000 0.000000 0.000000 0.000000 0.000000 0.000000 0.000000 0.000000 
50.000000 27.151466 11.604512 3.977255 1.119921 0.265032 0.053746 0.009492 0.001479 0.000206 0.000026 0.000003 0.000000 0.000000 0.000000 0.000000 0.000000 0.000000 0.000000 0.000000 0.000000 0.000000 0.000000 0.000000 0.000000 0.000000 0.000000 0.000000 0.000000 0.000000 0.000000 0.000000 0.000000 0.000000 0.000000 0.000000 0.000000 0.000000 0.000000 0.000000 0.000000 0.000000 0.000000 0.000000 0.000000 0.000000 0.000000 0.000000 0.000000 0.000000 
50.000000 27.151466 11.604512 3.977255 1.119921 0.265032 0.053746 0.009492 0.001479 0.000206 0.000026 0.000003 0.000000 0.000000 0.000000 0.000000 0.000000 0.000000 0.000000 0.000000 0.000000 0.000000 0.000000 0.000000 0.000000 0.000000 0.000000 0.000000 0.000000 0.000000 0.000000 0.000000 0.000000 0.000000 0.000000 0.000000 0.000000 0.000000 0.000000 0.000000 0.000000 0.000000 0.000000 0.000000 0.000000 0.000000 0.000000 0.000000 0.000000 0.000000 
50.000000 27.151466 11.604512 3.977255 1.119921 0.265032 0.053746 0.009492 0.001479 0.000206 0.000026 0.000003 0.000000 0.000000 0.000000 0.000000 0.000000 0.000000 0.000000 0.000000 0.000000 0.000000 0.000000 0.000000 0.000000 0.000000 0.000000 0.000000 0.000000 0.000000 0.000000 0.000000 0.000000 0.000000 0.000000 0.000000 0.000000 0.000000 0.000000 0.000000 0.000000 0.000000 0.000000 0.000000 0.000000 0.000000 0.000000 0.000000 0.000000 0.000000 
50.000000 27.151466 11.604512 3.977255 1.119921 0.265032 0.053746 0.009492 0.001479 0.000206 0.000026 0.000003 0.000000 0.000000 0.000000 0.000000 0.000000 0.000000 0.000000 0.000000 0.000000 0.000000 0.000000 0.000000 0.000000 0.000000 0.000000 0.000000 0.000000 0.000000 0.000000 0.000000 0.000000 0.000000 0.000000 0.000000 0.000000 0.000000 0.000000 0.000000 0.000000 0.000000 0.000000 0.000000 0.000000 0.000000 0.000000 0.000000 0.000000 0.000000 
50.000000 27.151466 11.604512 3.977255 1.119921 0.265032 0.053746 0.009492 0.001479 0.000206 0.000026 0.000003 0.000000 0.000000 0.000000 0.000000 0.000000 0.000000 0.000000 0.000000 0.000000 0.000000 0.000000 0.000000 0.000000 0.000000 0.000000 0.000000 0.000000 0.000000 0.000000 0.000000 0.000000 0.000000 0.000000 0.000000 0.000000 0.000000 0.000000 0.000000 0.000000 0.000000 0.000000 0.000000 0.000000 0.000000 0.000000 0.000000 0.000000 0.000000 
50.000000 27.151466 11.604512 3.977255 1.119921 0.265032 0.053746 0.009492 0.001479 0.000206 0.000026 0.000003 0.000000 0.000000 0.000000 0.000000 0.000000 0.000000 0.000000 0.000000 0.000000 0.000000 0.000000 0.000000 0.000000 0.000000 0.000000 0.000000 0.000000 0.000000 0.000000 0.000000 0.000000 0.000000 0.000000 0.000000 0.000000 0.000000 0.000000 0.000000 0.000000 0.000000 0.000000 0.000000 0.000000 0.000000 0.000000 0.000000 0.000000 0.000000 
50.000000 27.151466 11.604512 3.977255 1.119921 0.265032 0.053746 0.009492 0.001479 0.000206 0.000026 0.000003 0.000000 0.000000 0.000000 0.000000 0.000000 0.000000 0.000000 0.000000 0.000000 0.000000 0.000000 0.000000 0.000000 0.000000 0.000000 0.000000 0.000000 0.000000 0.000000 0.000000 0.000000 0.000000 0.000000 0.000000 0.000000 0.000000 0.000000 0.000000 0.000000 0.000000 0.000000 0.000000 0.000000 0.000000 0.000000 0.000000 0.000000 0.000000 
50.000000 27.151466 11.604512 3.977255 1.119921 0.265032 0.053746 0.009492 0.001479 0.000206 0.000026 0.000003 0.000000 0.000000 0.000000 0.000000 0.000000 0.000000 0.000000 0.000000 0.000000 0.000000 0.000000 0.000000 0.000000 0.000000 0.000000 0.000000 0.000000 0.000000 0.000000 0.000000 0.000000 0.000000 0.000000 0.000000 0.000000 0.000000 0.000000 0.000000 0.000000 0.000000 0.000000 0.000000 0.000000 0.000000 0.000000 0.000000 0.000000 0.000000 
50.000000 27.151466 11.604512 3.977255 1.119921 0.265032 0.053746 0.009492 0.001479 0.000206 0.000026 0.000003 0.000000 0.000000 0.000000 0.000000 0.000000 0.000000 0.000000 0.000000 0.000000 0.000000 0.000000 0.000000 0.000000 0.000000 0.000000 0.000000 0.000000 0.000000 0.000000 0.000000 0.000000 0.000000 0.000000 0.000000 0.000000 0.000000 0.000000 0.000000 0.000000 0.000000 0.000000 0.000000 0.000000 0.000000 0.000000 0.000000 0.000000 0.000000 
50.000000 27.151466 11.604512 3.977255 1.119921 0.265032 0.053746 0.009492 0.001479 0.000206 0.000026 0.000003 0.000000 0.000000 0.000000 0.000000 0.000000 0.000000 0.000000 0.000000 0.000000 0.000000 0.000000 0.000000 0.000000 0.000000 0.000000 0.000000 0.000000 0.000000 0.000000 0.000000 0.000000 0.000000 0.000000 0.000000 0.000000 0.000000 0.000000 0.000000 0.000000 0.000000 0.000000 0.000000 0.000000 0.000000 0.000000 0.000000 0.000000 0.000000 
50.000000 27.151466 11.604512 3.977255 1.119921 0.265032 0.053746 0.009492 0.001479 0.000206 0.000026 0.000003 0.000000 0.000000 0.000000 0.000000 0.000000 0.000000 0.000000 0.000000 0.000000 0.000000 0.000000 0.000000 0.000000 0.000000 0.000000 0.000000 0.000000 0.000000 0.000000 0.000000 0.000000 0.000000 0.000000 0.000000 0.000000 0.000000 0.000000 0.000000 0.000000 0.000000 0.000000 0.000000 0.000000 0.000000 0.000000 0.000000 0.000000 0.000000 
50.000000 27.151466 11.604512 3.977255 1.119921 0.265032 0.053746 0.009492 0.001479 0.000206 0.000026 0.000003 0.000000 0.000000 0.000000 0.000000 0.000000 0.000000 0.000000 0.000000 0.000000 0.000000 0.000000 0.000000 0.000000 0.000000 0.000000 0.000000 0.000000 0.000000 0.000000 0.000000 0.000000 0.000000 0.000000 0.000000 0.000000 0.000000 0.000000 0.000000 0.000000 0.000000 0.000000 0.000000 0.000000 0.000000 0.000000 0.000000 0.000000 0.000000 
50.000000 27.151466 11.604512 3.977255 1.119921 0.265032 0.053746 0.009492 0.001479 0.000206 0.000026 0.000003 0.000000 0.000000 0.000000 0.000000 0.000000 0.000000 0.000000 0.000000 0.000000 0.000000 0.000000 0.000000 0.000000 0.000000 0.000000 0.000000 0.000000 0.000000 0.000000 0.000000 0.000000 0.000000 0.000000 0.000000 0.000000 0.000000 0.000000 0.000000 0.000000 0.000000 0.000000 0.000000 0.000000 0.000000 0.000000 0.000000 0.000000 0.000000 
50.000000 27.151466 11.604512 3.977255 1.119921 0.265032 0.053746 0.009492 0.001479 0.000206 0.000026 0.000003 0.000000 0.000000 0.000000 0.000000 0.000000 0.000000 0.000000 0.000000 0.000000 0.000000 0.000000 0.000000 0.000000 0.000000 0.000000 0.000000 0.000000 0.000000 0.000000 0.000000 0.000000 0.000000 0.000000 0.000000 0.000000 0.000000 0.000000 0.000000 0.000000 0.000000 0.000000 0.000000 0.000000 0.000000 0.000000 0.000000 0.000000 0.000000 
50.000000 27.151466 11.604512 3.977255 1.119921 0.265032 0.053746 0.009492 0.001479 0.000206 0.000026 0.000003 0.000000 0.000000 0.000000 0.000000 0.000000 0.000000 0.000000 0.000000 0.000000 0.000000 0.000000 0.000000 0.000000 0.000000 0.000000 0.000000 0.000000 0.000000 0.000000 0.000000 0.000000 0.000000 0.000000 0.000000 0.000000 0.000000 0.000000 0.000000 0.000000 0.000000 0.000000 0.000000 0.000000 0.000000 0.000000 0.000000 0.000000 0.000000 
50.000000 27.151466 11.604512 3.977255 1.119921 0.265032 0.053746 0.009492 0.001479 0.000206 0.000026 0.000003 0.000000 0.000000 0.000000 0.000000 0.000000 0.000000 0.000000 0.000000 0.000000 0.000000 0.000000 0.000000 0.000000 0.000000 0.000000 0.000000 0.000000 0.000000 0.000000 0.000000 0.000000 0.000000 0.000000 0.000000 0.000000 0.000000 0.000000 0.000000 0.000000 0.000000 0.000000 0.000000 0.000000 0.000000 0.000000 0.000000 0.000000 0.000000 
50.000000 27.151466 11.604512 3.977255 1.119921 0.265032 0.053746 0.009492 0.001479 0.000206 0.000026 0.000003 0.000000 0.000000 0.000000 0.000000 0.000000 0.000000 0.000000 0.000000 0.000000 0.000000 0.000000 0.000000 0.000000 0.000000 0.000000 0.000000 0.000000 0.000000 0.000000 0.000000 0.000000 0.000000 0.000000 0.000000 0.000000 0.000000 0.000000 0.000000 0.000000 0.000000 0.000000 0.000000 0.000000 0.000000 0.000000 0.000000 0.000000 0.000000 
50.000000 27.151466 11.604512 3.977255 1.119921 0.265032 0.053746 0.009492 0.001479 0.000206 0.000026 0.000003 0.000000 0.000000 0.000000 0.000000 0.000000 0.000000 0.000000 0.000000 0.000000 0.000000 0.000000 0.000000 0.000000 0.000000 0.000000 0.000000 0.000000 0.000000 0.000000 0.000000 0.000000 0.000000 0.000000 0.000000 0.000000 0.000000 0.000000 0.000000 0.000000 0.000000 0.000000 0.000000 0.000000 0.000000 0.000000 0.000000 0.000000 0.000000 
50.000000 27.151466 11.604512 3.977255 1.119921 0.265032 0.053746 0.009492 0.001479 0.000206 0.000026 0.000003 0.000000 0.000000 0.000000 0.000000 0.000000 0.000000 0.000000 0.000000 0.000000 0.000000 0.000000 0.000000 0.000000 0.000000 0.000000 0.000000 0.000000 0.000000 0.000000 0.000000 0.000000 0.000000 0.000000 0.000000 0.000000 0.000000 0.000000 0.000000 0.000000 0.000000 0.000000 0.000000 0.000000 0.000000 0.000000 0.000000 0.000000 0.000000 
50.000000 27.151466 11.604512 3.977255 1.119921 0.265032 0.053746 0.009492 0.001479 0.000206 0.000026 0.000003 0.000000 0.000000 0.000000 0.000000 0.000000 0.000000 0.000000 0.000000 0.000000 0.000000 0.000000 0.000000 0.000000 0.000000 0.000000 0.000000 0.000000 0.000000 0.000000 0.000000 0.000000 0.000000 0.000000 0.000000 0.000000 0.000000 0.000000 0.000000 0.000000 0.000000 0.000000 0.000000 0.000000 0.000000 0.000000 0.000000 0.000000 0.000000 
50.000000 27.151466 11.604512 3.977255 1.119921 0.265032 0.053746 0.009492 0.001479 0.000206 0.000026 0.000003 0.000000 0.000000 0.000000 0.000000 0.000000 0.000000 0.000000 0.000000 0.000000 0.000000 0.000000 0.000000 0.000000 0.000000 0.000000 0.000000 0.000000 0.000000 0.000000 0.000000 0.000000 0.000000 0.000000 0.000000 0.000000 0.000000 0.000000 0.000000 0.000000 0.000000 0.000000 0.000000 0.000000 0.000000 0.000000 0.000000 0.000000 0.000000 
50.000000 27.151466 11.604512 3.977255 1.119921 0.265032 0.053746 0.009492 0.001479 0.000206 0.000026 0.000003 0.000000 0.000000 0.000000 0.000000 0.000000 0.000000 0.000000 0.000000 0.000000 0.000000 0.000000 0.000000 0.000000 0.000000 0.000000 0.000000 0.000000 0.000000 0.000000 0.000000 0.000000 0.000000 0.000000 0.000000 0.000000 0.000000 0.000000 0.000000 0.000000 0.000000 0.000000 0.000000 0.000000 0.000000 0.000000 0.000000 0.000000 0.000000 
50.000000 27.151466 11.604512 3.977255 1.119921 0.265032 0.053746 0.009492 0.001479 0.000206 0.000026 0.000003 0.000000 0.000000 0.000000 0.000000 0.000000 0.000000 0.000000 0.000000 0.000000 0.000000 0.000000 0.000000 0.000000 0.000000 0.000000 0.000000 0.000000 0.000000 0.000000 0.000000 0.000000 0.000000 0.000000 0.000000 0.000000 0.000000 0.000000 0.000000 0.000000 0.000000 0.000000 0.000000 0.000000 0.000000 0.000000 0.000000 0.000000 0.000000 
50.000000 27.151466 11.604513 3.977255 1.119922 0.265032 0.053746 0.009492 0.001480 0.000206 0.000026 0.000003 0.000001 0.000000 0.000000 0.000000 0.000000 0.000000 0.000000 0.000000 0.000000 0.000000 0.000000 0.000000 0.000000 0.000000 0.000000 0.000000 0.000000 0.000000 0.000000 0.000000 0.000000 0.000000 0.000000 0.000000 0.000000 0.000000 0.000000 0.000000 0.000000 0.000000 0.000000 0.000000 0.000000 0.000000 0.000000 0.000000 0.000000 0.000000 
50.000000 27.151467 11.604515 3.977258 1.119924 0.265035 0.053749 0.009495 0.001482 0.000209 0.000029 0.000006 0.000003 0.000003 0.000003 0.000003 0.000003 0.000003 0.000003 0.000003 0.000003 0.000003 0.000003 0.000003 0.000003 0.000003 0.000003 0.000003 0.000003 0.000003 0.000003 0.000003 0.000003 0.000003 0.000003 0.000003 0.000003 0.000003 0.000003 0.000003 0.000003 0.000003 0.000003 0.000003 0.000003 0.000003 0.000003 0.000002 0.000001 0.000000 
50.000000 27.151478 11.604532 3.977279 1.119947 0.265058 0.053772 0.009517 0.001505 0.000232 0.000052 0.000029 0.000026 0.000026 0.000026 0.000026 0.000026 0.000026 0.000026 0.000026 0.000026 0.000026 0.000026 0.000026 0.000026 0.000026 0.000026 0.000026 0.000026 0.000026 0.000026 0.000026 0.000026 0.000026 0.000026 0.000026 0.000026 0.000026 0.000026 0.000026 0.000026 0.000026 0.000026 0.000026 0.000026 0.000025 0.000024 0.000021 0.000013 0.000000 
50.000000 27.151562 11.604673 3.977446 1.120123 0.265237 0.053952 0.009697 0.001685 0.000412 0.000232 0.000209 0.000206 0.000206 0.000206 0.000206 0.000206 0.000206 0.000206 0.000206 0.000206 0.000206 0.000206 0.000206 0.000206 0.000206 0.000206 0.000206 0.000206 0.000206 0.000206 0.000206 0.000206 0.000206 0.000206 0.000206 0.000206 0.000206 0.000206 0.000206 0.000206 0.000206 0.000206 0.000206 0.000205 0.000203 0.000194 0.000166 0.000102 0.000000 
50.000000 27.152155 11.605663 3.978625 1.121371 0.266505 0.055224 0.010971 0.002959 0.001685 0.001505 0.001482 0.001480 0.001479 0.001479 0.001479 0.001479 0.001479 0.001479 0.001479 0.001479 0.001479 0.001479 0.001479 0.001479 0.001479 0.001479 0.001479 0.001479 0.001479 0.001479 0.001479 0.001479 0.001479 0.001479 0.001479 0.001479 0.001479 0.001479 0.001479 0.001479 0.001479 0.001479 0.001479 0.001475 0.001459 0.001395 0.001197 0.000739 0.000000 
50.000000 27.155875 11.611879 3.986037 1.129219 0.274479 0.063229 0.018982 0.010971 0.009697 0.009517 0.009495 0.009492 0.009492 0.009492 0.009492 0.009492 0.009492 0.009492 0.009492 0.009492 0.009492 0.009492 0.009492 0.009492 0.009492 0.009492 0.009492 0.009492 0.009492 0.009492 0.009492 0.009492 0.009492 0.009492 0.009492 0.009492 0.009492 0.009492 0.009492 0.009492 0.009492 0.009491 0.009487 0.009465 0.009362 0.008961 0.007716 0.004784 0.000000 
50.000000 27.176361 11.646143 4.026939 1.172552 0.318521 0.107441 0.063229 0.055224 0.053952 0.053772 0.053749 0.053746 0.053746 0.053746 0.053746 0.053746 0.053746 0.053746 0.053746 0.053746 0.053746 0.053746 0.053746 0.053746 0.053746 0.053746 0.053746 0.053746 0.053746 0.053746 0.053746 0.053746 0.053746 0.053746 0.053746 0.053746 0.053746 0.053746 0.053746 0.053746 0.053745 0.053742 0.053721 0.053603 0.053047 0.050862 0.043968 0.027448 0.000000 
50.000000 27.273871 11.809423 4.222033 1.379361 0.528768 0.318521 0.274479 0.266505 0.265237 0.265058 0.265035 0.265032 0.265032 0.265032 0.265032 0.265032 0.265032 0.265032 0.265032 0.265032 0.265032 0.265032 0.265032 0.265032 0.265032 0.265032 0.265032 0.265032 0.265032 0.265032 0.265032 0.265032 0.265032 0.265032 0.265032 0.265032 0.265032 0.265032 0.265032 0.265032 0.265030 0.265015 0.264918 0.264384 0.261837 0.251666 0.218861 0.138064 0.000000 
50.000000 27.667270 12.468856 5.010687 2.215838 1.379361 1.172552 1.129219 1.121371 1.120123 1.119947 1.119924 1.119922 1.119921 1.119921 1.119921 1.119921 1.119921 1.119921 1.119921 1.119921 1.119921 1.119921 1.119921 1.119921 1.119921 1.119921 1.119921 1.119921 1.119921 1.119921 1.119921 1.119921 1.119921 1.119921 1.119921 1.119921 1.119921 1.119921 1.119921 1.119920 1.119913 1.119858 1.119505 1.117524 1.107919 1.068661 0.937901 0.601836 0.000000 
50.000000 28.978583 14.669079 7.644362 5.010687 4.222033 4.026939 3.986037 3.978625 3.977446 3.977279 3.977258 3.977255 3.977255 3.977255 3.977255 3.977255 3.977255 3.977255 3.977255 3.977255 3.977255 3.977255 3.977255 3.977255 3.977255 3.977255 3.977255 3.977255 3.977255 3.977255 3.977255 3.977255 3.977255 3.977255 3.977255 3.977255 3.977255 3.977255 3.977254 3.977252 3.977231 3.977076 3.976077 3.970368 3.942026 3.822181 3.403037 2.249291 0.000000 
50.000000 32.470407 20.533054 14.669079 12.468856 11.809423 11.646143 11.611879 11.605663 11.604673 11.604532 11.604515 11.604513 11.604512 11.604512 11.604512 11.604512 11.604512 11.604512 11.604512 11.604512 11.604512 11.604512 11.604512 11.604512 11.604512 11.604512 11.604512 11.604512 11.604512 11.604512 11.604512 11.604512 11.604512 11.604512 11.604512 11.604512 11.604512 11.604512 11.604512 11.604507 11.604465 11.604163 11.602175 11.590562 11.530955 11.266042 10.266527 7.172802 0.000000 
50.000000 39.573682 32.470407 28.978583 27.667270 27.273871 27.176361 27.155875 27.152155 27.151562 27.151478 27.151467 27.151466 27.151466 27.151466 27.151466 27.151466 27.151466 27.151466 27.151466 27.151466 27.151466 27.151466 27.151466 27.151466 27.151466 27.151466 27.151466 27.151466 27.151466 27.151466 27.151466 27.151466 27.151466 27.151466 27.151466 27.151466 27.151466 27.151465 27.151465 27.151460 27.151416 27.151091 27.148913 27.135807 27.065434 26.729292 25.297605 19.786841 0.000000 
50.000000 50.000000 50.000000 50.000000 50.000000 50.000000 50.000000 50.000000 50.000000 50.000000 50.000000 50.000000 50.000000 50.000000 50.000000 50.000000 50.000000 50.000000 50.000000 50.000000 50.000000 50.000000 50.000000 50.000000 50.000000 50.000000 50.000000 50.000000 50.000000 50.000000 50.000000 50.000000 50.000000 50.000000 50.000000 50.000000 50.000000 50.000000 50.000000 50.000000 50.000000 50.000000 50.000000 50.000000 50.000000 50.000000 50.000000 50.000000 50.000000 50.000000 
