50.000000 50.000000 50.000000 50.000000 50.000000 50.000000 50.000000 50.000000 50.000000 50.000000 50.000000 50.000000 50.000000 50.000000 50.000000 50.000000 50.000000 50.000000 50.000000 50.000000 50.000000 50.000000 50.000000 50.000000 50.000000 50.000000 50.000000 50.000000 50.000000 50.000000 50.000000 50.000000 50.000000 50.000000 50.000000 50.000000 50.000000 50.000000 50.000000 50.000000 50.000000 50.000000 50.000000 50.000000 50.000000 50.000000 50.000000 50.000000 50.000000 50.000000 
50.000000 47.982308 46.092300 44.433465 43.068525 42.014767 41.250708 40.729763 40.395322 40.192861 40.077112 40.014516 39.982446 39.966854 39.959650 39.956481 39.955152 39.954620 39.954417 39.954342 39.954316 39.954307 39.954304 39.954303 39.954303 39.954303 39.954303 39.954303 39.954303 39.954302 39.954301 39.954297 39.954284 39.954246 39.954142 39.953863 39.953144 39.951360 39.947096 39.937270 39.915408 39.868326 39.769785 39.568102 39.160596 38.335875 36.627684 32.896872 23.991154 0.000000 
50.000000 46.092300 42.431899 39.219229 36.575768 34.534991 33.055284 32.046416 31.398746 31.006673 30.782524 30.661311 30.599210 30.569019 30.555069 30.548933 30.546360 30.545330 30.544936 30.544792 30.544741 30.544724 30.544718 30.544717 30.544716 30.544716 30.544716 30.544716 30.544715 30.544715 30.544712 30.544704 30.544681 30.544615 30.544429 30.543935 30.542663 30.539518 30.532032 30.514876 30.476986 30.396214 30.229602 29.895896 29.243866 27.993937 25.630288 21.215949 13.195428 0.000000 
50.000000 44.433465 39.219229 34.642824 30.877298 27.970322 25.862602 24.425588 23.503083 22.944652 22.625407 22.452775 22.364334 22.321339 22.301474 22.292737 22.289073 22.287607 22.287045 22.286840 22.286767 22.286743 22.286735 22.286733 22.286732 22.286732 22.286731 22.286731 22.286731 22.286730 22.286727 22.286717 22.286689 22.286606 22.286378 22.285769 22.284211 22.280377 22.271307 22.250686 22.205615 22.110854 21.919031 21.544757 20.840141 19.560005 17.321412 13.588941 7.805781 0.000000 
50.000000 43.068525 36.575768 30.877298 26.188593 22.569000 19.944658 18.155472 17.006923 16.311686 15.914247 15.699341 15.589247 15.535729 15.511003 15.500129 15.495569 15.493744 15.493046 15.492790 15.492700 15.492670 15.492660 15.492657 15.492656 15.492655 15.492655 15.492655 15.492655 15.492654 15.492651 15.492641 15.492611 15.492527 15.492295 15.491678 15.490107 15.486262 15.477235 15.456903 15.412989 15.322059 15.141624 14.798699 14.175282 13.094297 11.317293 8.581832 4.732650 0.000000 
50.000000 42.014767 34.534991 27.970322 22.569000 18.399372 15.376317 13.315367 11.992411 11.191635 10.733883 10.486376 10.359588 10.297958 10.269485 10.256964 10.251715 10.249614 10.248809 10.248515 10.248411 10.248376 10.248365 10.248362 10.248360 10.248360 10.248360 10.248360 10.248360 10.248359 10.248356 10.248347 10.248321 10.248246 10.248039 10.247494 10.246113 10.242756 10.234937 10.217499 10.180292 10.104417 9.956718 9.682735 9.199686 8.393718 7.130181 5.291125 2.854170 0.000000 
50.000000 41.250708 33.055284 25.862602 19.944658 15.376317 12.064275 9.806382 8.357057 7.479826 6.978391 6.707278 6.568405 6.500903 6.469720 6.456008 6.450259 6.447959 6.447078 6.446755 6.446642 6.446604 6.446592 6.446588 6.446587 6.446586 6.446586 6.446586 6.446586 6.446585 6.446583 6.446576 6.446555 6.446495 6.446330 6.445899 6.444812 6.442189 6.436126 6.422737 6.394505 6.337757 6.229215 6.032137 5.693581 5.145959 4.317844 3.159387 1.682605 0.000000 
50.000000 40.729763 32.046416 24.425588 18.155472 13.315367 9.806382 7.414296 5.878884 4.949580 4.418401 4.131218 3.984120 3.912625 3.879598 3.865076 3.858988 3.856551 3.855619 3.855277 3.855157 3.855117 3.855104 3.855100 3.855099 3.855098 3.855098 3.855098 3.855098 3.855097 3.855096 3.855090 3.855075 3.855032 3.854913 3.854602 3.853824 3.851958 3.847680 3.838319 3.818797 3.780071 3.707148 3.577166 3.358649 3.013848 2.506557 1.816814 0.959978 0.000000 
50.000000 40.395322 31.398746 23.503083 17.006923 11.992411 8.357057 5.878884 4.288258 3.325564 2.775318 2.477837 2.325470 2.251417 2.217210 2.202169 2.195865 2.193341 2.192376 2.192022 2.191898 2.191856 2.191843 2.191838 2.191837 2.191837 2.191837 2.191837 2.191837 2.191836 2.191835 2.191832 2.191821 2.191792 2.191713 2.191508 2.190995 2.189774 2.186996 2.180968 2.168525 2.144129 2.098813 2.019300 1.887994 1.684864 1.392229 1.002532 0.526996 0.000000 
50.000000 40.192861 31.006673 22.944652 16.311686 11.191635 7.479826 4.949580 3.325564 2.342685 1.780916 1.477213 1.321664 1.246066 1.211147 1.195794 1.189358 1.186783 1.185797 1.185436 1.185310 1.185267 1.185253 1.185249 1.185247 1.185247 1.185247 1.185247 1.185247 1.185247 1.185246 1.185244 1.185237 1.185219 1.185171 1.185045 1.184732 1.183991 1.182317 1.178714 1.171342 1.157039 1.130782 1.085321 1.011343 0.898698 0.739037 0.529687 0.277453 0.000000 
50.000000 40.077112 30.782524 22.625407 15.914247 10.733883 6.978391 4.418401 2.775318 1.780916 1.212571 0.905319 0.747955 0.671477 0.636152 0.620621 0.614111 0.611506 0.610509 0.610144 0.610015 0.609972 0.609958 0.609954 0.609953 0.609952 0.609952 0.609952 0.609952 0.609952 0.609951 0.609950 0.609946 0.609936 0.609908 0.609836 0.609658 0.609239 0.608297 0.606285 0.602202 0.594350 0.580082 0.555654 0.516383 0.457343 0.374721 0.267648 0.139842 0.000000 
50.000000 40.014516 30.661311 22.452775 15.699341 10.486376 6.707278 4.131218 2.477837 1.477213 0.905319 0.596152 0.437810 0.360857 0.325314 0.309687 0.303136 0.300515 0.299512 0.299145 0.299016 0.298972 0.298958 0.298954 0.298953 0.298952 0.298952 0.298952 0.298952 0.298952 0.298952 0.298951 0.298949 0.298943 0.298928 0.298890 0.298795 0.298573 0.298076 0.297021 0.294896 0.290842 0.283538 0.271152 0.251438 0.222105 0.181468 0.129279 0.067420 0.000000 
50.000000 39.982446 30.599210 22.364334 15.589247 10.359588 6.568405 3.984120 2.325470 1.321664 0.747955 0.437810 0.278968 0.201773 0.166118 0.150442 0.143871 0.141242 0.140236 0.139867 0.139738 0.139694 0.139680 0.139676 0.139674 0.139674 0.139674 0.139674 0.139674 0.139674 0.139674 0.139673 0.139672 0.139669 0.139662 0.139642 0.139595 0.139484 0.139237 0.138716 0.137673 0.135696 0.132162 0.126216 0.116832 0.102985 0.083956 0.059692 0.031086 0.000000 
50.000000 39.966854 30.569019 22.321339 15.535729 10.297958 6.500903 3.912625 2.251417 1.246066 0.671477 0.360857 0.201773 0.124461 0.088752 0.073052 0.066471 0.063838 0.062831 0.062461 0.062332 0.062288 0.062274 0.062270 0.062268 0.062268 0.062268 0.062268 0.062268 0.062268 0.062268 0.062268 0.062267 0.062266 0.062262 0.062253 0.062230 0.062178 0.062062 0.061819 0.061334 0.060422 0.058800 0.056091 0.051845 0.045623 0.037127 0.026356 0.013710 0.000000 
50.000000 39.959650 30.555069 22.301474 15.511003 10.269485 6.469720 3.879598 2.217210 1.211147 0.636152 0.325314 0.166118 0.088752 0.053018 0.037307 0.030722 0.028087 0.027079 0.026709 0.026580 0.026536 0.026522 0.026517 0.026516 0.026516 0.026516 0.026516 0.026516 0.026516 0.026516 0.026515 0.026515 0.026515 0.026513 0.026509 0.026499 0.026475 0.026424 0.026316 0.026103 0.025703 0.024996 0.023821 0.021991 0.019325 0.015704 0.011134 0.005787 0.000000 
50.000000 39.956481 30.548933 22.292737 15.500129 10.256964 6.456008 3.865076 2.202169 1.195794 0.620621 0.309687 0.150442 0.073052 0.037307 0.021592 0.015005 0.012369 0.011360 0.010991 0.010861 0.010817 0.010803 0.010799 0.010797 0.010797 0.010797 0.010797 0.010797 0.010797 0.010797 0.010797 0.010797 0.010796 0.010796 0.010794 0.010790 0.010780 0.010758 0.010713 0.010623 0.010456 0.010163 0.009677 0.008925 0.007834 0.006359 0.004504 0.002339 0.000000 
50.000000 39.955152 30.546360 22.289073 15.495569 10.251715 6.450259 3.858988 2.195865 1.189358 0.614111 0.303136 0.143871 0.066471 0.030722 0.015005 0.008417 0.005781 0.004772 0.004402 0.004273 0.004229 0.004215 0.004210 0.004209 0.004209 0.004209 0.004209 0.004209 0.004209 0.004209 0.004209 0.004208 0.004208 0.004208 0.004207 0.004206 0.004202 0.004193 0.004175 0.004139 0.004073 0.003956 0.003765 0.003469 0.003042 0.002467 0.001746 0.000906 0.000000 
50.000000 39.954620 30.545330 22.287607 15.493744 10.249614 6.447959 3.856551 2.193341 1.186783 0.611506 0.300515 0.141242 0.063838 0.028087 0.012369 0.005781 0.003144 0.002136 0.001766 0.001636 0.001593 0.001578 0.001574 0.001573 0.001572 0.001572 0.001572 0.001572 0.001572 0.001572 0.001572 0.001572 0.001572 0.001572 0.001572 0.001571 0.001569 0.001566 0.001559 0.001546 0.001520 0.001476 0.001404 0.001293 0.001133 0.000918 0.000649 0.000337 0.000000 
50.000000 39.954417 30.544936 22.287045 15.493046 10.248809 6.447078 3.855619 2.192376 1.185797 0.610509 0.299512 0.140236 0.062831 0.027079 0.011360 0.004772 0.002136 0.001127 0.000757 0.000628 0.000584 0.000570 0.000565 0.000564 0.000564 0.000563 0.000563 0.000563 0.000563 0.000563 0.000563 0.000563 0.000563 0.000563 0.000563 0.000563 0.000562 0.000561 0.000559 0.000554 0.000545 0.000529 0.000502 0.000462 0.000405 0.000328 0.000232 0.000120 0.000000 
50.000000 39.954342 30.544792 22.286840 15.492790 10.248515 6.446755 3.855277 2.192022 1.185436 0.610144 0.299145 0.139867 0.062461 0.026709 0.010991 0.004402 0.001766 0.000757 0.000388 0.000258 0.000214 0.000200 0.000196 0.000194 0.000194 0.000194 0.000194 0.000194 0.000194 0.000194 0.000194 0.000194 0.000194 0.000194 0.000194 0.000194 0.000194 0.000193 0.000192 0.000191 0.000187 0.000182 0.000173 0.000159 0.000139 0.000113 0.000079 0.000041 0.000000 
50.000000 39.954316 30.544741 22.286767 15.492700 10.248411 6.446642 3.855157 2.191898 1.185310 0.610015 0.299016 0.139738 0.062332 0.026580 0.010861 0.004273 0.001636 0.000628 0.000258 0.000128 0.000085 0.000070 0.000066 0.000065 0.000064 0.000064 0.000064 0.000064 0.000064 0.000064 0.000064 0.000064 0.000064 0.000064 0.000064 0.000064 0.000064 0.000064 0.000064 0.000063 0.000062 0.000060 0.000057 0.000052 0.000046 0.000037 0.000026 0.000014 0.000000 
50.000000 39.954307 30.544724 22.286743 15.492670 10.248376 6.446604 3.855117 2.191856 1.185267 0.609972 0.298972 0.139694 0.062288 0.026536 0.010817 0.004229 0.001593 0.000584 0.000214 0.000085 0.000041 0.000027 0.000022 0.000021 0.000021 0.000020 0.000020 0.000020 0.000020 0.000020 0.000020 0.000020 0.000020 0.000020 0.000020 0.000020 0.000020 0.000020 0.000020 0.000020 0.000020 0.000019 0.000018 0.000017 0.000015 0.000012 0.000008 0.000004 0.000000 
50.000000 39.954304 30.544718 22.286735 15.492660 10.248365 6.446592 3.855104 2.191843 1.185253 0.609958 0.298958 0.139680 0.062274 0.026522 0.010803 0.004215 0.001578 0.000570 0.000200 0.000070 0.000027 0.000013 0.000008 0.000007 0.000006 0.000006 0.000006 0.000006 0.000006 0.000006 0.000006 0.000006 0.000006 0.000006 0.000006 0.000006 0.000006 0.000006 0.000006 0.000006 0.000006 0.000006 0.000006 0.000005 0.000004 0.000004 0.000003 0.000001 0.000000 
50.000000 39.954303 30.544717 22.286733 15.492657 10.248362 6.446588 3.855100 2.191838 1.185249 0.609954 0.298954 0.139676 0.062270 0.026517 0.010799 0.004210 0.001574 0.000565 0.000196 0.000066 0.000022 0.000008 0.000004 0.000002 0.000002 0.000002 0.000002 0.000002 0.000002 0.000002 0.000002 0.000002 0.000002 0.000002 0.000002 0.000002 0.000002 0.000002 0.000002 0.000002 0.000002 0.000002 0.000002 0.000002 0.000001 0.000001 0.000001 0.000000 0.000000 
50.000000 39.954303 30.544716 22.286732 15.492656 10.248361 6.446587 3.855099 2.191837 1.185248 0.609953 0.298953 0.139674 0.062268 0.026516 0.010798 0.004209 0.001573 0.000564 0.000195 0.000065 0.000021 0.000007 0.000003 0.000001 0.000001 0.000001 0.000001 0.000001 0.000001 0.000001 0.000001 0.000001 0.000001 0.000001 0.000001 0.000001 0.000001 0.000001 0.000001 0.000001 0.000001 0.000001 0.000001 0.000001 0.000000 0.000000 0.000000 0.000000 0.000000 
50.000000 39.954303 30.544716 22.286732 15.492656 10.248361 6.446587 3.855099 2.191837 1.185248 0.609953 0.298953 0.139674 0.062268 0.026516 0.010798 0.004209 0.001573 0.000564 0.000195 0.000065 0.000021 0.000007 0.000003 0.000001 0.000001 0.000001 0.000001 0.000001 0.000001 0.000001 0.000001 0.000001 0.000001 0.000001 0.000001 0.000001 0.000001 0.000001 0.000001 0.000001 0.000001 0.000001 0.000001 0.000001 0.000000 0.000000 0.000000 0.000000 0.000000 
50.000000 39.954303 30.544717 22.286733 15.492657 10.248362 6.446588 3.855100 2.191838 1.185249 0.609954 0.298954 0.139676 0.062270 0.026517 0.010799 0.004210 0.001574 0.000565 0.000196 0.000066 0.000022 0.000008 0.000004 0.000002 0.000002 0.000002 0.000002 0.000002 0.000002 0.000002 0.000002 0.000002 0.000002 0.000002 0.000002 0.000002 0.000002 0.000002 0.000002 0.000002 0.000002 0.000002 0.000002 0.000002 0.000001 0.000001 0.000001 0.000000 0.000000 
50.000000 39.954304 30.544718 22.286735 15.492660 10.248365 6.446592 3.855104 2.191843 1.185253 0.609958 0.298958 0.139680 0.062274 0.026522 0.010803 0.004215 0.001578 0.000570 0.000200 0.000070 0.000027 0.000013 0.000008 0.000007 0.000006 0.000006 0.000006 0.000006 0.000006 0.000006 0.000006 0.000006 0.000006 0.000006 0.000006 0.000006 0.000006 0.000006 0.000006 0.000006 0.000006 0.000006 0.000006 0.000005 0.000004 0.000004 0.000003 0.000001 0.000000 
50.000000 39.954307 30.544724 22.286743 15.492670 10.248376 6.446604 3.855117 2.191856 1.185267 0.609972 0.298972 0.139694 0.062288 0.026536 0.010817 0.004229 0.001593 0.000584 0.000214 0.000085 0.000041 0.000027 0.000022 0.000021 0.000021 0.000020 0.000020 0.000020 0.000020 0.000020 0.000020 0.000020 0.000020 0.000020 0.000020 0.000020 0.000020 0.000020 0.000020 0.000020 0.000020 0.000019 0.000018 0.000017 0.000015 0.000012 0.000008 0.000004 0.000000 
50.000000 39.954316 30.544741 22.286767 15.492700 10.248411 6.446642 3.855157 2.191898 1.185310 0.610015 0.299016 0.139738 0.062332 0.026580 0.010861 0.004273 0.001636 0.000628 0.000258 0.000128 0.000085 0.000070 0.000066 0.000065 0.000064 0.000064 0.000064 0.000064 0.000064 0.000064 0.000064 0.000064 0.000064 0.000064 0.000064 0.000064 0.000064 0.000064 0.000064 0.000063 0.000062 0.000060 0.000057 0.000052 0.000046 0.000037 0.000026 0.000014 0.000000 
50.000000 39.954342 30.544792 22.286840 15.492790 10.248515 6.446755 3.855277 2.192022 1.185436 0.610144 0.299145 0.139867 0.062461 0.026709 0.010991 0.004402 0.001766 0.000757 0.000388 0.000258 0.000214 0.000200 0.000196 0.000194 0.000194 0.000194 0.000194 0.000194 0.000194 0.000194 0.000194 0.000194 0.000194 0.000194 0.000194 0.000194 0.000194 0.000193 0.000192 0.000191 0.000187 0.000182 0.000173 0.000159 0.000139 0.000113 0.000079 0.000041 0.000000 
50.000000 39.954417 30.544936 22.287045 15.493046 10.248809 6.447078 3.855619 2.192376 1.185797 0.610509 0.299512 0.140236 0.062831 0.027079 0.011360 0.004772 0.002136 0.001127 0.000757 0.000628 0.000584 0.000570 0.000565 0.000564 0.000564 0.000563 0.000563 0.000563 0.000563 0.000563 0.000563 0.000563 0.000563 0.000563 0.000563 0.000563 0.000562 0.000561 0.000559 0.000554 0.000545 0.000529 0.000502 0.000462 0.000405 0.000328 0.000232 0.000120 0.000000 
50.000000 39.954620 30.545330 22.287607 15.493744 10.249614 6.447959 3.856551 2.193341 1.186783 0.611506 0.300515 0.141242 0.063838 0.028087 0.012369 0.005781 0.003144 0.002136 0.001766 0.001636 0.001593 0.001578 0.001574 0.001573 0.001572 0.001572 0.001572 0.001572 0.001572 0.001572 0.001572 0.001572 0.001572 0.001572 0.001572 0.001571 0.001569 0.001566 0.001559 0.001546 0.001520 0.001476 0.001404 0.001293 0.001133 0.000918 0.000649 0.000337 0.000000 
50.000000 39.955152 30.546360 22.289073 15.495569 10.251715 6.450259 3.858988 2.195865 1.189358 0.614111 0.303136 0.143871 0.066471 0.030722 0.015005 0.008417 0.005781 0.004772 0.004402 0.004273 0.004229 0.004215 0.004210 0.004209 0.004209 0.004209 0.004209 0.004209 0.004209 0.004209 0.004209 0.004208 0.004208 0.004208 0.004207 0.004206 0.004202 0.004193 0.004175 0.004139 0.004073 0.003956 0.003765 0.003469 0.003042 0.002467 0.001746 0.000906 0.000000 
50.000000 39.956481 30.548933 22.292737 15.500129 10.256964 6.456008 3.865076 2.202169 1.195794 0.620621 0.309687 0.150442 0.073052 0.037307 0.021592 0.015005 0.012369 0.011360 0.010991 0.010861 0.010817 0.010803 0.010799 0.010797 0.010797 0.010797 0.010797 0.010797 0.010797 0.010797 0.010797 0.010797 0.010796 0.010796 0.010794 0.010790 0.010780 0.010758 0.010713 0.010623 0.010456 0.010163 0.009677 0.008925 0.007834 0.006359 0.004504 0.002339 0.000000 
50.000000 39.959650 30.555069 22.301474 15.511003 10.269485 6.469720 3.879598 2.217210 1.211147 0.636152 0.325314 0.166118 0.088752 0.053018 0.037307 0.030722 0.028087 0.027079 0.026709 0.026580 0.026536 0.026522 0.026517 0.026516 0.026516 0.026516 0.026516 0.026516 0.026516 0.026516 0.026515 0.026515 0.026515 0.026513 0.026509 0.026499 0.026475 0.026424 0.026316 0.026103 0.025703 0.024996 0.023821 0.021991 0.019325 0.015704 0.011134 0.005787 0.000000 
50.000000 39.966854 30.569019 22.321339 15.535729 10.297958 6.500903 3.912625 2.251417 1.246066 0.671477 0.360857 0.201773 0.124461 0.088752 0.073052 0.066471 0.063838 0.062831 0.062461 0.062332 0.062288 0.062274 0.062270 0.062268 0.062268 0.062268 0.062268 0.062268 0.062268 0.062268 0.062268 0.062267 0.062266 0.062262 0.062253 0.062230 0.062178 0.062062 0.061819 0.061334 0.060422 0.058800 0.056091 0.051845 0.045623 0.037127 0.026356 0.013710 0.000000 
50.000000 39.982446 30.599210 22.364334 15.589247 10.359588 6.568405 3.984120 2.325470 1.321664 0.747955 0.437810 0.278968 0.201773 0.166118 0.150442 0.143871 0.141242 0.140236 0.139867 0.139738 0.139694 0.139680 0.139676 0.139674 0.139674 0.139674 0.139674 0.139674 0.139674 0.139674 0.139673 0.139672 0.139669 0.139662 0.139642 0.139595 0.139484 0.139237 0.138716 0.137673 0.135696 0.132162 0.126216 0.116832 0.102985 0.083956 0.059692 0.031086 0.000000 
50.000000 40.014516 30.661311 22.452775 15.699341 10.486376 6.707278 4.131218 2.477837 1.477213 0.905319 0.596152 0.437810 0.360857 0.325314 0.309687 0.303136 0.300515 0.299512 0.299145 0.299016 0.298972 0.298958 0.298954 0.298953 0.298952 0.298952 0.298952 0.298952 0.298952 0.298952 0.298951 0.298949 0.298943 0.298928 0.298890 0.298795 0.298573 0.298076 0.297021 0.294896 0.290842 0.283538 0.271152 0.251438 0.222105 0.181468 0.129279 0.067420 0.000000 
50.000000 40.077112 30.782524 22.625407 15.914247 10.733883 6.978391 4.418401 2.775318 1.780916 1.212571 0.905319 0.747955 0.671477 0.636152 0.620621 0.614111 0.611506 0.610509 0.610144 0.610015 0.609972 0.609958 0.609954 0.609953 0.609952 0.609952 0.609952 0.609952 0.609952 0.609951 0.609950 0.609946 0.609936 0.609908 0.609836 0.609658 0.609239 0.608297 0.606285 0.602202 0.594350 0.580082 0.555654 0.516383 0.457343 0.374721 0.267648 0.139842 0.000000 
50.000000 40.192861 31.006673 22.944652 16.311686 11.191635 7.479826 4.949580 3.325564 2.342685 1.780916 1.477213 1.321664 1.246066 1.211147 1.195794 1.189358 1.186783 1.185797 1.185436 1.185310 1.185267 1.185253 1.185249 1.185247 1.185247 1.185247 1.185247 1.185247 1.185247 1.185246 1.185244 1.185237 1.185219 1.185171 1.185045 1.184732 1.183991 1.182317 1.178714 1.171342 1.157039 1.130782 1.085321 1.011343 0.898698 0.739037 0.529687 0.277453 0.000000 
50.000000 40.395322 31.398746 23.503083 17.006923 11.992411 8.357057 5.878884 4.288258 3.325564 2.775318 2.477837 2.325470 2.251417 2.217210 2.202169 2.195865 2.193341 2.192376 2.192022 2.191898 2.191856 2.191843 2.191838 2.191837 2.191837 2.191837 2.191837 2.191837 2.191836 2.191835 2.191832 2.191821 2.191792 2.191713 2.191508 2.190995 2.189774 2.186996 2.180968 2.168525 2.144129 2.098813 2.019300 1.887994 1.684864 1.392229 1.002532 0.526996 0.000000 
50.000000 40.729763 32.046416 24.425588 18.155472 13.315367 9.806382 7.414296 5.878884 4.949580 4.418401 4.131218 3.984120 3.912625 3.879598 3.865076 3.858988 3.856551 3.855619 3.855277 3.855157 3.855117 3.855104 3.855100 3.855099 3.855098 3.855098 3.855098 3.855098 3.855097 3.855096 3.855090 3.855075 3.855032 3.854913 3.854602 3.853824 3.851958 3.847680 3.838319 3.818797 3.780071 3.707148 3.577166 3.358649 3.013848 2.506557 1.816814 0.959978 0.000000 
50.000000 41.250708 33.055284 25.862602 19.944658 15.376317 12.064275 9.806382 8.357057 7.479826 6.978391 6.707278 6.568405 6.500903 6.469720 6.456008 6.450259 6.447959 6.447078 6.446755 6.446642 6.446604 6.446592 6.446588 6.446587 6.446586 6.446586 6.446586 6.446586 6.446585 6.446583 6.446576 6.446555 6.446495 6.446330 6.445899 6.444812 6.442189 6.436126 6.422737 6.394505 6.337757 6.229215 6.032137 5.693581 5.145959 4.317844 3.159387 1.682605 0.000000 
50.000000 42.014767 34.534991 27.970322 22.569000 18.399372 15.376317 13.315367 11.992411 11.191635 10.733883 10.486376 10.359588 10.297958 10.269485 10.256964 10.251715 10.249614 10.248809 10.248515 10.248411 10.248376 10.248365 10.248362 10.248360 10.248360 10.248360 10.248360 10.248360 10.248359 10.248356 10.248347 10.248321 10.248246 10.248039 10.247494 10.246113 10.242756 10.234937 10.217499 10.180292 10.104417 9.956718 9.682735 9.199686 8.393718 7.130181 5.291125 2.854170 0.000000 
50.000000 43.068525 36.575768 30.877298 26.188593 22.569000 19.944658 18.155472 17.006923 16.311686 15.914247 15.699341 15.589247 15.535729 15.511003 15.500129 15.495569 15.493744 15.493046 15.492790 15.492700 15.492670 15.492660 15.492657 15.492656 15.492655 15.492655 15.492655 15.492655 15.492654 15.492651 15.492641 15.492611 15.492527 15.492295 15.491678 15.490107 15.486262 15.477235 15.456903 15.412989 15.322059 15.141624 14.798699 14.175282 13.094297 11.317293 8.581832 4.732650 0.000000 
50.000000 44.433465 39.219229 34.642824 30.877298 27.970322 25.862602 24.425588 23.503083 22.944652 22.625407 22.452775 22.364334 22.321339 22.301474 22.292737 22.289073 22.287607 22.287045 22.286840 22.286767 22.286743 22.286735 22.286733 22.286732 22.286732 22.286731 22.286731 22.286731 22.286730 22.286727 22.286717 22.286689 22.286606 22.286378 22.285769 22.284211 22.280377 22.271307 22.250686 22.205615 22.110854 21.919031 21.544757 20.840141 19.560005 17.321412 13.588941 7.805781 0.000000 
50.000000 46.092300 42.431899 39.219229 36.575768 34.534991 33.055284 32.046416 31.398746 31.006673 30.782524 30.661311 30.599210 30.569019 30.555069 30.548933 30.546360 30.545330 30.544936 30.544792 30.544741 30.544724 30.544718 30.544717 30.544716 30.544716 30.544716 30.544716 30.544715 30.544715 30.544712 30.544704 30.544681 30.544615 30.544429 30.543935 30.542663 30.539518 30.532032 30.514876 30.476986 30.396214 30.229602 29.895896 29.243866 27.993937 25.630288 21.215949 13.195428 0.000000 
50.000000 47.982308 46.092300 44.433465 43.068525 42.014767 41.250708 40.729763 40.395322 40.192861 40.077112 40.014516 39.982446 39.966854 39.959650 39.956481 39.955152 39.954620 39.954417 39.954342 39.954316 39.954307 39.954304 39.954303 39.954303 39.954303 39.954303 39.954303 39.954303 39.954302 39.954301 39.954297 39.954284 39.954246 39.954142 39.953863 39.953144 39.951360 39.947096 39.937270 39.915408 39.868326 39.769785 39.568102 39.160596 38.335875 36.627684 32.896872 23.991154 0.000000 
50.000000 50.000000 50.000000 50.000000 50.000000 50.000000 50.000000 50.000000 50.000000 50.000000 50.000000 50.000000 50.000000 50.000000 50.000000 50.000000 50.000000 50.000000 50.000000 50.000000 50.000000 50.000000 50.000000 50.000000 50.000000 50.000000 50.000000 50.000000 50.000000 50.000000 50.000000 50.000000 50.000000 50.000000 50.000000 50.000000 50.000000 50.000000 50.000000 50.000000 50.000000 50.000000 50.000000 50.000000 50.000000 50.000000 50.000000 50.000000 50.000000 50.000000 
