50.000000 50.000000 50.000000 50.000000 50.000000 50.000000 50.000000 50.000000 50.000000 50.000000 50.000000 50.000000 50.000000 50.000000 50.000000 50.000000 50.000000 50.000000 50.000000 50.000000 50.000000 50.000000 50.000000 50.000000 50.000000 50.000000 50.000000 50.000000 50.000000 50.000000 50.000000 50.000000 50.000000 50.000000 50.000000 50.000000 50.000000 50.000000 50.000000 50.000000 50.000000 50.000000 50.000000 50.000000 50.000000 50.000000 50.000000 50.000000 50.000000 50.000000 
50.000000 37.959557 30.301716 26.922978 25.808897 25.519290 25.457627 25.446567 25.444860 25.444630 25.444602 25.444599 25.444599 25.444599 25.444599 25.444599 25.444599 25.444599 25.444599 25.444599 25.444599 25.444599 25.444599 25.444599 25.444599 25.444599 25.444599 25.444599 25.444599 25.444599 25.444599 25.444599 25.444599 25.444599 25.444599 25.444599 25.444599 25.444599 25.444599 25.444599 25.444597 25.444582 25.444446 25.443387 25.435988 25.390262 25.141869 23.958556 18.979779 0.000000 
50.000000 30.301716 17.781709 12.263349 10.445973 9.974174 9.873860 9.855894 9.853126 9.852753 9.852708 9.852703 9.852703 9.852703 9.852703 9.852703 9.852703 9.852703 9.852703 9.852703 9.852703 9.852703 9.852703 9.852703 9.852703 9.852703 9.852703 9.852703 9.852703 9.852703 9.852703 9.852703 9.852703 9.852703 9.852703 9.852703 9.852703 9.852703 9.852703 9.852703 9.852701 9.852688 9.852577 9.851721 9.845896 9.811373 9.636050 8.890854 6.343160 0.000000 
50.000000 26.922978 12.263349 5.807230 3.683089 3.132237 3.015247 2.994318 2.991097 2.990663 2.990612 2.990606 2.990606 2.990605 2.990605 2.990605 2.990605 2.990605 2.990605 2.990605 2.990605 2.990605 2.990605 2.990605 2.990605 2.990605 2.990605 2.990605 2.990605 2.990605 2.990605 2.990605 2.990605 2.990605 2.990605 2.990605 2.990605 2.990605 2.990605 2.990605 2.990605 2.990599 2.990550 2.990176 2.987680 2.973322 2.903615 2.627299 1.781109 0.000000 
50.000000 25.808897 10.445973 3.683089 1.459167 0.882762 0.760416 0.738543 0.735179 0.734726 0.734672 0.734666 0.734666 0.734665 0.734665 0.734665 0.734665 0.734665 0.734665 0.734665 0.734665 0.734665 0.734665 0.734665 0.734665 0.734665 0.734665 0.734665 0.734665 0.734665 0.734665 0.734665 0.734665 0.734665 0.734665 0.734665 0.734665 0.734665 0.734665 0.734665 0.734665 0.734663 0.734648 0.734535 0.733789 0.729583 0.709767 0.634600 0.418634 0.000000 
50.000000 25.519290 9.974174 3.132237 0.882762 0.299858 0.176160 0.154050 0.150650 0.150192 0.150138 0.150132 0.150131 0.150131 0.150131 0.150131 0.150131 0.150131 0.150131 0.150131 0.150131 0.150131 0.150131 0.150131 0.150131 0.150131 0.150131 0.150131 0.150131 0.150131 0.150131 0.150131 0.150131 0.150131 0.150131 0.150131 0.150131 0.150131 0.150131 0.150131 0.150131 0.150131 0.150127 0.150101 0.149929 0.148973 0.144557 0.128278 0.083302 0.000000 
50.000000 25.457627 9.873860 3.015247 0.760416 0.176160 0.052182 0.030024 0.026616 0.026158 0.026103 0.026098 0.026097 0.026097 0.026097 0.026097 0.026097 0.026097 0.026097 0.026097 0.026097 0.026097 0.026097 0.026097 0.026097 0.026097 0.026097 0.026097 0.026097 0.026097 0.026097 0.026097 0.026097 0.026097 0.026097 0.026097 0.026097 0.026097 0.026097 0.026097 0.026097 0.026097 0.026096 0.026091 0.026059 0.025881 0.025071 0.022140 0.014240 0.000000 
50.000000 25.446567 9.855894 2.994318 0.738543 0.154050 0.030024 0.007857 0.004448 0.003990 0.003935 0.003929 0.003929 0.003929 0.003929 0.003929 0.003929 0.003929 0.003929 0.003929 0.003929 0.003929 0.003929 0.003929 0.003929 0.003929 0.003929 0.003929 0.003929 0.003929 0.003929 0.003929 0.003929 0.003929 0.003929 0.003929 0.003929 0.003929 0.003929 0.003929 0.003929 0.003929 0.003928 0.003928 0.003923 0.003895 0.003768 0.003317 0.002121 0.000000 
50.000000 25.444860 9.853126 2.991097 0.735179 0.150650 0.026616 0.004448 0.001039 0.000581 0.000526 0.000520 0.000520 0.000520 0.000520 0.000520 0.000520 0.000520 0.000520 0.000520 0.000520 0.000520 0.000520 0.000520 0.000520 0.000520 0.000520 0.000520 0.000520 0.000520 0.000520 0.000520 0.000520 0.000520 0.000520 0.000520 0.000520 0.000520 0.000520 0.000520 0.000520 0.000520 0.000520 0.000520 0.000519 0.000515 0.000498 0.000437 0.000279 0.000000 
50.000000 25.444630 9.852753 2.990663 0.734726 0.150192 0.026158 0.003990 0.000581 0.000122 0.000068 0.000062 0.000061 0.000061 0.000061 0.000061 0.000061 0.000061 0.000061 0.000061 0.000061 0.000061 0.000061 0.000061 0.000061 0.000061 0.000061 0.000061 0.000061 0.000061 0.000061 0.000061 0.000061 0.000061 0.000061 0.000061 0.000061 0.000061 0.000061 0.000061 0.000061 0.000061 0.000061 0.000061 0.000061 0.000061 0.000059 0.000051 0.000033 0.000000 
50.000000 25.444602 9.852708 2.990612 0.734672 0.150138 0.026103 0.003935 0.000526 0.000068 0.000013 0.000007 0.000007 0.000006 0.000006 0.000006 0.000006 0.000006 0.000006 0.000006 0.000006 0.000006 0.000006 0.000006 0.000006 0.000006 0.000006 0.000006 0.000006 0.000006 0.000006 0.000006 0.000006 0.000006 0.000006 0.000006 0.000006 0.000006 0.000006 0.000006 0.000006 0.000006 0.000006 0.000006 0.000006 0.000006 0.000006 0.000005 0.000003 0.000000 
50.000000 25.444599 9.852703 2.990606 0.734666 0.150132 0.026098 0.003929 0.000520 0.000062 0.000007 0.000001 0.000001 0.000001 0.000001 0.000001 0.000001 0.000001 0.000001 0.000001 0.000001 0.000001 0.000001 0.000001 0.000001 0.000001 0.000001 0.000001 0.000001 0.000001 0.000001 0.000001 0.000001 0.000001 0.000001 0.000001 0.000001 0.000001 0.000001 0.000001 0.000001 0.000001 0.000001 0.000001 0.000001 0.000001 0.000001 0.000001 0.000000 0.000000 
50.000000 25.444599 9.852703 2.990606 0.734666 0.150131 0.026097 0.003929 0.000520 0.000061 0.000007 0.000001 0.000000 0.000000 0.000000 0.000000 0.000000 0.000000 0.000000 0.000000 0.000000 0.000000 0.000000 0.000000 0.000000 0.000000 0.000000 0.000000 0.000000 0.000000 0.000000 0.000000 0.000000 0.000000 0.000000 0.000000 0.000000 0.000000 0.000000 0.000000 0.000000 0.000000 0.000000 0.000000 0.000000 0.000000 0.000000 0.000000 0.000000 0.000000 
50.000000 25.444599 9.852703 2.990605 0.734665 0.150131 0.026097 0.003929 0.000520 0.000061 0.000006 0.000001 0.000000 0.000000 0.000000 0.000000 0.000000 0.000000 0.000000 0.000000 0.000000 0.000000 0.000000 0.000000 0.000000 0.000000 0.000000 0.000000 0.000000 0.000000 0.000000 0.000000 0.000000 0.000000 0.000000 0.000000 0.000000 0.000000 0.000000 0.000000 0.000000 0.000000 0.000000 0.000000 0.000000 0.000000 0.000000 0.000000 0.000000 0.000000 
50.000000 25.444599 9.852703 2.990605 0.734665 0.150131 0.026097 0.003929 0.000520 0.000061 0.000006 0.000001 0.000000 0.000000 0.000000 0.000000 0.000000 0.000000 0.000000 0.000000 0.000000 0.000000 0.000000 0.000000 0.000000 0.000000 0.000000 0.000000 0.000000 0.000000 0.000000 0.000000 0.000000 0.000000 0.000000 0.000000 0.000000 0.000000 0.000000 0.000000 0.000000 0.000000 0.000000 0.000000 0.000000 0.000000 0.000000 0.000000 0.000000 0.000000 
50.000000 25.444599 9.852703 2.990605 0.734665 0.150131 0.026097 0.003929 0.000520 0.000061 0.000006 0.000001 0.000000 0.000000 0.000000 0.000000 0.000000 0.000000 0.000000 0.000000 0.000000 0.000000 0.000000 0.000000 0.000000 0.000000 0.000000 0.000000 0.000000 0.000000 0.000000 0.000000 0.000000 0.000000 0.000000 0.000000 0.000000 0.000000 0.000000 0.000000 0.000000 0.000000 0.000000 0.000000 0.000000 0.000000 0.000000 0.000000 0.000000 0.000000 
50.000000 25.444599 9.852703 2.990605 0.734665 0.150131 0.026097 0.003929 0.000520 0.000061 0.000006 0.000001 0.000000 0.000000 0.000000 0.000000 0.000000 0.000000 0.000000 0.000000 0.000000 0.000000 0.000000 0.000000 0.000000 0.000000 0.000000 0.000000 0.000000 0.000000 0.000000 0.000000 0.000000 0.000000 0.000000 0.000000 0.000000 0.000000 0.000000 0.000000 0.000000 0.000000 0.000000 0.000000 0.000000 0.000000 0.000000 0.000000 0.000000 0.000000 
50.000000 25.444599 9.852703 2.990605 0.734665 0.150131 0.026097 0.003929 0.000520 0.000061 0.000006 0.000001 0.000000 0.000000 0.000000 0.000000 0.000000 0.000000 0.000000 0.000000 0.000000 0.000000 0.000000 0.000000 0.000000 0.000000 0.000000 0.000000 0.000000 0.000000 0.000000 0.000000 0.000000 0.000000 0.000000 0.000000 0.000000 0.000000 0.000000 0.000000 0.000000 0.000000 0.000000 0.000000 0.000000 0.000000 0.000000 0.000000 0.000000 0.000000 
50.000000 25.444599 9.852703 2.990605 0.734665 0.150131 0.026097 0.003929 0.000520 0.000061 0.000006 0.000001 0.000000 0.000000 0.000000 0.000000 0.000000 0.000000 0.000000 0.000000 0.000000 0.000000 0.000000 0.000000 0.000000 0.000000 0.000000 0.000000 0.000000 0.000000 0.000000 0.000000 0.000000 0.000000 0.000000 0.000000 0.000000 0.000000 0.000000 0.000000 0.000000 0.000000 0.000000 0.000000 0.000000 0.000000 0.000000 0.000000 0.000000 0.000000 
50.000000 25.444599 9.852703 2.990605 0.734665 0.150131 0.026097 0.003929 0.000520 0.000061 0.000006 0.000001 0.000000 0.000000 0.000000 0.000000 0.000000 0.000000 0.000000 0.000000 0.000000 0.000000 0.000000 0.000000 0.000000 0.000000 0.000000 0.000000 0.000000 0.000000 0.000000 0.000000 0.000000 0.000000 0.000000 0.000000 0.000000 0.000000 0.000000 0.000000 0.000000 0.000000 0.000000 0.000000 0.000000 0.000000 0.000000 0.000000 0.000000 0.000000 
50.000000 25.444599 9.852703 2.990605 0.734665 0.150131 0.026097 0.003929 0.000520 0.000061 0.000006 0.000001 0.000000 0.000000 0.000000 0.000000 0.000000 0.000000 0.000000 0.000000 0.000000 0.000000 0.000000 0.000000 0.000000 0.000000 0.000000 0.000000 0.000000 0.000000 0.000000 0.000000 0.000000 0.000000 0.000000 0.000000 0.000000 0.000000 0.000000 0.000000 0.000000 0.000000 0.000000 0.000000 0.000000 0.000000 0.000000 0.000000 0.000000 0.000000 
50.000000 25.444599 9.852703 2.990605 0.734665 0.150131 0.026097 0.003929 0.000520 0.000061 0.000006 0.000001 0.000000 0.000000 0.000000 0.000000 0.000000 0.000000 0.000000 0.000000 0.000000 0.000000 0.000000 0.000000 0.000000 0.000000 0.000000 0.000000 0.000000 0.000000 0.000000 0.000000 0.000000 0.000000 0.000000 0.000000 0.000000 0.000000 0.000000 0.000000 0.000000 0.000000 0.000000 0.000000 0.000000 0.000000 0.000000 0.000000 0.000000 0.000000 
50.000000 25.444599 9.852703 2.990605 0.734665 0.150131 0.026097 0.003929 0.000520 0.000061 0.000006 0.000001 0.000000 0.000000 0.000000 0.000000 0.000000 0.000000 0.000000 0.000000 0.000000 0.000000 0.000000 0.000000 0.000000 0.000000 0.000000 0.000000 0.000000 0.000000 0.000000 0.000000 0.000000 0.000000 0.000000 0.000000 0.000000 0.000000 0.000000 0.000000 0.000000 0.000000 0.000000 0.000000 0.000000 0.000000 0.000000 0.000000 0.000000 0.000000 
50.000000 25.444599 9.852703 2.990605 0.734665 0.150131 0.026097 0.003929 0.000520 0.000061 0.000006 0.000001 0.000000 0.000000 0.000000 0.000000 0.000000 0.000000 0.000000 0.000000 0.000000 0.000000 0.000000 0.000000 0.000000 0.000000 0.000000 0.000000 0.000000 0.000000 0.000000 0.000000 0.000000 0.000000 0.000000 0.000000 0.000000 0.000000 0.000000 0.000000 0.000000 0.000000 0.000000 0.000000 0.000000 0.000000 0.000000 0.000000 0.000000 0.000000 
50.000000 25.444599 9.852703 2.990605 0.734665 0.150131 0.026097 0.003929 0.000520 0.000061 0.000006 0.000001 0.000000 0.000000 0.000000 0.000000 0.000000 0.000000 0.000000 0.000000 0.000000 0.000000 0.000000 0.000000 0.000000 0.000000 0.000000 0.000000 0.000000 0.000000 0.000000 0.000000 0.000000 0.000000 0.000000 0.000000 0.000000 0.000000 0.000000 0.000000 0.000000 0.000000 0.000000 0.000000 0.000000 0.000000 0.000000 0.000000 0.000000 0.000000 
50.000000 25.444599 9.852703 2.990605 0.734665 0.150131 0.026097 0.003929 0.000520 0.000061 0.000006 0.000001 0.000000 0.000000 0.000000 0.000000 0.000000 0.000000 0.000000 0.000000 0.000000 0.000000 0.000000 0.000000 0.000000 0.000000 0.000000 0.000000 0.000000 0.000000 0.000000 0.000000 0.000000 0.000000 0.000000 0.000000 0.000000 0.000000 0.000000 0.000000 0.000000 0.000000 0.000000 0.000000 0.000000 0.000000 0.000000 0.000000 0.000000 0.000000 
50.000000 25.444599 9.852703 2.990605 0.734665 0.150131 0.026097 0.003929 0.000520 0.000061 0.000006 0.000001 0.000000 0.000000 0.000000 0.000000 0.000000 0.000000 0.000000 0.000000 0.000000 0.000000 0.000000 0.000000 0.000000 0.000000 0.000000 0.000000 0.000000 0.000000 0.000000 0.000000 0.000000 0.000000 0.000000 0.000000 0.000000 0.000000 0.000000 0.000000 0.000000 0.000000 0.000000 0.000000 0.000000 0.000000 0.000000 0.000000 0.000000 0.000000 
50.000000 25.444599 9.852703 2.990605 0.734665 0.150131 0.026097 0.003929 0.000520 0.000061 0.000006 0.000001 0.000000 0.000000 0.000000 0.000000 0.000000 0.000000 0.000000 0.000000 0.000000 0.000000 0.000000 0.000000 0.000000 0.000000 0.000000 0.000000 0.000000 0.000000 0.000000 0.000000 0.000000 0.000000 0.000000 0.000000 0.000000 0.000000 0.000000 0.000000 0.000000 0.000000 0.000000 0.000000 0.000000 0.000000 0.000000 0.000000 0.000000 0.000000 
50.000000 25.444599 9.852703 2.990605 0.734665 0.150131 0.026097 0.003929 0.000520 0.000061 0.000006 0.000001 0.000000 0.000000 0.000000 0.000000 0.000000 0.000000 0.000000 0.000000 0.000000 0.000000 0.000000 0.000000 0.000000 0.000000 0.000000 0.000000 0.000000 0.000000 0.000000 0.000000 0.000000 0.000000 0.000000 0.000000 0.000000 0.000000 0.000000 0.000000 0.000000 0.000000 0.000000 0.000000 0.000000 0.000000 0.000000 0.000000 0.000000 0.000000 
50.000000 25.444599 9.852703 2.990605 0.734665 0.150131 0.026097 0.003929 0.000520 0.000061 0.000006 0.000001 0.000000 0.000000 0.000000 0.000000 0.000000 0.000000 0.000000 0.000000 0.000000 0.000000 0.000000 0.000000 0.000000 0.000000 0.000000 0.000000 0.000000 0.000000 0.000000 0.000000 0.000000 0.000000 0.000000 0.000000 0.000000 0.000000 0.000000 0.000000 0.000000 0.000000 0.000000 0.000000 0.000000 0.000000 0.000000 0.000000 0.000000 0.000000 
50.000000 25.444599 9.852703 2.990605 0.734665 0.150131 0.026097 0.003929 0.000520 0.000061 0.000006 0.000001 0.000000 0.000000 0.000000 0.000000 0.000000 0.000000 0.000000 0.000000 0.000000 0.000000 0.000000 0.000000 0.000000 0.000000 0.000000 0.000000 0.000000 0.000000 0.000000 0.000000 0.000000 0.000000 0.000000 0.000000 0.000000 0.000000 0.000000 0.000000 0.000000 0.000000 0.000000 0.000000 0.000000 0.000000 0.000000 0.000000 0.000000 0.000000 
50.000000 25.444599 9.852703 2.990605 0.734665 0.150131 0.026097 0.003929 0.000520 0.000061 0.000006 0.000001 0.000000 0.000000 0.000000 0.000000 0.000000 0.000000 0.000000 0.000000 0.000000 0.000000 0.000000 0.000000 0.000000 0.000000 0.000000 0.000000 0.000000 0.000000 0.000000 0.000000 0.000000 0.000000 0.000000 0.000000 0.000000 0.000000 0.000000 0.000000 0.000000 0.000000 0.000000 0.000000 0.000000 0.000000 0.000000 0.000000 0.000000 0.000000 
50.000000 25.444599 9.852703 2.990605 0.734665 0.150131 0.026097 0.003929 0.000520 0.000061 0.000006 0.000001 0.000000 0.000000 0.000000 0.000000 0.000000 0.000000 0.000000 0.000000 0.000000 0.000000 0.000000 0.000000 0.000000 0.000000 0.000000 0.000000 0.000000 0.000000 0.000000 0.000000 0.000000 0.000000 0.000000 0.000000 0.000000 0.000000 0.000000 0.000000 0.000000 0.000000 0.000000 0.000000 0.000000 0.000000 0.000000 0.000000 0.000000 0.000000 
50.000000 25.444599 9.852703 2.990605 0.734665 0.150131 0.026097 0.003929 0.000520 0.000061 0.000006 0.000001 0.000000 0.000000 0.000000 0.000000 0.000000 0.000000 0.000000 0.000000 0.000000 0.000000 0.000000 0.000000 0.000000 0.000000 0.000000 0.000000 0.000000 0.000000 0.000000 0.000000 0.000000 0.000000 0.000000 0.000000 0.000000 0.000000 0.000000 0.000000 0.000000 0.000000 0.000000 0.000000 0.000000 0.000000 0.000000 0.000000 0.000000 0.000000 
50.000000 25.444599 9.852703 2.990605 0.734665 0.150131 0.026097 0.003929 0.000520 0.000061 0.000006 0.000001 0.000000 0.000000 0.000000 0.000000 0.000000 0.000000 0.000000 0.000000 0.000000 0.000000 0.000000 0.000000 0.000000 0.000000 0.000000 0.000000 0.000000 0.000000 0.000000 0.000000 0.000000 0.000000 0.000000 0.000000 0.000000 0.000000 0.000000 0.000000 0.000000 0.000000 0.000000 0.000000 0.000000 0.000000 0.000000 0.000000 0.000000 0.000000 
50.000000 25.444599 9.852703 2.990605 0.734665 0.150131 0.026097 0.003929 0.000520 0.000061 0.000006 0.000001 0.000000 0.000000 0.000000 0.000000 0.000000 0.000000 0.000000 0.000000 0.000000 0.000000 0.000000 0.000000 0.000000 0.000000 0.000000 0.000000 0.000000 0.000000 0.000000 0.000000 0.000000 0.000000 0.000000 0.000000 0.000000 0.000000 0.000000 0.000000 0.000000 0.000000 0.000000 0.000000 0.000000 0.000000 0.000000 0.000000 0.000000 0.000000 
50.000000 25.444599 9.852703 2.990605 0.734665 0.150131 0.026097 0.003929 0.000520 0.000061 0.000006 0.000001 0.000000 0.000000 0.000000 0.000000 0.000000 0.000000 0.000000 0.000000 0.000000 0.000000 0.000000 0.000000 0.000000 0.000000 0.000000 0.000000 0.000000 0.000000 0.000000 0.000000 0.000000 0.000000 0.000000 0.000000 0.000000 0.000000 0.000000 0.000000 0.000000 0.000000 0.000000 0.000000 0.000000 0.000000 0.000000 0.000000 0.000000 0.000000 
50.000000 25.444599 9.852703 2.990606 0.734666 0.150131 0.026097 0.003929 0.000520 0.000061 0.000007 0.000001 0.000000 0.000000 0.000000 0.000000 0.000000 0.000000 0.000000 0.000000 0.000000 0.000000 0.000000 0.000000 0.000000 0.000000 0.000000 0.000000 0.000000 0.000000 0.000000 0.000000 0.000000 0.000000 0.000000 0.000000 0.000000 0.000000 0.000000 0.000000 0.000000 0.000000 0.000000 0.000000 0.000000 0.000000 0.000000 0.000000 0.000000 0.000000 
50.000000 25.444599 9.852703 2.990606 0.734666 0.150132 0.026098 0.003929 0.000520 0.000062 0.000007 0.000001 0.000001 0.000001 0.000001 0.000001 0.000001 0.000001 0.000001 0.000001 0.000001 0.000001 0.000001 0.000001 0.000001 0.000001 0.000001 0.000001 0.000001 0.000001 0.000001 0.000001 0.000001 0.000001 0.000001 0.000001 0.000001 0.000001 0.000001 0.000001 0.000001 0.000001 0.000001 0.000001 0.000001 0.000001 0.000001 0.000001 0.000000 0.000000 
50.000000 25.444602 9.852708 2.990612 0.734672 0.150138 0.026103 0.003935 0.000526 0.000068 0.000013 0.000007 0.000007 0.000006 0.000006 0.000006 0.000006 0.000006 0.000006 0.000006 0.000006 0.000006 0.000006 0.000006 0.000006 0.000006 0.000006 0.000006 0.000006 0.000006 0.000006 0.000006 0.000006 0.000006 0.000006 0.000006 0.000006 0.000006 0.000006 0.000006 0.000006 0.000006 0.000006 0.000006 0.000006 0.000006 0.000006 0.000005 0.000003 0.000000 
50.000000 25.444630 9.852753 2.990663 0.734726 0.150192 0.026158 0.003990 0.000581 0.000122 0.000068 0.000062 0.000061 0.000061 0.000061 0.000061 0.000061 0.000061 0.000061 0.000061 0.000061 0.000061 0.000061 0.000061 0.000061 0.000061 0.000061 0.000061 0.000061 0.000061 0.000061 0.000061 0.000061 0.000061 0.000061 0.000061 0.000061 0.000061 0.000061 0.000061 0.000061 0.000061 0.000061 0.000061 0.000061 0.000061 0.000059 0.000051 0.000033 0.000000 
50.000000 25.444860 9.853126 2.991097 0.735179 0.150650 0.026616 0.004448 0.001039 0.000581 0.000526 0.000520 0.000520 0.000520 0.000520 0.000520 0.000520 0.000520 0.000520 0.000520 0.000520 0.000520 0.000520 0.000520 0.000520 0.000520 0.000520 0.000520 0.000520 0.000520 0.000520 0.000520 0.000520 0.000520 0.000520 0.000520 0.000520 0.000520 0.000520 0.000520 0.000520 0.000520 0.000520 0.000520 0.000519 0.000515 0.000498 0.000437 0.000279 0.000000 
50.000000 25.446567 9.855894 2.994318 0.738543 0.154050 0.030024 0.007857 0.004448 0.003990 0.003935 0.003929 0.003929 0.003929 0.003929 0.003929 0.003929 0.003929 0.003929 0.003929 0.003929 0.003929 0.003929 0.003929 0.003929 0.003929 0.003929 0.003929 0.003929 0.003929 0.003929 0.003929 0.003929 0.003929 0.003929 0.003929 0.003929 0.003929 0.003929 0.003929 0.003929 0.003929 0.003928 0.003928 0.003923 0.003895 0.003768 0.003317 0.002121 0.000000 
50.000000 25.457627 9.873860 3.015247 0.760416 0.176160 0.052182 0.030024 0.026616 0.026158 0.026103 0.026098 0.026097 0.026097 0.026097 0.026097 0.026097 0.026097 0.026097 0.026097 0.026097 0.026097 0.026097 0.026097 0.026097 0.026097 0.026097 0.026097 0.026097 0.026097 0.026097 0.026097 0.026097 0.026097 0.026097 0.026097 0.026097 0.026097 0.026097 0.026097 0.026097 0.026097 0.026096 0.026091 0.026059 0.025881 0.025071 0.022140 0.014240 0.000000 
50.000000 25.519290 9.974174 3.132237 0.882762 0.299858 0.176160 0.154050 0.150650 0.150192 0.150138 0.150132 0.150131 0.150131 0.150131 0.150131 0.150131 0.150131 0.150131 0.150131 0.150131 0.150131 0.150131 0.150131 0.150131 0.150131 0.150131 0.150131 0.150131 0.150131 0.150131 0.150131 0.150131 0.150131 0.150131 0.150131 0.150131 0.150131 0.150131 0.150131 0.150131 0.150131 0.150127 0.150101 0.149929 0.148973 0.144557 0.128278 0.083302 0.000000 
50.000000 25.808897 10.445973 3.683089 1.459167 0.882762 0.760416 0.738543 0.735179 0.734726 0.734672 0.734666 0.734666 0.734665 0.734665 0.734665 0.734665 0.734665 0.734665 0.734665 0.734665 0.734665 0.734665 0.734665 0.734665 0.734665 0.734665 0.734665 0.734665 0.734665 0.734665 0.734665 0.734665 0.734665 0.734665 0.734665 0.734665 0.734665 0.734665 0.734665 0.734665 0.734663 0.734648 0.734535 0.733789 0.729583 0.709767 0.634600 0.418634 0.000000 
50.000000 26.922978 12.263349 5.807230 3.683089 3.132237 3.015247 2.994318 2.991097 2.990663 2.990612 2.990606 2.990606 2.990605 2.990605 2.990605 2.990605 2.990605 2.990605 2.990605 2.990605 2.990605 2.990605 2.990605 2.990605 2.990605 2.990605 2.990605 2.990605 2.990605 2.990605 2.990605 2.990605 2.990605 2.990605 2.990605 2.990605 2.990605 2.990605 2.990605 2.990605 2.990599 2.990550 2.990176 2.987680 2.973322 2.903615 2.627299 1.781109 0.000000 
50.000000 30.301716 17.781709 12.263349 10.445973 9.974174 9.873860 9.855894 9.853126 9.852753 9.852708 9.852703 9.852703 9.852703 9.852703 9.852703 9.852703 9.852703 9.852703 9.852703 9.852703 9.852703 9.852703 9.852703 9.852703 9.852703 9.852703 9.852703 9.852703 9.852703 9.852703 9.852703 9.852703 9.852703 9.852703 9.852703 9.852703 9.852703 9.852703 9.852703 9.852701 9.852688 9.852577 9.851721 9.845896 9.811373 9.636050 8.890854 6.343160 0.000000 
50.000000 37.959557 30.301716 26.922978 25.808897 25.519290 25.457627 25.446567 25.444860 25.444630 25.444602 25.444599 25.444599 25.444599 25.444599 25.444599 25.444599 25.444599 25.444599 25.444599 25.444599 25.444599 25.444599 25.444599 25.444599 25.444599 25.444599 25.444599 25.444599 25.444599 25.444599 25.444599 25.444599 25.444599 25.444599 25.444599 25.444599 25.444599 25.444599 25.444599 25.444597 25.444582 25.444446 25.443387 25.435988 25.390262 25.141869 23.958556 18.979779 0.000000 
50.000000 50.000000 50.000000 50.000000 50.000000 50.000000 50.000000 50.000000 50.000000 50.000000 50.000000 50.000000 50.000000 50.000000 50.000000 50.000000 50.000000 50.000000 50.000000 50.000000 50.000000 50.000000 50.000000 50.000000 50.000000 50.000000 50.000000 50.000000 50.000000 50.000000 50.000000 50.000000 50.000000 50.000000 50.000000 50.000000 50.000000 50.000000 50.000000 50.000000 50.000000 50.000000 50.000000 50.000000 50.000000 50.000000 50.000000 50.000000 50.000000 50.000000 
