50.000000 50.000000 50.000000 50.000000 50.000000 50.000000 50.000000 50.000000 50.000000 50.000000 50.000000 50.000000 50.000000 50.000000 50.000000 50.000000 50.000000 50.000000 50.000000 50.000000 50.000000 50.000000 50.000000 50.000000 50.000000 50.000000 50.000000 50.000000 50.000000 50.000000 50.000000 50.000000 50.000000 50.000000 50.000000 50.000000 50.000000 50.000000 50.000000 50.000000 50.000000 50.000000 50.000000 50.000000 50.000000 50.000000 50.000000 50.000000 50.000000 50.000000 
50.000000 47.297447 44.823790 42.749928 41.155183 40.028217 39.294612 38.853548 38.607926 38.480860 38.419615 38.392031 38.380390 38.375775 38.374050 38.373442 38.373239 38.373175 38.373156 38.373150 38.373149 38.373148 38.373148 38.373148 38.373148 38.373148 38.373148 38.373148 38.373148 38.373148 38.373148 38.373148 38.373147 38.373143 38.373130 38.373086 38.372947 38.372523 38.371288 38.367863 38.358787 38.335792 38.279933 38.149207 37.852076 37.187597 35.696027 32.237330 23.648723 0.000000 
50.000000 44.823790 40.086019 36.114023 33.059723 30.901382 29.496440 28.651779 28.181420 27.938103 27.820831 27.768016 27.745729 27.736892 27.733591 27.732427 27.732038 27.731915 27.731878 27.731867 27.731865 27.731864 27.731864 27.731864 27.731864 27.731864 27.731864 27.731864 27.731864 27.731864 27.731863 27.731863 27.731861 27.731855 27.731832 27.731758 27.731521 27.730803 27.728721 27.722978 27.707876 27.670015 27.579416 27.372036 26.916447 25.951640 23.973349 20.043010 12.586460 0.000000 
50.000000 42.749928 36.114023 30.550803 26.273043 23.250251 21.282698 20.099854 19.441213 19.100520 18.936327 18.862387 18.831187 18.818817 18.814198 18.812568 18.812024 18.811852 18.811801 18.811786 18.811782 18.811781 18.811780 18.811780 18.811780 18.811780 18.811780 18.811780 18.811780 18.811780 18.811780 18.811779 18.811777 18.811770 18.811744 18.811658 18.811387 18.810565 18.808202 18.801733 18.784899 18.743276 18.645525 18.427501 17.965742 17.037949 15.275402 12.140675 7.053901 0.000000 
50.000000 41.155183 33.059723 26.273043 21.054701 17.367432 14.967497 13.524808 12.721535 12.306060 12.105844 12.015691 11.977652 11.962573 11.956942 11.954956 11.954293 11.954083 11.954020 11.954002 11.953997 11.953996 11.953996 11.953995 11.953995 11.953995 11.953995 11.953995 11.953995 11.953995 11.953995 11.953995 11.953993 11.953986 11.953962 11.953882 11.953631 11.952877 11.950721 11.944874 11.929834 11.893193 11.808787 11.625242 11.249382 10.527350 9.235094 7.108083 3.967586 0.000000 
50.000000 40.028217 30.901382 23.250251 17.367432 13.210835 10.505579 8.879454 7.974112 7.505881 7.280262 7.178678 7.135822 7.118834 7.112490 7.110254 7.109508 7.109271 7.109200 7.109180 7.109174 7.109173 7.109172 7.109172 7.109172 7.109172 7.109172 7.109172 7.109172 7.109172 7.109172 7.109172 7.109170 7.109165 7.109146 7.109082 7.108884 7.108293 7.106616 7.102109 7.090649 7.063131 7.000879 6.868581 6.605417 6.118049 5.284509 3.984934 2.176141 0.000000 
50.000000 39.294612 29.496440 21.282698 14.967497 10.505579 7.601755 5.856372 4.884697 4.382194 4.140080 4.031078 3.985096 3.966871 3.960066 3.957667 3.956867 3.956614 3.956537 3.956516 3.956510 3.956508 3.956508 3.956508 3.956508 3.956508 3.956508 3.956508 3.956508 3.956508 3.956507 3.956507 3.956506 3.956502 3.956489 3.956445 3.956307 3.955900 3.954753 3.951698 3.944015 3.925809 3.885290 3.800878 3.636999 3.342255 2.855197 2.124405 1.145405 0.000000 
50.000000 38.853548 28.651779 20.099854 13.524808 8.879454 5.856372 4.039392 3.027911 2.504853 2.252850 2.139404 2.091550 2.072585 2.065504 2.063008 2.062175 2.061912 2.061833 2.061810 2.061804 2.061802 2.061802 2.061802 2.061802 2.061802 2.061802 2.061801 2.061801 2.061801 2.061801 2.061801 2.061801 2.061798 2.061790 2.061762 2.061677 2.061426 2.060723 2.058868 2.054248 2.043431 2.019696 1.971082 1.878575 1.716021 1.454329 1.072363 0.573615 0.000000 
50.000000 38.607926 28.181420 19.441213 12.721535 7.974112 4.884697 3.027911 1.994309 1.459835 1.202343 1.086432 1.037541 1.018165 1.010932 1.008382 1.007532 1.007262 1.007181 1.007158 1.007152 1.007150 1.007150 1.007150 1.007150 1.007150 1.007150 1.007150 1.007150 1.007150 1.007150 1.007150 1.007149 1.007148 1.007143 1.007128 1.007080 1.006939 1.006549 1.005527 1.003003 0.997155 0.984480 0.958887 0.910981 0.828342 0.697937 0.511405 0.272134 0.000000 
50.000000 38.480860 27.938103 19.100520 12.306060 7.505881 4.382194 2.504853 1.459835 0.919472 0.659151 0.541970 0.492545 0.472958 0.465647 0.463069 0.462210 0.461937 0.461856 0.461832 0.461826 0.461824 0.461824 0.461824 0.461824 0.461824 0.461824 0.461824 0.461824 0.461824 0.461823 0.461823 0.461823 0.461823 0.461820 0.461812 0.461787 0.461716 0.461517 0.461001 0.459736 0.456832 0.450605 0.438179 0.415232 0.376226 0.315621 0.230226 0.122073 0.000000 
50.000000 38.419615 27.820831 18.936327 12.105844 7.280262 4.140080 2.252850 1.202343 0.659151 0.397472 0.279682 0.230000 0.210312 0.202963 0.200373 0.199508 0.199235 0.199153 0.199129 0.199123 0.199121 0.199121 0.199121 0.199121 0.199121 0.199121 0.199121 0.199121 0.199121 0.199121 0.199121 0.199120 0.199120 0.199119 0.199115 0.199103 0.199070 0.198977 0.198736 0.198150 0.196817 0.193981 0.188381 0.178152 0.160970 0.134594 0.097852 0.051752 0.000000 
50.000000 38.392031 27.768016 18.862387 12.015691 7.178678 4.031078 2.139404 1.086432 0.541970 0.279682 0.161619 0.111823 0.092089 0.084723 0.082127 0.081261 0.080987 0.080904 0.080881 0.080874 0.080873 0.080872 0.080872 0.080872 0.080872 0.080872 0.080872 0.080872 0.080872 0.080872 0.080872 0.080872 0.080872 0.080871 0.080870 0.080865 0.080850 0.080809 0.080705 0.080453 0.079883 0.078681 0.076325 0.072062 0.064969 0.054185 0.039295 0.020743 0.000000 
50.000000 38.380390 27.745729 18.831187 11.977652 7.135822 3.985096 2.091550 1.037541 0.492545 0.230000 0.111823 0.061978 0.042226 0.034853 0.032255 0.031388 0.031113 0.031031 0.031007 0.031001 0.030999 0.030998 0.030998 0.030998 0.030998 0.030998 0.030998 0.030998 0.030998 0.030998 0.030998 0.030998 0.030998 0.030998 0.030997 0.030995 0.030989 0.030973 0.030931 0.030830 0.030602 0.030125 0.029196 0.027529 0.024776 0.020622 0.014926 0.007868 0.000000 
50.000000 38.375775 27.736892 18.818817 11.962573 7.118834 3.966871 2.072585 1.018165 0.472958 0.210312 0.092089 0.042226 0.022467 0.015091 0.012491 0.011624 0.011350 0.011267 0.011243 0.011237 0.011235 0.011235 0.011235 0.011235 0.011235 0.011235 0.011235 0.011235 0.011235 0.011235 0.011235 0.011235 0.011235 0.011235 0.011234 0.011233 0.011231 0.011225 0.011209 0.011171 0.011086 0.010908 0.010564 0.009949 0.008942 0.007431 0.005370 0.002828 0.000000 
50.000000 38.374050 27.733591 18.814198 11.956942 7.112490 3.960066 2.065504 1.010932 0.465647 0.202963 0.084723 0.034853 0.015091 0.007714 0.005114 0.004247 0.003972 0.003890 0.003866 0.003860 0.003858 0.003857 0.003857 0.003857 0.003857 0.003857 0.003857 0.003857 0.003857 0.003857 0.003857 0.003857 0.003857 0.003857 0.003857 0.003857 0.003856 0.003854 0.003848 0.003835 0.003804 0.003742 0.003622 0.003408 0.003059 0.002539 0.001833 0.000964 0.000000 
50.000000 38.373442 27.732427 18.812568 11.954956 7.110254 3.957667 2.063008 1.008382 0.463069 0.200373 0.082127 0.032255 0.012491 0.005114 0.002514 0.001646 0.001372 0.001289 0.001266 0.001259 0.001257 0.001257 0.001257 0.001257 0.001257 0.001257 0.001257 0.001257 0.001257 0.001257 0.001257 0.001257 0.001257 0.001257 0.001257 0.001257 0.001256 0.001256 0.001254 0.001249 0.001239 0.001218 0.001179 0.001108 0.000994 0.000824 0.000594 0.000312 0.000000 
50.000000 38.373239 27.732038 18.812024 11.954293 7.109508 3.956867 2.062175 1.007532 0.462210 0.199508 0.081261 0.031388 0.011624 0.004247 0.001646 0.000779 0.000504 0.000422 0.000398 0.000392 0.000390 0.000390 0.000389 0.000389 0.000389 0.000389 0.000389 0.000389 0.000389 0.000389 0.000389 0.000389 0.000389 0.000389 0.000389 0.000389 0.000389 0.000389 0.000388 0.000387 0.000384 0.000377 0.000365 0.000343 0.000307 0.000254 0.000183 0.000096 0.000000 
50.000000 38.373175 27.731915 18.811852 11.954083 7.109271 3.956614 2.061912 1.007262 0.461937 0.199235 0.080987 0.031113 0.011350 0.003972 0.001372 0.000504 0.000230 0.000147 0.000124 0.000117 0.000115 0.000115 0.000115 0.000115 0.000115 0.000115 0.000115 0.000115 0.000115 0.000115 0.000115 0.000115 0.000115 0.000115 0.000115 0.000115 0.000115 0.000115 0.000115 0.000114 0.000113 0.000111 0.000108 0.000101 0.000090 0.000075 0.000054 0.000028 0.000000 
50.000000 38.373156 27.731878 18.811801 11.954020 7.109200 3.956537 2.061833 1.007181 0.461856 0.199153 0.080904 0.031031 0.011267 0.003890 0.001289 0.000422 0.000147 0.000065 0.000041 0.000035 0.000033 0.000032 0.000032 0.000032 0.000032 0.000032 0.000032 0.000032 0.000032 0.000032 0.000032 0.000032 0.000032 0.000032 0.000032 0.000032 0.000032 0.000032 0.000032 0.000032 0.000032 0.000031 0.000030 0.000028 0.000025 0.000021 0.000015 0.000008 0.000000 
50.000000 38.373150 27.731867 18.811786 11.954002 7.109180 3.956516 2.061810 1.007158 0.461832 0.199129 0.080881 0.031007 0.011243 0.003866 0.001266 0.000398 0.000124 0.000041 0.000017 0.000011 0.000009 0.000009 0.000009 0.000009 0.000009 0.000009 0.000009 0.000009 0.000009 0.000009 0.000009 0.000009 0.000009 0.000009 0.000009 0.000009 0.000009 0.000009 0.000009 0.000009 0.000009 0.000008 0.000008 0.000008 0.000007 0.000006 0.000004 0.000002 0.000000 
50.000000 38.373149 27.731865 18.811782 11.953997 7.109174 3.956510 2.061804 1.007152 0.461826 0.199123 0.080874 0.031001 0.011237 0.003860 0.001259 0.000392 0.000117 0.000035 0.000011 0.000004 0.000003 0.000002 0.000002 0.000002 0.000002 0.000002 0.000002 0.000002 0.000002 0.000002 0.000002 0.000002 0.000002 0.000002 0.000002 0.000002 0.000002 0.000002 0.000002 0.000002 0.000002 0.000002 0.000002 0.000002 0.000002 0.000001 0.000001 0.000001 0.000000 
50.000000 38.373148 27.731864 18.811781 11.953996 7.109173 3.956508 2.061802 1.007150 0.461824 0.199121 0.080873 0.030999 0.011235 0.003858 0.001257 0.000390 0.000115 0.000033 0.000009 0.000003 0.000001 0.000001 0.000001 0.000001 0.000001 0.000001 0.000001 0.000001 0.000001 0.000001 0.000001 0.000001 0.000001 0.000001 0.000001 0.000001 0.000001 0.000001 0.000001 0.000001 0.000001 0.000001 0.000001 0.000000 0.000000 0.000000 0.000000 0.000000 0.000000 
50.000000 38.373148 27.731864 18.811780 11.953996 7.109172 3.956508 2.061802 1.007150 0.461824 0.199121 0.080872 0.030998 0.011235 0.003857 0.001257 0.000390 0.000115 0.000032 0.000009 0.000002 0.000001 0.000000 0.000000 0.000000 0.000000 0.000000 0.000000 0.000000 0.000000 0.000000 0.000000 0.000000 0.000000 0.000000 0.000000 0.000000 0.000000 0.000000 0.000000 0.000000 0.000000 0.000000 0.000000 0.000000 0.000000 0.000000 0.000000 0.000000 0.000000 
50.000000 38.373148 27.731864 18.811780 11.953995 7.109172 3.956508 2.061802 1.007150 0.461824 0.199121 0.080872 0.030998 0.011235 0.003857 0.001257 0.000389 0.000115 0.000032 0.000009 0.000002 0.000001 0.000000 0.000000 0.000000 0.000000 0.000000 0.000000 0.000000 0.000000 0.000000 0.000000 0.000000 0.000000 0.000000 0.000000 0.000000 0.000000 0.000000 0.000000 0.000000 0.000000 0.000000 0.000000 0.000000 0.000000 0.000000 0.000000 0.000000 0.000000 
50.000000 38.373148 27.731864 18.811780 11.953995 7.109172 3.956508 2.061802 1.007150 0.461824 0.199121 0.080872 0.030998 0.011235 0.003857 0.001257 0.000389 0.000115 0.000032 0.000009 0.000002 0.000001 0.000000 0.000000 0.000000 0.000000 0.000000 0.000000 0.000000 0.000000 0.000000 0.000000 0.000000 0.000000 0.000000 0.000000 0.000000 0.000000 0.000000 0.000000 0.000000 0.000000 0.000000 0.000000 0.000000 0.000000 0.000000 0.000000 0.000000 0.000000 
50.000000 38.373148 27.731864 18.811780 11.953995 7.109172 3.956508 2.061802 1.007150 0.461824 0.199121 0.080872 0.030998 0.011235 0.003857 0.001257 0.000389 0.000115 0.000032 0.000009 0.000002 0.000001 0.000000 0.000000 0.000000 0.000000 0.000000 0.000000 0.000000 0.000000 0.000000 0.000000 0.000000 0.000000 0.000000 0.000000 0.000000 0.000000 0.000000 0.000000 0.000000 0.000000 0.000000 0.000000 0.000000 0.000000 0.000000 0.000000 0.000000 0.000000 
50.000000 38.373148 27.731864 18.811780 11.953995 7.109172 3.956508 2.061802 1.007150 0.461824 0.199121 0.080872 0.030998 0.011235 0.003857 0.001257 0.000389 0.000115 0.000032 0.000009 0.000002 0.000001 0.000000 0.000000 0.000000 0.000000 0.000000 0.000000 0.000000 0.000000 0.000000 0.000000 0.000000 0.000000 0.000000 0.000000 0.000000 0.000000 0.000000 0.000000 0.000000 0.000000 0.000000 0.000000 0.000000 0.000000 0.000000 0.000000 0.000000 0.000000 
50.000000 38.373148 27.731864 18.811780 11.953996 7.109172 3.956508 2.061802 1.007150 0.461824 0.199121 0.080872 0.030998 0.011235 0.003857 0.001257 0.000390 0.000115 0.000032 0.000009 0.000002 0.000001 0.000000 0.000000 0.000000 0.000000 0.000000 0.000000 0.000000 0.000000 0.000000 0.000000 0.000000 0.000000 0.000000 0.000000 0.000000 0.000000 0.000000 0.000000 0.000000 0.000000 0.000000 0.000000 0.000000 0.000000 0.000000 0.000000 0.000000 0.000000 
50.000000 38.373148 27.731864 18.811781 11.953996 7.109173 3.956508 2.061802 1.007150 0.461824 0.199121 0.080873 0.030999 0.011235 0.003858 0.001257 0.000390 0.000115 0.000033 0.000009 0.000003 0.000001 0.000001 0.000001 0.000001 0.000001 0.000001 0.000001 0.000001 0.000001 0.000001 0.000001 0.000001 0.000001 0.000001 0.000001 0.000001 0.000001 0.000001 0.000001 0.000001 0.000001 0.000001 0.000001 0.000000 0.000000 0.000000 0.000000 0.000000 0.000000 
50.000000 38.373149 27.731865 18.811782 11.953997 7.109174 3.956510 2.061804 1.007152 0.461826 0.199123 0.080874 0.031001 0.011237 0.003860 0.001259 0.000392 0.000117 0.000035 0.000011 0.000004 0.000003 0.000002 0.000002 0.000002 0.000002 0.000002 0.000002 0.000002 0.000002 0.000002 0.000002 0.000002 0.000002 0.000002 0.000002 0.000002 0.000002 0.000002 0.000002 0.000002 0.000002 0.000002 0.000002 0.000002 0.000002 0.000001 0.000001 0.000001 0.000000 
50.000000 38.373150 27.731867 18.811786 11.954002 7.109180 3.956516 2.061810 1.007158 0.461832 0.199129 0.080881 0.031007 0.011243 0.003866 0.001266 0.000398 0.000124 0.000041 0.000017 0.000011 0.000009 0.000009 0.000009 0.000009 0.000009 0.000009 0.000009 0.000009 0.000009 0.000009 0.000009 0.000009 0.000009 0.000009 0.000009 0.000009 0.000009 0.000009 0.000009 0.000009 0.000009 0.000008 0.000008 0.000008 0.000007 0.000006 0.000004 0.000002 0.000000 
50.000000 38.373156 27.731878 18.811801 11.954020 7.109200 3.956537 2.061833 1.007181 0.461856 0.199153 0.080904 0.031031 0.011267 0.003890 0.001289 0.000422 0.000147 0.000065 0.000041 0.000035 0.000033 0.000032 0.000032 0.000032 0.000032 0.000032 0.000032 0.000032 0.000032 0.000032 0.000032 0.000032 0.000032 0.000032 0.000032 0.000032 0.000032 0.000032 0.000032 0.000032 0.000032 0.000031 0.000030 0.000028 0.000025 0.000021 0.000015 0.000008 0.000000 
50.000000 38.373175 27.731915 18.811852 11.954083 7.109271 3.956614 2.061912 1.007262 0.461937 0.199235 0.080987 0.031113 0.011350 0.003972 0.001372 0.000504 0.000230 0.000147 0.000124 0.000117 0.000115 0.000115 0.000115 0.000115 0.000115 0.000115 0.000115 0.000115 0.000115 0.000115 0.000115 0.000115 0.000115 0.000115 0.000115 0.000115 0.000115 0.000115 0.000115 0.000114 0.000113 0.000111 0.000108 0.000101 0.000090 0.000075 0.000054 0.000028 0.000000 
50.000000 38.373239 27.732038 18.812024 11.954293 7.109508 3.956867 2.062175 1.007532 0.462210 0.199508 0.081261 0.031388 0.011624 0.004247 0.001646 0.000779 0.000504 0.000422 0.000398 0.000392 0.000390 0.000390 0.000389 0.000389 0.000389 0.000389 0.000389 0.000389 0.000389 0.000389 0.000389 0.000389 0.000389 0.000389 0.000389 0.000389 0.000389 0.000389 0.000388 0.000387 0.000384 0.000377 0.000365 0.000343 0.000307 0.000254 0.000183 0.000096 0.000000 
50.000000 38.373442 27.732427 18.812568 11.954956 7.110254 3.957667 2.063008 1.008382 0.463069 0.200373 0.082127 0.032255 0.012491 0.005114 0.002514 0.001646 0.001372 0.001289 0.001266 0.001259 0.001257 0.001257 0.001257 0.001257 0.001257 0.001257 0.001257 0.001257 0.001257 0.001257 0.001257 0.001257 0.001257 0.001257 0.001257 0.001257 0.001256 0.001256 0.001254 0.001249 0.001239 0.001218 0.001179 0.001108 0.000994 0.000824 0.000594 0.000312 0.000000 
50.000000 38.374050 27.733591 18.814198 11.956942 7.112490 3.960066 2.065504 1.010932 0.465647 0.202963 0.084723 0.034853 0.015091 0.007714 0.005114 0.004247 0.003972 0.003890 0.003866 0.003860 0.003858 0.003857 0.003857 0.003857 0.003857 0.003857 0.003857 0.003857 0.003857 0.003857 0.003857 0.003857 0.003857 0.003857 0.003857 0.003857 0.003856 0.003854 0.003848 0.003835 0.003804 0.003742 0.003622 0.003408 0.003059 0.002539 0.001833 0.000964 0.000000 
50.000000 38.375775 27.736892 18.818817 11.962573 7.118834 3.966871 2.072585 1.018165 0.472958 0.210312 0.092089 0.042226 0.022467 0.015091 0.012491 0.011624 0.011350 0.011267 0.011243 0.011237 0.011235 0.011235 0.011235 0.011235 0.011235 0.011235 0.011235 0.011235 0.011235 0.011235 0.011235 0.011235 0.011235 0.011235 0.011234 0.011233 0.011231 0.011225 0.011209 0.011171 0.011086 0.010908 0.010564 0.009949 0.008942 0.007431 0.005370 0.002828 0.000000 
50.000000 38.380390 27.745729 18.831187 11.977652 7.135822 3.985096 2.091550 1.037541 0.492545 0.230000 0.111823 0.061978 0.042226 0.034853 0.032255 0.031388 0.031113 0.031031 0.031007 0.031001 0.030999 0.030998 0.030998 0.030998 0.030998 0.030998 0.030998 0.030998 0.030998 0.030998 0.030998 0.030998 0.030998 0.030998 0.030997 0.030995 0.030989 0.030973 0.030931 0.030830 0.030602 0.030125 0.029196 0.027529 0.024776 0.020622 0.014926 0.007868 0.000000 
50.000000 38.392031 27.768016 18.862387 12.015691 7.178678 4.031078 2.139404 1.086432 0.541970 0.279682 0.161619 0.111823 0.092089 0.084723 0.082127 0.081261 0.080987 0.080904 0.080881 0.080874 0.080873 0.080872 0.080872 0.080872 0.080872 0.080872 0.080872 0.080872 0.080872 0.080872 0.080872 0.080872 0.080872 0.080871 0.080870 0.080865 0.080850 0.080809 0.080705 0.080453 0.079883 0.078681 0.076325 0.072062 0.064969 0.054185 0.039295 0.020743 0.000000 
50.000000 38.419615 27.820831 18.936327 12.105844 7.280262 4.140080 2.252850 1.202343 0.659151 0.397472 0.279682 0.230000 0.210312 0.202963 0.200373 0.199508 0.199235 0.199153 0.199129 0.199123 0.199121 0.199121 0.199121 0.199121 0.199121 0.199121 0.199121 0.199121 0.199121 0.199121 0.199121 0.199120 0.199120 0.199119 0.199115 0.199103 0.199070 0.198977 0.198736 0.198150 0.196817 0.193981 0.188381 0.178152 0.160970 0.134594 0.097852 0.051752 0.000000 
50.000000 38.480860 27.938103 19.100520 12.306060 7.505881 4.382194 2.504853 1.459835 0.919472 0.659151 0.541970 0.492545 0.472958 0.465647 0.463069 0.462210 0.461937 0.461856 0.461832 0.461826 0.461824 0.461824 0.461824 0.461824 0.461824 0.461824 0.461824 0.461824 0.461824 0.461823 0.461823 0.461823 0.461823 0.461820 0.461812 0.461787 0.461716 0.461517 0.461001 0.459736 0.456832 0.450605 0.438179 0.415232 0.376226 0.315621 0.230226 0.122073 0.000000 
50.000000 38.607926 28.181420 19.441213 12.721535 7.974112 4.884697 3.027911 1.994309 1.459835 1.202343 1.086432 1.037541 1.018165 1.010932 1.008382 1.007532 1.007262 1.007181 1.007158 1.007152 1.007150 1.007150 1.007150 1.007150 1.007150 1.007150 1.007150 1.007150 1.007150 1.007150 1.007150 1.007149 1.007148 1.007143 1.007128 1.007080 1.006939 1.006549 1.005527 1.003003 0.997155 0.984480 0.958887 0.910981 0.828342 0.697937 0.511405 0.272134 0.000000 
50.000000 38.853548 28.651779 20.099854 13.524808 8.879454 5.856372 4.039392 3.027911 2.504853 2.252850 2.139404 2.091550 2.072585 2.065504 2.063008 2.062175 2.061912 2.061833 2.061810 2.061804 2.061802 2.061802 2.061802 2.061802 2.061802 2.061802 2.061801 2.061801 2.061801 2.061801 2.061801 2.061801 2.061798 2.061790 2.061762 2.061677 2.061426 2.060723 2.058868 2.054248 2.043431 2.019696 1.971082 1.878575 1.716021 1.454329 1.072363 0.573615 0.000000 
50.000000 39.294612 29.496440 21.282698 14.967497 10.505579 7.601755 5.856372 4.884697 4.382194 4.140080 4.031078 3.985096 3.966871 3.960066 3.957667 3.956867 3.956614 3.956537 3.956516 3.956510 3.956508 3.956508 3.956508 3.956508 3.956508 3.956508 3.956508 3.956508 3.956508 3.956507 3.956507 3.956506 3.956502 3.956489 3.956445 3.956307 3.955900 3.954753 3.951698 3.944015 3.925809 3.885290 3.800878 3.636999 3.342255 2.855197 2.124405 1.145405 0.000000 
50.000000 40.028217 30.901382 23.250251 17.367432 13.210835 10.505579 8.879454 7.974112 7.505881 7.280262 7.178678 7.135822 7.118834 7.112490 7.110254 7.109508 7.109271 7.109200 7.109180 7.109174 7.109173 7.109172 7.109172 7.109172 7.109172 7.109172 7.109172 7.109172 7.109172 7.109172 7.109172 7.109170 7.109165 7.109146 7.109082 7.108884 7.108293 7.106616 7.102109 7.090649 7.063131 7.000879 6.868581 6.605417 6.118049 5.284509 3.984934 2.176141 0.000000 
50.000000 41.155183 33.059723 26.273043 21.054701 17.367432 14.967497 13.524808 12.721535 12.306060 12.105844 12.015691 11.977652 11.962573 11.956942 11.954956 11.954293 11.954083 11.954020 11.954002 11.953997 11.953996 11.953996 11.953995 11.953995 11.953995 11.953995 11.953995 11.953995 11.953995 11.953995 11.953995 11.953993 11.953986 11.953962 11.953882 11.953631 11.952877 11.950721 11.944874 11.929834 11.893193 11.808787 11.625242 11.249382 10.527350 9.235094 7.108083 3.967586 0.000000 
50.000000 42.749928 36.114023 30.550803 26.273043 23.250251 21.282698 20.099854 19.441213 19.100520 18.936327 18.862387 18.831187 18.818817 18.814198 18.812568 18.812024 18.811852 18.811801 18.811786 18.811782 18.811781 18.811780 18.811780 18.811780 18.811780 18.811780 18.811780 18.811780 18.811780 18.811780 18.811779 18.811777 18.811770 18.811744 18.811658 18.811387 18.810565 18.808202 18.801733 18.784899 18.743276 18.645525 18.427501 17.965742 17.037949 15.275402 12.140675 7.053901 0.000000 
50.000000 44.823790 40.086019 36.114023 33.059723 30.901382 29.496440 28.651779 28.181420 27.938103 27.820831 27.768016 27.745729 27.736892 27.733591 27.732427 27.732038 27.731915 27.731878 27.731867 27.731865 27.731864 27.731864 27.731864 27.731864 27.731864 27.731864 27.731864 27.731864 27.731864 27.731863 27.731863 27.731861 27.731855 27.731832 27.731758 27.731521 27.730803 27.728721 27.722978 27.707876 27.670015 27.579416 27.372036 26.916447 25.951640 23.973349 20.043010 12.586460 0.000000 
50.000000 47.297447 44.823790 42.749928 41.155183 40.028217 39.294612 38.853548 38.607926 38.480860 38.419615 38.392031 38.380390 38.375775 38.374050 38.373442 38.373239 38.373175 38.373156 38.373150 38.373149 38.373148 38.373148 38.373148 38.373148 38.373148 38.373148 38.373148 38.373148 38.373148 38.373148 38.373148 38.373147 38.373143 38.373130 38.373086 38.372947 38.372523 38.371288 38.367863 38.358787 38.335792 38.279933 38.149207 37.852076 37.187597 35.696027 32.237330 23.648723 0.000000 
50.000000 50.000000 50.000000 50.000000 50.000000 50.000000 50.000000 50.000000 50.000000 50.000000 50.000000 50.000000 50.000000 50.000000 50.000000 50.000000 50.000000 50.000000 50.000000 50.000000 50.000000 50.000000 50.000000 50.000000 50.000000 50.000000 50.000000 50.000000 50.000000 50.000000 50.000000 50.000000 50.000000 50.000000 50.000000 50.000000 50.000000 50.000000 50.000000 50.000000 50.000000 50.000000 50.000000 50.000000 50.000000 50.000000 50.000000 50.000000 50.000000 50.000000 
