50.000000 50.000000 50.000000 50.000000 50.000000 50.000000 50.000000 50.000000 50.000000 50.000000 50.000000 50.000000 50.000000 50.000000 50.000000 50.000000 50.000000 50.000000 50.000000 50.000000 50.000000 50.000000 50.000000 50.000000 50.000000 50.000000 50.000000 50.000000 50.000000 50.000000 50.000000 50.000000 50.000000 50.000000 50.000000 50.000000 50.000000 50.000000 50.000000 50.000000 50.000000 50.000000 50.000000 50.000000 50.000000 50.000000 50.000000 50.000000 50.000000 50.000000 
50.000000 48.928000 47.892074 46.924658 46.051522 45.289819 44.647441 44.123626 43.710538 43.395404 43.162778 42.996566 42.881578 42.804526 42.754498 42.723013 42.703798 42.692422 42.685885 42.682239 42.680263 42.679222 42.678689 42.678423 42.678293 42.678229 42.678193 42.678164 42.678120 42.678036 42.677866 42.677522 42.676839 42.675511 42.672988 42.668296 42.659752 42.644498 42.617756 42.571637 42.493175 42.361001 42.139392 41.766824 41.131947 40.017863 37.958015 33.819655 24.464000 0.000000 
50.000000 47.892074 45.855083 43.952810 42.235923 40.738155 39.475024 38.445031 37.632764 37.013109 36.555694 36.228870 36.002769 35.851263 35.752895 35.690986 35.653205 35.630836 35.617984 35.610814 35.606928 35.604882 35.603834 35.603312 35.603056 35.602931 35.602861 35.602804 35.602721 35.602564 35.602244 35.601597 35.600315 35.597826 35.593105 35.584343 35.568426 35.540096 35.490629 35.405756 35.262363 35.023125 34.627524 33.976099 32.901618 31.114372 28.098034 22.927542 14.072419 0.000000 
50.000000 46.924658 43.952810 41.177508 38.672680 36.487538 34.644720 33.142040 31.957011 31.052990 30.385667 29.908866 29.579011 29.357983 29.214477 29.124162 29.069045 29.036414 29.017664 29.007205 29.001537 28.998552 28.997023 28.996261 28.995888 28.995706 28.995606 28.995525 28.995412 28.995198 28.994765 28.993891 28.992159 28.988807 28.982465 28.970731 28.949497 28.911882 28.846598 28.735453 28.549570 28.243633 27.747082 26.950544 25.685099 23.692327 20.588754 15.854776 8.966643 0.000000 
50.000000 46.051522 42.235923 38.672680 35.456710 32.651196 30.285205 28.355924 26.834482 25.673831 24.817076 24.204931 23.781449 23.497685 23.313449 23.197502 23.126743 23.084852 23.060782 23.047354 23.040078 23.036247 23.034284 23.033306 23.032828 23.032595 23.032469 23.032371 23.032238 23.031990 23.031488 23.030479 23.028485 23.024637 23.017380 23.004009 22.979930 22.937533 22.864498 22.741325 22.537790 22.207979 21.683505 20.864681 19.610185 17.728355 14.980354 11.121552 6.033659 0.000000 
50.000000 45.289819 40.738155 36.487538 32.651196 29.304502 26.482127 24.180715 22.365822 20.981317 19.959329 19.229135 18.723990 18.385511 18.165753 18.027452 17.943052 17.893086 17.864377 17.848362 17.839683 17.835113 17.832773 17.831607 17.831038 17.830761 17.830614 17.830505 17.830363 17.830102 17.829579 17.828529 17.826463 17.822487 17.815020 17.801325 17.776805 17.733925 17.660674 17.538403 17.338932 17.020855 16.525185 15.770931 14.652251 13.041011 10.802439 7.836538 4.157872 0.000000 
50.000000 44.647441 39.475024 34.644720 30.285205 26.482127 23.274888 20.659667 18.597320 17.024057 15.862746 15.033016 14.459019 14.074410 13.824705 13.667559 13.571661 13.514888 13.482269 13.464072 13.454212 13.449020 13.446362 13.445037 13.444391 13.444078 13.443916 13.443801 13.443659 13.443406 13.442902 13.441894 13.439917 13.436128 13.429043 13.416117 13.393112 13.353175 13.285546 13.173845 12.993934 12.711482 12.279610 11.637444 10.711196 9.420523 7.694177 5.498925 2.880617 0.000000 
50.000000 44.123626 38.445031 33.142040 28.355924 24.180715 20.659667 17.788583 15.524481 13.797324 12.522428 11.611554 10.981430 10.559218 10.285104 10.112600 10.007330 9.945010 9.909204 9.889231 9.878408 9.872709 9.869791 9.868337 9.867629 9.867288 9.867114 9.866998 9.866865 9.866634 9.866179 9.865273 9.863504 9.860127 9.853841 9.842434 9.822261 9.787500 9.729149 9.633763 9.482004 9.247193 8.894292 8.380058 7.655530 6.672419 5.394957 3.817507 1.984234 0.000000 
50.000000 43.710538 37.632764 31.957011 26.834482 22.365822 18.597320 15.524481 13.101295 11.252799 9.888350 8.913504 8.239133 7.787279 7.493924 7.309314 7.196658 7.129967 7.091651 7.070277 7.058696 7.052597 7.049475 7.047920 7.047163 7.046800 7.046619 7.046505 7.046384 7.046185 7.045797 7.045029 7.043535 7.040695 7.035433 7.025938 7.009252 6.980707 6.933196 6.856294 6.735335 6.550647 6.277288 5.885838 5.344967 4.626504 3.713378 2.609639 1.349537 0.000000 
50.000000 43.395404 37.013109 31.052990 25.673831 20.981317 17.024057 13.797324 11.252799 9.311757 7.879009 6.855376 6.147263 5.672807 5.364782 5.170943 5.052656 4.982633 4.942403 4.919962 4.907803 4.901400 4.898123 4.896490 4.895697 4.895317 4.895131 4.895021 4.894916 4.894751 4.894436 4.893818 4.892621 4.890353 4.886174 4.878671 4.865567 4.843309 4.806558 4.747617 4.655878 4.517464 4.315319 4.030123 3.642385 3.136041 2.503421 1.750747 0.902229 0.000000 
50.000000 43.162778 36.555694 30.385667 24.817076 19.959329 15.862746 12.522428 9.888350 7.879009 6.395859 5.336226 4.603218 4.112086 3.793238 3.592590 3.470151 3.397670 3.356029 3.332801 3.320215 3.313589 3.310197 3.308507 3.307687 3.307296 3.307107 3.307002 3.306912 3.306781 3.306537 3.306062 3.305147 3.303422 3.300256 3.294603 3.284788 3.268227 3.241088 3.197930 3.131392 3.032056 2.888665 2.688900 2.420926 2.075751 1.650214 1.149938 0.591141 0.000000 
50.000000 42.996566 36.228870 29.908866 24.204931 19.229135 15.033016 11.611554 8.913504 6.855376 5.336226 4.250882 3.500093 2.997053 2.670477 2.464969 2.339565 2.265330 2.222681 2.198892 2.186002 2.179216 2.175742 2.174012 2.173172 2.172773 2.172583 2.172483 2.172406 2.172306 2.172125 2.171776 2.171107 2.169851 2.167557 2.163481 2.156444 2.144644 2.125441 2.095139 2.048818 1.980307 1.882405 1.747469 1.568461 1.340434 1.062268 0.738241 0.378809 0.000000 
50.000000 42.881578 36.002769 29.579011 23.781449 18.723990 14.459019 10.981430 8.239133 6.147263 4.603218 3.500093 2.737011 2.225738 1.893820 1.684952 1.557499 1.482051 1.438706 1.414529 1.401429 1.394532 1.391002 1.389244 1.388391 1.387987 1.387797 1.387700 1.387635 1.387559 1.387430 1.387184 1.386714 1.385838 1.384243 1.381423 1.376580 1.368506 1.355450 1.334991 1.303955 1.258426 1.193930 1.105844 0.990065 0.843916 0.667129 0.462673 0.237080 0.000000 
50.000000 42.804526 35.851263 29.357983 23.497685 18.385511 14.074410 10.559218 7.787279 5.672807 4.112086 2.997053 2.225738 1.708952 1.373457 1.162339 1.033514 0.957255 0.913445 0.889008 0.875767 0.868797 0.865228 0.863452 0.862590 0.862183 0.861992 0.861899 0.861843 0.861787 0.861697 0.861529 0.861213 0.860625 0.859559 0.857683 0.854476 0.849158 0.840610 0.827298 0.807240 0.778028 0.736957 0.681298 0.608706 0.517756 0.408487 0.282837 0.144774 0.000000 
50.000000 42.754498 35.752895 29.214477 23.313449 18.165753 13.824705 10.285104 7.493924 5.364782 3.793238 2.670478 1.893820 1.373457 1.035641 0.823064 0.693350 0.616565 0.572452 0.547847 0.534516 0.527497 0.523904 0.522115 0.521248 0.520839 0.520648 0.520558 0.520509 0.520466 0.520405 0.520295 0.520090 0.519709 0.519023 0.517821 0.515774 0.512397 0.506997 0.498635 0.486111 0.467986 0.442670 0.408588 0.364428 0.309441 0.243746 0.168552 0.086202 0.000000 
50.000000 42.723013 35.690986 29.124162 23.197502 18.027452 13.667560 10.112600 7.309314 5.170943 3.592590 2.464969 1.684952 1.162339 0.823064 0.609570 0.479296 0.402181 0.357878 0.333167 0.319779 0.312730 0.309122 0.307325 0.306455 0.306044 0.305854 0.305766 0.305721 0.305688 0.305647 0.305577 0.305449 0.305211 0.304785 0.304041 0.302780 0.300709 0.297413 0.292335 0.284769 0.273881 0.258759 0.238517 0.212433 0.180122 0.141698 0.097882 0.050025 0.000000 
50.000000 42.703798 35.653205 29.069045 23.126743 17.943052 13.571661 10.007330 7.196658 5.052657 3.470151 2.339565 1.557499 1.033514 0.693350 0.479297 0.348682 0.271364 0.226946 0.202171 0.188748 0.181680 0.178063 0.176262 0.175390 0.174978 0.174788 0.174701 0.174659 0.174633 0.174606 0.174562 0.174484 0.174341 0.174086 0.173641 0.172890 0.171662 0.169715 0.166730 0.162303 0.155964 0.147203 0.135533 0.120565 0.102106 0.080238 0.055379 0.028287 0.000000 
50.000000 42.692422 35.630836 29.036414 23.084852 17.893086 13.514888 9.945010 7.129967 4.982634 3.397671 2.265331 1.482052 0.957256 0.616565 0.402181 0.271365 0.193928 0.149442 0.124628 0.111184 0.104106 0.100483 0.098680 0.097806 0.097394 0.097204 0.097118 0.097078 0.097056 0.097038 0.097011 0.096965 0.096882 0.096733 0.096476 0.096043 0.095338 0.094225 0.092524 0.090014 0.086433 0.081507 0.074971 0.066624 0.056367 0.044255 0.030522 0.015583 0.000000 
50.000000 42.685886 35.617984 29.017665 23.060783 17.864378 13.482270 9.909206 7.091652 4.942404 3.356030 2.222683 1.438708 0.913446 0.572454 0.357880 0.226948 0.149443 0.104917 0.080082 0.066626 0.059542 0.055916 0.054111 0.053236 0.052824 0.052634 0.052549 0.052510 0.052491 0.052477 0.052461 0.052435 0.052388 0.052304 0.052160 0.051918 0.051526 0.050909 0.049969 0.048588 0.046625 0.043934 0.040377 0.035850 0.030305 0.023775 0.016388 0.008364 0.000000 
50.000000 42.682239 35.610815 29.007207 23.047357 17.848364 13.464076 9.889234 7.070281 4.919966 3.332805 2.198896 1.414533 0.889012 0.547851 0.333171 0.202175 0.124632 0.080085 0.055237 0.041775 0.034687 0.031059 0.029253 0.028378 0.027966 0.027776 0.027691 0.027653 0.027635 0.027625 0.027615 0.027600 0.027574 0.027529 0.027450 0.027320 0.027108 0.026776 0.026272 0.025533 0.024488 0.023059 0.021177 0.018789 0.015871 0.012443 0.008572 0.004374 0.000000 
50.000000 42.680264 35.606932 29.001541 23.040084 17.839691 13.454220 9.878417 7.058705 4.907813 3.320226 2.186013 1.401440 0.875778 0.534526 0.319789 0.188758 0.111195 0.066635 0.041781 0.028315 0.021226 0.017597 0.015791 0.014915 0.014503 0.014313 0.014228 0.014191 0.014174 0.014165 0.014159 0.014150 0.014137 0.014112 0.014071 0.014002 0.013891 0.013718 0.013455 0.013072 0.012530 0.011792 0.010823 0.009596 0.008101 0.006348 0.004371 0.002230 0.000000 
50.000000 42.679226 35.604890 28.998563 23.036261 17.835131 13.449040 9.872731 7.052621 4.901425 3.313614 2.179242 1.394558 0.868823 0.527523 0.312756 0.181707 0.104132 0.059567 0.034709 0.021242 0.014151 0.010522 0.008715 0.007840 0.007427 0.007237 0.007153 0.007115 0.007099 0.007091 0.007087 0.007082 0.007075 0.007062 0.007041 0.007006 0.006949 0.006861 0.006727 0.006533 0.006260 0.005888 0.005401 0.004786 0.004038 0.003163 0.002177 0.001110 0.000000 
50.000000 42.678699 35.603853 28.997051 23.034320 17.832816 13.446410 9.869843 7.049531 4.898181 3.310257 2.175803 1.391064 0.865291 0.523967 0.309185 0.178126 0.100546 0.055978 0.031118 0.017650 0.010559 0.006929 0.005122 0.004247 0.003834 0.003645 0.003560 0.003523 0.003507 0.003500 0.003496 0.003493 0.003489 0.003483 0.003472 0.003454 0.003426 0.003382 0.003315 0.003218 0.003082 0.002898 0.002657 0.002353 0.001984 0.001554 0.001069 0.000545 0.000000 
50.000000 42.678446 35.603356 28.996326 23.033389 17.831706 13.445149 9.868459 7.048050 4.896626 3.308647 2.174155 1.389389 0.863598 0.522262 0.307473 0.176410 0.098827 0.054257 0.029397 0.015928 0.008837 0.005207 0.003400 0.002525 0.002112 0.001923 0.001838 0.001801 0.001785 0.001778 0.001775 0.001773 0.001771 0.001767 0.001762 0.001752 0.001738 0.001715 0.001681 0.001631 0.001562 0.001467 0.001345 0.001190 0.001003 0.000785 0.000540 0.000275 0.000000 
50.000000 42.678345 35.603158 28.996037 23.033019 17.831264 13.444646 9.867908 7.047460 4.896007 3.308006 2.173499 1.388722 0.862924 0.521584 0.306791 0.175726 0.098143 0.053572 0.028712 0.015242 0.008151 0.004521 0.002714 0.001839 0.001426 0.001237 0.001152 0.001115 0.001099 0.001092 0.001089 0.001088 0.001086 0.001084 0.001081 0.001075 0.001066 0.001052 0.001030 0.001000 0.000957 0.000899 0.000823 0.000728 0.000614 0.000480 0.000330 0.000168 0.000000 
50.000000 42.678345 35.603158 28.996037 23.033019 17.831264 13.444646 9.867908 7.047460 4.896007 3.308006 2.173499 1.388722 0.862924 0.521584 0.306791 0.175726 0.098143 0.053572 0.028712 0.015242 0.008151 0.004521 0.002714 0.001839 0.001426 0.001237 0.001152 0.001115 0.001099 0.001092 0.001089 0.001088 0.001086 0.001084 0.001081 0.001075 0.001066 0.001052 0.001030 0.001000 0.000957 0.000899 0.000823 0.000728 0.000614 0.000480 0.000330 0.000168 0.000000 
50.000000 42.678446 35.603356 28.996326 23.033389 17.831706 13.445149 9.868459 7.048050 4.896626 3.308647 2.174155 1.389389 0.863598 0.522262 0.307473 0.176410 0.098827 0.054257 0.029397 0.015928 0.008837 0.005207 0.003400 0.002525 0.002112 0.001923 0.001838 0.001801 0.001785 0.001778 0.001775 0.001773 0.001771 0.001767 0.001762 0.001752 0.001738 0.001715 0.001681 0.001631 0.001562 0.001467 0.001345 0.001190 0.001003 0.000785 0.000540 0.000275 0.000000 
50.000000 42.678699 35.603853 28.997051 23.034320 17.832816 13.446410 9.869843 7.049531 4.898181 3.310257 2.175803 1.391064 0.865291 0.523967 0.309185 0.178126 0.100546 0.055978 0.031118 0.017650 0.010559 0.006929 0.005122 0.004247 0.003834 0.003645 0.003560 0.003523 0.003507 0.003500 0.003496 0.003493 0.003489 0.003483 0.003472 0.003454 0.003426 0.003382 0.003315 0.003218 0.003082 0.002898 0.002657 0.002353 0.001984 0.001554 0.001069 0.000545 0.000000 
50.000000 42.679226 35.604890 28.998563 23.036261 17.835131 13.449040 9.872731 7.052621 4.901425 3.313614 2.179242 1.394558 0.868823 0.527523 0.312756 0.181707 0.104132 0.059567 0.034709 0.021242 0.014151 0.010522 0.008715 0.007840 0.007427 0.007237 0.007153 0.007115 0.007099 0.007091 0.007087 0.007082 0.007075 0.007062 0.007041 0.007006 0.006949 0.006861 0.006727 0.006533 0.006260 0.005888 0.005401 0.004786 0.004038 0.003163 0.002177 0.001110 0.000000 
50.000000 42.680264 35.606932 29.001541 23.040084 17.839691 13.454220 9.878417 7.058705 4.907813 3.320226 2.186013 1.401440 0.875778 0.534526 0.319789 0.188758 0.111195 0.066635 0.041781 0.028315 0.021226 0.017597 0.015791 0.014915 0.014503 0.014313 0.014228 0.014191 0.014174 0.014165 0.014159 0.014150 0.014137 0.014112 0.014071 0.014002 0.013891 0.013718 0.013455 0.013072 0.012530 0.011792 0.010823 0.009596 0.008101 0.006348 0.004371 0.002230 0.000000 
50.000000 42.682239 35.610815 29.007207 23.047357 17.848364 13.464076 9.889234 7.070281 4.919966 3.332805 2.198896 1.414533 0.889012 0.547851 0.333171 0.202175 0.124632 0.080085 0.055237 0.041775 0.034687 0.031059 0.029253 0.028378 0.027966 0.027776 0.027691 0.027653 0.027635 0.027625 0.027615 0.027600 0.027574 0.027529 0.027450 0.027320 0.027108 0.026776 0.026272 0.025533 0.024488 0.023059 0.021177 0.018789 0.015871 0.012443 0.008572 0.004374 0.000000 
50.000000 42.685886 35.617984 29.017665 23.060783 17.864378 13.482270 9.909206 7.091652 4.942404 3.356030 2.222683 1.438708 0.913446 0.572454 0.357880 0.226948 0.149443 0.104917 0.080082 0.066626 0.059542 0.055916 0.054111 0.053236 0.052824 0.052634 0.052549 0.052510 0.052491 0.052477 0.052461 0.052435 0.052388 0.052304 0.052160 0.051918 0.051526 0.050909 0.049969 0.048588 0.046625 0.043934 0.040377 0.035850 0.030305 0.023775 0.016388 0.008364 0.000000 
50.000000 42.692422 35.630836 29.036414 23.084852 17.893086 13.514888 9.945010 7.129967 4.982634 3.397671 2.265331 1.482052 0.957256 0.616565 0.402181 0.271365 0.193928 0.149442 0.124628 0.111184 0.104106 0.100483 0.098680 0.097806 0.097394 0.097204 0.097118 0.097078 0.097056 0.097038 0.097011 0.096965 0.096882 0.096733 0.096476 0.096043 0.095338 0.094225 0.092524 0.090014 0.086433 0.081507 0.074971 0.066624 0.056367 0.044255 0.030522 0.015583 0.000000 
50.000000 42.703798 35.653205 29.069045 23.126743 17.943052 13.571661 10.007330 7.196658 5.052657 3.470151 2.339565 1.557499 1.033514 0.693350 0.479297 0.348682 0.271364 0.226946 0.202171 0.188748 0.181680 0.178063 0.176262 0.175390 0.174978 0.174788 0.174701 0.174659 0.174633 0.174606 0.174562 0.174484 0.174341 0.174086 0.173641 0.172890 0.171662 0.169715 0.166730 0.162303 0.155964 0.147203 0.135533 0.120565 0.102106 0.080238 0.055379 0.028287 0.000000 
50.000000 42.723013 35.690986 29.124162 23.197502 18.027452 13.667560 10.112600 7.309314 5.170943 3.592590 2.464969 1.684952 1.162339 0.823064 0.609570 0.479296 0.402181 0.357878 0.333167 0.319779 0.312730 0.309122 0.307325 0.306455 0.306044 0.305854 0.305766 0.305721 0.305688 0.305647 0.305577 0.305449 0.305211 0.304785 0.304041 0.302780 0.300709 0.297413 0.292335 0.284769 0.273881 0.258759 0.238517 0.212433 0.180122 0.141698 0.097882 0.050025 0.000000 
50.000000 42.754498 35.752895 29.214477 23.313449 18.165753 13.824705 10.285104 7.493924 5.364782 3.793238 2.670478 1.893820 1.373457 1.035641 0.823064 0.693350 0.616565 0.572452 0.547847 0.534516 0.527497 0.523904 0.522115 0.521248 0.520839 0.520648 0.520558 0.520509 0.520466 0.520405 0.520295 0.520090 0.519709 0.519023 0.517821 0.515774 0.512397 0.506997 0.498635 0.486111 0.467986 0.442670 0.408588 0.364428 0.309441 0.243746 0.168552 0.086202 0.000000 
50.000000 42.804526 35.851263 29.357983 23.497685 18.385511 14.074410 10.559218 7.787279 5.672807 4.112086 2.997053 2.225738 1.708952 1.373457 1.162339 1.033514 0.957255 0.913445 0.889008 0.875767 0.868797 0.865228 0.863452 0.862590 0.862183 0.861992 0.861899 0.861843 0.861787 0.861697 0.861529 0.861213 0.860625 0.859559 0.857683 0.854476 0.849158 0.840610 0.827298 0.807240 0.778028 0.736957 0.681298 0.608706 0.517756 0.408487 0.282837 0.144774 0.000000 
50.000000 42.881578 36.002769 29.579011 23.781449 18.723990 14.459019 10.981430 8.239133 6.147263 4.603218 3.500093 2.737011 2.225738 1.893820 1.684952 1.557499 1.482051 1.438706 1.414529 1.401429 1.394532 1.391002 1.389244 1.388391 1.387987 1.387797 1.387700 1.387635 1.387559 1.387430 1.387184 1.386714 1.385838 1.384243 1.381423 1.376580 1.368506 1.355450 1.334991 1.303955 1.258426 1.193930 1.105844 0.990065 0.843916 0.667129 0.462673 0.237080 0.000000 
50.000000 42.996566 36.228870 29.908866 24.204931 19.229135 15.033016 11.611554 8.913504 6.855376 5.336226 4.250882 3.500093 2.997053 2.670477 2.464969 2.339565 2.265330 2.222681 2.198892 2.186002 2.179216 2.175742 2.174012 2.173172 2.172773 2.172583 2.172483 2.172406 2.172306 2.172125 2.171776 2.171107 2.169851 2.167557 2.163481 2.156444 2.144644 2.125441 2.095139 2.048818 1.980307 1.882405 1.747469 1.568461 1.340434 1.062268 0.738241 0.378809 0.000000 
50.000000 43.162778 36.555694 30.385667 24.817076 19.959329 15.862746 12.522428 9.888350 7.879009 6.395859 5.336226 4.603218 4.112086 3.793238 3.592590 3.470151 3.397670 3.356029 3.332801 3.320215 3.313589 3.310197 3.308507 3.307687 3.307296 3.307107 3.307002 3.306912 3.306781 3.306537 3.306062 3.305147 3.303422 3.300256 3.294603 3.284788 3.268227 3.241088 3.197930 3.131392 3.032056 2.888665 2.688900 2.420926 2.075751 1.650214 1.149938 0.591141 0.000000 
50.000000 43.395404 37.013109 31.052990 25.673831 20.981317 17.024057 13.797324 11.252799 9.311757 7.879009 6.855376 6.147263 5.672807 5.364782 5.170943 5.052656 4.982633 4.942403 4.919962 4.907803 4.901400 4.898123 4.896490 4.895697 4.895317 4.895131 4.895021 4.894916 4.894751 4.894436 4.893818 4.892621 4.890353 4.886174 4.878671 4.865567 4.843309 4.806558 4.747617 4.655878 4.517464 4.315319 4.030123 3.642385 3.136041 2.503421 1.750747 0.902229 0.000000 
50.000000 43.710538 37.632764 31.957011 26.834482 22.365822 18.597320 15.524481 13.101295 11.252799 9.888350 8.913504 8.239133 7.787279 7.493924 7.309314 7.196658 7.129967 7.091651 7.070277 7.058696 7.052597 7.049475 7.047920 7.047163 7.046800 7.046619 7.046505 7.046384 7.046185 7.045797 7.045029 7.043535 7.040695 7.035433 7.025938 7.009252 6.980707 6.933196 6.856294 6.735335 6.550647 6.277288 5.885838 5.344967 4.626504 3.713378 2.609639 1.349537 0.000000 
50.000000 44.123626 38.445031 33.142040 28.355924 24.180715 20.659667 17.788583 15.524481 13.797324 12.522428 11.611554 10.981430 10.559218 10.285104 10.112600 10.007330 9.945010 9.909204 9.889231 9.878408 9.872709 9.869791 9.868337 9.867629 9.867288 9.867114 9.866998 9.866865 9.866634 9.866179 9.865273 9.863504 9.860127 9.853841 9.842434 9.822261 9.787500 9.729149 9.633763 9.482004 9.247193 8.894292 8.380058 7.655530 6.672419 5.394957 3.817507 1.984234 0.000000 
50.000000 44.647441 39.475024 34.644720 30.285205 26.482127 23.274888 20.659667 18.597320 17.024057 15.862746 15.033016 14.459019 14.074410 13.824705 13.667559 13.571661 13.514888 13.482269 13.464072 13.454212 13.449020 13.446362 13.445037 13.444391 13.444078 13.443916 13.443801 13.443659 13.443406 13.442902 13.441894 13.439917 13.436128 13.429043 13.416117 13.393112 13.353175 13.285546 13.173845 12.993934 12.711482 12.279610 11.637444 10.711196 9.420523 7.694177 5.498925 2.880617 0.000000 
50.000000 45.289819 40.738155 36.487538 32.651196 29.304502 26.482127 24.180715 22.365822 20.981317 19.959329 19.229135 18.723990 18.385511 18.165753 18.027452 17.943052 17.893086 17.864377 17.848362 17.839683 17.835113 17.832773 17.831607 17.831038 17.830761 17.830614 17.830505 17.830363 17.830102 17.829579 17.828529 17.826463 17.822487 17.815020 17.801325 17.776805 17.733925 17.660674 17.538403 17.338932 17.020855 16.525185 15.770931 14.652251 13.041011 10.802439 7.836538 4.157872 0.000000 
50.000000 46.051522 42.235923 38.672680 35.456710 32.651196 30.285205 28.355924 26.834482 25.673831 24.817076 24.204931 23.781449 23.497685 23.313449 23.197502 23.126743 23.084852 23.060782 23.047354 23.040078 23.036247 23.034284 23.033306 23.032828 23.032595 23.032469 23.032371 23.032238 23.031990 23.031488 23.030479 23.028485 23.024637 23.017380 23.004009 22.979930 22.937533 22.864498 22.741325 22.537790 22.207979 21.683505 20.864681 19.610185 17.728355 14.980354 11.121552 6.033659 0.000000 
50.000000 46.924658 43.952810 41.177508 38.672680 36.487538 34.644720 33.142040 31.957011 31.052990 30.385667 29.908866 29.579011 29.357983 29.214477 29.124162 29.069045 29.036414 29.017664 29.007205 29.001537 28.998552 28.997023 28.996261 28.995888 28.995706 28.995606 28.995525 28.995412 28.995198 28.994765 28.993891 28.992159 28.988807 28.982465 28.970731 28.949497 28.911882 28.846598 28.735453 28.549570 28.243633 27.747082 26.950544 25.685099 23.692327 20.588754 15.854776 8.966643 0.000000 
50.000000 47.892074 45.855083 43.952810 42.235923 40.738155 39.475024 38.445031 37.632764 37.013109 36.555694 36.228870 36.002769 35.851263 35.752895 35.690986 35.653205 35.630836 35.617984 35.610814 35.606928 35.604882 35.603834 35.603312 35.603056 35.602931 35.602861 35.602804 35.602721 35.602564 35.602244 35.601597 35.600315 35.597826 35.593105 35.584343 35.568426 35.540096 35.490629 35.405756 35.262363 35.023125 34.627524 33.976099 32.901618 31.114372 28.098034 22.927542 14.072419 0.000000 
50.000000 48.928000 47.892074 46.924658 46.051522 45.289819 44.647441 44.123626 43.710538 43.395404 43.162778 42.996566 42.881578 42.804526 42.754498 42.723013 42.703798 42.692422 42.685885 42.682239 42.680263 42.679222 42.678689 42.678423 42.678293 42.678229 42.678193 42.678164 42.678120 42.678036 42.677866 42.677522 42.676839 42.675511 42.672988 42.668296 42.659752 42.644498 42.617756 42.571637 42.493175 42.361001 42.139392 41.766824 41.131947 40.017863 37.958015 33.819655 24.464000 0.000000 
50.000000 50.000000 50.000000 50.000000 50.000000 50.000000 50.000000 50.000000 50.000000 50.000000 50.000000 50.000000 50.000000 50.000000 50.000000 50.000000 50.000000 50.000000 50.000000 50.000000 50.000000 50.000000 50.000000 50.000000 50.000000 50.000000 50.000000 50.000000 50.000000 50.000000 50.000000 50.000000 50.000000 50.000000 50.000000 50.000000 50.000000 50.000000 50.000000 50.000000 50.000000 50.000000 50.000000 50.000000 50.000000 50.000000 50.000000 50.000000 50.000000 50.000000 
