50.000000 50.000000 50.000000 50.000000 50.000000 50.000000 50.000000 50.000000 50.000000 50.000000 50.000000 50.000000 50.000000 50.000000 50.000000 50.000000 50.000000 50.000000 50.000000 50.000000 50.000000 50.000000 50.000000 50.000000 50.000000 50.000000 50.000000 50.000000 50.000000 50.000000 50.000000 50.000000 50.000000 50.000000 50.000000 50.000000 50.000000 50.000000 50.000000 50.000000 50.000000 50.000000 50.000000 50.000000 50.000000 50.000000 50.000000 50.000000 50.000000 50.000000 
50.000000 42.079619 36.101428 32.611106 30.984656 30.361890 30.161095 30.105476 30.092022 30.089142 30.088590 30.088495 30.088480 30.088478 30.088477 30.088477 30.088477 30.088477 30.088477 30.088477 30.088477 30.088477 30.088477 30.088477 30.088477 30.088477 30.088477 30.088477 30.088477 30.088477 30.088477 30.088477 30.088477 30.088477 30.088477 30.088477 30.088477 30.088477 30.088476 30.088470 30.088429 30.088179 30.086780 30.079633 30.046417 29.906144 29.366164 27.450580 21.039809 0.000000 
50.000000 36.101428 25.613015 19.491510 16.640212 15.549009 15.197374 15.100030 15.076498 15.071464 15.070500 15.070333 15.070307 15.070303 15.070303 15.070303 15.070303 15.070303 15.070303 15.070303 15.070303 15.070303 15.070303 15.070303 15.070303 15.070303 15.070303 15.070303 15.070303 15.070303 15.070303 15.070303 15.070303 15.070303 15.070303 15.070303 15.070303 15.070302 15.070301 15.070294 15.070247 15.069961 15.068387 15.060518 15.025118 14.882895 14.377227 12.806507 8.650848 0.000000 
50.000000 32.611106 19.491510 11.837141 8.273552 6.910499 6.471525 6.350081 6.320742 6.314470 6.313270 6.313062 6.313030 6.313025 6.313024 6.313024 6.313024 6.313024 6.313024 6.313024 6.313024 6.313024 6.313024 6.313024 6.313024 6.313024 6.313024 6.313024 6.313024 6.313024 6.313024 6.313024 6.313024 6.313024 6.313024 6.313024 6.313024 6.313024 6.313024 6.313019 6.312988 6.312801 6.311785 6.306805 6.285017 6.200876 5.918570 5.114282 3.244943 0.000000 
50.000000 30.984656 16.640212 8.273552 4.379742 2.890994 2.411755 2.279234 2.247236 2.240398 2.239091 2.238865 2.238829 2.238824 2.238824 2.238823 2.238823 2.238823 2.238823 2.238823 2.238823 2.238823 2.238823 2.238823 2.238823 2.238823 2.238823 2.238823 2.238823 2.238823 2.238823 2.238823 2.238823 2.238823 2.238823 2.238823 2.238823 2.238823 2.238823 2.238821 2.238806 2.238719 2.238249 2.235981 2.226271 2.189871 2.072676 1.757317 1.078512 0.000000 
50.000000 30.361890 15.549009 6.910499 2.890994 1.354550 0.860083 0.723388 0.690391 0.683342 0.681994 0.681762 0.681725 0.681720 0.681719 0.681719 0.681719 0.681719 0.681719 0.681719 0.681719 0.681719 0.681719 0.681719 0.681719 0.681719 0.681719 0.681719 0.681719 0.681719 0.681719 0.681719 0.681719 0.681719 0.681719 0.681719 0.681719 0.681719 0.681719 0.681718 0.681713 0.681681 0.681510 0.680698 0.677275 0.664724 0.625483 0.523890 0.315474 0.000000 
50.000000 30.161095 15.197374 6.471525 2.411755 0.860083 0.360773 0.222755 0.189443 0.182327 0.180967 0.180732 0.180695 0.180690 0.180689 0.180689 0.180689 0.180689 0.180689 0.180689 0.180689 0.180689 0.180689 0.180689 0.180689 0.180689 0.180689 0.180689 0.180689 0.180689 0.180689 0.180689 0.180689 0.180689 0.180689 0.180689 0.180689 0.180689 0.180689 0.180689 0.180687 0.180678 0.180627 0.180386 0.179386 0.175774 0.164720 0.136856 0.081462 0.000000 
50.000000 30.105476 15.100030 6.350081 2.279234 0.723388 0.222755 0.084377 0.050980 0.043846 0.042483 0.042248 0.042211 0.042205 0.042205 0.042204 0.042204 0.042204 0.042204 0.042204 0.042204 0.042204 0.042204 0.042204 0.042204 0.042204 0.042204 0.042204 0.042204 0.042204 0.042204 0.042204 0.042204 0.042204 0.042204 0.042204 0.042204 0.042204 0.042204 0.042204 0.042204 0.042201 0.042189 0.042128 0.041878 0.040985 0.038296 0.031643 0.018696 0.000000 
50.000000 30.092022 15.076498 6.320742 2.247236 0.690391 0.189443 0.050980 0.017562 0.010425 0.009060 0.008825 0.008788 0.008782 0.008782 0.008782 0.008782 0.008782 0.008782 0.008782 0.008782 0.008782 0.008782 0.008782 0.008782 0.008782 0.008782 0.008782 0.008782 0.008782 0.008782 0.008782 0.008782 0.008782 0.008782 0.008782 0.008782 0.008782 0.008782 0.008782 0.008782 0.008781 0.008778 0.008765 0.008710 0.008517 0.007942 0.006537 0.003843 0.000000 
50.000000 30.089142 15.071464 6.314470 2.240398 0.683342 0.182327 0.043846 0.010425 0.003286 0.001922 0.001686 0.001649 0.001644 0.001643 0.001643 0.001643 0.001643 0.001643 0.001643 0.001643 0.001643 0.001643 0.001643 0.001643 0.001643 0.001643 0.001643 0.001643 0.001643 0.001643 0.001643 0.001643 0.001643 0.001643 0.001643 0.001643 0.001643 0.001643 0.001643 0.001643 0.001643 0.001642 0.001640 0.001629 0.001592 0.001482 0.001217 0.000713 0.000000 
50.000000 30.088590 15.070500 6.313270 2.239091 0.681994 0.180967 0.042483 0.009060 0.001922 0.000557 0.000322 0.000285 0.000280 0.000279 0.000279 0.000279 0.000279 0.000279 0.000279 0.000279 0.000279 0.000279 0.000279 0.000279 0.000279 0.000279 0.000279 0.000279 0.000279 0.000279 0.000279 0.000279 0.000279 0.000279 0.000279 0.000279 0.000279 0.000279 0.000279 0.000279 0.000279 0.000279 0.000278 0.000276 0.000270 0.000251 0.000206 0.000120 0.000000 
50.000000 30.088495 15.070333 6.313062 2.238865 0.681762 0.180732 0.042248 0.008825 0.001686 0.000322 0.000086 0.000049 0.000044 0.000043 0.000043 0.000043 0.000043 0.000043 0.000043 0.000043 0.000043 0.000043 0.000043 0.000043 0.000043 0.000043 0.000043 0.000043 0.000043 0.000043 0.000043 0.000043 0.000043 0.000043 0.000043 0.000043 0.000043 0.000043 0.000043 0.000043 0.000043 0.000043 0.000043 0.000043 0.000042 0.000039 0.000032 0.000019 0.000000 
50.000000 30.088480 15.070307 6.313030 2.238829 0.681725 0.180695 0.042211 0.008788 0.001649 0.000285 0.000049 0.000012 0.000007 0.000006 0.000006 0.000006 0.000006 0.000006 0.000006 0.000006 0.000006 0.000006 0.000006 0.000006 0.000006 0.000006 0.000006 0.000006 0.000006 0.000006 0.000006 0.000006 0.000006 0.000006 0.000006 0.000006 0.000006 0.000006 0.000006 0.000006 0.000006 0.000006 0.000006 0.000006 0.000006 0.000006 0.000005 0.000003 0.000000 
50.000000 30.088478 15.070303 6.313025 2.238824 0.681720 0.180690 0.042205 0.008782 0.001644 0.000280 0.000044 0.000007 0.000002 0.000001 0.000001 0.000001 0.000001 0.000001 0.000001 0.000001 0.000001 0.000001 0.000001 0.000001 0.000001 0.000001 0.000001 0.000001 0.000001 0.000001 0.000001 0.000001 0.000001 0.000001 0.000001 0.000001 0.000001 0.000001 0.000001 0.000001 0.000001 0.000001 0.000001 0.000001 0.000001 0.000001 0.000001 0.000000 0.000000 
50.000000 30.088477 15.070303 6.313024 2.238824 0.681719 0.180689 0.042205 0.008782 0.001643 0.000279 0.000043 0.000006 0.000001 0.000000 0.000000 0.000000 0.000000 0.000000 0.000000 0.000000 0.000000 0.000000 0.000000 0.000000 0.000000 0.000000 0.000000 0.000000 0.000000 0.000000 0.000000 0.000000 0.000000 0.000000 0.000000 0.000000 0.000000 0.000000 0.000000 0.000000 0.000000 0.000000 0.000000 0.000000 0.000000 0.000000 0.000000 0.000000 0.000000 
50.000000 30.088477 15.070303 6.313024 2.238823 0.681719 0.180689 0.042204 0.008782 0.001643 0.000279 0.000043 0.000006 0.000001 0.000000 0.000000 0.000000 0.000000 0.000000 0.000000 0.000000 0.000000 0.000000 0.000000 0.000000 0.000000 0.000000 0.000000 0.000000 0.000000 0.000000 0.000000 0.000000 0.000000 0.000000 0.000000 0.000000 0.000000 0.000000 0.000000 0.000000 0.000000 0.000000 0.000000 0.000000 0.000000 0.000000 0.000000 0.000000 0.000000 
50.000000 30.088477 15.070303 6.313024 2.238823 0.681719 0.180689 0.042204 0.008782 0.001643 0.000279 0.000043 0.000006 0.000001 0.000000 0.000000 0.000000 0.000000 0.000000 0.000000 0.000000 0.000000 0.000000 0.000000 0.000000 0.000000 0.000000 0.000000 0.000000 0.000000 0.000000 0.000000 0.000000 0.000000 0.000000 0.000000 0.000000 0.000000 0.000000 0.000000 0.000000 0.000000 0.000000 0.000000 0.000000 0.000000 0.000000 0.000000 0.000000 0.000000 
50.000000 30.088477 15.070303 6.313024 2.238823 0.681719 0.180689 0.042204 0.008782 0.001643 0.000279 0.000043 0.000006 0.000001 0.000000 0.000000 0.000000 0.000000 0.000000 0.000000 0.000000 0.000000 0.000000 0.000000 0.000000 0.000000 0.000000 0.000000 0.000000 0.000000 0.000000 0.000000 0.000000 0.000000 0.000000 0.000000 0.000000 0.000000 0.000000 0.000000 0.000000 0.000000 0.000000 0.000000 0.000000 0.000000 0.000000 0.000000 0.000000 0.000000 
50.000000 30.088477 15.070303 6.313024 2.238823 0.681719 0.180689 0.042204 0.008782 0.001643 0.000279 0.000043 0.000006 0.000001 0.000000 0.000000 0.000000 0.000000 0.000000 0.000000 0.000000 0.000000 0.000000 0.000000 0.000000 0.000000 0.000000 0.000000 0.000000 0.000000 0.000000 0.000000 0.000000 0.000000 0.000000 0.000000 0.000000 0.000000 0.000000 0.000000 0.000000 0.000000 0.000000 0.000000 0.000000 0.000000 0.000000 0.000000 0.000000 0.000000 
50.000000 30.088477 15.070303 6.313024 2.238823 0.681719 0.180689 0.042204 0.008782 0.001643 0.000279 0.000043 0.000006 0.000001 0.000000 0.000000 0.000000 0.000000 0.000000 0.000000 0.000000 0.000000 0.000000 0.000000 0.000000 0.000000 0.000000 0.000000 0.000000 0.000000 0.000000 0.000000 0.000000 0.000000 0.000000 0.000000 0.000000 0.000000 0.000000 0.000000 0.000000 0.000000 0.000000 0.000000 0.000000 0.000000 0.000000 0.000000 0.000000 0.000000 
50.000000 30.088477 15.070303 6.313024 2.238823 0.681719 0.180689 0.042204 0.008782 0.001643 0.000279 0.000043 0.000006 0.000001 0.000000 0.000000 0.000000 0.000000 0.000000 0.000000 0.000000 0.000000 0.000000 0.000000 0.000000 0.000000 0.000000 0.000000 0.000000 0.000000 0.000000 0.000000 0.000000 0.000000 0.000000 0.000000 0.000000 0.000000 0.000000 0.000000 0.000000 0.000000 0.000000 0.000000 0.000000 0.000000 0.000000 0.000000 0.000000 0.000000 
50.000000 30.088477 15.070303 6.313024 2.238823 0.681719 0.180689 0.042204 0.008782 0.001643 0.000279 0.000043 0.000006 0.000001 0.000000 0.000000 0.000000 0.000000 0.000000 0.000000 0.000000 0.000000 0.000000 0.000000 0.000000 0.000000 0.000000 0.000000 0.000000 0.000000 0.000000 0.000000 0.000000 0.000000 0.000000 0.000000 0.000000 0.000000 0.000000 0.000000 0.000000 0.000000 0.000000 0.000000 0.000000 0.000000 0.000000 0.000000 0.000000 0.000000 
50.000000 30.088477 15.070303 6.313024 2.238823 0.681719 0.180689 0.042204 0.008782 0.001643 0.000279 0.000043 0.000006 0.000001 0.000000 0.000000 0.000000 0.000000 0.000000 0.000000 0.000000 0.000000 0.000000 0.000000 0.000000 0.000000 0.000000 0.000000 0.000000 0.000000 0.000000 0.000000 0.000000 0.000000 0.000000 0.000000 0.000000 0.000000 0.000000 0.000000 0.000000 0.000000 0.000000 0.000000 0.000000 0.000000 0.000000 0.000000 0.000000 0.000000 
50.000000 30.088477 15.070303 6.313024 2.238823 0.681719 0.180689 0.042204 0.008782 0.001643 0.000279 0.000043 0.000006 0.000001 0.000000 0.000000 0.000000 0.000000 0.000000 0.000000 0.000000 0.000000 0.000000 0.000000 0.000000 0.000000 0.000000 0.000000 0.000000 0.000000 0.000000 0.000000 0.000000 0.000000 0.000000 0.000000 0.000000 0.000000 0.000000 0.000000 0.000000 0.000000 0.000000 0.000000 0.000000 0.000000 0.000000 0.000000 0.000000 0.000000 
50.000000 30.088477 15.070303 6.313024 2.238823 0.681719 0.180689 0.042204 0.008782 0.001643 0.000279 0.000043 0.000006 0.000001 0.000000 0.000000 0.000000 0.000000 0.000000 0.000000 0.000000 0.000000 0.000000 0.000000 0.000000 0.000000 0.000000 0.000000 0.000000 0.000000 0.000000 0.000000 0.000000 0.000000 0.000000 0.000000 0.000000 0.000000 0.000000 0.000000 0.000000 0.000000 0.000000 0.000000 0.000000 0.000000 0.000000 0.000000 0.000000 0.000000 
50.000000 30.088477 15.070303 6.313024 2.238823 0.681719 0.180689 0.042204 0.008782 0.001643 0.000279 0.000043 0.000006 0.000001 0.000000 0.000000 0.000000 0.000000 0.000000 0.000000 0.000000 0.000000 0.000000 0.000000 0.000000 0.000000 0.000000 0.000000 0.000000 0.000000 0.000000 0.000000 0.000000 0.000000 0.000000 0.000000 0.000000 0.000000 0.000000 0.000000 0.000000 0.000000 0.000000 0.000000 0.000000 0.000000 0.000000 0.000000 0.000000 0.000000 
50.000000 30.088477 15.070303 6.313024 2.238823 0.681719 0.180689 0.042204 0.008782 0.001643 0.000279 0.000043 0.000006 0.000001 0.000000 0.000000 0.000000 0.000000 0.000000 0.000000 0.000000 0.000000 0.000000 0.000000 0.000000 0.000000 0.000000 0.000000 0.000000 0.000000 0.000000 0.000000 0.000000 0.000000 0.000000 0.000000 0.000000 0.000000 0.000000 0.000000 0.000000 0.000000 0.000000 0.000000 0.000000 0.000000 0.000000 0.000000 0.000000 0.000000 
50.000000 30.088477 15.070303 6.313024 2.238823 0.681719 0.180689 0.042204 0.008782 0.001643 0.000279 0.000043 0.000006 0.000001 0.000000 0.000000 0.000000 0.000000 0.000000 0.000000 0.000000 0.000000 0.000000 0.000000 0.000000 0.000000 0.000000 0.000000 0.000000 0.000000 0.000000 0.000000 0.000000 0.000000 0.000000 0.000000 0.000000 0.000000 0.000000 0.000000 0.000000 0.000000 0.000000 0.000000 0.000000 0.000000 0.000000 0.000000 0.000000 0.000000 
50.000000 30.088477 15.070303 6.313024 2.238823 0.681719 0.180689 0.042204 0.008782 0.001643 0.000279 0.000043 0.000006 0.000001 0.000000 0.000000 0.000000 0.000000 0.000000 0.000000 0.000000 0.000000 0.000000 0.000000 0.000000 0.000000 0.000000 0.000000 0.000000 0.000000 0.000000 0.000000 0.000000 0.000000 0.000000 0.000000 0.000000 0.000000 0.000000 0.000000 0.000000 0.000000 0.000000 0.000000 0.000000 0.000000 0.000000 0.000000 0.000000 0.000000 
50.000000 30.088477 15.070303 6.313024 2.238823 0.681719 0.180689 0.042204 0.008782 0.001643 0.000279 0.000043 0.000006 0.000001 0.000000 0.000000 0.000000 0.000000 0.000000 0.000000 0.000000 0.000000 0.000000 0.000000 0.000000 0.000000 0.000000 0.000000 0.000000 0.000000 0.000000 0.000000 0.000000 0.000000 0.000000 0.000000 0.000000 0.000000 0.000000 0.000000 0.000000 0.000000 0.000000 0.000000 0.000000 0.000000 0.000000 0.000000 0.000000 0.000000 
50.000000 30.088477 15.070303 6.313024 2.238823 0.681719 0.180689 0.042204 0.008782 0.001643 0.000279 0.000043 0.000006 0.000001 0.000000 0.000000 0.000000 0.000000 0.000000 0.000000 0.000000 0.000000 0.000000 0.000000 0.000000 0.000000 0.000000 0.000000 0.000000 0.000000 0.000000 0.000000 0.000000 0.000000 0.000000 0.000000 0.000000 0.000000 0.000000 0.000000 0.000000 0.000000 0.000000 0.000000 0.000000 0.000000 0.000000 0.000000 0.000000 0.000000 
50.000000 30.088477 15.070303 6.313024 2.238823 0.681719 0.180689 0.042204 0.008782 0.001643 0.000279 0.000043 0.000006 0.000001 0.000000 0.000000 0.000000 0.000000 0.000000 0.000000 0.000000 0.000000 0.000000 0.000000 0.000000 0.000000 0.000000 0.000000 0.000000 0.000000 0.000000 0.000000 0.000000 0.000000 0.000000 0.000000 0.000000 0.000000 0.000000 0.000000 0.000000 0.000000 0.000000 0.000000 0.000000 0.000000 0.000000 0.000000 0.000000 0.000000 
50.000000 30.088477 15.070303 6.313024 2.238823 0.681719 0.180689 0.042204 0.008782 0.001643 0.000279 0.000043 0.000006 0.000001 0.000000 0.000000 0.000000 0.000000 0.000000 0.000000 0.000000 0.000000 0.000000 0.000000 0.000000 0.000000 0.000000 0.000000 0.000000 0.000000 0.000000 0.000000 0.000000 0.000000 0.000000 0.000000 0.000000 0.000000 0.000000 0.000000 0.000000 0.000000 0.000000 0.000000 0.000000 0.000000 0.000000 0.000000 0.000000 0.000000 
50.000000 30.088477 15.070303 6.313024 2.238823 0.681719 0.180689 0.042204 0.008782 0.001643 0.000279 0.000043 0.000006 0.000001 0.000000 0.000000 0.000000 0.000000 0.000000 0.000000 0.000000 0.000000 0.000000 0.000000 0.000000 0.000000 0.000000 0.000000 0.000000 0.000000 0.000000 0.000000 0.000000 0.000000 0.000000 0.000000 0.000000 0.000000 0.000000 0.000000 0.000000 0.000000 0.000000 0.000000 0.000000 0.000000 0.000000 0.000000 0.000000 0.000000 
50.000000 30.088477 15.070303 6.313024 2.238823 0.681719 0.180689 0.042204 0.008782 0.001643 0.000279 0.000043 0.000006 0.000001 0.000000 0.000000 0.000000 0.000000 0.000000 0.000000 0.000000 0.000000 0.000000 0.000000 0.000000 0.000000 0.000000 0.000000 0.000000 0.000000 0.000000 0.000000 0.000000 0.000000 0.000000 0.000000 0.000000 0.000000 0.000000 0.000000 0.000000 0.000000 0.000000 0.000000 0.000000 0.000000 0.000000 0.000000 0.000000 0.000000 
50.000000 30.088477 15.070303 6.313024 2.238824 0.681719 0.180689 0.042205 0.008782 0.001643 0.000279 0.000043 0.000006 0.000001 0.000000 0.000000 0.000000 0.000000 0.000000 0.000000 0.000000 0.000000 0.000000 0.000000 0.000000 0.000000 0.000000 0.000000 0.000000 0.000000 0.000000 0.000000 0.000000 0.000000 0.000000 0.000000 0.000000 0.000000 0.000000 0.000000 0.000000 0.000000 0.000000 0.000000 0.000000 0.000000 0.000000 0.000000 0.000000 0.000000 
50.000000 30.088478 15.070303 6.313025 2.238824 0.681720 0.180690 0.042205 0.008782 0.001644 0.000280 0.000044 0.000007 0.000002 0.000001 0.000001 0.000001 0.000001 0.000001 0.000001 0.000001 0.000001 0.000001 0.000001 0.000001 0.000001 0.000001 0.000001 0.000001 0.000001 0.000001 0.000001 0.000001 0.000001 0.000001 0.000001 0.000001 0.000001 0.000001 0.000001 0.000001 0.000001 0.000001 0.000001 0.000001 0.000001 0.000001 0.000001 0.000000 0.000000 
50.000000 30.088480 15.070307 6.313030 2.238829 0.681725 0.180695 0.042211 0.008788 0.001649 0.000285 0.000049 0.000012 0.000007 0.000006 0.000006 0.000006 0.000006 0.000006 0.000006 0.000006 0.000006 0.000006 0.000006 0.000006 0.000006 0.000006 0.000006 0.000006 0.000006 0.000006 0.000006 0.000006 0.000006 0.000006 0.000006 0.000006 0.000006 0.000006 0.000006 0.000006 0.000006 0.000006 0.000006 0.000006 0.000006 0.000006 0.000005 0.000003 0.000000 
50.000000 30.088495 15.070333 6.313062 2.238865 0.681762 0.180732 0.042248 0.008825 0.001686 0.000322 0.000086 0.000049 0.000044 0.000043 0.000043 0.000043 0.000043 0.000043 0.000043 0.000043 0.000043 0.000043 0.000043 0.000043 0.000043 0.000043 0.000043 0.000043 0.000043 0.000043 0.000043 0.000043 0.000043 0.000043 0.000043 0.000043 0.000043 0.000043 0.000043 0.000043 0.000043 0.000043 0.000043 0.000043 0.000042 0.000039 0.000032 0.000019 0.000000 
50.000000 30.088590 15.070500 6.313270 2.239091 0.681994 0.180967 0.042483 0.009060 0.001922 0.000557 0.000322 0.000285 0.000280 0.000279 0.000279 0.000279 0.000279 0.000279 0.000279 0.000279 0.000279 0.000279 0.000279 0.000279 0.000279 0.000279 0.000279 0.000279 0.000279 0.000279 0.000279 0.000279 0.000279 0.000279 0.000279 0.000279 0.000279 0.000279 0.000279 0.000279 0.000279 0.000279 0.000278 0.000276 0.000270 0.000251 0.000206 0.000120 0.000000 
50.000000 30.089142 15.071464 6.314470 2.240398 0.683342 0.182327 0.043846 0.010425 0.003286 0.001922 0.001686 0.001649 0.001644 0.001643 0.001643 0.001643 0.001643 0.001643 0.001643 0.001643 0.001643 0.001643 0.001643 0.001643 0.001643 0.001643 0.001643 0.001643 0.001643 0.001643 0.001643 0.001643 0.001643 0.001643 0.001643 0.001643 0.001643 0.001643 0.001643 0.001643 0.001643 0.001642 0.001640 0.001629 0.001592 0.001482 0.001217 0.000713 0.000000 
50.000000 30.092022 15.076498 6.320742 2.247236 0.690391 0.189443 0.050980 0.017562 0.010425 0.009060 0.008825 0.008788 0.008782 0.008782 0.008782 0.008782 0.008782 0.008782 0.008782 0.008782 0.008782 0.008782 0.008782 0.008782 0.008782 0.008782 0.008782 0.008782 0.008782 0.008782 0.008782 0.008782 0.008782 0.008782 0.008782 0.008782 0.008782 0.008782 0.008782 0.008782 0.008781 0.008778 0.008765 0.008710 0.008517 0.007942 0.006537 0.003843 0.000000 
50.000000 30.105476 15.100030 6.350081 2.279234 0.723388 0.222755 0.084377 0.050980 0.043846 0.042483 0.042248 0.042211 0.042205 0.042205 0.042204 0.042204 0.042204 0.042204 0.042204 0.042204 0.042204 0.042204 0.042204 0.042204 0.042204 0.042204 0.042204 0.042204 0.042204 0.042204 0.042204 0.042204 0.042204 0.042204 0.042204 0.042204 0.042204 0.042204 0.042204 0.042204 0.042201 0.042189 0.042128 0.041878 0.040985 0.038296 0.031643 0.018696 0.000000 
50.000000 30.161095 15.197374 6.471525 2.411755 0.860083 0.360773 0.222755 0.189443 0.182327 0.180967 0.180732 0.180695 0.180690 0.180689 0.180689 0.180689 0.180689 0.180689 0.180689 0.180689 0.180689 0.180689 0.180689 0.180689 0.180689 0.180689 0.180689 0.180689 0.180689 0.180689 0.180689 0.180689 0.180689 0.180689 0.180689 0.180689 0.180689 0.180689 0.180689 0.180687 0.180678 0.180627 0.180386 0.179386 0.175774 0.164720 0.136856 0.081462 0.000000 
50.000000 30.361890 15.549009 6.910499 2.890994 1.354550 0.860083 0.723388 0.690391 0.683342 0.681994 0.681762 0.681725 0.681720 0.681719 0.681719 0.681719 0.681719 0.681719 0.681719 0.681719 0.681719 0.681719 0.681719 0.681719 0.681719 0.681719 0.681719 0.681719 0.681719 0.681719 0.681719 0.681719 0.681719 0.681719 0.681719 0.681719 0.681719 0.681719 0.681718 0.681713 0.681681 0.681510 0.680698 0.677275 0.664724 0.625483 0.523890 0.315474 0.000000 
50.000000 30.984656 16.640212 8.273552 4.379742 2.890994 2.411755 2.279234 2.247236 2.240398 2.239091 2.238865 2.238829 2.238824 2.238824 2.238823 2.238823 2.238823 2.238823 2.238823 2.238823 2.238823 2.238823 2.238823 2.238823 2.238823 2.238823 2.238823 2.238823 2.238823 2.238823 2.238823 2.238823 2.238823 2.238823 2.238823 2.238823 2.238823 2.238823 2.238821 2.238806 2.238719 2.238249 2.235981 2.226271 2.189871 2.072676 1.757317 1.078512 0.000000 
50.000000 32.611106 19.491510 11.837141 8.273552 6.910499 6.471525 6.350081 6.320742 6.314470 6.313270 6.313062 6.313030 6.313025 6.313024 6.313024 6.313024 6.313024 6.313024 6.313024 6.313024 6.313024 6.313024 6.313024 6.313024 6.313024 6.313024 6.313024 6.313024 6.313024 6.313024 6.313024 6.313024 6.313024 6.313024 6.313024 6.313024 6.313024 6.313024 6.313019 6.312988 6.312801 6.311785 6.306805 6.285017 6.200876 5.918570 5.114282 3.244943 0.000000 
50.000000 36.101428 25.613015 19.491510 16.640212 15.549009 15.197374 15.100030 15.076498 15.071464 15.070500 15.070333 15.070307 15.070303 15.070303 15.070303 15.070303 15.070303 15.070303 15.070303 15.070303 15.070303 15.070303 15.070303 15.070303 15.070303 15.070303 15.070303 15.070303 15.070303 15.070303 15.070303 15.070303 15.070303 15.070303 15.070303 15.070303 15.070302 15.070301 15.070294 15.070247 15.069961 15.068387 15.060518 15.025118 14.882895 14.377227 12.806507 8.650848 0.000000 
50.000000 42.079619 36.101428 32.611106 30.984656 30.361890 30.161095 30.105476 30.092022 30.089142 30.088590 30.088495 30.088480 30.088478 30.088477 30.088477 30.088477 30.088477 30.088477 30.088477 30.088477 30.088477 30.088477 30.088477 30.088477 30.088477 30.088477 30.088477 30.088477 30.088477 30.088477 30.088477 30.088477 30.088477 30.088477 30.088477 30.088477 30.088477 30.088476 30.088470 30.088429 30.088179 30.086780 30.079633 30.046417 29.906144 29.366164 27.450580 21.039809 0.000000 
50.000000 50.000000 50.000000 50.000000 50.000000 50.000000 50.000000 50.000000 50.000000 50.000000 50.000000 50.000000 50.000000 50.000000 50.000000 50.000000 50.000000 50.000000 50.000000 50.000000 50.000000 50.000000 50.000000 50.000000 50.000000 50.000000 50.000000 50.000000 50.000000 50.000000 50.000000 50.000000 50.000000 50.000000 50.000000 50.000000 50.000000 50.000000 50.000000 50.000000 50.000000 50.000000 50.000000 50.000000 50.000000 50.000000 50.000000 50.000000 50.000000 50.000000 
