50.000000 50.000000 50.000000 50.000000 50.000000 50.000000 50.000000 50.000000 50.000000 50.000000 50.000000 50.000000 50.000000 50.000000 50.000000 50.000000 50.000000 50.000000 50.000000 50.000000 50.000000 50.000000 50.000000 50.000000 50.000000 50.000000 50.000000 50.000000 50.000000 50.000000 50.000000 50.000000 50.000000 50.000000 50.000000 50.000000 50.000000 50.000000 50.000000 50.000000 50.000000 50.000000 50.000000 50.000000 50.000000 50.000000 50.000000 50.000000 50.000000 50.000000 
50.000000 44.404324 39.785073 36.612589 34.777004 33.869527 33.480841 33.334765 33.286048 33.271488 33.267554 33.266586 33.266367 33.266322 33.266313 33.266312 33.266311 33.266311 33.266311 33.266311 33.266311 33.266311 33.266311 33.266311 33.266311 33.266311 33.266311 33.266311 33.266311 33.266311 33.266311 33.266311 33.266311 33.266311 33.266311 33.266311 33.266311 33.266308 33.266293 33.266218 33.265864 33.264309 33.257969 33.234015 33.150033 32.875586 32.030699 29.531606 22.202162 0.000000 
50.000000 39.785073 31.353164 25.562874 22.213205 20.557534 19.848551 19.582169 19.493355 19.466817 19.459649 19.457886 19.457488 19.457405 19.457390 19.457387 19.457386 19.457386 19.457386 19.457386 19.457386 19.457386 19.457386 19.457386 19.457386 19.457386 19.457386 19.457386 19.457386 19.457386 19.457386 19.457386 19.457386 19.457386 19.457386 19.457386 19.457385 19.457382 19.457361 19.457257 19.456771 19.454660 19.446192 19.414926 19.309012 18.980806 18.053301 15.676582 10.253467 0.000000 
50.000000 36.612589 25.562874 17.976089 13.588095 11.419767 10.491531 10.142883 10.026681 9.991972 9.982601 9.980296 9.979777 9.979669 9.979648 9.979644 9.979644 9.979643 9.979643 9.979643 9.979643 9.979643 9.979643 9.979643 9.979643 9.979643 9.979643 9.979643 9.979643 9.979643 9.979643 9.979643 9.979643 9.979643 9.979643 9.979643 9.979643 9.979640 9.979622 9.979535 9.979129 9.977389 9.970524 9.945755 9.864509 9.624017 8.988045 7.509574 4.581890 0.000000 
50.000000 34.777004 22.213205 13.588095 8.600557 6.136560 5.082042 4.686081 4.554151 4.514757 4.504125 4.501512 4.500923 4.500800 4.500777 4.500772 4.500772 4.500772 4.500772 4.500772 4.500772 4.500772 4.500772 4.500772 4.500772 4.500772 4.500772 4.500772 4.500772 4.500772 4.500772 4.500772 4.500772 4.500772 4.500772 4.500772 4.500771 4.500769 4.500758 4.500703 4.500452 4.499386 4.495243 4.480593 4.433814 4.300278 3.964078 3.232398 1.901419 0.000000 
50.000000 33.869527 20.557534 11.419767 6.136560 3.526961 2.410354 1.991171 1.851537 1.809853 1.798606 1.795842 1.795219 1.795090 1.795065 1.795060 1.795060 1.795059 1.795059 1.795059 1.795059 1.795059 1.795059 1.795059 1.795059 1.795059 1.795059 1.795059 1.795059 1.795059 1.795059 1.795059 1.795059 1.795059 1.795059 1.795059 1.795059 1.795058 1.795053 1.795025 1.794900 1.794375 1.792362 1.785360 1.763480 1.702747 1.555257 1.248521 0.719494 0.000000 
50.000000 33.480841 19.848551 10.491531 5.082042 2.410354 1.267321 0.838274 0.695373 0.652721 0.641214 0.638387 0.637750 0.637617 0.637592 0.637587 0.637587 0.637587 0.637587 0.637587 0.637587 0.637587 0.637587 0.637587 0.637587 0.637587 0.637587 0.637587 0.637587 0.637587 0.637587 0.637587 0.637587 0.637587 0.637587 0.637586 0.637586 0.637586 0.637584 0.637572 0.637520 0.637304 0.636481 0.633660 0.624994 0.601450 0.545776 0.433625 0.246826 0.000000 
50.000000 33.334765 19.582169 10.142883 4.686081 1.991171 0.838274 0.405553 0.261439 0.218428 0.206824 0.203974 0.203332 0.203198 0.203173 0.203168 0.203167 0.203167 0.203167 0.203167 0.203167 0.203167 0.203167 0.203167 0.203167 0.203167 0.203167 0.203167 0.203167 0.203167 0.203167 0.203167 0.203167 0.203167 0.203167 0.203167 0.203167 0.203167 0.203166 0.203162 0.203143 0.203066 0.202776 0.201792 0.198809 0.190838 0.172359 0.135977 0.076796 0.000000 
50.000000 33.286048 19.493355 10.026681 4.554151 1.851537 0.695373 0.261439 0.116925 0.073796 0.062161 0.059303 0.058659 0.058525 0.058500 0.058495 0.058494 0.058494 0.058494 0.058494 0.058494 0.058494 0.058494 0.058494 0.058494 0.058494 0.058494 0.058494 0.058494 0.058494 0.058494 0.058494 0.058494 0.058494 0.058494 0.058494 0.058494 0.058494 0.058494 0.058493 0.058487 0.058463 0.058373 0.058070 0.057162 0.054765 0.049292 0.038694 0.021739 0.000000 
50.000000 33.271488 19.466817 9.991972 4.514757 1.809853 0.652721 0.218428 0.073796 0.030632 0.018988 0.016127 0.015483 0.015349 0.015324 0.015319 0.015318 0.015318 0.015318 0.015318 0.015318 0.015318 0.015318 0.015318 0.015318 0.015318 0.015318 0.015318 0.015318 0.015318 0.015318 0.015318 0.015318 0.015318 0.015318 0.015318 0.015318 0.015318 0.015318 0.015318 0.015316 0.015309 0.015284 0.015201 0.014953 0.014305 0.012843 0.010046 0.005623 0.000000 
50.000000 33.267554 19.459649 9.982601 4.504125 1.798606 0.641214 0.206824 0.062161 0.018988 0.007342 0.004480 0.003836 0.003702 0.003677 0.003672 0.003671 0.003671 0.003671 0.003671 0.003671 0.003671 0.003671 0.003671 0.003671 0.003671 0.003671 0.003671 0.003671 0.003671 0.003671 0.003671 0.003671 0.003671 0.003671 0.003671 0.003671 0.003671 0.003671 0.003671 0.003670 0.003669 0.003663 0.003642 0.003581 0.003422 0.003066 0.002392 0.001335 0.000000 
50.000000 33.266586 19.457886 9.980296 4.501512 1.795842 0.638387 0.203974 0.059303 0.016127 0.004480 0.001619 0.000975 0.000841 0.000815 0.000810 0.000810 0.000810 0.000810 0.000810 0.000810 0.000810 0.000810 0.000810 0.000810 0.000810 0.000810 0.000810 0.000810 0.000810 0.000810 0.000810 0.000810 0.000810 0.000810 0.000810 0.000810 0.000810 0.000810 0.000810 0.000809 0.000809 0.000808 0.000803 0.000789 0.000753 0.000674 0.000525 0.000292 0.000000 
50.000000 33.266367 19.457488 9.979777 4.500923 1.795219 0.637750 0.203332 0.058659 0.015483 0.003836 0.000975 0.000330 0.000196 0.000171 0.000166 0.000165 0.000165 0.000165 0.000165 0.000165 0.000165 0.000165 0.000165 0.000165 0.000165 0.000165 0.000165 0.000165 0.000165 0.000165 0.000165 0.000165 0.000165 0.000165 0.000165 0.000165 0.000165 0.000165 0.000165 0.000165 0.000165 0.000165 0.000164 0.000161 0.000153 0.000137 0.000107 0.000059 0.000000 
50.000000 33.266322 19.457405 9.979669 4.500800 1.795090 0.637617 0.203198 0.058525 0.015349 0.003702 0.000841 0.000196 0.000063 0.000037 0.000032 0.000031 0.000031 0.000031 0.000031 0.000031 0.000031 0.000031 0.000031 0.000031 0.000031 0.000031 0.000031 0.000031 0.000031 0.000031 0.000031 0.000031 0.000031 0.000031 0.000031 0.000031 0.000031 0.000031 0.000031 0.000031 0.000031 0.000031 0.000031 0.000030 0.000029 0.000026 0.000020 0.000011 0.000000 
50.000000 33.266313 19.457390 9.979648 4.500777 1.795065 0.637592 0.203173 0.058500 0.015324 0.003677 0.000815 0.000171 0.000037 0.000011 0.000006 0.000006 0.000006 0.000006 0.000006 0.000006 0.000006 0.000006 0.000006 0.000006 0.000006 0.000006 0.000006 0.000006 0.000006 0.000006 0.000006 0.000006 0.000006 0.000006 0.000006 0.000006 0.000006 0.000006 0.000006 0.000006 0.000006 0.000006 0.000005 0.000005 0.000005 0.000005 0.000004 0.000002 0.000000 
50.000000 33.266312 19.457387 9.979644 4.500772 1.795060 0.637587 0.203168 0.058495 0.015319 0.003672 0.000810 0.000166 0.000032 0.000006 0.000002 0.000001 0.000001 0.000001 0.000001 0.000001 0.000001 0.000001 0.000001 0.000001 0.000001 0.000001 0.000001 0.000001 0.000001 0.000001 0.000001 0.000001 0.000001 0.000001 0.000001 0.000001 0.000001 0.000001 0.000001 0.000001 0.000001 0.000001 0.000001 0.000001 0.000001 0.000001 0.000001 0.000000 0.000000 
50.000000 33.266311 19.457386 9.979644 4.500772 1.795060 0.637587 0.203167 0.058494 0.015318 0.003671 0.000810 0.000165 0.000031 0.000006 0.000001 0.000000 0.000000 0.000000 0.000000 0.000000 0.000000 0.000000 0.000000 0.000000 0.000000 0.000000 0.000000 0.000000 0.000000 0.000000 0.000000 0.000000 0.000000 0.000000 0.000000 0.000000 0.000000 0.000000 0.000000 0.000000 0.000000 0.000000 0.000000 0.000000 0.000000 0.000000 0.000000 0.000000 0.000000 
50.000000 33.266311 19.457386 9.979643 4.500772 1.795059 0.637587 0.203167 0.058494 0.015318 0.003671 0.000810 0.000165 0.000031 0.000006 0.000001 0.000000 0.000000 0.000000 0.000000 0.000000 0.000000 0.000000 0.000000 0.000000 0.000000 0.000000 0.000000 0.000000 0.000000 0.000000 0.000000 0.000000 0.000000 0.000000 0.000000 0.000000 0.000000 0.000000 0.000000 0.000000 0.000000 0.000000 0.000000 0.000000 0.000000 0.000000 0.000000 0.000000 0.000000 
50.000000 33.266311 19.457386 9.979643 4.500772 1.795059 0.637587 0.203167 0.058494 0.015318 0.003671 0.000810 0.000165 0.000031 0.000006 0.000001 0.000000 0.000000 0.000000 0.000000 0.000000 0.000000 0.000000 0.000000 0.000000 0.000000 0.000000 0.000000 0.000000 0.000000 0.000000 0.000000 0.000000 0.000000 0.000000 0.000000 0.000000 0.000000 0.000000 0.000000 0.000000 0.000000 0.000000 0.000000 0.000000 0.000000 0.000000 0.000000 0.000000 0.000000 
50.000000 33.266311 19.457386 9.979643 4.500772 1.795059 0.637587 0.203167 0.058494 0.015318 0.003671 0.000810 0.000165 0.000031 0.000006 0.000001 0.000000 0.000000 0.000000 0.000000 0.000000 0.000000 0.000000 0.000000 0.000000 0.000000 0.000000 0.000000 0.000000 0.000000 0.000000 0.000000 0.000000 0.000000 0.000000 0.000000 0.000000 0.000000 0.000000 0.000000 0.000000 0.000000 0.000000 0.000000 0.000000 0.000000 0.000000 0.000000 0.000000 0.000000 
50.000000 33.266311 19.457386 9.979643 4.500772 1.795059 0.637587 0.203167 0.058494 0.015318 0.003671 0.000810 0.000165 0.000031 0.000006 0.000001 0.000000 0.000000 0.000000 0.000000 0.000000 0.000000 0.000000 0.000000 0.000000 0.000000 0.000000 0.000000 0.000000 0.000000 0.000000 0.000000 0.000000 0.000000 0.000000 0.000000 0.000000 0.000000 0.000000 0.000000 0.000000 0.000000 0.000000 0.000000 0.000000 0.000000 0.000000 0.000000 0.000000 0.000000 
50.000000 33.266311 19.457386 9.979643 4.500772 1.795059 0.637587 0.203167 0.058494 0.015318 0.003671 0.000810 0.000165 0.000031 0.000006 0.000001 0.000000 0.000000 0.000000 0.000000 0.000000 0.000000 0.000000 0.000000 0.000000 0.000000 0.000000 0.000000 0.000000 0.000000 0.000000 0.000000 0.000000 0.000000 0.000000 0.000000 0.000000 0.000000 0.000000 0.000000 0.000000 0.000000 0.000000 0.000000 0.000000 0.000000 0.000000 0.000000 0.000000 0.000000 
50.000000 33.266311 19.457386 9.979643 4.500772 1.795059 0.637587 0.203167 0.058494 0.015318 0.003671 0.000810 0.000165 0.000031 0.000006 0.000001 0.000000 0.000000 0.000000 0.000000 0.000000 0.000000 0.000000 0.000000 0.000000 0.000000 0.000000 0.000000 0.000000 0.000000 0.000000 0.000000 0.000000 0.000000 0.000000 0.000000 0.000000 0.000000 0.000000 0.000000 0.000000 0.000000 0.000000 0.000000 0.000000 0.000000 0.000000 0.000000 0.000000 0.000000 
50.000000 33.266311 19.457386 9.979643 4.500772 1.795059 0.637587 0.203167 0.058494 0.015318 0.003671 0.000810 0.000165 0.000031 0.000006 0.000001 0.000000 0.000000 0.000000 0.000000 0.000000 0.000000 0.000000 0.000000 0.000000 0.000000 0.000000 0.000000 0.000000 0.000000 0.000000 0.000000 0.000000 0.000000 0.000000 0.000000 0.000000 0.000000 0.000000 0.000000 0.000000 0.000000 0.000000 0.000000 0.000000 0.000000 0.000000 0.000000 0.000000 0.000000 
50.000000 33.266311 19.457386 9.979643 4.500772 1.795059 0.637587 0.203167 0.058494 0.015318 0.003671 0.000810 0.000165 0.000031 0.000006 0.000001 0.000000 0.000000 0.000000 0.000000 0.000000 0.000000 0.000000 0.000000 0.000000 0.000000 0.000000 0.000000 0.000000 0.000000 0.000000 0.000000 0.000000 0.000000 0.000000 0.000000 0.000000 0.000000 0.000000 0.000000 0.000000 0.000000 0.000000 0.000000 0.000000 0.000000 0.000000 0.000000 0.000000 0.000000 
50.000000 33.266311 19.457386 9.979643 4.500772 1.795059 0.637587 0.203167 0.058494 0.015318 0.003671 0.000810 0.000165 0.000031 0.000006 0.000001 0.000000 0.000000 0.000000 0.000000 0.000000 0.000000 0.000000 0.000000 0.000000 0.000000 0.000000 0.000000 0.000000 0.000000 0.000000 0.000000 0.000000 0.000000 0.000000 0.000000 0.000000 0.000000 0.000000 0.000000 0.000000 0.000000 0.000000 0.000000 0.000000 0.000000 0.000000 0.000000 0.000000 0.000000 
50.000000 33.266311 19.457386 9.979643 4.500772 1.795059 0.637587 0.203167 0.058494 0.015318 0.003671 0.000810 0.000165 0.000031 0.000006 0.000001 0.000000 0.000000 0.000000 0.000000 0.000000 0.000000 0.000000 0.000000 0.000000 0.000000 0.000000 0.000000 0.000000 0.000000 0.000000 0.000000 0.000000 0.000000 0.000000 0.000000 0.000000 0.000000 0.000000 0.000000 0.000000 0.000000 0.000000 0.000000 0.000000 0.000000 0.000000 0.000000 0.000000 0.000000 
50.000000 33.266311 19.457386 9.979643 4.500772 1.795059 0.637587 0.203167 0.058494 0.015318 0.003671 0.000810 0.000165 0.000031 0.000006 0.000001 0.000000 0.000000 0.000000 0.000000 0.000000 0.000000 0.000000 0.000000 0.000000 0.000000 0.000000 0.000000 0.000000 0.000000 0.000000 0.000000 0.000000 0.000000 0.000000 0.000000 0.000000 0.000000 0.000000 0.000000 0.000000 0.000000 0.000000 0.000000 0.000000 0.000000 0.000000 0.000000 0.000000 0.000000 
50.000000 33.266311 19.457386 9.979643 4.500772 1.795059 0.637587 0.203167 0.058494 0.015318 0.003671 0.000810 0.000165 0.000031 0.000006 0.000001 0.000000 0.000000 0.000000 0.000000 0.000000 0.000000 0.000000 0.000000 0.000000 0.000000 0.000000 0.000000 0.000000 0.000000 0.000000 0.000000 0.000000 0.000000 0.000000 0.000000 0.000000 0.000000 0.000000 0.000000 0.000000 0.000000 0.000000 0.000000 0.000000 0.000000 0.000000 0.000000 0.000000 0.000000 
50.000000 33.266311 19.457386 9.979643 4.500772 1.795059 0.637587 0.203167 0.058494 0.015318 0.003671 0.000810 0.000165 0.000031 0.000006 0.000001 0.000000 0.000000 0.000000 0.000000 0.000000 0.000000 0.000000 0.000000 0.000000 0.000000 0.000000 0.000000 0.000000 0.000000 0.000000 0.000000 0.000000 0.000000 0.000000 0.000000 0.000000 0.000000 0.000000 0.000000 0.000000 0.000000 0.000000 0.000000 0.000000 0.000000 0.000000 0.000000 0.000000 0.000000 
50.000000 33.266311 19.457386 9.979643 4.500772 1.795059 0.637587 0.203167 0.058494 0.015318 0.003671 0.000810 0.000165 0.000031 0.000006 0.000001 0.000000 0.000000 0.000000 0.000000 0.000000 0.000000 0.000000 0.000000 0.000000 0.000000 0.000000 0.000000 0.000000 0.000000 0.000000 0.000000 0.000000 0.000000 0.000000 0.000000 0.000000 0.000000 0.000000 0.000000 0.000000 0.000000 0.000000 0.000000 0.000000 0.000000 0.000000 0.000000 0.000000 0.000000 
50.000000 33.266311 19.457386 9.979643 4.500772 1.795059 0.637587 0.203167 0.058494 0.015318 0.003671 0.000810 0.000165 0.000031 0.000006 0.000001 0.000000 0.000000 0.000000 0.000000 0.000000 0.000000 0.000000 0.000000 0.000000 0.000000 0.000000 0.000000 0.000000 0.000000 0.000000 0.000000 0.000000 0.000000 0.000000 0.000000 0.000000 0.000000 0.000000 0.000000 0.000000 0.000000 0.000000 0.000000 0.000000 0.000000 0.000000 0.000000 0.000000 0.000000 
50.000000 33.266311 19.457386 9.979643 4.500772 1.795059 0.637587 0.203167 0.058494 0.015318 0.003671 0.000810 0.000165 0.000031 0.000006 0.000001 0.000000 0.000000 0.000000 0.000000 0.000000 0.000000 0.000000 0.000000 0.000000 0.000000 0.000000 0.000000 0.000000 0.000000 0.000000 0.000000 0.000000 0.000000 0.000000 0.000000 0.000000 0.000000 0.000000 0.000000 0.000000 0.000000 0.000000 0.000000 0.000000 0.000000 0.000000 0.000000 0.000000 0.000000 
50.000000 33.266311 19.457386 9.979644 4.500772 1.795060 0.637587 0.203167 0.058494 0.015318 0.003671 0.000810 0.000165 0.000031 0.000006 0.000001 0.000000 0.000000 0.000000 0.000000 0.000000 0.000000 0.000000 0.000000 0.000000 0.000000 0.000000 0.000000 0.000000 0.000000 0.000000 0.000000 0.000000 0.000000 0.000000 0.000000 0.000000 0.000000 0.000000 0.000000 0.000000 0.000000 0.000000 0.000000 0.000000 0.000000 0.000000 0.000000 0.000000 0.000000 
50.000000 33.266312 19.457387 9.979644 4.500772 1.795060 0.637587 0.203168 0.058495 0.015319 0.003672 0.000810 0.000166 0.000032 0.000006 0.000002 0.000001 0.000001 0.000001 0.000001 0.000001 0.000001 0.000001 0.000001 0.000001 0.000001 0.000001 0.000001 0.000001 0.000001 0.000001 0.000001 0.000001 0.000001 0.000001 0.000001 0.000001 0.000001 0.000001 0.000001 0.000001 0.000001 0.000001 0.000001 0.000001 0.000001 0.000001 0.000001 0.000000 0.000000 
50.000000 33.266313 19.457390 9.979648 4.500777 1.795065 0.637592 0.203173 0.058500 0.015324 0.003677 0.000815 0.000171 0.000037 0.000011 0.000006 0.000006 0.000006 0.000006 0.000006 0.000006 0.000006 0.000006 0.000006 0.000006 0.000006 0.000006 0.000006 0.000006 0.000006 0.000006 0.000006 0.000006 0.000006 0.000006 0.000006 0.000006 0.000006 0.000006 0.000006 0.000006 0.000006 0.000006 0.000005 0.000005 0.000005 0.000005 0.000004 0.000002 0.000000 
50.000000 33.266322 19.457405 9.979669 4.500800 1.795090 0.637617 0.203198 0.058525 0.015349 0.003702 0.000841 0.000196 0.000063 0.000037 0.000032 0.000031 0.000031 0.000031 0.000031 0.000031 0.000031 0.000031 0.000031 0.000031 0.000031 0.000031 0.000031 0.000031 0.000031 0.000031 0.000031 0.000031 0.000031 0.000031 0.000031 0.000031 0.000031 0.000031 0.000031 0.000031 0.000031 0.000031 0.000031 0.000030 0.000029 0.000026 0.000020 0.000011 0.000000 
50.000000 33.266367 19.457488 9.979777 4.500923 1.795219 0.637750 0.203332 0.058659 0.015483 0.003836 0.000975 0.000330 0.000196 0.000171 0.000166 0.000165 0.000165 0.000165 0.000165 0.000165 0.000165 0.000165 0.000165 0.000165 0.000165 0.000165 0.000165 0.000165 0.000165 0.000165 0.000165 0.000165 0.000165 0.000165 0.000165 0.000165 0.000165 0.000165 0.000165 0.000165 0.000165 0.000165 0.000164 0.000161 0.000153 0.000137 0.000107 0.000059 0.000000 
50.000000 33.266586 19.457886 9.980296 4.501512 1.795842 0.638387 0.203974 0.059303 0.016127 0.004480 0.001619 0.000975 0.000841 0.000815 0.000810 0.000810 0.000810 0.000810 0.000810 0.000810 0.000810 0.000810 0.000810 0.000810 0.000810 0.000810 0.000810 0.000810 0.000810 0.000810 0.000810 0.000810 0.000810 0.000810 0.000810 0.000810 0.000810 0.000810 0.000810 0.000809 0.000809 0.000808 0.000803 0.000789 0.000753 0.000674 0.000525 0.000292 0.000000 
50.000000 33.267554 19.459649 9.982601 4.504125 1.798606 0.641214 0.206824 0.062161 0.018988 0.007342 0.004480 0.003836 0.003702 0.003677 0.003672 0.003671 0.003671 0.003671 0.003671 0.003671 0.003671 0.003671 0.003671 0.003671 0.003671 0.003671 0.003671 0.003671 0.003671 0.003671 0.003671 0.003671 0.003671 0.003671 0.003671 0.003671 0.003671 0.003671 0.003671 0.003670 0.003669 0.003663 0.003642 0.003581 0.003422 0.003066 0.002392 0.001335 0.000000 
50.000000 33.271488 19.466817 9.991972 4.514757 1.809853 0.652721 0.218428 0.073796 0.030632 0.018988 0.016127 0.015483 0.015349 0.015324 0.015319 0.015318 0.015318 0.015318 0.015318 0.015318 0.015318 0.015318 0.015318 0.015318 0.015318 0.015318 0.015318 0.015318 0.015318 0.015318 0.015318 0.015318 0.015318 0.015318 0.015318 0.015318 0.015318 0.015318 0.015318 0.015316 0.015309 0.015284 0.015201 0.014953 0.014305 0.012843 0.010046 0.005623 0.000000 
50.000000 33.286048 19.493355 10.026681 4.554151 1.851537 0.695373 0.261439 0.116925 0.073796 0.062161 0.059303 0.058659 0.058525 0.058500 0.058495 0.058494 0.058494 0.058494 0.058494 0.058494 0.058494 0.058494 0.058494 0.058494 0.058494 0.058494 0.058494 0.058494 0.058494 0.058494 0.058494 0.058494 0.058494 0.058494 0.058494 0.058494 0.058494 0.058494 0.058493 0.058487 0.058463 0.058373 0.058070 0.057162 0.054765 0.049292 0.038694 0.021739 0.000000 
50.000000 33.334765 19.582169 10.142883 4.686081 1.991171 0.838274 0.405553 0.261439 0.218428 0.206824 0.203974 0.203332 0.203198 0.203173 0.203168 0.203167 0.203167 0.203167 0.203167 0.203167 0.203167 0.203167 0.203167 0.203167 0.203167 0.203167 0.203167 0.203167 0.203167 0.203167 0.203167 0.203167 0.203167 0.203167 0.203167 0.203167 0.203167 0.203166 0.203162 0.203143 0.203066 0.202776 0.201792 0.198809 0.190838 0.172359 0.135977 0.076796 0.000000 
50.000000 33.480841 19.848551 10.491531 5.082042 2.410354 1.267321 0.838274 0.695373 0.652721 0.641214 0.638387 0.637750 0.637617 0.637592 0.637587 0.637587 0.637587 0.637587 0.637587 0.637587 0.637587 0.637587 0.637587 0.637587 0.637587 0.637587 0.637587 0.637587 0.637587 0.637587 0.637587 0.637587 0.637587 0.637587 0.637586 0.637586 0.637586 0.637584 0.637572 0.637520 0.637304 0.636481 0.633660 0.624994 0.601450 0.545776 0.433625 0.246826 0.000000 
50.000000 33.869527 20.557534 11.419767 6.136560 3.526961 2.410354 1.991171 1.851537 1.809853 1.798606 1.795842 1.795219 1.795090 1.795065 1.795060 1.795060 1.795059 1.795059 1.795059 1.795059 1.795059 1.795059 1.795059 1.795059 1.795059 1.795059 1.795059 1.795059 1.795059 1.795059 1.795059 1.795059 1.795059 1.795059 1.795059 1.795059 1.795058 1.795053 1.795025 1.794900 1.794375 1.792362 1.785360 1.763480 1.702747 1.555257 1.248521 0.719494 0.000000 
50.000000 34.777004 22.213205 13.588095 8.600557 6.136560 5.082042 4.686081 4.554151 4.514757 4.504125 4.501512 4.500923 4.500800 4.500777 4.500772 4.500772 4.500772 4.500772 4.500772 4.500772 4.500772 4.500772 4.500772 4.500772 4.500772 4.500772 4.500772 4.500772 4.500772 4.500772 4.500772 4.500772 4.500772 4.500772 4.500772 4.500771 4.500769 4.500758 4.500703 4.500452 4.499386 4.495243 4.480593 4.433814 4.300278 3.964078 3.232398 1.901419 0.000000 
50.000000 36.612589 25.562874 17.976089 13.588095 11.419767 10.491531 10.142883 10.026681 9.991972 9.982601 9.980296 9.979777 9.979669 9.979648 9.979644 9.979644 9.979643 9.979643 9.979643 9.979643 9.979643 9.979643 9.979643 9.979643 9.979643 9.979643 9.979643 9.979643 9.979643 9.979643 9.979643 9.979643 9.979643 9.979643 9.979643 9.979643 9.979640 9.979622 9.979535 9.979129 9.977389 9.970524 9.945755 9.864509 9.624017 8.988045 7.509574 4.581890 0.000000 
50.000000 39.785073 31.353164 25.562874 22.213205 20.557534 19.848551 19.582169 19.493355 19.466817 19.459649 19.457886 19.457488 19.457405 19.457390 19.457387 19.457386 19.457386 19.457386 19.457386 19.457386 19.457386 19.457386 19.457386 19.457386 19.457386 19.457386 19.457386 19.457386 19.457386 19.457386 19.457386 19.457386 19.457386 19.457386 19.457386 19.457385 19.457382 19.457361 19.457257 19.456771 19.454660 19.446192 19.414926 19.309012 18.980806 18.053301 15.676582 10.253467 0.000000 
50.000000 44.404324 39.785073 36.612589 34.777004 33.869527 33.480841 33.334765 33.286048 33.271488 33.267554 33.266586 33.266367 33.266322 33.266313 33.266312 33.266311 33.266311 33.266311 33.266311 33.266311 33.266311 33.266311 33.266311 33.266311 33.266311 33.266311 33.266311 33.266311 33.266311 33.266311 33.266311 33.266311 33.266311 33.266311 33.266311 33.266311 33.266308 33.266293 33.266218 33.265864 33.264309 33.257969 33.234015 33.150033 32.875586 32.030699 29.531606 22.202162 0.000000 
50.000000 50.000000 50.000000 50.000000 50.000000 50.000000 50.000000 50.000000 50.000000 50.000000 50.000000 50.000000 50.000000 50.000000 50.000000 50.000000 50.000000 50.000000 50.000000 50.000000 50.000000 50.000000 50.000000 50.000000 50.000000 50.000000 50.000000 50.000000 50.000000 50.000000 50.000000 50.000000 50.000000 50.000000 50.000000 50.000000 50.000000 50.000000 50.000000 50.000000 50.000000 50.000000 50.000000 50.000000 50.000000 50.000000 50.000000 50.000000 50.000000 50.000000 
