50.000000 50.000000 50.000000 50.000000 50.000000 50.000000 50.000000 50.000000 50.000000 50.000000 50.000000 50.000000 50.000000 50.000000 50.000000 50.000000 50.000000 50.000000 50.000000 50.000000 50.000000 50.000000 50.000000 50.000000 50.000000 50.000000 50.000000 50.000000 50.000000 50.000000 50.000000 50.000000 50.000000 50.000000 50.000000 50.000000 50.000000 50.000000 50.000000 50.000000 50.000000 50.000000 50.000000 50.000000 50.000000 50.000000 50.000000 50.000000 50.000000 50.000000 
50.000000 47.910827 45.958534 44.253151 42.859760 41.793942 41.029858 40.515789 40.190729 39.997238 39.888638 39.831065 39.802188 39.788459 39.782263 39.779604 39.778517 39.778093 39.777935 39.777878 39.777859 39.777853 39.777851 39.777850 39.777850 39.777850 39.777850 39.777850 39.777850 39.777850 39.777849 39.777845 39.777836 39.777806 39.777723 39.777495 39.776893 39.775365 39.771632 39.762854 39.742948 39.699318 39.606523 39.413858 39.019662 38.213397 36.529219 32.827691 23.955413 0.000000 
50.000000 45.958534 42.181874 38.882872 36.187433 34.125690 32.647650 31.653255 31.024482 30.650217 30.440159 30.328802 30.272949 30.246397 30.234413 30.229270 30.227168 30.226348 30.226043 30.225934 30.225897 30.225884 30.225881 30.225879 30.225879 30.225879 30.225879 30.225879 30.225879 30.225878 30.225876 30.225871 30.225853 30.225802 30.225654 30.225252 30.224191 30.221508 30.214981 30.199718 30.165362 30.090824 29.934595 29.617181 28.989199 27.772619 25.452361 21.090937 13.130843 0.000000 
50.000000 44.253151 38.882872 34.191852 30.359121 27.427516 25.325927 23.912059 23.018073 22.485962 22.187323 22.029014 21.949613 21.911869 21.894836 21.887525 21.884537 21.883372 21.882938 21.882783 21.882730 21.882713 21.882707 21.882706 21.882705 21.882705 21.882705 21.882705 21.882705 21.882704 21.882702 21.882695 21.882673 21.882610 21.882430 21.881937 21.880647 21.877397 21.869542 21.851318 21.810722 21.723859 21.545190 21.191557 20.517411 19.279533 17.095926 13.430512 7.723931 0.000000 
50.000000 42.859760 36.187433 30.359121 25.597263 21.955062 19.344139 17.587667 16.477094 15.816094 15.445135 15.248499 15.149880 15.103003 15.081848 15.072770 15.069060 15.067613 15.067074 15.066882 15.066816 15.066795 15.066788 15.066786 15.066785 15.066785 15.066785 15.066785 15.066785 15.066784 15.066782 15.066775 15.066753 15.066689 15.066507 15.066012 15.064722 15.061493 15.053746 15.035939 14.996738 14.914129 14.747553 14.426380 13.835076 12.798631 11.079588 8.414814 4.646363 0.000000 
50.000000 41.793942 34.125690 27.427516 21.955062 17.769451 14.769071 12.750666 11.474530 10.715023 10.288801 10.062883 9.949585 9.895733 9.871433 9.861005 9.856744 9.855082 9.854463 9.854242 9.854167 9.854142 9.854135 9.854132 9.854132 9.854131 9.854131 9.854131 9.854131 9.854131 9.854129 9.854122 9.854103 9.854046 9.853887 9.853455 9.852333 9.849545 9.842910 9.827806 9.794959 9.726781 9.591906 9.338052 8.884725 8.119986 6.910105 5.136491 2.774280 0.000000 
50.000000 41.029858 32.647650 25.325927 19.344139 14.769071 11.489612 9.283540 7.888806 7.058750 6.592959 6.346080 6.222277 6.163435 6.136885 6.125492 6.120837 6.119021 6.118345 6.118104 6.118022 6.117995 6.117987 6.117984 6.117983 6.117983 6.117983 6.117983 6.117983 6.117982 6.117981 6.117976 6.117961 6.117916 6.117791 6.117453 6.116583 6.114432 6.109355 6.097909 6.073307 6.022970 5.925112 5.744806 5.431019 4.917760 4.134371 3.030469 1.616000 0.000000 
50.000000 40.515789 31.653255 23.912059 17.587667 12.750666 9.283540 6.951296 5.476845 4.599380 4.107006 3.846049 3.715192 3.653002 3.624942 3.612902 3.607982 3.606064 3.605350 3.605095 3.605008 3.604980 3.604971 3.604968 3.604967 3.604967 3.604967 3.604967 3.604967 3.604967 3.604966 3.604962 3.604951 3.604919 3.604830 3.604591 3.603977 3.602470 3.598940 3.591056 3.574295 3.540445 3.475648 3.358428 3.158760 2.840113 2.366869 1.718660 0.909266 0.000000 
50.000000 40.190729 31.024482 23.018073 16.477094 11.474530 7.888806 5.476845 3.952040 3.044637 2.535481 2.265640 2.130333 2.066030 2.037019 2.024572 2.019485 2.017502 2.016764 2.016501 2.016411 2.016381 2.016372 2.016369 2.016369 2.016368 2.016368 2.016368 2.016368 2.016368 2.016367 2.016365 2.016358 2.016337 2.016278 2.016123 2.015725 2.014756 2.012501 2.007509 1.996999 1.976020 1.936401 1.865836 1.747749 1.562965 1.294214 0.933658 0.491411 0.000000 
50.000000 39.997238 30.650217 22.485962 15.816094 10.715023 7.058750 4.599380 3.044637 2.119439 1.600313 1.325195 1.187247 1.121690 1.092114 1.079425 1.074240 1.072219 1.071466 1.071198 1.071107 1.071077 1.071067 1.071064 1.071064 1.071063 1.071063 1.071063 1.071063 1.071063 1.071063 1.071061 1.071057 1.071044 1.071009 1.070915 1.070677 1.070099 1.068766 1.065835 1.059720 1.047637 1.025085 0.985442 0.920064 0.819356 0.675240 0.484855 0.254290 0.000000 
50.000000 39.888638 30.440159 22.187323 15.445135 10.288801 6.592959 4.107006 2.535481 1.600313 1.075600 0.797528 0.658101 0.591844 0.561952 0.549128 0.543888 0.541845 0.541085 0.540814 0.540721 0.540691 0.540681 0.540679 0.540678 0.540677 0.540677 0.540677 0.540677 0.540677 0.540677 0.540676 0.540674 0.540666 0.540647 0.540594 0.540461 0.540141 0.539405 0.537800 0.534478 0.527972 0.515950 0.495050 0.460995 0.409196 0.336005 0.240441 0.125784 0.000000 
50.000000 39.831065 30.328802 22.029014 15.248499 10.062883 6.346080 3.846049 2.265640 1.325195 0.797528 0.517894 0.377686 0.311058 0.280999 0.268104 0.262835 0.260781 0.260016 0.259744 0.259651 0.259620 0.259611 0.259608 0.259607 0.259607 0.259606 0.259606 0.259606 0.259606 0.259606 0.259606 0.259605 0.259601 0.259590 0.259563 0.259493 0.259327 0.258947 0.258123 0.256429 0.253138 0.247109 0.236725 0.219973 0.194753 0.159472 0.113821 0.059433 0.000000 
50.000000 39.802188 30.272949 21.949613 15.149880 9.949585 6.222277 3.715192 2.130333 1.187247 0.658101 0.377686 0.237087 0.170274 0.140132 0.127201 0.121917 0.119858 0.119091 0.118818 0.118724 0.118694 0.118684 0.118681 0.118680 0.118680 0.118680 0.118680 0.118680 0.118680 0.118680 0.118680 0.118679 0.118677 0.118672 0.118659 0.118625 0.118543 0.118359 0.117961 0.117147 0.115577 0.112722 0.107844 0.100039 0.088387 0.072216 0.051441 0.026823 0.000000 
50.000000 39.788459 30.246397 21.911869 15.103003 9.895733 6.163435 3.653002 2.066030 1.121690 0.591844 0.311058 0.170274 0.103373 0.073192 0.060244 0.054954 0.052892 0.052124 0.051850 0.051757 0.051726 0.051716 0.051714 0.051713 0.051712 0.051712 0.051712 0.051712 0.051712 0.051712 0.051712 0.051712 0.051711 0.051709 0.051702 0.051687 0.051649 0.051565 0.051383 0.051014 0.050305 0.049025 0.046852 0.043400 0.038281 0.031223 0.022206 0.011566 0.000000 
50.000000 39.782263 30.234413 21.894836 15.081848 9.871433 6.136885 3.624942 2.037019 1.092114 0.561952 0.280999 0.140132 0.073192 0.042993 0.030038 0.024744 0.022681 0.021912 0.021639 0.021545 0.021515 0.021505 0.021502 0.021501 0.021501 0.021501 0.021501 0.021501 0.021501 0.021501 0.021501 0.021501 0.021500 0.021499 0.021497 0.021490 0.021473 0.021437 0.021358 0.021199 0.020896 0.020351 0.019431 0.017978 0.015836 0.012898 0.009162 0.004768 0.000000 
50.000000 39.779604 30.229270 21.887525 15.072770 9.861005 6.125492 3.612902 2.024572 1.079425 0.549128 0.268104 0.127201 0.060244 0.030038 0.017079 0.011784 0.009720 0.008952 0.008678 0.008585 0.008554 0.008544 0.008541 0.008541 0.008540 0.008540 0.008540 0.008540 0.008540 0.008540 0.008540 0.008540 0.008540 0.008540 0.008538 0.008536 0.008529 0.008514 0.008482 0.008417 0.008293 0.008072 0.007702 0.007119 0.006264 0.005096 0.003616 0.001880 0.000000 
50.000000 39.778517 30.227168 21.884537 15.069060 9.856744 6.120837 3.607982 2.019485 1.074240 0.543888 0.262835 0.121917 0.054954 0.024744 0.011784 0.006489 0.004425 0.003656 0.003382 0.003289 0.003258 0.003249 0.003246 0.003245 0.003245 0.003245 0.003245 0.003245 0.003245 0.003245 0.003245 0.003245 0.003244 0.003244 0.003244 0.003243 0.003240 0.003234 0.003222 0.003196 0.003148 0.003063 0.002921 0.002697 0.002371 0.001927 0.001366 0.000710 0.000000 
50.000000 39.778093 30.226348 21.883372 15.067613 9.855082 6.119021 3.606064 2.017502 1.072219 0.541845 0.260781 0.119858 0.052892 0.022681 0.009720 0.004425 0.002361 0.001592 0.001318 0.001225 0.001194 0.001184 0.001182 0.001181 0.001180 0.001180 0.001180 0.001180 0.001180 0.001180 0.001180 0.001180 0.001180 0.001180 0.001180 0.001180 0.001179 0.001176 0.001172 0.001162 0.001145 0.001113 0.001061 0.000979 0.000860 0.000698 0.000495 0.000257 0.000000 
50.000000 39.777935 30.226043 21.882938 15.067074 9.854463 6.118345 3.605350 2.016764 1.071466 0.541085 0.260016 0.119091 0.052124 0.021912 0.008952 0.003656 0.001592 0.000823 0.000549 0.000456 0.000425 0.000416 0.000413 0.000412 0.000412 0.000412 0.000412 0.000412 0.000412 0.000412 0.000412 0.000412 0.000412 0.000412 0.000412 0.000411 0.000411 0.000410 0.000409 0.000405 0.000399 0.000388 0.000369 0.000341 0.000299 0.000243 0.000172 0.000089 0.000000 
50.000000 39.777878 30.225934 21.882783 15.066882 9.854242 6.118104 3.605095 2.016501 1.071198 0.540814 0.259744 0.118818 0.051850 0.021639 0.008678 0.003382 0.001318 0.000549 0.000276 0.000182 0.000152 0.000142 0.000139 0.000138 0.000138 0.000138 0.000138 0.000138 0.000138 0.000138 0.000138 0.000138 0.000138 0.000138 0.000138 0.000138 0.000138 0.000137 0.000137 0.000136 0.000134 0.000130 0.000124 0.000114 0.000100 0.000081 0.000057 0.000030 0.000000 
50.000000 39.777859 30.225897 21.882730 15.066816 9.854167 6.118022 3.605008 2.016411 1.071107 0.540721 0.259651 0.118724 0.051757 0.021545 0.008585 0.003289 0.001225 0.000456 0.000182 0.000089 0.000058 0.000048 0.000045 0.000045 0.000044 0.000044 0.000044 0.000044 0.000044 0.000044 0.000044 0.000044 0.000044 0.000044 0.000044 0.000044 0.000044 0.000044 0.000044 0.000044 0.000043 0.000042 0.000040 0.000037 0.000032 0.000026 0.000018 0.000010 0.000000 
50.000000 39.777853 30.225884 21.882713 15.066795 9.854142 6.117995 3.604980 2.016381 1.071077 0.540691 0.259620 0.118694 0.051726 0.021515 0.008554 0.003258 0.001194 0.000425 0.000152 0.000058 0.000027 0.000018 0.000015 0.000014 0.000014 0.000014 0.000014 0.000014 0.000014 0.000014 0.000014 0.000014 0.000014 0.000014 0.000014 0.000014 0.000014 0.000014 0.000014 0.000013 0.000013 0.000013 0.000012 0.000011 0.000010 0.000008 0.000006 0.000003 0.000000 
50.000000 39.777851 30.225881 21.882707 15.066788 9.854135 6.117987 3.604971 2.016372 1.071067 0.540681 0.259611 0.118684 0.051716 0.021505 0.008544 0.003249 0.001184 0.000416 0.000142 0.000048 0.000018 0.000008 0.000005 0.000004 0.000004 0.000004 0.000004 0.000004 0.000004 0.000004 0.000004 0.000004 0.000004 0.000004 0.000004 0.000004 0.000004 0.000004 0.000004 0.000004 0.000004 0.000004 0.000004 0.000003 0.000003 0.000002 0.000002 0.000001 0.000000 
50.000000 39.777850 30.225879 21.882706 15.066786 9.854132 6.117984 3.604968 2.016369 1.071064 0.540679 0.259608 0.118681 0.051714 0.021502 0.008542 0.003246 0.001182 0.000413 0.000139 0.000046 0.000015 0.000005 0.000002 0.000002 0.000001 0.000001 0.000001 0.000001 0.000001 0.000001 0.000001 0.000001 0.000001 0.000001 0.000001 0.000001 0.000001 0.000001 0.000001 0.000001 0.000001 0.000001 0.000001 0.000001 0.000001 0.000001 0.000000 0.000000 0.000000 
50.000000 39.777850 30.225879 21.882705 15.066785 9.854132 6.117983 3.604968 2.016369 1.071064 0.540678 0.259607 0.118681 0.051713 0.021501 0.008541 0.003245 0.001181 0.000412 0.000138 0.000045 0.000014 0.000004 0.000002 0.000001 0.000000 0.000000 0.000000 0.000000 0.000000 0.000000 0.000000 0.000000 0.000000 0.000000 0.000000 0.000000 0.000000 0.000000 0.000000 0.000000 0.000000 0.000000 0.000000 0.000000 0.000000 0.000000 0.000000 0.000000 0.000000 
50.000000 39.777850 30.225879 21.882705 15.066785 9.854132 6.117983 3.604968 2.016369 1.071064 0.540678 0.259607 0.118681 0.051713 0.021501 0.008541 0.003245 0.001181 0.000412 0.000138 0.000045 0.000014 0.000004 0.000002 0.000001 0.000000 0.000000 0.000000 0.000000 0.000000 0.000000 0.000000 0.000000 0.000000 0.000000 0.000000 0.000000 0.000000 0.000000 0.000000 0.000000 0.000000 0.000000 0.000000 0.000000 0.000000 0.000000 0.000000 0.000000 0.000000 
50.000000 39.777850 30.225879 21.882706 15.066786 9.854132 6.117984 3.604968 2.016369 1.071064 0.540679 0.259608 0.118681 0.051714 0.021502 0.008542 0.003246 0.001182 0.000413 0.000139 0.000046 0.000015 0.000005 0.000002 0.000002 0.000001 0.000001 0.000001 0.000001 0.000001 0.000001 0.000001 0.000001 0.000001 0.000001 0.000001 0.000001 0.000001 0.000001 0.000001 0.000001 0.000001 0.000001 0.000001 0.000001 0.000001 0.000001 0.000000 0.000000 0.000000 
50.000000 39.777851 30.225881 21.882707 15.066788 9.854135 6.117987 3.604971 2.016372 1.071067 0.540681 0.259611 0.118684 0.051716 0.021505 0.008544 0.003249 0.001184 0.000416 0.000142 0.000048 0.000018 0.000008 0.000005 0.000004 0.000004 0.000004 0.000004 0.000004 0.000004 0.000004 0.000004 0.000004 0.000004 0.000004 0.000004 0.000004 0.000004 0.000004 0.000004 0.000004 0.000004 0.000004 0.000004 0.000003 0.000003 0.000002 0.000002 0.000001 0.000000 
50.000000 39.777853 30.225884 21.882713 15.066795 9.854142 6.117995 3.604980 2.016381 1.071077 0.540691 0.259620 0.118694 0.051726 0.021515 0.008554 0.003258 0.001194 0.000425 0.000152 0.000058 0.000027 0.000018 0.000015 0.000014 0.000014 0.000014 0.000014 0.000014 0.000014 0.000014 0.000014 0.000014 0.000014 0.000014 0.000014 0.000014 0.000014 0.000014 0.000014 0.000013 0.000013 0.000013 0.000012 0.000011 0.000010 0.000008 0.000006 0.000003 0.000000 
50.000000 39.777859 30.225897 21.882730 15.066816 9.854167 6.118022 3.605008 2.016411 1.071107 0.540721 0.259651 0.118724 0.051757 0.021545 0.008585 0.003289 0.001225 0.000456 0.000182 0.000089 0.000058 0.000048 0.000045 0.000045 0.000044 0.000044 0.000044 0.000044 0.000044 0.000044 0.000044 0.000044 0.000044 0.000044 0.000044 0.000044 0.000044 0.000044 0.000044 0.000044 0.000043 0.000042 0.000040 0.000037 0.000032 0.000026 0.000018 0.000010 0.000000 
50.000000 39.777878 30.225934 21.882783 15.066882 9.854242 6.118104 3.605095 2.016501 1.071198 0.540814 0.259744 0.118818 0.051850 0.021639 0.008678 0.003382 0.001318 0.000549 0.000276 0.000182 0.000152 0.000142 0.000139 0.000138 0.000138 0.000138 0.000138 0.000138 0.000138 0.000138 0.000138 0.000138 0.000138 0.000138 0.000138 0.000138 0.000138 0.000137 0.000137 0.000136 0.000134 0.000130 0.000124 0.000114 0.000100 0.000081 0.000057 0.000030 0.000000 
50.000000 39.777935 30.226043 21.882938 15.067074 9.854463 6.118345 3.605350 2.016764 1.071466 0.541085 0.260016 0.119091 0.052124 0.021912 0.008952 0.003656 0.001592 0.000823 0.000549 0.000456 0.000425 0.000416 0.000413 0.000412 0.000412 0.000412 0.000412 0.000412 0.000412 0.000412 0.000412 0.000412 0.000412 0.000412 0.000412 0.000411 0.000411 0.000410 0.000409 0.000405 0.000399 0.000388 0.000369 0.000341 0.000299 0.000243 0.000172 0.000089 0.000000 
50.000000 39.778093 30.226348 21.883372 15.067613 9.855082 6.119021 3.606064 2.017502 1.072219 0.541845 0.260781 0.119858 0.052892 0.022681 0.009720 0.004425 0.002361 0.001592 0.001318 0.001225 0.001194 0.001184 0.001182 0.001181 0.001180 0.001180 0.001180 0.001180 0.001180 0.001180 0.001180 0.001180 0.001180 0.001180 0.001180 0.001180 0.001179 0.001176 0.001172 0.001162 0.001145 0.001113 0.001061 0.000979 0.000860 0.000698 0.000495 0.000257 0.000000 
50.000000 39.778517 30.227168 21.884537 15.069060 9.856744 6.120837 3.607982 2.019485 1.074240 0.543888 0.262835 0.121917 0.054954 0.024744 0.011784 0.006489 0.004425 0.003656 0.003382 0.003289 0.003258 0.003249 0.003246 0.003245 0.003245 0.003245 0.003245 0.003245 0.003245 0.003245 0.003245 0.003245 0.003244 0.003244 0.003244 0.003243 0.003240 0.003234 0.003222 0.003196 0.003148 0.003063 0.002921 0.002697 0.002371 0.001927 0.001366 0.000710 0.000000 
50.000000 39.779604 30.229270 21.887525 15.072770 9.861005 6.125492 3.612902 2.024572 1.079425 0.549128 0.268104 0.127201 0.060244 0.030038 0.017079 0.011784 0.009720 0.008952 0.008678 0.008585 0.008554 0.008544 0.008541 0.008541 0.008540 0.008540 0.008540 0.008540 0.008540 0.008540 0.008540 0.008540 0.008540 0.008540 0.008538 0.008536 0.008529 0.008514 0.008482 0.008417 0.008293 0.008072 0.007702 0.007119 0.006264 0.005096 0.003616 0.001880 0.000000 
50.000000 39.782263 30.234413 21.894836 15.081848 9.871433 6.136885 3.624942 2.037019 1.092114 0.561952 0.280999 0.140132 0.073192 0.042993 0.030038 0.024744 0.022681 0.021912 0.021639 0.021545 0.021515 0.021505 0.021502 0.021501 0.021501 0.021501 0.021501 0.021501 0.021501 0.021501 0.021501 0.021501 0.021500 0.021499 0.021497 0.021490 0.021473 0.021437 0.021358 0.021199 0.020896 0.020351 0.019431 0.017978 0.015836 0.012898 0.009162 0.004768 0.000000 
50.000000 39.788459 30.246397 21.911869 15.103003 9.895733 6.163435 3.653002 2.066030 1.121690 0.591844 0.311058 0.170274 0.103373 0.073192 0.060244 0.054954 0.052892 0.052124 0.051850 0.051757 0.051726 0.051716 0.051714 0.051713 0.051712 0.051712 0.051712 0.051712 0.051712 0.051712 0.051712 0.051712 0.051711 0.051709 0.051702 0.051687 0.051649 0.051565 0.051383 0.051014 0.050305 0.049025 0.046852 0.043400 0.038281 0.031223 0.022206 0.011566 0.000000 
50.000000 39.802188 30.272949 21.949613 15.149880 9.949585 6.222277 3.715192 2.130333 1.187247 0.658101 0.377686 0.237087 0.170274 0.140132 0.127201 0.121917 0.119858 0.119091 0.118818 0.118724 0.118694 0.118684 0.118681 0.118680 0.118680 0.118680 0.118680 0.118680 0.118680 0.118680 0.118680 0.118679 0.118677 0.118672 0.118659 0.118625 0.118543 0.118359 0.117961 0.117147 0.115577 0.112722 0.107844 0.100039 0.088387 0.072216 0.051441 0.026823 0.000000 
50.000000 39.831065 30.328802 22.029014 15.248499 10.062883 6.346080 3.846049 2.265640 1.325195 0.797528 0.517894 0.377686 0.311058 0.280999 0.268104 0.262835 0.260781 0.260016 0.259744 0.259651 0.259620 0.259611 0.259608 0.259607 0.259607 0.259606 0.259606 0.259606 0.259606 0.259606 0.259606 0.259605 0.259601 0.259590 0.259563 0.259493 0.259327 0.258947 0.258123 0.256429 0.253138 0.247109 0.236725 0.219973 0.194753 0.159472 0.113821 0.059433 0.000000 
50.000000 39.888638 30.440159 22.187323 15.445135 10.288801 6.592959 4.107006 2.535481 1.600313 1.075600 0.797528 0.658101 0.591844 0.561952 0.549128 0.543888 0.541845 0.541085 0.540814 0.540721 0.540691 0.540681 0.540679 0.540678 0.540677 0.540677 0.540677 0.540677 0.540677 0.540677 0.540676 0.540674 0.540666 0.540647 0.540594 0.540461 0.540141 0.539405 0.537800 0.534478 0.527972 0.515950 0.495050 0.460995 0.409196 0.336005 0.240441 0.125784 0.000000 
50.000000 39.997238 30.650217 22.485962 15.816094 10.715023 7.058750 4.599380 3.044637 2.119439 1.600313 1.325195 1.187247 1.121690 1.092114 1.079425 1.074240 1.072219 1.071466 1.071198 1.071107 1.071077 1.071067 1.071064 1.071064 1.071063 1.071063 1.071063 1.071063 1.071063 1.071063 1.071061 1.071057 1.071044 1.071009 1.070915 1.070677 1.070099 1.068766 1.065835 1.059720 1.047637 1.025085 0.985442 0.920064 0.819356 0.675240 0.484855 0.254290 0.000000 
50.000000 40.190729 31.024482 23.018073 16.477094 11.474530 7.888806 5.476845 3.952040 3.044637 2.535481 2.265640 2.130333 2.066030 2.037019 2.024572 2.019485 2.017502 2.016764 2.016501 2.016411 2.016381 2.016372 2.016369 2.016369 2.016368 2.016368 2.016368 2.016368 2.016368 2.016367 2.016365 2.016358 2.016337 2.016278 2.016123 2.015725 2.014756 2.012501 2.007509 1.996999 1.976020 1.936401 1.865836 1.747749 1.562965 1.294214 0.933658 0.491411 0.000000 
50.000000 40.515789 31.653255 23.912059 17.587667 12.750666 9.283540 6.951296 5.476845 4.599380 4.107006 3.846049 3.715192 3.653002 3.624942 3.612902 3.607982 3.606064 3.605350 3.605095 3.605008 3.604980 3.604971 3.604968 3.604967 3.604967 3.604967 3.604967 3.604967 3.604967 3.604966 3.604962 3.604951 3.604919 3.604830 3.604591 3.603977 3.602470 3.598940 3.591056 3.574295 3.540445 3.475648 3.358428 3.158760 2.840113 2.366869 1.718660 0.909266 0.000000 
50.000000 41.029858 32.647650 25.325927 19.344139 14.769071 11.489612 9.283540 7.888806 7.058750 6.592959 6.346080 6.222277 6.163435 6.136885 6.125492 6.120837 6.119021 6.118345 6.118104 6.118022 6.117995 6.117987 6.117984 6.117983 6.117983 6.117983 6.117983 6.117983 6.117982 6.117981 6.117976 6.117961 6.117916 6.117791 6.117453 6.116583 6.114432 6.109355 6.097909 6.073307 6.022970 5.925112 5.744806 5.431019 4.917760 4.134371 3.030469 1.616000 0.000000 
50.000000 41.793942 34.125690 27.427516 21.955062 17.769451 14.769071 12.750666 11.474530 10.715023 10.288801 10.062883 9.949585 9.895733 9.871433 9.861005 9.856744 9.855082 9.854463 9.854242 9.854167 9.854142 9.854135 9.854132 9.854132 9.854131 9.854131 9.854131 9.854131 9.854131 9.854129 9.854122 9.854103 9.854046 9.853887 9.853455 9.852333 9.849545 9.842910 9.827806 9.794959 9.726781 9.591906 9.338052 8.884725 8.119986 6.910105 5.136491 2.774280 0.000000 
50.000000 42.859760 36.187433 30.359121 25.597263 21.955062 19.344139 17.587667 16.477094 15.816094 15.445135 15.248499 15.149880 15.103003 15.081848 15.072770 15.069060 15.067613 15.067074 15.066882 15.066816 15.066795 15.066788 15.066786 15.066785 15.066785 15.066785 15.066785 15.066785 15.066784 15.066782 15.066775 15.066753 15.066689 15.066507 15.066012 15.064722 15.061493 15.053746 15.035939 14.996738 14.914129 14.747553 14.426380 13.835076 12.798631 11.079588 8.414814 4.646363 0.000000 
50.000000 44.253151 38.882872 34.191852 30.359121 27.427516 25.325927 23.912059 23.018073 22.485962 22.187323 22.029014 21.949613 21.911869 21.894836 21.887525 21.884537 21.883372 21.882938 21.882783 21.882730 21.882713 21.882707 21.882706 21.882705 21.882705 21.882705 21.882705 21.882705 21.882704 21.882702 21.882695 21.882673 21.882610 21.882430 21.881937 21.880647 21.877397 21.869542 21.851318 21.810722 21.723859 21.545190 21.191557 20.517411 19.279533 17.095926 13.430512 7.723931 0.000000 
50.000000 45.958534 42.181874 38.882872 36.187433 34.125690 32.647650 31.653255 31.024482 30.650217 30.440159 30.328802 30.272949 30.246397 30.234413 30.229270 30.227168 30.226348 30.226043 30.225934 30.225897 30.225884 30.225881 30.225879 30.225879 30.225879 30.225879 30.225879 30.225879 30.225878 30.225876 30.225871 30.225853 30.225802 30.225654 30.225252 30.224191 30.221508 30.214981 30.199718 30.165362 30.090824 29.934595 29.617181 28.989199 27.772619 25.452361 21.090937 13.130843 0.000000 
50.000000 47.910827 45.958534 44.253151 42.859760 41.793942 41.029858 40.515789 40.190729 39.997238 39.888638 39.831065 39.802188 39.788459 39.782263 39.779604 39.778517 39.778093 39.777935 39.777878 39.777859 39.777853 39.777851 39.777850 39.777850 39.777850 39.777850 39.777850 39.777850 39.777850 39.777849 39.777845 39.777836 39.777806 39.777723 39.777495 39.776893 39.775365 39.771632 39.762854 39.742948 39.699318 39.606523 39.413858 39.019662 38.213397 36.529219 32.827691 23.955413 0.000000 
50.000000 50.000000 50.000000 50.000000 50.000000 50.000000 50.000000 50.000000 50.000000 50.000000 50.000000 50.000000 50.000000 50.000000 50.000000 50.000000 50.000000 50.000000 50.000000 50.000000 50.000000 50.000000 50.000000 50.000000 50.000000 50.000000 50.000000 50.000000 50.000000 50.000000 50.000000 50.000000 50.000000 50.000000 50.000000 50.000000 50.000000 50.000000 50.000000 50.000000 50.000000 50.000000 50.000000 50.000000 50.000000 50.000000 50.000000 50.000000 50.000000 50.000000 
