50.000000 50.000000 50.000000 50.000000 50.000000 50.000000 50.000000 50.000000 50.000000 50.000000 50.000000 50.000000 50.000000 50.000000 50.000000 50.000000 50.000000 50.000000 50.000000 50.000000 50.000000 50.000000 50.000000 50.000000 50.000000 50.000000 50.000000 50.000000 50.000000 50.000000 50.000000 50.000000 50.000000 50.000000 50.000000 50.000000 50.000000 50.000000 50.000000 50.000000 50.000000 50.000000 50.000000 50.000000 50.000000 50.000000 50.000000 50.000000 50.000000 50.000000 
50.000000 47.940551 46.014120 44.327999 42.946304 41.885360 41.121174 40.604183 40.275210 40.078015 39.966486 39.906870 39.876704 39.862229 39.855632 39.852772 39.851590 39.851124 39.850949 39.850886 39.850864 39.850857 39.850854 39.850854 39.850853 39.850853 39.850853 39.850853 39.850853 39.850853 39.850852 39.850848 39.850837 39.850805 39.850713 39.850465 39.849817 39.848188 39.844243 39.835044 39.814348 39.769316 39.674176 39.477813 39.078138 38.264251 36.570129 32.856449 23.970276 0.000000 
50.000000 46.014120 42.285696 39.022387 36.348286 34.294981 32.816030 31.815500 31.178851 30.797235 30.581405 30.466042 30.407667 30.379658 30.366893 30.361359 30.359073 30.358171 30.357832 30.357709 30.357667 30.357653 30.357649 30.357647 30.357647 30.357647 30.357647 30.357647 30.357646 30.357646 30.357644 30.357637 30.357618 30.357560 30.357398 30.356960 30.355816 30.352950 30.346041 30.330019 30.294237 30.217170 30.056708 29.732621 29.094751 27.864413 25.526206 21.142848 13.157671 0.000000 
50.000000 44.327999 39.022387 34.378684 30.573477 27.651704 25.547259 24.123610 23.217752 22.674785 22.367711 22.203583 22.120536 22.080691 22.062532 22.054660 22.051408 22.050126 22.049643 22.049469 22.049409 22.049389 22.049383 22.049381 22.049380 22.049380 22.049380 22.049380 22.049379 22.049379 22.049376 22.049368 22.049344 22.049273 22.049074 22.048537 22.047141 22.043661 22.035323 22.016139 21.973741 21.883679 21.699657 21.337586 20.650934 19.395654 17.189342 13.496181 7.757870 0.000000 
50.000000 42.946304 36.348286 30.573477 25.841480 22.208164 19.591290 17.821039 16.694681 16.019573 15.637785 15.433731 15.330488 15.280955 15.258383 15.248598 15.244556 15.242963 15.242362 15.242146 15.242071 15.242046 15.242039 15.242036 15.242035 15.242035 15.242035 15.242035 15.242035 15.242034 15.242031 15.242023 15.241999 15.241927 15.241725 15.241183 15.239783 15.236312 15.228057 15.209241 15.168147 15.082177 14.909975 14.579932 13.975481 12.920740 11.177823 8.483873 4.682053 0.000000 
50.000000 41.885360 34.294981 27.651704 22.208164 18.028609 15.018397 12.982130 11.686564 10.910071 10.470967 10.236292 10.117563 10.060602 10.034648 10.023396 10.018749 10.016918 10.016228 10.015979 10.015893 10.015864 10.015855 10.015853 10.015852 10.015852 10.015851 10.015851 10.015851 10.015850 10.015848 10.015841 10.015819 10.015755 10.015578 10.015102 10.013879 10.010868 10.003765 9.987732 9.953138 9.881862 9.741797 9.479761 9.014305 8.232683 7.000770 5.200230 2.807221 0.000000 
50.000000 41.121174 32.816030 25.547259 19.591290 15.018397 11.724985 9.497222 8.079869 7.230420 6.750081 6.493381 6.363515 6.301216 6.272830 6.260526 6.255444 6.253441 6.252687 6.252415 6.252321 6.252290 6.252280 6.252277 6.252276 6.252275 6.252275 6.252275 6.252275 6.252275 6.252273 6.252267 6.252249 6.252199 6.252059 6.251685 6.250731 6.248395 6.242930 6.230713 6.204664 6.151756 6.049590 5.862493 5.538636 5.011358 4.209674 3.083409 1.643360 0.000000 
50.000000 40.604183 31.815500 24.123610 17.821039 12.982130 9.497222 7.139993 5.640323 4.741572 4.233376 3.961801 3.824415 3.758512 3.728486 3.715471 3.710096 3.707978 3.707180 3.706893 3.706793 3.706760 3.706750 3.706747 3.706746 3.706745 3.706745 3.706745 3.706745 3.706745 3.706743 3.706739 3.706727 3.706690 3.706590 3.706323 3.705646 3.703999 3.700176 3.691709 3.673852 3.638054 3.569997 3.447631 3.240333 2.911064 2.423953 1.758792 0.930007 0.000000 
50.000000 40.275210 31.178851 23.217752 16.694681 11.686564 8.079869 5.640323 4.088325 3.158243 2.632348 2.351326 2.209167 2.140976 2.109909 2.096444 2.090883 2.088692 2.087866 2.087569 2.087466 2.087432 2.087421 2.087418 2.087417 2.087417 2.087417 2.087417 2.087416 2.087416 2.087415 2.087413 2.087404 2.087380 2.087314 2.087139 2.086698 2.085631 2.083172 2.077773 2.066500 2.044163 2.002268 1.928114 1.804703 1.612504 1.334073 0.961681 0.505895 0.000000 
50.000000 40.078015 30.797235 22.674785 16.019573 10.910071 7.230420 4.741572 3.158243 2.209407 1.672922 1.386248 1.241235 1.171677 1.139988 1.126254 1.120582 1.118347 1.117506 1.117202 1.117097 1.117063 1.117052 1.117048 1.117047 1.117047 1.117047 1.117047 1.117047 1.117047 1.117046 1.117044 1.117039 1.117025 1.116984 1.116878 1.116612 1.115971 1.114506 1.111312 1.104703 1.091743 1.067720 1.025756 0.956933 0.851426 0.701044 0.502998 0.263667 0.000000 
50.000000 39.966486 30.581405 22.367711 15.637785 10.470967 6.750081 4.233376 2.632348 1.672922 1.130459 0.840596 0.693973 0.623645 0.591605 0.577720 0.571985 0.569726 0.568875 0.568568 0.568462 0.568427 0.568416 0.568413 0.568412 0.568411 0.568411 0.568411 0.568411 0.568411 0.568411 0.568410 0.568407 0.568398 0.568376 0.568316 0.568166 0.567808 0.566993 0.565230 0.561610 0.554575 0.541667 0.519368 0.483236 0.428543 0.351572 0.251387 0.131442 0.000000 
50.000000 39.906870 30.466042 22.203583 15.433731 10.236292 6.493381 3.961801 2.351326 1.386248 0.840596 0.549034 0.401552 0.330813 0.298587 0.284621 0.278854 0.276581 0.275725 0.275417 0.275310 0.275275 0.275264 0.275260 0.275259 0.275259 0.275259 0.275259 0.275259 0.275259 0.275258 0.275258 0.275256 0.275252 0.275240 0.275208 0.275129 0.274941 0.274517 0.273604 0.271743 0.268154 0.261625 0.250452 0.232528 0.205675 0.168260 0.120001 0.062628 0.000000 
50.000000 39.876704 30.407667 22.120536 15.330488 10.117563 6.363515 3.824415 2.209167 1.241235 0.693973 0.401552 0.253637 0.182692 0.150372 0.136365 0.130581 0.128301 0.127443 0.127134 0.127027 0.126992 0.126980 0.126977 0.126976 0.126976 0.126975 0.126975 0.126975 0.126975 0.126975 0.126975 0.126974 0.126972 0.126966 0.126950 0.126911 0.126819 0.126610 0.126165 0.125263 0.123536 0.120416 0.115120 0.106695 0.094177 0.076876 0.054717 0.028516 0.000000 
50.000000 39.862229 30.379658 22.080691 15.280955 10.060602 6.301216 3.758512 2.140976 1.171677 0.623645 0.330813 0.182692 0.111647 0.079282 0.065256 0.059464 0.057181 0.056322 0.056012 0.055905 0.055870 0.055858 0.055855 0.055854 0.055854 0.055854 0.055853 0.055853 0.055853 0.055853 0.055853 0.055853 0.055852 0.055849 0.055842 0.055823 0.055780 0.055684 0.055479 0.055066 0.054279 0.052867 0.050485 0.046723 0.041172 0.033550 0.023842 0.012412 0.000000 
50.000000 39.855632 30.366893 22.062532 15.258383 10.034648 6.272830 3.728486 2.109909 1.139988 0.591605 0.298587 0.150372 0.079282 0.046897 0.032862 0.027066 0.024782 0.023922 0.023612 0.023505 0.023470 0.023458 0.023455 0.023454 0.023454 0.023454 0.023454 0.023454 0.023454 0.023454 0.023454 0.023453 0.023453 0.023452 0.023448 0.023440 0.023421 0.023379 0.023290 0.023110 0.022770 0.022163 0.021145 0.019546 0.017200 0.013996 0.009934 0.005167 0.000000 
50.000000 39.852772 30.361359 22.054660 15.248598 10.023396 6.260526 3.715471 2.096444 1.126254 0.577720 0.284621 0.136365 0.065256 0.032862 0.018823 0.013025 0.010741 0.009881 0.009571 0.009464 0.009428 0.009417 0.009414 0.009413 0.009412 0.009412 0.009412 0.009412 0.009412 0.009412 0.009412 0.009412 0.009412 0.009411 0.009410 0.009407 0.009399 0.009381 0.009344 0.009270 0.009130 0.008881 0.008467 0.007819 0.006873 0.005586 0.003961 0.002059 0.000000 
50.000000 39.851590 30.359073 22.051408 15.244556 10.018749 6.255444 3.710096 2.090883 1.120582 0.571985 0.278854 0.130581 0.059464 0.027066 0.013025 0.007228 0.004943 0.004083 0.003773 0.003666 0.003630 0.003619 0.003615 0.003614 0.003614 0.003614 0.003614 0.003614 0.003614 0.003614 0.003614 0.003614 0.003614 0.003614 0.003613 0.003612 0.003609 0.003602 0.003587 0.003558 0.003503 0.003406 0.003245 0.002994 0.002629 0.002135 0.001513 0.000786 0.000000 
50.000000 39.851124 30.358171 22.050126 15.242963 10.016918 6.253441 3.707978 2.088692 1.118347 0.569726 0.276581 0.128301 0.057181 0.024782 0.010741 0.004943 0.002658 0.001798 0.001488 0.001381 0.001345 0.001334 0.001331 0.001330 0.001329 0.001329 0.001329 0.001329 0.001329 0.001329 0.001329 0.001329 0.001329 0.001329 0.001329 0.001328 0.001327 0.001325 0.001319 0.001308 0.001288 0.001251 0.001192 0.001099 0.000964 0.000782 0.000554 0.000288 0.000000 
50.000000 39.850949 30.357832 22.049643 15.242362 10.016228 6.252687 3.707180 2.087866 1.117506 0.568875 0.275725 0.127443 0.056322 0.023922 0.009881 0.004083 0.001798 0.000938 0.000628 0.000520 0.000485 0.000474 0.000470 0.000469 0.000469 0.000469 0.000469 0.000469 0.000469 0.000469 0.000469 0.000469 0.000469 0.000469 0.000469 0.000469 0.000468 0.000467 0.000465 0.000461 0.000454 0.000441 0.000420 0.000387 0.000339 0.000275 0.000195 0.000101 0.000000 
50.000000 39.850886 30.357709 22.049469 15.242146 10.015979 6.252415 3.706893 2.087569 1.117202 0.568568 0.275417 0.127134 0.056012 0.023612 0.009571 0.003773 0.001488 0.000628 0.000318 0.000210 0.000175 0.000164 0.000160 0.000159 0.000159 0.000159 0.000159 0.000159 0.000159 0.000159 0.000159 0.000159 0.000159 0.000159 0.000159 0.000159 0.000158 0.000158 0.000157 0.000156 0.000154 0.000149 0.000142 0.000131 0.000115 0.000093 0.000066 0.000034 0.000000 
50.000000 39.850864 30.357667 22.049409 15.242071 10.015893 6.252321 3.706793 2.087466 1.117097 0.568462 0.275310 0.127027 0.055905 0.023505 0.009464 0.003666 0.001381 0.000520 0.000210 0.000103 0.000068 0.000057 0.000053 0.000052 0.000052 0.000052 0.000052 0.000052 0.000052 0.000052 0.000052 0.000052 0.000052 0.000052 0.000052 0.000052 0.000052 0.000051 0.000051 0.000051 0.000050 0.000049 0.000046 0.000042 0.000037 0.000030 0.000021 0.000011 0.000000 
50.000000 39.850857 30.357653 22.049389 15.242046 10.015864 6.252290 3.706760 2.087432 1.117063 0.568427 0.275275 0.126992 0.055870 0.023470 0.009428 0.003630 0.001345 0.000485 0.000175 0.000068 0.000032 0.000021 0.000018 0.000017 0.000016 0.000016 0.000016 0.000016 0.000016 0.000016 0.000016 0.000016 0.000016 0.000016 0.000016 0.000016 0.000016 0.000016 0.000016 0.000016 0.000016 0.000015 0.000014 0.000013 0.000012 0.000009 0.000007 0.000003 0.000000 
50.000000 39.850854 30.357649 22.049383 15.242039 10.015855 6.252280 3.706750 2.087421 1.117052 0.568416 0.275264 0.126980 0.055858 0.023458 0.009417 0.003619 0.001334 0.000474 0.000164 0.000057 0.000021 0.000010 0.000006 0.000005 0.000005 0.000005 0.000005 0.000005 0.000005 0.000005 0.000005 0.000005 0.000005 0.000005 0.000005 0.000005 0.000005 0.000005 0.000005 0.000005 0.000005 0.000005 0.000004 0.000004 0.000004 0.000003 0.000002 0.000001 0.000000 
50.000000 39.850854 30.357647 22.049381 15.242036 10.015853 6.252277 3.706747 2.087418 1.117048 0.568413 0.275260 0.126977 0.055855 0.023455 0.009414 0.003615 0.001331 0.000470 0.000160 0.000053 0.000018 0.000006 0.000003 0.000002 0.000002 0.000001 0.000001 0.000001 0.000001 0.000001 0.000001 0.000001 0.000001 0.000001 0.000001 0.000001 0.000001 0.000001 0.000001 0.000001 0.000001 0.000001 0.000001 0.000001 0.000001 0.000001 0.000001 0.000000 0.000000 
50.000000 39.850853 30.357647 22.049380 15.242036 10.015852 6.252276 3.706746 2.087417 1.117047 0.568412 0.275259 0.126976 0.055854 0.023454 0.009413 0.003614 0.001330 0.000469 0.000159 0.000052 0.000017 0.000005 0.000002 0.000001 0.000001 0.000001 0.000001 0.000001 0.000001 0.000001 0.000001 0.000001 0.000001 0.000001 0.000001 0.000001 0.000001 0.000001 0.000001 0.000000 0.000000 0.000000 0.000000 0.000000 0.000000 0.000000 0.000000 0.000000 0.000000 
50.000000 39.850853 30.357647 22.049380 15.242036 10.015852 6.252276 3.706746 2.087417 1.117047 0.568412 0.275259 0.126976 0.055854 0.023454 0.009413 0.003614 0.001330 0.000469 0.000159 0.000052 0.000017 0.000005 0.000002 0.000001 0.000001 0.000001 0.000001 0.000001 0.000001 0.000001 0.000001 0.000001 0.000001 0.000001 0.000001 0.000001 0.000001 0.000001 0.000001 0.000000 0.000000 0.000000 0.000000 0.000000 0.000000 0.000000 0.000000 0.000000 0.000000 
50.000000 39.850854 30.357647 22.049381 15.242036 10.015853 6.252277 3.706747 2.087418 1.117048 0.568413 0.275260 0.126977 0.055855 0.023455 0.009414 0.003615 0.001331 0.000470 0.000160 0.000053 0.000018 0.000006 0.000003 0.000002 0.000002 0.000001 0.000001 0.000001 0.000001 0.000001 0.000001 0.000001 0.000001 0.000001 0.000001 0.000001 0.000001 0.000001 0.000001 0.000001 0.000001 0.000001 0.000001 0.000001 0.000001 0.000001 0.000001 0.000000 0.000000 
50.000000 39.850854 30.357649 22.049383 15.242039 10.015855 6.252280 3.706750 2.087421 1.117052 0.568416 0.275264 0.126980 0.055858 0.023458 0.009417 0.003619 0.001334 0.000474 0.000164 0.000057 0.000021 0.000010 0.000006 0.000005 0.000005 0.000005 0.000005 0.000005 0.000005 0.000005 0.000005 0.000005 0.000005 0.000005 0.000005 0.000005 0.000005 0.000005 0.000005 0.000005 0.000005 0.000005 0.000004 0.000004 0.000004 0.000003 0.000002 0.000001 0.000000 
50.000000 39.850857 30.357653 22.049389 15.242046 10.015864 6.252290 3.706760 2.087432 1.117063 0.568427 0.275275 0.126992 0.055870 0.023470 0.009428 0.003630 0.001345 0.000485 0.000175 0.000068 0.000032 0.000021 0.000018 0.000017 0.000016 0.000016 0.000016 0.000016 0.000016 0.000016 0.000016 0.000016 0.000016 0.000016 0.000016 0.000016 0.000016 0.000016 0.000016 0.000016 0.000016 0.000015 0.000014 0.000013 0.000012 0.000009 0.000007 0.000003 0.000000 
50.000000 39.850864 30.357667 22.049409 15.242071 10.015893 6.252321 3.706793 2.087466 1.117097 0.568462 0.275310 0.127027 0.055905 0.023505 0.009464 0.003666 0.001381 0.000520 0.000210 0.000103 0.000068 0.000057 0.000053 0.000052 0.000052 0.000052 0.000052 0.000052 0.000052 0.000052 0.000052 0.000052 0.000052 0.000052 0.000052 0.000052 0.000052 0.000051 0.000051 0.000051 0.000050 0.000049 0.000046 0.000042 0.000037 0.000030 0.000021 0.000011 0.000000 
50.000000 39.850886 30.357709 22.049469 15.242146 10.015979 6.252415 3.706893 2.087569 1.117202 0.568568 0.275417 0.127134 0.056012 0.023612 0.009571 0.003773 0.001488 0.000628 0.000318 0.000210 0.000175 0.000164 0.000160 0.000159 0.000159 0.000159 0.000159 0.000159 0.000159 0.000159 0.000159 0.000159 0.000159 0.000159 0.000159 0.000159 0.000158 0.000158 0.000157 0.000156 0.000154 0.000149 0.000142 0.000131 0.000115 0.000093 0.000066 0.000034 0.000000 
50.000000 39.850949 30.357832 22.049643 15.242362 10.016228 6.252687 3.707180 2.087866 1.117506 0.568875 0.275725 0.127443 0.056322 0.023922 0.009881 0.004083 0.001798 0.000938 0.000628 0.000520 0.000485 0.000474 0.000470 0.000469 0.000469 0.000469 0.000469 0.000469 0.000469 0.000469 0.000469 0.000469 0.000469 0.000469 0.000469 0.000469 0.000468 0.000467 0.000465 0.000461 0.000454 0.000441 0.000420 0.000387 0.000339 0.000275 0.000195 0.000101 0.000000 
50.000000 39.851124 30.358171 22.050126 15.242963 10.016918 6.253441 3.707978 2.088692 1.118347 0.569726 0.276581 0.128301 0.057181 0.024782 0.010741 0.004943 0.002658 0.001798 0.001488 0.001381 0.001345 0.001334 0.001331 0.001330 0.001329 0.001329 0.001329 0.001329 0.001329 0.001329 0.001329 0.001329 0.001329 0.001329 0.001329 0.001328 0.001327 0.001325 0.001319 0.001308 0.001288 0.001251 0.001192 0.001099 0.000964 0.000782 0.000554 0.000288 0.000000 
50.000000 39.851590 30.359073 22.051408 15.244556 10.018749 6.255444 3.710096 2.090883 1.120582 0.571985 0.278854 0.130581 0.059464 0.027066 0.013025 0.007228 0.004943 0.004083 0.003773 0.003666 0.003630 0.003619 0.003615 0.003614 0.003614 0.003614 0.003614 0.003614 0.003614 0.003614 0.003614 0.003614 0.003614 0.003614 0.003613 0.003612 0.003609 0.003602 0.003587 0.003558 0.003503 0.003406 0.003245 0.002994 0.002629 0.002135 0.001513 0.000786 0.000000 
50.000000 39.852772 30.361359 22.054660 15.248598 10.023396 6.260526 3.715471 2.096444 1.126254 0.577720 0.284621 0.136365 0.065256 0.032862 0.018823 0.013025 0.010741 0.009881 0.009571 0.009464 0.009428 0.009417 0.009414 0.009413 0.009412 0.009412 0.009412 0.009412 0.009412 0.009412 0.009412 0.009412 0.009412 0.009411 0.009410 0.009407 0.009399 0.009381 0.009344 0.009270 0.009130 0.008881 0.008467 0.007819 0.006873 0.005586 0.003961 0.002059 0.000000 
50.000000 39.855632 30.366893 22.062532 15.258383 10.034648 6.272830 3.728486 2.109909 1.139988 0.591605 0.298587 0.150372 0.079282 0.046897 0.032862 0.027066 0.024782 0.023922 0.023612 0.023505 0.023470 0.023458 0.023455 0.023454 0.023454 0.023454 0.023454 0.023454 0.023454 0.023454 0.023454 0.023453 0.023453 0.023452 0.023448 0.023440 0.023421 0.023379 0.023290 0.023110 0.022770 0.022163 0.021145 0.019546 0.017200 0.013996 0.009934 0.005167 0.000000 
50.000000 39.862229 30.379658 22.080691 15.280955 10.060602 6.301216 3.758512 2.140976 1.171677 0.623645 0.330813 0.182692 0.111647 0.079282 0.065256 0.059464 0.057181 0.056322 0.056012 0.055905 0.055870 0.055858 0.055855 0.055854 0.055854 0.055854 0.055853 0.055853 0.055853 0.055853 0.055853 0.055853 0.055852 0.055849 0.055842 0.055823 0.055780 0.055684 0.055479 0.055066 0.054279 0.052867 0.050485 0.046723 0.041172 0.033550 0.023842 0.012412 0.000000 
50.000000 39.876704 30.407667 22.120536 15.330488 10.117563 6.363515 3.824415 2.209167 1.241235 0.693973 0.401552 0.253637 0.182692 0.150372 0.136365 0.130581 0.128301 0.127443 0.127134 0.127027 0.126992 0.126980 0.126977 0.126976 0.126976 0.126975 0.126975 0.126975 0.126975 0.126975 0.126975 0.126974 0.126972 0.126966 0.126950 0.126911 0.126819 0.126610 0.126165 0.125263 0.123536 0.120416 0.115120 0.106695 0.094177 0.076876 0.054717 0.028516 0.000000 
50.000000 39.906870 30.466042 22.203583 15.433731 10.236292 6.493381 3.961801 2.351326 1.386248 0.840596 0.549034 0.401552 0.330813 0.298587 0.284621 0.278854 0.276581 0.275725 0.275417 0.275310 0.275275 0.275264 0.275260 0.275259 0.275259 0.275259 0.275259 0.275259 0.275259 0.275258 0.275258 0.275256 0.275252 0.275240 0.275208 0.275129 0.274941 0.274517 0.273604 0.271743 0.268154 0.261625 0.250452 0.232528 0.205675 0.168260 0.120001 0.062628 0.000000 
50.000000 39.966486 30.581405 22.367711 15.637785 10.470967 6.750081 4.233376 2.632348 1.672922 1.130459 0.840596 0.693973 0.623645 0.591605 0.577720 0.571985 0.569726 0.568875 0.568568 0.568462 0.568427 0.568416 0.568413 0.568412 0.568411 0.568411 0.568411 0.568411 0.568411 0.568411 0.568410 0.568407 0.568398 0.568376 0.568316 0.568166 0.567808 0.566993 0.565230 0.561610 0.554575 0.541667 0.519368 0.483236 0.428543 0.351572 0.251387 0.131442 0.000000 
50.000000 40.078015 30.797235 22.674785 16.019573 10.910071 7.230420 4.741572 3.158243 2.209407 1.672922 1.386248 1.241235 1.171677 1.139988 1.126254 1.120582 1.118347 1.117506 1.117202 1.117097 1.117063 1.117052 1.117048 1.117047 1.117047 1.117047 1.117047 1.117047 1.117047 1.117046 1.117044 1.117039 1.117025 1.116984 1.116878 1.116612 1.115971 1.114506 1.111312 1.104703 1.091743 1.067720 1.025756 0.956933 0.851426 0.701044 0.502998 0.263667 0.000000 
50.000000 40.275210 31.178851 23.217752 16.694681 11.686564 8.079869 5.640323 4.088325 3.158243 2.632348 2.351326 2.209167 2.140976 2.109909 2.096444 2.090883 2.088692 2.087866 2.087569 2.087466 2.087432 2.087421 2.087418 2.087417 2.087417 2.087417 2.087417 2.087416 2.087416 2.087415 2.087413 2.087404 2.087380 2.087314 2.087139 2.086698 2.085631 2.083172 2.077773 2.066500 2.044163 2.002268 1.928114 1.804703 1.612504 1.334073 0.961681 0.505895 0.000000 
50.000000 40.604183 31.815500 24.123610 17.821039 12.982130 9.497222 7.139993 5.640323 4.741572 4.233376 3.961801 3.824415 3.758512 3.728486 3.715471 3.710096 3.707978 3.707180 3.706893 3.706793 3.706760 3.706750 3.706747 3.706746 3.706745 3.706745 3.706745 3.706745 3.706745 3.706743 3.706739 3.706727 3.706690 3.706590 3.706323 3.705646 3.703999 3.700176 3.691709 3.673852 3.638054 3.569997 3.447631 3.240333 2.911064 2.423953 1.758792 0.930007 0.000000 
50.000000 41.121174 32.816030 25.547259 19.591290 15.018397 11.724985 9.497222 8.079869 7.230420 6.750081 6.493381 6.363515 6.301216 6.272830 6.260526 6.255444 6.253441 6.252687 6.252415 6.252321 6.252290 6.252280 6.252277 6.252276 6.252275 6.252275 6.252275 6.252275 6.252275 6.252273 6.252267 6.252249 6.252199 6.252059 6.251685 6.250731 6.248395 6.242930 6.230713 6.204664 6.151756 6.049590 5.862493 5.538636 5.011358 4.209674 3.083409 1.643360 0.000000 
50.000000 41.885360 34.294981 27.651704 22.208164 18.028609 15.018397 12.982130 11.686564 10.910071 10.470967 10.236292 10.117563 10.060602 10.034648 10.023396 10.018749 10.016918 10.016228 10.015979 10.015893 10.015864 10.015855 10.015853 10.015852 10.015852 10.015851 10.015851 10.015851 10.015850 10.015848 10.015841 10.015819 10.015755 10.015578 10.015102 10.013879 10.010868 10.003765 9.987732 9.953138 9.881862 9.741797 9.479761 9.014305 8.232683 7.000770 5.200230 2.807221 0.000000 
50.000000 42.946304 36.348286 30.573477 25.841480 22.208164 19.591290 17.821039 16.694681 16.019573 15.637785 15.433731 15.330488 15.280955 15.258383 15.248598 15.244556 15.242963 15.242362 15.242146 15.242071 15.242046 15.242039 15.242036 15.242035 15.242035 15.242035 15.242035 15.242035 15.242034 15.242031 15.242023 15.241999 15.241927 15.241725 15.241183 15.239783 15.236312 15.228057 15.209241 15.168147 15.082177 14.909975 14.579932 13.975481 12.920740 11.177823 8.483873 4.682053 0.000000 
50.000000 44.327999 39.022387 34.378684 30.573477 27.651704 25.547259 24.123610 23.217752 22.674785 22.367711 22.203583 22.120536 22.080691 22.062532 22.054660 22.051408 22.050126 22.049643 22.049469 22.049409 22.049389 22.049383 22.049381 22.049380 22.049380 22.049380 22.049380 22.049379 22.049379 22.049376 22.049368 22.049344 22.049273 22.049074 22.048537 22.047141 22.043661 22.035323 22.016139 21.973741 21.883679 21.699657 21.337586 20.650934 19.395654 17.189342 13.496181 7.757870 0.000000 
50.000000 46.014120 42.285696 39.022387 36.348286 34.294981 32.816030 31.815500 31.178851 30.797235 30.581405 30.466042 30.407667 30.379658 30.366893 30.361359 30.359073 30.358171 30.357832 30.357709 30.357667 30.357653 30.357649 30.357647 30.357647 30.357647 30.357647 30.357647 30.357646 30.357646 30.357644 30.357637 30.357618 30.357560 30.357398 30.356960 30.355816 30.352950 30.346041 30.330019 30.294237 30.217170 30.056708 29.732621 29.094751 27.864413 25.526206 21.142848 13.157671 0.000000 
50.000000 47.940551 46.014120 44.327999 42.946304 41.885360 41.121174 40.604183 40.275210 40.078015 39.966486 39.906870 39.876704 39.862229 39.855632 39.852772 39.851590 39.851124 39.850949 39.850886 39.850864 39.850857 39.850854 39.850854 39.850853 39.850853 39.850853 39.850853 39.850853 39.850853 39.850852 39.850848 39.850837 39.850805 39.850713 39.850465 39.849817 39.848188 39.844243 39.835044 39.814348 39.769316 39.674176 39.477813 39.078138 38.264251 36.570129 32.856449 23.970276 0.000000 
50.000000 50.000000 50.000000 50.000000 50.000000 50.000000 50.000000 50.000000 50.000000 50.000000 50.000000 50.000000 50.000000 50.000000 50.000000 50.000000 50.000000 50.000000 50.000000 50.000000 50.000000 50.000000 50.000000 50.000000 50.000000 50.000000 50.000000 50.000000 50.000000 50.000000 50.000000 50.000000 50.000000 50.000000 50.000000 50.000000 50.000000 50.000000 50.000000 50.000000 50.000000 50.000000 50.000000 50.000000 50.000000 50.000000 50.000000 50.000000 50.000000 50.000000 
