50.000000 50.000000 50.000000 50.000000 50.000000 50.000000 50.000000 50.000000 50.000000 50.000000 50.000000 50.000000 50.000000 50.000000 50.000000 50.000000 50.000000 50.000000 50.000000 50.000000 50.000000 50.000000 50.000000 50.000000 50.000000 50.000000 50.000000 50.000000 50.000000 50.000000 50.000000 50.000000 50.000000 50.000000 50.000000 50.000000 50.000000 50.000000 50.000000 50.000000 50.000000 50.000000 50.000000 50.000000 50.000000 50.000000 50.000000 50.000000 50.000000 50.000000 
50.000000 46.220377 42.887789 40.291401 38.497079 37.391501 36.780638 36.476148 36.338407 36.281537 36.259991 36.252464 36.250028 36.249294 36.249088 36.249033 36.249020 36.249017 36.249016 36.249016 36.249016 36.249016 36.249016 36.249016 36.249016 36.249016 36.249016 36.249016 36.249016 36.249016 36.249016 36.249016 36.249016 36.249016 36.249015 36.249012 36.248998 36.248944 36.248738 36.248001 36.245513 36.237589 36.213779 36.146098 35.963115 35.487885 34.282152 31.214868 23.110188 0.000000 
50.000000 42.887789 36.616897 31.731484 28.355436 26.275413 25.126235 24.553469 24.294395 24.187441 24.146925 24.132772 24.128191 24.126812 24.126425 24.126323 24.126297 24.126291 24.126290 24.126290 24.126290 24.126290 24.126290 24.126290 24.126290 24.126290 24.126290 24.126290 24.126290 24.126290 24.126290 24.126290 24.126290 24.126289 24.126288 24.126283 24.126262 24.126176 24.125851 24.124696 24.120828 24.108645 24.072603 23.972458 23.710890 23.067550 21.574538 18.308449 11.672922 0.000000 
50.000000 40.291401 31.731484 25.063131 20.455338 17.616697 16.048574 15.267100 14.913674 14.767790 14.712536 14.693237 14.686992 14.685113 14.684585 14.684445 14.684411 14.684403 14.684401 14.684401 14.684401 14.684401 14.684401 14.684401 14.684401 14.684401 14.684401 14.684401 14.684401 14.684401 14.684401 14.684401 14.684401 14.684400 14.684399 14.684394 14.684372 14.684283 14.683952 14.682782 14.678902 14.666849 14.631840 14.536982 14.297807 13.738432 12.531566 10.156946 6.009249 0.000000 
50.000000 38.497079 28.355436 20.455338 14.996867 11.634518 9.777317 8.851910 8.433454 8.260757 8.195358 8.172520 8.165132 8.162908 8.162284 8.162119 8.162078 8.162069 8.162067 8.162066 8.162066 8.162066 8.162066 8.162066 8.162066 8.162066 8.162066 8.162066 8.162066 8.162066 8.162066 8.162066 8.162066 8.162066 8.162065 8.162061 8.162043 8.161972 8.161709 8.160788 8.157768 8.148512 8.122106 8.052227 7.881461 7.498434 6.716906 5.287886 3.009194 0.000000 
50.000000 37.391501 26.275413 17.616697 11.634518 7.949920 5.914953 4.901098 4.442710 4.253561 4.181943 4.156938 4.148850 4.146416 4.145733 4.145553 4.145508 4.145498 4.145495 4.145495 4.145495 4.145495 4.145495 4.145495 4.145495 4.145495 4.145495 4.145495 4.145495 4.145495 4.145495 4.145495 4.145495 4.145495 4.145494 4.145491 4.145479 4.145432 4.145259 4.144658 4.142706 4.136800 4.120224 4.077251 3.974960 3.753056 3.318890 2.564524 1.428386 0.000000 
50.000000 36.780638 25.126235 16.048574 9.777317 5.914953 3.781993 2.719421 2.239059 2.040865 1.965832 1.939638 1.931166 1.928618 1.927902 1.927713 1.927667 1.927656 1.927653 1.927653 1.927653 1.927653 1.927653 1.927653 1.927653 1.927653 1.927653 1.927653 1.927653 1.927653 1.927653 1.927653 1.927653 1.927653 1.927652 1.927651 1.927644 1.927617 1.927519 1.927182 1.926097 1.922853 1.913873 1.890997 1.837702 1.725090 1.511592 1.153777 0.634540 0.000000 
50.000000 36.476148 24.553469 15.267100 8.851910 4.901098 2.719421 1.632651 1.141386 0.938709 0.861985 0.835203 0.826542 0.823937 0.823205 0.823012 0.822964 0.822953 0.822951 0.822950 0.822950 0.822950 0.822950 0.822950 0.822950 0.822950 0.822950 0.822950 0.822950 0.822950 0.822950 0.822950 0.822950 0.822950 0.822950 0.822949 0.822946 0.822932 0.822884 0.822718 0.822188 0.820618 0.816326 0.805548 0.780874 0.729804 0.635259 0.480866 0.262368 0.000000 
50.000000 36.338407 24.294395 14.913674 8.433454 4.442710 2.239059 1.141386 0.645214 0.440521 0.363038 0.335992 0.327246 0.324616 0.323877 0.323682 0.323634 0.323623 0.323620 0.323620 0.323620 0.323620 0.323620 0.323620 0.323620 0.323620 0.323620 0.323620 0.323620 0.323620 0.323620 0.323620 0.323620 0.323620 0.323619 0.323619 0.323618 0.323612 0.323590 0.323517 0.323286 0.322607 0.320768 0.316207 0.305910 0.284942 0.246825 0.185751 0.100818 0.000000 
50.000000 36.281537 24.187441 14.767790 8.260757 4.253561 2.040865 0.938709 0.440521 0.235002 0.157208 0.130054 0.121274 0.118633 0.117891 0.117696 0.117647 0.117636 0.117634 0.117633 0.117633 0.117633 0.117633 0.117633 0.117633 0.117633 0.117633 0.117633 0.117633 0.117633 0.117633 0.117633 0.117633 0.117633 0.117633 0.117633 0.117632 0.117630 0.117621 0.117592 0.117501 0.117235 0.116522 0.114768 0.110855 0.102989 0.088888 0.066613 0.036024 0.000000 
50.000000 36.259991 24.146925 14.712536 8.195358 4.181943 1.965832 0.861985 0.363038 0.157208 0.079297 0.052103 0.043310 0.040665 0.039922 0.039726 0.039678 0.039667 0.039664 0.039664 0.039663 0.039663 0.039663 0.039663 0.039663 0.039663 0.039663 0.039663 0.039663 0.039663 0.039663 0.039663 0.039663 0.039663 0.039663 0.039663 0.039663 0.039662 0.039659 0.039649 0.039616 0.039521 0.039268 0.038650 0.037285 0.034570 0.029754 0.022229 0.011990 0.000000 
50.000000 36.252464 24.132772 14.693237 8.172520 4.156938 1.939638 0.835203 0.335992 0.130054 0.052103 0.024894 0.016097 0.013450 0.012707 0.012511 0.012463 0.012452 0.012449 0.012449 0.012449 0.012449 0.012449 0.012449 0.012449 0.012449 0.012449 0.012449 0.012449 0.012449 0.012449 0.012449 0.012449 0.012449 0.012449 0.012449 0.012448 0.012448 0.012447 0.012444 0.012433 0.012402 0.012319 0.012118 0.011679 0.010811 0.009285 0.006921 0.003726 0.000000 
50.000000 36.250028 24.128191 14.686992 8.165132 4.148850 1.931166 0.826542 0.327246 0.121274 0.043310 0.016097 0.007297 0.004651 0.003907 0.003712 0.003663 0.003652 0.003649 0.003649 0.003649 0.003649 0.003649 0.003649 0.003649 0.003649 0.003649 0.003649 0.003649 0.003649 0.003649 0.003649 0.003649 0.003649 0.003649 0.003649 0.003649 0.003649 0.003648 0.003647 0.003644 0.003635 0.003609 0.003549 0.003418 0.003160 0.002709 0.002016 0.001084 0.000000 
50.000000 36.249294 24.126812 14.685113 8.162908 4.146416 1.928618 0.823937 0.324616 0.118633 0.040665 0.013450 0.004651 0.002004 0.001261 0.001065 0.001016 0.001005 0.001003 0.001002 0.001002 0.001002 0.001002 0.001002 0.001002 0.001002 0.001002 0.001002 0.001002 0.001002 0.001002 0.001002 0.001002 0.001002 0.001002 0.001002 0.001002 0.001002 0.001002 0.001002 0.001001 0.000998 0.000991 0.000974 0.000937 0.000866 0.000741 0.000551 0.000296 0.000000 
50.000000 36.249088 24.126425 14.684585 8.162284 4.145733 1.927902 0.823205 0.323877 0.117891 0.039922 0.012707 0.003907 0.001261 0.000517 0.000321 0.000273 0.000262 0.000259 0.000259 0.000259 0.000259 0.000259 0.000259 0.000259 0.000259 0.000259 0.000259 0.000259 0.000259 0.000259 0.000259 0.000259 0.000259 0.000259 0.000259 0.000259 0.000259 0.000259 0.000258 0.000258 0.000257 0.000256 0.000251 0.000242 0.000223 0.000191 0.000142 0.000076 0.000000 
50.000000 36.249033 24.126323 14.684445 8.162119 4.145553 1.927713 0.823012 0.323682 0.117696 0.039726 0.012511 0.003712 0.001065 0.000321 0.000126 0.000077 0.000066 0.000064 0.000063 0.000063 0.000063 0.000063 0.000063 0.000063 0.000063 0.000063 0.000063 0.000063 0.000063 0.000063 0.000063 0.000063 0.000063 0.000063 0.000063 0.000063 0.000063 0.000063 0.000063 0.000063 0.000063 0.000062 0.000061 0.000059 0.000054 0.000046 0.000034 0.000018 0.000000 
50.000000 36.249020 24.126297 14.684411 8.162078 4.145508 1.927667 0.822964 0.323634 0.117647 0.039678 0.012463 0.003663 0.001016 0.000273 0.000077 0.000029 0.000018 0.000015 0.000015 0.000014 0.000014 0.000014 0.000014 0.000014 0.000014 0.000014 0.000014 0.000014 0.000014 0.000014 0.000014 0.000014 0.000014 0.000014 0.000014 0.000014 0.000014 0.000014 0.000014 0.000014 0.000014 0.000014 0.000014 0.000013 0.000012 0.000011 0.000008 0.000004 0.000000 
50.000000 36.249017 24.126291 14.684403 8.162069 4.145498 1.927656 0.822953 0.323623 0.117636 0.039667 0.012452 0.003652 0.001005 0.000262 0.000066 0.000018 0.000006 0.000004 0.000003 0.000003 0.000003 0.000003 0.000003 0.000003 0.000003 0.000003 0.000003 0.000003 0.000003 0.000003 0.000003 0.000003 0.000003 0.000003 0.000003 0.000003 0.000003 0.000003 0.000003 0.000003 0.000003 0.000003 0.000003 0.000003 0.000003 0.000002 0.000002 0.000001 0.000000 
50.000000 36.249016 24.126290 14.684401 8.162067 4.145495 1.927653 0.822951 0.323620 0.117634 0.039664 0.012449 0.003649 0.001003 0.000259 0.000064 0.000015 0.000004 0.000001 0.000001 0.000001 0.000001 0.000001 0.000001 0.000001 0.000001 0.000001 0.000001 0.000001 0.000001 0.000001 0.000001 0.000001 0.000001 0.000001 0.000001 0.000001 0.000001 0.000001 0.000001 0.000001 0.000001 0.000001 0.000001 0.000001 0.000001 0.000000 0.000000 0.000000 0.000000 
50.000000 36.249016 24.126290 14.684401 8.162066 4.145495 1.927653 0.822950 0.323620 0.117633 0.039664 0.012449 0.003649 0.001002 0.000259 0.000063 0.000015 0.000003 0.000001 0.000000 0.000000 0.000000 0.000000 0.000000 0.000000 0.000000 0.000000 0.000000 0.000000 0.000000 0.000000 0.000000 0.000000 0.000000 0.000000 0.000000 0.000000 0.000000 0.000000 0.000000 0.000000 0.000000 0.000000 0.000000 0.000000 0.000000 0.000000 0.000000 0.000000 0.000000 
50.000000 36.249016 24.126290 14.684401 8.162066 4.145495 1.927653 0.822950 0.323620 0.117633 0.039663 0.012449 0.003649 0.001002 0.000259 0.000063 0.000014 0.000003 0.000001 0.000000 0.000000 0.000000 0.000000 0.000000 0.000000 0.000000 0.000000 0.000000 0.000000 0.000000 0.000000 0.000000 0.000000 0.000000 0.000000 0.000000 0.000000 0.000000 0.000000 0.000000 0.000000 0.000000 0.000000 0.000000 0.000000 0.000000 0.000000 0.000000 0.000000 0.000000 
50.000000 36.249016 24.126290 14.684401 8.162066 4.145495 1.927653 0.822950 0.323620 0.117633 0.039663 0.012449 0.003649 0.001002 0.000259 0.000063 0.000014 0.000003 0.000001 0.000000 0.000000 0.000000 0.000000 0.000000 0.000000 0.000000 0.000000 0.000000 0.000000 0.000000 0.000000 0.000000 0.000000 0.000000 0.000000 0.000000 0.000000 0.000000 0.000000 0.000000 0.000000 0.000000 0.000000 0.000000 0.000000 0.000000 0.000000 0.000000 0.000000 0.000000 
50.000000 36.249016 24.126290 14.684401 8.162066 4.145495 1.927653 0.822950 0.323620 0.117633 0.039663 0.012449 0.003649 0.001002 0.000259 0.000063 0.000014 0.000003 0.000001 0.000000 0.000000 0.000000 0.000000 0.000000 0.000000 0.000000 0.000000 0.000000 0.000000 0.000000 0.000000 0.000000 0.000000 0.000000 0.000000 0.000000 0.000000 0.000000 0.000000 0.000000 0.000000 0.000000 0.000000 0.000000 0.000000 0.000000 0.000000 0.000000 0.000000 0.000000 
50.000000 36.249016 24.126290 14.684401 8.162066 4.145495 1.927653 0.822950 0.323620 0.117633 0.039663 0.012449 0.003649 0.001002 0.000259 0.000063 0.000014 0.000003 0.000001 0.000000 0.000000 0.000000 0.000000 0.000000 0.000000 0.000000 0.000000 0.000000 0.000000 0.000000 0.000000 0.000000 0.000000 0.000000 0.000000 0.000000 0.000000 0.000000 0.000000 0.000000 0.000000 0.000000 0.000000 0.000000 0.000000 0.000000 0.000000 0.000000 0.000000 0.000000 
50.000000 36.249016 24.126290 14.684401 8.162066 4.145495 1.927653 0.822950 0.323620 0.117633 0.039663 0.012449 0.003649 0.001002 0.000259 0.000063 0.000014 0.000003 0.000001 0.000000 0.000000 0.000000 0.000000 0.000000 0.000000 0.000000 0.000000 0.000000 0.000000 0.000000 0.000000 0.000000 0.000000 0.000000 0.000000 0.000000 0.000000 0.000000 0.000000 0.000000 0.000000 0.000000 0.000000 0.000000 0.000000 0.000000 0.000000 0.000000 0.000000 0.000000 
50.000000 36.249016 24.126290 14.684401 8.162066 4.145495 1.927653 0.822950 0.323620 0.117633 0.039663 0.012449 0.003649 0.001002 0.000259 0.000063 0.000014 0.000003 0.000001 0.000000 0.000000 0.000000 0.000000 0.000000 0.000000 0.000000 0.000000 0.000000 0.000000 0.000000 0.000000 0.000000 0.000000 0.000000 0.000000 0.000000 0.000000 0.000000 0.000000 0.000000 0.000000 0.000000 0.000000 0.000000 0.000000 0.000000 0.000000 0.000000 0.000000 0.000000 
50.000000 36.249016 24.126290 14.684401 8.162066 4.145495 1.927653 0.822950 0.323620 0.117633 0.039663 0.012449 0.003649 0.001002 0.000259 0.000063 0.000014 0.000003 0.000001 0.000000 0.000000 0.000000 0.000000 0.000000 0.000000 0.000000 0.000000 0.000000 0.000000 0.000000 0.000000 0.000000 0.000000 0.000000 0.000000 0.000000 0.000000 0.000000 0.000000 0.000000 0.000000 0.000000 0.000000 0.000000 0.000000 0.000000 0.000000 0.000000 0.000000 0.000000 
50.000000 36.249016 24.126290 14.684401 8.162066 4.145495 1.927653 0.822950 0.323620 0.117633 0.039663 0.012449 0.003649 0.001002 0.000259 0.000063 0.000014 0.000003 0.000001 0.000000 0.000000 0.000000 0.000000 0.000000 0.000000 0.000000 0.000000 0.000000 0.000000 0.000000 0.000000 0.000000 0.000000 0.000000 0.000000 0.000000 0.000000 0.000000 0.000000 0.000000 0.000000 0.000000 0.000000 0.000000 0.000000 0.000000 0.000000 0.000000 0.000000 0.000000 
50.000000 36.249016 24.126290 14.684401 8.162066 4.145495 1.927653 0.822950 0.323620 0.117633 0.039663 0.012449 0.003649 0.001002 0.000259 0.000063 0.000014 0.000003 0.000001 0.000000 0.000000 0.000000 0.000000 0.000000 0.000000 0.000000 0.000000 0.000000 0.000000 0.000000 0.000000 0.000000 0.000000 0.000000 0.000000 0.000000 0.000000 0.000000 0.000000 0.000000 0.000000 0.000000 0.000000 0.000000 0.000000 0.000000 0.000000 0.000000 0.000000 0.000000 
50.000000 36.249016 24.126290 14.684401 8.162066 4.145495 1.927653 0.822950 0.323620 0.117633 0.039663 0.012449 0.003649 0.001002 0.000259 0.000063 0.000014 0.000003 0.000001 0.000000 0.000000 0.000000 0.000000 0.000000 0.000000 0.000000 0.000000 0.000000 0.000000 0.000000 0.000000 0.000000 0.000000 0.000000 0.000000 0.000000 0.000000 0.000000 0.000000 0.000000 0.000000 0.000000 0.000000 0.000000 0.000000 0.000000 0.000000 0.000000 0.000000 0.000000 
50.000000 36.249016 24.126290 14.684401 8.162066 4.145495 1.927653 0.822950 0.323620 0.117633 0.039664 0.012449 0.003649 0.001002 0.000259 0.000063 0.000015 0.000003 0.000001 0.000000 0.000000 0.000000 0.000000 0.000000 0.000000 0.000000 0.000000 0.000000 0.000000 0.000000 0.000000 0.000000 0.000000 0.000000 0.000000 0.000000 0.000000 0.000000 0.000000 0.000000 0.000000 0.000000 0.000000 0.000000 0.000000 0.000000 0.000000 0.000000 0.000000 0.000000 
50.000000 36.249016 24.126290 14.684401 8.162067 4.145495 1.927653 0.822951 0.323620 0.117634 0.039664 0.012449 0.003649 0.001003 0.000259 0.000064 0.000015 0.000004 0.000001 0.000001 0.000001 0.000001 0.000001 0.000001 0.000001 0.000001 0.000001 0.000001 0.000001 0.000001 0.000001 0.000001 0.000001 0.000001 0.000001 0.000001 0.000001 0.000001 0.000001 0.000001 0.000001 0.000001 0.000001 0.000001 0.000001 0.000001 0.000000 0.000000 0.000000 0.000000 
50.000000 36.249017 24.126291 14.684403 8.162069 4.145498 1.927656 0.822953 0.323623 0.117636 0.039667 0.012452 0.003652 0.001005 0.000262 0.000066 0.000018 0.000006 0.000004 0.000003 0.000003 0.000003 0.000003 0.000003 0.000003 0.000003 0.000003 0.000003 0.000003 0.000003 0.000003 0.000003 0.000003 0.000003 0.000003 0.000003 0.000003 0.000003 0.000003 0.000003 0.000003 0.000003 0.000003 0.000003 0.000003 0.000003 0.000002 0.000002 0.000001 0.000000 
50.000000 36.249020 24.126297 14.684411 8.162078 4.145508 1.927667 0.822964 0.323634 0.117647 0.039678 0.012463 0.003663 0.001016 0.000273 0.000077 0.000029 0.000018 0.000015 0.000015 0.000014 0.000014 0.000014 0.000014 0.000014 0.000014 0.000014 0.000014 0.000014 0.000014 0.000014 0.000014 0.000014 0.000014 0.000014 0.000014 0.000014 0.000014 0.000014 0.000014 0.000014 0.000014 0.000014 0.000014 0.000013 0.000012 0.000011 0.000008 0.000004 0.000000 
50.000000 36.249033 24.126323 14.684445 8.162119 4.145553 1.927713 0.823012 0.323682 0.117696 0.039726 0.012511 0.003712 0.001065 0.000321 0.000126 0.000077 0.000066 0.000064 0.000063 0.000063 0.000063 0.000063 0.000063 0.000063 0.000063 0.000063 0.000063 0.000063 0.000063 0.000063 0.000063 0.000063 0.000063 0.000063 0.000063 0.000063 0.000063 0.000063 0.000063 0.000063 0.000063 0.000062 0.000061 0.000059 0.000054 0.000046 0.000034 0.000018 0.000000 
50.000000 36.249088 24.126425 14.684585 8.162284 4.145733 1.927902 0.823205 0.323877 0.117891 0.039922 0.012707 0.003907 0.001261 0.000517 0.000321 0.000273 0.000262 0.000259 0.000259 0.000259 0.000259 0.000259 0.000259 0.000259 0.000259 0.000259 0.000259 0.000259 0.000259 0.000259 0.000259 0.000259 0.000259 0.000259 0.000259 0.000259 0.000259 0.000259 0.000258 0.000258 0.000257 0.000256 0.000251 0.000242 0.000223 0.000191 0.000142 0.000076 0.000000 
50.000000 36.249294 24.126812 14.685113 8.162908 4.146416 1.928618 0.823937 0.324616 0.118633 0.040665 0.013450 0.004651 0.002004 0.001261 0.001065 0.001016 0.001005 0.001003 0.001002 0.001002 0.001002 0.001002 0.001002 0.001002 0.001002 0.001002 0.001002 0.001002 0.001002 0.001002 0.001002 0.001002 0.001002 0.001002 0.001002 0.001002 0.001002 0.001002 0.001002 0.001001 0.000998 0.000991 0.000974 0.000937 0.000866 0.000741 0.000551 0.000296 0.000000 
50.000000 36.250028 24.128191 14.686992 8.165132 4.148850 1.931166 0.826542 0.327246 0.121274 0.043310 0.016097 0.007297 0.004651 0.003907 0.003712 0.003663 0.003652 0.003649 0.003649 0.003649 0.003649 0.003649 0.003649 0.003649 0.003649 0.003649 0.003649 0.003649 0.003649 0.003649 0.003649 0.003649 0.003649 0.003649 0.003649 0.003649 0.003649 0.003648 0.003647 0.003644 0.003635 0.003609 0.003549 0.003418 0.003160 0.002709 0.002016 0.001084 0.000000 
50.000000 36.252464 24.132772 14.693237 8.172520 4.156938 1.939638 0.835203 0.335992 0.130054 0.052103 0.024894 0.016097 0.013450 0.012707 0.012511 0.012463 0.012452 0.012449 0.012449 0.012449 0.012449 0.012449 0.012449 0.012449 0.012449 0.012449 0.012449 0.012449 0.012449 0.012449 0.012449 0.012449 0.012449 0.012449 0.012449 0.012448 0.012448 0.012447 0.012444 0.012433 0.012402 0.012319 0.012118 0.011679 0.010811 0.009285 0.006921 0.003726 0.000000 
50.000000 36.259991 24.146925 14.712536 8.195358 4.181943 1.965832 0.861985 0.363038 0.157208 0.079297 0.052103 0.043310 0.040665 0.039922 0.039726 0.039678 0.039667 0.039664 0.039664 0.039663 0.039663 0.039663 0.039663 0.039663 0.039663 0.039663 0.039663 0.039663 0.039663 0.039663 0.039663 0.039663 0.039663 0.039663 0.039663 0.039663 0.039662 0.039659 0.039649 0.039616 0.039521 0.039268 0.038650 0.037285 0.034570 0.029754 0.022229 0.011990 0.000000 
50.000000 36.281537 24.187441 14.767790 8.260757 4.253561 2.040865 0.938709 0.440521 0.235002 0.157208 0.130054 0.121274 0.118633 0.117891 0.117696 0.117647 0.117636 0.117634 0.117633 0.117633 0.117633 0.117633 0.117633 0.117633 0.117633 0.117633 0.117633 0.117633 0.117633 0.117633 0.117633 0.117633 0.117633 0.117633 0.117633 0.117632 0.117630 0.117621 0.117592 0.117501 0.117235 0.116522 0.114768 0.110855 0.102989 0.088888 0.066613 0.036024 0.000000 
50.000000 36.338407 24.294395 14.913674 8.433454 4.442710 2.239059 1.141386 0.645214 0.440521 0.363038 0.335992 0.327246 0.324616 0.323877 0.323682 0.323634 0.323623 0.323620 0.323620 0.323620 0.323620 0.323620 0.323620 0.323620 0.323620 0.323620 0.323620 0.323620 0.323620 0.323620 0.323620 0.323620 0.323620 0.323619 0.323619 0.323618 0.323612 0.323590 0.323517 0.323286 0.322607 0.320768 0.316207 0.305910 0.284942 0.246825 0.185751 0.100818 0.000000 
50.000000 36.476148 24.553469 15.267100 8.851910 4.901098 2.719421 1.632651 1.141386 0.938709 0.861985 0.835203 0.826542 0.823937 0.823205 0.823012 0.822964 0.822953 0.822951 0.822950 0.822950 0.822950 0.822950 0.822950 0.822950 0.822950 0.822950 0.822950 0.822950 0.822950 0.822950 0.822950 0.822950 0.822950 0.822950 0.822949 0.822946 0.822932 0.822884 0.822718 0.822188 0.820618 0.816326 0.805548 0.780874 0.729804 0.635259 0.480866 0.262368 0.000000 
50.000000 36.780638 25.126235 16.048574 9.777317 5.914953 3.781993 2.719421 2.239059 2.040865 1.965832 1.939638 1.931166 1.928618 1.927902 1.927713 1.927667 1.927656 1.927653 1.927653 1.927653 1.927653 1.927653 1.927653 1.927653 1.927653 1.927653 1.927653 1.927653 1.927653 1.927653 1.927653 1.927653 1.927653 1.927652 1.927651 1.927644 1.927617 1.927519 1.927182 1.926097 1.922853 1.913873 1.890997 1.837702 1.725090 1.511592 1.153777 0.634540 0.000000 
50.000000 37.391501 26.275413 17.616697 11.634518 7.949920 5.914953 4.901098 4.442710 4.253561 4.181943 4.156938 4.148850 4.146416 4.145733 4.145553 4.145508 4.145498 4.145495 4.145495 4.145495 4.145495 4.145495 4.145495 4.145495 4.145495 4.145495 4.145495 4.145495 4.145495 4.145495 4.145495 4.145495 4.145495 4.145494 4.145491 4.145479 4.145432 4.145259 4.144658 4.142706 4.136800 4.120224 4.077251 3.974960 3.753056 3.318890 2.564524 1.428386 0.000000 
50.000000 38.497079 28.355436 20.455338 14.996867 11.634518 9.777317 8.851910 8.433454 8.260757 8.195358 8.172520 8.165132 8.162908 8.162284 8.162119 8.162078 8.162069 8.162067 8.162066 8.162066 8.162066 8.162066 8.162066 8.162066 8.162066 8.162066 8.162066 8.162066 8.162066 8.162066 8.162066 8.162066 8.162066 8.162065 8.162061 8.162043 8.161972 8.161709 8.160788 8.157768 8.148512 8.122106 8.052227 7.881461 7.498434 6.716906 5.287886 3.009194 0.000000 
50.000000 40.291401 31.731484 25.063131 20.455338 17.616697 16.048574 15.267100 14.913674 14.767790 14.712536 14.693237 14.686992 14.685113 14.684585 14.684445 14.684411 14.684403 14.684401 14.684401 14.684401 14.684401 14.684401 14.684401 14.684401 14.684401 14.684401 14.684401 14.684401 14.684401 14.684401 14.684401 14.684401 14.684400 14.684399 14.684394 14.684372 14.684283 14.683952 14.682782 14.678902 14.666849 14.631840 14.536982 14.297807 13.738432 12.531566 10.156946 6.009249 0.000000 
50.000000 42.887789 36.616897 31.731484 28.355436 26.275413 25.126235 24.553469 24.294395 24.187441 24.146925 24.132772 24.128191 24.126812 24.126425 24.126323 24.126297 24.126291 24.126290 24.126290 24.126290 24.126290 24.126290 24.126290 24.126290 24.126290 24.126290 24.126290 24.126290 24.126290 24.126290 24.126290 24.126290 24.126289 24.126288 24.126283 24.126262 24.126176 24.125851 24.124696 24.120828 24.108645 24.072603 23.972458 23.710890 23.067550 21.574538 18.308449 11.672922 0.000000 
50.000000 46.220377 42.887789 40.291401 38.497079 37.391501 36.780638 36.476148 36.338407 36.281537 36.259991 36.252464 36.250028 36.249294 36.249088 36.249033 36.249020 36.249017 36.249016 36.249016 36.249016 36.249016 36.249016 36.249016 36.249016 36.249016 36.249016 36.249016 36.249016 36.249016 36.249016 36.249016 36.249016 36.249016 36.249015 36.249012 36.248998 36.248944 36.248738 36.248001 36.245513 36.237589 36.213779 36.146098 35.963115 35.487885 34.282152 31.214868 23.110188 0.000000 
50.000000 50.000000 50.000000 50.000000 50.000000 50.000000 50.000000 50.000000 50.000000 50.000000 50.000000 50.000000 50.000000 50.000000 50.000000 50.000000 50.000000 50.000000 50.000000 50.000000 50.000000 50.000000 50.000000 50.000000 50.000000 50.000000 50.000000 50.000000 50.000000 50.000000 50.000000 50.000000 50.000000 50.000000 50.000000 50.000000 50.000000 50.000000 50.000000 50.000000 50.000000 50.000000 50.000000 50.000000 50.000000 50.000000 50.000000 50.000000 50.000000 50.000000 
