50.000000 50.000000 50.000000 50.000000 50.000000 50.000000 50.000000 50.000000 50.000000 50.000000 50.000000 50.000000 50.000000 50.000000 50.000000 50.000000 50.000000 50.000000 50.000000 50.000000 50.000000 50.000000 50.000000 50.000000 50.000000 50.000000 50.000000 50.000000 50.000000 50.000000 50.000000 50.000000 50.000000 50.000000 50.000000 50.000000 50.000000 50.000000 50.000000 50.000000 50.000000 50.000000 50.000000 50.000000 50.000000 50.000000 50.000000 50.000000 50.000000 50.000000 
50.000000 48.683244 47.420905 46.260660 45.238096 44.373741 43.672806 43.127302 42.719707 42.427180 42.225423 42.091624 42.006259 41.953828 41.922809 41.905121 41.895392 41.890228 41.887581 41.886269 41.885641 41.885349 41.885219 41.885162 41.885137 41.885127 41.885122 41.885117 41.885109 41.885089 41.885044 41.884939 41.884707 41.884201 41.883133 41.880935 41.876529 41.867920 41.851497 41.820860 41.764836 41.664052 41.484810 41.167382 40.601680 39.571210 37.608710 33.579486 24.341622 0.000000 
50.000000 47.420905 44.948397 42.675859 40.672999 38.980022 37.607134 36.538685 35.740357 35.167406 34.772243 34.510185 34.342990 34.240301 34.179549 34.144906 34.125852 34.115739 34.110554 34.107985 34.106754 34.106183 34.105927 34.105816 34.105768 34.105748 34.105738 34.105729 34.105713 34.105677 34.105593 34.105399 34.104968 34.104033 34.102060 34.098008 34.089907 34.074126 34.044143 33.988506 33.887478 33.707506 33.391889 32.844561 31.900666 30.271259 27.438682 22.474198 13.841419 0.000000 
50.000000 46.260660 42.675859 39.380997 36.477140 34.022580 32.032112 30.483043 29.325611 28.494944 27.922039 27.542115 27.299722 27.150850 27.062777 27.012555 26.984933 26.970272 26.962755 26.959032 26.957248 26.956420 26.956049 26.955887 26.955819 26.955790 26.955776 26.955763 26.955742 26.955694 26.955582 26.955326 26.954756 26.953523 26.950929 26.945618 26.935041 26.914536 26.875813 26.804518 26.676377 26.451208 26.063653 25.408957 24.321440 22.543716 19.690499 15.237177 8.651950 0.000000 
50.000000 45.238096 40.672999 36.477140 32.779224 29.653486 27.118759 25.146143 23.672260 22.614495 21.884972 21.401192 21.092543 20.902982 20.790839 20.726893 20.691724 20.673056 20.663486 20.658746 20.656474 20.655421 20.654948 20.654743 20.654655 20.654619 20.654601 20.654587 20.654562 20.654508 20.654382 20.654095 20.653459 20.652085 20.649203 20.643329 20.631686 20.609252 20.567203 20.490511 20.354318 20.118690 19.721301 19.067845 18.020766 16.389612 13.933423 10.401740 5.666886 0.000000 
50.000000 44.373741 38.980022 34.022580 29.653486 25.960446 22.965709 20.635119 18.893791 17.644104 16.782228 16.210689 15.846057 15.622117 15.489638 15.414097 15.372553 15.350502 15.339198 15.333598 15.330915 15.329671 15.329113 15.328870 15.328767 15.328724 15.328703 15.328688 15.328663 15.328609 15.328482 15.328195 15.327559 15.326193 15.323337 15.317544 15.306126 15.284274 15.243657 15.170328 15.041753 14.822812 14.460893 13.880658 12.980223 11.632719 9.701141 7.079357 3.772062 0.000000 
50.000000 43.672806 37.607134 32.032112 27.118759 22.965709 19.597975 16.977137 15.018972 13.613689 12.644519 12.001840 11.591830 11.340027 11.191067 11.106131 11.059421 11.034628 11.021919 11.015624 11.012608 11.011209 11.010582 11.010308 11.010193 11.010144 11.010122 11.010107 11.010084 11.010033 11.009917 11.009653 11.009073 11.007828 11.005239 11.000013 10.989776 10.970323 10.934475 10.870427 10.759529 10.573564 10.271843 9.798987 9.085051 8.050914 6.623155 4.762573 2.505424 0.000000 
50.000000 43.127302 36.538685 30.483043 25.146143 20.635119 16.977137 14.130455 12.003576 10.477238 9.424597 8.726580 8.281275 8.007800 7.846024 7.753783 7.703056 7.676132 7.662331 7.655495 7.652219 7.650701 7.650020 7.649723 7.649598 7.649545 7.649522 7.649507 7.649487 7.649443 7.649344 7.649120 7.648627 7.647574 7.645396 7.641021 7.632504 7.616438 7.587083 7.535163 7.446338 7.299494 7.065228 6.705294 6.174226 5.424842 4.419390 3.146796 1.642491 0.000000 
50.000000 42.719707 35.740357 29.325611 23.672260 18.893791 15.018972 12.003576 9.750672 8.133915 7.018934 6.279590 5.807929 5.518274 5.346931 5.249236 5.195511 5.166997 5.152381 5.145141 5.141673 5.140065 5.139343 5.139029 5.138897 5.138842 5.138818 5.138804 5.138786 5.138751 5.138672 5.138493 5.138101 5.137268 5.135551 5.132120 5.125484 5.113052 5.090524 5.051061 4.984295 4.875336 4.704082 4.445408 4.070978 3.553571 2.874403 2.032851 1.055655 0.000000 
50.000000 42.427180 35.167406 28.494944 22.614495 17.644104 13.613689 10.477238 8.133915 6.452292 5.292592 4.523607 4.033044 3.731787 3.553583 3.451978 3.396105 3.366451 3.351252 3.343722 3.340116 3.338444 3.337693 3.337367 3.337229 3.337172 3.337148 3.337135 3.337121 3.337094 3.337034 3.336899 3.336606 3.335984 3.334708 3.332172 3.327296 3.318222 3.301908 3.273583 3.226146 3.149620 3.030900 2.854160 2.602351 2.260177 1.818567 1.279928 0.662344 0.000000 
50.000000 42.225423 34.772243 27.922039 21.884972 16.782228 12.644519 9.424597 7.018934 5.292592 4.102066 3.312651 2.809062 2.499810 2.316880 2.212583 2.155229 2.124790 2.109189 2.101461 2.097759 2.096043 2.095273 2.094938 2.094796 2.094738 2.094714 2.094702 2.094691 2.094671 2.094628 2.094532 2.094323 2.093884 2.092986 2.091211 2.087815 2.081537 2.070331 2.051033 2.019009 1.967873 1.889435 1.774092 1.611900 1.394461 1.117521 0.783737 0.404562 0.000000 
50.000000 42.091624 34.510185 27.542115 21.401192 16.210689 12.001840 8.726580 6.279590 4.523607 3.312651 2.509698 1.997478 1.682929 1.496868 1.390787 1.332454 1.301496 1.285628 1.277768 1.274003 1.272258 1.271475 1.271134 1.270991 1.270931 1.270907 1.270896 1.270887 1.270874 1.270844 1.270779 1.270639 1.270343 1.269743 1.268560 1.266311 1.262178 1.254849 1.242320 1.221698 1.189066 1.139498 1.067365 0.967032 0.833989 0.666302 0.466042 0.240127 0.000000 
50.000000 42.006259 34.342990 27.299722 21.092543 15.846057 11.591830 8.281275 5.807929 4.033044 2.809062 1.997478 1.479756 1.161832 0.973777 0.866560 0.807602 0.776313 0.760276 0.752332 0.748527 0.746764 0.745972 0.745628 0.745482 0.745423 0.745399 0.745388 0.745381 0.745372 0.745353 0.745311 0.745220 0.745031 0.744648 0.743897 0.742476 0.739878 0.735300 0.727525 0.714821 0.694877 0.664837 0.621507 0.561782 0.483291 0.385186 0.268863 0.138339 0.000000 
50.000000 41.953828 34.240301 27.150850 20.902982 15.622117 11.340027 8.007800 5.518274 3.731787 2.499810 1.682929 1.161832 0.841838 0.652558 0.544645 0.485305 0.453813 0.437672 0.429677 0.425847 0.424072 0.423275 0.422929 0.422783 0.422723 0.422699 0.422689 0.422683 0.422677 0.422665 0.422639 0.422583 0.422468 0.422234 0.421778 0.420919 0.419356 0.416618 0.411995 0.404491 0.392791 0.375296 0.350251 0.315991 0.271296 0.215809 0.150394 0.077299 0.000000 
50.000000 41.922809 34.179549 27.062777 20.790839 15.489638 11.191067 7.846024 5.346931 3.553583 2.316880 1.496868 0.973777 0.652558 0.462557 0.354231 0.294665 0.263053 0.246851 0.238826 0.234982 0.233200 0.232400 0.232053 0.231906 0.231846 0.231822 0.231812 0.231807 0.231803 0.231796 0.231781 0.231748 0.231680 0.231544 0.231278 0.230780 0.229879 0.228308 0.225669 0.221410 0.214810 0.205003 0.191054 0.172094 0.147510 0.117159 0.081541 0.041874 0.000000 
50.000000 41.905121 34.144906 27.012555 20.726893 15.414097 11.106131 7.753783 5.249236 3.451978 2.212583 1.390787 0.866560 0.544645 0.354231 0.245672 0.185977 0.154297 0.138060 0.130018 0.126165 0.124380 0.123578 0.123230 0.123083 0.123023 0.122999 0.122989 0.122985 0.122982 0.122978 0.122969 0.122951 0.122912 0.122836 0.122688 0.122411 0.121912 0.121045 0.119597 0.117271 0.113685 0.108387 0.100892 0.090760 0.077689 0.061626 0.042846 0.021988 0.000000 
50.000000 41.895392 34.125852 26.984933 20.691724 15.372553 11.059421 7.703056 5.195511 3.396105 2.155229 1.332454 0.807602 0.485305 0.294665 0.185977 0.126212 0.094495 0.078239 0.070187 0.066330 0.064542 0.063740 0.063391 0.063244 0.063183 0.063160 0.063150 0.063146 0.063144 0.063142 0.063137 0.063127 0.063106 0.063065 0.062985 0.062837 0.062571 0.062111 0.061345 0.060121 0.058243 0.055481 0.051593 0.046360 0.039639 0.031410 0.021820 0.011191 0.000000 
50.000000 41.890228 34.115739 26.970272 20.673056 15.350502 11.034628 7.676132 5.166997 3.366451 2.124790 1.301496 0.776313 0.453813 0.263053 0.154297 0.094495 0.062758 0.046491 0.038434 0.034575 0.032786 0.031983 0.031634 0.031487 0.031427 0.031403 0.031394 0.031390 0.031388 0.031387 0.031384 0.031379 0.031368 0.031347 0.031306 0.031229 0.031093 0.030857 0.030467 0.029846 0.028896 0.027506 0.025556 0.022942 0.019598 0.015516 0.010771 0.005522 0.000000 
50.000000 41.887581 34.110554 26.962755 20.663487 15.339198 11.021919 7.662331 5.152381 3.351252 2.109189 1.285628 0.760276 0.437672 0.246851 0.138060 0.078239 0.046491 0.030220 0.022160 0.018300 0.016511 0.015707 0.015358 0.015211 0.015151 0.015127 0.015117 0.015114 0.015112 0.015111 0.015110 0.015107 0.015102 0.015091 0.015071 0.015033 0.014965 0.014849 0.014657 0.014352 0.013889 0.013212 0.012266 0.011003 0.009391 0.007430 0.005154 0.002641 0.000000 
50.000000 41.886269 34.107985 26.959032 20.658746 15.333598 11.015624 7.655495 5.145141 3.343723 2.101461 1.277769 0.752332 0.429677 0.238826 0.130018 0.070187 0.038435 0.022160 0.014100 0.010239 0.008449 0.007646 0.007297 0.007149 0.007089 0.007065 0.007056 0.007052 0.007051 0.007050 0.007049 0.007048 0.007046 0.007040 0.007031 0.007012 0.006980 0.006925 0.006833 0.006689 0.006470 0.006151 0.005707 0.005116 0.004364 0.003450 0.002392 0.001226 0.000000 
50.000000 41.885641 34.106754 26.957248 20.656475 15.330915 11.012608 7.652220 5.141673 3.340116 2.097759 1.274004 0.748528 0.425848 0.234983 0.126166 0.066330 0.034576 0.018300 0.010239 0.006378 0.004588 0.003785 0.003435 0.003288 0.003228 0.003204 0.003195 0.003191 0.003190 0.003189 0.003189 0.003188 0.003187 0.003185 0.003180 0.003172 0.003157 0.003131 0.003089 0.003023 0.002923 0.002777 0.002576 0.002307 0.001967 0.001554 0.001077 0.000552 0.000000 
50.000000 41.885350 34.106184 26.956421 20.655422 15.329673 11.011211 7.650703 5.140067 3.338446 2.096045 1.272260 0.746765 0.424074 0.233202 0.124382 0.064544 0.032788 0.016512 0.008451 0.004589 0.002799 0.001996 0.001647 0.001500 0.001439 0.001415 0.001406 0.001403 0.001401 0.001401 0.001401 0.001400 0.001400 0.001399 0.001397 0.001393 0.001386 0.001375 0.001356 0.001327 0.001282 0.001218 0.001129 0.001011 0.000861 0.000680 0.000471 0.000241 0.000000 
50.000000 41.885220 34.105929 26.956052 20.654952 15.329117 11.010586 7.650024 5.139348 3.337698 2.095278 1.271480 0.745977 0.423281 0.232406 0.123584 0.063745 0.031989 0.015713 0.007651 0.003789 0.002000 0.001196 0.000847 0.000700 0.000639 0.000615 0.000606 0.000603 0.000601 0.000601 0.000601 0.000601 0.000600 0.000600 0.000599 0.000597 0.000594 0.000589 0.000581 0.000569 0.000549 0.000522 0.000483 0.000433 0.000368 0.000291 0.000201 0.000103 0.000000 
50.000000 41.885164 34.105821 26.955894 20.654751 15.328880 11.010320 7.649736 5.139043 3.337381 2.094952 1.271149 0.745642 0.422943 0.232067 0.123244 0.063405 0.031649 0.015373 0.007311 0.003449 0.001659 0.000856 0.000507 0.000360 0.000299 0.000275 0.000266 0.000263 0.000261 0.000261 0.000261 0.000261 0.000261 0.000260 0.000260 0.000259 0.000258 0.000256 0.000252 0.000247 0.000238 0.000226 0.000209 0.000187 0.000159 0.000126 0.000087 0.000045 0.000000 
50.000000 41.885144 34.105781 26.955837 20.654679 15.328794 11.010224 7.649631 5.138932 3.337265 2.094833 1.271028 0.745520 0.422821 0.231944 0.123121 0.063282 0.031526 0.015249 0.007188 0.003326 0.001536 0.000733 0.000383 0.000236 0.000176 0.000152 0.000143 0.000139 0.000138 0.000138 0.000137 0.000137 0.000137 0.000137 0.000137 0.000137 0.000136 0.000135 0.000133 0.000130 0.000125 0.000119 0.000110 0.000098 0.000084 0.000066 0.000046 0.000023 0.000000 
50.000000 41.885144 34.105781 26.955837 20.654679 15.328794 11.010224 7.649631 5.138932 3.337265 2.094833 1.271028 0.745520 0.422821 0.231944 0.123121 0.063282 0.031526 0.015249 0.007188 0.003326 0.001536 0.000733 0.000383 0.000236 0.000176 0.000152 0.000143 0.000139 0.000138 0.000138 0.000137 0.000137 0.000137 0.000137 0.000137 0.000137 0.000136 0.000135 0.000133 0.000130 0.000125 0.000119 0.000110 0.000098 0.000084 0.000066 0.000046 0.000023 0.000000 
50.000000 41.885164 34.105821 26.955894 20.654751 15.328880 11.010320 7.649736 5.139043 3.337381 2.094952 1.271149 0.745642 0.422943 0.232067 0.123244 0.063405 0.031649 0.015373 0.007311 0.003449 0.001659 0.000856 0.000507 0.000360 0.000299 0.000275 0.000266 0.000263 0.000261 0.000261 0.000261 0.000261 0.000261 0.000260 0.000260 0.000259 0.000258 0.000256 0.000252 0.000247 0.000238 0.000226 0.000209 0.000187 0.000159 0.000126 0.000087 0.000045 0.000000 
50.000000 41.885220 34.105929 26.956052 20.654952 15.329117 11.010586 7.650024 5.139348 3.337698 2.095278 1.271480 0.745977 0.423281 0.232406 0.123584 0.063745 0.031989 0.015713 0.007651 0.003789 0.002000 0.001196 0.000847 0.000700 0.000639 0.000615 0.000606 0.000603 0.000601 0.000601 0.000601 0.000601 0.000600 0.000600 0.000599 0.000597 0.000594 0.000589 0.000581 0.000569 0.000549 0.000522 0.000483 0.000433 0.000368 0.000291 0.000201 0.000103 0.000000 
50.000000 41.885350 34.106184 26.956421 20.655422 15.329673 11.011211 7.650703 5.140067 3.338446 2.096045 1.272260 0.746765 0.424074 0.233202 0.124382 0.064544 0.032788 0.016512 0.008451 0.004589 0.002799 0.001996 0.001647 0.001500 0.001439 0.001415 0.001406 0.001403 0.001401 0.001401 0.001401 0.001400 0.001400 0.001399 0.001397 0.001393 0.001386 0.001375 0.001356 0.001327 0.001282 0.001218 0.001129 0.001011 0.000861 0.000680 0.000471 0.000241 0.000000 
50.000000 41.885641 34.106754 26.957248 20.656475 15.330915 11.012608 7.652220 5.141673 3.340116 2.097759 1.274004 0.748528 0.425848 0.234983 0.126166 0.066330 0.034576 0.018300 0.010239 0.006378 0.004588 0.003785 0.003435 0.003288 0.003228 0.003204 0.003195 0.003191 0.003190 0.003189 0.003189 0.003188 0.003187 0.003185 0.003180 0.003172 0.003157 0.003131 0.003089 0.003023 0.002923 0.002777 0.002576 0.002307 0.001967 0.001554 0.001077 0.000552 0.000000 
50.000000 41.886269 34.107985 26.959032 20.658746 15.333598 11.015624 7.655495 5.145141 3.343723 2.101461 1.277769 0.752332 0.429677 0.238826 0.130018 0.070187 0.038435 0.022160 0.014100 0.010239 0.008449 0.007646 0.007297 0.007149 0.007089 0.007065 0.007056 0.007052 0.007051 0.007050 0.007049 0.007048 0.007046 0.007040 0.007031 0.007012 0.006980 0.006925 0.006833 0.006689 0.006470 0.006151 0.005707 0.005116 0.004364 0.003450 0.002392 0.001226 0.000000 
50.000000 41.887581 34.110554 26.962755 20.663487 15.339198 11.021919 7.662331 5.152381 3.351252 2.109189 1.285628 0.760276 0.437672 0.246851 0.138060 0.078239 0.046491 0.030220 0.022160 0.018300 0.016511 0.015707 0.015358 0.015211 0.015151 0.015127 0.015117 0.015114 0.015112 0.015111 0.015110 0.015107 0.015102 0.015091 0.015071 0.015033 0.014965 0.014849 0.014657 0.014352 0.013889 0.013212 0.012266 0.011003 0.009391 0.007430 0.005154 0.002641 0.000000 
50.000000 41.890228 34.115739 26.970272 20.673056 15.350502 11.034628 7.676132 5.166997 3.366451 2.124790 1.301496 0.776313 0.453813 0.263053 0.154297 0.094495 0.062758 0.046491 0.038434 0.034575 0.032786 0.031983 0.031634 0.031487 0.031427 0.031403 0.031394 0.031390 0.031388 0.031387 0.031384 0.031379 0.031368 0.031347 0.031306 0.031229 0.031093 0.030857 0.030467 0.029846 0.028896 0.027506 0.025556 0.022942 0.019598 0.015516 0.010771 0.005522 0.000000 
50.000000 41.895392 34.125852 26.984933 20.691724 15.372553 11.059421 7.703056 5.195511 3.396105 2.155229 1.332454 0.807602 0.485305 0.294665 0.185977 0.126212 0.094495 0.078239 0.070187 0.066330 0.064542 0.063740 0.063391 0.063244 0.063183 0.063160 0.063150 0.063146 0.063144 0.063142 0.063137 0.063127 0.063106 0.063065 0.062985 0.062837 0.062571 0.062111 0.061345 0.060121 0.058243 0.055481 0.051593 0.046360 0.039639 0.031410 0.021820 0.011191 0.000000 
50.000000 41.905121 34.144906 27.012555 20.726893 15.414097 11.106131 7.753783 5.249236 3.451978 2.212583 1.390787 0.866560 0.544645 0.354231 0.245672 0.185977 0.154297 0.138060 0.130018 0.126165 0.124380 0.123578 0.123230 0.123083 0.123023 0.122999 0.122989 0.122985 0.122982 0.122978 0.122969 0.122951 0.122912 0.122836 0.122688 0.122411 0.121912 0.121045 0.119597 0.117271 0.113685 0.108387 0.100892 0.090760 0.077689 0.061626 0.042846 0.021988 0.000000 
50.000000 41.922809 34.179549 27.062777 20.790839 15.489638 11.191067 7.846024 5.346931 3.553583 2.316880 1.496868 0.973777 0.652558 0.462557 0.354231 0.294665 0.263053 0.246851 0.238826 0.234982 0.233200 0.232400 0.232053 0.231906 0.231846 0.231822 0.231812 0.231807 0.231803 0.231796 0.231781 0.231748 0.231680 0.231544 0.231278 0.230780 0.229879 0.228308 0.225669 0.221410 0.214810 0.205003 0.191054 0.172094 0.147510 0.117159 0.081541 0.041874 0.000000 
50.000000 41.953828 34.240301 27.150850 20.902982 15.622117 11.340027 8.007800 5.518274 3.731787 2.499810 1.682929 1.161832 0.841838 0.652558 0.544645 0.485305 0.453813 0.437672 0.429677 0.425847 0.424072 0.423275 0.422929 0.422783 0.422723 0.422699 0.422689 0.422683 0.422677 0.422665 0.422639 0.422583 0.422468 0.422234 0.421778 0.420919 0.419356 0.416618 0.411995 0.404491 0.392791 0.375296 0.350251 0.315991 0.271296 0.215809 0.150394 0.077299 0.000000 
50.000000 42.006259 34.342990 27.299722 21.092543 15.846057 11.591830 8.281275 5.807929 4.033044 2.809062 1.997478 1.479756 1.161832 0.973777 0.866560 0.807602 0.776313 0.760276 0.752332 0.748527 0.746764 0.745972 0.745628 0.745482 0.745423 0.745399 0.745388 0.745381 0.745372 0.745353 0.745311 0.745220 0.745031 0.744648 0.743897 0.742476 0.739878 0.735300 0.727525 0.714821 0.694877 0.664837 0.621507 0.561782 0.483291 0.385186 0.268863 0.138339 0.000000 
50.000000 42.091624 34.510185 27.542115 21.401192 16.210689 12.001840 8.726580 6.279590 4.523607 3.312651 2.509698 1.997478 1.682929 1.496868 1.390787 1.332454 1.301496 1.285628 1.277768 1.274003 1.272258 1.271475 1.271134 1.270991 1.270931 1.270907 1.270896 1.270887 1.270874 1.270844 1.270779 1.270639 1.270343 1.269743 1.268560 1.266311 1.262178 1.254849 1.242320 1.221698 1.189066 1.139498 1.067365 0.967032 0.833989 0.666302 0.466042 0.240127 0.000000 
50.000000 42.225423 34.772243 27.922039 21.884972 16.782228 12.644519 9.424597 7.018934 5.292592 4.102066 3.312651 2.809062 2.499810 2.316880 2.212583 2.155229 2.124790 2.109189 2.101461 2.097759 2.096043 2.095273 2.094938 2.094796 2.094738 2.094714 2.094702 2.094691 2.094671 2.094628 2.094532 2.094323 2.093884 2.092986 2.091211 2.087815 2.081537 2.070331 2.051033 2.019009 1.967873 1.889435 1.774092 1.611900 1.394461 1.117521 0.783737 0.404562 0.000000 
50.000000 42.427180 35.167406 28.494944 22.614495 17.644104 13.613689 10.477238 8.133915 6.452292 5.292592 4.523607 4.033044 3.731787 3.553583 3.451978 3.396105 3.366451 3.351252 3.343722 3.340116 3.338444 3.337693 3.337367 3.337229 3.337172 3.337148 3.337135 3.337121 3.337094 3.337034 3.336899 3.336606 3.335984 3.334708 3.332172 3.327296 3.318222 3.301908 3.273583 3.226146 3.149620 3.030900 2.854160 2.602351 2.260177 1.818567 1.279928 0.662344 0.000000 
50.000000 42.719707 35.740357 29.325611 23.672260 18.893791 15.018972 12.003576 9.750672 8.133915 7.018934 6.279590 5.807929 5.518274 5.346931 5.249236 5.195511 5.166997 5.152381 5.145141 5.141673 5.140065 5.139343 5.139029 5.138897 5.138842 5.138818 5.138804 5.138786 5.138751 5.138672 5.138493 5.138101 5.137268 5.135551 5.132120 5.125484 5.113052 5.090524 5.051061 4.984295 4.875336 4.704082 4.445408 4.070978 3.553571 2.874403 2.032851 1.055655 0.000000 
50.000000 43.127302 36.538685 30.483043 25.146143 20.635119 16.977137 14.130455 12.003576 10.477238 9.424597 8.726580 8.281275 8.007800 7.846024 7.753783 7.703056 7.676132 7.662331 7.655495 7.652219 7.650701 7.650020 7.649723 7.649598 7.649545 7.649522 7.649507 7.649487 7.649443 7.649344 7.649120 7.648627 7.647574 7.645396 7.641021 7.632504 7.616438 7.587083 7.535163 7.446338 7.299494 7.065228 6.705294 6.174226 5.424842 4.419390 3.146796 1.642491 0.000000 
50.000000 43.672806 37.607134 32.032112 27.118759 22.965709 19.597975 16.977137 15.018972 13.613689 12.644519 12.001840 11.591830 11.340027 11.191067 11.106131 11.059421 11.034628 11.021919 11.015624 11.012608 11.011209 11.010582 11.010308 11.010193 11.010144 11.010122 11.010107 11.010084 11.010033 11.009917 11.009653 11.009073 11.007828 11.005239 11.000013 10.989776 10.970323 10.934475 10.870427 10.759529 10.573564 10.271843 9.798987 9.085051 8.050914 6.623155 4.762573 2.505424 0.000000 
50.000000 44.373741 38.980022 34.022580 29.653486 25.960446 22.965709 20.635119 18.893791 17.644104 16.782228 16.210689 15.846057 15.622117 15.489638 15.414097 15.372553 15.350502 15.339198 15.333598 15.330915 15.329671 15.329113 15.328870 15.328767 15.328724 15.328703 15.328688 15.328663 15.328609 15.328482 15.328195 15.327559 15.326193 15.323337 15.317544 15.306126 15.284274 15.243657 15.170328 15.041753 14.822812 14.460893 13.880658 12.980223 11.632719 9.701141 7.079357 3.772062 0.000000 
50.000000 45.238096 40.672999 36.477140 32.779224 29.653486 27.118759 25.146143 23.672260 22.614495 21.884972 21.401192 21.092543 20.902982 20.790839 20.726893 20.691724 20.673056 20.663486 20.658746 20.656474 20.655421 20.654948 20.654743 20.654655 20.654619 20.654601 20.654587 20.654562 20.654508 20.654382 20.654095 20.653459 20.652085 20.649203 20.643329 20.631686 20.609252 20.567203 20.490511 20.354318 20.118690 19.721301 19.067845 18.020766 16.389612 13.933423 10.401740 5.666886 0.000000 
50.000000 46.260660 42.675859 39.380997 36.477140 34.022580 32.032112 30.483043 29.325611 28.494944 27.922039 27.542115 27.299722 27.150850 27.062777 27.012555 26.984933 26.970272 26.962755 26.959032 26.957248 26.956420 26.956049 26.955887 26.955819 26.955790 26.955776 26.955763 26.955742 26.955694 26.955582 26.955326 26.954756 26.953523 26.950929 26.945618 26.935041 26.914536 26.875813 26.804518 26.676377 26.451208 26.063653 25.408957 24.321440 22.543716 19.690499 15.237177 8.651950 0.000000 
50.000000 47.420905 44.948397 42.675859 40.672999 38.980022 37.607134 36.538685 35.740357 35.167406 34.772243 34.510185 34.342990 34.240301 34.179549 34.144906 34.125852 34.115739 34.110554 34.107985 34.106754 34.106183 34.105927 34.105816 34.105768 34.105748 34.105738 34.105729 34.105713 34.105677 34.105593 34.105399 34.104968 34.104033 34.102060 34.098008 34.089907 34.074126 34.044143 33.988506 33.887478 33.707506 33.391889 32.844561 31.900666 30.271259 27.438682 22.474198 13.841419 0.000000 
50.000000 48.683244 47.420905 46.260660 45.238096 44.373741 43.672806 43.127302 42.719707 42.427180 42.225423 42.091624 42.006259 41.953828 41.922809 41.905121 41.895392 41.890228 41.887581 41.886269 41.885641 41.885349 41.885219 41.885162 41.885137 41.885127 41.885122 41.885117 41.885109 41.885089 41.885044 41.884939 41.884707 41.884201 41.883133 41.880935 41.876529 41.867920 41.851497 41.820860 41.764836 41.664052 41.484810 41.167382 40.601680 39.571210 37.608710 33.579486 24.341622 0.000000 
50.000000 50.000000 50.000000 50.000000 50.000000 50.000000 50.000000 50.000000 50.000000 50.000000 50.000000 50.000000 50.000000 50.000000 50.000000 50.000000 50.000000 50.000000 50.000000 50.000000 50.000000 50.000000 50.000000 50.000000 50.000000 50.000000 50.000000 50.000000 50.000000 50.000000 50.000000 50.000000 50.000000 50.000000 50.000000 50.000000 50.000000 50.000000 50.000000 50.000000 50.000000 50.000000 50.000000 50.000000 50.000000 50.000000 50.000000 50.000000 50.000000 50.000000 
