50.000000 50.000000 50.000000 50.000000 50.000000 50.000000 50.000000 50.000000 50.000000 50.000000 50.000000 50.000000 50.000000 50.000000 50.000000 50.000000 50.000000 50.000000 50.000000 50.000000 50.000000 50.000000 50.000000 50.000000 50.000000 50.000000 50.000000 50.000000 50.000000 50.000000 50.000000 50.000000 50.000000 50.000000 50.000000 50.000000 50.000000 50.000000 50.000000 50.000000 50.000000 50.000000 50.000000 50.000000 50.000000 50.000000 50.000000 50.000000 50.000000 50.000000 
50.000000 46.731927 43.798321 41.431341 39.710475 38.579319 37.904412 37.537320 37.354497 37.270763 37.235344 37.221452 37.216381 37.214651 37.214099 37.213933 37.213886 37.213873 37.213870 37.213869 37.213869 37.213869 37.213869 37.213869 37.213869 37.213869 37.213869 37.213869 37.213869 37.213869 37.213869 37.213869 37.213869 37.213868 37.213865 37.213855 37.213815 37.213675 37.213205 37.211704 37.207165 37.194147 37.158675 37.066506 36.836605 36.279799 34.946027 31.698231 23.365963 0.000000 
50.000000 43.798321 38.231416 33.739864 30.474483 28.328186 27.047661 26.351207 26.004375 25.845535 25.778353 25.752005 25.742387 25.739107 25.738060 25.737745 25.737656 25.737632 25.737626 25.737624 25.737624 25.737624 25.737624 25.737624 25.737624 25.737624 25.737624 25.737624 25.737624 25.737624 25.737624 25.737624 25.737624 25.737623 25.737618 25.737601 25.737536 25.737307 25.736540 25.734110 25.726818 25.706130 25.650616 25.509579 25.169664 24.390098 22.683261 19.115708 12.100090 0.000000 
50.000000 41.431341 33.739864 27.534356 23.023149 20.058177 18.289351 17.327404 16.848405 16.629059 16.536296 16.499920 16.486643 16.482117 16.480671 16.480236 16.480114 16.480081 16.480072 16.480070 16.480070 16.480070 16.480070 16.480070 16.480070 16.480070 16.480070 16.480070 16.480070 16.480070 16.480070 16.480070 16.480069 16.480068 16.480063 16.480044 16.479974 16.479726 16.478902 16.476311 16.468619 16.447092 16.390389 16.249970 15.923499 15.212325 13.767178 11.056603 6.485314 0.000000 
50.000000 39.710475 30.474483 23.023149 17.606577 14.046817 11.923344 10.768644 10.193728 9.930490 9.819180 9.775536 9.759610 9.754181 9.752446 9.751926 9.751778 9.751739 9.751729 9.751727 9.751726 9.751726 9.751726 9.751726 9.751726 9.751726 9.751726 9.751726 9.751726 9.751726 9.751726 9.751726 9.751726 9.751724 9.751720 9.751704 9.751643 9.751432 9.750733 9.748555 9.742161 9.724523 9.678919 9.568717 9.320685 8.803288 7.810824 6.084385 3.430676 0.000000 
50.000000 38.579319 28.328186 20.058177 14.046817 10.096443 7.740159 6.458984 5.821166 5.529161 5.405701 5.357300 5.339640 5.333621 5.331698 5.331121 5.330958 5.330914 5.330903 5.330900 5.330900 5.330900 5.330900 5.330900 5.330900 5.330900 5.330900 5.330900 5.330900 5.330900 5.330900 5.330899 5.330899 5.330899 5.330895 5.330884 5.330840 5.330688 5.330191 5.328653 5.324187 5.312034 5.281148 5.208117 5.048222 4.726132 4.134678 3.158522 1.742714 0.000000 
50.000000 37.904412 27.047661 18.289351 11.923344 7.740159 5.245185 3.888709 3.213463 2.904353 2.773674 2.722449 2.703760 2.697392 2.695358 2.694747 2.694574 2.694528 2.694516 2.694514 2.694513 2.694513 2.694513 2.694513 2.694513 2.694513 2.694513 2.694513 2.694513 2.694513 2.694513 2.694513 2.694513 2.694512 2.694510 2.694503 2.694475 2.694381 2.694074 2.693131 2.690421 2.683138 2.664906 2.622592 2.532042 2.354627 2.039381 1.538083 0.837907 0.000000 
50.000000 37.537320 26.351207 17.327404 10.768644 6.458984 3.888709 2.491376 1.795837 1.477459 1.342873 1.290120 1.270876 1.264318 1.262224 1.261595 1.261417 1.261370 1.261358 1.261355 1.261354 1.261354 1.261354 1.261354 1.261354 1.261354 1.261354 1.261354 1.261354 1.261354 1.261354 1.261354 1.261354 1.261354 1.261353 1.261349 1.261333 1.261281 1.261113 1.260602 1.259143 1.255267 1.245688 1.223803 1.177836 1.089725 0.937015 0.700591 0.378645 0.000000 
50.000000 37.354497 26.004375 16.848405 10.193728 5.821166 3.213463 1.795837 1.090227 0.767254 0.630731 0.577223 0.557703 0.551052 0.548929 0.548291 0.548111 0.548063 0.548051 0.548048 0.548047 0.548047 0.548047 0.548047 0.548047 0.548047 0.548047 0.548047 0.548047 0.548047 0.548047 0.548047 0.548047 0.548047 0.548046 0.548044 0.548037 0.548011 0.547928 0.547679 0.546973 0.545113 0.540570 0.530325 0.509132 0.469205 0.401314 0.298245 0.160350 0.000000 
50.000000 37.270763 25.845535 16.629059 9.930490 5.529161 2.904353 1.477459 0.767254 0.442186 0.304782 0.250929 0.231285 0.224592 0.222455 0.221813 0.221632 0.221583 0.221571 0.221568 0.221567 0.221567 0.221567 0.221567 0.221567 0.221567 0.221567 0.221567 0.221567 0.221567 0.221567 0.221567 0.221567 0.221567 0.221567 0.221566 0.221563 0.221551 0.221514 0.221404 0.221093 0.220281 0.218316 0.213931 0.204974 0.188329 0.160440 0.118717 0.063598 0.000000 
50.000000 37.235344 25.778353 16.536296 9.819180 5.405701 2.773674 1.342873 0.630731 0.304782 0.167008 0.113011 0.093314 0.086603 0.084460 0.083817 0.083635 0.083587 0.083574 0.083571 0.083571 0.083570 0.083570 0.083570 0.083570 0.083570 0.083570 0.083570 0.083570 0.083570 0.083570 0.083570 0.083570 0.083570 0.083570 0.083570 0.083568 0.083564 0.083549 0.083504 0.083378 0.083053 0.082271 0.080543 0.077048 0.070624 0.059984 0.044243 0.023640 0.000000 
50.000000 37.221452 25.752005 16.499920 9.775536 5.357300 2.722449 1.290120 0.577223 0.250929 0.113011 0.058958 0.039240 0.032523 0.030378 0.029734 0.029552 0.029503 0.029491 0.029488 0.029487 0.029487 0.029487 0.029487 0.029487 0.029487 0.029487 0.029487 0.029487 0.029487 0.029487 0.029487 0.029487 0.029487 0.029487 0.029487 0.029486 0.029484 0.029479 0.029462 0.029415 0.029295 0.029007 0.028376 0.027110 0.024803 0.021017 0.015464 0.008247 0.000000 
50.000000 37.216381 25.742387 16.486643 9.759610 5.339640 2.703760 1.270876 0.557703 0.231285 0.093314 0.039240 0.019516 0.012796 0.010650 0.010006 0.009824 0.009775 0.009763 0.009760 0.009759 0.009759 0.009759 0.009759 0.009759 0.009759 0.009759 0.009759 0.009759 0.009759 0.009759 0.009759 0.009759 0.009759 0.009759 0.009759 0.009759 0.009758 0.009756 0.009750 0.009734 0.009692 0.009594 0.009379 0.008951 0.008178 0.006917 0.005080 0.002705 0.000000 
50.000000 37.214651 25.739107 16.482117 9.754181 5.333621 2.697392 1.264318 0.551052 0.224592 0.086603 0.032523 0.012796 0.006074 0.003928 0.003284 0.003102 0.003053 0.003041 0.003038 0.003037 0.003037 0.003037 0.003037 0.003037 0.003037 0.003037 0.003037 0.003037 0.003037 0.003037 0.003037 0.003037 0.003037 0.003037 0.003037 0.003037 0.003037 0.003036 0.003034 0.003029 0.003016 0.002984 0.002916 0.002781 0.002537 0.002143 0.001572 0.000836 0.000000 
50.000000 37.214099 25.738060 16.480671 9.752446 5.331698 2.695358 1.262224 0.548929 0.222455 0.084460 0.030378 0.010650 0.003928 0.001782 0.001138 0.000956 0.000907 0.000895 0.000892 0.000891 0.000891 0.000891 0.000891 0.000891 0.000891 0.000891 0.000891 0.000891 0.000891 0.000891 0.000891 0.000891 0.000891 0.000891 0.000891 0.000891 0.000891 0.000891 0.000890 0.000889 0.000885 0.000875 0.000855 0.000815 0.000743 0.000626 0.000459 0.000244 0.000000 
50.000000 37.213933 25.737745 16.480236 9.751926 5.331121 2.694747 1.261595 0.548291 0.221813 0.083817 0.029734 0.010006 0.003284 0.001138 0.000494 0.000312 0.000263 0.000251 0.000248 0.000247 0.000247 0.000247 0.000247 0.000247 0.000247 0.000247 0.000247 0.000247 0.000247 0.000247 0.000247 0.000247 0.000247 0.000247 0.000247 0.000247 0.000247 0.000247 0.000247 0.000246 0.000245 0.000243 0.000237 0.000226 0.000205 0.000173 0.000127 0.000067 0.000000 
50.000000 37.213886 25.737656 16.480114 9.751778 5.330958 2.694574 1.261417 0.548111 0.221632 0.083635 0.029552 0.009824 0.003102 0.000956 0.000312 0.000130 0.000081 0.000069 0.000066 0.000065 0.000065 0.000065 0.000065 0.000065 0.000065 0.000065 0.000065 0.000065 0.000065 0.000065 0.000065 0.000065 0.000065 0.000065 0.000065 0.000065 0.000065 0.000065 0.000065 0.000065 0.000064 0.000064 0.000062 0.000059 0.000054 0.000045 0.000033 0.000018 0.000000 
50.000000 37.213873 25.737632 16.480081 9.751739 5.330914 2.694528 1.261370 0.548063 0.221583 0.083587 0.029503 0.009775 0.003053 0.000907 0.000263 0.000081 0.000032 0.000020 0.000017 0.000016 0.000016 0.000016 0.000016 0.000016 0.000016 0.000016 0.000016 0.000016 0.000016 0.000016 0.000016 0.000016 0.000016 0.000016 0.000016 0.000016 0.000016 0.000016 0.000016 0.000016 0.000016 0.000016 0.000015 0.000015 0.000013 0.000011 0.000008 0.000004 0.000000 
50.000000 37.213870 25.737626 16.480072 9.751729 5.330903 2.694516 1.261358 0.548051 0.221571 0.083574 0.029491 0.009763 0.003041 0.000895 0.000251 0.000069 0.000020 0.000008 0.000005 0.000004 0.000004 0.000004 0.000004 0.000004 0.000004 0.000004 0.000004 0.000004 0.000004 0.000004 0.000004 0.000004 0.000004 0.000004 0.000004 0.000004 0.000004 0.000004 0.000004 0.000004 0.000004 0.000004 0.000004 0.000003 0.000003 0.000003 0.000002 0.000001 0.000000 
50.000000 37.213869 25.737624 16.480070 9.751727 5.330900 2.694514 1.261355 0.548048 0.221568 0.083571 0.029488 0.009760 0.003038 0.000892 0.000248 0.000066 0.000017 0.000005 0.000002 0.000001 0.000001 0.000001 0.000001 0.000001 0.000001 0.000001 0.000001 0.000001 0.000001 0.000001 0.000001 0.000001 0.000001 0.000001 0.000001 0.000001 0.000001 0.000001 0.000001 0.000001 0.000001 0.000001 0.000001 0.000001 0.000001 0.000001 0.000000 0.000000 0.000000 
50.000000 37.213869 25.737624 16.480070 9.751726 5.330900 2.694513 1.261354 0.548047 0.221567 0.083571 0.029487 0.009759 0.003037 0.000891 0.000247 0.000065 0.000016 0.000004 0.000001 0.000000 0.000000 0.000000 0.000000 0.000000 0.000000 0.000000 0.000000 0.000000 0.000000 0.000000 0.000000 0.000000 0.000000 0.000000 0.000000 0.000000 0.000000 0.000000 0.000000 0.000000 0.000000 0.000000 0.000000 0.000000 0.000000 0.000000 0.000000 0.000000 0.000000 
50.000000 37.213869 25.737624 16.480070 9.751726 5.330900 2.694513 1.261354 0.548047 0.221567 0.083570 0.029487 0.009759 0.003037 0.000891 0.000247 0.000065 0.000016 0.000004 0.000001 0.000000 0.000000 0.000000 0.000000 0.000000 0.000000 0.000000 0.000000 0.000000 0.000000 0.000000 0.000000 0.000000 0.000000 0.000000 0.000000 0.000000 0.000000 0.000000 0.000000 0.000000 0.000000 0.000000 0.000000 0.000000 0.000000 0.000000 0.000000 0.000000 0.000000 
50.000000 37.213869 25.737624 16.480070 9.751726 5.330900 2.694513 1.261354 0.548047 0.221567 0.083570 0.029487 0.009759 0.003037 0.000891 0.000247 0.000065 0.000016 0.000004 0.000001 0.000000 0.000000 0.000000 0.000000 0.000000 0.000000 0.000000 0.000000 0.000000 0.000000 0.000000 0.000000 0.000000 0.000000 0.000000 0.000000 0.000000 0.000000 0.000000 0.000000 0.000000 0.000000 0.000000 0.000000 0.000000 0.000000 0.000000 0.000000 0.000000 0.000000 
50.000000 37.213869 25.737624 16.480070 9.751726 5.330900 2.694513 1.261354 0.548047 0.221567 0.083570 0.029487 0.009759 0.003037 0.000891 0.000247 0.000065 0.000016 0.000004 0.000001 0.000000 0.000000 0.000000 0.000000 0.000000 0.000000 0.000000 0.000000 0.000000 0.000000 0.000000 0.000000 0.000000 0.000000 0.000000 0.000000 0.000000 0.000000 0.000000 0.000000 0.000000 0.000000 0.000000 0.000000 0.000000 0.000000 0.000000 0.000000 0.000000 0.000000 
50.000000 37.213869 25.737624 16.480070 9.751726 5.330900 2.694513 1.261354 0.548047 0.221567 0.083570 0.029487 0.009759 0.003037 0.000891 0.000247 0.000065 0.000016 0.000004 0.000001 0.000000 0.000000 0.000000 0.000000 0.000000 0.000000 0.000000 0.000000 0.000000 0.000000 0.000000 0.000000 0.000000 0.000000 0.000000 0.000000 0.000000 0.000000 0.000000 0.000000 0.000000 0.000000 0.000000 0.000000 0.000000 0.000000 0.000000 0.000000 0.000000 0.000000 
50.000000 37.213869 25.737624 16.480070 9.751726 5.330900 2.694513 1.261354 0.548047 0.221567 0.083570 0.029487 0.009759 0.003037 0.000891 0.000247 0.000065 0.000016 0.000004 0.000001 0.000000 0.000000 0.000000 0.000000 0.000000 0.000000 0.000000 0.000000 0.000000 0.000000 0.000000 0.000000 0.000000 0.000000 0.000000 0.000000 0.000000 0.000000 0.000000 0.000000 0.000000 0.000000 0.000000 0.000000 0.000000 0.000000 0.000000 0.000000 0.000000 0.000000 
50.000000 37.213869 25.737624 16.480070 9.751726 5.330900 2.694513 1.261354 0.548047 0.221567 0.083570 0.029487 0.009759 0.003037 0.000891 0.000247 0.000065 0.000016 0.000004 0.000001 0.000000 0.000000 0.000000 0.000000 0.000000 0.000000 0.000000 0.000000 0.000000 0.000000 0.000000 0.000000 0.000000 0.000000 0.000000 0.000000 0.000000 0.000000 0.000000 0.000000 0.000000 0.000000 0.000000 0.000000 0.000000 0.000000 0.000000 0.000000 0.000000 0.000000 
50.000000 37.213869 25.737624 16.480070 9.751726 5.330900 2.694513 1.261354 0.548047 0.221567 0.083570 0.029487 0.009759 0.003037 0.000891 0.000247 0.000065 0.000016 0.000004 0.000001 0.000000 0.000000 0.000000 0.000000 0.000000 0.000000 0.000000 0.000000 0.000000 0.000000 0.000000 0.000000 0.000000 0.000000 0.000000 0.000000 0.000000 0.000000 0.000000 0.000000 0.000000 0.000000 0.000000 0.000000 0.000000 0.000000 0.000000 0.000000 0.000000 0.000000 
50.000000 37.213869 25.737624 16.480070 9.751726 5.330900 2.694513 1.261354 0.548047 0.221567 0.083570 0.029487 0.009759 0.003037 0.000891 0.000247 0.000065 0.000016 0.000004 0.000001 0.000000 0.000000 0.000000 0.000000 0.000000 0.000000 0.000000 0.000000 0.000000 0.000000 0.000000 0.000000 0.000000 0.000000 0.000000 0.000000 0.000000 0.000000 0.000000 0.000000 0.000000 0.000000 0.000000 0.000000 0.000000 0.000000 0.000000 0.000000 0.000000 0.000000 
50.000000 37.213869 25.737624 16.480070 9.751726 5.330900 2.694513 1.261354 0.548047 0.221567 0.083571 0.029487 0.009759 0.003037 0.000891 0.000247 0.000065 0.000016 0.000004 0.000001 0.000000 0.000000 0.000000 0.000000 0.000000 0.000000 0.000000 0.000000 0.000000 0.000000 0.000000 0.000000 0.000000 0.000000 0.000000 0.000000 0.000000 0.000000 0.000000 0.000000 0.000000 0.000000 0.000000 0.000000 0.000000 0.000000 0.000000 0.000000 0.000000 0.000000 
50.000000 37.213869 25.737624 16.480070 9.751727 5.330900 2.694514 1.261355 0.548048 0.221568 0.083571 0.029488 0.009760 0.003038 0.000892 0.000248 0.000066 0.000017 0.000005 0.000002 0.000001 0.000001 0.000001 0.000001 0.000001 0.000001 0.000001 0.000001 0.000001 0.000001 0.000001 0.000001 0.000001 0.000001 0.000001 0.000001 0.000001 0.000001 0.000001 0.000001 0.000001 0.000001 0.000001 0.000001 0.000001 0.000001 0.000001 0.000000 0.000000 0.000000 
50.000000 37.213870 25.737626 16.480072 9.751729 5.330903 2.694516 1.261358 0.548051 0.221571 0.083574 0.029491 0.009763 0.003041 0.000895 0.000251 0.000069 0.000020 0.000008 0.000005 0.000004 0.000004 0.000004 0.000004 0.000004 0.000004 0.000004 0.000004 0.000004 0.000004 0.000004 0.000004 0.000004 0.000004 0.000004 0.000004 0.000004 0.000004 0.000004 0.000004 0.000004 0.000004 0.000004 0.000004 0.000003 0.000003 0.000003 0.000002 0.000001 0.000000 
50.000000 37.213873 25.737632 16.480081 9.751739 5.330914 2.694528 1.261370 0.548063 0.221583 0.083587 0.029503 0.009775 0.003053 0.000907 0.000263 0.000081 0.000032 0.000020 0.000017 0.000016 0.000016 0.000016 0.000016 0.000016 0.000016 0.000016 0.000016 0.000016 0.000016 0.000016 0.000016 0.000016 0.000016 0.000016 0.000016 0.000016 0.000016 0.000016 0.000016 0.000016 0.000016 0.000016 0.000015 0.000015 0.000013 0.000011 0.000008 0.000004 0.000000 
50.000000 37.213886 25.737656 16.480114 9.751778 5.330958 2.694574 1.261417 0.548111 0.221632 0.083635 0.029552 0.009824 0.003102 0.000956 0.000312 0.000130 0.000081 0.000069 0.000066 0.000065 0.000065 0.000065 0.000065 0.000065 0.000065 0.000065 0.000065 0.000065 0.000065 0.000065 0.000065 0.000065 0.000065 0.000065 0.000065 0.000065 0.000065 0.000065 0.000065 0.000065 0.000064 0.000064 0.000062 0.000059 0.000054 0.000045 0.000033 0.000018 0.000000 
50.000000 37.213933 25.737745 16.480236 9.751926 5.331121 2.694747 1.261595 0.548291 0.221813 0.083817 0.029734 0.010006 0.003284 0.001138 0.000494 0.000312 0.000263 0.000251 0.000248 0.000247 0.000247 0.000247 0.000247 0.000247 0.000247 0.000247 0.000247 0.000247 0.000247 0.000247 0.000247 0.000247 0.000247 0.000247 0.000247 0.000247 0.000247 0.000247 0.000247 0.000246 0.000245 0.000243 0.000237 0.000226 0.000205 0.000173 0.000127 0.000067 0.000000 
50.000000 37.214099 25.738060 16.480671 9.752446 5.331698 2.695358 1.262224 0.548929 0.222455 0.084460 0.030378 0.010650 0.003928 0.001782 0.001138 0.000956 0.000907 0.000895 0.000892 0.000891 0.000891 0.000891 0.000891 0.000891 0.000891 0.000891 0.000891 0.000891 0.000891 0.000891 0.000891 0.000891 0.000891 0.000891 0.000891 0.000891 0.000891 0.000891 0.000890 0.000889 0.000885 0.000875 0.000855 0.000815 0.000743 0.000626 0.000459 0.000244 0.000000 
50.000000 37.214651 25.739107 16.482117 9.754181 5.333621 2.697392 1.264318 0.551052 0.224592 0.086603 0.032523 0.012796 0.006074 0.003928 0.003284 0.003102 0.003053 0.003041 0.003038 0.003037 0.003037 0.003037 0.003037 0.003037 0.003037 0.003037 0.003037 0.003037 0.003037 0.003037 0.003037 0.003037 0.003037 0.003037 0.003037 0.003037 0.003037 0.003036 0.003034 0.003029 0.003016 0.002984 0.002916 0.002781 0.002537 0.002143 0.001572 0.000836 0.000000 
50.000000 37.216381 25.742387 16.486643 9.759610 5.339640 2.703760 1.270876 0.557703 0.231285 0.093314 0.039240 0.019516 0.012796 0.010650 0.010006 0.009824 0.009775 0.009763 0.009760 0.009759 0.009759 0.009759 0.009759 0.009759 0.009759 0.009759 0.009759 0.009759 0.009759 0.009759 0.009759 0.009759 0.009759 0.009759 0.009759 0.009759 0.009758 0.009756 0.009750 0.009734 0.009692 0.009594 0.009379 0.008951 0.008178 0.006917 0.005080 0.002705 0.000000 
50.000000 37.221452 25.752005 16.499920 9.775536 5.357300 2.722449 1.290120 0.577223 0.250929 0.113011 0.058958 0.039240 0.032523 0.030378 0.029734 0.029552 0.029503 0.029491 0.029488 0.029487 0.029487 0.029487 0.029487 0.029487 0.029487 0.029487 0.029487 0.029487 0.029487 0.029487 0.029487 0.029487 0.029487 0.029487 0.029487 0.029486 0.029484 0.029479 0.029462 0.029415 0.029295 0.029007 0.028376 0.027110 0.024803 0.021017 0.015464 0.008247 0.000000 
50.000000 37.235344 25.778353 16.536296 9.819180 5.405701 2.773674 1.342873 0.630731 0.304782 0.167008 0.113011 0.093314 0.086603 0.084460 0.083817 0.083635 0.083587 0.083574 0.083571 0.083571 0.083570 0.083570 0.083570 0.083570 0.083570 0.083570 0.083570 0.083570 0.083570 0.083570 0.083570 0.083570 0.083570 0.083570 0.083570 0.083568 0.083564 0.083549 0.083504 0.083378 0.083053 0.082271 0.080543 0.077048 0.070624 0.059984 0.044243 0.023640 0.000000 
50.000000 37.270763 25.845535 16.629059 9.930490 5.529161 2.904353 1.477459 0.767254 0.442186 0.304782 0.250929 0.231285 0.224592 0.222455 0.221813 0.221632 0.221583 0.221571 0.221568 0.221567 0.221567 0.221567 0.221567 0.221567 0.221567 0.221567 0.221567 0.221567 0.221567 0.221567 0.221567 0.221567 0.221567 0.221567 0.221566 0.221563 0.221551 0.221514 0.221404 0.221093 0.220281 0.218316 0.213931 0.204974 0.188329 0.160440 0.118717 0.063598 0.000000 
50.000000 37.354497 26.004375 16.848405 10.193728 5.821166 3.213463 1.795837 1.090227 0.767254 0.630731 0.577223 0.557703 0.551052 0.548929 0.548291 0.548111 0.548063 0.548051 0.548048 0.548047 0.548047 0.548047 0.548047 0.548047 0.548047 0.548047 0.548047 0.548047 0.548047 0.548047 0.548047 0.548047 0.548047 0.548046 0.548044 0.548037 0.548011 0.547928 0.547679 0.546973 0.545113 0.540570 0.530325 0.509132 0.469205 0.401314 0.298245 0.160350 0.000000 
50.000000 37.537320 26.351207 17.327404 10.768644 6.458984 3.888709 2.491376 1.795837 1.477459 1.342873 1.290120 1.270876 1.264318 1.262224 1.261595 1.261417 1.261370 1.261358 1.261355 1.261354 1.261354 1.261354 1.261354 1.261354 1.261354 1.261354 1.261354 1.261354 1.261354 1.261354 1.261354 1.261354 1.261354 1.261353 1.261349 1.261333 1.261281 1.261113 1.260602 1.259143 1.255267 1.245688 1.223803 1.177836 1.089725 0.937015 0.700591 0.378645 0.000000 
50.000000 37.904412 27.047661 18.289351 11.923344 7.740159 5.245185 3.888709 3.213463 2.904353 2.773674 2.722449 2.703760 2.697392 2.695358 2.694747 2.694574 2.694528 2.694516 2.694514 2.694513 2.694513 2.694513 2.694513 2.694513 2.694513 2.694513 2.694513 2.694513 2.694513 2.694513 2.694513 2.694513 2.694512 2.694510 2.694503 2.694475 2.694381 2.694074 2.693131 2.690421 2.683138 2.664906 2.622592 2.532042 2.354627 2.039381 1.538083 0.837907 0.000000 
50.000000 38.579319 28.328186 20.058177 14.046817 10.096443 7.740159 6.458984 5.821166 5.529161 5.405701 5.357300 5.339640 5.333621 5.331698 5.331121 5.330958 5.330914 5.330903 5.330900 5.330900 5.330900 5.330900 5.330900 5.330900 5.330900 5.330900 5.330900 5.330900 5.330900 5.330900 5.330899 5.330899 5.330899 5.330895 5.330884 5.330840 5.330688 5.330191 5.328653 5.324187 5.312034 5.281148 5.208117 5.048222 4.726132 4.134678 3.158522 1.742714 0.000000 
50.000000 39.710475 30.474483 23.023149 17.606577 14.046817 11.923344 10.768644 10.193728 9.930490 9.819180 9.775536 9.759610 9.754181 9.752446 9.751926 9.751778 9.751739 9.751729 9.751727 9.751726 9.751726 9.751726 9.751726 9.751726 9.751726 9.751726 9.751726 9.751726 9.751726 9.751726 9.751726 9.751726 9.751724 9.751720 9.751704 9.751643 9.751432 9.750733 9.748555 9.742161 9.724523 9.678919 9.568717 9.320685 8.803288 7.810824 6.084385 3.430676 0.000000 
50.000000 41.431341 33.739864 27.534356 23.023149 20.058177 18.289351 17.327404 16.848405 16.629059 16.536296 16.499920 16.486643 16.482117 16.480671 16.480236 16.480114 16.480081 16.480072 16.480070 16.480070 16.480070 16.480070 16.480070 16.480070 16.480070 16.480070 16.480070 16.480070 16.480070 16.480070 16.480070 16.480069 16.480068 16.480063 16.480044 16.479974 16.479726 16.478902 16.476311 16.468619 16.447092 16.390389 16.249970 15.923499 15.212325 13.767178 11.056603 6.485314 0.000000 
50.000000 43.798321 38.231416 33.739864 30.474483 28.328186 27.047661 26.351207 26.004375 25.845535 25.778353 25.752005 25.742387 25.739107 25.738060 25.737745 25.737656 25.737632 25.737626 25.737624 25.737624 25.737624 25.737624 25.737624 25.737624 25.737624 25.737624 25.737624 25.737624 25.737624 25.737624 25.737624 25.737624 25.737623 25.737618 25.737601 25.737536 25.737307 25.736540 25.734110 25.726818 25.706130 25.650616 25.509579 25.169664 24.390098 22.683261 19.115708 12.100090 0.000000 
50.000000 46.731927 43.798321 41.431341 39.710475 38.579319 37.904412 37.537320 37.354497 37.270763 37.235344 37.221452 37.216381 37.214651 37.214099 37.213933 37.213886 37.213873 37.213870 37.213869 37.213869 37.213869 37.213869 37.213869 37.213869 37.213869 37.213869 37.213869 37.213869 37.213869 37.213869 37.213869 37.213869 37.213868 37.213865 37.213855 37.213815 37.213675 37.213205 37.211704 37.207165 37.194147 37.158675 37.066506 36.836605 36.279799 34.946027 31.698231 23.365963 0.000000 
50.000000 50.000000 50.000000 50.000000 50.000000 50.000000 50.000000 50.000000 50.000000 50.000000 50.000000 50.000000 50.000000 50.000000 50.000000 50.000000 50.000000 50.000000 50.000000 50.000000 50.000000 50.000000 50.000000 50.000000 50.000000 50.000000 50.000000 50.000000 50.000000 50.000000 50.000000 50.000000 50.000000 50.000000 50.000000 50.000000 50.000000 50.000000 50.000000 50.000000 50.000000 50.000000 50.000000 50.000000 50.000000 50.000000 50.000000 50.000000 50.000000 50.000000 
