50.000000 50.000000 50.000000 50.000000 50.000000 50.000000 50.000000 50.000000 50.000000 50.000000 50.000000 50.000000 50.000000 50.000000 50.000000 50.000000 50.000000 50.000000 50.000000 50.000000 50.000000 50.000000 50.000000 50.000000 50.000000 50.000000 50.000000 50.000000 50.000000 50.000000 50.000000 50.000000 50.000000 50.000000 50.000000 50.000000 50.000000 50.000000 50.000000 50.000000 50.000000 50.000000 50.000000 50.000000 50.000000 50.000000 50.000000 50.000000 50.000000 50.000000 
50.000000 47.748340 45.655653 43.847312 42.393301 41.304244 40.543328 40.046583 39.743039 39.569086 39.475411 39.427912 39.405190 39.394914 39.390513 39.388724 39.388032 39.387778 39.387689 39.387659 39.387649 39.387646 39.387645 39.387645 39.387645 39.387645 39.387645 39.387645 39.387645 39.387645 39.387644 39.387643 39.387638 39.387621 39.387571 39.387425 39.387021 39.385941 39.383174 39.376365 39.360252 39.323513 39.242510 39.068800 38.703193 37.937309 36.306467 32.670730 23.874170 0.000000 
50.000000 45.655653 41.618043 38.129075 35.323774 33.222629 31.754601 30.796256 30.210658 29.875077 29.694368 29.602742 29.558911 29.539090 29.530601 29.527150 29.525817 29.525326 29.525154 29.525096 29.525078 29.525072 29.525070 29.525070 29.525070 29.525070 29.525070 29.525070 29.525070 29.525069 29.525068 29.525066 29.525056 29.525027 29.524939 29.524685 29.523979 29.522101 29.517309 29.505580 29.478034 29.415872 29.280816 28.997444 28.420805 27.276747 25.052280 20.809022 12.984923 0.000000 
50.000000 43.847312 38.129075 33.187906 29.215031 26.239452 24.160532 22.803433 21.974207 21.499031 21.243163 21.113435 21.051380 21.023320 21.011302 21.006417 21.004530 21.003835 21.003592 21.003510 21.003484 21.003476 21.003473 21.003473 21.003472 21.003472 21.003472 21.003472 21.003472 21.003472 21.003471 21.003468 21.003456 21.003421 21.003315 21.003009 21.002163 20.999923 20.994242 20.980451 20.948395 20.877053 20.724942 20.414011 19.804274 18.657380 16.593953 13.076795 7.540845 0.000000 
50.000000 42.393301 35.323774 29.215031 24.303489 20.624975 18.055027 16.377458 15.352460 14.765129 14.448885 14.288556 14.211868 14.177193 14.162343 14.156307 14.153976 14.153118 14.152817 14.152716 14.152684 14.152674 14.152671 14.152670 14.152670 14.152670 14.152670 14.152670 14.152669 14.152669 14.152668 14.152665 14.152653 14.152618 14.152514 14.152212 14.151384 14.149204 14.143715 14.130513 14.100187 14.033708 13.894735 13.617948 13.093602 12.151745 10.557651 8.047026 4.455992 0.000000 
50.000000 41.304244 33.222629 26.239452 20.624975 16.420118 13.482553 11.565097 10.393583 9.722333 9.360925 9.177709 9.090080 9.050460 9.033494 9.026599 9.023935 9.022956 9.022612 9.022496 9.022460 9.022448 9.022445 9.022444 9.022444 9.022444 9.022444 9.022443 9.022443 9.022443 9.022442 9.022439 9.022430 9.022400 9.022310 9.022053 9.021352 9.019517 9.014934 9.004017 8.979238 8.925728 8.815956 8.602476 8.210059 7.531373 6.435178 4.801824 2.601050 0.000000 
50.000000 40.543328 31.754601 24.160532 18.055027 13.482553 10.288277 8.203338 6.929556 6.199745 5.806828 5.607651 5.512394 5.469328 5.450887 5.443393 5.440499 5.439434 5.439061 5.438935 5.438895 5.438883 5.438879 5.438878 5.438878 5.438878 5.438878 5.438878 5.438878 5.438878 5.438877 5.438875 5.438867 5.438844 5.438776 5.438582 5.438053 5.436679 5.433276 5.425245 5.407227 5.368859 5.291488 5.144138 4.880077 4.437079 3.746521 2.757157 1.474527 0.000000 
50.000000 40.046583 30.796256 22.803433 16.377458 11.565097 8.203338 6.009159 4.668690 3.900704 3.487254 3.277680 3.177455 3.132146 3.112745 3.104863 3.101818 3.100698 3.100305 3.100173 3.100131 3.100118 3.100114 3.100113 3.100113 3.100113 3.100113 3.100113 3.100113 3.100113 3.100112 3.100111 3.100106 3.100090 3.100043 3.099910 3.099549 3.098619 3.096333 3.090984 3.079112 3.054153 3.004579 2.911850 2.749141 2.482723 2.078491 1.515440 0.804073 0.000000 
50.000000 39.743039 30.210658 21.974207 15.352460 10.393583 6.929556 4.668690 3.287523 2.496248 2.070277 1.854364 1.751113 1.704438 1.684453 1.676333 1.673197 1.672044 1.671639 1.671504 1.671460 1.671447 1.671443 1.671442 1.671441 1.671441 1.671441 1.671441 1.671441 1.671441 1.671441 1.671440 1.671437 1.671427 1.671397 1.671314 1.671089 1.670513 1.669106 1.665844 1.658671 1.643761 1.614536 1.560697 1.467855 1.318752 1.097154 0.794787 0.419526 0.000000 
50.000000 39.569086 29.875077 21.499031 14.765129 9.722333 6.199745 3.900704 2.496248 1.691652 1.258521 1.038985 0.934005 0.886549 0.866231 0.857977 0.854789 0.853616 0.853205 0.853067 0.853023 0.853009 0.853005 0.853004 0.853004 0.853004 0.853004 0.853004 0.853003 0.853003 0.853003 0.853003 0.853001 0.852995 0.852978 0.852930 0.852801 0.852471 0.851673 0.849834 0.845826 0.837577 0.821591 0.792518 0.743095 0.664942 0.550636 0.397043 0.208834 0.000000 
50.000000 39.475411 29.694368 21.243163 14.448885 9.360925 5.806828 3.487254 2.070277 1.258521 0.821544 0.600063 0.494155 0.446281 0.425784 0.417457 0.414241 0.413058 0.412643 0.412504 0.412460 0.412446 0.412442 0.412441 0.412441 0.412440 0.412440 0.412440 0.412440 0.412440 0.412440 0.412440 0.412439 0.412436 0.412427 0.412401 0.412332 0.412157 0.411736 0.410772 0.408687 0.404433 0.396270 0.381583 0.356908 0.318372 0.262712 0.188788 0.099046 0.000000 
50.000000 39.427912 29.602742 21.113435 14.288556 9.177709 5.607651 3.277680 1.854364 1.038985 0.600063 0.377599 0.271222 0.223137 0.202550 0.194186 0.190956 0.189769 0.189352 0.189212 0.189167 0.189154 0.189150 0.189148 0.189148 0.189148 0.189148 0.189148 0.189148 0.189148 0.189148 0.189148 0.189147 0.189146 0.189141 0.189128 0.189094 0.189007 0.188799 0.188327 0.187313 0.185258 0.181347 0.174375 0.162775 0.144841 0.119193 0.085434 0.044738 0.000000 
50.000000 39.405190 29.558911 21.051380 14.211868 9.090080 5.512394 3.177455 1.751113 0.934005 0.494155 0.271222 0.164622 0.116436 0.095806 0.087425 0.084189 0.082998 0.082581 0.082441 0.082396 0.082382 0.082378 0.082377 0.082377 0.082376 0.082376 0.082376 0.082376 0.082376 0.082376 0.082376 0.082376 0.082375 0.082373 0.082367 0.082351 0.082311 0.082215 0.081998 0.081534 0.080600 0.078836 0.075715 0.070564 0.062665 0.051458 0.036810 0.019249 0.000000 
50.000000 39.394914 29.539090 21.023320 14.177193 9.050460 5.469328 3.132146 1.704438 0.886549 0.446281 0.223137 0.116436 0.068205 0.047556 0.039167 0.035927 0.034736 0.034318 0.034178 0.034133 0.034119 0.034115 0.034114 0.034114 0.034114 0.034114 0.034114 0.034114 0.034114 0.034114 0.034114 0.034113 0.034113 0.034112 0.034110 0.034103 0.034085 0.034043 0.033949 0.033749 0.033349 0.032597 0.031275 0.029109 0.025809 0.021157 0.015111 0.007893 0.000000 
50.000000 39.390513 29.530601 21.011302 14.162343 9.033494 5.450887 3.112745 1.684453 0.866231 0.425784 0.202550 0.095806 0.047556 0.026899 0.018507 0.015266 0.014074 0.013656 0.013515 0.013471 0.013457 0.013453 0.013452 0.013451 0.013451 0.013451 0.013451 0.013451 0.013451 0.013451 0.013451 0.013451 0.013451 0.013451 0.013449 0.013446 0.013439 0.013422 0.013383 0.013302 0.013139 0.012836 0.012305 0.011440 0.010130 0.008293 0.005916 0.003087 0.000000 
50.000000 39.388724 29.527150 21.006417 14.156307 9.026599 5.443393 3.104863 1.676333 0.857977 0.417457 0.194186 0.087425 0.039167 0.018507 0.010113 0.006872 0.005680 0.005261 0.005121 0.005076 0.005063 0.005058 0.005057 0.005057 0.005057 0.005057 0.005057 0.005057 0.005057 0.005057 0.005057 0.005057 0.005057 0.005057 0.005056 0.005055 0.005052 0.005046 0.005031 0.004999 0.004936 0.004820 0.004618 0.004289 0.003794 0.003102 0.002211 0.001153 0.000000 
50.000000 39.388032 29.525817 21.004530 14.153976 9.023935 5.440499 3.101818 1.673197 0.854789 0.414241 0.190956 0.084189 0.035927 0.015266 0.006872 0.003630 0.002438 0.002020 0.001879 0.001834 0.001821 0.001817 0.001815 0.001815 0.001815 0.001815 0.001815 0.001815 0.001815 0.001815 0.001815 0.001815 0.001815 0.001815 0.001815 0.001814 0.001813 0.001811 0.001805 0.001794 0.001771 0.001728 0.001655 0.001536 0.001357 0.001109 0.000790 0.000412 0.000000 
50.000000 39.387778 29.525326 21.003835 14.153118 9.022956 5.439434 3.100698 1.672044 0.853616 0.413058 0.189769 0.082998 0.034736 0.014074 0.005680 0.002438 0.001246 0.000827 0.000687 0.000642 0.000628 0.000624 0.000623 0.000623 0.000623 0.000623 0.000623 0.000623 0.000623 0.000623 0.000623 0.000623 0.000623 0.000623 0.000623 0.000623 0.000622 0.000621 0.000619 0.000615 0.000607 0.000593 0.000567 0.000526 0.000464 0.000379 0.000270 0.000141 0.000000 
50.000000 39.387689 29.525154 21.003592 14.152817 9.022612 5.439061 3.100305 1.671639 0.853205 0.412643 0.189352 0.082581 0.034318 0.013656 0.005261 0.002020 0.000827 0.000409 0.000269 0.000224 0.000210 0.000206 0.000205 0.000205 0.000205 0.000205 0.000205 0.000205 0.000205 0.000205 0.000205 0.000205 0.000205 0.000205 0.000205 0.000204 0.000204 0.000204 0.000203 0.000202 0.000199 0.000194 0.000186 0.000172 0.000152 0.000124 0.000088 0.000046 0.000000 
50.000000 39.387659 29.525096 21.003510 14.152716 9.022496 5.438935 3.100173 1.671504 0.853067 0.412504 0.189212 0.082441 0.034178 0.013515 0.005121 0.001879 0.000687 0.000269 0.000129 0.000084 0.000070 0.000066 0.000065 0.000065 0.000064 0.000064 0.000064 0.000064 0.000064 0.000064 0.000064 0.000064 0.000064 0.000064 0.000064 0.000064 0.000064 0.000064 0.000064 0.000064 0.000063 0.000061 0.000059 0.000054 0.000048 0.000039 0.000028 0.000014 0.000000 
50.000000 39.387649 29.525078 21.003484 14.152684 9.022460 5.438895 3.100131 1.671460 0.853023 0.412460 0.189167 0.082396 0.034133 0.013471 0.005076 0.001834 0.000642 0.000224 0.000084 0.000039 0.000025 0.000021 0.000020 0.000020 0.000019 0.000019 0.000019 0.000019 0.000019 0.000019 0.000019 0.000019 0.000019 0.000019 0.000019 0.000019 0.000019 0.000019 0.000019 0.000019 0.000019 0.000018 0.000018 0.000016 0.000014 0.000012 0.000008 0.000004 0.000000 
50.000000 39.387646 29.525072 21.003476 14.152674 9.022448 5.438883 3.100118 1.671447 0.853009 0.412446 0.189154 0.082382 0.034119 0.013457 0.005063 0.001821 0.000628 0.000210 0.000070 0.000025 0.000011 0.000007 0.000006 0.000006 0.000006 0.000006 0.000006 0.000006 0.000006 0.000006 0.000006 0.000006 0.000006 0.000006 0.000006 0.000006 0.000006 0.000006 0.000006 0.000006 0.000005 0.000005 0.000005 0.000005 0.000004 0.000003 0.000002 0.000001 0.000000 
50.000000 39.387645 29.525070 21.003473 14.152671 9.022445 5.438879 3.100114 1.671443 0.853005 0.412442 0.189150 0.082378 0.034115 0.013453 0.005058 0.001817 0.000624 0.000206 0.000066 0.000021 0.000007 0.000003 0.000002 0.000002 0.000002 0.000002 0.000002 0.000002 0.000002 0.000002 0.000002 0.000002 0.000002 0.000002 0.000002 0.000002 0.000002 0.000002 0.000002 0.000002 0.000002 0.000001 0.000001 0.000001 0.000001 0.000001 0.000001 0.000000 0.000000 
50.000000 39.387645 29.525070 21.003473 14.152670 9.022444 5.438878 3.100113 1.671442 0.853004 0.412441 0.189148 0.082377 0.034114 0.013452 0.005057 0.001815 0.000623 0.000205 0.000065 0.000020 0.000006 0.000002 0.000001 0.000001 0.000000 0.000000 0.000000 0.000000 0.000000 0.000000 0.000000 0.000000 0.000000 0.000000 0.000000 0.000000 0.000000 0.000000 0.000000 0.000000 0.000000 0.000000 0.000000 0.000000 0.000000 0.000000 0.000000 0.000000 0.000000 
50.000000 39.387645 29.525070 21.003472 14.152670 9.022444 5.438878 3.100113 1.671441 0.853004 0.412441 0.189148 0.082377 0.034114 0.013451 0.005057 0.001815 0.000623 0.000205 0.000065 0.000020 0.000006 0.000002 0.000001 0.000000 0.000000 0.000000 0.000000 0.000000 0.000000 0.000000 0.000000 0.000000 0.000000 0.000000 0.000000 0.000000 0.000000 0.000000 0.000000 0.000000 0.000000 0.000000 0.000000 0.000000 0.000000 0.000000 0.000000 0.000000 0.000000 
50.000000 39.387645 29.525070 21.003472 14.152670 9.022444 5.438878 3.100113 1.671441 0.853004 0.412441 0.189148 0.082377 0.034114 0.013451 0.005057 0.001815 0.000623 0.000205 0.000065 0.000020 0.000006 0.000002 0.000001 0.000000 0.000000 0.000000 0.000000 0.000000 0.000000 0.000000 0.000000 0.000000 0.000000 0.000000 0.000000 0.000000 0.000000 0.000000 0.000000 0.000000 0.000000 0.000000 0.000000 0.000000 0.000000 0.000000 0.000000 0.000000 0.000000 
50.000000 39.387645 29.525070 21.003473 14.152670 9.022444 5.438878 3.100113 1.671442 0.853004 0.412441 0.189148 0.082377 0.034114 0.013452 0.005057 0.001815 0.000623 0.000205 0.000065 0.000020 0.000006 0.000002 0.000001 0.000001 0.000000 0.000000 0.000000 0.000000 0.000000 0.000000 0.000000 0.000000 0.000000 0.000000 0.000000 0.000000 0.000000 0.000000 0.000000 0.000000 0.000000 0.000000 0.000000 0.000000 0.000000 0.000000 0.000000 0.000000 0.000000 
50.000000 39.387645 29.525070 21.003473 14.152671 9.022445 5.438879 3.100114 1.671443 0.853005 0.412442 0.189150 0.082378 0.034115 0.013453 0.005058 0.001817 0.000624 0.000206 0.000066 0.000021 0.000007 0.000003 0.000002 0.000002 0.000002 0.000002 0.000002 0.000002 0.000002 0.000002 0.000002 0.000002 0.000002 0.000002 0.000002 0.000002 0.000002 0.000002 0.000002 0.000002 0.000002 0.000001 0.000001 0.000001 0.000001 0.000001 0.000001 0.000000 0.000000 
50.000000 39.387646 29.525072 21.003476 14.152674 9.022448 5.438883 3.100118 1.671447 0.853009 0.412446 0.189154 0.082382 0.034119 0.013457 0.005063 0.001821 0.000628 0.000210 0.000070 0.000025 0.000011 0.000007 0.000006 0.000006 0.000006 0.000006 0.000006 0.000006 0.000006 0.000006 0.000006 0.000006 0.000006 0.000006 0.000006 0.000006 0.000006 0.000006 0.000006 0.000006 0.000005 0.000005 0.000005 0.000005 0.000004 0.000003 0.000002 0.000001 0.000000 
50.000000 39.387649 29.525078 21.003484 14.152684 9.022460 5.438895 3.100131 1.671460 0.853023 0.412460 0.189167 0.082396 0.034133 0.013471 0.005076 0.001834 0.000642 0.000224 0.000084 0.000039 0.000025 0.000021 0.000020 0.000020 0.000019 0.000019 0.000019 0.000019 0.000019 0.000019 0.000019 0.000019 0.000019 0.000019 0.000019 0.000019 0.000019 0.000019 0.000019 0.000019 0.000019 0.000018 0.000018 0.000016 0.000014 0.000012 0.000008 0.000004 0.000000 
50.000000 39.387659 29.525096 21.003510 14.152716 9.022496 5.438935 3.100173 1.671504 0.853067 0.412504 0.189212 0.082441 0.034178 0.013515 0.005121 0.001879 0.000687 0.000269 0.000129 0.000084 0.000070 0.000066 0.000065 0.000065 0.000064 0.000064 0.000064 0.000064 0.000064 0.000064 0.000064 0.000064 0.000064 0.000064 0.000064 0.000064 0.000064 0.000064 0.000064 0.000064 0.000063 0.000061 0.000059 0.000054 0.000048 0.000039 0.000028 0.000014 0.000000 
50.000000 39.387689 29.525154 21.003592 14.152817 9.022612 5.439061 3.100305 1.671639 0.853205 0.412643 0.189352 0.082581 0.034318 0.013656 0.005261 0.002020 0.000827 0.000409 0.000269 0.000224 0.000210 0.000206 0.000205 0.000205 0.000205 0.000205 0.000205 0.000205 0.000205 0.000205 0.000205 0.000205 0.000205 0.000205 0.000205 0.000204 0.000204 0.000204 0.000203 0.000202 0.000199 0.000194 0.000186 0.000172 0.000152 0.000124 0.000088 0.000046 0.000000 
50.000000 39.387778 29.525326 21.003835 14.153118 9.022956 5.439434 3.100698 1.672044 0.853616 0.413058 0.189769 0.082998 0.034736 0.014074 0.005680 0.002438 0.001246 0.000827 0.000687 0.000642 0.000628 0.000624 0.000623 0.000623 0.000623 0.000623 0.000623 0.000623 0.000623 0.000623 0.000623 0.000623 0.000623 0.000623 0.000623 0.000623 0.000622 0.000621 0.000619 0.000615 0.000607 0.000593 0.000567 0.000526 0.000464 0.000379 0.000270 0.000141 0.000000 
50.000000 39.388032 29.525817 21.004530 14.153976 9.023935 5.440499 3.101818 1.673197 0.854789 0.414241 0.190956 0.084189 0.035927 0.015266 0.006872 0.003630 0.002438 0.002020 0.001879 0.001834 0.001821 0.001817 0.001815 0.001815 0.001815 0.001815 0.001815 0.001815 0.001815 0.001815 0.001815 0.001815 0.001815 0.001815 0.001815 0.001814 0.001813 0.001811 0.001805 0.001794 0.001771 0.001728 0.001655 0.001536 0.001357 0.001109 0.000790 0.000412 0.000000 
50.000000 39.388724 29.527150 21.006417 14.156307 9.026599 5.443393 3.104863 1.676333 0.857977 0.417457 0.194186 0.087425 0.039167 0.018507 0.010113 0.006872 0.005680 0.005261 0.005121 0.005076 0.005063 0.005058 0.005057 0.005057 0.005057 0.005057 0.005057 0.005057 0.005057 0.005057 0.005057 0.005057 0.005057 0.005057 0.005056 0.005055 0.005052 0.005046 0.005031 0.004999 0.004936 0.004820 0.004618 0.004289 0.003794 0.003102 0.002211 0.001153 0.000000 
50.000000 39.390513 29.530601 21.011302 14.162343 9.033494 5.450887 3.112745 1.684453 0.866231 0.425784 0.202550 0.095806 0.047556 0.026899 0.018507 0.015266 0.014074 0.013656 0.013515 0.013471 0.013457 0.013453 0.013452 0.013451 0.013451 0.013451 0.013451 0.013451 0.013451 0.013451 0.013451 0.013451 0.013451 0.013451 0.013449 0.013446 0.013439 0.013422 0.013383 0.013302 0.013139 0.012836 0.012305 0.011440 0.010130 0.008293 0.005916 0.003087 0.000000 
50.000000 39.394914 29.539090 21.023320 14.177193 9.050460 5.469328 3.132146 1.704438 0.886549 0.446281 0.223137 0.116436 0.068205 0.047556 0.039167 0.035927 0.034736 0.034318 0.034178 0.034133 0.034119 0.034115 0.034114 0.034114 0.034114 0.034114 0.034114 0.034114 0.034114 0.034114 0.034114 0.034113 0.034113 0.034112 0.034110 0.034103 0.034085 0.034043 0.033949 0.033749 0.033349 0.032597 0.031275 0.029109 0.025809 0.021157 0.015111 0.007893 0.000000 
50.000000 39.405190 29.558911 21.051380 14.211868 9.090080 5.512394 3.177455 1.751113 0.934005 0.494155 0.271222 0.164622 0.116436 0.095806 0.087425 0.084189 0.082998 0.082581 0.082441 0.082396 0.082382 0.082378 0.082377 0.082377 0.082376 0.082376 0.082376 0.082376 0.082376 0.082376 0.082376 0.082376 0.082375 0.082373 0.082367 0.082351 0.082311 0.082215 0.081998 0.081534 0.080600 0.078836 0.075715 0.070564 0.062665 0.051458 0.036810 0.019249 0.000000 
50.000000 39.427912 29.602742 21.113435 14.288556 9.177709 5.607651 3.277680 1.854364 1.038985 0.600063 0.377599 0.271222 0.223137 0.202550 0.194186 0.190956 0.189769 0.189352 0.189212 0.189167 0.189154 0.189150 0.189148 0.189148 0.189148 0.189148 0.189148 0.189148 0.189148 0.189148 0.189148 0.189147 0.189146 0.189141 0.189128 0.189094 0.189007 0.188799 0.188327 0.187313 0.185258 0.181347 0.174375 0.162775 0.144841 0.119193 0.085434 0.044738 0.000000 
50.000000 39.475411 29.694368 21.243163 14.448885 9.360925 5.806828 3.487254 2.070277 1.258521 0.821544 0.600063 0.494155 0.446281 0.425784 0.417457 0.414241 0.413058 0.412643 0.412504 0.412460 0.412446 0.412442 0.412441 0.412441 0.412440 0.412440 0.412440 0.412440 0.412440 0.412440 0.412440 0.412439 0.412436 0.412427 0.412401 0.412332 0.412157 0.411736 0.410772 0.408687 0.404433 0.396270 0.381583 0.356908 0.318372 0.262712 0.188788 0.099046 0.000000 
50.000000 39.569086 29.875077 21.499031 14.765129 9.722333 6.199745 3.900704 2.496248 1.691652 1.258521 1.038985 0.934005 0.886549 0.866231 0.857977 0.854789 0.853616 0.853205 0.853067 0.853023 0.853009 0.853005 0.853004 0.853004 0.853004 0.853004 0.853004 0.853003 0.853003 0.853003 0.853003 0.853001 0.852995 0.852978 0.852930 0.852801 0.852471 0.851673 0.849834 0.845826 0.837577 0.821591 0.792518 0.743095 0.664942 0.550636 0.397043 0.208834 0.000000 
50.000000 39.743039 30.210658 21.974207 15.352460 10.393583 6.929556 4.668690 3.287523 2.496248 2.070277 1.854364 1.751113 1.704438 1.684453 1.676333 1.673197 1.672044 1.671639 1.671504 1.671460 1.671447 1.671443 1.671442 1.671441 1.671441 1.671441 1.671441 1.671441 1.671441 1.671441 1.671440 1.671437 1.671427 1.671397 1.671314 1.671089 1.670513 1.669106 1.665844 1.658671 1.643761 1.614536 1.560697 1.467855 1.318752 1.097154 0.794787 0.419526 0.000000 
50.000000 40.046583 30.796256 22.803433 16.377458 11.565097 8.203338 6.009159 4.668690 3.900704 3.487254 3.277680 3.177455 3.132146 3.112745 3.104863 3.101818 3.100698 3.100305 3.100173 3.100131 3.100118 3.100114 3.100113 3.100113 3.100113 3.100113 3.100113 3.100113 3.100113 3.100112 3.100111 3.100106 3.100090 3.100043 3.099910 3.099549 3.098619 3.096333 3.090984 3.079112 3.054153 3.004579 2.911850 2.749141 2.482723 2.078491 1.515440 0.804073 0.000000 
50.000000 40.543328 31.754601 24.160532 18.055027 13.482553 10.288277 8.203338 6.929556 6.199745 5.806828 5.607651 5.512394 5.469328 5.450887 5.443393 5.440499 5.439434 5.439061 5.438935 5.438895 5.438883 5.438879 5.438878 5.438878 5.438878 5.438878 5.438878 5.438878 5.438878 5.438877 5.438875 5.438867 5.438844 5.438776 5.438582 5.438053 5.436679 5.433276 5.425245 5.407227 5.368859 5.291488 5.144138 4.880077 4.437079 3.746521 2.757157 1.474527 0.000000 
50.000000 41.304244 33.222629 26.239452 20.624975 16.420118 13.482553 11.565097 10.393583 9.722333 9.360925 9.177709 9.090080 9.050460 9.033494 9.026599 9.023935 9.022956 9.022612 9.022496 9.022460 9.022448 9.022445 9.022444 9.022444 9.022444 9.022444 9.022443 9.022443 9.022443 9.022442 9.022439 9.022430 9.022400 9.022310 9.022053 9.021352 9.019517 9.014934 9.004017 8.979238 8.925728 8.815956 8.602476 8.210059 7.531373 6.435178 4.801824 2.601050 0.000000 
50.000000 42.393301 35.323774 29.215031 24.303489 20.624975 18.055027 16.377458 15.352460 14.765129 14.448885 14.288556 14.211868 14.177193 14.162343 14.156307 14.153976 14.153118 14.152817 14.152716 14.152684 14.152674 14.152671 14.152670 14.152670 14.152670 14.152670 14.152670 14.152669 14.152669 14.152668 14.152665 14.152653 14.152618 14.152514 14.152212 14.151384 14.149204 14.143715 14.130513 14.100187 14.033708 13.894735 13.617948 13.093602 12.151745 10.557651 8.047026 4.455992 0.000000 
50.000000 43.847312 38.129075 33.187906 29.215031 26.239452 24.160532 22.803433 21.974207 21.499031 21.243163 21.113435 21.051380 21.023320 21.011302 21.006417 21.004530 21.003835 21.003592 21.003510 21.003484 21.003476 21.003473 21.003473 21.003472 21.003472 21.003472 21.003472 21.003472 21.003472 21.003471 21.003468 21.003456 21.003421 21.003315 21.003009 21.002163 20.999923 20.994242 20.980451 20.948395 20.877053 20.724942 20.414011 19.804274 18.657380 16.593953 13.076795 7.540845 0.000000 
50.000000 45.655653 41.618043 38.129075 35.323774 33.222629 31.754601 30.796256 30.210658 29.875077 29.694368 29.602742 29.558911 29.539090 29.530601 29.527150 29.525817 29.525326 29.525154 29.525096 29.525078 29.525072 29.525070 29.525070 29.525070 29.525070 29.525070 29.525070 29.525070 29.525069 29.525068 29.525066 29.525056 29.525027 29.524939 29.524685 29.523979 29.522101 29.517309 29.505580 29.478034 29.415872 29.280816 28.997444 28.420805 27.276747 25.052280 20.809022 12.984923 0.000000 
50.000000 47.748340 45.655653 43.847312 42.393301 41.304244 40.543328 40.046583 39.743039 39.569086 39.475411 39.427912 39.405190 39.394914 39.390513 39.388724 39.388032 39.387778 39.387689 39.387659 39.387649 39.387646 39.387645 39.387645 39.387645 39.387645 39.387645 39.387645 39.387645 39.387645 39.387644 39.387643 39.387638 39.387621 39.387571 39.387425 39.387021 39.385941 39.383174 39.376365 39.360252 39.323513 39.242510 39.068800 38.703193 37.937309 36.306467 32.670730 23.874170 0.000000 
50.000000 50.000000 50.000000 50.000000 50.000000 50.000000 50.000000 50.000000 50.000000 50.000000 50.000000 50.000000 50.000000 50.000000 50.000000 50.000000 50.000000 50.000000 50.000000 50.000000 50.000000 50.000000 50.000000 50.000000 50.000000 50.000000 50.000000 50.000000 50.000000 50.000000 50.000000 50.000000 50.000000 50.000000 50.000000 50.000000 50.000000 50.000000 50.000000 50.000000 50.000000 50.000000 50.000000 50.000000 50.000000 50.000000 50.000000 50.000000 50.000000 50.000000 
