50.000000 50.000000 50.000000 50.000000 50.000000 50.000000 50.000000 50.000000 50.000000 50.000000 50.000000 50.000000 50.000000 50.000000 50.000000 50.000000 50.000000 50.000000 50.000000 50.000000 50.000000 50.000000 50.000000 50.000000 50.000000 50.000000 50.000000 50.000000 50.000000 50.000000 50.000000 50.000000 50.000000 50.000000 50.000000 50.000000 50.000000 50.000000 50.000000 50.000000 50.000000 50.000000 50.000000 50.000000 50.000000 50.000000 50.000000 50.000000 50.000000 50.000000 
50.000000 48.479490 47.031527 45.718286 44.583670 43.649517 42.916285 42.367315 41.975025 41.707288 41.532633 41.423648 41.358543 41.321277 41.300821 41.290043 41.284587 41.281931 41.280687 41.280126 41.279881 41.279779 41.279737 41.279721 41.279715 41.279712 41.279711 41.279710 41.279708 41.279702 41.279686 41.279646 41.279548 41.279317 41.278785 41.277599 41.275033 41.269641 41.258628 41.236738 41.194286 41.113710 40.963313 40.685333 40.171284 39.205538 37.320606 33.380265 24.239745 0.000000 
50.000000 47.031527 44.204689 41.640874 39.425792 37.602078 36.170622 35.098899 34.333062 33.810381 33.469421 33.256665 33.129570 33.056823 33.016890 32.995850 32.985199 32.980015 32.977587 32.976491 32.976014 32.975814 32.975733 32.975701 32.975689 32.975685 32.975683 32.975681 32.975676 32.975665 32.975636 32.975563 32.975384 32.974961 32.973989 32.971827 32.967160 32.957385 32.937503 32.898192 32.822501 32.680251 32.418479 31.944787 31.097309 29.588714 26.900925 22.102344 13.651262 0.000000 
50.000000 45.718286 41.640874 37.942858 34.747868 32.117396 30.052726 28.506935 27.402348 26.648483 26.156722 25.849873 25.666572 25.561655 25.504065 25.473722 25.458363 25.450887 25.447385 25.445805 25.445118 25.444829 25.444712 25.444666 25.444649 25.444642 25.444639 25.444636 25.444631 25.444616 25.444578 25.444483 25.444251 25.443703 25.442449 25.439666 25.433682 25.421210 25.395999 25.346540 25.252284 25.077563 24.762017 24.205793 23.247210 21.631038 18.971429 14.739950 8.397680 0.000000 
50.000000 44.583670 39.425792 34.747868 30.706289 27.378843 24.767143 22.811824 21.414620 20.461064 19.839053 19.450939 19.219098 19.086401 19.013564 18.975189 18.955764 18.946310 18.941882 18.939884 18.939015 18.938650 18.938502 18.938444 18.938422 18.938413 18.938410 18.938407 18.938400 18.938384 18.938343 18.938239 18.937986 18.937391 18.936032 18.933030 18.926607 18.913299 18.886600 18.834714 18.737012 18.558687 18.243086 17.701471 16.800827 15.353144 13.116830 9.837078 5.378132 0.000000 
50.000000 43.649517 37.602078 32.117396 27.378843 23.477616 20.415597 18.123170 16.485109 15.367196 14.637990 14.183001 13.911219 13.755666 13.670285 13.625303 13.602535 13.591454 13.586263 13.583921 13.582903 13.582475 13.582302 13.582234 13.582208 13.582198 13.582194 13.582191 13.582185 13.582169 13.582129 13.582028 13.581783 13.581210 13.579905 13.577037 13.570934 13.558375 13.533384 13.485309 13.395915 13.235301 12.956626 12.490217 11.738808 10.578016 8.870186 6.504768 3.478233 0.000000 
50.000000 42.916285 36.170622 30.052726 24.767143 20.415597 17.000176 14.443209 12.616154 11.369287 10.555983 10.048534 9.745424 9.571945 9.476728 9.426565 9.401176 9.388820 9.383032 9.380421 9.379285 9.378809 9.378615 9.378540 9.378511 9.378500 9.378496 9.378493 9.378487 9.378473 9.378437 9.378348 9.378133 9.377630 9.376492 9.374001 9.368732 9.357966 9.336725 9.296278 9.221997 9.090534 8.866595 8.500088 7.925380 7.065672 5.846933 4.225835 2.230952 0.000000 
50.000000 42.367315 35.098899 28.506935 22.811824 18.123170 14.443209 11.688237 9.719735 8.376365 7.500134 6.953435 6.626890 6.440003 6.337431 6.283394 6.256045 6.242736 6.236502 6.233689 6.232466 6.231952 6.231744 6.231663 6.231632 6.231620 6.231616 6.231613 6.231608 6.231597 6.231567 6.231495 6.231320 6.230914 6.229997 6.228001 6.223806 6.215294 6.198639 6.167239 6.110247 6.010779 5.844119 5.576615 5.166543 4.568738 3.744918 2.680420 1.404002 0.000000 
50.000000 41.975025 34.333062 27.402348 21.414620 16.485109 12.616154 9.719735 7.650199 6.237906 5.316738 4.742015 4.398739 4.202282 4.094460 4.037659 4.008912 3.994923 3.988371 3.985415 3.984129 3.983589 3.983371 3.983285 3.983253 3.983241 3.983236 3.983233 3.983229 3.983221 3.983198 3.983143 3.983011 3.982705 3.982018 3.980529 3.977417 3.971147 3.958978 3.936247 3.895435 3.825100 3.708956 3.525620 3.249807 2.855933 2.324785 1.652811 0.861316 0.000000 
50.000000 41.707288 33.810381 26.648483 20.461064 15.367196 11.369287 8.376365 6.237906 4.778602 3.826788 3.232956 2.878273 2.675293 2.563893 2.505209 2.475510 2.461057 2.454288 2.451235 2.449907 2.449349 2.449123 2.449035 2.449001 2.448989 2.448984 2.448982 2.448979 2.448973 2.448957 2.448918 2.448824 2.448608 2.448124 2.447083 2.444918 2.440585 2.432238 2.416781 2.389301 2.342471 2.266118 2.147291 1.971281 1.724052 1.396199 0.987880 0.513002 0.000000 
50.000000 41.532633 33.469421 26.156722 19.839053 14.637990 10.555983 7.500134 5.316738 3.826788 2.854999 2.248713 1.886599 1.679369 1.565639 1.505729 1.475410 1.460656 1.453746 1.450629 1.449273 1.448704 1.448474 1.448383 1.448349 1.448337 1.448332 1.448330 1.448328 1.448323 1.448313 1.448286 1.448224 1.448080 1.447760 1.447073 1.445653 1.442829 1.437426 1.427499 1.410007 1.380491 1.332895 1.259705 1.152681 1.004339 0.810182 0.571229 0.295895 0.000000 
50.000000 41.423648 33.256665 25.849873 19.450939 14.183001 10.048534 6.953435 4.742015 3.232956 2.248713 1.634666 1.267920 1.058043 0.942862 0.882188 0.851483 0.836541 0.829544 0.826387 0.825014 0.824438 0.824204 0.824113 0.824078 0.824066 0.824061 0.824059 0.824057 0.824055 0.824048 0.824031 0.823992 0.823901 0.823700 0.823272 0.822391 0.820647 0.817333 0.811287 0.800717 0.783037 0.754796 0.711809 0.649616 0.564339 0.453874 0.319162 0.165020 0.000000 
50.000000 41.358543 33.129570 25.666572 19.219098 13.911219 9.745424 6.626890 4.398739 2.878273 1.886599 1.267920 0.898411 0.686955 0.570908 0.509779 0.478844 0.463791 0.456741 0.453561 0.452178 0.451597 0.451362 0.451270 0.451235 0.451222 0.451218 0.451216 0.451215 0.451213 0.451209 0.451199 0.451175 0.451121 0.451002 0.450748 0.450228 0.449206 0.447273 0.443770 0.437688 0.427592 0.411596 0.387458 0.352844 0.305799 0.245362 0.172185 0.088903 0.000000 
50.000000 41.321277 33.056823 25.561655 19.086401 13.755666 9.571945 6.440003 4.202282 2.675293 1.679369 1.058043 0.686955 0.474597 0.358056 0.296667 0.265600 0.250483 0.243404 0.240210 0.238821 0.238238 0.238002 0.237909 0.237874 0.237861 0.237857 0.237855 0.237854 0.237853 0.237851 0.237845 0.237832 0.237801 0.237733 0.237590 0.237298 0.236727 0.235652 0.233716 0.230375 0.224865 0.216197 0.203213 0.184732 0.159794 0.127973 0.089663 0.046244 0.000000 
50.000000 41.300821 33.016890 25.504065 19.013564 13.670285 9.476728 6.337431 4.094460 2.563893 1.565639 0.942862 0.570908 0.358056 0.241244 0.179713 0.148574 0.133422 0.126326 0.123125 0.121733 0.121149 0.120912 0.120820 0.120784 0.120772 0.120767 0.120765 0.120765 0.120764 0.120763 0.120759 0.120752 0.120735 0.120699 0.120622 0.120466 0.120161 0.119590 0.118566 0.116810 0.113931 0.109429 0.102728 0.093248 0.080534 0.064399 0.045063 0.023222 0.000000 
50.000000 41.290043 32.995850 25.473722 18.975189 13.625303 9.426565 6.283394 4.037659 2.505209 1.505729 0.882188 0.509779 0.296667 0.179713 0.118106 0.086930 0.071760 0.064656 0.061451 0.060057 0.059472 0.059235 0.059142 0.059107 0.059094 0.059089 0.059088 0.059087 0.059087 0.059086 0.059084 0.059081 0.059072 0.059053 0.059014 0.058933 0.058778 0.058487 0.057969 0.057085 0.055642 0.053397 0.050073 0.045397 0.039157 0.031273 0.021860 0.011257 0.000000 
50.000000 41.284587 32.985199 25.458363 18.955764 13.602535 9.401176 6.256045 4.008912 2.475510 1.475410 0.851483 0.478844 0.265600 0.148574 0.086930 0.055735 0.040556 0.033447 0.030240 0.028845 0.028260 0.028023 0.027930 0.027895 0.027882 0.027877 0.027876 0.027875 0.027875 0.027875 0.027874 0.027872 0.027868 0.027858 0.027839 0.027799 0.027723 0.027582 0.027330 0.026902 0.026207 0.025132 0.023546 0.021325 0.018374 0.014659 0.010239 0.005270 0.000000 
50.000000 41.281931 32.980015 25.450887 18.946310 13.591454 9.388820 6.242736 3.994923 2.461057 1.460656 0.836541 0.463791 0.250483 0.133422 0.071760 0.040556 0.025371 0.018261 0.015053 0.013658 0.013072 0.012835 0.012742 0.012707 0.012694 0.012690 0.012688 0.012688 0.012687 0.012687 0.012687 0.012686 0.012684 0.012679 0.012670 0.012651 0.012616 0.012549 0.012432 0.012233 0.011911 0.011415 0.010687 0.009670 0.008324 0.006636 0.004631 0.002383 0.000000 
50.000000 41.280687 32.977587 25.447385 18.941882 13.586263 9.383032 6.236502 3.988371 2.454288 1.453746 0.829544 0.456741 0.243404 0.126326 0.064656 0.033447 0.018261 0.011149 0.007941 0.006545 0.005960 0.005723 0.005630 0.005595 0.005582 0.005577 0.005575 0.005575 0.005575 0.005575 0.005574 0.005574 0.005573 0.005571 0.005567 0.005558 0.005542 0.005512 0.005460 0.005371 0.005227 0.005007 0.004684 0.004235 0.003643 0.002902 0.002024 0.001041 0.000000 
50.000000 41.280126 32.976491 25.445805 18.939884 13.583921 9.380421 6.233689 3.985415 2.451235 1.450629 0.826387 0.453561 0.240210 0.123125 0.061451 0.030240 0.015053 0.007941 0.004732 0.003337 0.002751 0.002514 0.002421 0.002386 0.002373 0.002369 0.002367 0.002366 0.002366 0.002366 0.002366 0.002366 0.002365 0.002365 0.002363 0.002359 0.002352 0.002339 0.002316 0.002278 0.002216 0.002122 0.001984 0.001793 0.001541 0.001227 0.000855 0.000440 0.000000 
50.000000 41.279881 32.976015 25.445118 18.939015 13.582903 9.379285 6.232466 3.984129 2.449907 1.449273 0.825014 0.452178 0.238821 0.121733 0.060057 0.028845 0.013658 0.006545 0.003337 0.001942 0.001356 0.001119 0.001026 0.000991 0.000978 0.000973 0.000972 0.000971 0.000971 0.000971 0.000971 0.000971 0.000971 0.000970 0.000969 0.000968 0.000965 0.000960 0.000950 0.000934 0.000908 0.000869 0.000812 0.000734 0.000630 0.000502 0.000350 0.000180 0.000000 
50.000000 41.279779 32.975814 25.444829 18.938650 13.582475 9.378809 6.231953 3.983590 2.449349 1.448705 0.824438 0.451598 0.238238 0.121149 0.059472 0.028260 0.013073 0.005960 0.002752 0.001356 0.000771 0.000533 0.000441 0.000405 0.000392 0.000388 0.000386 0.000386 0.000386 0.000386 0.000385 0.000385 0.000385 0.000385 0.000385 0.000384 0.000383 0.000381 0.000377 0.000371 0.000360 0.000345 0.000322 0.000291 0.000250 0.000199 0.000138 0.000071 0.000000 
50.000000 41.279737 32.975734 25.444712 18.938502 13.582302 9.378616 6.231745 3.983371 2.449124 1.448474 0.824205 0.451363 0.238003 0.120913 0.059236 0.028024 0.012836 0.005723 0.002515 0.001120 0.000534 0.000297 0.000204 0.000169 0.000156 0.000151 0.000150 0.000149 0.000149 0.000149 0.000149 0.000149 0.000149 0.000149 0.000149 0.000148 0.000148 0.000147 0.000145 0.000143 0.000139 0.000133 0.000124 0.000112 0.000096 0.000076 0.000053 0.000027 0.000000 
50.000000 41.279721 32.975702 25.444667 18.938445 13.582236 9.378542 6.231665 3.983287 2.449037 1.448386 0.824115 0.451272 0.237912 0.120822 0.059145 0.027932 0.012745 0.005632 0.002424 0.001028 0.000443 0.000205 0.000112 0.000077 0.000064 0.000060 0.000058 0.000058 0.000057 0.000057 0.000057 0.000057 0.000057 0.000057 0.000057 0.000057 0.000057 0.000057 0.000056 0.000055 0.000054 0.000051 0.000048 0.000043 0.000037 0.000029 0.000020 0.000011 0.000000 
50.000000 41.279716 32.975692 25.444652 18.938426 13.582213 9.378517 6.231638 3.983259 2.449008 1.448356 0.824085 0.451242 0.237881 0.120791 0.059114 0.027902 0.012714 0.005601 0.002393 0.000998 0.000412 0.000175 0.000082 0.000047 0.000034 0.000029 0.000028 0.000027 0.000027 0.000027 0.000027 0.000027 0.000027 0.000027 0.000027 0.000027 0.000027 0.000026 0.000026 0.000026 0.000025 0.000024 0.000022 0.000020 0.000017 0.000014 0.000010 0.000005 0.000000 
50.000000 41.279716 32.975692 25.444652 18.938426 13.582213 9.378517 6.231638 3.983259 2.449008 1.448356 0.824085 0.451242 0.237881 0.120791 0.059114 0.027902 0.012714 0.005601 0.002393 0.000998 0.000412 0.000175 0.000082 0.000047 0.000034 0.000029 0.000028 0.000027 0.000027 0.000027 0.000027 0.000027 0.000027 0.000027 0.000027 0.000027 0.000027 0.000026 0.000026 0.000026 0.000025 0.000024 0.000022 0.000020 0.000017 0.000014 0.000010 0.000005 0.000000 
50.000000 41.279721 32.975702 25.444667 18.938445 13.582236 9.378542 6.231665 3.983287 2.449037 1.448386 0.824115 0.451272 0.237912 0.120822 0.059145 0.027932 0.012745 0.005632 0.002424 0.001028 0.000443 0.000205 0.000112 0.000077 0.000064 0.000060 0.000058 0.000058 0.000057 0.000057 0.000057 0.000057 0.000057 0.000057 0.000057 0.000057 0.000057 0.000057 0.000056 0.000055 0.000054 0.000051 0.000048 0.000043 0.000037 0.000029 0.000020 0.000011 0.000000 
50.000000 41.279737 32.975734 25.444712 18.938502 13.582302 9.378616 6.231745 3.983371 2.449124 1.448474 0.824205 0.451363 0.238003 0.120913 0.059236 0.028024 0.012836 0.005723 0.002515 0.001120 0.000534 0.000297 0.000204 0.000169 0.000156 0.000151 0.000150 0.000149 0.000149 0.000149 0.000149 0.000149 0.000149 0.000149 0.000149 0.000148 0.000148 0.000147 0.000145 0.000143 0.000139 0.000133 0.000124 0.000112 0.000096 0.000076 0.000053 0.000027 0.000000 
50.000000 41.279779 32.975814 25.444829 18.938650 13.582475 9.378809 6.231953 3.983590 2.449349 1.448705 0.824438 0.451598 0.238238 0.121149 0.059472 0.028260 0.013073 0.005960 0.002752 0.001356 0.000771 0.000533 0.000441 0.000405 0.000392 0.000388 0.000386 0.000386 0.000386 0.000386 0.000385 0.000385 0.000385 0.000385 0.000385 0.000384 0.000383 0.000381 0.000377 0.000371 0.000360 0.000345 0.000322 0.000291 0.000250 0.000199 0.000138 0.000071 0.000000 
50.000000 41.279881 32.976015 25.445118 18.939015 13.582903 9.379285 6.232466 3.984129 2.449907 1.449273 0.825014 0.452178 0.238821 0.121733 0.060057 0.028845 0.013658 0.006545 0.003337 0.001942 0.001356 0.001119 0.001026 0.000991 0.000978 0.000973 0.000972 0.000971 0.000971 0.000971 0.000971 0.000971 0.000971 0.000970 0.000969 0.000968 0.000965 0.000960 0.000950 0.000934 0.000908 0.000869 0.000812 0.000734 0.000630 0.000502 0.000350 0.000180 0.000000 
50.000000 41.280126 32.976491 25.445805 18.939884 13.583921 9.380421 6.233689 3.985415 2.451235 1.450629 0.826387 0.453561 0.240210 0.123125 0.061451 0.030240 0.015053 0.007941 0.004732 0.003337 0.002751 0.002514 0.002421 0.002386 0.002373 0.002369 0.002367 0.002366 0.002366 0.002366 0.002366 0.002366 0.002365 0.002365 0.002363 0.002359 0.002352 0.002339 0.002316 0.002278 0.002216 0.002122 0.001984 0.001793 0.001541 0.001227 0.000855 0.000440 0.000000 
50.000000 41.280687 32.977587 25.447385 18.941882 13.586263 9.383032 6.236502 3.988371 2.454288 1.453746 0.829544 0.456741 0.243404 0.126326 0.064656 0.033447 0.018261 0.011149 0.007941 0.006545 0.005960 0.005723 0.005630 0.005595 0.005582 0.005577 0.005575 0.005575 0.005575 0.005575 0.005574 0.005574 0.005573 0.005571 0.005567 0.005558 0.005542 0.005512 0.005460 0.005371 0.005227 0.005007 0.004684 0.004235 0.003643 0.002902 0.002024 0.001041 0.000000 
50.000000 41.281931 32.980015 25.450887 18.946310 13.591454 9.388820 6.242736 3.994923 2.461057 1.460656 0.836541 0.463791 0.250483 0.133422 0.071760 0.040556 0.025371 0.018261 0.015053 0.013658 0.013072 0.012835 0.012742 0.012707 0.012694 0.012690 0.012688 0.012688 0.012687 0.012687 0.012687 0.012686 0.012684 0.012679 0.012670 0.012651 0.012616 0.012549 0.012432 0.012233 0.011911 0.011415 0.010687 0.009670 0.008324 0.006636 0.004631 0.002383 0.000000 
50.000000 41.284587 32.985199 25.458363 18.955764 13.602535 9.401176 6.256045 4.008912 2.475510 1.475410 0.851483 0.478844 0.265600 0.148574 0.086930 0.055735 0.040556 0.033447 0.030240 0.028845 0.028260 0.028023 0.027930 0.027895 0.027882 0.027877 0.027876 0.027875 0.027875 0.027875 0.027874 0.027872 0.027868 0.027858 0.027839 0.027799 0.027723 0.027582 0.027330 0.026902 0.026207 0.025132 0.023546 0.021325 0.018374 0.014659 0.010239 0.005270 0.000000 
50.000000 41.290043 32.995850 25.473722 18.975189 13.625303 9.426565 6.283394 4.037659 2.505209 1.505729 0.882188 0.509779 0.296667 0.179713 0.118106 0.086930 0.071760 0.064656 0.061451 0.060057 0.059472 0.059235 0.059142 0.059107 0.059094 0.059089 0.059088 0.059087 0.059087 0.059086 0.059084 0.059081 0.059072 0.059053 0.059014 0.058933 0.058778 0.058487 0.057969 0.057085 0.055642 0.053397 0.050073 0.045397 0.039157 0.031273 0.021860 0.011257 0.000000 
50.000000 41.300821 33.016890 25.504065 19.013564 13.670285 9.476728 6.337431 4.094460 2.563893 1.565639 0.942862 0.570908 0.358056 0.241244 0.179713 0.148574 0.133422 0.126326 0.123125 0.121733 0.121149 0.120912 0.120820 0.120784 0.120772 0.120767 0.120765 0.120765 0.120764 0.120763 0.120759 0.120752 0.120735 0.120699 0.120622 0.120466 0.120161 0.119590 0.118566 0.116810 0.113931 0.109429 0.102728 0.093248 0.080534 0.064399 0.045063 0.023222 0.000000 
50.000000 41.321277 33.056823 25.561655 19.086401 13.755666 9.571945 6.440003 4.202282 2.675293 1.679369 1.058043 0.686955 0.474597 0.358056 0.296667 0.265600 0.250483 0.243404 0.240210 0.238821 0.238238 0.238002 0.237909 0.237874 0.237861 0.237857 0.237855 0.237854 0.237853 0.237851 0.237845 0.237832 0.237801 0.237733 0.237590 0.237298 0.236727 0.235652 0.233716 0.230375 0.224865 0.216197 0.203213 0.184732 0.159794 0.127973 0.089663 0.046244 0.000000 
50.000000 41.358543 33.129570 25.666572 19.219098 13.911219 9.745424 6.626890 4.398739 2.878273 1.886599 1.267920 0.898411 0.686955 0.570908 0.509779 0.478844 0.463791 0.456741 0.453561 0.452178 0.451597 0.451362 0.451270 0.451235 0.451222 0.451218 0.451216 0.451215 0.451213 0.451209 0.451199 0.451175 0.451121 0.451002 0.450748 0.450228 0.449206 0.447273 0.443770 0.437688 0.427592 0.411596 0.387458 0.352844 0.305799 0.245362 0.172185 0.088903 0.000000 
50.000000 41.423648 33.256665 25.849873 19.450939 14.183001 10.048534 6.953435 4.742015 3.232956 2.248713 1.634666 1.267920 1.058043 0.942862 0.882188 0.851483 0.836541 0.829544 0.826387 0.825014 0.824438 0.824204 0.824113 0.824078 0.824066 0.824061 0.824059 0.824057 0.824055 0.824048 0.824031 0.823992 0.823901 0.823700 0.823272 0.822391 0.820647 0.817333 0.811287 0.800717 0.783037 0.754796 0.711809 0.649616 0.564339 0.453874 0.319162 0.165020 0.000000 
50.000000 41.532633 33.469421 26.156722 19.839053 14.637990 10.555983 7.500134 5.316738 3.826788 2.854999 2.248713 1.886599 1.679369 1.565639 1.505729 1.475410 1.460656 1.453746 1.450629 1.449273 1.448704 1.448474 1.448383 1.448349 1.448337 1.448332 1.448330 1.448328 1.448323 1.448313 1.448286 1.448224 1.448080 1.447760 1.447073 1.445653 1.442829 1.437426 1.427499 1.410007 1.380491 1.332895 1.259705 1.152681 1.004339 0.810182 0.571229 0.295895 0.000000 
50.000000 41.707288 33.810381 26.648483 20.461064 15.367196 11.369287 8.376365 6.237906 4.778602 3.826788 3.232956 2.878273 2.675293 2.563893 2.505209 2.475510 2.461057 2.454288 2.451235 2.449907 2.449349 2.449123 2.449035 2.449001 2.448989 2.448984 2.448982 2.448979 2.448973 2.448957 2.448918 2.448824 2.448608 2.448124 2.447083 2.444918 2.440585 2.432238 2.416781 2.389301 2.342471 2.266118 2.147291 1.971281 1.724052 1.396199 0.987880 0.513002 0.000000 
50.000000 41.975025 34.333062 27.402348 21.414620 16.485109 12.616154 9.719735 7.650199 6.237906 5.316738 4.742015 4.398739 4.202282 4.094460 4.037659 4.008912 3.994923 3.988371 3.985415 3.984129 3.983589 3.983371 3.983285 3.983253 3.983241 3.983236 3.983233 3.983229 3.983221 3.983198 3.983143 3.983011 3.982705 3.982018 3.980529 3.977417 3.971147 3.958978 3.936247 3.895435 3.825100 3.708956 3.525620 3.249807 2.855933 2.324785 1.652811 0.861316 0.000000 
50.000000 42.367315 35.098899 28.506935 22.811824 18.123170 14.443209 11.688237 9.719735 8.376365 7.500134 6.953435 6.626890 6.440003 6.337431 6.283394 6.256045 6.242736 6.236502 6.233689 6.232466 6.231952 6.231744 6.231663 6.231632 6.231620 6.231616 6.231613 6.231608 6.231597 6.231567 6.231495 6.231320 6.230914 6.229997 6.228001 6.223806 6.215294 6.198639 6.167239 6.110247 6.010779 5.844119 5.576615 5.166543 4.568738 3.744918 2.680420 1.404002 0.000000 
50.000000 42.916285 36.170622 30.052726 24.767143 20.415597 17.000176 14.443209 12.616154 11.369287 10.555983 10.048534 9.745424 9.571945 9.476728 9.426565 9.401176 9.388820 9.383032 9.380421 9.379285 9.378809 9.378615 9.378540 9.378511 9.378500 9.378496 9.378493 9.378487 9.378473 9.378437 9.378348 9.378133 9.377630 9.376492 9.374001 9.368732 9.357966 9.336725 9.296278 9.221997 9.090534 8.866595 8.500088 7.925380 7.065672 5.846933 4.225835 2.230952 0.000000 
50.000000 43.649517 37.602078 32.117396 27.378843 23.477616 20.415597 18.123170 16.485109 15.367196 14.637990 14.183001 13.911219 13.755666 13.670285 13.625303 13.602535 13.591454 13.586263 13.583921 13.582903 13.582475 13.582302 13.582234 13.582208 13.582198 13.582194 13.582191 13.582185 13.582169 13.582129 13.582028 13.581783 13.581210 13.579905 13.577037 13.570934 13.558375 13.533384 13.485309 13.395915 13.235301 12.956626 12.490217 11.738808 10.578016 8.870186 6.504768 3.478233 0.000000 
50.000000 44.583670 39.425792 34.747868 30.706289 27.378843 24.767143 22.811824 21.414620 20.461064 19.839053 19.450939 19.219098 19.086401 19.013564 18.975189 18.955764 18.946310 18.941882 18.939884 18.939015 18.938650 18.938502 18.938444 18.938422 18.938413 18.938410 18.938407 18.938400 18.938384 18.938343 18.938239 18.937986 18.937391 18.936032 18.933030 18.926607 18.913299 18.886600 18.834714 18.737012 18.558687 18.243086 17.701471 16.800827 15.353144 13.116830 9.837078 5.378132 0.000000 
50.000000 45.718286 41.640874 37.942858 34.747868 32.117396 30.052726 28.506935 27.402348 26.648483 26.156722 25.849873 25.666572 25.561655 25.504065 25.473722 25.458363 25.450887 25.447385 25.445805 25.445118 25.444829 25.444712 25.444666 25.444649 25.444642 25.444639 25.444636 25.444631 25.444616 25.444578 25.444483 25.444251 25.443703 25.442449 25.439666 25.433682 25.421210 25.395999 25.346540 25.252284 25.077563 24.762017 24.205793 23.247210 21.631038 18.971429 14.739950 8.397680 0.000000 
50.000000 47.031527 44.204689 41.640874 39.425792 37.602078 36.170622 35.098899 34.333062 33.810381 33.469421 33.256665 33.129570 33.056823 33.016890 32.995850 32.985199 32.980015 32.977587 32.976491 32.976014 32.975814 32.975733 32.975701 32.975689 32.975685 32.975683 32.975681 32.975676 32.975665 32.975636 32.975563 32.975384 32.974961 32.973989 32.971827 32.967160 32.957385 32.937503 32.898192 32.822501 32.680251 32.418479 31.944787 31.097309 29.588714 26.900925 22.102344 13.651262 0.000000 
50.000000 48.479490 47.031527 45.718286 44.583670 43.649517 42.916285 42.367315 41.975025 41.707288 41.532633 41.423648 41.358543 41.321277 41.300821 41.290043 41.284587 41.281931 41.280687 41.280126 41.279881 41.279779 41.279737 41.279721 41.279715 41.279712 41.279711 41.279710 41.279708 41.279702 41.279686 41.279646 41.279548 41.279317 41.278785 41.277599 41.275033 41.269641 41.258628 41.236738 41.194286 41.113710 40.963313 40.685333 40.171284 39.205538 37.320606 33.380265 24.239745 0.000000 
50.000000 50.000000 50.000000 50.000000 50.000000 50.000000 50.000000 50.000000 50.000000 50.000000 50.000000 50.000000 50.000000 50.000000 50.000000 50.000000 50.000000 50.000000 50.000000 50.000000 50.000000 50.000000 50.000000 50.000000 50.000000 50.000000 50.000000 50.000000 50.000000 50.000000 50.000000 50.000000 50.000000 50.000000 50.000000 50.000000 50.000000 50.000000 50.000000 50.000000 50.000000 50.000000 50.000000 50.000000 50.000000 50.000000 50.000000 50.000000 50.000000 50.000000 
