50.000000 50.000000 50.000000 50.000000 50.000000 50.000000 50.000000 50.000000 50.000000 50.000000 50.000000 50.000000 50.000000 50.000000 50.000000 50.000000 50.000000 50.000000 50.000000 50.000000 50.000000 50.000000 50.000000 50.000000 50.000000 50.000000 50.000000 50.000000 50.000000 50.000000 50.000000 50.000000 50.000000 50.000000 50.000000 50.000000 50.000000 50.000000 50.000000 50.000000 50.000000 50.000000 50.000000 50.000000 50.000000 50.000000 50.000000 50.000000 50.000000 50.000000 
50.000000 45.455618 41.556642 38.675288 36.828704 35.793746 35.281892 35.056538 34.967478 34.935644 34.925281 34.922190 34.921340 34.921124 34.921072 34.921061 34.921059 34.921058 34.921058 34.921058 34.921058 34.921058 34.921058 34.921058 34.921058 34.921058 34.921058 34.921058 34.921058 34.921058 34.921058 34.921058 34.921058 34.921058 34.921058 34.921057 34.921054 34.921040 34.920976 34.920706 34.919647 34.915753 34.902346 34.859118 34.728098 34.351962 33.314522 30.499818 22.727809 0.000000 
50.000000 41.556642 34.312680 28.959724 25.529472 23.607136 22.656542 22.238086 22.072741 22.013648 21.994415 21.988679 21.987102 21.986701 21.986606 21.986585 21.986580 21.986579 21.986579 21.986579 21.986579 21.986579 21.986579 21.986579 21.986579 21.986579 21.986579 21.986579 21.986579 21.986579 21.986579 21.986579 21.986579 21.986579 21.986579 21.986578 21.986574 21.986552 21.986455 21.986054 21.984490 21.978800 21.959525 21.898787 21.720954 21.237293 20.015453 17.156340 11.056823 0.000000 
50.000000 38.675288 28.959724 21.781002 17.181351 14.604079 13.329851 12.769043 12.547498 12.468339 12.442581 12.434900 12.432790 12.432253 12.432126 12.432098 12.432092 12.432091 12.432091 12.432090 12.432090 12.432090 12.432090 12.432090 12.432090 12.432090 12.432090 12.432090 12.432090 12.432090 12.432090 12.432090 12.432090 12.432090 12.432090 12.432089 12.432085 12.432064 12.431973 12.431597 12.430144 12.424930 12.407576 12.354209 12.203191 11.811915 10.890501 8.944271 5.360767 0.000000 
50.000000 36.828704 25.529472 17.181351 11.833111 8.836867 7.355770 6.704050 6.446647 6.354697 6.324785 6.315867 6.313418 6.312795 6.312647 6.312615 6.312608 6.312607 6.312607 6.312607 6.312607 6.312607 6.312607 6.312607 6.312607 6.312607 6.312607 6.312607 6.312607 6.312607 6.312607 6.312607 6.312607 6.312606 6.312606 6.312606 6.312603 6.312588 6.312522 6.312253 6.311227 6.307590 6.295689 6.259891 6.161532 5.916556 5.369436 4.292179 2.476742 0.000000 
50.000000 35.793746 23.607136 14.604079 8.836867 5.606331 4.009664 3.307210 3.029821 2.930751 2.898529 2.888925 2.886288 2.885617 2.885458 2.885423 2.885416 2.885414 2.885414 2.885414 2.885414 2.885414 2.885414 2.885414 2.885414 2.885414 2.885414 2.885414 2.885414 2.885414 2.885414 2.885414 2.885414 2.885414 2.885414 2.885414 2.885412 2.885403 2.885365 2.885208 2.884616 2.882541 2.875852 2.856110 2.803166 2.675335 2.400888 1.886182 1.065649 0.000000 
50.000000 35.281892 22.656542 13.329851 7.355770 4.009664 2.356055 1.628636 1.341425 1.238861 1.205507 1.195568 1.192838 1.192144 1.191980 1.191944 1.191936 1.191935 1.191935 1.191935 1.191935 1.191935 1.191935 1.191935 1.191935 1.191935 1.191935 1.191935 1.191935 1.191935 1.191935 1.191935 1.191935 1.191935 1.191935 1.191934 1.191933 1.191929 1.191910 1.191833 1.191542 1.190537 1.187334 1.178028 1.153554 1.095879 0.975642 0.757755 0.422774 0.000000 
50.000000 35.056538 22.238086 12.769043 6.704050 3.307210 1.628636 0.890287 0.598782 0.494694 0.460846 0.450761 0.447992 0.447287 0.447121 0.447084 0.447077 0.447075 0.447075 0.447075 0.447075 0.447075 0.447075 0.447075 0.447075 0.447075 0.447075 0.447075 0.447075 0.447075 0.447075 0.447075 0.447075 0.447075 0.447075 0.447075 0.447074 0.447072 0.447064 0.447031 0.446907 0.446482 0.445143 0.441302 0.431358 0.408361 0.361468 0.278561 0.154192 0.000000 
50.000000 34.967478 22.072741 12.547498 6.446647 3.029821 1.341425 0.598782 0.305593 0.200908 0.166868 0.156726 0.153941 0.153233 0.153065 0.153028 0.153021 0.153019 0.153019 0.153019 0.153019 0.153019 0.153019 0.153019 0.153019 0.153019 0.153019 0.153019 0.153019 0.153019 0.153019 0.153019 0.153019 0.153019 0.153019 0.153019 0.153019 0.153018 0.153015 0.153002 0.152956 0.152797 0.152299 0.150888 0.147279 0.139056 0.122568 0.093940 0.051726 0.000000 
50.000000 34.935644 22.013648 12.468339 6.354697 2.930751 1.238861 0.494694 0.200908 0.096012 0.061904 0.051741 0.048951 0.048242 0.048074 0.048037 0.048029 0.048028 0.048027 0.048027 0.048027 0.048027 0.048027 0.048027 0.048027 0.048027 0.048027 0.048027 0.048027 0.048027 0.048027 0.048027 0.048027 0.048027 0.048027 0.048027 0.048027 0.048027 0.048026 0.048022 0.048006 0.047952 0.047786 0.047319 0.046136 0.043471 0.038195 0.029159 0.015997 0.000000 
50.000000 34.925281 21.994415 12.442581 6.324785 2.898529 1.205507 0.460846 0.166868 0.061904 0.027774 0.017605 0.014813 0.014103 0.013935 0.013898 0.013891 0.013889 0.013889 0.013889 0.013889 0.013889 0.013889 0.013889 0.013889 0.013889 0.013889 0.013889 0.013889 0.013889 0.013889 0.013889 0.013889 0.013889 0.013889 0.013889 0.013889 0.013889 0.013888 0.013887 0.013882 0.013866 0.013815 0.013675 0.013321 0.012531 0.010984 0.008361 0.004575 0.000000 
50.000000 34.922190 21.988679 12.434900 6.315867 2.888925 1.195568 0.450761 0.156726 0.051741 0.017605 0.007434 0.004641 0.003932 0.003764 0.003727 0.003719 0.003717 0.003717 0.003717 0.003717 0.003717 0.003717 0.003717 0.003717 0.003717 0.003717 0.003717 0.003717 0.003717 0.003717 0.003717 0.003717 0.003717 0.003717 0.003717 0.003717 0.003717 0.003717 0.003717 0.003715 0.003711 0.003697 0.003658 0.003561 0.003345 0.002927 0.002223 0.001214 0.000000 
50.000000 34.921340 21.987102 12.432790 6.313418 2.886288 1.192838 0.447992 0.153941 0.048951 0.014813 0.004641 0.001849 0.001139 0.000971 0.000934 0.000926 0.000925 0.000925 0.000924 0.000924 0.000924 0.000924 0.000924 0.000924 0.000924 0.000924 0.000924 0.000924 0.000924 0.000924 0.000924 0.000924 0.000924 0.000924 0.000924 0.000924 0.000924 0.000924 0.000924 0.000924 0.000923 0.000919 0.000909 0.000885 0.000830 0.000726 0.000550 0.000300 0.000000 
50.000000 34.921124 21.986701 12.432253 6.312795 2.885617 1.192144 0.447287 0.153233 0.048242 0.014103 0.003932 0.001139 0.000429 0.000261 0.000224 0.000216 0.000215 0.000215 0.000214 0.000214 0.000214 0.000214 0.000214 0.000214 0.000214 0.000214 0.000214 0.000214 0.000214 0.000214 0.000214 0.000214 0.000214 0.000214 0.000214 0.000214 0.000214 0.000214 0.000214 0.000214 0.000214 0.000213 0.000211 0.000205 0.000192 0.000168 0.000127 0.000069 0.000000 
50.000000 34.921072 21.986606 12.432126 6.312647 2.885458 1.191980 0.447121 0.153065 0.048074 0.013935 0.003764 0.000971 0.000261 0.000093 0.000056 0.000048 0.000047 0.000047 0.000047 0.000047 0.000047 0.000047 0.000047 0.000047 0.000047 0.000047 0.000047 0.000047 0.000047 0.000047 0.000047 0.000047 0.000047 0.000047 0.000047 0.000047 0.000047 0.000047 0.000047 0.000047 0.000046 0.000046 0.000046 0.000045 0.000042 0.000036 0.000028 0.000015 0.000000 
50.000000 34.921061 21.986585 12.432098 6.312615 2.885423 1.191944 0.447084 0.153028 0.048037 0.013898 0.003727 0.000934 0.000224 0.000056 0.000019 0.000011 0.000010 0.000010 0.000010 0.000010 0.000010 0.000010 0.000010 0.000010 0.000010 0.000010 0.000010 0.000010 0.000010 0.000010 0.000010 0.000010 0.000010 0.000010 0.000010 0.000010 0.000010 0.000010 0.000010 0.000009 0.000009 0.000009 0.000009 0.000009 0.000009 0.000007 0.000006 0.000003 0.000000 
50.000000 34.921059 21.986580 12.432092 6.312608 2.885416 1.191936 0.447077 0.153021 0.048029 0.013891 0.003719 0.000926 0.000216 0.000048 0.000011 0.000004 0.000002 0.000002 0.000002 0.000002 0.000002 0.000002 0.000002 0.000002 0.000002 0.000002 0.000002 0.000002 0.000002 0.000002 0.000002 0.000002 0.000002 0.000002 0.000002 0.000002 0.000002 0.000002 0.000002 0.000002 0.000002 0.000002 0.000002 0.000002 0.000002 0.000001 0.000001 0.000001 0.000000 
50.000000 34.921058 21.986579 12.432091 6.312607 2.885414 1.191935 0.447075 0.153019 0.048028 0.013889 0.003717 0.000925 0.000215 0.000047 0.000010 0.000002 0.000001 0.000000 0.000000 0.000000 0.000000 0.000000 0.000000 0.000000 0.000000 0.000000 0.000000 0.000000 0.000000 0.000000 0.000000 0.000000 0.000000 0.000000 0.000000 0.000000 0.000000 0.000000 0.000000 0.000000 0.000000 0.000000 0.000000 0.000000 0.000000 0.000000 0.000000 0.000000 0.000000 
50.000000 34.921058 21.986579 12.432091 6.312607 2.885414 1.191935 0.447075 0.153019 0.048027 0.013889 0.003717 0.000925 0.000215 0.000047 0.000010 0.000002 0.000000 0.000000 0.000000 0.000000 0.000000 0.000000 0.000000 0.000000 0.000000 0.000000 0.000000 0.000000 0.000000 0.000000 0.000000 0.000000 0.000000 0.000000 0.000000 0.000000 0.000000 0.000000 0.000000 0.000000 0.000000 0.000000 0.000000 0.000000 0.000000 0.000000 0.000000 0.000000 0.000000 
50.000000 34.921058 21.986579 12.432090 6.312607 2.885414 1.191935 0.447075 0.153019 0.048027 0.013889 0.003717 0.000924 0.000214 0.000047 0.000010 0.000002 0.000000 0.000000 0.000000 0.000000 0.000000 0.000000 0.000000 0.000000 0.000000 0.000000 0.000000 0.000000 0.000000 0.000000 0.000000 0.000000 0.000000 0.000000 0.000000 0.000000 0.000000 0.000000 0.000000 0.000000 0.000000 0.000000 0.000000 0.000000 0.000000 0.000000 0.000000 0.000000 0.000000 
50.000000 34.921058 21.986579 12.432090 6.312607 2.885414 1.191935 0.447075 0.153019 0.048027 0.013889 0.003717 0.000924 0.000214 0.000047 0.000010 0.000002 0.000000 0.000000 0.000000 0.000000 0.000000 0.000000 0.000000 0.000000 0.000000 0.000000 0.000000 0.000000 0.000000 0.000000 0.000000 0.000000 0.000000 0.000000 0.000000 0.000000 0.000000 0.000000 0.000000 0.000000 0.000000 0.000000 0.000000 0.000000 0.000000 0.000000 0.000000 0.000000 0.000000 
50.000000 34.921058 21.986579 12.432090 6.312607 2.885414 1.191935 0.447075 0.153019 0.048027 0.013889 0.003717 0.000924 0.000214 0.000047 0.000010 0.000002 0.000000 0.000000 0.000000 0.000000 0.000000 0.000000 0.000000 0.000000 0.000000 0.000000 0.000000 0.000000 0.000000 0.000000 0.000000 0.000000 0.000000 0.000000 0.000000 0.000000 0.000000 0.000000 0.000000 0.000000 0.000000 0.000000 0.000000 0.000000 0.000000 0.000000 0.000000 0.000000 0.000000 
50.000000 34.921058 21.986579 12.432090 6.312607 2.885414 1.191935 0.447075 0.153019 0.048027 0.013889 0.003717 0.000924 0.000214 0.000047 0.000010 0.000002 0.000000 0.000000 0.000000 0.000000 0.000000 0.000000 0.000000 0.000000 0.000000 0.000000 0.000000 0.000000 0.000000 0.000000 0.000000 0.000000 0.000000 0.000000 0.000000 0.000000 0.000000 0.000000 0.000000 0.000000 0.000000 0.000000 0.000000 0.000000 0.000000 0.000000 0.000000 0.000000 0.000000 
50.000000 34.921058 21.986579 12.432090 6.312607 2.885414 1.191935 0.447075 0.153019 0.048027 0.013889 0.003717 0.000924 0.000214 0.000047 0.000010 0.000002 0.000000 0.000000 0.000000 0.000000 0.000000 0.000000 0.000000 0.000000 0.000000 0.000000 0.000000 0.000000 0.000000 0.000000 0.000000 0.000000 0.000000 0.000000 0.000000 0.000000 0.000000 0.000000 0.000000 0.000000 0.000000 0.000000 0.000000 0.000000 0.000000 0.000000 0.000000 0.000000 0.000000 
50.000000 34.921058 21.986579 12.432090 6.312607 2.885414 1.191935 0.447075 0.153019 0.048027 0.013889 0.003717 0.000924 0.000214 0.000047 0.000010 0.000002 0.000000 0.000000 0.000000 0.000000 0.000000 0.000000 0.000000 0.000000 0.000000 0.000000 0.000000 0.000000 0.000000 0.000000 0.000000 0.000000 0.000000 0.000000 0.000000 0.000000 0.000000 0.000000 0.000000 0.000000 0.000000 0.000000 0.000000 0.000000 0.000000 0.000000 0.000000 0.000000 0.000000 
50.000000 34.921058 21.986579 12.432090 6.312607 2.885414 1.191935 0.447075 0.153019 0.048027 0.013889 0.003717 0.000924 0.000214 0.000047 0.000010 0.000002 0.000000 0.000000 0.000000 0.000000 0.000000 0.000000 0.000000 0.000000 0.000000 0.000000 0.000000 0.000000 0.000000 0.000000 0.000000 0.000000 0.000000 0.000000 0.000000 0.000000 0.000000 0.000000 0.000000 0.000000 0.000000 0.000000 0.000000 0.000000 0.000000 0.000000 0.000000 0.000000 0.000000 
50.000000 34.921058 21.986579 12.432090 6.312607 2.885414 1.191935 0.447075 0.153019 0.048027 0.013889 0.003717 0.000924 0.000214 0.000047 0.000010 0.000002 0.000000 0.000000 0.000000 0.000000 0.000000 0.000000 0.000000 0.000000 0.000000 0.000000 0.000000 0.000000 0.000000 0.000000 0.000000 0.000000 0.000000 0.000000 0.000000 0.000000 0.000000 0.000000 0.000000 0.000000 0.000000 0.000000 0.000000 0.000000 0.000000 0.000000 0.000000 0.000000 0.000000 
50.000000 34.921058 21.986579 12.432090 6.312607 2.885414 1.191935 0.447075 0.153019 0.048027 0.013889 0.003717 0.000924 0.000214 0.000047 0.000010 0.000002 0.000000 0.000000 0.000000 0.000000 0.000000 0.000000 0.000000 0.000000 0.000000 0.000000 0.000000 0.000000 0.000000 0.000000 0.000000 0.000000 0.000000 0.000000 0.000000 0.000000 0.000000 0.000000 0.000000 0.000000 0.000000 0.000000 0.000000 0.000000 0.000000 0.000000 0.000000 0.000000 0.000000 
50.000000 34.921058 21.986579 12.432090 6.312607 2.885414 1.191935 0.447075 0.153019 0.048027 0.013889 0.003717 0.000924 0.000214 0.000047 0.000010 0.000002 0.000000 0.000000 0.000000 0.000000 0.000000 0.000000 0.000000 0.000000 0.000000 0.000000 0.000000 0.000000 0.000000 0.000000 0.000000 0.000000 0.000000 0.000000 0.000000 0.000000 0.000000 0.000000 0.000000 0.000000 0.000000 0.000000 0.000000 0.000000 0.000000 0.000000 0.000000 0.000000 0.000000 
50.000000 34.921058 21.986579 12.432090 6.312607 2.885414 1.191935 0.447075 0.153019 0.048027 0.013889 0.003717 0.000924 0.000214 0.000047 0.000010 0.000002 0.000000 0.000000 0.000000 0.000000 0.000000 0.000000 0.000000 0.000000 0.000000 0.000000 0.000000 0.000000 0.000000 0.000000 0.000000 0.000000 0.000000 0.000000 0.000000 0.000000 0.000000 0.000000 0.000000 0.000000 0.000000 0.000000 0.000000 0.000000 0.000000 0.000000 0.000000 0.000000 0.000000 
50.000000 34.921058 21.986579 12.432090 6.312607 2.885414 1.191935 0.447075 0.153019 0.048027 0.013889 0.003717 0.000924 0.000214 0.000047 0.000010 0.000002 0.000000 0.000000 0.000000 0.000000 0.000000 0.000000 0.000000 0.000000 0.000000 0.000000 0.000000 0.000000 0.000000 0.000000 0.000000 0.000000 0.000000 0.000000 0.000000 0.000000 0.000000 0.000000 0.000000 0.000000 0.000000 0.000000 0.000000 0.000000 0.000000 0.000000 0.000000 0.000000 0.000000 
50.000000 34.921058 21.986579 12.432091 6.312607 2.885414 1.191935 0.447075 0.153019 0.048027 0.013889 0.003717 0.000925 0.000215 0.000047 0.000010 0.000002 0.000000 0.000000 0.000000 0.000000 0.000000 0.000000 0.000000 0.000000 0.000000 0.000000 0.000000 0.000000 0.000000 0.000000 0.000000 0.000000 0.000000 0.000000 0.000000 0.000000 0.000000 0.000000 0.000000 0.000000 0.000000 0.000000 0.000000 0.000000 0.000000 0.000000 0.000000 0.000000 0.000000 
50.000000 34.921058 21.986579 12.432091 6.312607 2.885414 1.191935 0.447075 0.153019 0.048028 0.013889 0.003717 0.000925 0.000215 0.000047 0.000010 0.000002 0.000001 0.000000 0.000000 0.000000 0.000000 0.000000 0.000000 0.000000 0.000000 0.000000 0.000000 0.000000 0.000000 0.000000 0.000000 0.000000 0.000000 0.000000 0.000000 0.000000 0.000000 0.000000 0.000000 0.000000 0.000000 0.000000 0.000000 0.000000 0.000000 0.000000 0.000000 0.000000 0.000000 
50.000000 34.921059 21.986580 12.432092 6.312608 2.885416 1.191936 0.447077 0.153021 0.048029 0.013891 0.003719 0.000926 0.000216 0.000048 0.000011 0.000004 0.000002 0.000002 0.000002 0.000002 0.000002 0.000002 0.000002 0.000002 0.000002 0.000002 0.000002 0.000002 0.000002 0.000002 0.000002 0.000002 0.000002 0.000002 0.000002 0.000002 0.000002 0.000002 0.000002 0.000002 0.000002 0.000002 0.000002 0.000002 0.000002 0.000001 0.000001 0.000001 0.000000 
50.000000 34.921061 21.986585 12.432098 6.312615 2.885423 1.191944 0.447084 0.153028 0.048037 0.013898 0.003727 0.000934 0.000224 0.000056 0.000019 0.000011 0.000010 0.000010 0.000010 0.000010 0.000010 0.000010 0.000010 0.000010 0.000010 0.000010 0.000010 0.000010 0.000010 0.000010 0.000010 0.000010 0.000010 0.000010 0.000010 0.000010 0.000010 0.000010 0.000010 0.000009 0.000009 0.000009 0.000009 0.000009 0.000009 0.000007 0.000006 0.000003 0.000000 
50.000000 34.921072 21.986606 12.432126 6.312647 2.885458 1.191980 0.447121 0.153065 0.048074 0.013935 0.003764 0.000971 0.000261 0.000093 0.000056 0.000048 0.000047 0.000047 0.000047 0.000047 0.000047 0.000047 0.000047 0.000047 0.000047 0.000047 0.000047 0.000047 0.000047 0.000047 0.000047 0.000047 0.000047 0.000047 0.000047 0.000047 0.000047 0.000047 0.000047 0.000047 0.000046 0.000046 0.000046 0.000045 0.000042 0.000036 0.000028 0.000015 0.000000 
50.000000 34.921124 21.986701 12.432253 6.312795 2.885617 1.192144 0.447287 0.153233 0.048242 0.014103 0.003932 0.001139 0.000429 0.000261 0.000224 0.000216 0.000215 0.000215 0.000214 0.000214 0.000214 0.000214 0.000214 0.000214 0.000214 0.000214 0.000214 0.000214 0.000214 0.000214 0.000214 0.000214 0.000214 0.000214 0.000214 0.000214 0.000214 0.000214 0.000214 0.000214 0.000214 0.000213 0.000211 0.000205 0.000192 0.000168 0.000127 0.000069 0.000000 
50.000000 34.921340 21.987102 12.432790 6.313418 2.886288 1.192838 0.447992 0.153941 0.048951 0.014813 0.004641 0.001849 0.001139 0.000971 0.000934 0.000926 0.000925 0.000925 0.000924 0.000924 0.000924 0.000924 0.000924 0.000924 0.000924 0.000924 0.000924 0.000924 0.000924 0.000924 0.000924 0.000924 0.000924 0.000924 0.000924 0.000924 0.000924 0.000924 0.000924 0.000924 0.000923 0.000919 0.000909 0.000885 0.000830 0.000726 0.000550 0.000300 0.000000 
50.000000 34.922190 21.988679 12.434900 6.315867 2.888925 1.195568 0.450761 0.156726 0.051741 0.017605 0.007434 0.004641 0.003932 0.003764 0.003727 0.003719 0.003717 0.003717 0.003717 0.003717 0.003717 0.003717 0.003717 0.003717 0.003717 0.003717 0.003717 0.003717 0.003717 0.003717 0.003717 0.003717 0.003717 0.003717 0.003717 0.003717 0.003717 0.003717 0.003717 0.003715 0.003711 0.003697 0.003658 0.003561 0.003345 0.002927 0.002223 0.001214 0.000000 
50.000000 34.925281 21.994415 12.442581 6.324785 2.898529 1.205507 0.460846 0.166868 0.061904 0.027774 0.017605 0.014813 0.014103 0.013935 0.013898 0.013891 0.013889 0.013889 0.013889 0.013889 0.013889 0.013889 0.013889 0.013889 0.013889 0.013889 0.013889 0.013889 0.013889 0.013889 0.013889 0.013889 0.013889 0.013889 0.013889 0.013889 0.013889 0.013888 0.013887 0.013882 0.013866 0.013815 0.013675 0.013321 0.012531 0.010984 0.008361 0.004575 0.000000 
50.000000 34.935644 22.013648 12.468339 6.354697 2.930751 1.238861 0.494694 0.200908 0.096012 0.061904 0.051741 0.048951 0.048242 0.048074 0.048037 0.048029 0.048028 0.048027 0.048027 0.048027 0.048027 0.048027 0.048027 0.048027 0.048027 0.048027 0.048027 0.048027 0.048027 0.048027 0.048027 0.048027 0.048027 0.048027 0.048027 0.048027 0.048027 0.048026 0.048022 0.048006 0.047952 0.047786 0.047319 0.046136 0.043471 0.038195 0.029159 0.015997 0.000000 
50.000000 34.967478 22.072741 12.547498 6.446647 3.029821 1.341425 0.598782 0.305593 0.200908 0.166868 0.156726 0.153941 0.153233 0.153065 0.153028 0.153021 0.153019 0.153019 0.153019 0.153019 0.153019 0.153019 0.153019 0.153019 0.153019 0.153019 0.153019 0.153019 0.153019 0.153019 0.153019 0.153019 0.153019 0.153019 0.153019 0.153019 0.153018 0.153015 0.153002 0.152956 0.152797 0.152299 0.150888 0.147279 0.139056 0.122568 0.093940 0.051726 0.000000 
50.000000 35.056538 22.238086 12.769043 6.704050 3.307210 1.628636 0.890287 0.598782 0.494694 0.460846 0.450761 0.447992 0.447287 0.447121 0.447084 0.447077 0.447075 0.447075 0.447075 0.447075 0.447075 0.447075 0.447075 0.447075 0.447075 0.447075 0.447075 0.447075 0.447075 0.447075 0.447075 0.447075 0.447075 0.447075 0.447075 0.447074 0.447072 0.447064 0.447031 0.446907 0.446482 0.445143 0.441302 0.431358 0.408361 0.361468 0.278561 0.154192 0.000000 
50.000000 35.281892 22.656542 13.329851 7.355770 4.009664 2.356055 1.628636 1.341425 1.238861 1.205507 1.195568 1.192838 1.192144 1.191980 1.191944 1.191936 1.191935 1.191935 1.191935 1.191935 1.191935 1.191935 1.191935 1.191935 1.191935 1.191935 1.191935 1.191935 1.191935 1.191935 1.191935 1.191935 1.191935 1.191935 1.191934 1.191933 1.191929 1.191910 1.191833 1.191542 1.190537 1.187334 1.178028 1.153554 1.095879 0.975642 0.757755 0.422774 0.000000 
50.000000 35.793746 23.607136 14.604079 8.836867 5.606331 4.009664 3.307210 3.029821 2.930751 2.898529 2.888925 2.886288 2.885617 2.885458 2.885423 2.885416 2.885414 2.885414 2.885414 2.885414 2.885414 2.885414 2.885414 2.885414 2.885414 2.885414 2.885414 2.885414 2.885414 2.885414 2.885414 2.885414 2.885414 2.885414 2.885414 2.885412 2.885403 2.885365 2.885208 2.884616 2.882541 2.875852 2.856110 2.803166 2.675335 2.400888 1.886182 1.065649 0.000000 
50.000000 36.828704 25.529472 17.181351 11.833111 8.836867 7.355770 6.704050 6.446647 6.354697 6.324785 6.315867 6.313418 6.312795 6.312647 6.312615 6.312608 6.312607 6.312607 6.312607 6.312607 6.312607 6.312607 6.312607 6.312607 6.312607 6.312607 6.312607 6.312607 6.312607 6.312607 6.312607 6.312607 6.312606 6.312606 6.312606 6.312603 6.312588 6.312522 6.312253 6.311227 6.307590 6.295689 6.259891 6.161532 5.916556 5.369436 4.292179 2.476742 0.000000 
50.000000 38.675288 28.959724 21.781002 17.181351 14.604079 13.329851 12.769043 12.547498 12.468339 12.442581 12.434900 12.432790 12.432253 12.432126 12.432098 12.432092 12.432091 12.432091 12.432090 12.432090 12.432090 12.432090 12.432090 12.432090 12.432090 12.432090 12.432090 12.432090 12.432090 12.432090 12.432090 12.432090 12.432090 12.432090 12.432089 12.432085 12.432064 12.431973 12.431597 12.430144 12.424930 12.407576 12.354209 12.203191 11.811915 10.890501 8.944271 5.360767 0.000000 
50.000000 41.556642 34.312680 28.959724 25.529472 23.607136 22.656542 22.238086 22.072741 22.013648 21.994415 21.988679 21.987102 21.986701 21.986606 21.986585 21.986580 21.986579 21.986579 21.986579 21.986579 21.986579 21.986579 21.986579 21.986579 21.986579 21.986579 21.986579 21.986579 21.986579 21.986579 21.986579 21.986579 21.986579 21.986579 21.986578 21.986574 21.986552 21.986455 21.986054 21.984490 21.978800 21.959525 21.898787 21.720954 21.237293 20.015453 17.156340 11.056823 0.000000 
50.000000 45.455618 41.556642 38.675288 36.828704 35.793746 35.281892 35.056538 34.967478 34.935644 34.925281 34.922190 34.921340 34.921124 34.921072 34.921061 34.921059 34.921058 34.921058 34.921058 34.921058 34.921058 34.921058 34.921058 34.921058 34.921058 34.921058 34.921058 34.921058 34.921058 34.921058 34.921058 34.921058 34.921058 34.921058 34.921057 34.921054 34.921040 34.920976 34.920706 34.919647 34.915753 34.902346 34.859118 34.728098 34.351962 33.314522 30.499818 22.727809 0.000000 
50.000000 50.000000 50.000000 50.000000 50.000000 50.000000 50.000000 50.000000 50.000000 50.000000 50.000000 50.000000 50.000000 50.000000 50.000000 50.000000 50.000000 50.000000 50.000000 50.000000 50.000000 50.000000 50.000000 50.000000 50.000000 50.000000 50.000000 50.000000 50.000000 50.000000 50.000000 50.000000 50.000000 50.000000 50.000000 50.000000 50.000000 50.000000 50.000000 50.000000 50.000000 50.000000 50.000000 50.000000 50.000000 50.000000 50.000000 50.000000 50.000000 50.000000 
